DATE,COUNTY,TOTAL_CASES,NEW_CASES,TOTAL_CONFIRMED,NEW_CONFIRMED,TOTAL_PROBABLE,NEW_PROBABLE,POS_TESTS,NEW_POS_TESTS,NEG_TESTS,NEW_NEG_TESTS,TOTAL_TESTS,NEW_TESTS,NEW_DEATHS,TOTAL_DEATHS,NEW_ACTIVE,TOTAL_ACTIVE,NEW_INACTIVE_RECOVERED,TOTAL_INACTIVE_RECOVERED,NEW_HOSPITALIZED,TOTAL_HOSPITALIZED,TOTAL_DEATHS_BY_DOD
05-16-21,Anderson,8810,2,6531,1,2279,1,7308,1,64999,36,72307,37,0,171,-5,61,7,8578,0,221,171
05-16-21,Bedford,6528,0,5110,0,1418,0,5891,0,33006,14,38897,14,0,129,-1,31,1,6368,0,138,129
05-16-21,Benton,1676,0,1308,0,368,0,1450,1,9379,6,10829,7,0,40,-2,18,2,1618,0,39,40
05-16-21,Bledsoe,2163,0,1942,0,221,0,2060,0,16633,9,18693,9,0,11,-1,28,1,2124,0,32,11
05-16-21,Blount,15582,4,13214,4,2368,0,14581,4,79259,52,93840,56,0,196,-3,118,7,15268,0,360,196
05-16-21,Bradley,15123,7,12294,5,2829,2,13974,7,70548,134,84522,141,0,151,-5,115,12,14857,0,670,151
05-16-21,Campbell,4178,0,2279,0,1899,0,2557,0,25501,13,28058,13,0,63,-1,24,1,4091,0,129,63
05-16-21,Cannon,1928,1,1532,1,396,0,1706,1,9733,8,11439,9,0,31,0,11,1,1886,0,39,31
05-16-21,Carroll,3636,1,2358,1,1278,0,2801,1,20168,18,22969,19,0,83,1,27,0,3526,0,83,83
05-16-21,Carter,6671,0,5778,0,893,0,6361,0,40020,18,46381,18,0,158,-8,56,8,6457,0,234,158
05-16-21,Cheatham,4584,1,3480,1,1104,0,3931,2,28758,11,32689,13,0,56,-1,38,2,4490,0,90,56
05-16-21,Chester,2155,0,1536,0,619,0,1829,0,12394,7,14223,7,0,51,-1,20,1,2084,0,45,51
05-16-21,Claiborne,3189,1,2036,1,1153,0,2184,1,25068,8,27252,9,0,73,-1,14,2,3102,0,95,73
05-16-21,Clay,1103,0,756,0,347,0,873,0,5769,1,6642,1,0,30,0,2,0,1071,0,25,30
05-16-21,Cocke,4526,0,2968,0,1558,0,3276,1,23213,9,26489,10,0,99,-1,41,1,4386,0,120,99
05-16-21,Coffee,6925,1,4770,1,2155,0,5823,2,47221,23,53044,25,0,123,0,35,1,6767,0,125,123
05-16-21,Crockett,2036,0,1224,0,812,0,1429,0,7555,2,8984,2,0,49,0,5,0,1982,0,31,49
05-16-21,Cumberland,6775,0,5555,0,1220,0,6383,4,50086,18,56469,22,0,133,-6,52,6,6590,0,167,133
05-16-21,Davidson,89777,16,83827,11,5950,5,101827,18,1045580,605,1147407,623,0,942,-19,598,35,88237,0,1990,941
05-16-21,Decatur,1592,0,1173,0,419,0,1395,0,11147,2,12542,2,0,39,0,7,0,1546,0,40,39
05-16-21,Dekalb,2807,0,2067,0,740,0,2384,0,17587,12,19971,12,0,54,0,14,0,2739,0,57,54
05-16-21,Dickson,6856,0,4966,0,1890,0,5860,0,37370,14,43230,14,0,113,-2,28,2,6715,0,122,113
05-16-21,Dyer,5445,1,3572,0,1873,1,4035,1,22432,5,26467,6,0,106,-1,27,2,5312,0,113,106
05-16-21,Fayette,5126,1,4339,1,787,0,5376,1,39717,27,45093,28,0,78,-4,66,5,4982,0,135,78
05-16-21,Fentress,2434,0,2091,0,343,0,2386,1,13781,7,16167,8,0,47,-1,22,1,2365,0,64,47
05-16-21,Franklin,5165,0,4286,0,879,0,5014,0,39724,12,44738,12,0,90,-1,27,1,5048,0,110,90
05-16-21,Gibson,6559,0,3922,0,2637,0,4747,0,30666,18,35413,18,0,146,-2,47,2,6366,0,116,146
05-16-21,Giles,4014,1,3287,1,727,0,3780,1,23690,13,27470,14,0,100,-2,23,3,3891,0,111,100
05-16-21,Grainger,2639,1,1941,0,698,1,2174,0,14461,6,16635,6,0,50,1,16,0,2573,0,74,50
05-16-21,Greene,7936,1,6321,1,1615,0,7081,3,53442,40,60523,43,0,156,-10,78,11,7702,0,199,156
05-16-21,Grundy,1794,0,1499,0,295,0,1716,0,9569,3,11285,3,0,34,0,3,0,1757,0,61,34
05-16-21,Hamblen,8633,1,5978,0,2655,1,6713,1,47294,17,54007,18,0,173,-4,34,5,8426,0,266,173
05-16-21,Hamilton,44647,21,38181,19,6466,2,42835,21,332778,346,375613,367,0,496,-9,441,30,43710,0,1179,496
05-16-21,Hancock,595,0,407,0,188,0,435,0,4068,2,4503,2,0,12,0,6,0,577,0,23,12
05-16-21,Hardeman,3543,1,2837,0,706,1,3317,0,26159,119,29476,119,0,64,0,31,1,3448,0,105,64
05-16-21,Hardin,3585,0,2411,0,1174,0,2867,0,24116,13,26983,13,0,68,0,17,0,3500,0,70,68
05-16-21,Hawkins,6188,1,4978,1,1210,0,5368,1,36841,20,42209,21,0,107,-5,149,6,5932,0,161,107
05-16-21,Haywood,2715,1,2274,1,441,0,2594,1,14039,2,16633,3,0,62,-2,8,3,2645,0,84,62
05-16-21,Henderson,3811,0,2628,0,1183,0,3280,0,16392,7,19672,7,0,76,-2,26,2,3709,0,79,76
05-16-21,Henry,3209,0,2455,0,754,0,2839,0,18326,10,21165,10,0,76,0,37,0,3096,0,78,76
05-16-21,Hickman,2851,1,2295,1,556,0,2645,1,17177,9,19822,10,0,46,1,17,0,2788,0,58,46
05-16-21,Houston,1099,1,826,1,273,0,946,1,10818,3,11764,4,0,33,1,7,0,1059,0,40,33
05-16-21,Humphreys,1824,2,1151,2,673,0,1343,2,12169,9,13512,11,0,28,0,35,2,1761,0,37,28
05-16-21,Jackson,1325,0,1033,0,292,0,1204,0,5710,1,6914,1,0,36,0,10,0,1279,0,41,36
05-16-21,Jefferson,6249,2,4252,1,1997,1,4806,1,40159,19,44965,20,0,125,-4,55,6,6069,0,198,125
05-16-21,Johnson,2422,0,2090,0,332,0,2231,0,16539,6,18770,6,0,39,0,23,0,2360,0,60,39
05-16-21,Knox,51190,22,42656,13,8534,9,46674,12,338679,273,385353,285,1,637,-10,342,31,50211,0,1392,637
05-16-21,Lake,1705,0,1515,0,190,0,1784,0,10313,3,12097,3,0,26,0,5,0,1674,0,27,26
05-16-21,Lauderdale,3210,1,2495,1,715,0,2864,1,21746,19,24610,20,0,44,-2,28,3,3138,0,84,43
05-16-21,Lawrence,5991,1,4657,1,1334,0,5125,1,30400,12,35525,13,0,91,-5,84,6,5816,0,153,91
05-16-21,Lewis,1586,0,1180,0,406,0,1277,0,10182,2,11459,2,0,26,-1,6,1,1554,0,43,26
05-16-21,Lincoln,4371,0,3364,0,1007,0,3821,0,18219,7,22040,7,0,63,-1,23,1,4285,0,88,62
05-16-21,Loudon,6171,1,4677,0,1494,1,5121,0,32334,16,37455,16,0,69,-4,47,5,6055,0,140,69
05-16-21,Macon,3631,0,2805,0,826,0,3298,0,17480,2,20778,2,0,78,-1,16,1,3537,0,129,78
05-16-21,Madison,11292,1,6311,1,4981,0,7620,1,57460,76,65080,77,0,241,-2,59,3,10992,0,338,241
05-16-21,Marion,3131,0,2675,0,456,0,2989,0,20329,14,23318,14,0,47,0,11,0,3073,0,115,47
05-16-21,Marshall,4207,0,3282,0,925,0,3714,0,23777,15,27491,15,0,58,-5,28,5,4121,0,92,58
05-16-21,Maury,13566,7,11836,6,1730,1,13058,6,77334,55,90392,61,0,172,-1,104,8,13290,0,297,171
05-16-21,McMinn,6559,4,5794,4,765,0,6381,5,44026,32,50407,37,0,98,-1,60,5,6401,0,163,98
05-16-21,McNairy,2844,2,1992,0,852,2,2418,0,18970,11,21388,11,0,54,-1,25,3,2765,0,66,54
05-16-21,Meigs,1393,0,1245,0,148,0,1384,0,8360,4,9744,4,0,25,-1,4,1,1364,0,46,25
05-16-21,Monroe,5887,0,4627,0,1260,0,5187,0,28360,18,33547,18,0,96,-3,55,3,5736,0,162,96
05-16-21,Montgomery,20475,10,14987,8,5488,2,16463,11,124090,105,140553,116,0,228,-2,280,12,19967,0,308,228
05-16-21,Moore,1018,0,782,0,236,0,882,0,4978,0,5860,0,0,17,0,8,0,993,0,18,17
05-16-21,Morgan,2519,1,1836,0,683,1,1994,0,15813,8,17807,8,0,39,0,25,1,2455,0,46,39
05-16-21,Obion,4555,0,3361,0,1194,0,3810,0,23439,20,27249,20,0,96,-1,22,1,4437,0,102,96
05-16-21,Out of State,18268,12,14467,9,3801,3,16246,6,657525,249,673771,255,0,99,6,208,6,17961,0,220,99
05-16-21,Overton,3025,0,2262,0,763,0,2662,0,15503,7,18165,7,0,61,-2,15,2,2949,0,64,61
05-16-21,Pending,16910,14,10876,7,6034,7,12091,7,434856,370,446947,377,0,134,7,129,7,16647,0,139,133
05-16-21,Perry,1073,0,921,0,152,0,1037,0,6243,5,7280,5,0,28,-1,8,1,1037,0,28,28
05-16-21,Pickett,758,0,500,0,258,0,603,0,4043,1,4646,1,0,24,0,1,0,733,0,28,24
05-16-21,Polk,2097,2,1879,2,218,0,2083,2,9973,19,12056,21,0,25,0,29,2,2043,0,91,25
05-16-21,Putnam,11444,1,9287,1,2157,0,11121,2,74881,21,86002,23,0,175,-12,82,13,11187,0,211,175
05-16-21,Rhea,4363,0,3768,0,595,0,4218,0,27865,24,32083,24,0,75,0,21,0,4267,0,86,75
05-16-21,Roane,6327,3,4846,0,1481,3,5397,0,44800,31,50197,31,0,105,-4,44,7,6178,0,153,105
05-16-21,Robertson,9810,2,7659,2,2151,0,8627,2,45980,26,54607,28,0,132,-5,64,7,9614,0,439,132
05-16-21,Rutherford,43278,15,36833,10,6445,5,42790,12,252937,158,295727,170,0,437,-1,336,16,42505,0,597,437
05-16-21,Scott,3160,0,1715,0,1445,0,1834,0,11983,5,13817,5,0,45,-2,42,2,3073,0,68,45
05-16-21,Sequatchie,1717,0,1332,0,385,0,1456,0,12139,6,13595,6,0,29,0,21,0,1667,0,41,29
05-16-21,Sevier,13464,3,11430,2,2034,1,12581,3,69900,85,82481,88,0,176,-6,113,9,13175,0,286,176
05-16-21,Shelby,96728,63,89332,46,7396,17,109908,64,1054590,992,1164498,1056,1,1638,-34,1379,96,93711,0,3753,1637
05-16-21,Smith,2789,2,2081,2,708,0,2598,2,14194,7,16792,9,0,39,2,16,0,2734,0,59,39
05-16-21,Stewart,1334,1,1009,0,325,1,1143,0,7212,5,8355,5,0,28,1,12,0,1294,0,26,28
05-16-21,Sullivan,16994,14,14755,14,2239,0,16005,14,95212,79,111217,93,2,300,-12,279,24,16415,0,782,299
05-16-21,Sumner,24170,7,21255,5,2915,2,24075,7,129263,85,153338,92,0,349,-7,252,14,23569,0,721,348
05-16-21,Tipton,7403,2,5116,2,2287,0,6171,3,50716,53,56887,56,0,104,-5,76,7,7223,0,162,103
05-16-21,Trousdale,2506,0,2344,0,162,0,2512,0,9586,2,12098,2,0,22,0,6,0,2478,0,41,22
05-16-21,Unicoi,2044,0,1541,0,503,0,1693,0,14170,15,15863,15,0,49,-1,18,1,1977,0,71,49
05-16-21,Union,1928,0,1612,0,316,0,1737,0,10984,13,12721,13,0,34,0,21,0,1873,0,60,34
05-16-21,Van Buren,855,0,703,0,152,0,779,0,5437,3,6216,3,0,23,0,7,0,825,0,24,23
05-16-21,Warren,5564,4,4730,2,834,2,5359,2,34519,11,39878,13,0,81,4,27,0,5456,0,85,81
05-16-21,Washington,14713,6,12578,5,2135,1,13845,5,88850,67,102695,72,0,245,-14,166,20,14302,0,374,245
05-16-21,Wayne,2969,0,2378,0,591,0,2616,0,11560,7,14176,7,0,34,-3,9,3,2926,0,61,34
05-16-21,Weakley,4169,0,3043,0,1126,0,3485,1,22383,16,25868,17,0,65,-6,44,6,4060,0,77,65
05-16-21,White,3689,0,2995,0,694,0,3644,0,23678,17,27322,17,0,70,-3,61,3,3558,0,118,70
05-16-21,Williamson,28148,7,23606,4,4542,3,26193,7,194672,154,220865,161,0,217,-6,215,13,27716,0,294,217
05-16-21,Wilson,18929,6,16975,3,1954,3,19252,3,113903,86,133155,89,0,236,-4,186,10,18507,0,339,236
05-15-21,Anderson,8808,5,6530,2,2278,3,7307,3,64963,65,72270,68,0,171,1,66,4,8571,0,221,171
05-15-21,Bedford,6528,0,5110,0,1418,0,5891,0,32992,48,38883,48,0,129,-3,32,3,6367,0,138,129
05-15-21,Benton,1676,0,1308,0,368,0,1449,0,9373,4,10822,4,0,40,0,20,0,1616,0,39,40
05-15-21,Bledsoe,2163,1,1942,1,221,0,2060,1,16624,32,18684,33,0,11,0,29,1,2123,0,32,11
05-15-21,Blount,15578,7,13210,6,2368,1,14577,7,79207,76,93784,83,0,196,-10,121,17,15261,0,360,196
05-15-21,Bradley,15116,3,12289,3,2827,0,13967,6,70414,102,84381,108,0,151,-7,120,10,14845,0,670,151
05-15-21,Campbell,4178,2,2279,1,1899,1,2557,1,25488,21,28045,22,0,63,0,25,2,4090,0,129,63
05-15-21,Cannon,1927,0,1531,0,396,0,1705,0,9725,19,11430,19,0,31,0,11,0,1885,0,39,31
05-15-21,Carroll,3635,0,2357,0,1278,0,2800,0,20150,19,22950,19,0,83,-3,26,3,3526,0,83,83
05-15-21,Carter,6671,3,5778,3,893,0,6361,3,40002,67,46363,70,0,158,-6,64,9,6449,0,234,158
05-15-21,Cheatham,4583,2,3479,1,1104,1,3929,0,28747,33,32676,33,0,56,-3,39,5,4488,0,90,56
05-15-21,Chester,2155,0,1536,0,619,0,1829,0,12387,11,14216,11,0,51,-2,21,2,2083,0,45,51
05-15-21,Claiborne,3188,0,2035,0,1153,0,2183,0,25060,13,27243,13,0,73,-4,15,4,3100,0,95,73
05-15-21,Clay,1103,0,756,0,347,0,873,0,5768,1,6641,1,0,30,0,2,0,1071,0,25,30
05-15-21,Cocke,4526,1,2968,1,1558,0,3275,4,23204,21,26479,25,0,99,-2,42,3,4385,0,120,99
05-15-21,Coffee,6924,1,4769,0,2155,1,5821,1,47198,43,53019,44,0,123,0,35,1,6766,0,125,123
05-15-21,Crockett,2036,0,1224,0,812,0,1429,0,7553,3,8982,3,0,49,-1,5,1,1982,0,31,49
05-15-21,Cumberland,6775,2,5555,2,1220,0,6379,2,50068,22,56447,24,0,133,-2,58,4,6584,0,167,133
05-15-21,Davidson,89761,59,83816,51,5945,8,101809,61,1044975,1039,1146784,1100,0,942,12,617,47,88202,0,1990,941
05-15-21,Decatur,1592,1,1173,0,419,1,1395,0,11145,3,12540,3,0,39,0,7,1,1546,0,40,39
05-15-21,Dekalb,2807,0,2067,0,740,0,2384,0,17575,10,19959,10,0,54,-1,14,1,2739,0,57,54
05-15-21,Dickson,6856,2,4966,1,1890,1,5860,1,37356,32,43216,33,0,113,0,30,2,6713,0,122,113
05-15-21,Dyer,5444,0,3572,0,1872,0,4034,0,22427,24,26461,24,0,106,-1,28,1,5310,0,113,106
05-15-21,Fayette,5125,3,4338,2,787,1,5375,2,39690,60,45065,62,0,78,-7,70,10,4977,0,135,78
05-15-21,Fentress,2434,1,2091,1,343,0,2385,1,13774,31,16159,32,0,47,0,23,1,2364,0,64,47
05-15-21,Franklin,5165,0,4286,0,879,0,5014,0,39712,10,44726,10,0,90,-3,28,3,5047,0,110,90
05-15-21,Gibson,6559,2,3922,0,2637,2,4747,0,30648,27,35395,27,0,146,-2,49,4,6364,0,116,146
05-15-21,Giles,4013,2,3286,0,727,2,3779,0,23677,20,27456,20,0,100,0,25,2,3888,0,111,100
05-15-21,Grainger,2638,2,1941,1,697,1,2174,1,14455,10,16629,11,0,50,-1,15,3,2573,0,74,50
05-15-21,Greene,7935,0,6320,0,1615,0,7078,0,53402,91,60480,91,0,156,-6,88,6,7691,0,199,156
05-15-21,Grundy,1794,0,1499,0,295,0,1716,0,9566,4,11282,4,0,34,0,3,0,1757,0,61,34
05-15-21,Hamblen,8632,1,5978,0,2654,1,6712,0,47277,32,53989,32,0,173,-5,38,6,8421,0,266,173
05-15-21,Hamilton,44626,14,38162,12,6464,2,42814,22,332432,451,375246,473,0,496,-18,450,32,43680,0,1179,496
05-15-21,Hancock,595,0,407,0,188,0,435,0,4066,4,4501,4,0,12,-1,6,1,577,0,23,12
05-15-21,Hardeman,3542,1,2837,1,705,0,3317,2,26040,19,29357,21,0,64,0,31,1,3447,0,105,64
05-15-21,Hardin,3585,0,2411,0,1174,0,2867,0,24103,14,26970,14,0,68,-2,17,2,3500,0,70,68
05-15-21,Hawkins,6187,5,4977,3,1210,2,5367,6,36821,39,42188,45,0,107,-11,154,16,5926,0,161,107
05-15-21,Haywood,2714,0,2273,0,441,0,2593,0,14037,13,16630,13,0,62,0,10,0,2642,0,84,62
05-15-21,Henderson,3811,0,2628,0,1183,0,3280,0,16385,16,19665,16,0,76,0,28,0,3707,0,79,76
05-15-21,Henry,3209,0,2455,0,754,0,2839,0,18316,16,21155,16,0,76,-3,37,3,3096,0,78,76
05-15-21,Hickman,2850,0,2294,0,556,0,2644,0,17168,9,19812,9,0,46,0,16,0,2788,0,58,46
05-15-21,Houston,1098,0,825,0,273,0,945,0,10815,1,11760,1,0,33,0,6,0,1059,0,40,33
05-15-21,Humphreys,1822,1,1149,0,673,1,1341,1,12160,9,13501,10,0,28,-1,35,2,1759,0,37,28
05-15-21,Jackson,1325,0,1033,0,292,0,1204,0,5709,2,6913,2,0,36,0,10,0,1279,0,41,36
05-15-21,Jefferson,6247,1,4251,1,1996,0,4805,1,40140,24,44945,25,0,125,-7,59,8,6063,0,198,125
05-15-21,Johnson,2422,0,2090,0,332,0,2231,0,16533,9,18764,9,0,39,-5,23,5,2360,0,60,39
05-15-21,Knox,51168,24,42643,13,8525,11,46662,17,338406,340,385068,357,0,636,-8,352,32,50180,1,1392,637
05-15-21,Lake,1705,0,1515,0,190,0,1784,0,10310,4,12094,4,0,26,0,5,0,1674,0,27,26
05-15-21,Lauderdale,3209,2,2494,2,715,0,2863,2,21727,36,24590,38,0,44,0,30,2,3135,0,84,43
05-15-21,Lawrence,5990,2,4656,2,1334,0,5124,3,30388,12,35512,15,0,91,-3,89,5,5810,0,153,91
05-15-21,Lewis,1586,1,1180,0,406,1,1277,0,10180,1,11457,1,0,26,1,7,0,1553,0,43,26
05-15-21,Lincoln,4371,0,3364,0,1007,0,3821,0,18212,20,22033,20,0,63,-1,24,1,4284,0,88,62
05-15-21,Loudon,6170,2,4677,1,1493,1,5121,1,32318,27,37439,28,0,69,-6,51,8,6050,1,140,69
05-15-21,Macon,3631,0,2805,0,826,0,3298,0,17478,8,20776,8,0,78,-1,17,1,3536,0,129,78
05-15-21,Madison,11291,20,6310,7,4981,13,7619,9,57384,50,65003,59,0,241,18,61,2,10989,0,338,241
05-15-21,Marion,3131,1,2675,1,456,0,2989,1,20315,21,23304,22,0,47,0,11,1,3073,0,115,47
05-15-21,Marshall,4207,1,3282,1,925,0,3714,2,23762,12,27476,14,0,58,-1,33,2,4116,0,92,58
05-15-21,Maury,13559,11,11830,8,1729,3,13052,10,77279,71,90331,81,0,172,-3,105,14,13282,0,297,171
05-15-21,McMinn,6555,1,5790,1,765,0,6376,1,43994,31,50370,32,0,98,-3,61,4,6396,0,163,98
05-15-21,McNairy,2842,1,1992,0,850,1,2418,0,18959,18,21377,18,0,54,-1,26,2,2762,0,66,54
05-15-21,Meigs,1393,0,1245,0,148,0,1384,1,8356,5,9740,6,0,25,-1,5,1,1363,0,46,25
05-15-21,Monroe,5887,5,4627,3,1260,2,5187,4,28342,24,33529,28,0,96,-2,58,7,5733,0,162,96
05-15-21,Montgomery,20465,15,14979,6,5486,9,16452,10,123985,159,140437,169,0,228,3,282,12,19955,0,308,228
05-15-21,Moore,1018,0,782,0,236,0,882,0,4978,6,5860,6,0,17,-1,8,1,993,0,18,17
05-15-21,Morgan,2518,1,1836,0,682,1,1994,0,15805,20,17799,20,0,39,-3,25,4,2454,0,46,39
05-15-21,Obion,4555,0,3361,0,1194,0,3810,0,23419,27,27229,27,0,96,0,23,0,4436,0,102,96
05-15-21,Out of State,18256,14,14458,9,3798,5,16240,8,657276,522,673516,530,0,99,2,202,12,17955,0,220,99
05-15-21,Overton,3025,0,2262,0,763,0,2662,0,15496,7,18158,7,0,61,-3,17,3,2947,0,64,61
05-15-21,Pending,16896,6,10869,4,6027,2,12084,6,434486,580,446570,586,0,134,2,122,4,16640,0,139,133
05-15-21,Perry,1073,0,921,0,152,0,1037,0,6238,2,7275,2,0,28,-1,9,1,1036,0,28,28
05-15-21,Pickett,758,0,500,0,258,0,603,0,4042,11,4645,11,0,24,0,1,0,733,0,28,24
05-15-21,Polk,2095,3,1877,3,218,0,2081,4,9954,11,12035,15,0,25,1,29,2,2041,0,91,25
05-15-21,Putnam,11443,3,9286,2,2157,1,11119,4,74860,49,85979,53,0,175,-2,94,5,11174,0,211,175
05-15-21,Rhea,4363,3,3768,2,595,1,4218,2,27841,36,32059,38,0,75,1,21,2,4267,0,86,75
05-15-21,Roane,6324,2,4846,2,1478,0,5397,2,44769,61,50166,63,0,105,0,48,2,6171,0,153,105
05-15-21,Robertson,9808,3,7657,2,2151,1,8625,2,45954,53,54579,55,0,132,0,69,3,9607,0,439,132
05-15-21,Rutherford,43263,18,36823,12,6440,6,42778,17,252779,538,295557,555,0,437,-4,337,22,42489,0,597,437
05-15-21,Scott,3160,1,1715,1,1445,0,1834,1,11978,16,13812,17,0,45,-3,44,4,3071,0,68,45
05-15-21,Sequatchie,1717,0,1332,0,385,0,1456,0,12133,11,13589,11,0,29,0,21,0,1667,0,41,29
05-15-21,Sevier,13461,4,11428,4,2033,0,12578,4,69815,60,82393,64,0,176,-11,119,15,13166,0,286,176
05-15-21,Shelby,96665,93,89286,83,7379,10,109844,109,1053598,1841,1163442,1950,1,1637,-14,1413,106,93615,0,3753,1637
05-15-21,Smith,2787,0,2079,0,708,0,2596,0,14187,8,16783,8,0,39,0,14,0,2734,0,59,39
05-15-21,Stewart,1333,0,1009,0,324,0,1143,0,7207,1,8350,1,0,28,-4,11,4,1294,0,26,28
05-15-21,Sullivan,16980,12,14741,12,2239,0,15991,14,95133,143,111124,157,0,298,-5,291,17,16391,0,782,299
05-15-21,Sumner,24163,15,21250,5,2913,10,24068,5,129178,124,153246,129,0,349,-1,259,16,23555,0,721,348
05-15-21,Tipton,7401,6,5114,2,2287,4,6168,3,50663,87,56831,90,0,104,1,81,5,7216,0,162,103
05-15-21,Trousdale,2506,0,2344,0,162,0,2512,0,9584,6,12096,6,0,22,0,6,0,2478,0,41,22
05-15-21,Unicoi,2044,0,1541,0,503,0,1693,0,14155,9,15848,9,0,49,-2,19,2,1976,0,71,49
05-15-21,Union,1928,1,1612,1,316,0,1737,1,10971,6,12708,7,0,34,0,21,1,1873,0,60,34
05-15-21,Van Buren,855,0,703,0,152,0,779,0,5434,3,6213,3,0,23,0,7,0,825,0,24,23
05-15-21,Warren,5560,4,4728,2,832,2,5357,2,34508,31,39865,33,0,81,3,23,1,5456,0,85,81
05-15-21,Washington,14707,5,12573,4,2134,1,13840,7,88783,118,102623,125,0,245,-10,180,15,14282,0,374,245
05-15-21,Wayne,2969,1,2378,0,591,1,2616,0,11553,8,14169,8,0,34,1,12,0,2923,0,61,34
05-15-21,Weakley,4169,1,3043,1,1126,0,3484,2,22367,24,25851,26,0,65,-7,50,8,4054,0,77,65
05-15-21,White,3689,3,2995,2,694,1,3644,2,23661,14,27305,16,0,70,-3,64,6,3555,0,118,70
05-15-21,Williamson,28141,10,23602,2,4539,8,26186,4,194518,181,220704,185,0,217,-2,221,12,27703,0,294,217
05-15-21,Wilson,18923,4,16972,4,1951,0,19249,5,113817,157,133066,162,0,236,-7,190,11,18497,0,339,236
05-14-21,Anderson,8803,9,6528,4,2275,5,7304,5,64898,87,72202,92,0,171,4,65,5,8567,0,221,171
05-14-21,Bedford,6528,4,5110,3,1418,1,5891,4,32944,40,38835,44,1,129,3,35,0,6364,0,138,129
05-14-21,Benton,1676,3,1308,3,368,0,1449,3,9369,5,10818,8,0,40,0,20,3,1616,0,39,40
05-14-21,Bledsoe,2162,4,1941,3,221,1,2059,3,16592,25,18651,28,0,11,0,29,4,2122,0,32,11
05-14-21,Blount,15571,16,13204,11,2367,5,14570,12,79131,109,93701,121,0,196,-3,131,19,15244,0,360,196
05-14-21,Bradley,15113,15,12286,9,2827,6,13961,10,70312,145,84273,155,0,151,-12,127,27,14835,0,670,151
05-14-21,Campbell,4176,2,2278,1,1898,1,2556,1,25467,20,28023,21,0,63,-4,25,6,4088,0,129,63
05-14-21,Cannon,1927,0,1531,0,396,0,1705,0,9706,11,11411,11,0,31,-4,11,4,1885,0,39,31
05-14-21,Carroll,3635,3,2357,3,1278,0,2800,3,20131,30,22931,33,0,83,1,29,2,3523,0,83,83
05-14-21,Carter,6668,5,5775,5,893,0,6358,7,39935,57,46293,64,0,158,-3,70,8,6440,0,234,158
05-14-21,Cheatham,4581,3,3478,1,1103,2,3929,2,28714,48,32643,50,0,56,0,42,3,4483,0,90,56
05-14-21,Chester,2155,2,1536,1,619,1,1829,1,12376,13,14205,14,0,51,0,23,2,2081,0,45,51
05-14-21,Claiborne,3188,0,2035,0,1153,0,2183,0,25047,33,27230,33,0,73,-3,19,3,3096,0,95,73
05-14-21,Clay,1103,0,756,0,347,0,873,0,5767,3,6640,3,0,30,0,2,0,1071,0,25,30
05-14-21,Cocke,4525,4,2967,3,1558,1,3271,2,23183,38,26454,40,0,99,3,44,1,4382,0,120,99
05-14-21,Coffee,6923,3,4769,1,2154,2,5820,1,47155,43,52975,44,0,123,-1,35,4,6765,0,125,123
05-14-21,Crockett,2036,1,1224,1,812,0,1429,2,7550,8,8979,10,0,49,1,6,0,1981,0,31,49
05-14-21,Cumberland,6773,6,5553,2,1220,4,6377,3,50046,56,56423,59,0,133,-6,60,12,6580,0,167,133
05-14-21,Davidson,89702,59,83765,48,5937,11,101748,62,1043936,1485,1145684,1547,0,942,-12,605,71,88155,0,1990,941
05-14-21,Decatur,1591,0,1173,0,418,0,1395,0,11142,9,12537,9,0,39,-1,7,1,1545,0,40,39
05-14-21,Dekalb,2807,0,2067,0,740,0,2384,0,17565,24,19949,24,0,54,-3,15,3,2738,0,57,54
05-14-21,Dickson,6854,3,4965,0,1889,3,5859,0,37324,76,43183,76,0,113,0,30,3,6711,0,122,113
05-14-21,Dyer,5444,4,3572,4,1872,0,4034,4,22403,17,26437,21,0,106,0,29,4,5309,0,113,106
05-14-21,Fayette,5122,4,4336,4,786,0,5373,7,39630,63,45003,70,0,78,-3,77,7,4967,0,135,78
05-14-21,Fentress,2433,3,2090,3,343,0,2384,3,13743,46,16127,49,0,47,3,23,0,2363,0,64,47
05-14-21,Franklin,5165,2,4286,2,879,0,5014,3,39702,30,44716,33,0,90,1,31,1,5044,0,110,90
05-14-21,Gibson,6557,14,3922,7,2635,7,4747,7,30621,35,35368,42,0,146,10,51,4,6360,0,116,146
05-14-21,Giles,4011,2,3286,0,725,2,3779,0,23657,35,27436,35,0,100,0,25,2,3886,0,111,100
05-14-21,Grainger,2636,2,1940,2,696,0,2173,2,14445,15,16618,17,0,50,-1,16,3,2570,1,74,50
05-14-21,Greene,7935,11,6320,8,1615,3,7078,10,53311,111,60389,121,0,156,3,94,8,7685,0,199,156
05-14-21,Grundy,1794,0,1499,0,295,0,1716,0,9562,4,11278,4,0,34,-1,3,1,1757,0,61,34
05-14-21,Hamblen,8631,2,5978,1,2653,1,6712,1,47245,58,53957,59,0,173,-5,43,7,8415,0,266,173
05-14-21,Hamilton,44612,53,38150,45,6462,8,42792,60,331981,479,374773,539,0,496,36,468,17,43648,1,1179,496
05-14-21,Hancock,595,2,407,0,188,2,435,0,4062,8,4497,8,0,12,2,7,0,576,0,23,12
05-14-21,Hardeman,3541,5,2836,2,705,3,3315,2,26021,26,29336,28,0,64,2,31,3,3446,0,105,64
05-14-21,Hardin,3585,0,2411,0,1174,0,2867,0,24089,33,26956,33,0,68,-1,19,1,3498,0,70,68
05-14-21,Hawkins,6182,21,4974,16,1208,5,5361,16,36782,65,42143,81,0,107,11,165,10,5910,1,161,107
05-14-21,Haywood,2714,1,2273,1,441,0,2593,1,14024,18,16617,19,0,62,-1,10,2,2642,0,84,62
05-14-21,Henderson,3811,3,2628,1,1183,2,3280,1,16369,13,19649,14,0,76,3,28,0,3707,0,79,76
05-14-21,Henry,3209,3,2455,1,754,2,2839,1,18300,35,21139,36,0,76,2,40,1,3093,0,78,76
05-14-21,Hickman,2850,1,2294,1,556,0,2644,1,17159,25,19803,26,0,46,-1,16,2,2788,0,58,46
05-14-21,Houston,1098,1,825,0,273,1,945,0,10814,8,11759,8,0,33,0,6,1,1059,0,40,33
05-14-21,Humphreys,1821,6,1149,4,672,2,1340,5,12151,20,13491,25,0,28,5,36,1,1757,0,37,28
05-14-21,Jackson,1325,1,1033,1,292,0,1204,1,5707,17,6911,18,0,36,-1,10,2,1279,0,41,36
05-14-21,Jefferson,6246,4,4250,2,1996,2,4804,2,40116,52,44920,54,0,125,-6,66,10,6055,0,198,125
05-14-21,Johnson,2422,3,2090,2,332,1,2231,3,16524,21,18755,24,0,39,-3,28,6,2355,0,60,39
05-14-21,Knox,51144,36,42630,25,8514,11,46645,26,338066,497,384711,523,0,636,6,360,30,50148,2,1391,636
05-14-21,Lake,1705,0,1515,0,190,0,1784,0,10306,4,12090,4,0,26,-1,5,1,1674,0,27,26
05-14-21,Lauderdale,3207,4,2492,3,715,1,2861,3,21691,19,24552,22,0,44,3,30,1,3133,0,84,43
05-14-21,Lawrence,5988,3,4654,3,1334,0,5121,3,30376,39,35497,42,0,91,-1,92,4,5805,0,153,91
05-14-21,Lewis,1585,1,1180,0,405,1,1277,0,10179,7,11456,7,0,26,0,6,1,1553,0,43,26
05-14-21,Lincoln,4371,1,3364,1,1007,0,3821,1,18192,19,22013,20,0,63,-2,25,3,4283,0,88,62
05-14-21,Loudon,6168,5,4676,3,1492,2,5120,3,32291,42,37411,45,0,69,2,57,3,6042,0,139,69
05-14-21,Macon,3631,1,2805,1,826,0,3298,1,17470,45,20768,46,0,78,0,18,1,3535,0,129,78
05-14-21,Madison,11271,19,6303,6,4968,13,7610,8,57334,76,64944,84,0,241,19,43,0,10987,0,338,241
05-14-21,Marion,3130,1,2674,1,456,0,2988,1,20294,22,23282,23,0,47,-1,11,2,3072,0,115,47
05-14-21,Marshall,4206,2,3281,0,925,2,3712,2,23750,25,27462,27,0,58,-2,34,4,4114,0,92,58
05-14-21,Maury,13548,6,11822,5,1726,1,13042,5,77208,79,90250,84,0,172,-2,108,8,13268,0,297,171
05-14-21,McMinn,6554,13,5789,9,765,4,6375,9,43963,64,50338,73,0,98,10,64,3,6392,0,163,98
05-14-21,McNairy,2841,0,1992,0,849,0,2418,2,18941,23,21359,25,0,54,-3,27,3,2760,0,66,54
05-14-21,Meigs,1393,2,1245,2,148,0,1383,1,8351,9,9734,10,0,25,2,6,0,1362,0,46,25
05-14-21,Monroe,5882,9,4624,7,1258,2,5183,9,28318,58,33501,67,0,96,6,60,3,5726,1,162,96
05-14-21,Montgomery,20450,46,14973,20,5477,26,16442,22,123826,211,140268,233,1,228,31,279,14,19943,0,308,228
05-14-21,Moore,1018,0,782,0,236,0,882,0,4972,4,5854,4,0,17,-1,9,1,992,0,18,17
05-14-21,Morgan,2517,4,1836,2,681,2,1994,2,15785,24,17779,26,0,39,4,28,0,2450,0,46,39
05-14-21,Obion,4555,4,3361,4,1194,0,3810,4,23392,28,27202,32,0,96,2,23,2,4436,0,102,96
05-14-21,Out of State,18242,34,14449,28,3793,6,16232,26,656754,896,672986,922,0,99,27,200,7,17943,0,220,99
05-14-21,Overton,3025,0,2262,0,763,0,2662,0,15489,15,18151,15,0,61,-2,20,2,2944,0,64,61
05-14-21,Pending,16890,15,10865,5,6025,10,12078,6,433906,762,445984,768,0,134,3,120,12,16636,0,139,133
05-14-21,Perry,1073,1,921,1,152,0,1037,1,6236,7,7273,8,0,28,1,10,0,1035,0,28,28
05-14-21,Pickett,758,0,500,0,258,0,603,0,4031,16,4634,16,0,24,0,1,0,733,0,28,24
05-14-21,Polk,2092,5,1874,5,218,0,2077,4,9943,20,12020,24,0,25,0,28,5,2039,0,91,25
05-14-21,Putnam,11440,4,9284,2,2156,2,11115,2,74811,104,85926,106,0,175,-13,96,17,11169,0,211,175
05-14-21,Rhea,4360,5,3766,5,594,0,4216,5,27805,62,32021,67,0,75,4,20,1,4265,0,86,75
05-14-21,Roane,6322,3,4844,1,1478,2,5395,1,44708,32,50103,33,0,105,-1,48,4,6169,0,153,105
05-14-21,Robertson,9805,13,7655,9,2150,4,8623,10,45901,94,54524,104,0,132,8,69,5,9604,0,439,132
05-14-21,Rutherford,43245,37,36811,28,6434,9,42761,31,252241,477,295002,508,0,437,10,341,27,42467,0,597,437
05-14-21,Scott,3159,7,1714,0,1445,7,1833,0,11962,13,13795,13,0,45,1,47,6,3067,0,68,45
05-14-21,Sequatchie,1717,1,1332,1,385,0,1456,1,12122,7,13578,8,0,29,-1,21,2,1667,0,41,29
05-14-21,Sevier,13457,11,11424,6,2033,5,12574,7,69755,125,82329,132,1,176,-6,130,16,13151,0,286,176
05-14-21,Shelby,96572,138,89203,112,7369,26,109735,142,1051757,2517,1161492,2659,7,1636,-11,1427,142,93509,2,3753,1637
05-14-21,Smith,2787,1,2079,1,708,0,2596,0,14179,15,16775,15,0,39,-3,14,4,2734,0,59,39
05-14-21,Stewart,1333,3,1009,3,324,0,1143,4,7206,9,8349,13,0,28,3,15,0,1290,0,26,28
05-14-21,Sullivan,16968,24,14729,19,2239,5,15977,21,94990,143,110967,164,0,298,2,296,22,16374,0,782,298
05-14-21,Sumner,24148,16,21245,13,2903,3,24063,15,129054,239,153117,254,0,349,-6,260,22,23539,1,721,348
05-14-21,Tipton,7395,3,5112,1,2283,2,6165,0,50576,101,56741,101,0,104,-3,80,6,7211,0,162,103
05-14-21,Trousdale,2506,0,2344,0,162,0,2512,0,9578,10,12090,10,0,22,0,6,0,2478,0,41,22
05-14-21,Unicoi,2044,0,1541,0,503,0,1693,0,14146,22,15839,22,0,49,-6,21,6,1974,0,71,49
05-14-21,Union,1927,8,1611,5,316,3,1736,5,10965,10,12701,15,0,34,5,21,3,1872,1,60,34
05-14-21,Van Buren,855,0,703,0,152,0,779,0,5431,6,6210,6,0,23,0,7,0,825,0,24,23
05-14-21,Warren,5556,2,4726,2,830,0,5355,2,34477,41,39832,43,0,81,-2,20,4,5455,0,85,81
05-14-21,Washington,14702,13,12569,10,2133,3,13833,12,88665,165,102498,177,0,245,1,190,12,14267,0,374,245
05-14-21,Wayne,2968,0,2378,0,590,0,2616,0,11545,16,14161,16,0,34,-10,11,10,2923,0,61,34
05-14-21,Weakley,4168,5,3042,4,1126,1,3482,5,22343,30,25825,35,0,65,1,57,4,4046,0,77,65
05-14-21,White,3686,10,2993,9,693,1,3642,11,23647,50,27289,61,0,70,3,67,7,3549,0,118,70
05-14-21,Williamson,28131,14,23600,6,4531,8,26182,7,194337,298,220519,305,0,217,-1,223,15,27691,0,294,217
05-14-21,Wilson,18919,16,16968,11,1951,5,19244,11,113660,224,132904,235,0,236,5,197,11,18486,0,339,236
05-13-21,Anderson,8794,4,6524,2,2270,2,7299,2,64811,103,72110,105,0,171,-2,61,6,8562,2,221,171
05-13-21,Bedford,6524,3,5107,0,1417,3,5887,1,32904,49,38791,50,0,128,0,32,3,6364,0,138,128
05-13-21,Benton,1673,2,1305,1,368,1,1446,1,9364,12,10810,13,0,40,-1,20,3,1613,0,39,40
05-13-21,Bledsoe,2158,2,1938,1,220,1,2056,1,16567,23,18623,24,0,11,-1,29,3,2118,0,32,11
05-13-21,Blount,15555,11,13193,8,2362,3,14558,10,79022,107,93580,117,0,196,-8,134,19,15225,1,360,196
05-13-21,Bradley,15098,4,12277,3,2821,1,13951,6,70167,102,84118,108,0,151,-23,139,27,14808,0,670,151
05-13-21,Campbell,4174,0,2277,0,1897,0,2555,0,25447,24,28002,24,0,63,-5,29,5,4082,0,129,63
05-13-21,Cannon,1927,1,1531,0,396,1,1705,0,9695,13,11400,13,0,31,-1,15,2,1881,0,39,31
05-13-21,Carroll,3632,5,2354,2,1278,3,2797,2,20101,20,22898,22,0,83,3,28,2,3521,0,83,83
05-13-21,Carter,6663,2,5770,1,893,1,6351,4,39878,40,46229,44,0,158,-7,73,9,6432,0,234,158
05-13-21,Cheatham,4578,5,3477,5,1101,0,3927,4,28666,48,32593,52,0,56,0,42,5,4480,0,90,56
05-13-21,Chester,2153,3,1535,1,618,2,1828,1,12363,13,14191,14,0,51,2,23,1,2079,0,45,51
05-13-21,Claiborne,3188,0,2035,0,1153,0,2183,0,25014,27,27197,27,0,73,0,22,0,3093,0,95,73
05-13-21,Clay,1103,0,756,0,347,0,873,0,5764,0,6637,0,0,30,0,2,0,1071,0,25,30
05-13-21,Cocke,4521,1,2964,0,1557,1,3269,0,23145,34,26414,34,0,99,-2,41,3,4381,0,120,99
05-13-21,Coffee,6920,2,4768,1,2152,1,5819,1,47112,44,52931,45,1,123,0,36,1,6761,0,125,123
05-13-21,Crockett,2035,0,1223,0,812,0,1427,0,7542,12,8969,12,0,49,-1,5,1,1981,0,31,49
05-13-21,Cumberland,6767,5,5551,4,1216,1,6374,4,49990,36,56364,40,0,133,-3,66,8,6568,0,167,133
05-13-21,Davidson,89643,65,83717,45,5926,20,101686,48,1042451,1363,1144137,1411,1,942,-4,617,68,88084,0,1990,941
05-13-21,Decatur,1591,0,1173,0,418,0,1395,1,11133,10,12528,11,0,39,-1,8,1,1544,0,40,39
05-13-21,Dekalb,2807,1,2067,0,740,1,2384,0,17541,21,19925,21,0,54,-2,18,3,2735,0,57,54
05-13-21,Dickson,6851,3,4965,3,1886,0,5859,3,37248,64,43107,67,0,113,0,30,3,6708,0,122,113
05-13-21,Dyer,5440,1,3568,1,1872,0,4030,1,22386,16,26416,17,0,106,-6,29,7,5305,1,113,106
05-13-21,Fayette,5118,6,4332,5,786,1,5366,7,39567,86,44933,93,1,78,-8,80,13,4960,0,135,78
05-13-21,Fentress,2430,3,2087,3,343,0,2381,3,13697,14,16078,17,0,47,0,20,3,2363,0,64,47
05-13-21,Franklin,5163,1,4284,1,879,0,5011,1,39672,22,44683,23,0,90,0,30,1,5043,0,110,90
05-13-21,Gibson,6543,12,3915,0,2628,12,4740,2,30586,78,35326,80,0,146,7,41,5,6356,0,116,146
05-13-21,Giles,4009,1,3286,1,723,0,3779,1,23622,21,27401,22,0,100,-6,25,7,3884,0,111,100
05-13-21,Grainger,2634,0,1938,0,696,0,2171,0,14430,12,16601,12,0,50,0,17,0,2567,0,73,50
05-13-21,Greene,7924,6,6312,4,1612,2,7068,3,53200,138,60268,141,0,156,-1,91,7,7677,0,199,156
05-13-21,Grundy,1794,0,1499,0,295,0,1716,0,9558,6,11274,6,0,34,0,4,0,1756,0,61,34
05-13-21,Hamblen,8629,1,5977,0,2652,1,6711,0,47187,56,53898,56,0,173,-3,48,4,8408,0,266,173
05-13-21,Hamilton,44559,40,38105,26,6454,14,42732,28,331502,533,374234,561,0,496,-11,432,51,43631,1,1178,496
05-13-21,Hancock,593,0,407,0,186,0,435,0,4054,3,4489,3,0,12,0,5,0,576,0,23,12
05-13-21,Hardeman,3536,9,2834,5,702,4,3313,5,25995,29,29308,34,0,64,5,29,4,3443,0,105,64
05-13-21,Hardin,3585,2,2411,0,1174,2,2867,1,24056,17,26923,18,0,68,-3,20,5,3497,0,70,68
05-13-21,Hawkins,6161,13,4958,9,1203,4,5345,11,36717,115,42062,126,0,107,-6,154,19,5900,0,160,107
05-13-21,Haywood,2713,0,2272,0,441,0,2592,0,14006,15,16598,15,0,62,-5,11,5,2640,0,84,62
05-13-21,Henderson,3808,7,2627,5,1181,2,3279,5,16356,6,19635,11,0,76,6,25,1,3707,0,79,76
05-13-21,Henry,3206,4,2454,2,752,2,2838,2,18265,19,21103,21,0,76,-5,38,9,3092,0,78,76
05-13-21,Hickman,2849,2,2293,1,556,1,2643,1,17134,21,19777,22,0,46,1,17,1,2786,0,58,46
05-13-21,Houston,1097,0,825,0,272,0,945,0,10806,11,11751,11,0,33,-2,6,2,1058,0,40,33
05-13-21,Humphreys,1815,4,1145,2,670,2,1335,3,12131,6,13466,9,0,28,2,31,2,1756,0,37,28
05-13-21,Jackson,1324,1,1032,0,292,1,1203,0,5690,4,6893,4,0,36,1,11,0,1277,0,41,36
05-13-21,Jefferson,6242,3,4248,2,1994,1,4802,2,40064,30,44866,32,0,125,-5,72,8,6045,0,198,125
05-13-21,Johnson,2419,3,2088,1,331,2,2228,1,16503,54,18731,55,0,39,-1,31,4,2349,0,60,39
05-13-21,Knox,51108,31,42605,16,8503,15,46619,17,337569,378,384188,395,0,636,-17,354,48,50118,0,1389,636
05-13-21,Lake,1705,0,1515,0,190,0,1784,0,10302,7,12086,7,0,26,0,6,0,1673,0,27,26
05-13-21,Lauderdale,3203,2,2489,0,714,2,2858,1,21672,21,24530,22,0,44,-1,27,3,3132,0,84,43
05-13-21,Lawrence,5985,6,4651,5,1334,1,5118,5,30337,34,35455,39,2,91,-4,93,8,5801,0,153,91
05-13-21,Lewis,1584,1,1180,1,404,0,1277,1,10172,10,11449,11,0,26,1,6,0,1552,0,43,26
05-13-21,Lincoln,4370,3,3363,3,1007,0,3820,3,18173,21,21993,24,0,63,0,27,3,4280,1,88,62
05-13-21,Loudon,6163,6,4673,1,1490,5,5117,2,32249,44,37366,46,0,69,-5,55,11,6039,0,139,69
05-13-21,Macon,3630,1,2804,0,826,1,3297,0,17425,41,20722,41,0,78,0,18,1,3534,0,129,78
05-13-21,Madison,11252,25,6297,13,4955,12,7602,16,57258,130,64860,146,0,241,21,24,4,10987,0,338,241
05-13-21,Marion,3129,1,2673,0,456,1,2987,0,20272,10,23259,10,0,47,0,12,1,3070,0,115,47
05-13-21,Marshall,4204,3,3281,0,923,3,3710,0,23725,14,27435,14,0,58,1,36,2,4110,0,92,58
05-13-21,Maury,13542,8,11817,8,1725,0,13037,8,77129,82,90166,90,0,172,-13,110,21,13260,0,297,171
05-13-21,McMinn,6541,9,5780,5,761,4,6366,6,43899,53,50265,59,0,98,-1,54,10,6389,0,163,98
05-13-21,McNairy,2841,1,1992,0,849,1,2416,0,18918,29,21334,29,0,54,1,30,0,2757,0,66,54
05-13-21,Meigs,1391,1,1243,0,148,1,1382,1,8342,8,9724,9,0,25,-2,4,3,1362,0,46,25
05-13-21,Monroe,5873,4,4617,1,1256,3,5174,1,28260,20,33434,21,0,96,2,54,2,5723,0,161,96
05-13-21,Montgomery,20404,14,14953,8,5451,6,16420,12,123615,263,140035,275,0,227,-16,248,30,19929,0,308,227
05-13-21,Moore,1018,3,782,2,236,1,882,2,4968,5,5850,7,0,17,3,10,0,991,0,18,17
05-13-21,Morgan,2513,1,1834,0,679,1,1992,0,15761,22,17753,22,0,39,-1,24,2,2450,0,46,39
05-13-21,Obion,4551,2,3357,1,1194,1,3806,1,23364,31,27170,32,0,96,0,21,2,4434,0,102,96
05-13-21,Out of State,18208,27,14421,22,3787,5,16206,16,655858,1069,672064,1085,0,99,8,173,19,17936,1,220,99
05-13-21,Overton,3025,1,2262,1,763,0,2662,1,15474,9,18136,10,0,61,-1,22,2,2942,0,64,61
05-13-21,Pending,16875,9,10860,5,6015,4,12072,5,433144,856,445216,861,0,134,-2,117,11,16624,0,139,133
05-13-21,Perry,1072,1,920,0,152,1,1036,1,6229,10,7265,11,0,28,-1,9,2,1035,0,28,28
05-13-21,Pickett,758,0,500,0,258,0,603,0,4015,2,4618,2,0,24,0,1,0,733,0,28,24
05-13-21,Polk,2087,2,1869,1,218,1,2073,2,9923,19,11996,21,1,25,-4,28,5,2034,0,91,25
05-13-21,Putnam,11436,8,9282,2,2154,6,11113,3,74707,43,85820,46,0,175,-7,109,15,11152,0,211,175
05-13-21,Rhea,4355,0,3761,0,594,0,4211,1,27743,27,31954,28,0,75,-5,16,5,4264,0,86,75
05-13-21,Roane,6319,4,4843,0,1476,4,5394,0,44676,80,50070,80,0,105,-6,49,10,6165,0,153,105
05-13-21,Robertson,9792,9,7646,6,2146,3,8613,6,45807,78,54420,84,0,132,4,61,5,9599,0,439,132
05-13-21,Rutherford,43208,40,36783,23,6425,17,42730,29,251764,544,294494,573,0,437,5,331,35,42440,0,597,437
05-13-21,Scott,3152,3,1714,1,1438,2,1833,1,11949,26,13782,27,0,45,0,46,3,3061,1,68,45
05-13-21,Sequatchie,1716,1,1331,1,385,0,1455,2,12115,9,13570,11,0,29,-1,22,2,1665,0,41,29
05-13-21,Sevier,13446,6,11418,3,2028,3,12567,6,69630,152,82197,158,0,175,1,136,5,13135,0,286,176
05-13-21,Shelby,96434,138,89091,117,7343,21,109593,149,1049240,2815,1158833,2964,1,1629,15,1438,122,93367,1,3751,1637
05-13-21,Smith,2786,0,2078,0,708,0,2596,0,14164,19,16760,19,0,39,-2,17,2,2730,0,59,39
05-13-21,Stewart,1330,3,1006,2,324,1,1139,2,7197,7,8336,9,0,28,2,12,1,1290,0,26,28
05-13-21,Sullivan,16944,35,14710,33,2234,2,15956,35,94847,274,110803,309,0,298,0,294,35,16352,0,782,297
05-13-21,Sumner,24132,15,21232,8,2900,7,24048,13,128815,205,152863,218,0,349,-14,266,29,23517,0,720,348
05-13-21,Tipton,7392,8,5111,4,2281,4,6165,3,50475,99,56640,102,0,104,2,83,6,7205,0,162,103
05-13-21,Trousdale,2506,0,2344,0,162,0,2512,0,9568,13,12080,13,0,22,-1,6,1,2478,0,41,22
05-13-21,Unicoi,2044,0,1541,0,503,0,1693,0,14124,18,15817,18,0,49,-4,27,4,1968,0,71,49
05-13-21,Union,1919,3,1606,3,313,0,1731,3,10955,12,12686,15,0,34,1,16,2,1869,0,59,34
05-13-21,Van Buren,855,3,703,2,152,1,779,1,5425,7,6204,8,0,23,3,7,0,825,0,24,23
05-13-21,Warren,5554,6,4724,5,830,1,5353,4,34436,35,39789,39,0,81,5,22,1,5451,0,85,81
05-13-21,Washington,14689,11,12559,6,2130,5,13821,8,88500,152,102321,160,0,245,-11,189,22,14255,0,374,245
05-13-21,Wayne,2968,2,2378,1,590,1,2616,1,11529,7,14145,8,0,34,2,21,0,2913,0,61,34
05-13-21,Weakley,4163,7,3038,2,1125,5,3477,2,22313,31,25790,33,0,65,-2,56,9,4042,0,77,65
05-13-21,White,3676,2,2984,2,692,0,3631,2,23597,28,27228,30,0,70,-7,64,9,3542,0,118,70
05-13-21,Williamson,28117,17,23594,15,4523,2,26175,16,194039,264,220214,280,0,217,-8,224,25,27676,0,294,217
05-13-21,Wilson,18903,7,16957,6,1946,1,19233,7,113436,232,132669,239,0,236,-4,192,11,18475,0,339,236
05-12-21,Anderson,8790,13,6522,6,2268,7,7297,6,64708,104,72005,110,0,171,8,63,5,8556,1,219,171
05-12-21,Bedford,6521,4,5107,2,1414,2,5886,2,32855,59,38741,61,-1,128,3,32,2,6361,0,138,128
05-12-21,Benton,1671,2,1304,2,367,0,1445,3,9352,25,10797,28,0,40,2,21,0,1610,0,39,40
05-12-21,Bledsoe,2156,4,1937,3,219,1,2055,2,16544,12,18599,14,0,11,3,30,1,2115,0,32,11
05-12-21,Blount,15544,16,13185,13,2359,3,14548,13,78915,167,93463,180,1,196,-15,142,30,15206,1,359,196
05-12-21,Bradley,15094,7,12274,5,2820,2,13945,9,70065,150,84010,159,0,151,-8,162,15,14781,0,670,151
05-12-21,Campbell,4174,4,2277,2,1897,2,2555,2,25423,21,27978,23,0,63,2,34,2,4077,0,129,63
05-12-21,Cannon,1926,2,1531,0,395,2,1705,0,9682,17,11387,17,0,31,2,16,0,1879,0,39,31
05-12-21,Carroll,3627,3,2352,2,1275,1,2795,2,20081,26,22876,28,0,83,-9,25,12,3519,0,83,83
05-12-21,Carter,6661,10,5769,7,892,3,6347,6,39838,87,46185,93,0,158,0,80,10,6423,0,234,158
05-12-21,Cheatham,4573,6,3472,6,1101,0,3923,7,28618,55,32541,62,0,56,-1,42,7,4475,0,90,56
05-12-21,Chester,2150,2,1534,0,616,2,1827,0,12350,25,14177,25,0,51,-4,21,6,2078,0,45,51
05-12-21,Claiborne,3188,2,2035,1,1153,1,2183,2,24987,21,27170,23,0,73,0,22,2,3093,0,95,73
05-12-21,Clay,1103,1,756,1,347,0,873,1,5764,10,6637,11,0,30,1,2,0,1071,0,25,30
05-12-21,Cocke,4520,5,2964,0,1556,5,3269,1,23111,66,26380,67,0,99,4,43,1,4378,0,120,99
05-12-21,Coffee,6918,2,4767,1,2151,1,5818,1,47068,66,52886,67,0,122,-4,36,6,6760,0,125,123
05-12-21,Crockett,2035,1,1223,1,812,0,1427,1,7530,17,8957,18,0,49,-2,6,3,1980,0,31,49
05-12-21,Cumberland,6762,7,5547,4,1215,3,6370,7,49954,85,56324,92,0,133,5,69,2,6560,1,167,133
05-12-21,Davidson,89578,52,83672,40,5906,12,101638,53,1041088,2022,1142726,2075,1,941,-26,621,77,88016,1,1990,941
05-12-21,Decatur,1591,0,1173,0,418,0,1394,0,11123,13,12517,13,0,39,-2,9,2,1543,0,40,39
05-12-21,Dekalb,2806,1,2067,1,739,0,2384,1,17520,32,19904,33,0,54,-2,20,3,2732,0,57,54
05-12-21,Dickson,6848,0,4962,0,1886,0,5856,0,37184,79,43040,79,0,113,-6,30,6,6705,0,122,113
05-12-21,Dyer,5439,5,3567,2,1872,3,4029,2,22370,25,26399,27,0,106,3,35,2,5298,1,112,106
05-12-21,Fayette,5112,15,4327,14,785,1,5359,23,39481,106,44840,129,0,77,3,88,12,4947,0,135,78
05-12-21,Fentress,2427,4,2084,4,343,0,2378,4,13683,33,16061,37,0,47,4,20,0,2360,0,64,47
05-12-21,Franklin,5162,4,4283,3,879,1,5010,4,39650,94,44660,98,0,90,2,30,2,5042,0,110,90
05-12-21,Gibson,6531,4,3915,2,2616,2,4738,3,30508,44,35246,47,0,146,-4,34,8,6351,0,116,146
05-12-21,Giles,4008,3,3285,3,723,0,3778,3,23601,43,27379,46,0,100,-3,31,6,3877,0,111,100
05-12-21,Grainger,2634,1,1938,1,696,0,2171,1,14418,19,16589,20,0,50,-2,17,3,2567,0,73,50
05-12-21,Greene,7918,11,6308,10,1610,1,7065,10,53062,221,60127,231,0,156,5,92,6,7670,0,199,156
05-12-21,Grundy,1794,2,1499,1,295,1,1716,1,9552,41,11268,42,0,34,1,4,1,1756,0,61,34
05-12-21,Hamblen,8628,3,5977,1,2651,2,6711,1,47131,56,53842,57,0,173,-2,51,5,8404,0,266,173
05-12-21,Hamilton,44519,50,38079,42,6440,8,42704,54,330969,782,373673,836,1,496,4,443,45,43580,0,1177,496
05-12-21,Hancock,593,2,407,0,186,2,435,0,4051,4,4486,4,0,12,1,5,1,576,0,23,12
05-12-21,Hardeman,3527,2,2829,2,698,0,3308,3,25966,31,29274,34,0,64,-1,24,3,3439,0,105,64
05-12-21,Hardin,3583,2,2411,2,1172,0,2866,2,24039,30,26905,32,0,68,-1,23,3,3492,0,70,68
05-12-21,Hawkins,6148,24,4949,15,1199,9,5334,18,36602,234,41936,252,0,107,-3,160,27,5881,1,160,107
05-12-21,Haywood,2713,2,2272,2,441,0,2592,2,13991,45,16583,47,0,62,2,16,0,2635,0,84,62
05-12-21,Henderson,3801,5,2622,1,1179,4,3274,2,16350,28,19624,30,0,76,-3,19,8,3706,0,79,76
05-12-21,Henry,3202,7,2452,4,750,3,2836,5,18246,39,21082,44,0,76,5,43,2,3083,0,78,76
05-12-21,Hickman,2847,1,2292,1,555,0,2642,1,17113,21,19755,22,0,46,-1,16,2,2785,0,58,46
05-12-21,Houston,1097,2,825,2,272,0,945,2,10795,7,11740,9,0,33,1,8,1,1056,0,40,33
05-12-21,Humphreys,1811,3,1143,2,668,1,1332,2,12125,30,13457,32,0,28,1,29,2,1754,1,37,28
05-12-21,Jackson,1323,1,1032,1,291,0,1203,1,5686,10,6889,11,0,36,1,10,0,1277,0,41,36
05-12-21,Jefferson,6239,9,4246,5,1993,4,4800,8,40034,43,44834,51,0,125,1,77,8,6037,2,198,125
05-12-21,Johnson,2416,0,2087,0,329,0,2227,2,16449,81,18676,83,0,39,-3,32,3,2345,0,60,39
05-12-21,Knox,51077,34,42589,27,8488,7,46602,29,337191,508,383793,537,0,636,-15,371,49,50070,0,1389,636
05-12-21,Lake,1705,3,1515,3,190,0,1784,3,10295,1,12079,4,0,26,2,6,1,1673,0,27,26
05-12-21,Lauderdale,3201,4,2489,3,712,1,2857,3,21651,32,24508,35,0,44,1,28,3,3129,0,84,43
05-12-21,Lawrence,5979,7,4646,5,1333,2,5113,7,30303,55,35416,62,1,89,-1,97,7,5793,0,153,90
05-12-21,Lewis,1583,0,1179,0,404,0,1276,0,10162,19,11438,19,0,26,0,5,0,1552,0,43,26
05-12-21,Lincoln,4367,2,3360,2,1007,0,3817,2,18152,32,21969,34,0,63,0,27,2,4277,1,87,62
05-12-21,Loudon,6157,5,4672,1,1485,4,5115,1,32205,42,37320,43,0,69,-1,60,6,6028,0,139,69
05-12-21,Macon,3629,1,2804,0,825,1,3297,0,17384,38,20681,38,0,78,0,18,1,3533,0,129,78
05-12-21,Madison,11227,33,6284,19,4943,14,7586,22,57128,103,64714,125,0,241,26,3,7,10983,1,338,241
05-12-21,Marion,3128,1,2673,1,455,0,2987,1,20262,48,23249,49,0,47,1,12,0,3069,0,115,47
05-12-21,Marshall,4201,2,3281,1,920,1,3710,3,23711,39,27421,42,0,58,-3,35,5,4108,0,92,58
05-12-21,Maury,13534,9,11809,5,1725,4,13029,6,77047,119,90076,125,0,172,-5,123,14,13239,0,297,171
05-12-21,McMinn,6532,4,5775,2,757,2,6360,5,43846,58,50206,63,0,98,-4,55,8,6379,0,163,98
05-12-21,McNairy,2840,9,1992,0,848,9,2416,0,18889,90,21305,90,0,54,8,29,1,2757,0,66,54
05-12-21,Meigs,1390,0,1243,0,147,0,1381,0,8334,22,9715,22,0,25,-2,6,2,1359,0,46,25
05-12-21,Monroe,5869,7,4616,5,1253,2,5173,4,28240,46,33413,50,0,96,-1,52,8,5721,0,161,96
05-12-21,Montgomery,20390,32,14945,18,5445,14,16408,19,123352,331,139760,350,0,227,19,264,13,19899,0,308,227
05-12-21,Moore,1015,1,780,0,235,1,880,0,4963,11,5843,11,0,17,1,7,0,991,0,18,17
05-12-21,Morgan,2512,6,1834,4,678,2,1992,5,15739,14,17731,19,0,39,4,25,2,2448,0,46,39
05-12-21,Obion,4549,2,3356,1,1193,1,3805,1,23333,35,27138,36,0,96,-2,21,4,4432,0,102,96
05-12-21,Out of State,18181,20,14399,16,3782,4,16190,17,654789,1330,670979,1347,0,99,-14,165,34,17917,0,219,99
05-12-21,Overton,3024,1,2261,1,763,0,2661,1,15465,49,18126,50,0,61,0,23,1,2940,0,64,61
05-12-21,Pending,16866,12,10855,5,6011,7,12067,4,432288,939,444355,943,0,134,-2,119,14,16613,0,139,133
05-12-21,Perry,1071,1,920,1,151,0,1035,1,6219,13,7254,14,0,28,1,10,0,1033,0,28,28
05-12-21,Pickett,758,0,500,0,258,0,603,1,4013,9,4616,10,0,24,0,1,0,733,0,28,24
05-12-21,Polk,2085,3,1868,3,217,0,2071,2,9904,35,11975,37,0,24,-2,32,5,2029,0,91,25
05-12-21,Putnam,11428,18,9280,15,2148,3,11110,16,74664,348,85774,364,0,175,10,116,8,11137,0,211,175
05-12-21,Rhea,4355,0,3761,0,594,0,4210,1,27716,62,31926,63,0,75,-2,21,2,4259,0,86,75
05-12-21,Roane,6315,6,4843,2,1472,4,5394,3,44596,65,49990,68,0,105,2,55,4,6155,0,153,105
05-12-21,Robertson,9783,6,7640,1,2143,5,8607,1,45729,113,54336,114,1,132,-2,57,7,9594,0,439,132
05-12-21,Rutherford,43168,23,36760,18,6408,5,42701,26,251220,490,293921,516,1,437,-33,326,55,42405,1,597,437
05-12-21,Scott,3149,5,1713,2,1436,3,1832,2,11923,29,13755,31,0,45,1,46,4,3058,0,67,45
05-12-21,Sequatchie,1715,6,1330,3,385,3,1453,3,12106,14,13559,17,0,29,4,23,2,1663,0,41,29
05-12-21,Sevier,13440,12,11415,6,2025,6,12561,9,69478,138,82039,147,0,175,-2,135,14,13130,0,286,175
05-12-21,Shelby,96296,184,88974,168,7322,16,109444,225,1046425,3811,1155869,4036,3,1628,26,1423,155,93245,7,3750,1636
05-12-21,Smith,2786,3,2078,1,708,2,2596,1,14145,16,16741,17,0,39,-2,19,5,2728,0,59,39
05-12-21,Stewart,1327,1,1004,0,323,1,1137,1,7190,12,8327,13,0,28,1,10,0,1289,0,26,28
05-12-21,Sullivan,16909,23,14677,22,2232,1,15921,29,94573,500,110494,529,1,298,-17,294,39,16317,1,782,297
05-12-21,Sumner,24117,26,21224,15,2893,11,24035,26,128610,280,152645,306,0,349,-3,280,29,23488,1,720,348
05-12-21,Tipton,7384,2,5107,2,2277,0,6162,4,50376,143,56538,147,0,104,-11,81,13,7199,0,162,103
05-12-21,Trousdale,2506,3,2344,2,162,1,2512,1,9555,12,12067,13,0,22,3,7,0,2477,0,41,22
05-12-21,Unicoi,2044,2,1541,2,503,0,1693,2,14106,38,15799,40,0,49,-2,31,4,1964,0,71,49
05-12-21,Union,1916,2,1603,0,313,2,1728,0,10943,14,12671,14,0,34,0,15,2,1867,0,59,34
05-12-21,Van Buren,852,0,701,0,151,0,778,0,5418,7,6196,7,0,23,-1,4,1,825,0,24,23
05-12-21,Warren,5548,3,4719,3,829,0,5349,5,34401,54,39750,59,0,81,2,17,1,5450,0,85,81
05-12-21,Washington,14678,29,12553,20,2125,9,13813,23,88348,302,102161,325,0,245,8,200,21,14233,0,374,245
05-12-21,Wayne,2966,1,2377,0,589,1,2615,0,11522,18,14137,18,0,34,0,19,1,2913,0,61,34
05-12-21,Weakley,4156,1,3036,0,1120,1,3475,3,22282,33,25757,36,0,65,-13,58,14,4033,0,77,65
05-12-21,White,3674,9,2982,8,692,1,3629,8,23569,80,27198,88,0,70,7,71,2,3533,0,118,70
05-12-21,Williamson,28100,17,23579,14,4521,3,26159,14,193775,360,219934,374,0,217,-5,232,22,27651,0,294,217
05-12-21,Wilson,18896,17,16951,17,1945,0,19226,9,113204,230,132430,239,0,236,7,196,10,18464,0,339,236
05-11-21,Anderson,8777,8,6516,1,2261,7,7291,2,64604,42,71895,44,0,171,3,55,5,8551,0,218,171
05-11-21,Bedford,6517,5,5105,1,1412,4,5884,2,32796,33,38680,35,0,129,2,29,3,6359,0,138,128
05-11-21,Benton,1669,0,1302,0,367,0,1442,0,9327,4,10769,4,0,40,-3,19,3,1610,0,39,40
05-11-21,Bledsoe,2152,6,1934,3,218,3,2053,4,16532,15,18585,19,0,11,4,27,2,2114,0,32,11
05-11-21,Blount,15528,21,13172,14,2356,7,14535,13,78748,128,93283,141,0,195,-2,157,23,15176,2,358,196
05-11-21,Bradley,15087,21,12269,15,2818,6,13936,14,69915,162,83851,176,0,151,0,170,21,14766,1,670,151
05-11-21,Campbell,4170,2,2275,0,1895,2,2553,0,25402,16,27955,16,0,63,-1,32,3,4075,0,129,63
05-11-21,Cannon,1924,1,1531,0,393,1,1705,0,9665,9,11370,9,0,31,-1,14,2,1879,0,39,31
05-11-21,Carroll,3624,3,2350,0,1274,3,2793,2,20055,10,22848,12,0,83,3,34,0,3507,0,83,83
05-11-21,Carter,6651,9,5762,6,889,3,6341,5,39751,64,46092,69,0,158,-4,80,13,6413,1,234,158
05-11-21,Cheatham,4567,4,3466,4,1101,0,3916,4,28563,29,32479,33,0,56,2,43,2,4468,0,90,56
05-11-21,Chester,2148,3,1534,2,614,1,1827,2,12325,8,14152,10,0,51,0,25,3,2072,0,45,51
05-11-21,Claiborne,3186,2,2034,0,1152,2,2181,0,24966,14,27147,14,0,73,1,22,1,3091,0,95,73
05-11-21,Clay,1102,0,755,0,347,0,872,0,5754,3,6626,3,-1,30,1,1,0,1071,0,25,30
05-11-21,Cocke,4515,0,2964,0,1551,0,3268,0,23045,21,26313,21,0,99,-1,39,1,4377,0,120,99
05-11-21,Coffee,6916,6,4766,1,2150,5,5817,2,47002,72,52819,74,0,122,2,40,4,6754,0,125,123
05-11-21,Crockett,2034,1,1222,0,812,1,1426,0,7513,7,8939,7,0,49,-2,8,3,1977,0,31,49
05-11-21,Cumberland,6755,4,5543,3,1212,1,6363,3,49869,30,56232,33,0,133,-7,64,11,6558,0,166,133
05-11-21,Davidson,89526,86,83632,69,5894,17,101585,75,1039066,1384,1140651,1459,0,940,13,647,73,87939,2,1989,940
05-11-21,Decatur,1591,2,1173,2,418,0,1394,2,11110,5,12504,7,0,39,2,11,0,1541,0,40,39
05-11-21,Dekalb,2805,0,2066,0,739,0,2383,0,17488,8,19871,8,0,54,0,22,0,2729,0,57,54
05-11-21,Dickson,6848,6,4962,6,1886,0,5856,6,37105,50,42961,56,0,113,-2,36,8,6699,0,122,113
05-11-21,Dyer,5434,4,3565,1,1869,3,4027,1,22345,26,26372,27,0,106,0,32,4,5296,0,111,106
05-11-21,Fayette,5097,3,4313,1,784,2,5336,2,39375,52,44711,54,0,77,-14,85,17,4935,0,135,78
05-11-21,Fentress,2423,1,2080,0,343,1,2374,0,13650,12,16024,12,0,47,-1,16,2,2360,0,64,47
05-11-21,Franklin,5158,3,4280,3,878,0,5006,4,39556,32,44562,36,0,90,1,28,2,5040,0,110,90
05-11-21,Gibson,6527,3,3913,1,2614,2,4735,1,30464,34,35199,35,0,146,-1,38,4,6343,0,116,146
05-11-21,Giles,4005,3,3282,3,723,0,3775,4,23558,16,27333,20,0,100,0,34,3,3871,0,111,100
05-11-21,Grainger,2633,0,1937,0,696,0,2170,0,14399,7,16569,7,0,50,-1,19,1,2564,0,73,50
05-11-21,Greene,7907,14,6298,10,1609,4,7055,12,52841,89,59896,101,0,156,10,87,4,7664,2,199,156
05-11-21,Grundy,1792,0,1498,0,294,0,1715,0,9511,18,11226,18,0,34,-1,3,1,1755,0,61,34
05-11-21,Hamblen,8625,8,5976,2,2649,6,6710,2,47075,34,53785,36,0,173,-4,53,12,8399,0,266,173
05-11-21,Hamilton,44469,68,38037,55,6432,13,42650,68,330187,669,372837,737,0,495,1,439,67,43535,1,1177,496
05-11-21,Hancock,591,0,407,0,184,0,435,0,4047,2,4482,2,0,12,-3,4,3,575,0,23,12
05-11-21,Hardeman,3525,1,2827,0,698,1,3305,0,25935,15,29240,15,0,64,-4,25,5,3436,0,105,64
05-11-21,Hardin,3581,3,2409,3,1172,0,2864,3,24009,23,26873,26,0,68,-1,24,4,3489,0,70,68
05-11-21,Hawkins,6124,15,4934,9,1190,6,5316,10,36368,38,41684,48,0,107,-3,163,18,5854,0,159,107
05-11-21,Haywood,2711,0,2270,0,441,0,2590,0,13946,11,16536,11,0,62,-3,14,3,2635,0,84,62
05-11-21,Henderson,3796,1,2621,1,1175,0,3272,0,16322,2,19594,2,0,76,-1,22,2,3698,0,79,76
05-11-21,Henry,3195,1,2448,0,747,1,2831,0,18207,12,21038,12,0,76,-6,38,7,3081,0,78,76
05-11-21,Hickman,2846,1,2291,1,555,0,2641,1,17092,19,19733,20,0,46,-3,17,4,2783,0,58,46
05-11-21,Houston,1095,1,823,1,272,0,943,1,10788,1,11731,2,0,33,1,7,0,1055,0,40,33
05-11-21,Humphreys,1808,4,1141,0,667,4,1330,0,12095,14,13425,14,0,28,0,28,4,1752,0,36,28
05-11-21,Jackson,1322,0,1031,0,291,0,1202,0,5676,7,6878,7,0,36,-1,9,1,1277,0,41,36
05-11-21,Jefferson,6230,6,4241,5,1989,1,4792,5,39991,31,44783,36,0,125,-1,76,7,6029,0,196,125
05-11-21,Johnson,2416,3,2087,0,329,3,2225,0,16368,67,18593,67,0,39,0,35,3,2342,0,60,39
05-11-21,Knox,51043,36,42562,30,8481,6,46573,31,336683,553,383256,584,0,636,-12,386,48,50021,4,1389,636
05-11-21,Lake,1702,0,1512,0,190,0,1781,0,10294,1,12075,1,0,26,0,4,0,1672,0,27,26
05-11-21,Lauderdale,3197,1,2486,1,711,0,2854,1,21619,23,24473,24,0,44,-4,27,5,3126,0,84,43
05-11-21,Lawrence,5972,11,4641,9,1331,2,5106,7,30248,30,35354,37,0,88,7,98,4,5786,1,153,89
05-11-21,Lewis,1583,1,1179,1,404,0,1276,1,10143,5,11419,6,0,26,-2,5,3,1552,0,43,26
05-11-21,Lincoln,4365,1,3358,1,1007,0,3815,1,18120,16,21935,17,0,63,-4,27,5,4275,1,86,62
05-11-21,Loudon,6152,7,4671,2,1481,5,5114,2,32163,28,37277,30,0,69,2,61,5,6022,0,139,69
05-11-21,Macon,3628,2,2804,1,824,1,3297,1,17346,46,20643,47,0,78,0,18,2,3532,0,129,78
05-11-21,Madison,11194,5,6265,4,4929,1,7564,4,57025,65,64589,69,-1,241,-1,-23,7,10976,0,337,241
05-11-21,Marion,3127,0,2672,0,455,0,2986,0,20214,52,23200,52,0,47,-1,11,1,3069,0,115,47
05-11-21,Marshall,4199,0,3280,0,919,0,3707,0,23672,22,27379,22,0,58,-5,38,5,4103,0,92,58
05-11-21,Maury,13525,5,11804,5,1721,0,13023,5,76928,86,89951,91,0,172,-10,128,15,13225,0,297,171
05-11-21,McMinn,6528,7,5773,7,755,0,6355,8,43788,56,50143,64,0,98,1,59,6,6371,0,163,98
05-11-21,McNairy,2831,6,1992,4,839,2,2416,4,18799,18,21215,22,0,54,4,21,2,2756,0,66,54
05-11-21,Meigs,1390,0,1243,0,147,0,1381,0,8312,10,9693,10,0,25,-3,8,3,1357,0,46,25
05-11-21,Monroe,5862,4,4611,3,1251,1,5169,3,28194,27,33363,30,0,96,-1,53,5,5713,0,161,96
05-11-21,Montgomery,20358,24,14927,12,5431,12,16389,11,123021,196,139410,207,0,227,-6,245,30,19886,0,308,227
05-11-21,Moore,1014,2,780,1,234,1,880,1,4952,1,5832,2,0,17,2,6,0,991,0,18,17
05-11-21,Morgan,2506,3,1830,0,676,3,1987,1,15725,14,17712,15,0,39,1,21,2,2446,0,46,39
05-11-21,Obion,4547,2,3355,1,1192,1,3804,1,23298,37,27102,38,0,96,-1,23,3,4428,0,102,96
05-11-21,Out of State,18161,24,14383,21,3778,3,16173,18,653459,968,669632,986,1,99,5,179,18,17883,2,219,99
05-11-21,Overton,3023,3,2260,0,763,3,2660,0,15416,8,18076,8,0,61,3,23,0,2939,0,64,61
05-11-21,Pending,16854,11,10850,8,6004,3,12063,9,431349,801,443412,810,0,134,-7,121,18,16599,0,139,133
05-11-21,Perry,1070,2,919,2,151,0,1034,2,6206,7,7240,9,0,28,1,9,1,1033,0,28,28
05-11-21,Pickett,758,0,500,0,258,0,602,0,4004,1,4606,1,0,24,0,1,0,733,0,28,24
05-11-21,Polk,2082,2,1865,1,217,1,2069,3,9869,13,11938,16,0,24,-5,34,7,2024,0,91,25
05-11-21,Putnam,11410,8,9265,6,2145,2,11094,5,74316,55,85410,60,0,175,-4,106,12,11129,0,211,175
05-11-21,Rhea,4355,5,3761,4,594,1,4209,5,27654,42,31863,47,0,75,1,23,4,4257,1,86,75
05-11-21,Roane,6309,4,4841,3,1468,1,5391,3,44531,46,49922,49,0,105,-3,53,7,6151,0,153,105
05-11-21,Robertson,9777,5,7639,5,2138,0,8606,5,45616,64,54222,69,0,131,-3,59,8,9587,0,439,132
05-11-21,Rutherford,43145,39,36742,27,6403,12,42675,26,250730,436,293405,462,0,436,5,359,34,42350,0,596,437
05-11-21,Scott,3144,4,1711,1,1433,3,1830,2,11894,12,13724,14,0,45,-4,45,8,3054,0,67,45
05-11-21,Sequatchie,1709,2,1327,1,382,1,1450,0,12092,10,13542,10,0,29,-3,19,5,1661,0,41,29
05-11-21,Sevier,13428,11,11409,9,2019,2,12552,9,69340,100,81892,109,0,175,2,137,9,13116,0,286,175
05-11-21,Shelby,96112,107,88806,90,7306,17,109219,106,1042614,2378,1151833,2484,3,1625,-71,1397,175,93090,2,3743,1632
05-11-21,Smith,2783,2,2077,2,706,0,2595,2,14129,15,16724,17,0,39,0,21,2,2723,0,59,39
05-11-21,Stewart,1326,2,1004,2,322,0,1136,1,7178,6,8314,7,0,28,1,9,1,1289,0,26,28
05-11-21,Sullivan,16886,31,14655,27,2231,4,15892,30,94073,124,109965,154,1,297,-2,311,32,16278,3,781,296
05-11-21,Sumner,24091,34,21209,24,2882,10,24009,25,128330,281,152339,306,0,349,4,283,30,23459,2,719,348
05-11-21,Tipton,7382,6,5105,4,2277,2,6158,4,50233,85,56391,89,1,104,1,92,4,7186,0,162,103
05-11-21,Trousdale,2503,1,2342,0,161,1,2511,0,9543,8,12054,8,0,22,-1,4,2,2477,0,41,22
05-11-21,Unicoi,2042,1,1539,0,503,1,1691,0,14068,22,15759,22,0,49,-3,33,4,1960,0,71,49
05-11-21,Union,1914,3,1603,3,311,0,1728,3,10929,15,12657,18,0,34,2,15,1,1865,0,59,34
05-11-21,Van Buren,852,0,701,0,151,0,778,1,5411,3,6189,4,0,23,0,5,0,824,0,24,23
05-11-21,Warren,5545,1,4716,0,829,1,5344,0,34347,42,39691,42,0,81,0,15,1,5449,0,85,81
05-11-21,Washington,14649,14,12533,10,2116,4,13790,10,88046,141,101836,151,0,245,-9,192,23,14212,0,374,245
05-11-21,Wayne,2965,2,2377,1,588,1,2615,1,11504,15,14119,16,0,34,2,19,0,2912,0,61,34
05-11-21,Weakley,4155,4,3036,1,1119,3,3472,1,22249,37,25721,38,0,65,-3,71,7,4019,0,77,65
05-11-21,White,3665,5,2974,2,691,3,3621,2,23489,17,27110,19,0,70,-4,64,9,3531,0,118,70
05-11-21,Williamson,28083,28,23565,20,4518,8,26145,18,193415,263,219560,281,0,217,-11,237,39,27629,0,294,217
05-11-21,Wilson,18879,42,16934,37,1945,5,19217,23,112974,187,132191,210,0,236,27,189,15,18454,0,339,236
05-10-21,Anderson,8769,5,6515,0,2254,5,7289,0,64562,88,71851,88,-1,171,-4,52,10,8546,0,218,171
05-10-21,Bedford,6512,0,5104,0,1408,0,5882,0,32763,19,38645,19,0,129,-11,27,11,6356,0,138,128
05-10-21,Benton,1669,4,1302,0,367,4,1442,0,9323,3,10765,3,0,40,0,22,4,1607,0,39,40
05-10-21,Bledsoe,2146,1,1931,1,215,0,2049,1,16517,11,18566,12,0,11,-1,23,2,2112,0,32,11
05-10-21,Blount,15507,5,13158,1,2349,4,14522,1,78620,57,93142,58,2,195,-21,159,24,15153,0,356,196
05-10-21,Bradley,15066,10,12254,6,2812,4,13922,7,69753,83,83675,90,1,151,-16,170,25,14745,2,669,151
05-10-21,Campbell,4168,11,2275,7,1893,4,2553,7,25386,13,27939,20,0,63,4,33,7,4072,0,129,63
05-10-21,Cannon,1923,1,1531,0,392,1,1705,0,9656,4,11361,4,0,31,-4,15,5,1877,0,39,31
05-10-21,Carroll,3621,2,2350,0,1271,2,2791,0,20045,8,22836,8,0,83,2,31,0,3507,0,83,83
05-10-21,Carter,6642,4,5756,4,886,0,6336,4,39687,26,46023,30,0,158,-7,84,11,6400,0,233,158
05-10-21,Cheatham,4563,4,3462,2,1101,2,3912,2,28534,36,32446,38,0,56,1,41,3,4466,0,90,56
05-10-21,Chester,2145,2,1532,0,613,2,1825,0,12317,5,14142,5,0,51,0,25,2,2069,0,45,51
05-10-21,Claiborne,3184,5,2034,5,1150,0,2181,5,24952,14,27133,19,0,73,-5,21,10,3090,0,95,73
05-10-21,Clay,1102,0,755,0,347,0,872,0,5751,2,6623,2,0,31,-1,0,1,1071,0,25,30
05-10-21,Cocke,4515,6,2964,4,1551,2,3268,2,23024,13,26292,15,0,99,3,40,3,4376,1,120,99
05-10-21,Coffee,6910,3,4765,0,2145,3,5815,0,46930,13,52745,13,0,122,0,38,3,6750,0,125,123
05-10-21,Crockett,2033,1,1222,0,811,1,1426,1,7506,3,8932,4,1,49,0,10,0,1974,0,31,49
05-10-21,Cumberland,6751,4,5540,4,1211,0,6360,4,49839,20,56199,24,0,133,-8,71,12,6547,0,166,133
05-10-21,Davidson,89440,38,83563,30,5877,8,101510,45,1037682,1296,1139192,1341,2,940,-92,634,128,87866,0,1987,939
05-10-21,Decatur,1589,1,1171,0,418,1,1392,0,11105,0,12497,0,0,39,1,9,0,1541,0,40,39
05-10-21,Dekalb,2805,2,2066,2,739,0,2383,2,17480,9,19863,11,0,54,-1,22,3,2729,0,57,54
05-10-21,Dickson,6842,3,4956,2,1886,1,5850,2,37055,60,42905,62,1,113,-5,38,7,6691,1,122,113
05-10-21,Dyer,5430,3,3564,0,1866,3,4026,0,22319,13,26345,13,0,106,1,32,2,5292,0,111,106
05-10-21,Fayette,5094,6,4312,3,782,3,5334,3,39323,40,44657,43,1,77,-5,99,10,4918,0,135,78
05-10-21,Fentress,2422,0,2080,0,342,0,2374,0,13638,8,16012,8,0,47,-5,17,5,2358,0,64,47
05-10-21,Franklin,5155,3,4277,3,878,0,5002,3,39524,7,44526,10,0,90,-6,27,9,5038,0,110,90
05-10-21,Gibson,6524,2,3912,0,2612,2,4734,0,30430,11,35164,11,0,146,-4,39,6,6339,0,116,146
05-10-21,Giles,4002,5,3279,2,723,3,3771,0,23542,15,27313,15,0,100,4,34,1,3868,0,111,100
05-10-21,Grainger,2633,4,1937,1,696,3,2170,1,14392,10,16562,11,0,50,3,20,1,2563,0,73,50
05-10-21,Greene,7893,13,6288,9,1605,4,7043,10,52752,68,59795,78,0,156,7,77,6,7660,1,197,156
05-10-21,Grundy,1792,0,1498,0,294,0,1715,0,9493,1,11208,1,0,34,-1,4,1,1754,0,61,34
05-10-21,Hamblen,8617,5,5974,4,2643,1,6708,4,47041,21,53749,25,0,173,1,57,4,8387,0,266,173
05-10-21,Hamilton,44401,41,37982,31,6419,10,42582,38,329518,305,372100,343,0,495,-9,438,50,43468,1,1176,495
05-10-21,Hancock,591,0,407,0,184,0,435,0,4045,2,4480,2,0,12,-1,7,1,572,0,23,12
05-10-21,Hardeman,3524,0,2827,0,697,0,3305,0,25920,7,29225,7,0,64,-3,29,3,3431,0,105,64
05-10-21,Hardin,3578,5,2406,1,1172,4,2861,1,23986,15,26847,16,0,68,2,25,3,3485,1,70,68
05-10-21,Hawkins,6109,6,4925,3,1184,3,5306,3,36330,33,41636,36,0,107,-12,166,18,5836,1,159,107
05-10-21,Haywood,2711,1,2270,0,441,1,2590,0,13935,3,16525,3,0,62,1,17,0,2632,0,84,62
05-10-21,Henderson,3795,0,2620,0,1175,0,3272,0,16320,7,19592,7,0,76,-6,23,6,3696,0,79,76
05-10-21,Henry,3194,3,2448,3,746,0,2831,4,18195,7,21026,11,0,76,-4,44,7,3074,0,78,76
05-10-21,Hickman,2845,2,2290,2,555,0,2640,1,17073,20,19713,21,0,46,1,20,1,2779,0,58,46
05-10-21,Houston,1094,0,822,0,272,0,942,0,10787,6,11729,6,0,33,0,6,0,1055,0,40,33
05-10-21,Humphreys,1804,3,1141,0,663,3,1330,0,12081,16,13411,16,1,28,1,28,1,1748,0,36,28
05-10-21,Jackson,1322,0,1031,0,291,0,1202,0,5669,1,6871,1,0,36,-1,10,1,1276,0,41,36
05-10-21,Jefferson,6224,8,4236,2,1988,6,4787,2,39960,22,44747,24,1,125,-6,77,13,6022,0,196,125
05-10-21,Johnson,2413,4,2087,2,326,2,2225,1,16301,5,18526,6,0,39,-7,35,11,2339,1,60,39
05-10-21,Knox,51007,21,42532,13,8475,8,46542,13,336130,277,382672,290,1,636,-27,398,47,49973,1,1385,636
05-10-21,Lake,1702,0,1512,0,190,0,1781,0,10293,1,12074,1,0,26,0,4,0,1672,0,27,26
05-10-21,Lauderdale,3196,0,2485,0,711,0,2853,0,21596,18,24449,18,0,44,-5,31,5,3121,0,84,43
05-10-21,Lawrence,5961,12,4632,8,1329,4,5099,8,30218,43,35317,51,1,88,3,91,8,5782,1,152,89
05-10-21,Lewis,1582,0,1178,0,404,0,1275,0,10138,6,11413,6,0,26,-2,7,2,1549,0,43,26
05-10-21,Lincoln,4364,1,3357,1,1007,0,3814,3,18104,13,21918,16,0,63,-2,31,3,4270,0,85,62
05-10-21,Loudon,6145,3,4669,1,1476,2,5112,1,32135,24,37247,25,0,69,-10,59,13,6017,1,139,69
05-10-21,Macon,3626,4,2803,2,823,2,3296,2,17300,19,20596,21,0,78,-1,18,5,3530,0,129,78
05-10-21,Madison,11189,12,6261,11,4928,1,7560,11,56960,78,64520,89,0,242,-5,-22,17,10969,0,337,241
05-10-21,Marion,3127,0,2672,0,455,0,2986,0,20162,9,23148,9,0,47,0,12,0,3068,0,115,47
05-10-21,Marshall,4199,3,3280,1,919,2,3707,1,23650,12,27357,13,0,58,-5,43,8,4098,0,92,58
05-10-21,Maury,13520,6,11799,4,1721,2,13018,4,76842,64,89860,68,0,172,-16,138,22,13210,0,297,171
05-10-21,McMinn,6521,4,5766,1,755,3,6347,1,43732,22,50079,23,0,98,-3,58,7,6365,1,163,98
05-10-21,McNairy,2825,1,1988,0,837,1,2412,0,18781,8,21193,8,0,54,-3,17,4,2754,0,66,54
05-10-21,Meigs,1390,0,1243,0,147,0,1381,0,8302,10,9683,10,0,25,-3,11,3,1354,0,46,25
05-10-21,Monroe,5858,5,4608,2,1250,3,5166,3,28167,19,33333,22,1,96,-4,54,8,5708,0,161,96
05-10-21,Montgomery,20334,19,14915,15,5419,4,16378,19,122825,145,139203,164,0,227,-13,251,32,19856,1,308,227
05-10-21,Moore,1012,0,779,0,233,0,879,0,4951,2,5830,2,0,17,-2,4,2,991,0,18,17
05-10-21,Morgan,2503,2,1830,1,673,1,1986,1,15711,9,17697,10,0,39,-6,20,8,2444,0,46,39
05-10-21,Obion,4545,5,3354,3,1191,2,3803,3,23261,20,27064,23,0,96,2,24,3,4425,0,102,96
05-10-21,Out of State,18137,13,14362,11,3775,2,16155,12,652491,714,668646,726,0,98,-16,174,29,17865,0,217,99
05-10-21,Overton,3020,3,2260,1,760,2,2660,1,15408,8,18068,9,0,61,1,20,2,2939,0,64,61
05-10-21,Pending,16843,10,10842,3,6001,7,12054,3,430548,449,442602,452,0,134,-9,128,19,16581,0,139,133
05-10-21,Perry,1068,1,917,1,151,0,1032,1,6199,7,7231,8,0,28,1,8,0,1032,0,28,28
05-10-21,Pickett,758,0,500,0,258,0,602,0,4003,6,4605,6,0,24,-1,1,1,733,0,28,24
05-10-21,Polk,2080,1,1864,0,216,1,2066,1,9856,4,11922,5,0,24,-5,39,6,2017,0,91,24
05-10-21,Putnam,11402,10,9259,6,2143,4,11089,7,74261,47,85350,54,0,175,-4,110,14,11117,0,211,175
05-10-21,Rhea,4350,0,3757,0,593,0,4204,0,27612,16,31816,16,0,75,-1,22,1,4253,0,85,75
05-10-21,Roane,6305,5,4838,1,1467,4,5388,1,44485,38,49873,39,0,105,-1,56,6,6144,1,153,105
05-10-21,Robertson,9772,8,7634,4,2138,4,8601,6,45552,44,54153,50,0,131,-2,62,10,9579,2,439,132
05-10-21,Rutherford,43106,17,36715,9,6391,8,42649,16,250294,245,292943,261,1,436,-42,354,58,42316,0,596,437
05-10-21,Scott,3140,7,1710,0,1430,7,1828,0,11882,4,13710,4,0,45,2,49,5,3046,0,67,45
05-10-21,Sequatchie,1707,6,1326,2,381,4,1450,2,12082,5,13532,7,0,29,1,22,5,1656,0,41,29
05-10-21,Sevier,13417,11,11400,1,2017,10,12543,1,69240,53,81783,54,0,175,5,135,6,13107,1,286,175
05-10-21,Shelby,96005,87,88716,67,7289,20,109113,80,1040236,1415,1149349,1495,0,1622,-71,1468,158,92915,6,3741,1630
05-10-21,Smith,2781,3,2075,1,706,2,2593,1,14114,12,16707,13,0,39,2,21,1,2721,0,59,39
05-10-21,Stewart,1324,0,1002,0,322,0,1135,0,7172,5,8307,5,0,28,-1,8,1,1288,0,26,28
05-10-21,Sullivan,16855,17,14628,14,2227,3,15862,19,93949,94,109811,113,1,296,-40,313,56,16246,0,778,296
05-10-21,Sumner,24057,18,21185,7,2872,11,23984,8,128049,119,152033,127,0,349,-37,279,55,23429,0,717,348
05-10-21,Tipton,7376,11,5101,4,2275,7,6154,5,50148,68,56302,73,1,103,1,91,9,7182,0,162,103
05-10-21,Trousdale,2502,0,2342,0,160,0,2511,1,9535,4,12046,5,0,22,-1,5,1,2475,0,41,22
05-10-21,Unicoi,2041,2,1539,0,502,2,1691,0,14046,15,15737,15,0,49,-6,36,8,1956,0,71,49
05-10-21,Union,1911,1,1600,1,311,0,1725,1,10914,13,12639,14,0,34,-3,13,4,1864,0,59,34
05-10-21,Van Buren,852,5,701,4,151,1,777,4,5408,0,6185,4,0,23,3,5,2,824,1,24,23
05-10-21,Warren,5544,2,4716,1,828,1,5344,1,34305,15,39649,16,0,81,1,15,1,5448,1,85,81
05-10-21,Washington,14635,22,12523,11,2112,11,13780,12,87905,119,101685,131,0,245,-3,201,25,14189,0,374,245
05-10-21,Wayne,2963,3,2376,1,587,2,2614,1,11489,2,14103,3,0,34,2,17,1,2912,0,61,34
05-10-21,Weakley,4151,3,3035,1,1116,2,3471,1,22212,6,25683,7,0,65,-3,74,6,4012,0,77,65
05-10-21,White,3660,7,2972,5,688,2,3619,6,23472,13,27091,19,0,70,3,68,4,3522,2,118,70
05-10-21,Williamson,28055,25,23545,17,4510,8,26127,12,193152,193,219279,205,0,217,-17,248,42,27590,0,294,217
05-10-21,Wilson,18837,7,16897,3,1940,4,19194,6,112787,124,131981,130,1,236,-18,162,24,18439,0,339,236
05-09-21,Anderson,8764,1,6515,0,2249,1,7289,1,64474,28,71763,29,0,172,-4,56,5,8536,0,218,171
05-09-21,Bedford,6512,2,5104,0,1408,2,5882,0,32744,17,38626,17,1,129,-5,38,6,6345,0,138,128
05-09-21,Benton,1665,0,1302,0,363,0,1442,0,9320,7,10762,7,0,40,-3,22,3,1603,0,39,40
05-09-21,Bledsoe,2145,1,1930,1,215,0,2048,1,16506,12,18554,13,0,11,-1,24,2,2110,0,32,11
05-09-21,Blount,15502,5,13157,4,2345,1,14521,6,78563,53,93084,59,0,193,-6,180,11,15129,0,356,196
05-09-21,Bradley,15056,8,12248,7,2808,1,13915,12,69670,101,83585,113,0,150,-14,186,22,14720,0,667,151
05-09-21,Campbell,4157,0,2268,0,1889,0,2546,0,25373,11,27919,11,0,63,-5,29,5,4065,0,129,63
05-09-21,Cannon,1922,1,1531,1,391,0,1705,1,9652,11,11357,12,0,31,0,19,1,1872,0,39,31
05-09-21,Carroll,3619,0,2350,0,1269,0,2791,0,20037,15,22828,15,0,83,-1,29,1,3507,0,83,83
05-09-21,Carter,6638,1,5752,1,886,0,6332,2,39661,34,45993,36,0,158,-6,91,7,6389,1,233,158
05-09-21,Cheatham,4559,3,3460,2,1099,1,3910,2,28498,18,32408,20,1,56,-1,40,3,4463,0,90,56
05-09-21,Chester,2143,0,1532,0,611,0,1825,0,12312,5,14137,5,0,51,-2,25,2,2067,0,45,51
05-09-21,Claiborne,3179,0,2029,0,1150,0,2176,0,24938,10,27114,10,0,73,-3,26,3,3080,0,95,73
05-09-21,Clay,1102,0,755,0,347,0,872,0,5749,0,6621,0,0,31,0,1,0,1070,0,25,30
05-09-21,Cocke,4509,1,2960,1,1549,0,3266,1,23011,6,26277,7,0,99,-3,37,4,4373,0,119,99
05-09-21,Coffee,6907,3,4765,1,2142,2,5815,1,46917,14,52732,15,1,122,1,38,1,6747,0,125,122
05-09-21,Crockett,2032,0,1222,0,810,0,1425,0,7503,6,8928,6,0,48,0,10,0,1974,0,31,49
05-09-21,Cumberland,6747,5,5536,4,1211,1,6356,7,49819,31,56175,38,1,133,2,79,2,6535,1,166,133
05-09-21,Davidson,89402,19,83533,15,5869,4,101465,19,1036386,1422,1137851,1441,4,938,-24,726,39,87738,1,1987,938
05-09-21,Decatur,1588,0,1171,0,417,0,1392,0,11105,6,12497,6,0,39,-1,8,1,1541,0,40,39
05-09-21,Dekalb,2803,3,2064,3,739,0,2381,3,17471,13,19852,16,0,54,2,23,1,2726,1,57,54
05-09-21,Dickson,6839,1,4954,0,1885,1,5848,0,36995,11,42843,11,2,112,-6,43,5,6684,0,121,113
05-09-21,Dyer,5427,0,3564,0,1863,0,4026,0,22306,9,26332,9,0,106,-1,31,1,5290,0,111,106
05-09-21,Fayette,5088,1,4309,1,779,0,5331,2,39283,31,44614,33,-1,76,-2,104,4,4908,0,135,78
05-09-21,Fentress,2422,0,2080,0,342,0,2374,0,13630,1,16004,1,0,47,0,22,0,2353,0,64,47
05-09-21,Franklin,5152,2,4274,2,878,0,4999,2,39517,15,44516,17,0,90,0,33,2,5029,0,110,90
05-09-21,Gibson,6522,2,3912,1,2610,1,4734,1,30419,17,35153,18,0,146,0,43,2,6333,0,116,146
05-09-21,Giles,3997,1,3277,1,720,0,3771,1,23527,11,27298,12,0,100,0,30,1,3867,0,111,100
05-09-21,Grainger,2629,0,1936,0,693,0,2169,0,14382,9,16551,9,0,50,-1,17,1,2562,0,73,50
05-09-21,Greene,7880,4,6279,4,1601,0,7033,6,52684,79,59717,85,1,156,-6,70,9,7654,1,196,156
05-09-21,Grundy,1792,0,1498,0,294,0,1715,0,9492,1,11207,1,0,34,0,5,0,1753,0,61,34
05-09-21,Hamblen,8612,2,5970,0,2642,2,6704,0,47020,17,53724,17,0,173,-3,56,5,8383,0,266,173
05-09-21,Hamilton,44360,39,37951,28,6409,11,42544,27,329213,382,371757,409,1,495,-10,447,48,43418,0,1175,495
05-09-21,Hancock,591,0,407,0,184,0,435,0,4043,2,4478,2,0,12,-3,8,3,571,0,23,12
05-09-21,Hardeman,3524,0,2827,0,697,0,3305,1,25913,121,29218,122,0,64,-5,32,5,3428,0,105,64
05-09-21,Hardin,3573,1,2405,0,1168,1,2860,0,23971,20,26831,20,1,68,-1,23,1,3482,0,69,68
05-09-21,Hawkins,6103,4,4922,3,1181,1,5303,2,36297,31,41600,33,0,107,-13,178,17,5818,1,158,107
05-09-21,Haywood,2710,1,2270,1,440,0,2590,1,13932,9,16522,10,0,62,0,16,1,2632,1,84,62
05-09-21,Henderson,3795,5,2620,2,1175,3,3272,2,16313,3,19585,5,0,76,3,29,2,3690,0,79,76
05-09-21,Henry,3191,4,2445,1,746,3,2827,1,18188,9,21015,10,0,76,-1,48,5,3067,1,78,76
05-09-21,Hickman,2843,0,2288,0,555,0,2639,0,17053,11,19692,11,0,46,-2,19,2,2778,0,58,46
05-09-21,Houston,1094,0,822,0,272,0,942,0,10781,3,11723,3,0,33,0,6,0,1055,0,40,33
05-09-21,Humphreys,1801,1,1141,1,660,0,1330,1,12065,7,13395,8,0,27,-1,27,2,1747,0,36,28
05-09-21,Jackson,1322,0,1031,0,291,0,1202,0,5668,2,6870,2,0,36,0,11,0,1275,0,41,36
05-09-21,Jefferson,6216,5,4234,4,1982,1,4785,4,39938,39,44723,43,0,124,3,83,2,6009,0,196,125
05-09-21,Johnson,2409,0,2085,0,324,0,2224,0,16296,9,18520,9,0,39,-3,42,3,2328,0,59,39
05-09-21,Knox,50986,17,42519,14,8467,3,46529,17,335853,369,382382,386,0,635,-22,425,39,49926,1,1384,635
05-09-21,Lake,1702,0,1512,0,190,0,1781,0,10292,2,12073,2,0,26,0,4,0,1672,0,27,26
05-09-21,Lauderdale,3196,1,2485,0,711,1,2853,1,21578,12,24431,13,0,44,1,36,0,3116,0,84,43
05-09-21,Lawrence,5949,0,4624,0,1325,0,5091,0,30175,25,35266,25,0,87,-7,88,7,5774,0,151,89
05-09-21,Lewis,1582,0,1178,0,404,0,1275,0,10132,7,11407,7,0,26,-3,9,3,1547,0,43,26
05-09-21,Lincoln,4363,3,3356,3,1007,0,3811,2,18091,12,21902,14,0,63,0,33,3,4267,0,85,62
05-09-21,Loudon,6142,1,4668,0,1474,1,5111,1,32111,16,37222,17,0,69,-8,69,9,6004,0,138,69
05-09-21,Macon,3622,0,2801,0,821,0,3294,0,17281,8,20575,8,0,78,0,19,0,3525,0,129,78
05-09-21,Madison,11177,1,6250,1,4927,0,7549,1,56882,44,64431,45,0,242,-4,-17,5,10952,0,337,241
05-09-21,Marion,3127,2,2672,2,455,0,2986,2,20153,16,23139,18,0,47,0,12,2,3068,0,115,47
05-09-21,Marshall,4196,1,3279,0,917,1,3706,0,23638,8,27344,8,0,58,-1,48,2,4090,0,92,58
05-09-21,Maury,13514,4,11795,2,1719,2,13014,2,76778,55,89792,57,0,172,-9,154,13,13188,0,297,171
05-09-21,McMinn,6517,4,5765,4,752,0,6346,4,43710,33,50056,37,0,98,-4,61,8,6358,0,162,98
05-09-21,McNairy,2824,2,1988,0,836,2,2412,0,18773,7,21185,7,0,54,-1,20,3,2750,0,66,54
05-09-21,Meigs,1390,0,1243,0,147,0,1381,0,8292,9,9673,9,0,25,-1,14,1,1351,0,46,25
05-09-21,Monroe,5853,5,4606,3,1247,2,5163,3,28148,14,33311,17,0,95,-1,58,6,5700,0,161,96
05-09-21,Montgomery,20315,7,14900,6,5415,1,16359,6,122680,130,139039,136,2,227,-12,264,17,19824,0,307,227
05-09-21,Moore,1012,0,779,0,233,0,879,0,4949,1,5828,1,0,17,-1,6,1,989,0,18,17
05-09-21,Morgan,2501,1,1829,0,672,1,1985,0,15702,6,17687,6,0,39,0,26,1,2436,0,46,39
05-09-21,Obion,4540,0,3351,0,1189,0,3800,0,23241,20,27041,20,0,96,-2,22,2,4422,0,102,96
05-09-21,Out of State,18124,6,14351,4,3773,2,16143,5,651777,328,667920,333,1,98,-4,190,9,17836,0,217,98
05-09-21,Overton,3017,2,2259,0,758,2,2659,0,15400,11,18059,11,0,61,2,19,0,2937,0,64,61
05-09-21,Pending,16833,1,10839,0,5994,1,12051,0,430099,376,442150,376,0,134,-9,137,10,16562,0,139,133
05-09-21,Perry,1067,0,916,0,151,0,1031,0,6192,1,7223,1,0,28,-1,7,1,1032,0,28,28
05-09-21,Pickett,758,0,500,0,258,0,602,0,3997,1,4599,1,0,24,0,2,0,732,0,28,24
05-09-21,Polk,2079,2,1864,2,215,0,2065,3,9852,7,11917,10,0,24,-1,44,3,2011,0,91,24
05-09-21,Putnam,11392,1,9253,1,2139,0,11082,1,74214,44,85296,45,0,175,-4,114,5,11103,0,211,175
05-09-21,Rhea,4350,0,3757,0,593,0,4204,0,27596,30,31800,30,0,75,-1,23,1,4252,0,85,75
05-09-21,Roane,6300,2,4837,2,1463,0,5387,2,44447,23,49834,25,0,105,-5,57,7,6138,0,152,105
05-09-21,Robertson,9764,5,7630,3,2134,2,8595,4,45508,43,54103,47,0,131,0,64,5,9569,0,437,132
05-09-21,Rutherford,43089,16,36706,13,6383,3,42633,14,250049,232,292682,246,1,435,-23,396,38,42258,0,596,436
05-09-21,Scott,3133,0,1710,0,1423,0,1828,0,11878,1,13706,1,0,45,-6,47,6,3041,0,67,45
05-09-21,Sequatchie,1701,0,1324,0,377,0,1448,0,12077,6,13525,6,0,29,0,21,0,1651,0,41,29
05-09-21,Sevier,13406,14,11399,12,2007,2,12542,13,69187,76,81729,89,0,175,4,130,10,13101,0,285,175
05-09-21,Shelby,95918,83,88649,72,7269,11,109033,85,1038821,1071,1147854,1156,2,1622,-18,1539,99,92757,4,3735,1627
05-09-21,Smith,2778,0,2074,0,704,0,2592,0,14102,11,16694,11,0,39,-1,19,1,2720,0,59,39
05-09-21,Stewart,1324,0,1002,0,322,0,1135,0,7167,6,8302,6,0,28,-1,9,1,1287,0,26,28
05-09-21,Sullivan,16838,11,14614,10,2224,1,15843,10,93855,133,109698,143,1,295,-16,353,26,16190,0,778,296
05-09-21,Sumner,24039,13,21178,8,2861,5,23976,12,127930,121,151906,133,0,349,-14,316,27,23374,0,717,348
05-09-21,Tipton,7365,5,5097,4,2268,1,6149,5,50080,52,56229,57,-1,102,1,90,5,7173,0,162,102
05-09-21,Trousdale,2502,0,2342,0,160,0,2510,0,9531,4,12041,4,0,22,0,6,0,2474,0,41,22
05-09-21,Unicoi,2039,1,1539,1,500,0,1691,1,14031,7,15722,8,0,49,-4,42,5,1948,1,71,49
05-09-21,Union,1910,0,1599,0,311,0,1724,0,10901,12,12625,12,0,34,-2,16,2,1860,0,59,34
05-09-21,Van Buren,847,0,697,0,150,0,773,0,5408,1,6181,1,0,23,-1,2,1,822,0,23,23
05-09-21,Warren,5542,1,4715,1,827,0,5343,1,34290,13,39633,14,0,81,-1,14,2,5447,0,84,81
05-09-21,Washington,14613,9,12512,7,2101,2,13768,7,87786,104,101554,111,0,245,-12,204,21,14164,4,374,245
05-09-21,Wayne,2960,0,2375,0,585,0,2613,0,11487,9,14100,9,0,34,0,15,0,2911,0,61,34
05-09-21,Weakley,4148,6,3034,1,1114,5,3470,2,22206,9,25676,11,0,65,-1,77,7,4006,0,77,65
05-09-21,White,3653,1,2967,1,686,0,3613,1,23459,17,27072,18,0,70,-5,65,6,3518,0,116,70
05-09-21,Williamson,28030,14,23528,9,4502,5,26115,8,192959,178,219074,186,0,217,-10,265,24,27548,0,294,217
05-09-21,Wilson,18830,8,16894,7,1936,1,19188,6,112663,139,131851,145,1,235,-3,180,10,18415,0,339,236
05-08-21,Anderson,8763,6,6515,3,2248,3,7288,2,64446,70,71734,72,0,172,-6,60,12,8531,1,218,171
05-08-21,Bedford,6510,4,5104,4,1406,0,5882,5,32727,24,38609,29,0,128,1,43,3,6339,0,138,128
05-08-21,Benton,1665,1,1302,1,363,0,1442,1,9313,10,10755,11,0,40,0,25,1,1600,0,39,40
05-08-21,Bledsoe,2144,2,1929,0,215,2,2047,0,16494,24,18541,24,0,11,0,25,2,2108,0,32,11
05-08-21,Blount,15497,10,13153,5,2344,5,14515,5,78510,125,93025,130,0,193,-4,186,14,15118,0,356,196
05-08-21,Bradley,15048,12,12241,6,2807,6,13903,7,69569,94,83472,101,0,150,-7,200,19,14698,2,667,151
05-08-21,Campbell,4157,3,2268,0,1889,3,2546,0,25362,11,27908,11,0,63,-1,34,4,4060,0,129,63
05-08-21,Cannon,1921,0,1530,0,391,0,1704,0,9641,13,11345,13,0,31,-1,19,1,1871,0,39,31
05-08-21,Carroll,3619,1,2350,1,1269,0,2791,1,20022,15,22813,16,0,83,0,30,1,3506,0,83,83
05-08-21,Carter,6637,0,5751,0,886,0,6330,0,39627,87,45957,87,0,158,-5,97,5,6382,0,232,158
05-08-21,Cheatham,4556,1,3458,1,1098,0,3908,1,28480,43,32388,44,0,55,0,41,1,4460,0,90,56
05-08-21,Chester,2143,1,1532,1,611,0,1825,1,12307,7,14132,8,0,51,-3,27,4,2065,0,45,51
05-08-21,Claiborne,3179,0,2029,0,1150,0,2176,0,24928,18,27104,18,0,73,-4,29,4,3077,0,95,73
05-08-21,Clay,1102,0,755,0,347,0,872,0,5749,5,6621,5,0,31,0,1,0,1070,0,25,30
05-08-21,Cocke,4508,5,2959,1,1549,4,3265,1,23005,20,26270,21,0,99,2,40,3,4369,0,119,99
05-08-21,Coffee,6904,1,4764,1,2140,0,5814,1,46903,55,52717,56,0,121,-2,37,3,6746,0,125,122
05-08-21,Crockett,2032,0,1222,0,810,0,1425,0,7497,3,8922,3,0,48,0,10,0,1974,0,31,48
05-08-21,Cumberland,6742,5,5532,2,1210,3,6349,2,49788,23,56137,25,0,132,3,77,2,6533,0,165,133
05-08-21,Davidson,89383,53,83518,44,5865,9,101446,65,1034964,1803,1136410,1868,0,934,2,750,51,87699,1,1986,937
05-08-21,Decatur,1588,0,1171,0,417,0,1392,0,11099,3,12491,3,0,39,0,9,0,1540,0,40,39
05-08-21,Dekalb,2800,4,2061,3,739,1,2378,3,17458,18,19836,21,0,54,3,21,1,2725,0,56,54
05-08-21,Dickson,6838,1,4954,1,1884,0,5848,1,36984,37,42832,38,0,110,-2,49,3,6679,0,121,113
05-08-21,Dyer,5427,0,3564,0,1863,0,4026,1,22297,16,26323,17,0,106,-2,32,2,5289,0,111,106
05-08-21,Fayette,5087,7,4308,4,779,3,5329,9,39252,73,44581,82,0,77,2,106,5,4904,0,135,78
05-08-21,Fentress,2422,0,2080,0,342,0,2374,0,13629,39,16003,39,0,47,-3,22,3,2353,0,64,47
05-08-21,Franklin,5150,2,4272,1,878,1,4997,1,39502,24,44499,25,0,90,0,33,2,5027,0,110,90
05-08-21,Gibson,6520,3,3911,3,2609,0,4733,3,30402,34,35135,37,0,146,-3,43,6,6331,0,116,146
05-08-21,Giles,3996,0,3276,0,720,0,3770,4,23516,34,27286,38,0,100,-1,30,1,3866,0,111,100
05-08-21,Grainger,2629,2,1936,1,693,1,2169,1,14373,15,16542,16,0,50,1,18,1,2561,0,73,50
05-08-21,Greene,7876,6,6275,6,1601,0,7027,6,52605,53,59632,59,0,155,3,76,3,7645,0,195,156
05-08-21,Grundy,1792,0,1498,0,294,0,1715,0,9491,4,11206,4,0,34,-1,5,1,1753,0,61,34
05-08-21,Hamblen,8610,2,5970,0,2640,2,6704,1,47003,22,53707,23,0,173,-4,59,6,8378,0,266,173
05-08-21,Hamilton,44321,22,37923,12,6398,10,42517,15,328831,379,371348,394,0,494,-6,457,28,43370,0,1175,495
05-08-21,Hancock,591,0,407,0,184,0,435,0,4041,2,4476,2,0,12,-3,11,3,568,0,23,12
05-08-21,Hardeman,3524,0,2827,0,697,0,3304,0,25792,30,29096,30,0,64,-3,37,3,3423,0,105,64
05-08-21,Hardin,3572,2,2405,1,1167,1,2860,1,23951,27,26811,28,0,67,-1,24,3,3481,0,69,68
05-08-21,Hawkins,6099,12,4919,10,1180,2,5301,10,36266,33,41567,43,0,107,6,191,6,5801,0,157,107
05-08-21,Haywood,2709,1,2269,1,440,0,2589,1,13923,9,16512,10,0,62,-2,16,3,2631,0,83,62
05-08-21,Henderson,3790,0,2618,0,1172,0,3270,0,16310,10,19580,10,0,76,-1,26,1,3688,0,79,76
05-08-21,Henry,3187,4,2444,3,743,1,2826,5,18179,8,21005,13,0,76,4,49,0,3062,0,77,76
05-08-21,Hickman,2843,2,2288,2,555,0,2639,3,17042,15,19681,18,0,46,2,21,0,2776,0,58,46
05-08-21,Houston,1094,0,822,0,272,0,942,0,10778,6,11720,6,0,33,0,6,0,1055,0,40,33
05-08-21,Humphreys,1800,1,1140,0,660,1,1329,0,12058,10,13387,10,0,27,0,28,1,1745,0,36,28
05-08-21,Jackson,1322,1,1031,0,291,1,1202,0,5666,6,6868,6,0,36,0,11,1,1275,0,41,36
05-08-21,Jefferson,6211,6,4230,3,1981,3,4781,3,39899,26,44680,29,0,124,-3,80,9,6007,0,196,124
05-08-21,Johnson,2409,0,2085,0,324,0,2224,1,16287,22,18511,23,0,39,-2,45,2,2325,0,59,39
05-08-21,Knox,50969,20,42505,11,8464,9,46512,14,335484,315,381996,329,0,635,-19,447,39,49887,1,1383,635
05-08-21,Lake,1702,0,1512,0,190,0,1781,0,10290,2,12071,2,0,26,0,4,0,1672,0,27,26
05-08-21,Lauderdale,3195,2,2485,1,710,1,2852,1,21566,31,24418,32,0,44,0,35,2,3116,0,84,43
05-08-21,Lawrence,5949,6,4624,4,1325,2,5091,4,30150,27,35241,31,0,87,3,95,3,5767,0,151,89
05-08-21,Lewis,1582,0,1178,0,404,0,1275,0,10125,5,11400,5,0,26,0,12,0,1544,0,43,26
05-08-21,Lincoln,4360,2,3353,1,1007,1,3809,1,18079,19,21888,20,0,63,0,33,2,4264,0,85,62
05-08-21,Loudon,6141,3,4668,1,1473,2,5110,1,32095,37,37205,38,0,69,0,77,3,5995,0,138,69
05-08-21,Macon,3622,2,2801,1,821,1,3294,1,17273,28,20567,29,0,78,-1,19,3,3525,0,129,78
05-08-21,Madison,11176,8,6249,7,4927,1,7548,7,56838,61,64386,68,0,242,4,-13,4,10947,0,337,241
05-08-21,Marion,3125,2,2670,2,455,0,2984,2,20137,12,23121,14,0,47,1,12,1,3066,0,115,47
05-08-21,Marshall,4195,3,3279,3,916,0,3706,5,23630,17,27336,22,0,58,2,49,1,4088,0,92,58
05-08-21,Maury,13510,5,11793,4,1717,1,13012,4,76723,78,89735,82,0,172,-9,163,14,13175,0,297,171
05-08-21,McMinn,6513,0,5761,0,752,0,6342,0,43677,19,50019,19,0,98,-5,65,5,6350,0,162,98
05-08-21,McNairy,2822,2,1988,0,834,2,2412,0,18766,83,21178,83,0,54,0,21,2,2747,0,66,54
05-08-21,Meigs,1390,0,1243,0,147,0,1381,0,8283,7,9664,7,0,25,-2,15,2,1350,0,46,25
05-08-21,Monroe,5848,1,4603,1,1245,0,5160,1,28134,18,33294,19,0,95,-4,59,5,5694,0,161,96
05-08-21,Montgomery,20308,32,14894,22,5414,10,16353,25,122550,158,138903,183,0,225,10,276,22,19807,0,307,227
05-08-21,Moore,1012,1,779,1,233,0,879,1,4948,3,5827,4,0,17,1,7,0,988,0,18,17
05-08-21,Morgan,2500,2,1829,2,671,0,1985,2,15696,18,17681,20,0,39,2,26,0,2435,0,46,39
05-08-21,Obion,4540,0,3351,0,1189,0,3800,1,23221,17,27021,18,0,96,0,24,0,4420,0,102,96
05-08-21,Out of State,18118,15,14347,8,3771,7,16138,14,651449,590,667587,604,0,97,1,194,14,17827,1,217,98
05-08-21,Overton,3015,1,2259,1,756,0,2659,1,15389,9,18048,10,0,61,1,17,0,2937,0,64,61
05-08-21,Pending,16832,12,10839,5,5993,7,12051,5,429723,691,441774,696,0,134,4,146,8,16552,0,139,133
05-08-21,Perry,1067,1,916,1,151,0,1031,1,6191,5,7222,6,0,28,1,8,0,1031,0,28,28
05-08-21,Pickett,758,0,500,0,258,0,602,0,3996,1,4598,1,0,24,-1,2,1,732,0,28,24
05-08-21,Polk,2077,1,1862,1,215,0,2062,1,9845,13,11907,14,0,24,1,45,0,2008,0,91,24
05-08-21,Putnam,11391,4,9252,3,2139,1,11081,4,74170,38,85251,42,0,175,-2,118,6,11098,0,211,175
05-08-21,Rhea,4350,0,3757,0,593,0,4204,0,27566,9,31770,9,0,75,-2,24,2,4251,0,85,75
05-08-21,Roane,6298,7,4835,5,1463,2,5385,5,44424,55,49809,60,0,105,0,62,7,6131,0,152,105
05-08-21,Robertson,9759,2,7627,2,2132,0,8591,3,45465,44,54056,47,0,131,-2,64,4,9564,0,437,131
05-08-21,Rutherford,43073,26,36693,20,6380,6,42619,25,249817,431,292436,456,0,434,-11,419,37,42220,0,596,435
05-08-21,Scott,3133,2,1710,0,1423,2,1828,0,11877,13,13705,13,0,45,-3,53,5,3035,0,67,45
05-08-21,Sequatchie,1701,1,1324,0,377,1,1448,0,12071,9,13519,9,0,29,1,21,0,1651,0,41,29
05-08-21,Sevier,13392,4,11387,3,2005,1,12529,5,69111,56,81640,61,0,175,-5,126,9,13091,0,285,175
05-08-21,Shelby,95835,119,88577,98,7258,21,108948,129,1037750,2249,1146698,2378,0,1620,13,1557,106,92658,2,3731,1626
05-08-21,Smith,2778,0,2074,0,704,0,2592,0,14091,13,16683,13,0,39,0,20,0,2719,0,59,39
05-08-21,Stewart,1324,0,1002,0,322,0,1135,0,7161,6,8296,6,0,28,0,10,0,1286,0,26,28
05-08-21,Sullivan,16827,13,14604,8,2223,5,15833,10,93722,116,109555,126,0,294,-6,369,19,16164,0,778,295
05-08-21,Sumner,24026,13,21170,9,2856,4,23964,14,127809,185,151773,199,0,349,-8,330,21,23347,0,717,348
05-08-21,Tipton,7360,4,5093,3,2267,1,6144,2,50028,70,56172,72,0,103,-1,89,5,7168,0,162,102
05-08-21,Trousdale,2502,0,2342,0,160,0,2510,0,9527,13,12037,13,0,22,0,6,0,2474,0,41,22
05-08-21,Unicoi,2038,4,1538,3,500,1,1690,3,14024,69,15714,72,0,49,-1,46,5,1943,0,70,49
05-08-21,Union,1910,2,1599,2,311,0,1724,2,10889,9,12613,11,0,34,1,18,1,1858,0,59,34
05-08-21,Van Buren,847,0,697,0,150,0,773,0,5407,3,6180,3,0,23,0,3,0,821,0,23,23
05-08-21,Warren,5541,0,4714,0,827,0,5342,0,34277,35,39619,35,0,81,-2,15,2,5445,0,84,81
05-08-21,Washington,14604,17,12505,16,2099,1,13761,16,87682,134,101443,150,0,245,-12,216,29,14143,1,370,245
05-08-21,Wayne,2960,0,2375,0,585,0,2613,0,11478,4,14091,4,0,34,0,15,0,2911,0,61,34
05-08-21,Weakley,4142,5,3033,4,1109,1,3468,4,22197,20,25665,24,0,65,-1,78,6,3999,1,77,65
05-08-21,White,3652,5,2966,1,686,4,3612,1,23442,23,27054,24,0,70,5,70,0,3512,0,116,70
05-08-21,Williamson,28016,11,23519,4,4497,7,26107,11,192781,279,218888,290,0,217,-3,275,14,27524,0,294,217
05-08-21,Wilson,18822,18,16887,16,1935,2,19182,21,112524,223,131706,244,0,234,13,183,5,18405,0,339,236
05-07-21,Anderson,8757,5,6512,2,2245,3,7286,3,64376,121,71662,124,0,172,-4,66,9,8519,0,217,171
05-07-21,Bedford,6506,6,5100,5,1406,1,5877,6,32703,74,38580,80,0,128,2,42,4,6336,0,138,128
05-07-21,Benton,1664,2,1301,1,363,1,1441,1,9303,12,10744,13,0,40,-1,25,3,1599,0,39,40
05-07-21,Bledsoe,2142,1,1929,0,213,1,2047,4,16470,43,18517,47,0,11,0,25,1,2106,0,32,11
05-07-21,Blount,15487,11,13148,9,2339,2,14510,10,78385,159,92895,169,0,193,-2,190,13,15104,0,356,196
05-07-21,Bradley,15036,21,12235,15,2801,6,13896,21,69475,131,83371,152,0,150,-7,207,28,14679,1,665,150
05-07-21,Campbell,4154,1,2268,0,1886,1,2546,0,25351,37,27897,37,0,63,-1,35,2,4056,0,129,63
05-07-21,Cannon,1921,2,1530,2,391,0,1704,2,9628,18,11332,20,0,31,1,20,1,1870,0,39,31
05-07-21,Carroll,3618,6,2349,0,1269,6,2790,1,20007,39,22797,40,0,83,4,30,2,3505,0,83,83
05-07-21,Carter,6637,11,5751,10,886,1,6330,10,39540,75,45870,85,0,158,-1,102,12,6377,0,232,158
05-07-21,Cheatham,4555,4,3457,4,1098,0,3907,4,28437,47,32344,51,0,55,-4,41,8,4459,0,90,56
05-07-21,Chester,2142,5,1531,2,611,3,1824,2,12300,20,14124,22,0,51,3,30,2,2061,0,45,51
05-07-21,Claiborne,3179,1,2029,0,1150,1,2176,0,24910,71,27086,71,0,73,-12,33,13,3073,0,95,73
05-07-21,Clay,1102,2,755,1,347,1,872,2,5744,7,6616,9,0,31,2,1,0,1070,0,25,30
05-07-21,Cocke,4503,7,2958,0,1545,7,3264,0,22985,72,26249,72,0,99,-2,38,9,4366,0,119,99
05-07-21,Coffee,6903,7,4763,3,2140,4,5813,3,46848,63,52661,66,0,121,4,39,3,6743,0,125,122
05-07-21,Crockett,2032,0,1222,0,810,0,1425,0,7494,9,8919,9,0,48,-2,10,2,1974,0,31,48
05-07-21,Cumberland,6737,8,5530,3,1207,5,6347,5,49765,128,56112,133,0,132,0,74,8,6531,0,165,133
05-07-21,Davidson,89330,78,83474,66,5856,12,101381,86,1033161,2229,1134542,2315,1,934,-19,748,96,87648,3,1985,937
05-07-21,Decatur,1588,2,1171,0,417,2,1392,0,11096,12,12488,12,0,39,2,9,0,1540,0,40,39
05-07-21,Dekalb,2796,1,2058,1,738,0,2375,1,17440,48,19815,49,0,54,0,18,1,2724,0,56,54
05-07-21,Dickson,6837,3,4953,3,1884,0,5847,4,36947,98,42794,102,0,110,1,51,2,6676,0,121,113
05-07-21,Dyer,5427,3,3564,2,1863,1,4025,1,22281,43,26306,44,0,106,-3,34,6,5287,0,111,106
05-07-21,Fayette,5080,16,4304,9,776,7,5320,12,39179,78,44499,90,0,77,10,104,6,4899,0,135,78
05-07-21,Fentress,2422,8,2080,7,342,1,2374,7,13590,78,15964,85,0,47,2,25,6,2350,1,64,47
05-07-21,Franklin,5148,2,4271,2,877,0,4996,1,39478,26,44474,27,0,90,1,33,1,5025,0,110,90
05-07-21,Gibson,6517,4,3908,3,2609,1,4730,2,30368,53,35098,55,0,146,-3,46,7,6325,0,116,146
05-07-21,Giles,3996,3,3276,2,720,1,3766,4,23482,52,27248,56,0,100,1,31,2,3865,0,111,100
05-07-21,Grainger,2627,2,1935,1,692,1,2168,1,14358,28,16526,29,0,50,0,17,2,2560,1,73,50
05-07-21,Greene,7870,13,6269,11,1601,2,7021,14,52552,165,59573,179,0,155,4,73,9,7642,0,195,156
05-07-21,Grundy,1792,0,1498,0,294,0,1715,0,9487,10,11202,10,0,34,0,6,0,1752,0,61,34
05-07-21,Hamblen,8608,5,5970,1,2638,4,6703,1,46981,65,53684,66,0,173,1,63,4,8372,0,266,173
05-07-21,Hamilton,44299,55,37911,37,6388,18,42502,41,328452,500,370954,541,0,494,16,463,39,43342,1,1175,494
05-07-21,Hancock,591,2,407,2,184,0,435,2,4039,6,4474,8,0,12,-2,14,4,565,0,23,12
05-07-21,Hardeman,3524,8,2827,7,697,1,3304,7,25762,33,29066,40,0,64,7,40,1,3420,0,105,64
05-07-21,Hardin,3570,4,2404,2,1166,2,2859,4,23924,40,26783,44,0,67,-1,25,5,3478,0,69,68
05-07-21,Hawkins,6087,28,4909,18,1178,10,5291,20,36233,104,41524,124,0,107,15,185,13,5795,0,157,107
05-07-21,Haywood,2708,0,2268,0,440,0,2588,1,13914,10,16502,11,0,62,-1,18,1,2628,0,83,62
05-07-21,Henderson,3790,1,2618,0,1172,1,3270,0,16300,18,19570,18,0,76,-1,27,2,3687,0,79,76
05-07-21,Henry,3183,5,2441,2,742,3,2821,2,18171,32,20992,34,0,76,-1,45,6,3062,0,77,76
05-07-21,Hickman,2841,3,2286,2,555,1,2636,2,17027,34,19663,36,0,46,-2,19,5,2776,0,58,46
05-07-21,Houston,1094,2,822,0,272,2,942,0,10772,21,11714,21,0,33,2,6,0,1055,0,40,33
05-07-21,Humphreys,1799,2,1140,0,659,2,1329,0,12048,30,13377,30,0,27,-2,28,4,1744,0,36,28
05-07-21,Jackson,1321,4,1031,0,290,4,1202,0,5660,8,6862,8,0,36,4,11,0,1274,0,41,36
05-07-21,Jefferson,6205,4,4227,1,1978,3,4778,2,39873,58,44651,60,0,124,-3,83,7,5998,0,196,124
05-07-21,Johnson,2409,2,2085,1,324,1,2223,1,16265,36,18488,37,0,39,-1,47,3,2323,0,59,39
05-07-21,Knox,50949,43,42494,29,8455,14,46498,33,335169,572,381667,605,0,635,3,466,40,49848,0,1382,635
05-07-21,Lake,1702,1,1512,1,190,0,1781,1,10288,5,12069,6,0,26,-2,4,3,1672,1,27,26
05-07-21,Lauderdale,3193,8,2484,6,709,2,2851,7,21535,44,24386,51,0,44,3,35,5,3114,0,84,43
05-07-21,Lawrence,5943,11,4620,7,1323,4,5087,8,30123,48,35210,56,0,87,5,92,6,5764,0,151,88
05-07-21,Lewis,1582,1,1178,1,404,0,1275,1,10120,16,11395,17,0,26,-1,12,2,1544,0,43,26
05-07-21,Lincoln,4358,6,3352,3,1006,3,3808,3,18060,28,21868,31,0,63,1,33,5,4262,0,85,62
05-07-21,Loudon,6138,7,4667,3,1471,4,5109,5,32058,65,37167,70,0,69,0,77,7,5992,0,138,69
05-07-21,Macon,3620,3,2800,1,820,2,3293,1,17245,21,20538,22,0,78,2,20,1,3522,0,129,78
05-07-21,Madison,11168,19,6242,11,4926,8,7541,11,56777,133,64318,144,0,242,10,-17,9,10943,0,337,241
05-07-21,Marion,3123,2,2668,2,455,0,2982,2,20125,23,23107,25,0,47,-1,11,3,3065,0,115,47
05-07-21,Marshall,4192,6,3276,3,916,3,3701,3,23613,25,27314,28,0,58,3,47,3,4087,0,92,58
05-07-21,Maury,13505,12,11789,8,1716,4,13008,8,76645,132,89653,140,0,172,7,172,5,13161,1,297,171
05-07-21,McMinn,6513,10,5761,9,752,1,6342,9,43658,77,50000,86,0,98,0,70,10,6345,0,162,98
05-07-21,McNairy,2820,4,1988,2,832,2,2412,2,18683,38,21095,40,0,54,0,21,4,2745,0,66,54
05-07-21,Meigs,1390,1,1243,1,147,0,1381,1,8276,15,9657,16,0,25,-3,17,4,1348,0,46,25
05-07-21,Monroe,5847,12,4602,10,1245,2,5159,10,28116,76,33275,86,0,95,5,63,7,5689,2,161,96
05-07-21,Montgomery,20276,30,14872,23,5404,7,16328,26,122392,242,138720,268,0,225,-13,266,43,19785,0,307,227
05-07-21,Moore,1011,0,778,0,233,0,878,0,4945,7,5823,7,0,17,-1,6,1,988,0,18,17
05-07-21,Morgan,2498,3,1827,3,671,0,1983,3,15678,43,17661,46,0,39,1,24,2,2435,0,46,39
05-07-21,Obion,4540,4,3351,3,1189,1,3799,3,23204,38,27003,41,0,96,1,24,3,4420,0,102,96
05-07-21,Out of State,18103,16,14339,11,3764,5,16124,14,650859,1034,666983,1048,0,97,-5,193,21,17813,0,216,98
05-07-21,Overton,3014,3,2258,2,756,1,2658,2,15380,19,18038,21,0,61,3,16,0,2937,0,64,61
05-07-21,Pending,16820,22,10834,13,5986,9,12046,16,429032,1275,441078,1291,0,134,6,142,16,16544,0,139,133
05-07-21,Perry,1066,0,915,0,151,0,1030,0,6186,8,7216,8,0,28,-1,7,1,1031,0,28,28
05-07-21,Pickett,758,0,500,0,258,0,602,0,3995,2,4597,2,0,24,0,3,0,731,0,28,24
05-07-21,Polk,2076,1,1861,1,215,0,2061,1,9832,21,11893,22,0,24,-6,44,7,2008,0,91,24
05-07-21,Putnam,11387,17,9249,15,2138,2,11077,17,74132,113,85209,130,0,175,6,120,11,11092,1,211,175
05-07-21,Rhea,4350,4,3757,3,593,1,4204,5,27557,56,31761,61,0,75,4,26,0,4249,0,85,75
05-07-21,Roane,6291,12,4830,7,1461,5,5380,7,44369,110,49749,117,0,105,9,62,3,6124,0,152,105
05-07-21,Robertson,9757,6,7625,5,2132,1,8588,5,45421,97,54009,102,0,131,-6,66,12,9560,0,437,131
05-07-21,Rutherford,43047,32,36673,20,6374,12,42594,26,249386,582,291980,608,0,434,-12,430,44,42183,0,596,434
05-07-21,Scott,3131,8,1710,2,1421,6,1828,2,11864,14,13692,16,0,45,4,56,4,3030,0,67,45
05-07-21,Sequatchie,1700,3,1324,1,376,2,1448,1,12062,26,13510,27,0,29,3,20,0,1651,0,41,29
05-07-21,Sevier,13388,14,11384,3,2004,11,12524,2,69055,101,81579,103,0,175,2,131,12,13082,1,285,175
05-07-21,Shelby,95716,167,88479,149,7237,18,108819,180,1035501,2437,1144320,2617,1,1620,27,1544,139,92552,5,3729,1624
05-07-21,Smith,2778,2,2074,2,704,0,2592,2,14078,25,16670,27,0,39,1,20,1,2719,0,59,39
05-07-21,Stewart,1324,1,1002,1,322,0,1135,1,7155,8,8290,9,0,28,1,10,0,1286,0,26,28
05-07-21,Sullivan,16814,47,14596,36,2218,11,15823,37,93606,179,109429,216,0,294,12,375,35,16145,1,778,294
05-07-21,Sumner,24013,34,21161,23,2852,11,23950,26,127624,226,151574,252,0,349,-2,338,36,23326,0,717,348
05-07-21,Tipton,7356,8,5090,3,2266,5,6142,3,49958,110,56100,113,0,103,3,90,5,7163,0,162,102
05-07-21,Trousdale,2502,1,2342,1,160,0,2510,1,9514,15,12024,16,0,22,0,6,1,2474,0,41,22
05-07-21,Unicoi,2034,2,1535,1,499,1,1687,2,13955,42,15642,44,0,49,-5,47,7,1938,0,70,49
05-07-21,Union,1908,3,1597,1,311,2,1722,1,10880,14,12602,15,0,34,2,17,1,1857,0,59,34
05-07-21,Van Buren,847,1,697,0,150,1,773,0,5404,5,6177,5,0,23,1,3,0,821,0,23,23
05-07-21,Warren,5541,2,4714,2,827,0,5342,3,34242,67,39584,70,0,81,0,17,2,5443,0,84,81
05-07-21,Washington,14587,18,12489,14,2098,4,13745,16,87548,225,101293,241,0,245,-7,228,25,14114,0,369,245
05-07-21,Wayne,2960,0,2375,0,585,0,2613,0,11474,5,14087,5,0,34,-1,15,1,2911,0,61,34
05-07-21,Weakley,4137,10,3029,5,1108,5,3464,6,22177,25,25641,31,0,65,8,79,2,3993,1,76,65
05-07-21,White,3647,12,2965,11,682,1,3611,12,23419,42,27030,54,0,70,7,65,5,3512,1,116,70
05-07-21,Williamson,28005,25,23515,18,4490,7,26096,21,192502,316,218598,337,0,217,-9,278,34,27510,0,294,217
05-07-21,Wilson,18804,22,16871,18,1933,4,19161,21,112301,258,131462,279,0,234,2,170,20,18400,0,339,236
05-06-21,Anderson,8752,4,6510,3,2242,1,7283,6,64255,52,71538,58,0,172,-6,70,10,8510,0,217,171
05-06-21,Bedford,6500,2,5095,2,1405,0,5871,3,32629,29,38500,32,0,128,-1,40,3,6332,0,138,128
05-06-21,Benton,1662,0,1300,0,362,0,1440,1,9291,6,10731,7,0,40,-3,26,3,1596,0,39,40
05-06-21,Bledsoe,2141,5,1929,4,212,1,2043,2,16427,46,18470,48,0,11,-3,25,8,2105,0,32,11
05-06-21,Blount,15476,10,13139,6,2337,4,14500,6,78226,101,92726,107,0,193,-12,192,22,15091,0,356,196
05-06-21,Bradley,15015,19,12220,11,2795,8,13875,12,69344,110,83219,122,1,150,-15,214,33,14651,0,664,150
05-06-21,Campbell,4153,1,2268,1,1885,0,2546,1,25314,14,27860,15,0,63,1,36,0,4054,0,129,63
05-06-21,Cannon,1919,0,1528,0,391,0,1702,0,9610,8,11312,8,0,31,-2,19,2,1869,0,39,31
05-06-21,Carroll,3612,4,2349,0,1263,4,2789,0,19968,18,22757,18,0,83,3,26,1,3503,0,83,83
05-06-21,Carter,6626,7,5741,5,885,2,6320,7,39465,57,45785,64,0,158,-2,103,9,6365,0,232,158
05-06-21,Cheatham,4551,4,3453,1,1098,3,3903,1,28390,30,32293,31,0,55,-5,45,9,4451,0,90,56
05-06-21,Chester,2137,2,1529,2,608,0,1822,2,12280,12,14102,14,0,51,-1,27,3,2059,1,45,51
05-06-21,Claiborne,3178,5,2029,1,1149,4,2176,3,24839,22,27015,25,0,73,-5,45,10,3060,0,95,73
05-06-21,Clay,1100,0,754,0,346,0,870,0,5737,2,6607,2,0,31,0,-1,0,1070,0,25,30
05-06-21,Cocke,4496,5,2958,1,1538,4,3264,2,22913,18,26177,20,0,99,3,40,2,4357,0,119,99
05-06-21,Coffee,6896,4,4760,4,2136,0,5810,5,46785,27,52595,32,0,121,-7,35,11,6740,0,125,122
05-06-21,Crockett,2032,0,1222,0,810,0,1425,1,7485,4,8910,5,0,48,-2,12,2,1972,0,31,48
05-06-21,Cumberland,6729,4,5527,1,1202,3,6342,5,49637,38,55979,43,0,132,-12,74,16,6523,0,165,133
05-06-21,Davidson,89252,56,83408,43,5844,13,101295,52,1030932,1421,1132227,1473,0,933,-44,767,100,87552,3,1982,935
05-06-21,Decatur,1586,0,1171,0,415,0,1392,0,11084,11,12476,11,0,39,0,7,0,1540,0,40,39
05-06-21,Dekalb,2795,2,2057,1,738,1,2374,1,17392,14,19766,15,0,54,0,18,2,2723,0,56,54
05-06-21,Dickson,6834,4,4950,3,1884,1,5843,3,36849,60,42692,63,0,110,0,50,4,6674,0,121,113
05-06-21,Dyer,5424,4,3562,3,1862,1,4024,3,22238,14,26262,17,0,106,-2,37,6,5281,2,111,106
05-06-21,Fayette,5064,10,4295,8,769,2,5308,11,39101,59,44409,70,0,77,8,94,2,4893,1,135,78
05-06-21,Fentress,2414,1,2073,0,341,1,2367,1,13512,6,15879,7,0,47,1,23,0,2344,0,63,47
05-06-21,Franklin,5146,2,4269,0,877,2,4995,0,39452,26,44447,26,0,90,-2,32,4,5024,0,110,90
05-06-21,Gibson,6513,3,3905,2,2608,1,4728,4,30315,71,35043,75,1,146,-5,49,7,6318,0,116,146
05-06-21,Giles,3993,2,3274,0,719,2,3762,0,23430,14,27192,14,0,100,0,30,2,3863,0,111,100
05-06-21,Grainger,2625,1,1934,0,691,1,2167,0,14330,9,16497,9,0,50,-1,17,2,2558,0,72,50
05-06-21,Greene,7857,11,6258,11,1599,0,7007,11,52387,157,59394,168,0,155,4,69,7,7633,1,195,156
05-06-21,Grundy,1792,1,1498,1,294,0,1715,1,9477,14,11192,15,0,34,1,6,0,1752,0,61,34
05-06-21,Hamblen,8603,5,5969,1,2634,4,6702,1,46916,30,53618,31,0,173,0,62,5,8368,1,266,173
05-06-21,Hamilton,44244,53,37874,39,6370,14,42461,44,327952,472,370413,516,2,494,2,447,49,43303,1,1174,494
05-06-21,Hancock,589,0,405,0,184,0,433,0,4033,4,4466,4,0,12,-3,16,3,561,0,23,12
05-06-21,Hardeman,3516,4,2820,1,696,3,3297,1,25729,31,29026,32,0,64,-3,33,7,3419,0,105,64
05-06-21,Hardin,3566,0,2402,0,1164,0,2855,0,23884,14,26739,14,0,67,-3,26,3,3473,0,69,68
05-06-21,Hawkins,6059,15,4891,8,1168,7,5271,8,36129,55,41400,63,0,107,-6,170,21,5782,0,157,107
05-06-21,Haywood,2708,1,2268,1,440,0,2587,1,13904,22,16491,23,0,62,-1,19,2,2627,0,83,62
05-06-21,Henderson,3789,1,2618,0,1171,1,3270,1,16282,14,19552,15,0,76,-3,28,4,3685,0,79,76
05-06-21,Henry,3178,3,2439,0,739,3,2819,0,18139,18,20958,18,0,76,-2,46,5,3056,0,77,76
05-06-21,Hickman,2838,3,2284,2,554,1,2634,2,16993,15,19627,17,0,46,0,21,3,2771,0,58,46
05-06-21,Houston,1092,1,822,0,270,1,942,0,10751,1,11693,1,0,33,0,4,1,1055,0,40,33
05-06-21,Humphreys,1797,3,1140,0,657,3,1329,0,12018,17,13347,17,1,27,-1,30,3,1740,0,36,27
05-06-21,Jackson,1317,0,1031,0,286,0,1202,1,5652,3,6854,4,0,36,-1,7,1,1274,0,41,36
05-06-21,Jefferson,6201,9,4226,6,1975,3,4776,6,39815,30,44591,36,0,124,7,86,2,5991,0,196,124
05-06-21,Johnson,2407,1,2084,1,323,0,2222,1,16229,39,18451,40,0,39,-7,48,8,2320,0,59,39
05-06-21,Knox,50906,39,42465,25,8441,14,46465,27,334597,337,381062,364,1,635,-9,463,47,49808,0,1382,635
05-06-21,Lake,1701,1,1511,1,190,0,1780,1,10283,10,12063,11,0,26,0,6,1,1669,0,26,26
05-06-21,Lauderdale,3185,1,2478,1,707,0,2844,1,21491,23,24335,24,0,44,-3,32,4,3109,0,84,43
05-06-21,Lawrence,5932,9,4613,6,1319,3,5079,6,30075,36,35154,42,0,87,0,87,9,5758,0,151,88
05-06-21,Lewis,1581,1,1177,1,404,0,1274,1,10104,3,11378,4,0,26,0,13,1,1542,0,43,26
05-06-21,Lincoln,4352,3,3349,2,1003,1,3805,2,18032,19,21837,21,0,63,-3,32,6,4257,0,85,62
05-06-21,Loudon,6131,6,4664,4,1467,2,5104,8,31993,25,37097,33,0,69,3,77,3,5985,0,138,69
05-06-21,Macon,3617,2,2799,2,818,0,3292,2,17224,23,20516,25,0,78,1,18,1,3521,0,129,78
05-06-21,Madison,11149,20,6231,13,4918,7,7530,9,56644,84,64174,93,0,242,15,-27,5,10934,0,337,241
05-06-21,Marion,3121,0,2666,0,455,0,2980,0,20102,26,23082,26,0,47,-2,12,2,3062,0,115,47
05-06-21,Marshall,4186,2,3273,0,913,2,3698,1,23588,19,27286,20,0,58,-2,44,4,4084,0,92,58
05-06-21,Maury,13493,6,11781,5,1712,1,13000,5,76513,61,89513,66,0,172,-13,165,19,13156,0,296,171
05-06-21,McMinn,6503,1,5752,1,751,0,6333,1,43581,29,49914,30,0,98,-13,70,14,6335,0,162,98
05-06-21,McNairy,2816,1,1986,0,830,1,2410,0,18645,14,21055,14,0,54,-1,21,2,2741,0,66,54
05-06-21,Meigs,1389,1,1242,0,147,1,1380,0,8261,9,9641,9,0,25,0,20,1,1344,0,46,25
05-06-21,Monroe,5835,2,4592,1,1243,1,5149,1,28040,24,33189,25,0,95,-7,58,9,5682,0,159,96
05-06-21,Montgomery,20246,25,14849,13,5397,12,16302,16,122150,302,138452,318,0,225,-31,279,56,19742,0,307,226
05-06-21,Moore,1011,1,778,1,233,0,878,1,4938,3,5816,4,0,17,0,7,1,987,0,18,17
05-06-21,Morgan,2495,0,1824,0,671,0,1980,0,15635,13,17615,13,0,39,0,23,0,2433,0,46,39
05-06-21,Obion,4536,1,3348,0,1188,1,3796,1,23166,20,26962,21,0,96,-1,23,2,4417,0,102,96
05-06-21,Out of State,18087,20,14328,14,3759,6,16110,17,649825,1085,665935,1102,0,97,1,198,19,17792,0,216,97
05-06-21,Overton,3011,3,2256,2,755,1,2656,3,15361,11,18017,14,0,61,1,13,2,2937,0,64,61
05-06-21,Pending,16798,14,10821,4,5977,10,12030,5,427757,681,439787,686,0,134,-7,136,21,16528,0,139,133
05-06-21,Perry,1066,2,915,2,151,0,1030,2,6178,6,7208,8,0,28,0,8,2,1030,0,28,28
05-06-21,Pickett,758,1,500,0,258,1,602,0,3993,8,4595,8,0,24,0,3,1,731,0,28,24
05-06-21,Polk,2075,3,1860,3,215,0,2060,3,9811,10,11871,13,0,24,-1,50,4,2001,1,91,24
05-06-21,Putnam,11370,10,9234,7,2136,3,11060,8,74019,124,85079,132,0,175,-5,114,15,11081,0,210,175
05-06-21,Rhea,4346,6,3754,5,592,1,4199,4,27501,20,31700,24,0,75,3,22,3,4249,0,85,75
05-06-21,Roane,6279,2,4823,1,1456,1,5373,2,44259,61,49632,63,0,105,-1,53,3,6121,0,152,105
05-06-21,Robertson,9751,1,7620,1,2131,0,8583,2,45324,86,53907,88,0,131,-10,72,11,9548,0,437,131
05-06-21,Rutherford,43015,33,36653,23,6362,10,42568,23,248804,386,291372,409,0,434,-18,442,51,42139,0,596,434
05-06-21,Scott,3123,7,1708,2,1415,5,1826,2,11850,17,13676,19,0,45,0,52,7,3026,2,67,45
05-06-21,Sequatchie,1697,0,1323,0,374,0,1447,0,12036,4,13483,4,0,29,-2,17,2,1651,0,41,29
05-06-21,Sevier,13374,21,11381,14,1993,7,12522,15,68954,99,81476,114,0,175,8,129,13,13070,0,284,175
05-06-21,Shelby,95549,128,88330,110,7219,18,108639,130,1033064,2696,1141703,2826,3,1619,-24,1517,149,92413,6,3724,1623
05-06-21,Smith,2776,3,2072,0,704,3,2590,0,14053,19,16643,19,0,39,2,19,1,2718,0,59,39
05-06-21,Stewart,1323,0,1001,0,322,0,1134,0,7147,4,8281,4,0,28,-2,9,2,1286,0,26,28
05-06-21,Sullivan,16767,26,14560,23,2207,3,15786,37,93427,289,109213,326,0,294,-15,363,41,16110,1,777,294
05-06-21,Sumner,23979,27,21138,18,2841,9,23924,21,127398,152,151322,173,0,349,-3,340,30,23290,0,717,348
05-06-21,Tipton,7348,8,5087,2,2261,6,6139,3,49848,89,55987,92,0,103,1,87,7,7158,0,162,102
05-06-21,Trousdale,2501,2,2341,1,160,1,2509,1,9499,5,12008,6,0,22,1,6,1,2473,0,41,22
05-06-21,Unicoi,2032,2,1534,2,498,0,1685,2,13913,46,15598,48,0,49,-4,52,6,1931,0,70,49
05-06-21,Union,1905,0,1596,0,309,0,1721,0,10866,14,12587,14,0,34,-5,15,5,1856,0,59,34
05-06-21,Van Buren,846,0,697,0,149,0,773,0,5399,9,6172,9,0,23,-1,2,1,821,0,23,23
05-06-21,Warren,5539,1,4712,1,827,0,5339,1,34175,74,39514,75,0,81,-1,17,2,5441,0,84,81
05-06-21,Washington,14569,11,12475,11,2094,0,13729,13,87323,160,101052,173,0,245,-9,235,20,14089,0,369,245
05-06-21,Wayne,2960,0,2375,0,585,0,2613,0,11469,5,14082,5,0,34,0,16,0,2910,0,61,34
05-06-21,Weakley,4127,8,3024,3,1103,5,3458,3,22152,15,25610,18,1,65,-3,71,10,3991,1,75,65
05-06-21,White,3635,5,2954,4,681,1,3599,4,23377,23,26976,27,0,70,0,58,5,3507,1,115,70
05-06-21,Williamson,27980,32,23497,23,4483,9,26075,24,192186,260,218261,284,0,217,0,287,32,27476,0,294,217
05-06-21,Wilson,18782,21,16853,16,1929,5,19140,19,112043,168,131183,187,1,234,-2,168,22,18380,0,339,235
05-05-21,Anderson,8748,8,6507,4,2241,4,7277,2,64203,117,71480,119,0,172,-4,76,12,8500,0,217,171
05-05-21,Bedford,6498,2,5093,1,1405,1,5868,1,32600,34,38468,35,0,128,-3,41,5,6329,0,138,128
05-05-21,Benton,1662,7,1300,3,362,4,1439,2,9285,23,10724,25,0,40,7,29,0,1593,0,39,40
05-05-21,Bledsoe,2136,6,1925,3,211,3,2041,4,16381,15,18422,19,0,11,3,28,3,2097,0,32,11
05-05-21,Blount,15466,18,13133,9,2333,9,14494,15,78125,249,92619,264,0,193,-3,204,21,15069,0,356,195
05-05-21,Bradley,14996,15,12209,10,2787,5,13863,12,69234,136,83097,148,0,149,-10,229,25,14618,0,664,149
05-05-21,Campbell,4152,3,2267,3,1885,0,2545,3,25300,22,27845,25,0,63,-3,35,6,4054,0,129,63
05-05-21,Cannon,1919,2,1528,0,391,2,1702,1,9602,16,11304,17,0,31,1,21,1,1867,0,39,31
05-05-21,Carroll,3608,1,2349,0,1259,1,2789,0,19950,12,22739,12,0,83,-3,23,4,3502,0,83,83
05-05-21,Carter,6619,24,5736,12,883,12,6313,16,39408,201,45721,217,2,158,10,105,12,6356,0,232,158
05-05-21,Cheatham,4547,4,3452,2,1095,2,3902,2,28360,52,32262,54,0,55,3,50,1,4442,0,90,56
05-05-21,Chester,2135,2,1527,1,608,1,1820,1,12268,13,14088,14,0,51,0,28,2,2056,0,44,51
05-05-21,Claiborne,3173,2,2028,2,1145,0,2173,2,24817,41,26990,43,0,73,-4,50,6,3050,0,95,73
05-05-21,Clay,1100,0,754,0,346,0,870,0,5735,11,6605,11,0,31,0,-1,0,1070,0,25,30
05-05-21,Cocke,4491,5,2957,3,1534,2,3262,3,22895,116,26157,119,0,99,0,37,5,4355,0,119,99
05-05-21,Coffee,6892,4,4756,1,2136,3,5805,2,46758,71,52563,73,0,121,-2,42,6,6729,0,125,122
05-05-21,Crockett,2032,2,1222,1,810,1,1424,1,7481,19,8905,20,0,48,0,14,2,1970,0,31,48
05-05-21,Cumberland,6725,16,5526,9,1199,7,6337,10,49599,80,55936,90,3,132,1,86,12,6507,0,165,133
05-05-21,Davidson,89196,57,83365,40,5831,17,101243,54,1029511,2220,1130754,2274,1,933,-34,811,90,87452,1,1979,934
05-05-21,Decatur,1586,1,1171,0,415,1,1392,0,11073,7,12465,7,0,39,1,7,0,1540,0,40,39
05-05-21,Dekalb,2793,0,2056,0,737,0,2373,0,17378,25,19751,25,0,54,-6,18,6,2721,0,56,54
05-05-21,Dickson,6830,4,4947,3,1883,1,5840,3,36789,98,42629,101,0,110,-3,50,7,6670,0,121,112
05-05-21,Dyer,5420,6,3559,4,1861,2,4021,5,22224,27,26245,32,0,106,4,39,2,5275,0,109,106
05-05-21,Fayette,5054,19,4287,16,767,3,5297,19,39042,86,44339,105,2,77,7,86,10,4891,0,134,78
05-05-21,Fentress,2413,4,2073,1,340,3,2366,1,13506,29,15872,30,0,47,3,22,1,2344,0,63,47
05-05-21,Franklin,5144,10,4269,4,875,6,4995,6,39426,137,44421,143,0,90,6,34,4,5020,1,110,90
05-05-21,Gibson,6510,4,3903,0,2607,4,4724,0,30244,46,34968,46,0,145,-7,54,11,6311,0,116,146
05-05-21,Giles,3991,1,3274,1,717,0,3762,1,23416,27,27178,28,0,100,-1,30,2,3861,0,111,100
05-05-21,Grainger,2624,5,1934,1,690,4,2167,2,14321,27,16488,29,0,50,5,18,0,2556,0,72,50
05-05-21,Greene,7846,20,6247,19,1599,1,6996,20,52230,261,59226,281,0,155,14,65,6,7626,1,194,156
05-05-21,Grundy,1791,2,1497,0,294,2,1714,0,9463,40,11177,40,0,34,1,5,1,1752,0,61,34
05-05-21,Hamblen,8598,9,5968,2,2630,7,6701,2,46886,62,53587,64,0,173,1,62,8,8363,0,265,173
05-05-21,Hamilton,44191,30,37835,25,6356,5,42417,26,327480,559,369897,585,0,492,-12,445,42,43254,1,1173,494
05-05-21,Hancock,589,1,405,1,184,0,433,1,4029,7,4462,8,0,12,-2,19,3,558,0,23,12
05-05-21,Hardeman,3512,4,2819,1,693,3,3296,1,25698,62,28994,63,0,64,0,36,4,3412,0,105,64
05-05-21,Hardin,3566,3,2402,1,1164,2,2855,2,23870,33,26725,35,0,67,-5,29,8,3470,1,69,68
05-05-21,Hawkins,6044,43,4883,31,1161,12,5263,31,36074,106,41337,137,0,107,37,176,6,5761,0,157,107
05-05-21,Haywood,2707,5,2267,3,440,2,2586,3,13882,34,16468,37,0,62,4,20,1,2625,0,83,62
05-05-21,Henderson,3788,4,2618,1,1170,3,3269,1,16268,10,19537,11,0,76,-1,31,5,3681,0,79,76
05-05-21,Henry,3175,7,2439,4,736,3,2819,6,18121,30,20940,36,0,76,6,48,1,3051,0,77,76
05-05-21,Hickman,2835,2,2282,2,553,0,2632,2,16978,43,19610,45,0,46,0,21,2,2768,0,58,46
05-05-21,Houston,1091,0,822,0,269,0,942,0,10750,13,11692,13,0,33,-1,4,1,1054,0,40,33
05-05-21,Humphreys,1794,8,1140,3,654,5,1329,3,12001,40,13330,43,0,26,5,31,3,1737,0,36,27
05-05-21,Jackson,1317,1,1031,1,286,0,1201,2,5649,16,6850,18,1,36,-2,8,2,1273,0,41,36
05-05-21,Jefferson,6192,15,4220,2,1972,13,4770,5,39785,39,44555,44,0,124,6,79,9,5989,2,196,124
05-05-21,Johnson,2406,15,2083,5,323,10,2221,6,16190,133,18411,139,0,39,13,55,2,2312,0,59,39
05-05-21,Knox,50867,52,42440,32,8427,20,46438,41,334260,586,380698,627,0,634,8,472,44,49761,4,1382,634
05-05-21,Lake,1700,0,1510,0,190,0,1779,0,10273,8,12052,8,0,26,0,6,0,1668,0,26,26
05-05-21,Lauderdale,3184,10,2477,7,707,3,2843,7,21468,36,24311,43,0,44,9,35,1,3105,0,84,43
05-05-21,Lawrence,5923,22,4607,13,1316,9,5073,13,30039,70,35112,83,1,87,15,87,6,5749,0,151,87
05-05-21,Lewis,1580,0,1176,0,404,0,1273,0,10101,10,11374,10,0,26,0,13,0,1541,0,43,26
05-05-21,Lincoln,4349,9,3347,5,1002,4,3803,6,18013,40,21816,46,0,63,7,35,2,4251,0,85,62
05-05-21,Loudon,6125,9,4660,4,1465,5,5096,4,31968,65,37064,69,0,69,1,74,8,5982,0,138,69
05-05-21,Macon,3615,1,2797,1,818,0,3290,2,17201,49,20491,51,0,78,-4,17,5,3520,0,129,78
05-05-21,Madison,11129,13,6218,10,4911,3,7521,10,56560,160,64081,170,1,242,3,-42,9,10929,0,337,241
05-05-21,Marion,3121,1,2666,1,455,0,2980,1,20076,67,23056,68,0,47,1,14,0,3060,0,115,47
05-05-21,Marshall,4184,5,3273,1,911,4,3697,3,23569,30,27266,33,0,58,-2,46,7,4080,0,92,58
05-05-21,Maury,13487,25,11776,17,1711,8,12995,18,76452,131,89447,149,1,172,8,178,16,13137,0,296,171
05-05-21,McMinn,6502,8,5751,7,751,1,6332,8,43552,82,49884,90,0,98,4,83,4,6321,2,162,98
05-05-21,McNairy,2815,6,1986,1,829,5,2410,1,18631,34,21041,35,0,54,4,22,2,2739,0,66,54
05-05-21,Meigs,1388,2,1242,0,146,2,1380,0,8252,7,9632,7,0,25,2,20,0,1343,0,46,25
05-05-21,Monroe,5833,16,4591,11,1242,5,5148,11,28016,130,33164,141,0,95,11,65,5,5673,0,159,96
05-05-21,Montgomery,20221,68,14836,40,5385,28,16286,40,121848,296,138134,336,0,225,16,310,52,19686,1,307,226
05-05-21,Moore,1010,0,777,0,233,0,877,1,4935,3,5812,4,0,17,0,7,0,986,0,18,17
05-05-21,Morgan,2495,5,1824,2,671,3,1980,2,15622,39,17602,41,0,39,1,23,4,2433,1,46,39
05-05-21,Obion,4535,4,3348,2,1187,2,3795,2,23146,27,26941,29,0,96,3,24,1,4415,0,102,96
05-05-21,Out of State,18067,19,14314,14,3753,5,16093,15,648740,1283,664833,1298,0,97,-9,197,28,17773,0,216,97
05-05-21,Overton,3008,2,2254,1,754,1,2653,1,15350,50,18003,51,0,61,-2,12,4,2935,0,64,61
05-05-21,Pending,16784,22,10817,11,5967,11,12025,13,427076,1136,439101,1149,0,134,12,143,10,16507,0,139,133
05-05-21,Perry,1064,3,913,3,151,0,1028,3,6172,11,7200,14,0,28,3,8,0,1028,0,28,28
05-05-21,Pickett,757,0,500,0,257,0,602,0,3985,13,4587,13,0,24,0,3,0,730,0,28,24
05-05-21,Polk,2072,8,1857,7,215,1,2057,8,9801,14,11858,22,0,24,4,51,4,1997,1,90,24
05-05-21,Putnam,11360,19,9227,10,2133,9,11052,11,73895,271,84947,282,1,175,2,119,16,11066,0,210,175
05-05-21,Rhea,4340,2,3749,1,591,1,4195,1,27481,71,31676,72,0,75,-1,19,3,4246,0,85,75
05-05-21,Roane,6277,9,4822,3,1455,6,5371,5,44198,142,49569,147,0,105,4,54,5,6118,0,152,105
05-05-21,Robertson,9750,15,7619,8,2131,7,8581,9,45238,79,53819,88,0,131,5,82,10,9537,1,437,131
05-05-21,Rutherford,42982,35,36630,21,6352,14,42545,24,248418,564,290963,588,0,434,-9,460,44,42088,0,596,434
05-05-21,Scott,3116,6,1706,4,1410,2,1824,4,11833,30,13657,34,0,45,5,52,1,3019,1,65,45
05-05-21,Sequatchie,1697,3,1323,1,374,2,1447,1,12032,18,13479,19,0,29,0,19,3,1649,0,41,29
05-05-21,Sevier,13353,17,11367,9,1986,8,12507,11,68855,122,81362,133,0,175,6,121,11,13057,0,284,175
05-05-21,Shelby,95421,168,88220,136,7201,32,108509,165,1030368,3758,1138877,3923,-2,1616,15,1541,155,92264,5,3718,1621
05-05-21,Smith,2773,2,2072,1,701,1,2590,1,14034,15,16624,16,0,39,0,17,2,2717,0,59,39
05-05-21,Stewart,1323,1,1001,0,322,1,1134,0,7143,6,8277,6,0,28,1,11,0,1284,0,26,28
05-05-21,Sullivan,16741,50,14537,37,2204,13,15749,36,93138,265,108887,301,0,294,11,378,39,16069,4,776,294
05-05-21,Sumner,23952,28,21120,19,2832,9,23903,26,127246,350,151149,376,1,349,-6,343,33,23260,2,717,348
05-05-21,Tipton,7340,22,5085,8,2255,14,6136,9,49759,137,55895,146,3,103,13,86,6,7151,0,162,102
05-05-21,Trousdale,2499,0,2340,0,159,0,2508,0,9494,17,12002,17,0,22,0,5,0,2472,0,41,22
05-05-21,Unicoi,2030,8,1532,5,498,3,1683,5,13867,72,15550,77,0,49,3,56,5,1925,0,70,49
05-05-21,Union,1905,1,1596,1,309,0,1721,1,10852,17,12573,18,0,34,-2,20,3,1851,0,59,34
05-05-21,Van Buren,846,1,697,0,149,1,773,0,5390,4,6163,4,0,23,0,3,1,820,0,23,23
05-05-21,Warren,5538,4,4711,4,827,0,5338,4,34101,59,39439,63,0,81,3,18,1,5439,0,84,81
05-05-21,Washington,14558,37,12464,24,2094,13,13716,26,87163,270,100879,296,0,245,16,244,21,14069,0,369,245
05-05-21,Wayne,2960,4,2375,2,585,2,2613,2,11464,7,14077,9,0,34,2,16,2,2910,0,61,34
05-05-21,Weakley,4119,18,3021,8,1098,10,3455,10,22137,27,25592,37,0,64,13,74,5,3981,1,74,65
05-05-21,White,3630,9,2950,5,680,4,3595,6,23354,53,26949,59,1,70,7,58,1,3502,0,114,70
05-05-21,Williamson,27948,20,23474,12,4474,8,26051,15,191926,378,217977,393,0,217,-4,287,24,27444,0,294,217
05-05-21,Wilson,18761,19,16837,14,1924,5,19121,17,111875,186,130996,203,0,233,7,170,12,18358,0,339,235
05-04-21,Anderson,8740,2,6503,0,2237,2,7275,1,64086,76,71361,77,0,172,-10,80,12,8488,0,217,171
05-04-21,Bedford,6496,2,5092,0,1404,2,5867,0,32566,27,38433,27,0,128,-5,44,7,6324,0,138,128
05-04-21,Benton,1655,1,1297,1,358,0,1437,2,9262,5,10699,7,0,40,0,22,1,1593,0,39,40
05-04-21,Bledsoe,2130,4,1922,3,208,1,2037,3,16366,38,18403,41,0,11,4,25,0,2094,0,32,11
05-04-21,Blount,15448,22,13124,16,2324,6,14479,17,77876,137,92355,154,0,193,4,207,18,15048,1,356,193
05-04-21,Bradley,14981,15,12199,10,2782,5,13851,17,69098,162,82949,179,0,149,-16,239,31,14593,1,664,149
05-04-21,Campbell,4149,3,2264,0,1885,3,2542,0,25278,10,27820,10,0,63,2,38,1,4048,0,129,63
05-04-21,Cannon,1917,1,1528,1,389,0,1701,1,9586,13,11287,14,0,31,0,20,1,1866,0,39,31
05-04-21,Carroll,3607,4,2349,0,1258,4,2789,1,19938,15,22727,16,0,83,1,26,3,3498,0,83,83
05-04-21,Carter,6595,6,5724,3,871,3,6297,4,39207,34,45504,38,0,156,-4,95,10,6344,0,232,156
05-04-21,Cheatham,4543,2,3450,1,1093,1,3900,1,28308,37,32208,38,0,55,-4,47,6,4441,0,90,56
05-04-21,Chester,2133,1,1526,1,607,0,1819,2,12255,6,14074,8,0,51,-3,28,4,2054,1,44,51
05-04-21,Claiborne,3171,5,2026,4,1145,1,2171,5,24776,18,26947,23,0,73,-7,54,12,3044,0,95,73
05-04-21,Clay,1100,0,754,0,346,0,870,0,5724,6,6594,6,0,31,-3,-1,3,1070,0,25,30
05-04-21,Cocke,4486,4,2954,1,1532,3,3259,1,22779,20,26038,21,0,99,0,37,4,4350,0,119,99
05-04-21,Coffee,6888,3,4755,3,2133,0,5803,3,46687,25,52490,28,0,121,-5,44,8,6723,0,125,121
05-04-21,Crockett,2030,3,1221,3,809,0,1423,3,7462,12,8885,15,0,48,1,14,2,1968,0,31,48
05-04-21,Cumberland,6709,6,5517,6,1192,0,6327,6,49519,31,55846,37,1,129,-5,85,10,6495,0,165,133
05-04-21,Davidson,89139,73,83325,56,5814,17,101189,66,1027291,1942,1128480,2008,0,932,-61,845,134,87362,1,1978,934
05-04-21,Decatur,1585,2,1171,0,414,2,1392,0,11066,2,12458,2,0,39,1,6,1,1540,0,40,39
05-04-21,Dekalb,2793,0,2056,0,737,0,2373,0,17353,9,19726,9,0,54,-1,24,1,2715,0,56,54
05-04-21,Dickson,6826,5,4944,5,1882,0,5837,6,36691,17,42528,23,0,110,-10,53,15,6663,0,121,112
05-04-21,Dyer,5414,1,3555,0,1859,1,4016,2,22197,21,26213,23,1,106,-5,35,5,5273,0,109,106
05-04-21,Fayette,5035,5,4271,4,764,1,5278,5,38956,64,44234,69,-1,75,-1,79,7,4881,0,134,78
05-04-21,Fentress,2409,0,2072,0,337,0,2365,0,13477,13,15842,13,0,47,0,19,0,2343,0,63,47
05-04-21,Franklin,5134,3,4265,3,869,0,4989,2,39289,8,44278,10,0,90,-5,28,8,5016,0,109,90
05-04-21,Gibson,6506,3,3903,2,2603,1,4724,4,30198,22,34922,26,0,145,-1,61,4,6300,0,116,145
05-04-21,Giles,3990,2,3273,2,717,0,3761,3,23389,19,27150,22,0,100,-1,31,3,3859,0,111,100
05-04-21,Grainger,2619,3,1933,1,686,2,2165,2,14294,11,16459,13,0,50,-4,13,7,2556,1,72,50
05-04-21,Greene,7826,2,6228,1,1598,1,6976,2,51969,74,58945,76,0,155,-6,51,8,7620,0,193,156
05-04-21,Grundy,1789,1,1497,1,292,0,1714,1,9423,10,11137,11,0,34,1,4,0,1751,0,61,34
05-04-21,Hamblen,8589,4,5966,1,2623,3,6699,2,46824,31,53523,33,0,173,-5,61,9,8355,1,265,173
05-04-21,Hamilton,44161,78,37810,45,6351,33,42391,52,326921,404,369312,456,1,492,21,457,56,43212,0,1172,493
05-04-21,Hancock,588,1,404,0,184,1,432,0,4022,5,4454,5,0,12,-3,21,4,555,0,23,12
05-04-21,Hardeman,3508,2,2818,1,690,1,3295,1,25636,15,28931,16,0,64,-3,36,5,3408,0,105,64
05-04-21,Hardin,3563,0,2401,0,1162,0,2853,0,23837,20,26690,20,0,67,-4,34,4,3462,0,68,68
05-04-21,Hawkins,6001,10,4852,10,1149,0,5232,11,35968,69,41200,80,0,107,-10,139,20,5755,0,157,107
05-04-21,Haywood,2702,1,2264,1,438,0,2583,1,13848,11,16431,12,0,62,-1,16,2,2624,0,83,62
05-04-21,Henderson,3784,1,2617,1,1167,0,3268,1,16258,3,19526,4,0,76,-2,32,3,3676,0,79,76
05-04-21,Henry,3168,1,2435,1,733,0,2813,1,18091,10,20904,11,0,76,0,42,1,3050,0,77,76
05-04-21,Hickman,2833,1,2280,0,553,1,2630,0,16935,15,19565,15,0,46,-5,21,6,2766,0,58,46
05-04-21,Houston,1091,2,822,2,269,0,942,2,10737,11,11679,13,0,33,1,5,1,1053,0,40,33
05-04-21,Humphreys,1786,2,1137,2,649,0,1326,1,11961,8,13287,9,0,26,-3,26,5,1734,0,36,26
05-04-21,Jackson,1316,1,1030,1,286,0,1199,1,5633,8,6832,9,0,35,0,10,1,1271,0,41,36
05-04-21,Jefferson,6177,8,4218,6,1959,2,4765,7,39746,26,44511,33,0,124,-1,73,9,5980,0,194,124
05-04-21,Johnson,2391,3,2078,3,313,0,2215,3,16057,20,18272,23,0,39,-7,42,10,2310,0,59,39
05-04-21,Knox,50815,50,42408,32,8407,18,46397,34,333674,541,380071,575,0,634,6,464,44,49717,0,1378,634
05-04-21,Lake,1700,0,1510,0,190,0,1779,0,10265,16,12044,16,0,26,0,6,0,1668,0,26,26
05-04-21,Lauderdale,3174,1,2470,1,704,0,2836,2,21432,22,24268,24,0,44,0,26,1,3104,1,84,43
05-04-21,Lawrence,5901,6,4594,5,1307,1,5060,7,29969,38,35029,45,0,86,-5,72,11,5743,0,151,87
05-04-21,Lewis,1580,0,1176,0,404,0,1273,0,10091,3,11364,3,0,26,-2,13,2,1541,0,43,26
05-04-21,Lincoln,4340,0,3342,0,998,0,3797,0,17973,6,21770,6,0,63,-5,28,5,4249,0,85,62
05-04-21,Loudon,6116,10,4656,7,1460,3,5092,7,31903,21,36995,28,0,69,4,73,6,5974,0,138,69
05-04-21,Macon,3614,3,2796,1,818,2,3288,1,17152,46,20440,47,0,78,0,21,3,3515,0,129,78
05-04-21,Madison,11116,18,6208,8,4908,10,7511,8,56400,45,63911,53,0,241,11,-45,7,10920,0,337,241
05-04-21,Marion,3120,2,2665,2,455,0,2979,3,20009,29,22988,32,0,47,0,13,2,3060,1,115,47
05-04-21,Marshall,4179,2,3272,0,907,2,3694,0,23539,9,27233,9,0,58,-6,48,8,4073,0,92,58
05-04-21,Maury,13462,21,11759,8,1703,13,12977,13,76321,88,89298,101,0,171,1,170,20,13121,0,296,171
05-04-21,McMinn,6494,11,5744,10,750,1,6324,11,43470,51,49794,62,0,98,5,79,6,6317,0,160,98
05-04-21,McNairy,2809,2,1985,2,824,0,2409,2,18597,32,21006,34,0,54,-2,18,4,2737,0,66,54
05-04-21,Meigs,1386,3,1242,1,144,2,1380,1,8245,9,9625,10,0,25,0,18,3,1343,0,46,25
05-04-21,Monroe,5817,2,4580,2,1237,0,5137,2,27886,24,33023,26,0,95,-10,54,12,5668,0,159,96
05-04-21,Montgomery,20153,30,14796,16,5357,14,16246,17,121552,203,137798,220,0,225,-40,294,70,19634,1,306,226
05-04-21,Moore,1010,0,777,0,233,0,876,0,4932,4,5808,4,0,17,0,7,0,986,0,18,17
05-04-21,Morgan,2490,1,1822,1,668,0,1978,1,15583,22,17561,23,0,39,-2,22,3,2429,0,45,39
05-04-21,Obion,4531,2,3346,2,1185,0,3793,2,23119,43,26912,45,0,96,1,21,1,4414,0,102,96
05-04-21,Out of State,18048,15,14300,12,3748,3,16078,13,647457,1061,663535,1074,0,97,-19,206,34,17745,0,216,97
05-04-21,Overton,3006,0,2253,0,753,0,2652,0,15300,13,17952,13,0,61,-6,14,6,2931,0,64,61
05-04-21,Pending,16762,7,10806,4,5956,3,12012,6,425940,839,437952,845,0,134,-9,131,16,16497,0,139,133
05-04-21,Perry,1061,0,910,0,151,0,1025,1,6161,3,7186,4,0,28,0,5,0,1028,0,28,28
05-04-21,Pickett,757,0,500,0,257,0,602,0,3972,1,4574,1,0,24,0,3,0,730,0,28,24
05-04-21,Polk,2064,5,1850,4,214,1,2049,5,9787,21,11836,26,0,24,0,47,5,1993,1,89,24
05-04-21,Putnam,11341,12,9217,5,2124,7,11041,5,73624,90,84665,95,0,174,-4,117,16,11050,0,210,175
05-04-21,Rhea,4338,2,3748,2,590,0,4194,2,27410,25,31604,27,0,75,0,20,2,4243,0,85,75
05-04-21,Roane,6268,3,4819,3,1449,0,5366,4,44056,73,49422,77,0,105,0,50,3,6113,0,152,105
05-04-21,Robertson,9735,6,7611,2,2124,4,8572,4,45159,73,53731,77,0,131,-6,77,12,9527,1,436,131
05-04-21,Rutherford,42947,38,36609,25,6338,13,42521,27,247854,417,290375,444,1,434,-12,469,49,42044,0,596,434
05-04-21,Scott,3110,1,1702,1,1408,0,1820,1,11803,17,13623,18,0,45,0,47,1,3018,0,64,45
05-04-21,Sequatchie,1694,1,1322,0,372,1,1446,0,12014,4,13460,4,0,29,-2,19,3,1646,0,41,29
05-04-21,Sevier,13336,15,11358,10,1978,5,12496,11,68733,132,81229,143,0,175,-3,115,18,13046,0,284,175
05-04-21,Shelby,95253,160,88084,140,7169,20,108344,165,1026610,2742,1134954,2907,5,1618,2,1526,153,92109,12,3713,1620
05-04-21,Smith,2771,3,2071,2,700,1,2589,2,14019,17,16608,19,0,39,1,17,2,2715,0,59,39
05-04-21,Stewart,1322,1,1001,1,321,0,1134,1,7137,5,8271,6,0,28,0,10,1,1284,0,26,28
05-04-21,Sullivan,16691,16,14500,13,2191,3,15713,16,92873,99,108586,115,4,294,-22,367,34,16030,1,772,294
05-04-21,Sumner,23924,23,21101,14,2823,9,23877,15,126896,222,150773,237,0,348,-2,349,25,23227,0,715,348
05-04-21,Tipton,7318,12,5077,5,2241,7,6127,5,49622,115,55749,120,-1,100,0,73,13,7145,0,162,102
05-04-21,Trousdale,2499,0,2340,0,159,0,2508,0,9477,20,11985,20,0,22,-1,5,1,2472,0,41,22
05-04-21,Unicoi,2022,3,1527,1,495,2,1678,1,13795,26,15473,27,0,49,-5,53,8,1920,0,70,49
05-04-21,Union,1904,0,1595,0,309,0,1720,0,10835,18,12555,18,0,34,-2,22,2,1848,0,59,34
05-04-21,Van Buren,845,0,697,0,148,0,773,0,5386,3,6159,3,0,23,0,3,0,819,0,23,23
05-04-21,Warren,5534,2,4707,2,827,0,5334,2,34042,40,39376,42,0,81,0,15,2,5438,1,84,81
05-04-21,Washington,14521,20,12440,20,2081,0,13690,22,86893,139,100583,161,1,245,-3,228,22,14048,2,369,245
05-04-21,Wayne,2956,1,2373,1,583,0,2611,1,11457,5,14068,6,-1,34,1,14,1,2908,0,61,34
05-04-21,Weakley,4101,4,3013,4,1088,0,3445,3,22110,14,25555,17,0,64,2,61,2,3976,0,73,65
05-04-21,White,3621,2,2945,1,676,1,3589,1,23301,16,26890,17,0,69,-7,51,9,3501,0,114,70
05-04-21,Williamson,27928,24,23462,13,4466,11,26036,15,191548,260,217584,275,0,217,-6,291,30,27420,0,294,217
05-04-21,Wilson,18742,15,16823,12,1919,3,19104,12,111689,171,130793,183,0,233,-4,163,19,18346,0,339,234
05-03-21,Anderson,8738,10,6503,5,2235,5,7274,5,64010,107,71284,112,0,172,-3,90,13,8476,0,217,171
05-03-21,Bedford,6494,2,5092,2,1402,0,5867,3,32539,22,38406,25,-1,128,-7,49,10,6317,0,138,128
05-03-21,Benton,1654,0,1296,0,358,0,1435,0,9257,8,10692,8,0,40,-2,22,2,1592,0,39,40
05-03-21,Bledsoe,2126,4,1919,2,207,2,2034,3,16328,8,18362,11,0,11,4,21,0,2094,0,32,11
05-03-21,Blount,15426,10,13108,4,2318,6,14462,4,77739,71,92201,75,0,193,-10,203,20,15030,2,355,193
05-03-21,Bradley,14966,12,12189,9,2777,3,13834,11,68936,53,82770,64,0,149,-30,255,42,14562,0,663,149
05-03-21,Campbell,4146,5,2264,0,1882,5,2542,0,25268,15,27810,15,0,63,4,36,1,4047,0,129,63
05-03-21,Cannon,1916,1,1527,1,389,0,1700,0,9573,9,11273,9,0,31,-3,20,4,1865,0,39,31
05-03-21,Carroll,3603,2,2349,2,1254,0,2788,2,19923,18,22711,20,0,83,-3,25,5,3495,0,83,83
05-03-21,Carter,6589,7,5721,7,868,0,6293,7,39173,34,45466,41,0,156,-4,99,11,6334,0,232,156
05-03-21,Cheatham,4541,4,3449,3,1092,1,3899,5,28271,38,32170,43,0,55,-10,51,14,4435,0,90,56
05-03-21,Chester,2132,1,1525,1,607,0,1817,1,12249,6,14066,7,0,51,-4,31,5,2050,0,43,51
05-03-21,Claiborne,3166,4,2022,2,1144,2,2166,3,24758,16,26924,19,0,73,-2,61,6,3032,0,95,73
05-03-21,Clay,1100,0,754,0,346,0,870,0,5718,3,6588,3,0,31,-3,2,3,1067,0,25,30
05-03-21,Cocke,4482,3,2953,1,1529,2,3258,1,22759,17,26017,18,1,99,-4,37,6,4346,0,119,99
05-03-21,Coffee,6885,2,4752,2,2133,0,5800,3,46662,21,52462,24,0,121,-1,49,3,6715,0,125,121
05-03-21,Crockett,2027,0,1218,0,809,0,1420,0,7450,6,8870,6,0,48,-1,13,1,1966,0,31,48
05-03-21,Cumberland,6703,3,5511,2,1192,1,6321,3,49488,25,55809,28,0,128,-16,90,19,6485,0,165,132
05-03-21,Davidson,89066,55,83269,38,5797,17,101123,57,1025349,1407,1126472,1464,1,932,-62,906,116,87228,1,1977,934
05-03-21,Decatur,1583,1,1171,0,412,1,1392,0,11064,2,12456,2,0,39,1,5,0,1539,0,40,39
05-03-21,Dekalb,2793,3,2056,3,737,0,2373,3,17344,16,19717,19,0,54,0,25,3,2714,0,56,54
05-03-21,Dickson,6821,2,4939,1,1882,1,5831,2,36674,29,42505,31,0,110,-4,63,6,6648,0,121,112
05-03-21,Dyer,5413,2,3555,2,1858,0,4014,2,22176,14,26190,16,0,105,-5,40,7,5268,0,109,106
05-03-21,Fayette,5030,2,4267,2,763,0,5273,4,38892,47,44165,51,0,76,-10,80,12,4874,0,134,78
05-03-21,Fentress,2409,0,2072,0,337,0,2365,0,13464,2,15829,2,0,47,-1,19,1,2343,0,63,47
05-03-21,Franklin,5131,1,4262,1,869,0,4987,1,39281,10,44268,11,0,90,-5,33,6,5008,0,109,90
05-03-21,Gibson,6503,4,3901,2,2602,2,4720,2,30176,27,34896,29,0,145,-11,62,15,6296,0,116,145
05-03-21,Giles,3988,2,3271,2,717,0,3758,1,23370,22,27128,23,0,100,-4,32,6,3856,0,111,100
05-03-21,Grainger,2616,0,1932,0,684,0,2163,0,14283,6,16446,6,0,50,-2,17,2,2549,0,71,50
05-03-21,Greene,7824,4,6227,4,1597,0,6974,3,51895,52,58869,55,0,155,-8,57,12,7612,1,193,156
05-03-21,Grundy,1788,0,1496,0,292,0,1713,0,9413,8,11126,8,0,34,-1,3,1,1751,0,61,34
05-03-21,Hamblen,8585,2,5965,1,2620,1,6697,1,46793,26,53490,27,1,173,-9,66,10,8346,0,264,173
05-03-21,Hamilton,44083,38,37765,17,6318,21,42339,18,326517,227,368856,245,0,491,-33,436,71,43156,3,1172,491
05-03-21,Hancock,587,0,404,0,183,0,432,0,4017,1,4449,1,0,12,0,24,0,551,0,23,12
05-03-21,Hardeman,3506,0,2817,0,689,0,3294,1,25621,18,28915,19,0,64,-4,39,4,3403,0,105,64
05-03-21,Hardin,3563,0,2401,0,1162,0,2853,0,23817,7,26670,7,0,67,-9,38,9,3458,0,68,68
05-03-21,Hawkins,5991,4,4842,3,1149,1,5221,3,35899,31,41120,34,0,107,-11,149,15,5735,0,157,107
05-03-21,Haywood,2701,0,2263,0,438,0,2582,0,13837,8,16419,8,0,62,-1,17,1,2622,0,83,62
05-03-21,Henderson,3783,2,2616,1,1167,1,3267,1,16255,12,19522,13,0,76,-2,34,4,3673,0,79,76
05-03-21,Henry,3167,4,2434,3,733,1,2812,3,18081,4,20893,7,0,76,0,42,4,3049,0,77,76
05-03-21,Hickman,2832,0,2280,0,552,0,2630,1,16920,10,19550,11,0,46,-1,26,1,2760,0,58,46
05-03-21,Houston,1089,0,820,0,269,0,940,0,10726,13,11666,13,0,33,0,4,0,1052,0,40,33
05-03-21,Humphreys,1784,1,1135,0,649,1,1325,0,11953,3,13278,3,1,26,-10,29,10,1729,0,36,26
05-03-21,Jackson,1315,1,1029,1,286,0,1198,1,5625,9,6823,10,0,35,-1,10,2,1270,0,41,36
05-03-21,Jefferson,6169,9,4212,3,1957,6,4758,3,39720,21,44478,24,0,124,2,74,7,5971,0,194,124
05-03-21,Johnson,2388,2,2075,2,313,0,2212,2,16037,7,18249,9,1,39,-10,49,11,2300,0,59,39
05-03-21,Knox,50765,24,42376,9,8389,15,46363,7,333133,311,379496,318,1,634,-37,458,60,49673,1,1378,634
05-03-21,Lake,1700,1,1510,0,190,1,1779,0,10249,1,12028,1,0,26,1,6,0,1668,1,26,26
05-03-21,Lauderdale,3173,1,2469,1,704,0,2834,1,21410,12,24244,13,0,44,-5,26,6,3103,0,83,43
05-03-21,Lawrence,5895,14,4589,9,1306,5,5053,11,29931,29,34984,40,0,86,4,77,10,5732,2,151,87
05-03-21,Lewis,1580,0,1176,0,404,0,1273,0,10088,11,11361,11,0,26,-2,15,2,1539,0,43,26
05-03-21,Lincoln,4340,2,3342,1,998,1,3797,2,17967,16,21764,18,0,63,1,33,1,4244,0,85,62
05-03-21,Loudon,6106,4,4649,1,1457,3,5085,2,31882,36,36967,38,0,69,1,69,3,5968,0,138,69
05-03-21,Macon,3611,2,2795,0,816,2,3287,0,17106,39,20393,39,0,78,-1,21,3,3512,0,129,78
05-03-21,Madison,11098,26,6200,16,4898,10,7503,18,56355,55,63858,73,0,241,10,-56,16,10913,0,337,241
05-03-21,Marion,3118,2,2663,2,455,0,2976,2,19980,21,22956,23,0,47,0,13,2,3058,1,114,47
05-03-21,Marshall,4177,3,3272,2,905,1,3694,3,23530,27,27224,30,0,58,0,54,3,4065,0,92,58
05-03-21,Maury,13441,11,11751,11,1690,0,12964,12,76233,109,89197,121,0,171,-8,169,19,13101,0,296,171
05-03-21,McMinn,6483,1,5734,1,749,0,6313,2,43419,32,49732,34,0,98,-16,74,17,6311,0,160,98
05-03-21,McNairy,2807,1,1983,1,824,0,2407,1,18565,15,20972,16,0,54,-2,20,3,2733,0,66,54
05-03-21,Meigs,1383,1,1241,1,142,0,1379,1,8236,12,9615,13,0,25,-7,18,8,1340,1,46,25
05-03-21,Monroe,5815,3,4578,2,1237,1,5135,3,27862,15,32997,18,0,95,-2,64,5,5656,1,159,95
05-03-21,Montgomery,20123,26,14780,9,5343,17,16229,14,121349,176,137578,190,0,225,-43,334,69,19564,0,305,226
05-03-21,Moore,1010,0,777,0,233,0,876,0,4928,1,5804,1,0,17,-2,7,2,986,0,18,17
05-03-21,Morgan,2489,2,1821,1,668,1,1977,1,15561,9,17538,10,0,39,0,24,2,2426,0,45,39
05-03-21,Obion,4529,1,3344,1,1185,0,3791,1,23076,21,26867,22,0,96,-1,20,2,4413,0,102,96
05-03-21,Out of State,18033,16,14288,11,3745,5,16065,8,646396,671,662461,679,0,97,-29,225,45,17711,0,216,97
05-03-21,Overton,3006,1,2253,0,753,1,2652,0,15287,8,17939,8,0,61,-4,20,5,2925,0,64,61
05-03-21,Pending,16755,7,10802,6,5953,1,12006,7,425101,670,437107,677,0,134,-18,140,25,16481,0,139,133
05-03-21,Perry,1061,1,910,0,151,1,1024,0,6158,6,7182,6,0,28,1,5,0,1028,0,28,28
05-03-21,Pickett,757,0,500,0,257,0,602,0,3971,2,4573,2,0,24,0,3,0,730,0,28,24
05-03-21,Polk,2059,3,1846,0,213,3,2044,1,9766,12,11810,13,0,24,-4,47,7,1988,0,88,24
05-03-21,Putnam,11329,8,9212,7,2117,1,11036,7,73534,65,84570,72,0,174,-7,121,15,11034,0,210,175
05-03-21,Rhea,4336,2,3746,1,590,1,4192,2,27385,27,31577,29,0,75,-1,20,3,4241,0,85,75
05-03-21,Roane,6265,3,4816,2,1449,1,5362,3,43983,45,49345,48,1,105,-5,50,7,6110,1,152,105
05-03-21,Robertson,9729,2,7609,1,2120,1,8568,1,45086,46,53654,47,0,131,-10,83,12,9515,0,435,131
05-03-21,Rutherford,42909,27,36584,23,6325,4,42494,27,247437,336,289931,363,3,433,-30,481,54,41995,0,596,434
05-03-21,Scott,3109,0,1701,0,1408,0,1819,0,11786,11,13605,11,0,45,-5,47,5,3017,0,64,45
05-03-21,Sequatchie,1693,2,1322,1,371,1,1446,1,12010,15,13456,16,0,29,1,21,1,1643,0,41,29
05-03-21,Sevier,13321,16,11348,1,1973,15,12485,1,68601,48,81086,49,0,175,1,118,15,13028,1,284,175
05-03-21,Shelby,95093,130,87944,112,7149,18,108179,117,1023868,1451,1132047,1568,3,1613,-24,1524,151,91956,8,3701,1618
05-03-21,Smith,2768,1,2069,1,699,0,2587,2,14002,12,16589,14,0,39,-2,16,3,2713,0,59,39
05-03-21,Stewart,1321,0,1000,0,321,0,1133,0,7132,5,8265,5,0,28,-4,10,4,1283,0,26,28
05-03-21,Sullivan,16675,11,14487,9,2188,2,15697,10,92774,83,108471,93,0,290,-38,389,49,15996,2,771,292
05-03-21,Sumner,23901,24,21087,17,2814,7,23862,17,126674,178,150536,195,1,348,-23,351,46,23202,0,715,348
05-03-21,Tipton,7306,3,5072,3,2234,0,6122,3,49507,71,55629,74,0,101,-4,73,7,7132,0,162,102
05-03-21,Trousdale,2499,0,2340,0,159,0,2508,0,9457,6,11965,6,0,22,-1,6,1,2471,0,41,22
05-03-21,Unicoi,2019,1,1526,1,493,0,1677,1,13769,15,15446,16,0,49,-6,58,7,1912,0,70,49
05-03-21,Union,1904,0,1595,0,309,0,1720,1,10817,17,12537,18,0,34,-4,24,4,1846,0,59,34
05-03-21,Van Buren,845,1,697,1,148,0,773,1,5383,2,6156,3,0,23,0,3,1,819,0,23,23
05-03-21,Warren,5532,1,4705,1,827,0,5332,1,34002,31,39334,32,0,81,-1,15,2,5436,0,83,81
05-03-21,Washington,14501,21,12420,19,2081,2,13668,19,86754,97,100422,116,0,244,2,231,19,14026,0,367,245
05-03-21,Wayne,2955,1,2372,1,583,0,2610,1,11452,5,14062,6,0,35,1,13,0,2907,0,61,34
05-03-21,Weakley,4097,2,3009,0,1088,2,3442,0,22096,14,25538,14,0,64,-1,59,3,3974,1,73,64
05-03-21,White,3619,2,2944,2,675,0,3588,2,23285,19,26873,21,0,69,-1,58,3,3492,0,114,70
05-03-21,Williamson,27904,22,23449,19,4455,3,26021,35,191288,263,217309,298,0,217,-9,297,31,27390,0,294,217
05-03-21,Wilson,18727,14,16811,13,1916,1,19092,15,111518,168,130610,183,0,233,-22,167,36,18327,0,339,234
05-02-21,Anderson,8728,3,6498,1,2230,2,7269,1,63903,50,71172,51,0,172,-7,93,10,8463,0,217,171
05-02-21,Bedford,6492,1,5090,0,1402,1,5864,1,32517,25,38381,26,0,129,-3,56,4,6307,0,138,128
05-02-21,Benton,1654,1,1296,1,358,0,1435,1,9249,7,10684,8,0,40,1,24,0,1590,0,39,40
05-02-21,Bledsoe,2122,1,1917,1,205,0,2031,1,16320,21,18351,22,0,11,0,17,1,2094,0,32,11
05-02-21,Blount,15416,12,13104,8,2312,4,14458,6,77668,64,92126,70,0,193,-4,213,16,15010,0,353,193
05-02-21,Bradley,14954,10,12180,9,2774,1,13823,11,68883,81,82706,92,0,149,-18,285,28,14520,3,663,149
05-02-21,Campbell,4141,3,2264,0,1877,3,2542,0,25253,8,27795,8,0,63,-1,32,4,4046,0,129,63
05-02-21,Cannon,1915,0,1526,0,389,0,1700,0,9564,9,11264,9,0,31,-1,23,1,1861,0,39,31
05-02-21,Carroll,3601,1,2347,0,1254,1,2786,0,19905,13,22691,13,0,83,1,28,0,3490,0,83,83
05-02-21,Carter,6582,2,5714,2,868,0,6286,3,39139,34,45425,37,0,156,-2,103,4,6323,0,232,156
05-02-21,Cheatham,4537,2,3446,2,1091,0,3894,3,28233,29,32127,32,0,55,-6,61,8,4421,0,90,56
05-02-21,Chester,2131,0,1524,0,607,0,1816,0,12243,65,14059,65,0,51,-3,35,3,2045,0,43,51
05-02-21,Claiborne,3162,0,2020,0,1142,0,2163,0,24742,13,26905,13,0,73,-5,63,5,3026,0,95,73
05-02-21,Clay,1100,0,754,0,346,0,870,0,5715,1,6585,1,0,31,-1,5,1,1064,0,25,30
05-02-21,Cocke,4479,0,2952,0,1527,0,3257,0,22742,10,25999,10,0,98,-2,41,2,4340,0,119,99
05-02-21,Coffee,6883,1,4750,1,2133,0,5797,1,46641,31,52438,32,0,121,0,50,1,6712,0,125,121
05-02-21,Crockett,2027,0,1218,0,809,0,1420,1,7444,1,8864,2,0,48,0,14,0,1965,0,31,48
05-02-21,Cumberland,6700,3,5509,1,1191,2,6318,1,49463,15,55781,16,0,128,-2,106,5,6466,0,165,132
05-02-21,Davidson,89011,57,83231,44,5780,13,101066,55,1023942,1543,1125008,1598,0,931,-29,968,86,87112,2,1976,933
05-02-21,Decatur,1582,0,1171,0,411,0,1392,0,11062,0,12454,0,0,39,0,4,0,1539,0,40,39
05-02-21,Dekalb,2790,0,2053,0,737,0,2370,0,17328,12,19698,12,0,54,-1,25,1,2711,0,56,54
05-02-21,Dickson,6819,2,4938,2,1881,0,5829,2,36645,31,42474,33,0,110,0,67,2,6642,0,121,112
05-02-21,Dyer,5411,0,3553,0,1858,0,4012,0,22162,11,26174,11,0,105,-1,45,1,5261,0,109,106
05-02-21,Fayette,5028,7,4265,6,763,1,5269,8,38845,22,44114,30,0,76,2,90,5,4862,0,134,78
05-02-21,Fentress,2409,0,2072,0,337,0,2365,0,13462,2,15827,2,0,47,-1,20,1,2342,0,63,47
05-02-21,Franklin,5130,1,4261,1,869,0,4986,1,39271,23,44257,24,0,90,-2,38,3,5002,0,109,90
05-02-21,Gibson,6499,1,3899,1,2600,0,4718,1,30149,18,34867,19,0,145,-9,73,10,6281,0,116,145
05-02-21,Giles,3986,3,3269,1,717,2,3757,1,23348,11,27105,12,0,100,2,36,1,3850,0,111,100
05-02-21,Grainger,2616,0,1932,0,684,0,2163,0,14277,7,16440,7,0,50,-1,19,1,2547,0,71,50
05-02-21,Greene,7820,2,6223,2,1597,0,6971,2,51843,67,58814,69,1,155,-2,65,3,7600,0,192,155
05-02-21,Grundy,1788,0,1496,0,292,0,1713,0,9405,5,11118,5,0,34,-1,4,1,1750,0,61,34
05-02-21,Hamblen,8583,3,5964,1,2619,2,6696,1,46767,33,53463,34,0,172,-1,75,4,8336,0,264,173
05-02-21,Hamilton,44045,31,37748,24,6297,7,42321,27,326290,263,368611,290,0,491,-1,469,32,43085,0,1169,491
05-02-21,Hancock,587,0,404,0,183,0,432,0,4016,2,4448,2,0,12,-2,24,2,551,0,23,12
05-02-21,Hardeman,3506,3,2817,2,689,1,3293,2,25603,28,28896,30,0,64,3,43,0,3399,0,105,64
05-02-21,Hardin,3563,2,2401,1,1162,1,2853,1,23810,12,26663,13,0,67,-2,47,4,3449,0,68,67
05-02-21,Hawkins,5987,6,4839,5,1148,1,5218,5,35868,26,41086,31,0,107,-3,160,9,5720,1,157,107
05-02-21,Haywood,2701,0,2263,0,438,0,2582,0,13829,12,16411,12,0,62,-1,18,1,2621,0,83,62
05-02-21,Henderson,3781,2,2615,0,1166,2,3266,0,16243,3,19509,3,0,76,-1,36,3,3669,0,79,76
05-02-21,Henry,3163,1,2431,1,732,0,2809,1,18077,13,20886,14,0,76,1,42,0,3045,0,77,76
05-02-21,Hickman,2832,1,2280,1,552,0,2629,1,16910,11,19539,12,0,46,0,27,1,2759,0,58,46
05-02-21,Houston,1089,0,820,0,269,0,940,0,10713,3,11653,3,0,33,-1,4,1,1052,0,40,33
05-02-21,Humphreys,1783,0,1135,0,648,0,1325,0,11950,15,13275,15,0,25,0,39,0,1719,0,36,26
05-02-21,Jackson,1314,0,1028,0,286,0,1197,0,5616,5,6813,5,0,35,-2,11,2,1268,0,41,36
05-02-21,Jefferson,6160,4,4209,2,1951,2,4755,2,39699,21,44454,23,0,124,1,72,3,5964,0,194,124
05-02-21,Johnson,2386,1,2073,1,313,0,2210,1,16030,7,18240,8,0,38,-2,59,3,2289,0,59,39
05-02-21,Knox,50741,25,42367,18,8374,7,46356,19,332822,288,379178,307,0,633,-17,495,42,49613,1,1377,634
05-02-21,Lake,1699,0,1510,0,189,0,1779,0,10248,0,12027,0,0,26,0,5,0,1668,0,25,26
05-02-21,Lauderdale,3172,1,2468,1,704,0,2833,1,21398,13,24231,14,0,44,-2,31,3,3097,0,83,43
05-02-21,Lawrence,5881,1,4580,1,1301,0,5042,0,29902,24,34944,24,0,86,-3,73,4,5722,0,149,87
05-02-21,Lewis,1580,2,1176,0,404,2,1273,0,10077,1,11350,1,0,26,1,17,1,1537,0,43,26
05-02-21,Lincoln,4338,1,3341,1,997,0,3795,2,17951,8,21746,10,0,63,-3,32,4,4243,0,85,62
05-02-21,Loudon,6102,3,4648,2,1454,1,5083,2,31846,18,36929,20,0,69,2,68,1,5965,0,138,69
05-02-21,Macon,3609,1,2795,1,814,0,3287,2,17067,7,20354,9,0,78,-2,22,3,3509,0,129,78
05-02-21,Madison,11072,5,6184,3,4888,2,7485,3,56300,51,63785,54,0,241,-2,-66,7,10897,0,337,241
05-02-21,Marion,3116,0,2661,0,455,0,2974,0,19959,10,22933,10,0,47,-1,13,1,3056,0,113,47
05-02-21,Marshall,4174,3,3270,0,904,3,3691,0,23503,19,27194,19,0,58,1,54,2,4062,0,92,58
05-02-21,Maury,13430,8,11740,5,1690,3,12952,6,76124,56,89076,62,0,171,-1,177,9,13082,0,296,171
05-02-21,McMinn,6482,7,5733,6,749,1,6311,6,43387,37,49698,43,0,98,-2,90,9,6294,1,160,98
05-02-21,McNairy,2806,1,1982,0,824,1,2406,0,18550,83,20956,83,0,54,0,22,1,2730,0,66,54
05-02-21,Meigs,1382,0,1240,0,142,0,1378,1,8224,9,9602,10,0,25,-1,25,1,1332,0,45,25
05-02-21,Monroe,5812,5,4576,4,1236,1,5132,4,27847,17,32979,21,0,95,-3,66,8,5651,0,158,95
05-02-21,Montgomery,20097,15,14771,13,5326,2,16215,13,121173,155,137388,168,0,225,-14,377,29,19495,0,305,226
05-02-21,Moore,1010,1,777,0,233,1,876,0,4927,3,5803,3,0,17,1,9,0,984,0,18,17
05-02-21,Morgan,2487,4,1820,0,667,4,1976,0,15552,5,17528,5,0,39,1,24,3,2424,1,45,39
05-02-21,Obion,4528,1,3343,1,1185,0,3790,0,23055,16,26845,16,0,96,1,21,0,4411,0,102,96
05-02-21,Out of State,18017,11,14277,9,3740,2,16057,9,645725,414,661782,423,0,97,-10,254,21,17666,0,216,97
05-02-21,Overton,3005,2,2253,2,752,0,2652,2,15279,6,17931,8,0,61,-2,24,4,2920,0,64,61
05-02-21,Pending,16748,5,10796,4,5952,1,11999,4,424431,440,436430,444,0,134,-4,158,9,16456,0,139,133
05-02-21,Perry,1060,0,910,0,150,0,1024,0,6152,4,7176,4,0,28,0,4,0,1028,0,28,28
05-02-21,Pickett,757,0,500,0,257,0,602,0,3969,3,4571,3,0,24,0,3,0,730,0,28,24
05-02-21,Polk,2056,0,1846,0,210,0,2043,0,9754,5,11797,5,0,24,-3,51,3,1981,0,88,24
05-02-21,Putnam,11321,2,9205,1,2116,1,11029,1,73469,33,84498,34,0,174,-6,128,8,11019,0,210,175
05-02-21,Rhea,4334,0,3745,0,589,0,4190,0,27358,18,31548,18,0,75,-1,21,1,4238,0,85,75
05-02-21,Roane,6262,2,4814,0,1448,2,5359,0,43938,29,49297,29,0,104,-1,55,3,6103,0,151,105
05-02-21,Robertson,9727,5,7608,4,2119,1,8567,4,45040,68,53607,72,0,131,0,93,5,9503,1,435,131
05-02-21,Rutherford,42882,22,36561,16,6321,6,42467,23,247101,265,289568,288,0,430,-18,511,40,41941,0,596,433
05-02-21,Scott,3109,3,1701,1,1408,2,1819,1,11775,1,13594,2,0,45,2,52,1,3012,0,64,45
05-02-21,Sequatchie,1691,0,1321,0,370,0,1445,0,11995,7,13440,7,0,29,-1,20,1,1642,0,41,29
05-02-21,Sevier,13305,5,11347,3,1958,2,12484,4,68553,47,81037,51,0,175,-9,117,14,13013,1,283,175
05-02-21,Shelby,94963,85,87832,77,7131,8,108062,101,1022417,1277,1130479,1378,0,1610,-11,1548,96,91805,7,3693,1618
05-02-21,Smith,2767,0,2068,0,699,0,2585,0,13990,10,16575,10,0,39,0,18,0,2710,0,59,39
05-02-21,Stewart,1321,3,1000,1,321,2,1133,1,7127,5,8260,6,0,28,3,14,0,1279,0,26,28
05-02-21,Sullivan,16664,26,14478,25,2186,1,15687,25,92691,136,108378,161,0,290,0,427,26,15947,0,769,292
05-02-21,Sumner,23877,17,21070,14,2807,3,23845,20,126496,133,150341,153,0,347,-7,374,24,23156,0,715,348
05-02-21,Tipton,7303,1,5069,0,2234,1,6119,1,49436,53,55555,54,0,101,-2,77,3,7125,0,162,102
05-02-21,Trousdale,2499,0,2340,0,159,0,2508,0,9451,6,11959,6,0,22,0,7,0,2470,0,41,22
05-02-21,Unicoi,2018,2,1525,1,493,1,1676,1,13754,14,15430,15,0,49,0,64,2,1905,0,70,49
05-02-21,Union,1904,1,1595,1,309,0,1719,1,10800,9,12519,10,0,34,0,28,1,1842,0,59,34
05-02-21,Van Buren,844,0,696,0,148,0,772,0,5381,1,6153,1,0,23,-1,3,1,818,0,23,23
05-02-21,Warren,5531,0,4704,0,827,0,5331,0,33971,19,39302,19,0,81,-1,16,1,5434,0,83,81
05-02-21,Washington,14480,11,12401,10,2079,1,13649,10,86657,94,100306,104,0,244,-3,229,14,14007,1,367,244
05-02-21,Wayne,2954,1,2371,1,583,0,2609,1,11447,6,14056,7,0,35,1,12,0,2907,0,61,34
05-02-21,Weakley,4095,7,3009,2,1086,5,3442,2,22082,12,25524,14,0,64,2,60,5,3971,0,72,64
05-02-21,White,3617,3,2942,3,675,0,3586,5,23266,12,26852,17,0,69,0,59,3,3489,0,114,70
05-02-21,Williamson,27882,21,23430,13,4452,8,25986,14,191025,207,217011,221,0,217,-1,306,22,27359,0,294,217
05-02-21,Wilson,18713,13,16798,8,1915,5,19077,11,111350,87,130427,98,0,233,-6,189,19,18291,0,339,234
05-01-21,Anderson,8725,5,6497,3,2228,2,7268,3,63853,63,71121,66,0,172,-1,100,6,8453,1,217,171
05-01-21,Bedford,6491,1,5090,0,1401,1,5863,0,32492,37,38355,37,0,129,-4,59,5,6303,0,138,127
05-01-21,Benton,1653,2,1295,1,358,1,1434,1,9242,16,10676,17,0,40,1,23,1,1590,0,39,40
05-01-21,Bledsoe,2121,0,1916,0,205,0,2030,0,16299,18,18329,18,0,11,0,17,0,2093,0,32,11
05-01-21,Blount,15404,23,13096,14,2308,9,14452,15,77604,150,92056,165,0,193,13,217,10,14994,0,353,193
05-01-21,Bradley,14944,24,12171,18,2773,6,13812,19,68802,139,82614,158,0,149,5,303,19,14492,3,660,149
05-01-21,Campbell,4138,0,2264,0,1874,0,2542,0,25245,16,27787,16,0,63,-2,33,2,4042,0,129,63
05-01-21,Cannon,1915,3,1526,3,389,0,1700,3,9555,11,11255,14,0,31,2,24,1,1860,0,39,31
05-01-21,Carroll,3600,2,2347,1,1253,1,2786,1,19892,11,22678,12,0,83,-1,27,3,3490,1,83,83
05-01-21,Carter,6580,2,5712,2,868,0,6283,2,39105,105,45388,107,0,156,-2,105,4,6319,0,232,156
05-01-21,Cheatham,4535,8,3444,3,1091,5,3891,4,28204,27,32095,31,0,55,5,67,3,4413,0,90,56
05-01-21,Chester,2131,3,1524,2,607,1,1816,2,12178,9,13994,11,0,51,1,38,2,2042,0,43,51
05-01-21,Claiborne,3162,1,2020,1,1142,0,2163,1,24729,24,26892,25,0,73,-7,68,8,3021,1,95,73
05-01-21,Clay,1100,0,754,0,346,0,870,0,5714,1,6584,1,0,31,-2,6,2,1063,0,25,30
05-01-21,Cocke,4479,2,2952,1,1527,1,3257,2,22732,16,25989,18,0,98,0,43,2,4338,0,119,98
05-01-21,Coffee,6882,2,4749,2,2133,0,5796,2,46610,40,52406,42,0,121,-2,50,4,6711,0,125,121
05-01-21,Crockett,2027,1,1218,0,809,1,1419,0,7443,3,8862,3,0,48,-2,14,3,1965,0,31,48
05-01-21,Cumberland,6697,2,5508,1,1189,1,6317,1,49448,96,55765,97,0,128,-5,108,7,6461,0,165,131
05-01-21,Davidson,88954,53,83187,43,5767,10,101011,51,1022399,1796,1123410,1847,0,931,-27,997,80,87026,0,1974,933
05-01-21,Decatur,1582,4,1171,1,411,3,1392,1,11062,6,12454,7,0,39,3,4,1,1539,0,40,39
05-01-21,Dekalb,2790,3,2053,1,737,2,2370,1,17316,18,19686,19,0,54,2,26,1,2710,0,56,54
05-01-21,Dickson,6817,1,4936,1,1881,0,5827,1,36614,28,42441,29,0,110,-1,67,2,6640,0,121,111
05-01-21,Dyer,5411,3,3553,2,1858,1,4012,3,22151,11,26163,14,0,105,0,46,3,5260,0,109,105
05-01-21,Fayette,5021,4,4259,0,762,4,5261,3,38823,83,44084,86,0,76,-5,88,9,4857,1,134,78
05-01-21,Fentress,2409,0,2072,0,337,0,2365,0,13460,5,15825,5,0,47,-4,21,4,2341,0,63,47
05-01-21,Franklin,5129,3,4260,1,869,2,4985,1,39248,8,44233,9,0,90,0,40,3,4999,0,109,90
05-01-21,Gibson,6498,4,3898,0,2600,4,4717,0,30131,28,34848,28,0,145,2,82,2,6271,0,116,145
05-01-21,Giles,3983,2,3268,0,715,2,3756,0,23337,12,27093,12,0,100,-1,34,3,3849,0,111,100
05-01-21,Grainger,2616,0,1932,0,684,0,2163,0,14270,8,16433,8,0,50,-1,20,1,2546,0,71,50
05-01-21,Greene,7818,2,6221,2,1597,0,6969,3,51776,62,58745,65,0,154,-8,67,10,7597,1,192,155
05-01-21,Grundy,1788,0,1496,0,292,0,1713,0,9400,6,11113,6,0,34,-2,5,2,1749,0,61,34
05-01-21,Hamblen,8580,3,5963,1,2617,2,6695,1,46734,25,53429,26,0,172,-7,76,10,8332,0,264,172
05-01-21,Hamilton,44014,33,37724,27,6290,6,42294,33,326027,411,368321,444,0,491,-1,470,34,43053,0,1169,491
05-01-21,Hancock,587,2,404,0,183,2,432,0,4014,4,4446,4,0,12,0,26,2,549,0,23,12
05-01-21,Hardeman,3503,3,2815,2,688,1,3291,4,25575,42,28866,46,0,64,2,40,1,3399,0,105,64
05-01-21,Hardin,3561,3,2400,2,1161,1,2852,2,23798,32,26650,34,0,67,-3,49,6,3445,0,68,67
05-01-21,Hawkins,5981,4,4834,3,1147,1,5213,3,35842,66,41055,69,0,107,0,163,4,5711,0,156,107
05-01-21,Haywood,2701,1,2263,1,438,0,2582,2,13817,14,16399,16,0,62,1,19,0,2620,0,83,62
05-01-21,Henderson,3779,1,2615,1,1164,0,3266,1,16240,8,19506,9,0,76,0,37,1,3666,0,79,76
05-01-21,Henry,3162,1,2430,0,732,1,2808,1,18064,18,20872,19,0,76,-1,41,2,3045,0,77,76
05-01-21,Hickman,2831,0,2279,0,552,0,2628,0,16899,29,19527,29,0,46,-2,27,2,2758,0,58,46
05-01-21,Houston,1089,0,820,0,269,0,940,0,10710,9,11650,9,0,33,-1,5,1,1051,0,40,33
05-01-21,Humphreys,1783,0,1135,0,648,0,1325,0,11935,8,13260,8,0,25,-2,39,2,1719,0,36,26
05-01-21,Jackson,1314,1,1028,0,286,1,1197,0,5611,1,6808,1,0,35,-1,13,2,1266,0,41,36
05-01-21,Jefferson,6156,3,4207,3,1949,0,4753,3,39678,26,44431,29,-1,124,-2,71,6,5961,0,194,124
05-01-21,Johnson,2385,1,2072,1,313,0,2209,1,16023,22,18232,23,0,38,-2,61,3,2286,0,59,38
05-01-21,Knox,50716,45,42349,35,8367,10,46337,37,332534,450,378871,487,0,633,7,512,38,49571,2,1376,634
05-01-21,Lake,1699,0,1510,0,189,0,1779,0,10248,4,12027,4,0,26,0,5,0,1668,0,25,26
05-01-21,Lauderdale,3171,1,2467,1,704,0,2832,1,21385,23,24217,24,0,44,0,33,1,3094,0,83,43
05-01-21,Lawrence,5880,3,4579,2,1301,1,5042,2,29878,17,34920,19,0,86,2,76,1,5718,0,149,87
05-01-21,Lewis,1578,0,1176,0,402,0,1273,0,10076,5,11349,5,0,26,-1,16,1,1536,0,43,26
05-01-21,Lincoln,4337,3,3340,3,997,0,3793,2,17943,18,21736,20,0,63,-2,35,5,4239,0,85,62
05-01-21,Loudon,6099,6,4646,3,1453,3,5081,3,31828,28,36909,31,0,69,4,66,2,5964,1,138,69
05-01-21,Macon,3608,0,2794,0,814,0,3285,0,17060,19,20345,19,0,78,-2,24,2,3506,0,129,78
05-01-21,Madison,11067,1,6181,0,4886,1,7482,0,56249,90,63731,90,0,241,0,-64,1,10890,0,337,241
05-01-21,Marion,3116,0,2661,0,455,0,2974,0,19949,10,22923,10,0,47,-3,14,3,3055,0,113,47
05-01-21,Marshall,4171,2,3270,0,901,2,3691,0,23484,22,27175,22,0,58,0,53,2,4060,0,92,58
05-01-21,Maury,13422,5,11735,4,1687,1,12946,4,76068,62,89014,66,0,171,-13,178,18,13073,0,296,171
05-01-21,McMinn,6475,8,5727,6,748,2,6305,6,43350,42,49655,48,0,98,1,92,7,6285,1,159,98
05-01-21,McNairy,2805,2,1982,1,823,1,2406,1,18467,20,20873,21,0,54,1,22,1,2729,0,66,54
05-01-21,Meigs,1382,2,1240,2,142,0,1377,3,8215,10,9592,13,0,25,-3,26,5,1331,0,45,25
05-01-21,Monroe,5807,1,4572,1,1235,0,5128,1,27830,19,32958,20,0,95,-2,69,3,5643,0,158,95
05-01-21,Montgomery,20082,6,14758,3,5324,3,16202,3,121018,89,137220,92,0,225,-15,391,21,19466,0,305,226
05-01-21,Moore,1009,1,777,1,232,0,876,1,4924,5,5800,6,0,17,1,8,0,984,0,18,17
05-01-21,Morgan,2483,1,1820,1,663,0,1976,1,15547,29,17523,30,0,39,0,23,1,2421,0,44,39
05-01-21,Obion,4527,3,3342,2,1185,1,3790,1,23039,24,26829,25,0,96,1,20,2,4411,0,102,96
05-01-21,Out of State,18006,10,14268,6,3738,4,16048,8,645311,571,661359,579,0,97,-15,264,25,17645,0,216,97
05-01-21,Overton,3003,1,2251,0,752,1,2650,0,15273,7,17923,7,0,61,-2,26,3,2916,0,64,61
05-01-21,Pending,16743,1,10792,0,5951,1,11995,1,423991,780,435986,781,0,134,-15,162,16,16447,0,139,133
05-01-21,Perry,1060,0,910,0,150,0,1024,0,6148,3,7172,3,0,28,0,4,0,1028,0,28,28
05-01-21,Pickett,757,0,500,0,257,0,602,0,3966,2,4568,2,0,24,0,3,0,730,0,28,24
05-01-21,Polk,2056,3,1846,3,210,0,2043,4,9749,16,11792,20,0,24,2,54,1,1978,1,88,24
05-01-21,Putnam,11319,7,9204,6,2115,1,11028,7,73436,52,84464,59,0,174,1,134,6,11011,0,210,175
05-01-21,Rhea,4334,1,3745,0,589,1,4190,0,27340,24,31530,24,0,75,1,22,0,4237,0,85,75
05-01-21,Roane,6260,5,4814,4,1446,1,5359,4,43909,28,49268,32,0,104,0,56,5,6100,0,151,105
05-01-21,Robertson,9722,6,7604,4,2118,2,8563,4,44972,58,53535,62,0,131,-5,93,11,9498,3,434,131
05-01-21,Rutherford,42860,27,36545,18,6315,9,42444,20,246836,366,289280,386,0,430,0,529,27,41901,0,596,431
05-01-21,Scott,3106,1,1700,0,1406,1,1818,0,11774,10,13592,10,0,45,0,50,1,3011,0,64,45
05-01-21,Sequatchie,1691,1,1321,0,370,1,1445,0,11988,7,13433,7,0,29,-1,21,2,1641,0,41,29
05-01-21,Sevier,13300,4,11344,3,1956,1,12480,4,68506,133,80986,137,0,175,-10,126,14,12999,0,282,175
05-01-21,Shelby,94878,128,87755,111,7123,17,107961,124,1021140,2034,1129101,2158,0,1610,12,1559,116,91709,4,3686,1618
05-01-21,Smith,2767,2,2068,2,699,0,2585,2,13980,15,16565,17,0,39,1,18,1,2710,0,59,39
05-01-21,Stewart,1318,1,999,0,319,1,1132,1,7122,6,8254,7,0,28,1,11,0,1279,0,26,28
05-01-21,Sullivan,16638,41,14453,40,2185,1,15662,40,92555,237,108217,277,0,290,19,427,22,15921,1,769,292
05-01-21,Sumner,23860,16,21056,7,2804,9,23825,9,126363,232,150188,241,0,347,3,381,13,23132,0,715,347
05-01-21,Tipton,7302,5,5069,4,2233,1,6118,5,49383,84,55501,89,0,101,1,79,4,7122,0,162,102
05-01-21,Trousdale,2499,0,2340,0,159,0,2508,0,9445,11,11953,11,0,22,0,7,0,2470,0,41,22
05-01-21,Unicoi,2016,2,1524,1,492,1,1675,1,13740,20,15415,21,0,49,-1,64,3,1903,0,70,49
05-01-21,Union,1903,1,1594,0,309,1,1718,0,10791,15,12509,15,0,34,0,28,1,1841,0,59,34
05-01-21,Van Buren,844,0,696,0,148,0,772,0,5380,3,6152,3,0,23,0,4,0,817,0,23,23
05-01-21,Warren,5531,1,4704,1,827,0,5331,1,33952,37,39283,38,0,81,-4,17,5,5433,0,83,81
05-01-21,Washington,14469,6,12391,5,2078,1,13639,9,86563,158,100202,167,0,244,-18,232,24,13993,0,366,244
05-01-21,Wayne,2953,0,2370,0,583,0,2608,0,11441,6,14049,6,0,35,-1,11,1,2907,0,61,34
05-01-21,Weakley,4088,7,3007,4,1081,3,3440,3,22070,19,25510,22,0,64,3,58,4,3966,0,72,64
05-01-21,White,3614,4,2939,2,675,2,3581,3,23254,14,26835,17,0,69,-2,59,6,3486,0,114,70
05-01-21,Williamson,27861,12,23417,9,4444,3,25972,10,190818,209,216790,219,0,217,-6,307,18,27337,0,294,217
05-01-21,Wilson,18700,8,16790,5,1910,3,19066,6,111263,153,130329,159,0,233,-15,195,23,18272,0,339,234
04-30-21,Anderson,8720,7,6494,3,2226,4,7265,4,63790,122,71055,126,0,172,-2,101,9,8447,0,216,171
04-30-21,Bedford,6490,3,5090,3,1400,0,5863,4,32455,63,38318,67,0,129,-5,63,8,6298,0,138,127
04-30-21,Benton,1651,1,1294,1,357,0,1433,2,9226,12,10659,14,0,40,1,22,0,1589,1,39,40
04-30-21,Bledsoe,2121,3,1916,3,205,0,2030,3,16281,48,18311,51,0,11,1,17,2,2093,0,32,11
04-30-21,Blount,15381,16,13082,7,2299,9,14437,8,77454,155,91891,163,0,193,3,204,13,14984,0,353,193
04-30-21,Bradley,14920,20,12153,17,2767,3,13793,24,68663,229,82456,253,0,149,-9,298,29,14473,1,657,149
04-30-21,Campbell,4138,4,2264,0,1874,4,2542,0,25229,29,27771,29,0,63,-3,35,7,4040,0,129,63
04-30-21,Cannon,1912,3,1523,2,389,1,1697,2,9544,17,11241,19,0,31,3,22,0,1859,0,39,31
04-30-21,Carroll,3598,5,2346,4,1252,1,2785,3,19881,22,22666,25,0,83,2,28,3,3487,0,82,83
04-30-21,Carter,6578,5,5710,4,868,1,6281,5,39000,52,45281,57,0,156,-1,107,6,6315,0,232,156
04-30-21,Cheatham,4527,3,3441,3,1086,0,3887,3,28177,39,32064,42,0,55,-3,62,6,4410,0,90,56
04-30-21,Chester,2128,4,1522,3,606,1,1814,3,12169,25,13983,28,0,51,2,37,2,2040,0,43,51
04-30-21,Claiborne,3161,3,2019,0,1142,3,2162,1,24705,116,26867,117,0,73,-7,75,10,3013,0,94,73
04-30-21,Clay,1100,0,754,0,346,0,870,1,5713,3,6583,4,0,31,0,8,0,1061,0,25,30
04-30-21,Cocke,4477,5,2951,3,1526,2,3255,3,22716,34,25971,37,0,98,3,43,2,4336,2,119,98
04-30-21,Coffee,6880,2,4747,0,2133,2,5794,1,46570,66,52364,67,0,121,-3,52,5,6707,0,125,121
04-30-21,Crockett,2026,1,1218,0,808,1,1419,0,7440,6,8859,6,0,48,-1,16,2,1962,0,31,48
04-30-21,Cumberland,6695,15,5507,6,1188,9,6316,7,49352,80,55668,87,0,128,-2,113,17,6454,2,165,131
04-30-21,Davidson,88901,114,83144,94,5757,20,100960,120,1020603,2033,1121563,2153,0,931,12,1024,102,86946,1,1974,932
04-30-21,Decatur,1578,0,1170,0,408,0,1391,0,11056,8,12447,8,0,39,0,1,0,1538,0,40,39
04-30-21,Dekalb,2787,4,2052,4,735,0,2369,4,17298,31,19667,35,0,54,-1,24,5,2709,0,56,54
04-30-21,Dickson,6816,5,4935,5,1881,0,5826,5,36586,59,42412,64,0,110,-5,68,10,6638,0,121,111
04-30-21,Dyer,5408,3,3551,2,1857,1,4009,1,22140,19,26149,20,0,105,0,46,3,5257,0,109,105
04-30-21,Fayette,5017,18,4259,11,758,7,5258,13,38740,82,43998,95,0,76,7,93,11,4848,1,133,78
04-30-21,Fentress,2409,0,2072,0,337,0,2365,0,13455,10,15820,10,0,47,-3,25,3,2337,0,63,47
04-30-21,Franklin,5126,1,4259,1,867,0,4984,2,39240,189,44224,191,0,90,-4,40,5,4996,0,109,90
04-30-21,Gibson,6494,9,3898,4,2596,5,4717,3,30103,44,34820,47,0,145,3,80,6,6269,0,116,145
04-30-21,Giles,3981,7,3268,4,713,3,3756,3,23325,14,27081,17,0,100,5,35,2,3846,0,111,100
04-30-21,Grainger,2616,2,1932,0,684,2,2163,0,14262,38,16425,38,0,50,-2,21,4,2545,1,71,50
04-30-21,Greene,7816,9,6219,8,1597,1,6966,9,51714,115,58680,124,1,154,0,75,8,7587,0,191,155
04-30-21,Grundy,1788,1,1496,1,292,0,1713,1,9394,39,11107,40,0,34,1,7,0,1747,0,61,34
04-30-21,Hamblen,8577,7,5962,2,2615,5,6694,2,46709,67,53403,69,0,172,-3,83,10,8322,0,264,172
04-30-21,Hamilton,43981,58,37697,36,6284,22,42261,35,325616,387,367877,422,0,491,9,471,49,43019,0,1169,491
04-30-21,Hancock,585,3,404,2,181,1,432,2,4010,8,4442,10,0,12,-1,26,4,547,0,23,12
04-30-21,Hardeman,3500,3,2813,3,687,0,3287,5,25533,39,28820,44,0,64,1,38,2,3398,0,105,64
04-30-21,Hardin,3558,3,2398,3,1160,0,2850,3,23766,44,26616,47,1,67,-5,52,7,3439,1,68,67
04-30-21,Hawkins,5977,20,4831,15,1146,5,5210,15,35776,155,40986,170,0,107,8,163,12,5707,0,156,107
04-30-21,Haywood,2700,3,2262,3,438,0,2580,2,13803,26,16383,28,1,62,-1,18,3,2620,0,83,62
04-30-21,Henderson,3778,1,2614,1,1164,0,3265,1,16232,22,19497,23,0,76,-3,37,4,3665,0,79,76
04-30-21,Henry,3161,5,2430,4,731,1,2807,4,18046,23,20853,27,1,76,1,42,3,3043,0,77,76
04-30-21,Hickman,2831,2,2279,1,552,1,2628,1,16870,28,19498,29,0,46,-1,29,3,2756,0,58,46
04-30-21,Houston,1089,2,820,0,269,2,940,1,10701,9,11641,10,0,33,2,6,0,1050,0,40,33
04-30-21,Humphreys,1783,4,1135,4,648,0,1325,4,11927,16,13252,20,1,25,0,41,3,1717,1,36,26
04-30-21,Jackson,1313,1,1028,0,285,1,1197,0,5610,7,6807,7,0,35,1,14,0,1264,0,41,36
04-30-21,Jefferson,6153,7,4204,0,1949,7,4750,1,39652,55,44402,56,0,125,-2,73,9,5955,0,194,124
04-30-21,Johnson,2384,7,2071,5,313,2,2208,5,16001,36,18209,41,0,38,-2,63,9,2283,0,59,38
04-30-21,Knox,50671,58,42314,29,8357,29,46300,29,332084,565,378384,594,0,633,-9,505,67,49533,3,1374,634
04-30-21,Lake,1699,0,1510,0,189,0,1779,0,10244,12,12023,12,0,26,-1,5,1,1668,0,25,26
04-30-21,Lauderdale,3170,2,2466,2,704,0,2831,2,21362,23,24193,25,0,44,2,33,0,3093,0,83,43
04-30-21,Lawrence,5877,9,4577,6,1300,3,5040,7,29861,40,34901,47,0,86,-1,74,10,5717,0,149,87
04-30-21,Lewis,1578,0,1176,0,402,0,1273,0,10071,10,11344,10,0,26,0,17,0,1535,0,43,26
04-30-21,Lincoln,4334,2,3337,1,997,1,3791,2,17925,17,21716,19,0,63,-5,37,7,4234,0,85,62
04-30-21,Loudon,6093,8,4643,3,1450,5,5078,3,31800,43,36878,46,0,69,8,62,0,5962,0,137,69
04-30-21,Macon,3608,2,2794,2,814,0,3285,3,17041,65,20326,68,0,78,1,26,1,3504,1,129,78
04-30-21,Madison,11066,2,6181,1,4885,1,7482,4,56159,107,63641,111,0,241,-5,-64,7,10889,0,337,241
04-30-21,Marion,3116,1,2661,1,455,0,2974,1,19939,46,22913,47,0,47,0,17,1,3052,0,113,47
04-30-21,Marshall,4169,7,3270,3,899,4,3691,5,23462,33,27153,38,0,58,2,53,5,4058,0,92,58
04-30-21,Maury,13417,19,11731,17,1686,2,12942,18,76006,130,88948,148,0,171,7,191,12,13055,0,296,170
04-30-21,McMinn,6467,4,5721,3,746,1,6299,3,43308,63,49607,66,0,98,-7,91,11,6278,1,158,98
04-30-21,McNairy,2803,4,1981,2,822,2,2405,2,18447,40,20852,42,0,54,1,21,3,2728,0,66,54
04-30-21,Meigs,1380,3,1238,3,142,0,1374,3,8205,12,9579,15,0,25,2,29,1,1326,0,45,25
04-30-21,Monroe,5806,4,4571,2,1235,2,5127,2,27811,47,32938,49,0,95,-1,71,5,5640,0,158,95
04-30-21,Montgomery,20076,13,14755,10,5321,3,16199,13,120929,140,137128,153,1,225,-24,406,36,19445,0,305,226
04-30-21,Moore,1008,0,776,0,232,0,875,0,4919,8,5794,8,0,17,-1,7,1,984,0,18,17
04-30-21,Morgan,2482,2,1819,1,663,1,1975,1,15518,58,17493,59,0,39,0,23,2,2420,0,44,39
04-30-21,Obion,4524,1,3340,1,1184,0,3789,1,23015,25,26804,26,0,96,-1,19,2,4409,0,102,96
04-30-21,Out of State,17996,11,14262,9,3734,2,16040,11,644740,1081,660780,1092,0,97,-21,279,32,17620,0,216,97
04-30-21,Overton,3002,3,2251,2,751,1,2650,2,15266,21,17916,23,0,61,0,28,3,2913,0,64,61
04-30-21,Pending,16742,20,10792,12,5950,8,11994,14,423211,1070,435205,1084,0,134,3,177,17,16431,0,139,133
04-30-21,Perry,1060,0,910,0,150,0,1024,0,6145,4,7169,4,0,28,0,4,0,1028,0,28,28
04-30-21,Pickett,757,0,500,0,257,0,602,0,3964,1,4566,1,0,24,0,3,0,730,0,28,24
04-30-21,Polk,2053,3,1843,2,210,1,2039,3,9733,23,11772,26,0,24,0,52,3,1977,0,87,24
04-30-21,Putnam,11312,14,9198,10,2114,4,11021,13,73384,101,84405,114,0,174,2,133,12,11005,0,210,175
04-30-21,Rhea,4333,3,3745,2,588,1,4190,2,27316,39,31506,41,0,75,2,21,1,4237,0,85,75
04-30-21,Roane,6255,6,4810,4,1445,2,5355,4,43881,94,49236,98,0,104,-1,56,7,6095,1,151,105
04-30-21,Robertson,9716,9,7600,6,2116,3,8559,7,44914,84,53473,91,0,131,-7,98,16,9487,0,431,131
04-30-21,Rutherford,42833,72,36527,51,6306,21,42424,56,246470,511,288894,567,2,430,14,529,56,41874,0,596,430
04-30-21,Scott,3105,5,1700,1,1405,4,1818,1,11764,26,13582,27,0,45,2,50,3,3010,0,64,45
04-30-21,Sequatchie,1690,3,1321,3,369,0,1445,4,11981,12,13426,16,0,29,3,22,0,1639,0,41,29
04-30-21,Sevier,13296,12,11341,4,1955,8,12476,5,68373,107,80849,112,0,175,4,136,8,12985,0,282,175
04-30-21,Shelby,94750,154,87644,142,7106,12,107837,163,1019106,2954,1126943,3117,0,1610,-15,1547,169,91593,5,3682,1615
04-30-21,Smith,2765,3,2066,3,699,0,2583,4,13965,27,16548,31,0,39,-2,17,5,2709,0,59,39
04-30-21,Stewart,1317,1,999,1,318,0,1131,1,7116,5,8247,6,0,28,0,10,1,1279,0,26,28
04-30-21,Sullivan,16597,33,14413,29,2184,4,15622,33,92318,183,107940,216,0,290,4,408,29,15899,1,768,292
04-30-21,Sumner,23844,52,21049,42,2795,10,23816,44,126131,285,149947,329,0,347,17,378,35,23119,1,715,346
04-30-21,Tipton,7297,11,5065,6,2232,5,6113,7,49299,106,55412,113,0,101,3,78,8,7118,0,162,102
04-30-21,Trousdale,2499,2,2340,2,159,0,2508,2,9434,18,11942,20,0,22,0,7,2,2470,0,41,22
04-30-21,Unicoi,2014,5,1523,3,491,2,1674,3,13720,35,15394,38,0,49,1,65,4,1900,0,70,49
04-30-21,Union,1902,8,1594,6,308,2,1718,6,10776,21,12494,27,0,34,5,28,3,1840,0,59,34
04-30-21,Van Buren,844,1,696,1,148,0,772,1,5377,8,6149,9,0,23,0,4,1,817,0,23,23
04-30-21,Warren,5530,3,4703,2,827,1,5330,2,33915,31,39245,33,0,81,0,21,3,5428,0,83,81
04-30-21,Washington,14463,25,12386,20,2077,5,13630,21,86405,178,100035,199,-1,244,1,250,25,13969,0,366,244
04-30-21,Wayne,2953,9,2370,1,583,8,2608,1,11435,12,14043,13,0,35,9,12,0,2906,0,61,34
04-30-21,Weakley,4081,9,3003,8,1078,1,3437,7,22051,34,25488,41,0,64,6,55,3,3962,1,72,64
04-30-21,White,3610,11,2937,8,673,3,3578,8,23240,33,26818,41,0,69,7,61,4,3480,0,114,70
04-30-21,Williamson,27849,36,23408,22,4441,14,25962,22,190609,372,216571,394,0,217,11,313,25,27319,1,294,217
04-30-21,Wilson,18692,10,16785,8,1907,2,19060,11,111110,430,130170,441,0,233,-10,210,20,18249,0,339,234
04-29-21,Anderson,8713,6,6491,2,2222,4,7261,3,63668,149,70929,152,0,172,-2,103,8,8438,0,216,171
04-29-21,Bedford,6487,9,5087,5,1400,4,5859,5,32392,53,38251,58,0,129,-3,68,12,6290,1,138,127
04-29-21,Benton,1650,0,1293,0,357,0,1431,0,9214,16,10645,16,0,40,-2,21,2,1589,0,38,40
04-29-21,Bledsoe,2118,2,1913,2,205,0,2027,2,16233,29,18260,31,0,11,0,16,2,2091,0,32,11
04-29-21,Blount,15365,28,13075,21,2290,7,14429,21,77299,216,91728,237,0,193,8,201,20,14971,1,353,193
04-29-21,Bradley,14900,20,12136,14,2764,6,13769,19,68434,130,82203,149,0,149,-13,307,33,14444,1,656,149
04-29-21,Campbell,4134,4,2264,1,1870,3,2542,1,25200,24,27742,25,0,63,1,38,3,4033,0,129,63
04-29-21,Cannon,1909,3,1521,2,388,1,1695,2,9527,13,11222,15,0,31,2,19,1,1859,1,39,31
04-29-21,Carroll,3593,7,2342,0,1251,7,2782,0,19859,20,22641,20,0,83,6,26,1,3484,0,82,83
04-29-21,Carter,6573,5,5706,3,867,2,6276,4,38948,69,45224,73,0,156,-4,108,9,6309,0,232,156
04-29-21,Cheatham,4524,3,3438,1,1086,2,3884,1,28138,39,32022,40,0,55,-12,65,15,4404,0,90,56
04-29-21,Chester,2124,5,1519,2,605,3,1811,3,12144,18,13955,21,0,51,3,35,2,2038,0,43,51
04-29-21,Claiborne,3158,10,2019,9,1139,1,2161,9,24589,48,26750,57,0,73,0,82,10,3003,1,94,73
04-29-21,Clay,1100,1,754,0,346,1,869,0,5710,3,6579,3,0,31,1,8,0,1061,0,25,30
04-29-21,Cocke,4472,0,2948,0,1524,0,3252,0,22682,58,25934,58,0,98,-5,40,5,4334,0,117,98
04-29-21,Coffee,6878,2,4747,1,2131,1,5793,2,46504,31,52297,33,0,121,1,55,1,6702,0,125,121
04-29-21,Crockett,2025,5,1218,0,807,5,1419,0,7434,5,8853,5,0,48,4,17,1,1960,0,31,48
04-29-21,Cumberland,6680,8,5501,6,1179,2,6309,6,49272,38,55581,44,0,128,-1,115,9,6437,1,163,131
04-29-21,Davidson,88787,73,83050,50,5737,23,100840,59,1018570,2165,1119410,2224,0,931,-55,1012,128,86844,2,1973,930
04-29-21,Decatur,1578,0,1170,0,408,0,1391,0,11048,7,12439,7,0,39,-1,1,1,1538,0,40,39
04-29-21,Dekalb,2783,5,2048,4,735,1,2365,4,17267,23,19632,27,0,54,2,25,3,2704,0,56,54
04-29-21,Dickson,6811,12,4930,10,1881,2,5821,12,36527,96,42348,108,1,110,1,73,10,6628,0,121,110
04-29-21,Dyer,5405,5,3549,1,1856,4,4008,1,22121,18,26129,19,0,105,1,46,4,5254,0,109,105
04-29-21,Fayette,4999,8,4248,5,751,3,5245,8,38658,68,43903,76,0,76,-1,86,9,4837,0,132,77
04-29-21,Fentress,2409,4,2072,4,337,0,2365,4,13445,7,15810,11,0,47,1,28,3,2334,0,63,47
04-29-21,Franklin,5125,2,4258,1,867,1,4982,1,39051,15,44033,16,0,90,-1,44,3,4991,0,109,90
04-29-21,Gibson,6485,13,3894,6,2591,7,4714,6,30059,72,34773,78,0,145,1,77,12,6263,0,116,145
04-29-21,Giles,3974,4,3264,2,710,2,3753,2,23311,18,27064,20,1,100,1,30,2,3844,0,111,100
04-29-21,Grainger,2614,2,1932,1,682,1,2163,2,14224,17,16387,19,1,50,-3,23,4,2541,0,70,50
04-29-21,Greene,7807,4,6211,4,1596,0,6957,4,51599,127,58556,131,0,153,-1,75,5,7579,0,191,154
04-29-21,Grundy,1787,0,1495,0,292,0,1712,0,9355,9,11067,9,0,34,-1,6,1,1747,0,61,34
04-29-21,Hamblen,8570,7,5960,1,2610,6,6692,1,46642,47,53334,48,0,172,1,86,6,8312,0,264,172
04-29-21,Hamilton,43923,66,37661,37,6262,29,42226,39,325229,476,367455,515,0,491,15,462,51,42970,1,1169,491
04-29-21,Hancock,582,3,402,0,180,3,430,0,4002,16,4432,16,0,12,-2,27,5,543,0,23,12
04-29-21,Hardeman,3497,3,2810,2,687,1,3282,3,25494,77,28776,80,0,64,1,37,2,3396,1,105,64
04-29-21,Hardin,3555,7,2395,5,1160,2,2847,6,23722,33,26569,39,0,66,4,57,3,3432,1,67,67
04-29-21,Hawkins,5957,18,4816,16,1141,2,5195,16,35621,43,40816,59,0,107,10,155,8,5695,1,156,107
04-29-21,Haywood,2697,6,2259,4,438,2,2578,5,13777,27,16355,32,0,61,6,19,0,2617,0,83,62
04-29-21,Henderson,3777,10,2613,5,1164,5,3264,5,16210,15,19474,20,0,76,5,40,5,3661,0,79,76
04-29-21,Henry,3156,6,2426,2,730,4,2803,2,18023,16,20826,18,0,75,3,41,3,3040,0,77,76
04-29-21,Hickman,2829,1,2278,1,551,0,2627,2,16842,20,19469,22,0,46,-1,30,2,2753,0,58,46
04-29-21,Houston,1087,0,820,0,267,0,939,0,10692,7,11631,7,0,33,-1,4,1,1050,0,40,33
04-29-21,Humphreys,1779,3,1131,2,648,1,1321,2,11911,18,13232,20,2,24,-3,41,4,1714,0,35,25
04-29-21,Jackson,1312,0,1028,0,284,0,1197,0,5603,10,6800,10,0,35,-2,13,2,1264,0,41,36
04-29-21,Jefferson,6146,9,4204,4,1942,5,4749,4,39597,38,44346,42,0,125,0,75,9,5946,2,194,124
04-29-21,Johnson,2377,2,2066,1,311,1,2203,1,15965,15,18168,16,0,38,-6,65,8,2274,0,59,38
04-29-21,Knox,50613,54,42285,33,8328,21,46271,35,331519,572,377790,607,0,633,-2,514,56,49466,2,1371,633
04-29-21,Lake,1699,0,1510,0,189,0,1779,0,10232,10,12011,10,0,26,0,6,0,1667,0,25,26
04-29-21,Lauderdale,3168,3,2464,2,704,1,2829,2,21339,30,24168,32,0,44,2,31,1,3093,0,83,43
04-29-21,Lawrence,5868,3,4571,1,1297,2,5033,1,29821,37,34854,38,0,86,-4,75,7,5707,0,149,86
04-29-21,Lewis,1578,2,1176,0,402,2,1273,0,10061,7,11334,7,0,26,-1,17,3,1535,0,43,26
04-29-21,Lincoln,4332,3,3336,2,996,1,3789,2,17908,13,21697,15,1,63,0,42,2,4227,1,85,62
04-29-21,Loudon,6085,10,4640,3,1445,7,5075,5,31757,41,36832,46,0,69,1,54,9,5962,1,137,69
04-29-21,Macon,3606,3,2792,3,814,0,3282,3,16976,46,20258,49,0,78,1,25,2,3503,0,128,78
04-29-21,Madison,11064,19,6180,3,4884,16,7478,4,56052,61,63530,65,0,241,11,-59,8,10882,0,337,241
04-29-21,Marion,3115,1,2660,1,455,0,2973,1,19893,16,22866,17,0,47,-2,17,3,3051,0,113,47
04-29-21,Marshall,4162,8,3267,3,895,5,3686,4,23429,19,27115,23,0,58,1,51,7,4053,0,92,58
04-29-21,Maury,13398,31,11714,12,1684,19,12924,11,75876,97,88800,108,0,171,18,184,13,13043,0,296,170
04-29-21,McMinn,6463,9,5718,5,745,4,6296,5,43245,43,49541,48,0,98,0,98,9,6267,0,157,98
04-29-21,McNairy,2799,1,1979,1,820,0,2403,1,18407,35,20810,36,0,54,1,20,0,2725,0,66,54
04-29-21,Meigs,1377,0,1235,0,142,0,1371,0,8193,9,9564,9,0,25,-1,27,1,1325,0,45,25
04-29-21,Monroe,5802,5,4569,3,1233,2,5125,4,27764,34,32889,38,0,95,-9,72,14,5635,0,158,95
04-29-21,Montgomery,20063,28,14745,7,5318,21,16186,8,120789,252,136975,260,0,224,-22,430,50,19409,0,305,226
04-29-21,Moore,1008,0,776,0,232,0,875,0,4911,2,5786,2,0,17,-1,8,1,983,0,18,17
04-29-21,Morgan,2480,1,1818,0,662,1,1974,0,15460,9,17434,9,0,39,-1,23,2,2418,0,44,39
04-29-21,Obion,4523,1,3339,1,1184,0,3788,2,22990,52,26778,54,0,96,-3,20,4,4407,0,102,96
04-29-21,Out of State,17985,41,14253,18,3732,23,16029,8,643659,1195,659688,1203,0,97,13,300,28,17588,0,216,97
04-29-21,Overton,2999,1,2249,1,750,0,2648,3,15245,17,17893,20,0,61,-3,28,4,2910,0,64,61
04-29-21,Pending,16722,22,10780,17,5942,5,11980,19,422141,1267,434121,1286,0,134,9,174,13,16414,0,139,133
04-29-21,Perry,1060,2,910,1,150,1,1024,1,6141,7,7165,8,0,28,2,4,0,1028,0,28,28
04-29-21,Pickett,757,0,500,0,257,0,602,0,3963,2,4565,2,0,24,0,3,0,730,0,28,24
04-29-21,Polk,2050,4,1841,4,209,0,2036,5,9710,15,11746,20,0,24,0,52,4,1974,0,87,24
04-29-21,Putnam,11298,10,9188,8,2110,2,11008,8,73283,159,84291,167,0,174,-2,131,12,10993,0,210,175
04-29-21,Rhea,4330,3,3743,1,587,2,4188,1,27277,26,31465,27,0,75,0,19,3,4236,0,85,75
04-29-21,Roane,6249,9,4806,4,1443,5,5351,4,43787,75,49138,79,0,104,4,57,5,6088,0,150,105
04-29-21,Robertson,9707,5,7594,2,2113,3,8552,4,44830,64,53382,68,0,131,-7,105,12,9471,0,431,131
04-29-21,Rutherford,42761,36,36476,21,6285,15,42368,22,245959,413,288327,435,1,428,-19,515,54,41818,0,596,430
04-29-21,Scott,3100,4,1699,4,1401,0,1817,5,11738,26,13555,31,0,45,-1,48,5,3007,0,64,45
04-29-21,Sequatchie,1687,2,1318,1,369,1,1441,1,11969,19,13410,20,0,29,1,19,1,1639,0,41,29
04-29-21,Sevier,13284,10,11337,10,1947,0,12471,12,68266,117,80737,129,0,175,-7,132,17,12977,0,282,175
04-29-21,Shelby,94596,165,87502,151,7094,14,107674,171,1016152,3178,1123826,3349,1,1610,14,1562,150,91424,2,3677,1614
04-29-21,Smith,2762,2,2063,1,699,1,2579,1,13938,14,16517,15,0,39,2,19,0,2704,0,59,39
04-29-21,Stewart,1316,0,998,0,318,0,1130,0,7111,12,8241,12,0,28,0,10,0,1278,0,26,28
04-29-21,Sullivan,16564,60,14384,56,2180,4,15589,67,92135,210,107724,277,0,290,18,404,42,15870,2,767,291
04-29-21,Sumner,23792,28,21007,19,2785,9,23772,22,125846,236,149618,258,0,347,-1,361,29,23084,0,714,346
04-29-21,Tipton,7286,5,5059,5,2227,0,6106,6,49193,104,55299,110,0,101,-3,75,8,7110,0,162,102
04-29-21,Trousdale,2497,1,2338,1,159,0,2506,1,9416,15,11922,16,0,22,-1,7,2,2468,0,41,22
04-29-21,Unicoi,2009,5,1520,1,489,4,1671,1,13685,27,15356,28,0,49,-1,64,6,1896,0,70,49
04-29-21,Union,1894,6,1588,6,306,0,1712,8,10755,20,12467,28,0,34,6,23,0,1837,0,59,34
04-29-21,Van Buren,843,1,695,0,148,1,771,0,5369,7,6140,7,0,23,1,4,0,816,1,23,23
04-29-21,Warren,5527,1,4701,1,826,0,5328,2,33884,68,39212,70,0,81,-2,21,3,5425,0,83,81
04-29-21,Washington,14438,19,12366,19,2072,0,13609,22,86227,146,99836,168,0,245,-17,249,36,13944,2,366,244
04-29-21,Wayne,2944,1,2369,0,575,1,2607,0,11423,6,14030,6,0,35,1,3,0,2906,0,61,34
04-29-21,Weakley,4072,3,2995,0,1077,3,3430,1,22017,14,25447,15,0,64,-2,49,5,3959,0,71,64
04-29-21,White,3599,7,2929,4,670,3,3570,4,23207,23,26777,27,0,69,4,54,3,3476,1,114,70
04-29-21,Williamson,27813,23,23386,15,4427,8,25940,18,190237,354,216177,372,0,217,-13,302,36,27294,0,293,217
04-29-21,Wilson,18682,11,16777,7,1905,4,19049,10,110680,188,129729,198,1,233,-45,220,55,18229,0,339,234
04-28-21,Anderson,8707,17,6489,11,2218,6,7258,14,63519,139,70777,153,0,172,1,105,16,8430,1,216,171
04-28-21,Bedford,6478,5,5082,4,1396,1,5854,5,32339,65,38193,70,0,129,-1,71,6,6278,0,137,127
04-28-21,Benton,1650,5,1293,5,357,0,1431,6,9198,28,10629,34,0,40,1,23,4,1587,0,38,40
04-28-21,Bledsoe,2116,0,1911,0,205,0,2025,0,16204,57,18229,57,0,11,-1,16,1,2089,0,32,11
04-28-21,Blount,15337,24,13054,16,2283,8,14408,17,77083,159,91491,176,0,193,7,193,17,14951,1,352,193
04-28-21,Bradley,14880,33,12122,20,2758,13,13750,24,68304,117,82054,141,0,149,-4,320,37,14411,4,655,149
04-28-21,Campbell,4130,10,2263,6,1867,4,2541,6,25176,21,27717,27,0,63,4,37,6,4030,0,129,63
04-28-21,Cannon,1906,2,1519,1,387,1,1693,1,9514,16,11207,17,0,31,2,17,0,1858,0,38,31
04-28-21,Carroll,3586,0,2342,0,1244,0,2782,0,19839,28,22621,28,0,83,-4,20,4,3483,0,82,83
04-28-21,Carter,6568,17,5703,13,865,4,6272,14,38879,196,45151,210,0,156,0,112,17,6300,0,232,156
04-28-21,Cheatham,4521,4,3437,2,1084,2,3883,2,28099,56,31982,58,0,55,-9,77,13,4389,0,90,56
04-28-21,Chester,2119,3,1517,3,602,0,1808,3,12126,79,13934,82,0,51,1,32,2,2036,0,43,51
04-28-21,Claiborne,3148,10,2010,8,1138,2,2152,9,24541,45,26693,54,0,73,4,82,6,2993,0,93,73
04-28-21,Clay,1099,0,754,0,345,0,869,1,5707,22,6576,23,0,31,-1,7,1,1061,0,25,30
04-28-21,Cocke,4472,5,2948,1,1524,4,3252,1,22624,81,25876,82,0,98,4,45,1,4329,0,117,98
04-28-21,Coffee,6876,8,4746,5,2130,3,5791,4,46473,93,52264,97,0,121,6,54,2,6701,1,125,121
04-28-21,Crockett,2020,0,1218,0,802,0,1419,1,7429,10,8848,11,0,48,-1,13,1,1959,0,31,48
04-28-21,Cumberland,6672,9,5495,8,1177,1,6303,11,49234,166,55537,177,0,128,-1,116,10,6428,0,162,131
04-28-21,Davidson,88714,84,83000,68,5714,16,100781,82,1016405,4419,1117186,4501,2,931,-53,1067,135,86716,1,1971,930
04-28-21,Decatur,1578,1,1170,0,408,1,1391,1,11041,12,12432,13,0,39,1,2,0,1537,0,40,39
04-28-21,Dekalb,2778,0,2044,0,734,0,2361,0,17244,24,19605,24,0,54,-1,23,1,2701,0,56,54
04-28-21,Dickson,6799,9,4920,6,1879,3,5809,6,36431,77,42240,83,0,109,-10,72,19,6618,0,121,110
04-28-21,Dyer,5400,4,3548,3,1852,1,4007,3,22103,29,26110,32,0,105,3,45,1,5250,0,109,105
04-28-21,Fayette,4991,22,4243,8,748,14,5237,16,38590,93,43827,109,0,76,14,87,8,4828,0,132,77
04-28-21,Fentress,2405,2,2068,2,337,0,2361,2,13438,23,15799,25,0,47,1,27,1,2331,0,63,47
04-28-21,Franklin,5123,4,4257,2,866,2,4981,2,39036,160,44017,162,0,90,2,45,2,4988,0,109,90
04-28-21,Gibson,6472,6,3888,3,2584,3,4708,3,29987,62,34695,65,0,145,-3,76,9,6251,0,116,145
04-28-21,Giles,3970,3,3262,2,708,1,3751,3,23293,44,27044,47,0,99,-2,29,5,3842,0,111,100
04-28-21,Grainger,2612,3,1931,1,681,2,2161,2,14207,30,16368,32,-1,49,-1,26,5,2537,0,70,50
04-28-21,Greene,7803,8,6207,7,1596,1,6953,11,51472,300,58425,311,0,153,-7,76,15,7574,0,191,153
04-28-21,Grundy,1787,2,1495,2,292,0,1712,2,9346,59,11058,61,0,34,1,7,1,1746,0,61,34
04-28-21,Hamblen,8563,14,5959,10,2604,4,6691,13,46595,93,53286,106,1,172,6,85,7,8306,1,264,172
04-28-21,Hamilton,43857,74,37624,59,6233,15,42187,61,324753,452,366940,513,0,491,1,447,73,42919,4,1168,491
04-28-21,Hancock,579,7,402,1,177,6,430,3,3986,4,4416,7,0,12,6,29,1,538,1,23,12
04-28-21,Hardeman,3494,6,2808,5,686,1,3279,3,25417,100,28696,103,0,64,5,36,1,3394,0,104,64
04-28-21,Hardin,3548,4,2390,1,1158,3,2841,1,23689,59,26530,60,0,66,-4,53,8,3429,0,66,66
04-28-21,Hawkins,5939,27,4800,21,1139,6,5179,22,35578,103,40757,125,0,107,16,145,11,5687,1,155,107
04-28-21,Haywood,2691,2,2255,2,436,0,2573,2,13750,23,16323,25,0,61,1,13,1,2617,0,83,62
04-28-21,Henderson,3767,4,2608,2,1159,2,3259,3,16195,16,19454,19,0,76,-1,35,5,3656,0,79,76
04-28-21,Henry,3150,7,2424,6,726,1,2801,6,18007,35,20808,41,0,75,5,38,2,3037,0,77,76
04-28-21,Hickman,2828,2,2277,1,551,1,2625,1,16822,32,19447,33,0,46,-2,31,4,2751,0,58,46
04-28-21,Houston,1087,0,820,0,267,0,939,0,10685,10,11624,10,0,33,0,5,0,1049,0,40,33
04-28-21,Humphreys,1776,3,1129,1,647,2,1319,1,11893,32,13212,33,0,22,-9,44,12,1710,0,35,24
04-28-21,Jackson,1312,0,1028,0,284,0,1197,0,5593,18,6790,18,0,35,0,15,0,1262,0,41,36
04-28-21,Jefferson,6137,10,4200,5,1937,5,4745,4,39559,59,44304,63,1,125,5,75,4,5937,0,192,124
04-28-21,Johnson,2375,11,2065,8,310,3,2202,9,15950,177,18152,186,0,38,4,71,7,2266,0,59,38
04-28-21,Knox,50559,48,42252,28,8307,20,46236,34,330947,541,377183,575,4,633,-36,516,80,49410,1,1369,633
04-28-21,Lake,1699,1,1510,1,189,0,1779,1,10222,5,12001,6,0,26,1,6,0,1667,0,25,26
04-28-21,Lauderdale,3165,2,2462,1,703,1,2827,2,21309,36,24136,38,0,44,1,29,1,3092,0,83,43
04-28-21,Lawrence,5865,7,4570,5,1295,2,5032,6,29784,185,34816,191,0,86,4,79,3,5700,0,149,86
04-28-21,Lewis,1576,4,1176,1,400,3,1273,1,10054,17,11327,18,0,26,3,18,1,1532,0,43,26
04-28-21,Lincoln,4329,2,3334,2,995,0,3787,2,17895,31,21682,33,0,62,1,42,1,4225,0,84,62
04-28-21,Loudon,6075,7,4637,3,1438,4,5070,3,31716,65,36786,68,0,69,4,53,3,5953,0,136,69
04-28-21,Macon,3603,1,2789,1,814,0,3279,4,16930,82,20209,86,1,78,-3,24,3,3501,0,128,78
04-28-21,Madison,11045,26,6177,15,4868,11,7474,18,55991,110,63465,128,0,241,15,-70,11,10874,0,337,241
04-28-21,Marion,3114,2,2659,2,455,0,2972,2,19877,96,22849,98,0,47,-3,19,5,3048,0,113,47
04-28-21,Marshall,4154,4,3264,4,890,0,3682,4,23410,46,27092,50,0,58,0,50,4,4046,0,92,58
04-28-21,Maury,13367,15,11702,10,1665,5,12913,12,75779,208,88692,220,0,171,0,166,15,13030,0,296,170
04-28-21,McMinn,6454,12,5713,10,741,2,6291,11,43202,60,49493,71,0,98,6,98,6,6258,1,157,98
04-28-21,McNairy,2798,5,1978,2,820,3,2402,2,18372,34,20774,36,0,54,1,19,4,2725,1,66,54
04-28-21,Meigs,1377,4,1235,3,142,1,1371,3,8184,19,9555,22,0,25,2,28,2,1324,0,45,25
04-28-21,Monroe,5797,6,4566,3,1231,3,5121,3,27730,20,32851,23,0,95,-3,81,9,5621,0,158,95
04-28-21,Montgomery,20035,41,14738,20,5297,21,16178,26,120537,377,136715,403,0,224,-12,452,53,19359,1,305,226
04-28-21,Moore,1008,1,776,1,232,0,875,1,4909,7,5784,8,0,17,-1,9,2,982,0,18,17
04-28-21,Morgan,2479,4,1818,4,661,0,1974,5,15451,25,17425,30,0,39,3,24,1,2416,0,44,39
04-28-21,Obion,4522,5,3338,3,1184,2,3786,4,22938,29,26724,33,0,96,2,23,3,4403,0,102,96
04-28-21,Out of State,17944,28,14235,20,3709,8,16021,15,642464,1401,658485,1416,0,97,1,287,27,17560,1,216,97
04-28-21,Overton,2998,0,2248,0,750,0,2645,0,15228,48,17873,48,0,61,-5,31,5,2906,0,64,61
04-28-21,Pending,16700,16,10763,8,5937,8,11961,8,420874,1157,432835,1165,0,134,4,165,12,16401,0,139,133
04-28-21,Perry,1058,0,909,0,149,0,1023,0,6134,5,7157,5,0,28,0,2,0,1028,0,28,28
04-28-21,Pickett,757,0,500,0,257,0,602,0,3961,8,4563,8,0,24,0,3,0,730,0,28,24
04-28-21,Polk,2046,11,1837,10,209,1,2031,11,9695,37,11726,48,0,24,7,52,4,1970,1,87,24
04-28-21,Putnam,11288,26,9180,17,2108,9,11000,22,73124,292,84124,314,0,174,13,133,13,10981,0,210,175
04-28-21,Rhea,4327,1,3742,1,585,0,4187,1,27251,80,31438,81,0,75,-4,19,5,4233,0,85,75
04-28-21,Roane,6240,10,4802,5,1438,5,5347,4,43712,82,49059,86,0,104,6,53,4,6083,0,150,105
04-28-21,Robertson,9702,7,7592,6,2110,1,8548,8,44766,130,53314,138,1,131,-3,112,9,9459,0,431,131
04-28-21,Rutherford,42725,45,36455,32,6270,13,42346,38,245546,597,287892,635,2,427,-10,534,53,41764,3,596,427
04-28-21,Scott,3096,11,1695,7,1401,4,1812,7,11712,43,13524,50,0,45,7,49,4,3002,0,64,45
04-28-21,Sequatchie,1685,3,1317,2,368,1,1440,2,11950,11,13390,13,0,29,2,18,1,1638,0,41,29
04-28-21,Sevier,13274,11,11327,6,1947,5,12459,7,68149,163,80608,170,0,175,-14,139,25,12960,1,282,175
04-28-21,Shelby,94431,190,87351,176,7080,14,107503,211,1012974,3400,1120477,3611,2,1609,38,1548,150,91274,13,3675,1614
04-28-21,Smith,2760,2,2062,1,698,1,2578,1,13924,21,16502,22,0,39,-1,17,3,2704,0,59,39
04-28-21,Stewart,1316,0,998,0,318,0,1130,1,7099,10,8229,11,0,28,-2,10,2,1278,0,26,28
04-28-21,Sullivan,16504,32,14328,28,2176,4,15522,28,91925,248,107447,276,1,290,-29,386,60,15828,0,765,290
04-28-21,Sumner,23764,18,20988,14,2776,4,23750,17,125610,375,149360,392,0,347,-26,362,44,23055,0,714,346
04-28-21,Tipton,7281,8,5054,4,2227,4,6100,5,49089,123,55189,128,0,101,-1,78,9,7102,0,162,102
04-28-21,Trousdale,2496,1,2337,1,159,0,2505,1,9401,24,11906,25,0,22,1,8,0,2466,0,41,22
04-28-21,Unicoi,2004,13,1519,9,485,4,1670,9,13658,89,15328,98,0,49,10,65,3,1890,2,70,49
04-28-21,Union,1888,4,1582,2,306,2,1704,2,10735,35,12439,37,0,34,2,17,2,1837,0,59,34
04-28-21,Van Buren,842,1,695,1,147,0,771,1,5362,7,6133,8,0,23,1,3,0,816,0,22,23
04-28-21,Warren,5526,5,4700,4,826,1,5326,5,33816,61,39142,66,0,81,-1,23,6,5422,0,83,81
04-28-21,Washington,14419,34,12347,28,2072,6,13587,32,86081,322,99668,354,0,245,-6,266,40,13908,1,364,244
04-28-21,Wayne,2943,1,2369,1,574,0,2607,1,11417,20,14024,21,0,35,0,2,1,2906,0,61,34
04-28-21,Weakley,4069,7,2995,2,1074,5,3429,2,22003,23,25432,25,0,64,2,51,5,3954,1,71,64
04-28-21,White,3592,4,2925,1,667,3,3566,1,23184,50,26750,51,1,69,-3,50,6,3473,0,113,69
04-28-21,Williamson,27790,26,23371,16,4419,10,25922,18,189883,438,215805,456,1,217,-28,315,53,27258,0,293,217
04-28-21,Wilson,18671,19,16770,14,1901,5,19039,16,110492,325,129531,341,1,232,-20,265,38,18174,0,339,233
04-27-21,Anderson,8690,10,6478,6,2212,4,7244,6,63380,68,70624,74,0,172,-3,104,13,8414,0,215,171
04-27-21,Bedford,6473,4,5078,0,1395,4,5849,1,32274,30,38123,31,0,129,-6,72,10,6272,0,137,127
04-27-21,Benton,1645,4,1288,4,357,0,1425,3,9170,2,10595,5,0,40,1,22,3,1583,0,38,40
04-27-21,Bledsoe,2116,5,1911,2,205,3,2025,2,16147,6,18172,8,0,11,3,17,2,2088,0,32,11
04-27-21,Blount,15313,16,13038,9,2275,7,14391,12,76924,154,91315,166,0,193,1,186,15,14934,0,351,193
04-27-21,Bradley,14847,28,12102,11,2745,17,13726,12,68187,229,81913,241,0,149,-8,324,36,14374,2,651,149
04-27-21,Campbell,4120,2,2257,1,1863,1,2535,2,25155,18,27690,20,0,63,-1,33,3,4024,0,129,63
04-27-21,Cannon,1904,1,1518,1,386,0,1692,1,9498,14,11190,15,0,31,-1,15,2,1858,0,38,31
04-27-21,Carroll,3586,1,2342,0,1244,1,2782,0,19811,22,22593,22,0,83,-3,24,4,3479,0,82,83
04-27-21,Carter,6551,14,5690,6,861,8,6258,7,38683,64,44941,71,0,156,8,112,6,6283,1,232,156
04-27-21,Cheatham,4517,2,3435,2,1082,0,3881,2,28043,31,31924,33,0,55,-7,86,9,4376,0,90,56
04-27-21,Chester,2116,8,1514,2,602,6,1805,1,12047,10,13852,11,0,51,6,31,2,2034,0,43,51
04-27-21,Claiborne,3138,14,2002,7,1136,7,2143,8,24496,26,26639,34,0,73,11,78,3,2987,0,93,73
04-27-21,Clay,1099,0,754,0,345,0,868,0,5685,6,6553,6,0,31,-3,8,3,1060,0,25,30
04-27-21,Cocke,4467,4,2947,1,1520,3,3251,2,22543,28,25794,30,0,98,0,41,4,4328,1,117,98
04-27-21,Coffee,6868,4,4741,2,2127,2,5787,2,46380,60,52167,62,0,121,-6,48,10,6699,0,124,121
04-27-21,Crockett,2020,1,1218,1,802,0,1418,1,7419,13,8837,14,0,48,1,14,0,1958,0,31,48
04-27-21,Cumberland,6663,9,5487,2,1176,7,6292,2,49068,37,55360,39,0,128,-4,117,13,6418,0,162,131
04-27-21,Davidson,88630,93,82932,73,5698,20,100699,93,1011986,2171,1112685,2264,0,929,-6,1120,99,86581,5,1970,929
04-27-21,Decatur,1577,0,1170,0,407,0,1390,0,11029,3,12419,3,0,39,0,1,0,1537,0,40,39
04-27-21,Dekalb,2778,2,2044,2,734,0,2361,2,17220,15,19581,17,1,54,-3,24,4,2700,0,56,54
04-27-21,Dickson,6790,7,4914,4,1876,3,5803,8,36354,83,42157,91,0,109,-5,82,12,6599,0,121,110
04-27-21,Dyer,5396,6,3545,1,1851,5,4004,1,22074,46,26078,47,0,105,4,42,2,5249,0,109,105
04-27-21,Fayette,4969,6,4235,3,734,3,5221,5,38497,73,43718,78,0,76,-6,73,12,4820,0,132,77
04-27-21,Fentress,2403,3,2066,1,337,2,2359,2,13415,102,15774,104,0,47,3,26,0,2330,0,63,47
04-27-21,Franklin,5119,8,4255,7,864,1,4979,9,38876,27,43855,36,1,90,3,43,4,4986,0,109,90
04-27-21,Gibson,6466,14,3885,3,2581,11,4705,3,29925,36,34630,39,0,145,7,79,7,6242,1,116,145
04-27-21,Giles,3967,2,3260,1,707,1,3748,1,23249,30,26997,31,0,99,-2,31,4,3837,0,111,100
04-27-21,Grainger,2609,4,1930,3,679,1,2159,3,14177,10,16336,13,0,50,-3,27,7,2532,0,70,50
04-27-21,Greene,7795,10,6200,9,1595,1,6942,9,51172,83,58114,92,0,153,-2,83,12,7559,2,191,153
04-27-21,Grundy,1785,0,1493,0,292,0,1710,0,9287,10,10997,10,0,34,0,6,0,1745,0,61,34
04-27-21,Hamblen,8549,5,5949,2,2600,3,6678,2,46502,52,53180,54,0,171,-3,79,8,8299,0,263,171
04-27-21,Hamilton,43783,39,37565,30,6218,9,42126,34,324301,376,366427,410,1,491,-23,446,61,42846,0,1164,491
04-27-21,Hancock,572,2,401,1,171,1,427,1,3982,4,4409,5,0,12,1,23,1,537,0,22,12
04-27-21,Hardeman,3488,2,2803,1,685,1,3276,1,25317,20,28593,21,0,64,-1,31,3,3393,1,104,64
04-27-21,Hardin,3544,9,2389,2,1155,7,2840,2,23630,24,26470,26,0,66,5,57,4,3421,0,66,66
04-27-21,Hawkins,5912,20,4779,10,1133,10,5157,12,35475,120,40632,132,0,107,5,129,15,5676,3,154,107
04-27-21,Haywood,2689,2,2253,2,436,0,2571,2,13727,19,16298,21,0,61,-1,12,3,2616,0,83,62
04-27-21,Henderson,3763,5,2606,3,1157,2,3256,4,16179,8,19435,12,0,76,-2,36,7,3651,0,79,76
04-27-21,Henry,3143,9,2418,2,725,7,2795,2,17972,11,20767,13,0,75,8,33,1,3035,0,77,76
04-27-21,Hickman,2826,5,2276,2,550,3,2624,2,16790,21,19414,23,0,46,0,33,5,2747,1,58,46
04-27-21,Houston,1087,0,820,0,267,0,939,0,10675,10,11614,10,0,33,0,5,0,1049,0,40,33
04-27-21,Humphreys,1773,4,1128,2,645,2,1318,2,11861,23,13179,25,0,22,-6,53,10,1698,0,35,24
04-27-21,Jackson,1312,1,1028,0,284,1,1197,0,5575,3,6772,3,0,35,-2,15,3,1262,0,41,36
04-27-21,Jefferson,6127,12,4195,5,1932,7,4741,5,39500,25,44241,30,0,124,3,70,9,5933,3,192,123
04-27-21,Johnson,2364,3,2057,1,307,2,2193,1,15773,15,17966,16,0,38,-1,67,4,2259,0,59,38
04-27-21,Knox,50511,41,42224,17,8287,24,46202,20,330406,392,376608,412,1,629,-29,552,69,49330,2,1368,631
04-27-21,Lake,1698,3,1509,3,189,0,1778,3,10217,56,11995,59,0,26,3,5,0,1667,0,25,26
04-27-21,Lauderdale,3163,4,2461,2,702,2,2825,4,21273,31,24098,35,0,44,-1,28,5,3091,0,83,43
04-27-21,Lawrence,5858,4,4565,2,1293,2,5026,3,29599,36,34625,39,0,86,-10,75,14,5697,1,149,86
04-27-21,Lewis,1572,1,1175,1,397,0,1272,1,10037,5,11309,6,0,26,-2,15,3,1531,0,43,26
04-27-21,Lincoln,4327,5,3332,2,995,3,3785,2,17864,16,21649,18,0,62,0,41,5,4224,0,84,62
04-27-21,Loudon,6068,14,4634,3,1434,11,5067,2,31651,39,36718,41,0,69,9,49,5,5950,0,136,69
04-27-21,Macon,3602,2,2788,0,814,2,3275,0,16848,36,20123,36,0,77,-6,27,8,3498,0,128,78
04-27-21,Madison,11019,68,6162,39,4857,29,7456,40,55881,98,63337,138,0,241,57,-85,11,10863,0,337,241
04-27-21,Marion,3112,3,2657,3,455,0,2970,3,19781,34,22751,37,0,47,2,22,1,3043,0,113,47
04-27-21,Marshall,4150,4,3260,1,890,3,3678,1,23364,42,27042,43,0,58,1,50,3,4042,0,92,58
04-27-21,Maury,13352,17,11692,11,1660,6,12901,10,75571,110,88472,120,0,171,-2,166,19,13015,0,296,170
04-27-21,McMinn,6442,6,5703,4,739,2,6280,4,43142,42,49422,46,0,98,-4,92,10,6252,0,156,98
04-27-21,McNairy,2793,1,1976,1,817,0,2400,1,18338,22,20738,23,0,54,-1,18,2,2721,0,65,54
04-27-21,Meigs,1373,1,1232,1,141,0,1368,1,8165,9,9533,10,0,25,-1,26,2,1322,0,45,25
04-27-21,Monroe,5791,11,4563,9,1228,2,5118,9,27710,26,32828,35,0,95,-3,84,14,5612,0,158,95
04-27-21,Montgomery,19994,35,14718,26,5276,9,16152,26,120160,303,136312,329,0,224,-11,464,46,19306,0,304,225
04-27-21,Moore,1007,2,775,1,232,1,874,1,4902,5,5776,6,0,17,1,10,1,980,0,18,17
04-27-21,Morgan,2475,3,1814,1,661,2,1969,1,15426,26,17395,27,0,39,0,21,3,2415,0,44,39
04-27-21,Obion,4517,7,3335,3,1182,4,3782,3,22909,45,26691,48,0,96,2,21,5,4400,0,102,96
04-27-21,Out of State,17916,28,14215,18,3701,10,16006,22,641063,1245,657069,1267,0,97,-3,286,31,17533,0,215,97
04-27-21,Overton,2998,1,2248,0,750,1,2645,0,15180,15,17825,15,0,61,-2,36,3,2901,0,64,61
04-27-21,Pending,16684,22,10755,9,5929,13,11953,9,419717,1023,431670,1032,0,134,1,161,21,16389,0,139,133
04-27-21,Perry,1058,0,909,0,149,0,1023,0,6129,3,7152,3,0,28,0,2,0,1028,0,28,28
04-27-21,Pickett,757,0,500,0,257,0,602,0,3953,5,4555,5,0,24,-1,3,1,730,0,28,24
04-27-21,Polk,2035,7,1827,3,208,4,2020,4,9658,16,11678,20,0,24,3,45,4,1966,0,86,24
04-27-21,Putnam,11262,9,9163,4,2099,5,10978,5,72832,52,83810,57,0,174,-5,120,14,10968,0,210,175
04-27-21,Rhea,4326,2,3741,2,585,0,4186,2,27171,39,31357,41,0,75,-2,23,4,4228,1,85,75
04-27-21,Roane,6230,5,4797,1,1433,4,5343,1,43630,44,48973,45,0,104,-6,47,11,6079,0,150,104
04-27-21,Robertson,9695,15,7586,9,2109,6,8540,10,44636,68,53176,78,0,130,4,115,11,9450,2,431,131
04-27-21,Rutherford,42680,43,36423,29,6257,14,42308,35,244949,449,287257,484,0,425,5,544,38,41711,1,593,427
04-27-21,Scott,3085,8,1688,3,1397,5,1805,3,11669,18,13474,21,0,45,6,42,2,2998,0,64,45
04-27-21,Sequatchie,1682,2,1315,1,367,1,1438,1,11939,5,13377,6,0,29,-2,16,4,1637,1,41,29
04-27-21,Sevier,13263,15,11321,5,1942,10,12452,5,67986,69,80438,74,0,175,-5,153,20,12935,0,281,175
04-27-21,Shelby,94241,180,87175,146,7066,34,107292,172,1009574,3057,1116866,3229,0,1607,7,1510,173,91124,9,3662,1614
04-27-21,Smith,2758,2,2061,1,697,1,2577,1,13903,17,16480,18,0,39,-1,18,3,2701,0,59,39
04-27-21,Stewart,1316,2,998,1,318,1,1129,1,7089,12,8218,13,0,28,2,12,0,1276,0,26,28
04-27-21,Sullivan,16472,45,14300,28,2172,17,15494,30,91677,132,107171,162,0,289,-11,415,56,15768,1,765,290
04-27-21,Sumner,23746,40,20974,33,2772,7,23733,36,125235,206,148968,242,1,347,0,388,39,23011,1,714,346
04-27-21,Tipton,7273,6,5050,6,2223,0,6095,5,48966,125,55061,130,1,101,2,79,3,7093,1,162,102
04-27-21,Trousdale,2495,0,2336,0,159,0,2504,0,9377,7,11881,7,0,22,-1,7,1,2466,0,41,22
04-27-21,Unicoi,1991,9,1510,2,481,7,1661,2,13569,16,15230,18,0,49,4,55,5,1887,1,68,49
04-27-21,Union,1884,1,1580,1,304,0,1702,1,10700,18,12402,19,0,34,-2,15,3,1835,0,59,34
04-27-21,Van Buren,841,0,694,0,147,0,770,0,5355,2,6125,2,0,23,-1,2,1,816,0,22,23
04-27-21,Warren,5521,0,4696,0,825,0,5321,0,33755,49,39076,49,0,81,-4,24,4,5416,0,83,81
04-27-21,Washington,14385,22,12319,14,2066,8,13555,14,85759,128,99314,142,1,245,-9,272,30,13868,0,363,244
04-27-21,Wayne,2942,0,2368,0,574,0,2606,0,11397,6,14003,6,1,35,-1,2,0,2905,0,61,34
04-27-21,Weakley,4062,9,2993,3,1069,6,3427,3,21980,16,25407,19,0,64,4,49,5,3949,0,70,64
04-27-21,White,3588,4,2924,1,664,3,3565,1,23134,23,26699,24,0,68,-1,53,5,3467,0,113,69
04-27-21,Williamson,27764,46,23355,28,4409,18,25904,27,189445,329,215349,356,0,216,8,343,38,27205,0,293,216
04-27-21,Wilson,18652,8,16756,6,1896,2,19023,6,110167,176,129190,182,0,231,-35,285,43,18136,0,339,232
04-26-21,Anderson,8680,9,6472,4,2208,5,7238,3,63312,75,70550,78,0,172,1,107,8,8401,0,215,171
04-26-21,Bedford,6469,10,5078,4,1391,6,5848,7,32244,17,38092,24,0,129,-2,78,12,6262,0,137,127
04-26-21,Benton,1641,2,1284,0,357,2,1422,0,9168,5,10590,5,0,40,0,21,2,1580,0,38,40
04-26-21,Bledsoe,2111,0,1909,0,202,0,2023,0,16141,4,18164,4,0,11,-2,14,2,2086,0,32,11
04-26-21,Blount,15297,28,13029,22,2268,6,14379,22,76770,144,91149,166,0,193,-2,185,30,14919,0,351,193
04-26-21,Bradley,14819,21,12091,14,2728,7,13714,19,67958,107,81672,126,0,149,-36,332,57,14338,0,649,149
04-26-21,Campbell,4118,4,2256,2,1862,2,2533,2,25137,19,27670,21,0,63,-4,34,8,4021,0,129,63
04-26-21,Cannon,1903,3,1517,1,386,2,1691,1,9484,15,11175,16,0,31,1,16,2,1856,0,38,31
04-26-21,Carroll,3585,1,2342,1,1243,0,2782,1,19789,14,22571,15,0,83,-1,27,2,3475,0,82,83
04-26-21,Carter,6537,10,5684,7,853,3,6251,8,38619,35,44870,43,0,156,-4,104,14,6277,1,231,156
04-26-21,Cheatham,4515,5,3433,4,1082,1,3879,4,28012,36,31891,40,0,55,-4,93,9,4367,0,90,56
04-26-21,Chester,2108,3,1512,0,596,3,1804,0,12037,2,13841,2,0,51,3,25,0,2032,0,43,51
04-26-21,Claiborne,3124,14,1995,8,1129,6,2135,8,24470,9,26605,17,0,73,8,67,6,2984,0,93,73
04-26-21,Clay,1099,0,754,0,345,0,868,0,5679,1,6547,1,0,31,-1,11,1,1057,0,25,30
04-26-21,Cocke,4463,4,2946,2,1517,2,3249,1,22515,28,25764,29,0,98,-1,41,5,4324,0,116,98
04-26-21,Coffee,6864,0,4739,0,2125,0,5785,0,46320,23,52105,23,0,121,-10,54,10,6689,0,124,121
04-26-21,Crockett,2019,0,1217,0,802,0,1417,0,7406,6,8823,6,0,48,-1,13,1,1958,0,31,48
04-26-21,Cumberland,6654,6,5485,2,1169,4,6290,2,49031,27,55321,29,0,128,-8,121,14,6405,0,162,131
04-26-21,Davidson,88537,97,82859,84,5678,13,100606,97,1009815,1499,1110421,1596,0,929,-25,1126,122,86482,1,1965,928
04-26-21,Decatur,1577,0,1170,0,407,0,1390,0,11026,2,12416,2,0,39,-1,1,1,1537,0,40,39
04-26-21,Dekalb,2776,2,2042,1,734,1,2359,1,17205,9,19564,10,0,53,1,27,1,2696,0,56,54
04-26-21,Dickson,6783,2,4910,1,1873,1,5795,1,36271,63,42066,64,0,109,-5,87,7,6587,0,121,110
04-26-21,Dyer,5390,5,3544,2,1846,3,4003,2,22028,13,26031,15,0,105,2,38,3,5247,0,109,105
04-26-21,Fayette,4963,11,4232,6,731,5,5216,9,38424,38,43640,47,0,76,0,79,11,4808,1,132,77
04-26-21,Fentress,2400,4,2065,1,335,3,2357,1,13313,7,15670,8,0,47,2,23,2,2330,0,63,47
04-26-21,Franklin,5111,0,4248,0,863,0,4970,0,38849,30,43819,30,0,89,-7,40,7,4982,0,109,89
04-26-21,Gibson,6452,6,3882,1,2570,5,4702,1,29889,16,34591,17,0,145,2,72,4,6235,0,115,145
04-26-21,Giles,3965,1,3259,0,706,1,3747,0,23219,26,26966,26,0,99,-5,33,6,3833,0,111,100
04-26-21,Grainger,2605,1,1927,1,678,0,2156,2,14167,3,16323,5,0,50,-3,30,4,2525,0,70,50
04-26-21,Greene,7785,4,6191,3,1594,1,6933,5,51089,64,58022,69,1,153,-3,85,6,7547,1,189,153
04-26-21,Grundy,1785,1,1493,0,292,1,1710,1,9277,5,10987,6,0,34,1,6,0,1745,0,61,34
04-26-21,Hamblen,8544,4,5947,2,2597,2,6676,2,46450,22,53126,24,0,171,-5,82,9,8291,0,263,171
04-26-21,Hamilton,43744,46,37535,33,6209,13,42092,41,323925,339,366017,380,0,490,-26,469,72,42785,3,1164,491
04-26-21,Hancock,570,3,400,2,170,1,426,2,3978,3,4404,5,0,12,1,22,2,536,1,22,12
04-26-21,Hardeman,3486,2,2802,1,684,1,3275,1,25297,14,28572,15,0,64,0,32,2,3390,0,103,64
04-26-21,Hardin,3535,3,2387,1,1148,2,2838,1,23606,11,26444,12,0,66,-3,52,6,3417,0,66,66
04-26-21,Hawkins,5892,15,4769,11,1123,4,5145,10,35355,34,40500,44,0,107,-1,124,16,5661,1,151,107
04-26-21,Haywood,2687,2,2251,2,436,0,2569,1,13708,3,16277,4,0,61,2,13,0,2613,0,83,62
04-26-21,Henderson,3758,1,2603,0,1155,1,3252,0,16171,1,19423,1,0,76,-1,38,2,3644,0,79,76
04-26-21,Henry,3134,2,2416,0,718,2,2793,0,17961,9,20754,9,0,75,0,25,2,3034,0,77,76
04-26-21,Hickman,2821,3,2274,3,547,0,2622,3,16769,12,19391,15,0,46,2,33,1,2742,0,57,46
04-26-21,Houston,1087,0,820,0,267,0,939,0,10665,10,11604,10,0,33,-1,5,1,1049,0,40,33
04-26-21,Humphreys,1769,3,1126,1,643,2,1316,2,11838,9,13154,11,0,22,-2,59,5,1688,1,35,24
04-26-21,Jackson,1311,1,1028,0,283,1,1197,0,5572,2,6769,2,0,35,-1,17,2,1259,0,41,36
04-26-21,Jefferson,6115,6,4190,2,1925,4,4736,1,39475,25,44211,26,0,124,3,67,3,5924,1,189,123
04-26-21,Johnson,2361,9,2056,1,305,8,2192,1,15758,5,17950,6,0,38,-2,68,11,2255,0,59,38
04-26-21,Knox,50470,69,42207,36,8263,33,46182,40,330014,480,376196,520,1,628,4,581,64,49261,0,1366,630
04-26-21,Lake,1695,0,1506,0,189,0,1775,0,10161,2,11936,2,0,26,0,2,0,1667,0,25,26
04-26-21,Lauderdale,3159,6,2459,3,700,3,2821,2,21242,15,24063,17,0,44,5,29,1,3086,0,83,43
04-26-21,Lawrence,5854,14,4563,7,1291,7,5023,8,29563,28,34586,36,0,86,5,85,9,5683,0,148,86
04-26-21,Lewis,1571,3,1174,0,397,3,1271,0,10032,5,11303,5,0,26,2,17,1,1528,0,43,26
04-26-21,Lincoln,4322,1,3330,0,992,1,3783,0,17848,10,21631,10,-1,62,-3,41,5,4219,0,84,62
04-26-21,Loudon,6054,6,4631,3,1423,3,5065,3,31612,43,36677,46,0,69,4,40,2,5945,1,136,69
04-26-21,Macon,3600,9,2788,4,812,5,3275,4,16812,31,20087,35,0,77,-2,33,11,3490,0,128,77
04-26-21,Madison,10951,35,6123,16,4828,19,7416,16,55783,127,63199,143,0,241,28,-142,7,10852,0,337,241
04-26-21,Marion,3109,2,2654,2,455,0,2967,2,19747,23,22714,25,0,47,-3,20,5,3042,0,113,47
04-26-21,Marshall,4146,3,3259,2,887,1,3677,2,23322,26,26999,28,0,58,-8,49,11,4039,0,92,58
04-26-21,Maury,13335,23,11681,12,1654,11,12891,14,75461,136,88352,150,0,171,-6,168,29,12996,0,296,170
04-26-21,McMinn,6436,10,5699,8,737,2,6276,7,43100,37,49376,44,0,98,-4,96,14,6242,0,156,98
04-26-21,McNairy,2792,4,1975,1,817,3,2399,1,18316,13,20715,14,0,54,1,19,3,2719,0,65,54
04-26-21,Meigs,1372,2,1231,2,141,0,1367,4,8156,10,9523,14,1,25,-5,27,6,1320,0,45,25
04-26-21,Monroe,5780,11,4554,8,1226,3,5109,9,27684,39,32793,48,0,95,-1,87,12,5598,1,158,95
04-26-21,Montgomery,19959,34,14692,21,5267,13,16126,21,119857,257,135983,278,0,224,-14,475,48,19260,0,304,225
04-26-21,Moore,1005,2,774,1,231,1,873,0,4897,2,5770,2,0,17,1,9,1,979,0,18,17
04-26-21,Morgan,2472,2,1813,0,659,2,1968,0,15400,13,17368,13,0,39,-3,21,5,2412,0,44,39
04-26-21,Obion,4510,3,3332,2,1178,1,3779,3,22864,28,26643,31,0,96,-2,19,5,4395,1,102,96
04-26-21,Out of State,17888,20,14197,12,3691,8,15984,11,639818,901,655802,912,0,97,-16,289,36,17502,0,215,97
04-26-21,Overton,2997,0,2248,0,749,0,2645,2,15165,7,17810,9,0,61,-3,38,3,2898,0,64,61
04-26-21,Pending,16662,18,10746,9,5916,9,11944,10,418694,697,430638,707,1,134,-16,160,33,16368,0,139,133
04-26-21,Perry,1058,0,909,0,149,0,1023,0,6126,2,7149,2,0,28,0,2,0,1028,0,28,28
04-26-21,Pickett,757,2,500,1,257,1,602,1,3948,1,4550,2,0,24,2,4,0,729,0,28,24
04-26-21,Polk,2028,2,1824,1,204,1,2016,2,9642,10,11658,12,0,24,-4,42,6,1962,0,86,24
04-26-21,Putnam,11253,14,9159,4,2094,10,10973,4,72780,39,83753,43,0,174,-1,125,15,10954,0,210,175
04-26-21,Rhea,4324,2,3739,1,585,1,4184,1,27132,24,31316,25,0,75,0,25,2,4224,0,84,75
04-26-21,Roane,6225,5,4796,4,1429,1,5342,4,43586,48,48928,52,1,104,-4,53,8,6068,0,150,104
04-26-21,Robertson,9680,5,7577,3,2103,2,8530,3,44568,58,53098,61,0,130,-9,111,14,9439,0,429,131
04-26-21,Rutherford,42637,62,36394,51,6243,11,42273,52,244500,448,286773,500,0,425,-25,539,87,41673,0,592,425
04-26-21,Scott,3077,8,1685,1,1392,7,1802,1,11651,7,13453,8,0,45,4,36,4,2996,0,64,45
04-26-21,Sequatchie,1680,2,1314,0,366,2,1437,2,11934,4,13371,6,0,29,0,18,2,1633,0,40,29
04-26-21,Sevier,13248,14,11316,7,1932,7,12447,7,67917,63,80364,70,0,175,-11,158,25,12915,0,281,175
04-26-21,Shelby,94061,124,87029,84,7032,40,107120,106,1006517,1315,1113637,1421,5,1607,-100,1503,219,90951,7,3653,1611
04-26-21,Smith,2756,1,2060,0,696,1,2576,1,13886,9,16462,10,0,39,-4,19,5,2698,0,59,39
04-26-21,Stewart,1314,1,997,1,317,0,1128,2,7077,6,8205,8,0,28,1,10,0,1276,0,26,28
04-26-21,Sullivan,16427,36,14272,31,2155,5,15464,28,91545,112,107009,140,2,289,-17,426,51,15712,2,764,288
04-26-21,Sumner,23706,61,20941,51,2765,10,23697,54,125029,239,148726,293,0,346,14,388,47,22972,0,713,345
04-26-21,Tipton,7267,10,5044,5,2223,5,6090,5,48841,54,54931,59,-1,100,7,77,4,7090,0,161,102
04-26-21,Trousdale,2495,0,2336,0,159,0,2504,0,9370,9,11874,9,0,22,0,8,0,2465,0,41,22
04-26-21,Unicoi,1982,3,1508,0,474,3,1659,0,13553,10,15212,10,0,49,-3,51,6,1882,0,67,49
04-26-21,Union,1883,1,1579,1,304,0,1701,1,10682,13,12383,14,0,34,-2,17,3,1832,0,59,34
04-26-21,Van Buren,841,0,694,0,147,0,770,0,5353,2,6123,2,0,23,-1,3,1,815,0,22,23
04-26-21,Warren,5521,2,4696,2,825,0,5321,2,33706,28,39027,30,0,81,-1,28,3,5412,1,83,81
04-26-21,Washington,14363,31,12305,22,2058,9,13541,22,85631,102,99172,124,0,244,-16,281,47,13838,1,363,244
04-26-21,Wayne,2942,0,2368,0,574,0,2606,0,11391,7,13997,7,0,34,0,3,0,2905,0,61,34
04-26-21,Weakley,4053,7,2990,3,1063,4,3424,2,21964,8,25388,10,0,64,1,45,6,3944,0,70,64
04-26-21,White,3584,8,2923,7,661,1,3564,7,23111,13,26675,20,0,68,3,54,5,3462,0,113,69
04-26-21,Williamson,27718,29,23327,25,4391,4,25877,29,189116,336,214993,365,0,216,-20,335,49,27167,0,293,216
04-26-21,Wilson,18644,35,16750,30,1894,5,19017,33,109991,305,129008,338,1,231,-9,320,43,18093,1,339,232
04-25-21,Anderson,8671,4,6468,2,2203,2,7235,2,63237,40,70472,42,0,172,0,106,4,8393,0,215,171
04-25-21,Bedford,6459,2,5074,1,1385,1,5841,3,32227,37,38068,40,0,129,-8,80,10,6250,0,137,127
04-25-21,Benton,1639,0,1284,0,355,0,1422,1,9163,13,10585,14,0,40,-3,21,3,1578,0,38,40
04-25-21,Bledsoe,2111,6,1909,5,202,1,2023,5,16137,85,18160,90,0,11,6,16,0,2084,0,32,11
04-25-21,Blount,15269,4,13007,1,2262,3,14357,2,76626,70,90983,72,0,193,-6,187,10,14889,0,351,193
04-25-21,Bradley,14798,31,12077,25,2721,6,13695,23,67851,87,81546,110,1,149,16,368,14,14281,5,649,149
04-25-21,Campbell,4114,0,2254,0,1860,0,2531,0,25118,12,27649,12,0,63,-3,38,3,4013,0,129,63
04-25-21,Cannon,1900,2,1516,1,384,1,1690,1,9469,15,11159,16,0,31,2,15,0,1854,0,38,31
04-25-21,Carroll,3584,4,2341,3,1243,1,2781,3,19775,15,22556,18,0,83,1,28,3,3473,1,82,83
04-25-21,Carter,6527,5,5677,5,850,0,6243,5,38584,30,44827,35,0,156,-13,108,18,6263,2,230,156
04-25-21,Cheatham,4510,4,3429,4,1081,0,3875,4,27976,45,31851,49,0,55,0,97,4,4358,0,90,56
04-25-21,Chester,2105,0,1512,0,593,0,1804,0,12035,74,13839,74,0,51,0,22,0,2032,0,43,51
04-25-21,Claiborne,3110,0,1987,0,1123,0,2127,0,24461,9,26588,9,0,73,-3,59,3,2978,0,93,73
04-25-21,Clay,1099,0,754,0,345,0,868,0,5678,3,6546,3,0,31,0,12,0,1056,0,25,30
04-25-21,Cocke,4459,1,2944,0,1515,1,3248,0,22487,13,25735,13,0,98,-5,42,6,4319,0,116,98
04-25-21,Coffee,6864,3,4739,0,2125,3,5785,1,46297,33,52082,34,0,121,0,64,3,6679,0,124,121
04-25-21,Crockett,2019,0,1217,0,802,0,1417,0,7400,4,8817,4,0,48,-2,14,2,1957,0,31,48
04-25-21,Cumberland,6648,2,5483,2,1165,0,6288,2,49004,38,55292,40,0,128,-10,129,12,6391,1,162,131
04-25-21,Davidson,88440,54,82775,45,5665,9,100509,56,1008316,1738,1108825,1794,1,929,-8,1151,61,86360,0,1964,927
04-25-21,Decatur,1577,0,1170,0,407,0,1390,0,11024,2,12414,2,0,39,-2,2,2,1536,0,40,39
04-25-21,Dekalb,2774,4,2041,2,733,2,2358,2,17196,7,19554,9,0,53,3,26,1,2695,0,56,53
04-25-21,Dickson,6781,2,4909,2,1872,0,5794,2,36208,42,42002,44,0,109,-9,92,11,6580,0,121,110
04-25-21,Dyer,5385,0,3542,0,1843,0,4001,1,22015,13,26016,14,0,105,-4,36,4,5244,0,109,105
04-25-21,Fayette,4952,3,4226,1,726,2,5207,2,38386,40,43593,42,0,76,-3,79,6,4797,0,131,76
04-25-21,Fentress,2396,2,2064,2,332,0,2356,2,13306,4,15662,6,0,47,-1,21,3,2328,0,63,47
04-25-21,Franklin,5111,2,4248,2,863,0,4970,2,38819,13,43789,15,0,89,-3,47,5,4975,0,109,89
04-25-21,Gibson,6446,3,3881,2,2565,1,4701,2,29873,29,34574,31,0,145,0,70,3,6231,0,115,145
04-25-21,Giles,3964,1,3259,0,705,1,3747,0,23193,11,26940,11,0,99,0,38,1,3827,0,111,100
04-25-21,Grainger,2604,0,1926,0,678,0,2154,0,14164,12,16318,12,0,50,-3,33,3,2521,0,70,50
04-25-21,Greene,7781,5,6188,4,1593,1,6928,4,51025,55,57953,59,0,152,-1,88,6,7541,0,188,152
04-25-21,Grundy,1784,0,1493,0,291,0,1709,0,9272,3,10981,3,0,34,-2,5,2,1745,0,61,34
04-25-21,Hamblen,8540,7,5945,3,2595,4,6674,4,46428,20,53102,24,0,171,-4,87,11,8282,1,263,171
04-25-21,Hamilton,43698,28,37502,20,6196,8,42051,21,323586,288,365637,309,2,490,-8,495,34,42713,1,1161,491
04-25-21,Hancock,567,0,398,0,169,0,424,1,3975,0,4399,1,0,12,-4,21,4,534,0,21,12
04-25-21,Hardeman,3484,1,2801,1,683,0,3274,1,25283,20,28557,21,0,64,1,32,0,3388,0,103,64
04-25-21,Hardin,3532,1,2386,1,1146,0,2837,1,23595,13,26432,14,0,66,1,55,0,3411,0,66,66
04-25-21,Hawkins,5877,6,4758,5,1119,1,5135,7,35321,26,40456,33,0,107,-7,125,13,5645,1,150,107
04-25-21,Haywood,2685,0,2249,0,436,0,2568,0,13705,10,16273,10,0,61,0,11,0,2613,0,83,62
04-25-21,Henderson,3757,6,2603,5,1154,1,3252,5,16170,15,19422,20,0,76,-1,39,7,3642,0,79,76
04-25-21,Henry,3132,2,2416,0,716,2,2793,1,17952,15,20745,16,0,75,-3,25,5,3032,0,77,76
04-25-21,Hickman,2818,0,2271,0,547,0,2619,1,16757,15,19376,16,0,46,-2,31,2,2741,0,57,46
04-25-21,Houston,1087,0,820,0,267,0,939,0,10655,4,11594,4,0,33,-2,6,2,1048,0,40,33
04-25-21,Humphreys,1766,0,1125,0,641,0,1314,0,11829,15,13143,15,0,22,-5,61,5,1683,0,34,23
04-25-21,Jackson,1310,0,1028,0,282,0,1197,0,5570,2,6767,2,0,35,-2,18,2,1257,0,41,35
04-25-21,Jefferson,6109,2,4188,1,1921,1,4735,2,39450,34,44185,36,0,124,-5,64,7,5921,0,188,123
04-25-21,Johnson,2352,1,2055,1,297,0,2191,1,15753,3,17944,4,0,38,-1,70,2,2244,0,59,38
04-25-21,Knox,50401,38,42171,25,8230,13,46142,26,329534,341,375676,367,0,627,-6,577,44,49197,3,1366,629
04-25-21,Lake,1695,0,1506,0,189,0,1775,0,10159,12,11934,12,0,26,0,2,0,1667,0,25,26
04-25-21,Lauderdale,3153,3,2456,2,697,1,2819,2,21227,14,24046,16,0,44,2,24,1,3085,0,83,43
04-25-21,Lawrence,5840,0,4556,0,1284,0,5015,1,29535,30,34550,31,0,86,-4,80,4,5674,0,148,86
04-25-21,Lewis,1568,1,1174,0,394,1,1271,0,10027,4,11298,4,0,26,0,15,1,1527,0,43,26
04-25-21,Lincoln,4321,1,3330,0,991,1,3783,1,17838,11,21621,12,0,63,0,44,1,4214,0,84,61
04-25-21,Loudon,6048,0,4628,0,1420,0,5062,0,31569,22,36631,22,0,69,-7,36,7,5943,0,135,69
04-25-21,Macon,3591,0,2784,0,807,0,3271,0,16781,11,20052,11,0,77,0,35,0,3479,0,128,77
04-25-21,Madison,10916,7,6107,5,4809,2,7400,5,55656,60,63056,65,0,241,-1,-170,8,10845,0,337,241
04-25-21,Marion,3107,0,2652,0,455,0,2965,0,19724,14,22689,14,0,47,0,23,0,3037,0,113,47
04-25-21,Marshall,4143,2,3257,1,886,1,3675,1,23296,23,26971,24,0,58,2,57,0,4028,0,92,58
04-25-21,Maury,13312,9,11669,8,1643,1,12877,8,75325,82,88202,90,0,171,-4,174,13,12967,1,296,170
04-25-21,McMinn,6426,5,5691,4,735,1,6269,4,43063,23,49332,27,1,98,-9,100,13,6228,0,156,98
04-25-21,McNairy,2788,0,1974,0,814,0,2398,0,18303,8,20701,8,0,54,0,18,0,2716,0,65,54
04-25-21,Meigs,1370,1,1229,1,141,0,1363,0,8146,13,9509,13,0,24,0,32,1,1314,0,45,25
04-25-21,Monroe,5769,3,4546,3,1223,0,5100,2,27645,29,32745,31,0,95,-5,88,8,5586,0,157,95
04-25-21,Montgomery,19925,31,14671,30,5254,1,16105,33,119600,166,135705,199,0,224,1,489,30,19212,0,304,225
04-25-21,Moore,1003,0,773,0,230,0,873,0,4895,0,5768,0,0,17,-1,8,1,978,0,18,17
04-25-21,Morgan,2470,0,1813,0,657,0,1968,0,15387,25,17355,25,0,39,-3,24,3,2407,0,44,39
04-25-21,Obion,4507,1,3330,0,1177,1,3776,0,22836,16,26612,16,0,96,-2,21,3,4390,0,101,96
04-25-21,Out of State,17868,9,14185,7,3683,2,15973,7,638917,482,654890,489,0,97,-1,305,10,17466,0,215,97
04-25-21,Overton,2997,0,2248,0,749,0,2643,0,15158,7,17801,7,0,61,-2,41,2,2895,0,64,61
04-25-21,Pending,16644,4,10737,2,5907,2,11934,3,417997,429,429931,432,0,133,-17,176,21,16335,0,139,133
04-25-21,Perry,1058,1,909,1,149,0,1023,1,6124,3,7147,4,0,28,1,2,0,1028,0,28,28
04-25-21,Pickett,755,0,499,0,256,0,601,0,3947,0,4548,0,0,24,0,2,0,729,0,28,24
04-25-21,Polk,2026,2,1823,2,203,0,2014,3,9632,8,11646,11,0,24,-3,46,5,1956,0,86,24
04-25-21,Putnam,11239,6,9155,5,2084,1,10969,5,72741,22,83710,27,1,174,1,126,4,10939,0,210,175
04-25-21,Rhea,4322,3,3738,1,584,2,4183,1,27108,20,31291,21,0,75,2,25,1,4222,0,84,75
04-25-21,Roane,6220,2,4792,1,1428,1,5338,1,43538,26,48876,27,0,103,0,57,2,6060,0,150,104
04-25-21,Robertson,9675,7,7574,5,2101,2,8527,7,44510,67,53037,74,0,130,-2,120,9,9425,0,429,130
04-25-21,Rutherford,42575,24,36343,14,6232,10,42221,16,244052,301,286273,317,0,425,-19,564,43,41586,0,592,425
04-25-21,Scott,3069,0,1684,0,1385,0,1801,1,11644,5,13445,6,0,45,-2,32,2,2992,0,64,45
04-25-21,Sequatchie,1678,0,1314,0,364,0,1435,1,11930,8,13365,9,0,29,-3,18,3,1631,0,40,29
04-25-21,Sevier,13234,9,11309,6,1925,3,12440,8,67854,87,80294,95,0,175,-2,169,11,12890,0,281,175
04-25-21,Shelby,93937,104,86945,87,6992,17,107014,122,1005202,1379,1112216,1501,0,1602,-23,1603,127,90732,7,3646,1611
04-25-21,Smith,2755,1,2060,1,695,0,2575,1,13877,17,16452,18,0,39,1,23,0,2693,0,59,39
04-25-21,Stewart,1313,0,996,0,317,0,1126,0,7071,5,8197,5,0,28,0,9,0,1276,0,26,28
04-25-21,Sullivan,16391,11,14241,11,2150,0,15436,13,91433,126,106869,139,0,287,-26,443,37,15661,1,762,288
04-25-21,Sumner,23645,20,20890,14,2755,6,23643,19,124790,129,148433,148,0,346,0,374,20,22925,1,713,345
04-25-21,Tipton,7257,0,5039,0,2218,0,6085,2,48787,68,54872,70,0,101,-4,70,4,7086,0,161,102
04-25-21,Trousdale,2495,0,2336,0,159,0,2504,0,9361,9,11865,9,0,22,-2,8,2,2465,0,41,22
04-25-21,Unicoi,1979,2,1508,1,471,1,1659,1,13543,11,15202,12,0,49,1,54,1,1876,0,67,49
04-25-21,Union,1882,0,1578,0,304,0,1700,0,10669,7,12369,7,0,34,-5,19,5,1829,0,59,34
04-25-21,Van Buren,841,1,694,1,147,0,770,1,5351,5,6121,6,0,23,1,4,0,814,0,22,23
04-25-21,Warren,5519,0,4694,0,825,0,5319,1,33678,30,38997,31,0,81,0,29,0,5409,0,82,81
04-25-21,Washington,14332,21,12283,19,2049,2,13519,22,85529,81,99048,103,0,244,-4,297,25,13791,0,362,243
04-25-21,Wayne,2942,0,2368,0,574,0,2606,0,11384,6,13990,6,0,34,0,3,0,2905,0,61,34
04-25-21,Weakley,4046,1,2987,0,1059,1,3422,0,21956,18,25378,18,0,64,0,44,1,3938,0,70,64
04-25-21,White,3576,6,2916,5,660,1,3557,5,23098,16,26655,21,0,68,2,51,4,3457,0,113,69
04-25-21,Williamson,27689,12,23302,11,4387,1,25848,11,188780,258,214628,269,0,216,-13,355,25,27118,0,293,216
04-25-21,Wilson,18609,7,16720,7,1889,0,18984,10,109686,127,128670,137,0,230,-14,329,21,18050,0,338,232
04-24-21,Anderson,8667,14,6466,8,2201,6,7233,8,63197,67,70430,75,0,172,10,106,4,8389,1,215,171
04-24-21,Bedford,6457,3,5073,3,1384,0,5838,3,32190,47,38028,50,0,129,-3,88,6,6240,0,137,127
04-24-21,Benton,1639,3,1284,1,355,2,1421,0,9150,4,10571,4,0,40,2,24,1,1575,0,38,40
04-24-21,Bledsoe,2105,3,1904,3,201,0,2018,3,16052,44,18070,47,0,11,1,10,2,2084,0,32,11
04-24-21,Blount,15265,19,13006,13,2259,6,14355,12,76556,141,90911,153,0,193,9,193,10,14879,0,351,193
04-24-21,Bradley,14767,17,12052,14,2715,3,13672,17,67764,266,81436,283,0,148,-17,352,34,14267,1,644,148
04-24-21,Campbell,4114,2,2254,1,1860,1,2531,1,25106,18,27637,19,0,63,-1,41,3,4010,0,129,63
04-24-21,Cannon,1898,0,1515,0,383,0,1689,0,9454,12,11143,12,0,31,0,13,0,1854,0,38,31
04-24-21,Carroll,3580,4,2338,3,1242,1,2778,3,19760,14,22538,17,0,83,3,27,1,3470,0,81,83
04-24-21,Carter,6522,8,5672,8,850,0,6238,9,38554,150,44792,159,0,156,-7,121,15,6245,0,228,156
04-24-21,Cheatham,4506,5,3425,2,1081,3,3871,2,27931,46,31802,48,0,55,2,97,3,4354,0,90,56
04-24-21,Chester,2105,0,1512,0,593,0,1804,0,11961,15,13765,15,0,51,0,22,0,2032,0,43,51
04-24-21,Claiborne,3110,0,1987,0,1123,0,2127,1,24452,23,26579,24,0,73,-7,62,7,2975,0,93,73
04-24-21,Clay,1099,0,754,0,345,0,868,0,5675,2,6543,2,0,31,-1,12,1,1056,0,25,30
04-24-21,Cocke,4458,2,2944,2,1514,0,3248,2,22474,27,25722,29,0,98,-1,47,3,4313,1,116,98
04-24-21,Coffee,6861,4,4739,4,2122,0,5784,3,46264,74,52048,77,0,121,-2,64,6,6676,0,124,121
04-24-21,Crockett,2019,0,1217,0,802,0,1417,0,7396,4,8813,4,0,48,-2,16,2,1955,0,31,48
04-24-21,Cumberland,6646,6,5481,6,1165,0,6286,5,48966,26,55252,31,0,128,1,139,5,6379,0,161,130
04-24-21,Davidson,88386,65,82730,58,5656,7,100453,71,1006578,2607,1107031,2678,0,928,-15,1159,80,86299,5,1964,927
04-24-21,Decatur,1577,0,1170,0,407,0,1390,0,11022,6,12412,6,0,39,0,4,0,1534,0,40,39
04-24-21,Dekalb,2770,1,2039,0,731,1,2356,0,17189,14,19545,14,0,53,-1,23,2,2694,0,56,53
04-24-21,Dickson,6779,2,4907,1,1872,1,5792,1,36166,48,41958,49,0,109,-6,101,8,6569,0,121,110
04-24-21,Dyer,5385,2,3542,1,1843,1,4000,1,22002,11,26002,12,0,105,0,40,2,5240,0,109,105
04-24-21,Fayette,4949,2,4225,1,724,1,5205,3,38346,61,43551,64,0,76,-3,82,5,4791,0,131,76
04-24-21,Fentress,2394,2,2062,0,332,2,2354,0,13302,4,15656,4,0,47,1,22,1,2325,0,63,47
04-24-21,Franklin,5109,1,4246,0,863,1,4968,2,38806,240,43774,242,0,89,-3,50,4,4970,0,109,89
04-24-21,Gibson,6443,4,3879,1,2564,3,4699,1,29844,37,34543,38,0,145,-5,70,9,6228,0,115,145
04-24-21,Giles,3963,1,3259,1,704,0,3747,1,23182,39,26929,40,0,99,-3,38,4,3826,0,111,100
04-24-21,Grainger,2604,1,1926,1,678,0,2154,0,14152,18,16306,18,0,50,-6,36,7,2518,0,70,50
04-24-21,Greene,7776,4,6184,4,1592,0,6924,4,50970,96,57894,100,0,152,-8,89,12,7535,0,188,152
04-24-21,Grundy,1784,0,1493,0,291,0,1709,0,9269,41,10978,41,0,34,0,7,0,1743,0,61,34
04-24-21,Hamblen,8533,4,5942,1,2591,3,6670,1,46408,39,53078,40,0,171,-4,91,8,8271,1,262,171
04-24-21,Hamilton,43670,41,37482,32,6188,9,42030,36,323298,439,365328,475,0,488,-5,503,46,42679,0,1160,490
04-24-21,Hancock,567,0,398,0,169,0,423,0,3975,6,4398,6,0,12,-1,25,1,530,0,21,12
04-24-21,Hardeman,3483,3,2800,3,683,0,3273,3,25263,28,28536,31,0,64,3,31,0,3388,0,103,64
04-24-21,Hardin,3531,2,2385,2,1146,0,2836,3,23582,37,26418,40,0,66,-1,54,3,3411,0,66,66
04-24-21,Hawkins,5871,9,4753,8,1118,1,5128,7,35295,111,40423,118,0,107,-2,132,11,5632,0,149,107
04-24-21,Haywood,2685,0,2249,0,436,0,2568,0,13695,9,16263,9,0,61,0,11,0,2613,0,83,62
04-24-21,Henderson,3751,0,2598,0,1153,0,3247,0,16155,14,19402,14,0,76,-6,40,6,3635,0,79,76
04-24-21,Henry,3130,2,2416,2,714,0,2792,2,17937,3,20729,5,0,75,2,28,0,3027,0,77,76
04-24-21,Hickman,2818,0,2271,0,547,0,2618,0,16742,17,19360,17,0,46,0,33,0,2739,0,57,46
04-24-21,Houston,1087,0,820,0,267,0,939,0,10651,7,11590,7,0,33,-2,8,2,1046,0,40,33
04-24-21,Humphreys,1766,1,1125,0,641,1,1314,0,11814,14,13128,14,0,22,-1,66,2,1678,0,34,23
04-24-21,Jackson,1310,1,1028,0,282,1,1197,0,5568,6,6765,6,0,35,0,20,1,1255,0,41,35
04-24-21,Jefferson,6107,5,4187,1,1920,4,4733,3,39416,42,44149,45,0,124,-5,69,10,5914,0,188,123
04-24-21,Johnson,2351,1,2054,1,297,0,2190,1,15750,20,17940,21,0,38,1,71,0,2242,0,59,38
04-24-21,Knox,50363,34,42146,21,8217,13,46116,27,329193,510,375309,537,0,627,-29,583,63,49153,3,1363,629
04-24-21,Lake,1695,0,1506,0,189,0,1775,0,10147,0,11922,0,0,26,0,2,0,1667,0,25,26
04-24-21,Lauderdale,3150,0,2454,0,696,0,2817,0,21213,20,24030,20,0,44,-4,22,4,3084,0,83,43
04-24-21,Lawrence,5840,6,4556,6,1284,0,5014,7,29505,43,34519,50,0,86,4,84,2,5670,0,148,86
04-24-21,Lewis,1567,0,1174,0,393,0,1271,0,10023,6,11294,6,0,26,-1,15,1,1526,0,43,26
04-24-21,Lincoln,4320,6,3330,6,990,0,3782,5,17827,32,21609,37,0,63,3,44,3,4213,0,84,61
04-24-21,Loudon,6048,1,4628,1,1420,0,5062,1,31547,49,36609,50,0,69,-5,43,6,5936,0,135,69
04-24-21,Macon,3591,1,2784,1,807,0,3271,1,16770,13,20041,14,0,77,-5,35,6,3479,0,128,77
04-24-21,Madison,10909,2,6102,0,4807,2,7395,0,55596,74,62991,74,0,241,-5,-169,7,10837,0,337,241
04-24-21,Marion,3107,2,2652,1,455,1,2965,1,19710,74,22675,75,0,47,0,23,2,3037,0,113,47
04-24-21,Marshall,4141,3,3256,1,885,2,3674,1,23273,18,26947,19,0,58,-1,55,4,4028,0,92,58
04-24-21,Maury,13303,13,11661,12,1642,1,12869,13,75243,115,88112,128,0,171,1,178,12,12954,0,295,170
04-24-21,McMinn,6421,12,5687,6,734,6,6265,6,43040,37,49305,43,0,97,5,109,7,6215,0,156,98
04-24-21,McNairy,2788,1,1974,1,814,0,2398,1,18295,19,20693,20,0,54,1,18,0,2716,0,65,54
04-24-21,Meigs,1369,1,1228,1,141,0,1363,2,8133,15,9496,17,0,24,-1,32,2,1313,0,45,25
04-24-21,Monroe,5766,2,4543,1,1223,1,5098,2,27616,37,32714,39,0,95,-4,93,6,5578,0,157,95
04-24-21,Montgomery,19894,33,14641,27,5253,6,16072,29,119434,248,135506,277,0,224,-16,488,49,19182,0,304,225
04-24-21,Moore,1003,0,773,0,230,0,873,1,4895,5,5768,6,0,17,-2,9,2,977,0,18,17
04-24-21,Morgan,2470,2,1813,2,657,0,1968,2,15362,20,17330,22,0,39,2,27,0,2404,0,44,39
04-24-21,Obion,4506,1,3330,1,1176,0,3776,1,22820,19,26596,20,0,96,-3,23,4,4387,1,101,96
04-24-21,Out of State,17859,18,14178,14,3681,4,15966,14,638435,801,654401,815,0,97,6,306,12,17456,0,215,97
04-24-21,Overton,2997,1,2248,1,749,0,2643,1,15151,10,17794,11,0,61,0,43,1,2893,0,64,61
04-24-21,Pending,16640,12,10735,8,5905,4,11931,7,417568,851,429499,858,0,133,1,193,11,16314,0,139,132
04-24-21,Perry,1057,1,908,1,149,0,1022,1,6121,3,7143,4,0,28,1,1,0,1028,0,28,28
04-24-21,Pickett,755,0,499,0,256,0,601,0,3947,1,4548,1,0,24,0,2,0,729,0,28,24
04-24-21,Polk,2024,3,1821,3,203,0,2011,3,9624,20,11635,23,0,24,3,49,0,1951,0,86,24
04-24-21,Putnam,11233,4,9150,1,2083,3,10964,1,72719,52,83683,53,0,173,-3,125,7,10935,0,210,174
04-24-21,Rhea,4319,3,3737,1,582,2,4182,1,27088,24,31270,25,0,75,1,23,2,4221,1,84,75
04-24-21,Roane,6218,1,4791,1,1427,0,5337,2,43512,35,48849,37,0,103,-4,57,5,6058,0,150,104
04-24-21,Robertson,9668,8,7569,8,2099,0,8520,9,44443,113,52963,122,0,130,2,122,6,9416,0,429,130
04-24-21,Rutherford,42551,35,36329,29,6222,6,42205,32,243751,500,285956,532,0,425,-4,583,39,41543,0,592,425
04-24-21,Scott,3069,4,1684,1,1385,3,1800,1,11639,12,13439,13,0,45,2,34,2,2990,0,64,45
04-24-21,Sequatchie,1678,1,1314,1,364,0,1434,1,11922,6,13356,7,0,29,0,21,1,1628,1,40,29
04-24-21,Sevier,13225,12,11303,9,1922,3,12432,9,67767,110,80199,119,0,175,-10,171,22,12879,0,281,175
04-24-21,Shelby,93833,166,86858,125,6975,41,106892,147,1003823,1982,1110715,2129,0,1602,42,1626,124,90605,9,3639,1610
04-24-21,Smith,2754,0,2059,0,695,0,2574,0,13860,13,16434,13,0,39,-4,22,4,2693,0,59,39
04-24-21,Stewart,1313,0,996,0,317,0,1126,0,7066,8,8192,8,0,28,0,9,0,1276,0,26,28
04-24-21,Sullivan,16380,32,14230,29,2150,3,15423,32,91307,291,106730,323,0,287,0,469,32,15624,3,761,288
04-24-21,Sumner,23625,24,20876,19,2749,5,23624,22,124661,229,148285,251,0,346,-6,374,30,22905,0,712,345
04-24-21,Tipton,7257,1,5039,1,2218,0,6083,4,48719,81,54802,85,0,101,-5,74,6,7082,0,161,101
04-24-21,Trousdale,2495,0,2336,0,159,0,2504,0,9352,11,11856,11,0,22,-1,10,1,2463,0,41,22
04-24-21,Unicoi,1977,1,1507,0,470,1,1658,0,13532,19,15190,19,0,49,-3,53,4,1875,0,67,49
04-24-21,Union,1882,1,1578,1,304,0,1700,1,10662,18,12362,19,0,34,-1,24,2,1824,0,59,34
04-24-21,Van Buren,840,0,693,0,147,0,769,0,5346,5,6115,5,0,23,-1,3,1,814,0,22,23
04-24-21,Warren,5519,1,4694,1,825,0,5318,2,33648,33,38966,35,0,81,1,29,0,5409,0,82,81
04-24-21,Washington,14311,14,12264,8,2047,6,13497,12,85448,182,98945,194,0,244,-34,301,48,13766,1,362,243
04-24-21,Wayne,2942,0,2368,0,574,0,2606,0,11378,3,13984,3,0,34,0,3,0,2905,0,61,34
04-24-21,Weakley,4045,2,2987,0,1058,2,3422,1,21938,11,25360,12,0,64,-1,44,3,3937,0,70,64
04-24-21,White,3570,3,2911,2,659,1,3552,2,23082,17,26634,19,0,68,0,49,3,3453,0,113,69
04-24-21,Williamson,27677,25,23291,16,4386,9,25837,19,188522,360,214359,379,0,216,-12,368,37,27093,0,293,216
04-24-21,Wilson,18602,17,16713,12,1889,5,18974,15,109559,250,128533,265,0,230,-3,343,20,18029,1,338,232
04-23-21,Anderson,8653,10,6458,5,2195,5,7225,6,63130,166,70355,172,0,172,8,96,2,8385,0,214,171
04-23-21,Bedford,6454,1,5070,0,1384,1,5835,2,32143,46,37978,48,0,129,-7,91,8,6234,0,137,127
04-23-21,Benton,1636,4,1283,4,353,0,1421,6,9146,34,10567,40,0,40,1,22,3,1574,0,38,40
04-23-21,Bledsoe,2102,0,1901,0,201,0,2015,0,16008,69,18023,69,0,11,-3,9,3,2082,0,32,11
04-23-21,Blount,15246,30,12993,16,2253,14,14343,18,76415,123,90758,141,0,193,18,184,12,14869,0,351,193
04-23-21,Bradley,14750,31,12038,22,2712,9,13655,26,67498,97,81153,123,0,148,4,369,27,14233,2,643,148
04-23-21,Campbell,4112,5,2253,0,1859,5,2530,0,25088,27,27618,27,0,63,-2,42,7,4007,0,129,63
04-23-21,Cannon,1898,1,1515,1,383,0,1689,1,9442,16,11131,17,0,31,-2,13,3,1854,0,38,31
04-23-21,Carroll,3576,0,2335,0,1241,0,2775,1,19746,52,22521,53,0,83,-3,24,3,3469,0,81,83
04-23-21,Carter,6514,16,5664,13,850,3,6229,14,38404,76,44633,90,0,156,-1,128,17,6230,0,228,156
04-23-21,Cheatham,4501,5,3423,2,1078,3,3869,3,27885,84,31754,87,0,55,-10,95,15,4351,0,90,56
04-23-21,Chester,2105,3,1512,2,593,1,1804,3,11946,14,13750,17,0,51,3,22,0,2032,0,43,51
04-23-21,Claiborne,3110,10,1987,8,1123,2,2126,8,24429,111,26555,119,0,73,6,69,4,2968,0,93,73
04-23-21,Clay,1099,1,754,1,345,0,868,1,5673,5,6541,6,0,31,1,13,0,1055,0,25,30
04-23-21,Cocke,4456,9,2942,6,1514,3,3246,6,22447,40,25693,46,0,98,8,48,1,4310,0,115,98
04-23-21,Coffee,6857,10,4735,6,2122,4,5781,6,46190,56,51971,62,0,121,5,66,5,6670,0,124,121
04-23-21,Crockett,2019,3,1217,2,802,1,1417,3,7392,13,8809,16,0,48,1,18,2,1953,0,31,48
04-23-21,Cumberland,6640,14,5475,11,1165,3,6281,16,48940,64,55221,80,0,128,5,138,9,6374,0,161,129
04-23-21,Davidson,88321,92,82672,78,5649,14,100382,98,1003971,1683,1104353,1781,-1,928,-39,1174,132,86219,1,1959,927
04-23-21,Decatur,1577,0,1170,0,407,0,1390,0,11016,12,12406,12,0,39,-2,4,2,1534,0,40,39
04-23-21,Dekalb,2769,1,2039,0,730,1,2356,0,17175,28,19531,28,0,53,-3,24,4,2692,0,56,53
04-23-21,Dickson,6777,7,4906,7,1871,0,5791,9,36118,112,41909,121,0,109,-10,107,17,6561,0,121,110
04-23-21,Dyer,5383,3,3541,1,1842,2,3999,3,21991,26,25990,29,0,105,-4,40,7,5238,0,109,105
04-23-21,Fayette,4947,1,4224,0,723,1,5202,3,38285,88,43487,91,-2,76,-3,85,6,4786,0,131,76
04-23-21,Fentress,2392,2,2062,2,330,0,2354,2,13298,25,15652,27,0,47,0,21,2,2324,0,63,47
04-23-21,Franklin,5108,5,4246,4,862,1,4966,3,38566,31,43532,34,1,89,-1,53,5,4966,0,109,89
04-23-21,Gibson,6439,9,3878,4,2561,5,4698,6,29807,55,34505,61,0,145,2,75,7,6219,1,115,145
04-23-21,Giles,3962,4,3258,1,704,3,3746,1,23143,40,26889,41,0,99,0,41,4,3822,0,111,100
04-23-21,Grainger,2603,1,1925,0,678,1,2154,2,14134,22,16288,24,0,50,-1,42,2,2511,0,70,50
04-23-21,Greene,7772,7,6180,5,1592,2,6920,6,50874,116,57794,122,0,152,-2,97,9,7523,0,188,152
04-23-21,Grundy,1784,0,1493,0,291,0,1709,0,9228,16,10937,16,0,34,-2,7,2,1743,0,61,34
04-23-21,Hamblen,8529,9,5941,5,2588,4,6669,5,46369,55,53038,60,0,171,-1,95,10,8263,1,261,171
04-23-21,Hamilton,43629,38,37450,32,6179,6,41994,38,322859,392,364853,430,0,488,-28,508,66,42633,0,1160,489
04-23-21,Hancock,567,3,398,2,169,1,423,2,3969,45,4392,47,0,12,1,26,2,529,0,21,12
04-23-21,Hardeman,3480,5,2797,2,683,3,3270,2,25235,26,28505,28,0,64,3,28,2,3388,0,103,64
04-23-21,Hardin,3529,0,2383,0,1146,0,2833,0,23545,51,26378,51,0,66,-4,55,4,3408,0,66,66
04-23-21,Hawkins,5862,13,4745,9,1117,4,5121,10,35184,99,40305,109,0,107,-2,134,15,5621,0,149,107
04-23-21,Haywood,2685,2,2249,2,436,0,2568,2,13686,12,16254,14,0,61,0,11,2,2613,1,83,62
04-23-21,Henderson,3751,1,2598,1,1153,0,3247,1,16141,21,19388,22,0,76,-6,46,7,3629,0,79,76
04-23-21,Henry,3128,2,2414,1,714,1,2790,1,17934,26,20724,27,0,75,-2,26,4,3027,0,77,76
04-23-21,Hickman,2818,6,2271,4,547,2,2618,4,16725,32,19343,36,0,46,5,33,1,2739,0,57,46
04-23-21,Houston,1087,1,820,1,267,0,939,1,10644,18,11583,19,0,33,-1,10,2,1044,0,40,33
04-23-21,Humphreys,1765,6,1125,4,640,2,1314,4,11800,26,13114,30,0,22,1,67,5,1676,0,34,22
04-23-21,Jackson,1309,2,1028,2,281,0,1197,2,5562,9,6759,11,0,35,2,20,0,1254,0,41,35
04-23-21,Jefferson,6102,10,4186,6,1916,4,4730,6,39374,64,44104,70,0,124,0,74,10,5904,0,188,123
04-23-21,Johnson,2350,7,2053,5,297,2,2189,5,15730,58,17919,63,0,38,3,70,4,2242,0,59,38
04-23-21,Knox,50329,43,42125,31,8204,12,46089,37,328683,554,374772,591,0,627,-3,612,46,49090,2,1360,629
04-23-21,Lake,1695,2,1506,2,189,0,1775,2,10147,23,11922,25,0,26,2,2,0,1667,0,25,26
04-23-21,Lauderdale,3150,6,2454,6,696,0,2817,6,21193,55,24010,61,0,44,4,26,2,3080,0,83,43
04-23-21,Lawrence,5834,2,4550,1,1284,1,5007,2,29462,46,34469,48,0,86,-10,80,12,5668,0,148,86
04-23-21,Lewis,1567,1,1174,0,393,1,1271,0,10017,13,11288,13,0,26,-1,16,2,1525,0,43,26
04-23-21,Lincoln,4314,3,3324,1,990,2,3777,1,17795,14,21572,15,0,63,1,41,2,4210,1,84,61
04-23-21,Loudon,6047,7,4627,3,1420,4,5061,3,31498,64,36559,67,0,69,-2,48,9,5930,0,135,69
04-23-21,Macon,3590,1,2783,1,807,0,3270,1,16757,56,20027,57,0,77,0,40,1,3473,0,128,77
04-23-21,Madison,10907,5,6102,5,4805,0,7395,8,55522,93,62917,101,0,241,-7,-164,12,10830,0,337,241
04-23-21,Marion,3105,1,2651,1,454,0,2964,1,19636,46,22600,47,0,47,0,23,1,3035,0,113,47
04-23-21,Marshall,4138,5,3255,3,883,2,3673,4,23255,49,26928,53,0,58,4,56,1,4024,0,92,58
04-23-21,Maury,13290,8,11649,4,1641,4,12856,5,75128,126,87984,131,0,171,-9,177,17,12942,0,295,170
04-23-21,McMinn,6409,7,5681,6,728,1,6259,9,43003,46,49262,55,0,97,-4,104,11,6208,0,156,98
04-23-21,McNairy,2787,4,1973,2,814,2,2397,2,18276,34,20673,36,0,54,3,17,1,2716,0,65,54
04-23-21,Meigs,1368,2,1227,1,141,1,1361,2,8118,9,9479,11,0,24,-1,33,3,1311,0,45,24
04-23-21,Monroe,5764,10,4542,8,1222,2,5096,8,27579,38,32675,46,0,95,3,97,7,5572,0,157,95
04-23-21,Montgomery,19861,42,14614,28,5247,14,16043,30,119186,264,135229,294,0,224,7,504,35,19133,0,304,225
04-23-21,Moore,1003,0,773,0,230,0,872,0,4890,7,5762,7,0,17,0,11,0,975,0,18,17
04-23-21,Morgan,2468,3,1811,3,657,0,1966,2,15342,50,17308,52,0,39,-2,25,5,2404,0,44,39
04-23-21,Obion,4505,3,3329,2,1176,1,3775,2,22801,50,26576,52,0,96,0,26,3,4383,0,100,96
04-23-21,Out of State,17841,15,14164,11,3677,4,15952,12,637634,1122,653586,1134,0,97,-2,300,17,17444,0,215,97
04-23-21,Overton,2996,3,2247,2,749,1,2642,3,15141,18,17783,21,0,61,-2,43,5,2892,0,64,61
04-23-21,Pending,16628,10,10727,7,5901,3,11924,9,416717,1494,428641,1503,0,133,-10,192,20,16303,0,139,132
04-23-21,Perry,1056,1,907,1,149,0,1021,1,6118,4,7139,5,0,28,1,0,0,1028,0,28,28
04-23-21,Pickett,755,0,499,0,256,0,601,0,3946,7,4547,7,0,24,-1,2,1,729,0,28,24
04-23-21,Polk,2021,9,1818,7,203,2,2008,8,9604,23,11612,31,0,24,8,46,1,1951,1,86,24
04-23-21,Putnam,11229,13,9149,6,2080,7,10963,9,72667,93,83630,102,0,173,6,128,7,10928,1,210,174
04-23-21,Rhea,4316,2,3736,1,580,1,4181,1,27064,47,31245,48,0,75,1,22,1,4219,0,83,75
04-23-21,Roane,6217,4,4790,2,1427,2,5335,2,43477,75,48812,77,0,103,-2,61,6,6053,0,150,103
04-23-21,Robertson,9660,13,7561,6,2099,7,8511,7,44330,69,52841,76,0,130,-2,120,15,9410,1,429,130
04-23-21,Rutherford,42516,43,36300,28,6216,15,42173,38,243251,545,285424,583,1,425,-17,587,59,41504,0,592,425
04-23-21,Scott,3065,5,1683,3,1382,2,1799,3,11627,17,13426,20,0,45,3,32,2,2988,0,64,45
04-23-21,Sequatchie,1677,2,1313,2,364,0,1433,2,11916,21,13349,23,0,29,1,21,1,1627,0,39,29
04-23-21,Sevier,13213,5,11294,3,1919,2,12423,4,67657,117,80080,121,0,175,-16,181,21,12857,0,281,175
04-23-21,Shelby,93667,120,86733,97,6934,23,106745,142,1001841,2820,1108586,2962,6,1602,-69,1584,183,90481,6,3630,1608
04-23-21,Smith,2754,3,2059,0,695,3,2574,0,13847,25,16421,25,0,39,-1,26,4,2689,0,59,39
04-23-21,Stewart,1313,2,996,2,317,0,1126,2,7058,10,8184,12,0,28,0,9,2,1276,0,26,28
04-23-21,Sullivan,16348,41,14201,36,2147,5,15391,39,91016,243,106407,282,0,287,-1,469,42,15592,2,758,288
04-23-21,Sumner,23601,21,20857,17,2744,4,23602,24,124432,282,148034,306,1,346,-12,380,32,22875,0,712,345
04-23-21,Tipton,7256,6,5038,4,2218,2,6079,4,48638,103,54717,107,-3,101,4,79,5,7076,0,161,101
04-23-21,Trousdale,2495,1,2336,0,159,1,2504,0,9341,22,11845,22,0,22,0,11,1,2462,0,41,22
04-23-21,Unicoi,1976,7,1507,4,469,3,1658,4,13513,28,15171,32,0,49,4,56,3,1871,0,67,49
04-23-21,Union,1881,3,1577,2,304,1,1699,2,10644,34,12343,36,0,34,2,25,1,1822,0,59,34
04-23-21,Van Buren,840,0,693,0,147,0,769,1,5341,3,6110,4,0,23,-3,4,3,813,0,22,23
04-23-21,Warren,5518,4,4693,3,825,1,5316,3,33615,58,38931,61,0,81,2,28,2,5409,0,82,81
04-23-21,Washington,14297,24,12256,21,2041,3,13485,21,85266,181,98751,202,0,244,-16,335,40,13718,0,361,243
04-23-21,Wayne,2942,1,2368,1,574,0,2606,1,11375,8,13981,9,0,34,1,3,0,2905,0,61,34
04-23-21,Weakley,4043,3,2987,3,1056,0,3421,3,21927,30,25348,33,0,64,-4,45,7,3934,0,70,64
04-23-21,White,3567,8,2909,8,658,0,3550,9,23065,33,26615,42,0,68,6,49,2,3450,2,113,69
04-23-21,Williamson,27652,29,23275,20,4377,9,25818,21,188162,373,213980,394,1,216,-5,380,33,27056,0,293,216
04-23-21,Wilson,18585,12,16701,9,1884,3,18959,10,109309,242,128268,252,0,230,-18,346,30,18009,0,337,232
04-22-21,Anderson,8643,18,6453,6,2190,12,7219,7,62964,144,70183,151,0,172,12,88,6,8383,0,214,171
04-22-21,Bedford,6453,18,5070,6,1383,12,5833,9,32097,80,37930,89,0,129,10,98,8,6226,0,137,127
04-22-21,Benton,1632,2,1279,0,353,2,1415,0,9112,23,10527,23,0,40,0,21,2,1571,0,38,40
04-22-21,Bledsoe,2102,2,1901,0,201,2,2015,0,15939,40,17954,40,0,11,1,12,1,2079,0,32,11
04-22-21,Blount,15216,14,12977,11,2239,3,14325,12,76292,176,90617,188,-1,193,-2,166,17,14857,0,351,193
04-22-21,Bradley,14719,47,12016,36,2703,11,13629,43,67401,154,81030,197,0,148,16,365,31,14206,5,641,148
04-22-21,Campbell,4107,4,2253,1,1854,3,2530,1,25061,38,27591,39,1,63,1,44,2,4000,0,129,63
04-22-21,Cannon,1897,4,1514,1,383,3,1688,1,9426,24,11114,25,0,31,1,15,3,1851,0,38,31
04-22-21,Carroll,3576,10,2335,2,1241,8,2774,2,19694,31,22468,33,1,83,7,27,2,3466,0,81,83
04-22-21,Carter,6498,20,5651,7,847,13,6215,11,38328,61,44543,72,0,156,3,129,17,6213,0,228,156
04-22-21,Cheatham,4496,30,3421,5,1075,25,3866,5,27801,65,31667,70,0,55,21,105,9,4336,0,90,55
04-22-21,Chester,2102,9,1510,2,592,7,1801,3,11932,19,13733,22,0,51,8,19,1,2032,2,43,51
04-22-21,Claiborne,3100,14,1979,8,1121,6,2118,9,24318,51,26436,60,0,73,9,63,5,2964,0,93,73
04-22-21,Clay,1098,2,753,0,345,2,867,0,5668,8,6535,8,0,31,1,12,1,1055,0,25,30
04-22-21,Cocke,4447,8,2936,4,1511,4,3240,4,22407,44,25647,48,0,98,-2,40,10,4309,0,115,98
04-22-21,Coffee,6847,19,4729,5,2118,14,5775,5,46134,52,51909,57,0,121,10,61,9,6665,0,124,121
04-22-21,Crockett,2016,1,1215,1,801,0,1414,1,7379,13,8793,14,0,48,1,17,0,1951,1,31,48
04-22-21,Cumberland,6626,25,5464,12,1162,13,6265,13,48876,42,55141,55,0,128,14,133,11,6365,1,161,129
04-22-21,Davidson,88229,118,82594,90,5635,28,100284,112,1002288,4660,1102572,4772,2,929,-27,1213,143,86087,1,1958,927
04-22-21,Decatur,1577,1,1170,1,407,0,1390,1,11004,8,12394,9,0,39,1,6,0,1532,0,40,39
04-22-21,Dekalb,2768,10,2039,1,729,9,2356,1,17147,27,19503,28,0,53,9,27,1,2688,0,56,53
04-22-21,Dickson,6770,31,4899,27,1871,4,5782,32,36006,214,41788,246,0,109,19,117,12,6544,0,121,110
04-22-21,Dyer,5380,11,3540,3,1840,8,3996,3,21965,43,25961,46,1,105,10,44,0,5231,0,109,105
04-22-21,Fayette,4946,12,4224,6,722,6,5199,8,38197,95,43396,103,2,78,6,88,4,4780,0,131,76
04-22-21,Fentress,2390,6,2060,2,330,4,2352,2,13273,33,15625,35,0,47,5,21,1,2322,0,63,47
04-22-21,Franklin,5103,14,4242,5,861,9,4963,5,38535,53,43498,58,0,88,6,54,8,4961,0,109,89
04-22-21,Gibson,6430,29,3874,11,2556,18,4692,12,29752,94,34444,106,0,145,24,73,5,6212,0,114,145
04-22-21,Giles,3958,1,3257,1,701,0,3745,0,23103,31,26848,31,0,99,-2,41,3,3818,0,111,100
04-22-21,Grainger,2602,7,1925,1,677,6,2152,1,14112,26,16264,27,1,50,-2,43,8,2509,0,70,50
04-22-21,Greene,7765,22,6175,21,1590,1,6914,21,50758,286,57672,307,0,152,-1,99,23,7514,0,188,152
04-22-21,Grundy,1784,2,1493,1,291,1,1709,1,9212,7,10921,8,0,34,0,9,2,1741,0,61,34
04-22-21,Hamblen,8520,11,5936,3,2584,8,6664,3,46314,67,52978,70,0,171,5,96,6,8253,0,260,171
04-22-21,Hamilton,43591,69,37418,51,6173,18,41956,56,322467,652,364423,708,0,488,8,536,61,42567,0,1160,489
04-22-21,Hancock,564,5,396,3,168,2,421,2,3924,9,4345,11,0,12,3,25,2,527,0,21,12
04-22-21,Hardeman,3475,9,2795,2,680,7,3268,3,25209,97,28477,100,0,64,7,25,2,3386,0,103,64
04-22-21,Hardin,3529,18,2383,5,1146,13,2833,4,23494,47,26327,51,0,66,16,59,2,3404,1,66,66
04-22-21,Hawkins,5849,36,4736,13,1113,23,5111,18,35085,179,40196,197,1,107,17,136,18,5606,0,149,107
04-22-21,Haywood,2683,3,2247,2,436,1,2566,2,13674,14,16240,16,0,61,2,11,1,2611,0,82,62
04-22-21,Henderson,3750,14,2597,3,1153,11,3246,2,16120,19,19366,21,0,76,6,52,8,3622,0,79,76
04-22-21,Henry,3126,5,2413,1,713,4,2789,1,17908,23,20697,24,0,75,1,28,4,3023,0,77,76
04-22-21,Hickman,2812,5,2267,2,545,3,2614,4,16693,48,19307,52,0,46,4,28,1,2738,0,57,46
04-22-21,Houston,1086,2,819,1,267,1,938,1,10626,193,11564,194,0,33,1,11,1,1042,0,40,33
04-22-21,Humphreys,1759,11,1121,2,638,9,1310,2,11774,42,13084,44,0,22,3,66,8,1671,0,34,22
04-22-21,Jackson,1307,1,1026,1,281,0,1195,1,5553,9,6748,10,0,35,1,18,0,1254,0,41,35
04-22-21,Jefferson,6092,9,4180,3,1912,6,4724,3,39310,59,44034,62,0,124,1,74,8,5894,0,188,123
04-22-21,Johnson,2343,10,2048,4,295,6,2184,4,15672,128,17856,132,0,38,8,67,2,2238,0,59,38
04-22-21,Knox,50286,79,42094,62,8192,17,46052,66,328129,787,374181,853,1,627,19,615,59,49044,1,1358,629
04-22-21,Lake,1693,0,1504,0,189,0,1773,0,10124,8,11897,8,0,26,0,0,0,1667,0,25,26
04-22-21,Lauderdale,3144,5,2448,2,696,3,2811,2,21138,59,23949,61,0,44,4,22,1,3078,0,83,43
04-22-21,Lawrence,5832,16,4549,9,1283,7,5005,7,29416,35,34421,42,0,86,11,90,5,5656,0,148,86
04-22-21,Lewis,1566,1,1174,0,392,1,1271,0,10004,11,11275,11,0,26,0,17,1,1523,0,43,26
04-22-21,Lincoln,4311,11,3323,2,988,9,3776,2,17781,25,21557,27,0,63,8,40,3,4208,0,83,61
04-22-21,Loudon,6040,12,4624,6,1416,6,5058,6,31434,48,36492,54,0,69,7,50,5,5921,0,135,69
04-22-21,Macon,3589,4,2782,2,807,2,3269,2,16701,38,19970,40,0,77,-2,40,6,3472,0,128,77
04-22-21,Madison,10902,57,6097,29,4805,28,7387,30,55429,134,62816,164,0,241,45,-157,12,10818,0,337,241
04-22-21,Marion,3104,1,2650,1,454,0,2963,1,19590,35,22553,36,0,47,1,23,0,3034,0,113,47
04-22-21,Marshall,4133,12,3252,3,881,9,3669,3,23206,26,26875,29,0,58,6,52,6,4023,0,92,58
04-22-21,Maury,13282,19,11645,8,1637,11,12851,10,75002,157,87853,167,1,171,-7,186,25,12925,0,295,170
04-22-21,McMinn,6402,21,5675,10,727,11,6250,8,42957,59,49207,67,0,97,12,108,9,6197,0,156,98
04-22-21,McNairy,2783,13,1971,1,812,12,2395,2,18242,38,20637,40,0,54,9,14,4,2715,1,65,54
04-22-21,Meigs,1366,11,1226,5,140,6,1359,5,8109,11,9468,16,0,24,8,34,3,1308,0,45,24
04-22-21,Monroe,5754,32,4534,19,1220,13,5088,21,27541,100,32629,121,0,95,22,94,10,5565,2,157,95
04-22-21,Montgomery,19819,63,14586,40,5233,23,16013,45,118922,389,134935,434,0,224,0,497,63,19098,0,304,224
04-22-21,Moore,1003,0,773,0,230,0,872,0,4883,4,5755,4,0,17,0,11,0,975,0,18,17
04-22-21,Morgan,2465,3,1808,2,657,1,1964,2,15292,21,17256,23,0,39,-1,27,4,2399,0,44,39
04-22-21,Obion,4502,2,3327,1,1175,1,3773,2,22751,57,26524,59,0,96,-2,26,4,4380,0,100,96
04-22-21,Out of State,17826,71,14153,50,3673,21,15940,19,636512,1780,652452,1799,2,97,55,302,14,17427,0,215,97
04-22-21,Overton,2993,8,2245,3,748,5,2639,3,15123,24,17762,27,0,61,6,45,2,2887,0,64,61
04-22-21,Pending,16618,54,10720,13,5898,41,11915,12,415223,1692,427138,1704,0,133,2,202,52,16283,0,139,132
04-22-21,Perry,1055,0,906,0,149,0,1020,0,6114,2,7134,2,0,28,0,-1,0,1028,0,28,28
04-22-21,Pickett,755,1,499,1,256,0,601,1,3939,8,4540,9,0,24,1,3,0,728,0,28,24
04-22-21,Polk,2012,6,1811,5,201,1,2000,4,9581,24,11581,28,0,24,-2,38,8,1950,0,85,24
04-22-21,Putnam,11216,25,9143,10,2073,15,10954,10,72574,101,83528,111,0,173,7,122,18,10921,0,209,174
04-22-21,Rhea,4314,1,3735,1,579,0,4180,2,27017,24,31197,26,0,75,-2,21,3,4218,0,83,75
04-22-21,Roane,6213,9,4788,3,1425,6,5333,4,43402,87,48735,91,0,103,2,63,7,6047,0,150,103
04-22-21,Robertson,9647,28,7555,12,2092,16,8504,14,44261,123,52765,137,0,130,9,122,19,9395,1,428,130
04-22-21,Rutherford,42473,73,36272,45,6201,28,42135,55,242706,720,284841,775,0,424,7,604,66,41445,1,592,425
04-22-21,Scott,3060,9,1680,0,1380,9,1796,0,11610,20,13406,20,0,45,6,29,3,2986,0,64,45
04-22-21,Sequatchie,1675,4,1311,1,364,3,1431,1,11895,14,13326,15,1,29,1,20,2,1626,0,39,29
04-22-21,Sevier,13208,23,11291,16,1917,7,12419,18,67540,152,79959,170,0,175,9,197,14,12836,0,281,175
04-22-21,Shelby,93547,227,86636,180,6911,47,106603,201,999021,3468,1105624,3669,-4,1596,68,1653,163,90298,9,3624,1608
04-22-21,Smith,2751,1,2059,0,692,1,2574,0,13822,24,16396,24,0,39,-5,27,6,2685,0,59,39
04-22-21,Stewart,1311,1,994,1,317,0,1124,1,7048,23,8172,24,0,28,0,9,1,1274,0,26,28
04-22-21,Sullivan,16307,59,14165,48,2142,11,15352,75,90773,428,106125,503,0,287,16,470,43,15550,3,756,287
04-22-21,Sumner,23580,45,20840,26,2740,19,23578,32,124150,290,147728,322,0,345,19,392,26,22843,1,712,345
04-22-21,Tipton,7250,20,5034,2,2216,18,6075,3,48535,105,54610,108,3,104,13,75,4,7071,0,161,100
04-22-21,Trousdale,2494,2,2336,1,158,1,2504,1,9319,19,11823,20,0,22,0,11,2,2461,0,41,22
04-22-21,Unicoi,1969,12,1503,6,466,6,1654,7,13485,48,15139,55,0,49,3,52,9,1868,0,67,49
04-22-21,Union,1878,8,1575,3,303,5,1697,3,10610,28,12307,31,0,34,5,23,3,1821,0,59,34
04-22-21,Van Buren,840,4,693,1,147,3,768,2,5338,7,6106,9,0,23,3,7,1,810,0,22,23
04-22-21,Warren,5514,8,4690,1,824,7,5313,1,33557,74,38870,75,0,81,6,26,2,5407,0,82,81
04-22-21,Washington,14273,33,12235,23,2038,10,13464,21,85085,221,98549,242,0,244,-8,351,41,13678,0,361,243
04-22-21,Wayne,2941,0,2367,0,574,0,2605,0,11367,14,13972,14,0,34,-1,2,1,2905,0,61,34
04-22-21,Weakley,4040,9,2984,2,1056,7,3418,2,21897,37,25315,39,0,64,7,49,2,3927,0,70,64
04-22-21,White,3559,5,2901,0,658,5,3541,0,23032,30,26573,30,0,68,2,43,3,3448,0,111,69
04-22-21,Williamson,27623,31,23255,20,4368,11,25797,27,187789,490,213586,517,0,215,-14,385,45,27023,0,293,216
04-22-21,Wilson,18573,37,16692,26,1881,11,18949,28,109067,546,128016,574,0,230,1,364,36,17979,0,337,231
04-21-21,Anderson,8625,11,6447,5,2178,6,7212,6,62820,156,70032,162,1,172,-3,76,13,8377,0,214,171
04-21-21,Bedford,6435,10,5064,5,1371,5,5824,6,32017,74,37841,80,0,129,1,88,9,6218,1,137,127
04-21-21,Benton,1630,3,1279,2,351,1,1415,3,9089,18,10504,21,0,40,1,21,2,1569,0,38,40
04-21-21,Bledsoe,2100,1,1901,1,199,0,2015,0,15899,13,17914,13,0,11,0,11,1,2078,0,32,11
04-21-21,Blount,15202,22,12966,7,2236,15,14313,7,76116,209,90429,216,0,194,0,168,22,14840,0,351,193
04-21-21,Bradley,14672,32,11980,19,2692,13,13586,21,67247,190,80833,211,0,148,1,349,31,14175,0,636,148
04-21-21,Campbell,4103,5,2252,1,1851,4,2529,1,25023,28,27552,29,0,62,3,43,2,3998,0,129,63
04-21-21,Cannon,1893,4,1513,3,380,1,1687,3,9402,18,11089,21,0,31,3,14,1,1848,1,38,31
04-21-21,Carroll,3566,3,2333,1,1233,2,2772,1,19663,27,22435,28,0,82,2,20,1,3464,0,81,83
04-21-21,Carter,6478,8,5644,6,834,2,6204,7,38267,162,44471,169,0,156,-11,126,19,6196,0,228,156
04-21-21,Cheatham,4466,10,3416,8,1050,2,3861,9,27736,50,31597,59,1,55,-7,84,16,4327,0,90,54
04-21-21,Chester,2093,7,1508,4,585,3,1798,4,11913,82,13711,86,0,51,6,11,1,2031,0,41,51
04-21-21,Claiborne,3086,16,1971,11,1115,5,2109,10,24267,33,26376,43,0,73,9,54,7,2959,0,93,73
04-21-21,Clay,1096,3,753,3,343,0,867,3,5660,14,6527,17,0,31,2,11,1,1054,0,25,30
04-21-21,Cocke,4439,5,2932,0,1507,5,3236,0,22363,70,25599,70,0,98,-2,42,7,4299,0,115,98
04-21-21,Coffee,6828,4,4724,1,2104,3,5770,1,46082,90,51852,91,0,121,0,51,4,6656,0,124,121
04-21-21,Crockett,2015,4,1214,3,801,1,1413,3,7366,14,8779,17,0,48,3,16,1,1951,0,30,48
04-21-21,Cumberland,6601,25,5452,22,1149,3,6252,24,48834,87,55086,111,0,128,8,119,17,6354,1,160,129
04-21-21,Davidson,88111,127,82504,108,5607,19,100172,124,997628,2018,1097800,2142,1,927,10,1240,116,85944,1,1957,927
04-21-21,Decatur,1576,1,1169,1,407,0,1389,1,10996,13,12385,14,1,39,0,5,0,1532,0,40,39
04-21-21,Dekalb,2758,3,2038,2,720,1,2355,3,17120,27,19475,30,0,53,2,18,1,2687,0,56,53
04-21-21,Dickson,6739,9,4872,7,1867,2,5750,8,35792,87,41542,95,0,109,-2,98,11,6532,0,121,109
04-21-21,Dyer,5369,5,3537,3,1832,2,3993,3,21922,47,25915,50,0,104,3,34,2,5231,0,109,105
04-21-21,Fayette,4934,13,4218,9,716,4,5191,13,38102,102,43293,115,-2,76,13,82,2,4776,0,131,76
04-21-21,Fentress,2384,2,2058,0,326,2,2350,0,13240,25,15590,25,1,47,0,16,1,2321,0,63,47
04-21-21,Franklin,5089,6,4237,5,852,1,4958,7,38482,215,43440,222,0,88,3,48,3,4953,0,109,88
04-21-21,Gibson,6401,9,3863,6,2538,3,4680,10,29658,65,34338,75,1,145,6,49,2,6207,0,114,145
04-21-21,Giles,3957,7,3256,6,701,1,3745,6,23072,50,26817,56,0,99,-2,43,9,3815,0,111,99
04-21-21,Grainger,2595,2,1924,1,671,1,2151,2,14086,30,16237,32,0,49,1,45,1,2501,0,70,50
04-21-21,Greene,7743,22,6154,21,1589,1,6893,21,50472,250,57365,271,0,152,13,100,9,7491,0,188,152
04-21-21,Grundy,1782,0,1492,0,290,0,1708,0,9205,64,10913,64,1,34,-4,9,3,1739,0,61,34
04-21-21,Hamblen,8509,9,5933,6,2576,3,6661,6,46247,52,52908,58,0,171,-6,91,15,8247,1,260,171
04-21-21,Hamilton,43522,69,37367,40,6155,29,41900,45,321815,481,363715,526,0,488,9,528,60,42506,0,1160,489
04-21-21,Hancock,559,4,393,4,166,0,419,4,3915,10,4334,14,0,12,3,22,1,525,0,21,12
04-21-21,Hardeman,3466,4,2793,2,673,2,3265,2,25112,103,28377,105,0,64,2,18,2,3384,0,103,64
04-21-21,Hardin,3511,13,2378,6,1133,7,2829,11,23447,49,26276,60,0,66,11,43,2,3402,0,65,66
04-21-21,Hawkins,5813,23,4723,18,1090,5,5093,18,34906,100,39999,118,0,106,13,119,10,5588,0,149,107
04-21-21,Haywood,2680,1,2245,1,435,0,2564,1,13660,24,16224,25,0,61,0,9,1,2610,0,82,61
04-21-21,Henderson,3736,6,2594,2,1142,4,3244,3,16101,27,19345,30,0,76,3,46,3,3614,0,79,76
04-21-21,Henry,3121,5,2412,2,709,3,2788,2,17885,23,20673,25,0,75,3,27,2,3019,0,77,76
04-21-21,Hickman,2807,3,2265,3,542,0,2610,3,16645,33,19255,36,0,46,0,24,3,2737,0,57,46
04-21-21,Houston,1084,1,818,1,266,0,937,1,10433,51,11370,52,0,33,-1,10,2,1041,0,40,33
04-21-21,Humphreys,1748,8,1119,7,629,1,1308,7,11732,23,13040,30,0,22,-1,63,9,1663,0,34,22
04-21-21,Jackson,1306,8,1025,8,281,0,1194,8,5544,22,6738,30,0,35,7,17,1,1254,2,41,35
04-21-21,Jefferson,6083,10,4177,5,1906,5,4721,5,39251,62,43972,67,0,124,6,73,4,5886,0,188,123
04-21-21,Johnson,2333,13,2044,12,289,1,2180,13,15544,107,17724,120,0,38,4,59,9,2236,0,59,38
04-21-21,Knox,50207,61,42032,33,8175,28,45986,34,327342,478,373328,512,1,626,-2,596,62,48985,1,1357,628
04-21-21,Lake,1693,0,1504,0,189,0,1773,0,10116,52,11889,52,0,26,0,0,0,1667,0,25,26
04-21-21,Lauderdale,3139,3,2446,3,693,0,2809,4,21079,43,23888,47,0,44,0,18,3,3077,0,83,43
04-21-21,Lawrence,5816,10,4540,8,1276,2,4998,10,29381,51,34379,61,0,86,8,79,2,5651,0,148,86
04-21-21,Lewis,1565,0,1174,0,391,0,1271,0,9993,13,11264,13,0,26,-2,17,2,1522,0,43,26
04-21-21,Lincoln,4300,7,3321,2,979,5,3774,2,17756,31,21530,33,0,63,6,32,1,4205,0,83,61
04-21-21,Loudon,6028,6,4618,2,1410,4,5052,4,31386,41,36438,45,0,69,1,43,5,5916,0,135,69
04-21-21,Macon,3585,3,2780,2,805,1,3267,4,16663,59,19930,63,0,77,2,42,1,3466,0,128,77
04-21-21,Madison,10845,34,6068,17,4777,17,7357,17,55295,174,62652,191,0,241,25,-202,9,10806,0,337,241
04-21-21,Marion,3103,1,2649,1,454,0,2962,3,19555,99,22517,102,1,47,-1,22,1,3034,0,113,47
04-21-21,Marshall,4121,8,3249,3,872,5,3666,6,23180,38,26846,44,0,58,2,46,6,4017,0,92,58
04-21-21,Maury,13263,19,11637,14,1626,5,12841,14,74845,171,87686,185,0,170,-9,193,28,12900,0,295,170
04-21-21,McMinn,6381,8,5665,4,716,4,6242,4,42898,41,49140,45,0,97,-6,96,14,6188,0,156,98
04-21-21,McNairy,2770,4,1970,4,800,0,2393,4,18204,43,20597,47,0,54,4,5,0,2711,0,64,54
04-21-21,Meigs,1355,6,1221,5,134,1,1354,6,8098,10,9452,16,0,24,3,26,3,1305,1,45,24
04-21-21,Monroe,5722,7,4515,5,1207,2,5067,5,27441,41,32508,46,0,95,-3,72,10,5555,0,155,95
04-21-21,Montgomery,19756,47,14546,31,5210,16,15968,36,118533,401,134501,437,0,224,2,497,45,19035,0,304,224
04-21-21,Moore,1003,2,773,2,230,0,872,2,4879,8,5751,10,0,17,2,11,0,975,0,18,17
04-21-21,Morgan,2462,4,1806,2,656,2,1962,3,15271,20,17233,23,0,39,3,28,1,2395,0,44,39
04-21-21,Obion,4500,3,3326,3,1174,0,3771,3,22694,32,26465,35,0,96,0,28,3,4376,0,100,96
04-21-21,Out of State,17755,55,14103,32,3652,23,15921,29,634732,1386,650653,1415,0,95,11,247,44,17413,0,215,97
04-21-21,Overton,2985,6,2242,4,743,2,2636,4,15099,54,17735,58,0,61,6,39,0,2885,0,64,61
04-21-21,Pending,16564,18,10707,7,5857,11,11903,7,413531,923,425434,930,0,133,-38,200,56,16231,0,139,132
04-21-21,Perry,1055,0,906,0,149,0,1020,1,6112,5,7132,6,0,28,-2,-1,2,1028,0,28,28
04-21-21,Pickett,754,0,498,0,256,0,600,0,3931,8,4531,8,0,24,0,2,0,728,0,28,24
04-21-21,Polk,2006,4,1806,4,200,0,1996,4,9557,27,11553,31,0,24,-2,40,6,1942,0,85,24
04-21-21,Putnam,11191,22,9133,17,2058,5,10944,18,72473,294,83417,312,0,173,12,115,10,10903,2,209,174
04-21-21,Rhea,4313,3,3734,2,579,1,4178,2,26993,85,31171,87,0,75,-2,23,5,4215,0,83,75
04-21-21,Roane,6204,14,4785,8,1419,6,5329,8,43315,89,48644,97,1,103,3,61,10,6040,0,150,103
04-21-21,Robertson,9619,6,7543,3,2076,3,8490,4,44138,88,52628,92,1,130,-5,113,10,9376,0,427,130
04-21-21,Rutherford,42400,48,36227,26,6173,22,42080,29,241986,633,284066,662,1,424,-29,597,76,41379,0,591,424
04-21-21,Scott,3051,4,1680,0,1371,4,1796,0,11590,26,13386,26,0,45,1,23,3,2983,0,64,45
04-21-21,Sequatchie,1671,2,1310,1,361,1,1430,2,11881,16,13311,18,0,28,2,19,0,1624,0,39,29
04-21-21,Sevier,13185,21,11275,11,1910,10,12401,9,67388,130,79789,139,0,175,4,188,17,12822,1,281,175
04-21-21,Shelby,93320,192,86456,155,6864,37,106402,183,995553,3590,1101955,3773,9,1600,21,1585,162,90135,7,3615,1605
04-21-21,Smith,2750,3,2059,0,691,3,2574,0,13798,32,16372,32,1,39,-1,32,3,2679,0,59,39
04-21-21,Stewart,1310,1,993,1,317,0,1123,1,7025,10,8148,11,0,28,-2,9,3,1273,0,26,28
04-21-21,Sullivan,16248,39,14117,34,2131,5,15277,34,90345,258,105622,292,0,287,6,454,33,15507,0,753,286
04-21-21,Sumner,23535,38,20814,24,2721,14,23546,29,123860,442,147406,471,0,345,5,373,33,22817,0,711,344
04-21-21,Tipton,7230,9,5032,5,2198,4,6072,4,48430,150,54502,154,-3,101,3,62,9,7067,0,161,100
04-21-21,Trousdale,2492,2,2335,2,157,0,2503,2,9300,26,11803,28,0,22,1,11,1,2459,0,41,22
04-21-21,Unicoi,1957,10,1497,5,460,5,1647,5,13437,50,15084,55,0,49,5,49,5,1859,0,67,49
04-21-21,Union,1870,6,1572,5,298,1,1694,5,10582,16,12276,21,0,34,5,18,1,1818,0,59,34
04-21-21,Van Buren,836,1,692,1,144,0,766,1,5331,3,6097,4,1,23,-1,4,1,809,0,22,23
04-21-21,Warren,5506,4,4689,3,817,1,5312,4,33483,61,38795,65,0,81,1,20,3,5405,0,82,81
04-21-21,Washington,14240,41,12212,28,2028,13,13443,28,84864,333,98307,361,0,244,-8,359,49,13637,0,361,243
04-21-21,Wayne,2941,2,2367,1,574,1,2605,1,11353,8,13958,9,0,34,2,3,0,2904,0,61,34
04-21-21,Weakley,4031,3,2982,3,1049,0,3416,4,21860,37,25276,41,1,64,-3,42,5,3925,0,70,64
04-21-21,White,3554,9,2901,7,653,2,3541,7,23002,52,26543,59,-1,68,6,41,4,3445,0,111,69
04-21-21,Williamson,27592,35,23235,21,4357,14,25770,27,187299,454,213069,481,0,215,-4,399,39,26978,0,293,216
04-21-21,Wilson,18536,20,16666,11,1870,9,18921,13,108521,255,127442,268,1,230,-3,363,22,17943,1,337,231
04-20-21,Anderson,8614,6,6442,3,2172,3,7206,3,62664,98,69870,101,0,171,-1,79,7,8364,0,214,171
04-20-21,Bedford,6425,6,5059,4,1366,2,5818,5,31943,42,37761,47,0,129,-14,87,20,6209,1,136,127
04-20-21,Benton,1627,1,1277,1,350,0,1412,1,9071,6,10483,7,0,40,-2,20,3,1567,1,38,40
04-20-21,Bledsoe,2099,4,1900,4,199,0,2015,4,15886,47,17901,51,0,11,1,11,3,2077,0,32,11
04-20-21,Blount,15180,18,12959,18,2221,0,14306,21,75907,159,90213,180,0,194,0,168,18,14818,1,351,193
04-20-21,Bradley,14640,31,11961,25,2679,6,13565,26,67057,165,80622,191,0,148,-4,348,35,14144,2,636,148
04-20-21,Campbell,4098,4,2251,1,1847,3,2528,0,24995,17,27523,17,0,62,0,40,4,3996,1,129,63
04-20-21,Cannon,1889,0,1510,0,379,0,1684,0,9384,20,11068,20,0,31,-7,11,7,1847,0,37,31
04-20-21,Carroll,3563,3,2332,3,1231,0,2771,3,19636,19,22407,22,0,82,0,18,3,3463,0,81,83
04-20-21,Carter,6470,11,5638,11,832,0,6197,12,38105,53,44302,65,0,156,-9,137,20,6177,1,228,156
04-20-21,Cheatham,4456,6,3408,5,1048,1,3852,5,27686,82,31538,87,0,54,-9,91,15,4311,0,90,54
04-20-21,Chester,2086,1,1504,0,582,1,1794,0,11831,13,13625,13,0,51,0,5,1,2030,0,41,51
04-20-21,Claiborne,3070,10,1960,5,1110,5,2099,4,24234,18,26333,22,0,73,7,45,3,2952,0,93,73
04-20-21,Clay,1093,1,750,0,343,1,864,1,5646,5,6510,6,0,31,0,9,1,1053,0,25,30
04-20-21,Cocke,4434,2,2932,0,1502,2,3236,0,22293,67,25529,67,0,98,-3,44,5,4292,0,115,98
04-20-21,Coffee,6824,2,4723,1,2101,1,5769,1,45992,88,51761,89,0,121,-11,51,13,6652,0,124,121
04-20-21,Crockett,2011,1,1211,0,800,1,1410,0,7352,8,8762,8,0,48,-2,13,3,1950,0,30,48
04-20-21,Cumberland,6576,10,5430,9,1146,1,6228,10,48747,51,54975,61,0,128,-4,111,14,6337,1,159,129
04-20-21,Davidson,87984,147,82396,142,5588,5,100048,167,995610,2426,1095658,2593,2,926,37,1230,108,85828,1,1956,927
04-20-21,Decatur,1575,2,1168,1,407,1,1388,1,10983,3,12371,4,0,38,1,5,1,1532,1,40,38
04-20-21,Dekalb,2755,0,2036,0,719,0,2352,0,17093,20,19445,20,0,53,0,16,0,2686,0,56,53
04-20-21,Dickson,6730,3,4865,1,1865,2,5742,3,35705,39,41447,42,0,109,-11,100,14,6521,0,121,109
04-20-21,Dyer,5364,5,3534,2,1830,3,3990,2,21875,15,25865,17,0,104,4,31,1,5229,0,109,104
04-20-21,Fayette,4921,10,4209,8,712,2,5178,9,38000,64,43178,73,1,78,-4,69,13,4774,0,131,76
04-20-21,Fentress,2382,0,2058,0,324,0,2350,0,13215,8,15565,8,0,46,-2,16,2,2320,0,63,47
04-20-21,Franklin,5083,2,4232,2,851,0,4951,2,38267,31,43218,33,0,88,-8,45,10,4950,0,109,88
04-20-21,Gibson,6392,5,3857,2,2535,3,4670,3,29593,24,34263,27,0,144,4,43,1,6205,1,114,145
04-20-21,Giles,3950,2,3250,1,700,1,3739,1,23022,21,26761,22,0,99,-2,45,4,3806,0,111,99
04-20-21,Grainger,2593,1,1923,0,670,1,2149,0,14056,9,16205,9,0,49,-6,44,7,2500,0,70,50
04-20-21,Greene,7721,2,6133,2,1588,0,6872,2,50222,73,57094,75,0,152,-12,87,14,7482,1,188,152
04-20-21,Grundy,1782,1,1492,1,290,0,1708,1,9141,6,10849,7,0,33,-3,13,4,1736,0,61,34
04-20-21,Hamblen,8500,9,5927,3,2573,6,6655,3,46195,27,52850,30,0,171,-3,97,12,8232,0,259,171
04-20-21,Hamilton,43453,58,37327,43,6126,15,41855,54,321334,416,363189,470,1,488,-4,519,61,42446,2,1160,488
04-20-21,Hancock,555,4,389,2,166,2,415,2,3905,36,4320,38,0,12,3,19,1,524,1,21,12
04-20-21,Hardeman,3462,3,2791,0,671,3,3263,0,25009,20,28272,20,0,64,0,16,3,3382,1,103,64
04-20-21,Hardin,3498,7,2372,6,1126,1,2818,6,23398,32,26216,38,0,66,-5,32,12,3400,0,65,66
04-20-21,Hawkins,5790,10,4705,9,1085,1,5075,6,34806,30,39881,36,0,106,-9,106,19,5578,0,149,106
04-20-21,Haywood,2679,1,2244,0,435,1,2563,0,13636,7,16199,7,0,61,1,9,0,2609,0,82,61
04-20-21,Henderson,3730,2,2592,1,1138,1,3241,1,16074,12,19315,13,1,76,-3,43,4,3611,1,79,76
04-20-21,Henry,3116,1,2410,1,706,0,2786,1,17862,11,20648,12,0,75,-1,24,2,3017,0,77,75
04-20-21,Hickman,2804,1,2262,1,542,0,2607,2,16612,22,19219,24,0,46,-5,24,6,2734,0,57,46
04-20-21,Houston,1083,1,817,1,266,0,936,1,10382,7,11318,8,0,33,0,11,1,1039,0,40,33
04-20-21,Humphreys,1740,3,1112,1,628,2,1301,2,11709,8,13010,10,0,22,-4,64,7,1654,0,34,22
04-20-21,Jackson,1298,1,1017,1,281,0,1186,1,5522,2,6708,3,0,35,1,10,0,1253,0,39,35
04-20-21,Jefferson,6073,6,4172,1,1901,5,4716,1,39189,33,43905,34,1,124,-5,67,10,5882,0,188,123
04-20-21,Johnson,2320,5,2032,2,288,3,2167,2,15437,36,17604,38,0,38,-5,55,10,2227,1,59,38
04-20-21,Knox,50146,39,41999,35,8147,4,45952,40,326864,474,372816,514,1,625,-33,598,71,48923,1,1356,627
04-20-21,Lake,1693,0,1504,0,189,0,1773,0,10064,3,11837,3,0,26,0,0,0,1667,0,25,26
04-20-21,Lauderdale,3136,1,2443,1,693,0,2805,1,21036,17,23841,18,0,44,-1,18,2,3074,0,83,43
04-20-21,Lawrence,5806,8,4532,7,1274,1,4988,7,29330,47,34318,54,0,86,2,71,6,5649,0,148,86
04-20-21,Lewis,1565,4,1174,1,391,3,1271,1,9980,4,11251,5,0,26,3,19,1,1520,0,43,26
04-20-21,Lincoln,4293,2,3319,2,974,0,3772,2,17725,17,21497,19,0,63,0,26,2,4204,0,83,61
04-20-21,Loudon,6022,4,4616,2,1406,2,5048,2,31345,39,36393,41,0,69,-10,42,14,5911,0,135,69
04-20-21,Macon,3582,3,2778,3,804,0,3263,3,16604,22,19867,25,0,77,-1,40,4,3465,1,128,77
04-20-21,Madison,10811,28,6051,16,4760,12,7340,17,55121,55,62461,72,0,241,19,-227,9,10797,0,337,241
04-20-21,Marion,3102,3,2648,2,454,1,2959,3,19456,35,22415,38,0,46,2,23,1,3033,1,113,46
04-20-21,Marshall,4113,2,3246,1,867,1,3660,1,23142,15,26802,16,0,58,-5,44,7,4011,1,92,58
04-20-21,Maury,13244,13,11623,8,1621,5,12827,8,74674,131,87501,139,1,170,-12,202,24,12872,1,295,169
04-20-21,McMinn,6373,7,5661,7,712,0,6238,9,42857,37,49095,46,0,97,-4,102,11,6174,1,156,98
04-20-21,McNairy,2766,2,1966,2,800,0,2389,2,18161,21,20550,23,0,54,-1,1,3,2711,1,64,54
04-20-21,Meigs,1349,3,1216,3,133,0,1348,3,8088,10,9436,13,0,24,2,23,1,1302,2,44,24
04-20-21,Monroe,5715,6,4510,4,1205,2,5062,4,27400,24,32462,28,0,95,1,75,5,5545,0,155,95
04-20-21,Montgomery,19709,76,14515,41,5194,35,15932,41,118132,307,134064,348,0,224,26,495,50,18990,0,304,224
04-20-21,Moore,1001,1,771,1,230,0,870,1,4871,2,5741,3,0,17,-1,9,2,975,0,18,17
04-20-21,Morgan,2458,2,1804,2,654,0,1959,2,15251,15,17210,17,0,39,-4,25,6,2394,0,44,39
04-20-21,Obion,4497,0,3323,0,1174,0,3768,2,22662,35,26430,37,0,96,-5,28,5,4373,0,100,96
04-20-21,Out of State,17700,37,14071,34,3629,3,15892,22,633346,1232,649238,1254,0,95,10,236,27,17369,1,215,97
04-20-21,Overton,2979,7,2238,7,741,0,2632,8,15045,15,17677,23,0,61,6,33,1,2885,0,64,61
04-20-21,Pending,16546,13,10700,13,5846,0,11896,13,412608,748,424504,761,0,133,-21,238,34,16175,0,139,132
04-20-21,Perry,1055,0,906,0,149,0,1019,0,6107,4,7126,4,0,28,0,1,0,1026,0,28,28
04-20-21,Pickett,754,0,498,0,256,0,600,0,3923,0,4523,0,0,24,0,2,0,728,0,28,24
04-20-21,Polk,2002,3,1802,3,200,0,1992,3,9530,22,11522,25,0,24,-3,42,6,1936,0,85,24
04-20-21,Putnam,11169,8,9116,7,2053,1,10926,9,72179,73,83105,82,0,173,-4,103,12,10893,0,207,173
04-20-21,Rhea,4310,1,3732,1,578,0,4176,1,26908,41,31084,42,0,75,0,25,1,4210,0,83,75
04-20-21,Roane,6190,2,4777,1,1413,1,5321,1,43226,32,48547,33,0,102,-3,58,5,6030,0,150,102
04-20-21,Robertson,9613,12,7540,11,2073,1,8486,11,44050,89,52536,100,0,129,3,118,9,9366,0,427,129
04-20-21,Rutherford,42352,55,36201,46,6151,9,42051,50,241353,688,283404,738,1,423,-25,626,79,41303,0,591,424
04-20-21,Scott,3047,1,1680,1,1367,0,1796,1,11564,15,13360,16,0,45,-1,22,2,2980,0,64,45
04-20-21,Sequatchie,1669,1,1309,1,360,0,1428,1,11865,11,13293,12,0,28,-1,17,2,1624,0,39,29
04-20-21,Sevier,13164,17,11264,10,1900,7,12392,12,67258,96,79650,108,0,175,-3,184,20,12805,0,280,175
04-20-21,Shelby,93128,137,86301,131,6827,6,106219,154,991963,2740,1098182,2894,0,1591,-18,1564,155,89973,13,3608,1602
04-20-21,Smith,2747,2,2059,1,688,1,2574,3,13766,14,16340,17,0,38,1,33,1,2676,0,59,39
04-20-21,Stewart,1309,3,992,2,317,1,1122,2,7015,7,8137,9,0,28,1,11,2,1270,0,26,28
04-20-21,Sullivan,16209,34,14083,31,2126,3,15243,20,90087,146,105330,166,0,287,-5,448,39,15474,1,753,286
04-20-21,Sumner,23497,35,20790,33,2707,2,23517,35,123418,256,146935,291,3,345,-18,368,50,22784,0,711,344
04-20-21,Tipton,7221,7,5027,5,2194,2,6068,5,48280,101,54348,106,1,104,-1,59,7,7058,0,161,100
04-20-21,Trousdale,2490,0,2333,0,157,0,2501,0,9274,9,11775,9,0,22,-1,10,1,2458,0,41,22
04-20-21,Unicoi,1947,3,1492,3,455,0,1642,3,13387,12,15029,15,0,49,1,44,2,1854,0,67,49
04-20-21,Union,1864,1,1567,0,297,1,1689,0,10566,6,12255,6,0,34,-2,13,3,1817,0,59,34
04-20-21,Van Buren,835,1,691,1,144,0,765,1,5328,3,6093,4,1,22,-1,5,1,808,0,22,23
04-20-21,Warren,5502,2,4686,2,816,0,5308,1,33422,47,38730,48,0,81,-7,19,9,5402,0,82,81
04-20-21,Washington,14199,38,12184,35,2015,3,13415,36,84531,106,97946,142,1,244,-13,367,50,13588,2,361,243
04-20-21,Wayne,2939,0,2366,0,573,0,2604,0,11345,12,13949,12,0,34,0,1,0,2904,0,61,34
04-20-21,Weakley,4028,4,2979,4,1049,0,3412,4,21823,13,25235,17,0,63,-1,45,5,3920,0,70,64
04-20-21,White,3545,1,2894,1,651,0,3534,1,22950,20,26484,21,1,69,-8,35,8,3441,0,111,69
04-20-21,Williamson,27557,27,23214,24,4343,3,25743,23,186845,384,212588,407,-1,215,-27,403,55,26939,0,293,216
04-20-21,Wilson,18516,48,16655,45,1861,3,18908,47,108266,352,127174,399,0,229,20,366,28,17921,1,336,230
04-19-21,Anderson,8608,6,6439,3,2169,3,7203,3,62566,23,69769,26,0,171,-6,80,12,8357,0,214,171
04-19-21,Bedford,6419,3,5055,1,1364,2,5813,1,31901,21,37714,22,0,129,-16,101,19,6189,0,135,127
04-19-21,Benton,1626,0,1276,0,350,0,1411,0,9065,3,10476,3,0,40,-5,22,5,1564,0,37,40
04-19-21,Bledsoe,2095,0,1896,0,199,0,2011,0,15839,4,17850,4,0,11,-3,10,3,2074,0,32,11
04-19-21,Blount,15162,25,12941,16,2221,9,14285,16,75748,131,90033,147,0,194,-1,168,26,14800,2,350,193
04-19-21,Bradley,14609,30,11936,17,2673,13,13539,18,66892,80,80431,98,1,148,-7,352,36,14109,2,634,148
04-19-21,Campbell,4094,3,2250,0,1844,3,2528,0,24978,6,27506,6,0,62,-4,40,7,3992,0,128,63
04-19-21,Cannon,1889,0,1510,0,379,0,1684,0,9364,15,11048,15,0,31,-3,18,3,1840,0,37,31
04-19-21,Carroll,3560,0,2329,0,1231,0,2768,0,19617,6,22385,6,0,82,-2,18,2,3460,0,81,83
04-19-21,Carter,6459,6,5627,6,832,0,6185,7,38052,25,44237,32,0,156,-15,146,21,6157,0,227,156
04-19-21,Cheatham,4450,3,3403,3,1047,0,3847,3,27604,45,31451,48,0,54,-9,100,12,4296,0,90,54
04-19-21,Chester,2085,0,1504,0,581,0,1794,0,11818,3,13612,3,0,51,-2,5,2,2029,0,41,51
04-19-21,Claiborne,3060,1,1955,0,1105,1,2095,0,24216,8,26311,8,0,73,-10,38,11,2949,0,93,73
04-19-21,Clay,1092,2,750,0,342,2,863,0,5641,1,6504,1,0,31,1,9,1,1052,0,25,30
04-19-21,Cocke,4432,6,2932,0,1500,6,3236,0,22226,8,25462,8,0,98,-3,47,9,4287,0,115,98
04-19-21,Coffee,6822,0,4722,0,2100,0,5768,0,45904,37,51672,37,0,121,-14,62,14,6639,0,124,121
04-19-21,Crockett,2010,3,1211,2,799,1,1410,2,7344,3,8754,5,0,48,3,15,0,1947,0,30,48
04-19-21,Cumberland,6566,10,5421,4,1145,6,6218,5,48696,24,54914,29,1,128,-7,115,16,6323,1,158,129
04-19-21,Davidson,87837,72,82254,55,5583,17,99881,62,993184,2196,1093065,2258,0,924,-96,1193,168,85720,5,1955,925
04-19-21,Decatur,1573,1,1167,0,406,1,1387,0,10980,3,12367,3,0,38,0,4,1,1531,0,39,38
04-19-21,Dekalb,2755,0,2036,0,719,0,2352,0,17073,15,19425,15,0,53,-4,16,4,2686,0,56,53
04-19-21,Dickson,6727,0,4864,0,1863,0,5739,0,35666,23,41405,23,0,109,-25,111,25,6507,0,121,109
04-19-21,Dyer,5359,4,3532,1,1827,3,3988,1,21860,1,25848,2,0,104,2,27,2,5228,1,109,104
04-19-21,Fayette,4911,7,4201,6,710,1,5169,6,37936,40,43105,46,-1,77,0,73,8,4761,0,131,76
04-19-21,Fentress,2382,0,2058,0,324,0,2350,0,13207,3,15557,3,0,46,-4,18,4,2318,0,63,47
04-19-21,Franklin,5081,4,4230,4,851,0,4949,3,38236,208,43185,211,0,88,-1,53,5,4940,0,109,88
04-19-21,Gibson,6387,3,3855,2,2532,1,4667,1,29569,11,34236,12,0,144,-9,39,12,6204,1,113,145
04-19-21,Giles,3948,4,3249,2,699,2,3738,2,23001,20,26739,22,0,99,-3,47,7,3802,0,111,99
04-19-21,Grainger,2592,3,1923,1,669,2,2149,1,14047,9,16196,10,0,49,2,50,1,2493,0,70,50
04-19-21,Greene,7719,1,6131,1,1588,0,6870,2,50149,38,57019,40,0,152,-11,99,12,7468,0,187,152
04-19-21,Grundy,1781,3,1491,2,290,1,1707,2,9135,30,10842,32,0,33,1,16,2,1732,0,61,33
04-19-21,Hamblen,8491,14,5924,3,2567,11,6652,3,46168,22,52820,25,0,171,7,100,7,8220,1,259,171
04-19-21,Hamilton,43395,36,37284,27,6111,9,41801,31,320918,270,362719,301,2,487,-46,523,80,42385,4,1158,487
04-19-21,Hancock,551,2,387,0,164,2,413,0,3869,0,4282,0,0,12,2,16,0,523,0,20,12
04-19-21,Hardeman,3459,0,2791,0,668,0,3263,1,24989,10,28252,11,0,64,-5,16,5,3379,0,102,64
04-19-21,Hardin,3491,0,2366,0,1125,0,2812,0,23366,4,26178,4,0,66,-4,37,4,3388,0,65,66
04-19-21,Hawkins,5780,5,4696,2,1084,3,5069,2,34776,21,39845,23,0,106,-15,115,20,5559,0,149,106
04-19-21,Haywood,2678,0,2244,0,434,0,2563,0,13629,4,16192,4,0,61,0,8,0,2609,0,82,61
04-19-21,Henderson,3728,0,2591,0,1137,0,3240,0,16062,0,19302,0,0,75,-3,46,3,3607,0,78,76
04-19-21,Henry,3115,1,2409,1,706,0,2785,1,17851,16,20636,17,0,75,-1,25,2,3015,0,77,75
04-19-21,Hickman,2803,2,2261,2,542,0,2605,2,16590,14,19195,16,0,46,-1,29,3,2728,1,57,46
04-19-21,Houston,1082,0,816,0,266,0,935,0,10375,5,11310,5,0,33,-2,11,2,1038,0,40,33
04-19-21,Humphreys,1737,2,1111,0,626,2,1299,0,11701,6,13000,6,1,22,-12,68,13,1647,0,34,22
04-19-21,Jackson,1297,1,1016,0,281,1,1185,0,5520,4,6705,4,0,35,1,9,0,1253,0,39,35
04-19-21,Jefferson,6067,8,4171,3,1896,5,4715,4,39156,21,43871,25,2,123,-3,72,9,5872,1,188,123
04-19-21,Johnson,2315,2,2030,2,285,0,2165,2,15401,4,17566,6,0,38,-8,60,10,2217,0,58,38
04-19-21,Knox,50107,65,41964,40,8143,25,45912,38,326390,342,372302,380,0,624,-3,631,68,48852,0,1355,626
04-19-21,Lake,1693,0,1504,0,189,0,1773,0,10061,2,11834,2,0,26,0,0,0,1667,0,25,26
04-19-21,Lauderdale,3135,0,2442,0,693,0,2804,0,21019,13,23823,13,0,44,-1,19,1,3072,0,83,43
04-19-21,Lawrence,5798,4,4525,3,1273,1,4981,5,29283,25,34264,30,0,86,0,69,4,5643,0,148,86
04-19-21,Lewis,1561,4,1173,1,388,3,1270,1,9976,6,11246,7,0,26,1,16,3,1519,0,43,26
04-19-21,Lincoln,4291,0,3317,0,974,0,3770,0,17708,12,21478,12,0,63,-8,26,8,4202,0,83,61
04-19-21,Loudon,6018,1,4614,0,1404,1,5046,0,31306,15,36352,15,0,69,-11,52,12,5897,0,135,69
04-19-21,Macon,3579,3,2775,0,804,3,3260,1,16582,20,19842,21,0,77,-9,41,12,3461,1,127,77
04-19-21,Madison,10783,23,6035,18,4748,5,7323,17,55066,39,62389,56,0,241,13,-246,10,10788,0,337,241
04-19-21,Marion,3099,6,2646,2,453,4,2956,2,19421,67,22377,69,0,46,5,21,1,3032,1,112,46
04-19-21,Marshall,4111,7,3245,4,866,3,3659,3,23127,18,26786,21,0,58,0,49,7,4004,0,91,58
04-19-21,Maury,13231,35,11615,13,1616,22,12819,12,74543,85,87362,97,0,169,2,214,33,12848,0,294,169
04-19-21,McMinn,6366,10,5654,9,712,1,6229,8,42820,10,49049,18,0,97,2,106,8,6163,0,155,98
04-19-21,McNairy,2764,0,1964,0,800,0,2387,0,18140,5,20527,5,0,54,-2,2,2,2708,0,63,54
04-19-21,Meigs,1346,2,1213,2,133,0,1345,3,8078,6,9423,9,1,24,1,21,0,1301,0,42,24
04-19-21,Monroe,5709,2,4506,0,1203,2,5058,0,27376,19,32434,19,0,95,-5,74,7,5540,0,155,95
04-19-21,Montgomery,19633,46,14474,34,5159,12,15891,36,117825,262,133716,298,0,224,-7,469,53,18940,0,304,224
04-19-21,Moore,1000,0,770,0,230,0,869,0,4869,3,5738,3,0,17,-2,10,2,973,0,18,17
04-19-21,Morgan,2456,1,1802,0,654,1,1957,0,15236,1,17193,1,0,39,-5,29,6,2388,0,44,39
04-19-21,Obion,4497,1,3323,0,1174,1,3766,0,22627,11,26393,11,0,96,-1,33,2,4368,0,100,96
04-19-21,Out of State,17663,24,14037,12,3626,12,15870,12,632114,910,647984,922,0,95,-7,226,31,17342,2,214,97
04-19-21,Overton,2972,5,2231,4,741,1,2624,5,15030,9,17654,14,0,61,4,27,1,2884,0,64,61
04-19-21,Pending,16533,14,10687,10,5846,4,11883,11,411860,466,423743,477,1,133,-13,259,26,16141,0,139,132
04-19-21,Perry,1055,0,906,0,149,0,1019,0,6103,0,7122,0,0,28,0,1,0,1026,0,28,28
04-19-21,Pickett,754,1,498,1,256,0,600,1,3923,2,4523,3,0,24,1,2,0,728,0,28,24
04-19-21,Polk,1999,1,1799,1,200,0,1989,1,9508,5,11497,6,0,24,-7,45,8,1930,0,85,24
04-19-21,Putnam,11161,15,9109,10,2052,5,10917,12,72106,60,83023,72,0,173,2,107,13,10881,0,207,173
04-19-21,Rhea,4309,1,3731,1,578,0,4175,2,26867,26,31042,28,0,75,-2,25,3,4209,0,83,75
04-19-21,Roane,6188,3,4776,1,1412,2,5320,1,43194,15,48514,16,0,102,-3,61,6,6025,0,150,102
04-19-21,Robertson,9601,8,7529,7,2072,1,8475,7,43961,63,52436,70,-1,129,-3,115,12,9357,3,427,129
04-19-21,Rutherford,42297,44,36155,33,6142,11,42001,35,240665,325,282666,360,2,422,-41,651,83,41224,1,591,423
04-19-21,Scott,3046,0,1679,0,1367,0,1795,0,11549,5,13344,5,0,45,-3,23,3,2978,0,64,45
04-19-21,Sequatchie,1668,1,1308,1,360,0,1427,1,11854,4,13281,5,0,28,-2,18,3,1622,0,39,29
04-19-21,Sevier,13147,18,11254,3,1893,15,12380,6,67162,44,79542,50,0,175,6,187,12,12785,0,280,175
04-19-21,Shelby,92991,83,86170,66,6821,17,106065,84,989223,1216,1095288,1300,4,1591,-83,1582,162,89818,6,3595,1601
04-19-21,Smith,2745,3,2058,0,687,3,2571,0,13752,9,16323,9,0,38,0,32,3,2675,0,59,39
04-19-21,Stewart,1306,0,990,0,316,0,1120,0,7008,10,8128,10,0,28,-1,10,1,1268,0,26,28
04-19-21,Sullivan,16175,30,14052,22,2123,8,15223,25,89941,132,105164,157,0,287,-22,453,52,15435,0,752,286
04-19-21,Sumner,23462,26,20757,19,2705,7,23482,20,123162,168,146644,188,1,342,-30,386,55,22734,2,711,344
04-19-21,Tipton,7214,3,5022,1,2192,2,6063,3,48179,58,54242,61,-1,103,-1,60,5,7051,1,161,100
04-19-21,Trousdale,2490,0,2333,0,157,0,2501,0,9265,8,11766,8,0,22,-4,11,4,2457,0,41,22
04-19-21,Unicoi,1944,4,1489,3,455,1,1639,3,13375,6,15014,9,0,49,-1,43,5,1852,0,67,49
04-19-21,Union,1863,3,1567,3,296,0,1689,3,10560,6,12249,9,0,34,1,15,2,1814,0,59,34
04-19-21,Van Buren,834,1,690,1,144,0,764,1,5325,1,6089,2,0,21,-3,6,4,807,0,22,23
04-19-21,Warren,5500,1,4684,0,816,1,5307,0,33375,32,38682,32,0,81,-5,26,6,5393,0,82,81
04-19-21,Washington,14161,22,12149,19,2012,3,13379,22,84425,83,97804,105,1,243,-35,380,56,13538,0,359,243
04-19-21,Wayne,2939,0,2366,0,573,0,2604,0,11333,4,13937,4,0,34,0,1,0,2904,0,61,34
04-19-21,Weakley,4024,6,2975,1,1049,5,3408,1,21810,7,25218,8,1,63,-4,46,9,3915,1,70,64
04-19-21,White,3544,5,2893,2,651,3,3533,3,22930,13,26463,16,0,68,-1,43,6,3433,0,111,69
04-19-21,Williamson,27530,22,23190,15,4340,7,25720,20,186461,246,212181,266,0,216,-29,430,51,26884,0,293,216
04-19-21,Wilson,18468,21,16610,21,1858,0,18861,28,107914,333,126775,361,0,229,-25,346,46,17893,0,335,230
04-18-21,Anderson,8602,8,6436,7,2166,1,7200,7,62543,45,69743,52,0,171,1,86,7,8345,0,214,170
04-18-21,Bedford,6416,7,5054,7,1362,0,5812,9,31880,30,37692,39,2,129,-1,117,6,6170,1,135,127
04-18-21,Benton,1626,0,1276,0,350,0,1411,0,9062,11,10473,11,0,40,-3,27,3,1559,0,37,40
04-18-21,Bledsoe,2095,0,1896,0,199,0,2011,0,15835,10,17846,10,0,11,0,13,0,2071,0,32,11
04-18-21,Blount,15137,7,12925,6,2212,1,14269,7,75617,77,89886,84,0,194,-11,169,18,14774,0,348,193
04-18-21,Bradley,14579,24,11919,24,2660,0,13521,28,66812,130,80333,158,0,147,6,359,18,14073,2,632,148
04-18-21,Campbell,4091,0,2250,0,1841,0,2528,0,24972,9,27500,9,0,62,-4,44,4,3985,0,128,63
04-18-21,Cannon,1889,0,1510,0,379,0,1684,1,9349,7,11033,8,0,31,-1,21,1,1837,0,37,31
04-18-21,Carroll,3560,1,2329,1,1231,0,2768,2,19611,6,22379,8,0,82,0,20,1,3458,1,81,83
04-18-21,Carter,6453,3,5621,3,832,0,6178,3,38027,31,44205,34,0,156,-8,161,11,6136,0,227,156
04-18-21,Cheatham,4447,3,3400,3,1047,0,3844,3,27559,34,31403,37,0,54,1,109,2,4284,0,90,54
04-18-21,Chester,2085,0,1504,0,581,0,1794,0,11815,4,13609,4,0,51,0,7,0,2027,0,41,51
04-18-21,Claiborne,3059,2,1955,1,1104,1,2095,1,24208,15,26303,16,0,73,-1,48,3,2938,0,93,73
04-18-21,Clay,1090,0,750,0,340,0,863,0,5640,1,6503,1,0,31,0,8,0,1051,0,25,30
04-18-21,Cocke,4426,1,2932,0,1494,1,3236,0,22218,10,25454,10,0,98,-1,50,2,4278,0,115,98
04-18-21,Coffee,6822,1,4722,1,2100,0,5768,1,45867,22,51635,23,0,121,0,76,1,6625,0,124,121
04-18-21,Crockett,2007,1,1209,1,798,0,1408,1,7341,2,8749,3,0,48,1,12,0,1947,0,30,48
04-18-21,Cumberland,6556,4,5417,4,1139,0,6213,6,48672,41,54885,47,0,127,-6,122,10,6307,0,157,129
04-18-21,Davidson,87765,68,82199,55,5566,13,99819,65,990988,1947,1090807,2012,1,924,4,1289,63,85552,0,1950,925
04-18-21,Decatur,1572,0,1167,0,405,0,1387,0,10977,2,12364,2,0,38,-1,4,1,1530,0,39,38
04-18-21,Dekalb,2755,1,2036,1,719,0,2352,1,17058,11,19410,12,0,53,1,20,0,2682,1,56,53
04-18-21,Dickson,6727,3,4864,3,1863,0,5739,6,35643,34,41382,40,0,109,-2,136,5,6482,0,121,109
04-18-21,Dyer,5355,1,3531,1,1824,0,3987,1,21859,8,25846,9,0,104,-3,25,4,5226,0,108,104
04-18-21,Fayette,4904,2,4195,2,709,0,5163,3,37896,33,43059,36,0,78,-3,73,5,4753,0,131,76
04-18-21,Fentress,2382,3,2058,3,324,0,2350,3,13204,6,15554,9,0,46,2,22,1,2314,0,63,47
04-18-21,Franklin,5077,0,4226,0,851,0,4946,0,38028,14,42974,14,0,88,0,54,0,4935,0,109,88
04-18-21,Gibson,6384,2,3853,2,2531,0,4666,3,29558,20,34224,23,0,144,-6,48,8,6192,0,112,145
04-18-21,Giles,3944,1,3247,1,697,0,3736,1,22981,19,26717,20,1,99,-1,50,1,3795,0,111,99
04-18-21,Grainger,2589,0,1922,0,667,0,2148,0,14038,9,16186,9,0,49,0,48,0,2492,0,70,50
04-18-21,Greene,7718,4,6130,4,1588,0,6868,4,50111,49,56979,53,0,152,-3,110,7,7456,0,187,152
04-18-21,Grundy,1778,0,1489,0,289,0,1705,0,9105,4,10810,4,0,33,-1,15,1,1730,0,61,33
04-18-21,Hamblen,8477,2,5921,1,2556,1,6649,3,46146,18,52795,21,1,171,-3,93,4,8213,1,258,171
04-18-21,Hamilton,43359,38,37257,33,6102,5,41770,36,320648,335,362418,371,2,485,9,569,27,42305,0,1154,487
04-18-21,Hancock,549,0,387,0,162,0,413,0,3869,3,4282,3,0,12,-1,14,1,523,0,20,12
04-18-21,Hardeman,3459,1,2791,1,668,0,3262,1,24979,18,28241,19,0,64,-1,21,2,3374,0,102,64
04-18-21,Hardin,3491,0,2366,0,1125,0,2812,0,23362,14,26174,14,0,66,-5,41,5,3384,0,65,66
04-18-21,Hawkins,5775,3,4694,3,1081,0,5067,3,34755,29,39822,32,0,106,-5,130,8,5539,0,149,106
04-18-21,Haywood,2678,0,2244,0,434,0,2563,0,13625,3,16188,3,0,61,0,8,0,2609,0,82,61
04-18-21,Henderson,3728,0,2591,0,1137,0,3240,0,16062,9,19302,9,0,75,-1,49,1,3604,0,78,76
04-18-21,Henry,3114,1,2408,1,706,0,2784,1,17835,13,20619,14,0,75,-2,26,3,3013,0,77,75
04-18-21,Hickman,2801,2,2259,2,542,0,2603,2,16576,14,19179,16,0,46,-2,30,4,2725,1,56,46
04-18-21,Houston,1082,0,816,0,266,0,935,0,10370,8,11305,8,0,33,-1,13,1,1036,0,40,33
04-18-21,Humphreys,1735,1,1111,1,624,0,1299,3,11695,12,12994,15,0,21,0,80,1,1634,0,34,21
04-18-21,Jackson,1296,0,1016,0,280,0,1185,0,5516,5,6701,5,0,35,-1,8,1,1253,0,39,35
04-18-21,Jefferson,6059,4,4168,2,1891,2,4711,2,39135,45,43846,47,0,121,0,75,4,5863,0,187,123
04-18-21,Johnson,2313,2,2028,2,285,0,2163,2,15397,16,17560,18,0,38,-1,68,3,2207,0,58,38
04-18-21,Knox,50042,37,41924,26,8118,11,45874,31,326048,362,371922,393,0,624,-14,634,51,48784,1,1355,626
04-18-21,Lake,1693,0,1504,0,189,0,1773,0,10059,3,11832,3,0,26,0,0,0,1667,0,25,26
04-18-21,Lauderdale,3135,0,2442,0,693,0,2804,1,21006,7,23810,8,0,44,-1,20,1,3071,0,83,43
04-18-21,Lawrence,5794,1,4522,1,1272,0,4976,1,29258,19,34234,20,0,86,-2,69,3,5639,0,148,86
04-18-21,Lewis,1557,1,1172,1,385,0,1269,1,9970,4,11239,5,0,26,-1,15,2,1516,0,43,26
04-18-21,Lincoln,4291,2,3317,2,974,0,3770,3,17696,15,21466,18,0,63,0,34,2,4194,0,83,61
04-18-21,Loudon,6017,0,4614,0,1403,0,5046,0,31291,23,36337,23,0,69,-6,63,6,5885,0,135,69
04-18-21,Macon,3576,0,2775,0,801,0,3259,0,16562,12,19821,12,0,77,-1,50,1,3449,0,126,77
04-18-21,Madison,10760,1,6017,1,4743,0,7306,3,55027,38,62333,41,0,241,-2,-259,3,10778,0,337,241
04-18-21,Marion,3093,2,2644,2,449,0,2954,2,19354,20,22308,22,0,46,1,16,1,3031,0,111,46
04-18-21,Marshall,4104,1,3241,1,863,0,3656,2,23109,17,26765,19,0,58,-2,49,3,3997,0,91,58
04-18-21,Maury,13196,11,11602,9,1594,2,12807,8,74458,87,87265,95,0,169,-3,212,14,12815,0,294,169
04-18-21,McMinn,6356,5,5645,3,711,2,6221,4,42810,36,49031,40,2,97,-6,104,9,6155,0,155,98
04-18-21,McNairy,2764,0,1964,0,800,0,2387,0,18135,12,20522,12,0,54,-1,4,1,2706,0,63,54
04-18-21,Meigs,1344,0,1211,0,133,0,1342,0,8072,10,9414,10,0,23,-1,20,1,1301,0,42,24
04-18-21,Monroe,5707,2,4506,2,1201,0,5058,3,27357,20,32415,23,0,95,-3,79,5,5533,0,155,95
04-18-21,Montgomery,19587,17,14440,17,5147,0,15855,20,117563,156,133418,176,0,224,-2,476,19,18887,0,304,224
04-18-21,Moore,1000,1,770,0,230,1,869,0,4866,4,5735,4,0,17,1,12,0,971,1,18,17
04-18-21,Morgan,2455,1,1802,1,653,0,1957,1,15235,14,17192,15,0,39,-1,34,2,2382,0,44,39
04-18-21,Obion,4496,0,3323,0,1173,0,3766,0,22616,15,26382,15,0,96,-5,34,5,4366,0,100,96
04-18-21,Out of State,17639,21,14025,12,3614,9,15858,13,631204,442,647062,455,0,95,12,233,9,17311,1,212,96
04-18-21,Overton,2967,1,2227,0,740,1,2619,0,15021,10,17640,10,1,61,0,23,0,2883,0,64,61
04-18-21,Pending,16519,3,10677,3,5842,0,11872,4,411394,370,423266,374,-1,132,-4,272,8,16115,0,139,132
04-18-21,Perry,1055,0,906,0,149,0,1019,0,6103,5,7122,5,0,28,0,1,0,1026,0,28,28
04-18-21,Pickett,753,0,497,0,256,0,599,0,3921,0,4520,0,0,24,0,1,0,728,0,28,24
04-18-21,Polk,1998,0,1798,0,200,0,1988,1,9503,18,11491,19,0,24,-4,52,4,1922,0,85,24
04-18-21,Putnam,11146,2,9099,2,2047,0,10905,2,72046,25,82951,27,0,173,-6,105,8,10868,0,207,173
04-18-21,Rhea,4308,1,3730,1,578,0,4173,1,26841,15,31014,16,0,75,-4,27,5,4206,0,83,75
04-18-21,Roane,6185,5,4775,2,1410,3,5319,2,43179,29,48498,31,0,102,3,64,2,6019,1,150,102
04-18-21,Robertson,9593,1,7522,1,2071,0,8468,1,43898,40,52366,41,0,130,0,118,1,9345,0,424,129
04-18-21,Rutherford,42253,27,36122,18,6131,9,41966,26,240340,265,282306,291,0,420,-18,692,45,41141,0,590,422
04-18-21,Scott,3046,0,1679,0,1367,0,1795,0,11544,5,13339,5,0,45,-6,26,6,2975,0,64,45
04-18-21,Sequatchie,1667,2,1307,0,360,2,1426,0,11850,5,13276,5,0,28,1,20,1,1619,0,39,29
04-18-21,Sevier,13129,9,11251,7,1878,2,12374,8,67118,91,79492,99,1,175,-4,181,12,12773,0,280,175
04-18-21,Shelby,92908,91,86104,84,6804,7,105981,112,988007,1233,1093988,1345,0,1587,7,1665,84,89656,3,3589,1599
04-18-21,Smith,2742,1,2058,1,684,0,2571,1,13743,13,16314,14,0,38,-2,32,3,2672,0,59,39
04-18-21,Stewart,1306,0,990,0,316,0,1120,0,6998,51,8118,51,0,28,-2,11,2,1267,0,26,28
04-18-21,Sullivan,16145,46,14030,45,2115,1,15198,44,89809,138,105007,182,0,287,9,475,37,15383,1,752,286
04-18-21,Sumner,23436,17,20738,16,2698,1,23462,19,122994,156,146456,175,3,341,-7,416,21,22679,1,709,342
04-18-21,Tipton,7211,1,5021,1,2190,0,6060,1,48121,49,54181,50,1,104,-3,61,3,7046,0,160,100
04-18-21,Trousdale,2490,1,2333,1,157,0,2501,1,9257,10,11758,11,0,22,1,15,0,2453,0,41,22
04-18-21,Unicoi,1940,0,1486,0,454,0,1636,0,13369,10,15005,10,0,49,-4,44,4,1847,0,67,49
04-18-21,Union,1860,0,1564,0,296,0,1686,0,10554,16,12240,16,0,34,-2,14,2,1812,0,59,34
04-18-21,Van Buren,833,0,689,0,144,0,763,0,5324,0,6087,0,0,21,0,9,0,803,0,22,21
04-18-21,Warren,5499,2,4684,2,815,0,5307,2,33343,30,38650,32,0,81,1,31,1,5387,0,82,81
04-18-21,Washington,14139,8,12130,8,2009,0,13357,9,84342,107,97699,116,0,242,-22,415,30,13482,0,359,242
04-18-21,Wayne,2939,0,2366,0,573,0,2604,0,11329,6,13933,6,0,34,0,1,0,2904,0,61,34
04-18-21,Weakley,4018,2,2974,2,1044,0,3407,3,21803,7,25210,10,0,62,-4,50,6,3906,0,69,64
04-18-21,White,3539,2,2891,2,648,0,3530,2,22917,16,26447,18,0,68,0,44,2,3427,0,111,69
04-18-21,Williamson,27508,23,23175,19,4333,4,25700,21,186215,230,211915,251,2,216,5,459,16,26833,0,293,216
04-18-21,Wilson,18447,13,16589,12,1858,1,18833,17,107581,159,126414,176,1,229,-5,371,17,17847,0,335,230
04-17-21,Anderson,8594,5,6429,3,2165,2,7193,4,62498,66,69691,70,0,171,0,85,5,8338,0,214,170
04-17-21,Bedford,6409,3,5047,2,1362,1,5803,2,31850,43,37653,45,0,127,-3,118,6,6164,0,134,127
04-17-21,Benton,1626,2,1276,2,350,0,1411,2,9051,5,10462,7,0,40,1,30,1,1556,0,37,40
04-17-21,Bledsoe,2095,0,1896,0,199,0,2011,0,15825,36,17836,36,0,11,-1,13,1,2071,0,32,11
04-17-21,Blount,15130,7,12919,5,2211,2,14262,6,75540,115,89802,121,0,194,-7,180,14,14756,0,348,193
04-17-21,Bradley,14555,20,11895,14,2660,6,13493,16,66682,80,80175,96,0,147,5,353,15,14055,1,630,147
04-17-21,Campbell,4091,1,2250,0,1841,1,2528,0,24963,16,27491,16,0,62,-1,48,2,3981,0,128,63
04-17-21,Cannon,1889,0,1510,0,379,0,1683,1,9342,17,11025,18,0,31,-3,22,3,1836,0,37,31
04-17-21,Carroll,3559,0,2328,0,1231,0,2766,0,19605,13,22371,13,0,82,-2,20,2,3457,0,80,82
04-17-21,Carter,6450,10,5618,10,832,0,6175,10,37996,104,44171,114,0,156,1,169,9,6125,1,227,156
04-17-21,Cheatham,4444,5,3397,4,1047,1,3841,4,27525,33,31366,37,0,54,-2,108,7,4282,0,90,54
04-17-21,Chester,2085,0,1504,0,581,0,1794,0,11811,6,13605,6,0,51,-1,7,1,2027,0,41,51
04-17-21,Claiborne,3057,4,1954,2,1103,2,2094,2,24193,36,26287,38,0,73,2,49,2,2935,0,93,73
04-17-21,Clay,1090,1,750,1,340,0,863,1,5639,4,6502,5,0,31,0,8,1,1051,0,25,30
04-17-21,Cocke,4425,2,2932,2,1493,0,3236,2,22208,9,25444,11,0,98,-1,51,3,4276,0,115,98
04-17-21,Coffee,6821,4,4721,2,2100,2,5767,1,45845,45,51612,46,0,121,0,76,4,6624,1,124,121
04-17-21,Crockett,2006,0,1208,0,798,0,1407,0,7339,4,8746,4,0,48,0,11,0,1947,0,30,48
04-17-21,Cumberland,6552,6,5413,6,1139,0,6207,6,48631,106,54838,112,0,127,-3,128,9,6297,0,157,129
04-17-21,Davidson,87697,91,82144,80,5553,11,99754,95,989041,2498,1088795,2593,0,923,18,1285,73,85489,0,1950,925
04-17-21,Decatur,1572,0,1167,0,405,0,1387,0,10975,4,12362,4,0,38,-2,5,2,1529,0,39,38
04-17-21,Dekalb,2754,3,2035,3,719,0,2351,3,17047,16,19398,19,0,53,3,19,0,2682,0,55,53
04-17-21,Dickson,6724,1,4861,1,1863,0,5733,2,35609,51,41342,53,0,109,-7,138,8,6477,0,121,109
04-17-21,Dyer,5354,0,3530,0,1824,0,3986,0,21851,14,25837,14,0,104,0,28,0,5222,0,108,104
04-17-21,Fayette,4902,3,4193,3,709,0,5160,3,37863,67,43023,70,1,78,-2,76,4,4748,0,131,76
04-17-21,Fentress,2379,0,2055,0,324,0,2347,0,13198,3,15545,3,0,46,0,20,0,2313,0,63,47
04-17-21,Franklin,5077,2,4226,1,851,1,4946,1,38014,23,42960,24,0,88,-2,54,4,4935,0,109,88
04-17-21,Gibson,6382,8,3851,7,2531,1,4663,8,29538,32,34201,40,0,144,2,54,6,6184,0,112,145
04-17-21,Giles,3943,0,3246,0,697,0,3735,0,22962,17,26697,17,0,98,-5,51,5,3794,0,111,99
04-17-21,Grainger,2589,3,1922,1,667,2,2148,1,14029,17,16177,18,0,49,0,48,3,2492,0,70,50
04-17-21,Greene,7714,3,6126,3,1588,0,6864,5,50062,72,56926,77,0,152,-7,113,10,7449,0,187,152
04-17-21,Grundy,1778,1,1489,1,289,0,1705,1,9101,10,10806,11,0,33,-1,16,2,1729,1,61,33
04-17-21,Hamblen,8475,8,5920,5,2555,3,6646,5,46128,39,52774,44,0,170,6,96,2,8209,1,257,171
04-17-21,Hamilton,43321,26,37224,17,6097,9,41734,22,320313,354,362047,376,0,483,-6,560,32,42278,0,1154,486
04-17-21,Hancock,549,0,387,0,162,0,413,0,3866,3,4279,3,0,12,0,15,0,522,0,20,12
04-17-21,Hardeman,3458,1,2790,1,668,0,3261,1,24961,31,28222,32,0,64,1,22,0,3372,0,102,64
04-17-21,Hardin,3491,0,2366,0,1125,0,2812,0,23348,31,26160,31,0,66,-3,46,3,3379,0,65,66
04-17-21,Hawkins,5772,2,4691,2,1081,0,5064,3,34726,60,39790,63,0,106,-8,135,10,5531,0,149,106
04-17-21,Haywood,2678,1,2244,1,434,0,2563,1,13622,5,16185,6,0,61,1,8,0,2609,0,82,61
04-17-21,Henderson,3728,1,2591,1,1137,0,3240,1,16053,13,19293,14,0,75,-3,50,4,3603,0,78,76
04-17-21,Henry,3113,2,2407,2,706,0,2783,2,17822,12,20605,14,0,75,-2,28,4,3010,0,77,75
04-17-21,Hickman,2799,2,2257,1,542,1,2601,1,16562,23,19163,24,0,46,2,32,0,2721,0,55,46
04-17-21,Houston,1082,0,816,0,266,0,935,0,10362,4,11297,4,0,33,0,14,0,1035,0,40,33
04-17-21,Humphreys,1734,1,1110,1,624,0,1296,2,11683,21,12979,23,0,21,-4,80,5,1633,0,34,21
04-17-21,Jackson,1296,2,1016,2,280,0,1185,2,5511,5,6696,7,0,35,2,9,0,1252,0,39,35
04-17-21,Jefferson,6055,2,4166,0,1889,2,4709,2,39090,41,43799,43,0,121,-6,75,8,5859,0,187,123
04-17-21,Johnson,2311,4,2026,4,285,0,2161,4,15381,21,17542,25,0,38,-3,69,7,2204,0,58,38
04-17-21,Knox,50005,35,41898,16,8107,19,45843,21,325686,333,371529,354,0,624,-25,648,60,48733,1,1354,625
04-17-21,Lake,1693,0,1504,0,189,0,1773,0,10056,3,11829,3,0,26,0,0,0,1667,0,25,26
04-17-21,Lauderdale,3135,0,2442,0,693,0,2803,0,20999,21,23802,21,0,44,-1,21,1,3070,0,83,43
04-17-21,Lawrence,5793,4,4521,4,1272,0,4975,4,29239,42,34214,46,0,86,2,71,2,5636,0,148,86
04-17-21,Lewis,1556,0,1171,0,385,0,1268,0,9966,6,11234,6,0,26,-2,16,2,1514,0,43,26
04-17-21,Lincoln,4289,4,3315,4,974,0,3767,3,17681,16,21448,19,0,63,0,34,4,4192,0,83,61
04-17-21,Loudon,6017,2,4614,1,1403,1,5046,2,31268,19,36314,21,0,69,-4,69,6,5879,0,135,69
04-17-21,Macon,3576,1,2775,1,801,0,3259,1,16550,35,19809,36,0,77,-1,51,2,3448,0,126,77
04-17-21,Madison,10759,4,6016,4,4743,0,7303,5,54989,68,62292,73,0,241,-1,-257,5,10775,0,337,241
04-17-21,Marion,3091,1,2642,1,449,0,2952,1,19334,14,22286,15,0,46,0,15,1,3030,0,111,46
04-17-21,Marshall,4103,3,3240,2,863,1,3654,1,23092,17,26746,18,0,58,-3,51,6,3994,1,91,58
04-17-21,Maury,13185,11,11593,10,1592,1,12799,11,74371,77,87170,88,0,169,1,215,10,12801,1,294,168
04-17-21,McMinn,6351,5,5642,4,709,1,6217,3,42774,42,48991,45,0,95,1,110,4,6146,0,155,98
04-17-21,McNairy,2764,0,1964,0,800,0,2387,0,18123,10,20510,10,0,54,0,5,0,2705,0,63,54
04-17-21,Meigs,1344,1,1211,1,133,0,1342,1,8062,7,9404,8,0,23,1,21,0,1300,0,42,24
04-17-21,Monroe,5705,2,4504,2,1201,0,5055,2,27337,25,32392,27,0,95,-7,82,9,5528,0,155,95
04-17-21,Montgomery,19570,30,14423,26,5147,4,15835,26,117407,223,133242,249,0,224,-8,478,38,18868,1,304,224
04-17-21,Moore,999,1,770,1,229,0,869,1,4862,2,5731,3,0,17,1,11,0,971,0,17,17
04-17-21,Morgan,2454,1,1801,1,653,0,1956,1,15221,8,17177,9,0,39,-1,35,2,2380,0,44,39
04-17-21,Obion,4496,1,3323,1,1173,0,3766,2,22601,29,26367,31,0,96,-2,39,3,4361,0,100,96
04-17-21,Out of State,17618,13,14013,10,3605,3,15845,10,630762,759,646607,769,0,95,0,221,13,17302,0,211,96
04-17-21,Overton,2966,0,2227,0,739,0,2619,0,15011,10,17630,10,0,60,-2,23,2,2883,0,64,61
04-17-21,Pending,16516,4,10674,3,5842,1,11868,4,411024,603,422892,607,-1,133,-10,276,15,16107,0,139,132
04-17-21,Perry,1055,0,906,0,149,0,1019,0,6098,5,7117,5,0,28,0,1,0,1026,0,28,28
04-17-21,Pickett,753,0,497,0,256,0,599,0,3921,3,4520,3,0,24,0,1,0,728,0,28,24
04-17-21,Polk,1998,6,1798,4,200,2,1987,4,9485,13,11472,17,0,24,5,56,1,1918,0,85,24
04-17-21,Putnam,11144,1,9097,1,2047,0,10903,1,72021,30,82924,31,0,173,-4,111,5,10860,0,207,173
04-17-21,Rhea,4307,1,3729,1,578,0,4172,1,26826,42,30998,43,0,75,-2,31,3,4201,0,83,75
04-17-21,Roane,6180,0,4773,0,1407,0,5317,1,43150,40,48467,41,0,102,-2,61,2,6017,0,149,102
04-17-21,Robertson,9592,9,7521,8,2071,1,8467,8,43858,76,52325,84,0,130,0,118,9,9344,0,424,129
04-17-21,Rutherford,42226,60,36104,36,6122,24,41940,42,240075,474,282015,516,0,420,14,710,46,41096,0,590,422
04-17-21,Scott,3046,1,1679,1,1367,0,1795,1,11539,11,13334,12,0,45,-5,32,6,2969,0,64,45
04-17-21,Sequatchie,1665,0,1307,0,358,0,1426,0,11845,11,13271,11,0,28,-2,19,2,1618,0,39,29
04-17-21,Sevier,13120,7,11244,4,1876,3,12366,4,67027,76,79393,80,0,174,0,185,7,12761,0,280,175
04-17-21,Shelby,92817,156,86020,142,6797,14,105869,174,986774,2357,1092643,2531,-1,1587,73,1658,84,89572,6,3586,1597
04-17-21,Smith,2741,1,2057,1,684,0,2570,1,13730,14,16300,15,0,38,0,34,1,2669,0,59,38
04-17-21,Stewart,1306,0,990,0,316,0,1120,0,6947,10,8067,10,0,28,0,13,0,1265,0,26,28
04-17-21,Sullivan,16099,19,13985,19,2114,0,15154,22,89671,265,104825,287,0,287,0,466,19,15346,0,751,286
04-17-21,Sumner,23419,19,20722,15,2697,4,23443,22,122838,263,146281,285,0,338,-8,423,27,22658,1,708,342
04-17-21,Tipton,7210,6,5020,6,2190,0,6059,6,48072,78,54131,84,1,103,-4,64,9,7043,0,160,100
04-17-21,Trousdale,2489,0,2332,0,157,0,2500,0,9247,8,11747,8,0,22,-3,14,3,2453,0,41,22
04-17-21,Unicoi,1940,0,1486,0,454,0,1636,0,13359,10,14995,10,0,49,-5,48,5,1843,0,67,49
04-17-21,Union,1860,3,1564,2,296,1,1686,2,10538,7,12224,9,0,34,0,16,3,1810,1,59,34
04-17-21,Van Buren,833,0,689,0,144,0,763,0,5324,2,6087,2,0,21,-1,9,1,803,0,22,21
04-17-21,Warren,5497,0,4682,0,815,0,5305,0,33313,29,38618,29,0,81,-1,30,1,5386,0,82,81
04-17-21,Washington,14131,15,12122,15,2009,0,13348,18,84235,145,97583,163,0,242,-11,437,26,13452,0,359,241
04-17-21,Wayne,2939,0,2366,0,573,0,2604,0,11323,4,13927,4,0,34,0,1,0,2904,0,61,34
04-17-21,Weakley,4016,2,2972,2,1044,0,3404,4,21796,25,25200,29,0,62,-3,54,5,3900,0,69,63
04-17-21,White,3537,0,2889,0,648,0,3528,0,22901,20,26429,20,0,68,-1,44,1,3425,0,111,69
04-17-21,Williamson,27485,20,23156,19,4329,1,25679,18,185985,311,211664,329,0,214,-17,454,37,26817,0,293,216
04-17-21,Wilson,18434,20,16577,16,1857,4,18816,21,107422,213,126238,234,1,228,1,376,18,17830,0,335,230
04-16-21,Anderson,8589,14,6426,12,2163,2,7189,14,62432,152,69621,166,0,171,6,85,8,8333,0,214,170
04-16-21,Bedford,6406,10,5045,10,1361,0,5801,12,31807,83,37608,95,0,127,3,121,7,6158,0,134,127
04-16-21,Benton,1624,0,1274,0,350,0,1409,0,9046,23,10455,23,0,40,-3,29,3,1555,0,37,40
04-16-21,Bledsoe,2095,3,1896,3,199,0,2011,3,15789,23,17800,26,0,11,-1,14,4,2070,0,32,11
04-16-21,Blount,15123,197,12914,193,2209,4,14256,258,75425,1361,89681,1619,0,194,185,187,12,14742,2,348,193
04-16-21,Bradley,14535,39,11881,33,2654,6,13477,37,66602,261,80079,298,0,147,16,348,23,14040,7,629,147
04-16-21,Campbell,4090,11,2250,3,1840,8,2528,3,24947,38,27475,41,0,62,6,49,5,3979,0,128,63
04-16-21,Cannon,1889,1,1510,1,379,0,1682,1,9325,22,11007,23,0,31,-3,25,4,1833,0,37,31
04-16-21,Carroll,3559,3,2328,1,1231,2,2766,1,19592,59,22358,60,0,82,2,22,1,3455,0,80,82
04-16-21,Carter,6440,9,5608,9,832,0,6165,11,37892,137,44057,148,0,156,-5,168,14,6116,0,226,156
04-16-21,Cheatham,4439,18,3393,18,1046,0,3837,19,27492,136,31329,155,0,54,10,110,8,4275,0,90,54
04-16-21,Chester,2085,1,1504,1,581,0,1794,2,11805,5,13599,7,0,51,-1,8,2,2026,0,41,51
04-16-21,Claiborne,3053,2,1952,1,1101,1,2092,1,24157,97,26249,98,0,73,-2,47,4,2933,1,93,73
04-16-21,Clay,1089,0,749,0,340,0,862,0,5635,4,6497,4,0,31,0,8,0,1050,0,25,30
04-16-21,Cocke,4423,3,2930,2,1493,1,3234,3,22199,44,25433,47,0,98,-2,52,5,4273,0,115,98
04-16-21,Coffee,6817,5,4719,5,2098,0,5766,7,45800,85,51566,92,0,121,-5,76,10,6620,0,123,121
04-16-21,Crockett,2006,0,1208,0,798,0,1407,0,7335,5,8742,5,0,48,0,11,0,1947,0,30,48
04-16-21,Cumberland,6546,4,5407,3,1139,1,6201,10,48525,59,54726,69,0,127,-3,131,7,6288,0,157,129
04-16-21,Davidson,87606,562,82064,550,5542,12,99659,668,986543,4232,1086202,4900,0,923,463,1267,99,85416,0,1950,925
04-16-21,Decatur,1572,0,1167,0,405,0,1387,0,10971,16,12358,16,0,38,0,7,0,1527,0,39,38
04-16-21,Dekalb,2751,3,2032,3,719,0,2348,3,17031,37,19379,40,0,53,3,16,0,2682,0,55,53
04-16-21,Dickson,6723,10,4860,9,1863,1,5731,9,35558,99,41289,108,0,109,3,145,7,6469,1,121,109
04-16-21,Dyer,5354,2,3530,0,1824,2,3986,0,21837,32,25823,32,0,104,-4,28,6,5222,0,108,104
04-16-21,Fayette,4899,6,4190,6,709,0,5157,7,37796,84,42953,91,0,77,3,78,3,4744,0,131,76
04-16-21,Fentress,2379,1,2055,1,324,0,2347,1,13195,15,15542,16,0,46,1,20,0,2313,0,63,46
04-16-21,Franklin,5075,1,4225,1,850,0,4945,1,37991,33,42936,34,0,88,-3,56,4,4931,0,109,88
04-16-21,Gibson,6374,6,3844,4,2530,2,4655,4,29506,44,34161,48,0,144,2,52,4,6178,0,112,145
04-16-21,Giles,3943,15,3246,14,697,1,3735,18,22945,68,26680,86,0,98,10,56,5,3789,0,111,98
04-16-21,Grainger,2586,8,1921,7,665,1,2147,6,14012,39,16159,45,0,49,7,48,1,2489,0,70,50
04-16-21,Greene,7711,19,6123,17,1588,2,6859,17,49990,124,56849,141,0,152,8,120,11,7439,0,187,152
04-16-21,Grundy,1777,6,1488,6,289,0,1704,7,9091,15,10795,22,1,33,5,17,0,1727,0,60,33
04-16-21,Hamblen,8467,14,5915,10,2552,4,6641,9,46089,92,52730,101,0,170,8,90,6,8207,0,256,171
04-16-21,Hamilton,43295,88,37207,76,6088,12,41712,175,319959,1440,361671,1615,2,483,40,566,46,42246,2,1154,486
04-16-21,Hancock,549,2,387,0,162,2,413,0,3863,9,4276,9,0,12,1,15,1,522,0,20,12
04-16-21,Hardeman,3457,3,2789,2,668,1,3260,4,24930,33,28190,37,1,64,-1,21,3,3372,1,102,64
04-16-21,Hardin,3491,6,2366,6,1125,0,2812,8,23317,36,26129,44,0,66,4,49,2,3376,0,65,66
04-16-21,Hawkins,5770,15,4689,13,1081,2,5061,15,34666,86,39727,101,0,106,9,143,6,5521,0,149,106
04-16-21,Haywood,2677,0,2243,0,434,0,2562,0,13617,17,16179,17,0,61,-1,7,1,2609,0,82,61
04-16-21,Henderson,3727,7,2590,7,1137,0,3239,7,16040,30,19279,37,0,75,5,53,2,3599,0,78,76
04-16-21,Henry,3111,4,2405,3,706,1,2781,3,17810,29,20591,32,0,75,3,30,1,3006,1,77,75
04-16-21,Hickman,2797,4,2256,4,541,0,2600,4,16539,26,19139,30,1,46,-2,30,5,2721,0,55,46
04-16-21,Houston,1082,1,816,1,266,0,935,2,10358,21,11293,23,0,33,-1,14,2,1035,0,40,33
04-16-21,Humphreys,1733,3,1109,3,624,0,1294,4,11662,24,12956,28,0,21,-2,84,5,1628,0,34,21
04-16-21,Jackson,1294,1,1014,1,280,0,1183,1,5506,15,6689,16,0,35,1,7,0,1252,0,39,35
04-16-21,Jefferson,6053,11,4166,8,1887,3,4707,9,39049,60,43756,69,0,121,3,81,8,5851,0,187,122
04-16-21,Johnson,2307,8,2022,8,285,0,2157,9,15360,42,17517,51,0,38,7,72,1,2197,0,58,38
04-16-21,Knox,49970,347,41882,331,8088,16,45822,377,325353,2101,371175,2478,1,624,285,673,61,48673,4,1353,625
04-16-21,Lake,1693,0,1504,0,189,0,1773,0,10053,5,11826,5,0,26,-1,0,1,1667,0,25,26
04-16-21,Lauderdale,3135,3,2442,3,693,0,2803,3,20978,29,23781,32,0,44,0,22,3,3069,0,83,43
04-16-21,Lawrence,5789,16,4517,10,1272,6,4971,11,29197,70,34168,81,0,86,10,69,6,5634,0,148,86
04-16-21,Lewis,1556,0,1171,0,385,0,1268,1,9960,11,11228,12,0,26,-1,18,1,1512,0,43,26
04-16-21,Lincoln,4285,7,3311,7,974,0,3764,8,17665,60,21429,68,0,63,2,34,5,4188,0,83,61
04-16-21,Loudon,6015,13,4613,13,1402,0,5044,13,31249,100,36293,113,0,69,7,73,6,5873,0,135,69
04-16-21,Macon,3575,4,2774,3,801,1,3258,4,16515,53,19773,57,1,77,1,52,2,3446,1,126,77
04-16-21,Madison,10755,13,6012,9,4743,4,7298,9,54921,76,62219,85,1,241,7,-256,5,10770,0,337,241
04-16-21,Marion,3090,11,2641,11,449,0,2951,23,19320,107,22271,130,0,46,10,15,1,3029,0,111,46
04-16-21,Marshall,4100,5,3238,4,862,1,3653,5,23075,66,26728,71,0,58,3,54,2,3988,0,90,58
04-16-21,Maury,13174,168,11583,168,1591,0,12788,187,74294,825,87082,1012,1,169,144,214,23,12791,1,293,168
04-16-21,McMinn,6346,11,5638,9,708,2,6214,11,42732,59,48946,70,0,95,6,109,5,6142,0,155,98
04-16-21,McNairy,2764,1,1964,1,800,0,2387,2,18113,34,20500,36,0,54,0,5,1,2705,0,63,54
04-16-21,Meigs,1343,3,1210,1,133,2,1341,1,8055,8,9396,9,0,23,3,20,0,1300,0,42,24
04-16-21,Monroe,5703,7,4502,6,1201,1,5053,6,27312,75,32365,81,0,95,-2,89,9,5519,0,155,95
04-16-21,Montgomery,19540,496,14397,483,5143,13,15809,530,117184,2300,132993,2830,0,224,466,486,30,18830,0,303,224
04-16-21,Moore,998,2,769,1,229,1,868,1,4860,8,5728,9,0,17,2,10,0,971,1,17,17
04-16-21,Morgan,2453,2,1800,1,653,1,1955,1,15213,21,17168,22,0,39,0,36,2,2378,0,44,39
04-16-21,Obion,4495,1,3322,1,1173,0,3764,2,22572,34,26336,36,0,96,-1,41,2,4358,0,100,96
04-16-21,Out of State,17605,23,14003,16,3602,7,15835,26,630003,1511,645838,1537,-3,95,6,221,20,17289,0,211,96
04-16-21,Overton,2966,4,2227,3,739,1,2619,4,15001,29,17620,33,0,60,2,25,2,2881,0,64,61
04-16-21,Pending,16512,133,10671,126,5841,7,11864,145,410421,2149,422285,2294,0,134,120,286,13,16092,0,139,131
04-16-21,Perry,1055,0,906,0,149,0,1019,0,6093,9,7112,9,0,28,0,1,0,1026,0,28,28
04-16-21,Pickett,753,0,497,0,256,0,599,0,3918,32,4517,32,0,24,0,1,0,728,0,28,24
04-16-21,Polk,1992,5,1794,5,198,0,1983,6,9472,25,11455,31,0,24,3,51,2,1917,1,85,24
04-16-21,Putnam,11143,16,9096,16,2047,0,10902,20,71991,141,82893,161,0,173,7,115,9,10855,0,207,173
04-16-21,Rhea,4306,7,3728,7,578,0,4171,8,26784,54,30955,62,0,75,4,33,3,4198,0,83,75
04-16-21,Roane,6180,12,4773,11,1407,1,5316,12,43110,80,48426,92,0,102,11,63,1,6015,0,149,102
04-16-21,Robertson,9583,31,7513,24,2070,7,8459,27,43782,148,52241,175,3,130,16,118,12,9335,0,424,129
04-16-21,Rutherford,42166,409,36068,390,6098,19,41898,447,239601,2356,281499,2803,0,420,348,696,61,41050,0,590,421
04-16-21,Scott,3045,0,1678,0,1367,0,1794,0,11528,39,13322,39,0,45,-3,37,3,2963,0,64,45
04-16-21,Sequatchie,1665,2,1307,2,358,0,1426,2,11834,20,13260,22,0,28,-3,21,5,1616,1,39,29
04-16-21,Sevier,13113,33,11240,23,1873,10,12362,26,66951,164,79313,190,0,174,19,185,14,12754,0,280,175
04-16-21,Shelby,92661,146,85878,123,6783,23,105695,154,984417,2812,1090112,2966,3,1588,47,1585,96,89488,6,3580,1596
04-16-21,Smith,2740,4,2056,4,684,0,2569,5,13716,41,16285,46,0,38,1,34,3,2668,0,59,38
04-16-21,Stewart,1306,8,990,7,316,1,1120,10,6937,38,8057,48,0,28,7,13,1,1265,0,26,28
04-16-21,Sullivan,16080,46,13966,44,2114,2,15132,47,89406,303,104538,350,0,287,4,466,42,15327,3,751,286
04-16-21,Sumner,23400,304,20707,296,2693,8,23421,340,122575,1207,145996,1547,-1,338,265,431,40,22631,2,707,340
04-16-21,Tipton,7204,5,5014,3,2190,2,6053,3,47994,111,54047,114,0,102,3,68,2,7034,0,160,100
04-16-21,Trousdale,2489,4,2332,4,157,0,2500,5,9239,21,11739,26,0,22,4,17,0,2450,0,41,22
04-16-21,Unicoi,1940,4,1486,4,454,0,1636,4,13349,32,14985,36,0,49,-1,53,5,1838,0,67,49
04-16-21,Union,1857,2,1562,2,295,0,1684,2,10531,20,12215,22,0,34,-2,16,4,1807,0,58,34
04-16-21,Van Buren,833,0,689,0,144,0,763,0,5322,7,6085,7,0,21,-1,10,1,802,0,22,21
04-16-21,Warren,5497,4,4682,4,815,0,5305,4,33284,71,38589,75,0,81,-1,31,5,5385,0,82,81
04-16-21,Washington,14116,32,12107,32,2009,0,13330,32,84090,267,97420,299,0,242,2,448,30,13426,0,359,241
04-16-21,Wayne,2939,2,2366,2,573,0,2604,2,11319,9,13923,11,0,34,0,1,2,2904,0,61,34
04-16-21,Weakley,4014,3,2970,3,1044,0,3400,4,21771,20,25171,24,0,62,0,57,3,3895,1,69,63
04-16-21,White,3537,2,2889,2,648,0,3528,3,22881,29,26409,32,0,68,-2,45,4,3424,0,111,69
04-16-21,Williamson,27465,274,23137,266,4328,8,25661,301,185674,1707,211335,2008,0,214,236,471,38,26780,0,293,215
04-16-21,Wilson,18414,466,16561,459,1853,7,18795,494,107209,1959,126004,2453,3,227,439,375,24,17812,1,335,229
04-15-21,Anderson,8575,9,6414,5,2161,4,7175,5,62280,81,69455,86,0,171,5,79,4,8325,0,214,170
04-15-21,Bedford,6396,16,5035,11,1361,5,5789,12,31724,61,37513,73,1,127,0,118,15,6151,1,134,126
04-15-21,Benton,1624,1,1274,0,350,1,1409,0,9023,6,10432,6,0,40,-5,32,6,1552,0,37,40
04-15-21,Bledsoe,2092,2,1893,2,199,0,2008,2,15766,14,17774,16,0,11,0,15,2,2066,0,32,11
04-15-21,Blount,14926,23,12721,17,2205,6,13998,17,74064,147,88062,164,0,194,2,2,21,14730,2,346,193
04-15-21,Bradley,14496,47,11848,32,2648,15,13440,38,66341,175,79781,213,0,147,13,332,34,14017,3,622,147
04-15-21,Campbell,4079,2,2247,2,1832,0,2525,2,24909,18,27434,20,0,62,-6,43,8,3974,0,128,63
04-15-21,Cannon,1888,3,1509,2,379,1,1681,2,9303,28,10984,30,0,31,1,28,2,1829,0,37,31
04-15-21,Carroll,3556,2,2327,1,1229,1,2765,1,19533,21,22298,22,0,82,-2,20,4,3454,0,80,82
04-15-21,Carter,6431,14,5599,8,832,6,6154,10,37755,65,43909,75,0,156,8,173,6,6102,0,226,156
04-15-21,Cheatham,4421,7,3375,5,1046,2,3818,6,27356,69,31174,75,1,54,-2,100,8,4267,0,90,54
04-15-21,Chester,2084,1,1503,1,581,0,1792,2,11800,71,13592,73,0,51,1,9,0,2024,0,41,51
04-15-21,Claiborne,3051,7,1951,1,1100,6,2091,1,24060,29,26151,30,0,73,2,49,5,2929,0,92,73
04-15-21,Clay,1089,0,749,0,340,0,862,0,5631,4,6493,4,0,31,-1,8,1,1050,0,25,30
04-15-21,Cocke,4420,2,2928,1,1492,1,3231,1,22155,39,25386,40,0,98,-1,54,3,4268,0,115,98
04-15-21,Coffee,6812,3,4714,3,2098,0,5759,3,45715,46,51474,49,0,121,-7,81,10,6610,1,123,121
04-15-21,Crockett,2006,2,1208,1,798,1,1407,1,7330,9,8737,10,0,48,2,11,0,1947,0,30,48
04-15-21,Cumberland,6542,18,5404,9,1138,9,6191,11,48466,107,54657,118,0,127,4,134,14,6281,1,157,129
04-15-21,Davidson,87044,120,81514,103,5530,17,98991,111,982311,4476,1081302,4587,-1,923,-25,804,146,85317,1,1950,925
04-15-21,Decatur,1572,1,1167,0,405,1,1387,0,10955,3,12342,3,0,38,-1,7,2,1527,0,39,38
04-15-21,Dekalb,2748,2,2029,1,719,1,2345,1,16994,19,19339,20,0,53,1,13,1,2682,0,55,53
04-15-21,Dickson,6713,17,4851,13,1862,4,5722,12,35459,69,41181,81,0,109,0,142,17,6462,1,120,109
04-15-21,Dyer,5352,6,3530,1,1822,5,3986,1,21805,33,25791,34,0,104,5,32,1,5216,0,108,104
04-15-21,Fayette,4893,13,4184,4,709,9,5150,9,37712,62,42862,71,-1,77,8,75,6,4741,0,131,76
04-15-21,Fentress,2378,3,2054,3,324,0,2346,3,13180,7,15526,10,0,46,0,19,3,2313,0,63,46
04-15-21,Franklin,5074,8,4224,7,850,1,4944,7,37958,31,42902,38,0,88,6,59,2,4927,1,109,88
04-15-21,Gibson,6368,4,3840,2,2528,2,4651,3,29462,75,34113,78,0,144,1,50,3,6174,1,112,144
04-15-21,Giles,3928,2,3232,1,696,1,3717,2,22877,28,26594,30,0,98,-7,46,9,3784,0,111,98
04-15-21,Grainger,2578,6,1914,4,664,2,2141,4,13973,3,16114,7,0,49,3,41,3,2488,1,70,50
04-15-21,Greene,7692,12,6106,10,1586,2,6842,10,49866,169,56708,179,0,152,-6,112,18,7428,0,187,152
04-15-21,Grundy,1771,1,1482,1,289,0,1697,1,9076,11,10773,12,0,32,-2,12,3,1727,0,60,33
04-15-21,Hamblen,8453,9,5905,1,2548,8,6632,2,45997,37,52629,39,0,170,-2,82,11,8201,0,256,171
04-15-21,Hamilton,43207,92,37131,58,6076,34,41537,63,318519,583,360056,646,1,481,43,526,48,42200,1,1152,486
04-15-21,Hancock,547,1,387,1,160,0,413,0,3854,2,4267,2,0,12,1,14,0,521,0,20,12
04-15-21,Hardeman,3454,2,2787,1,667,1,3256,1,24897,97,28153,98,0,63,-3,22,5,3369,0,101,64
04-15-21,Hardin,3485,4,2360,1,1125,3,2804,1,23281,36,26085,37,0,66,-2,45,6,3374,0,65,66
04-15-21,Hawkins,5755,10,4676,10,1079,0,5046,9,34580,63,39626,72,0,106,-2,134,12,5515,0,149,106
04-15-21,Haywood,2677,2,2243,0,434,2,2562,0,13600,11,16162,11,0,61,0,8,2,2608,1,82,61
04-15-21,Henderson,3720,2,2583,2,1137,0,3232,2,16010,19,19242,21,0,75,2,48,0,3597,0,78,76
04-15-21,Henry,3107,0,2402,0,705,0,2778,0,17781,28,20559,28,0,75,-2,27,2,3005,0,76,75
04-15-21,Hickman,2793,2,2252,2,541,0,2596,2,16513,21,19109,23,0,45,-1,32,3,2716,0,55,46
04-15-21,Houston,1081,0,815,0,266,0,933,0,10337,212,11270,212,0,33,0,15,0,1033,0,40,33
04-15-21,Humphreys,1730,9,1106,7,624,2,1290,6,11638,22,12928,28,0,21,6,86,3,1623,0,34,21
04-15-21,Jackson,1293,2,1013,2,280,0,1182,2,5491,8,6673,10,0,35,2,6,0,1252,0,39,35
04-15-21,Jefferson,6042,8,4158,3,1884,5,4698,2,38989,54,43687,56,0,121,0,78,8,5843,2,187,122
04-15-21,Johnson,2299,5,2014,5,285,0,2148,9,15318,83,17466,92,0,38,2,65,3,2196,0,58,38
04-15-21,Knox,49623,86,41551,54,8072,32,45445,55,323252,576,368697,631,1,623,15,388,70,48612,0,1349,624
04-15-21,Lake,1693,0,1504,0,189,0,1773,0,10048,1,11821,1,0,26,0,1,0,1666,0,25,26
04-15-21,Lauderdale,3132,2,2439,0,693,2,2800,0,20949,18,23749,18,0,44,2,22,0,3066,0,83,43
04-15-21,Lawrence,5773,10,4507,5,1266,5,4960,6,29127,29,34087,35,0,86,1,59,9,5628,0,148,86
04-15-21,Lewis,1556,1,1171,0,385,1,1267,0,9949,8,11216,8,0,26,-1,19,2,1511,0,43,26
04-15-21,Lincoln,4278,2,3304,0,974,2,3756,0,17605,22,21361,22,0,63,0,32,2,4183,0,83,61
04-15-21,Loudon,6002,5,4600,4,1402,1,5031,4,31149,40,36180,44,0,69,0,66,5,5867,0,135,69
04-15-21,Macon,3571,5,2771,4,800,1,3254,4,16462,31,19716,35,0,76,-5,51,10,3444,0,125,76
04-15-21,Madison,10742,31,6003,19,4739,12,7289,18,54845,103,62134,121,0,240,26,-263,5,10765,0,337,241
04-15-21,Marion,3079,1,2630,1,449,0,2928,2,19213,16,22141,18,0,46,1,5,0,3028,0,111,46
04-15-21,Marshall,4095,5,3234,1,861,4,3648,1,23009,28,26657,29,0,58,4,51,1,3986,0,90,58
04-15-21,Maury,13006,12,11415,10,1591,2,12601,12,73469,119,86070,131,0,168,-12,70,24,12768,0,292,168
04-15-21,McMinn,6335,11,5629,10,706,1,6203,10,42673,97,48876,107,0,95,1,103,10,6137,0,155,98
04-15-21,McNairy,2763,2,1963,2,800,0,2385,2,18079,13,20464,15,0,54,0,5,2,2704,0,63,54
04-15-21,Meigs,1340,3,1209,3,131,0,1340,3,8047,19,9387,22,0,23,0,17,3,1300,0,42,24
04-15-21,Monroe,5696,17,4496,12,1200,5,5047,11,27237,52,32284,63,0,95,13,91,4,5510,1,155,95
04-15-21,Montgomery,19044,41,13914,30,5130,11,15279,33,114884,324,130163,357,0,224,-5,20,46,18800,0,303,224
04-15-21,Moore,996,4,768,4,228,0,867,4,4852,1,5719,5,0,17,4,8,0,971,0,16,17
04-15-21,Morgan,2451,1,1799,1,652,0,1954,1,15192,11,17146,12,0,39,-4,36,5,2376,0,44,39
04-15-21,Obion,4494,6,3321,3,1173,3,3762,5,22538,38,26300,43,0,96,3,42,3,4356,0,100,96
04-15-21,Out of State,17582,22,13987,21,3595,1,15809,25,628492,1378,644301,1403,-1,98,-8,215,31,17269,0,211,96
04-15-21,Overton,2962,5,2224,4,738,1,2615,4,14972,18,17587,22,0,60,4,23,1,2879,1,64,61
04-15-21,Pending,16379,18,10545,11,5834,7,11719,14,408272,1060,419991,1074,1,134,-7,166,24,16079,0,139,131
04-15-21,Perry,1055,0,906,0,149,0,1019,0,6084,4,7103,4,0,28,-1,1,1,1026,0,28,28
04-15-21,Pickett,753,1,497,1,256,0,599,1,3886,2,4485,3,0,24,0,1,1,728,0,28,24
04-15-21,Polk,1987,7,1789,7,198,0,1977,8,9447,26,11424,34,0,24,4,48,3,1915,2,84,24
04-15-21,Putnam,11127,11,9080,8,2047,3,10882,8,71850,70,82732,78,0,173,-7,108,18,10846,0,207,173
04-15-21,Rhea,4299,2,3721,2,578,0,4163,2,26730,32,30893,34,0,75,-4,29,6,4195,0,83,75
04-15-21,Roane,6168,7,4762,3,1406,4,5304,3,43030,55,48334,58,0,102,-1,52,8,6014,0,149,102
04-15-21,Robertson,9552,16,7489,10,2063,6,8432,11,43634,112,52066,123,0,127,3,102,13,9323,2,424,129
04-15-21,Rutherford,41757,64,35678,45,6079,19,41451,52,237245,732,278696,784,0,420,-3,348,67,40989,0,590,421
04-15-21,Scott,3045,6,1678,1,1367,5,1794,1,11489,18,13283,19,0,45,3,40,3,2960,0,64,45
04-15-21,Sequatchie,1663,5,1305,4,358,1,1424,5,11814,13,13238,18,0,28,0,24,5,1611,0,38,29
04-15-21,Sevier,13080,22,11217,13,1863,9,12336,15,66787,111,79123,126,0,174,3,166,19,12740,1,280,175
04-15-21,Shelby,92515,169,85755,148,6760,21,105541,173,981605,2799,1087146,2972,5,1585,33,1538,131,89392,5,3574,1596
04-15-21,Smith,2736,3,2052,3,684,0,2564,3,13675,19,16239,22,0,38,1,33,2,2665,0,59,38
04-15-21,Stewart,1298,0,983,0,315,0,1110,0,6899,13,8009,13,0,28,-2,6,2,1264,0,26,28
04-15-21,Sullivan,16034,56,13922,46,2112,10,15085,45,89103,195,104188,240,0,287,15,462,41,15285,1,748,286
04-15-21,Sumner,23096,41,20411,31,2685,10,23081,42,121368,275,144449,317,0,339,-10,166,51,22591,0,705,339
04-15-21,Tipton,7199,11,5011,8,2188,3,6050,8,47883,89,53933,97,-1,102,7,65,5,7032,1,160,100
04-15-21,Trousdale,2485,0,2328,0,157,0,2495,0,9218,13,11713,13,0,22,-3,13,3,2450,0,41,22
04-15-21,Unicoi,1936,7,1482,4,454,3,1632,5,13317,25,14949,30,0,49,6,54,1,1833,0,67,49
04-15-21,Union,1855,2,1560,2,295,0,1682,2,10511,21,12193,23,0,34,1,18,1,1803,0,58,34
04-15-21,Van Buren,833,0,689,0,144,0,763,0,5315,2,6078,2,0,21,-1,11,1,801,0,22,21
04-15-21,Warren,5493,4,4678,3,815,1,5301,3,33213,51,38514,54,0,81,1,32,3,5380,0,82,81
04-15-21,Washington,14084,37,12075,33,2009,4,13298,36,83823,184,97121,220,0,242,4,446,33,13396,1,359,241
04-15-21,Wayne,2937,0,2364,0,573,0,2602,0,11310,7,13912,7,0,34,-2,1,2,2902,0,61,34
04-15-21,Weakley,4011,5,2967,4,1044,1,3396,5,21751,22,25147,27,0,62,-1,57,6,3892,0,68,63
04-15-21,White,3535,10,2887,4,648,6,3525,4,22852,27,26377,31,0,68,9,47,1,3420,0,111,69
04-15-21,Williamson,27191,49,22871,38,4320,11,25360,40,183967,444,209327,484,1,214,10,235,38,26742,0,293,215
04-15-21,Wilson,17948,50,16102,39,1846,11,18301,43,105250,562,123551,605,1,224,20,-64,29,17788,1,334,228
04-14-21,Anderson,8566,14,6409,9,2157,5,7170,11,62199,138,69369,149,0,171,6,74,8,8321,0,214,170
04-14-21,Bedford,6380,9,5024,8,1356,1,5777,12,31663,73,37440,85,0,126,1,118,8,6136,0,133,126
04-14-21,Benton,1623,7,1274,2,349,5,1409,2,9017,23,10426,25,0,40,3,37,4,1546,0,37,40
04-14-21,Bledsoe,2090,3,1891,0,199,3,2006,0,15752,36,17758,36,0,11,1,15,2,2064,0,32,11
04-14-21,Blount,14903,22,12704,12,2199,10,13981,14,73917,267,87898,281,0,194,4,0,18,14709,1,344,193
04-14-21,Bradley,14449,47,11816,41,2633,6,13402,47,66166,269,79568,316,0,147,6,319,41,13983,5,619,147
04-14-21,Campbell,4077,8,2245,2,1832,6,2523,2,24891,37,27414,39,0,62,1,49,7,3966,0,128,63
04-14-21,Cannon,1885,3,1507,3,378,0,1679,3,9275,31,10954,34,0,31,3,27,0,1827,0,37,31
04-14-21,Carroll,3554,4,2326,1,1228,3,2764,1,19512,25,22276,26,0,82,3,22,1,3450,1,80,82
04-14-21,Carter,6417,16,5591,14,826,2,6144,15,37690,157,43834,172,0,156,9,165,7,6096,0,226,156
04-14-21,Cheatham,4414,16,3370,12,1044,4,3812,12,27287,74,31099,86,0,53,7,102,9,4259,0,90,54
04-14-21,Chester,2083,1,1502,0,581,1,1790,0,11729,16,13519,16,0,51,0,8,1,2024,0,41,51
04-14-21,Claiborne,3044,10,1950,3,1094,7,2090,3,24031,42,26121,45,0,73,8,47,2,2924,0,92,73
04-14-21,Clay,1089,5,749,3,340,2,862,3,5627,16,6489,19,0,31,5,9,0,1049,0,25,30
04-14-21,Cocke,4418,5,2927,5,1491,0,3230,8,22116,86,25346,94,0,98,2,55,3,4265,0,115,98
04-14-21,Coffee,6809,12,4711,8,2098,4,5756,10,45669,105,51425,115,0,121,7,88,5,6600,0,122,121
04-14-21,Crockett,2004,2,1207,2,797,0,1406,2,7321,10,8727,12,0,48,2,9,0,1947,0,30,48
04-14-21,Cumberland,6524,25,5395,16,1129,9,6180,21,48359,102,54539,123,0,127,19,130,6,6267,0,156,129
04-14-21,Davidson,86924,134,81411,112,5513,22,98880,137,977835,4612,1076715,4749,2,924,-13,829,145,85171,2,1949,925
04-14-21,Decatur,1571,4,1167,2,404,2,1387,2,10952,16,12339,18,0,38,4,8,0,1525,0,39,38
04-14-21,Dekalb,2746,0,2028,0,718,0,2344,0,16975,34,19319,34,0,53,0,12,0,2681,0,55,53
04-14-21,Dickson,6696,15,4838,12,1858,3,5710,13,35390,124,41100,137,1,109,3,142,11,6445,0,119,109
04-14-21,Dyer,5346,3,3529,1,1817,2,3985,2,21772,51,25757,53,0,104,1,27,2,5215,0,108,104
04-14-21,Fayette,4880,17,4180,15,700,2,5141,14,37650,127,42791,141,2,78,13,67,2,4735,0,131,76
04-14-21,Fentress,2375,2,2051,2,324,0,2343,2,13173,23,15516,25,0,46,1,19,1,2310,0,63,46
04-14-21,Franklin,5066,7,4217,6,849,1,4937,7,37927,213,42864,220,0,88,-2,53,9,4925,0,108,88
04-14-21,Gibson,6364,12,3838,9,2526,3,4648,9,29387,54,34035,63,0,144,4,49,8,6171,1,111,144
04-14-21,Giles,3926,3,3231,1,695,2,3715,3,22849,65,26564,68,0,98,-3,53,6,3775,0,111,98
04-14-21,Grainger,2572,6,1910,5,662,1,2137,6,13970,31,16107,37,0,49,5,38,1,2485,0,69,50
04-14-21,Greene,7680,12,6096,12,1584,0,6832,12,49697,244,56529,256,0,152,-5,118,17,7410,0,187,152
04-14-21,Grundy,1770,1,1481,1,289,0,1696,1,9065,62,10761,63,1,32,-4,14,4,1724,1,60,33
04-14-21,Hamblen,8444,16,5904,9,2540,7,6630,9,45960,98,52590,107,0,170,10,84,6,8190,0,256,171
04-14-21,Hamilton,43115,74,37073,53,6042,21,41474,61,317936,652,359410,713,0,480,27,483,47,42152,2,1151,484
04-14-21,Hancock,546,4,386,3,160,1,413,3,3852,10,4265,13,0,12,2,13,2,521,0,20,12
04-14-21,Hardeman,3452,2,2786,2,666,0,3255,2,24800,50,28055,52,0,63,1,25,1,3364,0,101,64
04-14-21,Hardin,3481,5,2359,3,1122,2,2803,5,23245,88,26048,93,0,66,0,47,5,3368,0,65,66
04-14-21,Hawkins,5745,19,4666,14,1079,5,5037,14,34517,167,39554,181,0,106,10,136,9,5503,1,149,106
04-14-21,Haywood,2675,2,2243,2,432,0,2562,3,13589,31,16151,34,1,61,0,8,1,2606,0,81,61
04-14-21,Henderson,3718,13,2581,7,1137,6,3230,7,15991,37,19221,44,0,75,13,46,0,3597,0,78,76
04-14-21,Henry,3107,7,2402,5,705,2,2778,5,17753,24,20531,29,0,75,6,29,1,3003,0,76,75
04-14-21,Hickman,2791,7,2250,6,541,1,2594,6,16492,39,19086,45,0,45,7,33,0,2713,0,55,45
04-14-21,Houston,1081,3,815,3,266,0,933,3,10125,16,11058,19,0,33,2,15,1,1033,0,40,33
04-14-21,Humphreys,1721,16,1099,5,622,11,1284,9,11616,45,12900,54,0,21,11,80,5,1620,0,34,21
04-14-21,Jackson,1291,2,1011,1,280,1,1180,1,5483,16,6663,17,0,35,0,4,2,1252,0,39,35
04-14-21,Jefferson,6034,8,4155,4,1879,4,4696,4,38935,77,43631,81,0,121,4,78,4,5835,1,185,121
04-14-21,Johnson,2294,13,2009,10,285,3,2139,11,15235,73,17374,84,0,38,11,63,2,2193,0,58,38
04-14-21,Knox,49537,84,41497,58,8040,26,45390,61,322676,686,368066,747,0,622,-1,373,85,48542,3,1349,623
04-14-21,Lake,1693,0,1504,0,189,0,1773,0,10047,39,11820,39,0,26,-2,1,2,1666,0,25,26
04-14-21,Lauderdale,3130,4,2439,4,691,0,2800,4,20931,39,23731,43,0,44,4,20,0,3066,0,83,43
04-14-21,Lawrence,5763,12,4502,10,1261,2,4954,10,29098,44,34052,54,0,86,11,58,1,5619,1,148,86
04-14-21,Lewis,1555,2,1171,0,384,2,1267,0,9941,20,11208,20,0,26,0,20,2,1509,0,43,26
04-14-21,Lincoln,4276,4,3304,2,972,2,3756,2,17583,32,21339,34,0,63,4,32,0,4181,0,83,61
04-14-21,Loudon,5997,10,4596,5,1401,5,5027,5,31109,77,36136,82,0,69,5,66,5,5862,0,135,69
04-14-21,Macon,3566,7,2767,3,799,4,3250,7,16431,70,19681,77,0,76,0,56,7,3434,1,125,76
04-14-21,Madison,10711,38,5984,19,4727,19,7271,21,54742,111,62013,132,0,240,34,-289,4,10760,0,337,241
04-14-21,Marion,3078,7,2629,7,449,0,2926,7,19197,118,22123,125,0,46,5,4,2,3028,0,111,46
04-14-21,Marshall,4090,9,3233,6,857,3,3647,7,22981,42,26628,49,0,58,2,47,7,3985,0,90,58
04-14-21,Maury,12994,22,11405,17,1589,5,12589,19,73350,195,85939,214,0,168,2,82,20,12744,0,292,168
04-14-21,McMinn,6324,23,5619,19,705,4,6193,21,42576,100,48769,121,0,95,14,102,9,6127,0,155,98
04-14-21,McNairy,2761,3,1961,1,800,2,2383,2,18066,55,20449,57,0,54,2,5,1,2702,0,63,54
04-14-21,Meigs,1337,5,1206,4,131,1,1337,3,8028,27,9365,30,0,23,3,17,2,1297,0,42,24
04-14-21,Monroe,5679,10,4484,8,1195,2,5036,8,27185,65,32221,73,0,95,0,78,10,5506,0,154,95
04-14-21,Montgomery,19003,63,13884,46,5119,17,15246,49,114560,489,129806,538,0,224,9,25,54,18754,1,303,224
04-14-21,Moore,992,0,764,0,228,0,863,0,4851,8,5714,8,0,17,-1,4,1,971,0,16,17
04-14-21,Morgan,2450,13,1798,10,652,3,1953,10,15181,26,17134,36,0,39,4,40,9,2371,0,44,39
04-14-21,Obion,4488,5,3318,1,1170,4,3757,2,22500,62,26257,64,0,96,2,39,3,4353,0,100,96
04-14-21,Out of State,17560,36,13966,21,3594,15,15784,27,627114,1802,642898,1829,1,99,15,223,20,17238,0,211,96
04-14-21,Overton,2957,7,2220,4,737,3,2611,3,14954,37,17565,40,0,60,2,19,5,2878,0,63,61
04-14-21,Pending,16361,21,10534,13,5827,8,11705,19,407212,1272,418917,1291,0,133,-5,173,26,16055,0,139,131
04-14-21,Perry,1055,0,906,0,149,0,1019,0,6080,13,7099,13,0,28,0,2,0,1025,0,28,28
04-14-21,Pickett,752,0,496,0,256,0,598,0,3884,7,4482,7,0,24,-1,1,1,727,0,28,24
04-14-21,Polk,1980,5,1782,5,198,0,1969,5,9421,45,11390,50,0,24,0,44,5,1912,0,82,24
04-14-21,Putnam,11116,15,9072,13,2044,2,10874,14,71780,323,82654,337,0,173,6,115,9,10828,0,207,173
04-14-21,Rhea,4297,5,3719,4,578,1,4161,4,26698,87,30859,91,0,75,-2,33,7,4189,0,83,75
04-14-21,Roane,6161,10,4759,7,1402,3,5301,7,42975,83,48276,90,0,102,5,53,5,6006,1,149,102
04-14-21,Robertson,9536,15,7479,10,2057,5,8421,11,43522,140,51943,151,0,127,0,99,15,9310,0,422,128
04-14-21,Rutherford,41693,75,35633,44,6060,31,41399,47,236513,761,277912,808,0,420,-2,351,77,40922,0,590,421
04-14-21,Scott,3039,6,1677,1,1362,5,1793,1,11471,21,13264,22,0,45,5,37,1,2957,0,64,45
04-14-21,Sequatchie,1658,2,1301,0,357,2,1419,0,11801,26,13220,26,0,28,-1,24,3,1606,0,38,29
04-14-21,Sevier,13058,43,11204,24,1854,19,12321,27,66676,190,78997,217,0,174,30,163,13,12721,0,279,175
04-14-21,Shelby,92346,262,85607,242,6739,20,105368,290,978806,5252,1084174,5542,-3,1580,162,1505,103,89261,7,3569,1595
04-14-21,Smith,2733,5,2049,1,684,4,2561,1,13656,28,16217,29,0,38,3,32,2,2663,0,59,38
04-14-21,Stewart,1298,2,983,0,315,2,1110,0,6886,6,7996,6,0,28,0,8,2,1262,0,26,28
04-14-21,Sullivan,15978,79,13876,71,2102,8,15040,94,88908,406,103948,500,0,287,49,447,30,15244,3,747,286
04-14-21,Sumner,23055,60,20380,42,2675,18,23039,44,121093,461,144132,505,1,339,19,176,40,22540,0,705,338
04-14-21,Tipton,7188,9,5003,5,2185,4,6042,6,47794,170,53836,176,3,103,1,58,5,7027,0,159,100
04-14-21,Trousdale,2485,1,2328,1,157,0,2495,1,9205,12,11700,13,0,22,-2,16,3,2447,0,41,22
04-14-21,Unicoi,1929,4,1478,4,451,0,1627,3,13292,16,14919,19,0,49,-1,48,5,1832,0,67,49
04-14-21,Union,1853,2,1558,1,295,1,1680,2,10490,26,12170,28,0,34,2,17,0,1802,0,58,34
04-14-21,Van Buren,833,1,689,1,144,0,763,1,5313,7,6076,8,0,21,1,12,0,800,0,22,21
04-14-21,Warren,5489,2,4675,2,814,0,5298,2,33162,135,38460,137,0,81,-5,31,7,5377,0,82,81
04-14-21,Washington,14047,73,12042,62,2005,11,13262,65,83639,368,96901,433,0,242,31,442,42,13363,1,358,241
04-14-21,Wayne,2937,0,2364,0,573,0,2602,0,11303,20,13905,20,0,34,0,3,0,2900,0,61,34
04-14-21,Weakley,4006,10,2963,6,1043,4,3391,6,21729,39,25120,45,0,62,3,58,7,3886,0,68,62
04-14-21,White,3525,8,2883,5,642,3,3521,6,22825,59,26346,65,0,68,2,38,6,3419,1,111,68
04-14-21,Williamson,27142,62,22833,41,4309,21,25320,43,183523,439,208843,482,0,213,19,225,43,26704,2,293,215
04-14-21,Wilson,17898,50,16063,41,1835,9,18258,43,104688,269,122946,312,0,223,24,-84,26,17759,0,333,227
04-13-21,Anderson,8552,10,6400,5,2152,5,7159,6,62061,61,69220,67,5,171,-7,68,12,8313,0,214,170
04-13-21,Bedford,6371,7,5016,4,1355,3,5765,4,31590,41,37355,45,0,126,-14,117,21,6128,0,133,125
04-13-21,Benton,1616,0,1272,0,344,0,1407,1,8994,10,10401,11,0,40,-4,34,4,1542,0,37,40
04-13-21,Bledsoe,2087,1,1891,1,196,0,2006,1,15716,27,17722,28,0,11,-1,14,2,2062,0,32,11
04-13-21,Blount,14881,26,12692,19,2189,7,13967,19,73650,135,87617,154,0,194,13,-4,13,14691,1,343,193
04-13-21,Bradley,14402,23,11775,13,2627,10,13355,13,65897,44,79252,57,0,147,-9,313,32,13942,2,614,147
04-13-21,Campbell,4069,1,2243,1,1826,0,2521,1,24854,17,27375,18,0,62,-1,48,2,3959,0,128,63
04-13-21,Cannon,1882,2,1504,1,378,1,1676,1,9244,14,10920,15,0,31,1,24,1,1827,0,37,31
04-13-21,Carroll,3550,4,2325,2,1225,2,2763,4,19487,11,22250,15,0,82,2,19,2,3449,0,79,82
04-13-21,Carter,6401,20,5577,16,824,4,6129,17,37533,46,43662,63,0,156,11,156,9,6089,0,226,156
04-13-21,Cheatham,4398,10,3358,3,1040,7,3800,3,27213,72,31013,75,0,53,3,95,7,4250,0,90,54
04-13-21,Chester,2082,1,1502,0,580,1,1790,0,11713,7,13503,7,0,51,0,8,1,2023,0,41,51
04-13-21,Claiborne,3034,2,1947,2,1087,0,2087,3,23989,19,26076,22,0,73,-5,39,7,2922,0,92,73
04-13-21,Clay,1084,0,746,0,338,0,859,0,5611,5,6470,5,0,31,0,4,0,1049,0,25,30
04-13-21,Cocke,4413,1,2922,0,1491,1,3222,0,22030,23,25252,23,0,98,-3,53,4,4262,0,115,98
04-13-21,Coffee,6797,6,4703,2,2094,4,5746,2,45564,74,51310,76,0,121,4,81,2,6595,0,122,121
04-13-21,Crockett,2002,2,1205,0,797,2,1404,0,7311,4,8715,4,0,48,2,7,0,1947,0,30,48
04-13-21,Cumberland,6499,14,5379,5,1120,9,6159,6,48257,32,54416,38,0,127,-9,111,23,6261,0,156,128
04-13-21,Davidson,86790,105,81299,86,5491,19,98743,111,973223,1463,1071966,1574,3,922,-51,842,153,85026,2,1947,923
04-13-21,Decatur,1567,4,1165,4,402,0,1385,4,10936,3,12321,7,0,38,3,4,1,1525,0,39,38
04-13-21,Dekalb,2746,3,2028,0,718,3,2344,0,16941,21,19285,21,0,53,0,12,3,2681,0,55,53
04-13-21,Dickson,6681,23,4826,19,1855,4,5697,19,35266,90,40963,109,0,108,15,139,8,6434,2,119,109
04-13-21,Dyer,5343,3,3528,1,1815,2,3983,1,21721,25,25704,26,0,104,1,26,2,5213,0,108,104
04-13-21,Fayette,4863,9,4165,7,698,2,5127,8,37523,50,42650,58,-2,76,5,54,6,4733,0,131,76
04-13-21,Fentress,2373,3,2049,2,324,1,2341,2,13150,10,15491,12,0,46,-4,18,7,2309,0,63,46
04-13-21,Franklin,5059,8,4211,5,848,3,4930,6,37714,26,42644,32,0,88,7,55,1,4916,0,108,88
04-13-21,Gibson,6352,2,3829,1,2523,1,4639,2,29333,31,33972,33,0,144,-5,45,7,6163,0,110,144
04-13-21,Giles,3923,9,3230,5,693,4,3712,5,22784,31,26496,36,0,98,8,56,1,3769,1,111,98
04-13-21,Grainger,2566,6,1905,0,661,6,2131,0,13939,3,16070,3,1,49,2,33,3,2484,0,69,50
04-13-21,Greene,7668,5,6084,5,1584,0,6820,6,49453,90,56273,96,0,152,-11,123,16,7393,0,187,152
04-13-21,Grundy,1769,1,1480,1,289,0,1695,1,9003,10,10698,11,0,31,1,18,0,1720,0,59,32
04-13-21,Hamblen,8428,5,5895,4,2533,1,6621,5,45862,27,52483,32,-1,170,-2,74,8,8184,0,256,171
04-13-21,Hamilton,43041,60,37020,38,6021,22,41413,36,317284,313,358697,349,0,480,4,456,56,42105,2,1149,484
04-13-21,Hancock,542,2,383,1,159,1,410,1,3842,0,4252,1,0,12,2,11,0,519,0,20,12
04-13-21,Hardeman,3450,0,2784,0,666,0,3253,1,24750,13,28003,14,0,63,-2,24,2,3363,0,101,64
04-13-21,Hardin,3476,7,2356,5,1120,2,2798,5,23157,40,25955,45,0,66,3,47,4,3363,0,65,66
04-13-21,Hawkins,5726,7,4652,2,1074,5,5023,3,34350,63,39373,66,0,106,0,126,7,5494,0,148,106
04-13-21,Haywood,2673,1,2241,0,432,1,2559,0,13558,8,16117,8,0,60,0,8,1,2605,0,81,61
04-13-21,Henderson,3705,7,2574,3,1131,4,3223,4,15954,10,19177,14,0,75,5,33,2,3597,0,78,76
04-13-21,Henry,3100,3,2397,1,703,2,2773,3,17729,9,20502,12,0,75,-2,23,5,3002,0,76,75
04-13-21,Hickman,2784,1,2244,1,540,0,2588,1,16453,14,19041,15,0,45,-3,26,4,2713,0,55,45
04-13-21,Houston,1078,3,812,3,266,0,930,4,10109,8,11039,12,0,33,3,13,0,1032,0,40,33
04-13-21,Humphreys,1705,5,1094,2,611,3,1275,3,11571,21,12846,24,0,21,-1,69,6,1615,0,34,21
04-13-21,Jackson,1289,0,1010,0,279,0,1179,0,5467,8,6646,8,0,35,-1,4,1,1250,0,39,35
04-13-21,Jefferson,6026,8,4151,5,1875,3,4692,5,38858,17,43550,22,0,121,1,74,7,5831,0,184,121
04-13-21,Johnson,2281,1,1999,0,282,1,2128,0,15162,8,17290,8,0,38,-3,52,4,2191,0,58,38
04-13-21,Knox,49453,68,41439,38,8014,30,45329,43,321990,340,367319,383,-5,622,-7,374,80,48457,1,1346,623
04-13-21,Lake,1693,0,1504,0,189,0,1773,0,10008,3,11781,3,0,26,0,3,0,1664,0,25,26
04-13-21,Lauderdale,3126,2,2435,1,691,1,2796,1,20892,17,23688,18,0,44,2,16,0,3066,0,83,43
04-13-21,Lawrence,5751,9,4492,4,1259,5,4944,4,29054,24,33998,28,0,86,5,47,4,5618,1,147,86
04-13-21,Lewis,1553,2,1171,0,382,2,1267,0,9921,12,11188,12,0,26,1,20,1,1507,0,43,26
04-13-21,Lincoln,4272,6,3302,1,970,5,3754,2,17551,13,21305,15,0,63,2,28,4,4181,0,83,61
04-13-21,Loudon,5987,4,4591,2,1396,2,5022,2,31032,24,36054,26,-1,69,1,61,4,5857,0,135,69
04-13-21,Macon,3559,8,2764,2,795,6,3243,1,16361,62,19604,63,0,76,-3,56,11,3427,0,124,76
04-13-21,Madison,10673,25,5965,16,4708,9,7250,18,54631,63,61881,81,0,240,23,-323,2,10756,0,337,240
04-13-21,Marion,3071,3,2622,3,449,0,2919,3,19079,12,21998,15,0,46,-4,-1,7,3026,0,111,46
04-13-21,Marshall,4081,5,3227,0,854,5,3640,0,22939,45,26579,45,0,58,-1,45,6,3978,0,90,58
04-13-21,Maury,12972,19,11388,8,1584,11,12570,7,73155,157,85725,164,1,168,-14,80,32,12724,0,292,167
04-13-21,McMinn,6301,8,5600,8,701,0,6172,6,42476,54,48648,60,0,95,-3,88,11,6118,0,155,98
04-13-21,McNairy,2758,4,1960,4,798,0,2381,4,18011,4,20392,8,0,54,4,3,0,2701,0,63,54
04-13-21,Meigs,1332,3,1202,1,130,2,1334,1,8001,3,9335,4,0,23,2,14,1,1295,0,42,24
04-13-21,Monroe,5669,7,4476,5,1193,2,5028,5,27120,42,32148,47,0,95,2,78,5,5496,0,154,95
04-13-21,Montgomery,18940,34,13838,23,5102,11,15197,24,114071,234,129268,258,1,224,-23,16,56,18700,0,302,224
04-13-21,Moore,992,0,764,0,228,0,863,0,4843,7,5706,7,0,17,-1,5,1,970,0,16,17
04-13-21,Morgan,2437,2,1788,1,649,1,1943,1,15155,9,17098,10,0,39,0,36,2,2362,0,44,39
04-13-21,Obion,4483,5,3317,4,1166,1,3755,4,22438,28,26193,32,0,96,0,37,5,4350,0,100,96
04-13-21,Out of State,17524,21,13945,15,3579,6,15757,13,625312,1191,641069,1204,-3,98,-4,208,28,17218,1,211,96
04-13-21,Overton,2950,2,2216,0,734,2,2608,0,14917,13,17525,13,0,60,-1,17,3,2873,0,63,61
04-13-21,Pending,16340,25,10521,7,5819,18,11686,7,405940,718,417626,725,1,133,0,178,24,16029,0,139,131
04-13-21,Perry,1055,0,906,0,149,0,1019,0,6067,5,7086,5,0,28,0,2,0,1025,0,28,28
04-13-21,Pickett,752,0,496,0,256,0,598,0,3877,2,4475,2,0,24,0,2,0,726,0,28,24
04-13-21,Polk,1975,4,1777,2,198,2,1964,3,9376,13,11340,16,0,24,0,44,4,1907,1,82,24
04-13-21,Putnam,11101,13,9059,7,2042,6,10860,8,71457,40,82317,48,0,173,-1,109,14,10819,0,207,173
04-13-21,Rhea,4292,2,3715,1,577,1,4157,1,26611,45,30768,46,0,75,-1,35,3,4182,0,83,75
04-13-21,Roane,6151,5,4752,4,1399,1,5294,4,42892,38,48186,42,2,102,-6,48,9,6001,0,148,102
04-13-21,Robertson,9521,19,7469,9,2052,10,8410,10,43382,77,51792,87,0,127,1,99,18,9295,0,422,127
04-13-21,Rutherford,41618,50,35589,22,6029,28,41352,28,235752,348,277104,376,1,420,-21,353,70,40845,0,590,421
04-13-21,Scott,3033,2,1676,1,1357,1,1792,1,11450,29,13242,30,0,45,-4,32,6,2956,0,64,45
04-13-21,Sequatchie,1656,2,1301,1,355,1,1419,1,11775,7,13194,8,0,28,0,25,2,1603,0,38,29
04-13-21,Sevier,13015,3,11180,2,1835,1,12294,2,66486,70,78780,72,0,174,-21,133,24,12708,0,279,175
04-13-21,Shelby,92084,179,85365,128,6719,51,105078,123,973554,2087,1078632,2210,7,1583,53,1343,119,89158,15,3562,1593
04-13-21,Smith,2728,2,2048,1,680,1,2560,1,13628,6,16188,7,0,38,-1,29,3,2661,0,59,38
04-13-21,Stewart,1296,0,983,0,313,0,1110,0,6880,8,7990,8,0,28,0,8,0,1260,0,26,28
04-13-21,Sullivan,15899,30,13805,23,2094,7,14946,26,88502,325,103448,351,2,287,-10,398,38,15214,2,744,286
04-13-21,Sumner,22995,27,20338,16,2657,11,22995,16,120632,199,143627,215,0,338,-17,157,44,22500,0,705,338
04-13-21,Tipton,7179,1,4998,0,2181,1,6036,1,47624,92,53660,93,-4,100,2,57,3,7022,0,159,100
04-13-21,Trousdale,2484,1,2327,1,157,0,2494,1,9193,14,11687,15,0,22,-2,18,3,2444,0,41,22
04-13-21,Unicoi,1925,3,1474,2,451,1,1624,1,13276,16,14900,17,0,49,2,49,1,1827,0,67,49
04-13-21,Union,1851,1,1557,1,294,0,1678,1,10464,4,12142,5,0,34,-1,15,2,1802,0,58,34
04-13-21,Van Buren,832,1,688,0,144,1,762,0,5306,2,6068,2,0,21,0,11,1,800,1,22,21
04-13-21,Warren,5487,4,4673,0,814,4,5296,1,33027,62,38323,63,1,81,-7,36,10,5370,0,82,81
04-13-21,Washington,13974,42,11980,28,1994,14,13197,27,83271,111,96468,138,0,242,12,411,30,13321,1,357,241
04-13-21,Wayne,2937,1,2364,1,573,0,2602,1,11283,5,13885,6,0,34,-1,3,2,2900,0,61,34
04-13-21,Weakley,3996,3,2957,1,1039,2,3385,1,21690,17,25075,18,1,62,1,55,1,3879,0,68,62
04-13-21,White,3517,3,2878,1,639,2,3515,1,22766,18,26281,19,0,68,0,36,3,3413,0,110,68
04-13-21,Williamson,27080,39,22792,22,4288,17,25277,22,183084,282,208361,304,0,213,-1,206,40,26661,0,291,215
04-13-21,Wilson,17848,19,16022,15,1826,4,18215,14,104419,161,122634,175,0,223,-15,-108,34,17733,0,333,226
04-12-21,Anderson,8542,3,6395,3,2147,0,7153,5,62000,69,69153,74,0,166,-7,75,10,8301,0,214,170
04-12-21,Bedford,6364,6,5012,2,1352,4,5761,2,31549,14,37310,16,0,126,-6,131,12,6107,0,133,125
04-12-21,Benton,1616,5,1272,2,344,3,1406,2,8984,2,10390,4,0,40,-3,38,8,1538,0,37,40
04-12-21,Bledsoe,2086,0,1890,0,196,0,2005,0,15689,3,17694,3,0,11,0,15,0,2060,0,32,11
04-12-21,Blount,14855,7,12673,5,2182,2,13948,7,73515,75,87463,82,0,194,-15,-17,22,14678,1,342,193
04-12-21,Bradley,14379,64,11762,45,2617,19,13342,44,65853,119,79195,163,0,147,38,322,26,13910,3,612,147
04-12-21,Campbell,4068,14,2242,2,1826,12,2520,2,24837,20,27357,22,0,62,11,49,3,3957,1,128,63
04-12-21,Cannon,1880,0,1503,0,377,0,1675,1,9230,4,10905,5,0,31,-6,23,6,1826,0,37,31
04-12-21,Carroll,3546,2,2323,1,1223,1,2759,1,19476,10,22235,11,0,82,2,17,0,3447,1,79,82
04-12-21,Carter,6381,27,5561,19,820,8,6112,20,37487,34,43599,54,0,156,12,145,15,6080,0,226,156
04-12-21,Cheatham,4388,8,3355,6,1033,2,3797,6,27141,28,30938,34,1,53,-5,92,12,4243,0,90,54
04-12-21,Chester,2081,1,1502,0,579,1,1790,0,11706,3,13496,3,0,51,0,8,1,2022,0,41,51
04-12-21,Claiborne,3032,2,1945,0,1087,2,2084,0,23970,19,26054,19,0,73,-3,44,5,2915,0,92,73
04-12-21,Clay,1084,0,746,0,338,0,859,0,5606,0,6465,0,0,31,-2,4,2,1049,0,25,30
04-12-21,Cocke,4412,12,2922,6,1490,6,3222,4,22007,73,25229,77,0,98,8,56,4,4258,0,115,98
04-12-21,Coffee,6791,11,4701,8,2090,3,5744,9,45490,26,51234,35,0,121,0,77,11,6593,0,122,121
04-12-21,Crockett,2000,3,1205,0,795,3,1404,0,7307,6,8711,6,0,48,2,5,1,1947,0,30,48
04-12-21,Cumberland,6485,3,5374,2,1111,1,6153,3,48225,17,54378,20,0,127,-13,120,16,6238,0,156,128
04-12-21,Davidson,86685,140,81213,125,5472,15,98632,152,971760,1543,1070392,1695,0,919,-25,893,165,84873,2,1945,922
04-12-21,Decatur,1563,0,1161,0,402,0,1381,0,10933,2,12314,2,0,38,0,1,0,1524,0,39,38
04-12-21,Dekalb,2743,2,2028,1,715,1,2344,1,16920,6,19264,7,0,53,0,12,2,2678,0,55,53
04-12-21,Dickson,6658,11,4807,8,1851,3,5678,7,35176,72,40854,79,0,108,-9,124,20,6426,0,117,109
04-12-21,Dyer,5340,3,3527,1,1813,2,3982,1,21696,12,25678,13,0,104,-1,25,4,5211,0,108,104
04-12-21,Fayette,4854,9,4158,4,696,5,5119,6,37473,46,42592,52,0,78,4,49,5,4727,1,131,76
04-12-21,Fentress,2370,7,2047,7,323,0,2339,7,13140,2,15479,9,0,46,4,22,3,2302,0,63,46
04-12-21,Franklin,5051,1,4206,0,845,1,4924,0,37688,23,42612,23,0,88,-8,48,9,4915,0,108,88
04-12-21,Gibson,6350,7,3828,2,2522,5,4637,4,29302,15,33939,19,0,144,-4,50,11,6156,0,110,144
04-12-21,Giles,3914,4,3225,2,689,2,3707,2,22753,19,26460,21,0,98,-2,48,6,3768,0,110,98
04-12-21,Grainger,2560,5,1905,3,655,2,2131,3,13936,8,16067,11,0,48,-2,31,7,2481,0,69,50
04-12-21,Greene,7663,9,6079,6,1584,3,6814,7,49363,50,56177,57,1,152,0,134,8,7377,0,187,152
04-12-21,Grundy,1768,0,1479,0,289,0,1694,0,8993,2,10687,2,0,31,-3,17,3,1720,0,59,31
04-12-21,Hamblen,8423,11,5891,5,2532,6,6616,4,45835,22,52451,26,0,171,3,76,8,8176,0,256,171
04-12-21,Hamilton,42981,58,36982,51,5999,7,41377,59,316971,368,358348,427,0,480,-10,452,68,42049,0,1147,483
04-12-21,Hancock,540,2,382,1,158,1,409,1,3842,1,4251,2,0,12,1,9,1,519,0,20,12
04-12-21,Hardeman,3450,0,2784,0,666,0,3252,1,24737,8,27989,9,0,63,-1,26,1,3361,0,101,63
04-12-21,Hardin,3469,0,2351,0,1118,0,2793,0,23117,2,25910,2,0,66,-7,44,7,3359,0,65,66
04-12-21,Hawkins,5719,17,4650,6,1069,11,5020,5,34287,19,39307,24,0,106,1,126,16,5487,0,148,106
04-12-21,Haywood,2672,1,2241,1,431,0,2559,2,13550,9,16109,11,0,60,1,8,0,2604,0,81,60
04-12-21,Henderson,3698,5,2571,3,1127,2,3219,3,15944,8,19163,11,0,75,4,28,1,3595,0,78,75
04-12-21,Henry,3097,2,2396,2,701,0,2770,2,17720,14,20490,16,0,75,0,25,2,2997,0,76,75
04-12-21,Hickman,2783,1,2243,0,540,1,2587,0,16439,13,19026,13,0,45,-3,29,4,2709,0,55,45
04-12-21,Houston,1075,2,809,2,266,0,926,3,10101,2,11027,5,0,33,2,10,0,1032,0,40,33
04-12-21,Humphreys,1700,4,1092,1,608,3,1272,2,11550,15,12822,17,0,21,0,70,4,1609,1,34,21
04-12-21,Jackson,1289,1,1010,0,279,1,1179,0,5459,4,6638,4,0,35,0,5,1,1249,0,39,35
04-12-21,Jefferson,6018,8,4146,3,1872,5,4687,3,38841,32,43528,35,0,121,2,73,6,5824,0,184,121
04-12-21,Johnson,2280,9,1999,3,281,6,2128,1,15154,6,17282,7,0,38,7,55,2,2187,0,58,38
04-12-21,Knox,49385,63,41401,43,7984,20,45286,51,321650,362,366936,413,1,627,-22,381,84,48377,0,1345,623
04-12-21,Lake,1693,0,1504,0,189,0,1773,0,10005,5,11778,5,0,26,-1,3,1,1664,0,25,26
04-12-21,Lauderdale,3124,1,2434,1,690,0,2795,2,20875,12,23670,14,0,44,0,14,1,3066,1,83,43
04-12-21,Lawrence,5742,7,4488,6,1254,1,4940,6,29030,28,33970,34,0,86,4,42,3,5614,0,146,86
04-12-21,Lewis,1551,1,1171,0,380,1,1267,0,9909,1,11176,1,0,26,-3,19,4,1506,0,43,26
04-12-21,Lincoln,4266,2,3301,1,965,1,3752,0,17538,7,21290,7,0,63,-3,26,5,4177,0,83,61
04-12-21,Loudon,5983,7,4589,4,1394,3,5020,5,31008,39,36028,44,0,70,1,60,6,5853,1,135,69
04-12-21,Macon,3551,3,2762,1,789,2,3242,1,16299,28,19541,29,0,76,-6,59,9,3416,0,124,76
04-12-21,Madison,10648,18,5949,10,4699,8,7232,11,54568,68,61800,79,0,240,10,-346,8,10754,1,337,240
04-12-21,Marion,3068,0,2619,0,449,0,2916,0,19067,10,21983,10,0,46,-2,3,2,3019,0,111,46
04-12-21,Marshall,4076,2,3227,1,849,1,3640,1,22894,21,26534,22,0,58,0,46,2,3972,0,90,58
04-12-21,Maury,12953,33,11380,19,1573,14,12563,22,72998,91,85561,113,1,167,15,94,17,12692,2,292,167
04-12-21,McMinn,6293,7,5592,6,701,1,6166,8,42422,34,48588,42,0,95,-1,91,8,6107,0,155,98
04-12-21,McNairy,2754,2,1956,2,798,0,2377,2,18007,3,20384,5,0,54,-3,-1,5,2701,0,63,54
04-12-21,Meigs,1329,4,1201,4,128,0,1333,4,7998,9,9331,13,0,23,3,12,1,1294,0,42,23
04-12-21,Monroe,5662,13,4471,11,1191,2,5023,14,27078,41,32101,55,0,95,4,76,9,5491,0,154,95
04-12-21,Montgomery,18906,62,13815,51,5091,11,15173,51,113837,340,129010,391,0,223,17,39,45,18644,0,302,224
04-12-21,Moore,992,1,764,1,228,0,863,1,4836,1,5699,2,0,17,-1,6,2,969,0,16,17
04-12-21,Morgan,2435,5,1787,2,648,3,1942,2,15146,6,17088,8,0,39,3,36,2,2360,2,44,39
04-12-21,Obion,4478,4,3313,2,1165,2,3751,2,22410,10,26161,12,0,96,3,37,1,4345,0,100,96
04-12-21,Out of State,17503,16,13930,9,3573,7,15744,12,624121,832,639865,844,0,101,-16,212,32,17190,1,210,96
04-12-21,Overton,2948,1,2216,1,732,0,2608,1,14904,12,17512,13,0,60,-4,18,5,2870,0,63,61
04-12-21,Pending,16315,36,10514,12,5801,24,11679,13,405222,532,416901,545,0,132,4,178,32,16005,0,139,131
04-12-21,Perry,1055,0,906,0,149,0,1019,0,6062,4,7081,4,0,28,0,2,0,1025,0,28,28
04-12-21,Pickett,752,0,496,0,256,0,598,0,3875,3,4473,3,0,24,0,2,0,726,0,28,24
04-12-21,Polk,1971,1,1775,1,196,0,1961,0,9363,16,11324,16,0,24,-6,44,7,1903,0,81,24
04-12-21,Putnam,11088,12,9052,9,2036,3,10852,12,71417,72,82269,84,0,173,-1,110,13,10805,0,207,173
04-12-21,Rhea,4290,6,3714,4,576,2,4156,4,26566,28,30722,32,0,75,4,36,2,4179,0,83,75
04-12-21,Roane,6146,11,4748,7,1398,4,5290,6,42854,22,48144,28,0,100,7,54,4,5992,0,148,102
04-12-21,Robertson,9502,8,7460,6,2042,2,8400,8,43305,52,51705,60,0,127,-19,98,27,9277,0,422,127
04-12-21,Rutherford,41568,61,35567,48,6001,13,41324,52,235404,312,276728,364,1,419,-40,374,100,40775,0,590,420
04-12-21,Scott,3031,2,1675,0,1356,2,1791,0,11421,6,13212,6,0,45,-3,36,5,2950,0,64,45
04-12-21,Sequatchie,1654,0,1300,0,354,0,1418,0,11768,9,13186,9,0,28,-2,25,2,1601,0,38,29
04-12-21,Sevier,13012,14,11178,11,1834,3,12292,13,66416,77,78708,90,0,174,-5,154,19,12684,0,279,175
04-12-21,Shelby,91905,121,85237,101,6668,20,104955,137,971467,1397,1076422,1534,1,1576,-5,1290,125,89039,4,3547,1592
04-12-21,Smith,2726,5,2047,4,679,1,2559,4,13622,13,16181,17,0,38,3,30,2,2658,0,59,38
04-12-21,Stewart,1296,1,983,1,313,0,1110,2,6872,3,7982,5,0,28,-3,8,4,1260,0,26,28
04-12-21,Sullivan,15869,36,13782,34,2087,2,14920,26,88177,87,103097,113,1,285,-8,408,43,15176,2,742,286
04-12-21,Sumner,22968,36,20322,27,2646,9,22979,32,120433,176,143412,208,0,338,0,174,36,22456,2,705,338
04-12-21,Tipton,7178,10,4998,6,2180,4,6035,6,47532,55,53567,61,0,104,1,55,9,7019,4,159,100
04-12-21,Trousdale,2483,2,2326,2,157,0,2493,2,9179,9,11672,11,0,22,-3,20,5,2441,0,41,22
04-12-21,Unicoi,1922,6,1472,1,450,5,1623,2,13260,6,14883,8,0,49,3,47,3,1826,0,67,49
04-12-21,Union,1850,7,1556,4,294,3,1677,4,10460,14,12137,18,0,34,6,16,1,1800,0,58,34
04-12-21,Van Buren,831,3,688,1,143,2,762,1,5304,3,6066,4,0,21,0,11,3,799,0,21,21
04-12-21,Warren,5483,0,4673,0,810,0,5295,0,32965,17,38260,17,0,80,-8,43,8,5360,0,82,81
04-12-21,Washington,13932,30,11952,28,1980,2,13170,30,83160,80,96330,110,0,242,-17,399,47,13291,0,356,241
04-12-21,Wayne,2936,0,2363,0,573,0,2601,0,11278,3,13879,3,0,34,-1,4,1,2898,0,61,34
04-12-21,Weakley,3993,4,2956,0,1037,4,3384,1,21673,12,25057,13,0,61,-3,54,7,3878,0,68,62
04-12-21,White,3514,3,2877,0,637,3,3514,0,22748,27,26262,27,0,68,-1,36,4,3410,0,110,68
04-12-21,Williamson,27041,37,22770,27,4271,10,25255,29,182802,285,208057,314,0,213,-12,207,49,26621,0,291,215
04-12-21,Wilson,17829,41,16007,35,1822,6,18201,35,104258,256,122459,291,0,223,-8,-93,49,17699,0,333,224
04-11-21,Anderson,8539,7,6392,5,2147,2,7148,5,61931,44,69079,49,-1,166,0,82,8,8291,0,214,170
04-11-21,Bedford,6358,5,5010,3,1348,2,5759,4,31535,27,37294,31,0,126,-5,137,10,6095,0,133,125
04-11-21,Benton,1611,2,1270,2,341,0,1404,2,8982,11,10386,13,0,40,-1,41,3,1530,0,37,40
04-11-21,Bledsoe,2086,0,1890,0,196,0,2005,0,15686,24,17691,24,0,11,0,15,0,2060,0,32,11
04-11-21,Blount,14848,10,12668,7,2180,3,13941,10,73440,82,87381,92,0,194,0,-2,10,14656,3,341,193
04-11-21,Bradley,14315,11,11717,7,2598,4,13298,10,65734,69,79032,79,0,147,-6,284,17,13884,1,609,147
04-11-21,Campbell,4054,2,2240,0,1814,2,2518,0,24817,11,27335,11,0,62,-3,38,5,3954,1,127,63
04-11-21,Cannon,1880,1,1503,0,377,1,1674,0,9226,5,10900,5,0,31,1,29,0,1820,0,37,31
04-11-21,Carroll,3544,3,2322,0,1222,3,2758,0,19466,17,22224,17,0,82,2,15,1,3447,0,78,82
04-11-21,Carter,6354,7,5542,7,812,0,6092,8,37453,44,43545,52,0,156,-1,133,8,6065,0,226,156
04-11-21,Cheatham,4380,4,3349,3,1031,1,3791,3,27113,30,30904,33,0,52,-12,97,16,4231,0,90,53
04-11-21,Chester,2080,1,1502,1,578,0,1790,1,11703,10,13493,11,0,51,-2,8,3,2021,0,41,51
04-11-21,Claiborne,3030,5,1945,2,1085,3,2084,2,23951,23,26035,25,0,73,2,47,3,2910,0,92,73
04-11-21,Clay,1084,0,746,0,338,0,859,0,5606,3,6465,3,0,31,0,6,0,1047,0,25,30
04-11-21,Cocke,4400,8,2916,4,1484,4,3218,4,21934,23,25152,27,0,98,2,48,6,4254,0,115,98
04-11-21,Coffee,6780,2,4693,2,2087,0,5735,2,45464,28,51199,30,0,121,-4,77,6,6582,0,122,121
04-11-21,Crockett,1997,0,1205,0,792,0,1404,0,7301,4,8705,4,0,48,0,3,0,1946,0,30,48
04-11-21,Cumberland,6482,13,5372,8,1110,5,6150,6,48208,96,54358,102,0,127,9,133,4,6222,0,156,128
04-11-21,Davidson,86545,62,81088,50,5457,12,98480,60,970217,1582,1068697,1642,0,919,-18,918,80,84708,1,1943,918
04-11-21,Decatur,1563,0,1161,0,402,0,1381,0,10931,3,12312,3,0,38,0,1,0,1524,0,39,38
04-11-21,Dekalb,2741,1,2027,0,714,1,2343,0,16914,4,19257,4,0,53,0,12,1,2676,0,55,53
04-11-21,Dickson,6647,8,4799,6,1848,2,5671,6,35104,32,40775,38,0,108,3,133,5,6406,0,117,108
04-11-21,Dyer,5337,1,3526,0,1811,1,3981,0,21684,6,25665,6,0,104,-2,26,3,5207,0,108,104
04-11-21,Fayette,4845,1,4154,1,691,0,5113,1,37427,37,42540,38,0,78,-6,45,7,4722,0,130,76
04-11-21,Fentress,2363,1,2040,0,323,1,2332,1,13138,4,15470,5,0,46,0,18,1,2299,0,63,46
04-11-21,Franklin,5050,1,4206,1,844,0,4924,1,37665,21,42589,22,1,88,-10,56,10,4906,0,108,88
04-11-21,Gibson,6343,3,3826,3,2517,0,4633,2,29287,10,33920,12,0,144,0,54,3,6145,1,110,144
04-11-21,Giles,3910,1,3223,1,687,0,3705,2,22734,28,26439,30,0,98,-3,50,4,3762,0,110,98
04-11-21,Grainger,2555,1,1902,1,653,0,2128,1,13928,8,16056,9,0,48,-1,33,2,2474,1,69,50
04-11-21,Greene,7654,5,6073,5,1581,0,6807,5,49313,95,56120,100,0,151,-4,134,9,7369,0,187,151
04-11-21,Grundy,1768,1,1479,1,289,0,1694,2,8991,6,10685,8,0,31,1,20,0,1717,1,59,31
04-11-21,Hamblen,8412,4,5886,3,2526,1,6612,3,45813,50,52425,53,0,171,-2,73,6,8168,0,256,171
04-11-21,Hamilton,42923,23,36931,10,5992,13,41318,14,316603,262,357921,276,0,480,-33,462,56,41981,0,1147,482
04-11-21,Hancock,538,0,381,0,157,0,408,0,3841,0,4249,0,0,12,0,8,0,518,0,20,12
04-11-21,Hardeman,3450,3,2784,3,666,0,3251,5,24729,26,27980,31,0,63,3,27,0,3360,0,101,63
04-11-21,Hardin,3469,3,2351,2,1118,1,2793,1,23115,19,25908,20,0,66,-1,51,4,3352,0,65,66
04-11-21,Hawkins,5702,6,4644,6,1058,0,5015,7,34268,38,39283,45,0,106,-7,125,13,5471,0,148,106
04-11-21,Haywood,2671,0,2240,0,431,0,2557,0,13541,6,16098,6,0,60,0,7,0,2604,0,81,60
04-11-21,Henderson,3693,4,2568,2,1125,2,3216,2,15936,6,19152,8,0,75,-1,24,5,3594,1,78,75
04-11-21,Henry,3095,0,2394,0,701,0,2768,0,17706,9,20474,9,0,75,-1,25,1,2995,0,76,75
04-11-21,Hickman,2782,0,2243,0,539,0,2587,0,16426,13,19013,13,0,45,-1,32,1,2705,0,55,45
04-11-21,Houston,1073,0,807,0,266,0,923,0,10099,27,11022,27,0,33,-2,8,2,1032,0,40,33
04-11-21,Humphreys,1696,4,1091,3,605,1,1270,1,11535,10,12805,11,0,21,1,70,3,1605,0,33,21
04-11-21,Jackson,1288,0,1010,0,278,0,1179,0,5455,0,6634,0,0,35,-1,5,1,1248,0,39,35
04-11-21,Jefferson,6010,4,4143,3,1867,1,4684,3,38809,46,43493,49,0,121,0,71,4,5818,0,184,121
04-11-21,Johnson,2271,1,1996,0,275,1,2127,0,15148,8,17275,8,0,38,1,48,0,2185,0,58,38
04-11-21,Knox,49322,26,41358,14,7964,12,45235,15,321288,299,366523,314,2,626,-25,403,49,48293,0,1345,622
04-11-21,Lake,1693,0,1504,0,189,0,1773,0,10000,6,11773,6,0,26,-1,4,1,1663,0,25,26
04-11-21,Lauderdale,3123,1,2433,0,690,1,2793,0,20863,28,23656,28,0,44,0,14,1,3065,0,82,43
04-11-21,Lawrence,5735,2,4482,1,1253,1,4934,1,29002,16,33936,17,0,86,-4,38,6,5611,0,146,86
04-11-21,Lewis,1550,0,1171,0,379,0,1267,0,9908,8,11175,8,0,26,-2,22,2,1502,0,43,26
04-11-21,Lincoln,4264,0,3300,0,964,0,3752,1,17531,10,21283,11,0,63,-2,29,2,4172,0,83,61
04-11-21,Loudon,5976,4,4585,0,1391,4,5015,0,30969,26,35984,26,0,70,2,59,2,5847,0,134,69
04-11-21,Macon,3548,2,2761,2,787,0,3241,2,16271,10,19512,12,0,76,-4,65,6,3407,0,124,76
04-11-21,Madison,10630,6,5939,3,4691,3,7221,3,54500,29,61721,32,0,240,-3,-356,9,10746,0,336,240
04-11-21,Marion,3068,1,2619,1,449,0,2916,1,19057,13,21973,14,0,46,0,5,1,3017,1,111,46
04-11-21,Marshall,4074,1,3226,0,848,1,3639,0,22873,19,26512,19,0,58,1,46,0,3970,0,90,58
04-11-21,Maury,12920,10,11361,6,1559,4,12541,7,72907,124,85448,131,0,166,-1,79,11,12675,0,290,167
04-11-21,McMinn,6286,10,5586,6,700,4,6158,6,42388,32,48546,38,0,95,3,92,7,6099,0,155,98
04-11-21,McNairy,2752,0,1954,0,798,0,2375,0,18004,9,20379,9,0,54,-1,2,1,2696,0,63,54
04-11-21,Meigs,1325,2,1197,0,128,2,1329,1,7989,4,9318,5,0,23,2,9,0,1293,0,42,23
04-11-21,Monroe,5649,4,4460,3,1189,1,5009,3,27037,21,32046,24,0,95,0,72,4,5482,0,154,95
04-11-21,Montgomery,18844,18,13764,9,5080,9,15122,9,113497,159,128619,168,0,223,-10,22,28,18599,0,302,224
04-11-21,Moore,991,0,763,0,228,0,862,0,4835,0,5697,0,0,17,0,7,0,967,0,16,17
04-11-21,Morgan,2430,1,1785,1,645,0,1940,1,15140,14,17080,15,0,39,0,33,1,2358,0,42,39
04-11-21,Obion,4474,0,3311,0,1163,0,3749,0,22400,17,26149,17,0,96,-2,34,2,4344,0,100,96
04-11-21,Out of State,17487,10,13921,2,3566,8,15732,2,623289,444,639021,446,0,101,-5,228,15,17158,1,209,96
04-11-21,Overton,2947,1,2215,0,732,1,2607,0,14892,2,17499,2,0,60,-1,22,2,2865,0,63,61
04-11-21,Pending,16279,5,10502,2,5777,3,11666,3,404690,395,416356,398,0,132,-6,174,11,15973,0,139,131
04-11-21,Perry,1055,0,906,0,149,0,1019,0,6058,2,7077,2,0,28,0,2,0,1025,0,28,28
04-11-21,Pickett,752,0,496,0,256,0,598,0,3872,0,4470,0,0,24,0,2,0,726,0,28,24
04-11-21,Polk,1970,2,1774,2,196,0,1961,2,9347,13,11308,15,0,24,-1,50,3,1896,1,81,24
04-11-21,Putnam,11076,7,9043,4,2033,3,10840,5,71345,38,82185,43,0,173,4,111,3,10792,0,207,173
04-11-21,Rhea,4284,3,3710,2,574,1,4152,2,26538,19,30690,21,0,75,1,32,2,4177,0,83,75
04-11-21,Roane,6135,4,4741,2,1394,2,5284,2,42832,43,48116,45,0,100,2,47,2,5988,0,148,101
04-11-21,Robertson,9494,4,7454,3,2040,1,8392,4,43253,45,51645,49,0,127,-3,117,7,9250,1,422,127
04-11-21,Rutherford,41507,29,35519,16,5988,13,41272,19,235092,236,276364,255,0,418,-23,414,52,40675,0,590,419
04-11-21,Scott,3029,1,1675,0,1354,1,1791,0,11415,2,13206,2,0,45,-5,39,6,2945,0,64,45
04-11-21,Sequatchie,1654,0,1300,0,354,0,1418,0,11759,5,13177,5,0,28,-2,27,2,1599,0,38,29
04-11-21,Sevier,12998,7,11167,5,1831,2,12279,6,66339,50,78618,56,0,174,-11,159,18,12665,0,279,175
04-11-21,Shelby,91784,133,85136,117,6648,16,104818,135,970070,1281,1074888,1416,0,1575,45,1295,88,88914,5,3543,1592
04-11-21,Smith,2721,0,2043,0,678,0,2555,0,13609,18,16164,18,0,38,-3,27,3,2656,0,59,38
04-11-21,Stewart,1295,0,982,0,313,0,1108,0,6869,1,7977,1,0,28,-1,11,1,1256,0,26,28
04-11-21,Sullivan,15833,40,13748,38,2085,2,14894,38,88090,128,102984,166,0,284,7,416,33,15133,0,740,284
04-11-21,Sumner,22932,19,20295,15,2637,4,22947,16,120257,127,143204,143,0,338,-21,174,40,22420,0,703,338
04-11-21,Tipton,7168,3,4992,2,2176,1,6029,2,47477,45,53506,47,0,104,0,54,3,7010,1,155,100
04-11-21,Trousdale,2481,1,2324,1,157,0,2491,1,9170,6,11661,7,0,22,1,23,0,2436,0,41,22
04-11-21,Unicoi,1916,2,1471,1,445,1,1621,1,13254,14,14875,15,0,49,2,44,0,1823,0,67,49
04-11-21,Union,1843,1,1552,1,291,0,1673,2,10446,9,12119,11,0,34,-1,10,2,1799,0,58,34
04-11-21,Van Buren,828,1,687,1,141,0,761,1,5301,1,6062,2,0,21,1,11,0,796,0,21,21
04-11-21,Warren,5483,0,4673,0,810,0,5295,0,32948,13,38243,13,0,80,-1,51,1,5352,0,82,81
04-11-21,Washington,13902,21,11924,19,1978,2,13140,22,83080,118,96220,140,1,242,-17,416,37,13244,0,356,240
04-11-21,Wayne,2936,0,2363,0,573,0,2601,0,11275,13,13876,13,0,34,0,5,0,2897,0,61,34
04-11-21,Weakley,3989,3,2956,3,1033,0,3383,3,21661,14,25044,17,0,61,0,57,3,3871,0,68,62
04-11-21,White,3511,1,2877,1,634,0,3514,1,22721,17,26235,18,0,68,1,37,0,3406,1,110,68
04-11-21,Williamson,27004,28,22743,9,4261,19,25226,12,182517,173,207743,185,0,213,2,219,26,26572,0,291,215
04-11-21,Wilson,17788,22,15972,17,1816,5,18166,18,104002,124,122168,142,0,223,-4,-85,26,17650,0,333,223
04-10-21,Anderson,8532,7,6387,7,2145,0,7143,6,61887,72,69030,78,0,167,-4,82,11,8283,0,214,170
04-10-21,Bedford,6353,4,5007,3,1346,1,5755,4,31508,42,37263,46,0,126,-4,142,8,6085,0,133,125
04-10-21,Benton,1609,1,1268,1,341,0,1402,1,8971,9,10373,10,0,40,-1,42,2,1527,0,37,40
04-10-21,Bledsoe,2086,3,1890,2,196,1,2005,2,15662,22,17667,24,0,11,3,15,0,2060,0,32,11
04-10-21,Blount,14838,15,12661,10,2177,5,13931,11,73358,122,87289,133,0,194,5,-2,10,14646,1,338,193
04-10-21,Bradley,14304,17,11710,14,2594,3,13288,20,65665,167,78953,187,0,147,-8,290,25,13867,1,608,147
04-10-21,Campbell,4052,4,2240,2,1812,2,2518,2,24806,18,27324,20,0,62,1,41,3,3949,1,126,63
04-10-21,Cannon,1879,3,1503,2,376,1,1674,2,9221,11,10895,13,0,31,3,28,0,1820,0,37,31
04-10-21,Carroll,3541,0,2322,0,1219,0,2758,0,19449,14,22207,14,0,82,-1,13,1,3446,0,78,82
04-10-21,Carter,6347,8,5535,6,812,2,6084,8,37409,123,43493,131,0,156,-1,134,9,6057,0,226,156
04-10-21,Cheatham,4376,4,3346,2,1030,2,3788,5,27083,28,30871,33,1,52,-2,109,5,4215,0,90,53
04-10-21,Chester,2079,0,1501,0,578,0,1789,0,11693,5,13482,5,0,51,-2,10,2,2018,0,41,51
04-10-21,Claiborne,3025,3,1943,1,1082,2,2082,1,23928,24,26010,25,0,73,-5,45,8,2907,0,92,73
04-10-21,Clay,1084,0,746,0,338,0,859,0,5603,3,6462,3,0,31,0,6,0,1047,0,25,30
04-10-21,Cocke,4392,3,2912,1,1480,2,3214,2,21911,30,25125,32,0,98,-1,46,4,4248,0,115,98
04-10-21,Coffee,6778,4,4691,1,2087,3,5733,1,45436,34,51169,35,0,121,0,81,4,6576,0,122,121
04-10-21,Crockett,1997,0,1205,0,792,0,1404,1,7297,6,8701,7,0,48,-1,3,1,1946,0,30,48
04-10-21,Cumberland,6469,7,5364,5,1105,2,6144,5,48112,24,54256,29,0,127,2,124,5,6218,0,156,128
04-10-21,Davidson,86483,72,81038,55,5445,17,98420,78,968635,2379,1067055,2457,1,919,-8,936,79,84628,3,1942,918
04-10-21,Decatur,1563,0,1161,0,402,0,1381,0,10928,5,12309,5,0,38,0,1,0,1524,0,39,38
04-10-21,Dekalb,2740,0,2027,0,713,0,2343,0,16910,9,19253,9,0,53,-1,12,1,2675,0,55,53
04-10-21,Dickson,6639,4,4793,2,1846,2,5665,4,35072,31,40737,35,0,108,-1,130,5,6401,0,117,108
04-10-21,Dyer,5336,1,3526,1,1810,0,3981,3,21678,16,25659,19,0,104,0,28,1,5204,0,108,104
04-10-21,Fayette,4844,6,4153,3,691,3,5112,3,37390,86,42502,89,0,78,4,51,2,4715,0,130,76
04-10-21,Fentress,2362,0,2040,0,322,0,2331,0,13134,2,15465,2,0,46,0,18,0,2298,0,63,46
04-10-21,Franklin,5049,5,4205,4,844,1,4923,4,37644,22,42567,26,0,87,-2,66,7,4896,0,108,87
04-10-21,Gibson,6340,2,3823,1,2517,1,4631,1,29277,31,33908,32,0,144,-1,54,3,6142,0,109,144
04-10-21,Giles,3909,6,3222,2,687,4,3703,2,22706,20,26409,22,0,98,3,53,3,3758,0,110,98
04-10-21,Grainger,2554,2,1901,1,653,1,2127,1,13920,11,16047,12,0,48,0,34,2,2472,0,68,50
04-10-21,Greene,7649,6,6068,5,1581,1,6802,5,49218,80,56020,85,0,151,0,138,6,7360,0,187,151
04-10-21,Grundy,1767,1,1478,1,289,0,1692,1,8985,7,10677,8,0,31,1,19,0,1717,0,58,31
04-10-21,Hamblen,8408,7,5883,2,2525,5,6609,4,45763,30,52372,34,0,171,6,75,1,8162,0,256,170
04-10-21,Hamilton,42900,54,36921,39,5979,15,41304,48,316341,537,357645,585,0,480,20,495,34,41925,0,1147,482
04-10-21,Hancock,538,0,381,0,157,0,408,0,3841,2,4249,2,0,12,-2,8,2,518,0,20,12
04-10-21,Hardeman,3447,2,2781,2,666,0,3246,2,24703,27,27949,29,0,63,0,24,2,3360,0,101,63
04-10-21,Hardin,3466,2,2349,1,1117,1,2792,1,23096,20,25888,21,0,66,1,52,1,3348,0,65,66
04-10-21,Hawkins,5696,4,4638,1,1058,3,5008,1,34230,40,39238,41,1,106,-4,132,7,5458,0,148,106
04-10-21,Haywood,2671,0,2240,0,431,0,2557,0,13535,15,16092,15,0,60,0,7,0,2604,0,81,60
04-10-21,Henderson,3689,5,2566,3,1123,2,3214,3,15930,6,19144,9,0,75,5,25,0,3589,0,77,75
04-10-21,Henry,3095,1,2394,0,701,1,2768,0,17697,7,20465,7,0,75,0,26,1,2994,1,76,75
04-10-21,Hickman,2782,1,2243,0,539,1,2587,0,16413,14,19000,14,0,45,1,33,0,2704,0,55,45
04-10-21,Houston,1073,0,807,0,266,0,923,0,10072,62,10995,62,0,33,-2,10,2,1030,0,40,33
04-10-21,Humphreys,1692,2,1088,1,604,1,1269,1,11525,19,12794,20,0,21,-2,69,4,1602,0,33,21
04-10-21,Jackson,1288,0,1010,0,278,0,1179,0,5455,6,6634,6,0,35,0,6,0,1247,0,39,35
04-10-21,Jefferson,6006,4,4140,2,1866,2,4681,2,38763,42,43444,44,0,121,-1,71,5,5814,0,184,120
04-10-21,Johnson,2270,0,1996,0,274,0,2127,0,15140,25,17267,25,0,38,-1,47,1,2185,0,58,38
04-10-21,Knox,49296,47,41344,30,7952,17,45220,40,320989,571,366209,611,0,624,4,428,43,48244,1,1345,622
04-10-21,Lake,1693,0,1504,0,189,0,1773,0,9994,5,11767,5,0,26,0,5,0,1662,0,25,26
04-10-21,Lauderdale,3122,0,2433,0,689,0,2793,0,20835,14,23628,14,0,44,-1,14,1,3064,0,82,43
04-10-21,Lawrence,5733,2,4481,2,1252,0,4933,2,28986,17,33919,19,0,86,-5,42,7,5605,1,146,86
04-10-21,Lewis,1550,1,1171,0,379,1,1267,0,9900,6,11167,6,0,26,-3,24,4,1500,0,43,26
04-10-21,Lincoln,4264,0,3300,0,964,0,3751,2,17521,16,21272,18,0,63,-4,31,4,4170,0,83,61
04-10-21,Loudon,5972,7,4585,2,1387,5,5015,3,30943,34,35958,37,0,70,1,57,6,5845,0,134,69
04-10-21,Macon,3546,0,2759,0,787,0,3239,0,16261,29,19500,29,1,76,-2,69,1,3401,0,124,76
04-10-21,Madison,10624,7,5936,1,4688,6,7218,1,54471,44,61689,45,0,240,5,-353,2,10737,0,336,240
04-10-21,Marion,3067,0,2618,0,449,0,2915,0,19044,12,21959,12,0,46,-3,5,3,3016,0,110,46
04-10-21,Marshall,4073,3,3226,3,847,0,3639,3,22854,25,26493,28,0,58,0,45,3,3970,1,90,58
04-10-21,Maury,12910,14,11355,9,1555,5,12534,12,72783,82,85317,94,0,166,-4,80,18,12664,0,290,167
04-10-21,McMinn,6276,20,5580,14,696,6,6152,13,42356,65,48508,78,0,95,11,89,9,6092,1,155,98
04-10-21,McNairy,2752,0,1954,0,798,0,2375,0,17995,9,20370,9,0,54,-2,3,2,2695,0,63,54
04-10-21,Meigs,1323,2,1197,1,126,1,1328,1,7985,19,9313,20,0,23,1,7,1,1293,0,42,23
04-10-21,Monroe,5645,1,4457,1,1188,0,5006,1,27016,36,32022,37,0,95,-2,72,3,5478,0,154,95
04-10-21,Montgomery,18826,25,13755,16,5071,9,15113,21,113338,141,128451,162,0,223,-5,32,30,18571,1,302,224
04-10-21,Moore,991,0,763,0,228,0,862,0,4835,1,5697,1,0,17,-2,7,2,967,0,16,17
04-10-21,Morgan,2429,1,1784,1,645,0,1939,1,15126,6,17065,7,0,39,-3,33,4,2357,0,42,39
04-10-21,Obion,4474,3,3311,1,1163,2,3749,2,22383,17,26132,19,0,96,0,36,3,4342,0,100,96
04-10-21,Out of State,17477,15,13919,5,3558,10,15730,7,622845,748,638575,755,0,101,-3,233,18,17143,0,208,96
04-10-21,Overton,2946,1,2215,1,731,0,2607,1,14890,7,17497,8,0,60,-2,23,3,2863,0,63,61
04-10-21,Pending,16274,15,10500,6,5774,9,11663,6,404295,655,415958,661,0,132,6,180,9,15962,0,139,131
04-10-21,Perry,1055,0,906,0,149,0,1019,0,6056,1,7075,1,0,28,0,2,0,1025,0,28,28
04-10-21,Pickett,752,0,496,0,256,0,598,0,3872,2,4470,2,0,24,0,2,0,726,0,28,24
04-10-21,Polk,1968,4,1772,3,196,1,1959,3,9334,27,11293,30,0,24,0,51,4,1893,2,80,24
04-10-21,Putnam,11069,2,9039,1,2030,1,10835,3,71307,44,82142,47,0,173,-2,107,4,10789,0,207,173
04-10-21,Rhea,4281,2,3708,1,573,1,4150,2,26519,26,30669,28,0,75,2,31,0,4175,0,83,75
04-10-21,Roane,6131,3,4739,1,1392,2,5282,1,42789,43,48071,44,0,100,-3,45,6,5986,0,148,101
04-10-21,Robertson,9490,13,7451,7,2039,6,8388,6,43208,63,51596,69,0,127,8,120,5,9243,0,421,127
04-10-21,Rutherford,41478,60,35503,42,5975,18,41253,55,234856,528,276109,583,3,418,25,437,32,40623,1,590,419
04-10-21,Scott,3028,0,1675,0,1353,0,1791,0,11413,11,13204,11,0,45,-4,44,4,2939,0,64,45
04-10-21,Sequatchie,1654,1,1300,1,354,0,1418,0,11754,6,13172,6,0,28,0,29,1,1597,0,38,29
04-10-21,Sevier,12991,24,11162,20,1829,4,12273,23,66289,141,78562,164,0,174,5,170,19,12647,1,279,174
04-10-21,Shelby,91651,192,85019,143,6632,49,104683,167,968789,2307,1073472,2474,0,1575,122,1250,70,88826,7,3538,1591
04-10-21,Smith,2721,1,2043,1,678,0,2555,2,13591,11,16146,13,1,38,-2,30,2,2653,0,59,38
04-10-21,Stewart,1295,3,982,2,313,1,1108,1,6868,0,7976,1,0,28,3,12,0,1255,0,26,28
04-10-21,Sullivan,15793,18,13710,14,2083,4,14856,15,87962,186,102818,201,0,284,-9,409,27,15100,0,740,284
04-10-21,Sumner,22913,22,20280,20,2633,2,22931,25,120130,239,143061,264,0,338,-1,195,23,22380,1,703,338
04-10-21,Tipton,7165,0,4990,0,2175,0,6027,0,47432,89,53459,89,0,104,-5,54,5,7007,0,154,100
04-10-21,Trousdale,2480,2,2323,2,157,0,2490,2,9164,13,11654,15,0,22,-3,22,5,2436,0,41,22
04-10-21,Unicoi,1914,4,1470,4,444,0,1620,4,13240,30,14860,34,0,49,2,42,2,1823,0,67,49
04-10-21,Union,1842,0,1551,0,291,0,1671,0,10437,18,12108,18,0,34,0,11,0,1797,0,58,34
04-10-21,Van Buren,827,0,686,0,141,0,760,0,5300,3,6060,3,0,21,-2,10,2,796,0,21,21
04-10-21,Warren,5483,0,4673,0,810,0,5295,0,32935,52,38230,52,0,80,-4,52,4,5351,0,82,81
04-10-21,Washington,13881,28,11905,26,1976,2,13118,30,82962,189,96080,219,0,241,3,433,25,13207,0,356,240
04-10-21,Wayne,2936,1,2363,1,573,0,2601,1,11262,8,13863,9,0,34,0,5,1,2897,0,61,34
04-10-21,Weakley,3986,1,2953,1,1033,0,3380,2,21647,10,25027,12,0,61,-7,57,8,3868,0,68,62
04-10-21,White,3510,1,2876,1,634,0,3513,1,22704,22,26217,23,0,68,-2,36,3,3406,0,109,68
04-10-21,Williamson,26976,33,22734,24,4242,9,25214,25,182344,310,207558,335,0,213,14,217,19,26546,0,291,215
04-10-21,Wilson,17766,24,15955,15,1811,9,18148,18,103878,260,122026,278,0,223,-4,-81,28,17624,0,333,223
04-09-21,Anderson,8525,8,6380,6,2145,2,7137,9,61815,86,68952,95,-4,167,8,86,4,8272,0,214,170
04-09-21,Bedford,6349,16,5004,11,1345,5,5751,14,31466,87,37217,101,0,126,1,146,15,6077,0,133,125
04-09-21,Benton,1608,3,1267,1,341,2,1401,3,8962,27,10363,30,0,40,1,43,2,1525,1,37,40
04-09-21,Bledsoe,2083,3,1888,3,195,0,2003,3,15640,53,17643,56,0,11,2,12,1,2060,0,32,11
04-09-21,Blount,14823,16,12651,11,2172,5,13920,12,73236,163,87156,175,0,194,-7,-7,23,14636,0,337,193
04-09-21,Bradley,14287,33,11696,22,2591,11,13268,24,65498,188,78766,212,0,147,6,298,27,13842,2,607,147
04-09-21,Campbell,4048,0,2238,0,1810,0,2516,0,24788,16,27304,16,0,62,-6,40,6,3946,0,125,63
04-09-21,Cannon,1876,1,1501,1,375,0,1672,1,9210,17,10882,18,0,31,-1,25,2,1820,0,37,31
04-09-21,Carroll,3541,0,2322,0,1219,0,2758,0,19435,22,22193,22,0,82,0,14,0,3445,0,78,82
04-09-21,Carter,6339,28,5529,25,810,3,6076,25,37286,74,43362,99,0,156,14,135,14,6048,0,226,156
04-09-21,Cheatham,4372,12,3344,10,1028,2,3783,10,27055,106,30838,116,0,51,-2,111,14,4210,0,90,52
04-09-21,Chester,2079,2,1501,2,578,0,1789,2,11688,6,13477,8,0,51,0,12,2,2016,0,41,51
04-09-21,Claiborne,3022,6,1942,3,1080,3,2081,3,23904,79,25985,82,0,73,-2,50,8,2899,0,92,73
04-09-21,Clay,1084,2,746,2,338,0,859,2,5600,11,6459,13,0,31,2,6,0,1047,0,25,30
04-09-21,Cocke,4389,4,2911,4,1478,0,3212,4,21881,57,25093,61,0,98,1,47,3,4244,0,115,98
04-09-21,Coffee,6774,5,4690,3,2084,2,5732,3,45402,73,51134,76,0,121,1,81,4,6572,0,122,121
04-09-21,Crockett,1997,2,1205,1,792,1,1403,0,7291,13,8694,13,0,48,2,4,0,1945,0,30,48
04-09-21,Cumberland,6462,14,5359,11,1103,3,6139,14,48088,100,54227,114,0,127,5,122,9,6213,1,156,128
04-09-21,Davidson,86411,132,80983,105,5428,27,98342,116,966256,2512,1064598,2628,0,918,17,944,115,84549,0,1939,918
04-09-21,Decatur,1563,0,1161,0,402,0,1381,0,10923,6,12304,6,0,38,0,1,0,1524,0,39,38
04-09-21,Dekalb,2740,2,2027,0,713,2,2343,0,16901,23,19244,23,0,53,0,13,2,2674,0,55,53
04-09-21,Dickson,6635,10,4791,8,1844,2,5661,8,35041,76,40702,84,0,108,3,131,7,6396,0,117,108
04-09-21,Dyer,5335,1,3525,1,1810,0,3978,1,21662,44,25640,45,0,104,-3,28,4,5203,0,108,104
04-09-21,Fayette,4838,6,4150,3,688,3,5109,2,37304,45,42413,47,0,78,4,47,2,4713,0,130,76
04-09-21,Fentress,2362,0,2040,0,322,0,2331,0,13132,16,15463,16,0,46,0,18,0,2298,0,63,46
04-09-21,Franklin,5044,6,4201,6,843,0,4919,4,37622,185,42541,189,0,87,1,68,5,4889,0,108,87
04-09-21,Gibson,6338,4,3822,4,2516,0,4630,4,29246,57,33876,61,0,144,-1,55,5,6139,0,109,144
04-09-21,Giles,3903,4,3220,4,683,0,3701,5,22686,39,26387,44,0,98,-1,50,5,3755,0,110,98
04-09-21,Grainger,2552,7,1900,7,652,0,2126,7,13909,31,16035,38,-1,48,3,34,5,2470,0,68,50
04-09-21,Greene,7643,17,6063,15,1580,2,6797,15,49138,240,55935,255,0,151,6,138,11,7354,0,187,151
04-09-21,Grundy,1766,3,1477,2,289,1,1691,2,8978,49,10669,51,0,31,2,18,1,1717,0,58,31
04-09-21,Hamblen,8401,12,5881,6,2520,6,6605,4,45733,88,52338,92,2,171,5,69,5,8161,1,256,170
04-09-21,Hamilton,42846,76,36882,64,5964,12,41256,68,315804,798,357060,866,0,480,23,475,53,41891,10,1147,481
04-09-21,Hancock,538,1,381,0,157,1,408,1,3839,8,4247,9,0,12,0,10,1,516,0,20,12
04-09-21,Hardeman,3445,3,2779,2,666,1,3244,2,24676,33,27920,35,0,63,3,24,0,3358,0,101,63
04-09-21,Hardin,3464,9,2348,4,1116,5,2791,5,23076,40,25867,45,0,66,6,51,3,3347,0,65,66
04-09-21,Hawkins,5692,19,4637,13,1055,6,5007,13,34190,103,39197,116,0,105,7,136,12,5451,0,148,106
04-09-21,Haywood,2671,1,2240,1,431,0,2557,1,13520,12,16077,13,0,60,1,7,0,2604,0,81,60
04-09-21,Henderson,3684,2,2563,2,1121,0,3211,3,15924,13,19135,16,0,75,2,20,0,3589,0,77,75
04-09-21,Henry,3094,5,2394,1,700,4,2768,2,17690,25,20458,27,0,75,5,26,0,2993,0,75,75
04-09-21,Hickman,2781,2,2243,1,538,1,2587,1,16399,32,18986,33,0,45,-3,32,5,2704,0,55,45
04-09-21,Houston,1073,2,807,2,266,0,923,2,10010,11,10933,13,0,33,1,12,1,1028,0,40,33
04-09-21,Humphreys,1690,12,1087,8,603,4,1268,8,11506,26,12774,34,0,21,5,71,7,1598,1,33,21
04-09-21,Jackson,1288,1,1010,1,278,0,1179,1,5449,11,6628,12,0,35,-1,6,2,1247,0,39,35
04-09-21,Jefferson,6002,6,4138,4,1864,2,4679,10,38721,89,43400,99,0,121,2,72,4,5809,0,184,120
04-09-21,Johnson,2270,5,1996,4,274,1,2127,4,15115,47,17242,51,0,38,4,48,1,2184,0,58,38
04-09-21,Knox,49249,80,41314,60,7935,20,45180,66,320418,615,365598,681,5,624,10,424,65,48201,1,1344,621
04-09-21,Lake,1693,0,1504,0,189,0,1773,0,9989,11,11762,11,0,26,-1,5,1,1662,0,25,26
04-09-21,Lauderdale,3122,2,2433,2,689,0,2793,2,20821,40,23614,42,0,44,1,15,1,3063,0,82,43
04-09-21,Lawrence,5731,10,4479,6,1252,4,4931,7,28969,48,33900,55,0,86,6,47,4,5598,1,145,86
04-09-21,Lewis,1549,3,1171,1,378,2,1267,1,9894,8,11161,9,0,26,-3,27,6,1496,0,43,26
04-09-21,Lincoln,4264,1,3300,1,964,0,3749,0,17505,35,21254,35,0,63,-3,35,4,4166,0,83,61
04-09-21,Loudon,5965,10,4583,5,1382,5,5012,4,30909,63,35921,67,1,70,6,56,3,5839,0,134,69
04-09-21,Macon,3546,4,2759,3,787,1,3239,3,16232,18,19471,21,0,75,-4,71,8,3400,0,124,76
04-09-21,Madison,10617,17,5935,9,4682,8,7217,11,54427,94,61644,105,0,240,8,-358,9,10735,0,336,239
04-09-21,Marion,3067,2,2618,2,449,0,2915,1,19032,44,21947,45,0,46,1,8,1,3013,0,110,46
04-09-21,Marshall,4070,4,3223,4,847,0,3636,4,22829,19,26465,23,0,58,0,45,4,3967,0,89,58
04-09-21,Maury,12896,17,11346,14,1550,3,12522,13,72701,135,85223,148,0,166,-10,84,27,12646,0,290,167
04-09-21,McMinn,6256,6,5566,6,690,0,6139,8,42291,64,48430,72,0,95,-2,78,8,6083,0,154,96
04-09-21,McNairy,2752,2,1954,0,798,2,2375,0,17986,28,20361,28,0,54,0,5,2,2693,0,63,54
04-09-21,Meigs,1321,1,1196,1,125,0,1327,1,7966,9,9293,10,0,23,1,6,0,1292,0,42,23
04-09-21,Monroe,5644,6,4456,4,1188,2,5005,5,26980,38,31985,43,0,95,-7,74,13,5475,1,154,95
04-09-21,Montgomery,18801,47,13739,42,5062,5,15092,46,113197,334,128289,380,0,223,9,37,38,18541,1,301,223
04-09-21,Moore,991,0,763,0,228,0,862,0,4834,9,5696,9,0,17,-3,9,3,965,0,16,17
04-09-21,Morgan,2428,5,1783,0,645,5,1938,2,15120,12,17058,14,0,39,2,36,3,2353,0,42,39
04-09-21,Obion,4471,5,3310,2,1161,3,3747,2,22366,61,26113,63,0,96,3,36,2,4339,0,100,96
04-09-21,Out of State,17462,20,13914,15,3548,5,15723,16,622097,1123,637820,1139,0,101,-6,236,26,17125,0,208,96
04-09-21,Overton,2945,3,2214,1,731,2,2606,1,14883,18,17489,19,0,60,3,25,0,2860,0,63,61
04-09-21,Pending,16259,86,10494,73,5765,13,11657,75,403640,989,415297,1064,0,132,61,174,25,15953,0,139,131
04-09-21,Perry,1055,0,906,0,149,0,1019,0,6055,2,7074,2,0,28,0,2,0,1025,0,28,28
04-09-21,Pickett,752,0,496,0,256,0,598,0,3870,2,4468,2,0,24,0,2,0,726,0,28,24
04-09-21,Polk,1964,10,1769,10,195,0,1956,11,9307,19,11263,30,0,24,7,51,3,1889,0,78,24
04-09-21,Putnam,11067,18,9038,18,2029,0,10832,23,71263,173,82095,196,0,173,12,109,6,10785,0,207,173
04-09-21,Rhea,4279,4,3707,4,572,0,4148,4,26493,45,30641,49,0,75,-3,29,7,4175,0,83,75
04-09-21,Roane,6128,9,4738,3,1390,6,5281,3,42746,95,48027,98,-1,100,5,48,5,5980,1,148,101
04-09-21,Robertson,9477,5,7444,2,2033,3,8382,3,43145,106,51527,109,0,127,-9,112,14,9238,0,421,127
04-09-21,Rutherford,41418,66,35461,51,5957,15,41198,59,234328,544,275526,603,0,415,-15,412,81,40591,0,589,418
04-09-21,Scott,3028,3,1675,1,1353,2,1791,1,11402,20,13193,21,0,45,3,48,0,2935,1,64,45
04-09-21,Sequatchie,1653,3,1299,2,354,1,1418,2,11748,16,13166,18,0,28,1,29,2,1596,0,38,29
04-09-21,Sevier,12967,15,11142,11,1825,4,12250,11,66148,146,78398,157,0,174,-3,165,18,12628,1,278,174
04-09-21,Shelby,91459,151,84876,138,6583,13,104516,165,966482,2788,1070998,2953,0,1575,40,1128,111,88756,7,3531,1591
04-09-21,Smith,2720,7,2042,4,678,3,2553,4,13580,26,16133,30,0,37,4,32,3,2651,0,59,38
04-09-21,Stewart,1292,1,980,1,312,0,1107,1,6868,12,7975,13,0,28,-2,9,3,1255,0,26,28
04-09-21,Sullivan,15775,49,13696,45,2079,4,14841,47,87776,203,102617,250,1,284,13,418,35,15073,1,740,284
04-09-21,Sumner,22891,33,20260,24,2631,9,22906,25,119891,241,142797,266,0,338,-9,196,42,22357,0,702,337
04-09-21,Tipton,7165,9,4990,9,2175,0,6027,9,47343,111,53370,120,0,104,2,59,7,7002,1,154,100
04-09-21,Trousdale,2478,1,2321,1,157,0,2488,1,9151,21,11639,22,0,22,-2,25,3,2431,0,41,22
04-09-21,Unicoi,1910,4,1466,3,444,1,1616,3,13210,31,14826,34,0,49,2,40,2,1821,0,67,49
04-09-21,Union,1842,2,1551,0,291,2,1671,0,10419,22,12090,22,0,34,1,11,1,1797,0,58,34
04-09-21,Van Buren,827,2,686,1,141,1,760,1,5297,4,6057,5,0,21,2,12,0,794,0,21,21
04-09-21,Warren,5483,5,4673,2,810,3,5295,2,32883,64,38178,66,-1,80,2,56,4,5347,0,82,81
04-09-21,Washington,13853,39,11879,35,1974,4,13088,38,82773,217,95861,255,1,241,3,430,35,13182,2,356,240
04-09-21,Wayne,2935,0,2362,0,573,0,2600,0,11254,9,13854,9,0,34,0,5,0,2896,0,61,34
04-09-21,Weakley,3985,4,2952,3,1033,1,3378,4,21637,78,25015,82,0,61,-3,64,7,3860,0,68,62
04-09-21,White,3509,5,2875,2,634,3,3512,3,22682,35,26194,38,0,68,3,38,2,3403,1,109,68
04-09-21,Williamson,26943,37,22710,20,4233,17,25189,22,182034,370,207223,392,0,213,-18,203,55,26527,0,291,214
04-09-21,Wilson,17742,22,15940,18,1802,4,18130,19,103618,282,121748,301,0,223,-8,-77,30,17596,0,333,223
04-08-21,Anderson,8517,3,6374,2,2143,1,7128,3,61729,91,68857,94,5,171,-18,78,16,8268,1,214,170
04-08-21,Bedford,6333,16,4993,11,1340,5,5737,11,31379,49,37116,60,0,126,-5,145,21,6062,0,133,125
04-08-21,Benton,1605,6,1266,3,339,3,1398,2,8935,19,10333,21,0,40,4,42,2,1523,1,36,40
04-08-21,Bledsoe,2080,1,1885,0,195,1,2000,0,15587,105,17587,105,0,11,1,10,0,2059,0,32,11
04-08-21,Blount,14807,19,12640,13,2167,6,13908,12,73073,131,86981,143,-1,194,5,0,15,14613,0,337,193
04-08-21,Bradley,14254,28,11674,17,2580,11,13244,19,65310,123,78554,142,0,147,13,292,15,13815,1,605,147
04-08-21,Campbell,4048,4,2238,0,1810,4,2516,2,24772,23,27288,25,0,62,-2,46,6,3940,1,125,63
04-08-21,Cannon,1875,2,1500,2,375,0,1671,2,9193,16,10864,18,0,31,1,26,1,1818,0,37,31
04-08-21,Carroll,3541,1,2322,1,1219,0,2758,1,19413,18,22171,19,0,82,-3,14,4,3445,0,78,82
04-08-21,Carter,6311,13,5504,12,807,1,6051,15,37212,63,43263,78,0,156,0,121,13,6034,0,226,156
04-08-21,Cheatham,4360,18,3334,5,1026,13,3773,5,26949,46,30722,51,0,51,0,113,18,4196,0,90,51
04-08-21,Chester,2077,1,1499,1,578,0,1787,1,11682,5,13469,6,1,51,-1,12,1,2014,0,41,51
04-08-21,Claiborne,3016,7,1939,2,1077,5,2078,2,23825,23,25903,25,-1,73,6,52,2,2891,0,92,73
04-08-21,Clay,1082,0,744,0,338,0,857,0,5589,3,6446,3,0,31,-2,4,2,1047,0,25,30
04-08-21,Cocke,4385,5,2907,1,1478,4,3208,1,21824,26,25032,27,0,98,-1,46,6,4241,0,115,98
04-08-21,Coffee,6769,12,4687,3,2082,9,5729,4,45329,62,51058,66,0,121,-5,80,17,6568,0,122,121
04-08-21,Crockett,1995,0,1204,0,791,0,1403,0,7278,6,8681,6,0,48,0,2,0,1945,0,30,48
04-08-21,Cumberland,6448,3,5348,2,1100,1,6125,3,47988,33,54113,36,1,127,-10,117,12,6204,0,155,128
04-08-21,Davidson,86279,111,80878,98,5401,13,98226,124,963744,2161,1061970,2285,1,918,-29,927,139,84434,2,1939,917
04-08-21,Decatur,1563,0,1161,0,402,0,1381,0,10917,7,12298,7,0,38,-1,1,1,1524,0,39,38
04-08-21,Dekalb,2738,0,2027,0,711,0,2343,0,16878,12,19221,12,0,53,-3,13,3,2672,0,55,53
04-08-21,Dickson,6625,12,4783,8,1842,4,5653,11,34965,92,40618,103,0,108,1,128,11,6389,0,117,108
04-08-21,Dyer,5334,4,3524,3,1810,1,3977,3,21618,42,25595,45,0,104,2,31,2,5199,0,108,104
04-08-21,Fayette,4832,12,4147,5,685,7,5107,6,37259,64,42366,70,0,78,8,43,4,4711,0,130,76
04-08-21,Fentress,2362,0,2040,0,322,0,2331,0,13116,12,15447,12,0,46,0,18,0,2298,0,63,46
04-08-21,Franklin,5038,1,4195,1,843,0,4915,1,37437,39,42352,40,0,87,-8,67,9,4884,0,108,87
04-08-21,Gibson,6334,7,3818,5,2516,2,4626,5,29189,65,33815,70,0,144,2,56,5,6134,0,109,144
04-08-21,Giles,3899,3,3216,1,683,2,3696,3,22647,29,26343,32,0,98,-1,51,4,3750,0,110,98
04-08-21,Grainger,2545,2,1893,0,652,2,2119,0,13878,14,15997,14,1,49,-1,31,2,2465,0,68,50
04-08-21,Greene,7626,12,6048,10,1578,2,6782,9,48898,124,55680,133,0,151,2,132,10,7343,1,187,151
04-08-21,Grundy,1763,1,1475,0,288,1,1689,0,8929,15,10618,15,0,31,0,16,1,1716,0,58,31
04-08-21,Hamblen,8389,4,5875,1,2514,3,6601,2,45645,42,52246,44,-1,169,2,64,3,8156,0,255,170
04-08-21,Hamilton,42770,51,36818,26,5952,25,41188,27,315006,581,356194,608,0,480,10,452,41,41838,3,1137,480
04-08-21,Hancock,537,4,381,3,156,1,407,3,3831,5,4238,8,0,12,3,10,1,515,0,20,12
04-08-21,Hardeman,3442,5,2777,4,665,1,3242,4,24643,21,27885,25,0,63,4,21,1,3358,0,101,63
04-08-21,Hardin,3455,3,2344,2,1111,1,2786,2,23036,26,25822,28,0,66,-2,45,5,3344,0,65,66
04-08-21,Hawkins,5673,10,4624,5,1049,5,4994,5,34087,116,39081,121,0,105,6,129,4,5439,0,148,106
04-08-21,Haywood,2670,0,2239,0,431,0,2556,0,13508,5,16064,5,0,60,-1,6,1,2604,0,81,60
04-08-21,Henderson,3682,4,2561,1,1121,3,3208,1,15911,10,19119,11,0,75,0,18,4,3589,0,77,75
04-08-21,Henry,3089,1,2393,0,696,1,2766,0,17665,13,20431,13,0,75,-3,21,4,2993,0,75,75
04-08-21,Hickman,2779,4,2242,3,537,1,2586,3,16367,32,18953,35,0,45,0,35,4,2699,0,55,45
04-08-21,Houston,1071,2,805,1,266,1,921,2,9999,89,10920,91,0,33,2,11,0,1027,0,40,33
04-08-21,Humphreys,1678,7,1079,5,599,2,1260,6,11480,18,12740,24,0,21,5,66,2,1591,0,32,21
04-08-21,Jackson,1287,0,1009,0,278,0,1178,0,5438,2,6616,2,0,35,0,7,0,1245,0,39,35
04-08-21,Jefferson,5996,12,4134,8,1862,4,4669,8,38632,62,43301,70,0,121,7,70,5,5805,0,184,120
04-08-21,Johnson,2265,1,1992,0,273,1,2123,0,15068,32,17191,32,0,38,-3,44,4,2183,0,58,38
04-08-21,Knox,49169,49,41254,26,7915,23,45114,25,319803,467,364917,492,-6,619,-21,414,76,48136,0,1343,621
04-08-21,Lake,1693,2,1504,1,189,1,1773,1,9978,5,11751,6,0,26,2,6,0,1661,0,25,26
04-08-21,Lauderdale,3120,0,2431,0,689,0,2791,0,20781,21,23572,21,0,44,0,14,0,3062,0,82,43
04-08-21,Lawrence,5721,3,4473,2,1248,1,4924,3,28921,33,33845,36,0,86,-6,41,9,5594,0,144,86
04-08-21,Lewis,1546,1,1170,1,376,0,1266,2,9886,12,11152,14,1,26,-2,30,2,1490,0,43,26
04-08-21,Lincoln,4263,4,3299,4,964,0,3749,4,17470,36,21219,40,0,63,-2,38,6,4162,0,83,61
04-08-21,Loudon,5955,5,4578,0,1377,5,5008,1,30846,41,35854,42,0,69,3,50,2,5836,0,134,69
04-08-21,Macon,3542,4,2756,4,786,0,3236,4,16214,23,19450,27,0,75,-2,75,6,3392,1,124,75
04-08-21,Madison,10600,25,5926,16,4674,9,7206,18,54333,93,61539,111,0,240,16,-366,9,10726,0,336,239
04-08-21,Marion,3065,0,2616,0,449,0,2914,1,18988,12,21902,13,0,46,-2,7,2,3012,0,110,46
04-08-21,Marshall,4066,4,3219,1,847,3,3632,2,22810,31,26442,33,0,58,2,45,2,3963,1,89,58
04-08-21,Maury,12879,7,11332,4,1547,3,12509,10,72566,128,85075,138,0,166,-17,94,24,12619,0,290,166
04-08-21,McMinn,6250,3,5560,2,690,1,6131,1,42227,61,48358,62,0,95,-3,80,6,6075,0,154,96
04-08-21,McNairy,2750,1,1954,0,796,1,2375,0,17958,13,20333,13,0,54,1,5,0,2691,0,63,54
04-08-21,Meigs,1320,0,1195,0,125,0,1326,0,7957,10,9283,10,0,23,-1,5,1,1292,0,42,23
04-08-21,Monroe,5638,11,4452,6,1186,5,5000,7,26942,60,31942,67,0,95,7,81,4,5462,0,153,95
04-08-21,Montgomery,18754,45,13697,25,5057,20,15046,22,112863,334,127909,356,0,223,10,28,35,18503,0,300,223
04-08-21,Moore,991,0,763,0,228,0,862,0,4825,4,5687,4,0,17,-1,12,1,962,0,16,17
04-08-21,Morgan,2423,0,1783,0,640,0,1936,0,15108,8,17044,8,0,39,-1,34,1,2350,0,42,39
04-08-21,Obion,4466,4,3308,2,1158,2,3745,2,22305,20,26050,22,0,96,-1,33,5,4337,0,100,96
04-08-21,Out of State,17442,30,13899,25,3543,5,15707,32,620974,1347,636681,1379,-1,101,7,242,24,17099,0,208,96
04-08-21,Overton,2942,0,2213,0,729,0,2605,0,14865,7,17470,7,0,60,-2,22,2,2860,0,63,60
04-08-21,Pending,16173,28,10421,9,5752,19,11582,10,402651,913,414233,923,0,132,7,113,21,15928,0,139,131
04-08-21,Perry,1055,2,906,1,149,1,1019,0,6053,5,7072,5,0,28,2,2,0,1025,0,28,28
04-08-21,Pickett,752,0,496,0,256,0,598,0,3868,6,4466,6,0,24,-1,2,1,726,0,28,24
04-08-21,Polk,1954,6,1759,6,195,0,1945,8,9288,12,11233,20,0,24,1,44,5,1886,0,78,24
04-08-21,Putnam,11049,7,9020,3,2029,4,10809,6,71090,70,81899,76,0,173,-8,97,15,10779,0,207,173
04-08-21,Rhea,4275,2,3703,1,572,1,4144,2,26448,32,30592,34,0,75,-3,32,5,4168,0,83,75
04-08-21,Roane,6119,5,4735,2,1384,3,5278,2,42651,55,47929,57,1,101,3,43,1,5975,0,147,101
04-08-21,Robertson,9472,15,7442,10,2030,5,8379,12,43039,88,51418,100,0,127,1,121,14,9224,1,421,127
04-08-21,Rutherford,41352,61,35410,40,5942,21,41139,45,233784,711,274923,756,0,415,-38,427,99,40510,0,589,415
04-08-21,Scott,3025,3,1674,0,1351,3,1790,0,11382,16,13172,16,0,45,-2,45,5,2935,0,63,45
04-08-21,Sequatchie,1650,1,1297,0,353,1,1416,0,11732,11,13148,11,0,28,-1,28,2,1594,0,38,29
04-08-21,Sevier,12952,20,11131,5,1821,15,12239,6,66002,58,78241,64,0,174,-1,168,21,12610,0,277,174
04-08-21,Shelby,91308,155,84738,139,6570,16,104351,146,963694,3030,1068045,3176,1,1575,23,1088,131,88645,6,3524,1590
04-08-21,Smith,2713,4,2038,1,675,3,2549,1,13554,16,16103,17,0,37,-1,28,5,2648,0,59,37
04-08-21,Stewart,1291,3,979,3,312,0,1106,3,6856,17,7962,20,0,28,1,11,2,1252,0,26,28
04-08-21,Sullivan,15726,61,13651,56,2075,5,14794,77,87573,332,102367,409,0,283,23,405,38,15038,2,739,284
04-08-21,Sumner,22858,31,20236,25,2622,6,22881,25,119650,241,142531,266,0,338,-20,205,51,22315,0,702,337
04-08-21,Tipton,7156,5,4981,2,2175,3,6018,2,47232,97,53250,99,0,104,-2,57,7,6995,0,153,100
04-08-21,Trousdale,2477,2,2320,1,157,1,2487,1,9130,7,11617,8,0,22,0,27,2,2428,0,41,22
04-08-21,Unicoi,1906,5,1463,2,443,3,1613,2,13179,26,14792,28,0,49,2,38,3,1819,0,67,49
04-08-21,Union,1840,3,1551,2,289,1,1671,2,10397,12,12068,14,0,34,3,10,0,1796,0,58,34
04-08-21,Van Buren,825,1,685,1,140,0,759,1,5293,9,6052,10,0,21,0,10,1,794,0,21,21
04-08-21,Warren,5478,1,4671,0,807,1,5293,0,32819,67,38112,67,1,81,-3,54,3,5343,0,82,81
04-08-21,Washington,13814,52,11844,43,1970,9,13050,44,82556,218,95606,262,0,240,16,427,36,13147,0,354,240
04-08-21,Wayne,2935,0,2362,0,573,0,2600,0,11245,12,13845,12,1,34,-2,5,1,2896,0,61,34
04-08-21,Weakley,3981,8,2949,2,1032,6,3374,3,21559,26,24933,29,0,61,2,67,6,3853,1,68,61
04-08-21,White,3504,3,2873,1,631,2,3509,1,22647,21,26156,22,0,68,1,35,2,3401,0,108,68
04-08-21,Williamson,26906,36,22690,27,4216,9,25167,27,181664,329,206831,356,0,213,-12,221,48,26472,0,291,213
04-08-21,Wilson,17720,20,15922,16,1798,4,18111,20,103336,392,121447,412,0,223,-12,-69,32,17566,0,333,223
04-07-21,Anderson,8514,20,6372,13,2142,7,7125,14,61638,159,68763,173,0,166,10,96,10,8252,2,213,170
04-07-21,Bedford,6317,17,4982,11,1335,6,5726,12,31330,73,37056,85,0,126,3,150,14,6041,0,133,125
04-07-21,Benton,1599,5,1263,3,336,2,1396,3,8916,21,10312,24,0,40,2,38,3,1521,0,35,40
04-07-21,Bledsoe,2079,2,1885,1,194,1,2000,1,15482,11,17482,12,0,11,0,9,2,2059,0,32,11
04-07-21,Blount,14788,27,12627,21,2161,6,13896,19,72942,218,86838,237,1,195,15,-5,11,14598,1,337,193
04-07-21,Bradley,14226,30,11657,24,2569,6,13225,34,65187,249,78412,283,0,147,1,279,29,13800,3,604,147
04-07-21,Campbell,4044,8,2238,4,1806,4,2514,2,24749,31,27263,33,0,62,1,48,7,3934,0,124,63
04-07-21,Cannon,1873,2,1498,1,375,1,1669,1,9177,23,10846,24,0,31,2,25,0,1817,0,37,31
04-07-21,Carroll,3540,3,2321,3,1219,0,2757,3,19395,17,22152,20,0,82,1,17,2,3441,0,78,82
04-07-21,Carter,6298,23,5492,15,806,8,6036,18,37149,144,43185,162,0,156,13,121,10,6021,1,226,156
04-07-21,Cheatham,4342,18,3329,12,1013,6,3768,12,26903,67,30671,79,0,51,7,113,11,4178,0,90,51
04-07-21,Chester,2076,2,1498,2,578,0,1786,2,11677,14,13463,16,0,50,-1,13,3,2013,0,41,50
04-07-21,Claiborne,3009,5,1937,0,1072,5,2076,0,23802,38,25878,38,0,74,-1,46,6,2889,0,92,73
04-07-21,Clay,1082,0,744,0,338,0,857,0,5586,10,6443,10,0,31,0,6,0,1045,0,25,30
04-07-21,Cocke,4380,10,2906,6,1474,4,3207,6,21798,108,25005,114,0,98,0,47,10,4235,1,115,98
04-07-21,Coffee,6757,13,4684,9,2073,4,5725,10,45267,64,50992,74,0,121,2,85,11,6551,0,122,121
04-07-21,Crockett,1995,0,1204,0,791,0,1403,0,7272,15,8675,15,0,48,0,2,0,1945,0,30,48
04-07-21,Cumberland,6445,28,5346,21,1099,7,6122,23,47955,106,54077,129,1,126,23,127,4,6192,1,155,128
04-07-21,Davidson,86168,114,80780,104,5388,10,98102,120,961583,2859,1059685,2979,1,917,-70,956,183,84295,3,1937,917
04-07-21,Decatur,1563,0,1161,0,402,0,1381,0,10910,6,12291,6,0,38,-2,2,2,1523,0,39,38
04-07-21,Dekalb,2738,0,2027,0,711,0,2343,0,16866,28,19209,28,0,53,-2,16,2,2669,0,55,53
04-07-21,Dickson,6613,14,4775,10,1838,4,5642,10,34873,114,40515,124,0,108,8,127,6,6378,0,117,108
04-07-21,Dyer,5330,2,3521,2,1809,0,3974,1,21576,33,25550,34,1,104,-2,29,3,5197,0,108,104
04-07-21,Fayette,4820,3,4142,3,678,0,5101,3,37195,119,42296,122,1,78,-2,35,4,4707,0,130,76
04-07-21,Fentress,2362,2,2040,1,322,1,2331,2,13104,19,15435,21,0,46,2,18,0,2298,1,63,46
04-07-21,Franklin,5037,11,4194,6,843,5,4914,6,37398,52,42312,58,0,87,6,75,5,4875,0,108,87
04-07-21,Gibson,6327,11,3813,8,2514,3,4621,9,29124,42,33745,51,0,144,7,54,4,6129,1,109,144
04-07-21,Giles,3896,4,3215,0,681,4,3693,1,22618,40,26311,41,0,98,1,52,3,3746,0,110,98
04-07-21,Grainger,2543,6,1893,4,650,2,2119,4,13864,23,15983,27,0,48,3,32,3,2463,0,68,50
04-07-21,Greene,7614,21,6038,20,1576,1,6773,23,48774,308,55547,331,0,151,6,130,15,7333,1,186,151
04-07-21,Grundy,1762,5,1475,4,287,1,1689,4,8914,41,10603,45,0,31,1,16,4,1715,0,58,31
04-07-21,Hamblen,8385,11,5874,4,2511,7,6599,5,45603,93,52202,98,0,170,3,62,8,8153,0,255,170
04-07-21,Hamilton,42719,78,36792,61,5927,17,41161,68,314425,802,355586,870,0,480,25,442,53,41797,0,1134,480
04-07-21,Hancock,533,3,378,3,155,0,404,3,3826,10,4230,13,0,12,-1,7,4,514,0,20,12
04-07-21,Hardeman,3437,1,2773,1,664,0,3238,0,24622,62,27860,62,0,63,-1,17,2,3357,0,101,63
04-07-21,Hardin,3452,11,2342,9,1110,2,2784,9,23010,48,25794,57,0,66,4,47,7,3339,0,65,66
04-07-21,Hawkins,5663,39,4619,34,1044,5,4989,36,33971,88,38960,124,0,105,26,123,13,5435,0,148,105
04-07-21,Haywood,2670,1,2239,1,431,0,2556,1,13503,23,16059,24,0,60,0,7,1,2603,0,81,60
04-07-21,Henderson,3678,3,2560,1,1118,2,3207,1,15901,18,19108,19,0,75,-2,18,5,3585,0,77,75
04-07-21,Henry,3088,5,2393,2,695,3,2766,2,17652,24,20418,26,0,75,3,24,2,2989,0,75,75
04-07-21,Hickman,2775,9,2239,7,536,2,2583,7,16335,41,18918,48,0,45,6,35,3,2695,0,55,45
04-07-21,Houston,1069,0,804,0,265,0,919,0,9910,128,10829,128,0,33,-1,9,1,1027,0,40,33
04-07-21,Humphreys,1671,11,1074,9,597,2,1254,8,11462,40,12716,48,0,21,8,61,3,1589,0,32,21
04-07-21,Jackson,1287,0,1009,0,278,0,1178,0,5436,19,6614,19,0,35,0,7,0,1245,0,39,35
04-07-21,Jefferson,5984,16,4126,8,1858,8,4661,9,38570,70,43231,79,0,121,6,63,10,5800,1,184,120
04-07-21,Johnson,2264,18,1992,11,272,7,2123,15,15036,75,17159,90,0,38,17,47,1,2179,0,58,38
04-07-21,Knox,49120,77,41228,54,7892,23,45089,61,319336,769,364425,830,2,625,11,435,64,48060,1,1343,621
04-07-21,Lake,1691,1,1503,1,188,0,1772,1,9973,35,11745,36,0,26,0,4,1,1661,0,25,26
04-07-21,Lauderdale,3120,4,2431,2,689,2,2791,1,20760,33,23551,34,0,44,3,14,1,3062,0,82,43
04-07-21,Lawrence,5718,7,4471,7,1247,0,4921,7,28888,52,33809,59,0,86,4,47,3,5585,0,144,86
04-07-21,Lewis,1545,1,1169,1,376,0,1264,1,9874,14,11138,15,0,25,-5,32,6,1488,0,43,26
04-07-21,Lincoln,4259,2,3295,0,964,2,3745,0,17434,47,21179,47,0,63,-2,40,4,4156,0,83,61
04-07-21,Loudon,5950,15,4578,11,1372,4,5007,12,30805,56,35812,68,0,69,7,47,8,5834,0,134,69
04-07-21,Macon,3538,11,2752,10,786,1,3232,10,16191,86,19423,96,0,75,5,77,6,3386,1,123,75
04-07-21,Madison,10575,18,5910,12,4665,6,7188,14,54240,146,61428,160,1,240,4,-382,13,10717,0,336,239
04-07-21,Marion,3065,1,2616,1,449,0,2913,2,18976,84,21889,86,0,46,-2,9,3,3010,0,110,46
04-07-21,Marshall,4062,7,3218,2,844,5,3630,4,22779,33,26409,37,0,58,-2,43,9,3961,0,88,58
04-07-21,Maury,12872,33,11328,27,1544,6,12499,29,72438,160,84937,189,0,166,13,111,20,12595,0,290,166
04-07-21,McMinn,6247,13,5558,13,689,0,6130,15,42166,90,48296,105,0,95,7,83,6,6069,0,154,96
04-07-21,McNairy,2749,2,1954,1,795,1,2375,1,17945,36,20320,37,0,54,0,4,2,2691,0,63,54
04-07-21,Meigs,1320,0,1195,0,125,0,1326,0,7947,20,9273,20,0,23,-3,6,3,1291,0,42,23
04-07-21,Monroe,5627,16,4446,9,1181,7,4993,11,26882,62,31875,73,0,95,8,74,8,5458,0,153,95
04-07-21,Montgomery,18709,52,13672,37,5037,15,15024,40,112529,410,127553,450,0,223,6,18,46,18468,0,300,223
04-07-21,Moore,991,1,763,1,228,0,862,1,4821,10,5683,11,0,17,-4,13,5,961,0,16,17
04-07-21,Morgan,2423,8,1783,5,640,3,1936,6,15100,28,17036,34,0,39,1,35,7,2349,0,42,39
04-07-21,Obion,4462,5,3306,1,1156,4,3743,1,22285,41,26028,42,0,96,2,34,3,4332,0,100,96
04-07-21,Out of State,17412,40,13874,27,3538,13,15675,25,619627,1743,635302,1768,1,102,10,235,29,17075,1,208,96
04-07-21,Overton,2942,1,2213,1,729,0,2605,1,14858,53,17463,54,0,60,-1,24,2,2858,0,63,60
04-07-21,Pending,16145,26,10412,16,5733,10,11572,21,401738,1020,413310,1041,0,132,13,106,13,15907,1,139,131
04-07-21,Perry,1053,0,905,0,148,0,1019,1,6048,8,7067,9,0,28,0,0,0,1025,0,28,28
04-07-21,Pickett,752,0,496,0,256,0,598,0,3862,6,4460,6,0,24,-1,3,1,725,0,28,24
04-07-21,Polk,1948,5,1753,3,195,2,1937,4,9276,24,11213,28,0,24,-1,43,6,1881,0,78,24
04-07-21,Putnam,11042,11,9017,7,2025,4,10803,10,71020,332,81823,342,0,173,-4,105,15,10764,0,207,173
04-07-21,Rhea,4273,4,3702,3,571,1,4142,3,26416,82,30558,85,0,75,1,35,3,4163,0,83,75
04-07-21,Roane,6114,6,4733,2,1381,4,5276,3,42596,139,47872,142,0,100,1,40,5,5974,0,147,101
04-07-21,Robertson,9457,11,7432,4,2025,7,8367,4,42951,108,51318,112,0,127,-4,120,15,9210,0,420,127
04-07-21,Rutherford,41291,86,35370,68,5921,18,41094,77,233073,692,274167,769,2,415,-12,465,96,40411,1,589,414
04-07-21,Scott,3022,9,1674,6,1348,3,1790,6,11366,26,13156,32,0,45,5,47,4,2930,0,63,45
04-07-21,Sequatchie,1649,4,1297,3,352,1,1416,3,11721,23,13137,26,0,28,4,29,0,1592,0,38,29
04-07-21,Sevier,12932,19,11126,10,1806,9,12233,13,65944,199,78177,212,1,174,2,169,16,12589,1,277,174
04-07-21,Shelby,91153,177,84599,156,6554,21,104205,172,960664,4505,1064869,4677,9,1574,66,1065,102,88514,7,3518,1590
04-07-21,Smith,2709,2,2037,1,672,1,2548,1,13538,30,16086,31,0,37,-7,29,9,2643,0,59,37
04-07-21,Stewart,1288,1,976,0,312,1,1103,0,6839,12,7942,12,0,28,0,10,1,1250,0,26,28
04-07-21,Sullivan,15665,39,13595,32,2070,7,14717,33,87241,202,101958,235,0,283,-5,382,44,15000,0,737,283
04-07-21,Sumner,22827,55,20211,42,2616,13,22856,46,119409,399,142265,445,0,338,22,225,33,22264,0,702,337
04-07-21,Tipton,7151,8,4979,6,2172,2,6016,5,47135,134,53151,139,0,104,4,59,4,6988,2,153,100
04-07-21,Trousdale,2475,7,2319,0,156,7,2486,0,9123,22,11609,22,0,22,4,27,3,2426,0,41,22
04-07-21,Unicoi,1901,8,1461,6,440,2,1611,6,13153,39,14764,45,0,49,5,36,3,1816,0,67,49
04-07-21,Union,1837,3,1549,3,288,0,1669,3,10385,19,12054,22,0,34,3,7,0,1796,0,58,34
04-07-21,Van Buren,824,2,684,2,140,0,758,3,5284,4,6042,7,0,21,2,10,0,793,0,21,21
04-07-21,Warren,5477,11,4671,9,806,2,5293,9,32752,95,38045,104,0,80,5,57,6,5340,0,82,81
04-07-21,Washington,13762,66,11801,56,1961,10,13006,58,82338,322,95344,380,0,240,25,411,41,13111,2,354,239
04-07-21,Wayne,2935,0,2362,0,573,0,2600,1,11233,15,13833,16,0,33,0,7,0,2895,0,61,34
04-07-21,Weakley,3973,10,2947,6,1026,4,3371,5,21533,38,24904,43,0,61,6,65,4,3847,1,67,61
04-07-21,White,3501,8,2872,2,629,6,3508,2,22626,48,26134,50,0,68,6,34,2,3399,0,108,68
04-07-21,Williamson,26870,46,22663,36,4207,10,25140,40,181335,487,206475,527,0,213,-6,233,52,26424,0,291,213
04-07-21,Wilson,17700,35,15906,28,1794,7,18091,29,102944,296,121035,325,0,223,6,-57,29,17534,0,333,223
04-06-21,Anderson,8494,5,6359,4,2135,1,7111,5,61479,42,68590,47,0,166,2,86,3,8242,0,211,170
04-06-21,Bedford,6300,4,4971,1,1329,3,5714,2,31257,33,36971,35,0,126,-25,147,29,6027,0,133,125
04-06-21,Benton,1594,2,1260,1,334,1,1393,1,8895,4,10288,5,0,40,-4,36,6,1518,0,35,40
04-06-21,Bledsoe,2077,3,1884,2,193,1,1999,2,15471,16,17470,18,0,11,2,9,1,2057,0,32,11
04-06-21,Blount,14761,26,12606,17,2155,9,13877,19,72724,138,86601,157,0,194,5,-20,21,14587,0,336,193
04-06-21,Bradley,14196,30,11633,15,2563,15,13191,14,64938,66,78129,80,0,147,-1,278,31,13771,2,601,147
04-06-21,Campbell,4036,10,2234,5,1802,5,2512,5,24718,16,27230,21,0,62,4,47,6,3927,0,124,63
04-06-21,Cannon,1871,4,1497,1,374,3,1668,1,9154,6,10822,7,0,31,0,23,4,1817,0,37,31
04-06-21,Carroll,3537,3,2318,2,1219,1,2754,2,19378,14,22132,16,0,82,2,16,1,3439,0,78,82
04-06-21,Carter,6275,15,5477,11,798,4,6018,12,37005,40,43023,52,0,156,2,108,13,6011,0,225,156
04-06-21,Cheatham,4324,8,3317,7,1007,1,3756,9,26836,71,30592,80,0,51,3,106,5,4167,0,90,51
04-06-21,Chester,2074,2,1496,0,578,2,1784,0,11663,5,13447,5,1,50,0,14,1,2010,0,41,50
04-06-21,Claiborne,3004,6,1937,2,1067,4,2076,2,23764,19,25840,21,0,74,4,47,2,2883,0,92,73
04-06-21,Clay,1082,2,744,1,338,1,857,1,5576,4,6433,5,0,31,2,6,0,1045,1,25,30
04-06-21,Cocke,4370,2,2900,1,1470,1,3201,1,21690,15,24891,16,0,98,-11,47,13,4225,0,114,98
04-06-21,Coffee,6744,9,4675,3,2069,6,5715,3,45203,78,50918,81,0,121,-1,83,10,6540,0,122,121
04-06-21,Crockett,1995,0,1204,0,791,0,1403,0,7257,4,8660,4,0,48,0,2,0,1945,0,30,48
04-06-21,Cumberland,6417,7,5325,4,1092,3,6099,5,47849,28,53948,33,0,125,1,104,6,6188,0,154,128
04-06-21,Davidson,86054,192,80676,163,5378,29,97982,192,958724,3426,1056706,3618,1,916,38,1026,153,84112,1,1934,914
04-06-21,Decatur,1563,0,1161,0,402,0,1381,0,10904,5,12285,5,0,38,-1,4,1,1521,0,39,38
04-06-21,Dekalb,2738,3,2027,2,711,1,2343,2,16838,20,19181,22,0,53,-2,18,5,2667,0,55,53
04-06-21,Dickson,6599,22,4765,18,1834,4,5632,18,34759,72,40391,90,0,108,11,119,11,6372,0,117,108
04-06-21,Dyer,5328,6,3519,2,1809,4,3973,2,21543,17,25516,19,0,103,3,31,3,5194,1,108,104
04-06-21,Fayette,4817,8,4139,4,678,4,5098,5,37076,77,42174,82,0,77,6,37,2,4703,0,130,76
04-06-21,Fentress,2360,4,2039,3,321,1,2329,3,13085,5,15414,8,1,46,2,16,1,2298,0,62,46
04-06-21,Franklin,5026,6,4188,5,838,1,4908,7,37346,25,42254,32,0,87,4,69,2,4870,0,108,87
04-06-21,Gibson,6316,7,3805,2,2511,5,4612,1,29082,24,33694,25,0,144,4,47,3,6125,0,108,144
04-06-21,Giles,3892,12,3215,5,677,7,3692,4,22578,27,26270,31,0,98,7,51,5,3743,0,110,98
04-06-21,Grainger,2537,3,1889,3,648,0,2115,3,13841,12,15956,15,0,48,-2,29,5,2460,0,68,50
04-06-21,Greene,7593,15,6018,13,1575,2,6750,16,48466,52,55216,68,0,151,1,124,14,7318,0,185,151
04-06-21,Grundy,1757,3,1471,2,286,1,1685,3,8873,7,10558,10,0,31,2,15,1,1711,1,58,31
04-06-21,Hamblen,8374,11,5870,6,2504,5,6594,6,45510,31,52104,37,0,170,2,59,9,8145,1,255,170
04-06-21,Hamilton,42641,52,36731,29,5910,23,41093,29,313623,369,354716,398,0,480,-6,417,58,41744,1,1134,480
04-06-21,Hancock,530,1,375,1,155,0,401,1,3816,2,4217,3,0,12,1,8,0,510,0,20,12
04-06-21,Hardeman,3436,4,2772,2,664,2,3238,1,24560,6,27798,7,0,63,3,18,1,3355,0,101,63
04-06-21,Hardin,3441,5,2333,2,1108,3,2775,2,22962,18,25737,20,0,66,0,43,5,3332,1,65,66
04-06-21,Hawkins,5624,14,4585,7,1039,7,4953,10,33883,52,38836,62,0,105,-4,97,18,5422,0,148,105
04-06-21,Haywood,2669,0,2238,0,431,0,2555,1,13480,5,16035,6,0,60,0,7,0,2602,0,81,60
04-06-21,Henderson,3675,3,2559,0,1116,3,3206,0,15883,6,19089,6,0,75,2,20,1,3580,0,77,75
04-06-21,Henry,3083,2,2391,2,692,0,2764,2,17628,7,20392,9,0,75,2,21,0,2987,1,75,75
04-06-21,Hickman,2766,4,2232,2,534,2,2576,2,16294,31,18870,33,0,45,3,29,1,2692,0,55,45
04-06-21,Houston,1069,1,804,0,265,1,919,0,9782,4,10701,4,0,33,0,10,1,1026,0,40,33
04-06-21,Humphreys,1660,4,1065,0,595,4,1246,2,11422,15,12668,17,0,21,3,53,1,1586,0,32,21
04-06-21,Jackson,1287,0,1009,0,278,0,1178,0,5417,8,6595,8,0,35,0,7,0,1245,0,39,35
04-06-21,Jefferson,5968,8,4118,1,1850,7,4652,2,38500,26,43152,28,0,121,2,57,6,5790,0,183,120
04-06-21,Johnson,2246,11,1981,4,265,7,2108,2,14961,8,17069,10,0,38,11,30,0,2178,0,58,38
04-06-21,Knox,49043,75,41174,41,7869,34,45028,46,318567,426,363595,472,2,623,-6,424,79,47996,0,1342,621
04-06-21,Lake,1690,0,1502,0,188,0,1771,0,9938,4,11709,4,0,26,0,4,0,1660,0,25,26
04-06-21,Lauderdale,3116,2,2429,2,687,0,2790,2,20727,38,23517,40,0,44,1,11,1,3061,0,82,43
04-06-21,Lawrence,5711,0,4464,0,1247,0,4914,0,28836,23,33750,23,0,86,-4,43,4,5582,0,144,86
04-06-21,Lewis,1544,2,1168,1,376,1,1263,1,9860,12,11123,13,0,25,2,37,0,1482,1,43,26
04-06-21,Lincoln,4257,5,3295,5,962,0,3745,5,17387,16,21132,21,0,63,1,42,4,4152,0,83,61
04-06-21,Loudon,5935,7,4567,2,1368,5,4995,2,30749,36,35744,38,0,69,0,40,7,5826,0,134,69
04-06-21,Macon,3527,5,2742,1,785,4,3222,1,16105,34,19327,35,0,75,1,72,4,3380,0,122,75
04-06-21,Madison,10557,10,5898,7,4659,3,7174,8,54094,47,61268,55,0,239,5,-386,5,10704,0,336,239
04-06-21,Marion,3064,3,2615,2,449,1,2911,2,18892,20,21803,22,0,46,2,11,1,3007,0,110,46
04-06-21,Marshall,4055,12,3216,4,839,8,3626,1,22746,43,26372,44,0,58,8,45,4,3952,1,88,58
04-06-21,Maury,12839,35,11301,25,1538,10,12470,26,72278,134,84748,160,0,166,11,98,24,12575,1,290,165
04-06-21,McMinn,6234,3,5545,2,689,1,6115,1,42076,25,48191,26,-1,95,-4,76,8,6063,0,154,96
04-06-21,McNairy,2747,3,1953,3,794,0,2374,3,17909,4,20283,7,0,54,0,4,3,2689,0,63,54
04-06-21,Meigs,1320,2,1195,1,125,1,1326,1,7927,9,9253,10,0,23,-1,9,3,1288,0,42,23
04-06-21,Monroe,5611,3,4437,3,1174,0,4982,4,26820,39,31802,43,0,95,-5,66,8,5450,0,153,95
04-06-21,Montgomery,18657,39,13635,20,5022,19,14984,22,112119,284,127103,306,0,223,-20,12,59,18422,0,300,223
04-06-21,Moore,990,0,762,0,228,0,861,0,4811,6,5672,6,0,17,-3,17,3,956,0,16,17
04-06-21,Morgan,2415,4,1778,2,637,2,1930,2,15072,9,17002,11,0,39,-4,34,8,2342,0,42,39
04-06-21,Obion,4457,3,3305,2,1152,1,3742,2,22244,36,25986,38,0,96,1,32,2,4329,1,100,96
04-06-21,Out of State,17372,32,13847,17,3525,15,15650,20,617884,1418,633534,1438,0,101,11,225,21,17046,0,207,96
04-06-21,Overton,2941,1,2212,1,729,0,2604,1,14805,11,17409,12,0,60,-2,25,3,2856,0,63,60
04-06-21,Pending,16119,26,10396,14,5723,12,11551,14,400718,874,412269,888,1,132,9,93,16,15894,0,138,131
04-06-21,Perry,1053,0,905,0,148,0,1018,0,6040,5,7058,5,0,28,-1,0,1,1025,0,28,28
04-06-21,Pickett,752,1,496,1,256,0,598,1,3856,1,4454,2,0,24,1,4,0,724,0,28,24
04-06-21,Polk,1943,4,1750,3,193,1,1933,3,9252,15,11185,18,0,24,0,44,4,1875,1,78,24
04-06-21,Putnam,11031,13,9010,9,2021,4,10793,11,70688,98,81481,109,0,173,-6,109,19,10749,0,207,173
04-06-21,Rhea,4269,3,3699,2,570,1,4139,2,26334,30,30473,32,0,75,-3,34,6,4160,0,83,75
04-06-21,Roane,6108,8,4731,3,1377,5,5273,3,42457,24,47730,27,0,100,7,39,1,5969,1,147,101
04-06-21,Robertson,9446,13,7428,8,2018,5,8363,9,42843,75,51206,84,0,127,1,124,12,9195,1,420,127
04-06-21,Rutherford,41205,98,35302,71,5903,27,41017,78,232381,472,273398,550,1,413,7,477,90,40315,0,588,413
04-06-21,Scott,3013,6,1668,1,1345,5,1784,1,11340,26,13124,27,0,45,0,42,6,2926,0,63,45
04-06-21,Sequatchie,1645,0,1294,0,351,0,1413,0,11698,10,13111,10,0,28,-2,25,2,1592,0,38,29
04-06-21,Sevier,12913,15,11116,2,1797,13,12220,2,65745,70,77965,72,1,173,-4,167,18,12573,0,276,174
04-06-21,Shelby,90976,113,84443,95,6533,18,104033,113,956159,2634,1060192,2747,0,1565,-9,999,122,88412,5,3511,1588
04-06-21,Smith,2707,4,2036,3,671,1,2547,3,13508,19,16055,22,0,37,-5,36,9,2634,0,59,37
04-06-21,Stewart,1287,0,976,0,311,0,1103,0,6827,16,7930,16,0,28,-1,10,1,1249,0,26,28
04-06-21,Sullivan,15626,32,13563,28,2063,4,14684,48,87039,281,101723,329,0,283,-7,387,39,14956,1,737,283
04-06-21,Sumner,22772,59,20169,39,2603,20,22810,40,119010,245,141820,285,1,338,2,203,56,22231,0,702,337
04-06-21,Tipton,7143,10,4973,4,2170,6,6011,5,47001,97,53012,102,0,104,6,55,4,6984,0,151,100
04-06-21,Trousdale,2468,1,2319,1,149,0,2486,2,9101,16,11587,18,0,22,-1,23,2,2423,0,41,22
04-06-21,Unicoi,1893,4,1455,0,438,4,1605,1,13114,16,14719,17,0,49,3,31,1,1813,0,67,49
04-06-21,Union,1834,5,1546,3,288,2,1666,3,10366,14,12032,17,0,34,1,4,4,1796,1,58,34
04-06-21,Van Buren,822,0,682,0,140,0,755,0,5280,3,6035,3,0,21,0,8,0,793,0,21,21
04-06-21,Warren,5466,3,4662,2,804,1,5284,2,32657,41,37941,43,0,80,-1,52,4,5334,0,82,81
04-06-21,Washington,13696,39,11745,29,1951,10,12948,35,82016,130,94964,165,1,240,4,386,34,13070,0,352,239
04-06-21,Wayne,2935,0,2362,0,573,0,2599,0,11218,5,13817,5,0,33,-2,7,2,2895,0,61,34
04-06-21,Weakley,3963,3,2941,1,1022,2,3366,2,21495,18,24861,20,0,61,-3,59,6,3843,0,66,61
04-06-21,White,3493,4,2870,4,623,0,3506,6,22578,18,26084,24,0,68,-5,28,9,3397,1,108,68
04-06-21,Williamson,26824,51,22627,32,4197,19,25100,35,180848,368,205948,403,-1,213,8,239,44,26372,0,291,213
04-06-21,Wilson,17665,37,15878,33,1787,4,18062,38,102648,304,120710,342,1,223,0,-63,36,17505,1,333,222
04-05-21,Anderson,8489,14,6355,3,2134,11,7106,2,61437,59,68543,61,0,166,5,84,9,8239,2,211,170
04-05-21,Bedford,6296,18,4970,6,1326,12,5712,5,31224,19,36936,24,1,126,-8,172,25,5998,0,133,125
04-05-21,Benton,1592,3,1259,2,333,1,1392,3,8891,5,10283,8,0,40,1,40,2,1512,0,35,40
04-05-21,Bledsoe,2074,2,1882,1,192,1,1997,1,15455,3,17452,4,0,11,-3,7,5,2056,0,32,11
04-05-21,Blount,14735,8,12589,6,2146,2,13858,3,72586,87,86444,90,0,194,-10,-25,18,14566,0,336,193
04-05-21,Bradley,14166,39,11618,15,2548,24,13177,14,64872,43,78049,57,2,147,-4,279,41,13740,1,599,147
04-05-21,Campbell,4026,6,2229,1,1797,5,2507,1,24702,10,27209,11,0,62,-1,43,7,3921,0,124,63
04-05-21,Cannon,1867,3,1496,0,371,3,1667,2,9148,2,10815,4,0,31,-2,23,5,1813,0,37,31
04-05-21,Carroll,3534,2,2316,0,1218,2,2752,0,19364,13,22116,13,0,82,1,14,1,3438,0,78,82
04-05-21,Carter,6260,21,5466,18,794,3,6006,20,36965,27,42971,47,0,156,9,106,12,5998,0,225,156
04-05-21,Cheatham,4316,1,3310,0,1006,1,3747,3,26765,21,30512,24,1,51,-15,103,15,4162,0,90,51
04-05-21,Chester,2072,0,1496,0,576,0,1784,0,11658,4,13442,4,1,49,-1,14,0,2009,0,41,50
04-05-21,Claiborne,2998,5,1935,2,1063,3,2074,2,23745,8,25819,10,0,74,1,43,4,2881,0,92,73
04-05-21,Clay,1080,1,743,1,337,0,856,1,5572,1,6428,2,0,31,1,4,0,1045,0,24,30
04-05-21,Cocke,4368,6,2899,3,1469,3,3200,3,21675,70,24875,73,0,98,-6,58,12,4212,0,114,98
04-05-21,Coffee,6735,7,4672,2,2063,5,5712,3,45125,24,50837,27,1,121,-4,84,10,6530,0,122,121
04-05-21,Crockett,1995,15,1204,15,791,0,1403,16,7253,1,8656,17,0,48,14,2,1,1945,0,30,48
04-05-21,Cumberland,6410,10,5321,1,1089,9,6094,1,47821,15,53915,16,0,125,-2,103,12,6182,0,154,128
04-05-21,Davidson,85862,67,80513,53,5349,14,97790,62,955298,730,1053088,792,8,915,-84,988,143,83959,5,1933,913
04-05-21,Decatur,1563,1,1161,0,402,1,1381,1,10899,2,12280,3,0,38,1,5,0,1520,0,39,38
04-05-21,Dekalb,2735,1,2025,0,710,1,2341,0,16818,14,19159,14,0,53,1,20,0,2662,0,55,53
04-05-21,Dickson,6577,12,4747,9,1830,3,5614,8,34687,53,40301,61,1,108,-3,108,14,6361,0,117,108
04-05-21,Dyer,5322,3,3517,2,1805,1,3971,3,21526,8,25497,11,0,103,2,28,1,5191,1,107,103
04-05-21,Fayette,4809,2,4135,0,674,2,5093,1,36999,37,42092,38,0,77,-3,31,5,4701,0,130,76
04-05-21,Fentress,2356,3,2036,0,320,3,2326,0,13080,6,15406,6,0,45,3,14,0,2297,0,62,46
04-05-21,Franklin,5020,8,4183,7,837,1,4901,8,37321,39,42222,47,0,87,-8,65,16,4868,0,108,87
04-05-21,Gibson,6309,5,3803,0,2506,5,4611,0,29058,9,33669,9,1,144,-3,43,7,6122,0,108,144
04-05-21,Giles,3880,10,3210,3,670,7,3688,1,22551,21,26239,22,0,98,5,44,5,3738,0,110,98
04-05-21,Grainger,2534,0,1886,0,648,0,2112,0,13829,5,15941,5,0,48,-1,31,1,2455,0,68,50
04-05-21,Greene,7578,17,6005,4,1573,13,6734,5,48414,52,55148,57,0,151,10,123,7,7304,1,185,151
04-05-21,Grundy,1754,1,1469,1,285,0,1682,1,8866,7,10548,8,0,31,0,13,1,1710,0,57,31
04-05-21,Hamblen,8363,1,5864,1,2499,0,6588,1,45479,12,52067,13,0,170,-11,57,12,8136,0,254,170
04-05-21,Hamilton,42589,52,36702,42,5887,10,41064,39,313254,150,354318,189,1,480,-23,423,74,41686,6,1133,480
04-05-21,Hancock,529,0,374,0,155,0,400,0,3814,2,4214,2,0,12,0,7,0,510,0,20,12
04-05-21,Hardeman,3432,3,2770,1,662,2,3237,1,24554,5,27791,6,0,63,0,15,3,3354,0,101,63
04-05-21,Hardin,3436,3,2331,0,1105,3,2773,0,22944,7,25717,7,0,66,0,43,3,3327,0,64,66
04-05-21,Hawkins,5610,9,4578,6,1032,3,4943,4,33831,24,38774,28,1,105,-3,101,11,5404,1,148,105
04-05-21,Haywood,2669,2,2238,2,431,0,2554,2,13475,1,16029,3,0,60,2,7,0,2602,0,81,60
04-05-21,Henderson,3672,2,2559,2,1113,0,3206,2,15877,4,19083,6,1,75,1,18,0,3579,0,77,75
04-05-21,Henry,3081,5,2389,3,692,2,2762,3,17621,15,20383,18,0,75,2,19,3,2987,0,74,75
04-05-21,Hickman,2762,3,2230,2,532,1,2574,2,16263,14,18837,16,2,45,0,26,1,2691,0,55,45
04-05-21,Houston,1068,4,804,3,264,1,919,3,9778,4,10697,7,0,33,3,10,1,1025,1,40,33
04-05-21,Humphreys,1656,10,1065,0,591,10,1244,0,11407,9,12651,9,0,21,8,50,2,1585,0,32,21
04-05-21,Jackson,1287,0,1009,0,278,0,1178,0,5409,6,6587,6,0,35,-2,7,2,1245,0,39,35
04-05-21,Jefferson,5960,5,4117,5,1843,0,4650,4,38474,18,43124,22,0,121,0,55,5,5784,1,183,120
04-05-21,Johnson,2235,3,1977,0,258,3,2106,0,14953,8,17059,8,0,38,2,19,1,2178,0,58,38
04-05-21,Knox,48968,45,41133,33,7835,12,44982,34,318141,264,363123,298,0,621,-64,430,109,47917,3,1342,621
04-05-21,Lake,1690,0,1502,0,188,0,1771,0,9934,1,11705,1,0,26,0,4,0,1660,0,25,26
04-05-21,Lauderdale,3114,1,2427,0,687,1,2788,1,20689,35,23477,36,0,44,0,10,1,3060,0,82,43
04-05-21,Lawrence,5711,6,4464,4,1247,2,4914,4,28813,22,33727,26,0,86,0,47,6,5578,1,144,86
04-05-21,Lewis,1542,3,1167,0,375,3,1262,0,9848,5,11110,5,0,25,3,35,0,1482,0,42,25
04-05-21,Lincoln,4252,4,3290,1,962,3,3740,1,17371,9,21111,10,0,63,-2,41,6,4148,0,83,61
04-05-21,Loudon,5928,9,4565,1,1363,8,4993,1,30713,13,35706,14,0,69,2,40,7,5819,0,134,69
04-05-21,Macon,3522,6,2741,0,781,6,3221,0,16071,15,19292,15,1,75,-1,71,6,3376,1,122,75
04-05-21,Madison,10547,4,5891,2,4656,2,7166,3,54047,34,61213,37,1,239,-5,-391,8,10699,0,336,239
04-05-21,Marion,3061,1,2613,1,448,0,2909,0,18872,5,21781,5,0,46,-5,9,6,3006,0,110,46
04-05-21,Marshall,4043,1,3212,0,831,1,3625,0,22703,20,26328,20,1,58,-10,37,10,3948,0,87,58
04-05-21,Maury,12804,22,11276,4,1528,18,12444,4,72144,69,84588,73,4,166,-10,87,28,12551,1,289,165
04-05-21,McMinn,6231,8,5543,4,688,4,6114,4,42051,24,48165,28,0,96,-2,80,10,6055,0,154,96
04-05-21,McNairy,2744,3,1950,3,794,0,2371,3,17905,3,20276,6,0,54,2,4,1,2686,0,63,54
04-05-21,Meigs,1318,1,1194,1,124,0,1325,1,7918,3,9243,4,0,23,-4,10,5,1285,0,42,23
04-05-21,Monroe,5608,13,4434,6,1174,7,4978,6,26781,26,31759,32,0,95,8,71,5,5442,0,153,95
04-05-21,Montgomery,18618,28,13615,18,5003,10,14962,19,111835,106,126797,125,2,223,-32,32,58,18363,0,300,223
04-05-21,Moore,990,2,762,0,228,2,861,0,4805,3,5666,3,0,17,-2,20,4,953,0,16,17
04-05-21,Morgan,2411,8,1776,0,635,8,1928,0,15063,1,16991,1,0,39,3,38,5,2334,1,42,39
04-05-21,Obion,4454,5,3303,0,1151,5,3740,0,22208,12,25948,12,0,96,3,31,2,4327,0,99,96
04-05-21,Out of State,17340,14,13830,8,3510,6,15630,9,616466,661,632096,670,0,101,-16,214,30,17025,1,207,96
04-05-21,Overton,2940,1,2211,0,729,1,2603,0,14794,6,17397,6,0,60,0,27,1,2853,0,63,60
04-05-21,Pending,16093,17,10382,10,5711,7,11537,11,399844,374,411381,385,0,131,-6,84,23,15878,0,138,131
04-05-21,Perry,1053,0,905,0,148,0,1018,0,6035,2,7053,2,0,28,0,1,0,1024,0,28,28
04-05-21,Pickett,751,0,495,0,256,0,597,0,3855,1,4452,1,0,24,0,3,0,724,0,28,24
04-05-21,Polk,1939,2,1747,1,192,1,1930,2,9237,2,11167,4,0,24,-1,44,3,1871,0,77,24
04-05-21,Putnam,11018,13,9001,8,2017,5,10782,8,70590,40,81372,48,0,173,-8,115,21,10730,0,207,173
04-05-21,Rhea,4266,1,3697,1,569,0,4137,1,26304,21,30441,22,0,75,-2,37,3,4154,0,83,75
04-05-21,Roane,6100,8,4728,0,1372,8,5270,0,42433,19,47703,19,0,100,3,32,5,5968,1,146,101
04-05-21,Robertson,9433,3,7420,2,2013,1,8354,4,42768,30,51122,34,0,127,-26,123,29,9183,1,419,127
04-05-21,Rutherford,41107,26,35231,22,5876,4,40939,29,231909,193,272848,222,1,412,-88,470,113,40225,1,588,413
04-05-21,Scott,3007,3,1667,0,1340,3,1783,0,11314,4,13097,4,0,45,0,42,3,2920,0,63,45
04-05-21,Sequatchie,1645,5,1294,1,351,4,1413,2,11688,7,13101,9,-1,28,4,27,2,1590,0,38,29
04-05-21,Sevier,12898,9,11114,6,1784,3,12218,8,65675,47,77893,55,0,172,-14,171,23,12555,0,276,174
04-05-21,Shelby,90863,53,84348,42,6515,11,103920,56,953525,1229,1057445,1285,1,1565,-86,1008,138,88290,5,3506,1588
04-05-21,Smith,2703,4,2033,0,670,4,2544,0,13489,11,16033,11,0,37,-4,41,8,2625,0,59,37
04-05-21,Stewart,1287,0,976,0,311,0,1103,0,6811,4,7914,4,1,28,-2,11,1,1248,0,26,28
04-05-21,Sullivan,15594,56,13535,47,2059,9,14636,35,86758,74,101394,109,2,283,-11,394,65,14917,4,736,283
04-05-21,Sumner,22713,17,20130,13,2583,4,22770,16,118765,99,141535,115,0,337,-41,201,58,22175,1,702,336
04-05-21,Tipton,7133,2,4969,2,2164,0,6006,2,46904,71,52910,73,0,104,-2,49,4,6980,0,151,100
04-05-21,Trousdale,2467,0,2318,0,149,0,2484,0,9085,4,11569,4,0,22,-2,24,2,2421,0,41,22
04-05-21,Unicoi,1889,7,1455,2,434,5,1604,2,13098,10,14702,12,0,49,5,28,2,1812,0,67,49
04-05-21,Union,1829,2,1543,0,286,2,1663,0,10352,8,12015,8,0,34,-1,3,3,1792,0,57,34
04-05-21,Van Buren,822,3,682,1,140,2,755,1,5277,1,6032,2,0,21,3,8,0,793,0,21,21
04-05-21,Warren,5463,3,4660,0,803,3,5282,0,32616,12,37898,12,0,80,-3,53,6,5330,0,82,81
04-05-21,Washington,13657,38,11716,23,1941,15,12913,23,81886,106,94799,129,0,239,7,382,31,13036,2,352,238
04-05-21,Wayne,2935,1,2362,0,573,1,2599,1,11213,4,13812,5,0,33,-2,9,3,2893,0,61,34
04-05-21,Weakley,3960,8,2940,3,1020,5,3364,2,21477,6,24841,8,0,61,0,62,8,3837,0,66,61
04-05-21,White,3489,1,2866,1,623,0,3500,2,22560,11,26060,13,0,68,-5,33,6,3388,0,107,68
04-05-21,Williamson,26773,23,22595,19,4178,4,25065,25,180480,145,205545,170,1,214,-50,231,72,26328,0,291,213
04-05-21,Wilson,17628,9,15845,4,1783,5,18024,3,102344,98,120368,101,3,222,-29,-63,35,17469,0,332,222
04-04-21,Anderson,8475,3,6352,2,2123,1,7104,2,61378,37,68482,39,0,166,-4,79,7,8230,0,209,170
04-04-21,Bedford,6278,4,4964,4,1314,0,5707,5,31205,20,36912,25,0,125,-4,180,8,5973,0,133,125
04-04-21,Benton,1589,1,1257,1,332,0,1389,1,8886,8,10275,9,0,40,-1,39,2,1510,0,35,40
04-04-21,Bledsoe,2072,0,1881,0,191,0,1996,0,15452,57,17448,57,0,11,-1,10,1,2051,0,32,11
04-04-21,Blount,14727,7,12583,5,2144,2,13855,6,72499,67,86354,73,0,194,-6,-15,13,14548,0,336,193
04-04-21,Bradley,14127,12,11603,7,2524,5,13163,9,64829,89,77992,98,0,145,-15,283,27,13699,1,598,147
04-04-21,Campbell,4020,0,2228,0,1792,0,2506,0,24692,19,27198,19,1,62,-4,44,3,3914,0,124,63
04-04-21,Cannon,1864,1,1496,1,368,0,1665,0,9146,8,10811,8,0,31,0,25,1,1808,0,37,31
04-04-21,Carroll,3532,0,2316,0,1216,0,2752,0,19351,15,22103,15,0,82,0,13,0,3437,0,78,82
04-04-21,Carter,6239,2,5448,2,791,0,5986,2,36938,30,42924,32,1,156,-8,97,9,5986,0,225,156
04-04-21,Cheatham,4315,5,3310,4,1005,1,3744,4,26744,29,30488,33,0,50,-1,118,6,4147,0,90,50
04-04-21,Chester,2072,0,1496,0,576,0,1784,0,11654,4,13438,4,0,48,-1,15,1,2009,0,41,49
04-04-21,Claiborne,2993,0,1933,0,1060,0,2072,0,23737,18,25809,18,0,74,-6,42,6,2877,0,92,73
04-04-21,Clay,1079,0,742,0,337,0,855,0,5571,4,6426,4,0,31,0,3,0,1045,0,24,30
04-04-21,Cocke,4362,1,2896,1,1466,0,3197,1,21605,21,24802,22,0,98,-11,64,12,4200,0,114,98
04-04-21,Coffee,6728,0,4670,0,2058,0,5709,1,45101,13,50810,14,0,120,-12,88,12,6520,0,122,121
04-04-21,Crockett,1980,0,1189,0,791,0,1387,0,7252,7,8639,7,0,48,0,-12,0,1944,0,30,48
04-04-21,Cumberland,6400,3,5320,3,1080,0,6093,3,47806,21,53899,24,0,125,-7,105,10,6170,0,154,127
04-04-21,Davidson,85795,76,80460,62,5335,14,97728,75,954568,3554,1052296,3629,1,907,3,1072,72,83816,1,1928,913
04-04-21,Decatur,1562,0,1161,0,401,0,1380,1,10897,5,12277,6,0,38,-1,4,1,1520,0,39,38
04-04-21,Dekalb,2734,0,2025,0,709,0,2341,0,16804,4,19145,4,0,53,-1,19,1,2662,0,55,53
04-04-21,Dickson,6565,4,4738,4,1827,0,5606,4,34634,23,40240,27,0,107,3,111,1,6347,0,117,108
04-04-21,Dyer,5319,1,3515,1,1804,0,3968,1,21518,14,25486,15,0,103,0,26,1,5190,0,106,103
04-04-21,Fayette,4807,3,4135,3,672,0,5092,4,36962,23,42054,27,0,77,-5,34,8,4696,1,130,76
04-04-21,Fentress,2353,1,2036,1,317,0,2326,1,13074,3,15400,4,0,45,1,11,0,2297,0,62,46
04-04-21,Franklin,5012,1,4176,0,836,1,4893,1,37282,42,42175,43,0,87,-4,73,5,4852,0,108,87
04-04-21,Gibson,6304,2,3803,1,2501,1,4611,3,29049,21,33660,24,0,143,-3,46,5,6115,0,108,144
04-04-21,Giles,3870,0,3207,0,663,0,3687,0,22530,9,26217,9,0,98,-1,39,1,3733,0,110,98
04-04-21,Grainger,2534,1,1886,0,648,1,2112,0,13824,12,15936,12,0,48,1,32,0,2454,0,68,50
04-04-21,Greene,7561,6,6001,3,1560,3,6729,3,48362,74,55091,77,0,151,0,113,6,7297,0,184,151
04-04-21,Grundy,1753,1,1468,1,285,0,1681,1,8859,4,10540,5,0,31,0,13,1,1709,0,57,31
04-04-21,Hamblen,8362,2,5863,0,2499,2,6587,0,45467,23,52054,23,0,170,-4,68,6,8124,0,254,170
04-04-21,Hamilton,42537,24,36660,13,5877,11,41025,15,313104,246,354129,261,1,479,-34,446,57,41612,0,1127,480
04-04-21,Hancock,529,0,374,0,155,0,400,0,3812,4,4212,4,0,12,0,7,0,510,0,20,12
04-04-21,Hardeman,3429,0,2769,0,660,0,3236,0,24549,8,27785,8,0,63,0,15,0,3351,0,101,63
04-04-21,Hardin,3433,1,2331,1,1102,0,2773,1,22937,6,25710,7,0,66,-5,43,6,3324,0,64,66
04-04-21,Hawkins,5601,2,4572,1,1029,1,4939,1,33807,14,38746,15,0,104,-7,104,9,5393,0,147,105
04-04-21,Haywood,2667,0,2236,0,431,0,2552,0,13474,0,16026,0,0,60,-1,5,1,2602,0,81,60
04-04-21,Henderson,3670,0,2557,0,1113,0,3204,0,15873,5,19077,5,0,74,0,17,0,3579,0,77,75
04-04-21,Henry,3076,0,2386,0,690,0,2759,0,17606,8,20365,8,0,75,-3,17,3,2984,0,74,75
04-04-21,Hickman,2759,0,2228,0,531,0,2572,0,16249,15,18821,15,0,43,-1,26,1,2690,0,55,45
04-04-21,Houston,1064,0,801,0,263,0,916,0,9774,3,10690,3,0,33,0,7,0,1024,0,39,33
04-04-21,Humphreys,1646,3,1065,3,581,0,1244,3,11398,7,12642,10,0,21,1,42,2,1583,0,32,21
04-04-21,Jackson,1287,0,1009,0,278,0,1178,0,5403,3,6581,3,0,35,-1,9,1,1243,0,39,35
04-04-21,Jefferson,5955,1,4112,0,1843,1,4646,0,38456,29,43102,29,0,121,-4,55,5,5779,0,182,120
04-04-21,Johnson,2232,1,1977,1,255,0,2106,1,14945,22,17051,23,0,38,-3,17,4,2177,0,58,38
04-04-21,Knox,48923,47,41100,30,7823,17,44948,40,317877,339,362825,379,3,621,-25,494,69,47808,0,1339,620
04-04-21,Lake,1690,0,1502,0,188,0,1771,0,9933,2,11704,2,0,26,0,4,0,1660,0,25,26
04-04-21,Lauderdale,3113,1,2427,1,686,0,2787,1,20654,19,23441,20,0,44,1,10,0,3059,0,82,43
04-04-21,Lawrence,5705,0,4460,0,1245,0,4910,0,28791,21,33701,21,0,86,-2,47,2,5572,0,143,86
04-04-21,Lewis,1539,1,1167,1,372,0,1262,1,9843,5,11105,6,0,25,1,32,0,1482,0,42,25
04-04-21,Lincoln,4248,2,3289,2,959,0,3739,3,17362,18,21101,21,0,63,1,43,1,4142,0,83,61
04-04-21,Loudon,5919,1,4564,1,1355,0,4992,1,30700,26,35692,27,0,69,-5,38,6,5812,0,134,69
04-04-21,Macon,3516,0,2741,0,775,0,3221,0,16056,10,19277,10,0,74,-2,72,2,3370,0,121,75
04-04-21,Madison,10543,8,5889,5,4654,3,7163,7,54013,30,61176,37,0,238,5,-386,3,10691,0,336,239
04-04-21,Marion,3060,0,2612,0,448,0,2909,1,18867,24,21776,25,0,46,-1,14,1,3000,0,110,46
04-04-21,Marshall,4042,2,3212,2,830,0,3625,4,22683,9,26308,13,0,57,0,47,2,3938,0,87,58
04-04-21,Maury,12782,9,11272,8,1510,1,12440,12,72075,80,84515,92,0,162,-1,97,10,12523,0,288,165
04-04-21,McMinn,6223,6,5539,6,684,0,6110,7,42027,36,48137,43,0,96,3,82,3,6045,0,154,96
04-04-21,McNairy,2741,0,1947,0,794,0,2368,0,17902,5,20270,5,0,54,-2,2,2,2685,0,63,54
04-04-21,Meigs,1317,0,1193,0,124,0,1324,1,7915,7,9239,8,0,23,0,14,0,1280,0,42,23
04-04-21,Monroe,5595,1,4428,1,1167,0,4972,1,26755,15,31727,16,0,95,-5,63,6,5437,0,153,95
04-04-21,Montgomery,18590,27,13597,20,4993,7,14943,21,111729,157,126672,178,0,221,6,64,21,18305,0,300,222
04-04-21,Moore,988,0,762,0,226,0,861,0,4802,1,5663,1,0,17,-2,22,2,949,0,16,17
04-04-21,Morgan,2403,2,1776,2,627,0,1928,3,15062,13,16990,16,0,39,1,35,1,2329,0,41,39
04-04-21,Obion,4449,1,3303,1,1146,0,3740,1,22196,9,25936,10,0,96,-1,28,2,4325,0,99,96
04-04-21,Out of State,17326,12,13822,7,3504,5,15621,9,615805,518,631426,527,0,101,-3,230,15,16995,0,206,96
04-04-21,Overton,2939,0,2211,0,728,0,2603,0,14788,10,17391,10,0,60,0,27,0,2852,0,63,60
04-04-21,Pending,16076,10,10372,6,5704,4,11526,7,399470,414,410996,421,0,131,0,90,10,15855,0,138,131
04-04-21,Perry,1053,0,905,0,148,0,1018,0,6033,2,7051,2,0,28,0,1,0,1024,0,28,28
04-04-21,Pickett,751,0,495,0,256,0,597,0,3854,0,4451,0,0,24,0,3,0,724,0,28,24
04-04-21,Polk,1937,0,1746,0,191,0,1928,1,9235,13,11163,14,0,24,-3,45,3,1868,0,77,24
04-04-21,Putnam,11005,7,8993,6,2012,1,10774,6,70550,40,81324,46,0,173,-1,123,8,10709,0,207,173
04-04-21,Rhea,4265,4,3696,4,569,0,4136,4,26283,20,30419,24,0,75,4,39,0,4151,0,83,75
04-04-21,Roane,6092,0,4728,0,1364,0,5270,1,42414,30,47684,31,0,100,-2,29,2,5963,0,145,101
04-04-21,Robertson,9430,11,7418,8,2012,3,8350,9,42738,48,51088,57,0,127,5,149,6,9154,1,418,127
04-04-21,Rutherford,41081,43,35209,29,5872,14,40910,37,231716,309,272626,346,0,411,-8,558,51,40112,0,587,412
04-04-21,Scott,3004,1,1667,0,1337,1,1783,0,11310,10,13093,10,0,45,-2,42,3,2917,0,63,45
04-04-21,Sequatchie,1640,3,1293,3,347,0,1411,3,11681,9,13092,12,0,29,3,23,0,1588,0,38,29
04-04-21,Sevier,12889,5,11108,4,1781,1,12210,6,65628,94,77838,100,0,172,-9,185,14,12532,0,276,173
04-04-21,Shelby,90810,59,84306,45,6504,14,103864,59,952296,1032,1056160,1091,0,1564,-22,1094,81,88152,2,3501,1586
04-04-21,Smith,2699,0,2033,0,666,0,2544,0,13478,12,16022,12,0,37,-2,45,2,2617,0,59,37
04-04-21,Stewart,1287,0,976,0,311,0,1103,0,6807,8,7910,8,0,27,-1,13,1,1247,0,26,28
04-04-21,Sullivan,15538,23,13488,23,2050,0,14601,24,86684,77,101285,101,0,281,-11,405,34,14852,1,732,283
04-04-21,Sumner,22696,28,20117,21,2579,7,22754,25,118666,139,141420,164,0,337,-13,242,41,22117,0,701,336
04-04-21,Tipton,7131,4,4967,4,2164,0,6004,4,46833,64,52837,68,0,104,-2,51,6,6976,1,151,100
04-04-21,Trousdale,2467,0,2318,0,149,0,2484,0,9081,12,11565,12,0,22,-3,26,3,2419,0,41,22
04-04-21,Unicoi,1882,1,1453,1,429,0,1602,1,13088,12,14690,13,0,49,0,23,1,1810,0,67,49
04-04-21,Union,1827,1,1543,0,284,1,1663,0,10344,7,12007,7,0,34,0,4,1,1789,1,57,34
04-04-21,Van Buren,819,0,681,0,138,0,754,0,5276,4,6030,4,0,21,0,5,0,793,0,21,21
04-04-21,Warren,5460,0,4660,0,800,0,5282,1,32604,29,37886,30,0,80,-1,56,1,5324,0,82,81
04-04-21,Washington,13619,13,11693,11,1926,2,12890,11,81780,81,94670,92,0,239,-3,375,16,13005,1,350,238
04-04-21,Wayne,2934,1,2362,1,572,0,2598,1,11209,9,13807,10,0,33,0,11,1,2890,0,61,33
04-04-21,Weakley,3952,0,2937,0,1015,0,3362,0,21471,8,24833,8,0,61,-5,62,5,3829,0,66,61
04-04-21,White,3488,0,2865,0,623,0,3498,0,22549,16,26047,16,0,68,-2,38,2,3382,0,107,68
04-04-21,Williamson,26750,33,22576,22,4174,11,25040,22,180335,265,205375,287,0,213,4,281,29,26256,0,291,213
04-04-21,Wilson,17619,16,15841,15,1778,1,18021,17,102246,355,120267,372,0,219,-7,-34,23,17434,0,332,222
04-03-21,Anderson,8472,6,6350,5,2122,1,7102,6,61341,50,68443,56,0,166,-9,83,15,8223,0,209,170
04-03-21,Bedford,6274,7,4960,7,1314,0,5702,8,31185,50,36887,58,0,125,-2,184,9,5965,0,133,125
04-03-21,Benton,1588,3,1256,2,332,1,1388,2,8878,9,10266,11,0,40,0,40,3,1508,0,35,40
04-03-21,Bledsoe,2072,1,1881,0,191,1,1996,0,15395,40,17391,40,0,11,-1,11,2,2050,0,32,11
04-03-21,Blount,14720,18,12578,11,2142,7,13849,11,72432,110,86281,121,0,194,-2,-9,20,14535,1,336,193
04-03-21,Bradley,14115,28,11596,25,2519,3,13154,29,64740,121,77894,150,0,145,2,298,26,13672,1,597,147
04-03-21,Campbell,4020,2,2228,0,1792,2,2506,0,24673,25,27179,25,0,61,-3,48,5,3911,0,124,63
04-03-21,Cannon,1863,1,1495,0,368,1,1665,0,9138,14,10803,14,0,31,1,25,0,1807,0,37,31
04-03-21,Carroll,3532,1,2316,0,1216,1,2752,0,19336,11,22088,11,0,82,-1,13,2,3437,0,78,82
04-03-21,Carter,6237,3,5446,3,791,0,5984,3,36908,35,42892,38,0,155,-7,105,10,5977,0,225,156
04-03-21,Cheatham,4310,7,3306,5,1004,2,3740,5,26715,41,30455,46,0,50,0,119,7,4141,3,90,50
04-03-21,Chester,2072,1,1496,1,576,0,1784,1,11650,3,13434,4,0,48,1,16,0,2008,0,41,49
04-03-21,Claiborne,2993,4,1933,1,1060,3,2072,1,23719,22,25791,23,0,74,0,48,4,2871,1,92,73
04-03-21,Clay,1079,0,742,0,337,0,855,0,5567,5,6422,5,0,31,0,3,0,1045,0,24,30
04-03-21,Cocke,4361,3,2895,1,1466,2,3196,2,21584,15,24780,17,0,98,-4,75,7,4188,0,114,98
04-03-21,Coffee,6728,8,4670,6,2058,2,5708,6,45088,64,50796,70,0,120,3,100,5,6508,0,122,120
04-03-21,Crockett,1980,0,1189,0,791,0,1387,0,7245,8,8632,8,0,48,-1,-12,1,1944,0,30,48
04-03-21,Cumberland,6397,5,5317,2,1080,3,6090,3,47785,38,53875,41,0,125,-2,112,7,6160,0,154,126
04-03-21,Davidson,85719,111,80398,92,5321,19,97653,104,951014,2337,1048667,2441,0,906,26,1069,85,83744,1,1927,911
04-03-21,Decatur,1562,1,1161,0,401,1,1379,0,10892,10,12271,10,0,38,1,5,0,1519,0,39,38
04-03-21,Dekalb,2734,0,2025,0,709,0,2341,0,16800,11,19141,11,0,53,-2,20,2,2661,0,55,53
04-03-21,Dickson,6561,6,4734,5,1827,1,5602,6,34611,47,40213,53,0,107,0,108,6,6346,0,117,108
04-03-21,Dyer,5318,0,3514,0,1804,0,3967,1,21504,12,25471,13,0,103,-2,26,2,5189,0,106,103
04-03-21,Fayette,4804,3,4132,0,672,3,5088,1,36939,52,42027,53,0,77,-2,39,5,4688,0,129,76
04-03-21,Fentress,2352,0,2035,0,317,0,2325,0,13071,3,15396,3,0,45,-3,10,3,2297,0,62,46
04-03-21,Franklin,5011,5,4176,2,835,3,4892,1,37240,143,42132,144,0,87,-2,77,7,4847,0,108,87
04-03-21,Gibson,6302,3,3802,3,2500,0,4608,4,29028,36,33636,40,0,143,-1,49,4,6110,0,108,143
04-03-21,Giles,3870,2,3207,2,663,0,3687,6,22521,10,26208,16,0,98,-4,40,6,3732,0,110,98
04-03-21,Grainger,2533,3,1886,2,647,1,2112,2,13812,19,15924,21,0,48,1,31,2,2454,0,68,50
04-03-21,Greene,7555,8,5998,7,1557,1,6726,6,48288,74,55014,80,0,151,2,113,6,7291,0,184,151
04-03-21,Grundy,1752,5,1467,4,285,1,1680,4,8855,22,10535,26,0,31,5,13,0,1708,0,57,31
04-03-21,Hamblen,8360,7,5863,2,2497,5,6587,2,45444,32,52031,34,0,170,-4,72,11,8118,0,254,170
04-03-21,Hamilton,42513,40,36647,24,5866,16,41010,31,312858,407,353868,438,0,478,-5,480,45,41555,0,1127,480
04-03-21,Hancock,529,1,374,1,155,0,400,1,3808,4,4208,5,0,12,-2,7,3,510,0,20,12
04-03-21,Hardeman,3429,0,2769,0,660,0,3236,0,24541,10,27777,10,0,63,0,15,0,3351,0,101,63
04-03-21,Hardin,3432,2,2330,1,1102,1,2772,1,22931,16,25703,17,0,66,-1,48,3,3318,0,64,66
04-03-21,Hawkins,5599,6,4571,3,1028,3,4938,3,33793,33,38731,36,0,104,-2,111,8,5384,0,147,104
04-03-21,Haywood,2667,1,2236,1,431,0,2552,0,13474,4,16026,4,0,60,0,6,1,2601,0,81,60
04-03-21,Henderson,3670,1,2557,1,1113,0,3204,1,15868,10,19072,11,0,74,-1,17,2,3579,0,77,75
04-03-21,Henry,3076,3,2386,1,690,2,2759,1,17598,9,20357,10,0,75,0,20,3,2981,0,74,75
04-03-21,Hickman,2759,2,2228,2,531,0,2572,2,16234,16,18806,18,0,43,2,27,0,2689,0,55,45
04-03-21,Houston,1064,0,801,0,263,0,916,0,9771,3,10687,3,0,33,0,7,0,1024,0,39,33
04-03-21,Humphreys,1643,1,1062,1,581,0,1241,2,11391,13,12632,15,0,21,-1,41,2,1581,0,32,21
04-03-21,Jackson,1287,0,1009,0,278,0,1178,0,5400,4,6578,4,0,35,-1,10,1,1242,0,39,35
04-03-21,Jefferson,5954,11,4112,3,1842,8,4646,4,38427,37,43073,41,0,121,0,59,11,5774,0,182,120
04-03-21,Johnson,2231,1,1976,0,255,1,2105,0,14923,11,17028,11,0,38,-3,20,4,2173,0,58,38
04-03-21,Knox,48876,80,41070,63,7806,17,44908,74,317538,591,362446,665,0,618,3,519,77,47739,0,1339,619
04-03-21,Lake,1690,0,1502,0,188,0,1771,0,9931,6,11702,6,0,26,0,4,0,1660,0,25,26
04-03-21,Lauderdale,3112,1,2426,1,686,0,2786,1,20635,9,23421,10,0,44,-2,9,3,3059,0,82,43
04-03-21,Lawrence,5705,5,4460,5,1245,0,4910,6,28770,34,33680,40,0,86,1,49,4,5570,0,143,86
04-03-21,Lewis,1538,4,1166,1,372,3,1261,1,9838,3,11099,4,0,25,0,31,4,1482,0,42,25
04-03-21,Lincoln,4246,4,3287,1,959,3,3736,1,17344,16,21080,17,0,63,-5,42,9,4141,1,83,61
04-03-21,Loudon,5918,3,4563,1,1355,2,4991,1,30674,26,35665,27,0,69,-5,43,8,5806,0,134,69
04-03-21,Macon,3516,3,2741,1,775,2,3221,2,16046,32,19267,34,0,74,2,74,1,3368,0,121,75
04-03-21,Madison,10535,3,5884,2,4651,1,7156,2,53983,60,61139,62,0,238,1,-391,2,10688,0,336,239
04-03-21,Marion,3060,1,2612,1,448,0,2908,1,18843,31,21751,32,0,46,0,15,1,2999,0,110,46
04-03-21,Marshall,4040,1,3210,0,830,1,3621,0,22674,17,26295,17,0,57,-1,47,2,3936,0,87,58
04-03-21,Maury,12773,10,11264,5,1509,5,12428,5,71995,52,84423,57,0,162,-4,98,14,12513,0,288,165
04-03-21,McMinn,6217,9,5533,8,684,1,6103,8,41991,89,48094,97,0,96,2,79,7,6042,0,154,96
04-03-21,McNairy,2741,0,1947,0,794,0,2368,0,17897,12,20265,12,0,54,-2,4,2,2683,0,63,54
04-03-21,Meigs,1317,1,1193,1,124,0,1323,1,7908,18,9231,19,0,23,0,14,1,1280,1,42,23
04-03-21,Monroe,5594,7,4427,3,1167,4,4971,4,26740,24,31711,28,0,95,2,68,5,5431,1,153,95
04-03-21,Montgomery,18563,47,13577,22,4986,25,14922,24,111572,201,126494,225,0,221,25,58,22,18284,0,300,221
04-03-21,Moore,988,1,762,1,226,0,861,1,4801,6,5662,7,0,17,0,24,1,947,0,16,17
04-03-21,Morgan,2401,6,1774,5,627,1,1925,5,15049,28,16974,33,0,39,-1,34,7,2328,0,41,39
04-03-21,Obion,4448,5,3302,2,1146,3,3739,2,22187,21,25926,23,0,96,3,29,2,4323,0,99,96
04-03-21,Out of State,17314,23,13815,19,3499,4,15612,22,615287,570,630899,592,0,101,16,233,7,16980,0,206,96
04-03-21,Overton,2939,1,2211,1,728,0,2603,1,14778,10,17381,11,0,60,1,27,0,2852,0,63,60
04-03-21,Pending,16066,14,10366,12,5700,2,11519,13,399056,446,410575,459,0,131,3,90,11,15845,0,138,131
04-03-21,Perry,1053,0,905,0,148,0,1018,0,6031,4,7049,4,0,28,0,1,0,1024,0,28,28
04-03-21,Pickett,751,0,495,0,256,0,597,0,3854,1,4451,1,0,24,0,3,0,724,0,28,24
04-03-21,Polk,1937,3,1746,3,191,0,1927,4,9222,17,11149,21,0,24,-1,48,4,1865,0,77,24
04-03-21,Putnam,10998,5,8987,4,2011,1,10768,4,70510,55,81278,59,0,173,-5,124,10,10701,0,207,173
04-03-21,Rhea,4261,2,3692,2,569,0,4132,2,26263,15,30395,17,0,75,-3,35,5,4151,0,83,75
04-03-21,Roane,6092,2,4728,0,1364,2,5269,0,42384,44,47653,44,0,100,1,31,1,5961,0,145,101
04-03-21,Robertson,9419,12,7410,4,2009,8,8341,6,42690,55,51031,61,0,127,3,144,9,9148,1,417,127
04-03-21,Rutherford,41038,53,35180,27,5858,26,40873,32,231407,435,272280,467,0,411,4,566,49,40061,0,587,412
04-03-21,Scott,3003,2,1667,0,1336,2,1783,0,11300,6,13083,6,0,45,0,44,2,2914,1,63,45
04-03-21,Sequatchie,1637,2,1290,2,347,0,1408,2,11672,7,13080,9,0,29,0,20,2,1588,0,38,29
04-03-21,Sevier,12884,21,11104,18,1780,3,12204,18,65534,118,77738,136,0,172,-4,194,25,12518,0,276,173
04-03-21,Shelby,90751,89,84261,78,6490,11,103805,97,951264,1479,1055069,1576,0,1564,23,1116,66,88071,3,3499,1582
04-03-21,Smith,2699,0,2033,0,666,0,2544,0,13466,12,16010,12,0,37,-5,47,5,2615,0,59,37
04-03-21,Stewart,1287,3,976,3,311,0,1103,3,6799,5,7902,8,0,27,3,14,0,1246,0,26,27
04-03-21,Sullivan,15515,28,13465,26,2050,2,14577,29,86607,139,101184,168,0,281,3,416,25,14818,1,731,283
04-03-21,Sumner,22668,31,20096,19,2572,12,22729,19,118527,248,141256,267,0,337,4,255,27,22076,0,701,336
04-03-21,Tipton,7127,6,4963,3,2164,3,6000,3,46769,52,52769,55,0,104,0,53,6,6970,0,150,100
04-03-21,Trousdale,2467,1,2318,1,149,0,2484,1,9069,12,11553,13,0,22,0,29,1,2416,0,41,22
04-03-21,Unicoi,1881,2,1452,1,429,1,1601,2,13076,12,14677,14,0,49,-3,23,5,1809,0,67,49
04-03-21,Union,1826,1,1543,1,283,0,1663,1,10337,21,12000,22,0,34,-6,4,7,1788,0,56,34
04-03-21,Van Buren,819,0,681,0,138,0,754,0,5272,2,6026,2,0,21,-2,5,2,793,0,21,21
04-03-21,Warren,5460,3,4660,3,800,0,5281,4,32575,30,37856,34,0,80,3,57,0,5323,0,82,81
04-03-21,Washington,13606,28,11682,25,1924,3,12879,26,81699,91,94578,117,0,239,-3,378,31,12989,0,349,238
04-03-21,Wayne,2933,0,2361,0,572,0,2597,0,11200,4,13797,4,0,33,-1,11,1,2889,0,61,33
04-03-21,Weakley,3952,9,2937,7,1015,2,3362,7,21463,13,24825,20,0,61,6,67,3,3824,0,66,61
04-03-21,White,3488,0,2865,0,623,0,3498,0,22533,14,26031,14,0,68,-2,40,2,3380,0,107,68
04-03-21,Williamson,26717,25,22554,15,4163,10,25018,17,180070,268,205088,285,0,213,-18,277,43,26227,0,291,213
04-03-21,Wilson,17603,18,15826,14,1777,4,18004,14,101891,199,119895,213,0,219,-3,-27,21,17411,0,332,219
04-02-21,Anderson,8466,8,6345,6,2121,2,7096,6,61291,70,68387,76,0,166,-3,92,11,8208,0,209,170
04-02-21,Bedford,6267,5,4953,3,1314,2,5694,4,31135,70,36829,74,0,125,-9,186,14,5956,0,133,124
04-02-21,Benton,1585,8,1254,3,331,5,1386,3,8869,11,10255,14,0,40,5,40,3,1505,0,35,40
04-02-21,Bledsoe,2071,1,1881,0,190,1,1996,0,15355,41,17351,41,0,11,-1,12,2,2048,0,32,11
04-02-21,Blount,14702,14,12567,11,2135,3,13838,10,72322,148,86160,158,0,194,0,-7,14,14515,0,335,193
04-02-21,Bradley,14087,16,11571,13,2516,3,13125,14,64619,117,77744,131,0,145,-12,296,28,13646,1,596,146
04-02-21,Campbell,4018,7,2228,3,1790,4,2506,3,24648,23,27154,26,0,61,4,51,3,3906,1,124,63
04-02-21,Cannon,1862,4,1495,2,367,2,1665,2,9124,18,10789,20,0,31,1,24,3,1807,0,37,31
04-02-21,Carroll,3531,0,2316,0,1215,0,2752,0,19325,15,22077,15,0,82,0,14,0,3435,0,78,82
04-02-21,Carter,6234,7,5443,6,791,1,5981,7,36873,70,42854,77,0,155,-2,112,9,5967,0,225,155
04-02-21,Cheatham,4303,5,3301,5,1002,0,3735,5,26674,88,30409,93,0,50,-4,119,9,4134,0,87,50
04-02-21,Chester,2071,0,1495,0,576,0,1783,0,11647,5,13430,5,0,48,-1,15,1,2008,0,41,49
04-02-21,Claiborne,2989,7,1932,3,1057,4,2071,4,23697,90,25768,94,0,74,2,48,5,2867,0,91,73
04-02-21,Clay,1079,1,742,0,337,1,855,0,5562,9,6417,9,0,31,0,3,1,1045,0,24,30
04-02-21,Cocke,4358,4,2894,3,1464,1,3194,3,21569,36,24763,39,0,98,-6,79,10,4181,0,114,98
04-02-21,Coffee,6720,10,4664,5,2056,5,5702,8,45024,70,50726,78,0,120,-3,97,13,6503,0,122,120
04-02-21,Crockett,1980,0,1189,0,791,0,1387,0,7237,1,8624,1,0,48,-1,-11,1,1943,0,30,48
04-02-21,Cumberland,6392,13,5315,9,1077,4,6087,10,47747,91,53834,101,0,125,0,114,13,6153,1,154,126
04-02-21,Davidson,85608,112,80306,101,5302,11,97549,135,948677,1965,1046226,2100,1,906,-8,1043,119,83659,1,1926,910
04-02-21,Decatur,1561,1,1161,0,400,1,1379,0,10882,9,12261,9,0,38,0,4,1,1519,0,39,38
04-02-21,Dekalb,2734,1,2025,1,709,0,2341,2,16789,29,19130,31,0,53,-1,22,2,2659,0,55,53
04-02-21,Dickson,6555,15,4729,13,1826,2,5596,14,34564,85,40160,99,0,107,12,108,3,6340,0,117,108
04-02-21,Dyer,5318,3,3514,2,1804,1,3966,2,21492,23,25458,25,0,103,2,28,1,5187,0,106,103
04-02-21,Fayette,4801,5,4132,4,669,1,5087,5,36887,55,41974,60,-1,77,5,41,1,4683,1,129,76
04-02-21,Fentress,2352,1,2035,1,317,0,2325,1,13068,13,15393,14,0,45,0,13,1,2294,0,62,46
04-02-21,Franklin,5006,5,4174,4,832,1,4891,4,37097,122,41988,126,0,87,-6,79,11,4840,0,108,87
04-02-21,Gibson,6299,3,3799,1,2500,2,4604,1,28992,18,33596,19,0,143,2,50,1,6106,0,108,143
04-02-21,Giles,3868,7,3205,4,663,3,3681,4,22511,37,26192,41,0,98,3,44,4,3726,0,110,98
04-02-21,Grainger,2530,3,1884,3,646,0,2110,3,13793,22,15903,25,0,48,0,30,3,2452,0,68,50
04-02-21,Greene,7547,17,5991,16,1556,1,6720,18,48214,199,54934,217,0,151,8,111,9,7285,0,184,151
04-02-21,Grundy,1747,3,1463,3,284,0,1676,3,8833,23,10509,26,0,31,2,8,1,1708,0,57,31
04-02-21,Hamblen,8353,6,5861,2,2492,4,6585,3,45412,56,51997,59,0,170,-4,76,10,8107,1,254,170
04-02-21,Hamilton,42473,34,36623,18,5850,16,40979,26,312451,447,353430,473,0,478,-53,485,87,41510,0,1127,479
04-02-21,Hancock,528,1,373,0,155,1,399,0,3804,10,4203,10,0,12,1,9,0,507,0,20,12
04-02-21,Hardeman,3429,2,2769,0,660,2,3236,0,24531,27,27767,27,0,63,1,15,1,3351,0,101,63
04-02-21,Hardin,3430,4,2329,3,1101,1,2771,3,22915,26,25686,29,0,66,-1,49,5,3315,0,64,66
04-02-21,Hawkins,5593,10,4568,8,1025,2,4935,9,33760,68,38695,77,0,104,-7,113,17,5376,0,147,104
04-02-21,Haywood,2666,0,2235,0,431,0,2552,0,13470,9,16022,9,0,60,0,6,0,2600,0,81,60
04-02-21,Henderson,3669,4,2556,1,1113,3,3203,1,15858,6,19061,7,0,74,3,18,1,3577,0,77,75
04-02-21,Henry,3073,1,2385,0,688,1,2758,0,17589,14,20347,14,0,75,1,20,0,2978,0,74,75
04-02-21,Hickman,2757,4,2226,4,531,0,2570,4,16218,34,18788,38,0,43,0,25,4,2689,0,55,44
04-02-21,Houston,1064,2,801,0,263,2,916,0,9768,7,10684,7,0,33,1,7,1,1024,0,39,33
04-02-21,Humphreys,1642,5,1061,0,581,5,1239,0,11378,7,12617,7,0,21,3,42,2,1579,0,32,21
04-02-21,Jackson,1287,0,1009,0,278,0,1178,0,5396,14,6574,14,0,35,0,11,0,1241,0,39,35
04-02-21,Jefferson,5943,3,4109,1,1834,2,4642,2,38390,217,43032,219,0,121,-7,59,10,5763,0,182,120
04-02-21,Johnson,2230,1,1976,0,254,1,2105,0,14912,15,17017,15,0,38,-4,23,5,2169,0,58,38
04-02-21,Knox,48796,75,41007,44,7789,31,44834,41,316947,534,361781,575,0,618,4,516,71,47662,2,1339,616
04-02-21,Lake,1690,0,1502,0,188,0,1771,0,9925,33,11696,33,0,26,-1,4,1,1660,0,25,26
04-02-21,Lauderdale,3111,1,2425,1,686,0,2785,1,20626,27,23411,28,0,44,1,11,0,3056,0,82,43
04-02-21,Lawrence,5700,4,4455,3,1245,1,4904,4,28736,41,33640,45,0,86,0,48,4,5566,0,143,86
04-02-21,Lewis,1534,3,1165,2,369,1,1260,2,9835,10,11095,12,0,25,0,31,3,1478,0,42,25
04-02-21,Lincoln,4242,2,3286,0,956,2,3735,0,17328,23,21063,23,0,63,-1,47,3,4132,0,82,61
04-02-21,Loudon,5915,8,4562,3,1353,5,4990,3,30648,32,35638,35,0,69,3,48,5,5798,0,134,69
04-02-21,Macon,3513,11,2740,11,773,0,3219,11,16014,21,19233,32,0,74,3,72,8,3367,0,121,74
04-02-21,Madison,10532,10,5882,10,4650,0,7154,10,53923,68,61077,78,0,238,1,-392,9,10686,0,336,239
04-02-21,Marion,3059,2,2611,2,448,0,2907,2,18812,41,21719,43,0,46,-2,15,4,2998,0,110,46
04-02-21,Marshall,4039,1,3210,1,829,0,3621,1,22657,23,26278,24,0,57,-5,48,6,3934,0,87,57
04-02-21,Maury,12763,21,11259,16,1504,5,12423,19,71943,131,84366,150,0,162,3,102,18,12499,1,288,163
04-02-21,McMinn,6208,7,5525,6,683,1,6095,8,41902,52,47997,60,0,96,-1,77,8,6035,0,154,96
04-02-21,McNairy,2741,3,1947,3,794,0,2368,3,17885,18,20253,21,0,54,2,6,1,2681,0,63,54
04-02-21,Meigs,1316,0,1192,0,124,0,1322,0,7890,9,9212,9,0,23,-2,14,2,1279,0,41,23
04-02-21,Monroe,5587,5,4424,4,1163,1,4967,6,26716,31,31683,37,0,95,0,66,5,5426,0,152,95
04-02-21,Montgomery,18516,46,13555,42,4961,4,14898,46,111371,243,126269,289,0,221,11,33,35,18262,0,300,221
04-02-21,Moore,987,0,761,0,226,0,860,0,4795,12,5655,12,0,17,0,24,0,946,0,16,17
04-02-21,Morgan,2395,1,1769,1,626,0,1920,1,15021,15,16941,16,0,39,-2,35,3,2321,0,41,39
04-02-21,Obion,4443,3,3300,1,1143,2,3737,1,22166,39,25903,40,0,96,-3,26,6,4321,0,99,96
04-02-21,Out of State,17291,26,13796,21,3495,5,15590,21,614717,1091,630307,1112,0,101,9,217,17,16973,0,206,96
04-02-21,Overton,2938,6,2210,5,728,1,2602,5,14768,12,17370,17,0,60,0,26,6,2852,0,63,60
04-02-21,Pending,16052,25,10354,19,5698,6,11506,20,398610,880,410116,900,1,131,10,87,14,15834,0,138,131
04-02-21,Perry,1053,0,905,0,148,0,1018,0,6027,8,7045,8,0,28,-1,1,1,1024,0,28,28
04-02-21,Pickett,751,0,495,0,256,0,597,0,3853,4,4450,4,0,24,0,3,0,724,0,28,24
04-02-21,Polk,1934,2,1743,2,191,0,1923,2,9205,17,11128,19,0,24,-3,49,5,1861,0,77,24
04-02-21,Putnam,10993,11,8983,9,2010,2,10764,10,70455,137,81219,147,0,173,-1,129,12,10691,0,207,173
04-02-21,Rhea,4259,3,3690,3,569,0,4130,4,26248,44,30378,48,0,75,2,38,1,4146,0,83,75
04-02-21,Roane,6090,5,4728,4,1362,1,5269,4,42340,41,47609,45,0,100,3,30,2,5960,0,145,101
04-02-21,Robertson,9407,11,7406,5,2001,6,8335,8,42635,100,50970,108,0,127,-7,141,18,9139,0,416,127
04-02-21,Rutherford,40985,74,35153,59,5832,15,40841,77,230972,690,271813,767,0,411,-25,562,99,40012,0,587,412
04-02-21,Scott,3001,6,1667,1,1334,5,1783,1,11294,11,13077,12,0,45,-3,44,9,2912,0,62,45
04-02-21,Sequatchie,1635,5,1288,1,347,4,1406,1,11665,11,13071,12,0,29,2,20,3,1586,0,38,29
04-02-21,Sevier,12863,13,11086,6,1777,7,12186,6,65416,104,77602,110,0,172,-15,198,28,12493,0,276,173
04-02-21,Shelby,90662,106,84183,94,6479,12,103708,126,949785,2495,1053493,2621,0,1564,17,1093,89,88005,5,3496,1581
04-02-21,Smith,2699,2,2033,2,666,0,2544,3,13454,78,15998,81,0,37,-1,52,3,2610,1,59,37
04-02-21,Stewart,1284,1,973,1,311,0,1100,1,6794,12,7894,13,0,27,1,11,0,1246,0,26,27
04-02-21,Sullivan,15487,21,13439,14,2048,7,14548,15,86468,161,101016,176,0,281,-10,413,31,14793,0,730,283
04-02-21,Sumner,22637,44,20077,36,2560,8,22710,39,118279,232,140989,271,0,337,10,251,34,22049,1,701,336
04-02-21,Tipton,7121,3,4960,2,2161,1,5997,2,46717,81,52714,83,0,104,-2,53,5,6964,0,150,100
04-02-21,Trousdale,2466,0,2317,0,149,0,2483,1,9057,8,11540,9,0,22,-2,29,2,2415,0,41,22
04-02-21,Unicoi,1879,3,1451,2,428,1,1599,2,13064,30,14663,32,0,49,1,26,2,1804,0,67,49
04-02-21,Union,1825,1,1542,1,283,0,1662,1,10316,13,11978,14,0,34,-1,10,2,1781,0,56,34
04-02-21,Van Buren,819,2,681,2,138,0,754,2,5270,11,6024,13,0,21,2,7,0,791,0,21,21
04-02-21,Warren,5457,8,4657,6,800,2,5277,6,32545,66,37822,72,0,80,2,54,6,5323,0,82,81
04-02-21,Washington,13578,44,11657,36,1921,8,12853,37,81608,189,94461,226,0,239,14,381,30,12958,0,349,238
04-02-21,Wayne,2933,0,2361,0,572,0,2597,0,11196,9,13793,9,0,33,-1,12,1,2888,0,61,33
04-02-21,Weakley,3943,5,2930,4,1013,1,3355,4,21450,59,24805,63,0,61,-6,61,11,3821,0,66,61
04-02-21,White,3488,4,2865,2,623,2,3498,2,22519,30,26017,32,0,68,2,42,2,3378,0,107,68
04-02-21,Williamson,26692,43,22539,37,4153,6,25001,44,179802,448,204803,492,0,213,12,295,31,26184,0,291,213
04-02-21,Wilson,17585,27,15812,24,1773,3,17990,32,101692,245,119682,277,0,219,-8,-24,35,17390,1,332,219
04-01-21,Anderson,8458,9,6339,3,2119,6,7090,4,61221,57,68311,61,0,166,-11,95,20,8197,0,209,170
04-01-21,Bedford,6262,25,4950,6,1312,19,5690,7,31065,64,36755,71,0,125,3,195,22,5942,0,133,124
04-01-21,Benton,1577,5,1251,2,326,3,1383,2,8858,16,10241,18,0,40,4,35,1,1502,0,35,40
04-01-21,Bledsoe,2070,1,1881,1,189,0,1996,1,15314,61,17310,62,0,11,-5,13,6,2046,0,32,11
04-01-21,Blount,14688,12,12556,9,2132,3,13828,13,72174,128,86002,141,0,194,-21,-7,33,14501,0,335,192
04-01-21,Bradley,14071,31,11558,22,2513,9,13111,25,64502,120,77613,145,0,145,-6,308,37,13618,2,595,145
04-01-21,Campbell,4011,8,2225,1,1786,7,2503,1,24625,17,27128,18,0,61,1,47,7,3903,0,123,62
04-01-21,Cannon,1858,4,1493,2,365,2,1663,2,9106,13,10769,15,0,31,-1,23,5,1804,0,37,31
04-01-21,Carroll,3531,3,2316,1,1215,2,2752,1,19310,9,22062,10,0,82,2,14,1,3435,0,78,82
04-01-21,Carter,6227,10,5437,10,790,0,5974,14,36803,72,42777,86,-1,155,-7,114,18,5958,0,225,155
04-01-21,Cheatham,4298,18,3296,5,1002,13,3730,5,26586,38,30316,43,0,50,6,123,12,4125,0,87,50
04-01-21,Chester,2071,4,1495,3,576,1,1783,3,11642,15,13425,18,0,48,2,16,2,2007,1,41,48
04-01-21,Claiborne,2982,7,1929,6,1053,1,2067,6,23607,43,25674,49,0,74,3,46,4,2862,0,91,73
04-01-21,Clay,1078,0,742,0,336,0,855,0,5553,6,6408,6,0,31,0,3,0,1044,0,24,30
04-01-21,Cocke,4354,3,2891,2,1463,1,3191,2,21533,40,24724,42,0,98,-12,85,15,4171,0,114,98
04-01-21,Coffee,6710,8,4659,4,2051,4,5694,3,44954,43,50648,46,0,120,-3,100,11,6490,0,122,120
04-01-21,Crockett,1980,0,1189,0,791,0,1387,0,7236,9,8623,9,0,48,-1,-10,1,1942,0,30,48
04-01-21,Cumberland,6379,14,5306,9,1073,5,6077,9,47656,28,53733,37,0,125,3,114,11,6140,0,153,126
04-01-21,Davidson,85496,119,80205,108,5291,11,97414,137,946712,2169,1044126,2306,3,905,-49,1051,165,83540,1,1925,908
04-01-21,Decatur,1560,0,1161,0,399,0,1379,0,10873,4,12252,4,0,38,0,4,0,1518,0,39,38
04-01-21,Dekalb,2733,2,2024,0,709,2,2339,0,16760,14,19099,14,0,53,-2,23,4,2657,0,55,53
04-01-21,Dickson,6540,24,4716,18,1824,6,5582,20,34479,52,40061,72,0,107,9,96,15,6337,0,117,108
04-01-21,Dyer,5315,0,3512,0,1803,0,3964,1,21469,26,25433,27,0,103,-3,26,3,5186,0,106,103
04-01-21,Fayette,4796,8,4128,6,668,2,5082,6,36832,75,41914,81,0,78,2,36,6,4682,0,128,76
04-01-21,Fentress,2351,0,2034,0,317,0,2324,0,13055,9,15379,9,0,45,-4,13,4,2293,0,62,46
04-01-21,Franklin,5001,6,4170,2,831,4,4887,6,36975,24,41862,30,0,87,-3,85,9,4829,0,108,87
04-01-21,Gibson,6296,12,3798,7,2498,5,4603,7,28974,42,33577,49,0,143,8,48,4,6105,0,108,143
04-01-21,Giles,3861,11,3201,7,660,4,3677,7,22474,22,26151,29,0,98,6,41,5,3722,0,110,98
04-01-21,Grainger,2527,3,1881,1,646,2,2107,1,13771,7,15878,8,0,48,0,30,3,2449,0,68,50
04-01-21,Greene,7530,14,5975,8,1555,6,6702,8,48015,145,54717,153,0,151,3,103,11,7276,0,184,151
04-01-21,Grundy,1744,2,1460,2,284,0,1673,1,8810,9,10483,10,0,31,2,6,0,1707,1,57,31
04-01-21,Hamblen,8347,13,5859,6,2488,7,6582,5,45356,26,51938,31,0,170,-4,80,17,8097,0,253,170
04-01-21,Hamilton,42439,60,36605,45,5834,15,40953,50,312004,637,352957,687,0,478,-14,538,74,41423,1,1127,479
04-01-21,Hancock,527,1,373,1,154,0,399,1,3794,7,4193,8,0,12,-1,8,2,507,0,20,12
04-01-21,Hardeman,3427,3,2769,1,658,2,3236,1,24504,33,27740,34,0,63,-1,14,4,3350,0,101,63
04-01-21,Hardin,3426,3,2326,2,1100,1,2768,1,22889,34,25657,35,0,66,-7,50,10,3310,0,64,66
04-01-21,Hawkins,5583,14,4560,10,1023,4,4926,10,33692,39,38618,49,0,104,-9,120,23,5359,0,147,104
04-01-21,Haywood,2666,3,2235,1,431,2,2552,1,13461,19,16013,20,0,60,2,6,1,2600,0,81,60
04-01-21,Henderson,3665,1,2555,1,1110,0,3202,1,15852,14,19054,15,0,74,-1,15,2,3576,0,77,75
04-01-21,Henry,3072,1,2385,0,687,1,2758,0,17575,12,20333,12,0,75,1,19,0,2978,0,74,75
04-01-21,Hickman,2753,2,2222,2,531,0,2566,2,16184,26,18750,28,0,43,-2,25,4,2685,0,55,44
04-01-21,Houston,1062,1,801,0,261,1,916,1,9761,151,10677,152,0,33,-1,6,2,1023,0,39,33
04-01-21,Humphreys,1637,4,1061,3,576,1,1239,3,11371,30,12610,33,0,21,2,39,2,1577,0,32,21
04-01-21,Jackson,1287,1,1009,1,278,0,1178,1,5382,2,6560,3,0,35,-4,11,5,1241,0,39,35
04-01-21,Jefferson,5940,5,4108,1,1832,4,4640,1,38173,43,42813,44,0,121,-10,66,15,5753,0,182,120
04-01-21,Johnson,2229,1,1976,1,253,0,2105,2,14897,10,17002,12,0,38,1,27,0,2164,0,58,38
04-01-21,Knox,48721,74,40963,62,7758,12,44793,63,316413,577,361206,640,1,618,-18,512,91,47591,1,1337,615
04-01-21,Lake,1690,4,1502,2,188,2,1771,2,9892,5,11663,7,0,26,4,5,0,1659,0,25,26
04-01-21,Lauderdale,3110,1,2424,0,686,1,2784,0,20599,20,23383,20,0,44,1,10,0,3056,0,82,43
04-01-21,Lawrence,5696,4,4452,1,1244,3,4900,1,28695,37,33595,38,0,86,-5,48,9,5562,0,143,86
04-01-21,Lewis,1531,4,1163,0,368,4,1258,1,9825,4,11083,5,0,25,-3,31,7,1475,0,42,25
04-01-21,Lincoln,4240,3,3286,3,954,0,3735,5,17305,17,21040,22,0,63,1,48,2,4129,0,82,61
04-01-21,Loudon,5907,5,4559,4,1348,1,4987,4,30616,36,35603,40,1,69,-3,45,7,5793,0,134,69
04-01-21,Macon,3502,10,2729,4,773,6,3208,4,15993,8,19201,12,0,74,3,69,7,3359,0,121,74
04-01-21,Madison,10522,29,5872,10,4650,19,7144,12,53855,125,60999,137,0,238,21,-393,8,10677,0,336,238
04-01-21,Marion,3057,3,2609,2,448,1,2905,2,18771,27,21676,29,0,46,-2,17,5,2994,0,110,46
04-01-21,Marshall,4038,7,3209,2,829,5,3620,2,22634,17,26254,19,0,57,5,53,2,3928,0,87,57
04-01-21,Maury,12742,23,11243,17,1499,6,12404,18,71812,117,84216,135,0,162,-9,99,32,12481,0,287,162
04-01-21,McMinn,6201,8,5519,6,682,2,6087,6,41850,62,47937,68,0,96,-4,78,12,6027,0,154,96
04-01-21,McNairy,2738,1,1944,0,794,1,2365,1,17867,12,20232,13,0,54,-1,4,2,2680,0,63,54
04-01-21,Meigs,1316,4,1192,4,124,0,1322,4,7881,10,9203,14,0,23,2,16,2,1277,0,41,23
04-01-21,Monroe,5582,9,4420,6,1162,3,4961,3,26685,55,31646,58,0,95,5,66,4,5421,1,152,95
04-01-21,Montgomery,18470,54,13513,44,4957,10,14852,44,111128,320,125980,364,0,221,10,22,44,18227,0,300,221
04-01-21,Moore,987,1,761,1,226,0,860,1,4783,6,5643,7,0,17,-3,24,4,946,0,16,17
04-01-21,Morgan,2394,1,1768,1,626,0,1919,0,15006,16,16925,16,0,39,-8,37,9,2318,0,41,39
04-01-21,Obion,4440,3,3299,1,1141,2,3736,1,22127,35,25863,36,0,96,1,29,2,4315,0,99,96
04-01-21,Out of State,17265,23,13775,19,3490,4,15569,18,613626,1303,629195,1321,-5,101,-4,208,32,16956,0,206,96
04-01-21,Overton,2932,1,2205,1,727,0,2597,2,14756,18,17353,20,0,60,-3,26,4,2846,0,63,60
04-01-21,Pending,16027,22,10335,14,5692,8,11486,16,397730,937,409216,953,0,130,7,77,15,15820,0,138,131
04-01-21,Perry,1053,2,905,1,148,1,1018,1,6019,1,7037,2,0,28,1,2,1,1023,0,28,28
04-01-21,Pickett,751,1,495,1,256,0,597,1,3849,2,4446,3,0,24,1,3,0,724,0,28,24
04-01-21,Polk,1932,4,1741,2,191,2,1921,2,9188,12,11109,14,0,24,-5,52,9,1856,0,77,24
04-01-21,Putnam,10982,8,8974,6,2008,2,10754,8,70318,188,81072,196,0,173,-1,130,9,10679,0,207,173
04-01-21,Rhea,4256,6,3687,2,569,4,4126,1,26204,33,30330,34,0,75,5,36,1,4145,0,83,75
04-01-21,Roane,6085,11,4724,5,1361,6,5265,5,42299,47,47564,52,0,100,5,27,6,5958,1,145,101
04-01-21,Robertson,9396,16,7401,10,1995,6,8327,10,42535,87,50862,97,0,127,4,148,12,9121,0,416,127
04-01-21,Rutherford,40911,63,35094,47,5817,16,40764,57,230282,541,271046,598,2,411,-27,587,88,39913,0,587,412
04-01-21,Scott,2995,4,1666,0,1329,4,1782,0,11283,10,13065,10,0,45,-3,47,7,2903,0,62,45
04-01-21,Sequatchie,1630,5,1287,3,343,2,1405,3,11654,9,13059,12,0,29,2,18,3,1583,1,38,29
04-01-21,Sevier,12850,16,11080,11,1770,5,12180,16,65312,96,77492,112,0,172,-18,213,34,12465,2,276,173
04-01-21,Shelby,90556,109,84089,103,6467,6,103582,112,947290,2795,1050872,2907,4,1564,8,1076,97,87916,2,3491,1579
04-01-21,Smith,2697,4,2031,2,666,2,2541,2,13376,20,15917,22,0,37,2,53,2,2607,1,58,37
04-01-21,Stewart,1283,3,972,3,311,0,1099,4,6782,17,7881,21,0,27,2,10,1,1246,0,26,27
04-01-21,Sullivan,15466,44,13425,38,2041,6,14533,35,86307,171,100840,206,0,281,2,423,42,14762,0,730,283
04-01-21,Sumner,22593,50,20041,43,2552,7,22671,49,118047,221,140718,270,0,337,-1,241,51,22015,2,700,336
04-01-21,Tipton,7118,2,4958,1,2160,1,5995,2,46636,84,52631,86,0,104,-5,55,7,6959,0,150,100
04-01-21,Trousdale,2466,2,2317,0,149,2,2482,1,9049,9,11531,10,0,22,1,31,1,2413,0,41,22
04-01-21,Unicoi,1876,3,1449,0,427,3,1597,0,13034,25,14631,25,0,49,2,25,1,1802,0,67,49
04-01-21,Union,1824,1,1541,1,283,0,1661,1,10303,18,11964,19,0,34,-2,11,3,1779,0,56,34
04-01-21,Van Buren,817,1,679,1,138,0,752,1,5259,8,6011,9,0,21,-1,5,2,791,0,21,21
04-01-21,Warren,5449,13,4651,7,798,6,5271,8,32479,81,37750,89,0,80,4,52,9,5317,0,82,81
04-01-21,Washington,13534,45,11621,35,1913,10,12816,37,81419,138,94235,175,0,239,9,367,36,12928,0,349,238
04-01-21,Wayne,2933,2,2361,2,572,0,2597,2,11187,17,13784,19,0,33,2,13,0,2887,0,61,33
04-01-21,Weakley,3938,9,2926,7,1012,2,3351,7,21391,27,24742,34,1,61,1,67,7,3810,0,66,61
04-01-21,White,3484,2,2863,0,621,2,3496,0,22489,22,25985,22,0,68,-2,40,4,3376,0,107,68
04-01-21,Williamson,26649,31,22502,24,4147,7,24957,24,179354,311,204311,335,0,213,-34,283,65,26153,0,291,213
04-01-21,Wilson,17558,27,15788,22,1770,5,17958,24,101447,207,119405,231,0,219,-17,-16,44,17355,1,331,219
03-31-21,Anderson,8449,22,6336,13,2113,9,7086,15,61164,164,68250,179,1,166,8,106,13,8177,1,209,170
03-31-21,Bedford,6237,27,4944,17,1293,10,5683,19,31001,93,36684,112,0,125,-3,192,30,5920,1,133,124
03-31-21,Benton,1572,8,1249,3,323,5,1381,3,8842,7,10223,10,0,40,7,31,1,1501,0,35,40
03-31-21,Bledsoe,2069,3,1880,2,189,1,1995,2,15253,30,17248,32,0,11,1,18,2,2040,0,32,11
03-31-21,Blount,14676,13,12547,7,2129,6,13815,11,72046,250,85861,261,0,194,-20,14,33,14468,0,335,192
03-31-21,Bradley,14040,34,11536,26,2504,8,13086,33,64382,204,77468,237,0,145,-4,314,38,13581,1,593,145
03-31-21,Campbell,4003,6,2224,1,1779,5,2502,1,24608,31,27110,32,0,61,0,46,6,3896,0,123,62
03-31-21,Cannon,1854,7,1491,1,363,6,1661,1,9093,20,10754,21,0,31,3,24,4,1799,0,37,31
03-31-21,Carroll,3528,2,2315,0,1213,2,2751,1,19301,26,22052,27,0,82,-2,12,4,3434,0,78,82
03-31-21,Carter,6217,18,5427,13,790,5,5960,15,36731,123,42691,138,0,156,14,121,4,5940,0,225,155
03-31-21,Cheatham,4280,18,3291,9,989,9,3725,10,26548,62,30273,72,0,50,5,117,13,4113,0,87,50
03-31-21,Chester,2067,2,1492,1,575,1,1780,2,11627,7,13407,9,0,48,1,14,1,2005,0,40,48
03-31-21,Claiborne,2975,5,1923,5,1052,0,2061,5,23564,39,25625,44,0,74,4,43,1,2858,0,91,73
03-31-21,Clay,1078,3,742,0,336,3,855,0,5547,12,6402,12,0,31,1,3,2,1044,0,24,30
03-31-21,Cocke,4351,11,2889,3,1462,8,3189,5,21493,123,24682,128,0,98,-4,97,15,4156,0,114,98
03-31-21,Coffee,6702,17,4655,4,2047,13,5691,5,44911,132,50602,137,0,120,3,103,14,6479,0,122,120
03-31-21,Crockett,1980,2,1189,2,791,0,1387,2,7227,13,8614,15,0,48,1,-9,1,1941,0,30,48
03-31-21,Cumberland,6365,35,5297,25,1068,10,6068,26,47628,91,53696,117,0,125,29,111,6,6129,0,153,126
03-31-21,Davidson,85377,184,80097,142,5280,42,97277,174,944543,4197,1041820,4371,6,902,24,1100,154,83375,2,1924,905
03-31-21,Decatur,1560,0,1161,0,399,0,1379,0,10869,13,12248,13,0,38,-1,4,1,1518,0,39,38
03-31-21,Dekalb,2731,6,2024,2,707,4,2339,2,16746,40,19085,42,0,53,6,25,0,2653,0,55,53
03-31-21,Dickson,6516,25,4698,18,1818,7,5562,18,34427,144,39989,162,0,107,21,87,4,6322,0,117,108
03-31-21,Dyer,5315,9,3512,4,1803,5,3963,4,21443,48,25406,52,0,103,7,29,2,5183,0,106,103
03-31-21,Fayette,4788,8,4122,3,666,5,5076,7,36757,102,41833,109,0,78,5,34,3,4676,0,128,76
03-31-21,Fentress,2351,7,2034,2,317,5,2324,2,13046,151,15370,153,0,45,5,17,2,2289,0,62,45
03-31-21,Franklin,4995,18,4168,11,827,7,4881,13,36951,332,41832,345,0,87,8,88,10,4820,0,108,87
03-31-21,Gibson,6284,16,3791,7,2493,9,4596,7,28932,67,33528,74,0,143,9,40,7,6101,0,108,143
03-31-21,Giles,3850,4,3194,2,656,2,3670,2,22452,25,26122,27,0,98,1,35,3,3717,0,110,98
03-31-21,Grainger,2524,11,1880,7,644,4,2106,7,13764,39,15870,46,-1,48,10,30,2,2446,0,68,50
03-31-21,Greene,7516,32,5967,25,1549,7,6694,26,47870,315,54564,341,0,151,20,100,12,7265,1,184,151
03-31-21,Grundy,1742,1,1458,1,284,0,1672,1,8801,70,10473,71,1,31,-1,4,1,1707,0,56,31
03-31-21,Hamblen,8334,7,5853,2,2481,5,6577,3,45330,74,51907,77,0,170,-3,84,10,8080,0,253,170
03-31-21,Hamilton,42379,86,36560,60,5819,26,40903,78,311367,805,352270,883,1,478,29,552,56,41349,4,1126,479
03-31-21,Hancock,526,3,372,2,154,1,398,1,3787,3,4185,4,0,12,3,9,0,505,0,20,12
03-31-21,Hardeman,3424,4,2768,0,656,4,3235,0,24471,22,27706,22,0,63,3,15,1,3346,0,101,63
03-31-21,Hardin,3423,11,2324,3,1099,8,2767,3,22855,33,25622,36,0,66,4,57,7,3300,0,64,66
03-31-21,Hawkins,5569,20,4550,14,1019,6,4916,14,33653,124,38569,138,0,104,10,129,10,5336,0,147,104
03-31-21,Haywood,2663,0,2234,0,429,0,2551,1,13442,44,15993,45,0,60,-1,4,1,2599,0,81,60
03-31-21,Henderson,3664,6,2554,3,1110,3,3201,4,15838,13,19039,17,0,74,6,16,0,3574,0,77,75
03-31-21,Henry,3071,4,2385,2,686,2,2758,3,17563,22,20321,25,0,75,1,18,3,2978,0,74,75
03-31-21,Hickman,2751,8,2220,4,531,4,2564,5,16158,28,18722,33,0,43,6,27,2,2681,0,55,44
03-31-21,Houston,1061,2,801,2,260,0,915,2,9610,72,10525,74,0,33,2,7,0,1021,0,39,33
03-31-21,Humphreys,1633,11,1058,4,575,7,1236,3,11341,37,12577,40,0,21,8,37,3,1575,1,32,21
03-31-21,Jackson,1286,4,1008,3,278,1,1177,4,5380,16,6557,20,0,35,4,15,0,1236,0,39,35
03-31-21,Jefferson,5935,11,4107,3,1828,8,4639,4,38130,99,42769,103,0,121,0,76,11,5738,0,182,120
03-31-21,Johnson,2228,8,1975,2,253,6,2103,2,14887,32,16990,34,0,38,3,26,5,2164,0,58,38
03-31-21,Knox,48647,87,40901,65,7746,22,44730,70,315836,773,360566,843,3,617,-15,530,99,47500,2,1336,615
03-31-21,Lake,1686,1,1500,1,186,0,1769,3,9887,43,11656,46,0,26,1,1,0,1659,0,25,26
03-31-21,Lauderdale,3109,1,2424,0,685,1,2784,0,20579,28,23363,28,0,44,1,9,0,3056,0,82,43
03-31-21,Lawrence,5692,8,4451,6,1241,2,4899,8,28658,52,33557,60,0,86,4,53,4,5553,0,143,86
03-31-21,Lewis,1527,8,1163,4,364,4,1257,3,9821,16,11078,19,0,25,7,34,1,1468,0,42,25
03-31-21,Lincoln,4237,10,3283,3,954,7,3730,4,17288,31,21018,35,0,63,9,47,1,4127,0,82,61
03-31-21,Loudon,5902,6,4555,3,1347,3,4983,4,30580,70,35563,74,0,68,0,48,6,5786,0,134,69
03-31-21,Macon,3492,13,2725,8,767,5,3204,10,15985,66,19189,76,0,74,6,66,7,3352,0,121,74
03-31-21,Madison,10493,26,5862,11,4631,15,7132,12,53730,83,60862,95,0,238,22,-414,4,10669,0,336,238
03-31-21,Marion,3054,7,2607,5,447,2,2903,5,18744,119,21647,124,0,46,5,19,2,2989,0,110,46
03-31-21,Marshall,4031,7,3207,5,824,2,3618,4,22617,37,26235,41,0,57,4,48,3,3926,0,87,57
03-31-21,Maury,12719,28,11226,16,1493,12,12386,16,71695,168,84081,184,0,162,12,108,16,12449,1,287,162
03-31-21,McMinn,6193,18,5513,12,680,6,6081,14,41788,106,47869,120,1,96,11,82,6,6015,1,154,96
03-31-21,McNairy,2737,3,1944,1,793,2,2364,1,17855,24,20219,25,0,54,1,5,2,2678,0,63,54
03-31-21,Meigs,1312,3,1188,3,124,0,1318,3,7871,24,9189,27,0,23,-1,14,4,1275,0,41,23
03-31-21,Monroe,5573,15,4414,9,1159,6,4958,9,26630,88,31588,97,0,95,6,61,9,5417,0,151,95
03-31-21,Montgomery,18416,51,13469,30,4947,21,14808,33,110808,484,125616,517,0,221,7,12,44,18183,0,300,221
03-31-21,Moore,986,3,760,3,226,0,859,3,4777,15,5636,18,0,17,2,27,1,942,0,16,17
03-31-21,Morgan,2393,5,1767,3,626,2,1919,3,14990,49,16909,52,0,39,4,45,1,2309,1,41,39
03-31-21,Obion,4437,4,3298,3,1139,1,3735,5,22092,58,25827,63,0,96,-2,28,6,4313,0,99,96
03-31-21,Out of State,17242,34,13756,21,3486,13,15551,25,612323,1533,627874,1558,0,106,4,212,30,16924,0,206,96
03-31-21,Overton,2931,6,2204,1,727,5,2595,3,14738,31,17333,34,0,60,6,29,0,2842,0,63,60
03-31-21,Pending,16005,53,10321,19,5684,34,11470,21,396793,1320,408263,1341,1,130,30,70,22,15805,1,138,131
03-31-21,Perry,1051,0,904,0,147,0,1017,0,6018,6,7035,6,0,28,0,1,0,1022,0,28,28
03-31-21,Pickett,750,0,494,0,256,0,596,0,3847,14,4443,14,0,24,0,2,0,724,0,28,24
03-31-21,Polk,1928,10,1739,8,189,2,1919,9,9176,28,11095,37,0,24,-3,57,13,1847,0,77,24
03-31-21,Putnam,10974,23,8968,13,2006,10,10746,19,70130,261,80876,280,0,173,10,131,13,10670,0,207,173
03-31-21,Rhea,4250,6,3685,6,565,0,4125,9,26171,75,30296,84,0,75,5,31,1,4144,0,83,75
03-31-21,Roane,6074,11,4719,6,1355,5,5260,7,42252,125,47512,132,0,100,9,22,2,5952,0,144,101
03-31-21,Robertson,9380,35,7391,12,1989,23,8317,12,42448,125,50765,137,0,127,24,144,11,9109,1,416,127
03-31-21,Rutherford,40848,88,35047,64,5801,24,40707,76,229741,727,270448,803,0,409,7,614,81,39825,0,587,411
03-31-21,Scott,2991,12,1666,4,1325,8,1782,4,11273,28,13055,32,0,45,6,50,6,2896,0,62,45
03-31-21,Sequatchie,1625,2,1284,1,341,1,1402,1,11645,22,13047,23,0,29,-1,16,3,1580,0,37,29
03-31-21,Sevier,12834,37,11069,24,1765,13,12164,30,65216,242,77380,272,-1,172,9,231,29,12431,0,274,173
03-31-21,Shelby,90447,176,83986,142,6461,34,103470,169,944495,3740,1047965,3909,-1,1560,86,1068,91,87819,9,3489,1578
03-31-21,Smith,2693,7,2029,2,664,5,2539,2,13356,26,15895,28,0,37,4,51,3,2605,0,57,37
03-31-21,Stewart,1280,2,969,1,311,1,1095,0,6765,9,7860,9,0,27,2,8,0,1245,0,26,27
03-31-21,Sullivan,15422,54,13387,41,2035,13,14498,38,86136,232,100634,270,0,281,15,421,39,14720,1,730,282
03-31-21,Sumner,22543,40,19998,27,2545,13,22622,37,117826,472,140448,509,0,337,-5,242,45,21964,0,698,336
03-31-21,Tipton,7116,14,4957,6,2159,8,5993,8,46552,131,52545,139,0,104,12,60,2,6952,0,150,100
03-31-21,Trousdale,2464,7,2317,4,147,3,2481,4,9040,11,11521,15,0,22,2,30,5,2412,0,41,22
03-31-21,Unicoi,1873,4,1449,3,424,1,1597,3,13009,40,14606,43,0,49,-2,23,6,1801,0,67,49
03-31-21,Union,1823,2,1540,1,283,1,1660,1,10285,25,11945,26,0,34,-1,13,3,1776,0,56,34
03-31-21,Van Buren,816,2,678,1,138,1,751,3,5251,5,6002,8,0,21,0,6,2,789,0,21,21
03-31-21,Warren,5436,15,4644,13,792,2,5263,14,32398,80,37661,94,0,80,8,48,7,5308,0,82,81
03-31-21,Washington,13489,57,11586,36,1903,21,12779,37,81281,284,94060,321,0,239,33,358,24,12892,1,349,238
03-31-21,Wayne,2931,2,2359,0,572,2,2595,0,11170,12,13765,12,0,33,1,11,1,2887,0,61,33
03-31-21,Weakley,3929,16,2919,3,1010,13,3344,2,21364,31,24708,33,0,60,5,66,11,3803,0,66,61
03-31-21,White,3482,9,2863,9,619,0,3496,10,22467,49,25963,59,0,68,6,42,3,3372,0,107,68
03-31-21,Williamson,26618,61,22478,46,4140,15,24933,52,179043,539,203976,591,0,213,9,317,52,26088,0,291,213
03-31-21,Wilson,17531,42,15766,32,1765,10,17934,35,101240,503,119174,538,0,219,-4,1,46,17311,0,330,219
03-30-21,Anderson,8427,5,6323,3,2104,2,7071,4,61000,58,68071,62,1,165,-10,98,14,8164,0,208,170
03-30-21,Bedford,6210,10,4927,3,1283,7,5664,3,30908,37,36572,40,0,125,-6,195,16,5890,1,132,124
03-30-21,Benton,1564,1,1246,0,318,1,1378,0,8835,4,10213,4,0,40,-4,24,5,1500,0,35,40
03-30-21,Bledsoe,2066,0,1878,0,188,0,1993,0,15223,20,17216,20,0,11,-6,17,6,2038,0,32,11
03-30-21,Blount,14663,18,12540,13,2123,5,13804,15,71796,155,85600,170,1,194,-8,34,25,14435,2,335,192
03-30-21,Bradley,14006,19,11510,9,2496,10,13053,11,64178,105,77231,116,0,145,-33,318,52,13543,3,592,145
03-30-21,Campbell,3997,7,2223,1,1774,6,2501,2,24577,24,27078,26,0,61,-2,46,9,3890,0,123,62
03-30-21,Cannon,1847,0,1490,0,357,0,1660,0,9073,13,10733,13,0,31,-3,21,3,1795,0,37,31
03-30-21,Carroll,3526,1,2315,0,1211,1,2750,0,19275,24,22025,24,0,82,-1,14,2,3430,0,78,82
03-30-21,Carter,6199,10,5414,6,785,4,5945,6,36608,47,42553,53,0,156,-8,107,18,5936,0,225,155
03-30-21,Cheatham,4262,10,3282,7,980,3,3715,8,26486,29,30201,37,0,50,-3,112,13,4100,0,87,50
03-30-21,Chester,2065,4,1491,0,574,4,1778,0,11620,7,13398,7,0,48,2,13,2,2004,0,40,48
03-30-21,Claiborne,2970,8,1918,5,1052,3,2056,5,23525,17,25581,22,0,74,3,39,5,2857,0,91,73
03-30-21,Clay,1075,0,742,0,333,0,855,0,5535,7,6390,7,0,31,0,2,0,1042,0,24,30
03-30-21,Cocke,4340,8,2886,4,1454,4,3184,5,21370,40,24554,45,0,98,-14,101,22,4141,0,114,98
03-30-21,Coffee,6685,3,4651,3,2034,0,5686,3,44779,74,50465,77,0,120,-7,100,10,6465,0,122,120
03-30-21,Crockett,1978,0,1187,0,791,0,1385,0,7214,10,8599,10,0,48,0,-10,0,1940,0,30,48
03-30-21,Cumberland,6330,4,5272,4,1058,0,6042,4,47537,30,53579,34,0,125,-10,82,14,6123,0,153,126
03-30-21,Davidson,85193,164,79955,155,5238,9,97103,189,940346,3217,1037449,3406,0,896,23,1076,141,83221,2,1922,903
03-30-21,Decatur,1560,0,1161,0,399,0,1379,0,10856,6,12235,6,0,38,-1,5,1,1517,0,39,38
03-30-21,Dekalb,2725,0,2022,0,703,0,2337,0,16706,15,19043,15,0,53,-4,19,4,2653,0,55,53
03-30-21,Dickson,6491,8,4680,6,1811,2,5544,8,34283,39,39827,47,0,107,-8,66,16,6318,0,117,108
03-30-21,Dyer,5306,3,3508,3,1798,0,3959,3,21395,12,25354,15,0,103,1,22,2,5181,0,106,103
03-30-21,Fayette,4780,5,4119,5,661,0,5069,5,36655,73,41724,78,0,78,2,29,3,4673,1,128,76
03-30-21,Fentress,2344,0,2032,0,312,0,2322,0,12895,30,15217,30,0,45,-3,12,3,2287,0,62,45
03-30-21,Franklin,4977,5,4157,3,820,2,4868,2,36619,18,41487,20,0,87,-14,80,19,4810,1,108,87
03-30-21,Gibson,6268,1,3784,1,2484,0,4589,0,28865,21,33454,21,0,143,1,31,0,6094,0,108,143
03-30-21,Giles,3846,4,3192,2,654,2,3668,2,22427,25,26095,27,0,98,3,34,1,3714,0,110,98
03-30-21,Grainger,2513,1,1873,0,640,1,2099,0,13725,7,15824,7,0,49,-4,20,5,2444,0,68,50
03-30-21,Greene,7484,8,5942,6,1542,2,6668,6,47555,64,54223,70,0,151,0,80,8,7253,1,183,151
03-30-21,Grundy,1741,0,1457,0,284,0,1671,0,8731,37,10402,37,0,30,-2,5,2,1706,0,56,31
03-30-21,Hamblen,8327,5,5851,2,2476,3,6574,6,45256,46,51830,52,0,170,-7,87,12,8070,0,253,170
03-30-21,Hamilton,42293,56,36500,41,5793,15,40825,56,310562,425,351387,481,1,477,-7,523,62,41293,3,1122,478
03-30-21,Hancock,523,0,370,0,153,0,397,1,3784,1,4181,2,0,12,-1,6,1,505,0,20,12
03-30-21,Hardeman,3420,0,2768,0,652,0,3235,0,24449,11,27684,11,0,63,-2,12,2,3345,0,101,63
03-30-21,Hardin,3412,6,2321,6,1091,0,2764,6,22822,21,25586,27,1,66,-1,53,6,3293,0,64,66
03-30-21,Hawkins,5549,9,4536,7,1013,2,4902,8,33529,58,38431,66,0,104,-5,119,14,5326,1,147,104
03-30-21,Haywood,2663,2,2234,0,429,2,2550,1,13398,8,15948,9,0,60,2,5,0,2598,0,81,60
03-30-21,Henderson,3658,1,2551,1,1107,0,3197,1,15825,7,19022,8,0,74,1,10,0,3574,1,77,74
03-30-21,Henry,3067,1,2383,0,684,1,2755,1,17541,12,20296,13,0,75,1,17,0,2975,0,74,75
03-30-21,Hickman,2743,1,2216,1,527,0,2559,1,16130,18,18689,19,0,43,0,21,1,2679,0,55,44
03-30-21,Houston,1059,0,799,0,260,0,913,1,9538,18,10451,19,0,33,-2,5,2,1021,0,39,33
03-30-21,Humphreys,1622,4,1054,3,568,1,1233,3,11304,10,12537,13,0,21,2,29,2,1572,0,31,21
03-30-21,Jackson,1282,1,1005,1,277,0,1173,1,5364,6,6537,7,0,35,-5,11,6,1236,0,39,35
03-30-21,Jefferson,5924,4,4104,3,1820,1,4635,3,38031,50,42666,53,0,121,-6,76,10,5727,0,182,120
03-30-21,Johnson,2220,0,1973,0,247,0,2101,0,14855,22,16956,22,0,38,-2,23,2,2159,0,58,38
03-30-21,Knox,48560,55,40836,31,7724,24,44660,34,315063,463,359723,497,1,614,-22,545,76,47401,2,1334,613
03-30-21,Lake,1685,1,1499,1,186,0,1766,1,9844,10,11610,11,0,26,0,0,1,1659,0,25,26
03-30-21,Lauderdale,3108,0,2424,0,684,0,2784,0,20551,22,23335,22,0,44,-1,8,1,3056,0,82,43
03-30-21,Lawrence,5684,6,4445,4,1239,2,4891,4,28606,54,33497,58,0,86,1,49,5,5549,0,143,86
03-30-21,Lewis,1519,1,1159,0,360,1,1254,0,9805,11,11059,11,0,25,1,27,0,1467,0,42,25
03-30-21,Lincoln,4227,6,3280,3,947,3,3726,3,17257,33,20983,36,0,63,2,38,4,4126,1,82,61
03-30-21,Loudon,5896,2,4552,1,1344,1,4979,1,30510,30,35489,31,0,68,-7,48,9,5780,0,134,69
03-30-21,Macon,3479,13,2717,2,762,11,3194,3,15919,14,19113,17,0,74,7,60,6,3345,2,121,74
03-30-21,Madison,10467,39,5851,8,4616,31,7120,9,53647,52,60767,61,0,238,34,-436,5,10665,0,336,238
03-30-21,Marion,3047,2,2602,1,445,1,2898,1,18625,59,21523,60,0,46,-1,14,3,2987,0,110,46
03-30-21,Marshall,4024,6,3202,3,822,3,3614,3,22580,27,26194,30,0,57,-6,44,12,3923,1,87,57
03-30-21,Maury,12691,20,11210,16,1481,4,12370,17,71527,87,83897,104,0,162,3,96,17,12433,1,286,162
03-30-21,McMinn,6175,4,5501,3,674,1,6067,1,41682,29,47749,30,0,95,-4,71,8,6009,0,153,96
03-30-21,McNairy,2734,3,1943,3,791,0,2363,3,17831,20,20194,23,0,54,2,4,1,2676,0,63,54
03-30-21,Meigs,1309,0,1185,0,124,0,1315,0,7847,12,9162,12,0,23,-2,15,2,1271,0,41,23
03-30-21,Monroe,5558,6,4405,5,1153,1,4949,7,26542,25,31491,32,0,95,-2,55,8,5408,0,151,95
03-30-21,Montgomery,18365,41,13439,23,4926,18,14775,26,110324,242,125099,268,0,221,2,5,39,18139,1,300,221
03-30-21,Moore,983,0,757,0,226,0,856,0,4762,5,5618,5,0,17,-3,25,3,941,0,16,17
03-30-21,Morgan,2388,4,1764,1,624,3,1916,1,14941,15,16857,16,0,39,3,41,1,2308,0,40,39
03-30-21,Obion,4433,1,3295,1,1138,0,3730,0,22034,30,25764,30,0,96,0,30,1,4307,0,99,96
03-30-21,Out of State,17208,30,13735,23,3473,7,15526,26,610790,1309,626316,1335,1,106,-2,208,31,16894,0,206,96
03-30-21,Overton,2925,1,2203,1,722,0,2592,1,14707,14,17299,15,0,60,-4,23,5,2842,0,63,60
03-30-21,Pending,15952,12,10302,12,5650,0,11449,12,395473,766,406922,778,0,129,-13,40,25,15783,0,137,131
03-30-21,Perry,1051,0,904,0,147,0,1017,0,6012,4,7029,4,0,28,-1,1,1,1022,0,28,28
03-30-21,Pickett,750,0,494,0,256,0,596,0,3833,2,4429,2,0,24,0,2,0,724,0,28,24
03-30-21,Polk,1918,6,1731,6,187,0,1910,6,9148,8,11058,14,0,24,5,60,1,1834,0,77,24
03-30-21,Putnam,10951,12,8955,12,1996,0,10727,13,69869,53,80596,66,0,173,-2,121,14,10657,2,207,173
03-30-21,Rhea,4244,2,3679,2,565,0,4116,4,26096,54,30212,58,0,75,1,26,1,4143,0,83,75
03-30-21,Roane,6063,3,4713,1,1350,2,5253,2,42127,36,47380,38,0,100,0,13,3,5950,0,144,101
03-30-21,Robertson,9345,14,7379,12,1966,2,8305,12,42323,64,50628,76,0,127,1,120,13,9098,1,415,127
03-30-21,Rutherford,40760,107,34983,76,5777,31,40631,79,229014,485,269645,564,1,409,17,607,89,39744,2,587,409
03-30-21,Scott,2979,6,1662,0,1317,6,1778,0,11245,20,13023,20,1,45,5,44,0,2890,0,62,45
03-30-21,Sequatchie,1623,0,1283,0,340,0,1401,0,11623,13,13024,13,0,29,-1,17,1,1577,0,37,29
03-30-21,Sevier,12797,26,11045,11,1752,15,12134,11,64974,102,77108,113,0,173,-8,222,34,12402,0,274,173
03-30-21,Shelby,90271,111,83844,89,6427,22,103301,101,940755,2607,1044056,2708,2,1561,19,982,90,87728,2,3480,1576
03-30-21,Smith,2686,2,2027,2,659,0,2537,3,13330,14,15867,17,0,37,-3,47,5,2602,0,57,37
03-30-21,Stewart,1278,2,968,2,310,0,1095,2,6756,16,7851,18,0,27,1,6,1,1245,0,26,27
03-30-21,Sullivan,15368,43,13346,41,2022,2,14460,71,85904,299,100364,370,0,281,11,406,32,14681,1,729,282
03-30-21,Sumner,22503,47,19971,39,2532,8,22585,43,117354,208,139939,251,0,337,4,247,43,21919,0,698,336
03-30-21,Tipton,7102,1,4951,1,2151,0,5985,1,46421,88,52406,89,0,104,-8,48,9,6950,0,150,100
03-30-21,Trousdale,2457,3,2313,2,144,1,2477,3,9029,13,11506,16,0,22,2,28,1,2407,1,41,22
03-30-21,Unicoi,1869,0,1446,0,423,0,1594,0,12969,12,14563,12,0,49,-5,25,5,1795,0,67,49
03-30-21,Union,1821,2,1539,2,282,0,1659,2,10260,9,11919,11,0,34,-7,14,9,1773,0,56,34
03-30-21,Van Buren,814,1,677,1,137,0,748,1,5246,2,5994,3,0,21,1,6,0,787,1,21,21
03-30-21,Warren,5421,5,4631,5,790,0,5249,7,32318,51,37567,58,0,80,-1,40,6,5301,0,82,81
03-30-21,Washington,13432,50,11550,47,1882,3,12742,51,80997,125,93739,176,0,239,28,325,22,12868,0,348,238
03-30-21,Wayne,2929,3,2359,1,570,2,2595,1,11158,6,13753,7,0,33,0,10,3,2886,0,61,33
03-30-21,Weakley,3913,4,2916,2,997,2,3342,2,21333,11,24675,13,0,60,3,61,1,3792,0,66,60
03-30-21,White,3473,4,2854,3,619,1,3486,3,22418,10,25904,13,0,68,2,36,2,3369,0,107,68
03-30-21,Williamson,26557,48,22432,37,4125,11,24881,40,178504,333,203385,373,0,213,-5,308,53,26036,0,291,213
03-30-21,Wilson,17489,41,15734,39,1755,2,17899,42,100737,267,118636,309,0,219,0,5,41,17265,0,330,219
03-29-21,Anderson,8422,16,6320,4,2102,12,7067,4,60942,86,68009,90,1,164,-13,108,28,8150,0,208,170
03-29-21,Bedford,6200,19,4924,5,1276,14,5661,8,30871,31,36532,39,1,125,-4,201,22,5874,0,131,124
03-29-21,Benton,1563,6,1246,2,317,4,1378,2,8831,4,10209,6,0,40,1,28,5,1495,0,35,40
03-29-21,Bledsoe,2066,0,1878,0,188,0,1993,0,15203,7,17196,7,0,11,-4,23,4,2032,0,32,11
03-29-21,Blount,14645,11,12527,5,2118,6,13789,6,71641,87,85430,93,0,193,-9,42,20,14410,0,333,192
03-29-21,Bradley,13987,47,11501,25,2486,22,13042,30,64073,84,77115,114,2,145,6,351,39,13491,3,589,145
03-29-21,Campbell,3990,4,2222,0,1768,4,2499,0,24553,20,27052,20,1,61,-4,48,7,3881,0,123,62
03-29-21,Cannon,1847,0,1490,0,357,0,1660,0,9060,11,10720,11,0,31,-4,24,4,1792,0,37,31
03-29-21,Carroll,3525,6,2315,2,1210,4,2750,3,19251,11,22001,14,0,82,5,15,1,3428,0,78,82
03-29-21,Carter,6189,17,5408,15,781,2,5939,15,36561,41,42500,56,1,156,9,115,7,5918,1,225,155
03-29-21,Cheatham,4252,29,3275,9,977,20,3707,12,26457,77,30164,89,1,50,8,115,20,4087,0,87,50
03-29-21,Chester,2061,2,1491,0,570,2,1778,0,11613,3,13391,3,0,48,2,11,0,2002,0,40,48
03-29-21,Claiborne,2962,6,1913,2,1049,4,2051,1,23508,12,25559,13,0,74,5,36,1,2852,0,91,73
03-29-21,Clay,1075,0,742,0,333,0,855,0,5528,3,6383,3,0,31,0,2,0,1042,0,24,30
03-29-21,Cocke,4332,8,2882,2,1450,6,3179,5,21330,76,24509,81,1,98,-8,115,15,4119,1,114,98
03-29-21,Coffee,6682,15,4648,1,2034,14,5683,4,44705,21,50388,25,0,120,0,107,15,6455,0,122,120
03-29-21,Crockett,1978,2,1187,0,791,2,1385,0,7204,5,8589,5,0,48,2,-10,0,1940,0,30,48
03-29-21,Cumberland,6326,12,5268,2,1058,10,6038,4,47507,16,53545,20,0,125,-2,92,14,6109,0,153,126
03-29-21,Davidson,85029,76,79800,51,5229,25,96914,75,937129,1217,1034043,1292,2,896,-125,1053,199,83080,0,1920,901
03-29-21,Decatur,1560,2,1161,0,399,2,1379,0,10850,6,12229,6,0,38,0,6,2,1516,0,39,38
03-29-21,Dekalb,2725,2,2022,0,703,2,2337,0,16691,6,19028,6,1,53,1,23,0,2649,0,55,53
03-29-21,Dickson,6483,12,4674,7,1809,5,5536,9,34244,82,39780,91,0,107,7,74,5,6302,0,117,107
03-29-21,Dyer,5303,1,3505,0,1798,1,3956,0,21383,6,25339,6,0,103,-1,21,2,5179,0,106,103
03-29-21,Fayette,4775,1,4114,1,661,0,5064,2,36582,40,41646,42,0,78,-5,27,6,4670,0,127,76
03-29-21,Fentress,2344,3,2032,3,312,0,2322,3,12865,9,15187,12,0,45,0,15,3,2284,0,62,45
03-29-21,Franklin,4972,12,4154,6,818,6,4866,9,36601,35,41467,44,0,87,-6,94,18,4791,0,107,87
03-29-21,Gibson,6267,10,3783,0,2484,10,4589,2,28844,13,33433,15,0,143,4,30,6,6094,0,108,143
03-29-21,Giles,3842,5,3190,0,652,5,3666,0,22402,11,26068,11,0,98,1,31,4,3713,0,110,98
03-29-21,Grainger,2512,3,1873,0,639,3,2099,0,13718,11,15817,11,1,49,-2,24,4,2439,0,68,50
03-29-21,Greene,7476,8,5936,4,1540,4,6662,5,47491,60,54153,65,2,151,1,80,5,7245,0,182,151
03-29-21,Grundy,1741,2,1457,1,284,1,1671,2,8694,11,10365,13,0,30,1,7,1,1704,0,56,31
03-29-21,Hamblen,8322,8,5849,3,2473,5,6568,2,45210,15,51778,17,0,170,-3,94,11,8058,0,253,170
03-29-21,Hamilton,42237,82,36459,53,5778,29,40769,63,310137,400,350906,463,1,476,1,530,80,41231,4,1119,477
03-29-21,Hancock,523,1,370,1,153,0,396,1,3783,2,4179,3,0,12,1,7,0,504,0,20,12
03-29-21,Hardeman,3420,0,2768,0,652,0,3235,0,24438,7,27673,7,0,63,-1,14,1,3343,0,101,63
03-29-21,Hardin,3406,8,2315,1,1091,7,2758,1,22801,6,25559,7,0,65,1,54,7,3287,0,64,66
03-29-21,Hawkins,5540,11,4529,7,1011,4,4894,7,33471,19,38365,26,1,104,2,124,8,5312,0,146,104
03-29-21,Haywood,2661,0,2234,0,427,0,2549,1,13390,6,15939,7,0,60,0,3,0,2598,0,81,60
03-29-21,Henderson,3657,0,2550,0,1107,0,3196,0,15818,7,19014,7,0,74,-2,9,2,3574,0,76,74
03-29-21,Henry,3066,2,2383,0,683,2,2754,0,17529,15,20283,15,0,75,2,16,0,2975,0,74,75
03-29-21,Hickman,2742,4,2215,3,527,1,2558,3,16112,24,18670,27,0,43,-5,21,9,2678,0,55,44
03-29-21,Houston,1059,3,799,3,260,0,912,4,9520,7,10432,11,0,33,3,7,0,1019,0,39,33
03-29-21,Humphreys,1618,11,1051,3,567,8,1230,4,11294,11,12524,15,0,21,10,27,1,1570,0,31,21
03-29-21,Jackson,1281,0,1004,0,277,0,1172,1,5358,3,6530,4,0,35,0,16,0,1230,0,39,35
03-29-21,Jefferson,5920,3,4101,0,1819,3,4632,2,37981,27,42613,29,0,121,-4,82,7,5717,0,182,120
03-29-21,Johnson,2220,3,1973,2,247,1,2101,1,14833,3,16934,4,0,38,0,25,3,2157,0,58,38
03-29-21,Knox,48505,42,40805,21,7700,21,44626,25,314600,407,359226,432,5,613,-59,567,96,47325,0,1332,612
03-29-21,Lake,1684,2,1498,2,186,0,1765,2,9834,1,11599,3,0,26,2,0,0,1658,0,25,26
03-29-21,Lauderdale,3108,3,2424,2,684,1,2784,2,20529,17,23313,19,0,44,3,9,0,3055,0,82,43
03-29-21,Lawrence,5678,9,4441,3,1237,6,4887,3,28552,38,33439,41,0,86,4,48,5,5544,0,143,86
03-29-21,Lewis,1518,3,1159,1,359,2,1254,1,9794,6,11048,7,0,25,1,26,2,1467,0,42,25
03-29-21,Lincoln,4221,9,3277,2,944,7,3723,2,17224,4,20947,6,0,63,7,36,2,4122,0,81,61
03-29-21,Loudon,5894,7,4551,3,1343,4,4978,4,30480,33,35458,37,0,68,1,55,6,5771,0,134,69
03-29-21,Macon,3466,4,2715,1,751,3,3191,1,15905,34,19096,35,0,74,-2,53,6,3339,0,119,74
03-29-21,Madison,10428,39,5843,20,4585,19,7111,22,53595,48,60706,70,0,238,17,-470,22,10660,0,336,238
03-29-21,Marion,3045,3,2601,3,444,0,2897,2,18566,15,21463,17,0,46,3,15,0,2984,0,110,46
03-29-21,Marshall,4018,4,3199,1,819,3,3611,3,22553,15,26164,18,0,57,-5,50,9,3911,0,86,57
03-29-21,Maury,12671,22,11194,11,1477,11,12353,10,71440,103,83793,113,0,162,-2,93,24,12416,0,285,162
03-29-21,McMinn,6171,7,5498,5,673,2,6066,6,41653,43,47719,49,0,95,-3,75,10,6001,1,153,96
03-29-21,McNairy,2731,1,1940,0,791,1,2360,0,17811,6,20171,6,0,54,0,2,1,2675,0,63,54
03-29-21,Meigs,1309,1,1185,1,124,0,1315,1,7835,3,9150,4,0,23,0,17,1,1269,0,41,23
03-29-21,Monroe,5552,5,4400,3,1152,2,4942,4,26517,63,31459,67,0,95,-2,57,7,5400,0,151,95
03-29-21,Montgomery,18324,46,13416,29,4908,17,14749,29,110082,184,124831,213,1,221,-4,3,49,18100,0,299,221
03-29-21,Moore,983,4,757,1,226,3,856,1,4757,3,5613,4,0,17,4,28,0,938,0,16,17
03-29-21,Morgan,2384,6,1763,0,621,6,1915,1,14926,8,16841,9,0,39,3,38,3,2307,1,40,39
03-29-21,Obion,4432,8,3294,4,1138,4,3730,4,22004,16,25734,20,0,96,7,30,1,4306,1,99,96
03-29-21,Out of State,17178,21,13712,12,3466,9,15500,16,609481,1030,624981,1046,0,105,6,210,15,16863,0,206,96
03-29-21,Overton,2924,5,2202,3,722,2,2591,4,14693,6,17284,10,0,60,3,27,2,2837,0,63,60
03-29-21,Pending,15940,24,10290,9,5650,15,11437,10,394707,649,406144,659,0,129,-5,53,29,15758,0,137,131
03-29-21,Perry,1051,0,904,0,147,0,1017,0,6008,0,7025,0,0,28,0,2,0,1021,0,28,28
03-29-21,Pickett,750,0,494,0,256,0,596,0,3831,2,4427,2,0,24,-1,2,1,724,0,28,24
03-29-21,Polk,1912,7,1725,6,187,1,1904,7,9140,4,11044,11,0,24,1,55,6,1833,1,77,24
03-29-21,Putnam,10939,12,8943,8,1996,4,10714,9,69816,35,80530,44,0,173,-3,123,15,10643,0,205,173
03-29-21,Rhea,4242,4,3677,3,565,1,4112,3,26042,27,30154,30,0,75,1,25,3,4142,0,83,75
03-29-21,Roane,6060,5,4712,3,1348,2,5251,3,42091,32,47342,35,0,100,1,13,4,5947,0,144,101
03-29-21,Robertson,9331,12,7367,5,1964,7,8293,4,42259,40,50552,44,0,127,-2,119,14,9085,0,414,127
03-29-21,Rutherford,40653,52,34907,21,5746,31,40552,31,228529,253,269081,284,1,408,-67,590,118,39655,2,585,409
03-29-21,Scott,2973,3,1662,0,1311,3,1778,0,11225,4,13003,4,0,44,-1,39,4,2890,0,62,45
03-29-21,Sequatchie,1623,3,1283,0,340,3,1401,0,11610,13,13011,13,1,29,2,18,0,1576,0,37,29
03-29-21,Sevier,12771,19,11034,7,1737,12,12123,9,64872,65,76995,74,1,173,-21,230,39,12368,0,274,173
03-29-21,Shelby,90160,103,83755,81,6405,22,103200,101,938148,1398,1041348,1499,2,1559,-8,963,109,87638,5,3478,1574
03-29-21,Smith,2684,6,2025,1,659,5,2534,1,13316,9,15850,10,0,37,-1,50,7,2597,0,57,37
03-29-21,Stewart,1276,3,966,1,310,2,1093,1,6740,6,7833,7,1,27,1,5,1,1244,0,26,26
03-29-21,Sullivan,15325,49,13305,26,2020,23,14389,22,85605,84,99994,106,0,281,11,395,38,14649,0,728,282
03-29-21,Sumner,22456,45,19932,22,2524,23,22542,27,117146,139,139688,166,0,337,0,243,45,21876,0,698,336
03-29-21,Tipton,7101,7,4950,5,2151,2,5984,5,46333,52,52317,57,0,104,-1,56,8,6941,0,150,100
03-29-21,Trousdale,2454,3,2311,0,143,3,2474,0,9016,6,11490,6,0,22,-1,26,4,2406,0,40,22
03-29-21,Unicoi,1869,2,1446,1,423,1,1594,1,12957,11,14551,12,0,49,0,30,2,1790,0,67,49
03-29-21,Union,1819,2,1537,1,282,1,1657,1,10251,15,11908,16,0,34,-3,21,5,1764,0,56,34
03-29-21,Van Buren,813,1,676,0,137,1,747,0,5244,3,5991,3,0,21,1,5,0,787,0,20,21
03-29-21,Warren,5416,2,4626,1,790,1,5242,1,32267,26,37509,27,0,80,1,41,1,5295,0,82,81
03-29-21,Washington,13382,35,11503,24,1879,11,12691,27,80872,92,93563,119,1,239,3,297,31,12846,2,348,237
03-29-21,Wayne,2926,1,2358,0,568,1,2594,0,11152,5,13746,5,0,33,-8,10,9,2883,0,61,33
03-29-21,Weakley,3909,8,2914,2,995,6,3340,3,21322,16,24662,19,0,60,4,58,4,3791,1,66,60
03-29-21,White,3469,3,2851,2,618,1,3483,2,22408,8,25891,10,0,68,-2,34,5,3367,0,107,68
03-29-21,Williamson,26509,33,22395,17,4114,16,24841,20,178171,265,203012,285,0,213,-6,313,39,25983,2,291,213
03-29-21,Wilson,17448,24,15695,18,1753,6,17857,19,100470,119,118327,138,0,219,-38,5,62,17224,0,330,219
03-28-21,Anderson,8406,3,6316,0,2090,3,7063,2,60856,29,67919,31,1,163,-12,121,14,8122,0,208,169
03-28-21,Bedford,6181,11,4919,7,1262,4,5653,8,30840,30,36493,38,0,124,6,205,5,5852,0,131,124
03-28-21,Benton,1557,1,1244,1,313,0,1376,1,8827,8,10203,9,0,40,0,27,1,1490,0,35,40
03-28-21,Bledsoe,2066,0,1878,0,188,0,1993,0,15196,36,17189,36,0,11,-1,27,1,2028,0,32,11
03-28-21,Blount,14634,14,12522,10,2112,4,13783,10,71554,81,85337,91,0,193,-2,51,16,14390,2,333,192
03-28-21,Bradley,13940,23,11476,19,2464,4,13012,28,63989,122,77001,150,0,143,-15,345,38,13452,2,586,145
03-28-21,Campbell,3986,2,2222,0,1764,2,2499,0,24533,18,27032,18,0,60,-7,52,9,3874,0,123,62
03-28-21,Cannon,1847,1,1490,1,357,0,1660,1,9049,13,10709,14,0,31,1,28,0,1788,0,37,31
03-28-21,Carroll,3519,2,2313,0,1206,2,2747,0,19240,13,21987,13,0,82,2,10,0,3427,0,78,82
03-28-21,Carter,6172,4,5393,4,779,0,5924,5,36520,23,42444,28,0,155,-1,106,5,5911,1,224,155
03-28-21,Cheatham,4223,14,3266,3,957,11,3695,6,26380,20,30075,26,0,49,4,107,10,4067,0,87,49
03-28-21,Chester,2059,1,1491,1,568,0,1778,1,11610,4,13388,5,0,48,-1,9,2,2002,0,40,48
03-28-21,Claiborne,2956,1,1911,1,1045,0,2050,1,23496,16,25546,17,0,74,-3,31,4,2851,0,91,73
03-28-21,Clay,1075,0,742,0,333,0,855,0,5525,5,6380,5,0,31,0,2,0,1042,0,24,30
03-28-21,Cocke,4324,7,2880,3,1444,4,3174,4,21254,31,24428,35,0,97,2,123,5,4104,0,113,98
03-28-21,Coffee,6667,5,4647,4,2020,1,5679,7,44684,40,50363,47,2,120,-5,107,8,6440,0,122,120
03-28-21,Crockett,1976,0,1187,0,789,0,1385,1,7199,3,8584,4,0,48,0,-12,0,1940,0,30,48
03-28-21,Cumberland,6314,8,5266,4,1048,4,6034,5,47491,24,53525,29,0,125,-1,94,9,6095,0,153,126
03-28-21,Davidson,84953,98,79749,71,5204,27,96839,77,935912,3706,1032751,3783,2,894,13,1178,83,82881,2,1920,900
03-28-21,Decatur,1558,1,1161,0,397,1,1379,0,10844,6,12223,6,0,38,0,6,1,1514,0,39,38
03-28-21,Dekalb,2723,0,2022,0,701,0,2337,0,16685,6,19022,6,0,52,-3,22,3,2649,0,55,52
03-28-21,Dickson,6471,10,4667,10,1804,0,5527,10,34162,53,39689,63,0,107,7,67,3,6297,0,117,107
03-28-21,Dyer,5302,1,3505,0,1797,1,3956,0,21377,10,25333,10,0,103,-1,22,2,5177,0,106,103
03-28-21,Fayette,4774,3,4113,3,661,0,5062,4,36542,35,41604,39,0,78,-5,32,8,4664,1,127,76
03-28-21,Fentress,2341,0,2029,0,312,0,2319,0,12856,2,15175,2,0,45,-1,15,1,2281,0,62,45
03-28-21,Franklin,4960,3,4148,3,812,0,4857,5,36566,19,41423,24,0,87,-6,100,9,4773,0,107,87
03-28-21,Gibson,6257,3,3783,2,2474,1,4587,2,28831,17,33418,19,0,143,0,26,3,6088,0,108,143
03-28-21,Giles,3837,2,3190,1,647,1,3666,2,22391,28,26057,30,0,98,-4,30,6,3709,0,110,98
03-28-21,Grainger,2509,1,1873,0,636,1,2099,0,13707,12,15806,12,0,48,-1,26,2,2435,0,68,50
03-28-21,Greene,7468,5,5932,5,1536,0,6657,5,47431,69,54088,74,0,149,-2,79,7,7240,0,182,151
03-28-21,Grundy,1739,1,1456,0,283,1,1669,0,8683,7,10352,7,0,30,1,6,0,1703,0,56,31
03-28-21,Hamblen,8314,3,5846,3,2468,0,6566,2,45195,34,51761,36,0,170,-4,97,7,8047,0,253,170
03-28-21,Hamilton,42155,53,36406,41,5749,12,40706,44,309737,373,350443,417,2,475,6,529,45,41151,1,1115,476
03-28-21,Hancock,522,0,369,0,153,0,395,0,3781,1,4176,1,0,12,0,6,0,504,0,20,12
03-28-21,Hardeman,3420,2,2768,1,652,1,3235,1,24431,17,27666,18,0,63,2,15,0,3342,0,101,63
03-28-21,Hardin,3398,2,2314,0,1084,2,2757,0,22795,10,25552,10,0,65,-2,53,4,3280,0,64,66
03-28-21,Hawkins,5529,10,4522,7,1007,3,4887,6,33452,84,38339,90,0,103,-2,122,12,5304,0,146,104
03-28-21,Haywood,2661,0,2234,0,427,0,2548,0,13384,2,15932,2,0,60,0,3,0,2598,0,81,60
03-28-21,Henderson,3657,2,2550,1,1107,1,3196,1,15811,5,19007,6,0,74,1,11,1,3572,0,76,74
03-28-21,Henry,3064,3,2383,2,681,1,2754,3,17514,6,20268,9,0,75,-1,14,4,2975,0,74,75
03-28-21,Hickman,2738,2,2212,1,526,1,2555,0,16088,22,18643,22,0,43,0,26,2,2669,0,55,44
03-28-21,Houston,1056,0,796,0,260,0,908,0,9513,3,10421,3,0,33,0,4,0,1019,0,39,33
03-28-21,Humphreys,1607,3,1048,3,559,0,1226,3,11283,12,12509,15,0,21,3,17,0,1569,0,31,21
03-28-21,Jackson,1281,0,1004,0,277,0,1171,0,5355,2,6526,2,0,35,-1,16,1,1230,0,39,35
03-28-21,Jefferson,5917,3,4101,2,1816,1,4630,1,37954,50,42584,51,0,121,-4,86,7,5710,0,182,120
03-28-21,Johnson,2217,2,1971,0,246,2,2100,0,14830,14,16930,14,0,38,0,25,2,2154,0,58,38
03-28-21,Knox,48463,78,40784,44,7679,34,44601,44,314193,476,358794,520,2,608,12,626,64,47229,4,1332,611
03-28-21,Lake,1682,1,1496,1,186,0,1763,1,9833,9,11596,10,0,26,1,-2,0,1658,0,25,26
03-28-21,Lauderdale,3105,0,2422,0,683,0,2782,0,20512,11,23294,11,0,44,0,6,0,3055,0,82,43
03-28-21,Lawrence,5669,4,4438,4,1231,0,4884,2,28514,28,33398,30,0,86,-1,44,5,5539,0,143,86
03-28-21,Lewis,1515,1,1158,1,357,0,1253,1,9788,4,11041,5,0,25,0,25,1,1465,0,42,25
03-28-21,Lincoln,4212,3,3275,2,937,1,3721,2,17220,11,20941,13,0,63,2,29,1,4120,0,81,61
03-28-21,Loudon,5887,8,4548,4,1339,4,4974,4,30447,29,35421,33,0,68,5,54,3,5765,0,134,69
03-28-21,Macon,3462,1,2714,1,748,0,3190,3,15871,10,19061,13,0,74,-1,55,2,3333,0,119,74
03-28-21,Madison,10389,8,5823,6,4566,2,7089,5,53547,50,60636,55,0,238,7,-487,1,10638,0,336,238
03-28-21,Marion,3042,0,2598,0,444,0,2895,0,18551,18,21446,18,0,46,-4,12,4,2984,0,110,46
03-28-21,Marshall,4014,4,3198,0,816,4,3608,0,22538,17,26146,17,0,57,-2,55,6,3902,0,86,57
03-28-21,Maury,12649,10,11183,10,1466,0,12343,11,71337,76,83680,87,0,162,0,95,10,12392,0,285,162
03-28-21,McMinn,6164,14,5493,14,671,0,6060,15,41610,60,47670,75,0,95,6,78,8,5991,1,152,96
03-28-21,McNairy,2730,0,1940,0,790,0,2360,0,17805,5,20165,5,0,54,0,2,0,2674,0,63,54
03-28-21,Meigs,1308,0,1184,0,124,0,1314,1,7832,8,9146,9,0,23,-1,17,1,1268,0,41,23
03-28-21,Monroe,5547,12,4397,11,1150,1,4938,12,26454,54,31392,66,0,95,7,59,5,5393,0,151,95
03-28-21,Montgomery,18278,24,13387,15,4891,9,14720,17,109898,162,124618,179,0,220,6,7,18,18051,1,299,221
03-28-21,Moore,979,2,756,1,223,1,855,1,4754,2,5609,3,0,17,2,24,0,938,0,16,17
03-28-21,Morgan,2378,1,1763,0,615,1,1914,0,14918,23,16832,23,0,39,-1,35,2,2304,0,39,39
03-28-21,Obion,4424,2,3290,1,1134,1,3726,1,21988,13,25714,14,0,96,0,23,2,4305,0,98,96
03-28-21,Out of State,17157,12,13700,8,3457,4,15484,13,608451,573,623935,586,0,105,4,204,8,16848,0,206,96
03-28-21,Overton,2919,2,2199,2,720,0,2587,3,14687,10,17274,13,0,60,2,24,0,2835,0,63,60
03-28-21,Pending,15916,12,10281,9,5635,3,11427,10,394058,438,405485,448,0,129,4,58,8,15729,0,137,131
03-28-21,Perry,1051,0,904,0,147,0,1017,0,6008,9,7025,9,0,28,-2,2,2,1021,0,28,28
03-28-21,Pickett,750,0,494,0,256,0,596,0,3829,1,4425,1,0,24,0,3,0,723,0,28,24
03-28-21,Polk,1905,3,1719,3,186,0,1897,4,9136,12,11033,16,0,24,-3,54,6,1827,0,76,24
03-28-21,Putnam,10927,6,8935,3,1992,3,10705,3,69781,29,80486,32,0,173,-1,126,7,10628,1,205,173
03-28-21,Rhea,4238,2,3674,1,564,1,4109,2,26015,18,30124,20,0,75,1,24,1,4139,0,83,75
03-28-21,Roane,6055,1,4709,1,1346,0,5248,1,42059,31,47307,32,0,100,-6,12,7,5943,0,144,101
03-28-21,Robertson,9319,11,7362,8,1957,3,8289,8,42219,33,50508,41,1,127,1,121,9,9071,0,414,127
03-28-21,Rutherford,40601,41,34886,18,5715,23,40521,24,228276,483,268797,507,0,407,-14,657,55,39537,0,583,409
03-28-21,Scott,2970,4,1662,1,1308,3,1778,1,11221,7,12999,8,0,44,0,40,4,2886,1,62,45
03-28-21,Sequatchie,1620,0,1283,0,337,0,1401,0,11597,4,12998,4,0,28,-1,16,1,1576,0,37,29
03-28-21,Sevier,12752,13,11027,11,1725,2,12114,11,64807,93,76921,104,0,172,-5,251,18,12329,0,274,173
03-28-21,Shelby,90057,70,83674,58,6383,12,103099,79,936750,1238,1039849,1317,0,1557,0,971,70,87529,4,3473,1574
03-28-21,Smith,2678,2,2024,1,654,1,2533,1,13307,15,15840,16,0,37,-2,51,4,2590,0,57,37
03-28-21,Stewart,1273,1,965,1,308,0,1092,1,6734,8,7826,9,0,26,1,4,0,1243,0,26,26
03-28-21,Sullivan,15276,16,13279,13,1997,3,14367,16,85521,118,99888,134,0,281,-11,384,27,14611,0,728,282
03-28-21,Sumner,22411,33,19910,23,2501,10,22515,26,117007,121,139522,147,2,337,-1,243,32,21831,0,698,336
03-28-21,Tipton,7094,10,4945,8,2149,2,5979,8,46281,40,52260,48,0,104,8,57,2,6933,1,150,100
03-28-21,Trousdale,2451,5,2311,5,140,0,2474,5,9010,7,11484,12,0,22,4,27,1,2402,0,40,22
03-28-21,Unicoi,1867,0,1445,0,422,0,1593,1,12946,8,14539,9,0,49,-2,30,2,1788,0,67,49
03-28-21,Union,1817,0,1536,0,281,0,1656,0,10236,6,11892,6,0,34,-4,24,4,1759,0,56,34
03-28-21,Van Buren,812,0,676,0,136,0,747,0,5241,2,5988,2,0,21,0,4,0,787,0,20,21
03-28-21,Warren,5414,3,4625,3,789,0,5241,4,32241,28,37482,32,0,80,2,40,1,5294,0,82,81
03-28-21,Washington,13347,24,11479,15,1868,9,12664,13,80780,85,93444,98,0,238,3,294,21,12815,0,346,237
03-28-21,Wayne,2925,0,2358,0,567,0,2594,0,11147,2,13741,2,0,33,-1,18,1,2874,0,61,33
03-28-21,Weakley,3901,5,2912,5,989,0,3337,4,21306,19,24643,23,0,60,1,54,4,3787,1,65,60
03-28-21,White,3466,2,2849,2,617,0,3481,2,22400,15,25881,17,0,68,1,36,1,3362,0,107,68
03-28-21,Williamson,26476,29,22378,18,4098,11,24821,20,177906,242,202727,262,0,213,-7,319,36,25944,0,289,213
03-28-21,Wilson,17424,25,15677,20,1747,5,17838,23,100351,294,118189,317,1,219,-19,43,43,17162,0,330,219
03-27-21,Anderson,8403,4,6316,4,2087,0,7061,5,60827,64,67888,69,1,162,-12,133,15,8108,2,208,168
03-27-21,Bedford,6170,13,4912,9,1258,4,5645,11,30810,58,36455,69,0,124,5,199,8,5847,0,131,124
03-27-21,Benton,1556,1,1243,1,313,0,1375,1,8819,8,10194,9,1,40,-1,27,1,1489,0,35,40
03-27-21,Bledsoe,2066,0,1878,0,188,0,1993,0,15160,7,17153,7,0,11,-1,28,1,2027,0,32,11
03-27-21,Blount,14620,5,12512,5,2108,0,13773,6,71473,106,85246,112,0,193,-15,53,20,14374,0,331,192
03-27-21,Bradley,13917,9,11457,1,2460,8,12984,6,63867,85,76851,91,0,143,-24,360,33,13414,0,584,145
03-27-21,Campbell,3984,0,2222,0,1762,0,2499,0,24515,23,27014,23,1,60,-3,59,2,3865,0,123,62
03-27-21,Cannon,1846,0,1489,0,357,0,1659,0,9036,13,10695,13,0,31,-4,27,4,1788,0,37,31
03-27-21,Carroll,3517,1,2313,1,1204,0,2747,1,19227,15,21974,16,1,82,-1,8,1,3427,0,78,82
03-27-21,Carter,6168,6,5389,5,779,1,5919,6,36497,49,42416,55,0,155,2,107,4,5906,0,223,155
03-27-21,Cheatham,4209,11,3263,10,946,1,3689,10,26360,39,30049,49,0,49,5,103,6,4057,0,87,49
03-27-21,Chester,2058,0,1490,0,568,0,1777,0,11606,9,13383,9,0,48,-1,10,1,2000,0,40,48
03-27-21,Claiborne,2955,3,1910,2,1045,1,2049,2,23480,31,25529,33,0,74,1,34,2,2847,0,91,73
03-27-21,Clay,1075,0,742,0,333,0,855,0,5520,3,6375,3,0,31,0,2,0,1042,0,24,30
03-27-21,Cocke,4317,6,2877,5,1440,1,3170,4,21223,26,24393,30,0,97,-6,121,12,4099,0,113,98
03-27-21,Coffee,6662,6,4643,6,2019,0,5672,8,44644,72,50316,80,0,118,-1,112,7,6432,0,122,120
03-27-21,Crockett,1976,0,1187,0,789,0,1384,0,7196,8,8580,8,0,48,0,-12,0,1940,0,30,48
03-27-21,Cumberland,6306,8,5262,8,1044,0,6029,8,47467,40,53496,48,0,125,3,95,5,6086,2,153,126
03-27-21,Davidson,84855,128,79678,126,5177,2,96762,159,932206,2351,1028968,2510,0,892,61,1165,67,82798,4,1918,900
03-27-21,Decatur,1557,1,1161,1,396,0,1379,1,10838,6,12217,7,0,38,1,6,0,1513,0,39,38
03-27-21,Dekalb,2723,0,2022,0,701,0,2337,0,16679,28,19016,28,0,52,-1,25,1,2646,0,55,52
03-27-21,Dickson,6461,2,4657,2,1804,0,5517,3,34109,37,39626,40,0,107,-6,60,8,6294,0,117,107
03-27-21,Dyer,5301,1,3505,1,1796,0,3956,1,21367,21,25323,22,0,103,-2,23,3,5175,0,106,103
03-27-21,Fayette,4771,4,4110,3,661,1,5058,2,36507,71,41565,73,0,78,2,37,2,4656,0,126,76
03-27-21,Fentress,2341,0,2029,0,312,0,2319,0,12854,6,15173,6,0,45,-2,16,2,2280,0,62,45
03-27-21,Franklin,4957,1,4145,1,812,0,4852,1,36547,27,41399,28,0,87,-6,106,7,4764,0,107,87
03-27-21,Gibson,6254,3,3781,3,2473,0,4585,3,28814,51,33399,54,0,143,-3,26,6,6085,0,108,143
03-27-21,Giles,3835,4,3189,4,646,0,3664,4,22363,18,26027,22,0,98,3,34,1,3703,0,110,98
03-27-21,Grainger,2508,3,1873,1,635,2,2099,1,13695,11,15794,12,0,48,-2,27,5,2433,0,68,50
03-27-21,Greene,7463,10,5927,10,1536,0,6652,12,47362,193,54014,205,0,149,5,81,5,7233,0,182,149
03-27-21,Grundy,1738,1,1456,0,282,1,1669,0,8676,7,10345,7,0,30,-2,5,3,1703,0,56,31
03-27-21,Hamblen,8311,4,5843,3,2468,1,6564,6,45161,46,51725,52,0,170,-8,101,12,8040,0,253,170
03-27-21,Hamilton,42102,19,36365,18,5737,1,40662,21,309364,410,350026,431,0,473,-29,523,48,41106,1,1114,475
03-27-21,Hancock,522,1,369,1,153,0,395,1,3780,6,4175,7,0,12,1,6,0,504,0,20,12
03-27-21,Hardeman,3418,1,2767,0,651,1,3234,0,24414,20,27648,20,0,63,0,13,1,3342,0,101,63
03-27-21,Hardin,3396,0,2314,0,1082,0,2757,0,22785,23,25542,23,0,65,-1,55,1,3276,0,64,66
03-27-21,Hawkins,5519,6,4515,6,1004,0,4881,6,33368,51,38249,57,0,103,0,124,6,5292,0,146,104
03-27-21,Haywood,2661,0,2234,0,427,0,2548,1,13382,9,15930,10,0,60,-1,3,1,2598,0,81,60
03-27-21,Henderson,3655,2,2549,1,1106,1,3195,1,15806,13,19001,14,0,74,2,10,0,3571,0,76,74
03-27-21,Henry,3061,1,2381,1,680,0,2751,1,17508,8,20259,9,0,75,1,15,0,2971,0,74,75
03-27-21,Hickman,2736,3,2211,3,525,0,2555,3,16066,28,18621,31,0,43,2,26,1,2667,0,55,44
03-27-21,Houston,1056,1,796,1,260,0,908,1,9510,120,10418,121,0,33,0,4,1,1019,0,39,33
03-27-21,Humphreys,1604,0,1045,0,559,0,1223,0,11271,11,12494,11,0,21,0,14,0,1569,0,31,21
03-27-21,Jackson,1281,0,1004,0,277,0,1171,0,5353,3,6524,3,0,35,0,17,0,1229,0,39,35
03-27-21,Jefferson,5914,7,4099,6,1815,1,4629,6,37904,211,42533,217,0,121,4,90,3,5703,0,182,120
03-27-21,Johnson,2215,0,1971,0,244,0,2100,0,14816,25,16916,25,0,38,-2,25,2,2152,0,58,38
03-27-21,Knox,48385,44,40740,41,7645,3,44557,44,313717,446,358274,490,0,606,-14,614,58,47165,2,1328,610
03-27-21,Lake,1681,0,1495,0,186,0,1762,0,9824,6,11586,6,0,26,0,-3,0,1658,0,25,26
03-27-21,Lauderdale,3105,1,2422,1,683,0,2782,1,20501,17,23283,18,0,44,1,6,0,3055,0,82,43
03-27-21,Lawrence,5665,7,4434,7,1231,0,4882,9,28486,55,33368,64,0,86,3,45,4,5534,0,143,86
03-27-21,Lewis,1514,1,1157,1,357,0,1252,1,9784,6,11036,7,0,25,1,25,0,1464,0,42,25
03-27-21,Lincoln,4209,1,3273,1,936,0,3719,1,17209,17,20928,18,0,63,-1,27,2,4119,0,81,61
03-27-21,Loudon,5879,3,4544,2,1335,1,4970,2,30418,30,35388,32,0,68,-2,49,5,5762,1,134,69
03-27-21,Macon,3461,7,2713,7,748,0,3187,7,15861,18,19048,25,0,74,6,56,1,3331,0,119,74
03-27-21,Madison,10381,4,5817,3,4564,1,7084,3,53497,63,60581,66,-1,238,3,-494,2,10637,0,336,238
03-27-21,Marion,3042,2,2598,2,444,0,2895,2,18533,16,21428,18,0,46,1,16,1,2980,0,110,46
03-27-21,Marshall,4010,2,3198,1,812,1,3608,1,22521,27,26129,28,0,57,2,57,0,3896,0,86,57
03-27-21,Maury,12639,22,11173,22,1466,0,12332,25,71261,126,83593,151,0,162,10,95,12,12382,1,285,162
03-27-21,McMinn,6150,2,5479,2,671,0,6045,3,41550,33,47595,36,0,95,-6,72,8,5983,1,151,96
03-27-21,McNairy,2730,1,1940,1,790,0,2360,1,17800,16,20160,17,0,54,0,2,1,2674,0,63,54
03-27-21,Meigs,1308,0,1184,0,124,0,1313,1,7824,6,9137,7,0,23,-2,18,2,1267,0,41,23
03-27-21,Monroe,5535,4,4386,4,1149,0,4926,4,26400,43,31326,47,0,95,-3,52,7,5388,0,151,95
03-27-21,Montgomery,18254,35,13372,22,4882,13,14703,25,109736,268,124439,293,3,220,9,1,23,18033,0,298,221
03-27-21,Moore,977,1,755,1,222,0,854,2,4752,4,5606,6,0,17,1,22,0,938,0,16,17
03-27-21,Morgan,2377,0,1763,0,614,0,1914,1,14895,10,16809,11,0,39,0,36,0,2302,0,39,39
03-27-21,Obion,4422,1,3289,1,1133,0,3725,1,21975,19,25700,20,0,96,0,23,1,4303,0,98,96
03-27-21,Out of State,17145,20,13692,17,3453,3,15471,16,607878,861,623349,877,2,105,2,200,16,16840,0,206,96
03-27-21,Overton,2917,0,2197,0,720,0,2584,0,14677,16,17261,16,0,60,0,22,0,2835,0,63,60
03-27-21,Pending,15904,18,10272,17,5632,1,11417,20,393620,589,405037,609,0,129,6,54,12,15721,0,137,130
03-27-21,Perry,1051,0,904,0,147,0,1017,0,5999,2,7016,2,0,28,-1,4,1,1019,0,28,28
03-27-21,Pickett,750,0,494,0,256,0,596,0,3828,2,4424,2,1,24,-1,3,0,723,0,28,24
03-27-21,Polk,1902,2,1716,2,186,0,1893,3,9124,12,11017,15,0,24,0,57,2,1821,0,76,24
03-27-21,Putnam,10921,6,8932,6,1989,0,10702,7,69752,76,80454,83,0,173,-4,127,10,10621,0,204,173
03-27-21,Rhea,4236,3,3673,2,563,1,4107,3,25997,30,30104,33,0,75,1,23,2,4138,0,83,75
03-27-21,Roane,6054,1,4708,1,1346,0,5247,1,42028,36,47275,37,0,100,-3,18,4,5936,0,144,101
03-27-21,Robertson,9308,7,7354,7,1954,0,8281,10,42186,66,50467,76,0,126,-8,120,15,9062,0,414,127
03-27-21,Rutherford,40560,69,34868,62,5692,7,40497,82,227793,548,268290,630,0,407,21,671,48,39482,1,583,408
03-27-21,Scott,2966,0,1661,0,1305,0,1777,1,11214,18,12991,19,0,44,-7,40,7,2882,0,61,44
03-27-21,Sequatchie,1620,1,1283,1,337,0,1401,1,11593,15,12994,16,0,28,-1,17,2,1575,0,37,29
03-27-21,Sevier,12739,4,11016,3,1723,1,12103,2,64714,69,76817,71,0,172,-20,256,24,12311,0,274,173
03-27-21,Shelby,89987,113,83616,111,6371,2,103020,151,935512,2590,1038532,2741,1,1557,47,971,65,87459,6,3469,1574
03-27-21,Smith,2676,2,2023,2,653,0,2532,3,13292,83,15824,86,0,37,-1,53,3,2586,0,57,37
03-27-21,Stewart,1272,1,964,1,308,0,1091,1,6726,11,7817,12,0,26,1,3,0,1243,0,26,26
03-27-21,Sullivan,15260,28,13266,28,1994,0,14351,33,85403,253,99754,286,0,281,-4,395,32,14584,0,728,282
03-27-21,Sumner,22378,30,19887,30,2491,0,22489,33,116886,255,139375,288,1,335,6,244,23,21799,0,698,336
03-27-21,Tipton,7084,4,4937,4,2147,0,5971,4,46241,95,52212,99,0,104,2,49,2,6931,0,149,100
03-27-21,Trousdale,2446,3,2306,3,140,0,2469,4,9003,12,11472,16,0,22,2,23,1,2401,0,40,22
03-27-21,Unicoi,1867,1,1445,1,422,0,1592,1,12938,21,14530,22,0,49,-1,32,2,1786,0,67,49
03-27-21,Union,1817,2,1536,1,281,1,1656,2,10230,5,11886,7,0,34,1,28,1,1755,0,56,34
03-27-21,Van Buren,812,0,676,0,136,0,747,0,5239,5,5986,5,0,21,0,4,0,787,0,20,21
03-27-21,Warren,5411,0,4622,0,789,0,5237,1,32213,75,37450,76,0,80,-1,38,1,5293,0,82,81
03-27-21,Washington,13323,16,11464,15,1859,1,12651,18,80695,129,93346,147,0,238,-16,291,32,12794,1,346,237
03-27-21,Wayne,2925,0,2358,0,567,0,2594,0,11145,9,13739,9,0,33,-1,19,1,2873,0,61,33
03-27-21,Weakley,3896,4,2907,4,989,0,3333,5,21287,17,24620,22,0,60,-2,53,6,3783,0,64,60
03-27-21,White,3464,1,2847,1,617,0,3479,1,22385,27,25864,28,0,68,0,35,1,3361,0,107,68
03-27-21,Williamson,26447,38,22360,31,4087,7,24801,34,177664,304,202465,338,0,213,10,326,28,25908,0,289,213
03-27-21,Wilson,17399,26,15657,26,1742,0,17815,33,100057,199,117872,232,0,218,2,62,24,17119,0,330,219
03-26-21,Anderson,8399,18,6312,13,2087,5,7056,12,60763,66,67819,78,0,161,0,145,18,8093,0,206,168
03-26-21,Bedford,6157,8,4903,8,1254,0,5634,10,30752,70,36386,80,0,124,-14,194,22,5839,0,131,124
03-26-21,Benton,1555,2,1242,2,313,0,1374,2,8811,12,10185,14,0,39,-1,28,3,1488,0,35,40
03-26-21,Bledsoe,2066,0,1878,0,188,0,1993,0,15153,50,17146,50,0,11,0,29,0,2026,0,32,11
03-26-21,Blount,14615,10,12507,9,2108,1,13767,9,71367,124,85134,133,1,193,-17,68,26,14354,0,331,192
03-26-21,Bradley,13908,25,11456,20,2452,5,12978,28,63782,157,76760,185,0,143,-16,384,41,13381,2,584,144
03-26-21,Campbell,3984,2,2222,2,1762,0,2499,2,24492,20,26991,22,0,59,-3,62,5,3863,0,123,62
03-26-21,Cannon,1846,1,1489,1,357,0,1659,1,9023,18,10682,19,0,31,-1,31,2,1784,0,37,31
03-26-21,Carroll,3516,3,2312,1,1204,2,2746,1,19212,8,21958,9,0,81,1,9,2,3426,0,78,82
03-26-21,Carter,6162,18,5384,17,778,1,5913,17,36448,63,42361,80,0,155,11,105,7,5902,0,223,155
03-26-21,Cheatham,4198,9,3253,8,945,1,3679,8,26321,46,30000,54,0,49,-7,98,16,4051,0,87,49
03-26-21,Chester,2058,0,1490,0,568,0,1777,0,11597,8,13374,8,0,48,-2,11,2,1999,0,40,48
03-26-21,Claiborne,2952,3,1908,3,1044,0,2047,3,23449,61,25496,64,1,74,-2,33,4,2845,0,91,73
03-26-21,Clay,1075,0,742,0,333,0,855,0,5517,3,6372,3,0,31,0,2,0,1042,0,24,30
03-26-21,Cocke,4311,4,2872,2,1439,2,3166,2,21197,38,24363,40,0,97,-11,127,15,4087,0,113,98
03-26-21,Coffee,6656,5,4637,4,2019,1,5664,5,44572,42,50236,47,1,118,-7,113,11,6425,0,122,120
03-26-21,Crockett,1976,1,1187,1,789,0,1384,1,7188,11,8572,12,0,48,1,-12,0,1940,0,30,48
03-26-21,Cumberland,6298,4,5254,2,1044,2,6021,4,47427,41,53448,45,0,125,-3,92,7,6081,0,151,126
03-26-21,Davidson,84727,103,79552,85,5175,18,96603,90,929855,1338,1026458,1428,2,892,-50,1104,151,82731,1,1914,900
03-26-21,Decatur,1556,0,1160,0,396,0,1378,0,10832,2,12210,2,0,38,0,5,0,1513,0,39,38
03-26-21,Dekalb,2723,6,2022,6,701,0,2337,6,16651,52,18988,58,0,52,6,26,0,2645,0,55,52
03-26-21,Dickson,6459,5,4655,4,1804,1,5514,4,34072,32,39586,36,0,107,2,66,3,6286,0,117,107
03-26-21,Dyer,5300,1,3504,1,1796,0,3955,1,21346,14,25301,15,0,103,-2,25,3,5172,0,106,103
03-26-21,Fayette,4767,3,4107,3,660,0,5056,4,36436,80,41492,84,0,78,-5,35,8,4654,0,126,76
03-26-21,Fentress,2341,0,2029,0,312,0,2319,0,12848,3,15167,3,0,45,-1,18,1,2278,0,62,45
03-26-21,Franklin,4956,4,4144,4,812,0,4851,3,36520,48,41371,51,0,87,-4,112,8,4757,0,107,87
03-26-21,Gibson,6251,4,3778,1,2473,3,4582,1,28763,27,33345,28,0,143,-1,29,5,6079,0,108,143
03-26-21,Giles,3831,1,3185,1,646,0,3660,1,22345,31,26005,32,0,98,-5,31,6,3702,0,110,98
03-26-21,Grainger,2505,3,1872,2,633,1,2098,3,13684,19,15782,22,0,48,-1,29,4,2428,0,68,50
03-26-21,Greene,7453,6,5917,5,1536,1,6640,5,47169,89,53809,94,0,149,-1,76,7,7228,0,182,149
03-26-21,Grundy,1737,0,1456,0,281,0,1669,0,8669,9,10338,9,0,30,-1,7,1,1700,0,56,31
03-26-21,Hamblen,8307,11,5840,5,2467,6,6558,6,45115,76,51673,82,0,170,3,109,8,8028,0,253,169
03-26-21,Hamilton,42083,51,36347,42,5736,9,40641,49,308954,431,349595,480,0,473,-32,552,83,41058,2,1113,475
03-26-21,Hancock,521,1,368,1,153,0,394,1,3774,10,4168,11,0,12,1,5,0,504,0,20,12
03-26-21,Hardeman,3417,2,2767,2,650,0,3234,2,24394,30,27628,32,0,63,2,13,0,3341,0,101,63
03-26-21,Hardin,3396,2,2314,2,1082,0,2757,2,22762,30,25519,32,0,65,-3,56,5,3275,0,64,66
03-26-21,Hawkins,5513,9,4509,8,1004,1,4875,10,33317,104,38192,114,0,103,-1,124,10,5286,0,146,103
03-26-21,Haywood,2661,1,2234,1,427,0,2547,0,13373,7,15920,7,0,60,1,4,0,2597,0,81,60
03-26-21,Henderson,3653,1,2548,0,1105,1,3194,0,15793,7,18987,7,0,74,-2,8,3,3571,0,76,74
03-26-21,Henry,3060,1,2380,1,680,0,2750,2,17500,17,20250,19,0,75,-1,14,2,2971,0,74,75
03-26-21,Hickman,2733,0,2208,0,525,0,2552,1,16038,33,18590,34,0,43,-2,24,2,2666,0,55,44
03-26-21,Houston,1055,0,795,0,260,0,907,0,9390,4,10297,4,0,33,0,4,0,1018,0,39,33
03-26-21,Humphreys,1604,2,1045,2,559,0,1223,3,11260,13,12483,16,0,21,0,14,2,1569,0,31,21
03-26-21,Jackson,1281,1,1004,1,277,0,1171,1,5350,5,6521,6,0,35,-1,17,2,1229,0,39,35
03-26-21,Jefferson,5907,7,4093,5,1814,2,4623,5,37693,47,42316,52,0,121,-1,86,8,5700,0,182,120
03-26-21,Johnson,2215,3,1971,3,244,0,2100,3,14791,28,16891,31,0,38,0,27,3,2150,0,58,38
03-26-21,Knox,48341,78,40699,53,7642,25,44513,58,313271,414,357784,472,0,606,0,628,78,47107,2,1326,609
03-26-21,Lake,1681,0,1495,0,186,0,1762,0,9818,7,11580,7,0,26,0,-3,0,1658,0,25,26
03-26-21,Lauderdale,3104,1,2421,1,683,0,2781,1,20484,35,23265,36,0,44,1,5,0,3055,0,82,43
03-26-21,Lawrence,5658,2,4427,1,1231,1,4873,1,28431,40,33304,41,0,86,0,42,2,5530,0,143,86
03-26-21,Lewis,1513,1,1156,0,357,1,1251,0,9778,6,11029,6,0,25,-1,24,2,1464,0,42,25
03-26-21,Lincoln,4208,0,3272,0,936,0,3718,0,17192,24,20910,24,1,63,-2,28,1,4117,0,81,61
03-26-21,Loudon,5876,4,4542,2,1334,2,4968,2,30388,37,35356,39,0,68,0,51,4,5757,0,133,69
03-26-21,Macon,3454,4,2706,3,748,1,3180,2,15843,105,19023,107,0,74,3,50,1,3330,0,119,74
03-26-21,Madison,10377,2,5814,2,4563,0,7081,3,53434,50,60515,53,2,239,-4,-497,4,10635,0,336,238
03-26-21,Marion,3040,1,2596,1,444,0,2893,1,18517,18,21410,19,0,46,-5,15,6,2979,0,110,46
03-26-21,Marshall,4008,3,3197,3,811,0,3607,3,22494,33,26101,36,0,57,1,55,2,3896,0,86,57
03-26-21,Maury,12617,13,11151,10,1466,3,12307,10,71135,80,83442,90,0,162,-15,85,28,12370,0,284,162
03-26-21,McMinn,6148,3,5477,3,671,0,6042,4,41517,54,47559,58,1,95,-6,78,8,5975,0,150,96
03-26-21,McNairy,2729,1,1939,0,790,1,2359,1,17784,11,20143,12,1,54,-1,2,1,2673,0,63,54
03-26-21,Meigs,1308,3,1184,3,124,0,1312,3,7818,9,9130,12,0,23,3,20,0,1265,0,41,23
03-26-21,Monroe,5531,2,4382,1,1149,1,4922,1,26357,19,31279,20,0,95,-4,55,6,5381,0,151,95
03-26-21,Montgomery,18219,33,13350,15,4869,18,14678,19,109468,397,124146,416,0,217,2,-8,31,18010,0,298,221
03-26-21,Moore,976,3,754,3,222,0,852,4,4748,10,5600,14,0,17,1,21,2,938,0,16,17
03-26-21,Morgan,2377,11,1763,7,614,4,1913,7,14885,21,16798,28,0,39,11,36,0,2302,1,39,39
03-26-21,Obion,4421,1,3288,1,1133,0,3724,2,21956,30,25680,32,0,96,-4,23,5,4302,0,98,96
03-26-21,Out of State,17125,18,13675,14,3450,4,15455,21,607017,966,622472,987,0,103,-3,198,21,16824,0,206,96
03-26-21,Overton,2917,2,2197,2,720,0,2584,2,14661,16,17245,18,0,60,1,22,1,2835,0,63,60
03-26-21,Pending,15886,7,10255,2,5631,5,11397,3,393031,591,404428,594,0,129,-14,48,21,15709,0,137,130
03-26-21,Perry,1051,0,904,0,147,0,1017,0,5997,10,7014,10,0,28,-1,5,1,1018,0,28,28
03-26-21,Pickett,750,0,494,0,256,0,596,0,3826,0,4422,0,0,23,0,4,0,723,0,28,24
03-26-21,Polk,1900,4,1714,4,186,0,1890,4,9112,16,11002,20,0,24,-2,57,6,1819,0,76,24
03-26-21,Putnam,10915,12,8926,12,1989,0,10695,18,69676,127,80371,145,0,173,0,131,12,10611,0,204,173
03-26-21,Rhea,4233,4,3671,4,562,0,4104,4,25967,60,30071,64,0,75,3,22,1,4136,0,83,75
03-26-21,Roane,6053,7,4707,4,1346,3,5246,5,41992,48,47238,53,0,100,3,21,4,5932,0,144,101
03-26-21,Robertson,9301,14,7347,13,1954,1,8271,12,42120,52,50391,64,1,126,1,128,12,9047,0,414,126
03-26-21,Rutherford,40491,91,34806,70,5685,21,40415,62,227245,574,267660,636,2,407,-8,650,97,39434,2,582,408
03-26-21,Scott,2966,0,1661,0,1305,0,1776,0,11196,24,12972,24,0,44,-5,47,5,2875,0,61,44
03-26-21,Sequatchie,1619,0,1282,0,337,0,1400,0,11578,9,12978,9,0,28,-2,18,2,1573,0,37,29
03-26-21,Sevier,12735,20,11013,13,1722,7,12101,18,64645,140,76746,158,1,172,-17,276,36,12287,0,274,173
03-26-21,Shelby,89874,94,83505,92,6369,2,102869,97,932922,2021,1035791,2118,6,1556,-12,924,100,87394,3,3463,1572
03-26-21,Smith,2674,8,2021,4,653,4,2529,4,13209,28,15738,32,0,37,3,54,5,2583,0,57,37
03-26-21,Stewart,1271,2,963,2,308,0,1090,2,6715,9,7805,11,0,26,-2,2,4,1243,0,26,26
03-26-21,Sullivan,15232,51,13238,44,1994,7,14318,34,85150,152,99468,186,1,281,24,399,26,14552,0,728,281
03-26-21,Sumner,22348,30,19857,24,2491,6,22456,26,116631,275,139087,301,0,334,-9,238,39,21776,0,698,335
03-26-21,Tipton,7080,5,4933,5,2147,0,5967,5,46146,73,52113,78,0,104,2,47,3,6929,0,149,100
03-26-21,Trousdale,2443,0,2303,0,140,0,2465,0,8991,22,11456,22,0,22,-2,21,2,2400,0,40,22
03-26-21,Unicoi,1866,3,1444,2,422,1,1591,2,12917,24,14508,26,0,49,-1,33,4,1784,0,67,49
03-26-21,Union,1815,0,1535,0,280,0,1654,0,10225,13,11879,13,0,34,-1,27,1,1754,0,56,34
03-26-21,Van Buren,812,0,676,0,136,0,747,0,5234,4,5981,4,0,21,-2,4,2,787,0,20,21
03-26-21,Warren,5411,8,4622,7,789,1,5236,8,32138,78,37374,86,0,80,4,39,4,5292,0,82,81
03-26-21,Washington,13307,41,11449,40,1858,1,12633,40,80566,158,93199,198,2,238,19,307,20,12762,0,345,237
03-26-21,Wayne,2925,0,2358,0,567,0,2594,0,11136,7,13730,7,0,33,-4,20,4,2872,0,61,33
03-26-21,Weakley,3892,2,2903,1,989,1,3328,1,21270,47,24598,48,0,60,-1,55,3,3777,0,64,60
03-26-21,White,3463,2,2846,2,617,0,3478,3,22358,35,25836,38,0,68,-2,35,4,3360,0,107,68
03-26-21,Williamson,26409,47,22329,36,4080,11,24767,37,177360,257,202127,294,2,213,-3,316,48,25880,1,289,213
03-26-21,Wilson,17373,19,15631,16,1742,3,17782,14,99858,214,117640,228,0,218,-19,60,38,17095,0,330,219
03-25-21,Anderson,8381,10,6299,5,2082,5,7044,6,60697,101,67741,107,0,161,-10,145,20,8075,0,206,167
03-25-21,Bedford,6149,24,4895,20,1254,4,5624,23,30682,103,36306,126,0,124,8,208,16,5817,1,131,124
03-25-21,Benton,1553,1,1240,1,313,0,1372,1,8799,11,10171,12,0,39,-2,29,3,1485,0,35,40
03-25-21,Bledsoe,2066,3,1878,2,188,1,1993,2,15103,16,17096,18,0,11,3,29,0,2026,0,32,11
03-25-21,Blount,14605,16,12498,10,2107,6,13758,13,71243,154,85001,167,2,192,-9,85,23,14328,0,331,192
03-25-21,Bradley,13883,34,11436,27,2447,7,12950,32,63625,155,76575,187,0,143,-5,400,39,13340,2,582,144
03-25-21,Campbell,3982,5,2220,2,1762,3,2497,2,24472,17,26969,19,0,59,-1,65,6,3858,2,123,61
03-25-21,Cannon,1845,2,1488,2,357,0,1658,2,9005,26,10663,28,0,31,-2,32,4,1782,0,37,31
03-25-21,Carroll,3513,0,2311,0,1202,0,2745,1,19204,23,21949,24,0,81,-1,8,1,3424,0,78,82
03-25-21,Carter,6144,15,5367,12,777,3,5896,12,36385,71,42281,83,0,155,10,94,5,5895,2,223,155
03-25-21,Cheatham,4189,8,3245,6,944,2,3671,6,26275,107,29946,113,0,49,-9,105,17,4035,0,87,49
03-25-21,Chester,2058,1,1490,1,568,0,1777,1,11589,8,13366,9,0,48,1,13,0,1997,0,40,48
03-25-21,Claiborne,2949,8,1905,7,1044,1,2044,8,23388,43,25432,51,0,73,3,35,5,2841,0,91,73
03-25-21,Clay,1075,0,742,0,333,0,855,0,5514,4,6369,4,0,31,0,2,0,1042,0,24,30
03-25-21,Cocke,4307,5,2870,4,1437,1,3164,2,21159,25,24323,27,0,97,-8,138,13,4072,0,113,98
03-25-21,Coffee,6651,10,4633,7,2018,3,5659,10,44530,70,50189,80,0,117,-8,120,18,6414,1,122,118
03-25-21,Crockett,1975,0,1186,0,789,0,1383,0,7177,16,8560,16,0,48,0,-13,0,1940,0,30,48
03-25-21,Cumberland,6294,2,5252,2,1042,0,6017,3,47386,27,53403,30,0,125,-6,95,8,6074,0,151,126
03-25-21,Davidson,84624,164,79467,135,5157,29,96513,150,928517,2805,1025030,2955,2,890,14,1154,148,82580,0,1913,898
03-25-21,Decatur,1556,0,1160,0,396,0,1378,0,10830,4,12208,4,0,38,-1,5,1,1513,0,39,38
03-25-21,Dekalb,2717,1,2016,1,701,0,2331,1,16599,52,18930,53,0,52,-1,20,2,2645,0,55,52
03-25-21,Dickson,6454,3,4651,2,1803,1,5510,2,34040,47,39550,49,0,107,-3,64,6,6283,0,117,107
03-25-21,Dyer,5299,2,3503,2,1796,0,3954,2,21332,23,25286,25,0,103,-1,27,3,5169,0,106,103
03-25-21,Fayette,4764,3,4104,3,660,0,5052,7,36356,64,41408,71,2,78,-7,40,8,4646,1,126,76
03-25-21,Fentress,2341,1,2029,1,312,0,2319,1,12845,118,15164,119,0,45,-3,19,4,2277,1,62,45
03-25-21,Franklin,4952,10,4140,7,812,3,4848,5,36472,254,41320,259,0,87,7,116,3,4749,0,107,87
03-25-21,Gibson,6247,5,3777,4,2470,1,4581,3,28736,60,33317,63,1,143,1,30,3,6074,1,108,143
03-25-21,Giles,3830,4,3184,3,646,1,3659,5,22314,31,25973,36,0,98,-3,36,7,3696,0,110,98
03-25-21,Grainger,2502,0,1870,0,632,0,2095,0,13665,15,15760,15,0,48,-5,30,5,2424,0,68,50
03-25-21,Greene,7447,11,5912,10,1535,1,6635,12,47080,132,53715,144,0,149,4,77,7,7221,1,182,149
03-25-21,Grundy,1737,1,1456,1,281,0,1669,2,8660,42,10329,44,0,30,0,8,1,1699,1,56,30
03-25-21,Hamblen,8296,10,5835,3,2461,7,6552,3,45039,52,51591,55,0,170,1,106,9,8020,0,253,169
03-25-21,Hamilton,42032,49,36305,38,5727,11,40592,45,308523,566,349115,611,1,473,-11,584,59,40975,0,1111,474
03-25-21,Hancock,520,1,367,1,153,0,393,1,3764,4,4157,5,0,12,1,4,0,504,0,20,12
03-25-21,Hardeman,3415,0,2765,0,650,0,3232,0,24364,36,27596,36,0,63,0,11,0,3341,0,101,63
03-25-21,Hardin,3394,4,2312,1,1082,3,2755,1,22732,25,25487,26,0,65,2,59,2,3270,0,64,65
03-25-21,Hawkins,5504,17,4501,17,1003,0,4865,17,33213,32,38078,49,1,103,9,125,7,5276,2,146,103
03-25-21,Haywood,2660,1,2233,1,427,0,2547,1,13366,16,15913,17,0,60,0,3,1,2597,0,81,60
03-25-21,Henderson,3652,1,2548,1,1104,0,3194,1,15786,12,18980,13,0,74,0,10,1,3568,0,76,74
03-25-21,Henry,3059,3,2379,1,680,2,2748,2,17483,25,20231,27,0,75,0,15,3,2969,0,74,75
03-25-21,Hickman,2733,2,2208,2,525,0,2551,2,16005,30,18556,32,0,43,-1,26,3,2664,0,55,44
03-25-21,Houston,1055,1,795,1,260,0,907,1,9386,48,10293,49,0,33,0,4,1,1018,0,39,33
03-25-21,Humphreys,1602,1,1043,0,559,1,1220,0,11247,19,12467,19,0,21,-5,14,6,1567,0,31,21
03-25-21,Jackson,1280,1,1003,1,277,0,1170,1,5345,3,6515,4,0,35,-2,18,3,1227,0,39,35
03-25-21,Jefferson,5900,10,4088,6,1812,4,4618,8,37646,74,42264,82,0,121,1,87,9,5692,2,182,120
03-25-21,Johnson,2212,0,1968,0,244,0,2097,0,14763,20,16860,20,0,38,-1,27,1,2147,0,58,38
03-25-21,Knox,48263,84,40646,60,7617,24,44455,61,312857,571,357312,632,0,606,3,628,81,47029,4,1324,607
03-25-21,Lake,1681,0,1495,0,186,0,1762,0,9811,12,11573,12,0,26,0,-3,0,1658,0,25,26
03-25-21,Lauderdale,3103,0,2420,0,683,0,2780,0,20449,29,23229,29,0,44,-1,4,1,3055,0,82,43
03-25-21,Lawrence,5656,2,4426,2,1230,0,4872,3,28391,26,33263,29,0,86,-2,42,4,5528,0,143,86
03-25-21,Lewis,1512,1,1156,0,356,1,1251,0,9772,8,11023,8,0,25,1,25,0,1462,0,42,25
03-25-21,Lincoln,4208,1,3272,1,936,0,3718,2,17168,34,20886,36,0,62,-2,30,3,4116,0,81,60
03-25-21,Loudon,5872,6,4540,2,1332,4,4966,2,30351,47,35317,49,0,68,1,51,5,5753,0,133,69
03-25-21,Macon,3450,4,2703,3,747,1,3178,3,15738,48,18916,51,0,74,-1,47,5,3329,0,119,74
03-25-21,Madison,10375,7,5812,4,4563,3,7078,6,53384,82,60462,88,0,237,3,-493,4,10631,0,336,238
03-25-21,Marion,3039,2,2595,2,444,0,2892,2,18499,85,21391,87,0,46,-1,20,3,2973,0,110,46
03-25-21,Marshall,4005,4,3194,2,811,2,3604,2,22461,23,26065,25,0,57,2,54,2,3894,0,86,57
03-25-21,Maury,12604,16,11141,13,1463,3,12297,14,71055,103,83352,117,0,162,-7,100,23,12342,0,284,161
03-25-21,McMinn,6145,3,5474,3,671,0,6038,2,41463,53,47501,55,0,94,-10,84,13,5967,0,150,96
03-25-21,McNairy,2728,3,1939,3,789,0,2358,3,17773,19,20131,22,0,53,2,3,1,2672,0,63,54
03-25-21,Meigs,1305,2,1181,2,124,0,1309,2,7809,9,9118,11,0,23,1,17,1,1265,1,41,23
03-25-21,Monroe,5529,4,4381,4,1148,0,4921,7,26338,48,31259,55,1,95,-4,59,7,5375,0,151,95
03-25-21,Montgomery,18186,50,13335,32,4851,18,14659,35,109071,304,123730,339,0,217,21,-10,29,17979,0,298,221
03-25-21,Moore,973,4,751,0,222,4,848,0,4738,12,5586,12,0,17,2,20,2,936,0,16,17
03-25-21,Morgan,2366,4,1756,2,610,2,1906,2,14864,22,16770,24,1,39,0,25,3,2302,0,38,39
03-25-21,Obion,4420,2,3287,2,1133,0,3722,2,21926,49,25648,51,0,96,-1,27,3,4297,0,98,96
03-25-21,Out of State,17107,32,13661,24,3446,8,15434,30,606051,1426,621485,1456,-1,103,12,201,21,16803,0,206,96
03-25-21,Overton,2915,2,2195,1,720,1,2582,1,14645,13,17227,14,1,60,-1,21,2,2834,0,63,60
03-25-21,Pending,15879,10,10253,7,5626,3,11394,8,392440,813,403834,821,0,129,-21,62,31,15688,0,137,130
03-25-21,Perry,1051,0,904,0,147,0,1017,0,5987,2,7004,2,0,28,0,6,0,1017,0,28,28
03-25-21,Pickett,750,2,494,1,256,1,596,1,3826,5,4422,6,0,23,1,4,1,723,0,28,24
03-25-21,Polk,1896,8,1710,7,186,1,1886,7,9096,17,10982,24,0,24,1,59,7,1813,1,76,24
03-25-21,Putnam,10903,11,8914,8,1989,3,10677,11,69549,78,80226,89,0,173,0,131,11,10599,0,204,173
03-25-21,Rhea,4229,3,3667,3,562,0,4100,2,25907,34,30007,36,0,75,-2,19,5,4135,0,83,75
03-25-21,Roane,6046,2,4703,2,1343,0,5241,2,41944,61,47185,63,1,100,-10,18,11,5928,0,144,101
03-25-21,Robertson,9287,14,7334,10,1953,4,8259,12,42068,90,50327,102,0,125,-1,127,15,9035,0,414,126
03-25-21,Rutherford,40400,98,34736,61,5664,37,40353,65,226671,793,267024,858,3,405,-4,658,99,39337,0,580,408
03-25-21,Scott,2966,0,1661,0,1305,0,1776,0,11172,20,12948,20,0,44,-5,52,5,2870,0,61,44
03-25-21,Sequatchie,1619,0,1282,0,337,0,1400,0,11569,15,12969,15,1,28,-2,20,1,1571,0,37,29
03-25-21,Sevier,12715,15,11000,9,1715,6,12083,12,64505,102,76588,114,1,171,-14,293,28,12251,0,274,173
03-25-21,Shelby,89780,103,83413,92,6367,11,102772,111,930901,3062,1033673,3173,2,1550,0,936,101,87294,7,3460,1572
03-25-21,Smith,2666,6,2017,4,649,2,2525,4,13181,86,15706,90,0,37,-1,51,7,2578,0,57,37
03-25-21,Stewart,1269,3,961,3,308,0,1088,3,6706,22,7794,25,0,26,2,4,1,1239,1,26,26
03-25-21,Sullivan,15181,40,13194,37,1987,3,14284,40,84998,197,99282,237,0,280,11,375,29,14526,2,728,281
03-25-21,Sumner,22318,39,19833,32,2485,7,22430,37,116356,247,138786,284,1,334,-4,247,42,21737,0,698,334
03-25-21,Tipton,7075,1,4928,1,2147,0,5962,1,46073,87,52035,88,0,104,-3,45,4,6926,0,149,100
03-25-21,Trousdale,2443,1,2303,1,140,0,2465,1,8969,24,11434,25,0,22,-3,23,4,2398,0,40,22
03-25-21,Unicoi,1863,4,1442,3,421,1,1589,3,12893,35,14482,38,0,49,4,34,0,1780,2,67,49
03-25-21,Union,1815,2,1535,0,280,2,1654,0,10212,13,11866,13,0,34,-1,28,3,1753,0,56,34
03-25-21,Van Buren,812,0,676,0,136,0,747,0,5230,7,5977,7,0,21,0,6,0,785,0,20,21
03-25-21,Warren,5403,1,4615,1,788,0,5228,1,32060,46,37288,47,0,80,-1,35,2,5288,0,82,81
03-25-21,Washington,13266,21,11409,21,1857,0,12593,22,80408,135,93001,157,0,236,3,288,18,12742,0,345,237
03-25-21,Wayne,2925,0,2358,0,567,0,2594,1,11129,15,13723,16,0,33,-3,24,3,2868,0,61,33
03-25-21,Weakley,3890,3,2902,2,988,1,3327,4,21223,28,24550,32,0,60,-3,56,6,3774,0,64,60
03-25-21,White,3461,2,2844,2,617,0,3475,1,22323,20,25798,21,0,68,1,37,1,3356,0,107,68
03-25-21,Williamson,26362,47,22293,28,4069,19,24730,31,177103,378,201833,409,0,211,8,319,39,25832,0,288,213
03-25-21,Wilson,17354,27,15615,24,1739,3,17768,25,99644,316,117412,341,0,218,-38,79,65,17057,0,330,218
03-24-21,Anderson,8371,8,6294,7,2077,1,7038,7,60596,122,67634,129,1,161,-10,155,17,8055,0,206,167
03-24-21,Bedford,6125,25,4875,14,1250,11,5601,11,30579,116,36180,127,0,124,7,200,18,5801,0,130,124
03-24-21,Benton,1552,6,1239,5,313,1,1371,6,8788,19,10159,25,0,39,5,31,1,1482,0,35,40
03-24-21,Bledsoe,2063,9,1876,8,187,1,1991,8,15087,44,17078,52,0,11,6,26,3,2026,0,32,11
03-24-21,Blount,14589,21,12488,15,2101,6,13745,14,71089,206,84834,220,0,190,-10,94,31,14305,0,331,192
03-24-21,Bradley,13849,55,11409,43,2440,12,12918,47,63470,257,76388,304,0,143,-3,405,58,13301,2,580,144
03-24-21,Campbell,3977,4,2218,3,1759,1,2495,5,24455,36,26950,41,0,59,-2,66,6,3852,0,121,61
03-24-21,Cannon,1843,5,1486,5,357,0,1656,5,8979,26,10635,31,0,31,0,34,5,1778,0,37,31
03-24-21,Carroll,3513,2,2311,1,1202,1,2744,0,19181,25,21925,25,0,81,1,9,1,3423,0,78,82
03-24-21,Carter,6129,13,5355,12,774,1,5884,13,36314,139,42198,152,0,155,5,84,8,5890,1,221,155
03-24-21,Cheatham,4181,8,3239,5,942,3,3665,6,26168,70,29833,76,1,49,-11,114,18,4018,0,87,49
03-24-21,Chester,2057,2,1489,2,568,0,1776,3,11581,14,13357,17,0,48,-1,12,3,1997,0,40,48
03-24-21,Claiborne,2941,5,1898,3,1043,2,2036,7,23345,34,25381,41,0,73,-1,32,6,2836,0,91,73
03-24-21,Clay,1075,0,742,0,333,0,855,0,5510,23,6365,23,0,31,0,2,0,1042,0,24,30
03-24-21,Cocke,4302,17,2866,12,1436,5,3162,13,21134,105,24296,118,0,97,4,146,13,4059,0,113,98
03-24-21,Coffee,6641,19,4626,15,2015,4,5649,16,44460,103,50109,119,0,117,6,128,13,6396,1,121,117
03-24-21,Crockett,1975,0,1186,0,789,0,1383,0,7161,8,8544,8,0,48,0,-13,0,1940,0,30,48
03-24-21,Cumberland,6292,17,5250,14,1042,3,6014,18,47359,88,53373,106,0,125,11,101,6,6066,0,151,126
03-24-21,Davidson,84460,170,79332,146,5128,24,96363,156,925712,3518,1022075,3674,1,888,17,1140,152,82432,3,1913,898
03-24-21,Decatur,1556,2,1160,2,396,0,1378,3,10826,24,12204,27,0,38,1,6,1,1512,0,39,38
03-24-21,Dekalb,2716,3,2015,3,701,0,2330,3,16547,42,18877,45,0,52,3,21,0,2643,0,55,52
03-24-21,Dickson,6451,10,4649,8,1802,2,5508,10,33993,73,39501,83,0,107,3,67,7,6277,0,117,107
03-24-21,Dyer,5297,2,3501,2,1796,0,3952,3,21309,56,25261,59,0,103,-1,28,3,5166,0,106,103
03-24-21,Fayette,4761,5,4101,5,660,0,5045,7,36292,95,41337,102,0,76,2,47,3,4638,0,125,75
03-24-21,Fentress,2340,2,2028,2,312,0,2318,2,12727,21,15045,23,0,45,1,22,1,2273,0,61,45
03-24-21,Franklin,4942,18,4133,11,809,7,4843,12,36218,67,41061,79,0,87,10,109,8,4746,1,107,87
03-24-21,Gibson,6242,1,3773,1,2469,0,4578,3,28676,48,33254,51,0,142,-1,29,2,6071,0,107,143
03-24-21,Giles,3826,5,3181,5,645,0,3654,5,22283,42,25937,47,0,98,2,39,3,3689,0,110,98
03-24-21,Grainger,2502,2,1870,2,632,0,2095,2,13650,50,15745,52,1,48,0,35,1,2419,0,68,50
03-24-21,Greene,7436,13,5902,11,1534,2,6623,11,46948,327,53571,338,0,149,2,73,11,7214,2,181,149
03-24-21,Grundy,1736,0,1455,0,281,0,1667,0,8618,41,10285,41,0,30,-2,8,2,1698,0,55,30
03-24-21,Hamblen,8286,8,5832,1,2454,7,6549,4,44987,92,51536,96,0,170,-5,105,13,8011,0,253,169
03-24-21,Hamilton,41983,83,36267,69,5716,14,40547,69,307957,693,348504,762,0,472,17,595,66,40916,0,1111,473
03-24-21,Hancock,519,0,366,0,153,0,392,0,3760,8,4152,8,0,12,-1,3,1,504,0,20,12
03-24-21,Hardeman,3415,3,2765,2,650,1,3232,2,24328,29,27560,31,0,63,3,11,0,3341,0,101,63
03-24-21,Hardin,3390,8,2311,8,1079,0,2754,9,22707,42,25461,51,0,65,8,57,0,3268,0,64,65
03-24-21,Hawkins,5487,16,4484,13,1003,3,4848,14,33181,121,38029,135,0,102,3,116,13,5269,0,144,103
03-24-21,Haywood,2659,1,2232,1,427,0,2546,1,13350,17,15896,18,0,60,0,3,1,2596,0,81,60
03-24-21,Henderson,3651,0,2547,0,1104,0,3193,0,15774,21,18967,21,0,74,0,10,0,3567,0,76,74
03-24-21,Henry,3056,4,2378,2,678,2,2746,2,17458,32,20204,34,0,75,4,15,0,2966,0,74,75
03-24-21,Hickman,2731,3,2206,3,525,0,2549,2,15975,43,18524,45,0,43,1,27,2,2661,0,55,44
03-24-21,Houston,1054,0,794,0,260,0,906,0,9338,82,10244,82,0,33,0,4,0,1017,0,39,33
03-24-21,Humphreys,1601,3,1043,1,558,2,1220,1,11228,18,12448,19,0,21,0,19,3,1561,0,31,21
03-24-21,Jackson,1279,1,1002,1,277,0,1169,1,5342,16,6511,17,0,35,1,20,0,1224,0,39,35
03-24-21,Jefferson,5890,8,4082,4,1808,4,4610,3,37572,98,42182,101,0,121,-2,86,10,5683,0,180,120
03-24-21,Johnson,2212,2,1968,2,244,0,2097,2,14743,38,16840,40,0,38,1,28,1,2146,0,58,38
03-24-21,Knox,48179,124,40586,90,7593,34,44394,97,312286,776,356680,873,1,606,42,625,81,46948,3,1320,606
03-24-21,Lake,1681,0,1495,0,186,0,1762,0,9799,36,11561,36,0,26,0,-3,0,1658,0,25,26
03-24-21,Lauderdale,3103,3,2420,2,683,1,2780,2,20420,24,23200,26,0,44,2,5,1,3054,0,82,43
03-24-21,Lawrence,5654,6,4424,5,1230,1,4869,4,28365,36,33234,40,0,86,3,44,3,5524,0,143,86
03-24-21,Lewis,1511,8,1156,3,355,5,1251,3,9764,11,11015,14,0,25,8,24,0,1462,1,42,25
03-24-21,Lincoln,4207,3,3271,1,936,2,3716,1,17134,33,20850,34,0,62,-2,32,5,4113,0,81,60
03-24-21,Loudon,5866,2,4538,1,1328,1,4964,1,30304,59,35268,60,0,68,-7,50,9,5748,0,133,69
03-24-21,Macon,3446,7,2700,5,746,2,3175,6,15690,89,18865,95,0,74,5,48,2,3324,0,119,74
03-24-21,Madison,10368,24,5808,14,4560,10,7072,13,53302,95,60374,108,0,237,21,-496,3,10627,0,336,238
03-24-21,Marion,3037,5,2593,4,444,1,2890,5,18414,74,21304,79,0,46,-2,21,7,2970,0,110,46
03-24-21,Marshall,4001,4,3192,2,809,2,3602,3,22438,30,26040,33,0,57,1,52,3,3892,0,86,57
03-24-21,Maury,12588,30,11128,25,1460,5,12283,27,70952,164,83235,191,0,162,12,107,18,12319,1,284,161
03-24-21,McMinn,6142,15,5471,12,671,3,6036,16,41410,153,47446,169,0,94,5,94,10,5954,0,150,96
03-24-21,McNairy,2725,1,1936,1,789,0,2355,2,17754,21,20109,23,0,53,0,1,1,2671,0,63,54
03-24-21,Meigs,1303,6,1179,5,124,1,1307,4,7800,25,9107,29,0,23,4,16,2,1264,0,40,23
03-24-21,Monroe,5525,7,4377,5,1148,2,4914,5,26290,66,31204,71,0,94,2,63,5,5368,0,151,95
03-24-21,Montgomery,18136,47,13303,41,4833,6,14624,36,108767,412,123391,448,0,217,14,-31,33,17950,0,298,221
03-24-21,Moore,969,6,751,6,218,0,848,6,4726,16,5574,22,0,17,5,18,1,934,0,16,17
03-24-21,Morgan,2362,3,1754,0,608,3,1904,0,14842,35,16746,35,0,38,2,25,1,2299,0,38,39
03-24-21,Obion,4418,5,3285,5,1133,0,3720,6,21877,29,25597,35,0,96,2,28,3,4294,0,98,96
03-24-21,Out of State,17075,27,13637,19,3438,8,15404,24,604625,1689,620029,1713,-1,104,2,189,26,16782,0,206,96
03-24-21,Overton,2913,4,2194,3,719,1,2581,4,14632,49,17213,53,0,59,1,22,3,2832,0,63,60
03-24-21,Pending,15869,13,10246,12,5623,1,11386,13,391627,1077,403013,1090,0,129,0,83,13,15657,0,137,130
03-24-21,Perry,1051,1,904,1,147,0,1017,1,5985,8,7002,9,0,28,1,6,0,1017,0,28,28
03-24-21,Pickett,748,0,493,0,255,0,595,0,3821,5,4416,5,0,23,0,3,0,722,0,28,24
03-24-21,Polk,1888,7,1703,7,185,0,1879,8,9079,34,10958,42,0,24,6,58,1,1806,1,75,24
03-24-21,Putnam,10892,25,8906,21,1986,4,10666,21,69471,348,80137,369,0,173,14,131,11,10588,0,204,173
03-24-21,Rhea,4226,3,3664,3,562,0,4098,3,25873,88,29971,91,0,75,-1,21,4,4130,0,83,75
03-24-21,Roane,6044,7,4701,2,1343,5,5239,2,41883,132,47122,134,0,99,3,28,4,5917,0,144,101
03-24-21,Robertson,9273,17,7324,10,1949,7,8247,10,41978,90,50225,100,0,125,4,128,13,9020,0,414,126
03-24-21,Rutherford,40302,113,34675,96,5627,17,40288,94,225878,849,266166,943,0,402,21,662,92,39238,0,580,407
03-24-21,Scott,2966,6,1661,1,1305,5,1776,1,11152,32,12928,33,0,44,1,57,5,2865,0,61,44
03-24-21,Sequatchie,1619,5,1282,5,337,0,1400,6,11554,24,12954,30,-1,27,-1,22,7,1570,0,37,28
03-24-21,Sevier,12700,29,10991,18,1709,11,12071,21,64403,215,76474,236,1,170,-4,307,32,12223,1,274,173
03-24-21,Shelby,89677,126,83321,114,6356,12,102661,124,927839,3428,1030500,3552,0,1548,19,936,107,87193,3,3453,1572
03-24-21,Smith,2660,4,2013,3,647,1,2521,3,13095,45,15616,48,0,37,1,52,3,2571,0,57,37
03-24-21,Stewart,1266,0,958,0,308,0,1085,1,6684,18,7769,19,0,26,-1,2,1,1238,0,25,26
03-24-21,Sullivan,15141,40,13157,33,1984,7,14244,35,84801,288,99045,323,0,280,15,364,25,14497,2,726,281
03-24-21,Sumner,22279,63,19801,54,2478,9,22393,59,116109,404,138502,463,0,333,16,251,47,21695,1,698,334
03-24-21,Tipton,7074,7,4927,5,2147,2,5961,6,45986,143,51947,149,0,104,2,48,5,6922,1,149,100
03-24-21,Trousdale,2442,3,2302,2,140,1,2464,2,8945,23,11409,25,0,22,2,26,1,2394,0,40,22
03-24-21,Unicoi,1859,4,1439,4,420,0,1586,4,12858,27,14444,31,0,49,2,30,2,1780,0,65,49
03-24-21,Union,1813,2,1535,2,278,0,1654,2,10199,23,11853,25,0,34,1,29,1,1750,0,56,34
03-24-21,Van Buren,812,1,676,1,136,0,747,1,5223,8,5970,9,0,21,0,6,1,785,0,20,21
03-24-21,Warren,5402,5,4614,4,788,1,5227,5,32014,74,37241,79,0,80,-1,36,6,5286,0,82,81
03-24-21,Washington,13245,55,11388,49,1857,6,12571,51,80273,260,92844,311,0,236,37,285,18,12724,2,345,237
03-24-21,Wayne,2925,6,2358,2,567,4,2593,2,11114,25,13707,27,0,33,4,27,2,2865,0,61,33
03-24-21,Weakley,3887,9,2900,6,987,3,3323,7,21195,38,24518,45,0,60,3,59,6,3768,0,64,60
03-24-21,White,3459,3,2842,2,617,1,3474,4,22303,46,25777,50,0,68,-2,36,5,3355,0,107,68
03-24-21,Williamson,26315,90,22265,66,4050,24,24699,66,176725,543,201424,609,0,211,43,311,47,25793,1,288,213
03-24-21,Wilson,17327,40,15591,38,1736,2,17743,40,99328,505,117071,545,0,218,2,117,38,16992,1,330,218
03-23-21,Anderson,8363,6,6287,1,2076,5,7031,1,60474,42,67505,43,0,160,-15,165,21,8038,0,206,167
03-23-21,Bedford,6100,22,4861,7,1239,15,5590,6,30463,74,36053,80,1,124,16,193,5,5783,0,130,124
03-23-21,Benton,1546,4,1234,0,312,4,1365,0,8769,1,10134,1,0,39,1,26,3,1481,0,35,40
03-23-21,Bledsoe,2054,2,1868,1,186,1,1983,1,15043,12,17026,13,0,11,-1,20,3,2023,0,32,11
03-23-21,Blount,14568,22,12473,7,2095,15,13731,7,70883,143,84614,150,1,190,-1,104,22,14274,0,331,192
03-23-21,Bradley,13794,27,11366,14,2428,13,12871,15,63213,82,76084,97,1,143,-8,408,34,13243,1,578,143
03-23-21,Campbell,3973,18,2215,4,1758,14,2490,3,24419,15,26909,18,0,59,8,68,10,3846,2,121,61
03-23-21,Cannon,1838,3,1481,3,357,0,1651,3,8953,7,10604,10,0,31,-2,34,5,1773,0,37,31
03-23-21,Carroll,3511,2,2310,0,1201,2,2744,2,19156,18,21900,20,0,81,0,8,2,3422,0,78,82
03-23-21,Carter,6116,6,5343,5,773,1,5871,7,36175,67,42046,74,0,155,-1,79,7,5882,0,220,154
03-23-21,Cheatham,4173,4,3234,3,939,1,3659,3,26098,32,29757,35,0,48,-8,125,12,4000,0,87,48
03-23-21,Chester,2055,3,1487,2,568,1,1773,2,11567,5,13340,7,0,48,0,13,3,1994,1,40,48
03-23-21,Claiborne,2936,2,1895,0,1041,2,2029,0,23311,18,25340,18,1,73,-7,33,8,2830,0,91,73
03-23-21,Clay,1075,0,742,0,333,0,855,0,5487,4,6342,4,0,31,0,2,0,1042,0,24,30
03-23-21,Cocke,4285,14,2854,9,1431,5,3149,8,21029,70,24178,78,0,97,-10,142,24,4046,0,113,98
03-23-21,Coffee,6622,4,4611,3,2011,1,5633,5,44357,88,49990,93,0,117,-7,122,11,6383,0,120,117
03-23-21,Crockett,1975,0,1186,0,789,0,1383,0,7153,9,8536,9,0,48,0,-13,0,1940,0,30,48
03-23-21,Cumberland,6275,5,5236,5,1039,0,5996,7,47271,48,53267,55,0,125,-10,90,15,6060,0,151,126
03-23-21,Davidson,84290,115,79186,102,5104,13,96207,135,922194,2810,1018401,2945,3,887,-14,1123,126,82280,3,1910,897
03-23-21,Decatur,1554,0,1158,0,396,0,1375,0,10802,4,12177,4,1,38,-2,5,1,1511,0,39,38
03-23-21,Dekalb,2713,2,2012,1,701,1,2327,1,16505,9,18832,10,0,52,1,18,1,2643,0,55,52
03-23-21,Dickson,6441,11,4641,9,1800,2,5498,11,33920,66,39418,77,0,107,0,64,11,6270,0,117,107
03-23-21,Dyer,5295,5,3499,1,1796,4,3949,1,21253,24,25202,25,0,103,3,29,2,5163,0,106,103
03-23-21,Fayette,4756,5,4096,3,660,2,5038,6,36197,47,41235,53,1,76,-2,45,6,4635,0,125,75
03-23-21,Fentress,2338,1,2026,0,312,1,2316,1,12706,7,15022,8,0,45,1,21,0,2272,0,61,45
03-23-21,Franklin,4924,1,4122,1,802,0,4831,1,36151,243,40982,244,0,87,-6,99,7,4738,0,106,87
03-23-21,Gibson,6241,6,3772,2,2469,4,4575,2,28628,45,33203,47,1,142,4,30,1,6069,1,107,143
03-23-21,Giles,3821,11,3176,3,645,8,3649,3,22241,32,25890,35,0,98,7,37,4,3686,0,110,98
03-23-21,Grainger,2500,3,1868,1,632,2,2093,1,13600,13,15693,14,0,47,2,35,1,2418,0,68,50
03-23-21,Greene,7423,4,5891,3,1532,1,6612,4,46621,67,53233,71,0,149,-1,71,5,7203,1,179,149
03-23-21,Grundy,1736,3,1455,3,281,0,1667,4,8577,48,10244,52,0,30,0,10,3,1696,0,55,30
03-23-21,Hamblen,8278,6,5831,2,2447,4,6545,4,44895,65,51440,69,0,170,-4,110,10,7998,0,253,169
03-23-21,Hamilton,41900,54,36198,38,5702,16,40478,38,307264,417,347742,455,1,472,-15,578,68,40850,1,1111,473
03-23-21,Hancock,519,0,366,0,153,0,392,1,3752,3,4144,4,0,12,-4,4,4,503,0,20,12
03-23-21,Hardeman,3412,2,2763,1,649,1,3230,1,24299,10,27529,11,0,63,2,8,0,3341,0,101,63
03-23-21,Hardin,3382,5,2303,1,1079,4,2745,0,22665,19,25410,19,0,65,4,49,1,3268,0,64,65
03-23-21,Hawkins,5471,11,4471,9,1000,2,4834,10,33060,41,37894,51,0,102,0,113,11,5256,1,144,103
03-23-21,Haywood,2658,0,2231,0,427,0,2545,0,13333,17,15878,17,0,60,0,3,0,2595,0,81,60
03-23-21,Henderson,3651,2,2547,0,1104,2,3193,0,15753,11,18946,11,0,74,0,10,2,3567,0,76,74
03-23-21,Henry,3052,0,2376,0,676,0,2744,0,17426,19,20170,19,0,75,-4,11,4,2966,0,74,75
03-23-21,Hickman,2728,0,2203,0,525,0,2547,0,15932,29,18479,29,0,43,-5,26,5,2659,0,55,44
03-23-21,Houston,1054,1,794,0,260,1,906,0,9256,6,10162,6,0,33,-2,4,3,1017,0,39,33
03-23-21,Humphreys,1598,1,1042,1,556,0,1219,1,11210,19,12429,20,0,21,0,19,1,1558,0,31,21
03-23-21,Jackson,1278,1,1001,0,277,1,1168,0,5326,5,6494,5,0,35,0,19,1,1224,0,39,35
03-23-21,Jefferson,5882,14,4078,7,1804,7,4607,7,37474,36,42081,43,0,121,6,88,8,5673,1,180,120
03-23-21,Johnson,2210,2,1966,1,244,1,2095,1,14705,10,16800,11,0,38,0,27,2,2145,0,58,38
03-23-21,Knox,48055,87,40496,56,7559,31,44297,59,311510,526,355807,585,1,605,18,583,68,46867,3,1317,605
03-23-21,Lake,1681,0,1495,0,186,0,1762,0,9763,11,11525,11,0,26,-1,-3,1,1658,0,25,26
03-23-21,Lauderdale,3100,0,2418,0,682,0,2778,0,20396,18,23174,18,0,44,0,3,0,3053,0,82,43
03-23-21,Lawrence,5648,6,4419,4,1229,2,4865,5,28329,54,33194,59,0,86,-4,41,10,5521,0,143,86
03-23-21,Lewis,1503,1,1153,1,350,0,1248,1,9753,5,11001,6,0,25,-3,16,4,1462,0,41,25
03-23-21,Lincoln,4204,6,3270,3,934,3,3715,3,17101,28,20816,31,0,62,4,34,2,4108,0,81,60
03-23-21,Loudon,5864,6,4537,0,1327,6,4963,0,30245,40,35208,40,0,68,-1,57,7,5739,0,133,69
03-23-21,Macon,3439,2,2695,1,744,1,3169,1,15601,54,18770,55,0,74,1,43,1,3322,0,119,74
03-23-21,Madison,10344,25,5794,11,4550,14,7059,11,53207,62,60266,73,1,237,17,-517,7,10624,0,336,238
03-23-21,Marion,3032,2,2589,0,443,2,2885,0,18340,52,21225,52,1,46,-5,23,6,2963,0,110,46
03-23-21,Marshall,3997,3,3190,2,807,1,3599,2,22408,29,26007,31,0,57,-2,51,5,3889,0,86,57
03-23-21,Maury,12558,23,11103,10,1455,13,12256,9,70788,109,83044,118,0,162,6,95,17,12301,1,283,161
03-23-21,McMinn,6127,8,5459,5,668,3,6020,6,41257,56,47277,62,0,94,-2,89,10,5944,0,150,96
03-23-21,McNairy,2724,7,1935,4,789,3,2353,5,17733,21,20086,26,0,53,6,1,1,2670,0,63,54
03-23-21,Meigs,1297,2,1174,2,123,0,1303,2,7775,5,9078,7,0,23,1,12,1,1262,0,40,23
03-23-21,Monroe,5518,9,4372,5,1146,4,4909,4,26224,47,31133,51,1,94,-6,61,14,5363,1,151,94
03-23-21,Montgomery,18089,44,13262,34,4827,10,14588,43,108355,228,122943,271,2,217,4,-45,38,17917,0,298,221
03-23-21,Moore,963,0,745,0,218,0,842,0,4710,28,5552,28,0,17,-3,13,3,933,0,16,17
03-23-21,Morgan,2359,3,1754,1,605,2,1904,2,14807,11,16711,13,0,38,0,23,3,2298,0,38,39
03-23-21,Obion,4413,3,3280,1,1133,2,3714,1,21848,32,25562,33,1,96,1,26,1,4291,0,98,96
03-23-21,Out of State,17048,20,13618,14,3430,6,15380,17,602936,1531,618316,1548,1,105,-15,187,34,16756,0,206,96
03-23-21,Overton,2909,0,2191,0,718,0,2577,0,14583,12,17160,12,1,59,-4,21,3,2829,0,63,60
03-23-21,Pending,15856,25,10234,10,5622,15,11373,11,390550,948,401923,959,0,129,6,83,19,15644,1,137,130
03-23-21,Perry,1050,0,903,0,147,0,1016,0,5977,3,6993,3,0,28,-2,5,2,1017,0,28,28
03-23-21,Pickett,748,0,493,0,255,0,595,0,3816,4,4411,4,0,23,0,3,0,722,0,28,24
03-23-21,Polk,1881,3,1696,2,185,1,1871,1,9045,10,10916,11,0,24,-1,52,4,1805,1,74,24
03-23-21,Putnam,10867,7,8885,3,1982,4,10645,3,69123,68,79768,71,0,173,-7,117,14,10577,0,204,173
03-23-21,Rhea,4223,5,3661,5,562,0,4095,5,25785,31,29880,36,0,75,0,22,5,4126,0,83,75
03-23-21,Roane,6037,2,4699,0,1338,2,5237,0,41751,36,46988,36,2,99,-4,25,4,5913,1,144,101
03-23-21,Robertson,9256,21,7314,13,1942,8,8237,15,41888,50,50125,65,0,125,5,124,16,9007,1,414,126
03-23-21,Rutherford,40189,78,34579,46,5610,32,40194,42,225029,428,265223,470,2,402,-12,641,88,39146,1,580,407
03-23-21,Scott,2960,5,1660,2,1300,3,1775,2,11120,20,12895,22,0,44,-1,56,6,2860,0,61,44
03-23-21,Sequatchie,1614,5,1277,3,337,2,1394,3,11530,8,12924,11,2,28,1,23,2,1563,0,37,28
03-23-21,Sevier,12671,42,10973,13,1698,29,12050,12,64188,86,76238,98,1,169,4,311,37,12191,0,273,173
03-23-21,Shelby,89551,106,83207,96,6344,10,102537,118,924411,2926,1026948,3044,10,1548,-9,917,105,87086,3,3450,1572
03-23-21,Smith,2656,11,2010,0,646,11,2518,0,13050,16,15568,16,1,37,5,51,5,2568,0,57,37
03-23-21,Stewart,1266,1,958,1,308,0,1084,1,6666,16,7750,17,0,26,1,3,0,1237,1,25,26
03-23-21,Sullivan,15101,27,13124,24,1977,3,14209,23,84513,145,98722,168,0,280,-11,349,38,14472,0,724,281
03-23-21,Sumner,22216,53,19747,34,2469,19,22334,35,115705,179,138039,214,3,333,-3,235,53,21648,1,697,334
03-23-21,Tipton,7067,2,4922,1,2145,1,5955,0,45843,125,51798,125,0,104,-3,46,5,6917,0,148,100
03-23-21,Trousdale,2439,3,2300,2,139,1,2462,2,8922,13,11384,15,0,22,1,24,2,2393,0,40,22
03-23-21,Unicoi,1855,3,1435,1,420,2,1582,1,12831,10,14413,11,1,49,-2,28,4,1778,0,65,49
03-23-21,Union,1811,3,1533,1,278,2,1652,1,10176,14,11828,15,0,34,-6,28,9,1749,0,56,34
03-23-21,Van Buren,811,0,675,0,136,0,746,0,5215,1,5961,1,0,21,-1,6,1,784,0,20,21
03-23-21,Warren,5397,6,4610,3,787,3,5222,5,31940,52,37162,57,0,80,1,37,5,5280,0,82,81
03-23-21,Washington,13190,32,11339,21,1851,11,12520,21,80013,129,92533,150,0,236,14,248,18,12706,2,343,237
03-23-21,Wayne,2919,1,2356,1,563,0,2591,1,11089,6,13680,7,0,33,1,23,0,2863,0,61,33
03-23-21,Weakley,3878,6,2894,5,984,1,3316,4,21157,16,24473,20,0,60,3,56,3,3762,2,64,60
03-23-21,White,3456,9,2840,1,616,8,3470,1,22257,21,25727,22,0,68,9,38,0,3350,0,107,68
03-23-21,Williamson,26225,34,22199,17,4026,17,24633,19,176182,331,200815,350,1,211,-13,268,46,25746,1,287,213
03-23-21,Wilson,17287,16,15553,11,1734,5,17703,13,98823,168,116526,181,2,218,-45,115,59,16954,1,329,218
03-22-21,Anderson,8357,6,6286,1,2071,5,7030,4,60432,66,67462,70,0,160,-7,180,13,8017,1,206,166
03-22-21,Bedford,6078,16,4854,9,1224,7,5584,9,30389,21,35973,30,0,123,0,177,16,5778,1,130,123
03-22-21,Benton,1542,2,1234,0,308,2,1365,1,8768,8,10133,9,0,39,2,25,0,1478,0,35,40
03-22-21,Bledsoe,2052,0,1867,0,185,0,1982,0,15031,7,17013,7,1,11,-2,21,1,2020,0,32,11
03-22-21,Blount,14546,15,12466,6,2080,9,13724,4,70740,88,84464,92,0,189,-6,105,21,14252,2,331,192
03-22-21,Bradley,13767,42,11352,34,2415,8,12856,40,63131,112,75987,152,0,142,1,416,41,13209,2,577,143
03-22-21,Campbell,3955,1,2211,0,1744,1,2487,0,24404,20,26891,20,0,59,-8,60,9,3836,0,119,61
03-22-21,Cannon,1835,1,1478,0,357,1,1648,0,8946,7,10594,7,0,31,-4,36,5,1768,0,37,31
03-22-21,Carroll,3509,1,2310,0,1199,1,2742,0,19138,8,21880,8,0,81,0,8,1,3420,0,78,82
03-22-21,Carter,6110,15,5338,9,772,6,5864,9,36108,19,41972,28,0,155,9,80,6,5875,0,220,154
03-22-21,Cheatham,4169,10,3231,5,938,5,3656,6,26066,40,29722,46,1,48,-1,133,10,3988,1,87,48
03-22-21,Chester,2052,0,1485,0,567,0,1771,0,11562,9,13333,9,0,48,-1,13,1,1991,0,39,48
03-22-21,Claiborne,2934,6,1895,4,1039,2,2029,4,23293,17,25322,21,1,72,-3,40,8,2822,0,91,73
03-22-21,Clay,1075,1,742,0,333,1,855,0,5483,4,6338,4,0,31,1,2,0,1042,0,24,30
03-22-21,Cocke,4271,14,2845,8,1426,6,3141,7,20959,21,24100,28,1,97,-12,152,25,4022,0,113,98
03-22-21,Coffee,6618,10,4608,0,2010,10,5628,2,44269,24,49897,26,0,117,-1,129,11,6372,0,120,117
03-22-21,Crockett,1975,0,1186,0,789,0,1383,0,7144,1,8527,1,0,48,0,-13,0,1940,0,30,48
03-22-21,Cumberland,6270,6,5231,2,1039,4,5989,2,47223,21,53212,23,2,125,-5,100,9,6045,0,151,126
03-22-21,Davidson,84175,140,79084,114,5091,26,96072,135,919384,1329,1015456,1464,4,884,-13,1137,149,82154,3,1907,897
03-22-21,Decatur,1554,0,1158,0,396,0,1375,0,10798,7,12173,7,0,37,-1,7,1,1510,0,39,38
03-22-21,Dekalb,2711,1,2011,0,700,1,2326,0,16496,14,18822,14,0,52,-2,17,3,2642,0,55,52
03-22-21,Dickson,6430,11,4632,9,1798,2,5487,13,33854,43,39341,56,0,107,1,64,10,6259,0,117,107
03-22-21,Dyer,5290,0,3498,0,1792,0,3948,1,21229,14,25177,15,0,103,-2,26,2,5161,0,106,103
03-22-21,Fayette,4751,6,4093,4,658,2,5032,4,36150,51,41182,55,0,75,0,47,6,4629,0,125,75
03-22-21,Fentress,2337,1,2026,1,311,0,2315,2,12699,10,15014,12,0,45,1,20,0,2272,0,61,45
03-22-21,Franklin,4923,8,4121,8,802,0,4830,8,35908,26,40738,34,0,87,-1,105,9,4731,1,106,87
03-22-21,Gibson,6235,4,3770,2,2465,2,4573,3,28583,12,33156,15,0,141,1,26,3,6068,0,106,142
03-22-21,Giles,3810,6,3173,2,637,4,3646,4,22209,13,25855,17,0,98,1,30,5,3682,0,110,98
03-22-21,Grainger,2497,0,1867,0,630,0,2092,0,13587,11,15679,11,0,47,-6,33,6,2417,0,68,50
03-22-21,Greene,7419,8,5888,6,1531,2,6608,6,46554,38,53162,44,0,149,3,72,5,7198,0,178,149
03-22-21,Grundy,1733,2,1452,2,281,0,1663,2,8529,7,10192,9,0,30,-1,10,3,1693,0,55,30
03-22-21,Hamblen,8272,11,5829,2,2443,9,6541,4,44830,28,51371,32,1,170,1,114,9,7988,1,253,169
03-22-21,Hamilton,41846,100,36160,86,5686,14,40440,89,306847,398,347287,487,3,471,14,593,83,40782,3,1110,473
03-22-21,Hancock,519,1,366,0,153,1,391,0,3749,0,4140,0,0,12,0,8,1,499,0,20,12
03-22-21,Hardeman,3410,0,2762,0,648,0,3229,0,24289,7,27518,7,0,63,0,6,0,3341,0,101,63
03-22-21,Hardin,3377,7,2302,1,1075,6,2745,1,22646,9,25391,10,1,65,0,45,6,3267,0,64,65
03-22-21,Hawkins,5460,7,4462,3,998,4,4824,4,33019,42,37843,46,0,102,0,113,7,5245,0,143,103
03-22-21,Haywood,2658,0,2231,0,427,0,2545,0,13316,6,15861,6,0,60,-2,3,2,2595,0,81,60
03-22-21,Henderson,3649,1,2547,0,1102,1,3193,0,15742,7,18935,7,0,74,-2,10,3,3565,0,76,74
03-22-21,Henry,3052,1,2376,0,676,1,2744,0,17407,12,20151,12,-1,75,1,15,1,2962,0,74,75
03-22-21,Hickman,2728,3,2203,2,525,1,2547,2,15903,31,18450,33,0,43,-3,31,6,2654,0,55,44
03-22-21,Houston,1053,0,794,0,259,0,906,0,9250,2,10156,2,0,33,-1,6,1,1014,0,39,33
03-22-21,Humphreys,1597,4,1041,3,556,1,1218,3,11191,20,12409,23,0,21,0,19,4,1557,0,31,21
03-22-21,Jackson,1277,4,1001,2,276,2,1168,2,5321,1,6489,3,0,35,4,19,0,1223,0,39,35
03-22-21,Jefferson,5868,14,4071,9,1797,5,4600,7,37438,32,42038,39,0,121,-2,82,16,5665,1,179,120
03-22-21,Johnson,2208,6,1965,0,243,6,2094,0,14695,11,16789,11,0,38,5,27,1,2143,0,58,38
03-22-21,Knox,47968,116,40440,78,7528,38,44238,82,310984,520,355222,602,2,604,34,565,80,46799,1,1314,604
03-22-21,Lake,1681,0,1495,0,186,0,1762,1,9752,2,11514,3,0,26,-1,-2,1,1657,0,25,26
03-22-21,Lauderdale,3100,1,2418,0,682,1,2778,0,20378,19,23156,19,0,44,1,3,0,3053,0,82,43
03-22-21,Lawrence,5642,9,4415,5,1227,4,4860,5,28275,49,33135,54,0,86,8,45,1,5511,0,143,86
03-22-21,Lewis,1502,2,1152,0,350,2,1247,0,9748,6,10995,6,0,25,2,19,0,1458,0,41,25
03-22-21,Lincoln,4198,6,3267,3,931,3,3712,2,17073,7,20785,9,0,62,3,30,3,4106,1,81,60
03-22-21,Loudon,5858,6,4537,3,1321,3,4963,5,30205,38,35168,43,0,68,-1,58,7,5732,1,133,69
03-22-21,Macon,3437,4,2694,2,743,2,3168,2,15547,34,18715,36,0,74,3,42,1,3321,1,119,74
03-22-21,Madison,10319,21,5783,6,4536,15,7048,6,53145,26,60193,32,0,236,16,-534,5,10617,0,336,238
03-22-21,Marion,3030,2,2589,1,441,1,2885,1,18288,10,21173,11,0,45,-2,28,4,2957,1,110,46
03-22-21,Marshall,3994,6,3188,0,806,6,3597,0,22379,16,25976,16,0,57,-1,53,7,3884,0,86,57
03-22-21,Maury,12535,19,11093,8,1442,11,12247,12,70679,83,82926,95,0,162,3,89,16,12284,1,282,161
03-22-21,McMinn,6119,12,5454,9,665,3,6014,10,41201,50,47215,60,0,94,2,91,10,5934,0,150,96
03-22-21,McNairy,2717,2,1931,0,786,2,2348,0,17712,9,20060,9,0,53,1,-5,1,2669,0,63,54
03-22-21,Meigs,1295,2,1172,2,123,0,1301,2,7770,15,9071,17,0,23,-2,11,4,1261,0,40,23
03-22-21,Monroe,5509,6,4367,1,1142,5,4905,1,26177,47,31082,48,0,93,-2,67,8,5349,0,150,94
03-22-21,Montgomery,18045,37,13228,19,4817,18,14545,19,108127,140,122672,159,1,215,-14,-49,50,17879,0,298,221
03-22-21,Moore,963,1,745,0,218,1,842,0,4682,3,5524,3,0,17,1,16,0,930,0,16,17
03-22-21,Morgan,2356,2,1753,0,603,2,1902,0,14796,6,16698,6,0,38,0,23,2,2295,0,38,39
03-22-21,Obion,4410,3,3279,2,1131,1,3713,2,21816,25,25529,27,0,95,1,25,2,4290,0,98,96
03-22-21,Out of State,17028,19,13604,14,3424,5,15363,19,601405,1036,616768,1055,1,104,-4,202,22,16722,0,206,96
03-22-21,Overton,2909,4,2191,1,718,3,2577,2,14571,4,17148,6,0,58,1,25,3,2826,0,63,60
03-22-21,Pending,15831,13,10224,7,5607,6,11362,9,389602,636,400964,645,0,129,-19,77,32,15625,0,136,130
03-22-21,Perry,1050,1,903,0,147,1,1016,0,5974,3,6990,3,0,28,1,7,0,1015,0,28,28
03-22-21,Pickett,748,0,493,0,255,0,595,0,3812,2,4407,2,0,23,0,3,0,722,0,28,24
03-22-21,Polk,1878,1,1694,1,184,0,1870,1,9035,12,10905,13,0,24,-4,53,5,1801,0,73,24
03-22-21,Putnam,10860,27,8882,12,1978,15,10642,12,69055,31,79697,43,1,173,0,124,26,10563,0,204,173
03-22-21,Rhea,4218,4,3656,2,562,2,4090,2,25754,15,29844,17,0,75,-2,22,6,4121,0,83,75
03-22-21,Roane,6035,0,4699,0,1336,0,5237,0,41715,57,46952,57,0,97,-7,29,7,5909,0,143,101
03-22-21,Robertson,9235,16,7301,4,1934,12,8222,5,41838,48,50060,53,1,125,6,119,9,8991,0,413,126
03-22-21,Rutherford,40111,71,34533,60,5578,11,40152,65,224601,279,264753,344,2,400,-24,653,93,39058,4,579,407
03-22-21,Scott,2955,8,1658,1,1297,7,1773,1,11100,12,12873,13,0,44,5,57,3,2854,0,61,44
03-22-21,Sequatchie,1609,1,1274,1,335,0,1391,1,11522,2,12913,3,-1,26,-4,22,6,1561,0,37,27
03-22-21,Sevier,12629,37,10960,21,1669,16,12038,25,64102,138,76140,163,1,168,15,307,21,12154,0,273,172
03-22-21,Shelby,89445,76,83111,59,6334,17,102419,86,921485,1749,1023904,1835,2,1538,-13,926,87,86981,4,3447,1570
03-22-21,Smith,2645,7,2010,1,635,6,2518,1,13034,11,15552,12,0,36,1,46,6,2563,0,57,37
03-22-21,Stewart,1265,0,957,0,308,0,1083,0,6650,10,7733,10,1,26,-3,2,2,1237,0,24,26
03-22-21,Sullivan,15074,52,13100,38,1974,14,14186,42,84368,167,98554,209,1,280,-3,360,54,14434,1,724,281
03-22-21,Sumner,22163,45,19713,30,2450,15,22299,34,115526,137,137825,171,3,330,6,238,36,21595,0,696,333
03-22-21,Tipton,7065,4,4921,0,2144,4,5955,2,45718,80,51673,82,0,104,-4,49,8,6912,0,148,100
03-22-21,Trousdale,2436,3,2298,2,138,1,2460,2,8909,3,11369,5,0,22,-2,23,5,2391,0,40,22
03-22-21,Unicoi,1852,1,1434,0,418,1,1581,0,12821,12,14402,12,1,48,-1,30,1,1774,0,65,49
03-22-21,Union,1808,2,1532,1,276,1,1651,1,10162,7,11813,8,0,34,-2,34,4,1740,0,56,34
03-22-21,Van Buren,811,1,675,1,136,0,746,2,5214,2,5960,4,1,21,-1,7,1,783,0,20,21
03-22-21,Warren,5391,2,4607,1,784,1,5217,1,31888,30,37105,31,0,80,-1,36,3,5275,0,82,81
03-22-21,Washington,13158,22,11318,11,1840,11,12499,14,79884,70,92383,84,0,236,1,234,21,12688,1,341,235
03-22-21,Wayne,2918,2,2355,1,563,1,2590,1,11083,13,13673,14,0,33,-2,22,4,2863,1,61,33
03-22-21,Weakley,3872,9,2889,2,983,7,3312,3,21141,10,24453,13,0,60,7,53,2,3759,1,62,60
03-22-21,White,3447,7,2839,2,608,5,3469,2,22236,21,25705,23,1,68,0,29,6,3350,1,107,68
03-22-21,Williamson,26191,48,22182,32,4009,16,24614,37,175851,229,200465,266,0,210,3,281,45,25700,0,286,212
03-22-21,Wilson,17271,35,15542,30,1729,5,17690,32,98655,183,116345,215,2,216,-15,160,48,16895,0,328,218
03-21-21,Anderson,8351,10,6285,6,2066,4,7026,6,60366,64,67392,70,0,160,-5,187,15,8004,0,205,166
03-21-21,Bedford,6062,10,4845,9,1217,1,5575,9,30368,38,35943,47,0,123,3,177,7,5762,0,129,122
03-21-21,Benton,1540,2,1234,0,306,2,1364,0,8760,7,10124,7,0,39,-1,23,3,1478,0,35,40
03-21-21,Bledsoe,2052,4,1867,4,185,0,1982,4,15024,95,17006,99,0,10,4,23,0,2019,0,32,11
03-21-21,Blount,14531,18,12460,16,2071,2,13720,18,70652,109,84372,127,0,189,-1,111,19,14231,0,329,191
03-21-21,Bradley,13725,18,11318,10,2407,8,12816,11,63019,70,75835,81,0,142,-14,415,32,13168,0,575,143
03-21-21,Campbell,3954,3,2211,2,1743,1,2487,2,24384,13,26871,15,0,59,-2,68,5,3827,0,119,61
03-21-21,Cannon,1834,2,1478,2,356,0,1648,2,8939,10,10587,12,0,31,1,40,1,1763,0,37,31
03-21-21,Carroll,3508,2,2310,2,1198,0,2742,4,19130,12,21872,16,0,81,2,8,0,3419,0,78,82
03-21-21,Carter,6095,8,5329,5,766,3,5855,6,36089,31,41944,37,0,155,7,71,1,5869,0,220,154
03-21-21,Cheatham,4159,9,3226,7,933,2,3650,7,26026,32,29676,39,0,47,1,134,8,3978,0,86,48
03-21-21,Chester,2052,0,1485,0,567,0,1771,0,11553,4,13324,4,0,48,-2,14,2,1990,0,39,48
03-21-21,Claiborne,2928,3,1891,1,1037,2,2025,1,23276,13,25301,14,0,71,-2,43,5,2814,0,91,72
03-21-21,Clay,1074,0,742,0,332,0,855,0,5479,1,6334,1,0,31,-1,1,1,1042,0,24,30
03-21-21,Cocke,4257,8,2837,6,1420,2,3134,6,20938,41,24072,47,0,96,1,164,7,3997,1,113,97
03-21-21,Coffee,6608,2,4608,1,2000,1,5626,1,44245,23,49871,24,0,117,-4,130,6,6361,0,120,117
03-21-21,Crockett,1975,1,1186,1,789,0,1383,1,7143,2,8526,3,0,48,1,-13,0,1940,0,30,48
03-21-21,Cumberland,6264,8,5229,4,1035,4,5987,3,47202,33,53189,36,0,123,2,105,6,6036,0,151,126
03-21-21,Davidson,84035,80,78970,60,5065,20,95937,64,918055,2100,1013992,2164,0,880,11,1150,69,82005,1,1904,895
03-21-21,Decatur,1554,0,1158,0,396,0,1375,0,10791,4,12166,4,0,37,-1,8,1,1509,0,39,38
03-21-21,Dekalb,2710,1,2011,1,699,0,2326,1,16482,12,18808,13,0,52,0,19,1,2639,0,55,52
03-21-21,Dickson,6419,0,4623,0,1796,0,5474,0,33811,32,39285,32,0,107,-6,63,6,6249,0,117,107
03-21-21,Dyer,5290,0,3498,0,1792,0,3947,0,21215,3,25162,3,0,103,-3,28,3,5159,0,106,103
03-21-21,Fayette,4745,1,4089,0,656,1,5028,0,36099,42,41127,42,0,75,-2,47,3,4623,0,125,75
03-21-21,Fentress,2336,2,2025,1,311,1,2313,1,12689,1,15002,2,0,45,2,19,0,2272,0,61,45
03-21-21,Franklin,4915,6,4113,6,802,0,4822,7,35882,30,40704,37,0,87,-4,106,10,4722,0,105,87
03-21-21,Gibson,6231,1,3768,1,2463,0,4570,2,28571,23,33141,25,0,141,0,25,1,6065,0,106,142
03-21-21,Giles,3804,6,3171,6,633,0,3642,5,22196,16,25838,21,0,98,3,29,3,3677,0,110,98
03-21-21,Grainger,2497,0,1867,0,630,0,2092,0,13576,6,15668,6,0,47,-2,39,2,2411,0,68,49
03-21-21,Greene,7411,6,5882,5,1529,1,6602,5,46516,89,53118,94,0,149,0,69,6,7193,0,178,149
03-21-21,Grundy,1731,2,1450,1,281,1,1661,1,8522,14,10183,15,0,30,1,11,1,1690,0,55,30
03-21-21,Hamblen,8261,11,5827,8,2434,3,6537,5,44802,34,51339,39,0,169,5,113,6,7979,0,252,169
03-21-21,Hamilton,41746,31,36074,21,5672,10,40351,32,306449,165,346800,197,0,468,-19,579,50,40699,0,1107,473
03-21-21,Hancock,518,0,366,0,152,0,391,0,3749,1,4140,1,0,12,0,8,0,498,0,20,12
03-21-21,Hardeman,3410,1,2762,1,648,0,3229,1,24282,18,27511,19,0,63,1,6,0,3341,0,101,63
03-21-21,Hardin,3370,0,2301,0,1069,0,2744,1,22637,18,25381,19,0,64,-1,45,1,3261,0,64,65
03-21-21,Hawkins,5453,5,4459,3,994,2,4820,4,32977,39,37797,43,0,102,-5,113,10,5238,0,143,103
03-21-21,Haywood,2658,0,2231,0,427,0,2545,0,13310,5,15855,5,0,60,0,5,0,2593,0,81,60
03-21-21,Henderson,3648,1,2547,1,1101,0,3193,0,15735,7,18928,7,0,74,1,12,0,3562,0,76,74
03-21-21,Henry,3051,0,2376,0,675,0,2744,0,17395,5,20139,5,0,76,-1,14,1,2961,0,74,75
03-21-21,Hickman,2725,2,2201,2,524,0,2545,2,15872,34,18417,36,0,43,-2,34,4,2648,0,55,44
03-21-21,Houston,1053,0,794,0,259,0,906,0,9248,5,10154,5,0,33,0,7,0,1013,0,39,33
03-21-21,Humphreys,1593,2,1038,1,555,1,1215,2,11171,10,12386,12,0,21,2,19,0,1553,0,31,21
03-21-21,Jackson,1273,1,999,1,274,0,1166,1,5320,6,6486,7,0,35,1,15,0,1223,0,39,35
03-21-21,Jefferson,5854,3,4062,0,1792,3,4593,2,37406,40,41999,42,0,121,-3,84,6,5649,0,178,120
03-21-21,Johnson,2202,3,1965,3,237,0,2094,3,14684,11,16778,14,0,38,3,22,0,2142,0,58,38
03-21-21,Knox,47852,50,40362,32,7490,18,44156,33,310464,337,354620,370,0,602,4,531,46,46719,1,1313,604
03-21-21,Lake,1681,0,1495,0,186,0,1761,0,9750,2,11511,2,0,26,0,-1,0,1656,0,25,26
03-21-21,Lauderdale,3099,0,2418,0,681,0,2778,0,20359,10,23137,10,0,44,0,2,0,3053,0,82,43
03-21-21,Lawrence,5633,2,4410,2,1223,0,4855,2,28226,19,33081,21,0,86,1,37,1,5510,0,143,86
03-21-21,Lewis,1500,0,1152,0,348,0,1247,0,9742,7,10989,7,0,25,-1,17,1,1458,0,41,25
03-21-21,Lincoln,4192,2,3264,0,928,2,3710,0,17066,6,20776,6,0,62,0,27,2,4103,0,80,60
03-21-21,Loudon,5852,11,4534,7,1318,4,4958,6,30167,25,35125,31,0,68,2,59,9,5725,0,132,69
03-21-21,Macon,3433,1,2692,1,741,0,3166,1,15513,4,18679,5,0,74,0,39,1,3320,0,118,74
03-21-21,Madison,10298,4,5777,4,4521,0,7042,5,53119,39,60161,44,0,236,2,-550,2,10612,0,336,237
03-21-21,Marion,3028,1,2588,1,440,0,2884,1,18278,13,21162,14,0,45,-3,30,4,2953,0,109,46
03-21-21,Marshall,3988,4,3188,2,800,2,3597,1,22363,16,25960,17,0,57,3,54,1,3877,0,86,57
03-21-21,Maury,12516,13,11085,12,1431,1,12235,10,70596,74,82831,84,0,162,-6,86,19,12268,0,281,161
03-21-21,McMinn,6107,6,5445,3,662,3,6004,3,41151,54,47155,57,0,94,2,89,4,5924,0,150,96
03-21-21,McNairy,2715,1,1931,1,784,0,2348,1,17703,5,20051,6,0,53,0,-6,1,2668,0,63,54
03-21-21,Meigs,1293,1,1170,1,123,0,1299,1,7755,8,9054,9,0,23,0,13,1,1257,1,40,23
03-21-21,Monroe,5503,3,4366,3,1137,0,4904,2,26130,36,31034,38,0,93,-3,69,6,5341,0,150,94
03-21-21,Montgomery,18008,15,13209,12,4799,3,14526,15,107987,141,122513,156,0,214,1,-35,14,17829,0,298,221
03-21-21,Moore,962,0,745,0,217,0,842,0,4679,0,5521,0,0,17,0,15,0,930,0,16,17
03-21-21,Morgan,2354,5,1753,3,601,2,1902,3,14790,30,16692,33,0,38,2,23,3,2293,0,38,39
03-21-21,Obion,4407,1,3277,1,1130,0,3711,1,21791,16,25502,17,0,95,-1,24,2,4288,0,98,96
03-21-21,Out of State,17009,11,13590,10,3419,1,15344,10,600369,601,615713,611,0,103,-1,206,12,16700,0,206,96
03-21-21,Overton,2905,1,2190,0,715,1,2575,0,14567,6,17142,6,0,58,-2,24,3,2823,0,63,60
03-21-21,Pending,15818,10,10217,6,5601,4,11353,10,388966,518,400319,528,0,129,-4,96,14,15593,0,136,130
03-21-21,Perry,1049,2,903,2,146,0,1016,2,5971,8,6987,10,0,28,2,6,0,1015,0,28,28
03-21-21,Pickett,748,0,493,0,255,0,595,0,3810,0,4405,0,0,23,0,3,0,722,0,28,24
03-21-21,Polk,1877,1,1693,1,184,0,1869,1,9023,11,10892,12,0,24,-1,57,2,1796,0,73,24
03-21-21,Putnam,10833,3,8870,1,1963,2,10630,0,69024,41,79654,41,0,172,-1,124,4,10537,0,204,173
03-21-21,Rhea,4214,3,3654,2,560,1,4088,2,25739,10,29827,12,0,75,-2,24,5,4115,0,83,75
03-21-21,Roane,6035,1,4699,1,1336,0,5237,2,41658,62,46895,64,0,97,-3,36,4,5902,0,143,101
03-21-21,Robertson,9219,9,7297,8,1922,1,8217,9,41790,53,50007,62,0,124,0,113,9,8982,0,413,126
03-21-21,Rutherford,40040,54,34473,41,5567,13,40087,47,224322,288,264409,335,0,398,-13,677,67,38965,0,575,407
03-21-21,Scott,2947,1,1657,0,1290,1,1772,0,11088,6,12860,6,0,44,-2,52,3,2851,0,61,44
03-21-21,Sequatchie,1608,1,1273,1,335,0,1390,1,11520,8,12910,9,0,27,1,26,0,1555,0,37,27
03-21-21,Sevier,12592,15,10939,11,1653,4,12013,10,63964,74,75977,84,0,167,-8,292,23,12133,1,273,170
03-21-21,Shelby,89369,94,83052,73,6317,21,102333,92,919736,1231,1022069,1323,0,1536,22,939,72,86894,2,3443,1569
03-21-21,Smith,2638,1,2009,1,629,0,2517,1,13023,13,15540,14,0,36,0,45,1,2557,0,57,37
03-21-21,Stewart,1265,1,957,1,308,0,1083,1,6640,5,7723,6,0,25,-1,5,2,1235,0,24,26
03-21-21,Sullivan,15022,27,13062,21,1960,6,14144,25,84201,181,98345,206,0,279,16,363,11,14380,0,723,281
03-21-21,Sumner,22118,16,19683,10,2435,6,22265,12,115389,131,137654,143,0,327,-9,232,25,21559,0,696,332
03-21-21,Tipton,7061,9,4921,6,2140,3,5953,7,45638,27,51591,34,0,104,3,53,6,6904,0,148,100
03-21-21,Trousdale,2433,1,2296,1,137,0,2458,1,8906,15,11364,16,0,22,1,25,0,2386,0,40,22
03-21-21,Unicoi,1851,2,1434,2,417,0,1581,2,12809,8,14390,10,0,47,2,31,0,1773,0,65,49
03-21-21,Union,1806,4,1531,1,275,3,1650,1,10155,6,11805,7,0,34,4,36,0,1736,0,56,34
03-21-21,Van Buren,810,0,674,0,136,0,744,0,5212,1,5956,1,0,20,0,8,0,782,0,20,21
03-21-21,Warren,5389,3,4606,1,783,2,5216,1,31858,22,37074,23,0,80,2,37,1,5272,0,82,81
03-21-21,Washington,13136,11,11307,11,1829,0,12485,11,79814,103,92299,114,0,236,-2,233,13,12667,0,340,235
03-21-21,Wayne,2916,0,2354,0,562,0,2589,0,11070,23,13659,23,0,33,-1,24,1,2859,0,60,33
03-21-21,Weakley,3863,7,2887,5,976,2,3309,5,21131,13,24440,18,0,60,1,46,6,3757,0,61,60
03-21-21,White,3440,2,2837,1,603,1,3467,1,22215,16,25682,17,0,67,1,29,1,3344,0,106,68
03-21-21,Williamson,26143,44,22150,36,3993,8,24577,36,175622,242,200199,278,0,210,24,278,20,25655,0,286,211
03-21-21,Wilson,17236,30,15512,25,1724,5,17658,26,98472,327,116130,353,0,214,-4,175,34,16847,0,328,218
03-20-21,Anderson,8341,12,6279,5,2062,7,7020,7,60302,37,67322,44,0,160,3,192,9,7989,1,205,166
03-20-21,Bedford,6052,11,4836,11,1216,0,5566,11,30330,56,35896,67,0,123,1,174,10,5755,0,129,122
03-20-21,Benton,1538,2,1234,0,304,2,1364,0,8753,4,10117,4,0,39,1,24,1,1475,0,35,40
03-20-21,Bledsoe,2048,0,1863,0,185,0,1978,0,14929,14,16907,14,0,10,-1,19,1,2019,0,32,11
03-20-21,Blount,14513,13,12444,9,2069,4,13702,12,70543,101,84245,113,0,189,-6,112,19,14212,1,329,189
03-20-21,Bradley,13707,20,11308,10,2399,10,12805,15,62949,130,75754,145,0,142,3,429,17,13136,1,575,143
03-20-21,Campbell,3951,5,2209,1,1742,4,2485,1,24371,19,26856,20,0,59,0,70,5,3822,0,119,61
03-20-21,Cannon,1832,3,1476,3,356,0,1646,3,8929,13,10575,16,0,31,2,39,1,1762,0,37,31
03-20-21,Carroll,3506,0,2308,0,1198,0,2738,0,19118,10,21856,10,0,81,-2,6,2,3419,0,78,82
03-20-21,Carter,6087,5,5324,5,763,0,5849,5,36058,39,41907,44,0,155,2,64,3,5868,1,220,154
03-20-21,Cheatham,4150,3,3219,1,931,2,3643,1,25994,27,29637,28,0,47,-3,133,6,3970,0,86,48
03-20-21,Chester,2052,1,1485,0,567,1,1771,0,11549,5,13320,5,0,48,0,16,1,1988,0,39,48
03-20-21,Claiborne,2925,1,1890,1,1035,0,2024,1,23263,19,25287,20,0,71,-1,45,2,2809,0,91,72
03-20-21,Clay,1074,0,742,0,332,0,855,0,5478,4,6333,4,0,31,0,2,0,1041,0,24,30
03-20-21,Cocke,4249,3,2831,3,1418,0,3128,3,20897,38,24025,41,0,96,-3,163,6,3990,0,112,97
03-20-21,Coffee,6606,12,4607,12,1999,0,5625,12,44222,49,49847,61,0,117,2,134,10,6355,0,120,117
03-20-21,Crockett,1974,0,1185,0,789,0,1382,0,7141,9,8523,9,0,48,0,-14,0,1940,0,30,48
03-20-21,Cumberland,6256,9,5225,6,1031,3,5984,6,47169,35,53153,41,0,123,7,103,2,6030,0,151,126
03-20-21,Davidson,83955,91,78910,74,5045,17,95873,79,915955,1252,1011828,1331,-1,880,10,1139,82,81936,1,1903,895
03-20-21,Decatur,1554,0,1158,0,396,0,1375,0,10787,5,12162,5,0,37,0,9,0,1508,0,39,38
03-20-21,Dekalb,2709,3,2010,1,699,2,2325,1,16470,16,18795,17,0,52,0,19,3,2638,0,55,52
03-20-21,Dickson,6419,5,4623,0,1796,5,5474,0,33779,25,39253,25,0,107,1,69,4,6243,0,117,107
03-20-21,Dyer,5290,1,3498,1,1792,0,3947,1,21212,14,25159,15,0,103,-2,31,3,5156,0,106,103
03-20-21,Fayette,4744,1,4089,0,655,1,5028,4,36057,73,41085,77,0,75,0,49,1,4620,0,125,75
03-20-21,Fentress,2334,1,2024,0,310,1,2312,1,12688,29,15000,30,0,45,1,17,0,2272,0,61,45
03-20-21,Franklin,4909,4,4107,3,802,1,4815,3,35852,22,40667,25,0,87,0,110,4,4712,0,105,87
03-20-21,Gibson,6230,0,3767,0,2463,0,4568,0,28548,32,33116,32,0,141,-3,25,3,6064,0,106,142
03-20-21,Giles,3798,0,3165,0,633,0,3637,0,22180,18,25817,18,0,98,-2,26,2,3674,0,110,98
03-20-21,Grainger,2497,3,1867,1,630,2,2092,1,13570,10,15662,11,0,47,1,41,2,2409,1,68,49
03-20-21,Greene,7405,1,5877,1,1528,0,6597,1,46427,81,53024,82,0,149,-4,69,5,7187,0,178,149
03-20-21,Grundy,1729,0,1449,0,280,0,1660,0,8508,5,10168,5,0,30,-2,10,2,1689,0,55,30
03-20-21,Hamblen,8250,6,5819,1,2431,5,6532,1,44768,37,51300,38,0,169,0,108,6,7973,0,252,168
03-20-21,Hamilton,41715,43,36053,25,5662,18,40319,29,306284,331,346603,360,-1,468,-20,598,64,40649,0,1107,473
03-20-21,Hancock,518,2,366,1,152,1,391,1,3748,2,4139,3,0,12,0,8,2,498,0,20,12
03-20-21,Hardeman,3409,0,2761,0,648,0,3228,0,24264,24,27492,24,0,63,-1,5,1,3341,0,101,63
03-20-21,Hardin,3370,3,2301,2,1069,1,2743,2,22619,29,25362,31,0,64,1,46,2,3260,1,64,64
03-20-21,Hawkins,5448,6,4456,5,992,1,4816,6,32938,97,37754,103,0,102,-6,118,12,5228,0,143,103
03-20-21,Haywood,2658,0,2231,0,427,0,2545,0,13305,6,15850,6,0,60,0,5,0,2593,0,81,60
03-20-21,Henderson,3647,1,2546,0,1101,1,3193,0,15728,16,18921,16,0,74,1,11,0,3562,0,76,74
03-20-21,Henry,3051,4,2376,2,675,2,2744,2,17390,7,20134,9,0,76,4,15,0,2960,0,74,75
03-20-21,Hickman,2723,2,2199,2,524,0,2543,2,15838,20,18381,22,0,43,0,36,2,2644,0,55,43
03-20-21,Houston,1053,1,794,0,259,1,906,0,9243,5,10149,5,0,33,1,7,0,1013,0,39,33
03-20-21,Humphreys,1591,1,1037,1,554,0,1213,1,11161,5,12374,6,0,21,-1,17,2,1553,0,31,21
03-20-21,Jackson,1272,1,998,1,274,0,1165,1,5314,1,6479,2,0,35,1,14,0,1223,0,39,35
03-20-21,Jefferson,5851,6,4062,3,1789,3,4591,1,37366,50,41957,51,0,121,-1,87,7,5643,1,178,120
03-20-21,Johnson,2199,3,1962,3,237,0,2091,3,14673,26,16764,29,0,38,2,19,1,2142,0,58,38
03-20-21,Knox,47802,58,40330,28,7472,30,44123,31,310127,308,354250,339,0,602,3,527,55,46673,4,1312,603
03-20-21,Lake,1681,0,1495,0,186,0,1761,0,9748,6,11509,6,0,26,0,-1,0,1656,0,25,26
03-20-21,Lauderdale,3099,0,2418,0,681,0,2778,0,20349,25,23127,25,0,44,-1,2,1,3053,0,82,43
03-20-21,Lawrence,5631,3,4408,2,1223,1,4853,2,28207,28,33060,30,0,86,1,36,2,5509,0,143,86
03-20-21,Lewis,1500,3,1152,0,348,3,1247,1,9735,9,10982,10,0,25,2,18,1,1457,0,41,25
03-20-21,Lincoln,4190,6,3264,2,926,4,3710,2,17060,23,20770,25,0,62,6,27,0,4101,0,80,60
03-20-21,Loudon,5841,5,4527,2,1314,3,4952,2,30142,26,35094,28,0,68,-3,57,8,5716,0,132,69
03-20-21,Macon,3432,2,2691,1,741,1,3165,0,15509,26,18674,26,0,74,0,39,2,3319,0,118,74
03-20-21,Madison,10294,6,5773,4,4521,2,7037,4,53080,40,60117,44,0,236,-1,-552,7,10610,0,336,237
03-20-21,Marion,3027,2,2587,2,440,0,2883,2,18265,52,21148,54,0,45,1,33,1,2949,0,109,46
03-20-21,Marshall,3984,4,3186,2,798,2,3596,3,22347,24,25943,27,0,57,-1,51,5,3876,0,86,57
03-20-21,Maury,12503,10,11073,10,1430,0,12225,10,70522,79,82747,89,0,162,-2,92,12,12249,0,281,161
03-20-21,McMinn,6101,1,5442,1,659,0,6001,1,41097,56,47098,57,0,94,-3,87,4,5920,1,150,96
03-20-21,McNairy,2714,0,1930,0,784,0,2347,0,17698,17,20045,17,0,53,0,-6,0,2667,0,63,54
03-20-21,Meigs,1292,0,1169,0,123,0,1298,0,7747,7,9045,7,0,23,-2,13,2,1256,0,39,23
03-20-21,Monroe,5500,1,4363,1,1137,0,4902,1,26094,20,30996,21,0,93,-4,72,5,5335,0,150,94
03-20-21,Montgomery,17993,25,13197,17,4796,8,14511,18,107846,166,122357,184,0,214,8,-36,17,17815,0,298,221
03-20-21,Moore,962,3,745,2,217,1,842,2,4679,3,5521,5,0,17,2,15,1,930,0,16,17
03-20-21,Morgan,2349,5,1750,3,599,2,1899,3,14760,14,16659,17,0,38,4,21,1,2290,0,38,39
03-20-21,Obion,4406,4,3276,3,1130,1,3710,3,21775,24,25485,27,0,95,1,25,3,4286,0,98,96
03-20-21,Out of State,16998,16,13580,15,3418,1,15334,16,599768,976,615102,992,0,103,1,207,15,16688,0,206,96
03-20-21,Overton,2904,1,2190,1,714,0,2575,1,14561,17,17136,18,0,58,-2,26,3,2820,0,63,60
03-20-21,Pending,15808,9,10211,3,5597,6,11343,4,388448,512,399791,516,0,129,-7,100,16,15579,1,136,130
03-20-21,Perry,1047,0,901,0,146,0,1014,0,5963,6,6977,6,0,28,0,4,0,1015,0,28,28
03-20-21,Pickett,748,0,493,0,255,0,595,0,3810,3,4405,3,0,23,0,3,0,722,0,28,24
03-20-21,Polk,1876,0,1692,0,184,0,1868,1,9012,21,10880,22,0,24,-4,58,4,1794,0,73,24
03-20-21,Putnam,10830,4,8869,2,1961,2,10630,2,68983,73,79613,75,0,172,-11,125,15,10533,0,204,173
03-20-21,Rhea,4211,1,3652,0,559,1,4086,0,25729,19,29815,19,0,75,-4,26,5,4110,0,83,75
03-20-21,Roane,6034,1,4698,0,1336,1,5235,0,41596,22,46831,22,0,97,-2,39,3,5898,0,143,100
03-20-21,Robertson,9210,8,7289,6,1921,2,8208,8,41737,37,49945,45,0,124,-3,113,11,8973,0,413,126
03-20-21,Rutherford,39986,59,34432,37,5554,22,40040,35,224034,404,264074,439,0,398,16,690,43,38898,0,575,406
03-20-21,Scott,2946,1,1657,1,1289,0,1772,1,11082,12,12854,13,0,44,0,54,1,2848,0,61,44
03-20-21,Sequatchie,1607,1,1272,1,335,0,1389,1,11512,16,12901,17,1,27,-4,25,4,1555,0,37,27
03-20-21,Sevier,12577,8,10928,6,1649,2,12003,5,63890,92,75893,97,1,167,-13,300,20,12110,0,272,169
03-20-21,Shelby,89275,91,82979,75,6296,16,102241,83,918505,1940,1020746,2023,0,1536,30,917,61,86822,1,3441,1566
03-20-21,Smith,2637,0,2008,0,629,0,2516,0,13010,69,15526,69,0,36,-4,45,4,2556,0,57,37
03-20-21,Stewart,1264,1,956,1,308,0,1082,1,6635,12,7717,13,0,25,0,6,1,1233,0,24,26
03-20-21,Sullivan,14995,27,13041,21,1954,6,14119,21,84020,238,98139,259,0,279,12,347,15,14369,0,723,281
03-20-21,Sumner,22102,21,19673,17,2429,4,22253,14,115258,194,137511,208,0,327,1,241,20,21534,2,696,332
03-20-21,Tipton,7052,3,4915,2,2137,1,5946,3,45611,59,51557,62,0,104,-1,50,4,6898,0,148,100
03-20-21,Trousdale,2432,1,2295,1,137,0,2457,1,8891,13,11348,14,0,22,0,24,1,2386,0,40,22
03-20-21,Unicoi,1849,2,1432,2,417,0,1579,1,12801,16,14380,17,0,47,1,29,1,1773,0,65,49
03-20-21,Union,1802,6,1530,2,272,4,1649,2,10149,15,11798,17,0,34,6,32,0,1736,0,56,34
03-20-21,Van Buren,810,1,674,1,136,0,744,1,5211,4,5955,5,0,20,0,8,1,782,0,20,21
03-20-21,Warren,5386,0,4605,0,781,0,5215,0,31836,38,37051,38,1,80,-7,35,6,5271,0,82,81
03-20-21,Washington,13125,16,11296,16,1829,0,12474,19,79711,118,92185,137,1,236,0,235,15,12654,0,340,235
03-20-21,Wayne,2916,1,2354,1,562,0,2589,1,11047,10,13636,11,2,33,-2,25,1,2858,0,60,33
03-20-21,Weakley,3856,2,2882,1,974,1,3304,1,21118,13,24422,14,0,60,0,45,2,3751,0,61,60
03-20-21,White,3438,2,2836,1,602,1,3466,1,22199,24,25665,25,0,67,0,28,2,3343,0,106,68
03-20-21,Williamson,26099,26,22114,16,3985,10,24541,16,175380,218,199921,234,0,210,3,254,23,25635,0,286,211
03-20-21,Wilson,17206,19,15487,15,1719,4,17632,16,98145,148,115777,164,0,214,-27,179,46,16813,0,328,217
03-19-21,Anderson,8329,25,6274,15,2055,10,7013,11,60265,119,67278,130,0,160,13,189,12,7980,1,204,166
03-19-21,Bedford,6041,34,4825,16,1216,18,5555,16,30274,98,35829,114,1,123,20,173,13,5745,0,129,122
03-19-21,Benton,1536,2,1234,1,302,1,1364,1,8749,24,10113,25,0,39,2,23,0,1474,0,35,40
03-19-21,Bledsoe,2048,1,1863,0,185,1,1978,0,14915,25,16893,25,0,10,-3,20,4,2018,0,32,11
03-19-21,Blount,14500,54,12435,32,2065,22,13690,35,70442,200,84132,235,3,189,31,118,20,14193,0,328,188
03-19-21,Bradley,13687,47,11298,36,2389,11,12790,42,62819,179,75609,221,0,142,3,426,44,13119,3,574,143
03-19-21,Campbell,3946,6,2208,6,1738,0,2484,6,24352,40,26836,46,0,59,-8,70,14,3817,0,119,61
03-19-21,Cannon,1829,5,1473,4,356,1,1643,4,8916,33,10559,37,0,31,3,37,2,1761,0,37,31
03-19-21,Carroll,3506,1,2308,1,1198,0,2738,1,19108,25,21846,26,0,81,-2,8,3,3417,0,78,82
03-19-21,Carter,6082,11,5319,6,763,5,5844,5,36019,101,41863,106,0,155,5,62,6,5865,1,219,154
03-19-21,Cheatham,4147,22,3218,11,929,11,3642,14,25967,88,29609,102,0,47,9,136,13,3964,0,86,48
03-19-21,Chester,2051,3,1485,0,566,3,1771,0,11544,17,13315,17,0,48,3,16,0,1987,0,39,48
03-19-21,Claiborne,2924,4,1889,3,1035,1,2023,3,23244,98,25267,101,0,71,-5,46,9,2807,0,91,72
03-19-21,Clay,1074,2,742,2,332,0,855,3,5474,6,6329,9,0,31,2,2,0,1041,0,24,30
03-19-21,Cocke,4246,22,2828,8,1418,14,3125,8,20859,96,23984,104,0,96,11,166,11,3984,1,112,97
03-19-21,Coffee,6594,17,4595,10,1999,7,5613,7,44173,82,49786,89,0,117,5,132,12,6345,0,120,117
03-19-21,Crockett,1974,0,1185,0,789,0,1382,0,7132,11,8514,11,0,48,0,-14,0,1940,0,30,48
03-19-21,Cumberland,6247,15,5219,4,1028,11,5978,8,47134,151,53112,159,0,123,11,96,4,6028,1,151,126
03-19-21,Davidson,83864,207,78836,153,5028,54,95794,181,914703,3922,1010497,4103,4,881,57,1129,146,81854,3,1902,895
03-19-21,Decatur,1554,1,1158,0,396,1,1375,0,10782,10,12157,10,0,37,1,9,0,1508,0,39,38
03-19-21,Dekalb,2706,4,2009,1,697,3,2324,3,16454,33,18778,36,0,52,0,19,4,2635,0,55,52
03-19-21,Dickson,6414,19,4623,9,1791,10,5474,10,33754,81,39228,91,0,107,10,68,9,6239,0,117,107
03-19-21,Dyer,5289,5,3497,3,1792,2,3946,4,21198,33,25144,37,0,103,2,33,3,5153,0,106,103
03-19-21,Fayette,4743,9,4089,7,654,2,5024,8,35984,86,41008,94,0,75,7,49,2,4619,1,125,75
03-19-21,Fentress,2333,7,2024,6,309,1,2311,6,12659,158,14970,164,0,45,4,16,3,2272,2,61,45
03-19-21,Franklin,4905,25,4104,14,801,11,4812,13,35830,64,40642,77,0,87,14,110,11,4708,0,105,87
03-19-21,Gibson,6230,4,3767,1,2463,3,4568,1,28516,52,33084,53,0,141,2,28,2,6061,0,106,142
03-19-21,Giles,3798,2,3165,2,633,0,3637,3,22162,44,25799,47,1,98,-3,28,4,3672,0,110,98
03-19-21,Grainger,2494,9,1866,4,628,5,2091,6,13560,57,15651,63,0,47,7,40,2,2407,0,67,49
03-19-21,Greene,7404,19,5876,13,1528,6,6596,14,46346,273,52942,287,0,149,13,73,6,7182,1,178,149
03-19-21,Grundy,1729,2,1449,1,280,1,1660,1,8503,24,10163,25,0,30,-3,12,5,1687,0,55,30
03-19-21,Hamblen,8244,20,5818,6,2426,14,6531,7,44731,98,51262,105,0,169,13,108,7,7967,0,252,168
03-19-21,Hamilton,41672,125,36028,92,5644,33,40290,94,305953,806,346243,900,4,469,53,618,68,40585,2,1107,473
03-19-21,Hancock,516,2,365,1,151,1,390,0,3746,12,4136,12,0,12,1,8,1,496,0,20,12
03-19-21,Hardeman,3409,3,2761,1,648,2,3228,1,24240,32,27468,33,0,63,0,6,3,3340,0,101,63
03-19-21,Hardin,3367,14,2299,7,1068,7,2741,9,22590,50,25331,59,0,64,13,45,1,3258,0,63,64
03-19-21,Hawkins,5442,34,4451,27,991,7,4810,28,32841,171,37651,199,1,102,18,124,15,5216,0,143,103
03-19-21,Haywood,2658,1,2231,1,427,0,2545,1,13299,25,15844,26,0,60,1,5,0,2593,0,81,60
03-19-21,Henderson,3646,2,2546,2,1100,0,3193,2,15712,17,18905,19,0,74,2,10,0,3562,0,76,74
03-19-21,Henry,3047,4,2374,2,673,2,2742,2,17383,32,20125,34,1,76,-1,11,4,2960,0,74,75
03-19-21,Hickman,2721,3,2197,2,524,1,2541,3,15818,36,18359,39,0,43,-1,36,4,2642,0,55,43
03-19-21,Houston,1052,5,794,5,258,0,906,5,9238,13,10144,18,0,33,4,6,1,1013,0,39,33
03-19-21,Humphreys,1590,4,1036,3,554,1,1212,3,11156,19,12368,22,0,21,4,18,0,1551,0,31,21
03-19-21,Jackson,1271,3,997,0,274,3,1164,0,5313,11,6477,11,1,35,1,13,1,1223,0,39,35
03-19-21,Jefferson,5845,11,4059,8,1786,3,4590,8,37316,201,41906,209,0,121,5,88,6,5636,0,177,120
03-19-21,Johnson,2196,4,1959,1,237,3,2088,1,14647,42,16735,43,0,38,2,17,2,2141,0,58,38
03-19-21,Knox,47744,145,40302,101,7442,44,44092,112,309819,953,353911,1065,3,602,47,524,95,46618,2,1308,603
03-19-21,Lake,1681,0,1495,0,186,0,1761,0,9742,12,11503,12,0,26,0,-1,0,1656,0,25,26
03-19-21,Lauderdale,3099,0,2418,0,681,0,2778,0,20324,44,23102,44,0,44,-1,3,1,3052,0,82,43
03-19-21,Lawrence,5628,11,4406,9,1222,2,4851,9,28179,47,33030,56,0,86,7,35,4,5507,0,143,86
03-19-21,Lewis,1497,5,1152,0,345,5,1246,0,9726,5,10972,5,0,25,5,16,0,1456,0,41,25
03-19-21,Lincoln,4184,2,3262,2,922,0,3708,3,17037,29,20745,32,0,62,-2,21,4,4101,0,80,60
03-19-21,Loudon,5836,9,4525,8,1311,1,4950,8,30116,65,35066,73,0,68,6,60,3,5708,0,132,69
03-19-21,Macon,3430,16,2690,6,740,10,3165,6,15483,64,18648,70,0,74,14,39,2,3317,0,118,74
03-19-21,Madison,10288,10,5769,6,4519,4,7033,6,53040,106,60073,112,0,236,2,-551,8,10603,0,336,237
03-19-21,Marion,3025,7,2585,2,440,5,2881,1,18213,34,21094,35,0,45,3,32,4,2948,0,109,46
03-19-21,Marshall,3980,5,3184,0,796,5,3593,0,22323,46,25916,46,0,57,0,52,5,3871,0,86,57
03-19-21,Maury,12493,35,11063,17,1430,18,12215,19,70443,186,82658,205,0,162,18,94,17,12237,1,281,161
03-19-21,McMinn,6100,15,5441,13,659,2,6000,14,41041,187,47041,201,1,94,10,90,4,5916,0,149,96
03-19-21,McNairy,2714,4,1930,0,784,4,2347,1,17681,39,20028,40,0,53,4,-6,0,2667,0,63,54
03-19-21,Meigs,1292,6,1169,5,123,1,1298,5,7740,26,9038,31,0,23,5,15,1,1254,0,39,23
03-19-21,Monroe,5499,7,4362,6,1137,1,4901,8,26074,83,30975,91,1,93,-2,76,8,5330,0,150,94
03-19-21,Montgomery,17968,45,13180,29,4788,16,14493,32,107680,311,122173,343,1,214,12,-44,32,17798,0,298,221
03-19-21,Moore,959,2,743,0,216,2,840,0,4676,3,5516,3,0,17,2,13,0,929,0,16,17
03-19-21,Morgan,2344,2,1747,1,597,1,1896,1,14746,38,16642,39,0,38,-2,17,4,2289,0,38,39
03-19-21,Obion,4402,5,3273,4,1129,1,3707,4,21751,51,25458,55,0,95,4,24,1,4283,1,98,96
03-19-21,Out of State,16982,48,13565,35,3417,13,15318,38,598792,1855,614110,1893,0,103,30,206,18,16673,0,206,96
03-19-21,Overton,2903,6,2189,5,714,1,2574,6,14544,24,17118,30,0,58,3,28,3,2817,0,63,60
03-19-21,Pending,15799,24,10208,8,5591,16,11339,8,387936,1322,399275,1330,1,129,-6,107,29,15563,0,135,130
03-19-21,Perry,1047,1,901,1,146,0,1014,1,5957,5,6971,6,0,28,1,4,0,1015,0,28,28
03-19-21,Pickett,748,0,493,0,255,0,595,0,3807,11,4402,11,0,23,-2,3,2,722,0,28,24
03-19-21,Polk,1876,20,1692,17,184,3,1867,17,8991,29,10858,46,0,24,16,62,4,1790,2,73,24
03-19-21,Putnam,10826,10,8867,8,1959,2,10628,9,68910,219,79538,228,0,172,-9,136,19,10518,0,204,173
03-19-21,Rhea,4210,0,3652,0,558,0,4086,0,25710,30,29796,30,1,75,-3,30,2,4105,0,83,75
03-19-21,Roane,6033,8,4698,3,1335,5,5235,4,41574,84,46809,88,1,97,-1,41,8,5895,0,143,100
03-19-21,Robertson,9202,15,7283,14,1919,1,8200,14,41700,85,49900,99,0,124,4,116,11,8962,2,413,126
03-19-21,Rutherford,39927,117,34395,67,5532,50,40005,76,223630,834,263635,910,0,398,23,674,94,38855,0,575,404
03-19-21,Scott,2945,15,1656,2,1289,13,1771,2,11070,31,12841,33,0,44,13,54,2,2847,0,61,44
03-19-21,Sequatchie,1606,2,1271,1,335,1,1388,1,11496,24,12884,25,-1,26,0,29,3,1551,0,37,26
03-19-21,Sevier,12569,52,10922,37,1647,15,11998,39,63798,249,75796,288,0,166,34,313,18,12090,0,272,169
03-19-21,Shelby,89184,132,82904,115,6280,17,102158,134,916565,3679,1018723,3813,2,1536,41,887,89,86761,3,3440,1565
03-19-21,Smith,2637,5,2008,5,629,0,2516,9,12941,46,15457,55,0,36,3,49,2,2552,0,57,37
03-19-21,Stewart,1263,0,955,0,308,0,1081,0,6623,19,7704,19,0,25,-1,6,1,1232,0,24,25
03-19-21,Sullivan,14968,42,13020,31,1948,11,14098,34,83782,262,97880,296,0,279,18,335,24,14354,1,723,281
03-19-21,Sumner,22081,65,19656,44,2425,21,22239,48,115064,238,137303,286,0,327,38,240,27,21514,1,694,331
03-19-21,Tipton,7049,8,4913,3,2136,5,5943,4,45552,133,51495,137,0,104,4,51,4,6894,0,148,100
03-19-21,Trousdale,2431,4,2294,4,137,0,2456,4,8878,35,11334,39,0,22,3,24,1,2385,0,40,22
03-19-21,Unicoi,1847,4,1430,1,417,3,1578,0,12785,40,14363,40,0,47,2,28,2,1772,0,65,49
03-19-21,Union,1796,6,1528,6,268,0,1647,5,10134,16,11781,21,0,34,3,26,3,1736,0,56,34
03-19-21,Van Buren,809,3,673,3,136,0,743,3,5207,5,5950,8,0,20,2,8,1,781,0,20,21
03-19-21,Warren,5386,13,4605,10,781,3,5215,12,31798,63,37013,75,0,79,7,42,6,5265,1,82,81
03-19-21,Washington,13109,42,11280,32,1829,10,12455,35,79593,241,92048,276,0,235,27,235,15,12639,0,340,235
03-19-21,Wayne,2915,3,2353,0,562,3,2588,0,11037,20,13625,20,0,31,1,27,2,2857,0,60,33
03-19-21,Weakley,3854,4,2881,1,973,3,3303,1,21105,98,24408,99,0,60,4,45,0,3749,0,61,60
03-19-21,White,3436,2,2835,0,601,2,3465,1,22175,58,25640,59,0,67,-6,28,8,3341,0,106,68
03-19-21,Williamson,26073,83,22098,51,3975,32,24525,50,175162,381,199687,431,2,210,44,251,37,25612,0,286,211
03-19-21,Wilson,17187,59,15472,47,1715,12,17616,54,97997,461,115613,515,0,214,7,206,52,16767,2,328,217
03-18-21,Anderson,8304,17,6259,13,2045,4,7002,17,60146,81,67148,98,1,160,0,176,16,7968,0,203,166
03-18-21,Bedford,6007,30,4809,21,1198,9,5539,20,30176,87,35715,107,0,122,21,153,9,5732,0,129,122
03-18-21,Benton,1534,1,1233,0,301,1,1363,0,8725,18,10088,18,0,39,1,21,0,1474,0,35,40
03-18-21,Bledsoe,2047,7,1863,3,184,4,1978,3,14890,35,16868,38,0,10,7,23,0,2014,0,32,11
03-18-21,Blount,14446,24,12403,19,2043,5,13655,20,70242,179,83897,199,0,186,1,87,23,14173,0,328,188
03-18-21,Bradley,13640,66,11262,44,2378,22,12748,45,62640,134,75388,179,0,142,26,423,40,13075,6,571,143
03-18-21,Campbell,3940,1,2202,1,1738,0,2478,1,24312,15,26790,16,0,59,-2,78,3,3803,0,119,61
03-18-21,Cannon,1824,2,1469,2,355,0,1639,3,8883,13,10522,16,0,31,-7,34,9,1759,0,37,31
03-18-21,Carroll,3505,0,2307,0,1198,0,2737,0,19083,22,21820,22,0,81,-1,10,1,3414,0,78,82
03-18-21,Carter,6071,13,5313,12,758,1,5839,13,35918,71,41757,84,0,155,9,57,4,5859,0,218,154
03-18-21,Cheatham,4125,12,3207,9,918,3,3628,11,25879,81,29507,92,0,47,0,127,12,3951,0,86,48
03-18-21,Chester,2048,3,1485,3,563,0,1771,3,11527,76,13298,79,0,48,3,13,0,1987,0,39,48
03-18-21,Claiborne,2920,3,1886,0,1034,3,2020,0,23146,23,25166,23,0,71,-2,51,5,2798,0,91,72
03-18-21,Clay,1072,0,740,0,332,0,852,0,5468,3,6320,3,0,31,-1,0,1,1041,0,24,30
03-18-21,Cocke,4224,17,2820,4,1404,13,3117,5,20763,82,23880,87,0,96,13,155,4,3973,0,111,97
03-18-21,Coffee,6577,16,4585,13,1992,3,5606,16,44091,108,49697,124,0,117,8,127,8,6333,1,120,117
03-18-21,Crockett,1974,1,1185,1,789,0,1382,1,7121,8,8503,9,0,48,1,-14,0,1940,0,30,48
03-18-21,Cumberland,6232,8,5215,1,1017,7,5970,1,46983,68,52953,69,0,123,-1,85,9,6024,0,150,126
03-18-21,Davidson,83657,143,78683,114,4974,29,95613,142,910781,3335,1006394,3477,3,877,22,1072,118,81708,3,1899,892
03-18-21,Decatur,1553,2,1158,1,395,1,1375,1,10772,8,12147,9,0,37,1,8,1,1508,0,39,38
03-18-21,Dekalb,2702,5,2008,4,694,1,2321,6,16421,35,18742,41,0,52,2,19,3,2631,0,55,52
03-18-21,Dickson,6395,19,4614,18,1781,1,5464,19,33673,66,39137,85,0,107,10,58,9,6230,0,117,107
03-18-21,Dyer,5284,5,3494,2,1790,3,3942,2,21165,36,25107,38,0,103,3,31,2,5150,0,106,103
03-18-21,Fayette,4734,5,4082,4,652,1,5016,4,35898,103,40914,107,0,75,3,42,2,4617,1,124,75
03-18-21,Fentress,2326,2,2018,2,308,0,2305,2,12501,12,14806,14,1,45,-2,12,3,2269,0,59,45
03-18-21,Franklin,4880,13,4090,11,790,2,4799,12,35766,344,40565,356,1,87,6,96,6,4697,0,105,87
03-18-21,Gibson,6226,4,3766,1,2460,3,4567,1,28464,45,33031,46,0,141,1,26,3,6059,0,106,142
03-18-21,Giles,3796,5,3163,3,633,2,3634,4,22118,58,25752,62,0,97,3,31,2,3668,0,110,98
03-18-21,Grainger,2485,9,1862,4,623,5,2085,4,13503,18,15588,22,0,47,6,33,3,2405,0,67,48
03-18-21,Greene,7385,9,5863,8,1522,1,6582,8,46073,142,52655,150,0,149,0,60,9,7176,0,177,149
03-18-21,Grundy,1727,3,1448,2,279,1,1659,6,8479,65,10138,71,0,30,3,15,0,1682,0,55,30
03-18-21,Hamblen,8224,10,5812,2,2412,8,6524,2,44633,51,51157,53,0,169,-3,95,13,7960,0,252,168
03-18-21,Hamilton,41547,101,35936,70,5611,31,40196,73,305147,719,345343,792,0,465,21,565,80,40517,7,1105,471
03-18-21,Hancock,514,1,364,0,150,1,390,0,3734,7,4124,7,0,12,1,7,0,495,0,20,12
03-18-21,Hardeman,3406,2,2760,2,646,0,3227,2,24208,42,27435,44,0,63,-1,6,3,3337,0,101,63
03-18-21,Hardin,3353,5,2292,2,1061,3,2732,2,22540,31,25272,33,0,64,3,32,2,3257,0,63,64
03-18-21,Hawkins,5408,11,4424,7,984,4,4782,8,32670,116,37452,124,1,101,0,106,10,5201,0,143,103
03-18-21,Haywood,2657,2,2230,1,427,1,2544,1,13274,14,15818,15,0,60,0,4,2,2593,0,81,60
03-18-21,Henderson,3644,0,2544,0,1100,0,3191,0,15695,8,18886,8,0,74,-2,8,2,3562,0,76,74
03-18-21,Henry,3043,2,2372,0,671,2,2740,1,17351,16,20091,17,0,75,1,12,1,2956,0,74,75
03-18-21,Hickman,2718,3,2195,2,523,1,2538,2,15782,23,18320,25,0,43,1,37,2,2638,0,55,43
03-18-21,Houston,1047,0,789,0,258,0,901,0,9225,12,10126,12,0,33,0,2,0,1012,0,39,33
03-18-21,Humphreys,1586,1,1033,1,553,0,1209,1,11137,17,12346,18,0,21,-1,14,2,1551,0,31,21
03-18-21,Jackson,1268,1,997,1,271,0,1164,1,5302,7,6466,8,0,34,1,12,0,1222,0,39,35
03-18-21,Jefferson,5834,7,4051,3,1783,4,4582,4,37115,54,41697,58,0,121,-4,83,11,5630,1,177,120
03-18-21,Johnson,2192,2,1958,1,234,1,2087,1,14605,30,16692,31,0,38,2,15,0,2139,1,58,38
03-18-21,Knox,47599,67,40201,49,7398,18,43980,66,308866,630,352846,696,2,599,-14,477,79,46523,1,1306,602
03-18-21,Lake,1681,1,1495,1,186,0,1761,2,9730,12,11491,14,0,26,1,-1,0,1656,0,25,26
03-18-21,Lauderdale,3099,1,2418,0,681,1,2778,0,20280,36,23058,36,0,44,-1,4,2,3051,0,82,43
03-18-21,Lawrence,5617,6,4397,5,1220,1,4842,7,28132,45,32974,52,2,86,2,28,2,5503,1,143,86
03-18-21,Lewis,1492,3,1152,0,340,3,1246,0,9721,16,10967,16,0,25,3,11,0,1456,0,41,25
03-18-21,Lincoln,4182,3,3260,2,922,1,3705,2,17008,20,20713,22,0,62,-1,23,4,4097,0,80,60
03-18-21,Loudon,5827,5,4517,3,1310,2,4942,3,30051,55,34993,58,1,68,-7,54,11,5705,1,132,69
03-18-21,Macon,3414,4,2684,2,730,2,3159,2,15419,61,18578,63,0,74,-5,25,9,3315,0,118,74
03-18-21,Madison,10278,4,5763,2,4515,2,7027,2,52934,120,59961,122,1,236,-6,-553,9,10595,0,336,237
03-18-21,Marion,3018,9,2583,2,435,7,2880,3,18179,71,21059,74,0,45,5,29,4,2944,1,109,46
03-18-21,Marshall,3975,10,3184,7,791,3,3593,8,22277,47,25870,55,0,57,8,52,2,3866,0,86,57
03-18-21,Maury,12458,22,11046,14,1412,8,12196,16,70257,165,82453,181,0,162,15,76,7,12220,0,280,161
03-18-21,McMinn,6085,10,5428,2,657,8,5986,4,40854,70,46840,74,0,93,-5,80,15,5912,0,149,96
03-18-21,McNairy,2710,1,1930,1,780,0,2346,1,17642,47,19988,48,0,53,1,-10,0,2667,0,63,54
03-18-21,Meigs,1286,1,1164,1,122,0,1293,1,7714,20,9007,21,0,23,1,10,0,1253,0,39,23
03-18-21,Monroe,5492,10,4356,10,1136,0,4893,12,25991,52,30884,64,0,92,-3,78,13,5322,1,150,94
03-18-21,Montgomery,17923,38,13151,23,4772,15,14461,25,107369,278,121830,303,0,213,15,-56,23,17766,0,298,220
03-18-21,Moore,957,0,743,0,214,0,840,0,4673,6,5513,6,0,17,0,11,0,929,0,16,17
03-18-21,Morgan,2342,2,1746,0,596,2,1895,0,14708,35,16603,35,0,38,0,19,2,2285,0,38,39
03-18-21,Obion,4397,4,3269,2,1128,2,3703,3,21700,35,25403,38,0,95,4,20,0,4282,0,97,96
03-18-21,Out of State,16934,31,13530,24,3404,7,15280,34,596937,1545,612217,1579,0,103,2,176,29,16655,0,206,94
03-18-21,Overton,2897,0,2184,0,713,0,2568,0,14520,23,17088,23,0,58,-7,25,7,2814,0,63,60
03-18-21,Pending,15775,27,10200,9,5575,18,11331,10,386614,1255,397945,1265,0,128,3,113,24,15534,0,135,130
03-18-21,Perry,1046,1,900,1,146,0,1013,1,5952,9,6965,10,0,28,1,3,0,1015,0,28,28
03-18-21,Pickett,748,0,493,0,255,0,595,0,3796,4,4391,4,0,23,0,5,0,720,0,28,24
03-18-21,Polk,1856,10,1675,5,181,5,1850,7,8962,20,10812,27,0,24,4,46,6,1786,0,71,24
03-18-21,Putnam,10816,18,8859,12,1957,6,10619,11,68691,76,79310,87,1,172,-1,145,18,10499,0,204,173
03-18-21,Rhea,4210,3,3652,1,558,2,4086,1,25680,25,29766,26,1,74,-2,33,4,4103,0,83,75
03-18-21,Roane,6025,5,4695,2,1330,3,5231,1,41490,61,46721,62,0,96,-3,42,8,5887,1,143,100
03-18-21,Robertson,9187,15,7269,10,1918,5,8186,10,41615,108,49801,118,1,124,1,112,13,8951,0,411,125
03-18-21,Rutherford,39810,78,34328,59,5482,19,39929,65,222796,617,262725,682,1,398,6,651,71,38761,0,575,404
03-18-21,Scott,2930,5,1654,2,1276,3,1769,2,11039,26,12808,28,0,44,0,41,5,2845,1,61,44
03-18-21,Sequatchie,1604,2,1270,0,334,2,1387,0,11472,10,12859,10,0,27,1,29,1,1548,0,37,26
03-18-21,Sevier,12517,37,10885,17,1632,20,11959,21,63549,127,75508,148,0,166,18,279,19,12072,1,272,169
03-18-21,Shelby,89052,121,82789,104,6263,17,102024,121,912886,3792,1014910,3913,4,1534,31,846,86,86672,6,3437,1565
03-18-21,Smith,2632,9,2003,4,629,5,2507,4,12895,20,15402,24,0,36,3,46,6,2550,0,57,37
03-18-21,Stewart,1263,2,955,2,308,0,1081,1,6604,11,7685,12,0,25,0,7,2,1231,0,24,25
03-18-21,Sullivan,14926,32,12989,24,1937,8,14064,28,83520,178,97584,206,0,279,4,317,28,14330,3,722,281
03-18-21,Sumner,22016,47,19612,30,2404,17,22191,30,114826,228,137017,258,2,327,5,202,40,21487,1,693,331
03-18-21,Tipton,7041,5,4910,3,2131,2,5939,4,45419,104,51358,108,0,104,-3,47,8,6890,0,148,100
03-18-21,Trousdale,2427,3,2290,1,137,2,2452,1,8843,16,11295,17,0,22,2,21,1,2384,0,40,22
03-18-21,Unicoi,1843,4,1429,3,414,1,1578,3,12745,19,14323,22,0,47,2,26,2,1770,0,65,49
03-18-21,Union,1790,8,1522,8,268,0,1642,8,10118,18,11760,26,0,34,5,23,3,1733,0,56,34
03-18-21,Van Buren,806,1,670,0,136,1,740,0,5202,6,5942,6,0,20,1,6,0,780,0,20,21
03-18-21,Warren,5373,3,4595,1,778,2,5203,2,31735,42,36938,44,0,79,2,35,1,5259,0,81,81
03-18-21,Washington,13067,37,11248,23,1819,14,12420,26,79352,147,91772,173,0,235,27,208,10,12624,4,340,235
03-18-21,Wayne,2912,2,2353,2,559,0,2588,3,11017,14,13605,17,0,31,-6,26,8,2855,0,60,33
03-18-21,Weakley,3850,7,2880,5,970,2,3302,6,21007,23,24309,29,0,60,3,41,4,3749,0,61,60
03-18-21,White,3434,4,2835,3,599,1,3464,4,22117,34,25581,38,0,67,1,34,3,3333,0,106,68
03-18-21,Williamson,25990,58,22047,39,3943,19,24475,45,174781,407,199256,452,0,208,19,207,39,25575,0,286,211
03-18-21,Wilson,17128,46,15425,33,1703,13,17562,46,97536,291,115098,337,0,214,-8,199,54,16715,0,326,217
03-17-21,Anderson,8287,17,6246,11,2041,6,6985,11,60065,87,67050,98,0,159,-5,176,22,7952,0,203,166
03-17-21,Bedford,5977,5,4788,3,1189,2,5519,4,30089,46,35608,50,0,122,-1,132,6,5723,0,129,122
03-17-21,Benton,1533,10,1233,9,300,1,1363,9,8707,11,10070,20,0,39,10,20,0,1474,0,35,40
03-17-21,Bledsoe,2040,7,1860,6,180,1,1975,7,14855,36,16830,43,0,10,6,16,1,2014,0,32,11
03-17-21,Blount,14422,11,12384,8,2038,3,13635,9,70063,159,83698,168,0,186,-13,86,24,14150,0,328,187
03-17-21,Bradley,13574,23,11218,22,2356,1,12703,25,62506,165,75209,190,1,142,-9,397,31,13035,3,565,143
03-17-21,Campbell,3939,9,2201,1,1738,8,2477,1,24297,24,26774,25,0,59,-4,80,13,3800,0,119,61
03-17-21,Cannon,1822,3,1467,2,355,1,1636,2,8870,18,10506,20,0,31,-3,41,6,1750,1,37,31
03-17-21,Carroll,3505,1,2307,1,1198,0,2737,1,19061,15,21798,16,0,81,1,11,0,3413,0,78,82
03-17-21,Carter,6058,10,5301,9,757,1,5826,10,35847,112,41673,122,0,155,4,48,6,5855,1,218,154
03-17-21,Cheatham,4113,16,3198,11,915,5,3617,11,25798,66,29415,77,0,47,3,127,13,3939,3,86,48
03-17-21,Chester,2045,1,1482,1,563,0,1768,1,11451,9,13219,10,0,48,1,10,0,1987,0,39,48
03-17-21,Claiborne,2917,1,1886,0,1031,1,2020,0,23123,44,25143,44,0,71,-8,53,9,2793,0,91,72
03-17-21,Clay,1072,0,740,0,332,0,852,0,5465,10,6317,10,0,31,0,1,0,1040,0,24,30
03-17-21,Cocke,4207,13,2816,6,1391,7,3112,5,20681,46,23793,51,0,96,3,142,10,3969,0,111,97
03-17-21,Coffee,6561,10,4572,6,1989,4,5590,8,43983,55,49573,63,0,117,2,119,8,6325,0,119,117
03-17-21,Crockett,1973,0,1184,0,789,0,1381,0,7113,12,8494,12,0,48,-1,-15,1,1940,0,30,48
03-17-21,Cumberland,6224,9,5214,9,1010,0,5969,10,46915,172,52884,182,0,123,8,86,1,6015,0,150,126
03-17-21,Davidson,83514,127,78569,112,4945,15,95471,140,907446,1880,1002917,2020,2,874,-10,1050,135,81590,3,1896,891
03-17-21,Decatur,1551,1,1157,1,394,0,1374,1,10764,6,12138,7,0,37,-1,7,2,1507,0,39,38
03-17-21,Dekalb,2697,1,2004,0,693,1,2315,1,16386,22,18701,23,0,52,-2,17,3,2628,0,55,52
03-17-21,Dickson,6376,6,4596,5,1780,1,5445,6,33607,56,39052,62,0,107,-5,48,11,6221,0,117,107
03-17-21,Dyer,5279,6,3492,6,1787,0,3940,6,21129,28,25069,34,0,103,0,28,6,5148,0,106,103
03-17-21,Fayette,4729,4,4078,3,651,1,5012,4,35795,70,40807,74,0,75,2,39,2,4615,1,123,75
03-17-21,Fentress,2324,2,2016,1,308,1,2303,2,12489,90,14792,92,0,44,0,14,2,2266,0,59,45
03-17-21,Franklin,4867,10,4079,6,788,4,4787,5,35422,47,40209,52,1,86,4,90,5,4691,0,105,87
03-17-21,Gibson,6222,1,3765,0,2457,1,4566,0,28419,41,32985,41,0,141,-1,25,2,6056,0,106,142
03-17-21,Giles,3791,4,3160,2,631,2,3630,1,22060,30,25690,31,0,97,0,28,4,3666,0,110,98
03-17-21,Grainger,2476,2,1858,2,618,0,2081,2,13485,40,15566,42,0,47,-1,27,3,2402,0,67,48
03-17-21,Greene,7376,10,5855,7,1521,3,6574,9,45931,201,52505,210,0,149,-3,60,13,7167,0,177,149
03-17-21,Grundy,1724,5,1446,4,278,1,1653,2,8414,40,10067,42,0,30,4,12,1,1682,0,55,30
03-17-21,Hamblen,8214,19,5810,11,2404,8,6522,12,44582,90,51104,102,0,169,11,98,8,7947,0,252,168
03-17-21,Hamilton,41446,44,35866,32,5580,12,40123,36,304428,382,344551,418,-2,465,-16,544,62,40437,0,1098,471
03-17-21,Hancock,513,0,364,0,149,0,390,0,3727,5,4117,5,0,12,0,6,0,495,0,20,12
03-17-21,Hardeman,3404,0,2758,0,646,0,3225,0,24166,34,27391,34,0,63,-1,7,1,3334,0,101,63
03-17-21,Hardin,3348,8,2290,4,1058,4,2730,4,22509,41,25239,45,0,64,7,29,1,3255,0,63,64
03-17-21,Hawkins,5397,16,4417,14,980,2,4774,14,32554,76,37328,90,0,100,9,106,7,5191,0,143,101
03-17-21,Haywood,2655,0,2229,0,426,0,2543,0,13260,8,15803,8,0,60,0,4,0,2591,0,81,60
03-17-21,Henderson,3644,2,2544,1,1100,1,3191,1,15687,19,18878,20,0,74,1,10,1,3560,0,76,74
03-17-21,Henry,3041,3,2372,0,669,3,2739,0,17335,18,20074,18,0,75,2,11,1,2955,0,74,75
03-17-21,Hickman,2715,2,2193,2,522,0,2536,2,15759,28,18295,30,1,43,0,36,1,2636,1,55,43
03-17-21,Houston,1047,0,789,0,258,0,901,0,9213,8,10114,8,0,33,-2,2,2,1012,0,39,33
03-17-21,Humphreys,1585,1,1032,1,553,0,1208,1,11120,10,12328,11,0,21,-3,15,4,1549,0,31,21
03-17-21,Jackson,1267,2,996,2,271,0,1163,3,5295,16,6458,19,0,34,1,11,1,1222,0,39,35
03-17-21,Jefferson,5827,10,4048,3,1779,7,4578,2,37061,64,41639,66,0,121,-3,87,13,5619,1,176,120
03-17-21,Johnson,2190,6,1957,3,233,3,2086,5,14575,82,16661,87,0,38,5,13,1,2139,0,57,38
03-17-21,Knox,47532,44,40152,34,7380,10,43914,38,308236,492,352150,530,1,597,-43,491,86,46444,2,1305,602
03-17-21,Lake,1680,0,1494,0,186,0,1759,0,9718,31,11477,31,0,26,0,-2,0,1656,0,25,26
03-17-21,Lauderdale,3098,0,2418,0,680,0,2778,0,20244,29,23022,29,0,44,0,5,0,3049,0,82,43
03-17-21,Lawrence,5611,3,4392,0,1219,3,4835,0,28087,28,32922,28,0,84,2,26,1,5501,0,142,86
03-17-21,Lewis,1489,0,1152,0,337,0,1246,0,9705,4,10951,4,0,25,0,8,0,1456,0,41,25
03-17-21,Lincoln,4179,0,3258,0,921,0,3703,0,16988,28,20691,28,0,62,-4,24,4,4093,0,80,60
03-17-21,Loudon,5822,9,4514,8,1308,1,4939,8,29996,69,34935,77,0,67,3,61,6,5694,0,131,69
03-17-21,Macon,3410,3,2682,2,728,1,3157,2,15358,95,18515,97,0,74,0,30,3,3306,0,118,74
03-17-21,Madison,10274,9,5761,4,4513,5,7025,5,52814,77,59839,82,0,235,7,-547,2,10586,0,336,237
03-17-21,Marion,3009,1,2581,1,428,0,2877,2,18108,70,20985,72,0,45,-3,24,4,2940,0,108,46
03-17-21,Marshall,3965,6,3177,2,788,4,3585,2,22230,26,25815,28,0,57,2,44,4,3864,0,86,57
03-17-21,Maury,12436,13,11032,7,1404,6,12180,6,70092,88,82272,94,0,162,3,61,10,12213,0,280,161
03-17-21,McMinn,6075,12,5426,12,649,0,5982,13,40784,118,46766,131,0,93,2,85,10,5897,0,149,96
03-17-21,McNairy,2709,1,1929,0,780,1,2345,0,17595,29,19940,29,0,53,1,-11,0,2667,0,63,53
03-17-21,Meigs,1285,2,1163,2,122,0,1292,2,7694,20,8986,22,0,23,2,9,0,1253,0,39,23
03-17-21,Monroe,5482,9,4346,6,1136,3,4881,6,25939,60,30820,66,0,92,-4,81,13,5309,0,149,94
03-17-21,Montgomery,17885,35,13128,25,4757,10,14436,26,107091,321,121527,347,0,213,0,-71,35,17743,1,298,220
03-17-21,Moore,957,4,743,4,214,0,840,4,4667,5,5507,9,0,17,3,11,1,929,0,16,17
03-17-21,Morgan,2340,3,1746,1,594,2,1895,1,14673,38,16568,39,0,38,0,19,3,2283,0,38,39
03-17-21,Obion,4393,2,3267,1,1126,1,3700,2,21665,40,25365,42,0,95,1,16,1,4282,0,97,96
03-17-21,Out of State,16903,30,13506,28,3397,2,15246,24,595392,1359,610638,1383,0,103,9,174,21,16626,1,206,94
03-17-21,Overton,2897,2,2184,2,713,0,2568,2,14497,46,17065,48,0,58,-2,32,4,2807,0,63,60
03-17-21,Pending,15748,17,10191,10,5557,7,11321,11,385359,764,396680,775,0,128,-24,110,41,15510,0,135,129
03-17-21,Perry,1045,0,899,0,146,0,1012,0,5943,4,6955,4,0,28,-3,2,3,1015,0,28,28
03-17-21,Pickett,748,1,493,0,255,1,595,0,3792,36,4387,36,0,23,1,5,0,720,0,28,24
03-17-21,Polk,1846,3,1670,2,176,1,1843,3,8942,15,10785,18,0,24,-3,42,6,1780,1,71,24
03-17-21,Putnam,10798,15,8847,12,1951,3,10608,13,68615,301,79223,314,0,171,6,146,9,10481,0,204,173
03-17-21,Rhea,4207,4,3651,3,556,1,4085,3,25655,102,29740,105,0,73,-1,35,5,4099,0,83,75
03-17-21,Roane,6020,4,4693,3,1327,1,5230,4,41429,136,46659,140,0,96,-2,45,6,5879,0,142,99
03-17-21,Robertson,9172,8,7259,4,1913,4,8176,4,41507,53,49683,57,0,123,-3,111,11,8938,0,411,125
03-17-21,Rutherford,39732,76,34269,47,5463,29,39864,53,222179,472,262043,525,1,397,-4,645,79,38690,0,575,402
03-17-21,Scott,2925,4,1652,0,1273,4,1767,0,11013,30,12780,30,0,44,0,41,4,2840,0,60,44
03-17-21,Sequatchie,1602,0,1270,0,332,0,1387,1,11462,12,12849,13,1,27,-2,28,1,1547,0,37,26
03-17-21,Sevier,12480,28,10868,23,1612,5,11938,23,63422,124,75360,147,0,166,1,261,27,12053,2,271,169
03-17-21,Shelby,88931,68,82685,66,6246,2,101903,74,909094,3125,1010997,3199,1,1530,-17,815,84,86586,3,3431,1564
03-17-21,Smith,2623,3,1999,3,624,0,2503,3,12875,32,15378,35,0,36,-2,43,5,2544,0,57,37
03-17-21,Stewart,1261,0,953,0,308,0,1080,0,6593,9,7673,9,0,25,-4,7,4,1229,0,24,25
03-17-21,Sullivan,14894,52,12965,50,1929,2,14036,48,83342,291,97378,339,1,279,13,313,38,14302,0,719,280
03-17-21,Sumner,21969,35,19582,28,2387,7,22161,29,114598,299,136759,328,0,325,-5,197,40,21447,0,692,330
03-17-21,Tipton,7036,1,4907,1,2129,0,5935,2,45315,97,51250,99,0,104,-1,50,2,6882,0,148,100
03-17-21,Trousdale,2424,2,2289,2,135,0,2451,2,8827,17,11278,19,0,22,-2,19,4,2383,0,40,22
03-17-21,Unicoi,1839,8,1426,7,413,1,1575,7,12726,35,14301,42,0,47,6,24,2,1768,0,65,49
03-17-21,Union,1782,3,1514,3,268,0,1634,3,10100,21,11734,24,0,34,2,18,1,1730,0,56,34
03-17-21,Van Buren,805,1,670,1,135,0,740,1,5196,7,5936,8,0,20,1,5,0,780,0,20,21
03-17-21,Warren,5370,5,4594,5,776,0,5201,5,31693,87,36894,92,0,79,-4,33,9,5258,0,81,81
03-17-21,Washington,13030,30,11225,29,1805,1,12394,30,79205,228,91599,258,0,235,12,181,18,12614,0,336,234
03-17-21,Wayne,2910,3,2351,1,559,2,2585,1,11003,32,13588,33,0,31,0,32,3,2847,0,60,33
03-17-21,Weakley,3843,4,2875,1,968,3,3296,3,20984,27,24280,30,0,60,-1,38,5,3745,0,61,60
03-17-21,White,3430,4,2832,3,598,1,3460,5,22083,34,25543,39,0,67,-4,33,8,3330,0,106,68
03-17-21,Williamson,25932,27,22008,20,3924,7,24430,21,174374,283,198804,304,0,208,-9,188,36,25536,0,286,210
03-17-21,Wilson,17082,41,15392,36,1690,5,17516,35,97245,276,114761,311,0,214,-3,207,44,16661,0,326,217
03-16-21,Anderson,8270,33,6235,13,2035,20,6974,15,59978,93,66952,108,0,159,-1,181,34,7930,2,203,165
03-16-21,Bedford,5972,24,4785,12,1187,12,5515,13,30043,49,35558,62,0,122,18,133,6,5717,2,129,122
03-16-21,Benton,1523,1,1224,1,299,0,1354,1,8696,10,10050,11,0,39,1,10,0,1474,0,35,40
03-16-21,Bledsoe,2033,2,1854,1,179,1,1968,1,14819,27,16787,28,0,10,2,10,0,2013,0,32,11
03-16-21,Blount,14411,36,12376,21,2035,15,13626,22,69904,171,83530,193,0,186,11,99,25,14126,2,328,187
03-16-21,Bradley,13551,77,11196,58,2355,19,12678,64,62341,136,75019,200,0,141,37,406,40,13004,12,562,143
03-16-21,Campbell,3930,14,2200,4,1730,10,2476,7,24273,32,26749,39,0,59,6,84,8,3787,0,119,61
03-16-21,Cannon,1819,7,1465,3,354,4,1634,4,8852,14,10486,18,0,31,-1,44,8,1744,0,36,31
03-16-21,Carroll,3504,6,2306,4,1198,2,2736,6,19046,28,21782,34,0,81,6,10,0,3413,0,78,82
03-16-21,Carter,6048,8,5292,6,756,2,5816,6,35735,79,41551,85,0,155,0,44,8,5849,0,217,154
03-16-21,Cheatham,4097,26,3187,10,910,16,3606,10,25732,47,29338,57,0,47,9,124,17,3926,0,83,48
03-16-21,Chester,2044,3,1481,0,563,3,1767,1,11442,16,13209,17,0,48,1,9,2,1987,0,39,48
03-16-21,Claiborne,2916,14,1886,10,1030,4,2020,9,23079,56,25099,65,0,71,6,61,8,2784,0,91,72
03-16-21,Clay,1072,0,740,0,332,0,852,0,5455,2,6307,2,0,31,0,1,0,1040,0,24,30
03-16-21,Cocke,4194,27,2810,8,1384,19,3107,10,20635,70,23742,80,0,96,14,139,13,3959,0,111,96
03-16-21,Coffee,6551,13,4566,6,1985,7,5582,9,43928,98,49510,107,1,117,2,117,10,6317,0,119,117
03-16-21,Crockett,1973,0,1184,0,789,0,1381,1,7101,13,8482,14,0,48,-1,-14,1,1939,0,30,48
03-16-21,Cumberland,6215,16,5205,11,1010,5,5959,9,46743,47,52702,56,0,123,5,78,11,6014,1,150,126
03-16-21,Davidson,83387,249,78457,203,4930,46,95331,246,905566,4057,1000897,4303,0,872,125,1060,124,81455,3,1893,891
03-16-21,Decatur,1550,5,1156,4,394,1,1373,4,10758,3,12131,7,0,37,1,8,4,1505,1,39,38
03-16-21,Dekalb,2696,1,2004,1,692,0,2314,1,16364,23,18678,24,0,52,-7,19,8,2625,0,55,52
03-16-21,Dickson,6370,13,4591,10,1779,3,5439,12,33551,84,38990,96,0,107,8,53,5,6210,0,117,107
03-16-21,Dyer,5273,2,3486,1,1787,1,3934,2,21101,22,25035,24,1,103,-1,28,2,5142,0,106,103
03-16-21,Fayette,4725,10,4075,7,650,3,5008,7,35725,78,40733,85,0,75,6,37,4,4613,0,122,75
03-16-21,Fentress,2322,4,2015,1,307,3,2301,1,12399,12,14700,13,0,44,3,14,1,2264,1,59,45
03-16-21,Franklin,4857,17,4073,9,784,8,4782,9,35375,64,40157,73,0,85,7,86,10,4686,0,105,86
03-16-21,Gibson,6221,12,3765,4,2456,8,4566,5,28378,46,32944,51,0,141,6,26,6,6054,1,106,142
03-16-21,Giles,3787,4,3158,3,629,1,3629,4,22030,30,25659,34,0,97,2,28,2,3662,0,110,98
03-16-21,Grainger,2474,3,1856,2,618,1,2079,2,13445,11,15524,13,1,47,-2,28,4,2399,1,67,48
03-16-21,Greene,7366,10,5848,7,1518,3,6565,7,45730,87,52295,94,1,149,6,63,3,7154,0,177,149
03-16-21,Grundy,1719,0,1442,0,277,0,1651,0,8374,9,10025,9,0,30,-4,8,4,1681,0,55,30
03-16-21,Hamblen,8195,19,5799,5,2396,14,6510,6,44492,51,51002,57,0,169,10,87,9,7939,1,252,168
03-16-21,Hamilton,41402,110,35834,91,5568,19,40087,105,304046,586,344133,691,1,467,41,560,68,40375,2,1098,471
03-16-21,Hancock,513,0,364,0,149,0,390,0,3722,7,4112,7,0,12,-2,6,2,495,0,20,12
03-16-21,Hardeman,3404,6,2758,1,646,5,3225,1,24132,24,27357,25,0,63,5,8,1,3333,0,101,63
03-16-21,Hardin,3340,7,2286,2,1054,5,2726,2,22468,23,25194,25,0,64,4,22,3,3254,0,63,64
03-16-21,Hawkins,5381,12,4403,6,978,6,4760,6,32478,109,37238,115,0,100,5,97,7,5184,0,143,101
03-16-21,Haywood,2655,2,2229,2,426,0,2543,5,13252,14,15795,19,0,60,1,4,1,2591,0,81,60
03-16-21,Henderson,3642,1,2543,0,1099,1,3190,2,15668,11,18858,13,0,74,0,9,1,3559,0,76,74
03-16-21,Henry,3038,4,2372,3,666,1,2739,3,17317,17,20056,20,0,75,4,9,0,2954,0,74,75
03-16-21,Hickman,2713,7,2191,6,522,1,2534,8,15731,33,18265,41,0,42,2,36,5,2635,0,54,43
03-16-21,Houston,1047,0,789,0,258,0,901,1,9205,5,10106,6,0,33,-1,4,1,1010,0,39,33
03-16-21,Humphreys,1584,4,1031,2,553,2,1207,2,11110,15,12317,17,0,21,1,18,3,1545,0,31,21
03-16-21,Jackson,1265,2,994,1,271,1,1160,1,5279,7,6439,8,0,34,-1,10,3,1221,0,39,35
03-16-21,Jefferson,5817,7,4045,4,1772,3,4576,5,36997,52,41573,57,0,121,-2,90,9,5606,1,175,120
03-16-21,Johnson,2184,1,1954,1,230,0,2081,0,14493,12,16574,12,0,38,-2,8,3,2138,0,57,38
03-16-21,Knox,47488,126,40118,82,7370,44,43876,100,307744,702,351620,802,0,596,48,534,78,46358,3,1303,600
03-16-21,Lake,1680,0,1494,0,186,0,1759,0,9687,15,11446,15,0,26,0,-2,0,1656,0,25,26
03-16-21,Lauderdale,3098,1,2418,1,680,0,2778,1,20215,29,22993,30,0,44,-1,5,2,3049,0,82,43
03-16-21,Lawrence,5608,5,4392,1,1216,4,4835,1,28059,64,32894,65,0,84,3,24,2,5500,0,142,86
03-16-21,Lewis,1489,4,1152,0,337,4,1246,0,9701,7,10947,7,0,25,3,8,1,1456,0,41,25
03-16-21,Lincoln,4179,4,3258,1,921,3,3703,1,16960,22,20663,23,0,62,1,28,3,4089,0,80,60
03-16-21,Loudon,5813,5,4506,4,1307,1,4931,5,29927,54,34858,59,0,67,-3,58,8,5688,1,131,69
03-16-21,Macon,3407,8,2680,1,727,7,3155,2,15263,38,18418,40,0,74,5,30,3,3303,0,118,74
03-16-21,Madison,10265,28,5757,11,4508,17,7020,15,52737,73,59757,88,1,235,21,-554,6,10584,1,336,235
03-16-21,Marion,3008,2,2580,0,428,2,2875,0,18038,21,20913,21,0,45,1,27,1,2936,0,108,46
03-16-21,Marshall,3959,6,3175,2,784,4,3583,2,22204,28,25787,30,0,57,4,42,2,3860,0,86,57
03-16-21,Maury,12423,31,11025,10,1398,21,12174,12,70004,113,82178,125,0,162,19,58,12,12203,0,280,161
03-16-21,McMinn,6063,12,5414,9,649,3,5969,9,40666,65,46635,74,0,93,2,83,10,5887,1,149,94
03-16-21,McNairy,2708,3,1929,2,779,1,2345,3,17566,6,19911,9,0,53,1,-12,2,2667,0,63,53
03-16-21,Meigs,1283,1,1161,1,122,0,1290,1,7674,10,8964,11,0,23,0,7,1,1253,0,39,23
03-16-21,Monroe,5473,11,4340,8,1133,3,4875,8,25879,59,30754,67,0,92,-2,85,13,5296,0,149,94
03-16-21,Montgomery,17850,45,13103,28,4747,17,14410,33,106770,258,121180,291,0,213,10,-71,35,17708,0,297,220
03-16-21,Moore,953,3,739,0,214,3,836,0,4662,7,5498,7,0,17,3,8,0,928,0,16,17
03-16-21,Morgan,2337,2,1745,1,592,1,1894,3,14635,25,16529,28,0,38,0,19,2,2280,0,38,39
03-16-21,Obion,4391,6,3266,3,1125,3,3698,2,21625,51,25323,53,0,95,5,15,1,4281,0,97,96
03-16-21,Out of State,16873,27,13478,20,3395,7,15222,21,594033,1890,609255,1911,0,103,-9,165,36,16605,0,205,94
03-16-21,Overton,2895,2,2182,1,713,1,2566,1,14451,14,17017,15,0,58,-1,34,3,2803,0,63,60
03-16-21,Pending,15731,53,10181,16,5550,37,11310,21,384595,1139,395905,1160,0,128,14,134,39,15469,0,135,129
03-16-21,Perry,1045,1,899,0,146,1,1012,0,5939,6,6951,6,0,28,1,5,0,1012,0,28,28
03-16-21,Pickett,747,0,493,0,254,0,595,0,3756,3,4351,3,0,23,0,4,0,720,0,28,24
03-16-21,Polk,1843,10,1668,7,175,3,1840,6,8927,23,10767,29,0,24,-2,45,12,1774,0,70,24
03-16-21,Putnam,10783,24,8835,15,1948,9,10595,15,68314,76,78909,91,0,171,11,140,13,10472,0,204,173
03-16-21,Rhea,4203,5,3648,4,555,1,4082,4,25553,31,29635,35,0,73,-1,36,6,4094,0,83,75
03-16-21,Roane,6016,15,4690,5,1326,10,5226,7,41293,37,46519,44,0,96,5,47,10,5873,0,142,98
03-16-21,Robertson,9164,26,7255,16,1909,10,8172,17,41454,77,49626,94,0,123,13,114,13,8927,5,411,125
03-16-21,Rutherford,39656,126,34222,91,5434,35,39811,101,221707,569,261518,670,3,396,54,649,69,38611,0,575,402
03-16-21,Scott,2921,3,1652,0,1269,3,1767,0,10983,19,12750,19,0,44,1,41,2,2836,0,60,44
03-16-21,Sequatchie,1602,3,1270,3,332,0,1386,2,11450,7,12836,9,-1,26,-3,30,7,1546,0,37,26
03-16-21,Sevier,12452,41,10845,30,1607,11,11915,33,63298,148,75213,181,0,166,16,260,25,12026,2,269,169
03-16-21,Shelby,88863,162,82619,129,6244,33,101829,164,905969,3677,1007798,3841,0,1529,79,832,83,86502,5,3428,1562
03-16-21,Smith,2620,1,1996,1,624,0,2500,2,12843,12,15343,14,0,36,-5,45,6,2539,0,57,36
03-16-21,Stewart,1261,3,953,2,308,1,1080,2,6584,8,7664,10,0,25,3,11,0,1225,0,24,25
03-16-21,Sullivan,14842,38,12915,27,1927,11,13988,25,83051,288,97039,313,0,278,-12,300,50,14264,0,719,280
03-16-21,Sumner,21934,61,19554,40,2380,21,22132,51,114299,267,136431,318,0,325,25,202,36,21407,0,692,328
03-16-21,Tipton,7035,18,4906,4,2129,14,5933,6,45218,130,51151,136,0,104,4,51,14,6880,0,148,100
03-16-21,Trousdale,2422,2,2287,2,135,0,2449,1,8810,26,11259,27,0,22,1,21,1,2379,0,40,22
03-16-21,Unicoi,1831,3,1419,2,412,1,1568,2,12691,21,14259,23,0,47,-3,18,6,1766,0,65,48
03-16-21,Union,1779,2,1511,2,268,0,1631,2,10079,13,11710,15,0,34,-5,16,7,1729,0,56,34
03-16-21,Van Buren,804,0,669,0,135,0,739,0,5189,1,5928,1,0,20,0,4,0,780,0,20,21
03-16-21,Warren,5365,3,4589,3,776,0,5196,5,31606,63,36802,68,1,79,-1,37,3,5249,0,81,81
03-16-21,Washington,13000,28,11196,18,1804,10,12364,19,78977,142,91341,161,1,235,11,169,16,12596,1,336,234
03-16-21,Wayne,2907,11,2350,2,557,9,2584,2,10971,12,13555,14,1,31,8,32,2,2844,1,60,32
03-16-21,Weakley,3839,8,2874,1,965,7,3293,0,20957,31,24250,31,0,60,6,39,2,3740,0,61,60
03-16-21,White,3426,3,2829,1,597,2,3455,2,22049,12,25504,14,0,67,0,37,3,3322,0,106,67
03-16-21,Williamson,25905,53,21988,28,3917,25,24409,29,174091,431,198500,460,0,208,17,197,36,25500,0,286,210
03-16-21,Wilson,17041,85,15356,69,1685,16,17481,72,96969,292,114450,364,1,214,50,210,34,16617,0,326,216
03-15-21,Anderson,8237,18,6222,5,2015,13,6959,6,59885,33,66844,39,0,159,-8,182,26,7896,1,201,165
03-15-21,Bedford,5948,9,4773,3,1175,6,5502,3,29994,30,35496,33,0,122,5,115,4,5711,0,127,122
03-15-21,Benton,1522,0,1223,0,299,0,1353,0,8686,4,10039,4,0,39,0,9,0,1474,0,35,40
03-15-21,Bledsoe,2031,2,1853,1,178,1,1967,1,14792,5,16759,6,0,10,1,8,1,2013,0,32,11
03-15-21,Blount,14375,24,12355,10,2020,14,13604,11,69733,76,83337,87,0,186,-4,88,28,14101,2,326,187
03-15-21,Bradley,13474,47,11138,32,2336,15,12614,34,62205,49,74819,83,0,141,9,369,38,12964,6,550,143
03-15-21,Campbell,3916,13,2196,2,1720,11,2469,3,24241,15,26710,18,0,59,2,78,11,3779,1,119,61
03-15-21,Cannon,1812,0,1462,0,350,0,1630,0,8838,4,10468,4,0,31,-7,45,7,1736,0,36,31
03-15-21,Carroll,3498,2,2302,1,1196,1,2730,0,19018,1,21748,1,0,81,0,4,2,3413,0,78,82
03-15-21,Carter,6040,10,5286,10,754,0,5810,12,35656,21,41466,33,0,155,2,44,8,5841,1,217,154
03-15-21,Cheatham,4071,5,3177,2,894,3,3596,2,25685,13,29281,15,1,47,-12,115,16,3909,0,83,47
03-15-21,Chester,2041,0,1481,0,560,0,1766,0,11426,0,13192,0,0,48,-2,8,2,1985,0,39,48
03-15-21,Claiborne,2902,4,1876,3,1026,1,2011,3,23023,7,25034,10,0,71,-5,55,9,2776,0,91,72
03-15-21,Clay,1072,0,740,0,332,0,852,0,5453,4,6305,4,0,31,0,1,0,1040,0,24,30
03-15-21,Cocke,4167,13,2802,6,1365,7,3097,7,20565,20,23662,27,0,96,2,125,11,3946,0,111,96
03-15-21,Coffee,6538,8,4560,2,1978,6,5573,2,43830,12,49403,14,1,116,3,115,4,6307,1,119,117
03-15-21,Crockett,1973,0,1184,0,789,0,1380,0,7088,1,8468,1,0,48,0,-13,0,1938,0,30,48
03-15-21,Cumberland,6199,3,5194,2,1005,1,5950,2,46696,10,52646,12,0,123,-1,73,4,6003,0,149,126
03-15-21,Davidson,83138,91,78254,71,4884,20,95085,68,901509,1178,996594,1246,1,872,-26,935,116,81331,3,1890,888
03-15-21,Decatur,1545,1,1152,0,393,1,1369,1,10755,2,12124,3,0,37,1,7,0,1501,0,38,38
03-15-21,Dekalb,2695,0,2003,0,692,0,2313,0,16341,9,18654,9,1,52,-4,26,3,2617,0,55,52
03-15-21,Dickson,6357,2,4581,0,1776,2,5427,0,33467,17,38894,17,0,107,-15,45,17,6205,0,117,107
03-15-21,Dyer,5271,2,3485,1,1786,1,3932,1,21079,10,25011,11,0,102,-1,29,3,5140,0,106,103
03-15-21,Fayette,4715,3,4068,0,647,3,5001,0,35647,15,40648,15,0,75,-3,31,6,4609,0,122,74
03-15-21,Fentress,2318,2,2014,0,304,2,2300,0,12387,2,14687,2,0,44,-1,11,3,2263,0,58,45
03-15-21,Franklin,4840,3,4064,3,776,0,4773,3,35311,5,40084,8,0,85,0,79,3,4676,0,105,86
03-15-21,Gibson,6209,4,3761,1,2448,3,4561,2,28332,8,32893,10,0,141,3,20,1,6048,0,105,142
03-15-21,Giles,3783,1,3155,0,628,1,3625,0,22000,12,25625,12,0,97,-4,26,5,3660,0,110,98
03-15-21,Grainger,2471,1,1854,0,617,1,2077,0,13434,6,15511,6,0,46,-4,30,5,2395,0,66,48
03-15-21,Greene,7356,2,5841,2,1515,0,6558,2,45643,40,52201,42,0,148,-3,57,5,7151,0,177,149
03-15-21,Grundy,1719,0,1442,0,277,0,1651,0,8365,1,10016,1,0,30,-6,12,6,1677,0,55,30
03-15-21,Hamblen,8176,16,5794,3,2382,13,6504,3,44441,21,50945,24,0,169,-8,77,24,7930,0,251,168
03-15-21,Hamilton,41292,36,35743,9,5549,27,39982,15,303460,157,343442,172,1,466,-27,519,62,40307,1,1096,471
03-15-21,Hancock,513,0,364,0,149,0,390,0,3715,0,4105,0,0,12,-2,8,2,493,0,20,12
03-15-21,Hardeman,3398,0,2757,0,641,0,3224,0,24108,6,27332,6,0,63,-1,3,1,3332,0,101,63
03-15-21,Hardin,3333,2,2284,0,1049,2,2724,0,22445,3,25169,3,0,64,1,18,1,3251,0,63,64
03-15-21,Hawkins,5369,6,4397,5,972,1,4754,6,32369,17,37123,23,0,100,-3,92,9,5177,0,143,101
03-15-21,Haywood,2653,0,2227,0,426,0,2538,0,13238,3,15776,3,0,60,-2,3,2,2590,0,81,60
03-15-21,Henderson,3641,1,2543,1,1098,0,3188,2,15657,7,18845,9,0,74,1,9,0,3558,0,76,74
03-15-21,Henry,3034,3,2369,3,665,0,2736,3,17300,11,20036,14,0,75,2,5,1,2954,0,74,75
03-15-21,Hickman,2706,3,2185,1,521,2,2526,1,15698,6,18224,7,0,42,2,34,1,2630,0,54,43
03-15-21,Houston,1047,1,789,1,258,0,900,1,9200,2,10100,3,0,33,0,5,1,1009,0,39,33
03-15-21,Humphreys,1580,2,1029,1,551,1,1205,1,11095,7,12300,8,0,21,0,17,2,1542,0,31,21
03-15-21,Jackson,1263,1,993,0,270,1,1159,0,5272,4,6431,4,0,34,1,11,0,1218,0,39,35
03-15-21,Jefferson,5810,7,4041,2,1769,5,4571,2,36945,37,41516,39,0,121,-10,92,17,5597,0,174,120
03-15-21,Johnson,2183,1,1953,0,230,1,2081,0,14481,1,16562,1,0,38,-1,10,2,2135,0,57,38
03-15-21,Knox,47362,44,40036,27,7326,17,43776,40,307042,288,350818,328,1,596,-65,486,108,46280,1,1300,599
03-15-21,Lake,1680,0,1494,0,186,0,1759,0,9672,1,11431,1,0,26,-1,-2,1,1656,0,25,26
03-15-21,Lauderdale,3097,0,2417,0,680,0,2777,0,20186,7,22963,7,0,44,-3,6,3,3047,0,82,43
03-15-21,Lawrence,5603,5,4391,3,1212,2,4834,3,27995,29,32829,32,0,84,4,21,1,5498,0,142,86
03-15-21,Lewis,1485,0,1152,0,333,0,1246,0,9694,3,10940,3,0,25,-1,5,1,1455,0,41,25
03-15-21,Lincoln,4175,1,3257,0,918,1,3702,0,16938,8,20640,8,0,62,-2,27,3,4086,0,80,60
03-15-21,Loudon,5808,5,4502,2,1306,3,4926,2,29873,11,34799,13,0,67,-8,61,13,5680,0,130,69
03-15-21,Macon,3399,2,2679,2,720,0,3153,1,15225,30,18378,31,0,74,-3,25,5,3300,0,118,74
03-15-21,Madison,10237,29,5746,8,4491,21,7005,9,52664,14,59669,23,0,234,25,-575,4,10578,0,335,235
03-15-21,Marion,3006,5,2580,2,426,3,2875,1,18017,7,20892,8,0,45,4,26,1,2935,0,108,46
03-15-21,Marshall,3953,4,3173,0,780,4,3581,0,22176,6,25757,6,0,57,0,38,4,3858,0,86,57
03-15-21,Maury,12392,17,11015,14,1377,3,12162,15,69891,56,82053,71,0,162,1,39,16,12191,0,280,161
03-15-21,McMinn,6051,7,5405,6,646,1,5960,6,40601,24,46561,30,0,93,-3,81,10,5877,0,148,94
03-15-21,McNairy,2705,4,1927,4,778,0,2342,4,17560,2,19902,6,0,53,2,-13,2,2665,0,63,53
03-15-21,Meigs,1282,1,1160,1,122,0,1289,1,7664,4,8953,5,0,23,0,7,1,1252,1,39,23
03-15-21,Monroe,5462,4,4332,3,1130,1,4867,3,25820,38,30687,41,0,92,-13,87,17,5283,0,149,94
03-15-21,Montgomery,17805,23,13075,10,4730,13,14377,6,106512,93,120889,99,0,213,-7,-81,30,17673,0,297,219
03-15-21,Moore,950,0,739,0,211,0,836,0,4655,1,5491,1,0,17,-1,5,1,928,0,16,17
03-15-21,Morgan,2335,1,1744,1,591,0,1891,3,14610,5,16501,8,0,38,-2,19,3,2278,0,38,39
03-15-21,Obion,4385,1,3263,1,1122,0,3696,1,21574,5,25270,6,0,95,-1,10,2,4280,0,97,96
03-15-21,Out of State,16846,16,13458,8,3388,8,15201,7,592143,392,607344,399,1,103,-17,174,32,16569,2,205,94
03-15-21,Overton,2893,2,2181,0,712,2,2565,0,14437,4,17002,4,0,58,-2,35,4,2800,0,63,60
03-15-21,Pending,15678,20,10165,9,5513,11,11289,9,383456,293,394745,302,0,128,0,120,20,15430,0,135,129
03-15-21,Perry,1044,1,899,0,145,1,1012,0,5933,2,6945,2,0,28,1,4,0,1012,0,28,28
03-15-21,Pickett,747,0,493,0,254,0,595,0,3753,1,4348,1,0,23,0,4,0,720,0,28,24
03-15-21,Polk,1833,5,1661,1,172,4,1834,2,8904,8,10738,10,0,24,2,47,3,1762,0,70,24
03-15-21,Putnam,10759,14,8820,4,1939,10,10580,6,68238,35,78818,41,0,171,4,129,10,10459,0,204,173
03-15-21,Rhea,4198,2,3644,1,554,1,4078,2,25522,10,29600,12,0,73,-2,37,4,4088,0,83,75
03-15-21,Roane,6001,6,4685,4,1316,2,5219,6,41256,40,46475,46,0,96,1,42,5,5863,0,142,98
03-15-21,Robertson,9138,9,7239,5,1899,4,8155,5,41377,20,49532,25,0,123,-3,101,12,8914,1,406,125
03-15-21,Rutherford,39530,76,34131,55,5399,21,39710,58,221138,242,260848,300,0,393,14,595,62,38542,0,575,401
03-15-21,Scott,2918,4,1652,0,1266,4,1767,0,10964,5,12731,5,0,44,1,40,3,2834,0,60,44
03-15-21,Sequatchie,1599,5,1267,1,332,4,1384,1,11443,3,12827,4,0,27,3,33,2,1539,1,37,26
03-15-21,Sevier,12411,33,10815,13,1596,20,11882,13,63150,54,75032,67,0,166,9,244,24,12001,0,267,169
03-15-21,Shelby,88701,68,82490,45,6211,23,101665,58,902292,534,1003957,592,0,1529,-33,753,101,86419,0,3423,1561
03-15-21,Smith,2619,3,1995,2,624,1,2498,1,12831,4,15329,5,0,36,2,50,1,2533,0,57,36
03-15-21,Stewart,1258,0,951,0,307,0,1078,1,6576,8,7654,9,0,25,-2,8,2,1225,0,24,25
03-15-21,Sullivan,14804,15,12888,14,1916,1,13963,18,82763,89,96726,107,2,278,-22,312,35,14214,1,719,280
03-15-21,Sumner,21873,32,19514,15,2359,17,22081,15,114032,91,136113,106,0,325,14,177,18,21371,0,692,328
03-15-21,Tipton,7017,3,4902,0,2115,3,5927,0,45088,24,51015,24,0,104,-1,47,4,6866,0,148,100
03-15-21,Trousdale,2420,3,2285,2,135,1,2448,2,8784,11,11232,13,0,22,1,20,2,2378,0,40,22
03-15-21,Unicoi,1828,1,1417,0,411,1,1566,0,12670,12,14236,12,0,47,-1,21,2,1760,0,65,48
03-15-21,Union,1777,3,1509,3,268,0,1629,3,10066,8,11695,11,0,34,-2,21,5,1722,0,56,34
03-15-21,Van Buren,804,0,669,0,135,0,739,0,5188,1,5927,1,0,20,0,4,0,780,0,20,21
03-15-21,Warren,5362,4,4586,0,776,4,5191,0,31543,16,36734,16,0,78,2,38,2,5246,1,81,81
03-15-21,Washington,12972,17,11178,12,1794,5,12345,12,78835,70,91180,82,0,234,-2,158,19,12580,0,335,234
03-15-21,Wayne,2896,0,2348,0,548,0,2582,0,10959,1,13541,1,0,30,-1,24,1,2842,0,59,32
03-15-21,Weakley,3831,5,2873,4,958,1,3293,5,20926,5,24219,10,0,60,4,33,1,3738,0,61,60
03-15-21,White,3423,7,2828,2,595,5,3453,1,22037,7,25490,8,0,67,6,37,1,3319,0,106,67
03-15-21,Williamson,25852,34,21960,23,3892,11,24380,24,173660,149,198040,173,1,208,2,180,31,25464,0,286,210
03-15-21,Wilson,16956,13,15287,8,1669,5,17409,7,96677,67,114086,74,1,213,-26,160,38,16583,0,326,216
03-14-21,Anderson,8219,6,6217,4,2002,2,6953,6,59852,36,66805,42,0,159,-13,190,19,7870,1,200,165
03-14-21,Bedford,5939,12,4770,10,1169,2,5499,10,29964,27,35463,37,0,122,3,110,9,5707,0,127,122
03-14-21,Benton,1522,0,1223,0,299,0,1353,0,8682,5,10035,5,0,39,-2,9,2,1474,0,35,40
03-14-21,Bledsoe,2029,0,1852,0,177,0,1966,0,14787,26,16753,26,0,10,-3,7,3,2012,0,32,11
03-14-21,Blount,14351,14,12345,10,2006,4,13593,15,69657,87,83250,102,0,186,-9,92,23,14073,0,324,187
03-14-21,Bradley,13427,26,11106,20,2321,6,12580,19,62156,113,74736,132,0,141,-5,360,31,12926,1,544,143
03-14-21,Campbell,3903,1,2194,1,1709,0,2466,3,24226,10,26692,13,0,59,0,76,1,3768,1,118,61
03-14-21,Cannon,1812,2,1462,1,350,1,1630,1,8834,3,10464,4,0,31,-1,52,3,1729,0,36,31
03-14-21,Carroll,3496,0,2301,0,1195,0,2730,0,19017,9,21747,9,0,81,-2,4,2,3411,0,78,82
03-14-21,Carter,6030,1,5276,1,754,0,5798,1,35635,29,41433,30,0,155,-3,42,4,5833,0,216,154
03-14-21,Cheatham,4066,7,3175,6,891,1,3594,9,25672,39,29266,48,0,46,5,127,2,3893,2,83,47
03-14-21,Chester,2041,1,1481,1,560,0,1766,1,11426,64,13192,65,0,48,0,10,1,1983,0,39,48
03-14-21,Claiborne,2898,2,1873,1,1025,1,2008,1,23016,34,25024,35,0,71,1,60,1,2767,0,91,72
03-14-21,Clay,1072,0,740,0,332,0,852,1,5449,6,6301,7,0,31,0,1,0,1040,0,24,30
03-14-21,Cocke,4154,14,2796,2,1358,12,3090,2,20545,23,23635,25,0,96,9,123,5,3935,0,111,96
03-14-21,Coffee,6530,12,4558,7,1972,5,5571,7,43818,35,49389,42,0,115,5,112,7,6303,1,118,117
03-14-21,Crockett,1973,0,1184,0,789,0,1380,0,7087,1,8467,1,0,48,0,-13,0,1938,0,30,48
03-14-21,Cumberland,6196,1,5192,0,1004,1,5948,0,46686,20,52634,20,0,123,0,74,1,5999,0,149,126
03-14-21,Davidson,83047,64,78183,50,4864,14,95017,61,900331,1798,995348,1859,0,871,5,961,59,81215,1,1887,887
03-14-21,Decatur,1544,1,1152,0,392,1,1368,0,10753,4,12121,4,0,37,0,6,1,1501,0,38,38
03-14-21,Dekalb,2695,1,2003,0,692,1,2313,0,16332,10,18645,10,0,51,-2,30,3,2614,0,55,52
03-14-21,Dickson,6355,5,4581,3,1774,2,5427,4,33450,30,38877,34,0,107,-3,60,8,6188,0,117,107
03-14-21,Dyer,5269,2,3484,0,1785,2,3931,1,21069,4,25000,5,0,102,2,30,0,5137,0,106,103
03-14-21,Fayette,4712,2,4068,1,644,1,5001,1,35632,38,40633,39,0,75,-1,34,3,4603,0,122,73
03-14-21,Fentress,2316,1,2014,1,302,0,2300,1,12385,2,14685,3,0,44,-2,12,3,2260,0,58,45
03-14-21,Franklin,4837,8,4061,6,776,2,4770,6,35306,25,40076,31,0,85,-1,79,9,4673,0,105,86
03-14-21,Gibson,6205,0,3760,0,2445,0,4559,0,28324,16,32883,16,0,141,-3,17,3,6047,0,105,142
03-14-21,Giles,3782,1,3155,1,627,0,3625,1,21988,11,25613,12,0,97,-1,30,2,3655,0,110,98
03-14-21,Grainger,2470,0,1854,0,616,0,2077,0,13428,17,15505,17,0,46,-4,34,4,2390,0,66,47
03-14-21,Greene,7354,4,5839,4,1515,0,6556,5,45603,36,52159,41,0,148,0,60,4,7146,0,177,149
03-14-21,Grundy,1719,1,1442,1,277,0,1651,1,8364,6,10015,7,0,30,-2,18,3,1671,0,55,30
03-14-21,Hamblen,8160,5,5791,0,2369,5,6501,0,44420,18,50921,18,0,169,-4,85,9,7906,1,251,168
03-14-21,Hamilton,41256,54,35734,45,5522,9,39967,56,303303,506,343270,562,0,465,20,546,34,40245,1,1095,470
03-14-21,Hancock,513,0,364,0,149,0,390,0,3715,2,4105,2,0,12,-1,10,1,491,0,20,12
03-14-21,Hardeman,3398,0,2757,0,641,0,3224,0,24102,15,27326,15,0,63,-1,4,1,3331,0,101,63
03-14-21,Hardin,3331,0,2284,0,1047,0,2724,0,22442,19,25166,19,0,64,-1,17,1,3250,0,63,64
03-14-21,Hawkins,5363,8,4392,5,971,3,4748,5,32352,24,37100,29,0,100,-2,95,10,5168,0,143,101
03-14-21,Haywood,2653,0,2227,0,426,0,2538,0,13235,4,15773,4,0,60,0,5,0,2588,0,81,60
03-14-21,Henderson,3640,1,2542,1,1098,0,3186,1,15650,4,18836,5,0,74,1,8,0,3558,0,76,74
03-14-21,Henry,3031,0,2366,0,665,0,2733,0,17289,8,20022,8,0,75,-1,3,1,2953,0,74,75
03-14-21,Hickman,2703,3,2184,1,519,2,2525,1,15692,14,18217,15,0,42,1,32,2,2629,1,54,43
03-14-21,Houston,1046,0,788,0,258,0,899,0,9198,4,10097,4,0,33,0,5,0,1008,0,39,33
03-14-21,Humphreys,1578,0,1028,0,550,0,1204,0,11088,6,12292,6,0,21,-2,17,2,1540,0,31,21
03-14-21,Jackson,1262,1,993,0,269,1,1159,0,5268,3,6427,3,0,34,1,10,0,1218,0,39,35
03-14-21,Jefferson,5803,5,4039,1,1764,4,4569,2,36908,26,41477,28,0,121,0,102,5,5580,0,174,120
03-14-21,Johnson,2182,1,1953,1,229,0,2081,1,14480,5,16561,6,0,38,1,11,0,2133,0,57,38
03-14-21,Knox,47318,60,40009,38,7309,22,43736,45,306754,407,350490,452,0,595,-10,551,70,46172,0,1299,598
03-14-21,Lake,1680,0,1494,0,186,0,1759,0,9671,3,11430,3,0,26,0,-1,0,1655,0,25,26
03-14-21,Lauderdale,3097,0,2417,0,680,0,2777,0,20179,14,22956,14,0,44,-1,9,1,3044,0,82,43
03-14-21,Lawrence,5598,1,4388,1,1210,0,4831,2,27966,34,32797,36,0,84,-3,17,4,5497,0,142,86
03-14-21,Lewis,1485,0,1152,0,333,0,1246,0,9691,4,10937,4,0,25,-2,6,2,1454,0,41,25
03-14-21,Lincoln,4174,1,3257,1,917,0,3702,3,16930,16,20632,19,0,62,-1,29,2,4083,0,80,60
03-14-21,Loudon,5803,2,4500,1,1303,1,4924,2,29862,20,34786,22,0,67,-9,69,11,5667,0,130,69
03-14-21,Macon,3397,1,2677,0,720,1,3152,0,15195,8,18347,8,0,74,-1,28,2,3295,0,118,74
03-14-21,Madison,10208,4,5738,3,4470,1,6996,3,52650,31,59646,34,0,234,-2,-600,6,10574,0,335,235
03-14-21,Marion,3001,2,2578,2,423,0,2874,2,18010,32,20884,34,0,45,-2,22,4,2934,0,108,46
03-14-21,Marshall,3949,1,3173,0,776,1,3581,0,22170,13,25751,13,0,57,-1,38,2,3854,0,86,57
03-14-21,Maury,12375,6,11001,5,1374,1,12147,5,69835,43,81982,48,0,162,-5,38,11,12175,0,280,161
03-14-21,McMinn,6044,7,5399,6,645,1,5954,6,40577,81,46531,87,0,93,3,84,4,5867,0,148,94
03-14-21,McNairy,2701,1,1923,1,778,0,2338,1,17558,8,19896,9,0,53,0,-15,1,2663,0,63,53
03-14-21,Meigs,1281,1,1159,1,122,0,1288,1,7660,6,8948,7,0,23,-1,7,2,1251,0,38,23
03-14-21,Monroe,5458,3,4329,2,1129,1,4864,4,25782,26,30646,30,0,92,-2,100,5,5266,0,149,94
03-14-21,Montgomery,17782,22,13065,14,4717,8,14371,15,106419,121,120790,136,0,213,6,-74,16,17643,0,297,219
03-14-21,Moore,950,2,739,1,211,1,836,1,4654,3,5490,4,0,17,2,6,0,927,0,16,17
03-14-21,Morgan,2334,0,1743,0,591,0,1888,0,14605,14,16493,14,0,38,-4,21,4,2275,0,38,38
03-14-21,Obion,4384,1,3262,1,1122,0,3695,2,21569,10,25264,12,0,95,1,11,0,4278,0,97,96
03-14-21,Out of State,16830,15,13450,12,3380,3,15194,15,591751,525,606945,540,0,102,-1,191,16,16537,0,203,94
03-14-21,Overton,2891,0,2181,0,710,0,2565,1,14433,10,16998,11,0,58,-1,37,1,2796,0,63,60
03-14-21,Pending,15658,12,10156,6,5502,6,11280,7,383163,366,394443,373,0,128,-4,120,16,15410,0,135,129
03-14-21,Perry,1043,0,899,0,144,0,1012,0,5931,4,6943,4,0,28,0,3,0,1012,0,28,28
03-14-21,Pickett,747,0,493,0,254,0,595,0,3752,0,4347,0,0,23,0,4,0,720,0,28,24
03-14-21,Polk,1828,1,1660,1,168,0,1832,1,8896,6,10728,7,0,24,0,45,1,1759,0,70,24
03-14-21,Putnam,10745,2,8816,0,1929,2,10574,0,68203,38,78777,38,0,171,-11,125,13,10449,0,204,173
03-14-21,Rhea,4196,0,3643,0,553,0,4076,1,25512,15,29588,16,0,73,-2,39,2,4084,0,83,75
03-14-21,Roane,5995,3,4681,1,1314,2,5213,1,41216,20,46429,21,0,96,-1,41,4,5858,0,142,98
03-14-21,Robertson,9129,13,7234,10,1895,3,8150,10,41357,37,49507,47,0,123,-5,104,18,8902,0,405,125
03-14-21,Rutherford,39454,42,34076,29,5378,13,39652,34,220896,261,260548,295,0,393,-3,581,45,38480,0,575,400
03-14-21,Scott,2914,2,1652,0,1262,2,1767,0,10959,1,12726,1,0,44,1,39,1,2831,0,60,44
03-14-21,Sequatchie,1594,1,1266,1,328,0,1383,1,11440,11,12823,12,0,27,1,30,0,1537,0,36,26
03-14-21,Sevier,12378,11,10802,8,1576,3,11869,7,63096,64,74965,71,0,166,-6,235,17,11977,2,267,169
03-14-21,Shelby,88633,65,82445,54,6188,11,101607,68,901758,1077,1003365,1145,0,1529,3,786,62,86318,4,3423,1561
03-14-21,Smith,2616,2,1993,2,623,0,2497,2,12827,17,15324,19,0,36,0,48,2,2532,0,57,36
03-14-21,Stewart,1258,0,951,0,307,0,1077,1,6568,5,7645,6,0,25,0,10,0,1223,0,24,25
03-14-21,Sullivan,14789,22,12874,16,1915,6,13945,20,82674,97,96619,117,0,276,12,334,10,14179,1,718,280
03-14-21,Sumner,21841,25,19499,16,2342,9,22066,20,113941,119,136007,139,0,325,-2,163,27,21353,0,692,328
03-14-21,Tipton,7014,2,4902,0,2112,2,5927,1,45064,36,50991,37,0,104,-3,48,5,6862,0,148,100
03-14-21,Trousdale,2417,2,2283,2,134,0,2446,3,8773,13,11219,16,0,22,1,19,1,2376,0,40,22
03-14-21,Unicoi,1827,0,1417,0,410,0,1566,0,12658,5,14224,5,0,47,-5,22,5,1758,0,65,48
03-14-21,Union,1774,1,1506,0,268,1,1626,0,10058,11,11684,11,0,34,-2,23,3,1717,0,56,34
03-14-21,Van Buren,804,1,669,1,135,0,739,1,5187,1,5926,2,0,20,1,4,0,780,0,20,21
03-14-21,Warren,5358,0,4586,0,772,0,5191,0,31527,27,36718,27,0,78,-5,36,5,5244,0,80,81
03-14-21,Washington,12955,5,11166,5,1789,0,12333,7,78765,70,91098,77,0,234,-6,160,11,12561,0,335,234
03-14-21,Wayne,2896,1,2348,1,548,0,2582,1,10958,15,13540,16,0,30,-1,25,2,2841,0,59,32
03-14-21,Weakley,3826,2,2869,2,957,0,3288,2,20921,8,24209,10,0,60,1,29,1,3737,0,61,60
03-14-21,White,3416,1,2826,0,590,1,3452,0,22030,13,25482,13,0,67,-2,31,3,3318,0,106,67
03-14-21,Williamson,25818,29,21937,15,3881,14,24356,15,173511,203,197867,218,0,207,4,178,25,25433,0,286,210
03-14-21,Wilson,16943,21,15279,17,1664,4,17402,22,96610,294,114012,316,0,212,-8,186,29,16545,0,326,215
03-13-21,Anderson,8213,11,6213,4,2000,7,6947,5,59816,76,66763,81,0,159,2,203,9,7851,1,199,165
03-13-21,Bedford,5927,15,4760,14,1167,1,5489,16,29937,68,35426,84,0,122,12,107,3,5698,0,127,122
03-13-21,Benton,1522,2,1223,1,299,1,1353,2,8677,10,10030,12,0,39,2,11,0,1472,0,35,40
03-13-21,Bledsoe,2029,1,1852,1,177,0,1966,2,14761,35,16727,37,0,10,0,10,1,2009,0,32,11
03-13-21,Blount,14337,29,12335,14,2002,15,13578,17,69570,145,83148,162,0,186,10,101,19,14050,1,324,187
03-13-21,Bradley,13401,42,11086,18,2315,24,12561,24,62043,118,74604,142,-1,141,12,365,31,12895,3,543,143
03-13-21,Campbell,3902,3,2193,1,1709,2,2463,1,24216,35,26679,36,0,59,-1,76,4,3767,0,117,61
03-13-21,Cannon,1810,3,1461,1,349,2,1629,3,8831,21,10460,24,0,31,2,53,1,1726,0,36,31
03-13-21,Carroll,3496,1,2301,0,1195,1,2730,2,19008,28,21738,30,0,81,0,6,1,3409,0,78,82
03-13-21,Carter,6029,5,5275,4,754,1,5797,7,35606,102,41403,109,0,155,2,45,3,5829,0,216,154
03-13-21,Cheatham,4059,30,3169,10,890,20,3585,11,25633,71,29218,82,0,46,27,122,3,3891,0,81,47
03-13-21,Chester,2040,1,1480,1,560,0,1765,2,11362,12,13127,14,0,48,0,10,1,1982,0,39,48
03-13-21,Claiborne,2896,5,1872,4,1024,1,2007,5,22982,31,24989,36,0,71,-1,59,6,2766,0,91,72
03-13-21,Clay,1072,0,740,0,332,0,851,1,5443,6,6294,7,0,31,-1,1,1,1040,0,24,30
03-13-21,Cocke,4140,19,2794,4,1346,15,3088,6,20522,54,23610,60,0,96,5,114,14,3930,2,111,96
03-13-21,Coffee,6518,23,4551,11,1967,12,5564,13,43783,76,49347,89,0,115,9,107,14,6296,0,117,116
03-13-21,Crockett,1973,0,1184,0,789,0,1380,1,7086,3,8466,4,-1,48,1,-13,0,1938,0,30,48
03-13-21,Cumberland,6195,10,5192,7,1003,3,5948,8,46666,51,52614,59,0,123,4,74,6,5998,0,149,126
03-13-21,Davidson,82983,212,78133,123,4850,89,94956,145,898533,2817,993489,2962,-12,871,144,956,80,81156,0,1886,885
03-13-21,Decatur,1543,1,1152,0,391,1,1368,0,10749,6,12117,6,0,37,1,6,0,1500,0,38,38
03-13-21,Dekalb,2694,4,2003,2,691,2,2313,2,16322,23,18635,25,0,51,0,32,4,2611,1,55,51
03-13-21,Dickson,6350,4,4578,2,1772,2,5423,2,33420,43,38843,45,0,107,-5,63,9,6180,0,117,107
03-13-21,Dyer,5267,2,3484,2,1783,0,3930,3,21065,26,24995,29,0,102,0,28,2,5137,0,106,103
03-13-21,Fayette,4710,6,4067,3,643,3,5000,5,35594,109,40594,114,0,75,4,35,2,4600,0,122,73
03-13-21,Fentress,2315,1,2013,0,302,1,2299,0,12383,87,14682,87,0,44,0,14,1,2257,0,58,44
03-13-21,Franklin,4829,13,4055,8,774,5,4764,8,35281,183,40045,191,0,85,10,80,3,4664,0,105,86
03-13-21,Gibson,6205,4,3760,2,2445,2,4559,2,28308,40,32867,42,0,141,3,20,1,6044,0,105,142
03-13-21,Giles,3781,6,3154,4,627,2,3624,6,21977,38,25601,44,0,97,4,31,2,3653,0,110,98
03-13-21,Grainger,2470,3,1854,0,616,3,2077,0,13411,11,15488,11,0,46,1,38,2,2386,0,66,47
03-13-21,Greene,7350,12,5835,10,1515,2,6551,12,45567,126,52118,138,0,148,10,60,2,7142,1,177,149
03-13-21,Grundy,1718,2,1441,0,277,2,1650,0,8358,62,10008,62,0,30,0,20,2,1668,0,55,30
03-13-21,Hamblen,8155,15,5791,3,2364,12,6501,3,44402,47,50903,50,0,169,7,89,8,7897,0,250,168
03-13-21,Hamilton,41202,78,35689,37,5513,41,39911,47,302797,626,342708,673,1,465,14,526,63,40211,2,1094,470
03-13-21,Hancock,513,1,364,0,149,1,390,0,3713,2,4103,2,0,12,-1,11,2,490,0,20,12
03-13-21,Hardeman,3398,1,2757,1,641,0,3224,1,24087,24,27311,25,-2,63,3,5,0,3330,0,101,63
03-13-21,Hardin,3331,0,2284,0,1047,0,2724,0,22423,33,25147,33,0,64,0,18,0,3249,0,63,64
03-13-21,Hawkins,5355,8,4387,4,968,4,4743,4,32328,123,37071,127,0,100,-1,97,9,5158,0,143,101
03-13-21,Haywood,2653,1,2227,1,426,0,2538,2,13231,11,15769,13,0,60,1,5,0,2588,0,81,60
03-13-21,Henderson,3639,1,2541,0,1098,1,3185,0,15646,17,18831,17,0,74,1,7,0,3558,0,76,74
03-13-21,Henry,3031,2,2366,1,665,1,2733,2,17281,17,20014,19,0,75,2,4,0,2952,0,74,75
03-13-21,Hickman,2700,2,2183,2,517,0,2524,2,15678,23,18202,25,0,42,-3,31,5,2627,0,53,42
03-13-21,Houston,1046,2,788,1,258,1,899,1,9194,4,10093,5,0,33,1,5,1,1008,0,39,33
03-13-21,Humphreys,1578,4,1028,4,550,0,1204,4,11082,11,12286,15,0,21,1,19,3,1538,0,31,21
03-13-21,Jackson,1261,1,993,1,268,0,1159,2,5265,15,6424,17,0,34,0,9,1,1218,0,39,35
03-13-21,Jefferson,5798,7,4038,2,1760,5,4567,7,36882,47,41449,54,1,121,-7,102,13,5575,0,174,120
03-13-21,Johnson,2181,0,1952,0,229,0,2080,0,14475,94,16555,94,0,38,-1,10,1,2133,0,57,38
03-13-21,Knox,47258,72,39971,35,7287,37,43691,41,306347,620,350038,661,1,595,-11,561,82,46102,1,1299,598
03-13-21,Lake,1680,1,1494,1,186,0,1759,1,9668,30,11427,31,0,26,1,-1,0,1655,0,25,26
03-13-21,Lauderdale,3097,0,2417,0,680,0,2777,0,20165,20,22942,20,0,44,-2,10,2,3043,0,82,43
03-13-21,Lawrence,5597,2,4387,2,1210,0,4829,3,27932,46,32761,49,0,84,-3,20,5,5493,0,142,85
03-13-21,Lewis,1485,1,1152,1,333,0,1246,1,9687,15,10933,16,0,25,0,8,1,1452,0,41,25
03-13-21,Lincoln,4173,1,3256,0,917,1,3699,1,16914,35,20613,36,0,62,-3,30,4,4081,0,80,60
03-13-21,Loudon,5801,7,4499,0,1302,7,4922,0,29842,54,34764,54,0,67,-1,78,8,5656,0,130,68
03-13-21,Macon,3396,3,2677,3,719,0,3152,4,15187,28,18339,32,0,74,-4,29,7,3293,0,118,74
03-13-21,Madison,10204,4,5735,2,4469,2,6993,2,52619,75,59612,77,0,234,0,-598,4,10568,0,335,235
03-13-21,Marion,2999,6,2576,5,423,1,2872,5,17978,76,20850,81,0,45,3,24,3,2930,0,108,46
03-13-21,Marshall,3948,2,3173,2,775,0,3581,2,22157,37,25738,39,0,57,1,39,1,3852,0,86,57
03-13-21,Maury,12369,14,10996,11,1373,3,12142,11,69792,140,81934,151,0,162,8,43,6,12164,0,280,161
03-13-21,McMinn,6037,8,5393,7,644,1,5948,9,40496,109,46444,118,0,93,-5,81,13,5863,1,148,94
03-13-21,McNairy,2700,1,1922,0,778,1,2337,0,17550,22,19887,22,0,53,0,-15,1,2662,0,63,53
03-13-21,Meigs,1280,4,1158,2,122,2,1287,2,7654,13,8941,15,0,23,0,8,4,1249,0,38,23
03-13-21,Monroe,5455,12,4327,7,1128,5,4860,5,25756,70,30616,75,0,92,5,102,7,5261,0,149,94
03-13-21,Montgomery,17760,65,13051,23,4709,42,14356,29,106298,224,120654,253,0,213,28,-80,37,17627,1,297,219
03-13-21,Moore,948,1,738,0,210,1,835,0,4651,5,5486,5,0,17,0,4,1,927,0,16,17
03-13-21,Morgan,2334,0,1743,0,591,0,1888,1,14591,33,16479,34,0,38,-2,25,2,2271,0,38,38
03-13-21,Obion,4383,4,3261,2,1122,2,3693,2,21559,42,25252,44,0,95,4,10,0,4278,0,97,96
03-13-21,Out of State,16815,34,13438,17,3377,17,15179,17,591226,1510,606405,1527,-1,102,22,192,13,16521,0,203,94
03-13-21,Overton,2891,2,2181,0,710,2,2564,0,14423,26,16987,26,0,58,2,38,0,2795,0,63,60
03-13-21,Pending,15646,31,10150,12,5496,19,11273,13,382797,894,394070,907,0,128,-4,124,35,15394,0,135,129
03-13-21,Perry,1043,0,899,0,144,0,1012,0,5927,6,6939,6,0,28,0,3,0,1012,0,28,28
03-13-21,Pickett,747,2,493,1,254,1,595,1,3752,28,4347,29,0,23,2,4,0,720,0,28,24
03-13-21,Polk,1827,2,1659,1,168,1,1831,2,8890,23,10721,25,0,24,1,45,1,1758,0,70,24
03-13-21,Putnam,10743,13,8816,3,1927,10,10574,4,68165,92,78739,96,0,171,1,136,12,10436,0,204,173
03-13-21,Rhea,4196,4,3643,4,553,0,4075,4,25497,48,29572,52,0,73,0,41,4,4082,0,83,74
03-13-21,Roane,5992,7,4680,2,1312,5,5212,4,41196,101,46408,105,0,96,4,42,3,5854,0,142,98
03-13-21,Robertson,9116,20,7224,9,1892,11,8140,9,41320,73,49460,82,0,123,12,109,8,8884,0,405,125
03-13-21,Rutherford,39412,146,34047,77,5365,69,39618,82,220635,604,260253,686,0,393,83,584,63,38435,1,575,400
03-13-21,Scott,2912,3,1652,2,1260,1,1767,2,10958,25,12725,27,0,44,0,38,3,2830,0,60,44
03-13-21,Sequatchie,1593,3,1265,0,328,3,1382,1,11429,18,12811,19,1,27,1,29,1,1537,0,36,26
03-13-21,Sevier,12367,22,10794,8,1573,14,11862,8,63032,101,74894,109,0,166,1,241,21,11960,2,265,169
03-13-21,Shelby,88568,135,82391,101,6177,34,101539,113,900681,2844,1002220,2957,1,1529,65,783,69,86256,2,3419,1559
03-13-21,Smith,2614,6,1991,3,623,3,2495,2,12810,16,15305,18,0,36,5,48,1,2530,0,57,36
03-13-21,Stewart,1258,3,951,0,307,3,1076,0,6563,12,7639,12,0,25,3,10,0,1223,0,24,25
03-13-21,Sullivan,14767,21,12858,10,1909,11,13925,30,82577,308,96502,338,0,276,1,322,20,14169,0,717,278
03-13-21,Sumner,21816,46,19483,26,2333,20,22046,22,113822,326,135868,348,0,325,21,165,25,21326,0,692,328
03-13-21,Tipton,7012,7,4902,4,2110,3,5926,1,45028,103,50954,104,0,104,-1,51,8,6857,0,148,100
03-13-21,Trousdale,2415,1,2281,1,134,0,2443,1,8760,12,11203,13,0,22,0,18,1,2375,0,40,22
03-13-21,Unicoi,1827,2,1417,1,410,1,1566,2,12653,25,14219,27,0,47,1,27,1,1753,0,65,48
03-13-21,Union,1773,2,1506,1,267,1,1626,2,10047,24,11673,26,0,34,-2,25,4,1714,0,56,34
03-13-21,Van Buren,803,2,668,1,135,1,738,1,5186,7,5924,8,0,20,2,3,0,780,0,20,21
03-13-21,Warren,5358,5,4586,2,772,3,5191,3,31500,63,36691,66,0,78,0,41,5,5239,0,80,81
03-13-21,Washington,12950,26,11161,18,1789,8,12326,17,78695,265,91021,282,0,234,11,166,15,12550,3,335,233
03-13-21,Wayne,2895,3,2347,0,548,3,2581,0,10943,9,13524,9,0,30,2,26,1,2839,0,59,32
03-13-21,Weakley,3824,5,2867,3,957,2,3286,4,20913,19,24199,23,0,60,4,28,1,3736,0,61,60
03-13-21,White,3415,4,2826,1,589,3,3452,1,22017,39,25469,40,0,67,-2,33,6,3315,0,106,67
03-13-21,Williamson,25789,70,21922,40,3867,30,24341,38,173308,536,197649,574,0,207,47,174,23,25408,0,286,210
03-13-21,Wilson,16922,58,15262,43,1660,15,17380,47,96316,256,113696,303,0,212,29,194,29,16516,0,326,214
03-12-21,Anderson,8202,20,6209,17,1993,3,6942,21,59740,106,66682,127,0,159,8,201,12,7842,0,198,165
03-12-21,Bedford,5912,8,4746,6,1166,2,5473,9,29869,32,35342,41,1,122,-4,95,11,5695,0,127,122
03-12-21,Benton,1520,3,1222,3,298,0,1351,3,8667,13,10018,16,0,39,3,9,0,1472,0,35,40
03-12-21,Bledsoe,2028,3,1851,2,177,1,1964,2,14726,39,16690,41,0,10,-1,10,4,2008,0,32,11
03-12-21,Blount,14308,10,12321,9,1987,1,13561,11,69425,174,82986,185,0,186,-16,91,26,14031,0,323,186
03-12-21,Bradley,13359,56,11068,51,2291,5,12537,59,61925,144,74462,203,0,142,22,353,34,12864,2,540,143
03-12-21,Campbell,3899,5,2192,1,1707,4,2462,1,24181,31,26643,32,0,59,-3,77,8,3763,0,117,61
03-12-21,Cannon,1807,3,1460,1,347,2,1626,1,8810,10,10436,11,0,31,1,51,2,1725,0,36,31
03-12-21,Carroll,3495,3,2301,2,1194,1,2728,2,18980,20,21708,22,0,81,2,6,1,3408,0,78,82
03-12-21,Carter,6024,3,5271,3,753,0,5790,5,35504,49,41294,54,0,155,-7,43,10,5826,0,216,154
03-12-21,Cheatham,4029,13,3159,4,870,9,3574,5,25562,37,29136,42,0,46,10,95,3,3888,0,81,46
03-12-21,Chester,2039,6,1479,2,560,4,1763,1,11350,13,13113,14,0,48,4,10,2,1981,0,39,48
03-12-21,Claiborne,2891,3,1868,3,1023,0,2002,4,22951,36,24953,40,0,71,-1,60,4,2760,0,91,72
03-12-21,Clay,1072,0,740,0,332,0,850,0,5437,10,6287,10,0,31,0,2,0,1039,0,24,30
03-12-21,Cocke,4121,16,2790,4,1331,12,3082,6,20468,38,23550,44,0,96,5,109,11,3916,0,109,96
03-12-21,Coffee,6495,4,4540,4,1955,0,5551,6,43707,53,49258,59,0,115,-5,98,9,6282,0,117,115
03-12-21,Crockett,1973,0,1184,0,789,0,1379,0,7083,7,8462,7,0,49,-1,-14,1,1938,0,30,48
03-12-21,Cumberland,6185,7,5185,6,1000,1,5940,9,46615,52,52555,61,0,123,3,70,4,5992,0,149,125
03-12-21,Davidson,82771,130,78010,108,4761,22,94811,120,895716,2658,990527,2778,0,883,-1,812,131,81076,1,1886,884
03-12-21,Decatur,1542,0,1152,0,390,0,1368,0,10743,9,12111,9,0,37,-3,5,3,1500,0,38,38
03-12-21,Dekalb,2690,3,2001,2,689,1,2311,4,16299,30,18610,34,0,51,-4,32,7,2607,0,54,51
03-12-21,Dickson,6346,3,4576,0,1770,3,5421,1,33377,58,38798,59,0,107,-6,68,9,6171,0,117,107
03-12-21,Dyer,5265,1,3482,0,1783,1,3927,0,21039,28,24966,28,0,102,0,28,1,5135,0,106,103
03-12-21,Fayette,4704,4,4064,3,640,1,4995,7,35485,49,40480,56,1,75,1,31,2,4598,1,122,73
03-12-21,Fentress,2314,5,2013,4,301,1,2299,4,12296,12,14595,16,0,44,4,14,1,2256,0,58,44
03-12-21,Franklin,4816,9,4047,7,769,2,4756,9,35098,37,39854,46,0,85,7,70,2,4661,1,105,86
03-12-21,Gibson,6201,5,3758,4,2443,1,4557,4,28268,33,32825,37,0,141,3,17,2,6043,1,105,142
03-12-21,Giles,3775,5,3150,0,625,5,3618,2,21939,20,25557,22,0,97,-5,27,10,3651,0,110,98
03-12-21,Grainger,2467,4,1854,2,613,2,2077,3,13400,39,15477,42,0,46,1,37,3,2384,0,66,47
03-12-21,Greene,7338,4,5825,4,1513,0,6539,5,45441,130,51980,135,0,148,-1,50,5,7140,1,176,148
03-12-21,Grundy,1716,3,1441,0,275,3,1650,0,8296,25,9946,25,0,30,-2,20,5,1666,0,55,30
03-12-21,Hamblen,8140,15,5788,4,2352,11,6498,6,44355,87,50853,93,1,169,5,82,9,7889,0,250,168
03-12-21,Hamilton,41124,60,35652,51,5472,9,39864,63,302171,609,342035,672,1,464,-10,512,69,40148,0,1092,469
03-12-21,Hancock,512,2,364,1,148,1,390,1,3711,8,4101,9,0,12,2,12,0,488,0,20,12
03-12-21,Hardeman,3397,1,2756,1,641,0,3223,1,24063,39,27286,40,0,65,1,2,0,3330,0,101,63
03-12-21,Hardin,3331,1,2284,1,1047,0,2724,1,22390,23,25114,24,0,64,1,18,0,3249,0,63,64
03-12-21,Hawkins,5347,16,4383,13,964,3,4739,14,32205,47,36944,61,2,100,5,98,9,5149,1,143,101
03-12-21,Haywood,2652,1,2226,1,426,0,2536,1,13220,13,15756,14,0,60,-1,4,2,2588,0,81,60
03-12-21,Henderson,3638,2,2541,1,1097,1,3185,1,15629,18,18814,19,0,74,2,6,0,3558,0,76,74
03-12-21,Henry,3029,3,2365,1,664,2,2731,1,17264,18,19995,19,0,75,0,2,3,2952,0,74,75
03-12-21,Hickman,2698,1,2181,1,517,0,2522,3,15655,35,18177,38,0,42,-4,34,5,2622,0,53,42
03-12-21,Houston,1044,0,787,0,257,0,898,0,9190,3,10088,3,0,33,0,4,0,1007,0,39,33
03-12-21,Humphreys,1574,1,1024,0,550,1,1200,0,11071,11,12271,11,0,21,-2,18,3,1535,0,31,21
03-12-21,Jackson,1260,2,992,2,268,0,1157,2,5250,8,6407,10,0,34,1,9,1,1217,0,39,35
03-12-21,Jefferson,5791,14,4036,9,1755,5,4560,9,36835,224,41395,233,0,120,0,109,14,5562,0,174,120
03-12-21,Johnson,2181,1,1952,1,229,0,2080,1,14381,26,16461,27,0,38,-1,11,2,2132,0,57,38
03-12-21,Knox,47186,62,39936,59,7250,3,43650,67,305727,699,349377,766,0,594,-53,572,115,46020,1,1298,596
03-12-21,Lake,1679,0,1493,0,186,0,1758,0,9638,6,11396,6,0,26,0,-2,0,1655,0,25,26
03-12-21,Lauderdale,3097,0,2417,0,680,0,2777,2,20145,13,22922,15,0,44,0,12,0,3041,0,82,43
03-12-21,Lawrence,5595,0,4385,0,1210,0,4826,0,27886,28,32712,28,0,84,-4,23,4,5488,0,142,85
03-12-21,Lewis,1484,1,1151,0,333,1,1245,0,9672,4,10917,4,0,25,0,8,1,1451,0,41,25
03-12-21,Lincoln,4172,6,3256,3,916,3,3698,3,16879,24,20577,27,0,62,-4,33,10,4077,0,80,60
03-12-21,Loudon,5794,1,4499,0,1295,1,4922,1,29788,46,34710,47,1,67,-12,79,12,5648,0,130,68
03-12-21,Macon,3393,3,2674,1,719,2,3148,2,15159,36,18307,38,1,74,0,33,2,3286,0,118,74
03-12-21,Madison,10200,8,5733,4,4467,4,6991,9,52544,56,59535,65,0,234,2,-598,6,10564,0,335,235
03-12-21,Marion,2993,5,2571,5,422,0,2867,5,17902,38,20769,43,0,45,1,21,4,2927,0,108,46
03-12-21,Marshall,3946,0,3171,0,775,0,3579,0,22120,28,25699,28,0,57,-4,38,4,3851,0,86,57
03-12-21,Maury,12355,7,10985,7,1370,0,12131,10,69652,72,81783,82,0,162,-7,35,14,12158,0,280,161
03-12-21,McMinn,6029,16,5386,16,643,0,5939,16,40387,78,46326,94,0,93,9,86,7,5850,0,147,94
03-12-21,McNairy,2699,2,1922,2,777,0,2337,2,17528,23,19865,25,0,53,0,-15,2,2661,0,63,53
03-12-21,Meigs,1276,0,1156,0,120,0,1285,0,7641,14,8926,14,0,23,-2,8,2,1245,0,38,23
03-12-21,Monroe,5443,7,4320,6,1123,1,4855,8,25686,45,30541,53,0,92,0,97,7,5254,0,149,94
03-12-21,Montgomery,17695,20,13028,7,4667,13,14327,7,106074,164,120401,171,0,213,-15,-108,35,17590,1,296,219
03-12-21,Moore,947,1,738,1,209,0,835,1,4646,7,5481,8,0,17,0,4,1,926,0,16,17
03-12-21,Morgan,2334,4,1743,4,591,0,1887,4,14558,16,16445,20,0,38,3,27,1,2269,1,38,38
03-12-21,Obion,4379,0,3259,0,1120,0,3691,0,21517,43,25208,43,0,95,-1,6,1,4278,0,97,96
03-12-21,Out of State,16781,36,13421,25,3360,11,15162,28,589716,959,604878,987,0,103,13,170,23,16508,0,203,94
03-12-21,Overton,2889,6,2181,6,708,0,2564,7,14397,34,16961,41,0,58,5,36,1,2795,0,63,60
03-12-21,Pending,15615,23,10138,15,5477,8,11260,15,381903,724,393163,739,0,128,2,128,21,15359,0,135,129
03-12-21,Perry,1043,1,899,1,144,0,1012,1,5921,6,6933,7,0,28,1,3,0,1012,0,28,28
03-12-21,Pickett,745,0,492,0,253,0,594,1,3724,3,4318,4,0,23,0,2,0,720,0,28,24
03-12-21,Polk,1825,8,1658,7,167,1,1829,5,8867,21,10696,26,0,24,2,44,6,1757,1,70,24
03-12-21,Putnam,10730,13,8813,11,1917,2,10570,19,68073,150,78643,169,0,171,5,135,8,10424,0,204,173
03-12-21,Rhea,4192,8,3639,6,553,2,4071,6,25449,44,29520,50,0,73,2,41,6,4078,0,83,74
03-12-21,Roane,5985,7,4678,5,1307,2,5208,6,41095,63,46303,69,0,96,0,38,7,5851,0,142,98
03-12-21,Robertson,9096,8,7215,6,1881,2,8131,7,41247,61,49378,68,0,123,1,97,7,8876,0,405,124
03-12-21,Rutherford,39266,57,33970,40,5296,17,39536,46,220031,423,259567,469,1,393,-25,501,81,38372,0,574,399
03-12-21,Scott,2909,2,1650,1,1259,1,1765,1,10933,25,12698,26,0,44,-4,38,6,2827,0,60,44
03-12-21,Sequatchie,1590,2,1265,1,325,1,1381,1,11411,32,12792,33,-1,26,-3,28,6,1536,0,36,26
03-12-21,Sevier,12345,41,10786,22,1559,19,11854,26,62931,155,74785,181,0,166,25,240,16,11939,0,263,169
03-12-21,Shelby,88433,113,82290,96,6143,17,101426,127,897837,2138,999263,2265,5,1528,29,718,79,86187,1,3417,1559
03-12-21,Smith,2608,9,1988,5,620,4,2493,6,12794,28,15287,34,0,36,6,43,3,2529,0,57,36
03-12-21,Stewart,1255,2,951,0,304,2,1076,0,6551,7,7627,7,0,25,2,7,0,1223,0,24,25
03-12-21,Sullivan,14746,31,12848,26,1898,5,13895,23,82269,93,96164,116,0,276,20,321,11,14149,0,717,278
03-12-21,Sumner,21770,48,19457,42,2313,6,22024,44,113496,184,135520,228,0,325,16,144,32,21301,0,692,328
03-12-21,Tipton,7005,6,4898,1,2107,5,5925,1,44925,85,50850,86,0,104,-6,52,12,6849,0,148,100
03-12-21,Trousdale,2414,1,2280,1,134,0,2442,1,8748,18,11190,19,0,22,1,18,0,2374,0,40,22
03-12-21,Unicoi,1825,1,1416,1,409,0,1564,1,12628,22,14192,23,0,47,0,26,1,1752,0,65,48
03-12-21,Union,1771,7,1505,6,266,1,1624,8,10023,16,11647,24,0,34,0,27,7,1710,0,56,34
03-12-21,Van Buren,801,1,667,0,134,1,737,0,5179,7,5916,7,0,20,1,1,0,780,0,20,21
03-12-21,Warren,5353,6,4584,6,769,0,5188,7,31437,46,36625,53,0,78,2,41,4,5234,0,80,80
03-12-21,Washington,12924,20,11143,19,1781,1,12309,23,78430,154,90739,177,0,234,7,155,13,12535,0,332,233
03-12-21,Wayne,2892,1,2347,0,545,1,2581,0,10934,19,13515,19,0,30,1,24,0,2838,0,59,32
03-12-21,Weakley,3819,2,2864,1,955,1,3282,2,20894,54,24176,56,0,60,1,24,1,3735,0,61,60
03-12-21,White,3411,4,2825,1,586,3,3451,2,21978,42,25429,44,0,67,-4,35,8,3309,0,106,67
03-12-21,Williamson,25719,29,21882,20,3837,9,24303,25,172772,439,197075,464,3,207,-29,127,55,25385,0,286,210
03-12-21,Wilson,16864,19,15219,16,1645,3,17333,19,96060,199,113393,218,0,212,-14,165,33,16487,0,326,214
03-11-21,Anderson,8182,24,6192,10,1990,14,6921,8,59634,97,66555,105,0,159,2,193,22,7830,1,198,165
03-11-21,Bedford,5904,16,4740,11,1164,5,5464,11,29837,74,35301,85,0,121,11,99,5,5684,0,127,122
03-11-21,Benton,1517,1,1219,0,298,1,1348,0,8654,7,10002,7,0,39,-2,6,3,1472,0,35,40
03-11-21,Bledsoe,2025,3,1849,3,176,0,1962,3,14687,33,16649,36,0,10,-3,11,6,2004,0,32,11
03-11-21,Blount,14298,24,12312,15,1986,9,13550,15,69251,148,82801,163,1,186,2,107,21,14005,0,323,185
03-11-21,Bradley,13303,56,11017,33,2286,23,12478,35,61781,183,74259,218,1,142,37,331,18,12830,1,538,143
03-11-21,Campbell,3894,14,2191,2,1703,12,2461,2,24150,18,26611,20,0,59,12,80,2,3755,0,117,61
03-11-21,Cannon,1804,1,1459,0,345,1,1625,0,8800,25,10425,25,0,31,-1,50,2,1723,0,36,31
03-11-21,Carroll,3492,3,2299,2,1193,1,2726,4,18960,17,21686,21,0,81,2,4,1,3407,0,78,82
03-11-21,Carter,6021,7,5268,6,753,1,5785,6,35455,63,41240,69,0,155,1,50,6,5816,1,216,154
03-11-21,Cheatham,4016,14,3155,8,861,6,3569,8,25525,51,29094,59,1,46,-1,85,14,3885,0,81,46
03-11-21,Chester,2033,2,1477,2,556,0,1762,3,11337,7,13099,10,0,48,2,6,0,1979,0,39,48
03-11-21,Claiborne,2888,10,1865,6,1023,4,1998,7,22915,21,24913,28,0,71,0,61,10,2756,0,91,72
03-11-21,Clay,1072,0,740,0,332,0,850,0,5427,11,6277,11,0,31,-2,2,2,1039,0,24,30
03-11-21,Cocke,4105,10,2786,1,1319,9,3076,4,20430,24,23506,28,0,96,6,104,4,3905,0,109,96
03-11-21,Coffee,6491,13,4536,9,1955,4,5545,8,43654,72,49199,80,0,115,2,103,11,6273,1,117,115
03-11-21,Crockett,1973,0,1184,0,789,0,1379,0,7076,12,8455,12,1,49,-1,-13,0,1937,0,30,48
03-11-21,Cumberland,6178,4,5179,1,999,3,5931,2,46563,46,52494,48,0,123,-6,67,10,5988,0,149,125
03-11-21,Davidson,82641,158,77902,131,4739,27,94691,148,893058,4626,987749,4774,2,883,18,813,138,80945,2,1885,883
03-11-21,Decatur,1542,0,1152,0,390,0,1368,0,10734,9,12102,9,0,37,0,8,0,1497,0,38,38
03-11-21,Dekalb,2687,1,1999,0,688,1,2307,1,16269,26,18576,27,0,51,-4,36,5,2600,0,54,51
03-11-21,Dickson,6343,13,4576,8,1767,5,5420,8,33319,71,38739,79,0,107,2,74,11,6162,0,117,107
03-11-21,Dyer,5264,5,3482,3,1782,2,3927,2,21011,25,24938,27,0,102,2,28,3,5134,0,106,103
03-11-21,Fayette,4700,5,4061,3,639,2,4988,3,35436,83,40424,86,0,74,-2,30,7,4596,0,121,73
03-11-21,Fentress,2309,3,2009,1,300,2,2295,1,12284,13,14579,14,0,44,2,10,1,2255,0,58,44
03-11-21,Franklin,4807,4,4040,3,767,1,4747,4,35061,52,39808,56,0,85,-8,63,12,4659,0,104,85
03-11-21,Gibson,6196,2,3754,2,2442,0,4553,4,28235,86,32788,90,0,141,1,14,1,6041,0,104,142
03-11-21,Giles,3770,6,3150,6,620,0,3616,6,21919,21,25535,27,0,97,4,32,2,3641,0,110,98
03-11-21,Grainger,2463,2,1852,2,611,0,2074,3,13361,16,15435,19,0,46,-3,36,5,2381,0,66,47
03-11-21,Greene,7334,6,5821,5,1513,1,6534,6,45311,151,51845,157,0,148,0,51,6,7135,0,175,148
03-11-21,Grundy,1713,1,1441,1,272,0,1650,2,8271,18,9921,20,0,30,-2,22,3,1661,0,55,30
03-11-21,Hamblen,8125,4,5784,0,2341,4,6492,2,44268,39,50760,41,0,168,-7,77,11,7880,0,250,168
03-11-21,Hamilton,41064,57,35601,37,5463,20,39801,44,301562,548,341363,592,-1,463,-3,522,61,40079,0,1092,469
03-11-21,Hancock,510,2,363,2,147,0,389,1,3703,7,4092,8,0,12,2,10,0,488,1,20,12
03-11-21,Hardeman,3396,3,2755,2,641,1,3222,2,24024,22,27246,24,0,65,-1,1,4,3330,0,101,63
03-11-21,Hardin,3330,1,2283,0,1047,1,2723,0,22367,25,25090,25,0,64,0,17,1,3249,0,63,64
03-11-21,Hawkins,5331,5,4370,3,961,2,4725,4,32158,102,36883,106,0,98,-3,93,8,5140,1,142,100
03-11-21,Haywood,2651,1,2225,1,426,0,2535,1,13207,10,15742,11,0,60,1,5,0,2586,0,81,60
03-11-21,Henderson,3636,1,2540,0,1096,1,3184,0,15611,11,18795,11,0,74,0,4,1,3558,0,76,74
03-11-21,Henry,3026,6,2364,4,662,2,2730,5,17246,16,19976,21,0,75,5,2,1,2949,0,74,75
03-11-21,Hickman,2697,6,2180,4,517,2,2519,4,15620,26,18139,30,0,42,-2,38,8,2617,0,53,42
03-11-21,Houston,1044,3,787,3,257,0,898,5,9187,8,10085,13,0,33,3,4,0,1007,0,39,33
03-11-21,Humphreys,1573,4,1024,1,549,3,1200,2,11060,12,12260,14,0,21,-2,20,6,1532,0,31,21
03-11-21,Jackson,1258,1,990,1,268,0,1155,1,5242,9,6397,10,0,34,0,8,1,1216,0,39,35
03-11-21,Jefferson,5777,13,4027,5,1750,8,4551,4,36611,53,41162,57,0,120,-1,109,14,5548,0,174,120
03-11-21,Johnson,2180,2,1951,1,229,1,2079,1,14355,20,16434,21,0,38,-3,12,5,2130,0,57,38
03-11-21,Knox,47124,85,39877,58,7247,27,43583,64,305028,613,348611,677,2,594,-17,625,100,45905,0,1297,594
03-11-21,Lake,1679,0,1493,0,186,0,1758,0,9632,9,11390,9,0,26,-1,-2,1,1655,0,25,26
03-11-21,Lauderdale,3097,2,2417,0,680,2,2775,0,20132,31,22907,31,0,44,1,12,1,3041,0,82,43
03-11-21,Lawrence,5595,7,4385,5,1210,2,4826,5,27858,39,32684,44,0,84,0,27,7,5484,1,142,85
03-11-21,Lewis,1483,0,1151,0,332,0,1245,0,9668,6,10913,6,0,25,-3,8,3,1450,0,41,25
03-11-21,Lincoln,4166,3,3253,1,913,2,3695,1,16855,28,20550,29,0,62,0,37,3,4067,0,80,60
03-11-21,Loudon,5793,13,4499,8,1294,5,4921,10,29742,38,34663,48,0,66,5,91,8,5636,0,130,67
03-11-21,Macon,3390,2,2673,2,717,0,3146,2,15123,36,18269,38,0,73,0,33,2,3284,0,118,74
03-11-21,Madison,10192,14,5729,7,4463,7,6982,8,52488,70,59470,78,0,234,10,-600,4,10558,0,335,234
03-11-21,Marion,2988,6,2566,4,422,2,2862,4,17864,24,20726,28,0,45,2,20,4,2923,0,108,46
03-11-21,Marshall,3946,7,3171,1,775,6,3579,2,22092,21,25671,23,0,57,3,42,4,3847,0,86,57
03-11-21,Maury,12348,21,10978,20,1370,1,12121,19,69580,90,81701,109,0,162,9,42,12,12144,3,280,161
03-11-21,McMinn,6013,11,5370,6,643,5,5923,6,40309,141,46232,147,0,93,-2,77,13,5843,0,147,94
03-11-21,McNairy,2697,2,1920,2,777,0,2335,2,17505,9,19840,11,0,53,0,-15,2,2659,0,63,53
03-11-21,Meigs,1276,0,1156,0,120,0,1285,0,7627,21,8912,21,0,23,-1,10,1,1243,0,38,23
03-11-21,Monroe,5436,8,4314,7,1122,1,4847,7,25641,46,30488,53,0,92,-4,97,12,5247,0,149,94
03-11-21,Montgomery,17675,30,13021,19,4654,11,14320,22,105910,200,120230,222,0,213,-2,-93,32,17555,0,295,218
03-11-21,Moore,946,0,737,0,209,0,834,0,4639,9,5473,9,0,17,-1,4,1,925,0,16,17
03-11-21,Morgan,2330,4,1739,3,591,1,1883,4,14542,15,16425,19,0,38,2,24,2,2268,0,37,38
03-11-21,Obion,4379,3,3259,2,1120,1,3691,2,21474,40,25165,42,0,95,2,7,1,4277,0,97,96
03-11-21,Out of State,16745,33,13396,27,3349,6,15134,38,588757,1857,603891,1895,3,103,8,157,22,16485,0,203,94
03-11-21,Overton,2883,2,2175,0,708,2,2557,0,14363,22,16920,22,0,58,-2,31,4,2794,0,63,59
03-11-21,Pending,15592,36,10123,21,5469,15,11245,23,381179,1110,392424,1133,-1,128,2,126,35,15338,0,135,129
03-11-21,Perry,1042,2,898,0,144,2,1011,0,5915,3,6926,3,0,28,2,2,0,1012,0,28,28
03-11-21,Pickett,745,0,492,0,253,0,593,0,3721,6,4314,6,0,23,0,2,0,720,0,28,24
03-11-21,Polk,1817,2,1651,2,166,0,1824,2,8846,25,10670,27,1,24,-5,42,6,1751,0,69,24
03-11-21,Putnam,10717,13,8802,6,1915,7,10551,8,67923,102,78474,110,0,171,3,130,10,10416,0,204,172
03-11-21,Rhea,4184,2,3633,2,551,0,4065,2,25405,39,29470,41,0,73,1,39,1,4072,0,83,74
03-11-21,Roane,5978,5,4673,4,1305,1,5202,4,41032,65,46234,69,0,96,-5,38,10,5844,0,142,98
03-11-21,Robertson,9088,14,7209,8,1879,6,8124,9,41186,87,49310,96,1,123,0,96,13,8869,1,405,124
03-11-21,Rutherford,39209,92,33930,56,5279,36,39490,61,219608,600,259098,661,1,392,15,526,76,38291,0,574,397
03-11-21,Scott,2907,5,1649,1,1258,4,1764,1,10908,11,12672,12,0,44,0,42,5,2821,0,60,44
03-11-21,Sequatchie,1588,2,1264,0,324,2,1380,0,11379,7,12759,7,1,27,-6,31,7,1530,0,36,26
03-11-21,Sevier,12304,36,10764,18,1540,18,11828,21,62776,135,74604,156,1,166,23,215,12,11923,0,263,167
03-11-21,Shelby,88320,112,82194,101,6126,11,101299,124,895699,3757,996998,3881,1,1523,9,689,102,86108,1,3416,1559
03-11-21,Smith,2599,4,1983,4,616,0,2487,4,12766,23,15253,27,0,36,-1,37,5,2526,0,57,36
03-11-21,Stewart,1253,3,951,2,302,1,1076,2,6544,6,7620,8,0,25,3,5,0,1223,0,24,25
03-11-21,Sullivan,14715,92,12822,84,1893,8,13872,78,82176,374,96048,452,0,276,60,301,32,14138,0,717,277
03-11-21,Sumner,21722,52,19415,31,2307,21,21980,34,113312,284,135292,318,2,325,10,128,40,21269,1,692,328
03-11-21,Tipton,6999,4,4897,1,2102,3,5924,2,44840,111,50764,113,0,104,-8,58,12,6837,0,148,100
03-11-21,Trousdale,2413,3,2279,2,134,1,2441,2,8730,14,11171,16,0,22,-1,17,4,2374,0,40,22
03-11-21,Unicoi,1824,0,1415,0,409,0,1563,1,12606,19,14169,20,0,47,-1,26,1,1751,0,65,48
03-11-21,Union,1764,3,1499,3,265,0,1616,2,10007,10,11623,12,0,34,0,27,3,1703,0,56,34
03-11-21,Van Buren,800,0,667,0,133,0,737,0,5172,5,5909,5,0,20,-3,0,3,780,0,20,21
03-11-21,Warren,5347,6,4578,4,769,2,5181,4,31391,49,36572,53,0,78,0,39,6,5230,0,80,79
03-11-21,Washington,12904,21,11124,8,1780,13,12286,8,78276,152,90562,160,0,234,6,148,15,12522,0,332,233
03-11-21,Wayne,2891,3,2347,2,544,1,2581,3,10915,10,13496,13,0,30,1,23,2,2838,0,59,31
03-11-21,Weakley,3817,5,2863,3,954,2,3280,4,20840,21,24120,25,0,60,4,23,1,3734,0,61,60
03-11-21,White,3407,1,2824,0,583,1,3449,1,21936,26,25385,27,0,67,-7,39,8,3301,0,106,67
03-11-21,Williamson,25690,46,21862,25,3828,21,24278,27,172333,580,196611,607,0,204,0,156,46,25330,0,286,209
03-11-21,Wilson,16845,34,15203,25,1642,9,17314,26,95861,209,113175,235,0,212,0,179,34,16454,0,326,214
03-10-21,Anderson,8158,22,6182,13,1976,9,6913,16,59537,157,66450,173,0,159,11,191,11,7808,1,197,164
03-10-21,Bedford,5888,22,4729,14,1159,8,5453,13,29763,99,35216,112,0,121,19,88,3,5679,0,127,122
03-10-21,Benton,1516,4,1219,2,297,2,1348,2,8647,12,9995,14,0,39,4,8,0,1469,0,35,40
03-10-21,Bledsoe,2022,3,1846,2,176,1,1959,2,14654,38,16613,40,0,10,-1,14,4,1998,0,32,10
03-10-21,Blount,14274,35,12297,26,1977,9,13535,25,69103,221,82638,246,0,185,-9,105,44,13984,2,323,184
03-10-21,Bradley,13247,46,10984,33,2263,13,12443,35,61598,181,74041,216,0,141,19,294,27,12812,1,537,143
03-10-21,Campbell,3880,10,2189,5,1691,5,2459,9,24132,31,26591,40,0,59,2,68,8,3753,0,117,61
03-10-21,Cannon,1803,5,1459,4,344,1,1625,4,8775,23,10400,27,0,31,1,51,4,1721,1,36,31
03-10-21,Carroll,3489,2,2297,2,1192,0,2722,2,18943,19,21665,21,0,81,1,2,1,3406,0,78,82
03-10-21,Carter,6014,6,5262,5,752,1,5779,5,35392,129,41171,134,0,155,-3,49,9,5810,0,215,154
03-10-21,Cheatham,4002,9,3147,7,855,2,3561,9,25474,63,29035,72,0,45,-1,86,10,3871,0,81,46
03-10-21,Chester,2031,2,1475,2,556,0,1759,2,11330,72,13089,74,0,48,1,4,1,1979,0,39,48
03-10-21,Claiborne,2878,7,1859,7,1019,0,1991,7,22894,98,24885,105,0,71,-16,61,23,2746,0,91,72
03-10-21,Clay,1072,1,740,1,332,0,850,2,5416,14,6266,16,0,31,-1,4,2,1037,0,24,30
03-10-21,Cocke,4095,26,2785,14,1310,12,3072,14,20406,106,23478,120,0,96,22,98,4,3901,0,109,96
03-10-21,Coffee,6478,11,4527,4,1951,7,5537,4,43582,155,49119,159,0,115,-2,101,13,6262,0,116,115
03-10-21,Crockett,1973,0,1184,0,789,0,1379,0,7064,9,8443,9,1,48,-2,-12,1,1937,0,30,48
03-10-21,Cumberland,6174,21,5178,13,996,8,5929,15,46517,115,52446,130,0,123,19,73,2,5978,1,149,125
03-10-21,Davidson,82483,152,77771,124,4712,28,94543,148,888432,3912,982975,4060,0,881,-3,795,155,80807,3,1883,883
03-10-21,Decatur,1542,0,1152,0,390,0,1368,0,10725,13,12093,13,0,37,0,8,0,1497,0,38,38
03-10-21,Dekalb,2686,4,1999,3,687,1,2306,3,16243,42,18549,45,0,51,3,40,1,2595,0,54,51
03-10-21,Dickson,6330,5,4568,5,1762,0,5412,8,33248,91,38660,99,0,107,-7,72,12,6151,0,117,107
03-10-21,Dyer,5259,4,3479,3,1780,1,3925,5,20986,39,24911,44,0,102,1,26,3,5131,1,106,103
03-10-21,Fayette,4695,8,4058,4,637,4,4985,5,35353,105,40338,110,0,74,2,32,6,4589,1,121,73
03-10-21,Fentress,2306,1,2008,1,298,0,2294,1,12271,101,14565,102,0,44,-2,8,3,2254,0,58,44
03-10-21,Franklin,4803,15,4037,13,766,2,4743,13,35009,204,39752,217,0,85,12,71,3,4647,0,104,85
03-10-21,Gibson,6194,2,3752,2,2442,0,4549,2,28149,40,32698,42,0,141,0,13,2,6040,0,104,142
03-10-21,Giles,3764,4,3144,4,620,0,3610,5,21898,43,25508,48,0,97,3,28,1,3639,0,110,97
03-10-21,Grainger,2461,4,1850,3,611,1,2071,3,13345,48,15416,51,0,46,3,39,1,2376,0,66,47
03-10-21,Greene,7328,10,5816,7,1512,3,6528,7,45160,344,51688,351,1,148,-1,51,10,7129,1,175,148
03-10-21,Grundy,1712,0,1440,0,272,0,1648,0,8253,66,9901,66,0,30,-4,24,4,1658,0,55,30
03-10-21,Hamblen,8121,16,5784,8,2337,8,6490,9,44229,127,50719,136,1,168,2,84,13,7869,0,250,168
03-10-21,Hamilton,41007,98,35564,77,5443,21,39757,83,301014,865,340771,948,0,464,28,525,70,40018,6,1092,467
03-10-21,Hancock,508,4,361,1,147,3,388,1,3696,7,4084,8,0,12,3,8,1,488,0,19,12
03-10-21,Hardeman,3393,2,2753,1,640,1,3220,1,24002,25,27222,26,0,65,-1,2,3,3326,0,101,63
03-10-21,Hardin,3329,3,2283,3,1046,0,2723,3,22342,30,25065,33,0,64,2,17,1,3248,0,63,64
03-10-21,Hawkins,5326,23,4367,20,959,3,4721,21,32056,196,36777,217,0,98,7,96,16,5132,1,141,100
03-10-21,Haywood,2650,2,2224,2,426,0,2534,2,13197,25,15731,27,0,60,0,4,2,2586,0,81,60
03-10-21,Henderson,3635,4,2540,4,1095,0,3184,4,15600,17,18784,21,0,74,0,4,4,3557,1,76,74
03-10-21,Henry,3020,4,2360,4,660,0,2725,4,17230,34,19955,38,0,75,2,-3,2,2948,0,74,75
03-10-21,Hickman,2691,10,2176,5,515,5,2515,5,15594,48,18109,53,0,42,4,40,6,2609,0,53,42
03-10-21,Houston,1041,2,784,2,257,0,893,1,9179,9,10072,10,1,33,0,1,1,1007,0,39,33
03-10-21,Humphreys,1569,3,1023,0,546,3,1198,0,11048,21,12246,21,0,21,1,22,2,1526,0,31,21
03-10-21,Jackson,1257,1,989,1,268,0,1154,1,5233,38,6387,39,-1,34,2,8,0,1215,0,39,35
03-10-21,Jefferson,5764,17,4022,7,1742,10,4547,9,36558,130,41105,139,1,120,1,110,15,5534,0,174,120
03-10-21,Johnson,2178,3,1950,3,228,0,2078,3,14335,102,16413,105,0,38,3,15,0,2125,0,57,38
03-10-21,Knox,47039,91,39819,68,7220,23,43519,77,304415,999,347934,1076,2,592,22,642,67,45805,1,1297,593
03-10-21,Lake,1679,0,1493,0,186,0,1758,0,9623,25,11381,25,0,26,0,-1,0,1654,0,25,26
03-10-21,Lauderdale,3095,0,2417,0,678,0,2775,2,20101,33,22876,35,1,44,-2,11,1,3040,0,82,43
03-10-21,Lawrence,5588,7,4380,6,1208,1,4821,7,27819,68,32640,75,0,84,6,27,1,5477,1,141,84
03-10-21,Lewis,1483,2,1151,0,332,2,1245,0,9662,7,10907,7,0,25,1,11,1,1447,0,41,25
03-10-21,Lincoln,4163,6,3252,3,911,3,3694,5,16827,53,20521,58,0,62,-1,37,7,4064,0,80,60
03-10-21,Loudon,5780,8,4491,6,1289,2,4911,9,29704,62,34615,71,0,66,-2,86,10,5628,0,130,67
03-10-21,Macon,3388,4,2671,3,717,1,3144,3,15087,69,18231,72,0,73,4,33,0,3282,0,118,74
03-10-21,Madison,10178,14,5722,12,4456,2,6974,12,52418,87,59392,99,2,234,4,-610,8,10554,0,335,234
03-10-21,Marion,2982,5,2562,4,420,1,2858,4,17840,128,20698,132,0,45,-3,18,8,2919,0,108,46
03-10-21,Marshall,3939,6,3170,3,769,3,3577,5,22071,47,25648,52,0,57,1,39,5,3843,0,86,57
03-10-21,Maury,12327,29,10958,13,1369,16,12102,14,69490,135,81592,149,0,162,16,33,13,12132,0,277,161
03-10-21,McMinn,6002,12,5364,9,638,3,5917,11,40168,159,46085,170,0,93,1,79,11,5830,1,147,94
03-10-21,McNairy,2695,4,1918,3,777,1,2333,3,17496,26,19829,29,0,53,2,-15,2,2657,0,63,53
03-10-21,Meigs,1276,2,1156,2,120,0,1285,2,7606,22,8891,24,0,23,0,11,2,1242,0,38,23
03-10-21,Monroe,5428,5,4307,4,1121,1,4840,5,25595,116,30435,121,0,92,-7,101,12,5235,0,149,94
03-10-21,Montgomery,17645,50,13002,38,4643,12,14298,39,105710,345,120008,384,0,213,-6,-91,56,17523,0,295,218
03-10-21,Moore,946,0,737,0,209,0,834,0,4630,17,5464,17,0,17,-2,5,2,924,0,16,17
03-10-21,Morgan,2326,8,1736,6,590,2,1879,6,14527,31,16406,37,0,38,7,22,1,2266,0,37,38
03-10-21,Obion,4376,1,3257,0,1119,1,3689,3,21434,44,25123,47,0,95,1,5,0,4276,0,97,96
03-10-21,Out of State,16712,44,13369,24,3343,20,15096,28,586900,1979,601996,2007,1,100,-11,149,54,16463,1,203,94
03-10-21,Overton,2881,3,2175,2,706,1,2557,2,14341,56,16898,58,0,58,2,33,1,2790,0,63,59
03-10-21,Pending,15556,28,10102,17,5454,11,11222,22,380069,1161,391291,1183,2,129,6,124,20,15303,0,135,129
03-10-21,Perry,1040,2,898,1,142,1,1011,2,5912,7,6923,9,0,28,2,0,0,1012,0,28,28
03-10-21,Pickett,745,0,492,0,253,0,593,0,3715,53,4308,53,0,23,0,2,0,720,0,28,24
03-10-21,Polk,1815,3,1649,2,166,1,1822,3,8821,35,10643,38,1,23,0,47,2,1745,1,69,24
03-10-21,Putnam,10704,20,8796,15,1908,5,10543,19,67821,392,78364,411,1,171,16,127,3,10406,0,204,172
03-10-21,Rhea,4182,8,3631,8,551,0,4063,9,25366,93,29429,102,0,73,1,38,7,4071,0,83,73
03-10-21,Roane,5973,9,4669,4,1304,5,5198,5,40967,141,46165,146,0,96,-2,43,11,5834,0,142,98
03-10-21,Robertson,9074,12,7201,6,1873,6,8115,6,41099,73,49214,79,0,122,3,96,9,8856,0,404,124
03-10-21,Rutherford,39117,105,33874,72,5243,33,39429,78,219008,676,258437,754,0,391,23,511,82,38215,0,574,397
03-10-21,Scott,2902,5,1648,3,1254,2,1763,5,10897,26,12660,31,0,44,1,42,4,2816,0,60,44
03-10-21,Sequatchie,1586,3,1264,2,322,1,1380,2,11372,36,12752,38,0,26,-3,37,6,1523,0,36,26
03-10-21,Sevier,12268,44,10746,25,1522,19,11807,26,62641,226,74448,252,0,165,19,192,25,11911,1,263,167
03-10-21,Shelby,88208,124,82093,102,6115,22,101175,122,891942,4193,993117,4315,3,1522,-9,680,130,86006,1,3415,1558
03-10-21,Smith,2595,6,1979,4,616,2,2483,5,12743,48,15226,53,0,36,5,38,1,2521,0,57,36
03-10-21,Stewart,1250,0,949,0,301,0,1074,2,6538,22,7612,24,0,25,0,2,0,1223,0,24,25
03-10-21,Sullivan,14623,66,12738,55,1885,11,13794,54,81802,184,95596,238,1,276,40,241,25,14106,0,717,277
03-10-21,Sumner,21670,49,19384,27,2286,22,21946,26,113028,402,134974,428,0,323,6,118,43,21229,0,691,327
03-10-21,Tipton,6995,9,4896,5,2099,4,5922,6,44729,159,50651,165,0,104,4,66,5,6825,0,148,100
03-10-21,Trousdale,2410,1,2277,1,133,0,2439,1,8716,10,11155,11,0,22,-1,18,2,2370,0,40,22
03-10-21,Unicoi,1824,7,1415,3,409,4,1562,4,12587,40,14149,44,0,47,6,27,1,1750,0,65,48
03-10-21,Union,1761,5,1496,5,265,0,1614,5,9997,25,11611,30,0,34,-1,27,6,1700,0,56,34
03-10-21,Van Buren,800,1,667,0,133,1,737,1,5167,32,5904,33,0,20,1,3,0,777,0,20,21
03-10-21,Warren,5341,9,4574,5,767,4,5177,9,31342,143,36519,152,0,78,5,39,4,5224,0,80,79
03-10-21,Washington,12883,17,11116,11,1767,6,12278,13,78124,290,90402,303,0,234,0,142,17,12507,0,332,233
03-10-21,Wayne,2888,3,2345,2,543,1,2578,2,10905,19,13483,21,0,30,1,22,2,2836,0,59,30
03-10-21,Weakley,3812,6,2860,3,952,3,3276,6,20819,23,24095,29,0,60,3,19,3,3733,1,61,60
03-10-21,White,3406,6,2824,6,582,0,3448,7,21910,65,25358,72,0,67,-1,46,7,3293,1,106,67
03-10-21,Williamson,25644,49,21837,29,3807,20,24251,34,171753,629,196004,663,0,204,4,156,45,25284,0,286,209
03-10-21,Wilson,16811,71,15178,56,1633,15,17288,53,95652,427,112940,480,0,212,16,179,55,16420,1,326,214
03-09-21,Anderson,8136,21,6169,8,1967,13,6897,9,59380,65,66277,74,0,159,3,180,18,7797,3,196,164
03-09-21,Bedford,5866,13,4715,9,1151,4,5440,10,29664,61,35104,71,1,121,6,69,6,5676,0,127,121
03-09-21,Benton,1512,2,1217,1,295,1,1346,1,8635,11,9981,12,0,39,2,4,0,1469,0,35,40
03-09-21,Bledsoe,2019,4,1844,2,175,2,1957,2,14616,25,16573,27,0,10,3,15,1,1994,0,32,10
03-09-21,Blount,14239,20,12271,11,1968,9,13510,13,68882,152,82392,165,0,185,-12,114,32,13940,0,321,183
03-09-21,Bradley,13201,39,10951,26,2250,13,12408,28,61417,83,73825,111,0,141,0,275,39,12785,1,536,143
03-09-21,Campbell,3870,27,2184,3,1686,24,2450,3,24101,25,26551,28,0,59,23,66,4,3745,1,117,61
03-09-21,Cannon,1798,5,1455,0,343,5,1621,0,8752,15,10373,15,1,31,-2,50,6,1717,0,35,31
03-09-21,Carroll,3487,2,2295,2,1192,0,2720,2,18924,14,21644,16,0,81,-1,1,3,3405,0,78,82
03-09-21,Carter,6008,6,5257,2,751,4,5774,4,35263,55,41037,59,0,155,-3,52,9,5801,0,215,154
03-09-21,Cheatham,3993,5,3140,5,853,0,3552,7,25411,58,28963,65,1,45,-7,87,11,3861,0,81,46
03-09-21,Chester,2029,3,1473,3,556,0,1757,4,11258,7,13015,11,0,48,2,3,1,1978,0,39,48
03-09-21,Claiborne,2871,4,1852,3,1019,1,1984,4,22796,18,24780,22,2,71,-5,77,7,2723,0,91,72
03-09-21,Clay,1071,0,739,0,332,0,848,0,5402,9,6250,9,0,31,-4,5,4,1035,0,24,30
03-09-21,Cocke,4069,16,2771,6,1298,10,3058,4,20300,40,23358,44,0,96,14,76,2,3897,0,109,96
03-09-21,Coffee,6467,11,4523,2,1944,9,5533,3,43427,94,48960,97,0,115,-8,103,19,6249,0,116,115
03-09-21,Crockett,1973,0,1184,0,789,0,1379,0,7055,11,8434,11,0,47,0,-10,0,1936,0,30,48
03-09-21,Cumberland,6153,13,5165,5,988,8,5914,5,46402,31,52316,36,0,123,-5,54,18,5976,0,148,125
03-09-21,Davidson,82331,159,77647,130,4684,29,94395,156,884520,3756,978915,3912,3,881,8,798,148,80652,1,1880,879
03-09-21,Decatur,1542,0,1152,0,390,0,1368,0,10712,3,12080,3,0,37,0,8,0,1497,0,38,38
03-09-21,Dekalb,2682,3,1996,1,686,2,2303,1,16201,24,18504,25,0,51,0,37,3,2594,0,54,51
03-09-21,Dickson,6325,20,4563,18,1762,2,5404,21,33157,102,38561,123,1,107,8,79,11,6139,0,117,107
03-09-21,Dyer,5255,6,3476,1,1779,5,3920,1,20947,26,24867,27,1,102,3,25,2,5128,1,105,103
03-09-21,Fayette,4687,5,4054,4,633,1,4980,4,35248,95,40228,99,1,74,-2,30,6,4583,0,120,73
03-09-21,Fentress,2305,1,2007,1,298,0,2293,1,12170,17,14463,18,0,44,-1,10,2,2251,0,58,44
03-09-21,Franklin,4788,6,4024,4,764,2,4730,5,34805,38,39535,43,0,85,1,59,5,4644,0,104,85
03-09-21,Gibson,6192,1,3750,1,2442,0,4547,3,28109,23,32656,26,0,141,-1,13,2,6038,0,104,142
03-09-21,Giles,3760,5,3140,2,620,3,3605,2,21855,26,25460,28,0,97,0,25,5,3638,0,110,97
03-09-21,Grainger,2457,3,1847,1,610,2,2068,1,13297,8,15365,9,0,46,-3,36,6,2375,0,66,47
03-09-21,Greene,7318,7,5809,3,1509,4,6521,6,44816,85,51337,91,2,147,-3,52,8,7119,0,174,148
03-09-21,Grundy,1712,4,1440,1,272,3,1648,1,8187,15,9835,16,0,30,-1,28,5,1654,0,55,30
03-09-21,Hamblen,8105,15,5776,4,2329,11,6481,5,44102,48,50583,53,1,167,2,82,12,7856,0,250,167
03-09-21,Hamilton,40909,80,35487,53,5422,27,39674,58,300149,560,339823,618,1,464,16,497,63,39948,3,1086,465
03-09-21,Hancock,504,3,360,0,144,3,387,0,3689,1,4076,1,0,12,3,5,0,487,0,19,12
03-09-21,Hardeman,3391,1,2752,1,639,0,3219,1,23977,19,27196,20,0,65,1,3,0,3323,0,101,63
03-09-21,Hardin,3326,3,2280,1,1046,2,2720,2,22312,11,25032,13,1,64,-1,15,3,3247,0,63,64
03-09-21,Hawkins,5303,15,4347,7,956,8,4700,7,31860,42,36560,49,0,98,4,89,11,5116,0,140,100
03-09-21,Haywood,2648,2,2222,2,426,0,2532,3,13172,12,15704,15,0,60,1,4,1,2584,0,81,60
03-09-21,Henderson,3631,0,2536,0,1095,0,3180,0,15583,9,18763,9,0,74,-4,4,4,3553,0,75,74
03-09-21,Henry,3016,3,2356,1,660,2,2721,1,17196,14,19917,15,0,75,-2,-5,5,2946,0,74,75
03-09-21,Hickman,2681,2,2171,2,510,0,2510,2,15546,42,18056,44,1,42,-4,36,5,2603,0,53,42
03-09-21,Houston,1039,1,782,1,257,0,892,1,9170,10,10062,11,0,32,1,1,0,1006,0,39,33
03-09-21,Humphreys,1566,6,1023,3,543,3,1198,3,11027,15,12225,18,0,21,1,21,5,1524,0,31,21
03-09-21,Jackson,1256,1,988,0,268,1,1153,0,5195,3,6348,3,1,35,-2,6,2,1215,0,39,34
03-09-21,Jefferson,5747,11,4015,1,1732,10,4538,2,36428,46,40966,48,0,119,-5,109,16,5519,0,174,119
03-09-21,Johnson,2175,1,1947,0,228,1,2075,0,14233,17,16308,17,0,38,-4,12,5,2125,0,57,38
03-09-21,Knox,46948,81,39751,51,7197,30,43442,56,303416,596,346858,652,0,590,-4,620,85,45738,2,1296,593
03-09-21,Lake,1679,1,1493,0,186,1,1758,0,9598,4,11356,4,0,26,1,-1,0,1654,0,25,26
03-09-21,Lauderdale,3095,2,2417,1,678,1,2773,1,20068,25,22841,26,0,43,0,13,2,3039,0,82,43
03-09-21,Lawrence,5581,1,4374,1,1207,0,4814,1,27751,42,32565,43,0,84,1,21,0,5476,0,140,84
03-09-21,Lewis,1481,3,1151,1,330,2,1245,1,9655,3,10900,4,0,25,-1,10,4,1446,0,41,25
03-09-21,Lincoln,4157,2,3249,1,908,1,3689,1,16774,28,20463,29,0,62,-2,38,4,4057,0,80,60
03-09-21,Loudon,5772,8,4485,0,1287,8,4902,0,29642,41,34544,41,0,66,-2,88,10,5618,0,130,67
03-09-21,Macon,3384,0,2668,0,716,0,3141,2,15018,29,18159,31,0,73,-3,29,3,3282,0,118,74
03-09-21,Madison,10164,13,5710,10,4454,3,6962,12,52331,67,59293,79,0,232,4,-614,9,10546,2,335,233
03-09-21,Marion,2977,5,2558,0,419,5,2854,0,17712,15,20566,15,0,45,-5,21,10,2911,0,108,46
03-09-21,Marshall,3933,9,3167,2,766,7,3572,2,22024,22,25596,24,0,57,6,38,3,3838,0,86,57
03-09-21,Maury,12298,16,10945,12,1353,4,12088,15,69355,94,81443,109,0,162,0,17,16,12119,0,277,161
03-09-21,McMinn,5990,6,5355,5,635,1,5906,7,40009,34,45915,41,0,93,-7,78,13,5819,0,146,94
03-09-21,McNairy,2691,4,1915,2,776,2,2330,2,17470,3,19800,5,0,53,4,-17,0,2655,0,63,53
03-09-21,Meigs,1274,2,1154,0,120,2,1283,0,7584,10,8867,10,0,23,2,11,0,1240,0,38,23
03-09-21,Monroe,5423,11,4303,1,1120,10,4835,1,25479,25,30314,26,0,92,-6,108,17,5223,0,149,93
03-09-21,Montgomery,17595,21,12964,16,4631,5,14259,21,105365,211,119624,232,0,213,-13,-85,34,17467,0,295,218
03-09-21,Moore,946,1,737,0,209,1,834,0,4613,9,5447,9,1,17,0,7,0,922,0,16,17
03-09-21,Morgan,2318,3,1730,2,588,1,1873,3,14496,20,16369,23,0,38,2,15,1,2265,0,37,38
03-09-21,Obion,4375,6,3257,4,1118,2,3686,4,21390,43,25076,47,0,95,6,4,0,4276,0,97,96
03-09-21,Out of State,16668,26,13345,14,3323,12,15068,17,584921,1619,599989,1636,2,99,-14,160,38,16409,0,202,94
03-09-21,Overton,2878,4,2173,1,705,3,2555,1,14285,14,16840,15,0,58,1,31,3,2789,0,63,59
03-09-21,Pending,15528,31,10085,16,5443,15,11200,18,378908,1136,390108,1154,1,127,5,118,25,15283,0,135,129
03-09-21,Perry,1038,3,897,3,141,0,1009,4,5905,6,6914,10,0,28,3,-2,0,1012,0,28,28
03-09-21,Pickett,745,0,492,0,253,0,593,0,3662,3,4255,3,0,23,0,2,0,720,0,28,24
03-09-21,Polk,1812,7,1647,6,165,1,1819,7,8786,7,10605,14,0,22,-3,47,10,1743,1,68,24
03-09-21,Putnam,10684,19,8781,5,1903,14,10524,5,67429,49,77953,54,0,170,-3,111,22,10403,0,204,172
03-09-21,Rhea,4174,8,3623,4,551,4,4054,4,25273,37,29327,41,0,73,3,37,5,4064,0,83,73
03-09-21,Roane,5964,10,4665,5,1299,5,5193,6,40826,51,46019,57,0,96,0,45,10,5823,0,142,98
03-09-21,Robertson,9062,11,7195,8,1867,3,8109,11,41026,89,49135,100,1,122,-7,93,17,8847,0,404,124
03-09-21,Rutherford,39012,107,33802,68,5210,39,39351,73,218332,529,257683,602,2,391,16,488,89,38133,2,574,394
03-09-21,Scott,2897,6,1645,1,1252,5,1758,2,10871,18,12629,20,0,44,4,41,2,2812,0,60,44
03-09-21,Sequatchie,1583,5,1262,1,321,4,1378,1,11336,12,12714,13,-1,26,5,40,1,1517,0,36,26
03-09-21,Sevier,12224,33,10721,10,1503,23,11781,14,62415,92,74196,106,0,165,5,173,28,11886,0,262,167
03-09-21,Shelby,88084,108,81991,87,6093,21,101053,110,887749,3798,988802,3908,1,1519,-26,689,133,85876,2,3414,1554
03-09-21,Smith,2589,5,1975,1,614,4,2478,1,12695,11,15173,12,0,36,-2,33,7,2520,0,57,36
03-09-21,Stewart,1250,2,949,2,301,0,1072,2,6516,14,7588,16,0,25,2,2,0,1223,0,24,25
03-09-21,Sullivan,14557,50,12683,44,1874,6,13740,47,81618,164,95358,211,0,275,16,201,34,14081,2,717,275
03-09-21,Sumner,21621,33,19357,16,2264,17,21920,21,112626,208,134546,229,3,323,-21,112,51,21186,0,691,326
03-09-21,Tipton,6986,7,4891,0,2095,7,5916,2,44570,128,50486,130,1,104,2,62,4,6820,0,148,100
03-09-21,Trousdale,2409,5,2276,3,133,2,2438,3,8706,12,11144,15,0,22,-1,19,6,2368,0,40,22
03-09-21,Unicoi,1817,0,1412,0,405,0,1558,0,12547,21,14105,21,0,47,-3,21,3,1749,0,65,48
03-09-21,Union,1756,9,1491,8,265,1,1609,9,9972,9,11581,18,0,34,4,28,5,1694,0,56,34
03-09-21,Van Buren,799,0,667,0,132,0,736,0,5135,2,5871,2,0,20,-1,2,1,777,0,20,21
03-09-21,Warren,5332,2,4569,1,763,1,5168,1,31199,51,36367,52,1,78,-3,34,4,5220,0,80,79
03-09-21,Washington,12866,17,11105,10,1761,7,12265,14,77834,138,90099,152,0,234,-3,142,20,12490,2,332,233
03-09-21,Wayne,2885,2,2343,0,542,2,2576,0,10886,12,13462,12,0,30,2,21,0,2834,0,59,30
03-09-21,Weakley,3806,5,2857,0,949,5,3270,1,20796,13,24066,14,0,60,4,16,1,3730,0,60,60
03-09-21,White,3400,2,2818,1,582,1,3441,2,21845,26,25286,28,1,67,-12,47,13,3286,0,105,67
03-09-21,Williamson,25595,41,21808,25,3787,16,24217,30,171124,510,195341,540,0,204,-3,152,44,25239,1,286,207
03-09-21,Wilson,16740,42,15122,26,1618,16,17235,29,95225,217,112460,246,1,212,-12,163,53,16365,0,325,214
03-08-21,Anderson,8115,17,6161,7,1954,10,6888,10,59315,77,66203,87,1,159,-3,177,19,7779,0,193,163
03-08-21,Bedford,5853,7,4706,5,1147,2,5430,8,29603,24,35033,32,0,120,-5,63,12,5670,0,127,121
03-08-21,Benton,1510,0,1216,0,294,0,1345,1,8624,3,9969,4,0,39,0,2,0,1469,0,35,40
03-08-21,Bledsoe,2015,1,1842,0,173,1,1955,0,14591,1,16546,1,0,10,0,12,1,1993,0,32,10
03-08-21,Blount,14219,19,12260,12,1959,7,13497,10,68730,55,82227,65,0,185,-3,126,22,13908,1,321,183
03-08-21,Bradley,13162,50,10925,25,2237,25,12380,27,61334,92,73714,119,0,141,5,275,45,12746,1,535,143
03-08-21,Campbell,3843,12,2181,4,1662,8,2447,3,24076,18,26523,21,0,59,7,43,5,3741,1,116,61
03-08-21,Cannon,1793,4,1455,2,338,2,1621,3,8737,4,10358,7,0,30,4,52,0,1711,0,35,31
03-08-21,Carroll,3485,3,2293,0,1192,3,2718,1,18910,7,21628,8,0,81,1,2,2,3402,0,78,82
03-08-21,Carter,6002,6,5255,6,747,0,5770,6,35208,25,40978,31,0,155,-3,55,9,5792,0,215,154
03-08-21,Cheatham,3988,4,3135,3,853,1,3545,3,25353,21,28898,24,0,44,-13,94,17,3850,0,81,46
03-08-21,Chester,2026,4,1470,4,556,0,1753,4,11251,3,13004,7,0,48,3,1,1,1977,0,39,48
03-08-21,Claiborne,2867,15,1849,11,1018,4,1980,13,22778,30,24758,43,0,69,-6,82,21,2716,0,91,71
03-08-21,Clay,1071,0,739,0,332,0,848,0,5393,2,6241,2,0,31,-2,9,2,1031,0,24,30
03-08-21,Cocke,4053,10,2765,7,1288,3,3054,7,20260,20,23314,27,0,96,6,62,4,3895,0,109,96
03-08-21,Coffee,6456,11,4521,5,1935,6,5530,5,43333,16,48863,21,0,115,-7,111,18,6230,1,116,115
03-08-21,Crockett,1973,0,1184,0,789,0,1379,0,7044,2,8423,2,0,47,-1,-10,1,1936,0,30,48
03-08-21,Cumberland,6140,2,5160,1,980,1,5909,1,46371,9,52280,10,0,123,-7,59,9,5958,0,148,124
03-08-21,Davidson,82172,120,77517,94,4655,26,94239,107,880764,1998,975003,2105,4,878,-96,790,212,80504,2,1879,878
03-08-21,Decatur,1542,1,1152,0,390,1,1368,0,10709,3,12077,3,0,37,1,8,0,1497,0,38,38
03-08-21,Dekalb,2679,0,1995,0,684,0,2302,0,16177,12,18479,12,0,51,0,37,0,2591,0,54,51
03-08-21,Dickson,6305,10,4545,8,1760,2,5383,9,33055,54,38438,63,0,106,-7,71,17,6128,1,117,107
03-08-21,Dyer,5249,1,3475,0,1774,1,3919,1,20921,5,24840,6,0,101,-1,22,2,5126,0,104,103
03-08-21,Fayette,4682,1,4050,1,632,0,4976,0,35153,16,40129,16,0,73,-3,32,4,4577,0,120,73
03-08-21,Fentress,2304,2,2006,2,298,0,2292,2,12153,1,14445,3,0,44,0,11,2,2249,1,58,44
03-08-21,Franklin,4782,11,4020,7,762,4,4725,7,34767,18,39492,25,0,85,2,58,9,4639,0,104,85
03-08-21,Gibson,6191,4,3749,2,2442,2,4544,2,28086,7,32630,9,0,141,-1,14,5,6036,0,104,142
03-08-21,Giles,3755,7,3138,3,617,4,3603,3,21829,15,25432,18,0,97,-1,25,8,3633,0,110,97
03-08-21,Grainger,2454,3,1846,1,608,2,2067,1,13289,5,15356,6,0,46,1,39,2,2369,0,66,47
03-08-21,Greene,7311,4,5806,3,1505,1,6515,4,44731,52,51246,56,0,145,-1,55,5,7111,1,174,147
03-08-21,Grundy,1708,5,1439,1,269,4,1647,1,8172,2,9819,3,0,30,1,29,4,1649,0,55,30
03-08-21,Hamblen,8090,8,5772,4,2318,4,6476,6,44054,37,50530,43,0,166,-5,80,13,7844,0,250,166
03-08-21,Hamilton,40829,85,35434,68,5395,17,39616,67,299589,220,339205,287,0,463,-18,481,103,39885,2,1083,465
03-08-21,Hancock,501,0,360,0,141,0,387,0,3688,6,4075,6,0,12,0,2,0,487,0,19,12
03-08-21,Hardeman,3390,0,2751,0,639,0,3218,0,23958,3,27176,3,0,65,-1,2,1,3323,0,101,63
03-08-21,Hardin,3323,2,2279,1,1044,1,2718,1,22301,3,25019,4,0,63,-5,16,7,3244,0,63,64
03-08-21,Hawkins,5288,2,4340,1,948,1,4693,1,31818,14,36511,15,0,98,-12,85,14,5105,0,140,99
03-08-21,Haywood,2646,0,2220,0,426,0,2529,0,13160,4,15689,4,0,60,-2,3,2,2583,0,81,60
03-08-21,Henderson,3631,0,2536,0,1095,0,3180,0,15574,9,18754,9,0,74,-3,8,3,3549,0,75,74
03-08-21,Henry,3013,4,2355,2,658,2,2720,2,17182,13,19902,15,0,75,4,-3,0,2941,0,74,75
03-08-21,Hickman,2679,3,2169,2,510,1,2508,2,15504,11,18012,13,0,41,-2,40,5,2598,0,53,42
03-08-21,Houston,1038,1,781,1,257,0,891,1,9160,1,10051,2,0,32,-2,0,3,1006,0,39,33
03-08-21,Humphreys,1560,3,1020,1,540,2,1195,1,11012,7,12207,8,0,21,1,20,2,1519,0,31,21
03-08-21,Jackson,1255,1,988,1,267,0,1153,1,5192,2,6345,3,0,34,0,8,1,1213,0,39,34
03-08-21,Jefferson,5736,14,4014,4,1722,10,4536,6,36382,39,40918,45,0,119,4,114,10,5503,1,174,119
03-08-21,Johnson,2174,0,1947,0,227,0,2075,0,14216,6,16291,6,0,38,-1,16,1,2120,0,57,38
03-08-21,Knox,46867,85,39700,57,7167,28,43386,64,302820,437,346206,501,1,590,-30,624,114,45653,0,1294,589
03-08-21,Lake,1678,0,1493,0,185,0,1758,0,9594,2,11352,2,0,26,-2,-2,2,1654,0,25,26
03-08-21,Lauderdale,3093,0,2416,0,677,0,2772,0,20043,2,22815,2,0,43,-4,13,4,3037,0,82,43
03-08-21,Lawrence,5580,5,4373,4,1207,1,4813,4,27709,28,32522,32,1,84,-1,20,5,5476,0,140,84
03-08-21,Lewis,1478,1,1150,1,328,0,1244,1,9652,3,10896,4,0,25,-3,11,4,1442,0,41,25
03-08-21,Lincoln,4155,1,3248,1,907,0,3688,1,16746,7,20434,8,0,62,-4,40,5,4053,0,80,60
03-08-21,Loudon,5764,10,4485,5,1279,5,4902,6,29601,20,34503,26,0,66,-1,90,11,5608,1,130,67
03-08-21,Macon,3384,7,2668,5,716,2,3139,5,14989,64,18128,69,0,73,5,32,2,3279,0,118,74
03-08-21,Madison,10151,4,5700,1,4451,3,6950,2,52264,27,59214,29,0,232,-17,-618,21,10537,0,333,233
03-08-21,Marion,2972,9,2558,2,414,7,2854,2,17697,7,20551,9,0,45,4,26,5,2901,0,108,46
03-08-21,Marshall,3924,0,3165,0,759,0,3570,0,22002,11,25572,11,0,57,-6,32,6,3835,0,86,57
03-08-21,Maury,12282,11,10933,4,1349,7,12073,6,69261,72,81334,78,0,162,-1,17,12,12103,0,277,161
03-08-21,McMinn,5984,10,5350,7,634,3,5899,9,39975,51,45874,60,0,93,-12,85,22,5806,0,146,94
03-08-21,McNairy,2687,0,1913,0,774,0,2328,0,17467,4,19795,4,0,53,-5,-21,5,2655,0,63,53
03-08-21,Meigs,1272,3,1154,0,118,3,1283,1,7574,18,8857,19,0,23,3,9,0,1240,0,38,23
03-08-21,Monroe,5412,11,4302,10,1110,1,4834,12,25454,38,30288,50,1,92,-3,114,13,5206,0,149,93
03-08-21,Montgomery,17574,17,12948,11,4626,6,14238,17,105154,115,119392,132,0,213,-41,-72,58,17433,1,295,218
03-08-21,Moore,945,0,737,0,208,0,834,0,4604,1,5438,1,0,16,0,7,0,922,0,16,17
03-08-21,Morgan,2315,3,1728,2,587,1,1870,2,14476,9,16346,11,0,38,-1,13,4,2264,0,37,38
03-08-21,Obion,4369,1,3253,0,1116,1,3682,0,21347,21,25029,21,0,95,-1,-2,2,4276,0,97,96
03-08-21,Out of State,16642,16,13331,8,3311,8,15051,9,583302,602,598353,611,0,97,-24,174,40,16371,0,202,92
03-08-21,Overton,2874,3,2172,3,702,0,2554,3,14271,8,16825,11,0,58,-2,30,5,2786,0,63,59
03-08-21,Pending,15497,36,10069,14,5428,22,11182,18,377772,455,388954,473,0,126,2,113,34,15258,0,135,129
03-08-21,Perry,1035,0,894,0,141,0,1005,0,5899,0,6904,0,0,28,0,-5,0,1012,0,28,28
03-08-21,Pickett,745,0,492,0,253,0,593,0,3659,3,4252,3,0,23,0,2,0,720,0,28,24
03-08-21,Polk,1805,6,1641,4,164,2,1812,5,8779,7,10591,12,0,22,-1,50,7,1733,0,67,23
03-08-21,Putnam,10665,8,8776,7,1889,1,10519,8,67380,44,77899,52,0,170,-8,114,16,10381,0,204,172
03-08-21,Rhea,4166,6,3619,3,547,3,4050,3,25236,17,29286,20,0,73,1,34,5,4059,0,83,73
03-08-21,Roane,5954,2,4660,1,1294,1,5187,2,40775,68,45962,70,0,96,-13,45,15,5813,0,142,98
03-08-21,Robertson,9051,16,7187,8,1864,8,8098,8,40937,22,49035,30,0,121,1,100,15,8830,1,404,124
03-08-21,Rutherford,38905,84,33734,50,5171,34,39278,52,217803,266,257081,318,1,389,-27,472,110,38044,0,572,394
03-08-21,Scott,2891,4,1644,1,1247,3,1756,1,10853,3,12609,4,0,44,1,37,3,2810,0,60,44
03-08-21,Sequatchie,1578,5,1261,2,317,3,1377,3,11324,5,12701,8,0,27,4,35,1,1516,0,36,26
03-08-21,Sevier,12191,24,10711,20,1480,4,11767,24,62323,92,74090,116,0,165,-4,168,28,11858,0,262,167
03-08-21,Shelby,87976,77,81904,55,6072,22,100943,77,883951,573,984894,650,0,1518,-94,715,171,85743,0,3412,1548
03-08-21,Smith,2584,0,1974,0,610,0,2477,0,12684,12,15161,12,0,36,-7,35,7,2513,0,57,36
03-08-21,Stewart,1248,3,947,1,301,2,1070,1,6502,9,7572,10,0,25,2,0,1,1223,0,24,25
03-08-21,Sullivan,14507,15,12639,10,1868,5,13693,10,81454,91,95147,101,0,275,-16,185,31,14047,0,715,275
03-08-21,Sumner,21588,25,19341,12,2247,13,21899,16,112418,116,134317,132,0,320,-23,133,48,21135,0,691,326
03-08-21,Tipton,6979,11,4891,1,2088,10,5914,2,44442,28,50356,30,0,103,2,60,9,6816,0,148,100
03-08-21,Trousdale,2404,0,2273,0,131,0,2435,0,8694,7,11129,7,0,22,-3,20,3,2362,0,40,22
03-08-21,Unicoi,1817,0,1412,0,405,0,1558,0,12526,22,14084,22,0,47,-2,24,2,1746,0,65,48
03-08-21,Union,1747,1,1483,0,264,1,1600,1,9963,4,11563,5,0,34,-14,24,15,1689,0,56,34
03-08-21,Van Buren,799,1,667,0,132,1,736,0,5133,2,5869,2,0,20,0,3,1,776,0,20,21
03-08-21,Warren,5330,1,4568,0,762,1,5167,0,31148,14,36315,14,0,77,-5,37,6,5216,0,80,79
03-08-21,Washington,12849,21,11095,15,1754,6,12251,15,77696,59,89947,74,0,234,4,145,17,12470,0,330,233
03-08-21,Wayne,2883,0,2343,0,540,0,2576,0,10874,4,13450,4,0,30,-1,19,1,2834,0,59,30
03-08-21,Weakley,3801,4,2857,3,944,1,3269,2,20783,5,24052,7,0,60,3,12,1,3729,0,60,60
03-08-21,White,3398,3,2817,1,581,2,3439,2,21819,16,25258,18,0,66,-3,59,6,3273,0,105,67
03-08-21,Williamson,25554,34,21783,14,3771,20,24187,14,170614,257,194801,271,0,204,-21,155,55,25195,0,285,206
03-08-21,Wilson,16698,48,15096,35,1602,13,17206,39,95008,152,112214,191,0,211,-15,175,63,16312,0,325,214
03-07-21,Anderson,8098,6,6154,3,1944,3,6878,3,59238,39,66116,42,0,158,-9,180,15,7760,0,193,163
03-07-21,Bedford,5846,6,4701,3,1145,3,5422,3,29579,25,35001,28,0,120,2,68,4,5658,0,127,121
03-07-21,Benton,1510,1,1216,0,294,1,1344,0,8621,3,9965,3,0,39,1,2,0,1469,0,35,40
03-07-21,Bledsoe,2014,0,1842,0,172,0,1955,0,14590,50,16545,50,0,10,0,12,0,1992,0,32,10
03-07-21,Blount,14200,13,12248,6,1952,7,13487,8,68675,59,82162,67,1,185,-15,129,27,13886,0,320,183
03-07-21,Bradley,13112,20,10900,12,2212,8,12353,12,61242,73,73595,85,0,141,2,270,18,12701,0,534,143
03-07-21,Campbell,3831,1,2177,1,1654,0,2444,1,24058,14,26502,15,0,59,-5,36,6,3736,0,115,61
03-07-21,Cannon,1789,2,1453,2,336,0,1618,3,8733,5,10351,8,0,30,1,48,1,1711,0,35,31
03-07-21,Carroll,3482,0,2293,0,1189,0,2717,0,18903,7,21620,7,0,81,-1,1,1,3400,0,78,82
03-07-21,Carter,5996,4,5249,4,747,0,5764,5,35183,32,40947,37,0,155,-1,58,5,5783,0,215,154
03-07-21,Cheatham,3984,6,3132,6,852,0,3542,7,25332,30,28874,37,0,44,0,107,6,3833,0,81,46
03-07-21,Chester,2022,2,1466,1,556,1,1749,2,11248,65,12997,67,0,48,0,-2,2,1976,0,39,48
03-07-21,Claiborne,2852,3,1838,1,1014,2,1967,2,22748,14,24715,16,0,69,-6,88,9,2695,0,91,71
03-07-21,Clay,1071,0,739,0,332,0,848,0,5391,1,6239,1,0,31,-1,11,1,1029,0,24,30
03-07-21,Cocke,4043,10,2758,5,1285,5,3047,6,20240,16,23287,22,0,96,9,56,1,3891,0,109,96
03-07-21,Coffee,6445,9,4516,2,1929,7,5525,4,43317,40,48842,44,0,115,3,118,6,6212,0,115,115
03-07-21,Crockett,1973,0,1184,0,789,0,1379,0,7042,6,8421,6,0,47,0,-9,0,1935,0,30,48
03-07-21,Cumberland,6138,3,5159,3,979,0,5908,3,46362,25,52270,28,0,123,0,66,3,5949,0,148,124
03-07-21,Davidson,82052,73,77423,45,4629,28,94132,62,878766,809,972898,871,0,874,-38,886,111,80292,1,1877,874
03-07-21,Decatur,1541,1,1152,1,389,0,1368,2,10706,3,12074,5,0,37,1,7,0,1497,0,38,38
03-07-21,Dekalb,2679,0,1995,0,684,0,2302,0,16165,8,18467,8,0,51,0,37,0,2591,0,54,51
03-07-21,Dickson,6295,5,4537,2,1758,3,5374,2,33001,28,38375,30,0,106,-1,78,6,6111,0,116,107
03-07-21,Dyer,5248,4,3475,0,1773,4,3918,1,20916,9,24834,10,0,101,4,23,0,5124,0,104,103
03-07-21,Fayette,4681,4,4049,0,632,4,4976,0,35137,38,40113,38,0,73,2,35,2,4573,0,120,73
03-07-21,Fentress,2302,1,2004,1,298,0,2290,2,12152,6,14442,8,0,44,-1,11,2,2247,0,57,44
03-07-21,Franklin,4771,9,4013,6,758,3,4718,7,34749,64,39467,71,0,85,6,56,3,4630,0,104,85
03-07-21,Gibson,6187,4,3747,2,2440,2,4542,2,28079,21,32621,23,0,141,-3,15,7,6031,0,104,142
03-07-21,Giles,3748,0,3135,0,613,0,3600,0,21814,13,25414,13,0,97,-5,26,5,3625,0,110,97
03-07-21,Grainger,2451,3,1845,3,606,0,2066,3,13284,4,15350,7,0,46,-1,38,4,2367,0,66,47
03-07-21,Greene,7307,3,5803,3,1504,0,6511,2,44679,70,51190,72,0,145,1,56,2,7106,0,173,146
03-07-21,Grundy,1703,1,1438,1,265,0,1646,1,8170,17,9816,18,0,30,-1,28,2,1645,0,55,30
03-07-21,Hamblen,8082,13,5768,4,2314,9,6470,5,44017,37,50487,42,0,166,10,85,3,7831,0,250,166
03-07-21,Hamilton,40744,33,35366,28,5378,5,39549,36,299369,388,338918,424,0,463,-33,499,66,39782,0,1081,464
03-07-21,Hancock,501,0,360,0,141,0,387,0,3682,1,4069,1,0,12,0,2,0,487,0,19,12
03-07-21,Hardeman,3390,1,2751,1,639,0,3218,1,23955,19,27173,20,0,65,-1,3,2,3322,0,101,63
03-07-21,Hardin,3321,0,2278,0,1043,0,2717,1,22298,11,25015,12,0,63,-3,21,3,3237,0,63,64
03-07-21,Hawkins,5286,4,4339,4,947,0,4692,8,31804,74,36496,82,0,98,-3,97,7,5091,0,140,99
03-07-21,Haywood,2646,0,2220,0,426,0,2529,0,13156,9,15685,9,0,60,-2,5,2,2581,0,81,60
03-07-21,Henderson,3631,0,2536,0,1095,0,3180,0,15565,12,18745,12,0,74,-1,11,1,3546,0,75,74
03-07-21,Henry,3009,0,2353,0,656,0,2718,0,17169,12,19887,12,0,75,0,-7,0,2941,0,74,75
03-07-21,Hickman,2676,2,2167,0,509,2,2506,1,15493,13,17999,14,0,41,-1,42,3,2593,0,53,42
03-07-21,Houston,1037,1,780,1,257,0,890,1,9159,3,10049,4,0,32,0,2,1,1003,0,39,33
03-07-21,Humphreys,1557,2,1019,1,538,1,1194,2,11005,5,12199,7,0,21,1,19,1,1517,0,31,21
03-07-21,Jackson,1254,0,987,0,267,0,1152,0,5190,4,6342,4,0,34,0,8,0,1212,0,39,34
03-07-21,Jefferson,5722,5,4010,1,1712,4,4530,4,36343,30,40873,34,0,119,-6,110,11,5493,1,173,119
03-07-21,Johnson,2174,0,1947,0,227,0,2075,0,14210,24,16285,24,0,38,0,17,0,2119,0,57,38
03-07-21,Knox,46782,63,39643,38,7139,25,43322,45,302383,314,345705,359,0,589,-7,654,70,45539,0,1294,587
03-07-21,Lake,1678,0,1493,0,185,0,1758,0,9592,6,11350,6,0,26,0,0,0,1652,0,25,26
03-07-21,Lauderdale,3093,0,2416,0,677,0,2772,0,20041,32,22813,32,1,43,-2,17,1,3033,0,82,42
03-07-21,Lawrence,5575,2,4369,0,1206,2,4809,0,27681,22,32490,22,0,83,1,21,1,5471,0,140,84
03-07-21,Lewis,1477,1,1149,1,328,0,1243,1,9649,7,10892,8,0,25,0,14,1,1438,0,41,25
03-07-21,Lincoln,4154,4,3247,2,907,2,3687,3,16739,25,20426,28,0,62,2,44,2,4048,0,80,60
03-07-21,Loudon,5754,9,4480,6,1274,3,4896,6,29581,14,34477,20,0,66,-4,91,13,5597,0,129,67
03-07-21,Macon,3377,2,2663,1,714,1,3134,1,14925,9,18059,10,0,73,-3,27,5,3277,0,118,73
03-07-21,Madison,10147,8,5699,8,4448,0,6948,10,52237,41,59185,51,0,232,1,-601,7,10516,0,333,233
03-07-21,Marion,2963,4,2556,3,407,1,2852,3,17690,41,20542,44,0,45,-1,22,5,2896,0,108,46
03-07-21,Marshall,3924,1,3165,1,759,0,3570,1,21991,18,25561,19,0,57,0,38,1,3829,0,86,57
03-07-21,Maury,12271,5,10929,4,1342,1,12067,6,69189,69,81256,75,0,162,-4,18,9,12091,0,277,161
03-07-21,McMinn,5974,3,5343,2,631,1,5890,2,39924,32,45814,34,0,93,-1,97,4,5784,0,146,94
03-07-21,McNairy,2687,3,1913,3,774,0,2328,3,17463,5,19791,8,0,53,2,-16,1,2650,0,63,53
03-07-21,Meigs,1269,1,1154,1,115,0,1282,1,7556,4,8838,5,0,23,0,6,1,1240,0,38,23
03-07-21,Monroe,5401,2,4292,1,1109,1,4822,1,25416,19,30238,20,0,91,-14,117,16,5193,0,149,92
03-07-21,Montgomery,17557,17,12937,17,4620,0,14221,21,105039,129,119260,150,0,213,-8,-31,25,17375,0,294,218
03-07-21,Moore,945,0,737,0,208,0,834,0,4603,1,5437,1,0,16,0,7,0,922,0,16,17
03-07-21,Morgan,2312,1,1726,0,586,1,1868,0,14467,26,16335,26,0,38,0,14,1,2260,1,37,38
03-07-21,Obion,4368,1,3253,0,1115,1,3682,0,21326,5,25008,5,0,95,0,-1,1,4274,0,97,96
03-07-21,Out of State,16626,17,13323,11,3303,6,15042,14,582700,522,597742,536,1,97,1,198,15,16331,0,202,92
03-07-21,Overton,2871,2,2169,1,702,1,2551,1,14263,13,16814,14,0,58,2,32,0,2781,0,63,59
03-07-21,Pending,15461,24,10055,18,5406,6,11164,20,377317,334,388481,354,0,126,10,111,14,15224,0,135,129
03-07-21,Perry,1035,1,894,0,141,1,1005,0,5899,3,6904,3,0,28,1,-5,0,1012,0,28,28
03-07-21,Pickett,745,0,492,0,253,0,593,0,3656,3,4249,3,0,23,0,2,0,720,0,28,24
03-07-21,Polk,1799,1,1637,1,162,0,1807,3,8772,8,10579,11,0,22,-1,51,2,1726,0,67,23
03-07-21,Putnam,10657,9,8769,7,1888,2,10511,7,67336,38,77847,45,0,170,1,122,8,10365,0,204,171
03-07-21,Rhea,4160,4,3616,2,544,2,4047,2,25219,32,29266,34,0,73,-1,33,5,4054,0,83,73
03-07-21,Roane,5952,7,4659,4,1293,3,5185,4,40707,24,45892,28,0,96,-1,58,8,5798,0,142,98
03-07-21,Robertson,9035,9,7179,4,1856,5,8090,3,40915,49,49005,52,0,121,-2,99,11,8815,0,403,123
03-07-21,Rutherford,38821,64,33684,34,5137,30,39226,41,217537,251,256763,292,0,388,-19,499,83,37934,2,572,393
03-07-21,Scott,2887,0,1643,0,1244,0,1755,0,10850,3,12605,3,0,44,-1,36,1,2807,0,60,44
03-07-21,Sequatchie,1573,1,1259,0,314,1,1374,0,11319,11,12693,11,0,27,-2,31,3,1515,0,36,26
03-07-21,Sevier,12167,9,10691,4,1476,5,11743,5,62231,47,73974,52,0,165,-9,172,18,11830,0,262,166
03-07-21,Shelby,87899,82,81849,57,6050,25,100866,79,883378,1192,984244,1271,1,1518,-30,809,111,85572,0,3412,1542
03-07-21,Smith,2584,2,1974,2,610,0,2477,2,12672,14,15149,16,0,36,-2,42,4,2506,0,57,36
03-07-21,Stewart,1245,0,946,0,299,0,1069,0,6493,12,7562,12,0,25,-1,-2,1,1222,0,24,25
03-07-21,Sullivan,14492,7,12629,5,1863,2,13683,5,81363,86,95046,91,0,275,-9,201,16,14016,0,715,274
03-07-21,Sumner,21563,33,19329,15,2234,18,21883,15,112302,107,134185,122,0,320,11,156,22,21087,1,691,325
03-07-21,Tipton,6968,10,4890,2,2078,8,5912,3,44414,42,50326,45,0,103,4,58,6,6807,1,148,100
03-07-21,Trousdale,2404,1,2273,1,131,0,2435,1,8687,20,11122,21,0,22,0,23,1,2359,0,40,22
03-07-21,Unicoi,1817,0,1412,0,405,0,1558,0,12504,17,14062,17,0,47,-5,26,5,1744,0,65,47
03-07-21,Union,1746,1,1483,1,263,0,1599,2,9959,5,11558,7,0,34,0,38,1,1674,0,56,34
03-07-21,Van Buren,798,1,667,1,131,0,736,1,5131,5,5867,6,0,20,1,3,0,775,0,20,20
03-07-21,Warren,5329,4,4568,4,761,0,5167,4,31134,63,36301,67,0,77,4,42,0,5210,0,80,79
03-07-21,Washington,12828,17,11080,13,1748,4,12236,13,77637,79,89873,92,0,234,-5,141,22,12453,0,330,233
03-07-21,Wayne,2883,0,2343,0,540,0,2576,0,10870,14,13446,14,0,30,-1,20,1,2833,0,59,30
03-07-21,Weakley,3797,0,2854,0,943,0,3267,0,20778,7,24045,7,0,60,-1,9,1,3728,0,60,60
03-07-21,White,3395,1,2816,1,579,0,3437,1,21803,16,25240,17,0,66,-2,62,3,3267,0,105,66
03-07-21,Williamson,25520,26,21769,17,3751,9,24173,17,170357,214,194530,231,0,204,-17,176,43,25140,0,285,206
03-07-21,Wilson,16650,38,15061,27,1589,11,17167,27,94856,276,112023,303,0,211,9,190,29,16249,2,325,214
03-06-21,Anderson,8092,10,6151,5,1941,5,6875,9,59199,90,66074,99,0,158,-1,189,11,7745,0,193,163
03-06-21,Bedford,5840,9,4698,7,1142,2,5419,6,29554,68,34973,74,0,120,6,66,3,5654,0,127,120
03-06-21,Benton,1509,0,1216,0,293,0,1344,0,8618,12,9962,12,0,39,-1,1,1,1469,0,35,40
03-06-21,Bledsoe,2014,1,1842,1,172,0,1955,1,14540,21,16495,22,0,10,-1,12,2,1992,0,32,10
03-06-21,Blount,14187,22,12242,14,1945,8,13479,14,68616,126,82095,140,0,184,7,144,15,13859,0,320,183
03-06-21,Bradley,13092,39,10888,29,2204,10,12341,30,61169,190,73510,220,0,141,16,268,23,12683,2,534,143
03-06-21,Campbell,3830,6,2176,4,1654,2,2443,4,24044,22,26487,26,0,59,0,41,6,3730,1,115,61
03-06-21,Cannon,1787,1,1451,1,336,0,1615,1,8728,14,10343,15,0,30,0,47,1,1710,0,35,31
03-06-21,Carroll,3482,2,2293,0,1189,2,2717,0,18896,21,21613,21,0,81,-1,2,3,3399,0,78,82
03-06-21,Carter,5992,3,5245,3,747,0,5759,4,35151,104,40910,108,0,155,-2,59,5,5778,0,215,154
03-06-21,Cheatham,3978,12,3126,6,852,6,3535,8,25302,65,28837,73,0,44,9,107,3,3827,1,81,45
03-06-21,Chester,2020,2,1465,2,555,0,1747,2,11183,14,12930,16,0,48,2,-2,0,1974,0,39,48
03-06-21,Claiborne,2849,7,1837,4,1012,3,1965,6,22734,60,24699,66,0,69,-2,94,9,2686,0,91,70
03-06-21,Clay,1071,0,739,0,332,0,848,0,5390,4,6238,4,0,31,-1,12,1,1028,0,24,30
03-06-21,Cocke,4033,9,2753,4,1280,5,3041,3,20224,26,23265,29,0,96,5,47,4,3890,0,109,96
03-06-21,Coffee,6436,12,4514,4,1922,8,5521,6,43277,77,48798,83,0,115,5,115,7,6206,0,115,115
03-06-21,Crockett,1973,0,1184,0,789,0,1379,0,7036,10,8415,10,0,47,-2,-9,2,1935,0,30,48
03-06-21,Cumberland,6135,3,5156,1,979,2,5905,1,46337,45,52242,46,0,123,-4,66,7,5946,0,148,124
03-06-21,Davidson,81979,158,77378,118,4601,40,94070,145,877957,3522,972027,3667,1,874,42,924,115,80181,2,1876,872
03-06-21,Decatur,1540,3,1151,1,389,2,1366,1,10703,13,12069,14,0,37,3,6,0,1497,0,38,37
03-06-21,Dekalb,2679,6,1995,3,684,3,2302,3,16157,30,18459,33,0,51,5,37,1,2591,0,54,51
03-06-21,Dickson,6290,9,4535,6,1755,3,5372,6,32973,51,38345,57,0,106,2,79,7,6105,0,116,107
03-06-21,Dyer,5244,6,3475,3,1769,3,3917,3,20907,34,24824,37,0,101,5,19,1,5124,0,104,103
03-06-21,Fayette,4677,3,4049,3,628,0,4976,4,35099,73,40075,77,0,73,2,33,1,4571,0,120,73
03-06-21,Fentress,2301,1,2003,1,298,0,2288,2,12146,72,14434,74,0,44,0,12,1,2245,0,57,44
03-06-21,Franklin,4762,5,4007,3,755,2,4711,5,34685,54,39396,59,0,85,0,50,5,4627,0,104,85
03-06-21,Gibson,6183,7,3745,2,2438,5,4540,6,28058,38,32598,44,0,141,-1,18,8,6024,0,104,142
03-06-21,Giles,3748,4,3135,2,613,2,3600,2,21801,47,25401,49,0,97,1,31,3,3620,0,110,97
03-06-21,Grainger,2448,2,1842,1,606,1,2063,1,13280,25,15343,26,0,46,1,39,1,2363,0,66,47
03-06-21,Greene,7304,5,5800,2,1504,3,6509,3,44609,151,51118,154,0,145,-3,55,8,7104,0,173,146
03-06-21,Grundy,1702,2,1437,1,265,1,1645,1,8153,40,9798,41,0,30,-2,29,4,1643,0,55,30
03-06-21,Hamblen,8069,4,5764,2,2305,2,6465,4,43980,82,50445,86,1,166,-4,75,7,7828,2,250,166
03-06-21,Hamilton,40711,76,35338,57,5373,19,39513,60,298981,835,338494,895,0,463,-5,532,81,39716,0,1081,464
03-06-21,Hancock,501,0,360,0,141,0,387,0,3681,5,4068,5,0,12,0,2,0,487,0,19,12
03-06-21,Hardeman,3389,4,2750,2,639,2,3217,2,23936,26,27153,28,0,65,3,4,1,3320,0,101,63
03-06-21,Hardin,3321,3,2278,1,1043,2,2716,1,22287,24,25003,25,0,63,1,24,2,3234,0,63,63
03-06-21,Hawkins,5282,7,4335,6,947,1,4684,7,31730,178,36414,185,0,98,-8,100,15,5084,0,140,99
03-06-21,Haywood,2646,1,2220,0,426,1,2529,0,13147,18,15676,18,0,60,1,7,0,2579,0,81,60
03-06-21,Henderson,3631,3,2536,2,1095,1,3180,2,15553,16,18733,18,0,74,0,12,3,3545,0,75,74
03-06-21,Henry,3009,2,2353,2,656,0,2718,2,17157,23,19875,25,0,75,-3,-7,5,2941,0,74,75
03-06-21,Hickman,2674,4,2167,3,507,1,2505,3,15480,34,17985,37,0,41,3,43,1,2590,0,53,41
03-06-21,Houston,1036,0,779,0,257,0,889,0,9156,13,10045,13,0,32,-1,2,1,1002,0,39,33
03-06-21,Humphreys,1555,2,1018,1,537,1,1192,1,11000,16,12192,17,0,21,-1,18,3,1516,0,31,21
03-06-21,Jackson,1254,0,987,0,267,0,1152,0,5186,6,6338,6,0,34,-1,8,1,1212,0,39,33
03-06-21,Jefferson,5717,7,4009,6,1708,1,4526,10,36313,108,40839,118,0,119,-1,116,8,5482,0,172,119
03-06-21,Johnson,2174,0,1947,0,227,0,2075,0,14186,79,16261,79,0,38,-3,17,3,2119,0,57,38
03-06-21,Knox,46719,123,39605,84,7114,39,43277,95,302069,843,345346,938,0,589,41,661,82,45469,0,1294,587
03-06-21,Lake,1678,0,1493,0,185,0,1758,0,9586,26,11344,26,0,26,0,0,0,1652,0,25,26
03-06-21,Lauderdale,3093,1,2416,1,677,0,2772,1,20009,52,22781,53,0,42,0,19,1,3032,0,82,42
03-06-21,Lawrence,5573,2,4369,2,1204,0,4809,5,27659,84,32468,89,0,83,-1,20,3,5470,0,140,84
03-06-21,Lewis,1476,0,1148,0,328,0,1242,1,9642,10,10884,11,0,25,-6,14,6,1437,0,41,25
03-06-21,Lincoln,4150,4,3245,1,905,3,3684,1,16714,38,20398,39,0,62,1,42,3,4046,0,80,60
03-06-21,Loudon,5745,13,4474,7,1271,6,4890,8,29567,55,34457,63,-1,66,7,95,7,5584,0,129,67
03-06-21,Macon,3375,4,2662,3,713,1,3133,4,14916,36,18049,40,0,73,0,30,4,3272,0,118,73
03-06-21,Madison,10139,12,5691,6,4448,6,6938,9,52196,98,59134,107,1,232,7,-602,4,10509,0,333,232
03-06-21,Marion,2959,2,2553,2,406,0,2849,3,17649,69,20498,72,0,45,-6,23,8,2891,0,108,46
03-06-21,Marshall,3923,5,3164,2,759,3,3569,2,21973,28,25542,30,0,57,4,38,1,3828,0,86,57
03-06-21,Maury,12266,14,10925,10,1341,4,12061,14,69120,131,81181,145,0,162,2,22,12,12082,0,277,161
03-06-21,McMinn,5971,6,5341,4,630,2,5888,5,39892,104,45780,109,0,93,-5,98,11,5780,0,146,94
03-06-21,McNairy,2684,2,1910,2,774,0,2325,2,17458,25,19783,27,0,53,-2,-18,4,2649,0,63,53
03-06-21,Meigs,1268,1,1153,1,115,0,1281,1,7552,22,8833,23,0,23,1,6,0,1239,0,38,23
03-06-21,Monroe,5399,12,4291,7,1108,5,4821,9,25397,61,30218,70,1,91,-6,131,17,5177,0,149,92
03-06-21,Montgomery,17540,21,12920,21,4620,0,14200,30,104910,385,119110,415,0,213,-17,-23,38,17350,0,294,218
03-06-21,Moore,945,0,737,0,208,0,834,0,4602,3,5436,3,0,16,0,7,0,922,0,16,17
03-06-21,Morgan,2311,2,1726,1,585,1,1868,1,14441,36,16309,37,0,38,0,14,2,2259,0,36,38
03-06-21,Obion,4367,0,3253,0,1114,0,3682,0,21321,38,25003,38,0,95,-3,-1,3,4273,0,97,95
03-06-21,Out of State,16609,27,13312,20,3297,7,15028,24,582178,1364,597206,1388,1,96,2,197,24,16316,0,202,91
03-06-21,Overton,2869,2,2168,1,701,1,2550,1,14250,26,16800,27,0,58,-3,30,5,2781,0,63,59
03-06-21,Pending,15437,31,10037,17,5400,14,11144,20,376983,993,388127,1013,0,126,14,101,17,15210,1,135,129
03-06-21,Perry,1034,0,894,0,140,0,1005,0,5896,8,6901,8,0,28,-2,-6,2,1012,0,28,28
03-06-21,Pickett,745,1,492,0,253,1,593,0,3653,27,4246,27,0,23,0,2,1,720,0,28,24
03-06-21,Polk,1798,7,1636,7,162,0,1804,7,8764,20,10568,27,0,22,6,52,1,1724,0,67,23
03-06-21,Putnam,10648,6,8762,1,1886,5,10504,4,67298,106,77802,110,0,170,-2,121,8,10357,0,204,171
03-06-21,Rhea,4156,6,3614,3,542,3,4045,3,25187,30,29232,33,0,73,4,34,2,4049,0,83,73
03-06-21,Roane,5945,7,4655,5,1290,2,5181,7,40683,102,45864,109,0,96,-12,59,19,5790,0,142,97
03-06-21,Robertson,9026,13,7175,5,1851,8,8087,6,40866,77,48953,83,0,121,-1,101,14,8804,1,403,122
03-06-21,Rutherford,38757,82,33650,55,5107,27,39185,65,217286,621,256471,686,1,388,6,518,75,37851,0,570,392
03-06-21,Scott,2887,3,1643,0,1244,3,1755,0,10847,17,12602,17,0,44,1,37,2,2806,0,60,44
03-06-21,Sequatchie,1572,2,1259,1,313,1,1374,1,11308,19,12682,20,0,27,2,33,0,1512,0,36,26
03-06-21,Sevier,12158,29,10687,19,1471,10,11738,20,62184,155,73922,175,0,165,17,181,12,11812,1,262,164
03-06-21,Shelby,87817,127,81792,98,6025,29,100787,125,882186,2983,982973,3108,4,1517,19,839,104,85461,8,3412,1538
03-06-21,Smith,2582,1,1972,1,610,0,2475,1,12658,17,15133,18,0,36,-1,44,2,2502,0,57,36
03-06-21,Stewart,1245,4,946,4,299,0,1069,4,6481,12,7550,16,0,25,4,-1,0,1221,0,24,25
03-06-21,Sullivan,14485,31,12624,27,1861,4,13678,42,81277,312,94955,354,0,275,17,210,14,14000,0,715,274
03-06-21,Sumner,21530,39,19314,21,2216,18,21868,30,112195,303,134063,333,0,320,18,145,21,21065,0,690,323
03-06-21,Tipton,6958,8,4888,4,2070,4,5909,5,44372,131,50281,136,0,103,2,54,6,6801,0,147,100
03-06-21,Trousdale,2403,3,2272,2,131,1,2434,2,8667,22,11101,24,0,22,3,23,0,2358,1,40,22
03-06-21,Unicoi,1817,1,1412,1,405,0,1558,1,12487,27,14045,28,0,47,-2,31,3,1739,0,65,47
03-06-21,Union,1745,5,1482,5,263,0,1597,5,9954,12,11551,17,0,34,2,38,3,1673,0,56,34
03-06-21,Van Buren,797,0,666,0,131,0,735,0,5126,2,5861,2,0,20,0,2,0,775,0,20,20
03-06-21,Warren,5325,5,4564,4,761,1,5163,5,31071,54,36234,59,0,77,3,38,2,5210,0,80,79
03-06-21,Washington,12811,10,11067,9,1744,1,12223,12,77558,287,89781,299,0,234,-2,146,12,12431,0,330,233
03-06-21,Wayne,2883,1,2343,0,540,1,2576,1,10856,15,13432,16,0,30,-2,21,3,2832,0,59,30
03-06-21,Weakley,3797,4,2854,2,943,2,3267,2,20771,29,24038,31,0,60,1,10,3,3727,0,60,60
03-06-21,White,3394,6,2815,4,579,2,3436,6,21787,42,25223,48,0,66,0,64,6,3264,0,105,66
03-06-21,Williamson,25494,54,21752,33,3742,21,24156,36,170143,435,194299,471,0,204,-12,193,66,25097,0,285,206
03-06-21,Wilson,16612,36,15034,27,1578,9,17140,32,94580,287,111720,319,0,211,3,181,33,16220,0,323,214
03-05-21,Anderson,8082,33,6146,17,1936,16,6866,22,59109,133,65975,155,0,158,18,190,15,7734,2,193,163
03-05-21,Bedford,5831,11,4691,2,1140,9,5413,3,29486,31,34899,34,0,120,5,60,6,5651,0,127,120
03-05-21,Benton,1509,0,1216,0,293,0,1344,0,8606,13,9950,13,0,39,-1,2,1,1468,0,35,40
03-05-21,Bledsoe,2013,2,1841,0,172,2,1954,0,14519,26,16473,26,0,10,-1,13,3,1990,0,32,10
03-05-21,Blount,14165,26,12228,18,1937,8,13465,20,68490,150,81955,170,1,184,-6,137,31,13844,2,320,183
03-05-21,Bradley,13053,41,10859,19,2194,22,12311,22,60979,167,73290,189,0,141,8,252,33,12660,2,532,143
03-05-21,Campbell,3824,4,2172,1,1652,3,2439,3,24022,29,26461,32,0,59,-1,41,5,3724,1,114,60
03-05-21,Cannon,1786,11,1450,7,336,4,1614,7,8714,25,10328,32,0,30,7,47,4,1709,0,35,30
03-05-21,Carroll,3480,1,2293,1,1187,0,2717,1,18875,22,21592,23,0,81,-1,3,2,3396,0,78,82
03-05-21,Carter,5989,6,5242,5,747,1,5755,6,35047,67,40802,73,0,155,3,61,3,5773,0,215,154
03-05-21,Cheatham,3966,8,3120,4,846,4,3527,4,25237,40,28764,44,0,44,-3,98,11,3824,0,80,45
03-05-21,Chester,2018,0,1463,0,555,0,1745,0,11169,12,12914,12,0,48,0,-4,0,1974,0,39,48
03-05-21,Claiborne,2842,7,1833,6,1009,1,1959,7,22674,103,24633,110,0,69,-9,96,16,2677,0,91,70
03-05-21,Clay,1071,1,739,1,332,0,848,2,5386,18,6234,20,1,31,-1,13,1,1027,0,24,30
03-05-21,Cocke,4024,8,2749,3,1275,5,3038,4,20198,32,23236,36,1,96,-3,42,10,3886,0,109,96
03-05-21,Coffee,6424,7,4510,4,1914,3,5515,5,43200,55,48715,60,0,115,-7,110,14,6199,0,115,115
03-05-21,Crockett,1973,0,1184,0,789,0,1379,0,7026,7,8405,7,0,47,-3,-7,3,1933,0,30,48
03-05-21,Cumberland,6132,9,5155,5,977,4,5904,6,46292,47,52196,53,1,123,1,70,7,5939,0,148,124
03-05-21,Davidson,81821,114,77260,87,4561,27,93925,109,874435,1686,968360,1795,2,873,-20,882,132,80066,0,1874,871
03-05-21,Decatur,1537,0,1150,0,387,0,1365,0,10690,8,12055,8,0,37,0,3,0,1497,0,38,37
03-05-21,Dekalb,2673,6,1992,4,681,2,2299,4,16127,39,18426,43,0,51,5,32,1,2590,0,54,51
03-05-21,Dickson,6281,15,4529,2,1752,13,5366,3,32922,61,38288,64,0,106,6,77,9,6098,0,116,107
03-05-21,Dyer,5238,0,3472,0,1766,0,3914,2,20873,28,24787,30,0,101,-2,14,2,5123,0,104,103
03-05-21,Fayette,4674,4,4046,4,628,0,4972,7,35026,83,39998,90,1,73,-4,31,7,4570,0,120,73
03-05-21,Fentress,2300,4,2002,3,298,1,2286,3,12074,7,14360,10,0,44,4,12,0,2244,0,57,44
03-05-21,Franklin,4757,13,4004,9,753,4,4706,13,34631,226,39337,239,0,85,0,50,13,4622,0,104,85
03-05-21,Gibson,6176,1,3743,1,2433,0,4534,2,28020,32,32554,34,0,141,-5,19,6,6016,0,104,142
03-05-21,Giles,3744,3,3133,3,611,0,3598,3,21754,28,25352,31,0,97,-6,30,9,3617,0,110,97
03-05-21,Grainger,2446,4,1841,4,605,0,2062,5,13255,42,15317,47,0,46,0,38,4,2362,0,66,47
03-05-21,Greene,7299,4,5798,4,1501,0,6506,4,44458,164,50964,168,0,145,0,58,4,7096,0,173,146
03-05-21,Grundy,1700,2,1436,2,264,0,1644,3,8113,54,9757,57,0,30,-1,31,3,1639,0,55,30
03-05-21,Hamblen,8065,16,5762,7,2303,9,6461,9,43898,99,50359,108,0,165,5,79,11,7821,0,248,165
03-05-21,Hamilton,40635,64,35281,44,5354,20,39453,60,298146,670,337599,730,0,463,-38,537,102,39635,0,1081,464
03-05-21,Hancock,501,0,360,0,141,0,387,0,3676,6,4063,6,0,12,0,2,0,487,0,19,12
03-05-21,Hardeman,3385,4,2748,3,637,1,3215,3,23910,29,27125,32,1,65,1,1,2,3319,0,101,63
03-05-21,Hardin,3318,4,2277,2,1041,2,2715,3,22263,38,24978,41,0,63,1,23,3,3232,1,63,63
03-05-21,Hawkins,5275,11,4329,6,946,5,4677,6,31552,78,36229,84,3,98,-9,108,17,5069,0,140,99
03-05-21,Haywood,2645,1,2220,0,425,1,2529,0,13129,12,15658,12,0,60,0,6,1,2579,0,81,60
03-05-21,Henderson,3628,3,2534,3,1094,0,3178,3,15537,16,18715,19,1,74,-3,12,5,3542,0,75,74
03-05-21,Henry,3007,4,2351,2,656,2,2716,3,17134,23,19850,26,0,75,4,-4,0,2936,0,74,75
03-05-21,Hickman,2670,5,2164,2,506,3,2502,2,15446,26,17948,28,0,41,5,40,0,2589,0,53,41
03-05-21,Houston,1036,1,779,0,257,1,889,0,9143,9,10032,9,0,32,1,3,0,1001,0,39,33
03-05-21,Humphreys,1553,3,1017,1,536,2,1191,1,10984,8,12175,9,0,21,2,19,1,1513,0,31,21
03-05-21,Jackson,1254,1,987,1,267,0,1152,2,5180,12,6332,14,0,34,0,9,1,1211,0,39,33
03-05-21,Jefferson,5710,14,4003,12,1707,2,4516,11,36205,216,40721,227,0,119,6,117,8,5474,0,172,118
03-05-21,Johnson,2174,3,1947,3,227,0,2075,3,14107,36,16182,39,0,38,-5,20,8,2116,0,57,38
03-05-21,Knox,46596,69,39521,42,7075,27,43182,49,301226,515,344408,564,2,589,-18,620,85,45387,2,1294,587
03-05-21,Lake,1678,0,1493,0,185,0,1758,0,9560,4,11318,4,0,26,-2,0,2,1652,0,25,26
03-05-21,Lauderdale,3092,2,2415,1,677,1,2771,3,19957,29,22728,32,0,42,2,19,0,3031,0,82,41
03-05-21,Lawrence,5571,1,4367,0,1204,1,4804,0,27575,36,32379,36,0,83,-5,21,6,5467,0,140,83
03-05-21,Lewis,1476,1,1148,0,328,1,1241,0,9632,8,10873,8,0,25,-1,20,2,1431,0,41,25
03-05-21,Lincoln,4146,4,3244,2,902,2,3683,2,16676,23,20359,25,0,62,-2,41,6,4043,0,80,60
03-05-21,Loudon,5732,7,4467,2,1265,5,4882,2,29512,56,34394,58,1,67,-13,88,19,5577,1,129,67
03-05-21,Macon,3371,3,2659,3,712,0,3129,3,14880,50,18009,53,0,73,-2,30,5,3268,0,118,73
03-05-21,Madison,10127,5,5685,4,4442,1,6929,4,52098,50,59027,54,1,231,-7,-609,11,10505,0,333,232
03-05-21,Marion,2957,5,2551,4,406,1,2846,5,17580,49,20426,54,1,45,-3,29,7,2883,0,108,45
03-05-21,Marshall,3918,5,3162,2,756,3,3567,2,21945,25,25512,27,1,57,0,34,4,3827,0,86,57
03-05-21,Maury,12252,6,10915,6,1337,0,12047,7,68989,81,81036,88,-1,162,-3,20,10,12070,0,277,161
03-05-21,McMinn,5965,10,5337,9,628,1,5883,14,39788,80,45671,94,1,93,2,103,7,5769,1,146,94
03-05-21,McNairy,2682,5,1908,4,774,1,2323,4,17433,21,19756,25,0,53,2,-16,3,2645,0,63,53
03-05-21,Meigs,1267,0,1152,0,115,0,1280,2,7530,16,8810,18,1,23,-3,5,2,1239,0,38,23
03-05-21,Monroe,5387,17,4284,16,1103,1,4812,15,25336,42,30148,57,0,90,2,137,15,5160,1,149,92
03-05-21,Montgomery,17519,31,12899,22,4620,9,14170,21,104525,208,118695,229,0,213,-14,-6,45,17312,0,294,216
03-05-21,Moore,945,1,737,1,208,0,834,1,4599,8,5433,9,0,16,0,7,1,922,0,16,17
03-05-21,Morgan,2309,2,1725,1,584,1,1867,2,14405,25,16272,27,0,38,1,14,1,2257,0,36,38
03-05-21,Obion,4367,0,3253,0,1114,0,3682,0,21283,40,24965,40,0,95,-5,2,5,4270,0,97,95
03-05-21,Out of State,16582,26,13292,15,3290,11,15004,20,580814,1166,595818,1186,1,95,-1,195,26,16292,0,202,91
03-05-21,Overton,2867,9,2167,7,700,2,2549,7,14224,36,16773,43,1,58,5,33,3,2776,0,63,59
03-05-21,Pending,15406,45,10020,21,5386,24,11124,25,375990,991,387114,1016,-1,126,24,87,22,15193,0,134,129
03-05-21,Perry,1034,1,894,1,140,0,1005,1,5888,11,6893,12,1,28,0,-4,0,1010,0,28,28
03-05-21,Pickett,744,1,492,0,252,1,593,0,3626,4,4219,4,0,23,1,2,0,719,0,28,24
03-05-21,Polk,1791,7,1629,6,162,1,1797,7,8744,25,10541,32,0,22,1,46,6,1723,0,67,22
03-05-21,Putnam,10642,18,8761,11,1881,7,10500,14,67192,182,77692,196,0,170,11,123,7,10349,0,204,170
03-05-21,Rhea,4150,6,3611,4,539,2,4042,4,25157,51,29199,55,0,73,2,30,4,4047,0,83,73
03-05-21,Roane,5938,11,4650,8,1288,3,5174,10,40581,74,45755,84,0,96,-7,71,18,5771,0,142,97
03-05-21,Robertson,9013,11,7170,6,1843,5,8081,6,40789,49,48870,55,0,121,-10,102,21,8790,0,402,122
03-05-21,Rutherford,38675,79,33595,42,5080,37,39120,47,216665,445,255785,492,1,387,9,512,69,37776,0,570,391
03-05-21,Scott,2884,4,1643,0,1241,4,1755,0,10830,25,12585,25,0,44,1,36,3,2804,0,60,44
03-05-21,Sequatchie,1570,5,1258,3,312,2,1373,6,11289,26,12662,32,0,27,3,31,2,1512,0,36,26
03-05-21,Sevier,12129,24,10668,20,1461,4,11718,23,62029,154,73747,177,1,165,8,164,15,11800,0,261,164
03-05-21,Shelby,87690,102,81694,71,5996,31,100662,90,879203,2385,979865,2475,4,1513,-5,820,103,85357,1,3404,1537
03-05-21,Smith,2581,3,1971,2,610,1,2474,2,12641,15,15115,17,0,36,2,45,1,2500,0,57,36
03-05-21,Stewart,1241,2,942,0,299,2,1065,0,6469,3,7534,3,0,25,1,-5,1,1221,0,24,25
03-05-21,Sullivan,14454,21,12597,21,1857,0,13636,14,80965,154,94601,168,1,275,-8,193,28,13986,0,715,274
03-05-21,Sumner,21491,46,19293,23,2198,23,21838,25,111892,177,133730,202,2,320,7,127,37,21044,0,690,321
03-05-21,Tipton,6950,8,4884,1,2066,7,5904,3,44241,97,50145,100,0,103,0,52,8,6795,0,147,100
03-05-21,Trousdale,2400,2,2270,2,130,0,2432,2,8645,21,11077,23,0,22,2,20,0,2358,0,39,22
03-05-21,Unicoi,1816,6,1411,4,405,2,1557,5,12460,45,14017,50,0,47,3,33,3,1736,0,65,47
03-05-21,Union,1740,6,1477,4,263,2,1592,3,9942,18,11534,21,1,34,-4,36,9,1670,0,56,34
03-05-21,Van Buren,797,0,666,0,131,0,735,0,5124,7,5859,7,0,20,-1,2,1,775,0,20,20
03-05-21,Warren,5320,4,4560,4,760,0,5158,3,31017,68,36175,71,1,77,0,35,3,5208,0,80,78
03-05-21,Washington,12801,15,11058,13,1743,2,12211,15,77271,255,89482,270,0,234,-2,148,17,12419,0,330,233
03-05-21,Wayne,2882,9,2343,7,539,2,2575,8,10841,20,13416,28,0,30,7,23,2,2829,0,59,30
03-05-21,Weakley,3793,4,2852,3,941,1,3265,3,20742,50,24007,53,1,60,1,9,2,3724,0,60,60
03-05-21,White,3388,4,2811,3,577,1,3430,4,21745,41,25175,45,0,66,-3,64,7,3258,0,105,66
03-05-21,Williamson,25440,40,21719,23,3721,17,24120,22,169708,285,193828,307,0,204,-11,205,51,25031,0,285,206
03-05-21,Wilson,16576,55,15007,34,1569,21,17108,35,94293,243,111401,278,0,211,12,178,43,16187,0,323,211
03-04-21,Anderson,8049,25,6129,13,1920,12,6844,17,58976,165,65820,182,0,158,13,172,12,7719,0,191,163
03-04-21,Bedford,5820,17,4689,13,1131,4,5410,13,29455,88,34865,101,0,120,11,55,6,5645,1,127,119
03-04-21,Benton,1509,1,1216,1,293,0,1344,1,8593,13,9937,14,0,39,-1,3,2,1467,0,35,40
03-04-21,Bledsoe,2011,0,1841,0,170,0,1954,4,14493,71,16447,75,0,10,-2,14,2,1987,0,32,10
03-04-21,Blount,14139,36,12210,30,1929,6,13445,33,68340,248,81785,281,1,183,13,143,22,13813,1,318,183
03-04-21,Bradley,13012,56,10840,36,2172,20,12289,41,60812,228,73101,269,1,141,18,244,37,12627,1,530,143
03-04-21,Campbell,3820,10,2171,3,1649,7,2436,3,23993,29,26429,32,0,59,2,42,8,3719,0,113,60
03-04-21,Cannon,1775,10,1443,6,332,4,1607,6,8689,28,10296,34,0,30,9,40,1,1705,0,35,30
03-04-21,Carroll,3479,2,2292,2,1187,0,2716,2,18853,33,21569,35,0,81,0,4,2,3394,0,78,82
03-04-21,Carter,5983,6,5237,5,746,1,5749,6,34980,85,40729,91,2,155,-6,58,10,5770,0,215,154
03-04-21,Cheatham,3958,26,3116,14,842,12,3523,14,25197,88,28720,102,0,44,21,101,5,3813,2,80,45
03-04-21,Chester,2018,3,1463,3,555,0,1745,3,11157,75,12902,78,0,48,3,-4,0,1974,0,39,48
03-04-21,Claiborne,2835,13,1827,6,1008,7,1952,6,22571,86,24523,92,1,69,-6,105,18,2661,0,91,69
03-04-21,Clay,1070,0,738,0,332,0,846,0,5368,6,6214,6,0,30,0,14,0,1026,0,24,30
03-04-21,Cocke,4016,12,2746,3,1270,9,3034,3,20166,89,23200,92,2,95,5,45,5,3876,0,109,96
03-04-21,Coffee,6417,61,4506,7,1911,54,5510,7,43145,136,48655,143,0,115,55,117,6,6185,0,115,115
03-04-21,Crockett,1973,1,1184,0,789,1,1379,0,7019,18,8398,18,0,47,-1,-4,2,1930,0,30,48
03-04-21,Cumberland,6123,5,5150,4,973,1,5898,4,46245,67,52143,71,1,122,-1,69,5,5932,0,148,124
03-04-21,Davidson,81707,140,77173,113,4534,27,93816,144,872749,5424,966565,5568,1,871,44,902,95,79934,1,1874,870
03-04-21,Decatur,1537,3,1150,3,387,0,1365,3,10682,7,12047,10,0,37,3,3,0,1497,0,38,37
03-04-21,Dekalb,2667,4,1988,2,679,2,2295,3,16088,26,18383,29,2,51,1,27,1,2589,0,54,51
03-04-21,Dickson,6266,20,4527,9,1739,11,5363,12,32861,112,38224,124,0,106,16,71,4,6089,0,116,107
03-04-21,Dyer,5238,2,3472,1,1766,1,3912,2,20845,49,24757,51,0,101,0,16,2,5121,0,104,103
03-04-21,Fayette,4670,7,4042,5,628,2,4965,6,34943,112,39908,118,1,72,1,35,5,4563,0,120,72
03-04-21,Fentress,2296,2,1999,0,297,2,2283,0,12067,17,14350,17,0,44,0,8,2,2244,0,57,44
03-04-21,Franklin,4744,8,3995,6,749,2,4693,6,34405,78,39098,84,0,85,2,50,6,4609,0,104,85
03-04-21,Gibson,6175,4,3742,2,2433,2,4532,3,27988,107,32520,110,0,141,1,24,3,6010,0,104,141
03-04-21,Giles,3741,3,3130,1,611,2,3595,2,21726,57,25321,59,1,97,1,36,1,3608,0,110,97
03-04-21,Grainger,2442,4,1837,2,605,2,2057,2,13213,30,15270,32,0,46,-2,38,6,2358,0,66,47
03-04-21,Greene,7295,8,5794,1,1501,7,6502,2,44294,182,50796,184,0,145,-1,58,9,7092,0,173,146
03-04-21,Grundy,1698,3,1434,2,264,1,1641,2,8059,67,9700,69,0,30,-1,32,4,1636,0,55,30
03-04-21,Hamblen,8049,13,5755,5,2294,8,6452,7,43799,79,50251,86,1,165,1,74,11,7810,0,248,165
03-04-21,Hamilton,40571,92,35237,73,5334,19,39393,83,297476,733,336869,816,1,463,-10,575,101,39533,4,1081,464
03-04-21,Hancock,501,2,360,0,141,2,387,0,3670,5,4057,5,0,12,1,2,1,487,0,19,12
03-04-21,Hardeman,3381,2,2745,1,636,1,3212,1,23881,41,27093,42,0,64,2,0,0,3317,0,101,63
03-04-21,Hardin,3314,2,2275,2,1039,0,2712,3,22225,22,24937,25,0,63,2,22,0,3229,0,62,63
03-04-21,Hawkins,5264,5,4323,4,941,1,4671,7,31474,62,36145,69,1,95,-12,117,16,5052,0,140,99
03-04-21,Haywood,2644,2,2220,1,424,1,2529,1,13117,24,15646,25,0,60,2,6,0,2578,0,81,60
03-04-21,Henderson,3625,1,2531,1,1094,0,3175,1,15521,20,18696,21,0,73,-3,15,4,3537,0,75,74
03-04-21,Henry,3003,0,2349,0,654,0,2713,1,17111,21,19824,22,0,75,-3,-8,3,2936,0,74,75
03-04-21,Hickman,2665,5,2162,1,503,4,2500,1,15420,44,17920,45,0,41,1,35,4,2589,0,53,41
03-04-21,Houston,1035,1,779,1,256,0,889,3,9134,4,10023,7,0,32,1,2,0,1001,0,39,33
03-04-21,Humphreys,1550,6,1016,1,534,5,1190,1,10976,25,12166,26,0,21,5,17,1,1512,0,31,21
03-04-21,Jackson,1253,0,986,0,267,0,1150,0,5168,10,6318,10,0,34,0,9,0,1210,0,39,33
03-04-21,Jefferson,5696,20,3991,9,1705,11,4505,10,35989,113,40494,123,0,119,8,111,12,5466,0,172,118
03-04-21,Johnson,2171,1,1944,1,227,0,2072,1,14071,31,16143,32,0,38,-2,25,3,2108,0,57,38
03-04-21,Knox,46527,111,39479,85,7048,26,43133,102,300711,1108,343844,1210,5,587,-2,638,108,45302,1,1292,585
03-04-21,Lake,1678,0,1493,0,185,0,1758,0,9556,6,11314,6,0,26,0,2,0,1650,0,25,26
03-04-21,Lauderdale,3090,2,2414,1,676,1,2768,1,19928,78,22696,79,0,42,0,17,2,3031,0,82,41
03-04-21,Lawrence,5570,4,4367,2,1203,2,4804,2,27539,66,32343,68,0,83,1,26,3,5461,1,140,83
03-04-21,Lewis,1475,3,1148,2,327,1,1241,2,9624,17,10865,19,0,25,-1,21,4,1429,0,41,25
03-04-21,Lincoln,4142,5,3242,4,900,1,3681,7,16653,29,20334,36,0,62,1,43,4,4037,0,80,60
03-04-21,Loudon,5725,15,4465,7,1260,8,4880,9,29456,67,34336,76,0,66,-4,101,19,5558,1,128,67
03-04-21,Macon,3368,2,2656,1,712,1,3126,1,14830,55,17956,56,0,73,2,32,0,3263,0,118,73
03-04-21,Madison,10122,8,5681,5,4441,3,6925,5,52048,101,58973,106,1,230,4,-602,3,10494,1,333,231
03-04-21,Marion,2952,3,2547,2,405,1,2841,3,17531,103,20372,106,0,44,-2,32,5,2876,0,108,45
03-04-21,Marshall,3913,5,3160,3,753,2,3565,4,21920,43,25485,47,0,56,1,34,4,3823,0,86,57
03-04-21,Maury,12246,15,10909,10,1337,5,12040,16,68908,163,80948,179,0,163,7,23,8,12060,0,277,161
03-04-21,McMinn,5955,16,5328,10,627,6,5869,13,39708,180,45577,193,0,92,7,101,9,5762,1,145,94
03-04-21,McNairy,2677,1,1904,1,773,0,2319,2,17412,92,19731,94,0,53,-2,-18,3,2642,0,63,53
03-04-21,Meigs,1267,2,1152,2,115,0,1278,1,7514,21,8792,22,1,22,1,8,0,1237,0,38,23
03-04-21,Monroe,5370,17,4268,11,1102,6,4797,13,25294,102,30091,115,0,90,8,135,9,5145,1,148,92
03-04-21,Montgomery,17488,36,12877,28,4611,8,14149,33,104317,483,118466,516,0,213,18,8,18,17267,0,294,216
03-04-21,Moore,944,1,736,1,208,0,833,1,4591,9,5424,10,0,16,-1,7,2,921,0,16,17
03-04-21,Morgan,2307,7,1724,5,583,2,1865,5,14380,24,16245,29,0,38,6,13,1,2256,0,36,38
03-04-21,Obion,4367,1,3253,1,1114,0,3682,1,21243,39,24925,40,0,95,0,7,1,4265,0,97,95
03-04-21,Out of State,16556,41,13277,28,3279,13,14984,48,579648,1896,594632,1944,0,94,24,196,17,16266,1,202,90
03-04-21,Overton,2858,5,2160,2,698,3,2542,2,14188,26,16730,28,0,57,3,28,2,2773,0,63,59
03-04-21,Pending,15361,51,9999,29,5362,22,11099,28,374999,1431,386098,1459,1,127,33,63,17,15171,0,134,128
03-04-21,Perry,1033,1,893,1,140,0,1004,1,5877,4,6881,5,0,27,1,-4,0,1010,0,28,28
03-04-21,Pickett,743,0,492,0,251,0,593,0,3622,5,4215,5,0,23,0,1,0,719,0,28,24
03-04-21,Polk,1784,12,1623,9,161,3,1790,12,8719,43,10509,55,0,22,6,45,6,1717,1,67,22
03-04-21,Putnam,10624,13,8750,4,1874,9,10486,6,67010,94,77496,100,1,170,2,112,10,10342,0,204,170
03-04-21,Rhea,4144,5,3607,3,537,2,4038,5,25106,61,29144,66,0,73,0,28,5,4043,0,83,73
03-04-21,Roane,5927,6,4642,3,1285,3,5164,6,40507,113,45671,119,0,96,-8,78,14,5753,0,142,97
03-04-21,Robertson,9002,22,7164,14,1838,8,8075,14,40740,134,48815,148,0,121,13,112,9,8769,1,402,122
03-04-21,Rutherford,38596,94,33553,62,5043,32,39073,74,216220,768,255293,842,2,386,60,503,32,37707,1,570,388
03-04-21,Scott,2880,9,1643,2,1237,7,1755,1,10805,18,12560,19,0,44,5,35,4,2801,0,60,44
03-04-21,Sequatchie,1565,1,1255,1,310,0,1367,1,11263,18,12630,19,0,27,-4,28,5,1510,0,36,26
03-04-21,Sevier,12105,25,10648,16,1457,9,11695,17,61875,253,73570,270,0,164,-2,156,27,11785,0,261,164
03-04-21,Shelby,87588,170,81623,147,5965,23,100572,199,876818,4907,977390,5106,7,1509,108,825,55,85254,3,3403,1534
03-04-21,Smith,2578,8,1969,3,609,5,2472,3,12626,23,15098,26,0,36,4,43,4,2499,0,57,36
03-04-21,Stewart,1239,1,942,0,297,1,1065,0,6466,16,7531,16,1,25,-1,-6,1,1220,0,24,25
03-04-21,Sullivan,14433,47,12576,44,1857,3,13622,45,80811,226,94433,271,1,274,16,201,30,13958,1,715,274
03-04-21,Sumner,21445,48,19270,34,2175,14,21813,36,111715,373,133528,409,3,318,28,120,17,21007,0,690,320
03-04-21,Tipton,6942,9,4883,4,2059,5,5901,2,44144,148,50045,150,0,103,5,52,4,6787,0,147,100
03-04-21,Trousdale,2398,1,2268,1,130,0,2430,1,8624,19,11054,20,0,22,1,18,0,2358,0,39,22
03-04-21,Unicoi,1810,1,1407,0,403,1,1552,0,12415,43,13967,43,0,47,-5,30,6,1733,0,65,47
03-04-21,Union,1734,4,1473,4,261,0,1589,4,9924,20,11513,24,0,33,1,40,3,1661,0,56,33
03-04-21,Van Buren,797,0,666,0,131,0,735,0,5117,30,5852,30,0,20,0,3,0,774,0,20,20
03-04-21,Warren,5316,7,4556,5,760,2,5155,5,30949,106,36104,111,1,76,3,35,3,5205,0,80,78
03-04-21,Washington,12786,22,11045,14,1741,8,12196,20,77016,243,89212,263,0,234,5,150,17,12402,2,330,233
03-04-21,Wayne,2873,3,2336,2,537,1,2567,2,10821,18,13388,20,0,30,1,16,2,2827,0,59,30
03-04-21,Weakley,3789,4,2849,3,940,1,3262,4,20692,26,23954,30,0,59,4,8,0,3722,0,60,60
03-04-21,White,3384,4,2808,2,576,2,3426,4,21704,45,25130,49,0,66,-4,67,8,3251,0,105,66
03-04-21,Williamson,25400,51,21696,25,3704,26,24098,28,169423,623,193521,651,1,204,12,216,38,24980,0,285,205
03-04-21,Wilson,16521,46,14973,30,1548,16,17073,33,94050,436,111123,469,1,211,24,166,21,16144,1,323,211
03-03-21,Anderson,8024,31,6116,19,1908,12,6827,23,58811,114,65638,137,1,158,11,159,19,7707,0,191,163
03-03-21,Bedford,5803,7,4676,5,1127,2,5397,5,29367,64,34764,69,0,120,1,44,6,5639,0,126,119
03-03-21,Benton,1508,1,1215,0,293,1,1343,0,8580,19,9923,19,0,39,1,4,0,1465,0,35,40
03-03-21,Bledsoe,2011,9,1841,9,170,0,1950,7,14422,153,16372,160,0,10,6,16,3,1985,0,32,10
03-03-21,Blount,14103,25,12180,13,1923,12,13412,17,68092,143,81504,160,1,182,1,130,23,13791,1,317,183
03-03-21,Bradley,12956,21,10804,12,2152,9,12248,14,60584,150,72832,164,1,140,-27,226,47,12590,3,529,142
03-03-21,Campbell,3810,9,2168,3,1642,6,2433,3,23964,30,26397,33,0,59,1,40,8,3711,0,113,60
03-03-21,Cannon,1765,5,1437,4,328,1,1601,4,8661,23,10262,27,1,30,2,31,2,1704,0,35,30
03-03-21,Carroll,3477,1,2290,0,1187,1,2714,0,18820,20,21534,20,0,81,0,4,1,3392,0,78,82
03-03-21,Carter,5977,8,5232,7,745,1,5743,7,34895,124,40638,131,1,153,-3,64,10,5760,0,215,154
03-03-21,Cheatham,3932,8,3102,7,830,1,3509,7,25109,63,28618,70,0,44,4,80,4,3808,0,78,45
03-03-21,Chester,2015,2,1460,1,555,1,1742,1,11082,16,12824,17,0,48,0,-7,2,1974,0,39,48
03-03-21,Claiborne,2822,19,1821,6,1001,13,1946,13,22485,33,24431,46,0,68,0,111,19,2643,0,91,69
03-03-21,Clay,1070,0,738,0,332,0,846,1,5362,17,6208,18,0,30,0,14,0,1026,0,24,30
03-03-21,Cocke,4004,12,2743,6,1261,6,3031,7,20077,50,23108,57,0,93,8,40,4,3871,0,109,96
03-03-21,Coffee,6356,8,4499,5,1857,3,5503,7,43009,50,48512,57,0,115,-3,62,11,6179,0,115,115
03-03-21,Crockett,1972,2,1184,2,788,0,1379,2,7001,9,8380,11,0,47,1,-3,1,1928,0,30,48
03-03-21,Cumberland,6118,11,5146,10,972,1,5894,14,46178,108,52072,122,0,121,4,70,7,5927,0,148,124
03-03-21,Davidson,81567,141,77060,113,4507,28,93672,138,867325,2411,960997,2549,1,870,24,858,116,79839,1,1873,866
03-03-21,Decatur,1534,0,1147,0,387,0,1362,0,10675,17,12037,17,0,37,0,0,0,1497,0,38,37
03-03-21,Dekalb,2663,4,1986,2,677,2,2292,2,16062,52,18354,54,0,49,4,26,0,2588,0,54,51
03-03-21,Dickson,6246,17,4518,10,1728,7,5351,9,32749,81,38100,90,0,106,6,55,11,6085,0,116,106
03-03-21,Dyer,5236,1,3471,1,1765,0,3910,1,20796,28,24706,29,0,101,-2,16,3,5119,1,104,102
03-03-21,Fayette,4663,8,4037,6,626,2,4959,7,34831,90,39790,97,0,71,6,34,2,4558,0,120,72
03-03-21,Fentress,2294,2,1999,2,295,0,2283,2,12050,83,14333,85,0,44,0,8,2,2242,0,57,44
03-03-21,Franklin,4736,13,3989,9,747,4,4687,12,34327,65,39014,77,0,85,0,48,13,4603,0,104,85
03-03-21,Gibson,6171,1,3740,1,2431,0,4529,2,27881,41,32410,43,0,141,1,23,0,6007,0,104,141
03-03-21,Giles,3738,4,3129,4,609,0,3593,5,21669,32,25262,37,0,96,-2,35,6,3607,0,110,97
03-03-21,Grainger,2438,7,1835,4,603,3,2055,5,13183,43,15238,48,0,46,3,40,4,2352,1,66,47
03-03-21,Greene,7287,6,5793,5,1494,1,6500,6,44112,247,50612,253,0,145,-5,59,11,7083,0,173,146
03-03-21,Grundy,1695,2,1432,1,263,1,1639,2,7992,21,9631,23,0,30,-4,33,6,1632,0,55,30
03-03-21,Hamblen,8036,14,5750,6,2286,8,6445,6,43720,122,50165,128,0,164,-5,73,19,7799,0,248,165
03-03-21,Hamilton,40479,46,35164,34,5315,12,39310,39,296743,531,336053,570,0,462,-77,585,123,39432,3,1077,464
03-03-21,Hancock,499,2,360,0,139,2,387,1,3665,7,4052,8,0,12,0,1,2,486,0,19,12
03-03-21,Hardeman,3379,5,2744,5,635,0,3211,5,23840,78,27051,83,0,64,3,-2,2,3317,0,101,63
03-03-21,Hardin,3312,3,2273,2,1039,1,2709,3,22203,77,24912,80,0,63,2,20,1,3229,0,62,63
03-03-21,Hawkins,5259,17,4319,13,940,4,4664,14,31412,217,36076,231,0,94,4,129,13,5036,0,140,99
03-03-21,Haywood,2642,1,2219,1,423,0,2528,1,13093,22,15621,23,0,60,-2,4,3,2578,0,81,60
03-03-21,Henderson,3624,2,2530,2,1094,0,3174,3,15501,21,18675,24,0,73,2,18,0,3533,0,75,74
03-03-21,Henry,3003,3,2349,2,654,1,2712,2,17090,43,19802,45,0,75,-2,-5,5,2933,0,74,75
03-03-21,Hickman,2660,6,2161,5,499,1,2499,6,15376,34,17875,40,0,41,4,34,2,2585,0,53,41
03-03-21,Houston,1034,2,778,0,256,2,886,0,9130,10,10016,10,0,32,0,1,2,1001,0,39,32
03-03-21,Humphreys,1544,5,1015,1,529,4,1189,1,10951,23,12140,24,0,21,4,12,1,1511,0,31,21
03-03-21,Jackson,1253,4,986,3,267,1,1150,4,5158,6,6308,10,0,34,4,9,0,1210,1,39,33
03-03-21,Jefferson,5676,11,3982,5,1694,6,4495,6,35876,88,40371,94,0,119,-2,103,13,5454,0,172,118
03-03-21,Johnson,2170,6,1943,5,227,1,2071,5,14040,97,16111,102,0,38,3,27,3,2105,0,57,38
03-03-21,Knox,46416,75,39394,33,7022,42,43031,41,299603,495,342634,536,1,582,-47,640,121,45194,4,1291,583
03-03-21,Lake,1678,1,1493,1,185,0,1758,2,9550,27,11308,29,0,26,0,2,1,1650,0,25,26
03-03-21,Lauderdale,3088,2,2413,2,675,0,2767,3,19850,43,22617,46,0,42,0,17,2,3029,0,82,41
03-03-21,Lawrence,5566,3,4365,3,1201,0,4802,3,27473,34,32275,37,0,83,2,25,1,5458,1,139,83
03-03-21,Lewis,1472,1,1146,1,326,0,1239,1,9607,11,10846,12,0,25,-2,22,3,1425,0,41,25
03-03-21,Lincoln,4137,11,3238,11,899,0,3674,11,16624,41,20298,52,0,62,9,42,2,4033,0,80,60
03-03-21,Loudon,5710,7,4458,4,1252,3,4871,6,29389,40,34260,46,1,66,-13,105,19,5539,0,127,67
03-03-21,Macon,3366,2,2655,1,711,1,3125,3,14775,66,17900,69,0,73,-2,30,4,3263,0,118,73
03-03-21,Madison,10114,10,5676,9,4438,1,6920,10,51947,139,58867,149,1,229,4,-606,5,10491,0,332,230
03-03-21,Marion,2949,5,2545,5,404,0,2838,5,17428,36,20266,41,0,44,1,34,4,2871,0,108,45
03-03-21,Marshall,3908,3,3157,2,751,1,3561,2,21877,45,25438,47,0,56,0,33,3,3819,0,86,57
03-03-21,Maury,12231,8,10899,5,1332,3,12024,5,68745,132,80769,137,0,163,-1,16,9,12052,0,277,161
03-03-21,McMinn,5939,5,5318,3,621,2,5856,3,39528,52,45384,55,1,92,-4,94,8,5753,0,144,94
03-03-21,McNairy,2676,2,1903,2,773,0,2317,2,17320,48,19637,50,0,53,-3,-16,5,2639,0,63,53
03-03-21,Meigs,1265,0,1150,0,115,0,1277,1,7493,17,8770,18,0,21,-2,7,2,1237,0,38,22
03-03-21,Monroe,5353,15,4257,10,1096,5,4784,14,25192,49,29976,63,0,90,0,127,15,5136,0,147,91
03-03-21,Montgomery,17452,24,12849,13,4603,11,14116,13,103834,277,117950,290,0,213,-7,-10,31,17249,0,294,215
03-03-21,Moore,943,0,735,0,208,0,832,0,4582,7,5414,7,0,16,-2,8,2,919,0,16,17
03-03-21,Morgan,2300,3,1719,2,581,1,1860,3,14356,60,16216,63,0,38,0,7,3,2255,0,36,38
03-03-21,Obion,4366,4,3252,2,1114,2,3681,2,21204,23,24885,25,0,95,1,7,3,4264,0,97,95
03-03-21,Out of State,16515,35,13249,26,3266,9,14936,35,577752,1734,592688,1769,0,94,10,172,25,16249,0,201,90
03-03-21,Overton,2853,3,2158,1,695,2,2540,2,14162,45,16702,47,0,57,-3,25,6,2771,0,63,58
03-03-21,Pending,15310,43,9970,17,5340,26,11071,19,373568,985,384639,1004,1,126,24,30,18,15154,0,134,128
03-03-21,Perry,1032,1,892,0,140,1,1003,0,5873,7,6876,7,0,27,1,-5,0,1010,0,28,28
03-03-21,Pickett,743,0,492,0,251,0,593,0,3617,45,4210,45,0,23,-1,1,1,719,0,28,24
03-03-21,Polk,1772,3,1614,2,158,1,1778,3,8676,17,10454,20,0,22,-4,39,7,1711,0,66,22
03-03-21,Putnam,10611,18,8746,11,1865,7,10480,12,66916,371,77396,383,0,169,10,110,8,10332,0,204,170
03-03-21,Rhea,4139,6,3604,3,535,3,4033,3,25045,120,29078,123,0,73,-7,28,13,4038,0,83,73
03-03-21,Roane,5921,9,4639,7,1282,2,5158,8,40394,215,45552,223,0,96,-12,86,21,5739,0,142,97
03-03-21,Robertson,8980,10,7150,5,1830,5,8061,6,40606,93,48667,99,0,121,-2,99,12,8760,0,401,122
03-03-21,Rutherford,38502,80,33491,59,5011,21,38999,58,215452,678,254451,736,2,384,15,443,63,37675,1,569,387
03-03-21,Scott,2871,1,1641,1,1230,0,1754,3,10787,37,12541,40,0,44,-3,30,4,2797,0,60,44
03-03-21,Sequatchie,1564,8,1254,5,310,3,1366,6,11245,31,12611,37,0,27,1,32,7,1505,0,36,26
03-03-21,Sevier,12080,29,10632,11,1448,18,11678,11,61622,140,73300,151,1,164,12,158,16,11758,0,261,164
03-03-21,Shelby,87418,119,81476,78,5942,41,100373,94,871911,2883,972284,2977,10,1502,32,717,77,85199,1,3400,1533
03-03-21,Smith,2570,8,1966,6,604,2,2469,8,12603,36,15072,44,0,36,5,39,3,2495,0,57,36
03-03-21,Stewart,1238,2,942,1,296,1,1065,1,6450,14,7515,15,0,24,2,-5,0,1219,0,24,25
03-03-21,Sullivan,14386,42,12532,38,1854,4,13577,39,80585,259,94162,298,-1,273,17,185,26,13928,2,714,274
03-03-21,Sumner,21397,28,19236,16,2161,12,21777,25,111342,331,133119,356,0,315,-9,92,37,20990,1,690,319
03-03-21,Tipton,6933,10,4879,7,2054,3,5899,8,43996,111,49895,119,0,103,-6,47,16,6783,0,147,100
03-03-21,Trousdale,2397,6,2267,5,130,1,2429,5,8605,41,11034,46,0,22,6,17,0,2358,0,39,22
03-03-21,Unicoi,1809,3,1407,2,402,1,1552,4,12372,39,13924,43,0,47,-3,35,6,1727,0,65,47
03-03-21,Union,1730,5,1469,3,261,2,1585,3,9904,23,11489,26,0,33,-2,39,7,1658,0,56,33
03-03-21,Van Buren,797,0,666,0,131,0,735,0,5087,4,5822,4,0,20,0,3,0,774,0,20,20
03-03-21,Warren,5309,7,4551,3,758,4,5150,7,30843,81,35993,88,0,75,4,32,3,5202,0,80,78
03-03-21,Washington,12764,20,11031,19,1733,1,12176,18,76773,219,88949,237,0,234,2,145,18,12385,0,328,233
03-03-21,Wayne,2870,4,2334,3,536,1,2565,3,10803,11,13368,14,0,30,1,15,3,2825,0,59,30
03-03-21,Weakley,3785,1,2846,1,939,0,3258,1,20666,19,23924,20,0,59,-1,4,2,3722,0,60,60
03-03-21,White,3380,7,2806,4,574,3,3422,5,21659,69,25081,74,0,66,0,71,7,3243,0,105,66
03-03-21,Williamson,25349,69,21671,55,3678,14,24070,60,168800,587,192870,647,0,203,11,204,58,24942,1,285,205
03-03-21,Wilson,16475,39,14943,34,1532,5,17040,37,93614,388,110654,425,0,210,9,142,30,16123,0,322,211
03-02-21,Anderson,7993,23,6097,11,1896,12,6804,11,58697,116,65501,127,1,157,-2,148,24,7688,1,191,162
03-02-21,Bedford,5796,4,4671,4,1125,0,5392,4,29303,21,34695,25,1,120,-4,43,7,5633,0,126,119
03-02-21,Benton,1507,1,1215,1,292,0,1343,1,8561,3,9904,4,0,39,1,3,0,1465,0,35,39
03-02-21,Bledsoe,2002,0,1832,0,170,0,1943,0,14269,10,16212,10,0,10,-3,10,3,1982,0,32,10
03-02-21,Blount,14078,30,12167,19,1911,11,13395,23,67949,158,81344,181,0,181,2,129,28,13768,1,316,183
03-02-21,Bradley,12935,56,10792,30,2143,26,12234,37,60434,167,72668,204,0,139,19,253,37,12543,2,526,142
03-02-21,Campbell,3801,4,2165,2,1636,2,2430,3,23934,19,26364,22,0,59,-3,39,7,3703,0,113,60
03-02-21,Cannon,1760,11,1433,8,327,3,1597,10,8638,13,10235,23,0,29,11,29,0,1702,0,35,29
03-02-21,Carroll,3476,3,2290,1,1186,2,2714,1,18800,14,21514,15,0,81,3,4,0,3391,0,78,82
03-02-21,Carter,5969,5,5225,5,744,0,5736,9,34771,56,40507,65,0,152,-3,67,8,5750,1,215,154
03-02-21,Cheatham,3924,17,3095,8,829,9,3502,8,25046,29,28548,37,1,44,14,76,2,3804,0,78,45
03-02-21,Chester,2013,2,1459,1,554,1,1741,1,11066,9,12807,10,0,48,1,-7,1,1972,0,39,48
03-02-21,Claiborne,2803,12,1815,10,988,2,1933,20,22452,95,24385,115,1,68,-5,111,16,2624,2,91,69
03-02-21,Clay,1070,0,738,0,332,0,845,0,5345,2,6190,2,0,30,0,14,0,1026,0,24,30
03-02-21,Cocke,3992,5,2737,1,1255,4,3024,2,20027,39,23051,41,0,93,-1,32,6,3867,0,109,96
03-02-21,Coffee,6348,38,4494,3,1854,35,5496,4,42959,82,48455,86,1,115,32,65,5,6168,1,115,115
03-02-21,Crockett,1970,0,1182,0,788,0,1377,0,6992,3,8369,3,0,47,-1,-4,1,1927,0,30,48
03-02-21,Cumberland,6107,11,5136,9,971,2,5880,9,46070,31,51950,40,0,121,1,66,10,5920,1,148,124
03-02-21,Davidson,81426,169,76947,134,4479,35,93534,168,864914,2905,958448,3073,2,869,91,834,76,79723,1,1872,863
03-02-21,Decatur,1534,0,1147,0,387,0,1362,0,10658,4,12020,4,0,37,-1,0,1,1497,0,38,37
03-02-21,Dekalb,2659,9,1984,4,675,5,2290,5,16010,19,18300,24,0,49,7,22,2,2588,0,54,51
03-02-21,Dickson,6229,20,4508,6,1721,14,5342,7,32668,62,38010,69,0,106,9,49,11,6074,0,116,106
03-02-21,Dyer,5235,4,3470,1,1765,3,3909,1,20768,19,24677,20,0,101,1,18,3,5116,0,103,102
03-02-21,Fayette,4655,5,4031,3,624,2,4952,2,34741,75,39693,77,0,71,3,28,2,4556,0,120,71
03-02-21,Fentress,2292,2,1997,0,295,2,2281,0,11967,14,14248,14,0,44,1,8,1,2240,0,57,44
03-02-21,Franklin,4723,9,3980,7,743,2,4675,9,34262,362,38937,371,0,85,-6,48,15,4590,0,104,84
03-02-21,Gibson,6170,5,3739,3,2431,2,4527,6,27840,17,32367,23,1,141,2,22,2,6007,1,104,141
03-02-21,Giles,3734,6,3125,4,609,2,3588,5,21637,24,25225,29,0,96,6,37,0,3601,0,110,97
03-02-21,Grainger,2431,3,1831,0,600,3,2050,0,13140,11,15190,11,0,46,0,37,3,2348,1,65,47
03-02-21,Greene,7281,5,5788,2,1493,3,6494,2,43865,73,50359,75,0,145,-10,64,15,7072,0,173,146
03-02-21,Grundy,1693,5,1431,4,262,1,1637,4,7971,56,9608,60,0,30,2,37,3,1626,0,55,30
03-02-21,Hamblen,8022,15,5744,5,2278,10,6439,5,43598,49,50037,54,1,164,2,78,12,7780,0,248,165
03-02-21,Hamilton,40433,98,35130,71,5303,27,39271,75,296212,781,335483,856,1,462,22,662,75,39309,1,1074,464
03-02-21,Hancock,497,2,360,0,137,2,386,0,3658,1,4044,1,0,12,1,1,1,484,0,19,12
03-02-21,Hardeman,3374,1,2739,1,635,0,3206,1,23762,17,26968,18,0,64,1,-5,0,3315,0,101,63
03-02-21,Hardin,3309,4,2271,1,1038,3,2706,1,22126,7,24832,8,0,63,1,18,3,3228,1,62,63
03-02-21,Hawkins,5242,12,4306,10,936,2,4650,10,31195,107,35845,117,0,94,-3,125,15,5023,0,140,98
03-02-21,Haywood,2641,1,2218,1,423,0,2527,1,13071,11,15598,12,0,60,1,6,0,2575,1,81,60
03-02-21,Henderson,3622,0,2528,0,1094,0,3171,0,15480,9,18651,9,0,73,-3,16,3,3533,0,75,74
03-02-21,Henry,3000,1,2347,1,653,0,2710,1,17047,10,19757,11,0,75,-2,-3,3,2928,0,74,75
03-02-21,Hickman,2654,6,2156,3,498,3,2493,3,15342,33,17835,36,0,41,5,30,1,2583,0,53,41
03-02-21,Houston,1032,3,778,2,254,1,886,3,9120,2,10006,5,0,32,3,1,0,999,0,39,32
03-02-21,Humphreys,1539,4,1014,3,525,1,1188,3,10928,11,12116,14,0,21,1,8,3,1510,0,31,21
03-02-21,Jackson,1249,0,983,0,266,0,1146,1,5152,8,6298,9,0,34,-1,5,1,1210,0,38,33
03-02-21,Jefferson,5665,16,3977,9,1688,7,4489,10,35788,41,40277,51,1,119,3,105,12,5441,0,172,118
03-02-21,Johnson,2164,3,1938,1,226,2,2066,1,13943,18,16009,19,0,38,2,24,1,2102,0,57,38
03-02-21,Knox,46341,133,39361,91,6980,42,42990,98,299108,800,342098,898,-1,581,9,687,125,45073,2,1287,582
03-02-21,Lake,1677,0,1492,0,185,0,1756,0,9523,5,11279,5,0,26,0,2,0,1649,0,25,26
03-02-21,Lauderdale,3086,2,2411,2,675,0,2764,2,19807,17,22571,19,0,42,2,17,0,3027,0,82,41
03-02-21,Lawrence,5563,3,4362,1,1201,2,4799,3,27439,42,32238,45,0,83,0,23,3,5457,0,138,83
03-02-21,Lewis,1471,3,1145,1,326,2,1238,1,9596,7,10834,8,0,25,2,24,1,1422,0,41,25
03-02-21,Lincoln,4126,2,3227,1,899,1,3663,2,16583,21,20246,23,0,62,-4,33,6,4031,0,80,60
03-02-21,Loudon,5703,17,4454,7,1249,10,4865,9,29349,53,34214,62,0,65,-3,118,20,5520,1,127,67
03-02-21,Macon,3364,4,2654,2,710,2,3122,2,14709,43,17831,45,0,73,4,32,0,3259,0,118,73
03-02-21,Madison,10104,8,5667,7,4437,1,6910,9,51808,68,58718,77,-1,228,4,-610,5,10486,0,332,230
03-02-21,Marion,2944,6,2540,5,404,1,2833,6,17392,80,20225,86,0,44,2,33,4,2867,0,108,45
03-02-21,Marshall,3905,6,3155,1,750,5,3559,1,21832,18,25391,19,0,56,4,33,2,3816,0,86,57
03-02-21,Maury,12223,28,10894,6,1329,22,12019,6,68613,135,80632,141,0,163,21,17,7,12043,1,277,161
03-02-21,McMinn,5934,6,5315,2,619,4,5853,5,39476,62,45329,67,0,91,-19,98,25,5745,0,144,94
03-02-21,McNairy,2674,4,1901,3,773,1,2315,4,17272,10,19587,14,0,53,3,-13,1,2634,0,63,53
03-02-21,Meigs,1265,2,1150,1,115,1,1276,1,7476,12,8752,13,0,21,0,9,2,1235,0,38,22
03-02-21,Monroe,5338,12,4247,5,1091,7,4770,5,25143,46,29913,51,0,90,-3,127,15,5121,1,147,91
03-02-21,Montgomery,17428,28,12836,18,4592,10,14103,20,103557,216,117660,236,0,213,15,-3,13,17218,0,294,213
03-02-21,Moore,943,1,735,1,208,0,832,1,4575,7,5407,8,0,16,1,10,0,917,0,16,16
03-02-21,Morgan,2297,5,1717,2,580,3,1857,2,14296,9,16153,11,1,38,-1,7,5,2252,0,36,38
03-02-21,Obion,4362,2,3250,2,1112,0,3679,3,21181,32,24860,35,1,95,-1,6,2,4261,0,97,95
03-02-21,Out of State,16480,44,13223,30,3257,14,14901,38,576018,1611,590919,1649,0,94,11,162,33,16224,0,201,88
03-02-21,Overton,2850,1,2157,1,693,0,2538,2,14117,13,16655,15,0,57,-2,28,3,2765,0,63,58
03-02-21,Pending,15267,50,9953,25,5314,25,11052,26,372583,876,383635,902,0,125,35,6,15,15136,1,134,127
03-02-21,Perry,1031,1,892,1,139,0,1003,2,5866,2,6869,4,0,27,1,-6,0,1010,0,28,28
03-02-21,Pickett,743,0,492,0,251,0,593,0,3572,3,4165,3,0,23,0,2,0,718,0,28,23
03-02-21,Polk,1769,7,1612,6,157,1,1775,5,8659,23,10434,28,0,22,-7,43,14,1704,1,66,22
03-02-21,Putnam,10593,16,8735,5,1858,11,10468,6,66545,47,77013,53,0,169,12,100,4,10324,0,204,170
03-02-21,Rhea,4133,8,3601,5,532,3,4030,5,24925,36,28955,41,0,73,-2,35,10,4025,1,83,73
03-02-21,Roane,5912,10,4632,3,1280,7,5150,6,40179,40,45329,46,0,96,-6,98,16,5718,0,142,97
03-02-21,Robertson,8970,18,7145,8,1825,10,8055,8,40513,55,48568,63,1,121,7,101,10,8748,1,401,121
03-02-21,Rutherford,38422,95,33432,60,4990,35,38941,68,214774,453,253715,521,0,382,60,428,35,37612,0,568,386
03-02-21,Scott,2870,1,1640,0,1230,1,1751,0,10750,8,12501,8,1,44,-2,33,2,2793,0,60,44
03-02-21,Sequatchie,1556,2,1249,0,307,2,1360,0,11214,11,12574,11,0,27,-4,31,6,1498,0,36,26
03-02-21,Sevier,12051,41,10621,27,1430,14,11667,27,61482,132,73149,159,0,163,14,146,27,11742,0,261,164
03-02-21,Shelby,87299,130,81398,106,5901,24,100279,146,869028,2677,969307,2823,1,1492,92,685,37,85122,2,3399,1530
03-02-21,Smith,2562,3,1960,2,602,1,2461,2,12567,11,15028,13,0,36,1,34,2,2492,0,57,36
03-02-21,Stewart,1236,2,941,2,295,0,1064,2,6436,7,7500,9,0,24,1,-7,1,1219,0,24,25
03-02-21,Sullivan,14344,41,12494,24,1850,17,13538,27,80326,162,93864,189,1,274,7,168,33,13902,3,712,274
03-02-21,Sumner,21369,41,19220,27,2149,14,21752,31,111011,232,132763,263,0,315,19,101,22,20953,2,689,319
03-02-21,Tipton,6923,11,4872,7,2051,4,5891,9,43885,96,49776,105,0,103,7,53,4,6767,0,147,99
03-02-21,Trousdale,2391,1,2262,1,129,0,2424,1,8564,7,10988,8,0,22,1,11,0,2358,0,39,22
03-02-21,Unicoi,1806,7,1405,4,401,3,1548,4,12333,23,13881,27,0,47,0,38,7,1721,0,65,47
03-02-21,Union,1725,4,1466,4,259,0,1582,5,9881,19,11463,24,0,33,-1,41,5,1651,0,56,33
03-02-21,Van Buren,797,1,666,1,131,0,735,1,5083,45,5818,46,0,20,1,3,0,774,1,20,20
03-02-21,Warren,5302,4,4548,3,754,1,5143,5,30762,65,35905,70,0,75,1,28,3,5199,0,80,78
03-02-21,Washington,12744,18,11012,16,1732,2,12158,18,76554,168,88712,186,0,234,0,143,18,12367,0,328,233
03-02-21,Wayne,2866,3,2331,1,535,2,2562,0,10792,12,13354,12,0,30,3,14,0,2822,0,59,30
03-02-21,Weakley,3784,3,2845,2,939,1,3257,4,20647,17,23904,21,0,59,3,5,0,3720,0,60,60
03-02-21,White,3373,4,2802,4,571,0,3417,4,21590,38,25007,42,0,66,1,71,3,3236,0,105,66
03-02-21,Williamson,25280,29,21616,18,3664,11,24010,24,168213,372,192223,396,0,203,-5,193,34,24884,0,284,205
03-02-21,Wilson,16436,54,14909,43,1527,11,17003,50,93226,270,110229,320,0,210,45,133,9,16093,0,322,211
03-01-21,Anderson,7970,8,6086,5,1884,3,6793,7,58581,36,65374,43,0,156,-11,150,19,7664,0,190,162
03-01-21,Bedford,5792,5,4667,5,1125,0,5388,5,29282,10,34670,15,0,119,2,47,3,5626,0,126,118
03-01-21,Benton,1506,0,1214,0,292,0,1342,0,8558,2,9900,2,0,39,-2,2,2,1465,0,35,39
03-01-21,Bledsoe,2002,1,1832,1,170,0,1943,2,14259,7,16202,9,0,10,-2,13,3,1979,0,32,10
03-01-21,Blount,14048,19,12148,12,1900,7,13372,12,67791,25,81163,37,0,181,-8,127,27,13740,0,315,183
03-01-21,Bradley,12879,24,10762,15,2117,9,12197,15,60267,51,72464,66,0,139,-24,234,48,12506,2,524,141
03-01-21,Campbell,3797,1,2163,1,1634,0,2427,0,23915,9,26342,9,0,59,-8,42,9,3696,0,113,60
03-01-21,Cannon,1749,4,1425,4,324,0,1587,4,8625,3,10212,7,0,29,1,18,3,1702,0,35,29
03-01-21,Carroll,3473,4,2289,1,1184,3,2713,1,18786,10,21499,11,0,81,4,1,0,3391,0,78,82
03-01-21,Carter,5964,12,5220,10,744,2,5727,9,34715,15,40442,24,0,152,10,70,2,5742,1,214,154
03-01-21,Cheatham,3907,2,3087,2,820,0,3494,2,25017,10,28511,12,0,43,-2,62,4,3802,0,78,44
03-01-21,Chester,2011,1,1458,1,553,0,1740,1,11057,6,12797,7,0,48,0,-8,1,1971,0,39,48
03-01-21,Claiborne,2791,7,1805,5,986,2,1913,6,22357,5,24270,11,0,67,-17,116,24,2608,0,89,69
03-01-21,Clay,1070,0,738,0,332,0,845,0,5343,2,6188,2,0,30,-1,14,1,1026,0,24,30
03-01-21,Cocke,3987,5,2736,3,1251,2,3022,3,19988,16,23010,19,0,93,1,33,4,3861,0,109,96
03-01-21,Coffee,6310,3,4491,2,1819,1,5492,3,42877,11,48369,14,0,114,-3,33,6,6163,0,114,115
03-01-21,Crockett,1970,0,1182,0,788,0,1377,0,6989,1,8366,1,0,47,-3,-3,3,1926,0,30,48
03-01-21,Cumberland,6096,1,5127,1,969,0,5871,1,46039,4,51910,5,0,121,-3,65,4,5910,0,147,124
03-01-21,Davidson,81257,49,76813,36,4444,13,93366,44,862009,777,955375,821,6,867,9,743,34,79647,4,1871,862
03-01-21,Decatur,1534,1,1147,1,387,0,1362,0,10654,1,12016,1,0,37,0,1,1,1496,1,38,37
03-01-21,Dekalb,2650,4,1980,4,670,0,2285,4,15991,7,18276,11,0,49,3,15,1,2586,0,54,51
03-01-21,Dickson,6209,8,4502,6,1707,2,5335,9,32606,25,37941,34,0,106,5,40,3,6063,0,116,106
03-01-21,Dyer,5231,1,3469,1,1762,0,3908,0,20749,3,24657,3,0,101,0,17,1,5113,0,103,102
03-01-21,Fayette,4650,3,4028,1,622,2,4950,1,34666,18,39616,19,0,71,2,25,1,4554,0,120,71
03-01-21,Fentress,2290,1,1997,1,293,0,2281,1,11953,3,14234,4,0,44,-1,7,2,2239,0,57,44
03-01-21,Franklin,4714,4,3973,4,741,0,4666,3,33900,26,38566,29,0,85,-2,54,6,4575,0,104,84
03-01-21,Gibson,6165,1,3736,1,2429,0,4521,1,27823,10,32344,11,0,140,-3,20,4,6005,0,103,141
03-01-21,Giles,3728,3,3121,1,607,2,3583,1,21613,8,25196,9,0,96,0,31,3,3601,0,110,97
03-01-21,Grainger,2428,3,1831,1,597,2,2050,1,13129,4,15179,5,0,46,-5,37,8,2345,0,64,47
03-01-21,Greene,7276,3,5786,2,1490,1,6492,2,43792,42,50284,44,0,145,-6,74,9,7057,0,173,145
03-01-21,Grundy,1688,4,1427,3,261,1,1633,4,7915,8,9548,12,0,30,-1,35,5,1623,0,55,30
03-01-21,Hamblen,8007,11,5739,1,2268,10,6434,1,43549,23,49983,24,1,163,-17,76,27,7768,0,248,165
03-01-21,Hamilton,40335,25,35059,17,5276,8,39196,19,295431,111,334627,130,2,461,-83,640,106,39234,1,1073,464
03-01-21,Hancock,495,0,360,0,135,0,386,0,3657,1,4043,1,0,12,-2,0,2,483,0,19,12
03-01-21,Hardeman,3373,0,2738,0,635,0,3205,0,23745,2,26950,2,0,64,-1,-6,1,3315,0,101,63
03-01-21,Hardin,3305,0,2270,0,1035,0,2705,0,22119,1,24824,1,0,63,-3,17,3,3225,0,61,63
03-01-21,Hawkins,5230,2,4296,2,934,0,4640,2,31088,10,35728,12,0,94,-21,128,23,5008,0,140,98
03-01-21,Haywood,2640,0,2217,0,423,0,2526,0,13060,4,15586,4,0,60,0,5,0,2575,0,80,60
03-01-21,Henderson,3622,0,2528,0,1094,0,3171,1,15471,4,18642,5,0,73,-3,19,3,3530,0,75,74
03-01-21,Henry,2999,0,2346,0,653,0,2709,0,17037,12,19746,12,0,75,-2,-1,2,2925,0,74,75
03-01-21,Hickman,2648,1,2153,1,495,0,2490,1,15309,7,17799,8,0,41,-1,25,2,2582,0,53,41
03-01-21,Houston,1029,2,776,1,253,1,883,0,9118,0,10001,0,0,32,2,-2,0,999,0,39,32
03-01-21,Humphreys,1535,2,1011,1,524,1,1185,1,10917,7,12102,8,0,21,0,7,2,1507,0,31,21
03-01-21,Jackson,1249,0,983,0,266,0,1145,0,5144,0,6289,0,0,34,0,6,0,1209,0,38,33
03-01-21,Jefferson,5649,5,3968,2,1681,3,4479,2,35747,12,40226,14,0,118,-9,102,14,5429,0,172,118
03-01-21,Johnson,2161,0,1937,0,224,0,2065,0,13925,8,15990,8,0,38,-2,22,2,2101,0,57,38
03-01-21,Knox,46208,59,39270,33,6938,26,42892,36,298308,167,341200,203,1,582,-60,678,118,44948,2,1285,579
03-01-21,Lake,1677,0,1492,0,185,0,1756,0,9518,0,11274,0,0,26,0,2,0,1649,0,25,26
03-01-21,Lauderdale,3084,0,2409,0,675,0,2762,0,19790,1,22552,1,0,42,-1,15,1,3027,0,82,41
03-01-21,Lawrence,5560,3,4361,3,1199,0,4796,3,27397,24,32193,27,0,83,0,23,3,5454,0,138,83
03-01-21,Lewis,1468,0,1144,0,324,0,1237,0,9589,1,10826,1,0,25,0,22,0,1421,0,41,25
03-01-21,Lincoln,4124,1,3226,1,898,0,3661,1,16562,7,20223,8,0,62,-2,37,3,4025,0,80,60
03-01-21,Loudon,5686,3,4447,0,1239,3,4856,0,29296,9,34152,9,0,65,-19,121,22,5500,0,126,67
03-01-21,Macon,3360,0,2652,0,708,0,3120,0,14666,22,17786,22,0,73,-6,28,6,3259,0,118,73
03-01-21,Madison,10096,7,5660,5,4436,2,6901,5,51740,6,58641,11,0,229,5,-614,2,10481,0,332,229
03-01-21,Marion,2938,3,2535,3,403,0,2827,6,17312,7,20139,13,0,44,-8,31,11,2863,0,108,45
03-01-21,Marshall,3899,1,3154,1,745,0,3558,2,21814,5,25372,7,0,56,-3,29,4,3814,0,86,57
03-01-21,Maury,12195,2,10888,2,1307,0,12013,4,68478,44,80491,48,0,163,-6,-4,8,12036,0,276,161
03-01-21,McMinn,5928,4,5313,3,615,1,5848,4,39414,20,45262,24,0,91,-17,117,21,5720,0,144,94
03-01-21,McNairy,2670,4,1898,3,772,1,2311,2,17262,4,19573,6,0,53,0,-16,4,2633,1,63,53
03-01-21,Meigs,1263,1,1149,1,114,0,1275,1,7464,5,8739,6,0,21,0,9,1,1233,0,38,22
03-01-21,Monroe,5326,6,4242,2,1084,4,4765,1,25097,14,29862,15,0,90,-9,130,15,5106,0,146,91
03-01-21,Montgomery,17400,16,12818,12,4582,4,14083,11,103341,89,117424,100,1,213,-2,-18,17,17205,0,294,213
03-01-21,Moore,942,0,734,0,208,0,831,0,4568,2,5399,2,0,16,-1,9,1,917,0,16,16
03-01-21,Morgan,2292,1,1715,0,577,1,1855,0,14287,3,16142,3,0,37,-2,8,3,2247,0,36,38
03-01-21,Obion,4360,0,3248,0,1112,0,3676,0,21149,7,24825,7,0,94,-3,7,3,4259,0,97,95
03-01-21,Out of State,16436,11,13193,8,3243,3,14863,8,574407,355,589270,363,0,94,-2,151,13,16191,0,201,88
03-01-21,Overton,2849,0,2156,0,693,0,2536,0,14104,6,16640,6,0,57,-3,30,3,2762,0,63,58
03-01-21,Pending,15217,15,9928,8,5289,7,11026,10,371707,262,382733,272,0,125,-2,-29,17,15121,0,133,127
03-01-21,Perry,1030,0,891,0,139,0,1001,0,5864,1,6865,1,0,27,0,-7,0,1010,0,28,28
03-01-21,Pickett,743,0,492,0,251,0,593,0,3569,0,4162,0,0,23,-2,2,2,718,0,28,23
03-01-21,Polk,1762,4,1606,4,156,0,1770,1,8636,5,10406,6,0,22,-3,50,7,1690,0,65,22
03-01-21,Putnam,10577,16,8730,8,1847,8,10462,8,66498,29,76960,37,0,169,13,88,3,10320,1,204,170
03-01-21,Rhea,4125,1,3596,1,529,0,4025,1,24889,13,28914,14,0,73,-5,37,6,4015,0,82,73
03-01-21,Roane,5902,9,4629,4,1273,5,5144,5,40139,20,45283,25,0,96,-10,104,19,5702,0,142,97
03-01-21,Robertson,8952,8,7137,3,1815,5,8047,5,40458,15,48505,20,0,120,0,94,8,8738,0,400,121
03-01-21,Rutherford,38327,30,33372,17,4955,13,38873,17,214321,130,253194,147,-1,382,-3,368,34,37577,0,568,385
03-01-21,Scott,2869,4,1640,0,1229,4,1751,0,10742,4,12493,4,0,43,3,35,1,2791,0,60,44
03-01-21,Sequatchie,1554,0,1249,0,305,0,1360,1,11203,4,12563,5,0,27,-7,35,7,1492,0,36,26
03-01-21,Sevier,12010,10,10594,5,1416,5,11640,8,61350,68,72990,76,0,163,-20,132,30,11715,0,261,164
03-01-21,Shelby,87169,51,81292,37,5877,14,100133,47,866351,403,966484,450,0,1491,6,593,45,85085,0,3397,1529
03-01-21,Smith,2559,2,1958,0,601,2,2459,0,12556,4,15015,4,0,36,0,33,2,2490,0,57,36
03-01-21,Stewart,1234,2,939,1,295,1,1062,0,6429,2,7491,2,0,24,1,-8,1,1218,0,24,25
03-01-21,Sullivan,14303,5,12470,5,1833,0,13511,5,80164,36,93675,41,0,273,-34,161,39,13869,0,709,274
03-01-21,Sumner,21328,14,19193,6,2135,8,21721,6,110779,38,132500,44,0,315,4,82,10,20931,0,687,319
03-01-21,Tipton,6912,3,4865,1,2047,2,5882,2,43789,10,49671,12,0,103,-1,46,4,6763,0,147,99
03-01-21,Trousdale,2390,1,2261,1,129,0,2423,1,8557,3,10980,4,0,22,1,10,0,2358,0,39,22
03-01-21,Unicoi,1799,0,1401,0,398,0,1544,0,12310,10,13854,10,0,47,-3,38,3,1714,0,65,47
03-01-21,Union,1721,1,1462,1,259,0,1577,1,9862,2,11439,3,0,33,0,42,1,1646,0,56,33
03-01-21,Van Buren,796,0,665,0,131,0,734,0,5038,0,5772,0,0,20,0,2,0,774,0,19,20
03-01-21,Warren,5298,2,4545,1,753,1,5138,2,30697,8,35835,10,0,75,-2,27,4,5196,0,80,78
03-01-21,Washington,12726,5,10996,5,1730,0,12140,5,76386,51,88526,56,0,234,-13,143,18,12349,1,328,233
03-01-21,Wayne,2863,0,2330,0,533,0,2562,0,10780,2,13342,2,0,30,-1,11,1,2822,0,59,30
03-01-21,Weakley,3781,2,2843,2,938,0,3253,2,20630,15,23883,17,0,59,2,2,0,3720,1,60,60
03-01-21,White,3369,7,2798,4,571,3,3413,4,21552,4,24965,8,0,66,3,70,4,3233,0,105,66
03-01-21,Williamson,25251,17,21598,8,3653,9,23986,8,167841,89,191827,97,0,203,-11,198,28,24850,1,284,205
03-01-21,Wilson,16382,8,14866,5,1516,3,16953,6,92956,44,109909,50,0,210,-2,88,10,16084,0,322,211
02-28-21,Anderson,7962,13,6081,9,1881,4,6786,8,58545,70,65331,78,0,156,-1,161,14,7645,0,190,162
02-28-21,Bedford,5787,7,4662,6,1125,1,5383,7,29272,28,34655,35,0,119,3,45,4,5623,0,126,118
02-28-21,Benton,1506,1,1214,1,292,0,1342,1,8556,7,9898,8,0,39,1,4,0,1463,0,35,39
02-28-21,Bledsoe,2001,3,1831,2,170,1,1941,2,14252,6,16193,8,0,10,0,15,3,1976,0,32,10
02-28-21,Blount,14029,19,12136,13,1893,6,13360,13,67766,78,81126,91,0,181,4,135,15,13713,2,315,183
02-28-21,Bradley,12855,22,10747,17,2108,5,12182,20,60216,121,72398,141,1,139,5,258,16,12458,1,522,141
02-28-21,Campbell,3796,2,2162,1,1634,1,2427,1,23906,13,26333,14,0,59,-2,50,4,3687,0,113,60
02-28-21,Cannon,1745,1,1421,1,324,0,1583,0,8622,8,10205,8,0,29,1,17,0,1699,0,35,29
02-28-21,Carroll,3469,6,2288,5,1181,1,2712,5,18776,19,21488,24,0,81,2,-3,4,3391,0,78,82
02-28-21,Carter,5952,2,5210,2,742,0,5718,2,34700,45,40418,47,0,152,-4,60,6,5740,0,213,153
02-28-21,Cheatham,3905,5,3085,5,820,0,3492,5,25007,22,28499,27,-1,43,1,64,5,3798,0,78,44
02-28-21,Chester,2010,5,1457,4,553,1,1739,4,11051,65,12790,69,1,48,3,-8,1,1970,0,39,48
02-28-21,Claiborne,2784,4,1800,2,984,2,1907,4,22352,40,24259,44,0,67,-12,133,16,2584,0,89,69
02-28-21,Clay,1070,1,738,1,332,0,845,1,5341,5,6186,6,0,30,1,15,0,1025,1,24,30
02-28-21,Cocke,3982,10,2733,9,1249,1,3019,9,19972,17,22991,26,1,93,6,32,3,3857,0,109,96
02-28-21,Coffee,6307,3,4489,2,1818,1,5489,2,42866,31,48355,33,0,114,-3,36,6,6157,0,114,115
02-28-21,Crockett,1970,1,1182,0,788,1,1377,0,6988,2,8365,2,0,47,-1,0,2,1923,0,30,48
02-28-21,Cumberland,6095,3,5126,3,969,0,5870,3,46035,40,51905,43,1,121,-6,68,8,5906,0,147,124
02-28-21,Davidson,81208,66,76777,50,4431,16,93322,66,861232,2997,954554,3063,4,861,-17,734,79,79613,0,1867,861
02-28-21,Decatur,1533,2,1146,1,387,1,1362,1,10653,7,12015,8,0,37,2,1,0,1495,0,37,37
02-28-21,Dekalb,2646,4,1976,3,670,1,2281,3,15984,15,18265,18,0,49,3,12,1,2585,0,54,51
02-28-21,Dickson,6201,8,4496,8,1705,0,5326,12,32581,25,37907,37,0,106,3,35,5,6060,0,116,106
02-28-21,Dyer,5230,1,3468,1,1762,0,3908,1,20746,9,24654,10,0,101,-2,17,3,5112,0,103,102
02-28-21,Fayette,4647,2,4027,2,620,0,4949,2,34648,36,39597,38,0,71,0,23,2,4553,0,120,71
02-28-21,Fentress,2289,0,1996,0,293,0,2280,0,11950,2,14230,2,0,44,0,8,0,2237,0,57,44
02-28-21,Franklin,4710,3,3969,1,741,2,4663,2,33874,28,38537,30,0,85,-6,56,9,4569,0,104,84
02-28-21,Gibson,6164,0,3735,0,2429,0,4520,1,27813,16,32333,17,0,140,-1,23,1,6001,0,103,140
02-28-21,Giles,3725,7,3120,6,605,1,3582,7,21605,53,25187,60,0,96,-3,31,10,3598,0,110,97
02-28-21,Grainger,2425,1,1830,1,595,0,2049,1,13125,18,15174,19,0,46,-6,42,7,2337,0,64,47
02-28-21,Greene,7273,9,5784,5,1489,4,6490,7,43750,91,50240,98,0,145,1,80,8,7048,0,173,145
02-28-21,Grundy,1684,3,1424,2,260,1,1629,1,7907,6,9536,7,0,30,1,36,2,1618,0,55,30
02-28-21,Hamblen,7996,9,5738,4,2258,5,6433,4,43526,29,49959,33,0,162,-4,93,13,7741,0,248,165
02-28-21,Hamilton,40310,51,35042,40,5268,11,39177,46,295320,436,334497,482,0,459,-13,723,64,39128,0,1072,463
02-28-21,Hancock,495,0,360,0,135,0,386,0,3656,2,4042,2,0,12,0,2,0,481,0,19,12
02-28-21,Hardeman,3373,1,2738,0,635,1,3205,0,23743,14,26948,14,0,64,0,-5,1,3314,0,101,63
02-28-21,Hardin,3305,1,2270,1,1035,0,2705,1,22118,16,24823,17,0,63,0,20,1,3222,0,61,63
02-28-21,Hawkins,5228,6,4294,4,934,2,4638,4,31078,41,35716,45,0,94,-1,149,7,4985,0,140,98
02-28-21,Haywood,2640,0,2217,0,423,0,2526,0,13056,8,15582,8,0,60,0,5,0,2575,0,80,60
02-28-21,Henderson,3622,2,2528,2,1094,0,3170,2,15467,9,18637,11,0,73,1,22,1,3527,0,75,74
02-28-21,Henry,2999,3,2346,2,653,1,2709,2,17025,17,19734,19,0,75,3,1,0,2923,0,74,75
02-28-21,Hickman,2647,2,2152,0,495,2,2489,0,15302,25,17791,25,0,41,0,26,2,2580,0,53,41
02-28-21,Houston,1027,1,775,1,252,0,883,1,9118,4,10001,5,0,32,0,-4,1,999,0,39,32
02-28-21,Humphreys,1533,5,1010,2,523,3,1184,2,10910,4,12094,6,0,21,4,7,1,1505,0,31,21
02-28-21,Jackson,1249,1,983,1,266,0,1145,1,5144,3,6289,4,0,34,1,6,0,1209,0,38,33
02-28-21,Jefferson,5644,10,3966,6,1678,4,4477,7,35735,61,40212,68,0,118,0,111,10,5415,0,172,118
02-28-21,Johnson,2161,0,1937,0,224,0,2065,0,13917,15,15982,15,0,38,-1,24,1,2099,0,57,38
02-28-21,Knox,46149,77,39237,53,6912,24,42856,61,298141,560,340997,621,2,581,-18,738,93,44830,2,1283,579
02-28-21,Lake,1677,0,1492,0,185,0,1756,0,9518,2,11274,2,0,26,-2,2,2,1649,0,25,26
02-28-21,Lauderdale,3084,0,2409,0,675,0,2762,1,19789,16,22551,17,0,42,-3,16,3,3026,0,82,41
02-28-21,Lawrence,5557,2,4358,2,1199,0,4793,5,27373,35,32166,40,0,83,-2,23,4,5451,0,138,83
02-28-21,Lewis,1468,0,1144,0,324,0,1237,0,9588,3,10825,3,0,25,-2,22,2,1421,0,41,25
02-28-21,Lincoln,4123,6,3225,4,898,2,3660,4,16555,25,20215,29,0,62,4,39,2,4022,0,80,60
02-28-21,Loudon,5683,4,4447,0,1236,4,4856,2,29287,30,34143,32,0,65,-12,140,16,5478,0,126,67
02-28-21,Macon,3360,2,2652,1,708,1,3120,1,14644,5,17764,6,0,73,-1,34,3,3253,0,118,73
02-28-21,Madison,10089,5,5655,4,4434,1,6896,6,51734,39,58630,45,1,229,-1,-619,5,10479,0,332,229
02-28-21,Marion,2935,5,2532,5,403,0,2821,6,17305,35,20126,41,0,44,0,39,5,2852,0,108,45
02-28-21,Marshall,3898,2,3153,2,745,0,3556,2,21809,11,25365,13,0,56,-2,32,4,3810,0,86,57
02-28-21,Maury,12193,4,10886,2,1307,2,12009,2,68434,66,80443,68,0,163,-10,2,14,12028,0,276,161
02-28-21,McMinn,5924,14,5310,14,614,0,5844,14,39394,77,45238,91,0,91,8,134,6,5699,0,144,93
02-28-21,McNairy,2666,3,1895,1,771,2,2309,1,17258,6,19567,7,1,53,-1,-16,3,2629,0,62,53
02-28-21,Meigs,1262,8,1148,5,114,3,1274,5,7459,11,8733,16,0,21,7,9,1,1232,0,38,22
02-28-21,Monroe,5320,5,4240,4,1080,1,4764,4,25083,30,29847,34,0,90,-2,139,7,5091,2,146,91
02-28-21,Montgomery,17384,12,12806,10,4578,2,14072,12,103252,230,117324,242,0,212,-1,-16,13,17188,0,294,213
02-28-21,Moore,942,0,734,0,208,0,831,0,4566,2,5397,2,0,16,-2,10,2,916,0,16,16
02-28-21,Morgan,2291,2,1715,0,576,2,1855,0,14284,7,16139,7,0,37,0,10,2,2244,0,36,38
02-28-21,Obion,4360,0,3248,0,1112,0,3676,0,21142,13,24818,13,0,94,-1,10,1,4256,0,97,94
02-28-21,Out of State,16425,14,13185,9,3240,5,14855,11,574052,462,588907,473,0,94,8,153,6,16178,1,201,88
02-28-21,Overton,2849,1,2156,1,693,0,2536,1,14098,7,16634,8,0,57,0,33,1,2759,0,63,58
02-28-21,Pending,15202,16,9920,9,5282,7,11016,9,371445,460,382461,469,-1,125,3,-27,14,15104,0,133,126
02-28-21,Perry,1030,0,891,0,139,0,1001,1,5863,4,6864,5,0,27,0,-7,0,1010,0,28,28
02-28-21,Pickett,743,0,492,0,251,0,593,0,3569,1,4162,1,0,23,0,4,0,716,0,28,23
02-28-21,Polk,1758,4,1602,4,156,0,1769,4,8631,18,10400,22,0,22,-4,53,8,1683,0,65,22
02-28-21,Putnam,10561,6,8722,2,1839,4,10454,2,66469,54,76923,56,1,169,-1,75,6,10317,0,203,170
02-28-21,Rhea,4124,9,3595,7,529,2,4024,7,24876,29,28900,36,0,73,8,42,1,4009,0,82,73
02-28-21,Roane,5893,12,4625,9,1268,3,5139,12,40119,77,45258,89,0,96,1,114,11,5683,0,142,97
02-28-21,Robertson,8944,11,7134,3,1810,8,8042,3,40443,45,48485,48,0,120,-9,94,20,8730,0,400,121
02-28-21,Rutherford,38297,67,33355,42,4942,25,38856,43,214191,321,253047,364,1,383,1,371,65,37543,0,568,384
02-28-21,Scott,2865,1,1640,0,1225,1,1751,0,10738,5,12489,5,0,43,1,32,0,2790,0,60,44
02-28-21,Sequatchie,1554,5,1249,5,305,0,1359,5,11199,16,12558,21,0,27,5,42,0,1485,0,36,26
02-28-21,Sevier,12000,14,10589,12,1411,2,11632,15,61282,128,72914,143,0,163,-8,152,22,11685,0,261,164
02-28-21,Shelby,87118,73,81255,49,5863,24,100086,66,865948,1092,966034,1158,3,1491,6,587,64,85040,1,3397,1524
02-28-21,Smith,2557,1,1958,0,599,1,2459,0,12552,10,15011,10,0,36,0,33,1,2488,0,57,36
02-28-21,Stewart,1232,1,938,0,294,1,1062,1,6427,4,7489,5,0,24,1,-9,0,1217,0,24,25
02-28-21,Sullivan,14298,26,12465,25,1833,1,13506,28,80128,238,93634,266,0,273,8,195,18,13830,0,709,273
02-28-21,Sumner,21314,30,19187,14,2127,16,21715,19,110741,108,132456,127,0,315,2,78,28,20921,1,687,319
02-28-21,Tipton,6909,7,4864,2,2045,5,5880,3,43779,33,49659,36,2,103,4,47,1,6759,0,147,99
02-28-21,Trousdale,2389,0,2260,0,129,0,2422,0,8554,5,10976,5,0,22,-1,9,1,2358,0,39,22
02-28-21,Unicoi,1799,1,1401,0,398,1,1544,0,12300,12,13844,12,0,47,-4,41,5,1711,0,65,47
02-28-21,Union,1720,2,1461,2,259,0,1576,2,9860,10,11436,12,0,33,-3,42,5,1645,0,56,33
02-28-21,Van Buren,796,1,665,1,131,0,734,1,5038,1,5772,2,0,20,1,2,0,774,0,19,20
02-28-21,Warren,5296,1,4544,1,752,0,5136,2,30689,69,35825,71,0,75,-1,29,2,5192,0,80,78
02-28-21,Washington,12721,16,10991,14,1730,2,12135,17,76335,135,88470,152,0,234,-3,156,19,12331,0,327,233
02-28-21,Wayne,2863,0,2330,0,533,0,2562,0,10778,6,13340,6,0,30,-2,12,2,2821,0,59,30
02-28-21,Weakley,3779,1,2841,0,938,1,3251,0,20615,14,23866,14,0,59,1,0,0,3720,0,59,60
02-28-21,White,3362,6,2794,5,568,1,3409,4,21548,17,24957,21,0,66,3,67,3,3229,0,105,66
02-28-21,Williamson,25234,32,21590,17,3644,15,23978,20,167752,221,191730,241,1,203,-14,209,45,24822,0,283,205
02-28-21,Wilson,16374,26,14861,16,1513,10,16947,18,92912,119,109859,137,0,210,6,90,20,16074,0,322,211
02-27-21,Anderson,7949,9,6072,7,1877,2,6778,6,58475,93,65253,99,0,156,-6,162,15,7631,0,190,162
02-27-21,Bedford,5780,10,4656,8,1124,2,5376,9,29244,65,34620,74,1,119,7,42,2,5619,0,126,118
02-27-21,Benton,1505,3,1213,1,292,2,1341,1,8549,7,9890,8,0,39,3,3,0,1463,0,35,39
02-27-21,Bledsoe,1998,3,1829,2,169,1,1939,2,14246,19,16185,21,0,10,2,15,1,1973,0,32,10
02-27-21,Blount,14010,23,12123,14,1887,9,13347,14,67688,199,81035,213,2,181,3,131,18,13698,1,313,183
02-27-21,Bradley,12833,24,10730,12,2103,12,12162,16,60095,194,72257,210,0,138,1,253,23,12442,2,521,141
02-27-21,Campbell,3794,3,2161,2,1633,1,2426,2,23893,32,26319,34,0,59,-4,52,7,3683,0,113,60
02-27-21,Cannon,1744,6,1420,3,324,3,1583,3,8614,21,10197,24,0,29,5,16,1,1699,0,35,29
02-27-21,Carroll,3463,6,2283,4,1180,2,2707,4,18757,22,21464,26,0,81,4,-5,2,3387,0,78,82
02-27-21,Carter,5950,6,5208,5,742,1,5716,4,34655,112,40371,116,0,152,-5,64,11,5734,0,213,153
02-27-21,Cheatham,3900,7,3080,7,820,0,3487,8,24985,33,28472,41,0,44,0,63,7,3793,0,78,44
02-27-21,Chester,2005,4,1453,3,552,1,1735,3,10986,7,12721,10,0,47,4,-11,0,1969,0,39,48
02-27-21,Claiborne,2780,12,1798,7,982,5,1903,9,22312,192,24215,201,0,67,6,145,6,2568,0,89,69
02-27-21,Clay,1069,0,737,0,332,0,844,0,5336,10,6180,10,0,30,-1,14,1,1025,0,23,30
02-27-21,Cocke,3972,6,2724,0,1248,6,3010,0,19955,39,22965,39,0,92,0,26,6,3854,0,109,94
02-27-21,Coffee,6304,13,4487,7,1817,6,5487,7,42835,155,48322,162,0,114,1,39,12,6151,0,114,115
02-27-21,Crockett,1969,1,1182,0,787,1,1377,0,6986,12,8363,12,0,47,0,1,1,1921,0,30,48
02-27-21,Cumberland,6092,2,5123,1,969,1,5867,3,45995,61,51862,64,0,120,2,74,0,5898,0,147,123
02-27-21,Davidson,81142,154,76727,124,4415,30,93256,152,858235,3367,951491,3519,3,857,52,751,99,79534,3,1867,861
02-27-21,Decatur,1531,1,1145,1,386,0,1361,1,10646,2,12007,3,0,37,0,-1,1,1495,0,37,37
02-27-21,Dekalb,2642,19,1973,2,669,17,2278,3,15969,26,18247,29,0,49,16,9,3,2584,0,54,50
02-27-21,Dickson,6193,11,4488,4,1705,7,5314,3,32556,49,37870,52,0,106,4,32,7,6055,0,116,106
02-27-21,Dyer,5229,4,3467,2,1762,2,3907,4,20737,35,24644,39,0,101,1,19,3,5109,0,103,102
02-27-21,Fayette,4645,5,4025,3,620,2,4947,6,34612,85,39559,91,0,71,3,23,2,4551,0,120,71
02-27-21,Fentress,2289,2,1996,2,293,0,2280,2,11948,95,14228,97,0,44,1,8,1,2237,0,57,44
02-27-21,Franklin,4707,6,3968,5,739,1,4661,6,33846,54,38507,60,0,85,3,62,3,4560,0,104,84
02-27-21,Gibson,6164,4,3735,3,2429,1,4519,3,27797,47,32316,50,0,140,1,24,3,6000,0,103,140
02-27-21,Giles,3718,2,3114,2,604,0,3575,3,21552,64,25127,67,0,96,-1,34,3,3588,0,110,97
02-27-21,Grainger,2424,4,1829,1,595,3,2048,1,13107,29,15155,30,0,46,2,48,2,2330,0,64,47
02-27-21,Greene,7264,9,5779,8,1485,1,6483,10,43659,87,50142,97,0,145,0,79,9,7040,1,173,145
02-27-21,Grundy,1681,3,1422,2,259,1,1628,2,7901,43,9529,45,0,30,0,35,3,1616,0,55,30
02-27-21,Hamblen,7987,18,5734,3,2253,15,6429,6,43497,49,49926,55,0,162,4,97,14,7728,3,248,164
02-27-21,Hamilton,40259,61,35002,36,5257,25,39131,62,294884,756,334015,818,-3,459,-6,736,70,39064,0,1072,462
02-27-21,Hancock,495,0,360,0,135,0,386,0,3654,8,4040,8,0,12,0,2,0,481,0,19,12
02-27-21,Hardeman,3372,2,2738,2,634,0,3205,2,23729,41,26934,43,0,64,2,-5,0,3313,0,101,63
02-27-21,Hardin,3304,3,2269,2,1035,1,2704,2,22102,35,24806,37,0,63,1,20,2,3221,0,61,63
02-27-21,Hawkins,5222,8,4290,4,932,4,4634,4,31037,118,35671,122,0,94,1,150,7,4978,0,140,98
02-27-21,Haywood,2640,2,2217,2,423,0,2526,3,13048,65,15574,68,0,60,1,5,1,2575,0,80,60
02-27-21,Henderson,3620,3,2526,2,1094,1,3168,2,15458,13,18626,15,0,73,0,21,3,3526,0,75,74
02-27-21,Henry,2996,5,2344,4,652,1,2707,6,17008,23,19715,29,0,75,3,-2,2,2923,0,74,75
02-27-21,Hickman,2645,7,2152,2,493,5,2489,2,15277,42,17766,44,0,41,1,26,6,2578,1,53,41
02-27-21,Houston,1026,3,774,3,252,0,882,3,9114,9,9996,12,1,32,2,-4,0,998,1,39,32
02-27-21,Humphreys,1528,7,1008,1,520,6,1182,1,10906,9,12088,10,0,21,3,3,4,1504,0,31,21
02-27-21,Jackson,1248,2,982,1,266,1,1144,1,5141,5,6285,6,0,34,2,5,0,1209,0,38,33
02-27-21,Jefferson,5634,11,3960,5,1674,6,4470,6,35674,149,40144,155,1,118,2,111,8,5405,0,172,117
02-27-21,Johnson,2161,0,1937,0,224,0,2065,0,13902,81,15967,81,0,38,-3,25,3,2098,0,57,38
02-27-21,Knox,46072,82,39184,46,6888,36,42795,59,297581,688,340376,747,1,579,-33,756,114,44737,3,1281,578
02-27-21,Lake,1677,1,1492,1,185,0,1756,2,9516,23,11272,25,0,26,1,4,0,1647,0,25,26
02-27-21,Lauderdale,3084,1,2409,1,675,0,2761,1,19773,22,22534,23,0,42,1,19,0,3023,0,82,41
02-27-21,Lawrence,5555,5,4356,4,1199,1,4788,5,27338,75,32126,80,1,83,-1,25,5,5447,0,138,83
02-27-21,Lewis,1468,0,1144,0,324,0,1237,0,9585,13,10822,13,0,25,-5,24,5,1419,0,41,25
02-27-21,Lincoln,4117,9,3221,5,896,4,3656,4,16530,27,20186,31,0,62,8,35,1,4020,0,80,60
02-27-21,Loudon,5679,13,4447,6,1232,7,4854,7,29257,57,34111,64,0,65,1,152,12,5462,0,126,67
02-27-21,Macon,3358,5,2651,1,707,4,3119,1,14639,33,17758,34,0,73,3,35,2,3250,0,118,73
02-27-21,Madison,10084,7,5651,6,4433,1,6890,8,51695,71,58585,79,0,228,-3,-618,10,10474,0,332,229
02-27-21,Marion,2930,5,2527,5,403,0,2815,5,17270,33,20085,38,2,44,-1,39,4,2847,0,108,45
02-27-21,Marshall,3896,4,3151,4,745,0,3554,6,21798,39,25352,45,1,56,-3,34,6,3806,0,86,57
02-27-21,Maury,12189,24,10884,17,1305,7,12007,20,68368,173,80375,193,1,163,9,12,14,12014,0,276,161
02-27-21,McMinn,5910,9,5296,6,614,3,5830,7,39317,178,45147,185,1,91,1,126,7,5693,0,144,93
02-27-21,McNairy,2663,3,1894,3,769,0,2308,3,17252,97,19560,100,0,52,2,-15,1,2626,0,62,53
02-27-21,Meigs,1254,0,1143,0,111,0,1269,0,7448,22,8717,22,0,21,0,2,0,1231,0,38,22
02-27-21,Monroe,5315,8,4236,3,1079,5,4760,4,25053,70,29813,74,0,90,0,141,8,5084,0,144,91
02-27-21,Montgomery,17372,51,12796,22,4576,29,14060,26,103022,248,117082,274,0,212,14,-15,37,17175,0,294,213
02-27-21,Moore,942,1,734,0,208,1,831,0,4564,5,5395,5,0,16,1,12,0,914,0,16,16
02-27-21,Morgan,2289,2,1715,1,574,1,1855,2,14277,23,16132,25,0,37,-2,10,4,2242,1,36,38
02-27-21,Obion,4360,1,3248,1,1112,0,3676,1,21129,30,24805,31,0,94,0,11,1,4255,0,97,94
02-27-21,Out of State,16411,37,13176,21,3235,16,14844,25,573590,1335,588434,1360,1,94,17,145,19,16172,0,200,88
02-27-21,Overton,2848,5,2155,3,693,2,2535,3,14091,33,16626,36,0,57,3,33,2,2758,0,63,58
02-27-21,Pending,15186,66,9911,31,5275,35,11007,35,370985,882,381992,917,-1,126,50,-30,17,15090,0,133,126
02-27-21,Perry,1030,1,891,1,139,0,1000,1,5859,10,6859,11,0,27,1,-7,0,1010,0,28,28
02-27-21,Pickett,743,0,492,0,251,0,593,0,3568,31,4161,31,0,23,0,4,0,716,0,28,23
02-27-21,Polk,1754,2,1598,2,156,0,1765,2,8613,29,10378,31,0,22,0,57,2,1675,0,65,22
02-27-21,Putnam,10555,8,8720,2,1835,6,10452,5,66415,137,76867,142,0,168,-1,76,9,10311,0,203,170
02-27-21,Rhea,4115,6,3588,5,527,1,4017,7,24847,82,28864,89,0,73,4,34,2,4008,0,82,73
02-27-21,Roane,5881,14,4616,5,1265,9,5127,7,40042,114,45169,121,0,96,3,113,11,5672,0,142,97
02-27-21,Robertson,8933,13,7131,5,1802,8,8039,4,40398,59,48437,63,1,120,3,103,9,8710,0,400,121
02-27-21,Rutherford,38230,112,33313,59,4917,53,38813,65,213870,732,252683,797,0,382,29,370,83,37478,0,568,383
02-27-21,Scott,2864,8,1640,3,1224,5,1751,2,10733,17,12484,19,1,43,2,31,5,2790,0,60,44
02-27-21,Sequatchie,1549,3,1244,1,305,2,1354,2,11183,19,12537,21,2,27,-6,37,7,1485,0,36,26
02-27-21,Sevier,11986,22,10577,9,1409,13,11617,10,61154,136,72771,146,0,163,11,160,11,11663,1,261,164
02-27-21,Shelby,87045,149,81206,120,5839,29,100020,164,864856,3186,964876,3350,0,1488,49,581,100,84976,5,3396,1522
02-27-21,Smith,2556,8,1958,0,598,8,2459,0,12542,13,15001,13,0,36,6,33,2,2487,0,57,36
02-27-21,Stewart,1231,0,938,0,293,0,1061,0,6423,6,7484,6,0,24,-2,-10,2,1217,0,24,25
02-27-21,Sullivan,14272,26,12440,11,1832,15,13478,11,79890,173,93368,184,0,273,9,187,17,13812,0,709,273
02-27-21,Sumner,21284,47,19173,29,2111,18,21696,34,110633,263,132329,297,0,315,15,76,32,20893,0,686,318
02-27-21,Tipton,6902,18,4862,11,2040,7,5877,11,43746,109,49623,120,0,101,9,43,9,6758,0,147,99
02-27-21,Trousdale,2389,2,2260,2,129,0,2422,2,8549,20,10971,22,0,22,1,10,1,2357,0,39,22
02-27-21,Unicoi,1798,3,1401,2,397,1,1544,2,12288,42,13832,44,0,47,-4,45,7,1706,1,65,47
02-27-21,Union,1718,3,1459,1,259,2,1574,1,9850,15,11424,16,2,33,0,45,1,1640,0,56,33
02-27-21,Van Buren,795,0,664,0,131,0,733,0,5037,8,5770,8,0,20,0,1,0,774,0,19,20
02-27-21,Warren,5295,14,4543,5,752,9,5134,5,30620,71,35754,76,0,75,14,30,0,5190,0,80,77
02-27-21,Washington,12705,17,10977,11,1728,6,12118,14,76200,247,88318,261,0,234,3,159,14,12312,0,327,233
02-27-21,Wayne,2863,3,2330,1,533,2,2562,1,10772,14,13334,15,0,30,3,14,0,2819,0,59,30
02-27-21,Weakley,3778,2,2841,0,937,2,3251,1,20601,25,23852,26,0,59,1,-1,1,3720,0,59,60
02-27-21,White,3356,9,2789,6,567,3,3405,6,21531,31,24936,37,0,66,7,64,2,3226,0,105,66
02-27-21,Williamson,25202,55,21573,31,3629,24,23958,33,167531,381,191489,414,0,202,0,223,55,24777,0,283,205
02-27-21,Wilson,16348,60,14845,37,1503,23,16929,38,92793,242,109722,280,-2,210,38,84,24,16054,0,322,211
02-26-21,Anderson,7940,11,6065,7,1875,4,6772,8,58382,98,65154,106,0,156,-18,168,29,7616,0,190,162
02-26-21,Bedford,5770,3,4648,1,1122,2,5367,1,29179,29,34546,30,1,118,-3,35,5,5617,1,126,118
02-26-21,Benton,1502,3,1212,3,290,0,1340,5,8542,8,9882,13,0,39,0,0,3,1463,0,35,39
02-26-21,Bledsoe,1995,3,1827,1,168,2,1937,1,14227,22,16164,23,0,10,0,13,3,1972,0,32,10
02-26-21,Blount,13987,28,12109,19,1878,9,13333,22,67489,93,80822,115,1,179,5,128,22,13680,0,312,183
02-26-21,Bradley,12809,24,10718,8,2091,16,12146,10,59901,103,72047,113,0,138,-23,252,47,12419,0,519,141
02-26-21,Campbell,3791,3,2159,0,1632,3,2424,0,23861,17,26285,17,0,59,-6,56,9,3676,0,113,60
02-26-21,Cannon,1738,1,1417,1,321,0,1580,1,8593,16,10173,17,0,29,-1,11,2,1698,0,35,29
02-26-21,Carroll,3457,3,2279,2,1178,1,2703,2,18735,11,21438,13,0,81,-2,-9,5,3385,0,78,82
02-26-21,Carter,5944,12,5203,8,741,4,5712,9,34543,72,40255,81,0,152,-1,69,13,5723,1,213,153
02-26-21,Cheatham,3893,11,3073,7,820,4,3479,7,24952,42,28431,49,0,44,-4,63,15,3786,0,78,43
02-26-21,Chester,2001,1,1450,0,551,1,1732,2,10979,7,12711,9,0,47,-1,-15,2,1969,0,39,48
02-26-21,Claiborne,2768,7,1791,7,977,0,1894,8,22120,29,24014,37,0,67,-13,139,20,2562,0,89,69
02-26-21,Clay,1069,5,737,2,332,3,844,3,5326,12,6170,15,0,30,5,15,0,1024,0,23,30
02-26-21,Cocke,3966,2,2724,1,1242,1,3010,1,19916,49,22926,50,0,92,-3,26,5,3848,0,109,94
02-26-21,Coffee,6291,10,4480,5,1811,5,5480,5,42680,42,48160,47,0,114,-7,38,17,6139,0,114,115
02-26-21,Crockett,1968,0,1182,0,786,0,1377,0,6974,6,8351,6,0,47,0,1,0,1920,0,30,48
02-26-21,Cumberland,6090,10,5122,10,968,0,5864,9,45934,53,51798,62,0,120,4,72,6,5898,0,147,123
02-26-21,Davidson,80988,106,76603,82,4385,24,93104,106,854868,1559,947972,1665,5,854,-81,699,182,79435,0,1864,857
02-26-21,Decatur,1530,2,1144,1,386,1,1360,1,10644,2,12004,3,0,37,1,-1,1,1494,0,37,37
02-26-21,Dekalb,2623,3,1971,3,652,0,2275,4,15943,23,18218,27,0,49,-1,-7,4,2581,1,54,50
02-26-21,Dickson,6182,8,4484,3,1698,5,5311,7,32507,62,37818,69,3,106,-5,28,10,6048,0,116,106
02-26-21,Dyer,5225,3,3465,2,1760,1,3903,2,20702,15,24605,17,0,101,0,18,3,5106,0,103,102
02-26-21,Fayette,4640,8,4022,7,618,1,4941,10,34527,62,39468,72,0,71,6,20,2,4549,0,120,71
02-26-21,Fentress,2287,1,1994,1,293,0,2278,1,11853,21,14131,22,0,44,0,7,1,2236,0,57,44
02-26-21,Franklin,4701,7,3963,6,738,1,4655,6,33792,37,38447,43,1,85,-3,59,9,4557,0,104,84
02-26-21,Gibson,6160,4,3732,0,2428,4,4516,0,27750,24,32266,24,0,140,0,23,4,5997,0,103,140
02-26-21,Giles,3716,6,3112,3,604,3,3572,4,21488,23,25060,27,1,96,-5,35,10,3585,0,110,97
02-26-21,Grainger,2420,2,1828,2,592,0,2047,2,13078,28,15125,30,0,46,-8,46,10,2328,0,64,47
02-26-21,Greene,7255,7,5771,5,1484,2,6473,9,43572,191,50045,200,0,145,1,79,6,7031,0,172,145
02-26-21,Grundy,1678,4,1420,2,258,2,1626,2,7858,10,9484,12,0,30,1,35,3,1613,0,55,30
02-26-21,Hamblen,7969,8,5731,6,2238,2,6423,7,43448,63,49871,70,1,162,-6,93,13,7714,0,245,163
02-26-21,Hamilton,40198,74,34966,57,5232,17,39069,68,294128,536,333197,604,3,462,-27,742,98,38994,3,1072,461
02-26-21,Hancock,495,0,360,0,135,0,386,0,3646,5,4032,5,0,12,0,2,0,481,0,19,12
02-26-21,Hardeman,3370,1,2736,1,634,0,3203,1,23688,13,26891,14,0,64,0,-7,1,3313,0,101,63
02-26-21,Hardin,3301,0,2267,0,1034,0,2702,1,22067,14,24769,15,1,63,-6,19,5,3219,0,61,63
02-26-21,Hawkins,5214,16,4286,13,928,3,4630,14,30919,62,35549,76,0,94,6,149,10,4971,1,140,97
02-26-21,Haywood,2638,1,2215,1,423,0,2523,2,12983,9,15506,11,0,60,-2,4,3,2574,0,80,60
02-26-21,Henderson,3617,0,2524,0,1093,0,3166,1,15445,9,18611,10,0,73,-6,21,6,3523,0,75,74
02-26-21,Henry,2991,6,2340,1,651,5,2701,1,16985,15,19686,16,0,75,2,-5,4,2921,0,74,75
02-26-21,Hickman,2638,4,2150,0,488,4,2487,0,15235,22,17722,22,1,41,-1,25,4,2572,0,52,41
02-26-21,Houston,1023,0,771,0,252,0,879,0,9105,10,9984,10,0,31,0,-6,0,998,0,38,32
02-26-21,Humphreys,1521,1,1007,0,514,1,1181,0,10897,17,12078,17,0,21,-2,0,3,1500,0,31,21
02-26-21,Jackson,1246,1,981,1,265,0,1143,2,5136,9,6279,11,0,34,-2,3,3,1209,0,38,33
02-26-21,Jefferson,5623,15,3955,14,1668,1,4464,14,35525,150,39989,164,0,117,1,109,14,5397,0,172,117
02-26-21,Johnson,2161,3,1937,3,224,0,2065,3,13821,44,15886,47,0,38,1,28,2,2095,0,57,38
02-26-21,Knox,45990,111,39138,74,6852,37,42736,82,296893,492,339629,574,5,578,-11,789,117,44623,1,1278,577
02-26-21,Lake,1676,2,1491,2,185,0,1754,3,9493,5,11247,8,0,26,2,3,0,1647,1,25,26
02-26-21,Lauderdale,3083,2,2408,0,675,2,2760,0,19751,23,22511,23,0,42,0,18,2,3023,0,82,41
02-26-21,Lawrence,5550,1,4352,0,1198,1,4783,2,27263,41,32046,43,1,82,-6,26,6,5442,0,138,83
02-26-21,Lewis,1468,2,1144,2,324,0,1237,2,9572,10,10809,12,0,25,-4,29,6,1414,0,41,25
02-26-21,Lincoln,4108,6,3216,3,892,3,3652,3,16503,24,20155,27,1,62,-3,27,8,4019,0,80,60
02-26-21,Loudon,5666,10,4441,4,1225,6,4847,6,29200,46,34047,52,0,65,-15,151,25,5450,0,126,66
02-26-21,Macon,3353,2,2650,1,703,1,3118,2,14606,73,17724,75,0,73,-1,32,3,3248,0,118,73
02-26-21,Madison,10077,9,5645,5,4432,4,6882,4,51624,45,58506,49,0,228,-2,-615,11,10464,0,332,228
02-26-21,Marion,2925,5,2522,3,403,2,2810,3,17237,16,20047,19,0,42,-1,40,6,2843,0,108,45
02-26-21,Marshall,3892,6,3147,5,745,1,3548,5,21759,15,25307,20,1,55,1,37,4,3800,0,86,57
02-26-21,Maury,12165,7,10867,5,1298,2,11987,7,68195,54,80182,61,2,162,-21,3,26,12000,1,276,161
02-26-21,McMinn,5901,5,5290,2,611,3,5823,2,39139,56,44962,58,0,90,-18,125,23,5686,0,144,93
02-26-21,McNairy,2660,7,1891,7,769,0,2305,7,17155,15,19460,22,0,52,4,-17,3,2625,0,62,53
02-26-21,Meigs,1254,0,1143,0,111,0,1269,0,7426,15,8695,15,0,21,-2,2,2,1231,0,38,22
02-26-21,Monroe,5307,12,4233,5,1074,7,4756,5,24983,61,29739,66,0,90,4,141,8,5076,0,144,91
02-26-21,Montgomery,17321,20,12774,12,4547,8,14034,14,102774,225,116808,239,3,212,-36,-29,53,17138,0,294,213
02-26-21,Moore,941,3,734,1,207,2,831,1,4559,5,5390,6,0,16,3,11,0,914,0,16,16
02-26-21,Morgan,2287,1,1714,1,573,0,1853,2,14254,13,16107,15,0,37,-7,12,8,2238,0,35,37
02-26-21,Obion,4359,3,3247,3,1112,0,3675,3,21099,39,24774,42,0,94,0,11,3,4254,0,97,94
02-26-21,Out of State,16374,30,13155,26,3219,4,14819,30,572255,992,587074,1022,0,93,-5,128,35,16153,1,200,88
02-26-21,Overton,2843,2,2152,1,691,1,2532,2,14058,23,16590,25,0,57,-2,30,4,2756,0,63,58
02-26-21,Pending,15120,23,9880,11,5240,12,10972,14,370103,742,381075,756,2,127,-33,-80,54,15073,0,133,126
02-26-21,Perry,1029,3,890,3,139,0,999,3,5849,4,6848,7,0,27,3,-8,0,1010,0,28,28
02-26-21,Pickett,743,0,492,0,251,0,593,0,3537,3,4130,3,0,23,0,4,0,716,0,28,23
02-26-21,Polk,1752,5,1596,3,156,2,1763,3,8584,15,10347,18,0,22,-4,57,9,1673,0,65,22
02-26-21,Putnam,10547,9,8718,6,1829,3,10447,9,66278,130,76725,139,0,168,-3,77,12,10302,0,203,170
02-26-21,Rhea,4109,2,3583,2,526,0,4010,2,24765,35,28775,37,0,73,-12,30,14,4006,0,82,73
02-26-21,Roane,5867,15,4611,12,1256,3,5120,13,39928,77,45048,90,0,96,6,110,9,5661,0,142,97
02-26-21,Robertson,8920,19,7126,16,1794,3,8035,18,40339,54,48374,72,1,119,3,100,15,8701,0,400,120
02-26-21,Rutherford,38118,83,33254,53,4864,30,38748,59,213138,424,251886,483,5,382,-38,341,116,37395,1,568,383
02-26-21,Scott,2856,5,1637,3,1219,2,1749,3,10716,14,12465,17,0,42,-5,29,10,2785,0,60,44
02-26-21,Sequatchie,1546,3,1243,2,303,1,1352,2,11164,11,12516,13,0,25,1,43,2,1478,0,36,26
02-26-21,Sevier,11964,18,10568,12,1396,6,11607,14,61018,157,72625,171,2,163,-3,149,19,11652,0,260,164
02-26-21,Shelby,86896,102,81086,83,5810,19,99856,105,861670,2055,961526,2160,12,1488,-56,532,146,84876,2,3391,1521
02-26-21,Smith,2548,0,1958,0,590,0,2459,0,12529,12,14988,12,0,36,-4,27,4,2485,0,57,36
02-26-21,Stewart,1231,0,938,0,293,0,1061,0,6417,8,7478,8,0,24,-1,-8,1,1215,0,24,24
02-26-21,Sullivan,14246,23,12429,22,1817,1,13467,20,79717,199,93184,219,0,273,-21,178,44,13795,1,709,273
02-26-21,Sumner,21237,29,19144,17,2093,12,21662,21,110370,186,132032,207,0,315,-18,61,47,20861,0,686,318
02-26-21,Tipton,6884,14,4851,8,2033,6,5866,9,43637,88,49503,97,0,101,7,34,7,6749,0,147,99
02-26-21,Trousdale,2387,0,2258,0,129,0,2420,0,8529,12,10949,12,0,22,-1,9,1,2356,0,39,22
02-26-21,Unicoi,1795,0,1399,0,396,0,1542,0,12246,25,13788,25,0,47,-3,49,3,1699,0,64,47
02-26-21,Union,1715,5,1458,4,257,1,1573,4,9835,15,11408,19,0,31,3,45,2,1639,0,56,33
02-26-21,Van Buren,795,1,664,0,131,1,733,0,5029,5,5762,5,0,20,1,1,0,774,0,19,20
02-26-21,Warren,5281,6,4538,5,743,1,5129,5,30549,56,35678,61,0,75,-4,16,10,5190,0,80,77
02-26-21,Washington,12688,20,10966,17,1722,3,12104,15,75953,227,88057,242,2,234,-1,156,19,12298,1,327,233
02-26-21,Wayne,2860,0,2329,0,531,0,2561,0,10758,8,13319,8,0,30,-2,11,2,2819,0,59,30
02-26-21,Weakley,3776,1,2841,1,935,0,3250,1,20576,41,23826,42,0,59,-1,-2,2,3719,0,59,60
02-26-21,White,3347,8,2783,8,564,0,3399,8,21500,33,24899,41,0,66,7,57,1,3224,0,105,66
02-26-21,Williamson,25147,37,21542,26,3605,11,23925,29,167150,214,191075,243,0,202,-48,223,85,24722,0,283,204
02-26-21,Wilson,16288,26,14808,22,1480,4,16891,22,92551,154,109442,176,1,212,-9,46,34,16030,0,322,211
02-25-21,Anderson,7929,18,6058,9,1871,9,6764,12,58284,127,65048,139,1,156,-3,186,20,7587,0,190,162
02-25-21,Bedford,5767,7,4647,6,1120,1,5366,7,29150,60,34516,67,0,117,-2,38,9,5612,0,125,118
02-25-21,Benton,1499,1,1209,1,290,0,1335,1,8534,15,9869,16,0,39,-1,0,2,1460,0,35,39
02-25-21,Bledsoe,1992,8,1826,4,166,4,1936,4,14205,45,16141,49,0,10,-2,13,10,1969,0,32,10
02-25-21,Blount,13959,23,12090,14,1869,9,13311,15,67396,206,80707,221,0,178,-16,123,39,13658,0,312,183
02-25-21,Bradley,12785,52,10710,43,2075,9,12136,46,59798,229,71934,275,0,138,3,275,49,12372,3,519,141
02-25-21,Campbell,3788,5,2159,1,1629,4,2424,2,23844,33,26268,35,1,59,-6,62,10,3667,0,113,60
02-25-21,Cannon,1737,4,1416,4,321,0,1579,3,8577,25,10156,28,1,29,-1,12,4,1696,0,35,29
02-25-21,Carroll,3454,2,2277,1,1177,1,2701,1,18724,26,21425,27,0,81,0,-7,2,3380,0,78,82
02-25-21,Carter,5932,8,5195,7,737,1,5703,7,34471,82,40174,89,0,152,-3,70,11,5710,0,212,152
02-25-21,Cheatham,3882,20,3066,10,816,10,3472,10,24910,63,28382,73,1,44,8,67,11,3771,1,78,43
02-25-21,Chester,2000,1,1450,1,550,0,1730,1,10972,6,12702,7,0,47,-1,-14,2,1967,0,39,48
02-25-21,Claiborne,2761,17,1784,13,977,4,1886,15,22091,45,23977,60,1,67,-5,152,21,2542,0,89,68
02-25-21,Clay,1064,0,735,0,329,0,841,0,5314,6,6155,6,0,30,0,10,0,1024,0,23,30
02-25-21,Cocke,3964,6,2723,2,1241,4,3009,2,19867,83,22876,85,0,92,-2,29,8,3843,0,109,94
02-25-21,Coffee,6281,19,4475,10,1806,9,5475,11,42638,141,48113,152,0,114,5,45,14,6122,1,114,115
02-25-21,Crockett,1968,1,1182,0,786,1,1377,1,6968,20,8345,21,1,47,-2,1,2,1920,0,30,48
02-25-21,Cumberland,6080,5,5112,4,968,1,5855,5,45881,75,51736,80,3,120,-13,68,15,5892,0,147,123
02-25-21,Davidson,80882,174,76521,132,4361,42,92998,172,853309,3671,946307,3843,8,849,-4,780,170,79253,4,1864,852
02-25-21,Decatur,1528,0,1143,0,385,0,1359,0,10642,16,12001,16,0,37,-3,-2,3,1493,0,37,37
02-25-21,Dekalb,2620,2,1968,0,652,2,2271,0,15920,26,18191,26,1,49,-6,-6,7,2577,0,53,49
02-25-21,Dickson,6174,15,4481,11,1693,4,5304,12,32445,102,37749,114,0,103,6,33,9,6038,0,116,106
02-25-21,Dyer,5222,3,3463,3,1759,0,3901,3,20687,54,24588,57,0,101,-1,18,4,5103,0,103,102
02-25-21,Fayette,4632,11,4015,6,617,5,4931,8,34465,103,39396,111,0,71,5,14,6,4547,0,120,71
02-25-21,Fentress,2286,4,1993,3,293,1,2277,3,11832,11,14109,14,0,44,0,7,4,2235,0,57,44
02-25-21,Franklin,4694,4,3957,1,737,3,4649,2,33755,69,38404,71,0,84,-6,62,10,4548,0,104,84
02-25-21,Gibson,6156,10,3732,4,2424,6,4516,7,27726,87,32242,94,0,140,7,23,3,5993,0,103,140
02-25-21,Giles,3710,5,3109,3,601,2,3568,2,21465,46,25033,48,0,95,-10,40,15,3575,0,110,97
02-25-21,Grainger,2418,7,1826,3,592,4,2045,3,13050,28,15095,31,0,46,1,54,6,2318,0,64,47
02-25-21,Greene,7248,7,5766,4,1482,3,6464,4,43381,139,49845,143,1,145,-4,78,10,7025,1,172,145
02-25-21,Grundy,1674,3,1418,2,256,1,1624,2,7848,16,9472,18,0,30,-3,34,6,1610,0,55,30
02-25-21,Hamblen,7961,12,5725,7,2236,5,6416,8,43385,93,49801,101,0,161,0,99,12,7701,0,245,163
02-25-21,Hamilton,40124,113,34909,91,5215,22,39001,106,293592,890,332593,996,5,459,17,769,91,38896,0,1069,459
02-25-21,Hancock,495,2,360,1,135,1,386,1,3641,8,4027,9,0,12,0,2,2,481,0,19,12
02-25-21,Hardeman,3369,3,2735,3,634,0,3202,3,23675,40,26877,43,1,64,0,-7,2,3312,0,101,63
02-25-21,Hardin,3301,7,2267,1,1034,6,2701,1,22053,28,24754,29,0,62,3,25,4,3214,0,61,63
02-25-21,Hawkins,5198,13,4273,8,925,5,4616,10,30857,157,35473,167,1,94,-8,143,20,4961,0,139,97
02-25-21,Haywood,2637,3,2214,2,423,1,2521,2,12974,23,15495,25,1,60,1,6,1,2571,1,80,60
02-25-21,Henderson,3617,2,2524,2,1093,0,3165,2,15436,24,18601,26,0,73,-2,27,4,3517,0,75,74
02-25-21,Henry,2985,4,2339,3,646,1,2700,3,16970,26,19670,29,0,75,1,-7,3,2917,0,74,75
02-25-21,Hickman,2634,1,2150,0,484,1,2487,0,15213,34,17700,34,0,40,-5,26,6,2568,0,52,41
02-25-21,Houston,1023,0,771,0,252,0,879,0,9095,42,9974,42,1,31,-2,-6,1,998,0,38,32
02-25-21,Humphreys,1520,5,1007,2,513,3,1181,2,10880,36,12061,38,0,21,5,2,0,1497,0,31,21
02-25-21,Jackson,1245,1,980,1,265,0,1141,1,5127,9,6268,10,0,34,-1,5,2,1206,0,38,33
02-25-21,Jefferson,5608,18,3941,10,1667,8,4450,11,35375,177,39825,188,1,117,4,108,13,5383,0,172,117
02-25-21,Johnson,2158,3,1934,3,224,0,2062,4,13777,31,15839,35,0,38,0,27,3,2093,0,57,38
02-25-21,Knox,45879,130,39064,90,6815,40,42654,100,296401,1036,339055,1136,2,573,-10,800,138,44506,5,1277,577
02-25-21,Lake,1674,1,1489,1,185,0,1751,1,9488,28,11239,29,0,26,0,1,1,1647,0,24,26
02-25-21,Lauderdale,3081,3,2408,3,673,0,2760,3,19728,77,22488,80,0,42,2,18,1,3021,1,82,41
02-25-21,Lawrence,5549,5,4352,4,1197,1,4781,5,27222,70,32003,75,0,81,-7,32,12,5436,0,138,83
02-25-21,Lewis,1466,2,1142,1,324,1,1235,1,9562,9,10797,10,1,25,0,33,1,1408,0,41,25
02-25-21,Lincoln,4102,3,3213,3,889,0,3649,3,16479,21,20128,24,0,61,-7,30,10,4011,0,80,60
02-25-21,Loudon,5656,13,4437,8,1219,5,4841,8,29154,51,33995,59,1,65,-2,166,14,5425,2,126,66
02-25-21,Macon,3351,1,2649,1,702,0,3116,3,14533,66,17649,69,0,73,-5,33,6,3245,0,118,73
02-25-21,Madison,10068,12,5640,5,4428,7,6878,8,51579,142,58457,150,2,228,0,-613,10,10453,0,332,228
02-25-21,Marion,2920,6,2519,5,401,1,2807,5,17221,58,20028,63,-2,42,-6,41,14,2837,0,108,45
02-25-21,Marshall,3886,3,3142,3,744,0,3543,4,21744,49,25287,53,0,54,-5,36,8,3796,0,86,57
02-25-21,Maury,12158,17,10862,13,1296,4,11980,14,68141,103,80121,117,1,160,-9,24,25,11974,0,275,161
02-25-21,McMinn,5896,19,5288,12,608,7,5821,14,39083,116,44904,130,1,90,2,143,16,5663,0,144,93
02-25-21,McNairy,2653,4,1884,3,769,1,2298,4,17140,24,19438,28,1,52,-5,-21,8,2622,0,62,53
02-25-21,Meigs,1254,0,1143,0,111,0,1269,0,7411,17,8680,17,0,21,-2,4,2,1229,0,38,22
02-25-21,Monroe,5295,13,4228,10,1067,3,4751,11,24922,66,29673,77,1,90,-6,137,18,5068,0,144,91
02-25-21,Montgomery,17301,48,12762,31,4539,17,14020,36,102549,322,116569,358,2,209,6,7,40,17085,0,294,213
02-25-21,Moore,938,0,733,0,205,0,830,0,4554,8,5384,8,0,16,0,8,0,914,0,16,16
02-25-21,Morgan,2286,2,1713,0,573,2,1851,0,14241,28,16092,28,0,37,1,19,1,2230,0,35,37
02-25-21,Obion,4356,3,3244,2,1112,1,3672,1,21060,60,24732,61,0,94,3,11,0,4251,0,97,94
02-25-21,Out of State,16344,64,13129,56,3215,8,14789,66,571263,2152,586052,2218,2,93,35,133,27,16118,1,199,88
02-25-21,Overton,2841,2,2151,1,690,1,2530,1,14035,17,16565,18,0,57,-2,32,4,2752,0,63,58
02-25-21,Pending,15097,39,9869,26,5228,13,10958,27,369361,1254,380319,1281,0,125,5,-47,34,15019,0,133,126
02-25-21,Perry,1026,1,887,1,139,0,996,1,5845,8,6841,9,0,27,-1,-11,2,1010,0,28,28
02-25-21,Pickett,743,0,492,0,251,0,593,0,3534,28,4127,28,0,23,-1,4,1,716,0,28,23
02-25-21,Polk,1747,4,1593,2,154,2,1760,2,8569,21,10329,23,1,22,-20,61,23,1664,1,65,22
02-25-21,Putnam,10538,21,8712,12,1826,9,10438,12,66148,101,76586,113,0,168,-6,80,27,10290,0,203,170
02-25-21,Rhea,4107,7,3581,6,526,1,4008,5,24730,55,28738,60,0,73,-7,42,14,3992,0,82,73
02-25-21,Roane,5852,19,4599,16,1253,3,5107,19,39851,74,44958,93,1,96,-2,104,20,5652,0,142,97
02-25-21,Robertson,8901,10,7110,4,1791,6,8017,8,40285,94,48302,102,0,118,-4,97,14,8686,1,400,120
02-25-21,Rutherford,38035,93,33201,69,4834,24,38689,75,212714,761,251403,836,2,377,-11,379,102,37279,1,567,383
02-25-21,Scott,2851,1,1634,0,1217,1,1746,0,10702,16,12448,16,0,42,-10,34,11,2775,0,60,44
02-25-21,Sequatchie,1543,6,1241,0,302,6,1350,2,11153,14,12503,16,-2,25,1,42,7,1476,0,36,26
02-25-21,Sevier,11946,38,10556,29,1390,9,11593,31,60861,256,72454,287,0,161,9,152,29,11633,0,260,164
02-25-21,Shelby,86794,182,81003,155,5791,27,99751,190,859615,4554,959366,4744,4,1476,41,588,137,84730,9,3389,1521
02-25-21,Smith,2548,4,1958,3,590,1,2459,3,12517,27,14976,30,0,36,-1,31,5,2481,0,57,36
02-25-21,Stewart,1231,0,938,0,293,0,1061,0,6409,16,7470,16,0,24,-1,-7,1,1214,0,24,24
02-25-21,Sullivan,14223,36,12407,22,1816,14,13447,24,79518,268,92965,292,0,273,-2,199,38,13751,1,708,273
02-25-21,Sumner,21208,50,19127,28,2081,22,21641,26,110184,269,131825,295,3,315,-24,79,71,20814,1,686,318
02-25-21,Tipton,6870,15,4843,9,2027,6,5857,10,43549,160,49406,170,0,101,5,27,10,6742,2,147,99
02-25-21,Trousdale,2387,3,2258,3,129,0,2420,3,8517,17,10937,20,0,22,1,10,2,2355,0,39,22
02-25-21,Unicoi,1795,4,1399,3,396,1,1542,3,12221,38,13763,41,0,47,1,52,3,1696,1,64,47
02-25-21,Union,1710,9,1454,6,256,3,1569,7,9820,24,11389,31,1,31,2,42,6,1637,0,56,33
02-25-21,Van Buren,794,3,664,1,130,2,733,1,5024,34,5757,35,0,20,2,0,1,774,0,19,20
02-25-21,Warren,5275,4,4533,1,742,3,5124,1,30493,95,35617,96,0,75,-13,20,17,5180,0,80,77
02-25-21,Washington,12668,17,10949,9,1719,8,12089,13,75726,227,87815,240,1,232,-2,157,18,12279,0,326,233
02-25-21,Wayne,2860,0,2329,0,531,0,2561,1,10750,18,13311,19,0,30,-2,13,2,2817,0,59,30
02-25-21,Weakley,3775,4,2840,3,935,1,3249,3,20535,24,23784,27,0,59,0,-1,4,3717,0,59,60
02-25-21,White,3339,8,2775,2,564,6,3391,3,21467,40,24858,43,1,66,-9,50,16,3223,0,105,66
02-25-21,Williamson,25110,76,21516,49,3594,27,23896,54,166936,496,190832,550,0,202,7,271,69,24637,0,283,203
02-25-21,Wilson,16262,48,14786,28,1476,20,16869,30,92397,291,109266,321,2,211,8,55,38,15996,0,322,211
02-24-21,Anderson,7911,32,6049,19,1862,13,6752,23,58157,176,64909,199,0,155,15,189,17,7567,0,190,162
02-24-21,Bedford,5760,15,4641,6,1119,9,5359,6,29090,42,34449,48,0,117,7,40,8,5603,0,125,118
02-24-21,Benton,1498,0,1208,0,290,0,1334,0,8519,9,9853,9,0,39,-2,1,2,1458,0,35,39
02-24-21,Bledsoe,1984,3,1822,2,162,1,1932,2,14160,29,16092,31,0,10,-1,15,4,1959,0,32,10
02-24-21,Blount,13936,39,12076,30,1860,9,13296,34,67190,256,80486,290,2,178,-3,139,40,13619,0,312,181
02-24-21,Bradley,12733,38,10667,28,2066,10,12090,30,59569,218,71659,248,1,138,-19,272,56,12323,0,516,141
02-24-21,Campbell,3783,9,2158,1,1625,8,2422,2,23811,27,26233,29,0,58,-11,68,20,3657,1,113,60
02-24-21,Cannon,1733,1,1412,0,321,1,1576,0,8552,20,10128,20,0,28,-2,13,3,1692,0,35,29
02-24-21,Carroll,3452,0,2276,0,1176,0,2700,2,18698,26,21398,28,1,81,-3,-7,2,3378,0,78,82
02-24-21,Carter,5924,12,5188,11,736,1,5696,14,34389,140,40085,154,0,152,-4,73,16,5699,1,212,151
02-24-21,Cheatham,3862,8,3056,7,806,1,3462,10,24847,47,28309,57,0,43,-1,59,9,3760,0,77,43
02-24-21,Chester,1999,0,1449,0,550,0,1729,1,10966,71,12695,72,1,47,-2,-13,1,1965,0,39,48
02-24-21,Claiborne,2744,18,1771,9,973,9,1871,11,22046,93,23917,104,1,66,-3,157,20,2521,1,89,67
02-24-21,Clay,1064,4,735,4,329,0,841,6,5308,21,6149,27,0,30,3,10,1,1024,0,23,30
02-24-21,Cocke,3958,6,2721,1,1237,5,3007,3,19784,57,22791,60,1,92,1,31,4,3835,0,109,93
02-24-21,Coffee,6262,10,4465,7,1797,3,5464,8,42497,138,47961,146,0,114,1,40,9,6108,0,113,115
02-24-21,Crockett,1967,1,1182,0,785,1,1376,0,6948,8,8324,8,0,46,-2,3,3,1918,0,30,48
02-24-21,Cumberland,6075,20,5108,19,967,1,5850,20,45806,132,51656,152,0,117,13,81,7,5877,0,147,123
02-24-21,Davidson,80708,253,76389,234,4319,19,92826,290,849638,4814,942464,5104,6,841,14,784,233,79083,3,1860,849
02-24-21,Decatur,1528,0,1143,0,385,0,1359,0,10626,8,11985,8,2,37,-3,1,1,1490,0,37,37
02-24-21,Dekalb,2618,3,1968,3,650,0,2271,3,15894,41,18165,44,1,48,0,0,2,2570,0,53,49
02-24-21,Dickson,6159,23,4470,16,1689,7,5292,13,32343,116,37635,129,0,103,6,27,17,6029,1,116,106
02-24-21,Dyer,5219,2,3460,0,1759,2,3898,0,20633,12,24531,12,1,101,-4,19,5,5099,0,103,102
02-24-21,Fayette,4621,7,4009,3,612,4,4923,4,34362,100,39285,104,0,71,1,9,6,4541,0,120,71
02-24-21,Fentress,2282,2,1990,1,292,1,2274,1,11821,140,14095,141,0,44,1,7,1,2231,0,57,44
02-24-21,Franklin,4690,10,3956,9,734,1,4647,11,33686,216,38333,227,1,84,-4,68,13,4538,1,104,84
02-24-21,Gibson,6146,6,3728,6,2418,0,4509,5,27639,39,32148,44,0,140,-2,16,8,5990,0,103,140
02-24-21,Giles,3705,8,3106,7,599,1,3566,9,21419,44,24985,53,0,95,-1,50,9,3560,0,110,96
02-24-21,Grainger,2411,6,1823,6,588,0,2042,7,13022,70,15064,77,0,46,-1,53,7,2312,0,64,47
02-24-21,Greene,7241,11,5762,11,1479,0,6460,11,43242,307,49702,318,0,144,8,82,3,7015,0,171,145
02-24-21,Grundy,1671,11,1416,9,255,2,1622,9,7832,97,9454,106,0,30,4,37,7,1604,0,55,30
02-24-21,Hamblen,7949,15,5718,6,2231,9,6408,11,43292,105,49700,116,1,161,-5,99,19,7689,1,245,163
02-24-21,Hamilton,40011,99,34818,78,5193,21,38895,89,292702,1036,331597,1125,4,454,-5,752,100,38805,2,1069,459
02-24-21,Hancock,493,0,359,0,134,0,385,2,3633,10,4018,12,0,12,-1,2,1,479,0,19,12
02-24-21,Hardeman,3366,1,2732,1,634,0,3199,1,23635,15,26834,16,0,63,-2,-7,3,3310,0,101,63
02-24-21,Hardin,3294,6,2266,6,1028,0,2700,6,22025,25,24725,31,0,62,3,22,3,3210,1,61,63
02-24-21,Hawkins,5185,17,4265,12,920,5,4606,15,30700,221,35306,236,1,93,-8,151,24,4941,0,139,97
02-24-21,Haywood,2634,1,2212,1,422,0,2519,2,12951,17,15470,19,0,59,-3,5,4,2570,0,79,60
02-24-21,Henderson,3615,4,2522,4,1093,0,3163,5,15412,29,18575,34,0,73,0,29,4,3513,0,75,74
02-24-21,Henry,2981,2,2336,1,645,1,2697,2,16944,21,19641,23,1,75,-6,-8,7,2914,0,74,75
02-24-21,Hickman,2633,9,2150,4,483,5,2487,4,15179,41,17666,45,1,40,-1,31,9,2562,0,52,41
02-24-21,Houston,1023,2,771,1,252,1,879,1,9053,156,9932,157,0,30,2,-4,0,997,0,38,32
02-24-21,Humphreys,1515,4,1005,0,510,4,1179,0,10844,24,12023,24,0,21,2,-3,2,1497,0,31,21
02-24-21,Jackson,1244,2,979,2,265,0,1140,3,5118,23,6258,26,1,34,1,6,0,1204,0,38,33
02-24-21,Jefferson,5590,18,3931,10,1659,8,4439,10,35198,121,39637,131,0,116,0,104,18,5370,0,172,117
02-24-21,Johnson,2155,8,1931,6,224,2,2058,7,13746,137,15804,144,1,38,7,27,0,2090,0,57,38
02-24-21,Knox,45749,103,38974,73,6775,30,42554,85,295365,975,337919,1060,2,571,-26,810,127,44368,2,1272,576
02-24-21,Lake,1673,0,1488,0,185,0,1750,0,9460,2,11210,2,0,26,-2,1,2,1646,0,24,26
02-24-21,Lauderdale,3078,1,2405,0,673,1,2757,0,19651,21,22408,21,0,42,-1,16,2,3020,0,81,41
02-24-21,Lawrence,5544,4,4348,4,1196,0,4776,4,27152,58,31928,62,1,81,-10,39,13,5424,0,138,82
02-24-21,Lewis,1464,6,1141,1,323,5,1234,1,9553,25,10787,26,0,24,1,33,5,1407,0,41,24
02-24-21,Lincoln,4099,11,3210,10,889,1,3646,11,16458,62,20104,73,0,61,6,37,5,4001,0,80,60
02-24-21,Loudon,5643,16,4429,9,1214,7,4833,11,29103,138,33936,149,0,64,7,168,9,5411,0,124,66
02-24-21,Macon,3350,8,2648,5,702,3,3113,8,14467,83,17580,91,0,73,3,38,5,3239,0,118,73
02-24-21,Madison,10056,13,5635,9,4421,4,6870,9,51437,90,58307,99,1,226,1,-613,11,10443,2,332,228
02-24-21,Marion,2914,14,2514,13,400,1,2802,13,17163,106,19965,119,0,44,10,47,4,2823,1,108,45
02-24-21,Marshall,3883,9,3139,7,744,2,3539,8,21695,36,25234,44,0,54,1,41,8,3788,0,86,56
02-24-21,Maury,12141,20,10849,11,1292,9,11966,11,68038,136,80004,147,1,159,-7,33,26,11949,0,275,160
02-24-21,McMinn,5877,27,5276,26,601,1,5807,31,38967,167,44774,198,0,89,11,141,16,5647,0,144,93
02-24-21,McNairy,2649,8,1881,8,768,0,2294,10,17116,111,19410,121,0,51,4,-16,4,2614,0,62,53
02-24-21,Meigs,1254,3,1143,2,111,1,1269,3,7394,20,8663,23,1,21,2,6,0,1227,0,38,21
02-24-21,Monroe,5282,25,4218,20,1064,5,4740,19,24856,87,29596,106,1,89,10,143,14,5050,0,144,91
02-24-21,Montgomery,17253,56,12731,41,4522,15,13984,42,102227,438,116211,480,0,207,-11,1,67,17045,0,294,212
02-24-21,Moore,938,3,733,1,205,2,830,2,4546,11,5376,13,0,16,1,8,2,914,0,16,16
02-24-21,Morgan,2284,2,1713,2,571,0,1851,3,14213,46,16064,49,1,37,-4,18,5,2229,0,35,37
02-24-21,Obion,4353,2,3242,2,1111,0,3671,2,21000,33,24671,35,0,94,-2,8,4,4251,1,97,94
02-24-21,Out of State,16280,36,13073,31,3207,5,14723,33,569111,2145,583834,2178,1,91,-12,98,47,16091,0,198,87
02-24-21,Overton,2839,2,2150,2,689,0,2529,2,14018,54,16547,56,0,57,0,34,2,2748,0,63,58
02-24-21,Pending,15058,32,9843,24,5215,8,10931,27,368107,1401,379038,1428,-1,125,-21,-52,54,14985,0,133,126
02-24-21,Perry,1025,2,886,2,139,0,995,3,5837,10,6832,13,0,27,2,-10,0,1008,0,28,28
02-24-21,Pickett,743,0,492,0,251,0,593,0,3506,46,4099,46,0,23,-1,5,1,715,0,28,23
02-24-21,Polk,1743,9,1591,9,152,0,1758,9,8548,39,10306,48,0,21,0,81,9,1641,0,64,22
02-24-21,Putnam,10517,20,8700,17,1817,3,10426,20,66047,316,76473,336,1,168,7,86,12,10263,0,203,169
02-24-21,Rhea,4100,7,3575,5,525,2,4003,5,24675,157,28678,162,1,73,-1,49,7,3978,0,82,73
02-24-21,Roane,5833,23,4583,18,1250,5,5088,20,39777,257,44865,277,0,95,9,106,14,5632,0,142,97
02-24-21,Robertson,8891,21,7106,18,1785,3,8009,23,40191,110,48200,133,1,118,-4,101,24,8672,1,399,120
02-24-21,Rutherford,37942,112,33132,76,4810,36,38614,84,211953,690,250567,774,4,375,-15,390,123,37177,1,566,383
02-24-21,Scott,2850,4,1634,2,1216,2,1746,5,10686,38,12432,43,0,42,-5,44,9,2764,0,60,43
02-24-21,Sequatchie,1537,2,1241,1,296,1,1348,1,11139,25,12487,26,0,27,-1,41,3,1469,0,36,26
02-24-21,Sevier,11908,45,10527,28,1381,17,11562,27,60605,255,72167,282,1,161,21,143,23,11604,2,260,164
02-24-21,Shelby,86612,222,80848,185,5764,37,99561,235,855061,3002,954622,3237,21,1472,3,547,198,84593,10,3380,1519
02-24-21,Smith,2544,15,1955,6,589,9,2456,9,12490,26,14946,35,0,36,11,32,4,2476,0,57,36
02-24-21,Stewart,1231,2,938,1,293,1,1061,2,6393,10,7454,12,0,24,-3,-6,5,1213,0,24,24
02-24-21,Sullivan,14187,65,12385,55,1802,10,13423,58,79250,418,92673,476,0,273,27,201,38,13713,0,707,273
02-24-21,Sumner,21158,40,19099,25,2059,15,21615,30,109915,405,131530,435,0,312,-22,103,62,20743,1,685,318
02-24-21,Tipton,6855,10,4834,7,2021,3,5847,5,43389,115,49236,120,2,101,-1,22,9,6732,0,145,99
02-24-21,Trousdale,2384,6,2255,4,129,2,2417,4,8500,19,10917,23,0,22,6,9,0,2353,0,39,22
02-24-21,Unicoi,1791,5,1396,4,395,1,1539,4,12183,39,13722,43,0,47,3,51,2,1693,0,63,47
02-24-21,Union,1701,14,1448,11,253,3,1562,12,9796,26,11358,38,0,30,11,40,3,1631,1,56,32
02-24-21,Van Buren,791,0,663,0,128,0,732,1,4990,5,5722,6,0,20,0,-2,0,773,0,19,20
02-24-21,Warren,5271,5,4532,5,739,0,5123,6,30398,88,35521,94,0,75,0,33,5,5163,1,80,77
02-24-21,Washington,12651,29,10940,23,1711,6,12076,27,75499,330,87575,357,0,231,8,159,21,12261,2,326,233
02-24-21,Wayne,2860,2,2329,1,531,1,2560,2,10732,20,13292,22,0,30,-6,15,8,2815,0,59,30
02-24-21,Weakley,3771,3,2837,1,934,2,3246,4,20511,25,23757,29,0,59,-3,-1,6,3713,0,59,60
02-24-21,White,3331,7,2773,7,558,0,3388,7,21427,60,24815,67,0,65,-1,59,8,3207,1,105,66
02-24-21,Williamson,25034,56,21467,39,3567,17,23842,50,166440,448,190282,498,0,202,-38,264,94,24568,0,283,203
02-24-21,Wilson,16214,50,14758,44,1456,6,16839,50,92106,229,108945,279,1,209,2,47,47,15958,1,322,210
02-23-21,Anderson,7879,24,6030,9,1849,15,6729,8,57981,141,64710,149,2,155,-2,174,24,7550,0,190,162
02-23-21,Bedford,5745,8,4635,3,1110,5,5353,3,29048,42,34401,45,0,117,-7,33,15,5595,0,125,118
02-23-21,Benton,1498,2,1208,0,290,2,1334,0,8510,5,9844,5,0,39,-3,3,5,1456,0,35,39
02-23-21,Bledsoe,1981,3,1820,1,161,2,1930,1,14131,16,16061,17,0,10,-8,16,11,1955,0,32,10
02-23-21,Blount,13897,20,12046,13,1851,7,13262,14,66934,151,80196,165,1,176,-18,142,37,13579,1,312,180
02-23-21,Bradley,12695,62,10639,29,2056,33,12060,31,59351,101,71411,132,0,137,6,291,56,12267,3,516,140
02-23-21,Campbell,3774,5,2157,3,1617,2,2420,4,23784,26,26204,30,0,58,-1,79,6,3637,0,112,60
02-23-21,Cannon,1732,3,1412,1,320,2,1576,1,8532,15,10108,16,0,28,0,15,3,1689,1,35,29
02-23-21,Carroll,3452,2,2276,1,1176,1,2698,0,18672,18,21370,18,0,80,-2,-4,4,3376,0,78,82
02-23-21,Carter,5912,6,5177,3,735,3,5682,3,34249,59,39931,62,1,152,-9,77,14,5683,1,211,151
02-23-21,Cheatham,3854,12,3049,6,805,6,3452,7,24800,49,28252,56,0,43,7,60,5,3751,0,77,43
02-23-21,Chester,1999,2,1449,1,550,1,1728,1,10895,9,12623,10,0,46,-4,-11,6,1964,0,39,48
02-23-21,Claiborne,2726,22,1762,11,964,11,1860,7,21953,69,23813,76,1,65,-1,160,22,2501,1,88,66
02-23-21,Clay,1060,3,731,1,329,2,835,1,5287,6,6122,7,0,30,-1,7,4,1023,0,23,30
02-23-21,Cocke,3952,5,2720,0,1232,5,3004,0,19727,107,22731,107,0,91,-4,30,9,3831,0,109,93
02-23-21,Coffee,6252,16,4458,4,1794,12,5456,4,42359,57,47815,61,0,114,-2,39,18,6099,1,113,115
02-23-21,Crockett,1966,3,1182,1,784,2,1376,1,6940,5,8316,6,0,46,-1,5,4,1915,0,30,48
02-23-21,Cumberland,6055,10,5089,2,966,8,5830,2,45674,65,51504,67,1,117,-4,68,13,5870,0,147,123
02-23-21,Davidson,80455,207,76155,148,4300,59,92536,173,844824,3280,937360,3453,2,835,-37,770,242,78850,3,1857,846
02-23-21,Decatur,1528,1,1143,0,385,1,1359,0,10618,4,11977,4,0,35,0,4,1,1489,0,37,37
02-23-21,Dekalb,2615,2,1965,0,650,2,2268,0,15853,14,18121,14,0,47,-7,0,9,2568,0,53,49
02-23-21,Dickson,6136,31,4454,13,1682,18,5279,11,32227,109,37506,120,1,103,13,21,17,6012,0,115,106
02-23-21,Dyer,5217,1,3460,1,1757,0,3898,2,20621,26,24519,28,1,100,-10,23,10,5094,0,103,102
02-23-21,Fayette,4614,3,4006,3,608,0,4919,3,34262,72,39181,75,0,71,-5,8,8,4535,0,120,70
02-23-21,Fentress,2280,0,1989,0,291,0,2273,0,11681,20,13954,20,1,44,-2,6,1,2230,0,57,44
02-23-21,Franklin,4680,4,3947,1,733,3,4636,1,33470,22,38106,23,3,83,-18,72,19,4525,0,103,84
02-23-21,Gibson,6140,9,3722,2,2418,7,4504,4,27600,20,32104,24,1,140,0,18,8,5982,0,103,140
02-23-21,Giles,3697,7,3099,5,598,2,3557,4,21375,31,24932,35,0,95,-8,51,15,3551,0,110,96
02-23-21,Grainger,2405,3,1817,2,588,1,2035,4,12952,20,14987,24,0,46,-2,54,5,2305,0,64,47
02-23-21,Greene,7230,5,5751,0,1479,5,6449,1,42935,92,49384,93,1,144,-15,74,19,7012,0,171,145
02-23-21,Grundy,1660,6,1407,4,253,2,1613,3,7735,5,9348,8,1,30,-13,33,18,1597,0,55,30
02-23-21,Hamblen,7934,25,5712,8,2222,17,6397,6,43187,52,49584,58,0,160,-2,104,27,7670,2,244,163
02-23-21,Hamilton,39912,117,34740,82,5172,35,38806,88,291666,392,330472,480,7,450,33,757,77,38705,2,1067,459
02-23-21,Hancock,493,0,359,0,134,0,383,0,3623,1,4006,1,1,12,-3,3,2,478,0,19,12
02-23-21,Hardeman,3365,0,2731,0,634,0,3198,1,23620,11,26818,12,0,63,-5,-5,5,3307,0,101,63
02-23-21,Hardin,3288,4,2260,1,1028,3,2694,1,22000,12,24694,13,0,62,2,19,2,3207,0,60,63
02-23-21,Hawkins,5168,18,4253,12,915,6,4591,11,30479,111,35070,122,0,92,6,159,12,4917,2,139,96
02-23-21,Haywood,2633,1,2211,1,422,0,2517,1,12934,15,15451,16,0,59,-3,8,4,2566,1,79,60
02-23-21,Henderson,3611,5,2518,2,1093,3,3158,3,15383,9,18541,12,2,73,-4,29,7,3509,0,75,74
02-23-21,Henry,2979,6,2335,4,644,2,2695,4,16923,26,19618,30,1,74,-2,-2,7,2907,0,74,75
02-23-21,Hickman,2624,5,2146,3,478,2,2483,3,15138,28,17621,31,0,39,2,32,3,2553,0,52,41
02-23-21,Houston,1021,2,770,2,251,0,878,1,8897,3,9775,4,0,30,0,-6,2,997,0,38,32
02-23-21,Humphreys,1511,3,1005,1,506,2,1179,1,10820,15,11999,16,0,21,-1,-5,4,1495,0,31,21
02-23-21,Jackson,1242,1,977,1,265,0,1137,1,5095,5,6232,6,0,33,-3,5,4,1204,0,38,33
02-23-21,Jefferson,5572,12,3921,4,1651,8,4429,5,35077,52,39506,57,0,116,-4,104,16,5352,0,172,117
02-23-21,Johnson,2147,7,1925,2,222,5,2051,2,13609,15,15660,17,0,37,7,20,0,2090,0,57,38
02-23-21,Knox,45646,122,38901,68,6745,54,42469,80,294390,741,336859,821,5,569,-31,836,148,44241,6,1270,575
02-23-21,Lake,1673,1,1488,1,185,0,1750,2,9458,2,11208,4,0,26,1,3,0,1644,0,24,26
02-23-21,Lauderdale,3077,6,2405,5,672,1,2757,5,19630,21,22387,26,0,42,-2,17,8,3018,0,81,41
02-23-21,Lawrence,5540,4,4344,3,1196,1,4772,3,27094,48,31866,51,0,80,-20,49,24,5411,0,138,82
02-23-21,Lewis,1458,5,1140,0,318,5,1233,0,9528,13,10761,13,0,24,3,32,2,1402,0,41,24
02-23-21,Lincoln,4088,5,3200,4,888,1,3635,4,16396,12,20031,16,0,61,-3,31,8,3996,0,80,60
02-23-21,Loudon,5627,18,4420,4,1207,14,4822,4,28965,37,33787,41,0,64,-10,161,28,5402,0,124,66
02-23-21,Macon,3342,3,2643,0,699,3,3105,0,14384,31,17489,31,0,73,-5,35,8,3234,0,118,73
02-23-21,Madison,10043,25,5626,11,4417,14,6861,10,51347,38,58208,48,0,225,-5,-614,30,10432,2,330,228
02-23-21,Marion,2900,9,2501,4,399,5,2789,4,17057,38,19846,42,0,44,3,37,6,2819,0,107,45
02-23-21,Marshall,3874,6,3132,2,742,4,3531,2,21659,30,25190,32,0,54,-5,40,11,3780,0,86,54
02-23-21,Maury,12121,21,10838,13,1283,8,11955,15,67902,103,79857,118,0,158,-26,40,47,11923,0,275,160
02-23-21,McMinn,5850,15,5250,13,600,2,5776,12,38800,44,44576,56,0,89,-1,130,16,5631,0,144,93
02-23-21,McNairy,2641,9,1873,7,768,2,2284,7,17005,7,19289,14,1,51,7,-20,1,2610,0,62,53
02-23-21,Meigs,1251,1,1141,1,110,0,1266,1,7374,18,8640,19,0,20,-8,4,9,1227,0,38,21
02-23-21,Monroe,5257,20,4198,8,1059,12,4721,7,24769,32,29490,39,0,88,9,133,11,5036,0,144,91
02-23-21,Montgomery,17197,44,12690,23,4507,21,13942,24,101789,206,115731,230,2,207,-23,12,65,16978,0,294,212
02-23-21,Moore,935,1,732,1,203,0,828,2,4535,7,5363,9,0,16,-2,7,3,912,0,16,16
02-23-21,Morgan,2282,3,1711,0,571,3,1848,0,14167,14,16015,14,0,36,-1,22,4,2224,0,35,37
02-23-21,Obion,4351,2,3240,2,1111,0,3669,2,20967,39,24636,41,2,94,-7,10,7,4247,0,96,94
02-23-21,Out of State,16244,51,13042,42,3202,9,14690,47,566966,1861,581656,1908,-4,90,10,110,45,16044,2,198,86
02-23-21,Overton,2837,6,2148,2,689,4,2527,3,13964,15,16491,18,0,57,1,34,5,2746,0,63,58
02-23-21,Pending,15026,31,9819,15,5207,16,10904,21,366706,910,377610,931,1,126,-33,-31,63,14931,0,133,126
02-23-21,Perry,1023,2,884,1,139,1,992,1,5827,5,6819,6,0,27,1,-12,1,1008,0,28,28
02-23-21,Pickett,743,1,492,1,251,0,593,1,3460,6,4053,7,0,23,-2,6,3,714,0,28,23
02-23-21,Polk,1734,7,1582,5,152,2,1749,7,8509,16,10258,23,0,21,-2,81,9,1632,1,64,22
02-23-21,Putnam,10497,13,8683,7,1814,6,10406,7,65731,64,76137,71,0,167,-13,79,26,10251,1,203,169
02-23-21,Rhea,4093,6,3570,5,523,1,3998,5,24518,27,28516,32,0,72,-1,50,7,3971,0,82,73
02-23-21,Roane,5810,14,4565,7,1245,7,5068,8,39520,35,44588,43,0,95,-16,97,30,5618,1,142,97
02-23-21,Robertson,8870,21,7088,13,1782,8,7986,12,40081,63,48067,75,2,117,-1,105,20,8648,2,398,120
02-23-21,Rutherford,37830,126,33056,74,4774,52,38530,77,211263,464,249793,541,1,371,12,405,113,37054,1,565,383
02-23-21,Scott,2846,3,1632,1,1214,2,1741,1,10648,26,12389,27,2,42,-13,49,14,2755,0,60,43
02-23-21,Sequatchie,1535,2,1240,2,295,0,1347,2,11114,9,12461,11,0,27,-8,42,10,1466,1,36,26
02-23-21,Sevier,11863,23,10499,13,1364,10,11535,14,60350,97,71885,111,1,160,-13,122,35,11581,3,258,164
02-23-21,Shelby,86390,217,80663,183,5727,34,99326,211,852059,3528,951385,3739,0,1451,-11,544,228,84395,1,3370,1516
02-23-21,Smith,2529,10,1949,2,580,8,2447,2,12464,15,14911,17,0,36,8,21,2,2472,0,57,36
02-23-21,Stewart,1229,2,937,1,292,1,1059,2,6383,16,7442,18,0,24,-1,-3,3,1208,0,24,24
02-23-21,Sullivan,14122,28,12330,19,1792,9,13365,22,78832,158,92197,180,2,273,-10,174,36,13675,2,707,272
02-23-21,Sumner,21118,60,19074,38,2044,22,21585,42,109510,318,131095,360,0,312,12,125,48,20681,1,684,318
02-23-21,Tipton,6845,15,4827,5,2018,10,5842,7,43274,150,49116,157,0,99,-8,23,23,6723,0,145,99
02-23-21,Trousdale,2378,2,2251,1,127,1,2413,1,8481,9,10894,10,1,22,-3,3,4,2353,0,39,22
02-23-21,Unicoi,1786,2,1392,0,394,2,1535,1,12144,14,13679,15,0,47,1,48,1,1691,0,63,47
02-23-21,Union,1687,10,1437,7,250,3,1550,7,9770,12,11320,19,0,30,-1,29,11,1628,0,55,31
02-23-21,Van Buren,791,1,663,0,128,1,731,0,4985,2,5716,2,0,20,1,-2,0,773,0,19,20
02-23-21,Warren,5266,4,4527,1,739,3,5117,2,30310,76,35427,78,0,75,-1,33,5,5158,0,79,77
02-23-21,Washington,12622,16,10917,11,1705,5,12049,12,75169,129,87218,141,1,231,-21,151,36,12240,0,324,233
02-23-21,Wayne,2858,1,2328,1,530,0,2558,1,10712,9,13270,10,0,30,-3,21,4,2807,0,59,30
02-23-21,Weakley,3768,4,2836,4,932,0,3242,7,20486,18,23728,25,0,59,3,2,1,3707,0,59,60
02-23-21,White,3324,8,2766,3,558,5,3381,3,21367,26,24748,29,0,65,3,60,5,3199,0,104,65
02-23-21,Williamson,24978,83,21428,53,3550,30,23792,57,165992,433,189784,490,0,202,-14,302,97,24474,0,283,202
02-23-21,Wilson,16164,64,14714,49,1450,15,16789,53,91877,231,108666,284,0,208,9,45,55,15911,2,321,210
02-22-21,Anderson,7855,5,6021,2,1834,3,6721,5,57840,37,64561,42,1,153,-17,176,21,7526,0,190,160
02-22-21,Bedford,5737,6,4632,3,1105,3,5350,4,29006,22,34356,26,0,117,-3,40,9,5580,0,125,118
02-22-21,Benton,1496,0,1208,0,288,0,1334,0,8505,1,9839,1,0,39,-5,6,5,1451,0,35,39
02-22-21,Bledsoe,1978,1,1819,0,159,1,1929,0,14115,2,16044,2,0,10,-8,24,9,1944,0,32,10
02-22-21,Blount,13877,23,12033,8,1844,15,13248,9,66783,43,80031,52,0,175,-28,160,51,13542,1,311,180
02-22-21,Bradley,12633,16,10610,6,2023,10,12029,11,59250,64,71279,75,0,137,-38,285,54,12211,1,513,140
02-22-21,Campbell,3769,16,2154,2,1615,14,2416,3,23758,13,26174,16,0,58,-2,80,18,3631,0,112,60
02-22-21,Cannon,1729,0,1411,0,318,0,1575,0,8517,7,10092,7,0,28,0,15,0,1686,0,34,28
02-22-21,Carroll,3450,8,2275,1,1175,7,2698,1,18654,5,21352,6,0,80,5,-2,3,3372,0,78,82
02-22-21,Carter,5906,10,5174,9,732,1,5679,11,34190,22,39869,33,1,151,0,86,9,5669,0,210,151
02-22-21,Cheatham,3842,5,3043,4,799,1,3445,4,24751,18,28196,22,0,43,-6,53,11,3746,0,77,43
02-22-21,Chester,1997,0,1448,0,549,0,1727,0,10886,3,12613,3,0,46,-4,-7,4,1958,0,39,48
02-22-21,Claiborne,2704,2,1751,0,953,2,1853,0,21884,11,23737,11,0,64,-17,161,19,2479,0,87,66
02-22-21,Clay,1057,2,730,1,327,1,834,1,5281,1,6115,2,0,30,-3,8,5,1019,0,23,30
02-22-21,Cocke,3947,5,2720,4,1227,1,3004,3,19620,10,22624,13,0,91,-6,34,11,3822,0,109,93
02-22-21,Coffee,6236,12,4454,4,1782,8,5452,4,42302,29,47754,33,0,114,-11,41,23,6081,0,112,115
02-22-21,Crockett,1963,0,1181,0,782,0,1375,0,6935,3,8310,3,0,46,-1,6,1,1911,0,30,48
02-22-21,Cumberland,6045,4,5087,3,958,1,5828,3,45609,12,51437,15,0,116,-7,72,11,5857,1,147,123
02-22-21,Davidson,80248,85,76007,62,4241,23,92363,78,841544,1006,933907,1084,3,833,-207,807,289,78608,0,1854,845
02-22-21,Decatur,1527,0,1143,0,384,0,1359,0,10614,0,11973,0,0,35,-3,4,3,1488,0,37,37
02-22-21,Dekalb,2613,1,1965,1,648,0,2268,2,15839,5,18107,7,0,47,-8,7,9,2559,0,53,49
02-22-21,Dickson,6105,12,4441,5,1664,7,5268,6,32118,24,37386,30,0,102,-6,8,18,5995,0,115,106
02-22-21,Dyer,5216,3,3459,1,1757,2,3896,2,20595,5,24491,7,0,99,-3,33,6,5084,0,103,101
02-22-21,Fayette,4611,2,4003,0,608,2,4916,0,34190,21,39106,21,0,71,-6,13,8,4527,0,120,70
02-22-21,Fentress,2280,1,1989,1,291,0,2273,1,11661,8,13934,9,0,43,-3,8,4,2229,0,57,44
02-22-21,Franklin,4676,10,3946,8,730,2,4635,12,33448,35,38083,47,0,80,-4,90,14,4506,0,103,84
02-22-21,Gibson,6131,4,3720,0,2411,4,4500,1,27580,7,32080,8,0,139,-15,18,19,5974,0,103,140
02-22-21,Giles,3690,8,3094,2,596,6,3553,2,21344,12,24897,14,0,95,-13,59,21,3536,0,110,96
02-22-21,Grainger,2402,3,1815,1,587,2,2031,1,12932,12,14963,13,0,46,-7,56,10,2300,0,64,47
02-22-21,Greene,7225,1,5751,0,1474,1,6448,0,42843,38,49291,38,0,143,-17,89,18,6993,0,171,145
02-22-21,Grundy,1654,5,1403,1,251,4,1610,1,7730,6,9340,7,0,29,-1,46,6,1579,1,55,30
02-22-21,Hamblen,7909,8,5704,3,2205,5,6391,4,43135,27,49526,31,-1,160,-16,106,25,7643,0,242,163
02-22-21,Hamilton,39795,72,34658,56,5137,16,38718,69,291274,339,329992,408,1,443,-31,724,102,38628,2,1065,459
02-22-21,Hancock,493,2,359,0,134,2,383,0,3622,3,4005,3,0,11,2,6,0,476,0,19,12
02-22-21,Hardeman,3365,3,2731,1,634,2,3197,1,23609,7,26806,8,0,63,0,0,3,3302,0,101,63
02-22-21,Hardin,3284,3,2259,1,1025,2,2693,1,21988,12,24681,13,0,62,-4,17,7,3205,0,60,63
02-22-21,Hawkins,5150,11,4241,4,909,7,4580,5,30368,20,34948,25,0,92,-20,153,31,4905,0,137,96
02-22-21,Haywood,2632,1,2210,0,422,1,2516,0,12919,5,15435,5,0,59,-1,11,2,2562,0,78,60
02-22-21,Henderson,3606,3,2516,1,1090,2,3155,1,15374,2,18529,3,0,71,-2,33,5,3502,0,75,74
02-22-21,Henry,2973,3,2331,3,642,0,2691,3,16897,10,19588,13,0,73,-5,0,8,2900,0,74,75
02-22-21,Hickman,2619,4,2143,2,476,2,2480,2,15110,9,17590,11,0,39,-2,30,6,2550,0,52,41
02-22-21,Houston,1019,0,768,0,251,0,877,0,8894,1,9771,1,0,30,-3,-6,3,995,0,38,31
02-22-21,Humphreys,1508,4,1004,1,504,3,1178,1,10805,2,11983,3,0,21,3,-4,1,1491,0,31,21
02-22-21,Jackson,1241,1,976,1,265,0,1136,1,5090,1,6226,2,0,33,0,8,1,1200,0,38,33
02-22-21,Jefferson,5560,14,3917,3,1643,11,4424,3,35025,23,39449,26,1,116,-5,108,18,5336,1,172,116
02-22-21,Johnson,2140,3,1923,0,217,3,2049,0,13594,3,15643,3,0,37,2,13,1,2090,0,57,38
02-22-21,Knox,45524,59,38833,29,6691,30,42389,35,293649,309,336038,344,3,564,-113,867,169,44093,3,1264,573
02-22-21,Lake,1672,0,1487,0,185,0,1748,0,9456,1,11204,1,0,26,0,2,0,1644,0,24,26
02-22-21,Lauderdale,3071,2,2400,2,671,0,2752,4,19609,10,22361,14,0,42,0,19,2,3010,0,81,41
02-22-21,Lawrence,5536,5,4341,1,1195,4,4769,1,27046,33,31815,34,0,80,-8,69,13,5387,0,138,82
02-22-21,Lewis,1453,7,1140,1,313,6,1233,1,9515,3,10748,4,0,24,0,29,7,1400,0,41,24
02-22-21,Lincoln,4083,4,3196,2,887,2,3631,2,16384,9,20015,11,0,61,-3,34,7,3988,1,80,60
02-22-21,Loudon,5609,13,4416,5,1193,8,4818,3,28928,41,33746,44,0,64,-6,171,19,5374,1,124,66
02-22-21,Macon,3339,17,2643,11,696,6,3105,14,14353,4,17458,18,0,73,13,40,4,3226,1,118,73
02-22-21,Madison,10018,16,5615,6,4403,10,6851,7,51309,19,58160,26,0,225,-1,-609,17,10402,0,328,228
02-22-21,Marion,2891,9,2497,6,394,3,2785,5,17019,15,19804,20,0,44,3,34,6,2813,3,107,45
02-22-21,Marshall,3868,2,3130,2,738,0,3529,2,21629,14,25158,16,0,54,-7,45,9,3769,0,86,54
02-22-21,Maury,12100,20,10825,13,1275,7,11940,13,67799,68,79739,81,1,158,-7,66,26,11876,0,275,159
02-22-21,McMinn,5835,6,5237,5,598,1,5764,3,38756,30,44520,33,0,89,-13,131,19,5615,0,144,93
02-22-21,McNairy,2632,3,1866,3,766,0,2277,3,16998,6,19275,9,1,50,0,-27,2,2609,0,62,53
02-22-21,Meigs,1250,1,1140,1,110,0,1265,1,7356,6,8621,7,0,20,-1,12,2,1218,0,38,21
02-22-21,Monroe,5237,10,4190,9,1047,1,4714,11,24737,32,29451,43,0,88,-13,124,23,5025,0,144,91
02-22-21,Montgomery,17153,19,12667,9,4486,10,13918,9,101583,154,115501,163,0,205,-50,35,69,16913,0,294,210
02-22-21,Moore,934,2,731,2,203,0,826,1,4528,6,5354,7,1,16,0,9,1,909,0,16,16
02-22-21,Morgan,2279,1,1711,0,568,1,1848,1,14153,9,16001,10,0,36,-2,23,3,2220,1,35,37
02-22-21,Obion,4349,1,3238,0,1111,1,3667,0,20928,10,24595,10,0,92,-2,17,3,4240,0,96,94
02-22-21,Out of State,16193,15,13000,12,3193,3,14643,15,565105,516,579748,531,1,94,-41,100,55,15999,1,196,85
02-22-21,Overton,2831,2,2146,0,685,2,2524,0,13949,2,16473,2,0,57,0,33,2,2741,0,63,58
02-22-21,Pending,14995,33,9804,14,5191,19,10883,13,365796,331,376679,344,-1,125,-12,2,46,14868,3,133,126
02-22-21,Perry,1021,1,883,1,138,0,991,1,5822,2,6813,3,0,27,-2,-13,3,1007,0,28,28
02-22-21,Pickett,742,2,491,0,251,2,592,0,3454,2,4046,2,0,23,1,8,1,711,0,28,23
02-22-21,Polk,1727,3,1577,3,150,0,1742,3,8493,11,10235,14,0,21,-2,83,5,1623,0,63,22
02-22-21,Putnam,10484,22,8676,8,1808,14,10399,11,65667,32,76066,43,0,167,10,92,12,10225,2,202,169
02-22-21,Rhea,4087,4,3565,2,522,2,3993,2,24491,28,28484,30,0,72,-7,51,11,3964,1,82,73
02-22-21,Roane,5796,6,4558,2,1238,4,5060,3,39485,24,44545,27,0,95,-23,113,29,5588,0,141,97
02-22-21,Robertson,8849,14,7075,4,1774,10,7974,3,40018,21,47992,24,1,115,-19,106,32,8628,1,396,120
02-22-21,Rutherford,37704,71,32982,46,4722,25,38453,48,210799,235,249252,283,2,370,-60,393,129,36941,2,564,381
02-22-21,Scott,2843,3,1631,0,1212,3,1740,1,10622,4,12362,5,0,40,-11,62,14,2741,0,60,43
02-22-21,Sequatchie,1533,1,1238,1,295,0,1345,1,11105,4,12450,5,0,27,-2,50,3,1456,0,35,26
02-22-21,Sevier,11840,23,10486,13,1354,10,11521,13,60253,55,71774,68,0,159,-23,135,46,11546,0,255,164
02-22-21,Shelby,86173,120,80480,95,5693,25,99115,119,848531,781,947646,900,0,1451,-143,555,263,84167,6,3369,1513
02-22-21,Smith,2519,3,1947,2,572,1,2445,3,12449,6,14894,9,0,36,-1,13,4,2470,0,57,36
02-22-21,Stewart,1227,0,936,0,291,0,1057,0,6367,4,7424,4,0,24,-7,-2,7,1205,0,24,24
02-22-21,Sullivan,14094,8,12311,3,1783,5,13343,4,78674,50,92017,54,1,271,-28,184,35,13639,1,705,272
02-22-21,Sumner,21058,24,19036,8,2022,16,21543,9,109192,90,130735,99,0,312,-45,113,69,20633,1,683,316
02-22-21,Tipton,6830,7,4822,4,2008,3,5835,4,43124,51,48959,55,0,99,-3,31,10,6700,0,145,99
02-22-21,Trousdale,2376,0,2250,0,126,0,2412,1,8472,3,10884,4,0,21,-1,6,1,2349,0,39,22
02-22-21,Unicoi,1784,3,1392,2,392,1,1534,2,12130,12,13664,14,0,47,0,47,3,1690,0,63,47
02-22-21,Union,1677,1,1430,1,247,0,1543,1,9758,4,11301,5,0,30,-7,30,8,1617,0,55,31
02-22-21,Van Buren,790,1,663,0,127,1,731,0,4983,44,5714,44,0,20,1,-3,0,773,0,19,20
02-22-21,Warren,5262,7,4526,5,736,2,5115,5,30234,15,35349,20,2,75,-1,34,6,5153,0,79,77
02-22-21,Washington,12606,13,10906,9,1700,4,12037,11,75040,85,87077,96,0,230,-14,172,27,12204,2,324,233
02-22-21,Wayne,2857,2,2327,1,530,1,2557,1,10703,8,13260,9,0,30,-1,24,3,2803,0,59,30
02-22-21,Weakley,3764,2,2832,1,932,1,3235,1,20468,6,23703,7,0,59,-7,-1,9,3706,0,59,60
02-22-21,White,3316,10,2763,2,553,8,3378,3,21341,16,24719,19,0,65,4,57,6,3194,0,104,65
02-22-21,Williamson,24895,60,21375,37,3520,23,23735,38,165559,195,189294,233,0,202,-70,316,130,24377,0,283,202
02-22-21,Wilson,16100,17,14665,13,1435,4,16736,14,91646,98,108382,112,2,208,-26,36,41,15856,0,319,209
02-21-21,Anderson,7850,12,6019,7,1831,5,6716,7,57803,65,64519,72,2,152,-1,193,11,7505,1,190,159
02-21-21,Bedford,5731,2,4629,1,1102,1,5346,1,28984,25,34330,26,0,117,1,43,1,5571,0,125,118
02-21-21,Benton,1496,1,1208,1,288,0,1334,1,8504,3,9838,4,0,39,0,11,1,1446,0,35,39
02-21-21,Bledsoe,1977,1,1819,1,158,0,1929,1,14113,16,16042,17,0,10,0,32,1,1935,0,32,10
02-21-21,Blount,13854,14,12025,11,1829,3,13239,12,66740,76,79979,88,0,175,-8,188,22,13491,0,310,179
02-21-21,Bradley,12617,23,10604,16,2013,7,12018,20,59186,121,71204,141,0,137,-3,323,26,12157,0,512,140
02-21-21,Campbell,3753,2,2152,2,1601,0,2413,2,23745,29,26158,31,1,58,-5,82,6,3613,0,112,60
02-21-21,Cannon,1729,1,1411,0,318,1,1575,0,8510,7,10085,7,0,28,1,15,0,1686,0,34,28
02-21-21,Carroll,3442,0,2274,0,1168,0,2697,0,18649,11,21346,11,0,80,-5,-7,5,3369,0,78,82
02-21-21,Carter,5896,4,5165,3,731,1,5668,3,34168,94,39836,97,0,150,-3,86,7,5660,0,210,150
02-21-21,Cheatham,3837,6,3039,5,798,1,3441,5,24733,14,28174,19,0,43,0,59,6,3735,0,77,43
02-21-21,Chester,1997,1,1448,0,549,1,1727,0,10883,2,12610,2,0,46,0,-3,1,1954,0,39,48
02-21-21,Claiborne,2702,12,1751,6,951,6,1853,7,21873,22,23726,29,0,64,5,178,7,2460,0,87,66
02-21-21,Clay,1055,0,729,0,326,0,833,0,5280,3,6113,3,0,30,0,11,0,1014,0,23,30
02-21-21,Cocke,3942,5,2716,3,1226,2,3001,5,19610,31,22611,36,0,91,0,40,5,3811,0,109,93
02-21-21,Coffee,6224,7,4450,4,1774,3,5448,4,42273,23,47721,27,0,114,-4,52,11,6058,0,112,115
02-21-21,Crockett,1963,2,1181,0,782,2,1375,0,6932,3,8307,3,0,46,-3,7,5,1910,0,30,48
02-21-21,Cumberland,6041,4,5084,0,957,4,5825,1,45597,45,51422,46,1,116,-3,79,6,5846,0,146,122
02-21-21,Davidson,80163,104,75945,78,4218,26,92285,101,840538,791,932823,892,1,830,-6,1014,109,78319,0,1854,844
02-21-21,Decatur,1527,0,1143,0,384,0,1359,0,10614,4,11973,4,0,35,-2,7,2,1485,0,37,37
02-21-21,Dekalb,2612,2,1964,1,648,1,2266,1,15834,14,18100,15,0,47,2,15,0,2550,0,53,48
02-21-21,Dickson,6093,2,4436,0,1657,2,5262,2,32094,25,37356,27,0,102,-3,14,5,5977,0,115,106
02-21-21,Dyer,5213,3,3458,0,1755,3,3894,1,20590,6,24484,7,0,99,0,36,3,5078,0,103,101
02-21-21,Fayette,4609,1,4003,0,606,1,4916,0,34169,21,39085,21,0,71,-4,19,5,4519,0,120,70
02-21-21,Fentress,2279,1,1988,0,291,1,2272,0,11653,6,13925,6,0,43,1,11,0,2225,0,57,44
02-21-21,Franklin,4666,5,3938,4,728,1,4623,6,33413,42,38036,48,0,80,0,94,5,4492,0,103,84
02-21-21,Gibson,6127,0,3720,0,2407,0,4499,1,27573,22,32072,23,1,139,-5,33,4,5955,0,103,140
02-21-21,Giles,3682,0,3092,0,590,0,3551,0,21332,9,24883,9,0,95,-10,72,10,3515,0,110,96
02-21-21,Grainger,2399,2,1814,0,585,2,2030,3,12920,13,14950,16,0,46,-1,63,3,2290,0,64,47
02-21-21,Greene,7224,4,5751,1,1473,3,6448,2,42805,68,49253,70,0,143,-2,106,6,6975,0,171,145
02-21-21,Grundy,1649,3,1402,3,247,0,1609,3,7724,13,9333,16,0,29,1,47,2,1573,0,54,30
02-21-21,Hamblen,7901,5,5701,4,2200,1,6387,4,43108,53,49495,57,1,161,-1,122,5,7618,0,242,161
02-21-21,Hamilton,39723,38,34602,25,5121,13,38649,30,290935,307,329584,337,0,442,-29,755,67,38526,1,1063,457
02-21-21,Hancock,491,0,359,0,132,0,383,0,3619,1,4002,1,0,11,-1,4,1,476,0,19,12
02-21-21,Hardeman,3362,1,2730,0,632,1,3196,0,23602,6,26798,6,0,63,-1,0,2,3299,1,101,63
02-21-21,Hardin,3281,2,2258,1,1023,1,2692,1,21976,20,24668,21,0,62,-2,21,4,3198,0,60,63
02-21-21,Hawkins,5139,10,4237,8,902,2,4575,10,30348,36,34923,46,1,92,2,173,7,4874,0,137,96
02-21-21,Haywood,2631,0,2210,0,421,0,2516,0,12914,2,15430,2,0,59,0,12,0,2560,0,78,60
02-21-21,Henderson,3603,2,2515,1,1088,1,3154,1,15372,6,18526,7,0,71,-2,35,4,3497,0,75,74
02-21-21,Henry,2970,2,2328,2,642,0,2688,3,16887,16,19575,19,0,73,-2,5,4,2892,0,74,75
02-21-21,Hickman,2615,0,2141,0,474,0,2478,0,15101,14,17579,14,0,39,-3,32,3,2544,0,52,41
02-21-21,Houston,1019,1,768,0,251,1,877,0,8893,8,9770,8,0,30,1,-3,0,992,0,38,31
02-21-21,Humphreys,1504,1,1003,0,501,1,1177,1,10803,8,11980,9,0,21,0,-7,1,1490,0,31,21
02-21-21,Jackson,1240,0,975,0,265,0,1135,0,5089,3,6224,3,0,33,-1,8,1,1199,0,38,33
02-21-21,Jefferson,5546,12,3914,8,1632,4,4421,8,35002,67,39423,75,0,115,5,113,7,5318,0,171,115
02-21-21,Johnson,2137,1,1923,1,214,0,2049,1,13591,8,15640,9,0,37,1,11,0,2089,0,57,38
02-21-21,Knox,45465,82,38804,41,6661,41,42354,43,293340,506,335694,549,2,561,-31,980,111,43924,3,1261,571
02-21-21,Lake,1672,1,1487,1,185,0,1748,1,9455,4,11203,5,1,26,0,2,0,1644,0,24,26
02-21-21,Lauderdale,3069,0,2398,0,671,0,2748,0,19599,11,22347,11,0,42,-2,19,2,3008,0,81,41
02-21-21,Lawrence,5531,4,4340,4,1191,0,4768,5,27013,10,31781,15,0,80,2,77,2,5374,1,138,82
02-21-21,Lewis,1446,3,1139,0,307,3,1232,0,9512,2,10744,2,0,24,1,29,2,1393,0,41,24
02-21-21,Lincoln,4079,3,3194,3,885,0,3629,3,16375,16,20004,19,0,61,-4,37,7,3981,0,79,60
02-21-21,Loudon,5596,7,4411,4,1185,3,4815,5,28887,20,33702,25,0,64,-1,177,8,5355,0,123,66
02-21-21,Macon,3322,4,2632,2,690,2,3091,3,14349,11,17440,14,0,73,-1,27,5,3222,0,117,73
02-21-21,Madison,10002,6,5609,3,4393,3,6844,2,51290,22,58134,24,0,225,-5,-608,11,10385,0,328,228
02-21-21,Marion,2882,4,2491,3,391,1,2780,4,17004,23,19784,27,0,44,-1,31,5,2807,0,104,44
02-21-21,Marshall,3866,3,3128,2,738,1,3527,3,21615,12,25142,15,0,54,2,52,1,3760,0,86,54
02-21-21,Maury,12080,6,10812,3,1268,3,11927,4,67731,48,79658,52,1,157,-18,73,23,11850,0,275,159
02-21-21,McMinn,5829,6,5232,5,597,1,5761,8,38726,102,44487,110,0,89,-6,144,12,5596,0,144,92
02-21-21,McNairy,2629,3,1863,3,766,0,2274,3,16992,6,19266,9,0,49,3,-27,0,2607,0,62,53
02-21-21,Meigs,1249,2,1139,2,110,0,1264,1,7350,12,8614,13,0,20,-2,13,4,1216,0,38,21
02-21-21,Monroe,5227,12,4181,6,1046,6,4703,7,24705,43,29408,50,0,88,7,137,5,5002,1,144,91
02-21-21,Montgomery,17134,12,12658,9,4476,3,13909,12,101429,68,115338,80,1,205,-33,85,44,16844,0,294,210
02-21-21,Moore,932,0,729,0,203,0,825,0,4522,1,5347,1,0,15,-1,9,1,908,0,16,16
02-21-21,Morgan,2278,3,1711,2,567,1,1847,3,14144,25,15991,28,0,36,2,25,1,2217,1,34,37
02-21-21,Obion,4348,0,3238,0,1110,0,3667,0,20918,12,24585,12,0,92,-3,19,3,4237,0,96,94
02-21-21,Out of State,16178,17,12988,15,3190,2,14628,15,564589,382,579217,397,0,93,-1,141,18,15944,1,195,85
02-21-21,Overton,2829,2,2146,2,683,0,2524,2,13947,13,16471,15,0,57,0,33,2,2739,0,63,57
02-21-21,Pending,14962,7,9790,6,5172,1,10870,9,365465,385,376335,394,1,126,-14,14,20,14822,1,130,125
02-21-21,Perry,1020,0,882,0,138,0,990,0,5820,6,6810,6,0,27,0,-11,0,1004,0,28,28
02-21-21,Pickett,740,1,491,1,249,0,592,1,3452,2,4044,3,0,23,1,7,0,710,0,28,23
02-21-21,Polk,1724,1,1574,1,150,0,1739,2,8482,23,10221,25,0,21,-2,85,3,1618,0,63,21
02-21-21,Putnam,10462,13,8668,12,1794,1,10388,12,65635,51,76023,63,0,167,-1,82,14,10213,1,200,169
02-21-21,Rhea,4083,4,3563,2,520,2,3991,2,24463,13,28454,15,0,72,0,58,4,3953,1,81,72
02-21-21,Roane,5790,19,4556,15,1234,4,5057,15,39461,49,44518,64,0,95,7,136,12,5559,0,141,97
02-21-21,Robertson,8835,9,7071,4,1764,5,7971,6,39997,41,47968,47,1,114,-6,125,14,8596,0,395,120
02-21-21,Rutherford,37633,72,32936,42,4697,30,38405,57,210564,238,248969,295,2,368,-16,453,86,36812,0,562,381
02-21-21,Scott,2840,2,1631,0,1209,2,1739,0,10618,8,12357,8,0,40,0,73,2,2727,0,60,43
02-21-21,Sequatchie,1532,4,1237,3,295,1,1344,3,11101,11,12445,14,0,27,1,52,3,1453,0,35,26
02-21-21,Sevier,11817,11,10473,7,1344,4,11508,8,60198,96,71706,104,0,159,-12,158,23,11500,0,255,164
02-21-21,Shelby,86053,94,80385,68,5668,26,98996,81,847750,838,946746,919,1,1451,-14,698,107,83904,2,3363,1509
02-21-21,Smith,2516,4,1945,4,571,0,2442,4,12443,8,14885,12,0,36,1,14,3,2466,0,57,36
02-21-21,Stewart,1227,1,936,1,291,0,1057,1,6363,5,7420,6,0,24,-4,5,5,1198,0,24,24
02-21-21,Sullivan,14086,31,12308,29,1778,2,13339,33,78624,163,91963,196,-1,270,14,212,18,13604,0,704,272
02-21-21,Sumner,21034,20,19028,11,2006,9,21534,18,109102,156,130636,174,1,312,-17,158,36,20564,0,682,316
02-21-21,Tipton,6823,0,4818,0,2005,0,5831,0,43073,20,48904,20,0,99,-5,34,5,6690,0,145,99
02-21-21,Trousdale,2376,0,2250,0,126,0,2411,0,8469,4,10880,4,0,21,-1,7,1,2348,0,39,22
02-21-21,Unicoi,1781,2,1390,1,391,1,1532,1,12118,8,13650,9,0,47,0,47,2,1687,0,63,47
02-21-21,Union,1676,7,1429,7,247,0,1542,7,9754,12,11296,19,0,30,1,37,6,1609,0,55,31
02-21-21,Van Buren,789,0,663,0,126,0,731,0,4939,1,5670,1,0,20,0,-4,0,773,0,19,20
02-21-21,Warren,5255,3,4521,2,734,1,5110,2,30219,52,35329,54,0,73,1,35,2,5147,0,79,77
02-21-21,Washington,12593,6,10897,6,1696,0,12026,11,74955,111,86981,122,0,230,-10,186,16,12177,0,322,233
02-21-21,Wayne,2855,0,2326,0,529,0,2556,0,10695,2,13251,2,0,30,-1,25,1,2800,0,59,30
02-21-21,Weakley,3762,1,2831,0,931,1,3234,0,20462,11,23696,11,0,59,-2,6,3,3697,0,59,60
02-21-21,White,3306,6,2761,6,545,0,3375,5,21325,32,24700,37,0,65,4,53,2,3188,0,104,65
02-21-21,Williamson,24835,54,21338,34,3497,20,23697,36,165364,196,189061,232,0,202,-5,386,59,24247,0,283,202
02-21-21,Wilson,16083,21,14652,14,1431,7,16722,16,91548,88,108270,104,0,206,-11,62,32,15815,0,319,209
02-20-21,Anderson,7838,19,6012,7,1826,12,6709,9,57738,121,64447,130,1,150,2,194,16,7494,0,189,159
02-20-21,Bedford,5729,7,4628,4,1101,3,5345,3,28959,23,34304,26,0,117,0,42,7,5570,2,125,118
02-20-21,Benton,1495,0,1207,0,288,0,1333,1,8501,3,9834,4,0,39,-1,11,1,1445,0,35,39
02-20-21,Bledsoe,1976,3,1818,2,158,1,1928,2,14097,16,16025,18,0,10,-2,32,5,1934,0,32,10
02-20-21,Blount,13840,21,12014,15,1826,6,13227,18,66664,264,79891,282,1,175,-11,196,31,13469,0,310,177
02-20-21,Bradley,12594,35,10588,23,2006,12,11998,24,59065,294,71063,318,2,137,10,326,23,12131,2,512,140
02-20-21,Campbell,3751,14,2150,4,1601,10,2411,6,23716,33,26127,39,2,57,8,87,4,3607,0,112,60
02-20-21,Cannon,1728,4,1411,0,317,4,1575,0,8503,11,10078,11,0,28,1,14,3,1686,0,34,28
02-20-21,Carroll,3442,3,2274,1,1168,2,2697,1,18638,16,21335,17,0,80,-3,-2,6,3364,1,78,82
02-20-21,Carter,5892,7,5162,7,730,0,5665,10,34074,86,39739,96,0,150,1,89,6,5653,1,210,150
02-20-21,Cheatham,3831,13,3034,1,797,12,3436,3,24719,21,28155,24,0,43,9,59,4,3729,0,77,43
02-20-21,Chester,1996,0,1448,0,548,0,1727,0,10881,2,12608,2,1,46,-3,-3,2,1953,0,39,48
02-20-21,Claiborne,2690,22,1745,12,945,10,1846,1,21851,162,23697,163,0,64,18,173,4,2453,0,87,66
02-20-21,Clay,1055,0,729,0,326,0,833,0,5277,6,6110,6,1,30,-4,11,3,1014,0,23,30
02-20-21,Cocke,3937,3,2713,2,1224,1,2996,3,19579,47,22575,50,0,91,-5,40,8,3806,0,109,93
02-20-21,Coffee,6217,10,4446,2,1771,8,5444,2,42250,48,47694,50,2,114,-4,56,12,6047,0,112,115
02-20-21,Crockett,1961,7,1181,0,780,7,1375,0,6929,7,8304,7,0,46,7,10,0,1905,0,30,48
02-20-21,Cumberland,6037,15,5084,9,953,6,5824,10,45552,97,51376,107,2,115,1,82,12,5840,0,146,121
02-20-21,Davidson,80059,98,75867,63,4192,35,92184,67,839747,846,931931,913,6,829,-41,1020,133,78210,0,1854,842
02-20-21,Decatur,1527,0,1143,0,384,0,1359,0,10610,0,11969,0,0,35,-5,9,5,1483,0,37,37
02-20-21,Dekalb,2610,3,1963,2,647,1,2265,3,15820,20,18085,23,0,47,1,13,2,2550,1,53,48
02-20-21,Dickson,6091,11,4436,8,1655,3,5260,5,32069,31,37329,36,0,102,3,17,8,5972,2,115,106
02-20-21,Dyer,5210,1,3458,0,1752,1,3893,0,20584,26,24477,26,0,99,-3,36,4,5075,0,103,100
02-20-21,Fayette,4608,8,4003,3,605,5,4916,4,34148,35,39064,39,0,71,3,23,5,4514,0,120,70
02-20-21,Fentress,2278,2,1988,2,290,0,2272,2,11647,168,13919,170,0,43,1,10,1,2225,0,57,44
02-20-21,Franklin,4661,15,3934,9,727,6,4617,8,33371,192,37988,200,0,80,8,94,7,4487,0,103,84
02-20-21,Gibson,6127,8,3720,3,2407,5,4498,4,27551,9,32049,13,0,138,2,38,6,5951,0,103,140
02-20-21,Giles,3682,7,3092,2,590,5,3551,3,21323,13,24874,16,0,95,-8,82,15,3505,0,110,96
02-20-21,Grainger,2397,9,1814,8,583,1,2027,7,12907,43,14934,50,0,46,6,64,3,2287,1,64,47
02-20-21,Greene,7220,17,5750,14,1470,3,6446,17,42737,91,49183,108,1,143,-3,108,19,6969,0,171,144
02-20-21,Grundy,1646,5,1399,4,247,1,1606,4,7711,91,9317,95,0,29,3,46,2,1571,0,54,30
02-20-21,Hamblen,7896,13,5697,9,2199,4,6383,17,43055,88,49438,105,-1,160,1,123,13,7613,0,242,161
02-20-21,Hamilton,39685,102,34577,75,5108,27,38619,83,290628,821,329247,904,3,442,13,784,86,38459,1,1062,454
02-20-21,Hancock,491,1,359,1,132,0,383,2,3618,6,4001,8,0,11,1,5,0,475,0,19,12
02-20-21,Hardeman,3361,3,2730,1,631,2,3196,1,23596,4,26792,5,2,63,-2,1,3,3297,0,100,63
02-20-21,Hardin,3279,2,2257,1,1022,1,2691,1,21956,4,24647,5,0,62,1,23,1,3194,0,60,63
02-20-21,Hawkins,5129,25,4229,20,900,5,4565,21,30312,170,34877,191,0,91,11,171,14,4867,2,137,94
02-20-21,Haywood,2631,2,2210,2,421,0,2516,2,12912,3,15428,5,0,59,1,12,1,2560,1,78,60
02-20-21,Henderson,3601,10,2514,2,1087,8,3153,1,15366,5,18519,6,0,71,5,37,5,3493,0,75,73
02-20-21,Henry,2968,0,2326,0,642,0,2685,0,16871,12,19556,12,0,73,-3,7,3,2888,0,74,75
02-20-21,Hickman,2615,4,2141,1,474,3,2478,1,15087,19,17565,20,1,39,-3,35,6,2541,0,52,41
02-20-21,Houston,1018,1,768,1,250,0,877,1,8885,2,9762,3,0,30,1,-4,0,992,0,38,31
02-20-21,Humphreys,1503,1,1003,1,500,0,1176,1,10795,7,11971,8,0,21,1,-7,0,1489,1,31,21
02-20-21,Jackson,1240,0,975,0,265,0,1135,0,5086,8,6221,8,0,33,-1,9,1,1198,0,38,33
02-20-21,Jefferson,5534,13,3906,9,1628,4,4413,11,34935,128,39348,139,0,115,8,108,5,5311,0,171,115
02-20-21,Johnson,2136,1,1922,1,214,0,2048,1,13583,85,15631,86,0,37,0,10,1,2089,0,57,38
02-20-21,Knox,45383,137,38763,99,6620,38,42311,110,292834,1004,335145,1114,1,559,7,1011,129,43813,2,1258,568
02-20-21,Lake,1671,0,1486,0,185,0,1747,0,9451,20,11198,20,0,25,0,2,0,1644,0,24,26
02-20-21,Lauderdale,3069,0,2398,0,671,0,2748,0,19588,3,22336,3,2,42,-7,21,5,3006,0,81,41
02-20-21,Lawrence,5527,1,4336,0,1191,1,4763,0,27003,23,31766,23,1,80,-6,75,6,5372,0,137,82
02-20-21,Lewis,1443,4,1139,2,304,2,1232,2,9510,8,10742,10,0,24,1,28,3,1391,0,41,24
02-20-21,Lincoln,4076,4,3191,2,885,2,3626,2,16359,21,19985,23,0,61,2,41,2,3974,0,79,60
02-20-21,Loudon,5589,21,4407,15,1182,6,4810,17,28867,98,33677,115,0,64,13,178,8,5347,2,123,65
02-20-21,Macon,3318,1,2630,0,688,1,3088,1,14338,2,17426,3,0,73,-4,28,5,3217,0,117,73
02-20-21,Madison,9996,6,5606,1,4390,5,6842,1,51268,32,58110,33,0,225,-7,-603,13,10374,0,328,228
02-20-21,Marion,2878,2,2488,2,390,0,2776,3,16981,50,19757,53,0,44,-3,32,5,2802,0,104,44
02-20-21,Marshall,3863,4,3126,2,737,2,3524,2,21603,18,25127,20,0,54,-3,50,7,3759,0,86,54
02-20-21,Maury,12074,10,10809,7,1265,3,11923,6,67683,69,79606,75,1,156,-10,91,19,11827,1,275,159
02-20-21,McMinn,5823,16,5227,15,596,1,5753,18,38624,198,44377,216,0,89,2,150,14,5584,0,144,92
02-20-21,McNairy,2626,2,1860,0,766,2,2271,0,16986,2,19257,2,0,49,1,-30,1,2607,0,62,53
02-20-21,Meigs,1247,1,1137,1,110,0,1263,3,7338,34,8601,37,0,20,1,15,0,1212,1,38,21
02-20-21,Monroe,5215,16,4175,15,1040,1,4696,17,24662,78,29358,95,0,88,-3,130,19,4997,1,143,90
02-20-21,Montgomery,17122,56,12649,26,4473,30,13897,29,101361,263,115258,292,1,204,4,118,51,16800,2,294,210
02-20-21,Moore,932,5,729,0,203,5,825,0,4521,2,5346,2,0,15,5,10,0,907,0,16,16
02-20-21,Morgan,2275,1,1709,0,566,1,1844,0,14119,37,15963,37,2,36,-3,23,2,2216,0,33,37
02-20-21,Obion,4348,5,3238,4,1110,1,3667,4,20906,27,24573,31,0,92,0,22,5,4234,0,96,94
02-20-21,Out of State,16161,25,12973,16,3188,9,14613,17,564207,1151,578820,1168,0,93,-3,142,28,15926,0,194,85
02-20-21,Overton,2827,5,2144,3,683,2,2522,3,13934,18,16456,21,0,57,3,33,2,2737,0,63,57
02-20-21,Pending,14955,21,9784,10,5171,11,10861,14,365080,610,375941,624,0,125,-13,28,34,14802,0,129,125
02-20-21,Perry,1020,0,882,0,138,0,990,0,5814,7,6804,7,0,27,-3,-11,3,1004,0,28,28
02-20-21,Pickett,739,0,490,0,249,0,591,0,3450,4,4041,4,0,23,-1,6,1,710,0,28,23
02-20-21,Polk,1723,8,1573,8,150,0,1737,9,8459,49,10196,58,0,21,4,87,4,1615,0,63,21
02-20-21,Putnam,10449,4,8656,0,1793,4,10376,1,65584,74,75960,75,1,167,-7,83,10,10199,0,199,169
02-20-21,Rhea,4079,6,3561,4,518,2,3989,4,24450,76,28439,80,2,72,2,58,2,3949,0,80,72
02-20-21,Roane,5771,15,4541,7,1230,8,5042,7,39412,117,44454,124,0,95,2,129,13,5547,1,141,96
02-20-21,Robertson,8826,17,7067,5,1759,12,7965,2,39956,28,47921,30,1,113,1,131,15,8582,1,395,118
02-20-21,Rutherford,37561,97,32894,55,4667,42,38348,51,210326,260,248674,311,0,366,11,469,86,36726,0,562,380
02-20-21,Scott,2838,4,1631,2,1207,2,1739,2,10610,17,12349,19,-2,40,-5,73,11,2725,0,60,43
02-20-21,Sequatchie,1528,6,1234,2,294,4,1341,2,11090,17,12431,19,0,27,4,51,2,1450,0,35,26
02-20-21,Sevier,11806,24,10466,23,1340,1,11500,24,60102,201,71602,225,1,159,-5,170,28,11477,0,255,164
02-20-21,Shelby,85959,99,80317,54,5642,45,98915,66,846912,1436,945827,1502,5,1450,-34,712,128,83797,3,3361,1507
02-20-21,Smith,2512,0,1941,0,571,0,2438,0,12435,6,14873,6,0,36,-2,13,2,2463,0,57,36
02-20-21,Stewart,1226,0,935,0,291,0,1056,0,6358,3,7414,3,0,24,-2,9,2,1193,0,24,24
02-20-21,Sullivan,14055,15,12279,13,1776,2,13306,14,78461,156,91767,170,0,271,-5,198,20,13586,0,704,272
02-20-21,Sumner,21014,39,19017,20,1997,19,21516,20,108946,102,130462,122,3,311,-14,175,50,20528,0,682,314
02-20-21,Tipton,6823,6,4818,0,2005,6,5831,2,43053,38,48884,40,2,99,-5,39,9,6685,0,145,99
02-20-21,Trousdale,2376,0,2250,0,126,0,2411,0,8465,6,10876,6,0,21,0,8,0,2347,0,39,22
02-20-21,Unicoi,1779,5,1389,2,390,3,1531,2,12110,44,13641,46,0,47,1,47,4,1685,0,63,47
02-20-21,Union,1669,4,1422,4,247,0,1535,4,9742,25,11277,29,0,30,1,36,3,1603,0,55,30
02-20-21,Van Buren,789,1,663,1,126,0,731,0,4938,10,5669,10,0,20,1,-4,0,773,0,19,20
02-20-21,Warren,5252,2,4519,2,733,0,5108,3,30167,104,35275,107,0,73,-1,34,3,5145,0,79,76
02-20-21,Washington,12587,21,10891,16,1696,5,12015,20,74844,359,86859,379,3,230,0,196,18,12161,1,322,233
02-20-21,Wayne,2855,5,2326,0,529,5,2556,0,10693,6,13249,6,0,30,4,26,1,2799,0,59,30
02-20-21,Weakley,3761,2,2831,0,930,2,3234,0,20451,7,23685,7,0,59,-3,8,5,3694,0,59,60
02-20-21,White,3300,8,2755,5,545,3,3370,5,21293,32,24663,37,1,65,4,49,3,3186,0,104,65
02-20-21,Williamson,24781,50,21304,33,3477,17,23661,34,165168,193,188829,227,2,202,-16,391,64,24188,1,283,202
02-20-21,Wilson,16062,40,14638,29,1424,11,16706,33,91460,221,108166,254,0,206,8,73,32,15783,0,319,207
02-19-21,Anderson,7819,13,6005,10,1814,3,6700,14,57617,46,64317,60,0,149,0,192,13,7478,0,189,158
02-19-21,Bedford,5722,4,4624,2,1098,2,5342,2,28936,21,34278,23,0,117,-1,42,5,5563,0,123,118
02-19-21,Benton,1495,1,1207,1,288,0,1332,1,8498,3,9830,4,0,39,1,12,0,1444,0,35,39
02-19-21,Bledsoe,1973,1,1816,0,157,1,1926,0,14081,13,16007,13,0,10,-5,34,6,1929,0,32,10
02-19-21,Blount,13819,15,11999,9,1820,6,13209,10,66400,69,79609,79,0,174,-29,207,44,13438,0,310,177
02-19-21,Bradley,12559,29,10565,17,1994,12,11974,24,58771,121,70745,145,0,135,-2,316,31,12108,1,510,140
02-19-21,Campbell,3737,5,2146,3,1591,2,2405,3,23683,4,26088,7,0,55,-3,79,8,3603,0,112,60
02-19-21,Cannon,1724,2,1411,0,313,2,1575,0,8492,4,10067,4,0,28,-1,13,3,1683,0,34,28
02-19-21,Carroll,3439,2,2273,1,1166,1,2696,1,18622,9,21318,10,0,80,-2,1,4,3358,0,77,82
02-19-21,Carter,5885,7,5155,6,730,1,5655,7,33988,36,39643,43,0,150,-11,88,18,5647,0,209,150
02-19-21,Cheatham,3818,6,3033,5,785,1,3433,6,24698,25,28131,31,0,43,-4,50,10,3725,0,77,43
02-19-21,Chester,1996,3,1448,3,548,0,1727,3,10879,8,12606,11,0,45,2,0,1,1951,0,39,48
02-19-21,Claiborne,2668,9,1733,2,935,7,1845,2,21689,37,23534,39,0,64,-2,155,11,2449,0,87,66
02-19-21,Clay,1055,1,729,0,326,1,833,0,5271,3,6104,3,0,29,1,15,0,1011,0,23,30
02-19-21,Cocke,3934,6,2711,1,1223,5,2993,1,19532,33,22525,34,0,91,-5,45,11,3798,0,109,92
02-19-21,Coffee,6207,8,4444,6,1763,2,5442,7,42202,38,47644,45,0,112,-17,60,25,6035,2,112,115
02-19-21,Crockett,1954,0,1181,0,773,0,1375,0,6922,0,8297,0,0,46,-4,3,4,1905,0,30,48
02-19-21,Cumberland,6022,3,5075,2,947,1,5814,2,45455,19,51269,21,0,113,-5,81,8,5828,0,146,120
02-19-21,Davidson,79961,96,75804,77,4157,19,92117,91,838901,494,931018,585,0,823,-112,1061,208,78077,4,1854,841
02-19-21,Decatur,1527,0,1143,0,384,0,1359,1,10610,1,11969,2,0,35,-2,14,2,1478,0,37,37
02-19-21,Dekalb,2607,2,1961,2,646,0,2262,2,15800,5,18062,7,0,47,0,12,2,2548,0,52,48
02-19-21,Dickson,6080,24,4428,6,1652,18,5255,7,32038,35,37293,42,0,102,1,14,23,5964,0,113,106
02-19-21,Dyer,5209,2,3458,0,1751,2,3893,0,20558,10,24451,10,0,99,-11,39,13,5071,0,103,100
02-19-21,Fayette,4600,6,4000,3,600,3,4912,4,34113,11,39025,15,0,71,-1,20,7,4509,2,120,70
02-19-21,Fentress,2276,1,1986,1,290,0,2270,2,11479,7,13749,9,0,43,-5,9,6,2224,0,57,44
02-19-21,Franklin,4646,14,3925,10,721,4,4609,12,33179,37,37788,49,0,80,1,86,13,4480,0,103,84
02-19-21,Gibson,6119,2,3717,1,2402,1,4494,1,27542,13,32036,14,0,138,-11,36,13,5945,0,103,140
02-19-21,Giles,3675,4,3090,3,585,1,3548,3,21310,8,24858,11,0,95,-5,90,9,3490,0,110,96
02-19-21,Grainger,2388,2,1806,0,582,2,2020,0,12864,11,14884,11,0,46,-5,58,7,2284,1,63,47
02-19-21,Greene,7203,12,5736,9,1467,3,6429,12,42646,163,49075,175,0,142,-4,111,16,6950,0,171,144
02-19-21,Grundy,1641,2,1395,2,246,0,1602,2,7620,29,9222,31,0,29,-12,43,14,1569,0,54,30
02-19-21,Hamblen,7883,21,5688,12,2195,9,6366,12,42967,60,49333,72,0,161,1,122,20,7600,1,242,161
02-19-21,Hamilton,39583,106,34502,68,5081,38,38536,69,289807,704,328343,773,0,439,3,771,103,38373,2,1061,453
02-19-21,Hancock,490,0,358,0,132,0,381,0,3612,2,3993,2,0,11,-1,4,1,475,0,19,12
02-19-21,Hardeman,3358,0,2729,0,629,0,3195,0,23592,3,26787,3,0,61,-1,3,1,3294,0,100,63
02-19-21,Hardin,3277,0,2256,0,1021,0,2690,0,21952,18,24642,18,0,62,-2,22,2,3193,0,60,63
02-19-21,Hawkins,5104,12,4209,9,895,3,4544,11,30142,126,34686,137,0,91,0,160,12,4853,0,135,94
02-19-21,Haywood,2629,1,2208,0,421,1,2514,1,12909,1,15423,2,0,59,0,11,1,2559,0,77,60
02-19-21,Henderson,3591,0,2512,0,1079,0,3152,0,15361,3,18513,3,0,71,-8,32,8,3488,0,75,73
02-19-21,Henry,2968,1,2326,0,642,1,2685,1,16859,2,19544,3,0,73,-3,10,4,2885,0,74,75
02-19-21,Hickman,2611,3,2140,2,471,1,2477,5,15068,13,17545,18,0,38,-2,38,5,2535,1,52,40
02-19-21,Houston,1017,2,767,2,250,0,876,2,8883,2,9759,4,0,30,0,-5,2,992,0,38,31
02-19-21,Humphreys,1502,7,1002,1,500,6,1175,1,10788,8,11963,9,0,21,7,-8,0,1489,1,30,21
02-19-21,Jackson,1240,0,975,0,265,0,1135,0,5078,2,6213,2,0,33,-3,10,3,1197,0,38,33
02-19-21,Jefferson,5521,10,3897,5,1624,5,4402,7,34807,212,39209,219,0,115,-5,100,15,5306,0,171,115
02-19-21,Johnson,2135,1,1921,0,214,1,2047,0,13498,8,15545,8,0,37,-3,10,4,2088,0,57,38
02-19-21,Knox,45246,94,38664,42,6582,52,42201,48,291830,274,334031,322,1,558,-84,1004,177,43684,2,1256,567
02-19-21,Lake,1671,1,1486,1,185,0,1747,1,9431,6,11178,7,0,25,1,2,0,1644,0,24,26
02-19-21,Lauderdale,3069,1,2398,0,671,1,2748,0,19585,5,22333,5,0,40,-1,28,2,3001,0,81,41
02-19-21,Lawrence,5526,3,4336,2,1190,1,4763,1,26980,6,31743,7,0,79,-3,81,6,5366,1,137,82
02-19-21,Lewis,1439,1,1137,0,302,1,1230,0,9502,4,10732,4,0,24,-2,27,3,1388,0,41,24
02-19-21,Lincoln,4072,3,3189,1,883,2,3624,1,16338,14,19962,15,0,61,0,39,3,3972,1,79,60
02-19-21,Loudon,5568,6,4392,2,1176,4,4793,2,28769,25,33562,27,0,64,-10,165,16,5339,0,121,65
02-19-21,Macon,3317,0,2630,0,687,0,3087,0,14336,12,17423,12,0,73,-9,32,9,3212,0,117,73
02-19-21,Madison,9990,9,5605,7,4385,2,6841,7,51236,26,58077,33,0,225,-12,-596,21,10361,0,328,228
02-19-21,Marion,2876,7,2486,7,390,0,2773,7,16931,42,19704,49,0,44,0,35,7,2797,1,104,44
02-19-21,Marshall,3859,1,3124,1,735,0,3522,1,21585,11,25107,12,0,54,-9,53,10,3752,0,86,54
02-19-21,Maury,12064,4,10802,3,1262,1,11917,5,67614,33,79531,38,0,155,-26,101,30,11808,0,274,158
02-19-21,McMinn,5807,7,5212,6,595,1,5735,4,38426,41,44161,45,1,89,-19,148,25,5570,1,144,91
02-19-21,McNairy,2624,2,1860,2,764,0,2271,2,16984,11,19255,13,0,49,0,-31,2,2606,0,62,53
02-19-21,Meigs,1246,1,1136,1,110,0,1260,1,7304,9,8564,10,0,20,-2,14,3,1212,0,37,21
02-19-21,Monroe,5199,5,4160,4,1039,1,4679,4,24584,16,29263,20,0,88,-9,133,14,4978,1,142,90
02-19-21,Montgomery,17066,13,12623,13,4443,0,13868,14,101098,93,114966,107,0,203,-63,114,76,16749,0,292,209
02-19-21,Moore,927,0,729,0,198,0,825,0,4519,3,5344,3,0,15,0,5,0,907,0,16,16
02-19-21,Morgan,2274,2,1709,2,565,0,1844,5,14082,8,15926,13,0,34,1,26,1,2214,0,33,37
02-19-21,Obion,4343,5,3234,2,1109,3,3663,2,20879,9,24542,11,0,92,2,22,3,4229,0,96,94
02-19-21,Out of State,16136,14,12957,11,3179,3,14596,12,563056,650,577652,662,0,93,-25,145,39,15898,0,194,84
02-19-21,Overton,2822,4,2141,2,681,2,2519,2,13916,8,16435,10,0,57,4,30,0,2735,1,63,57
02-19-21,Pending,14934,17,9774,9,5160,8,10847,9,364470,326,375317,335,0,125,-45,41,62,14768,0,129,125
02-19-21,Perry,1020,0,882,0,138,0,990,0,5807,1,6797,1,0,27,0,-8,0,1001,0,28,28
02-19-21,Pickett,739,0,490,0,249,0,591,0,3446,4,4037,4,0,23,0,7,0,709,0,28,23
02-19-21,Polk,1715,5,1565,3,150,2,1728,5,8410,16,10138,21,0,21,0,83,5,1611,0,63,21
02-19-21,Putnam,10445,4,8656,1,1789,3,10375,1,65510,13,75885,14,0,166,-17,90,21,10189,0,199,169
02-19-21,Rhea,4073,3,3557,3,516,0,3985,3,24374,37,28359,40,0,70,-3,56,6,3947,0,80,72
02-19-21,Roane,5756,15,4534,11,1222,4,5035,10,39295,75,44330,85,0,95,2,127,13,5534,0,140,96
02-19-21,Robertson,8809,16,7062,8,1747,8,7963,9,39928,37,47891,46,0,112,-4,130,20,8567,1,394,117
02-19-21,Rutherford,37464,42,32839,29,4625,13,38297,34,210066,98,248363,132,0,366,-54,458,96,36640,2,562,378
02-19-21,Scott,2834,1,1629,0,1205,1,1737,1,10593,6,12330,7,0,42,-19,78,20,2714,0,60,43
02-19-21,Sequatchie,1522,6,1232,2,290,4,1339,4,11073,22,12412,26,0,27,-1,47,7,1448,0,35,26
02-19-21,Sevier,11782,22,10443,15,1339,7,11476,15,59901,64,71377,79,0,158,0,175,22,11449,0,255,163
02-19-21,Shelby,85860,68,80263,54,5597,14,98849,63,845476,572,944325,635,2,1445,-129,746,195,83669,6,3358,1506
02-19-21,Smith,2512,0,1941,0,571,0,2438,0,12429,3,14867,3,0,36,-3,15,3,2461,0,57,36
02-19-21,Stewart,1226,1,935,1,291,0,1056,2,6355,4,7411,6,0,24,-3,11,4,1191,0,24,24
02-19-21,Sullivan,14040,37,12266,34,1774,3,13292,40,78305,279,91597,319,3,271,6,203,28,13566,0,704,269
02-19-21,Sumner,20975,25,18997,15,1978,10,21496,16,108844,90,130340,106,0,308,-27,189,52,20478,3,682,314
02-19-21,Tipton,6817,14,4818,5,1999,9,5829,5,43015,27,48844,32,0,97,1,44,13,6676,0,145,99
02-19-21,Trousdale,2376,1,2250,0,126,1,2411,0,8459,6,10870,6,0,21,1,8,0,2347,0,39,22
02-19-21,Unicoi,1774,0,1387,0,387,0,1529,1,12066,7,13595,8,0,47,-4,46,4,1681,0,63,47
02-19-21,Union,1665,4,1418,3,247,1,1531,3,9717,11,11248,14,0,30,4,35,0,1600,0,55,30
02-19-21,Van Buren,788,0,662,0,126,0,731,0,4928,24,5659,24,0,20,-1,-5,1,773,0,19,20
02-19-21,Warren,5250,1,4517,1,733,0,5105,1,30063,17,35168,18,0,73,-3,35,4,5142,0,79,75
02-19-21,Washington,12566,17,10875,15,1691,2,11995,17,74485,183,86480,200,0,227,-4,196,21,12143,0,321,233
02-19-21,Wayne,2850,3,2326,0,524,3,2556,0,10687,2,13243,2,0,30,-2,22,5,2798,1,59,30
02-19-21,Weakley,3759,0,2831,0,928,0,3234,0,20444,7,23678,7,0,59,-4,11,4,3689,0,59,60
02-19-21,White,3292,1,2750,1,542,0,3365,1,21261,11,24626,12,0,64,-3,45,4,3183,0,104,65
02-19-21,Williamson,24731,48,21271,31,3460,17,23627,34,164975,124,188602,158,0,200,-46,407,94,24124,0,282,202
02-19-21,Wilson,16022,18,14609,12,1413,6,16673,13,91239,84,107912,97,0,206,-31,65,49,15751,1,319,207
02-18-21,Anderson,7806,24,5995,21,1811,3,6686,26,57571,156,64257,182,0,149,8,192,16,7465,0,189,157
02-18-21,Bedford,5718,9,4622,3,1096,6,5340,3,28915,23,34255,26,0,117,1,43,8,5558,0,123,117
02-18-21,Benton,1494,1,1206,1,288,0,1331,1,8495,3,9826,4,0,39,0,11,1,1444,0,35,39
02-18-21,Bledsoe,1972,3,1816,0,156,3,1926,0,14068,11,15994,11,0,10,0,39,3,1923,0,32,10
02-18-21,Blount,13804,24,11990,17,1814,7,13199,24,66331,215,79530,239,3,174,-22,236,43,13394,1,310,177
02-18-21,Bradley,12530,41,10548,31,1982,10,11950,33,58650,243,70600,276,3,135,-17,318,55,12077,2,509,140
02-18-21,Campbell,3732,15,2143,2,1589,13,2402,3,23679,21,26081,24,1,55,-3,82,17,3595,0,112,60
02-18-21,Cannon,1722,3,1411,0,311,3,1575,0,8488,5,10063,5,0,28,1,14,2,1680,0,34,28
02-18-21,Carroll,3437,0,2272,0,1165,0,2695,0,18613,16,21308,16,0,80,-5,3,5,3354,0,77,82
02-18-21,Carter,5878,12,5149,10,729,2,5648,13,33952,85,39600,98,3,150,-6,99,15,5629,1,209,149
02-18-21,Cheatham,3812,3,3028,3,784,0,3427,3,24673,21,28100,24,0,43,-9,54,12,3715,0,77,43
02-18-21,Chester,1993,2,1445,1,548,1,1724,1,10871,5,12595,6,0,45,-3,-2,5,1950,0,39,48
02-18-21,Claiborne,2659,28,1731,18,928,10,1843,18,21652,54,23495,72,0,64,17,157,11,2438,0,87,66
02-18-21,Clay,1054,0,729,0,325,0,833,1,5268,4,6101,5,0,29,-2,14,2,1011,0,23,30
02-18-21,Cocke,3928,6,2710,3,1218,3,2992,3,19499,42,22491,45,0,91,-2,50,8,3787,0,109,92
02-18-21,Coffee,6199,10,4438,1,1761,9,5435,1,42164,38,47599,39,0,112,-6,77,16,6010,0,110,115
02-18-21,Crockett,1954,1,1181,0,773,1,1375,0,6922,9,8297,9,0,46,0,7,1,1901,0,30,48
02-18-21,Cumberland,6019,13,5073,9,946,4,5812,9,45436,76,51248,85,1,113,1,86,11,5820,0,146,120
02-18-21,Davidson,79865,151,75727,118,4138,33,92026,135,838407,1037,930433,1172,7,823,-84,1173,228,77869,2,1850,838
02-18-21,Decatur,1527,1,1143,0,384,1,1358,0,10609,4,11967,4,0,35,0,16,1,1476,0,37,37
02-18-21,Dekalb,2605,1,1959,0,646,1,2260,0,15795,10,18055,10,0,47,-6,12,7,2546,0,52,48
02-18-21,Dickson,6056,11,4422,5,1634,6,5248,6,32003,32,37251,38,0,102,-7,13,18,5941,0,113,106
02-18-21,Dyer,5207,2,3458,0,1749,2,3893,0,20548,10,24441,10,1,99,-14,50,15,5058,0,103,100
02-18-21,Fayette,4594,3,3997,0,597,3,4908,1,34102,21,39010,22,0,71,-7,21,10,4502,0,118,70
02-18-21,Fentress,2275,3,1985,2,290,1,2268,2,11472,16,13740,18,0,43,0,14,3,2218,1,57,44
02-18-21,Franklin,4632,12,3915,11,717,1,4597,13,33142,160,37739,173,0,80,5,85,7,4467,0,103,84
02-18-21,Gibson,6117,2,3716,0,2401,2,4493,1,27529,14,32022,15,0,138,-8,47,10,5932,0,103,139
02-18-21,Giles,3671,3,3087,1,584,2,3545,1,21302,46,24847,47,0,95,-5,95,8,3481,0,110,96
02-18-21,Grainger,2386,11,1806,8,580,3,2020,6,12853,41,14873,47,1,46,-1,63,11,2277,0,62,47
02-18-21,Greene,7191,10,5727,8,1464,2,6417,9,42483,401,48900,410,0,142,-2,115,12,6934,0,171,144
02-18-21,Grundy,1639,2,1393,1,246,1,1600,1,7591,49,9191,50,1,29,-2,55,3,1555,0,54,30
02-18-21,Hamblen,7862,24,5676,14,2186,10,6354,15,42907,137,49261,152,4,161,3,121,17,7580,0,241,161
02-18-21,Hamilton,39477,136,34434,100,5043,36,38467,101,289103,947,327570,1048,4,439,43,768,89,38270,1,1059,452
02-18-21,Hancock,490,1,358,0,132,1,381,0,3610,5,3991,5,0,11,0,5,1,474,0,19,12
02-18-21,Hardeman,3358,0,2729,0,629,0,3195,0,23589,13,26784,13,0,61,-5,4,5,3293,0,100,62
02-18-21,Hardin,3277,1,2256,1,1021,0,2690,1,21934,4,24624,5,0,62,-4,24,5,3191,0,60,63
02-18-21,Hawkins,5092,29,4200,20,892,9,4533,24,30016,232,34549,256,0,91,13,160,16,4841,0,135,94
02-18-21,Haywood,2628,0,2208,0,420,0,2513,0,12908,4,15421,4,0,59,-2,11,2,2558,0,77,60
02-18-21,Henderson,3591,3,2512,1,1079,2,3152,1,15358,5,18510,6,0,71,-3,40,6,3480,0,75,73
02-18-21,Henry,2967,4,2326,3,641,1,2684,4,16857,8,19541,12,0,73,0,13,4,2881,0,74,74
02-18-21,Hickman,2608,3,2138,1,470,2,2472,1,15055,19,17527,20,0,38,-1,40,4,2530,0,51,39
02-18-21,Houston,1015,2,765,1,250,1,874,1,8881,3,9755,4,0,30,2,-5,0,990,0,38,30
02-18-21,Humphreys,1495,2,1001,0,494,2,1174,0,10780,14,11954,14,0,21,-3,-15,5,1489,0,29,21
02-18-21,Jackson,1240,0,975,0,265,0,1135,0,5076,5,6211,5,0,33,-7,13,7,1194,0,38,33
02-18-21,Jefferson,5511,10,3892,4,1619,6,4395,5,34595,151,38990,156,3,115,-10,105,17,5291,0,171,115
02-18-21,Johnson,2134,1,1921,1,213,0,2047,3,13490,94,15537,97,0,37,-5,13,6,2084,0,57,38
02-18-21,Knox,45152,156,38622,111,6530,45,42153,124,291556,987,333709,1111,4,557,-35,1088,187,43507,6,1254,565
02-18-21,Lake,1670,1,1485,1,185,0,1746,1,9425,4,11171,5,0,25,1,1,0,1644,0,24,26
02-18-21,Lauderdale,3068,2,2398,1,670,1,2748,1,19580,10,22328,11,0,40,-6,29,8,2999,1,81,41
02-18-21,Lawrence,5523,2,4334,1,1189,1,4762,2,26974,32,31736,34,0,79,-18,84,20,5360,0,136,81
02-18-21,Lewis,1438,1,1137,1,301,0,1230,1,9498,6,10728,7,0,24,-2,29,3,1385,0,41,24
02-18-21,Lincoln,4069,4,3188,3,881,1,3623,3,16324,15,19947,18,1,61,-9,39,12,3969,0,78,60
02-18-21,Loudon,5562,22,4390,9,1172,13,4791,8,28744,52,33535,60,2,64,4,175,16,5323,0,121,65
02-18-21,Macon,3317,1,2630,1,687,0,3087,1,14324,10,17411,11,0,73,-6,41,7,3203,0,117,73
02-18-21,Madison,9981,8,5598,6,4383,2,6834,6,51210,57,58044,63,2,225,-20,-584,26,10340,0,328,228
02-18-21,Marion,2869,5,2479,5,390,0,2766,5,16889,91,19655,96,1,44,0,35,4,2790,0,103,44
02-18-21,Marshall,3858,4,3123,1,735,3,3521,0,21574,20,25095,20,1,54,-28,62,31,3742,0,86,54
02-18-21,Maury,12060,10,10799,6,1261,4,11912,9,67581,57,79493,66,1,155,-28,127,37,11778,0,274,158
02-18-21,McMinn,5800,15,5206,13,594,2,5731,17,38385,165,44116,182,0,88,0,167,15,5545,0,143,90
02-18-21,McNairy,2622,4,1858,2,764,2,2269,2,16973,7,19242,9,0,49,0,-31,4,2604,0,62,53
02-18-21,Meigs,1245,3,1135,3,110,0,1259,3,7295,24,8554,27,0,20,3,16,0,1209,0,37,21
02-18-21,Monroe,5194,10,4156,5,1038,5,4675,5,24568,79,29243,84,1,88,-5,142,14,4964,0,141,90
02-18-21,Montgomery,17053,39,12610,22,4443,17,13854,24,101005,232,114859,256,0,203,-41,177,80,16673,1,292,209
02-18-21,Moore,927,0,729,0,198,0,825,0,4516,7,5341,7,0,15,0,5,0,907,0,16,15
02-18-21,Morgan,2272,4,1707,3,565,1,1839,4,14074,24,15913,28,0,34,1,25,3,2213,0,33,37
02-18-21,Obion,4338,1,3232,0,1106,1,3661,1,20870,24,24531,25,1,92,-4,20,4,4226,0,96,94
02-18-21,Out of State,16122,54,12946,40,3176,14,14584,42,562406,1443,576990,1485,0,93,-5,170,59,15859,2,194,84
02-18-21,Overton,2818,6,2139,1,679,5,2517,1,13908,9,16425,10,0,57,-1,26,7,2735,0,62,57
02-18-21,Pending,14917,31,9765,15,5152,16,10838,17,364144,733,374982,750,0,125,-17,86,48,14706,0,129,125
02-18-21,Perry,1020,0,882,0,138,0,990,0,5806,3,6796,3,0,27,-3,-8,3,1001,0,28,28
02-18-21,Pickett,739,0,490,0,249,0,591,1,3442,34,4033,35,0,23,-3,7,3,709,0,28,23
02-18-21,Polk,1710,12,1562,10,148,2,1723,10,8394,36,10117,46,0,21,0,83,12,1606,1,63,21
02-18-21,Putnam,10441,3,8655,1,1786,2,10374,2,65497,28,75871,30,0,166,-21,107,24,10168,0,199,168
02-18-21,Rhea,4070,16,3554,14,516,2,3982,15,24337,128,28319,143,2,70,8,59,6,3941,0,80,72
02-18-21,Roane,5741,28,4523,14,1218,14,5025,17,39220,247,44245,264,0,95,14,125,14,5521,0,140,96
02-18-21,Robertson,8793,12,7054,5,1739,7,7954,5,39891,48,47845,53,0,112,-9,134,21,8547,0,393,117
02-18-21,Rutherford,37422,61,32810,26,4612,35,38263,27,209968,222,248231,249,1,366,-45,512,105,36544,0,560,375
02-18-21,Scott,2833,4,1629,0,1204,4,1736,0,10587,20,12323,20,1,42,-2,97,5,2694,0,60,43
02-18-21,Sequatchie,1516,1,1230,1,286,0,1335,0,11051,13,12386,13,1,27,-4,48,4,1441,1,35,26
02-18-21,Sevier,11760,31,10428,20,1332,11,11461,19,59837,203,71298,222,1,158,1,175,29,11427,0,255,161
02-18-21,Shelby,85792,92,80209,56,5583,36,98786,82,844904,1013,943690,1095,8,1443,-96,875,180,83474,16,3352,1503
02-18-21,Smith,2512,3,1941,0,571,3,2438,0,12426,8,14864,8,0,36,-3,18,6,2458,0,57,36
02-18-21,Stewart,1225,0,934,0,291,0,1054,0,6351,10,7405,10,0,24,-1,14,1,1187,0,24,24
02-18-21,Sullivan,14003,65,12232,49,1771,16,13252,56,78026,351,91278,407,4,268,27,197,34,13538,4,704,269
02-18-21,Sumner,20950,31,18982,12,1968,19,21480,12,108754,111,130234,123,3,308,-44,216,72,20426,0,679,312
02-18-21,Tipton,6803,7,4813,2,1990,5,5824,2,42988,26,48812,28,1,97,-7,43,13,6663,0,145,99
02-18-21,Trousdale,2375,0,2250,0,125,0,2411,0,8453,4,10864,4,0,21,-2,7,2,2347,0,39,22
02-18-21,Unicoi,1774,14,1387,10,387,4,1528,12,12059,49,13587,61,0,47,11,50,3,1677,0,63,47
02-18-21,Union,1661,8,1415,7,246,1,1528,8,9706,24,11234,32,1,30,6,31,1,1600,1,55,30
02-18-21,Van Buren,788,1,662,1,126,0,731,1,4904,4,5635,5,0,20,-4,-4,5,772,0,19,20
02-18-21,Warren,5249,2,4516,2,733,0,5104,2,30046,24,35150,26,0,73,-4,38,6,5138,0,79,75
02-18-21,Washington,12549,14,10860,12,1689,2,11978,17,74302,354,86280,371,2,227,-13,200,25,12122,1,321,232
02-18-21,Wayne,2847,2,2326,1,521,1,2556,1,10685,4,13241,5,0,30,-1,24,3,2793,0,58,30
02-18-21,Weakley,3759,2,2831,2,928,0,3234,2,20437,5,23671,7,-1,59,-5,15,8,3685,0,59,60
02-18-21,White,3291,2,2749,0,542,2,3364,0,21250,16,24614,16,0,64,-6,48,8,3179,0,104,65
02-18-21,Williamson,24683,44,21240,24,3443,20,23593,27,164851,226,188444,253,1,200,-49,453,92,24030,0,282,202
02-18-21,Wilson,16004,25,14597,13,1407,12,16660,15,91155,93,107815,108,1,206,-18,96,42,15702,0,318,207
02-17-21,Anderson,7782,20,5974,13,1808,7,6660,14,57415,108,64075,122,0,149,-7,184,27,7449,0,189,157
02-17-21,Bedford,5709,1,4619,0,1090,1,5337,0,28892,5,34229,5,0,117,-5,42,6,5550,0,123,117
02-17-21,Benton,1493,0,1205,0,288,0,1330,1,8492,3,9822,4,0,39,-1,11,1,1443,0,35,39
02-17-21,Bledsoe,1969,3,1816,3,153,0,1926,3,14057,13,15983,16,0,10,-3,39,6,1920,0,32,10
02-17-21,Blount,13780,28,11973,18,1807,10,13175,17,66116,143,79291,160,2,171,2,258,24,13351,0,309,177
02-17-21,Bradley,12489,34,10517,16,1972,18,11917,18,58407,106,70324,124,0,132,-15,335,49,12022,0,507,139
02-17-21,Campbell,3717,10,2141,4,1576,6,2399,4,23658,19,26057,23,0,54,-2,85,12,3578,0,112,59
02-17-21,Cannon,1719,1,1411,0,308,1,1575,0,8483,7,10058,7,0,28,-1,13,2,1678,0,34,28
02-17-21,Carroll,3437,3,2272,2,1165,1,2695,2,18597,6,21292,8,0,80,-5,8,8,3349,0,77,82
02-17-21,Carter,5866,17,5139,16,727,1,5635,16,33867,108,39502,124,0,147,-2,105,19,5614,0,208,149
02-17-21,Cheatham,3809,3,3025,2,784,1,3424,2,24652,8,28076,10,0,43,-12,63,15,3703,0,77,43
02-17-21,Chester,1991,3,1444,3,547,0,1723,3,10866,1,12589,4,0,45,-2,1,5,1945,0,39,48
02-17-21,Claiborne,2631,22,1713,13,918,9,1825,13,21598,71,23423,84,0,64,12,140,10,2427,0,87,65
02-17-21,Clay,1054,1,729,1,325,0,832,0,5264,3,6096,3,0,29,-1,16,2,1009,0,23,30
02-17-21,Cocke,3922,6,2707,2,1215,4,2989,3,19457,29,22446,32,0,91,-6,52,12,3779,0,109,92
02-17-21,Coffee,6189,4,4437,0,1752,4,5434,0,42126,41,47560,41,0,112,-34,83,38,5994,0,110,113
02-17-21,Crockett,1953,0,1181,0,772,0,1375,0,6913,1,8288,1,0,46,-2,7,2,1900,0,30,48
02-17-21,Cumberland,6006,3,5064,2,942,1,5803,2,45360,16,51163,18,0,112,-4,85,7,5809,0,146,120
02-17-21,Davidson,79714,36,75609,24,4105,12,91891,26,837370,383,929261,409,2,816,-242,1257,276,77641,0,1848,833
02-17-21,Decatur,1526,2,1143,2,383,0,1358,2,10605,1,11963,3,0,35,0,16,2,1475,0,37,36
02-17-21,Dekalb,2604,0,1959,0,645,0,2260,0,15785,9,18045,9,0,47,-10,18,10,2539,0,52,48
02-17-21,Dickson,6045,5,4417,1,1628,4,5242,1,31971,12,37213,13,0,102,-9,20,14,5923,0,113,106
02-17-21,Dyer,5205,2,3458,2,1747,0,3893,2,20538,5,24431,7,0,98,-9,64,11,5043,0,103,100
02-17-21,Fayette,4591,2,3997,2,594,0,4907,2,34081,5,38988,7,0,71,-10,28,12,4492,0,118,70
02-17-21,Fentress,2272,1,1983,1,289,0,2266,2,11456,9,13722,11,0,43,-3,14,4,2215,1,56,43
02-17-21,Franklin,4620,16,3904,8,716,8,4584,10,32982,39,37566,49,1,80,4,80,11,4460,0,103,84
02-17-21,Gibson,6115,1,3716,1,2399,0,4492,3,27515,7,32007,10,0,138,-9,55,10,5922,0,103,139
02-17-21,Giles,3668,7,3086,1,582,6,3544,1,21256,3,24800,4,0,95,-3,100,10,3473,0,110,96
02-17-21,Grainger,2375,4,1798,1,577,3,2014,1,12812,16,14826,17,0,45,0,64,4,2266,0,62,47
02-17-21,Greene,7181,4,5719,4,1462,0,6408,5,42082,76,48490,81,1,142,-9,117,12,6922,0,171,144
02-17-21,Grundy,1637,8,1392,4,245,4,1599,4,7542,13,9141,17,1,28,-2,57,9,1552,0,54,30
02-17-21,Hamblen,7838,17,5662,2,2176,15,6339,2,42770,37,49109,39,1,157,-8,118,24,7563,0,241,161
02-17-21,Hamilton,39341,140,34334,107,5007,33,38366,130,288156,690,326522,820,3,435,27,725,110,38181,2,1058,449
02-17-21,Hancock,489,1,358,1,131,0,381,1,3605,2,3986,3,0,11,0,5,1,473,0,19,11
02-17-21,Hardeman,3358,1,2729,0,629,1,3195,0,23576,22,26771,22,0,61,-4,9,5,3288,0,100,62
02-17-21,Hardin,3276,2,2255,1,1021,1,2689,1,21930,0,24619,1,0,62,-1,28,3,3186,0,60,63
02-17-21,Hawkins,5063,8,4180,6,883,2,4509,8,29784,31,34293,39,0,91,-9,147,17,4825,0,135,94
02-17-21,Haywood,2628,1,2208,1,420,0,2513,2,12904,3,15417,5,1,59,-3,13,3,2556,0,77,60
02-17-21,Henderson,3588,1,2511,1,1077,0,3151,2,15353,2,18504,4,0,71,-3,43,4,3474,0,75,73
02-17-21,Henry,2963,5,2323,4,640,1,2680,4,16849,6,19529,10,0,73,2,13,3,2877,0,74,74
02-17-21,Hickman,2605,0,2137,0,468,0,2471,0,15036,1,17507,1,0,38,-5,41,5,2526,0,51,39
02-17-21,Houston,1013,0,764,0,249,0,873,1,8878,3,9751,4,0,30,-2,-7,2,990,0,38,30
02-17-21,Humphreys,1493,0,1001,0,492,0,1174,0,10766,3,11940,3,0,21,-1,-12,1,1484,0,29,21
02-17-21,Jackson,1240,0,975,0,265,0,1135,0,5071,3,6206,3,0,33,-3,20,3,1187,0,38,33
02-17-21,Jefferson,5501,10,3888,8,1613,2,4390,10,34444,42,38834,52,0,112,5,115,5,5274,2,171,115
02-17-21,Johnson,2133,1,1920,1,213,0,2044,1,13396,9,15440,10,0,37,-1,18,2,2078,0,57,38
02-17-21,Knox,44996,112,38511,66,6485,46,42029,74,290569,893,332598,967,1,553,-49,1123,160,43320,4,1248,559
02-17-21,Lake,1669,0,1484,0,185,0,1745,0,9421,3,11166,3,0,25,-3,0,3,1644,0,24,26
02-17-21,Lauderdale,3066,2,2397,2,669,0,2747,2,19570,6,22317,8,0,40,-2,35,4,2991,0,80,41
02-17-21,Lawrence,5521,4,4333,1,1188,3,4760,1,26942,14,31702,15,0,79,-6,102,10,5340,0,136,81
02-17-21,Lewis,1437,1,1136,0,301,1,1229,0,9492,4,10721,4,0,24,-3,31,4,1382,0,41,24
02-17-21,Lincoln,4065,3,3185,0,880,3,3620,2,16309,3,19929,5,0,60,-4,48,7,3957,0,78,60
02-17-21,Loudon,5540,29,4381,21,1159,8,4783,21,28692,89,33475,110,1,62,11,171,17,5307,0,121,65
02-17-21,Macon,3316,0,2629,0,687,0,3086,0,14314,3,17400,3,0,73,-6,47,6,3196,0,117,73
02-17-21,Madison,9973,5,5592,4,4381,1,6828,6,51153,16,57981,22,0,223,-10,-564,15,10314,0,328,228
02-17-21,Marion,2864,4,2474,4,390,0,2761,4,16798,40,19559,44,0,43,0,35,4,2786,0,103,44
02-17-21,Marshall,3854,4,3122,1,732,3,3521,1,21554,4,25075,5,1,53,-8,90,11,3711,0,86,54
02-17-21,Maury,12050,4,10793,3,1257,1,11903,3,67524,16,79427,19,1,154,-41,155,44,11741,1,274,158
02-17-21,McMinn,5785,8,5193,8,592,0,5714,8,38220,48,43934,56,0,88,-5,167,13,5530,0,143,90
02-17-21,McNairy,2618,10,1856,8,762,2,2267,8,16966,5,19233,13,0,49,7,-31,3,2600,0,62,53
02-17-21,Meigs,1242,2,1132,2,110,0,1256,1,7271,6,8527,7,0,20,-1,13,3,1209,0,37,21
02-17-21,Monroe,5184,17,4151,13,1033,4,4670,14,24489,83,29159,97,0,87,9,147,8,4950,0,141,90
02-17-21,Montgomery,17014,13,12588,7,4426,6,13830,7,100773,57,114603,64,1,203,-77,218,89,16593,0,291,208
02-17-21,Moore,927,0,729,0,198,0,825,0,4509,0,5334,0,0,15,-1,5,1,907,0,16,15
02-17-21,Morgan,2268,10,1704,4,564,6,1835,5,14050,20,15885,25,0,34,5,24,5,2210,0,33,37
02-17-21,Obion,4337,3,3232,1,1105,2,3660,3,20846,19,24506,22,0,91,0,24,3,4222,0,96,94
02-17-21,Out of State,16068,13,12906,9,3162,4,14542,10,560963,630,575505,640,1,93,-45,175,57,15800,0,192,84
02-17-21,Overton,2812,2,2138,2,674,0,2516,2,13899,10,16415,12,0,57,-2,27,4,2728,0,62,57
02-17-21,Pending,14886,16,9750,11,5136,5,10821,11,363411,387,374232,398,1,125,-49,103,64,14658,0,129,125
02-17-21,Perry,1020,0,882,0,138,0,990,0,5803,0,6793,0,1,27,-3,-5,2,998,0,28,28
02-17-21,Pickett,739,0,490,0,249,0,590,0,3408,4,3998,4,1,23,-1,10,0,706,0,28,23
02-17-21,Polk,1698,9,1552,7,146,2,1713,7,8358,28,10071,35,0,21,3,83,6,1594,0,62,21
02-17-21,Putnam,10438,1,8654,1,1784,0,10372,1,65469,22,75841,23,0,166,-26,128,27,10144,0,199,168
02-17-21,Rhea,4054,4,3540,4,514,0,3967,4,24209,31,28176,35,0,68,-10,51,14,3935,0,80,72
02-17-21,Roane,5713,11,4509,11,1204,0,5008,13,38973,58,43981,71,0,95,-2,111,13,5507,0,140,96
02-17-21,Robertson,8781,9,7049,0,1732,9,7949,2,39843,12,47792,14,1,112,-16,143,24,8526,0,393,117
02-17-21,Rutherford,37361,18,32784,11,4577,7,38236,16,209746,83,247982,99,0,365,-83,557,101,36439,1,560,375
02-17-21,Scott,2829,6,1629,0,1200,6,1736,0,10567,5,12303,5,0,41,-9,99,15,2689,0,60,43
02-17-21,Sequatchie,1515,3,1229,1,286,2,1335,1,11038,10,12373,11,0,26,-8,52,11,1437,0,34,26
02-17-21,Sevier,11729,21,10408,13,1321,8,11442,15,59634,67,71076,82,1,157,-6,174,26,11398,0,255,161
02-17-21,Shelby,85700,41,80153,35,5547,6,98704,50,843891,513,942595,563,2,1435,-217,971,256,83294,0,3336,1499
02-17-21,Smith,2509,0,1941,0,568,0,2438,0,12418,2,14856,2,0,36,-8,21,8,2452,0,57,36
02-17-21,Stewart,1225,0,934,0,291,0,1054,0,6341,2,7395,2,0,24,-4,15,4,1186,0,24,24
02-17-21,Sullivan,13938,29,12183,26,1755,3,13196,25,77675,167,90871,192,0,264,-17,170,46,13504,0,700,268
02-17-21,Sumner,20919,16,18970,8,1949,8,21468,10,108643,37,130111,47,2,305,-65,260,79,20354,1,679,312
02-17-21,Tipton,6796,5,4811,0,1985,5,5822,1,42962,18,48784,19,0,96,-10,50,15,6650,0,145,99
02-17-21,Trousdale,2375,0,2250,0,125,0,2411,0,8449,4,10860,4,0,21,-2,9,2,2345,0,39,22
02-17-21,Unicoi,1760,4,1377,1,383,3,1516,1,12010,15,13526,16,1,47,-1,39,4,1674,1,63,47
02-17-21,Union,1653,1,1408,0,245,1,1520,1,9682,20,11202,21,0,29,-4,25,5,1599,0,54,30
02-17-21,Van Buren,787,0,661,0,126,0,730,0,4900,2,5630,2,0,20,0,0,0,767,0,19,20
02-17-21,Warren,5247,1,4514,1,733,0,5102,1,30022,29,35124,30,0,73,-8,42,9,5132,0,79,75
02-17-21,Washington,12535,21,10848,15,1687,6,11961,14,73948,181,85909,195,0,225,5,213,16,12097,1,320,230
02-17-21,Wayne,2845,1,2325,0,520,1,2555,2,10681,2,13236,4,1,30,-1,25,1,2790,0,58,30
02-17-21,Weakley,3757,2,2829,1,928,1,3232,1,20432,7,23664,8,0,60,-2,20,4,3677,0,59,60
02-17-21,White,3289,2,2749,1,540,1,3364,1,21234,29,24598,30,1,64,-5,54,6,3171,0,104,65
02-17-21,Williamson,24639,23,21216,11,3423,12,23566,13,164625,50,188191,63,1,199,-66,502,88,23938,1,282,202
02-17-21,Wilson,15979,8,14584,4,1395,4,16645,5,91062,37,107707,42,0,205,-56,114,64,15660,1,318,207
02-16-21,Anderson,7762,29,5961,14,1801,15,6646,16,57307,85,63953,101,0,149,11,191,18,7422,0,189,155
02-16-21,Bedford,5708,1,4619,0,1089,1,5337,1,28887,15,34224,16,0,117,-13,47,14,5544,0,123,117
02-16-21,Benton,1493,0,1205,0,288,0,1329,0,8489,2,9818,2,0,39,-5,12,5,1442,0,35,39
02-16-21,Bledsoe,1966,2,1813,1,153,1,1923,1,14044,22,15967,23,0,10,-3,42,5,1914,0,32,10
02-16-21,Blount,13752,30,11955,9,1797,21,13158,13,65973,203,79131,216,0,169,4,256,26,13327,0,309,176
02-16-21,Bradley,12455,47,10501,28,1954,19,11899,29,58301,106,70200,135,1,132,6,350,40,11973,2,507,138
02-16-21,Campbell,3707,13,2137,3,1570,10,2395,4,23639,27,26034,31,0,54,3,87,10,3566,0,112,59
02-16-21,Cannon,1718,1,1411,1,307,0,1575,1,8476,9,10051,10,0,28,-6,14,7,1676,0,34,28
02-16-21,Carroll,3434,0,2270,0,1164,0,2693,0,18591,5,21284,5,0,80,-10,13,10,3341,0,77,82
02-16-21,Carter,5849,14,5123,11,726,3,5619,14,33759,44,39378,58,0,147,3,107,11,5595,0,208,149
02-16-21,Cheatham,3806,2,3023,2,783,0,3422,3,24644,16,28066,19,2,43,-7,75,7,3688,0,77,43
02-16-21,Chester,1988,2,1441,1,547,1,1720,2,10865,3,12585,5,0,45,-3,3,5,1940,0,39,48
02-16-21,Claiborne,2609,28,1700,10,909,18,1812,9,21527,67,23339,76,-1,64,20,128,9,2417,0,87,64
02-16-21,Clay,1053,0,728,0,325,0,832,0,5261,5,6093,5,0,29,-6,17,6,1007,0,23,30
02-16-21,Cocke,3916,7,2705,4,1211,3,2986,5,19428,44,22414,49,1,91,-1,58,7,3767,1,109,91
02-16-21,Coffee,6185,13,4437,2,1748,11,5434,3,42085,13,47519,16,0,112,-10,117,23,5956,0,110,113
02-16-21,Crockett,1953,0,1181,0,772,0,1375,0,6912,3,8287,3,0,46,-5,9,5,1898,0,30,48
02-16-21,Cumberland,6003,6,5062,0,941,6,5801,0,45344,47,51145,47,0,112,-6,89,12,5802,0,146,120
02-16-21,Davidson,79678,87,75585,77,4093,10,91865,85,836987,1756,928852,1841,3,814,-169,1499,253,77365,1,1848,829
02-16-21,Decatur,1524,0,1141,0,383,0,1356,0,10604,1,11960,1,0,35,0,16,0,1473,0,37,36
02-16-21,Dekalb,2604,1,1959,0,645,1,2260,0,15776,8,18036,8,0,47,-7,28,8,2529,0,52,47
02-16-21,Dickson,6040,7,4416,2,1624,5,5241,2,31959,10,37200,12,0,102,-10,29,17,5909,0,113,106
02-16-21,Dyer,5203,2,3456,0,1747,2,3891,0,20533,18,24424,18,0,98,-6,73,8,5032,0,103,100
02-16-21,Fayette,4589,3,3995,1,594,2,4905,2,34076,31,38981,33,0,71,-16,38,19,4480,0,118,70
02-16-21,Fentress,2271,0,1982,0,289,0,2264,0,11447,5,13711,5,0,43,-4,17,4,2211,0,55,43
02-16-21,Franklin,4604,4,3896,2,708,2,4574,2,32943,32,37517,34,0,79,-17,76,21,4449,1,103,84
02-16-21,Gibson,6114,2,3715,1,2399,1,4489,1,27508,11,31997,12,0,138,-12,64,14,5912,0,103,139
02-16-21,Giles,3661,1,3085,1,576,0,3543,1,21253,26,24796,27,0,95,-8,103,9,3463,0,110,96
02-16-21,Grainger,2371,6,1797,1,574,5,2013,1,12796,10,14809,11,0,45,-3,64,9,2262,0,62,47
02-16-21,Greene,7177,12,5715,7,1462,5,6403,11,42006,170,48409,181,1,141,-1,126,12,6910,0,171,144
02-16-21,Grundy,1629,6,1388,3,241,3,1595,4,7529,32,9124,36,0,27,-2,59,8,1543,0,54,30
02-16-21,Hamblen,7821,24,5660,3,2161,21,6337,3,42733,42,49070,45,0,156,0,126,24,7539,1,241,161
02-16-21,Hamilton,39201,123,34227,90,4974,33,38236,96,287466,308,325702,404,1,432,-11,698,133,38071,0,1056,449
02-16-21,Hancock,488,0,357,0,131,0,380,0,3603,3,3983,3,0,11,-5,5,5,472,0,19,11
02-16-21,Hardeman,3357,1,2729,1,628,0,3195,1,23554,11,26749,12,0,61,-6,13,7,3283,0,100,62
02-16-21,Hardin,3274,1,2254,1,1020,0,2688,3,21930,7,24618,10,0,62,-6,29,7,3183,0,60,63
02-16-21,Hawkins,5055,21,4174,14,881,7,4501,16,29753,122,34254,138,0,91,0,156,21,4808,1,135,93
02-16-21,Haywood,2627,0,2207,0,420,0,2511,0,12901,2,15412,2,0,58,-2,16,2,2553,0,77,60
02-16-21,Henderson,3587,3,2510,2,1077,1,3149,2,15351,2,18500,4,0,71,-2,46,5,3470,0,75,73
02-16-21,Henry,2958,5,2319,3,639,2,2676,4,16843,14,19519,18,0,73,-7,11,12,2874,0,74,74
02-16-21,Hickman,2605,1,2137,1,468,0,2471,1,15035,8,17506,9,0,38,-4,46,5,2521,0,51,39
02-16-21,Houston,1013,2,764,2,249,0,872,2,8875,1,9747,3,0,30,-2,-5,4,988,0,38,30
02-16-21,Humphreys,1493,1,1001,1,492,0,1174,1,10763,12,11937,13,0,21,-3,-11,4,1483,0,29,21
02-16-21,Jackson,1240,0,975,0,265,0,1135,0,5068,7,6203,7,0,33,-6,23,6,1184,0,38,32
02-16-21,Jefferson,5491,14,3880,8,1611,6,4380,7,34402,54,38782,61,0,112,-2,110,16,5269,1,169,115
02-16-21,Johnson,2132,2,1919,1,213,1,2043,1,13387,86,15430,87,0,37,-2,19,4,2076,0,57,38
02-16-21,Knox,44884,146,38445,88,6439,58,41955,97,289676,818,331631,915,2,552,-39,1172,183,43160,4,1244,556
02-16-21,Lake,1669,2,1484,1,185,1,1745,1,9418,23,11163,24,1,25,1,3,0,1641,0,24,26
02-16-21,Lauderdale,3064,0,2395,0,669,0,2745,0,19564,14,22309,14,0,40,-8,37,8,2987,0,80,41
02-16-21,Lawrence,5517,2,4332,2,1185,0,4759,3,26928,24,31687,27,0,79,-21,108,23,5330,0,136,79
02-16-21,Lewis,1436,1,1136,1,300,0,1229,1,9488,3,10717,4,0,24,-11,34,12,1378,0,41,24
02-16-21,Lincoln,4062,0,3185,0,877,0,3618,0,16306,3,19924,3,0,60,-7,52,7,3950,0,78,60
02-16-21,Loudon,5511,36,4360,11,1151,25,4762,12,28603,48,33365,60,0,61,9,160,27,5290,0,121,64
02-16-21,Macon,3316,0,2629,0,687,0,3086,0,14311,4,17397,4,0,73,-15,53,15,3190,0,117,73
02-16-21,Madison,9968,8,5588,6,4380,2,6822,6,51137,77,57959,83,1,223,-21,-554,28,10299,0,328,225
02-16-21,Marion,2860,4,2470,2,390,2,2757,2,16758,53,19515,55,-1,43,-7,35,12,2782,2,103,44
02-16-21,Marshall,3850,1,3121,1,729,0,3520,1,21550,13,25070,14,0,52,-19,98,20,3700,0,86,54
02-16-21,Maury,12046,5,10790,5,1256,0,11900,7,67508,156,79408,163,0,153,-60,196,65,11697,1,273,158
02-16-21,McMinn,5777,21,5185,16,592,5,5706,16,38172,83,43878,99,0,88,-1,172,22,5517,0,143,90
02-16-21,McNairy,2608,1,1848,1,760,0,2259,1,16961,5,19220,6,0,49,-5,-38,6,2597,0,62,52
02-16-21,Meigs,1240,4,1130,2,110,2,1255,1,7265,14,8520,15,0,20,-1,14,5,1206,0,37,21
02-16-21,Monroe,5167,14,4138,4,1029,10,4656,4,24406,85,29062,89,0,87,-4,138,18,4942,0,141,90
02-16-21,Montgomery,17001,15,12581,9,4420,6,13823,14,100716,97,114539,111,1,202,-73,295,87,16504,0,291,205
02-16-21,Moore,927,1,729,1,198,0,825,1,4509,3,5334,4,0,15,-1,6,2,906,0,16,15
02-16-21,Morgan,2258,5,1700,2,558,3,1830,1,14030,21,15860,22,0,34,-8,19,13,2205,0,33,37
02-16-21,Obion,4334,1,3231,1,1103,0,3657,1,20827,8,24484,9,0,91,-7,24,8,4219,0,96,92
02-16-21,Out of State,16055,21,12897,16,3158,5,14532,14,560333,686,574865,700,1,92,-31,220,51,15743,0,192,84
02-16-21,Overton,2810,1,2136,1,674,0,2514,2,13889,10,16403,12,0,57,-6,29,7,2724,0,62,57
02-16-21,Pending,14870,14,9739,10,5131,4,10810,14,363024,500,373834,514,-6,124,-50,152,70,14594,0,129,125
02-16-21,Perry,1020,1,882,1,138,0,990,1,5803,5,6793,6,0,26,1,-2,0,996,0,28,28
02-16-21,Pickett,739,0,490,0,249,0,590,0,3404,5,3994,5,0,22,-1,11,1,706,0,28,23
02-16-21,Polk,1689,11,1545,5,144,6,1706,5,8330,13,10036,18,0,21,5,80,6,1588,1,62,21
02-16-21,Putnam,10437,4,8653,4,1784,0,10371,4,65447,31,75818,35,0,166,-22,154,26,10117,0,199,168
02-16-21,Rhea,4050,8,3536,5,514,3,3963,7,24178,58,28141,65,0,68,-8,61,16,3921,0,80,72
02-16-21,Roane,5702,18,4498,10,1204,8,4995,12,38915,93,43910,105,0,95,-3,113,21,5494,0,140,96
02-16-21,Robertson,8772,11,7049,7,1723,4,7947,6,39831,58,47778,64,1,111,-26,159,36,8502,1,393,117
02-16-21,Rutherford,37343,55,32773,48,4570,7,38220,58,209663,312,247883,370,2,365,-71,640,124,36338,1,559,373
02-16-21,Scott,2823,6,1629,2,1194,4,1736,2,10562,11,12298,13,0,41,0,108,6,2674,0,60,43
02-16-21,Sequatchie,1512,7,1228,2,284,5,1334,1,11028,6,12362,7,0,26,3,60,4,1426,0,34,26
02-16-21,Sevier,11708,34,10395,17,1313,17,11427,20,59567,131,70994,151,2,156,-15,180,47,11372,1,255,161
02-16-21,Shelby,85659,76,80118,67,5541,9,98654,79,843378,934,942032,1013,1,1433,-170,1188,245,83038,7,3336,1497
02-16-21,Smith,2509,1,1941,1,568,0,2438,1,12416,11,14854,12,0,36,-9,29,10,2444,0,57,36
02-16-21,Stewart,1225,3,934,2,291,1,1054,2,6339,1,7393,3,0,24,-6,19,9,1182,0,24,24
02-16-21,Sullivan,13909,43,12157,28,1752,15,13171,30,77508,191,90679,221,1,264,11,187,31,13458,2,700,266
02-16-21,Sumner,20903,30,18962,23,1941,7,21458,25,108606,138,130064,163,0,303,-48,325,78,20275,0,678,311
02-16-21,Tipton,6791,0,4811,0,1980,0,5821,0,42944,26,48765,26,0,96,-9,60,9,6635,0,145,99
02-16-21,Trousdale,2375,1,2250,1,125,0,2411,1,8445,15,10856,16,0,21,-2,11,3,2343,1,39,22
02-16-21,Unicoi,1756,6,1376,2,380,4,1515,3,11995,23,13510,26,0,46,6,40,0,1670,1,62,47
02-16-21,Union,1652,3,1408,3,244,0,1519,2,9662,17,11181,19,1,29,-4,29,6,1594,0,54,29
02-16-21,Van Buren,787,0,661,0,126,0,730,0,4898,0,5628,0,0,20,-2,0,2,767,0,19,20
02-16-21,Warren,5246,1,4513,0,733,1,5101,1,29993,20,35094,21,0,73,-16,50,17,5123,0,79,75
02-16-21,Washington,12514,30,10833,22,1681,8,11947,26,73767,240,85714,266,0,225,11,208,19,12081,0,319,228
02-16-21,Wayne,2844,0,2325,0,519,0,2553,0,10679,1,13232,1,0,29,-6,26,6,2789,0,58,30
02-16-21,Weakley,3755,2,2828,2,927,0,3231,1,20425,4,23656,5,2,60,-10,22,10,3673,0,59,60
02-16-21,White,3287,3,2748,1,539,2,3363,3,21205,11,24568,14,0,63,-7,59,10,3165,0,104,65
02-16-21,Williamson,24616,35,21205,29,3411,6,23553,36,164575,229,188128,265,0,198,-89,568,124,23850,0,281,202
02-16-21,Wilson,15971,16,14580,14,1391,2,16640,18,91025,164,107665,182,0,205,-31,170,47,15596,0,317,207
02-15-21,Anderson,7733,16,5947,8,1786,8,6630,9,57222,72,63852,81,0,149,-7,180,23,7404,1,189,155
02-15-21,Bedford,5707,2,4619,1,1088,1,5336,1,28872,9,34208,10,0,117,-8,60,10,5530,0,123,117
02-15-21,Benton,1493,0,1205,0,288,0,1329,0,8487,1,9816,1,0,39,-6,17,6,1437,0,35,39
02-15-21,Bledsoe,1964,2,1812,0,152,2,1922,0,14022,2,15944,2,0,10,-8,45,10,1909,0,32,10
02-15-21,Blount,13722,11,11946,4,1776,7,13145,4,65770,45,78915,49,0,169,-44,252,55,13301,0,309,176
02-15-21,Bradley,12408,41,10473,15,1935,26,11870,13,58195,79,70065,92,0,131,-29,344,70,11933,0,505,138
02-15-21,Campbell,3694,2,2134,2,1560,0,2391,1,23612,21,26003,22,0,54,-16,84,18,3556,0,112,58
02-15-21,Cannon,1717,0,1410,0,307,0,1574,0,8467,2,10041,2,0,28,-5,20,5,1669,0,34,28
02-15-21,Carroll,3434,0,2270,0,1164,0,2693,1,18586,6,21279,7,0,80,-11,23,11,3331,0,77,82
02-15-21,Carter,5835,3,5112,3,723,0,5605,3,33715,12,39320,15,0,147,-15,104,18,5584,0,208,149
02-15-21,Cheatham,3804,4,3021,3,783,1,3419,2,24628,25,28047,27,0,41,-15,82,19,3681,0,77,43
02-15-21,Chester,1986,2,1440,1,546,1,1718,1,10862,63,12580,64,0,45,-3,6,5,1935,0,39,48
02-15-21,Claiborne,2581,4,1690,2,891,2,1803,2,21460,8,23263,10,0,65,-8,108,12,2408,0,87,64
02-15-21,Clay,1053,0,728,0,325,0,832,0,5256,0,6088,0,0,29,-3,23,3,1001,0,23,30
02-15-21,Cocke,3909,4,2701,0,1208,4,2981,1,19384,57,22365,58,0,90,-5,59,9,3760,0,108,91
02-15-21,Coffee,6172,3,4435,0,1737,3,5431,0,42072,18,47503,18,0,112,-23,127,26,5933,0,110,113
02-15-21,Crockett,1953,1,1181,0,772,1,1375,0,6909,2,8284,2,0,46,-5,14,6,1893,0,30,48
02-15-21,Cumberland,5997,3,5062,1,935,2,5801,1,45297,10,51098,11,0,112,-12,95,15,5790,0,146,119
02-15-21,Davidson,79591,68,75508,51,4083,17,91780,62,835231,1309,927011,1371,2,811,-232,1668,298,77112,1,1847,826
02-15-21,Decatur,1524,0,1141,0,383,0,1356,0,10603,3,11959,3,0,35,-2,16,2,1473,0,37,36
02-15-21,Dekalb,2603,1,1959,1,644,0,2260,1,15768,4,18028,5,0,47,-12,35,13,2521,0,52,47
02-15-21,Dickson,6033,13,4414,12,1619,1,5239,12,31949,16,37188,28,0,102,-9,39,22,5892,0,113,105
02-15-21,Dyer,5201,3,3456,3,1745,0,3891,3,20515,8,24406,11,1,98,-15,79,17,5024,0,103,100
02-15-21,Fayette,4586,1,3994,1,592,0,4903,3,34045,12,38948,15,0,71,-8,54,9,4461,0,118,70
02-15-21,Fentress,2271,1,1982,1,289,0,2264,2,11442,8,13706,10,0,43,-1,21,2,2207,0,55,43
02-15-21,Franklin,4600,3,3894,3,706,0,4572,6,32911,33,37483,39,0,79,-11,93,14,4428,0,102,83
02-15-21,Gibson,6112,1,3714,0,2398,1,4488,0,27497,15,31985,15,0,138,-11,76,12,5898,0,103,138
02-15-21,Giles,3660,4,3084,0,576,4,3542,1,21227,12,24769,13,0,95,-5,111,9,3454,0,110,96
02-15-21,Grainger,2365,4,1796,1,569,3,2012,2,12786,5,14798,7,0,45,-6,67,10,2253,0,62,47
02-15-21,Greene,7165,5,5708,5,1457,0,6392,4,41836,25,48228,29,0,140,-17,127,22,6898,0,171,143
02-15-21,Grundy,1623,0,1385,0,238,0,1591,3,7497,18,9088,21,0,27,-10,61,10,1535,0,54,29
02-15-21,Hamblen,7797,18,5657,3,2140,15,6334,5,42691,19,49025,24,0,156,-3,126,21,7515,0,240,160
02-15-21,Hamilton,39078,76,34137,60,4941,16,38140,63,287158,160,325298,223,2,431,-71,709,145,37938,1,1056,446
02-15-21,Hancock,488,1,357,0,131,1,380,0,3600,2,3980,2,0,11,1,10,0,467,0,19,11
02-15-21,Hardeman,3356,0,2728,0,628,0,3194,0,23543,76,26737,76,0,61,-9,19,9,3276,0,100,62
02-15-21,Hardin,3273,0,2253,0,1020,0,2685,0,21923,3,24608,3,0,62,-9,35,9,3176,0,60,63
02-15-21,Hawkins,5034,4,4160,2,874,2,4485,2,29631,67,34116,69,0,91,-19,156,23,4787,0,134,93
02-15-21,Haywood,2627,0,2207,0,420,0,2511,0,12899,5,15410,5,0,58,-4,18,4,2551,0,77,60
02-15-21,Henderson,3584,0,2508,0,1076,0,3147,0,15349,7,18496,7,0,71,-5,48,5,3465,0,75,73
02-15-21,Henry,2953,2,2316,2,637,0,2672,2,16829,5,19501,7,0,73,-12,18,14,2862,0,74,74
02-15-21,Hickman,2604,2,2136,2,468,0,2470,2,15027,8,17497,10,0,38,-5,50,7,2516,0,51,39
02-15-21,Houston,1011,2,762,2,249,0,870,3,8874,2,9744,5,0,30,0,-3,2,984,0,38,30
02-15-21,Humphreys,1492,2,1000,1,492,1,1173,1,10751,2,11924,3,0,21,-7,-8,9,1479,0,29,21
02-15-21,Jackson,1240,0,975,0,265,0,1135,0,5061,2,6196,2,0,33,-1,29,1,1178,0,38,32
02-15-21,Jefferson,5477,12,3872,6,1605,6,4373,6,34348,29,38721,35,0,112,-5,112,17,5253,0,168,115
02-15-21,Johnson,2130,1,1918,0,212,1,2042,0,13301,4,15343,4,0,37,-6,21,7,2072,0,57,38
02-15-21,Knox,44738,78,38357,38,6381,40,41858,42,288858,310,330716,352,2,550,-138,1211,214,42977,1,1240,556
02-15-21,Lake,1667,0,1483,0,184,0,1744,0,9395,0,11139,0,0,24,-1,2,1,1641,0,24,25
02-15-21,Lauderdale,3064,1,2395,1,669,0,2745,1,19550,5,22295,6,0,40,-7,45,8,2979,0,80,41
02-15-21,Lawrence,5515,7,4330,1,1185,6,4756,2,26904,27,31660,29,0,79,-6,129,13,5307,0,136,79
02-15-21,Lewis,1435,4,1135,1,300,3,1228,1,9485,4,10713,5,0,24,1,45,3,1366,0,41,24
02-15-21,Lincoln,4062,2,3185,2,877,0,3618,0,16303,5,19921,5,0,60,-6,59,8,3943,0,78,59
02-15-21,Loudon,5475,12,4349,7,1126,5,4750,7,28555,14,33305,21,0,61,-15,151,27,5263,1,121,64
02-15-21,Macon,3316,1,2629,0,687,1,3086,0,14307,7,17393,7,0,73,-7,68,8,3175,0,117,73
02-15-21,Madison,9960,6,5582,3,4378,3,6816,4,51060,70,57876,74,0,222,-19,-533,25,10271,0,328,223
02-15-21,Marion,2856,7,2468,4,388,3,2755,4,16705,18,19460,22,0,44,-1,42,8,2770,0,101,44
02-15-21,Marshall,3849,6,3120,1,729,5,3519,1,21537,4,25056,5,0,52,-4,117,10,3680,0,86,54
02-15-21,Maury,12041,13,10785,5,1256,8,11893,4,67352,49,79245,53,0,153,-35,256,48,11632,0,272,158
02-15-21,McMinn,5756,10,5169,5,587,5,5690,4,38089,39,43779,43,0,88,-10,173,20,5495,0,143,89
02-15-21,McNairy,2607,3,1847,3,760,0,2258,3,16956,69,19214,72,0,49,-4,-33,7,2591,0,62,50
02-15-21,Meigs,1236,0,1128,0,108,0,1254,0,7251,4,8505,4,0,20,-4,15,4,1201,0,37,21
02-15-21,Monroe,5153,6,4134,1,1019,5,4652,2,24321,15,28973,17,0,87,-19,142,25,4924,0,141,90
02-15-21,Montgomery,16986,18,12572,8,4414,10,13809,11,100619,177,114428,188,0,201,-73,368,91,16417,1,291,205
02-15-21,Moore,926,0,728,0,198,0,824,0,4506,1,5330,1,0,15,-3,7,3,904,0,16,15
02-15-21,Morgan,2253,6,1698,5,555,1,1829,5,14009,4,15838,9,0,34,1,27,5,2192,0,33,37
02-15-21,Obion,4333,0,3230,0,1103,0,3656,0,20819,15,24475,15,0,91,-8,31,8,4211,0,96,92
02-15-21,Out of State,16034,16,12881,12,3153,4,14518,14,559647,531,574165,545,0,91,-63,251,79,15692,0,192,84
02-15-21,Overton,2809,1,2135,0,674,1,2512,0,13879,5,16391,5,0,57,-1,35,2,2717,0,62,57
02-15-21,Pending,14856,10,9729,6,5127,4,10796,9,362524,369,373320,378,-6,130,-48,202,64,14524,0,129,125
02-15-21,Perry,1019,0,881,0,138,0,989,1,5798,1,6787,2,0,26,-5,-3,5,996,0,28,27
02-15-21,Pickett,739,0,490,0,249,0,590,0,3399,2,3989,2,0,22,-2,12,2,705,0,28,23
02-15-21,Polk,1678,4,1540,3,138,1,1701,3,8317,10,10018,13,0,21,-5,75,9,1582,0,61,21
02-15-21,Putnam,10433,2,8649,0,1784,2,10367,0,65416,14,75783,14,0,166,-22,176,24,10091,0,199,168
02-15-21,Rhea,4042,5,3531,4,511,1,3956,4,24120,21,28076,25,0,68,-5,69,10,3905,0,80,72
02-15-21,Roane,5684,6,4488,3,1196,3,4983,3,38822,12,43805,15,0,95,-10,116,16,5473,0,140,96
02-15-21,Robertson,8761,6,7042,3,1719,3,7941,4,39773,23,47714,27,1,110,-17,185,22,8466,0,392,116
02-15-21,Rutherford,37288,57,32725,32,4563,25,38162,34,209351,203,247513,237,1,363,-98,711,154,36214,1,558,372
02-15-21,Scott,2817,2,1627,0,1190,2,1734,1,10551,7,12285,8,0,41,-8,108,10,2668,0,60,43
02-15-21,Sequatchie,1505,4,1226,1,279,3,1333,1,11022,3,12355,4,0,26,-2,57,6,1422,0,34,26
02-15-21,Sevier,11674,12,10378,11,1296,1,11407,14,59436,77,70843,91,0,154,-24,195,36,11325,0,254,160
02-15-21,Shelby,85583,61,80051,48,5532,13,98575,64,842444,695,941019,759,0,1432,-220,1358,281,82793,2,3329,1494
02-15-21,Smith,2508,0,1940,0,568,0,2437,0,12405,6,14842,6,0,36,-5,38,5,2434,0,57,36
02-15-21,Stewart,1222,3,932,3,290,0,1052,3,6338,5,7390,8,0,24,2,25,1,1173,0,24,24
02-15-21,Sullivan,13866,10,12129,8,1737,2,13141,8,77317,101,90458,109,0,263,-42,176,52,13427,2,698,265
02-15-21,Sumner,20873,19,18939,7,1934,12,21433,9,108468,101,129901,110,0,303,-105,373,124,20197,0,678,309
02-15-21,Tipton,6791,1,4811,0,1980,1,5821,2,42918,18,48739,20,0,96,-12,69,13,6626,0,145,99
02-15-21,Trousdale,2374,0,2249,0,125,0,2410,0,8430,2,10840,2,0,21,-3,13,3,2340,0,38,22
02-15-21,Unicoi,1750,2,1374,0,376,2,1512,0,11972,6,13484,6,0,46,2,34,0,1670,0,61,47
02-15-21,Union,1649,6,1405,6,244,0,1517,6,9645,7,11162,13,0,28,2,33,4,1588,1,54,29
02-15-21,Van Buren,787,2,661,2,126,0,730,2,4898,18,5628,20,0,20,0,2,2,765,0,19,20
02-15-21,Warren,5245,1,4513,1,732,0,5100,1,29973,38,35073,39,0,73,-7,66,8,5106,0,79,75
02-15-21,Washington,12484,4,10811,3,1673,1,11921,6,73527,51,85448,57,1,225,-27,197,30,12062,0,319,228
02-15-21,Wayne,2844,1,2325,0,519,1,2553,0,10678,2,13231,2,0,29,-5,32,6,2783,0,58,30
02-15-21,Weakley,3753,1,2826,1,927,0,3230,2,20421,23,23651,25,0,58,-15,32,16,3663,0,59,60
02-15-21,White,3284,0,2747,0,537,0,3360,0,21194,8,24554,8,0,63,-5,66,5,3155,0,104,65
02-15-21,Williamson,24581,32,21176,14,3405,18,23517,13,164346,133,187863,146,0,198,-120,657,152,23726,0,281,202
02-15-21,Wilson,15955,10,14566,5,1389,5,16622,10,90861,80,107483,90,0,205,-80,201,90,15549,0,317,207
02-14-21,Anderson,7717,15,5939,11,1778,4,6621,13,57150,62,63771,75,2,149,1,187,12,7381,0,188,154
02-14-21,Bedford,5705,3,4618,1,1087,2,5335,2,28863,36,34198,38,0,117,-6,68,9,5520,0,123,117
02-14-21,Benton,1493,2,1205,2,288,0,1329,2,8486,12,9815,14,0,39,1,23,1,1431,0,35,39
02-14-21,Bledsoe,1962,4,1812,4,150,0,1922,4,14020,21,15942,25,0,10,1,53,3,1899,0,32,10
02-14-21,Blount,13711,25,11942,13,1769,12,13141,13,65725,108,78866,121,0,169,-9,296,34,13246,1,309,175
02-14-21,Bradley,12367,38,10458,34,1909,4,11857,39,58116,148,69973,187,0,131,4,373,34,11863,2,505,138
02-14-21,Campbell,3692,1,2132,1,1560,0,2390,1,23591,11,25981,12,1,54,-3,100,3,3538,0,112,58
02-14-21,Cannon,1717,0,1410,0,307,0,1574,0,8465,13,10039,13,1,28,-7,25,6,1664,0,34,28
02-14-21,Carroll,3434,2,2270,1,1164,1,2692,2,18580,21,21272,23,2,80,-8,34,8,3320,0,77,82
02-14-21,Carter,5832,4,5109,3,723,1,5602,3,33703,53,39305,56,0,147,-7,119,11,5566,0,208,149
02-14-21,Cheatham,3800,10,3018,7,782,3,3417,7,24603,27,28020,34,0,41,3,97,7,3662,0,77,43
02-14-21,Chester,1984,3,1439,3,545,0,1717,3,10799,11,12516,14,0,45,-4,9,7,1930,0,39,47
02-14-21,Claiborne,2577,8,1688,5,889,3,1801,5,21452,38,23253,43,0,65,1,116,7,2396,0,87,64
02-14-21,Clay,1053,0,728,0,325,0,832,0,5256,7,6088,7,0,29,0,26,0,998,0,23,30
02-14-21,Cocke,3905,8,2701,5,1204,3,2980,6,19327,41,22307,47,1,90,1,64,6,3751,0,108,91
02-14-21,Coffee,6169,4,4435,4,1734,0,5431,4,42054,49,47485,53,0,112,-4,150,8,5907,0,110,113
02-14-21,Crockett,1952,0,1181,0,771,0,1375,0,6907,1,8282,1,2,46,-6,19,4,1887,0,30,48
02-14-21,Cumberland,5994,6,5061,4,933,2,5800,5,45287,44,51087,49,1,112,-4,107,9,5775,1,146,118
02-14-21,Davidson,79523,115,75457,86,4066,29,91718,97,833922,3286,925640,3383,1,809,-17,1900,131,76814,1,1846,824
02-14-21,Decatur,1524,2,1141,2,383,0,1356,2,10600,7,11956,9,0,35,2,18,0,1471,0,37,36
02-14-21,Dekalb,2602,6,1958,6,644,0,2259,6,15764,20,18023,26,1,47,-1,47,6,2508,0,52,47
02-14-21,Dickson,6020,3,4402,0,1618,3,5227,0,31933,28,37160,28,0,102,-12,48,15,5870,0,113,105
02-14-21,Dyer,5198,2,3453,0,1745,2,3888,1,20507,18,24395,19,1,97,-5,94,6,5007,0,103,100
02-14-21,Fayette,4585,2,3993,1,592,1,4900,3,34033,56,38933,59,1,71,-5,62,6,4452,0,118,70
02-14-21,Fentress,2270,1,1981,1,289,0,2262,1,11434,5,13696,6,0,43,-2,22,3,2205,1,55,43
02-14-21,Franklin,4597,9,3891,9,706,0,4566,8,32878,35,37444,43,0,79,0,104,9,4414,0,102,83
02-14-21,Gibson,6111,2,3714,1,2397,1,4488,2,27482,29,31970,31,1,138,-10,87,11,5886,0,103,138
02-14-21,Giles,3656,5,3084,4,572,1,3541,4,21215,40,24756,44,3,95,-2,116,4,3445,0,110,96
02-14-21,Grainger,2361,2,1795,1,566,1,2010,1,12781,5,14791,6,0,45,-3,73,5,2243,0,62,47
02-14-21,Greene,7160,7,5703,6,1457,1,6388,7,41811,76,48199,83,0,140,-12,144,19,6876,0,171,141
02-14-21,Grundy,1623,4,1385,2,238,2,1588,2,7479,9,9067,11,0,27,1,71,3,1525,0,54,28
02-14-21,Hamblen,7779,14,5654,3,2125,11,6329,5,42672,43,49001,48,0,156,-4,129,18,7494,0,240,159
02-14-21,Hamilton,39002,97,34077,80,4925,17,38077,97,286998,685,325075,782,1,429,9,780,87,37793,1,1055,445
02-14-21,Hancock,487,1,357,1,130,0,380,0,3598,6,3978,6,0,11,-1,9,2,467,0,19,11
02-14-21,Hardeman,3356,2,2728,1,628,1,3194,1,23467,57,26661,58,0,61,-5,28,7,3267,2,100,62
02-14-21,Hardin,3273,4,2253,1,1020,3,2685,1,21920,15,24605,16,0,62,2,44,2,3167,0,60,63
02-14-21,Hawkins,5030,2,4158,2,872,0,4483,3,29564,28,34047,31,0,91,-16,175,18,4764,0,134,92
02-14-21,Haywood,2627,2,2207,2,420,0,2511,2,12894,7,15405,9,0,58,-1,22,3,2547,0,77,59
02-14-21,Henderson,3584,0,2508,0,1076,0,3147,1,15342,22,18489,23,2,71,-6,53,4,3460,0,75,73
02-14-21,Henry,2951,5,2314,5,637,0,2670,4,16824,22,19494,26,1,73,-2,30,6,2848,0,74,74
02-14-21,Hickman,2602,6,2134,5,468,1,2468,5,15019,33,17487,38,0,38,1,55,5,2509,0,51,39
02-14-21,Houston,1009,0,760,0,249,0,867,0,8872,4,9739,4,0,30,0,-3,0,982,0,38,30
02-14-21,Humphreys,1490,0,999,0,491,0,1172,0,10749,9,11921,9,0,21,-7,-1,7,1470,0,29,21
02-14-21,Jackson,1240,1,975,1,265,0,1135,1,5059,6,6194,7,0,33,-1,30,2,1177,0,38,32
02-14-21,Jefferson,5465,6,3866,4,1599,2,4367,5,34319,70,38686,75,2,112,-5,117,9,5236,0,168,115
02-14-21,Johnson,2129,0,1918,0,211,0,2042,0,13297,7,15339,7,0,37,-4,27,4,2065,0,57,38
02-14-21,Knox,44660,163,38319,133,6341,30,41816,140,288548,721,330364,861,2,548,18,1349,143,42763,5,1239,556
02-14-21,Lake,1667,0,1483,0,184,0,1744,0,9395,4,11139,4,0,24,0,3,0,1640,0,24,25
02-14-21,Lauderdale,3063,3,2394,1,669,2,2744,2,19545,16,22289,18,0,40,2,52,1,2971,0,80,41
02-14-21,Lawrence,5508,5,4329,3,1179,2,4754,5,26877,43,31631,48,0,79,-7,135,12,5294,0,136,79
02-14-21,Lewis,1431,2,1134,0,297,2,1227,1,9481,6,10708,7,0,24,-3,44,5,1363,0,41,24
02-14-21,Lincoln,4060,4,3183,4,877,0,3618,5,16298,17,19916,22,0,60,1,65,3,3935,0,78,59
02-14-21,Loudon,5463,15,4342,7,1121,8,4743,10,28541,34,33284,44,0,61,-2,166,17,5236,0,120,64
02-14-21,Macon,3315,2,2629,1,686,1,3086,2,14300,8,17386,10,0,73,-5,75,7,3167,0,117,73
02-14-21,Madison,9954,5,5579,4,4375,1,6812,5,50990,45,57802,50,3,222,-9,-514,11,10246,0,328,223
02-14-21,Marion,2849,5,2464,4,385,1,2751,4,16687,18,19438,22,0,44,-5,43,10,2762,0,101,44
02-14-21,Marshall,3843,4,3119,2,724,2,3518,2,21533,18,25051,20,0,52,-2,121,6,3670,0,86,54
02-14-21,Maury,12028,17,10780,16,1248,1,11889,16,67303,95,79192,111,1,153,-6,291,22,11584,0,272,157
02-14-21,McMinn,5746,17,5164,15,582,2,5686,16,38050,70,43736,86,0,88,9,183,8,5475,0,143,89
02-14-21,McNairy,2604,3,1844,3,760,0,2255,3,16887,12,19142,15,0,49,-2,-29,5,2584,0,62,50
02-14-21,Meigs,1236,1,1128,1,108,0,1254,1,7247,22,8501,23,0,20,-4,19,5,1197,0,37,20
02-14-21,Monroe,5147,10,4133,7,1014,3,4650,6,24306,33,28956,39,1,87,-1,161,10,4899,0,141,90
02-14-21,Montgomery,16968,42,12564,32,4404,10,13798,33,100442,188,114240,221,1,201,-17,441,58,16326,1,290,205
02-14-21,Moore,926,0,728,0,198,0,824,0,4505,6,5329,6,0,15,-1,10,1,901,0,16,15
02-14-21,Morgan,2247,1,1693,0,554,1,1824,0,14005,8,15829,8,1,34,-3,26,3,2187,0,33,37
02-14-21,Obion,4333,2,3230,1,1103,1,3656,2,20804,18,24460,20,0,91,-5,39,7,4203,0,96,92
02-14-21,Out of State,16018,19,12869,12,3149,7,14504,15,559116,703,573620,718,0,91,1,314,18,15613,1,192,84
02-14-21,Overton,2808,2,2135,1,673,1,2512,1,13874,11,16386,12,0,57,0,36,2,2715,0,62,57
02-14-21,Pending,14846,24,9723,12,5123,12,10787,14,362155,631,372942,645,-16,136,6,250,34,14460,0,129,124
02-14-21,Perry,1019,1,881,1,138,0,988,2,5797,6,6785,8,0,26,0,2,1,991,0,28,27
02-14-21,Pickett,739,0,490,0,249,0,590,0,3397,2,3987,2,0,22,-2,14,2,703,0,28,22
02-14-21,Polk,1674,6,1537,6,137,0,1698,6,8307,15,10005,21,0,21,0,80,6,1573,0,61,21
02-14-21,Putnam,10431,6,8649,5,1782,1,10367,5,65402,66,75769,71,0,166,-12,198,18,10067,0,199,168
02-14-21,Rhea,4037,6,3527,3,510,3,3952,4,24099,44,28051,48,0,68,-2,74,8,3895,0,80,72
02-14-21,Roane,5678,8,4485,5,1193,3,4980,6,38810,48,43790,54,1,95,0,126,7,5457,0,140,96
02-14-21,Robertson,8755,20,7039,9,1716,11,7937,10,39750,72,47687,82,1,109,-8,202,27,8444,0,392,116
02-14-21,Rutherford,37231,80,32693,45,4538,35,38128,49,209148,474,247276,523,1,362,-18,809,97,36060,1,557,371
02-14-21,Scott,2815,0,1627,0,1188,0,1733,0,10544,7,12277,7,0,41,-9,116,9,2658,0,60,43
02-14-21,Sequatchie,1501,3,1225,1,276,2,1332,0,11019,11,12351,11,0,26,2,59,1,1416,0,34,26
02-14-21,Sevier,11662,24,10367,17,1295,7,11393,21,59359,154,70752,175,1,154,0,219,23,11289,0,254,160
02-14-21,Shelby,85522,124,80003,104,5519,20,98511,156,841749,1693,940260,1849,7,1432,-16,1578,133,82512,2,3327,1489
02-14-21,Smith,2508,1,1940,1,568,0,2437,1,12399,15,14836,16,0,36,-3,43,4,2429,0,57,36
02-14-21,Stewart,1219,0,929,0,290,0,1049,1,6333,10,7382,11,0,24,-1,23,1,1172,0,24,24
02-14-21,Sullivan,13856,28,12121,28,1735,0,13133,32,77216,181,90349,213,0,263,6,218,22,13375,1,696,264
02-14-21,Sumner,20854,38,18932,20,1922,18,21424,23,108367,186,129791,209,0,303,-20,478,58,20073,1,678,309
02-14-21,Tipton,6790,3,4811,1,1979,2,5819,1,42900,81,48719,82,0,96,-7,81,10,6613,0,145,99
02-14-21,Trousdale,2374,0,2249,0,125,0,2410,0,8428,8,10838,8,0,21,-1,16,1,2337,0,38,22
02-14-21,Unicoi,1748,5,1374,0,374,5,1512,1,11966,11,13478,12,0,46,2,32,3,1670,0,61,47
02-14-21,Union,1643,3,1399,2,244,1,1511,2,9638,11,11149,13,0,28,2,31,1,1584,0,53,29
02-14-21,Van Buren,785,0,659,0,126,0,728,0,4880,4,5608,4,1,20,-2,2,1,763,0,19,20
02-14-21,Warren,5244,5,4512,4,732,1,5099,4,29935,34,35034,38,0,73,-5,73,10,5098,0,79,75
02-14-21,Washington,12480,8,10808,7,1672,1,11915,8,73476,183,85391,191,1,224,-13,224,20,12032,1,319,228
02-14-21,Wayne,2843,3,2325,1,518,2,2553,1,10676,7,13229,8,0,29,-1,37,4,2777,0,58,30
02-14-21,Weakley,3752,0,2825,0,927,0,3228,0,20398,19,23626,19,0,58,-9,47,9,3647,0,59,60
02-14-21,White,3284,2,2747,0,537,2,3360,0,21186,23,24546,23,0,63,0,71,2,3150,0,104,64
02-14-21,Williamson,24549,68,21162,38,3387,30,23504,41,164213,350,187717,391,1,198,-33,777,100,23574,1,281,202
02-14-21,Wilson,15945,34,14561,20,1384,14,16612,24,90781,224,107393,248,0,205,-18,281,52,15459,0,317,206
02-13-21,Anderson,7702,25,5928,9,1774,16,6608,9,57088,188,63696,197,0,147,10,186,15,7369,0,188,154
02-13-21,Bedford,5702,12,4617,11,1085,1,5333,12,28827,118,34160,130,0,117,5,74,7,5511,0,123,117
02-13-21,Benton,1491,1,1203,0,288,1,1327,0,8474,12,9801,12,0,39,-1,22,2,1430,0,35,39
02-13-21,Bledsoe,1958,2,1808,2,150,0,1918,3,13999,25,15917,28,0,10,-5,52,7,1896,0,32,10
02-13-21,Blount,13686,33,11929,19,1757,14,13128,19,65617,214,78745,233,1,169,1,305,31,13212,0,308,174
02-13-21,Bradley,12329,30,10424,23,1905,7,11818,30,57968,167,69786,197,0,131,-5,369,35,11829,1,503,137
02-13-21,Campbell,3691,13,2131,3,1560,10,2389,5,23580,48,25969,53,0,53,7,103,6,3535,0,112,58
02-13-21,Cannon,1717,5,1410,3,307,2,1574,3,8452,29,10026,32,1,27,2,32,2,1658,1,34,28
02-13-21,Carroll,3432,5,2269,2,1163,3,2690,3,18559,22,21249,25,0,78,1,42,4,3312,0,77,81
02-13-21,Carter,5828,7,5106,3,722,4,5599,3,33650,181,39249,184,0,147,-5,126,12,5555,0,208,148
02-13-21,Cheatham,3790,20,3011,14,779,6,3410,15,24576,159,27986,174,0,41,8,94,12,3655,0,77,42
02-13-21,Chester,1981,1,1436,1,545,0,1714,1,10788,12,12502,13,0,45,-2,13,3,1923,0,39,47
02-13-21,Claiborne,2569,14,1683,10,886,4,1796,10,21414,70,23210,80,0,65,4,115,10,2389,0,87,64
02-13-21,Clay,1053,0,728,0,325,0,832,0,5249,10,6081,10,0,29,-1,26,1,998,0,23,30
02-13-21,Cocke,3897,2,2696,2,1201,0,2974,1,19286,27,22260,28,0,89,-7,63,9,3745,0,108,91
02-13-21,Coffee,6165,16,4431,8,1734,8,5427,12,42005,182,47432,194,1,112,4,154,11,5899,0,110,113
02-13-21,Crockett,1952,5,1181,2,771,3,1375,3,6906,4,8281,7,0,44,2,25,3,1883,0,30,48
02-13-21,Cumberland,5988,4,5057,1,931,3,5795,1,45243,64,51038,65,0,111,-1,111,5,5766,0,145,118
02-13-21,Davidson,79408,174,75371,145,4037,29,91621,187,830636,2369,922257,2556,2,808,22,1917,150,76683,2,1845,821
02-13-21,Decatur,1522,3,1139,2,383,1,1354,2,10593,8,11947,10,0,35,3,16,0,1471,0,37,36
02-13-21,Dekalb,2596,4,1952,1,644,3,2253,1,15744,23,17997,24,0,46,-2,48,6,2502,0,52,47
02-13-21,Dickson,6017,15,4402,9,1615,6,5227,10,31905,124,37132,134,0,102,-3,60,18,5855,0,113,105
02-13-21,Dyer,5196,2,3453,1,1743,1,3887,1,20489,23,24376,24,0,96,-2,99,4,5001,0,103,100
02-13-21,Fayette,4583,7,3992,3,591,4,4897,3,33977,101,38874,104,0,70,-1,67,8,4446,0,118,70
02-13-21,Fentress,2269,2,1980,0,289,2,2261,0,11429,90,13690,90,1,43,0,24,1,2202,0,54,43
02-13-21,Franklin,4588,8,3882,8,706,0,4558,10,32843,113,37401,123,0,79,0,104,8,4405,0,102,83
02-13-21,Gibson,6109,4,3713,3,2396,1,4486,3,27453,37,31939,40,0,137,-3,97,7,5875,0,103,138
02-13-21,Giles,3651,8,3080,5,571,3,3537,7,21175,66,24712,73,1,92,-3,118,10,3441,0,110,96
02-13-21,Grainger,2359,6,1794,3,565,3,2009,3,12776,29,14785,32,0,45,-1,76,7,2238,0,62,47
02-13-21,Greene,7153,5,5697,3,1456,2,6381,6,41735,94,48116,100,1,140,-10,156,14,6857,0,171,140
02-13-21,Grundy,1619,3,1383,2,236,1,1586,3,7470,26,9056,29,0,27,1,70,2,1522,0,54,28
02-13-21,Hamblen,7765,12,5651,5,2114,7,6324,5,42629,47,48953,52,0,156,-1,133,13,7476,0,240,159
02-13-21,Hamilton,38905,74,33997,58,4908,16,37980,76,286313,805,324293,881,0,428,-39,771,113,37706,0,1054,443
02-13-21,Hancock,486,1,356,1,130,0,380,1,3592,6,3972,7,0,11,1,10,0,465,0,19,11
02-13-21,Hardeman,3354,1,2727,1,627,0,3193,1,23410,25,26603,26,1,61,-2,33,2,3260,0,98,62
02-13-21,Hardin,3269,4,2252,1,1017,3,2684,1,21905,31,24589,32,0,62,2,42,2,3165,0,60,63
02-13-21,Hawkins,5028,20,4156,7,872,13,4480,8,29536,52,34016,60,0,91,6,191,14,4746,1,134,92
02-13-21,Haywood,2625,2,2205,2,420,0,2509,2,12887,16,15396,18,0,58,0,23,2,2544,0,77,58
02-13-21,Henderson,3584,3,2508,0,1076,3,3146,0,15320,17,18466,17,0,69,-3,59,6,3456,0,75,72
02-13-21,Henry,2946,2,2309,2,637,0,2666,2,16802,23,19468,25,0,72,-2,32,4,2842,0,74,74
02-13-21,Hickman,2596,8,2129,2,467,6,2463,2,14986,42,17449,44,0,38,2,54,6,2504,0,51,39
02-13-21,Houston,1009,0,760,0,249,0,867,0,8868,10,9735,10,0,30,0,-3,0,982,0,38,30
02-13-21,Humphreys,1490,2,999,0,491,2,1172,0,10740,21,11912,21,0,21,-4,6,6,1463,0,29,21
02-13-21,Jackson,1239,1,974,0,265,1,1134,0,5053,12,6187,12,1,33,-1,31,1,1175,0,38,32
02-13-21,Jefferson,5459,8,3862,4,1597,4,4362,5,34249,80,38611,85,1,110,-7,122,14,5227,0,168,115
02-13-21,Johnson,2129,3,1918,1,211,2,2042,1,13290,19,15332,20,0,37,-2,31,5,2061,0,57,37
02-13-21,Knox,44497,135,38186,90,6311,45,41676,103,287827,852,329503,955,4,546,-9,1331,140,42620,7,1234,555
02-13-21,Lake,1667,1,1483,0,184,1,1744,0,9391,7,11135,7,-1,24,2,3,0,1640,0,24,25
02-13-21,Lauderdale,3060,1,2393,1,667,0,2742,1,19529,52,22271,53,0,40,-3,50,4,2970,0,80,41
02-13-21,Lawrence,5503,14,4326,10,1177,4,4749,11,26834,122,31583,133,1,79,8,142,5,5282,1,136,79
02-13-21,Lewis,1429,2,1134,1,295,1,1226,1,9475,28,10701,29,0,24,-1,47,3,1358,0,41,24
02-13-21,Lincoln,4056,3,3179,1,877,2,3613,2,16281,49,19894,51,0,60,-3,64,6,3932,0,78,59
02-13-21,Loudon,5448,16,4335,5,1113,11,4733,5,28507,67,33240,72,0,61,1,168,15,5219,0,120,64
02-13-21,Macon,3313,1,2628,0,685,1,3084,1,14292,27,17376,28,0,73,-11,80,12,3160,0,117,73
02-13-21,Madison,9949,17,5575,3,4374,14,6807,2,50945,53,57752,55,0,219,-2,-505,19,10235,0,328,222
02-13-21,Marion,2844,3,2460,1,384,2,2747,2,16669,37,19416,39,0,44,-2,48,5,2752,0,101,44
02-13-21,Marshall,3839,2,3117,1,722,1,3516,4,21515,49,25031,53,0,52,-4,123,6,3664,0,86,53
02-13-21,Maury,12011,27,10764,21,1247,6,11873,24,67208,258,79081,282,0,152,8,297,19,11562,0,272,157
02-13-21,McMinn,5729,21,5149,16,580,5,5670,18,37980,228,43650,246,1,88,5,174,15,5467,2,143,89
02-13-21,McNairy,2601,1,1841,1,760,0,2252,1,16875,36,19127,37,0,49,1,-27,0,2579,0,62,50
02-13-21,Meigs,1235,0,1127,0,108,0,1253,0,7225,33,8478,33,0,20,-2,23,2,1192,0,37,20
02-13-21,Monroe,5137,18,4126,12,1011,6,4644,15,24273,84,28917,99,1,86,0,162,17,4889,1,141,90
02-13-21,Montgomery,16926,47,12532,27,4394,20,13765,28,100254,456,114019,484,0,200,-15,458,62,16268,1,289,205
02-13-21,Moore,926,0,728,0,198,0,824,0,4499,5,5323,5,0,15,-3,11,3,900,0,16,15
02-13-21,Morgan,2246,10,1693,6,553,4,1824,7,13997,28,15821,35,1,33,7,29,2,2184,0,33,36
02-13-21,Obion,4331,3,3229,2,1102,1,3654,2,20786,79,24440,81,0,91,2,44,1,4196,0,96,92
02-13-21,Out of State,15999,29,12857,27,3142,2,14489,39,558413,1408,572902,1447,0,91,11,313,18,15595,1,191,84
02-13-21,Overton,2806,3,2134,2,672,1,2511,2,13863,33,16374,35,0,57,-3,36,6,2713,0,62,57
02-13-21,Pending,14822,51,9711,36,5111,15,10773,44,361524,1032,372297,1076,-17,152,27,244,41,14426,1,129,124
02-13-21,Perry,1018,0,880,0,138,0,986,0,5791,6,6777,6,0,26,-3,2,3,990,0,28,26
02-13-21,Pickett,739,1,490,1,249,0,590,2,3395,5,3985,7,0,22,1,16,0,701,0,28,22
02-13-21,Polk,1668,3,1531,2,137,1,1692,4,8292,39,9984,43,0,21,-3,80,6,1567,0,61,21
02-13-21,Putnam,10425,10,8644,5,1781,5,10362,8,65336,176,75698,184,1,166,-14,210,23,10049,1,199,168
02-13-21,Rhea,4031,10,3524,7,507,3,3948,6,24055,47,28003,53,0,68,6,76,4,3887,0,80,72
02-13-21,Roane,5670,14,4480,10,1190,4,4974,13,38762,107,43736,120,0,94,2,126,12,5450,0,140,96
02-13-21,Robertson,8735,21,7030,13,1705,8,7927,13,39678,166,47605,179,1,108,-2,210,22,8417,1,392,115
02-13-21,Rutherford,37151,127,32648,76,4503,51,38079,89,208674,938,246753,1027,0,361,33,827,94,35963,1,556,370
02-13-21,Scott,2815,13,1627,5,1188,8,1733,5,10537,22,12270,27,0,41,5,125,8,2649,0,60,42
02-13-21,Sequatchie,1498,4,1224,1,274,3,1332,2,11008,18,12340,20,0,26,4,57,0,1415,0,34,26
02-13-21,Sevier,11638,33,10350,22,1288,11,11372,22,59205,114,70577,136,1,153,8,219,24,11266,0,254,158
02-13-21,Shelby,85398,161,79899,132,5499,29,98355,165,840056,3063,938411,3228,2,1425,-17,1594,176,82379,1,3325,1486
02-13-21,Smith,2507,3,1939,2,568,1,2436,3,12384,31,14820,34,0,36,-1,46,4,2425,0,57,36
02-13-21,Stewart,1219,2,929,2,290,0,1048,1,6323,18,7371,19,0,24,1,24,1,1171,0,24,24
02-13-21,Sullivan,13828,28,12093,18,1735,10,13101,18,77035,241,90136,259,0,263,8,212,20,13353,2,695,264
02-13-21,Sumner,20816,67,18912,47,1904,20,21401,54,108181,425,129582,479,0,303,9,498,58,20015,1,677,308
02-13-21,Tipton,6787,12,4810,2,1977,10,5818,2,42819,113,48637,115,0,96,0,88,12,6603,0,145,98
02-13-21,Trousdale,2374,2,2249,1,125,1,2410,1,8420,26,10830,27,0,21,1,17,1,2336,1,38,22
02-13-21,Unicoi,1743,4,1374,2,369,2,1511,3,11955,39,13466,42,0,46,2,30,2,1667,0,61,47
02-13-21,Union,1640,3,1397,3,243,0,1509,3,9627,15,11136,18,0,28,2,29,1,1583,1,53,29
02-13-21,Van Buren,785,0,659,0,126,0,728,0,4876,6,5604,6,0,19,0,4,0,762,0,19,20
02-13-21,Warren,5239,7,4508,6,731,1,5095,7,29901,67,34996,74,0,73,4,78,3,5088,0,79,75
02-13-21,Washington,12472,23,10801,17,1671,6,11907,18,73293,318,85200,336,1,223,3,237,19,12012,0,318,227
02-13-21,Wayne,2840,2,2324,2,516,0,2552,2,10669,19,13221,21,1,29,-3,38,4,2773,0,58,30
02-13-21,Weakley,3752,6,2825,4,927,2,3228,4,20379,62,23607,66,1,58,-1,56,6,3638,0,59,59
02-13-21,White,3282,8,2747,2,535,6,3360,2,21163,57,24523,59,0,63,6,71,2,3148,1,104,64
02-13-21,Williamson,24481,87,21124,57,3357,30,23463,65,163863,547,187326,612,0,197,-14,810,101,23474,0,280,202
02-13-21,Wilson,15911,45,14541,36,1370,9,16588,41,90557,283,107145,324,0,205,-5,299,50,15407,1,317,206
02-12-21,Anderson,7677,27,5919,15,1758,12,6599,15,56900,196,63499,211,0,147,12,176,15,7354,0,188,154
02-12-21,Bedford,5690,3,4606,2,1084,1,5321,3,28709,64,34030,67,2,117,-11,69,12,5504,0,123,117
02-12-21,Benton,1490,3,1203,1,287,2,1327,1,8462,17,9789,18,0,39,3,23,0,1428,0,35,39
02-12-21,Bledsoe,1956,8,1806,6,150,2,1915,6,13974,47,15889,53,0,10,2,57,6,1889,0,32,10
02-12-21,Blount,13653,38,11910,22,1743,16,13109,28,65403,259,78512,287,2,168,8,304,28,13181,0,308,173
02-12-21,Bradley,12299,46,10401,36,1898,10,11788,40,57801,250,69589,290,0,131,11,374,35,11794,2,502,137
02-12-21,Campbell,3678,11,2128,2,1550,9,2384,3,23532,31,25916,34,1,53,2,96,8,3529,0,112,58
02-12-21,Cannon,1712,4,1407,3,305,1,1571,4,8423,21,9994,25,0,26,1,30,3,1656,0,33,28
02-12-21,Carroll,3427,2,2267,1,1160,1,2687,1,18537,15,21224,16,-1,78,-5,41,8,3308,0,77,81
02-12-21,Carter,5821,14,5103,10,718,4,5596,10,33469,105,39065,115,0,147,-6,131,20,5543,0,208,148
02-12-21,Cheatham,3770,5,2997,1,773,4,3395,3,24417,68,27812,71,1,41,-7,86,11,3643,0,77,41
02-12-21,Chester,1980,3,1435,3,545,0,1713,3,10776,14,12489,17,0,45,-9,15,12,1920,0,39,46
02-12-21,Claiborne,2555,21,1673,11,882,10,1786,12,21344,118,23130,130,3,65,4,111,14,2379,0,87,64
02-12-21,Clay,1053,1,728,1,325,0,832,1,5239,13,6071,14,0,29,0,27,1,997,0,23,30
02-12-21,Cocke,3895,11,2694,2,1201,9,2973,4,19259,46,22232,50,2,89,-2,70,11,3736,0,108,91
02-12-21,Coffee,6149,8,4423,4,1726,4,5415,5,41823,173,47238,178,1,111,-6,150,13,5888,0,110,113
02-12-21,Crockett,1947,0,1179,0,768,0,1372,0,6902,14,8274,14,0,44,-2,23,2,1880,0,30,47
02-12-21,Cumberland,5984,19,5056,17,928,2,5794,20,45179,139,50973,159,2,111,7,112,10,5761,0,145,118
02-12-21,Davidson,79234,186,75226,155,4008,31,91434,183,828267,4745,919701,4928,2,806,-66,1895,250,76533,3,1843,815
02-12-21,Decatur,1519,0,1137,0,382,0,1352,0,10585,4,11937,4,1,35,-3,13,2,1471,0,37,36
02-12-21,Dekalb,2592,9,1951,8,641,1,2252,10,15721,52,17973,62,0,46,3,50,6,2496,0,52,47
02-12-21,Dickson,6002,9,4393,6,1609,3,5217,8,31781,67,36998,75,2,102,-8,63,15,5837,0,113,103
02-12-21,Dyer,5194,2,3452,1,1742,1,3886,1,20466,26,24352,27,0,96,-5,101,7,4997,0,103,100
02-12-21,Fayette,4576,7,3989,7,587,0,4894,6,33876,52,38770,58,1,70,-8,68,14,4438,0,118,70
02-12-21,Fentress,2267,1,1980,0,287,1,2261,0,11339,23,13600,23,0,42,1,24,0,2201,0,54,43
02-12-21,Franklin,4580,9,3874,8,706,1,4548,11,32730,162,37278,173,0,79,-2,104,11,4397,0,102,82
02-12-21,Gibson,6105,8,3710,8,2395,0,4483,10,27416,69,31899,79,0,137,-9,100,17,5868,0,103,138
02-12-21,Giles,3643,16,3075,11,568,5,3530,12,21109,113,24639,125,1,91,10,121,5,3431,0,110,96
02-12-21,Grainger,2353,13,1791,9,562,4,2006,9,12747,47,14753,56,-1,45,9,77,5,2231,0,62,47
02-12-21,Greene,7148,11,5694,11,1454,0,6375,13,41641,181,48016,194,2,139,-12,166,21,6843,0,171,140
02-12-21,Grundy,1616,6,1381,4,235,2,1583,4,7444,39,9027,43,0,27,-3,69,9,1520,0,54,28
02-12-21,Hamblen,7753,20,5646,7,2107,13,6319,8,42582,140,48901,148,3,156,-10,134,27,7463,0,240,159
02-12-21,Hamilton,38831,108,33939,94,4892,14,37904,100,285508,1005,323412,1105,4,428,-8,810,112,37593,3,1054,440
02-12-21,Hancock,485,3,355,3,130,0,379,4,3586,7,3965,11,2,11,0,9,1,465,0,19,11
02-12-21,Hardeman,3353,1,2726,1,627,0,3192,1,23385,27,26577,28,-2,60,0,35,3,3258,0,98,62
02-12-21,Hardin,3265,5,2251,2,1014,3,2683,2,21874,35,24557,37,2,62,-2,40,5,3163,1,60,63
02-12-21,Hawkins,5008,20,4149,16,859,4,4472,18,29484,158,33956,176,1,91,-3,185,22,4732,0,133,92
02-12-21,Haywood,2623,3,2203,3,420,0,2507,3,12871,10,15378,13,0,58,-1,23,4,2542,0,77,58
02-12-21,Henderson,3581,6,2508,3,1073,3,3146,3,15303,14,18449,17,0,69,-1,62,7,3450,0,75,72
02-12-21,Henry,2944,3,2307,3,637,0,2664,3,16779,29,19443,32,0,72,-4,34,7,2838,0,74,74
02-12-21,Hickman,2588,5,2127,2,461,3,2461,3,14944,47,17405,50,0,38,-3,52,8,2498,0,51,39
02-12-21,Houston,1009,1,760,1,249,0,867,2,8858,8,9725,10,0,30,0,-3,1,982,0,38,30
02-12-21,Humphreys,1488,3,999,1,489,2,1172,1,10719,22,11891,23,0,21,-2,10,5,1457,0,29,21
02-12-21,Jackson,1238,1,974,1,264,0,1134,1,5041,16,6175,17,1,32,-4,32,4,1174,0,38,32
02-12-21,Jefferson,5451,17,3858,11,1593,6,4357,19,34169,266,38526,285,2,109,0,129,15,5213,0,168,115
02-12-21,Johnson,2126,3,1917,3,209,0,2041,3,13271,42,15312,45,0,37,-2,33,5,2056,1,57,37
02-12-21,Knox,44362,179,38096,115,6266,64,41573,128,286975,1000,328548,1128,3,542,18,1340,158,42480,3,1227,551
02-12-21,Lake,1666,1,1483,0,183,1,1744,0,9384,8,11128,8,1,25,-2,1,2,1640,0,24,25
02-12-21,Lauderdale,3059,3,2392,3,667,0,2741,4,19477,20,22218,24,0,40,-1,53,4,2966,0,80,41
02-12-21,Lawrence,5489,6,4316,5,1173,1,4738,6,26712,74,31450,80,0,78,-13,134,19,5277,0,135,79
02-12-21,Lewis,1427,6,1133,1,294,5,1225,1,9447,11,10672,12,0,24,-4,48,10,1355,0,41,24
02-12-21,Lincoln,4053,9,3178,7,875,2,3611,7,16232,38,19843,45,2,60,-1,67,8,3926,0,78,59
02-12-21,Loudon,5432,23,4330,15,1102,8,4728,16,28440,62,33168,78,0,61,-6,167,29,5204,0,120,64
02-12-21,Macon,3312,13,2628,4,684,9,3083,4,14265,83,17348,87,1,73,1,91,11,3148,0,117,73
02-12-21,Madison,9932,11,5572,6,4360,5,6805,12,50892,46,57697,58,2,219,-4,-503,13,10216,0,328,222
02-12-21,Marion,2841,13,2459,12,382,1,2745,11,16632,44,19377,55,0,44,3,50,10,2747,0,101,44
02-12-21,Marshall,3837,10,3116,7,721,3,3512,5,21466,35,24978,40,0,52,2,127,8,3658,0,86,53
02-12-21,Maury,11984,21,10743,10,1241,11,11849,9,66950,70,78799,79,1,152,-15,289,35,11543,1,272,157
02-12-21,McMinn,5708,12,5133,10,575,2,5652,10,37752,109,43404,119,0,87,-2,169,14,5452,0,141,89
02-12-21,McNairy,2600,8,1840,6,760,2,2251,6,16839,10,19090,16,0,49,4,-28,4,2579,0,62,49
02-12-21,Meigs,1235,3,1127,0,108,3,1253,0,7192,31,8445,31,0,20,-1,25,4,1190,0,37,20
02-12-21,Monroe,5119,12,4114,10,1005,2,4629,11,24189,99,28818,110,0,85,-5,162,17,4872,0,140,90
02-12-21,Montgomery,16879,46,12505,35,4374,11,13737,36,99798,229,113535,265,2,200,-35,473,79,16206,1,288,204
02-12-21,Moore,926,2,728,2,198,0,824,2,4494,8,5318,10,0,15,-1,14,3,897,0,16,15
02-12-21,Morgan,2236,8,1687,5,549,3,1817,5,13969,30,15786,35,2,32,2,22,4,2182,0,33,36
02-12-21,Obion,4328,1,3227,1,1101,0,3652,1,20707,33,24359,34,0,91,-8,42,9,4195,0,96,92
02-12-21,Out of State,15970,32,12830,22,3140,10,14450,31,557005,1525,571455,1556,0,91,-2,302,34,15577,1,190,83
02-12-21,Overton,2803,4,2132,4,671,0,2509,5,13830,31,16339,36,0,57,1,39,3,2707,0,62,57
02-12-21,Pending,14771,42,9675,22,5096,20,10729,26,360492,1292,371221,1318,-7,169,0,217,49,14385,0,128,124
02-12-21,Perry,1018,0,880,0,138,0,986,0,5785,9,6771,9,0,26,-3,5,3,987,0,28,26
02-12-21,Pickett,738,0,489,0,249,0,588,1,3390,33,3978,34,0,22,-3,15,3,701,0,28,22
02-12-21,Polk,1665,28,1529,26,136,2,1688,25,8253,46,9941,71,0,21,22,83,6,1561,1,61,21
02-12-21,Putnam,10415,32,8639,26,1776,6,10354,34,65160,228,75514,262,1,165,6,224,25,10026,0,198,167
02-12-21,Rhea,4021,12,3517,8,504,4,3942,10,24008,66,27950,76,2,68,4,70,6,3883,0,80,72
02-12-21,Roane,5656,30,4470,23,1186,7,4961,24,38655,138,43616,162,0,94,12,124,18,5438,0,140,96
02-12-21,Robertson,8714,15,7017,7,1697,8,7914,9,39512,55,47426,64,0,107,-16,212,31,8395,0,391,114
02-12-21,Rutherford,37024,92,32572,63,4452,29,37990,75,207736,754,245726,829,5,361,-50,794,137,35869,0,555,369
02-12-21,Scott,2802,6,1622,3,1180,3,1728,4,10515,24,12243,28,0,41,-2,120,8,2641,0,60,42
02-12-21,Sequatchie,1494,4,1223,3,271,1,1330,5,10990,31,12320,36,0,26,-1,53,5,1415,1,34,26
02-12-21,Sevier,11605,33,10328,21,1277,12,11350,24,59091,216,70441,240,2,152,-3,211,34,11242,0,254,158
02-12-21,Shelby,85237,191,79767,162,5470,29,98190,226,836993,3052,935183,3278,13,1423,-98,1611,276,82203,0,3324,1486
02-12-21,Smith,2504,6,1937,4,567,2,2433,4,12353,14,14786,18,0,36,4,47,2,2421,0,57,36
02-12-21,Stewart,1217,2,927,2,290,0,1047,2,6305,9,7352,11,0,24,1,23,1,1170,0,24,24
02-12-21,Sullivan,13800,30,12075,26,1725,4,13083,31,76794,272,89877,303,1,263,-14,204,43,13333,1,693,262
02-12-21,Sumner,20749,58,18865,33,1884,25,21347,39,107756,283,129103,322,5,303,-26,489,79,19957,0,676,308
02-12-21,Tipton,6775,11,4808,3,1967,8,5816,4,42706,80,48522,84,3,96,-10,88,18,6591,0,145,97
02-12-21,Trousdale,2372,1,2248,0,124,1,2409,0,8394,31,10803,31,0,21,-3,16,4,2335,0,37,22
02-12-21,Unicoi,1739,4,1372,3,367,1,1508,3,11916,32,13424,35,0,46,2,28,2,1665,0,61,46
02-12-21,Union,1637,10,1394,9,243,1,1506,10,9612,28,11118,38,0,28,3,27,7,1582,0,52,29
02-12-21,Van Buren,785,0,659,0,126,0,728,0,4870,10,5598,10,0,19,-3,4,3,762,0,19,20
02-12-21,Warren,5232,22,4502,17,730,5,5088,20,29834,154,34922,174,-1,73,14,74,9,5085,0,79,75
02-12-21,Washington,12449,35,10784,30,1665,5,11889,36,72975,291,84864,327,1,222,12,234,22,11993,0,318,226
02-12-21,Wayne,2838,4,2322,2,516,2,2550,2,10650,22,13200,24,0,28,0,41,4,2769,0,58,30
02-12-21,Weakley,3746,5,2821,4,925,1,3224,4,20317,38,23541,42,2,57,-3,57,6,3632,0,59,58
02-12-21,White,3274,12,2745,10,529,2,3358,12,21106,82,24464,94,2,63,1,65,9,3146,0,103,64
02-12-21,Williamson,24394,80,21067,47,3327,33,23398,54,163316,558,186714,612,3,197,-24,824,101,23373,1,280,202
02-12-21,Wilson,15866,40,14505,32,1361,8,16547,35,90274,258,106821,293,1,205,-16,304,55,15357,1,316,205
02-11-21,Anderson,7650,13,5904,8,1746,5,6584,12,56704,178,63288,190,-1,147,-16,164,30,7339,0,188,154
02-11-21,Bedford,5687,24,4604,18,1083,6,5318,19,28645,137,33963,156,0,115,4,80,20,5492,0,123,117
02-11-21,Benton,1487,4,1202,2,285,2,1326,2,8445,22,9771,24,2,39,-2,20,4,1428,0,35,39
02-11-21,Bledsoe,1948,7,1800,3,148,4,1909,4,13927,53,15836,57,0,10,-2,55,9,1883,0,32,10
02-11-21,Blount,13615,54,11888,34,1727,20,13081,37,65144,254,78225,291,4,166,12,296,38,13153,1,308,172
02-11-21,Bradley,12253,50,10365,32,1888,18,11748,37,57551,203,69299,240,2,131,-1,363,49,11759,1,500,136
02-11-21,Campbell,3667,10,2126,6,1541,4,2381,6,23501,34,25882,40,0,52,-2,94,12,3521,0,112,57
02-11-21,Cannon,1708,1,1404,1,304,0,1567,1,8402,37,9969,38,0,26,-7,29,8,1653,0,33,28
02-11-21,Carroll,3425,9,2266,6,1159,3,2686,7,18522,57,21208,64,0,79,-4,46,13,3300,0,77,81
02-11-21,Carter,5807,11,5093,8,714,3,5586,10,33364,86,38950,96,2,147,-10,137,19,5523,1,208,148
02-11-21,Cheatham,3765,6,2996,3,769,3,3392,5,24349,63,27741,68,1,40,-2,93,7,3632,0,77,41
02-11-21,Chester,1977,5,1432,4,545,1,1710,4,10762,53,12472,57,0,45,0,24,5,1908,0,39,46
02-11-21,Claiborne,2534,25,1662,16,872,9,1774,15,21226,110,23000,125,1,62,7,107,17,2365,0,87,64
02-11-21,Clay,1052,3,727,0,325,3,831,0,5226,4,6057,4,0,29,2,27,1,996,0,23,30
02-11-21,Cocke,3884,10,2692,4,1192,6,2969,6,19213,85,22182,91,2,87,-1,72,9,3725,2,108,91
02-11-21,Coffee,6141,23,4419,13,1722,10,5410,14,41650,165,47060,179,1,110,0,156,22,5875,0,110,113
02-11-21,Crockett,1947,2,1179,0,768,2,1372,0,6888,27,8260,27,1,44,-2,25,3,1878,0,30,47
02-11-21,Cumberland,5965,16,5039,13,926,3,5774,15,45040,113,50814,128,1,109,-4,105,19,5751,1,145,118
02-11-21,Davidson,79048,268,75071,234,3977,34,91251,276,823522,2920,914773,3196,6,804,21,1961,241,76283,1,1840,814
02-11-21,Decatur,1519,1,1137,1,382,0,1352,1,10581,14,11933,15,1,34,-5,16,5,1469,0,37,35
02-11-21,Dekalb,2583,5,1943,2,640,3,2242,2,15669,40,17911,42,0,46,-5,47,10,2490,0,52,47
02-11-21,Dickson,5993,32,4387,10,1606,22,5209,13,31714,112,36923,125,1,100,10,71,21,5822,0,113,103
02-11-21,Dyer,5192,9,3451,4,1741,5,3885,4,20440,37,24325,41,0,96,-7,106,16,4990,0,103,100
02-11-21,Fayette,4569,1,3982,0,587,1,4888,2,33824,114,38712,116,1,69,-16,76,16,4424,0,118,70
02-11-21,Fentress,2266,4,1980,3,286,1,2261,4,11316,133,13577,137,0,42,0,23,4,2201,0,54,43
02-11-21,Franklin,4571,21,3866,16,705,5,4537,19,32568,307,37105,326,1,79,9,106,11,4386,0,102,81
02-11-21,Gibson,6097,10,3702,8,2395,2,4473,9,27347,76,31820,85,7,137,-13,109,16,5851,0,103,138
02-11-21,Giles,3627,23,3064,19,563,4,3518,21,20996,132,24514,153,0,90,13,111,10,3426,1,110,96
02-11-21,Grainger,2340,9,1782,4,558,5,1997,4,12700,36,14697,40,1,46,4,68,4,2226,0,62,47
02-11-21,Greene,7137,12,5683,10,1454,2,6362,14,41460,166,47822,180,0,137,-4,178,16,6822,0,171,140
02-11-21,Grundy,1610,6,1377,4,233,2,1579,4,7405,88,8984,92,0,27,-1,72,7,1511,0,54,28
02-11-21,Hamblen,7733,19,5639,4,2094,15,6311,3,42442,93,48753,96,0,153,-20,144,39,7436,0,240,159
02-11-21,Hamilton,38723,178,33845,135,4878,43,37804,144,284503,1037,322307,1181,6,424,53,818,119,37481,6,1051,440
02-11-21,Hancock,482,3,352,3,130,0,375,3,3579,2,3954,5,0,9,2,9,1,464,0,19,11
02-11-21,Hardeman,3352,5,2725,2,627,3,3191,3,23358,65,26549,68,0,62,-1,35,6,3255,0,98,62
02-11-21,Hardin,3260,6,2249,4,1011,2,2681,5,21839,46,24520,51,0,60,-2,42,8,3158,0,59,63
02-11-21,Hawkins,4988,22,4133,19,855,3,4454,27,29326,140,33780,167,2,90,-14,188,34,4710,3,133,92
02-11-21,Haywood,2620,1,2200,1,420,0,2504,1,12861,19,15365,20,0,58,-7,24,8,2538,0,77,58
02-11-21,Henderson,3575,16,2505,11,1070,5,3143,12,15289,28,18432,40,-1,69,7,63,10,3443,0,75,72
02-11-21,Henry,2941,9,2304,5,637,4,2661,5,16750,32,19411,37,0,72,-6,38,15,2831,0,74,74
02-11-21,Hickman,2583,7,2125,4,458,3,2458,5,14897,48,17355,53,0,38,-3,55,10,2490,0,51,39
02-11-21,Houston,1008,3,759,1,249,2,865,1,8850,76,9715,77,2,30,1,-3,0,981,0,38,30
02-11-21,Humphreys,1485,2,998,1,487,1,1171,1,10697,31,11868,32,0,21,-3,12,5,1452,0,29,21
02-11-21,Jackson,1237,6,973,4,264,2,1133,5,5025,12,6158,17,1,31,1,36,4,1170,0,38,32
02-11-21,Jefferson,5434,9,3847,5,1587,4,4338,6,33903,186,38241,192,6,107,-27,129,30,5198,0,168,115
02-11-21,Johnson,2123,1,1914,0,209,1,2038,0,13229,107,15267,107,0,37,-4,35,5,2051,0,56,37
02-11-21,Knox,44183,162,37981,113,6202,49,41445,117,285975,1130,327420,1247,5,539,-34,1322,191,42322,5,1224,550
02-11-21,Lake,1665,1,1483,1,182,0,1744,1,9376,16,11120,17,1,24,-1,3,1,1638,0,24,25
02-11-21,Lauderdale,3056,9,2389,7,667,2,2737,8,19457,89,22194,97,0,40,5,54,4,2962,0,80,41
02-11-21,Lawrence,5483,27,4311,22,1172,5,4732,24,26638,171,31370,195,1,78,13,147,13,5258,0,135,79
02-11-21,Lewis,1421,4,1132,2,289,2,1224,2,9436,36,10660,38,0,24,1,52,3,1345,0,41,24
02-11-21,Lincoln,4044,12,3171,10,873,2,3604,10,16194,73,19798,83,1,58,0,68,11,3918,1,78,58
02-11-21,Loudon,5409,24,4315,15,1094,9,4712,15,28378,89,33090,104,1,61,-3,173,26,5175,0,120,63
02-11-21,Macon,3299,2,2624,1,675,1,3079,2,14182,62,17261,64,1,72,-6,90,7,3137,0,117,73
02-11-21,Madison,9921,15,5566,12,4355,3,6793,11,50846,194,57639,205,4,217,-4,-499,15,10203,2,328,221
02-11-21,Marion,2828,7,2447,6,381,1,2734,7,16588,116,19322,123,2,44,-7,47,12,2737,0,101,44
02-11-21,Marshall,3827,14,3109,10,718,4,3507,10,21431,113,24938,123,1,52,-3,125,16,3650,0,86,53
02-11-21,Maury,11963,43,10733,38,1230,5,11840,46,66880,323,78720,369,0,151,-21,304,64,11508,0,271,156
02-11-21,McMinn,5696,21,5123,13,573,8,5642,15,37643,90,43285,105,0,87,3,171,18,5438,0,141,88
02-11-21,McNairy,2592,8,1834,7,758,1,2245,8,16829,47,19074,55,1,49,0,-32,7,2575,1,62,49
02-11-21,Meigs,1232,3,1127,3,105,0,1253,3,7161,51,8414,54,-1,20,0,26,4,1186,0,37,20
02-11-21,Monroe,5107,13,4104,7,1003,6,4618,7,24090,40,28708,47,1,85,-4,167,16,4855,0,140,89
02-11-21,Montgomery,16833,47,12470,24,4363,23,13701,28,99569,294,113270,322,8,198,-43,508,82,16127,0,287,203
02-11-21,Moore,924,1,726,1,198,0,822,1,4486,15,5308,16,0,15,-1,15,2,894,0,16,15
02-11-21,Morgan,2228,1,1682,0,546,1,1812,2,13939,23,15751,25,1,30,-7,20,7,2178,0,33,36
02-11-21,Obion,4327,13,3226,10,1101,3,3651,10,20674,53,24325,63,0,91,5,50,8,4186,0,96,92
02-11-21,Out of State,15938,55,12808,44,3130,11,14419,54,555480,1850,569899,1904,-14,91,23,304,46,15543,0,189,83
02-11-21,Overton,2799,7,2128,5,671,2,2504,6,13799,33,16303,39,1,57,-1,38,7,2704,0,62,57
02-11-21,Pending,14729,60,9653,38,5076,22,10703,41,359200,1400,369903,1441,-31,176,34,217,57,14336,0,128,124
02-11-21,Perry,1018,2,880,1,138,1,986,2,5776,8,6762,10,0,26,2,8,0,984,0,28,26
02-11-21,Pickett,738,1,489,1,249,0,587,2,3357,8,3944,10,1,22,-1,18,1,698,0,28,22
02-11-21,Polk,1637,8,1503,7,134,1,1663,8,8207,49,9870,57,0,21,-2,61,10,1555,0,60,21
02-11-21,Putnam,10383,17,8613,13,1770,4,10320,14,64932,263,75252,277,0,164,-14,218,31,10001,0,198,167
02-11-21,Rhea,4009,6,3509,5,500,1,3932,6,23942,128,27874,134,0,66,-3,66,9,3877,0,80,71
02-11-21,Roane,5626,31,4447,13,1179,18,4937,15,38517,114,43454,129,0,94,12,112,19,5420,0,140,96
02-11-21,Robertson,8699,21,7010,17,1689,4,7905,19,39457,188,47362,207,2,107,-12,228,31,8364,0,391,113
02-11-21,Rutherford,36932,166,32509,116,4423,50,37915,117,206982,1105,244897,1222,4,356,13,844,149,35732,3,555,367
02-11-21,Scott,2796,18,1619,5,1177,13,1724,4,10491,27,12215,31,0,41,10,122,8,2633,0,60,42
02-11-21,Sequatchie,1490,8,1220,6,270,2,1325,5,10959,30,12284,35,0,26,1,54,7,1410,0,33,26
02-11-21,Sevier,11572,31,10307,24,1265,7,11326,23,58875,192,70201,215,1,150,-17,214,47,11208,1,254,157
02-11-21,Shelby,85046,222,79605,187,5441,35,97964,242,833941,4317,931905,4559,25,1410,-95,1709,292,81927,1,3324,1481
02-11-21,Smith,2498,3,1933,2,565,1,2429,4,12339,17,14768,21,0,36,-5,43,8,2419,0,57,36
02-11-21,Stewart,1215,7,925,6,290,1,1045,7,6296,23,7341,30,-1,24,5,22,3,1169,0,24,24
02-11-21,Sullivan,13770,45,12049,36,1721,9,13052,46,76522,377,89574,423,2,262,-38,218,81,13290,1,692,262
02-11-21,Sumner,20691,49,18832,32,1859,17,21308,44,107473,397,128781,441,5,298,-33,515,77,19878,0,676,306
02-11-21,Tipton,6764,18,4805,12,1959,6,5812,16,42626,180,48438,196,0,93,-2,98,20,6573,0,145,97
02-11-21,Trousdale,2371,1,2248,0,123,1,2409,0,8363,24,10772,24,0,21,-1,19,2,2331,0,37,22
02-11-21,Unicoi,1735,0,1369,0,366,0,1505,0,11884,11,13389,11,0,46,0,26,0,1663,0,61,46
02-11-21,Union,1627,6,1385,2,242,4,1496,5,9584,30,11080,35,0,28,-3,24,9,1575,0,52,29
02-11-21,Van Buren,785,0,659,0,126,0,728,0,4860,43,5588,43,1,19,-3,7,2,759,0,19,20
02-11-21,Warren,5210,5,4485,4,725,1,5068,5,29680,74,34748,79,3,74,-12,60,14,5076,0,79,75
02-11-21,Washington,12414,34,10754,27,1660,7,11853,30,72684,228,84537,258,-1,221,10,222,25,11971,2,318,226
02-11-21,Wayne,2834,7,2320,3,514,4,2548,4,10628,21,13176,25,1,28,3,41,3,2765,0,58,30
02-11-21,Weakley,3741,5,2817,3,924,2,3220,5,20279,37,23499,42,1,55,1,60,3,3626,0,59,58
02-11-21,White,3262,9,2735,3,527,6,3346,3,21024,45,24370,48,0,61,-1,64,10,3137,1,103,63
02-11-21,Williamson,24314,121,21020,85,3294,36,23344,87,162758,766,186102,853,1,194,9,848,111,23272,0,279,202
02-11-21,Wilson,15826,70,14473,55,1353,15,16512,64,90016,498,106528,562,3,204,-2,320,69,15302,0,315,205
02-10-21,Anderson,7637,25,5896,15,1741,10,6572,19,56526,195,63098,214,1,148,8,180,16,7309,1,188,153
02-10-21,Bedford,5663,5,4586,4,1077,1,5299,5,28508,76,33807,81,3,115,-10,76,12,5472,0,123,116
02-10-21,Benton,1483,4,1200,1,283,3,1324,1,8423,17,9747,18,0,37,-3,22,7,1424,0,35,39
02-10-21,Bledsoe,1941,12,1797,10,144,2,1905,10,13874,32,15779,42,-1,10,2,57,11,1874,0,32,10
02-10-21,Blount,13561,33,11854,24,1707,9,13044,25,64890,208,77934,233,4,162,-8,284,37,13115,0,307,172
02-10-21,Bradley,12203,37,10333,24,1870,13,11711,32,57348,257,69059,289,0,129,-8,364,45,11710,1,499,136
02-10-21,Campbell,3657,7,2120,2,1537,5,2375,3,23467,52,25842,55,0,52,-8,96,15,3509,0,112,56
02-10-21,Cannon,1707,3,1403,3,304,0,1566,5,8365,29,9931,34,0,26,-2,36,5,1645,0,33,28
02-10-21,Carroll,3416,3,2260,2,1156,1,2679,2,18465,30,21144,32,0,79,-9,50,12,3287,0,77,81
02-10-21,Carter,5796,20,5085,18,711,2,5576,23,33278,138,38854,161,5,145,-3,147,18,5504,0,207,146
02-10-21,Cheatham,3759,5,2993,4,766,1,3387,6,24286,92,27673,98,0,39,-12,95,17,3625,0,77,41
02-10-21,Chester,1972,5,1428,3,544,2,1706,4,10709,86,12415,90,1,45,-8,24,12,1903,0,39,46
02-10-21,Claiborne,2509,12,1646,6,863,6,1759,7,21116,41,22875,48,5,61,0,100,7,2348,0,87,64
02-10-21,Clay,1049,5,727,5,322,0,831,5,5222,25,6053,30,-1,29,4,25,2,995,0,23,30
02-10-21,Cocke,3874,17,2688,9,1186,8,2963,9,19128,43,22091,52,0,85,-6,73,23,3716,0,106,91
02-10-21,Coffee,6118,18,4406,5,1712,13,5396,5,41485,102,46881,107,1,109,1,156,16,5853,0,110,113
02-10-21,Crockett,1945,5,1179,4,766,1,1372,4,6861,13,8233,17,0,43,2,27,3,1875,1,30,47
02-10-21,Cumberland,5949,12,5026,7,923,5,5759,7,44927,150,50686,157,2,108,2,109,8,5732,2,144,117
02-10-21,Davidson,78780,223,74837,193,3943,30,90975,230,820602,3562,911577,3792,-2,798,-61,1940,286,76042,2,1839,813
02-10-21,Decatur,1518,4,1136,3,382,1,1351,3,10567,16,11918,19,0,33,4,21,0,1464,0,37,35
02-10-21,Dekalb,2578,11,1941,5,637,6,2240,5,15629,44,17869,49,-2,46,10,52,3,2480,0,52,47
02-10-21,Dickson,5961,29,4377,5,1584,24,5196,6,31602,149,36798,155,1,99,-1,61,29,5801,0,113,103
02-10-21,Dyer,5183,5,3447,3,1736,2,3881,4,20403,51,24284,55,4,96,-9,113,10,4974,0,103,100
02-10-21,Fayette,4568,8,3982,6,586,2,4886,9,33710,143,38596,152,1,68,-6,92,13,4408,0,118,70
02-10-21,Fentress,2262,1,1977,0,285,1,2257,1,11183,34,13440,35,1,42,-4,23,4,2197,0,54,43
02-10-21,Franklin,4550,17,3850,10,700,7,4518,11,32261,162,36779,173,2,78,0,97,15,4375,0,102,80
02-10-21,Gibson,6087,4,3694,2,2393,2,4464,5,27271,35,31735,40,1,130,-10,122,13,5835,0,103,138
02-10-21,Giles,3604,9,3045,7,559,2,3497,8,20864,39,24361,47,1,90,2,98,6,3416,0,109,95
02-10-21,Grainger,2331,10,1778,9,553,1,1993,10,12664,66,14657,76,0,45,2,64,8,2222,0,62,47
02-10-21,Greene,7125,27,5673,25,1452,2,6348,28,41294,387,47642,415,1,137,10,182,16,6806,1,171,139
02-10-21,Grundy,1604,16,1373,13,231,3,1575,13,7317,58,8892,71,-1,27,11,73,6,1504,0,54,28
02-10-21,Hamblen,7714,41,5635,22,2079,19,6308,24,42349,160,48657,184,2,153,23,164,16,7397,2,240,156
02-10-21,Hamilton,38545,140,33710,95,4835,45,37660,98,283466,836,321126,934,1,418,21,765,118,37362,7,1045,437
02-10-21,Hancock,479,0,349,0,130,0,372,1,3577,10,3949,11,0,9,-2,7,2,463,0,19,11
02-10-21,Hardeman,3347,4,2723,3,624,1,3188,4,23293,35,26481,39,0,62,-7,36,11,3249,0,98,61
02-10-21,Hardin,3254,4,2245,3,1009,1,2676,3,21793,64,24469,67,0,60,2,44,2,3150,0,59,63
02-10-21,Hawkins,4966,31,4114,17,852,14,4427,16,29186,245,33613,261,1,88,9,202,21,4676,1,130,92
02-10-21,Haywood,2619,7,2199,6,420,1,2503,7,12842,69,15345,76,0,58,4,31,3,2530,0,77,58
02-10-21,Henderson,3559,4,2494,3,1065,1,3131,3,15261,27,18392,30,0,70,-2,56,6,3433,0,75,72
02-10-21,Henry,2932,17,2299,13,633,4,2656,14,16718,36,19374,50,0,72,8,44,9,2816,0,74,74
02-10-21,Hickman,2576,10,2121,8,455,2,2453,9,14849,73,17302,82,0,38,7,58,3,2480,0,51,39
02-10-21,Houston,1005,1,758,1,247,0,864,1,8774,122,9638,123,0,28,0,-4,1,981,0,38,30
02-10-21,Humphreys,1483,4,997,4,486,0,1170,4,10666,33,11836,37,1,21,3,15,0,1447,0,29,21
02-10-21,Jackson,1231,4,969,1,262,3,1128,1,5013,12,6141,13,0,30,0,35,4,1166,0,38,32
02-10-21,Jefferson,5425,26,3842,17,1583,9,4332,15,33717,118,38049,133,4,101,-2,156,24,5168,1,168,114
02-10-21,Johnson,2122,2,1914,2,208,0,2038,3,13122,60,15160,63,-1,37,-4,39,7,2046,0,56,37
02-10-21,Knox,44021,149,37868,107,6153,42,41328,111,284845,1029,326173,1140,7,534,-44,1356,186,42131,6,1219,548
02-10-21,Lake,1664,1,1482,1,182,0,1743,1,9360,36,11103,37,-1,23,2,4,0,1637,0,24,25
02-10-21,Lauderdale,3047,3,2382,3,665,0,2729,3,19368,77,22097,80,-1,40,0,49,4,2958,0,80,41
02-10-21,Lawrence,5456,10,4289,8,1167,2,4708,8,26467,55,31175,63,-1,77,-5,134,16,5245,0,135,78
02-10-21,Lewis,1417,2,1130,2,287,0,1222,2,9400,17,10622,19,1,24,-8,51,9,1342,0,41,24
02-10-21,Lincoln,4032,3,3161,1,871,2,3594,2,16121,42,19715,44,2,57,-17,68,18,3907,0,77,58
02-10-21,Loudon,5385,15,4300,9,1085,6,4697,10,28289,89,32986,99,-4,60,-5,176,24,5149,0,120,63
02-10-21,Macon,3297,12,2623,7,674,5,3077,9,14120,76,17197,85,4,71,0,96,8,3130,0,117,73
02-10-21,Madison,9906,17,5554,8,4352,9,6782,10,50652,76,57434,86,1,213,-29,-495,45,10188,1,326,221
02-10-21,Marion,2821,7,2441,7,380,0,2727,6,16472,136,19199,142,4,42,-2,54,5,2725,0,101,44
02-10-21,Marshall,3813,5,3099,3,714,2,3497,4,21318,51,24815,55,-2,51,1,128,6,3634,0,86,53
02-10-21,Maury,11920,17,10695,11,1225,6,11794,13,66557,185,78351,198,0,151,-41,325,58,11444,0,271,155
02-10-21,McMinn,5675,14,5110,13,565,1,5627,13,37553,194,43180,207,0,87,-15,168,29,5420,0,141,88
02-10-21,McNairy,2584,6,1827,5,757,1,2237,5,16782,119,19019,124,2,48,-4,-32,8,2568,0,61,49
02-10-21,Meigs,1229,4,1124,4,105,0,1250,4,7110,30,8360,34,2,21,0,26,2,1182,0,37,20
02-10-21,Monroe,5094,17,4097,8,997,9,4611,9,24050,97,28661,106,2,84,-5,171,20,4839,0,140,88
02-10-21,Montgomery,16786,76,12446,42,4340,34,13673,46,99275,560,112948,606,2,190,-55,551,129,16045,0,287,203
02-10-21,Moore,923,3,725,3,198,0,821,3,4471,17,5292,20,0,15,-2,16,5,892,0,16,15
02-10-21,Morgan,2227,5,1682,3,545,2,1810,3,13916,35,15726,38,3,29,-4,27,6,2171,0,33,36
02-10-21,Obion,4314,3,3216,1,1098,2,3641,1,20621,82,24262,83,0,91,-8,45,11,4178,0,96,92
02-10-21,Out of State,15883,35,12764,23,3119,12,14365,33,553630,1903,567995,1936,2,105,-18,281,51,15497,1,189,83
02-10-21,Overton,2792,1,2123,1,669,0,2498,3,13766,47,16264,50,0,56,-5,39,6,2697,0,62,57
02-10-21,Pending,14669,45,9615,22,5054,23,10662,25,357800,1264,368462,1289,4,207,-32,183,73,14279,0,128,124
02-10-21,Perry,1016,3,879,3,137,0,984,4,5768,13,6752,17,1,26,1,6,1,984,0,28,26
02-10-21,Pickett,737,1,488,0,249,1,585,0,3349,39,3934,39,0,21,-3,19,4,697,0,28,22
02-10-21,Polk,1629,5,1496,4,133,1,1655,4,8158,39,9813,43,0,21,-4,63,9,1545,1,60,21
02-10-21,Putnam,10366,29,8600,19,1766,10,10306,27,64669,281,74975,308,0,164,3,232,26,9970,0,198,166
02-10-21,Rhea,4003,5,3504,3,499,2,3926,4,23814,80,27740,84,1,66,-5,69,9,3868,0,80,71
02-10-21,Roane,5595,27,4434,22,1161,5,4922,29,38403,208,43325,237,-1,94,3,100,25,5401,0,140,96
02-10-21,Robertson,8678,23,6993,16,1685,7,7886,17,39269,153,47155,170,-1,105,-1,240,25,8333,0,391,113
02-10-21,Rutherford,36766,99,32393,67,4373,32,37798,73,205877,825,243675,898,5,352,-48,831,142,35583,2,552,367
02-10-21,Scott,2778,19,1614,11,1164,8,1720,11,10464,31,12184,42,2,41,10,112,7,2625,0,60,42
02-10-21,Sequatchie,1482,8,1214,6,268,2,1320,6,10929,37,12249,43,2,26,-4,53,10,1403,0,33,26
02-10-21,Sevier,11541,47,10283,25,1258,22,11303,31,58683,210,69986,241,0,149,5,231,42,11161,1,253,157
02-10-21,Shelby,84824,251,79418,217,5406,34,97722,295,829624,3884,927346,4179,9,1385,-66,1804,308,81635,1,3323,1477
02-10-21,Smith,2495,5,1931,3,564,2,2425,3,12322,50,14747,53,1,36,0,48,4,2411,0,57,36
02-10-21,Stewart,1208,0,919,0,289,0,1038,2,6273,15,7311,17,0,25,-5,17,5,1166,0,24,24
02-10-21,Sullivan,13725,32,12013,24,1712,8,13006,28,76145,380,89151,408,3,260,-18,256,47,13209,2,691,262
02-10-21,Sumner,20642,53,18800,39,1842,14,21264,39,107076,430,128340,469,4,293,-23,548,72,19801,1,676,304
02-10-21,Tipton,6746,17,4793,9,1953,8,5796,15,42446,147,48242,162,1,93,0,100,16,6553,1,145,97
02-10-21,Trousdale,2370,3,2248,2,122,1,2409,3,8339,24,10748,27,2,21,-6,20,7,2329,0,37,22
02-10-21,Unicoi,1735,7,1369,7,366,0,1505,9,11873,34,13378,43,-2,46,5,26,4,1663,0,61,46
02-10-21,Union,1621,10,1383,10,238,0,1491,10,9554,39,11045,49,0,28,4,27,6,1566,0,52,28
02-10-21,Van Buren,785,0,659,0,126,0,728,0,4817,10,5545,10,1,18,-2,10,1,757,0,19,20
02-10-21,Warren,5205,12,4481,7,724,5,5063,13,29606,138,34669,151,1,71,1,72,10,5062,0,79,75
02-10-21,Washington,12380,30,10727,24,1653,6,11823,29,72456,353,84279,382,-2,222,8,212,24,11946,1,316,225
02-10-21,Wayne,2827,0,2317,0,510,0,2544,0,10607,17,13151,17,0,27,-6,38,6,2762,0,58,29
02-10-21,Weakley,3736,4,2814,2,922,2,3215,5,20242,85,23457,90,0,54,-5,59,9,3623,1,59,58
02-10-21,White,3253,6,2732,4,521,2,3343,7,20979,81,24322,88,2,61,-4,65,8,3127,0,102,63
02-10-21,Williamson,24193,87,20935,64,3258,23,23257,64,161992,594,185249,658,2,193,-22,839,107,23161,1,279,202
02-10-21,Wilson,15756,21,14418,16,1338,5,16448,15,89518,216,105966,231,7,201,-50,322,64,15233,0,315,204
02-09-21,Anderson,7612,26,5881,10,1731,16,6553,11,56331,171,62884,182,2,147,-22,172,46,7293,2,187,153
02-09-21,Bedford,5658,6,4582,3,1076,3,5294,4,28432,60,33726,64,2,112,-15,86,19,5460,0,123,116
02-09-21,Benton,1479,5,1199,1,280,4,1323,1,8406,5,9729,6,0,37,-2,25,7,1417,0,35,39
02-09-21,Bledsoe,1929,8,1787,7,142,1,1895,8,13842,21,15737,29,0,11,1,55,7,1863,1,32,10
02-09-21,Blount,13528,40,11830,22,1698,18,13019,25,64682,140,77701,165,0,158,-6,292,46,13078,2,307,172
02-09-21,Bradley,12166,79,10309,50,1857,29,11679,48,57091,169,68770,217,1,129,23,372,55,11665,3,498,135
02-09-21,Campbell,3650,21,2118,3,1532,18,2372,5,23415,36,25787,41,0,52,6,104,15,3494,1,112,56
02-09-21,Cannon,1704,1,1400,1,304,0,1561,1,8336,12,9897,13,1,26,-8,38,8,1640,0,33,28
02-09-21,Carroll,3413,6,2258,1,1155,5,2677,2,18435,30,21112,32,1,79,-16,59,21,3275,0,77,80
02-09-21,Carter,5776,20,5067,12,709,8,5553,11,33140,39,38693,50,1,140,3,150,16,5486,1,207,146
02-09-21,Cheatham,3754,15,2989,7,765,8,3381,10,24194,57,27575,67,1,39,-6,107,20,3608,0,77,40
02-09-21,Chester,1967,5,1425,3,542,2,1702,3,10623,11,12325,14,0,44,-6,32,11,1891,0,39,46
02-09-21,Claiborne,2497,19,1640,7,857,12,1752,9,21075,67,22827,76,2,56,-5,100,22,2341,0,87,64
02-09-21,Clay,1044,2,722,1,322,1,826,1,5197,10,6023,11,0,30,-2,21,4,993,1,23,30
02-09-21,Cocke,3857,16,2679,5,1178,11,2954,4,19085,105,22039,109,0,85,-5,79,21,3693,1,106,91
02-09-21,Coffee,6100,22,4401,10,1699,12,5391,13,41383,130,46774,143,0,108,-2,155,24,5837,1,110,112
02-09-21,Crockett,1940,5,1175,3,765,2,1368,3,6848,13,8216,16,0,43,-1,25,6,1872,0,29,47
02-09-21,Cumberland,5937,12,5019,5,918,7,5752,9,44777,52,50529,61,2,106,-13,107,23,5724,0,142,117
02-09-21,Davidson,78557,332,74644,301,3913,31,90745,383,817040,4267,907785,4650,2,800,26,2001,304,75756,5,1837,812
02-09-21,Decatur,1514,4,1133,1,381,3,1348,1,10551,6,11899,7,0,33,-1,17,5,1464,0,37,35
02-09-21,Dekalb,2567,4,1936,3,631,1,2235,3,15585,23,17820,26,0,48,-11,42,15,2477,0,52,47
02-09-21,Dickson,5932,23,4372,8,1560,15,5190,12,31453,100,36643,112,0,98,5,62,18,5772,0,113,103
02-09-21,Dyer,5178,18,3444,7,1734,11,3877,9,20352,26,24229,35,-1,92,-4,122,23,4964,0,103,100
02-09-21,Fayette,4560,12,3976,8,584,4,4877,10,33567,80,38444,90,0,67,-13,98,25,4395,0,118,70
02-09-21,Fentress,2261,4,1977,2,284,2,2256,2,11149,21,13405,23,0,41,-4,27,8,2193,0,54,43
02-09-21,Franklin,4533,11,3840,7,693,4,4507,8,32099,143,36606,151,0,76,-10,97,21,4360,0,102,79
02-09-21,Gibson,6083,26,3692,9,2391,17,4459,7,27236,37,31695,44,0,129,-2,132,28,5822,0,103,138
02-09-21,Giles,3595,15,3038,10,557,5,3489,10,20825,45,24314,55,0,89,-1,96,16,3410,0,109,94
02-09-21,Grainger,2321,7,1769,4,552,3,1983,4,12598,23,14581,27,0,45,-9,62,16,2214,0,62,47
02-09-21,Greene,7098,20,5648,13,1450,7,6320,12,40907,116,47227,128,0,136,-1,172,21,6790,0,170,139
02-09-21,Grundy,1588,4,1360,0,228,4,1562,2,7259,17,8821,19,0,28,-7,62,11,1498,0,54,27
02-09-21,Hamblen,7673,21,5613,7,2060,14,6284,8,42189,80,48473,88,0,151,-7,141,28,7381,0,238,155
02-09-21,Hamilton,38405,206,33615,145,4790,61,37562,158,282630,962,320192,1120,4,417,73,744,129,37244,6,1038,434
02-09-21,Hancock,479,1,349,1,130,0,371,0,3567,5,3938,5,0,9,1,9,0,461,1,19,10
02-09-21,Hardeman,3343,3,2720,0,623,3,3184,1,23258,29,26442,30,0,62,-10,43,13,3238,0,98,61
02-09-21,Hardin,3250,4,2242,2,1008,2,2673,3,21729,17,24402,20,1,60,-6,42,9,3148,0,59,63
02-09-21,Hawkins,4935,12,4097,10,838,2,4411,9,28941,74,33352,83,-1,87,-19,193,32,4655,1,129,91
02-09-21,Haywood,2612,1,2193,0,419,1,2496,0,12773,28,15269,28,0,58,-12,27,13,2527,0,77,58
02-09-21,Henderson,3555,6,2491,2,1064,4,3128,3,15234,10,18362,13,0,70,-7,58,13,3427,0,75,72
02-09-21,Henry,2915,3,2286,0,629,3,2642,1,16682,22,19324,23,0,72,-4,36,7,2807,0,74,74
02-09-21,Hickman,2566,9,2113,7,453,2,2444,7,14776,58,17220,65,-1,38,-2,51,12,2477,0,51,39
02-09-21,Houston,1004,4,757,2,247,2,863,2,8652,11,9515,13,1,28,0,-4,3,980,0,38,30
02-09-21,Humphreys,1479,4,993,2,486,2,1166,4,10633,20,11799,24,0,20,-1,12,5,1447,0,29,21
02-09-21,Jackson,1227,1,968,0,259,1,1127,1,5001,7,6128,8,3,30,-9,35,7,1162,0,38,32
02-09-21,Jefferson,5399,18,3825,6,1574,12,4317,5,33599,61,37916,66,0,97,-6,158,24,5144,1,167,113
02-09-21,Johnson,2120,2,1912,2,208,0,2035,2,13062,14,15097,16,1,38,-9,43,10,2039,0,56,37
02-09-21,Knox,43872,211,37761,156,6111,55,41217,175,283816,1051,325033,1226,0,527,15,1400,196,41945,6,1213,546
02-09-21,Lake,1663,0,1481,0,182,0,1742,1,9324,13,11066,14,0,24,-46,2,46,1637,0,24,25
02-09-21,Lauderdale,3044,2,2379,0,665,2,2726,1,19291,25,22017,26,0,41,-5,49,7,2954,0,80,41
02-09-21,Lawrence,5446,9,4281,8,1165,1,4700,8,26412,75,31112,83,0,78,-13,139,22,5229,0,135,78
02-09-21,Lewis,1415,10,1128,2,287,8,1220,1,9383,15,10603,16,0,23,3,59,7,1333,1,41,24
02-09-21,Lincoln,4029,9,3160,3,869,6,3592,6,16079,37,19671,43,-1,55,-7,85,17,3889,1,77,58
02-09-21,Loudon,5370,23,4291,9,1079,14,4687,11,28200,59,32887,70,1,64,-14,181,36,5125,0,120,62
02-09-21,Macon,3285,8,2616,6,669,2,3068,6,14044,25,17112,31,0,67,-4,96,12,3122,0,117,73
02-09-21,Madison,9889,39,5546,11,4343,28,6772,13,50576,122,57348,135,5,212,-6,-466,40,10143,0,325,221
02-09-21,Marion,2814,9,2434,2,380,7,2721,4,16336,32,19057,36,0,38,0,56,9,2720,1,101,44
02-09-21,Marshall,3808,9,3096,3,712,6,3493,5,21267,31,24760,36,2,53,-16,127,23,3628,0,86,53
02-09-21,Maury,11903,26,10684,15,1219,11,11781,19,66372,148,78153,167,-1,151,-20,366,47,11386,2,271,154
02-09-21,McMinn,5661,23,5097,20,564,3,5614,20,37359,112,42973,132,2,87,-10,183,31,5391,0,141,88
02-09-21,McNairy,2578,4,1822,3,756,1,2232,3,16663,11,18895,14,0,46,2,-28,2,2560,1,61,49
02-09-21,Meigs,1225,5,1120,5,105,0,1246,6,7080,25,8326,31,0,19,-3,26,8,1180,0,37,20
02-09-21,Monroe,5077,25,4089,12,988,13,4602,14,23953,78,28555,92,0,82,-18,176,43,4819,0,140,87
02-09-21,Montgomery,16710,79,12404,51,4306,28,13627,55,98715,279,112342,334,0,188,-25,606,104,15916,2,287,202
02-09-21,Moore,920,2,722,2,198,0,818,3,4454,2,5272,5,1,15,-2,18,3,887,0,16,15
02-09-21,Morgan,2222,2,1679,0,543,2,1807,0,13881,21,15688,21,1,26,-11,31,12,2165,0,33,36
02-09-21,Obion,4311,6,3215,1,1096,5,3640,2,20539,65,24179,67,1,91,-8,53,13,4167,0,96,92
02-09-21,Out of State,15848,76,12741,67,3107,9,14332,70,551727,2032,566059,2102,2,103,6,299,68,15446,0,188,83
02-09-21,Overton,2791,2,2122,1,669,1,2495,1,13719,19,16214,20,3,56,-10,44,9,2691,0,62,57
02-09-21,Pending,14624,71,9593,37,5031,34,10637,48,356536,1161,367173,1209,1,203,-13,215,83,14206,0,128,123
02-09-21,Perry,1013,3,876,2,137,1,980,2,5755,5,6735,7,0,25,2,5,1,983,0,28,26
02-09-21,Pickett,736,7,488,6,248,1,585,6,3310,10,3895,16,0,21,5,22,2,693,0,28,22
02-09-21,Polk,1624,5,1492,5,132,0,1651,5,8119,33,9770,38,0,21,-10,67,15,1536,1,59,21
02-09-21,Putnam,10337,18,8581,11,1756,7,10279,11,64388,51,74667,62,-2,164,-19,229,39,9944,1,198,166
02-09-21,Rhea,3998,15,3501,10,497,5,3922,12,23734,54,27656,66,-1,65,-4,74,20,3859,0,80,71
02-09-21,Roane,5568,24,4412,7,1156,17,4893,8,38195,63,43088,71,-3,95,0,97,27,5376,1,140,96
02-09-21,Robertson,8655,41,6977,27,1678,14,7869,26,39116,102,46985,128,0,106,1,241,40,8308,2,391,112
02-09-21,Rutherford,36667,131,32326,87,4341,44,37725,113,205052,591,242777,704,3,347,-25,879,153,35441,1,550,363
02-09-21,Scott,2759,20,1603,3,1156,17,1709,3,10433,6,12142,9,0,39,-2,102,22,2618,1,60,42
02-09-21,Sequatchie,1474,3,1208,1,266,2,1314,2,10892,16,12206,18,0,24,-7,57,10,1393,0,33,26
02-09-21,Sevier,11494,68,10258,50,1236,18,11272,54,58473,162,69745,216,3,149,15,226,50,11119,1,252,157
02-09-21,Shelby,84573,251,79201,202,5372,49,97427,291,825740,3439,923167,3730,11,1376,-106,1870,346,81327,1,3322,1471
02-09-21,Smith,2490,3,1928,0,562,3,2422,0,12272,16,14694,16,1,35,-8,48,10,2407,0,57,36
02-09-21,Stewart,1208,8,919,7,289,1,1036,8,6258,18,7294,26,0,25,6,22,2,1161,0,24,24
02-09-21,Sullivan,13693,22,11989,18,1704,4,12978,22,75765,309,88743,331,1,257,-18,274,39,13162,2,689,261
02-09-21,Sumner,20589,82,18761,55,1828,27,21225,65,106646,329,127871,394,1,289,-19,571,100,19729,1,675,303
02-09-21,Tipton,6729,23,4784,5,1945,18,5781,8,42299,114,48080,122,1,92,-8,100,30,6537,0,144,96
02-09-21,Trousdale,2367,1,2246,0,121,1,2406,0,8315,11,10721,11,0,19,-1,26,2,2322,1,37,22
02-09-21,Unicoi,1728,6,1362,2,366,4,1496,1,11839,32,13335,33,0,48,2,21,4,1659,0,61,46
02-09-21,Union,1611,4,1373,4,238,0,1481,4,9515,22,10996,26,1,28,-6,23,9,1560,0,52,28
02-09-21,Van Buren,785,2,659,2,126,0,728,2,4807,1,5535,3,1,17,0,12,1,756,0,19,20
02-09-21,Warren,5193,4,4474,4,719,0,5050,5,29468,56,34518,61,4,70,-23,71,23,5052,0,79,75
02-09-21,Washington,12350,32,10703,17,1647,15,11794,18,72103,155,83897,173,-1,224,-1,204,34,11922,0,315,225
02-09-21,Wayne,2827,1,2317,1,510,0,2544,2,10590,22,13134,24,1,27,-14,44,14,2756,0,58,29
02-09-21,Weakley,3732,8,2812,3,920,5,3210,7,20157,29,23367,36,0,54,-5,64,13,3614,1,58,58
02-09-21,White,3247,6,2728,2,519,4,3336,2,20898,28,24234,30,0,59,-1,69,7,3119,0,102,63
02-09-21,Williamson,24106,120,20871,75,3235,45,23193,91,161398,656,184591,747,4,191,-2,861,118,23054,0,278,202
02-09-21,Wilson,15735,60,14402,51,1333,9,16433,61,89302,347,105735,408,1,194,-6,372,65,15169,2,315,203
02-08-21,Anderson,7586,25,5871,6,1715,19,6542,5,56160,23,62702,28,2,145,-13,194,36,7247,0,185,153
02-08-21,Bedford,5652,3,4579,1,1073,2,5290,1,28372,19,33662,20,1,110,-10,101,12,5441,0,123,116
02-08-21,Benton,1474,1,1198,0,276,1,1322,0,8401,3,9723,3,0,37,-4,27,5,1410,0,35,39
02-08-21,Bledsoe,1921,7,1780,4,141,3,1887,4,13821,2,15708,6,0,11,-2,54,9,1856,0,31,10
02-08-21,Blount,13488,20,11808,13,1680,7,12994,14,64542,56,77536,70,0,158,-48,298,68,13032,0,305,172
02-08-21,Bradley,12087,28,10259,19,1828,9,11631,24,56922,71,68553,95,0,128,-33,349,61,11610,1,495,135
02-08-21,Campbell,3629,20,2115,2,1514,18,2367,2,23379,14,25746,16,1,52,3,98,16,3479,1,111,56
02-08-21,Cannon,1703,0,1399,0,304,0,1560,0,8324,2,9884,2,0,25,-5,46,5,1632,0,33,27
02-08-21,Carroll,3407,5,2257,1,1150,4,2675,3,18405,17,21080,20,0,78,-13,75,18,3254,0,77,80
02-08-21,Carter,5756,8,5055,7,701,1,5542,7,33101,33,38643,40,0,139,-16,147,24,5470,0,206,146
02-08-21,Cheatham,3739,8,2982,6,757,2,3371,7,24137,23,27508,30,0,38,-15,113,23,3588,0,77,40
02-08-21,Chester,1962,2,1422,2,540,0,1699,4,10612,0,12311,4,0,44,-9,38,11,1880,1,39,45
02-08-21,Claiborne,2478,14,1633,5,845,9,1743,7,21008,11,22751,18,2,54,-13,105,25,2319,0,87,64
02-08-21,Clay,1042,2,721,1,321,1,825,1,5187,1,6012,2,1,30,-2,23,3,989,0,22,30
02-08-21,Cocke,3841,7,2674,5,1167,2,2950,6,18980,14,21930,20,1,85,-16,84,22,3672,0,105,91
02-08-21,Coffee,6078,8,4391,2,1687,6,5378,2,41253,16,46631,18,4,108,-26,157,30,5813,0,109,111
02-08-21,Crockett,1935,2,1172,1,763,1,1365,1,6835,1,8200,2,0,43,-3,26,5,1866,0,29,47
02-08-21,Cumberland,5925,3,5014,0,911,3,5743,0,44725,7,50468,7,1,104,-17,120,19,5701,0,142,117
02-08-21,Davidson,78225,94,74343,73,3882,21,90362,89,812773,697,903135,786,8,798,-338,1975,424,75452,3,1832,810
02-08-21,Decatur,1510,0,1132,0,378,0,1347,0,10545,0,11892,0,1,33,-1,18,0,1459,0,37,35
02-08-21,Dekalb,2563,3,1933,1,630,2,2232,0,15562,8,17794,8,0,48,-7,53,10,2462,0,52,47
02-08-21,Dickson,5909,7,4364,5,1545,2,5178,5,31353,27,36531,32,0,98,-27,57,34,5754,0,113,102
02-08-21,Dyer,5160,3,3437,2,1723,1,3868,2,20326,13,24194,15,1,93,-30,126,32,4941,0,103,99
02-08-21,Fayette,4548,5,3968,3,580,2,4867,6,33487,46,38354,52,2,67,-15,111,18,4370,0,118,69
02-08-21,Fentress,2257,2,1975,1,282,1,2254,1,11128,5,13382,6,0,41,-4,31,6,2185,0,54,43
02-08-21,Franklin,4522,7,3833,7,689,0,4499,12,31956,35,36455,47,0,76,-10,107,17,4339,0,102,79
02-08-21,Gibson,6057,2,3683,2,2374,0,4452,3,27199,10,31651,13,0,129,-16,134,18,5794,0,103,137
02-08-21,Giles,3580,13,3028,1,552,12,3479,1,20780,15,24259,16,0,89,-4,97,17,3394,0,109,94
02-08-21,Grainger,2314,3,1765,1,549,2,1979,1,12575,5,14554,6,0,45,-10,71,13,2198,0,62,47
02-08-21,Greene,7078,10,5635,8,1443,2,6308,8,40791,39,47099,47,2,136,-21,173,29,6769,0,170,138
02-08-21,Grundy,1584,2,1360,2,224,0,1560,2,7242,10,8802,12,2,28,-8,69,8,1487,0,54,27
02-08-21,Hamblen,7652,11,5606,3,2046,8,6276,5,42109,17,48385,22,0,151,-7,148,18,7353,0,238,155
02-08-21,Hamilton,38199,89,33470,60,4729,29,37404,60,281668,167,319072,227,3,413,-66,671,152,37115,1,1032,432
02-08-21,Hancock,478,1,348,1,130,0,371,1,3562,2,3933,3,0,9,-2,8,3,461,0,18,10
02-08-21,Hardeman,3340,8,2720,2,620,6,3183,3,23229,5,26412,8,0,62,-7,53,15,3225,0,98,61
02-08-21,Hardin,3246,3,2240,0,1006,3,2670,0,21712,7,24382,7,1,59,-5,48,7,3139,0,59,63
02-08-21,Hawkins,4923,11,4087,7,836,4,4402,6,28867,82,33269,88,0,88,-24,212,35,4623,0,128,90
02-08-21,Haywood,2611,1,2193,1,418,0,2496,2,12745,3,15241,5,0,58,-11,39,12,2514,0,77,58
02-08-21,Henderson,3549,2,2489,2,1060,0,3125,1,15224,1,18349,2,0,70,-12,65,14,3414,0,75,72
02-08-21,Henry,2912,3,2286,0,626,3,2641,1,16660,11,19301,12,2,72,-8,40,9,2800,0,74,73
02-08-21,Hickman,2557,1,2106,1,451,0,2437,2,14718,8,17155,10,0,39,-11,53,12,2465,0,51,39
02-08-21,Houston,1000,1,755,1,245,0,861,2,8641,2,9502,4,0,27,-1,-4,2,977,0,38,30
02-08-21,Humphreys,1475,0,991,0,484,0,1162,0,10613,8,11775,8,0,20,-7,13,7,1442,0,29,21
02-08-21,Jackson,1226,3,968,2,258,1,1126,2,4994,5,6120,7,0,27,3,44,0,1155,0,38,32
02-08-21,Jefferson,5381,8,3819,2,1562,6,4312,3,33538,15,37850,18,2,97,-22,164,28,5120,0,166,113
02-08-21,Johnson,2118,6,1910,2,208,4,2033,4,13048,4,15081,8,0,37,0,52,6,2029,0,56,37
02-08-21,Knox,43661,108,37605,72,6056,36,41042,74,282765,370,323807,444,4,527,-156,1385,260,41749,2,1207,541
02-08-21,Lake,1663,0,1481,0,182,0,1741,0,9311,2,11052,2,0,24,-5,48,5,1591,0,24,25
02-08-21,Lauderdale,3042,2,2379,2,663,0,2725,2,19266,16,21991,18,0,41,-3,54,5,2947,0,80,41
02-08-21,Lawrence,5437,3,4273,0,1164,3,4692,0,26337,34,31029,34,0,78,-20,152,23,5207,0,135,78
02-08-21,Lewis,1405,2,1126,0,279,2,1219,0,9368,3,10587,3,0,23,-6,56,8,1326,0,40,24
02-08-21,Lincoln,4020,8,3157,6,863,2,3586,4,16042,6,19628,10,1,56,-4,92,11,3872,0,76,56
02-08-21,Loudon,5347,12,4282,3,1065,9,4676,3,28141,26,32817,29,1,63,-16,195,27,5089,0,120,62
02-08-21,Macon,3277,16,2610,1,667,15,3062,1,14019,6,17081,7,1,67,-1,100,16,3110,1,117,73
02-08-21,Madison,9850,11,5535,4,4315,7,6759,5,50454,25,57213,30,1,207,-35,-460,45,10103,1,325,221
02-08-21,Marion,2805,1,2432,1,373,0,2717,1,16304,21,19021,22,0,38,-12,56,13,2711,0,100,44
02-08-21,Marshall,3799,7,3093,5,706,2,3488,5,21236,13,24724,18,1,51,-17,143,23,3605,0,86,53
02-08-21,Maury,11877,20,10669,15,1208,5,11762,14,66224,55,77986,69,0,152,-34,386,54,11339,1,269,154
02-08-21,McMinn,5638,7,5077,6,561,1,5594,6,37247,18,42841,24,1,85,-16,193,22,5360,0,141,88
02-08-21,McNairy,2574,3,1819,3,755,0,2229,3,16652,1,18881,4,0,46,-10,-30,13,2558,1,60,49
02-08-21,Meigs,1220,3,1115,3,105,0,1240,3,7055,14,8295,17,0,19,-7,29,10,1172,0,37,20
02-08-21,Monroe,5052,8,4077,1,975,7,4588,2,23875,19,28463,21,2,82,-26,194,32,4776,0,140,87
02-08-21,Montgomery,16631,14,12353,7,4278,7,13572,7,98436,120,112008,127,4,188,-110,631,120,15812,1,285,201
02-08-21,Moore,918,0,720,0,198,0,815,0,4452,1,5267,1,1,14,-5,20,4,884,0,16,15
02-08-21,Morgan,2220,4,1679,2,541,2,1807,3,13860,0,15667,3,2,25,-8,42,10,2153,0,33,36
02-08-21,Obion,4305,2,3214,1,1091,1,3638,1,20474,43,24112,44,0,90,-11,61,13,4154,0,96,92
02-08-21,Out of State,15772,29,12674,22,3098,7,14262,22,549695,551,563957,573,2,101,-55,293,82,15378,3,188,83
02-08-21,Overton,2789,6,2121,0,668,6,2494,0,13700,7,16194,7,0,53,-1,54,7,2682,0,62,57
02-08-21,Pending,14553,15,9556,9,4997,6,10589,12,355375,355,365964,367,4,202,-57,228,68,14123,0,128,122
02-08-21,Perry,1010,0,874,0,136,0,978,0,5750,2,6728,2,0,25,-3,3,3,982,0,28,26
02-08-21,Pickett,729,2,482,1,247,1,579,1,3300,4,3879,5,0,21,-1,17,3,691,0,28,21
02-08-21,Polk,1619,5,1487,5,132,0,1646,6,8086,8,9732,14,0,21,0,77,5,1521,1,58,21
02-08-21,Putnam,10319,7,8570,2,1749,5,10268,4,64337,26,74605,30,1,166,-18,248,24,9905,1,197,165
02-08-21,Rhea,3983,7,3491,4,492,3,3910,4,23680,24,27590,28,1,66,-8,78,14,3839,0,80,71
02-08-21,Roane,5544,6,4405,3,1139,3,4885,4,38132,17,43017,21,1,98,-9,97,14,5349,0,139,96
02-08-21,Robertson,8614,9,6950,4,1664,5,7843,0,39014,33,46857,33,0,106,-39,240,48,8268,0,389,111
02-08-21,Rutherford,36536,73,32239,51,4297,22,37612,55,204461,263,242073,318,7,344,-99,904,165,35288,1,549,363
02-08-21,Scott,2739,6,1600,0,1139,6,1706,0,10427,6,12133,6,0,39,-8,104,14,2596,0,59,42
02-08-21,Sequatchie,1471,3,1207,2,264,1,1312,2,10876,7,12188,9,0,24,-2,64,5,1383,0,33,26
02-08-21,Sevier,11426,32,10208,19,1218,13,11218,20,58311,71,69529,91,0,146,-2,211,34,11069,1,251,156
02-08-21,Shelby,84322,181,78999,152,5323,29,97136,218,822301,1267,919437,1485,8,1365,-247,1976,420,80981,3,3321,1463
02-08-21,Smith,2487,2,1928,1,559,1,2422,1,12256,3,14678,4,1,34,-9,56,10,2397,0,57,36
02-08-21,Stewart,1200,1,912,1,288,0,1028,1,6240,9,7268,10,0,25,-3,16,4,1159,0,24,24
02-08-21,Sullivan,13671,26,11971,21,1700,5,12956,19,75456,100,88412,119,2,256,-19,292,43,13123,1,687,260
02-08-21,Sumner,20507,33,18706,19,1801,14,21160,23,106317,110,127477,133,3,288,-55,590,85,19629,1,674,303
02-08-21,Tipton,6706,4,4779,2,1927,2,5773,4,42185,57,47958,61,0,91,-24,108,28,6507,0,144,96
02-08-21,Trousdale,2366,0,2246,0,120,0,2406,0,8304,4,10710,4,0,19,-2,27,2,2320,0,36,22
02-08-21,Unicoi,1722,2,1360,1,362,1,1495,2,11807,3,13302,5,0,48,0,19,2,1655,0,61,46
02-08-21,Union,1607,2,1369,2,238,0,1477,2,9493,8,10970,10,1,27,-4,29,5,1551,0,52,28
02-08-21,Van Buren,783,1,657,1,126,0,726,1,4806,2,5532,3,1,16,-4,12,4,755,0,19,20
02-08-21,Warren,5189,7,4470,3,719,4,5045,3,29412,10,34457,13,0,66,-5,94,12,5029,0,79,74
02-08-21,Washington,12318,13,10686,10,1632,3,11776,9,71948,90,83724,99,3,225,-34,205,44,11888,0,315,225
02-08-21,Wayne,2826,4,2316,0,510,4,2542,0,10568,8,13110,8,0,26,-11,58,15,2742,2,58,29
02-08-21,Weakley,3724,6,2809,5,915,1,3203,4,20128,12,23331,16,1,54,-16,69,21,3601,0,57,57
02-08-21,White,3241,4,2726,3,515,1,3334,3,20870,8,24204,11,0,59,-4,70,8,3112,0,102,63
02-08-21,Williamson,23986,49,20796,30,3190,19,23102,32,160742,203,183844,235,3,187,-125,863,171,22936,1,278,202
02-08-21,Wilson,15675,23,14351,17,1324,6,16372,18,88955,145,105327,163,2,193,-46,378,67,15104,1,313,201
02-07-21,Anderson,7561,13,5865,7,1696,6,6537,8,56137,104,62674,112,0,143,-11,207,24,7211,0,185,153
02-07-21,Bedford,5649,1,4578,0,1071,1,5289,0,28353,54,33642,54,0,109,-8,111,9,5429,0,123,116
02-07-21,Benton,1473,1,1198,0,275,1,1322,0,8398,7,9720,7,0,37,-5,31,6,1405,0,35,39
02-07-21,Bledsoe,1914,4,1776,3,138,1,1883,3,13819,72,15702,75,0,11,1,56,3,1847,1,31,10
02-07-21,Blount,13468,52,11795,34,1673,18,12980,35,64486,118,77466,153,0,158,10,346,42,12964,0,305,171
02-07-21,Bradley,12059,27,10240,22,1819,5,11607,29,56851,164,68458,193,0,128,1,382,26,11549,1,494,135
02-07-21,Campbell,3609,6,2113,3,1496,3,2365,4,23365,21,25730,25,0,51,-1,95,7,3463,0,110,56
02-07-21,Cannon,1703,1,1399,1,304,0,1560,1,8322,13,9882,14,0,25,-3,51,4,1627,0,33,27
02-07-21,Carroll,3402,5,2256,4,1146,1,2672,5,18388,22,21060,27,0,78,-4,88,9,3236,0,77,80
02-07-21,Carter,5748,4,5048,2,700,2,5535,2,33068,66,38603,68,0,139,-11,163,15,5446,0,206,145
02-07-21,Cheatham,3731,6,2976,6,755,0,3364,6,24114,51,27478,57,0,38,-6,128,12,3565,0,77,39
02-07-21,Chester,1960,1,1420,1,540,0,1695,3,10612,81,12307,84,0,44,-7,47,8,1869,0,38,45
02-07-21,Claiborne,2464,2,1628,1,836,1,1736,1,20997,92,22733,93,1,52,-10,118,11,2294,0,87,63
02-07-21,Clay,1040,1,720,1,320,0,824,1,5186,1,6010,2,0,29,1,25,0,986,0,22,30
02-07-21,Cocke,3834,8,2669,4,1165,4,2944,4,18966,29,21910,33,0,84,1,100,7,3650,0,105,90
02-07-21,Coffee,6070,7,4389,3,1681,4,5376,3,41237,62,46613,65,0,104,-2,183,9,5783,1,109,111
02-07-21,Crockett,1933,4,1171,1,762,3,1364,2,6834,4,8198,6,0,43,2,29,2,1861,0,29,46
02-07-21,Cumberland,5922,5,5014,3,908,2,5743,2,44718,39,50461,41,0,103,-1,137,6,5682,0,142,117
02-07-21,Davidson,78131,111,74270,81,3861,30,90273,82,812076,2572,902349,2654,2,790,-98,2313,207,75028,2,1829,808
02-07-21,Decatur,1510,1,1132,0,378,1,1347,0,10545,7,11892,7,0,32,-2,19,3,1459,0,37,35
02-07-21,Dekalb,2560,3,1932,3,628,0,2232,3,15554,21,17786,24,0,48,3,60,0,2452,0,52,47
02-07-21,Dickson,5902,4,4359,1,1543,3,5173,1,31326,42,36499,43,0,98,-3,84,7,5720,0,113,102
02-07-21,Dyer,5157,4,3435,1,1722,3,3866,2,20313,24,24179,26,0,92,-8,156,12,4909,0,103,99
02-07-21,Fayette,4543,9,3965,6,578,3,4861,5,33441,47,38302,52,0,65,-6,126,15,4352,0,118,69
02-07-21,Fentress,2255,1,1974,1,281,0,2253,1,11123,8,13376,9,0,41,-1,35,2,2179,0,54,43
02-07-21,Franklin,4515,8,3826,7,689,1,4487,5,31921,47,36408,52,0,76,-4,117,12,4322,0,102,79
02-07-21,Gibson,6055,14,3681,7,2374,7,4449,9,27189,58,31638,67,0,129,2,150,12,5776,1,103,137
02-07-21,Giles,3567,8,3027,6,540,2,3478,6,20765,44,24243,50,0,89,-1,101,9,3377,0,109,94
02-07-21,Grainger,2311,4,1764,1,547,3,1978,1,12570,27,14548,28,0,45,-5,81,9,2185,0,62,47
02-07-21,Greene,7068,10,5627,10,1441,0,6300,13,40752,73,47052,86,0,134,-2,194,12,6740,0,170,138
02-07-21,Grundy,1582,9,1358,8,224,1,1558,6,7232,15,8790,21,0,26,5,77,4,1479,0,54,27
02-07-21,Hamblen,7641,13,5603,4,2038,9,6271,6,42092,55,48363,61,0,151,0,155,13,7335,0,238,155
02-07-21,Hamilton,38110,90,33410,69,4700,21,37344,79,281501,601,318845,680,0,410,-11,737,101,36963,0,1031,432
02-07-21,Hancock,477,0,347,0,130,0,370,0,3560,1,3930,1,0,9,-1,10,1,458,0,18,10
02-07-21,Hardeman,3332,7,2718,3,614,4,3180,2,23224,28,26404,30,0,62,3,60,4,3210,0,98,61
02-07-21,Hardin,3243,1,2240,0,1003,1,2670,0,21705,32,24375,32,0,58,-6,53,7,3132,0,59,63
02-07-21,Hawkins,4912,9,4080,6,832,3,4396,7,28785,26,33181,33,0,88,-9,236,18,4588,1,128,89
02-07-21,Haywood,2610,1,2192,1,418,0,2494,1,12742,9,15236,10,0,58,-3,50,4,2502,0,77,58
02-07-21,Henderson,3547,7,2487,3,1060,4,3124,5,15223,13,18347,18,0,70,-1,77,8,3400,0,75,71
02-07-21,Henry,2909,4,2286,3,623,1,2640,4,16649,36,19289,40,0,70,-4,48,8,2791,0,74,73
02-07-21,Hickman,2556,5,2105,3,451,2,2435,3,14710,26,17145,29,0,39,3,64,2,2453,0,51,39
02-07-21,Houston,999,0,754,0,245,0,859,0,8639,8,9498,8,0,27,-1,-3,1,975,0,38,29
02-07-21,Humphreys,1475,1,991,0,484,1,1162,0,10605,9,11767,9,0,20,-3,20,4,1435,0,29,21
02-07-21,Jackson,1223,2,966,1,257,1,1124,1,4989,9,6113,10,0,27,-4,41,6,1155,0,38,31
02-07-21,Jefferson,5373,7,3817,6,1556,1,4309,7,33523,44,37832,51,-1,95,-3,186,11,5092,0,166,112
02-07-21,Johnson,2112,0,1908,0,204,0,2029,0,13044,14,15073,14,0,37,-3,52,3,2023,0,56,37
02-07-21,Knox,43553,109,37533,76,6020,33,40968,81,282395,700,323363,781,1,523,-24,1541,132,41489,2,1205,538
02-07-21,Lake,1663,0,1481,0,182,0,1741,1,9309,1,11050,2,0,24,-3,53,3,1586,0,24,25
02-07-21,Lauderdale,3040,2,2377,2,663,0,2723,3,19250,35,21973,38,0,41,-4,57,6,2942,0,80,41
02-07-21,Lawrence,5434,5,4273,5,1161,0,4692,6,26303,52,30995,58,0,78,0,172,5,5184,2,135,78
02-07-21,Lewis,1403,4,1126,3,277,1,1219,3,9365,16,10584,19,0,23,2,62,2,1318,0,40,24
02-07-21,Lincoln,4012,1,3151,1,861,0,3582,1,16036,28,19618,29,0,55,-12,96,13,3861,0,76,56
02-07-21,Loudon,5335,9,4279,8,1056,1,4673,9,28115,36,32788,45,0,62,-9,211,18,5062,1,120,61
02-07-21,Macon,3261,3,2609,2,652,1,3061,1,14013,15,17074,16,0,66,-2,101,5,3094,0,116,73
02-07-21,Madison,9839,12,5531,4,4308,8,6754,5,50429,68,57183,73,0,206,-5,-425,17,10058,0,324,220
02-07-21,Marion,2804,3,2431,3,373,0,2716,2,16283,19,18999,21,0,38,-5,68,8,2698,0,100,44
02-07-21,Marshall,3792,7,3088,5,704,2,3483,5,21223,33,24706,38,0,50,-3,160,10,3582,0,86,52
02-07-21,Maury,11857,22,10654,15,1203,7,11748,17,66169,126,77917,143,0,152,-12,420,34,11285,1,268,154
02-07-21,McMinn,5631,15,5071,10,560,5,5588,13,37229,103,42817,116,0,84,-10,209,25,5338,0,141,87
02-07-21,McNairy,2571,3,1816,1,755,2,2226,1,16651,14,18877,15,0,46,3,-20,0,2545,0,59,49
02-07-21,Meigs,1217,1,1112,1,105,0,1237,0,7041,15,8278,15,0,19,0,36,1,1162,0,37,20
02-07-21,Monroe,5044,12,4076,4,968,8,4586,6,23856,38,28442,44,0,80,-8,220,20,4744,1,140,87
02-07-21,Montgomery,16617,39,12346,31,4271,8,13565,33,98316,279,111881,312,0,184,-15,741,54,15692,0,284,201
02-07-21,Moore,918,2,720,1,198,1,815,0,4451,4,5266,4,0,13,-2,25,4,880,1,16,15
02-07-21,Morgan,2216,4,1677,3,539,1,1804,4,13860,35,15664,39,0,23,-4,50,8,2143,0,33,36
02-07-21,Obion,4303,2,3213,1,1090,1,3637,1,20431,14,24068,15,0,90,-4,72,6,4141,0,96,92
02-07-21,Out of State,15743,25,12652,16,3091,9,14240,19,549144,693,563384,712,1,99,1,348,23,15296,2,185,83
02-07-21,Overton,2783,2,2121,0,662,2,2494,0,13693,12,16187,12,0,53,-2,55,4,2675,0,62,57
02-07-21,Pending,14538,50,9547,37,4991,13,10577,37,355020,758,365597,795,0,198,17,285,33,14055,0,128,121
02-07-21,Perry,1010,2,874,1,136,1,978,1,5748,13,6726,14,0,25,0,6,2,979,0,28,26
02-07-21,Pickett,727,1,481,1,246,0,578,1,3296,1,3874,2,0,21,1,18,0,688,0,28,21
02-07-21,Polk,1614,6,1482,5,132,1,1640,5,8078,17,9718,22,0,21,-3,77,9,1516,0,57,21
02-07-21,Putnam,10312,13,8568,10,1744,3,10264,12,64311,71,74575,83,0,165,1,266,12,9881,1,196,165
02-07-21,Rhea,3976,9,3487,5,489,4,3906,3,23656,26,27562,29,0,65,0,86,9,3825,0,80,70
02-07-21,Roane,5538,14,4402,8,1136,6,4881,9,38115,63,42996,72,1,97,3,106,10,5335,1,139,96
02-07-21,Robertson,8605,15,6946,8,1659,7,7843,10,38981,105,46824,115,0,106,-8,279,23,8220,2,389,111
02-07-21,Rutherford,36463,70,32188,35,4275,35,37557,38,204198,472,241755,510,1,337,-21,1003,90,35123,0,548,361
02-07-21,Scott,2733,4,1600,0,1133,4,1706,0,10421,15,12127,15,0,39,0,112,4,2582,0,59,42
02-07-21,Sequatchie,1468,7,1205,1,263,6,1310,2,10869,5,12179,7,0,24,5,66,2,1378,0,33,26
02-07-21,Sevier,11394,29,10189,18,1205,11,11198,23,58240,97,69438,120,0,146,7,213,22,11035,0,250,156
02-07-21,Shelby,84141,144,78847,120,5294,24,96918,160,821034,1392,917952,1552,1,1357,-39,2223,182,80561,4,3318,1457
02-07-21,Smith,2485,2,1927,0,558,2,2421,0,12253,25,14674,25,0,33,-2,65,4,2387,0,57,36
02-07-21,Stewart,1199,3,911,1,288,2,1027,1,6231,15,7258,16,0,25,1,19,2,1155,0,24,24
02-07-21,Sullivan,13645,23,11950,21,1695,2,12937,23,75356,195,88293,218,0,254,-3,311,26,13080,0,686,259
02-07-21,Sumner,20474,54,18687,41,1787,13,21137,34,106207,235,127344,269,0,285,6,645,48,19544,0,673,302
02-07-21,Tipton,6702,11,4777,4,1925,7,5769,5,42128,54,47897,59,-1,91,-2,132,14,6479,1,144,96
02-07-21,Trousdale,2366,3,2246,3,120,0,2406,3,8300,28,10706,31,0,19,1,29,2,2318,0,36,22
02-07-21,Unicoi,1720,2,1359,0,361,2,1493,0,11804,9,13297,9,0,48,1,19,1,1653,0,61,46
02-07-21,Union,1605,3,1367,2,238,1,1475,2,9485,14,10960,16,0,26,-1,33,4,1546,0,52,28
02-07-21,Van Buren,782,0,656,0,126,0,725,0,4804,7,5529,7,0,15,0,16,0,751,0,19,20
02-07-21,Warren,5182,2,4467,2,715,0,5042,2,29402,65,34444,67,0,66,-5,99,7,5017,0,79,73
02-07-21,Washington,12305,17,10676,13,1629,4,11767,12,71858,126,83625,138,0,222,-5,239,22,11844,0,315,223
02-07-21,Wayne,2822,3,2316,3,506,0,2542,2,10560,20,13102,22,0,26,-1,69,4,2727,0,56,29
02-07-21,Weakley,3718,9,2804,7,914,2,3199,7,20116,40,23315,47,0,53,5,85,4,3580,0,57,57
02-07-21,White,3237,4,2723,4,514,0,3331,4,20862,34,24193,38,0,59,1,74,3,3104,0,102,63
02-07-21,Williamson,23937,71,20766,53,3171,18,23070,57,160539,387,183609,444,0,184,-29,988,100,22765,1,277,201
02-07-21,Wilson,15652,20,14334,18,1318,2,16354,19,88810,205,105164,224,0,191,-31,424,51,15037,0,312,201
02-06-21,Anderson,7548,27,5858,17,1690,10,6529,23,56033,225,62562,248,1,143,9,218,17,7187,0,185,153
02-06-21,Bedford,5648,18,4578,12,1070,6,5289,14,28299,192,33588,206,2,109,3,119,13,5420,0,123,115
02-06-21,Benton,1472,5,1198,5,274,0,1322,5,8391,39,9713,44,0,37,-2,36,7,1399,0,35,39
02-06-21,Bledsoe,1910,9,1773,5,137,4,1880,8,13747,88,15627,96,0,11,9,55,0,1844,0,30,10
02-06-21,Blount,13416,59,11761,34,1655,25,12945,36,64368,336,77313,372,1,158,19,336,39,12922,1,305,170
02-06-21,Bradley,12032,72,10218,47,1814,25,11578,55,56687,421,68265,476,0,128,31,381,41,11523,1,493,135
02-06-21,Campbell,3603,5,2110,3,1493,2,2361,5,23344,90,25705,95,0,51,-3,96,8,3456,0,110,55
02-06-21,Cannon,1702,12,1398,7,304,5,1559,10,8309,44,9868,54,0,25,6,54,6,1623,0,33,27
02-06-21,Carroll,3397,22,2252,9,1145,13,2667,10,18366,59,21033,69,0,78,15,92,7,3227,0,77,80
02-06-21,Carter,5744,19,5046,14,698,5,5533,19,33002,233,38535,252,0,139,8,174,11,5431,2,206,145
02-06-21,Cheatham,3725,27,2970,15,755,12,3358,16,24063,157,27421,173,0,38,18,134,9,3553,0,77,39
02-06-21,Chester,1959,14,1419,8,540,6,1692,12,10531,73,12223,85,0,44,9,54,5,1861,0,38,45
02-06-21,Claiborne,2462,18,1627,10,835,8,1735,10,20905,114,22640,124,0,51,11,128,7,2283,0,87,63
02-06-21,Clay,1039,6,719,6,320,0,823,6,5185,29,6008,35,0,29,3,24,3,986,0,22,30
02-06-21,Cocke,3826,13,2665,5,1161,8,2940,8,18937,63,21877,71,1,84,7,99,5,3643,0,105,90
02-06-21,Coffee,6063,28,4386,17,1677,11,5373,23,41175,265,46548,288,0,104,12,185,16,5774,0,108,111
02-06-21,Crockett,1929,6,1170,4,759,2,1362,5,6830,38,8192,43,0,43,4,27,2,1859,0,29,46
02-06-21,Cumberland,5917,29,5011,23,906,6,5741,25,44679,230,50420,255,1,103,21,138,7,5676,0,142,117
02-06-21,Davidson,78020,400,74189,347,3831,53,90191,458,809504,6453,899695,6911,0,788,222,2411,178,74821,8,1827,807
02-06-21,Decatur,1509,4,1132,1,377,3,1347,1,10538,19,11885,20,0,32,4,21,0,1456,0,37,35
02-06-21,Dekalb,2557,4,1929,4,628,0,2229,6,15533,78,17762,84,0,48,-2,57,6,2452,0,52,47
02-06-21,Dickson,5898,30,4358,15,1540,15,5172,18,31284,139,36456,157,0,98,19,87,11,5713,0,113,102
02-06-21,Dyer,5153,18,3434,6,1719,12,3864,7,20289,80,24153,87,0,92,5,164,13,4897,0,103,98
02-06-21,Fayette,4534,24,3959,17,575,7,4856,25,33394,191,38250,216,0,65,7,132,17,4337,2,118,68
02-06-21,Fentress,2254,8,1973,8,281,0,2252,9,11115,127,13367,136,0,41,4,36,4,2177,0,54,43
02-06-21,Franklin,4507,24,3819,23,688,1,4482,30,31874,292,36356,322,2,76,12,121,10,4310,0,102,79
02-06-21,Gibson,6041,25,3674,12,2367,13,4440,15,27131,127,31571,142,0,129,10,148,15,5764,1,102,137
02-06-21,Giles,3559,15,3021,8,538,7,3472,10,20721,143,24193,153,1,89,5,102,9,3368,0,109,94
02-06-21,Grainger,2307,15,1763,10,544,5,1977,13,12543,63,14520,76,0,45,11,86,4,2176,0,62,47
02-06-21,Greene,7058,36,5617,30,1441,6,6287,36,40679,369,46966,405,2,134,15,196,19,6728,1,170,138
02-06-21,Grundy,1573,20,1350,13,223,7,1552,13,7217,80,8769,93,0,26,18,72,2,1475,0,54,27
02-06-21,Hamblen,7628,54,5599,32,2029,22,6265,39,42037,296,48302,335,2,151,38,155,14,7322,5,238,155
02-06-21,Hamilton,38020,171,33341,138,4679,33,37265,164,280900,1592,318165,1756,6,410,62,748,103,36862,1,1031,431
02-06-21,Hancock,477,6,347,5,130,1,370,5,3559,19,3929,24,0,9,1,11,5,457,0,18,10
02-06-21,Hardeman,3325,5,2715,5,610,0,3178,5,23196,71,26374,76,0,62,-2,57,7,3206,0,98,61
02-06-21,Hardin,3242,7,2240,5,1002,2,2670,7,21673,112,24343,119,0,58,-3,59,10,3125,0,59,62
02-06-21,Hawkins,4903,37,4074,29,829,8,4389,32,28759,270,33148,302,1,88,17,245,19,4570,0,127,89
02-06-21,Haywood,2609,6,2191,5,418,1,2493,7,12733,64,15226,71,0,58,4,53,2,2498,0,77,58
02-06-21,Henderson,3540,15,2484,8,1056,7,3119,8,15210,39,18329,47,0,70,8,78,7,3392,0,75,70
02-06-21,Henry,2905,12,2283,8,622,4,2636,10,16613,55,19249,65,2,70,4,52,6,2783,0,74,73
02-06-21,Hickman,2551,15,2102,5,449,10,2432,7,14684,69,17116,76,0,39,11,61,4,2451,0,51,39
02-06-21,Houston,999,2,754,2,245,0,859,2,8631,15,9490,17,0,27,2,-2,0,974,0,38,29
02-06-21,Humphreys,1474,5,991,2,483,3,1162,4,10596,44,11758,48,0,20,4,23,1,1431,1,29,21
02-06-21,Jackson,1221,6,965,5,256,1,1123,5,4980,31,6103,36,0,27,3,45,3,1149,0,38,31
02-06-21,Jefferson,5366,26,3811,20,1555,6,4302,28,33479,265,37781,293,1,96,3,189,22,5081,0,166,110
02-06-21,Johnson,2112,11,1908,11,204,0,2029,11,13030,119,15059,130,0,37,1,55,10,2020,0,56,37
02-06-21,Knox,43444,303,37457,172,5987,131,40887,204,281695,1417,322582,1621,2,522,136,1565,165,41357,6,1203,537
02-06-21,Lake,1663,2,1481,2,182,0,1740,2,9308,33,11048,35,1,24,1,56,0,1583,0,24,25
02-06-21,Lauderdale,3038,9,2375,9,663,0,2720,11,19215,111,21935,122,0,41,6,61,3,2936,0,80,41
02-06-21,Lawrence,5429,22,4268,20,1161,2,4686,22,26251,189,30937,211,2,78,3,172,17,5179,0,133,78
02-06-21,Lewis,1399,8,1123,3,276,5,1216,3,9349,42,10565,45,0,23,2,60,6,1316,0,40,24
02-06-21,Lincoln,4011,12,3150,12,861,0,3581,15,16008,76,19589,91,0,55,7,108,5,3848,0,76,56
02-06-21,Loudon,5326,53,4271,28,1055,25,4664,33,28079,122,32743,155,1,62,36,220,16,5044,1,119,61
02-06-21,Macon,3258,5,2607,4,651,1,3060,5,13998,62,17058,67,1,66,-3,103,7,3089,0,116,73
02-06-21,Madison,9827,37,5527,18,4300,19,6749,20,50361,265,57110,285,0,206,15,-420,22,10041,1,324,220
02-06-21,Marion,2801,19,2428,17,373,2,2714,15,16264,145,18978,160,0,38,15,73,4,2690,0,100,44
02-06-21,Marshall,3785,26,3083,11,702,15,3478,13,21190,95,24668,108,0,50,14,163,12,3572,1,86,52
02-06-21,Maury,11835,58,10639,40,1196,18,11731,42,66043,384,77774,426,2,152,17,432,39,11251,1,267,154
02-06-21,McMinn,5616,39,5061,32,555,7,5575,34,37126,254,42701,288,0,84,25,219,14,5313,0,141,86
02-06-21,McNairy,2568,7,1815,6,753,1,2225,7,16637,157,18862,164,1,46,-7,-23,13,2545,0,59,49
02-06-21,Meigs,1216,4,1111,4,105,0,1237,4,7026,94,8263,98,1,19,0,36,3,1161,0,37,20
02-06-21,Monroe,5032,28,4072,15,960,13,4580,19,23818,146,28398,165,0,80,8,228,20,4724,0,139,85
02-06-21,Montgomery,16578,123,12315,71,4263,52,13532,103,98037,653,111569,756,2,184,39,756,82,15638,0,284,201
02-06-21,Moore,916,0,719,0,197,0,815,1,4447,24,5262,25,0,13,-2,27,2,876,0,15,15
02-06-21,Morgan,2212,9,1674,6,538,3,1800,7,13825,54,15625,61,0,23,6,54,3,2135,0,33,35
02-06-21,Obion,4301,9,3212,8,1089,1,3636,10,20417,116,24053,126,0,90,3,76,6,4135,0,96,92
02-06-21,Out of State,15718,92,12636,68,3082,24,14221,76,548451,2731,562672,2807,0,98,57,347,35,15273,1,183,83
02-06-21,Overton,2781,7,2121,7,660,0,2494,10,13681,85,16175,95,0,53,4,57,3,2671,0,62,57
02-06-21,Pending,14488,74,9510,43,4978,31,10540,49,354262,2055,364802,2104,2,198,17,268,55,14022,1,128,121
02-06-21,Perry,1008,3,873,2,135,1,977,2,5735,14,6712,16,0,25,-1,6,4,977,0,28,26
02-06-21,Pickett,726,0,480,0,246,0,577,1,3295,32,3872,33,0,21,-2,17,2,688,0,28,21
02-06-21,Polk,1608,7,1477,5,131,2,1635,6,8061,65,9696,71,0,21,0,80,7,1507,0,57,21
02-06-21,Putnam,10299,59,8558,47,1741,12,10252,57,64240,464,74492,521,0,165,24,265,35,9869,0,195,165
02-06-21,Rhea,3967,14,3482,11,485,3,3903,17,23630,149,27533,166,1,65,8,86,5,3816,0,80,70
02-06-21,Roane,5524,27,4394,16,1130,11,4872,19,38052,176,42924,195,0,96,11,103,16,5325,0,138,96
02-06-21,Robertson,8590,35,6938,24,1652,11,7833,30,38876,260,46709,290,0,106,6,287,29,8197,1,387,111
02-06-21,Rutherford,36393,178,32153,127,4240,51,37519,168,203726,1354,241245,1522,0,336,96,1024,82,35033,0,548,361
02-06-21,Scott,2729,19,1600,2,1129,17,1706,3,10406,30,12112,33,1,39,11,112,7,2578,0,59,42
02-06-21,Sequatchie,1461,16,1204,11,257,5,1308,12,10864,76,12172,88,0,24,13,61,3,1376,0,33,26
02-06-21,Sevier,11365,33,10171,24,1194,9,11175,40,58143,327,69318,367,2,146,-5,206,36,11013,0,250,154
02-06-21,Shelby,83997,419,78727,347,5270,72,96758,485,819642,6056,916400,6541,7,1356,186,2262,226,80379,7,3314,1454
02-06-21,Smith,2483,10,1927,6,556,4,2421,6,12228,48,14649,54,0,33,9,67,1,2383,0,57,36
02-06-21,Stewart,1196,6,910,3,286,3,1026,4,6216,28,7242,32,1,25,-1,18,6,1153,0,24,24
02-06-21,Sullivan,13622,37,11929,26,1693,11,12914,35,75161,420,88075,455,3,254,6,314,28,13054,0,686,258
02-06-21,Sumner,20420,107,18646,76,1774,31,21103,99,105972,722,127075,821,2,285,46,639,59,19496,0,673,301
02-06-21,Tipton,6691,33,4773,18,1918,15,5764,26,42074,260,47838,286,1,92,14,134,18,6465,0,143,96
02-06-21,Trousdale,2363,4,2243,4,120,0,2403,4,8272,45,10675,49,0,19,3,28,1,2316,0,36,22
02-06-21,Unicoi,1718,1,1359,1,359,0,1493,1,11795,38,13288,39,0,48,-2,18,3,1652,0,61,46
02-06-21,Union,1602,2,1365,2,237,0,1473,2,9471,41,10944,43,0,26,-6,34,8,1542,0,52,28
02-06-21,Van Buren,782,4,656,3,126,1,725,4,4797,33,5522,37,0,15,3,16,1,751,0,19,20
02-06-21,Warren,5180,21,4465,20,715,1,5040,23,29337,163,34377,186,0,66,11,104,10,5010,0,79,73
02-06-21,Washington,12288,29,10663,23,1625,6,11755,32,71732,395,83487,427,0,222,-9,244,38,11822,1,315,222
02-06-21,Wayne,2819,3,2313,2,506,1,2540,4,10540,42,13080,46,0,26,2,70,1,2723,0,56,29
02-06-21,Weakley,3709,8,2797,4,912,4,3192,6,20076,132,23268,138,0,53,0,80,8,3576,0,57,57
02-06-21,White,3233,13,2719,12,514,1,3327,16,20828,123,24155,139,1,59,2,73,10,3101,0,102,63
02-06-21,Williamson,23866,173,20713,113,3153,60,23013,121,160152,1078,183165,1199,1,184,82,1017,90,22665,0,276,199
02-06-21,Wilson,15632,66,14316,53,1316,13,16335,66,88605,477,104940,543,0,191,28,455,38,14986,0,312,201
02-05-21,Anderson,7521,20,5841,12,1680,8,6506,18,55808,159,62314,177,2,142,-11,209,29,7170,0,185,153
02-05-21,Bedford,5630,8,4566,5,1064,3,5275,7,28107,70,33382,77,1,107,-8,116,15,5407,1,123,113
02-05-21,Benton,1467,1,1193,1,274,0,1317,1,8352,26,9669,27,1,37,-9,38,9,1392,0,35,39
02-05-21,Bledsoe,1901,8,1768,8,133,0,1872,7,13659,45,15531,52,0,11,3,46,5,1844,1,30,10
02-05-21,Blount,13357,21,11727,9,1630,12,12909,16,64032,133,76941,149,7,157,-41,317,55,12883,0,304,167
02-05-21,Bradley,11960,69,10171,46,1789,23,11523,47,56266,161,67789,208,4,128,4,350,61,11482,1,492,133
02-05-21,Campbell,3598,17,2107,6,1491,11,2356,5,23254,29,25610,34,3,51,-2,99,16,3448,1,110,55
02-05-21,Cannon,1690,0,1391,0,299,0,1549,0,8265,23,9814,23,0,25,-3,48,3,1617,0,33,25
02-05-21,Carroll,3375,5,2243,4,1132,1,2657,4,18307,34,20964,38,2,78,-5,77,8,3220,0,77,80
02-05-21,Carter,5725,15,5032,13,693,2,5514,12,32769,85,38283,97,2,139,-11,166,24,5420,0,204,145
02-05-21,Cheatham,3698,12,2955,5,743,7,3342,7,23906,84,27248,91,4,38,-9,116,17,3544,0,77,39
02-05-21,Chester,1945,7,1411,4,534,3,1680,5,10458,16,12138,21,0,44,0,45,7,1856,0,38,45
02-05-21,Claiborne,2444,8,1617,5,827,3,1725,7,20791,34,22516,41,2,51,-5,117,11,2276,1,87,60
02-05-21,Clay,1033,3,713,3,320,0,817,3,5156,22,5973,25,0,29,-1,21,4,983,0,22,30
02-05-21,Cocke,3813,13,2660,5,1153,8,2932,5,18874,58,21806,63,3,83,-16,92,26,3638,1,105,90
02-05-21,Coffee,6035,9,4369,7,1666,2,5350,8,40910,104,46260,112,2,104,-16,173,23,5758,0,108,110
02-05-21,Crockett,1923,2,1166,1,757,1,1357,2,6792,23,8149,25,1,43,-7,23,8,1857,0,29,46
02-05-21,Cumberland,5888,17,4988,13,900,4,5716,15,44449,89,50165,104,5,102,-6,117,18,5669,1,142,116
02-05-21,Davidson,77620,189,73842,160,3778,29,89733,193,803051,3765,892784,3958,17,788,-146,2189,318,74643,1,1819,805
02-05-21,Decatur,1505,1,1131,1,374,0,1346,1,10519,16,11865,17,0,32,-2,17,3,1456,0,37,35
02-05-21,Dekalb,2553,9,1925,6,628,3,2223,10,15455,68,17678,78,1,48,0,59,8,2446,0,52,46
02-05-21,Dickson,5868,7,4343,2,1525,5,5154,4,31145,101,36299,105,6,98,-10,68,11,5702,0,113,102
02-05-21,Dyer,5135,17,3428,11,1707,6,3857,13,20209,62,24066,75,2,92,3,159,12,4884,0,103,98
02-05-21,Fayette,4510,23,3942,22,568,1,4831,21,33203,120,38034,141,1,65,-8,125,30,4320,0,116,68
02-05-21,Fentress,2246,3,1965,2,281,1,2243,2,10988,48,13231,50,1,41,-3,32,5,2173,0,54,43
02-05-21,Franklin,4483,15,3796,14,687,1,4452,17,31582,160,36034,177,0,74,-1,109,16,4300,2,102,79
02-05-21,Gibson,6016,9,3662,4,2354,5,4425,3,27004,93,31429,96,1,129,-15,138,23,5749,0,101,136
02-05-21,Giles,3544,3,3013,3,531,0,3462,7,20578,66,24040,73,3,88,-14,97,14,3359,0,109,90
02-05-21,Grainger,2292,15,1753,12,539,3,1964,13,12480,60,14444,73,2,45,10,75,3,2172,0,62,47
02-05-21,Greene,7022,9,5587,6,1435,3,6251,11,40310,158,46561,169,0,132,-12,181,21,6709,0,169,135
02-05-21,Grundy,1553,8,1337,8,216,0,1539,10,7137,38,8676,48,1,26,2,54,5,1473,0,54,27
02-05-21,Hamblen,7574,32,5567,14,2007,18,6226,18,41741,120,47967,138,1,149,1,117,30,7308,0,233,154
02-05-21,Hamilton,37849,139,33203,98,4646,41,37101,105,279308,604,316409,709,8,404,-9,686,140,36759,8,1030,425
02-05-21,Hancock,471,2,342,2,129,0,365,2,3540,7,3905,9,0,9,-2,10,4,452,0,18,10
02-05-21,Hardeman,3320,12,2710,1,610,11,3173,2,23125,144,26298,146,0,62,-7,59,19,3199,2,98,61
02-05-21,Hardin,3235,5,2235,2,1000,3,2663,3,21561,80,24224,83,1,58,-6,62,10,3115,0,59,62
02-05-21,Hawkins,4866,16,4045,14,821,2,4357,14,28489,124,32846,138,0,87,-10,228,26,4551,1,127,88
02-05-21,Haywood,2603,3,2186,3,417,0,2486,4,12669,38,15155,42,0,58,-3,49,6,2496,0,77,58
02-05-21,Henderson,3525,6,2476,4,1049,2,3111,6,15171,32,18282,38,1,70,-1,70,6,3385,0,75,70
02-05-21,Henry,2893,11,2275,3,618,8,2626,4,16558,38,19184,42,1,68,4,48,6,2777,0,74,73
02-05-21,Hickman,2536,4,2097,4,439,0,2425,4,14615,37,17040,41,0,39,1,50,3,2447,0,51,39
02-05-21,Houston,997,2,752,1,245,1,857,2,8616,47,9473,49,0,27,1,-4,1,974,0,38,29
02-05-21,Humphreys,1469,4,989,1,480,3,1158,2,10552,19,11710,21,0,20,1,19,3,1430,0,28,21
02-05-21,Jackson,1215,6,960,6,255,0,1118,6,4949,18,6067,24,0,27,1,42,5,1146,1,38,30
02-05-21,Jefferson,5340,18,3791,8,1549,10,4274,13,33214,60,37488,73,4,95,-15,186,29,5059,1,166,109
02-05-21,Johnson,2101,3,1897,3,204,0,2018,3,12911,62,14929,65,1,37,0,54,2,2010,0,56,37
02-05-21,Knox,43141,173,37285,128,5856,45,40683,149,280278,740,320961,889,8,520,-4,1429,169,41192,4,1197,533
02-05-21,Lake,1661,0,1479,0,182,0,1738,0,9275,11,11013,11,0,23,-5,55,5,1583,0,24,25
02-05-21,Lauderdale,3029,7,2366,6,663,1,2709,9,19104,43,21813,52,0,41,-2,55,9,2933,0,80,41
02-05-21,Lawrence,5407,8,4248,2,1159,6,4664,3,26062,74,30726,77,1,76,-8,169,15,5162,0,133,78
02-05-21,Lewis,1391,1,1120,1,271,0,1213,2,9307,11,10520,13,0,23,-2,58,3,1310,0,40,24
02-05-21,Lincoln,3999,8,3138,5,861,3,3566,6,15932,39,19498,45,1,55,-3,101,10,3843,0,76,56
02-05-21,Loudon,5273,14,4243,9,1030,5,4631,12,27957,73,32588,85,0,61,-3,184,17,5028,1,118,61
02-05-21,Macon,3253,7,2603,6,650,1,3055,7,13936,54,16991,61,3,65,-1,106,5,3082,0,116,73
02-05-21,Madison,9790,27,5509,22,4281,5,6729,31,50096,145,56825,176,4,206,-13,-435,36,10019,0,323,218
02-05-21,Marion,2782,9,2411,5,371,4,2699,6,16119,70,18818,76,0,38,-3,58,12,2686,0,100,44
02-05-21,Marshall,3759,20,3072,6,687,14,3465,11,21095,40,24560,51,4,50,-3,149,19,3560,0,85,50
02-05-21,Maury,11777,21,10599,18,1178,3,11689,18,65659,106,77348,124,1,150,-32,415,52,11212,1,266,154
02-05-21,McMinn,5577,16,5029,10,548,6,5541,15,36872,117,42413,132,2,84,-12,194,26,5299,0,141,85
02-05-21,McNairy,2561,3,1809,1,752,2,2218,1,16480,55,18698,56,0,45,-7,-16,10,2532,0,59,49
02-05-21,Meigs,1212,3,1107,3,105,0,1233,4,6932,39,8165,43,0,18,1,36,2,1158,0,37,20
02-05-21,Monroe,5004,14,4057,8,947,6,4561,9,23672,74,28233,83,5,80,-3,220,12,4704,1,139,85
02-05-21,Montgomery,16455,73,12244,35,4211,38,13429,41,97384,351,110813,392,9,182,-15,717,79,15556,1,284,201
02-05-21,Moore,916,1,719,1,197,0,814,2,4423,8,5237,10,2,13,-4,29,3,874,0,15,15
02-05-21,Morgan,2203,8,1668,5,535,3,1793,8,13771,24,15564,32,0,23,-3,48,11,2132,0,33,35
02-05-21,Obion,4292,4,3204,4,1088,0,3626,4,20301,64,23927,68,-1,90,-3,73,8,4129,0,96,92
02-05-21,Out of State,15626,49,12568,37,3058,12,14145,50,545720,1878,559865,1928,3,98,-13,290,59,15238,0,182,81
02-05-21,Overton,2774,6,2114,5,660,1,2484,5,13596,41,16080,46,1,53,-3,53,8,2668,0,62,57
02-05-21,Pending,14414,58,9467,41,4947,17,10491,46,352207,1209,362698,1255,5,196,-3,251,56,13967,1,127,121
02-05-21,Perry,1005,1,871,0,134,1,975,0,5721,8,6696,8,0,25,1,7,0,973,0,28,26
02-05-21,Pickett,726,1,480,1,246,0,576,2,3263,11,3839,13,0,21,0,19,1,686,0,28,21
02-05-21,Polk,1601,14,1472,10,129,4,1629,11,7996,38,9625,49,0,21,7,80,7,1500,0,57,21
02-05-21,Putnam,10240,39,8511,29,1729,10,10195,34,63776,359,73971,393,2,165,12,241,25,9834,0,195,164
02-05-21,Rhea,3953,14,3471,11,482,3,3886,12,23481,80,27367,92,1,64,5,78,8,3811,0,80,70
02-05-21,Roane,5497,17,4378,14,1119,3,4853,18,37876,111,42729,129,1,96,3,92,13,5309,0,138,96
02-05-21,Robertson,8555,21,6914,11,1641,10,7803,21,38616,101,46419,122,5,106,-15,281,31,8168,1,386,111
02-05-21,Rutherford,36215,98,32026,69,4189,29,37351,83,202372,914,239723,997,3,336,-52,928,147,34951,0,548,360
02-05-21,Scott,2710,11,1598,6,1112,5,1703,6,10376,39,12079,45,-1,38,3,101,9,2571,0,59,42
02-05-21,Sequatchie,1445,3,1193,2,252,1,1296,3,10788,19,12084,22,2,24,-1,48,2,1373,0,33,25
02-05-21,Sevier,11332,43,10147,34,1185,9,11135,42,57816,184,68951,226,2,144,-12,211,53,10977,0,250,151
02-05-21,Shelby,83578,285,78380,237,5198,48,96273,338,813586,4058,909859,4396,23,1349,-84,2076,346,80153,15,3307,1451
02-05-21,Smith,2473,7,1921,3,552,4,2415,4,12180,42,14595,46,1,33,1,58,5,2382,0,57,36
02-05-21,Stewart,1190,2,907,1,283,1,1022,1,6188,14,7210,15,1,24,-11,19,12,1147,0,24,24
02-05-21,Sullivan,13585,22,11903,19,1682,3,12879,17,74741,190,87620,207,2,251,-11,308,31,13026,4,686,257
02-05-21,Sumner,20313,62,18570,50,1743,12,21004,65,105250,337,126254,402,9,283,-11,593,64,19437,0,673,300
02-05-21,Tipton,6658,12,4755,7,1903,5,5738,7,41814,134,47552,141,1,91,-9,120,20,6447,0,143,96
02-05-21,Trousdale,2359,1,2239,1,120,0,2399,2,8227,11,10626,13,1,19,-2,25,2,2315,0,36,22
02-05-21,Unicoi,1717,2,1358,1,359,1,1492,2,11757,14,13249,16,1,48,-2,20,3,1649,0,61,46
02-05-21,Union,1600,12,1363,8,237,4,1471,7,9430,33,10901,40,1,26,4,40,7,1534,0,52,28
02-05-21,Van Buren,778,1,653,1,125,0,721,2,4764,8,5485,10,2,15,-1,13,0,750,0,19,20
02-05-21,Warren,5159,4,4445,4,714,0,5017,6,29174,129,34191,135,1,66,-9,93,12,5000,0,79,72
02-05-21,Washington,12259,16,10640,10,1619,6,11723,11,71337,217,83060,228,1,222,-9,253,24,11784,1,314,222
02-05-21,Wayne,2816,2,2311,0,505,2,2536,1,10498,16,13034,17,0,26,-17,68,19,2722,0,56,29
02-05-21,Weakley,3701,14,2793,10,908,4,3186,12,19944,40,23130,52,0,53,3,80,11,3568,0,57,57
02-05-21,White,3220,12,2707,6,513,6,3311,6,20705,60,24016,66,2,58,6,71,4,3091,0,102,63
02-05-21,Williamson,23693,80,20600,57,3093,23,22892,72,159074,569,181966,641,1,183,-38,935,117,22575,0,276,199
02-05-21,Wilson,15566,52,14263,47,1303,5,16269,57,88128,299,104397,356,2,191,-2,427,52,14948,0,312,201
02-04-21,Anderson,7501,30,5829,14,1672,16,6488,18,55649,321,62137,339,2,140,-5,220,33,7141,0,185,152
02-04-21,Bedford,5622,20,4561,18,1061,2,5268,24,28037,155,33305,179,1,106,-5,124,24,5392,1,122,113
02-04-21,Benton,1466,5,1192,1,274,4,1316,1,8326,22,9642,23,0,36,2,47,3,1383,0,35,39
02-04-21,Bledsoe,1893,11,1760,10,133,1,1865,12,13614,67,15479,79,0,11,3,43,8,1839,0,29,10
02-04-21,Blount,13336,77,11718,58,1618,19,12893,71,63899,331,76792,402,4,150,25,358,48,12828,4,304,167
02-04-21,Bradley,11891,66,10125,34,1766,32,11476,46,56105,299,67581,345,2,124,18,346,46,11421,0,491,133
02-04-21,Campbell,3581,19,2101,2,1480,17,2351,3,23225,69,25576,72,2,48,-11,101,28,3432,0,109,55
02-04-21,Cannon,1690,9,1391,4,299,5,1549,4,8242,23,9791,27,0,25,5,51,4,1614,1,33,25
02-04-21,Carroll,3370,6,2239,3,1131,3,2653,4,18273,70,20926,74,1,76,-14,82,19,3212,0,77,80
02-04-21,Carter,5710,18,5019,12,691,6,5502,13,32684,129,38186,142,1,137,-3,177,20,5396,0,204,145
02-04-21,Cheatham,3686,10,2950,5,736,5,3335,8,23822,82,27157,90,0,34,-3,125,13,3527,0,77,39
02-04-21,Chester,1938,6,1407,5,531,1,1675,3,10442,97,12117,100,0,44,0,45,6,1849,0,38,45
02-04-21,Claiborne,2436,7,1612,5,824,2,1718,9,20757,121,22475,130,4,49,-15,122,18,2265,0,86,60
02-04-21,Clay,1030,2,710,1,320,1,814,1,5134,5,5948,6,1,29,-5,22,6,979,0,22,30
02-04-21,Cocke,3800,11,2655,3,1145,8,2927,3,18816,113,21743,116,2,80,-11,108,20,3612,1,104,90
02-04-21,Coffee,6026,25,4362,14,1664,11,5342,16,40806,164,46148,180,2,102,-1,189,24,5735,0,108,110
02-04-21,Crockett,1921,8,1165,2,756,6,1355,1,6769,13,8124,14,2,42,2,30,4,1849,0,29,46
02-04-21,Cumberland,5871,17,4975,10,896,7,5701,12,44360,135,50061,147,3,97,-20,123,34,5651,2,141,115
02-04-21,Davidson,77431,250,73682,216,3749,34,89540,257,799286,4910,888826,5167,12,771,-114,2335,352,74325,4,1818,798
02-04-21,Decatur,1504,1,1130,0,374,1,1345,0,10503,14,11848,14,1,32,-3,19,3,1453,0,37,35
02-04-21,Dekalb,2544,8,1919,6,625,2,2213,5,15387,45,17600,50,0,47,6,59,2,2438,0,52,46
02-04-21,Dickson,5861,19,4341,13,1520,6,5150,16,31044,114,36194,130,0,92,3,78,16,5691,0,113,102
02-04-21,Dyer,5118,9,3417,5,1701,4,3844,6,20147,76,23991,82,0,90,-8,156,17,4872,0,103,98
02-04-21,Fayette,4487,13,3920,11,567,2,4810,14,33083,150,37893,164,1,64,-18,133,30,4290,0,116,68
02-04-21,Fentress,2243,1,1963,1,280,0,2241,1,10940,134,13181,135,1,40,-4,35,4,2168,0,54,43
02-04-21,Franklin,4468,22,3782,19,686,3,4435,22,31422,521,35857,543,2,74,-11,110,31,4284,0,100,79
02-04-21,Gibson,6007,13,3658,6,2349,7,4422,10,26911,75,31333,85,1,128,-7,153,19,5726,1,101,136
02-04-21,Giles,3541,14,3010,11,531,3,3455,9,20512,94,23967,103,0,85,-4,111,18,3345,0,109,89
02-04-21,Grainger,2277,6,1741,3,536,3,1951,3,12420,47,14371,50,0,43,-15,65,21,2169,0,62,47
02-04-21,Greene,7013,16,5581,11,1432,5,6240,12,40152,321,46392,333,2,132,-11,193,25,6688,1,169,134
02-04-21,Grundy,1545,8,1329,6,216,2,1529,6,7099,82,8628,88,0,25,2,52,6,1468,0,54,27
02-04-21,Hamblen,7542,30,5553,17,1989,13,6208,17,41621,87,47829,104,4,148,-11,116,37,7278,1,233,154
02-04-21,Hamilton,37710,217,33105,178,4605,39,36996,189,278704,1401,315700,1590,11,396,59,695,147,36619,6,1022,422
02-04-21,Hancock,469,0,340,0,129,0,363,0,3533,4,3896,4,0,9,-1,12,1,448,0,18,10
02-04-21,Hardeman,3308,8,2709,6,599,2,3171,7,22981,86,26152,93,1,62,-1,66,8,3180,0,96,60
02-04-21,Hardin,3230,9,2233,8,997,1,2660,6,21481,63,24141,69,0,57,-7,68,16,3105,0,59,62
02-04-21,Hawkins,4850,18,4031,13,819,5,4343,11,28365,221,32708,232,0,87,-4,238,22,4525,0,126,88
02-04-21,Haywood,2600,1,2183,1,417,0,2482,1,12631,87,15113,88,0,58,-2,52,3,2490,1,77,58
02-04-21,Henderson,3519,3,2472,2,1047,1,3105,5,15139,24,18244,29,3,69,-10,71,10,3379,1,75,70
02-04-21,Henry,2882,10,2272,8,610,2,2622,8,16520,29,19142,37,0,67,-7,44,17,2771,0,74,73
02-04-21,Hickman,2532,7,2093,6,439,1,2421,7,14578,46,16999,53,0,39,0,49,7,2444,0,51,39
02-04-21,Houston,995,1,751,0,244,1,855,1,8569,153,9424,154,1,27,-3,-5,3,973,0,38,29
02-04-21,Humphreys,1465,5,988,5,477,0,1156,7,10533,28,11689,35,0,20,0,18,5,1427,0,28,21
02-04-21,Jackson,1209,4,954,2,255,2,1112,3,4931,15,6043,18,0,27,1,41,3,1141,0,37,30
02-04-21,Jefferson,5322,28,3783,17,1539,11,4261,17,33154,221,37415,238,1,91,-2,201,29,5030,3,165,109
02-04-21,Johnson,2098,3,1894,0,204,3,2015,0,12849,79,14864,79,0,36,-1,54,4,2008,0,56,37
02-04-21,Knox,42968,198,37157,147,5811,51,40534,157,279538,1552,320072,1709,2,512,1,1433,195,41023,7,1193,530
02-04-21,Lake,1661,1,1479,0,182,1,1738,0,9264,52,11002,52,0,23,-5,60,6,1578,0,24,25
02-04-21,Lauderdale,3022,5,2360,2,662,3,2700,1,19061,38,21761,39,0,41,-7,57,12,2924,0,80,41
02-04-21,Lawrence,5399,24,4246,19,1153,5,4661,21,25988,168,30649,189,0,75,-19,177,43,5147,0,133,77
02-04-21,Lewis,1390,5,1119,5,271,0,1211,5,9296,33,10507,38,0,23,-4,60,9,1307,0,40,24
02-04-21,Lincoln,3991,8,3133,6,858,2,3560,9,15893,112,19453,121,0,54,-2,104,10,3833,0,76,55
02-04-21,Loudon,5259,28,4234,17,1025,11,4619,19,27884,118,32503,137,1,61,3,187,24,5011,1,117,60
02-04-21,Macon,3246,11,2597,7,649,4,3048,6,13882,36,16930,42,4,62,-2,107,9,3077,1,116,72
02-04-21,Madison,9763,19,5487,10,4276,9,6698,14,49951,239,56649,253,1,202,-28,-422,46,9983,1,323,218
02-04-21,Marion,2773,24,2406,21,367,3,2693,21,16049,190,18742,211,0,38,15,61,9,2674,0,100,44
02-04-21,Marshall,3739,24,3066,14,673,10,3454,17,21055,114,24509,131,0,46,12,152,12,3541,0,85,49
02-04-21,Maury,11756,69,10581,50,1175,19,11671,55,65553,425,77224,480,0,149,-13,447,82,11160,0,265,152
02-04-21,McMinn,5561,14,5019,11,542,3,5526,13,36755,109,42281,122,2,82,-10,206,22,5273,1,141,85
02-04-21,McNairy,2558,8,1808,5,750,3,2217,5,16425,115,18642,120,0,45,-5,-9,13,2522,0,59,49
02-04-21,Meigs,1209,4,1104,3,105,1,1229,4,6893,23,8122,27,0,18,-2,35,6,1156,0,37,20
02-04-21,Monroe,4990,22,4049,10,941,12,4552,15,23598,59,28150,74,3,75,0,223,19,4692,0,138,85
02-04-21,Montgomery,16382,115,12209,77,4173,38,13388,64,97033,640,110421,704,2,173,-2,732,115,15477,2,283,201
02-04-21,Moore,915,6,718,4,197,2,812,3,4415,27,5227,30,0,11,2,33,4,871,1,15,15
02-04-21,Morgan,2195,7,1663,4,532,3,1785,5,13747,35,15532,40,1,23,-3,51,9,2121,0,33,33
02-04-21,Obion,4288,7,3200,4,1088,3,3622,5,20237,125,23859,130,3,91,-8,76,12,4121,0,96,92
02-04-21,Out of State,15577,74,12531,57,3046,17,14095,63,543842,2591,557937,2654,1,95,-7,303,80,15179,0,182,79
02-04-21,Overton,2768,2,2109,1,659,1,2479,2,13555,30,16034,32,2,52,-10,56,10,2660,0,62,57
02-04-21,Pending,14356,94,9426,56,4930,38,10445,61,350998,1802,361443,1863,4,191,5,254,85,13911,0,126,121
02-04-21,Perry,1004,3,871,3,133,0,975,3,5713,15,6688,18,0,25,1,6,2,973,0,28,26
02-04-21,Pickett,725,0,479,0,246,0,574,0,3252,46,3826,46,0,21,-2,19,2,685,0,28,21
02-04-21,Polk,1587,12,1462,12,125,0,1618,12,7958,28,9576,40,2,21,0,73,10,1493,0,57,21
02-04-21,Putnam,10201,20,8482,11,1719,9,10161,14,63417,166,73578,180,1,163,-21,229,40,9809,0,195,164
02-04-21,Rhea,3939,21,3460,18,479,3,3874,13,23401,117,27275,130,0,63,5,73,16,3803,0,80,70
02-04-21,Roane,5480,27,4364,20,1116,7,4835,20,37765,166,42600,186,1,95,6,89,20,5296,1,138,96
02-04-21,Robertson,8534,40,6903,23,1631,17,7782,23,38515,193,46297,216,2,101,-14,296,52,8137,2,385,111
02-04-21,Rutherford,36117,149,31957,97,4160,52,37268,108,201458,963,238726,1071,6,333,0,980,143,34804,3,548,358
02-04-21,Scott,2699,14,1592,7,1107,7,1697,8,10337,38,12034,46,3,39,-2,98,13,2562,0,59,42
02-04-21,Sequatchie,1442,7,1191,2,251,5,1293,3,10769,34,12062,37,0,22,-1,49,8,1371,0,33,25
02-04-21,Sevier,11289,48,10113,36,1176,12,11093,40,57632,236,68725,276,3,142,-10,223,55,10924,2,250,151
02-04-21,Shelby,83293,290,78143,238,5150,52,95935,305,809528,5006,905463,5311,28,1326,-106,2160,368,79807,11,3292,1441
02-04-21,Smith,2466,11,1918,5,548,6,2411,5,12138,26,14549,31,0,32,6,57,5,2377,0,57,36
02-04-21,Stewart,1188,12,906,11,282,1,1021,13,6174,27,7195,40,0,23,2,30,10,1135,1,24,24
02-04-21,Sullivan,13563,59,11884,52,1679,7,12862,64,74551,415,87413,479,2,249,17,319,40,12995,2,682,257
02-04-21,Sumner,20251,71,18520,46,1731,25,20939,45,104913,476,125852,521,9,274,-53,604,115,19373,1,673,299
02-04-21,Tipton,6646,11,4748,9,1898,2,5731,10,41680,139,47411,149,4,90,-16,129,23,6427,0,143,95
02-04-21,Trousdale,2358,4,2238,3,120,1,2397,3,8216,21,10613,24,1,18,-5,27,8,2313,0,36,22
02-04-21,Unicoi,1715,3,1357,2,358,1,1490,2,11743,22,13233,24,0,47,-4,22,7,1646,0,61,46
02-04-21,Union,1588,7,1355,5,233,2,1464,5,9397,34,10861,39,0,25,-6,36,13,1527,0,52,28
02-04-21,Van Buren,777,1,652,0,125,1,719,2,4756,47,5475,49,1,13,-3,14,3,750,0,19,18
02-04-21,Warren,5155,12,4441,5,714,7,5011,5,29045,102,34056,107,2,65,-6,102,16,4988,0,79,71
02-04-21,Washington,12243,29,10630,23,1613,6,11712,25,71120,356,82832,381,0,221,-9,262,38,11760,0,313,221
02-04-21,Wayne,2814,4,2311,3,503,1,2535,5,10482,22,13017,27,0,26,-5,85,9,2703,0,56,29
02-04-21,Weakley,3687,13,2783,6,904,7,3174,7,19904,90,23078,97,1,53,2,77,10,3557,1,57,57
02-04-21,White,3208,2,2701,1,507,1,3305,2,20645,59,23950,61,1,56,-10,65,11,3087,0,102,63
02-04-21,Williamson,23613,128,20543,97,3070,31,22820,105,158505,848,181325,953,5,182,-6,973,129,22458,3,276,196
02-04-21,Wilson,15514,59,14216,44,1298,15,16212,52,87829,416,104041,468,3,189,-5,429,61,14896,1,312,201
02-03-21,Anderson,7471,23,5815,7,1656,16,6470,14,55328,190,61798,204,4,138,2,225,17,7108,0,185,152
02-03-21,Bedford,5602,18,4543,13,1059,5,5244,15,27882,91,33126,106,2,105,-2,129,18,5368,2,121,113
02-03-21,Benton,1461,1,1191,1,270,0,1315,1,8304,14,9619,15,0,36,-5,45,6,1380,0,35,39
02-03-21,Bledsoe,1882,12,1750,8,132,4,1853,8,13547,59,15400,67,0,11,7,40,5,1831,0,29,10
02-03-21,Blount,13259,48,11660,26,1599,22,12822,40,63568,300,76390,340,0,146,-2,333,50,12780,1,300,167
02-03-21,Bradley,11825,66,10091,47,1734,19,11430,42,55806,240,67236,282,2,122,14,328,50,11375,6,491,133
02-03-21,Campbell,3562,15,2099,2,1463,13,2348,3,23156,63,25504,66,1,46,-5,112,19,3404,1,109,55
02-03-21,Cannon,1681,5,1387,3,294,2,1545,3,8219,38,9764,41,1,25,-1,46,5,1610,0,32,25
02-03-21,Carroll,3364,10,2236,1,1128,9,2649,1,18203,23,20852,24,0,75,-8,96,18,3193,1,77,79
02-03-21,Carter,5692,25,5007,20,685,5,5489,28,32555,98,38044,126,3,136,5,180,17,5376,1,204,145
02-03-21,Cheatham,3676,23,2945,17,731,6,3327,17,23740,112,27067,129,0,34,12,128,11,3514,1,77,39
02-03-21,Chester,1932,4,1402,4,530,0,1672,4,10345,14,12017,18,0,44,-7,45,11,1843,0,38,45
02-03-21,Claiborne,2429,15,1607,12,822,3,1709,16,20636,72,22345,88,0,45,-10,137,25,2247,1,86,60
02-03-21,Clay,1028,4,709,1,319,3,813,1,5129,2,5942,3,1,28,2,27,1,973,0,22,29
02-03-21,Cocke,3789,19,2652,9,1137,10,2924,12,18703,56,21627,68,3,78,-2,119,18,3592,1,103,90
02-03-21,Coffee,6001,29,4348,11,1653,18,5326,15,40642,182,45968,197,0,100,15,190,14,5711,0,108,109
02-03-21,Crockett,1913,6,1163,4,750,2,1354,4,6756,23,8110,27,1,40,2,28,3,1845,0,29,46
02-03-21,Cumberland,5854,14,4965,11,889,3,5689,10,44225,117,49914,127,3,94,-6,143,17,5617,1,139,115
02-03-21,Davidson,77181,393,73466,342,3715,51,89283,418,794376,4987,883659,5405,7,759,-68,2449,454,73973,4,1814,794
02-03-21,Decatur,1503,1,1130,0,373,1,1345,0,10489,11,11834,11,0,31,1,22,0,1450,0,37,35
02-03-21,Dekalb,2536,12,1913,4,623,8,2208,5,15342,53,17550,58,1,47,8,53,3,2436,0,52,46
02-03-21,Dickson,5842,51,4328,25,1514,26,5134,29,30930,141,36064,170,2,92,40,75,9,5675,0,113,100
02-03-21,Dyer,5109,14,3412,5,1697,9,3838,8,20071,26,23909,34,0,90,0,164,14,4855,1,103,98
02-03-21,Fayette,4474,16,3909,12,565,4,4796,14,32933,112,37729,126,1,63,-7,151,22,4260,0,116,68
02-03-21,Fentress,2242,2,1962,1,280,1,2240,2,10806,17,13046,19,0,39,-6,39,8,2164,0,54,43
02-03-21,Franklin,4446,12,3763,5,683,7,4413,9,30901,90,35314,99,1,72,-4,121,15,4253,0,100,78
02-03-21,Gibson,5994,18,3652,6,2342,12,4412,9,26836,51,31248,60,1,127,1,160,16,5707,0,100,136
02-03-21,Giles,3527,14,2999,8,528,6,3446,7,20418,56,23864,63,2,85,-5,115,17,3327,0,109,89
02-03-21,Grainger,2271,7,1738,5,533,2,1948,7,12373,39,14321,46,0,43,-8,80,15,2148,0,62,46
02-03-21,Greene,6997,21,5570,18,1427,3,6228,22,39831,178,46059,200,1,130,-9,204,29,6663,1,168,133
02-03-21,Grundy,1537,7,1323,3,214,4,1523,4,7017,28,8540,32,1,25,2,50,4,1462,0,54,27
02-03-21,Hamblen,7512,39,5536,16,1976,23,6191,18,41534,106,47725,124,1,144,15,127,23,7241,2,232,154
02-03-21,Hamilton,37493,259,32927,198,4566,61,36807,213,277303,1163,314110,1376,9,385,77,636,173,36472,5,1016,419
02-03-21,Hancock,469,1,340,1,129,0,363,1,3529,4,3892,5,1,9,-1,13,1,447,0,18,10
02-03-21,Hardeman,3300,8,2703,3,597,5,3164,3,22895,25,26059,28,1,61,1,67,6,3172,0,96,60
02-03-21,Hardin,3221,8,2225,4,996,4,2654,5,21418,106,24072,111,1,57,-4,75,11,3089,0,59,61
02-03-21,Hawkins,4832,26,4018,19,814,7,4332,20,28144,116,32476,136,0,87,3,242,23,4503,0,126,87
02-03-21,Haywood,2599,2,2182,2,417,0,2481,4,12544,56,15025,60,0,58,-5,54,7,2487,0,76,58
02-03-21,Henderson,3516,9,2470,7,1046,2,3100,5,15115,20,18215,25,0,66,0,81,9,3369,0,74,70
02-03-21,Henry,2872,7,2264,4,608,3,2614,4,16491,25,19105,29,2,67,-6,51,11,2754,0,74,73
02-03-21,Hickman,2525,14,2087,6,438,8,2414,6,14532,68,16946,74,0,39,10,49,4,2437,0,51,39
02-03-21,Houston,994,4,751,1,243,3,854,1,8416,11,9270,12,0,26,4,-2,0,970,0,38,29
02-03-21,Humphreys,1460,15,983,7,477,8,1149,7,10505,48,11654,55,1,20,9,18,5,1422,0,28,20
02-03-21,Jackson,1205,4,952,4,253,0,1109,5,4916,7,6025,12,2,27,-5,40,7,1138,1,37,30
02-03-21,Jefferson,5294,18,3766,9,1528,9,4244,9,32933,69,37177,78,1,90,-5,203,22,5001,1,162,108
02-03-21,Johnson,2095,4,1894,3,201,1,2015,3,12770,16,14785,19,0,36,-1,55,5,2004,0,56,37
02-03-21,Knox,42770,230,37010,164,5760,66,40377,181,277986,1625,318363,1806,5,510,-5,1432,230,40828,7,1186,522
02-03-21,Lake,1660,1,1479,0,181,1,1738,1,9212,8,10950,9,0,23,0,65,1,1572,0,24,25
02-03-21,Lauderdale,3017,7,2358,5,659,2,2699,5,19023,49,21722,54,2,41,-3,64,8,2912,0,80,41
02-03-21,Lawrence,5375,9,4227,7,1148,2,4640,8,25820,112,30460,120,1,75,-6,196,14,5104,0,133,77
02-03-21,Lewis,1385,8,1114,2,271,6,1206,3,9263,23,10469,26,0,23,4,64,4,1298,1,40,24
02-03-21,Lincoln,3983,6,3127,4,856,2,3551,5,15781,65,19332,70,0,54,-7,106,13,3823,1,76,55
02-03-21,Loudon,5231,20,4217,9,1014,11,4600,12,27766,111,32366,123,-1,60,0,184,21,4987,2,116,60
02-03-21,Macon,3235,11,2590,5,645,6,3042,6,13846,23,16888,29,0,58,3,109,8,3068,0,115,71
02-03-21,Madison,9744,30,5477,19,4267,11,6684,20,49712,128,56396,148,2,201,-1,-394,29,9937,0,322,218
02-03-21,Marion,2749,14,2385,11,364,3,2672,11,15859,31,18531,42,1,38,-2,46,15,2665,0,100,44
02-03-21,Marshall,3715,14,3052,7,663,7,3437,9,20941,52,24378,61,0,46,-13,140,27,3529,0,85,48
02-03-21,Maury,11687,57,10531,31,1156,26,11616,35,65128,231,76744,266,4,149,1,460,52,11078,2,265,151
02-03-21,McMinn,5547,19,5008,13,539,6,5513,14,36646,196,42159,210,1,80,0,216,18,5251,1,140,85
02-03-21,McNairy,2550,6,1803,3,747,3,2212,3,16310,95,18522,98,0,45,0,-4,6,2509,0,59,48
02-03-21,Meigs,1205,9,1101,7,104,2,1225,7,6870,26,8095,33,0,18,5,37,4,1150,0,37,20
02-03-21,Monroe,4968,26,4039,18,929,8,4537,18,23539,103,28076,121,3,72,7,223,16,4673,2,138,83
02-03-21,Montgomery,16267,108,12132,49,4135,59,13324,48,96393,326,109717,374,5,171,6,734,97,15362,0,281,199
02-03-21,Moore,909,2,714,0,195,2,809,0,4388,7,5197,7,0,11,-2,31,4,867,0,14,15
02-03-21,Morgan,2188,4,1659,2,529,2,1780,2,13712,26,15492,28,2,22,-3,54,5,2112,1,33,32
02-03-21,Obion,4281,5,3196,3,1085,2,3617,5,20112,18,23729,23,0,88,-8,84,13,4109,0,96,92
02-03-21,Out of State,15503,70,12474,59,3029,11,14032,66,541251,2193,555283,2259,0,94,-21,310,91,15099,0,182,79
02-03-21,Overton,2766,2,2108,2,658,0,2477,2,13525,14,16002,16,1,50,-5,66,6,2650,0,62,57
02-03-21,Pending,14262,71,9370,30,4892,41,10384,36,349196,1437,359580,1473,7,187,-25,249,89,13826,1,126,120
02-03-21,Perry,1001,4,868,3,133,1,972,3,5698,22,6670,25,0,25,3,5,1,971,0,28,26
02-03-21,Pickett,725,1,479,1,246,0,574,1,3206,8,3780,9,0,21,-1,21,2,683,0,28,21
02-03-21,Polk,1575,7,1450,6,125,1,1606,6,7930,21,9536,27,0,19,-1,73,8,1483,0,57,21
02-03-21,Putnam,10181,30,8471,15,1710,15,10147,18,63251,86,73398,104,3,162,0,250,27,9769,1,195,164
02-03-21,Rhea,3918,10,3442,6,476,4,3861,6,23284,47,27145,53,-1,63,-4,68,15,3787,1,80,70
02-03-21,Roane,5453,22,4344,11,1109,11,4815,11,37599,89,42414,100,0,94,0,83,22,5276,0,137,96
02-03-21,Robertson,8494,52,6880,24,1614,28,7759,29,38322,157,46081,186,5,99,4,310,43,8085,0,383,111
02-03-21,Rutherford,35968,196,31860,127,4108,69,37160,142,200495,925,237655,1067,4,327,30,980,162,34661,7,545,356
02-03-21,Scott,2685,12,1585,5,1100,7,1689,5,10299,25,11988,30,0,36,-3,100,15,2549,0,59,42
02-03-21,Sequatchie,1435,9,1189,6,246,3,1290,5,10735,22,12025,27,0,22,3,50,6,1363,0,33,25
02-03-21,Sevier,11241,49,10077,32,1164,17,11053,38,57396,187,68449,225,3,139,12,233,34,10869,2,248,150
02-03-21,Shelby,83003,369,77905,292,5098,77,95630,349,804522,4412,900152,4761,20,1298,-58,2266,407,79439,21,3281,1437
02-03-21,Smith,2455,9,1913,4,542,5,2406,3,12112,29,14518,32,1,32,3,51,5,2372,0,57,36
02-03-21,Stewart,1176,2,895,1,281,1,1008,1,6147,15,7155,16,0,23,-19,28,21,1125,0,23,24
02-03-21,Sullivan,13504,54,11832,40,1672,14,12798,42,74136,281,86934,323,3,247,2,302,49,12955,2,680,257
02-03-21,Sumner,20180,126,18474,83,1706,43,20894,87,104437,406,125331,493,0,265,53,657,73,19258,1,672,297
02-03-21,Tipton,6635,11,4739,2,1896,9,5721,4,41541,150,47262,154,1,86,-13,145,23,6404,0,143,95
02-03-21,Trousdale,2354,4,2235,1,119,3,2394,1,8195,35,10589,36,0,17,4,32,0,2305,0,36,21
02-03-21,Unicoi,1712,0,1355,0,357,0,1488,0,11721,13,13209,13,0,47,-5,26,5,1639,0,61,46
02-03-21,Union,1581,2,1350,1,231,1,1459,2,9363,56,10822,58,0,25,-16,42,18,1514,0,52,28
02-03-21,Van Buren,776,4,652,2,124,2,717,2,4709,8,5426,10,0,12,4,17,0,747,0,19,18
02-03-21,Warren,5143,15,4436,8,707,7,5006,10,28943,135,33949,145,0,63,0,108,15,4972,0,79,71
02-03-21,Washington,12214,17,10607,16,1607,1,11687,26,70764,259,82451,285,1,221,-24,271,40,11722,0,313,221
02-03-21,Wayne,2810,9,2308,7,502,2,2530,7,10460,34,12990,41,0,26,-1,90,10,2694,1,56,28
02-03-21,Weakley,3674,7,2777,4,897,3,3167,5,19814,41,22981,46,0,52,-5,75,12,3547,0,56,57
02-03-21,White,3206,11,2700,11,506,0,3303,12,20586,49,23889,61,0,55,8,75,3,3076,2,102,63
02-03-21,Williamson,23485,183,20446,123,3039,60,22715,123,157657,821,180372,944,2,177,54,979,127,22329,0,273,195
02-03-21,Wilson,15455,85,14172,58,1283,27,16160,65,87413,390,103573,455,1,186,30,434,54,14835,0,311,201
02-02-21,Anderson,7448,7,5808,6,1640,1,6456,6,55138,69,61594,75,5,134,-45,223,47,7091,0,185,151
02-02-21,Bedford,5584,2,4530,0,1054,2,5229,0,27791,4,33020,4,2,103,-24,131,24,5350,0,119,113
02-02-21,Benton,1460,4,1190,1,270,3,1314,1,8290,0,9604,1,1,36,-1,50,4,1374,0,35,39
02-02-21,Bledsoe,1870,5,1742,3,128,2,1845,3,13488,2,15333,5,0,11,0,33,5,1826,0,29,10
02-02-21,Blount,13211,14,11634,11,1577,3,12782,14,63268,56,76050,70,2,146,-58,335,70,12730,0,299,167
02-02-21,Bradley,11759,28,10044,20,1715,8,11388,24,55566,33,66954,57,5,120,-44,314,67,11325,1,485,131
02-02-21,Campbell,3547,3,2097,2,1450,1,2345,1,23093,10,25438,11,1,45,-19,117,21,3385,0,108,55
02-02-21,Cannon,1676,0,1384,0,292,0,1542,0,8181,10,9723,10,0,24,-8,47,8,1605,0,32,25
02-02-21,Carroll,3354,3,2235,2,1119,1,2648,2,18180,12,20828,14,3,75,-12,104,12,3175,0,76,79
02-02-21,Carter,5667,17,4987,14,680,3,5461,15,32457,11,37918,26,1,133,-9,175,25,5359,0,203,144
02-02-21,Cheatham,3653,7,2928,3,725,4,3310,4,23628,35,26938,39,0,34,-14,116,21,3503,1,76,39
02-02-21,Chester,1928,5,1398,3,530,2,1668,5,10331,9,11999,14,1,44,-1,52,5,1832,0,38,45
02-02-21,Claiborne,2414,21,1595,8,819,13,1693,8,20564,13,22257,21,0,45,-6,147,27,2222,1,85,59
02-02-21,Clay,1024,0,708,0,316,0,812,0,5127,1,5939,1,0,27,-5,25,5,972,0,22,29
02-02-21,Cocke,3770,10,2643,2,1127,8,2912,2,18647,54,21559,56,2,75,-16,121,24,3574,0,102,90
02-02-21,Coffee,5972,11,4337,7,1635,4,5311,6,40460,10,45771,16,1,100,-22,175,32,5697,0,108,109
02-02-21,Crockett,1907,0,1159,0,748,0,1350,0,6733,5,8083,5,0,39,-3,26,3,1842,0,29,45
02-02-21,Cumberland,5840,3,4954,1,886,2,5679,2,44108,18,49787,20,4,91,-32,149,31,5600,0,138,115
02-02-21,Davidson,76788,88,73124,69,3664,19,88865,89,789389,915,878254,1004,10,752,-419,2517,497,73519,0,1810,791
02-02-21,Decatur,1502,0,1130,0,372,0,1345,0,10478,1,11823,1,2,31,-4,21,2,1450,0,37,35
02-02-21,Dekalb,2524,4,1909,2,615,2,2203,2,15289,8,17492,10,0,46,-6,45,10,2433,0,52,46
02-02-21,Dickson,5791,8,4303,3,1488,5,5105,2,30789,17,35894,19,3,90,-13,35,18,5666,0,113,100
02-02-21,Dyer,5095,9,3407,7,1688,2,3830,7,20045,10,23875,17,3,90,-22,164,28,4841,0,102,96
02-02-21,Fayette,4458,4,3897,1,561,3,4782,1,32821,27,37603,28,2,62,-37,158,39,4238,0,116,68
02-02-21,Fentress,2240,1,1961,0,279,1,2238,0,10789,2,13027,2,0,39,-8,45,9,2156,0,54,43
02-02-21,Franklin,4434,8,3758,6,676,2,4404,7,30811,177,35215,184,1,71,-19,125,26,4238,0,100,78
02-02-21,Gibson,5976,6,3646,0,2330,6,4403,1,26785,7,31188,8,3,126,-7,159,10,5691,0,100,135
02-02-21,Giles,3513,9,2991,2,522,7,3439,3,20362,6,23801,9,2,83,-20,120,27,3310,2,109,89
02-02-21,Grainger,2264,8,1733,4,531,4,1941,3,12334,6,14275,9,0,43,-3,88,11,2133,1,62,46
02-02-21,Greene,6976,13,5552,10,1424,3,6206,8,39653,25,45859,33,2,129,-32,213,43,6634,0,167,133
02-02-21,Grundy,1530,5,1320,4,210,1,1519,3,6989,15,8508,18,0,24,0,48,5,1458,0,54,27
02-02-21,Hamblen,7473,14,5520,6,1953,8,6173,3,41428,9,47601,12,-1,143,-35,112,50,7218,0,230,154
02-02-21,Hamilton,37234,115,32729,82,4505,33,36594,76,276140,175,312734,251,10,376,-62,559,167,36299,3,1011,419
02-02-21,Hancock,468,1,339,0,129,1,362,0,3525,0,3887,0,0,8,-7,14,8,446,1,18,10
02-02-21,Hardeman,3292,4,2700,3,592,1,3161,2,22870,107,26031,109,2,60,-10,66,12,3166,0,96,60
02-02-21,Hardin,3213,0,2221,0,992,0,2649,0,21312,4,23961,4,0,56,-21,79,21,3078,0,59,61
02-02-21,Hawkins,4806,11,3999,7,807,4,4312,7,28028,9,32340,16,3,87,-28,239,36,4480,0,126,87
02-02-21,Haywood,2597,8,2180,7,417,1,2477,7,12488,6,14965,13,0,58,-6,59,14,2480,0,76,58
02-02-21,Henderson,3507,2,2463,0,1044,2,3095,1,15095,5,18190,6,1,66,-13,81,14,3360,0,74,70
02-02-21,Henry,2865,8,2260,2,605,6,2610,2,16466,8,19076,10,2,65,-17,57,23,2743,0,74,73
02-02-21,Hickman,2511,5,2081,0,430,5,2408,2,14464,5,16872,7,1,39,-5,39,9,2433,0,51,39
02-02-21,Houston,990,1,750,0,240,1,853,0,8405,3,9258,3,0,26,-1,-6,2,970,0,38,29
02-02-21,Humphreys,1445,3,976,0,469,3,1142,0,10457,6,11599,6,1,19,-11,9,13,1417,0,28,20
02-02-21,Jackson,1201,1,948,0,253,1,1104,0,4909,0,6013,0,0,25,-4,45,5,1131,0,36,30
02-02-21,Jefferson,5276,8,3757,5,1519,3,4235,6,32864,30,37099,36,3,89,-33,208,38,4979,0,161,108
02-02-21,Johnson,2091,6,1891,2,200,4,2012,2,12754,6,14766,8,0,36,-2,56,8,1999,0,56,37
02-02-21,Knox,42540,92,36846,70,5694,22,40196,74,276361,293,316557,367,7,505,-158,1437,243,40598,1,1179,522
02-02-21,Lake,1659,0,1479,0,180,0,1737,0,9204,2,10941,2,1,23,-12,65,11,1571,0,24,25
02-02-21,Lauderdale,3010,2,2353,0,657,2,2694,0,18974,9,21668,9,2,39,-15,67,15,2904,0,80,41
02-02-21,Lawrence,5366,19,4220,5,1146,14,4632,3,25708,18,30340,21,0,74,-5,202,24,5090,3,133,77
02-02-21,Lewis,1377,11,1112,1,265,10,1203,2,9240,2,10443,4,1,23,4,60,6,1294,0,39,24
02-02-21,Lincoln,3977,5,3123,2,854,3,3546,1,15716,6,19262,7,0,54,-10,113,15,3810,0,75,55
02-02-21,Loudon,5211,17,4208,8,1003,9,4588,9,27655,26,32243,35,3,61,-6,184,20,4966,0,114,60
02-02-21,Macon,3224,9,2585,7,639,2,3036,8,13823,19,16859,27,1,58,-14,106,22,3060,0,115,70
02-02-21,Madison,9714,7,5458,6,4256,1,6664,7,49584,35,56248,42,2,199,-43,-393,48,9908,0,322,217
02-02-21,Marion,2735,2,2374,2,361,0,2661,2,15828,18,18489,20,1,37,-20,48,21,2650,0,100,44
02-02-21,Marshall,3701,6,3045,1,656,5,3428,1,20889,14,24317,15,0,46,-14,153,20,3502,1,85,47
02-02-21,Maury,11630,38,10500,9,1130,29,11581,10,64897,52,76478,62,3,145,-15,459,50,11026,1,263,151
02-02-21,McMinn,5528,15,4995,7,533,8,5499,6,36450,15,41949,21,0,79,-22,216,37,5233,0,139,85
02-02-21,McNairy,2544,13,1800,9,744,4,2209,9,16215,9,18424,18,0,45,-4,-4,17,2503,0,59,48
02-02-21,Meigs,1196,1,1094,1,102,0,1218,2,6844,0,8062,2,0,18,-5,32,6,1146,0,37,19
02-02-21,Monroe,4942,14,4021,4,921,10,4519,4,23436,12,27955,16,1,69,-15,216,28,4657,0,136,83
02-02-21,Montgomery,16159,18,12083,6,4076,12,13276,6,96067,153,109343,159,1,166,-140,728,157,15265,0,281,199
02-02-21,Moore,907,0,714,0,193,0,809,0,4381,1,5190,1,0,11,-8,33,8,863,0,14,15
02-02-21,Morgan,2184,4,1657,0,527,4,1778,1,13686,9,15464,10,2,20,-16,57,18,2107,0,32,31
02-02-21,Obion,4276,1,3193,1,1083,0,3612,0,20094,5,23706,5,1,88,-18,92,18,4096,0,96,92
02-02-21,Out of State,15433,27,12415,25,3018,2,13966,24,539058,542,553024,566,1,94,-57,331,83,15008,0,182,79
02-02-21,Overton,2764,5,2106,4,658,1,2475,4,13511,7,15986,11,1,49,-10,71,14,2644,0,62,57
02-02-21,Pending,14191,32,9340,18,4851,14,10348,17,347759,330,358107,347,6,180,-97,274,123,13737,0,125,119
02-02-21,Perry,997,0,865,0,132,0,969,0,5676,3,6645,3,0,25,-2,2,2,970,0,28,25
02-02-21,Pickett,724,4,478,1,246,3,573,1,3198,4,3771,5,0,21,2,22,2,681,0,28,21
02-02-21,Polk,1568,2,1444,2,124,0,1600,2,7909,3,9509,5,0,19,-13,74,15,1475,0,57,21
02-02-21,Putnam,10151,19,8456,10,1695,9,10129,14,63165,58,73294,72,1,159,-38,250,56,9742,0,194,164
02-02-21,Rhea,3908,2,3436,2,472,0,3855,2,23237,11,27092,13,0,64,-15,72,17,3772,0,79,69
02-02-21,Roane,5431,14,4333,8,1098,6,4804,8,37510,23,42314,31,1,94,-15,83,28,5254,0,137,96
02-02-21,Robertson,8442,11,6856,5,1586,6,7730,7,38165,27,45895,34,0,94,-31,306,42,8042,0,383,110
02-02-21,Rutherford,35772,54,31733,42,4039,12,37018,45,199570,133,236588,178,6,323,-148,950,196,34499,0,538,354
02-02-21,Scott,2673,13,1580,2,1093,11,1684,2,10274,4,11958,6,1,36,-4,103,16,2534,0,59,41
02-02-21,Sequatchie,1426,2,1183,1,243,1,1285,1,10713,0,11998,1,0,22,-12,47,14,1357,0,33,25
02-02-21,Sevier,11192,22,10045,19,1147,3,11015,19,57209,36,68224,55,2,136,-48,221,68,10835,1,246,150
02-02-21,Shelby,82634,116,77613,88,5021,28,95281,112,800110,1228,895391,1340,7,1278,-333,2324,442,79032,4,3260,1429
02-02-21,Smith,2446,3,1909,3,537,0,2403,3,12083,10,14486,13,1,31,-5,48,7,2367,0,57,36
02-02-21,Stewart,1174,1,894,0,280,1,1007,0,6132,4,7139,4,0,23,-9,47,10,1104,0,23,24
02-02-21,Sullivan,13450,28,11792,16,1658,12,12756,14,73855,43,86611,57,1,244,-28,300,55,12906,1,678,255
02-02-21,Sumner,20054,66,18391,48,1663,18,20807,52,104031,155,124838,207,4,265,-36,604,98,19185,0,671,295
02-02-21,Tipton,6624,6,4737,2,1887,4,5717,2,41391,52,47108,54,1,85,-38,158,43,6381,0,143,95
02-02-21,Trousdale,2350,0,2234,0,116,0,2393,0,8160,3,10553,3,0,17,-4,28,4,2305,0,36,21
02-02-21,Unicoi,1712,1,1355,1,357,0,1488,1,11708,4,13196,5,0,47,-4,31,5,1634,0,61,46
02-02-21,Union,1579,2,1349,2,230,0,1457,2,9307,6,10764,8,0,25,-9,58,11,1496,0,52,27
02-02-21,Van Buren,772,1,650,0,122,1,715,0,4701,1,5416,1,0,12,1,13,0,747,0,19,18
02-02-21,Warren,5128,1,4428,1,700,0,4996,1,28808,16,33804,17,0,63,-33,108,34,4957,0,79,71
02-02-21,Washington,12197,25,10591,19,1606,6,11661,19,70505,37,82166,56,1,220,-26,295,50,11682,0,313,221
02-02-21,Wayne,2801,2,2301,2,500,0,2523,1,10426,5,12949,6,0,26,-10,91,12,2684,0,55,28
02-02-21,Weakley,3667,13,2773,6,894,7,3162,5,19773,4,22935,9,0,52,5,80,8,3535,1,56,57
02-02-21,White,3195,4,2689,4,506,0,3291,6,20537,8,23828,14,3,55,-14,67,15,3073,1,100,62
02-02-21,Williamson,23302,39,20323,30,2979,9,22592,35,156836,138,179428,173,3,175,-106,925,142,22202,1,273,195
02-02-21,Wilson,15370,36,14114,32,1256,4,16095,34,87023,123,103118,157,3,185,-43,404,76,14781,0,311,199
02-01-21,Anderson,7441,21,5802,12,1639,9,6450,12,55069,53,61519,65,1,129,-25,268,45,7044,1,185,150
02-01-21,Bedford,5582,20,4530,13,1052,7,5229,13,27787,25,33016,38,1,101,-10,155,29,5326,3,119,112
02-01-21,Benton,1456,2,1189,0,267,2,1313,0,8290,5,9603,5,0,35,-6,51,8,1370,0,35,39
02-01-21,Bledsoe,1865,1,1739,1,126,0,1842,2,13486,2,15328,4,0,11,-4,33,5,1821,0,29,10
02-01-21,Blount,13197,24,11623,14,1574,10,12768,14,63212,60,75980,74,1,144,-58,393,81,12660,1,299,165
02-01-21,Bradley,11731,42,10024,26,1707,16,11364,29,55533,83,66897,112,4,115,-24,358,62,11258,1,484,131
02-01-21,Campbell,3544,10,2095,4,1449,6,2344,4,23083,12,25427,16,0,44,-15,136,25,3364,0,108,55
02-01-21,Cannon,1676,4,1384,2,292,2,1542,2,8171,7,9713,9,0,24,-6,55,10,1597,0,32,25
02-01-21,Carroll,3351,9,2233,3,1118,6,2646,3,18168,21,20814,24,4,72,-12,116,17,3163,0,76,79
02-01-21,Carter,5650,18,4973,17,677,1,5446,18,32446,36,37892,54,0,132,-5,184,23,5334,0,203,144
02-01-21,Cheatham,3646,8,2925,6,721,2,3306,5,23593,16,26899,21,1,34,-24,130,31,3482,0,75,39
02-01-21,Chester,1923,3,1395,2,528,1,1663,2,10322,8,11985,10,1,43,-12,53,14,1827,0,38,45
02-01-21,Claiborne,2393,5,1587,4,806,1,1685,4,20551,14,22236,18,2,45,-30,153,33,2195,0,84,58
02-01-21,Clay,1024,2,708,1,316,1,812,1,5126,5,5938,6,0,27,-2,30,4,967,0,22,29
02-01-21,Cocke,3760,13,2641,3,1119,10,2910,3,18593,28,21503,31,2,73,-2,137,13,3550,0,102,90
02-01-21,Coffee,5961,13,4330,6,1631,7,5305,7,40450,22,45755,29,0,99,-19,197,32,5665,0,108,109
02-01-21,Crockett,1907,2,1159,0,748,2,1350,0,6728,4,8078,4,0,39,-4,29,6,1839,0,29,45
02-01-21,Cumberland,5837,7,4953,3,884,4,5677,4,44090,18,49767,22,1,87,-24,181,30,5569,0,138,115
02-01-21,Davidson,76700,125,73055,88,3645,37,88776,98,788474,1436,877250,1534,11,742,-206,2936,320,73022,2,1810,783
02-01-21,Decatur,1502,1,1130,1,372,0,1345,1,10477,4,11822,5,0,29,-1,25,2,1448,0,37,35
02-01-21,Dekalb,2520,8,1907,2,613,6,2201,2,15281,5,17482,7,0,46,4,51,4,2423,0,52,46
02-01-21,Dickson,5783,7,4300,6,1483,1,5103,7,30772,31,35875,38,0,87,-23,48,30,5648,0,113,98
02-01-21,Dyer,5086,11,3400,5,1686,6,3823,5,20035,12,23858,17,0,87,-18,186,29,4813,0,102,96
02-01-21,Fayette,4454,4,3896,4,558,0,4781,4,32794,42,37575,46,1,60,-19,195,22,4199,0,116,68
02-01-21,Fentress,2239,1,1961,0,278,1,2238,1,10787,4,13025,5,0,39,-5,53,6,2147,0,54,43
02-01-21,Franklin,4426,14,3752,8,674,6,4397,8,30634,31,35031,39,0,70,-8,144,22,4212,0,100,78
02-01-21,Gibson,5970,15,3646,8,2324,7,4402,10,26778,28,31180,38,1,123,-8,166,22,5681,0,100,135
02-01-21,Giles,3504,2,2989,2,515,0,3436,2,20356,13,23792,15,2,81,-21,140,21,3283,0,107,88
02-01-21,Grainger,2256,6,1729,1,527,5,1938,3,12328,8,14266,11,0,43,-4,91,10,2122,0,61,46
02-01-21,Greene,6963,16,5542,10,1421,6,6198,11,39628,56,45826,67,6,127,-17,245,27,6591,0,167,132
02-01-21,Grundy,1525,2,1316,1,209,1,1516,1,6974,10,8490,11,0,24,-1,48,3,1453,0,54,27
02-01-21,Hamblen,7459,17,5514,5,1945,12,6170,7,41419,32,47589,39,0,144,-13,147,30,7168,0,230,154
02-01-21,Hamilton,37119,124,32647,67,4472,57,36518,66,275965,230,312483,296,4,366,-36,621,156,36132,4,1008,416
02-01-21,Hancock,467,1,339,0,128,1,362,0,3525,2,3887,2,1,8,-1,21,1,438,0,17,10
02-01-21,Hardeman,3288,3,2697,1,591,2,3159,2,22763,8,25922,10,1,58,-9,76,11,3154,0,96,60
02-01-21,Hardin,3213,0,2221,0,992,0,2649,0,21308,2,23957,2,1,56,-13,100,12,3057,0,59,61
02-01-21,Hawkins,4795,21,3992,13,803,8,4305,13,28019,19,32324,32,0,84,6,267,15,4444,1,126,87
02-01-21,Haywood,2589,1,2173,1,416,0,2470,1,12482,4,14952,5,1,58,-9,65,9,2466,0,76,58
02-01-21,Henderson,3505,5,2463,2,1042,3,3094,2,15090,10,18184,12,0,65,-1,94,6,3346,0,74,69
02-01-21,Henry,2857,9,2258,6,599,3,2608,6,16458,24,19066,30,0,63,-7,74,16,2720,0,74,73
02-01-21,Hickman,2506,1,2081,1,425,0,2406,1,14459,5,16865,6,0,38,-8,44,9,2424,0,51,39
02-01-21,Houston,989,1,750,0,239,1,853,0,8402,3,9255,3,0,26,1,-5,0,968,0,38,29
02-01-21,Humphreys,1442,4,976,1,466,3,1142,1,10451,16,11593,17,0,18,-1,20,5,1404,1,28,20
02-01-21,Jackson,1200,3,948,0,252,3,1104,0,4909,2,6013,2,0,25,-1,49,4,1126,0,36,30
02-01-21,Jefferson,5268,11,3752,10,1516,1,4229,11,32834,45,37063,56,2,86,-31,241,40,4941,1,161,106
02-01-21,Johnson,2085,5,1889,1,196,4,2010,1,12748,6,14758,7,0,36,2,58,3,1991,0,56,37
02-01-21,Knox,42448,154,36776,81,5672,73,40122,96,276068,425,316190,521,4,498,-125,1595,275,40355,2,1178,520
02-01-21,Lake,1659,1,1479,1,180,0,1737,1,9202,3,10939,4,0,22,-9,77,10,1560,0,24,25
02-01-21,Lauderdale,3008,6,2353,4,655,2,2694,3,18965,33,21659,36,1,37,-3,82,8,2889,0,80,41
02-01-21,Lawrence,5347,3,4215,3,1132,0,4629,3,25690,26,30319,29,1,74,-17,207,19,5066,0,130,77
02-01-21,Lewis,1366,2,1111,1,255,1,1201,0,9238,2,10439,2,1,22,-5,56,6,1288,0,39,24
02-01-21,Lincoln,3972,9,3121,6,851,3,3545,6,15710,6,19255,12,1,54,-9,123,17,3795,0,75,55
02-01-21,Loudon,5194,26,4200,14,994,12,4579,16,27629,19,32208,35,0,58,2,190,24,4946,0,114,60
02-01-21,Macon,3215,7,2578,5,637,2,3028,9,13804,8,16832,17,1,57,2,120,4,3038,1,115,70
02-01-21,Madison,9707,14,5452,9,4255,5,6657,8,49549,62,56206,70,1,197,-32,-350,45,9860,1,322,217
02-01-21,Marion,2733,5,2372,4,361,1,2659,4,15810,32,18469,36,0,36,-7,68,12,2629,0,100,44
02-01-21,Marshall,3695,6,3044,3,651,3,3427,3,20875,7,24302,10,1,46,-18,167,23,3482,2,84,47
02-01-21,Maury,11592,14,10491,9,1101,5,11571,8,64845,68,76416,76,1,142,-36,474,49,10976,2,262,151
02-01-21,McMinn,5513,13,4988,12,525,1,5493,11,36435,43,41928,54,0,79,-10,238,23,5196,0,139,84
02-01-21,McNairy,2531,10,1791,7,740,3,2200,7,16206,3,18406,10,1,45,-15,0,24,2486,0,59,48
02-01-21,Meigs,1195,1,1093,1,102,0,1216,1,6844,18,8060,19,0,18,-13,37,14,1140,0,37,19
02-01-21,Monroe,4928,20,4017,11,911,9,4515,12,23424,26,27939,38,1,68,-7,231,26,4629,0,136,83
02-01-21,Montgomery,16141,36,12077,29,4064,7,13270,30,95914,118,109184,148,1,165,-63,868,98,15108,1,281,197
02-01-21,Moore,907,0,714,0,193,0,809,0,4380,4,5189,4,0,11,-13,41,13,855,0,14,15
02-01-21,Morgan,2180,8,1657,1,523,7,1777,1,13677,4,15454,5,0,18,-8,73,16,2089,0,32,31
02-01-21,Obion,4275,10,3192,5,1083,5,3612,5,20089,12,23701,17,1,87,-10,110,19,4078,0,96,92
02-01-21,Out of State,15406,20,12390,9,3016,11,13942,13,538516,455,552458,468,0,93,-47,388,67,14925,1,182,79
02-01-21,Overton,2759,3,2102,2,657,1,2471,2,13504,14,15975,16,2,48,-11,81,12,2630,0,62,57
02-01-21,Pending,14159,34,9322,20,4837,14,10331,21,347429,445,357760,466,4,174,-53,371,83,13614,1,125,118
02-01-21,Perry,997,0,865,0,132,0,969,1,5673,4,6642,5,0,25,-4,4,4,968,0,28,25
02-01-21,Pickett,720,1,477,1,243,0,572,1,3194,3,3766,4,0,21,0,20,1,679,0,28,21
02-01-21,Polk,1566,11,1442,11,124,0,1598,11,7906,9,9504,20,0,19,1,87,10,1460,0,57,21
02-01-21,Putnam,10132,17,8446,5,1686,12,10115,5,63107,38,73222,43,0,158,-15,288,32,9686,0,194,164
02-01-21,Rhea,3906,6,3434,3,472,3,3853,4,23226,28,27079,32,1,64,-6,87,11,3755,0,79,69
02-01-21,Roane,5417,7,4325,5,1092,2,4796,5,37487,19,42283,24,2,93,-19,98,24,5226,0,137,96
02-01-21,Robertson,8431,29,6851,18,1580,11,7723,6,38138,41,45861,47,1,94,-18,337,46,8000,1,383,109
02-01-21,Rutherford,35718,99,31691,60,4027,39,36973,69,199437,343,236410,412,2,317,-68,1098,165,34303,2,538,354
02-01-21,Scott,2660,4,1578,0,1082,4,1682,0,10270,3,11952,3,1,35,-11,107,14,2518,0,59,41
02-01-21,Sequatchie,1424,2,1182,2,242,0,1284,2,10713,3,11997,5,0,22,-4,59,6,1343,0,33,24
02-01-21,Sevier,11170,23,10026,18,1144,5,10996,21,57173,110,68169,131,0,134,-14,269,37,10767,0,245,149
02-01-21,Shelby,82518,192,77525,161,4993,31,95169,193,798882,1234,894051,1427,9,1271,-219,2657,402,78590,16,3256,1426
02-01-21,Smith,2443,0,1906,0,537,0,2400,0,12073,4,14473,4,0,30,-11,53,11,2360,0,57,35
02-01-21,Stewart,1173,1,894,1,279,0,1007,1,6128,6,7135,7,0,23,-9,56,10,1094,0,23,24
02-01-21,Sullivan,13422,53,11776,36,1646,17,12742,42,73812,161,86554,203,6,243,-4,328,51,12851,1,677,255
02-01-21,Sumner,19988,33,18343,15,1645,18,20755,21,103876,106,124631,127,3,261,-56,640,86,19087,1,671,293
02-01-21,Tipton,6618,16,4735,5,1883,11,5715,7,41339,40,47054,47,2,84,-13,196,27,6338,0,143,95
02-01-21,Trousdale,2350,2,2234,2,116,0,2393,1,8157,4,10550,5,0,17,0,32,2,2301,0,36,21
02-01-21,Unicoi,1711,1,1354,1,357,0,1487,1,11704,32,13191,33,0,47,-8,35,9,1629,0,61,46
02-01-21,Union,1577,4,1347,0,230,4,1455,1,9301,3,10756,4,0,25,-5,67,9,1485,0,52,27
02-01-21,Van Buren,771,3,650,2,121,1,715,1,4700,1,5415,2,2,12,-7,12,8,747,1,19,18
02-01-21,Warren,5127,1,4427,1,700,0,4995,0,28792,8,33787,8,1,63,-15,141,15,4923,0,79,70
02-01-21,Washington,12172,17,10572,13,1600,4,11642,11,70468,59,82110,70,0,219,-28,321,45,11632,0,313,220
02-01-21,Wayne,2799,6,2299,1,500,5,2522,1,10421,5,12943,6,0,26,-21,101,27,2672,2,55,28
02-01-21,Weakley,3654,9,2767,6,887,3,3157,3,19769,9,22926,12,0,52,1,75,8,3527,0,55,57
02-01-21,White,3191,6,2685,2,506,4,3285,2,20529,9,23814,11,0,52,-11,81,17,3058,0,99,62
02-01-21,Williamson,23263,98,20293,63,2970,35,22557,68,156698,271,179255,339,1,172,-32,1031,129,22060,0,272,192
02-01-21,Wilson,15334,27,14082,22,1252,5,16061,26,86900,101,102961,127,1,182,-61,447,87,14705,0,311,199
01-31-21,Anderson,7420,15,5790,7,1630,8,6438,13,55016,170,61454,183,1,128,-5,293,19,6999,0,184,149
01-31-21,Bedford,5562,8,4517,5,1045,3,5216,6,27762,57,32978,63,2,100,-5,165,11,5297,0,116,111
01-31-21,Benton,1454,2,1189,1,265,1,1313,1,8285,17,9598,18,0,35,-3,57,5,1362,0,35,39
01-31-21,Bledsoe,1864,10,1738,5,126,5,1840,5,13484,36,15324,41,0,11,6,37,4,1816,0,29,10
01-31-21,Blount,13173,25,11609,12,1564,13,12754,12,63152,144,75906,156,0,143,-19,451,44,12579,3,298,165
01-31-21,Bradley,11689,34,9998,25,1691,9,11335,31,55450,155,66785,186,0,111,-2,382,36,11196,7,483,130
01-31-21,Campbell,3534,5,2091,4,1443,1,2340,4,23071,45,25411,49,0,44,-8,151,13,3339,0,108,55
01-31-21,Cannon,1672,8,1382,2,290,6,1540,2,8164,18,9704,20,0,24,0,61,8,1587,0,32,25
01-31-21,Carroll,3342,6,2230,4,1112,2,2643,8,18147,36,20790,44,4,68,-10,128,12,3146,0,76,79
01-31-21,Carter,5632,4,4956,2,676,2,5428,3,32410,97,37838,100,2,132,-10,189,12,5311,0,203,144
01-31-21,Cheatham,3638,15,2919,11,719,4,3301,12,23577,81,26878,93,0,33,1,154,14,3451,1,75,39
01-31-21,Chester,1920,13,1393,8,527,5,1661,8,10314,103,11975,111,1,42,7,65,5,1813,0,38,45
01-31-21,Claiborne,2388,10,1583,7,805,3,1681,8,20537,79,22218,87,0,43,-8,183,18,2162,0,84,57
01-31-21,Clay,1022,0,707,0,315,0,811,0,5121,6,5932,6,0,27,-1,32,1,963,0,22,29
01-31-21,Cocke,3747,15,2638,7,1109,8,2907,8,18565,54,21472,62,0,71,1,139,14,3537,0,102,90
01-31-21,Coffee,5948,16,4324,7,1624,9,5298,9,40428,85,45726,94,0,99,-3,216,19,5633,0,108,108
01-31-21,Crockett,1905,3,1159,0,746,3,1350,0,6724,10,8074,10,0,39,3,33,0,1833,0,29,44
01-31-21,Cumberland,5830,9,4950,7,880,2,5673,7,44072,73,49745,80,4,86,-10,205,15,5539,1,138,112
01-31-21,Davidson,76575,168,72967,127,3608,41,88678,166,787038,1786,875716,1952,3,731,-79,3142,244,72702,1,1808,781
01-31-21,Decatur,1501,4,1129,1,372,3,1344,1,10473,15,11817,16,0,29,4,26,0,1446,0,37,35
01-31-21,Dekalb,2512,6,1905,0,607,6,2199,1,15276,23,17475,24,0,46,3,47,3,2419,1,52,45
01-31-21,Dickson,5776,16,4294,11,1482,5,5096,12,30741,61,35837,73,1,87,1,71,14,5618,0,113,97
01-31-21,Dyer,5075,12,3395,4,1680,8,3818,4,20023,27,23841,31,0,87,6,204,6,4784,0,102,96
01-31-21,Fayette,4450,21,3892,8,558,13,4777,14,32752,101,37529,115,0,59,9,214,12,4177,0,116,68
01-31-21,Fentress,2238,4,1961,2,277,2,2237,2,10783,17,13020,19,0,39,2,58,2,2141,0,54,43
01-31-21,Franklin,4412,9,3744,7,668,2,4389,7,30603,146,34992,153,1,70,-10,152,18,4190,0,100,78
01-31-21,Gibson,5955,21,3638,7,2317,14,4392,9,26750,49,31142,58,0,122,0,174,21,5659,0,100,135
01-31-21,Giles,3502,12,2987,10,515,2,3434,11,20343,71,23777,82,0,79,-4,161,16,3262,1,107,86
01-31-21,Grainger,2250,2,1728,2,522,0,1935,2,12320,29,14255,31,1,43,-5,95,6,2112,0,61,46
01-31-21,Greene,6947,21,5532,13,1415,8,6187,14,39572,145,45759,159,0,121,-3,262,24,6564,0,167,131
01-31-21,Grundy,1523,6,1315,3,208,3,1515,4,6964,19,8479,23,0,24,-6,49,12,1450,0,54,27
01-31-21,Hamblen,7442,21,5509,5,1933,16,6163,10,41387,67,47550,77,0,144,4,160,17,7138,0,230,154
01-31-21,Hamilton,36995,128,32580,88,4415,40,36452,110,275735,749,312187,859,1,362,6,657,121,35976,3,1004,408
01-31-21,Hancock,466,0,339,0,127,0,362,0,3523,3,3885,3,0,7,-3,22,3,437,0,17,10
01-31-21,Hardeman,3285,9,2696,1,589,8,3157,3,22755,47,25912,50,0,57,4,85,5,3143,0,96,60
01-31-21,Hardin,3213,7,2221,4,992,3,2649,4,21306,66,23955,70,0,55,-2,113,9,3045,0,59,61
01-31-21,Hawkins,4774,13,3979,5,795,8,4292,7,28000,37,32292,44,2,84,1,261,10,4429,0,125,86
01-31-21,Haywood,2588,3,2172,2,416,1,2469,2,12478,25,14947,27,2,57,-9,74,10,2457,0,76,58
01-31-21,Henderson,3500,14,2461,5,1039,9,3092,5,15080,28,18172,33,1,65,8,95,5,3340,0,74,68
01-31-21,Henry,2848,10,2252,6,596,4,2602,6,16434,24,19036,30,0,63,2,81,8,2704,0,74,72
01-31-21,Hickman,2505,6,2080,4,425,2,2405,4,14454,40,16859,44,0,38,-2,52,8,2415,0,51,39
01-31-21,Houston,988,2,750,0,238,2,853,0,8399,0,9252,0,0,26,-1,-6,3,968,0,38,29
01-31-21,Humphreys,1438,7,975,3,463,4,1141,3,10435,14,11576,17,0,18,5,21,2,1399,0,27,20
01-31-21,Jackson,1197,3,948,3,249,0,1104,3,4907,9,6011,12,0,25,2,50,1,1122,1,36,30
01-31-21,Jefferson,5257,19,3742,10,1515,9,4218,14,32789,87,37007,101,0,84,3,272,16,4901,0,160,105
01-31-21,Johnson,2080,2,1888,0,192,2,2009,0,12742,14,14751,14,0,36,-2,56,4,1988,0,56,37
01-31-21,Knox,42294,175,36695,121,5599,54,40026,134,275643,953,315669,1087,7,494,13,1720,155,40080,4,1176,517
01-31-21,Lake,1658,2,1478,1,180,1,1736,1,9199,12,10935,13,0,22,0,86,2,1550,0,24,25
01-31-21,Lauderdale,3002,9,2349,4,653,5,2691,3,18932,39,21623,42,0,36,5,85,4,2881,0,80,41
01-31-21,Lawrence,5344,23,4212,11,1132,12,4626,11,25664,67,30290,78,0,73,9,224,14,5047,0,130,77
01-31-21,Lewis,1364,6,1110,4,254,2,1201,4,9236,14,10437,18,0,21,3,61,3,1282,1,39,24
01-31-21,Lincoln,3963,10,3115,7,848,3,3539,7,15704,48,19243,55,0,53,2,132,8,3778,0,75,55
01-31-21,Loudon,5168,20,4186,8,982,12,4563,11,27610,61,32173,72,0,58,1,188,19,4922,1,114,60
01-31-21,Macon,3208,12,2573,2,635,10,3019,2,13796,25,16815,27,0,56,9,118,3,3034,0,114,70
01-31-21,Madison,9693,45,5443,9,4250,36,6649,11,49487,131,56136,142,1,196,26,-318,18,9815,0,321,215
01-31-21,Marion,2728,2,2368,2,360,0,2655,3,15778,52,18433,55,1,36,-8,75,9,2617,0,100,43
01-31-21,Marshall,3689,14,3041,5,648,9,3424,8,20868,48,24292,56,0,45,2,185,12,3459,1,82,47
01-31-21,Maury,11578,28,10482,18,1096,10,11563,20,64777,176,76340,196,0,141,-10,510,38,10927,0,260,150
01-31-21,McMinn,5500,17,4976,13,524,4,5482,17,36392,137,41874,154,0,79,0,248,17,5173,1,139,84
01-31-21,McNairy,2521,3,1784,0,737,3,2193,0,16203,98,18396,98,0,44,-4,15,7,2462,1,59,48
01-31-21,Meigs,1194,5,1092,3,102,2,1215,4,6826,55,8041,59,0,18,0,50,5,1126,0,37,18
01-31-21,Monroe,4908,16,4006,11,902,5,4503,11,23398,85,27901,96,0,67,3,238,13,4603,2,136,83
01-31-21,Montgomery,16105,81,12048,54,4057,27,13240,66,95796,316,109036,382,0,164,16,931,65,15010,1,280,196
01-31-21,Moore,907,1,714,0,193,1,809,0,4376,11,5185,11,0,11,-4,54,5,842,0,14,15
01-31-21,Morgan,2172,3,1656,2,516,1,1776,3,13673,18,15449,21,1,18,-5,81,7,2073,0,32,31
01-31-21,Obion,4265,9,3187,6,1078,3,3607,6,20077,45,23684,51,0,86,3,120,6,4059,0,96,92
01-31-21,Out of State,15386,39,12381,28,3005,11,13929,35,538061,1109,551990,1144,2,93,-16,435,53,14858,0,181,79
01-31-21,Overton,2756,6,2100,2,656,4,2469,2,13490,41,15959,43,0,46,2,92,4,2618,0,62,57
01-31-21,Pending,14125,70,9302,27,4823,43,10310,32,346984,935,357294,967,3,170,10,424,57,13531,0,124,117
01-31-21,Perry,997,3,865,1,132,2,968,2,5669,13,6637,15,0,25,2,8,1,964,0,28,25
01-31-21,Pickett,719,0,476,0,243,0,571,0,3191,4,3762,4,0,21,-1,20,1,678,0,28,21
01-31-21,Polk,1555,4,1431,4,124,0,1587,6,7897,30,9484,36,1,19,-6,86,9,1450,0,57,21
01-31-21,Putnam,10115,15,8441,8,1674,7,10110,9,63069,92,73179,101,1,158,-6,303,20,9654,0,194,164
01-31-21,Rhea,3900,8,3431,6,469,2,3849,7,23198,65,27047,72,1,63,-4,93,11,3744,0,79,68
01-31-21,Roane,5410,14,4320,10,1090,4,4791,11,37468,61,42259,72,0,91,6,117,8,5202,1,137,96
01-31-21,Robertson,8402,32,6833,14,1569,18,7717,20,38097,159,45814,179,2,93,5,355,25,7954,0,382,109
01-31-21,Rutherford,35619,97,31631,65,3988,32,36904,82,199094,750,235998,832,1,315,12,1166,84,34138,0,536,351
01-31-21,Scott,2656,8,1578,4,1078,4,1682,5,10267,30,11949,35,0,34,3,118,5,2504,0,59,41
01-31-21,Sequatchie,1422,5,1180,4,242,1,1282,4,10710,13,11992,17,0,22,-1,63,6,1337,0,33,24
01-31-21,Sevier,11147,23,10008,19,1139,4,10975,25,57063,138,68038,163,1,134,-16,283,38,10730,1,245,149
01-31-21,Shelby,82326,292,77364,257,4962,35,94976,370,797648,3090,892624,3460,14,1262,66,2876,212,78188,7,3240,1422
01-31-21,Smith,2443,4,1906,2,537,2,2400,1,12069,77,14469,78,0,30,2,64,2,2349,0,57,34
01-31-21,Stewart,1172,1,893,1,279,0,1006,1,6122,14,7128,15,1,23,-6,65,6,1084,0,23,24
01-31-21,Sullivan,13369,26,11740,17,1629,9,12700,14,73651,140,86351,154,1,237,-15,332,40,12800,3,676,254
01-31-21,Sumner,19955,77,18328,46,1627,31,20734,58,103770,308,124504,366,2,258,6,696,69,19001,0,670,293
01-31-21,Tipton,6602,27,4730,14,1872,13,5708,15,41299,102,47007,117,3,82,6,209,18,6311,0,143,95
01-31-21,Trousdale,2348,1,2232,0,116,1,2392,0,8153,15,10545,15,0,17,1,32,0,2299,0,36,21
01-31-21,Unicoi,1710,3,1353,0,357,3,1486,0,11672,22,13158,22,0,47,2,43,1,1620,0,61,46
01-31-21,Union,1573,5,1347,5,226,0,1454,6,9298,26,10752,32,0,25,-1,72,6,1476,0,52,27
01-31-21,Van Buren,768,0,648,0,120,0,714,0,4699,27,5413,27,0,10,-1,19,1,739,0,18,18
01-31-21,Warren,5126,11,4426,7,700,4,4995,9,28784,77,33779,86,0,62,0,156,11,4908,1,79,70
01-31-21,Washington,12155,21,10559,16,1596,5,11631,22,70409,210,82040,232,5,219,-1,349,17,11587,2,313,218
01-31-21,Wayne,2793,7,2298,4,495,3,2521,5,10416,30,12937,35,0,26,-1,122,8,2645,0,53,28
01-31-21,Weakley,3645,6,2761,0,884,6,3154,1,19760,88,22914,89,0,52,0,74,6,3519,0,55,56
01-31-21,White,3185,4,2683,3,502,1,3283,5,20520,63,23803,68,0,52,-2,92,6,3041,1,99,62
01-31-21,Williamson,23165,95,20230,58,2935,37,22489,66,156427,485,178916,551,0,171,24,1063,71,21931,1,272,192
01-31-21,Wilson,15307,47,14060,34,1247,13,16035,38,86799,240,102834,278,2,181,0,508,45,14618,0,311,199
01-30-21,Anderson,7405,40,5783,35,1622,5,6425,36,54846,258,61271,294,2,127,0,298,38,6980,2,184,147
01-30-21,Bedford,5554,30,4512,26,1042,4,5210,30,27705,206,32915,236,0,98,18,170,12,5286,0,116,111
01-30-21,Benton,1452,5,1188,5,264,0,1312,7,8268,42,9580,49,0,35,2,60,3,1357,0,35,38
01-30-21,Bledsoe,1854,12,1733,12,121,0,1835,12,13448,106,15283,118,0,11,7,31,5,1812,0,29,10
01-30-21,Blount,13148,51,11597,43,1551,8,12742,52,63008,301,75750,353,2,143,1,470,48,12535,2,295,164
01-30-21,Bradley,11655,55,9973,47,1682,8,11304,62,55295,303,66599,365,4,111,5,384,46,11160,1,476,128
01-30-21,Campbell,3529,16,2087,9,1442,7,2336,11,23026,85,25362,96,0,44,4,159,12,3326,0,108,55
01-30-21,Cannon,1664,8,1380,7,284,1,1538,8,8146,44,9684,52,1,24,0,61,7,1579,0,32,25
01-30-21,Carroll,3336,13,2226,9,1110,4,2635,14,18111,56,20746,70,0,64,-1,138,14,3134,0,76,79
01-30-21,Carter,5628,16,4954,16,674,0,5425,21,32313,210,37738,231,3,130,1,199,12,5299,1,203,144
01-30-21,Cheatham,3623,19,2908,12,715,7,3289,16,23496,126,26785,142,0,33,11,153,8,3437,1,74,39
01-30-21,Chester,1907,10,1385,8,522,2,1653,11,10211,52,11864,63,2,41,3,58,5,1808,0,38,45
01-30-21,Claiborne,2378,20,1576,11,802,9,1673,10,20458,203,22131,213,5,43,-1,191,16,2144,0,84,56
01-30-21,Clay,1022,1,707,1,315,0,811,1,5115,22,5926,23,1,27,-3,33,3,962,0,22,29
01-30-21,Cocke,3732,20,2631,11,1101,9,2899,13,18511,98,21410,111,1,71,10,138,9,3523,1,102,89
01-30-21,Coffee,5932,29,4317,26,1615,3,5289,27,40343,252,45632,279,1,99,12,219,16,5614,2,108,108
01-30-21,Crockett,1902,3,1159,1,743,2,1350,1,6714,32,8064,33,0,39,-4,30,7,1833,0,29,44
01-30-21,Cumberland,5821,19,4943,19,878,0,5666,22,43999,183,49665,205,2,82,3,215,14,5524,0,137,112
01-30-21,Davidson,76407,434,72840,402,3567,32,88512,526,785252,6248,873764,6774,2,728,190,3221,242,72458,3,1807,780
01-30-21,Decatur,1497,1,1128,0,369,1,1343,0,10458,26,11801,26,1,29,-1,22,1,1446,0,37,35
01-30-21,Dekalb,2506,7,1905,6,601,1,2198,6,15253,72,17451,78,1,46,-8,44,14,2416,0,51,44
01-30-21,Dickson,5760,22,4283,15,1477,7,5084,14,30680,160,35764,174,1,86,6,70,15,5604,0,113,97
01-30-21,Dyer,5063,17,3391,16,1672,1,3814,20,19996,94,23810,114,0,87,-4,198,21,4778,0,102,96
01-30-21,Fayette,4429,20,3884,16,545,4,4763,21,32651,220,37414,241,4,59,-1,205,17,4165,0,116,67
01-30-21,Fentress,2234,7,1959,7,275,0,2235,7,10766,109,13001,116,1,39,0,56,6,2139,0,54,43
01-30-21,Franklin,4403,20,3737,13,666,7,4382,19,30457,226,34839,245,0,69,3,162,17,4172,1,100,78
01-30-21,Gibson,5934,13,3631,9,2303,4,4383,9,26701,116,31084,125,0,122,-3,174,16,5638,0,100,134
01-30-21,Giles,3490,12,2977,11,513,1,3423,16,20272,134,23695,150,3,79,-7,165,16,3246,0,106,86
01-30-21,Grainger,2248,11,1726,10,522,1,1933,12,12291,73,14224,85,1,42,-1,100,11,2106,0,61,46
01-30-21,Greene,6926,14,5519,14,1407,0,6173,20,39427,242,45600,262,0,121,-1,265,15,6540,0,167,129
01-30-21,Grundy,1517,5,1312,5,205,0,1511,7,6945,79,8456,86,0,24,3,55,2,1438,0,54,26
01-30-21,Hamblen,7421,26,5504,18,1917,8,6153,20,41320,201,47473,221,2,144,-13,156,37,7121,1,230,153
01-30-21,Hamilton,36867,159,32492,135,4375,24,36342,145,274986,1710,311328,1855,3,361,24,651,132,35855,0,1001,407
01-30-21,Hancock,466,5,339,5,127,0,362,5,3520,13,3882,18,0,7,5,25,0,434,0,17,10
01-30-21,Hardeman,3276,8,2695,8,581,0,3154,12,22708,113,25862,125,0,57,-3,81,11,3138,1,96,60
01-30-21,Hardin,3206,6,2217,6,989,0,2645,6,21240,109,23885,115,1,55,-5,115,10,3036,0,59,61
01-30-21,Hawkins,4761,38,3974,29,787,9,4285,35,27963,331,32248,366,0,82,10,260,28,4419,0,125,86
01-30-21,Haywood,2585,12,2170,10,415,2,2467,16,12453,40,14920,56,0,55,9,83,3,2447,1,76,58
01-30-21,Henderson,3486,9,2456,6,1030,3,3087,6,15052,56,18139,62,1,64,1,87,7,3335,0,74,67
01-30-21,Henry,2838,9,2246,9,592,0,2596,11,16410,89,19006,100,0,63,8,79,1,2696,0,74,72
01-30-21,Hickman,2499,8,2076,7,423,1,2401,8,14414,74,16815,82,0,38,1,54,7,2407,0,51,39
01-30-21,Houston,986,2,750,2,236,0,853,2,8399,21,9252,23,0,26,-1,-5,3,965,0,38,29
01-30-21,Humphreys,1431,4,972,3,459,1,1138,5,10421,59,11559,64,0,18,-6,16,10,1397,0,27,20
01-30-21,Jackson,1194,3,945,3,249,0,1101,3,4898,22,5999,25,1,25,-1,48,3,1121,0,35,30
01-30-21,Jefferson,5238,34,3732,27,1506,7,4204,30,32702,275,36906,305,1,84,16,269,17,4885,1,160,105
01-30-21,Johnson,2078,8,1888,8,190,0,2009,9,12728,104,14737,113,0,36,7,58,1,1984,0,56,37
01-30-21,Knox,42119,268,36574,222,5545,46,39892,238,274690,1504,314582,1742,7,487,84,1707,177,39925,9,1172,515
01-30-21,Lake,1656,47,1477,47,179,0,1735,55,9187,85,10922,140,0,22,45,86,2,1548,0,24,24
01-30-21,Lauderdale,2993,6,2345,5,648,1,2688,9,18893,116,21581,125,1,36,0,80,5,2877,0,80,40
01-30-21,Lawrence,5321,17,4201,15,1120,2,4615,19,25597,177,30212,196,0,73,-4,215,21,5033,0,130,77
01-30-21,Lewis,1358,3,1106,2,252,1,1197,3,9222,32,10419,35,0,21,1,58,2,1279,0,38,24
01-30-21,Lincoln,3953,21,3108,20,845,1,3532,26,15656,95,19188,121,0,53,9,130,12,3770,0,75,54
01-30-21,Loudon,5148,28,4178,23,970,5,4552,28,27549,104,32101,132,1,58,5,187,22,4903,0,113,58
01-30-21,Macon,3196,8,2571,8,625,0,3017,11,13771,47,16788,58,0,56,4,109,4,3031,0,114,69
01-30-21,Madison,9648,30,5434,23,4214,7,6638,26,49356,209,55994,235,2,195,6,-344,22,9797,0,321,215
01-30-21,Marion,2726,12,2366,9,360,3,2652,10,15726,151,18378,161,1,35,-3,83,14,2608,0,100,43
01-30-21,Marshall,3675,28,3036,22,639,6,3416,33,20820,163,24236,196,3,45,9,183,16,3447,0,81,46
01-30-21,Maury,11550,76,10464,65,1086,11,11543,78,64601,391,76144,469,1,141,26,520,49,10889,2,260,150
01-30-21,McMinn,5483,34,4963,33,520,1,5465,38,36255,266,41720,304,2,79,12,248,20,5156,1,138,84
01-30-21,McNairy,2518,10,1784,9,734,1,2193,9,16105,163,18298,172,0,44,-4,19,14,2455,0,58,48
01-30-21,Meigs,1189,6,1089,5,100,1,1211,7,6771,50,7982,57,1,18,-1,50,6,1121,0,37,18
01-30-21,Monroe,4892,23,3995,19,897,4,4492,23,23313,90,27805,113,0,67,-5,235,28,4590,1,134,83
01-30-21,Montgomery,16024,119,11994,82,4030,37,13174,85,95480,541,108654,626,2,164,-6,915,123,14945,0,279,195
01-30-21,Moore,906,6,714,3,192,3,809,4,4365,24,5174,28,1,11,4,58,1,837,0,14,14
01-30-21,Morgan,2169,8,1654,8,515,0,1773,8,13655,49,15428,57,0,17,0,86,8,2066,0,32,31
01-30-21,Obion,4256,5,3181,5,1075,0,3601,6,20032,113,23633,119,0,86,0,117,5,4053,0,96,92
01-30-21,Out of State,15347,51,12353,47,2994,4,13894,66,536952,2759,550846,2825,4,91,3,451,44,14805,0,181,78
01-30-21,Overton,2750,9,2098,9,652,0,2467,11,13449,60,15916,71,0,46,0,90,9,2614,0,62,57
01-30-21,Pending,14055,70,9275,52,4780,18,10278,60,346049,1863,356327,1923,8,167,-44,414,106,13474,0,124,116
01-30-21,Perry,994,2,864,1,130,1,966,2,5656,18,6622,20,0,25,0,6,2,963,0,28,25
01-30-21,Pickett,719,2,476,1,243,1,571,1,3187,31,3758,32,0,21,-1,21,3,677,0,28,21
01-30-21,Polk,1551,14,1427,14,124,0,1581,14,7867,58,9448,72,0,18,5,92,9,1441,1,57,21
01-30-21,Putnam,10100,34,8433,32,1667,2,10101,45,62977,389,73078,434,2,157,6,309,26,9634,0,194,164
01-30-21,Rhea,3892,10,3425,7,467,3,3842,7,23133,138,26975,145,0,62,1,97,9,3733,0,79,67
01-30-21,Roane,5396,24,4310,16,1086,8,4780,18,37407,192,42187,210,0,91,2,111,22,5194,1,136,94
01-30-21,Robertson,8370,44,6819,33,1551,11,7697,38,37938,191,45635,229,0,91,11,350,33,7929,0,382,109
01-30-21,Rutherford,35522,221,31566,154,3956,67,36822,177,198344,1343,235166,1520,2,314,105,1154,114,34054,0,536,348
01-30-21,Scott,2648,10,1574,8,1074,2,1677,9,10237,51,11914,60,0,34,3,115,7,2499,0,59,40
01-30-21,Sequatchie,1417,7,1176,6,241,1,1278,6,10697,40,11975,46,2,22,2,64,3,1331,1,33,24
01-30-21,Sevier,11124,67,9989,51,1135,16,10950,61,56925,361,67875,422,0,133,33,299,34,10692,1,244,148
01-30-21,Shelby,82034,385,77107,337,4927,48,94606,433,794558,5108,889164,5541,11,1248,58,2810,316,77976,8,3233,1416
01-30-21,Smith,2439,6,1904,4,535,2,2399,5,11992,50,14391,55,0,30,1,62,5,2347,0,57,34
01-30-21,Stewart,1171,6,892,5,279,1,1005,7,6108,26,7113,33,0,22,3,71,3,1078,0,23,24
01-30-21,Sullivan,13343,65,11723,63,1620,2,12686,75,73511,593,86197,668,5,236,29,347,31,12760,4,673,253
01-30-21,Sumner,19878,117,18282,96,1596,21,20676,104,103462,596,124138,700,5,256,37,690,75,18932,1,670,293
01-30-21,Tipton,6575,20,4716,14,1859,6,5693,19,41197,202,46890,221,0,79,-5,203,25,6293,1,143,95
01-30-21,Trousdale,2347,6,2232,6,115,0,2392,8,8138,33,10530,41,0,17,5,31,1,2299,0,36,21
01-30-21,Unicoi,1707,2,1353,2,354,0,1486,2,11650,35,13136,37,0,47,-3,41,5,1619,0,61,46
01-30-21,Union,1568,15,1342,10,226,5,1448,9,9272,55,10720,64,0,25,7,73,8,1470,0,52,27
01-30-21,Van Buren,768,1,648,1,120,0,714,2,4672,14,5386,16,1,10,-3,20,3,738,0,18,17
01-30-21,Warren,5115,19,4419,17,696,2,4986,20,28707,148,33693,168,1,62,0,156,18,4897,0,78,70
01-30-21,Washington,12134,28,10543,26,1591,2,11609,30,70199,537,81808,567,1,214,-1,350,28,11570,0,311,218
01-30-21,Wayne,2786,6,2294,4,492,2,2516,3,10386,39,12902,42,0,26,-3,123,9,2637,0,53,28
01-30-21,Weakley,3639,7,2761,6,878,1,3153,8,19672,85,22825,93,0,52,-6,74,13,3513,0,55,55
01-30-21,White,3181,10,2680,10,501,0,3278,10,20457,83,23735,93,1,52,4,94,5,3035,0,98,62
01-30-21,Williamson,23070,152,20172,127,2898,25,22423,145,155942,1005,178365,1150,0,171,47,1039,105,21860,1,271,192
01-30-21,Wilson,15260,78,14026,64,1234,14,15997,72,86559,513,102556,585,1,179,31,508,46,14573,0,311,199
01-29-21,Anderson,7365,13,5748,4,1617,9,6389,4,54588,47,60977,51,1,125,-34,298,46,6942,1,182,146
01-29-21,Bedford,5524,3,4486,3,1038,0,5180,3,27499,40,32679,43,0,98,-23,152,26,5274,0,116,111
01-29-21,Benton,1447,8,1183,6,264,2,1305,5,8226,12,9531,17,0,35,5,58,3,1354,0,35,38
01-29-21,Bledsoe,1842,1,1721,1,121,0,1823,3,13342,12,15165,15,0,11,-10,24,11,1807,0,29,10
01-29-21,Blount,13097,22,11554,10,1543,12,12690,11,62707,82,75397,93,1,141,-42,469,63,12487,1,293,164
01-29-21,Bradley,11600,37,9926,18,1674,19,11242,22,54992,120,66234,142,0,107,-18,379,55,11114,2,475,128
01-29-21,Campbell,3513,11,2078,4,1435,7,2325,4,22941,9,25266,13,0,44,-13,155,24,3314,1,108,54
01-29-21,Cannon,1656,12,1373,10,283,2,1530,10,8102,26,9632,36,0,23,7,61,5,1572,0,32,25
01-29-21,Carroll,3323,12,2217,7,1106,5,2621,7,18055,11,20676,18,0,64,-9,139,21,3120,0,76,79
01-29-21,Carter,5612,10,4938,9,674,1,5404,7,32103,53,37507,60,0,127,-11,198,21,5287,0,202,144
01-29-21,Cheatham,3604,5,2896,4,708,1,3273,5,23370,38,26643,43,0,33,-10,142,15,3429,0,73,38
01-29-21,Chester,1897,4,1377,3,520,1,1642,4,10159,22,11801,26,0,39,-5,55,9,1803,0,38,45
01-29-21,Claiborne,2358,9,1565,4,793,5,1663,5,20255,11,21918,16,2,38,-19,192,26,2128,0,84,56
01-29-21,Clay,1021,2,706,0,315,2,810,1,5093,0,5903,1,0,26,0,36,2,959,0,22,29
01-29-21,Cocke,3712,8,2620,4,1092,4,2886,5,18413,19,21299,24,0,70,-20,128,28,3514,0,101,89
01-29-21,Coffee,5903,6,4291,3,1612,3,5262,5,40091,38,45353,43,1,98,-20,207,25,5598,0,106,108
01-29-21,Crockett,1899,2,1158,1,741,1,1349,2,6682,15,8031,17,0,39,-2,34,4,1826,0,29,44
01-29-21,Cumberland,5802,12,4924,12,878,0,5644,17,43816,31,49460,48,0,80,-18,212,30,5510,0,137,112
01-29-21,Davidson,75973,222,72438,194,3535,28,87986,252,779004,2035,866990,2287,3,726,-254,3031,473,72216,4,1804,774
01-29-21,Decatur,1496,2,1128,1,368,1,1343,1,10432,5,11775,6,0,28,0,23,2,1445,0,37,33
01-29-21,Dekalb,2499,5,1899,2,600,3,2192,2,15181,11,17373,13,0,45,-5,52,10,2402,0,51,44
01-29-21,Dickson,5738,28,4268,13,1470,15,5070,15,30520,31,35590,46,0,85,5,64,23,5589,0,113,97
01-29-21,Dyer,5046,12,3375,10,1671,2,3794,10,19902,56,23696,66,0,87,-2,202,14,4757,1,102,94
01-29-21,Fayette,4409,9,3868,7,541,2,4742,11,32431,50,37173,61,1,55,-9,206,17,4148,0,116,66
01-29-21,Fentress,2227,1,1952,0,275,1,2228,0,10657,32,12885,32,1,38,-9,56,9,2133,0,54,43
01-29-21,Franklin,4383,9,3724,5,659,4,4363,7,30231,47,34594,54,0,69,-14,159,23,4155,1,99,78
01-29-21,Gibson,5921,12,3622,7,2299,5,4374,5,26585,36,30959,41,0,122,-3,177,15,5622,0,100,132
01-29-21,Giles,3478,5,2966,4,512,1,3407,7,20138,39,23545,46,0,76,-14,172,19,3230,0,106,86
01-29-21,Grainger,2237,5,1716,3,521,2,1921,3,12218,14,14139,17,0,41,1,101,4,2095,0,61,46
01-29-21,Greene,6912,24,5505,24,1407,0,6153,29,39185,252,45338,281,0,121,-12,266,36,6525,0,167,127
01-29-21,Grundy,1512,4,1307,3,205,1,1504,3,6866,18,8370,21,0,24,-2,52,6,1436,0,54,26
01-29-21,Hamblen,7395,9,5486,4,1909,5,6133,4,41119,73,47252,77,1,142,-35,169,43,7084,0,229,153
01-29-21,Hamilton,36708,145,32357,86,4351,59,36197,89,273276,683,309473,772,0,358,-62,627,207,35723,4,1001,405
01-29-21,Hancock,461,1,334,0,127,1,357,0,3507,27,3864,27,0,7,-5,20,6,434,0,17,10
01-29-21,Hardeman,3268,4,2687,3,581,1,3142,3,22595,38,25737,41,0,57,-11,84,15,3127,0,95,60
01-29-21,Hardin,3200,2,2211,2,989,0,2639,3,21131,38,23770,41,0,54,-10,120,12,3026,0,59,60
01-29-21,Hawkins,4723,21,3945,16,778,5,4250,13,27632,62,31882,75,1,82,2,250,18,4391,0,125,86
01-29-21,Haywood,2573,8,2160,5,413,3,2451,9,12413,30,14864,39,0,55,-4,74,12,2444,0,75,58
01-29-21,Henderson,3477,6,2450,4,1027,2,3081,4,14996,12,18077,16,0,63,-3,86,9,3328,0,74,67
01-29-21,Henry,2829,3,2237,3,592,0,2585,3,16321,10,18906,13,1,63,0,71,2,2695,0,74,72
01-29-21,Hickman,2491,2,2069,2,422,0,2393,4,14340,20,16733,24,0,38,-14,53,16,2400,1,51,39
01-29-21,Houston,984,1,748,0,236,1,851,0,8378,34,9229,34,0,26,-2,-4,3,962,0,38,29
01-29-21,Humphreys,1427,3,969,0,458,3,1133,0,10362,12,11495,12,0,18,-4,22,7,1387,0,27,20
01-29-21,Jackson,1191,3,942,1,249,2,1098,1,4876,4,5974,5,0,24,-2,49,5,1118,0,35,30
01-29-21,Jefferson,5204,11,3705,4,1499,7,4174,6,32427,86,36601,92,0,83,-26,253,37,4868,0,159,104
01-29-21,Johnson,2070,5,1880,5,190,0,2000,5,12624,42,14624,47,0,36,-1,51,6,1983,0,56,37
01-29-21,Knox,41851,99,36352,49,5499,50,39654,65,273186,380,312840,445,4,480,-142,1623,237,39748,1,1163,509
01-29-21,Lake,1609,1,1430,0,179,1,1680,2,9102,7,10782,9,0,22,-3,41,4,1546,0,24,24
01-29-21,Lauderdale,2987,2,2340,2,647,0,2679,4,18777,55,21456,59,0,35,-2,80,4,2872,0,80,40
01-29-21,Lawrence,5304,5,4186,5,1118,0,4596,5,25420,51,30016,56,0,73,-9,219,14,5012,0,130,76
01-29-21,Lewis,1355,9,1104,5,251,4,1194,4,9190,9,10384,13,0,21,4,57,5,1277,0,38,24
01-29-21,Lincoln,3932,6,3088,4,844,2,3506,5,15561,47,19067,52,0,53,-11,121,17,3758,0,75,53
01-29-21,Loudon,5120,8,4155,2,965,6,4524,3,27445,19,31969,22,0,57,-13,182,21,4881,1,113,56
01-29-21,Macon,3188,14,2563,10,625,4,3006,11,13724,12,16730,23,0,56,6,105,8,3027,1,114,69
01-29-21,Madison,9618,18,5411,13,4207,5,6612,11,49147,71,55759,82,0,193,-22,-350,40,9775,0,321,213
01-29-21,Marion,2714,5,2357,3,357,2,2642,5,15575,26,18217,31,0,34,-12,86,17,2594,0,100,43
01-29-21,Marshall,3647,9,3014,6,633,3,3383,5,20657,25,24040,30,0,42,-26,174,35,3431,0,81,46
01-29-21,Maury,11474,17,10399,13,1075,4,11465,12,64210,61,75675,73,2,140,-28,494,43,10840,0,258,150
01-29-21,McMinn,5449,7,4930,3,519,4,5427,5,35989,30,41416,35,1,77,-11,236,17,5136,2,137,84
01-29-21,McNairy,2508,7,1775,7,733,0,2184,8,15942,76,18126,84,1,44,-8,23,14,2441,0,58,48
01-29-21,Meigs,1183,4,1084,3,99,1,1204,3,6721,8,7925,11,0,17,-5,51,9,1115,0,37,18
01-29-21,Monroe,4869,9,3976,4,893,5,4469,3,23223,15,27692,18,0,67,-18,240,27,4562,0,133,82
01-29-21,Montgomery,15905,48,11912,35,3993,13,13089,45,94939,275,108028,320,2,162,-81,921,127,14822,0,279,195
01-29-21,Moore,900,5,711,5,189,0,805,6,4341,3,5146,9,0,10,1,54,4,836,0,14,13
01-29-21,Morgan,2161,6,1646,5,515,1,1765,5,13606,11,15371,16,0,17,-8,86,14,2058,0,32,31
01-29-21,Obion,4251,4,3176,4,1075,0,3595,3,19919,7,23514,10,0,86,-6,117,10,4048,0,96,92
01-29-21,Out of State,15296,40,12306,34,2990,6,13828,48,534193,954,548021,1002,2,87,-38,448,76,14761,0,181,78
01-29-21,Overton,2741,2,2089,2,652,0,2456,2,13389,19,15845,21,0,46,-10,90,12,2605,1,62,56
01-29-21,Pending,13985,26,9223,18,4762,8,10218,22,344186,664,354404,686,2,159,-73,458,97,13368,1,124,116
01-29-21,Perry,992,2,863,1,129,1,964,1,5638,4,6602,5,0,25,1,6,1,961,0,28,25
01-29-21,Pickett,717,2,475,0,242,2,570,0,3156,4,3726,4,0,21,1,22,1,674,0,28,21
01-29-21,Polk,1537,7,1413,5,124,2,1567,7,7809,18,9376,25,1,18,-3,87,9,1432,1,56,21
01-29-21,Putnam,10066,26,8401,15,1665,11,10056,17,62588,112,72644,129,0,155,-3,303,29,9608,1,194,164
01-29-21,Rhea,3882,11,3418,9,464,2,3835,11,22995,55,26830,66,1,62,-8,96,18,3724,0,79,67
01-29-21,Roane,5372,8,4294,4,1078,4,4762,3,37215,34,41977,37,1,91,-20,109,27,5172,1,135,92
01-29-21,Robertson,8326,15,6786,8,1540,7,7659,9,37747,87,45406,96,1,91,-29,339,43,7896,0,382,109
01-29-21,Rutherford,35301,87,31412,61,3889,26,36645,71,197001,410,233646,481,2,312,-71,1049,156,33940,1,536,345
01-29-21,Scott,2638,2,1566,1,1072,1,1668,1,10186,16,11854,17,1,34,-9,112,10,2492,0,59,40
01-29-21,Sequatchie,1410,1,1170,1,240,0,1272,2,10657,14,11929,16,0,20,-8,62,9,1328,0,32,24
01-29-21,Sevier,11057,36,9938,10,1119,26,10889,11,56564,113,67453,124,1,133,-21,266,56,10658,0,243,148
01-29-21,Shelby,81649,242,76770,220,4879,22,94173,280,789450,3165,883623,3445,2,1237,-190,2752,430,77660,6,3225,1411
01-29-21,Smith,2433,6,1900,1,533,5,2394,3,11942,16,14336,19,0,30,-4,61,10,2342,0,57,34
01-29-21,Stewart,1165,2,887,2,278,0,998,2,6082,12,7080,14,1,22,-6,68,7,1075,0,23,24
01-29-21,Sullivan,13278,22,11660,19,1618,3,12611,22,72918,222,85529,244,1,231,-56,318,77,12729,0,669,252
01-29-21,Sumner,19761,36,18186,22,1575,14,20572,34,102866,174,123438,208,1,251,-55,653,90,18857,1,669,293
01-29-21,Tipton,6555,7,4702,4,1853,3,5674,4,40995,88,46669,92,0,79,-27,208,34,6268,0,142,95
01-29-21,Trousdale,2341,8,2226,6,115,2,2384,5,8105,9,10489,14,0,17,4,26,4,2298,0,36,21
01-29-21,Unicoi,1705,0,1351,0,354,0,1484,0,11615,8,13099,8,0,47,-7,44,7,1614,0,61,46
01-29-21,Union,1553,5,1332,3,221,2,1439,3,9217,7,10656,10,0,25,-1,66,6,1462,0,52,27
01-29-21,Van Buren,767,3,647,2,120,1,712,1,4658,5,5370,6,0,9,-3,23,6,735,0,18,16
01-29-21,Warren,5096,8,4402,5,694,3,4966,5,28559,27,33525,32,1,61,-16,156,23,4879,0,78,70
01-29-21,Washington,12106,20,10517,18,1589,2,11579,23,69662,108,81241,131,0,213,-24,351,44,11542,1,311,218
01-29-21,Wayne,2780,8,2290,1,490,7,2513,4,10347,14,12860,18,1,26,-1,126,8,2628,1,53,28
01-29-21,Weakley,3632,7,2755,5,877,2,3145,6,19587,12,22732,18,0,52,-5,80,12,3500,0,55,55
01-29-21,White,3171,9,2670,6,501,3,3268,7,20374,22,23642,29,0,51,-2,90,11,3030,0,98,62
01-29-21,Williamson,22918,68,20045,47,2873,21,22278,54,154937,320,177215,374,1,171,-51,992,118,21755,0,270,191
01-29-21,Wilson,15182,28,13962,19,1220,9,15925,21,86046,108,101971,129,1,178,-34,477,61,14527,0,311,199
01-28-21,Anderson,7352,87,5744,40,1608,47,6385,48,54541,231,60926,279,4,124,24,332,59,6896,0,181,146
01-28-21,Bedford,5521,23,4483,18,1038,5,5177,20,27459,173,32636,193,0,98,-8,175,31,5248,1,116,110
01-28-21,Benton,1439,17,1177,2,262,15,1300,2,8214,14,9514,16,0,35,12,53,5,1351,0,35,38
01-28-21,Bledsoe,1841,18,1720,13,121,5,1820,14,13330,128,15150,142,0,11,9,34,9,1796,0,29,10
01-28-21,Blount,13075,37,11544,28,1531,9,12679,30,62625,223,75304,253,3,140,-41,511,75,12424,1,292,164
01-28-21,Bradley,11563,61,9908,27,1655,34,11220,24,54872,138,66092,162,1,107,-21,397,81,11059,1,473,127
01-28-21,Campbell,3502,23,2074,1,1428,22,2321,3,22932,46,25253,49,0,44,-4,168,27,3290,0,107,54
01-28-21,Cannon,1644,7,1363,0,281,7,1520,1,8076,24,9596,25,0,23,1,54,6,1567,0,32,25
01-28-21,Carroll,3311,38,2210,11,1101,27,2614,12,18044,59,20658,71,0,64,17,148,21,3099,1,76,79
01-28-21,Carter,5602,31,4929,21,673,10,5397,25,32050,108,37447,133,1,127,1,209,29,5266,2,202,143
01-28-21,Cheatham,3599,45,2892,23,707,22,3268,26,23332,75,26600,101,0,33,26,152,19,3414,0,73,38
01-28-21,Chester,1893,24,1374,11,519,13,1638,9,10137,21,11775,30,0,39,10,60,14,1794,0,38,45
01-28-21,Claiborne,2349,23,1561,10,788,13,1658,12,20244,40,21902,52,0,36,-1,211,24,2102,0,84,53
01-28-21,Clay,1019,6,706,5,313,1,809,5,5093,21,5902,26,0,26,-1,36,7,957,0,22,29
01-28-21,Cocke,3704,29,2616,16,1088,13,2881,19,18394,110,21275,129,1,70,10,148,18,3486,0,101,89
01-28-21,Coffee,5897,57,4288,21,1609,36,5257,22,40053,149,45310,171,3,97,19,227,35,5573,0,106,107
01-28-21,Crockett,1897,5,1157,3,740,2,1347,4,6667,31,8014,35,0,39,2,36,3,1822,0,29,44
01-28-21,Cumberland,5790,32,4912,10,878,22,5627,16,43785,233,49412,249,1,80,-4,230,35,5480,1,137,111
01-28-21,Davidson,75751,177,72244,126,3507,51,87734,134,776969,2208,864703,2342,4,723,-301,3285,474,71743,1,1800,771
01-28-21,Decatur,1494,10,1127,6,367,4,1342,7,10427,21,11769,28,0,28,1,23,9,1443,1,37,33
01-28-21,Dekalb,2494,24,1897,14,597,10,2190,15,15170,66,17360,81,0,45,6,57,18,2392,0,51,44
01-28-21,Dickson,5710,72,4255,22,1455,50,5055,22,30489,88,35544,110,0,85,43,59,29,5566,0,113,97
01-28-21,Dyer,5034,36,3365,9,1669,27,3784,10,19846,52,23630,62,0,87,20,204,16,4743,0,101,94
01-28-21,Fayette,4400,30,3861,18,539,12,4731,21,32381,129,37112,150,1,54,-7,215,36,4131,1,116,66
01-28-21,Fentress,2226,10,1952,9,274,1,2228,10,10625,102,12853,112,0,37,0,65,10,2124,0,54,43
01-28-21,Franklin,4374,33,3719,13,655,20,4356,20,30184,214,34540,234,0,69,4,173,29,4132,0,98,78
01-28-21,Gibson,5909,49,3615,16,2294,33,4369,14,26549,63,30918,77,3,122,20,180,26,5607,2,100,130
01-28-21,Giles,3473,18,2962,5,511,13,3400,9,20099,39,23499,48,0,76,5,186,13,3211,1,106,86
01-28-21,Grainger,2232,20,1713,14,519,6,1918,15,12204,68,14122,83,0,41,0,100,20,2091,0,61,46
01-28-21,Greene,6888,41,5481,24,1407,17,6124,27,38933,238,45057,265,1,121,-8,278,48,6489,1,167,127
01-28-21,Grundy,1508,16,1304,10,204,6,1501,11,6848,38,8349,49,0,24,14,54,2,1430,1,54,26
01-28-21,Hamblen,7386,44,5482,18,1904,26,6129,21,41046,89,47175,110,4,141,-12,204,52,7041,0,229,153
01-28-21,Hamilton,36563,111,32271,58,4292,53,36108,53,272593,375,308701,428,3,358,-70,689,178,35516,5,997,405
01-28-21,Hancock,460,5,334,2,126,3,357,2,3480,9,3837,11,0,7,2,25,3,428,0,17,10
01-28-21,Hardeman,3264,20,2684,10,580,10,3139,12,22557,78,25696,90,1,57,5,95,14,3112,0,95,60
01-28-21,Hardin,3198,23,2209,8,989,15,2636,7,21093,135,23729,142,2,54,12,130,9,3014,0,59,59
01-28-21,Hawkins,4702,70,3929,41,773,29,4237,44,27570,131,31807,175,2,81,36,248,32,4373,0,125,86
01-28-21,Haywood,2565,36,2155,31,410,5,2442,30,12383,63,14825,93,0,55,23,78,13,2432,0,75,57
01-28-21,Henderson,3471,27,2446,11,1025,16,3077,11,14984,33,18061,44,-1,63,15,89,13,3319,1,74,67
01-28-21,Henry,2826,20,2234,13,592,7,2582,15,16311,38,18893,53,1,62,-4,71,23,2693,0,74,72
01-28-21,Hickman,2489,16,2067,3,422,13,2389,3,14320,25,16709,28,0,38,6,67,10,2384,0,50,39
01-28-21,Houston,983,4,748,1,235,3,851,1,8344,64,9195,65,0,26,0,-2,4,959,0,38,29
01-28-21,Humphreys,1424,17,969,8,455,9,1133,8,10350,66,11483,74,0,18,9,26,8,1380,0,27,20
01-28-21,Jackson,1188,9,941,5,247,4,1097,5,4872,14,5969,19,0,24,3,51,6,1113,0,35,30
01-28-21,Jefferson,5193,33,3701,17,1492,16,4168,19,32341,96,36509,115,4,83,-6,279,35,4831,1,159,101
01-28-21,Johnson,2065,19,1875,8,190,11,1995,8,12582,112,14577,120,0,36,9,52,10,1977,0,56,37
01-28-21,Knox,41752,156,36303,114,5449,42,39589,132,272806,660,312395,792,9,476,-75,1765,222,39511,5,1162,504
01-28-21,Lake,1608,12,1430,10,178,2,1678,11,9095,36,10773,47,0,22,7,44,5,1542,0,24,23
01-28-21,Lauderdale,2985,13,2338,4,647,9,2675,6,18722,126,21397,132,0,35,-2,82,15,2868,0,80,40
01-28-21,Lawrence,5299,35,4181,21,1118,14,4591,20,25369,166,29960,186,1,73,7,228,27,4998,1,130,75
01-28-21,Lewis,1346,9,1099,1,247,8,1190,2,9181,9,10371,11,0,21,5,53,4,1272,0,38,23
01-28-21,Lincoln,3926,30,3084,14,842,16,3501,10,15514,33,19015,43,2,53,6,132,22,3741,0,75,53
01-28-21,Loudon,5112,37,4153,13,959,24,4521,22,27426,88,31947,110,0,57,6,195,31,4860,1,112,54
01-28-21,Macon,3174,12,2553,9,621,3,2995,13,13712,66,16707,79,0,56,-2,99,14,3019,0,113,69
01-28-21,Madison,9600,65,5398,14,4202,51,6601,15,49076,83,55677,98,3,193,21,-328,41,9735,1,321,212
01-28-21,Marion,2709,11,2354,8,355,3,2637,13,15549,76,18186,89,0,34,-25,98,36,2577,0,100,43
01-28-21,Marshall,3638,37,3008,9,630,28,3378,9,20632,44,24010,53,0,42,3,200,34,3396,1,81,46
01-28-21,Maury,11457,85,10386,66,1071,19,11453,63,64149,335,75602,398,2,138,24,522,59,10797,0,258,150
01-28-21,McMinn,5442,54,4927,32,515,22,5422,33,35959,118,41381,151,0,76,23,247,31,5119,2,135,84
01-28-21,McNairy,2501,23,1768,9,733,14,2176,9,15866,84,18042,93,-1,43,2,31,22,2427,0,58,48
01-28-21,Meigs,1179,6,1081,4,98,2,1201,4,6713,22,7914,26,0,17,-8,56,14,1106,0,37,18
01-28-21,Monroe,4860,76,3972,28,888,48,4466,37,23208,110,27674,147,2,67,30,258,44,4535,0,133,81
01-28-21,Montgomery,15857,134,11877,51,3980,83,13044,63,94664,396,107708,459,2,160,7,1002,125,14695,4,279,191
01-28-21,Moore,895,1,706,0,189,1,799,0,4338,15,5137,15,1,10,-2,53,2,832,0,14,13
01-28-21,Morgan,2155,22,1641,10,514,12,1760,13,13595,50,15355,63,0,17,3,94,19,2044,1,32,30
01-28-21,Obion,4247,40,3172,22,1075,18,3592,25,19912,159,23504,184,0,86,27,123,13,4038,0,96,91
01-28-21,Out of State,15256,68,12272,35,2984,33,13780,37,533239,1529,547019,1566,-1,85,-16,486,85,14685,0,181,78
01-28-21,Overton,2739,22,2087,9,652,13,2454,9,13370,71,15824,80,0,46,2,100,20,2593,0,61,55
01-28-21,Pending,13959,127,9205,23,4754,104,10196,27,343522,941,353718,968,3,157,21,531,103,13271,3,123,115
01-28-21,Perry,990,4,862,0,128,4,963,2,5634,5,6597,7,0,25,1,5,3,960,0,28,25
01-28-21,Pickett,715,3,475,2,240,1,570,2,3152,14,3722,16,0,21,1,21,2,673,0,28,21
01-28-21,Polk,1530,9,1408,6,122,3,1560,5,7791,30,9351,35,0,17,-7,90,16,1423,2,55,21
01-28-21,Putnam,10040,52,8386,30,1654,22,10039,33,62476,300,72515,333,2,155,0,306,50,9579,0,193,163
01-28-21,Rhea,3871,23,3409,10,462,13,3824,13,22940,99,26764,112,1,61,-2,104,24,3706,0,79,67
01-28-21,Roane,5364,29,4290,15,1074,14,4759,24,37181,119,41940,143,2,90,-8,129,35,5145,1,134,92
01-28-21,Robertson,8311,62,6778,19,1533,43,7650,20,37660,100,45310,120,1,90,9,368,52,7853,4,382,109
01-28-21,Rutherford,35214,137,31351,63,3863,74,36574,71,196591,626,233165,697,3,310,-65,1120,199,33784,1,535,343
01-28-21,Scott,2636,33,1565,11,1071,22,1667,10,10170,39,11837,49,1,33,20,121,12,2482,0,59,39
01-28-21,Sequatchie,1409,14,1169,8,240,6,1270,7,10643,22,11913,29,0,20,3,70,11,1319,0,32,24
01-28-21,Sevier,11021,32,9928,27,1093,5,10878,37,56451,180,67329,217,3,132,-62,287,91,10602,1,243,148
01-28-21,Shelby,81407,320,76550,231,4857,89,93893,272,786285,2814,880178,3086,12,1235,-146,2942,454,77230,22,3219,1404
01-28-21,Smith,2427,13,1899,8,528,5,2391,12,11926,40,14317,52,0,30,8,65,5,2332,0,57,34
01-28-21,Stewart,1163,9,885,2,278,7,996,1,6070,18,7066,19,0,21,0,74,9,1068,0,23,24
01-28-21,Sullivan,13256,78,11641,29,1615,49,12589,36,72696,200,85285,236,1,230,12,374,65,12652,1,669,252
01-28-21,Sumner,19725,99,18164,51,1561,48,20538,57,102692,393,123230,450,2,250,-22,708,119,18767,1,668,290
01-28-21,Tipton,6548,58,4698,20,1850,38,5670,29,40907,152,46577,181,2,79,5,235,51,6234,1,142,95
01-28-21,Trousdale,2333,5,2220,2,113,3,2379,3,8096,22,10475,25,0,17,4,22,1,2294,0,36,21
01-28-21,Unicoi,1705,7,1351,4,354,3,1484,4,11607,32,13091,36,0,47,-6,51,13,1607,1,61,46
01-28-21,Union,1548,14,1329,9,219,5,1436,8,9210,31,10646,39,0,25,-3,67,17,1456,1,52,27
01-28-21,Van Buren,764,4,645,0,119,4,711,0,4653,13,5364,13,0,9,-1,26,5,729,0,18,16
01-28-21,Warren,5088,26,4397,8,691,18,4961,12,28532,63,33493,75,1,60,4,172,21,4856,0,78,70
01-28-21,Washington,12086,55,10499,39,1587,16,11556,38,69554,249,81110,287,2,213,-9,375,62,11498,0,310,218
01-28-21,Wayne,2772,17,2289,9,483,8,2509,12,10333,53,12842,65,0,25,11,127,6,2620,1,52,28
01-28-21,Weakley,3625,19,2750,9,875,10,3139,14,19575,87,22714,101,0,52,8,85,11,3488,0,55,55
01-28-21,White,3162,14,2664,8,498,6,3261,5,20352,98,23613,103,0,51,2,92,12,3019,0,98,62
01-28-21,Williamson,22850,137,19998,84,2852,53,22224,84,154617,490,176841,574,4,170,-19,1043,152,21637,3,270,190
01-28-21,Wilson,15154,62,13943,29,1211,33,15904,38,85938,210,101842,248,2,177,-30,511,90,14466,1,311,197
01-27-21,Anderson,7265,17,5704,8,1561,9,6337,9,54310,85,60647,94,4,120,-18,308,31,6837,0,181,145
01-27-21,Bedford,5498,9,4465,8,1033,1,5157,8,27286,71,32443,79,3,98,-14,183,20,5217,0,115,110
01-27-21,Benton,1422,0,1175,0,247,0,1298,0,8200,37,9498,37,0,35,-9,41,9,1346,0,35,38
01-27-21,Bledsoe,1823,5,1707,5,116,0,1806,6,13202,13,15008,19,0,11,0,25,5,1787,0,29,10
01-27-21,Blount,13038,66,11516,49,1522,17,12649,53,62402,162,75051,215,1,137,-2,552,67,12349,1,291,163
01-27-21,Bradley,11502,54,9881,37,1621,17,11196,37,54734,193,65930,230,2,106,-11,418,63,10978,5,472,126
01-27-21,Campbell,3479,17,2073,3,1406,14,2318,5,22886,36,25204,41,2,44,-7,172,22,3263,0,107,53
01-27-21,Cannon,1637,3,1363,1,274,2,1519,1,8052,34,9571,35,0,23,-8,53,11,1561,0,32,25
01-27-21,Carroll,3273,8,2199,4,1074,4,2602,2,17985,25,20587,27,2,64,-14,131,20,3078,0,75,79
01-27-21,Carter,5571,32,4908,28,663,4,5372,31,31942,100,37314,131,2,126,10,208,20,5237,0,200,142
01-27-21,Cheatham,3554,8,2869,7,685,1,3242,6,23257,59,26499,65,1,33,-8,126,15,3395,0,73,38
01-27-21,Chester,1869,12,1363,10,506,2,1629,14,10116,95,11745,109,0,39,6,50,6,1780,0,38,44
01-27-21,Claiborne,2326,22,1551,11,775,11,1646,12,20204,96,21850,108,2,36,-14,212,34,2078,0,84,51
01-27-21,Clay,1013,1,701,0,312,1,804,2,5072,8,5876,10,0,26,-5,37,6,950,0,22,28
01-27-21,Cocke,3675,13,2600,7,1075,6,2862,7,18284,39,21146,46,3,69,-4,138,14,3468,0,101,87
01-27-21,Coffee,5840,15,4267,9,1573,6,5235,8,39904,84,45139,92,6,94,-13,208,22,5538,1,106,106
01-27-21,Crockett,1892,7,1154,1,738,6,1343,2,6636,21,7979,23,0,39,5,34,2,1819,0,29,44
01-27-21,Cumberland,5758,13,4902,13,856,0,5611,11,43552,54,49163,65,0,79,-22,234,35,5445,0,136,109
01-27-21,Davidson,75574,303,72118,277,3456,26,87600,347,774761,2520,862361,2867,3,719,-243,3586,543,71269,1,1799,768
01-27-21,Decatur,1484,1,1121,0,363,1,1335,0,10406,11,11741,11,0,28,-4,22,5,1434,0,36,33
01-27-21,Dekalb,2470,6,1883,3,587,3,2175,3,15104,14,17279,17,0,45,-3,51,9,2374,0,51,44
01-27-21,Dickson,5638,8,4233,8,1405,0,5033,12,30401,69,35434,81,0,85,-26,16,34,5537,0,113,97
01-27-21,Dyer,4998,11,3356,4,1642,7,3774,4,19794,46,23568,50,0,87,-11,184,22,4727,0,101,94
01-27-21,Fayette,4370,15,3843,12,527,3,4710,13,32252,104,36962,117,0,53,-7,222,22,4095,2,115,66
01-27-21,Fentress,2216,5,1943,5,273,0,2218,6,10523,68,12741,74,1,37,0,65,4,2114,0,54,43
01-27-21,Franklin,4341,11,3706,8,635,3,4336,9,29970,77,34306,86,1,69,-13,169,23,4103,1,98,78
01-27-21,Gibson,5860,14,3599,6,2261,8,4355,7,26486,29,30841,36,1,119,-20,160,33,5581,1,98,128
01-27-21,Giles,3455,19,2957,19,498,0,3391,18,20060,81,23451,99,0,76,3,181,16,3198,0,105,86
01-27-21,Grainger,2212,2,1699,1,513,1,1903,1,12136,26,14039,27,0,41,-9,100,11,2071,0,61,46
01-27-21,Greene,6847,6,5457,5,1390,1,6097,9,38695,154,44792,163,0,120,-17,286,23,6441,0,166,127
01-27-21,Grundy,1492,2,1294,1,198,1,1490,1,6810,15,8300,16,2,24,-6,40,6,1428,0,53,25
01-27-21,Hamblen,7342,28,5464,12,1878,16,6108,13,40957,62,47065,75,9,137,-24,216,43,6989,0,229,152
01-27-21,Hamilton,36452,269,32213,234,4239,35,36055,238,272218,911,308273,1149,2,355,65,759,202,35338,6,992,403
01-27-21,Hancock,455,2,332,1,123,1,355,1,3471,4,3826,5,0,7,-4,23,6,425,0,17,10
01-27-21,Hardeman,3244,13,2674,8,570,5,3127,8,22479,28,25606,36,1,56,-1,90,13,3098,0,95,60
01-27-21,Hardin,3175,3,2201,3,974,0,2629,5,20958,80,23587,85,1,52,-9,118,11,3005,1,59,59
01-27-21,Hawkins,4632,15,3888,13,744,2,4193,15,27439,145,31632,160,2,79,-7,212,20,4341,0,125,84
01-27-21,Haywood,2529,5,2124,4,405,1,2412,4,12320,19,14732,23,4,55,-9,55,10,2419,0,75,57
01-27-21,Henderson,3444,3,2435,2,1009,1,3066,2,14951,26,18017,28,2,64,-7,74,8,3306,0,73,67
01-27-21,Henry,2806,4,2221,3,585,1,2567,4,16273,19,18840,23,0,61,-5,75,9,2670,0,74,72
01-27-21,Hickman,2473,14,2064,14,409,0,2386,13,14295,46,16681,59,1,38,-1,61,14,2374,0,50,39
01-27-21,Houston,979,0,747,0,232,0,850,1,8280,99,9130,100,0,26,-2,-2,2,955,0,38,29
01-27-21,Humphreys,1407,2,961,1,446,1,1125,1,10284,26,11409,27,1,18,-6,17,7,1372,0,27,20
01-27-21,Jackson,1179,3,936,3,243,0,1092,3,4858,10,5950,13,0,24,1,48,2,1107,0,35,30
01-27-21,Jefferson,5160,29,3684,16,1476,13,4149,25,32245,82,36394,107,1,79,-14,285,42,4796,4,158,100
01-27-21,Johnson,2046,1,1867,1,179,0,1987,1,12470,28,14457,29,1,36,-3,43,3,1967,0,56,37
01-27-21,Knox,41596,169,36189,124,5407,45,39457,128,272146,892,311603,1020,12,467,-73,1840,230,39289,2,1157,500
01-27-21,Lake,1596,2,1420,2,176,0,1667,0,9059,26,10726,26,0,22,-6,37,8,1537,0,24,23
01-27-21,Lauderdale,2972,4,2334,3,638,1,2669,3,18596,14,21265,17,0,35,-4,84,8,2853,0,80,40
01-27-21,Lawrence,5264,17,4160,11,1104,6,4571,11,25203,72,29774,83,2,72,-5,221,20,4971,0,129,74
01-27-21,Lewis,1337,8,1098,5,239,3,1188,4,9172,42,10360,46,0,21,1,48,7,1268,0,38,23
01-27-21,Lincoln,3896,15,3070,14,826,1,3491,15,15481,93,18972,108,2,51,-6,126,19,3719,0,75,53
01-27-21,Loudon,5075,18,4140,8,935,10,4499,6,27338,90,31837,96,2,57,-11,189,27,4829,0,111,54
01-27-21,Macon,3162,9,2544,6,618,3,2982,6,13646,29,16628,35,2,56,0,101,7,3005,0,113,68
01-27-21,Madison,9535,32,5384,27,4151,5,6586,29,48993,102,55579,131,2,190,-24,-349,54,9694,0,320,212
01-27-21,Marion,2698,4,2346,3,352,1,2624,4,15473,93,18097,97,0,34,-12,123,16,2541,0,100,43
01-27-21,Marshall,3601,4,2999,3,602,1,3369,4,20588,33,23957,37,1,42,-19,197,22,3362,0,80,46
01-27-21,Maury,11372,28,10320,22,1052,6,11390,27,63814,148,75204,175,3,136,-21,498,46,10738,1,258,150
01-27-21,McMinn,5388,12,4895,8,493,4,5389,8,35841,118,41230,126,2,76,-14,224,24,5088,1,133,82
01-27-21,McNairy,2478,5,1759,4,719,1,2167,4,15782,95,17949,99,0,44,-10,29,15,2405,0,58,48
01-27-21,Meigs,1173,5,1077,4,96,1,1197,4,6691,18,7888,22,0,17,-2,64,7,1092,0,37,18
01-27-21,Monroe,4784,10,3944,6,840,4,4429,8,23098,41,27527,49,0,65,-14,228,24,4491,0,133,81
01-27-21,Montgomery,15723,97,11826,35,3897,62,12981,32,94268,263,107249,295,2,158,-18,995,113,14570,0,275,187
01-27-21,Moore,894,7,706,5,188,2,799,7,4323,15,5122,22,0,9,3,55,4,830,0,14,13
01-27-21,Morgan,2133,3,1631,3,502,0,1747,4,13545,19,15292,23,0,17,-9,91,12,2025,0,31,30
01-27-21,Obion,4207,4,3150,2,1057,2,3567,4,19753,61,23320,65,0,86,-7,96,11,4025,1,96,91
01-27-21,Out of State,15188,71,12237,55,2951,16,13743,62,531710,1509,545453,1571,2,86,-23,502,92,14600,3,181,76
01-27-21,Overton,2717,5,2078,5,639,0,2445,6,13299,22,15744,28,0,46,-6,98,11,2573,1,61,54
01-27-21,Pending,13832,70,9182,35,4650,35,10169,40,342581,966,352750,1006,7,154,-37,510,100,13168,0,120,114
01-27-21,Perry,986,3,862,3,124,0,961,1,5629,18,6590,19,0,25,0,4,3,957,0,28,25
01-27-21,Pickett,712,2,473,1,239,1,568,2,3138,30,3706,32,0,21,0,20,2,671,0,28,21
01-27-21,Polk,1521,14,1402,13,119,1,1555,13,7761,46,9316,59,0,17,2,97,12,1407,0,53,21
01-27-21,Putnam,9988,34,8356,20,1632,14,10006,23,62176,208,72182,231,0,153,1,306,33,9529,1,193,162
01-27-21,Rhea,3848,10,3399,7,449,3,3811,8,22841,107,26652,115,2,60,-13,106,21,3682,0,79,67
01-27-21,Roane,5335,11,4275,5,1060,6,4735,6,37062,87,41797,93,3,88,-25,137,33,5110,2,133,91
01-27-21,Robertson,8249,18,6759,10,1490,8,7630,13,37560,129,45190,142,1,89,-29,359,46,7801,0,378,108
01-27-21,Rutherford,35077,176,31288,133,3789,43,36503,142,195965,799,232468,941,8,307,-29,1185,197,33585,2,534,341
01-27-21,Scott,2603,3,1554,1,1049,2,1657,1,10131,36,11788,37,0,32,-13,101,16,2470,0,59,39
01-27-21,Sequatchie,1395,6,1161,5,234,1,1263,5,10621,19,11884,24,0,20,1,67,5,1308,0,32,24
01-27-21,Sevier,10989,35,9901,24,1088,11,10841,22,56271,136,67112,158,1,129,-24,349,58,10511,0,242,148
01-27-21,Shelby,81087,325,76319,277,4768,48,93621,310,783471,3499,877092,3809,12,1223,-135,3088,448,76776,15,3197,1395
01-27-21,Smith,2414,7,1891,4,523,3,2379,4,11886,29,14265,33,0,30,-2,57,9,2327,0,57,34
01-27-21,Stewart,1154,1,883,1,271,0,995,2,6052,11,7047,13,0,21,-3,74,4,1059,0,23,24
01-27-21,Sullivan,13178,33,11612,30,1566,3,12553,39,72496,355,85049,394,0,229,-47,362,80,12587,0,668,250
01-27-21,Sumner,19626,79,18113,64,1513,15,20481,70,102299,323,122780,393,3,248,-10,730,86,18648,1,667,287
01-27-21,Tipton,6490,15,4678,9,1812,6,5641,11,40755,93,46396,104,2,77,-20,230,33,6183,0,141,94
01-27-21,Trousdale,2328,2,2218,1,110,1,2376,2,8074,19,10450,21,0,17,-4,18,6,2293,0,36,21
01-27-21,Unicoi,1698,3,1347,0,351,3,1480,0,11575,17,13055,17,0,47,-1,57,4,1594,0,60,46
01-27-21,Union,1534,2,1320,2,214,0,1428,2,9179,24,10607,26,0,25,-9,70,11,1439,0,51,27
01-27-21,Van Buren,760,2,645,1,115,1,711,1,4640,4,5351,5,0,9,-2,27,4,724,0,18,15
01-27-21,Warren,5062,23,4389,20,673,3,4949,21,28469,117,33418,138,0,59,5,168,18,4835,0,78,69
01-27-21,Washington,12031,31,10460,22,1571,9,11518,27,69305,193,80823,220,2,211,-34,384,63,11436,3,310,217
01-27-21,Wayne,2755,7,2280,4,475,3,2497,6,10280,22,12777,28,0,25,-3,116,10,2614,0,51,28
01-27-21,Weakley,3606,7,2741,3,865,4,3125,14,19488,20,22613,34,2,52,-4,77,9,3477,0,55,55
01-27-21,White,3148,4,2656,2,492,2,3256,3,20254,36,23510,39,1,51,-14,90,17,3007,0,98,61
01-27-21,Williamson,22713,113,19914,91,2799,22,22140,90,154127,593,176267,683,12,166,-2,1062,103,21485,2,267,189
01-27-21,Wilson,15092,67,13914,58,1178,9,15866,57,85728,327,101594,384,5,175,-5,541,67,14376,1,310,194
01-26-21,Anderson,7248,28,5696,21,1552,7,6328,23,54225,163,60553,186,0,116,-36,326,64,6806,1,181,143
01-26-21,Bedford,5489,9,4457,6,1032,3,5149,10,27215,87,32364,97,3,95,-35,197,41,5197,0,115,110
01-26-21,Benton,1422,9,1175,3,247,6,1298,3,8163,13,9461,16,0,35,-2,50,11,1337,0,35,38
01-26-21,Bledsoe,1818,6,1702,6,116,0,1800,6,13189,28,14989,34,0,11,-3,25,9,1782,0,29,10
01-26-21,Blount,12972,38,11467,17,1505,21,12596,18,62240,200,74836,218,0,136,-51,554,89,12282,2,290,162
01-26-21,Bradley,11448,46,9844,31,1604,15,11159,35,54541,167,65700,202,3,104,-63,429,106,10915,3,467,125
01-26-21,Campbell,3462,11,2070,6,1392,5,2313,4,22850,46,25163,50,0,42,-19,179,30,3241,2,107,53
01-26-21,Cannon,1634,6,1362,6,272,0,1518,6,8018,24,9536,30,2,23,-9,61,13,1550,1,32,25
01-26-21,Carroll,3265,22,2195,13,1070,9,2600,11,17960,34,20560,45,0,62,3,145,19,3058,0,75,77
01-26-21,Carter,5539,17,4880,15,659,2,5341,16,31842,75,37183,91,3,124,-27,198,41,5217,0,200,142
01-26-21,Cheatham,3546,15,2862,14,684,1,3236,12,23198,60,26434,72,0,32,-13,134,28,3380,0,73,38
01-26-21,Chester,1857,4,1353,4,504,0,1615,4,10021,7,11636,11,0,39,-6,44,10,1774,0,38,44
01-26-21,Claiborne,2304,8,1540,2,764,6,1634,5,20108,62,21742,67,1,34,-27,226,34,2044,1,84,50
01-26-21,Clay,1012,0,701,0,311,0,802,0,5064,31,5866,31,0,26,-4,42,4,944,0,22,28
01-26-21,Cocke,3662,27,2593,5,1069,22,2855,6,18245,124,21100,130,3,66,-13,142,37,3454,1,101,87
01-26-21,Coffee,5825,13,4258,7,1567,6,5227,6,39820,153,45047,159,4,88,-20,221,29,5516,0,105,106
01-26-21,Crockett,1885,2,1153,1,732,1,1341,1,6615,17,7956,18,1,39,-1,29,2,1817,0,29,44
01-26-21,Cumberland,5745,6,4889,6,856,0,5600,5,43498,110,49098,115,2,79,-41,256,45,5410,0,136,108
01-26-21,Davidson,75271,461,71841,411,3430,50,87253,509,772241,4275,859494,4784,19,716,62,3829,380,70726,4,1798,763
01-26-21,Decatur,1483,1,1121,0,362,1,1335,0,10395,7,11730,7,1,28,-6,26,6,1429,0,36,32
01-26-21,Dekalb,2464,6,1880,6,584,0,2172,6,15090,12,17262,18,2,45,-19,54,23,2365,0,51,44
01-26-21,Dickson,5630,22,4225,21,1405,1,5021,22,30332,86,35353,108,3,85,-9,42,28,5503,1,113,95
01-26-21,Dyer,4987,15,3352,3,1635,12,3770,4,19748,42,23518,46,0,87,-18,195,33,4705,1,101,93
01-26-21,Fayette,4355,15,3831,11,524,4,4697,15,32148,107,36845,122,0,53,-37,229,52,4073,0,113,65
01-26-21,Fentress,2211,2,1938,2,273,0,2212,1,10455,9,12667,10,1,36,-14,65,15,2110,0,54,42
01-26-21,Franklin,4330,18,3698,13,632,5,4327,11,29893,62,34220,73,1,68,-9,182,26,4080,0,97,78
01-26-21,Gibson,5846,10,3593,7,2253,3,4348,8,26457,48,30805,56,1,118,-25,180,34,5548,0,97,128
01-26-21,Giles,3436,7,2938,2,498,5,3373,2,19979,38,23352,40,0,76,-17,178,24,3182,0,105,86
01-26-21,Grainger,2210,9,1698,2,512,7,1902,4,12110,30,14012,34,1,41,-24,109,32,2060,0,61,46
01-26-21,Greene,6841,14,5452,14,1389,0,6088,16,38541,100,44629,116,3,120,-36,303,47,6418,0,166,126
01-26-21,Grundy,1490,9,1293,9,197,0,1489,9,6795,18,8284,27,0,22,5,46,4,1422,0,53,25
01-26-21,Hamblen,7314,37,5452,14,1862,23,6095,15,40895,89,46990,104,9,128,-31,240,59,6946,0,229,152
01-26-21,Hamilton,36183,242,31979,186,4204,56,35817,192,271307,867,307124,1059,6,353,-21,694,257,35136,3,986,401
01-26-21,Hancock,453,4,331,2,122,2,354,2,3467,1,3821,3,0,7,-5,27,9,419,0,17,10
01-26-21,Hardeman,3231,7,2666,6,565,1,3119,6,22451,30,25570,36,1,55,-6,91,12,3085,0,95,60
01-26-21,Hardin,3172,7,2198,7,974,0,2624,8,20878,22,23502,30,1,51,-8,127,14,2994,0,58,59
01-26-21,Hawkins,4617,18,3875,13,742,5,4178,12,27294,73,31472,85,4,77,-42,219,56,4321,0,125,84
01-26-21,Haywood,2524,4,2120,0,404,4,2408,0,12301,15,14709,15,1,51,-20,64,23,2409,1,75,56
01-26-21,Henderson,3441,3,2433,2,1008,1,3064,5,14925,11,17989,16,3,62,-23,81,23,3298,0,73,67
01-26-21,Henry,2802,4,2218,4,584,0,2563,5,16254,38,18817,43,1,61,-29,80,32,2661,1,74,71
01-26-21,Hickman,2459,4,2050,4,409,0,2373,4,14249,45,16622,49,1,37,-11,62,14,2360,1,50,38
01-26-21,Houston,979,3,747,3,232,0,849,2,8181,7,9030,9,0,26,2,0,1,953,0,38,29
01-26-21,Humphreys,1405,5,960,0,445,5,1124,0,10258,21,11382,21,0,17,-5,23,10,1365,0,27,20
01-26-21,Jackson,1176,0,933,0,243,0,1089,0,4848,6,5937,6,0,24,-3,47,3,1105,0,35,29
01-26-21,Jefferson,5131,31,3668,16,1463,15,4124,17,32163,103,36287,120,0,78,-23,299,54,4754,1,154,99
01-26-21,Johnson,2045,4,1866,2,179,2,1986,1,12442,15,14428,16,0,35,-51,46,55,1964,0,56,37
01-26-21,Knox,41427,235,36065,172,5362,63,39329,191,271254,1038,310583,1229,3,455,-26,1913,258,39059,7,1155,496
01-26-21,Lake,1594,5,1418,2,176,3,1667,1,9033,6,10700,7,0,22,-1,43,6,1529,0,24,23
01-26-21,Lauderdale,2968,5,2331,3,637,2,2666,4,18582,34,21248,38,1,35,-20,88,24,2845,0,80,39
01-26-21,Lawrence,5247,16,4149,5,1098,11,4560,5,25131,71,29691,76,1,70,-27,226,42,4951,2,129,74
01-26-21,Lewis,1329,5,1093,1,236,4,1184,2,9130,17,10314,19,0,21,-9,47,14,1261,0,38,23
01-26-21,Lincoln,3881,2,3056,1,825,1,3476,4,15388,39,18864,43,2,49,-41,132,41,3700,0,75,53
01-26-21,Loudon,5057,26,4132,14,925,12,4493,11,27248,55,31741,66,3,55,-8,200,31,4802,0,111,54
01-26-21,Macon,3153,3,2538,2,615,1,2976,2,13617,12,16593,14,3,54,-18,101,18,2998,1,113,68
01-26-21,Madison,9503,33,5357,16,4146,17,6557,18,48891,128,55448,146,2,188,-25,-325,56,9640,1,320,210
01-26-21,Marion,2694,16,2343,11,351,5,2620,10,15380,39,18000,49,1,34,-3,135,18,2525,0,100,43
01-26-21,Marshall,3597,12,2996,4,601,8,3365,4,20555,61,23920,65,1,41,-32,216,43,3340,0,80,46
01-26-21,Maury,11344,65,10298,36,1046,29,11363,37,63666,225,75029,262,2,133,-9,519,72,10692,0,257,147
01-26-21,McMinn,5376,11,4887,10,489,1,5381,14,35723,83,41104,97,0,74,-20,238,31,5064,1,132,81
01-26-21,McNairy,2473,4,1755,3,718,1,2163,3,15687,14,17850,17,2,44,-24,39,26,2390,0,58,48
01-26-21,Meigs,1168,3,1073,2,95,1,1193,3,6673,14,7866,17,1,17,-8,66,10,1085,0,37,18
01-26-21,Monroe,4774,16,3938,13,836,3,4421,16,23057,63,27478,79,1,65,-31,242,46,4467,1,133,81
01-26-21,Montgomery,15626,117,11791,49,3835,68,12949,52,94005,283,106954,335,3,156,-41,1013,155,14457,1,275,186
01-26-21,Moore,887,5,701,3,186,2,792,3,4308,3,5100,6,0,9,2,52,3,826,0,14,13
01-26-21,Morgan,2130,2,1628,2,502,0,1743,2,13526,17,15269,19,1,17,-30,100,31,2013,0,31,29
01-26-21,Obion,4203,11,3148,9,1055,2,3563,9,19692,82,23255,91,3,86,-3,103,11,4014,0,95,91
01-26-21,Out of State,15117,63,12182,51,2935,12,13681,55,530201,1845,543882,1900,1,84,-40,525,102,14508,3,178,75
01-26-21,Overton,2712,2,2073,2,639,0,2439,2,13277,28,15716,30,0,46,-20,104,22,2562,0,60,54
01-26-21,Pending,13762,54,9147,34,4615,20,10129,37,341615,1204,351744,1241,7,147,-62,547,109,13068,0,120,114
01-26-21,Perry,983,1,859,1,124,0,960,1,5611,12,6571,13,0,25,-6,4,7,954,0,28,25
01-26-21,Pickett,710,4,472,0,238,4,566,0,3108,3,3674,3,1,21,-4,20,7,669,0,28,21
01-26-21,Polk,1507,13,1389,10,118,3,1542,11,7715,21,9257,32,0,17,-2,95,15,1395,0,53,20
01-26-21,Putnam,9954,16,8336,12,1618,4,9983,11,61968,59,71951,70,1,153,-54,305,69,9496,0,192,162
01-26-21,Rhea,3838,12,3392,11,446,1,3803,11,22734,82,26537,93,0,58,-16,119,28,3661,1,79,67
01-26-21,Roane,5324,17,4270,12,1054,5,4729,13,36975,77,41704,90,2,85,-27,162,42,5077,1,131,89
01-26-21,Robertson,8231,42,6749,30,1482,12,7617,32,37431,127,45048,159,0,88,-19,388,61,7755,3,378,106
01-26-21,Rutherford,34901,170,31155,133,3746,37,36361,152,195166,734,231527,886,1,299,-52,1214,221,33388,3,532,337
01-26-21,Scott,2600,3,1553,3,1047,0,1656,3,10095,21,11751,24,0,32,-19,114,22,2454,0,59,38
01-26-21,Sequatchie,1389,1,1156,1,233,0,1258,1,10602,11,11860,12,0,20,-10,66,11,1303,0,32,24
01-26-21,Sevier,10954,51,9877,40,1077,11,10819,42,56135,154,66954,196,5,128,-65,373,111,10453,0,242,147
01-26-21,Shelby,80762,393,76042,344,4720,49,93311,411,779972,3653,873283,4064,25,1211,-100,3223,468,76328,16,3182,1389
01-26-21,Smith,2407,1,1887,0,520,1,2375,1,11857,18,14232,19,0,30,-12,59,13,2318,0,57,33
01-26-21,Stewart,1153,10,882,6,271,4,993,5,6041,19,7034,24,1,21,5,77,4,1055,0,23,24
01-26-21,Sullivan,13145,32,11582,30,1563,2,12514,31,72141,342,84655,373,8,229,-66,409,90,12507,0,668,250
01-26-21,Sumner,19547,79,18049,67,1498,12,20411,75,101976,290,122387,365,8,245,-72,740,143,18562,2,666,286
01-26-21,Tipton,6475,27,4669,19,1806,8,5630,19,40662,150,46292,169,4,75,-17,250,40,6150,1,141,94
01-26-21,Trousdale,2326,0,2217,0,109,0,2374,0,8055,9,10429,9,0,17,-1,22,1,2287,0,36,21
01-26-21,Unicoi,1695,4,1347,2,348,2,1480,2,11558,19,13038,21,0,47,-23,58,27,1590,0,60,46
01-26-21,Union,1532,10,1318,7,214,3,1426,8,9155,37,10581,45,0,25,-6,79,16,1428,0,51,27
01-26-21,Van Buren,758,0,644,0,114,0,710,0,4636,4,5346,4,1,9,-3,29,2,720,0,18,15
01-26-21,Warren,5039,6,4369,6,670,0,4928,6,28352,60,33280,66,3,59,-26,163,29,4817,1,78,69
01-26-21,Washington,12000,38,10438,28,1562,10,11491,30,69112,166,80603,196,3,209,-54,418,89,11373,0,307,216
01-26-21,Wayne,2748,10,2276,1,472,9,2491,1,10258,20,12749,21,0,25,2,119,8,2604,0,51,28
01-26-21,Weakley,3599,20,2738,16,861,4,3111,4,19468,28,22579,32,2,50,5,81,13,3468,0,55,55
01-26-21,White,3144,2,2654,2,490,0,3253,2,20218,27,23471,29,1,50,-32,104,33,2990,0,98,61
01-26-21,Williamson,22600,167,19823,113,2777,54,22050,124,153534,604,175584,728,4,154,24,1064,139,21382,2,265,188
01-26-21,Wilson,15025,71,13856,60,1169,11,15809,65,85401,266,101210,331,3,170,-13,546,81,14309,1,309,194
01-25-21,Anderson,7220,18,5675,11,1545,7,6305,12,54062,60,60367,72,2,116,-48,362,64,6742,1,180,140
01-25-21,Bedford,5480,20,4451,8,1029,12,5139,11,27128,21,32267,32,1,92,-16,232,35,5156,2,115,110
01-25-21,Benton,1413,2,1172,0,241,2,1295,0,8150,3,9445,3,0,35,-13,52,15,1326,0,35,38
01-25-21,Bledsoe,1812,4,1696,2,116,2,1794,2,13161,9,14955,11,0,11,-8,28,12,1773,0,29,10
01-25-21,Blount,12934,52,11450,21,1484,31,12578,23,62040,83,74618,106,2,136,-37,605,87,12193,2,288,162
01-25-21,Bradley,11402,60,9813,37,1589,23,11124,48,54374,148,65498,196,3,101,-51,492,108,10809,1,464,125
01-25-21,Campbell,3451,6,2064,1,1387,5,2309,1,22804,17,25113,18,1,42,-19,198,24,3211,0,105,53
01-25-21,Cannon,1628,2,1356,1,272,1,1512,1,7994,8,9506,9,1,21,-14,70,15,1537,0,31,25
01-25-21,Carroll,3243,5,2182,4,1061,1,2589,3,17926,5,20515,8,1,62,-26,142,30,3039,0,75,75
01-25-21,Carter,5522,17,4865,13,657,4,5325,13,31767,28,37092,41,2,121,-5,225,20,5176,0,200,142
01-25-21,Cheatham,3531,9,2848,5,683,4,3224,4,23138,24,26362,28,1,32,-14,147,22,3352,1,73,38
01-25-21,Chester,1853,6,1349,6,504,0,1611,5,10014,6,11625,11,0,39,-13,50,19,1764,0,38,43
01-25-21,Claiborne,2296,14,1538,4,758,10,1629,5,20046,9,21675,14,0,33,-10,253,24,2010,0,83,48
01-25-21,Clay,1012,5,701,1,311,4,802,1,5033,4,5835,5,0,26,-6,46,11,940,0,22,28
01-25-21,Cocke,3635,10,2588,2,1047,8,2849,3,18121,25,20970,28,2,63,-19,155,27,3417,1,100,87
01-25-21,Coffee,5812,5,4251,1,1561,4,5221,1,39667,19,44888,20,2,84,-51,241,54,5487,0,105,104
01-25-21,Crockett,1883,5,1152,1,731,4,1340,1,6598,5,7938,6,0,38,-6,30,11,1815,0,29,44
01-25-21,Cumberland,5739,5,4883,5,856,0,5595,6,43388,19,48983,25,1,77,-57,297,61,5365,0,136,107
01-25-21,Davidson,74810,162,71430,127,3380,35,86744,148,767966,3816,854710,3964,4,697,-270,3767,428,70346,1,1794,759
01-25-21,Decatur,1482,1,1121,1,361,0,1335,1,10388,5,11723,6,0,27,-3,32,4,1423,0,36,32
01-25-21,Dekalb,2458,8,1874,7,584,1,2166,6,15078,10,17244,16,1,43,2,73,5,2342,1,51,44
01-25-21,Dickson,5608,8,4204,3,1404,5,4999,4,30246,31,35245,35,0,82,-38,51,46,5475,0,112,94
01-25-21,Dyer,4972,7,3349,2,1623,5,3766,3,19706,8,23472,11,1,87,-27,213,33,4672,0,100,93
01-25-21,Fayette,4340,5,3820,5,520,0,4682,5,32041,48,36723,53,1,53,-34,266,38,4021,0,113,62
01-25-21,Fentress,2209,1,1936,1,273,0,2211,1,10446,3,12657,4,0,35,-21,79,22,2095,0,54,42
01-25-21,Franklin,4312,11,3685,10,627,1,4316,13,29831,29,34147,42,2,67,-16,191,25,4054,0,97,78
01-25-21,Gibson,5836,10,3586,4,2250,6,4340,6,26409,17,30749,23,1,117,-42,205,51,5514,1,97,126
01-25-21,Giles,3429,18,2936,7,493,11,3371,8,19941,15,23312,23,0,76,-10,195,28,3158,0,105,85
01-25-21,Grainger,2201,7,1696,2,505,5,1898,2,12080,3,13978,5,1,40,-6,133,12,2028,0,61,46
01-25-21,Greene,6827,7,5438,6,1389,1,6072,9,38441,24,44513,33,1,117,-48,339,54,6371,0,166,125
01-25-21,Grundy,1481,2,1284,1,197,1,1480,1,6777,8,8257,9,0,22,-6,41,8,1418,0,53,25
01-25-21,Hamblen,7277,17,5438,11,1839,6,6080,13,40806,47,46886,60,1,119,-50,271,66,6887,1,229,152
01-25-21,Hamilton,35941,119,31793,105,4148,14,35625,104,270440,285,306065,389,9,347,-177,715,287,34879,2,983,401
01-25-21,Hancock,449,3,329,1,120,2,352,1,3466,1,3818,2,0,7,-6,32,9,410,0,17,10
01-25-21,Hardeman,3224,5,2660,2,564,3,3113,2,22421,13,25534,15,0,54,-12,97,17,3073,0,95,58
01-25-21,Hardin,3165,7,2191,5,974,2,2616,3,20856,17,23472,20,0,50,-17,135,24,2980,0,58,58
01-25-21,Hawkins,4599,5,3862,4,737,1,4166,4,27221,17,31387,21,1,73,-18,261,22,4265,0,125,83
01-25-21,Haywood,2520,0,2120,0,400,0,2408,1,12286,3,14694,4,2,50,-12,84,10,2386,0,74,56
01-25-21,Henderson,3438,10,2431,7,1007,3,3059,9,14914,26,17973,35,0,59,-11,104,21,3275,0,73,67
01-25-21,Henry,2798,7,2214,7,584,0,2558,9,16216,11,18774,20,1,60,-8,109,14,2629,0,73,69
01-25-21,Hickman,2455,5,2046,3,409,2,2369,2,14204,11,16573,13,1,36,-11,73,15,2346,0,49,38
01-25-21,Houston,976,1,744,1,232,0,847,1,8174,2,9021,3,1,26,-11,-2,11,952,0,38,29
01-25-21,Humphreys,1400,5,960,3,440,2,1124,2,10237,11,11361,13,0,17,-8,28,13,1355,0,27,20
01-25-21,Jackson,1176,7,933,6,243,1,1089,6,4842,4,5931,10,1,24,4,50,2,1102,0,35,28
01-25-21,Jefferson,5100,11,3652,3,1448,8,4107,3,32060,62,36167,65,0,78,-43,322,54,4700,0,153,99
01-25-21,Johnson,2041,6,1864,5,177,1,1985,5,12427,19,14412,24,1,35,-6,97,11,1909,0,56,36
01-25-21,Knox,41192,155,35893,104,5299,51,39138,115,270216,416,309354,531,9,452,-201,1939,347,38801,1,1148,489
01-25-21,Lake,1589,1,1416,1,173,0,1666,2,9027,0,10693,2,1,22,-13,44,13,1523,0,24,23
01-25-21,Lauderdale,2963,4,2328,4,635,0,2662,4,18548,15,21210,19,0,34,-11,108,15,2821,1,80,39
01-25-21,Lawrence,5231,18,4144,5,1087,13,4555,6,25060,28,29615,34,0,69,-11,253,29,4909,1,127,74
01-25-21,Lewis,1324,2,1092,2,232,0,1182,1,9113,3,10295,4,0,21,-4,56,6,1247,0,38,23
01-25-21,Lincoln,3879,4,3055,2,824,2,3472,4,15349,6,18821,10,0,47,-12,173,16,3659,0,75,52
01-25-21,Loudon,5031,22,4118,14,913,8,4482,15,27193,29,31675,44,0,52,-25,208,47,4771,0,111,54
01-25-21,Macon,3150,18,2536,5,614,13,2974,8,13605,7,16579,15,0,51,1,119,17,2980,0,112,67
01-25-21,Madison,9470,17,5341,9,4129,8,6539,11,48763,32,55302,43,3,186,-63,-300,77,9584,1,319,209
01-25-21,Marion,2678,9,2332,7,346,2,2610,9,15341,15,17951,24,0,33,-12,138,21,2507,0,100,43
01-25-21,Marshall,3585,8,2992,6,593,2,3361,6,20494,11,23855,17,1,40,-31,248,38,3297,1,80,46
01-25-21,Maury,11279,25,10262,23,1017,2,11326,26,63441,58,74767,84,0,131,-42,528,67,10620,1,257,146
01-25-21,McMinn,5365,27,4877,23,488,4,5367,26,35640,44,41007,70,0,74,-15,258,42,5033,0,131,81
01-25-21,McNairy,2469,9,1752,7,717,2,2160,6,15673,8,17833,14,0,42,-17,63,26,2364,1,58,48
01-25-21,Meigs,1165,5,1071,3,94,2,1190,3,6659,8,7849,11,0,16,-10,74,15,1075,0,37,18
01-25-21,Monroe,4758,6,3925,4,833,2,4405,7,22994,26,27399,33,1,64,-24,273,29,4421,1,132,80
01-25-21,Montgomery,15509,48,11742,30,3767,18,12897,34,93722,208,106619,242,4,153,-112,1054,156,14302,0,274,185
01-25-21,Moore,882,3,698,3,184,0,789,3,4305,3,5094,6,0,9,-5,50,8,823,0,14,13
01-25-21,Morgan,2128,8,1626,2,502,6,1741,2,13509,8,15250,10,0,16,-22,130,30,1982,0,31,28
01-25-21,Obion,4192,5,3139,3,1053,2,3554,4,19610,28,23164,32,0,83,-23,106,28,4003,0,95,90
01-25-21,Out of State,15054,22,12131,21,2923,1,13626,25,528356,792,541982,817,0,83,-120,565,142,14406,0,175,75
01-25-21,Overton,2710,2,2071,0,639,2,2437,2,13249,3,15686,5,0,46,-25,124,27,2540,0,60,54
01-25-21,Pending,13708,40,9113,28,4595,12,10092,30,340411,663,350503,693,3,140,-120,609,157,12959,0,120,114
01-25-21,Perry,982,4,858,3,124,1,959,4,5599,1,6558,5,0,25,-1,10,5,947,1,28,25
01-25-21,Pickett,706,1,472,0,234,1,566,0,3105,0,3671,0,0,20,-16,24,17,662,0,28,21
01-25-21,Polk,1494,4,1379,3,115,1,1531,3,7694,16,9225,19,0,17,-8,97,12,1380,0,53,20
01-25-21,Putnam,9938,17,8324,6,1614,11,9972,9,61909,28,71881,37,0,152,-39,359,56,9427,1,192,159
01-25-21,Rhea,3826,3,3381,1,445,2,3792,2,22652,21,26444,23,1,58,-27,135,29,3633,0,78,66
01-25-21,Roane,5307,19,4258,14,1049,5,4716,17,36898,40,41614,57,1,83,-20,189,38,5035,0,130,87
01-25-21,Robertson,8189,18,6719,6,1470,12,7585,5,37304,31,44889,36,1,88,-39,407,56,7694,0,375,106
01-25-21,Rutherford,34731,84,31022,56,3709,28,36209,62,194432,290,230641,352,2,298,-171,1266,253,33167,2,529,332
01-25-21,Scott,2597,0,1550,0,1047,0,1653,1,10074,26,11727,27,0,32,-16,133,16,2432,0,59,38
01-25-21,Sequatchie,1388,11,1155,4,233,7,1257,4,10591,15,11848,19,1,20,0,76,10,1292,0,32,24
01-25-21,Sevier,10903,42,9837,35,1066,7,10777,42,55981,81,66758,123,1,123,-34,438,75,10342,1,242,147
01-25-21,Shelby,80369,195,75698,158,4671,37,92900,198,776319,1447,869219,1645,8,1186,-391,3323,578,75860,12,3166,1380
01-25-21,Smith,2406,3,1887,1,519,2,2374,1,11839,16,14213,17,0,30,-8,71,11,2305,0,57,33
01-25-21,Stewart,1143,1,876,1,267,0,988,1,6022,6,7010,7,0,20,-5,72,6,1051,0,23,24
01-25-21,Sullivan,13113,46,11552,44,1561,2,12483,38,71799,114,84282,152,1,221,-66,475,111,12417,8,668,250
01-25-21,Sumner,19468,27,17982,15,1486,12,20336,20,101686,127,122022,147,5,237,-142,812,164,18419,1,664,284
01-25-21,Tipton,6448,12,4650,7,1798,5,5611,8,40512,20,46123,28,2,71,-53,267,63,6110,0,140,92
01-25-21,Trousdale,2326,4,2217,0,109,4,2374,0,8046,4,10420,4,1,17,-7,23,10,2286,0,36,21
01-25-21,Unicoi,1691,0,1345,0,346,0,1478,0,11539,6,13017,6,2,47,-12,81,10,1563,0,60,46
01-25-21,Union,1522,9,1311,7,211,2,1418,9,9118,4,10536,13,0,25,6,85,3,1412,0,51,26
01-25-21,Van Buren,758,1,644,1,114,0,710,1,4632,5,5342,6,0,8,-11,32,12,718,0,18,15
01-25-21,Warren,5033,4,4363,3,670,1,4922,4,28292,7,33214,11,1,56,-33,189,36,4788,0,77,68
01-25-21,Washington,11962,25,10410,15,1552,10,11461,14,68946,69,80407,83,1,206,-55,472,79,11284,1,307,216
01-25-21,Wayne,2738,4,2275,1,463,3,2490,1,10238,8,12728,9,1,25,-4,117,7,2596,0,51,28
01-25-21,Weakley,3579,7,2722,5,857,2,3107,3,19440,22,22547,25,0,48,-10,76,17,3455,0,55,53
01-25-21,White,3142,5,2652,2,490,3,3251,2,20191,11,23442,13,2,49,-9,136,12,2957,0,98,60
01-25-21,Williamson,22433,96,19710,51,2723,45,21926,52,152930,302,174856,354,6,150,-70,1040,160,21243,1,263,185
01-25-21,Wilson,14954,22,13796,14,1158,8,15744,16,85135,97,100879,113,3,167,-84,559,103,14228,2,308,190
01-24-21,Anderson,7202,13,5664,12,1538,1,6293,15,54002,69,60295,84,0,114,-22,410,35,6678,0,179,138
01-24-21,Bedford,5460,9,4443,5,1017,4,5128,5,27107,71,32235,76,0,91,-16,248,25,5121,0,113,109
01-24-21,Benton,1411,2,1172,2,239,0,1295,2,8147,6,9442,8,0,35,-1,65,3,1311,0,35,38
01-24-21,Bledsoe,1808,1,1694,1,114,0,1792,1,13152,11,14944,12,0,11,-4,36,5,1761,0,29,10
01-24-21,Blount,12882,23,11429,17,1453,6,12555,17,61957,109,74512,126,1,134,-40,642,62,12106,0,286,162
01-24-21,Bradley,11342,49,9776,37,1566,12,11076,42,54226,90,65302,132,0,98,-6,543,55,10701,7,463,125
01-24-21,Campbell,3445,3,2063,3,1382,0,2308,3,22787,28,25095,31,1,41,-14,217,16,3187,0,105,53
01-24-21,Cannon,1626,0,1355,0,271,0,1511,0,7986,19,9497,19,0,20,-6,84,6,1522,0,31,25
01-24-21,Carroll,3238,2,2178,2,1060,0,2586,3,17921,32,20507,35,1,61,-9,168,10,3009,0,75,75
01-24-21,Carter,5505,15,4852,15,653,0,5312,14,31739,100,37051,114,3,119,-9,230,21,5156,0,200,141
01-24-21,Cheatham,3522,6,2843,6,679,0,3220,7,23114,56,26334,63,0,31,-14,161,20,3330,0,72,38
01-24-21,Chester,1847,2,1343,2,504,0,1606,2,10008,82,11614,84,0,39,-8,63,10,1745,0,38,43
01-24-21,Claiborne,2282,15,1534,9,748,6,1624,10,20037,105,21661,115,1,33,-11,263,25,1986,2,83,47
01-24-21,Clay,1007,0,700,0,307,0,801,0,5029,4,5830,4,0,26,-1,52,1,929,0,22,28
01-24-21,Cocke,3625,22,2586,20,1039,2,2846,22,18096,47,20942,69,1,61,7,174,14,3390,0,99,86
01-24-21,Coffee,5807,6,4250,5,1557,1,5220,7,39648,55,44868,62,0,82,-17,292,23,5433,1,105,104
01-24-21,Crockett,1878,3,1151,3,727,0,1339,4,6593,11,7932,15,0,38,-6,36,9,1804,0,29,44
01-24-21,Cumberland,5734,8,4878,7,856,1,5589,8,43369,52,48958,60,0,76,-20,354,28,5304,0,136,106
01-24-21,Davidson,74648,161,71303,138,3345,23,86596,170,764150,1316,850746,1486,1,693,-95,4037,255,69918,1,1793,753
01-24-21,Decatur,1481,0,1120,0,361,0,1334,0,10383,10,11717,10,-1,27,-2,35,3,1419,0,36,32
01-24-21,Dekalb,2450,1,1867,1,583,0,2160,1,15068,13,17228,14,0,42,-2,71,3,2337,0,50,44
01-24-21,Dickson,5600,6,4201,5,1399,1,4995,7,30215,40,35210,47,0,82,-21,89,27,5429,1,112,94
01-24-21,Dyer,4965,4,3347,2,1618,2,3763,3,19698,17,23461,20,0,86,-14,240,18,4639,0,100,93
01-24-21,Fayette,4335,18,3815,11,520,7,4677,12,31993,80,36670,92,1,52,-3,300,20,3983,2,113,62
01-24-21,Fentress,2208,3,1935,3,273,0,2210,3,10443,10,12653,13,1,35,-2,100,4,2073,0,54,42
01-24-21,Franklin,4301,9,3675,7,626,2,4303,7,29802,79,34105,86,0,65,-8,207,17,4029,0,97,76
01-24-21,Gibson,5826,6,3582,3,2244,3,4334,3,26392,48,30726,51,0,116,-14,247,20,5463,0,96,126
01-24-21,Giles,3411,6,2929,6,482,0,3363,7,19926,28,23289,35,0,76,-10,205,16,3130,0,105,85
01-24-21,Grainger,2194,9,1694,6,500,3,1896,7,12077,26,13973,33,0,39,-4,139,13,2016,1,61,46
01-24-21,Greene,6820,11,5432,11,1388,0,6063,14,38417,139,44480,153,1,116,-12,387,22,6317,0,166,125
01-24-21,Grundy,1479,5,1283,5,196,0,1479,4,6769,22,8248,26,0,22,0,47,5,1410,0,53,25
01-24-21,Hamblen,7260,11,5427,6,1833,5,6067,8,40759,115,46826,123,1,118,-27,321,37,6821,0,228,149
01-24-21,Hamilton,35822,115,31688,96,4134,19,35521,105,270155,572,305676,677,1,338,-133,892,247,34592,0,981,396
01-24-21,Hancock,446,3,328,3,118,0,351,3,3465,7,3816,10,0,7,-1,38,4,401,0,17,10
01-24-21,Hardeman,3219,3,2658,3,561,0,3111,4,22408,22,25519,26,0,54,-5,109,8,3056,0,95,58
01-24-21,Hardin,3158,2,2186,2,972,0,2613,2,20839,42,23452,44,0,50,-5,152,7,2956,0,58,58
01-24-21,Hawkins,4594,10,3858,10,736,0,4162,11,27204,61,31366,72,0,72,-8,279,18,4243,0,125,81
01-24-21,Haywood,2520,1,2120,1,400,0,2407,3,12283,16,14690,19,1,48,-8,96,8,2376,0,74,55
01-24-21,Henderson,3428,2,2424,2,1004,0,3050,3,14888,24,17938,27,0,59,-8,115,10,3254,0,73,67
01-24-21,Henry,2791,6,2207,6,584,0,2549,6,16205,23,18754,29,1,59,-10,117,15,2615,0,73,66
01-24-21,Hickman,2450,4,2043,4,407,0,2367,5,14193,20,16560,25,0,35,-9,84,13,2331,0,49,38
01-24-21,Houston,975,0,743,0,232,0,846,0,8172,5,9018,5,1,25,-2,9,1,941,0,38,29
01-24-21,Humphreys,1395,2,957,2,438,0,1122,2,10226,10,11348,12,0,17,-7,36,9,1342,0,27,19
01-24-21,Jackson,1169,3,927,3,242,0,1083,3,4838,9,5921,12,0,23,1,46,2,1100,0,35,28
01-24-21,Jefferson,5089,12,3649,9,1440,3,4104,11,31998,65,36102,76,0,78,-11,365,23,4646,1,153,97
01-24-21,Johnson,2035,1,1859,1,176,0,1980,1,12408,21,14388,22,0,34,0,103,1,1898,0,56,36
01-24-21,Knox,41037,155,35789,103,5248,52,39023,108,269800,791,308823,899,4,443,-103,2140,254,38454,2,1147,485
01-24-21,Lake,1588,0,1415,0,173,0,1664,0,9027,8,10691,8,0,21,-1,57,1,1510,0,24,23
01-24-21,Lauderdale,2959,8,2324,7,635,1,2658,7,18533,36,21191,43,0,34,-4,119,12,2806,0,79,37
01-24-21,Lawrence,5213,5,4139,5,1074,0,4549,5,25032,44,29581,49,0,69,-20,264,25,4880,0,126,74
01-24-21,Lewis,1322,0,1090,0,232,0,1181,0,9110,10,10291,10,0,21,-6,60,6,1241,0,38,23
01-24-21,Lincoln,3875,2,3053,2,822,0,3468,3,15343,27,18811,30,1,47,-10,185,11,3643,0,75,51
01-24-21,Loudon,5009,16,4104,6,905,10,4467,6,27164,40,31631,46,1,52,-15,233,30,4724,2,111,53
01-24-21,Macon,3132,2,2531,2,601,0,2966,3,13598,16,16564,19,0,51,-9,118,11,2963,1,112,67
01-24-21,Madison,9453,19,5332,16,4121,3,6528,16,48731,125,55259,141,0,183,-14,-237,33,9507,1,318,208
01-24-21,Marion,2669,5,2325,3,344,2,2601,3,15326,52,17927,55,1,33,-25,150,29,2486,0,100,43
01-24-21,Marshall,3577,8,2986,8,591,0,3355,8,20483,34,23838,42,1,39,-19,279,26,3259,0,79,46
01-24-21,Maury,11254,28,10239,24,1015,4,11300,30,63383,118,74683,148,0,131,-26,570,54,10553,0,256,144
01-24-21,McMinn,5338,18,4854,18,484,0,5341,19,35596,61,40937,80,0,74,-4,273,22,4991,0,131,81
01-24-21,McNairy,2460,1,1745,1,715,0,2154,2,15665,33,17819,35,0,42,-10,80,11,2338,0,57,48
01-24-21,Meigs,1160,3,1068,3,92,0,1187,3,6651,13,7838,16,0,16,1,84,2,1060,0,37,18
01-24-21,Monroe,4752,4,3921,4,831,0,4398,4,22968,25,27366,29,0,63,-21,297,25,4392,0,131,79
01-24-21,Montgomery,15461,39,11712,30,3749,9,12863,32,93514,173,106377,205,0,149,-137,1166,176,14146,2,274,184
01-24-21,Moore,879,2,695,2,184,0,786,2,4302,4,5088,6,0,9,-1,55,3,815,0,14,13
01-24-21,Morgan,2120,4,1624,3,496,1,1739,3,13501,6,15240,9,0,16,-8,152,12,1952,1,31,27
01-24-21,Obion,4187,1,3136,1,1051,0,3550,1,19582,78,23132,79,1,83,-9,129,9,3975,0,95,90
01-24-21,Out of State,15032,26,12110,21,2922,5,13601,29,527564,758,541165,787,0,83,-19,685,45,14264,2,175,75
01-24-21,Overton,2708,3,2071,3,637,0,2435,3,13246,13,15681,16,0,46,-7,149,10,2513,0,60,54
01-24-21,Pending,13668,17,9085,16,4583,1,10062,20,339748,632,349810,652,3,137,-81,729,95,12802,0,120,112
01-24-21,Perry,978,1,855,1,123,0,955,2,5598,9,6553,11,0,25,-1,11,2,942,0,27,25
01-24-21,Pickett,705,0,472,0,233,0,566,1,3105,3,3671,4,0,20,-2,40,2,645,0,28,21
01-24-21,Polk,1490,5,1376,4,114,1,1528,4,7678,10,9206,14,0,17,0,105,5,1368,0,53,20
01-24-21,Putnam,9921,11,8318,10,1603,1,9963,10,61881,69,71844,79,0,152,-9,398,20,9371,0,191,158
01-24-21,Rhea,3823,5,3380,5,443,0,3790,5,22631,45,26421,50,0,57,-10,162,15,3604,0,78,66
01-24-21,Roane,5288,14,4244,10,1044,4,4699,11,36858,59,41557,70,1,82,-8,209,21,4997,0,130,87
01-24-21,Robertson,8171,15,6713,10,1458,5,7580,11,37273,66,44853,77,0,87,-34,446,49,7638,1,375,106
01-24-21,Rutherford,34647,87,30966,68,3681,19,36147,75,194142,519,230289,594,1,296,-87,1437,173,32914,2,527,331
01-24-21,Scott,2597,2,1550,2,1047,0,1652,2,10048,8,11700,10,0,32,-7,149,9,2416,0,59,38
01-24-21,Sequatchie,1377,2,1151,2,226,0,1253,2,10576,19,11829,21,0,19,-2,76,4,1282,0,32,24
01-24-21,Sevier,10861,27,9802,21,1059,6,10735,25,55900,122,66635,147,1,122,-17,472,43,10267,0,241,145
01-24-21,Shelby,80174,235,75540,210,4634,25,92702,274,774872,2135,867574,2409,6,1178,-91,3714,320,75282,3,3154,1371
01-24-21,Smith,2403,0,1886,0,517,0,2373,1,11823,22,14196,23,0,30,-8,79,8,2294,0,57,33
01-24-21,Stewart,1142,1,875,1,267,0,987,2,6016,6,7003,8,0,20,-5,77,6,1045,0,23,24
01-24-21,Sullivan,13067,28,11508,28,1559,0,12445,31,71685,290,84130,321,0,220,-26,541,54,12306,1,660,248
01-24-21,Sumner,19441,46,17967,39,1474,7,20316,44,101559,206,121875,250,0,232,-37,954,83,18255,1,663,283
01-24-21,Tipton,6436,12,4643,6,1793,6,5603,7,40492,94,46095,101,0,69,-11,320,23,6047,0,140,91
01-24-21,Trousdale,2322,0,2217,0,105,0,2374,0,8042,12,10416,12,1,16,-4,30,3,2276,0,36,21
01-24-21,Unicoi,1691,1,1345,1,346,0,1478,1,11533,21,13011,22,0,45,-6,93,7,1553,0,60,46
01-24-21,Union,1513,3,1304,2,209,1,1409,1,9114,21,10523,22,0,25,-2,79,5,1409,0,51,26
01-24-21,Van Buren,757,1,643,1,114,0,709,1,4627,26,5336,27,0,8,-2,43,3,706,1,18,14
01-24-21,Warren,5029,3,4360,3,669,0,4918,4,28285,64,33203,68,0,55,-14,222,17,4752,0,77,67
01-24-21,Washington,11937,12,10395,12,1542,0,11447,17,68877,181,80324,198,1,205,-26,527,37,11205,2,306,215
01-24-21,Wayne,2734,1,2274,1,460,0,2489,4,10230,20,12719,24,0,24,-3,121,4,2589,0,51,28
01-24-21,Weakley,3572,4,2717,4,855,0,3104,5,19418,41,22522,46,0,48,-7,86,11,3438,0,55,53
01-24-21,White,3137,2,2650,0,487,2,3249,1,20180,33,23429,34,1,47,-5,145,6,2945,0,98,59
01-24-21,Williamson,22337,83,19659,66,2678,17,21874,70,152628,389,174502,459,0,144,-62,1110,145,21083,1,262,179
01-24-21,Wilson,14932,39,13782,31,1150,8,15728,37,85038,347,100766,384,0,164,-7,643,46,14125,1,306,189
01-23-21,Anderson,7189,39,5652,14,1537,25,6278,15,53933,259,60211,274,0,114,9,432,30,6643,1,179,136
01-23-21,Bedford,5451,35,4438,26,1013,9,5123,31,27036,179,32159,210,0,91,11,264,24,5096,2,113,109
01-23-21,Benton,1409,6,1170,2,239,4,1293,2,8141,24,9434,26,0,35,4,66,2,1308,0,35,38
01-23-21,Bledsoe,1807,4,1693,3,114,1,1791,3,13141,23,14932,26,0,11,0,40,4,1756,0,29,10
01-23-21,Blount,12859,68,11412,42,1447,26,12538,49,61848,225,74386,274,1,133,3,682,64,12044,1,286,161
01-23-21,Bradley,11293,72,9739,51,1554,21,11034,57,54136,435,65170,492,3,98,10,549,59,10646,2,456,124
01-23-21,Campbell,3442,28,2060,7,1382,21,2305,8,22759,69,25064,77,0,40,11,231,17,3171,1,105,53
01-23-21,Cannon,1626,6,1355,3,271,3,1511,4,7967,25,9478,29,0,20,-3,90,9,1516,0,31,24
01-23-21,Carroll,3236,12,2176,3,1060,9,2583,5,17889,48,20472,53,0,60,-3,177,15,2999,0,75,75
01-23-21,Carter,5490,19,4837,16,653,3,5298,22,31639,217,36937,239,1,116,1,239,17,5135,0,200,140
01-23-21,Cheatham,3516,19,2837,7,679,12,3213,12,23058,116,26271,128,0,31,-9,175,28,3310,0,72,38
01-23-21,Chester,1845,13,1341,7,504,6,1604,7,9926,41,11530,48,0,39,2,71,11,1735,0,38,43
01-23-21,Claiborne,2267,14,1525,8,742,6,1614,9,19932,115,21546,124,0,32,-5,274,19,1961,1,81,47
01-23-21,Clay,1007,7,700,2,307,5,801,2,5025,16,5826,18,0,26,2,53,5,928,0,22,28
01-23-21,Cocke,3603,23,2566,10,1037,13,2824,10,18049,89,20873,99,2,60,1,167,20,3376,1,99,85
01-23-21,Coffee,5801,39,4245,17,1556,22,5213,21,39593,176,44806,197,0,82,23,309,16,5410,0,104,101
01-23-21,Crockett,1875,5,1148,1,727,4,1335,2,6582,23,7917,25,0,38,-1,42,6,1795,0,29,44
01-23-21,Cumberland,5726,26,4871,19,855,7,5581,27,43317,170,48898,197,0,76,-3,374,29,5276,1,136,106
01-23-21,Davidson,74487,429,71165,365,3322,64,86426,522,762834,4350,849260,4872,4,692,143,4132,282,69663,5,1792,747
01-23-21,Decatur,1481,2,1120,0,361,2,1334,0,10373,18,11707,18,0,28,-1,37,3,1416,0,36,32
01-23-21,Dekalb,2449,6,1866,3,583,3,2159,5,15055,39,17214,44,0,42,0,73,6,2334,0,50,44
01-23-21,Dickson,5594,52,4196,17,1398,35,4988,20,30175,125,35163,145,0,82,38,110,14,5402,2,111,92
01-23-21,Dyer,4961,31,3345,15,1616,16,3760,15,19681,71,23441,86,0,86,11,254,20,4621,0,100,92
01-23-21,Fayette,4317,40,3804,22,513,18,4665,35,31913,294,36578,329,0,51,7,303,33,3963,0,111,61
01-23-21,Fentress,2205,11,1932,8,273,3,2207,10,10433,98,12640,108,0,34,3,102,8,2069,0,54,42
01-23-21,Franklin,4292,42,3668,31,624,11,4296,33,29723,225,34019,258,0,65,20,215,22,4012,1,97,76
01-23-21,Gibson,5820,30,3579,11,2241,19,4331,13,26344,111,30675,124,2,116,9,261,19,5443,1,96,126
01-23-21,Giles,3405,19,2923,17,482,2,3356,19,19898,150,23254,169,2,76,3,215,14,3114,0,105,83
01-23-21,Grainger,2185,10,1688,3,497,7,1889,3,12051,43,13940,46,0,39,2,143,8,2003,1,60,46
01-23-21,Greene,6809,37,5421,19,1388,18,6049,23,38278,320,44327,343,0,115,7,399,30,6295,0,166,124
01-23-21,Grundy,1474,1,1278,1,196,0,1475,2,6747,56,8222,58,0,22,-4,47,5,1405,0,53,25
01-23-21,Hamblen,7249,45,5421,13,1828,32,6059,20,40644,125,46703,145,0,117,-6,348,51,6784,1,228,148
01-23-21,Hamilton,35707,240,31592,192,4115,48,35416,229,269583,1594,304999,1823,0,337,11,1025,229,34345,3,981,394
01-23-21,Hancock,443,4,325,2,118,2,348,2,3458,17,3806,19,0,7,4,39,0,397,0,17,10
01-23-21,Hardeman,3216,15,2655,6,561,9,3107,6,22386,67,25493,73,0,54,10,114,5,3048,0,95,57
01-23-21,Hardin,3156,20,2184,9,972,11,2611,10,20797,101,23408,111,0,50,17,157,3,2949,1,58,57
01-23-21,Hawkins,4584,31,3848,22,736,9,4151,26,27143,329,31294,355,0,72,1,287,30,4225,0,125,81
01-23-21,Haywood,2519,11,2119,4,400,7,2404,6,12267,33,14671,39,0,47,2,104,9,2368,0,74,55
01-23-21,Henderson,3426,15,2422,10,1004,5,3047,13,14864,34,17911,47,0,59,5,123,10,3244,1,73,66
01-23-21,Henry,2785,17,2201,6,584,11,2543,9,16182,50,18725,59,0,58,9,127,8,2600,0,73,65
01-23-21,Hickman,2446,15,2039,9,407,6,2362,9,14173,95,16535,104,0,35,11,93,4,2318,1,49,38
01-23-21,Houston,975,4,743,3,232,1,846,5,8167,29,9013,34,0,24,-1,11,5,940,0,38,29
01-23-21,Humphreys,1393,5,955,2,438,3,1120,3,10216,44,11336,47,0,17,-6,43,11,1333,0,27,18
01-23-21,Jackson,1166,5,924,5,242,0,1080,7,4829,11,5909,18,0,23,4,45,1,1098,1,35,28
01-23-21,Jefferson,5077,38,3640,17,1437,21,4093,19,31933,223,36026,242,0,78,11,376,27,4623,1,152,95
01-23-21,Johnson,2034,2,1858,2,176,0,1979,5,12387,65,14366,70,0,34,-6,103,8,1897,1,56,35
01-23-21,Knox,40882,305,35686,218,5196,87,38915,227,269009,1519,307924,1746,7,439,60,2243,238,38200,7,1145,480
01-23-21,Lake,1588,0,1415,0,173,0,1664,1,9019,24,10683,25,0,21,-4,58,4,1509,0,24,23
01-23-21,Lauderdale,2951,8,2317,7,634,1,2651,9,18497,79,21148,88,1,34,1,123,6,2794,0,79,36
01-23-21,Lawrence,5208,37,4134,36,1074,1,4544,38,24988,203,29532,241,0,69,16,284,21,4855,0,126,74
01-23-21,Lewis,1322,8,1090,5,232,3,1181,6,9100,32,10281,38,0,21,4,66,4,1235,0,38,22
01-23-21,Lincoln,3873,15,3051,8,822,7,3465,11,15316,52,18781,63,0,46,4,195,11,3632,0,75,51
01-23-21,Loudon,4993,29,4098,15,895,14,4461,15,27124,144,31585,159,1,51,1,248,27,4694,1,109,53
01-23-21,Macon,3130,7,2529,5,601,2,2963,5,13582,49,16545,54,0,51,-1,127,8,2952,1,111,67
01-23-21,Madison,9434,58,5316,19,4118,39,6512,24,48606,287,55118,311,0,183,35,-223,23,9474,0,317,208
01-23-21,Marion,2664,13,2322,11,342,2,2598,15,15274,125,17872,140,0,32,-6,175,19,2457,0,100,43
01-23-21,Marshall,3569,25,2978,13,591,12,3347,20,20449,100,23796,120,0,38,10,298,15,3233,0,79,44
01-23-21,Maury,11226,91,10215,72,1011,19,11270,92,63265,471,74535,563,3,131,10,596,78,10499,2,256,144
01-23-21,McMinn,5320,38,4836,31,484,7,5322,37,35535,313,40857,350,0,74,12,277,26,4969,2,131,80
01-23-21,McNairy,2459,22,1744,9,715,13,2152,10,15632,234,17784,244,0,42,12,90,10,2327,0,57,48
01-23-21,Meigs,1157,15,1065,14,92,1,1184,14,6638,74,7822,88,0,16,3,83,12,1058,2,37,18
01-23-21,Monroe,4748,35,3917,20,831,15,4394,30,22943,155,27337,185,0,63,21,318,14,4367,0,131,79
01-23-21,Montgomery,15422,159,11682,88,3740,71,12831,105,93341,833,106172,938,0,149,5,1303,154,13970,1,272,183
01-23-21,Moore,877,5,693,3,184,2,784,4,4298,22,5082,26,0,9,3,56,2,812,0,14,13
01-23-21,Morgan,2116,19,1621,16,495,3,1736,29,13495,50,15231,79,0,16,13,160,6,1940,1,30,26
01-23-21,Obion,4186,15,3135,10,1051,5,3549,11,19504,125,23053,136,0,82,2,138,13,3966,1,95,87
01-23-21,Out of State,15006,104,12089,77,2917,27,13572,102,526806,2375,540378,2477,1,83,61,704,42,14219,0,173,74
01-23-21,Overton,2705,9,2068,5,637,4,2432,6,13233,52,15665,58,0,46,-2,156,11,2503,0,60,54
01-23-21,Pending,13651,102,9069,56,4582,46,10042,69,339116,1886,349158,1955,0,134,-2,810,104,12707,0,120,111
01-23-21,Perry,977,4,854,3,123,1,953,4,5589,19,6542,23,0,25,1,12,3,940,0,27,25
01-23-21,Pickett,705,2,472,2,233,0,565,4,3102,33,3667,37,0,20,-1,42,3,643,0,28,21
01-23-21,Polk,1485,18,1372,16,113,2,1524,15,7668,57,9192,72,0,17,4,105,14,1363,0,53,20
01-23-21,Putnam,9910,32,8308,27,1602,5,9953,31,61812,248,71765,279,1,152,-2,407,33,9351,2,191,158
01-23-21,Rhea,3818,15,3375,9,443,6,3785,10,22586,83,26371,93,0,57,-6,172,21,3589,0,78,66
01-23-21,Roane,5274,33,4234,21,1040,12,4688,27,36799,198,41487,225,0,81,3,217,30,4976,3,130,87
01-23-21,Robertson,8156,43,6703,21,1453,22,7569,30,37207,237,44776,267,0,87,3,480,40,7589,0,374,105
01-23-21,Rutherford,34560,211,30898,162,3662,49,36072,195,193623,1175,229695,1370,1,295,47,1524,163,32741,2,525,329
01-23-21,Scott,2595,17,1548,4,1047,13,1650,4,10040,30,11690,34,0,32,13,156,4,2407,1,59,38
01-23-21,Sequatchie,1375,8,1149,4,226,4,1251,4,10557,27,11808,31,0,19,-2,78,10,1278,0,32,24
01-23-21,Sevier,10834,87,9781,72,1053,15,10710,89,55778,407,66488,496,1,121,39,489,47,10224,4,241,143
01-23-21,Shelby,79939,664,75330,583,4609,81,92428,854,772737,7467,865165,8321,4,1172,267,3805,393,74962,18,3151,1357
01-23-21,Smith,2403,9,1886,4,517,5,2372,6,11801,147,14173,153,0,30,2,87,7,2286,0,57,33
01-23-21,Stewart,1141,24,874,13,267,11,985,15,6010,49,6995,64,0,20,19,82,5,1039,0,23,23
01-23-21,Sullivan,13039,47,11480,39,1559,8,12414,45,71395,411,83809,456,2,220,-11,567,56,12252,2,659,247
01-23-21,Sumner,19395,106,17928,81,1467,25,20272,109,101353,673,121625,782,0,232,15,991,91,18172,1,662,281
01-23-21,Tipton,6424,34,4637,16,1787,18,5596,22,40398,251,45994,273,0,69,7,331,27,6024,1,140,91
01-23-21,Trousdale,2322,4,2217,4,105,0,2374,4,8030,36,10404,40,0,15,1,34,3,2273,0,36,21
01-23-21,Unicoi,1690,2,1344,1,346,1,1477,2,11512,29,12989,31,0,45,-2,99,4,1546,0,60,46
01-23-21,Union,1510,10,1302,6,208,4,1408,8,9093,31,10501,39,0,25,7,81,3,1404,1,51,25
01-23-21,Van Buren,756,0,642,0,114,0,708,0,4601,16,5309,16,1,8,-6,45,5,703,0,17,12
01-23-21,Warren,5026,28,4357,25,669,3,4914,31,28221,152,33135,183,1,55,13,236,14,4735,2,77,66
01-23-21,Washington,11925,52,10383,33,1542,19,11430,37,68696,458,80126,495,1,204,9,553,42,11168,1,304,213
01-23-21,Wayne,2733,12,2273,6,460,6,2485,9,10210,59,12695,68,0,24,7,124,5,2585,0,51,28
01-23-21,Weakley,3568,16,2713,7,855,9,3099,10,19377,122,22476,132,0,48,4,93,12,3427,1,55,53
01-23-21,White,3135,12,2650,10,485,2,3248,11,20147,87,23395,98,2,46,1,150,9,2939,0,98,58
01-23-21,Williamson,22254,185,19593,144,2661,41,21804,156,152239,976,174043,1132,0,144,53,1172,132,20938,0,261,179
01-23-21,Wilson,14893,82,13751,67,1142,15,15691,83,84691,470,100382,553,0,164,6,650,76,14079,1,305,188
01-22-21,Anderson,7150,38,5638,18,1512,20,6263,20,53674,146,59937,166,2,114,-17,423,53,6613,0,178,136
01-22-21,Bedford,5416,11,4412,5,1004,6,5092,8,26857,106,31949,114,1,91,-15,253,25,5072,1,111,107
01-22-21,Benton,1403,4,1168,4,235,0,1291,5,8117,46,9408,51,0,35,-5,62,9,1306,0,35,37
01-22-21,Bledsoe,1803,7,1690,7,113,0,1788,6,13118,14,14906,20,0,11,-4,40,11,1752,1,29,10
01-22-21,Blount,12791,20,11370,10,1421,10,12489,13,61623,247,74112,260,1,132,-83,679,102,11980,1,285,157
01-22-21,Bradley,11221,48,9688,33,1533,15,10977,37,53701,180,64678,217,1,95,-55,539,102,10587,2,454,122
01-22-21,Campbell,3414,16,2053,10,1361,6,2297,8,22690,58,24987,66,0,40,-11,220,27,3154,0,104,50
01-22-21,Cannon,1620,8,1352,8,268,0,1507,8,7942,35,9449,43,0,20,0,93,8,1507,1,31,24
01-22-21,Carroll,3224,18,2173,9,1051,9,2578,9,17841,50,20419,59,0,60,1,180,17,2984,0,75,75
01-22-21,Carter,5471,15,4821,12,650,3,5276,12,31422,75,36698,87,0,115,-16,238,31,5118,0,200,140
01-22-21,Cheatham,3497,7,2830,5,667,2,3201,7,22942,130,26143,137,0,31,-18,184,25,3282,0,72,38
01-22-21,Chester,1832,4,1334,3,498,1,1597,4,9885,42,11482,46,0,39,-10,69,14,1724,0,38,43
01-22-21,Claiborne,2253,22,1517,6,736,16,1605,4,19817,83,21422,87,2,32,-5,279,25,1942,1,80,46
01-22-21,Clay,1000,4,698,4,302,0,799,4,5009,10,5808,14,0,26,2,51,2,923,0,22,28
01-22-21,Cocke,3580,14,2556,7,1024,7,2814,9,17960,65,20774,74,1,58,-9,166,22,3356,2,98,84
01-22-21,Coffee,5762,13,4228,8,1534,5,5192,17,39417,211,44609,228,0,82,-21,286,34,5394,0,104,101
01-22-21,Crockett,1870,6,1147,4,723,2,1333,4,6559,33,7892,37,0,38,2,43,4,1789,0,29,44
01-22-21,Cumberland,5700,37,4852,28,848,9,5554,31,43147,147,48701,178,1,76,-6,377,42,5247,0,135,105
01-22-21,Davidson,74058,306,70800,276,3258,30,85904,319,758484,3109,844388,3428,9,688,-300,3989,597,69381,3,1787,741
01-22-21,Decatur,1479,3,1120,1,359,2,1334,0,10355,14,11689,14,0,28,-5,38,8,1413,0,36,32
01-22-21,Dekalb,2443,3,1863,2,580,1,2154,3,15016,62,17170,65,0,42,-4,73,7,2328,0,50,44
01-22-21,Dickson,5542,16,4179,14,1363,2,4968,15,30050,98,35018,113,2,82,-23,72,37,5388,0,109,92
01-22-21,Dyer,4930,11,3330,7,1600,4,3745,10,19610,71,23355,81,-1,86,-19,243,31,4601,0,100,92
01-22-21,Fayette,4277,31,3782,28,495,3,4630,27,31619,114,36249,141,0,51,3,296,28,3930,1,111,60
01-22-21,Fentress,2194,12,1924,11,270,1,2197,12,10335,43,12532,55,1,34,3,99,8,2061,1,54,42
01-22-21,Franklin,4250,7,3637,4,613,3,4263,5,29498,134,33761,139,0,65,-20,195,27,3990,0,96,76
01-22-21,Gibson,5790,6,3568,3,2222,3,4318,5,26233,100,30551,105,0,114,-37,252,43,5424,0,95,126
01-22-21,Giles,3386,6,2906,4,480,2,3337,12,19748,35,23085,47,0,74,-15,212,21,3100,0,105,83
01-22-21,Grainger,2175,15,1685,14,490,1,1886,17,12008,56,13894,73,1,39,-1,141,15,1995,0,59,45
01-22-21,Greene,6772,27,5402,16,1370,11,6026,16,37958,187,43984,203,0,115,-20,392,47,6265,1,166,124
01-22-21,Grundy,1473,5,1277,3,196,2,1473,3,6691,24,8164,27,0,22,0,51,5,1400,0,53,25
01-22-21,Hamblen,7204,34,5408,18,1796,16,6039,20,40519,137,46558,157,2,117,-4,354,36,6733,1,227,148
01-22-21,Hamilton,35467,188,31400,149,4067,39,35187,166,267989,1057,303176,1223,2,337,-71,1014,257,34116,7,978,391
01-22-21,Hancock,439,0,323,0,116,0,346,0,3441,25,3787,25,0,7,-4,35,4,397,0,17,10
01-22-21,Hardeman,3201,6,2649,4,552,2,3101,4,22319,115,25420,119,0,54,-8,104,14,3043,0,95,56
01-22-21,Hardin,3136,12,2175,7,961,5,2601,7,20696,120,23297,127,2,50,-10,140,20,2946,0,57,57
01-22-21,Hawkins,4553,20,3826,16,727,4,4125,18,26814,119,30939,137,0,72,-13,286,33,4195,1,125,81
01-22-21,Haywood,2508,10,2115,8,393,2,2398,9,12234,97,14632,106,0,47,-6,102,16,2359,0,74,55
01-22-21,Henderson,3411,5,2412,4,999,1,3034,4,14830,22,17864,26,0,59,-22,118,27,3234,0,72,66
01-22-21,Henry,2768,16,2195,5,573,11,2534,6,16132,51,18666,57,0,58,-15,118,31,2592,0,73,64
01-22-21,Hickman,2431,6,2030,4,401,2,2353,5,14078,50,16431,55,1,35,-11,82,16,2314,0,48,38
01-22-21,Houston,971,0,740,0,231,0,841,0,8138,15,8979,15,2,24,-8,12,6,935,0,38,29
01-22-21,Humphreys,1388,3,953,1,435,2,1117,3,10172,55,11289,58,0,17,-7,49,10,1322,0,27,18
01-22-21,Jackson,1161,2,919,2,242,0,1073,2,4818,23,5891,25,0,23,2,41,0,1097,0,34,28
01-22-21,Jefferson,5039,18,3623,12,1416,6,4074,15,31710,109,35784,124,0,78,-31,365,49,4596,0,151,94
01-22-21,Johnson,2032,5,1856,3,176,2,1974,4,12322,34,14296,38,1,34,3,109,1,1889,0,55,35
01-22-21,Knox,40577,176,35468,141,5109,35,38688,177,267490,1183,306178,1360,3,432,-153,2183,326,37962,7,1138,477
01-22-21,Lake,1588,6,1415,1,173,5,1663,0,8995,5,10658,5,0,21,-2,62,8,1505,2,24,23
01-22-21,Lauderdale,2943,15,2310,15,633,0,2642,15,18418,59,21060,74,2,33,-3,122,16,2788,0,79,35
01-22-21,Lawrence,5171,17,4098,5,1073,12,4506,6,24785,46,29291,52,0,69,-19,268,36,4834,0,126,72
01-22-21,Lewis,1314,2,1085,0,229,2,1175,0,9068,13,10243,13,0,21,-3,62,5,1231,0,38,22
01-22-21,Lincoln,3858,16,3043,11,815,5,3454,12,15264,52,18718,64,2,46,-4,191,18,3621,1,75,50
01-22-21,Loudon,4964,19,4083,16,881,3,4446,21,26980,81,31426,102,0,50,-18,247,37,4667,1,108,53
01-22-21,Macon,3123,8,2524,6,599,2,2958,7,13533,31,16491,38,0,51,-7,128,15,2944,0,110,66
01-22-21,Madison,9376,15,5297,13,4079,2,6488,12,48319,117,54807,129,1,183,-58,-258,72,9451,0,317,204
01-22-21,Marion,2651,12,2311,9,340,3,2583,8,15149,40,17732,48,1,32,-15,181,26,2438,0,100,43
01-22-21,Marshall,3544,19,2965,10,579,9,3327,13,20349,65,23676,78,0,38,-10,288,29,3218,2,79,43
01-22-21,Maury,11135,25,10143,17,992,8,11178,15,62794,119,73972,134,1,128,-76,586,100,10421,0,254,141
01-22-21,McMinn,5282,27,4805,23,477,4,5285,22,35222,116,40507,138,0,74,-20,265,47,4943,0,129,80
01-22-21,McNairy,2437,12,1735,7,702,5,2142,8,15398,44,17540,52,0,42,-8,78,20,2317,1,57,47
01-22-21,Meigs,1142,4,1051,2,91,2,1170,5,6564,37,7734,42,0,16,-5,80,9,1046,0,35,18
01-22-21,Monroe,4713,25,3897,14,816,11,4364,22,22788,84,27152,106,0,63,-6,297,31,4353,1,131,79
01-22-21,Montgomery,15263,43,11594,23,3669,20,12726,23,92508,228,105234,251,0,149,-147,1298,190,13816,0,271,180
01-22-21,Moore,872,1,690,0,182,1,780,0,4276,9,5056,9,0,9,-3,53,4,810,0,14,11
01-22-21,Morgan,2097,9,1605,3,492,6,1707,3,13445,26,15152,29,0,16,-10,147,19,1934,0,29,26
01-22-21,Obion,4171,12,3125,7,1046,5,3538,9,19379,94,22917,103,0,82,-4,136,16,3953,0,94,86
01-22-21,Out of State,14902,66,12012,57,2890,9,13470,69,524431,1650,537901,1719,4,82,-44,643,106,14177,0,173,73
01-22-21,Overton,2696,6,2063,6,633,0,2426,7,13181,34,15607,41,0,46,-11,158,17,2492,0,60,54
01-22-21,Pending,13549,58,9013,32,4536,26,9973,37,337230,1052,347203,1089,5,134,-95,812,148,12603,1,120,110
01-22-21,Perry,973,0,851,0,122,0,949,0,5570,13,6519,13,0,25,-2,11,2,937,0,27,25
01-22-21,Pickett,703,0,470,0,233,0,561,0,3069,2,3630,2,0,20,-4,43,4,640,0,28,21
01-22-21,Polk,1467,8,1356,6,111,2,1509,6,7611,28,9120,34,0,17,-7,101,15,1349,0,53,20
01-22-21,Putnam,9878,37,8281,32,1597,5,9922,45,61564,273,71486,318,2,151,-14,409,49,9318,0,189,158
01-22-21,Rhea,3803,14,3366,11,437,3,3775,14,22503,78,26278,92,1,57,-24,178,37,3568,0,78,66
01-22-21,Roane,5241,14,4213,9,1028,5,4661,13,36601,76,41262,89,2,81,-23,214,35,4946,1,127,86
01-22-21,Robertson,8113,61,6682,37,1431,24,7539,36,36970,147,44509,183,1,87,-1,477,61,7549,3,374,105
01-22-21,Rutherford,34349,121,30736,85,3613,36,35877,97,192448,673,228325,770,0,294,-165,1477,286,32578,4,523,325
01-22-21,Scott,2578,10,1544,3,1034,7,1646,3,10010,27,11656,30,1,32,-1,143,10,2403,0,58,36
01-22-21,Sequatchie,1367,8,1145,5,222,3,1247,5,10530,26,11777,31,1,19,2,80,5,1268,0,32,24
01-22-21,Sevier,10747,40,9709,27,1038,13,10621,37,55371,155,65992,192,4,120,-25,450,61,10177,0,237,143
01-22-21,Shelby,79275,212,74747,196,4528,16,91574,241,765270,2326,856844,2567,12,1168,-336,3538,536,74569,1,3133,1349
01-22-21,Smith,2394,4,1882,3,512,1,2366,7,11654,36,14020,43,2,30,-4,85,6,2279,0,57,32
01-22-21,Stewart,1117,21,861,6,256,15,970,6,5961,60,6931,66,0,20,12,63,9,1034,0,23,23
01-22-21,Sullivan,12992,39,11441,28,1551,11,12369,35,70984,372,83353,407,2,218,-58,578,95,12196,1,657,247
01-22-21,Sumner,19289,87,17847,66,1442,21,20163,63,100680,356,120843,419,0,232,-10,976,97,18081,0,661,281
01-22-21,Tipton,6390,17,4621,9,1769,8,5574,15,40147,144,45721,159,1,69,-32,324,48,5997,0,139,89
01-22-21,Trousdale,2318,4,2213,4,105,0,2370,4,7994,18,10364,22,1,15,-4,33,7,2270,0,36,21
01-22-21,Unicoi,1688,7,1343,5,345,2,1475,5,11483,38,12958,43,0,45,-1,101,8,1542,0,60,46
01-22-21,Union,1500,16,1296,15,204,1,1400,16,9062,58,10462,74,0,25,9,74,7,1401,0,50,25
01-22-21,Van Buren,756,0,642,0,114,0,708,0,4585,20,5293,20,0,7,-2,51,2,698,0,17,12
01-22-21,Warren,4998,41,4332,41,666,0,4883,45,28069,136,32952,181,0,54,19,223,22,4721,0,75,66
01-22-21,Washington,11873,38,10350,28,1523,10,11393,30,68238,354,79631,384,4,203,-42,544,76,11126,0,303,213
01-22-21,Wayne,2721,17,2267,11,454,6,2476,13,10151,40,12627,53,3,24,7,117,7,2580,0,51,28
01-22-21,Weakley,3552,11,2706,5,846,6,3089,11,19255,95,22344,106,0,48,-15,89,26,3415,0,54,53
01-22-21,White,3123,14,2640,14,483,0,3237,16,20060,84,23297,100,0,44,0,149,14,2930,1,98,57
01-22-21,Williamson,22069,99,19449,72,2620,27,21648,80,151263,484,172911,564,2,144,-96,1119,193,20806,1,261,179
01-22-21,Wilson,14811,40,13684,34,1127,6,15608,36,84221,285,99829,321,4,164,-70,644,106,14003,0,304,188
01-21-21,Anderson,7112,56,5620,40,1492,16,6243,37,53528,240,59771,277,5,112,-44,440,95,6560,2,178,133
01-21-21,Bedford,5405,34,4407,32,998,2,5084,40,26751,181,31835,221,0,90,-18,268,52,5047,1,110,105
01-21-21,Benton,1399,13,1164,8,235,5,1286,9,8071,40,9357,49,0,35,1,67,12,1297,0,35,37
01-21-21,Bledsoe,1796,13,1683,13,113,0,1782,12,13104,43,14886,55,0,11,-7,44,20,1741,0,28,10
01-21-21,Blount,12771,89,11360,56,1411,33,12476,65,61376,244,73852,309,4,131,-24,762,109,11878,6,284,156
01-21-21,Bradley,11173,94,9655,77,1518,17,10940,83,53521,266,64461,349,0,94,-35,594,129,10485,2,452,121
01-21-21,Campbell,3398,38,2043,12,1355,26,2289,13,22632,53,24921,66,0,40,6,231,32,3127,0,104,50
01-21-21,Cannon,1612,12,1344,10,268,2,1499,11,7907,31,9406,42,0,20,-1,93,13,1499,1,30,24
01-21-21,Carroll,3206,15,2164,6,1042,9,2569,14,17791,59,20360,73,1,60,-11,179,25,2967,0,75,73
01-21-21,Carter,5456,19,4809,18,647,1,5264,23,31347,153,36611,176,0,115,-32,254,51,5087,0,200,140
01-21-21,Cheatham,3490,24,2825,15,665,9,3194,16,22812,165,26006,181,1,31,-4,202,27,3257,0,72,37
01-21-21,Chester,1828,13,1331,8,497,5,1593,12,9843,59,11436,71,1,39,1,79,11,1710,2,38,42
01-21-21,Claiborne,2231,45,1511,10,720,35,1601,10,19734,62,21335,72,1,30,19,284,25,1917,5,79,45
01-21-21,Clay,996,6,694,5,302,1,795,6,4999,22,5794,28,0,26,-1,49,7,921,0,22,28
01-21-21,Cocke,3566,28,2549,13,1017,15,2805,15,17895,123,20700,138,0,57,-4,175,32,3334,0,96,83
01-21-21,Coffee,5749,35,4220,19,1529,16,5175,26,39206,158,44381,184,0,82,-13,307,48,5360,3,104,101
01-21-21,Crockett,1864,5,1143,2,721,3,1329,4,6526,30,7855,34,0,38,-3,41,8,1785,0,29,44
01-21-21,Cumberland,5663,49,4824,42,839,7,5523,49,43000,252,48523,301,2,75,-25,383,72,5205,0,135,102
01-21-21,Davidson,73752,442,70524,400,3228,42,85585,486,755375,3480,840960,3966,1,679,-182,4289,623,68784,6,1784,740
01-21-21,Decatur,1476,3,1119,2,357,1,1334,3,10341,27,11675,30,1,28,-8,43,10,1405,0,36,32
01-21-21,Dekalb,2440,17,1861,16,579,1,2151,19,14954,67,17105,86,0,42,-14,77,31,2321,0,50,44
01-21-21,Dickson,5526,63,4165,26,1361,37,4953,30,29952,108,34905,138,1,80,5,95,57,5351,1,109,91
01-21-21,Dyer,4919,29,3323,18,1596,11,3735,19,19539,76,23274,95,4,87,-10,262,35,4570,0,100,91
01-21-21,Fayette,4246,42,3754,32,492,10,4603,37,31505,201,36108,238,0,51,-8,293,50,3902,0,110,60
01-21-21,Fentress,2182,14,1913,14,269,0,2185,18,10292,164,12477,182,0,33,-9,96,23,2053,0,53,42
01-21-21,Franklin,4243,36,3633,29,610,7,4258,34,29364,134,33622,168,2,65,-8,215,42,3963,1,96,76
01-21-21,Gibson,5784,43,3565,25,2219,18,4313,27,26133,100,30446,127,2,114,-5,289,46,5381,1,95,125
01-21-21,Giles,3380,44,2902,35,478,9,3325,39,19713,109,23038,148,1,74,-3,227,46,3079,1,105,82
01-21-21,Grainger,2160,20,1671,11,489,9,1869,14,11952,60,13821,74,1,38,-9,142,28,1980,0,59,45
01-21-21,Greene,6745,32,5386,27,1359,5,6010,32,37771,292,43781,324,7,115,-38,412,63,6218,0,165,123
01-21-21,Grundy,1468,19,1274,17,194,2,1470,18,6667,40,8137,58,1,22,2,51,16,1395,0,53,25
01-21-21,Hamblen,7170,63,5390,37,1780,26,6019,40,40382,182,46401,222,3,115,-20,358,80,6697,3,226,147
01-21-21,Hamilton,35279,216,31251,172,4028,44,35021,185,266932,1162,301953,1347,5,335,-66,1085,277,33859,4,971,387
01-21-21,Hancock,439,6,323,6,116,0,346,7,3416,16,3762,23,1,7,-6,39,11,393,0,17,10
01-21-21,Hardeman,3195,24,2645,22,550,2,3097,26,22204,63,25301,89,2,54,8,112,14,3029,1,95,56
01-21-21,Hardin,3124,27,2168,20,956,7,2594,21,20576,112,23170,133,0,48,-4,150,31,2926,1,57,57
01-21-21,Hawkins,4533,34,3810,28,723,6,4107,28,26695,154,30802,182,2,72,-58,299,90,4162,0,124,81
01-21-21,Haywood,2498,24,2107,22,391,2,2389,24,12137,65,14526,89,2,47,0,108,22,2343,1,74,54
01-21-21,Henderson,3406,12,2408,8,998,4,3030,7,14808,47,17838,54,1,59,-12,140,23,3207,0,72,65
01-21-21,Henry,2752,27,2190,17,562,10,2528,20,16081,60,18609,80,0,58,-9,133,36,2561,0,73,63
01-21-21,Hickman,2425,13,2026,5,399,8,2348,5,14028,57,16376,62,0,34,-20,93,33,2298,0,48,38
01-21-21,Houston,971,4,740,4,231,0,841,4,8123,109,8964,113,0,22,-5,20,9,929,0,38,29
01-21-21,Humphreys,1385,14,952,10,433,4,1114,10,10117,41,11231,51,0,17,6,56,8,1312,0,27,18
01-21-21,Jackson,1159,5,917,3,242,2,1071,4,4795,26,5866,30,0,23,-7,39,12,1097,0,34,28
01-21-21,Jefferson,5021,39,3611,24,1410,15,4059,27,31601,158,35660,185,2,78,-27,396,64,4547,1,151,92
01-21-21,Johnson,2027,12,1853,11,174,1,1970,10,12288,95,14258,105,0,33,-6,106,18,1888,0,55,35
01-21-21,Knox,40401,268,35327,196,5074,72,38511,202,266307,1057,304818,1259,11,429,-126,2336,383,37636,5,1131,469
01-21-21,Lake,1582,9,1414,7,168,2,1663,7,8990,25,10653,32,1,21,4,64,4,1497,1,22,23
01-21-21,Lauderdale,2928,13,2295,12,633,1,2627,13,18359,73,20986,86,0,31,-11,125,24,2772,0,79,35
01-21-21,Lawrence,5154,35,4093,28,1061,7,4500,29,24739,176,29239,205,0,69,-18,287,53,4798,0,126,72
01-21-21,Lewis,1312,10,1085,7,227,3,1175,7,9055,38,10230,45,1,21,1,65,8,1226,1,38,22
01-21-21,Lincoln,3842,30,3032,25,810,5,3442,29,15212,89,18654,118,0,44,-10,195,40,3603,1,74,49
01-21-21,Loudon,4945,23,4067,16,878,7,4425,19,26899,120,31324,139,0,50,-19,265,42,4630,0,107,52
01-21-21,Macon,3115,17,2518,10,597,7,2951,10,13502,37,16453,47,1,51,-8,135,24,2929,0,110,66
01-21-21,Madison,9361,49,5284,27,4077,22,6476,26,48202,163,54678,189,2,182,-5,-200,52,9379,0,317,202
01-21-21,Marion,2639,19,2302,19,337,0,2575,20,15109,109,17684,129,0,31,-13,196,32,2412,1,100,43
01-21-21,Marshall,3525,26,2955,17,570,9,3314,27,20284,96,23598,123,0,38,-24,298,50,3189,0,77,42
01-21-21,Maury,11110,68,10126,59,984,9,11163,71,62675,343,73838,414,2,127,-85,662,151,10321,0,254,141
01-21-21,McMinn,5255,31,4782,28,473,3,5263,31,35106,196,40369,227,1,74,-35,285,65,4896,1,129,80
01-21-21,McNairy,2425,20,1728,17,697,3,2134,19,15354,74,17488,93,0,42,-3,86,23,2297,0,56,47
01-21-21,Meigs,1138,9,1049,8,89,1,1165,7,6527,68,7692,75,0,16,4,85,5,1037,0,35,18
01-21-21,Monroe,4688,24,3883,19,805,5,4342,24,22704,109,27046,133,0,63,-27,303,51,4322,0,130,79
01-21-21,Montgomery,15220,200,11571,89,3649,111,12703,90,92280,479,104983,569,0,149,13,1445,187,13626,1,271,179
01-21-21,Moore,871,9,690,7,181,2,780,10,4267,26,5047,36,0,9,0,56,9,806,0,14,11
01-21-21,Morgan,2088,14,1602,12,486,2,1704,13,13419,53,15123,66,1,16,-2,157,15,1915,0,29,25
01-21-21,Obion,4159,13,3118,9,1041,4,3529,13,19285,80,22814,93,2,82,-10,140,21,3937,0,94,86
01-21-21,Out of State,14836,104,11955,83,2881,21,13401,91,522781,1928,536182,2019,-1,78,-28,687,133,14071,1,173,72
01-21-21,Overton,2690,24,2057,16,633,8,2419,18,13147,67,15566,85,1,46,-9,169,32,2475,1,60,53
01-21-21,Pending,13491,150,8981,82,4510,68,9936,90,336178,1665,346114,1755,3,129,-50,907,197,12455,2,119,109
01-21-21,Perry,973,3,851,2,122,1,949,5,5557,7,6506,12,0,25,-9,13,12,935,0,27,25
01-21-21,Pickett,703,3,470,2,233,1,561,2,3067,29,3628,31,0,20,0,47,3,636,0,28,21
01-21-21,Polk,1459,17,1350,16,109,1,1503,17,7583,45,9086,62,0,17,-2,108,19,1334,0,53,20
01-21-21,Putnam,9841,84,8249,69,1592,15,9877,82,61291,373,71168,455,1,149,-20,423,103,9269,0,189,158
01-21-21,Rhea,3789,29,3355,21,434,8,3761,22,22425,151,26186,173,0,56,-14,202,43,3531,0,78,66
01-21-21,Roane,5227,30,4204,23,1023,7,4648,25,36525,150,41173,175,0,79,-19,237,49,4911,1,126,86
01-21-21,Robertson,8052,45,6645,31,1407,14,7503,34,36823,181,44326,215,1,86,-25,478,69,7488,1,371,104
01-21-21,Rutherford,34228,214,30651,149,3577,65,35780,156,191775,1015,227555,1171,6,294,-192,1642,400,32292,3,519,323
01-21-21,Scott,2568,18,1541,4,1027,14,1643,7,9983,47,11626,54,0,31,3,144,15,2393,0,58,36
01-21-21,Sequatchie,1359,18,1140,16,219,2,1242,17,10504,59,11746,76,0,18,-5,78,23,1263,0,32,24
01-21-21,Sevier,10707,84,9682,59,1025,25,10584,71,55216,272,65800,343,6,116,-58,475,136,10116,1,237,142
01-21-21,Shelby,79063,488,74551,428,4512,60,91333,480,762944,5446,854277,5926,14,1156,-104,3874,578,74033,8,3132,1339
01-21-21,Smith,2390,13,1879,9,511,4,2359,10,11618,50,13977,60,0,28,-5,89,18,2273,0,57,32
01-21-21,Stewart,1096,6,855,5,241,1,964,7,5901,30,6865,37,0,20,-5,51,11,1025,0,23,23
01-21-21,Sullivan,12953,74,11413,63,1540,11,12334,70,70612,395,82946,465,4,216,-21,636,91,12101,3,656,247
01-21-21,Sumner,19202,107,17781,85,1421,22,20100,101,100324,386,120424,487,0,232,-85,986,192,17984,3,661,279
01-21-21,Tipton,6373,40,4612,30,1761,10,5559,32,40003,232,45562,264,3,68,-4,356,41,5949,1,139,89
01-21-21,Trousdale,2314,7,2209,4,105,3,2366,4,7976,29,10342,33,0,14,-7,37,14,2263,1,36,21
01-21-21,Unicoi,1681,7,1338,5,343,2,1470,6,11445,46,12915,52,1,45,-10,102,16,1534,0,60,45
01-21-21,Union,1484,24,1281,21,203,3,1384,22,9004,34,10388,56,2,25,11,65,11,1394,0,50,25
01-21-21,Van Buren,756,3,642,1,114,2,708,2,4565,11,5273,13,0,7,-9,53,12,696,0,17,12
01-21-21,Warren,4957,13,4291,6,666,7,4838,9,27933,89,32771,98,1,54,-28,204,40,4699,0,75,66
01-21-21,Washington,11835,45,10322,35,1513,10,11363,46,67884,390,79247,436,6,199,-63,586,102,11050,0,303,212
01-21-21,Wayne,2704,21,2256,18,448,3,2463,19,10111,44,12574,63,1,21,8,110,12,2573,0,51,27
01-21-21,Weakley,3541,16,2701,7,840,9,3078,4,19160,59,22238,63,0,48,-10,104,26,3389,0,54,51
01-21-21,White,3109,23,2626,22,483,1,3221,28,19976,113,23197,141,1,44,12,149,10,2916,0,97,56
01-21-21,Williamson,21970,140,19377,105,2593,35,21568,115,150779,715,172347,830,1,142,-44,1215,183,20613,1,260,178
01-21-21,Wilson,14771,64,13650,53,1121,11,15572,54,83936,312,99508,366,1,160,-74,714,137,13897,1,304,187
01-20-21,Anderson,7056,28,5580,16,1476,12,6206,20,53288,158,59494,178,3,107,-28,484,53,6465,0,176,132
01-20-21,Bedford,5371,16,4375,9,996,7,5044,10,26570,48,31614,58,1,90,-14,286,29,4995,0,109,101
01-20-21,Benton,1386,2,1156,1,230,1,1277,1,8031,10,9308,11,0,35,-8,66,10,1285,0,35,37
01-20-21,Bledsoe,1783,4,1670,2,113,2,1770,3,13061,17,14831,20,1,11,-5,51,8,1721,0,28,10
01-20-21,Blount,12682,57,11304,40,1378,17,12411,39,61132,88,73543,127,1,127,-47,786,103,11769,0,278,155
01-20-21,Bradley,11079,55,9578,45,1501,10,10857,46,53255,171,64112,217,3,94,-49,629,101,10356,2,450,120
01-20-21,Campbell,3360,25,2031,2,1329,23,2276,4,22579,24,24855,28,0,40,-2,225,27,3095,2,104,50
01-20-21,Cannon,1600,2,1334,2,266,0,1488,3,7876,14,9364,17,1,20,-7,94,8,1486,0,29,24
01-20-21,Carroll,3191,11,2158,4,1033,7,2555,5,17732,29,20287,34,0,59,-14,190,25,2942,0,75,73
01-20-21,Carter,5437,18,4791,15,646,3,5241,19,31194,79,36435,98,1,115,-19,286,36,5036,1,200,139
01-20-21,Cheatham,3466,25,2810,16,656,9,3178,18,22647,71,25825,89,0,30,1,206,24,3230,0,72,36
01-20-21,Chester,1815,7,1323,4,492,3,1581,6,9784,77,11365,83,1,38,-7,78,13,1699,0,36,42
01-20-21,Claiborne,2186,19,1501,6,685,13,1591,8,19672,92,21263,100,0,29,3,265,16,1892,1,74,44
01-20-21,Clay,990,1,689,0,301,1,789,1,4977,5,5766,6,0,26,-3,50,4,914,0,22,28
01-20-21,Cocke,3538,18,2536,8,1002,10,2790,9,17772,29,20562,38,1,57,-10,179,27,3302,1,96,81
01-20-21,Coffee,5714,23,4201,14,1513,9,5149,16,39048,73,44197,89,0,82,-19,320,42,5312,1,101,100
01-20-21,Crockett,1859,7,1141,1,718,6,1325,1,6496,17,7821,18,0,38,1,44,6,1777,0,29,44
01-20-21,Cumberland,5614,14,4782,11,832,3,5474,11,42748,66,48222,77,0,73,-31,408,45,5133,2,135,99
01-20-21,Davidson,73310,474,70124,405,3186,69,85099,541,751895,3032,836994,3573,6,678,-241,4471,709,68161,0,1778,733
01-20-21,Decatur,1473,3,1117,2,356,1,1331,2,10314,16,11645,18,1,27,-3,51,5,1395,0,36,32
01-20-21,Dekalb,2423,8,1845,6,578,2,2132,6,14887,16,17019,22,1,42,-5,91,12,2290,0,50,44
01-20-21,Dickson,5463,27,4139,8,1324,19,4923,11,29844,72,34767,83,0,79,-22,90,49,5294,0,108,90
01-20-21,Dyer,4890,15,3305,7,1585,8,3716,9,19463,29,23179,38,1,83,-16,272,30,4535,0,100,90
01-20-21,Fayette,4204,18,3722,13,482,5,4566,17,31304,127,35870,144,0,51,-19,301,37,3852,0,110,59
01-20-21,Fentress,2168,3,1899,3,269,0,2167,4,10128,17,12295,21,2,33,-7,105,8,2030,1,53,41
01-20-21,Franklin,4207,18,3604,15,603,3,4224,16,29230,63,33454,79,1,63,-10,223,27,3921,0,95,75
01-20-21,Gibson,5741,19,3540,10,2201,9,4286,11,26033,63,30319,74,1,112,-17,294,35,5335,0,94,123
01-20-21,Giles,3336,19,2867,7,469,12,3286,8,19604,55,22890,63,1,73,-15,230,33,3033,0,104,79
01-20-21,Grainger,2140,9,1660,4,480,5,1855,6,11892,15,13747,21,1,37,0,151,8,1952,0,59,44
01-20-21,Greene,6713,20,5359,15,1354,5,5978,16,37479,88,43457,104,0,108,-32,450,52,6155,0,165,123
01-20-21,Grundy,1449,2,1257,2,192,0,1452,2,6627,47,8079,49,0,21,-6,49,8,1379,0,53,25
01-20-21,Hamblen,7107,20,5353,5,1754,15,5979,6,40200,40,46179,46,3,112,-60,378,77,6617,0,223,146
01-20-21,Hamilton,35063,197,31079,159,3984,38,34836,182,265770,934,300606,1116,1,330,-176,1151,372,33582,6,967,384
01-20-21,Hancock,433,4,317,2,116,2,339,2,3400,4,3739,6,0,6,2,45,2,382,0,17,10
01-20-21,Hardeman,3171,7,2623,3,548,4,3071,3,22141,68,25212,71,0,52,-15,104,22,3015,0,94,56
01-20-21,Hardin,3097,18,2148,6,949,12,2573,7,20464,33,23037,40,1,48,0,154,17,2895,0,56,56
01-20-21,Hawkins,4499,20,3782,12,717,8,4079,11,26541,103,30620,114,0,70,-20,357,40,4072,0,124,81
01-20-21,Haywood,2474,4,2085,2,389,2,2365,1,12072,25,14437,26,0,45,-4,108,8,2321,0,73,54
01-20-21,Henderson,3394,7,2400,1,994,6,3023,1,14761,18,17784,19,1,58,-9,152,15,3184,0,72,65
01-20-21,Henry,2725,16,2173,10,552,6,2508,10,16021,26,18529,36,0,58,3,142,13,2525,0,73,63
01-20-21,Hickman,2412,4,2021,3,391,1,2343,5,13971,33,16314,38,0,34,-13,113,17,2265,0,48,38
01-20-21,Houston,967,0,736,0,231,0,837,1,8014,82,8851,83,0,22,-4,25,4,920,0,38,29
01-20-21,Humphreys,1371,9,942,5,429,4,1104,7,10076,22,11180,29,0,17,-3,50,12,1304,0,27,18
01-20-21,Jackson,1154,3,914,1,240,2,1067,1,4769,13,5836,14,1,23,-2,46,4,1085,0,34,28
01-20-21,Jefferson,4982,25,3587,10,1395,15,4032,8,31443,157,35475,165,1,76,-18,423,42,4483,0,150,86
01-20-21,Johnson,2015,2,1842,1,173,1,1960,1,12193,44,14153,45,1,33,-3,112,4,1870,0,55,34
01-20-21,Knox,40133,190,35131,129,5002,61,38309,128,265250,729,303559,857,10,418,-155,2462,335,37253,8,1126,464
01-20-21,Lake,1573,7,1407,7,166,0,1656,7,8965,36,10621,43,1,20,0,60,6,1493,0,21,23
01-20-21,Lauderdale,2915,6,2283,3,632,3,2614,3,18286,25,20900,28,0,31,-9,136,15,2748,0,79,34
01-20-21,Lawrence,5119,10,4065,7,1054,3,4471,8,24563,69,29034,77,0,69,-21,305,31,4745,0,126,71
01-20-21,Lewis,1302,4,1078,2,224,2,1168,2,9017,9,10185,11,0,20,-5,64,9,1218,0,37,22
01-20-21,Lincoln,3812,18,3007,16,805,2,3413,16,15123,47,18536,63,0,44,-3,205,21,3563,0,73,49
01-20-21,Loudon,4922,10,4051,5,871,5,4406,5,26779,72,31185,77,0,50,-39,284,49,4588,0,107,51
01-20-21,Macon,3098,17,2508,9,590,8,2941,9,13465,51,16406,60,0,50,5,143,12,2905,0,110,64
01-20-21,Madison,9312,29,5257,18,4055,11,6450,18,48039,246,54489,264,1,180,-20,-195,48,9327,0,317,201
01-20-21,Marion,2620,11,2283,6,337,5,2555,6,15000,120,17555,126,0,31,-27,209,38,2380,0,99,43
01-20-21,Marshall,3499,27,2938,19,561,8,3287,17,20188,67,23475,84,2,38,-4,322,29,3139,0,77,41
01-20-21,Maury,11042,32,10067,21,975,11,11092,21,62332,83,73424,104,2,125,-68,747,98,10170,2,254,138
01-20-21,McMinn,5224,20,4754,13,470,7,5232,13,34910,117,40142,130,0,73,-28,320,48,4831,0,128,80
01-20-21,McNairy,2405,12,1711,6,694,6,2115,6,15280,114,17395,120,0,42,-11,89,23,2274,0,56,47
01-20-21,Meigs,1129,7,1041,4,88,3,1158,4,6459,12,7617,16,0,16,-1,81,8,1032,0,35,18
01-20-21,Monroe,4664,9,3864,3,800,6,4318,3,22595,51,26913,54,1,63,-28,330,36,4271,0,130,78
01-20-21,Montgomery,15020,78,11482,35,3538,43,12613,40,91801,326,104414,366,0,149,-70,1432,148,13439,1,270,179
01-20-21,Moore,862,4,683,3,179,1,770,8,4241,13,5011,21,0,9,-1,56,5,797,0,14,11
01-20-21,Morgan,2074,12,1590,5,484,7,1691,5,13366,20,15057,25,0,15,-18,159,30,1900,0,29,24
01-20-21,Obion,4146,11,3109,10,1037,1,3516,9,19205,43,22721,52,0,80,-10,150,21,3916,0,94,85
01-20-21,Out of State,14732,56,11872,48,2860,8,13310,55,520853,1630,534163,1685,0,79,-87,715,143,13938,1,172,72
01-20-21,Overton,2666,8,2041,4,625,4,2401,5,13080,60,15481,65,2,45,-5,178,11,2443,0,59,53
01-20-21,Pending,13341,65,8899,31,4442,34,9846,32,334513,1020,344359,1052,-1,126,-115,957,181,12258,1,117,108
01-20-21,Perry,970,2,849,2,121,0,944,3,5550,12,6494,15,0,25,-2,22,4,923,0,27,25
01-20-21,Pickett,700,4,468,2,232,2,559,2,3038,11,3597,13,0,20,-1,47,5,633,0,28,21
01-20-21,Polk,1442,5,1334,3,108,2,1486,3,7538,16,9024,19,0,17,-4,110,9,1315,0,53,20
01-20-21,Putnam,9757,28,8180,19,1577,9,9795,19,60918,226,70713,245,8,148,-26,443,46,9166,0,189,158
01-20-21,Rhea,3760,9,3334,8,426,1,3739,7,22274,66,26013,73,0,56,-23,216,32,3488,0,78,65
01-20-21,Roane,5197,27,4181,9,1016,18,4623,11,36375,102,40998,113,0,79,-34,256,61,4862,0,125,84
01-20-21,Robertson,8007,59,6614,26,1393,33,7469,32,36642,126,44111,158,0,85,-21,503,80,7419,0,370,100
01-20-21,Rutherford,34014,156,30502,98,3512,58,35624,128,190760,627,226384,755,1,288,-181,1834,336,31892,2,516,322
01-20-21,Scott,2550,9,1537,3,1013,6,1636,3,9936,29,11572,32,0,31,-7,141,16,2378,1,58,35
01-20-21,Sequatchie,1341,1,1124,1,217,0,1225,2,10445,19,11670,21,0,18,-8,83,9,1240,0,32,24
01-20-21,Sevier,10623,34,9623,26,1000,8,10513,28,54944,107,65457,135,2,110,-38,533,70,9980,0,236,139
01-20-21,Shelby,78575,371,74123,284,4452,87,90853,330,757498,2960,848351,3290,14,1142,-353,3978,710,73455,14,3124,1331
01-20-21,Smith,2377,3,1870,1,507,2,2349,2,11568,18,13917,20,1,28,-10,94,12,2255,0,57,31
01-20-21,Stewart,1090,4,850,3,240,1,957,3,5871,9,6828,12,0,20,-4,56,8,1014,1,23,23
01-20-21,Sullivan,12879,61,11350,53,1529,8,12264,59,70217,237,82481,296,1,212,-31,657,91,12010,1,653,242
01-20-21,Sumner,19095,127,17696,70,1399,57,19999,81,99938,430,119937,511,0,232,-24,1071,151,17792,1,658,276
01-20-21,Tipton,6333,29,4582,11,1751,18,5527,11,39771,81,45298,92,0,65,-10,360,39,5908,0,138,86
01-20-21,Trousdale,2307,1,2205,0,102,1,2362,0,7947,10,10309,10,0,14,-6,44,7,2249,0,35,20
01-20-21,Unicoi,1674,6,1333,6,341,0,1464,7,11399,19,12863,26,0,44,-5,112,11,1518,0,60,44
01-20-21,Union,1460,4,1260,1,200,3,1362,0,8970,17,10332,17,0,23,-10,54,14,1383,2,50,25
01-20-21,Van Buren,753,6,641,6,112,0,706,6,4554,23,5260,29,0,7,1,62,5,684,0,17,12
01-20-21,Warren,4944,12,4285,8,659,4,4829,8,27844,33,32673,41,0,53,-14,232,26,4659,0,75,66
01-20-21,Washington,11790,34,10287,26,1503,8,11317,28,67494,164,78811,192,1,193,-58,649,91,10948,1,303,210
01-20-21,Wayne,2683,7,2238,5,445,2,2444,7,10067,16,12511,23,1,20,-11,102,17,2561,0,51,26
01-20-21,Weakley,3525,6,2694,5,831,1,3074,14,19101,33,22175,47,0,48,-8,114,14,3363,0,54,51
01-20-21,White,3086,3,2604,2,482,1,3193,4,19863,37,23056,41,0,43,-10,137,13,2906,0,97,55
01-20-21,Williamson,21830,119,19272,71,2558,48,21453,81,150064,492,171517,573,1,141,-96,1259,214,20430,1,259,178
01-20-21,Wilson,14707,42,13597,30,1110,12,15518,34,83624,339,99142,373,1,159,-85,788,126,13760,3,303,183
01-19-21,Anderson,7028,43,5564,18,1464,25,6186,20,53130,115,59316,135,1,104,-79,512,121,6412,0,176,130
01-19-21,Bedford,5355,27,4366,13,989,14,5034,15,26522,66,31556,81,0,89,-50,300,77,4966,2,109,100
01-19-21,Benton,1384,4,1155,2,229,2,1276,2,8021,11,9297,13,0,35,-8,74,12,1275,0,35,37
01-19-21,Bledsoe,1779,11,1668,5,111,6,1767,6,13044,49,14811,55,0,10,-3,56,14,1713,0,28,10
01-19-21,Blount,12625,93,11264,73,1361,20,12372,85,61044,196,73416,281,1,126,-57,833,149,11666,0,278,152
01-19-21,Bradley,11024,90,9533,57,1491,33,10811,66,53084,207,63895,273,0,91,-13,678,103,10255,4,448,114
01-19-21,Campbell,3335,34,2029,3,1306,31,2272,2,22555,31,24827,33,0,40,-5,227,39,3068,1,102,50
01-19-21,Cannon,1598,9,1332,3,266,6,1485,4,7862,20,9347,24,0,19,-5,101,14,1478,0,29,24
01-19-21,Carroll,3180,31,2154,12,1026,19,2550,23,17703,30,20253,53,0,59,6,204,25,2917,1,75,73
01-19-21,Carter,5419,32,4776,24,643,8,5222,29,31115,66,36337,95,2,114,-24,305,54,5000,0,199,139
01-19-21,Cheatham,3441,52,2794,14,647,38,3160,18,22576,86,25736,104,0,30,11,205,41,3206,1,72,36
01-19-21,Chester,1808,16,1319,3,489,13,1575,5,9707,13,11282,18,0,37,-16,85,32,1686,0,36,42
01-19-21,Claiborne,2167,33,1495,7,672,26,1583,7,19580,37,21163,44,0,29,7,262,26,1876,2,73,44
01-19-21,Clay,989,8,689,2,300,6,788,1,4972,27,5760,28,0,26,-3,53,11,910,0,22,28
01-19-21,Cocke,3520,33,2528,16,992,17,2781,15,17743,71,20524,86,0,56,-18,189,51,3275,1,95,80
01-19-21,Coffee,5691,36,4187,14,1504,22,5133,17,38975,181,44108,198,0,82,-43,339,79,5270,2,100,99
01-19-21,Crockett,1852,4,1140,2,712,2,1324,2,6479,15,7803,17,0,38,-15,43,19,1771,0,29,44
01-19-21,Cumberland,5600,31,4771,10,829,21,5463,13,42682,119,48145,132,1,73,-67,439,97,5088,2,133,97
01-19-21,Davidson,72836,425,69719,360,3117,65,84558,430,748863,3207,833421,3637,7,672,-373,4712,791,67452,11,1778,729
01-19-21,Decatur,1470,2,1115,0,355,2,1329,1,10298,8,11627,9,0,26,-3,54,5,1390,0,36,32
01-19-21,Dekalb,2415,13,1839,6,576,7,2126,6,14871,25,16997,31,0,41,-27,96,40,2278,0,50,44
01-19-21,Dickson,5436,67,4131,11,1305,56,4912,14,29772,126,34684,140,1,79,21,112,45,5245,0,108,89
01-19-21,Dyer,4875,29,3298,11,1577,18,3707,12,19434,47,23141,59,0,82,-14,288,43,4505,0,100,87
01-19-21,Fayette,4186,37,3709,24,477,13,4549,29,31177,92,35726,121,0,51,-23,320,60,3815,1,110,59
01-19-21,Fentress,2165,10,1896,4,269,6,2163,4,10111,11,12274,15,0,31,-8,112,18,2022,0,52,41
01-19-21,Franklin,4189,22,3589,9,600,13,4208,12,29167,52,33375,64,1,62,-25,233,46,3894,0,95,75
01-19-21,Gibson,5722,27,3530,7,2192,20,4275,11,25970,82,30245,93,0,111,-1,311,28,5300,1,94,122
01-19-21,Giles,3317,20,2860,13,457,7,3278,15,19549,34,22827,49,0,72,-29,245,49,3000,2,104,78
01-19-21,Grainger,2131,18,1656,5,475,13,1849,6,11877,25,13726,31,1,36,-18,151,35,1944,0,59,43
01-19-21,Greene,6693,57,5344,26,1349,31,5962,40,37391,193,43353,233,0,108,-65,482,122,6103,0,165,123
01-19-21,Grundy,1447,9,1255,2,192,7,1450,4,6580,10,8030,14,0,21,-15,55,24,1371,0,53,25
01-19-21,Hamblen,7087,71,5348,20,1739,51,5973,21,40160,86,46133,107,0,109,-41,438,112,6540,1,223,144
01-19-21,Hamilton,34866,268,30920,200,3946,68,34654,227,264836,658,299490,885,2,329,-103,1327,369,33210,7,961,382
01-19-21,Hancock,429,1,315,1,114,0,337,1,3396,29,3733,30,0,6,-8,43,9,380,0,17,10
01-19-21,Hardeman,3164,14,2620,7,544,7,3068,7,22073,39,25141,46,0,52,-22,119,36,2993,1,94,56
01-19-21,Hardin,3079,13,2142,4,937,9,2566,6,20431,40,22997,46,0,47,-12,154,25,2878,0,56,55
01-19-21,Hawkins,4479,20,3770,9,709,11,4068,16,26438,64,30506,80,2,70,-73,377,91,4032,0,124,80
01-19-21,Haywood,2470,5,2083,1,387,4,2364,1,12047,29,14411,30,0,45,-19,112,24,2313,0,73,53
01-19-21,Henderson,3387,8,2399,2,988,6,3022,5,14743,20,17765,25,0,57,-21,161,29,3169,0,72,64
01-19-21,Henry,2709,15,2163,10,546,5,2498,13,15995,26,18493,39,0,58,-11,139,26,2512,2,73,63
01-19-21,Hickman,2408,21,2018,5,390,16,2338,5,13938,48,16276,53,0,34,-6,126,27,2248,0,48,37
01-19-21,Houston,967,3,736,1,231,2,836,1,7932,11,8768,12,0,22,-4,29,7,916,0,38,27
01-19-21,Humphreys,1362,17,937,2,425,15,1097,2,10054,31,11151,33,0,17,3,53,14,1292,0,27,18
01-19-21,Jackson,1151,10,913,2,238,8,1066,3,4756,8,5822,11,1,22,-1,48,10,1081,0,34,28
01-19-21,Jefferson,4957,37,3577,13,1380,24,4024,15,31286,81,35310,96,0,75,-55,441,92,4441,2,150,86
01-19-21,Johnson,2013,7,1841,4,172,3,1959,6,12149,14,14108,20,0,32,-20,115,27,1866,1,55,34
01-19-21,Knox,39943,310,35002,195,4941,115,38181,228,264521,1003,302702,1231,8,408,-84,2617,386,36918,14,1118,454
01-19-21,Lake,1566,8,1400,6,166,2,1649,6,8929,20,10578,26,0,19,-2,60,10,1487,0,21,22
01-19-21,Lauderdale,2909,10,2280,5,629,5,2611,7,18261,42,20872,49,0,31,-12,145,22,2733,0,79,34
01-19-21,Lawrence,5109,34,4058,16,1051,18,4463,18,24494,60,28957,78,0,69,-17,326,51,4714,2,126,71
01-19-21,Lewis,1298,10,1076,2,222,8,1166,3,9008,24,10174,27,0,20,-3,69,13,1209,1,37,22
01-19-21,Lincoln,3794,6,2991,4,803,2,3397,6,15076,47,18473,53,0,44,-48,208,54,3542,0,73,49
01-19-21,Loudon,4912,27,4046,9,866,18,4401,10,26707,60,31108,70,0,50,-43,323,70,4539,1,107,50
01-19-21,Macon,3081,20,2499,11,582,9,2932,15,13414,21,16346,36,0,50,0,138,20,2893,0,110,64
01-19-21,Madison,9283,55,5239,16,4044,39,6432,18,47793,180,54225,198,0,179,-24,-175,79,9279,0,317,201
01-19-21,Marion,2609,19,2277,9,332,10,2549,12,14880,41,17429,53,0,31,-26,236,45,2342,0,99,43
01-19-21,Marshall,3472,20,2919,7,553,13,3270,8,20121,55,23391,63,0,36,-28,326,48,3110,0,77,41
01-19-21,Maury,11010,82,10046,36,964,46,11071,45,62249,274,73320,319,0,123,-43,815,125,10072,4,252,138
01-19-21,McMinn,5204,25,4741,14,463,11,5219,16,34793,323,40012,339,0,73,-44,348,69,4783,1,128,80
01-19-21,McNairy,2393,23,1705,14,688,9,2109,14,15166,80,17275,94,0,42,1,100,22,2251,0,56,47
01-19-21,Meigs,1122,12,1037,11,85,1,1154,13,6447,24,7601,37,0,16,1,82,11,1024,0,35,18
01-19-21,Monroe,4655,43,3861,19,794,24,4315,18,22544,44,26859,62,0,62,-34,358,77,4235,0,130,78
01-19-21,Montgomery,14942,213,11447,71,3495,142,12573,81,91475,411,104048,492,0,149,-7,1502,220,13291,1,269,177
01-19-21,Moore,858,5,680,2,178,3,762,4,4228,5,4990,9,0,9,-6,57,11,792,0,14,11
01-19-21,Morgan,2062,22,1585,10,477,12,1686,4,13346,35,15032,39,0,15,-6,177,28,1870,1,29,24
01-19-21,Obion,4135,18,3099,13,1036,5,3507,16,19162,87,22669,103,1,80,-16,160,33,3895,1,94,85
01-19-21,Out of State,14676,78,11824,53,2852,25,13255,63,519223,1956,532478,2019,-1,79,-99,802,178,13795,0,171,70
01-19-21,Overton,2658,15,2037,5,621,10,2396,4,13020,15,15416,19,0,43,-19,183,34,2432,0,59,53
01-19-21,Pending,13276,156,8868,54,4408,102,9814,68,333493,1111,343307,1179,1,127,-32,1072,187,12077,0,116,108
01-19-21,Perry,968,6,847,1,121,5,941,0,5538,10,6479,10,0,25,-2,24,8,919,0,27,25
01-19-21,Pickett,696,3,466,0,230,3,557,0,3027,5,3584,5,1,20,-10,48,12,628,0,28,21
01-19-21,Polk,1437,14,1331,11,106,3,1483,13,7522,22,9005,35,0,17,-9,114,23,1306,0,53,20
01-19-21,Putnam,9729,41,8161,22,1568,19,9776,22,60692,102,70468,124,4,140,-87,469,124,9120,2,189,157
01-19-21,Rhea,3751,20,3326,9,425,11,3732,12,22208,68,25940,80,0,56,-34,239,54,3456,0,78,64
01-19-21,Roane,5170,27,4172,8,998,19,4612,11,36273,43,40885,54,0,79,-44,290,71,4801,2,125,83
01-19-21,Robertson,7948,66,6588,29,1360,37,7437,32,36516,115,43953,147,0,85,-32,524,98,7339,3,370,98
01-19-21,Rutherford,33858,227,30404,169,3454,58,35496,202,190133,836,225629,1038,2,287,-130,2015,355,31556,2,514,321
01-19-21,Scott,2541,17,1534,3,1007,14,1633,2,9907,28,11540,30,0,31,-10,148,27,2362,0,57,35
01-19-21,Sequatchie,1340,8,1123,3,217,5,1223,4,10426,15,11649,19,0,18,-18,91,26,1231,1,32,24
01-19-21,Sevier,10589,62,9597,44,992,18,10485,49,54837,176,65322,225,0,108,-93,571,155,9910,2,236,136
01-19-21,Shelby,78204,439,73839,328,4365,111,90523,470,754538,3527,845061,3997,0,1128,-297,4331,736,72745,11,3110,1321
01-19-21,Smith,2374,17,1869,2,505,15,2347,4,11550,12,13897,16,0,27,-15,104,32,2243,0,57,30
01-19-21,Stewart,1086,10,847,7,239,3,954,9,5862,15,6816,24,0,20,-9,60,19,1006,0,22,23
01-19-21,Sullivan,12818,116,11297,89,1521,27,12205,92,69980,176,82185,268,0,211,-12,688,128,11919,7,652,241
01-19-21,Sumner,18968,142,17626,115,1342,27,19918,127,99508,379,119426,506,0,232,-110,1095,252,17641,2,657,273
01-19-21,Tipton,6304,45,4571,15,1733,30,5516,17,39690,128,45206,145,0,65,-40,370,85,5869,1,138,86
01-19-21,Trousdale,2306,3,2205,3,101,0,2362,3,7937,17,10299,20,0,14,-11,50,14,2242,0,35,19
01-19-21,Unicoi,1668,9,1327,3,341,6,1457,7,11380,41,12837,48,1,44,-15,117,23,1507,0,60,44
01-19-21,Union,1456,8,1259,6,197,2,1362,5,8953,21,10315,26,1,23,-13,64,20,1369,1,48,24
01-19-21,Van Buren,747,6,635,3,112,3,700,3,4531,6,5231,9,0,7,-6,61,12,679,1,17,11
01-19-21,Warren,4932,28,4277,15,655,13,4821,16,27811,54,32632,70,0,53,-33,246,61,4633,2,75,65
01-19-21,Washington,11756,67,10261,37,1495,30,11289,46,67330,221,78619,267,1,192,-57,707,123,10857,1,302,209
01-19-21,Wayne,2676,32,2233,11,443,21,2437,4,10051,30,12488,34,0,19,19,113,13,2544,0,51,25
01-19-21,Weakley,3519,15,2689,6,830,9,3060,7,19068,47,22128,54,0,48,-26,122,41,3349,0,54,51
01-19-21,White,3083,8,2602,4,481,4,3189,4,19826,27,23015,31,0,43,-20,147,28,2893,1,97,55
01-19-21,Williamson,21711,150,19201,91,2510,59,21372,103,149572,698,170944,801,0,140,-79,1355,229,20216,0,258,177
01-19-21,Wilson,14665,144,13567,119,1098,25,15484,141,83285,361,98769,502,1,158,-18,873,161,13634,1,300,182
01-18-21,Anderson,6985,19,5546,8,1439,11,6166,9,53015,93,59181,102,1,103,-67,591,85,6291,0,176,128
01-18-21,Bedford,5328,7,4353,2,975,5,5019,3,26456,30,31475,33,3,89,-63,350,67,4889,0,107,100
01-18-21,Benton,1380,2,1153,1,227,1,1274,0,8010,5,9284,5,0,35,-10,82,12,1263,0,35,37
01-18-21,Bledsoe,1768,2,1663,1,105,1,1761,0,12995,7,14756,7,0,10,-7,59,9,1699,0,28,10
01-18-21,Blount,12532,33,11191,15,1341,18,12287,15,60848,59,73135,74,1,125,-97,890,129,11517,0,278,151
01-18-21,Bradley,10934,42,9476,22,1458,20,10745,25,52877,116,63622,141,1,91,-93,691,134,10152,5,444,114
01-18-21,Campbell,3301,7,2026,4,1275,3,2270,5,22524,17,24794,22,0,40,-33,232,40,3029,1,101,49
01-18-21,Cannon,1589,2,1329,0,260,2,1481,0,7842,6,9323,6,0,19,-22,106,24,1464,0,29,24
01-18-21,Carroll,3149,14,2142,6,1007,8,2527,3,17673,10,20200,13,0,59,-28,198,42,2892,0,74,70
01-18-21,Carter,5387,5,4752,5,635,0,5193,12,31049,50,36242,62,0,112,-80,329,85,4946,0,199,138
01-18-21,Cheatham,3389,10,2780,7,609,3,3142,7,22490,25,25632,32,0,30,-31,194,41,3165,0,71,36
01-18-21,Chester,1792,1,1316,1,476,0,1570,1,9694,2,11264,3,0,37,-13,101,14,1654,0,36,42
01-18-21,Claiborne,2134,11,1488,3,646,8,1576,2,19543,5,21119,7,0,29,-13,255,24,1850,1,71,42
01-18-21,Clay,981,1,687,0,294,1,787,1,4945,3,5732,4,0,26,-7,56,8,899,0,22,28
01-18-21,Cocke,3487,16,2512,1,975,15,2766,0,17672,57,20438,57,0,56,-40,207,56,3224,0,94,79
01-18-21,Coffee,5655,12,4173,3,1482,9,5116,2,38794,19,43910,21,1,82,-41,382,52,5191,0,98,97
01-18-21,Crockett,1848,1,1138,0,710,1,1322,0,6464,8,7786,8,0,38,-21,58,22,1752,0,29,44
01-18-21,Cumberland,5569,10,4761,3,808,7,5450,3,42563,9,48013,12,0,72,-84,506,94,4991,1,131,95
01-18-21,Davidson,72411,167,69359,142,3052,25,84128,151,745656,975,829784,1126,4,665,-881,5085,1044,66661,2,1767,720
01-18-21,Decatur,1468,1,1115,1,353,0,1328,2,10290,4,11618,6,0,26,-16,57,17,1385,0,36,32
01-18-21,Dekalb,2402,1,1833,0,569,1,2120,0,14846,7,16966,7,0,41,-25,123,26,2238,0,50,44
01-18-21,Dickson,5369,15,4120,15,1249,0,4898,16,29646,60,34544,76,0,78,-71,91,86,5200,0,108,86
01-18-21,Dyer,4846,12,3287,2,1559,10,3695,2,19387,18,23082,20,0,82,-36,302,48,4462,0,100,86
01-18-21,Fayette,4149,15,3685,9,464,6,4520,9,31085,25,35605,34,0,51,-32,343,47,3755,0,109,58
01-18-21,Fentress,2155,1,1892,0,263,1,2159,0,10100,4,12259,4,0,31,-16,120,17,2004,0,52,41
01-18-21,Franklin,4167,9,3580,5,587,4,4196,3,29115,14,33311,17,3,61,-44,258,50,3848,0,95,74
01-18-21,Gibson,5695,6,3523,4,2172,2,4264,4,25888,23,30152,27,0,111,-42,312,48,5272,0,93,120
01-18-21,Giles,3297,9,2847,3,450,6,3263,2,19515,9,22778,11,1,72,-56,274,64,2951,0,102,77
01-18-21,Grainger,2113,5,1651,0,462,5,1843,0,11852,10,13695,10,0,35,-22,169,27,1909,0,59,43
01-18-21,Greene,6636,11,5318,8,1318,3,5922,7,37198,39,43120,46,0,108,-88,547,99,5981,0,165,121
01-18-21,Grundy,1438,0,1253,0,185,0,1446,0,6570,14,8016,14,1,21,-18,70,17,1347,0,53,24
01-18-21,Hamblen,7016,31,5328,17,1688,14,5952,19,40074,21,46026,40,0,109,-48,479,79,6428,0,222,141
01-18-21,Hamilton,34598,51,30720,36,3878,15,34427,35,264178,482,298605,517,1,327,-506,1430,556,32841,0,954,377
01-18-21,Hancock,428,1,314,0,114,1,336,0,3367,0,3703,0,0,6,-6,51,7,371,0,17,9
01-18-21,Hardeman,3150,6,2613,2,537,4,3061,3,22034,8,25095,11,0,52,-18,141,24,2957,0,93,56
01-18-21,Hardin,3066,0,2138,0,928,0,2560,0,20391,1,22951,1,0,47,-35,166,35,2853,0,56,53
01-18-21,Hawkins,4459,11,3761,8,698,3,4052,7,26374,86,30426,93,0,68,-42,450,53,3941,1,124,79
01-18-21,Haywood,2465,7,2082,6,383,1,2363,6,12018,8,14381,14,0,45,-13,131,20,2289,0,73,53
01-18-21,Henderson,3379,10,2397,9,982,1,3017,6,14723,8,17740,14,1,57,-26,182,35,3140,0,72,64
01-18-21,Henry,2694,12,2153,10,541,2,2485,11,15969,12,18454,23,0,58,-22,150,34,2486,3,71,61
01-18-21,Hickman,2387,7,2013,6,374,1,2333,9,13890,13,16223,22,0,34,-21,132,28,2221,0,48,36
01-18-21,Houston,964,1,735,0,229,1,835,0,7921,4,8756,4,0,22,-11,33,12,909,0,38,27
01-18-21,Humphreys,1345,5,935,5,410,0,1095,7,10023,10,11118,17,0,17,-8,50,13,1278,0,27,18
01-18-21,Jackson,1141,1,911,1,230,0,1063,1,4748,4,5811,5,0,21,-7,49,8,1071,0,34,28
01-18-21,Jefferson,4920,38,3564,23,1356,15,4009,18,31205,53,35214,71,0,75,-48,496,86,4349,1,148,83
01-18-21,Johnson,2006,2,1837,0,169,2,1953,0,12135,7,14088,7,0,32,-19,135,21,1839,0,54,34
01-18-21,Knox,39633,130,34807,80,4826,50,37953,77,263518,456,301471,533,7,400,-363,2701,486,36532,4,1104,451
01-18-21,Lake,1558,2,1394,2,164,0,1643,2,8909,1,10552,3,0,19,-2,62,4,1477,0,21,20
01-18-21,Lauderdale,2899,5,2275,4,624,1,2604,4,18219,15,20823,19,0,31,-27,157,32,2711,0,79,34
01-18-21,Lawrence,5075,9,4042,2,1033,7,4445,2,24434,24,28879,26,0,69,-46,343,55,4663,0,124,71
01-18-21,Lewis,1288,2,1074,0,214,2,1163,0,8984,4,10147,4,0,20,-12,72,14,1196,0,36,22
01-18-21,Lincoln,3788,5,2987,3,801,2,3391,2,15029,6,18420,8,0,44,-35,256,40,3488,0,73,48
01-18-21,Loudon,4885,9,4037,5,848,4,4391,6,26647,25,31038,31,0,50,-60,366,69,4469,0,106,50
01-18-21,Macon,3061,0,2488,0,573,0,2917,0,13393,13,16310,13,0,50,-32,138,32,2873,0,110,64
01-18-21,Madison,9228,14,5223,11,4005,3,6414,11,47613,48,54027,59,1,179,-96,-151,109,9200,0,317,200
01-18-21,Marion,2590,7,2268,5,322,2,2537,4,14839,34,17376,38,0,31,-44,262,51,2297,1,99,43
01-18-21,Marshall,3452,6,2912,3,540,3,3262,3,20066,14,23328,17,0,36,-22,354,28,3062,0,77,41
01-18-21,Maury,10928,17,10010,15,918,2,11026,12,61975,119,73001,131,0,123,-99,858,116,9947,0,248,138
01-18-21,McMinn,5179,8,4727,3,452,5,5203,5,34470,30,39673,35,0,73,-43,392,51,4714,0,127,80
01-18-21,McNairy,2370,12,1691,8,679,4,2095,8,15086,2,17181,10,0,42,-13,99,25,2229,0,56,47
01-18-21,Meigs,1110,4,1026,4,84,0,1141,3,6423,8,7564,11,0,16,-7,81,11,1013,1,35,18
01-18-21,Monroe,4612,10,3842,3,770,7,4297,5,22500,23,26797,28,0,62,-53,392,63,4158,0,130,77
01-18-21,Montgomery,14729,49,11376,32,3353,17,12492,31,91064,191,103556,222,0,149,-141,1509,190,13071,1,268,174
01-18-21,Moore,853,12,678,10,175,2,758,2,4223,2,4981,4,0,9,2,63,10,781,0,14,11
01-18-21,Morgan,2040,3,1575,2,465,1,1682,1,13311,4,14993,5,1,15,-50,183,52,1842,0,28,22
01-18-21,Obion,4117,8,3086,4,1031,4,3491,5,19075,23,22566,28,1,79,-48,176,55,3862,0,93,85
01-18-21,Out of State,14598,48,11771,13,2827,35,13192,17,517267,485,530459,502,1,80,-178,901,225,13617,1,171,69
01-18-21,Overton,2643,3,2032,1,611,2,2392,1,13005,7,15397,8,1,43,-34,202,36,2398,0,59,53
01-18-21,Pending,13120,40,8814,22,4306,18,9746,21,332382,510,342128,531,0,126,-259,1104,299,11890,1,116,107
01-18-21,Perry,962,0,846,0,116,0,941,1,5528,1,6469,2,0,25,-3,26,3,911,0,27,25
01-18-21,Pickett,693,0,466,0,227,0,557,0,3022,0,3579,0,0,19,-16,58,16,616,0,28,21
01-18-21,Polk,1423,2,1320,2,103,0,1470,3,7500,15,8970,18,0,17,-19,123,21,1283,1,53,20
01-18-21,Putnam,9688,6,8139,3,1549,3,9754,3,60590,25,70344,28,0,136,-106,556,112,8996,0,187,156
01-18-21,Rhea,3731,2,3317,0,414,2,3720,0,22140,8,25860,8,0,56,-45,273,47,3402,0,78,64
01-18-21,Roane,5143,13,4164,8,979,5,4601,8,36230,23,40831,31,0,79,-50,334,63,4730,1,123,83
01-18-21,Robertson,7882,8,6559,6,1323,2,7405,12,36401,34,43806,46,0,85,-87,556,95,7241,3,367,97
01-18-21,Rutherford,33631,75,30235,67,3396,8,35294,76,189297,312,224591,388,2,285,-341,2145,414,31201,2,512,316
01-18-21,Scott,2524,4,1531,0,993,4,1631,0,9879,1,11510,1,0,31,-28,158,32,2335,0,57,35
01-18-21,Sequatchie,1332,4,1120,3,212,1,1219,3,10411,5,11630,8,0,18,-11,109,15,1205,1,31,23
01-18-21,Sevier,10527,28,9553,15,974,13,10436,18,54661,59,65097,77,0,108,-114,664,142,9755,0,234,134
01-18-21,Shelby,77765,235,73511,188,4254,47,90053,194,751011,930,841064,1124,0,1128,-748,4628,983,72009,2,3099,1310
01-18-21,Smith,2357,1,1867,1,490,0,2343,1,11538,6,13881,7,0,27,-24,119,25,2211,0,57,30
01-18-21,Stewart,1076,3,840,2,236,1,945,1,5847,12,6792,13,0,20,-14,69,17,987,1,22,23
01-18-21,Sullivan,12702,28,11208,22,1494,6,12113,25,69804,121,81917,146,0,211,-117,700,145,11791,0,645,240
01-18-21,Sumner,18826,35,17511,31,1315,4,19791,32,99129,139,118920,171,2,232,-182,1205,215,17389,2,655,272
01-18-21,Tipton,6259,12,4556,3,1703,9,5499,4,39562,25,45061,29,0,65,-62,410,74,5784,0,137,86
01-18-21,Trousdale,2303,0,2202,0,101,0,2359,0,7920,3,10279,3,0,14,-15,61,15,2228,0,35,19
01-18-21,Unicoi,1659,2,1324,1,335,1,1450,0,11339,2,12789,2,0,43,-17,132,19,1484,1,60,43
01-18-21,Union,1448,2,1253,2,195,0,1357,2,8932,10,10289,12,1,22,-15,77,16,1349,0,47,23
01-18-21,Van Buren,741,0,632,0,109,0,697,0,4525,1,5222,1,0,7,-15,67,15,667,0,16,11
01-18-21,Warren,4904,5,4262,2,642,3,4805,2,27757,6,32562,8,0,53,-33,279,38,4572,0,73,64
01-18-21,Washington,11689,15,10224,13,1465,2,11243,16,67109,84,78352,100,0,191,-120,764,135,10734,1,301,207
01-18-21,Wayne,2644,4,2222,2,422,2,2433,3,10021,9,12454,12,0,19,-17,94,21,2531,0,51,25
01-18-21,Weakley,3504,9,2683,5,821,4,3053,2,19021,19,22074,21,0,48,-25,148,34,3308,1,54,51
01-18-21,White,3075,1,2598,0,477,1,3185,0,19799,9,22984,9,0,43,-26,167,27,2865,0,96,55
01-18-21,Williamson,21561,52,19110,36,2451,16,21269,33,148874,230,170143,263,2,140,-265,1434,315,19987,0,258,177
01-18-21,Wilson,14521,38,13448,30,1073,8,15343,24,82924,199,98267,223,2,157,-109,891,145,13473,2,299,180
01-17-21,Anderson,6966,37,5538,20,1428,17,6157,23,52922,94,59079,117,0,102,-6,658,43,6206,0,176,127
01-17-21,Bedford,5321,9,4351,9,970,0,5016,10,26426,62,31442,72,0,86,-22,413,31,4822,0,107,99
01-17-21,Benton,1378,4,1152,0,226,4,1274,0,8005,27,9279,27,0,35,-4,92,8,1251,0,35,37
01-17-21,Bledsoe,1766,4,1662,4,104,0,1761,4,12988,23,14749,27,0,10,-1,66,5,1690,0,28,10
01-17-21,Blount,12499,44,11176,38,1323,6,12272,39,60789,99,73061,138,1,124,-55,987,98,11388,2,278,149
01-17-21,Bradley,10892,34,9454,28,1438,6,10720,34,52761,136,63481,170,0,90,-56,784,90,10018,0,439,112
01-17-21,Campbell,3294,6,2022,4,1272,2,2265,4,22507,23,24772,27,0,40,-13,265,19,2989,0,100,49
01-17-21,Cannon,1587,7,1329,2,258,5,1481,3,7836,16,9317,19,0,19,2,128,5,1440,0,29,24
01-17-21,Carroll,3135,19,2136,10,999,9,2524,21,17663,33,20187,54,0,59,-8,226,27,2850,1,74,70
01-17-21,Carter,5382,20,4747,16,635,4,5181,16,30999,72,36180,88,0,112,-6,409,26,4861,0,199,138
01-17-21,Cheatham,3379,11,2773,10,606,1,3135,11,22465,67,25600,78,1,30,-7,225,17,3124,0,71,36
01-17-21,Chester,1791,8,1315,8,476,0,1569,8,9692,85,11261,93,0,37,-4,114,12,1640,1,36,42
01-17-21,Claiborne,2123,27,1485,9,638,18,1574,6,19538,32,21112,38,7,29,5,268,15,1826,3,70,42
01-17-21,Clay,980,3,687,1,293,2,786,1,4942,8,5728,9,0,26,1,63,2,891,1,22,28
01-17-21,Cocke,3471,11,2511,6,960,5,2766,6,17615,29,20381,35,0,56,-10,247,21,3168,0,94,78
01-17-21,Coffee,5643,25,4170,14,1473,11,5114,18,38775,65,43889,83,0,81,-7,423,32,5139,0,98,97
01-17-21,Crockett,1847,6,1138,0,709,6,1322,2,6456,4,7778,6,0,38,-4,79,10,1730,0,29,44
01-17-21,Cumberland,5559,30,4758,25,801,5,5447,29,42554,66,48001,95,0,72,-8,590,38,4897,0,130,92
01-17-21,Davidson,72244,261,69217,238,3027,23,83977,254,744681,1676,828658,1930,5,661,-162,5966,418,65617,3,1765,711
01-17-21,Decatur,1467,2,1114,2,353,0,1326,2,10286,13,11612,15,0,26,-4,73,6,1368,0,36,32
01-17-21,Dekalb,2401,7,1833,6,568,1,2120,7,14839,25,16959,32,0,41,0,148,7,2212,0,50,44
01-17-21,Dickson,5354,6,4105,6,1249,0,4882,11,29586,50,34468,61,1,78,-32,162,37,5114,0,108,85
01-17-21,Dyer,4834,16,3285,2,1549,14,3693,2,19369,18,23062,20,0,82,0,338,16,4414,2,100,86
01-17-21,Fayette,4134,23,3676,22,458,1,4511,21,31060,59,35571,80,0,51,-6,375,29,3708,0,109,58
01-17-21,Fentress,2154,4,1892,2,262,2,2159,3,10096,20,12255,23,0,31,-2,136,6,1987,0,52,40
01-17-21,Franklin,4158,14,3575,7,583,7,4193,13,29101,88,33294,101,0,58,-11,302,25,3798,0,95,72
01-17-21,Gibson,5689,28,3519,7,2170,21,4260,12,25865,62,30125,74,0,111,-3,354,31,5224,0,93,119
01-17-21,Giles,3288,15,2844,11,444,4,3261,15,19506,66,22767,81,0,71,-25,330,40,2887,1,102,77
01-17-21,Grainger,2108,5,1651,3,457,2,1843,3,11842,28,13685,31,0,35,-4,191,9,1882,0,59,43
01-17-21,Greene,6625,24,5310,11,1315,13,5915,11,37159,110,43074,121,0,108,-30,635,54,5882,1,165,120
01-17-21,Grundy,1438,1,1253,1,185,0,1446,1,6556,9,8002,10,0,20,-14,88,15,1330,0,53,24
01-17-21,Hamblen,6985,24,5311,8,1674,16,5933,7,40053,116,45986,123,0,109,-41,527,65,6349,2,222,137
01-17-21,Hamilton,34547,132,30684,105,3863,27,34392,118,263696,769,298088,887,0,326,-194,1936,326,32285,2,954,376
01-17-21,Hancock,427,2,314,0,113,2,336,0,3367,6,3703,6,0,6,-2,57,4,364,0,17,9
01-17-21,Hardeman,3144,12,2611,5,533,7,3058,5,22026,49,25084,54,0,52,-3,159,15,2933,0,93,56
01-17-21,Hardin,3066,10,2138,6,928,4,2560,7,20390,80,22950,87,0,47,-3,201,13,2818,0,56,53
01-17-21,Hawkins,4448,17,3753,12,695,5,4045,10,26288,51,30333,61,0,68,-7,492,24,3888,0,123,78
01-17-21,Haywood,2458,3,2076,1,382,2,2357,2,12010,17,14367,19,0,45,-4,144,7,2269,0,73,53
01-17-21,Henderson,3369,11,2388,5,981,6,3011,5,14715,28,17726,33,0,56,-8,208,19,3105,1,72,64
01-17-21,Henry,2682,7,2143,7,539,0,2474,6,15957,28,18431,34,0,58,-10,172,17,2452,0,68,61
01-17-21,Hickman,2380,8,2007,4,373,4,2324,5,13877,31,16201,36,0,34,-14,153,22,2193,1,48,36
01-17-21,Houston,963,0,735,0,228,0,835,0,7917,37,8752,37,0,22,-6,44,6,897,0,38,27
01-17-21,Humphreys,1340,2,930,1,410,1,1088,1,10013,28,11101,29,0,17,-2,58,4,1265,0,27,18
01-17-21,Jackson,1140,3,910,0,230,3,1062,0,4744,10,5806,10,0,21,-5,56,8,1063,0,34,28
01-17-21,Jefferson,4882,18,3541,9,1341,9,3991,11,31152,67,35143,78,0,75,-10,544,28,4263,0,147,82
01-17-21,Johnson,2004,4,1837,4,167,0,1953,4,12128,48,14081,52,0,32,-2,154,6,1818,1,54,33
01-17-21,Knox,39503,180,34727,137,4776,43,37876,143,263062,657,300938,800,3,393,-206,3064,383,36046,8,1100,442
01-17-21,Lake,1556,3,1392,3,164,0,1641,4,8908,7,10549,11,0,19,0,64,3,1473,0,21,20
01-17-21,Lauderdale,2894,6,2271,6,623,0,2600,7,18204,23,20804,30,0,31,-3,184,9,2679,0,79,34
01-17-21,Lawrence,5066,12,4040,7,1026,5,4443,9,24410,45,28853,54,0,69,-27,389,39,4608,0,124,71
01-17-21,Lewis,1286,5,1074,4,212,1,1163,5,8980,14,10143,19,0,20,2,84,3,1182,0,36,22
01-17-21,Lincoln,3783,13,2984,7,799,6,3389,8,15023,46,18412,54,0,44,-6,291,19,3448,0,73,47
01-17-21,Loudon,4876,19,4032,9,844,10,4385,11,26622,62,31007,73,0,50,-6,426,25,4400,0,106,50
01-17-21,Macon,3061,18,2488,17,573,1,2917,17,13380,23,16297,40,0,50,6,170,12,2841,0,110,64
01-17-21,Madison,9214,59,5212,14,4002,45,6403,18,47565,126,53968,144,0,178,3,-55,56,9091,2,317,200
01-17-21,Marion,2583,8,2263,5,320,3,2533,5,14805,40,17338,45,0,31,-20,306,28,2246,0,98,43
01-17-21,Marshall,3446,22,2909,13,537,9,3259,14,20052,43,23311,57,0,36,-3,376,25,3034,0,77,41
01-17-21,Maury,10911,27,9995,24,916,3,11014,21,61856,154,72870,175,0,123,-29,957,56,9831,1,248,137
01-17-21,McMinn,5171,19,4724,13,447,6,5198,14,34440,121,39638,135,0,73,-12,435,31,4663,1,127,79
01-17-21,McNairy,2358,7,1683,3,675,4,2087,3,15084,183,17171,186,0,42,-7,112,14,2204,0,56,47
01-17-21,Meigs,1106,3,1022,1,84,2,1138,1,6415,16,7553,17,0,16,-2,88,5,1002,0,34,18
01-17-21,Monroe,4602,20,3839,14,763,6,4292,18,22477,25,26769,43,0,62,-23,445,43,4095,0,130,77
01-17-21,Montgomery,14680,105,11344,78,3336,27,12461,81,90873,376,103334,457,1,149,-8,1650,112,12881,2,267,174
01-17-21,Moore,841,4,668,1,173,3,756,1,4221,9,4977,10,0,9,0,61,4,771,0,14,11
01-17-21,Morgan,2037,7,1573,4,464,3,1681,5,13307,22,14988,27,0,14,1,233,6,1790,0,28,22
01-17-21,Obion,4109,3,3082,3,1027,0,3486,5,19052,28,22538,33,0,78,-23,224,26,3807,0,93,84
01-17-21,Out of State,14550,46,11758,35,2792,11,13175,40,516782,791,529957,831,0,79,-34,1079,80,13392,1,170,68
01-17-21,Overton,2640,16,2031,3,609,13,2391,4,12998,30,15389,34,0,42,2,236,14,2362,0,59,53
01-17-21,Pending,13080,74,8792,30,4288,44,9725,36,331872,675,341597,711,-1,126,-89,1363,164,11591,1,115,107
01-17-21,Perry,962,1,846,1,116,0,940,1,5527,7,6467,8,0,25,-1,29,2,908,0,27,25
01-17-21,Pickett,693,3,466,0,227,3,557,0,3022,5,3579,5,0,19,-1,74,4,600,0,28,21
01-17-21,Polk,1421,7,1318,6,103,1,1467,6,7485,18,8952,24,0,17,1,142,6,1262,1,52,20
01-17-21,Putnam,9682,18,8136,12,1546,6,9751,11,60565,120,70316,131,0,136,-35,662,53,8884,0,187,155
01-17-21,Rhea,3729,14,3317,10,412,4,3720,11,22132,59,25852,70,0,56,-5,318,19,3355,0,78,64
01-17-21,Roane,5130,18,4156,11,974,7,4593,12,36207,61,40800,73,1,79,-9,384,26,4667,0,122,83
01-17-21,Robertson,7874,25,6553,22,1321,3,7393,18,36367,102,43760,120,0,85,-22,643,47,7146,0,364,95
01-17-21,Rutherford,33556,108,30168,85,3388,23,35218,87,188985,582,224203,669,1,283,-126,2486,233,30787,1,510,313
01-17-21,Scott,2520,4,1531,2,989,2,1631,5,9878,23,11509,28,0,31,-2,186,6,2303,0,57,35
01-17-21,Sequatchie,1328,4,1117,2,211,2,1216,1,10406,19,11622,20,0,18,-5,120,9,1190,0,30,23
01-17-21,Sevier,10499,33,9538,21,961,12,10418,26,54602,139,65020,165,0,108,-42,778,75,9613,0,234,133
01-17-21,Shelby,77530,329,73323,299,4207,30,89859,356,750081,2137,839940,2493,13,1128,-64,5376,380,71026,5,3097,1297
01-17-21,Smith,2356,8,1866,7,490,1,2342,8,11532,79,13874,87,0,27,-2,143,10,2186,0,57,30
01-17-21,Stewart,1073,6,838,4,235,2,944,5,5835,19,6779,24,0,20,3,83,3,970,0,21,23
01-17-21,Sullivan,12674,44,11186,41,1488,3,12088,44,69683,244,81771,288,1,211,-31,817,74,11646,3,645,239
01-17-21,Sumner,18791,70,17480,60,1311,10,19759,62,98990,259,118749,321,1,230,-53,1387,122,17174,1,653,270
01-17-21,Tipton,6247,20,4553,10,1694,10,5495,11,39537,85,45032,96,0,65,-11,472,31,5710,0,137,84
01-17-21,Trousdale,2303,1,2202,1,101,0,2359,1,7917,17,10276,18,0,14,-3,76,4,2213,0,35,19
01-17-21,Unicoi,1657,4,1323,2,334,2,1450,2,11337,30,12787,32,0,43,-3,149,7,1465,0,59,43
01-17-21,Union,1446,7,1251,4,195,3,1355,3,8922,16,10277,19,0,21,-4,92,11,1333,0,47,23
01-17-21,Van Buren,741,4,632,2,109,2,697,2,4524,4,5221,6,0,7,0,82,4,652,0,16,11
01-17-21,Warren,4899,13,4260,7,639,6,4803,9,27751,62,32554,71,0,53,-6,312,19,4534,0,73,64
01-17-21,Washington,11674,29,10211,22,1463,7,11227,22,67025,225,78252,247,0,191,-24,884,53,10599,0,300,206
01-17-21,Wayne,2640,10,2220,8,420,2,2430,8,10012,21,12442,29,0,19,2,111,8,2510,1,51,23
01-17-21,Weakley,3495,7,2678,2,817,5,3051,2,19002,34,22053,36,0,48,-12,173,19,3274,0,53,51
01-17-21,White,3074,18,2598,14,476,4,3185,14,19790,27,22975,41,0,43,1,193,17,2838,1,96,54
01-17-21,Williamson,21509,89,19074,67,2435,22,21236,61,148644,472,169880,533,0,138,-80,1699,169,19672,1,258,175
01-17-21,Wilson,14483,35,13418,33,1065,2,15319,39,82725,277,98044,316,1,155,-58,1000,92,13328,0,297,178
01-16-21,Anderson,6929,67,5518,30,1411,37,6134,35,52828,246,58962,281,1,102,4,664,62,6163,1,176,125
01-16-21,Bedford,5312,60,4342,47,970,13,5006,55,26364,253,31370,308,1,86,12,435,47,4791,0,107,97
01-16-21,Benton,1374,9,1152,8,222,1,1274,8,7978,58,9252,66,0,35,0,96,9,1243,1,35,37
01-16-21,Bledsoe,1762,12,1658,8,104,4,1757,11,12965,41,14722,52,0,10,0,67,12,1685,0,28,10
01-16-21,Blount,12455,112,11138,91,1317,21,12233,103,60690,363,72923,466,1,123,7,1042,104,11290,0,276,147
01-16-21,Bradley,10858,130,9426,104,1432,26,10686,124,52625,396,63311,520,0,90,32,840,98,9928,8,439,110
01-16-21,Campbell,3288,60,2018,13,1270,47,2261,16,22484,85,24745,101,1,40,39,278,20,2970,1,100,48
01-16-21,Cannon,1580,11,1327,7,253,4,1478,7,7820,46,9298,53,0,19,-1,126,12,1435,0,29,23
01-16-21,Carroll,3116,24,2126,20,990,4,2503,27,17630,73,20133,100,0,59,4,234,20,2823,2,73,70
01-16-21,Carter,5362,32,4731,26,631,6,5165,26,30927,226,36092,252,0,112,-11,415,43,4835,0,199,136
01-16-21,Cheatham,3368,19,2763,10,605,9,3124,14,22398,136,25522,150,1,29,-5,232,23,3107,0,71,36
01-16-21,Chester,1783,19,1307,16,476,3,1561,17,9607,48,11168,65,0,37,5,118,14,1628,0,35,41
01-16-21,Claiborne,2096,50,1476,23,620,27,1568,23,19506,293,21074,316,1,22,36,263,13,1811,5,67,42
01-16-21,Clay,977,7,686,4,291,3,785,4,4934,20,5719,24,0,26,1,62,6,889,0,21,28
01-16-21,Cocke,3460,28,2505,14,955,14,2760,16,17586,89,20346,105,0,56,-20,257,48,3147,0,94,78
01-16-21,Coffee,5618,59,4156,42,1462,17,5096,61,38710,269,43806,330,0,81,12,430,47,5107,1,98,96
01-16-21,Crockett,1841,3,1138,2,703,1,1320,3,6452,32,7772,35,0,38,-11,83,14,1720,0,29,44
01-16-21,Cumberland,5529,62,4733,48,796,14,5418,56,42488,278,47906,334,0,72,1,598,61,4859,1,130,89
01-16-21,Davidson,71983,831,68979,767,3004,64,83723,1022,743005,5512,826728,6534,2,656,394,6128,435,65199,7,1762,704
01-16-21,Decatur,1465,10,1112,7,353,3,1324,8,10273,52,11597,60,0,26,-2,77,12,1362,0,36,32
01-16-21,Dekalb,2394,16,1827,7,567,9,2113,10,14814,84,16927,94,1,41,-2,148,17,2205,0,50,44
01-16-21,Dickson,5348,36,4099,22,1249,14,4871,38,29536,156,34407,194,0,77,-42,194,78,5077,2,108,85
01-16-21,Dyer,4818,37,3283,18,1535,19,3691,19,19351,89,23042,108,1,82,8,338,28,4398,2,98,86
01-16-21,Fayette,4111,51,3654,42,457,9,4490,57,31001,279,35491,336,0,51,4,381,47,3679,0,109,58
01-16-21,Fentress,2150,9,1890,8,260,1,2156,9,10076,117,12232,126,0,31,-2,138,11,1981,0,52,39
01-16-21,Franklin,4144,59,3568,39,576,20,4180,43,29013,222,33193,265,2,58,23,313,34,3773,1,95,72
01-16-21,Gibson,5661,29,3512,19,2149,10,4248,22,25803,136,30051,158,0,111,-6,357,35,5193,0,93,117
01-16-21,Giles,3273,27,2833,24,440,3,3246,32,19440,127,22686,159,0,71,-32,355,59,2847,1,101,74
01-16-21,Grainger,2103,25,1648,17,455,8,1840,20,11814,100,13654,120,0,35,9,195,16,1873,0,59,43
01-16-21,Greene,6601,57,5299,39,1302,18,5904,42,37049,403,42953,445,0,108,-3,665,60,5828,1,164,118
01-16-21,Grundy,1437,9,1252,7,185,2,1445,8,6547,51,7992,59,0,20,0,102,9,1315,0,53,24
01-16-21,Hamblen,6961,70,5303,29,1658,41,5926,35,39937,207,45863,242,3,109,13,568,54,6284,0,220,136
01-16-21,Hamilton,34415,407,30579,314,3836,93,34274,375,262927,2421,297201,2796,2,326,-26,2130,431,31959,8,952,372
01-16-21,Hancock,425,7,314,2,111,5,336,2,3361,51,3697,53,0,6,6,59,1,360,0,17,9
01-16-21,Hardeman,3132,13,2606,8,526,5,3053,8,21977,86,25030,94,0,52,-3,162,16,2918,0,93,56
01-16-21,Hardin,3056,17,2132,9,924,8,2553,12,20310,130,22863,142,1,47,-7,204,23,2805,0,56,52
01-16-21,Hawkins,4431,42,3741,26,690,16,4035,35,26237,277,30272,312,0,68,-4,499,46,3864,0,123,78
01-16-21,Haywood,2455,17,2075,15,380,2,2355,17,11993,80,14348,97,0,45,6,148,11,2262,0,73,52
01-16-21,Henderson,3358,9,2383,9,975,0,3006,14,14687,77,17693,91,1,56,-21,216,29,3086,0,71,63
01-16-21,Henry,2675,19,2136,17,539,2,2468,19,15929,64,18397,83,1,58,2,182,16,2435,0,68,61
01-16-21,Hickman,2372,26,2003,18,369,8,2319,22,13846,109,16165,131,0,34,-2,167,28,2171,0,47,36
01-16-21,Houston,963,10,735,7,228,3,835,8,7880,97,8715,105,0,22,5,50,5,891,0,38,27
01-16-21,Humphreys,1338,7,929,5,409,2,1087,8,9985,59,11072,67,0,17,-1,60,8,1261,0,27,18
01-16-21,Jackson,1137,9,910,7,227,2,1062,7,4734,25,5796,32,0,21,0,61,9,1055,0,34,28
01-16-21,Jefferson,4864,66,3532,37,1332,29,3980,47,31085,234,35065,281,0,75,14,554,52,4235,1,147,82
01-16-21,Johnson,2000,7,1833,5,167,2,1949,7,12080,106,14029,113,1,32,-1,156,7,1812,0,53,33
01-16-21,Knox,39323,423,34590,342,4733,81,37733,397,262405,1778,300138,2175,1,390,13,3270,409,35663,7,1092,436
01-16-21,Lake,1553,9,1389,9,164,0,1637,9,8901,36,10538,45,0,19,3,64,6,1470,0,21,20
01-16-21,Lauderdale,2888,16,2265,13,623,3,2593,13,18181,69,20774,82,0,31,6,187,10,2670,1,79,34
01-16-21,Lawrence,5054,33,4033,25,1021,8,4434,36,24365,179,28799,215,0,69,-29,416,62,4569,0,124,71
01-16-21,Lewis,1281,3,1070,3,211,0,1158,6,8966,60,10124,66,0,20,-4,82,7,1179,0,36,22
01-16-21,Lincoln,3770,46,2977,37,793,9,3381,44,14977,99,18358,143,0,44,10,297,36,3429,2,73,47
01-16-21,Loudon,4857,44,4023,26,834,18,4374,27,26560,185,30934,212,0,50,10,432,34,4375,0,106,50
01-16-21,Macon,3043,17,2471,16,572,1,2900,18,13357,93,16257,111,0,50,-3,164,20,2829,0,110,62
01-16-21,Madison,9155,45,5198,35,3957,10,6385,42,47439,284,53824,326,0,178,-10,-58,55,9035,2,315,199
01-16-21,Marion,2575,57,2258,45,317,12,2528,48,14765,162,17293,210,0,31,41,326,16,2218,1,98,42
01-16-21,Marshall,3424,54,2896,36,528,18,3245,38,20009,138,23254,176,0,36,21,379,33,3009,2,77,41
01-16-21,Maury,10884,96,9971,91,913,5,10993,101,61702,460,72695,561,1,123,12,986,83,9775,3,247,136
01-16-21,McMinn,5152,55,4711,48,441,7,5184,53,34319,330,39503,383,0,73,24,447,31,4632,1,126,78
01-16-21,McNairy,2351,31,1680,23,671,8,2084,25,14901,99,16985,124,0,42,2,119,29,2190,0,56,47
01-16-21,Meigs,1103,17,1021,15,82,2,1137,17,6399,54,7536,71,0,16,11,90,6,997,0,34,18
01-16-21,Monroe,4582,61,3825,42,757,19,4274,45,22452,163,26726,208,0,62,28,468,33,4052,2,130,76
01-16-21,Montgomery,14575,227,11266,160,3309,67,12380,180,90497,866,102877,1046,0,148,91,1658,136,12769,4,265,173
01-16-21,Moore,837,2,667,1,170,1,755,5,4212,30,4967,35,1,9,-2,61,3,767,0,14,10
01-16-21,Morgan,2030,24,1569,17,461,7,1676,22,13285,62,14961,84,-1,14,14,232,11,1784,0,28,22
01-16-21,Obion,4106,21,3079,17,1027,4,3481,17,19024,160,22505,177,4,78,-10,247,27,3781,1,93,83
01-16-21,Out of State,14504,155,11723,118,2781,37,13135,143,515991,2765,529126,2908,1,79,43,1113,111,13312,1,169,67
01-16-21,Overton,2624,30,2028,14,596,16,2387,13,12968,86,15355,99,0,42,7,234,23,2348,0,59,53
01-16-21,Pending,13006,183,8762,89,4244,94,9689,111,331197,2406,340886,2517,-1,127,-11,1452,195,11427,2,114,103
01-16-21,Perry,961,9,845,8,116,1,939,8,5520,25,6459,33,0,25,1,30,8,906,0,27,25
01-16-21,Pickett,690,5,466,4,224,1,557,4,3017,36,3574,40,0,19,1,75,4,596,0,28,21
01-16-21,Polk,1414,19,1312,15,102,4,1461,18,7467,60,8928,78,0,17,9,141,10,1256,1,51,20
01-16-21,Putnam,9664,105,8124,84,1540,21,9740,102,60445,475,70185,577,0,136,62,697,43,8831,0,187,155
01-16-21,Rhea,3715,40,3307,30,408,10,3709,33,22073,224,25782,257,1,56,5,323,34,3336,0,78,64
01-16-21,Roane,5112,59,4145,35,967,24,4581,39,36146,269,40727,308,1,78,19,393,39,4641,0,122,83
01-16-21,Robertson,7849,87,6531,49,1318,38,7375,59,36265,315,43640,374,0,85,23,665,64,7099,3,364,95
01-16-21,Rutherford,33448,351,30083,269,3365,82,35131,341,188403,1542,223534,1883,0,282,68,2612,283,30554,4,509,311
01-16-21,Scott,2516,20,1529,9,987,11,1626,15,9855,59,11481,74,0,31,-1,188,21,2297,0,57,35
01-16-21,Sequatchie,1324,14,1115,5,209,9,1215,6,10387,51,11602,57,0,18,-3,125,17,1181,0,30,23
01-16-21,Sevier,10466,118,9517,95,949,23,10392,109,54463,530,64855,639,0,108,61,820,57,9538,2,234,129
01-16-21,Shelby,77201,735,73024,651,4177,84,89503,839,747944,6354,837447,7193,13,1115,215,5440,507,70646,13,3092,1286
01-16-21,Smith,2348,10,1859,6,489,4,2334,7,11453,110,13787,117,0,27,-3,145,13,2176,2,57,29
01-16-21,Stewart,1067,9,834,9,233,0,939,11,5816,49,6755,60,0,20,-4,80,13,967,0,21,21
01-16-21,Sullivan,12630,132,11145,99,1485,33,12044,129,69439,545,81483,674,1,210,12,848,119,11572,12,642,239
01-16-21,Sumner,18721,202,17420,172,1301,30,19697,212,98731,749,118428,961,0,229,68,1440,134,17052,4,652,267
01-16-21,Tipton,6227,59,4543,33,1684,26,5484,42,39452,224,44936,266,1,65,13,483,45,5679,1,137,83
01-16-21,Trousdale,2302,2,2201,1,101,1,2358,7,7900,51,10258,58,0,14,-1,79,3,2209,0,35,19
01-16-21,Unicoi,1653,18,1321,12,332,6,1448,12,11307,59,12755,71,0,43,5,152,13,1458,1,59,43
01-16-21,Union,1439,20,1247,16,192,4,1352,16,8906,52,10258,68,0,21,11,96,9,1322,0,47,23
01-16-21,Van Buren,737,11,630,10,107,1,695,10,4520,19,5215,29,0,7,3,82,8,648,0,16,11
01-16-21,Warren,4886,39,4253,35,633,4,4794,39,27689,158,32483,197,0,53,12,318,27,4515,0,73,62
01-16-21,Washington,11645,96,10189,78,1456,18,11205,86,66800,607,78005,693,0,191,18,908,78,10546,1,300,206
01-16-21,Wayne,2630,8,2212,8,418,0,2422,9,9991,51,12413,60,0,19,-9,109,17,2502,1,50,23
01-16-21,Weakley,3488,17,2676,10,812,7,3049,11,18968,211,22017,222,0,48,-10,185,27,3255,0,53,51
01-16-21,White,3056,26,2584,22,472,4,3171,28,19763,161,22934,189,0,43,16,192,10,2821,1,95,53
01-16-21,Williamson,21420,240,19007,193,2413,47,21175,205,148172,1095,169347,1300,0,138,-16,1779,256,19503,0,257,173
01-16-21,Wilson,14448,149,13385,130,1063,19,15280,163,82448,654,97728,817,0,154,37,1058,112,13236,4,297,178
01-15-21,Anderson,6862,34,5488,20,1374,14,6099,24,52582,155,58681,179,0,101,-19,660,53,6101,1,175,122
01-15-21,Bedford,5252,20,4295,8,957,12,4951,11,26111,48,31062,59,0,85,-13,423,33,4744,0,107,95
01-15-21,Benton,1365,7,1144,2,221,5,1266,2,7920,8,9186,10,1,35,-1,96,7,1234,0,34,37
01-15-21,Bledsoe,1750,2,1650,2,100,0,1746,0,12924,49,14670,49,0,10,1,67,1,1673,0,28,10
01-15-21,Blount,12343,62,11047,47,1296,15,12130,51,60327,164,72457,215,2,122,7,1035,53,11186,0,276,146
01-15-21,Bradley,10728,50,9322,34,1406,16,10562,23,52229,84,62791,107,-1,90,-14,808,65,9830,1,431,108
01-15-21,Campbell,3228,11,2005,5,1223,6,2245,9,22399,43,24644,52,0,39,-16,239,27,2950,0,99,48
01-15-21,Cannon,1569,9,1320,4,249,5,1471,4,7774,25,9245,29,0,19,5,127,4,1423,1,29,23
01-15-21,Carroll,3092,11,2106,4,986,7,2476,3,17557,13,20033,16,0,59,1,230,10,2803,0,71,69
01-15-21,Carter,5330,9,4705,6,625,3,5139,5,30701,79,35840,84,4,112,-17,426,22,4792,1,199,134
01-15-21,Cheatham,3349,29,2753,19,596,10,3110,18,22262,123,25372,141,0,28,13,237,16,3084,1,71,36
01-15-21,Chester,1764,7,1291,2,473,5,1544,3,9559,8,11103,11,1,37,3,113,3,1614,0,35,41
01-15-21,Claiborne,2046,16,1453,11,593,5,1545,12,19213,22,20758,34,0,21,3,227,13,1798,1,62,40
01-15-21,Clay,970,12,682,3,288,9,781,3,4914,3,5695,6,0,26,11,61,1,883,1,21,28
01-15-21,Cocke,3432,14,2491,7,941,7,2744,5,17497,31,20241,36,1,56,-19,277,32,3099,0,94,77
01-15-21,Coffee,5559,11,4114,3,1445,8,5035,2,38441,97,43476,99,0,81,-7,418,18,5060,1,97,96
01-15-21,Crockett,1838,2,1136,2,702,0,1317,2,6420,10,7737,12,0,38,-7,94,9,1706,0,29,44
01-15-21,Cumberland,5467,31,4685,20,782,11,5362,21,42210,56,47572,77,1,72,-7,597,37,4798,0,129,87
01-15-21,Davidson,71152,261,68212,226,2940,35,82701,284,737493,2395,820194,2679,6,654,-38,5734,293,64764,1,1755,701
01-15-21,Decatur,1455,2,1105,2,350,0,1316,2,10221,4,11537,6,2,26,-1,79,1,1350,0,36,31
01-15-21,Dekalb,2378,15,1820,12,558,3,2103,12,14730,20,16833,32,0,40,9,150,6,2188,0,50,44
01-15-21,Dickson,5312,29,4077,15,1235,14,4833,17,29380,88,34213,105,0,77,16,236,13,4999,0,106,84
01-15-21,Dyer,4781,9,3265,6,1516,3,3672,6,19262,32,22934,38,0,81,2,330,7,4370,0,96,85
01-15-21,Fayette,4060,29,3612,25,448,4,4433,34,30722,53,35155,87,0,51,-5,377,34,3632,0,109,58
01-15-21,Fentress,2141,7,1882,5,259,2,2147,5,9959,17,12106,22,1,31,1,140,5,1970,0,52,39
01-15-21,Franklin,4085,28,3529,11,556,17,4137,14,28791,50,32928,64,0,56,17,290,11,3739,1,94,71
01-15-21,Gibson,5632,21,3493,13,2139,8,4226,13,25667,46,29893,59,2,111,-5,363,24,5158,1,93,117
01-15-21,Giles,3246,12,2809,9,437,3,3214,13,19313,45,22527,58,0,71,-7,387,19,2788,0,100,72
01-15-21,Grainger,2078,13,1631,9,447,4,1820,10,11714,30,13534,40,1,35,5,186,7,1857,0,59,43
01-15-21,Greene,6544,15,5260,11,1284,4,5862,10,36646,42,42508,52,0,108,-13,668,28,5768,0,163,118
01-15-21,Grundy,1428,3,1245,1,183,2,1437,1,6496,7,7933,8,0,20,-4,102,7,1306,0,53,24
01-15-21,Hamblen,6891,39,5274,12,1617,27,5891,13,39730,54,45621,67,0,106,12,555,27,6230,2,220,134
01-15-21,Hamilton,34008,131,30265,103,3743,28,33899,106,260506,637,294405,743,2,324,-69,2156,198,31528,4,944,367
01-15-21,Hancock,418,1,312,1,106,0,334,1,3310,0,3644,1,0,6,1,53,0,359,0,17,9
01-15-21,Hardeman,3119,6,2598,2,521,4,3045,1,21891,103,24936,104,1,52,-6,165,11,2902,0,93,56
01-15-21,Hardin,3039,6,2123,1,916,5,2541,2,20180,11,22721,13,0,46,-3,211,9,2782,0,56,52
01-15-21,Hawkins,4389,19,3715,13,674,6,4000,11,25960,84,29960,95,1,68,-11,503,29,3818,0,123,76
01-15-21,Haywood,2438,8,2060,4,378,4,2338,4,11913,29,14251,33,1,45,4,142,3,2251,0,73,52
01-15-21,Henderson,3349,9,2374,4,975,5,2992,4,14610,19,17602,23,2,55,-4,237,11,3057,0,71,62
01-15-21,Henry,2656,19,2119,11,537,8,2449,12,15865,20,18314,32,0,57,13,180,6,2419,0,68,61
01-15-21,Hickman,2346,8,1985,2,361,6,2297,1,13737,27,16034,28,0,34,-2,169,10,2143,0,47,36
01-15-21,Houston,953,1,728,1,225,0,827,1,7783,23,8610,24,0,22,-4,45,5,886,0,38,27
01-15-21,Humphreys,1331,11,924,8,407,3,1079,8,9926,13,11005,21,0,17,10,61,1,1253,0,27,18
01-15-21,Jackson,1128,4,903,3,225,1,1055,5,4709,6,5764,11,1,21,-1,61,4,1046,1,34,28
01-15-21,Jefferson,4798,43,3495,22,1303,21,3933,21,30851,58,34784,79,0,75,2,540,41,4183,1,146,80
01-15-21,Johnson,1993,4,1828,3,165,1,1942,2,11974,16,13916,18,1,31,-8,157,11,1805,0,53,32
01-15-21,Knox,38900,188,34248,150,4652,38,37336,147,260627,743,297963,890,0,389,-92,3257,280,35254,4,1085,428
01-15-21,Lake,1544,4,1380,4,164,0,1628,3,8865,10,10493,13,0,19,4,61,0,1464,0,21,20
01-15-21,Lauderdale,2872,10,2252,4,620,6,2580,4,18112,22,20692,26,0,31,-1,181,11,2660,1,78,34
01-15-21,Lawrence,5021,24,4008,15,1013,9,4398,15,24186,41,28584,56,0,69,7,445,17,4507,0,124,71
01-15-21,Lewis,1278,3,1067,2,211,1,1152,2,8906,2,10058,4,0,20,0,86,3,1172,0,36,22
01-15-21,Lincoln,3724,8,2940,7,784,1,3337,7,14878,12,18215,19,0,44,-4,287,12,3393,0,71,46
01-15-21,Loudon,4813,23,3997,14,816,9,4347,14,26375,59,30722,73,1,50,-4,422,26,4341,2,106,50
01-15-21,Macon,3026,27,2455,19,571,8,2882,22,13264,44,16146,66,0,50,22,167,5,2809,1,110,61
01-15-21,Madison,9110,25,5163,14,3947,11,6343,15,47155,80,53498,95,3,178,-30,-48,52,8980,1,313,198
01-15-21,Marion,2518,16,2213,13,305,3,2480,12,14603,15,17083,27,0,31,2,285,14,2202,1,97,42
01-15-21,Marshall,3370,24,2860,14,510,10,3207,10,19871,24,23078,34,0,36,5,358,19,2976,2,75,41
01-15-21,Maury,10788,46,9880,25,908,21,10892,22,61242,92,72134,114,2,122,-19,974,63,9692,4,244,134
01-15-21,McMinn,5097,16,4663,13,434,3,5131,12,33989,38,39120,50,1,73,-21,423,36,4601,1,125,77
01-15-21,McNairy,2320,12,1657,6,663,6,2059,6,14802,5,16861,11,0,42,6,117,6,2161,0,56,46
01-15-21,Meigs,1086,1,1006,0,80,1,1120,0,6345,7,7465,7,0,16,-7,79,8,991,0,34,18
01-15-21,Monroe,4521,37,3783,26,738,11,4229,29,22289,58,26518,87,0,62,14,440,23,4019,0,128,74
01-15-21,Montgomery,14348,145,11106,60,3242,85,12200,57,89631,152,101831,209,3,148,45,1567,97,12633,0,261,171
01-15-21,Moore,835,4,666,4,169,0,750,1,4182,5,4932,6,0,8,-1,63,5,764,0,14,10
01-15-21,Morgan,2006,11,1552,7,454,4,1654,6,13223,19,14877,25,2,15,2,218,7,1773,0,28,22
01-15-21,Obion,4085,10,3062,7,1023,3,3464,8,18864,32,22328,40,0,74,5,257,5,3754,0,92,82
01-15-21,Out of State,14349,59,11605,45,2744,14,12992,52,513226,1044,526218,1096,1,78,-43,1070,101,13201,0,168,65
01-15-21,Overton,2594,8,2014,5,580,3,2374,7,12882,13,15256,20,0,42,-3,227,11,2325,1,59,52
01-15-21,Pending,12823,76,8673,21,4150,55,9578,25,328791,733,338369,758,3,128,-8,1463,81,11232,0,112,102
01-15-21,Perry,952,1,837,1,115,0,931,2,5495,4,6426,6,1,25,-3,29,3,898,0,27,25
01-15-21,Pickett,685,4,462,0,223,4,553,1,2981,3,3534,4,0,19,0,74,4,592,0,28,21
01-15-21,Polk,1395,11,1297,11,98,0,1443,11,7407,13,8850,24,0,17,6,132,5,1246,0,50,20
01-15-21,Putnam,9559,31,8040,15,1519,16,9638,20,59970,86,69608,106,5,136,9,635,17,8788,1,187,151
01-15-21,Rhea,3675,18,3277,14,398,4,3676,14,21849,28,25525,42,0,55,3,318,15,3302,2,78,63
01-15-21,Roane,5053,20,4110,9,943,11,4542,13,35877,60,40419,73,0,77,-2,374,22,4602,2,122,83
01-15-21,Robertson,7762,61,6482,41,1280,20,7316,45,35950,142,43266,187,0,85,16,642,45,7035,1,361,93
01-15-21,Rutherford,33097,122,29814,89,3283,33,34790,103,186861,535,221651,638,1,282,-54,2544,175,30271,0,505,307
01-15-21,Scott,2496,17,1520,14,976,3,1611,9,9796,25,11407,34,0,31,12,189,5,2276,1,57,35
01-15-21,Sequatchie,1310,12,1110,9,200,3,1209,9,10336,11,11545,20,0,18,7,128,5,1164,0,30,23
01-15-21,Sevier,10348,49,9422,32,926,17,10283,37,53933,68,64216,105,5,108,-36,759,80,9481,1,232,128
01-15-21,Shelby,76466,246,72373,192,4093,54,88664,227,741590,2091,830254,2318,14,1102,-75,5225,307,70139,8,3079,1281
01-15-21,Smith,2338,9,1853,0,485,9,2327,0,11343,15,13670,15,0,27,-2,148,11,2163,0,55,29
01-15-21,Stewart,1058,6,825,2,233,4,928,3,5767,9,6695,12,0,20,1,84,5,954,0,21,21
01-15-21,Sullivan,12498,21,11046,12,1452,9,11915,15,68894,86,80809,101,2,209,-69,836,88,11453,1,630,238
01-15-21,Sumner,18519,61,17248,46,1271,15,19485,53,97982,253,117467,306,1,229,-40,1372,100,16918,1,648,266
01-15-21,Tipton,6168,24,4510,3,1658,21,5442,5,39228,69,44670,74,1,64,-8,470,31,5634,0,136,81
01-15-21,Trousdale,2300,5,2200,5,100,0,2351,6,7849,13,10200,19,0,14,2,80,3,2206,0,35,19
01-15-21,Unicoi,1635,6,1309,3,326,3,1436,2,11248,19,12684,21,0,43,1,147,5,1445,0,58,43
01-15-21,Union,1419,3,1231,3,188,0,1336,3,8854,17,10190,20,0,21,-5,85,8,1313,0,47,22
01-15-21,Van Buren,726,5,620,1,106,4,685,1,4501,2,5186,3,0,7,2,79,3,640,0,16,11
01-15-21,Warren,4847,10,4218,6,629,4,4755,7,27531,36,32286,43,0,53,-14,306,24,4488,0,73,62
01-15-21,Washington,11549,34,10111,24,1438,10,11119,22,66193,162,77312,184,0,191,-7,890,41,10468,2,299,205
01-15-21,Wayne,2622,4,2204,2,418,2,2413,2,9940,17,12353,19,0,19,-2,118,6,2485,0,49,23
01-15-21,Weakley,3471,9,2666,4,805,5,3038,5,18757,38,21795,43,0,48,-1,195,10,3228,0,53,51
01-15-21,White,3030,7,2562,5,468,2,3143,6,19602,12,22745,18,1,43,-5,176,11,2811,0,94,52
01-15-21,Williamson,21180,69,18814,41,2366,28,20970,47,147077,444,168047,491,0,138,-57,1795,126,19247,0,257,171
01-15-21,Wilson,14299,29,13255,20,1044,9,15117,22,81794,150,96911,172,2,154,-60,1021,87,13124,1,293,177
01-14-21,Anderson,6828,98,5468,63,1360,35,6075,77,52427,418,58502,495,5,101,9,679,84,6048,2,174,119
01-14-21,Bedford,5232,59,4287,56,945,3,4940,60,26063,187,31003,247,1,85,15,436,43,4711,2,107,93
01-14-21,Benton,1358,14,1142,9,216,5,1264,13,7912,62,9176,75,0,34,7,97,7,1227,0,34,37
01-14-21,Bledsoe,1748,17,1648,17,100,0,1746,17,12875,82,14621,99,0,10,7,66,10,1672,0,28,10
01-14-21,Blount,12281,108,11000,88,1281,20,12079,99,60163,347,72242,446,3,120,0,1028,105,11133,1,276,144
01-14-21,Bradley,10678,145,9288,120,1390,25,10539,126,52145,376,62684,502,1,91,-4,822,148,9765,5,430,107
01-14-21,Campbell,3217,27,2000,14,1217,13,2236,17,22356,76,24592,93,-1,39,5,255,23,2923,0,99,46
01-14-21,Cannon,1560,19,1316,14,244,5,1467,15,7749,46,9216,61,1,19,4,122,14,1419,1,28,23
01-14-21,Carroll,3081,37,2102,28,979,9,2473,23,17544,82,20017,105,0,59,7,229,30,2793,0,71,69
01-14-21,Carter,5321,45,4699,38,622,7,5134,45,30622,177,35756,222,3,108,-8,443,50,4770,1,198,133
01-14-21,Cheatham,3320,21,2734,16,586,5,3092,13,22139,137,25231,150,0,28,-15,224,36,3068,0,70,35
01-14-21,Chester,1757,14,1289,12,468,2,1541,14,9551,46,11092,60,0,36,-11,110,25,1611,0,35,41
01-14-21,Claiborne,2030,28,1442,21,588,7,1533,27,19191,134,20724,161,0,21,2,224,26,1785,1,61,39
01-14-21,Clay,958,19,679,10,279,9,778,11,4911,40,5689,51,1,26,15,50,3,882,0,20,28
01-14-21,Cocke,3418,33,2484,21,934,12,2739,27,17466,142,20205,169,0,55,-38,296,71,3067,1,94,77
01-14-21,Coffee,5548,41,4111,30,1437,11,5033,31,38344,198,43377,229,1,81,-9,425,49,5042,1,96,96
01-14-21,Crockett,1836,9,1134,5,702,4,1315,4,6410,40,7725,44,0,38,-7,101,16,1697,0,29,44
01-14-21,Cumberland,5436,54,4665,43,771,11,5341,49,42154,309,47495,358,1,71,-19,604,72,4761,0,129,86
01-14-21,Davidson,70891,634,67986,570,2905,64,82417,657,735098,3822,817515,4479,2,648,163,5772,469,64471,4,1754,695
01-14-21,Decatur,1453,9,1103,6,350,3,1314,5,10217,34,11531,39,1,24,0,80,8,1349,0,36,28
01-14-21,Dekalb,2363,26,1808,21,555,5,2091,24,14710,94,16801,118,1,40,5,141,20,2182,0,50,44
01-14-21,Dickson,5283,34,4062,16,1221,18,4816,23,29292,128,34108,151,2,77,-21,220,53,4986,1,106,84
01-14-21,Dyer,4772,37,3259,14,1513,23,3666,19,19230,104,22896,123,0,81,-16,328,53,4363,0,96,85
01-14-21,Fayette,4031,27,3587,22,444,5,4399,30,30669,259,35068,289,0,51,-33,382,60,3598,0,109,57
01-14-21,Fentress,2134,31,1877,29,257,2,2142,34,9942,142,12084,176,0,30,19,139,12,1965,0,52,39
01-14-21,Franklin,4057,29,3518,18,539,11,4123,18,28741,207,32864,225,3,56,-13,273,39,3728,1,93,70
01-14-21,Gibson,5611,41,3480,24,2131,17,4213,30,25621,182,29834,212,1,109,-2,368,42,5134,0,92,117
01-14-21,Giles,3234,28,2800,25,434,3,3201,28,19268,112,22469,140,1,71,-8,394,35,2769,0,100,72
01-14-21,Grainger,2065,28,1622,20,443,8,1810,26,11684,82,13494,108,2,34,16,181,10,1850,0,59,43
01-14-21,Greene,6529,46,5249,38,1280,8,5852,43,36604,268,42456,311,3,108,-14,681,57,5740,0,163,118
01-14-21,Grundy,1425,9,1244,9,181,0,1436,10,6489,60,7925,70,0,20,-9,106,18,1299,0,53,24
01-14-21,Hamblen,6852,95,5262,50,1590,45,5878,53,39676,235,45554,288,3,106,29,543,63,6203,0,218,132
01-14-21,Hamilton,33877,325,30162,278,3715,47,33793,300,259869,1220,293662,1520,2,322,-102,2225,425,31330,13,940,366
01-14-21,Hancock,417,8,311,6,106,2,333,7,3310,17,3643,24,0,6,-6,52,14,359,0,17,8
01-14-21,Hardeman,3113,23,2596,19,517,4,3044,22,21788,65,24832,87,0,51,8,171,15,2891,0,93,56
01-14-21,Hardin,3033,21,2122,15,911,6,2539,21,20169,105,22708,126,1,46,-15,214,35,2773,0,56,52
01-14-21,Hawkins,4370,49,3702,40,668,9,3989,44,25876,279,29865,323,0,67,21,514,28,3789,0,123,76
01-14-21,Haywood,2430,28,2056,23,374,5,2334,24,11884,97,14218,121,0,44,8,138,20,2248,1,73,51
01-14-21,Henderson,3340,22,2370,15,970,7,2988,19,14591,71,17579,90,0,53,-7,241,29,3046,0,71,60
01-14-21,Henry,2637,30,2108,27,529,3,2437,31,15845,76,18282,107,1,57,7,167,22,2413,2,68,61
01-14-21,Hickman,2338,18,1983,11,355,7,2296,12,13710,44,16006,56,0,34,-1,171,19,2133,1,47,36
01-14-21,Houston,952,8,727,6,225,2,826,6,7760,183,8586,189,0,22,-1,49,9,881,0,38,27
01-14-21,Humphreys,1320,12,916,8,404,4,1071,9,9913,82,10984,91,0,17,5,51,7,1252,1,27,18
01-14-21,Jackson,1124,3,900,3,224,0,1050,4,4703,34,5753,38,0,20,-4,62,7,1042,0,33,27
01-14-21,Jefferson,4755,61,3473,43,1282,18,3912,45,30793,242,34705,287,0,75,24,538,37,4142,0,145,79
01-14-21,Johnson,1989,58,1825,57,164,1,1940,55,11958,101,13898,156,0,30,48,165,10,1794,0,53,32
01-14-21,Knox,38712,336,34098,265,4614,71,37189,318,259884,1538,297073,1856,6,389,-94,3349,424,34974,7,1081,418
01-14-21,Lake,1540,10,1376,9,164,1,1625,11,8855,38,10480,49,0,19,1,57,9,1464,0,21,20
01-14-21,Lauderdale,2862,17,2248,14,614,3,2576,18,18090,92,20666,110,0,31,-1,182,18,2649,0,77,34
01-14-21,Lawrence,4997,54,3993,51,1004,3,4383,57,24145,162,28528,219,0,69,13,438,41,4490,1,124,71
01-14-21,Lewis,1275,9,1065,5,210,4,1150,5,8904,22,10054,27,0,20,4,86,5,1169,1,36,21
01-14-21,Lincoln,3716,29,2933,21,783,8,3330,27,14866,82,18196,109,0,44,-1,291,30,3381,0,71,46
01-14-21,Loudon,4790,68,3983,58,807,10,4333,57,26316,122,30649,179,2,49,21,426,45,4315,2,104,49
01-14-21,Macon,2999,9,2436,7,563,2,2860,10,13220,68,16080,78,0,50,-15,145,24,2804,0,109,60
01-14-21,Madison,9085,58,5149,33,3936,25,6328,32,47075,255,53403,287,3,175,-10,-18,65,8928,0,312,197
01-14-21,Marion,2502,27,2200,25,302,2,2468,27,14588,118,17056,145,0,31,-6,283,33,2188,1,96,41
01-14-21,Marshall,3346,38,2846,20,500,18,3197,26,19847,81,23044,107,1,36,-1,353,38,2957,1,73,39
01-14-21,Maury,10742,101,9855,85,887,16,10870,91,61150,422,72020,513,2,120,9,993,90,9629,2,240,134
01-14-21,McMinn,5081,45,4650,36,431,9,5119,42,33951,239,39070,281,0,72,-4,444,49,4565,1,124,77
01-14-21,McNairy,2308,19,1651,13,657,6,2053,15,14797,78,16850,93,0,42,-6,111,25,2155,0,56,46
01-14-21,Meigs,1085,14,1006,14,79,0,1120,16,6338,78,7458,94,0,16,2,86,12,983,0,34,18
01-14-21,Monroe,4484,29,3757,19,727,10,4200,23,22231,106,26431,129,0,62,-8,426,37,3996,0,128,74
01-14-21,Montgomery,14203,213,11046,128,3157,85,12143,130,89479,564,101622,694,0,145,74,1522,139,12536,7,261,170
01-14-21,Moore,831,3,662,3,169,0,749,5,4177,16,4926,21,0,8,-4,64,7,759,1,14,10
01-14-21,Morgan,1995,33,1545,20,450,13,1648,25,13204,53,14852,78,0,13,0,216,33,1766,0,28,21
01-14-21,Obion,4075,30,3055,26,1020,4,3456,30,18832,169,22288,199,0,74,6,252,24,3749,0,92,82
01-14-21,Out of State,14290,161,11560,123,2730,38,12940,136,512182,2651,525122,2787,1,77,-54,1113,214,13100,1,168,63
01-14-21,Overton,2586,24,2009,17,577,7,2367,19,12869,107,15236,126,0,42,0,230,24,2314,0,58,52
01-14-21,Pending,12747,118,8652,57,4095,61,9553,74,328058,1744,337611,1818,4,125,-105,1471,219,11151,0,112,100
01-14-21,Perry,951,7,836,5,115,2,929,6,5491,6,6420,12,0,24,2,32,5,895,0,27,25
01-14-21,Pickett,681,14,462,13,219,1,552,16,2978,43,3530,59,0,19,7,74,7,588,0,28,21
01-14-21,Polk,1384,19,1286,16,98,3,1432,19,7394,62,8826,81,0,17,6,126,13,1241,2,50,19
01-14-21,Putnam,9528,80,8025,68,1503,12,9618,80,59884,531,69502,611,0,131,12,626,68,8771,1,186,151
01-14-21,Rhea,3657,38,3263,35,394,3,3662,38,21821,179,25483,217,0,55,-7,315,45,3287,0,76,61
01-14-21,Roane,5033,43,4101,29,932,14,4529,31,35817,241,40346,272,1,77,-38,376,80,4580,1,120,81
01-14-21,Robertson,7701,68,6441,32,1260,36,7271,40,35808,178,43079,218,1,85,-2,626,69,6990,2,360,92
01-14-21,Rutherford,32975,284,29725,234,3250,50,34687,259,186326,1081,221013,1340,2,281,19,2598,263,30096,2,505,306
01-14-21,Scott,2479,19,1506,15,973,4,1602,14,9771,37,11373,51,-1,31,-8,177,28,2271,0,56,35
01-14-21,Sequatchie,1298,8,1101,6,197,2,1200,6,10325,63,11525,69,0,18,-8,121,16,1159,0,30,23
01-14-21,Sevier,10299,125,9390,106,909,19,10246,121,53865,474,64111,595,4,103,45,795,76,9401,0,231,128
01-14-21,Shelby,76220,611,72181,510,4039,101,88437,694,739499,5408,827936,6102,8,1088,-99,5300,702,69832,11,3071,1273
01-14-21,Smith,2329,19,1853,13,476,6,2327,23,11328,67,13655,90,0,27,2,150,17,2152,0,55,28
01-14-21,Stewart,1052,4,823,4,229,0,925,5,5758,46,6683,51,0,20,-3,83,7,949,0,21,21
01-14-21,Sullivan,12477,107,11034,81,1443,26,11900,91,68808,347,80708,438,1,207,-50,905,156,11365,7,629,236
01-14-21,Sumner,18458,158,17202,115,1256,43,19432,127,97729,575,117161,702,0,228,3,1412,155,16818,3,647,263
01-14-21,Tipton,6144,67,4507,45,1637,22,5437,52,39159,291,44596,343,0,63,16,478,51,5603,2,136,79
01-14-21,Trousdale,2295,3,2195,2,100,1,2345,4,7836,27,10181,31,0,14,-6,78,9,2203,0,35,19
01-14-21,Unicoi,1629,19,1306,18,323,1,1434,21,11229,90,12663,111,0,43,5,146,14,1440,0,58,42
01-14-21,Union,1416,13,1228,13,188,0,1333,17,8837,59,10170,76,1,21,7,90,5,1305,0,47,22
01-14-21,Van Buren,721,6,619,5,102,1,684,6,4499,20,5183,26,0,7,-1,77,7,637,0,16,11
01-14-21,Warren,4837,56,4212,49,625,7,4748,55,27495,178,32243,233,2,53,30,320,24,4464,0,73,62
01-14-21,Washington,11515,89,10087,67,1428,22,11097,82,66031,379,77128,461,2,191,-22,897,109,10427,2,297,202
01-14-21,Wayne,2618,10,2202,6,416,4,2411,9,9923,50,12334,59,1,19,-17,120,26,2479,1,49,23
01-14-21,Weakley,3462,18,2662,14,800,4,3033,17,18719,125,21752,142,0,48,-5,196,23,3218,0,53,50
01-14-21,White,3023,29,2557,24,466,5,3137,27,19590,82,22727,109,0,42,11,181,18,2800,0,94,51
01-14-21,Williamson,21111,168,18773,122,2338,46,20923,143,146633,765,167556,908,1,138,-34,1852,201,19121,0,257,170
01-14-21,Wilson,14270,103,13235,83,1035,20,15095,94,81644,422,96739,516,3,152,-27,1081,127,13037,0,292,174
01-13-21,Anderson,6730,26,5405,17,1325,9,5998,18,52009,86,58007,104,3,96,-43,670,66,5964,0,172,117
01-13-21,Bedford,5173,14,4231,10,942,4,4880,11,25876,56,30756,67,1,84,-48,421,61,4668,0,105,93
01-13-21,Benton,1344,10,1133,3,211,7,1251,2,7850,9,9101,11,2,34,-8,90,16,1220,0,34,37
01-13-21,Bledsoe,1731,5,1631,5,100,0,1729,4,12793,30,14522,34,0,10,-10,59,15,1662,0,28,10
01-13-21,Blount,12173,88,10912,68,1261,20,11980,71,59816,158,71796,229,5,117,-68,1028,151,11028,0,275,142
01-13-21,Bradley,10533,90,9168,47,1365,43,10413,53,51769,224,62182,277,1,90,-25,826,114,9617,1,425,107
01-13-21,Campbell,3190,16,1986,11,1204,5,2219,13,22280,31,24499,44,1,40,-26,250,41,2900,0,99,46
01-13-21,Cannon,1541,9,1302,3,239,6,1452,3,7703,13,9155,16,1,18,-6,118,14,1405,0,27,23
01-13-21,Carroll,3044,17,2074,2,970,15,2450,2,17462,56,19912,58,1,59,2,222,14,2763,1,71,67
01-13-21,Carter,5276,23,4661,21,615,2,5089,24,30445,36,35534,60,1,105,-47,451,69,4720,0,197,131
01-13-21,Cheatham,3299,28,2718,20,581,8,3079,21,22002,83,25081,104,0,28,-17,239,45,3032,0,70,34
01-13-21,Chester,1743,19,1277,14,466,5,1527,16,9505,75,11032,91,0,36,-1,121,20,1586,1,35,41
01-13-21,Claiborne,2002,45,1421,25,581,20,1506,21,19057,105,20563,126,1,21,19,222,25,1759,1,60,39
01-13-21,Clay,939,4,669,2,270,2,767,2,4871,8,5638,10,0,25,0,35,4,879,0,20,28
01-13-21,Cocke,3385,18,2463,9,922,9,2712,9,17324,54,20036,63,0,55,-38,334,56,2996,0,93,76
01-13-21,Coffee,5507,32,4081,9,1426,23,5002,11,38146,105,43148,116,1,80,-24,434,55,4993,1,95,96
01-13-21,Crockett,1827,6,1129,1,698,5,1311,1,6370,10,7681,11,1,38,-12,108,17,1681,0,29,43
01-13-21,Cumberland,5382,42,4622,32,760,10,5292,34,41845,196,47137,230,2,70,-29,623,69,4689,0,129,84
01-13-21,Davidson,70257,335,67416,280,2841,55,81760,313,731276,2692,813036,3005,5,646,-475,5609,805,64002,5,1750,691
01-13-21,Decatur,1444,3,1097,1,347,2,1309,1,10183,6,11492,7,0,23,-3,80,6,1341,0,36,27
01-13-21,Dekalb,2337,4,1787,3,550,1,2067,4,14616,18,16683,22,0,39,-32,136,36,2162,0,50,42
01-13-21,Dickson,5249,54,4046,23,1203,31,4793,27,29164,131,33957,158,0,75,-27,241,81,4933,0,105,83
01-13-21,Dyer,4735,25,3245,7,1490,18,3647,7,19126,35,22773,42,0,81,-20,344,45,4310,0,96,85
01-13-21,Fayette,4004,27,3565,17,439,10,4369,19,30410,145,34779,164,0,51,-16,415,43,3538,0,109,57
01-13-21,Fentress,2103,8,1848,5,255,3,2108,5,9800,65,11908,70,0,30,-10,120,18,1953,0,52,37
01-13-21,Franklin,4028,29,3500,17,528,12,4105,20,28534,81,32639,101,2,53,-19,286,46,3689,2,92,67
01-13-21,Gibson,5570,26,3456,14,2114,12,4183,9,25439,59,29622,68,1,108,-22,370,47,5092,0,92,116
01-13-21,Giles,3206,20,2775,17,431,3,3173,18,19156,74,22329,92,0,70,-36,402,56,2734,0,100,71
01-13-21,Grainger,2037,7,1602,3,435,4,1784,3,11602,26,13386,29,3,32,-21,165,25,1840,0,59,43
01-13-21,Greene,6483,23,5211,11,1272,12,5809,12,36336,159,42145,171,0,105,-64,695,87,5683,0,163,118
01-13-21,Grundy,1416,7,1235,7,181,0,1426,7,6429,27,7855,34,0,20,-15,115,22,1281,0,53,23
01-13-21,Hamblen,6757,49,5212,13,1545,36,5825,17,39441,70,45266,87,1,103,-38,514,86,6140,0,218,130
01-13-21,Hamilton,33552,320,29884,246,3668,74,33493,277,258649,1067,292142,1344,4,320,-197,2327,513,30905,12,927,361
01-13-21,Hancock,409,5,305,2,104,3,326,2,3293,24,3619,26,0,6,4,58,1,345,0,17,8
01-13-21,Hardeman,3090,5,2577,3,513,2,3022,3,21723,18,24745,21,0,51,-23,163,28,2876,0,93,54
01-13-21,Hardin,3012,23,2107,6,905,17,2518,4,20064,74,22582,78,3,45,-10,229,30,2738,0,56,52
01-13-21,Hawkins,4321,19,3662,10,659,9,3945,10,25597,46,29542,56,2,67,-40,493,57,3761,0,123,76
01-13-21,Haywood,2402,9,2033,7,369,2,2310,8,11787,26,14097,34,0,44,-13,130,22,2228,0,72,50
01-13-21,Henderson,3318,10,2355,5,963,5,2969,5,14520,11,17489,16,0,53,-18,248,28,3017,0,71,60
01-13-21,Henry,2607,16,2081,10,526,6,2406,11,15769,18,18175,29,0,56,-1,160,17,2391,0,66,60
01-13-21,Hickman,2320,19,1972,10,348,9,2284,11,13666,67,15950,78,0,34,-12,172,31,2114,0,46,36
01-13-21,Houston,944,3,721,1,223,2,820,2,7577,6,8397,8,0,22,-7,50,10,872,0,38,26
01-13-21,Humphreys,1308,10,908,5,400,5,1062,6,9831,33,10893,39,1,17,0,46,9,1245,1,26,18
01-13-21,Jackson,1121,1,897,1,224,0,1046,2,4669,12,5715,14,0,20,-5,66,6,1035,0,33,27
01-13-21,Jefferson,4694,35,3430,22,1264,13,3867,24,30551,150,34418,174,0,75,-39,514,74,4105,1,145,79
01-13-21,Johnson,1931,6,1768,1,163,5,1885,2,11857,16,13742,18,0,30,-1,117,7,1784,0,53,31
01-13-21,Knox,38376,248,33833,200,4543,48,36871,204,258346,929,295217,1133,12,383,-250,3443,486,34550,6,1074,411
01-13-21,Lake,1530,8,1367,8,163,0,1614,8,8817,28,10431,36,0,19,0,56,8,1455,0,21,20
01-13-21,Lauderdale,2845,9,2234,5,611,4,2558,5,17998,17,20556,22,0,31,-18,183,27,2631,0,77,34
01-13-21,Lawrence,4943,12,3942,10,1001,2,4326,9,23983,67,28309,76,1,69,-43,425,54,4449,0,123,71
01-13-21,Lewis,1266,10,1060,3,206,7,1145,3,8882,20,10027,23,0,20,0,82,10,1164,0,35,21
01-13-21,Lincoln,3687,30,2912,24,775,6,3303,33,14784,65,18087,98,3,44,-28,292,55,3351,0,71,46
01-13-21,Loudon,4722,25,3925,15,797,10,4276,15,26194,93,30470,108,0,47,-16,405,41,4270,0,102,49
01-13-21,Macon,2990,9,2429,5,561,4,2850,2,13152,27,16002,29,0,50,-21,160,30,2780,1,109,60
01-13-21,Madison,9027,34,5116,21,3911,13,6296,19,46820,94,53116,113,4,172,-46,-8,76,8863,1,312,197
01-13-21,Marion,2475,19,2175,10,300,9,2441,11,14470,42,16911,53,0,31,-26,289,45,2155,0,95,41
01-13-21,Marshall,3308,34,2826,25,482,9,3171,27,19766,73,22937,100,1,35,-4,354,37,2919,1,72,39
01-13-21,Maury,10641,47,9770,34,871,13,10779,38,60728,177,71507,215,0,118,-68,984,115,9539,0,238,128
01-13-21,McMinn,5036,30,4614,26,422,4,5077,26,33712,160,38789,186,0,72,-34,448,64,4516,2,123,76
01-13-21,McNairy,2289,21,1638,15,651,6,2038,13,14719,109,16757,122,0,42,4,117,17,2130,0,56,46
01-13-21,Meigs,1071,10,992,8,79,2,1104,8,6260,16,7364,24,0,16,-7,84,17,971,0,34,17
01-13-21,Monroe,4455,21,3738,10,717,11,4177,11,22125,55,26302,66,0,62,-23,434,44,3959,0,128,73
01-13-21,Montgomery,13990,163,10918,69,3072,94,12013,71,88915,373,100928,444,3,145,-16,1448,176,12397,1,254,168
01-13-21,Moore,828,5,659,4,169,1,744,3,4161,20,4905,23,2,8,-7,68,10,752,0,13,10
01-13-21,Morgan,1962,19,1525,12,437,7,1623,14,13151,35,14774,49,1,13,-10,216,28,1733,0,28,20
01-13-21,Obion,4045,8,3029,7,1016,1,3426,8,18663,68,22089,76,0,74,-26,246,34,3725,0,92,81
01-13-21,Out of State,14129,115,11437,96,2692,19,12804,107,509531,1556,522335,1663,6,76,-134,1167,243,12886,2,167,63
01-13-21,Overton,2562,14,1992,10,570,4,2348,10,12762,28,15110,38,0,42,-17,230,31,2290,0,58,51
01-13-21,Pending,12629,105,8595,63,4034,42,9479,64,326314,969,335793,1033,5,121,-175,1576,275,10932,0,112,99
01-13-21,Perry,944,7,831,7,113,0,923,8,5485,14,6408,22,0,24,0,30,7,890,0,27,25
01-13-21,Pickett,667,11,449,8,218,3,536,12,2935,13,3471,25,1,19,4,67,6,581,0,28,21
01-13-21,Polk,1365,8,1270,6,95,2,1413,6,7332,35,8745,41,0,17,-16,120,24,1228,0,48,18
01-13-21,Putnam,9448,40,7957,27,1491,13,9538,30,59353,110,68891,140,0,131,-24,614,64,8703,1,185,149
01-13-21,Rhea,3619,23,3228,12,391,11,3624,12,21642,99,25266,111,1,55,-23,322,45,3242,1,76,60
01-13-21,Roane,4990,24,4072,17,918,7,4498,13,35576,89,40074,102,5,76,-56,414,75,4500,1,119,81
01-13-21,Robertson,7633,53,6409,30,1224,23,7231,23,35630,87,42861,110,3,84,-48,628,98,6921,2,358,91
01-13-21,Rutherford,32691,221,29491,156,3200,65,34428,154,185245,724,219673,878,8,279,-185,2579,398,29833,5,503,304
01-13-21,Scott,2460,14,1491,5,969,9,1588,7,9734,43,11322,50,2,32,-12,185,24,2243,0,56,33
01-13-21,Sequatchie,1290,10,1095,8,195,2,1194,9,10262,17,11456,26,0,18,-9,129,19,1143,0,30,22
01-13-21,Sevier,10174,74,9284,56,890,18,10125,57,53391,156,63516,213,0,99,-38,750,112,9325,0,231,128
01-13-21,Shelby,75609,413,71671,359,3938,54,87743,357,734091,2847,821834,3204,25,1080,-452,5399,840,69130,6,3060,1258
01-13-21,Smith,2310,6,1840,1,470,5,2304,1,11261,21,13565,22,1,27,-24,148,29,2135,0,55,28
01-13-21,Stewart,1048,8,819,3,229,5,920,3,5712,15,6632,18,0,20,-6,86,14,942,0,21,21
01-13-21,Sullivan,12370,103,10953,84,1417,19,11809,82,68461,273,80270,355,3,206,-45,955,145,11209,3,622,232
01-13-21,Sumner,18300,110,17087,85,1213,25,19305,87,97154,268,116459,355,2,228,-114,1409,222,16663,1,644,260
01-13-21,Tipton,6077,34,4462,20,1615,14,5385,20,38868,140,44253,160,2,63,-24,462,56,5552,0,134,78
01-13-21,Trousdale,2292,5,2193,5,99,0,2341,5,7809,33,10150,38,1,14,-9,84,13,2194,0,35,19
01-13-21,Unicoi,1610,9,1288,6,322,3,1413,5,11139,20,12552,25,0,43,-9,141,18,1426,1,58,42
01-13-21,Union,1403,8,1215,7,188,1,1316,7,8778,27,10094,34,0,20,2,83,6,1300,0,47,21
01-13-21,Van Buren,715,15,614,14,101,1,678,14,4479,31,5157,45,0,7,11,78,4,630,1,16,10
01-13-21,Warren,4781,13,4163,10,618,3,4693,10,27317,68,32010,78,0,51,-15,290,28,4440,0,73,62
01-13-21,Washington,11426,72,10020,59,1406,13,11015,56,65652,158,76667,214,1,189,-104,919,175,10318,1,295,199
01-13-21,Wayne,2608,3,2196,1,412,2,2402,4,9873,22,12275,26,0,18,-11,137,14,2453,0,48,23
01-13-21,Weakley,3444,12,2648,8,796,4,3016,6,18594,44,21610,50,0,48,-18,201,30,3195,0,53,50
01-13-21,White,2994,12,2533,7,461,5,3110,8,19508,35,22618,43,0,42,-11,170,23,2782,0,94,51
01-13-21,Williamson,20943,147,18651,85,2292,62,20780,94,145868,502,166648,596,-1,137,-179,1886,327,18920,1,257,169
01-13-21,Wilson,14167,79,13152,65,1015,14,15001,66,81222,327,96223,393,2,149,-99,1108,176,12910,1,292,171
01-12-21,Anderson,6704,53,5388,34,1316,19,5980,37,51923,171,57903,208,2,93,-101,713,152,5898,1,172,116
01-12-21,Bedford,5159,30,4221,8,938,22,4869,7,25820,51,30689,58,4,83,-70,469,96,4607,0,105,92
01-12-21,Benton,1334,11,1130,4,204,7,1249,4,7841,18,9090,22,0,32,-13,98,24,1204,0,34,37
01-12-21,Bledsoe,1726,2,1626,1,100,1,1725,2,12763,29,14488,31,0,10,-43,69,45,1647,0,28,10
01-12-21,Blount,12085,74,10844,56,1241,18,11909,58,59658,276,71567,334,1,112,-167,1096,240,10877,2,275,142
01-12-21,Bradley,10443,81,9121,33,1322,48,10360,32,51545,149,61905,181,3,89,-106,851,184,9503,5,424,104
01-12-21,Campbell,3174,32,1975,6,1199,26,2206,5,22249,30,24455,35,0,39,-43,276,75,2859,2,99,46
01-12-21,Cannon,1532,11,1299,6,233,5,1449,6,7690,14,9139,20,1,17,-17,124,27,1391,0,27,21
01-12-21,Carroll,3027,25,2072,8,955,17,2448,5,17406,32,19854,37,1,58,-5,220,29,2749,0,70,67
01-12-21,Carter,5253,47,4640,27,613,20,5065,26,30409,57,35474,83,1,104,-47,498,93,4651,1,197,128
01-12-21,Cheatham,3271,21,2698,10,573,11,3058,13,21919,105,24977,118,0,28,-41,256,62,2987,0,70,34
01-12-21,Chester,1724,9,1263,4,461,5,1511,3,9430,18,10941,21,0,36,-36,122,45,1566,0,34,41
01-12-21,Claiborne,1957,29,1396,16,561,13,1485,13,18952,56,20437,69,0,20,-5,203,34,1734,1,59,37
01-12-21,Clay,935,4,667,3,268,1,765,3,4863,29,5628,32,0,25,-5,35,9,875,1,20,27
01-12-21,Cocke,3367,26,2454,6,913,20,2703,8,17270,80,19973,88,1,55,-55,372,80,2940,0,93,75
01-12-21,Coffee,5475,28,4072,16,1403,12,4991,24,38041,171,43032,195,1,79,-56,458,83,4938,2,94,96
01-12-21,Crockett,1821,8,1128,4,693,4,1310,4,6360,12,7670,16,0,37,-10,120,18,1664,0,29,43
01-12-21,Cumberland,5340,35,4590,14,750,21,5258,15,41649,63,46907,78,6,68,-156,652,185,4620,0,129,83
01-12-21,Davidson,69922,378,67136,333,2786,45,81447,369,728584,2145,810031,2514,13,641,-477,6084,842,63197,4,1745,684
01-12-21,Decatur,1441,6,1096,2,345,4,1308,2,10177,3,11485,5,0,23,-10,83,16,1335,0,36,26
01-12-21,Dekalb,2333,12,1784,3,549,9,2063,4,14598,28,16661,32,1,39,-43,168,54,2126,0,50,42
01-12-21,Dickson,5195,31,4023,13,1172,18,4766,14,29033,130,33799,144,1,75,-16,268,46,4852,0,105,82
01-12-21,Dyer,4710,30,3238,9,1472,21,3640,11,19091,44,22731,55,2,81,-19,364,47,4265,0,96,84
01-12-21,Fayette,3977,30,3548,23,429,7,4350,24,30265,98,34615,122,0,51,-61,431,91,3495,0,109,56
01-12-21,Fentress,2095,8,1843,6,252,2,2103,6,9735,7,11838,13,0,30,-36,130,44,1935,0,52,37
01-12-21,Franklin,3999,21,3483,13,516,8,4085,16,28453,83,32538,99,0,51,-33,305,54,3643,0,90,67
01-12-21,Gibson,5544,42,3442,12,2102,30,4174,14,25380,84,29554,98,3,107,-30,392,69,5045,0,92,116
01-12-21,Giles,3186,18,2758,13,428,5,3155,12,19082,48,22237,60,1,70,-33,438,50,2678,0,100,71
01-12-21,Grainger,2030,13,1599,4,431,9,1781,4,11576,17,13357,21,1,29,-48,186,60,1815,1,59,42
01-12-21,Greene,6460,69,5200,33,1260,36,5797,29,36177,71,41974,100,2,105,-54,759,121,5596,1,163,117
01-12-21,Grundy,1409,9,1228,4,181,5,1419,5,6402,15,7821,20,0,20,-30,130,39,1259,0,53,23
01-12-21,Hamblen,6708,56,5199,22,1509,34,5808,22,39371,85,45179,107,6,102,-124,552,174,6054,1,218,129
01-12-21,Hamilton,33232,401,29638,305,3594,96,33216,330,257582,949,290798,1279,5,316,-27,2524,423,30392,9,915,359
01-12-21,Hancock,404,6,303,2,101,4,324,2,3269,3,3593,5,0,6,-7,54,13,344,0,17,8
01-12-21,Hardeman,3085,18,2574,4,511,14,3019,5,21705,27,24724,32,2,51,-17,186,33,2848,0,93,54
01-12-21,Hardin,2989,11,2101,5,888,6,2514,6,19990,29,22504,35,4,42,-41,239,48,2708,0,56,52
01-12-21,Hawkins,4302,37,3652,18,650,19,3935,19,25551,56,29486,75,2,65,-89,533,124,3704,2,123,75
01-12-21,Haywood,2393,7,2026,3,367,4,2302,3,11761,14,14063,17,1,44,-16,143,22,2206,1,72,50
01-12-21,Henderson,3308,19,2350,5,958,14,2964,5,14509,13,17473,18,2,53,-26,266,43,2989,0,71,58
01-12-21,Henry,2591,18,2071,6,520,12,2395,7,15751,20,18146,27,4,56,-19,161,33,2374,0,66,60
01-12-21,Hickman,2301,12,1962,8,339,4,2273,8,13599,39,15872,47,1,34,-44,184,55,2083,0,46,36
01-12-21,Houston,941,8,720,3,221,5,818,3,7571,11,8389,14,0,22,-19,57,27,862,0,38,26
01-12-21,Humphreys,1298,11,903,6,395,5,1056,5,9798,26,10854,31,0,16,2,46,9,1236,0,25,18
01-12-21,Jackson,1120,4,896,2,224,2,1044,1,4657,11,5701,12,0,20,-17,71,21,1029,1,33,26
01-12-21,Jefferson,4659,80,3408,25,1251,55,3843,25,30401,80,34244,105,1,75,-30,553,109,4031,1,144,79
01-12-21,Johnson,1925,10,1767,2,158,8,1883,2,11841,9,13724,11,0,30,-16,118,26,1777,1,53,30
01-12-21,Knox,38128,334,33633,261,4495,73,36667,257,257417,1135,294084,1392,10,371,-175,3693,499,34064,6,1068,409
01-12-21,Lake,1522,5,1359,4,163,1,1606,5,8789,15,10395,20,0,19,-39,56,44,1447,0,21,20
01-12-21,Lauderdale,2836,11,2229,4,607,7,2553,4,17981,51,20534,55,0,31,-25,201,36,2604,0,77,34
01-12-21,Lawrence,4931,21,3932,13,999,8,4317,12,23916,59,28233,71,1,68,-62,468,82,4395,0,123,71
01-12-21,Lewis,1256,3,1057,1,199,2,1142,1,8862,11,10004,12,0,20,-9,82,12,1154,0,35,21
01-12-21,Lincoln,3657,10,2888,6,769,4,3270,7,14719,31,17989,38,1,41,-62,320,71,3296,0,71,45
01-12-21,Loudon,4697,36,3910,15,787,21,4261,17,26101,75,30362,92,1,47,-53,421,88,4229,0,102,49
01-12-21,Macon,2981,36,2424,17,557,19,2848,12,13125,26,15973,38,2,50,-23,181,57,2750,0,108,60
01-12-21,Madison,8993,69,5095,21,3898,48,6277,24,46726,130,53003,154,2,168,-33,38,100,8787,2,311,196
01-12-21,Marion,2456,24,2165,21,291,3,2430,20,14428,44,16858,64,3,31,-28,315,49,2110,1,95,41
01-12-21,Marshall,3274,47,2801,13,473,34,3144,11,19693,44,22837,55,0,34,-18,358,65,2882,0,71,38
01-12-21,Maury,10594,65,9736,35,858,30,10741,33,60551,186,71292,219,1,118,-143,1052,207,9424,2,238,127
01-12-21,McMinn,5006,22,4588,10,418,12,5051,8,33552,46,38603,54,0,72,-67,482,89,4452,0,121,75
01-12-21,McNairy,2268,17,1623,8,645,9,2025,8,14610,89,16635,97,0,42,-12,113,29,2113,0,56,45
01-12-21,Meigs,1061,9,984,5,77,4,1096,5,6244,14,7340,19,0,16,-5,91,14,954,1,34,17
01-12-21,Monroe,4434,35,3728,25,706,10,4166,32,22070,68,26236,100,0,62,-38,457,73,3915,0,128,72
01-12-21,Montgomery,13827,116,10849,67,2978,49,11942,68,88542,327,100484,395,2,142,-112,1464,226,12221,0,253,166
01-12-21,Moore,823,5,655,5,168,0,741,10,4141,9,4882,19,0,6,-15,75,20,742,0,13,10
01-12-21,Morgan,1943,14,1513,5,430,9,1609,6,13116,14,14725,20,0,12,-38,226,52,1705,0,28,20
01-12-21,Obion,4037,21,3022,17,1015,4,3418,20,18595,79,22013,99,0,74,-42,272,63,3691,0,92,80
01-12-21,Out of State,14014,67,11341,49,2673,18,12697,63,507975,1884,520672,1947,0,70,-199,1301,266,12643,0,165,63
01-12-21,Overton,2548,14,1982,6,566,8,2338,7,12734,19,15072,26,0,42,-30,247,44,2259,0,58,50
01-12-21,Pending,12524,161,8532,52,3992,109,9415,55,325345,1081,334760,1136,2,116,-181,1751,340,10657,3,112,98
01-12-21,Perry,937,4,824,1,113,3,915,1,5471,4,6386,5,0,24,-3,30,7,883,0,27,24
01-12-21,Pickett,656,5,441,2,215,3,524,3,2922,6,3446,9,0,18,-3,63,8,575,0,28,21
01-12-21,Polk,1357,9,1264,7,93,2,1407,9,7297,19,8704,28,0,17,-21,136,30,1204,1,48,18
01-12-21,Putnam,9408,40,7930,17,1478,23,9508,16,59243,67,68751,83,2,131,-128,638,166,8639,0,184,148
01-12-21,Rhea,3596,21,3216,16,380,5,3612,18,21543,46,25155,64,1,54,-71,345,91,3197,0,75,60
01-12-21,Roane,4966,36,4055,11,911,25,4485,15,35487,75,39972,90,0,71,-100,470,136,4425,0,118,81
01-12-21,Robertson,7580,45,6379,21,1201,24,7208,24,35543,74,42751,98,0,81,-60,676,105,6823,0,356,90
01-12-21,Rutherford,32470,235,29335,161,3135,74,34274,177,184521,544,218795,721,3,271,-261,2764,493,29435,5,498,301
01-12-21,Scott,2446,12,1486,3,960,9,1581,1,9691,15,11272,16,1,30,-25,197,36,2219,0,56,33
01-12-21,Sequatchie,1280,7,1087,4,193,3,1185,7,10245,18,11430,25,0,18,-15,138,22,1124,0,30,21
01-12-21,Sevier,10100,52,9228,38,872,14,10068,38,53235,103,63303,141,9,99,-153,788,196,9213,1,231,127
01-12-21,Shelby,75196,604,71312,518,3884,86,87386,607,731244,3807,818630,4414,16,1055,-378,5851,966,68290,8,3054,1249
01-12-21,Smith,2304,16,1839,3,465,13,2303,1,11240,20,13543,21,2,26,-19,172,33,2106,0,55,28
01-12-21,Stewart,1040,12,816,6,224,6,917,6,5697,15,6614,21,0,20,-9,92,21,928,0,21,21
01-12-21,Sullivan,12267,68,10869,56,1398,12,11727,55,68188,184,79915,239,1,203,-97,1000,164,11064,0,619,230
01-12-21,Sumner,18190,130,17002,94,1188,36,19218,106,96886,313,116104,419,2,226,-181,1523,309,16441,1,643,258
01-12-21,Tipton,6043,48,4442,14,1601,34,5365,16,38728,114,44093,130,0,61,-51,486,99,5496,1,134,78
01-12-21,Trousdale,2287,7,2188,6,99,1,2336,7,7776,11,10112,18,0,13,-6,93,13,2181,0,35,18
01-12-21,Unicoi,1601,18,1282,6,319,12,1408,6,11119,17,12527,23,2,43,-12,150,28,1408,0,57,42
01-12-21,Union,1395,7,1208,5,187,2,1309,5,8751,12,10060,17,0,20,-18,81,25,1294,1,47,21
01-12-21,Van Buren,700,2,600,1,100,1,664,1,4448,2,5112,3,0,7,-21,67,23,626,0,15,10
01-12-21,Warren,4768,26,4153,11,615,15,4683,11,27249,52,31932,63,0,51,-59,305,85,4412,0,73,61
01-12-21,Washington,11354,72,9961,43,1393,29,10959,41,65494,121,76453,162,1,188,-123,1023,194,10143,0,294,199
01-12-21,Wayne,2605,10,2195,3,410,7,2398,1,9851,18,12249,19,0,18,-21,148,31,2439,1,48,23
01-12-21,Weakley,3432,9,2640,1,792,8,3010,2,18550,35,21560,37,1,48,-34,219,42,3165,0,53,50
01-12-21,White,2982,18,2526,12,456,6,3102,11,19473,52,22575,63,1,42,-38,181,55,2759,1,94,51
01-12-21,Williamson,20796,130,18566,97,2230,33,20686,106,145366,435,166052,541,1,138,-188,2065,317,18593,1,256,167
01-12-21,Wilson,14088,73,13087,51,1001,22,14935,61,80895,231,95830,292,5,147,-132,1207,200,12734,2,291,169
01-11-21,Anderson,6651,34,5354,11,1297,23,5943,14,51752,73,57695,87,1,91,-92,814,125,5746,1,171,116
01-11-21,Bedford,5129,25,4213,17,916,8,4862,20,25769,50,30631,70,3,79,-50,539,72,4511,0,105,90
01-11-21,Benton,1323,2,1126,1,197,1,1245,0,7823,4,9068,4,0,32,-7,111,9,1180,0,34,36
01-11-21,Bledsoe,1724,9,1625,8,99,1,1723,9,12734,7,14457,16,0,10,-8,112,17,1602,0,28,10
01-11-21,Blount,12011,61,10788,48,1223,13,11851,48,59382,139,71233,187,1,111,-155,1263,215,10637,2,273,137
01-11-21,Bradley,10362,105,9088,68,1274,37,10328,82,51396,222,61724,304,0,86,-36,957,141,9319,2,419,104
01-11-21,Campbell,3142,33,1969,11,1173,22,2201,8,22219,6,24420,14,0,39,-37,319,70,2784,0,97,46
01-11-21,Cannon,1521,10,1293,7,228,3,1443,7,7676,11,9119,18,0,16,-8,141,18,1364,1,27,21
01-11-21,Carroll,3002,21,2064,4,938,17,2443,3,17374,11,19817,14,1,57,-24,225,44,2720,0,70,65
01-11-21,Carter,5206,35,4613,34,593,1,5039,40,30352,109,35391,149,0,103,-65,545,100,4558,0,196,126
01-11-21,Cheatham,3250,19,2688,11,562,8,3045,12,21814,51,24859,63,0,28,-32,297,51,2925,0,70,34
01-11-21,Chester,1715,3,1259,2,456,1,1508,5,9412,9,10920,14,0,36,-31,158,34,1521,0,34,40
01-11-21,Claiborne,1928,15,1380,5,548,10,1472,5,18896,18,20368,23,0,20,-31,208,46,1700,0,58,35
01-11-21,Clay,931,3,664,0,267,3,762,1,4834,6,5596,7,0,25,-5,40,8,866,0,19,27
01-11-21,Cocke,3341,24,2448,16,893,8,2695,17,17190,71,19885,88,2,54,-43,427,65,2860,0,93,74
01-11-21,Coffee,5447,10,4056,4,1391,6,4967,4,37870,31,42837,35,2,78,-72,514,80,4855,1,92,95
01-11-21,Crockett,1813,1,1124,0,689,1,1306,0,6348,8,7654,8,0,37,-30,130,31,1646,0,29,43
01-11-21,Cumberland,5305,24,4576,3,729,21,5243,5,41586,18,46829,23,4,62,-79,808,99,4435,1,129,81
01-11-21,Davidson,69544,339,66803,308,2741,31,81078,340,726439,1750,807517,2090,2,628,-674,6561,1011,62355,4,1741,680
01-11-21,Decatur,1435,4,1094,3,341,1,1306,3,10174,17,11480,20,0,23,-14,93,18,1319,0,36,26
01-11-21,Dekalb,2321,7,1781,2,540,5,2059,2,14570,12,16629,14,1,38,-26,211,32,2072,1,50,40
01-11-21,Dickson,5164,31,4010,15,1154,16,4752,16,28903,74,33655,90,0,74,-24,284,55,4806,0,105,79
01-11-21,Dyer,4680,24,3229,6,1451,18,3629,7,19047,14,22676,21,0,79,-31,383,55,4218,1,96,84
01-11-21,Fayette,3947,36,3525,10,422,26,4326,12,30167,80,34493,92,0,51,-15,492,51,3404,0,109,56
01-11-21,Fentress,2087,6,1837,2,250,4,2097,2,9728,6,11825,8,0,30,-25,166,31,1891,0,52,37
01-11-21,Franklin,3978,10,3470,7,508,3,4069,10,28370,53,32439,63,0,51,-58,338,68,3589,0,90,66
01-11-21,Gibson,5502,29,3430,15,2072,14,4160,13,25296,30,29456,43,2,104,-54,422,81,4976,0,92,116
01-11-21,Giles,3168,22,2745,14,423,8,3143,15,19034,31,22177,46,1,69,-37,471,58,2628,1,100,71
01-11-21,Grainger,2017,12,1595,4,422,8,1777,4,11559,24,13336,28,0,28,-13,234,25,1755,0,58,40
01-11-21,Greene,6391,45,5167,32,1224,13,5768,37,36106,88,41874,125,0,103,-63,813,108,5475,1,162,115
01-11-21,Grundy,1400,5,1224,5,176,0,1414,6,6387,9,7801,15,0,20,-17,160,22,1220,0,53,23
01-11-21,Hamblen,6652,45,5177,23,1475,22,5786,24,39286,79,45072,103,0,96,-99,676,144,5880,1,217,128
01-11-21,Hamilton,32831,299,29333,249,3498,50,32886,264,256633,681,289519,945,6,311,-208,2551,501,29969,11,906,356
01-11-21,Hancock,398,3,301,1,97,2,322,0,3266,3,3588,3,0,6,1,61,2,331,0,17,8
01-11-21,Hardeman,3067,7,2570,3,497,4,3014,2,21678,14,24692,16,0,49,-22,203,29,2815,0,93,53
01-11-21,Hardin,2978,8,2096,2,882,6,2508,2,19961,16,22469,18,0,38,-55,280,63,2660,0,56,51
01-11-21,Hawkins,4265,27,3634,17,631,10,3916,15,25495,87,29411,102,0,63,-40,622,67,3580,0,121,73
01-11-21,Haywood,2386,7,2023,5,363,2,2299,6,11747,23,14046,29,2,43,-20,159,25,2184,0,71,49
01-11-21,Henderson,3289,13,2345,6,944,7,2959,7,14496,17,17455,24,0,51,-31,292,44,2946,1,71,57
01-11-21,Henry,2573,13,2065,6,508,7,2388,6,15731,23,18119,29,4,52,-21,180,30,2341,0,66,60
01-11-21,Hickman,2289,5,1954,5,335,0,2265,8,13560,24,15825,32,3,33,-30,228,32,2028,1,46,36
01-11-21,Houston,933,4,717,3,216,1,815,4,7560,32,8375,36,0,22,-13,76,17,835,0,38,26
01-11-21,Humphreys,1287,10,897,2,390,8,1051,2,9772,13,10823,15,0,16,-18,44,28,1227,0,25,18
01-11-21,Jackson,1116,2,894,1,222,1,1043,1,4646,4,5689,5,0,20,-12,88,14,1008,0,32,26
01-11-21,Jefferson,4579,50,3383,35,1196,15,3818,37,30321,103,34139,140,1,74,-39,583,88,3922,2,143,79
01-11-21,Johnson,1915,6,1765,3,150,3,1881,3,11832,3,13713,6,0,30,-7,134,13,1751,0,52,30
01-11-21,Knox,37794,247,33372,199,4422,48,36410,228,256282,729,292692,957,4,361,-396,3868,639,33565,5,1062,404
01-11-21,Lake,1517,1,1355,1,162,0,1601,0,8774,4,10375,4,0,19,-14,95,15,1403,0,21,20
01-11-21,Lauderdale,2825,16,2225,11,600,5,2549,11,17930,36,20479,47,0,31,-14,226,30,2568,0,77,34
01-11-21,Lawrence,4910,17,3919,9,991,8,4305,10,23857,34,28162,44,1,67,-44,530,60,4313,2,123,71
01-11-21,Lewis,1253,7,1056,2,197,5,1141,3,8851,7,9992,10,0,20,-7,91,14,1142,0,35,21
01-11-21,Lincoln,3647,8,2882,6,765,2,3263,6,14688,8,17951,14,1,40,-39,382,46,3225,1,71,45
01-11-21,Loudon,4661,20,3895,12,766,8,4244,12,26026,40,30270,52,0,46,-68,474,88,4141,0,102,49
01-11-21,Macon,2945,17,2407,12,538,5,2836,12,13099,16,15935,28,0,48,-28,204,45,2693,0,108,59
01-11-21,Madison,8924,49,5074,35,3850,14,6253,34,46596,154,52849,188,4,166,-85,71,130,8687,2,309,194
01-11-21,Marion,2432,17,2144,13,288,4,2410,14,14384,54,16794,68,1,28,-39,343,55,2061,1,94,41
01-11-21,Marshall,3227,9,2788,3,439,6,3133,3,19649,16,22782,19,1,34,-34,376,42,2817,1,71,37
01-11-21,Maury,10529,86,9701,34,828,52,10708,36,60365,120,71073,156,1,117,-6,1195,91,9217,0,236,126
01-11-21,McMinn,4984,25,4578,18,406,7,5043,21,33506,69,38549,90,1,72,-38,549,62,4363,0,121,74
01-11-21,McNairy,2251,12,1615,8,636,4,2017,9,14521,15,16538,24,0,42,-21,125,33,2084,0,56,44
01-11-21,Meigs,1052,7,979,6,73,1,1091,7,6230,19,7321,26,0,16,-11,96,18,940,0,33,17
01-11-21,Monroe,4399,17,3703,7,696,10,4134,8,22002,26,26136,34,0,62,-59,495,76,3842,1,128,72
01-11-21,Montgomery,13711,76,10782,40,2929,36,11874,40,88215,220,100089,260,2,140,-137,1576,211,11995,1,253,164
01-11-21,Moore,818,5,650,3,168,2,731,0,4132,7,4863,7,0,6,-3,90,8,722,1,13,10
01-11-21,Morgan,1929,18,1508,9,421,9,1603,3,13102,7,14705,10,0,12,-29,264,47,1653,1,28,19
01-11-21,Obion,4016,18,3005,13,1011,5,3398,13,18516,17,21914,30,0,74,-37,314,55,3628,0,92,78
01-11-21,Out of State,13947,55,11292,42,2655,13,12634,50,506091,846,518725,896,0,70,-253,1500,308,12377,1,165,62
01-11-21,Overton,2534,10,1976,5,558,5,2331,6,12715,12,15046,18,1,42,-27,277,36,2215,0,58,50
01-11-21,Pending,12363,129,8480,41,3883,88,9360,44,324264,699,333624,743,2,114,-246,1932,373,10317,2,109,93
01-11-21,Perry,933,2,823,0,110,2,914,0,5467,9,6381,9,0,24,-12,33,14,876,1,27,24
01-11-21,Pickett,651,5,439,3,212,2,521,3,2916,6,3437,9,0,18,-16,66,21,567,0,28,21
01-11-21,Polk,1348,8,1257,7,91,1,1398,8,7278,25,8676,33,0,17,-12,157,20,1174,0,47,18
01-11-21,Putnam,9368,33,7913,12,1455,21,9492,14,59176,67,68668,81,1,129,-105,766,137,8473,3,184,148
01-11-21,Rhea,3575,20,3200,11,375,9,3594,10,21497,38,25091,48,0,53,-42,416,62,3106,1,75,60
01-11-21,Roane,4930,23,4044,13,886,10,4470,13,35412,49,39882,62,1,71,-60,570,82,4289,1,118,80
01-11-21,Robertson,7535,28,6358,17,1177,11,7184,19,35469,49,42653,68,1,81,-109,736,136,6718,0,356,90
01-11-21,Rutherford,32235,244,29174,211,3061,33,34097,232,183977,626,218074,858,1,268,-204,3025,447,28942,1,493,299
01-11-21,Scott,2434,8,1483,0,951,8,1580,0,9676,3,11256,3,1,29,-39,222,46,2183,0,56,33
01-11-21,Sequatchie,1273,7,1083,7,190,0,1178,8,10227,8,11405,16,0,18,-10,153,17,1102,0,30,21
01-11-21,Sevier,10048,52,9190,38,858,14,10030,39,53132,174,63162,213,2,90,-78,941,128,9017,2,230,124
01-11-21,Shelby,74592,387,70794,342,3798,45,86779,390,727437,2007,814216,2397,10,1039,-581,6229,958,67324,6,3046,1234
01-11-21,Smith,2288,17,1836,5,452,12,2302,6,11220,8,13522,14,0,24,-3,191,20,2073,0,55,28
01-11-21,Stewart,1028,6,810,3,218,3,911,3,5682,10,6593,13,0,20,-12,101,18,907,0,21,21
01-11-21,Sullivan,12199,69,10813,57,1386,12,11672,66,68004,141,79676,207,2,202,-107,1097,174,10900,3,619,227
01-11-21,Sumner,18060,122,16908,95,1152,27,19112,102,96573,274,115685,376,1,224,-151,1704,272,16132,1,642,256
01-11-21,Tipton,5995,23,4428,12,1567,11,5349,13,38614,74,43963,87,1,61,-55,537,77,5397,1,133,77
01-11-21,Trousdale,2280,5,2182,3,98,2,2329,2,7765,9,10094,11,0,13,-5,99,10,2168,1,35,18
01-11-21,Unicoi,1583,9,1276,6,307,3,1402,6,11102,7,12504,13,0,41,-7,162,16,1380,1,57,42
01-11-21,Union,1388,0,1203,0,185,0,1304,0,8739,5,10043,5,0,20,-19,99,19,1269,0,46,21
01-11-21,Van Buren,698,3,599,1,99,2,663,1,4446,4,5109,5,0,7,-9,88,12,603,0,15,10
01-11-21,Warren,4742,13,4142,4,600,9,4672,4,27197,19,31869,23,0,51,-40,364,53,4327,0,73,61
01-11-21,Washington,11282,56,9918,50,1364,6,10918,63,65373,176,76291,239,1,187,-145,1146,200,9949,1,294,198
01-11-21,Wayne,2595,3,2192,1,403,2,2397,0,9833,10,12230,10,0,18,-13,169,16,2408,0,47,22
01-11-21,Weakley,3423,11,2639,8,784,3,3008,8,18515,36,21523,44,0,47,-38,253,49,3123,0,53,50
01-11-21,White,2964,6,2514,1,450,5,3091,1,19421,18,22512,19,0,41,-32,219,38,2704,0,93,51
01-11-21,Williamson,20666,165,18469,126,2197,39,20580,134,144931,496,165511,630,2,137,-217,2253,380,18276,0,255,167
01-11-21,Wilson,14015,93,13036,83,979,10,14874,89,80664,283,95538,372,1,142,-110,1339,202,12534,3,289,166
01-10-21,Anderson,6617,60,5343,25,1274,35,5929,26,51679,95,57608,121,2,90,28,906,30,5621,3,170,114
01-10-21,Bedford,5104,44,4196,22,908,22,4842,24,25719,99,30561,123,0,76,32,589,12,4439,0,105,89
01-10-21,Benton,1321,6,1125,4,196,2,1245,5,7819,21,9064,26,0,32,-1,118,7,1171,0,34,36
01-10-21,Bledsoe,1715,4,1617,4,98,0,1714,4,12727,38,14441,42,0,10,1,120,3,1585,0,28,10
01-10-21,Blount,11950,80,10740,62,1210,18,11803,61,59243,203,71046,264,2,110,-19,1418,97,10422,0,271,136
01-10-21,Bradley,10257,92,9020,73,1237,19,10246,76,51174,236,61420,312,4,86,6,993,82,9178,1,417,102
01-10-21,Campbell,3109,8,1958,2,1151,6,2193,6,22213,39,24406,45,0,39,-21,356,29,2714,0,97,45
01-10-21,Cannon,1511,9,1286,6,225,3,1436,6,7665,37,9101,43,0,16,1,149,8,1346,0,26,20
01-10-21,Carroll,2981,22,2060,11,921,11,2440,15,17363,55,19803,70,0,56,1,249,21,2676,1,70,65
01-10-21,Carter,5171,21,4579,17,592,4,4999,17,30243,125,35242,142,2,103,-8,610,27,4458,0,196,124
01-10-21,Cheatham,3231,39,2677,19,554,20,3033,23,21763,126,24796,149,0,28,16,329,23,2874,0,70,33
01-10-21,Chester,1712,13,1257,6,455,7,1503,6,9403,94,10906,100,0,36,3,189,10,1487,0,34,39
01-10-21,Claiborne,1913,17,1375,9,538,8,1467,10,18878,42,20345,52,0,20,9,239,8,1654,0,58,31
01-10-21,Clay,928,0,664,0,264,0,761,0,4828,13,5589,13,0,25,-1,45,1,858,0,19,27
01-10-21,Cocke,3317,24,2432,7,885,17,2678,6,17119,61,19797,67,0,52,4,470,20,2795,0,93,73
01-10-21,Coffee,5437,28,4052,19,1385,9,4963,26,37839,153,42802,179,0,76,-5,586,33,4775,0,91,94
01-10-21,Crockett,1812,8,1124,0,688,8,1306,0,6340,16,7646,16,1,37,-3,160,10,1615,0,29,43
01-10-21,Cumberland,5281,41,4573,28,708,13,5238,38,41568,107,46806,145,0,58,16,887,25,4336,2,128,79
01-10-21,Davidson,69205,553,66495,474,2710,79,80738,722,724689,3800,805427,4522,6,626,93,7235,454,61344,7,1737,673
01-10-21,Decatur,1431,6,1091,1,340,5,1303,2,10157,14,11460,16,0,23,1,107,5,1301,0,36,26
01-10-21,Dekalb,2314,14,1779,10,535,4,2057,13,14558,35,16615,48,0,37,2,237,12,2040,0,49,40
01-10-21,Dickson,5133,20,3995,16,1138,4,4736,20,28829,117,33565,137,2,74,-47,308,65,4751,1,105,79
01-10-21,Dyer,4656,19,3223,7,1433,12,3622,5,19033,37,22655,42,0,79,-11,414,30,4163,0,95,84
01-10-21,Fayette,3911,34,3515,24,396,10,4314,28,30087,172,34401,200,1,51,15,507,18,3353,1,109,55
01-10-21,Fentress,2081,8,1835,7,246,1,2095,8,9722,100,11817,108,0,30,-7,191,15,1860,0,52,35
01-10-21,Franklin,3968,23,3463,16,505,7,4059,21,28317,165,32376,186,1,51,-9,396,31,3521,0,90,64
01-10-21,Gibson,5473,35,3415,17,2058,18,4147,15,25266,73,29413,88,0,102,0,476,35,4895,0,92,115
01-10-21,Giles,3146,35,2731,26,415,9,3128,32,19003,68,22131,100,0,68,14,508,21,2570,0,99,71
01-10-21,Grainger,2005,11,1591,8,414,3,1773,12,11535,28,13308,40,1,28,1,247,9,1730,0,58,39
01-10-21,Greene,6346,42,5135,18,1211,24,5731,25,36018,312,41749,337,0,103,-8,876,50,5367,1,161,114
01-10-21,Grundy,1395,5,1219,4,176,1,1408,7,6378,41,7786,48,0,20,-1,177,6,1198,0,53,23
01-10-21,Hamblen,6607,48,5154,14,1453,34,5762,14,39207,79,44969,93,0,96,5,775,43,5736,1,216,126
01-10-21,Hamilton,32532,321,29084,257,3448,64,32622,301,255952,1371,288574,1672,5,305,-31,2759,347,29468,7,895,351
01-10-21,Hancock,395,3,300,1,95,2,322,2,3263,11,3585,13,0,6,1,60,2,329,1,17,8
01-10-21,Hardeman,3060,12,2567,10,493,2,3012,10,21664,67,24676,77,0,49,-6,225,18,2786,0,93,52
01-10-21,Hardin,2970,10,2094,5,876,5,2506,5,19945,73,22451,78,0,38,-5,335,15,2597,0,56,50
01-10-21,Hawkins,4238,27,3617,19,621,8,3901,26,25408,185,29309,211,1,63,1,662,25,3513,0,121,72
01-10-21,Haywood,2379,13,2018,8,361,5,2293,11,11724,24,14017,35,0,41,9,179,4,2159,1,71,48
01-10-21,Henderson,3276,26,2339,18,937,8,2952,22,14479,66,17431,88,1,51,2,323,23,2902,0,70,56
01-10-21,Henry,2560,20,2059,9,501,11,2382,10,15708,42,18090,52,0,48,12,201,8,2311,0,66,60
01-10-21,Hickman,2284,11,1949,9,335,2,2257,10,13536,80,15793,90,0,30,-5,258,16,1996,0,45,36
01-10-21,Houston,929,8,714,5,215,3,811,5,7528,77,8339,82,0,22,7,89,1,818,0,38,26
01-10-21,Humphreys,1277,11,895,3,382,8,1049,3,9759,33,10808,36,0,16,5,62,6,1199,0,25,18
01-10-21,Jackson,1114,4,893,3,221,1,1042,4,4642,20,5684,24,0,20,3,100,1,994,0,32,25
01-10-21,Jefferson,4529,30,3348,14,1181,16,3781,23,30218,75,33999,98,2,73,-17,622,45,3834,0,141,79
01-10-21,Johnson,1909,5,1762,5,147,0,1878,7,11829,52,13707,59,1,30,-4,141,8,1738,0,52,30
01-10-21,Knox,37547,329,33173,205,4374,124,36182,237,255553,1015,291735,1252,5,357,-4,4264,328,32926,17,1057,398
01-10-21,Lake,1516,8,1354,5,162,3,1601,4,8770,28,10371,32,1,19,5,109,2,1388,0,21,20
01-10-21,Lauderdale,2809,10,2214,4,595,6,2538,4,17894,44,20432,48,0,31,-3,240,13,2538,0,77,34
01-10-21,Lawrence,4893,42,3910,26,983,16,4295,26,23823,118,28118,144,0,66,17,574,25,4253,0,121,70
01-10-21,Lewis,1246,3,1054,2,192,1,1138,3,8844,27,9982,30,0,20,-3,98,6,1128,0,35,21
01-10-21,Lincoln,3639,27,2876,20,763,7,3257,22,14680,55,17937,77,0,39,5,421,22,3179,0,70,44
01-10-21,Loudon,4641,31,3883,16,758,15,4232,19,25986,74,30218,93,1,46,0,542,30,4053,0,102,49
01-10-21,Macon,2928,9,2395,5,533,4,2824,6,13083,40,15907,46,0,48,1,232,8,2648,0,108,59
01-10-21,Madison,8875,63,5039,30,3836,33,6219,35,46442,152,52661,187,0,162,-17,156,80,8557,0,307,193
01-10-21,Marion,2415,36,2131,19,284,17,2396,18,14330,83,16726,101,1,27,16,382,19,2006,0,93,41
01-10-21,Marshall,3218,29,2785,19,433,10,3130,19,19633,53,22763,72,0,33,13,410,16,2775,1,70,37
01-10-21,Maury,10443,105,9667,83,776,22,10672,108,60245,297,70917,405,1,116,37,1201,67,9126,0,236,123
01-10-21,McMinn,4959,28,4560,25,399,3,5022,27,33437,244,38459,271,1,71,-6,587,33,4301,0,121,74
01-10-21,McNairy,2239,14,1607,4,632,10,2008,5,14506,60,16514,65,0,42,1,146,13,2051,0,56,44
01-10-21,Meigs,1045,12,973,12,72,0,1084,12,6211,21,7295,33,0,16,7,107,5,922,0,33,17
01-10-21,Monroe,4382,23,3696,17,686,6,4126,20,21976,59,26102,79,2,62,-22,554,43,3766,0,127,71
01-10-21,Montgomery,13635,259,10742,142,2893,117,11834,154,87995,704,99829,858,2,138,176,1713,81,11784,5,252,161
01-10-21,Moore,813,4,647,4,166,0,731,2,4125,14,4856,16,0,6,-4,93,8,714,1,12,9
01-10-21,Morgan,1911,21,1499,16,412,5,1600,19,13095,52,14695,71,0,12,12,293,9,1606,1,27,19
01-10-21,Obion,3998,12,2992,5,1006,7,3385,6,18499,57,21884,63,0,74,-2,351,14,3573,1,92,78
01-10-21,Out of State,13892,86,11250,70,2642,16,12584,92,505245,1730,517829,1822,0,70,-17,1753,103,12069,1,164,60
01-10-21,Overton,2524,14,1971,5,553,9,2325,8,12703,66,15028,74,0,41,4,304,10,2179,0,58,50
01-10-21,Pending,12234,147,8439,65,3795,82,9316,77,323565,1467,332881,1544,2,112,8,2178,137,9944,1,107,91
01-10-21,Perry,931,5,823,4,108,1,914,4,5458,17,6372,21,0,24,1,45,4,862,0,26,24
01-10-21,Pickett,646,2,436,2,210,0,518,4,2910,31,3428,35,0,18,2,82,0,546,0,28,21
01-10-21,Polk,1340,15,1250,14,90,1,1390,14,7253,22,8643,36,0,17,0,169,15,1154,0,47,18
01-10-21,Putnam,9335,30,7901,20,1434,10,9478,24,59109,303,68587,327,1,128,-13,871,42,8336,0,181,146
01-10-21,Rhea,3555,34,3189,26,366,8,3584,28,21459,105,25043,133,0,53,18,458,16,3044,0,74,59
01-10-21,Roane,4907,56,4031,28,876,28,4457,31,35363,130,39820,161,1,70,37,630,18,4207,1,117,80
01-10-21,Robertson,7507,69,6341,31,1166,38,7165,40,35420,212,42585,252,1,80,22,845,46,6582,0,356,90
01-10-21,Rutherford,31991,319,28963,225,3028,94,33865,293,183351,1264,217216,1557,1,267,155,3229,163,28495,1,492,295
01-10-21,Scott,2426,12,1483,3,943,9,1580,4,9673,15,11253,19,0,28,-2,261,14,2137,1,56,33
01-10-21,Sequatchie,1266,9,1076,5,190,4,1170,6,10219,28,11389,34,0,18,4,163,5,1085,0,30,21
01-10-21,Sevier,9996,68,9152,53,844,15,9991,62,52958,161,62949,223,2,88,-16,1019,82,8889,2,228,123
01-10-21,Shelby,74205,767,70452,604,3753,163,86389,736,725430,4320,811819,5056,13,1029,407,6810,347,66366,16,3040,1222
01-10-21,Smith,2271,10,1831,4,440,6,2296,4,11212,146,13508,150,0,24,1,194,9,2053,0,55,28
01-10-21,Stewart,1022,9,807,5,215,4,908,5,5672,39,6580,44,0,20,4,113,5,889,0,21,21
01-10-21,Sullivan,12130,92,10756,77,1374,15,11606,84,67863,384,79469,468,2,200,0,1204,90,10726,1,616,223
01-10-21,Sumner,17938,132,16813,75,1125,57,19010,98,96299,516,115309,614,3,223,-6,1855,135,15860,2,641,253
01-10-21,Tipton,5972,59,4416,25,1556,34,5336,32,38540,155,43876,187,3,60,35,592,21,5320,0,132,76
01-10-21,Trousdale,2275,8,2179,8,96,0,2327,9,7756,33,10083,42,0,13,6,104,2,2158,0,34,17
01-10-21,Unicoi,1574,6,1270,3,304,3,1396,3,11095,36,12491,39,0,41,-1,169,7,1364,0,56,42
01-10-21,Union,1388,5,1203,4,185,1,1304,6,8734,21,10038,27,0,20,-5,118,10,1250,0,46,21
01-10-21,Van Buren,695,4,598,3,97,1,662,6,4442,5,5104,11,1,7,2,97,1,591,0,15,10
01-10-21,Warren,4729,26,4138,17,591,9,4668,22,27178,109,31846,131,1,51,6,404,19,4274,0,73,61
01-10-21,Washington,11226,67,9868,54,1358,13,10855,55,65197,351,76052,406,1,186,12,1291,54,9749,1,293,198
01-10-21,Wayne,2592,7,2191,1,401,6,2397,2,9823,36,12220,38,0,18,2,182,5,2392,0,47,22
01-10-21,Weakley,3412,22,2631,14,781,8,3000,15,18479,61,21479,76,0,47,5,291,17,3074,0,53,50
01-10-21,White,2958,19,2513,11,445,8,3090,16,19403,78,22493,94,1,41,5,251,13,2666,0,93,51
01-10-21,Williamson,20501,217,18343,157,2158,60,20446,239,144435,949,164881,1188,2,135,18,2470,197,17896,1,255,166
01-10-21,Wilson,13922,131,12953,104,969,27,14785,139,80381,570,95166,709,0,141,30,1449,101,12332,3,286,163
01-09-21,Anderson,6557,112,5318,70,1239,42,5903,80,51584,438,57487,518,2,88,44,878,66,5591,0,167,113
01-09-21,Bedford,5060,54,4174,42,886,12,4818,53,25620,212,30438,265,1,76,28,557,25,4427,0,105,87
01-09-21,Benton,1315,14,1121,12,194,2,1240,12,7798,53,9038,65,0,32,3,119,11,1164,0,34,36
01-09-21,Bledsoe,1711,19,1613,15,98,4,1710,15,12689,48,14399,63,0,10,16,119,3,1582,0,28,9
01-09-21,Blount,11870,173,10678,155,1192,18,11742,166,59040,402,70782,568,1,108,66,1437,106,10325,2,271,133
01-09-21,Bradley,10165,104,8947,88,1218,16,10170,83,50938,347,61108,430,0,82,16,987,88,9096,6,416,100
01-09-21,Campbell,3101,36,1956,23,1145,13,2187,31,22174,84,24361,115,0,39,6,377,30,2685,0,97,44
01-09-21,Cannon,1502,12,1280,9,222,3,1430,10,7628,40,9058,50,0,16,4,148,8,1338,0,26,20
01-09-21,Carroll,2959,17,2049,9,910,8,2425,9,17308,77,19733,86,1,56,-25,248,41,2655,0,69,65
01-09-21,Carter,5150,27,4562,24,588,3,4982,29,30118,204,35100,233,1,101,-4,618,30,4431,0,196,123
01-09-21,Cheatham,3192,15,2658,11,534,4,3010,12,21637,139,24647,151,0,28,-22,313,37,2851,0,70,32
01-09-21,Chester,1699,27,1251,15,448,12,1497,18,9309,47,10806,65,2,36,11,186,14,1477,2,34,39
01-09-21,Claiborne,1896,26,1366,17,530,9,1457,18,18836,191,20293,209,0,20,8,230,18,1646,0,58,31
01-09-21,Clay,928,7,664,7,264,0,761,10,4815,31,5576,41,1,25,-2,46,8,857,0,19,27
01-09-21,Cocke,3293,55,2425,23,868,32,2672,24,17058,88,19730,112,0,52,28,466,27,2775,1,93,70
01-09-21,Coffee,5409,58,4033,45,1376,13,4937,65,37686,271,42623,336,2,76,13,591,43,4742,1,91,91
01-09-21,Crockett,1804,11,1124,7,680,4,1306,9,6324,25,7630,34,1,36,-6,163,16,1605,0,29,43
01-09-21,Cumberland,5240,82,4545,62,695,20,5200,74,41461,289,46661,363,4,58,50,871,28,4311,1,126,78
01-09-21,Davidson,68652,685,66021,635,2631,50,80016,814,720889,4107,800905,4921,6,620,274,7142,405,60890,6,1730,664
01-09-21,Decatur,1425,13,1090,8,335,5,1301,9,10143,58,11444,67,0,23,3,106,10,1296,0,36,26
01-09-21,Dekalb,2300,28,1769,24,531,4,2044,26,14523,104,16567,130,0,37,18,235,10,2028,0,49,40
01-09-21,Dickson,5113,41,3979,38,1134,3,4716,38,28712,118,33428,156,2,72,-16,355,55,4686,1,104,77
01-09-21,Dyer,4637,34,3216,22,1421,12,3617,24,18996,69,22613,93,0,79,0,425,34,4133,0,95,82
01-09-21,Fayette,3877,47,3491,44,386,3,4286,60,29915,236,34201,296,0,50,11,492,36,3335,0,108,55
01-09-21,Fentress,2073,21,1828,19,245,2,2087,19,9622,62,11709,81,0,30,14,198,7,1845,0,52,35
01-09-21,Franklin,3945,42,3447,29,498,13,4038,36,28152,201,32190,237,0,50,2,405,40,3490,0,90,63
01-09-21,Gibson,5438,48,3398,29,2040,19,4132,37,25193,130,29325,167,5,102,-16,476,59,4860,1,92,114
01-09-21,Giles,3111,37,2705,34,406,3,3096,45,18935,181,22031,226,1,68,7,494,29,2549,0,99,71
01-09-21,Grainger,1994,30,1583,19,411,11,1761,23,11507,93,13268,116,0,27,24,246,6,1721,1,58,39
01-09-21,Greene,6304,67,5117,45,1187,22,5706,46,35706,224,41412,270,1,103,21,884,45,5317,0,160,114
01-09-21,Grundy,1390,9,1215,9,175,0,1401,11,6337,44,7738,55,0,20,-1,178,10,1192,0,53,22
01-09-21,Hamblen,6559,81,5140,49,1419,32,5748,51,39128,269,44876,320,1,96,24,770,56,5693,1,215,126
01-09-21,Hamilton,32211,348,28827,290,3384,58,32321,325,254581,1436,286902,1761,2,300,-50,2790,396,29121,3,888,347
01-09-21,Hancock,392,4,299,3,93,1,320,3,3252,49,3572,52,0,6,3,59,1,327,0,16,8
01-09-21,Hardeman,3048,35,2557,29,491,6,3002,32,21597,118,24599,150,3,49,18,231,14,2768,2,93,51
01-09-21,Hardin,2960,39,2089,19,871,20,2501,23,19872,128,22373,151,1,38,11,340,27,2582,1,56,49
01-09-21,Hawkins,4211,87,3598,74,613,13,3875,74,25223,217,29098,291,0,62,51,661,36,3488,1,121,71
01-09-21,Haywood,2366,18,2010,13,356,5,2282,14,11700,55,13982,69,3,41,4,170,11,2155,1,70,47
01-09-21,Henderson,3250,33,2321,21,929,12,2930,29,14413,55,17343,84,3,50,-5,321,35,2879,0,70,54
01-09-21,Henry,2540,41,2050,23,490,18,2372,25,15666,61,18038,86,1,48,28,189,12,2303,0,66,59
01-09-21,Hickman,2273,33,1940,29,333,4,2247,32,13456,95,15703,127,0,30,10,263,23,1980,0,45,36
01-09-21,Houston,921,9,709,9,212,0,806,10,7451,30,8257,40,0,22,-6,82,15,817,0,38,26
01-09-21,Humphreys,1266,6,892,3,374,3,1046,5,9726,35,10772,40,1,16,0,57,5,1193,1,25,18
01-09-21,Jackson,1110,12,890,12,220,0,1038,13,4622,47,5660,60,0,20,11,97,1,993,0,32,25
01-09-21,Jefferson,4499,70,3334,41,1165,29,3758,45,30143,146,33901,191,2,71,31,639,37,3789,1,141,79
01-09-21,Johnson,1904,10,1757,7,147,3,1871,6,11777,67,13648,73,0,29,7,145,3,1730,0,52,30
01-09-21,Knox,37218,476,32968,394,4250,82,35945,422,254538,1395,290483,1817,5,352,103,4268,368,32598,12,1040,392
01-09-21,Lake,1508,7,1349,5,159,2,1597,4,8742,21,10339,25,2,18,1,104,4,1386,1,21,20
01-09-21,Lauderdale,2799,31,2210,20,589,11,2534,25,17850,89,20384,114,0,31,24,243,7,2525,0,77,34
01-09-21,Lawrence,4851,59,3884,48,967,11,4269,53,23705,222,27974,275,0,66,24,557,35,4228,0,121,69
01-09-21,Lewis,1243,11,1052,9,191,2,1135,10,8817,105,9952,115,0,20,3,101,8,1122,0,35,20
01-09-21,Lincoln,3612,28,2856,22,756,6,3235,29,14625,136,17860,165,0,39,-1,416,29,3157,1,70,44
01-09-21,Loudon,4610,67,3867,38,743,29,4213,41,25912,127,30125,168,0,45,35,542,32,4023,0,102,49
01-09-21,Macon,2919,20,2390,18,529,2,2818,22,13043,67,15861,89,0,48,2,231,18,2640,0,108,59
01-09-21,Madison,8812,65,5009,29,3803,36,6184,33,46290,243,52474,276,0,162,-30,173,95,8477,1,307,191
01-09-21,Marion,2379,36,2112,30,267,6,2378,34,14247,117,16625,151,0,26,16,366,20,1987,0,93,41
01-09-21,Marshall,3189,45,2766,31,423,14,3111,39,19580,132,22691,171,0,33,22,397,23,2759,1,69,35
01-09-21,Maury,10338,205,9584,154,754,51,10564,166,59948,521,70512,687,2,115,114,1164,89,9059,0,236,123
01-09-21,McMinn,4931,87,4535,77,396,10,4995,91,33193,273,38188,364,2,70,49,593,36,4268,0,121,74
01-09-21,McNairy,2225,29,1603,15,622,14,2003,16,14446,210,16449,226,4,42,7,145,18,2038,1,56,44
01-09-21,Meigs,1033,13,961,11,72,2,1072,11,6190,54,7262,65,0,16,2,100,11,917,0,33,17
01-09-21,Monroe,4359,78,3679,59,680,19,4106,67,21917,173,26023,240,0,60,46,576,32,3723,0,127,69
01-09-21,Montgomery,13376,222,10600,119,2776,103,11680,132,87291,660,98971,792,3,136,113,1537,106,11703,1,247,160
01-09-21,Moore,809,13,643,10,166,3,729,11,4111,24,4840,35,0,6,3,97,10,706,0,11,9
01-09-21,Morgan,1890,31,1483,23,407,8,1581,18,13043,64,14624,82,0,12,23,281,8,1597,0,26,17
01-09-21,Obion,3986,19,2987,16,999,3,3379,16,18442,158,21821,174,0,74,-7,353,26,3559,0,91,78
01-09-21,Out of State,13806,159,11180,137,2626,22,12492,164,503515,2041,516007,2205,1,70,-19,1770,177,11966,1,163,60
01-09-21,Overton,2510,33,1966,17,544,16,2317,19,12637,91,14954,110,0,41,22,300,11,2169,0,58,50
01-09-21,Pending,12087,204,8374,109,3713,95,9239,116,322098,1849,331337,1965,-1,110,5,2170,200,9807,0,106,90
01-09-21,Perry,926,13,819,13,107,0,910,13,5441,28,6351,41,0,24,7,44,6,858,0,26,24
01-09-21,Pickett,644,5,434,4,210,1,514,3,2879,19,3393,22,0,18,2,80,3,546,0,28,21
01-09-21,Polk,1325,17,1236,17,89,0,1376,21,7231,40,8607,61,0,17,2,169,15,1139,1,47,18
01-09-21,Putnam,9305,110,7881,99,1424,11,9454,116,58806,462,68260,578,0,127,52,884,58,8294,0,181,145
01-09-21,Rhea,3521,50,3163,41,358,9,3556,44,21354,162,24910,206,1,53,28,440,21,3028,0,74,59
01-09-21,Roane,4851,71,4003,57,848,14,4426,59,35233,198,39659,257,0,69,39,593,32,4189,1,116,77
01-09-21,Robertson,7438,90,6310,71,1128,19,7125,81,35208,303,42333,384,1,79,12,823,77,6536,6,356,89
01-09-21,Rutherford,31672,321,28738,278,2934,43,33572,330,182087,1192,215659,1522,3,266,94,3074,224,28332,2,491,290
01-09-21,Scott,2414,13,1480,3,934,10,1576,3,9658,29,11234,32,1,28,6,263,6,2123,0,55,33
01-09-21,Sequatchie,1257,16,1071,15,186,1,1164,18,10191,86,11355,104,0,18,5,159,11,1080,0,30,21
01-09-21,Sevier,9928,156,9099,136,829,20,9929,150,52797,348,62726,498,1,86,118,1035,37,8807,0,226,117
01-09-21,Shelby,73438,795,69848,741,3590,54,85653,927,721110,5901,806763,6828,7,1016,312,6403,476,66019,9,3024,1207
01-09-21,Smith,2261,13,1827,10,434,3,2292,14,11066,117,13358,131,0,24,11,193,2,2044,0,55,28
01-09-21,Stewart,1013,15,802,11,211,4,903,11,5633,35,6536,46,0,20,10,109,5,884,0,21,21
01-09-21,Sullivan,12038,41,10679,22,1359,19,11522,26,67479,197,79001,223,0,198,-58,1204,99,10636,0,615,222
01-09-21,Sumner,17806,152,16738,138,1068,14,18912,171,95783,660,114695,831,0,220,19,1861,133,15725,4,639,252
01-09-21,Tipton,5913,53,4391,37,1522,16,5304,47,38385,228,43689,275,0,57,2,557,51,5299,2,132,75
01-09-21,Trousdale,2267,15,2171,14,96,1,2318,17,7723,50,10041,67,0,13,10,98,5,2156,0,34,17
01-09-21,Unicoi,1568,11,1267,8,301,3,1393,9,11059,43,12452,52,0,41,0,170,11,1357,0,56,42
01-09-21,Union,1383,12,1199,10,184,2,1298,8,8713,64,10011,72,0,20,8,123,4,1240,0,46,21
01-09-21,Van Buren,691,12,595,9,96,3,656,12,4437,18,5093,30,0,6,8,95,4,590,1,15,10
01-09-21,Warren,4703,43,4121,38,582,5,4646,57,27069,159,31715,216,2,50,16,398,25,4255,0,73,61
01-09-21,Washington,11159,88,9814,72,1345,16,10800,79,64846,356,75646,435,3,185,10,1279,75,9695,0,292,197
01-09-21,Wayne,2585,16,2190,11,395,5,2395,11,9787,55,12182,66,0,18,2,180,14,2387,1,47,20
01-09-21,Weakley,3390,29,2617,16,773,13,2985,17,18418,85,21403,102,0,47,13,286,16,3057,0,53,49
01-09-21,White,2939,20,2502,19,437,1,3074,31,19325,127,22399,158,0,40,7,246,13,2653,1,93,49
01-09-21,Williamson,20284,195,18186,142,2098,53,20207,158,143486,947,163693,1105,0,133,-8,2452,203,17699,1,254,165
01-09-21,Wilson,13791,136,12849,118,942,18,14646,141,79811,604,94457,745,1,141,10,1419,125,12231,7,283,161
01-08-21,Anderson,6445,83,5248,51,1197,32,5823,55,51146,200,56969,255,5,86,61,834,17,5525,2,167,112
01-08-21,Bedford,5006,32,4132,31,874,1,4765,40,25408,148,30173,188,0,75,23,529,9,4402,0,105,85
01-08-21,Benton,1301,6,1109,6,192,0,1228,6,7745,42,8973,48,0,32,4,116,2,1153,1,34,36
01-08-21,Bledsoe,1692,9,1598,7,94,2,1695,7,12641,44,14336,51,0,10,9,103,0,1579,0,28,9
01-08-21,Blount,11697,106,10523,88,1174,18,11576,89,58638,231,70214,320,4,107,68,1371,34,10219,2,269,132
01-08-21,Bradley,10061,107,8859,91,1202,16,10087,104,50591,305,60678,409,1,82,85,971,21,9008,2,410,99
01-08-21,Campbell,3065,16,1933,8,1132,8,2156,7,22090,55,24246,62,0,39,5,371,11,2655,0,97,43
01-08-21,Cannon,1490,10,1271,8,219,2,1420,10,7588,42,9008,52,0,16,7,144,3,1330,1,26,20
01-08-21,Carroll,2942,22,2040,9,902,13,2416,18,17231,77,19647,95,1,55,3,273,18,2614,0,69,65
01-08-21,Carter,5123,52,4538,44,585,8,4953,47,29914,124,34867,171,1,100,44,622,7,4401,0,196,122
01-08-21,Cheatham,3177,32,2647,21,530,11,2998,31,21498,170,24496,201,0,28,14,335,18,2814,0,70,32
01-08-21,Chester,1672,20,1236,15,436,5,1479,17,9262,90,10741,107,0,34,14,175,6,1463,0,32,39
01-08-21,Claiborne,1870,13,1349,8,521,5,1439,9,18645,142,20084,151,0,20,9,222,4,1628,0,58,31
01-08-21,Clay,921,16,657,11,264,5,751,13,4784,24,5535,37,0,24,16,48,0,849,0,19,27
01-08-21,Cocke,3238,35,2402,21,836,14,2648,26,16970,100,19618,126,1,52,24,438,10,2748,1,92,69
01-08-21,Coffee,5351,42,3988,25,1363,17,4872,23,37415,152,42287,175,2,74,28,578,12,4699,1,90,90
01-08-21,Crockett,1793,9,1117,4,676,5,1297,5,6299,10,7596,15,1,35,3,169,5,1589,0,29,43
01-08-21,Cumberland,5158,89,4483,74,675,15,5126,81,41172,213,46298,294,1,54,70,821,18,4283,1,125,77
01-08-21,Davidson,67967,618,65386,580,2581,38,79202,1016,716782,4712,795984,5728,14,614,429,6868,175,60485,4,1724,654
01-08-21,Decatur,1412,2,1082,1,330,1,1292,5,10085,17,11377,22,0,23,1,103,1,1286,0,36,26
01-08-21,Dekalb,2272,31,1745,20,527,11,2018,20,14419,35,16437,55,0,37,27,217,4,2018,0,49,40
01-08-21,Dickson,5072,71,3941,37,1131,34,4678,48,28594,173,33272,221,2,70,60,371,9,4631,0,103,77
01-08-21,Dyer,4603,45,3194,21,1409,24,3593,22,18927,89,22520,111,0,79,30,425,15,4099,0,95,81
01-08-21,Fayette,3830,30,3447,19,383,11,4226,22,29679,96,33905,118,0,50,23,481,7,3299,0,108,54
01-08-21,Fentress,2052,18,1809,14,243,4,2068,16,9560,66,11628,82,0,30,17,184,1,1838,0,52,35
01-08-21,Franklin,3903,40,3418,34,485,6,4002,44,27951,210,31953,254,1,50,29,403,10,3450,1,90,63
01-08-21,Gibson,5390,30,3369,17,2021,13,4095,14,25063,132,29158,146,-1,97,19,492,12,4801,0,91,112
01-08-21,Giles,3074,39,2671,26,403,13,3051,31,18754,72,21805,103,2,67,34,487,3,2520,0,99,71
01-08-21,Grainger,1964,15,1564,8,400,7,1738,8,11414,36,13152,44,0,27,9,222,6,1715,1,57,37
01-08-21,Greene,6237,56,5072,44,1165,12,5660,41,35482,147,41142,188,0,102,42,863,14,5272,0,160,111
01-08-21,Grundy,1381,17,1206,14,175,3,1390,18,6293,40,7683,58,0,20,15,179,2,1182,1,53,22
01-08-21,Hamblen,6478,52,5091,22,1387,30,5697,24,38859,103,44556,127,4,95,34,746,14,5637,0,214,125
01-08-21,Hamilton,31863,489,28537,423,3326,66,31996,469,253145,1923,285141,2392,9,298,365,2840,115,28725,7,885,344
01-08-21,Hancock,388,9,296,4,92,5,317,4,3203,5,3520,9,1,6,8,56,0,326,0,16,8
01-08-21,Hardeman,3013,15,2528,13,485,2,2970,13,21479,169,24449,182,-1,46,14,213,2,2754,0,91,49
01-08-21,Hardin,2921,19,2070,10,851,9,2478,11,19744,90,22222,101,0,37,15,329,4,2555,1,55,48
01-08-21,Hawkins,4124,40,3524,30,600,10,3801,32,25006,95,28807,127,1,62,32,610,7,3452,2,120,70
01-08-21,Haywood,2348,10,1997,8,351,2,2268,8,11645,37,13913,45,-1,38,7,166,4,2144,0,69,47
01-08-21,Henderson,3217,20,2300,11,917,9,2901,12,14358,38,17259,50,1,47,12,326,7,2844,0,70,54
01-08-21,Henry,2499,22,2027,12,472,10,2347,13,15605,51,17952,64,3,47,15,161,4,2291,1,66,57
01-08-21,Hickman,2240,26,1911,15,329,11,2215,18,13361,55,15576,73,1,30,19,253,6,1957,0,45,35
01-08-21,Houston,912,11,700,5,212,6,796,7,7421,82,8217,89,0,22,9,88,2,802,0,38,26
01-08-21,Humphreys,1260,17,889,3,371,14,1041,5,9691,45,10732,50,2,15,14,57,1,1188,0,24,18
01-08-21,Jackson,1098,8,878,5,220,3,1025,5,4575,22,5600,27,0,20,5,86,3,992,0,32,25
01-08-21,Jefferson,4429,46,3293,29,1136,17,3713,31,29997,192,33710,223,0,69,28,608,18,3752,2,140,79
01-08-21,Johnson,1894,7,1750,5,144,2,1865,6,11710,31,13575,37,0,29,4,138,3,1727,0,52,30
01-08-21,Knox,36742,455,32574,368,4168,87,35523,373,253143,1491,288666,1864,7,347,263,4165,185,32230,6,1028,390
01-08-21,Lake,1501,10,1344,7,157,3,1593,9,8721,48,10314,57,0,16,8,103,2,1382,2,20,18
01-08-21,Lauderdale,2768,33,2190,24,578,9,2509,28,17761,108,20270,136,0,31,26,219,7,2518,0,77,34
01-08-21,Lawrence,4792,36,3836,17,956,19,4216,21,23483,103,27699,124,2,66,26,533,8,4193,1,121,68
01-08-21,Lewis,1232,8,1043,6,189,2,1125,5,8712,15,9837,20,0,20,5,98,3,1114,0,35,20
01-08-21,Lincoln,3584,23,2834,18,750,5,3206,17,14489,69,17695,86,0,39,12,417,11,3128,0,69,44
01-08-21,Loudon,4543,45,3829,32,714,13,4172,35,25785,109,29957,144,0,45,38,507,7,3991,1,102,49
01-08-21,Macon,2899,27,2372,18,527,9,2796,21,12976,96,15772,117,1,48,16,229,10,2622,0,108,58
01-08-21,Madison,8747,72,4980,52,3767,20,6151,57,46047,327,52198,384,1,162,27,203,44,8382,3,306,191
01-08-21,Marion,2343,30,2082,25,261,5,2344,29,14130,126,16474,155,0,26,23,350,7,1967,3,93,41
01-08-21,Marshall,3144,25,2735,13,409,12,3072,18,19448,83,22520,101,2,33,18,375,5,2736,0,68,35
01-08-21,Maury,10133,68,9430,44,703,24,10398,82,59427,219,69825,301,3,113,11,1050,54,8970,1,236,121
01-08-21,McMinn,4844,27,4458,21,386,6,4904,27,32920,169,37824,196,1,68,17,544,9,4232,2,121,74
01-08-21,McNairy,2196,13,1588,6,608,7,1987,6,14236,140,16223,146,0,38,7,138,6,2020,1,55,43
01-08-21,Meigs,1020,4,950,3,70,1,1061,5,6136,38,7197,43,0,16,1,98,3,906,0,33,17
01-08-21,Monroe,4281,40,3620,25,661,15,4039,24,21744,101,25783,125,1,60,30,530,9,3691,0,127,69
01-08-21,Montgomery,13154,216,10481,97,2673,119,11548,112,86631,527,98179,639,1,133,173,1424,42,11597,4,246,158
01-08-21,Moore,796,2,633,1,163,1,718,1,4087,23,4805,24,0,6,1,94,1,696,0,11,9
01-08-21,Morgan,1859,15,1460,12,399,3,1563,26,12979,60,14542,86,0,12,9,258,6,1589,0,26,17
01-08-21,Obion,3967,20,2971,15,996,5,3363,15,18284,127,21647,142,0,74,14,360,6,3533,0,91,78
01-08-21,Out of State,13647,149,11043,121,2604,28,12328,173,501474,2246,513802,2419,1,69,106,1789,42,11789,2,162,59
01-08-21,Overton,2477,21,1949,8,528,13,2298,9,12546,65,14844,74,0,41,14,278,7,2158,0,58,50
01-08-21,Pending,11883,181,8265,80,3618,101,9123,128,320249,1634,329372,1762,5,111,142,2165,34,9607,1,106,87
01-08-21,Perry,913,3,806,1,107,2,897,3,5413,13,6310,16,1,24,1,37,1,852,0,26,24
01-08-21,Pickett,639,11,430,8,209,3,511,8,2860,26,3371,34,0,18,9,78,2,543,0,28,20
01-08-21,Polk,1308,21,1219,18,89,3,1355,17,7191,55,8546,72,0,17,17,167,4,1124,0,46,18
01-08-21,Putnam,9195,81,7782,51,1413,30,9338,53,58344,291,67682,344,1,127,55,832,25,8236,0,181,144
01-08-21,Rhea,3471,45,3122,37,349,8,3512,39,21192,215,24704,254,0,52,34,412,11,3007,1,74,57
01-08-21,Roane,4780,42,3946,31,834,11,4367,34,35035,151,39402,185,4,69,30,554,8,4157,2,115,77
01-08-21,Robertson,7348,68,6239,44,1109,24,7044,64,34905,251,41949,315,1,78,48,811,19,6459,4,350,89
01-08-21,Rutherford,31351,289,28460,217,2891,72,33242,307,180895,1144,214137,1451,4,263,226,2980,59,28108,2,489,287
01-08-21,Scott,2401,15,1477,7,924,8,1573,7,9629,30,11202,37,1,27,8,257,6,2117,1,55,33
01-08-21,Sequatchie,1241,10,1056,5,185,5,1146,5,10105,30,11251,35,1,18,4,154,5,1069,0,30,21
01-08-21,Sevier,9772,138,8963,124,809,14,9779,128,52449,350,62228,478,1,85,118,917,19,8770,3,226,114
01-08-21,Shelby,72643,420,69107,375,3536,45,84726,450,715209,2859,799935,3309,13,1009,255,6091,152,65543,13,3015,1201
01-08-21,Smith,2248,31,1817,7,431,24,2278,11,10949,77,13227,88,0,24,31,182,0,2042,1,55,28
01-08-21,Stewart,998,13,791,9,207,4,892,13,5598,25,6490,38,0,20,11,99,2,879,1,21,21
01-08-21,Sullivan,11997,149,10657,129,1340,20,11496,136,67282,343,78778,479,2,198,118,1262,29,10537,5,615,221
01-08-21,Sumner,17654,152,16600,136,1054,16,18741,187,95123,658,113864,845,6,220,113,1842,33,15592,0,635,249
01-08-21,Tipton,5860,32,4354,13,1506,19,5257,21,38157,148,43414,169,1,57,17,555,14,5248,0,130,75
01-08-21,Trousdale,2252,13,2157,8,95,5,2301,10,7673,38,9974,48,1,13,11,88,1,2151,0,34,17
01-08-21,Unicoi,1557,11,1259,6,298,5,1384,7,11016,23,12400,30,1,41,5,170,5,1346,0,56,41
01-08-21,Union,1371,6,1189,3,182,3,1290,5,8649,34,9939,39,1,20,4,115,1,1236,0,46,20
01-08-21,Van Buren,679,7,586,4,93,3,644,4,4419,6,5063,10,0,6,5,87,2,586,0,14,8
01-08-21,Warren,4660,60,4083,55,577,5,4589,57,26910,148,31499,205,0,48,54,382,6,4230,1,73,60
01-08-21,Washington,11071,80,9742,62,1329,18,10721,75,64490,297,75211,372,3,182,58,1269,19,9620,0,292,196
01-08-21,Wayne,2569,4,2179,2,390,2,2384,6,9732,34,12116,40,0,18,0,178,4,2373,0,46,20
01-08-21,Weakley,3361,23,2601,13,760,10,2968,15,18333,117,21301,132,0,47,18,273,5,3041,0,53,49
01-08-21,White,2919,14,2483,8,436,6,3043,7,19198,64,22241,71,1,40,6,239,7,2640,0,92,49
01-08-21,Williamson,20089,196,18044,157,2045,39,20049,369,142539,1085,162588,1454,1,133,129,2460,66,17496,3,253,162
01-08-21,Wilson,13655,98,12731,82,924,16,14505,169,79207,532,93712,701,2,140,66,1409,30,12106,1,276,156
01-07-21,Anderson,6362,106,5197,81,1165,25,5768,92,50946,219,56714,311,1,81,65,773,40,5508,1,165,109
01-07-21,Bedford,4974,75,4101,67,873,8,4725,72,25260,175,29985,247,1,75,51,506,23,4393,1,105,85
01-07-21,Benton,1295,25,1103,20,192,5,1222,21,7703,43,8925,64,0,32,21,112,4,1151,0,33,36
01-07-21,Bledsoe,1683,15,1591,14,92,1,1688,15,12597,59,14285,74,0,10,4,94,11,1579,0,28,9
01-07-21,Blount,11591,68,10435,62,1156,6,11487,65,58407,311,69894,376,2,103,-36,1303,102,10185,0,267,132
01-07-21,Bradley,9954,91,8768,85,1186,6,9983,92,50286,298,60269,390,0,81,20,886,71,8987,3,408,95
01-07-21,Campbell,3049,33,1925,13,1124,20,2149,14,22035,49,24184,63,1,39,-11,366,43,2644,0,97,42
01-07-21,Cannon,1480,14,1263,12,217,2,1410,14,7546,50,8956,64,0,16,6,137,8,1327,2,25,20
01-07-21,Carroll,2920,46,2031,26,889,20,2398,28,17154,59,19552,87,2,54,39,270,5,2596,1,69,65
01-07-21,Carter,5071,54,4494,48,577,6,4906,50,29790,91,34696,141,4,99,22,578,28,4394,0,196,121
01-07-21,Cheatham,3145,36,2626,26,519,10,2967,28,21328,117,24295,145,1,28,8,321,27,2796,0,70,31
01-07-21,Chester,1652,16,1221,10,431,6,1462,13,9172,41,10634,54,2,34,8,161,6,1457,0,32,39
01-07-21,Claiborne,1857,29,1341,16,516,13,1430,16,18503,37,19933,53,0,20,12,213,17,1624,0,58,31
01-07-21,Clay,905,4,646,2,259,2,738,2,4760,5,5498,7,1,24,1,32,2,849,0,19,26
01-07-21,Cocke,3203,39,2381,20,822,19,2622,25,16870,45,19492,70,0,51,23,414,16,2738,0,91,67
01-07-21,Coffee,5309,80,3963,70,1346,10,4849,73,37263,289,42112,362,0,72,50,550,30,4687,0,89,89
01-07-21,Crockett,1784,13,1113,8,671,5,1292,8,6289,24,7581,32,3,34,6,166,4,1584,0,29,42
01-07-21,Cumberland,5069,74,4409,64,660,10,5045,73,40959,228,46004,301,0,53,32,751,42,4265,0,124,75
01-07-21,Davidson,67349,760,64806,725,2543,35,78186,633,712070,5026,790256,5659,0,600,379,6439,381,60310,6,1720,645
01-07-21,Decatur,1410,6,1081,6,329,0,1287,4,10068,31,11355,35,1,23,4,102,1,1285,1,36,26
01-07-21,Dekalb,2241,50,1725,43,516,7,1998,47,14384,109,16382,156,0,37,36,190,14,2014,1,49,40
01-07-21,Dickson,5001,53,3904,50,1097,3,4630,48,28421,165,33051,213,0,68,14,311,39,4622,1,103,76
01-07-21,Dyer,4558,44,3173,30,1385,14,3571,31,18838,85,22409,116,4,79,23,395,17,4084,0,95,81
01-07-21,Fayette,3800,68,3428,64,372,4,4204,65,29583,175,33787,240,1,50,46,458,21,3292,1,108,54
01-07-21,Fentress,2034,26,1795,26,239,0,2052,27,9494,63,11546,90,0,30,20,167,6,1837,0,52,35
01-07-21,Franklin,3863,42,3384,38,479,4,3958,37,27741,147,31699,184,0,49,21,374,21,3440,0,89,62
01-07-21,Gibson,5360,47,3352,24,2008,23,4081,29,24931,129,29012,158,3,98,17,473,27,4789,0,91,111
01-07-21,Giles,3035,47,2645,36,390,11,3020,42,18682,101,21702,143,1,65,31,453,15,2517,1,99,69
01-07-21,Grainger,1949,33,1556,32,393,1,1730,35,11378,107,13108,142,0,27,19,213,14,1709,0,56,37
01-07-21,Greene,6181,99,5028,78,1153,21,5619,84,35335,177,40954,261,0,102,72,821,27,5258,0,160,110
01-07-21,Grundy,1364,27,1192,24,172,3,1372,24,6253,47,7625,71,0,20,17,164,10,1180,0,52,22
01-07-21,Hamblen,6426,110,5069,76,1357,34,5673,82,38756,179,44429,261,0,91,64,712,46,5623,4,214,119
01-07-21,Hamilton,31374,355,28114,331,3260,24,31527,359,251222,1116,282749,1475,4,289,80,2475,271,28610,8,878,338
01-07-21,Hancock,379,7,292,7,87,0,313,8,3198,19,3511,27,0,5,5,48,2,326,0,16,7
01-07-21,Hardeman,2998,26,2515,17,483,9,2957,18,21310,64,24267,82,4,47,11,199,11,2752,0,91,49
01-07-21,Hardin,2902,29,2060,26,842,3,2467,30,19654,78,22121,108,1,37,11,314,17,2551,0,54,46
01-07-21,Hawkins,4084,87,3494,80,590,7,3769,89,24911,212,28680,301,1,61,63,578,23,3445,0,118,70
01-07-21,Haywood,2338,22,1989,21,349,1,2260,24,11608,71,13868,95,1,39,14,159,7,2140,1,69,47
01-07-21,Henderson,3197,46,2289,38,908,8,2889,42,14320,62,17209,104,2,46,25,314,19,2837,1,70,52
01-07-21,Henry,2477,25,2015,22,462,3,2334,28,15554,56,17888,84,0,44,9,146,16,2287,1,65,57
01-07-21,Hickman,2214,23,1896,19,318,4,2197,19,13306,68,15503,87,0,29,2,234,21,1951,0,45,33
01-07-21,Houston,901,26,695,9,206,17,789,10,7339,23,8128,33,0,22,21,79,5,800,0,38,25
01-07-21,Humphreys,1243,14,886,10,357,4,1036,10,9646,41,10682,51,1,13,10,43,3,1187,0,24,18
01-07-21,Jackson,1090,15,873,14,217,1,1020,16,4553,34,5573,50,0,20,11,81,4,989,0,32,24
01-07-21,Jefferson,4383,56,3264,48,1119,8,3682,54,29805,182,33487,236,0,69,18,580,38,3734,0,138,76
01-07-21,Johnson,1887,32,1745,31,142,1,1859,31,11679,66,13538,97,1,29,30,134,1,1724,1,52,30
01-07-21,Knox,36287,387,32206,343,4081,44,35150,353,251652,1264,286802,1617,10,340,74,3902,303,32045,10,1022,382
01-07-21,Lake,1491,9,1337,5,154,4,1584,5,8673,12,10257,17,2,16,4,95,3,1380,0,18,18
01-07-21,Lauderdale,2735,12,2166,10,569,2,2481,11,17653,58,20134,69,2,31,6,193,4,2511,1,77,34
01-07-21,Lawrence,4756,78,3819,66,937,12,4195,68,23380,203,27575,271,0,64,58,507,20,4185,1,120,68
01-07-21,Lewis,1224,10,1037,7,187,3,1120,8,8697,28,9817,36,0,20,3,93,7,1111,0,35,20
01-07-21,Lincoln,3561,52,2816,48,745,4,3189,56,14420,96,17609,152,1,39,31,405,20,3117,1,69,43
01-07-21,Loudon,4498,45,3797,38,701,7,4137,45,25676,125,29813,170,1,45,0,469,44,3984,2,101,49
01-07-21,Macon,2872,27,2354,16,518,11,2775,17,12880,42,15655,59,0,47,18,213,9,2612,1,108,58
01-07-21,Madison,8675,70,4928,48,3747,22,6094,50,45720,192,51814,242,2,161,3,176,65,8338,5,303,189
01-07-21,Marion,2313,46,2057,40,256,6,2315,38,14004,108,16319,146,0,26,25,327,21,1960,1,90,38
01-07-21,Marshall,3119,49,2722,42,397,7,3054,41,19365,115,22419,156,1,31,25,357,23,2731,2,68,34
01-07-21,Maury,10065,207,9386,160,679,47,10316,149,59208,554,69524,703,3,110,142,1039,62,8916,2,235,119
01-07-21,McMinn,4817,71,4437,65,380,6,4877,60,32751,181,37628,241,1,67,50,527,20,4223,1,119,73
01-07-21,McNairy,2183,23,1582,17,601,6,1981,19,14096,113,16077,132,0,38,8,131,15,2014,0,54,43
01-07-21,Meigs,1016,15,947,14,69,1,1056,13,6098,26,7154,39,0,16,9,97,6,903,1,33,16
01-07-21,Monroe,4241,28,3595,24,646,4,4015,30,21643,84,25658,114,1,59,0,500,27,3682,1,127,68
01-07-21,Montgomery,12938,95,10384,90,2554,5,11436,91,86104,376,97540,467,1,132,-11,1251,105,11555,1,242,156
01-07-21,Moore,794,12,632,10,162,2,717,11,4064,15,4781,26,0,6,7,93,5,695,0,11,9
01-07-21,Morgan,1844,26,1448,25,396,1,1537,23,12919,55,14456,78,0,12,16,249,10,1583,1,26,17
01-07-21,Obion,3947,27,2956,21,991,6,3348,22,18157,78,21505,100,1,74,5,346,21,3527,0,91,78
01-07-21,Out of State,13498,108,10922,84,2576,24,12155,82,499228,1494,511383,1576,-1,68,-17,1683,126,11747,0,160,58
01-07-21,Overton,2456,48,1941,31,515,17,2289,36,12481,97,14770,133,0,41,29,264,19,2151,1,58,50
01-07-21,Pending,11702,174,8185,107,3517,67,8995,103,318615,1284,327610,1387,2,106,45,2023,127,9573,0,105,85
01-07-21,Perry,910,11,805,9,105,2,894,8,5400,20,6294,28,0,23,3,36,8,851,0,26,24
01-07-21,Pickett,628,9,422,5,206,4,503,5,2834,6,3337,11,1,18,5,69,3,541,0,28,20
01-07-21,Polk,1287,19,1201,18,86,1,1338,19,7136,66,8474,85,0,17,12,150,7,1120,0,46,18
01-07-21,Putnam,9114,164,7731,141,1383,23,9285,158,58053,448,67338,606,1,126,121,777,42,8211,1,181,143
01-07-21,Rhea,3426,45,3085,39,341,6,3473,45,20977,104,24450,149,0,52,17,378,28,2996,0,73,57
01-07-21,Roane,4738,44,3915,23,823,21,4333,27,34884,121,39217,148,0,65,13,524,31,4149,1,113,77
01-07-21,Robertson,7280,70,6195,66,1085,4,6980,67,34654,173,41634,240,1,77,19,763,50,6440,1,346,87
01-07-21,Rutherford,31062,391,28243,364,2819,27,32935,346,179751,1018,212686,1364,5,259,188,2754,198,28049,5,487,286
01-07-21,Scott,2386,27,1470,21,916,6,1566,25,9599,80,11165,105,0,26,17,249,10,2111,0,54,32
01-07-21,Sequatchie,1231,36,1051,34,180,2,1141,36,10075,70,11216,106,0,17,26,150,10,1064,1,30,21
01-07-21,Sevier,9634,85,8839,71,795,14,9651,75,52099,289,61750,364,6,84,8,799,71,8751,1,223,109
01-07-21,Shelby,72223,544,68732,502,3491,42,84276,533,712350,4202,796626,4735,19,996,68,5836,457,65391,9,3002,1191
01-07-21,Smith,2217,40,1810,33,407,7,2267,41,10872,53,13139,94,0,24,28,151,12,2042,1,54,28
01-07-21,Stewart,985,12,782,10,203,2,879,11,5573,32,6452,43,0,20,-3,88,15,877,0,20,21
01-07-21,Sullivan,11848,164,10528,150,1320,14,11360,153,66939,394,78299,547,0,196,103,1144,61,10508,5,610,220
01-07-21,Sumner,17502,188,16464,169,1038,19,18554,170,94465,415,113019,585,1,214,88,1729,99,15559,0,635,246
01-07-21,Tipton,5828,66,4341,58,1487,8,5236,67,38009,164,43245,231,1,56,47,538,18,5234,0,130,73
01-07-21,Trousdale,2239,14,2149,10,90,4,2291,8,7635,34,9926,42,0,12,10,77,4,2150,0,34,17
01-07-21,Unicoi,1546,19,1253,15,293,4,1377,19,10993,97,12370,116,0,40,11,165,8,1341,0,56,41
01-07-21,Union,1365,24,1186,22,179,2,1285,23,8615,44,9900,67,0,19,18,111,6,1235,0,46,20
01-07-21,Van Buren,672,23,582,22,90,1,640,24,4413,58,5053,82,0,6,22,82,1,584,0,14,7
01-07-21,Warren,4600,40,4028,35,572,5,4532,37,26762,91,31294,128,1,48,22,328,17,4224,0,72,59
01-07-21,Washington,10991,179,9680,143,1311,36,10646,152,64193,518,74839,670,0,179,131,1211,48,9601,3,292,193
01-07-21,Wayne,2565,20,2177,16,388,4,2378,17,9698,37,12076,54,0,18,11,178,9,2369,1,46,20
01-07-21,Weakley,3338,42,2588,35,750,7,2953,35,18216,78,21169,113,2,47,17,255,23,3036,0,53,49
01-07-21,White,2905,34,2475,31,430,3,3036,38,19134,104,22170,142,0,39,26,233,8,2633,0,92,49
01-07-21,Williamson,19893,275,17887,246,2006,29,19680,156,141454,803,161134,959,2,132,130,2331,143,17430,1,250,158
01-07-21,Wilson,13557,148,12649,137,908,11,14336,116,78675,433,93011,549,1,138,74,1343,73,12076,2,275,154
01-06-21,Anderson,6256,73,5116,39,1140,34,5676,38,50727,147,56403,185,5,80,-13,708,81,5468,2,164,106
01-06-21,Bedford,4899,43,4034,18,865,25,4653,18,25085,76,29738,94,5,74,-10,455,48,4370,0,104,83
01-06-21,Benton,1270,9,1083,5,187,4,1201,4,7660,18,8861,22,1,32,-2,91,10,1147,1,33,36
01-06-21,Bledsoe,1668,9,1577,9,91,0,1673,11,12538,26,14211,37,1,10,-1,90,9,1568,0,28,9
01-06-21,Blount,11523,163,10373,137,1150,26,11422,137,58096,243,69518,380,1,101,19,1339,143,10083,3,267,131
01-06-21,Bradley,9863,109,8683,86,1180,23,9891,88,49988,284,59879,372,4,81,-14,866,119,8916,5,405,95
01-06-21,Campbell,3016,53,1912,5,1104,48,2135,4,21986,37,24121,41,0,38,13,377,40,2601,0,97,42
01-06-21,Cannon,1466,14,1251,10,215,4,1396,10,7496,18,8892,28,0,16,-1,131,15,1319,0,23,19
01-06-21,Carroll,2874,37,2005,11,869,26,2370,12,17095,53,19465,65,0,52,9,231,28,2591,1,68,65
01-06-21,Carter,5017,44,4446,39,571,5,4856,54,29699,72,34555,126,5,95,-20,556,59,4366,1,196,121
01-06-21,Cheatham,3109,48,2600,27,509,21,2939,29,21211,75,24150,104,0,27,-10,313,58,2769,0,70,31
01-06-21,Chester,1636,19,1211,11,425,8,1449,8,9131,19,10580,27,0,32,3,153,16,1451,0,32,38
01-06-21,Claiborne,1828,39,1325,11,503,28,1414,13,18466,95,19880,108,0,20,15,201,24,1607,1,58,30
01-06-21,Clay,901,9,644,4,257,5,736,5,4755,6,5491,11,0,23,0,31,9,847,0,19,26
01-06-21,Cocke,3164,30,2361,16,803,14,2597,14,16825,57,19422,71,1,51,-14,391,43,2722,1,91,67
01-06-21,Coffee,5229,49,3893,17,1336,32,4776,27,36974,140,41750,167,0,72,-5,500,54,4657,1,89,87
01-06-21,Crockett,1771,21,1105,5,666,16,1284,6,6265,15,7549,21,-1,31,1,160,21,1580,0,29,41
01-06-21,Cumberland,4995,80,4345,55,650,25,4972,57,40731,119,45703,176,0,53,0,719,80,4223,0,124,75
01-06-21,Davidson,66589,838,64081,742,2508,96,77553,848,707044,3538,784597,4386,0,600,231,6060,607,59929,5,1714,638
01-06-21,Decatur,1404,16,1075,3,329,13,1283,3,10037,51,11320,54,0,22,8,98,8,1284,1,35,26
01-06-21,Dekalb,2191,17,1682,11,509,6,1951,10,14275,21,16226,31,1,37,-7,154,23,2000,2,48,40
01-06-21,Dickson,4948,41,3854,22,1094,19,4582,23,28256,143,32838,166,3,68,-29,297,67,4583,2,102,75
01-06-21,Dyer,4514,29,3143,11,1371,18,3540,7,18753,53,22293,60,-2,75,7,372,24,4067,0,95,81
01-06-21,Fayette,3732,36,3364,22,368,14,4139,31,29408,225,33547,256,0,49,-13,412,49,3271,0,107,53
01-06-21,Fentress,2008,12,1769,7,239,5,2025,8,9431,47,11456,55,0,30,-4,147,16,1831,0,52,35
01-06-21,Franklin,3821,41,3346,31,475,10,3921,28,27594,117,31515,145,1,49,-5,353,45,3419,0,89,62
01-06-21,Gibson,5313,51,3328,16,1985,35,4052,19,24802,55,28854,74,0,95,-12,456,63,4762,0,91,109
01-06-21,Giles,2988,39,2609,29,379,10,2978,34,18581,87,21559,121,1,64,-5,422,43,2502,1,98,68
01-06-21,Grainger,1916,11,1524,7,392,4,1695,5,11271,22,12966,27,1,27,-6,194,16,1695,0,56,37
01-06-21,Greene,6082,72,4950,47,1132,25,5535,53,35158,153,40693,206,0,102,3,749,69,5231,3,160,108
01-06-21,Grundy,1337,17,1168,13,169,4,1348,10,6206,21,7554,31,0,20,4,147,13,1170,1,52,22
01-06-21,Hamblen,6316,61,4993,25,1323,36,5591,27,38577,70,44168,97,0,91,10,648,51,5577,1,210,116
01-06-21,Hamilton,31019,412,27783,335,3236,77,31168,368,250106,1386,281274,1754,2,285,8,2395,402,28339,6,870,333
01-06-21,Hancock,372,8,285,5,87,3,305,4,3179,23,3484,27,0,5,3,43,5,324,0,16,7
01-06-21,Hardeman,2972,30,2498,10,474,20,2939,12,21246,39,24185,51,0,43,14,188,16,2741,0,91,49
01-06-21,Hardin,2873,36,2034,15,839,21,2437,15,19576,71,22013,86,0,36,10,303,26,2534,0,54,46
01-06-21,Hawkins,3997,55,3414,40,583,15,3680,32,24699,172,28379,204,0,60,13,515,42,3422,2,118,67
01-06-21,Haywood,2316,14,1968,9,348,5,2236,11,11537,42,13773,53,1,38,-5,145,18,2133,2,68,46
01-06-21,Henderson,3151,35,2251,14,900,21,2847,9,14258,31,17105,40,0,44,4,289,31,2818,0,69,51
01-06-21,Henry,2452,19,1993,10,459,9,2306,8,15498,43,17804,51,1,44,0,137,18,2271,0,64,57
01-06-21,Hickman,2191,33,1877,16,314,17,2178,18,13238,67,15416,85,1,29,-1,232,33,1930,1,45,33
01-06-21,Houston,875,21,686,6,189,15,779,6,7316,99,8095,105,0,22,14,58,7,795,0,38,25
01-06-21,Humphreys,1229,6,876,3,353,3,1026,4,9605,60,10631,64,0,12,-15,33,21,1184,0,24,18
01-06-21,Jackson,1075,6,859,5,216,1,1004,6,4519,14,5523,20,0,20,-2,70,8,985,0,32,24
01-06-21,Jefferson,4327,46,3216,31,1111,15,3628,33,29623,90,33251,123,2,69,-6,562,50,3696,0,138,75
01-06-21,Johnson,1855,14,1714,6,141,8,1828,7,11613,32,13441,39,0,28,11,104,3,1723,0,51,30
01-06-21,Knox,35900,498,31863,363,4037,135,34797,368,250388,1167,285185,1535,9,330,59,3828,430,31742,15,1012,379
01-06-21,Lake,1482,12,1332,8,150,4,1579,7,8661,12,10240,19,-1,14,1,91,12,1377,0,18,18
01-06-21,Lauderdale,2723,22,2156,15,567,7,2470,15,17595,49,20065,64,0,29,2,187,20,2507,0,76,34
01-06-21,Lawrence,4678,42,3753,32,925,10,4127,29,23177,66,27304,95,1,64,-4,449,45,4165,0,119,68
01-06-21,Lewis,1214,16,1030,7,184,9,1112,8,8669,57,9781,65,0,20,10,90,6,1104,0,35,20
01-06-21,Lincoln,3509,54,2768,41,741,13,3133,40,14324,90,17457,130,0,38,10,374,44,3097,3,68,43
01-06-21,Loudon,4453,83,3759,35,694,48,4092,38,25551,73,29643,111,2,44,31,469,50,3940,4,99,49
01-06-21,Macon,2845,42,2338,15,507,27,2758,14,12838,17,15596,31,0,47,17,195,25,2603,2,107,57
01-06-21,Madison,8605,117,4880,38,3725,79,6044,31,45528,149,51572,180,0,159,14,173,103,8273,2,298,187
01-06-21,Marion,2267,39,2017,28,250,11,2277,29,13896,69,16173,98,0,26,13,302,26,1939,0,89,36
01-06-21,Marshall,3070,40,2680,31,390,9,3013,32,19250,137,22263,169,0,30,14,332,26,2708,3,66,33
01-06-21,Maury,9858,87,9226,69,632,18,10167,66,58654,245,68821,311,0,107,11,897,76,8854,2,233,117
01-06-21,McMinn,4746,38,4372,29,374,9,4817,30,32570,108,37387,138,0,66,-17,477,55,4203,1,118,73
01-06-21,McNairy,2160,29,1565,16,595,13,1962,17,13983,111,15945,128,0,38,-8,123,37,1999,0,54,43
01-06-21,Meigs,1001,10,933,5,68,5,1043,7,6072,23,7115,30,0,16,0,88,10,897,0,32,16
01-06-21,Monroe,4213,74,3571,54,642,20,3985,64,21559,62,25544,126,1,58,23,500,50,3655,3,126,67
01-06-21,Montgomery,12843,196,10294,120,2549,76,11345,123,85728,415,97073,538,2,131,59,1262,135,11450,0,241,153
01-06-21,Moore,782,12,622,11,160,1,706,11,4049,13,4755,24,0,6,8,86,4,690,0,11,9
01-06-21,Morgan,1818,22,1423,8,395,14,1514,7,12864,26,14378,33,0,12,-6,233,28,1573,0,25,17
01-06-21,Obion,3920,41,2935,28,985,13,3326,28,18079,77,21405,105,0,73,16,341,25,3506,2,91,78
01-06-21,Out of State,13390,184,10838,131,2552,53,12073,153,497734,2166,509807,2319,2,69,-11,1700,193,11621,0,160,58
01-06-21,Overton,2408,30,1910,18,498,12,2253,19,12384,49,14637,68,0,41,9,235,21,2132,1,57,50
01-06-21,Pending,11528,257,8078,119,3450,138,8892,131,317331,1488,326223,1619,4,104,-4,1978,257,9446,0,105,85
01-06-21,Perry,899,5,796,3,103,2,886,3,5380,22,6266,25,0,23,-2,33,7,843,0,26,24
01-06-21,Pickett,619,9,417,4,202,5,498,4,2828,42,3326,46,0,17,-1,64,10,538,0,28,19
01-06-21,Polk,1268,16,1183,15,85,1,1319,15,7070,47,8389,62,1,17,-3,138,18,1113,1,46,18
01-06-21,Putnam,8950,73,7590,43,1360,30,9127,44,57605,152,66732,196,1,125,16,656,56,8169,2,180,142
01-06-21,Rhea,3381,43,3046,32,335,11,3428,32,20873,93,24301,125,1,52,-8,361,50,2968,2,73,57
01-06-21,Roane,4694,75,3892,41,802,34,4306,42,34763,141,39069,183,1,65,-6,511,80,4118,1,112,76
01-06-21,Robertson,7210,101,6129,62,1081,39,6913,67,34481,142,41394,209,1,76,18,744,82,6390,1,345,85
01-06-21,Rutherford,30671,304,27879,238,2792,66,32589,265,178733,791,211322,1056,2,254,-2,2566,304,27851,6,482,283
01-06-21,Scott,2359,26,1449,12,910,14,1541,13,9519,26,11060,39,1,26,1,232,24,2101,0,54,32
01-06-21,Sequatchie,1195,8,1017,4,178,4,1105,5,10005,22,11110,27,0,17,0,124,8,1054,0,29,21
01-06-21,Sevier,9549,119,8768,103,781,16,9576,108,51810,205,61386,313,2,78,11,791,106,8680,3,222,108
01-06-21,Shelby,71679,746,68230,641,3449,105,83743,715,708148,4439,791891,5154,30,977,45,5768,671,64934,13,2993,1177
01-06-21,Smith,2177,20,1777,8,400,12,2226,10,10819,19,13045,29,0,24,8,123,12,2030,1,53,28
01-06-21,Stewart,973,14,772,9,201,5,868,8,5541,44,6409,52,0,20,-2,91,16,862,0,20,21
01-06-21,Sullivan,11684,109,10378,91,1306,18,11207,99,66545,292,77752,391,4,196,-25,1041,130,10447,4,605,217
01-06-21,Sumner,17314,229,16295,190,1019,39,18384,195,94050,350,112434,545,3,213,22,1641,204,15460,5,635,244
01-06-21,Tipton,5762,39,4283,20,1479,19,5169,23,37845,155,43014,178,0,55,-22,491,61,5216,1,130,72
01-06-21,Trousdale,2225,14,2139,9,86,5,2283,10,7601,21,9884,31,0,12,4,67,10,2146,0,34,17
01-06-21,Unicoi,1527,11,1238,4,289,7,1358,5,10896,13,12254,18,0,40,-9,154,20,1333,0,56,41
01-06-21,Union,1341,13,1164,9,177,4,1262,7,8571,28,9833,35,1,19,6,93,6,1229,1,46,20
01-06-21,Van Buren,649,3,560,2,89,1,616,1,4355,3,4971,4,0,6,-5,60,8,583,0,14,7
01-06-21,Warren,4560,42,3993,28,567,14,4495,31,26671,119,31166,150,1,47,-3,306,44,4207,0,72,57
01-06-21,Washington,10812,89,9537,68,1275,21,10494,77,63675,125,74169,202,7,179,-21,1080,103,9553,0,289,191
01-06-21,Wayne,2545,13,2161,9,384,4,2361,10,9661,42,12022,52,0,18,-1,167,14,2360,1,45,20
01-06-21,Weakley,3296,27,2553,11,743,16,2918,10,18138,55,21056,65,0,45,-5,238,32,3013,0,53,49
01-06-21,White,2871,34,2444,29,427,5,2998,30,19030,64,22028,94,0,39,9,207,25,2625,0,92,49
01-06-21,Williamson,19618,236,17641,155,1977,81,19524,150,140651,684,160175,834,2,130,-10,2201,244,17287,3,249,156
01-06-21,Wilson,13409,135,12512,105,897,30,14220,112,78242,268,92462,380,2,137,-20,1269,153,12003,3,273,153
01-05-21,Anderson,6183,73,5077,31,1106,42,5638,29,50580,118,56218,147,2,75,-49,721,120,5387,2,162,104
01-05-21,Bedford,4856,54,4016,12,840,42,4635,11,25009,38,29644,49,4,69,-25,465,75,4322,1,104,81
01-05-21,Benton,1261,8,1078,3,183,5,1197,4,7642,20,8839,24,0,31,-16,93,24,1137,1,32,36
01-05-21,Bledsoe,1659,9,1568,5,91,4,1662,5,12512,23,14174,28,0,9,-17,91,26,1559,0,28,9
01-05-21,Blount,11360,166,10236,108,1124,58,11285,114,57853,270,69138,384,1,100,-26,1320,191,9940,4,264,130
01-05-21,Bradley,9754,130,8597,81,1157,49,9803,86,49704,206,59507,292,1,77,-10,880,139,8797,1,400,93
01-05-21,Campbell,2963,35,1907,8,1056,27,2131,11,21949,25,24080,36,1,38,-27,364,61,2561,3,97,42
01-05-21,Cannon,1452,13,1241,3,211,10,1386,3,7478,17,8864,20,0,16,-6,132,19,1304,0,23,19
01-05-21,Carroll,2837,40,1994,16,843,24,2358,16,17042,32,19400,48,0,52,-1,222,41,2563,0,67,63
01-05-21,Carter,4973,57,4407,44,566,13,4802,37,29627,45,34429,82,1,90,-35,576,91,4307,0,195,118
01-05-21,Cheatham,3061,42,2573,19,488,23,2910,14,21136,95,24046,109,2,27,-9,323,49,2711,1,70,29
01-05-21,Chester,1617,18,1200,7,417,11,1441,7,9112,15,10553,22,1,32,-6,150,23,1435,0,32,36
01-05-21,Claiborne,1789,16,1314,9,475,7,1401,13,18371,72,19772,85,0,20,-19,186,35,1583,0,57,29
01-05-21,Clay,892,6,640,3,252,3,731,2,4749,19,5480,21,0,23,-14,31,20,838,0,19,26
01-05-21,Cocke,3134,60,2345,24,789,36,2583,27,16768,76,19351,103,3,50,-9,405,66,2679,0,90,66
01-05-21,Coffee,5180,64,3876,26,1304,38,4749,25,36834,135,41583,160,2,72,7,505,55,4603,0,88,86
01-05-21,Crockett,1750,19,1100,10,650,9,1278,8,6250,15,7528,23,2,32,0,159,17,1559,0,29,40
01-05-21,Cumberland,4915,64,4290,30,625,34,4915,30,40612,186,45527,216,0,53,-48,719,112,4143,2,124,71
01-05-21,Davidson,65751,1090,63339,936,2412,154,76705,952,703506,3259,780211,4211,3,600,409,5829,678,59322,4,1709,634
01-05-21,Decatur,1388,11,1072,3,316,8,1280,2,9986,9,11266,11,0,22,-3,90,14,1276,1,34,26
01-05-21,Dekalb,2174,19,1671,6,503,13,1941,6,14254,11,16195,17,3,36,-40,161,56,1977,0,46,38
01-05-21,Dickson,4907,66,3832,42,1075,24,4559,44,28113,128,32672,172,2,65,7,326,57,4516,1,100,74
01-05-21,Dyer,4485,42,3132,21,1353,21,3533,24,18700,45,22233,69,5,77,-5,365,42,4043,0,95,80
01-05-21,Fayette,3696,52,3342,29,354,23,4108,37,29183,126,33291,163,0,49,-22,425,74,3222,1,107,53
01-05-21,Fentress,1996,6,1762,2,234,4,2017,2,9384,14,11401,16,0,30,-46,151,52,1815,0,52,35
01-05-21,Franklin,3780,40,3315,13,465,27,3893,13,27477,50,31370,63,0,48,-29,358,69,3374,0,89,59
01-05-21,Gibson,5262,52,3312,28,1950,24,4033,29,24747,64,28780,93,2,95,-29,468,79,4699,0,91,109
01-05-21,Giles,2949,50,2580,29,369,21,2944,30,18494,34,21438,64,0,63,-17,427,67,2459,1,97,67
01-05-21,Grainger,1905,19,1517,8,388,11,1690,7,11249,25,12939,32,0,26,-24,200,43,1679,0,56,37
01-05-21,Greene,6010,93,4903,62,1107,31,5482,68,35005,120,40487,188,4,102,-18,746,107,5162,1,157,107
01-05-21,Grundy,1320,13,1155,9,165,4,1338,9,6185,12,7523,21,1,20,-14,143,26,1157,1,51,21
01-05-21,Hamblen,6255,75,4968,26,1287,49,5564,27,38507,79,44071,106,1,91,-53,638,127,5526,4,209,115
01-05-21,Hamilton,30607,605,27448,448,3159,157,30800,475,248720,1308,279520,1783,6,283,167,2387,432,27937,6,864,329
01-05-21,Hancock,364,1,280,1,84,0,301,0,3156,2,3457,2,0,5,-12,40,13,319,0,16,7
01-05-21,Hardeman,2942,20,2488,8,454,12,2927,7,21207,24,24134,31,1,43,-15,174,34,2725,0,91,49
01-05-21,Hardin,2837,23,2019,10,818,13,2422,12,19505,37,21927,49,0,36,-20,293,43,2508,1,54,43
01-05-21,Hawkins,3942,46,3374,16,568,30,3648,24,24527,87,28175,111,0,60,-58,502,104,3380,2,116,66
01-05-21,Haywood,2302,14,1959,3,343,11,2225,6,11495,23,13720,29,0,37,-9,150,23,2115,1,66,46
01-05-21,Henderson,3116,30,2237,9,879,21,2838,5,14227,26,17065,31,0,44,-21,285,51,2787,0,69,51
01-05-21,Henry,2433,29,1983,6,450,23,2298,11,15455,37,17753,48,2,43,-12,137,39,2253,0,64,56
01-05-21,Hickman,2158,26,1861,16,297,10,2160,16,13171,59,15331,75,0,28,-7,233,33,1897,0,44,33
01-05-21,Houston,854,8,680,7,174,1,773,7,7217,63,7990,70,0,22,-1,44,9,788,0,38,25
01-05-21,Humphreys,1223,7,873,2,350,5,1022,2,9545,36,10567,38,0,12,-14,48,21,1163,0,24,16
01-05-21,Jackson,1069,8,854,1,215,7,998,0,4505,2,5503,2,0,20,-10,72,18,977,0,32,23
01-05-21,Jefferson,4281,76,3185,23,1096,53,3595,25,29533,87,33128,112,0,67,11,568,65,3646,0,138,74
01-05-21,Johnson,1841,15,1708,1,133,14,1821,3,11581,21,13402,24,0,28,-10,93,25,1720,1,51,30
01-05-21,Knox,35402,519,31500,328,3902,191,34429,343,249221,1187,283650,1530,14,321,30,3769,475,31312,13,997,370
01-05-21,Lake,1470,2,1324,2,146,0,1572,2,8649,7,10221,9,1,15,-1,90,2,1365,0,18,17
01-05-21,Lauderdale,2701,17,2141,11,560,6,2455,12,17546,38,20001,50,0,29,-7,185,24,2487,0,76,33
01-05-21,Lawrence,4636,42,3721,15,915,27,4098,17,23111,67,27209,84,1,63,-19,453,60,4120,1,119,68
01-05-21,Lewis,1198,8,1023,2,175,6,1104,2,8612,8,9716,10,0,20,-4,80,12,1098,1,35,20
01-05-21,Lincoln,3455,33,2727,19,728,14,3093,19,14234,38,17327,57,1,38,-36,364,68,3053,0,65,42
01-05-21,Loudon,4370,69,3724,32,646,37,4054,33,25478,90,29532,123,0,42,-14,438,83,3890,2,95,49
01-05-21,Macon,2803,12,2323,4,480,8,2744,5,12821,19,15565,24,0,47,-28,178,40,2578,0,105,56
01-05-21,Madison,8488,106,4842,46,3646,60,6013,45,45379,120,51392,165,5,159,2,159,99,8170,1,296,184
01-05-21,Marion,2228,47,1989,27,239,20,2248,29,13827,64,16075,93,0,26,7,289,40,1913,1,89,36
01-05-21,Marshall,3030,42,2649,9,381,33,2981,6,19113,23,22094,29,0,30,-26,318,68,2682,2,63,33
01-05-21,Maury,9771,131,9157,57,614,74,10101,57,58409,172,68510,229,0,107,-45,886,176,8778,3,231,116
01-05-21,McMinn,4708,71,4343,48,365,23,4787,49,32462,112,37249,161,0,66,0,494,71,4148,0,117,72
01-05-21,McNairy,2131,20,1549,12,582,8,1945,12,13872,25,15817,37,0,38,-19,131,39,1962,0,54,42
01-05-21,Meigs,991,13,928,9,63,4,1036,9,6049,23,7085,32,0,16,-11,88,24,887,0,32,16
01-05-21,Monroe,4139,78,3517,32,622,46,3921,34,21497,100,25418,134,0,57,8,477,70,3605,0,123,67
01-05-21,Montgomery,12647,335,10174,101,2473,234,11222,104,85313,264,96535,368,0,129,107,1203,228,11315,7,241,152
01-05-21,Moore,770,8,611,5,159,3,695,5,4036,11,4731,16,0,6,-7,78,15,686,1,11,9
01-05-21,Morgan,1796,33,1415,4,381,29,1507,3,12838,19,14345,22,0,12,-5,239,38,1545,1,25,17
01-05-21,Obion,3879,56,2907,35,972,21,3298,36,18002,82,21300,118,0,73,27,325,29,3481,2,89,78
01-05-21,Out of State,13206,181,10707,117,2499,64,11920,119,495568,1803,507488,1922,0,67,16,1711,165,11428,0,160,57
01-05-21,Overton,2378,34,1892,14,486,20,2234,17,12335,22,14569,39,0,41,-14,226,48,2111,0,56,49
01-05-21,Pending,11271,285,7959,114,3312,171,8761,112,315843,1126,324604,1238,0,100,52,1982,233,9189,1,105,85
01-05-21,Perry,894,3,793,0,101,3,883,0,5358,6,6241,6,0,23,-18,35,21,836,0,26,24
01-05-21,Pickett,610,13,413,8,197,5,494,8,2786,16,3280,24,0,17,8,65,5,528,1,28,19
01-05-21,Polk,1252,14,1168,10,84,4,1304,11,7023,21,8327,32,0,16,-6,141,20,1095,1,45,17
01-05-21,Putnam,8877,58,7547,19,1330,39,9083,21,57453,72,66536,93,1,124,-133,640,190,8113,1,178,142
01-05-21,Rhea,3338,45,3014,22,324,23,3396,24,20780,37,24176,61,0,51,-13,369,58,2918,2,71,57
01-05-21,Roane,4619,38,3851,12,768,26,4264,12,34622,123,38886,135,1,64,-53,517,90,4038,0,111,73
01-05-21,Robertson,7109,111,6067,44,1042,67,6846,45,34339,89,41185,134,0,75,-1,726,112,6308,7,344,85
01-05-21,Rutherford,30367,414,27641,235,2726,179,32324,239,177942,491,210266,730,4,252,-2,2568,412,27547,7,476,281
01-05-21,Scott,2333,30,1437,3,896,27,1528,5,9493,42,11021,47,0,25,-24,231,54,2077,1,54,30
01-05-21,Sequatchie,1187,18,1013,9,174,9,1100,10,9983,16,11083,26,0,17,-16,124,34,1046,1,29,20
01-05-21,Sevier,9430,93,8665,76,765,17,9468,77,51605,193,61073,270,0,76,-120,780,213,8574,2,219,106
01-05-21,Shelby,70933,810,67589,712,3344,98,83028,852,703709,5039,786737,5891,8,947,100,5723,702,64263,12,2980,1167
01-05-21,Smith,2157,20,1769,1,388,19,2216,1,10800,6,13016,7,0,24,-13,115,33,2018,0,52,28
01-05-21,Stewart,959,21,763,3,196,18,860,3,5497,13,6357,16,0,20,1,93,20,846,0,20,20
01-05-21,Sullivan,11575,163,10287,122,1288,41,11108,121,66253,287,77361,408,4,192,41,1066,118,10317,5,601,215
01-05-21,Sumner,17085,186,16105,144,980,42,18189,136,93700,277,111889,413,1,210,-66,1619,251,15256,3,630,237
01-05-21,Tipton,5723,78,4263,34,1460,44,5146,37,37690,183,42836,220,0,55,0,513,78,5155,0,129,70
01-05-21,Trousdale,2211,7,2130,4,81,3,2273,3,7580,6,9853,9,0,12,-11,63,18,2136,0,34,17
01-05-21,Unicoi,1516,21,1234,8,282,13,1353,7,10883,14,12236,21,0,40,-5,163,26,1313,0,56,40
01-05-21,Union,1328,9,1155,6,173,3,1255,6,8543,31,9798,37,1,18,-13,87,21,1223,2,45,20
01-05-21,Van Buren,646,9,558,4,88,5,615,1,4352,9,4967,10,0,6,-7,65,16,575,1,14,7
01-05-21,Warren,4518,25,3965,15,553,10,4464,15,26552,72,31016,87,1,46,-115,309,139,4163,0,72,57
01-05-21,Washington,10723,116,9469,72,1254,44,10417,82,63550,197,73967,279,3,172,-27,1101,140,9450,2,289,191
01-05-21,Wayne,2532,22,2152,5,380,17,2351,3,9619,20,11970,23,1,18,0,168,21,2346,0,44,20
01-05-21,Weakley,3269,35,2542,10,727,25,2908,13,18083,33,20991,46,0,45,10,243,25,2981,0,53,49
01-05-21,White,2837,22,2415,13,422,9,2968,13,18966,34,21934,47,0,39,-30,198,52,2600,0,92,46
01-05-21,Williamson,19382,326,17486,183,1896,143,19374,127,139967,389,159341,516,0,128,-33,2211,359,17043,4,246,153
01-05-21,Wilson,13274,152,12407,121,867,31,14108,100,77974,177,92082,277,2,135,-34,1289,184,11850,1,270,152
01-04-21,Anderson,6110,38,5046,24,1064,14,5609,30,50462,108,56071,138,1,73,-57,770,94,5267,0,160,101
01-04-21,Bedford,4802,22,4004,11,798,11,4624,10,24971,25,29595,35,1,65,-40,490,61,4247,1,103,79
01-04-21,Benton,1253,4,1075,2,178,2,1193,3,7622,4,8815,7,0,31,-7,109,11,1113,0,31,36
01-04-21,Bledsoe,1650,2,1563,2,87,0,1657,2,12489,7,14146,9,0,9,-6,108,8,1533,0,28,9
01-04-21,Blount,11194,68,10128,57,1066,11,11171,63,57583,103,68754,166,0,99,-103,1346,171,9749,0,260,128
01-04-21,Bradley,9624,102,8516,86,1108,16,9717,101,49498,188,59215,289,2,76,-16,890,116,8658,0,399,92
01-04-21,Campbell,2928,5,1899,4,1029,1,2120,6,21924,20,24044,26,0,37,-44,391,49,2500,0,94,42
01-04-21,Cannon,1439,6,1238,4,201,2,1383,3,7461,7,8844,10,1,16,-10,138,15,1285,0,23,19
01-04-21,Carroll,2797,16,1978,6,819,10,2342,5,17010,12,19352,17,0,52,-10,223,26,2522,0,67,61
01-04-21,Carter,4916,51,4363,33,553,18,4765,39,29582,48,34347,87,1,89,-23,611,73,4216,1,195,116
01-04-21,Cheatham,3019,11,2554,11,465,0,2896,9,21041,18,23937,27,1,25,-45,332,55,2662,0,69,29
01-04-21,Chester,1599,4,1193,2,406,2,1434,1,9097,5,10531,6,0,31,-14,156,18,1412,0,32,36
01-04-21,Claiborne,1773,7,1305,5,468,2,1388,5,18299,20,19687,25,1,20,-38,205,44,1548,1,57,27
01-04-21,Clay,886,1,637,0,249,1,729,1,4730,2,5459,3,0,23,-14,45,15,818,0,19,26
01-04-21,Cocke,3074,33,2321,12,753,21,2556,21,16692,64,19248,85,0,47,-33,414,66,2613,1,90,65
01-04-21,Coffee,5116,11,3850,3,1266,8,4724,6,36699,18,41423,24,1,70,-51,498,61,4548,0,88,84
01-04-21,Crockett,1731,18,1090,1,641,17,1270,1,6235,3,7505,4,0,30,-5,159,23,1542,0,29,40
01-04-21,Cumberland,4851,29,4260,21,591,8,4885,22,40426,14,45311,36,0,53,-44,767,73,4031,1,122,69
01-04-21,Davidson,64661,433,62403,385,2258,48,75753,340,700247,1126,776000,1466,21,597,-436,5420,848,58644,6,1705,629
01-04-21,Decatur,1377,3,1069,1,308,2,1278,1,9977,5,11255,6,1,22,-11,93,13,1262,0,33,26
01-04-21,Dekalb,2155,3,1665,1,490,2,1935,1,14243,5,16178,6,0,33,-26,201,29,1921,0,46,38
01-04-21,Dickson,4841,22,3790,19,1051,3,4515,18,27985,74,32500,92,2,63,-49,319,69,4459,2,99,74
01-04-21,Dyer,4443,17,3111,5,1332,12,3509,6,18655,14,22164,20,2,72,-26,370,41,4001,0,95,79
01-04-21,Fayette,3644,20,3313,17,331,3,4071,18,29057,17,33128,35,1,49,-32,447,51,3148,0,106,52
01-04-21,Fentress,1990,3,1760,2,230,1,2015,3,9370,2,11385,5,0,30,-20,197,23,1763,0,52,34
01-04-21,Franklin,3740,20,3302,14,438,6,3880,12,27427,20,31307,32,0,48,-28,387,48,3305,1,89,58
01-04-21,Gibson,5210,24,3284,9,1926,15,4004,11,24683,13,28687,24,0,93,-45,497,69,4620,1,91,108
01-04-21,Giles,2899,30,2551,8,348,22,2914,7,18460,15,21374,22,1,63,-35,444,64,2392,0,96,65
01-04-21,Grainger,1886,9,1509,2,377,7,1683,3,11224,11,12907,14,0,26,-11,224,20,1636,0,56,36
01-04-21,Greene,5917,35,4841,21,1076,14,5414,18,34885,17,40299,35,5,98,-75,764,105,5055,0,156,107
01-04-21,Grundy,1307,22,1146,22,161,0,1329,24,6173,8,7502,32,0,19,4,157,18,1131,0,50,20
01-04-21,Hamblen,6180,57,4942,20,1238,37,5537,20,38428,33,43965,53,1,90,-64,691,120,5399,2,205,113
01-04-21,Hamilton,30002,251,27000,234,3002,17,30325,255,247412,407,277737,662,1,277,-256,2220,506,27505,8,858,326
01-04-21,Hancock,363,13,279,2,84,11,301,2,3154,2,3455,4,0,5,10,52,3,306,1,16,7
01-04-21,Hardeman,2922,9,2480,3,442,6,2920,2,21183,11,24103,13,0,42,-13,189,22,2691,0,91,49
01-04-21,Hardin,2814,18,2009,3,805,15,2410,2,19468,5,21878,7,1,36,-27,313,44,2465,1,53,43
01-04-21,Hawkins,3896,43,3358,28,538,15,3624,26,24440,33,28064,59,3,60,2,560,38,3276,1,114,66
01-04-21,Haywood,2288,7,1956,4,332,3,2219,5,11472,6,13691,11,1,37,-19,159,25,2092,1,65,44
01-04-21,Henderson,3086,17,2228,5,858,12,2833,6,14201,6,17034,12,0,44,-32,306,49,2736,0,69,50
01-04-21,Henry,2404,8,1977,3,427,5,2287,4,15418,11,17705,15,2,41,-22,149,28,2214,0,64,54
01-04-21,Hickman,2132,13,1845,8,287,5,2144,7,13112,19,15256,26,1,28,-12,240,24,1864,0,44,32
01-04-21,Houston,846,0,673,0,173,0,766,0,7154,42,7920,42,0,22,-14,45,14,779,0,38,25
01-04-21,Humphreys,1216,2,871,1,345,1,1020,2,9509,12,10529,14,0,12,-22,62,24,1142,0,24,16
01-04-21,Jackson,1061,5,853,4,208,1,998,4,4503,1,5501,5,1,20,-10,82,14,959,1,32,22
01-04-21,Jefferson,4205,36,3162,6,1043,30,3570,7,29446,46,33016,53,1,67,-39,557,74,3581,1,138,72
01-04-21,Johnson,1826,4,1707,3,119,1,1818,2,11560,7,13378,9,0,28,-5,103,9,1695,0,50,29
01-04-21,Knox,34883,321,31172,227,3711,94,34086,248,248034,661,282120,909,6,307,-222,3739,537,30837,6,984,364
01-04-21,Lake,1468,3,1322,1,146,2,1570,1,8642,4,10212,5,1,14,-12,91,14,1363,0,18,16
01-04-21,Lauderdale,2684,13,2130,7,554,6,2443,7,17508,23,19951,30,0,29,-12,192,25,2463,1,76,33
01-04-21,Lawrence,4594,16,3706,8,888,8,4081,6,23044,16,27125,22,3,62,-44,472,57,4060,0,118,66
01-04-21,Lewis,1190,6,1021,0,169,6,1102,0,8604,3,9706,3,1,20,-5,84,10,1086,0,34,20
01-04-21,Lincoln,3422,12,2708,6,714,6,3074,7,14196,17,17270,24,3,37,-45,400,54,2985,0,65,42
01-04-21,Loudon,4301,23,3692,11,609,12,4021,15,25388,39,29409,54,1,42,-69,452,91,3807,0,93,49
01-04-21,Macon,2791,20,2319,7,472,13,2739,6,12802,12,15541,18,1,47,-30,206,49,2538,0,105,54
01-04-21,Madison,8382,42,4796,14,3586,28,5968,16,45259,42,51227,58,1,154,-54,157,95,8071,0,295,184
01-04-21,Marion,2181,7,1962,6,219,1,2219,6,13763,23,15982,29,0,26,-14,282,21,1873,0,88,35
01-04-21,Marshall,2988,13,2640,7,348,6,2975,4,19090,5,22065,9,0,30,-27,344,40,2614,0,61,32
01-04-21,Maury,9640,42,9100,36,540,6,10044,27,58237,55,68281,82,2,107,-59,931,99,8602,0,228,114
01-04-21,McMinn,4637,22,4295,18,342,4,4738,20,32350,88,37088,108,0,66,-35,494,57,4077,0,117,69
01-04-21,McNairy,2111,4,1537,0,574,4,1933,1,13847,3,15780,4,0,38,-35,150,39,1923,0,54,42
01-04-21,Meigs,978,11,919,9,59,2,1027,11,6026,10,7053,21,0,16,-6,99,17,863,1,32,16
01-04-21,Monroe,4061,22,3485,9,576,13,3887,10,21397,29,25284,39,1,57,-49,469,70,3535,1,123,67
01-04-21,Montgomery,12312,58,10073,29,2239,29,11118,29,85049,113,96167,142,1,129,-124,1096,181,11087,0,234,151
01-04-21,Moore,762,4,606,2,156,2,690,2,4025,0,4715,2,0,6,-12,85,16,671,0,10,9
01-04-21,Morgan,1763,28,1411,23,352,5,1504,11,12819,3,14323,14,1,12,-25,244,52,1507,0,24,17
01-04-21,Obion,3823,11,2872,8,951,3,3262,7,17920,16,21182,23,1,73,-33,298,43,3452,0,87,78
01-04-21,Out of State,13025,89,10590,79,2435,10,11801,80,493765,672,505566,752,4,67,-117,1695,202,11263,0,160,56
01-04-21,Overton,2344,7,1878,2,466,5,2217,2,12313,10,14530,12,0,41,-20,240,27,2063,1,56,49
01-04-21,Pending,10986,128,7845,62,3141,66,8649,56,314717,440,323366,496,6,100,-180,1930,302,8956,0,104,84
01-04-21,Perry,891,3,793,2,98,1,883,1,5352,1,6235,2,0,23,-6,53,9,815,0,26,24
01-04-21,Pickett,597,0,405,0,192,0,486,0,2770,3,3256,3,0,17,-13,57,13,523,0,27,19
01-04-21,Polk,1238,7,1158,7,80,0,1293,8,7002,15,8295,23,0,16,-7,147,14,1075,0,44,17
01-04-21,Putnam,8819,24,7528,20,1291,4,9062,21,57381,50,66443,71,1,123,-57,773,80,7923,1,177,141
01-04-21,Rhea,3293,11,2992,9,301,2,3372,11,20743,20,24115,31,2,51,-50,382,59,2860,0,69,56
01-04-21,Roane,4581,31,3839,15,742,16,4252,16,34499,30,38751,46,5,63,-34,570,60,3948,1,111,73
01-04-21,Robertson,6998,20,6023,16,975,4,6801,15,34250,36,41051,51,0,75,-86,727,106,6196,0,337,84
01-04-21,Rutherford,29953,234,27406,206,2547,28,32085,207,177451,359,209536,566,3,248,-167,2570,398,27135,1,469,277
01-04-21,Scott,2303,10,1434,1,869,9,1523,0,9451,7,10974,7,0,25,-22,255,32,2023,0,53,30
01-04-21,Sequatchie,1169,9,1004,8,165,1,1090,8,9967,4,11057,12,0,17,-10,140,19,1012,0,28,20
01-04-21,Sevier,9337,43,8589,31,748,12,9391,31,51412,104,60803,135,3,76,-106,900,146,8361,0,217,102
01-04-21,Shelby,70123,371,66877,340,3246,31,82176,378,698670,1337,780846,1715,18,939,-498,5623,851,63561,5,2968,1150
01-04-21,Smith,2137,24,1768,6,369,18,2215,6,10794,8,13009,14,0,24,5,128,19,1985,0,52,28
01-04-21,Stewart,938,5,760,2,178,3,857,1,5484,4,6341,5,0,20,-13,92,18,826,0,20,20
01-04-21,Sullivan,11412,130,10165,112,1247,18,10987,122,65966,156,76953,278,7,188,-22,1025,145,10199,3,596,210
01-04-21,Sumner,16899,131,15961,118,938,13,18053,117,93423,176,111476,293,2,209,-77,1685,206,15005,3,627,235
01-04-21,Tipton,5645,34,4229,12,1416,22,5109,13,37507,48,42616,61,0,55,-33,513,67,5077,0,129,69
01-04-21,Trousdale,2204,6,2126,2,78,4,2270,2,7574,4,9844,6,0,12,-4,74,10,2118,0,34,15
01-04-21,Unicoi,1495,6,1226,4,269,2,1346,3,10869,7,12215,10,0,40,-24,168,30,1287,0,56,40
01-04-21,Union,1319,9,1149,7,170,2,1249,7,8512,10,9761,17,0,17,-14,100,23,1202,0,43,19
01-04-21,Van Buren,637,3,554,3,83,0,614,2,4343,1,4957,3,0,6,1,72,2,559,1,13,7
01-04-21,Warren,4493,19,3950,13,543,6,4449,11,26480,13,30929,24,2,45,-31,424,48,4024,0,72,56
01-04-21,Washington,10607,88,9397,73,1210,15,10335,58,63353,102,73688,160,4,169,-71,1128,155,9310,4,287,191
01-04-21,Wayne,2510,7,2147,1,363,6,2348,1,9599,1,11947,2,0,17,-13,168,20,2325,1,44,19
01-04-21,Weakley,3234,11,2532,6,702,5,2895,7,18050,19,20945,26,2,45,-32,233,41,2956,0,53,48
01-04-21,White,2815,6,2402,5,413,1,2955,6,18932,12,21887,18,0,39,-34,228,40,2548,0,92,45
01-04-21,Williamson,19056,234,17303,187,1753,47,19247,115,139578,304,158825,419,4,128,-42,2244,272,16684,3,242,151
01-04-21,Wilson,13122,124,12286,112,836,12,14008,105,77797,171,91805,276,3,133,-55,1323,176,11666,3,269,151
01-03-21,Anderson,6072,25,5022,12,1050,13,5579,16,50354,51,55933,67,0,72,-9,827,34,5173,1,160,97
01-03-21,Bedford,4780,37,3993,13,787,24,4614,13,24946,33,29560,46,1,64,16,530,20,4186,0,102,77
01-03-21,Benton,1249,10,1073,2,176,8,1190,2,7618,12,8808,14,0,31,7,116,3,1102,0,31,36
01-03-21,Bledsoe,1648,2,1561,1,87,1,1655,1,12482,10,14137,11,0,9,-1,114,3,1525,0,28,9
01-03-21,Blount,11126,65,10071,57,1055,8,11108,61,57480,132,68588,193,0,99,-49,1449,114,9578,1,260,125
01-03-21,Bradley,9522,67,8430,48,1092,19,9616,49,49310,153,58926,202,1,74,-16,906,82,8542,1,399,91
01-03-21,Campbell,2923,8,1895,4,1028,4,2114,2,21904,23,24018,25,0,37,-8,435,16,2451,0,94,42
01-03-21,Cannon,1433,6,1234,3,199,3,1380,2,7454,7,8834,9,0,15,4,148,2,1270,0,23,19
01-03-21,Carroll,2781,14,1972,8,809,6,2337,7,16998,20,19335,27,0,52,-10,233,24,2496,0,67,61
01-03-21,Carter,4865,30,4330,27,535,3,4726,26,29534,70,34260,96,1,88,6,634,23,4143,1,194,113
01-03-21,Cheatham,3008,14,2543,6,465,8,2887,8,21023,48,23910,56,0,24,-14,377,28,2607,0,69,28
01-03-21,Chester,1595,14,1191,8,404,6,1433,6,9092,64,10525,70,0,31,-1,170,15,1394,0,32,35
01-03-21,Claiborne,1766,13,1300,5,466,8,1383,5,18279,37,19662,42,0,19,-12,243,25,1504,1,56,26
01-03-21,Clay,885,0,637,0,248,0,728,0,4728,3,5456,3,0,23,-2,59,2,803,0,19,26
01-03-21,Cocke,3041,26,2309,13,732,13,2535,8,16628,43,19163,51,2,47,9,447,15,2547,0,89,65
01-03-21,Coffee,5105,27,3847,11,1258,16,4718,10,36681,66,41399,76,4,69,0,549,23,4487,2,88,82
01-03-21,Crockett,1713,15,1089,4,624,11,1269,4,6232,3,7501,7,1,30,7,164,7,1519,0,29,40
01-03-21,Cumberland,4822,38,4239,20,583,18,4863,18,40412,42,45275,60,2,53,11,811,25,3958,0,121,68
01-03-21,Davidson,64228,226,62018,185,2210,41,75413,174,699121,768,774534,942,4,576,-126,5856,348,57796,1,1699,627
01-03-21,Decatur,1374,12,1068,2,306,10,1277,1,9972,15,11249,16,0,21,7,104,5,1249,0,33,26
01-03-21,Dekalb,2152,2,1664,1,488,1,1934,1,14238,14,16172,15,0,33,-4,227,6,1892,0,46,38
01-03-21,Dickson,4819,34,3771,26,1048,8,4497,28,27911,60,32408,88,0,61,-13,368,47,4390,0,97,73
01-03-21,Dyer,4426,10,3106,3,1320,7,3503,3,18641,10,22144,13,0,70,-8,396,18,3960,0,95,79
01-03-21,Fayette,3624,27,3296,21,328,6,4053,23,29040,47,33093,70,0,48,11,479,16,3097,0,106,51
01-03-21,Fentress,1987,7,1758,7,229,0,2012,7,9368,9,11380,16,1,30,-6,217,12,1740,1,52,34
01-03-21,Franklin,3720,23,3288,13,432,10,3868,19,27407,58,31275,77,0,48,6,415,17,3257,1,88,57
01-03-21,Gibson,5186,36,3275,17,1911,19,3993,14,24670,35,28663,49,0,93,-3,542,39,4551,0,90,108
01-03-21,Giles,2869,37,2543,20,326,17,2907,24,18445,58,21352,82,1,62,13,479,23,2328,0,96,65
01-03-21,Grainger,1877,13,1507,9,370,4,1680,7,11213,13,12893,20,0,26,8,235,5,1616,1,56,35
01-03-21,Greene,5882,58,4820,32,1062,26,5396,30,34868,60,40264,90,0,93,31,839,27,4950,0,156,107
01-03-21,Grundy,1285,7,1124,5,161,2,1305,7,6165,9,7470,16,0,19,0,153,7,1113,1,50,20
01-03-21,Hamblen,6123,53,4922,21,1201,32,5517,21,38395,44,43912,65,0,89,22,755,31,5279,0,203,112
01-03-21,Hamilton,29751,167,26766,123,2985,44,30070,131,247005,1038,277075,1169,2,276,-129,2476,294,26999,2,850,320
01-03-21,Hancock,350,1,277,1,73,0,299,1,3152,3,3451,4,0,5,-3,42,4,303,0,15,7
01-03-21,Hardeman,2913,10,2477,3,436,7,2918,3,21172,14,24090,17,0,42,0,202,10,2669,0,91,49
01-03-21,Hardin,2796,9,2006,4,790,5,2408,6,19463,15,21871,21,0,35,-5,340,14,2421,0,52,42
01-03-21,Hawkins,3853,32,3330,28,523,4,3598,26,24407,54,28005,80,1,57,17,558,14,3238,0,113,66
01-03-21,Haywood,2281,13,1952,13,329,0,2214,13,11466,16,13680,29,0,36,9,178,4,2067,0,64,42
01-03-21,Henderson,3069,15,2223,7,846,8,2827,8,14195,30,17022,38,0,44,-2,338,17,2687,2,69,49
01-03-21,Henry,2396,16,1974,5,422,11,2283,5,15407,14,17690,19,1,39,5,171,10,2186,0,64,53
01-03-21,Hickman,2119,19,1837,10,282,9,2137,10,13093,31,15230,41,1,27,3,252,15,1840,0,44,32
01-03-21,Houston,846,5,673,3,173,2,766,4,7112,6,7878,10,0,22,2,59,3,765,0,38,25
01-03-21,Humphreys,1214,3,870,1,344,2,1018,1,9497,21,10515,22,0,12,-3,84,6,1118,0,24,16
01-03-21,Jackson,1056,1,849,1,207,0,994,1,4502,7,5496,8,0,19,-4,92,5,945,0,31,22
01-03-21,Jefferson,4169,32,3156,18,1013,14,3563,18,29400,47,32963,65,1,66,-13,596,44,3507,0,137,71
01-03-21,Johnson,1822,9,1704,9,118,0,1816,11,11553,29,13369,40,0,28,9,108,0,1686,0,50,29
01-03-21,Knox,34562,284,30945,182,3617,102,33838,196,247373,596,281211,792,2,301,-17,3961,299,30300,10,978,356
01-03-21,Lake,1465,0,1321,0,144,0,1569,0,8638,3,10207,3,0,13,-2,103,2,1349,0,18,16
01-03-21,Lauderdale,2671,7,2123,4,548,3,2436,4,17485,13,19921,17,0,29,4,204,3,2438,0,75,32
01-03-21,Lawrence,4578,46,3698,15,880,31,4075,15,23028,53,27103,68,0,59,21,516,25,4003,0,118,66
01-03-21,Lewis,1184,6,1021,2,163,4,1102,2,8601,9,9703,11,0,19,3,89,3,1076,1,34,20
01-03-21,Lincoln,3410,16,2702,6,708,10,3067,6,14179,16,17246,22,0,34,5,445,11,2931,0,65,42
01-03-21,Loudon,4278,22,3681,17,597,5,4006,15,25349,35,29355,50,2,41,-16,521,36,3716,0,93,49
01-03-21,Macon,2771,14,2312,5,459,9,2733,5,12790,21,15523,26,1,46,9,236,4,2489,0,105,54
01-03-21,Madison,8340,47,4782,18,3558,29,5952,18,45217,99,51169,117,0,153,-22,211,69,7976,0,295,182
01-03-21,Marion,2174,14,1956,10,218,4,2213,12,13740,48,15953,60,0,26,1,296,13,1852,0,88,34
01-03-21,Marshall,2975,21,2633,5,342,16,2971,5,19085,17,22056,22,0,30,3,371,18,2574,0,61,32
01-03-21,Maury,9598,62,9064,53,534,9,10017,55,58182,111,68199,166,0,105,19,990,43,8503,2,228,113
01-03-21,McMinn,4615,19,4277,19,338,0,4718,19,32262,54,36980,73,0,66,-16,529,35,4020,0,117,68
01-03-21,McNairy,2107,9,1537,1,570,8,1932,0,13844,15,15776,15,0,38,-4,185,13,1884,0,54,41
01-03-21,Meigs,967,1,910,1,57,0,1016,1,6016,5,7032,6,0,16,0,105,1,846,0,31,16
01-03-21,Monroe,4039,26,3476,12,563,14,3877,13,21368,31,25245,44,0,56,-7,518,33,3465,1,122,66
01-03-21,Montgomery,12254,102,10044,53,2210,49,11089,55,84936,169,96025,224,2,128,30,1220,70,10906,0,234,147
01-03-21,Moore,758,1,604,1,154,0,688,1,4025,6,4713,7,0,6,-5,97,6,655,0,10,9
01-03-21,Morgan,1735,6,1388,5,347,1,1493,5,12816,13,14309,18,0,11,-1,269,7,1455,0,24,16
01-03-21,Obion,3812,15,2864,6,948,9,3255,6,17904,28,21159,34,1,72,9,331,5,3409,0,87,78
01-03-21,Out of State,12936,158,10511,136,2425,22,11721,135,493093,900,504814,1035,1,63,65,1812,92,11061,1,160,56
01-03-21,Overton,2337,9,1876,3,461,6,2215,4,12303,15,14518,19,0,41,-1,260,10,2036,0,55,48
01-03-21,Pending,10858,130,7783,52,3075,78,8593,50,314277,641,322870,691,3,94,13,2110,114,8654,3,104,83
01-03-21,Perry,888,3,791,0,97,3,882,0,5351,5,6233,5,0,23,1,59,2,806,0,26,24
01-03-21,Pickett,597,0,405,0,192,0,486,0,2767,2,3253,2,0,17,0,70,0,510,0,27,19
01-03-21,Polk,1231,5,1151,5,80,0,1285,5,6987,10,8272,15,0,16,-9,154,14,1061,0,44,17
01-03-21,Putnam,8795,21,7508,12,1287,9,9041,15,57331,66,66372,81,1,122,-8,830,28,7843,0,176,140
01-03-21,Rhea,3282,23,2983,16,299,7,3361,15,20723,19,24084,34,0,49,1,432,22,2801,0,69,55
01-03-21,Roane,4550,33,3824,15,726,18,4236,14,34469,58,38705,72,1,58,6,604,26,3888,1,110,71
01-03-21,Robertson,6978,49,6007,27,971,22,6786,26,34214,51,41000,77,0,75,9,813,40,6090,2,337,84
01-03-21,Rutherford,29719,145,27200,103,2519,42,31878,110,177092,376,208970,486,1,245,-6,2737,150,26737,1,468,273
01-03-21,Scott,2293,6,1433,1,860,5,1523,1,9444,4,10967,5,0,25,-8,277,14,1991,0,53,30
01-03-21,Sequatchie,1160,2,996,0,164,2,1082,0,9963,11,11045,11,0,17,-3,150,5,993,0,28,20
01-03-21,Sevier,9294,66,8558,50,736,16,9360,52,51308,115,60668,167,0,73,-5,1006,71,8215,1,217,97
01-03-21,Shelby,69752,359,66537,327,3215,32,81798,389,697333,1691,779131,2080,10,921,1,6121,348,62710,11,2963,1135
01-03-21,Smith,2113,13,1762,11,351,2,2209,10,10786,22,12995,32,0,24,-1,123,14,1966,0,52,28
01-03-21,Stewart,933,3,758,1,175,2,856,1,5480,5,6336,6,0,20,0,105,3,808,0,20,20
01-03-21,Sullivan,11282,90,10053,83,1229,7,10865,77,65810,316,76675,393,0,181,1,1047,89,10054,1,593,208
01-03-21,Sumner,16768,83,15843,64,925,19,17936,66,93247,112,111183,178,0,207,-22,1762,105,14799,3,624,229
01-03-21,Tipton,5611,23,4217,13,1394,10,5096,13,37459,66,42555,79,1,55,-19,546,41,5010,0,129,67
01-03-21,Trousdale,2198,1,2124,1,74,0,2268,1,7570,11,9838,12,0,12,-2,78,3,2108,0,34,15
01-03-21,Unicoi,1489,11,1222,5,267,6,1343,5,10862,9,12205,14,0,40,5,192,6,1257,0,56,40
01-03-21,Union,1310,8,1142,5,168,3,1242,6,8502,15,9744,21,0,17,5,114,3,1179,0,43,19
01-03-21,Van Buren,634,4,551,2,83,2,612,2,4342,1,4954,3,0,6,2,71,2,557,0,12,7
01-03-21,Warren,4474,11,3937,4,537,7,4438,4,26467,49,30905,53,0,43,3,455,8,3976,0,72,56
01-03-21,Washington,10519,54,9324,47,1195,7,10277,50,63251,137,73528,187,0,165,-2,1199,56,9155,0,283,188
01-03-21,Wayne,2503,8,2146,2,357,6,2347,2,9598,17,11945,19,0,17,-4,181,12,2305,0,43,19
01-03-21,Weakley,3223,11,2526,6,697,5,2888,6,18031,136,20919,142,0,43,-3,265,14,2915,0,53,48
01-03-21,White,2809,9,2397,7,412,2,2949,7,18920,18,21869,25,0,39,6,262,3,2508,0,92,45
01-03-21,Williamson,18822,102,17116,75,1706,27,19132,67,139274,206,158406,273,3,124,-31,2286,130,16412,1,239,148
01-03-21,Wilson,12998,69,12174,57,824,12,13903,48,77626,195,91529,243,2,130,-32,1378,99,11490,1,266,149
01-02-21,Anderson,6047,94,5010,41,1037,53,5563,40,50303,295,55866,335,0,72,49,836,45,5139,2,159,95
01-02-21,Bedford,4743,36,3980,23,763,13,4601,25,24913,99,29514,124,2,63,18,514,16,4166,0,102,76
01-02-21,Benton,1239,4,1071,4,168,0,1188,4,7606,30,8794,34,0,31,2,109,2,1099,0,31,36
01-02-21,Bledsoe,1646,17,1560,11,86,6,1654,11,12472,47,14126,58,0,9,4,115,13,1522,0,28,9
01-02-21,Blount,11061,145,10014,137,1047,8,11047,148,57348,289,68395,437,0,99,43,1498,102,9464,3,259,123
01-02-21,Bradley,9455,111,8382,93,1073,18,9567,95,49157,347,58724,442,0,73,36,922,75,8460,4,398,90
01-02-21,Campbell,2915,38,1891,9,1024,29,2112,11,21881,60,23993,71,1,37,13,443,24,2435,0,94,41
01-02-21,Cannon,1427,17,1231,9,196,8,1378,11,7447,34,8825,45,0,15,12,144,5,1268,0,23,18
01-02-21,Carroll,2767,14,1964,8,803,6,2330,8,16978,42,19308,50,0,52,-6,243,20,2472,0,67,59
01-02-21,Carter,4835,71,4303,69,532,2,4700,75,29464,181,34164,256,0,87,43,628,28,4120,0,193,108
01-02-21,Cheatham,2994,39,2537,32,457,7,2879,32,20975,126,23854,158,0,24,17,391,22,2579,0,69,27
01-02-21,Chester,1581,11,1183,5,398,6,1427,6,9028,26,10455,32,0,31,1,171,10,1379,1,32,35
01-02-21,Claiborne,1753,29,1295,13,458,16,1378,17,18242,160,19620,177,0,19,24,255,5,1479,1,55,25
01-02-21,Clay,885,3,637,2,248,1,728,6,4725,17,5453,23,0,23,-1,61,4,801,0,19,26
01-02-21,Cocke,3015,71,2296,50,719,21,2527,55,16585,132,19112,187,0,45,49,438,22,2532,2,89,64
01-02-21,Coffee,5078,53,3836,26,1242,27,4708,38,36615,132,41323,170,0,65,20,549,33,4464,0,86,81
01-02-21,Crockett,1698,9,1085,6,613,3,1265,6,6229,23,7494,29,0,29,0,157,9,1512,0,29,39
01-02-21,Cumberland,4784,72,4219,42,565,30,4845,52,40370,136,45215,188,0,51,46,800,26,3933,0,121,68
01-02-21,Davidson,64002,639,61833,589,2169,50,75239,687,698353,2104,773592,2791,1,572,260,5982,378,57448,6,1698,621
01-02-21,Decatur,1362,11,1066,10,296,1,1276,10,9957,16,11233,26,1,21,7,97,3,1244,0,33,25
01-02-21,Dekalb,2150,15,1663,8,487,7,1933,8,14224,29,16157,37,0,33,3,231,12,1886,1,46,37
01-02-21,Dickson,4785,62,3745,59,1040,3,4469,66,27851,138,32320,204,1,61,27,381,34,4343,1,97,71
01-02-21,Dyer,4416,34,3103,14,1313,20,3500,16,18631,44,22131,60,0,70,23,404,11,3942,0,95,78
01-02-21,Fayette,3597,67,3275,47,322,20,4030,54,28993,125,33023,179,0,48,40,468,27,3081,0,106,51
01-02-21,Fentress,1980,22,1751,15,229,7,2005,16,9359,46,11364,62,0,29,17,223,5,1728,0,51,34
01-02-21,Franklin,3697,30,3275,18,422,12,3849,19,27349,200,31198,219,0,48,15,409,15,3240,1,87,57
01-02-21,Gibson,5150,35,3258,17,1892,18,3979,19,24635,43,28614,62,1,93,3,545,31,4512,0,90,107
01-02-21,Giles,2832,48,2523,34,309,14,2883,37,18387,68,21270,105,0,61,34,466,14,2305,0,96,65
01-02-21,Grainger,1864,18,1498,10,366,8,1673,12,11200,34,12873,46,0,26,7,227,11,1611,1,55,35
01-02-21,Greene,5824,123,4788,84,1036,39,5366,96,34808,302,40174,398,0,93,85,808,38,4923,1,156,106
01-02-21,Grundy,1278,18,1119,14,159,4,1298,16,6156,47,7454,63,0,19,14,153,4,1106,0,49,19
01-02-21,Hamblen,6070,65,4901,35,1169,30,5496,37,38351,120,43847,157,0,89,32,733,33,5248,0,203,109
01-02-21,Hamilton,29584,520,26643,487,2941,33,29939,533,245967,1133,275906,1666,0,274,211,2605,309,26705,6,848,316
01-02-21,Hancock,349,4,276,4,73,0,298,4,3149,6,3447,10,0,5,2,45,2,299,0,15,7
01-02-21,Hardeman,2903,10,2474,7,429,3,2915,10,21158,39,24073,49,1,42,3,202,6,2659,0,91,48
01-02-21,Hardin,2787,26,2002,17,785,9,2402,17,19448,90,21850,107,0,35,20,345,6,2407,1,52,42
01-02-21,Hawkins,3821,59,3302,36,519,23,3572,39,24353,144,27925,183,0,56,32,541,27,3224,0,113,66
01-02-21,Haywood,2268,15,1939,10,329,5,2201,12,11450,50,13651,62,0,36,8,169,7,2063,0,64,42
01-02-21,Henderson,3054,19,2216,17,838,2,2819,18,14165,43,16984,61,0,44,7,340,12,2670,0,67,49
01-02-21,Henry,2380,11,1969,11,411,0,2278,16,15393,33,17671,49,0,38,-1,166,12,2176,0,64,52
01-02-21,Hickman,2100,30,1827,20,273,10,2127,20,13062,51,15189,71,0,26,19,249,11,1825,0,44,30
01-02-21,Houston,841,9,670,8,171,1,762,8,7106,140,7868,148,0,22,8,57,1,762,0,38,25
01-02-21,Humphreys,1211,9,869,5,342,4,1017,6,9476,33,10493,39,0,12,6,87,3,1112,0,24,16
01-02-21,Jackson,1055,10,848,9,207,1,993,11,4495,16,5488,27,0,19,9,96,1,940,0,31,22
01-02-21,Jefferson,4137,73,3138,47,999,26,3545,51,29353,133,32898,184,1,65,33,609,39,3463,0,137,69
01-02-21,Johnson,1813,18,1695,13,118,5,1805,13,11524,86,13329,99,0,28,16,99,2,1686,1,50,29
01-02-21,Knox,34278,425,30763,320,3515,105,33642,378,246777,1119,280419,1497,0,299,105,3978,320,30001,22,968,347
01-02-21,Lake,1465,21,1321,18,144,3,1569,25,8635,45,10204,70,0,13,20,105,1,1347,0,18,15
01-02-21,Lauderdale,2664,16,2119,14,545,2,2432,16,17472,62,19904,78,1,29,9,200,6,2435,0,75,32
01-02-21,Lawrence,4532,57,3683,25,849,32,4060,29,22975,93,27035,122,1,59,23,495,33,3978,0,118,65
01-02-21,Lewis,1178,9,1019,6,159,3,1100,6,8592,18,9692,24,0,19,1,86,8,1073,0,33,20
01-02-21,Lincoln,3394,42,2696,27,698,15,3061,33,14163,71,17224,104,0,34,29,440,13,2920,0,65,42
01-02-21,Loudon,4256,46,3664,34,592,12,3991,37,25314,85,29305,122,0,39,-1,537,47,3680,0,93,49
01-02-21,Macon,2757,11,2307,9,450,2,2728,10,12769,109,15497,119,0,45,0,227,11,2485,0,105,53
01-02-21,Madison,8293,54,4764,36,3529,18,5934,41,45118,264,51052,305,0,153,-18,233,72,7907,0,295,179
01-02-21,Marion,2160,42,1946,37,214,5,2201,38,13692,122,15893,160,0,26,30,295,12,1839,1,88,32
01-02-21,Marshall,2954,41,2628,19,326,22,2966,20,19068,73,22034,93,0,30,17,368,24,2556,0,61,31
01-02-21,Maury,9536,97,9011,93,525,4,9962,104,58071,359,68033,463,1,105,38,971,58,8460,2,226,111
01-02-21,McMinn,4596,54,4258,47,338,7,4699,54,32208,185,36907,239,0,66,35,545,19,3985,1,117,68
01-02-21,McNairy,2098,16,1536,4,562,12,1932,5,13829,102,15761,107,0,38,-2,189,18,1871,0,54,41
01-02-21,Meigs,966,9,909,7,57,2,1015,6,6011,31,7026,37,0,16,3,105,6,845,0,31,16
01-02-21,Monroe,4013,41,3464,27,549,14,3864,31,21337,71,25201,102,0,56,8,525,33,3432,1,121,66
01-02-21,Montgomery,12152,252,9991,227,2161,25,11034,237,84767,738,95801,975,0,126,165,1190,87,10836,0,234,143
01-02-21,Moore,757,8,603,7,154,1,687,7,4019,18,4706,25,0,6,6,102,2,649,0,10,9
01-02-21,Morgan,1729,22,1383,16,346,6,1488,16,12803,30,14291,46,0,11,13,270,9,1448,0,24,16
01-02-21,Obion,3797,23,2858,12,939,11,3249,13,17876,110,21125,123,0,71,6,322,17,3404,0,87,77
01-02-21,Out of State,12778,200,10375,164,2403,36,11586,184,492193,1457,503779,1641,0,62,108,1747,92,10969,0,159,56
01-02-21,Overton,2328,12,1873,6,455,6,2211,9,12288,58,14499,67,0,41,1,261,11,2026,1,55,48
01-02-21,Pending,10728,219,7731,140,2997,79,8543,149,313636,1514,322179,1663,1,91,112,2097,106,8540,1,101,82
01-02-21,Perry,885,7,791,5,94,2,882,5,5346,16,6228,21,0,23,-3,58,10,804,0,26,24
01-02-21,Pickett,597,3,405,3,192,0,486,3,2765,30,3251,33,0,17,2,70,1,510,0,27,19
01-02-21,Polk,1226,17,1146,17,80,0,1280,16,6977,35,8257,51,0,16,10,163,7,1047,0,44,17
01-02-21,Putnam,8774,82,7496,68,1278,14,9026,77,57265,299,66291,376,0,121,39,838,43,7815,1,176,140
01-02-21,Rhea,3259,58,2967,49,292,9,3346,56,20704,167,24050,223,1,49,32,431,25,2779,0,69,55
01-02-21,Roane,4517,73,3809,40,708,33,4222,45,34411,183,38633,228,1,57,47,598,25,3862,3,109,70
01-02-21,Robertson,6929,74,5980,42,949,32,6760,47,34163,170,40923,217,0,75,13,804,61,6050,5,335,82
01-02-21,Rutherford,29574,342,27097,301,2477,41,31768,361,176716,879,208484,1240,0,244,153,2743,189,26587,0,467,271
01-02-21,Scott,2287,18,1432,8,855,10,1522,9,9440,34,10962,43,0,25,0,285,18,1977,0,53,30
01-02-21,Sequatchie,1158,24,996,15,162,9,1082,19,9952,40,11034,59,0,17,16,153,8,988,1,28,19
01-02-21,Sevier,9228,104,8508,90,720,14,9308,103,51193,243,60501,346,0,73,44,1011,60,8144,4,216,95
01-02-21,Shelby,69393,743,66210,681,3183,62,81409,887,695642,4228,777051,5115,0,911,254,6120,489,62362,11,2952,1125
01-02-21,Smith,2100,7,1751,5,349,2,2199,9,10764,109,12963,118,0,24,-4,124,11,1952,0,52,28
01-02-21,Stewart,930,11,757,10,173,1,855,10,5475,25,6330,35,0,20,6,105,5,805,0,20,20
01-02-21,Sullivan,11192,85,9970,70,1222,15,10788,73,65494,232,76282,305,0,181,5,1046,80,9965,3,592,205
01-02-21,Sumner,16685,174,15779,146,906,28,17870,174,93135,427,111005,601,0,207,73,1784,101,14694,1,621,228
01-02-21,Tipton,5588,59,4204,28,1384,31,5083,37,37393,149,42476,186,0,54,21,565,38,4969,0,129,66
01-02-21,Trousdale,2197,9,2123,8,74,1,2267,11,7559,24,9826,35,0,12,8,80,1,2105,0,34,15
01-02-21,Unicoi,1478,20,1217,12,261,8,1338,14,10853,22,12191,36,0,40,14,187,6,1251,1,56,40
01-02-21,Union,1302,12,1137,5,165,7,1236,5,8487,21,9723,26,0,17,7,109,5,1176,1,43,19
01-02-21,Van Buren,630,13,549,6,81,7,610,6,4341,60,4951,66,0,6,12,69,1,555,0,12,7
01-02-21,Warren,4463,37,3933,33,530,4,4434,33,26418,72,30852,105,0,43,10,452,27,3968,0,72,56
01-02-21,Washington,10465,168,9277,151,1188,17,10227,173,63114,428,73341,601,0,165,100,1201,68,9099,2,283,186
01-02-21,Wayne,2495,22,2144,9,351,13,2345,10,9581,56,11926,66,0,17,18,185,4,2293,0,43,19
01-02-21,Weakley,3212,32,2520,18,692,14,2882,21,17895,40,20777,61,0,43,12,268,20,2901,0,53,47
01-02-21,White,2800,19,2390,18,410,1,2942,20,18902,68,21844,88,0,39,12,256,7,2505,1,92,45
01-02-21,Williamson,18720,253,17041,212,1679,41,19065,233,139068,760,158133,993,0,121,102,2317,151,16282,1,238,146
01-02-21,Wilson,12929,185,12117,163,812,22,13855,180,77431,436,91286,616,0,128,86,1410,99,11391,3,265,147
01-01-21,Anderson,5953,66,4969,42,984,24,5523,56,50008,269,55531,325,0,72,-28,787,94,5094,1,157,93
01-01-21,Bedford,4707,75,3957,24,750,51,4576,23,24814,117,29390,140,0,61,8,496,67,4150,0,102,74
01-01-21,Benton,1235,5,1067,4,168,1,1184,4,7576,19,8760,23,1,31,-2,107,6,1097,0,31,35
01-01-21,Bledsoe,1629,17,1549,11,80,6,1643,11,12425,28,14068,39,0,9,2,111,15,1509,0,28,9
01-01-21,Blount,10916,154,9877,134,1039,20,10899,136,57059,177,67958,313,1,99,-8,1455,161,9362,1,256,121
01-01-21,Bradley,9344,76,8289,59,1055,17,9472,69,48810,311,58282,380,1,73,-75,886,150,8385,2,394,88
01-01-21,Campbell,2877,31,1882,9,995,22,2101,8,21821,61,23922,69,0,36,-16,430,47,2411,0,94,41
01-01-21,Cannon,1410,16,1222,9,188,7,1367,8,7413,20,8780,28,0,15,-6,132,22,1263,1,23,18
01-01-21,Carroll,2753,17,1956,9,797,8,2322,11,16936,29,19258,40,0,52,-11,249,28,2452,0,67,59
01-01-21,Carter,4764,35,4234,25,530,10,4625,29,29283,90,33908,119,1,87,-11,585,45,4092,0,193,104
01-01-21,Cheatham,2955,51,2505,47,450,4,2847,51,20849,135,23696,186,0,24,10,374,41,2557,1,69,26
01-01-21,Chester,1570,13,1178,6,392,7,1421,6,9002,20,10423,26,0,31,-2,170,15,1369,0,31,35
01-01-21,Claiborne,1724,11,1282,8,442,3,1361,7,18082,38,19443,45,1,19,-15,231,25,1474,2,54,23
01-01-21,Clay,882,0,635,0,247,0,722,0,4708,12,5430,12,0,23,-14,62,14,797,0,19,26
01-01-21,Cocke,2944,54,2246,26,698,28,2472,24,16453,110,18925,134,1,45,3,389,50,2510,0,87,64
01-01-21,Coffee,5025,35,3810,16,1215,19,4670,16,36483,197,41153,213,0,65,-43,529,78,4431,0,86,80
01-01-21,Crockett,1689,11,1079,6,610,5,1259,6,6206,25,7465,31,0,29,-13,157,24,1503,0,29,38
01-01-21,Cumberland,4712,58,4177,34,535,24,4793,35,40234,92,45027,127,0,51,2,754,56,3907,0,121,68
01-01-21,Davidson,63363,572,61244,530,2119,42,74552,598,696249,2473,770801,3071,1,571,-13,5722,584,57070,6,1692,619
01-01-21,Decatur,1351,5,1056,3,295,2,1266,4,9941,16,11207,20,0,20,-13,90,18,1241,0,33,24
01-01-21,Dekalb,2135,16,1655,6,480,10,1925,6,14195,24,16120,30,0,33,-5,228,21,1874,0,45,37
01-01-21,Dickson,4723,65,3686,54,1037,11,4403,59,27713,184,32116,243,1,60,6,354,58,4309,0,96,71
01-01-21,Dyer,4382,43,3089,17,1293,26,3484,18,18587,62,22071,80,0,70,11,381,32,3931,0,95,78
01-01-21,Fayette,3530,67,3228,59,302,8,3976,58,28868,138,32844,196,0,48,42,428,25,3054,0,106,51
01-01-21,Fentress,1958,19,1736,17,222,2,1989,20,9313,91,11302,111,0,29,-9,206,28,1723,0,51,33
01-01-21,Franklin,3667,56,3257,47,410,9,3830,51,27149,209,30979,260,0,48,8,394,48,3225,1,86,57
01-01-21,Gibson,5115,32,3241,15,1874,17,3960,19,24592,73,28552,92,1,92,-22,542,53,4481,0,90,106
01-01-21,Giles,2784,47,2489,42,295,5,2846,41,18319,70,21165,111,1,61,-21,432,67,2291,0,96,65
01-01-21,Grainger,1846,13,1488,5,358,8,1661,4,11166,23,12827,27,0,26,-18,220,31,1600,0,54,35
01-01-21,Greene,5701,34,4704,19,997,15,5270,19,34506,245,39776,264,1,93,-57,723,90,4885,0,155,104
01-01-21,Grundy,1260,21,1105,16,155,5,1282,17,6109,53,7391,70,0,19,4,139,17,1102,1,49,19
01-01-21,Hamblen,6005,54,4866,27,1139,27,5459,28,38231,114,43690,142,3,89,-50,701,101,5215,1,203,107
01-01-21,Hamilton,29064,421,26156,368,2908,53,29406,388,244834,1443,274240,1831,1,274,12,2394,408,26396,5,842,311
01-01-21,Hancock,345,1,272,1,73,0,294,2,3143,24,3437,26,0,5,-3,43,4,297,0,15,7
01-01-21,Hardeman,2893,16,2467,11,426,5,2905,11,21119,137,24024,148,0,41,-7,199,23,2653,1,91,48
01-01-21,Hardin,2761,44,1985,27,776,17,2385,28,19358,109,21743,137,0,35,14,325,30,2401,0,51,42
01-01-21,Hawkins,3762,21,3266,14,496,7,3533,14,24209,115,27742,129,0,56,-36,509,57,3197,0,113,65
01-01-21,Haywood,2253,19,1929,9,324,10,2189,11,11400,48,13589,59,0,36,0,161,19,2056,1,64,41
01-01-21,Henderson,3035,27,2199,13,836,14,2801,11,14122,29,16923,40,0,44,-11,333,38,2658,0,67,49
01-01-21,Henry,2369,16,1958,7,411,9,2262,8,15360,31,17622,39,0,38,-8,167,24,2164,0,64,51
01-01-21,Hickman,2070,14,1807,9,263,5,2107,11,13011,61,15118,72,0,26,-25,230,39,1814,0,44,29
01-01-21,Houston,832,21,662,19,170,2,754,18,6966,75,7720,93,0,22,13,49,8,761,0,38,24
01-01-21,Humphreys,1202,14,864,12,338,2,1011,13,9443,25,10454,38,0,12,1,81,13,1109,0,24,16
01-01-21,Jackson,1045,4,839,2,206,2,982,2,4479,14,5461,16,0,19,-5,87,9,939,0,31,22
01-01-21,Jefferson,4064,52,3091,19,973,33,3494,25,29220,75,32714,100,2,64,-12,576,62,3424,1,137,69
01-01-21,Johnson,1795,10,1682,6,113,4,1792,5,11438,26,13230,31,0,28,-4,83,14,1684,0,49,28
01-01-21,Knox,33853,419,30443,351,3410,68,33264,342,245658,1280,278922,1622,2,299,1,3873,416,29681,7,946,343
01-01-21,Lake,1444,27,1303,27,141,0,1544,29,8590,54,10134,83,0,13,23,85,4,1346,1,18,15
01-01-21,Lauderdale,2648,14,2105,9,543,5,2416,9,17410,39,19826,48,0,28,-4,191,18,2429,0,75,32
01-01-21,Lawrence,4475,27,3658,15,817,12,4031,15,22882,74,26913,89,0,58,-30,472,57,3945,0,118,64
01-01-21,Lewis,1169,4,1013,2,156,2,1094,2,8574,8,9668,10,0,19,-2,85,6,1065,0,33,20
01-01-21,Lincoln,3352,35,2669,29,683,6,3028,29,14092,67,17120,96,0,34,-13,411,48,2907,1,65,40
01-01-21,Loudon,4210,51,3630,40,580,11,3954,44,25229,92,29183,136,2,39,-26,538,75,3633,1,93,49
01-01-21,Macon,2746,16,2298,11,448,5,2718,11,12660,72,15378,83,0,45,-21,227,37,2474,0,105,51
01-01-21,Madison,8239,66,4728,29,3511,37,5893,27,44854,150,50747,177,1,153,-30,251,95,7835,0,295,177
01-01-21,Marion,2118,39,1909,35,209,4,2163,36,13570,81,15733,117,0,26,17,265,22,1827,0,87,32
01-01-21,Marshall,2913,14,2609,10,304,4,2946,10,18995,37,21941,47,0,30,-19,351,33,2532,0,61,30
01-01-21,Maury,9439,70,8918,56,521,14,9858,53,57712,179,67570,232,0,104,-43,933,113,8402,2,224,111
01-01-21,McMinn,4542,47,4211,38,331,9,4645,40,32023,146,36668,186,0,66,-16,510,63,3966,0,116,68
01-01-21,McNairy,2082,26,1532,16,550,10,1927,16,13727,146,15654,162,0,38,-4,191,30,1853,0,54,41
01-01-21,Meigs,957,6,902,4,55,2,1009,4,5980,24,6989,28,0,16,-4,102,10,839,0,31,16
01-01-21,Monroe,3972,39,3437,28,535,11,3833,29,21266,144,25099,173,0,56,-34,517,73,3399,0,120,65
01-01-21,Montgomery,11900,186,9764,131,2136,55,10797,140,84029,570,94826,710,0,126,6,1025,180,10749,2,234,142
01-01-21,Moore,749,8,596,3,153,5,680,3,4001,17,4681,20,0,6,3,96,5,647,0,10,9
01-01-21,Morgan,1707,35,1367,29,340,6,1472,29,12773,45,14245,74,0,11,7,257,28,1439,0,24,16
01-01-21,Obion,3774,28,2846,16,928,12,3236,19,17766,67,21002,86,0,71,-7,316,35,3387,0,87,76
01-01-21,Out of State,12578,177,10211,104,2367,73,11402,123,490736,1527,502138,1650,1,62,7,1639,169,10877,1,159,56
01-01-21,Overton,2316,17,1867,6,449,11,2202,8,12230,49,14432,57,0,41,-11,260,28,2015,0,54,48
01-01-21,Pending,10509,192,7591,106,2918,86,8394,104,312122,1191,320516,1295,4,90,8,1985,180,8434,0,100,81
01-01-21,Perry,878,6,786,6,92,0,877,8,5330,5,6207,13,0,23,-7,61,13,794,0,26,24
01-01-21,Pickett,594,11,402,11,192,0,483,11,2735,38,3218,49,0,17,6,68,5,509,1,27,19
01-01-21,Polk,1209,20,1129,20,80,0,1264,22,6942,36,8206,58,0,16,-1,153,21,1040,0,44,17
01-01-21,Putnam,8692,77,7428,54,1264,23,8949,55,56966,249,65915,304,0,121,-23,799,100,7772,0,175,140
01-01-21,Rhea,3201,61,2918,54,283,7,3290,62,20537,154,23827,216,0,48,14,399,47,2754,0,69,54
01-01-21,Roane,4444,70,3769,54,675,16,4177,58,34228,137,38405,195,0,56,12,551,58,3837,0,106,69
01-01-21,Robertson,6855,131,5938,91,917,40,6713,99,33993,226,40706,325,1,75,45,791,85,5989,7,330,81
01-01-21,Rutherford,29232,265,26796,200,2436,65,31407,208,175837,842,207244,1050,2,244,-55,2590,318,26398,1,467,270
01-01-21,Scott,2269,26,1424,10,845,16,1513,10,9406,30,10919,40,2,25,0,285,24,1959,0,53,30
01-01-21,Sequatchie,1134,13,981,8,153,5,1063,6,9912,23,10975,29,0,17,-7,137,20,980,1,27,18
01-01-21,Sevier,9124,126,8418,117,706,9,9205,132,50950,359,60155,491,3,73,-1,967,124,8084,1,212,94
01-01-21,Shelby,68650,969,65529,930,3121,39,80522,1046,691414,4295,771936,5341,8,911,344,5866,617,61873,12,2941,1114
01-01-21,Smith,2093,7,1746,3,347,4,2190,3,10655,23,12845,26,0,24,-21,128,28,1941,0,52,28
01-01-21,Stewart,919,19,747,16,172,3,845,16,5450,29,6295,45,0,20,11,99,8,800,0,20,20
01-01-21,Sullivan,11107,55,9900,36,1207,19,10715,39,65262,108,75977,147,3,181,-72,1041,124,9885,3,589,203
01-01-21,Sumner,16511,161,15633,138,878,23,17696,144,92708,418,110404,562,1,207,-1,1711,161,14593,1,620,228
01-01-21,Tipton,5529,37,4176,28,1353,9,5046,31,37244,116,42290,147,1,54,-25,544,61,4931,0,129,65
01-01-21,Trousdale,2188,7,2115,6,73,1,2256,7,7535,23,9791,30,0,12,-3,72,10,2104,0,34,15
01-01-21,Unicoi,1458,9,1205,3,253,6,1324,4,10831,19,12155,23,0,40,-11,173,20,1245,0,55,40
01-01-21,Union,1290,10,1132,7,158,3,1231,9,8466,21,9697,30,0,17,-7,102,17,1171,0,42,18
01-01-21,Van Buren,617,6,543,4,74,2,604,4,4281,3,4885,7,0,6,2,57,4,554,0,12,7
01-01-21,Warren,4426,22,3900,18,526,4,4401,18,26346,109,30747,127,0,43,-52,442,74,3941,1,72,54
01-01-21,Washington,10297,113,9126,85,1171,28,10054,93,62686,258,72740,351,0,165,-14,1101,127,9031,1,281,185
01-01-21,Wayne,2473,17,2135,9,338,8,2335,11,9525,23,11860,34,0,17,1,167,16,2289,1,43,19
01-01-21,Weakley,3180,20,2502,11,678,9,2861,12,17855,80,20716,92,0,43,-19,256,39,2881,0,53,47
01-01-21,White,2781,20,2372,17,409,3,2922,16,18834,53,21756,69,0,39,-6,244,26,2498,0,91,43
01-01-21,Williamson,18467,269,16829,230,1638,39,18832,239,138308,666,157140,905,0,121,76,2215,193,16131,1,237,142
01-01-21,Wilson,12744,144,11954,125,790,19,13675,133,76995,326,90670,459,0,128,10,1324,134,11292,5,262,145
12-31-20,Anderson,5887,163,4927,101,960,62,5467,102,49739,303,55206,405,6,72,63,815,94,5000,1,156,92
12-31-20,Bedford,4632,105,3933,79,699,26,4553,90,24697,203,29250,293,1,61,52,488,52,4083,0,102,73
12-31-20,Benton,1230,29,1063,17,167,12,1180,17,7557,37,8737,54,0,30,18,109,11,1091,1,31,35
12-31-20,Bledsoe,1612,33,1538,24,74,9,1632,26,12397,39,14029,65,0,9,26,109,7,1494,0,28,9
12-31-20,Blount,10762,215,9743,198,1019,17,10763,218,56882,335,67645,553,1,98,32,1463,182,9201,2,255,119
12-31-20,Bradley,9268,149,8230,134,1038,15,9403,158,48499,353,57902,511,0,72,-10,961,159,8235,1,392,88
12-31-20,Campbell,2846,65,1873,27,973,38,2093,31,21760,65,23853,96,0,36,26,446,39,2364,0,94,40
12-31-20,Cannon,1394,30,1213,25,181,5,1359,25,7393,52,8752,77,0,15,17,138,13,1241,0,22,18
12-31-20,Carroll,2736,19,1947,11,789,8,2311,15,16907,73,19218,88,0,52,-17,260,36,2424,0,67,57
12-31-20,Carter,4729,101,4209,88,520,13,4596,91,29193,209,33789,300,0,86,44,596,57,4047,0,193,101
12-31-20,Cheatham,2904,39,2458,23,446,16,2796,22,20714,88,23510,110,0,24,9,364,30,2516,1,68,26
12-31-20,Chester,1557,52,1172,40,385,12,1415,46,8982,58,10397,104,0,31,27,172,25,1354,0,31,35
12-31-20,Claiborne,1713,35,1274,23,439,12,1354,26,18044,129,19398,155,0,18,1,246,34,1449,0,52,23
12-31-20,Clay,882,8,635,6,247,2,722,10,4696,24,5418,34,0,23,-3,76,11,783,0,19,26
12-31-20,Cocke,2890,51,2220,19,670,32,2448,24,16343,63,18791,87,4,44,-1,386,48,2460,1,87,62
12-31-20,Coffee,4990,77,3794,56,1196,21,4654,66,36286,210,40940,276,0,65,14,572,63,4353,0,86,79
12-31-20,Crockett,1678,17,1073,10,605,7,1253,11,6181,116,7434,127,0,29,2,170,15,1479,0,29,38
12-31-20,Cumberland,4654,216,4143,193,511,23,4758,219,40142,325,44900,544,0,51,135,752,81,3851,2,121,67
12-31-20,Davidson,62791,666,60714,609,2077,57,73954,713,693776,3393,767730,4106,6,570,27,5735,633,56486,3,1686,611
12-31-20,Decatur,1346,19,1053,18,293,1,1262,19,9925,46,11187,65,0,20,-6,103,25,1223,1,33,24
12-31-20,Dekalb,2119,59,1649,41,470,18,1919,42,14171,130,16090,172,1,33,32,233,26,1853,0,45,36
12-31-20,Dickson,4658,55,3632,30,1026,25,4344,35,27529,170,31873,205,0,59,-13,348,68,4251,1,96,71
12-31-20,Dyer,4339,62,3072,34,1267,28,3466,34,18525,79,21991,113,0,70,31,370,31,3899,0,95,77
12-31-20,Fayette,3463,62,3169,51,294,11,3918,57,28730,231,32648,288,0,48,14,386,48,3029,0,106,48
12-31-20,Fentress,1939,43,1719,40,220,3,1969,43,9222,84,11191,127,0,29,22,215,21,1695,0,51,33
12-31-20,Franklin,3611,69,3210,53,401,16,3779,62,26940,199,30719,261,0,48,6,386,63,3177,1,85,56
12-31-20,Gibson,5083,67,3226,42,1857,25,3941,48,24519,220,28460,268,1,91,10,564,56,4428,0,90,106
12-31-20,Giles,2737,69,2447,55,290,14,2805,73,18249,196,21054,269,0,60,18,453,51,2224,0,96,65
12-31-20,Grainger,1833,64,1483,54,350,10,1657,55,11143,87,12800,142,1,26,32,238,31,1569,0,54,34
12-31-20,Greene,5667,144,4685,107,982,37,5251,108,34261,201,39512,309,0,92,54,780,90,4795,1,155,103
12-31-20,Grundy,1239,30,1089,28,150,2,1265,30,6056,52,7321,82,1,19,18,135,11,1085,1,48,19
12-31-20,Hamblen,5951,125,4839,95,1112,30,5431,112,38117,305,43548,417,3,86,31,751,91,5114,1,202,107
12-31-20,Hamilton,28643,326,25788,283,2855,43,29018,317,243391,1074,272409,1391,9,273,-48,2382,365,25988,4,837,309
12-31-20,Hancock,344,13,271,11,73,2,292,11,3119,33,3411,44,0,5,11,46,2,293,0,15,7
12-31-20,Hardeman,2877,45,2456,25,421,20,2894,27,20982,75,23876,102,0,41,23,206,22,2630,0,90,48
12-31-20,Hardin,2717,38,1958,16,759,22,2357,24,19249,104,21606,128,0,35,12,311,26,2371,1,51,41
12-31-20,Hawkins,3741,120,3252,99,489,21,3519,106,24094,248,27613,354,0,56,49,545,71,3140,0,113,64
12-31-20,Haywood,2234,35,1920,22,314,13,2178,22,11352,53,13530,75,0,36,23,161,12,2037,1,63,41
12-31-20,Henderson,3008,43,2186,29,822,14,2790,32,14093,78,16883,110,0,44,4,344,39,2620,0,67,48
12-31-20,Henry,2353,32,1951,30,402,2,2254,32,15329,68,17583,100,2,38,7,175,23,2140,0,64,51
12-31-20,Hickman,2056,44,1798,36,258,8,2096,40,12950,122,15046,162,0,26,16,255,28,1775,0,44,29
12-31-20,Houston,811,7,643,4,168,3,736,6,6891,10,7627,16,0,22,1,36,6,753,0,38,24
12-31-20,Humphreys,1188,13,852,6,336,7,998,6,9418,40,10416,46,0,12,-3,80,16,1096,0,24,16
12-31-20,Jackson,1041,22,837,20,204,2,980,20,4465,31,5445,51,0,19,9,92,13,930,1,31,22
12-31-20,Jefferson,4012,105,3072,82,940,23,3469,83,29145,184,32614,267,2,62,38,588,65,3362,0,136,69
12-31-20,Johnson,1785,20,1676,20,109,0,1787,20,11412,62,13199,82,0,28,2,87,18,1670,0,49,28
12-31-20,Knox,33434,450,30092,311,3342,139,32922,333,244378,933,277300,1266,12,297,3,3872,435,29265,8,939,337
12-31-20,Lake,1417,14,1276,14,141,0,1515,16,8536,20,10051,36,0,13,11,62,3,1342,0,17,15
12-31-20,Lauderdale,2634,47,2096,28,538,19,2407,31,17371,74,19778,105,0,28,37,195,10,2411,0,75,31
12-31-20,Lawrence,4448,73,3643,57,805,16,4016,64,22808,167,26824,231,1,58,19,502,53,3888,0,118,64
12-31-20,Lewis,1165,12,1011,6,154,6,1092,10,8566,54,9658,64,0,19,2,87,10,1059,0,33,20
12-31-20,Lincoln,3317,83,2640,65,677,18,2999,78,14025,107,17024,185,2,34,28,424,53,2859,1,64,38
12-31-20,Loudon,4159,55,3590,43,569,12,3910,44,25137,126,29047,170,1,37,-11,564,65,3558,0,92,46
12-31-20,Macon,2730,57,2287,43,443,14,2707,50,12588,83,15295,133,1,45,30,248,26,2437,0,105,51
12-31-20,Madison,8173,90,4699,60,3474,30,5866,63,44704,255,50570,318,1,152,13,281,76,7740,3,295,176
12-31-20,Marion,2079,43,1874,37,205,6,2127,39,13489,121,15616,160,1,26,11,248,31,1805,0,87,32
12-31-20,Marshall,2899,76,2599,58,300,18,2936,67,18958,159,21894,226,0,30,27,370,49,2499,1,61,30
12-31-20,Maury,9369,186,8862,166,507,20,9805,184,57533,514,67338,698,0,104,79,976,107,8289,1,222,111
12-31-20,McMinn,4495,96,4173,83,322,13,4605,88,31877,203,36482,291,1,66,42,526,53,3903,1,116,68
12-31-20,McNairy,2056,30,1516,20,540,10,1911,22,13581,77,15492,99,0,38,3,195,27,1823,1,54,40
12-31-20,Meigs,951,13,898,12,53,1,1005,14,5956,59,6961,73,1,16,-8,106,20,829,0,31,16
12-31-20,Monroe,3933,35,3409,21,524,14,3804,27,21122,97,24926,124,2,56,-23,551,56,3326,0,120,64
12-31-20,Montgomery,11714,132,9633,124,2081,8,10657,141,83459,511,94116,652,2,126,-34,1019,164,10569,3,232,141
12-31-20,Moore,741,5,593,4,148,1,677,5,3984,31,4661,36,0,6,-11,93,16,642,0,10,9
12-31-20,Morgan,1672,46,1338,36,334,10,1443,37,12728,72,14171,109,0,11,20,250,26,1411,0,24,16
12-31-20,Obion,3746,44,2830,30,916,14,3217,35,17699,74,20916,109,0,71,25,323,19,3352,0,87,76
12-31-20,Out of State,12401,256,10107,181,2294,75,11279,203,489209,2338,500488,2541,-1,61,78,1632,179,10708,1,158,56
12-31-20,Overton,2299,56,1861,35,438,21,2194,41,12181,102,14375,143,0,41,32,271,24,1987,1,54,48
12-31-20,Pending,10317,288,7485,153,2832,135,8290,157,310931,1367,319221,1524,1,86,136,1977,151,8254,1,100,80
12-31-20,Perry,872,13,780,7,92,6,869,13,5325,26,6194,39,0,23,1,68,12,781,0,26,24
12-31-20,Pickett,583,10,391,9,192,1,472,9,2697,17,3169,26,0,17,3,62,7,504,0,26,19
12-31-20,Polk,1189,21,1109,20,80,1,1242,23,6906,49,8148,72,0,16,2,154,19,1019,1,44,17
12-31-20,Putnam,8615,164,7374,158,1241,6,8894,193,56717,586,65611,779,2,121,43,822,119,7672,0,175,138
12-31-20,Rhea,3140,48,2864,44,276,4,3228,52,20383,101,23611,153,0,48,-4,385,52,2707,0,69,52
12-31-20,Roane,4374,120,3715,60,659,60,4119,68,34091,159,38210,227,2,56,36,539,82,3779,2,106,65
12-31-20,Robertson,6724,76,5847,52,877,24,6614,55,33767,143,40381,198,1,74,-24,746,99,5904,1,323,81
12-31-20,Rutherford,28967,403,26596,327,2371,76,31199,374,174995,1008,206194,1382,1,242,67,2645,335,26080,1,466,266
12-31-20,Scott,2243,40,1414,25,829,15,1503,29,9376,96,10879,125,1,23,-1,285,40,1935,1,53,30
12-31-20,Sequatchie,1121,20,973,18,148,2,1057,22,9889,88,10946,110,1,17,2,144,17,960,0,26,18
12-31-20,Sevier,8998,131,8301,109,697,22,9073,123,50591,320,59664,443,0,70,-25,968,156,7960,0,211,93
12-31-20,Shelby,67681,596,64599,516,3082,80,79476,586,687119,3526,766595,4112,14,903,-16,5522,598,61256,14,2929,1101
12-31-20,Smith,2086,35,1743,24,343,11,2187,34,10632,150,12819,184,0,24,9,149,26,1913,0,52,27
12-31-20,Stewart,900,13,731,11,169,2,829,13,5421,23,6250,36,0,20,6,88,7,792,0,20,20
12-31-20,Sullivan,11052,159,9864,127,1188,32,10676,148,65154,418,75830,566,1,178,12,1113,146,9761,2,586,200
12-31-20,Sumner,16350,284,15495,258,855,26,17552,283,92290,462,109842,745,3,206,114,1712,167,14432,1,619,226
12-31-20,Tipton,5492,93,4148,69,1344,24,5015,71,37128,229,42143,300,0,53,34,569,59,4870,0,129,63
12-31-20,Trousdale,2181,12,2109,10,72,2,2249,10,7512,26,9761,36,0,12,-3,75,15,2094,0,34,14
12-31-20,Unicoi,1449,27,1202,24,247,3,1320,21,10812,80,12132,101,0,40,5,184,22,1225,0,55,40
12-31-20,Union,1280,20,1125,17,155,3,1222,18,8445,48,9667,66,3,17,3,109,14,1154,1,42,18
12-31-20,Van Buren,611,19,539,17,72,2,600,17,4278,28,4878,45,0,6,15,55,4,550,0,12,7
12-31-20,Warren,4404,73,3882,61,522,12,4383,77,26237,238,30620,315,2,43,3,494,68,3867,0,71,54
12-31-20,Washington,10184,179,9041,143,1143,36,9961,148,62428,312,72389,460,1,165,46,1115,132,8904,0,280,182
12-31-20,Wayne,2456,28,2126,22,330,6,2324,22,9502,48,11826,70,0,17,20,166,8,2273,0,42,18
12-31-20,Weakley,3160,49,2491,33,669,16,2849,36,17775,83,20624,119,0,43,20,275,29,2842,0,53,47
12-31-20,White,2761,58,2355,54,406,4,2906,59,18781,124,21687,183,0,39,22,250,36,2472,1,91,42
12-31-20,Williamson,18198,304,16599,241,1599,63,18593,252,137642,751,156235,1003,-1,121,117,2139,188,15938,1,236,140
12-31-20,Wilson,12600,192,11829,178,771,14,13542,206,76669,489,90211,695,3,128,35,1314,154,11158,1,257,141
12-30-20,Anderson,5724,35,4826,19,898,16,5365,20,49436,138,54801,158,6,66,-90,752,119,4906,1,155,87
12-30-20,Bedford,4527,53,3854,26,673,27,4463,28,24494,83,28957,111,0,60,9,436,44,4031,0,102,69
12-30-20,Benton,1201,4,1046,1,155,3,1163,0,7520,26,8683,26,0,30,-6,91,10,1080,0,30,35
12-30-20,Bledsoe,1579,13,1514,6,65,7,1606,5,12358,15,13964,20,0,9,-4,83,17,1487,0,28,9
12-30-20,Blount,10547,100,9545,49,1002,51,10545,49,56547,135,67092,184,1,97,-52,1431,151,9019,0,253,116
12-30-20,Bradley,9119,108,8096,79,1023,29,9245,72,48146,145,57391,217,3,72,-37,971,142,8076,3,391,87
12-30-20,Campbell,2781,55,1846,18,935,37,2062,17,21695,61,23757,78,0,36,0,420,55,2325,0,94,40
12-30-20,Cannon,1364,9,1188,5,176,4,1334,5,7341,9,8675,14,4,15,-9,121,14,1228,0,22,18
12-30-20,Carroll,2717,24,1936,9,781,15,2296,8,16834,52,19130,60,1,52,-9,277,32,2388,1,67,57
12-30-20,Carter,4628,62,4121,55,507,7,4505,62,28984,64,33489,126,2,86,-24,552,84,3990,0,193,96
12-30-20,Cheatham,2865,46,2435,26,430,20,2774,30,20626,155,23400,185,0,24,9,355,37,2486,0,67,26
12-30-20,Chester,1505,17,1132,12,373,5,1369,11,8924,76,10293,87,0,31,-7,145,24,1329,0,31,34
12-30-20,Claiborne,1678,22,1251,14,427,8,1328,14,17915,146,19243,160,0,18,-1,245,23,1415,1,52,23
12-30-20,Clay,874,5,629,3,245,2,712,3,4672,13,5384,16,0,23,-2,79,7,772,0,19,26
12-30-20,Cocke,2839,15,2201,7,638,8,2424,7,16280,29,18704,36,1,40,-38,387,52,2412,0,86,61
12-30-20,Coffee,4913,85,3738,31,1175,54,4588,32,36076,142,40664,174,0,65,24,558,61,4290,1,86,79
12-30-20,Crockett,1661,19,1063,10,598,9,1242,10,6065,10,7307,20,0,29,-4,168,23,1464,0,29,38
12-30-20,Cumberland,4438,52,3950,34,488,18,4539,33,39817,96,44356,129,0,51,8,617,44,3770,0,119,67
12-30-20,Davidson,62125,717,60105,614,2020,103,73241,747,690383,2827,763624,3574,8,564,100,5708,609,55853,2,1683,610
12-30-20,Decatur,1327,11,1035,5,292,6,1243,5,9879,12,11122,17,2,20,-17,109,26,1198,0,32,23
12-30-20,Dekalb,2060,14,1608,6,452,8,1877,6,14041,20,15918,26,1,32,-12,201,25,1827,0,45,36
12-30-20,Dickson,4603,32,3602,21,1001,11,4309,28,27359,55,31668,83,0,59,-31,361,63,4183,1,95,71
12-30-20,Dyer,4277,34,3038,15,1239,19,3432,16,18446,31,21878,47,0,70,4,339,30,3868,1,95,74
12-30-20,Fayette,3401,28,3118,23,283,5,3861,25,28499,89,32360,114,1,48,-18,372,45,2981,0,106,48
12-30-20,Fentress,1896,10,1679,9,217,1,1926,9,9138,19,11064,28,1,29,-23,193,32,1674,0,51,33
12-30-20,Franklin,3542,43,3157,21,385,22,3717,20,26741,117,30458,137,0,48,-11,380,54,3114,1,84,54
12-30-20,Gibson,5016,64,3184,25,1832,39,3893,23,24299,42,28192,65,2,90,-4,554,66,4372,0,90,103
12-30-20,Giles,2668,59,2392,40,276,19,2732,40,18053,66,20785,106,0,60,-9,435,68,2173,3,96,65
12-30-20,Grainger,1769,10,1429,4,340,6,1602,5,11056,26,12658,31,0,25,-18,206,28,1538,0,54,33
12-30-20,Greene,5523,52,4578,26,945,26,5143,24,34060,81,39203,105,1,92,-36,726,87,4705,1,154,102
12-30-20,Grundy,1209,14,1061,6,148,8,1235,7,6004,20,7239,27,0,18,3,117,11,1074,0,47,19
12-30-20,Hamblen,5826,87,4744,52,1082,35,5319,51,37812,96,43131,147,3,83,-10,720,94,5023,2,201,105
12-30-20,Hamilton,28317,442,25505,292,2812,150,28701,315,242317,907,271018,1222,0,264,98,2430,344,25623,11,833,305
12-30-20,Hancock,331,3,260,1,71,2,281,1,3086,0,3367,1,0,5,-4,35,7,291,0,15,7
12-30-20,Hardeman,2832,18,2431,6,401,12,2867,4,20907,29,23774,33,0,41,-6,183,24,2608,0,90,47
12-30-20,Hardin,2679,36,1942,21,737,15,2333,21,19145,93,21478,114,0,35,5,299,31,2345,1,50,40
12-30-20,Hawkins,3621,50,3153,37,468,13,3413,34,23846,154,27259,188,1,56,0,496,49,3069,0,113,64
12-30-20,Haywood,2199,12,1898,7,301,5,2156,7,11299,62,13455,69,0,36,-8,138,20,2025,0,62,41
12-30-20,Henderson,2965,45,2157,19,808,26,2758,19,14015,20,16773,39,0,44,15,340,30,2581,1,67,48
12-30-20,Henry,2321,13,1921,7,400,6,2222,10,15261,22,17483,32,0,36,0,168,13,2117,0,64,50
12-30-20,Hickman,2012,23,1762,15,250,8,2056,16,12828,25,14884,41,0,26,-2,239,25,1747,1,44,28
12-30-20,Houston,804,4,639,1,165,3,730,2,6881,7,7611,9,0,22,-4,35,8,747,0,38,24
12-30-20,Humphreys,1175,6,846,1,329,5,992,1,9378,18,10370,19,0,12,-8,83,14,1080,0,24,14
12-30-20,Jackson,1019,11,817,7,202,4,960,7,4434,6,5394,13,0,19,6,83,5,917,0,30,22
12-30-20,Jefferson,3907,41,2990,21,917,20,3386,19,28961,96,32347,115,2,60,-28,550,67,3297,2,136,65
12-30-20,Johnson,1765,7,1656,6,109,1,1767,7,11350,15,13117,22,0,28,-4,85,11,1652,1,49,27
12-30-20,Knox,32984,363,29781,248,3203,115,32589,267,243445,936,276034,1203,6,285,-148,3869,505,28830,9,931,334
12-30-20,Lake,1403,11,1262,9,141,2,1499,10,8516,11,10015,21,0,13,7,51,4,1339,0,17,14
12-30-20,Lauderdale,2587,11,2068,5,519,6,2376,5,17297,30,19673,35,0,28,-2,158,13,2401,0,75,30
12-30-20,Lawrence,4375,52,3586,36,789,16,3952,33,22641,76,26593,109,0,57,-24,483,76,3835,2,118,64
12-30-20,Lewis,1153,5,1005,3,148,2,1082,3,8512,10,9594,13,0,19,-6,85,11,1049,0,33,20
12-30-20,Lincoln,3234,23,2575,8,659,15,2921,9,13918,41,16839,50,0,32,-14,396,37,2806,0,63,38
12-30-20,Loudon,4104,60,3547,28,557,32,3866,27,25011,79,28877,106,0,36,-20,575,80,3493,1,92,45
12-30-20,Macon,2673,23,2244,12,429,11,2657,13,12505,26,15162,39,3,44,-13,218,33,2411,0,105,51
12-30-20,Madison,8083,96,4639,38,3444,58,5803,39,44449,110,50252,149,0,151,3,268,93,7664,1,292,176
12-30-20,Marion,2036,30,1837,18,199,12,2088,18,13368,41,15456,59,0,25,8,237,22,1774,1,87,31
12-30-20,Marshall,2823,27,2541,11,282,16,2869,11,18799,36,21668,47,0,30,-8,343,35,2450,1,60,29
12-30-20,Maury,9183,70,8696,58,487,12,9621,63,57019,155,66640,218,0,104,-40,897,110,8182,2,221,111
12-30-20,McMinn,4399,42,4090,36,309,6,4517,36,31674,63,36191,99,2,65,-20,484,60,3850,1,115,68
12-30-20,McNairy,2026,17,1496,10,530,7,1889,10,13504,146,15393,156,0,38,-7,192,24,1796,0,53,40
12-30-20,Meigs,938,14,886,14,52,0,991,13,5897,19,6888,32,0,15,-6,114,20,809,0,31,16
12-30-20,Monroe,3898,56,3388,42,510,14,3777,44,21025,87,24802,131,0,54,-6,574,62,3270,0,120,64
12-30-20,Montgomery,11582,202,9509,75,2073,127,10516,82,82948,268,93464,350,1,124,29,1053,172,10405,2,229,140
12-30-20,Moore,736,23,589,17,147,6,672,17,3953,19,4625,36,0,6,16,104,7,626,0,10,9
12-30-20,Morgan,1626,26,1302,17,324,9,1406,19,12656,25,14062,44,0,11,-9,230,35,1385,1,24,16
12-30-20,Obion,3702,39,2800,32,902,7,3182,34,17625,81,20807,115,0,71,11,298,28,3333,0,87,76
12-30-20,Out of State,12145,195,9926,152,2219,43,11076,166,486871,1217,497947,1383,-1,62,39,1554,157,10529,0,157,55
12-30-20,Overton,2243,27,1826,20,417,7,2153,20,12079,26,14232,46,0,41,-8,239,35,1963,0,53,47
12-30-20,Pending,10029,247,7332,108,2697,139,8133,124,309564,1035,317697,1159,4,85,52,1841,191,8103,1,99,78
12-30-20,Perry,859,5,773,5,86,0,856,3,5299,13,6155,16,0,23,-10,67,15,769,0,26,24
12-30-20,Pickett,573,3,382,3,191,0,463,3,2680,4,3143,7,0,17,-5,59,8,497,0,26,19
12-30-20,Polk,1168,19,1089,16,79,3,1219,12,6857,11,8076,23,0,16,0,152,19,1000,0,43,17
12-30-20,Putnam,8451,96,7216,53,1235,43,8701,57,56131,101,64832,158,0,119,15,779,81,7553,0,175,136
12-30-20,Rhea,3092,38,2820,23,272,15,3176,25,20282,49,23458,74,2,48,-9,389,45,2655,0,69,51
12-30-20,Roane,4254,49,3655,26,599,23,4051,23,33932,50,37983,73,1,54,-38,503,86,3697,0,104,64
12-30-20,Robertson,6648,85,5795,43,853,42,6559,46,33624,142,40183,188,0,73,-5,770,90,5805,0,322,79
12-30-20,Rutherford,28564,300,26269,178,2295,122,30825,193,173987,565,204812,758,3,241,-38,2578,335,25745,2,465,263
12-30-20,Scott,2203,33,1389,26,814,7,1474,28,9280,35,10754,63,1,22,-7,286,39,1895,1,52,30
12-30-20,Sequatchie,1101,11,955,5,146,6,1035,6,9801,16,10836,22,5,16,-11,142,17,943,0,26,18
12-30-20,Sevier,8867,93,8192,80,675,13,8950,81,50271,130,59221,211,3,70,-117,993,207,7804,0,211,90
12-30-20,Shelby,67085,638,64083,570,3002,68,78890,676,683593,3094,762483,3770,14,889,16,5538,608,60658,10,2915,1092
12-30-20,Smith,2051,6,1719,2,332,4,2153,2,10482,37,12635,39,1,24,-15,140,20,1887,1,52,26
12-30-20,Stewart,887,10,720,1,167,9,816,3,5398,10,6214,13,0,20,0,82,10,785,0,20,20
12-30-20,Sullivan,10893,214,9737,209,1156,5,10528,218,64736,483,75264,701,2,177,86,1101,126,9615,3,584,197
12-30-20,Sumner,16066,228,15237,179,829,49,17269,195,91828,301,109097,496,2,203,47,1598,179,14265,1,618,224
12-30-20,Tipton,5399,38,4079,11,1320,27,4944,13,36899,115,41843,128,1,53,-22,535,59,4811,0,129,63
12-30-20,Trousdale,2169,2,2099,2,70,0,2239,2,7486,20,9725,22,0,12,-10,78,12,2079,0,34,14
12-30-20,Unicoi,1422,11,1178,5,244,6,1299,3,10732,15,12031,18,1,40,-5,179,15,1203,0,55,40
12-30-20,Union,1260,14,1108,10,152,4,1204,9,8397,13,9601,22,0,14,-6,106,20,1140,1,41,18
12-30-20,Van Buren,592,3,522,2,70,1,583,2,4250,2,4833,4,0,6,0,40,3,546,0,12,7
12-30-20,Warren,4331,31,3821,28,510,3,4306,29,25999,115,30305,144,3,41,-73,491,101,3799,0,71,51
12-30-20,Washington,10005,101,8898,90,1107,11,9813,98,62116,210,71929,308,2,164,-25,1069,124,8772,0,280,180
12-30-20,Wayne,2428,11,2104,3,324,8,2302,3,9454,38,11756,41,0,17,0,146,11,2265,0,42,18
12-30-20,Weakley,3111,25,2458,12,653,13,2813,15,17692,25,20505,40,0,43,-11,255,36,2813,0,53,46
12-30-20,White,2703,24,2301,19,402,5,2847,20,18657,55,21504,75,1,39,-4,228,27,2436,1,90,41
12-30-20,Williamson,17894,239,16358,142,1536,97,18341,151,136891,466,155232,617,1,122,-3,2022,241,15750,1,235,139
12-30-20,Wilson,12408,107,11651,80,757,27,13336,90,76180,308,89516,398,2,125,-74,1279,179,11004,3,256,139
12-29-20,Anderson,5689,96,4807,52,882,44,5345,47,49298,95,54643,142,2,60,-35,842,129,4787,5,154,84
12-29-20,Bedford,4474,39,3828,9,646,30,4435,10,24411,42,28846,52,1,60,-14,427,52,3987,0,102,66
12-29-20,Benton,1197,10,1045,4,152,6,1163,5,7494,11,8657,16,0,30,2,97,8,1070,0,30,35
12-29-20,Bledsoe,1566,7,1508,5,58,2,1601,6,12343,13,13944,19,0,9,-14,87,21,1470,0,28,9
12-29-20,Blount,10447,145,9496,109,951,36,10496,116,56412,178,66908,294,2,96,-48,1483,191,8868,3,253,114
12-29-20,Bradley,9011,166,8017,109,994,57,9173,126,48001,208,57174,334,4,69,1,1008,161,7934,6,388,84
12-29-20,Campbell,2726,83,1828,12,898,71,2045,11,21634,33,23679,44,1,36,50,420,32,2270,0,94,40
12-29-20,Cannon,1355,13,1183,2,172,11,1329,3,7332,17,8661,20,0,11,-5,130,18,1214,0,22,18
12-29-20,Carroll,2693,40,1927,5,766,35,2288,5,16782,28,19070,33,1,51,3,286,36,2356,0,66,57
12-29-20,Carter,4566,55,4066,26,500,29,4443,21,28920,62,33363,83,2,84,-16,576,69,3906,1,193,95
12-29-20,Cheatham,2819,50,2409,21,410,29,2744,24,20471,121,23215,145,1,24,3,346,46,2449,0,67,26
12-29-20,Chester,1488,18,1120,4,368,14,1358,3,8848,13,10206,16,3,31,5,152,10,1305,0,31,34
12-29-20,Claiborne,1656,35,1237,18,419,17,1314,11,17769,31,19083,42,0,18,2,246,33,1392,1,51,22
12-29-20,Clay,869,13,626,2,243,11,709,2,4659,28,5368,30,0,23,4,81,9,765,0,19,26
12-29-20,Cocke,2824,59,2194,14,630,45,2417,12,16251,55,18668,67,0,39,4,425,55,2360,0,86,58
12-29-20,Coffee,4828,52,3707,21,1121,31,4556,36,35934,111,40490,147,-1,65,-35,534,88,4229,0,85,77
12-29-20,Crockett,1642,26,1053,6,589,20,1232,7,6055,14,7287,21,0,29,10,172,16,1441,0,29,37
12-29-20,Cumberland,4386,63,3916,32,470,31,4506,32,39721,45,44227,77,0,51,-20,609,83,3726,3,119,65
12-29-20,Davidson,61408,965,59491,878,1917,87,72494,1029,687556,3187,760050,4216,7,556,265,5608,693,55244,10,1681,606
12-29-20,Decatur,1316,5,1030,3,286,2,1238,3,9867,12,11105,15,0,18,-21,126,26,1172,0,32,22
12-29-20,Dekalb,2046,26,1602,3,444,23,1871,1,14021,22,15892,23,0,31,-7,213,33,1802,0,45,36
12-29-20,Dickson,4571,69,3581,37,990,32,4281,37,27304,136,31585,173,1,59,13,392,55,4120,1,94,70
12-29-20,Dyer,4243,60,3023,15,1220,45,3416,16,18415,28,21831,44,2,70,25,335,33,3838,1,94,74
12-29-20,Fayette,3373,53,3095,21,278,32,3836,23,28410,93,32246,116,0,47,-3,390,56,2936,1,106,48
12-29-20,Fentress,1886,23,1670,20,216,3,1917,20,9119,41,11036,61,1,28,-9,216,31,1642,1,51,32
12-29-20,Franklin,3499,30,3136,11,363,19,3697,16,26624,40,30321,56,2,48,-30,391,58,3060,0,83,53
12-29-20,Gibson,4952,79,3159,12,1793,67,3870,13,24257,65,28127,78,1,88,33,558,45,4306,0,90,102
12-29-20,Giles,2609,14,2352,12,257,2,2692,11,17987,38,20679,49,0,60,-21,444,35,2105,1,93,65
12-29-20,Grainger,1759,20,1425,10,334,10,1597,9,11030,22,12627,31,1,25,-9,224,28,1510,1,54,33
12-29-20,Greene,5471,51,4552,18,919,33,5119,15,33979,37,39098,52,1,91,-51,762,101,4618,0,153,102
12-29-20,Grundy,1195,6,1055,1,140,5,1228,4,5984,4,7212,8,2,18,-10,114,14,1063,0,47,19
12-29-20,Hamblen,5739,71,4692,15,1047,56,5268,14,37716,68,42984,82,1,80,-8,730,78,4929,3,199,103
12-29-20,Hamilton,27875,559,25213,469,2662,90,28386,501,241410,1207,269796,1708,6,264,127,2332,426,25279,7,822,302
12-29-20,Hancock,328,4,259,1,69,3,280,0,3086,1,3366,1,1,5,-3,39,6,284,0,15,7
12-29-20,Hardeman,2814,25,2425,6,389,19,2863,8,20878,53,23741,61,0,41,2,189,23,2584,0,90,47
12-29-20,Hardin,2643,60,1921,18,722,42,2312,20,19052,35,21364,55,1,35,28,294,31,2314,0,49,40
12-29-20,Hawkins,3571,40,3116,8,455,32,3379,8,23692,34,27071,42,1,55,-30,496,69,3020,0,113,62
12-29-20,Haywood,2187,17,1891,10,296,7,2149,12,11237,23,13386,35,0,36,-6,146,23,2005,0,62,40
12-29-20,Henderson,2920,33,2138,9,782,24,2739,10,13995,27,16734,37,3,44,-2,325,32,2551,1,66,47
12-29-20,Henry,2308,30,1914,6,394,24,2212,7,15239,22,17451,29,2,36,2,168,26,2104,0,64,48
12-29-20,Hickman,1989,38,1747,19,242,19,2040,19,12803,50,14843,69,0,26,1,241,37,1722,0,43,28
12-29-20,Houston,800,5,638,4,162,1,728,4,6874,33,7602,37,0,22,0,39,5,739,0,38,24
12-29-20,Humphreys,1169,21,845,6,324,15,991,7,9360,22,10351,29,0,12,3,91,18,1066,0,24,14
12-29-20,Jackson,1008,4,810,3,198,1,953,3,4428,8,5381,11,0,19,-4,77,8,912,0,30,21
12-29-20,Jefferson,3866,61,2969,26,897,35,3367,17,28865,42,32232,59,1,58,4,578,56,3230,1,134,65
12-29-20,Johnson,1758,4,1650,0,108,4,1760,0,11335,7,13095,7,0,28,-5,89,9,1641,0,48,27
12-29-20,Knox,32621,594,29533,400,3088,194,32322,406,242509,1069,274831,1475,7,279,115,4017,472,28325,14,922,330
12-29-20,Lake,1392,6,1253,5,139,1,1489,5,8505,4,9994,9,1,13,-4,44,9,1335,1,17,14
12-29-20,Lauderdale,2576,37,2063,11,513,26,2371,12,17267,29,19638,41,0,28,21,160,16,2388,0,75,29
12-29-20,Lawrence,4323,54,3550,15,773,39,3919,17,22565,60,26484,77,0,57,0,507,54,3759,1,116,62
12-29-20,Lewis,1148,13,1002,3,146,10,1079,2,8502,12,9581,14,0,19,3,91,10,1038,0,33,20
12-29-20,Lincoln,3211,37,2567,11,644,26,2912,10,13877,30,16789,40,1,32,-24,410,60,2769,0,63,36
12-29-20,Loudon,4044,59,3519,30,525,29,3839,33,24932,67,28771,100,1,36,-6,595,64,3413,0,91,43
12-29-20,Macon,2650,55,2232,14,418,41,2644,9,12479,26,15123,35,0,41,22,231,33,2378,1,105,48
12-29-20,Madison,7987,119,4601,51,3386,68,5764,50,44339,175,50103,225,0,151,13,265,106,7571,0,291,172
12-29-20,Marion,2006,34,1819,25,187,9,2070,25,13327,36,15397,61,0,25,4,229,30,1752,0,86,31
12-29-20,Marshall,2796,35,2530,7,266,28,2858,7,18763,73,21621,80,2,30,-15,351,48,2415,0,59,29
12-29-20,Maury,9113,96,8638,60,475,36,9558,54,56864,161,66422,215,2,104,-37,937,131,8072,3,219,111
12-29-20,McMinn,4357,32,4054,21,303,11,4481,21,31611,57,36092,78,2,63,-21,504,51,3790,0,114,68
12-29-20,McNairy,2009,35,1486,15,523,20,1879,15,13358,71,15237,86,1,38,1,199,33,1772,0,53,40
12-29-20,Meigs,924,11,872,8,52,3,978,9,5878,12,6856,21,0,15,-6,120,17,789,0,31,16
12-29-20,Monroe,3842,83,3346,32,496,51,3733,29,20938,75,24671,104,1,54,16,580,66,3208,1,120,64
12-29-20,Montgomery,11380,160,9434,71,1946,89,10434,71,82680,247,93114,318,2,123,-78,1024,236,10233,3,227,139
12-29-20,Moore,713,6,572,0,141,6,655,2,3934,8,4589,10,0,6,-2,88,8,619,0,10,9
12-29-20,Morgan,1600,36,1285,15,315,21,1387,13,12631,17,14018,30,0,11,0,239,36,1350,0,23,16
12-29-20,Obion,3663,58,2768,22,895,36,3148,23,17544,54,20692,77,3,71,21,287,34,3305,0,87,76
12-29-20,Out of State,11950,204,9774,136,2176,68,10910,151,485654,1543,496564,1694,-1,63,-3,1515,208,10372,0,157,55
12-29-20,Overton,2216,41,1806,11,410,30,2133,13,12053,23,14186,36,0,41,20,247,21,1928,0,53,46
12-29-20,Pending,9782,342,7224,145,2558,197,8009,145,308529,1130,316538,1275,1,81,123,1789,218,7912,4,98,78
12-29-20,Perry,854,8,768,6,86,2,853,6,5286,6,6139,12,0,23,-4,77,12,754,0,26,24
12-29-20,Pickett,570,15,379,14,191,1,460,14,2676,16,3136,30,0,17,8,64,7,489,0,26,19
12-29-20,Polk,1149,28,1073,21,76,7,1207,26,6846,13,8053,39,0,16,10,152,18,981,0,43,16
12-29-20,Putnam,8355,57,7163,32,1192,25,8644,33,56030,53,64674,86,1,119,-41,764,97,7472,1,175,136
12-29-20,Rhea,3054,42,2797,25,257,17,3151,26,20233,33,23384,59,0,46,-10,398,52,2610,0,69,51
12-29-20,Roane,4205,73,3629,30,576,43,4028,30,33882,58,37910,88,4,53,13,541,56,3611,2,104,63
12-29-20,Robertson,6563,112,5752,62,811,50,6513,60,33482,103,39995,163,0,73,19,775,93,5715,7,322,79
12-29-20,Rutherford,28264,300,26091,219,2173,81,30632,251,173422,583,204054,834,3,238,-115,2616,412,25410,4,463,261
12-29-20,Scott,2170,25,1363,2,807,23,1446,2,9245,18,10691,20,1,21,-18,293,42,1856,1,51,28
12-29-20,Sequatchie,1090,11,950,3,140,8,1029,3,9785,19,10814,22,1,11,-7,153,17,926,0,26,18
12-29-20,Sevier,8774,107,8112,68,662,39,8869,63,50141,147,59010,210,3,67,-78,1110,182,7597,2,211,88
12-29-20,Shelby,66447,703,63513,603,2934,100,78214,687,680499,3878,758713,4565,16,875,85,5522,602,60050,7,2905,1077
12-29-20,Smith,2045,8,1717,6,328,2,2151,8,10445,10,12596,18,0,23,-22,155,30,1867,0,51,25
12-29-20,Stewart,877,14,719,5,158,9,813,5,5388,15,6201,20,0,20,-5,82,19,775,0,20,20
12-29-20,Sullivan,10679,114,9528,72,1151,42,10310,74,64253,191,74563,265,3,175,-34,1015,145,9489,8,581,195
12-29-20,Sumner,15838,196,15058,154,780,42,17074,168,91527,324,108601,492,2,201,-31,1551,225,14086,2,617,224
12-29-20,Tipton,5361,82,4068,26,1293,56,4931,28,36784,112,41715,140,0,52,21,557,61,4752,2,129,62
12-29-20,Trousdale,2167,13,2097,8,70,5,2237,8,7466,8,9703,16,0,12,2,88,11,2067,1,34,14
12-29-20,Unicoi,1411,17,1173,2,238,15,1296,4,10717,7,12013,11,0,39,-2,184,19,1188,0,55,40
12-29-20,Union,1246,10,1098,6,148,4,1195,8,8384,16,9579,24,0,14,-15,112,25,1120,0,40,18
12-29-20,Van Buren,589,3,520,3,69,0,581,1,4248,4,4829,5,0,6,-3,40,6,543,0,12,7
12-29-20,Warren,4300,49,3793,21,507,28,4277,23,25884,74,30161,97,4,38,-43,564,88,3698,0,71,49
12-29-20,Washington,9904,111,8808,43,1096,68,9715,34,61906,109,71621,143,5,162,-44,1094,150,8648,2,280,179
12-29-20,Wayne,2417,26,2101,8,316,18,2299,7,9416,21,11715,28,1,17,16,146,9,2254,0,42,18
12-29-20,Weakley,3086,30,2446,6,640,24,2798,6,17667,37,20465,43,1,43,-1,266,30,2777,0,53,46
12-29-20,White,2679,20,2282,6,397,14,2827,2,18602,18,21429,20,1,38,-14,232,33,2409,0,89,41
12-29-20,Williamson,17655,268,16216,185,1439,83,18190,194,136425,426,154615,620,2,121,13,2025,253,15509,0,234,134
12-29-20,Wilson,12301,150,11571,116,730,34,13246,128,75872,273,89118,401,1,123,-17,1353,166,10825,1,253,137
12-28-20,Anderson,5593,48,4755,22,838,26,5298,21,49203,69,54501,90,2,58,-90,877,136,4658,4,149,81
12-28-20,Bedford,4435,12,3819,5,616,7,4425,5,24369,19,28794,24,0,59,-28,441,40,3935,3,102,66
12-28-20,Benton,1187,1,1041,0,146,1,1158,0,7483,0,8641,0,1,30,-19,95,19,1062,0,30,35
12-28-20,Bledsoe,1559,4,1503,4,56,0,1595,3,12330,2,13925,5,0,9,-9,101,13,1449,0,28,9
12-28-20,Blount,10302,131,9387,118,915,13,10380,127,56234,148,66614,275,0,94,-118,1531,249,8677,1,250,113
12-28-20,Bradley,8845,83,7908,60,937,23,9047,65,47793,84,56840,149,0,65,-121,1007,204,7773,1,382,82
12-28-20,Campbell,2643,21,1816,1,827,20,2034,0,21601,9,23635,9,1,35,-53,370,73,2238,0,94,40
12-28-20,Cannon,1342,3,1181,2,161,1,1326,2,7315,7,8641,9,0,11,-35,135,38,1196,0,22,18
12-28-20,Carroll,2653,11,1922,8,731,3,2283,9,16754,5,19037,14,1,50,-31,283,41,2320,0,66,57
12-28-20,Carter,4511,39,4040,22,471,17,4422,25,28858,14,33280,39,1,82,-29,592,67,3837,1,192,93
12-28-20,Cheatham,2769,15,2388,12,381,3,2720,13,20350,27,23070,40,0,23,-50,343,65,2403,2,67,26
12-28-20,Chester,1470,2,1116,2,354,0,1355,3,8835,3,10190,6,0,28,-16,147,18,1295,0,31,33
12-28-20,Claiborne,1621,6,1219,3,402,3,1303,1,17738,28,19041,29,0,18,-23,244,29,1359,0,50,21
12-28-20,Clay,856,1,624,0,232,1,707,0,4631,0,5338,0,0,23,-39,77,40,756,0,19,26
12-28-20,Cocke,2765,25,2180,11,585,14,2405,10,16196,22,18601,32,0,39,-42,421,67,2305,1,86,58
12-28-20,Coffee,4776,20,3686,10,1090,10,4520,9,35823,19,40343,28,1,66,-82,569,101,4141,0,85,77
12-28-20,Crockett,1616,13,1047,5,569,8,1225,5,6041,2,7266,7,0,29,-15,162,28,1425,0,29,37
12-28-20,Cumberland,4323,24,3884,13,439,11,4474,11,39676,15,44150,26,2,51,-123,629,145,3643,1,116,64
12-28-20,Davidson,60443,431,58613,394,1830,37,71465,431,684369,1381,755834,1812,8,549,-407,5343,830,54551,2,1671,597
12-28-20,Decatur,1311,2,1027,2,284,0,1235,1,9855,1,11090,2,0,18,-26,147,28,1146,0,32,21
12-28-20,Dekalb,2020,15,1599,12,421,3,1870,13,13999,5,15869,18,1,31,-31,220,45,1769,0,45,34
12-28-20,Dickson,4502,13,3544,11,958,2,4244,11,27168,24,31412,35,0,58,-80,379,93,4065,0,93,70
12-28-20,Dyer,4183,19,3008,4,1175,15,3400,4,18387,8,21787,12,1,68,-27,310,45,3805,0,93,74
12-28-20,Fayette,3320,13,3074,7,246,6,3813,9,28317,32,32130,41,2,47,-41,393,52,2880,0,105,48
12-28-20,Fentress,1863,5,1650,2,213,3,1897,3,9078,2,10975,5,0,27,-45,225,50,1611,0,50,32
12-28-20,Franklin,3469,17,3125,13,344,4,3681,23,26584,53,30265,76,0,46,-62,421,79,3002,0,83,53
12-28-20,Gibson,4873,25,3147,11,1726,14,3857,12,24192,13,28049,25,0,87,-45,525,70,4261,0,90,101
12-28-20,Giles,2595,15,2340,7,255,8,2681,8,17949,24,20630,32,0,60,-63,465,78,2070,0,92,65
12-28-20,Grainger,1739,7,1415,3,324,4,1588,3,11008,12,12596,15,1,24,-35,233,41,1482,0,53,32
12-28-20,Greene,5420,36,4534,26,886,10,5104,29,33942,22,39046,51,2,90,-109,813,143,4517,0,153,101
12-28-20,Grundy,1189,6,1054,6,135,0,1224,9,5980,14,7204,23,0,16,-18,124,24,1049,0,47,18
12-28-20,Hamblen,5668,33,4677,13,991,20,5254,16,37648,19,42902,35,1,79,-78,738,110,4851,2,196,102
12-28-20,Hamilton,27316,255,24744,228,2572,27,27885,255,240203,370,268088,625,0,258,-238,2205,493,24853,4,815,296
12-28-20,Hancock,324,2,258,0,66,2,280,0,3085,1,3365,1,0,4,-9,42,11,278,1,15,7
12-28-20,Hardeman,2789,2,2419,2,370,0,2855,2,20825,8,23680,10,0,41,-17,187,19,2561,0,90,46
12-28-20,Hardin,2583,10,1903,3,680,7,2292,3,19017,6,21309,9,0,34,-41,266,51,2283,1,49,39
12-28-20,Hawkins,3531,35,3108,13,423,22,3371,12,23658,57,27029,69,1,54,-52,526,86,2951,0,113,62
12-28-20,Haywood,2170,8,1881,5,289,3,2137,7,11214,6,13351,13,1,36,-22,152,29,1982,0,62,39
12-28-20,Henderson,2887,13,2129,9,758,4,2729,10,13968,3,16697,13,0,41,-36,327,49,2519,1,65,47
12-28-20,Henry,2278,7,1908,2,370,5,2205,5,15217,10,17422,15,1,34,-28,166,34,2078,0,64,47
12-28-20,Hickman,1951,4,1728,2,223,2,2021,3,12753,10,14774,13,0,26,-42,240,46,1685,0,43,27
12-28-20,Houston,795,1,634,1,161,0,724,2,6841,2,7565,4,1,22,-9,39,9,734,0,38,24
12-28-20,Humphreys,1148,4,839,2,309,2,984,2,9338,10,10322,12,0,12,-21,88,25,1048,0,24,14
12-28-20,Jackson,1004,0,807,0,197,0,950,0,4420,2,5370,2,1,19,-18,81,17,904,0,30,21
12-28-20,Jefferson,3805,31,2943,15,862,16,3350,16,28823,25,32173,41,0,57,-33,574,64,3174,1,133,65
12-28-20,Johnson,1754,3,1650,2,104,1,1760,2,11328,7,13088,9,0,28,-19,94,22,1632,0,48,27
12-28-20,Knox,32027,249,29133,171,2894,78,31916,184,241440,566,273356,750,4,272,-333,3902,578,27853,4,908,322
12-28-20,Lake,1386,3,1248,3,138,0,1484,4,8501,2,9985,6,0,12,-6,48,9,1326,0,16,14
12-28-20,Lauderdale,2539,6,2052,1,487,5,2359,1,17238,9,19597,10,0,28,-26,139,32,2372,1,75,27
12-28-20,Lawrence,4269,6,3535,5,734,1,3902,5,22505,24,26407,29,0,57,-49,507,55,3705,0,115,62
12-28-20,Lewis,1135,1,999,1,136,0,1077,1,8490,7,9567,8,0,19,-15,88,16,1028,0,33,20
12-28-20,Lincoln,3174,28,2556,6,618,22,2902,5,13847,5,16749,10,0,31,-46,434,74,2709,2,63,34
12-28-20,Loudon,3985,19,3489,11,496,8,3806,12,24865,50,28671,62,0,35,-100,601,119,3349,0,91,43
12-28-20,Macon,2595,23,2218,8,377,15,2635,11,12453,6,15088,17,0,41,-37,209,60,2345,0,104,48
12-28-20,Madison,7868,38,4550,16,3318,22,5714,17,44164,27,49878,44,0,151,-69,252,107,7465,2,291,171
12-28-20,Marion,1972,13,1794,9,178,4,2045,10,13291,27,15336,37,0,25,-21,225,34,1722,0,86,29
12-28-20,Marshall,2761,12,2523,1,238,11,2851,1,18690,10,21541,11,0,28,-54,366,66,2367,1,59,29
12-28-20,Maury,9017,42,8578,33,439,9,9504,34,56703,63,66207,97,0,102,-80,974,122,7941,1,216,109
12-28-20,McMinn,4325,15,4033,13,292,2,4460,17,31554,48,36014,65,0,61,-57,525,72,3739,0,114,68
12-28-20,McNairy,1974,10,1471,6,503,4,1864,6,13287,29,15151,35,0,37,-36,198,46,1739,0,53,40
12-28-20,Meigs,913,3,864,3,49,0,969,4,5866,3,6835,7,1,15,-21,126,23,772,0,31,16
12-28-20,Monroe,3759,17,3314,9,445,8,3704,11,20863,21,24567,32,0,53,-77,564,94,3142,0,119,64
12-28-20,Montgomery,11220,37,9363,33,1857,4,10363,36,82433,103,92796,139,3,121,-171,1102,205,9997,2,224,137
12-28-20,Moore,707,1,572,0,135,1,653,0,3926,3,4579,3,0,6,-19,90,20,611,0,10,9
12-28-20,Morgan,1564,12,1270,3,294,9,1374,3,12614,2,13988,5,0,11,-35,239,47,1314,0,23,16
12-28-20,Obion,3605,13,2746,6,859,7,3125,5,17490,7,20615,12,1,68,-42,266,54,3271,1,87,76
12-28-20,Out of State,11746,73,9638,55,2108,18,10759,61,484111,649,494870,710,3,64,-180,1518,250,10164,1,157,54
12-28-20,Overton,2175,5,1795,1,380,4,2120,3,12030,6,14150,9,0,41,-47,227,52,1907,0,53,46
12-28-20,Pending,9440,98,7079,50,2361,48,7864,53,307399,405,315263,458,4,80,-190,1666,284,7694,0,94,76
12-28-20,Perry,846,4,762,2,84,2,847,2,5280,1,6127,3,0,23,-28,81,32,742,0,26,24
12-28-20,Pickett,555,4,365,0,190,4,446,0,2660,1,3106,1,0,17,-11,56,15,482,0,26,19
12-28-20,Polk,1121,12,1052,12,69,0,1181,14,6833,8,8014,22,0,16,-11,142,23,963,0,43,16
12-28-20,Putnam,8298,21,7131,9,1167,12,8611,9,55977,23,64588,32,3,118,-133,805,151,7375,0,174,135
12-28-20,Rhea,3012,15,2772,15,240,0,3125,14,20200,18,23325,32,0,46,-61,408,76,2558,1,69,50
12-28-20,Roane,4132,33,3599,16,533,17,3998,17,33824,33,37822,50,1,49,-73,528,105,3555,1,102,61
12-28-20,Robertson,6451,34,5690,12,761,22,6453,14,33379,39,39832,53,0,73,-108,756,142,5622,3,315,78
12-28-20,Rutherford,27964,156,25872,140,2092,16,30381,154,172839,357,203220,511,1,235,-331,2731,486,24998,0,459,260
12-28-20,Scott,2145,14,1361,4,784,10,1444,3,9227,8,10671,11,0,20,-31,311,45,1814,1,50,27
12-28-20,Sequatchie,1079,9,947,6,132,3,1026,7,9766,10,10792,17,0,10,-33,160,42,909,0,26,17
12-28-20,Sevier,8667,51,8044,37,623,14,8806,42,49994,106,58800,148,1,64,-175,1188,225,7415,1,209,86
12-28-20,Shelby,65744,325,62910,283,2834,42,77527,332,676621,1080,754148,1412,12,859,-471,5437,784,59448,12,2898,1065
12-28-20,Smith,2037,6,1711,3,326,3,2143,3,10435,12,12578,15,0,23,-43,177,49,1837,1,51,24
12-28-20,Stewart,863,4,714,2,149,2,808,1,5373,6,6181,7,1,20,-4,87,7,756,0,20,20
12-28-20,Sullivan,10565,73,9456,60,1109,13,10236,56,64062,30,74298,86,2,172,-111,1049,182,9344,7,573,192
12-28-20,Sumner,15642,165,14904,145,738,20,16906,146,91203,172,108109,318,1,199,-114,1582,278,13861,3,615,222
12-28-20,Tipton,5279,21,4042,14,1237,7,4903,13,36672,45,41575,58,0,52,-49,536,70,4691,4,127,62
12-28-20,Trousdale,2154,8,2089,7,65,1,2229,6,7458,4,9687,10,0,12,-4,86,12,2056,0,33,14
12-28-20,Unicoi,1394,9,1171,7,223,2,1292,5,10710,5,12002,10,1,39,-15,186,23,1169,0,55,40
12-28-20,Union,1236,5,1092,1,144,4,1187,2,8368,8,9555,10,2,14,-21,127,24,1095,0,40,18
12-28-20,Van Buren,586,0,517,0,69,0,580,0,4244,0,4824,0,0,6,-25,43,25,537,0,12,7
12-28-20,Warren,4251,13,3772,4,479,9,4254,2,25810,18,30064,20,1,34,-124,607,136,3610,0,71,49
12-28-20,Washington,9793,74,8765,51,1028,23,9681,49,61797,33,71478,82,2,157,-110,1138,182,8498,1,278,175
12-28-20,Wayne,2391,5,2093,2,298,3,2292,2,9395,1,11687,3,0,16,-21,130,26,2245,0,42,18
12-28-20,Weakley,3056,7,2440,2,616,5,2792,3,17630,8,20422,11,1,42,-41,267,47,2747,0,53,45
12-28-20,White,2659,3,2276,0,383,3,2825,0,18584,7,21409,7,0,37,-45,246,48,2376,0,89,41
12-28-20,Williamson,17387,160,16031,146,1356,14,17996,150,135999,302,153995,452,0,119,-66,2012,226,15256,1,234,133
12-28-20,Wilson,12151,123,11455,115,696,8,13118,122,75599,324,88717,446,1,122,-91,1370,213,10659,1,252,134
12-27-20,Anderson,5545,59,4733,37,812,22,5277,36,49134,141,54411,177,1,56,29,967,29,4522,5,145,75
12-27-20,Bedford,4423,13,3814,9,609,4,4420,11,24350,28,28770,39,2,59,-13,469,24,3895,2,99,66
12-27-20,Benton,1186,9,1041,2,145,7,1158,5,7483,8,8641,13,1,29,4,114,4,1043,0,30,34
12-27-20,Bledsoe,1555,3,1499,1,56,2,1592,3,12328,22,13920,25,0,9,-7,110,10,1436,0,28,9
12-27-20,Blount,10171,57,9269,40,902,17,10253,42,56086,140,66339,182,1,94,-31,1649,87,8428,2,249,112
12-27-20,Bradley,8762,47,7848,41,914,6,8982,44,47709,99,56691,143,1,65,-26,1128,72,7569,1,381,81
12-27-20,Campbell,2622,16,1815,9,807,7,2034,9,21592,47,23626,56,0,34,-3,423,19,2165,2,94,40
12-27-20,Cannon,1339,4,1179,2,160,2,1324,3,7308,7,8632,10,1,11,-2,170,5,1158,0,22,18
12-27-20,Carroll,2642,34,1914,4,728,30,2274,4,16749,23,19023,27,1,49,14,314,19,2279,1,66,57
12-27-20,Carter,4472,41,4018,38,454,3,4397,39,28844,55,33241,94,2,81,15,621,24,3770,0,191,93
12-27-20,Cheatham,2754,15,2376,9,378,6,2707,9,20323,70,23030,79,1,23,-12,393,26,2338,0,65,24
12-27-20,Chester,1468,12,1114,3,354,9,1352,4,8832,4,10184,8,0,28,1,163,11,1277,0,31,33
12-27-20,Claiborne,1615,9,1216,6,399,3,1302,5,17710,10,19012,15,0,18,0,267,9,1330,0,50,21
12-27-20,Clay,855,1,624,0,231,1,707,0,4631,2,5338,2,0,23,-4,116,5,716,0,19,26
12-27-20,Cocke,2740,33,2169,12,571,21,2395,14,16174,37,18569,51,0,39,20,463,13,2238,3,85,58
12-27-20,Coffee,4756,25,3676,13,1080,12,4511,14,35804,99,40315,113,1,65,8,651,16,4040,0,85,76
12-27-20,Crockett,1603,14,1042,1,561,13,1220,1,6039,10,7259,11,-1,29,4,177,11,1397,0,29,37
12-27-20,Cumberland,4299,17,3871,4,428,13,4463,4,39661,13,44124,17,1,49,-10,752,26,3498,1,115,62
12-27-20,Davidson,60012,221,58219,200,1793,21,71034,242,682988,1208,754022,1450,3,541,-94,5750,312,53721,2,1669,593
12-27-20,Decatur,1309,8,1025,3,284,5,1234,4,9854,12,11088,16,1,18,-4,173,11,1118,1,32,20
12-27-20,Dekalb,2005,4,1587,2,418,2,1857,3,13994,22,15851,25,0,30,-3,251,7,1724,0,45,34
12-27-20,Dickson,4489,20,3533,14,956,6,4233,17,27144,52,31377,69,1,58,-26,459,45,3972,0,93,69
12-27-20,Dyer,4164,21,3004,3,1160,18,3396,2,18379,9,21775,11,0,67,3,337,18,3760,0,93,74
12-27-20,Fayette,3307,14,3067,13,240,1,3804,22,28285,78,32089,100,0,45,2,434,12,2828,0,105,47
12-27-20,Fentress,1858,5,1648,1,210,4,1894,0,9076,3,10970,3,0,27,-3,270,8,1561,0,50,32
12-27-20,Franklin,3452,41,3112,31,340,10,3658,40,26531,88,30189,128,0,46,21,483,20,2923,0,83,53
12-27-20,Gibson,4848,35,3136,5,1712,30,3845,6,24179,36,28024,42,0,87,-3,570,38,4191,0,90,101
12-27-20,Giles,2580,20,2333,15,247,5,2673,17,17925,42,20598,59,0,60,4,528,16,1992,1,92,65
12-27-20,Grainger,1732,10,1412,3,320,7,1585,4,10996,21,12581,25,0,23,7,268,3,1441,0,53,32
12-27-20,Greene,5384,79,4508,54,876,25,5075,66,33920,244,38995,310,0,88,36,922,43,4374,0,153,100
12-27-20,Grundy,1183,8,1048,6,135,2,1215,6,5966,11,7181,17,1,16,7,142,0,1025,0,47,18
12-27-20,Hamblen,5635,38,4664,9,971,29,5238,10,37629,37,42867,47,0,78,15,816,23,4741,2,194,100
12-27-20,Hamilton,27061,213,24516,184,2545,29,27630,213,239833,750,267463,963,5,258,-124,2443,332,24360,5,811,294
12-27-20,Hancock,322,1,258,0,64,1,280,0,3084,1,3364,1,0,4,1,51,0,267,0,14,7
12-27-20,Hardeman,2787,6,2417,2,370,4,2853,4,20817,85,23670,89,0,41,0,204,6,2542,0,90,45
12-27-20,Hardin,2573,15,1900,10,673,5,2289,14,19011,33,21300,47,0,34,10,307,5,2232,0,48,39
12-27-20,Hawkins,3496,17,3095,12,401,5,3359,14,23601,32,26960,46,1,53,3,578,13,2865,0,113,59
12-27-20,Haywood,2162,5,1876,4,286,1,2130,4,11208,29,13338,33,0,35,-6,174,11,1953,0,62,38
12-27-20,Henderson,2874,23,2120,8,754,15,2719,8,13965,35,16684,43,0,41,-5,363,28,2470,1,64,47
12-27-20,Henry,2271,9,1906,6,365,3,2200,6,15207,24,17407,30,-1,33,-2,194,12,2044,0,64,45
12-27-20,Hickman,1947,15,1726,10,221,5,2018,11,12743,43,14761,54,0,26,4,282,11,1639,1,43,27
12-27-20,Houston,794,2,633,2,161,0,722,2,6839,3,7561,5,0,21,-7,48,9,725,0,38,24
12-27-20,Humphreys,1144,5,837,3,307,2,982,3,9328,13,10310,16,0,12,-5,109,10,1023,0,24,14
12-27-20,Jackson,1004,5,807,5,197,0,950,5,4418,6,5368,11,0,18,2,99,3,887,0,30,21
12-27-20,Jefferson,3774,31,2928,7,846,24,3334,10,28798,36,32132,46,1,57,12,607,18,3110,1,132,65
12-27-20,Johnson,1751,6,1648,6,103,0,1758,5,11321,16,13079,21,0,28,3,113,3,1610,0,48,27
12-27-20,Knox,31778,229,28962,156,2816,73,31732,189,240874,517,272606,706,3,268,-75,4235,301,27275,8,904,317
12-27-20,Lake,1383,5,1245,4,138,1,1480,4,8499,4,9979,8,0,12,3,54,2,1317,0,16,14
12-27-20,Lauderdale,2533,3,2051,1,482,2,2358,2,17229,20,19587,22,0,28,-3,165,6,2340,0,74,27
12-27-20,Lawrence,4263,26,3530,16,733,10,3897,20,22481,54,26378,74,2,57,-1,556,25,3650,0,115,62
12-27-20,Lewis,1134,4,998,3,136,1,1076,3,8483,14,9559,17,0,19,3,103,1,1012,0,33,20
12-27-20,Lincoln,3146,10,2550,3,596,7,2897,4,13842,22,16739,26,0,31,-5,480,15,2635,0,61,34
12-27-20,Loudon,3966,32,3478,20,488,12,3794,25,24815,42,28609,67,5,35,-5,701,32,3230,1,91,42
12-27-20,Macon,2572,0,2210,0,362,0,2624,2,12447,7,15071,9,0,41,-17,246,17,2285,0,104,46
12-27-20,Madison,7830,67,4534,10,3296,57,5697,14,44137,130,49834,144,1,151,-36,321,102,7358,1,289,169
12-27-20,Marion,1959,15,1785,10,174,5,2035,10,13264,26,15299,36,0,25,5,246,10,1688,0,86,28
12-27-20,Marshall,2749,11,2522,5,227,6,2850,6,18680,30,21530,36,0,28,-1,420,12,2301,0,58,28
12-27-20,Maury,8975,51,8545,47,430,4,9470,54,56640,131,66110,185,2,102,-1,1054,50,7819,0,215,108
12-27-20,McMinn,4310,36,4020,30,290,6,4443,36,31506,63,35949,99,0,61,-4,582,40,3667,0,114,67
12-27-20,McNairy,1964,19,1465,8,499,11,1858,9,13258,33,15116,42,0,37,10,234,9,1693,0,53,40
12-27-20,Meigs,910,8,861,4,49,4,965,4,5863,9,6828,13,0,14,0,147,8,749,0,31,16
12-27-20,Monroe,3742,18,3305,15,437,3,3693,18,20842,33,24535,51,1,53,-8,641,25,3048,0,119,64
12-27-20,Montgomery,11183,88,9330,62,1853,26,10327,83,82330,297,92657,380,2,118,-15,1273,101,9792,1,222,136
12-27-20,Moore,706,5,572,3,134,2,653,3,3923,10,4576,13,0,6,0,109,5,591,0,10,9
12-27-20,Morgan,1552,14,1267,5,285,9,1371,9,12612,17,13983,26,0,11,7,274,7,1267,2,23,16
12-27-20,Obion,3592,10,2740,5,852,5,3120,8,17483,18,20603,26,0,67,0,308,10,3217,0,86,75
12-27-20,Out of State,11673,132,9583,47,2090,85,10698,56,483462,684,494160,740,0,61,21,1698,111,9914,2,156,54
12-27-20,Overton,2170,6,1794,0,376,6,2117,0,12024,11,14141,11,0,41,-6,274,12,1855,0,53,46
12-27-20,Pending,9342,77,7029,31,2313,46,7811,40,306994,526,314805,566,4,76,-26,1856,99,7410,0,94,76
12-27-20,Perry,842,4,760,4,82,0,845,3,5279,6,6124,9,0,23,-1,109,5,710,0,26,24
12-27-20,Pickett,551,3,365,0,186,3,446,0,2659,0,3105,0,0,17,2,67,1,467,0,26,19
12-27-20,Polk,1109,10,1040,9,69,1,1167,10,6825,11,7992,21,0,16,-4,153,14,940,0,43,16
12-27-20,Putnam,8277,40,7122,16,1155,24,8602,18,55954,83,64556,101,1,115,15,938,24,7224,0,174,134
12-27-20,Rhea,2997,22,2757,18,240,4,3111,20,20182,45,23293,65,0,46,-4,469,26,2482,0,68,50
12-27-20,Roane,4099,29,3583,16,516,13,3981,18,33791,62,37772,80,0,48,-7,601,36,3450,0,101,57
12-27-20,Robertson,6417,34,5678,16,739,18,6439,18,33340,33,39779,51,2,73,-13,864,45,5480,1,312,78
12-27-20,Rutherford,27808,181,25732,149,2076,32,30227,180,172482,502,202709,682,2,234,1,3062,178,24512,4,459,256
12-27-20,Scott,2131,10,1357,1,774,9,1441,1,9219,10,10660,11,0,20,-4,342,14,1769,1,49,26
12-27-20,Sequatchie,1070,8,941,6,129,2,1019,8,9756,14,10775,22,0,10,-1,193,9,867,0,26,15
12-27-20,Sevier,8616,67,8007,55,609,12,8764,63,49888,108,58652,171,0,63,-4,1363,71,7190,3,208,85
12-27-20,Shelby,65419,365,62627,345,2792,20,77195,454,675541,1837,752736,2291,8,847,-20,5908,377,58664,14,2886,1050
12-27-20,Smith,2031,5,1708,5,323,0,2140,8,10423,15,12563,23,0,23,-6,220,11,1788,0,50,23
12-27-20,Stewart,859,3,712,2,147,1,807,3,5367,11,6174,14,0,19,-3,91,6,749,0,20,20
12-27-20,Sullivan,10492,50,9396,41,1096,9,10180,47,64032,120,74212,167,3,170,-20,1160,67,9162,1,566,189
12-27-20,Sumner,15477,75,14759,47,718,28,16760,69,91031,176,107791,245,2,198,-23,1696,96,13583,0,612,221
12-27-20,Tipton,5258,12,4028,10,1230,2,4890,25,36627,84,41517,109,1,52,-9,585,20,4621,2,123,61
12-27-20,Trousdale,2146,0,2082,0,64,0,2223,2,7454,11,9677,13,0,12,-1,90,1,2044,0,33,14
12-27-20,Unicoi,1385,14,1164,13,221,1,1287,14,10705,24,11992,38,0,38,11,201,3,1146,0,55,40
12-27-20,Union,1231,4,1091,2,140,2,1185,2,8360,13,9545,15,0,12,-2,148,6,1071,1,40,18
12-27-20,Van Buren,586,6,517,2,69,4,580,2,4244,4,4824,6,0,6,4,68,2,512,0,12,7
12-27-20,Warren,4238,21,3768,11,470,10,4252,10,25792,25,30044,35,0,33,-4,731,25,3474,0,71,45
12-27-20,Washington,9719,57,8714,47,1005,10,9632,56,61764,199,71396,255,2,155,-1,1248,56,8316,1,277,174
12-27-20,Wayne,2386,7,2091,5,295,2,2290,5,9394,24,11684,29,0,16,-3,151,10,2219,0,42,18
12-27-20,Weakley,3049,17,2438,6,611,11,2789,8,17622,23,20411,31,0,41,-2,308,19,2700,0,53,45
12-27-20,White,2656,13,2276,3,380,10,2825,3,18577,14,21402,17,0,37,6,291,7,2328,1,89,41
12-27-20,Williamson,17227,111,15885,81,1342,30,17846,92,135697,342,153543,434,1,119,-26,2078,136,15030,0,233,133
12-27-20,Wilson,12028,59,11340,50,688,9,12996,63,75275,133,88271,196,3,121,-19,1461,75,10446,1,251,133
12-26-20,Anderson,5486,54,4696,28,790,26,5241,30,48993,112,54234,142,0,55,3,938,51,4493,2,140,74
12-26-20,Bedford,4410,26,3805,20,605,6,4409,22,24322,89,28731,111,0,57,4,482,22,3871,0,97,64
12-26-20,Benton,1177,11,1039,5,138,6,1153,5,7475,5,8628,10,0,28,3,110,8,1039,0,30,33
12-26-20,Bledsoe,1552,9,1498,9,54,0,1589,9,12306,43,13895,52,0,9,2,117,7,1426,0,28,9
12-26-20,Blount,10114,105,9229,89,885,16,10211,88,55946,176,66157,264,0,93,-3,1680,108,8341,2,247,110
12-26-20,Bradley,8715,72,7807,68,908,4,8938,73,47610,315,56548,388,0,64,-2,1154,74,7497,0,380,80
12-26-20,Campbell,2606,28,1806,9,800,19,2025,10,21545,25,23570,35,0,34,8,426,20,2146,0,92,40
12-26-20,Cannon,1335,15,1177,9,158,6,1321,10,7301,21,8622,31,0,10,-3,172,18,1153,0,22,15
12-26-20,Carroll,2608,13,1910,6,698,7,2270,6,16726,33,18996,39,1,48,-3,300,15,2260,0,65,56
12-26-20,Carter,4431,54,3980,47,451,7,4358,49,28789,176,33147,225,0,79,30,606,24,3746,1,191,92
12-26-20,Cheatham,2739,21,2367,14,372,7,2698,12,20253,65,22951,77,0,22,-9,405,30,2312,2,65,24
12-26-20,Chester,1456,13,1111,10,345,3,1348,10,8828,15,10176,25,0,28,6,162,7,1266,0,31,33
12-26-20,Claiborne,1606,68,1210,29,396,39,1297,24,17700,106,18997,130,0,18,49,267,19,1321,1,50,21
12-26-20,Clay,854,2,624,2,230,0,707,2,4629,5,5336,7,0,23,-11,120,13,711,0,19,26
12-26-20,Cocke,2707,42,2157,27,550,15,2381,26,16137,119,18518,145,0,39,20,443,22,2225,0,82,56
12-26-20,Coffee,4731,34,3663,16,1068,18,4497,17,35705,93,40202,110,0,64,8,643,26,4024,0,85,75
12-26-20,Crockett,1589,6,1041,4,548,2,1219,4,6029,9,7248,13,0,30,-5,173,11,1386,0,29,36
12-26-20,Cumberland,4282,44,3867,28,415,16,4459,28,39648,162,44107,190,0,48,14,762,30,3472,0,114,61
12-26-20,Davidson,59791,275,58019,256,1772,19,70792,304,681780,1732,752572,2036,0,538,-111,5844,386,53409,4,1667,589
12-26-20,Decatur,1301,7,1022,5,279,2,1230,4,9842,19,11072,23,0,17,-6,177,13,1107,0,31,20
12-26-20,Dekalb,2001,13,1585,5,416,8,1854,8,13972,13,15826,21,0,30,-2,254,15,1717,0,45,33
12-26-20,Dickson,4469,29,3519,21,950,8,4216,20,27092,65,31308,85,0,57,-6,485,35,3927,1,93,67
12-26-20,Dyer,4143,24,3001,2,1142,22,3394,3,18370,19,21764,22,0,67,1,334,23,3742,0,93,72
12-26-20,Fayette,3293,42,3054,37,239,5,3782,44,28207,117,31989,161,0,45,17,432,25,2816,1,105,46
12-26-20,Fentress,1853,9,1647,6,206,3,1894,8,9073,30,10967,38,0,27,-5,273,14,1553,0,50,32
12-26-20,Franklin,3411,27,3081,17,330,10,3618,16,26443,193,30061,209,0,46,10,462,17,2903,0,83,52
12-26-20,Gibson,4813,38,3131,10,1682,28,3839,10,24143,36,27982,46,0,87,-10,573,48,4153,0,90,100
12-26-20,Giles,2560,21,2318,10,242,11,2656,12,17883,62,20539,74,0,60,7,524,14,1976,0,91,64
12-26-20,Grainger,1722,12,1409,9,313,3,1581,10,10975,20,12556,30,0,23,0,261,12,1438,0,53,31
12-26-20,Greene,5305,37,4454,24,851,13,5009,28,33676,200,38685,228,0,88,-4,886,41,4331,0,153,100
12-26-20,Grundy,1175,7,1042,3,133,4,1209,4,5955,46,7164,50,0,15,-2,135,9,1025,0,47,18
12-26-20,Hamblen,5597,58,4655,25,942,33,5228,36,37592,73,42820,109,1,78,31,801,26,4718,2,192,100
12-26-20,Hamilton,26848,204,24332,187,2516,17,27417,216,239083,588,266500,804,0,253,-115,2567,319,24028,7,806,292
12-26-20,Hancock,321,1,258,1,63,0,280,1,3083,3,3363,4,0,4,-1,50,2,267,0,14,7
12-26-20,Hardeman,2781,15,2415,5,366,10,2849,4,20732,44,23581,48,0,41,11,204,4,2536,0,90,44
12-26-20,Hardin,2558,28,1890,14,668,14,2275,11,18978,38,21253,49,0,34,13,297,15,2227,1,48,39
12-26-20,Hawkins,3479,50,3083,42,396,8,3345,45,23569,157,26914,202,0,52,27,575,23,2852,0,113,59
12-26-20,Haywood,2157,8,1872,4,285,4,2126,4,11179,15,13305,19,0,35,1,180,7,1942,0,62,38
12-26-20,Henderson,2851,29,2112,9,739,20,2711,8,13930,22,16641,30,0,41,17,368,12,2442,2,63,46
12-26-20,Henry,2262,16,1900,11,362,5,2194,11,15183,24,17377,35,0,34,9,196,7,2032,0,64,44
12-26-20,Hickman,1932,19,1716,9,216,10,2007,10,12700,35,14707,45,0,26,3,278,16,1628,1,42,27
12-26-20,Houston,792,9,631,6,161,3,720,8,6836,253,7556,261,0,21,3,55,6,716,0,38,24
12-26-20,Humphreys,1139,3,834,1,305,2,979,2,9315,16,10294,18,0,12,-15,114,18,1013,0,24,14
12-26-20,Jackson,999,5,802,5,197,0,945,5,4412,10,5357,15,0,18,-1,97,6,884,0,30,21
12-26-20,Jefferson,3743,48,2921,26,822,22,3324,30,28762,103,32086,133,0,56,18,595,30,3092,2,131,63
12-26-20,Johnson,1745,2,1642,2,103,0,1753,2,11305,25,13058,27,0,28,0,110,2,1607,0,48,27
12-26-20,Knox,31549,359,28806,289,2743,70,31543,310,240357,1036,271900,1346,0,265,61,4310,298,26974,9,896,310
12-26-20,Lake,1378,5,1241,3,137,2,1476,4,8495,39,9971,43,0,12,3,51,2,1315,1,16,14
12-26-20,Lauderdale,2530,11,2050,8,480,3,2356,9,17209,35,19565,44,0,28,6,168,5,2334,0,74,26
12-26-20,Lawrence,4237,22,3514,6,723,16,3877,8,22427,47,26304,55,0,55,-6,557,28,3625,0,115,62
12-26-20,Lewis,1130,13,995,4,135,9,1073,4,8469,18,9542,22,0,19,9,100,4,1011,0,33,20
12-26-20,Lincoln,3136,26,2547,11,589,15,2893,12,13820,39,16713,51,0,31,-4,485,30,2620,0,61,34
12-26-20,Loudon,3934,41,3458,25,476,16,3769,23,24773,44,28542,67,0,30,16,706,25,3198,1,90,41
12-26-20,Macon,2572,8,2210,7,362,1,2622,8,12440,29,15062,37,0,41,-6,263,14,2268,0,104,46
12-26-20,Madison,7763,64,4524,38,3239,26,5683,35,44007,123,49690,158,0,150,-5,357,69,7256,0,288,168
12-26-20,Marion,1944,20,1775,14,169,6,2025,15,13238,84,15263,99,0,25,12,241,8,1678,1,86,27
12-26-20,Marshall,2738,27,2517,8,221,19,2844,7,18650,36,21494,43,0,28,20,421,7,2289,0,58,28
12-26-20,Maury,8924,79,8498,51,426,28,9416,50,56509,218,65925,268,0,100,11,1055,68,7769,1,215,108
12-26-20,McMinn,4274,27,3990,22,284,5,4407,21,31443,70,35850,91,0,61,6,586,21,3627,0,114,67
12-26-20,McNairy,1945,25,1457,8,488,17,1849,7,13225,19,15074,26,0,37,12,224,13,1684,0,53,40
12-26-20,Meigs,902,4,857,4,45,0,961,5,5854,26,6815,31,0,14,-5,147,9,741,0,31,16
12-26-20,Monroe,3724,41,3290,21,434,20,3675,21,20809,27,24484,48,0,52,1,649,40,3023,0,119,64
12-26-20,Montgomery,11095,102,9268,86,1827,16,10244,79,82033,582,92277,661,0,116,-7,1288,109,9691,0,221,135
12-26-20,Moore,701,10,569,0,132,10,650,0,3913,8,4563,8,0,6,7,109,3,586,0,10,9
12-26-20,Morgan,1538,11,1262,6,276,5,1362,8,12595,36,13957,44,0,11,-1,267,12,1260,1,21,16
12-26-20,Obion,3582,16,2735,4,847,12,3112,7,17465,67,20577,74,0,67,0,308,16,3207,0,86,74
12-26-20,Out of State,11541,141,9536,93,2005,48,10642,101,482778,970,493420,1071,0,61,15,1677,126,9803,1,154,53
12-26-20,Overton,2164,13,1794,7,370,6,2117,6,12013,37,14130,43,0,41,5,280,8,1843,0,53,46
12-26-20,Pending,9265,198,6998,80,2267,118,7771,82,306468,997,314239,1079,1,72,86,1882,111,7311,0,94,75
12-26-20,Perry,838,7,756,4,82,3,842,4,5273,5,6115,9,0,23,-3,110,10,705,0,26,24
12-26-20,Pickett,548,0,365,0,183,0,446,0,2659,35,3105,35,0,17,-2,65,2,466,0,26,19
12-26-20,Polk,1099,2,1031,2,68,0,1157,3,6814,25,7971,28,0,16,-5,157,7,926,0,43,16
12-26-20,Putnam,8237,65,7106,44,1131,21,8584,53,55871,139,64455,192,0,114,41,923,24,7200,1,174,132
12-26-20,Rhea,2975,28,2739,25,236,3,3091,26,20137,97,23228,123,1,46,7,473,20,2456,0,68,50
12-26-20,Roane,4070,62,3567,34,503,28,3963,33,33729,123,37692,156,0,48,42,608,20,3414,2,101,57
12-26-20,Robertson,6383,53,5662,35,721,18,6421,37,33307,123,39728,160,0,71,-8,877,61,5435,5,311,78
12-26-20,Rutherford,27627,184,25583,144,2044,40,30047,167,171980,588,202027,755,0,232,-5,3061,189,24334,2,455,254
12-26-20,Scott,2121,12,1356,2,765,10,1440,2,9209,15,10649,17,0,20,-1,346,13,1755,0,48,25
12-26-20,Sequatchie,1062,10,935,8,127,2,1011,8,9742,37,10753,45,0,10,0,194,10,858,1,26,15
12-26-20,Sevier,8549,149,7952,131,597,18,8701,137,49780,509,58481,646,0,63,87,1367,62,7119,3,205,83
12-26-20,Shelby,65054,599,62282,520,2772,79,76741,627,673704,3475,750445,4102,2,839,220,5928,377,58287,19,2872,1035
12-26-20,Smith,2026,3,1703,2,323,1,2132,5,10408,90,12540,95,0,23,-4,226,7,1777,0,50,23
12-26-20,Stewart,856,12,710,11,146,1,804,10,5356,17,6160,27,0,19,6,94,6,743,0,20,20
12-26-20,Sullivan,10442,137,9355,122,1087,15,10133,133,63912,446,74045,579,0,167,25,1180,112,9095,3,565,186
12-26-20,Sumner,15402,117,14712,100,690,17,16691,99,90855,327,107546,426,1,196,6,1719,110,13487,1,612,219
12-26-20,Tipton,5246,53,4018,23,1228,30,4865,25,36543,89,41408,114,0,51,24,594,29,4601,0,121,61
12-26-20,Trousdale,2146,5,2082,4,64,1,2221,3,7443,14,9664,17,0,12,1,91,4,2043,0,33,14
12-26-20,Unicoi,1371,16,1151,7,220,9,1273,7,10681,30,11954,37,0,38,12,190,4,1143,0,55,40
12-26-20,Union,1227,11,1089,7,138,4,1183,7,8347,33,9530,40,0,12,6,150,5,1065,0,39,17
12-26-20,Van Buren,580,1,515,1,65,0,578,1,4240,4,4818,5,0,6,-4,64,5,510,0,12,7
12-26-20,Warren,4217,25,3757,20,460,5,4242,22,25767,49,30009,71,0,33,2,735,23,3449,0,71,45
12-26-20,Washington,9662,120,8667,104,995,16,9576,114,61565,494,71141,608,0,153,81,1249,39,8260,1,276,172
12-26-20,Wayne,2379,14,2086,7,293,7,2285,8,9370,36,11655,44,0,16,7,154,7,2209,1,42,18
12-26-20,Weakley,3032,33,2432,13,600,20,2781,16,17599,30,20380,46,0,41,14,310,19,2681,0,53,45
12-26-20,White,2643,16,2273,13,370,3,2822,15,18563,36,21385,51,0,37,11,285,5,2321,0,88,40
12-26-20,Williamson,17116,160,15804,131,1312,29,17754,142,135355,598,153109,740,0,118,34,2104,126,14894,2,233,133
12-26-20,Wilson,11969,80,11290,66,679,14,12933,67,75142,284,88075,351,0,118,-8,1480,88,10371,1,250,130
12-25-20,Anderson,5432,94,4668,78,764,16,5211,92,48881,408,54092,500,0,55,-19,935,113,4442,1,138,72
12-25-20,Bedford,4384,19,3785,15,599,4,4387,16,24233,65,28620,81,0,57,-40,478,59,3849,1,97,63
12-25-20,Benton,1166,14,1034,12,132,2,1148,12,7470,56,8618,68,0,28,6,107,8,1031,0,30,32
12-25-20,Bledsoe,1543,22,1489,19,54,3,1580,19,12263,77,13843,96,0,9,11,115,11,1419,0,28,9
12-25-20,Blount,10009,173,9140,162,869,11,10123,173,55770,444,65893,617,0,93,40,1683,133,8233,1,245,109
12-25-20,Bradley,8643,69,7739,58,904,11,8865,65,47295,278,56160,343,0,64,-59,1156,128,7423,0,380,80
12-25-20,Campbell,2578,39,1797,38,781,1,2015,39,21520,161,23535,200,0,34,-3,418,42,2126,0,92,39
12-25-20,Cannon,1320,19,1168,12,152,7,1311,15,7280,40,8591,55,0,10,-11,175,30,1135,0,22,15
12-25-20,Carroll,2595,17,1904,11,691,6,2264,14,16693,45,18957,59,0,47,2,303,15,2245,0,65,56
12-25-20,Carter,4377,47,3933,41,444,6,4309,44,28613,163,32922,207,0,79,-5,576,52,3722,0,190,91
12-25-20,Cheatham,2718,32,2353,20,365,12,2686,23,20188,124,22874,147,0,22,-9,414,41,2282,1,63,24
12-25-20,Chester,1443,18,1101,17,342,1,1338,17,8813,47,10151,64,0,28,5,156,13,1259,0,31,33
12-25-20,Claiborne,1538,27,1181,23,357,4,1273,24,17594,111,18867,135,0,18,4,218,23,1302,0,49,21
12-25-20,Clay,852,15,622,15,230,0,705,15,4624,40,5329,55,0,23,0,131,15,698,0,19,26
12-25-20,Cocke,2665,27,2130,16,535,11,2355,19,16018,121,18373,140,0,39,-16,423,43,2203,0,82,55
12-25-20,Coffee,4697,34,3647,19,1050,15,4480,21,35612,120,40092,141,0,64,-36,635,70,3998,0,85,75
12-25-20,Crockett,1583,16,1037,13,546,3,1215,13,6020,47,7235,60,0,30,-4,178,20,1375,0,29,33
12-25-20,Cumberland,4238,70,3839,50,399,20,4431,55,39486,209,43917,264,0,48,5,748,65,3442,1,114,61
12-25-20,Davidson,59516,556,57763,512,1753,44,70488,629,680048,3019,750536,3648,1,538,-45,5955,600,53023,2,1663,583
12-25-20,Decatur,1294,11,1017,9,277,2,1226,10,9823,55,11049,65,0,17,-4,183,15,1094,0,31,18
12-25-20,Dekalb,1988,47,1580,37,408,10,1846,39,13959,112,15805,151,0,30,16,256,31,1702,0,45,33
12-25-20,Dickson,4440,48,3498,45,942,3,4196,49,27027,120,31223,169,0,57,-19,491,67,3892,0,92,66
12-25-20,Dyer,4119,23,2999,13,1120,10,3391,14,18351,62,21742,76,0,67,-13,333,36,3719,0,93,71
12-25-20,Fayette,3251,70,3017,55,234,15,3738,66,28090,175,31828,241,0,45,38,415,32,2791,0,104,46
12-25-20,Fentress,1844,15,1641,11,203,4,1886,12,9043,61,10929,73,0,27,-8,278,23,1539,0,50,32
12-25-20,Franklin,3384,70,3064,66,320,4,3602,70,26250,214,29852,284,0,46,17,452,53,2886,0,83,52
12-25-20,Gibson,4775,68,3121,47,1654,21,3829,51,24107,214,27936,265,0,87,-7,583,75,4105,0,90,99
12-25-20,Giles,2539,42,2308,34,231,8,2644,35,17821,80,20465,115,0,60,-1,517,43,1962,0,91,64
12-25-20,Grainger,1710,40,1400,37,310,3,1571,42,10955,118,12526,160,0,23,4,261,36,1426,0,53,30
12-25-20,Greene,5268,86,4430,73,838,13,4981,80,33476,384,38457,464,0,88,7,890,79,4290,0,153,100
12-25-20,Grundy,1168,18,1039,15,129,3,1205,17,5909,42,7114,59,0,15,-2,137,20,1016,0,47,16
12-25-20,Hamblen,5539,97,4630,80,909,17,5192,86,37519,347,42711,433,0,77,8,770,89,4692,2,190,97
12-25-20,Hamilton,26644,345,24145,293,2499,52,27201,316,238495,1503,265696,1819,1,253,-60,2682,404,23709,3,799,287
12-25-20,Hancock,320,14,257,13,63,1,279,14,3080,18,3359,32,0,4,10,51,4,265,0,14,7
12-25-20,Hardeman,2766,30,2410,21,356,9,2845,24,20688,148,23533,172,0,41,1,193,29,2532,0,90,44
12-25-20,Hardin,2530,19,1876,14,654,5,2264,15,18940,125,21204,140,0,34,-13,284,32,2212,0,47,39
12-25-20,Hawkins,3429,76,3041,70,388,6,3300,75,23412,339,26712,414,0,52,21,548,55,2829,0,113,59
12-25-20,Haywood,2149,15,1868,12,281,3,2122,15,11164,72,13286,87,0,35,-13,179,28,1935,0,62,38
12-25-20,Henderson,2822,19,2103,8,719,11,2703,7,13908,38,16611,45,0,41,-16,351,35,2430,0,61,46
12-25-20,Henry,2246,34,1889,25,357,9,2183,27,15159,71,17342,98,0,34,18,187,16,2025,1,64,44
12-25-20,Hickman,1913,22,1707,19,206,3,1997,21,12665,39,14662,60,0,26,-11,275,33,1612,0,41,27
12-25-20,Houston,783,5,625,3,158,2,712,4,6583,9,7295,13,0,21,-4,52,9,710,0,38,24
12-25-20,Humphreys,1136,12,833,11,303,1,977,10,9299,22,10276,32,0,12,-6,129,18,995,1,24,13
12-25-20,Jackson,994,14,797,14,197,0,940,15,4402,46,5342,61,0,18,6,98,8,878,0,30,21
12-25-20,Jefferson,3695,60,2895,36,800,24,3294,39,28659,224,31953,263,0,56,20,577,40,3062,0,129,63
12-25-20,Johnson,1743,21,1640,21,103,0,1751,23,11280,94,13031,117,0,28,10,110,11,1605,0,48,27
12-25-20,Knox,31190,353,28517,287,2673,66,31233,307,239321,1074,270554,1381,1,265,-94,4249,446,26676,5,887,305
12-25-20,Lake,1373,4,1238,2,135,2,1472,2,8456,27,9928,29,0,12,-3,48,7,1313,0,15,14
12-25-20,Lauderdale,2519,20,2042,19,477,1,2347,19,17174,85,19521,104,0,28,8,162,12,2329,0,74,26
12-25-20,Lawrence,4215,27,3508,17,707,10,3869,15,22380,67,26249,82,0,55,-30,563,57,3597,0,115,61
12-25-20,Lewis,1117,1,991,0,126,1,1069,0,8451,9,9520,9,0,19,-16,91,17,1007,0,33,20
12-25-20,Lincoln,3110,43,2536,24,574,19,2881,23,13781,25,16662,48,0,31,-43,489,86,2590,0,61,34
12-25-20,Loudon,3893,72,3433,57,460,15,3746,64,24729,154,28475,218,0,30,18,690,54,3173,0,89,41
12-25-20,Macon,2564,32,2203,29,361,3,2614,29,12411,102,15025,131,0,41,-11,269,43,2254,0,104,45
12-25-20,Madison,7699,71,4486,35,3213,36,5648,39,43884,238,49532,277,0,150,-30,362,101,7187,0,288,166
12-25-20,Marion,1924,29,1761,20,163,9,2010,21,13154,92,15164,113,0,25,-4,229,33,1670,2,85,27
12-25-20,Marshall,2711,21,2509,8,202,13,2837,8,18614,97,21451,105,0,28,-9,401,30,2282,0,58,28
12-25-20,Maury,8845,56,8447,51,398,5,9366,56,56291,187,65657,243,0,100,-51,1044,107,7701,0,214,108
12-25-20,McMinn,4247,56,3968,50,279,6,4386,48,31373,209,35759,257,0,61,-9,580,65,3606,0,114,67
12-25-20,McNairy,1920,16,1449,8,471,8,1842,8,13206,41,15048,49,0,37,-17,212,33,1671,0,53,39
12-25-20,Meigs,898,23,853,23,45,0,956,25,5828,38,6784,63,0,14,10,152,13,732,0,31,16
12-25-20,Monroe,3683,52,3269,40,414,12,3654,45,20782,120,24436,165,0,52,-6,648,58,2983,1,119,63
12-25-20,Montgomery,10993,118,9182,78,1811,40,10165,82,81451,403,91616,485,0,116,-61,1295,179,9582,3,221,132
12-25-20,Moore,691,7,569,6,122,1,650,6,3905,10,4555,16,0,6,-6,102,13,583,0,10,9
12-25-20,Morgan,1527,24,1256,22,271,2,1354,26,12559,48,13913,74,0,11,-45,268,69,1248,0,20,16
12-25-20,Obion,3566,33,2731,20,835,13,3105,21,17398,104,20503,125,0,67,-13,308,46,3191,1,86,72
12-25-20,Out of State,11400,212,9443,134,1957,78,10541,148,481808,2065,492349,2213,-3,61,93,1662,122,9677,2,153,52
12-25-20,Overton,2151,52,1787,39,364,13,2111,48,11976,119,14087,167,0,41,29,275,23,1835,0,53,46
12-25-20,Pending,9067,195,6918,123,2149,72,7689,135,305471,1365,313160,1500,0,71,34,1796,161,7200,0,94,72
12-25-20,Perry,831,9,752,6,79,3,838,8,5268,11,6106,19,0,23,-17,113,26,695,0,26,24
12-25-20,Pickett,548,5,365,4,183,1,446,4,2624,39,3070,43,0,17,-6,67,11,464,0,26,18
12-25-20,Polk,1097,21,1029,21,68,0,1154,20,6789,67,7943,87,1,16,4,162,16,919,0,43,16
12-25-20,Putnam,8172,155,7062,138,1110,17,8531,155,55732,692,64263,847,0,114,45,882,110,7176,1,173,132
12-25-20,Rhea,2947,42,2714,31,233,11,3065,35,20040,117,23105,152,0,45,-22,466,64,2436,1,68,50
12-25-20,Roane,4008,66,3533,46,475,20,3930,51,33606,218,37536,269,0,48,21,566,45,3394,1,99,54
12-25-20,Robertson,6330,70,5627,36,703,34,6384,39,33184,181,39568,220,0,71,-9,885,79,5374,4,306,78
12-25-20,Rutherford,27443,274,25439,219,2004,55,29880,235,171392,892,201272,1127,4,232,-67,3066,337,24145,2,453,249
12-25-20,Scott,2109,17,1354,9,755,8,1438,10,9194,45,10632,55,0,20,-32,347,49,1742,1,48,23
12-25-20,Sequatchie,1052,25,927,22,125,3,1003,27,9705,80,10708,107,0,10,-11,194,36,848,0,25,14
12-25-20,Sevier,8400,112,7821,97,579,15,8564,102,49271,301,57835,403,0,63,-20,1280,132,7057,0,202,79
12-25-20,Shelby,64455,701,61762,643,2693,58,76114,753,670229,4350,746343,5103,0,837,119,5708,582,57910,10,2853,1029
12-25-20,Smith,2023,8,1701,8,322,0,2127,11,10318,73,12445,84,0,23,-17,230,25,1770,0,50,23
12-25-20,Stewart,844,13,699,10,145,3,794,10,5339,15,6133,25,0,19,8,88,5,737,0,20,20
12-25-20,Sullivan,10305,85,9233,75,1072,10,10000,84,63466,508,73466,592,0,167,-38,1155,123,8983,1,562,184
12-25-20,Sumner,15285,136,14612,126,673,10,16592,137,90528,521,107120,658,0,195,-44,1713,180,13377,2,611,217
12-25-20,Tipton,5193,61,3995,44,1198,17,4840,49,36454,229,41294,278,0,51,-1,570,62,4572,0,121,59
12-25-20,Trousdale,2141,10,2078,10,63,0,2218,10,7429,16,9647,26,0,12,-7,90,17,2039,0,33,13
12-25-20,Unicoi,1355,20,1144,17,211,3,1266,19,10651,55,11917,74,0,38,2,178,18,1139,0,55,40
12-25-20,Union,1216,17,1082,15,134,2,1176,16,8314,43,9490,59,0,12,-2,144,19,1060,1,39,17
12-25-20,Van Buren,579,7,514,6,65,1,577,8,4236,6,4813,14,0,6,-5,68,12,505,0,12,6
12-25-20,Warren,4192,115,3737,107,455,8,4220,116,25718,243,29938,359,0,33,21,733,94,3426,0,71,45
12-25-20,Washington,9542,70,8563,62,979,8,9462,69,61071,404,70533,473,0,153,-57,1168,127,8221,0,275,168
12-25-20,Wayne,2365,8,2079,3,286,5,2277,3,9334,30,11611,33,0,16,-14,147,22,2202,0,41,17
12-25-20,Weakley,2999,35,2419,19,580,16,2765,23,17569,92,20334,115,0,41,-15,296,50,2662,0,53,43
12-25-20,White,2627,52,2260,48,367,4,2807,54,18527,143,21334,197,0,37,17,274,35,2316,1,88,40
12-25-20,Williamson,16956,220,15673,191,1283,29,17612,199,134757,709,152369,908,0,118,-1,2070,221,14768,1,231,132
12-25-20,Wilson,11889,130,11224,120,665,10,12866,128,74858,318,87724,446,0,118,-27,1488,157,10283,0,249,130
12-24-20,Anderson,5338,59,4590,25,748,34,5119,27,48473,152,53592,179,1,55,-46,954,104,4329,1,137,71
12-24-20,Bedford,4365,96,3770,80,595,16,4371,93,24168,274,28539,367,0,57,27,518,69,3790,0,96,62
12-24-20,Benton,1152,11,1022,5,130,6,1136,4,7414,20,8550,24,0,28,0,101,11,1023,0,30,32
12-24-20,Bledsoe,1521,11,1470,8,51,3,1561,11,12186,36,13747,47,0,9,1,104,10,1408,0,28,9
12-24-20,Blount,9836,150,8978,127,858,23,9950,134,55326,256,65276,390,0,93,12,1643,138,8100,0,244,108
12-24-20,Bradley,8574,96,7681,86,893,10,8800,90,47017,415,55817,505,1,64,-46,1215,141,7295,2,380,79
12-24-20,Campbell,2539,50,1759,16,780,34,1976,18,21359,55,23335,73,0,34,8,421,42,2084,2,92,38
12-24-20,Cannon,1301,9,1156,8,145,1,1296,9,7240,43,8536,52,0,10,-12,186,21,1105,0,22,15
12-24-20,Carroll,2578,40,1893,20,685,20,2250,24,16648,69,18898,93,0,47,7,301,33,2230,0,65,55
12-24-20,Carter,4330,21,3892,12,438,9,4265,12,28450,58,32715,70,0,79,-29,581,50,3670,0,190,91
12-24-20,Cheatham,2686,72,2333,43,353,29,2663,48,20064,131,22727,179,1,22,37,423,34,2241,1,62,24
12-24-20,Chester,1425,17,1084,6,341,11,1321,7,8766,85,10087,92,0,28,1,151,16,1246,1,31,32
12-24-20,Claiborne,1511,18,1158,12,353,6,1249,14,17483,122,18732,136,1,18,-1,214,18,1279,0,49,21
12-24-20,Clay,837,2,607,2,230,0,690,2,4584,8,5274,10,0,23,-10,131,12,683,0,19,25
12-24-20,Cocke,2638,39,2114,19,524,20,2336,20,15897,84,18233,104,0,39,-19,439,58,2160,0,82,54
12-24-20,Coffee,4663,60,3628,35,1035,25,4459,43,35492,190,39951,233,3,64,-24,671,81,3928,0,85,74
12-24-20,Crockett,1567,8,1024,1,543,7,1202,1,5973,16,7175,17,0,30,-13,182,21,1355,0,29,33
12-24-20,Cumberland,4168,108,3789,78,379,30,4376,85,39277,239,43653,324,0,48,33,743,75,3377,0,113,59
12-24-20,Davidson,58960,662,57251,607,1709,55,69859,748,677029,4729,746888,5477,8,537,65,6000,589,52423,4,1661,580
12-24-20,Decatur,1283,12,1008,10,275,2,1216,10,9768,18,10984,28,0,17,-3,187,15,1079,0,31,18
12-24-20,Dekalb,1941,21,1543,5,398,16,1807,6,13847,30,15654,36,0,30,-8,240,29,1671,0,45,33
12-24-20,Dickson,4392,54,3453,30,939,24,4147,32,26907,179,31054,211,0,57,0,510,54,3825,0,92,66
12-24-20,Dyer,4096,26,2986,12,1110,14,3377,13,18289,59,21666,72,1,67,-14,346,39,3683,0,93,70
12-24-20,Fayette,3181,28,2962,16,219,12,3672,22,27915,103,31587,125,0,45,-3,377,31,2759,0,104,46
12-24-20,Fentress,1829,54,1630,51,199,3,1874,55,8982,90,10856,145,0,27,29,286,25,1516,0,50,32
12-24-20,Franklin,3314,24,2998,16,316,8,3532,21,26036,101,29568,122,1,46,-23,435,46,2833,0,83,52
12-24-20,Gibson,4707,42,3074,13,1633,29,3778,15,23893,61,27671,76,0,87,-16,590,58,4030,1,90,98
12-24-20,Giles,2497,58,2274,51,223,7,2609,66,17741,187,20350,253,1,60,20,518,37,1919,0,91,62
12-24-20,Grainger,1670,20,1363,11,307,9,1529,10,10837,35,12366,45,0,23,-11,257,31,1390,0,53,29
12-24-20,Greene,5182,40,4357,8,825,32,4901,19,33092,115,37993,134,0,88,-57,883,97,4211,0,153,100
12-24-20,Grundy,1150,21,1024,14,126,7,1188,14,5867,32,7055,46,0,15,11,139,10,996,0,47,16
12-24-20,Hamblen,5442,68,4550,42,892,26,5106,36,37172,65,42278,101,2,77,-12,762,78,4603,2,188,95
12-24-20,Hamilton,26299,350,23852,290,2447,60,26885,331,236992,1607,263877,1938,1,252,-9,2742,358,23305,7,796,286
12-24-20,Hancock,306,4,244,1,62,3,265,1,3062,3,3327,4,0,4,-5,41,9,261,0,14,7
12-24-20,Hardeman,2736,16,2389,11,347,5,2821,13,20540,43,23361,56,0,41,-6,192,22,2503,1,90,44
12-24-20,Hardin,2511,29,1862,15,649,14,2249,15,18815,49,21064,64,0,34,-3,297,32,2180,0,47,39
12-24-20,Hawkins,3353,25,2971,8,382,17,3225,8,23073,113,26298,121,0,52,-33,527,58,2774,0,113,57
12-24-20,Haywood,2134,10,1856,9,278,1,2107,11,11092,37,13199,48,0,35,-9,192,19,1907,0,62,38
12-24-20,Henderson,2803,56,2095,40,708,16,2696,44,13870,96,16566,140,0,41,14,367,42,2395,1,61,46
12-24-20,Henry,2212,17,1864,11,348,6,2156,15,15088,30,17244,45,0,34,-16,169,33,2009,0,63,43
12-24-20,Hickman,1891,49,1688,32,203,17,1976,39,12626,81,14602,120,1,26,21,286,27,1579,2,41,27
12-24-20,Houston,778,5,622,3,156,2,708,4,6574,34,7282,38,0,21,-9,56,14,701,0,38,23
12-24-20,Humphreys,1124,17,822,12,302,5,967,12,9277,39,10244,51,1,12,-6,135,22,977,0,23,13
12-24-20,Jackson,980,11,783,8,197,3,925,8,4356,13,5281,21,0,18,-2,92,13,870,0,30,20
12-24-20,Jefferson,3635,52,2859,22,776,30,3255,26,28435,86,31690,112,0,56,-4,557,56,3022,0,129,62
12-24-20,Johnson,1722,0,1619,0,103,0,1728,0,11186,4,12914,4,0,28,-6,100,6,1594,0,48,27
12-24-20,Knox,30837,350,28230,276,2607,74,30926,309,238247,1269,269173,1578,5,264,-112,4343,457,26230,8,882,298
12-24-20,Lake,1369,7,1236,6,133,1,1470,7,8429,16,9899,23,0,12,-6,51,13,1306,0,15,13
12-24-20,Lauderdale,2499,13,2023,6,476,7,2328,6,17089,30,19417,36,0,28,-4,154,17,2317,0,74,26
12-24-20,Lawrence,4188,65,3491,49,697,16,3854,55,22313,228,26167,283,1,55,27,593,37,3540,0,115,60
12-24-20,Lewis,1116,15,991,8,125,7,1069,8,8442,58,9511,66,0,19,-10,107,25,990,0,33,20
12-24-20,Lincoln,3067,61,2512,44,555,17,2858,45,13756,126,16614,171,0,31,2,532,59,2504,0,61,34
12-24-20,Loudon,3821,61,3376,29,445,32,3682,30,24575,77,28257,107,0,30,3,672,58,3119,1,89,40
12-24-20,Macon,2532,12,2174,10,358,2,2585,9,12309,29,14894,38,0,41,-17,280,29,2211,0,104,45
12-24-20,Madison,7628,79,4451,23,3177,56,5609,24,43646,136,49255,160,1,150,-16,392,94,7086,0,288,164
12-24-20,Marion,1895,33,1741,25,154,8,1989,27,13062,70,15051,97,0,25,11,233,22,1637,0,83,27
12-24-20,Marshall,2690,55,2501,47,189,8,2829,55,18517,226,21346,281,0,28,28,410,27,2252,0,58,28
12-24-20,Maury,8789,159,8396,151,393,8,9310,166,56104,596,65414,762,2,100,88,1095,69,7594,1,214,108
12-24-20,McMinn,4191,60,3918,52,273,8,4338,54,31164,140,35502,194,0,61,-16,589,76,3541,0,114,67
12-24-20,McNairy,1904,33,1441,23,463,10,1834,25,13165,110,14999,135,0,37,10,229,23,1638,0,53,39
12-24-20,Meigs,875,12,830,12,45,0,931,12,5790,17,6721,29,0,14,-4,142,16,719,0,31,16
12-24-20,Monroe,3631,66,3229,42,402,24,3609,47,20662,154,24271,201,0,52,17,654,49,2925,1,118,62
12-24-20,Montgomery,10875,202,9104,180,1771,22,10083,192,81048,562,91131,754,1,116,29,1356,172,9403,0,218,131
12-24-20,Moore,684,15,563,14,121,1,644,14,3895,35,4539,49,1,6,5,108,9,570,0,10,9
12-24-20,Morgan,1503,32,1234,20,269,12,1328,19,12511,52,13839,71,0,11,4,313,28,1179,0,20,16
12-24-20,Obion,3533,13,2711,5,822,8,3084,8,17294,57,20378,65,0,67,-22,321,35,3145,0,85,72
12-24-20,Out of State,11188,125,9309,98,1879,27,10393,119,479743,1701,490136,1820,0,64,-108,1569,233,9555,0,151,51
12-24-20,Overton,2099,21,1748,20,351,1,2063,22,11857,27,13920,49,1,41,-15,246,35,1812,0,53,46
12-24-20,Pending,8872,229,6795,129,2077,100,7554,149,304106,1431,311660,1580,4,71,55,1762,170,7039,0,94,70
12-24-20,Perry,822,18,746,14,76,4,830,16,5257,33,6087,49,0,23,4,130,14,669,0,26,24
12-24-20,Pickett,543,10,361,5,182,5,442,6,2585,1,3027,7,0,17,0,73,10,453,0,26,18
12-24-20,Polk,1076,6,1008,5,68,1,1134,5,6722,50,7856,55,0,15,-15,158,21,903,0,43,16
12-24-20,Putnam,8017,65,6924,51,1093,14,8376,60,55040,317,63416,377,1,114,-27,837,91,7066,0,172,131
12-24-20,Rhea,2905,50,2683,42,222,8,3030,48,19923,178,22953,226,0,45,8,488,42,2372,0,67,49
12-24-20,Roane,3942,41,3487,17,455,24,3879,18,33388,104,37267,122,0,48,-41,545,82,3349,0,98,52
12-24-20,Robertson,6260,132,5591,92,669,40,6345,99,33003,263,39348,362,0,71,35,894,97,5295,3,302,78
12-24-20,Rutherford,27169,411,25220,362,1949,49,29645,398,170500,1313,200145,1711,1,228,13,3133,397,23808,0,451,246
12-24-20,Scott,2092,31,1345,15,747,16,1428,18,9149,76,10577,94,0,20,-21,379,52,1693,0,47,23
12-24-20,Sequatchie,1027,10,905,8,122,2,976,7,9625,39,10601,46,0,10,-20,205,30,812,0,25,14
12-24-20,Sevier,8288,101,7724,82,564,19,8462,84,48970,217,57432,301,3,63,-42,1300,140,6925,1,202,76
12-24-20,Shelby,63754,303,61119,264,2635,39,75361,342,665879,2865,741240,3207,2,837,-307,5589,608,57328,3,2843,1018
12-24-20,Smith,2015,29,1693,25,322,4,2116,32,10245,97,12361,129,0,23,3,247,26,1745,0,50,23
12-24-20,Stewart,831,15,689,12,142,3,784,12,5324,34,6108,46,0,19,10,80,5,732,0,20,20
12-24-20,Sullivan,10220,43,9158,24,1062,19,9916,25,62958,142,72874,167,1,167,-81,1193,123,8860,0,561,183
12-24-20,Sumner,15149,218,14486,191,663,27,16455,215,90007,624,106462,839,2,195,58,1757,158,13197,0,609,215
12-24-20,Tipton,5132,69,3951,22,1181,47,4791,21,36225,118,41016,139,0,51,12,571,57,4510,0,121,58
12-24-20,Trousdale,2131,11,2068,11,63,0,2208,13,7413,34,9621,47,0,12,-1,97,12,2022,0,33,13
12-24-20,Unicoi,1335,9,1127,2,208,7,1247,2,10596,21,11843,23,0,38,-4,176,13,1121,0,55,39
12-24-20,Union,1199,7,1067,5,132,2,1160,4,8271,35,9431,39,0,12,-25,146,32,1041,0,38,16
12-24-20,Van Buren,572,16,508,14,64,2,569,15,4230,18,4799,33,0,6,13,73,3,493,0,12,6
12-24-20,Warren,4077,43,3630,38,447,5,4104,42,25475,101,29579,143,1,33,-29,712,71,3332,0,71,44
12-24-20,Washington,9472,75,8501,39,971,36,9393,39,60667,233,70060,272,0,153,-54,1225,129,8094,0,275,165
12-24-20,Wayne,2357,20,2076,10,281,10,2274,12,9304,31,11578,43,0,16,9,161,11,2180,0,41,17
12-24-20,Weakley,2964,23,2400,10,564,13,2742,11,17477,26,20219,37,0,41,-11,311,34,2612,1,53,43
12-24-20,White,2575,17,2212,13,363,4,2753,14,18384,71,21137,85,0,37,-14,257,31,2281,0,87,39
12-24-20,Williamson,16736,314,15482,279,1254,35,17413,321,134048,1595,151461,1916,1,118,150,2071,163,14547,2,230,131
12-24-20,Wilson,11759,203,11104,178,655,25,12738,210,74540,647,87278,857,0,118,26,1515,177,10126,0,249,128
12-23-20,Anderson,5279,75,4565,42,714,33,5092,44,48321,316,53413,360,2,54,-6,1000,79,4225,2,136,66
12-23-20,Bedford,4269,46,3690,21,579,25,4278,24,23894,54,28172,78,2,57,-23,491,67,3721,0,96,61
12-23-20,Benton,1141,7,1017,2,124,5,1132,2,7394,15,8526,17,2,28,-5,101,10,1012,0,30,32
12-23-20,Bledsoe,1510,3,1462,0,48,3,1550,2,12150,33,13700,35,2,9,-20,103,21,1398,0,28,9
12-23-20,Blount,9686,72,8851,51,835,21,9816,58,55070,216,64886,274,3,93,-108,1631,177,7962,0,244,105
12-23-20,Bradley,8478,92,7595,63,883,29,8710,70,46602,155,55312,225,2,63,-44,1261,134,7154,2,378,79
12-23-20,Campbell,2489,52,1743,14,746,38,1958,13,21304,135,23262,148,2,34,14,413,36,2042,1,90,38
12-23-20,Cannon,1292,9,1148,4,144,5,1287,5,7197,25,8484,30,1,10,-17,198,25,1084,0,22,14
12-23-20,Carroll,2538,26,1873,10,665,16,2226,10,16579,28,18805,38,0,47,-24,294,50,2197,0,65,54
12-23-20,Carter,4309,47,3880,33,429,14,4253,36,28392,62,32645,98,0,79,-25,610,72,3620,0,190,90
12-23-20,Cheatham,2614,43,2290,26,324,17,2615,26,19933,92,22548,118,0,21,0,386,43,2207,1,61,24
12-23-20,Chester,1408,13,1078,6,330,7,1314,6,8681,13,9995,19,0,28,-2,150,15,1230,0,30,32
12-23-20,Claiborne,1493,22,1146,10,347,12,1235,6,17361,128,18596,134,1,17,3,215,18,1261,1,49,21
12-23-20,Clay,835,18,605,6,230,12,688,7,4576,19,5264,26,2,23,2,141,14,671,0,19,25
12-23-20,Cocke,2599,18,2095,6,504,12,2316,7,15813,41,18129,48,0,39,-28,458,46,2102,0,82,49
12-23-20,Coffee,4603,64,3593,26,1010,38,4416,36,35302,132,39718,168,1,61,-3,695,66,3847,1,85,73
12-23-20,Crockett,1559,15,1023,8,536,7,1201,9,5957,31,7158,40,0,30,-3,195,18,1334,1,29,33
12-23-20,Cumberland,4060,40,3711,19,349,21,4291,19,39038,125,43329,144,0,48,-20,710,60,3302,0,113,59
12-23-20,Davidson,58298,590,56644,498,1654,92,69111,630,672300,3034,741411,3664,4,529,-10,5935,596,51834,4,1657,566
12-23-20,Decatur,1271,7,998,4,273,3,1206,5,9750,43,10956,48,0,17,-2,190,9,1064,1,31,18
12-23-20,Dekalb,1920,17,1538,8,382,9,1801,9,13817,18,15618,27,2,30,-11,248,26,1642,1,45,31
12-23-20,Dickson,4338,48,3423,44,915,4,4115,46,26728,151,30843,197,4,57,-25,510,69,3771,0,92,65
12-23-20,Dyer,4070,42,2974,13,1096,29,3364,16,18230,27,21594,43,0,66,11,360,31,3644,0,93,70
12-23-20,Fayette,3153,38,2946,30,207,8,3650,29,27812,122,31462,151,0,45,-2,380,40,2728,0,104,46
12-23-20,Fentress,1775,4,1579,2,196,2,1819,2,8892,18,10711,20,0,27,-21,257,25,1491,0,50,32
12-23-20,Franklin,3290,48,2982,39,308,9,3511,43,25935,105,29446,148,0,45,7,458,41,2787,2,83,51
12-23-20,Gibson,4665,44,3061,25,1604,19,3763,27,23832,92,27595,119,0,87,-11,606,55,3972,1,89,96
12-23-20,Giles,2439,42,2223,26,216,16,2543,26,17554,77,20097,103,1,59,4,498,37,1882,0,91,62
12-23-20,Grainger,1650,7,1352,6,298,1,1519,7,10802,28,12321,35,1,23,-24,268,30,1359,0,53,27
12-23-20,Greene,5142,56,4349,37,793,19,4882,43,32977,69,37859,112,0,88,-36,940,92,4114,0,153,98
12-23-20,Grundy,1129,11,1010,5,119,6,1174,4,5835,18,7009,22,0,15,-9,128,20,986,0,47,16
12-23-20,Hamblen,5374,63,4508,42,866,21,5070,46,37107,108,42177,154,1,75,-31,774,93,4525,0,186,94
12-23-20,Hamilton,25949,397,23562,258,2387,139,26554,273,235385,1206,261939,1479,4,251,22,2751,371,22947,8,789,284
12-23-20,Hancock,302,4,243,3,59,1,264,3,3059,3,3323,6,0,4,4,46,0,252,0,14,6
12-23-20,Hardeman,2720,13,2378,9,342,4,2808,9,20497,33,23305,42,0,41,-6,198,19,2481,0,89,44
12-23-20,Hardin,2482,30,1847,15,635,15,2234,15,18766,127,21000,142,0,34,0,300,30,2148,0,47,38
12-23-20,Hawkins,3328,40,2963,27,365,13,3217,30,22960,97,26177,127,0,52,-17,560,57,2716,0,113,56
12-23-20,Haywood,2124,28,1847,10,277,18,2096,10,11055,55,13151,65,1,35,-2,201,29,1888,2,62,37
12-23-20,Henderson,2747,28,2055,12,692,16,2652,12,13774,34,16426,46,0,41,-28,353,56,2353,0,60,45
12-23-20,Henry,2195,18,1853,4,342,14,2141,6,15058,14,17199,20,1,34,-9,185,26,1976,1,63,41
12-23-20,Hickman,1842,15,1656,12,186,3,1937,11,12545,37,14482,48,0,25,-18,265,33,1552,1,39,27
12-23-20,Houston,773,3,619,0,154,3,704,0,6540,2,7244,2,0,21,-9,65,12,687,0,38,23
12-23-20,Humphreys,1107,10,810,2,297,8,955,2,9238,64,10193,66,0,11,-10,141,20,955,0,23,13
12-23-20,Jackson,969,9,775,4,194,5,917,4,4343,4,5260,8,0,18,-13,94,22,857,1,30,20
12-23-20,Jefferson,3583,46,2837,23,746,23,3229,24,28349,65,31578,89,1,56,-1,561,46,2966,0,129,62
12-23-20,Johnson,1722,5,1619,3,103,2,1728,2,11182,9,12910,11,1,28,-2,106,6,1588,0,48,27
12-23-20,Knox,30487,473,27954,350,2533,123,30617,389,236978,1432,267595,1821,6,259,-15,4455,482,25773,8,874,291
12-23-20,Lake,1362,11,1230,5,132,6,1463,5,8413,10,9876,15,0,12,7,57,4,1293,0,15,13
12-23-20,Lauderdale,2486,12,2017,4,469,8,2322,7,17059,33,19381,40,0,28,-4,158,16,2300,0,74,26
12-23-20,Lawrence,4123,56,3442,34,681,22,3799,33,22085,81,25884,114,0,54,6,566,50,3503,2,115,60
12-23-20,Lewis,1101,5,983,2,118,3,1061,2,8384,15,9445,17,0,19,-3,117,8,965,0,33,20
12-23-20,Lincoln,3006,32,2468,16,538,16,2813,16,13630,30,16443,46,1,31,-24,530,55,2445,0,61,33
12-23-20,Loudon,3760,71,3347,19,413,52,3652,20,24498,72,28150,92,1,30,-49,669,119,3061,2,88,39
12-23-20,Macon,2520,11,2164,4,356,7,2576,6,12280,6,14856,12,3,41,-28,297,36,2182,0,104,44
12-23-20,Madison,7549,62,4428,28,3121,34,5585,33,43510,122,49095,155,3,149,-50,408,109,6992,3,288,163
12-23-20,Marion,1862,31,1716,8,146,23,1962,10,12992,57,14954,67,1,25,7,222,23,1615,0,83,27
12-23-20,Marshall,2635,50,2454,20,181,30,2774,18,18291,30,21065,48,0,28,16,382,34,2225,1,58,28
12-23-20,Maury,8630,116,8245,78,385,38,9144,81,55508,154,64652,235,1,98,20,1007,95,7525,3,213,106
12-23-20,McMinn,4131,50,3866,43,265,7,4284,48,31024,127,35308,175,1,61,-16,605,65,3465,0,114,66
12-23-20,McNairy,1871,30,1418,18,453,12,1809,17,13055,98,14864,115,0,37,19,219,11,1615,0,53,38
12-23-20,Meigs,863,11,818,9,45,2,919,9,5773,27,6692,36,0,14,-1,146,12,703,0,31,16
12-23-20,Monroe,3565,45,3187,35,378,10,3562,43,20508,81,24070,124,0,52,-12,637,57,2876,0,117,61
12-23-20,Montgomery,10673,141,8924,71,1749,70,9891,72,80486,389,90377,461,3,115,-11,1327,149,9231,3,218,131
12-23-20,Moore,669,10,549,5,120,5,630,5,3860,9,4490,14,1,5,-13,103,22,561,1,10,7
12-23-20,Morgan,1471,22,1214,18,257,4,1309,18,12459,42,13768,60,0,11,-10,309,32,1151,0,20,16
12-23-20,Obion,3520,28,2706,8,814,20,3076,8,17237,51,20313,59,0,67,-9,343,37,3110,1,85,72
12-23-20,Out of State,11063,138,9211,91,1852,47,10274,115,478042,1449,488316,1564,0,64,-104,1677,242,9322,2,151,51
12-23-20,Overton,2078,12,1728,9,350,3,2041,9,11830,29,13871,38,1,40,-16,261,27,1777,0,53,46
12-23-20,Pending,8643,169,6666,67,1977,102,7405,74,302675,1342,310080,1416,3,67,1,1707,165,6869,1,94,69
12-23-20,Perry,804,7,732,5,72,2,814,2,5224,10,6038,12,0,23,-7,126,14,655,0,26,24
12-23-20,Pickett,533,4,356,2,177,2,436,2,2584,7,3020,9,0,17,-2,73,6,443,0,26,18
12-23-20,Polk,1070,14,1003,13,67,1,1129,13,6672,26,7801,39,0,15,3,173,11,882,0,43,16
12-23-20,Putnam,7952,56,6873,22,1079,34,8316,22,54723,67,63039,89,4,113,-47,864,99,6975,1,172,131
12-23-20,Rhea,2855,52,2641,37,214,15,2982,41,19745,85,22727,126,1,45,-5,480,56,2330,0,67,49
12-23-20,Roane,3901,44,3470,21,431,23,3861,25,33284,110,37145,135,3,48,-18,586,59,3267,2,98,51
12-23-20,Robertson,6128,79,5499,37,629,42,6246,43,32740,88,38986,131,0,71,-17,859,96,5198,1,299,76
12-23-20,Rutherford,26758,277,24858,160,1900,117,29247,217,169187,762,198434,979,5,227,-106,3120,378,23411,3,451,244
12-23-20,Scott,2061,40,1330,17,731,23,1410,17,9073,39,10483,56,1,20,-4,400,43,1641,0,47,23
12-23-20,Sequatchie,1017,15,897,6,120,9,969,6,9586,22,10555,28,0,10,3,225,12,782,0,25,12
12-23-20,Sevier,8187,77,7642,55,545,22,8378,60,48753,175,57131,235,0,60,-57,1342,134,6785,0,201,75
12-23-20,Shelby,63451,652,60855,576,2596,76,75019,719,663014,5017,738033,5736,11,835,7,5896,634,56720,9,2840,1003
12-23-20,Smith,1986,21,1668,7,318,14,2084,8,10148,26,12232,34,0,23,-9,244,30,1719,0,50,23
12-23-20,Stewart,816,10,677,3,139,7,772,3,5290,43,6062,46,0,19,0,70,10,727,0,20,20
12-23-20,Sullivan,10177,141,9134,114,1043,27,9891,124,62816,517,72707,641,2,166,1,1274,138,8737,4,561,179
12-23-20,Sumner,14931,120,14295,96,636,24,16240,116,89383,338,105623,454,3,193,-79,1699,196,13039,2,609,214
12-23-20,Tipton,5063,45,3929,21,1134,24,4770,29,36107,143,40877,172,1,51,-27,559,71,4453,0,121,58
12-23-20,Trousdale,2120,11,2057,3,63,8,2195,3,7379,12,9574,15,0,12,-1,98,12,2010,0,33,13
12-23-20,Unicoi,1326,11,1125,2,201,9,1245,6,10575,51,11820,57,0,38,-5,180,16,1108,0,55,39
12-23-20,Union,1192,12,1062,8,130,4,1156,10,8236,27,9392,37,3,12,-10,171,19,1009,0,38,16
12-23-20,Van Buren,556,1,494,1,62,0,554,1,4212,67,4766,68,1,6,-12,60,12,490,0,12,6
12-23-20,Warren,4034,35,3592,20,442,15,4062,22,25374,53,29436,75,2,32,-56,741,89,3261,0,71,41
12-23-20,Washington,9397,78,8462,54,935,24,9354,66,60434,164,69788,230,2,153,-68,1279,144,7965,0,275,165
12-23-20,Wayne,2337,12,2066,6,271,6,2262,5,9273,26,11535,31,0,16,-1,152,13,2169,0,41,17
12-23-20,Weakley,2941,20,2390,13,551,7,2731,15,17451,64,20182,79,0,41,-6,322,26,2578,1,52,43
12-23-20,White,2558,22,2199,11,359,11,2739,11,18313,32,21052,43,0,37,-16,271,38,2250,0,87,38
12-23-20,Williamson,16422,224,15203,150,1219,74,17092,164,132453,582,149545,746,3,117,49,1921,172,14384,1,228,130
12-23-20,Wilson,11556,106,10926,60,630,46,12528,75,73893,300,86421,375,3,118,-34,1489,137,9949,2,249,126
12-22-20,Anderson,5204,70,4523,44,681,26,5048,51,48005,114,53053,165,1,52,-33,1006,102,4146,2,134,64
12-22-20,Bedford,4223,29,3669,19,554,10,4254,21,23840,72,28094,93,1,55,-35,514,63,3654,2,96,61
12-22-20,Benton,1134,5,1015,1,119,4,1130,2,7379,5,8509,7,0,26,-3,106,8,1002,1,30,31
12-22-20,Bledsoe,1507,7,1462,4,45,3,1548,4,12117,47,13665,51,0,7,-7,123,14,1377,0,28,9
12-22-20,Blount,9614,142,8800,96,814,46,9758,113,54854,195,64612,308,3,90,-14,1739,153,7785,7,244,102
12-22-20,Bradley,8386,113,7532,91,854,22,8640,102,46447,268,55087,370,0,61,-13,1305,126,7020,2,376,79
12-22-20,Campbell,2437,78,1729,9,708,69,1945,7,21169,25,23114,32,0,32,48,399,30,2006,4,89,38
12-22-20,Cannon,1283,15,1144,6,139,9,1282,6,7172,44,8454,50,0,9,-17,215,32,1059,1,22,14
12-22-20,Carroll,2512,18,1863,3,649,15,2216,5,16551,28,18767,33,1,47,-20,318,37,2147,0,65,54
12-22-20,Carter,4262,88,3847,65,415,23,4217,69,28330,87,32547,156,3,79,11,635,74,3548,2,190,89
12-22-20,Cheatham,2571,52,2264,35,307,17,2589,38,19841,91,22430,129,0,21,4,386,48,2164,1,60,24
12-22-20,Chester,1395,15,1072,3,323,12,1308,4,8668,20,9976,24,2,28,0,152,13,1215,0,30,31
12-22-20,Claiborne,1471,21,1136,13,335,8,1229,10,17233,21,18462,31,4,16,-14,212,31,1243,4,48,20
12-22-20,Clay,817,6,599,0,218,6,681,1,4557,11,5238,12,0,21,0,139,6,657,0,19,25
12-22-20,Cocke,2581,71,2089,21,492,50,2309,21,15772,62,18081,83,2,39,20,486,49,2056,1,82,47
12-22-20,Coffee,4539,60,3567,18,972,42,4380,30,35170,147,39550,177,2,60,-38,698,96,3781,2,84,69
12-22-20,Crockett,1544,16,1015,0,529,16,1192,0,5926,15,7118,15,1,30,-8,198,23,1316,0,28,33
12-22-20,Cumberland,4020,40,3692,16,328,24,4272,15,38913,63,43185,78,0,48,-16,730,56,3242,0,113,58
12-22-20,Davidson,57708,700,56146,653,1562,47,68481,768,669266,5540,737747,6308,7,525,111,5945,582,51238,8,1653,560
12-22-20,Decatur,1264,11,994,4,270,7,1201,4,9707,15,10908,19,0,17,-5,192,16,1055,1,30,18
12-22-20,Dekalb,1903,38,1530,15,373,23,1792,17,13799,66,15591,83,0,28,0,259,38,1616,2,44,31
12-22-20,Dickson,4290,69,3379,51,911,18,4069,57,26577,172,30646,229,0,53,-12,535,81,3702,1,92,62
12-22-20,Dyer,4028,31,2961,9,1067,22,3348,10,18203,36,21551,46,1,66,-4,349,34,3613,0,93,69
12-22-20,Fayette,3115,29,2916,18,199,11,3621,24,27690,86,31311,110,0,45,-8,382,37,2688,0,104,46
12-22-20,Fentress,1771,19,1577,12,194,7,1817,13,8874,22,10691,35,0,27,-12,278,31,1466,1,50,32
12-22-20,Franklin,3242,30,2943,19,299,11,3468,23,25830,55,29298,78,1,45,-23,451,52,2746,1,81,51
12-22-20,Gibson,4621,50,3036,9,1585,41,3736,12,23740,48,27476,60,5,87,-20,617,65,3917,0,88,94
12-22-20,Giles,2397,31,2197,16,200,15,2517,17,17477,34,19994,51,1,58,1,494,29,1845,0,91,62
12-22-20,Grainger,1643,15,1346,8,297,7,1512,9,10774,18,12286,27,0,22,-21,292,36,1329,1,53,27
12-22-20,Greene,5086,71,4312,28,774,43,4839,22,32908,123,37747,145,6,88,-13,976,78,4022,0,153,97
12-22-20,Grundy,1118,16,1005,11,113,5,1170,10,5817,18,6987,28,0,15,6,137,10,966,1,47,16
12-22-20,Hamblen,5311,57,4466,15,845,42,5024,15,36999,58,42023,73,2,74,-43,805,98,4432,1,186,93
12-22-20,Hamilton,25552,461,23304,400,2248,61,26281,455,234179,1248,260460,1703,10,247,100,2729,351,22576,8,781,279
12-22-20,Hancock,298,4,240,1,58,3,261,1,3056,0,3317,1,0,4,0,42,4,252,0,14,5
12-22-20,Hardeman,2707,18,2369,7,338,11,2799,7,20464,19,23263,26,1,41,-1,204,18,2462,0,89,43
12-22-20,Hardin,2452,25,1832,6,620,19,2219,9,18639,20,20858,29,1,34,0,300,24,2118,0,47,37
12-22-20,Hawkins,3288,27,2936,17,352,10,3187,12,22863,68,26050,80,4,52,-41,577,64,2659,0,113,56
12-22-20,Haywood,2096,11,1837,9,259,2,2086,9,11000,26,13086,35,0,34,-9,203,20,1859,0,60,37
12-22-20,Henderson,2719,34,2043,14,676,20,2640,11,13740,17,16380,28,1,41,-2,381,35,2297,0,60,43
12-22-20,Henry,2177,19,1849,8,328,11,2135,10,15044,20,17179,30,1,33,-29,194,47,1950,2,62,38
12-22-20,Hickman,1827,27,1644,23,183,4,1926,25,12508,48,14434,73,0,25,2,283,25,1519,1,38,27
12-22-20,Houston,770,10,619,6,151,4,704,6,6538,30,7242,36,0,21,3,74,7,675,0,38,23
12-22-20,Humphreys,1097,19,808,9,289,10,953,10,9174,34,10127,44,0,11,7,151,12,935,0,23,13
12-22-20,Jackson,960,9,771,2,189,7,913,2,4339,5,5252,7,0,18,0,107,9,835,0,29,20
12-22-20,Jefferson,3537,60,2814,31,723,29,3205,33,28284,85,31489,118,0,55,12,562,48,2920,1,129,62
12-22-20,Johnson,1717,10,1616,10,101,0,1726,9,11173,4,12899,13,0,27,-2,108,12,1582,0,48,27
12-22-20,Knox,30014,531,27604,393,2410,138,30228,434,235546,1488,265774,1922,7,253,-24,4470,548,25291,14,866,285
12-22-20,Lake,1351,6,1225,5,126,1,1458,5,8403,21,9861,26,0,12,-3,50,9,1289,1,15,12
12-22-20,Lauderdale,2474,17,2013,6,461,11,2315,7,17026,41,19341,48,1,28,-12,162,28,2284,0,74,26
12-22-20,Lawrence,4067,47,3408,17,659,30,3766,17,22004,58,25770,75,2,54,-13,560,58,3453,1,113,59
12-22-20,Lewis,1096,7,981,0,115,7,1059,0,8369,13,9428,13,0,19,-2,120,9,957,1,33,20
12-22-20,Lincoln,2974,34,2452,6,522,28,2797,6,13600,19,16397,25,2,30,-14,554,46,2390,0,61,33
12-22-20,Loudon,3689,70,3328,43,361,27,3632,48,24426,70,28058,118,0,29,12,718,58,2942,0,86,38
12-22-20,Macon,2509,15,2160,6,349,9,2570,7,12274,13,14844,20,1,38,-16,325,30,2146,0,104,43
12-22-20,Madison,7487,88,4400,34,3087,54,5552,36,43388,108,48940,144,4,146,-17,458,101,6883,1,285,163
12-22-20,Marion,1831,13,1708,7,123,6,1952,8,12935,32,14887,40,1,24,-31,215,43,1592,0,83,27
12-22-20,Marshall,2585,21,2434,11,151,10,2756,12,18261,39,21017,51,0,28,-9,366,30,2191,1,57,28
12-22-20,Maury,8514,52,8167,46,347,6,9063,45,55354,188,64417,233,1,97,-66,987,117,7430,1,210,104
12-22-20,McMinn,4081,45,3823,20,258,25,4236,23,30897,90,35133,113,0,60,-28,621,73,3400,1,114,64
12-22-20,McNairy,1841,28,1400,10,441,18,1792,10,12957,29,14749,39,2,37,0,200,26,1604,0,53,37
12-22-20,Meigs,852,13,809,9,43,4,910,9,5746,19,6656,28,0,14,-6,147,19,691,0,31,15
12-22-20,Monroe,3520,59,3152,21,368,38,3519,20,20427,49,23946,69,1,52,-2,649,60,2819,1,117,59
12-22-20,Montgomery,10532,108,8853,87,1679,21,9819,93,80097,347,89916,440,3,112,-80,1338,185,9082,3,215,128
12-22-20,Moore,659,4,544,1,115,3,625,1,3851,4,4476,5,0,4,-14,116,18,539,1,9,7
12-22-20,Morgan,1449,28,1196,10,253,18,1291,12,12417,29,13708,41,0,11,-13,319,41,1119,0,20,15
12-22-20,Obion,3492,31,2698,19,794,12,3068,21,17186,73,20254,94,0,67,3,352,28,3073,2,84,72
12-22-20,Out of State,10925,134,9120,103,1805,31,10159,109,476593,1556,486752,1665,0,64,-87,1781,221,9080,1,149,51
12-22-20,Overton,2066,9,1719,6,347,3,2032,7,11801,23,13833,30,0,39,-16,277,25,1750,0,53,46
12-22-20,Pending,8474,273,6599,133,1875,140,7331,139,301333,1282,308664,1421,1,64,94,1706,178,6704,2,93,68
12-22-20,Perry,797,6,727,1,70,5,812,3,5214,12,6026,15,0,23,-12,133,18,641,0,26,24
12-22-20,Pickett,529,3,354,0,175,3,434,1,2577,6,3011,7,0,17,-1,75,4,437,0,26,18
12-22-20,Polk,1056,13,990,11,66,2,1116,11,6646,22,7762,33,0,15,-5,170,18,871,0,43,15
12-22-20,Putnam,7896,61,6851,31,1045,30,8294,36,54656,78,62950,114,0,109,-40,911,101,6876,0,171,131
12-22-20,Rhea,2803,20,2604,10,199,10,2941,10,19660,53,22601,63,0,44,-21,485,41,2274,0,67,48
12-22-20,Roane,3857,33,3449,11,408,22,3836,11,33174,75,37010,86,0,45,-36,604,69,3208,0,96,51
12-22-20,Robertson,6049,112,5462,64,587,48,6203,74,32652,153,38855,227,1,71,22,876,89,5102,4,298,76
12-22-20,Rutherford,26481,272,24698,226,1783,46,29030,251,168425,785,197455,1036,7,222,-153,3226,418,23033,5,448,239
12-22-20,Scott,2021,41,1313,8,708,33,1393,6,9034,18,10427,24,2,19,-11,404,50,1598,0,47,22
12-22-20,Sequatchie,1002,16,891,7,111,9,963,9,9564,15,10527,24,3,10,-11,222,24,770,0,25,12
12-22-20,Sevier,8110,119,7587,86,523,33,8318,95,48578,208,56896,303,2,60,-75,1399,192,6651,1,201,73
12-22-20,Shelby,62799,666,60279,572,2520,94,74300,693,657997,4329,732297,5022,6,824,31,5889,629,56086,14,2831,994
12-22-20,Smith,1965,24,1661,7,304,17,2076,6,10122,15,12198,21,0,23,-6,253,30,1689,0,50,23
12-22-20,Stewart,806,8,674,5,132,3,769,5,5247,28,6016,33,0,19,-2,70,10,717,0,20,20
12-22-20,Sullivan,10036,140,9020,97,1016,43,9767,105,62299,314,72066,419,3,164,-25,1273,162,8599,1,557,177
12-22-20,Sumner,14811,207,14199,170,612,37,16124,184,89045,557,105169,741,5,190,-3,1778,205,12843,4,607,212
12-22-20,Tipton,5018,46,3908,17,1110,29,4741,21,35964,109,40705,130,0,50,-14,586,60,4382,0,121,57
12-22-20,Trousdale,2109,9,2054,8,55,1,2192,8,7367,32,9559,40,0,12,1,99,8,1998,0,33,13
12-22-20,Unicoi,1315,22,1123,8,192,14,1239,4,10524,10,11763,14,2,38,0,185,20,1092,0,55,39
12-22-20,Union,1180,11,1054,6,126,5,1146,10,8209,27,9355,37,2,9,-26,181,35,990,0,38,16
12-22-20,Van Buren,555,2,493,2,62,0,553,2,4145,3,4698,5,0,5,-10,72,12,478,0,12,6
12-22-20,Warren,3999,72,3572,60,427,12,4040,68,25321,209,29361,277,1,30,-3,797,74,3172,0,71,39
12-22-20,Washington,9319,153,8408,88,911,65,9288,79,60270,144,69558,223,7,151,-1,1347,147,7821,0,275,163
12-22-20,Wayne,2325,29,2060,0,265,29,2257,0,9247,15,11504,15,0,16,17,153,12,2156,0,41,17
12-22-20,Weakley,2921,32,2377,12,544,20,2716,13,17387,53,20103,66,1,41,-2,328,33,2552,0,51,43
12-22-20,White,2536,18,2188,10,348,8,2728,13,18281,56,21009,69,1,37,-21,287,38,2212,0,87,38
12-22-20,Williamson,16198,232,15053,206,1145,26,16928,234,131871,1252,148799,1486,3,114,34,1872,195,14212,6,227,129
12-22-20,Wilson,11450,167,10866,146,584,21,12453,163,73593,410,86046,573,0,115,-2,1523,169,9812,1,247,124
12-21-20,Anderson,5134,48,4479,18,655,30,4997,22,47891,221,52888,243,3,51,-87,1039,132,4044,2,132,59
12-21-20,Bedford,4194,27,3650,16,544,11,4233,17,23768,56,28001,73,0,54,-64,549,91,3591,0,94,61
12-21-20,Benton,1129,12,1014,5,115,7,1128,7,7374,38,8502,45,0,26,-10,109,22,994,0,29,31
12-21-20,Bledsoe,1500,6,1458,4,42,2,1544,3,12070,26,13614,29,0,7,-19,130,25,1363,0,28,9
12-21-20,Blount,9472,128,8704,109,768,19,9645,113,54659,293,64304,406,1,87,-122,1753,249,7632,0,237,101
12-21-20,Bradley,8273,103,7441,85,832,18,8538,107,46179,231,54717,338,1,61,-66,1318,168,6894,2,374,76
12-21-20,Campbell,2359,21,1720,9,639,12,1938,13,21144,64,23082,77,0,32,-32,351,53,1976,0,85,37
12-21-20,Cannon,1268,18,1138,14,130,4,1276,18,7128,33,8404,51,1,9,-16,232,33,1027,0,21,13
12-21-20,Carroll,2494,30,1860,15,634,15,2211,14,16523,54,18734,68,0,46,0,338,30,2110,0,65,54
12-21-20,Carter,4174,43,3782,32,392,11,4148,40,28243,181,32391,221,0,76,-60,624,103,3474,1,188,86
12-21-20,Cheatham,2519,32,2229,23,290,9,2551,25,19750,98,22301,123,2,21,-14,382,44,2116,0,59,23
12-21-20,Chester,1380,21,1069,13,311,8,1304,13,8648,91,9952,104,0,26,-2,152,23,1202,0,30,31
12-21-20,Claiborne,1450,19,1123,8,327,11,1219,5,17212,41,18431,46,0,12,-10,226,29,1212,0,44,20
12-21-20,Clay,811,9,599,3,212,6,680,3,4546,7,5226,10,0,21,-5,139,14,651,0,19,25
12-21-20,Cocke,2510,43,2068,17,442,26,2288,19,15710,95,17998,114,0,37,-14,466,57,2007,0,81,46
12-21-20,Coffee,4479,39,3549,29,930,10,4350,35,35023,118,39373,153,2,58,-95,736,132,3685,0,82,68
12-21-20,Crockett,1528,14,1015,9,513,5,1192,8,5911,14,7103,22,0,29,-8,206,22,1293,0,28,33
12-21-20,Cumberland,3980,49,3676,29,304,20,4257,32,38850,118,43107,150,0,48,-30,746,79,3186,1,113,57
12-21-20,Davidson,57008,451,55493,410,1515,41,67713,487,663726,2263,731439,2750,15,518,-396,5834,832,50656,5,1645,549
12-21-20,Decatur,1253,20,990,16,263,4,1197,18,9692,31,10889,49,0,17,10,197,10,1039,0,29,18
12-21-20,Dekalb,1865,17,1515,9,350,8,1775,11,13733,19,15508,30,1,28,-31,259,47,1578,0,42,30
12-21-20,Dickson,4221,54,3328,31,893,23,4012,33,26405,156,30417,189,2,53,-13,547,65,3621,1,91,62
12-21-20,Dyer,3997,20,2952,6,1045,14,3338,7,18167,23,21505,30,0,65,-24,353,44,3579,0,93,69
12-21-20,Fayette,3086,27,2898,24,188,3,3597,29,27604,155,31201,184,1,45,-12,390,38,2651,0,104,46
12-21-20,Fentress,1752,12,1565,7,187,5,1804,8,8852,13,10656,21,0,27,-20,290,32,1435,0,49,31
12-21-20,Franklin,3212,30,2924,24,288,6,3445,25,25775,164,29220,189,0,44,-44,474,74,2694,0,80,50
12-21-20,Gibson,4571,56,3027,26,1544,30,3724,30,23692,66,27416,96,1,82,-11,637,66,3852,0,88,94
12-21-20,Giles,2366,51,2181,37,185,14,2500,40,17443,54,19943,94,1,57,4,493,46,1816,0,91,62
12-21-20,Grainger,1628,24,1338,18,290,6,1503,16,10756,45,12259,61,0,22,-13,313,37,1293,2,52,27
12-21-20,Greene,5015,83,4284,60,731,23,4817,68,32785,245,37602,313,0,82,-30,989,113,3944,1,153,96
12-21-20,Grundy,1102,8,994,3,108,5,1160,3,5799,21,6959,24,0,15,-15,131,23,956,0,46,16
12-21-20,Hamblen,5254,45,4451,28,803,17,5009,30,36941,112,41950,142,1,72,-81,848,125,4334,2,185,92
12-21-20,Hamilton,25091,355,22904,308,2187,47,25826,331,232931,1465,258757,1796,2,237,-62,2629,415,22225,6,773,276
12-21-20,Hancock,294,1,239,0,55,1,260,0,3056,9,3316,9,0,4,-6,42,7,248,0,14,5
12-21-20,Hardeman,2689,12,2362,7,327,5,2792,8,20445,55,23237,63,0,40,-17,205,29,2444,0,89,43
12-21-20,Hardin,2427,29,1826,19,601,10,2210,21,18619,68,20829,89,0,33,-18,300,47,2094,0,47,36
12-21-20,Hawkins,3261,45,2919,28,342,17,3175,33,22795,125,25970,158,0,48,-65,618,110,2595,2,113,55
12-21-20,Haywood,2085,7,1828,5,257,2,2077,5,10974,27,13051,32,0,34,-29,212,36,1839,0,60,37
12-21-20,Henderson,2685,27,2029,18,656,9,2629,21,13723,33,16352,54,0,40,-11,383,38,2262,0,60,41
12-21-20,Henry,2158,19,1841,16,317,3,2125,18,15024,28,17149,46,0,32,-19,223,38,1903,0,60,38
12-21-20,Hickman,1800,24,1621,19,179,5,1901,20,12460,53,14361,73,0,25,-15,281,39,1494,0,37,26
12-21-20,Houston,760,9,613,7,147,2,698,6,6508,110,7206,116,0,21,0,71,9,668,1,38,23
12-21-20,Humphreys,1078,19,799,11,279,8,943,12,9140,49,10083,61,0,11,7,144,12,923,0,23,12
12-21-20,Jackson,951,4,769,3,182,1,911,3,4334,15,5245,18,0,18,-21,107,25,826,0,29,19
12-21-20,Jefferson,3477,56,2783,30,694,26,3172,33,28199,85,31371,118,1,55,-27,550,82,2872,1,128,62
12-21-20,Johnson,1707,9,1606,9,101,0,1717,9,11169,30,12886,39,0,27,-8,110,17,1570,0,48,27
12-21-20,Knox,29483,442,27211,360,2272,82,29794,371,234058,1434,263852,1805,2,246,-140,4494,580,24743,5,852,279
12-21-20,Lake,1345,2,1220,1,125,1,1453,1,8382,7,9835,8,0,12,-7,53,9,1280,0,14,12
12-21-20,Lauderdale,2457,14,2007,10,450,4,2308,11,16985,49,19293,60,0,27,-17,174,31,2256,0,74,26
12-21-20,Lawrence,4020,44,3391,18,629,26,3749,18,21946,64,25695,82,0,52,-21,573,65,3395,1,112,59
12-21-20,Lewis,1089,6,981,3,108,3,1059,3,8356,4,9415,7,0,19,-16,122,22,948,0,32,20
12-21-20,Lincoln,2940,44,2446,33,494,11,2791,39,13581,45,16372,84,1,28,-38,568,81,2344,0,61,33
12-21-20,Loudon,3619,57,3285,41,334,16,3584,40,24356,82,27940,122,0,29,-19,706,76,2884,0,86,36
12-21-20,Macon,2494,31,2154,9,340,22,2563,10,12261,20,14824,30,1,37,-25,341,55,2116,1,104,43
12-21-20,Madison,7399,56,4366,38,3033,18,5516,43,43280,172,48796,215,1,142,-64,475,119,6782,0,284,163
12-21-20,Marion,1818,11,1701,7,117,4,1944,8,12903,56,14847,64,1,23,-46,246,56,1549,0,83,27
12-21-20,Marshall,2564,31,2423,16,141,15,2744,16,18222,52,20966,68,0,28,-23,375,54,2161,0,56,28
12-21-20,Maury,8462,55,8121,38,341,17,9018,44,55166,118,64184,162,1,96,-80,1053,134,7313,4,209,104
12-21-20,McMinn,4036,50,3803,46,233,4,4213,46,30807,135,35020,181,0,60,-41,649,91,3327,0,113,64
12-21-20,McNairy,1813,17,1390,8,423,9,1782,9,12928,52,14710,61,0,35,-15,200,32,1578,0,53,37
12-21-20,Meigs,839,4,800,4,39,0,901,4,5727,31,6628,35,0,14,-24,153,28,672,0,31,15
12-21-20,Monroe,3461,51,3131,29,330,22,3499,29,20378,103,23877,132,0,51,-19,651,70,2759,0,116,59
12-21-20,Montgomery,10424,132,8766,112,1658,20,9726,120,79750,498,89476,618,3,109,-157,1418,286,8897,3,212,127
12-21-20,Moore,655,9,543,2,112,7,624,1,3847,10,4471,11,0,4,-9,130,18,521,0,8,7
12-21-20,Morgan,1421,27,1186,11,235,16,1279,11,12388,29,13667,40,0,11,-26,332,53,1078,1,20,14
12-21-20,Obion,3461,31,2679,17,782,14,3047,19,17113,37,20160,56,0,67,-24,349,55,3045,0,82,71
12-21-20,Out of State,10791,165,9017,76,1774,89,10050,85,475037,1346,485087,1431,0,64,-127,1868,292,8859,0,148,49
12-21-20,Overton,2057,24,1713,13,344,11,2025,13,11778,25,13803,38,0,39,-21,293,45,1725,0,53,45
12-21-20,Pending,8201,170,6466,112,1735,58,7192,111,300051,1378,307243,1489,3,63,-84,1612,251,6526,2,91,65
12-21-20,Perry,791,15,726,13,65,2,809,13,5202,15,6011,28,0,23,-5,145,20,623,0,26,24
12-21-20,Pickett,526,8,354,4,172,4,433,5,2571,4,3004,9,0,17,1,76,7,433,0,26,18
12-21-20,Polk,1043,17,979,17,64,0,1105,20,6624,38,7729,58,0,15,-2,175,19,853,0,43,15
12-21-20,Putnam,7835,42,6820,28,1015,14,8258,31,54578,111,62836,142,1,109,-73,951,114,6775,1,171,129
12-21-20,Rhea,2783,49,2594,42,189,7,2931,43,19607,95,22538,138,0,44,-17,506,66,2233,0,67,48
12-21-20,Roane,3824,70,3438,44,386,26,3825,48,33099,154,36924,202,1,45,-49,640,118,3139,1,96,50
12-21-20,Robertson,5937,74,5398,52,539,22,6129,56,32499,130,38628,186,1,70,-76,854,149,5013,1,294,74
12-21-20,Rutherford,26209,253,24472,208,1737,45,28779,236,167640,834,196419,1070,1,215,-208,3379,460,22615,2,443,235
12-21-20,Scott,1980,26,1305,6,675,20,1387,4,9016,14,10403,18,1,17,-27,415,52,1548,0,47,22
12-21-20,Sequatchie,986,8,884,3,102,5,954,3,9549,14,10503,17,0,7,-23,233,31,746,1,25,12
12-21-20,Sevier,7991,161,7501,141,490,20,8223,153,48370,414,56593,567,0,58,-29,1474,190,6459,4,200,69
12-21-20,Shelby,62133,551,59707,499,2426,52,73607,618,653668,3650,727275,4268,3,818,-199,5858,747,55457,17,2817,977
12-21-20,Smith,1941,15,1654,14,287,1,2070,21,10107,126,12177,147,0,23,-13,259,28,1659,0,50,23
12-21-20,Stewart,798,6,669,3,129,3,764,4,5219,14,5983,18,0,19,-1,72,7,707,0,20,20
12-21-20,Sullivan,9896,138,8923,102,973,36,9662,116,61985,579,71647,695,0,161,-52,1298,190,8437,1,556,173
12-21-20,Sumner,14604,151,14029,132,575,19,15940,150,88488,416,104428,566,3,185,-110,1781,258,12638,1,603,209
12-21-20,Tipton,4972,76,3891,37,1081,39,4720,43,35855,158,40575,201,1,50,6,600,69,4322,0,121,56
12-21-20,Trousdale,2100,5,2046,4,54,1,2184,5,7335,21,9519,26,0,12,-16,98,21,1990,0,33,12
12-21-20,Unicoi,1293,12,1115,5,178,7,1235,5,10514,37,11749,42,0,36,-6,185,18,1072,0,55,39
12-21-20,Union,1169,18,1048,12,121,6,1136,11,8182,30,9318,41,0,7,-19,207,37,955,0,38,16
12-21-20,Van Buren,553,4,491,3,62,1,551,3,4142,17,4693,20,0,5,-8,82,12,466,0,12,6
12-21-20,Warren,3927,39,3512,24,415,15,3972,24,25112,64,29084,88,0,29,-75,800,114,3098,5,71,36
12-21-20,Washington,9166,91,8320,73,846,18,9209,80,60126,367,69335,447,0,144,-108,1348,199,7674,1,275,160
12-21-20,Wayne,2296,11,2060,4,236,7,2257,7,9232,17,11489,24,0,16,2,136,9,2144,1,41,17
12-21-20,Weakley,2889,25,2365,13,524,12,2703,12,17334,82,20037,94,0,40,-20,330,45,2519,0,51,43
12-21-20,White,2518,18,2178,15,340,3,2715,16,18225,36,20940,52,0,36,-28,308,46,2174,0,87,38
12-21-20,Williamson,15966,190,14847,168,1119,22,16694,184,130619,910,147313,1094,2,111,-34,1838,222,14017,2,221,126
12-21-20,Wilson,11283,104,10720,94,563,10,12290,113,73183,333,85473,446,3,115,-124,1525,225,9643,1,246,124
12-20-20,Anderson,5086,143,4461,124,625,19,4975,137,47670,464,52645,601,2,48,85,1126,56,3912,3,130,56
12-20-20,Bedford,4167,109,3634,92,533,17,4216,103,23712,357,27928,460,0,54,78,613,31,3500,1,94,60
12-20-20,Benton,1117,4,1009,2,108,2,1121,4,7336,30,8457,34,0,26,-2,119,6,972,0,29,31
12-20-20,Bledsoe,1494,19,1454,13,40,6,1541,12,12044,93,13585,105,1,7,16,149,2,1338,0,28,9
12-20-20,Blount,9344,342,8595,317,749,25,9532,340,54366,718,63898,1058,2,86,250,1875,90,7383,1,237,100
12-20-20,Bradley,8170,145,7356,118,814,27,8431,140,45948,549,54379,689,0,60,86,1384,59,6726,1,372,74
12-20-20,Campbell,2338,46,1711,22,627,24,1925,22,21080,198,23005,220,2,32,29,383,15,1923,0,85,37
12-20-20,Cannon,1250,28,1124,23,126,5,1258,23,7095,64,8353,87,1,8,17,248,10,994,0,21,13
12-20-20,Carroll,2464,46,1845,23,619,23,2197,23,16469,73,18666,96,0,46,23,338,23,2080,0,65,53
12-20-20,Carter,4131,70,3750,65,381,5,4108,71,28062,302,32170,373,0,76,51,684,19,3371,2,187,86
12-20-20,Cheatham,2487,63,2206,48,281,15,2526,55,19652,251,22178,306,0,19,36,396,27,2072,0,59,23
12-20-20,Chester,1359,26,1056,17,303,9,1291,21,8557,62,9848,83,0,26,15,154,11,1179,0,30,30
12-20-20,Claiborne,1431,26,1115,23,316,3,1214,23,17171,246,18385,269,0,12,16,236,10,1183,0,44,20
12-20-20,Clay,802,8,596,7,206,1,677,7,4539,38,5216,45,0,21,4,144,4,637,0,19,25
12-20-20,Cocke,2467,51,2051,33,416,18,2269,38,15615,189,17884,227,2,37,42,480,7,1950,0,81,45
12-20-20,Coffee,4440,129,3520,120,920,9,4315,155,34905,679,39220,834,2,56,96,831,31,3553,0,82,64
12-20-20,Crockett,1514,25,1006,12,508,13,1184,13,5897,40,7081,53,0,29,14,214,11,1271,1,28,33
12-20-20,Cumberland,3931,81,3647,58,284,23,4225,72,38732,420,42957,492,0,48,53,776,28,3107,0,112,55
12-20-20,Davidson,56557,907,55083,845,1474,62,67226,1030,661463,7393,728689,8423,5,503,597,6230,305,49824,13,1640,541
12-20-20,Decatur,1233,27,974,25,259,2,1179,29,9661,94,10840,123,0,17,25,187,2,1029,0,29,18
12-20-20,Dekalb,1848,33,1506,23,342,10,1764,29,13714,92,15478,121,0,27,19,290,14,1531,0,42,30
12-20-20,Dickson,4167,61,3297,55,870,6,3979,62,26249,260,30228,322,0,51,12,560,49,3556,1,90,60
12-20-20,Dyer,3977,48,2946,31,1031,17,3331,34,18144,104,21475,138,0,65,27,377,21,3535,0,93,68
12-20-20,Fayette,3059,40,2874,36,185,4,3568,42,27449,279,31017,321,0,44,32,402,8,2613,0,104,46
12-20-20,Fentress,1740,53,1558,50,182,3,1796,55,8839,168,10635,223,0,27,50,310,3,1403,0,49,31
12-20-20,Franklin,3182,68,2900,62,282,6,3420,64,25611,339,29031,403,0,44,54,518,14,2620,0,80,49
12-20-20,Gibson,4515,94,3001,51,1514,43,3694,46,23626,133,27320,179,0,81,66,648,28,3786,0,88,89
12-20-20,Giles,2315,88,2144,85,171,3,2460,102,17389,205,19849,307,0,56,75,489,13,1770,1,91,61
12-20-20,Grainger,1604,37,1320,31,284,6,1487,32,10711,79,12198,111,0,22,30,326,7,1256,2,50,27
12-20-20,Greene,4932,93,4224,63,708,30,4749,86,32540,433,37289,519,0,82,60,1019,33,3831,1,152,95
12-20-20,Grundy,1094,18,991,14,103,4,1157,18,5778,96,6935,114,1,15,13,146,4,933,0,46,16
12-20-20,Hamblen,5209,132,4423,101,786,31,4979,116,36829,491,41808,607,0,71,117,929,15,4209,4,183,91
12-20-20,Hamilton,24736,557,22596,449,2140,108,25495,498,231466,2315,256961,2813,1,235,295,2691,261,21810,12,767,273
12-20-20,Hancock,293,2,239,2,54,0,260,2,3047,20,3307,22,0,4,-2,48,4,241,0,14,5
12-20-20,Hardeman,2677,38,2355,16,322,22,2784,20,20390,88,23174,108,0,40,29,222,9,2415,0,89,43
12-20-20,Hardin,2398,25,1807,18,591,7,2189,21,18551,87,20740,108,0,33,13,318,12,2047,0,47,36
12-20-20,Hawkins,3216,85,2891,69,325,16,3142,86,22670,496,25812,582,0,48,65,683,20,2485,0,111,53
12-20-20,Haywood,2078,34,1823,28,255,6,2072,30,10947,76,13019,106,0,34,30,241,4,1803,0,60,36
12-20-20,Henderson,2658,56,2011,33,647,23,2608,37,13690,102,16298,139,0,40,40,394,16,2224,0,60,41
12-20-20,Henry,2139,37,1825,34,314,3,2107,38,14996,96,17103,134,1,32,31,242,5,1865,0,60,38
12-20-20,Hickman,1776,34,1602,33,174,1,1881,35,12407,79,14288,114,1,25,23,296,10,1455,0,37,26
12-20-20,Houston,751,7,606,7,145,0,692,7,6398,91,7090,98,0,21,4,71,3,659,0,37,23
12-20-20,Humphreys,1059,18,788,16,271,2,931,17,9091,75,10022,92,1,11,3,137,14,911,0,23,12
12-20-20,Jackson,947,15,766,12,181,3,908,12,4319,37,5227,49,0,18,13,128,2,801,0,29,19
12-20-20,Jefferson,3421,94,2753,54,668,40,3139,59,28114,219,31253,278,0,54,68,577,26,2790,0,127,61
12-20-20,Johnson,1698,20,1597,20,101,0,1708,21,11139,94,12847,115,0,27,16,118,4,1553,0,48,26
12-20-20,Knox,29041,519,26851,436,2190,83,29423,478,232624,2247,262047,2725,2,244,238,4634,279,24163,7,847,276
12-20-20,Lake,1343,5,1219,3,124,2,1452,3,8375,49,9827,52,1,12,4,60,0,1271,0,14,12
12-20-20,Lauderdale,2443,14,1997,8,446,6,2297,9,16936,75,19233,84,0,27,7,191,7,2225,0,74,26
12-20-20,Lawrence,3976,79,3373,71,603,8,3731,74,21882,395,25613,469,0,52,50,594,29,3330,0,111,58
12-20-20,Lewis,1083,19,978,13,105,6,1056,16,8352,82,9408,98,0,19,17,138,2,926,0,32,20
12-20-20,Lincoln,2896,35,2413,27,483,8,2752,36,13536,119,16288,155,0,27,6,606,29,2263,1,61,32
12-20-20,Loudon,3562,108,3244,72,318,36,3544,74,24274,276,27818,350,1,29,82,725,25,2808,4,86,34
12-20-20,Macon,2463,27,2145,26,318,1,2553,29,12241,73,14794,102,2,36,16,366,9,2061,1,103,42
12-20-20,Madison,7343,120,4328,56,3015,64,5473,58,43108,241,48581,299,1,141,43,539,76,6663,1,284,161
12-20-20,Marion,1807,42,1694,34,113,8,1936,38,12847,268,14783,306,0,22,19,292,23,1493,0,83,26
12-20-20,Marshall,2533,62,2407,56,126,6,2728,69,18170,277,20898,346,1,28,46,398,15,2107,0,56,28
12-20-20,Maury,8407,221,8083,215,324,6,8974,235,55048,924,64022,1159,0,95,175,1133,46,7179,1,205,103
12-20-20,McMinn,3986,73,3757,65,229,8,4167,70,30672,419,34839,489,0,60,53,690,20,3236,1,113,64
12-20-20,McNairy,1796,34,1382,14,414,20,1773,16,12876,138,14649,154,0,35,27,215,7,1546,0,53,37
12-20-20,Meigs,835,26,796,23,39,3,897,24,5696,80,6593,104,0,14,17,177,9,644,1,31,15
12-20-20,Monroe,3410,100,3102,78,308,22,3470,82,20275,250,23745,332,1,51,78,670,21,2689,0,116,56
12-20-20,Montgomery,10292,258,8654,220,1638,38,9606,232,79252,1337,88858,1569,0,106,177,1575,81,8611,1,209,126
12-20-20,Moore,646,18,541,15,105,3,623,16,3837,55,4460,71,0,4,14,139,4,503,0,8,6
12-20-20,Morgan,1394,28,1175,22,219,6,1268,23,12359,93,13627,116,0,11,24,358,4,1025,0,19,14
12-20-20,Obion,3430,44,2662,30,768,14,3028,35,17076,131,20104,166,1,67,36,373,7,2990,0,82,71
12-20-20,Out of State,10626,216,8941,167,1685,49,9965,195,473691,3809,483656,4004,0,64,79,1995,137,8567,0,148,47
12-20-20,Overton,2033,41,1700,38,333,3,2012,41,11753,113,13765,154,0,39,33,314,8,1680,0,53,45
12-20-20,Pending,8031,213,6354,169,1677,44,7081,184,298673,2634,305754,2818,4,60,110,1696,99,6275,1,89,61
12-20-20,Perry,776,12,713,11,63,1,796,12,5187,38,5983,50,0,23,10,150,2,603,0,26,24
12-20-20,Pickett,518,7,350,7,168,0,428,11,2567,43,2995,54,0,17,5,75,2,426,0,26,17
12-20-20,Polk,1026,13,962,11,64,2,1085,20,6586,56,7671,76,0,15,3,177,10,834,0,43,15
12-20-20,Putnam,7793,113,6792,90,1001,23,8227,108,54467,577,62694,685,2,108,80,1024,31,6661,0,170,125
12-20-20,Rhea,2734,49,2552,39,182,10,2888,46,19512,195,22400,241,0,44,31,523,18,2167,0,67,47
12-20-20,Roane,3754,73,3394,54,360,19,3777,59,32945,220,36722,279,0,44,57,689,16,3021,0,95,50
12-20-20,Robertson,5863,129,5346,111,517,18,6073,118,32369,333,38442,451,0,69,85,930,44,4864,7,293,74
12-20-20,Rutherford,25956,566,24264,444,1692,122,28543,511,166806,2234,195349,2745,1,214,415,3587,150,22155,1,441,232
12-20-20,Scott,1954,48,1299,31,655,17,1383,34,9002,87,10385,121,1,16,35,442,12,1496,0,47,20
12-20-20,Sequatchie,978,37,881,30,97,7,951,34,9535,136,10486,170,0,7,29,256,8,715,1,24,11
12-20-20,Sevier,7830,226,7360,195,470,31,8070,212,47956,662,56026,874,1,58,148,1503,77,6269,4,196,68
12-20-20,Shelby,61582,833,59208,787,2374,46,72989,992,650018,7462,723007,8454,7,815,421,6057,405,54710,15,2800,964
12-20-20,Smith,1926,25,1640,17,286,8,2049,18,9981,68,12030,86,0,23,13,272,12,1631,0,50,23
12-20-20,Stewart,792,12,666,9,126,3,760,9,5205,29,5965,38,0,19,6,73,6,700,0,20,20
12-20-20,Sullivan,9758,182,8821,167,937,15,9546,178,61406,694,70952,872,0,161,103,1350,79,8247,6,555,173
12-20-20,Sumner,14453,249,13897,232,556,17,15790,244,88072,1126,103862,1370,1,182,166,1891,82,12380,1,602,205
12-20-20,Tipton,4896,85,3854,49,1042,36,4677,58,35697,201,40374,259,0,49,73,594,12,4253,0,121,55
12-20-20,Trousdale,2095,10,2042,7,53,3,2179,8,7314,32,9493,40,0,12,5,114,5,1969,0,33,12
12-20-20,Unicoi,1281,34,1110,27,171,7,1230,29,10477,101,11707,130,0,36,25,191,9,1054,0,55,38
12-20-20,Union,1151,21,1036,19,115,2,1125,20,8152,76,9277,96,0,7,17,226,4,918,0,38,15
12-20-20,Van Buren,549,3,488,2,61,1,548,3,4125,75,4673,78,0,5,2,90,1,454,0,12,5
12-20-20,Warren,3888,92,3488,81,400,11,3948,90,25048,224,28996,314,1,29,61,875,30,2984,0,66,36
12-20-20,Washington,9075,161,8247,144,828,17,9129,180,59759,933,68888,1113,0,144,108,1456,53,7475,2,274,159
12-20-20,Wayne,2285,19,2056,14,229,5,2250,13,9215,67,11465,80,0,16,8,134,11,2135,0,40,17
12-20-20,Weakley,2864,51,2352,26,512,25,2691,31,17252,103,19943,134,0,40,40,350,11,2474,0,51,43
12-20-20,White,2500,35,2163,28,337,7,2699,30,18189,121,20888,151,0,36,24,336,11,2128,0,87,38
12-20-20,Williamson,15776,323,14679,286,1097,37,16510,309,129709,1587,146219,1896,1,109,226,1872,96,13795,2,219,125
12-20-20,Wilson,11179,265,10626,241,553,24,12177,265,72850,1122,85027,1387,3,112,211,1649,51,9418,5,245,123
12-19-20,Anderson,4943,106,4337,82,606,24,4838,113,47206,276,52044,389,0,46,75,1041,31,3856,1,127,56
12-19-20,Bedford,4058,33,3542,26,516,7,4113,38,23355,156,27468,194,0,54,10,535,23,3469,0,93,59
12-19-20,Benton,1113,14,1007,14,106,0,1117,15,7306,51,8423,66,0,26,13,121,1,966,1,29,31
12-19-20,Bledsoe,1475,18,1441,18,34,0,1529,20,11951,103,13480,123,0,6,14,133,4,1336,0,28,9
12-19-20,Blount,9002,110,8278,102,724,8,9192,114,53648,254,62840,368,2,84,41,1625,67,7293,1,236,98
12-19-20,Bradley,8025,146,7238,133,787,13,8291,147,45399,510,53690,657,3,60,78,1298,65,6667,2,371,74
12-19-20,Campbell,2292,26,1689,21,603,5,1903,24,20882,87,22785,111,0,30,12,354,14,1908,0,85,36
12-19-20,Cannon,1222,5,1101,3,121,2,1235,4,7031,37,8266,41,0,7,-4,231,9,984,0,21,13
12-19-20,Carroll,2418,27,1822,17,596,10,2174,22,16396,66,18570,88,1,46,8,315,18,2057,1,65,51
12-19-20,Carter,4061,69,3685,60,376,9,4037,71,27760,167,31797,238,0,76,42,633,27,3352,1,185,83
12-19-20,Cheatham,2424,28,2158,19,266,9,2471,22,19401,115,21872,137,1,19,-8,360,35,2045,1,59,23
12-19-20,Chester,1333,24,1039,21,294,3,1270,21,8495,71,9765,92,0,26,18,139,6,1168,0,30,30
12-19-20,Claiborne,1405,26,1092,23,313,3,1191,25,16925,122,18116,147,0,12,12,220,14,1173,3,44,19
12-19-20,Clay,794,7,589,5,205,2,670,8,4501,33,5171,41,0,21,4,140,3,633,0,19,25
12-19-20,Cocke,2416,35,2018,27,398,8,2231,40,15426,132,17657,172,0,35,14,438,21,1943,0,81,45
12-19-20,Coffee,4311,52,3400,42,911,10,4160,61,34226,249,38386,310,1,54,13,735,38,3522,0,82,61
12-19-20,Crockett,1489,21,994,12,495,9,1171,15,5857,47,7028,62,0,29,13,200,8,1260,0,27,31
12-19-20,Cumberland,3850,85,3589,75,261,10,4153,91,38312,245,42465,336,1,48,66,723,18,3079,1,112,55
12-19-20,Davidson,55650,731,54238,705,1412,26,66196,868,654070,5758,720266,6626,3,498,362,5633,366,49519,2,1627,536
12-19-20,Decatur,1206,22,949,18,257,4,1150,24,9567,129,10717,153,0,17,14,162,8,1027,0,29,17
12-19-20,Dekalb,1815,9,1483,8,332,1,1735,10,13622,35,15357,45,0,27,-12,271,21,1517,0,42,29
12-19-20,Dickson,4106,58,3242,38,864,20,3917,39,25989,150,29906,189,0,51,38,548,20,3507,0,89,60
12-19-20,Dyer,3929,24,2915,13,1014,11,3297,19,18040,88,21337,107,1,65,3,350,20,3514,0,93,68
12-19-20,Fayette,3019,51,2838,50,181,1,3526,56,27170,181,30696,237,0,44,32,370,19,2605,0,104,46
12-19-20,Fentress,1687,18,1508,17,179,1,1741,23,8671,26,10412,49,0,27,9,260,9,1400,0,49,31
12-19-20,Franklin,3114,55,2838,54,276,1,3356,65,25272,228,28628,293,1,44,31,464,23,2606,1,80,47
12-19-20,Gibson,4421,54,2950,38,1471,16,3648,60,23493,183,27141,243,0,81,27,582,27,3758,0,88,89
12-19-20,Giles,2227,53,2059,52,168,1,2358,63,17184,142,19542,205,0,56,29,414,24,1757,0,90,61
12-19-20,Grainger,1567,26,1289,21,278,5,1455,27,10632,79,12087,106,0,22,18,296,8,1249,0,48,26
12-19-20,Greene,4839,95,4161,74,678,21,4663,88,32107,254,36770,342,0,82,67,959,28,3798,0,151,93
12-19-20,Grundy,1076,5,977,4,99,1,1139,7,5682,35,6821,42,0,14,-2,133,7,929,0,46,16
12-19-20,Hamblen,5077,47,4322,28,755,19,4863,50,36338,189,41201,239,1,71,24,812,22,4194,0,179,91
12-19-20,Hamilton,24179,361,22147,340,2032,21,24997,388,229151,1771,254148,2159,4,234,72,2396,285,21549,1,755,268
12-19-20,Hancock,291,7,237,4,54,3,258,5,3027,21,3285,26,0,4,5,50,2,237,0,14,5
12-19-20,Hardeman,2639,16,2339,12,300,4,2764,12,20302,51,23066,63,0,40,8,193,8,2406,0,89,43
12-19-20,Hardin,2373,25,1789,19,584,6,2168,20,18464,72,20632,92,0,33,15,305,10,2035,0,47,36
12-19-20,Hawkins,3131,63,2822,58,309,5,3056,60,22174,181,25230,241,0,48,37,618,26,2465,0,111,53
12-19-20,Haywood,2044,10,1795,6,249,4,2042,9,10871,39,12913,48,0,34,5,211,5,1799,0,60,36
12-19-20,Henderson,2602,39,1978,36,624,3,2571,39,13588,110,16159,149,1,40,16,354,22,2208,1,60,41
12-19-20,Henry,2102,28,1791,5,311,23,2069,19,14900,45,16969,64,0,31,15,211,13,1860,0,60,38
12-19-20,Hickman,1742,32,1569,31,173,1,1846,37,12328,94,14174,131,0,24,20,273,12,1445,0,37,25
12-19-20,Houston,744,11,599,3,145,8,685,4,6307,137,6992,141,0,21,8,67,3,656,0,37,23
12-19-20,Humphreys,1041,11,772,7,269,4,914,8,9016,47,9930,55,1,10,5,134,5,897,0,23,11
12-19-20,Jackson,932,7,754,7,178,0,896,10,4282,14,5178,24,0,18,2,115,5,799,0,29,18
12-19-20,Jefferson,3327,49,2699,30,628,19,3080,44,27895,141,30975,185,1,54,28,509,20,2764,1,127,61
12-19-20,Johnson,1678,2,1577,0,101,2,1687,1,11045,20,12732,21,0,27,1,102,1,1549,0,48,26
12-19-20,Knox,28522,526,26415,440,2107,86,28945,517,230377,1461,259322,1978,6,242,255,4396,265,23884,13,840,270
12-19-20,Lake,1338,2,1216,2,122,0,1449,4,8326,24,9775,28,0,11,1,56,1,1271,0,14,12
12-19-20,Lauderdale,2429,9,1989,5,440,4,2288,10,16861,48,19149,58,0,27,3,184,6,2218,0,74,26
12-19-20,Lawrence,3897,61,3302,53,595,8,3657,65,21487,249,25144,314,1,52,17,544,43,3301,0,111,58
12-19-20,Lewis,1064,6,965,5,99,1,1040,6,8270,43,9310,49,1,19,-3,121,8,924,0,32,19
12-19-20,Lincoln,2861,60,2386,55,475,5,2716,72,13417,151,16133,223,0,27,36,600,24,2234,0,60,31
12-19-20,Loudon,3454,64,3172,47,282,17,3470,55,23998,134,27468,189,0,28,42,643,22,2783,1,82,34
12-19-20,Macon,2436,22,2119,19,317,3,2524,23,12168,69,14692,92,0,34,13,350,9,2052,0,102,42
12-19-20,Madison,7223,81,4272,41,2951,40,5415,46,42867,287,48282,333,-1,140,1,496,81,6587,1,283,159
12-19-20,Marion,1765,12,1660,9,105,3,1898,15,12579,40,14477,55,0,22,-12,273,24,1470,0,83,26
12-19-20,Marshall,2471,40,2351,37,120,3,2659,42,17893,112,20552,154,0,27,30,352,10,2092,1,56,28
12-19-20,Maury,8186,114,7868,94,318,20,8739,106,54124,547,62863,653,1,95,53,958,60,7133,1,204,101
12-19-20,McMinn,3913,55,3692,46,221,9,4097,51,30253,135,34350,186,0,60,28,637,27,3216,0,112,63
12-19-20,McNairy,1762,16,1368,9,394,7,1757,10,12738,79,14495,89,0,35,12,188,4,1539,0,53,37
12-19-20,Meigs,809,9,773,9,36,0,873,12,5616,28,6489,40,1,14,2,160,6,635,0,30,15
12-19-20,Monroe,3310,70,3024,53,286,17,3388,65,20025,249,23413,314,0,50,44,592,26,2668,0,116,56
12-19-20,Montgomery,10034,163,8434,154,1600,9,9374,208,77915,642,87289,850,0,106,62,1398,101,8530,0,208,125
12-19-20,Moore,628,4,526,3,102,1,607,5,3782,12,4389,17,0,4,-4,125,8,499,0,8,6
12-19-20,Morgan,1366,25,1153,16,213,9,1245,31,12266,74,13511,105,0,11,15,334,10,1021,0,19,13
12-19-20,Obion,3386,22,2632,11,754,11,2993,24,16945,126,19938,150,0,66,0,337,22,2983,0,82,71
12-19-20,Out of State,10410,197,8774,148,1636,49,9770,193,469882,2662,479652,2855,1,64,110,1916,86,8430,0,148,45
12-19-20,Overton,1992,27,1662,21,330,6,1971,27,11640,50,13611,77,0,39,11,281,16,1672,0,53,45
12-19-20,Pending,7818,172,6185,125,1633,47,6897,169,296039,1976,302936,2145,1,56,69,1586,102,6176,2,88,60
12-19-20,Perry,764,19,702,18,62,1,784,24,5149,53,5933,77,0,23,16,140,3,601,0,26,23
12-19-20,Pickett,511,9,343,9,168,0,417,13,2524,14,2941,27,0,17,9,70,0,424,0,26,17
12-19-20,Polk,1013,17,951,16,62,1,1065,19,6530,57,7595,76,0,15,13,174,4,824,1,43,15
12-19-20,Putnam,7680,132,6702,125,978,7,8119,145,53890,535,62009,680,0,106,93,944,39,6630,1,170,123
12-19-20,Rhea,2685,59,2513,56,172,3,2842,62,19317,184,22159,246,1,44,40,492,18,2149,0,67,47
12-19-20,Roane,3681,86,3340,77,341,9,3718,107,32725,198,36443,305,0,44,62,632,24,3005,2,95,49
12-19-20,Robertson,5734,106,5235,77,499,29,5955,91,32036,271,37991,362,2,69,66,845,38,4820,6,286,74
12-19-20,Rutherford,25390,325,23820,294,1570,31,28032,354,164572,1354,192604,1708,1,213,157,3172,167,22005,1,440,227
12-19-20,Scott,1906,32,1268,22,638,10,1349,32,8915,82,10264,114,1,15,17,407,14,1484,0,47,19
12-19-20,Sequatchie,941,12,851,4,90,8,917,4,9399,33,10316,37,0,7,3,227,9,707,1,23,11
12-19-20,Sevier,7604,134,7165,120,439,14,7858,137,47294,254,55152,391,2,57,89,1355,43,6192,2,192,64
12-19-20,Shelby,60749,571,58421,540,2328,31,71997,668,642556,4631,714553,5299,6,808,46,5636,519,54305,11,2785,947
12-19-20,Smith,1901,23,1623,18,278,5,2031,25,9913,120,11944,145,0,23,10,259,13,1619,0,50,23
12-19-20,Stewart,780,11,657,7,123,4,751,9,5176,35,5927,44,0,19,6,67,5,694,0,20,20
12-19-20,Sullivan,9576,132,8654,109,922,23,9368,127,60712,559,70080,686,3,161,33,1247,96,8168,2,549,172
12-19-20,Sumner,14204,208,13665,190,539,18,15546,212,86946,598,102492,810,3,181,86,1725,119,12298,1,601,202
12-19-20,Tipton,4811,42,3805,27,1006,15,4619,33,35496,270,40115,303,1,49,18,521,23,4241,0,121,55
12-19-20,Trousdale,2085,17,2035,17,50,0,2171,18,7282,48,9453,66,0,12,13,109,4,1964,0,33,12
12-19-20,Unicoi,1247,16,1083,12,164,4,1201,12,10376,60,11577,72,0,36,11,166,5,1045,0,55,37
12-19-20,Union,1130,24,1017,22,113,2,1105,25,8076,79,9181,104,0,7,13,209,11,914,0,38,14
12-19-20,Van Buren,546,4,486,4,60,0,545,5,4050,5,4595,10,0,5,-1,88,5,453,0,12,5
12-19-20,Warren,3796,72,3407,65,389,7,3858,79,24824,157,28682,236,1,28,45,814,26,2954,0,66,36
12-19-20,Washington,8914,117,8103,98,811,19,8949,109,58826,410,67775,519,1,144,41,1348,75,7422,1,272,157
12-19-20,Wayne,2266,8,2042,7,224,1,2237,11,9148,57,11385,68,0,16,1,126,7,2124,0,40,17
12-19-20,Weakley,2813,47,2326,13,487,34,2660,18,17149,143,19809,161,0,40,34,310,13,2463,0,51,43
12-19-20,White,2465,24,2135,19,330,5,2669,21,18068,88,20737,109,0,36,8,312,16,2117,0,87,38
12-19-20,Williamson,15453,195,14393,164,1060,31,16201,188,128122,961,144323,1149,0,108,84,1646,111,13699,4,217,121
12-19-20,Wilson,10914,187,10385,170,529,17,11912,192,71728,523,83640,715,2,109,123,1438,62,9367,1,240,118
12-18-20,Anderson,4837,102,4255,80,582,22,4725,80,46930,358,51655,438,1,46,27,966,74,3825,2,126,55
12-18-20,Bedford,4025,56,3516,48,509,8,4075,54,23199,198,27274,252,2,54,-3,525,57,3446,1,93,58
12-18-20,Benton,1099,15,993,14,106,1,1102,22,7255,21,8357,43,0,26,0,108,15,965,0,28,31
12-18-20,Bledsoe,1457,22,1423,20,34,2,1509,21,11848,62,13357,83,0,6,7,119,15,1332,0,28,9
12-18-20,Blount,8892,296,8176,271,716,25,9078,287,53394,513,62472,800,2,82,170,1584,124,7226,4,235,96
12-18-20,Bradley,7879,152,7105,122,774,30,8144,131,44889,311,53033,442,1,57,26,1220,125,6602,3,369,73
12-18-20,Campbell,2266,39,1668,27,598,12,1879,30,20795,149,22674,179,0,30,-2,342,41,1894,0,85,35
12-18-20,Cannon,1217,29,1098,28,119,1,1231,28,6994,75,8225,103,0,7,11,235,18,975,0,21,12
12-18-20,Carroll,2391,48,1805,28,586,20,2152,31,16330,84,18482,115,-2,45,27,307,23,2039,0,64,51
12-18-20,Carter,3992,68,3625,52,367,16,3966,59,27593,134,31559,193,0,76,-9,591,77,3325,1,184,81
12-18-20,Cheatham,2396,55,2139,46,257,9,2449,47,19286,167,21735,214,0,18,16,368,39,2010,0,58,22
12-18-20,Chester,1309,9,1018,6,291,3,1249,7,8424,22,9673,29,0,26,-9,121,18,1162,0,30,30
12-18-20,Claiborne,1379,29,1069,20,310,9,1166,16,16803,183,17969,199,1,12,-11,208,39,1159,0,41,18
12-18-20,Clay,787,14,584,13,203,1,662,13,4468,42,5130,55,0,21,-3,136,17,630,0,19,24
12-18-20,Cocke,2381,67,1991,54,390,13,2191,52,15294,134,17485,186,1,35,30,424,36,1922,0,81,44
12-18-20,Coffee,4259,97,3358,77,901,20,4099,84,33977,279,38076,363,1,53,25,722,71,3484,2,82,59
12-18-20,Crockett,1468,15,982,6,486,9,1156,5,5810,27,6966,32,0,29,4,187,11,1252,0,27,31
12-18-20,Cumberland,3765,61,3514,52,251,9,4062,55,38067,211,42129,266,0,47,23,657,38,3061,0,111,55
12-18-20,Davidson,54919,698,53533,633,1386,65,65328,722,648312,3906,713640,4628,6,495,181,5271,511,49153,4,1625,532
12-18-20,Decatur,1184,20,931,16,253,4,1126,16,9438,42,10564,58,0,17,9,148,11,1019,0,29,17
12-18-20,Dekalb,1806,20,1475,17,331,3,1725,19,13587,77,15312,96,1,27,-15,283,34,1496,0,42,29
12-18-20,Dickson,4048,51,3204,36,844,15,3878,40,25839,188,29717,228,1,51,19,510,31,3487,0,89,58
12-18-20,Dyer,3905,26,2902,17,1003,9,3278,17,17952,42,21230,59,1,64,-5,347,30,3494,0,93,68
12-18-20,Fayette,2968,49,2788,44,180,5,3470,49,26989,326,30459,375,0,44,20,338,29,2586,0,104,46
12-18-20,Fentress,1669,41,1491,35,178,6,1718,36,8645,50,10363,86,0,27,18,251,23,1391,1,49,30
12-18-20,Franklin,3059,66,2784,59,275,7,3291,69,25044,212,28335,281,0,43,24,433,42,2583,1,79,46
12-18-20,Gibson,4367,33,2912,14,1455,19,3588,12,23310,129,26898,141,1,81,-14,555,46,3731,0,88,88
12-18-20,Giles,2174,39,2007,34,167,5,2295,46,17042,145,19337,191,0,56,6,385,33,1733,0,90,60
12-18-20,Grainger,1541,42,1268,41,273,1,1428,41,10553,116,11981,157,1,22,12,278,29,1241,0,48,26
12-18-20,Greene,4744,106,4087,95,657,11,4575,100,31853,279,36428,379,2,82,30,892,74,3770,1,151,90
12-18-20,Grundy,1071,21,973,20,98,1,1132,22,5647,60,6779,82,0,14,11,135,10,922,0,46,15
12-18-20,Hamblen,5030,95,4294,78,736,17,4813,76,36149,229,40962,305,0,70,15,788,80,4172,0,179,90
12-18-20,Hamilton,23818,471,21807,425,2011,46,24609,450,227380,1542,251989,1992,1,230,144,2324,326,21264,8,754,265
12-18-20,Hancock,284,2,233,1,51,1,253,1,3006,38,3259,39,0,4,-1,45,3,235,0,14,5
12-18-20,Hardeman,2623,18,2327,17,296,1,2752,19,20251,154,23003,173,0,40,2,185,16,2398,0,89,43
12-18-20,Hardin,2348,23,1770,20,578,3,2148,20,18392,99,20540,119,0,33,7,290,16,2025,0,47,36
12-18-20,Hawkins,3068,72,2764,65,304,7,2996,59,21993,216,24989,275,2,48,17,581,53,2439,1,111,52
12-18-20,Haywood,2034,18,1789,11,245,7,2033,10,10832,55,12865,65,1,34,-8,206,25,1794,0,60,36
12-18-20,Henderson,2563,31,1942,27,621,4,2532,32,13478,83,16010,115,0,39,6,338,25,2186,1,59,41
12-18-20,Henry,2074,27,1786,15,288,12,2050,11,14855,63,16905,74,3,31,5,196,19,1847,0,60,38
12-18-20,Hickman,1710,29,1538,28,172,1,1809,36,12234,117,14043,153,1,24,10,253,18,1433,0,37,25
12-18-20,Houston,733,10,596,8,137,2,681,9,6170,36,6851,45,0,21,2,59,8,653,0,37,22
12-18-20,Humphreys,1030,26,765,21,265,5,906,23,8969,73,9875,96,1,9,16,129,9,892,0,23,11
12-18-20,Jackson,925,9,747,8,178,1,886,9,4268,23,5154,32,0,18,2,113,7,794,0,29,18
12-18-20,Jefferson,3278,56,2669,39,609,17,3036,41,27754,201,30790,242,2,53,12,481,42,2744,2,126,60
12-18-20,Johnson,1676,7,1577,6,99,1,1686,6,11025,59,12711,65,1,27,-4,101,10,1548,0,48,26
12-18-20,Knox,27996,486,25975,424,2021,62,28428,411,228916,1340,257344,1751,4,236,99,4141,383,23619,11,827,263
12-18-20,Lake,1336,2,1214,0,122,2,1445,0,8302,15,9747,15,0,11,-6,55,8,1270,0,14,11
12-18-20,Lauderdale,2420,15,1984,8,436,7,2278,8,16813,38,19091,46,0,27,-2,181,17,2212,1,74,26
12-18-20,Lawrence,3836,53,3249,46,587,7,3592,51,21238,155,24830,206,0,51,-17,527,70,3258,2,111,56
12-18-20,Lewis,1058,8,960,8,98,0,1034,10,8227,37,9261,47,1,18,-5,124,12,916,0,32,19
12-18-20,Lincoln,2801,60,2331,55,470,5,2644,66,13266,119,15910,185,0,27,-21,564,81,2210,1,60,30
12-18-20,Loudon,3390,52,3125,45,265,7,3415,45,23864,117,27279,162,3,28,6,601,43,2761,0,81,32
12-18-20,Macon,2414,35,2100,31,314,4,2501,32,12099,64,14600,96,0,34,15,337,20,2043,0,102,40
12-18-20,Madison,7142,55,4231,27,2911,28,5369,25,42580,234,47949,259,1,141,-31,495,85,6506,2,282,157
12-18-20,Marion,1753,31,1651,29,102,2,1883,29,12539,73,14422,102,0,22,-7,285,38,1446,0,83,25
12-18-20,Marshall,2431,70,2314,68,117,2,2617,80,17781,263,20398,343,1,27,32,322,37,2082,0,55,27
12-18-20,Maury,8072,122,7774,115,298,7,8633,130,53577,499,62210,629,0,94,9,905,113,7073,0,203,101
12-18-20,McMinn,3858,58,3646,55,212,3,4046,57,30118,190,34164,247,0,60,15,609,43,3189,2,112,63
12-18-20,McNairy,1746,32,1359,27,387,5,1747,26,12659,122,14406,148,1,35,16,176,15,1535,1,53,37
12-18-20,Meigs,800,20,764,18,36,2,861,20,5588,52,6449,72,0,13,11,158,9,629,1,30,14
12-18-20,Monroe,3240,44,2971,42,269,2,3323,41,19776,70,23099,111,0,50,2,548,42,2642,0,116,56
12-18-20,Montgomery,9871,215,8280,144,1591,71,9166,133,77273,637,86439,770,3,106,82,1336,130,8429,2,208,121
12-18-20,Moore,624,22,523,22,101,0,602,26,3770,38,4372,64,0,4,9,129,13,491,1,8,6
12-18-20,Morgan,1341,26,1137,23,204,3,1214,21,12192,56,13406,77,0,11,-9,319,35,1011,0,19,13
12-18-20,Obion,3364,31,2621,22,743,9,2969,21,16819,89,19788,110,1,66,1,337,29,2961,0,82,71
12-18-20,Out of State,10213,198,8626,171,1587,27,9577,176,467220,2997,476797,3173,1,63,23,1806,174,8344,1,148,45
12-18-20,Overton,1965,38,1641,33,324,5,1944,32,11590,86,13534,118,0,39,20,270,18,1656,0,53,44
12-18-20,Pending,7646,211,6060,160,1586,51,6728,174,294063,1805,300791,1979,3,55,43,1517,165,6074,1,86,56
12-18-20,Perry,745,17,684,17,61,0,760,18,5096,35,5856,53,0,23,7,124,10,598,0,26,23
12-18-20,Pickett,502,6,334,6,168,0,404,3,2510,5,2914,8,1,17,0,61,5,424,0,26,17
12-18-20,Polk,996,27,935,26,61,1,1046,21,6473,63,7519,84,0,15,13,161,14,820,0,42,15
12-18-20,Putnam,7548,93,6577,69,971,24,7974,73,53355,265,61329,338,5,106,16,851,72,6591,0,169,119
12-18-20,Rhea,2626,51,2457,44,169,7,2780,45,19133,130,21913,175,1,43,24,452,26,2131,3,67,47
12-18-20,Roane,3595,78,3263,72,332,6,3611,70,32527,228,36138,298,4,44,24,570,50,2981,1,93,48
12-18-20,Robertson,5628,120,5158,86,470,34,5864,88,31765,229,37629,317,1,67,44,779,75,4782,5,280,72
12-18-20,Rutherford,25065,425,23526,320,1539,105,27678,351,163218,1307,190896,1658,4,212,69,3015,352,21838,2,439,224
12-18-20,Scott,1874,67,1246,47,628,20,1317,42,8833,69,10150,111,2,14,25,390,40,1470,0,47,18
12-18-20,Sequatchie,929,20,847,18,82,2,913,18,9366,69,10279,87,1,7,-1,224,20,698,1,22,10
12-18-20,Sevier,7470,171,7045,155,425,16,7721,154,47040,473,54761,627,1,55,70,1266,100,6149,0,190,64
12-18-20,Shelby,60178,679,57881,627,2297,52,71329,711,637925,5632,709254,6343,20,802,89,5590,570,53786,12,2774,942
12-18-20,Smith,1878,41,1605,27,273,14,2006,27,9793,82,11799,109,0,23,27,249,14,1606,0,50,23
12-18-20,Stewart,769,16,650,14,119,2,742,13,5141,19,5883,32,0,19,-1,61,17,689,0,20,20
12-18-20,Sullivan,9444,180,8545,139,899,41,9241,146,60153,421,69394,567,4,158,45,1214,131,8072,3,547,170
12-18-20,Sumner,13996,258,13475,248,521,10,15334,245,86348,584,101682,829,5,178,74,1639,179,12179,2,600,201
12-18-20,Tipton,4769,48,3778,31,991,17,4586,33,35226,202,39812,235,1,48,-6,503,53,4218,0,121,55
12-18-20,Trousdale,2068,5,2018,5,50,0,2153,6,7234,20,9387,26,0,12,0,96,5,1960,0,33,12
12-18-20,Unicoi,1231,21,1071,18,160,3,1189,17,10316,38,11505,55,1,36,6,155,14,1040,0,55,36
12-18-20,Union,1106,11,995,10,111,1,1080,8,7997,38,9077,46,0,7,-17,196,28,903,0,38,14
12-18-20,Van Buren,542,10,482,6,60,4,540,6,4045,6,4585,12,0,5,2,89,8,448,0,12,5
12-18-20,Warren,3724,74,3342,69,382,5,3779,77,24667,227,28446,304,1,27,12,769,61,2928,1,66,35
12-18-20,Washington,8797,202,8005,141,792,61,8840,143,58416,506,67256,649,8,143,57,1307,137,7347,1,271,154
12-18-20,Wayne,2258,9,2035,9,223,0,2226,10,9091,42,11317,52,0,16,0,125,9,2117,0,40,17
12-18-20,Weakley,2766,38,2313,29,453,9,2642,33,17006,72,19648,105,0,40,10,276,28,2450,0,51,43
12-18-20,White,2441,29,2116,24,325,5,2648,33,17980,129,20628,162,2,36,-1,304,28,2101,1,87,38
12-18-20,Williamson,15258,272,14229,230,1029,42,16013,240,127161,1027,143174,1267,1,108,98,1562,173,13588,1,213,119
12-18-20,Wilson,10727,186,10215,175,512,11,11720,186,71205,605,82925,791,1,107,63,1315,122,9305,2,239,117
12-17-20,Anderson,4735,206,4175,179,560,27,4645,173,46572,514,51217,687,2,45,120,939,84,3751,2,124,55
12-17-20,Bedford,3969,55,3468,28,501,27,4021,22,23001,134,27022,156,3,52,-17,528,69,3389,0,92,57
12-17-20,Benton,1084,17,979,16,105,1,1080,18,7234,48,8314,66,1,26,6,108,10,950,0,28,30
12-17-20,Bledsoe,1435,19,1403,17,32,2,1488,19,11786,71,13274,90,0,6,12,112,7,1317,0,28,9
12-17-20,Blount,8596,218,7905,194,691,24,8791,197,52881,429,61672,626,8,80,49,1414,161,7102,0,231,95
12-17-20,Bradley,7727,260,6983,214,744,46,8013,217,44578,541,52591,758,4,56,125,1194,131,6477,6,366,70
12-17-20,Campbell,2227,52,1641,44,586,8,1849,45,20646,186,22495,231,3,30,9,344,40,1853,0,85,34
12-17-20,Cannon,1188,19,1070,16,118,3,1203,16,6919,25,8122,41,2,7,-1,224,18,957,0,21,12
12-17-20,Carroll,2343,44,1777,22,566,22,2121,26,16246,83,18367,109,4,47,13,280,27,2016,0,64,50
12-17-20,Carter,3924,66,3573,57,351,9,3907,61,27459,231,31366,292,1,76,5,600,60,3248,0,183,81
12-17-20,Cheatham,2341,47,2093,22,248,25,2402,20,19119,133,21521,153,0,18,19,352,28,1971,0,58,21
12-17-20,Chester,1300,18,1012,15,288,3,1242,16,8402,36,9644,52,1,26,-1,130,18,1144,0,30,29
12-17-20,Claiborne,1350,42,1049,32,301,10,1150,33,16620,153,17770,186,0,11,25,219,17,1120,0,41,18
12-17-20,Clay,773,15,571,15,202,0,649,16,4426,45,5075,61,2,21,1,139,12,613,0,19,23
12-17-20,Cocke,2314,66,1937,54,377,12,2139,51,15160,141,17299,192,1,34,23,394,42,1886,2,81,44
12-17-20,Coffee,4162,67,3281,43,881,24,4015,62,33698,253,37713,315,0,52,-10,697,77,3413,1,80,59
12-17-20,Crockett,1453,46,976,25,477,21,1151,25,5783,52,6934,77,0,29,29,183,17,1241,0,27,31
12-17-20,Cumberland,3704,99,3462,90,242,9,4007,82,37856,463,41863,545,3,47,48,634,48,3023,1,111,54
12-17-20,Davidson,54221,874,52900,816,1321,58,64606,965,644406,4337,709012,5302,8,489,364,5090,502,48642,8,1621,525
12-17-20,Decatur,1164,30,915,23,249,7,1110,24,9396,64,10506,88,0,17,21,139,9,1008,0,29,17
12-17-20,Dekalb,1786,40,1458,25,328,15,1706,27,13510,86,15216,113,0,26,6,298,34,1462,2,42,29
12-17-20,Dickson,3997,102,3168,75,829,27,3838,78,25651,216,29489,294,2,50,37,491,63,3456,1,89,57
12-17-20,Dyer,3879,48,2885,30,994,18,3261,30,17910,56,21171,86,0,63,3,352,45,3464,0,93,68
12-17-20,Fayette,2919,57,2744,51,175,6,3421,59,26663,196,30084,255,2,44,24,318,31,2557,0,104,46
12-17-20,Fentress,1628,54,1456,51,172,3,1682,49,8595,109,10277,158,0,27,25,233,29,1368,0,48,30
12-17-20,Franklin,2993,89,2725,77,268,12,3222,79,24832,227,28054,306,2,43,46,409,41,2541,0,78,46
12-17-20,Gibson,4334,97,2898,49,1436,48,3576,39,23181,157,26757,196,0,80,64,569,33,3685,2,88,86
12-17-20,Giles,2135,86,1973,77,162,9,2249,79,16897,232,19146,311,0,56,51,379,35,1700,0,90,58
12-17-20,Grainger,1499,31,1227,23,272,8,1387,23,10437,44,11824,67,0,21,2,266,29,1212,0,48,26
12-17-20,Greene,4638,129,3992,93,646,36,4475,100,31574,348,36049,448,0,80,68,862,61,3696,1,150,90
12-17-20,Grundy,1050,21,953,19,97,2,1110,23,5587,70,6697,93,0,14,5,124,16,912,0,46,15
12-17-20,Hamblen,4935,125,4216,88,719,37,4737,75,35920,258,40657,333,2,70,67,773,56,4092,3,179,89
12-17-20,Hamilton,23347,477,21382,352,1965,125,24159,382,225838,1566,249997,1948,6,229,151,2180,320,20938,9,746,260
12-17-20,Hancock,282,14,232,13,50,1,252,13,2968,28,3220,41,0,4,9,46,5,232,1,14,5
12-17-20,Hardeman,2605,32,2310,20,295,12,2733,21,20097,69,22830,90,0,40,4,183,28,2382,0,89,43
12-17-20,Hardin,2325,56,1750,31,575,25,2128,35,18293,178,20421,213,0,33,14,283,42,2009,1,47,34
12-17-20,Hawkins,2996,79,2699,73,297,6,2937,77,21777,298,24714,375,0,46,12,564,67,2386,0,110,51
12-17-20,Haywood,2016,34,1778,25,238,9,2023,26,10777,67,12800,93,2,33,16,214,16,1769,1,60,35
12-17-20,Henderson,2532,34,1915,13,617,21,2500,11,13395,37,15895,48,1,39,-7,332,40,2161,0,58,41
12-17-20,Henry,2047,26,1771,20,276,6,2039,21,14792,87,16831,108,0,28,-19,191,45,1828,0,60,36
12-17-20,Hickman,1681,55,1510,49,171,6,1773,48,12117,117,13890,165,1,23,13,243,41,1415,1,37,25
12-17-20,Houston,723,5,588,1,135,4,672,2,6134,15,6806,17,0,21,-1,57,6,645,0,37,22
12-17-20,Humphreys,1004,19,744,13,260,6,883,16,8896,69,9779,85,0,8,12,113,7,883,0,23,11
12-17-20,Jackson,916,20,739,14,177,6,877,16,4245,50,5122,66,1,18,3,111,16,787,1,29,18
12-17-20,Jefferson,3222,80,2630,58,592,22,2995,54,27553,191,30548,245,8,51,5,469,67,2702,1,124,60
12-17-20,Johnson,1669,31,1571,29,98,2,1680,32,10966,121,12646,153,0,26,11,105,20,1538,0,48,26
12-17-20,Knox,27510,725,25551,626,1959,99,28017,649,227576,1882,255593,2531,11,232,278,4042,436,23236,11,816,257
12-17-20,Lake,1334,12,1214,8,120,4,1445,7,8287,51,9732,58,0,11,-6,61,18,1262,0,14,11
12-17-20,Lauderdale,2405,29,1976,20,429,9,2270,23,16775,112,19045,135,0,27,13,183,16,2195,0,73,26
12-17-20,Lawrence,3783,59,3203,52,580,7,3541,49,21083,179,24624,228,3,51,-7,544,63,3188,0,109,54
12-17-20,Lewis,1050,17,952,11,98,6,1024,16,8190,79,9214,95,0,17,0,129,17,904,0,32,19
12-17-20,Lincoln,2741,71,2276,54,465,17,2578,62,13147,115,15725,177,1,27,14,585,56,2129,1,59,30
12-17-20,Loudon,3338,117,3080,79,258,38,3370,79,23747,152,27117,231,1,25,68,595,48,2718,0,81,31
12-17-20,Macon,2379,50,2069,27,310,23,2469,25,12035,71,14504,96,1,34,32,322,17,2023,2,102,38
12-17-20,Madison,7087,146,4204,49,2883,97,5344,56,42346,161,47690,217,8,140,62,526,76,6421,0,280,154
12-17-20,Marion,1722,37,1622,30,100,7,1854,34,12466,130,14320,164,0,22,-11,292,48,1408,2,83,23
12-17-20,Marshall,2361,47,2246,35,115,12,2537,31,17518,170,20055,201,0,26,17,290,30,2045,1,55,27
12-17-20,Maury,7950,162,7659,153,291,9,8503,160,53078,527,61581,687,0,94,48,896,114,6960,1,203,99
12-17-20,McMinn,3800,105,3591,93,209,12,3989,92,29928,253,33917,345,0,60,53,594,52,3146,3,110,62
12-17-20,McNairy,1714,43,1332,17,382,26,1721,18,12537,172,14258,190,-1,34,29,160,15,1520,1,52,37
12-17-20,Meigs,780,32,746,28,34,4,841,30,5536,61,6377,91,0,13,13,147,19,620,1,29,14
12-17-20,Monroe,3196,106,2929,72,267,34,3282,67,19706,170,22988,237,1,50,51,546,54,2600,1,116,54
12-17-20,Montgomery,9656,228,8136,127,1520,101,9033,114,76636,719,85669,833,1,103,50,1254,177,8299,2,206,119
12-17-20,Moore,602,12,501,8,101,4,576,9,3732,21,4308,30,0,4,-4,120,16,478,0,7,6
12-17-20,Morgan,1315,86,1114,70,201,16,1193,62,12136,76,13329,138,1,11,51,328,34,976,0,19,13
12-17-20,Obion,3333,50,2599,31,734,19,2948,25,16730,129,19678,154,0,65,26,336,24,2932,1,82,70
12-17-20,Out of State,10015,299,8455,183,1560,116,9401,211,464223,3429,473624,3640,4,62,61,1783,234,8170,1,147,45
12-17-20,Overton,1927,29,1608,22,319,7,1912,25,11504,86,13416,111,0,39,13,250,16,1638,0,53,42
12-17-20,Pending,7435,290,5900,207,1535,83,6554,212,292258,1945,298812,2157,5,52,126,1474,159,5909,2,85,54
12-17-20,Perry,728,30,667,28,61,2,742,29,5061,61,5803,90,1,23,25,117,4,588,0,26,23
12-17-20,Pickett,496,9,328,5,168,4,401,5,2505,26,2906,31,0,16,3,61,6,419,0,26,17
12-17-20,Polk,969,30,909,28,60,2,1025,36,6410,81,7435,117,0,15,10,148,20,806,1,42,15
12-17-20,Putnam,7455,100,6508,76,947,24,7901,86,53090,455,60991,541,9,101,5,835,86,6519,0,169,118
12-17-20,Rhea,2575,91,2413,83,162,8,2735,92,19003,248,21738,340,1,42,48,428,42,2105,1,64,47
12-17-20,Roane,3517,71,3191,57,326,14,3541,45,32299,234,35840,279,0,40,17,546,54,2931,1,92,48
12-17-20,Robertson,5508,162,5072,113,436,49,5776,118,31536,225,37312,343,1,66,55,735,106,4707,5,275,70
12-17-20,Rutherford,24640,490,23206,417,1434,73,27327,474,161911,1340,189238,1814,7,208,123,2946,360,21486,3,437,221
12-17-20,Scott,1807,35,1199,22,608,13,1275,20,8764,58,10039,78,0,12,2,365,33,1430,2,47,18
12-17-20,Sequatchie,909,29,829,24,80,5,895,24,9297,79,10192,103,1,6,7,225,21,678,1,21,10
12-17-20,Sevier,7299,252,6890,233,409,19,7567,238,46567,612,54134,850,0,54,110,1196,142,6049,4,190,64
12-17-20,Shelby,59499,649,57254,563,2245,86,70618,694,632293,4842,702911,5536,21,782,81,5501,547,53216,14,2762,929
12-17-20,Smith,1837,40,1578,30,259,10,1979,30,9711,63,11690,93,3,23,13,222,24,1592,0,50,23
12-17-20,Stewart,753,12,636,10,117,2,729,10,5122,35,5851,45,0,19,5,62,7,672,0,20,20
12-17-20,Sullivan,9264,178,8406,165,858,13,9095,171,59732,489,68827,660,4,154,-9,1169,183,7941,1,544,169
12-17-20,Sumner,13738,246,13227,213,511,33,15089,240,85764,671,100853,911,6,173,31,1565,209,12000,2,598,198
12-17-20,Tipton,4721,102,3747,56,974,46,4553,61,35024,269,39577,330,1,47,49,509,52,4165,0,121,55
12-17-20,Trousdale,2063,18,2013,13,50,5,2147,14,7214,45,9361,59,0,12,8,96,10,1955,0,33,12
12-17-20,Unicoi,1210,25,1053,20,157,5,1172,26,10278,97,11450,123,1,35,7,149,17,1026,0,55,36
12-17-20,Union,1095,29,985,26,110,3,1072,24,7959,87,9031,111,0,7,9,213,20,875,0,38,14
12-17-20,Van Buren,532,5,476,3,56,2,534,4,4039,10,4573,14,0,5,0,87,5,440,0,12,5
12-17-20,Warren,3650,73,3273,62,377,11,3702,60,24440,219,28142,279,2,26,-7,757,78,2867,2,65,34
12-17-20,Washington,8595,161,7864,127,731,34,8697,129,57910,377,66607,506,0,135,22,1250,139,7210,1,270,152
12-17-20,Wayne,2249,26,2026,23,223,3,2216,22,9049,53,11265,75,1,16,15,125,10,2108,2,40,17
12-17-20,Weakley,2728,49,2284,34,444,15,2609,31,16934,87,19543,118,-1,40,20,266,30,2422,0,51,42
12-17-20,White,2412,37,2092,30,320,7,2615,34,17851,148,20466,182,6,34,-3,305,34,2073,0,86,36
12-17-20,Williamson,14986,207,13999,165,987,42,15773,177,126134,830,141907,1007,4,107,29,1464,174,13415,0,212,118
12-17-20,Wilson,10541,214,10040,196,501,18,11534,214,70600,613,82134,827,3,106,65,1252,146,9183,1,237,115
12-16-20,Anderson,4529,70,3996,31,533,39,4472,36,46058,321,50530,357,2,43,-17,819,85,3667,4,122,53
12-16-20,Bedford,3914,56,3440,34,474,22,3999,36,22867,68,26866,104,3,49,-30,545,83,3320,1,92,57
12-16-20,Benton,1067,18,963,16,104,2,1062,20,7186,24,8248,44,0,25,1,102,17,940,0,28,28
12-16-20,Bledsoe,1416,19,1386,12,30,7,1469,11,11715,40,13184,51,0,6,6,100,13,1310,1,28,8
12-16-20,Blount,8378,180,7711,134,667,46,8594,146,52452,368,61046,514,1,72,32,1365,147,6941,4,231,94
12-16-20,Bradley,7467,163,6769,117,698,46,7796,128,44037,373,51833,501,2,52,29,1069,132,6346,4,360,65
12-16-20,Campbell,2175,81,1597,37,578,44,1804,38,20460,103,22264,141,0,27,48,335,33,1813,0,85,34
12-16-20,Cannon,1169,35,1054,31,115,4,1187,33,6894,54,8081,87,0,5,-19,225,54,939,0,21,12
12-16-20,Carroll,2299,46,1755,20,544,26,2095,22,16163,57,18258,79,3,43,7,267,36,1989,1,64,50
12-16-20,Carter,3858,66,3516,53,342,13,3846,51,27228,122,31074,173,0,75,-2,595,68,3188,1,183,81
12-16-20,Cheatham,2294,71,2071,49,223,22,2382,54,18986,139,21368,193,0,18,33,333,38,1943,0,58,21
12-16-20,Chester,1282,19,997,12,285,7,1226,15,8366,96,9592,111,0,25,-1,131,20,1126,0,30,29
12-16-20,Claiborne,1308,20,1017,15,291,5,1117,12,16467,111,17584,123,0,11,-4,194,24,1103,0,41,18
12-16-20,Clay,758,38,556,30,202,8,633,30,4381,23,5014,53,0,19,26,138,12,601,0,19,22
12-16-20,Cocke,2248,45,1883,32,365,13,2088,30,15019,89,17107,119,0,33,3,371,42,1844,0,79,43
12-16-20,Coffee,4095,90,3238,27,857,63,3953,21,33445,129,37398,150,0,52,16,707,74,3336,3,79,59
12-16-20,Crockett,1407,21,951,5,456,16,1126,5,5731,18,6857,23,0,29,11,154,10,1224,0,27,30
12-16-20,Cumberland,3605,144,3372,125,233,19,3925,129,37393,240,41318,369,0,44,86,586,58,2975,2,110,53
12-16-20,Davidson,53347,724,52084,639,1263,85,63641,749,640069,3764,703710,4513,1,481,169,4726,554,48140,12,1613,518
12-16-20,Decatur,1134,30,892,18,242,12,1086,15,9332,69,10418,84,0,17,25,118,5,999,0,29,17
12-16-20,Dekalb,1746,47,1433,31,313,16,1679,35,13424,98,15103,133,1,26,21,292,25,1428,0,40,29
12-16-20,Dickson,3895,74,3093,49,802,25,3760,57,25435,231,29195,288,0,48,-10,454,84,3393,0,88,56
12-16-20,Dyer,3831,51,2855,24,976,27,3231,23,17854,89,21085,112,2,63,17,349,32,3419,0,93,67
12-16-20,Fayette,2862,50,2693,36,169,14,3362,48,26467,191,29829,239,0,42,12,294,38,2526,0,104,46
12-16-20,Fentress,1574,16,1405,11,169,5,1633,12,8486,61,10119,73,0,27,-6,208,22,1339,0,48,30
12-16-20,Franklin,2904,34,2648,16,256,18,3143,19,24605,83,27748,102,0,41,-17,363,51,2500,0,78,46
12-16-20,Gibson,4237,100,2849,49,1388,51,3537,50,23024,113,26561,163,1,80,46,505,53,3652,0,86,85
12-16-20,Giles,2049,32,1896,27,153,5,2170,24,16665,78,18835,102,2,56,-12,328,42,1665,1,90,58
12-16-20,Grainger,1468,29,1204,15,264,14,1364,16,10393,60,11757,76,0,21,11,264,18,1183,1,48,26
12-16-20,Greene,4509,108,3899,65,610,43,4375,62,31226,215,35601,277,0,80,47,794,61,3635,3,149,89
12-16-20,Grundy,1029,14,934,7,95,7,1087,6,5517,84,6604,90,0,14,2,119,12,896,0,46,15
12-16-20,Hamblen,4810,99,4128,67,682,32,4662,70,35662,227,40324,297,0,68,-8,706,107,4036,0,176,89
12-16-20,Hamilton,22870,596,21030,365,1840,231,23777,398,224272,1181,248049,1579,-1,223,288,2029,309,20618,6,737,253
12-16-20,Hancock,268,4,219,3,49,1,239,1,2940,4,3179,5,0,4,-2,37,6,227,0,13,5
12-16-20,Hardeman,2573,24,2290,13,283,11,2712,15,20028,92,22740,107,0,40,9,179,15,2354,2,89,43
12-16-20,Hardin,2269,40,1719,25,550,15,2093,27,18115,55,20208,82,1,33,9,269,30,1967,0,46,34
12-16-20,Hawkins,2917,41,2626,26,291,15,2860,28,21479,139,24339,167,1,46,-13,552,53,2319,2,110,50
12-16-20,Haywood,1982,17,1753,14,229,3,1997,17,10710,56,12707,73,0,31,-13,198,30,1753,0,59,35
12-16-20,Henderson,2498,56,1902,41,596,15,2489,45,13358,75,15847,120,0,38,19,339,37,2121,0,58,40
12-16-20,Henry,2021,26,1751,23,270,3,2018,22,14705,67,16723,89,0,28,-1,210,27,1783,0,60,35
12-16-20,Hickman,1626,18,1461,15,165,3,1725,12,12000,58,13725,70,0,22,-13,230,31,1374,0,36,25
12-16-20,Houston,718,15,587,12,131,3,670,11,6119,95,6789,106,0,21,7,58,8,639,2,37,22
12-16-20,Humphreys,985,14,731,9,254,5,867,9,8827,40,9694,49,0,8,2,101,12,876,0,23,11
12-16-20,Jackson,896,14,725,11,171,3,861,13,4195,27,5056,40,0,17,-8,108,22,771,1,28,18
12-16-20,Jefferson,3142,50,2572,26,570,24,2941,31,27362,130,30303,161,0,43,2,464,48,2635,0,123,59
12-16-20,Johnson,1638,3,1542,2,96,1,1648,1,10845,13,12493,14,0,26,-8,94,11,1518,0,48,26
12-16-20,Knox,26785,562,24925,451,1860,111,27368,462,225694,1715,253062,2177,8,221,94,3764,460,22800,11,805,253
12-16-20,Lake,1322,10,1206,6,116,4,1438,8,8236,18,9674,26,0,11,3,67,7,1244,0,14,11
12-16-20,Lauderdale,2376,25,1956,12,420,13,2247,14,16663,80,18910,94,1,27,8,170,16,2179,2,73,25
12-16-20,Lawrence,3724,48,3151,30,573,18,3492,33,20904,72,24396,105,1,48,-11,551,58,3125,0,109,53
12-16-20,Lewis,1033,15,941,9,92,6,1008,4,8111,16,9119,20,0,17,2,129,13,887,1,32,19
12-16-20,Lincoln,2670,49,2222,33,448,16,2516,32,13032,34,15548,66,0,26,-13,571,62,2073,1,58,29
12-16-20,Loudon,3221,80,3001,50,220,30,3291,52,23595,138,26886,190,1,24,41,527,38,2670,0,81,29
12-16-20,Macon,2329,61,2042,40,287,21,2444,45,11964,78,14408,123,0,33,29,290,32,2006,0,100,37
12-16-20,Madison,6941,178,4155,59,2786,119,5288,62,42185,140,47473,202,2,132,86,464,90,6345,3,280,154
12-16-20,Marion,1685,40,1592,21,93,19,1820,25,12336,118,14156,143,1,22,7,303,32,1360,1,81,23
12-16-20,Marshall,2314,21,2211,14,103,7,2506,11,17348,69,19854,80,1,26,-11,273,31,2015,0,54,27
12-16-20,Maury,7788,82,7506,58,282,24,8343,61,52551,192,60894,253,2,94,-28,848,108,6846,1,202,98
12-16-20,McMinn,3695,52,3498,48,197,4,3897,49,29675,250,33572,299,0,60,-17,541,69,3094,0,107,62
12-16-20,McNairy,1671,37,1315,24,356,13,1703,26,12365,134,14068,160,0,35,18,131,19,1505,0,51,37
12-16-20,Meigs,748,10,718,10,30,0,811,11,5475,41,6286,52,0,13,-7,134,17,601,0,28,14
12-16-20,Monroe,3090,64,2857,39,233,25,3215,43,19536,162,22751,205,1,49,12,495,51,2546,0,115,53
12-16-20,Montgomery,9428,275,8009,100,1419,175,8919,111,75917,449,84836,560,0,102,151,1204,124,8122,1,204,117
12-16-20,Moore,590,11,493,3,97,8,567,3,3711,10,4278,13,0,4,4,124,7,462,0,7,5
12-16-20,Morgan,1229,30,1044,16,185,14,1131,17,12060,55,13191,72,0,10,5,277,25,942,1,19,13
12-16-20,Obion,3283,49,2568,30,715,19,2923,32,16601,95,19524,127,1,65,9,310,39,2908,0,81,70
12-16-20,Out of State,9716,240,8272,161,1444,79,9190,170,460794,2295,469984,2465,0,58,1,1722,239,7936,4,146,44
12-16-20,Overton,1898,43,1586,34,312,9,1887,35,11418,66,13305,101,0,39,20,237,23,1622,0,53,42
12-16-20,Pending,7145,233,5693,146,1452,87,6342,149,290313,1714,296655,1863,2,47,59,1348,172,5750,4,83,54
12-16-20,Perry,698,8,639,7,59,1,713,6,5000,15,5713,21,0,22,-7,92,15,584,0,26,23
12-16-20,Pickett,487,14,323,11,164,3,396,12,2479,13,2875,25,0,16,8,58,6,413,1,26,16
12-16-20,Polk,939,16,881,10,58,6,989,10,6329,54,7318,64,0,15,-2,138,18,786,0,41,15
12-16-20,Putnam,7355,189,6432,136,923,53,7815,149,52635,341,60450,490,0,92,115,830,74,6433,2,169,117
12-16-20,Rhea,2484,64,2330,33,154,31,2643,33,18755,152,21398,185,1,41,16,380,47,2063,0,63,47
12-16-20,Roane,3446,65,3134,41,312,24,3496,40,32065,171,35561,211,0,40,10,529,55,2877,1,91,47
12-16-20,Robertson,5346,119,4959,40,387,79,5658,42,31311,129,36969,171,0,65,28,680,91,4601,4,270,70
12-16-20,Rutherford,24150,455,22789,302,1361,153,26853,358,160571,1048,187424,1406,3,201,95,2823,357,21126,4,434,217
12-16-20,Scott,1772,43,1177,21,595,22,1255,21,8706,29,9961,50,0,12,-11,363,54,1397,3,45,18
12-16-20,Sequatchie,880,54,805,30,75,24,871,33,9218,99,10089,132,0,5,42,218,12,657,1,20,10
12-16-20,Sevier,7047,125,6657,97,390,28,7329,100,45955,268,53284,368,0,54,-9,1086,134,5907,1,186,61
12-16-20,Shelby,58850,972,56691,830,2159,142,69924,991,627451,4880,697375,5871,4,761,356,5420,612,52669,23,2748,916
12-16-20,Smith,1797,39,1548,24,249,15,1949,28,9648,117,11597,145,0,20,24,209,15,1568,2,50,23
12-16-20,Stewart,741,8,626,4,115,4,719,4,5087,16,5806,20,0,19,4,57,4,665,0,20,20
12-16-20,Sullivan,9086,169,8241,136,845,33,8924,151,59243,548,68167,699,1,150,15,1178,153,7758,3,543,166
12-16-20,Sumner,13492,223,13014,174,478,49,14849,197,85093,448,99942,645,2,167,13,1534,208,11791,3,596,196
12-16-20,Tipton,4619,79,3691,23,928,56,4492,33,34755,154,39247,187,1,46,28,460,50,4113,0,121,55
12-16-20,Trousdale,2045,5,2000,3,45,2,2133,4,7169,26,9302,30,0,12,0,88,5,1945,0,33,12
12-16-20,Unicoi,1185,11,1033,7,152,4,1146,7,10181,27,11327,34,0,34,3,142,8,1009,0,55,35
12-16-20,Union,1066,20,959,15,107,5,1048,13,7872,53,8920,66,0,7,8,204,12,855,1,38,14
12-16-20,Van Buren,527,32,473,27,54,5,530,25,4029,18,4559,43,0,5,28,87,4,435,0,12,5
12-16-20,Warren,3577,158,3211,134,366,24,3642,144,24221,270,27863,414,0,24,85,764,73,2789,7,63,32
12-16-20,Washington,8434,154,7737,132,697,22,8568,130,57533,329,66101,459,1,135,0,1228,153,7071,2,269,149
12-16-20,Wayne,2223,32,2003,19,220,13,2194,18,8996,34,11190,52,0,15,15,110,17,2098,1,38,17
12-16-20,Weakley,2679,55,2250,39,429,16,2578,35,16847,73,19425,108,0,41,24,246,31,2392,0,51,42
12-16-20,White,2375,60,2062,45,313,15,2581,49,17703,122,20284,171,0,28,27,308,33,2039,1,86,35
12-16-20,Williamson,14779,284,13834,222,945,62,15596,238,125304,953,140900,1191,0,103,90,1435,194,13241,0,212,116
12-16-20,Wilson,10327,201,9844,144,483,57,11320,159,69987,586,81307,745,0,103,24,1187,177,9037,4,236,113
12-15-20,Anderson,4459,137,3965,87,494,50,4436,98,45737,517,50173,615,1,41,40,836,96,3582,4,118,52
12-15-20,Bedford,3858,188,3406,185,452,3,3963,199,22799,619,26762,818,0,46,125,575,63,3237,0,91,56
12-15-20,Benton,1049,16,947,16,102,0,1042,18,7162,49,8204,67,2,25,-6,101,20,923,0,28,28
12-15-20,Bledsoe,1397,18,1374,18,23,0,1458,22,11675,123,13133,145,0,6,4,94,14,1297,0,27,7
12-15-20,Blount,8198,267,7577,230,621,37,8448,239,52084,796,60532,1035,1,71,123,1333,143,6794,3,227,91
12-15-20,Bradley,7304,146,6652,134,652,12,7668,143,43664,619,51332,762,0,50,16,1040,130,6214,7,356,60
12-15-20,Campbell,2094,45,1560,37,534,8,1766,41,20357,238,22123,279,0,27,5,287,40,1780,0,85,32
12-15-20,Cannon,1134,47,1023,45,111,2,1154,49,6840,105,7994,154,0,5,33,244,14,885,0,21,12
12-15-20,Carroll,2253,35,1735,26,518,9,2073,45,16106,102,18179,147,1,40,-10,260,44,1953,0,63,47
12-15-20,Carter,3792,77,3463,73,329,4,3795,83,27106,323,30901,406,0,75,29,597,48,3120,1,182,81
12-15-20,Cheatham,2223,61,2022,50,201,11,2328,54,18847,233,21175,287,0,18,12,300,49,1905,2,58,21
12-15-20,Chester,1263,25,985,16,278,9,1211,17,8270,87,9481,104,0,25,7,132,18,1106,0,30,29
12-15-20,Claiborne,1288,37,1002,21,286,16,1105,22,16356,125,17461,147,0,11,10,198,27,1079,0,41,18
12-15-20,Clay,720,23,526,13,194,10,603,15,4358,37,4961,52,0,19,15,112,8,589,0,19,22
12-15-20,Cocke,2203,86,1851,72,352,14,2058,86,14930,250,16988,336,1,33,52,368,33,1802,3,79,41
12-15-20,Coffee,4005,213,3211,208,794,5,3932,240,33316,871,37248,1111,2,52,148,691,63,3262,0,76,59
12-15-20,Crockett,1386,23,946,8,440,15,1121,8,5713,58,6834,66,0,29,7,143,16,1214,0,27,30
12-15-20,Cumberland,3461,84,3247,75,214,9,3796,79,37153,240,40949,319,0,44,28,500,56,2917,2,108,52
12-15-20,Davidson,52623,978,51445,908,1178,70,62892,1061,636305,6050,699197,7111,-1,480,371,4557,608,47586,13,1601,514
12-15-20,Decatur,1104,28,874,17,230,11,1071,21,9263,90,10334,111,1,17,23,93,4,994,1,29,17
12-15-20,Dekalb,1699,37,1402,30,297,7,1644,35,13326,93,14970,128,0,25,-6,271,43,1403,0,40,29
12-15-20,Dickson,3821,102,3044,80,777,22,3703,85,25204,317,28907,402,1,48,33,464,68,3309,2,88,55
12-15-20,Dyer,3780,64,2831,27,949,37,3208,29,17765,127,20973,156,1,61,35,332,28,3387,1,93,67
12-15-20,Fayette,2812,61,2657,57,155,4,3314,67,26276,334,29590,401,0,42,15,282,46,2488,1,104,46
12-15-20,Fentress,1558,29,1394,26,164,3,1621,30,8425,119,10046,149,0,27,15,214,14,1317,0,48,30
12-15-20,Franklin,2870,82,2632,78,238,4,3124,88,24522,387,27646,475,0,41,35,380,47,2449,0,78,45
12-15-20,Gibson,4137,83,2800,48,1337,35,3487,55,22911,193,26398,248,1,79,15,459,67,3599,0,86,85
12-15-20,Giles,2017,69,1869,59,148,10,2146,77,16587,236,18733,313,1,54,37,340,31,1623,3,89,58
12-15-20,Grainger,1439,42,1189,39,250,3,1348,43,10333,112,11681,155,0,21,22,253,20,1165,0,47,25
12-15-20,Greene,4401,145,3834,88,567,57,4313,104,31011,456,35324,560,0,80,89,747,56,3574,0,146,85
12-15-20,Grundy,1015,30,927,26,88,4,1081,30,5433,90,6514,120,0,14,9,117,21,884,1,46,15
12-15-20,Hamblen,4711,136,4061,86,650,50,4592,92,35435,309,40027,401,0,68,60,714,76,3929,6,176,85
12-15-20,Hamilton,22274,622,20665,571,1609,51,23379,617,223091,2814,246470,3431,7,224,262,1741,353,20309,9,731,251
12-15-20,Hancock,264,8,216,7,48,1,238,8,2936,17,3174,25,0,4,2,39,6,221,0,13,5
12-15-20,Hardeman,2549,35,2277,24,272,11,2697,27,19936,132,22633,159,0,40,1,170,34,2339,0,87,42
12-15-20,Hardin,2229,58,1694,47,535,11,2066,49,18060,157,20126,206,0,32,34,260,24,1937,0,46,34
12-15-20,Hawkins,2876,67,2600,54,276,13,2832,64,21340,468,24172,532,0,45,24,565,43,2266,1,108,48
12-15-20,Haywood,1965,41,1739,35,226,6,1980,36,10654,130,12634,166,0,31,19,211,22,1723,0,59,35
12-15-20,Henderson,2442,51,1861,41,581,10,2444,48,13283,157,15727,205,0,38,-1,320,52,2084,0,58,40
12-15-20,Henry,1995,35,1728,29,267,6,1996,32,14638,110,16634,142,2,28,-2,211,35,1756,1,60,34
12-15-20,Hickman,1608,58,1446,55,162,3,1713,76,11942,154,13655,230,0,22,28,243,30,1343,1,36,25
12-15-20,Houston,703,14,575,14,128,0,659,14,6024,57,6683,71,0,21,9,51,5,631,0,35,22
12-15-20,Humphreys,971,41,722,36,249,5,858,37,8787,80,9645,117,0,8,27,99,14,864,0,23,11
12-15-20,Jackson,882,11,714,10,168,1,848,11,4168,51,5016,62,0,17,4,116,7,749,0,27,18
12-15-20,Jefferson,3092,81,2546,63,546,18,2910,71,27232,258,30142,329,1,43,33,462,47,2587,0,123,57
12-15-20,Johnson,1635,16,1540,14,95,2,1647,14,10832,140,12479,154,0,26,9,102,7,1507,0,48,26
12-15-20,Knox,26223,760,24474,670,1749,90,26906,710,223979,2409,250885,3119,2,213,319,3670,439,22340,15,794,249
12-15-20,Lake,1312,13,1200,10,112,3,1430,10,8218,50,9648,60,1,11,-3,64,15,1237,0,14,11
12-15-20,Lauderdale,2351,21,1944,15,407,6,2233,16,16583,130,18816,146,1,26,4,162,16,2163,1,71,25
12-15-20,Lawrence,3676,137,3121,103,555,34,3459,114,20832,448,24291,562,2,47,71,562,64,3067,3,109,53
12-15-20,Lewis,1018,39,932,25,86,14,1004,35,8095,123,9099,158,0,17,29,127,10,874,0,31,19
12-15-20,Lincoln,2621,144,2189,117,432,27,2484,136,12998,177,15482,313,0,26,87,584,57,2011,0,57,29
12-15-20,Loudon,3141,96,2951,81,190,15,3239,89,23457,253,26696,342,0,23,34,486,62,2632,2,81,29
12-15-20,Macon,2268,63,2002,45,266,18,2399,49,11886,105,14285,154,0,33,42,261,21,1974,1,100,37
12-15-20,Madison,6763,102,4096,62,2667,40,5226,64,42045,312,47271,376,0,130,18,378,84,6255,5,277,153
12-15-20,Marion,1645,48,1571,44,74,4,1795,49,12218,212,14013,261,0,21,9,296,39,1328,2,80,23
12-15-20,Marshall,2293,62,2197,54,96,8,2495,63,17279,242,19774,305,1,25,32,284,29,1984,0,54,27
12-15-20,Maury,7706,250,7448,243,258,7,8282,291,52359,1187,60641,1478,0,92,114,876,136,6738,2,201,97
12-15-20,McMinn,3643,89,3450,85,193,4,3848,91,29425,323,33273,414,0,60,45,558,44,3025,0,107,62
12-15-20,McNairy,1634,31,1291,26,343,5,1677,28,12231,101,13908,129,1,35,12,113,18,1486,0,51,37
12-15-20,Meigs,738,17,708,17,30,0,800,19,5434,75,6234,94,0,13,1,141,16,584,1,28,14
12-15-20,Monroe,3026,79,2818,77,208,2,3172,81,19374,257,22546,338,0,48,32,483,47,2495,0,115,52
12-15-20,Montgomery,9153,260,7909,232,1244,28,8808,241,75468,1410,84276,1651,0,102,121,1053,139,7998,4,203,117
12-15-20,Moore,579,21,490,18,89,3,564,26,3701,62,4265,88,0,4,13,120,8,455,0,7,5
12-15-20,Morgan,1199,50,1028,43,171,7,1114,44,12005,95,13119,139,1,10,21,272,28,917,0,18,13
12-15-20,Obion,3234,44,2538,33,696,11,2891,39,16506,142,19397,181,0,64,-5,301,49,2869,0,81,70
12-15-20,Out of State,9476,368,8111,323,1365,45,9020,375,458499,4183,467519,4558,1,58,115,1721,252,7697,2,142,43
12-15-20,Overton,1855,27,1552,26,303,1,1852,31,11352,136,13204,167,0,39,11,217,16,1599,0,53,41
12-15-20,Pending,6912,277,5547,224,1365,53,6193,253,288599,2865,294792,3118,3,45,63,1289,211,5578,0,79,53
12-15-20,Perry,690,34,632,32,58,2,707,41,4985,43,5692,84,0,22,19,99,15,569,0,26,23
12-15-20,Pickett,473,11,312,8,161,3,384,8,2466,49,2850,57,0,16,9,50,2,407,0,25,16
12-15-20,Polk,923,28,871,24,52,4,979,26,6275,106,7254,132,0,15,9,140,19,768,1,41,15
12-15-20,Putnam,7166,127,6296,115,870,12,7666,127,52294,638,59960,765,0,92,29,715,98,6359,0,167,116
12-15-20,Rhea,2420,83,2297,81,123,2,2610,87,18603,249,21213,336,0,40,55,364,28,2016,2,63,46
12-15-20,Roane,3381,119,3093,92,288,27,3456,96,31894,414,35350,510,1,40,66,519,52,2822,0,90,47
12-15-20,Robertson,5227,155,4919,129,308,26,5616,140,31182,446,36798,586,1,65,48,652,106,4510,6,266,70
12-15-20,Rutherford,23695,642,22487,594,1208,48,26495,670,159523,2349,186018,3019,3,198,254,2728,385,20769,0,430,215
12-15-20,Scott,1729,44,1156,37,573,7,1234,40,8677,116,9911,156,0,12,5,374,39,1343,0,42,16
12-15-20,Sequatchie,826,38,775,26,51,12,838,26,9119,114,9957,140,0,5,21,176,17,645,0,19,9
12-15-20,Sevier,6922,222,6560,191,362,31,7229,208,45687,689,52916,897,4,54,97,1095,121,5773,4,185,61
12-15-20,Shelby,57878,991,55861,942,2017,49,68933,1144,622571,7019,691504,8163,4,757,345,5064,642,52057,20,2725,908
12-15-20,Smith,1758,36,1524,34,234,2,1921,39,9531,137,11452,176,0,20,25,185,11,1553,0,48,23
12-15-20,Stewart,733,15,622,12,111,3,715,11,5071,73,5786,84,0,19,8,53,7,661,0,20,20
12-15-20,Sullivan,8917,245,8105,221,812,24,8773,251,58695,1002,67468,1253,8,149,85,1163,152,7605,6,540,165
12-15-20,Sumner,13269,307,12840,280,429,27,14652,319,84645,1048,99297,1367,1,165,55,1521,251,11583,6,593,190
12-15-20,Tipton,4540,100,3668,76,872,24,4459,89,34601,334,39060,423,2,45,44,432,54,4063,1,121,53
12-15-20,Trousdale,2040,22,1997,21,43,1,2129,23,7143,66,9272,89,0,12,16,88,6,1940,0,33,12
12-15-20,Unicoi,1174,17,1026,15,148,2,1139,20,10154,94,11293,114,1,34,-8,139,24,1001,0,55,35
12-15-20,Union,1046,20,944,18,102,2,1035,19,7819,72,8854,91,1,7,-5,196,24,843,1,37,12
12-15-20,Van Buren,495,14,446,13,49,1,505,15,4011,35,4516,50,1,5,3,59,10,431,0,12,5
12-15-20,Warren,3419,121,3077,108,342,13,3498,122,23951,314,27449,436,0,24,72,679,49,2716,1,56,30
12-15-20,Washington,8280,186,7605,164,675,22,8438,182,57204,849,65642,1031,5,134,37,1228,144,6918,0,267,148
12-15-20,Wayne,2191,29,1984,23,207,6,2176,24,8962,101,11138,125,0,15,21,95,8,2081,0,37,17
12-15-20,Weakley,2624,58,2211,46,413,12,2543,56,16774,178,19317,234,3,41,28,222,27,2361,2,51,42
12-15-20,White,2315,42,2017,40,298,2,2532,44,17581,195,20113,239,0,28,10,281,32,2006,1,85,35
12-15-20,Williamson,14495,353,13612,307,883,46,15358,342,124351,1504,139709,1846,2,103,142,1345,209,13047,4,212,114
12-15-20,Wilson,10126,296,9700,281,426,15,11161,306,69401,945,80562,1251,2,103,131,1163,163,8860,3,232,111
12-14-20,Anderson,4322,116,3878,86,444,30,4338,104,45220,297,49558,401,0,40,-36,796,152,3486,1,114,49
12-14-20,Bedford,3670,30,3221,25,449,5,3764,28,22180,115,25944,143,0,46,-122,450,152,3174,1,91,55
12-14-20,Benton,1033,12,931,11,102,1,1024,14,7113,39,8137,53,1,23,-22,107,33,903,0,28,28
12-14-20,Bledsoe,1379,11,1356,11,23,0,1436,12,11552,155,12988,167,0,6,-13,90,24,1283,0,27,7
12-14-20,Blount,7931,128,7347,112,584,16,8209,117,51288,199,59497,316,2,70,-130,1210,256,6651,4,224,86
12-14-20,Bradley,7158,120,6518,112,640,8,7525,137,43045,418,50570,555,2,50,-92,1024,210,6084,5,349,58
12-14-20,Campbell,2049,44,1523,27,526,17,1725,30,20119,135,21844,165,0,27,-5,282,49,1740,1,85,32
12-14-20,Cannon,1087,37,978,36,109,1,1105,41,6735,62,7840,103,0,5,7,211,30,871,0,21,10
12-14-20,Carroll,2218,32,1709,22,509,10,2028,35,16004,76,18032,111,0,39,-14,270,46,1909,2,63,47
12-14-20,Carter,3715,86,3390,78,325,8,3712,83,26783,253,30495,336,0,75,0,568,86,3072,2,181,81
12-14-20,Cheatham,2162,59,1972,49,190,10,2274,53,18614,193,20888,246,0,18,10,288,49,1856,0,56,19
12-14-20,Chester,1238,17,969,16,269,1,1194,15,8183,66,9377,81,0,25,1,125,16,1088,0,30,29
12-14-20,Claiborne,1251,27,981,14,270,13,1083,15,16231,124,17314,139,0,11,-29,188,56,1052,0,41,18
12-14-20,Clay,697,19,513,15,184,4,588,14,4321,46,4909,60,0,19,4,97,15,581,0,19,22
12-14-20,Cocke,2117,34,1779,32,338,2,1972,39,14680,87,16652,126,0,32,-23,316,57,1769,1,76,41
12-14-20,Coffee,3792,62,3003,46,789,16,3692,59,32445,192,36137,251,2,50,-51,543,111,3199,0,76,58
12-14-20,Crockett,1363,20,938,11,425,9,1113,12,5655,53,6768,65,0,29,4,136,16,1198,0,27,30
12-14-20,Cumberland,3377,98,3172,92,205,6,3717,104,36913,424,40630,528,0,44,-6,472,104,2861,0,106,52
12-14-20,Davidson,51645,794,50537,753,1108,41,61831,892,630255,4646,692086,5538,6,481,41,4186,747,46978,19,1588,512
12-14-20,Decatur,1076,16,857,12,219,4,1050,11,9173,34,10223,45,0,16,5,70,11,990,0,28,17
12-14-20,Dekalb,1662,29,1372,23,290,6,1609,25,13233,66,14842,91,0,25,-32,277,61,1360,0,40,28
12-14-20,Dickson,3719,68,2964,50,755,18,3618,55,24887,204,28505,259,0,47,-27,431,95,3241,1,86,55
12-14-20,Dyer,3716,30,2804,16,912,14,3179,17,17638,154,20817,171,0,60,-24,297,54,3359,0,92,66
12-14-20,Fayette,2751,31,2600,28,151,3,3247,29,25942,137,29189,166,0,42,-10,267,41,2442,0,103,46
12-14-20,Fentress,1529,31,1368,22,161,9,1591,23,8306,59,9897,82,0,27,-6,199,37,1303,0,48,30
12-14-20,Franklin,2788,47,2554,44,234,3,3036,56,24135,258,27171,314,0,41,-32,345,79,2402,0,78,45
12-14-20,Gibson,4054,74,2752,41,1302,33,3432,48,22718,130,26150,178,1,78,-25,444,98,3532,0,86,85
12-14-20,Giles,1948,67,1810,53,138,14,2069,52,16351,116,18420,168,0,53,30,303,37,1592,3,86,58
12-14-20,Grainger,1397,23,1150,22,247,1,1305,23,10221,94,11526,117,0,21,-17,231,40,1145,0,47,25
12-14-20,Greene,4256,105,3746,88,510,17,4209,91,30555,276,34764,367,1,80,-63,658,167,3518,1,146,84
12-14-20,Grundy,985,6,901,5,84,1,1051,6,5343,80,6394,86,0,14,-25,108,31,863,0,45,15
12-14-20,Hamblen,4575,79,3975,69,600,10,4500,80,35126,368,39626,448,1,68,-70,654,148,3853,0,170,84
12-14-20,Hamilton,21652,393,20094,368,1558,25,22762,406,220277,1567,243039,1973,5,217,-33,1479,421,19956,6,722,250
12-14-20,Hancock,256,6,209,5,47,1,230,8,2919,24,3149,32,0,4,-4,37,10,215,0,13,5
12-14-20,Hardeman,2514,21,2253,17,261,4,2670,20,19804,136,22474,156,0,40,-5,169,26,2305,1,87,42
12-14-20,Hardin,2171,25,1647,21,524,4,2017,23,17903,69,19920,92,1,32,-24,226,48,1913,0,46,34
12-14-20,Hawkins,2809,72,2546,69,263,3,2768,71,20872,253,23640,324,2,45,-22,541,92,2223,1,107,47
12-14-20,Haywood,1924,29,1704,22,220,7,1944,26,10524,74,12468,100,0,31,-5,192,34,1701,0,59,35
12-14-20,Henderson,2391,61,1820,42,571,19,2396,52,13126,99,15522,151,0,38,3,321,58,2032,0,58,40
12-14-20,Henry,1960,30,1699,25,261,5,1964,27,14528,78,16492,105,0,26,-23,213,53,1721,1,59,34
12-14-20,Hickman,1550,48,1391,45,159,3,1637,43,11788,87,13425,130,1,22,7,215,40,1313,0,35,25
12-14-20,Houston,689,10,561,9,128,1,645,9,5967,65,6612,74,0,21,-1,42,11,626,1,35,22
12-14-20,Humphreys,930,19,686,14,244,5,821,15,8707,35,9528,50,0,8,-10,72,29,850,0,23,11
12-14-20,Jackson,871,22,704,17,167,5,837,18,4117,39,4954,57,0,17,2,112,20,742,0,27,17
12-14-20,Jefferson,3011,55,2483,43,528,12,2839,50,26974,194,29813,244,2,42,-33,429,86,2540,0,123,54
12-14-20,Johnson,1619,14,1526,13,93,1,1633,15,10692,81,12325,96,1,26,-26,93,39,1500,0,48,26
12-14-20,Knox,25463,479,23804,418,1659,61,26196,478,221570,1640,247766,2118,6,211,-7,3351,480,21901,7,779,241
12-14-20,Lake,1299,5,1190,3,109,2,1420,3,8168,35,9588,38,0,10,-17,67,22,1222,0,14,11
12-14-20,Lauderdale,2330,23,1929,21,401,2,2217,29,16453,134,18670,163,0,25,-6,158,29,2147,0,70,24
12-14-20,Lawrence,3539,63,3018,45,521,18,3345,34,20384,92,23729,126,1,45,-32,491,94,3003,5,106,53
12-14-20,Lewis,979,17,907,17,72,0,969,10,7972,32,8941,42,1,17,-14,98,30,864,0,31,19
12-14-20,Lincoln,2477,85,2072,63,405,22,2348,60,12821,114,15169,174,0,26,-22,497,107,1954,0,57,28
12-14-20,Loudon,3045,76,2870,68,175,8,3150,74,23204,172,26354,246,0,23,3,452,73,2570,1,79,29
12-14-20,Macon,2205,45,1957,37,248,8,2350,44,11781,107,14131,151,1,33,5,219,39,1953,0,99,37
12-14-20,Madison,6661,100,4034,44,2627,56,5162,51,41733,226,46895,277,2,130,-8,360,106,6171,0,272,153
12-14-20,Marion,1597,29,1527,26,70,3,1746,28,12006,123,13752,151,0,21,-8,287,37,1289,1,78,23
12-14-20,Marshall,2231,41,2143,39,88,2,2432,39,17037,157,19469,196,1,24,-7,252,47,1955,1,54,27
12-14-20,Maury,7456,85,7205,84,251,1,7991,62,51172,223,59163,285,0,92,-101,762,186,6602,2,199,96
12-14-20,McMinn,3554,73,3365,69,189,4,3757,72,29102,254,32859,326,0,60,-58,513,131,2981,0,107,62
12-14-20,McNairy,1603,20,1265,18,338,2,1649,18,12130,88,13779,106,0,34,-14,101,34,1468,0,51,37
12-14-20,Meigs,721,22,691,22,30,0,781,23,5359,45,6140,68,0,13,-2,140,24,568,0,27,14
12-14-20,Monroe,2947,54,2741,39,206,15,3091,47,19117,149,22208,196,0,48,-13,451,67,2448,0,115,52
12-14-20,Montgomery,8893,188,7677,173,1216,15,8567,184,74058,798,82625,982,0,102,-68,932,256,7859,0,199,115
12-14-20,Moore,558,18,472,17,86,1,538,18,3639,29,4177,47,0,4,2,107,16,447,0,7,5
12-14-20,Morgan,1149,34,985,28,164,6,1070,28,11910,133,12980,161,1,9,-22,251,55,889,0,18,13
12-14-20,Obion,3190,35,2505,19,685,16,2852,22,16364,120,19216,142,1,64,-18,306,52,2820,0,81,70
12-14-20,Out of State,9108,255,7788,217,1320,38,8645,284,454316,2776,462961,3060,1,57,-52,1606,306,7445,1,140,42
12-14-20,Overton,1828,51,1526,42,302,9,1821,45,11216,114,13037,159,1,39,23,206,27,1583,0,53,41
12-14-20,Pending,6635,185,5323,133,1312,52,5940,157,285734,1954,291674,2111,1,42,-79,1226,263,5367,1,79,50
12-14-20,Perry,656,28,600,24,56,4,666,17,4942,28,5608,45,0,22,10,80,18,554,0,26,23
12-14-20,Pickett,462,10,304,2,158,8,376,2,2417,7,2793,9,0,16,-1,41,11,405,0,25,16
12-14-20,Polk,895,18,847,18,48,0,953,26,6169,63,7122,89,0,15,-13,131,31,749,0,40,15
12-14-20,Putnam,7039,85,6181,81,858,4,7539,92,51656,450,59195,542,2,92,-62,686,145,6261,0,167,116
12-14-20,Rhea,2337,42,2216,41,121,1,2523,42,18354,165,20877,207,1,40,-39,309,80,1988,1,61,46
12-14-20,Roane,3262,65,3001,31,261,34,3360,32,31480,129,34840,161,0,39,-47,453,112,2770,1,90,47
12-14-20,Robertson,5072,105,4790,93,282,12,5476,103,30736,309,36212,412,0,64,-38,604,143,4404,0,260,67
12-14-20,Rutherford,23053,370,21893,359,1160,11,25825,408,157174,1384,182999,1792,2,195,-227,2474,595,20384,2,430,215
12-14-20,Scott,1685,60,1119,36,566,24,1194,36,8561,68,9755,104,1,12,-21,369,80,1304,1,42,16
12-14-20,Sequatchie,788,19,749,18,39,1,812,21,9005,104,9817,125,0,5,-7,155,26,628,0,19,9
12-14-20,Sevier,6700,149,6369,136,331,13,7021,140,44998,427,52019,567,3,50,-60,998,206,5652,4,181,59
12-14-20,Shelby,56887,661,54919,610,1968,51,67789,726,615552,5135,683341,5861,9,753,-28,4719,680,51415,6,2705,903
12-14-20,Smith,1722,29,1490,20,232,9,1882,21,9394,132,11276,153,0,20,7,160,22,1542,1,48,22
12-14-20,Stewart,718,3,610,3,108,0,704,3,4998,37,5702,40,0,19,-7,45,10,654,0,20,20
12-14-20,Sullivan,8672,165,7884,151,788,14,8522,135,57693,421,66215,556,6,141,-52,1078,211,7453,14,534,164
12-14-20,Sumner,12962,228,12560,218,402,10,14333,269,83597,708,97930,977,4,164,-146,1466,370,11332,2,587,186
12-14-20,Tipton,4440,47,3592,34,848,13,4370,41,34267,242,38637,283,0,43,-31,388,78,4009,0,120,53
12-14-20,Trousdale,2018,15,1976,13,42,2,2106,16,7077,63,9183,79,0,12,8,72,7,1934,0,33,12
12-14-20,Unicoi,1157,20,1011,20,146,0,1119,23,10060,107,11179,130,3,33,-13,147,30,977,1,55,35
12-14-20,Union,1026,29,926,26,100,3,1016,29,7747,94,8763,123,0,6,-2,201,31,819,1,36,11
12-14-20,Van Buren,481,11,433,9,48,2,490,13,3976,79,4466,92,0,4,-1,56,12,421,0,12,5
12-14-20,Warren,3298,140,2969,121,329,19,3376,133,23637,298,27013,431,1,24,17,607,122,2667,0,55,30
12-14-20,Washington,8094,151,7441,110,653,41,8256,112,56355,441,64611,553,0,129,-132,1191,283,6774,2,267,146
12-14-20,Wayne,2162,12,1961,10,201,2,2152,11,8861,49,11013,60,0,15,-20,74,32,2073,1,37,17
12-14-20,Weakley,2566,20,2165,9,401,11,2487,10,16596,81,19083,91,0,38,-26,194,46,2334,0,49,42
12-14-20,White,2273,34,1977,31,296,3,2488,42,17386,155,19874,197,0,28,-35,271,69,1974,0,84,35
12-14-20,Williamson,14142,168,13305,158,837,10,15016,179,122847,776,137863,955,1,101,-73,1203,240,12838,1,208,112
12-14-20,Wilson,9830,161,9419,154,411,7,10855,174,68456,706,79311,880,1,101,-29,1032,189,8697,4,229,111
12-13-20,Anderson,4206,239,3792,190,414,49,4234,202,44923,879,49157,1081,1,40,195,832,43,3334,0,113,48
12-13-20,Bedford,3640,106,3196,96,444,10,3736,112,22065,353,25801,465,0,46,78,572,28,3022,2,90,54
12-13-20,Benton,1021,17,920,16,101,1,1010,18,7074,99,8084,117,0,22,12,129,5,870,0,28,28
12-13-20,Bledsoe,1368,21,1345,21,23,0,1424,25,11397,84,12821,109,0,6,17,103,4,1259,0,27,7
12-13-20,Blount,7803,353,7235,331,568,22,8092,341,51089,885,59181,1226,0,68,242,1340,111,6395,1,220,84
12-13-20,Bradley,7038,189,6406,179,632,10,7388,218,42627,872,50015,1090,0,48,110,1116,79,5874,7,344,57
12-13-20,Campbell,2005,61,1496,36,509,25,1695,34,19984,287,21679,321,1,27,44,287,16,1691,2,84,32
12-13-20,Cannon,1050,41,942,38,108,3,1064,40,6673,91,7737,131,0,5,38,204,3,841,0,21,10
12-13-20,Carroll,2186,56,1687,43,499,13,1993,53,15928,167,17921,220,1,39,39,284,16,1863,1,61,46
12-13-20,Carter,3629,95,3312,86,317,9,3629,101,26530,360,30159,461,1,75,74,568,20,2986,3,179,81
12-13-20,Cheatham,2103,61,1923,52,180,9,2221,57,18421,205,20642,262,0,18,42,278,19,1807,0,56,19
12-13-20,Chester,1221,18,953,15,268,3,1179,19,8117,139,9296,158,0,25,8,124,10,1072,0,30,29
12-13-20,Claiborne,1224,34,967,32,257,2,1068,33,16107,288,17175,321,0,11,23,217,11,996,0,41,18
12-13-20,Clay,678,11,498,9,180,2,574,9,4275,50,4849,59,0,19,8,93,3,566,0,19,22
12-13-20,Cocke,2083,64,1747,59,336,5,1933,61,14593,265,16526,326,0,32,53,339,11,1712,0,75,39
12-13-20,Coffee,3730,105,2957,82,773,23,3633,95,32253,310,35886,405,-1,48,82,594,24,3088,2,76,56
12-13-20,Crockett,1343,27,927,15,416,12,1101,16,5602,58,6703,74,0,29,24,132,3,1182,0,27,30
12-13-20,Cumberland,3279,97,3080,92,199,5,3613,97,36489,381,40102,478,0,44,87,478,10,2757,0,106,52
12-13-20,Davidson,50851,865,49784,813,1067,52,60939,912,625609,5789,686548,6701,5,475,560,4145,300,46231,17,1569,507
12-13-20,Decatur,1060,16,845,14,215,2,1039,18,9139,138,10178,156,1,16,11,65,4,979,0,28,17
12-13-20,Dekalb,1633,66,1349,57,284,9,1584,68,13167,184,14751,252,0,25,63,309,3,1299,1,40,28
12-13-20,Dickson,3651,126,2914,65,737,61,3563,64,24683,286,28246,350,1,47,81,458,44,3146,0,85,54
12-13-20,Dyer,3686,58,2788,33,898,25,3162,33,17484,177,20646,210,-1,60,47,321,12,3305,1,92,66
12-13-20,Fayette,2720,65,2572,55,148,10,3218,70,25805,416,29023,486,2,42,50,277,13,2401,0,103,46
12-13-20,Fentress,1498,54,1346,54,152,0,1568,58,8247,215,9815,273,0,27,48,205,6,1266,1,48,29
12-13-20,Franklin,2741,68,2510,63,231,5,2980,76,23877,384,26857,460,0,41,55,377,13,2323,3,78,44
12-13-20,Gibson,3980,85,2711,47,1269,38,3384,51,22588,262,25972,313,0,77,52,469,33,3434,1,86,85
12-13-20,Giles,1881,26,1757,26,124,0,2017,42,16235,245,18252,287,1,53,10,273,15,1555,1,83,56
12-13-20,Grainger,1374,50,1128,46,246,4,1282,51,10127,128,11409,179,0,21,42,248,8,1105,0,47,25
12-13-20,Greene,4151,108,3658,79,493,29,4118,86,30279,528,34397,614,0,79,77,721,31,3351,0,145,83
12-13-20,Grundy,979,29,896,28,83,1,1045,30,5263,96,6308,126,0,14,25,133,4,832,0,45,15
12-13-20,Hamblen,4496,137,3906,122,590,15,4420,133,34758,483,39178,616,1,67,114,724,22,3705,1,170,82
12-13-20,Hamilton,21259,417,19726,395,1533,22,22356,435,218710,2379,241066,2814,4,212,134,1512,279,19535,7,716,249
12-13-20,Hancock,250,4,204,4,46,0,222,4,2895,58,3117,62,0,4,2,41,2,205,0,13,4
12-13-20,Hardeman,2493,29,2236,24,257,5,2650,26,19668,233,22318,259,0,40,23,174,6,2279,1,86,42
12-13-20,Hardin,2146,50,1626,32,520,18,1994,33,17834,248,19828,281,1,31,37,250,12,1865,1,46,34
12-13-20,Hawkins,2737,106,2477,92,260,14,2697,100,20619,482,23316,582,0,43,87,563,19,2131,2,106,46
12-13-20,Haywood,1895,32,1682,22,213,10,1918,28,10450,148,12368,176,1,31,21,197,10,1667,0,59,34
12-13-20,Henderson,2330,59,1778,37,552,22,2344,43,13027,157,15371,200,1,38,44,318,14,1974,0,58,39
12-13-20,Henry,1930,64,1674,45,256,19,1937,54,14450,187,16387,241,0,26,54,236,10,1668,2,58,34
12-13-20,Hickman,1502,40,1346,31,156,9,1594,30,11701,108,13295,138,1,21,31,208,8,1273,1,35,24
12-13-20,Houston,679,7,552,6,127,1,636,6,5902,149,6538,155,0,21,5,43,2,615,0,34,22
12-13-20,Humphreys,911,19,672,12,239,7,806,14,8672,113,9478,127,0,8,15,82,4,821,0,23,11
12-13-20,Jackson,849,15,687,15,162,0,819,16,4078,48,4897,64,0,17,7,110,8,722,0,27,17
12-13-20,Jefferson,2956,78,2440,74,516,4,2789,81,26780,271,29569,352,0,40,49,462,29,2454,1,123,53
12-13-20,Johnson,1605,12,1513,11,92,1,1618,14,10611,112,12229,126,0,25,9,119,3,1461,1,48,26
12-13-20,Knox,24984,627,23386,572,1598,55,25718,732,219930,2931,245648,3663,2,205,398,3358,227,21421,10,772,234
12-13-20,Lake,1294,10,1187,8,107,2,1417,10,8133,85,9550,95,1,10,7,84,2,1200,0,14,11
12-13-20,Lauderdale,2307,32,1908,25,399,7,2188,24,16319,119,18507,143,0,25,29,164,3,2118,0,70,24
12-13-20,Lawrence,3476,72,2973,63,503,9,3311,79,20292,288,23603,367,1,44,53,523,18,2909,0,101,52
12-13-20,Lewis,962,19,890,19,72,0,959,21,7940,93,8899,114,0,16,13,112,6,834,0,31,19
12-13-20,Lincoln,2392,66,2009,63,383,3,2288,71,12707,176,14995,247,1,26,48,519,17,1847,1,57,28
12-13-20,Loudon,2969,104,2802,96,167,8,3076,103,23032,308,26108,411,0,23,83,449,21,2497,1,78,28
12-13-20,Macon,2160,38,1920,33,240,5,2306,37,11674,144,13980,181,0,32,30,214,8,1914,0,99,37
12-13-20,Madison,6561,142,3990,77,2571,65,5111,76,41507,524,46618,600,2,128,57,368,83,6065,3,272,152
12-13-20,Marion,1568,56,1501,56,67,0,1718,67,11883,227,13601,294,0,21,34,295,22,1252,0,77,23
12-13-20,Marshall,2190,46,2104,44,86,2,2393,53,16880,270,19273,323,0,23,39,259,7,1908,0,53,26
12-13-20,Maury,7371,136,7121,130,250,6,7929,155,50949,668,58878,823,1,92,102,863,33,6416,0,197,95
12-13-20,McMinn,3481,120,3296,115,185,5,3685,122,28848,418,32533,540,0,60,95,571,25,2850,2,107,62
12-13-20,McNairy,1583,22,1247,19,336,3,1631,23,12042,221,13673,244,0,34,17,115,5,1434,0,51,37
12-13-20,Meigs,699,29,669,27,30,2,758,30,5314,119,6072,149,0,13,28,142,1,544,0,27,13
12-13-20,Monroe,2893,112,2702,96,191,16,3044,104,18968,330,22012,434,0,48,90,464,22,2381,1,115,51
12-13-20,Montgomery,8705,277,7504,231,1201,46,8383,238,73260,1196,81643,1434,3,102,199,1000,75,7603,0,199,115
12-13-20,Moore,540,29,455,27,85,2,520,27,3610,50,4130,77,0,4,28,105,1,431,0,7,5
12-13-20,Morgan,1115,62,957,53,158,9,1042,56,11777,196,12819,252,0,8,57,273,5,834,2,18,13
12-13-20,Obion,3155,72,2486,49,669,23,2830,50,16244,237,19074,287,2,63,56,324,14,2768,0,81,70
12-13-20,Out of State,8853,378,7571,308,1282,70,8361,305,451540,5660,459901,5965,0,56,245,1658,133,7139,0,139,42
12-13-20,Overton,1777,36,1484,33,293,3,1776,38,11102,148,12878,186,0,38,29,183,7,1556,0,53,41
12-13-20,Pending,6450,241,5190,202,1260,39,5783,217,283780,3176,289563,3393,1,41,161,1305,79,5104,2,78,49
12-13-20,Perry,628,14,576,14,52,0,649,18,4914,56,5563,74,0,22,13,70,1,536,0,26,23
12-13-20,Pickett,452,7,302,3,150,4,374,5,2410,76,2784,81,0,16,6,42,1,394,0,25,16
12-13-20,Polk,877,23,829,22,48,1,927,23,6106,133,7033,156,0,15,20,144,3,718,1,40,15
12-13-20,Putnam,6954,170,6100,162,854,8,7447,181,51206,744,58653,925,2,90,141,748,27,6116,1,167,114
12-13-20,Rhea,2295,87,2175,85,120,2,2481,89,18189,345,20670,434,0,39,70,348,17,1908,0,60,46
12-13-20,Roane,3197,130,2970,114,227,16,3328,123,31351,531,34679,654,0,39,102,500,28,2658,6,89,46
12-13-20,Robertson,4967,111,4697,92,270,19,5373,100,30427,313,35800,413,1,64,69,642,41,4261,1,260,66
12-13-20,Rutherford,22683,517,21534,470,1149,47,25417,519,155790,2120,181207,2639,2,193,336,2701,179,19789,2,428,212
12-13-20,Scott,1625,76,1083,44,542,32,1158,47,8493,148,9651,195,0,11,61,390,15,1224,3,41,15
12-13-20,Sequatchie,769,35,731,29,38,6,791,29,8901,156,9692,185,0,5,30,162,5,602,1,19,9
12-13-20,Sevier,6551,284,6233,273,318,11,6881,295,44571,822,51452,1117,1,47,223,1058,60,5446,3,177,59
12-13-20,Shelby,56226,1059,54309,991,1917,68,67063,1192,610417,8097,677480,9289,7,744,725,4747,327,50735,13,2699,896
12-13-20,Smith,1693,42,1470,31,223,11,1861,36,9262,137,11123,173,0,20,35,153,7,1520,1,47,22
12-13-20,Stewart,715,15,607,12,108,3,701,14,4961,68,5662,82,1,19,9,52,5,644,0,20,20
12-13-20,Sullivan,8507,272,7733,242,774,30,8387,261,57272,909,65659,1170,4,135,172,1130,96,7242,3,520,163
12-13-20,Sumner,12734,313,12342,274,392,39,14064,285,82889,1114,96953,1399,2,160,218,1612,93,10962,3,585,182
12-13-20,Tipton,4393,96,3558,74,835,22,4329,86,34025,420,38354,506,1,43,75,419,20,3931,0,120,53
12-13-20,Trousdale,2003,16,1963,16,40,0,2090,19,7014,45,9104,64,0,12,12,64,4,1927,0,33,12
12-13-20,Unicoi,1137,20,991,15,146,5,1096,15,9953,133,11049,148,0,30,16,160,4,947,0,54,34
12-13-20,Union,997,79,900,65,97,14,987,66,7653,109,8640,175,0,6,69,203,10,788,0,35,9
12-13-20,Van Buren,470,15,424,15,46,0,477,16,3897,21,4374,37,0,4,8,57,7,409,1,12,5
12-13-20,Warren,3158,75,2848,64,310,11,3243,72,23339,377,26582,449,1,23,52,590,22,2545,0,55,29
12-13-20,Washington,7943,174,7331,160,612,14,8144,185,55914,891,64058,1076,0,129,126,1323,48,6491,0,265,143
12-13-20,Wayne,2150,23,1951,15,199,8,2141,20,8812,77,10953,97,1,15,18,94,4,2041,0,36,16
12-13-20,Weakley,2546,61,2156,55,390,6,2477,63,16515,253,18992,316,0,38,42,220,19,2288,0,49,41
12-13-20,White,2239,52,1946,51,293,1,2446,57,17231,203,19677,260,0,28,41,306,11,1905,0,84,35
12-13-20,Williamson,13974,250,13147,223,827,27,14837,241,122071,1229,136908,1470,3,100,137,1276,110,12598,1,207,111
12-13-20,Wilson,9669,273,9265,257,404,16,10681,273,67750,987,78431,1260,1,100,165,1061,107,8508,3,225,110
12-12-20,Anderson,3967,89,3602,61,365,28,4032,66,44044,512,48076,578,0,39,55,637,34,3291,2,113,46
12-12-20,Bedford,3534,53,3100,28,434,25,3624,32,21712,124,25336,156,0,46,22,494,31,2994,4,88,53
12-12-20,Benton,1004,12,904,8,100,4,992,8,6975,25,7967,33,2,22,5,117,5,865,0,28,28
12-12-20,Bledsoe,1347,19,1324,18,23,1,1399,18,11313,71,12712,89,0,6,14,86,5,1255,0,27,7
12-12-20,Blount,7450,194,6904,162,546,32,7751,174,50204,500,57955,674,0,68,118,1098,76,6284,1,219,82
12-12-20,Bradley,6849,151,6227,141,622,10,7170,151,41755,440,48925,591,3,48,75,1006,73,5795,4,337,56
12-12-20,Campbell,1944,42,1460,29,484,13,1661,32,19697,123,21358,155,0,26,29,243,13,1675,0,82,32
12-12-20,Cannon,1009,33,904,22,105,11,1024,22,6582,57,7606,79,0,5,26,166,7,838,0,21,8
12-12-20,Carroll,2130,28,1644,14,486,14,1940,16,15761,78,17701,94,0,38,9,245,19,1847,1,60,46
12-12-20,Carter,3534,98,3226,78,308,20,3528,93,26170,218,29698,311,0,74,71,494,27,2966,0,176,80
12-12-20,Cheatham,2042,56,1871,41,171,15,2164,47,18216,145,20380,192,0,18,31,236,25,1788,1,56,18
12-12-20,Chester,1203,18,938,18,265,0,1160,21,7978,34,9138,55,0,25,8,116,10,1062,0,30,29
12-12-20,Claiborne,1190,23,935,16,255,7,1035,9,15819,88,16854,97,0,11,12,194,11,985,0,41,17
12-12-20,Clay,667,7,489,7,178,0,565,7,4225,53,4790,60,0,19,0,85,7,563,0,19,22
12-12-20,Cocke,2019,34,1688,30,331,4,1872,31,14328,127,16200,158,1,32,23,286,10,1701,0,75,39
12-12-20,Coffee,3625,69,2875,47,750,22,3538,77,31943,189,35481,266,3,49,33,512,33,3064,0,74,54
12-12-20,Crockett,1316,27,912,12,404,15,1085,12,5544,45,6629,57,0,29,22,108,5,1179,0,27,30
12-12-20,Cumberland,3182,80,2988,71,194,9,3516,81,36108,414,39624,495,1,44,56,391,23,2747,0,106,52
12-12-20,Davidson,49986,830,48971,757,1015,73,60027,894,619820,4683,679847,5577,9,470,464,3585,357,45931,8,1552,503
12-12-20,Decatur,1044,4,831,3,213,1,1021,4,9001,34,10022,38,0,15,1,54,3,975,0,28,17
12-12-20,Dekalb,1567,58,1292,43,275,15,1516,49,12983,110,14499,159,0,25,41,246,17,1296,2,39,28
12-12-20,Dickson,3525,83,2849,57,676,26,3499,62,24397,311,27896,373,5,46,59,377,19,3102,0,85,54
12-12-20,Dyer,3628,53,2755,25,873,28,3129,31,17307,175,20436,206,0,61,35,274,18,3293,0,91,66
12-12-20,Fayette,2655,40,2517,36,138,4,3148,42,25389,215,28537,257,0,40,13,227,27,2388,0,103,46
12-12-20,Fentress,1444,23,1292,22,152,1,1510,22,8032,59,9542,81,0,27,19,157,4,1260,0,47,29
12-12-20,Franklin,2673,64,2447,59,226,5,2904,64,23493,228,26397,292,0,41,29,322,35,2310,0,75,44
12-12-20,Gibson,3895,70,2664,31,1231,39,3333,34,22326,144,25659,178,1,77,30,417,39,3401,0,85,85
12-12-20,Giles,1855,22,1731,20,124,2,1975,33,15990,193,17965,226,0,52,12,263,10,1540,1,82,56
12-12-20,Grainger,1324,41,1082,28,242,13,1231,29,9999,121,11230,150,0,21,32,206,9,1097,0,47,25
12-12-20,Greene,4043,115,3579,71,464,44,4032,81,29751,298,33783,379,0,79,71,644,44,3320,1,145,82
12-12-20,Grundy,950,28,868,23,82,5,1015,24,5167,47,6182,71,0,14,23,108,5,828,0,45,15
12-12-20,Hamblen,4359,118,3784,106,575,12,4287,110,34275,304,38562,414,1,66,90,610,27,3683,1,169,81
12-12-20,Hamilton,20842,411,19331,372,1511,39,21921,398,216331,1927,238252,2325,2,208,144,1378,265,19256,16,709,244
12-12-20,Hancock,246,8,200,6,46,2,218,6,2837,21,3055,27,0,4,2,39,6,203,0,13,4
12-12-20,Hardeman,2464,23,2212,18,252,5,2624,17,19435,62,22059,79,0,40,17,151,6,2273,0,85,42
12-12-20,Hardin,2096,50,1594,30,502,20,1961,33,17586,59,19547,92,0,30,32,213,18,1853,2,45,33
12-12-20,Hawkins,2631,106,2385,89,246,17,2597,94,20137,363,22734,457,2,43,81,476,23,2112,2,104,46
12-12-20,Haywood,1863,33,1660,29,203,4,1890,32,10302,74,12192,106,0,30,25,176,8,1657,0,59,34
12-12-20,Henderson,2271,42,1741,28,530,14,2301,29,12870,82,15171,111,0,37,26,274,16,1960,0,58,39
12-12-20,Henry,1866,29,1629,17,237,12,1883,21,14263,60,16146,81,2,26,19,182,8,1658,0,56,33
12-12-20,Hickman,1462,29,1315,24,147,5,1564,28,11593,115,13157,143,0,20,19,177,10,1265,0,34,23
12-12-20,Houston,672,6,546,5,126,1,630,5,5753,109,6383,114,0,21,1,38,5,613,0,34,22
12-12-20,Humphreys,892,13,660,10,232,3,792,13,8559,46,9351,59,0,8,6,67,7,817,0,23,11
12-12-20,Jackson,834,25,672,24,162,1,803,25,4030,37,4833,62,0,17,20,103,5,714,0,27,17
12-12-20,Jefferson,2878,61,2366,54,512,7,2708,59,26509,175,29217,234,1,40,42,413,18,2425,0,122,50
12-12-20,Johnson,1593,15,1502,15,91,0,1604,16,10499,84,12103,100,0,25,11,110,4,1458,0,47,26
12-12-20,Knox,24357,473,22814,396,1543,77,24986,458,216999,2173,241985,2631,3,203,190,2960,280,21194,19,762,228
12-12-20,Lake,1284,4,1179,3,105,1,1407,4,8048,61,9455,65,0,9,1,77,3,1198,0,14,11
12-12-20,Lauderdale,2275,34,1883,24,392,10,2164,25,16200,110,18364,135,0,25,28,135,6,2115,0,70,23
12-12-20,Lawrence,3404,70,2910,17,494,53,3232,29,20004,116,23236,145,2,43,36,470,32,2891,0,101,52
12-12-20,Lewis,943,10,871,10,72,0,938,12,7847,39,8785,51,0,16,-4,99,14,828,0,31,19
12-12-20,Lincoln,2326,66,1946,56,380,10,2217,72,12531,123,14748,195,0,25,50,471,16,1830,0,56,27
12-12-20,Loudon,2865,80,2706,72,159,8,2973,71,22724,170,25697,241,1,23,56,366,23,2476,2,77,28
12-12-20,Macon,2122,34,1887,28,235,6,2269,32,11530,73,13799,105,0,32,24,184,10,1906,0,99,36
12-12-20,Madison,6419,140,3913,40,2506,100,5035,45,40983,186,46018,231,1,126,48,311,91,5982,1,269,151
12-12-20,Marion,1512,53,1445,52,67,1,1651,60,11656,132,13307,192,-1,21,34,261,20,1230,1,77,23
12-12-20,Marshall,2144,26,2060,24,84,2,2340,28,16610,152,18950,180,1,23,9,220,16,1901,0,53,25
12-12-20,Maury,7235,64,6991,58,244,6,7774,88,50281,312,58055,400,8,91,5,761,51,6383,0,197,94
12-12-20,McMinn,3361,96,3181,92,180,4,3563,98,28430,244,31993,342,0,60,62,476,34,2825,1,105,62
12-12-20,McNairy,1561,18,1228,10,333,8,1608,11,11821,38,13429,49,0,34,9,98,9,1429,0,51,37
12-12-20,Meigs,670,24,642,21,28,3,728,22,5195,76,5923,98,0,13,18,114,6,543,1,27,13
12-12-20,Monroe,2781,63,2606,56,175,7,2940,59,18638,204,21578,263,1,48,30,374,32,2359,1,114,50
12-12-20,Montgomery,8428,213,7273,176,1155,37,8145,187,72064,679,80209,866,2,99,137,801,74,7528,4,199,114
12-12-20,Moore,511,10,428,9,83,1,493,9,3560,28,4053,37,0,4,9,77,1,430,0,7,5
12-12-20,Morgan,1053,42,904,25,149,17,986,27,11581,61,12567,88,0,8,32,216,10,829,0,16,12
12-12-20,Obion,3083,56,2437,33,646,23,2780,38,16007,162,18787,200,1,61,33,268,22,2754,1,81,70
12-12-20,Out of State,8475,275,7263,194,1212,81,8056,214,445880,4083,453936,4297,0,56,159,1413,116,7006,2,139,41
12-12-20,Overton,1741,33,1451,27,290,6,1738,26,10954,85,12692,111,0,38,29,154,4,1549,0,53,41
12-12-20,Pending,6209,269,4988,185,1221,84,5566,204,280604,1904,286170,2108,2,40,187,1144,80,5025,0,76,48
12-12-20,Perry,614,16,562,12,52,4,631,13,4858,40,5489,53,0,22,11,57,5,535,0,26,23
12-12-20,Pickett,445,6,299,3,146,3,369,3,2334,11,2703,14,0,16,4,36,2,393,1,25,16
12-12-20,Polk,854,15,807,12,47,3,904,12,5973,47,6877,59,0,15,7,124,8,715,1,39,15
12-12-20,Putnam,6784,103,5938,96,846,7,7266,108,50462,459,57728,567,1,88,73,607,29,6089,0,166,112
12-12-20,Rhea,2208,64,2090,63,118,1,2392,69,17844,211,20236,280,0,39,51,278,13,1891,0,60,46
12-12-20,Roane,3067,82,2856,64,211,18,3205,66,30820,242,34025,308,0,39,51,398,31,2630,1,83,46
12-12-20,Robertson,4856,138,4605,125,251,13,5273,131,30114,258,35387,389,1,63,78,573,59,4220,3,259,65
12-12-20,Rutherford,22166,447,21064,420,1102,27,24898,485,153670,1526,178568,2011,0,191,270,2365,177,19610,4,426,206
12-12-20,Scott,1549,77,1039,39,510,38,1111,40,8345,80,9456,120,1,11,69,329,7,1209,0,38,15
12-12-20,Sequatchie,734,34,702,26,32,8,762,30,8745,118,9507,148,0,5,28,132,6,597,0,18,9
12-12-20,Sevier,6267,126,5960,98,307,28,6586,96,43749,267,50335,363,2,46,89,835,35,5386,1,174,56
12-12-20,Shelby,55167,796,53318,733,1849,63,65871,876,602320,6660,668191,7536,7,737,361,4022,428,50408,19,2686,887
12-12-20,Smith,1651,25,1439,19,212,6,1825,26,9125,76,10950,102,0,20,21,118,4,1513,0,46,21
12-12-20,Stewart,700,11,595,11,105,0,687,11,4893,33,5580,44,0,18,4,43,7,639,1,20,20
12-12-20,Sullivan,8235,181,7491,147,744,34,8126,158,56363,719,64489,877,3,131,91,958,87,7146,6,517,160
12-12-20,Sumner,12421,260,12068,235,353,25,13779,276,81775,793,95554,1069,2,158,112,1394,146,10869,2,582,177
12-12-20,Tipton,4297,80,3484,47,813,33,4243,54,33605,293,37848,347,0,42,44,344,36,3911,2,120,52
12-12-20,Trousdale,1987,12,1947,7,40,5,2071,8,6969,24,9040,32,0,12,11,52,1,1923,0,33,12
12-12-20,Unicoi,1117,38,976,31,141,7,1081,30,9820,124,10901,154,0,30,28,144,10,943,1,54,34
12-12-20,Union,918,25,835,20,83,5,921,20,7544,87,8465,107,0,6,15,134,10,778,0,35,9
12-12-20,Van Buren,455,15,409,13,46,2,461,13,3876,54,4337,67,0,4,14,49,1,402,0,11,5
12-12-20,Warren,3083,145,2784,131,299,14,3171,137,22962,323,26133,460,1,22,132,538,12,2523,6,55,28
12-12-20,Washington,7769,211,7171,178,598,33,7959,203,55023,594,62982,797,0,129,150,1197,61,6443,1,265,141
12-12-20,Wayne,2127,13,1936,5,191,8,2121,10,8735,36,10856,46,0,14,5,76,8,2037,0,36,16
12-12-20,Weakley,2485,41,2101,25,384,16,2414,28,16262,94,18676,122,0,38,26,178,15,2269,0,49,40
12-12-20,White,2187,55,1895,48,292,7,2389,54,17028,128,19417,182,0,28,43,265,12,1894,0,84,35
12-12-20,Williamson,13724,240,12924,206,800,34,14596,229,120842,945,135438,1174,1,97,117,1139,122,12488,1,206,110
12-12-20,Wilson,9396,143,9008,119,388,24,10408,140,66763,483,77171,623,0,99,23,896,120,8401,7,222,108
12-11-20,Anderson,3878,73,3541,53,337,20,3966,47,43532,166,47498,213,1,39,29,582,43,3257,2,111,46
12-11-20,Bedford,3481,42,3072,33,409,9,3592,37,21588,119,25180,156,1,46,9,472,32,2963,2,84,53
12-11-20,Benton,992,8,896,4,96,4,984,5,6950,20,7934,25,1,20,-9,112,16,860,0,28,27
12-11-20,Bledsoe,1328,13,1306,13,22,0,1381,19,11242,45,12623,64,1,6,6,72,6,1250,0,27,7
12-11-20,Blount,7256,76,6742,65,514,11,7577,67,49704,184,57281,251,0,68,-32,980,108,6208,1,218,81
12-11-20,Bradley,6698,91,6086,84,612,7,7019,102,41315,294,48334,396,2,45,-4,931,93,5722,1,333,56
12-11-20,Campbell,1902,26,1431,23,471,3,1629,24,19574,147,21203,171,0,26,7,214,19,1662,0,82,32
12-11-20,Cannon,976,15,882,11,94,4,1002,13,6525,37,7527,50,1,5,-1,140,15,831,0,21,7
12-11-20,Carroll,2102,22,1630,9,472,13,1924,11,15683,53,17607,64,1,38,1,236,20,1828,0,59,45
12-11-20,Carter,3436,31,3148,29,288,2,3435,37,25952,187,29387,224,2,74,-9,423,38,2939,0,176,79
12-11-20,Cheatham,1986,30,1830,26,156,4,2117,29,18071,99,20188,128,0,18,-3,205,33,1763,2,55,18
12-11-20,Chester,1185,13,920,3,265,10,1139,3,7944,33,9083,36,0,25,4,108,9,1052,0,30,29
12-11-20,Claiborne,1167,14,919,9,248,5,1026,8,15731,96,16757,104,0,11,-28,182,42,974,0,41,16
12-11-20,Clay,660,5,482,3,178,2,558,3,4172,12,4730,15,0,19,2,85,3,556,0,19,22
12-11-20,Cocke,1985,33,1658,16,327,17,1841,14,14201,114,16042,128,1,31,17,263,15,1691,0,75,38
12-11-20,Coffee,3556,47,2828,37,728,10,3461,38,31754,149,35215,187,0,46,15,479,32,3031,0,74,53
12-11-20,Crockett,1289,18,900,7,389,11,1073,7,5499,34,6572,41,0,29,14,86,4,1174,0,27,30
12-11-20,Cumberland,3102,29,2917,20,185,9,3435,22,35694,141,39129,163,1,43,2,335,26,2724,0,106,52
12-11-20,Davidson,49156,519,48214,502,942,17,59133,564,615137,3279,674270,3843,5,461,180,3121,334,45574,15,1544,494
12-11-20,Decatur,1040,11,828,9,212,2,1017,10,8967,18,9984,28,1,15,5,53,5,972,1,28,17
12-11-20,Dekalb,1509,23,1249,19,260,4,1467,19,12873,45,14340,64,0,25,8,205,15,1279,1,37,27
12-11-20,Dickson,3442,33,2792,29,650,4,3437,33,24086,150,27523,183,0,41,8,318,25,3083,1,85,54
12-11-20,Dyer,3575,10,2730,6,845,4,3098,8,17132,27,20230,35,2,61,-28,239,36,3275,1,91,66
12-11-20,Fayette,2615,21,2481,19,134,2,3106,24,25174,141,28280,165,0,40,-1,214,22,2361,1,103,46
12-11-20,Fentress,1421,17,1270,16,151,1,1488,18,7973,89,9461,107,0,27,13,138,4,1256,0,47,29
12-11-20,Franklin,2609,27,2388,24,221,3,2840,27,23265,147,26105,174,0,41,-1,293,28,2275,0,75,44
12-11-20,Gibson,3825,56,2633,26,1192,30,3299,23,22182,87,25481,110,1,76,21,387,34,3362,1,85,84
12-11-20,Giles,1833,39,1711,34,122,5,1942,43,15797,108,17739,151,1,52,25,251,13,1530,2,81,55
12-11-20,Grainger,1283,11,1054,9,229,2,1202,8,9878,20,11080,28,0,21,0,174,11,1088,0,47,25
12-11-20,Greene,3928,45,3508,29,420,16,3951,38,29453,244,33404,282,2,79,12,573,31,3276,0,144,81
12-11-20,Grundy,922,13,845,12,77,1,991,11,5120,60,6111,71,0,14,8,85,5,823,0,45,15
12-11-20,Hamblen,4241,27,3678,14,563,13,4177,16,33971,64,38148,80,1,65,-6,520,32,3656,0,168,80
12-11-20,Hamilton,20431,316,18959,304,1472,12,21523,338,214404,1587,235927,1925,2,206,38,1234,276,18991,7,693,242
12-11-20,Hancock,238,1,194,1,44,0,212,1,2816,27,3028,28,0,4,-3,37,4,197,0,13,4
12-11-20,Hardeman,2441,18,2194,13,247,5,2607,12,19373,76,21980,88,0,40,8,134,10,2267,0,85,42
12-11-20,Hardin,2046,7,1564,5,482,2,1928,6,17527,62,19455,68,0,30,-12,181,19,1835,0,43,33
12-11-20,Hawkins,2525,41,2296,37,229,4,2503,44,19774,192,22277,236,2,41,19,395,20,2089,1,102,46
12-11-20,Haywood,1830,15,1631,10,199,5,1858,13,10228,45,12086,58,0,30,6,151,9,1649,0,59,33
12-11-20,Henderson,2229,23,1713,6,516,17,2272,6,12788,59,15060,65,1,37,2,248,20,1944,0,58,39
12-11-20,Henry,1837,7,1612,5,225,2,1862,7,14203,29,16065,36,0,24,-4,163,11,1650,0,56,33
12-11-20,Hickman,1433,14,1291,14,142,0,1536,19,11478,79,13014,98,1,20,-1,158,14,1255,0,34,23
12-11-20,Houston,666,20,541,6,125,14,625,7,5644,24,6269,31,0,21,16,37,4,608,1,34,22
12-11-20,Humphreys,879,18,650,16,229,2,779,17,8513,36,9292,53,0,8,11,61,7,810,0,23,9
12-11-20,Jackson,809,4,648,3,161,1,778,3,3993,31,4771,34,0,17,-4,83,8,709,0,27,17
12-11-20,Jefferson,2817,38,2312,26,505,12,2649,26,26334,172,28983,198,1,39,10,371,27,2407,2,122,47
12-11-20,Johnson,1578,6,1487,6,91,0,1588,6,10415,55,12003,61,0,25,3,99,3,1454,0,47,26
12-11-20,Knox,23884,551,22418,518,1466,33,24528,436,214826,1420,239354,1856,6,200,276,2770,269,20914,9,743,224
12-11-20,Lake,1280,8,1176,7,104,1,1403,4,7987,8,9390,12,1,9,4,76,3,1195,0,14,11
12-11-20,Lauderdale,2241,7,1859,5,382,2,2139,5,16090,22,18229,27,0,25,-7,107,14,2109,0,70,23
12-11-20,Lawrence,3334,46,2893,21,441,25,3203,28,19888,92,23091,120,2,41,17,434,27,2859,2,101,48
12-11-20,Lewis,933,8,861,6,72,2,926,8,7808,33,8734,41,0,16,4,103,4,814,0,31,18
12-11-20,Lincoln,2260,79,1890,69,370,10,2145,72,12408,112,14553,184,1,25,46,421,32,1814,2,56,27
12-11-20,Loudon,2785,41,2634,36,151,5,2902,38,22554,96,25456,134,1,22,16,310,24,2453,2,75,28
12-11-20,Macon,2088,15,1859,8,229,7,2237,9,11457,51,13694,60,0,32,-1,160,16,1896,0,99,36
12-11-20,Madison,6279,105,3873,31,2406,74,4990,31,40797,256,45787,287,0,125,49,263,56,5891,3,268,149
12-11-20,Marion,1459,41,1393,41,66,0,1591,51,11524,133,13115,184,0,22,20,227,21,1210,1,76,23
12-11-20,Marshall,2118,34,2036,32,82,2,2312,34,16458,111,18770,145,0,22,12,211,22,1885,1,53,25
12-11-20,Maury,7171,62,6933,56,238,6,7686,68,49969,201,57655,269,1,83,-8,756,69,6332,2,197,94
12-11-20,McMinn,3265,34,3089,31,176,3,3465,38,28186,132,31651,170,1,60,7,414,26,2791,1,104,61
12-11-20,McNairy,1543,9,1218,7,325,2,1597,6,11783,28,13380,34,0,34,-2,89,11,1420,0,51,36
12-11-20,Meigs,646,5,621,5,25,0,706,5,5119,47,5825,52,0,13,-2,96,7,537,0,26,13
12-11-20,Monroe,2718,44,2550,41,168,3,2881,40,18434,131,21315,171,0,47,8,344,36,2327,1,113,50
12-11-20,Montgomery,8215,141,7097,89,1118,52,7958,96,71385,728,79343,824,0,97,46,664,95,7454,0,195,113
12-11-20,Moore,501,17,419,14,82,3,484,14,3532,13,4016,27,0,4,11,68,6,429,0,7,5
12-11-20,Morgan,1011,18,879,16,132,2,959,15,11520,142,12479,157,0,8,7,184,11,819,0,16,11
12-11-20,Obion,3027,16,2404,15,623,1,2742,16,15845,36,18587,52,0,60,-1,235,17,2732,1,80,70
12-11-20,Out of State,8200,216,7069,180,1131,36,7842,179,441797,1760,449639,1939,-1,56,123,1254,94,6890,2,137,40
12-11-20,Overton,1708,18,1424,14,284,4,1712,17,10869,69,12581,86,1,38,11,125,6,1545,0,53,41
12-11-20,Pending,5940,135,4803,108,1137,27,5362,117,278700,1550,284062,1667,3,38,40,957,92,4945,1,76,47
12-11-20,Perry,598,10,550,9,48,1,618,9,4818,9,5436,18,0,22,4,46,6,530,0,26,23
12-11-20,Pickett,439,2,296,1,143,1,366,3,2323,43,2689,46,0,16,0,32,2,391,0,24,16
12-11-20,Polk,839,11,795,11,44,0,892,13,5926,48,6818,61,0,15,2,117,9,707,0,38,15
12-11-20,Putnam,6681,22,5842,20,839,2,7158,23,50003,204,57161,227,1,87,-16,534,37,6060,1,166,110
12-11-20,Rhea,2144,27,2027,27,117,0,2323,33,17633,118,19956,151,2,39,16,227,9,1878,0,60,45
12-11-20,Roane,2985,44,2792,37,193,7,3139,36,30578,136,33717,172,3,39,20,347,21,2599,0,82,46
12-11-20,Robertson,4718,89,4480,85,238,4,5142,91,29856,266,34998,357,5,62,21,495,63,4161,3,256,65
12-11-20,Rutherford,21719,455,20644,330,1075,125,24413,379,152144,1278,176557,1657,2,191,183,2095,270,19433,9,422,203
12-11-20,Scott,1472,18,1000,10,472,8,1071,12,8265,42,9336,54,1,10,-2,260,19,1202,0,38,15
12-11-20,Sequatchie,700,23,676,22,24,1,732,23,8627,65,9359,88,0,5,15,104,8,591,0,18,8
12-11-20,Sevier,6141,63,5862,49,279,14,6490,53,43482,279,49972,332,2,44,4,746,57,5351,2,173,56
12-11-20,Shelby,54371,797,52585,753,1786,44,64995,892,595660,4844,660655,5736,5,730,322,3661,470,49980,9,2667,878
12-11-20,Smith,1626,23,1420,14,206,9,1799,14,9049,51,10848,65,1,20,13,97,9,1509,0,46,21
12-11-20,Stewart,689,6,584,2,105,4,676,2,4860,38,5536,40,0,18,3,39,3,632,0,19,20
12-11-20,Sullivan,8054,127,7344,107,710,20,7968,123,55644,390,63612,513,2,128,19,867,106,7059,9,511,153
12-11-20,Sumner,12161,167,11833,152,328,15,13503,161,80982,570,94485,731,4,156,3,1282,160,10723,2,580,175
12-11-20,Tipton,4217,38,3437,26,780,12,4189,28,33312,133,37501,161,0,42,0,300,38,3875,1,118,51
12-11-20,Trousdale,1975,10,1940,9,35,1,2063,10,6945,19,9008,29,0,12,5,41,5,1922,0,33,12
12-11-20,Unicoi,1079,10,945,10,134,0,1051,10,9696,36,10747,46,0,30,-13,116,23,933,0,53,33
12-11-20,Union,893,12,815,10,78,2,901,11,7457,34,8358,45,0,6,9,119,3,768,2,35,9
12-11-20,Van Buren,440,2,396,2,44,0,448,2,3822,6,4270,8,0,4,-3,35,5,401,0,11,5
12-11-20,Warren,2938,29,2653,23,285,6,3034,28,22639,69,25673,97,0,21,1,406,28,2511,1,49,28
12-11-20,Washington,7558,70,6993,65,565,5,7756,86,54429,363,62185,449,1,129,-6,1047,75,6382,1,264,141
12-11-20,Wayne,2114,17,1931,8,183,9,2111,8,8699,25,10810,33,1,14,10,71,6,2029,1,36,16
12-11-20,Weakley,2444,12,2076,8,368,4,2386,16,16168,36,18554,52,0,38,-13,152,25,2254,0,49,40
12-11-20,White,2132,19,1847,17,285,2,2335,20,16900,65,19235,85,4,28,-2,222,17,1882,1,84,34
12-11-20,Williamson,13484,193,12718,179,766,14,14367,193,119897,793,134264,986,5,96,69,1022,119,12366,1,205,108
12-11-20,Wilson,9253,169,8889,163,364,6,10268,178,66280,529,76548,707,0,99,47,873,122,8281,3,215,105
12-10-20,Anderson,3805,93,3488,77,317,16,3919,86,43366,539,47285,625,3,38,80,553,10,3214,3,109,46
12-10-20,Bedford,3439,114,3039,102,400,12,3555,110,21469,328,25024,438,2,45,110,463,2,2931,0,82,52
12-10-20,Benton,984,15,892,13,92,2,979,16,6930,66,7909,82,1,19,11,121,3,844,0,28,27
12-10-20,Bledsoe,1315,15,1293,14,22,1,1362,12,11197,63,12559,75,0,5,11,66,4,1244,0,27,7
12-10-20,Blount,7180,155,6677,141,503,14,7510,163,49520,563,57030,726,0,68,117,1012,38,6100,1,217,80
12-10-20,Bradley,6607,194,6002,177,605,17,6917,177,41021,511,47938,688,0,43,176,935,18,5629,4,332,56
12-10-20,Campbell,1876,47,1408,11,468,36,1605,19,19427,121,21032,140,0,26,41,207,6,1643,2,82,31
12-10-20,Cannon,961,32,871,28,90,4,989,34,6488,92,7477,126,0,4,31,141,1,816,0,21,7
12-10-20,Carroll,2080,43,1621,28,459,15,1913,34,15630,105,17543,139,1,37,35,235,7,1808,0,59,45
12-10-20,Carter,3405,80,3119,74,286,6,3398,70,25765,215,29163,285,2,72,73,432,5,2901,1,176,77
12-10-20,Cheatham,1956,81,1804,77,152,4,2088,79,17972,246,20060,325,0,18,75,208,6,1730,0,53,18
12-10-20,Chester,1172,18,917,13,255,5,1136,14,7911,75,9047,89,0,25,18,104,0,1043,0,30,28
12-10-20,Claiborne,1153,42,910,30,243,12,1018,24,15635,95,16653,119,0,11,36,210,6,932,2,41,16
12-10-20,Clay,655,29,479,21,176,8,555,20,4160,50,4715,70,0,19,27,83,2,553,0,19,22
12-10-20,Cocke,1952,49,1642,40,310,9,1827,52,14087,132,15914,184,0,30,44,246,5,1676,1,75,38
12-10-20,Coffee,3509,121,2791,99,718,22,3423,142,31605,539,35028,681,0,46,115,464,6,2999,1,74,52
12-10-20,Crockett,1271,19,893,12,378,7,1066,15,5465,36,6531,51,0,29,17,72,2,1170,0,27,30
12-10-20,Cumberland,3073,61,2897,57,176,4,3413,65,35553,317,38966,382,0,42,52,333,9,2698,0,106,51
12-10-20,Davidson,48637,791,47712,762,925,29,58569,908,611858,5686,670427,6594,2,456,636,2941,153,45240,12,1529,488
12-10-20,Decatur,1029,11,819,10,210,1,1007,8,8949,69,9956,77,0,14,8,48,3,967,0,27,17
12-10-20,Dekalb,1486,46,1230,38,256,8,1448,46,12828,169,14276,215,0,25,45,197,1,1264,1,36,27
12-10-20,Dickson,3409,85,2763,68,646,17,3404,74,23936,307,27340,381,0,41,80,310,5,3058,0,84,53
12-10-20,Dyer,3565,63,2724,46,841,17,3090,48,17105,123,20195,171,4,59,55,267,4,3239,1,90,66
12-10-20,Fayette,2594,53,2462,48,132,5,3082,49,25033,277,28115,326,0,40,45,215,8,2339,3,102,45
12-10-20,Fentress,1404,23,1254,18,150,5,1470,19,7884,37,9354,56,1,27,18,125,4,1252,1,47,29
12-10-20,Franklin,2582,59,2364,55,218,4,2813,59,23118,230,25931,289,0,41,54,294,5,2247,1,75,44
12-10-20,Gibson,3769,67,2607,52,1162,15,3276,52,22095,204,25371,256,0,75,60,366,7,3328,1,84,83
12-10-20,Giles,1794,50,1677,49,117,1,1899,45,15689,200,17588,245,0,51,42,226,8,1517,0,79,54
12-10-20,Grainger,1272,41,1045,32,227,9,1194,32,9858,117,11052,149,0,21,38,174,3,1077,0,47,25
12-10-20,Greene,3883,94,3479,63,404,31,3913,69,29209,302,33122,371,0,77,86,561,8,3245,1,144,81
12-10-20,Grundy,909,16,833,15,76,1,980,16,5060,54,6040,70,0,14,14,77,2,818,0,45,15
12-10-20,Hamblen,4214,91,3664,79,550,12,4161,88,33907,339,38068,427,0,64,87,526,4,3624,0,168,80
12-10-20,Hamilton,20115,446,18655,418,1460,28,21185,450,212817,2037,234002,2487,11,204,319,1196,116,18715,14,686,239
12-10-20,Hancock,237,5,193,5,44,0,211,6,2789,43,3000,49,0,4,3,40,2,193,0,13,4
12-10-20,Hardeman,2423,25,2181,21,242,4,2595,22,19297,112,21892,134,0,40,22,126,3,2257,0,85,42
12-10-20,Hardin,2039,34,1559,26,480,8,1922,26,17465,130,19387,156,0,30,25,193,9,1816,0,43,33
12-10-20,Hawkins,2484,66,2259,58,225,8,2459,57,19582,282,22041,339,1,39,59,376,6,2069,0,101,45
12-10-20,Haywood,1815,29,1621,26,194,3,1845,27,10183,64,12028,91,0,30,26,145,3,1640,0,59,33
12-10-20,Henderson,2206,37,1707,26,499,11,2266,28,12729,130,14995,158,1,36,31,246,5,1924,1,58,39
12-10-20,Henry,1830,37,1607,32,223,5,1855,39,14174,132,16029,171,0,24,33,167,4,1639,0,56,33
12-10-20,Hickman,1419,36,1277,32,142,4,1517,40,11399,125,12916,165,0,19,35,159,1,1241,0,34,22
12-10-20,Houston,646,9,535,6,111,3,618,6,5620,69,6238,75,0,21,6,21,3,604,0,33,22
12-10-20,Humphreys,861,18,634,14,227,4,762,16,8477,106,9239,122,0,8,16,50,2,803,0,23,9
12-10-20,Jackson,805,9,645,9,160,0,775,11,3962,42,4737,53,0,17,7,87,2,701,0,27,17
12-10-20,Jefferson,2779,54,2286,46,493,8,2623,47,26162,186,28785,233,0,38,48,361,6,2380,1,120,45
12-10-20,Johnson,1572,20,1481,20,91,0,1582,22,10360,78,11942,100,1,25,18,96,1,1451,0,47,26
12-10-20,Knox,23333,477,21900,415,1433,62,24092,553,213406,1920,237498,2473,8,194,327,2494,142,20645,9,734,222
12-10-20,Lake,1272,10,1169,9,103,1,1399,8,7979,43,9378,51,0,8,10,72,0,1192,0,14,11
12-10-20,Lauderdale,2234,32,1854,31,380,1,2134,34,16068,109,18202,143,1,25,27,114,4,2095,1,70,23
12-10-20,Lawrence,3288,82,2872,71,416,11,3175,76,19796,346,22971,422,0,39,74,417,8,2832,1,99,48
12-10-20,Lewis,925,24,855,22,70,2,918,20,7775,120,8693,140,0,16,22,99,2,810,0,31,18
12-10-20,Lincoln,2181,68,1821,54,360,14,2073,69,12296,111,14369,180,0,24,57,375,11,1782,0,54,27
12-10-20,Loudon,2744,67,2598,51,146,16,2864,54,22458,195,25322,249,0,21,64,294,3,2429,3,73,27
12-10-20,Macon,2073,41,1851,25,222,16,2228,26,11406,72,13634,98,0,32,36,161,5,1880,0,99,36
12-10-20,Madison,6174,80,3842,40,2332,40,4959,41,40541,277,45500,318,4,125,31,214,45,5835,1,265,147
12-10-20,Marion,1418,50,1352,50,66,0,1540,45,11391,164,12931,209,0,22,46,207,4,1189,1,75,23
12-10-20,Marshall,2084,50,2004,42,80,8,2278,49,16347,226,18625,275,1,22,43,199,6,1863,0,52,25
12-10-20,Maury,7109,166,6877,158,232,8,7618,181,49768,814,57386,995,1,82,153,764,12,6263,2,195,93
12-10-20,McMinn,3231,65,3058,62,173,3,3427,62,28054,306,31481,368,0,59,56,407,9,2765,0,103,61
12-10-20,McNairy,1534,20,1211,18,323,2,1591,20,11755,76,13346,96,0,34,19,91,1,1409,1,51,36
12-10-20,Meigs,641,23,616,22,25,1,701,23,5072,54,5773,77,0,13,21,98,2,530,0,26,13
12-10-20,Monroe,2674,42,2509,35,165,7,2841,36,18303,152,21144,188,0,47,32,336,10,2291,0,112,49
12-10-20,Montgomery,8074,247,7008,196,1066,51,7862,210,70657,1036,78519,1246,0,97,215,618,32,7359,0,195,111
12-10-20,Moore,484,19,405,17,79,2,470,17,3519,39,3989,56,0,4,18,57,1,423,0,7,5
12-10-20,Morgan,993,41,863,35,130,6,944,35,11378,83,12322,118,0,8,34,177,7,808,1,16,11
12-10-20,Obion,3011,44,2389,32,622,12,2726,38,15809,191,18535,229,3,60,33,236,8,2715,1,79,69
12-10-20,Out of State,7984,264,6889,208,1095,56,7663,233,440037,4058,447700,4291,-1,57,232,1131,33,6796,0,135,40
12-10-20,Overton,1690,29,1410,28,280,1,1695,28,10800,74,12495,102,0,37,25,114,4,1539,0,53,41
12-10-20,Pending,5805,195,4695,152,1110,43,5245,171,277150,2386,282395,2557,1,35,173,917,21,4853,2,75,45
12-10-20,Perry,588,16,541,12,47,4,609,14,4809,20,5418,34,0,22,13,42,3,524,0,26,23
12-10-20,Pickett,437,5,295,5,142,0,363,5,2280,12,2643,17,0,16,3,32,2,389,0,24,16
12-10-20,Polk,828,31,784,30,44,1,879,26,5878,66,6757,92,0,15,29,115,2,698,1,38,15
12-10-20,Putnam,6659,114,5822,111,837,3,7135,136,49799,478,56934,614,1,86,103,550,10,6023,0,165,109
12-10-20,Rhea,2117,61,2000,52,117,9,2290,50,17515,203,19805,253,0,37,53,211,8,1869,0,60,45
12-10-20,Roane,2941,76,2755,66,186,10,3103,76,30442,346,33545,422,0,36,64,327,12,2578,1,82,46
12-10-20,Robertson,4629,135,4395,121,234,14,5051,127,29590,348,34641,475,0,57,121,474,14,4098,1,253,65
12-10-20,Rutherford,21264,479,20314,441,950,38,24034,510,150866,1913,174900,2423,4,189,436,1912,39,19163,3,413,202
12-10-20,Scott,1454,55,990,33,464,22,1059,33,8223,71,9282,104,0,9,49,262,6,1183,2,38,14
12-10-20,Sequatchie,677,32,654,28,23,4,709,25,8562,76,9271,101,0,5,32,89,0,583,0,18,8
12-10-20,Sevier,6078,192,5813,172,265,20,6437,189,43203,513,49640,702,1,42,184,742,7,5294,1,171,56
12-10-20,Shelby,53574,674,51832,610,1742,64,64103,732,590816,5088,654919,5820,4,725,546,3339,124,49510,11,2658,869
12-10-20,Smith,1603,28,1406,25,197,3,1785,28,8998,94,10783,122,0,19,27,84,1,1500,0,46,20
12-10-20,Stewart,683,13,582,11,101,2,674,10,4822,37,5496,47,0,18,13,36,0,629,0,19,20
12-10-20,Sullivan,7927,162,7237,149,690,13,7845,177,55254,689,63099,866,1,126,117,848,44,6953,9,502,150
12-10-20,Sumner,11994,341,11681,312,313,29,13342,350,80412,1201,93754,1551,1,152,314,1279,26,10563,6,578,174
12-10-20,Tipton,4179,76,3411,48,768,28,4161,63,33179,300,37340,363,0,42,70,300,6,3837,0,117,51
12-10-20,Trousdale,1965,14,1931,13,34,1,2053,13,6926,59,8979,72,0,12,11,36,3,1917,0,33,12
12-10-20,Unicoi,1069,15,935,14,134,1,1041,16,9660,76,10701,92,1,30,10,129,4,910,0,53,31
12-10-20,Union,881,13,805,12,76,1,890,12,7423,72,8313,84,1,6,11,110,1,765,1,33,7
12-10-20,Van Buren,438,4,394,4,44,0,446,4,3816,12,4262,16,0,4,2,38,2,396,0,11,5
12-10-20,Warren,2909,72,2630,67,279,5,3006,70,22570,247,25576,317,0,21,65,405,7,2483,1,48,27
12-10-20,Washington,7488,154,6928,141,560,13,7670,153,54066,621,61736,774,0,128,143,1053,11,6307,2,263,140
12-10-20,Wayne,2097,18,1923,11,174,7,2103,13,8674,64,10777,77,0,13,15,61,3,2023,1,35,16
12-10-20,Weakley,2432,31,2068,28,364,3,2370,30,16132,227,18502,257,1,38,28,165,2,2229,0,49,40
12-10-20,White,2113,29,1830,29,283,0,2315,31,16835,169,19150,200,1,24,23,224,5,1865,2,83,33
12-10-20,Williamson,13291,234,12539,211,752,23,14174,225,119104,1037,133278,1262,0,91,222,953,12,12247,3,204,104
12-10-20,Wilson,9084,202,8726,190,358,12,10090,210,65751,870,75841,1080,5,99,161,826,36,8159,2,212,102
12-09-20,Anderson,3712,106,3411,93,301,13,3833,103,42827,268,46660,371,0,35,42,473,64,3204,3,106,45
12-09-20,Bedford,3325,70,2937,69,388,1,3445,78,21141,178,24586,256,1,43,21,353,48,2929,0,82,51
12-09-20,Benton,969,17,879,16,90,1,963,19,6864,55,7827,74,1,18,2,110,14,841,0,28,27
12-09-20,Bledsoe,1300,13,1279,12,21,1,1350,9,11134,46,12484,55,0,5,4,55,9,1240,1,27,7
12-09-20,Blount,7025,183,6536,177,489,6,7347,179,48957,414,56304,593,2,68,44,895,137,6062,4,216,78
12-09-20,Bradley,6413,150,5825,136,588,14,6740,157,40510,391,47250,548,2,43,39,759,109,5611,5,328,54
12-09-20,Campbell,1829,41,1397,31,432,10,1586,36,19306,127,20892,163,0,26,1,166,40,1637,0,80,31
12-09-20,Cannon,929,28,843,24,86,4,955,31,6396,37,7351,68,0,4,14,110,14,815,0,21,7
12-09-20,Carroll,2037,53,1593,41,444,12,1879,43,15525,109,17404,152,0,36,22,200,31,1801,0,59,45
12-09-20,Carter,3325,64,3045,57,280,7,3328,65,25550,153,28878,218,2,70,16,359,46,2896,0,175,77
12-09-20,Cheatham,1875,11,1727,10,148,1,2009,10,17726,53,19735,63,0,18,-17,133,28,1724,1,53,18
12-09-20,Chester,1154,22,904,22,250,0,1122,25,7836,59,8958,84,0,25,14,86,8,1043,1,30,28
12-09-20,Claiborne,1111,46,880,22,231,24,994,17,15540,213,16534,230,0,11,16,174,30,926,1,39,16
12-09-20,Clay,626,11,458,7,168,4,535,8,4110,17,4645,25,0,19,4,56,7,551,0,19,22
12-09-20,Cocke,1903,40,1602,36,301,4,1775,39,13955,111,15730,150,0,30,10,202,30,1671,2,74,37
12-09-20,Coffee,3388,67,2692,49,696,18,3281,42,31066,249,34347,291,1,46,9,349,57,2993,4,73,52
12-09-20,Crockett,1252,15,881,6,371,9,1051,6,5429,25,6480,31,0,29,6,55,9,1168,2,27,30
12-09-20,Cumberland,3012,64,2840,63,172,1,3348,72,35236,343,38584,415,0,42,28,281,36,2689,0,106,51
12-09-20,Davidson,47846,372,46950,327,896,45,57661,353,606172,2028,663833,2381,6,454,-63,2305,429,45087,14,1517,482
12-09-20,Decatur,1018,11,809,10,209,1,999,11,8880,55,9879,66,0,14,2,40,9,964,0,27,17
12-09-20,Dekalb,1440,58,1192,49,248,9,1402,53,12659,110,14061,163,0,25,28,152,30,1263,0,35,27
12-09-20,Dickson,3324,17,2695,16,629,1,3330,17,23629,80,26959,97,1,41,-11,230,27,3053,0,84,52
12-09-20,Dyer,3502,30,2678,24,824,6,3042,27,16982,74,20024,101,1,55,-4,212,33,3235,0,89,65
12-09-20,Fayette,2541,36,2414,36,127,0,3033,52,24756,204,27789,256,0,40,-1,170,37,2331,0,99,45
12-09-20,Fentress,1381,26,1236,26,145,0,1451,28,7847,72,9298,100,1,26,11,107,14,1248,0,46,28
12-09-20,Franklin,2523,54,2309,47,214,7,2754,56,22888,268,25642,324,0,41,15,240,39,2242,1,74,44
12-09-20,Gibson,3702,32,2555,23,1147,9,3224,26,21891,72,25115,98,2,75,-21,306,51,3321,0,83,83
12-09-20,Giles,1744,21,1628,19,116,2,1854,18,15489,30,17343,48,0,51,-1,184,22,1509,0,79,52
12-09-20,Grainger,1231,36,1013,28,218,8,1162,32,9741,97,10903,129,0,21,15,136,21,1074,0,47,25
12-09-20,Greene,3789,86,3416,80,373,6,3844,100,28907,245,32751,345,1,77,42,475,43,3237,0,143,81
12-09-20,Grundy,893,10,818,10,75,0,964,10,5006,13,5970,23,0,14,0,63,10,816,0,45,15
12-09-20,Hamblen,4123,128,3585,123,538,5,4073,138,33568,344,37641,482,0,64,66,439,62,3620,1,168,80
12-09-20,Hamilton,19669,131,18237,103,1432,28,20735,107,210780,578,231515,685,2,193,-186,877,315,18599,7,672,237
12-09-20,Hancock,232,2,188,2,44,0,205,2,2746,9,2951,11,0,4,-4,37,6,191,0,13,4
12-09-20,Hardeman,2398,17,2160,15,238,2,2573,20,19185,57,21758,77,1,40,-3,104,19,2254,0,85,42
12-09-20,Hardin,2005,30,1533,14,472,16,1896,12,17335,35,19231,47,0,30,9,168,21,1807,0,43,33
12-09-20,Hawkins,2418,75,2201,71,217,4,2402,71,19300,236,21702,307,1,38,43,317,31,2063,0,101,44
12-09-20,Haywood,1786,23,1595,22,191,1,1818,24,10119,58,11937,82,0,30,14,119,9,1637,1,59,33
12-09-20,Henderson,2169,73,1681,68,488,5,2238,69,12599,171,14837,240,0,35,39,215,34,1919,0,57,39
12-09-20,Henry,1793,38,1575,29,218,9,1816,31,14042,81,15858,112,1,24,7,134,30,1635,0,56,32
12-09-20,Hickman,1383,17,1245,16,138,1,1477,15,11274,44,12751,59,0,19,7,124,10,1240,0,34,22
12-09-20,Houston,637,10,529,5,108,5,612,5,5551,0,6163,5,0,21,-1,15,11,601,0,33,22
12-09-20,Humphreys,843,2,620,2,223,0,746,2,8371,16,9117,18,-1,8,-10,34,13,801,0,23,9
12-09-20,Jackson,796,24,636,24,160,0,764,27,3920,40,4684,67,6,17,11,80,7,699,0,27,17
12-09-20,Jefferson,2725,66,2240,58,485,8,2576,70,25976,207,28552,277,1,38,31,313,34,2374,0,119,44
12-09-20,Johnson,1552,5,1461,4,91,1,1560,6,10282,9,11842,15,0,24,-4,78,9,1450,1,47,26
12-09-20,Knox,22856,407,21485,337,1371,70,23539,350,211486,958,235025,1308,2,186,79,2167,326,20503,13,725,212
12-09-20,Lake,1262,10,1160,8,102,2,1391,9,7936,18,9327,27,0,8,8,62,2,1192,0,14,10
12-09-20,Lauderdale,2202,21,1823,20,379,1,2100,22,15959,78,18059,100,1,24,1,87,19,2091,1,69,23
12-09-20,Lawrence,3206,36,2801,32,405,4,3099,36,19450,96,22549,132,1,39,-13,343,48,2824,0,98,46
12-09-20,Lewis,901,5,833,4,68,1,898,2,7655,7,8553,9,0,16,-14,77,19,808,0,31,18
12-09-20,Lincoln,2113,35,1767,27,346,8,2004,23,12185,24,14189,47,0,24,-4,318,39,1771,1,54,26
12-09-20,Loudon,2677,27,2547,20,130,7,2810,33,22263,177,25073,210,0,21,-17,230,44,2426,0,70,27
12-09-20,Macon,2032,42,1826,38,206,4,2202,43,11334,69,13536,112,1,32,24,125,17,1875,0,99,35
12-09-20,Madison,6094,49,3802,27,2292,22,4918,26,40264,84,45182,110,0,121,-17,183,66,5790,4,264,145
12-09-20,Marion,1368,33,1302,31,66,2,1495,28,11227,45,12722,73,1,22,15,161,17,1185,0,74,23
12-09-20,Marshall,2034,24,1962,16,72,8,2229,14,16121,44,18350,58,-1,21,-5,156,30,1857,2,52,24
12-09-20,Maury,6943,91,6719,88,224,3,7437,88,48954,305,56391,393,0,81,-20,611,111,6251,0,193,91
12-09-20,McMinn,3166,76,2996,76,170,0,3365,86,27748,177,31113,263,0,59,1,351,75,2756,0,103,61
12-09-20,McNairy,1514,16,1193,15,321,1,1571,18,11679,72,13250,90,1,34,5,72,10,1408,0,50,36
12-09-20,Meigs,618,27,594,26,24,1,678,25,5018,38,5696,63,0,13,19,77,8,528,0,26,13
12-09-20,Monroe,2632,69,2474,68,158,1,2805,73,18151,187,20956,260,0,47,11,304,58,2281,0,112,49
12-09-20,Montgomery,7827,45,6812,33,1015,12,7652,37,69621,248,77273,285,0,97,-75,403,120,7327,0,195,110
12-09-20,Moore,465,2,388,0,77,2,453,1,3480,19,3933,20,0,4,-6,39,8,422,0,7,5
12-09-20,Morgan,952,32,828,29,124,3,909,33,11295,89,12204,122,0,8,15,143,17,801,1,15,11
12-09-20,Obion,2967,35,2357,32,610,3,2688,38,15618,137,18306,175,0,57,2,203,33,2707,0,78,68
12-09-20,Out of State,7720,157,6681,125,1039,32,7430,161,435979,1374,443409,1535,0,58,-60,899,217,6763,1,135,40
12-09-20,Overton,1661,16,1382,15,279,1,1667,17,10726,82,12393,99,0,37,14,89,2,1535,0,53,40
12-09-20,Pending,5610,125,4543,102,1067,23,5074,113,274764,1212,279838,1325,3,34,-19,744,141,4832,1,73,45
12-09-20,Perry,572,5,529,4,43,1,595,7,4789,10,5384,17,0,22,-4,29,9,521,0,26,23
12-09-20,Pickett,432,2,290,2,142,0,358,2,2268,6,2626,8,0,16,-2,29,4,387,0,24,16
12-09-20,Polk,797,16,754,16,43,0,853,13,5812,43,6665,56,0,15,6,86,10,696,1,37,15
12-09-20,Putnam,6545,40,5711,35,834,5,6999,32,49321,220,56320,252,0,85,-30,447,70,6013,0,165,108
12-09-20,Rhea,2056,41,1948,38,108,3,2240,41,17312,179,19552,220,1,37,14,158,26,1861,1,60,41
12-09-20,Roane,2865,40,2689,37,176,3,3027,40,30096,174,33123,214,1,36,-18,263,57,2566,0,81,41
12-09-20,Robertson,4494,31,4274,21,220,10,4924,24,29242,99,34166,123,0,57,-50,353,81,4084,1,252,65
12-09-20,Rutherford,20785,153,19873,135,912,18,23524,148,148953,684,172477,832,0,185,-115,1476,268,19124,4,410,202
12-09-20,Scott,1399,37,957,30,442,7,1026,30,8152,76,9178,106,0,9,10,213,27,1177,0,36,14
12-09-20,Sequatchie,645,3,626,2,19,1,684,3,8486,22,9170,25,0,5,-10,57,13,583,0,18,8
12-09-20,Sevier,5886,223,5641,217,245,6,6248,226,42690,470,48938,696,0,41,136,558,87,5287,2,170,56
12-09-20,Shelby,52900,492,51222,461,1678,31,63371,538,585728,3391,649099,3929,5,721,-10,2793,497,49386,14,2647,861
12-09-20,Smith,1575,10,1381,7,194,3,1757,8,8904,54,10661,62,-1,19,-6,57,17,1499,0,46,20
12-09-20,Stewart,670,4,571,1,99,3,664,1,4785,23,5449,24,0,18,-5,23,9,629,0,19,20
12-09-20,Sullivan,7765,104,7088,94,677,10,7668,104,54565,285,62233,389,0,125,-21,731,125,6909,0,493,149
12-09-20,Sumner,11653,122,11369,116,284,6,12992,126,79211,322,92203,448,3,151,-53,965,172,10537,2,572,172
12-09-20,Tipton,4103,60,3363,54,740,6,4098,58,32879,185,36977,243,1,42,13,230,46,3831,0,117,51
12-09-20,Trousdale,1951,4,1918,2,33,2,2040,3,6867,51,8907,54,0,12,-2,25,6,1914,0,33,12
12-09-20,Unicoi,1054,11,921,7,133,4,1025,7,9584,25,10609,32,1,29,-13,119,23,906,0,53,31
12-09-20,Union,868,35,793,34,75,1,878,36,7351,79,8229,115,0,5,22,99,13,764,0,32,6
12-09-20,Van Buren,434,3,390,2,44,1,442,3,3804,42,4246,45,0,4,-2,36,5,394,0,11,5
12-09-20,Warren,2837,114,2563,110,274,4,2936,126,22323,329,25259,455,0,21,81,340,33,2476,1,47,27
12-09-20,Washington,7334,213,6787,210,547,3,7517,225,53445,466,60962,691,4,128,101,910,108,6296,0,261,135
12-09-20,Wayne,2079,17,1912,9,167,8,2090,8,8610,18,10700,26,0,13,-7,46,24,2020,0,34,16
12-09-20,Weakley,2401,28,2040,26,361,2,2340,28,15905,119,18245,147,0,37,7,137,21,2227,0,49,40
12-09-20,White,2084,43,1801,40,283,3,2284,49,16666,153,18950,202,3,23,3,201,37,1860,0,81,33
12-09-20,Williamson,13057,86,12328,72,729,14,13949,74,118067,366,132016,440,3,91,-86,731,169,12235,1,201,102
12-09-20,Wilson,8882,77,8536,65,346,12,9880,79,64881,460,74761,539,0,94,-51,665,128,8123,0,210,102
12-08-20,Anderson,3606,72,3318,50,288,22,3730,60,42559,287,46289,347,1,35,-8,431,79,3140,1,103,44
12-08-20,Bedford,3255,51,2868,44,387,7,3367,50,20963,170,24330,220,1,42,5,332,45,2881,0,82,49
12-08-20,Benton,952,18,863,14,89,4,944,16,6809,23,7753,39,1,17,3,108,14,827,0,28,27
12-08-20,Bledsoe,1287,20,1267,20,20,0,1341,20,11088,66,12429,86,0,5,5,51,15,1231,0,26,7
12-08-20,Blount,6842,157,6359,131,483,26,7168,127,48543,373,55711,500,0,66,0,851,157,5925,7,212,78
12-08-20,Bradley,6263,191,5689,163,574,28,6583,168,40119,226,46702,394,2,41,89,720,100,5502,5,323,53
12-08-20,Campbell,1788,19,1366,12,422,7,1550,11,19179,160,20729,171,0,26,-3,165,22,1597,0,80,30
12-08-20,Cannon,901,30,819,28,82,2,924,20,6359,41,7283,61,0,4,15,96,15,801,1,21,5
12-08-20,Carroll,1984,31,1552,19,432,12,1836,17,15416,59,17252,76,0,36,6,178,25,1770,0,59,42
12-08-20,Carter,3261,58,2988,49,273,9,3263,49,25397,131,28660,180,3,68,21,343,34,2850,0,175,77
12-08-20,Cheatham,1864,38,1717,34,147,4,1999,41,17673,197,19672,238,1,18,7,150,30,1696,1,52,18
12-08-20,Chester,1132,18,882,9,250,9,1097,10,7777,72,8874,82,1,25,6,72,11,1035,1,29,28
12-08-20,Claiborne,1065,15,858,13,207,2,977,11,15327,52,16304,63,1,11,-8,158,22,896,1,38,15
12-08-20,Clay,615,4,451,3,164,1,527,3,4093,11,4620,14,0,19,-2,52,6,544,0,19,22
12-08-20,Cocke,1863,44,1566,36,297,8,1736,32,13844,132,15580,164,0,30,14,192,30,1641,0,72,35
12-08-20,Coffee,3321,55,2643,43,678,12,3239,51,30817,167,34056,218,1,45,8,340,46,2936,0,69,52
12-08-20,Crockett,1237,10,875,6,362,4,1045,10,5404,34,6449,44,0,29,1,49,9,1159,0,25,30
12-08-20,Cumberland,2948,50,2777,36,171,14,3276,38,34893,83,38169,121,1,42,4,253,45,2653,1,106,50
12-08-20,Davidson,47474,712,46623,676,851,36,57308,754,604144,4988,661452,5742,8,448,208,2368,496,44658,13,1503,480
12-08-20,Decatur,1007,6,799,4,208,2,988,5,8825,90,9813,95,1,14,-1,38,6,955,0,27,17
12-08-20,Dekalb,1382,21,1143,9,239,12,1349,8,12549,41,13898,49,0,25,-15,124,36,1233,0,35,27
12-08-20,Dickson,3307,110,2679,85,628,25,3313,90,23549,267,26862,357,0,40,70,241,40,3026,0,84,52
12-08-20,Dyer,3472,31,2654,20,818,11,3015,23,16908,84,19923,107,1,54,5,216,25,3202,0,89,61
12-08-20,Fayette,2505,36,2378,32,127,4,2981,42,24552,251,27533,293,0,40,2,171,34,2294,1,99,45
12-08-20,Fentress,1355,17,1210,12,145,5,1423,13,7775,49,9198,62,0,25,0,96,17,1234,0,46,27
12-08-20,Franklin,2469,36,2262,30,207,6,2698,41,22620,184,25318,225,1,41,-3,225,38,2203,0,73,43
12-08-20,Gibson,3670,85,2532,58,1138,27,3198,70,21819,195,25017,265,1,73,34,327,50,3270,1,83,82
12-08-20,Giles,1723,39,1609,36,114,3,1836,38,15459,197,17295,235,1,51,19,185,19,1487,2,79,52
12-08-20,Grainger,1195,22,985,12,210,10,1130,13,9644,43,10774,56,0,21,4,121,18,1053,0,47,25
12-08-20,Greene,3703,111,3336,78,367,33,3744,87,28662,178,32406,265,0,76,70,433,41,3194,1,143,80
12-08-20,Grundy,883,18,808,17,75,1,954,21,4993,54,5947,75,0,14,10,63,8,806,0,45,14
12-08-20,Hamblen,3995,51,3462,38,533,13,3935,44,33224,84,37159,128,1,64,10,373,40,3558,0,167,80
12-08-20,Hamilton,19538,417,18134,363,1404,54,20628,384,210202,1653,230830,2037,10,191,74,1063,333,18284,3,665,234
12-08-20,Hancock,230,6,186,3,44,3,203,3,2737,19,2940,22,0,4,-1,41,7,185,0,13,4
12-08-20,Hardeman,2381,36,2145,30,236,6,2553,36,19128,110,21681,146,0,39,25,107,11,2235,0,85,42
12-08-20,Hardin,1975,31,1519,24,456,7,1884,25,17300,105,19184,130,0,30,17,159,14,1786,0,43,33
12-08-20,Hawkins,2343,47,2130,31,213,16,2331,31,19064,189,21395,220,1,37,7,274,39,2032,0,101,42
12-08-20,Haywood,1763,30,1573,20,190,10,1794,21,10061,82,11855,103,0,30,22,105,8,1628,0,58,33
12-08-20,Henderson,2096,32,1613,21,483,11,2169,25,12428,86,14597,111,1,35,4,176,27,1885,0,57,39
12-08-20,Henry,1755,45,1546,31,209,14,1785,34,13961,71,15746,105,0,23,29,127,16,1605,0,56,31
12-08-20,Hickman,1366,32,1229,31,137,1,1462,40,11230,85,12692,125,0,19,12,117,20,1230,1,34,22
12-08-20,Houston,627,9,524,7,103,2,607,8,5551,128,6158,136,0,21,2,16,7,590,0,33,22
12-08-20,Humphreys,841,10,618,8,223,2,744,8,8355,94,9099,102,0,9,0,44,10,788,0,23,9
12-08-20,Jackson,772,11,612,10,160,1,737,10,3880,21,4617,31,0,11,-1,69,12,692,0,27,17
12-08-20,Jefferson,2659,42,2182,30,477,12,2506,34,25769,139,28275,173,1,37,6,282,35,2340,1,119,44
12-08-20,Johnson,1547,13,1457,11,90,2,1554,11,10273,55,11827,66,0,24,3,82,10,1441,1,46,26
12-08-20,Knox,22449,496,21148,450,1301,46,23189,528,210528,2054,233717,2582,9,184,128,2088,359,20177,10,712,209
12-08-20,Lake,1252,16,1152,13,100,3,1382,13,7918,51,9300,64,0,8,7,54,9,1190,0,14,10
12-08-20,Lauderdale,2181,13,1803,9,378,4,2078,13,15881,63,17959,76,0,23,-4,86,17,2072,0,68,23
12-08-20,Lawrence,3170,60,2769,45,401,15,3063,52,19354,210,22417,262,0,38,9,356,51,2776,2,98,46
12-08-20,Lewis,896,15,829,15,67,0,896,14,7648,57,8544,71,0,16,5,91,10,789,1,31,18
12-08-20,Lincoln,2078,79,1740,65,338,14,1981,70,12161,119,14142,189,0,24,20,322,59,1732,0,53,25
12-08-20,Loudon,2650,71,2527,63,123,8,2777,61,22086,154,24863,215,0,21,41,247,30,2382,2,70,26
12-08-20,Macon,1990,10,1788,8,202,2,2159,8,11265,46,13424,54,0,31,-6,101,16,1858,0,99,35
12-08-20,Madison,6045,127,3775,47,2270,80,4892,50,40180,414,45072,464,1,121,49,200,77,5724,2,260,145
12-08-20,Marion,1335,44,1271,43,64,1,1467,42,11182,128,12649,170,0,21,23,146,21,1168,0,74,23
12-08-20,Marshall,2010,30,1946,27,64,3,2215,32,16077,194,18292,226,0,22,-6,161,36,1827,0,50,24
12-08-20,Maury,6852,138,6631,135,221,3,7349,147,48649,485,55998,632,4,81,55,631,79,6140,2,193,91
12-08-20,McMinn,3090,90,2920,82,170,8,3279,89,27571,122,30850,211,2,59,46,350,42,2681,2,103,61
12-08-20,McNairy,1498,18,1178,18,320,0,1553,18,11607,66,13160,84,0,33,11,67,7,1398,0,50,36
12-08-20,Meigs,591,21,568,19,23,2,653,19,4980,50,5633,69,0,13,11,58,10,520,0,26,13
12-08-20,Monroe,2563,71,2406,68,157,3,2732,72,17964,182,20696,254,1,47,27,293,43,2223,3,112,49
12-08-20,Montgomery,7782,224,6779,200,1003,24,7615,213,69373,976,76988,1189,2,97,100,478,122,7207,3,195,110
12-08-20,Moore,463,10,388,7,75,3,452,10,3461,27,3913,37,0,4,3,45,7,414,0,7,5
12-08-20,Morgan,920,34,799,24,121,10,876,28,11206,97,12082,125,1,8,17,128,16,784,0,14,11
12-08-20,Obion,2932,33,2325,19,607,14,2650,23,15481,76,18131,99,1,57,-5,201,37,2674,1,78,67
12-08-20,Out of State,7563,309,6556,254,1007,55,7269,259,434605,3642,441874,3901,2,58,61,959,246,6546,3,134,40
12-08-20,Overton,1645,23,1367,19,278,4,1650,20,10644,42,12294,62,0,37,18,75,5,1533,0,53,39
12-08-20,Pending,5485,227,4441,178,1044,49,4961,190,273552,2112,278513,2302,1,31,100,763,126,4691,1,72,44
12-08-20,Perry,567,10,525,10,42,0,588,11,4779,17,5367,28,0,22,3,33,7,512,0,26,23
12-08-20,Pickett,430,8,288,3,142,5,356,3,2262,53,2618,56,1,16,4,31,3,383,0,24,16
12-08-20,Polk,781,27,738,25,43,2,840,24,5769,48,6609,72,0,15,17,80,10,686,0,36,15
12-08-20,Putnam,6505,93,5676,85,829,8,6967,89,49101,390,56068,479,0,85,46,477,47,5943,0,165,108
12-08-20,Rhea,2015,49,1910,47,105,2,2199,48,17133,94,19332,142,1,36,17,144,31,1835,0,59,41
12-08-20,Roane,2825,56,2652,48,173,8,2987,55,29922,202,32909,257,0,35,-5,281,61,2509,0,81,41
12-08-20,Robertson,4463,158,4253,140,210,18,4900,146,29143,396,34043,542,0,57,88,403,70,4003,2,251,63
12-08-20,Rutherford,20632,465,19738,454,894,11,23376,511,148269,1863,171645,2374,8,185,167,1591,290,18856,0,406,199
12-08-20,Scott,1362,50,927,37,435,13,996,38,8076,58,9072,96,0,9,19,203,31,1150,0,36,14
12-08-20,Sequatchie,642,14,624,14,18,0,681,12,8464,91,9145,103,0,5,3,67,11,570,0,18,7
12-08-20,Sevier,5663,81,5424,72,239,9,6022,73,42220,169,48242,242,1,41,-9,422,89,5200,2,168,55
12-08-20,Shelby,52408,777,50761,737,1647,40,62833,899,582337,6325,645170,7224,7,716,233,2803,537,48889,10,2633,857
12-08-20,Smith,1565,10,1374,5,191,5,1749,5,8850,42,10599,47,0,20,-6,63,16,1482,0,46,20
12-08-20,Stewart,666,14,570,10,96,4,663,11,4762,42,5425,53,0,18,3,28,11,620,0,19,20
12-08-20,Sullivan,7661,173,6994,166,667,7,7564,177,54280,581,61844,758,5,125,43,752,125,6784,8,493,148
12-08-20,Sumner,11531,269,11253,262,278,7,12866,275,78889,977,91755,1252,3,148,72,1018,194,10365,0,570,171
12-08-20,Tipton,4043,50,3309,34,734,16,4040,45,32694,236,36734,281,0,41,1,217,49,3785,0,117,50
12-08-20,Trousdale,1947,0,1916,0,31,0,2037,1,6816,41,8853,42,0,12,-2,27,2,1908,0,33,12
12-08-20,Unicoi,1043,20,914,19,129,1,1018,18,9559,104,10577,122,0,28,3,132,17,883,0,53,30
12-08-20,Union,833,16,759,16,74,0,842,15,7272,42,8114,57,0,5,6,77,10,751,2,32,6
12-08-20,Van Buren,431,13,388,10,43,3,439,10,3762,66,4201,76,1,4,6,38,6,389,0,11,5
12-08-20,Warren,2723,30,2453,21,270,9,2810,25,21994,212,24804,237,1,21,-12,259,41,2443,0,46,27
12-08-20,Washington,7121,117,6577,95,544,22,7292,84,52979,288,60271,372,4,124,35,809,78,6188,3,261,132
12-08-20,Wayne,2062,12,1903,8,159,4,2082,13,8592,45,10674,58,1,13,-10,53,21,1996,1,34,15
12-08-20,Weakley,2373,27,2014,13,359,14,2312,16,15786,73,18098,89,0,37,2,130,25,2206,0,49,40
12-08-20,White,2041,23,1761,19,280,4,2235,19,16513,69,18748,88,0,20,-18,198,41,1823,1,81,32
12-08-20,Williamson,12971,236,12256,222,715,14,13875,235,117701,967,131576,1202,0,88,63,817,173,12066,1,200,102
12-08-20,Wilson,8805,211,8471,208,334,3,9801,229,64421,671,74222,900,3,94,78,716,130,7995,1,210,99
12-07-20,Anderson,3534,142,3268,126,266,16,3670,133,42272,588,45942,721,2,34,29,439,111,3061,4,102,42
12-07-20,Bedford,3204,123,2824,108,380,15,3317,115,20793,256,24110,371,1,41,65,327,57,2836,0,82,47
12-07-20,Benton,934,17,849,12,85,5,928,20,6786,42,7714,62,0,16,-9,105,26,813,0,28,26
12-07-20,Bledsoe,1267,15,1247,15,20,0,1321,12,11022,47,12343,59,0,5,2,46,13,1216,0,26,7
12-07-20,Blount,6685,222,6228,211,457,11,7041,219,48170,586,55211,805,1,66,64,851,157,5768,2,205,77
12-07-20,Bradley,6072,98,5526,87,546,11,6415,94,39893,478,46308,572,1,39,-58,631,155,5402,5,318,51
12-07-20,Campbell,1769,25,1354,22,415,3,1539,19,19019,102,20558,121,2,26,-24,168,47,1575,2,80,29
12-07-20,Cannon,871,20,791,17,80,3,904,21,6318,54,7222,75,0,4,1,81,19,786,0,20,5
12-07-20,Carroll,1953,31,1533,24,420,7,1819,21,15357,51,17176,72,0,36,-9,172,40,1745,0,59,41
12-07-20,Carter,3203,56,2939,49,264,7,3214,43,25266,222,28480,265,1,65,-20,322,75,2816,0,175,76
12-07-20,Cheatham,1826,44,1683,37,143,7,1958,40,17476,85,19434,125,0,17,14,143,30,1666,0,51,18
12-07-20,Chester,1114,22,873,16,241,6,1087,20,7705,26,8792,46,0,24,9,66,13,1024,1,28,28
12-07-20,Claiborne,1050,33,845,29,205,4,966,35,15275,96,16241,131,0,10,-17,166,50,874,0,37,15
12-07-20,Clay,611,12,448,10,163,2,524,14,4082,47,4606,61,0,19,9,54,3,538,0,19,22
12-07-20,Cocke,1819,48,1530,41,289,7,1704,41,13712,82,15416,123,0,30,16,178,32,1611,0,72,35
12-07-20,Coffee,3266,102,2600,82,666,20,3188,98,30650,460,33838,558,0,44,36,332,66,2890,0,69,50
12-07-20,Crockett,1227,19,869,8,358,11,1035,5,5370,13,6405,18,0,29,9,48,10,1150,0,25,30
12-07-20,Cumberland,2898,91,2741,77,157,14,3238,86,34810,247,38048,333,3,41,28,249,60,2608,0,105,48
12-07-20,Davidson,46762,501,45947,484,815,17,56554,547,599156,3105,655710,3652,2,440,-136,2160,635,44162,9,1490,478
12-07-20,Decatur,1001,4,795,3,206,1,983,3,8735,50,9718,53,0,13,-2,39,6,949,0,27,17
12-07-20,Dekalb,1361,26,1134,23,227,3,1341,25,12508,60,13849,85,0,25,0,139,26,1197,0,35,27
12-07-20,Dickson,3197,48,2594,35,603,13,3223,41,23282,154,26505,195,1,40,-14,171,61,2986,0,84,51
12-07-20,Dyer,3441,24,2634,12,807,12,2992,12,16824,88,19816,100,1,53,-15,211,38,3177,0,89,60
12-07-20,Fayette,2469,26,2346,25,123,1,2939,30,24301,106,27240,136,0,40,-15,169,41,2260,0,98,44
12-07-20,Fentress,1338,46,1198,46,140,0,1410,46,7726,89,9136,135,1,25,27,96,18,1217,0,46,27
12-07-20,Franklin,2433,61,2232,59,201,2,2657,69,22436,144,25093,213,0,40,7,228,54,2165,0,73,43
12-07-20,Gibson,3585,73,2474,44,1111,29,3128,45,21624,118,24752,163,0,72,14,293,59,3220,1,82,80
12-07-20,Giles,1684,55,1573,42,111,13,1798,30,15262,79,17060,109,0,50,31,166,24,1468,2,77,52
12-07-20,Grainger,1173,37,973,28,200,9,1117,31,9601,84,10718,115,2,21,-7,117,42,1035,0,47,25
12-07-20,Greene,3592,116,3258,101,334,15,3657,110,28484,426,32141,536,1,76,47,363,68,3153,1,142,80
12-07-20,Grundy,865,10,791,9,74,1,933,11,4939,64,5872,75,0,14,-2,53,12,798,0,45,14
12-07-20,Hamblen,3944,132,3424,121,520,11,3891,123,33140,378,37031,501,0,63,16,363,116,3518,1,167,80
12-07-20,Hamilton,19121,248,17771,219,1350,29,20244,230,208549,1413,228793,1643,4,181,-163,989,407,17951,4,662,233
12-07-20,Hancock,224,8,183,7,41,1,200,6,2718,35,2918,41,0,4,3,42,5,178,0,13,4
12-07-20,Hardeman,2345,21,2115,11,230,10,2517,8,19018,30,21535,38,1,39,5,82,15,2224,0,85,42
12-07-20,Hardin,1944,30,1495,17,449,13,1859,23,17195,168,19054,191,1,30,8,142,21,1772,0,43,32
12-07-20,Hawkins,2296,43,2099,37,197,6,2300,36,18875,245,21175,281,0,36,4,267,39,1993,0,101,41
12-07-20,Haywood,1733,21,1553,16,180,5,1773,17,9979,72,11752,89,0,30,-3,83,24,1620,0,58,32
12-07-20,Henderson,2064,26,1592,14,472,12,2144,16,12342,36,14486,52,0,34,-14,172,40,1858,0,57,39
12-07-20,Henry,1710,28,1515,17,195,11,1751,18,13890,54,15641,72,0,23,-15,98,43,1589,0,56,31
12-07-20,Hickman,1334,21,1198,18,136,3,1422,19,11145,63,12567,82,0,19,3,105,18,1210,0,33,21
12-07-20,Houston,618,6,517,5,101,1,599,7,5423,44,6022,51,0,21,0,14,6,583,0,33,22
12-07-20,Humphreys,831,32,610,10,221,22,736,12,8261,48,8997,60,0,9,15,44,17,778,0,23,9
12-07-20,Jackson,761,12,602,11,159,1,727,11,3859,26,4586,37,0,11,5,70,7,680,1,27,17
12-07-20,Jefferson,2617,64,2152,48,465,16,2472,53,25630,159,28102,212,1,36,-7,276,70,2305,0,118,44
12-07-20,Johnson,1534,15,1446,14,88,1,1543,15,10218,93,11761,108,0,24,1,79,14,1431,0,45,26
12-07-20,Knox,21953,321,20698,268,1255,53,22661,309,208474,1122,231135,1431,3,175,-131,1960,449,19818,6,702,207
12-07-20,Lake,1236,14,1139,11,97,3,1369,11,7867,49,9236,60,1,8,2,47,11,1181,0,14,10
12-07-20,Lauderdale,2168,8,1794,7,374,1,2065,7,15818,33,17883,40,0,23,-24,90,32,2055,0,68,23
12-07-20,Lawrence,3110,90,2724,72,386,18,3011,71,19144,247,22155,318,0,38,27,347,63,2725,1,96,46
12-07-20,Lewis,881,22,814,22,67,0,882,24,7591,66,8473,90,0,16,3,86,19,779,0,30,17
12-07-20,Lincoln,1999,74,1675,45,324,29,1911,41,12042,83,13953,124,1,24,19,302,54,1673,2,53,25
12-07-20,Loudon,2579,59,2464,52,115,7,2716,52,21932,172,24648,224,0,21,6,206,53,2352,0,68,24
12-07-20,Macon,1980,21,1780,19,200,2,2151,21,11219,71,13370,92,0,31,1,107,20,1842,0,99,34
12-07-20,Madison,5918,101,3728,45,2190,56,4842,39,39766,140,44608,179,3,120,22,151,76,5647,3,258,143
12-07-20,Marion,1291,32,1228,30,63,2,1425,30,11054,97,12479,127,2,21,8,123,22,1147,2,74,23
12-07-20,Marshall,1980,34,1919,32,61,2,2183,38,15883,158,18066,196,0,22,6,167,28,1791,2,50,24
12-07-20,Maury,6714,184,6496,170,218,14,7202,178,48164,495,55366,673,0,77,63,576,121,6061,1,191,90
12-07-20,McMinn,3000,91,2838,88,162,3,3190,91,27449,425,30639,516,0,57,-8,304,99,2639,0,101,61
12-07-20,McNairy,1480,14,1160,10,320,4,1535,13,11541,99,13076,112,0,33,4,56,10,1391,0,50,36
12-07-20,Meigs,570,13,549,11,21,2,634,11,4930,47,5564,58,1,13,-7,47,19,510,0,26,13
12-07-20,Monroe,2492,37,2338,34,154,3,2660,45,17782,136,20442,181,0,46,-35,266,72,2180,2,109,49
12-07-20,Montgomery,7558,81,6579,65,979,16,7402,74,68397,360,75799,434,8,95,-91,378,164,7085,0,192,107
12-07-20,Moore,453,11,381,10,72,1,442,10,3434,22,3876,32,1,4,-2,42,12,407,0,7,4
12-07-20,Morgan,886,44,775,34,111,10,848,31,11109,88,11957,119,0,7,11,111,33,768,0,14,10
12-07-20,Obion,2899,34,2306,24,593,10,2627,27,15405,88,18032,115,0,56,-23,206,57,2637,0,77,66
12-07-20,Out of State,7254,182,6302,130,952,52,7010,137,430963,2659,437973,2796,1,56,-223,898,404,6300,3,131,40
12-07-20,Overton,1622,25,1348,21,274,4,1630,25,10602,63,12232,88,0,37,10,57,15,1528,0,53,39
12-07-20,Pending,5258,187,4263,145,995,42,4771,143,271440,1419,276211,1562,0,30,-17,663,204,4565,0,71,42
12-07-20,Perry,557,21,515,20,42,1,577,17,4762,20,5339,37,0,22,11,30,10,505,0,26,23
12-07-20,Pickett,422,8,285,6,137,2,353,9,2209,15,2562,24,0,15,3,27,5,380,1,24,16
12-07-20,Polk,754,16,713,16,41,0,816,16,5721,61,6537,77,0,15,1,63,15,676,1,36,15
12-07-20,Putnam,6412,150,5591,139,821,11,6878,161,48711,420,55589,581,0,85,68,431,82,5896,2,165,104
12-07-20,Rhea,1966,36,1863,35,103,1,2151,41,17039,172,19190,213,0,35,-41,127,77,1804,0,59,40
12-07-20,Roane,2769,101,2604,85,165,16,2932,91,29720,319,32652,410,2,35,9,286,90,2448,1,81,40
12-07-20,Robertson,4305,58,4113,56,192,2,4754,55,28747,225,33501,280,0,57,-33,315,91,3933,2,249,63
12-07-20,Rutherford,20167,330,19284,316,883,14,22865,366,146406,1130,169271,1496,2,177,-62,1424,390,18566,1,406,192
12-07-20,Scott,1312,49,890,31,422,18,958,33,8018,50,8976,83,1,9,13,184,35,1119,2,36,13
12-07-20,Sequatchie,628,10,610,9,18,1,669,9,8373,31,9042,40,0,5,-9,64,19,559,0,18,7
12-07-20,Sevier,5582,145,5352,134,230,11,5949,141,42051,492,48000,633,1,40,-41,431,185,5111,2,166,55
12-07-20,Shelby,51631,465,50024,427,1607,38,61934,508,576012,3400,637946,3908,4,709,-213,2570,674,48352,4,2623,845
12-07-20,Smith,1555,22,1369,19,186,3,1744,21,8808,49,10552,70,0,20,-2,69,24,1466,0,46,20
12-07-20,Stewart,652,5,560,4,92,1,652,4,4720,14,5372,18,0,18,-3,25,8,609,0,19,20
12-07-20,Sullivan,7488,174,6828,146,660,28,7387,150,53699,423,61086,573,3,120,45,709,126,6659,4,485,144
12-07-20,Sumner,11262,206,10991,186,271,20,12591,191,77912,657,90503,848,1,145,-67,946,272,10171,4,570,169
12-07-20,Tipton,3993,64,3275,46,718,18,3995,52,32458,265,36453,317,2,41,-13,216,75,3736,0,117,50
12-07-20,Trousdale,1947,8,1916,7,31,1,2036,7,6775,35,8811,42,0,12,3,29,5,1906,0,33,12
12-07-20,Unicoi,1023,18,895,15,128,3,1000,16,9455,74,10455,90,0,28,7,129,11,866,1,53,30
12-07-20,Union,817,24,743,24,74,0,827,23,7230,61,8057,84,0,5,7,71,17,741,0,30,6
12-07-20,Van Buren,418,6,378,5,40,1,429,6,3696,8,4125,14,0,3,-3,32,9,383,0,11,5
12-07-20,Warren,2693,71,2432,65,261,6,2785,57,21782,149,24567,206,0,20,37,271,34,2402,0,46,26
12-07-20,Washington,7004,155,6482,149,522,6,7208,159,52691,547,59899,706,0,120,10,774,145,6110,1,258,131
12-07-20,Wayne,2050,20,1895,15,155,5,2069,16,8547,84,10616,100,0,12,2,63,18,1975,1,33,15
12-07-20,Weakley,2346,30,2001,19,345,11,2296,25,15713,101,18009,126,0,37,-7,128,37,2181,0,49,40
12-07-20,White,2018,43,1742,37,276,6,2216,45,16444,116,18660,161,0,20,-6,216,49,1782,1,80,31
12-07-20,Williamson,12735,157,12034,136,701,21,13640,150,116734,658,130374,808,1,88,-67,754,223,11893,1,199,102
12-07-20,Wilson,8594,238,8263,217,331,21,9572,248,63750,475,73322,723,2,91,62,638,174,7865,3,209,99
12-06-20,Anderson,3392,37,3142,30,250,7,3537,31,41684,208,45221,239,0,32,11,410,26,2950,2,98,41
12-06-20,Bedford,3081,20,2716,14,365,6,3202,17,20537,49,23739,66,1,40,-7,262,26,2779,0,82,47
12-06-20,Benton,917,14,837,13,80,1,908,14,6744,31,7652,45,0,16,9,114,5,787,0,28,26
12-06-20,Bledsoe,1252,15,1232,15,20,0,1309,15,10975,42,12284,57,0,5,11,44,4,1203,0,26,7
12-06-20,Blount,6463,119,6017,117,446,2,6822,120,47584,227,54406,347,1,65,32,787,86,5611,0,203,77
12-06-20,Bradley,5974,89,5439,76,535,13,6321,81,39415,335,45736,416,0,38,46,689,43,5247,5,313,49
12-06-20,Campbell,1744,26,1332,12,412,14,1520,13,18917,77,20437,90,0,24,11,192,15,1528,2,78,26
12-06-20,Cannon,851,2,774,1,77,1,883,2,6264,6,7147,8,0,4,-1,80,3,767,0,20,5
12-06-20,Carroll,1922,37,1509,33,413,4,1798,31,15306,63,17104,94,0,36,25,181,12,1705,0,59,41
12-06-20,Carter,3147,38,2890,32,257,6,3171,36,25044,39,28215,75,1,64,15,342,22,2741,0,175,76
12-06-20,Cheatham,1782,35,1646,31,136,4,1918,36,17391,92,19309,128,0,17,14,129,21,1636,1,51,18
12-06-20,Chester,1092,12,857,12,235,0,1067,11,7679,35,8746,46,1,24,9,57,2,1011,0,27,28
12-06-20,Claiborne,1017,3,816,1,201,2,931,1,15179,45,16110,46,0,10,-6,183,9,824,0,37,15
12-06-20,Clay,599,1,438,1,161,0,510,1,4035,5,4545,6,0,19,-4,45,5,535,0,19,22
12-06-20,Cocke,1771,5,1489,5,282,0,1663,6,13630,41,15293,47,0,30,1,162,4,1579,0,72,35
12-06-20,Coffee,3164,39,2518,20,646,19,3090,35,30190,97,33280,132,1,44,14,296,24,2824,0,69,50
12-06-20,Crockett,1208,5,861,5,347,0,1030,6,5357,18,6387,24,0,29,1,39,4,1140,0,25,30
12-06-20,Cumberland,2807,4,2664,4,143,0,3152,9,34563,181,37715,190,0,38,-13,221,17,2548,0,105,48
12-06-20,Davidson,46261,322,45463,311,798,11,56007,362,596051,1251,652058,1613,3,438,93,2296,226,43527,2,1481,473
12-06-20,Decatur,997,9,792,9,205,0,980,9,8685,29,9665,38,0,13,6,41,3,943,0,27,17
12-06-20,Dekalb,1335,14,1111,9,224,5,1316,7,12448,16,13764,23,0,25,7,139,7,1171,0,35,27
12-06-20,Dickson,3149,34,2559,19,590,15,3182,25,23128,68,26310,93,0,39,13,185,21,2925,0,84,51
12-06-20,Dyer,3417,38,2622,20,795,18,2980,21,16736,74,19716,95,0,52,25,226,13,3139,0,89,57
12-06-20,Fayette,2443,15,2321,15,122,0,2909,17,24195,114,27104,131,0,40,4,184,11,2219,0,98,43
12-06-20,Fentress,1292,2,1152,2,140,0,1364,1,7637,10,9001,11,0,24,-6,69,8,1199,0,46,27
12-06-20,Franklin,2372,67,2173,65,199,2,2588,65,22292,156,24880,221,0,40,45,221,22,2111,0,73,42
12-06-20,Gibson,3512,31,2430,18,1082,13,3083,18,21506,88,24589,106,0,72,0,279,31,3161,0,81,80
12-06-20,Giles,1629,10,1531,9,98,1,1768,18,15183,71,16951,89,0,50,3,135,7,1444,0,75,51
12-06-20,Grainger,1136,15,945,12,191,3,1086,12,9517,60,10603,72,0,19,5,124,10,993,0,47,25
12-06-20,Greene,3476,38,3157,26,319,12,3547,27,28058,59,31605,86,1,75,15,316,22,3085,0,141,79
12-06-20,Grundy,855,14,782,12,73,2,922,12,4875,26,5797,38,0,14,11,55,3,786,0,45,14
12-06-20,Hamblen,3812,19,3303,15,509,4,3768,16,32762,72,36530,88,0,63,-2,347,21,3402,0,166,79
12-06-20,Hamilton,18873,203,17552,183,1321,20,20014,221,207136,1017,227150,1238,8,177,20,1152,175,17544,4,658,231
12-06-20,Hancock,216,8,176,7,40,1,194,7,2683,17,2877,24,0,4,5,39,3,173,0,13,4
12-06-20,Hardeman,2324,9,2104,1,220,8,2509,2,18988,25,21497,27,0,38,5,77,4,2209,0,85,42
12-06-20,Hardin,1914,20,1478,13,436,7,1836,9,17027,69,18863,78,0,29,12,134,8,1751,0,43,32
12-06-20,Hawkins,2253,55,2062,54,191,1,2264,57,18630,153,20894,210,0,36,40,263,15,1954,1,101,39
12-06-20,Haywood,1712,11,1537,5,175,6,1756,7,9907,23,11663,30,0,30,8,86,3,1596,0,58,32
12-06-20,Henderson,2038,32,1578,24,460,8,2128,27,12306,67,14434,94,0,34,24,186,8,1818,1,57,39
12-06-20,Henry,1682,23,1498,18,184,5,1733,19,13836,44,15569,63,1,23,12,113,10,1546,0,56,30
12-06-20,Hickman,1313,23,1180,22,133,1,1403,24,11082,41,12485,65,0,19,13,102,10,1192,0,33,21
12-06-20,Houston,612,1,512,1,100,0,592,2,5379,4,5971,6,0,21,-4,14,5,577,0,33,22
12-06-20,Humphreys,799,10,600,4,199,6,724,4,8213,15,8937,19,0,9,-6,29,16,761,0,23,9
12-06-20,Jackson,749,4,591,4,158,0,716,4,3833,3,4549,7,0,11,-3,65,7,673,0,26,17
12-06-20,Jefferson,2553,19,2104,13,449,6,2419,13,25471,60,27890,73,0,35,2,283,17,2235,0,118,44
12-06-20,Johnson,1519,22,1432,22,87,0,1528,23,10125,79,11653,102,1,24,20,78,1,1417,0,45,26
12-06-20,Knox,21632,330,20430,289,1202,41,22352,187,207352,664,229704,851,6,172,102,2091,222,19369,5,696,204
12-06-20,Lake,1222,5,1128,2,94,3,1358,2,7818,13,9176,15,0,7,3,45,2,1170,0,14,10
12-06-20,Lauderdale,2160,9,1787,4,373,5,2058,4,15785,46,17843,50,0,23,2,114,7,2023,0,68,22
12-06-20,Lawrence,3020,12,2652,7,368,5,2940,24,18897,75,21837,99,0,38,-3,320,15,2662,0,95,46
12-06-20,Lewis,859,3,792,2,67,1,858,10,7525,43,8383,53,0,16,-3,83,6,760,0,30,17
12-06-20,Lincoln,1925,59,1630,56,295,3,1870,66,11959,67,13829,133,1,23,46,283,12,1619,0,51,24
12-06-20,Loudon,2520,25,2412,22,108,3,2664,22,21760,88,24424,110,0,21,9,200,16,2299,0,68,24
12-06-20,Macon,1959,3,1761,2,198,1,2130,3,11148,5,13278,8,0,31,0,106,3,1822,0,99,34
12-06-20,Madison,5817,80,3683,19,2134,61,4803,21,39626,88,44429,109,0,117,27,129,53,5571,0,255,141
12-06-20,Marion,1259,14,1198,14,61,0,1395,14,10957,54,12352,68,0,19,8,115,6,1125,0,72,23
12-06-20,Marshall,1946,17,1887,17,59,0,2145,20,15725,114,17870,134,0,22,6,161,11,1763,0,48,24
12-06-20,Maury,6530,30,6326,29,204,1,7024,41,47669,105,54693,146,0,77,-8,513,38,5940,0,190,87
12-06-20,McMinn,2909,16,2750,13,159,3,3099,13,27024,66,30123,79,0,57,-12,312,28,2540,0,101,61
12-06-20,McNairy,1466,11,1150,8,316,3,1522,9,11442,24,12964,33,-1,33,9,52,3,1381,1,50,35
12-06-20,Meigs,557,12,538,12,19,0,623,13,4883,29,5506,42,0,12,8,54,4,491,1,26,13
12-06-20,Monroe,2455,25,2304,22,151,3,2615,23,17646,63,20261,86,0,46,3,301,22,2108,0,107,49
12-06-20,Montgomery,7477,125,6514,124,963,1,7328,133,68037,369,75365,502,0,87,61,469,64,6921,0,192,103
12-06-20,Moore,442,7,371,7,71,0,432,6,3412,14,3844,20,1,3,5,44,1,395,0,7,4
12-06-20,Morgan,842,5,741,2,101,3,817,2,11021,10,11838,12,0,7,-4,100,9,735,0,14,10
12-06-20,Obion,2865,38,2282,23,583,15,2600,30,15317,77,17917,107,1,56,20,229,17,2580,0,77,66
12-06-20,Out of State,7072,102,6172,56,900,46,6873,65,428304,1843,435177,1908,1,55,-113,1121,214,5896,0,128,39
12-06-20,Overton,1597,4,1327,2,270,2,1605,0,10539,11,12144,11,0,37,-4,47,8,1513,1,53,39
12-06-20,Pending,5071,86,4118,69,953,17,4628,74,270021,716,274649,790,0,30,15,680,71,4361,2,71,42
12-06-20,Perry,536,11,495,7,41,4,560,11,4742,4,5302,15,0,22,5,19,6,495,0,26,23
12-06-20,Pickett,414,1,279,0,135,1,344,0,2194,3,2538,3,0,15,-4,24,5,375,0,23,16
12-06-20,Polk,738,13,697,13,41,0,800,15,5660,35,6460,50,0,15,10,62,3,661,0,35,15
12-06-20,Putnam,6262,15,5452,12,810,3,6717,11,48291,34,55008,45,0,85,-5,363,20,5814,0,163,101
12-06-20,Rhea,1930,32,1828,31,102,1,2110,31,16867,142,18977,173,-1,35,23,168,10,1727,0,59,38
12-06-20,Roane,2668,33,2519,32,149,1,2841,34,29401,92,32242,126,0,33,23,277,10,2358,1,80,40
12-06-20,Robertson,4247,68,4057,52,190,16,4699,55,28522,88,33221,143,0,57,38,348,30,3842,1,247,61
12-06-20,Rutherford,19837,325,18968,288,869,37,22499,327,145276,708,167775,1035,1,175,204,1486,120,18176,1,405,192
12-06-20,Scott,1263,26,859,12,404,14,925,12,7968,35,8893,47,0,8,19,171,7,1084,0,34,13
12-06-20,Sequatchie,618,22,601,22,17,0,660,24,8342,59,9002,83,0,5,16,73,6,540,0,18,7
12-06-20,Sevier,5437,54,5218,44,219,10,5808,41,41559,138,47367,179,0,39,18,472,36,4926,1,164,53
12-06-20,Shelby,51166,288,49597,253,1569,35,61426,329,572612,2997,634038,3326,4,705,-14,2783,298,47678,8,2619,836
12-06-20,Smith,1533,4,1350,3,183,1,1723,3,8759,10,10482,13,0,20,-2,71,6,1442,0,46,20
12-06-20,Stewart,647,7,556,7,91,0,648,8,4706,17,5354,25,0,18,3,28,4,601,0,19,20
12-06-20,Sullivan,7314,50,6682,38,632,12,7237,48,53276,111,60513,159,1,117,-1,664,50,6533,3,481,143
12-06-20,Sumner,11056,114,10805,109,251,5,12400,131,77255,273,89655,404,-1,144,22,1013,93,9899,0,566,166
12-06-20,Tipton,3929,25,3229,13,700,12,3943,11,32193,127,36136,138,0,39,7,229,18,3661,0,117,49
12-06-20,Trousdale,1939,6,1909,6,30,0,2029,5,6740,10,8769,15,0,12,4,26,2,1901,0,33,12
12-06-20,Unicoi,1005,19,880,18,125,1,984,17,9381,64,10365,81,0,28,13,122,6,855,1,52,30
12-06-20,Union,793,1,719,1,74,0,804,0,7169,14,7973,14,0,5,-2,64,3,724,0,30,5
12-06-20,Van Buren,412,2,373,1,39,1,423,1,3688,5,4111,6,0,3,-2,35,4,374,0,11,4
12-06-20,Warren,2622,6,2367,5,255,1,2728,3,21633,50,24361,53,1,20,-10,234,15,2368,0,46,25
12-06-20,Washington,6849,90,6333,72,516,18,7049,71,52144,137,59193,208,2,120,39,764,49,5965,2,257,130
12-06-20,Wayne,2030,16,1880,12,150,4,2053,14,8463,33,10516,47,0,12,7,61,9,1957,0,32,15
12-06-20,Weakley,2316,16,1982,12,334,4,2271,12,15612,32,17883,44,1,37,1,135,14,2144,0,49,40
12-06-20,White,1975,5,1705,5,270,0,2171,8,16328,13,18499,21,1,20,-7,222,11,1733,0,79,29
12-06-20,Williamson,12578,141,11898,135,680,6,13490,151,116076,603,129566,754,0,87,37,821,104,11670,0,198,100
12-06-20,Wilson,8356,84,8046,81,310,3,9324,95,63275,227,72599,322,1,89,8,576,75,7691,0,206,98
12-05-20,Anderson,3355,31,3112,19,243,12,3506,18,41476,65,44982,83,0,32,1,399,30,2924,0,96,40
12-05-20,Bedford,3061,25,2702,14,359,11,3185,13,20488,54,23673,67,5,39,-10,269,30,2753,1,82,46
12-05-20,Benton,903,7,824,3,79,4,894,3,6713,7,7607,10,0,16,4,105,3,782,0,28,24
12-05-20,Bledsoe,1237,6,1217,6,20,0,1294,7,10933,14,12227,21,0,5,6,33,0,1199,0,26,5
12-05-20,Blount,6344,53,5900,33,444,20,6702,36,47357,125,54059,161,-1,64,-12,755,66,5525,0,203,75
12-05-20,Bradley,5885,45,5363,27,522,18,6240,38,39080,82,45320,120,0,38,10,643,35,5204,0,308,47
12-05-20,Campbell,1718,17,1320,4,398,13,1507,2,18840,31,20347,33,0,24,3,181,14,1513,0,76,26
12-05-20,Cannon,849,22,773,18,76,4,881,19,6258,38,7139,57,0,4,12,81,10,764,0,20,5
12-05-20,Carroll,1885,14,1476,7,409,7,1767,8,15243,10,17010,18,0,36,-1,156,15,1693,0,59,41
12-05-20,Carter,3109,27,2858,21,251,6,3135,22,25005,44,28140,66,0,63,-1,327,28,2719,1,175,72
12-05-20,Cheatham,1747,13,1615,13,132,0,1882,13,17299,43,19181,56,0,17,-7,115,20,1615,0,50,18
12-05-20,Chester,1080,11,845,5,235,6,1056,3,7644,2,8700,5,0,23,7,48,4,1009,0,27,27
12-05-20,Claiborne,1014,16,815,7,199,9,930,6,15134,17,16064,23,0,10,4,189,12,815,0,37,14
12-05-20,Clay,598,12,437,6,161,6,509,6,4030,13,4539,19,0,19,12,49,0,530,0,19,22
12-05-20,Cocke,1766,8,1484,2,282,6,1657,4,13589,41,15246,45,0,30,3,161,5,1575,0,72,34
12-05-20,Coffee,3125,11,2498,8,627,3,3055,10,30093,65,33148,75,0,43,-14,282,25,2800,0,69,49
12-05-20,Crockett,1203,9,856,4,347,5,1024,5,5339,5,6363,10,0,29,7,38,2,1136,0,25,30
12-05-20,Cumberland,2803,42,2660,40,143,2,3143,41,34382,202,37525,243,0,38,22,234,20,2531,0,105,48
12-05-20,Davidson,45939,294,45152,276,787,18,55645,315,594800,3017,650445,3332,1,435,-15,2203,308,43301,11,1479,470
12-05-20,Decatur,988,1,783,0,205,1,971,0,8656,7,9627,7,0,13,-1,35,2,940,0,27,16
12-05-20,Dekalb,1321,36,1102,27,219,9,1309,28,12432,120,13741,148,0,25,23,132,13,1164,0,35,27
12-05-20,Dickson,3115,22,2540,18,575,4,3157,17,23060,121,26217,138,0,39,-13,172,35,2904,0,84,49
12-05-20,Dyer,3379,18,2602,12,777,6,2959,10,16662,8,19621,18,0,52,3,201,15,3126,1,89,57
12-05-20,Fayette,2428,14,2306,9,122,5,2892,7,24081,41,26973,48,0,40,-6,180,20,2208,0,98,43
12-05-20,Fentress,1290,8,1150,8,140,0,1363,8,7627,50,8990,58,0,24,3,75,5,1191,0,46,27
12-05-20,Franklin,2305,6,2108,6,197,0,2523,5,22136,33,24659,38,0,40,-15,176,21,2089,0,73,42
12-05-20,Gibson,3481,36,2412,9,1069,27,3065,13,21418,14,24483,27,0,72,9,279,27,3130,0,81,78
12-05-20,Giles,1619,4,1522,4,97,0,1750,12,15112,44,16862,56,-1,50,-6,132,11,1437,1,75,51
12-05-20,Grainger,1121,6,933,4,188,2,1074,4,9457,16,10531,20,1,19,-5,119,10,983,0,47,24
12-05-20,Greene,3438,34,3131,31,307,3,3520,36,27999,84,31519,120,0,74,16,301,18,3063,1,141,77
12-05-20,Grundy,841,9,770,6,71,3,910,3,4849,6,5759,9,0,14,8,44,1,783,1,45,14
12-05-20,Hamblen,3793,21,3288,16,505,5,3752,16,32690,31,36442,47,0,63,-4,349,25,3381,1,166,78
12-05-20,Hamilton,18670,129,17369,118,1301,11,19793,127,206119,515,225912,642,0,169,-44,1132,173,17369,5,654,226
12-05-20,Hancock,208,1,169,0,39,1,187,0,2666,2,2853,2,0,4,0,34,1,170,0,13,4
12-05-20,Hardeman,2315,5,2103,2,212,3,2507,2,18963,5,21470,7,0,38,0,72,5,2205,0,85,41
12-05-20,Hardin,1894,14,1465,10,429,4,1827,11,16958,17,18785,28,0,29,3,122,11,1743,0,43,32
12-05-20,Hawkins,2198,17,2008,14,190,3,2207,16,18477,60,20684,76,0,36,9,223,8,1939,1,100,39
12-05-20,Haywood,1701,9,1532,5,169,4,1749,4,9884,10,11633,14,0,30,4,78,5,1593,0,58,32
12-05-20,Henderson,2006,13,1554,6,452,7,2101,3,12239,17,14340,20,0,34,2,162,11,1810,0,56,38
12-05-20,Henry,1659,10,1480,5,179,5,1714,7,13792,21,15506,28,0,22,-1,101,11,1536,0,56,28
12-05-20,Hickman,1290,13,1158,13,132,0,1379,15,11041,58,12420,73,0,19,3,89,10,1182,0,33,21
12-05-20,Houston,611,2,511,2,100,0,590,1,5375,4,5965,5,1,21,0,18,1,572,0,33,22
12-05-20,Humphreys,789,6,596,4,193,2,720,4,8198,17,8918,21,0,9,-1,35,7,745,0,23,9
12-05-20,Jackson,745,21,587,20,158,1,712,21,3830,30,4542,51,0,11,19,68,2,666,0,26,17
12-05-20,Jefferson,2534,15,2091,13,443,2,2406,17,25411,51,27817,68,0,35,2,281,13,2218,0,118,43
12-05-20,Johnson,1497,6,1410,6,87,0,1505,5,10046,7,11551,12,0,23,0,58,6,1416,0,45,26
12-05-20,Knox,21302,291,20141,265,1161,26,22165,213,206688,705,228853,918,2,166,52,1989,237,19147,8,691,200
12-05-20,Lake,1217,8,1126,2,91,6,1356,1,7805,4,9161,5,0,7,6,42,2,1168,0,14,10
12-05-20,Lauderdale,2151,9,1783,5,368,4,2054,5,15739,19,17793,24,0,23,6,112,3,2016,0,68,22
12-05-20,Lawrence,3008,7,2645,5,363,2,2916,14,18822,52,21738,66,0,38,-25,323,32,2647,0,95,46
12-05-20,Lewis,856,6,790,2,66,4,848,5,7482,48,8330,53,0,16,3,86,3,754,0,30,17
12-05-20,Lincoln,1866,4,1574,3,292,1,1804,5,11892,23,13696,28,2,22,-12,237,14,1607,0,51,24
12-05-20,Loudon,2495,27,2390,23,105,4,2642,26,21672,68,24314,94,0,21,8,191,19,2283,1,68,24
12-05-20,Macon,1956,5,1759,5,197,0,2127,5,11143,53,13270,58,1,31,-6,106,10,1819,1,99,34
12-05-20,Madison,5737,37,3664,12,2073,25,4782,14,39538,58,44320,72,1,117,-17,102,53,5518,3,255,139
12-05-20,Marion,1245,4,1184,3,61,1,1381,5,10903,14,12284,19,0,19,-8,107,12,1119,0,72,23
12-05-20,Marshall,1929,24,1870,20,59,4,2125,22,15611,36,17736,58,0,22,12,155,12,1752,1,48,23
12-05-20,Maury,6500,29,6297,29,203,0,6983,47,47564,132,54547,179,2,77,-22,521,49,5902,0,190,84
12-05-20,McMinn,2893,26,2737,20,156,6,3086,19,26958,59,30044,78,0,57,-4,324,30,2512,0,101,61
12-05-20,McNairy,1455,13,1142,7,313,6,1513,8,11418,16,12931,24,0,34,6,43,7,1378,0,49,35
12-05-20,Meigs,545,3,526,3,19,0,610,3,4854,10,5464,13,0,12,-1,46,4,487,0,25,13
12-05-20,Monroe,2430,65,2282,45,148,20,2592,46,17583,127,20175,173,0,46,40,298,25,2086,0,107,49
12-05-20,Montgomery,7352,29,6390,20,962,9,7195,25,67668,131,74863,156,0,87,-34,408,63,6857,0,192,103
12-05-20,Moore,435,1,364,1,71,0,426,1,3398,7,3824,8,0,2,-2,39,3,394,0,7,4
12-05-20,Morgan,837,7,739,6,98,1,815,8,11011,12,11826,20,0,7,0,104,7,726,0,14,10
12-05-20,Obion,2827,18,2259,11,568,7,2570,8,15240,17,17810,25,0,55,-6,209,24,2563,0,77,65
12-05-20,Out of State,6970,54,6116,46,854,8,6808,45,426461,1004,433269,1049,0,54,-11,1234,65,5682,0,128,38
12-05-20,Overton,1593,4,1325,4,268,0,1605,4,10528,55,12133,59,0,37,1,51,3,1505,0,52,39
12-05-20,Pending,4985,82,4049,58,936,24,4554,54,269305,543,273859,597,1,30,31,665,50,4290,0,69,39
12-05-20,Perry,525,0,488,0,37,0,549,0,4738,21,5287,21,0,22,-1,14,1,489,0,26,23
12-05-20,Pickett,413,1,279,1,134,0,344,2,2191,6,2535,8,1,15,-2,28,2,370,0,23,16
12-05-20,Polk,725,4,684,3,41,1,785,3,5625,9,6410,12,0,15,1,52,3,658,0,35,15
12-05-20,Putnam,6247,77,5440,57,807,20,6706,60,48257,357,54963,417,0,85,57,368,20,5794,0,163,100
12-05-20,Rhea,1898,4,1797,4,101,0,2079,5,16725,19,18804,24,0,36,-12,145,16,1717,0,59,38
12-05-20,Roane,2635,35,2487,29,148,6,2807,25,29309,44,32116,69,0,33,11,254,24,2348,1,79,39
12-05-20,Robertson,4179,30,4005,30,174,0,4644,31,28434,57,33078,88,0,57,-2,310,32,3812,2,246,60
12-05-20,Rutherford,19512,145,18680,143,832,2,22172,153,144568,481,166740,634,1,174,-1,1282,145,18056,1,404,190
12-05-20,Scott,1237,27,847,16,390,11,913,14,7933,45,8846,59,0,8,15,152,12,1077,0,34,12
12-05-20,Sequatchie,596,2,579,1,17,1,636,1,8283,11,8919,12,0,5,-1,57,3,534,0,18,7
12-05-20,Sevier,5383,38,5174,33,209,5,5767,33,41421,90,47188,123,1,39,8,454,29,4890,2,163,52
12-05-20,Shelby,50878,268,49344,250,1534,18,61097,265,569615,1628,630712,1893,7,701,-155,2797,416,47380,2,2611,828
12-05-20,Smith,1529,12,1347,4,182,8,1720,6,8749,48,10469,54,0,20,7,73,5,1436,0,46,20
12-05-20,Stewart,640,2,549,1,91,1,640,1,4689,7,5329,8,0,18,-4,25,6,597,0,19,20
12-05-20,Sullivan,7264,43,6644,34,620,9,7189,61,53165,257,60354,318,2,116,-17,665,58,6483,1,478,142
12-05-20,Sumner,10942,102,10696,100,246,2,12269,104,76982,255,89251,359,1,145,-6,991,107,9806,1,566,163
12-05-20,Tipton,3904,24,3216,17,688,7,3932,12,32066,54,35998,66,0,39,5,222,19,3643,0,117,48
12-05-20,Trousdale,1933,5,1903,5,30,0,2024,6,6730,12,8754,18,0,12,4,22,1,1899,0,33,12
12-05-20,Unicoi,986,9,862,7,124,2,967,9,9317,15,10284,24,0,28,-2,109,11,849,0,51,29
12-05-20,Union,792,8,718,8,74,0,804,6,7155,17,7959,23,0,5,7,66,1,721,0,30,5
12-05-20,Van Buren,410,8,372,8,38,0,422,8,3683,22,4105,30,0,3,4,37,4,370,0,11,4
12-05-20,Warren,2616,92,2362,87,254,5,2725,93,21583,214,24308,307,0,19,75,244,17,2353,2,46,24
12-05-20,Washington,6759,68,6261,50,498,18,6978,68,52007,144,58985,212,0,118,17,725,51,5916,0,255,126
12-05-20,Wayne,2014,4,1868,4,146,0,2039,4,8430,42,10469,46,1,12,0,54,3,1948,1,32,14
12-05-20,Weakley,2300,14,1970,10,330,4,2259,6,15580,17,17839,23,0,36,-2,134,16,2130,0,49,40
12-05-20,White,1970,49,1700,41,270,8,2163,40,16315,116,18478,156,0,19,35,229,14,1722,0,79,27
12-05-20,Williamson,12437,55,11763,54,674,1,13339,62,115473,304,128812,366,0,87,-57,784,112,11566,0,198,98
12-05-20,Wilson,8272,55,7965,49,307,6,9229,59,63048,201,72277,260,0,88,-31,568,86,7616,0,206,98
12-04-20,Anderson,3324,68,3093,62,231,6,3488,64,41411,156,44899,220,1,32,-25,398,92,2894,1,96,40
12-04-20,Bedford,3036,56,2688,32,348,24,3172,39,20434,97,23606,136,0,34,6,279,50,2723,2,81,45
12-04-20,Benton,896,9,821,5,75,4,891,6,6706,23,7597,29,0,16,-14,101,23,779,1,28,22
12-04-20,Bledsoe,1231,6,1211,6,20,0,1287,6,10919,19,12206,25,0,5,-11,27,17,1199,0,26,5
12-04-20,Blount,6291,80,5867,66,424,14,6666,73,47232,196,53898,269,2,65,-53,767,131,5459,1,203,74
12-04-20,Bradley,5840,90,5336,49,504,41,6202,52,38998,149,45200,201,1,38,-1,633,90,5169,1,308,46
12-04-20,Campbell,1701,30,1316,9,385,21,1505,12,18809,176,20314,188,0,24,4,178,26,1499,0,76,26
12-04-20,Cannon,827,10,755,10,72,0,862,11,6220,32,7082,43,0,4,-10,69,20,754,0,20,5
12-04-20,Carroll,1871,21,1469,6,402,15,1759,11,15233,30,16992,41,0,36,-14,157,35,1678,0,59,41
12-04-20,Carter,3082,59,2837,48,245,11,3113,46,24961,133,28074,179,2,63,14,328,43,2691,1,174,69
12-04-20,Cheatham,1734,25,1602,19,132,6,1869,20,17256,100,19125,120,0,17,-7,122,32,1595,1,50,17
12-04-20,Chester,1069,8,840,1,229,7,1053,3,7642,36,8695,39,1,23,-8,41,15,1005,0,27,27
12-04-20,Claiborne,998,30,808,20,190,10,924,14,15117,40,16041,54,0,10,14,185,16,803,0,37,14
12-04-20,Clay,586,7,431,3,155,4,503,3,4017,12,4520,15,0,19,-8,37,15,530,0,19,22
12-04-20,Cocke,1758,18,1482,10,276,8,1653,9,13548,156,15201,165,0,30,-2,158,20,1570,0,72,34
12-04-20,Coffee,3114,34,2490,27,624,7,3045,29,30028,99,33073,128,0,43,-7,296,41,2775,0,69,48
12-04-20,Crockett,1194,9,852,3,342,6,1019,2,5334,11,6353,13,1,29,-7,31,15,1134,0,25,30
12-04-20,Cumberland,2761,26,2620,16,141,10,3102,15,34180,27,37282,42,1,38,-44,212,69,2511,1,105,48
12-04-20,Davidson,45645,558,44876,523,769,35,55330,608,591783,3129,647113,3737,5,434,127,2218,426,42993,6,1468,465
12-04-20,Decatur,987,8,783,2,204,6,971,3,8649,12,9620,15,0,13,-6,36,14,938,0,27,16
12-04-20,Dekalb,1285,22,1075,10,210,12,1281,10,12312,29,13593,39,1,25,-12,109,33,1151,0,35,26
12-04-20,Dickson,3093,36,2522,30,571,6,3140,34,22939,154,26079,188,2,39,-30,185,64,2869,1,84,48
12-04-20,Dyer,3361,31,2590,5,771,26,2949,10,16654,22,19603,32,0,52,-6,198,37,3111,0,88,57
12-04-20,Fayette,2414,35,2297,32,117,3,2885,35,24040,106,26925,141,0,40,-5,186,40,2188,0,98,42
12-04-20,Fentress,1282,6,1142,4,140,2,1355,3,7577,7,8932,10,0,24,-13,72,19,1186,0,46,26
12-04-20,Franklin,2299,37,2102,35,197,2,2518,34,22103,70,24621,104,2,40,-1,191,36,2068,0,73,42
12-04-20,Gibson,3445,48,2403,11,1042,37,3052,14,21404,63,24456,77,0,72,-23,270,71,3103,1,81,78
12-04-20,Giles,1615,16,1518,13,97,3,1738,14,15068,44,16806,58,2,51,-15,138,29,1426,1,74,51
12-04-20,Grainger,1115,16,929,7,186,9,1070,7,9441,22,10511,29,0,18,-26,124,42,973,0,47,24
12-04-20,Greene,3404,31,3100,30,304,1,3484,37,27915,178,31399,215,0,74,-23,285,54,3045,0,140,77
12-04-20,Grundy,832,5,764,5,68,0,907,4,4843,11,5750,15,0,14,-2,36,7,782,0,44,14
12-04-20,Hamblen,3772,30,3272,10,500,20,3736,11,32659,43,36395,54,1,63,-29,353,58,3356,0,165,78
12-04-20,Hamilton,18541,280,17251,255,1290,25,19666,303,205604,1393,225270,1696,7,169,20,1176,253,17196,5,649,219
12-04-20,Hancock,207,2,169,1,38,1,187,1,2664,1,2851,2,0,4,-1,34,3,169,0,13,4
12-04-20,Hardeman,2310,12,2101,5,209,7,2505,5,18958,26,21463,31,0,38,-9,72,21,2200,0,85,41
12-04-20,Hardin,1880,27,1455,3,425,24,1816,6,16941,18,18757,24,2,29,7,119,18,1732,2,43,32
12-04-20,Hawkins,2181,41,1994,33,187,8,2191,34,18417,222,20608,256,1,36,2,214,38,1931,1,99,39
12-04-20,Haywood,1692,5,1527,1,165,4,1745,7,9874,19,11619,26,0,30,-8,74,13,1588,0,58,31
12-04-20,Henderson,1993,33,1548,13,445,20,2098,13,12222,29,14320,42,0,34,0,160,33,1799,0,56,38
12-04-20,Henry,1649,21,1475,14,174,7,1707,10,13771,79,15478,89,1,22,-15,102,35,1525,1,56,27
12-04-20,Hickman,1277,13,1145,8,132,5,1364,12,10983,35,12347,47,0,19,-8,86,21,1172,0,33,20
12-04-20,Houston,609,2,509,2,100,0,589,2,5371,29,5960,31,0,20,1,18,1,571,0,33,22
12-04-20,Humphreys,783,18,592,8,191,10,716,9,8181,24,8897,33,1,9,4,36,13,738,0,23,9
12-04-20,Jackson,724,3,567,2,157,1,691,3,3800,20,4491,23,1,11,-4,49,6,664,0,26,17
12-04-20,Jefferson,2519,43,2078,19,441,24,2389,13,25360,67,27749,80,0,35,0,279,43,2205,2,118,43
12-04-20,Johnson,1491,13,1404,7,87,6,1500,8,10039,17,11539,25,0,23,-8,58,21,1410,0,45,26
12-04-20,Knox,21011,358,19876,325,1135,33,21952,306,205983,1113,227935,1419,5,164,12,1937,341,18910,11,683,198
12-04-20,Lake,1209,6,1124,3,85,3,1355,2,7801,11,9156,13,1,7,-5,36,10,1166,0,14,10
12-04-20,Lauderdale,2142,10,1778,3,364,7,2049,4,15720,29,17769,33,0,23,-6,106,16,2013,0,68,22
12-04-20,Lawrence,3001,71,2640,47,361,24,2902,37,18770,81,21672,118,1,38,42,348,28,2615,1,95,44
12-04-20,Lewis,850,8,788,1,62,7,843,6,7434,7,8277,13,0,16,-7,83,15,751,0,30,17
12-04-20,Lincoln,1862,29,1571,11,291,18,1799,11,11869,31,13668,42,0,20,-4,249,33,1593,0,51,24
12-04-20,Loudon,2468,13,2367,13,101,0,2616,12,21604,67,24220,79,1,21,-25,183,37,2264,0,67,23
12-04-20,Macon,1951,24,1754,16,197,8,2122,17,11090,39,13212,56,1,30,-10,112,33,1809,0,98,34
12-04-20,Madison,5700,76,3652,16,2048,60,4768,27,39480,135,44248,162,2,116,9,119,65,5465,0,252,139
12-04-20,Marion,1241,25,1181,25,60,0,1376,29,10889,59,12265,88,0,19,4,115,21,1107,0,72,23
12-04-20,Marshall,1905,20,1850,17,55,3,2103,20,15575,39,17678,59,0,22,0,143,20,1740,0,47,23
12-04-20,Maury,6471,65,6268,59,203,6,6936,57,47432,193,54368,250,3,75,-38,543,100,5853,2,190,81
12-04-20,McMinn,2867,26,2717,21,150,5,3067,28,26899,108,29966,136,1,57,-26,328,51,2482,1,101,60
12-04-20,McNairy,1442,8,1135,0,307,8,1505,0,11402,10,12907,10,0,34,3,37,5,1371,0,49,35
12-04-20,Meigs,542,5,523,5,19,0,607,7,4844,20,5451,27,0,12,-1,47,6,483,0,25,13
12-04-20,Monroe,2365,20,2237,16,128,4,2546,20,17456,69,20002,89,0,46,-24,258,44,2061,0,107,49
12-04-20,Montgomery,7323,109,6370,91,953,18,7170,99,67537,574,74707,673,1,87,-19,442,127,6794,1,192,102
12-04-20,Moore,434,4,363,3,71,1,425,3,3391,11,3816,14,0,2,-3,41,7,391,0,7,4
12-04-20,Morgan,830,17,733,5,97,12,807,7,10999,15,11806,22,1,7,-9,104,25,719,0,14,8
12-04-20,Obion,2809,13,2248,3,561,10,2562,6,15223,77,17785,83,2,55,-23,215,34,2539,0,77,63
12-04-20,Out of State,6916,206,6070,153,846,53,6763,165,425457,2142,432220,2307,0,54,78,1245,128,5617,0,128,38
12-04-20,Overton,1589,12,1321,7,268,5,1601,7,10473,26,12074,33,1,37,-1,50,12,1502,1,52,39
12-04-20,Pending,4903,158,3991,115,912,43,4500,117,268762,1271,273262,1388,4,29,54,634,100,4240,1,69,36
12-04-20,Perry,525,6,488,5,37,1,549,6,4717,4,5266,10,0,22,0,15,6,488,0,26,22
12-04-20,Pickett,412,7,278,1,134,6,342,0,2185,2,2527,2,0,14,-1,30,8,368,1,23,15
12-04-20,Polk,721,8,681,6,40,2,782,7,5616,27,6398,34,0,15,2,51,6,655,0,35,15
12-04-20,Putnam,6170,38,5383,24,787,14,6646,30,47900,162,54546,192,1,85,-40,311,77,5774,3,163,99
12-04-20,Rhea,1894,10,1793,10,101,0,2074,9,16706,52,18780,61,0,36,-29,157,39,1701,0,59,37
12-04-20,Roane,2600,18,2458,15,142,3,2782,16,29265,93,32047,109,2,33,-34,243,50,2324,0,78,38
12-04-20,Robertson,4149,81,3975,70,174,11,4613,90,28377,253,32990,343,1,57,24,312,56,3780,3,244,60
12-04-20,Rutherford,19367,278,18537,256,830,22,22019,286,144087,1128,166106,1414,4,173,6,1283,268,17911,1,403,189
12-04-20,Scott,1210,29,831,13,379,16,899,13,7888,36,8787,49,1,8,-14,137,42,1065,2,34,12
12-04-20,Sequatchie,594,13,578,13,16,0,635,13,8272,21,8907,34,0,5,2,58,11,531,0,18,6
12-04-20,Sevier,5345,39,5141,35,204,4,5734,46,41331,182,47065,228,3,38,-64,446,100,4861,2,161,52
12-04-20,Shelby,50610,727,49094,696,1516,31,60832,843,567987,3693,628819,4536,7,694,246,2952,474,46964,26,2609,814
12-04-20,Smith,1517,9,1343,6,174,3,1714,10,8701,51,10415,61,0,20,-19,66,28,1431,0,46,19
12-04-20,Stewart,638,5,548,2,90,3,639,4,4682,28,5321,32,1,18,-6,29,10,591,0,19,20
12-04-20,Sullivan,7221,159,6610,144,611,15,7128,136,52908,457,60036,593,3,114,41,682,115,6425,2,477,137
12-04-20,Sumner,10840,161,10596,153,244,8,12165,193,76727,558,88892,751,2,144,-74,997,233,9699,0,565,162
12-04-20,Tipton,3880,44,3199,28,681,16,3920,38,32012,120,35932,158,0,39,-26,217,70,3624,0,117,48
12-04-20,Trousdale,1928,1,1898,1,30,0,2018,2,6718,42,8736,44,0,12,-2,18,3,1898,0,33,12
12-04-20,Unicoi,977,16,855,13,122,3,958,17,9302,18,10260,35,2,28,-1,111,15,838,0,51,29
12-04-20,Union,784,9,710,9,74,0,798,10,7138,26,7936,36,0,5,-4,59,13,720,0,30,5
12-04-20,Van Buren,402,8,364,6,38,2,414,6,3661,40,4075,46,1,3,-4,33,11,366,0,11,4
12-04-20,Warren,2524,27,2275,19,249,8,2632,21,21369,76,24001,97,0,19,-19,169,46,2336,1,44,24
12-04-20,Washington,6691,107,6211,80,480,27,6910,99,51863,339,58773,438,2,118,23,708,82,5865,1,255,126
12-04-20,Wayne,2010,15,1864,9,146,6,2035,9,8388,16,10423,25,1,11,0,54,14,1945,0,31,13
12-04-20,Weakley,2286,22,1960,6,326,16,2253,10,15563,36,17816,46,0,36,-4,136,26,2114,1,49,40
12-04-20,White,1921,21,1659,9,262,12,2123,10,16199,56,18322,66,0,19,-12,194,33,1708,0,79,26
12-04-20,Williamson,12382,154,11709,139,673,15,13277,145,115169,560,128446,705,1,87,-56,841,209,11454,2,198,98
12-04-20,Wilson,8217,120,7916,113,301,7,9170,131,62847,587,72017,718,4,88,-8,599,124,7530,2,206,96
12-03-20,Anderson,3256,42,3031,30,225,12,3424,32,41255,224,44679,256,1,31,-14,423,55,2802,1,95,40
12-03-20,Bedford,2980,20,2656,19,324,1,3133,21,20337,66,23470,87,0,34,-17,273,37,2673,0,79,41
12-03-20,Benton,887,13,816,10,71,3,885,10,6683,12,7568,22,2,16,5,115,6,756,0,27,22
12-03-20,Bledsoe,1225,10,1205,9,20,1,1281,9,10900,20,12181,29,0,5,-4,38,14,1182,0,26,5
12-03-20,Blount,6211,107,5801,96,410,11,6593,116,47036,202,53629,318,1,63,11,820,95,5328,2,202,70
12-03-20,Bradley,5750,78,5287,73,463,5,6150,78,38849,256,44999,334,0,37,13,634,65,5079,2,307,43
12-03-20,Campbell,1671,27,1307,11,364,16,1493,14,18633,75,20126,89,1,24,16,174,10,1473,0,76,26
12-03-20,Cannon,817,11,745,7,72,4,851,7,6188,39,7039,46,0,4,2,79,9,734,0,20,5
12-03-20,Carroll,1850,15,1463,10,387,5,1748,14,15203,56,16951,70,1,36,-3,171,17,1643,0,59,40
12-03-20,Carter,3023,33,2789,22,234,11,3067,28,24828,160,27895,188,5,61,-6,314,34,2648,0,173,69
12-03-20,Cheatham,1709,17,1583,14,126,3,1849,15,17156,68,19005,83,0,17,-7,129,24,1563,1,49,17
12-03-20,Chester,1061,6,839,6,222,0,1050,6,7606,10,8656,16,1,22,0,49,5,990,0,27,27
12-03-20,Claiborne,968,11,788,4,180,7,910,4,15077,155,15987,159,1,10,-15,171,25,787,0,37,14
12-03-20,Clay,579,5,428,2,151,3,500,2,4005,13,4505,15,1,19,4,45,0,515,0,19,22
12-03-20,Cocke,1740,38,1472,32,268,6,1644,28,13392,77,15036,105,0,30,14,160,24,1550,0,72,32
12-03-20,Coffee,3080,33,2463,21,617,12,3016,28,29929,113,32945,141,1,43,-2,303,34,2734,0,69,48
12-03-20,Crockett,1185,6,849,4,336,2,1017,3,5323,23,6340,26,0,28,0,38,6,1119,0,25,30
12-03-20,Cumberland,2735,15,2604,11,131,4,3087,14,34153,95,37240,109,0,37,-10,256,25,2442,0,104,47
12-03-20,Davidson,45087,469,44353,452,734,17,54722,526,588654,3394,643376,3920,4,429,27,2091,438,42567,12,1462,462
12-03-20,Decatur,979,4,781,1,198,3,968,1,8637,39,9605,40,0,13,-6,42,10,924,0,27,16
12-03-20,Dekalb,1263,17,1065,2,198,15,1271,2,12283,59,13554,61,1,24,8,121,8,1118,0,35,26
12-03-20,Dickson,3057,20,2492,18,565,2,3106,25,22785,132,25891,157,2,37,-32,215,50,2805,0,83,46
12-03-20,Dyer,3330,30,2585,8,745,22,2939,9,16632,41,19571,50,0,52,6,204,24,3074,0,88,57
12-03-20,Fayette,2379,19,2265,18,114,1,2850,17,23934,99,26784,116,1,40,-1,191,19,2148,0,98,42
12-03-20,Fentress,1276,8,1138,3,138,5,1352,5,7570,65,8922,70,3,24,-3,85,8,1167,0,46,26
12-03-20,Franklin,2262,17,2067,16,195,1,2484,22,22033,55,24517,77,0,38,-7,192,24,2032,0,73,41
12-03-20,Gibson,3397,40,2392,23,1005,17,3038,27,21341,78,24379,105,2,72,-5,293,43,3032,0,80,76
12-03-20,Giles,1599,19,1505,13,94,6,1724,19,15024,143,16748,162,0,49,2,153,17,1397,0,73,51
12-03-20,Grainger,1099,14,922,13,177,1,1063,13,9419,31,10482,44,1,18,-1,150,14,931,1,47,24
12-03-20,Greene,3373,31,3070,29,303,2,3447,31,27737,150,31184,181,1,74,1,308,29,2991,0,140,77
12-03-20,Grundy,827,13,759,12,68,1,903,11,4832,45,5735,56,0,14,5,38,8,775,0,44,14
12-03-20,Hamblen,3742,36,3262,26,480,10,3725,28,32616,65,36341,93,0,62,8,382,28,3298,0,165,76
12-03-20,Hamilton,18261,311,16996,278,1265,33,19363,304,204211,1536,223574,1840,5,162,64,1156,242,16943,7,644,214
12-03-20,Hancock,205,7,168,7,37,0,186,8,2663,12,2849,20,0,4,1,35,6,166,0,13,4
12-03-20,Hardeman,2298,10,2096,3,202,7,2500,2,18932,30,21432,32,0,38,4,81,6,2179,0,85,40
12-03-20,Hardin,1853,7,1452,6,401,1,1810,10,16923,62,18733,72,2,27,-4,112,9,1714,0,41,32
12-03-20,Hawkins,2140,28,1961,21,179,7,2157,27,18195,59,20352,86,0,35,2,212,26,1893,0,98,38
12-03-20,Haywood,1687,8,1526,5,161,3,1738,4,9855,24,11593,28,0,30,4,82,4,1575,0,58,31
12-03-20,Henderson,1960,13,1535,8,425,5,2085,6,12193,23,14278,29,0,34,8,160,5,1766,0,56,38
12-03-20,Henry,1628,16,1461,14,167,2,1697,16,13692,33,15389,49,2,21,-5,117,19,1490,0,55,27
12-03-20,Hickman,1264,18,1137,17,127,1,1352,11,10948,43,12300,54,0,19,0,94,18,1151,2,33,20
12-03-20,Houston,607,1,507,1,100,0,587,1,5342,92,5929,93,0,20,-2,17,3,570,0,33,21
12-03-20,Humphreys,765,4,584,2,181,2,707,2,8157,37,8864,39,0,8,-17,32,21,725,0,23,9
12-03-20,Jackson,721,3,565,0,156,3,688,0,3780,13,4468,13,0,10,0,53,3,658,0,26,16
12-03-20,Jefferson,2476,46,2059,33,417,13,2376,31,25293,80,27669,111,1,35,9,279,36,2162,1,116,43
12-03-20,Johnson,1478,5,1397,5,81,0,1492,6,10022,71,11514,77,0,23,-1,66,6,1389,0,45,26
12-03-20,Knox,20653,442,19551,426,1102,16,21646,444,204870,1205,226516,1649,2,159,183,1925,257,18569,10,672,193
12-03-20,Lake,1203,13,1121,5,82,8,1353,8,7790,43,9143,51,0,6,5,41,8,1156,0,14,10
12-03-20,Lauderdale,2132,24,1775,14,357,10,2045,17,15691,78,17736,95,0,23,16,112,8,1997,1,68,22
12-03-20,Lawrence,2930,25,2593,17,337,8,2865,18,18689,41,21554,59,1,37,-9,306,33,2587,0,94,43
12-03-20,Lewis,842,18,787,7,55,11,837,9,7427,35,8264,44,1,16,11,90,6,736,0,30,16
12-03-20,Lincoln,1833,32,1560,27,273,5,1788,33,11838,55,13626,88,2,20,10,253,20,1560,1,51,24
12-03-20,Loudon,2455,42,2354,38,101,4,2604,39,21537,100,24141,139,0,20,21,208,21,2227,1,67,22
12-03-20,Macon,1927,24,1738,6,189,18,2105,3,11051,34,13156,37,0,29,11,122,13,1776,0,98,33
12-03-20,Madison,5624,59,3636,36,1988,23,4741,36,39345,135,44086,171,3,114,-15,110,71,5400,3,252,138
12-03-20,Marion,1216,28,1156,27,60,1,1347,31,10830,92,12177,123,0,19,14,111,14,1086,0,72,23
12-03-20,Marshall,1885,23,1833,23,52,0,2083,24,15536,120,17619,144,0,22,3,143,20,1720,1,47,23
12-03-20,Maury,6406,66,6209,54,197,12,6879,45,47239,143,54118,188,2,72,-7,581,71,5753,1,188,81
12-03-20,McMinn,2841,54,2696,50,145,4,3039,53,26791,104,29830,157,0,56,10,354,44,2431,3,100,58
12-03-20,McNairy,1434,7,1135,5,299,2,1505,2,11392,50,12897,52,1,34,0,34,6,1366,0,49,35
12-03-20,Meigs,537,9,518,9,19,0,600,10,4824,11,5424,21,0,12,0,48,9,477,0,25,13
12-03-20,Monroe,2345,20,2221,20,124,0,2526,24,17387,59,19913,83,1,46,-13,282,32,2017,0,107,48
12-03-20,Montgomery,7214,92,6279,77,935,15,7071,76,66963,496,74034,572,1,86,19,461,72,6667,1,191,101
12-03-20,Moore,430,14,360,13,70,1,422,12,3380,7,3802,19,0,2,7,44,7,384,0,7,3
12-03-20,Morgan,813,15,728,14,85,1,800,15,10984,28,11784,43,0,6,0,113,15,694,0,14,8
12-03-20,Obion,2796,22,2245,19,551,3,2556,19,15146,65,17702,84,2,53,-4,238,24,2505,0,77,61
12-03-20,Out of State,6710,270,5917,203,793,67,6598,286,423315,2793,429913,3079,-1,54,148,1167,123,5489,1,128,38
12-03-20,Overton,1577,5,1314,4,263,1,1594,4,10447,31,12041,35,1,36,-7,51,11,1490,0,51,39
12-03-20,Pending,4745,158,3876,131,869,27,4383,147,267491,1035,271874,1182,1,25,65,580,92,4140,2,68,33
12-03-20,Perry,519,6,483,6,36,0,543,6,4713,7,5256,13,0,22,2,15,4,482,0,26,22
12-03-20,Pickett,405,8,277,2,128,6,342,2,2183,41,2525,43,0,14,2,31,6,360,0,22,14
12-03-20,Polk,713,6,675,6,38,0,775,4,5589,33,6364,37,0,15,-2,49,8,649,0,35,15
12-03-20,Putnam,6132,26,5359,8,773,18,6616,10,47738,146,54354,156,1,84,-2,351,27,5697,0,160,98
12-03-20,Rhea,1884,10,1783,10,101,0,2065,12,16654,78,18719,90,3,36,-11,186,18,1662,0,59,37
12-03-20,Roane,2582,37,2443,32,139,5,2766,36,29172,124,31938,160,0,31,10,277,27,2274,0,78,38
12-03-20,Robertson,4068,45,3905,38,163,7,4523,41,28124,106,32647,147,3,56,-1,288,43,3724,1,241,60
12-03-20,Rutherford,19089,244,18281,226,808,18,21733,243,142959,942,164692,1185,5,169,57,1277,182,17643,1,402,187
12-03-20,Scott,1181,7,818,6,363,1,886,10,7852,23,8738,33,0,7,-35,151,42,1023,0,32,12
12-03-20,Sequatchie,581,12,565,12,16,0,622,12,8251,47,8873,59,0,5,6,56,6,520,0,18,6
12-03-20,Sevier,5306,42,5106,41,200,1,5688,52,41149,161,46837,213,2,35,-31,510,71,4761,1,159,51
12-03-20,Shelby,49883,385,48398,337,1485,48,59989,409,564294,2129,624283,2538,6,687,-76,2706,455,46490,6,2583,802
12-03-20,Smith,1508,13,1337,5,171,8,1704,4,8650,15,10354,19,0,20,2,85,11,1403,1,46,19
12-03-20,Stewart,633,8,546,7,87,1,635,8,4654,40,5289,48,1,17,-5,35,12,581,0,19,20
12-03-20,Sullivan,7062,132,6466,95,596,37,6992,107,52451,308,59443,415,6,111,40,641,86,6310,10,475,135
12-03-20,Sumner,10679,170,10443,148,236,22,11972,156,76169,503,88141,659,4,142,45,1071,121,9466,4,565,160
12-03-20,Tipton,3836,41,3171,11,665,30,3882,10,31892,98,35774,108,0,39,9,243,32,3554,0,117,48
12-03-20,Trousdale,1927,2,1897,2,30,0,2016,2,6676,24,8692,26,0,12,-3,20,5,1895,0,33,12
12-03-20,Unicoi,961,10,842,10,119,0,941,11,9284,36,10225,47,0,26,-7,112,17,823,0,51,29
12-03-20,Union,775,7,701,6,74,1,788,5,7112,28,7900,33,0,5,4,63,3,707,0,30,5
12-03-20,Van Buren,394,2,358,2,36,0,408,2,3621,7,4029,9,0,2,-1,37,3,355,0,11,3
12-03-20,Warren,2497,14,2256,10,241,4,2611,12,21293,54,23904,66,-1,19,0,188,15,2290,1,43,23
12-03-20,Washington,6584,103,6131,72,453,31,6811,90,51524,294,58335,384,2,116,33,685,68,5783,0,254,122
12-03-20,Wayne,1995,8,1855,6,140,2,2026,5,8372,28,10398,33,0,10,-4,54,12,1931,0,31,13
12-03-20,Weakley,2264,16,1954,13,310,3,2243,13,15527,34,17770,47,0,36,3,140,13,2088,1,48,39
12-03-20,White,1900,18,1650,5,250,13,2113,6,16143,26,18256,32,0,19,1,206,17,1675,0,79,26
12-03-20,Williamson,12228,159,11570,140,658,19,13132,144,114609,610,127741,754,3,86,11,897,145,11245,0,196,98
12-03-20,Wilson,8097,127,7803,114,294,13,9039,118,62260,289,71299,407,1,84,9,607,117,7406,1,204,95
12-02-20,Anderson,3214,15,3001,14,213,1,3392,14,41031,108,44423,122,0,30,-40,437,55,2747,0,94,39
12-02-20,Bedford,2960,17,2637,14,323,3,3112,16,20271,20,23383,36,2,34,-40,290,55,2636,0,79,39
12-02-20,Benton,874,8,806,4,68,4,875,0,6671,8,7546,8,0,14,-3,110,11,750,1,27,21
12-02-20,Bledsoe,1215,3,1196,3,19,0,1272,2,10880,26,12152,28,0,5,-9,42,12,1168,0,26,5
12-02-20,Blount,6104,110,5705,90,399,20,6477,90,46834,216,53311,306,0,62,19,809,91,5233,4,200,69
12-02-20,Bradley,5672,40,5214,27,458,13,6072,30,38593,41,44665,71,0,37,-50,621,90,5014,2,305,43
12-02-20,Campbell,1644,15,1296,7,348,8,1479,7,18558,9,20037,16,0,23,-9,158,24,1463,0,76,26
12-02-20,Cannon,806,1,738,0,68,1,844,0,6149,10,6993,10,0,4,-16,77,17,725,0,20,5
12-02-20,Carroll,1835,22,1453,18,382,4,1734,14,15147,27,16881,41,0,35,-6,174,28,1626,0,59,40
12-02-20,Carter,2990,24,2767,22,223,2,3039,19,24668,16,27707,35,-2,56,-9,320,35,2614,0,173,68
12-02-20,Cheatham,1692,3,1569,3,123,0,1834,3,17088,25,18922,28,0,17,-23,136,26,1539,0,48,17
12-02-20,Chester,1055,8,833,7,222,1,1044,4,7596,23,8640,27,0,21,-6,49,14,985,0,27,27
12-02-20,Claiborne,957,16,784,10,173,6,906,13,14922,48,15828,61,0,9,-1,186,17,762,0,37,14
12-02-20,Clay,574,0,426,0,148,0,498,0,3992,3,4490,3,0,18,-8,41,8,515,0,19,22
12-02-20,Cocke,1702,10,1440,7,262,3,1616,6,13315,21,14931,27,0,30,-4,146,14,1526,0,72,32
12-02-20,Coffee,3047,28,2442,23,605,5,2988,14,29816,79,32804,93,0,42,-19,305,47,2700,0,69,48
12-02-20,Crockett,1179,4,845,2,334,2,1014,2,5300,4,6314,6,1,28,-7,38,10,1113,0,25,30
12-02-20,Cumberland,2720,8,2593,7,127,1,3073,7,34058,20,37131,27,0,37,-24,266,32,2417,0,104,45
12-02-20,Davidson,44618,298,43901,278,717,20,54196,330,585260,1717,639456,2047,2,425,-237,2064,533,42129,4,1450,455
12-02-20,Decatur,975,4,780,4,195,0,967,3,8598,5,9565,8,0,13,1,48,3,914,0,27,16
12-02-20,Dekalb,1246,3,1063,1,183,2,1269,1,12224,27,13493,28,1,23,-24,113,26,1110,0,35,26
12-02-20,Dickson,3037,5,2474,5,563,0,3081,5,22653,24,25734,29,0,35,-52,247,57,2755,0,83,46
12-02-20,Dyer,3300,13,2577,12,723,1,2930,9,16591,8,19521,17,0,52,-23,198,36,3050,0,88,56
12-02-20,Fayette,2360,9,2247,8,113,1,2833,9,23835,92,26668,101,0,39,-19,192,28,2129,0,98,42
12-02-20,Fentress,1268,4,1135,3,133,1,1347,3,7505,11,8852,14,1,21,-5,88,8,1159,0,46,26
12-02-20,Franklin,2245,12,2051,9,194,3,2462,13,21978,41,24440,54,2,38,-20,199,30,2008,0,73,40
12-02-20,Gibson,3357,28,2369,25,988,3,3011,26,21263,101,24274,127,2,70,-23,298,49,2989,0,80,76
12-02-20,Giles,1580,22,1492,21,88,1,1705,13,14881,70,16586,83,0,49,1,151,21,1380,0,73,51
12-02-20,Grainger,1085,4,909,2,176,2,1050,2,9388,9,10438,11,0,17,-29,151,33,917,0,46,24
12-02-20,Greene,3342,24,3041,22,301,2,3416,16,27587,153,31003,169,0,73,-28,307,52,2962,2,140,77
12-02-20,Grundy,814,1,747,1,67,0,892,2,4787,18,5679,20,0,14,-10,33,11,767,0,44,14
12-02-20,Hamblen,3706,32,3236,11,470,21,3697,8,32551,20,36248,28,1,62,-22,374,53,3270,2,165,76
12-02-20,Hamilton,17950,221,16718,214,1232,7,19059,207,202675,828,221734,1035,3,157,-26,1092,244,16701,3,637,211
12-02-20,Hancock,198,4,161,3,37,1,178,2,2651,18,2829,20,0,4,-3,34,7,160,0,13,4
12-02-20,Hardeman,2288,2,2093,2,195,0,2498,1,18902,64,21400,65,0,38,-11,77,13,2173,0,85,40
12-02-20,Hardin,1846,9,1446,8,400,1,1800,10,16861,25,18661,35,0,25,-3,116,12,1705,0,41,32
12-02-20,Hawkins,2112,28,1940,26,172,2,2130,24,18136,124,20266,148,0,35,-7,210,35,1867,1,98,38
12-02-20,Haywood,1679,2,1521,1,158,1,1734,1,9831,5,11565,6,0,30,-8,78,10,1571,0,58,31
12-02-20,Henderson,1947,12,1527,9,420,3,2079,6,12170,21,14249,27,0,34,-3,152,15,1761,0,56,38
12-02-20,Henry,1612,2,1447,2,165,0,1681,1,13659,6,15340,7,1,19,-26,122,27,1471,0,55,25
12-02-20,Hickman,1246,11,1120,11,126,0,1341,8,10905,22,12246,30,0,19,-6,94,17,1133,0,31,20
12-02-20,Houston,606,2,506,1,100,1,586,1,5250,98,5836,99,0,20,-2,19,4,567,0,33,21
12-02-20,Humphreys,761,5,582,1,179,4,705,1,8120,10,8825,11,0,8,-9,49,14,704,0,23,9
12-02-20,Jackson,718,4,565,2,153,2,688,2,3767,3,4455,5,0,10,1,53,3,655,0,26,16
12-02-20,Jefferson,2430,9,2026,4,404,5,2345,3,25213,15,27558,18,1,34,-28,270,36,2126,1,115,41
12-02-20,Johnson,1473,16,1392,16,81,0,1486,15,9951,42,11437,57,0,23,6,67,10,1383,0,45,26
12-02-20,Knox,20211,192,19125,170,1086,22,21202,185,203665,602,224867,787,2,157,-149,1742,339,18312,7,662,191
12-02-20,Lake,1190,3,1116,3,74,0,1345,3,7747,3,9092,6,0,6,0,36,3,1148,0,14,10
12-02-20,Lauderdale,2108,6,1761,5,347,1,2028,6,15613,15,17641,21,-1,23,-13,96,20,1989,0,67,22
12-02-20,Lawrence,2905,36,2576,35,329,1,2847,24,18648,136,21495,160,2,36,-4,315,38,2554,0,94,42
12-02-20,Lewis,824,13,780,13,44,0,828,12,7392,16,8220,28,1,15,3,79,9,730,0,30,16
12-02-20,Lincoln,1801,58,1533,47,268,11,1755,49,11783,58,13538,107,0,18,27,243,31,1540,0,50,24
12-02-20,Loudon,2413,12,2316,10,97,2,2565,10,21437,131,24002,141,0,20,-21,187,33,2206,0,66,22
12-02-20,Macon,1903,22,1732,3,171,19,2102,2,11017,9,13119,11,0,29,2,111,20,1763,2,98,32
12-02-20,Madison,5565,24,3600,22,1965,2,4705,22,39210,93,43915,115,0,111,-38,125,62,5329,1,249,138
12-02-20,Marion,1188,10,1129,10,59,0,1316,13,10738,45,12054,58,0,19,-13,97,23,1072,0,72,23
12-02-20,Marshall,1862,27,1810,26,52,1,2059,24,15416,58,17475,82,0,22,-5,140,32,1700,0,46,23
12-02-20,Maury,6340,39,6155,33,185,6,6834,19,47096,64,53930,83,1,70,-35,588,73,5682,0,187,79
12-02-20,McMinn,2787,11,2646,11,141,0,2986,11,26687,65,29673,76,1,56,-32,344,42,2387,0,97,58
12-02-20,McNairy,1427,6,1130,6,297,0,1503,2,11342,34,12845,36,0,33,-1,34,7,1360,0,49,35
12-02-20,Meigs,528,4,509,4,19,0,590,4,4813,17,5403,21,-1,12,-3,48,8,468,0,25,13
12-02-20,Monroe,2325,28,2201,27,124,1,2502,23,17328,25,19830,48,1,45,-7,295,34,1985,1,107,48
12-02-20,Montgomery,7122,67,6202,41,920,26,6995,43,66467,248,73462,291,0,85,-53,442,120,6595,0,190,100
12-02-20,Moore,416,1,347,0,69,1,410,0,3373,14,3783,14,0,2,-7,37,8,377,0,7,3
12-02-20,Morgan,798,5,714,4,84,1,785,4,10956,10,11741,14,0,6,-12,113,17,679,0,14,8
12-02-20,Obion,2774,5,2226,4,548,1,2537,5,15081,16,17618,21,1,51,-39,242,43,2481,0,77,60
12-02-20,Out of State,6440,62,5714,53,726,9,6312,62,420522,892,426834,954,1,55,-59,1019,120,5366,2,127,36
12-02-20,Overton,1572,3,1310,1,262,2,1590,1,10416,14,12006,15,0,35,-13,58,16,1479,0,51,39
12-02-20,Pending,4587,38,3745,34,842,4,4236,38,266456,472,270692,510,2,24,-92,515,128,4048,1,66,33
12-02-20,Perry,513,5,477,4,36,1,537,5,4706,1,5243,6,1,22,1,13,3,478,0,26,22
12-02-20,Pickett,397,2,275,1,122,1,340,2,2142,4,2482,6,0,14,-4,29,6,354,0,22,14
12-02-20,Polk,707,4,669,4,38,0,771,3,5556,16,6327,19,0,15,-3,51,7,641,0,35,15
12-02-20,Putnam,6106,18,5351,11,755,7,6606,11,47592,69,54198,80,0,83,-23,353,41,5670,0,160,95
12-02-20,Rhea,1874,18,1773,10,101,8,2053,8,16576,13,18629,21,-1,33,-14,197,33,1644,0,59,37
12-02-20,Roane,2545,16,2411,14,134,2,2730,16,29048,57,31778,73,2,31,-25,267,39,2247,1,78,37
12-02-20,Robertson,4023,33,3867,32,156,1,4482,34,28018,57,32500,91,0,53,-47,289,80,3681,2,240,60
12-02-20,Rutherford,18845,83,18055,63,790,20,21490,78,142017,272,163507,350,0,164,-146,1220,229,17461,0,401,184
12-02-20,Scott,1174,0,812,0,362,0,876,3,7829,14,8705,17,0,7,-23,186,23,981,0,32,12
12-02-20,Sequatchie,569,6,553,5,16,1,610,6,8204,26,8814,32,0,5,-3,50,9,514,0,18,6
12-02-20,Sevier,5264,24,5065,23,199,1,5636,9,40988,29,46624,38,0,33,-46,541,70,4690,1,158,51
12-02-20,Shelby,49498,82,48061,59,1437,23,59580,102,562165,951,621745,1053,10,681,-405,2782,477,46035,4,2577,789
12-02-20,Smith,1495,2,1332,1,163,1,1700,1,8635,13,10335,14,0,20,-16,83,18,1392,0,45,19
12-02-20,Stewart,625,4,539,2,86,2,627,2,4614,14,5241,16,1,16,-12,40,15,569,0,19,20
12-02-20,Sullivan,6930,52,6371,51,559,1,6885,31,52143,62,59028,93,3,105,-56,601,105,6224,7,465,130
12-02-20,Sumner,10509,100,10295,92,214,8,11816,96,75666,236,87482,332,1,138,-72,1026,171,9345,8,561,155
12-02-20,Tipton,3795,15,3160,9,635,6,3872,15,31794,39,35666,54,0,39,-34,234,49,3522,0,117,48
12-02-20,Trousdale,1925,2,1895,1,30,1,2014,1,6652,15,8666,16,0,12,-1,23,3,1890,0,33,12
12-02-20,Unicoi,951,20,832,20,119,0,930,21,9248,22,10178,43,0,26,2,119,18,806,0,51,28
12-02-20,Union,768,7,695,6,73,1,783,8,7084,18,7867,26,0,5,1,59,6,704,1,30,5
12-02-20,Van Buren,392,1,356,1,36,0,406,1,3614,1,4020,2,0,2,-3,38,4,352,0,11,3
12-02-20,Warren,2483,8,2246,5,237,3,2599,5,21239,16,23838,21,0,20,-14,188,22,2275,0,42,23
12-02-20,Washington,6481,77,6059,66,422,11,6721,54,51230,73,57951,127,5,114,-34,652,106,5715,2,254,120
12-02-20,Wayne,1987,14,1849,13,138,1,2021,14,8344,38,10365,52,0,10,0,58,14,1919,0,31,13
12-02-20,Weakley,2248,14,1941,14,307,0,2230,9,15493,18,17723,27,0,36,-11,137,25,2075,0,47,38
12-02-20,White,1882,6,1645,3,237,3,2107,2,16117,27,18224,29,0,19,-10,205,16,1658,0,79,24
12-02-20,Williamson,12069,85,11430,70,639,15,12988,71,113999,193,126987,264,2,83,-51,886,134,11100,0,196,98
12-02-20,Wilson,7970,27,7689,19,281,8,8921,25,61971,87,70892,112,1,83,-85,598,111,7289,1,203,93
12-01-20,Anderson,3199,76,2987,67,212,9,3378,72,40923,431,44301,503,1,30,15,477,60,2692,5,94,38
12-01-20,Bedford,2943,60,2623,46,320,14,3096,47,20251,203,23347,250,0,32,18,330,42,2581,0,79,39
12-01-20,Benton,866,20,802,19,64,1,875,20,6663,37,7538,57,0,14,9,113,11,739,0,26,21
12-01-20,Bledsoe,1212,17,1193,16,19,1,1270,16,10854,77,12124,93,0,5,9,51,8,1156,0,26,5
12-01-20,Blount,5994,106,5615,90,379,16,6387,95,46618,461,53005,556,1,62,-29,790,134,5142,0,196,69
12-01-20,Bradley,5632,122,5187,101,445,21,6042,119,38552,354,44594,473,2,37,23,671,97,4924,6,303,42
12-01-20,Campbell,1629,12,1289,8,340,4,1472,9,18549,87,20021,96,0,23,-19,167,31,1439,1,76,26
12-01-20,Cannon,805,16,738,12,67,4,844,13,6139,33,6983,46,0,4,-5,93,21,708,0,20,5
12-01-20,Carroll,1813,39,1435,20,378,19,1720,23,15120,44,16840,67,1,35,10,180,28,1598,0,59,40
12-01-20,Carter,2966,77,2745,69,221,8,3020,74,24652,219,27672,293,1,58,38,329,38,2579,1,173,65
12-01-20,Cheatham,1689,33,1566,18,123,15,1831,19,17063,124,18894,143,0,17,5,159,28,1513,0,48,17
12-01-20,Chester,1047,9,826,7,221,2,1040,8,7573,50,8613,58,0,21,-1,55,10,971,0,27,27
12-01-20,Claiborne,941,41,774,32,167,9,893,32,14874,89,15767,121,0,9,32,187,9,745,2,37,12
12-01-20,Clay,574,12,426,5,148,7,498,5,3989,16,4487,21,0,18,9,49,3,507,0,19,22
12-01-20,Cocke,1692,29,1433,24,259,5,1610,21,13294,93,14904,114,0,30,15,150,14,1512,0,72,32
12-01-20,Coffee,3019,61,2419,51,600,10,2974,60,29737,254,32711,314,0,42,16,324,45,2653,0,69,48
12-01-20,Crockett,1175,10,843,6,332,4,1012,7,5296,30,6308,37,1,27,5,45,4,1103,0,25,30
12-01-20,Cumberland,2712,47,2586,47,126,0,3066,48,34038,241,37104,289,1,37,-1,290,47,2385,0,104,45
12-01-20,Davidson,44320,582,43623,543,697,39,53866,647,583543,4461,637409,5108,2,423,3,2301,577,41596,7,1446,449
12-01-20,Decatur,971,8,776,7,195,1,964,8,8593,123,9557,131,1,13,-2,47,9,911,0,27,16
12-01-20,Dekalb,1243,29,1062,25,181,4,1268,28,12197,89,13465,117,0,22,4,137,25,1084,0,35,26
12-01-20,Dickson,3032,31,2469,19,563,12,3076,23,22629,59,25705,82,1,35,-25,299,55,2698,0,83,46
12-01-20,Dyer,3287,23,2565,12,722,11,2921,16,16583,55,19504,71,1,52,-4,221,26,3014,0,88,56
12-01-20,Fayette,2351,39,2239,34,112,5,2824,45,23743,106,26567,151,0,39,16,211,23,2101,1,98,42
12-01-20,Fentress,1264,11,1132,10,132,1,1344,10,7494,60,8838,70,0,20,-9,93,20,1151,0,46,26
12-01-20,Franklin,2233,28,2042,24,191,4,2449,34,21937,189,24386,223,1,36,-20,219,47,1978,0,73,40
12-01-20,Gibson,3329,42,2344,25,985,17,2985,26,21162,116,24147,142,3,68,-9,321,48,2940,0,80,75
12-01-20,Giles,1558,31,1471,30,87,1,1692,22,14811,91,16503,113,0,49,15,150,16,1359,3,73,51
12-01-20,Grainger,1081,21,907,16,174,5,1048,20,9379,97,10427,117,0,17,-4,180,25,884,1,46,23
12-01-20,Greene,3318,56,3019,48,299,8,3400,46,27434,221,30834,267,1,73,3,335,52,2910,1,138,77
12-01-20,Grundy,813,10,746,10,67,0,890,10,4769,25,5659,35,0,14,1,43,9,756,0,44,14
12-01-20,Hamblen,3674,63,3225,58,449,5,3689,62,32531,193,36220,255,0,61,14,396,49,3217,2,163,75
12-01-20,Hamilton,17729,327,16504,293,1225,34,18852,304,201847,1523,220699,1827,1,154,53,1118,273,16457,13,634,203
12-01-20,Hancock,194,8,158,4,36,4,176,4,2633,36,2809,40,1,4,1,37,6,153,0,13,4
12-01-20,Hardeman,2286,17,2091,15,195,2,2497,16,18838,53,21335,69,1,38,8,88,8,2160,0,85,40
12-01-20,Hardin,1837,26,1438,17,399,9,1790,11,16836,63,18626,74,0,25,14,119,12,1693,2,41,31
12-01-20,Hawkins,2084,38,1914,35,170,3,2106,34,18012,151,20118,185,1,35,10,217,27,1832,0,97,37
12-01-20,Haywood,1677,32,1520,28,157,4,1733,28,9826,89,11559,117,0,30,17,86,15,1561,0,58,31
12-01-20,Henderson,1935,36,1518,28,417,8,2073,35,12149,91,14222,126,0,34,5,155,31,1746,0,56,38
12-01-20,Henry,1610,31,1445,25,165,6,1680,26,13653,57,15333,83,-1,18,-16,148,48,1444,0,55,23
12-01-20,Hickman,1235,12,1109,12,126,0,1333,7,10883,43,12216,50,0,19,-5,100,17,1116,0,31,20
12-01-20,Houston,604,11,505,10,99,1,585,10,5152,16,5737,26,0,20,4,21,7,563,0,33,21
12-01-20,Humphreys,756,14,581,9,175,5,704,9,8110,40,8814,49,0,8,-3,58,17,690,0,23,8
12-01-20,Jackson,714,16,563,10,151,6,686,12,3764,24,4450,36,0,10,12,52,4,652,0,26,16
12-01-20,Jefferson,2421,41,2022,39,399,2,2342,41,25198,123,27540,164,0,33,3,298,38,2090,0,114,41
12-01-20,Johnson,1457,17,1376,16,81,1,1471,14,9909,75,11380,89,0,23,10,61,7,1373,0,45,26
12-01-20,Knox,20019,404,18955,381,1064,23,21017,411,203063,1816,224080,2227,5,155,87,1891,312,17973,8,655,186
12-01-20,Lake,1187,8,1113,4,74,4,1342,3,7744,14,9086,17,0,6,5,36,3,1145,0,14,8
12-01-20,Lauderdale,2102,20,1756,15,346,5,2022,15,15598,53,17620,68,1,24,4,109,15,1969,0,67,22
12-01-20,Lawrence,2869,44,2541,30,328,14,2823,29,18512,97,21335,126,0,34,18,319,26,2516,3,94,40
12-01-20,Lewis,811,23,767,23,44,0,816,11,7376,52,8192,63,0,14,15,76,8,721,5,30,16
12-01-20,Lincoln,1743,52,1486,27,257,25,1706,29,11725,101,13431,130,1,18,21,216,30,1509,0,50,24
12-01-20,Loudon,2401,37,2306,34,95,3,2555,31,21306,116,23861,147,1,20,-9,208,45,2173,0,66,22
12-01-20,Macon,1881,22,1729,16,152,6,2100,17,11008,52,13108,69,1,29,2,109,19,1743,0,96,32
12-01-20,Madison,5541,70,3578,30,1963,40,4683,33,39117,315,43800,348,0,111,-12,163,82,5267,2,248,138
12-01-20,Marion,1178,17,1119,17,59,0,1303,23,10693,65,11996,88,0,19,5,110,12,1049,1,72,23
12-01-20,Marshall,1835,29,1784,26,51,3,2035,26,15358,118,17393,144,0,22,3,145,26,1668,1,46,23
12-01-20,Maury,6301,121,6122,121,179,0,6815,104,47032,377,53847,481,2,69,38,623,81,5609,6,187,79
12-01-20,McMinn,2776,68,2635,60,141,8,2975,62,26622,188,29597,250,0,55,24,376,44,2345,0,97,58
12-01-20,McNairy,1421,10,1124,9,297,1,1501,12,11308,45,12809,57,0,33,-3,35,13,1353,0,49,35
12-01-20,Meigs,524,12,505,12,19,0,586,14,4796,57,5382,71,0,13,-4,51,16,460,0,25,13
12-01-20,Monroe,2297,58,2174,56,123,2,2479,64,17303,150,19782,214,0,44,37,302,21,1951,1,106,47
12-01-20,Montgomery,7055,124,6161,100,894,24,6952,104,66219,405,73171,509,0,85,0,495,124,6475,1,190,99
12-01-20,Moore,415,6,347,4,68,2,410,4,3359,34,3769,38,-1,2,3,44,4,369,0,7,3
12-01-20,Morgan,793,12,710,9,83,3,781,10,10946,58,11727,68,0,6,-15,125,27,662,0,14,8
12-01-20,Obion,2769,57,2222,36,547,21,2532,41,15065,132,17597,173,-1,50,10,281,48,2438,1,77,58
12-01-20,Out of State,6378,409,5661,379,717,30,6250,337,419630,2044,425880,2381,-2,54,179,1078,232,5246,0,125,36
12-01-20,Overton,1569,6,1309,6,260,0,1589,11,10402,44,11991,55,0,35,-3,71,9,1463,0,51,39
12-01-20,Pending,4549,165,3711,128,838,37,4198,130,265984,1696,270182,1826,0,22,22,607,143,3920,4,65,32
12-01-20,Perry,508,14,473,12,35,2,532,11,4705,22,5237,33,0,21,10,12,4,475,1,26,22
12-01-20,Pickett,395,2,274,2,121,0,338,3,2138,7,2476,10,1,14,-4,33,5,348,0,22,14
12-01-20,Polk,703,7,665,6,38,1,768,10,5540,46,6308,56,0,15,-6,54,13,634,0,35,15
12-01-20,Putnam,6088,79,5340,65,748,14,6595,74,47523,326,54118,400,1,83,30,376,48,5629,0,160,95
12-01-20,Rhea,1856,35,1763,30,93,5,2045,41,16563,133,18608,174,2,34,-10,211,43,1611,0,59,36
12-01-20,Roane,2529,58,2397,48,132,10,2714,56,28991,244,31705,300,0,29,25,292,33,2208,1,77,36
12-01-20,Robertson,3990,70,3835,65,155,5,4448,55,27961,215,32409,270,0,53,11,336,59,3601,0,238,59
12-01-20,Rutherford,18762,439,17992,280,770,159,21412,318,141745,1416,163157,1734,1,164,141,1366,297,17232,5,401,182
12-01-20,Scott,1174,53,812,28,362,25,873,20,7815,71,8688,91,0,7,25,209,28,958,1,32,10
12-01-20,Sequatchie,563,15,548,15,15,0,604,16,8178,91,8782,107,0,5,9,53,6,505,0,18,6
12-01-20,Sevier,5240,94,5042,92,198,2,5627,104,40959,327,46586,431,0,33,9,587,85,4620,1,157,48
12-01-20,Shelby,49416,609,48002,567,1414,42,59478,710,561214,4159,620692,4869,-2,671,144,3187,467,45558,10,2573,784
12-01-20,Smith,1493,10,1331,5,162,5,1699,8,8622,56,10321,64,0,20,-9,99,19,1374,0,45,19
12-01-20,Stewart,621,8,537,5,84,3,625,6,4600,21,5225,27,0,15,-3,52,11,554,0,19,20
12-01-20,Sullivan,6878,159,6320,153,558,6,6854,141,52081,565,58935,706,1,102,43,657,115,6119,2,458,128
12-01-20,Sumner,10409,219,10203,218,206,1,11720,226,75430,585,87150,811,0,137,17,1098,202,9174,7,553,155
12-01-20,Tipton,3780,67,3151,50,629,17,3857,59,31755,278,35612,337,0,39,-1,268,68,3473,0,117,47
12-01-20,Trousdale,1923,6,1894,4,29,2,2013,3,6637,21,8650,24,0,12,3,24,3,1887,1,33,12
12-01-20,Unicoi,931,19,812,12,119,7,909,12,9226,95,10135,107,0,26,12,117,7,788,1,51,28
12-01-20,Union,761,20,689,18,72,2,775,19,7066,68,7841,87,0,5,11,58,9,698,0,29,5
12-01-20,Van Buren,391,5,355,5,36,0,405,7,3613,17,4018,24,0,2,-3,41,8,348,0,11,3
12-01-20,Warren,2475,51,2241,40,234,11,2594,43,21223,173,23817,216,0,20,14,202,37,2253,0,42,23
12-01-20,Washington,6404,119,5993,98,411,21,6667,95,51157,366,57824,461,1,109,23,686,95,5609,1,252,120
12-01-20,Wayne,1973,18,1836,10,137,8,2007,10,8306,70,10313,80,0,10,-29,58,47,1905,0,31,12
12-01-20,Weakley,2234,19,1927,18,307,1,2221,20,15475,71,17696,91,-1,36,4,148,16,2050,0,47,38
12-01-20,White,1876,43,1642,29,234,14,2105,29,16090,90,18195,119,1,19,24,215,18,1642,0,79,22
12-01-20,Williamson,11984,186,11360,162,624,24,12917,174,113806,935,126723,1109,1,81,-85,937,270,10966,1,196,96
12-01-20,Wilson,7943,123,7670,109,273,14,8896,124,61884,425,70780,549,2,82,-22,683,143,7178,0,202,92
11-30-20,Anderson,3123,75,2920,71,203,4,3306,77,40492,253,43798,330,0,29,3,462,72,2632,0,89,37
11-30-20,Bedford,2883,65,2577,46,306,19,3049,50,20048,199,23097,249,2,32,13,312,50,2539,2,79,39
11-30-20,Benton,846,24,783,23,63,1,855,26,6626,69,7481,95,0,14,-2,104,26,728,0,26,21
11-30-20,Bledsoe,1195,5,1177,4,18,1,1254,5,10777,121,12031,126,0,5,-6,42,11,1148,0,26,5
11-30-20,Blount,5888,158,5525,139,363,19,6292,143,46157,447,52449,590,0,61,31,819,127,5008,3,196,68
11-30-20,Bradley,5510,119,5086,103,424,16,5923,119,38198,393,44121,512,1,35,13,648,105,4827,2,297,42
11-30-20,Campbell,1617,50,1281,36,336,14,1463,39,18462,74,19925,113,0,23,14,186,36,1408,0,75,26
11-30-20,Cannon,789,11,726,10,63,1,831,10,6106,32,6937,42,1,4,-9,98,19,687,0,20,5
11-30-20,Carroll,1774,24,1415,19,359,5,1697,23,15076,86,16773,109,0,34,-23,170,47,1570,0,59,39
11-30-20,Carter,2889,32,2676,29,213,3,2946,34,24433,172,27379,206,2,57,-43,291,73,2541,1,172,63
11-30-20,Cheatham,1656,22,1548,22,108,0,1812,24,16939,94,18751,118,0,17,-19,154,41,1485,0,48,17
11-30-20,Chester,1038,7,819,7,219,0,1032,9,7523,53,8555,62,0,21,-17,56,24,961,0,27,26
11-30-20,Claiborne,900,32,742,19,158,13,861,24,14785,139,15646,163,0,9,3,155,29,736,0,35,12
11-30-20,Clay,562,2,421,2,141,0,493,2,3973,13,4466,15,0,18,-11,40,13,504,0,19,22
11-30-20,Cocke,1663,26,1409,17,254,9,1589,20,13201,117,14790,137,0,30,6,135,20,1498,0,72,32
11-30-20,Coffee,2958,75,2368,36,590,39,2914,41,29483,280,32397,321,1,42,16,308,58,2608,0,69,48
11-30-20,Crockett,1165,6,837,5,328,1,1005,6,5266,24,6271,30,0,26,-7,40,13,1099,0,25,30
11-30-20,Cumberland,2665,17,2539,11,126,6,3018,11,33797,60,36815,71,0,36,-47,291,64,2338,0,104,45
11-30-20,Davidson,43738,540,43080,527,658,13,53219,621,579082,5600,632301,6221,1,421,-119,2298,658,41019,7,1439,444
11-30-20,Decatur,963,5,769,5,194,0,956,5,8470,56,9426,61,0,12,-32,49,37,902,0,27,16
11-30-20,Dekalb,1214,10,1037,8,177,2,1240,9,12108,116,13348,125,0,22,-18,133,28,1059,0,35,26
11-30-20,Dickson,3001,45,2450,40,551,5,3053,43,22570,212,25623,255,0,34,-16,324,61,2643,2,83,46
11-30-20,Dyer,3264,30,2553,27,711,3,2905,30,16528,99,19433,129,0,51,-15,225,45,2988,1,88,56
11-30-20,Fayette,2312,23,2205,22,107,1,2779,28,23637,137,26416,165,1,39,-9,195,31,2078,0,97,42
11-30-20,Fentress,1253,6,1122,4,131,2,1334,6,7434,93,8768,99,0,20,-9,102,15,1131,0,46,26
11-30-20,Franklin,2205,47,2018,41,187,6,2415,44,21748,184,24163,228,1,35,-9,239,55,1931,0,73,40
11-30-20,Gibson,3287,49,2319,41,968,8,2959,41,21046,157,24005,198,0,65,-11,330,60,2892,0,80,75
11-30-20,Giles,1527,38,1441,37,86,1,1670,31,14720,119,16390,150,0,49,6,135,32,1343,1,70,51
11-30-20,Grainger,1060,24,891,21,169,3,1028,21,9282,79,10310,100,-1,17,-1,184,26,859,1,45,23
11-30-20,Greene,3262,60,2971,55,291,5,3354,64,27213,227,30567,291,0,72,6,332,54,2858,2,137,77
11-30-20,Grundy,803,9,736,8,67,1,880,11,4744,83,5624,94,0,14,-7,42,16,747,0,44,14
11-30-20,Hamblen,3611,38,3167,27,444,11,3627,30,32338,134,35965,164,0,61,-46,382,84,3168,1,161,75
11-30-20,Hamilton,17402,429,16211,394,1191,35,18548,427,200324,2651,218872,3078,1,153,135,1065,293,16184,7,621,199
11-30-20,Hancock,186,6,154,2,32,4,172,2,2597,29,2769,31,0,3,2,36,4,147,1,13,4
11-30-20,Hardeman,2269,12,2076,8,193,4,2481,10,18785,67,21266,77,0,37,-7,80,19,2152,0,85,40
11-30-20,Hardin,1811,20,1421,10,390,10,1779,15,16773,147,18552,162,0,25,-11,105,31,1681,0,39,30
11-30-20,Hawkins,2046,38,1879,35,167,3,2072,35,17861,246,19933,281,0,34,-20,207,58,1805,1,97,36
11-30-20,Haywood,1645,6,1492,6,153,0,1705,6,9737,17,11442,23,0,30,-24,69,30,1546,0,58,31
11-30-20,Henderson,1899,31,1490,30,409,1,2038,29,12058,89,14096,118,0,34,0,150,31,1715,0,56,38
11-30-20,Henry,1579,21,1420,18,159,3,1654,22,13596,144,15250,166,0,19,-20,164,41,1396,0,55,23
11-30-20,Hickman,1223,23,1097,23,126,0,1326,22,10840,94,12166,116,0,19,-2,105,25,1099,0,31,20
11-30-20,Houston,593,2,495,2,98,0,575,2,5136,57,5711,59,0,20,-13,17,15,556,0,33,21
11-30-20,Humphreys,742,10,572,10,170,0,695,11,8070,90,8765,101,0,8,-4,61,14,673,0,23,8
11-30-20,Jackson,698,12,553,6,145,6,674,7,3740,34,4414,41,0,10,-3,40,15,648,0,26,16
11-30-20,Jefferson,2380,46,1983,24,397,22,2301,31,25075,89,27376,120,0,33,-5,295,51,2052,1,114,39
11-30-20,Johnson,1440,14,1360,14,80,0,1457,21,9834,100,11291,121,2,23,1,51,11,1366,0,45,26
11-30-20,Knox,19615,389,18574,374,1041,15,20606,429,201247,1808,221853,2237,1,150,27,1804,361,17661,3,647,183
11-30-20,Lake,1179,4,1109,4,70,0,1339,4,7730,72,9069,76,0,6,-11,31,15,1142,0,14,8
11-30-20,Lauderdale,2082,25,1741,24,341,1,2007,24,15545,49,17552,73,0,23,-4,105,29,1954,0,67,22
11-30-20,Lawrence,2825,116,2511,98,314,18,2794,98,18415,260,21209,358,0,34,50,301,66,2490,0,91,40
11-30-20,Lewis,788,17,744,14,44,3,805,13,7324,78,8129,91,0,14,3,61,14,713,0,25,16
11-30-20,Lincoln,1691,73,1459,67,232,6,1677,66,11624,181,13301,247,1,17,29,195,43,1479,3,50,24
11-30-20,Loudon,2364,39,2272,38,92,1,2524,37,21190,128,23714,165,0,19,2,217,37,2128,0,66,22
11-30-20,Macon,1859,2,1713,2,146,0,2083,2,10956,71,13039,73,0,28,-24,107,26,1724,0,96,32
11-30-20,Madison,5471,76,3548,63,1923,13,4650,58,38802,258,43452,316,1,111,-17,175,92,5185,0,246,138
11-30-20,Marion,1161,46,1102,38,59,8,1280,24,10628,197,11908,221,0,19,23,105,23,1037,0,71,21
11-30-20,Marshall,1806,34,1758,34,48,0,2009,34,15240,146,17249,180,2,22,-1,142,33,1642,1,45,23
11-30-20,Maury,6180,186,6001,177,179,9,6711,193,46655,792,53366,985,0,67,81,585,105,5528,3,181,79
11-30-20,McMinn,2708,57,2575,57,133,0,2913,57,26434,193,29347,250,0,55,-6,352,63,2301,3,97,58
11-30-20,McNairy,1411,10,1115,8,296,2,1489,13,11263,112,12752,125,0,33,-3,38,13,1340,0,49,35
11-30-20,Meigs,512,4,493,3,19,1,572,6,4739,30,5311,36,0,13,-7,55,11,444,0,25,13
11-30-20,Monroe,2239,54,2118,53,121,1,2415,57,17153,153,19568,210,0,44,4,265,50,1930,1,105,47
11-30-20,Montgomery,6931,139,6061,130,870,9,6848,136,65814,791,72662,927,2,85,-30,495,167,6351,2,189,96
11-30-20,Moore,409,13,343,7,66,6,406,9,3325,14,3731,23,0,3,5,41,8,365,0,7,3
11-30-20,Morgan,781,28,701,19,80,9,771,22,10888,70,11659,92,0,6,-8,140,36,635,0,14,8
11-30-20,Obion,2712,19,2186,18,526,1,2491,18,14933,57,17424,75,0,51,-42,271,61,2390,0,76,56
11-30-20,Out of State,5969,219,5282,204,687,15,5913,210,417586,2670,423499,2880,2,56,-20,899,237,5014,0,125,36
11-30-20,Overton,1563,3,1303,2,260,1,1578,2,10358,67,11936,69,0,35,-21,74,24,1454,0,51,38
11-30-20,Pending,4384,107,3583,97,801,10,4068,114,264288,1638,268356,1752,0,22,-80,585,187,3777,2,61,30
11-30-20,Perry,494,8,461,8,33,0,521,8,4683,14,5204,22,0,21,-9,2,17,471,0,25,22
11-30-20,Pickett,393,3,272,2,121,1,335,2,2131,48,2466,50,0,13,-6,37,9,343,1,22,14
11-30-20,Polk,696,13,659,13,37,0,758,16,5494,45,6252,61,0,15,0,60,13,621,0,35,15
11-30-20,Putnam,6009,39,5275,25,734,14,6521,29,47197,400,53718,429,0,82,-63,346,102,5581,0,160,95
11-30-20,Rhea,1821,40,1733,38,88,2,2004,40,16430,125,18434,165,1,32,1,221,38,1568,0,59,36
11-30-20,Roane,2471,56,2349,54,122,2,2658,54,28747,266,31405,320,0,29,1,267,55,2175,0,76,32
11-30-20,Robertson,3920,72,3770,71,150,1,4393,76,27746,314,32139,390,0,53,1,325,71,3542,0,238,59
11-30-20,Rutherford,18323,269,17712,247,611,22,21094,274,140329,1487,161423,1761,2,163,-74,1225,341,16935,0,396,180
11-30-20,Scott,1121,12,784,9,337,3,853,10,7744,55,8597,65,0,7,-44,184,56,930,0,31,9
11-30-20,Sequatchie,548,14,533,12,15,2,588,13,8087,82,8675,95,0,5,4,44,10,499,0,18,6
11-30-20,Sevier,5146,82,4950,76,196,6,5523,94,40632,333,46155,427,2,33,-48,578,128,4535,0,156,48
11-30-20,Shelby,48807,459,47435,444,1372,15,58768,551,557055,3883,615823,4434,13,673,-158,3043,604,45091,12,2563,772
11-30-20,Smith,1483,16,1326,14,157,2,1691,15,8566,53,10257,68,1,20,-5,108,20,1355,0,45,19
11-30-20,Stewart,613,10,532,10,81,0,619,10,4579,57,5198,67,0,15,-6,55,16,543,0,19,19
11-30-20,Sullivan,6719,109,6167,101,552,8,6713,96,51516,192,58229,288,4,101,-74,614,179,6004,18,456,124
11-30-20,Sumner,10190,209,9985,198,205,11,11494,216,74845,785,86339,1001,0,137,-18,1081,227,8972,2,546,154
11-30-20,Tipton,3713,31,3101,25,612,6,3798,30,31477,140,35275,170,0,39,-80,269,111,3405,0,117,45
11-30-20,Trousdale,1917,3,1890,3,27,0,2010,4,6616,35,8626,39,0,12,-2,21,5,1884,0,32,12
11-30-20,Unicoi,912,34,800,30,112,4,897,32,9131,79,10028,111,0,26,9,105,25,781,0,50,27
11-30-20,Union,741,18,671,16,70,2,756,17,6998,58,7754,75,0,5,5,47,13,689,0,29,5
11-30-20,Van Buren,386,4,350,3,36,1,398,3,3596,95,3994,98,0,2,-14,44,18,340,0,11,3
11-30-20,Warren,2424,15,2201,9,223,6,2551,10,21050,94,23601,104,0,20,-41,188,56,2216,0,42,22
11-30-20,Washington,6285,103,5895,101,390,2,6572,107,50791,385,57363,492,2,108,-35,663,136,5514,3,251,118
11-30-20,Wayne,1955,16,1826,14,129,2,1997,12,8236,54,10233,66,0,10,-18,87,34,1858,0,31,12
11-30-20,Weakley,2215,35,1909,26,306,9,2201,29,15404,97,17605,126,0,37,-10,144,45,2034,0,47,38
11-30-20,White,1833,24,1613,12,220,12,2076,15,16000,125,18076,140,0,18,-4,191,28,1624,0,79,20
11-30-20,Williamson,11798,172,11198,161,600,11,12743,177,112871,1112,125614,1289,0,80,-66,1022,238,10696,1,195,95
11-30-20,Wilson,7820,139,7561,137,259,2,8772,148,61459,742,70231,890,2,80,-42,705,179,7035,1,202,90
11-29-20,Anderson,3048,95,2849,93,199,2,3229,108,40239,436,43468,544,0,29,69,459,26,2560,1,89,35
11-29-20,Bedford,2818,67,2531,57,287,10,2999,62,19849,277,22848,339,0,30,44,299,23,2489,2,77,36
11-29-20,Benton,822,12,760,12,62,0,829,9,6557,22,7386,31,0,14,8,106,4,702,0,26,20
11-29-20,Bledsoe,1190,17,1173,16,17,1,1249,17,10656,53,11905,70,0,5,16,48,1,1137,0,26,5
11-29-20,Blount,5730,127,5386,68,344,59,6149,76,45710,481,51859,557,1,61,71,788,55,4881,1,193,68
11-29-20,Bradley,5391,163,4983,155,408,8,5804,166,37805,480,43609,646,-1,34,123,635,41,4722,4,295,41
11-29-20,Campbell,1567,25,1245,22,322,3,1424,23,18388,200,19812,223,0,23,15,172,10,1372,0,75,25
11-29-20,Cannon,778,10,716,10,62,0,821,10,6074,36,6895,46,0,3,7,107,3,668,0,20,5
11-29-20,Carroll,1750,24,1396,15,354,9,1674,14,14990,67,16664,81,0,34,2,193,22,1523,0,59,38
11-29-20,Carter,2857,100,2647,94,210,6,2912,103,24261,278,27173,381,0,55,73,334,27,2468,4,171,63
11-29-20,Cheatham,1634,40,1526,38,108,2,1788,45,16845,206,18633,251,0,17,23,173,17,1444,0,48,17
11-29-20,Chester,1031,9,812,6,219,3,1023,7,7470,38,8493,45,1,21,5,73,3,937,0,27,26
11-29-20,Claiborne,868,27,723,19,145,8,837,19,14646,54,15483,73,0,9,21,152,6,707,0,35,9
11-29-20,Clay,560,4,419,4,141,0,491,5,3960,35,4451,40,0,18,2,51,2,491,0,19,22
11-29-20,Cocke,1637,25,1392,25,245,0,1569,28,13084,107,14653,135,0,30,21,129,4,1478,0,72,31
11-29-20,Coffee,2883,57,2332,53,551,4,2873,58,29203,306,32076,364,0,41,30,292,27,2550,1,69,48
11-29-20,Crockett,1159,7,832,4,327,3,999,7,5242,15,6241,22,0,26,-1,47,8,1086,0,25,30
11-29-20,Cumberland,2648,76,2528,75,120,1,3007,82,33737,473,36744,555,0,36,61,338,15,2274,2,104,45
11-29-20,Davidson,43198,392,42553,380,645,12,52598,466,573482,5285,626080,5751,0,420,133,2417,259,40361,4,1432,440
11-29-20,Decatur,958,4,764,4,194,0,951,5,8414,44,9365,49,-1,12,5,81,0,865,0,27,16
11-29-20,Dekalb,1204,29,1029,22,175,7,1231,21,11992,55,13223,76,0,22,21,151,8,1031,0,35,25
11-29-20,Dickson,2956,27,2410,27,546,0,3010,28,22358,180,25368,208,1,34,-12,340,38,2582,1,81,45
11-29-20,Dyer,3234,30,2526,27,708,3,2875,24,16429,84,19304,108,0,51,14,240,16,2943,0,87,56
11-29-20,Fayette,2289,33,2183,31,106,2,2751,36,23500,114,26251,150,0,38,20,204,13,2047,0,97,42
11-29-20,Fentress,1247,21,1118,21,129,0,1328,22,7341,71,8669,93,0,20,20,111,1,1116,0,46,26
11-29-20,Franklin,2158,50,1977,49,181,1,2371,58,21564,164,23935,222,0,34,31,248,19,1876,1,73,38
11-29-20,Gibson,3238,48,2278,35,960,13,2918,38,20889,96,23807,134,0,65,17,341,31,2832,0,80,74
11-29-20,Giles,1489,13,1404,13,85,0,1639,20,14601,128,16240,148,0,49,0,129,13,1311,0,69,51
11-29-20,Grainger,1036,31,870,29,166,2,1007,29,9203,121,10210,150,1,18,22,185,8,833,0,44,23
11-29-20,Greene,3202,111,2916,97,286,14,3290,99,26986,630,30276,729,0,72,76,326,35,2804,5,135,77
11-29-20,Grundy,794,3,728,2,66,1,869,4,4661,32,5530,36,0,14,-3,49,6,731,0,44,14
11-29-20,Hamblen,3573,101,3140,101,433,0,3597,114,32204,426,35801,540,1,61,79,428,21,3084,1,160,74
11-29-20,Hamilton,16973,218,15817,192,1156,26,18121,204,197673,1394,215794,1598,0,152,39,930,179,15891,7,614,187
11-29-20,Hancock,180,9,152,9,28,0,170,9,2568,32,2738,41,0,3,6,34,3,143,0,12,4
11-29-20,Hardeman,2257,14,2068,13,189,1,2471,14,18718,45,21189,59,0,37,7,87,7,2133,0,85,40
11-29-20,Hardin,1791,14,1411,13,380,1,1764,16,16626,59,18390,75,0,25,7,116,7,1650,0,39,30
11-29-20,Hawkins,2008,49,1844,46,164,3,2037,49,17615,304,19652,353,0,34,26,227,23,1747,0,96,36
11-29-20,Haywood,1639,19,1486,19,153,0,1699,20,9720,54,11419,74,0,30,14,93,5,1516,0,58,31
11-29-20,Henderson,1868,21,1460,13,408,8,2009,14,11969,64,13978,78,1,34,6,150,14,1684,0,56,38
11-29-20,Henry,1558,35,1402,32,156,3,1632,40,13452,64,15084,104,0,19,20,184,15,1355,0,55,23
11-29-20,Hickman,1200,14,1074,13,126,1,1304,17,10746,85,12050,102,0,19,8,107,6,1074,0,31,20
11-29-20,Houston,591,3,493,3,98,0,573,3,5079,26,5652,29,0,20,1,30,2,541,0,33,20
11-29-20,Humphreys,732,18,562,17,170,1,684,17,7980,46,8664,63,0,8,16,65,2,659,0,23,8
11-29-20,Jackson,686,6,547,4,139,2,667,6,3706,19,4373,25,0,10,3,43,3,633,0,26,15
11-29-20,Jefferson,2334,58,1959,58,375,0,2270,61,24986,248,27256,309,1,33,43,300,14,2001,1,113,39
11-29-20,Johnson,1426,17,1346,17,80,0,1436,18,9734,15,11170,33,0,21,16,50,1,1355,1,45,26
11-29-20,Knox,19226,227,18200,218,1026,9,20177,256,199439,1510,219616,1766,0,149,35,1777,192,17300,5,644,180
11-29-20,Lake,1175,0,1105,0,70,0,1335,0,7658,11,8993,11,0,6,0,42,0,1127,0,14,8
11-29-20,Lauderdale,2057,20,1717,17,340,3,1983,17,15496,89,17479,106,0,23,10,109,10,1925,1,67,22
11-29-20,Lawrence,2709,21,2413,19,296,2,2696,24,18155,103,20851,127,0,34,-3,251,24,2424,2,91,39
11-29-20,Lewis,771,4,730,3,41,1,792,5,7246,34,8038,39,0,14,1,58,3,699,0,25,15
11-29-20,Lincoln,1618,15,1392,14,226,1,1611,16,11443,61,13054,77,1,16,-9,166,23,1436,0,47,23
11-29-20,Loudon,2325,38,2234,37,91,1,2487,38,21062,164,23549,202,0,19,21,215,17,2091,0,66,22
11-29-20,Macon,1857,13,1711,12,146,1,2081,18,10885,59,12966,77,0,28,0,131,13,1698,0,96,32
11-29-20,Madison,5395,36,3485,16,1910,20,4592,17,38544,123,43136,140,0,110,-7,192,43,5093,1,246,136
11-29-20,Marion,1115,12,1064,12,51,0,1256,12,10431,55,11687,67,0,19,8,82,4,1014,0,71,21
11-29-20,Marshall,1772,22,1724,22,48,0,1975,28,15094,159,17069,187,0,20,6,143,16,1609,1,44,23
11-29-20,Maury,5994,130,5824,128,170,2,6518,153,45863,500,52381,653,0,67,52,504,78,5423,2,178,77
11-29-20,McMinn,2651,89,2518,89,133,0,2856,93,26241,287,29097,380,0,55,61,358,28,2238,0,94,58
11-29-20,McNairy,1401,6,1107,6,294,0,1476,7,11151,45,12627,52,0,33,3,41,3,1327,0,49,35
11-29-20,Meigs,508,11,490,11,18,0,566,11,4709,54,5275,65,0,13,6,62,5,433,0,25,13
11-29-20,Monroe,2185,28,2065,24,120,4,2358,26,17000,117,19358,143,0,44,16,261,12,1880,0,104,46
11-29-20,Montgomery,6792,160,5931,150,861,10,6712,167,65023,729,71735,896,0,83,89,525,71,6184,0,187,95
11-29-20,Moore,396,3,336,3,60,0,397,4,3311,28,3708,32,0,3,2,36,1,357,0,7,3
11-29-20,Morgan,753,14,682,14,71,0,749,15,10818,53,11567,68,0,6,12,148,2,599,0,14,8
11-29-20,Obion,2693,36,2168,28,525,8,2473,27,14876,72,17349,99,1,51,26,313,9,2329,0,76,56
11-29-20,Out of State,5750,135,5078,112,672,23,5703,111,414916,2356,420619,2467,2,54,31,919,102,4777,0,125,34
11-29-20,Overton,1560,10,1301,10,259,0,1576,11,10291,41,11867,52,0,35,1,95,9,1430,0,51,38
11-29-20,Pending,4277,79,3486,69,791,10,3954,77,262650,1379,266604,1456,0,22,11,665,68,3590,0,59,29
11-29-20,Perry,486,4,453,4,33,0,513,6,4669,21,5182,27,0,21,2,11,2,454,0,25,22
11-29-20,Pickett,390,3,270,1,120,2,333,1,2083,11,2416,12,0,13,2,43,1,334,0,21,13
11-29-20,Polk,683,8,646,8,37,0,742,10,5449,54,6191,64,0,15,7,60,1,608,0,35,15
11-29-20,Putnam,5970,55,5250,48,720,7,6492,58,46797,339,53289,397,0,82,33,409,22,5479,0,160,95
11-29-20,Rhea,1781,69,1695,68,86,1,1964,73,16305,287,18269,360,0,31,56,220,13,1530,0,59,36
11-29-20,Roane,2415,43,2295,43,120,0,2604,45,28481,182,31085,227,0,29,34,266,9,2120,1,76,32
11-29-20,Robertson,3848,74,3699,74,149,0,4317,84,27432,283,31749,367,0,53,37,324,37,3471,1,238,58
11-29-20,Rutherford,18054,219,17465,204,589,15,20820,238,138842,1261,159662,1499,0,161,48,1299,171,16594,0,396,178
11-29-20,Scott,1109,11,775,8,334,3,843,9,7689,62,8532,71,0,7,0,228,11,874,0,31,9
11-29-20,Sequatchie,534,7,521,7,13,0,575,6,8005,36,8580,42,0,5,2,40,5,489,0,18,6
11-29-20,Sevier,5064,199,4874,198,190,1,5429,209,40299,846,45728,1055,0,31,169,626,30,4407,0,156,48
11-29-20,Shelby,48348,417,46991,392,1357,25,58217,442,553172,2868,611389,3310,2,660,94,3201,321,44487,5,2551,765
11-29-20,Smith,1467,30,1312,29,155,1,1676,38,8513,92,10189,130,0,19,20,113,10,1335,0,45,19
11-29-20,Stewart,603,9,522,9,81,0,609,9,4522,42,5131,51,0,15,6,61,3,527,0,19,19
11-29-20,Sullivan,6610,136,6066,127,544,9,6617,139,51324,568,57941,707,1,97,5,688,130,5825,6,438,121
11-29-20,Sumner,9981,196,9787,194,194,2,11278,210,74060,690,85338,900,0,137,90,1099,106,8745,3,544,151
11-29-20,Tipton,3682,76,3076,60,606,16,3768,68,31337,263,35105,331,1,39,50,349,25,3294,0,117,44
11-29-20,Trousdale,1914,9,1887,9,27,0,2006,12,6581,23,8587,35,0,12,4,23,5,1879,0,32,12
11-29-20,Unicoi,878,17,770,16,108,1,865,19,9052,76,9917,95,0,26,10,96,7,756,1,50,27
11-29-20,Union,723,6,655,5,68,1,739,6,6940,24,7679,30,0,5,-1,42,7,676,0,29,5
11-29-20,Van Buren,382,8,347,8,35,0,395,9,3501,29,3896,38,0,2,2,58,6,322,0,11,3
11-29-20,Warren,2409,22,2192,21,217,1,2541,23,20956,123,23497,146,0,20,10,229,12,2160,0,42,22
11-29-20,Washington,6182,159,5794,150,388,9,6465,182,50406,695,56871,877,0,106,80,698,79,5378,4,248,116
11-29-20,Wayne,1939,9,1812,9,127,0,1985,11,8182,45,10167,56,0,10,3,105,6,1824,0,31,12
11-29-20,Weakley,2180,26,1883,21,297,5,2172,23,15307,49,17479,72,0,37,13,154,13,1989,1,47,38
11-29-20,White,1809,40,1601,35,208,5,2061,37,15875,90,17936,127,0,18,33,195,7,1596,0,79,19
11-29-20,Williamson,11626,132,11037,123,589,9,12566,147,111759,1053,124325,1200,0,80,24,1088,108,10458,0,194,91
11-29-20,Wilson,7681,177,7424,175,257,2,8624,190,60717,626,69341,816,0,78,79,747,98,6856,2,201,87
11-28-20,Anderson,2953,33,2756,27,197,6,3121,34,39803,142,42924,176,1,29,7,390,25,2534,2,88,35
11-28-20,Bedford,2751,34,2474,27,277,7,2937,37,19572,124,22509,161,0,30,3,255,31,2466,0,75,36
11-28-20,Benton,810,10,748,6,62,4,820,6,6535,25,7355,31,0,14,2,98,8,698,0,26,19
11-28-20,Bledsoe,1173,6,1157,6,16,0,1232,8,10603,104,11835,112,0,5,5,32,1,1136,0,26,5
11-28-20,Blount,5603,91,5318,78,285,13,6073,81,45229,213,51302,294,0,60,38,717,53,4826,1,192,67
11-28-20,Bradley,5228,85,4828,72,400,13,5638,70,37325,220,42963,290,0,35,26,512,59,4681,4,291,40
11-28-20,Campbell,1542,9,1223,5,319,4,1401,6,18188,39,19589,45,0,23,1,157,8,1362,1,75,25
11-28-20,Cannon,768,23,706,22,62,1,811,22,6038,50,6849,72,0,3,20,100,3,665,0,20,4
11-28-20,Carroll,1726,19,1381,8,345,11,1660,10,14923,34,16583,44,0,34,5,191,14,1501,0,59,37
11-28-20,Carter,2757,46,2553,41,204,5,2809,39,23983,179,26792,218,0,55,23,261,23,2441,2,167,62
11-28-20,Cheatham,1594,26,1488,25,106,1,1743,25,16639,89,18382,114,0,17,7,150,19,1427,0,48,17
11-28-20,Chester,1022,6,806,4,216,2,1016,4,7432,12,8448,16,0,20,-1,68,7,934,0,27,26
11-28-20,Claiborne,841,11,704,10,137,1,818,9,14592,35,15410,44,0,9,8,131,3,701,1,35,9
11-28-20,Clay,556,5,415,5,141,0,486,6,3925,23,4411,29,0,18,2,49,3,489,0,19,22
11-28-20,Cocke,1612,14,1367,6,245,8,1541,9,12977,47,14518,56,0,30,-2,108,16,1474,0,72,31
11-28-20,Coffee,2826,43,2279,25,547,18,2815,31,28897,171,31712,202,0,41,17,262,26,2523,1,68,48
11-28-20,Crockett,1152,11,828,10,324,1,992,14,5227,15,6219,29,0,26,7,48,4,1078,0,25,30
11-28-20,Cumberland,2572,54,2453,54,119,0,2925,58,33264,306,36189,364,0,36,38,277,16,2259,0,102,45
11-28-20,Davidson,42806,442,42173,427,633,15,52132,498,568197,3943,620329,4441,1,420,165,2284,276,40102,7,1428,439
11-28-20,Decatur,954,8,760,5,194,3,946,5,8370,11,9316,16,0,13,-2,76,10,865,0,27,15
11-28-20,Dekalb,1175,26,1007,22,168,4,1210,23,11937,115,13147,138,0,22,15,130,11,1023,0,35,25
11-28-20,Dickson,2929,66,2383,42,546,24,2982,56,22178,223,25160,279,0,33,28,352,38,2544,2,80,45
11-28-20,Dyer,3204,22,2499,8,705,14,2851,13,16345,38,19196,51,0,51,8,226,14,2927,0,87,56
11-28-20,Fayette,2256,36,2152,36,104,0,2715,43,23386,159,26101,202,0,38,30,184,6,2034,2,97,42
11-28-20,Fentress,1226,20,1097,20,129,0,1306,23,7270,53,8576,76,0,20,14,91,6,1115,1,46,26
11-28-20,Franklin,2108,39,1928,32,180,7,2313,33,21400,133,23713,166,0,34,19,217,20,1857,1,72,37
11-28-20,Gibson,3190,42,2243,22,947,20,2880,23,20793,107,23673,130,1,65,5,324,36,2801,3,80,73
11-28-20,Giles,1476,27,1391,23,85,4,1619,27,14473,79,16092,106,0,49,9,129,18,1298,1,69,51
11-28-20,Grainger,1005,7,841,6,164,1,978,6,9082,19,10060,25,1,17,-2,163,8,825,0,44,23
11-28-20,Greene,3091,68,2819,52,272,16,3191,60,26356,226,29547,286,0,72,14,250,54,2769,2,130,77
11-28-20,Grundy,791,11,726,7,65,4,865,9,4629,16,5494,25,0,14,7,52,4,725,0,44,14
11-28-20,Hamblen,3472,38,3039,30,433,8,3483,24,31778,77,35261,101,0,60,19,349,19,3063,1,159,73
11-28-20,Hamilton,16755,209,15625,179,1130,30,17917,199,196279,1209,214196,1408,0,152,16,891,193,15712,7,607,184
11-28-20,Hancock,171,8,143,5,28,3,161,5,2536,14,2697,19,0,3,6,28,2,140,0,12,4
11-28-20,Hardeman,2243,8,2055,4,188,4,2457,6,18673,35,21130,41,0,37,3,80,5,2126,0,85,40
11-28-20,Hardin,1777,13,1398,9,379,4,1748,6,16567,26,18315,32,0,25,1,109,12,1643,0,39,30
11-28-20,Hawkins,1959,37,1798,32,161,5,1988,31,17311,227,19299,258,0,34,18,201,19,1724,0,96,36
11-28-20,Haywood,1620,6,1467,3,153,3,1679,4,9666,28,11345,32,0,30,-3,79,9,1511,0,58,31
11-28-20,Henderson,1847,11,1447,8,400,3,1995,8,11905,24,13900,32,0,33,-1,144,12,1670,0,56,37
11-28-20,Henry,1523,11,1370,9,153,2,1592,13,13388,30,14980,43,2,19,1,164,8,1340,1,55,23
11-28-20,Hickman,1186,17,1061,15,125,2,1287,15,10661,84,11948,99,0,19,5,99,12,1068,0,31,19
11-28-20,Houston,588,0,490,0,98,0,570,0,5053,8,5623,8,0,20,-2,29,2,539,0,33,20
11-28-20,Humphreys,714,15,545,12,169,3,667,13,7934,62,8601,75,0,8,8,49,7,657,1,23,8
11-28-20,Jackson,680,7,543,7,137,0,661,7,3687,30,4348,37,0,10,4,40,3,630,0,26,14
11-28-20,Jefferson,2276,34,1901,16,375,18,2209,16,24738,72,26947,88,0,32,16,257,18,1987,3,112,39
11-28-20,Johnson,1409,1,1329,1,80,0,1418,2,9719,50,11137,52,0,21,-2,34,3,1354,0,44,25
11-28-20,Knox,18999,272,17982,258,1017,14,19921,300,197929,1930,217850,2230,0,149,73,1742,199,17108,8,639,174
11-28-20,Lake,1175,4,1105,3,70,1,1335,3,7647,10,8982,13,0,6,2,42,2,1127,0,14,8
11-28-20,Lauderdale,2037,6,1700,3,337,3,1966,3,15407,36,17373,39,0,23,-7,99,13,1915,0,66,22
11-28-20,Lawrence,2688,24,2394,22,294,2,2672,28,18052,163,20724,191,0,34,1,254,23,2400,1,89,39
11-28-20,Lewis,767,15,727,11,40,4,787,12,7212,38,7999,50,0,14,12,57,3,696,0,25,15
11-28-20,Lincoln,1603,20,1378,16,225,4,1595,18,11382,75,12977,93,1,15,6,175,13,1413,0,47,22
11-28-20,Loudon,2287,24,2197,23,90,1,2449,25,20898,142,23347,167,0,19,8,194,16,2074,0,66,22
11-28-20,Macon,1844,30,1699,30,145,0,2063,39,10826,110,12889,149,0,28,19,131,11,1685,0,96,32
11-28-20,Madison,5359,60,3469,25,1890,35,4575,29,38421,186,42996,215,0,110,-3,199,63,5050,0,245,135
11-28-20,Marion,1103,11,1052,11,51,0,1244,14,10376,77,11620,91,0,19,2,74,9,1010,0,71,20
11-28-20,Marshall,1750,25,1702,19,48,6,1947,23,14935,116,16882,139,0,20,5,137,20,1593,0,43,23
11-28-20,Maury,5864,49,5696,43,168,6,6365,46,45363,183,51728,229,0,67,-12,452,61,5345,1,176,76
11-28-20,McMinn,2562,58,2429,49,133,9,2763,50,25954,113,28717,163,0,55,31,297,27,2210,0,94,58
11-28-20,McNairy,1395,9,1101,4,294,5,1469,3,11106,17,12575,20,0,33,7,38,2,1324,0,49,35
11-28-20,Meigs,497,12,479,9,18,3,555,7,4655,18,5210,25,0,13,9,56,3,428,1,25,13
11-28-20,Monroe,2157,62,2041,32,116,30,2332,38,16883,76,19215,114,0,44,43,245,19,1868,3,104,45
11-28-20,Montgomery,6632,86,5781,84,851,2,6545,88,64294,468,70839,556,0,83,9,436,77,6113,0,187,92
11-28-20,Moore,393,5,333,4,60,1,393,5,3283,14,3676,19,0,3,2,34,3,356,0,7,3
11-28-20,Morgan,739,13,668,10,71,3,734,7,10765,29,11499,36,0,6,10,136,3,597,0,14,8
11-28-20,Obion,2657,29,2140,16,517,13,2446,21,14804,47,17250,68,1,50,5,287,23,2320,1,76,55
11-28-20,Out of State,5615,113,4966,98,649,15,5592,122,412560,2527,418152,2649,1,52,40,888,72,4675,1,125,34
11-28-20,Overton,1550,16,1291,16,259,0,1565,17,10250,63,11815,80,0,35,8,94,8,1421,0,51,38
11-28-20,Pending,4198,106,3417,82,781,24,3877,93,261271,1295,265148,1388,0,22,36,654,70,3522,1,59,29
11-28-20,Perry,482,6,449,6,33,0,507,6,4648,14,5155,20,0,21,5,9,1,452,0,25,22
11-28-20,Pickett,387,7,269,7,118,0,332,7,2072,13,2404,20,0,13,7,41,0,333,0,21,13
11-28-20,Polk,675,18,638,18,37,0,732,15,5395,28,6127,43,0,15,16,53,2,607,0,35,15
11-28-20,Putnam,5915,82,5202,75,713,7,6434,86,46458,460,52892,546,0,82,67,376,15,5457,0,160,92
11-28-20,Rhea,1712,33,1627,31,85,2,1891,35,16018,112,17909,147,0,31,14,164,19,1517,0,59,35
11-28-20,Roane,2372,27,2252,25,120,2,2559,27,28299,127,30858,154,0,29,11,232,16,2111,0,75,32
11-28-20,Robertson,3774,49,3625,48,149,1,4233,52,27149,196,31382,248,1,53,3,287,45,3434,0,237,58
11-28-20,Rutherford,17835,265,17261,255,574,10,20582,272,137581,980,158163,1252,1,161,98,1251,166,16423,1,396,176
11-28-20,Scott,1098,29,767,11,331,18,834,12,7627,58,8461,70,0,7,13,228,16,863,0,31,9
11-28-20,Sequatchie,527,9,514,9,13,0,569,11,7969,47,8538,58,0,5,6,38,3,484,0,18,6
11-28-20,Sevier,4865,34,4676,32,189,2,5220,39,39453,233,44673,272,0,31,-7,457,41,4377,0,156,45
11-28-20,Shelby,47931,422,46599,404,1332,18,57775,483,550304,4096,608079,4579,0,658,132,3107,290,44166,5,2546,756
11-28-20,Smith,1437,9,1283,7,154,2,1638,6,8421,50,10059,56,0,19,-5,93,14,1325,0,45,18
11-28-20,Stewart,594,10,513,10,81,0,600,12,4480,54,5080,66,0,15,8,55,2,524,0,19,18
11-28-20,Sullivan,6474,141,5939,130,535,11,6478,143,50756,795,57234,938,0,96,50,683,91,5695,0,432,119
11-28-20,Sumner,9785,123,9593,120,192,3,11068,139,73370,465,84438,604,1,137,15,1009,107,8639,0,541,151
11-28-20,Tipton,3606,27,3016,18,590,9,3700,18,31074,99,34774,117,0,38,-6,299,33,3269,0,117,44
11-28-20,Trousdale,1905,2,1878,2,27,0,1994,4,6558,34,8552,38,0,12,-1,19,3,1874,0,32,12
11-28-20,Unicoi,861,17,754,16,107,1,846,17,8976,102,9822,119,0,26,9,86,8,749,1,49,27
11-28-20,Union,717,3,650,3,67,0,733,3,6916,20,7649,23,0,5,-1,43,4,669,1,29,5
11-28-20,Van Buren,374,15,339,13,35,2,386,14,3472,66,3858,80,0,2,9,56,6,316,0,11,3
11-28-20,Warren,2387,63,2171,57,216,6,2518,64,20833,288,23351,352,1,20,50,219,12,2148,1,42,22
11-28-20,Washington,6023,135,5644,115,379,20,6283,112,49711,448,55994,560,0,106,77,618,58,5299,3,244,114
11-28-20,Wayne,1930,22,1803,8,127,14,1974,8,8137,42,10111,50,0,10,8,102,14,1818,1,31,12
11-28-20,Weakley,2154,24,1862,16,292,8,2149,14,15258,62,17407,76,1,37,12,141,11,1976,0,46,38
11-28-20,White,1769,45,1566,36,203,9,2024,38,15785,128,17809,166,0,18,37,162,8,1589,0,79,19
11-28-20,Williamson,11494,218,10914,214,580,4,12419,240,110706,1339,123125,1579,1,80,88,1064,129,10350,0,194,90
11-28-20,Wilson,7504,93,7249,87,255,6,8434,92,60091,326,68525,418,0,78,10,668,83,6758,1,199,87
11-27-20,Anderson,2920,98,2729,89,191,9,3087,87,39661,428,42748,515,0,28,54,383,44,2509,3,86,35
11-27-20,Bedford,2717,41,2447,37,270,4,2900,46,19448,101,22348,147,0,30,5,252,36,2435,0,75,33
11-27-20,Benton,800,21,742,18,58,3,814,20,6510,47,7324,67,0,14,-2,96,23,690,0,26,18
11-27-20,Bledsoe,1167,10,1151,10,16,0,1224,10,10499,28,11723,38,0,5,5,27,5,1135,0,26,5
11-27-20,Blount,5512,84,5240,76,272,8,5992,84,45016,316,51008,400,0,60,-56,679,140,4773,3,191,66
11-27-20,Bradley,5143,101,4756,94,387,7,5568,102,37105,424,42673,526,0,35,8,486,93,4622,2,287,39
11-27-20,Campbell,1533,22,1218,19,315,3,1395,19,18149,109,19544,128,0,23,-1,156,23,1354,0,74,25
11-27-20,Cannon,745,20,684,18,61,2,789,21,5988,46,6777,67,0,3,6,80,14,662,2,20,4
11-27-20,Carroll,1707,38,1373,25,334,13,1650,30,14889,80,16539,110,0,34,16,186,22,1487,0,59,37
11-27-20,Carter,2711,71,2512,65,199,6,2770,72,23804,165,26574,237,0,55,8,238,63,2418,5,165,59
11-27-20,Cheatham,1568,21,1463,16,105,5,1718,22,16550,58,18268,80,0,17,5,143,16,1408,0,48,17
11-27-20,Chester,1016,12,802,9,214,3,1012,11,7420,33,8432,44,0,20,-6,69,18,927,0,27,26
11-27-20,Claiborne,830,39,694,38,136,1,809,36,14557,82,15366,118,0,9,24,123,15,698,1,34,8
11-27-20,Clay,551,10,410,9,141,1,480,10,3902,13,4382,23,0,18,-3,47,13,486,0,19,21
11-27-20,Cocke,1598,10,1361,5,237,5,1532,6,12930,108,14462,114,0,30,-2,110,12,1458,1,72,31
11-27-20,Coffee,2783,19,2254,18,529,1,2784,21,28726,70,31510,91,0,41,-23,245,42,2497,0,67,48
11-27-20,Crockett,1141,14,818,11,323,3,978,12,5212,24,6190,36,0,26,6,41,8,1074,0,25,30
11-27-20,Cumberland,2518,50,2399,50,119,0,2867,61,32958,278,35825,339,1,36,11,239,38,2243,0,102,43
11-27-20,Davidson,42364,577,41746,563,618,14,51634,698,564254,4787,615888,5485,0,419,141,2119,436,39826,7,1421,436
11-27-20,Decatur,946,9,755,7,191,2,941,11,8359,44,9300,55,0,13,-5,78,14,855,0,27,15
11-27-20,Dekalb,1149,34,985,29,164,5,1187,30,11822,96,13009,126,0,22,12,115,22,1012,0,35,25
11-27-20,Dickson,2863,49,2341,35,522,14,2926,37,21955,129,24881,166,0,33,7,324,42,2506,0,78,44
11-27-20,Dyer,3182,38,2491,26,691,12,2838,32,16307,83,19145,115,0,51,7,218,31,2913,0,87,56
11-27-20,Fayette,2220,46,2116,43,104,3,2672,53,23227,195,25899,248,0,38,23,154,23,2028,1,95,42
11-27-20,Fentress,1206,14,1077,14,129,0,1283,18,7217,58,8500,76,0,20,-6,77,20,1109,0,45,25
11-27-20,Franklin,2069,42,1896,41,173,1,2280,41,21267,124,23547,165,0,34,-7,198,49,1837,0,71,37
11-27-20,Gibson,3148,54,2221,45,927,9,2857,49,20686,126,23543,175,-1,64,-2,319,57,2765,1,77,71
11-27-20,Giles,1449,25,1368,18,81,7,1592,20,14394,66,15986,86,0,49,0,120,25,1280,0,68,51
11-27-20,Grainger,998,46,835,44,163,2,972,50,9063,110,10035,160,0,16,37,165,9,817,0,44,23
11-27-20,Greene,3023,45,2767,44,256,1,3131,51,26130,180,29261,231,0,72,-5,236,50,2715,1,128,76
11-27-20,Grundy,780,10,719,10,61,0,856,11,4613,18,5469,29,0,14,1,45,9,721,0,44,14
11-27-20,Hamblen,3434,57,3009,50,425,7,3459,54,31701,363,35160,417,0,60,27,330,30,3044,0,158,73
11-27-20,Hamilton,16546,153,15446,144,1100,9,17718,176,195070,1056,212788,1232,0,152,-46,875,199,15519,3,600,180
11-27-20,Hancock,163,8,138,6,25,2,156,7,2522,17,2678,24,0,3,6,22,2,138,0,12,4
11-27-20,Hardeman,2235,14,2051,9,184,5,2451,10,18638,56,21089,66,0,37,1,77,13,2121,0,85,40
11-27-20,Hardin,1764,29,1389,9,375,20,1742,9,16541,36,18283,45,0,25,10,108,19,1631,0,39,30
11-27-20,Hawkins,1922,37,1766,36,156,1,1957,41,17084,184,19041,225,0,34,7,183,30,1705,0,96,35
11-27-20,Haywood,1614,16,1464,15,150,1,1675,17,9638,93,11313,110,0,30,0,82,16,1502,0,58,31
11-27-20,Henderson,1836,36,1439,29,397,7,1987,26,11881,53,13868,79,0,33,12,145,24,1658,0,56,37
11-27-20,Henry,1512,35,1361,26,151,9,1579,29,13358,85,14937,114,0,17,-3,163,38,1332,1,54,23
11-27-20,Hickman,1169,9,1046,7,123,2,1272,9,10577,42,11849,51,1,19,-12,94,20,1056,0,31,19
11-27-20,Houston,588,2,490,1,98,1,570,3,5045,11,5615,14,0,20,-1,31,3,537,0,33,20
11-27-20,Humphreys,699,11,533,4,166,7,654,5,7872,27,8526,32,-1,8,3,41,9,650,0,22,8
11-27-20,Jackson,673,5,536,4,137,1,654,6,3657,26,4311,32,0,10,-1,36,6,627,0,26,14
11-27-20,Jefferson,2242,32,1885,31,357,1,2193,32,24666,159,26859,191,0,32,2,241,30,1969,0,109,38
11-27-20,Johnson,1408,10,1328,9,80,1,1416,8,9669,32,11085,40,0,21,-3,36,13,1351,4,44,25
11-27-20,Knox,18727,241,17724,219,1003,22,19621,247,195999,1243,215620,1490,3,149,2,1669,236,16909,12,631,170
11-27-20,Lake,1171,9,1102,6,69,3,1332,7,7637,8,8969,15,0,6,-3,40,12,1125,0,14,8
11-27-20,Lauderdale,2031,19,1697,13,334,6,1963,20,15371,125,17334,145,0,23,-14,106,33,1902,0,66,22
11-27-20,Lawrence,2664,47,2372,31,292,16,2644,42,17889,104,20533,146,0,34,4,253,43,2377,0,88,38
11-27-20,Lewis,752,11,716,9,36,2,775,6,7174,35,7949,41,0,14,3,45,8,693,0,25,15
11-27-20,Lincoln,1583,42,1362,31,221,11,1577,35,11307,65,12884,100,0,14,5,169,37,1400,2,47,21
11-27-20,Loudon,2263,21,2174,20,89,1,2424,22,20756,132,23180,154,1,19,2,186,18,2058,0,66,22
11-27-20,Macon,1814,24,1669,22,145,2,2024,30,10716,64,12740,94,0,28,-11,112,35,1674,1,96,32
11-27-20,Madison,5299,54,3444,31,1855,23,4546,31,38235,86,42781,117,2,110,-34,202,86,4987,0,245,133
11-27-20,Marion,1092,12,1041,12,51,0,1230,12,10299,37,11529,49,0,19,7,72,5,1001,0,71,20
11-27-20,Marshall,1725,20,1683,19,42,1,1924,24,14819,62,16743,86,0,20,-5,132,25,1573,0,43,22
11-27-20,Maury,5815,26,5653,14,162,12,6319,25,45180,95,51499,120,-1,67,-72,464,99,5284,1,175,75
11-27-20,McMinn,2504,79,2380,65,124,14,2713,73,25841,255,28554,328,0,55,35,266,44,2183,0,94,57
11-27-20,McNairy,1386,8,1097,6,289,2,1466,5,11089,51,12555,56,0,33,-12,31,20,1322,0,49,35
11-27-20,Meigs,485,8,470,8,15,0,548,7,4637,34,5185,41,0,13,-1,47,9,425,0,24,13
11-27-20,Monroe,2095,35,2009,34,86,1,2294,31,16807,127,19101,158,0,44,2,202,33,1849,0,101,45
11-27-20,Montgomery,6546,76,5697,54,849,22,6457,59,63826,205,70283,264,0,83,-29,427,105,6036,0,187,90
11-27-20,Moore,388,4,329,3,59,1,388,5,3269,11,3657,16,0,3,0,32,4,353,0,7,3
11-27-20,Morgan,726,18,658,12,68,6,727,11,10736,48,11463,59,0,6,11,126,7,594,0,14,8
11-27-20,Obion,2628,45,2124,31,504,14,2425,29,14757,74,17182,103,0,49,2,282,43,2297,1,75,55
11-27-20,Out of State,5502,270,4868,238,634,32,5470,231,410033,2003,415503,2234,0,51,123,848,147,4603,1,124,34
11-27-20,Overton,1534,10,1275,8,259,2,1548,10,10187,54,11735,64,0,35,3,86,7,1413,0,51,38
11-27-20,Pending,4092,118,3335,92,757,26,3784,100,259976,1334,263760,1434,0,22,28,618,90,3452,0,58,27
11-27-20,Perry,476,3,443,2,33,1,501,4,4634,13,5135,17,0,21,-9,4,12,451,0,25,22
11-27-20,Pickett,380,2,262,2,118,0,325,2,2059,15,2384,17,0,13,-2,34,4,333,0,21,13
11-27-20,Polk,657,10,620,9,37,1,717,10,5367,47,6084,57,0,15,5,37,5,605,1,35,15
11-27-20,Putnam,5833,68,5127,64,706,4,6348,73,45998,431,52346,504,0,82,22,309,46,5442,0,160,90
11-27-20,Rhea,1679,55,1596,55,83,0,1856,55,15906,198,17762,253,0,31,14,150,41,1498,0,59,34
11-27-20,Roane,2345,43,2227,37,118,6,2532,38,28172,169,30704,207,0,29,5,221,38,2095,1,75,32
11-27-20,Robertson,3725,34,3577,32,148,2,4181,38,26953,140,31134,178,0,52,-28,284,62,3389,0,237,57
11-27-20,Rutherford,17570,242,17006,217,564,25,20310,249,136601,969,156911,1218,1,160,-7,1153,248,16257,2,395,174
11-27-20,Scott,1069,35,756,25,313,10,822,24,7569,58,8391,82,0,7,0,215,35,847,0,31,9
11-27-20,Sequatchie,518,4,505,4,13,0,558,6,7922,38,8480,44,0,5,-5,32,9,481,0,18,6
11-27-20,Sevier,4831,81,4644,81,187,0,5181,82,39220,400,44401,482,0,31,-2,464,83,4336,0,156,44
11-27-20,Shelby,47509,661,46195,636,1314,25,57292,769,546208,4496,603500,5265,0,658,133,2975,528,43876,6,2541,752
11-27-20,Smith,1428,22,1276,21,152,1,1632,29,8371,76,10003,105,0,19,-4,98,26,1311,0,45,18
11-27-20,Stewart,584,5,503,5,81,0,588,6,4426,5,5014,11,0,15,-2,47,7,522,1,19,18
11-27-20,Sullivan,6333,63,5809,53,524,10,6335,60,49961,193,56296,253,0,96,-40,633,103,5604,1,432,117
11-27-20,Sumner,9662,139,9473,136,189,3,10929,159,72905,421,83834,580,0,136,-27,994,166,8532,0,541,148
11-27-20,Tipton,3579,57,2998,50,581,7,3682,58,30975,284,34657,342,0,38,-5,305,62,3236,0,117,44
11-27-20,Trousdale,1903,2,1876,1,27,1,1990,2,6524,16,8514,18,0,12,-4,20,6,1871,1,32,12
11-27-20,Unicoi,844,13,738,13,106,0,829,14,8874,36,9703,50,0,26,-1,77,14,741,2,48,27
11-27-20,Union,714,9,647,8,67,1,730,9,6896,41,7626,50,0,5,2,44,7,665,0,28,5
11-27-20,Van Buren,359,7,326,7,33,0,372,8,3406,29,3778,37,0,2,-5,47,12,310,1,11,3
11-27-20,Warren,2324,45,2114,45,210,0,2454,52,20545,213,22999,265,0,19,9,169,36,2136,0,41,22
11-27-20,Washington,5888,124,5529,118,359,6,6171,146,49263,525,55434,671,0,106,51,541,73,5241,8,241,112
11-27-20,Wayne,1908,28,1795,19,113,9,1966,22,8095,45,10061,67,0,10,9,94,19,1804,1,30,12
11-27-20,Weakley,2130,26,1846,18,284,8,2135,19,15196,86,17331,105,0,36,-15,129,41,1965,0,46,38
11-27-20,White,1724,31,1530,21,194,10,1986,31,15657,107,17643,138,0,18,11,125,20,1581,0,79,19
11-27-20,Williamson,11276,159,10700,143,576,16,12179,171,109367,682,121546,853,1,79,-24,976,182,10221,1,194,89
11-27-20,Wilson,7411,152,7162,143,249,9,8342,161,59765,438,68107,599,0,78,32,658,120,6675,2,198,86
11-26-20,Anderson,2822,45,2640,42,182,3,3000,42,39233,361,42233,403,0,28,-30,329,75,2465,1,83,33
11-26-20,Bedford,2676,84,2410,82,266,2,2854,91,19347,234,22201,325,0,30,15,247,69,2399,1,75,33
11-26-20,Benton,779,3,724,2,55,1,794,7,6463,37,7257,44,-1,14,-14,98,18,667,0,26,18
11-26-20,Bledsoe,1157,13,1141,13,16,0,1214,13,10471,51,11685,64,0,5,3,22,10,1130,1,26,5
11-26-20,Blount,5428,75,5164,66,264,9,5908,97,44700,280,50608,377,1,60,-55,735,129,4633,0,188,65
11-26-20,Bradley,5042,74,4662,70,380,4,5466,77,36681,357,42147,434,0,35,-11,478,85,4529,1,285,39
11-26-20,Campbell,1511,9,1199,4,312,5,1376,9,18040,299,19416,308,0,23,-14,157,23,1331,0,74,25
11-26-20,Cannon,725,8,666,8,59,0,768,8,5942,32,6710,40,0,3,-14,74,22,648,0,18,3
11-26-20,Carroll,1669,22,1348,13,321,9,1620,15,14809,44,16429,59,0,34,-10,170,32,1465,1,59,37
11-26-20,Carter,2640,24,2447,24,193,0,2698,26,23639,190,26337,216,0,55,-33,230,57,2355,0,160,58
11-26-20,Cheatham,1547,39,1447,39,100,0,1696,45,16492,171,18188,216,1,17,19,138,19,1392,0,48,17
11-26-20,Chester,1004,7,793,4,211,3,1001,5,7387,54,8388,59,0,20,-7,75,14,909,0,27,26
11-26-20,Claiborne,791,19,656,16,135,3,773,21,14475,90,15248,111,0,9,-11,99,30,683,0,33,8
11-26-20,Clay,541,2,401,2,140,0,470,2,3889,18,4359,20,0,18,-7,50,9,473,0,19,21
11-26-20,Cocke,1588,18,1356,17,232,1,1526,20,12822,149,14348,169,0,30,-8,112,26,1446,0,71,30
11-26-20,Coffee,2764,73,2236,66,528,7,2763,75,28656,254,31419,329,0,41,23,268,50,2455,0,67,45
11-26-20,Crockett,1127,8,807,3,320,5,966,4,5188,22,6154,26,0,26,-8,35,16,1066,0,25,29
11-26-20,Cumberland,2468,28,2349,28,119,0,2806,30,32680,90,35486,120,0,35,-20,228,48,2205,0,102,43
11-26-20,Davidson,41787,730,41183,720,604,10,50936,846,559467,7374,610403,8220,7,419,215,1978,508,39390,6,1414,433
11-26-20,Decatur,937,4,748,3,189,1,930,7,8315,44,9245,51,0,13,-14,83,18,841,0,27,14
11-26-20,Dekalb,1115,6,956,4,159,2,1157,4,11726,131,12883,135,0,22,-13,103,19,990,0,35,24
11-26-20,Dickson,2814,47,2306,47,508,0,2889,56,21826,190,24715,246,0,33,-19,317,66,2464,0,78,43
11-26-20,Dyer,3144,11,2465,6,679,5,2806,9,16224,48,19030,57,1,51,-34,211,44,2882,0,87,56
11-26-20,Fayette,2174,22,2073,18,101,4,2619,19,23032,217,25651,236,0,38,1,131,21,2005,1,94,41
11-26-20,Fentress,1192,6,1063,6,129,0,1265,6,7159,105,8424,111,0,20,-17,83,23,1089,0,45,24
11-26-20,Franklin,2027,40,1855,36,172,4,2239,44,21143,158,23382,202,1,34,-16,205,55,1788,0,71,37
11-26-20,Gibson,3094,44,2176,23,918,21,2808,25,20560,86,23368,111,0,65,-5,321,49,2708,0,76,70
11-26-20,Giles,1424,25,1350,24,74,1,1572,31,14328,90,15900,121,3,49,-4,120,26,1255,1,68,51
11-26-20,Grainger,952,8,791,7,161,1,922,6,8953,25,9875,31,1,16,-17,128,24,808,0,44,23
11-26-20,Greene,2978,72,2723,64,255,8,3080,69,25950,263,29030,332,1,72,-12,241,83,2665,2,127,75
11-26-20,Grundy,770,9,709,9,61,0,845,13,4595,105,5440,118,0,14,-2,44,11,712,0,44,14
11-26-20,Hamblen,3377,17,2959,13,418,4,3405,15,31338,93,34743,108,1,60,-73,303,89,3014,0,158,72
11-26-20,Hamilton,16393,256,15302,241,1091,15,17542,320,194014,2145,211556,2465,3,152,5,921,248,15320,4,597,177
11-26-20,Hancock,155,4,132,4,23,0,149,4,2505,40,2654,44,0,3,2,16,2,136,0,12,3
11-26-20,Hardeman,2221,5,2042,3,179,2,2441,4,18582,73,21023,77,0,37,-11,76,16,2108,0,85,40
11-26-20,Hardin,1735,4,1380,4,355,0,1733,5,16505,82,18238,87,0,25,-16,98,20,1612,0,39,30
11-26-20,Hawkins,1885,33,1730,28,155,5,1916,30,16900,244,18816,274,0,34,1,176,32,1675,1,96,35
11-26-20,Haywood,1598,3,1449,2,149,1,1658,2,9545,68,11203,70,0,30,-13,82,16,1486,0,58,31
11-26-20,Henderson,1800,9,1410,5,390,4,1961,6,11828,69,13789,75,0,33,-18,133,27,1634,0,56,36
11-26-20,Henry,1477,10,1335,10,142,0,1550,17,13273,102,14823,119,0,17,-35,166,45,1294,0,53,22
11-26-20,Hickman,1160,18,1039,18,121,0,1263,25,10535,103,11798,128,0,18,-3,106,21,1036,1,31,19
11-26-20,Houston,586,4,489,4,97,0,567,5,5034,126,5601,131,0,20,-7,32,11,534,0,33,20
11-26-20,Humphreys,688,12,529,12,159,0,649,13,7845,76,8494,89,2,9,4,38,6,641,0,22,8
11-26-20,Jackson,668,4,532,4,136,0,648,5,3631,27,4279,32,0,10,-6,37,10,621,0,26,13
11-26-20,Jefferson,2210,17,1854,14,356,3,2161,17,24507,172,26668,189,0,32,-20,239,37,1939,0,109,38
11-26-20,Johnson,1398,8,1319,8,79,0,1408,9,9637,95,11045,104,0,21,-6,39,14,1338,0,40,23
11-26-20,Knox,18486,353,17505,350,981,3,19374,448,194756,1491,214130,1939,4,146,57,1667,292,16673,5,619,168
11-26-20,Lake,1162,4,1096,3,66,1,1325,4,7629,75,8954,79,1,6,-6,43,9,1113,0,14,8
11-26-20,Lauderdale,2012,8,1684,7,328,1,1943,7,15246,46,17189,53,1,23,-10,120,17,1869,0,66,22
11-26-20,Lawrence,2617,48,2341,35,276,13,2602,49,17785,179,20387,228,1,34,-5,249,52,2334,0,88,35
11-26-20,Lewis,741,8,707,8,34,0,769,12,7139,58,7908,70,0,14,-7,42,15,685,0,25,15
11-26-20,Lincoln,1541,50,1331,50,210,0,1542,60,11242,100,12784,160,0,14,-3,164,53,1363,0,45,19
11-26-20,Loudon,2242,32,2154,32,88,0,2402,37,20624,220,23026,257,0,18,-9,184,41,2040,1,66,22
11-26-20,Macon,1790,5,1647,5,143,0,1994,6,10652,31,12646,37,0,28,-26,123,31,1639,0,95,32
11-26-20,Madison,5245,66,3413,37,1832,29,4515,40,38149,164,42664,204,0,108,8,236,58,4901,3,245,129
11-26-20,Marion,1080,20,1029,19,51,1,1218,20,10262,99,11480,119,0,19,5,65,15,996,0,71,20
11-26-20,Marshall,1705,38,1664,36,41,2,1900,42,14757,126,16657,168,0,20,7,137,31,1548,0,43,22
11-26-20,Maury,5789,149,5639,139,150,10,6294,169,45085,481,51379,650,2,68,9,536,138,5185,0,174,72
11-26-20,McMinn,2425,52,2315,51,110,1,2640,53,25586,242,28226,295,0,55,18,231,34,2139,0,94,56
11-26-20,McNairy,1378,3,1091,3,287,0,1461,4,11038,74,12499,78,0,33,-7,43,10,1302,0,49,35
11-26-20,Meigs,477,15,462,15,15,0,541,15,4603,45,5144,60,1,13,9,48,5,416,0,24,13
11-26-20,Monroe,2060,16,1975,15,85,1,2263,22,16680,105,18943,127,0,44,-15,200,31,1816,0,101,45
11-26-20,Montgomery,6470,156,5643,144,827,12,6398,148,63621,942,70019,1090,0,83,49,456,107,5931,2,187,89
11-26-20,Moore,384,8,326,8,58,0,383,9,3258,22,3641,31,0,3,1,32,7,349,0,7,3
11-26-20,Morgan,708,19,646,19,62,0,716,21,10688,85,11404,106,0,6,-1,115,20,587,0,14,8
11-26-20,Obion,2583,18,2093,17,490,1,2396,23,14683,62,17079,85,0,49,-18,280,36,2254,0,74,55
11-26-20,Out of State,5232,155,4630,120,602,35,5239,134,408030,3490,413269,3624,0,51,45,725,110,4456,1,123,32
11-26-20,Overton,1524,9,1267,9,257,0,1538,10,10133,71,11671,81,0,35,-11,83,20,1406,0,51,37
11-26-20,Pending,3974,179,3243,149,731,30,3684,177,258642,11567,262326,11744,0,22,52,590,127,3362,2,58,27
11-26-20,Perry,473,6,441,6,32,0,497,7,4621,12,5118,19,0,21,-5,13,11,439,0,25,22
11-26-20,Pickett,378,1,260,1,118,0,323,1,2044,43,2367,44,0,13,-3,36,4,329,0,21,13
11-26-20,Polk,647,5,611,5,36,0,707,6,5320,31,6027,37,0,15,-5,32,10,600,0,34,15
11-26-20,Putnam,5765,12,5063,11,702,1,6275,13,45567,295,51842,308,0,82,-89,287,101,5396,0,160,89
11-26-20,Rhea,1624,33,1541,33,83,0,1801,39,15708,112,17509,151,1,31,3,136,29,1457,1,59,33
11-26-20,Roane,2302,29,2190,27,112,2,2494,31,28003,248,30497,279,1,29,-22,216,50,2057,0,74,32
11-26-20,Robertson,3691,64,3545,50,146,14,4143,53,26813,273,30956,326,1,52,0,312,63,3327,0,237,56
11-26-20,Rutherford,17328,277,16789,268,539,9,20061,323,135632,1430,155693,1753,5,159,7,1160,265,16009,1,393,171
11-26-20,Scott,1034,20,731,15,303,5,798,18,7511,107,8309,125,0,7,-18,215,38,812,1,31,9
11-26-20,Sequatchie,514,10,501,10,13,0,552,11,7884,66,8436,77,0,5,3,37,7,472,0,18,6
11-26-20,Sevier,4750,32,4563,32,187,0,5099,43,38820,235,43919,278,0,31,-66,466,98,4253,0,156,42
11-26-20,Shelby,46848,549,45559,535,1289,14,56523,703,541712,5165,598235,5868,7,658,55,2842,487,43348,17,2535,743
11-26-20,Smith,1406,10,1255,8,151,2,1603,10,8295,43,9898,53,0,19,-19,102,29,1285,0,45,18
11-26-20,Stewart,579,9,498,9,81,0,582,9,4421,39,5003,48,1,15,-4,49,12,515,0,18,18
11-26-20,Sullivan,6270,38,5756,35,514,3,6275,45,49768,159,56043,204,0,96,-54,673,92,5501,0,431,113
11-26-20,Sumner,9523,216,9337,213,186,3,10770,233,72484,612,83254,845,1,136,29,1021,186,8366,0,541,144
11-26-20,Tipton,3522,23,2948,20,574,3,3624,30,30691,152,34315,182,0,38,-45,310,68,3174,0,117,43
11-26-20,Trousdale,1901,2,1875,2,26,0,1988,4,6508,14,8496,18,0,12,-2,24,4,1865,0,31,12
11-26-20,Unicoi,831,14,725,13,106,1,815,17,8838,51,9653,68,0,26,-8,78,22,727,1,46,27
11-26-20,Union,705,5,639,4,66,1,721,3,6855,26,7576,29,0,5,-3,42,8,658,0,28,5
11-26-20,Van Buren,352,3,319,3,33,0,364,3,3377,16,3741,19,0,2,-5,52,8,298,0,10,3
11-26-20,Warren,2279,16,2069,13,210,3,2402,13,20332,135,22734,148,1,19,-37,160,52,2100,0,41,21
11-26-20,Washington,5764,84,5411,81,353,3,6025,90,48738,365,54763,455,4,106,-20,490,100,5168,1,233,110
11-26-20,Wayne,1880,30,1776,23,104,7,1944,25,8050,54,9994,79,0,10,11,85,19,1785,0,29,12
11-26-20,Weakley,2104,13,1828,11,276,2,2116,16,15110,171,17226,187,0,36,-28,144,41,1924,1,46,38
11-26-20,White,1693,16,1509,15,184,1,1955,19,15550,122,17505,141,0,18,-17,114,33,1561,0,79,19
11-26-20,Williamson,11117,243,10557,242,560,1,12008,249,108685,1184,120693,1433,-1,78,49,1000,195,10039,0,193,88
11-26-20,Wilson,7259,153,7019,149,240,4,8181,164,59327,490,67508,654,1,78,28,626,124,6555,2,196,85
11-25-20,Anderson,2777,29,2598,22,179,7,2958,21,38872,35,41830,56,1,28,-11,359,39,2390,0,82,32
11-25-20,Bedford,2592,19,2328,10,264,9,2763,6,19113,64,21876,70,2,30,-16,232,33,2330,0,74,33
11-25-20,Benton,776,7,722,4,54,3,787,0,6426,6,7213,6,0,15,-4,112,11,649,0,26,18
11-25-20,Bledsoe,1144,4,1128,2,16,2,1201,1,10420,13,11621,14,0,5,0,19,4,1120,1,25,5
11-25-20,Blount,5353,61,5098,38,255,23,5811,27,44420,33,50231,60,4,59,-36,790,93,4504,4,188,65
11-25-20,Bradley,4968,63,4592,47,376,16,5389,29,36324,150,41713,179,2,35,3,489,58,4444,4,284,39
11-25-20,Campbell,1502,18,1195,6,307,12,1367,6,17741,5,19108,11,1,23,8,171,9,1308,0,74,25
11-25-20,Cannon,717,3,658,3,59,0,760,3,5910,13,6670,16,0,3,-7,88,10,626,0,18,3
11-25-20,Carroll,1647,12,1335,8,312,4,1605,7,14765,20,16370,27,0,34,-14,180,26,1433,0,58,37
11-25-20,Carter,2616,22,2423,15,193,7,2672,12,23449,82,26121,94,2,55,-23,263,43,2298,0,160,57
11-25-20,Cheatham,1508,12,1408,3,100,9,1651,3,16321,53,17972,56,0,16,-11,119,23,1373,0,48,17
11-25-20,Chester,997,5,789,5,208,0,996,5,7333,13,8329,18,1,20,-7,82,11,895,0,27,25
11-25-20,Claiborne,772,4,640,2,132,2,752,2,14385,5,15137,7,0,9,-5,110,9,653,0,33,8
11-25-20,Clay,539,5,399,2,140,3,468,1,3871,1,4339,2,0,18,2,57,3,464,1,19,21
11-25-20,Cocke,1570,12,1339,10,231,2,1506,9,12673,32,14179,41,2,30,-13,120,23,1420,0,71,30
11-25-20,Coffee,2691,16,2170,10,521,6,2688,8,28402,59,31090,67,0,41,-20,245,36,2405,0,67,44
11-25-20,Crockett,1119,2,804,2,315,0,962,3,5166,11,6128,14,1,26,-8,43,9,1050,0,25,28
11-25-20,Cumberland,2440,5,2321,5,119,0,2776,6,32590,178,35366,184,0,35,-26,248,31,2157,0,102,41
11-25-20,Davidson,41057,145,40463,115,594,30,50090,136,552093,2329,602183,2465,3,412,-268,1763,410,38882,2,1408,432
11-25-20,Decatur,933,9,745,9,188,0,923,5,8271,14,9194,19,0,13,0,97,9,823,2,27,14
11-25-20,Dekalb,1109,6,952,2,157,4,1153,2,11595,14,12748,16,1,22,-15,116,20,971,0,35,24
11-25-20,Dickson,2767,22,2259,20,508,2,2833,21,21636,201,24469,222,1,33,-43,336,64,2398,0,78,42
11-25-20,Dyer,3133,17,2459,9,674,8,2797,8,16176,12,18973,20,1,50,-18,245,34,2838,1,87,56
11-25-20,Fayette,2152,4,2055,2,97,2,2600,5,22815,35,25415,40,0,38,-13,130,17,1984,0,93,41
11-25-20,Fentress,1186,4,1057,2,129,2,1259,1,7054,16,8313,17,0,20,-7,100,11,1066,0,45,24
11-25-20,Franklin,1987,29,1819,21,168,8,2195,11,20985,82,23180,93,1,33,-7,221,35,1733,1,71,37
11-25-20,Gibson,3050,15,2153,10,897,5,2783,12,20474,61,23257,73,2,65,-34,326,47,2659,0,76,69
11-25-20,Giles,1399,19,1326,13,73,6,1541,7,14238,110,15779,117,2,46,2,124,15,1229,1,67,51
11-25-20,Grainger,944,6,784,1,160,5,916,1,8928,4,9844,5,0,15,-1,145,7,784,1,44,23
11-25-20,Greene,2906,20,2659,11,247,9,3011,10,25687,161,28698,171,0,71,-18,253,38,2582,0,125,75
11-25-20,Grundy,761,7,700,7,61,0,832,3,4490,9,5322,12,0,14,3,46,4,701,0,44,14
11-25-20,Hamblen,3360,16,2946,15,414,1,3390,17,31245,19,34635,36,1,59,-13,376,28,2925,1,158,72
11-25-20,Hamilton,16137,138,15061,92,1076,46,17222,70,191869,517,209091,587,10,149,-110,916,238,15072,7,593,171
11-25-20,Hancock,151,3,128,1,23,2,145,1,2465,2,2610,3,0,3,2,14,1,134,1,12,3
11-25-20,Hardeman,2216,8,2039,5,177,3,2437,5,18509,24,20946,29,0,37,-6,87,14,2092,0,85,40
11-25-20,Hardin,1731,7,1376,3,355,4,1728,2,16423,6,18151,8,0,25,-15,114,22,1592,0,39,29
11-25-20,Hawkins,1852,14,1702,11,150,3,1886,11,16656,118,18542,129,0,34,-11,175,25,1643,0,95,35
11-25-20,Haywood,1595,3,1447,3,148,0,1656,3,9477,20,11133,23,0,30,-4,95,7,1470,0,58,31
11-25-20,Henderson,1791,15,1405,10,386,5,1955,11,11759,33,13714,44,1,33,0,151,14,1607,0,56,36
11-25-20,Henry,1467,22,1325,19,142,3,1533,9,13171,8,14704,17,0,17,3,201,19,1249,1,53,20
11-25-20,Hickman,1142,11,1021,7,121,4,1238,4,10432,54,11670,58,1,18,-6,109,16,1015,0,30,19
11-25-20,Houston,582,5,485,5,97,0,562,5,4908,17,5470,22,0,20,2,39,3,523,0,33,20
11-25-20,Humphreys,676,9,517,7,159,2,636,7,7769,24,8405,31,0,7,-6,34,15,635,0,22,8
11-25-20,Jackson,664,3,528,1,136,2,643,1,3604,2,4247,3,0,10,1,43,2,611,0,26,13
11-25-20,Jefferson,2193,19,1840,8,353,11,2144,7,24335,16,26479,23,1,32,-1,259,19,1902,3,109,38
11-25-20,Johnson,1390,1,1311,1,79,0,1399,0,9542,25,10941,25,0,21,-9,45,10,1324,0,40,23
11-25-20,Knox,18133,218,17155,192,978,26,18926,126,193265,324,212191,450,0,142,-61,1610,279,16381,3,614,162
11-25-20,Lake,1158,9,1093,2,65,7,1321,3,7554,6,8875,9,0,5,0,49,9,1104,1,14,8
11-25-20,Lauderdale,2004,7,1677,7,327,0,1936,6,15200,12,17136,18,0,22,-13,130,20,1852,0,66,22
11-25-20,Lawrence,2569,45,2306,24,263,21,2553,8,17606,64,20159,72,1,33,6,254,38,2282,3,88,35
11-25-20,Lewis,733,7,699,3,34,4,757,3,7081,7,7838,10,0,14,-1,49,8,670,0,25,15
11-25-20,Lincoln,1491,19,1281,9,210,10,1482,7,11142,36,12624,43,1,14,-3,167,21,1310,0,45,19
11-25-20,Loudon,2210,15,2122,13,88,2,2365,11,20404,23,22769,34,0,18,-2,193,17,1999,1,65,22
11-25-20,Macon,1785,10,1642,4,143,6,1988,5,10621,9,12609,14,1,28,3,149,6,1608,0,95,31
11-25-20,Madison,5179,28,3376,17,1803,11,4475,20,37985,143,42460,163,1,108,-51,228,78,4843,3,242,127
11-25-20,Marion,1060,4,1010,4,50,0,1198,3,10163,31,11361,34,2,19,-5,60,7,981,1,71,19
11-25-20,Marshall,1667,6,1628,5,39,1,1858,4,14631,110,16489,114,2,20,-14,130,18,1517,2,43,22
11-25-20,Maury,5640,40,5500,36,140,4,6125,28,44604,117,50729,145,5,66,-58,527,93,5047,3,174,71
11-25-20,McMinn,2373,15,2264,3,109,12,2587,7,25344,48,27931,55,0,55,-21,213,36,2105,1,94,56
11-25-20,McNairy,1375,5,1088,3,287,2,1457,3,10964,7,12421,10,0,33,0,50,5,1292,0,49,35
11-25-20,Meigs,462,3,447,3,15,0,526,2,4558,15,5084,17,0,12,-4,39,7,411,1,24,13
11-25-20,Monroe,2044,10,1960,10,84,0,2241,5,16575,13,18816,18,2,44,-18,215,26,1785,0,101,45
11-25-20,Montgomery,6314,55,5499,44,815,11,6250,47,62679,182,68929,229,1,83,-33,407,87,5824,1,185,87
11-25-20,Moore,376,3,318,2,58,1,374,1,3236,3,3610,4,1,3,-3,31,5,342,0,7,2
11-25-20,Morgan,689,7,627,5,62,2,695,5,10603,9,11298,14,0,6,-1,116,8,567,0,14,8
11-25-20,Obion,2565,25,2076,13,489,12,2373,11,14621,19,16994,30,0,49,-10,298,35,2218,2,74,55
11-25-20,Out of State,5077,40,4510,38,567,2,5105,48,404540,1428,409645,1476,2,51,-60,680,98,4346,1,122,31
11-25-20,Overton,1515,9,1258,3,257,6,1528,3,10062,2,11590,5,1,35,1,94,7,1386,0,51,37
11-25-20,Pending,3795,56,3094,40,701,16,3507,36,247075,458,250582,494,4,22,-49,538,101,3235,1,56,27
11-25-20,Perry,467,5,435,5,32,0,490,2,4609,30,5099,32,1,21,0,18,4,428,0,25,22
11-25-20,Pickett,377,8,259,2,118,6,322,2,2001,0,2323,2,0,13,7,39,1,325,0,21,13
11-25-20,Polk,642,4,606,4,36,0,701,1,5289,11,5990,12,1,15,-5,37,8,590,1,34,15
11-25-20,Putnam,5753,5,5052,0,701,5,6262,0,45272,58,51534,58,3,82,-39,376,41,5295,0,160,88
11-25-20,Rhea,1591,2,1508,2,83,0,1762,1,15596,34,17358,35,0,30,-21,133,23,1428,0,58,33
11-25-20,Roane,2273,24,2163,11,110,13,2463,10,27755,22,30218,32,2,28,-8,238,30,2007,1,74,32
11-25-20,Robertson,3627,26,3495,23,132,3,4090,16,26540,59,30630,75,0,51,-39,312,65,3264,8,237,55
11-25-20,Rutherford,17051,67,16521,54,530,13,19738,74,134202,369,153940,443,1,154,-187,1153,253,15744,1,392,169
11-25-20,Scott,1014,13,716,8,298,5,780,5,7404,6,8184,11,0,7,-39,233,52,774,1,30,8
11-25-20,Sequatchie,504,2,491,2,13,0,541,1,7818,7,8359,8,0,5,-3,34,5,465,0,18,6
11-25-20,Sevier,4718,20,4531,18,187,2,5056,25,38585,48,43641,73,0,31,-13,532,33,4155,1,156,42
11-25-20,Shelby,46299,126,45024,84,1275,42,55820,120,536547,1109,592367,1229,6,651,-393,2787,513,42861,3,2518,739
11-25-20,Smith,1396,3,1247,1,149,2,1593,1,8252,8,9845,9,0,19,-7,121,10,1256,0,45,18
11-25-20,Stewart,570,2,489,1,81,1,573,1,4382,13,4955,14,0,14,-9,53,11,503,0,18,18
11-25-20,Sullivan,6232,54,5721,51,511,3,6230,55,49609,181,55839,236,5,96,-28,727,77,5409,12,431,113
11-25-20,Sumner,9307,75,9124,72,183,3,10537,79,71872,194,82409,273,1,135,-84,992,158,8180,1,541,143
11-25-20,Tipton,3499,24,2928,9,571,15,3594,3,30539,54,34133,57,0,38,-23,355,47,3106,0,117,43
11-25-20,Trousdale,1899,0,1873,0,26,0,1984,0,6494,7,8478,7,0,12,-8,26,8,1861,0,31,12
11-25-20,Unicoi,817,10,712,8,105,2,798,4,8787,17,9585,21,1,26,-14,86,23,705,0,45,27
11-25-20,Union,700,3,635,3,65,0,718,3,6829,6,7547,9,0,5,-5,45,8,650,0,28,5
11-25-20,Van Buren,349,0,316,0,33,0,361,0,3361,4,3722,4,0,2,-7,57,7,290,0,10,3
11-25-20,Warren,2263,2,2056,1,207,1,2389,1,20197,32,22586,33,0,18,-32,197,34,2048,0,41,21
11-25-20,Washington,5680,61,5330,54,350,7,5935,48,48373,140,54308,188,1,102,-6,510,66,5068,6,232,109
11-25-20,Wayne,1850,34,1753,5,97,29,1919,3,7996,49,9915,52,0,10,0,74,34,1766,0,29,12
11-25-20,Weakley,2091,10,1817,8,274,2,2100,4,14939,26,17039,30,1,36,-12,172,21,1883,1,45,38
11-25-20,White,1677,3,1494,2,183,1,1936,2,15428,20,17364,22,0,18,-10,131,13,1528,0,79,19
11-25-20,Williamson,10874,71,10315,54,559,17,11759,53,107501,228,119260,281,3,79,-114,951,182,9844,0,193,87
11-25-20,Wilson,7106,18,6870,17,236,1,8017,18,58837,111,66854,129,1,77,-114,598,131,6431,0,194,84
11-24-20,Anderson,2748,12,2576,11,172,1,2937,11,38837,153,41774,164,2,27,-33,370,43,2351,0,82,32
11-24-20,Bedford,2573,21,2318,3,255,18,2757,3,19049,10,21806,13,0,28,-32,248,53,2297,0,74,33
11-24-20,Benton,769,8,718,5,51,3,787,4,6420,5,7207,9,1,15,-8,116,15,638,1,26,16
11-24-20,Bledsoe,1140,1,1126,1,14,0,1200,2,10407,19,11607,21,0,5,-2,19,3,1116,0,24,5
11-24-20,Blount,5292,67,5060,59,232,8,5784,61,44387,101,50171,162,-1,55,-49,826,117,4411,1,184,63
11-24-20,Bradley,4905,53,4545,41,360,12,5360,56,36174,131,41534,187,0,33,-35,486,88,4386,6,280,39
11-24-20,Campbell,1484,11,1189,2,295,9,1361,3,17736,30,19097,33,1,22,-8,163,18,1299,1,74,25
11-24-20,Cannon,714,3,655,3,59,0,757,3,5897,8,6654,11,1,3,-9,95,11,616,0,18,3
11-24-20,Carroll,1635,8,1327,6,308,2,1598,6,14745,42,16343,48,2,34,-24,194,30,1407,0,58,36
11-24-20,Carter,2594,37,2408,33,186,4,2660,27,23367,38,26027,65,0,53,-12,286,49,2255,4,160,57
11-24-20,Cheatham,1496,2,1405,2,91,0,1648,2,16268,77,17916,79,0,16,-19,130,21,1350,0,48,17
11-24-20,Chester,992,2,784,1,208,1,991,1,7320,6,8311,7,0,19,-11,89,13,884,0,27,25
11-24-20,Claiborne,768,20,638,14,130,6,750,16,14380,106,15130,122,0,9,7,115,13,644,2,33,8
11-24-20,Clay,534,3,397,0,137,3,467,0,3870,0,4337,0,0,18,-1,55,4,461,0,18,21
11-24-20,Cocke,1558,7,1329,3,229,4,1497,2,12641,11,14138,13,0,28,-16,133,23,1397,0,71,30
11-24-20,Coffee,2675,26,2160,9,515,17,2680,4,28343,27,31023,31,0,41,-9,265,35,2369,1,67,43
11-24-20,Crockett,1117,7,802,2,315,5,959,0,5155,2,6114,2,0,25,-6,51,13,1041,0,25,28
11-24-20,Cumberland,2435,5,2316,2,119,3,2770,3,32412,63,35182,66,0,35,-37,274,42,2126,0,102,40
11-24-20,Davidson,40912,57,40348,52,564,5,49954,57,549764,663,599718,720,2,409,-510,2031,565,38472,6,1406,430
11-24-20,Decatur,924,4,736,4,188,0,918,0,8257,12,9175,12,1,13,-12,97,15,814,0,25,14
11-24-20,Dekalb,1103,8,950,4,153,4,1151,4,11581,16,12732,20,1,21,-16,131,23,951,0,35,24
11-24-20,Dickson,2745,16,2239,15,506,1,2812,19,21435,115,24247,134,5,32,-42,379,53,2334,0,78,40
11-24-20,Dyer,3116,20,2450,8,666,12,2789,6,16164,4,18953,10,0,49,-20,263,40,2804,0,86,55
11-24-20,Fayette,2148,7,2053,6,95,1,2595,7,22780,35,25375,42,1,38,-22,143,28,1967,0,93,41
11-24-20,Fentress,1182,6,1055,3,127,3,1258,2,7038,2,8296,4,1,20,-4,107,9,1055,0,45,24
11-24-20,Franklin,1958,12,1798,8,160,4,2184,11,20903,59,23087,70,0,32,-40,228,52,1698,0,70,37
11-24-20,Gibson,3035,38,2143,19,892,19,2771,13,20413,13,23184,26,2,63,1,360,35,2612,0,76,68
11-24-20,Giles,1380,17,1313,17,67,0,1534,20,14128,25,15662,45,1,44,-9,122,25,1214,2,66,51
11-24-20,Grainger,938,10,783,4,155,6,915,4,8924,18,9839,22,0,15,2,146,8,777,0,43,23
11-24-20,Greene,2886,29,2648,28,238,1,3001,21,25526,20,28527,41,0,71,-26,271,55,2544,1,125,74
11-24-20,Grundy,754,5,693,2,61,3,829,3,4481,6,5310,9,0,14,-3,43,8,697,0,44,14
11-24-20,Hamblen,3344,25,2931,10,413,15,3373,6,31226,108,34599,114,1,58,-12,389,36,2897,1,157,70
11-24-20,Hamilton,15999,145,14969,119,1030,26,17152,117,191352,791,208504,908,3,139,-111,1026,253,14834,6,586,165
11-24-20,Hancock,148,1,127,0,21,1,144,0,2463,14,2607,14,0,3,-1,12,2,133,0,11,3
11-24-20,Hardeman,2208,7,2034,5,174,2,2432,6,18485,2,20917,8,0,37,-9,93,16,2078,1,85,40
11-24-20,Hardin,1724,10,1373,4,351,6,1726,5,16417,10,18143,15,0,25,-6,129,16,1570,0,39,29
11-24-20,Hawkins,1838,23,1691,18,147,5,1875,13,16538,22,18413,35,0,34,-11,186,34,1618,2,95,35
11-24-20,Haywood,1592,3,1444,1,148,2,1653,2,9457,7,11110,9,1,30,-14,99,16,1463,0,58,31
11-24-20,Henderson,1776,4,1395,2,381,2,1944,2,11726,15,13670,17,2,32,-17,151,19,1593,1,56,36
11-24-20,Henry,1445,10,1306,6,139,4,1524,9,13163,11,14687,20,0,17,-44,198,54,1230,0,52,19
11-24-20,Hickman,1131,9,1014,5,117,4,1234,4,10378,16,11612,20,0,17,-21,115,30,999,0,30,19
11-24-20,Houston,577,5,480,3,97,2,557,2,4891,8,5448,10,1,20,1,37,3,520,0,33,20
11-24-20,Humphreys,667,10,510,5,157,5,629,5,7745,11,8374,16,0,7,-1,40,11,620,0,22,8
11-24-20,Jackson,661,1,527,1,134,0,642,1,3602,3,4244,4,0,10,-14,42,15,609,0,26,12
11-24-20,Jefferson,2174,23,1832,6,342,17,2137,6,24319,20,26456,26,0,31,-16,260,39,1883,3,106,37
11-24-20,Johnson,1389,12,1310,9,79,3,1399,2,9517,5,10916,7,0,21,7,54,5,1314,0,40,23
11-24-20,Knox,17915,152,16963,125,952,27,18800,112,192941,670,211741,782,2,142,-116,1671,266,16102,5,611,160
11-24-20,Lake,1149,2,1091,1,58,1,1318,0,7548,3,8866,3,0,5,-7,49,9,1095,0,13,7
11-24-20,Lauderdale,1997,6,1670,3,327,3,1930,2,15188,12,17118,14,1,22,-17,143,22,1832,0,66,22
11-24-20,Lawrence,2524,14,2282,10,242,4,2545,2,17542,11,20087,13,0,32,-40,248,54,2244,0,85,35
11-24-20,Lewis,726,2,696,2,30,0,754,0,7074,0,7828,0,0,14,-17,50,19,662,0,25,15
11-24-20,Lincoln,1472,18,1272,8,200,10,1475,5,11106,7,12581,12,0,13,-17,170,35,1289,1,45,19
11-24-20,Loudon,2195,13,2109,13,86,0,2354,14,20381,51,22735,65,0,18,-23,195,36,1982,2,64,21
11-24-20,Macon,1775,7,1638,1,137,6,1983,2,10612,5,12595,7,0,27,-14,146,21,1602,0,95,30
11-24-20,Madison,5151,33,3359,14,1792,19,4455,10,37842,131,42297,141,2,107,-59,279,90,4765,2,239,125
11-24-20,Marion,1056,7,1006,4,50,3,1195,4,10132,25,11327,29,0,17,-6,65,13,974,0,70,19
11-24-20,Marshall,1661,5,1623,4,38,1,1854,7,14521,11,16375,18,1,18,-18,144,22,1499,1,41,21
11-24-20,Maury,5600,18,5464,15,136,3,6097,3,44487,19,50584,22,3,61,-117,585,132,4954,2,171,70
11-24-20,McMinn,2358,9,2261,9,97,0,2580,11,25296,114,27876,125,0,55,-29,234,38,2069,1,93,56
11-24-20,McNairy,1370,3,1085,2,285,1,1454,1,10957,1,12411,2,1,33,-14,50,16,1287,0,49,35
11-24-20,Meigs,459,2,444,2,15,0,524,4,4543,19,5067,23,0,12,-6,43,8,404,0,23,13
11-24-20,Monroe,2034,29,1950,29,84,0,2236,30,16562,73,18798,103,0,42,-6,233,35,1759,0,101,44
11-24-20,Montgomery,6259,17,5455,13,804,4,6203,14,62497,87,68700,101,1,82,-97,440,113,5737,2,184,85
11-24-20,Moore,373,4,316,2,57,2,373,2,3233,7,3606,9,0,2,-8,34,12,337,0,7,2
11-24-20,Morgan,682,4,622,2,60,2,690,1,10594,23,11284,24,0,6,-7,117,11,559,0,14,8
11-24-20,Obion,2540,28,2063,16,477,12,2362,17,14602,78,16964,95,2,49,-3,308,29,2183,2,72,55
11-24-20,Out of State,5037,31,4472,25,565,6,5057,22,403112,774,408169,796,2,49,-95,740,124,4248,1,121,31
11-24-20,Overton,1506,2,1255,0,251,2,1525,0,10060,12,11585,12,0,34,-6,93,8,1379,0,51,37
11-24-20,Pending,3739,52,3054,34,685,18,3471,27,246617,452,250088,479,4,18,-102,587,150,3134,0,55,27
11-24-20,Perry,462,4,430,4,32,0,488,3,4579,1,5067,4,0,20,-2,18,6,424,0,25,22
11-24-20,Pickett,369,6,257,1,112,5,320,1,2001,5,2321,6,1,13,-3,32,8,324,1,21,13
11-24-20,Polk,638,5,602,4,36,1,700,4,5278,9,5978,13,0,14,-1,42,6,582,0,33,15
11-24-20,Putnam,5748,20,5052,9,696,11,6262,9,45214,47,51476,56,0,79,-58,415,78,5254,2,160,88
11-24-20,Rhea,1589,22,1506,21,83,1,1761,20,15562,36,17323,56,0,30,-4,154,26,1405,2,58,32
11-24-20,Roane,2249,17,2152,17,97,0,2453,18,27733,64,30186,82,2,26,-30,246,45,1977,0,73,31
11-24-20,Robertson,3601,23,3472,16,129,7,4074,17,26481,50,30555,67,0,51,-46,351,69,3199,0,229,55
11-24-20,Rutherford,16984,50,16467,37,517,13,19664,40,133833,411,153497,451,3,153,-219,1340,266,15491,3,391,164
11-24-20,Scott,1001,17,708,4,293,13,775,5,7398,11,8173,16,0,7,-32,272,49,722,1,29,8
11-24-20,Sequatchie,502,2,489,2,13,0,540,3,7811,20,8351,23,0,5,-7,37,9,460,0,18,6
11-24-20,Sevier,4698,17,4513,17,185,0,5031,11,38537,65,43568,76,0,31,-32,545,49,4122,3,155,41
11-24-20,Shelby,46173,261,44940,226,1233,35,55700,267,535438,2027,591138,2294,8,645,-265,3180,518,42348,3,2515,734
11-24-20,Smith,1393,10,1246,6,147,4,1592,6,8244,6,9836,12,0,19,-11,128,21,1246,2,45,18
11-24-20,Stewart,568,10,488,10,80,0,572,10,4369,36,4941,46,0,14,0,62,10,492,0,18,17
11-24-20,Sullivan,6178,55,5670,51,508,4,6175,48,49428,114,55603,162,2,91,-40,755,93,5332,5,419,111
11-24-20,Sumner,9232,38,9052,34,180,4,10458,46,71678,271,82136,317,0,134,-130,1076,168,8022,3,540,142
11-24-20,Tipton,3475,28,2919,4,556,24,3591,3,30485,72,34076,75,2,38,-33,378,59,3059,0,117,42
11-24-20,Trousdale,1899,3,1873,2,26,1,1984,3,6487,4,8471,7,0,12,-1,34,4,1853,0,31,12
11-24-20,Unicoi,807,18,704,17,103,1,794,17,8770,14,9564,31,0,25,-2,100,20,682,0,45,27
11-24-20,Union,697,2,632,2,65,0,715,3,6823,16,7538,19,0,5,-15,50,17,642,1,28,5
11-24-20,Van Buren,349,0,316,0,33,0,361,0,3357,4,3718,4,0,2,-10,64,10,283,0,10,3
11-24-20,Warren,2261,5,2055,2,206,3,2388,2,20165,9,22553,11,0,18,-66,229,71,2014,0,41,21
11-24-20,Washington,5619,59,5276,51,343,8,5887,40,48233,70,54120,110,1,101,-42,516,100,5002,5,226,106
11-24-20,Wayne,1816,3,1748,2,68,1,1916,2,7947,1,9863,3,0,10,-25,74,28,1732,0,29,12
11-24-20,Weakley,2081,12,1809,6,272,6,2096,8,14913,20,17009,28,1,35,-22,184,33,1862,0,44,37
11-24-20,White,1674,7,1492,2,182,5,1934,2,15408,17,17342,19,1,18,-11,141,17,1515,0,79,18
11-24-20,Williamson,10803,67,10261,57,542,10,11706,53,107273,317,118979,370,3,76,-140,1065,204,9662,1,193,85
11-24-20,Wilson,7088,31,6853,23,235,8,7999,25,58726,68,66725,93,2,76,-99,712,128,6300,1,194,82
11-23-20,Anderson,2736,7,2565,6,171,1,2926,6,38684,21,41610,27,0,25,-65,403,72,2308,0,82,32
11-23-20,Bedford,2552,28,2315,12,237,16,2754,12,19039,41,21793,53,0,28,-59,280,87,2244,2,74,33
11-23-20,Benton,761,10,713,8,48,2,783,11,6415,18,7198,29,0,14,-33,124,43,623,2,25,16
11-23-20,Bledsoe,1139,3,1125,2,14,1,1198,1,10388,13,11586,14,0,5,-3,21,6,1113,0,24,5
11-23-20,Blount,5225,45,5001,35,224,10,5723,34,44286,61,50009,95,1,56,-69,875,113,4294,0,183,62
11-23-20,Bradley,4852,33,4504,23,348,10,5304,21,36043,136,41347,157,0,33,-36,521,69,4298,1,274,38
11-23-20,Campbell,1473,8,1187,4,286,4,1358,5,17706,24,19064,29,0,21,-4,171,12,1281,0,73,24
11-23-20,Cannon,711,3,652,3,59,0,754,3,5889,10,6643,13,0,2,-24,104,27,605,0,18,3
11-23-20,Carroll,1627,11,1321,6,306,5,1592,3,14703,3,16295,6,0,32,-36,218,47,1377,0,58,36
11-23-20,Carter,2557,24,2375,23,182,1,2633,25,23329,44,25962,69,2,53,-48,298,70,2206,3,156,55
11-23-20,Cheatham,1494,5,1403,5,91,0,1646,5,16191,39,17837,44,0,16,-25,149,30,1329,0,48,17
11-23-20,Chester,990,3,783,1,207,2,990,0,7314,7,8304,7,0,19,-18,100,21,871,0,27,24
11-23-20,Claiborne,748,0,624,0,124,0,734,1,14274,5,15008,6,0,9,-22,108,22,631,0,31,8
11-23-20,Clay,531,1,397,0,134,1,467,0,3870,4,4337,4,0,18,-11,56,12,457,0,18,21
11-23-20,Cocke,1551,8,1326,7,225,1,1495,8,12630,18,14125,26,0,28,-11,149,19,1374,0,71,30
11-23-20,Coffee,2649,29,2151,11,498,18,2676,7,28316,79,30992,86,0,41,-38,274,67,2334,0,66,42
11-23-20,Crockett,1110,4,800,4,310,0,959,3,5153,1,6112,4,0,25,-9,57,13,1028,0,25,27
11-23-20,Cumberland,2430,10,2314,6,116,4,2767,6,32349,18,35116,24,0,35,-53,311,63,2084,1,102,40
11-23-20,Davidson,40855,155,40296,149,559,6,49897,181,549101,1205,598998,1386,5,407,-469,2541,619,37907,3,1400,426
11-23-20,Decatur,920,2,732,1,188,1,918,1,8245,7,9163,8,0,12,-23,109,25,799,0,25,14
11-23-20,Dekalb,1095,19,946,10,149,9,1147,13,11565,8,12712,21,0,20,-8,147,27,928,0,35,24
11-23-20,Dickson,2729,22,2224,15,505,7,2793,15,21320,61,24113,76,0,27,-39,421,61,2281,0,78,39
11-23-20,Dyer,3096,17,2442,8,654,9,2783,5,16160,13,18943,18,0,49,-36,283,53,2764,0,86,55
11-23-20,Fayette,2141,12,2047,11,94,1,2588,12,22745,42,25333,54,0,37,-9,165,21,1939,0,93,41
11-23-20,Fentress,1176,8,1052,8,124,0,1256,8,7036,12,8292,20,0,19,-10,111,18,1046,0,45,24
11-23-20,Franklin,1946,23,1790,18,156,5,2173,19,20844,29,23017,48,1,32,-32,268,54,1646,1,70,37
11-23-20,Gibson,2997,19,2124,13,873,6,2758,11,20400,29,23158,40,0,61,-43,359,62,2577,0,76,68
11-23-20,Giles,1363,19,1296,18,67,1,1514,9,14103,70,15617,79,1,43,-31,131,49,1189,1,64,51
11-23-20,Grainger,928,12,779,11,149,1,911,11,8906,23,9817,34,1,15,-4,144,15,769,1,43,22
11-23-20,Greene,2857,24,2620,21,237,3,2980,19,25506,71,28486,90,3,71,-62,297,83,2489,1,124,73
11-23-20,Grundy,749,1,691,0,58,1,826,2,4475,1,5301,3,0,14,-19,46,20,689,0,44,14
11-23-20,Hamblen,3319,23,2921,12,398,11,3367,12,31118,32,34485,44,0,57,-51,401,74,2861,0,156,70
11-23-20,Hamilton,15854,113,14850,101,1004,12,17035,91,190561,654,207596,745,1,136,-186,1137,298,14581,5,580,159
11-23-20,Hancock,147,0,127,0,20,0,144,0,2449,7,2593,7,0,3,-4,13,4,131,0,11,3
11-23-20,Hardeman,2201,8,2029,5,172,3,2426,5,18483,14,20909,19,0,37,-7,102,15,2062,1,84,39
11-23-20,Hardin,1714,5,1369,3,345,2,1721,1,16407,20,18128,21,0,25,-22,135,27,1554,0,39,29
11-23-20,Hawkins,1815,23,1673,22,142,1,1862,23,16516,56,18378,79,0,34,-21,197,44,1584,1,93,35
11-23-20,Haywood,1589,4,1443,4,146,0,1651,6,9450,21,11101,27,0,29,-20,113,24,1447,0,58,31
11-23-20,Henderson,1772,2,1393,2,379,0,1942,2,11711,7,13653,9,0,30,-23,168,25,1574,0,55,36
11-23-20,Henry,1435,14,1300,10,135,4,1515,12,13152,29,14667,41,0,17,-57,242,71,1176,1,52,19
11-23-20,Hickman,1122,8,1009,8,113,0,1230,9,10362,34,11592,43,0,17,-21,136,29,969,0,30,19
11-23-20,Houston,572,1,477,1,95,0,555,1,4883,0,5438,1,0,19,-6,36,7,517,0,33,20
11-23-20,Humphreys,657,5,505,2,152,3,624,3,7734,13,8358,16,0,7,-15,41,20,609,0,22,8
11-23-20,Jackson,660,1,526,1,134,0,641,1,3599,7,4240,8,1,10,-18,56,18,594,1,26,12
11-23-20,Jefferson,2151,22,1826,18,325,4,2131,20,24299,85,26430,105,0,31,-35,276,57,1844,3,103,36
11-23-20,Johnson,1377,6,1301,4,76,2,1397,4,9512,9,10909,13,0,21,-7,47,13,1309,0,40,23
11-23-20,Knox,17763,165,16838,144,925,21,18688,98,192271,379,210959,477,3,140,-98,1787,260,15836,7,606,158
11-23-20,Lake,1147,3,1090,1,57,2,1318,2,7545,2,8863,4,0,5,-14,56,17,1086,0,13,6
11-23-20,Lauderdale,1991,4,1667,1,324,3,1928,1,15176,18,17104,19,0,21,-28,160,32,1810,0,66,21
11-23-20,Lawrence,2510,18,2272,15,238,3,2543,8,17531,40,20074,48,0,32,-52,288,70,2190,0,85,34
11-23-20,Lewis,724,14,694,11,30,3,754,8,7074,23,7828,31,3,14,-14,67,25,643,1,25,15
11-23-20,Lincoln,1454,8,1264,7,190,1,1470,6,11099,17,12569,23,0,13,-38,187,46,1254,1,44,18
11-23-20,Loudon,2182,5,2096,4,86,1,2340,2,20330,23,22670,25,1,18,-25,218,29,1946,0,62,20
11-23-20,Macon,1768,0,1637,0,131,0,1981,0,10607,107,12588,107,0,27,-32,160,32,1581,0,95,30
11-23-20,Madison,5118,13,3345,9,1773,4,4445,9,37711,34,42156,43,1,105,-84,338,96,4675,2,237,121
11-23-20,Marion,1049,8,1002,7,47,1,1191,6,10107,13,11298,19,0,17,-4,71,12,961,3,70,19
11-23-20,Marshall,1656,18,1619,17,37,1,1847,18,14510,45,16357,63,0,17,-35,162,53,1477,1,40,20
11-23-20,Maury,5582,86,5449,85,133,1,6094,84,44468,314,50562,398,1,58,-98,702,183,4822,4,169,70
11-23-20,McMinn,2349,2,2252,1,97,1,2569,1,25182,79,27751,80,0,55,-51,263,53,2031,0,92,56
11-23-20,McNairy,1367,4,1083,2,284,2,1453,1,10956,15,12409,16,0,32,-18,64,22,1271,0,49,35
11-23-20,Meigs,457,3,442,1,15,2,520,1,4524,5,5044,6,0,12,-5,49,8,396,0,23,13
11-23-20,Monroe,2005,13,1921,3,84,10,2206,4,16489,10,18695,14,0,42,-15,239,28,1724,0,101,44
11-23-20,Montgomery,6242,44,5442,30,800,14,6189,32,62410,129,68599,161,0,81,-83,537,127,5624,0,182,85
11-23-20,Moore,369,4,314,4,55,0,371,2,3226,5,3597,7,0,2,-3,42,7,325,0,7,2
11-23-20,Morgan,678,5,620,3,58,2,689,3,10571,11,11260,14,0,6,-7,124,12,548,0,14,6
11-23-20,Obion,2512,7,2047,3,465,4,2345,4,14524,7,16869,11,0,47,-48,311,55,2154,0,70,54
11-23-20,Out of State,5006,65,4447,59,559,6,5035,67,402338,786,407373,853,-1,47,-94,835,160,4124,1,120,30
11-23-20,Overton,1504,3,1255,2,249,1,1525,5,10048,12,11573,17,0,34,-20,99,23,1371,0,51,37
11-23-20,Pending,3687,45,3020,38,667,7,3444,32,246165,581,249609,613,0,14,-143,689,188,2984,1,55,26
11-23-20,Perry,458,0,426,0,32,0,485,1,4578,2,5063,3,0,20,-10,20,10,418,0,25,22
11-23-20,Pickett,363,1,256,1,107,0,319,1,1996,0,2315,1,0,12,-6,35,7,316,0,20,13
11-23-20,Polk,633,1,598,1,35,0,696,1,5269,5,5965,6,0,14,-4,43,5,576,0,33,14
11-23-20,Putnam,5728,23,5043,15,685,8,6253,17,45167,24,51420,41,0,79,-54,473,77,5176,0,158,85
11-23-20,Rhea,1567,2,1485,2,82,0,1741,2,15526,47,17267,49,0,30,-40,158,42,1379,0,56,30
11-23-20,Roane,2232,16,2135,14,97,2,2435,14,27669,51,30104,65,1,24,-71,276,86,1932,0,73,29
11-23-20,Robertson,3578,22,3456,18,122,4,4057,17,26431,55,30488,72,1,51,-61,397,82,3130,0,229,55
11-23-20,Rutherford,16934,83,16430,74,504,9,19624,83,133422,243,153046,326,0,150,-254,1559,337,15225,2,388,162
11-23-20,Scott,984,19,704,8,280,11,770,8,7387,42,8157,50,0,7,-31,304,50,673,0,28,8
11-23-20,Sequatchie,500,5,487,5,13,0,537,4,7791,14,8328,18,0,5,-10,44,15,451,0,18,5
11-23-20,Sevier,4681,89,4496,87,185,2,5020,88,38472,308,43492,396,1,31,0,577,88,4073,1,152,41
11-23-20,Shelby,45912,184,44714,170,1198,14,55433,195,533411,1011,588844,1206,3,637,-393,3445,574,41830,5,2512,727
11-23-20,Smith,1383,4,1240,3,143,1,1586,4,8238,12,9824,16,0,19,-30,139,34,1225,0,43,18
11-23-20,Stewart,558,6,478,1,80,5,562,1,4333,4,4895,5,0,14,-9,62,15,482,1,18,17
11-23-20,Sullivan,6123,138,5619,126,504,12,6127,139,49314,600,55441,739,0,89,-1,795,139,5239,4,414,110
11-23-20,Sumner,9194,64,9018,61,176,3,10412,64,71407,187,81819,251,0,134,-156,1206,220,7854,2,537,142
11-23-20,Tipton,3447,24,2915,13,532,11,3588,15,30413,56,34001,71,0,36,-88,411,112,3000,0,117,41
11-23-20,Trousdale,1896,1,1871,1,25,0,1981,1,6483,13,8464,14,0,12,-10,35,11,1849,0,31,12
11-23-20,Unicoi,789,15,687,15,102,0,777,10,8756,73,9533,83,2,25,-26,102,39,662,0,45,25
11-23-20,Union,695,2,630,2,65,0,712,2,6807,15,7519,17,0,5,-8,65,10,625,0,27,5
11-23-20,Van Buren,349,5,316,3,33,2,361,3,3353,0,3714,3,0,2,-4,74,9,273,0,10,3
11-23-20,Warren,2256,4,2053,3,203,1,2386,4,20156,27,22542,31,1,18,-57,295,60,1943,1,41,21
11-23-20,Washington,5560,48,5225,42,335,6,5847,39,48163,123,54010,162,2,100,-98,558,144,4902,1,221,105
11-23-20,Wayne,1813,5,1746,4,67,1,1914,3,7946,14,9860,17,0,10,-21,99,26,1704,2,29,12
11-23-20,Weakley,2069,10,1803,10,266,0,2088,9,14893,36,16981,45,0,34,-45,206,55,1829,1,44,36
11-23-20,White,1667,9,1490,3,177,6,1932,3,15391,8,17323,11,0,17,-26,152,35,1498,0,79,18
11-23-20,Williamson,10736,60,10204,57,532,3,11653,61,106956,370,118609,431,0,73,-202,1205,262,9458,1,192,84
11-23-20,Wilson,7057,39,6830,36,227,3,7974,42,58658,151,66632,193,0,74,-114,811,153,6172,0,193,81
11-22-20,Anderson,2729,56,2559,49,170,7,2920,57,38663,486,41583,543,0,25,42,468,14,2236,2,82,31
11-22-20,Bedford,2524,72,2303,62,221,10,2742,69,18998,197,21740,266,1,28,58,339,13,2157,1,72,32
11-22-20,Benton,751,22,705,22,46,0,772,22,6397,95,7169,117,0,14,9,157,13,580,0,23,15
11-22-20,Bledsoe,1136,6,1123,6,13,0,1197,10,10375,118,11572,128,0,5,5,24,1,1107,0,24,5
11-22-20,Blount,5180,111,4966,110,214,1,5689,145,44225,629,49914,774,0,55,61,944,50,4181,3,183,60
11-22-20,Bradley,4819,78,4481,75,338,3,5283,89,35907,275,41190,364,0,33,38,557,40,4229,7,273,37
11-22-20,Campbell,1465,20,1183,14,282,6,1353,23,17682,176,19035,199,0,21,5,175,15,1269,2,73,23
11-22-20,Cannon,708,26,649,23,59,3,751,24,5879,62,6630,86,0,2,21,128,5,578,0,18,3
11-22-20,Carroll,1616,33,1315,29,301,4,1589,34,14700,114,16289,148,1,32,20,254,12,1330,0,58,36
11-22-20,Carter,2533,33,2352,31,181,2,2608,38,23285,176,25893,214,1,51,0,346,32,2136,2,153,55
11-22-20,Cheatham,1489,38,1398,33,91,5,1641,35,16152,225,17793,260,0,16,23,174,15,1299,0,48,17
11-22-20,Chester,987,18,782,18,205,0,990,21,7307,88,8297,109,0,19,9,118,9,850,0,27,24
11-22-20,Claiborne,748,16,624,13,124,3,733,14,14269,190,15002,204,0,9,9,130,7,609,0,31,8
11-22-20,Clay,530,6,397,6,133,0,467,6,3866,17,4333,23,0,18,5,67,1,445,0,18,21
11-22-20,Cocke,1543,18,1319,15,224,3,1487,22,12612,169,14099,191,2,28,2,160,14,1355,0,71,30
11-22-20,Coffee,2620,32,2140,20,480,12,2669,24,28237,202,30906,226,2,41,8,312,22,2267,2,66,42
11-22-20,Crockett,1106,7,796,2,310,5,956,2,5152,32,6108,34,0,25,5,66,2,1015,0,25,27
11-22-20,Cumberland,2420,46,2308,41,112,5,2761,44,32331,309,35092,353,1,35,31,364,14,2021,2,101,39
11-22-20,Davidson,40700,571,40147,557,553,14,49716,655,547896,6392,597612,7047,2,402,280,3010,289,37288,8,1397,424
11-22-20,Decatur,918,12,731,11,187,1,917,11,8238,132,9155,143,0,12,3,132,9,774,0,25,14
11-22-20,Dekalb,1076,12,936,10,140,2,1134,8,11557,93,12691,101,0,20,8,155,4,901,0,35,22
11-22-20,Dickson,2707,84,2209,47,498,37,2778,50,21259,264,24037,314,1,27,53,460,30,2220,2,78,37
11-22-20,Dyer,3079,42,2434,27,645,15,2778,28,16147,86,18925,114,0,49,26,319,16,2711,0,86,55
11-22-20,Fayette,2129,27,2036,25,93,2,2576,28,22703,129,25279,157,0,37,18,174,9,1918,0,93,40
11-22-20,Fentress,1168,13,1044,13,124,0,1248,13,7024,59,8272,72,0,19,9,121,4,1028,0,45,24
11-22-20,Franklin,1923,49,1772,46,151,3,2154,50,20815,197,22969,247,2,31,13,300,34,1592,0,69,36
11-22-20,Gibson,2978,57,2111,42,867,15,2747,52,20371,266,23118,318,0,61,31,402,26,2515,0,76,68
11-22-20,Giles,1344,14,1278,14,66,0,1505,20,14033,114,15538,134,2,42,3,162,9,1140,0,63,51
11-22-20,Grainger,916,38,768,34,148,4,900,37,8883,110,9783,147,1,14,35,148,2,754,0,42,22
11-22-20,Greene,2833,74,2599,60,234,14,2961,70,25435,187,28396,257,1,68,47,359,26,2406,1,123,72
11-22-20,Grundy,748,15,691,13,57,2,824,16,4474,34,5298,50,0,14,14,65,1,669,0,44,14
11-22-20,Hamblen,3296,75,2909,67,387,8,3355,69,31086,258,34441,327,0,57,64,452,11,2787,4,156,69
11-22-20,Hamilton,15741,186,14749,170,992,16,16944,201,189907,1515,206851,1716,1,135,29,1323,156,14283,5,575,155
11-22-20,Hancock,147,5,127,3,20,2,144,3,2442,21,2586,24,0,3,5,17,0,127,0,11,3
11-22-20,Hardeman,2193,19,2024,17,169,2,2421,17,18469,98,20890,115,1,37,9,109,9,2047,1,83,39
11-22-20,Hardin,1709,20,1366,18,343,2,1720,22,16387,195,18107,217,0,25,17,157,3,1527,0,39,28
11-22-20,Hawkins,1792,22,1651,16,141,6,1839,18,16460,202,18299,220,0,34,-4,218,26,1540,0,92,35
11-22-20,Haywood,1585,13,1439,12,146,1,1645,14,9429,59,11074,73,0,29,10,133,3,1423,0,58,31
11-22-20,Henderson,1770,20,1391,16,379,4,1940,18,11704,123,13644,141,0,30,13,191,7,1549,0,55,36
11-22-20,Henry,1421,39,1290,33,131,6,1503,40,13123,74,14626,114,0,17,31,299,8,1105,0,51,19
11-22-20,Hickman,1114,24,1001,18,113,6,1221,20,10328,83,11549,103,0,17,23,157,1,940,1,30,19
11-22-20,Houston,571,9,476,5,95,4,554,5,4883,69,5437,74,0,19,5,42,4,510,1,33,19
11-22-20,Humphreys,652,14,503,11,149,3,621,15,7721,71,8342,86,0,7,2,56,12,589,0,22,8
11-22-20,Jackson,659,7,525,6,134,1,640,6,3592,52,4232,58,0,9,1,74,6,576,0,25,12
11-22-20,Jefferson,2129,35,1808,30,321,5,2111,30,24214,223,26325,253,1,31,25,311,9,1787,3,100,33
11-22-20,Johnson,1371,12,1297,10,74,2,1393,10,9503,46,10896,56,0,21,10,54,2,1296,0,40,23
11-22-20,Knox,17598,218,16694,210,904,8,18590,263,191892,1771,210482,2034,2,137,82,1885,134,15576,5,599,151
11-22-20,Lake,1144,9,1089,7,55,2,1316,8,7543,46,8859,54,0,5,7,70,2,1069,0,13,6
11-22-20,Lauderdale,1987,30,1666,22,321,8,1927,23,15158,95,17085,118,0,21,29,188,1,1778,0,66,21
11-22-20,Lawrence,2492,40,2257,40,235,0,2535,57,17491,202,20026,259,0,32,10,340,30,2120,1,85,34
11-22-20,Lewis,710,9,683,8,27,1,746,10,7051,40,7797,50,0,11,5,81,4,618,0,24,15
11-22-20,Lincoln,1446,34,1257,33,189,1,1464,31,11082,66,12546,97,2,13,26,225,6,1208,1,43,18
11-22-20,Loudon,2177,47,2092,45,85,2,2338,49,20307,261,22645,310,0,17,42,243,5,1917,0,62,20
11-22-20,Macon,1768,24,1637,24,131,0,1981,26,10500,72,12481,98,0,27,10,192,14,1549,0,95,29
11-22-20,Madison,5105,86,3336,52,1769,34,4436,52,37677,352,42113,404,2,104,24,422,60,4579,1,235,117
11-22-20,Marion,1041,17,995,15,46,2,1185,20,10094,81,11279,101,1,17,11,75,5,949,0,67,19
11-22-20,Marshall,1638,32,1602,32,36,0,1829,35,14465,152,16294,187,0,17,22,197,10,1424,0,39,20
11-22-20,Maury,5496,112,5364,109,132,3,6010,120,44154,471,50164,591,0,57,52,800,60,4639,3,165,68
11-22-20,McMinn,2347,39,2251,31,96,8,2568,36,25103,220,27671,256,1,55,22,314,16,1978,0,92,56
11-22-20,McNairy,1363,9,1081,9,282,0,1452,10,10941,101,12393,111,0,32,2,82,7,1249,0,49,35
11-22-20,Meigs,454,2,441,2,13,0,519,4,4519,47,5038,51,0,12,1,54,1,388,0,23,13
11-22-20,Monroe,1992,29,1918,26,74,3,2202,33,16479,162,18681,195,0,42,21,254,8,1696,0,101,44
11-22-20,Montgomery,6198,97,5412,89,786,8,6157,95,62281,578,68438,673,1,81,8,620,88,5497,2,182,85
11-22-20,Moore,365,6,310,6,55,0,369,4,3221,14,3590,18,0,2,5,45,1,318,1,7,2
11-22-20,Morgan,673,22,617,19,56,3,686,20,10560,93,11246,113,0,6,21,131,1,536,0,14,6
11-22-20,Obion,2505,31,2044,26,461,5,2341,33,14517,114,16858,147,4,47,19,359,8,2099,0,70,53
11-22-20,Out of State,4941,177,4388,147,553,30,4968,144,401552,3921,406520,4065,0,48,138,929,39,3964,1,119,30
11-22-20,Overton,1501,15,1253,14,248,1,1520,16,10036,85,11556,101,1,34,13,119,1,1348,0,51,37
11-22-20,Pending,3642,116,2982,91,660,25,3412,106,245584,1829,248996,1935,1,14,54,832,61,2796,1,54,23
11-22-20,Perry,458,5,426,5,32,0,484,6,4576,21,5060,27,-1,20,3,30,3,408,1,25,22
11-22-20,Pickett,362,2,255,2,107,0,318,3,1996,8,2314,11,0,12,1,41,1,309,0,20,12
11-22-20,Polk,632,7,597,7,35,0,695,8,5264,34,5959,42,0,14,4,47,3,571,0,33,14
11-22-20,Putnam,5705,69,5028,65,677,4,6236,72,45143,532,51379,604,4,79,50,527,15,5099,0,158,85
11-22-20,Rhea,1565,30,1483,29,82,1,1739,31,15479,103,17218,134,1,30,26,198,3,1337,0,56,30
11-22-20,Roane,2216,46,2121,44,95,2,2421,44,27618,356,30039,400,1,23,32,347,13,1846,0,73,29
11-22-20,Robertson,3556,63,3438,63,118,0,4040,68,26376,352,30416,420,0,50,31,458,32,3048,2,229,54
11-22-20,Rutherford,16851,327,16356,312,495,15,19541,344,133179,1717,152720,2061,1,150,165,1813,161,14888,5,386,161
11-22-20,Scott,965,36,696,15,269,21,762,17,7345,89,8107,106,0,7,29,335,7,623,1,28,7
11-22-20,Sequatchie,495,9,482,8,13,1,533,8,7777,54,8310,62,0,5,4,54,5,436,0,18,5
11-22-20,Sevier,4592,88,4409,87,183,1,4932,96,38164,627,43096,723,1,30,64,577,23,3985,3,151,40
11-22-20,Shelby,45728,513,44544,498,1184,15,55238,525,532400,4129,587638,4654,5,634,247,3838,261,41256,9,2507,718
11-22-20,Smith,1379,20,1237,17,142,3,1582,20,8226,96,9808,116,1,19,9,169,10,1191,0,43,18
11-22-20,Stewart,552,10,477,10,75,0,561,12,4329,28,4890,40,0,14,4,71,6,467,0,17,17
11-22-20,Sullivan,5985,56,5493,49,492,7,5988,56,48714,151,54702,207,0,89,-13,796,69,5100,10,410,108
11-22-20,Sumner,9130,212,8957,211,173,1,10348,228,71220,887,81568,1115,2,134,120,1362,90,7634,6,535,141
11-22-20,Tipton,3423,104,2902,99,521,5,3573,109,30357,319,33930,428,1,36,81,499,22,2888,1,117,40
11-22-20,Trousdale,1895,7,1870,5,25,2,1980,6,6470,42,8450,48,0,12,6,45,1,1838,0,31,12
11-22-20,Unicoi,774,15,672,14,102,1,767,17,8683,36,9450,53,0,23,6,128,9,623,0,45,25
11-22-20,Union,693,16,628,16,65,0,710,19,6792,87,7502,106,0,5,13,73,3,615,1,27,5
11-22-20,Van Buren,344,4,313,3,31,1,358,3,3353,79,3711,82,0,2,-1,78,5,264,0,10,3
11-22-20,Warren,2252,27,2050,27,202,0,2382,33,20129,196,22511,229,1,17,17,352,9,1883,2,40,20
11-22-20,Washington,5512,91,5183,78,329,13,5808,79,48040,319,53848,398,2,98,43,656,46,4758,3,220,104
11-22-20,Wayne,1808,17,1742,16,66,1,1911,20,7932,86,9843,106,0,10,6,120,11,1678,0,27,11
11-22-20,Weakley,2059,22,1793,20,266,2,2079,22,14857,104,16936,126,0,34,4,251,18,1774,1,43,36
11-22-20,White,1658,19,1487,19,171,0,1929,27,15383,148,17312,175,0,17,14,178,5,1463,0,79,18
11-22-20,Williamson,10676,231,10147,222,529,9,11592,245,106586,1270,118178,1515,1,73,93,1407,137,9196,1,191,83
11-22-20,Wilson,7018,177,6794,167,224,10,7932,182,58507,813,66439,995,0,74,103,925,74,6019,2,193,79
11-21-20,Anderson,2673,58,2510,50,163,8,2863,53,38177,340,41040,393,0,25,35,426,23,2222,1,80,28
11-21-20,Bedford,2452,22,2241,21,211,1,2673,25,18801,89,21474,114,0,27,2,281,20,2144,0,71,31
11-21-20,Benton,729,10,683,8,46,2,750,8,6302,25,7052,33,0,14,5,148,5,567,1,23,14
11-21-20,Bledsoe,1130,1,1117,0,13,1,1187,0,10257,16,11444,16,0,5,-1,19,2,1106,0,24,5
11-21-20,Blount,5069,91,4856,86,213,5,5544,74,43596,325,49140,399,0,55,46,883,45,4131,2,180,60
11-21-20,Bradley,4741,43,4406,36,335,7,5194,28,35632,374,40826,402,0,33,-3,519,46,4189,3,266,37
11-21-20,Campbell,1445,47,1169,30,276,17,1330,27,17506,127,18836,154,0,21,36,170,11,1254,1,71,23
11-21-20,Cannon,682,5,626,5,56,0,727,4,5817,24,6544,28,0,2,-10,107,15,573,0,18,3
11-21-20,Carroll,1583,29,1286,21,297,8,1555,18,14586,126,16141,144,0,31,13,234,16,1318,0,58,36
11-21-20,Carter,2500,27,2321,24,179,3,2570,26,23109,156,25679,182,0,50,6,346,21,2104,1,151,53
11-21-20,Cheatham,1451,16,1365,11,86,5,1606,14,15927,70,17533,84,0,16,5,151,11,1284,2,48,17
11-21-20,Chester,969,8,764,5,205,3,969,5,7219,31,8188,36,0,19,-2,109,10,841,0,27,23
11-21-20,Claiborne,732,10,611,5,121,5,719,8,14079,128,14798,136,0,9,7,121,3,602,1,31,8
11-21-20,Clay,524,2,391,1,133,1,461,0,3849,14,4310,14,0,18,-6,62,8,444,0,18,21
11-21-20,Cocke,1525,24,1304,20,221,4,1465,23,12443,66,13908,89,0,26,11,158,13,1341,0,71,30
11-21-20,Coffee,2588,25,2120,19,468,6,2645,27,28035,162,30680,189,0,39,15,304,10,2245,1,64,42
11-21-20,Crockett,1099,5,794,3,305,2,954,1,5120,26,6074,27,0,25,4,61,1,1013,0,25,27
11-21-20,Cumberland,2374,9,2267,7,107,2,2717,6,32022,60,34739,66,0,34,-12,333,21,2007,2,99,39
11-21-20,Davidson,40129,165,39590,158,539,7,49061,185,541504,1701,590565,1886,1,400,-116,2730,280,36999,2,1389,420
11-21-20,Decatur,906,10,720,6,186,4,906,6,8106,48,9012,54,0,12,0,129,10,765,1,25,14
11-21-20,Dekalb,1064,15,926,12,138,3,1126,12,11464,124,12590,136,0,20,8,147,7,897,0,35,22
11-21-20,Dickson,2623,15,2162,12,461,3,2728,13,20995,159,23723,172,0,26,-15,407,30,2190,0,76,36
11-21-20,Dyer,3037,31,2407,20,630,11,2750,23,16061,68,18811,91,0,49,10,293,21,2695,1,86,54
11-21-20,Fayette,2102,16,2011,14,91,2,2548,20,22574,122,25122,142,0,37,8,156,8,1909,0,93,40
11-21-20,Fentress,1155,9,1031,8,124,1,1235,9,6965,80,8200,89,0,19,5,112,4,1024,1,45,24
11-21-20,Franklin,1874,17,1726,17,148,0,2104,20,20618,108,22722,128,0,29,7,287,10,1558,0,69,36
11-21-20,Gibson,2921,42,2069,23,852,19,2695,21,20105,49,22800,70,0,61,21,371,21,2489,1,76,68
11-21-20,Giles,1330,15,1264,15,66,0,1485,14,13919,99,15404,113,0,40,11,159,4,1131,0,63,50
11-21-20,Grainger,878,13,734,12,144,1,863,13,8773,74,9636,87,0,13,7,113,6,752,0,42,20
11-21-20,Greene,2759,33,2539,24,220,9,2891,24,25248,160,28139,184,0,67,1,312,32,2380,2,122,71
11-21-20,Grundy,733,5,678,4,55,1,808,5,4440,50,5248,55,0,14,4,51,1,668,0,44,14
11-21-20,Hamblen,3221,43,2842,34,379,9,3286,36,30828,227,34114,263,0,57,28,388,15,2776,2,152,69
11-21-20,Hamilton,15555,127,14579,102,976,25,16743,92,188392,663,205135,755,0,134,-29,1294,156,14127,2,570,152
11-21-20,Hancock,142,1,124,0,18,1,141,0,2421,8,2562,8,0,3,0,12,1,127,0,11,3
11-21-20,Hardeman,2174,3,2007,1,167,2,2404,1,18371,18,20775,19,0,36,1,100,2,2038,0,82,39
11-21-20,Hardin,1689,13,1348,10,341,3,1698,14,16192,52,17890,66,0,25,8,140,5,1524,0,39,28
11-21-20,Hawkins,1770,31,1635,29,135,2,1821,31,16258,149,18079,180,0,34,7,222,24,1514,0,92,35
11-21-20,Haywood,1572,9,1427,9,145,0,1631,11,9370,88,11001,99,0,29,3,123,6,1420,0,58,30
11-21-20,Henderson,1750,19,1375,14,375,5,1922,14,11581,34,13503,48,0,30,12,178,7,1542,0,55,36
11-21-20,Henry,1382,29,1257,26,125,3,1463,30,13049,139,14512,169,0,17,18,268,11,1097,0,51,19
11-21-20,Hickman,1090,7,983,7,107,0,1201,7,10245,41,11446,48,0,17,1,134,6,939,1,29,19
11-21-20,Houston,562,4,471,4,91,0,549,5,4814,80,5363,85,0,19,1,37,3,506,1,32,19
11-21-20,Humphreys,638,3,492,3,146,0,606,3,7650,27,8256,30,0,7,-6,54,9,577,0,22,8
11-21-20,Jackson,652,3,519,3,133,0,634,4,3540,24,4174,28,0,9,-9,73,12,570,0,25,12
11-21-20,Jefferson,2094,30,1778,22,316,8,2081,22,23991,105,26072,127,0,30,21,286,9,1778,0,97,33
11-21-20,Johnson,1359,4,1287,4,72,0,1383,5,9457,64,10840,69,1,21,-3,44,6,1294,0,40,23
11-21-20,Knox,17380,172,16484,167,896,5,18327,196,190121,1488,208448,1684,0,135,2,1803,170,15442,4,594,149
11-21-20,Lake,1135,4,1082,3,53,1,1308,2,7497,6,8805,8,0,5,0,63,4,1067,0,13,6
11-21-20,Lauderdale,1957,5,1644,3,313,2,1904,3,15063,53,16967,56,1,21,-1,159,5,1777,0,66,21
11-21-20,Lawrence,2452,13,2217,13,235,0,2478,16,17289,96,19767,112,0,32,-14,330,27,2090,1,84,33
11-21-20,Lewis,701,7,675,7,26,0,736,6,7011,86,7747,92,0,11,3,76,4,614,0,24,15
11-21-20,Lincoln,1412,27,1224,23,188,4,1433,28,11016,76,12449,104,0,11,18,199,9,1202,2,42,16
11-21-20,Loudon,2130,33,2047,33,83,0,2289,32,20046,162,22335,194,0,17,13,201,20,1912,1,62,19
11-21-20,Macon,1744,3,1613,3,131,0,1955,3,10428,45,12383,48,0,27,-15,182,18,1535,0,95,29
11-21-20,Madison,5019,67,3284,12,1735,55,4384,12,37325,81,41709,93,0,102,3,398,64,4519,1,234,115
11-21-20,Marion,1024,2,980,1,44,1,1165,4,10013,76,11178,80,0,16,1,64,1,944,0,67,19
11-21-20,Marshall,1606,13,1570,13,36,0,1794,11,14313,179,16107,190,0,17,1,175,12,1414,1,39,20
11-21-20,Maury,5384,95,5255,94,129,1,5890,106,43683,523,49573,629,0,57,28,748,67,4579,0,162,68
11-21-20,McMinn,2308,22,2220,20,88,2,2532,26,24883,183,27415,209,0,54,-7,292,29,1962,0,92,56
11-21-20,McNairy,1354,2,1072,2,282,0,1442,2,10840,91,12282,93,0,32,-4,80,6,1242,0,49,34
11-21-20,Meigs,452,2,439,1,13,1,515,3,4472,26,4987,29,0,12,1,53,1,387,0,23,12
11-21-20,Monroe,1963,31,1892,30,71,1,2169,31,16317,168,18486,199,0,42,12,233,19,1688,1,101,44
11-21-20,Montgomery,6101,97,5323,80,778,17,6062,83,61703,600,67765,683,0,80,52,612,45,5409,1,180,85
11-21-20,Moore,359,4,304,3,55,1,365,4,3207,19,3572,23,0,2,1,40,3,317,0,6,2
11-21-20,Morgan,651,17,598,14,53,3,666,14,10467,66,11133,80,0,6,13,110,4,535,0,14,6
11-21-20,Obion,2474,45,2018,22,456,23,2308,23,14403,86,16711,109,0,43,37,340,8,2091,0,70,53
11-21-20,Out of State,4764,91,4241,46,523,45,4824,49,397631,2196,402455,2245,2,48,25,791,64,3925,0,118,30
11-21-20,Overton,1486,8,1239,8,247,0,1504,8,9951,49,11455,57,0,33,4,106,4,1347,0,51,37
11-21-20,Pending,3526,80,2891,60,635,20,3306,66,243755,1225,247061,1291,0,13,27,778,53,2735,1,53,22
11-21-20,Perry,453,1,421,1,32,0,478,0,4555,8,5033,8,0,21,-1,27,2,405,0,24,21
11-21-20,Pickett,360,3,253,2,107,1,315,2,1988,51,2303,53,0,12,1,40,2,308,1,20,12
11-21-20,Polk,625,7,590,7,35,0,687,6,5230,29,5917,35,0,14,5,43,2,568,0,33,14
11-21-20,Putnam,5636,31,4963,30,673,1,6164,31,44611,295,50775,326,0,75,15,477,16,5084,1,158,83
11-21-20,Rhea,1535,16,1454,16,81,0,1708,15,15376,122,17084,137,0,29,8,172,8,1334,0,56,30
11-21-20,Roane,2170,40,2077,38,93,2,2377,43,27262,269,29639,312,0,22,28,315,12,1833,2,73,28
11-21-20,Robertson,3493,53,3375,52,118,1,3972,56,26024,206,29996,262,0,50,15,427,38,3016,2,227,54
11-21-20,Rutherford,16524,195,16044,190,480,5,19197,218,131462,1140,150659,1358,1,149,70,1648,124,14727,3,381,161
11-21-20,Scott,929,19,681,6,248,13,745,7,7256,49,8001,56,0,7,8,306,11,616,0,27,7
11-21-20,Sequatchie,486,1,474,1,12,0,525,1,7723,138,8248,139,0,5,-2,50,3,431,0,18,5
11-21-20,Sevier,4504,68,4322,66,182,2,4836,71,37537,365,42373,436,0,29,49,513,19,3962,1,148,37
11-21-20,Shelby,45215,275,44046,236,1169,39,54713,302,528271,2904,582984,3206,0,629,44,3591,231,40995,9,2498,714
11-21-20,Smith,1359,6,1220,6,139,0,1562,6,8130,27,9692,33,0,18,-6,160,12,1181,0,43,18
11-21-20,Stewart,542,7,467,4,75,3,549,6,4301,23,4850,29,0,14,0,67,7,461,0,17,16
11-21-20,Sullivan,5929,109,5444,103,485,6,5932,94,48563,235,54495,329,0,89,42,809,67,5031,12,400,101
11-21-20,Sumner,8918,121,8746,117,172,4,10120,132,70333,597,80453,729,1,132,8,1242,112,7544,1,529,140
11-21-20,Tipton,3319,58,2803,45,516,13,3464,48,30038,236,33502,284,0,35,38,418,20,2866,1,116,40
11-21-20,Trousdale,1888,0,1865,0,23,0,1974,0,6428,17,8402,17,0,12,-4,39,4,1837,0,31,12
11-21-20,Unicoi,759,8,658,8,101,0,750,9,8647,14,9397,23,1,23,-3,122,10,614,2,45,25
11-21-20,Union,677,5,612,5,65,0,691,5,6705,35,7396,40,0,5,3,60,2,612,0,26,5
11-21-20,Van Buren,340,17,310,17,30,0,355,18,3274,15,3629,33,0,2,16,79,1,259,0,10,3
11-21-20,Warren,2225,52,2023,50,202,2,2349,53,19933,129,22282,182,0,16,32,335,20,1874,0,38,19
11-21-20,Washington,5421,66,5105,48,316,18,5729,58,47721,186,53450,244,1,96,24,613,41,4712,0,217,103
11-21-20,Wayne,1791,11,1726,8,65,3,1891,5,7846,23,9737,28,0,10,7,114,4,1667,0,27,11
11-21-20,Weakley,2037,24,1773,16,264,8,2057,17,14753,109,16810,126,0,34,13,247,11,1756,0,42,35
11-21-20,White,1639,6,1468,6,171,0,1902,8,15235,142,17137,150,0,17,-2,164,8,1458,0,79,18
11-21-20,Williamson,10445,138,9925,122,520,16,11347,118,105316,704,116663,822,-1,72,9,1314,130,9059,2,190,81
11-21-20,Wilson,6841,108,6627,105,214,3,7750,118,57694,405,65444,523,1,74,30,822,77,5945,2,191,78
11-20-20,Anderson,2615,30,2460,27,155,3,2810,30,37837,106,40647,136,0,25,-10,391,40,2199,0,79,28
11-20-20,Bedford,2430,46,2220,33,210,13,2648,33,18712,121,21360,154,-1,27,3,279,44,2124,1,71,31
11-20-20,Benton,719,6,675,5,44,1,742,6,6277,19,7019,25,0,14,-10,143,16,562,0,22,14
11-20-20,Bledsoe,1129,3,1117,3,12,0,1187,3,10241,31,11428,34,0,5,-14,20,17,1104,0,24,5
11-20-20,Blount,4978,36,4770,35,208,1,5470,36,43271,183,48741,219,5,55,-33,837,64,4086,0,178,59
11-20-20,Bradley,4698,53,4370,36,328,17,5166,32,35258,136,40424,168,2,33,3,522,48,4143,2,263,37
11-20-20,Campbell,1398,14,1139,11,259,3,1303,13,17379,162,18682,175,1,21,8,134,5,1243,1,70,23
11-20-20,Cannon,677,16,621,15,56,1,723,15,5793,37,6516,52,0,2,1,117,15,558,1,18,3
11-20-20,Carroll,1554,17,1265,7,289,10,1537,8,14460,21,15997,29,1,31,1,221,15,1302,0,58,34
11-20-20,Carter,2473,29,2297,28,176,1,2544,36,22953,115,25497,151,1,50,-4,340,32,2083,1,150,52
11-20-20,Cheatham,1435,12,1354,12,81,0,1592,13,15857,93,17449,106,0,16,1,146,11,1273,0,46,17
11-20-20,Chester,961,17,759,7,202,10,964,6,7188,8,8152,14,0,19,7,111,10,831,0,27,22
11-20-20,Claiborne,722,10,606,8,116,2,711,6,13951,38,14662,44,0,9,2,114,8,599,0,30,8
11-20-20,Clay,522,3,390,1,132,2,461,4,3835,20,4296,24,0,18,2,68,1,436,0,18,21
11-20-20,Cocke,1501,3,1284,2,217,1,1442,4,12377,35,13819,39,0,26,-19,147,22,1328,0,71,30
11-20-20,Coffee,2563,49,2101,36,462,13,2618,35,27873,100,30491,135,1,39,25,289,23,2235,0,63,42
11-20-20,Crockett,1094,4,791,2,303,2,953,1,5094,14,6047,15,0,25,-5,57,9,1012,0,25,27
11-20-20,Cumberland,2365,42,2260,39,105,3,2711,46,31962,181,34673,227,0,34,9,345,33,1986,1,97,38
11-20-20,Davidson,39964,475,39432,453,532,22,48876,522,539803,2887,588679,3409,6,399,83,2846,386,36719,2,1387,416
11-20-20,Decatur,896,13,714,12,182,1,900,13,8058,17,8958,30,1,12,0,129,12,755,0,24,14
11-20-20,Dekalb,1049,10,914,8,135,2,1114,10,11340,60,12454,70,0,20,-18,139,28,890,0,35,22
11-20-20,Dickson,2608,35,2150,35,458,0,2715,49,20836,139,23551,188,0,26,8,422,27,2160,2,76,33
11-20-20,Dyer,3006,14,2387,7,619,7,2727,8,15993,18,18720,26,1,49,-18,283,31,2674,0,85,54
11-20-20,Fayette,2086,10,1997,8,89,2,2528,11,22452,127,24980,138,0,37,-16,148,26,1901,0,93,40
11-20-20,Fentress,1146,13,1023,13,123,0,1226,13,6885,32,8111,45,0,19,6,107,7,1020,0,44,23
11-20-20,Franklin,1857,24,1709,22,148,2,2084,18,20510,73,22594,91,0,29,-2,280,26,1548,0,69,35
11-20-20,Gibson,2879,23,2046,12,833,11,2674,11,20056,40,22730,51,1,61,-14,350,36,2468,3,75,68
11-20-20,Giles,1315,15,1249,12,66,3,1471,9,13820,73,15291,82,0,40,2,148,13,1127,1,63,48
11-20-20,Grainger,865,10,722,6,143,4,850,6,8699,34,9549,40,1,13,3,106,6,746,0,42,20
11-20-20,Greene,2726,23,2515,14,211,9,2867,22,25088,178,27955,200,0,67,-29,311,52,2348,0,120,69
11-20-20,Grundy,728,5,674,4,54,1,803,4,4390,18,5193,22,0,14,0,47,5,667,0,44,14
11-20-20,Hamblen,3178,29,2808,22,370,7,3250,22,30601,126,33851,148,0,57,-8,360,37,2761,2,150,67
11-20-20,Hamilton,15428,167,14477,136,951,31,16651,147,187729,783,204380,930,0,134,-46,1323,213,13971,5,568,150
11-20-20,Hancock,141,2,124,1,17,1,141,2,2413,18,2554,20,0,3,2,12,0,126,0,11,3
11-20-20,Hardeman,2171,10,2006,8,165,2,2403,10,18353,16,20756,26,0,36,2,99,8,2036,0,82,38
11-20-20,Hardin,1676,13,1338,8,338,5,1684,11,16140,37,17824,48,0,25,-4,132,17,1519,0,39,28
11-20-20,Hawkins,1739,16,1606,15,133,1,1790,19,16109,119,17899,138,0,34,-11,215,27,1490,0,92,35
11-20-20,Haywood,1563,17,1418,16,145,1,1620,14,9282,32,10902,46,0,29,10,120,7,1414,0,58,30
11-20-20,Henderson,1731,13,1361,9,370,4,1908,9,11547,16,13455,25,0,30,-3,166,16,1535,0,55,34
11-20-20,Henry,1353,15,1231,11,122,4,1433,9,12910,36,14343,45,1,17,-21,250,35,1086,0,51,19
11-20-20,Hickman,1083,13,976,13,107,0,1194,15,10204,54,11398,69,0,17,-1,133,14,933,2,28,19
11-20-20,Houston,558,1,467,1,91,0,544,2,4734,19,5278,21,0,19,-6,36,7,503,0,31,19
11-20-20,Humphreys,635,8,489,8,146,0,603,8,7623,28,8226,36,0,7,2,60,6,568,0,22,8
11-20-20,Jackson,649,3,516,3,133,0,630,4,3516,10,4146,14,0,9,-4,82,7,558,0,25,11
11-20-20,Jefferson,2064,22,1756,17,308,5,2059,18,23886,61,25945,79,0,30,-5,265,27,1769,0,97,32
11-20-20,Johnson,1355,4,1283,2,72,2,1378,3,9393,57,10771,60,2,20,-11,47,13,1288,1,40,23
11-20-20,Knox,17208,179,16317,170,891,9,18131,155,188633,750,206764,905,7,135,-16,1801,188,15272,5,590,147
11-20-20,Lake,1131,5,1079,4,52,1,1306,6,7491,15,8797,21,0,5,-10,63,15,1063,0,13,5
11-20-20,Lauderdale,1952,7,1641,4,311,3,1901,6,15010,30,16911,36,0,20,-21,160,28,1772,1,66,21
11-20-20,Lawrence,2439,39,2204,32,235,7,2462,29,17193,138,19655,167,1,32,2,344,36,2063,2,83,33
11-20-20,Lewis,694,7,668,5,26,2,730,3,6925,16,7655,19,1,11,-1,73,7,610,0,24,15
11-20-20,Lincoln,1385,47,1201,34,184,13,1405,35,10940,74,12345,109,0,11,24,181,23,1193,1,40,16
11-20-20,Loudon,2097,16,2014,15,83,1,2257,17,19884,84,22141,101,1,17,-22,188,37,1892,0,61,18
11-20-20,Macon,1741,19,1610,15,131,4,1952,18,10383,66,12335,84,0,27,-1,197,20,1517,1,95,29
11-20-20,Madison,4952,39,3272,18,1680,21,4372,19,37244,68,41616,87,2,102,-32,395,69,4455,0,233,114
11-20-20,Marion,1022,11,979,10,43,1,1161,8,9937,51,11098,59,1,16,2,63,8,943,0,67,19
11-20-20,Marshall,1593,31,1557,30,36,1,1783,32,14134,71,15917,103,0,17,2,174,29,1402,1,38,19
11-20-20,Maury,5289,57,5161,55,128,2,5784,72,43160,207,48944,279,5,57,-36,720,88,4512,2,162,64
11-20-20,McMinn,2286,26,2200,22,86,4,2506,12,24700,125,27206,137,1,54,-6,299,31,1933,0,92,56
11-20-20,McNairy,1352,5,1070,3,282,2,1440,2,10749,42,12189,44,0,32,-6,84,11,1236,1,49,34
11-20-20,Meigs,450,9,438,9,12,0,512,9,4446,19,4958,28,0,12,6,52,3,386,0,23,12
11-20-20,Monroe,1932,12,1862,12,70,0,2138,11,16149,61,18287,72,0,42,-10,221,22,1669,1,100,44
11-20-20,Montgomery,6004,120,5243,81,761,39,5979,87,61103,355,67082,442,3,80,22,560,95,5364,0,179,85
11-20-20,Moore,355,5,301,3,54,2,361,3,3188,6,3549,9,0,2,-1,39,6,314,0,6,2
11-20-20,Morgan,634,27,584,23,50,4,652,22,10401,42,11053,64,0,6,17,97,10,531,0,14,6
11-20-20,Obion,2429,14,1996,6,433,8,2285,7,14317,39,16602,46,3,43,-21,303,32,2083,0,70,52
11-20-20,Out of State,4673,70,4195,67,478,3,4775,69,395435,1788,400210,1857,0,46,-27,766,97,3861,1,118,28
11-20-20,Overton,1478,14,1231,12,247,2,1496,12,9902,40,11398,52,0,33,2,102,12,1343,0,51,37
11-20-20,Pending,3446,90,2831,65,615,25,3240,66,242530,1123,245770,1189,-1,13,5,751,86,2682,1,52,21
11-20-20,Perry,452,4,420,4,32,0,478,3,4547,10,5025,13,0,21,-3,28,7,403,0,24,21
11-20-20,Pickett,357,4,251,2,106,2,313,3,1937,8,2250,11,0,12,3,39,1,306,0,19,12
11-20-20,Polk,618,5,583,4,35,1,681,4,5201,22,5882,26,0,14,3,38,2,566,0,33,14
11-20-20,Putnam,5605,63,4933,56,672,7,6133,63,44316,218,50449,281,1,75,10,462,52,5068,0,157,83
11-20-20,Rhea,1519,18,1438,11,81,7,1693,9,15254,78,16947,87,0,29,1,164,17,1326,0,56,30
11-20-20,Roane,2130,8,2039,6,91,2,2334,7,26993,50,29327,57,1,22,-19,287,26,1821,0,71,27
11-20-20,Robertson,3440,65,3323,60,117,5,3916,60,25818,228,29734,288,1,50,25,412,39,2978,1,225,52
11-20-20,Rutherford,16329,229,15854,219,475,10,18979,248,130322,1000,149301,1248,5,148,-10,1578,234,14603,3,378,157
11-20-20,Scott,910,43,675,33,235,10,738,36,7207,114,7945,150,1,7,27,298,15,605,1,27,7
11-20-20,Sequatchie,485,5,473,5,12,0,524,5,7585,28,8109,33,0,5,4,52,1,428,0,18,5
11-20-20,Sevier,4436,27,4256,24,180,3,4765,20,37172,117,41937,137,1,29,-25,464,51,3943,0,147,35
11-20-20,Shelby,44940,418,43810,396,1130,22,54411,446,525367,3113,579778,3559,4,629,66,3547,348,40764,5,2489,707
11-20-20,Smith,1353,25,1214,20,139,5,1556,20,8103,82,9659,102,1,18,8,166,16,1169,0,43,18
11-20-20,Stewart,535,6,463,6,72,0,543,8,4278,25,4821,33,0,14,-3,67,9,454,0,17,16
11-20-20,Sullivan,5820,150,5341,131,479,19,5838,128,48328,409,54166,537,0,89,63,767,87,4964,3,388,96
11-20-20,Sumner,8797,215,8629,210,168,5,9988,227,69736,703,79724,930,2,131,73,1234,140,7432,3,528,139
11-20-20,Tipton,3261,34,2758,20,503,14,3416,21,29802,239,33218,260,1,35,-16,380,49,2846,0,115,38
11-20-20,Trousdale,1888,5,1865,4,23,1,1974,6,6411,52,8385,58,0,12,2,43,3,1833,0,31,12
11-20-20,Unicoi,751,30,650,29,101,1,741,32,8633,58,9374,90,0,22,17,125,13,604,3,43,24
11-20-20,Union,672,4,607,4,65,0,686,3,6670,19,7356,22,0,5,-2,57,6,610,0,26,5
11-20-20,Van Buren,323,6,293,6,30,0,337,6,3259,13,3596,19,0,2,2,63,4,258,0,10,3
11-20-20,Warren,2173,22,1973,18,200,4,2296,19,19804,83,22100,102,0,16,-19,303,41,1854,0,38,18
11-20-20,Washington,5355,76,5057,64,298,12,5671,79,47535,384,53206,463,3,95,6,589,67,4671,1,217,102
11-20-20,Wayne,1780,21,1718,15,62,6,1886,19,7823,56,9709,75,1,10,15,107,5,1663,0,27,11
11-20-20,Weakley,2013,3,1757,3,256,0,2040,4,14644,43,16684,47,0,34,-14,234,17,1745,0,42,35
11-20-20,White,1633,17,1462,15,171,2,1894,15,15093,74,16987,89,0,17,-4,166,21,1450,0,79,17
11-20-20,Williamson,10307,168,9803,159,504,9,11229,173,104612,969,115841,1142,3,73,-19,1305,184,8929,2,188,79
11-20-20,Wilson,6733,140,6522,135,211,5,7632,154,57289,577,64921,731,2,73,31,792,107,5868,2,189,76
11-19-20,Anderson,2585,59,2433,55,152,4,2780,59,37731,419,40511,478,0,25,20,401,39,2159,1,79,27
11-19-20,Bedford,2384,15,2187,6,197,9,2615,5,18591,44,21206,49,0,28,-19,276,34,2080,0,70,30
11-19-20,Benton,713,20,670,20,43,0,736,21,6258,55,6994,76,1,14,-3,153,22,546,0,22,14
11-19-20,Bledsoe,1126,1,1114,1,12,0,1184,1,10210,22,11394,23,1,5,-3,34,3,1087,0,24,5
11-19-20,Blount,4942,90,4735,76,207,14,5434,88,43088,327,48522,415,1,50,30,870,59,4022,3,178,59
11-19-20,Bradley,4645,33,4334,16,311,17,5134,17,35122,163,40256,180,1,31,-10,519,42,4095,2,261,36
11-19-20,Campbell,1384,13,1128,10,256,3,1290,9,17217,39,18507,48,0,20,-3,126,16,1238,2,69,23
11-19-20,Cannon,661,12,606,12,55,0,708,12,5756,17,6464,29,0,2,-1,116,13,543,0,17,3
11-19-20,Carroll,1537,27,1258,20,279,7,1529,24,14439,103,15968,127,0,30,10,220,17,1287,0,58,33
11-19-20,Carter,2444,21,2269,16,175,5,2508,6,22838,45,25346,51,3,49,-28,344,46,2051,3,149,52
11-19-20,Cheatham,1423,24,1342,18,81,6,1579,19,15764,100,17343,119,0,16,4,145,20,1262,0,46,17
11-19-20,Chester,944,21,752,15,192,6,958,15,7180,34,8138,49,0,19,11,104,10,821,0,27,22
11-19-20,Claiborne,712,20,598,17,114,3,705,14,13913,47,14618,61,0,9,11,112,9,591,0,30,8
11-19-20,Clay,519,10,389,9,130,1,457,10,3815,35,4272,45,1,18,4,66,5,435,0,18,21
11-19-20,Cocke,1498,8,1282,3,216,5,1438,3,12342,79,13780,82,0,26,-14,166,22,1306,0,71,30
11-19-20,Coffee,2514,16,2065,8,449,8,2583,5,27773,87,30356,92,2,38,-18,264,32,2212,0,63,41
11-19-20,Crockett,1090,5,789,4,301,1,952,4,5080,31,6032,35,0,25,3,62,2,1003,0,25,27
11-19-20,Cumberland,2323,59,2221,57,102,2,2665,58,31781,247,34446,305,0,34,8,336,51,1953,0,96,38
11-19-20,Davidson,39489,133,38979,124,510,9,48354,160,536916,1373,585270,1533,2,393,-323,2763,454,36333,7,1385,412
11-19-20,Decatur,883,23,702,17,181,6,887,16,8041,31,8928,47,0,11,11,129,12,743,0,24,13
11-19-20,Dekalb,1039,31,906,17,133,14,1104,17,11280,83,12384,100,0,20,20,157,11,862,0,35,22
11-19-20,Dickson,2573,60,2115,37,458,23,2666,37,20697,117,23363,154,0,26,7,414,53,2133,1,74,32
11-19-20,Dyer,2992,34,2380,16,612,18,2719,14,15975,28,18694,42,0,48,-5,301,39,2643,0,85,54
11-19-20,Fayette,2076,16,1989,14,87,2,2517,20,22325,88,24842,108,0,37,0,164,16,1875,0,93,40
11-19-20,Fentress,1133,14,1010,14,123,0,1213,13,6853,42,8066,55,0,19,3,101,11,1013,0,44,23
11-19-20,Franklin,1833,22,1687,12,146,10,2066,10,20437,53,22503,63,0,29,1,282,21,1522,1,69,33
11-19-20,Gibson,2856,41,2034,26,822,15,2663,27,20016,51,22679,78,0,60,-9,364,50,2432,0,72,66
11-19-20,Giles,1300,7,1237,4,63,3,1462,6,13747,51,15209,57,0,40,-10,146,17,1114,0,62,47
11-19-20,Grainger,855,17,716,16,139,1,844,16,8665,66,9509,82,1,12,10,103,6,740,0,42,19
11-19-20,Greene,2703,23,2501,17,202,6,2845,11,24910,97,27755,108,0,67,-18,340,41,2296,2,120,67
11-19-20,Grundy,723,3,670,2,53,1,799,1,4372,7,5171,8,0,14,-1,47,4,662,0,44,14
11-19-20,Hamblen,3149,45,2786,36,363,9,3228,37,30475,214,33703,251,1,57,7,368,37,2724,0,148,67
11-19-20,Hamilton,15261,123,14341,107,920,16,16504,107,186946,738,203450,845,5,134,-85,1369,203,13758,9,563,144
11-19-20,Hancock,139,1,123,0,16,1,139,0,2395,4,2534,4,0,3,1,10,0,126,0,11,3
11-19-20,Hardeman,2161,13,1998,10,163,3,2393,10,18337,27,20730,37,0,36,0,97,13,2028,0,82,38
11-19-20,Hardin,1663,9,1330,9,333,0,1673,7,16103,38,17776,45,0,25,-2,136,11,1502,0,39,28
11-19-20,Hawkins,1723,20,1591,15,132,5,1771,5,15990,52,17761,57,2,34,-8,226,26,1463,0,92,35
11-19-20,Haywood,1546,19,1402,13,144,6,1606,12,9250,33,10856,45,0,29,11,110,8,1407,0,58,30
11-19-20,Henderson,1718,25,1352,21,366,4,1899,22,11531,43,13430,65,0,30,8,169,17,1519,0,55,33
11-19-20,Henry,1338,38,1220,22,118,16,1424,23,12874,72,14298,95,1,16,4,271,33,1051,1,51,19
11-19-20,Hickman,1070,12,963,7,107,5,1179,6,10150,25,11329,31,0,17,-10,134,22,919,0,26,19
11-19-20,Houston,557,2,466,1,91,1,542,1,4715,6,5257,7,0,19,-8,42,10,496,0,31,19
11-19-20,Humphreys,627,1,481,1,146,0,595,2,7595,6,8190,8,0,7,-6,58,7,562,0,22,8
11-19-20,Jackson,646,13,513,13,133,0,626,17,3506,19,4132,36,0,9,4,86,9,551,0,25,9
11-19-20,Jefferson,2042,23,1739,15,303,8,2041,18,23825,105,25866,123,2,30,-6,270,27,1742,0,97,32
11-19-20,Johnson,1351,5,1281,2,70,3,1375,1,9336,4,10711,5,0,18,-7,58,12,1275,1,39,23
11-19-20,Knox,17029,167,16147,149,882,18,17976,134,187883,698,205859,832,2,128,-26,1817,191,15084,4,585,143
11-19-20,Lake,1126,6,1075,5,51,1,1300,5,7476,11,8776,16,0,5,-2,73,8,1048,0,13,5
11-19-20,Lauderdale,1945,29,1637,18,308,11,1895,20,14980,60,16875,80,0,20,-121,181,150,1744,0,65,21
11-19-20,Lawrence,2400,29,2172,9,228,20,2433,5,17055,28,19488,33,3,31,-17,342,43,2027,0,81,33
11-19-20,Lewis,687,6,663,5,24,1,727,5,6909,2,7636,7,0,10,2,74,4,603,0,24,15
11-19-20,Lincoln,1338,30,1167,13,171,17,1370,13,10866,22,12236,35,0,11,-7,157,37,1170,2,39,15
11-19-20,Loudon,2081,13,1999,7,82,6,2240,8,19800,81,22040,89,0,16,-7,210,20,1855,0,61,17
11-19-20,Macon,1722,15,1595,13,127,2,1934,16,10317,103,12251,119,0,27,-9,198,24,1497,0,94,28
11-19-20,Madison,4913,28,3254,10,1659,18,4353,12,37176,64,41529,76,2,100,-40,427,66,4386,0,233,113
11-19-20,Marion,1011,6,969,4,42,2,1153,4,9886,38,11039,42,0,15,2,61,4,935,0,67,18
11-19-20,Marshall,1562,7,1527,4,35,3,1751,11,14063,20,15814,31,2,17,-20,172,25,1373,0,37,18
11-19-20,Maury,5232,31,5106,30,126,1,5712,27,42953,122,48665,149,2,52,-67,756,96,4424,1,160,60
11-19-20,McMinn,2260,19,2178,10,82,9,2494,13,24575,134,27069,147,3,53,-10,305,26,1902,0,92,56
11-19-20,McNairy,1347,3,1067,1,280,2,1438,1,10707,50,12145,51,1,32,-6,90,8,1225,0,48,34
11-19-20,Meigs,441,3,429,2,12,1,503,4,4427,12,4930,16,2,12,-7,46,8,383,0,23,12
11-19-20,Monroe,1920,28,1850,25,70,3,2127,28,16088,98,18215,126,0,42,7,231,21,1647,0,99,44
11-19-20,Montgomery,5884,92,5162,57,722,35,5892,61,60748,337,66640,398,0,77,-4,538,96,5269,3,179,85
11-19-20,Moore,350,3,298,2,52,1,358,1,3182,7,3540,8,0,2,-3,40,6,308,0,6,2
11-19-20,Morgan,607,6,561,2,46,4,630,2,10359,19,10989,21,0,6,-6,80,12,521,0,14,6
11-19-20,Obion,2415,36,1990,30,425,6,2278,32,14278,68,16556,100,1,40,7,324,28,2051,1,70,52
11-19-20,Out of State,4603,116,4128,53,475,63,4706,43,393647,1213,398353,1256,1,46,25,793,90,3764,0,117,28
11-19-20,Overton,1464,22,1219,21,245,1,1484,25,9862,55,11346,80,-1,33,8,100,15,1331,0,51,37
11-19-20,Pending,3356,71,2766,40,590,31,3174,46,241407,760,244581,806,4,14,-11,746,78,2596,0,51,18
11-19-20,Perry,448,3,416,3,32,0,475,4,4537,23,5012,27,3,21,-9,31,9,396,0,24,21
11-19-20,Pickett,353,4,249,1,104,3,310,2,1929,7,2239,9,0,12,-2,36,6,305,1,19,12
11-19-20,Polk,613,1,579,0,34,1,677,0,5179,23,5856,23,0,14,-7,35,8,564,0,33,14
11-19-20,Putnam,5542,61,4877,51,665,10,6070,57,44098,323,50168,380,0,74,0,452,61,5016,0,157,82
11-19-20,Rhea,1501,8,1427,7,74,1,1684,7,15176,43,16860,50,1,29,-10,163,17,1309,0,56,30
11-19-20,Roane,2122,20,2033,17,89,3,2327,19,26943,123,29270,142,2,21,-35,306,53,1795,1,71,26
11-19-20,Robertson,3375,27,3263,21,112,6,3856,22,25590,83,29446,105,0,49,-18,387,45,2939,0,224,52
11-19-20,Rutherford,16100,82,15635,73,465,9,18731,92,129322,310,148053,402,4,143,-127,1588,205,14369,3,375,156
11-19-20,Scott,867,24,642,8,225,16,702,10,7093,23,7795,33,0,6,-6,271,30,590,0,26,7
11-19-20,Sequatchie,480,2,468,2,12,0,519,3,7557,16,8076,19,0,5,-7,48,9,427,0,18,5
11-19-20,Sevier,4409,65,4232,60,177,5,4745,63,37055,289,41800,352,1,28,2,489,62,3892,1,147,34
11-19-20,Shelby,44522,226,43414,206,1108,20,53965,261,522254,2212,576219,2473,2,625,-137,3481,361,40416,4,2484,701
11-19-20,Smith,1328,19,1194,12,134,7,1536,15,8021,62,9557,77,0,17,0,158,19,1153,1,43,18
11-19-20,Stewart,529,4,457,1,72,3,535,1,4253,6,4788,7,0,14,-1,70,5,445,2,17,15
11-19-20,Sullivan,5670,95,5210,75,460,20,5710,78,47919,322,53629,400,10,89,-5,704,90,4877,10,385,92
11-19-20,Sumner,8582,69,8419,59,163,10,9761,65,69033,226,78794,291,1,129,-43,1161,111,7292,3,525,138
11-19-20,Tipton,3227,46,2738,34,489,12,3395,37,29563,138,32958,175,0,34,-5,396,51,2797,1,115,37
11-19-20,Trousdale,1883,0,1861,0,22,0,1968,0,6359,6,8327,6,1,12,-2,41,1,1830,0,31,12
11-19-20,Unicoi,721,5,621,5,100,0,709,4,8575,6,9284,10,4,22,-9,108,10,591,0,40,23
11-19-20,Union,668,3,603,3,65,0,683,3,6651,33,7334,36,0,5,-4,59,7,604,0,26,5
11-19-20,Van Buren,317,7,287,7,30,0,331,7,3246,20,3577,27,0,2,-1,61,8,254,0,10,3
11-19-20,Warren,2151,24,1955,22,196,2,2277,24,19721,155,21998,179,0,16,-23,322,47,1813,0,38,18
11-19-20,Washington,5279,62,4993,46,286,16,5592,38,47151,113,52743,151,3,92,-30,583,89,4604,5,216,101
11-19-20,Wayne,1759,14,1703,6,56,8,1867,2,7767,23,9634,25,0,9,12,92,2,1658,0,27,11
11-19-20,Weakley,2010,25,1754,22,256,3,2036,25,14601,59,16637,84,0,34,7,248,18,1728,0,42,34
11-19-20,White,1616,24,1447,22,169,2,1879,28,15019,83,16898,111,0,17,11,170,13,1429,1,79,17
11-19-20,Williamson,10139,53,9644,31,495,22,11056,30,103643,193,114699,223,1,70,-115,1324,167,8745,2,186,78
11-19-20,Wilson,6593,38,6387,32,206,6,7478,36,56712,141,64190,177,1,71,-74,761,111,5761,2,187,75
11-18-20,Anderson,2526,29,2378,25,148,4,2721,27,37312,301,40033,328,0,25,-7,381,36,2120,0,78,27
11-18-20,Bedford,2369,23,2181,20,188,3,2610,25,18547,87,21157,112,4,28,-17,295,36,2046,0,70,29
11-18-20,Benton,693,16,650,13,43,3,715,17,6203,24,6918,41,0,13,6,156,10,524,0,22,14
11-18-20,Bledsoe,1125,7,1113,7,12,0,1183,9,10188,69,11371,78,0,4,5,37,2,1084,1,24,5
11-18-20,Blount,4852,120,4659,107,193,13,5346,111,42761,359,48107,470,0,49,55,840,65,3963,2,175,58
11-18-20,Bradley,4612,48,4318,37,294,11,5117,49,34959,209,40076,258,0,30,-10,529,58,4053,6,259,36
11-18-20,Campbell,1371,16,1118,5,253,11,1281,7,17178,58,18459,65,0,20,2,129,14,1222,0,67,23
11-18-20,Cannon,649,5,594,5,55,0,696,6,5739,22,6435,28,0,2,-11,117,16,530,0,17,3
11-18-20,Carroll,1510,36,1238,15,272,21,1505,14,14336,26,15841,40,0,30,20,210,16,1270,0,58,33
11-18-20,Carter,2423,43,2253,14,170,29,2502,21,22793,42,25295,63,1,46,11,372,31,2005,1,146,51
11-18-20,Cheatham,1399,12,1324,8,75,4,1560,9,15664,79,17224,88,0,16,-9,141,21,1242,0,46,17
11-18-20,Chester,923,27,737,13,186,14,943,13,7146,47,8089,60,0,19,18,93,9,811,0,27,22
11-18-20,Claiborne,692,16,581,3,111,13,691,7,13866,63,14557,70,0,9,9,101,7,582,0,30,8
11-18-20,Clay,509,15,380,9,129,6,447,10,3780,7,4227,17,0,17,8,62,7,430,0,18,21
11-18-20,Cocke,1490,11,1279,8,211,3,1435,13,12263,86,13698,99,0,26,-5,180,16,1284,0,71,30
11-18-20,Coffee,2498,22,2057,14,441,8,2578,16,27686,144,30264,160,0,36,-2,282,24,2180,2,63,41
11-18-20,Crockett,1085,16,785,1,300,15,948,2,5049,16,5997,18,0,25,9,59,7,1001,0,25,27
11-18-20,Cumberland,2264,20,2164,17,100,3,2607,21,31534,194,34141,215,1,34,-8,328,27,1902,0,96,37
11-18-20,Davidson,39356,294,38855,276,501,18,48194,342,535543,3200,583737,3542,1,391,-194,3086,487,35879,6,1378,407
11-18-20,Decatur,860,30,685,20,175,10,871,20,8010,29,8881,49,0,11,19,118,11,731,0,24,13
11-18-20,Dekalb,1008,22,889,16,119,6,1087,19,11197,56,12284,75,0,20,-9,137,31,851,0,35,22
11-18-20,Dickson,2513,44,2078,21,435,23,2629,23,20580,164,23209,187,0,26,5,407,39,2080,1,73,31
11-18-20,Dyer,2958,36,2364,11,594,25,2705,12,15947,46,18652,58,1,48,6,306,29,2604,0,85,53
11-18-20,Fayette,2060,28,1975,25,85,3,2497,28,22237,229,24734,257,0,37,8,164,20,1859,0,93,40
11-18-20,Fentress,1119,8,996,3,123,5,1200,4,6811,6,8011,10,0,19,4,98,4,1002,0,44,22
11-18-20,Franklin,1811,23,1675,11,136,12,2056,12,20384,56,22440,68,0,29,-3,281,26,1501,0,68,32
11-18-20,Gibson,2815,99,2008,33,807,66,2636,27,19965,105,22601,132,0,60,68,373,31,2382,0,72,65
11-18-20,Giles,1293,6,1233,4,60,2,1456,8,13696,35,15152,43,0,40,-10,156,16,1097,0,62,44
11-18-20,Grainger,838,9,700,7,138,2,828,9,8599,35,9427,44,1,11,-1,93,9,734,0,42,18
11-18-20,Greene,2680,19,2484,16,196,3,2834,17,24813,146,27647,163,1,67,-22,358,40,2255,0,118,67
11-18-20,Grundy,720,2,668,1,52,1,798,2,4365,17,5163,19,0,14,-5,48,7,658,0,44,14
11-18-20,Hamblen,3104,23,2750,16,354,7,3191,18,30261,259,33452,277,0,56,7,361,16,2687,2,148,65
11-18-20,Hamilton,15138,174,14234,140,904,34,16397,149,186208,863,202605,1012,4,129,-21,1454,191,13555,4,554,142
11-18-20,Hancock,138,2,123,1,15,1,139,1,2391,5,2530,6,0,3,2,9,0,126,0,11,3
11-18-20,Hardeman,2148,18,1988,9,160,9,2383,8,18310,59,20693,67,1,36,3,97,14,2015,0,82,38
11-18-20,Hardin,1654,18,1321,13,333,5,1666,12,16065,33,17731,45,0,25,10,138,8,1491,1,39,28
11-18-20,Hawkins,1703,13,1576,5,127,8,1766,8,15938,92,17704,100,1,32,-8,234,20,1437,0,92,35
11-18-20,Haywood,1527,14,1389,11,138,3,1594,11,9217,30,10811,41,0,29,0,99,14,1399,0,58,30
11-18-20,Henderson,1693,25,1331,6,362,19,1877,8,11488,15,13365,23,0,30,14,161,11,1502,0,55,33
11-18-20,Henry,1300,20,1198,6,102,14,1401,8,12802,27,14203,35,0,15,4,267,16,1018,1,50,18
11-18-20,Hickman,1058,10,956,5,102,5,1173,5,10125,41,11298,46,0,17,-8,144,18,897,0,26,19
11-18-20,Houston,555,5,465,1,90,4,541,0,4709,4,5250,4,0,19,-8,50,13,486,0,31,19
11-18-20,Humphreys,626,5,480,1,146,4,593,2,7589,25,8182,27,0,7,-11,64,16,555,0,22,8
11-18-20,Jackson,633,4,500,3,133,1,609,4,3487,20,4096,24,2,9,-12,82,14,542,0,25,8
11-18-20,Jefferson,2019,38,1724,24,295,14,2023,26,23720,139,25743,165,0,28,14,276,24,1715,0,97,32
11-18-20,Johnson,1346,3,1279,1,67,2,1374,1,9332,7,10706,8,0,18,-3,65,6,1263,0,38,23
11-18-20,Knox,16862,168,15998,161,864,7,17842,180,187185,873,205027,1053,0,126,-11,1843,179,14893,7,581,138
11-18-20,Lake,1120,6,1070,5,50,1,1295,5,7465,15,8760,20,0,5,-2,75,8,1040,1,13,5
11-18-20,Lauderdale,1916,29,1619,21,297,8,1875,21,14920,43,16795,64,0,20,8,302,21,1594,0,65,21
11-18-20,Lawrence,2371,20,2163,17,208,3,2428,9,17027,60,19455,69,2,28,-42,359,60,1984,1,81,32
11-18-20,Lewis,681,2,658,2,23,0,722,2,6907,7,7629,9,1,10,-13,72,14,599,0,24,15
11-18-20,Lincoln,1308,12,1154,12,154,0,1357,11,10844,58,12201,69,1,11,-12,164,23,1133,0,37,15
11-18-20,Loudon,2068,18,1992,15,76,3,2232,15,19719,88,21951,103,0,16,-5,217,23,1835,0,61,17
11-18-20,Macon,1707,46,1582,32,125,14,1918,36,10214,69,12132,105,0,27,29,207,17,1473,0,94,28
11-18-20,Madison,4885,139,3244,16,1641,123,4341,14,37112,118,41453,132,2,98,66,467,71,4320,1,233,113
11-18-20,Marion,1005,9,965,8,40,1,1149,10,9848,39,10997,49,0,15,2,59,7,931,3,67,18
11-18-20,Marshall,1555,12,1523,9,32,3,1740,10,14043,50,15783,60,0,15,-17,192,29,1348,1,37,18
11-18-20,Maury,5201,60,5076,50,125,10,5685,59,42831,168,48516,227,2,50,-52,823,110,4328,1,159,59
11-18-20,McMinn,2241,28,2168,26,73,2,2481,26,24441,132,26922,158,0,50,-2,315,30,1876,0,92,55
11-18-20,McNairy,1344,20,1066,16,278,4,1437,16,10657,15,12094,31,0,31,14,96,6,1217,0,48,34
11-18-20,Meigs,438,8,427,5,11,3,499,5,4415,13,4914,18,0,10,3,53,5,375,0,23,12
11-18-20,Monroe,1892,24,1825,23,67,1,2099,26,15990,100,18089,126,0,42,9,224,15,1626,1,99,43
11-18-20,Montgomery,5792,70,5105,47,687,23,5831,51,60411,307,66242,358,0,77,-3,542,73,5173,3,176,83
11-18-20,Moore,347,1,296,1,51,0,357,2,3175,11,3532,13,0,2,-5,43,6,302,0,6,2
11-18-20,Morgan,601,10,559,7,42,3,628,12,10340,39,10968,51,0,6,-7,86,17,509,0,14,6
11-18-20,Obion,2379,53,1960,27,419,26,2246,29,14210,149,16456,178,1,39,27,317,25,2023,1,69,52
11-18-20,Out of State,4487,79,4075,68,412,11,4663,75,392434,2054,397097,2129,0,45,0,768,79,3674,1,117,28
11-18-20,Overton,1442,8,1198,4,244,4,1459,3,9807,40,11266,43,0,34,-5,92,13,1316,0,51,37
11-18-20,Pending,3285,107,2726,64,559,43,3128,64,240647,808,243775,872,0,10,23,757,84,2518,0,51,17
11-18-20,Perry,445,7,413,7,32,0,471,9,4514,9,4985,18,0,18,0,40,7,387,0,24,21
11-18-20,Pickett,349,8,248,2,101,6,308,2,1922,4,2230,6,0,12,6,38,2,299,0,18,12
11-18-20,Polk,612,4,579,1,33,3,677,3,5156,21,5833,24,0,14,2,42,2,556,0,33,14
11-18-20,Putnam,5481,51,4826,48,655,3,6013,61,43775,251,49788,312,1,74,3,452,47,4955,2,157,82
11-18-20,Rhea,1493,23,1420,23,73,0,1677,26,15133,49,16810,75,0,28,9,173,14,1292,0,56,30
11-18-20,Roane,2102,32,2016,31,86,1,2308,42,26820,215,29128,257,2,19,-15,341,45,1742,3,70,25
11-18-20,Robertson,3348,38,3242,32,106,6,3834,28,25507,125,29341,153,1,49,3,405,34,2894,0,224,52
11-18-20,Rutherford,16018,233,15562,226,456,7,18639,262,129012,1099,147651,1361,5,139,10,1715,218,14164,4,372,149
11-18-20,Scott,843,42,634,31,209,11,692,31,7070,83,7762,114,0,6,17,277,25,560,0,26,7
11-18-20,Sequatchie,478,4,466,3,12,1,516,3,7541,25,8057,28,0,5,-5,55,9,418,0,18,5
11-18-20,Sevier,4344,73,4172,69,172,4,4682,78,36766,373,41448,451,0,27,31,487,42,3830,1,146,33
11-18-20,Shelby,44296,436,43208,388,1088,48,53704,471,520042,3154,573746,3625,7,623,-59,3618,488,40055,6,2480,695
11-18-20,Smith,1309,14,1182,11,127,3,1521,13,7959,55,9480,68,0,17,-7,158,21,1134,1,42,18
11-18-20,Stewart,525,8,456,5,69,3,534,5,4247,20,4781,25,0,14,-1,71,9,440,0,15,15
11-18-20,Sullivan,5575,88,5135,59,440,29,5632,51,47597,98,53229,149,2,79,6,709,80,4787,6,375,92
11-18-20,Sumner,8513,103,8360,91,153,12,9696,104,68807,304,78503,408,2,128,-25,1204,126,7181,7,522,136
11-18-20,Tipton,3181,48,2704,31,477,17,3358,36,29425,148,32783,184,1,34,-6,401,53,2746,0,114,37
11-18-20,Trousdale,1883,6,1861,4,22,2,1968,4,6353,25,8321,29,1,11,-3,43,8,1829,0,31,12
11-18-20,Unicoi,716,9,616,5,100,4,705,6,8569,22,9274,28,0,18,-4,117,13,581,0,40,23
11-18-20,Union,665,6,600,4,65,2,680,4,6618,32,7298,36,0,5,2,63,4,597,0,26,5
11-18-20,Van Buren,310,7,280,7,30,0,324,10,3226,11,3550,21,0,2,5,62,2,246,1,10,2
11-18-20,Warren,2127,45,1933,37,194,8,2253,44,19566,184,21819,228,0,16,9,345,36,1766,1,38,18
11-18-20,Washington,5217,62,4947,40,270,22,5554,36,47038,124,52592,160,1,89,-8,613,69,4515,6,211,99
11-18-20,Wayne,1745,14,1697,10,48,4,1865,9,7744,30,9609,39,1,9,6,80,7,1656,0,27,11
11-18-20,Weakley,1985,27,1732,13,253,14,2011,18,14542,32,16553,50,0,34,15,241,12,1710,1,42,34
11-18-20,White,1592,16,1425,9,167,7,1851,8,14936,41,16787,49,0,17,-1,159,17,1416,2,78,17
11-18-20,Williamson,10086,111,9613,106,473,5,11026,113,103450,495,114476,608,1,69,-59,1439,169,8578,3,184,78
11-18-20,Wilson,6555,127,6355,119,200,8,7442,135,56571,705,64013,840,1,70,48,835,78,5650,4,185,74
11-17-20,Anderson,2497,18,2353,17,144,1,2694,18,37011,191,39705,209,2,25,-35,388,51,2084,1,78,26
11-17-20,Bedford,2346,20,2161,19,185,1,2585,24,18460,85,21045,109,0,24,-26,312,46,2010,0,70,29
11-17-20,Benton,677,18,637,18,40,0,698,22,6179,41,6877,63,0,13,6,150,12,514,1,22,14
11-17-20,Bledsoe,1118,2,1106,2,12,0,1174,3,10119,23,11293,26,0,4,-5,32,7,1082,0,23,5
11-17-20,Blount,4732,72,4552,65,180,7,5235,70,42402,297,47637,367,1,49,3,785,68,3898,3,173,58
11-17-20,Bradley,4564,85,4281,72,283,13,5068,69,34750,183,39818,252,1,30,32,539,52,3995,5,253,35
11-17-20,Campbell,1355,8,1113,6,242,2,1274,6,17120,57,18394,63,0,20,-8,127,16,1208,1,67,23
11-17-20,Cannon,644,12,589,12,55,0,690,12,5717,70,6407,82,0,2,4,128,8,514,0,17,3
11-17-20,Carroll,1474,15,1223,14,251,1,1491,20,14310,68,15801,88,0,30,-4,190,19,1254,0,58,33
11-17-20,Carter,2380,60,2239,47,141,13,2481,60,22751,91,25232,151,1,45,25,361,34,1974,0,145,51
11-17-20,Cheatham,1387,16,1316,14,71,2,1551,14,15585,83,17136,97,0,16,3,150,13,1221,0,46,16
11-17-20,Chester,896,5,724,5,172,0,930,5,7099,34,8029,39,0,19,-8,75,13,802,0,27,21
11-17-20,Claiborne,676,8,578,8,98,0,684,8,13803,30,14487,38,0,9,0,92,8,575,0,30,8
11-17-20,Clay,494,5,371,3,123,2,437,2,3773,6,4210,8,0,17,2,54,3,423,0,18,21
11-17-20,Cocke,1479,11,1271,9,208,2,1422,9,12177,100,13599,109,0,26,4,185,7,1268,0,71,29
11-17-20,Coffee,2476,29,2043,25,433,4,2562,30,27542,158,30104,188,0,36,7,284,22,2156,0,61,40
11-17-20,Crockett,1069,7,784,4,285,3,946,5,5033,14,5979,19,0,25,-8,50,15,994,0,25,27
11-17-20,Cumberland,2244,18,2147,15,97,3,2586,15,31340,75,33926,90,2,33,-24,336,40,1875,2,96,37
11-17-20,Davidson,39062,371,38579,369,483,2,47852,434,532343,2821,580195,3255,3,390,33,3280,335,35392,3,1372,404
11-17-20,Decatur,830,9,665,8,165,1,851,9,7981,18,8832,27,0,11,4,99,5,720,0,24,13
11-17-20,Dekalb,986,8,873,7,113,1,1068,5,11141,23,12209,28,1,20,-4,146,11,820,0,35,22
11-17-20,Dickson,2469,37,2057,29,412,8,2606,30,20416,110,23022,140,2,26,-5,402,40,2041,1,72,30
11-17-20,Dyer,2922,29,2353,18,569,11,2693,18,15901,54,18594,72,0,47,-14,300,43,2575,0,85,53
11-17-20,Fayette,2032,8,1950,7,82,1,2469,8,22008,59,24477,67,1,37,-4,156,11,1839,0,93,40
11-17-20,Fentress,1111,9,993,9,118,0,1196,11,6805,52,8001,63,2,19,-5,94,12,998,0,44,22
11-17-20,Franklin,1788,28,1664,27,124,1,2044,37,20328,115,22372,152,0,29,10,284,18,1475,0,68,32
11-17-20,Gibson,2716,32,1975,13,741,19,2609,12,19860,66,22469,78,1,60,-11,305,42,2351,0,72,65
11-17-20,Giles,1287,16,1229,16,58,0,1448,19,13661,71,15109,90,1,40,0,166,15,1081,0,62,44
11-17-20,Grainger,829,7,693,7,136,0,819,9,8564,38,9383,47,1,10,-4,94,10,725,1,42,17
11-17-20,Greene,2661,62,2468,54,193,8,2817,67,24667,225,27484,292,1,66,26,380,35,2215,0,118,67
11-17-20,Grundy,718,11,667,9,51,2,796,9,4348,27,5144,36,0,14,5,53,6,651,0,44,14
11-17-20,Hamblen,3081,8,2734,7,347,1,3173,7,30002,65,33175,72,0,56,-23,354,31,2671,0,146,65
11-17-20,Hamilton,14964,172,14094,154,870,18,16248,157,185345,1044,201593,1201,1,125,11,1475,160,13364,5,550,141
11-17-20,Hancock,136,1,122,1,14,0,138,1,2386,4,2524,5,0,3,0,7,1,126,0,11,3
11-17-20,Hardeman,2130,8,1979,7,151,1,2375,8,18251,40,20626,48,0,35,-4,94,12,2001,0,82,38
11-17-20,Hardin,1636,14,1308,11,328,3,1654,11,16032,108,17686,119,0,25,3,128,11,1483,0,38,28
11-17-20,Hawkins,1690,32,1571,31,119,1,1758,35,15846,64,17604,99,0,31,14,242,18,1417,1,92,35
11-17-20,Haywood,1513,10,1378,7,135,3,1583,7,9187,26,10770,33,1,29,-4,99,13,1385,0,58,29
11-17-20,Henderson,1668,21,1325,18,343,3,1869,24,11473,46,13342,70,0,30,6,147,15,1491,0,55,32
11-17-20,Henry,1280,32,1192,28,88,4,1393,32,12775,82,14168,114,0,15,12,263,20,1002,2,49,17
11-17-20,Hickman,1048,23,951,21,97,2,1168,22,10084,50,11252,72,0,17,16,152,7,879,0,26,19
11-17-20,Houston,550,11,464,8,86,3,541,8,4705,107,5246,115,0,19,2,58,9,473,0,31,19
11-17-20,Humphreys,621,10,479,8,142,2,591,8,7564,52,8155,60,1,7,3,75,6,539,1,22,8
11-17-20,Jackson,629,3,497,2,132,1,605,1,3467,14,4072,15,0,7,-9,94,12,528,0,25,8
11-17-20,Jefferson,1981,11,1700,10,281,1,1997,10,23581,62,25578,72,1,28,-7,262,17,1691,0,97,31
11-17-20,Johnson,1343,11,1278,11,65,0,1373,12,9325,33,10698,45,1,18,1,68,9,1257,0,38,22
11-17-20,Knox,16694,247,15837,237,857,10,17662,250,186312,989,203974,1239,9,126,83,1854,155,14714,6,574,137
11-17-20,Lake,1114,2,1065,1,49,1,1290,3,7450,14,8740,17,0,5,-9,77,11,1032,0,12,5
11-17-20,Lauderdale,1887,17,1598,16,289,1,1854,16,14877,72,16731,88,0,20,1,294,16,1573,0,65,21
11-17-20,Lawrence,2351,34,2146,28,205,6,2419,31,16967,67,19386,98,0,26,12,401,22,1924,0,80,32
11-17-20,Lewis,679,14,656,14,23,0,720,15,6900,32,7620,47,0,9,2,85,12,585,0,24,15
11-17-20,Lincoln,1296,14,1142,14,154,0,1346,18,10786,56,12132,74,2,10,-17,176,29,1110,0,37,15
11-17-20,Loudon,2050,15,1977,15,73,0,2217,16,19631,93,21848,109,1,16,-5,222,19,1812,0,61,17
11-17-20,Macon,1661,8,1550,6,111,2,1882,7,10145,40,12027,47,1,27,-10,178,17,1456,0,94,28
11-17-20,Madison,4746,41,3228,32,1518,9,4327,35,36994,193,41321,228,2,96,-17,401,56,4249,0,232,113
11-17-20,Marion,996,9,957,9,39,0,1139,10,9809,46,10948,56,0,15,4,57,5,924,0,64,18
11-17-20,Marshall,1543,34,1514,33,29,1,1730,31,13993,94,15723,125,0,15,11,209,23,1319,0,36,17
11-17-20,Maury,5141,41,5026,41,115,0,5626,50,42663,165,48289,215,2,48,-78,875,117,4218,1,158,56
11-17-20,McMinn,2213,28,2142,28,71,0,2455,27,24309,130,26764,157,2,50,3,317,23,1846,0,92,55
11-17-20,McNairy,1324,11,1050,10,274,1,1421,12,10642,54,12063,66,0,31,0,82,11,1211,0,48,34
11-17-20,Meigs,430,4,422,3,8,1,494,4,4402,26,4896,30,0,10,-5,50,9,370,0,23,12
11-17-20,Monroe,1868,5,1802,5,66,0,2073,6,15890,40,17963,46,2,42,-17,215,20,1611,0,98,43
11-17-20,Montgomery,5722,46,5058,36,664,10,5780,37,60104,271,65884,308,0,77,-20,545,66,5100,0,173,82
11-17-20,Moore,346,9,295,7,51,2,355,7,3164,8,3519,15,0,2,6,48,3,296,0,6,2
11-17-20,Morgan,591,6,552,5,39,1,616,5,10301,22,10917,27,0,6,-1,93,7,492,0,14,6
11-17-20,Obion,2326,39,1933,21,393,18,2217,22,14061,28,16278,50,2,38,6,290,31,1998,0,68,50
11-17-20,Out of State,4408,56,4007,42,401,14,4588,45,390380,1355,394968,1400,2,45,-7,768,61,3595,0,116,28
11-17-20,Overton,1434,6,1194,5,240,1,1456,5,9767,30,11223,35,1,34,1,97,4,1303,0,51,37
11-17-20,Pending,3178,69,2662,55,516,14,3064,67,239839,736,242903,803,0,10,2,734,67,2434,2,51,16
11-17-20,Perry,438,3,406,3,32,0,462,3,4505,5,4967,8,0,18,-1,40,4,380,0,24,21
11-17-20,Pickett,341,0,246,0,95,0,306,0,1918,2,2224,2,1,12,-8,32,7,297,0,18,12
11-17-20,Polk,608,4,578,4,30,0,674,6,5135,23,5809,29,0,14,2,40,2,554,0,33,14
11-17-20,Putnam,5430,15,4778,12,652,3,5952,13,43524,77,49476,90,2,73,-36,449,49,4908,1,155,80
11-17-20,Rhea,1470,23,1397,21,73,2,1651,21,15084,99,16735,120,0,28,8,164,15,1278,0,56,30
11-17-20,Roane,2070,29,1985,27,85,2,2266,21,26605,135,28871,156,3,17,-10,356,36,1697,1,67,24
11-17-20,Robertson,3310,45,3210,45,100,0,3806,47,25382,161,29188,208,2,48,15,402,28,2860,4,224,52
11-17-20,Rutherford,15785,221,15336,216,449,5,18377,234,127913,909,146290,1143,3,134,4,1705,214,13946,3,368,148
11-17-20,Scott,801,12,603,6,198,6,661,6,6987,42,7648,48,0,6,-8,260,20,535,0,26,7
11-17-20,Sequatchie,474,12,463,10,11,2,513,9,7516,32,8029,41,0,5,7,60,5,409,1,18,5
11-17-20,Sevier,4271,40,4103,38,168,2,4604,40,36393,199,40997,239,0,27,-5,456,45,3788,0,145,33
11-17-20,Shelby,43860,256,42820,241,1040,15,53233,314,516888,1678,570121,1992,3,616,-118,3677,371,39567,5,2474,689
11-17-20,Smith,1295,14,1171,11,124,3,1508,11,7904,43,9412,54,0,17,2,165,12,1113,1,41,18
11-17-20,Stewart,517,7,451,7,66,0,529,7,4227,43,4756,50,0,14,-3,72,10,431,0,15,15
11-17-20,Sullivan,5487,89,5076,88,411,1,5581,96,47499,235,53080,331,0,77,1,703,88,4707,5,369,89
11-17-20,Sumner,8410,147,8269,147,141,0,9592,160,68503,543,78095,703,2,126,54,1229,91,7055,2,515,136
11-17-20,Tipton,3133,31,2673,25,460,6,3322,34,29277,128,32599,162,1,33,0,407,30,2693,0,114,37
11-17-20,Trousdale,1877,6,1857,6,20,0,1964,6,6328,14,8292,20,0,10,3,46,3,1821,0,31,12
11-17-20,Unicoi,707,20,611,20,96,0,699,24,8547,39,9246,63,1,18,7,121,12,568,0,40,22
11-17-20,Union,659,6,596,6,63,0,676,5,6586,27,7262,32,0,5,2,61,4,593,0,26,5
11-17-20,Van Buren,303,10,273,9,30,1,314,10,3215,13,3529,23,0,2,5,57,5,244,0,9,2
11-17-20,Warren,2082,18,1896,11,186,7,2209,17,19382,117,21591,134,0,16,-17,336,35,1730,0,37,18
11-17-20,Washington,5155,91,4907,89,248,2,5518,112,46914,314,52432,426,1,88,16,621,74,4446,3,205,98
11-17-20,Wayne,1731,16,1687,14,44,2,1856,15,7714,59,9570,74,0,8,12,74,4,1649,0,27,11
11-17-20,Weakley,1958,26,1719,22,239,4,1993,26,14510,55,16503,81,0,34,11,226,15,1698,0,41,34
11-17-20,White,1576,16,1416,14,160,2,1843,15,14895,74,16738,89,0,17,-3,160,19,1399,0,76,17
11-17-20,Williamson,9975,116,9507,105,468,11,10913,113,102955,684,113868,797,2,68,-22,1498,136,8409,2,181,77
11-17-20,Wilson,6428,76,6236,71,192,5,7307,77,55866,286,63173,363,0,69,-11,787,87,5572,2,181,73
11-16-20,Anderson,2479,48,2336,28,143,20,2676,28,36820,286,39496,314,0,23,-8,423,56,2033,1,77,25
11-16-20,Bedford,2326,51,2142,50,184,1,2561,52,18375,179,20936,231,0,24,-4,338,55,1964,1,70,28
11-16-20,Benton,659,8,619,8,40,0,676,6,6138,20,6814,26,0,13,-12,144,20,502,1,21,14
11-16-20,Bledsoe,1116,7,1104,7,12,0,1171,8,10096,85,11267,93,0,4,-4,37,11,1075,1,23,5
11-16-20,Blount,4660,113,4487,112,173,1,5165,123,42105,268,47270,391,1,48,53,782,59,3830,2,170,55
11-16-20,Bradley,4479,78,4209,66,270,12,4999,68,34567,266,39566,334,2,29,19,507,57,3943,1,248,33
11-16-20,Campbell,1347,22,1107,21,240,1,1268,20,17063,101,18331,121,0,20,9,135,13,1192,1,66,22
11-16-20,Cannon,632,3,577,2,55,1,678,2,5647,30,6325,32,0,2,-12,124,15,506,0,17,3
11-16-20,Carroll,1459,11,1209,10,250,1,1471,9,14242,30,15713,39,0,30,-19,194,30,1235,0,58,33
11-16-20,Carter,2320,46,2192,44,128,2,2421,49,22660,265,25081,314,0,44,-6,336,52,1940,1,145,47
11-16-20,Cheatham,1371,18,1302,18,69,0,1537,18,15502,139,17039,157,3,16,-1,147,16,1208,0,46,16
11-16-20,Chester,891,10,719,5,172,5,925,3,7065,17,7990,20,0,19,-8,83,18,789,0,27,21
11-16-20,Claiborne,668,6,570,6,98,0,676,7,13773,77,14449,84,0,9,2,92,4,567,0,30,8
11-16-20,Clay,489,5,368,2,121,3,435,3,3767,11,4202,14,1,17,-4,52,8,420,0,18,21
11-16-20,Cocke,1468,20,1262,16,206,4,1413,18,12077,61,13490,79,0,26,5,181,15,1261,0,71,28
11-16-20,Coffee,2447,53,2018,23,429,30,2532,23,27384,162,29916,185,0,36,17,277,36,2134,0,61,40
11-16-20,Crockett,1062,1,780,1,282,0,941,1,5019,16,5960,17,0,25,-8,58,9,979,0,25,27
11-16-20,Cumberland,2226,19,2132,16,94,3,2571,18,31265,110,33836,128,0,31,-34,360,53,1835,0,94,36
11-16-20,Davidson,38691,518,38210,510,481,8,47418,604,529522,4827,576940,5431,5,387,14,3247,499,35057,11,1369,403
11-16-20,Decatur,821,6,657,5,164,1,842,6,7963,53,8805,59,0,11,-9,95,15,715,0,24,13
11-16-20,Dekalb,978,13,866,6,112,7,1063,6,11118,109,12181,115,0,19,-7,150,20,809,0,35,22
11-16-20,Dickson,2432,47,2028,46,404,1,2576,57,20306,140,22882,197,0,24,-5,407,52,2001,0,71,29
11-16-20,Dyer,2893,12,2335,6,558,6,2675,6,15847,54,18522,60,0,47,-48,314,60,2532,0,85,53
11-16-20,Fayette,2024,11,1943,11,81,0,2461,11,21949,95,24410,106,0,36,-14,160,25,1828,0,93,39
11-16-20,Fentress,1102,8,984,8,118,0,1185,8,6753,85,7938,93,0,17,-5,99,13,986,0,44,21
11-16-20,Franklin,1760,46,1637,36,123,10,2007,33,20213,232,22220,265,0,29,14,274,32,1457,0,68,32
11-16-20,Gibson,2684,20,1962,12,722,8,2597,19,19794,60,22391,79,0,59,-8,316,28,2309,0,72,64
11-16-20,Giles,1271,25,1213,19,58,6,1429,20,13590,148,15019,168,0,39,-1,166,26,1066,1,62,44
11-16-20,Grainger,822,3,686,2,136,1,810,2,8526,19,9336,21,0,9,-6,98,9,715,0,41,16
11-16-20,Greene,2599,68,2414,56,185,12,2750,58,24442,176,27192,234,2,65,12,354,54,2180,0,118,67
11-16-20,Grundy,707,6,658,5,49,1,787,5,4321,48,5108,53,0,14,-3,48,9,645,1,44,14
11-16-20,Hamblen,3073,21,2727,18,346,3,3166,18,29937,82,33103,100,0,56,-7,377,28,2640,1,146,65
11-16-20,Hamilton,14792,243,13940,227,852,16,16091,240,184301,1350,200392,1590,1,124,66,1464,176,13204,6,545,137
11-16-20,Hancock,135,1,121,0,14,1,137,0,2382,15,2519,15,0,3,1,7,0,125,0,11,3
11-16-20,Hardeman,2122,6,1972,6,150,0,2367,9,18211,47,20578,56,0,35,-12,98,18,1989,0,82,37
11-16-20,Hardin,1622,8,1297,8,325,0,1643,8,15924,36,17567,44,0,25,-9,125,17,1472,0,38,27
11-16-20,Hawkins,1658,28,1540,21,118,7,1723,31,15782,264,17505,295,0,31,-2,228,30,1399,0,91,35
11-16-20,Haywood,1503,3,1371,2,132,1,1576,5,9161,13,10737,18,0,28,-11,103,14,1372,0,58,29
11-16-20,Henderson,1647,10,1307,5,340,5,1845,5,11427,65,13272,70,0,30,-6,141,16,1476,0,55,32
11-16-20,Henry,1248,16,1164,16,84,0,1361,13,12693,93,14054,106,0,15,-20,251,36,982,0,47,17
11-16-20,Hickman,1025,13,930,13,95,0,1146,17,10034,88,11180,105,1,17,-7,136,19,872,0,26,19
11-16-20,Houston,539,1,456,1,83,0,533,2,4598,7,5131,9,0,19,-3,56,4,464,0,31,19
11-16-20,Humphreys,611,8,471,8,140,0,583,8,7512,36,8095,44,0,6,-12,72,20,533,0,21,8
11-16-20,Jackson,626,13,495,3,131,10,604,1,3453,22,4057,23,0,7,3,103,10,516,1,25,8
11-16-20,Jefferson,1970,22,1690,17,280,5,1987,18,23519,191,25506,209,0,27,5,269,17,1674,0,97,31
11-16-20,Johnson,1332,10,1267,8,65,2,1361,9,9292,84,10653,93,0,17,2,67,8,1248,0,38,21
11-16-20,Knox,16447,273,15600,261,847,12,17412,285,185323,1427,202735,1712,2,117,79,1771,192,14559,6,568,136
11-16-20,Lake,1112,1,1064,0,48,1,1287,0,7436,64,8723,64,0,5,-11,86,12,1021,0,12,5
11-16-20,Lauderdale,1870,23,1582,21,288,2,1838,24,14805,53,16643,77,0,20,8,293,15,1557,0,65,21
11-16-20,Lawrence,2317,53,2118,37,199,16,2388,42,16900,219,19288,261,1,26,-15,389,67,1902,0,80,31
11-16-20,Lewis,665,14,642,12,23,2,705,14,6868,117,7573,131,0,9,-8,83,22,573,0,24,14
11-16-20,Lincoln,1282,17,1128,17,154,0,1328,20,10730,58,12058,78,0,8,-34,193,51,1081,0,37,14
11-16-20,Loudon,2035,14,1962,14,73,0,2201,16,19538,153,21739,169,0,15,-17,227,31,1793,0,61,17
11-16-20,Macon,1653,9,1544,8,109,1,1875,11,10105,17,11980,28,0,26,-12,188,21,1439,0,94,27
11-16-20,Madison,4705,44,3196,30,1509,14,4292,30,36801,149,41093,179,0,94,-20,418,64,4193,1,232,112
11-16-20,Marion,987,14,948,13,39,1,1129,12,9763,99,10892,111,0,15,1,53,13,919,0,64,17
11-16-20,Marshall,1509,33,1481,33,28,0,1699,39,13899,126,15598,165,0,15,2,198,31,1296,0,36,16
11-16-20,Maury,5100,217,4985,215,115,2,5576,222,42498,982,48074,1204,0,46,99,953,118,4101,6,157,53
11-16-20,McMinn,2185,34,2114,34,71,0,2428,36,24179,182,26607,218,0,48,9,314,25,1823,1,92,55
11-16-20,McNairy,1313,2,1040,2,273,0,1409,2,10588,55,11997,57,0,31,-16,82,18,1200,0,48,34
11-16-20,Meigs,426,8,419,8,7,0,490,9,4376,39,4866,48,0,10,-1,55,9,361,0,23,12
11-16-20,Monroe,1863,35,1797,35,66,0,2067,35,15850,130,17917,165,0,40,10,232,25,1591,0,98,43
11-16-20,Montgomery,5676,92,5022,81,654,11,5743,86,59833,589,65576,675,2,77,-26,565,116,5034,1,173,80
11-16-20,Moore,337,5,288,4,49,1,348,4,3156,18,3504,22,0,2,3,42,2,293,0,6,2
11-16-20,Morgan,585,9,547,9,38,0,611,9,10279,53,10890,62,0,6,-2,94,11,485,2,14,6
11-16-20,Obion,2287,21,1912,11,375,10,2195,11,14033,68,16228,79,0,36,-36,284,57,1967,0,68,49
11-16-20,Out of State,4352,113,3965,84,387,29,4543,90,389025,2733,393568,2823,1,43,11,775,101,3534,1,116,28
11-16-20,Overton,1428,3,1189,3,239,0,1451,4,9737,56,11188,60,0,33,-9,96,12,1299,0,51,36
11-16-20,Pending,3109,112,2607,104,502,8,2997,115,239103,1727,242100,1842,0,10,-29,732,141,2367,2,49,16
11-16-20,Perry,435,4,403,2,32,2,459,2,4500,10,4959,12,0,18,-4,41,8,376,0,24,21
11-16-20,Pickett,341,2,246,1,95,1,306,1,1916,41,2222,42,0,11,-6,40,8,290,0,18,12
11-16-20,Polk,604,5,574,5,30,0,668,5,5112,37,5780,42,1,14,0,38,4,552,1,33,14
11-16-20,Putnam,5415,44,4766,37,649,7,5939,39,43447,276,49386,315,1,71,-11,485,54,4859,2,154,80
11-16-20,Rhea,1447,40,1376,40,71,0,1630,43,14985,161,16615,204,1,28,12,156,27,1263,0,56,30
11-16-20,Roane,2041,33,1958,30,83,3,2245,33,26470,178,28715,211,0,14,-11,366,44,1661,0,66,24
11-16-20,Robertson,3265,50,3165,47,100,3,3759,50,25221,324,28980,374,0,46,14,387,36,2832,1,220,52
11-16-20,Rutherford,15564,205,15120,198,444,7,18143,216,127004,1221,145147,1437,0,131,-5,1701,210,13732,5,365,142
11-16-20,Scott,789,17,597,8,192,9,655,9,6945,42,7600,51,0,6,-11,268,28,515,0,26,7
11-16-20,Sequatchie,462,10,453,10,9,0,504,10,7484,161,7988,171,0,5,3,53,7,404,0,17,5
11-16-20,Sevier,4231,55,4065,47,166,8,4564,51,36194,257,40758,308,0,27,-5,461,60,3743,2,145,32
11-16-20,Shelby,43604,551,42579,542,1025,9,52919,613,515210,4226,568129,4839,1,613,133,3795,417,39196,7,2469,681
11-16-20,Smith,1281,9,1160,4,121,5,1497,4,7861,25,9358,29,0,17,-1,163,10,1101,0,40,18
11-16-20,Stewart,510,17,444,11,66,6,522,12,4184,23,4706,35,1,14,-7,75,23,421,0,15,15
11-16-20,Sullivan,5398,113,4988,110,410,3,5485,120,47264,571,52749,691,0,77,2,702,111,4619,1,364,86
11-16-20,Sumner,8263,139,8122,136,141,3,9432,139,67960,574,77392,713,2,124,2,1175,135,6964,3,513,134
11-16-20,Tipton,3102,20,2648,15,454,5,3288,19,29149,131,32437,150,0,32,-29,407,49,2663,1,114,36
11-16-20,Trousdale,1871,3,1851,3,20,0,1958,3,6314,29,8272,32,0,10,-7,43,10,1818,0,31,12
11-16-20,Unicoi,687,18,591,18,96,0,675,18,8508,64,9183,82,0,17,-9,114,27,556,0,40,21
11-16-20,Union,653,7,590,7,63,0,671,10,6559,49,7230,59,0,5,2,59,5,589,0,26,5
11-16-20,Van Buren,293,3,264,2,29,1,304,2,3202,62,3506,64,0,2,-2,52,5,239,0,9,2
11-16-20,Warren,2064,8,1885,4,179,4,2192,6,19265,155,21457,161,1,16,-39,353,46,1695,0,37,18
11-16-20,Washington,5064,96,4818,95,246,1,5406,112,46600,480,52006,592,0,87,-10,605,106,4372,1,202,97
11-16-20,Wayne,1715,13,1673,12,42,1,1841,10,7655,54,9496,64,0,8,5,62,8,1645,1,27,11
11-16-20,Weakley,1932,12,1697,8,235,4,1967,7,14455,118,16422,125,0,34,-15,215,27,1683,0,41,34
11-16-20,White,1560,7,1402,3,158,4,1828,3,14821,91,16649,94,0,17,-18,163,25,1380,0,76,17
11-16-20,Williamson,9859,233,9402,216,457,17,10800,231,102271,1088,113071,1319,0,66,54,1520,179,8273,1,179,76
11-16-20,Wilson,6352,91,6165,88,187,3,7230,97,55580,387,62810,484,0,69,-4,798,95,5485,2,179,71
11-15-20,Anderson,2431,98,2308,98,123,0,2648,107,36534,589,39182,696,1,23,79,431,18,1977,1,76,25
11-15-20,Bedford,2275,58,2092,49,183,9,2509,53,18196,222,20705,275,0,24,45,342,13,1909,0,69,25
11-15-20,Benton,651,18,611,17,40,1,670,19,6118,58,6788,77,0,13,15,156,3,482,0,20,14
11-15-20,Bledsoe,1109,5,1097,5,12,0,1163,5,10011,76,11174,81,0,4,5,41,0,1064,0,22,5
11-15-20,Blount,4547,165,4375,158,172,7,5042,169,41837,669,46879,838,0,47,137,729,28,3771,3,168,54
11-15-20,Bradley,4401,53,4143,48,258,5,4931,62,34301,225,39232,287,0,27,32,488,21,3886,1,247,33
11-15-20,Campbell,1325,11,1086,7,239,4,1248,11,16962,216,18210,227,1,20,6,126,4,1179,1,65,22
11-15-20,Cannon,629,23,575,20,54,3,676,22,5617,81,6293,103,0,2,18,136,5,491,0,17,3
11-15-20,Carroll,1448,41,1199,36,249,5,1462,42,14212,140,15674,182,0,30,34,213,7,1205,0,58,32
11-15-20,Carter,2274,35,2148,31,126,4,2372,44,22395,220,24767,264,1,44,11,342,23,1888,2,144,47
11-15-20,Cheatham,1353,33,1284,28,69,5,1519,28,15363,223,16882,251,0,13,23,148,10,1192,1,46,16
11-15-20,Chester,881,23,714,22,167,1,922,22,7048,84,7970,106,0,19,14,91,9,771,0,27,21
11-15-20,Claiborne,662,20,564,20,98,0,669,20,13696,155,14365,175,0,9,18,90,2,563,0,30,8
11-15-20,Clay,484,7,366,7,118,0,432,8,3756,26,4188,34,0,16,7,56,0,412,1,18,21
11-15-20,Cocke,1448,27,1246,26,202,1,1395,42,12016,193,13411,235,0,26,17,176,10,1246,0,71,28
11-15-20,Coffee,2394,44,1995,34,399,10,2509,42,27222,286,29731,328,0,36,29,260,15,2098,0,61,40
11-15-20,Crockett,1061,11,779,5,282,6,940,6,5003,41,5943,47,0,25,8,66,3,970,0,25,27
11-15-20,Cumberland,2207,71,2116,71,91,0,2553,76,31155,463,33708,539,0,31,60,394,11,1782,1,94,36
11-15-20,Davidson,38173,574,37700,554,473,20,46814,647,524695,8820,571509,9467,2,382,332,3233,240,34558,9,1358,402
11-15-20,Decatur,815,8,652,7,163,1,836,7,7910,132,8746,139,0,11,8,104,0,700,0,24,13
11-15-20,Dekalb,965,18,860,15,105,3,1057,17,11009,111,12066,128,0,19,14,157,4,789,0,35,22
11-15-20,Dickson,2385,81,1982,61,403,20,2519,72,20166,343,22685,415,1,24,58,412,22,1949,0,71,29
11-15-20,Dyer,2881,60,2329,37,552,23,2669,42,15793,184,18462,226,0,47,46,362,14,2472,0,85,53
11-15-20,Fayette,2013,31,1932,31,81,0,2450,35,21854,294,24304,329,0,36,28,174,3,1803,0,93,39
11-15-20,Fentress,1094,18,976,18,118,0,1177,21,6668,74,7845,95,1,17,14,104,3,973,0,44,21
11-15-20,Franklin,1714,45,1601,38,113,7,1974,56,19981,190,21955,246,0,29,35,260,10,1425,0,68,31
11-15-20,Gibson,2664,55,1950,40,714,15,2578,41,19734,273,22312,314,0,59,47,324,8,2281,1,72,63
11-15-20,Giles,1246,11,1194,11,52,0,1409,20,13442,165,14851,185,0,39,6,167,5,1040,0,61,42
11-15-20,Grainger,819,24,684,19,135,5,808,22,8507,97,9315,119,0,9,22,104,2,706,0,41,16
11-15-20,Greene,2531,56,2358,38,173,18,2692,44,24266,357,26958,401,0,63,29,342,27,2126,1,118,66
11-15-20,Grundy,701,15,653,14,48,1,782,16,4273,46,5055,62,0,14,15,51,0,636,0,43,14
11-15-20,Hamblen,3052,92,2709,83,343,9,3148,88,29855,300,33003,388,0,56,78,384,14,2612,3,145,63
11-15-20,Hamilton,14549,263,13713,238,836,25,15851,272,182951,1574,198802,1846,0,123,158,1398,105,13028,9,539,136
11-15-20,Hancock,134,4,121,4,13,0,137,4,2367,26,2504,30,0,3,4,6,0,125,0,11,3
11-15-20,Hardeman,2116,17,1966,17,150,0,2358,24,18164,110,20522,134,0,35,12,110,5,1971,0,82,37
11-15-20,Hardin,1614,26,1289,18,325,8,1635,20,15888,160,17523,180,0,25,24,134,2,1455,0,38,27
11-15-20,Hawkins,1630,39,1519,37,111,2,1692,39,15518,245,17210,284,0,31,27,230,12,1369,4,91,32
11-15-20,Haywood,1500,23,1369,20,131,3,1571,20,9148,74,10719,94,0,28,19,114,4,1358,0,58,29
11-15-20,Henderson,1637,30,1302,23,335,7,1840,25,11362,108,13202,133,0,30,20,147,10,1460,0,55,32
11-15-20,Henry,1232,58,1148,52,84,6,1348,58,12600,110,13948,168,0,15,51,271,7,946,0,47,17
11-15-20,Hickman,1012,31,917,27,95,4,1129,29,9946,153,11075,182,0,16,30,143,1,853,0,26,18
11-15-20,Houston,538,9,455,8,83,1,531,8,4591,156,5122,164,0,19,4,59,5,460,0,31,19
11-15-20,Humphreys,603,16,463,14,140,2,575,15,7476,86,8051,101,0,6,11,84,5,513,0,21,8
11-15-20,Jackson,613,10,492,10,121,0,603,12,3431,36,4034,48,0,7,6,100,4,506,0,24,7
11-15-20,Jefferson,1948,47,1673,35,275,12,1969,44,23328,221,25297,265,0,27,45,264,2,1657,2,97,30
11-15-20,Johnson,1322,12,1259,11,63,1,1352,15,9208,61,10560,76,0,17,11,65,1,1240,0,38,19
11-15-20,Knox,16174,272,15339,245,835,27,17127,293,183896,2313,201023,2606,2,115,159,1692,111,14367,3,562,134
11-15-20,Lake,1111,14,1064,14,47,0,1287,15,7372,50,8659,65,0,5,12,97,2,1009,0,12,5
11-15-20,Lauderdale,1847,20,1561,15,286,5,1814,17,14752,125,16566,142,0,20,15,285,5,1542,0,65,21
11-15-20,Lawrence,2264,49,2081,40,183,9,2346,47,16681,259,19027,306,0,25,37,404,12,1835,1,80,30
11-15-20,Lewis,651,11,630,7,21,4,691,12,6751,25,7442,37,0,9,6,91,5,551,0,24,12
11-15-20,Lincoln,1265,21,1111,17,154,4,1308,21,10672,105,11980,126,0,8,16,227,5,1030,0,37,14
11-15-20,Loudon,2021,39,1948,39,73,0,2185,44,19385,322,21570,366,0,15,34,244,5,1762,0,61,17
11-15-20,Macon,1644,30,1536,30,108,0,1864,32,10088,137,11952,169,0,26,28,200,2,1418,1,94,26
11-15-20,Madison,4661,89,3166,65,1495,24,4262,67,36652,317,40914,384,0,94,48,438,41,4129,0,231,111
11-15-20,Marion,973,14,935,14,38,0,1117,17,9664,112,10781,129,0,15,6,52,8,906,0,64,17
11-15-20,Marshall,1476,15,1448,12,28,3,1660,16,13773,189,15433,205,0,15,9,196,6,1265,0,36,16
11-15-20,Maury,4883,118,4770,108,113,10,5354,126,41516,402,46870,528,0,46,53,854,65,3983,5,151,52
11-15-20,McMinn,2151,47,2080,42,71,5,2392,46,23997,295,26389,341,0,48,36,305,11,1798,0,91,55
11-15-20,McNairy,1311,12,1038,10,273,2,1407,11,10533,92,11940,103,0,31,7,98,5,1182,0,48,34
11-15-20,Meigs,418,6,411,6,7,0,481,6,4337,41,4818,47,0,10,3,56,3,352,0,23,12
11-15-20,Monroe,1828,35,1762,32,66,3,2032,36,15720,268,17752,304,0,40,25,222,10,1566,1,98,43
11-15-20,Montgomery,5584,153,4941,144,643,9,5657,158,59244,809,64901,967,0,75,105,591,48,4918,7,172,79
11-15-20,Moore,332,6,284,6,48,0,344,6,3138,20,3482,26,0,2,6,39,0,291,0,6,2
11-15-20,Morgan,576,15,538,14,38,1,602,13,10226,109,10828,122,0,6,12,96,3,474,0,12,6
11-15-20,Obion,2266,29,1901,18,365,11,2184,21,13965,148,16149,169,1,36,14,320,14,1910,1,68,47
11-15-20,Out of State,4239,169,3881,145,358,24,4453,161,386292,5222,390745,5383,-1,42,148,764,22,3433,1,115,28
11-15-20,Overton,1425,18,1186,15,239,3,1447,18,9681,79,11128,97,0,33,16,105,2,1287,0,51,35
11-15-20,Pending,2997,165,2503,138,494,27,2882,149,237376,2416,240258,2565,-1,10,123,761,43,2226,2,47,16
11-15-20,Perry,431,10,401,10,30,0,457,11,4490,38,4947,49,0,18,10,45,0,368,0,24,21
11-15-20,Pickett,339,5,245,4,94,1,305,4,1875,8,2180,12,0,11,4,46,1,282,1,18,12
11-15-20,Polk,599,3,569,3,30,0,663,5,5075,37,5738,42,0,13,0,38,3,548,1,32,14
11-15-20,Putnam,5371,95,4729,93,642,2,5900,101,43171,519,49071,620,0,70,73,496,22,4805,1,152,79
11-15-20,Rhea,1407,27,1336,23,71,4,1587,24,14824,114,16411,138,0,27,19,144,8,1236,0,56,30
11-15-20,Roane,2008,95,1928,94,80,1,2212,101,26292,421,28504,522,0,14,84,377,11,1617,3,66,23
11-15-20,Robertson,3215,98,3118,98,97,0,3709,105,24897,324,28606,429,0,46,80,373,18,2796,7,219,52
11-15-20,Rutherford,15359,354,14922,345,437,9,17927,392,125783,2218,143710,2610,2,131,227,1706,125,13522,3,360,142
11-15-20,Scott,772,49,589,29,183,20,646,30,6903,94,7549,124,0,6,37,279,12,487,0,26,7
11-15-20,Sequatchie,452,3,443,3,9,0,494,4,7323,62,7817,66,0,5,-2,50,5,397,0,17,5
11-15-20,Sevier,4176,70,4018,68,158,2,4513,70,35937,478,40450,548,0,27,48,466,22,3683,1,143,32
11-15-20,Shelby,43053,652,42037,615,1016,37,52306,709,510984,6437,563290,7146,1,612,457,3662,194,38779,10,2462,678
11-15-20,Smith,1272,34,1156,32,116,2,1493,34,7836,155,9329,189,0,17,29,164,5,1091,0,40,18
11-15-20,Stewart,493,18,433,17,60,1,510,20,4161,40,4671,60,0,13,13,82,5,398,0,15,15
11-15-20,Sullivan,5285,130,4878,80,407,50,5365,86,46693,507,52058,593,0,77,59,700,71,4508,4,363,85
11-15-20,Sumner,8124,240,7986,232,138,8,9293,253,67386,974,76679,1227,0,122,179,1173,61,6829,9,510,132
11-15-20,Tipton,3082,88,2633,69,449,19,3269,75,29018,406,32287,481,0,32,74,436,14,2614,0,113,36
11-15-20,Trousdale,1868,11,1848,11,20,0,1955,12,6285,53,8240,65,0,10,11,50,0,1808,0,31,12
11-15-20,Unicoi,669,16,573,10,96,6,657,13,8444,46,9101,59,0,17,13,123,3,529,0,40,19
11-15-20,Union,646,15,583,13,63,2,661,15,6510,63,7171,78,0,5,15,57,0,584,1,26,5
11-15-20,Van Buren,290,8,262,8,28,0,302,9,3140,25,3442,34,0,2,7,54,1,234,0,9,2
11-15-20,Warren,2056,62,1881,59,175,3,2186,63,19110,311,21296,374,1,15,52,392,9,1649,0,37,18
11-15-20,Washington,4968,100,4723,93,245,7,5294,98,46120,418,51414,516,2,87,53,615,45,4266,4,201,95
11-15-20,Wayne,1702,11,1661,11,41,0,1831,13,7601,54,9432,67,0,8,10,57,1,1637,1,26,9
11-15-20,Weakley,1920,59,1689,55,231,4,1960,57,14337,201,16297,258,1,34,49,230,9,1656,0,41,34
11-15-20,White,1553,42,1399,42,154,0,1825,47,14730,189,16555,236,0,17,36,181,6,1355,1,76,17
11-15-20,Williamson,9626,262,9186,255,440,7,10569,282,101183,1588,111752,1870,0,66,170,1466,92,8094,0,178,74
11-15-20,Wilson,6261,153,6077,149,184,4,7133,164,55193,799,62326,963,1,69,89,802,63,5390,2,177,70
11-14-20,Anderson,2333,42,2210,41,123,1,2541,47,35945,397,38486,444,1,22,21,352,20,1959,1,75,25
11-14-20,Bedford,2217,45,2043,45,174,0,2456,50,17974,127,20430,177,0,24,38,297,7,1896,1,69,25
11-14-20,Benton,633,17,594,14,39,3,651,16,6060,66,6711,82,0,13,12,141,5,479,0,20,14
11-14-20,Bledsoe,1104,6,1092,6,12,0,1158,7,9935,53,11093,60,0,4,4,36,2,1064,0,22,5
11-14-20,Blount,4382,104,4217,103,165,1,4873,115,41168,431,46041,546,0,47,64,592,40,3743,1,165,53
11-14-20,Bradley,4348,76,4095,70,253,6,4869,73,34076,304,38945,377,0,27,59,456,17,3865,3,246,33
11-14-20,Campbell,1314,16,1079,15,235,1,1237,21,16746,153,17983,174,1,19,4,120,11,1175,0,64,22
11-14-20,Cannon,606,28,555,25,51,3,654,27,5536,51,6190,78,0,2,21,118,7,486,0,17,3
11-14-20,Carroll,1407,30,1163,23,244,7,1420,35,14072,88,15492,123,0,30,19,179,11,1198,0,58,32
11-14-20,Carter,2239,33,2117,31,122,2,2328,39,22175,228,24503,267,0,43,19,331,14,1865,0,142,46
11-14-20,Cheatham,1320,12,1256,11,64,1,1491,11,15140,140,16631,151,0,13,5,125,7,1182,0,45,14
11-14-20,Chester,858,13,692,10,166,3,900,11,6964,48,7864,59,0,19,12,77,1,762,1,27,20
11-14-20,Claiborne,642,16,544,15,98,1,649,14,13541,171,14190,185,0,9,11,72,5,561,0,30,8
11-14-20,Clay,477,5,359,2,118,3,424,4,3730,34,4154,38,0,16,5,49,0,412,0,17,21
11-14-20,Cocke,1421,23,1220,21,201,2,1353,22,11823,103,13176,125,0,26,14,159,9,1236,0,71,28
11-14-20,Coffee,2350,22,1961,17,389,5,2467,19,26936,194,29403,213,0,36,17,231,5,2083,0,61,40
11-14-20,Crockett,1050,19,774,12,276,7,934,13,4962,30,5896,43,0,25,8,58,11,967,0,25,27
11-14-20,Cumberland,2136,45,2045,44,91,1,2477,46,30692,294,33169,340,0,31,38,334,7,1771,0,93,36
11-14-20,Davidson,37599,381,37146,373,453,8,46167,428,515875,4265,562042,4693,1,380,163,2901,217,34318,3,1349,400
11-14-20,Decatur,807,21,645,21,162,0,829,24,7778,106,8607,130,0,11,18,96,3,700,0,24,13
11-14-20,Dekalb,947,35,845,26,102,9,1040,27,10898,124,11938,151,0,19,27,143,8,785,0,35,22
11-14-20,Dickson,2304,51,1921,36,383,15,2447,32,19823,168,22270,200,0,23,31,354,20,1927,0,71,29
11-14-20,Dyer,2821,29,2292,24,529,5,2627,27,15609,95,18236,122,2,47,15,316,12,2458,0,85,53
11-14-20,Fayette,1982,25,1901,25,81,0,2415,28,21560,151,23975,179,0,36,16,146,9,1800,0,93,38
11-14-20,Fentress,1076,13,958,13,118,0,1156,16,6594,118,7750,134,0,16,11,90,2,970,0,44,20
11-14-20,Franklin,1669,40,1563,39,106,1,1918,43,19791,171,21709,214,0,29,31,225,9,1415,1,68,31
11-14-20,Gibson,2609,43,1910,29,699,14,2537,40,19461,140,21998,180,3,59,26,277,14,2273,0,71,63
11-14-20,Giles,1235,19,1183,18,52,1,1389,24,13277,100,14666,124,0,39,11,161,8,1035,0,61,41
11-14-20,Grainger,795,9,665,8,130,1,786,10,8410,74,9196,84,0,9,7,82,2,704,0,41,15
11-14-20,Greene,2475,44,2320,40,155,4,2648,50,23909,181,26557,231,0,63,26,313,18,2099,2,117,64
11-14-20,Grundy,686,4,639,4,47,0,766,5,4227,92,4993,97,0,14,3,36,1,636,0,43,14
11-14-20,Hamblen,2960,31,2626,29,334,2,3060,35,29555,195,32615,230,0,56,25,306,6,2598,0,142,63
11-14-20,Hamilton,14286,170,13475,156,811,14,15579,175,181377,1489,196956,1664,0,123,80,1240,90,12923,8,530,133
11-14-20,Hancock,130,0,117,0,13,0,133,0,2341,6,2474,6,0,3,0,2,0,125,0,11,3
11-14-20,Hardeman,2099,10,1949,10,150,0,2334,14,18054,49,20388,63,0,35,3,98,7,1966,0,82,37
11-14-20,Hardin,1588,20,1271,17,317,3,1615,17,15728,83,17343,100,0,25,19,110,1,1453,0,38,27
11-14-20,Hawkins,1591,24,1482,22,109,2,1653,23,15273,224,16926,247,0,31,14,203,10,1357,0,87,32
11-14-20,Haywood,1477,14,1349,12,128,2,1551,13,9074,116,10625,129,0,28,12,95,2,1354,0,58,29
11-14-20,Henderson,1607,20,1279,14,328,6,1815,18,11254,109,13069,127,0,30,14,127,6,1450,0,55,32
11-14-20,Henry,1174,46,1096,42,78,4,1290,47,12490,162,13780,209,2,15,34,220,10,939,0,47,17
11-14-20,Hickman,981,13,890,8,91,5,1100,8,9793,46,10893,54,0,16,10,113,3,852,1,26,18
11-14-20,Houston,529,5,447,5,82,0,523,5,4435,36,4958,41,0,19,-6,55,11,455,0,31,19
11-14-20,Humphreys,587,11,449,8,138,3,560,9,7390,85,7950,94,0,6,5,73,6,508,0,21,8
11-14-20,Jackson,603,12,482,5,121,7,591,7,3395,41,3986,48,0,7,9,94,3,502,0,24,7
11-14-20,Jefferson,1901,38,1638,36,263,2,1925,41,23107,166,25032,207,0,27,35,219,3,1655,3,95,30
11-14-20,Johnson,1310,3,1248,3,62,0,1337,1,9147,81,10484,82,0,17,-2,54,5,1239,0,38,19
11-14-20,Knox,15902,309,15094,296,808,13,16834,318,181583,1716,198417,2034,0,113,191,1533,118,14256,7,559,130
11-14-20,Lake,1097,9,1050,9,47,0,1272,9,7322,64,8594,73,0,5,5,85,4,1007,0,12,5
11-14-20,Lauderdale,1827,18,1546,16,281,2,1797,17,14627,84,16424,101,0,20,15,270,3,1537,0,65,21
11-14-20,Lawrence,2215,25,2041,16,174,9,2299,17,16422,142,18721,159,0,25,6,367,19,1823,0,79,30
11-14-20,Lewis,640,12,623,12,17,0,679,14,6726,74,7405,88,0,9,0,85,12,546,0,24,12
11-14-20,Lincoln,1244,17,1094,15,150,2,1287,19,10567,59,11854,78,0,8,16,211,1,1025,0,37,13
11-14-20,Loudon,1982,32,1909,30,73,2,2141,30,19063,190,21204,220,0,15,23,210,9,1757,1,61,17
11-14-20,Macon,1614,20,1506,20,108,0,1832,20,9951,80,11783,100,0,26,14,172,6,1416,0,93,26
11-14-20,Madison,4572,63,3101,29,1471,34,4195,31,36335,250,40530,281,0,94,39,390,24,4088,0,231,109
11-14-20,Marion,959,3,921,3,38,0,1100,4,9552,88,10652,92,0,15,-2,46,5,898,0,64,17
11-14-20,Marshall,1461,12,1436,12,25,0,1644,14,13584,69,15228,83,0,15,4,187,8,1259,0,36,16
11-14-20,Maury,4765,115,4662,112,103,3,5228,138,41114,488,46342,626,0,46,74,801,41,3918,1,146,49
11-14-20,McMinn,2104,41,2038,40,66,1,2346,41,23702,184,26048,225,0,48,30,269,11,1787,0,91,55
11-14-20,McNairy,1299,15,1028,15,271,0,1396,17,10441,123,11837,140,0,31,14,91,1,1177,0,48,34
11-14-20,Meigs,412,8,405,8,7,0,475,8,4296,17,4771,25,0,10,7,53,1,349,0,23,12
11-14-20,Monroe,1793,39,1730,39,63,0,1996,45,15452,113,17448,158,1,40,30,197,8,1556,1,97,42
11-14-20,Montgomery,5431,92,4797,63,634,29,5499,68,58435,615,63934,683,1,75,51,486,40,4870,2,165,79
11-14-20,Moore,326,0,278,0,48,0,338,1,3118,11,3456,12,0,2,0,33,0,291,0,6,2
11-14-20,Morgan,561,14,524,14,37,0,589,14,10117,80,10706,94,0,6,13,84,1,471,0,12,6
11-14-20,Obion,2237,56,1883,39,354,17,2163,46,13817,160,15980,206,0,35,48,306,8,1896,1,67,45
11-14-20,Out of State,4070,91,3736,65,334,26,4292,74,381070,3530,385362,3604,0,43,66,616,25,3411,2,114,28
11-14-20,Overton,1407,11,1171,9,236,2,1429,12,9602,82,11031,94,0,33,7,89,4,1285,0,51,35
11-14-20,Pending,2832,104,2365,85,467,19,2733,94,234960,1511,237693,1605,1,11,59,638,44,2183,1,45,14
11-14-20,Perry,421,2,391,2,30,0,446,7,4452,13,4898,20,1,18,0,35,1,368,0,24,20
11-14-20,Pickett,334,8,241,8,93,0,301,11,1867,57,2168,68,0,11,8,42,0,281,0,17,12
11-14-20,Polk,596,6,566,5,30,1,658,4,5038,34,5696,38,0,13,5,38,1,545,0,31,13
11-14-20,Putnam,5276,71,4636,67,640,4,5799,76,42652,517,48451,593,0,70,51,423,20,4783,2,151,79
11-14-20,Rhea,1380,14,1313,14,67,0,1563,18,14710,93,16273,111,0,27,9,125,5,1228,0,56,30
11-14-20,Roane,1913,43,1834,43,79,0,2111,44,25871,326,27982,370,1,14,24,293,18,1606,1,63,22
11-14-20,Robertson,3117,56,3020,55,97,1,3604,57,24573,309,28177,366,0,46,41,293,15,2778,2,212,51
11-14-20,Rutherford,15005,260,14577,247,428,13,17535,291,123565,1608,141100,1899,0,129,158,1479,102,13397,7,357,141
11-14-20,Scott,723,33,560,18,163,15,616,25,6809,92,7425,117,0,6,30,242,3,475,0,26,7
11-14-20,Sequatchie,449,3,440,2,9,1,490,2,7261,120,7751,122,0,5,-1,52,4,392,0,17,5
11-14-20,Sevier,4106,61,3950,58,156,3,4443,68,35459,313,39902,381,0,27,48,418,13,3661,1,142,31
11-14-20,Shelby,42401,592,41422,566,979,26,51597,647,504547,4401,556144,5048,2,611,373,3205,217,38585,10,2452,673
11-14-20,Smith,1238,17,1124,17,114,0,1459,18,7681,79,9140,97,0,17,14,135,3,1086,0,40,17
11-14-20,Stewart,475,9,416,8,59,1,490,10,4121,36,4611,46,0,13,3,69,6,393,0,15,14
11-14-20,Sullivan,5155,82,4798,81,357,1,5279,89,46186,558,51465,647,2,77,32,641,48,4437,6,359,84
11-14-20,Sumner,7884,165,7754,152,130,13,9040,161,66412,710,75452,871,1,122,116,994,48,6768,2,501,130
11-14-20,Tipton,2994,76,2564,68,430,8,3194,74,28612,287,31806,361,0,32,61,362,15,2600,0,113,36
11-14-20,Trousdale,1857,5,1837,5,20,0,1943,7,6232,35,8175,42,0,10,2,39,3,1808,0,31,12
11-14-20,Unicoi,653,17,563,14,90,3,644,9,8398,37,9042,46,1,17,6,110,10,526,1,40,19
11-14-20,Union,631,16,570,15,61,1,646,17,6447,66,7093,83,0,5,11,42,5,584,0,25,5
11-14-20,Van Buren,282,18,254,18,28,0,293,18,3115,13,3408,31,0,2,17,47,1,233,1,9,2
11-14-20,Warren,1994,75,1822,67,172,8,2123,70,18799,194,20922,264,0,14,64,340,11,1640,1,37,17
11-14-20,Washington,4868,83,4630,76,238,7,5196,90,45702,445,50898,535,0,85,45,562,38,4221,2,197,95
11-14-20,Wayne,1691,8,1650,6,41,2,1818,7,7547,61,9365,68,1,8,6,47,1,1636,1,25,9
11-14-20,Weakley,1861,47,1634,42,227,5,1903,45,14136,95,16039,140,2,33,38,181,7,1647,0,41,34
11-14-20,White,1511,25,1357,23,154,2,1778,29,14541,164,16319,193,0,17,12,145,13,1349,1,75,17
11-14-20,Williamson,9364,186,8931,183,433,3,10287,200,99595,778,109882,978,1,66,108,1296,77,8002,2,178,74
11-14-20,Wilson,6108,133,5928,127,180,6,6969,144,54394,504,61363,648,0,68,72,713,61,5327,4,175,70
11-13-20,Anderson,2291,56,2169,53,122,3,2494,58,35548,250,38042,308,2,21,30,331,24,1939,2,74,24
11-13-20,Bedford,2172,39,1998,26,174,13,2406,30,17847,72,20253,102,0,24,7,259,32,1889,0,68,25
11-13-20,Benton,616,3,580,3,36,0,635,2,5994,12,6629,14,0,13,-8,129,11,474,0,20,14
11-13-20,Bledsoe,1098,4,1086,4,12,0,1151,6,9882,12,11033,18,0,4,0,32,4,1062,0,22,5
11-13-20,Blount,4278,57,4114,52,164,5,4758,54,40737,321,45495,375,1,47,18,528,38,3703,1,164,52
11-13-20,Bradley,4272,65,4025,51,247,14,4796,47,33772,219,38568,266,0,27,36,397,29,3848,4,243,30
11-13-20,Campbell,1298,14,1064,11,234,3,1216,12,16593,170,17809,182,1,18,3,116,10,1164,0,64,21
11-13-20,Cannon,578,12,530,11,48,1,627,11,5485,19,6112,30,0,2,7,97,5,479,0,17,3
11-13-20,Carroll,1377,10,1140,7,237,3,1385,6,13984,71,15369,77,0,30,-2,160,12,1187,0,58,32
11-13-20,Carter,2206,49,2086,42,120,7,2289,27,21947,85,24236,112,1,43,11,312,37,1851,2,142,44
11-13-20,Cheatham,1308,18,1245,17,63,1,1480,18,15000,126,16480,144,0,13,-1,120,19,1175,0,45,14
11-13-20,Chester,845,5,682,1,163,4,889,1,6916,19,7805,20,0,19,-3,65,8,761,0,26,20
11-13-20,Claiborne,626,9,529,7,97,2,635,7,13370,68,14005,75,0,9,6,61,3,556,0,30,8
11-13-20,Clay,472,7,357,7,115,0,420,6,3696,14,4116,20,-1,16,6,44,2,412,0,17,20
11-13-20,Cocke,1398,37,1199,35,199,2,1331,28,11720,77,13051,105,2,26,15,145,20,1227,1,71,28
11-13-20,Coffee,2328,25,1944,14,384,11,2448,19,26742,35,29190,54,1,36,-3,214,27,2078,0,61,40
11-13-20,Crockett,1031,4,762,2,269,2,921,3,4932,27,5853,30,0,25,-4,50,8,956,0,25,27
11-13-20,Cumberland,2091,42,2001,39,90,3,2431,42,30398,178,32829,220,1,31,7,296,34,1764,0,93,35
11-13-20,Davidson,37218,443,36773,432,445,11,45739,486,511610,3867,557349,4353,5,379,170,2738,268,34101,10,1346,398
11-13-20,Decatur,786,12,624,10,162,2,805,13,7672,39,8477,52,0,11,7,78,5,697,0,24,12
11-13-20,Dekalb,912,18,819,5,93,13,1013,7,10774,61,11787,68,0,19,16,116,2,777,0,35,22
11-13-20,Dickson,2253,51,1885,31,368,20,2415,36,19655,152,22070,188,0,23,20,323,31,1907,0,71,28
11-13-20,Dyer,2792,23,2268,14,524,9,2600,16,15514,41,18114,57,1,45,0,301,22,2446,0,85,53
11-13-20,Fayette,1957,13,1876,13,81,0,2387,14,21409,100,23796,114,2,36,-7,130,18,1791,0,93,38
11-13-20,Fentress,1063,15,945,15,118,0,1140,17,6476,61,7616,78,2,16,6,79,7,968,0,44,18
11-13-20,Franklin,1629,35,1524,28,105,7,1875,24,19620,66,21495,90,1,29,9,194,25,1406,1,67,30
11-13-20,Gibson,2566,19,1881,8,685,11,2497,8,19321,71,21818,79,1,56,5,251,13,2259,0,71,63
11-13-20,Giles,1216,25,1165,19,51,6,1365,16,13177,126,14542,142,0,39,16,150,9,1027,1,61,41
11-13-20,Grainger,786,18,657,17,129,1,776,19,8336,52,9112,71,1,9,10,75,7,702,1,41,14
11-13-20,Greene,2431,47,2280,41,151,6,2598,36,23728,95,26326,131,0,63,-9,287,56,2081,0,115,64
11-13-20,Grundy,682,10,635,10,47,0,761,9,4135,10,4896,19,-1,14,5,33,6,635,1,43,14
11-13-20,Hamblen,2929,73,2597,61,332,12,3025,68,29360,221,32385,289,1,56,62,281,10,2592,1,142,62
11-13-20,Hamilton,14116,216,13319,186,797,30,15404,188,179888,841,195292,1029,3,123,110,1160,103,12833,5,522,131
11-13-20,Hancock,130,1,117,1,13,0,133,1,2335,5,2468,6,0,3,0,2,1,125,0,11,3
11-13-20,Hardeman,2089,17,1939,15,150,2,2320,11,18005,45,20325,56,0,35,6,95,11,1959,0,82,37
11-13-20,Hardin,1568,17,1254,13,314,4,1598,15,15645,56,17243,71,0,25,8,91,9,1452,0,38,27
11-13-20,Hawkins,1567,23,1460,19,107,4,1630,18,15049,87,16679,105,0,31,-3,189,26,1347,1,87,32
11-13-20,Haywood,1463,20,1337,19,126,1,1538,20,8958,32,10496,52,0,28,11,83,9,1352,0,58,29
11-13-20,Henderson,1587,15,1265,12,322,3,1797,12,11145,38,12942,50,0,30,3,113,12,1444,0,55,31
11-13-20,Henry,1128,8,1054,6,74,2,1243,6,12328,27,13571,33,0,13,-10,186,18,929,0,47,17
11-13-20,Hickman,968,12,882,8,86,4,1092,9,9747,62,10839,71,0,16,7,103,5,849,0,25,18
11-13-20,Houston,524,1,442,1,82,0,518,1,4399,85,4917,86,0,19,-6,61,7,444,0,31,19
11-13-20,Humphreys,576,14,441,5,135,9,551,7,7305,31,7856,38,0,6,6,68,8,502,0,21,7
11-13-20,Jackson,591,1,477,0,114,1,584,0,3354,6,3938,6,0,7,-3,85,4,499,0,24,6
11-13-20,Jefferson,1863,48,1602,47,261,1,1884,46,22941,149,24825,195,1,27,35,184,12,1652,2,92,29
11-13-20,Johnson,1307,2,1245,0,62,2,1336,1,9066,8,10402,9,0,17,-11,56,13,1234,0,38,19
11-13-20,Knox,15593,220,14798,200,795,20,16516,190,179867,931,196383,1121,4,113,76,1342,140,14138,6,552,127
11-13-20,Lake,1088,7,1041,3,47,4,1263,3,7258,6,8521,9,0,5,4,80,3,1003,0,12,5
11-13-20,Lauderdale,1809,14,1530,10,279,4,1780,10,14543,37,16323,47,0,20,6,255,8,1534,0,65,20
11-13-20,Lawrence,2190,40,2025,24,165,16,2282,24,16280,107,18562,131,1,25,10,361,29,1804,0,79,28
11-13-20,Lewis,628,12,611,10,17,2,665,9,6652,43,7317,52,1,9,-1,85,12,534,0,24,12
11-13-20,Lincoln,1227,32,1079,15,148,17,1268,13,10508,54,11776,67,0,8,10,195,22,1024,2,37,12
11-13-20,Loudon,1950,22,1879,22,71,0,2111,23,18873,136,20984,159,2,15,-4,187,24,1748,0,60,17
11-13-20,Macon,1594,18,1486,17,108,1,1812,22,9871,28,11683,50,0,26,2,158,16,1410,0,93,26
11-13-20,Madison,4509,56,3072,24,1437,32,4164,29,36085,103,40249,132,5,94,7,351,44,4064,0,231,107
11-13-20,Marion,956,10,918,7,38,3,1096,5,9464,54,10560,59,0,15,0,48,10,893,1,64,17
11-13-20,Marshall,1449,27,1424,27,25,0,1630,36,13515,149,15145,185,0,15,10,183,17,1251,0,36,15
11-13-20,Maury,4650,52,4550,48,100,4,5090,80,40626,260,45716,340,1,46,-3,727,54,3877,1,145,48
11-13-20,McMinn,2063,39,1998,35,65,4,2305,42,23518,188,25823,230,0,48,15,239,24,1776,0,91,55
11-13-20,McNairy,1284,10,1013,9,271,1,1379,10,10318,56,11697,66,1,31,5,77,4,1176,0,48,34
11-13-20,Meigs,404,2,397,2,7,0,467,5,4279,19,4746,24,0,10,-4,46,6,348,0,23,11
11-13-20,Monroe,1754,23,1691,22,63,1,1951,23,15339,114,17290,137,1,39,7,167,15,1548,0,96,42
11-13-20,Montgomery,5339,110,4734,78,605,32,5431,88,57820,378,63251,466,4,74,32,435,74,4830,0,163,79
11-13-20,Moore,326,6,278,3,48,3,337,3,3107,4,3444,7,0,2,3,33,3,291,0,6,2
11-13-20,Morgan,547,12,510,8,37,4,575,12,10037,54,10612,66,0,6,7,71,5,470,0,12,6
11-13-20,Obion,2181,15,1844,5,337,10,2117,4,13657,18,15774,22,0,35,3,258,12,1888,0,66,45
11-13-20,Out of State,3979,69,3671,61,308,8,4218,61,377540,2265,381758,2326,-1,43,33,550,37,3386,0,112,28
11-13-20,Overton,1396,25,1162,18,234,7,1417,21,9520,60,10937,81,2,33,11,82,12,1281,1,51,35
11-13-20,Pending,2728,99,2280,75,448,24,2639,73,233449,1136,236088,1209,1,10,56,579,42,2139,0,44,12
11-13-20,Perry,419,8,389,8,30,0,439,7,4439,17,4878,24,0,17,0,35,8,367,1,24,20
11-13-20,Pickett,326,2,233,1,93,1,290,1,1810,14,2100,15,0,11,2,34,0,281,0,17,12
11-13-20,Polk,590,8,561,7,29,1,654,5,5004,19,5658,24,0,13,6,33,2,544,1,31,13
11-13-20,Putnam,5205,25,4569,11,636,14,5723,13,42135,120,47858,133,2,70,-12,372,35,4763,0,149,79
11-13-20,Rhea,1366,8,1299,8,67,0,1545,11,14617,96,16162,107,1,27,-2,116,9,1223,0,56,28
11-13-20,Roane,1870,33,1791,32,79,1,2067,40,25545,159,27612,199,2,13,10,269,21,1588,0,62,22
11-13-20,Robertson,3061,51,2965,45,96,6,3547,49,24264,210,27811,259,2,46,19,252,30,2763,0,210,51
11-13-20,Rutherford,14745,306,14330,268,415,38,17244,300,121957,992,139201,1292,0,129,167,1321,139,13295,2,350,140
11-13-20,Scott,690,32,542,21,148,11,591,20,6717,66,7308,86,1,6,23,212,8,472,0,26,7
11-13-20,Sequatchie,446,9,438,8,8,1,488,5,7141,28,7629,33,0,5,0,53,9,388,1,17,5
11-13-20,Sevier,4045,83,3892,81,153,2,4375,83,35146,323,39521,406,0,27,49,370,34,3648,1,141,31
11-13-20,Shelby,41809,300,40856,283,953,17,50950,317,500146,3250,551096,3567,3,609,17,2832,280,38368,1,2442,667
11-13-20,Smith,1221,28,1107,20,114,8,1441,21,7602,71,9043,92,0,17,23,121,5,1083,1,40,17
11-13-20,Stewart,466,9,408,8,58,1,480,8,4085,26,4565,34,0,13,4,66,5,387,0,15,14
11-13-20,Sullivan,5073,106,4717,74,356,32,5190,73,45628,396,50818,469,1,75,27,609,78,4389,5,353,81
11-13-20,Sumner,7719,177,7602,171,117,6,8879,183,65702,618,74581,801,0,121,83,878,94,6720,2,499,129
11-13-20,Tipton,2918,45,2496,34,422,11,3120,33,28325,135,31445,168,1,32,16,301,28,2585,0,113,36
11-13-20,Trousdale,1852,8,1832,7,20,1,1936,6,6197,30,8133,36,0,10,0,37,8,1805,0,31,11
11-13-20,Unicoi,636,17,549,17,87,0,635,18,8361,19,8996,37,0,16,7,104,10,516,4,39,18
11-13-20,Union,615,6,555,6,60,0,629,6,6381,33,7010,39,0,5,-2,31,8,579,0,25,5
11-13-20,Van Buren,264,5,236,4,28,1,275,4,3102,9,3377,13,0,2,-1,30,6,232,0,8,2
11-13-20,Warren,1919,35,1755,32,164,3,2053,32,18605,150,20658,182,0,14,12,276,23,1629,0,36,17
11-13-20,Washington,4785,87,4554,82,231,5,5106,74,45257,287,50363,361,1,85,-3,517,89,4183,3,195,90
11-13-20,Wayne,1683,4,1644,4,39,0,1811,7,7486,18,9297,25,0,7,-6,41,10,1635,0,24,9
11-13-20,Weakley,1814,18,1592,11,222,7,1858,8,14041,51,15899,59,2,31,3,143,13,1640,1,41,34
11-13-20,White,1486,23,1334,16,152,7,1749,18,14377,76,16126,94,0,17,10,133,13,1336,0,74,17
11-13-20,Williamson,9178,237,8748,232,430,5,10087,251,98817,994,108904,1245,1,65,145,1188,91,7925,2,176,74
11-13-20,Wilson,5975,132,5801,123,174,9,6825,143,53890,550,60715,693,0,68,67,641,65,5266,1,171,69
11-12-20,Anderson,2235,8,2116,7,119,1,2436,11,35298,198,37734,209,0,19,-12,301,20,1915,0,72,24
11-12-20,Bedford,2133,28,1972,18,161,10,2376,18,17775,88,20151,106,0,24,15,252,13,1857,0,68,25
11-12-20,Benton,613,45,577,42,36,3,633,43,5982,38,6615,81,0,13,37,137,8,463,0,20,14
11-12-20,Bledsoe,1094,2,1082,2,12,0,1145,2,9870,75,11015,77,0,4,-2,32,4,1058,0,22,5
11-12-20,Blount,4221,59,4062,49,159,10,4704,53,40416,197,45120,250,1,46,18,510,40,3665,0,163,49
11-12-20,Bradley,4207,43,3974,35,233,8,4749,37,33553,109,38302,146,0,27,25,361,18,3819,2,239,30
11-12-20,Campbell,1284,7,1053,0,231,7,1204,1,16423,27,17627,28,0,17,0,113,7,1154,0,64,20
11-12-20,Cannon,566,3,519,2,47,1,616,2,5466,44,6082,46,0,2,-9,90,12,474,0,17,3
11-12-20,Carroll,1367,32,1133,28,234,4,1379,27,13913,51,15292,78,0,30,19,162,13,1175,1,58,32
11-12-20,Carter,2157,22,2044,22,113,0,2262,35,21862,75,24124,110,0,42,-11,301,33,1814,1,140,44
11-12-20,Cheatham,1290,13,1228,9,62,4,1462,10,14874,53,16336,63,0,13,0,121,13,1156,0,45,13
11-12-20,Chester,840,10,681,7,159,3,888,8,6897,54,7785,62,1,19,7,68,2,753,0,26,19
11-12-20,Claiborne,617,3,522,1,95,2,628,1,13302,54,13930,55,0,9,2,55,1,553,0,30,8
11-12-20,Clay,465,6,350,2,115,4,414,2,3682,9,4096,11,0,17,4,38,2,410,0,17,20
11-12-20,Cocke,1361,6,1164,0,197,6,1303,1,11643,43,12946,44,0,24,-9,130,15,1207,0,70,28
11-12-20,Coffee,2303,31,1930,16,373,15,2429,15,26707,85,29136,100,0,35,4,217,27,2051,0,61,39
11-12-20,Crockett,1027,6,760,3,267,3,918,2,4905,8,5823,10,0,25,-4,54,10,948,0,25,26
11-12-20,Cumberland,2049,37,1962,34,87,3,2389,35,30220,192,32609,227,0,30,21,289,16,1730,0,93,35
11-12-20,Davidson,36775,236,36341,223,434,13,45253,259,507743,2861,552996,3120,0,374,-60,2568,296,33833,3,1336,395
11-12-20,Decatur,774,13,614,7,160,6,792,5,7633,12,8425,17,0,11,10,71,3,692,0,24,12
11-12-20,Dekalb,894,3,814,3,80,0,1006,3,10713,79,11719,82,0,19,-7,100,10,775,0,35,22
11-12-20,Dickson,2202,20,1854,19,348,1,2379,19,19503,95,21882,114,0,23,-21,303,41,1876,0,71,28
11-12-20,Dyer,2769,35,2254,11,515,24,2584,10,15473,14,18057,24,0,44,14,301,21,2424,0,85,52
11-12-20,Fayette,1944,16,1863,14,81,2,2373,13,21309,75,23682,88,0,34,9,137,7,1773,0,93,37
11-12-20,Fentress,1048,2,930,2,118,0,1123,2,6415,8,7538,10,0,14,-5,73,7,961,1,44,18
11-12-20,Franklin,1594,36,1496,28,98,8,1851,19,19554,72,21405,91,0,28,22,185,14,1381,2,66,30
11-12-20,Gibson,2547,20,1873,18,674,2,2489,19,19250,63,21739,82,1,55,-1,246,20,2246,0,71,62
11-12-20,Giles,1191,17,1146,15,45,2,1349,18,13051,44,14400,62,0,39,-5,134,22,1018,1,60,41
11-12-20,Grainger,768,4,640,2,128,2,757,1,8284,23,9041,24,3,8,-4,65,5,695,0,40,14
11-12-20,Greene,2384,22,2239,20,145,2,2562,24,23633,115,26195,139,0,63,-18,296,40,2025,0,115,64
11-12-20,Grundy,672,2,625,2,47,0,752,2,4125,14,4877,16,0,15,-3,28,5,629,0,42,14
11-12-20,Hamblen,2856,14,2536,6,320,8,2957,7,29139,28,32096,35,0,55,0,219,14,2582,0,141,60
11-12-20,Hamilton,13900,127,13133,106,767,21,15216,116,179047,905,194263,1021,1,120,6,1050,120,12730,4,517,131
11-12-20,Hancock,129,0,116,0,13,0,132,0,2330,3,2462,3,0,3,0,2,0,124,0,11,3
11-12-20,Hardeman,2072,5,1924,5,148,0,2309,7,17960,37,20269,44,0,35,-7,89,12,1948,0,82,37
11-12-20,Hardin,1551,3,1241,1,310,2,1583,2,15589,16,17172,18,0,25,-5,83,8,1443,0,38,27
11-12-20,Hawkins,1544,26,1441,23,103,3,1612,27,14962,40,16574,67,0,31,5,192,21,1321,1,86,32
11-12-20,Haywood,1443,2,1318,2,125,0,1518,2,8926,12,10444,14,0,28,-3,72,5,1343,0,58,29
11-12-20,Henderson,1572,8,1253,5,319,3,1785,3,11107,19,12892,22,0,30,3,110,5,1432,0,55,31
11-12-20,Henry,1120,38,1048,30,72,8,1237,36,12301,85,13538,121,0,13,22,196,16,911,1,47,16
11-12-20,Hickman,956,10,874,8,82,2,1083,7,9685,31,10768,38,0,16,6,96,4,844,0,25,18
11-12-20,Houston,523,3,441,0,82,3,517,0,4314,2,4831,2,0,19,-4,67,7,437,0,31,19
11-12-20,Humphreys,562,1,436,1,126,0,544,1,7274,38,7818,39,0,6,-9,62,10,494,0,21,7
11-12-20,Jackson,590,33,477,8,113,25,584,9,3348,23,3932,32,0,7,27,88,6,495,2,24,6
11-12-20,Jefferson,1815,12,1555,4,260,8,1838,4,22792,37,24630,41,0,26,-2,149,14,1640,0,90,28
11-12-20,Johnson,1305,6,1245,6,60,0,1335,5,9058,8,10393,13,1,17,-1,67,6,1221,1,38,19
11-12-20,Knox,15373,142,14598,129,775,13,16326,134,178936,948,195262,1082,1,109,-5,1266,146,13998,3,546,126
11-12-20,Lake,1081,4,1038,1,43,3,1260,1,7252,11,8512,12,0,5,-2,76,6,1000,0,12,5
11-12-20,Lauderdale,1795,149,1520,148,275,1,1770,147,14506,106,16276,253,0,20,136,249,13,1526,0,65,20
11-12-20,Lawrence,2150,36,2001,21,149,15,2258,18,16173,80,18431,98,0,24,11,351,25,1775,0,79,26
11-12-20,Lewis,616,10,601,8,15,2,656,4,6609,15,7265,19,0,8,-11,86,21,522,0,24,12
11-12-20,Lincoln,1195,14,1064,9,131,5,1255,9,10454,45,11709,54,0,8,-6,185,20,1002,0,35,11
11-12-20,Loudon,1928,15,1857,14,71,1,2088,17,18737,61,20825,78,0,13,4,191,11,1724,0,60,17
11-12-20,Macon,1576,30,1469,24,107,6,1790,26,9843,74,11633,100,0,26,17,156,13,1394,0,93,26
11-12-20,Madison,4453,42,3048,29,1405,13,4135,25,35982,80,40117,105,0,89,3,344,39,4020,1,231,107
11-12-20,Marion,946,4,911,4,35,0,1091,4,9410,47,10501,51,0,15,-5,48,9,883,0,63,17
11-12-20,Marshall,1422,14,1397,14,25,0,1594,14,13366,65,14960,79,0,15,0,173,14,1234,0,36,14
11-12-20,Maury,4598,62,4502,60,96,2,5010,46,40366,213,45376,259,0,45,-18,730,80,3823,2,144,48
11-12-20,McMinn,2024,19,1963,18,61,1,2263,20,23330,78,25593,98,1,48,-3,224,21,1752,1,91,54
11-12-20,McNairy,1274,10,1004,6,270,4,1369,8,10262,19,11631,27,0,30,6,72,4,1172,0,48,34
11-12-20,Meigs,402,1,395,1,7,0,462,2,4260,18,4722,20,2,10,-4,50,3,342,0,23,11
11-12-20,Monroe,1731,14,1669,14,62,0,1928,14,15225,45,17153,59,3,38,2,160,9,1533,0,96,42
11-12-20,Montgomery,5229,75,4656,34,573,41,5343,36,57442,237,62785,273,0,70,26,403,49,4756,0,163,77
11-12-20,Moore,320,5,275,5,45,0,334,4,3103,4,3437,8,-1,2,3,30,3,288,0,6,2
11-12-20,Morgan,535,2,502,1,33,1,563,1,9983,28,10546,29,0,6,-3,64,5,465,0,12,6
11-12-20,Obion,2166,30,1839,20,327,10,2113,19,13639,63,15752,82,1,35,14,255,15,1876,0,66,43
11-12-20,Out of State,3910,102,3610,59,300,43,4157,58,375275,1496,379432,1554,0,44,65,517,37,3349,0,112,27
11-12-20,Overton,1371,3,1144,3,227,0,1396,4,9460,9,10856,13,0,31,-7,71,10,1269,0,50,35
11-12-20,Pending,2629,65,2205,43,424,22,2566,47,232313,778,234879,825,1,9,6,523,58,2097,2,44,12
11-12-20,Perry,411,10,381,10,30,0,432,8,4422,4,4854,12,1,17,3,35,6,359,0,23,20
11-12-20,Pickett,324,3,232,3,92,0,289,2,1796,0,2085,2,1,11,0,32,2,281,2,17,12
11-12-20,Polk,582,6,554,6,28,0,649,7,4985,20,5634,27,0,13,5,27,1,542,0,30,13
11-12-20,Putnam,5180,72,4558,50,622,22,5710,54,42015,306,47725,360,0,68,47,384,25,4728,0,149,78
11-12-20,Rhea,1358,14,1291,13,67,1,1534,15,14521,51,16055,66,-2,26,-2,118,18,1214,0,56,28
11-12-20,Roane,1837,18,1759,15,78,3,2027,16,25386,90,27413,106,0,11,-8,259,26,1567,0,62,20
11-12-20,Robertson,3010,21,2920,19,90,2,3498,17,24054,91,27552,108,0,44,4,233,17,2733,1,210,51
11-12-20,Rutherford,14439,115,14062,95,377,20,16944,102,120965,508,137909,610,1,129,-31,1154,145,13156,0,348,139
11-12-20,Scott,658,18,521,2,137,16,571,5,6651,32,7222,37,0,5,6,189,12,464,0,26,7
11-12-20,Sequatchie,437,8,430,8,7,0,483,8,7113,27,7596,35,0,5,7,53,1,379,0,16,5
11-12-20,Sevier,3962,28,3811,27,151,1,4292,31,34823,114,39115,145,1,27,-2,321,29,3614,0,140,31
11-12-20,Shelby,41509,330,40573,315,936,15,50633,378,496896,2350,547529,2728,3,606,2,2815,325,38088,5,2441,665
11-12-20,Smith,1193,14,1087,5,106,9,1420,7,7531,35,8951,42,0,17,6,98,8,1078,0,39,17
11-12-20,Stewart,457,4,400,1,57,3,472,1,4059,22,4531,23,0,13,-8,62,12,382,0,15,14
11-12-20,Sullivan,4967,105,4643,95,324,10,5117,105,45232,398,50349,503,0,74,32,582,73,4311,12,348,78
11-12-20,Sumner,7542,114,7431,102,111,12,8696,107,65084,262,73780,369,0,121,50,795,64,6626,3,497,128
11-12-20,Tipton,2873,52,2462,41,411,11,3087,31,28190,152,31277,183,0,31,31,285,21,2557,0,113,35
11-12-20,Trousdale,1844,4,1825,4,19,0,1930,4,6167,25,8097,29,0,10,-5,37,9,1797,0,31,11
11-12-20,Unicoi,619,5,532,5,87,0,617,6,8342,41,8959,47,2,16,-6,97,9,506,0,35,17
11-12-20,Union,609,1,549,0,60,1,623,0,6348,13,6971,13,0,5,1,33,0,571,0,25,5
11-12-20,Van Buren,259,5,232,2,27,3,271,2,3093,22,3364,24,0,2,3,31,2,226,0,8,2
11-12-20,Warren,1884,42,1723,33,161,9,2021,37,18455,107,20476,144,2,14,17,264,23,1606,0,36,16
11-12-20,Washington,4698,41,4472,40,226,1,5032,40,44970,172,50002,212,1,84,-26,520,66,4094,0,192,89
11-12-20,Wayne,1679,8,1640,7,39,1,1804,6,7468,18,9272,24,0,7,4,47,4,1625,0,24,9
11-12-20,Weakley,1796,12,1581,8,215,4,1850,8,13990,35,15840,43,0,29,0,140,12,1627,0,40,34
11-12-20,White,1463,10,1318,8,145,2,1731,11,14301,53,16032,64,0,17,-14,123,24,1323,0,74,17
11-12-20,Williamson,8941,120,8516,111,425,9,9836,110,97823,515,107659,625,0,64,22,1043,98,7834,3,174,74
11-12-20,Wilson,5843,44,5678,40,165,4,6682,44,53340,414,60022,458,1,68,-31,574,74,5201,0,170,69
11-11-20,Anderson,2227,39,2109,36,118,3,2425,41,35100,266,37525,307,1,19,12,313,26,1895,1,72,23
11-11-20,Bedford,2105,35,1954,31,151,4,2358,36,17687,101,20045,137,0,24,12,237,23,1844,0,68,25
11-11-20,Benton,568,18,535,15,33,3,590,16,5944,44,6534,60,1,13,2,100,15,455,1,20,14
11-11-20,Bledsoe,1092,6,1080,6,12,0,1143,6,9795,36,10938,42,0,4,4,34,2,1054,0,22,5
11-11-20,Blount,4162,74,4013,70,149,4,4651,75,40219,332,44870,407,0,45,32,492,42,3625,1,163,47
11-11-20,Bradley,4164,42,3939,38,225,4,4712,48,33444,365,38156,413,0,27,7,336,35,3801,2,237,30
11-11-20,Campbell,1277,22,1053,19,224,3,1203,18,16396,129,17599,147,0,17,13,113,9,1147,1,64,20
11-11-20,Cannon,563,22,517,17,46,5,614,19,5422,67,6036,86,0,2,16,99,6,462,0,17,3
11-11-20,Carroll,1335,21,1105,15,230,6,1352,16,13862,82,15214,98,0,30,8,143,13,1162,0,57,32
11-11-20,Carter,2135,64,2022,56,113,8,2227,56,21787,175,24014,231,1,42,29,312,34,1781,4,139,44
11-11-20,Cheatham,1277,16,1219,14,58,2,1452,16,14821,105,16273,121,1,13,9,121,6,1143,2,45,13
11-11-20,Chester,830,10,674,6,156,4,880,7,6843,38,7723,45,0,18,0,61,10,751,0,26,19
11-11-20,Claiborne,614,18,521,11,93,7,627,12,13248,65,13875,77,1,9,14,53,3,552,0,30,8
11-11-20,Clay,459,4,348,1,111,3,412,1,3673,18,4085,19,0,17,0,34,4,408,0,17,19
11-11-20,Cocke,1355,32,1164,27,191,5,1302,26,11600,186,12902,212,2,24,16,139,14,1192,2,70,28
11-11-20,Coffee,2272,18,1914,15,358,3,2414,16,26622,94,29036,110,3,35,-8,213,23,2024,0,61,39
11-11-20,Crockett,1021,2,757,2,264,0,916,2,4897,23,5813,25,1,25,-11,58,12,938,0,25,26
11-11-20,Cumberland,2012,39,1928,38,84,1,2354,43,30028,195,32382,238,1,30,23,268,15,1714,2,93,35
11-11-20,Davidson,36539,457,36118,442,421,15,44994,530,504882,4565,549876,5095,5,374,114,2628,338,33537,5,1333,393
11-11-20,Decatur,761,6,607,2,154,4,787,2,7621,17,8408,19,0,11,1,61,5,689,0,24,12
11-11-20,Dekalb,891,24,811,20,80,4,1003,20,10634,88,11637,108,0,19,17,107,7,765,0,35,22
11-11-20,Dickson,2182,46,1835,22,347,24,2360,22,19408,153,21768,175,0,23,9,324,37,1835,0,71,28
11-11-20,Dyer,2734,37,2243,21,491,16,2574,22,15459,64,18033,86,2,44,9,287,26,2403,0,85,51
11-11-20,Fayette,1928,16,1849,16,79,0,2360,25,21234,114,23594,139,3,34,9,128,4,1766,0,93,37
11-11-20,Fentress,1046,10,928,9,118,1,1121,11,6407,102,7528,113,0,14,3,78,7,954,0,43,18
11-11-20,Franklin,1558,13,1468,12,90,1,1832,16,19482,117,21314,133,1,28,0,163,12,1367,0,64,30
11-11-20,Gibson,2527,37,1855,23,672,14,2470,26,19187,68,21657,94,1,54,15,247,21,2226,0,71,60
11-11-20,Giles,1174,21,1131,20,43,1,1331,13,13007,97,14338,110,0,39,16,139,5,996,0,59,40
11-11-20,Grainger,764,7,638,2,126,5,756,3,8261,54,9017,57,0,5,-4,69,11,690,2,40,13
11-11-20,Greene,2362,41,2219,33,143,8,2538,39,23518,235,26056,274,0,63,17,314,24,1985,2,115,64
11-11-20,Grundy,670,2,623,2,47,0,750,5,4111,32,4861,37,0,15,-3,31,5,624,0,42,14
11-11-20,Hamblen,2842,49,2530,29,312,20,2950,31,29111,163,32061,194,1,55,23,219,25,2568,2,141,60
11-11-20,Hamilton,13773,180,13027,154,746,26,15100,148,178142,887,193242,1035,1,119,69,1044,110,12610,2,513,128
11-11-20,Hancock,129,0,116,0,13,0,132,0,2327,4,2459,4,0,3,-1,2,1,124,0,11,3
11-11-20,Hardeman,2067,14,1919,13,148,1,2302,17,17923,57,20225,74,0,35,5,96,9,1936,0,82,37
11-11-20,Hardin,1548,21,1240,16,308,5,1581,18,15573,46,17154,64,2,25,14,88,5,1435,0,38,27
11-11-20,Hawkins,1518,28,1418,19,100,9,1585,22,14922,147,16507,169,1,31,16,187,11,1300,2,85,32
11-11-20,Haywood,1441,8,1316,5,125,3,1516,4,8914,28,10430,32,0,28,-2,75,10,1338,0,58,29
11-11-20,Henderson,1564,13,1248,11,316,2,1782,12,11088,64,12870,76,1,30,9,107,3,1427,0,55,31
11-11-20,Henry,1082,38,1018,34,64,4,1201,32,12216,109,13417,141,0,13,30,174,8,895,0,46,16
11-11-20,Hickman,946,11,866,7,80,4,1076,9,9654,50,10730,59,0,16,6,90,5,840,0,25,18
11-11-20,Houston,520,5,441,5,79,0,517,6,4312,10,4829,16,1,19,-1,71,5,430,0,31,19
11-11-20,Humphreys,561,11,435,3,126,8,543,2,7236,37,7779,39,0,6,7,71,4,484,0,21,7
11-11-20,Jackson,557,9,469,7,88,2,575,8,3325,37,3900,45,0,7,0,61,9,489,0,22,6
11-11-20,Jefferson,1803,27,1551,17,252,10,1834,19,22755,110,24589,129,1,26,15,151,11,1626,0,90,28
11-11-20,Johnson,1299,9,1239,9,60,0,1330,12,9050,114,10380,126,1,16,1,68,7,1215,0,37,19
11-11-20,Knox,15231,193,14469,177,762,16,16192,191,177988,1198,194180,1389,3,108,24,1271,166,13852,7,543,124
11-11-20,Lake,1077,3,1037,2,40,1,1259,3,7241,12,8500,15,1,5,0,78,2,994,0,12,5
11-11-20,Lauderdale,1646,26,1372,22,274,4,1623,26,14400,52,16023,78,0,20,18,113,8,1513,0,65,20
11-11-20,Lawrence,2114,37,1980,27,134,10,2240,28,16093,143,18333,171,0,24,5,340,32,1750,0,79,26
11-11-20,Lewis,606,4,593,3,13,1,652,4,6594,52,7246,56,1,8,-8,97,11,501,0,24,12
11-11-20,Lincoln,1181,28,1055,17,126,11,1246,21,10409,66,11655,87,0,8,16,191,12,982,0,35,11
11-11-20,Loudon,1913,44,1843,43,70,1,2071,42,18676,145,20747,187,0,13,30,187,14,1713,1,60,16
11-11-20,Macon,1546,25,1445,25,101,0,1764,27,9769,90,11533,117,0,26,18,139,7,1381,0,93,26
11-11-20,Madison,4411,53,3019,14,1392,39,4110,20,35902,139,40012,159,3,89,8,341,42,3981,0,230,107
11-11-20,Marion,942,5,907,3,35,2,1087,3,9363,75,10450,78,1,15,-6,53,10,874,0,63,17
11-11-20,Marshall,1408,25,1383,19,25,6,1580,14,13301,60,14881,74,1,15,11,173,13,1220,0,36,14
11-11-20,Maury,4536,57,4442,57,94,0,4964,37,40153,142,45117,179,2,45,-15,748,70,3743,3,142,48
11-11-20,McMinn,2005,40,1945,37,60,3,2243,36,23252,103,25495,139,1,47,23,227,16,1731,0,90,53
11-11-20,McNairy,1264,13,998,6,266,7,1361,6,10243,46,11604,52,0,30,9,66,4,1168,0,48,34
11-11-20,Meigs,401,5,394,5,7,0,460,9,4242,19,4702,28,0,8,3,54,2,339,0,23,11
11-11-20,Monroe,1717,22,1655,21,62,1,1914,23,15180,106,17094,129,2,35,4,158,16,1524,0,96,41
11-11-20,Montgomery,5154,58,4622,54,532,4,5307,65,57205,447,62512,512,2,70,3,377,53,4707,0,163,77
11-11-20,Moore,315,2,270,2,45,0,330,4,3099,10,3429,14,0,3,1,27,1,285,0,6,2
11-11-20,Morgan,533,14,501,14,32,0,562,15,9955,47,10517,62,0,6,11,67,3,460,0,12,6
11-11-20,Obion,2136,29,1819,13,317,16,2094,15,13576,62,15670,77,2,34,12,241,15,1861,0,66,41
11-11-20,Out of State,3808,107,3551,78,257,29,4099,88,373779,2346,377878,2434,1,44,59,452,47,3312,1,112,26
11-11-20,Overton,1368,10,1141,8,227,2,1392,9,9451,73,10843,82,1,31,0,78,9,1259,0,50,35
11-11-20,Pending,2564,89,2162,62,402,27,2519,70,231535,1019,234054,1089,2,8,16,517,71,2039,1,42,12
11-11-20,Perry,401,8,371,8,30,0,424,8,4418,19,4842,27,0,16,-1,32,9,353,1,23,20
11-11-20,Pickett,321,2,229,2,92,0,287,4,1796,46,2083,50,0,10,2,32,0,279,0,15,12
11-11-20,Polk,576,5,548,5,28,0,642,4,4965,35,5607,39,0,13,-1,22,6,541,2,30,13
11-11-20,Putnam,5108,71,4508,59,600,12,5656,67,41709,445,47365,512,4,68,27,337,40,4703,1,149,76
11-11-20,Rhea,1344,20,1278,17,66,3,1519,19,14470,59,15989,78,3,28,7,120,10,1196,1,56,27
11-11-20,Roane,1819,37,1744,34,75,3,2011,41,25296,170,27307,211,1,11,-18,267,54,1541,1,62,20
11-11-20,Robertson,2989,23,2901,20,88,3,3481,28,23963,117,27444,145,1,44,14,229,8,2716,0,209,50
11-11-20,Rutherford,14324,195,13967,182,357,13,16842,225,120457,878,137299,1103,1,128,21,1185,173,13011,0,348,139
11-11-20,Scott,640,46,519,20,121,26,566,15,6619,58,7185,73,0,5,25,183,21,452,1,26,7
11-11-20,Sequatchie,429,6,422,6,7,0,475,7,7086,23,7561,30,0,5,0,46,6,378,0,16,5
11-11-20,Sevier,3934,40,3784,38,150,2,4261,40,34709,297,38970,337,0,26,2,323,38,3585,0,140,30
11-11-20,Shelby,41179,338,40258,301,921,37,50255,481,494546,3070,544801,3551,10,603,11,2813,317,37763,8,2436,663
11-11-20,Smith,1179,17,1082,12,97,5,1413,12,7496,63,8909,75,1,17,8,92,8,1070,0,39,17
11-11-20,Stewart,453,5,399,4,54,1,471,4,4037,30,4508,34,0,13,-5,70,10,370,0,15,13
11-11-20,Sullivan,4862,48,4548,28,314,20,5012,30,44834,176,49846,206,3,74,-28,550,73,4238,3,336,77
11-11-20,Sumner,7428,102,7329,99,99,3,8589,112,64822,439,73411,551,0,121,15,745,87,6562,1,494,127
11-11-20,Tipton,2821,33,2421,27,400,6,3056,39,28038,186,31094,225,5,31,-5,254,33,2536,0,113,35
11-11-20,Trousdale,1840,1,1821,1,19,0,1926,1,6142,16,8068,17,0,10,-1,42,2,1788,0,31,11
11-11-20,Unicoi,614,8,527,6,87,2,611,12,8301,64,8912,76,1,14,-4,103,11,497,0,35,17
11-11-20,Union,608,10,549,6,59,4,623,8,6335,33,6958,41,0,5,4,32,6,571,0,25,5
11-11-20,Van Buren,254,2,230,2,24,0,269,3,3071,13,3340,16,0,2,-1,28,3,224,0,8,2
11-11-20,Warren,1842,36,1690,33,152,3,1984,42,18348,167,20332,209,1,12,6,247,29,1583,0,36,16
11-11-20,Washington,4657,79,4432,66,225,13,4992,68,44798,374,49790,442,0,83,3,546,76,4028,5,192,87
11-11-20,Wayne,1671,7,1633,7,38,0,1798,5,7450,38,9248,43,0,7,6,43,1,1621,0,24,8
11-11-20,Weakley,1784,22,1573,13,211,9,1842,18,13955,83,15797,101,0,29,13,140,9,1615,0,40,34
11-11-20,White,1453,27,1310,22,143,5,1720,28,14248,145,15968,173,0,17,6,137,21,1299,0,74,17
11-11-20,Williamson,8821,102,8405,94,416,8,9726,104,97308,572,107034,676,1,64,-3,1021,104,7736,3,171,73
11-11-20,Wilson,5799,127,5638,113,161,14,6638,128,52926,383,59564,511,1,67,73,605,53,5127,1,170,69
11-10-20,Anderson,2188,19,2073,18,115,1,2384,19,34834,191,37218,210,0,18,-17,301,36,1869,1,71,23
11-10-20,Bedford,2070,20,1923,19,147,1,2322,20,17586,81,19908,101,1,24,-6,225,25,1821,0,68,25
11-10-20,Benton,550,6,520,6,30,0,574,6,5900,19,6474,25,1,12,-5,98,10,440,0,19,14
11-10-20,Bledsoe,1086,1,1074,1,12,0,1137,1,9759,14,10896,15,0,4,-6,30,7,1052,0,22,5
11-10-20,Blount,4088,67,3943,65,145,2,4576,84,39887,277,44463,361,-1,45,27,460,41,3583,8,162,47
11-10-20,Bradley,4122,60,3901,48,221,12,4664,50,33079,212,37743,262,2,27,30,329,28,3766,3,235,29
11-10-20,Campbell,1255,5,1034,2,221,3,1185,3,16267,141,17452,144,1,17,-8,100,12,1138,0,63,20
11-10-20,Cannon,541,5,500,5,41,0,595,5,5355,19,5950,24,0,2,-1,83,6,456,0,17,3
11-10-20,Carroll,1314,11,1090,8,224,3,1336,6,13780,75,15116,81,0,30,-1,135,12,1149,0,57,32
11-10-20,Carter,2071,23,1966,20,105,3,2171,22,21612,142,23783,164,2,41,-11,283,32,1747,3,135,43
11-10-20,Cheatham,1261,11,1205,8,56,3,1436,10,14716,137,16152,147,0,12,-1,112,12,1137,0,43,13
11-10-20,Chester,820,5,668,4,152,1,873,4,6805,46,7678,50,0,18,-2,61,7,741,0,26,19
11-10-20,Claiborne,596,4,510,2,86,2,615,2,13183,44,13798,46,0,8,-3,39,7,549,0,30,8
11-10-20,Clay,455,1,347,0,108,1,411,0,3655,6,4066,6,0,17,-3,34,4,404,0,17,19
11-10-20,Cocke,1323,16,1137,8,186,8,1276,6,11414,52,12690,58,0,22,-4,123,20,1178,1,68,28
11-10-20,Coffee,2254,25,1899,17,355,8,2398,18,26528,106,28926,124,1,32,-2,221,26,2001,0,61,39
11-10-20,Crockett,1019,4,755,1,264,3,914,2,4874,17,5788,19,0,24,-8,69,12,926,0,25,26
11-10-20,Cumberland,1973,21,1890,4,83,17,2311,4,29833,103,32144,107,0,29,5,245,16,1699,0,91,35
11-10-20,Davidson,36082,380,35676,364,406,16,44464,419,500317,5927,544781,6346,3,369,51,2514,326,33199,8,1328,391
11-10-20,Decatur,755,10,605,9,150,1,785,9,7604,51,8389,60,0,11,3,60,7,684,0,24,11
11-10-20,Dekalb,867,3,791,1,76,2,983,2,10546,21,11529,23,1,19,-7,90,9,758,0,35,22
11-10-20,Dickson,2136,25,1813,25,323,0,2338,31,19255,107,21593,138,1,23,-3,315,27,1798,0,71,26
11-10-20,Dyer,2697,12,2222,5,475,7,2552,5,15395,27,17947,32,3,42,-20,278,29,2377,0,85,50
11-10-20,Fayette,1912,10,1833,7,79,3,2335,10,21120,74,23455,84,1,31,-8,119,17,1762,1,93,36
11-10-20,Fentress,1036,6,919,3,117,3,1110,3,6305,23,7415,26,0,14,-4,75,10,947,0,43,18
11-10-20,Franklin,1545,20,1456,14,89,6,1816,16,19365,95,21181,111,0,27,3,163,17,1355,0,64,30
11-10-20,Gibson,2490,30,1832,12,658,18,2444,9,19119,38,21563,47,1,53,13,232,16,2205,1,71,60
11-10-20,Giles,1153,19,1111,12,42,7,1318,11,12910,107,14228,118,1,39,6,123,12,991,0,59,40
11-10-20,Grainger,757,2,636,2,121,0,753,3,8207,20,8960,23,0,5,-10,73,12,679,0,38,12
11-10-20,Greene,2321,41,2186,39,135,2,2499,32,23283,191,25782,223,2,63,-9,297,48,1961,0,113,64
11-10-20,Grundy,668,4,621,3,47,1,745,3,4079,23,4824,26,1,15,-6,34,9,619,0,42,14
11-10-20,Hamblen,2793,5,2501,2,292,3,2919,5,28948,50,31867,55,3,54,-28,196,30,2543,0,139,60
11-10-20,Hamilton,13593,193,12873,181,720,12,14952,211,177255,1085,192207,1296,1,118,74,975,118,12500,5,511,127
11-10-20,Hancock,129,0,116,0,13,0,132,0,2323,7,2455,7,0,3,-2,3,2,123,0,11,3
11-10-20,Hardeman,2053,1,1906,1,147,0,2285,1,17866,49,20151,50,0,35,-8,91,9,1927,0,82,37
11-10-20,Hardin,1527,7,1224,7,303,0,1563,5,15527,21,17090,26,0,23,-3,74,10,1430,1,38,27
11-10-20,Hawkins,1490,13,1399,13,91,0,1563,9,14775,42,16338,51,0,30,3,171,10,1289,0,83,32
11-10-20,Haywood,1433,7,1311,4,122,3,1512,6,8886,16,10398,22,0,28,0,77,7,1328,0,58,29
11-10-20,Henderson,1551,14,1237,10,314,4,1770,9,11024,61,12794,70,0,29,5,98,9,1424,0,55,31
11-10-20,Henry,1044,10,984,9,60,1,1169,9,12107,88,13276,97,0,13,-17,144,27,887,0,46,14
11-10-20,Hickman,935,8,859,7,76,1,1067,8,9604,39,10671,47,0,16,-3,84,11,835,0,25,18
11-10-20,Houston,515,6,436,6,79,0,511,7,4302,50,4813,57,0,18,3,72,3,425,0,31,19
11-10-20,Humphreys,550,3,432,3,118,0,541,2,7199,20,7740,22,0,6,1,64,2,480,1,21,7
11-10-20,Jackson,548,7,462,1,86,6,567,1,3288,4,3855,5,0,7,3,61,4,480,0,22,6
11-10-20,Jefferson,1776,16,1534,14,242,2,1815,13,22645,64,24460,77,0,25,2,136,14,1615,1,90,28
11-10-20,Johnson,1290,4,1230,4,60,0,1318,4,8936,13,10254,17,0,15,-13,67,17,1208,1,37,19
11-10-20,Knox,15038,170,14292,163,746,7,16001,185,176790,1208,192791,1393,2,105,22,1247,146,13686,4,536,123
11-10-20,Lake,1074,25,1035,2,39,23,1256,2,7229,5,8485,7,0,4,24,78,1,992,2,12,5
11-10-20,Lauderdale,1620,0,1350,0,270,0,1597,1,14348,12,15945,13,0,20,-19,95,19,1505,0,65,20
11-10-20,Lawrence,2077,46,1953,43,124,3,2212,49,15950,91,18162,140,0,24,28,335,18,1718,1,79,25
11-10-20,Lewis,602,7,590,7,12,0,648,7,6542,95,7190,102,0,7,-10,105,17,490,0,24,11
11-10-20,Lincoln,1153,32,1038,18,115,14,1225,19,10343,45,11568,64,0,8,27,175,5,970,1,35,10
11-10-20,Loudon,1869,12,1800,12,69,0,2029,13,18531,85,20560,98,0,13,-2,157,14,1699,0,59,16
11-10-20,Macon,1521,7,1420,1,101,6,1737,3,9679,28,11416,31,0,26,-6,121,13,1374,0,93,26
11-10-20,Madison,4358,47,3005,15,1353,32,4090,16,35763,260,39853,276,0,86,10,333,37,3939,2,230,106
11-10-20,Marion,937,8,904,8,33,0,1084,9,9288,59,10372,68,0,14,-6,59,14,864,0,63,17
11-10-20,Marshall,1383,22,1364,22,19,0,1566,26,13241,139,14807,165,1,14,5,162,16,1207,0,36,14
11-10-20,Maury,4479,113,4385,106,94,7,4927,107,40011,385,44938,492,1,43,40,763,72,3673,2,139,48
11-10-20,McMinn,1965,34,1908,31,57,3,2207,34,23149,173,25356,207,2,46,15,204,17,1715,1,90,51
11-10-20,McNairy,1251,4,992,3,259,1,1355,4,10197,63,11552,67,0,30,-6,57,10,1164,0,48,34
11-10-20,Meigs,396,9,389,8,7,1,451,14,4223,14,4674,28,0,8,5,51,4,337,1,23,11
11-10-20,Monroe,1695,16,1634,16,61,0,1891,21,15074,97,16965,118,0,33,-8,154,24,1508,1,96,40
11-10-20,Montgomery,5096,62,4568,50,528,12,5242,57,56758,484,62000,541,5,68,2,374,55,4654,0,163,75
11-10-20,Moore,313,5,268,2,45,3,326,1,3089,5,3415,6,1,3,0,26,4,284,0,6,2
11-10-20,Morgan,519,8,487,8,32,0,547,7,9908,18,10455,25,0,6,2,56,6,457,0,12,6
11-10-20,Obion,2107,5,1806,5,301,0,2079,4,13514,30,15593,34,1,32,-9,229,13,1846,0,66,38
11-10-20,Out of State,3701,39,3473,36,228,3,4011,39,371433,1926,375444,1965,0,43,-2,393,41,3265,1,111,26
11-10-20,Overton,1358,10,1133,1,225,9,1383,1,9378,13,10761,14,2,30,-3,78,11,1250,0,50,35
11-10-20,Pending,2475,94,2100,60,375,34,2449,68,230516,1027,232965,1095,-1,6,29,501,66,1968,1,41,11
11-10-20,Perry,393,3,363,3,30,0,416,4,4399,6,4815,10,1,16,-8,33,10,344,1,22,20
11-10-20,Pickett,319,5,227,0,92,5,283,0,1750,4,2033,4,0,10,2,30,3,279,0,15,12
11-10-20,Polk,571,6,543,4,28,2,638,5,4930,22,5568,27,0,13,3,23,3,535,1,28,13
11-10-20,Putnam,5037,96,4449,6,588,90,5589,5,41264,120,46853,125,0,64,50,310,46,4663,0,148,74
11-10-20,Rhea,1324,17,1261,14,63,3,1500,21,14411,94,15911,115,1,25,5,113,11,1186,0,55,27
11-10-20,Roane,1782,18,1710,18,72,0,1970,22,25126,169,27096,191,0,10,-9,285,27,1487,1,61,18
11-10-20,Robertson,2966,45,2881,40,85,5,3453,43,23846,236,27299,279,0,43,24,215,21,2708,2,209,49
11-10-20,Rutherford,14129,134,13785,123,344,11,16617,143,119579,1012,136196,1155,0,127,-26,1164,160,12838,1,348,136
11-10-20,Scott,594,12,499,11,95,1,551,12,6561,91,7112,103,0,5,7,158,5,431,0,25,7
11-10-20,Sequatchie,423,8,416,8,7,0,468,8,7063,102,7531,110,0,5,4,46,4,372,0,16,5
11-10-20,Sevier,3894,23,3746,21,148,2,4221,23,34412,133,38633,156,0,26,-5,321,28,3547,1,140,30
11-10-20,Shelby,40841,221,39957,207,884,14,49774,240,491476,2207,541250,2447,5,593,-90,2802,306,37446,9,2428,658
11-10-20,Smith,1162,20,1070,3,92,17,1401,3,7433,21,8834,24,0,16,17,84,3,1062,0,39,17
11-10-20,Stewart,448,10,395,9,53,1,467,14,4007,47,4474,61,0,13,8,75,2,360,0,15,13
11-10-20,Sullivan,4814,40,4520,38,294,2,4982,38,44658,206,49640,244,6,71,-30,578,64,4165,3,333,75
11-10-20,Sumner,7326,97,7230,96,96,1,8477,105,64383,487,72860,592,1,121,17,730,79,6475,5,493,126
11-10-20,Tipton,2788,12,2394,10,394,2,3017,10,27852,96,30869,106,1,26,-18,259,29,2503,0,113,33
11-10-20,Trousdale,1839,3,1820,2,19,1,1925,2,6126,29,8051,31,0,10,0,43,3,1786,0,31,11
11-10-20,Unicoi,606,8,521,5,85,3,599,5,8237,35,8836,40,1,13,-9,107,16,486,1,35,16
11-10-20,Union,598,4,543,4,55,0,615,4,6302,29,6917,33,0,5,-1,28,5,565,0,25,5
11-10-20,Van Buren,252,5,228,1,24,4,266,1,3058,9,3324,10,0,2,3,29,2,221,0,8,2
11-10-20,Warren,1806,17,1657,11,149,6,1942,13,18181,72,20123,85,0,11,-2,241,19,1554,1,36,15
11-10-20,Washington,4578,63,4366,58,212,5,4924,55,44424,255,49348,310,5,83,-25,543,83,3952,2,187,87
11-10-20,Wayne,1664,5,1626,3,38,2,1793,2,7412,21,9205,23,0,7,4,37,1,1620,0,24,8
11-10-20,Weakley,1762,2,1560,0,202,2,1824,0,13872,27,15696,27,0,29,-9,127,11,1606,0,40,33
11-10-20,White,1426,16,1288,2,138,14,1692,2,14103,42,15795,44,1,17,-2,131,17,1278,0,74,17
11-10-20,Williamson,8719,166,8311,144,408,22,9622,149,96736,864,106358,1013,2,63,59,1024,105,7632,1,168,71
11-10-20,Wilson,5672,42,5525,41,147,1,6510,45,52543,267,59053,312,-1,66,-24,532,67,5074,2,169,69
11-09-20,Anderson,2169,9,2055,7,114,2,2365,10,34643,64,37008,74,0,18,-46,318,55,1833,0,70,23
11-09-20,Bedford,2050,15,1904,10,146,5,2302,12,17505,81,19807,93,0,23,-12,231,27,1796,0,68,25
11-09-20,Benton,544,7,514,6,30,1,568,6,5881,10,6449,16,0,11,1,103,6,430,0,19,14
11-09-20,Bledsoe,1085,1,1073,1,12,0,1136,2,9745,44,10881,46,0,4,-4,36,5,1045,0,22,5
11-09-20,Blount,4021,15,3878,13,143,2,4492,14,39610,92,44102,106,0,46,-22,433,37,3542,0,154,47
11-09-20,Bradley,4062,36,3853,30,209,6,4614,32,32867,105,37481,137,1,25,0,299,35,3738,0,232,29
11-09-20,Campbell,1250,3,1032,0,218,3,1182,2,16126,64,17308,66,1,16,-20,108,22,1126,0,63,20
11-09-20,Cannon,536,8,495,4,41,4,590,3,5336,23,5926,26,0,2,3,84,5,450,0,17,2
11-09-20,Carroll,1303,9,1082,8,221,1,1330,8,13705,29,15035,37,0,30,0,136,9,1137,0,57,32
11-09-20,Carter,2048,29,1946,27,102,2,2149,28,21470,71,23619,99,1,39,-13,294,41,1715,2,132,43
11-09-20,Cheatham,1250,15,1197,14,53,1,1426,20,14579,106,16005,126,0,12,-3,113,18,1125,1,43,13
11-09-20,Chester,815,4,664,4,151,0,869,3,6759,13,7628,16,0,18,-5,63,9,734,0,26,19
11-09-20,Claiborne,592,5,508,1,84,4,613,0,13139,8,13752,8,0,8,2,42,3,542,0,30,8
11-09-20,Clay,454,4,347,2,107,2,411,2,3649,2,4060,4,0,17,-3,37,7,400,0,17,19
11-09-20,Cocke,1307,6,1129,4,178,2,1270,4,11362,34,12632,38,0,22,-29,127,35,1158,0,67,26
11-09-20,Coffee,2229,17,1882,13,347,4,2380,14,26422,56,28802,70,0,31,-17,223,34,1975,0,61,39
11-09-20,Crockett,1015,0,754,0,261,0,912,1,4857,9,5769,10,0,24,-18,77,18,914,0,25,26
11-09-20,Cumberland,1952,16,1886,15,66,1,2307,12,29730,34,32037,46,0,29,-9,240,25,1683,0,91,34
11-09-20,Davidson,35702,228,35312,220,390,8,44045,269,494390,2912,538435,3181,1,366,-99,2463,326,32873,3,1320,386
11-09-20,Decatur,745,3,596,3,149,0,776,3,7553,16,8329,19,0,11,-3,57,6,677,0,24,11
11-09-20,Dekalb,864,9,790,2,74,7,981,2,10525,23,11506,25,0,18,-7,97,16,749,0,35,22
11-09-20,Dickson,2111,37,1788,37,323,0,2307,40,19148,210,21455,250,1,22,9,318,27,1771,1,71,26
11-09-20,Dyer,2685,19,2217,6,468,13,2547,5,15368,28,17915,33,0,39,-15,298,34,2348,0,85,48
11-09-20,Fayette,1902,7,1826,7,76,0,2325,4,21046,209,23371,213,0,30,-15,127,22,1745,0,92,36
11-09-20,Fentress,1030,3,916,2,114,1,1107,2,6282,9,7389,11,0,14,-7,79,10,937,0,43,16
11-09-20,Franklin,1525,18,1442,18,83,0,1800,18,19270,45,21070,63,0,27,2,160,16,1338,0,64,29
11-09-20,Gibson,2460,6,1820,5,640,1,2435,8,19081,103,21516,111,0,52,-19,219,25,2189,0,70,60
11-09-20,Giles,1134,11,1099,7,35,4,1307,7,12803,39,14110,46,0,38,-9,117,20,979,0,59,38
11-09-20,Grainger,755,2,634,1,121,1,750,1,8187,9,8937,10,0,5,-15,83,17,667,0,38,11
11-09-20,Greene,2280,13,2147,13,133,0,2467,14,23092,141,25559,155,1,61,-32,306,44,1913,0,113,63
11-09-20,Grundy,664,2,618,2,46,0,742,3,4056,74,4798,77,0,14,-6,40,8,610,0,42,14
11-09-20,Hamblen,2788,4,2499,4,289,0,2914,5,28898,27,31812,32,0,51,-18,224,22,2513,0,139,60
11-09-20,Hamilton,13400,94,12692,81,708,13,14741,80,176170,747,190911,827,0,117,-44,901,138,12382,0,506,127
11-09-20,Hancock,129,0,116,0,13,0,132,0,2316,0,2448,0,0,3,0,5,0,121,0,11,3
11-09-20,Hardeman,2052,5,1905,3,147,2,2284,4,17817,36,20101,40,0,35,-6,99,11,1918,0,82,36
11-09-20,Hardin,1520,5,1217,3,303,2,1558,2,15506,28,17064,30,0,23,-2,77,7,1420,0,37,27
11-09-20,Hawkins,1477,24,1386,20,91,4,1554,20,14733,156,16287,176,0,30,11,168,13,1279,2,83,32
11-09-20,Haywood,1426,3,1307,3,119,0,1506,4,8870,56,10376,60,0,28,-7,77,10,1321,0,58,29
11-09-20,Henderson,1537,1,1227,1,310,0,1761,3,10963,13,12724,16,0,29,-6,93,7,1415,0,55,31
11-09-20,Henry,1034,6,975,4,59,2,1160,5,12019,15,13179,20,0,13,-10,161,16,860,1,46,14
11-09-20,Hickman,927,14,852,13,75,1,1059,13,9565,45,10624,58,0,16,-2,87,16,824,1,25,17
11-09-20,Houston,509,15,430,9,79,6,504,9,4252,30,4756,39,0,18,8,69,7,422,0,31,19
11-09-20,Humphreys,547,9,429,9,118,0,539,12,7179,55,7718,67,0,6,0,63,9,478,0,20,7
11-09-20,Jackson,541,0,461,0,80,0,566,0,3284,11,3850,11,0,7,-8,58,8,476,0,22,6
11-09-20,Jefferson,1760,7,1520,5,240,2,1802,8,22581,45,24383,53,0,25,-12,134,19,1601,1,89,28
11-09-20,Johnson,1286,9,1226,9,60,0,1314,15,8923,93,10237,108,1,15,0,80,8,1191,0,36,18
11-09-20,Knox,14868,133,14129,119,739,14,15816,127,175582,462,191398,589,1,103,-16,1225,148,13540,2,532,121
11-09-20,Lake,1049,0,1033,0,16,0,1254,0,7224,7,8478,7,0,4,-2,54,2,991,0,10,5
11-09-20,Lauderdale,1620,13,1350,12,270,1,1596,14,14336,49,15932,63,0,20,-6,114,19,1486,0,65,20
11-09-20,Lawrence,2031,64,1910,27,121,37,2163,28,15859,221,18022,249,0,24,43,307,21,1700,0,78,25
11-09-20,Lewis,595,7,583,6,12,1,641,9,6447,19,7088,28,0,7,-15,115,22,473,0,24,10
11-09-20,Lincoln,1121,13,1020,6,101,7,1206,8,10298,38,11504,46,0,8,-12,148,25,965,0,34,10
11-09-20,Loudon,1857,6,1788,5,69,1,2016,6,18446,26,20462,32,0,13,-18,159,24,1685,1,59,15
11-09-20,Macon,1514,12,1419,11,95,1,1734,12,9651,9,11385,21,0,26,3,127,9,1361,1,93,26
11-09-20,Madison,4311,27,2990,24,1321,3,4074,24,35503,129,39577,153,0,86,-15,323,42,3902,1,228,106
11-09-20,Marion,929,3,896,3,33,0,1075,4,9229,84,10304,88,0,14,-9,65,12,850,0,63,16
11-09-20,Marshall,1361,21,1342,21,19,0,1540,19,13102,71,14642,90,1,13,2,157,18,1191,0,36,14
11-09-20,Maury,4366,104,4279,104,87,0,4820,110,39626,460,44446,570,0,42,24,723,80,3601,1,137,48
11-09-20,McMinn,1931,7,1877,7,54,0,2173,7,22976,26,25149,33,0,44,-12,189,19,1698,0,89,50
11-09-20,McNairy,1247,7,989,5,258,2,1351,5,10134,33,11485,38,0,30,-5,63,12,1154,0,48,34
11-09-20,Meigs,387,1,381,1,6,0,437,1,4209,7,4646,8,0,8,-3,46,4,333,0,22,11
11-09-20,Monroe,1679,12,1618,11,61,1,1870,11,14977,47,16847,58,0,33,1,162,11,1484,0,95,39
11-09-20,Montgomery,5034,106,4518,74,516,32,5185,78,56274,575,61459,653,0,63,56,372,50,4599,2,163,74
11-09-20,Moore,308,6,266,6,42,0,325,7,3084,4,3409,11,0,2,2,26,4,280,0,6,2
11-09-20,Morgan,511,4,479,4,32,0,540,4,9890,16,10430,20,0,6,0,54,4,451,0,12,6
11-09-20,Obion,2102,8,1801,6,301,2,2075,10,13484,31,15559,41,0,31,-22,238,30,1833,0,66,38
11-09-20,Out of State,3662,46,3437,36,225,10,3972,35,369507,1827,373479,1862,2,43,-13,395,57,3224,0,110,26
11-09-20,Overton,1348,3,1132,1,216,2,1382,1,9365,16,10747,17,0,28,-10,81,13,1239,0,50,34
11-09-20,Pending,2381,43,2040,35,341,8,2381,46,229489,782,231870,828,0,7,-13,472,56,1902,1,40,11
11-09-20,Perry,390,4,360,4,30,0,412,4,4393,11,4805,15,0,15,-1,41,5,334,0,21,20
11-09-20,Pickett,314,2,227,1,87,1,283,0,1746,3,2029,3,0,10,0,28,2,276,0,15,12
11-09-20,Polk,565,0,539,0,26,0,633,0,4908,10,5541,10,0,13,-7,20,7,532,0,27,13
11-09-20,Putnam,4941,10,4443,5,498,5,5584,6,41144,56,46728,62,0,64,-41,260,51,4617,1,148,73
11-09-20,Rhea,1307,9,1247,9,60,0,1479,11,14317,45,15796,56,0,24,-9,108,18,1175,0,55,25
11-09-20,Roane,1764,17,1692,16,72,1,1948,18,24957,55,26905,73,0,10,-24,294,41,1460,1,60,17
11-09-20,Robertson,2921,23,2841,21,80,2,3410,21,23610,96,27020,117,0,43,-8,191,31,2687,1,207,48
11-09-20,Rutherford,13995,127,13662,122,333,5,16474,135,118567,770,135041,905,1,127,-35,1190,161,12678,2,347,135
11-09-20,Scott,582,14,488,3,94,11,539,4,6470,18,7009,22,0,5,7,151,7,426,0,25,7
11-09-20,Sequatchie,415,3,408,3,7,0,460,3,6961,25,7421,28,0,5,-2,42,5,368,0,16,5
11-09-20,Sevier,3871,20,3725,14,146,6,4198,13,34279,52,38477,65,0,26,-19,326,39,3519,0,139,30
11-09-20,Shelby,40620,287,39750,263,870,24,49534,324,489269,2898,538803,3222,0,588,-36,2892,323,37140,7,2419,653
11-09-20,Smith,1142,13,1067,8,75,5,1398,7,7412,15,8810,22,0,16,0,67,13,1059,0,39,17
11-09-20,Stewart,438,8,386,3,52,5,453,3,3960,44,4413,47,0,13,0,67,8,358,0,15,13
11-09-20,Sullivan,4774,73,4482,66,292,7,4944,71,44452,435,49396,506,1,65,-14,608,86,4101,4,330,74
11-09-20,Sumner,7229,78,7134,75,95,3,8372,78,63896,312,72268,390,0,120,-11,713,89,6396,1,488,124
11-09-20,Tipton,2776,21,2384,16,392,5,3007,22,27756,102,30763,124,0,25,-11,277,32,2474,1,113,32
11-09-20,Trousdale,1836,2,1818,2,18,0,1923,2,6097,36,8020,38,0,10,-1,43,3,1783,0,31,11
11-09-20,Unicoi,598,7,516,6,82,1,594,8,8202,18,8796,26,2,12,-19,116,24,470,0,34,15
11-09-20,Union,594,1,539,0,55,1,611,0,6273,9,6884,9,0,5,-5,29,6,560,0,25,5
11-09-20,Van Buren,247,3,227,2,20,1,265,3,3049,63,3314,66,0,2,2,26,1,219,0,8,2
11-09-20,Warren,1789,7,1646,5,143,2,1929,6,18109,41,20038,47,0,11,-10,243,17,1535,0,35,15
11-09-20,Washington,4515,43,4308,43,207,0,4869,50,44169,274,49038,324,0,78,-65,568,108,3869,0,185,86
11-09-20,Wayne,1659,6,1623,4,36,2,1791,5,7391,37,9182,42,0,7,0,33,6,1619,0,24,8
11-09-20,Weakley,1760,11,1560,8,200,3,1824,13,13845,27,15669,40,0,29,-11,136,22,1595,0,40,32
11-09-20,White,1410,9,1286,4,124,5,1690,5,14061,34,15751,39,0,16,-12,133,21,1261,0,74,17
11-09-20,Williamson,8553,138,8167,131,386,7,9473,142,95872,697,105345,839,0,61,20,965,118,7527,3,167,69
11-09-20,Wilson,5630,49,5484,49,146,0,6465,53,52276,274,58741,327,0,67,-22,556,71,5007,1,167,69
11-08-20,Anderson,2160,54,2048,51,112,3,2355,65,34579,613,36934,678,0,18,40,364,14,1778,1,70,23
11-08-20,Bedford,2035,55,1894,48,141,7,2290,51,17424,259,19714,310,0,23,44,243,11,1769,0,68,25
11-08-20,Benton,537,17,508,15,29,2,562,17,5871,39,6433,56,0,11,14,102,3,424,0,19,13
11-08-20,Bledsoe,1084,10,1072,10,12,0,1134,13,9701,65,10835,78,0,4,8,40,2,1040,1,22,5
11-08-20,Blount,4006,92,3865,84,141,8,4478,87,39518,549,43996,636,0,46,61,455,31,3505,0,154,47
11-08-20,Bradley,4026,72,3823,63,203,9,4582,72,32762,443,37344,515,0,24,48,299,24,3703,1,232,29
11-08-20,Campbell,1247,24,1032,23,215,1,1180,23,16062,267,17242,290,0,15,13,128,11,1104,0,63,20
11-08-20,Cannon,528,20,491,16,37,4,587,16,5313,78,5900,94,0,2,16,81,4,445,0,17,2
11-08-20,Carroll,1294,21,1074,19,220,2,1322,28,13676,170,14998,198,0,30,18,136,3,1128,0,57,31
11-08-20,Carter,2019,63,1919,59,100,4,2121,58,21399,308,23520,366,0,38,39,307,24,1674,1,130,42
11-08-20,Cheatham,1235,23,1183,18,52,5,1406,18,14473,190,15879,208,0,12,6,116,17,1107,0,42,13
11-08-20,Chester,811,13,660,9,151,4,866,11,6746,76,7612,87,0,18,13,68,0,725,1,26,19
11-08-20,Claiborne,587,12,507,10,80,2,613,11,13131,202,13744,213,0,8,12,40,0,539,1,30,8
11-08-20,Clay,450,5,345,5,105,0,409,5,3647,22,4056,27,0,17,4,40,1,393,0,17,19
11-08-20,Cocke,1301,22,1125,14,176,8,1266,15,11328,172,12594,187,1,22,10,156,11,1123,2,67,26
11-08-20,Coffee,2212,45,1869,29,343,16,2366,34,26366,302,28732,336,0,31,20,240,25,1941,1,61,38
11-08-20,Crockett,1015,12,754,9,261,3,911,11,4848,70,5759,81,0,24,5,95,7,896,1,25,26
11-08-20,Cumberland,1936,52,1871,51,65,1,2295,75,29696,523,31991,598,0,29,43,249,9,1658,2,91,34
11-08-20,Davidson,35474,401,35092,389,382,12,43776,428,491478,7055,535254,7483,0,365,218,2562,183,32547,5,1317,383
11-08-20,Decatur,742,18,593,17,149,1,773,18,7537,143,8310,161,0,11,10,60,8,671,0,24,11
11-08-20,Dekalb,855,44,788,32,67,12,979,37,10502,106,11481,143,0,18,41,104,3,733,1,35,22
11-08-20,Dickson,2074,52,1751,36,323,16,2267,37,18938,258,21205,295,0,21,36,309,16,1744,0,70,26
11-08-20,Dyer,2666,69,2211,52,455,17,2542,53,15340,221,17882,274,0,39,47,313,22,2314,2,85,46
11-08-20,Fayette,1895,29,1819,29,76,0,2321,43,20837,291,23158,334,0,30,19,142,10,1723,0,92,36
11-08-20,Fentress,1027,15,914,15,113,0,1105,20,6273,100,7378,120,0,14,14,86,1,927,0,43,16
11-08-20,Franklin,1507,28,1424,25,83,3,1782,31,19225,162,21007,193,0,27,17,158,11,1322,0,64,29
11-08-20,Gibson,2454,72,1815,45,639,27,2427,45,18978,233,21405,278,0,52,64,238,8,2164,0,70,60
11-08-20,Giles,1123,17,1092,17,31,0,1300,27,12764,233,14064,260,0,38,14,126,3,959,0,59,38
11-08-20,Grainger,753,15,633,13,120,2,749,12,8178,84,8927,96,0,5,8,98,7,650,0,38,11
11-08-20,Greene,2267,82,2134,77,133,5,2453,76,22951,404,25404,480,0,60,46,338,36,1869,4,113,63
11-08-20,Grundy,662,4,616,3,46,1,739,6,3982,125,4721,131,0,14,-3,46,7,602,0,42,14
11-08-20,Hamblen,2784,44,2495,39,289,5,2909,37,28871,236,31780,273,0,51,24,242,20,2491,1,139,60
11-08-20,Hamilton,13306,197,12611,187,695,10,14661,226,175423,1943,190084,2169,0,117,94,945,103,12244,7,506,126
11-08-20,Hancock,129,1,116,1,13,0,132,1,2316,22,2448,23,0,3,1,5,0,121,0,11,3
11-08-20,Hardeman,2047,25,1902,25,145,0,2280,31,17781,178,20061,209,0,35,18,105,7,1907,0,82,36
11-08-20,Hardin,1515,16,1214,11,301,5,1556,14,15478,128,17034,142,0,23,11,79,5,1413,0,37,26
11-08-20,Hawkins,1453,40,1366,33,87,7,1534,32,14577,196,16111,228,0,30,30,157,10,1266,0,81,32
11-08-20,Haywood,1423,22,1304,19,119,3,1502,20,8814,152,10316,172,0,28,18,84,4,1311,1,58,29
11-08-20,Henderson,1536,28,1226,24,310,4,1758,25,10950,130,12708,155,0,29,24,99,4,1408,1,55,30
11-08-20,Henry,1028,39,971,32,57,7,1155,34,12004,134,13159,168,0,13,28,171,11,844,0,45,14
11-08-20,Hickman,913,25,839,21,74,4,1046,22,9520,128,10566,150,0,16,19,89,6,808,1,24,17
11-08-20,Houston,494,7,421,6,73,1,495,6,4222,132,4717,138,0,18,4,61,3,415,0,31,19
11-08-20,Humphreys,538,11,420,8,118,3,527,10,7124,112,7651,122,0,6,7,63,4,469,0,20,7
11-08-20,Jackson,541,17,461,11,80,6,566,13,3273,46,3839,59,0,7,14,66,3,468,1,22,6
11-08-20,Jefferson,1753,42,1515,39,238,3,1794,42,22536,262,24330,304,0,25,27,146,15,1582,0,88,28
11-08-20,Johnson,1277,10,1217,10,60,0,1299,10,8830,79,10129,89,0,14,-3,80,13,1183,0,36,18
11-08-20,Knox,14735,218,14010,206,725,12,15689,259,175120,2601,190809,2860,1,102,101,1241,116,13392,3,530,119
11-08-20,Lake,1049,16,1033,16,16,0,1254,16,7217,81,8471,97,0,4,13,56,3,989,0,10,4
11-08-20,Lauderdale,1607,26,1338,18,269,8,1582,23,14287,126,15869,149,0,20,24,120,2,1467,0,65,20
11-08-20,Lawrence,1967,32,1883,30,84,2,2135,36,15638,241,17773,277,0,24,16,264,16,1679,0,78,25
11-08-20,Lewis,588,19,577,18,11,1,632,24,6428,99,7060,123,0,7,6,130,13,451,0,24,9
11-08-20,Lincoln,1108,36,1014,32,94,4,1198,32,10260,127,11458,159,0,8,28,160,8,940,1,34,10
11-08-20,Loudon,1851,29,1783,25,68,4,2010,25,18420,334,20430,359,0,13,20,177,9,1661,0,58,15
11-08-20,Macon,1502,27,1408,26,94,1,1722,29,9642,175,11364,204,0,26,23,124,4,1352,0,92,26
11-08-20,Madison,4284,79,2966,33,1318,46,4050,37,35374,417,39424,454,0,86,48,338,31,3860,3,227,105
11-08-20,Marion,926,15,893,15,33,0,1071,18,9145,139,10216,157,0,14,5,74,10,838,0,63,16
11-08-20,Marshall,1340,34,1321,34,19,0,1521,46,13031,223,14552,269,0,12,27,155,7,1173,0,36,14
11-08-20,Maury,4262,93,4175,93,87,0,4710,108,39166,668,43876,776,0,42,61,699,32,3521,3,136,47
11-08-20,McMinn,1924,30,1870,27,54,3,2166,32,22950,340,25116,372,0,44,19,201,11,1679,0,89,50
11-08-20,McNairy,1240,21,984,15,256,6,1346,18,10101,72,11447,90,0,30,20,68,1,1142,0,48,33
11-08-20,Meigs,386,7,380,7,6,0,436,7,4202,49,4638,56,0,8,7,49,0,329,1,22,11
11-08-20,Monroe,1667,26,1607,25,60,1,1859,29,14930,162,16789,191,1,33,13,161,12,1473,0,95,39
11-08-20,Montgomery,4928,93,4444,79,484,14,5107,82,55699,802,60806,884,0,63,54,316,39,4549,0,161,73
11-08-20,Moore,302,4,260,3,42,1,318,3,3080,22,3398,25,0,2,1,24,3,276,0,6,2
11-08-20,Morgan,507,16,475,16,32,0,536,14,9874,95,10410,109,0,6,12,54,4,447,0,12,6
11-08-20,Obion,2094,52,1795,36,299,16,2065,43,13453,229,15518,272,0,31,40,260,12,1803,0,66,38
11-08-20,Out of State,3616,134,3401,102,215,32,3937,114,367680,5080,371617,5194,0,41,115,408,19,3167,0,110,26
11-08-20,Overton,1345,18,1131,18,214,0,1381,24,9349,64,10730,88,0,28,8,91,10,1226,0,50,33
11-08-20,Pending,2338,110,2005,93,333,17,2335,96,228707,2655,231042,2751,0,7,87,485,23,1846,0,39,10
11-08-20,Perry,386,8,356,7,30,1,408,10,4382,41,4790,51,0,15,5,42,3,329,0,21,20
11-08-20,Pickett,312,7,226,7,86,0,283,9,1743,28,2026,37,0,10,7,28,0,274,0,15,11
11-08-20,Polk,565,5,539,5,26,0,633,7,4898,40,5531,47,0,13,1,27,4,525,1,27,13
11-08-20,Putnam,4931,72,4438,70,493,2,5578,85,41088,429,46666,514,0,64,50,301,22,4566,0,147,73
11-08-20,Rhea,1298,31,1238,29,60,2,1468,31,14272,196,15740,227,0,24,23,117,8,1157,2,55,24
11-08-20,Roane,1747,54,1676,54,71,0,1930,55,24902,581,26832,636,0,10,27,318,27,1419,0,59,16
11-08-20,Robertson,2898,45,2820,43,78,2,3389,46,23514,368,26903,414,0,43,33,199,12,2656,2,206,48
11-08-20,Rutherford,13868,287,13540,283,328,4,16339,310,117797,1839,134136,2149,0,126,178,1225,109,12517,4,345,134
11-08-20,Scott,568,40,485,33,83,7,535,37,6452,158,6987,195,0,5,35,144,5,419,0,25,7
11-08-20,Sequatchie,412,11,405,11,7,0,457,11,6936,114,7393,125,0,5,7,44,4,363,0,16,5
11-08-20,Sevier,3851,55,3711,55,140,0,4185,67,34227,416,38412,483,0,26,33,345,22,3480,3,139,30
11-08-20,Shelby,40333,748,39487,694,846,54,49210,816,486371,6782,535581,7598,2,588,571,2928,175,36817,16,2412,647
11-08-20,Smith,1129,25,1059,21,70,4,1391,28,7397,74,8788,102,0,16,15,67,10,1046,0,39,17
11-08-20,Stewart,430,21,383,19,47,2,450,21,3916,48,4366,69,0,13,16,67,5,350,0,15,13
11-08-20,Sullivan,4701,87,4416,77,285,10,4873,91,44017,633,48890,724,0,64,48,622,39,4015,5,326,71
11-08-20,Sumner,7151,152,7059,149,92,3,8294,160,63584,1025,71878,1185,0,120,109,724,43,6307,5,487,123
11-08-20,Tipton,2755,66,2368,51,387,15,2985,61,27654,420,30639,481,0,25,50,288,16,2442,0,112,31
11-08-20,Trousdale,1834,4,1816,4,18,0,1921,4,6061,32,7982,36,0,10,0,44,4,1780,0,31,10
11-08-20,Unicoi,591,21,510,18,81,3,586,17,8184,67,8770,84,0,10,8,135,13,446,1,34,15
11-08-20,Union,593,10,539,9,54,1,611,8,6264,98,6875,106,0,5,9,34,1,554,1,25,5
11-08-20,Van Buren,244,9,225,9,19,0,262,9,2986,63,3248,72,0,2,9,24,0,218,0,8,2
11-08-20,Warren,1782,73,1641,67,141,6,1923,73,18068,332,19991,405,0,11,67,253,6,1518,1,35,14
11-08-20,Washington,4472,97,4265,88,207,9,4819,107,43895,624,48714,731,0,78,42,633,55,3761,0,185,85
11-08-20,Wayne,1653,6,1619,5,34,1,1786,6,7354,71,9140,77,0,7,4,33,2,1613,0,24,8
11-08-20,Weakley,1749,33,1552,25,197,8,1811,27,13818,141,15629,168,0,29,28,147,5,1573,0,40,32
11-08-20,White,1401,29,1282,29,119,0,1685,34,14027,255,15712,289,0,16,21,145,8,1240,0,74,16
11-08-20,Williamson,8415,144,8036,141,379,3,9331,161,95175,1213,104506,1374,0,61,79,945,65,7409,0,164,68
11-08-20,Wilson,5581,151,5435,147,146,4,6412,165,52002,943,58414,1108,0,67,104,578,47,4936,1,166,69
11-07-20,Anderson,2106,80,1997,77,109,3,2290,76,33966,442,36256,518,0,18,49,324,31,1764,0,69,23
11-07-20,Bedford,1980,27,1846,18,134,9,2239,18,17165,134,19404,152,0,23,16,199,11,1758,0,68,25
11-07-20,Benton,520,18,493,18,27,0,545,23,5832,141,6377,164,1,11,14,88,3,421,0,19,12
11-07-20,Bledsoe,1074,8,1062,8,12,0,1121,9,9636,66,10757,75,0,4,4,32,4,1038,0,21,5
11-07-20,Blount,3914,81,3781,79,133,2,4391,88,38969,529,43360,617,1,46,49,394,31,3474,0,154,47
11-07-20,Bradley,3954,26,3760,24,194,2,4510,26,32319,331,36829,357,0,24,7,251,19,3679,0,231,28
11-07-20,Campbell,1223,17,1009,14,214,3,1157,21,15795,253,16952,274,1,15,-4,115,20,1093,0,63,20
11-07-20,Cannon,508,13,475,12,33,1,571,15,5235,75,5806,90,0,2,11,65,2,441,0,17,2
11-07-20,Carroll,1273,22,1055,17,218,5,1294,31,13506,167,14800,198,0,30,19,118,3,1125,0,57,31
11-07-20,Carter,1956,37,1860,34,96,3,2063,46,21091,281,23154,327,1,38,4,268,32,1650,1,129,41
11-07-20,Cheatham,1212,17,1165,17,47,0,1388,24,14283,172,15671,196,0,12,8,110,9,1090,1,42,12
11-07-20,Chester,798,10,651,6,147,4,855,6,6670,37,7525,43,0,18,7,55,3,725,0,25,19
11-07-20,Claiborne,575,6,497,5,78,1,602,7,12929,107,13531,114,0,8,0,28,6,539,0,29,8
11-07-20,Clay,445,2,340,2,105,0,404,3,3625,19,4029,22,1,17,0,36,1,392,0,17,19
11-07-20,Cocke,1279,23,1111,22,168,1,1251,26,11156,155,12407,181,1,21,12,146,10,1112,0,65,26
11-07-20,Coffee,2167,23,1840,19,327,4,2332,25,26064,346,28396,371,-1,31,11,220,13,1916,0,60,38
11-07-20,Crockett,1003,9,745,8,258,1,900,9,4778,47,5678,56,0,24,2,90,7,889,0,24,26
11-07-20,Cumberland,1884,42,1820,42,64,0,2220,55,29173,410,31393,465,0,29,27,206,15,1649,1,89,34
11-07-20,Davidson,35073,463,34703,456,370,7,43348,523,484423,4994,527771,5517,3,365,282,2344,178,32364,17,1312,381
11-07-20,Decatur,724,11,576,10,148,1,755,12,7394,76,8149,88,0,11,7,50,4,663,0,24,11
11-07-20,Dekalb,811,7,756,7,55,0,942,8,10396,64,11338,72,0,18,2,63,5,730,0,34,22
11-07-20,Dickson,2022,40,1715,33,307,7,2230,33,18680,167,20910,200,0,21,29,273,11,1728,1,70,24
11-07-20,Dyer,2597,44,2159,32,438,12,2489,37,15119,84,17608,121,0,39,21,266,23,2292,0,83,43
11-07-20,Fayette,1866,19,1790,15,76,4,2278,22,20546,169,22824,191,1,30,9,123,9,1713,0,92,36
11-07-20,Fentress,1012,15,899,15,113,0,1085,17,6173,98,7258,115,0,14,10,72,5,926,0,43,16
11-07-20,Franklin,1479,24,1399,24,80,0,1751,41,19063,228,20814,269,0,27,16,141,8,1311,1,64,29
11-07-20,Gibson,2382,30,1770,18,612,12,2382,28,18745,136,21127,164,0,52,20,174,10,2156,0,70,60
11-07-20,Giles,1106,7,1075,6,31,1,1273,8,12531,93,13804,101,0,38,4,112,3,956,0,59,38
11-07-20,Grainger,738,14,620,13,118,1,737,15,8094,81,8831,96,1,5,9,90,4,643,1,38,10
11-07-20,Greene,2185,21,2057,20,128,1,2377,22,22547,220,24924,242,1,60,-3,292,23,1833,1,109,63
11-07-20,Grundy,658,7,613,7,45,0,733,9,3857,76,4590,85,0,14,3,49,4,595,0,42,14
11-07-20,Hamblen,2740,48,2456,42,284,6,2872,48,28635,329,31507,377,0,51,34,218,14,2471,0,138,60
11-07-20,Hamilton,13109,154,12424,129,685,25,14435,131,173480,1229,187915,1360,3,117,70,851,81,12141,6,499,125
11-07-20,Hancock,128,0,115,0,13,0,131,0,2294,23,2425,23,0,3,-1,4,1,121,0,11,3
11-07-20,Hardeman,2022,9,1877,7,145,2,2249,14,17603,59,19852,73,0,35,1,87,8,1900,0,82,36
11-07-20,Hardin,1499,6,1203,4,296,2,1542,8,15350,81,16892,89,0,23,2,68,4,1408,0,37,25
11-07-20,Hawkins,1413,24,1333,23,80,1,1502,29,14381,252,15883,281,0,30,9,127,15,1256,0,81,32
11-07-20,Haywood,1401,11,1285,8,116,3,1482,8,8662,41,10144,49,0,28,0,66,11,1307,0,57,29
11-07-20,Henderson,1508,16,1202,11,306,5,1733,14,10820,80,12553,94,0,29,8,75,8,1404,0,54,30
11-07-20,Henry,989,33,939,31,50,2,1121,33,11870,166,12991,199,0,13,22,143,11,833,0,45,14
11-07-20,Hickman,888,9,818,9,70,0,1024,15,9392,71,10416,86,0,16,6,70,3,802,0,23,17
11-07-20,Houston,487,7,415,3,72,4,489,2,4090,61,4579,63,0,18,2,57,5,412,0,31,19
11-07-20,Humphreys,527,11,412,8,115,3,517,8,7012,54,7529,62,0,6,9,56,2,465,0,20,7
11-07-20,Jackson,524,9,450,7,74,2,553,8,3227,43,3780,51,0,7,7,52,2,465,0,21,6
11-07-20,Jefferson,1711,22,1476,18,235,4,1752,23,22274,222,24026,245,0,25,17,119,5,1567,2,88,28
11-07-20,Johnson,1267,9,1207,9,60,0,1289,5,8751,54,10040,59,0,14,-1,83,10,1170,2,36,18
11-07-20,Knox,14517,170,13804,162,713,8,15430,191,172519,1949,187949,2140,1,101,63,1140,106,13276,5,527,114
11-07-20,Lake,1033,16,1017,16,16,0,1238,18,7136,63,8374,81,0,4,14,43,2,986,0,10,4
11-07-20,Lauderdale,1581,16,1320,14,261,2,1559,17,14161,154,15720,171,0,20,8,96,8,1465,0,65,20
11-07-20,Lawrence,1935,15,1853,14,82,1,2099,15,15397,139,17496,154,0,24,9,248,6,1663,0,78,25
11-07-20,Lewis,569,15,559,14,10,1,608,24,6329,97,6937,121,0,7,3,124,12,438,0,24,8
11-07-20,Lincoln,1072,17,982,12,90,5,1166,14,10133,83,11299,97,0,8,12,132,5,932,0,33,10
11-07-20,Loudon,1822,27,1758,27,64,0,1985,32,18086,249,20071,281,0,13,16,157,11,1652,1,58,15
11-07-20,Macon,1475,8,1382,8,93,0,1693,12,9467,74,11160,86,0,26,1,101,7,1348,0,92,26
11-07-20,Madison,4205,43,2933,17,1272,26,4013,20,34957,238,38970,258,0,86,13,290,30,3829,0,224,102
11-07-20,Marion,911,7,878,7,33,0,1053,9,9006,113,10059,122,0,14,-6,69,13,828,0,63,16
11-07-20,Marshall,1306,6,1287,6,19,0,1475,10,12808,140,14283,150,0,12,-6,128,12,1166,0,36,12
11-07-20,Maury,4169,104,4082,104,87,0,4602,126,38498,577,43100,703,2,42,64,638,38,3489,2,133,47
11-07-20,McMinn,1894,26,1843,25,51,1,2134,28,22610,222,24744,250,3,44,1,182,22,1668,0,89,49
11-07-20,McNairy,1219,14,969,8,250,6,1328,11,10029,129,11357,140,0,30,12,48,2,1141,1,48,33
11-07-20,Meigs,379,6,373,6,6,0,429,8,4153,44,4582,52,0,8,3,42,3,329,0,21,11
11-07-20,Monroe,1641,25,1582,23,59,2,1830,28,14768,147,16598,175,0,32,17,148,8,1461,2,95,39
11-07-20,Montgomery,4835,80,4365,71,470,9,5025,80,54897,639,59922,719,0,63,41,262,39,4510,2,161,73
11-07-20,Moore,298,1,257,1,41,0,315,1,3058,32,3373,33,0,2,1,23,0,273,0,6,2
11-07-20,Morgan,491,6,459,6,32,0,522,6,9779,77,10301,83,0,6,5,42,1,443,0,12,6
11-07-20,Obion,2042,42,1759,28,283,14,2022,42,13224,143,15246,185,2,31,30,220,10,1791,0,66,38
11-07-20,Out of State,3482,57,3299,54,183,3,3823,57,362600,3665,366423,3722,1,41,30,293,26,3148,0,110,26
11-07-20,Overton,1327,8,1113,8,214,0,1357,9,9285,79,10642,88,2,28,-1,83,7,1216,0,50,33
11-07-20,Pending,2228,67,1912,60,316,7,2239,70,226052,2293,228291,2363,1,7,38,398,28,1823,0,39,10
11-07-20,Perry,378,9,349,8,29,1,398,12,4341,25,4739,37,1,15,5,37,3,326,1,21,19
11-07-20,Pickett,305,5,219,5,86,0,274,7,1715,45,1989,52,0,10,3,21,2,274,0,15,11
11-07-20,Polk,560,0,534,0,26,0,626,1,4858,55,5484,56,0,13,-2,26,2,521,0,26,13
11-07-20,Putnam,4859,62,4368,62,491,0,5493,82,40659,514,46152,596,1,64,33,251,28,4544,2,147,73
11-07-20,Rhea,1267,10,1209,4,58,6,1437,8,14076,111,15513,119,0,24,5,94,5,1149,1,53,24
11-07-20,Roane,1693,63,1622,63,71,0,1875,72,24321,516,26196,588,0,10,46,291,17,1392,2,59,14
11-07-20,Robertson,2853,41,2777,32,76,9,3343,39,23146,335,26489,374,0,43,28,166,13,2644,4,204,47
11-07-20,Rutherford,13581,258,13257,253,324,5,16029,287,115958,1753,131987,2040,3,126,135,1047,120,12408,1,341,133
11-07-20,Scott,528,24,452,17,76,7,498,20,6294,144,6792,164,0,5,14,109,10,414,2,25,6
11-07-20,Sequatchie,401,2,394,2,7,0,446,4,6822,150,7268,154,0,5,-3,37,5,359,0,16,5
11-07-20,Sevier,3796,73,3656,72,140,1,4118,72,33811,504,37929,576,2,26,51,312,20,3458,1,136,30
11-07-20,Shelby,39585,448,38793,416,792,32,48394,482,479589,4384,527983,4866,4,586,239,2357,205,36642,6,2396,644
11-07-20,Smith,1104,11,1038,11,66,0,1363,16,7323,75,8686,91,0,16,9,52,2,1036,0,39,17
11-07-20,Stewart,409,5,364,5,45,0,429,7,3868,37,4297,44,0,13,2,51,3,345,0,15,13
11-07-20,Sullivan,4614,182,4339,181,275,1,4782,203,43384,986,48166,1189,3,64,128,574,51,3976,8,321,69
11-07-20,Sumner,6999,161,6910,159,89,2,8134,177,62559,1016,70693,1193,0,120,118,615,43,6264,4,482,123
11-07-20,Tipton,2689,31,2317,19,372,12,2924,23,27234,219,30158,242,1,25,8,238,22,2426,0,112,31
11-07-20,Trousdale,1830,6,1812,6,18,0,1917,6,6029,43,7946,49,0,10,2,44,4,1776,0,31,10
11-07-20,Unicoi,570,14,492,13,78,1,569,19,8117,71,8686,90,0,10,6,127,8,433,1,33,15
11-07-20,Union,583,6,530,6,53,0,603,8,6166,69,6769,77,0,5,4,25,2,553,2,24,5
11-07-20,Van Buren,235,4,216,4,19,0,253,4,2923,10,3176,14,0,2,2,15,2,218,0,8,2
11-07-20,Warren,1709,39,1574,38,135,1,1850,41,17736,174,19586,215,0,11,26,186,13,1512,1,34,13
11-07-20,Washington,4375,76,4177,69,198,7,4712,90,43271,708,47983,798,3,78,16,591,57,3706,1,185,83
11-07-20,Wayne,1647,5,1614,4,33,1,1780,6,7283,61,9063,67,0,7,4,29,1,1611,0,24,8
11-07-20,Weakley,1716,16,1527,13,189,3,1784,18,13677,82,15461,100,2,29,5,119,9,1568,0,40,32
11-07-20,White,1372,23,1253,23,119,0,1651,31,13772,150,15423,181,0,16,14,124,9,1232,0,74,16
11-07-20,Williamson,8271,205,7895,193,376,12,9170,208,93962,1468,103132,1676,2,61,132,866,71,7344,0,164,68
11-07-20,Wilson,5430,102,5288,100,142,2,6247,113,51059,690,57306,803,1,67,37,474,64,4889,3,165,69
11-06-20,Anderson,2026,50,1920,47,106,3,2214,48,33524,355,35738,403,0,18,25,275,25,1733,2,69,23
11-06-20,Bedford,1953,32,1828,28,125,4,2221,30,17031,155,19252,185,0,23,0,183,32,1747,1,68,25
11-06-20,Benton,502,14,475,12,27,2,522,13,5691,28,6213,41,0,10,10,74,4,418,0,19,12
11-06-20,Bledsoe,1066,2,1054,2,12,0,1112,5,9570,63,10682,68,0,4,1,28,1,1034,0,21,5
11-06-20,Blount,3833,57,3702,55,131,2,4303,62,38440,383,42743,445,1,45,9,345,47,3443,1,154,47
11-06-20,Bradley,3928,32,3736,29,192,3,4484,29,31988,99,36472,128,0,24,-3,244,35,3660,2,231,28
11-06-20,Campbell,1206,16,995,11,211,5,1136,11,15542,102,16678,113,0,14,2,119,14,1073,0,63,19
11-06-20,Cannon,495,11,463,8,32,3,556,8,5160,40,5716,48,0,2,7,54,4,439,0,17,2
11-06-20,Carroll,1251,17,1038,16,213,1,1263,13,13339,36,14602,49,2,30,12,99,3,1122,0,57,31
11-06-20,Carter,1919,24,1826,20,93,4,2017,18,20810,86,22827,104,-1,37,-18,264,43,1618,3,128,40
11-06-20,Cheatham,1195,33,1148,29,47,4,1364,31,14111,111,15475,142,0,12,23,102,10,1081,2,41,12
11-06-20,Chester,788,14,645,11,143,3,849,10,6633,19,7482,29,1,18,9,48,4,722,0,25,19
11-06-20,Claiborne,569,6,492,4,77,2,595,2,12822,50,13417,52,0,8,1,28,5,533,0,29,8
11-06-20,Clay,443,7,338,3,105,4,401,3,3606,22,4007,25,0,16,6,36,1,391,0,17,19
11-06-20,Cocke,1256,9,1089,7,167,2,1225,8,11001,100,12226,108,0,20,-21,134,30,1102,2,65,25
11-06-20,Coffee,2144,18,1821,9,323,9,2307,13,25718,183,28025,196,0,32,-13,209,31,1903,0,60,37
11-06-20,Crockett,994,13,737,8,257,5,891,8,4731,38,5622,46,0,24,8,88,5,882,0,24,25
11-06-20,Cumberland,1842,46,1778,46,64,0,2165,46,28763,269,30928,315,0,29,28,179,18,1634,0,88,34
11-06-20,Davidson,34610,392,34247,371,363,21,42825,439,479429,4716,522254,5155,2,362,123,2062,267,32186,7,1295,381
11-06-20,Decatur,713,9,566,9,147,0,743,6,7318,32,8061,38,0,11,5,43,4,659,0,24,11
11-06-20,Dekalb,804,18,749,16,55,2,934,18,10332,106,11266,124,0,18,3,61,15,725,1,34,22
11-06-20,Dickson,1982,55,1682,30,300,25,2197,32,18513,243,20710,275,0,21,23,244,32,1717,0,69,22
11-06-20,Dyer,2553,49,2127,17,426,32,2452,23,15035,50,17487,73,1,39,20,245,28,2269,0,83,43
11-06-20,Fayette,1847,20,1775,19,72,1,2256,23,20377,98,22633,121,0,29,2,114,18,1704,0,92,36
11-06-20,Fentress,997,9,884,7,113,2,1068,8,6075,38,7143,46,1,14,0,62,8,921,0,43,16
11-06-20,Franklin,1455,20,1375,16,80,4,1710,16,18835,77,20545,93,0,27,9,125,11,1303,1,63,29
11-06-20,Gibson,2352,28,1752,13,600,15,2354,11,18609,44,20963,55,2,52,8,154,18,2146,0,70,60
11-06-20,Giles,1099,23,1069,23,30,0,1265,20,12438,99,13703,119,0,38,15,108,8,953,0,59,38
11-06-20,Grainger,724,8,607,4,117,4,722,4,8013,49,8735,53,0,4,-4,81,12,639,0,37,10
11-06-20,Greene,2164,16,2037,15,127,1,2355,23,22327,97,24682,120,1,59,-29,295,44,1810,0,108,62
11-06-20,Grundy,651,5,606,4,45,1,724,5,3781,27,4505,32,0,14,-3,46,8,591,0,42,14
11-06-20,Hamblen,2692,11,2414,8,278,3,2824,17,28306,222,31130,239,0,51,-10,184,21,2457,0,138,60
11-06-20,Hamilton,12955,216,12295,188,660,28,14304,187,172251,1105,186555,1292,0,114,113,781,103,12060,1,493,123
11-06-20,Hancock,128,0,115,0,13,0,131,1,2271,9,2402,10,0,3,-2,5,2,120,0,11,3
11-06-20,Hardeman,2013,12,1870,11,143,1,2235,16,17544,49,19779,65,1,35,5,86,6,1892,0,82,36
11-06-20,Hardin,1493,20,1199,13,294,7,1534,12,15269,52,16803,64,0,23,11,66,9,1404,0,37,24
11-06-20,Hawkins,1389,5,1310,0,79,5,1473,2,14129,71,15602,73,0,30,-16,118,21,1241,0,81,31
11-06-20,Haywood,1390,13,1277,9,113,4,1474,12,8621,36,10095,48,0,28,-3,66,16,1296,0,57,29
11-06-20,Henderson,1492,15,1191,13,301,2,1719,14,10740,36,12459,50,1,29,9,67,5,1396,1,54,30
11-06-20,Henry,956,27,908,19,48,8,1088,20,11704,63,12792,83,0,13,20,121,7,822,0,45,14
11-06-20,Hickman,879,8,809,5,70,3,1009,7,9321,67,10330,74,0,16,-4,64,12,799,0,23,17
11-06-20,Houston,480,17,412,13,68,4,487,13,4029,25,4516,38,0,18,15,55,2,407,0,31,19
11-06-20,Humphreys,516,20,404,11,112,9,509,14,6958,54,7467,68,0,6,16,47,4,463,0,20,7
11-06-20,Jackson,515,14,443,9,72,5,545,12,3184,25,3729,37,0,7,8,45,6,463,0,21,6
11-06-20,Jefferson,1689,14,1458,14,231,0,1729,18,22052,144,23781,162,0,25,-6,102,20,1562,0,86,28
11-06-20,Johnson,1258,3,1198,3,60,0,1284,3,8697,59,9981,62,1,14,-10,84,12,1160,0,34,18
11-06-20,Knox,14347,156,13642,139,705,17,15239,153,170570,1232,185809,1385,0,100,24,1077,132,13170,5,522,114
11-06-20,Lake,1017,6,1001,5,16,1,1220,6,7073,8,8293,14,0,4,3,29,3,984,0,10,4
11-06-20,Lauderdale,1565,16,1306,12,259,4,1542,15,14007,71,15549,86,2,20,3,88,11,1457,0,65,20
11-06-20,Lawrence,1920,53,1839,47,81,6,2084,59,15258,182,17342,241,0,24,32,239,21,1657,2,78,25
11-06-20,Lewis,554,5,545,5,9,0,584,10,6232,38,6816,48,0,7,-6,121,11,426,0,24,8
11-06-20,Lincoln,1055,10,970,3,85,7,1152,3,10050,47,11202,50,1,8,-2,120,11,927,0,33,9
11-06-20,Loudon,1795,20,1731,20,64,0,1953,26,17837,159,19790,185,0,13,5,141,15,1641,0,57,14
11-06-20,Macon,1467,31,1374,28,93,3,1681,29,9393,87,11074,116,0,26,23,100,8,1341,0,92,26
11-06-20,Madison,4162,55,2916,29,1246,26,3993,29,34719,95,38712,124,0,86,26,277,29,3799,2,224,102
11-06-20,Marion,904,18,871,11,33,7,1044,14,8893,75,9937,89,0,14,1,75,17,815,2,63,16
11-06-20,Marshall,1300,31,1281,28,19,3,1465,30,12668,161,14133,191,0,12,14,134,17,1154,0,36,12
11-06-20,Maury,4065,124,3978,124,87,0,4476,136,37921,567,42397,703,1,40,68,574,55,3451,3,131,46
11-06-20,McMinn,1868,24,1818,22,50,2,2106,22,22388,108,24494,130,0,41,4,181,20,1646,0,89,49
11-06-20,McNairy,1205,10,961,9,244,1,1317,15,9900,47,11217,62,0,30,-2,36,12,1139,0,47,33
11-06-20,Meigs,373,12,367,12,6,0,421,13,4109,21,4530,34,0,8,8,39,4,326,0,21,11
11-06-20,Monroe,1616,20,1559,19,57,1,1802,23,14621,169,16423,192,0,32,6,131,14,1453,1,93,39
11-06-20,Montgomery,4755,94,4294,74,461,20,4945,88,54258,367,59203,455,0,63,39,221,55,4471,1,159,72
11-06-20,Moore,297,0,256,0,41,0,314,0,3026,13,3340,13,0,2,-2,22,2,273,0,6,2
11-06-20,Morgan,485,7,453,7,32,0,516,10,9702,63,10218,73,0,6,3,37,4,442,0,12,6
11-06-20,Obion,2000,57,1731,34,269,23,1980,31,13081,51,15061,82,1,29,44,190,12,1781,1,66,38
11-06-20,Out of State,3425,66,3245,44,180,22,3766,48,358935,2493,362701,2541,-1,40,24,263,43,3122,1,110,25
11-06-20,Overton,1319,8,1105,6,214,2,1348,12,9206,38,10554,50,0,26,-1,84,9,1209,1,50,32
11-06-20,Pending,2161,123,1852,83,309,40,2169,82,223759,1246,225928,1328,1,6,93,360,29,1795,0,39,9
11-06-20,Perry,369,2,341,1,28,1,386,1,4316,31,4702,32,2,14,-16,32,16,323,0,20,17
11-06-20,Pickett,300,4,214,1,86,3,267,1,1670,0,1937,1,0,10,3,18,1,272,0,15,10
11-06-20,Polk,560,4,534,4,26,0,625,3,4803,12,5428,15,0,13,-1,28,5,519,0,26,13
11-06-20,Putnam,4797,61,4306,50,491,11,5411,55,40145,454,45556,509,0,63,26,218,35,4516,0,145,73
11-06-20,Rhea,1257,6,1205,4,52,2,1429,4,13965,27,15394,31,1,24,-8,89,13,1144,2,52,24
11-06-20,Roane,1630,27,1559,24,71,3,1803,30,23805,144,25608,174,0,10,-2,245,29,1375,0,57,14
11-06-20,Robertson,2812,27,2745,26,67,1,3304,31,22811,134,26115,165,0,43,11,138,16,2631,1,200,46
11-06-20,Rutherford,13323,192,13004,173,319,19,15742,197,114205,1009,129947,1206,1,123,61,912,130,12288,1,340,131
11-06-20,Scott,504,20,435,15,69,5,478,16,6150,76,6628,92,0,5,12,95,8,404,0,23,6
11-06-20,Sequatchie,399,1,392,1,7,0,442,2,6672,19,7114,21,0,5,-5,40,6,354,0,16,5
11-06-20,Sevier,3723,37,3584,34,139,3,4046,44,33307,307,37353,351,0,24,0,261,37,3438,1,135,29
11-06-20,Shelby,39137,229,38377,210,760,19,47912,229,475205,2689,523117,2918,2,582,-65,2118,292,36437,4,2390,640
11-06-20,Smith,1093,15,1027,7,66,8,1347,11,7248,44,8595,55,0,16,4,43,11,1034,0,39,17
11-06-20,Stewart,404,13,359,11,45,2,422,12,3831,33,4253,45,0,13,5,49,8,342,0,15,13
11-06-20,Sullivan,4432,44,4158,38,274,6,4579,33,42398,336,46977,369,0,61,-23,446,67,3925,4,313,69
11-06-20,Sumner,6838,73,6751,72,87,1,7957,77,61543,470,69500,547,0,120,-5,497,78,6221,1,478,123
11-06-20,Tipton,2658,53,2298,36,360,17,2901,42,27015,152,29916,194,0,24,32,230,21,2404,0,112,30
11-06-20,Trousdale,1824,9,1806,9,18,0,1911,11,5986,25,7897,36,0,10,8,42,1,1772,0,31,10
11-06-20,Unicoi,556,14,479,9,77,5,550,10,8046,61,8596,71,3,10,6,121,5,425,1,32,14
11-06-20,Union,577,3,524,3,53,0,595,3,6097,19,6692,22,1,5,-1,21,3,551,0,22,5
11-06-20,Van Buren,231,6,212,6,19,0,249,6,2913,17,3162,23,0,2,4,13,2,216,0,8,2
11-06-20,Warren,1670,49,1536,46,134,3,1809,49,17562,170,19371,219,0,11,35,160,14,1499,1,33,13
11-06-20,Washington,4299,44,4108,37,191,7,4622,46,42563,232,47185,278,3,75,-44,575,85,3649,3,184,83
11-06-20,Wayne,1642,2,1610,2,32,0,1774,2,7222,38,8996,40,0,7,-9,25,11,1610,0,24,8
11-06-20,Weakley,1700,22,1514,16,186,6,1766,17,13595,69,15361,86,0,27,3,114,19,1559,0,40,32
11-06-20,White,1349,19,1230,15,119,4,1620,19,13622,85,15242,104,0,16,4,110,15,1223,0,74,16
11-06-20,Williamson,8066,137,7702,121,364,16,8962,132,92494,809,101456,941,0,59,59,734,78,7273,0,164,68
11-06-20,Wilson,5328,95,5188,90,140,5,6134,99,50369,584,56503,683,1,66,48,437,46,4825,0,162,68
11-05-20,Anderson,1976,25,1873,19,103,6,2166,20,33169,101,35335,121,0,18,2,250,23,1708,1,67,22
11-05-20,Bedford,1921,3,1800,3,121,0,2191,3,16876,16,19067,19,0,23,-24,183,27,1715,0,67,24
11-05-20,Benton,488,7,463,6,25,1,509,4,5663,7,6172,11,0,10,6,64,1,414,0,19,11
11-05-20,Bledsoe,1064,2,1052,2,12,0,1107,1,9507,4,10614,5,0,4,-11,27,13,1033,0,21,4
11-05-20,Blount,3776,25,3647,22,129,3,4241,30,38057,94,42298,124,1,44,-22,336,46,3396,1,153,46
11-05-20,Bradley,3896,26,3707,21,189,5,4455,22,31889,148,36344,170,0,24,-1,247,27,3625,3,229,26
11-05-20,Campbell,1190,23,984,18,206,5,1125,17,15440,155,16565,172,0,14,-2,117,25,1059,0,63,18
11-05-20,Cannon,484,4,455,3,29,1,548,3,5120,2,5668,5,0,2,-3,47,7,435,0,17,2
11-05-20,Carroll,1234,5,1022,2,212,3,1250,3,13303,16,14553,19,0,28,-2,87,7,1119,0,57,31
11-05-20,Carter,1895,9,1806,7,89,2,1999,6,20724,10,22723,16,1,38,-14,282,22,1575,1,125,39
11-05-20,Cheatham,1162,8,1119,5,43,3,1333,6,14000,32,15333,38,0,12,-4,79,12,1071,0,39,12
11-05-20,Chester,774,0,634,0,140,0,839,0,6614,3,7453,3,0,17,-2,39,2,718,0,25,19
11-05-20,Claiborne,563,4,488,4,75,0,593,4,12772,48,13365,52,0,8,-3,27,7,528,0,29,8
11-05-20,Clay,436,3,335,1,101,2,398,2,3584,13,3982,15,0,16,2,30,1,390,1,17,19
11-05-20,Cocke,1247,6,1082,5,165,1,1217,7,10901,94,12118,101,0,20,-24,155,30,1072,1,63,25
11-05-20,Coffee,2126,6,1812,4,314,2,2294,4,25535,24,27829,28,1,32,-18,222,23,1872,0,60,36
11-05-20,Crockett,981,1,729,0,252,1,883,1,4693,6,5576,7,0,24,-13,80,14,877,0,24,25
11-05-20,Cumberland,1796,9,1732,9,64,0,2119,5,28494,38,30613,43,0,29,-7,151,16,1616,0,88,34
11-05-20,Davidson,34218,96,33876,84,342,12,42386,108,474713,1563,517099,1671,3,360,-185,1939,278,31919,3,1288,379
11-05-20,Decatur,704,3,557,1,147,2,737,2,7286,6,8023,8,0,11,-3,38,6,655,0,24,11
11-05-20,Dekalb,786,9,733,3,53,6,916,2,10226,7,11142,9,0,18,-5,58,14,710,1,33,22
11-05-20,Dickson,1927,11,1652,10,275,1,2165,13,18270,67,20435,80,0,21,-24,221,35,1685,0,69,22
11-05-20,Dyer,2504,7,2110,7,394,0,2429,10,14985,42,17414,52,0,38,-20,225,27,2241,0,83,43
11-05-20,Fayette,1827,8,1756,8,71,0,2233,8,20279,63,22512,71,0,29,-14,112,22,1686,0,92,35
11-05-20,Fentress,988,4,877,3,111,1,1060,3,6037,65,7097,68,0,13,-6,62,10,913,0,43,16
11-05-20,Franklin,1435,10,1359,7,76,3,1694,3,18758,24,20452,27,1,27,-2,116,11,1292,0,62,29
11-05-20,Gibson,2324,7,1739,4,585,3,2343,2,18565,23,20908,25,0,50,-4,146,11,2128,0,70,58
11-05-20,Giles,1076,4,1046,3,30,1,1245,2,12339,17,13584,19,0,38,-6,93,10,945,0,59,38
11-05-20,Grainger,716,3,603,2,113,1,718,4,7964,13,8682,17,0,4,-11,85,14,627,0,37,8
11-05-20,Greene,2148,17,2022,13,126,4,2332,11,22230,88,24562,99,1,58,-26,324,42,1766,0,108,60
11-05-20,Grundy,646,0,602,0,44,0,719,1,3754,31,4473,32,0,14,-5,49,5,583,0,42,14
11-05-20,Hamblen,2681,33,2406,27,275,6,2807,21,28084,39,30891,60,0,51,13,194,20,2436,1,138,60
11-05-20,Hamilton,12739,58,12107,46,632,12,14117,40,171146,370,185263,410,1,114,-64,668,121,11957,4,492,122
11-05-20,Hancock,128,0,115,0,13,0,130,0,2262,3,2392,3,0,3,0,7,0,118,0,11,3
11-05-20,Hardeman,2001,2,1859,1,142,1,2219,4,17495,9,19714,13,0,34,-11,81,13,1886,0,82,36
11-05-20,Hardin,1473,3,1186,3,287,0,1522,2,15217,7,16739,9,0,23,-7,55,10,1395,0,37,24
11-05-20,Hawkins,1384,9,1310,5,74,4,1471,4,14058,160,15529,164,0,30,-7,134,16,1220,0,81,31
11-05-20,Haywood,1377,2,1268,2,109,0,1462,3,8585,10,10047,13,0,28,-13,69,15,1280,0,57,28
11-05-20,Henderson,1477,2,1178,1,299,1,1705,0,10704,10,12409,10,0,28,-4,58,6,1391,0,53,30
11-05-20,Henry,929,6,889,5,40,1,1068,9,11641,13,12709,22,0,13,-6,101,12,815,0,45,14
11-05-20,Hickman,871,3,804,3,67,0,1002,4,9254,21,10256,25,0,16,-2,68,5,787,0,23,17
11-05-20,Houston,463,5,399,0,64,5,474,1,4004,101,4478,102,0,18,0,40,5,405,0,31,19
11-05-20,Humphreys,496,2,393,0,103,2,495,0,6904,15,7399,15,0,6,-5,31,7,459,0,20,6
11-05-20,Jackson,501,3,434,2,67,1,533,2,3159,23,3692,25,0,7,-1,37,4,457,1,21,6
11-05-20,Jefferson,1675,10,1444,7,231,3,1711,9,21908,28,23619,37,0,25,-3,108,13,1542,0,86,27
11-05-20,Johnson,1255,6,1195,3,60,3,1281,4,8638,67,9919,71,3,13,-7,94,10,1148,0,34,17
11-05-20,Knox,14191,153,13503,138,688,15,15086,142,169338,573,184424,715,1,100,28,1053,124,13038,5,517,111
11-05-20,Lake,1011,2,996,1,15,1,1214,1,7065,0,8279,1,0,4,2,26,0,981,1,10,4
11-05-20,Lauderdale,1549,2,1294,2,255,0,1527,4,13936,14,15463,18,0,18,-16,85,18,1446,0,65,20
11-05-20,Lawrence,1867,19,1792,15,75,4,2025,8,15076,42,17101,50,0,24,-7,207,26,1636,0,76,25
11-05-20,Lewis,549,5,540,5,9,0,574,4,6194,16,6768,20,0,7,-8,127,13,415,0,24,8
11-05-20,Lincoln,1045,4,967,1,78,3,1149,1,10003,17,11152,18,1,7,-11,122,14,916,0,33,9
11-05-20,Loudon,1775,16,1711,15,64,1,1927,19,17678,44,19605,63,0,13,0,136,16,1626,1,57,14
11-05-20,Macon,1436,6,1346,4,90,2,1652,4,9306,7,10958,11,0,26,-11,77,17,1333,1,92,26
11-05-20,Madison,4107,36,2887,24,1220,12,3964,28,34624,54,38588,82,1,86,0,251,35,3770,2,222,102
11-05-20,Marion,886,8,860,7,26,1,1030,7,8818,46,9848,53,0,14,-6,74,14,798,0,61,16
11-05-20,Marshall,1269,2,1253,2,16,0,1435,1,12507,17,13942,18,0,12,-6,120,8,1137,0,36,12
11-05-20,Maury,3941,25,3854,22,87,3,4340,17,37354,76,41694,93,0,39,-38,506,63,3396,1,128,46
11-05-20,McMinn,1844,11,1796,8,48,3,2084,8,22280,34,24364,42,0,41,-13,177,24,1626,0,89,49
11-05-20,McNairy,1195,9,952,7,243,2,1302,1,9853,11,11155,12,0,30,0,38,9,1127,0,47,33
11-05-20,Meigs,361,2,355,2,6,0,408,2,4088,8,4496,10,0,8,-7,31,9,322,1,21,11
11-05-20,Monroe,1596,5,1540,5,56,0,1779,5,14452,24,16231,29,0,32,-15,125,20,1439,0,92,37
11-05-20,Montgomery,4661,64,4220,25,441,39,4857,25,53891,246,58748,271,0,63,16,182,48,4416,0,158,72
11-05-20,Moore,297,1,256,0,41,1,314,0,3013,1,3327,1,0,2,-2,24,3,271,0,6,2
11-05-20,Morgan,478,5,446,5,32,0,506,4,9639,9,10145,13,0,6,2,34,3,438,0,12,6
11-05-20,Obion,1943,4,1697,3,246,1,1949,7,13030,21,14979,28,0,28,-14,146,18,1769,0,65,37
11-05-20,Out of State,3359,17,3201,16,158,1,3718,24,356442,942,360160,966,2,41,-17,239,32,3079,0,109,25
11-05-20,Overton,1311,0,1099,0,212,0,1336,2,9168,39,10504,41,0,26,-6,85,6,1200,0,49,32
11-05-20,Pending,2038,12,1769,9,269,3,2087,15,222513,495,224600,510,0,5,-34,267,46,1766,0,39,9
11-05-20,Perry,367,1,340,1,27,0,385,1,4285,6,4670,7,1,12,-33,48,33,307,0,20,17
11-05-20,Pickett,296,1,213,0,83,1,266,0,1670,42,1936,42,0,10,-1,15,2,271,0,15,10
11-05-20,Polk,556,2,530,2,26,0,622,2,4791,15,5413,17,0,13,-2,29,4,514,0,26,13
11-05-20,Putnam,4736,10,4256,7,480,3,5356,10,39691,129,45047,139,-1,63,-38,192,49,4481,0,145,72
11-05-20,Rhea,1251,10,1201,6,50,4,1425,5,13938,50,15363,55,0,23,-4,97,14,1131,0,50,24
11-05-20,Roane,1603,19,1535,16,68,3,1773,13,23661,77,25434,90,1,10,-9,247,27,1346,1,57,14
11-05-20,Robertson,2785,12,2719,10,66,2,3273,8,22677,37,25950,45,0,43,4,127,8,2615,1,199,46
11-05-20,Rutherford,13131,69,12831,49,300,20,15545,52,113196,224,128741,276,1,122,-69,851,137,12158,1,339,127
11-05-20,Scott,484,7,420,4,64,3,462,5,6074,109,6536,114,0,5,-2,83,9,396,0,23,6
11-05-20,Sequatchie,398,3,391,3,7,0,440,3,6653,9,7093,12,0,5,-2,45,5,348,0,16,5
11-05-20,Sevier,3686,34,3550,32,136,2,4002,32,33000,106,37002,138,0,24,-3,261,37,3401,1,134,28
11-05-20,Shelby,38908,156,38167,149,741,7,47683,208,472516,1662,520199,1870,2,580,-125,2183,279,36145,7,2386,636
11-05-20,Smith,1078,4,1020,1,58,3,1336,1,7204,11,8540,12,2,16,-2,39,4,1023,0,39,17
11-05-20,Stewart,391,4,348,4,43,0,410,4,3798,11,4208,15,0,13,0,44,4,334,1,15,13
11-05-20,Sullivan,4388,14,4120,14,268,0,4546,10,42062,38,46608,48,3,61,-69,469,80,3858,2,309,67
11-05-20,Sumner,6765,27,6679,24,86,3,7880,30,61073,187,68953,217,0,120,-43,502,70,6143,0,477,123
11-05-20,Tipton,2605,8,2262,5,343,3,2859,8,26863,78,29722,86,0,24,-17,198,25,2383,0,112,30
11-05-20,Trousdale,1815,1,1797,1,18,0,1900,1,5961,8,7861,9,0,10,-5,34,6,1771,0,31,10
11-05-20,Unicoi,542,1,470,1,72,0,540,0,7985,3,8525,3,0,7,-7,115,8,420,0,31,12
11-05-20,Union,574,1,521,1,53,0,592,1,6078,21,6670,22,0,4,-10,22,11,548,0,22,5
11-05-20,Van Buren,225,0,206,0,19,0,243,0,2896,7,3139,7,0,2,-5,9,5,214,0,8,2
11-05-20,Warren,1621,10,1490,5,131,5,1760,4,17392,11,19152,15,0,11,-3,125,13,1485,2,32,13
11-05-20,Washington,4255,23,4071,15,184,8,4576,10,42331,37,46907,47,5,72,-67,619,85,3564,3,181,83
11-05-20,Wayne,1640,4,1608,2,32,2,1772,2,7184,14,8956,16,0,7,0,34,4,1599,0,24,8
11-05-20,Weakley,1678,9,1498,6,180,3,1749,7,13526,8,15275,15,0,27,-2,111,11,1540,1,40,32
11-05-20,White,1330,4,1215,4,115,0,1601,6,13537,15,15138,21,1,16,-12,106,15,1208,1,74,16
11-05-20,Williamson,7929,39,7581,25,348,14,8830,25,91685,226,100515,251,-1,59,-36,675,76,7195,0,164,66
11-05-20,Wilson,5233,35,5098,26,135,9,6035,30,49785,130,55820,160,0,65,-21,389,56,4779,1,162,67
11-04-20,Anderson,1951,18,1854,15,97,3,2146,18,33068,96,35214,114,2,18,1,248,15,1685,1,66,21
11-04-20,Bedford,1918,22,1797,19,121,3,2188,21,16860,132,19048,153,0,23,6,207,16,1688,0,67,24
11-04-20,Benton,481,14,457,12,24,2,505,12,5656,13,6161,25,0,10,10,58,4,413,0,19,11
11-04-20,Bledsoe,1062,4,1050,3,12,1,1106,3,9503,85,10609,88,0,4,-1,38,5,1020,0,21,4
11-04-20,Blount,3751,41,3625,38,126,3,4211,42,37963,161,42174,203,0,43,-4,358,45,3350,0,152,46
11-04-20,Bradley,3870,21,3686,18,184,3,4433,21,31741,168,36174,189,0,24,-12,248,33,3598,1,226,26
11-04-20,Campbell,1167,9,966,3,201,6,1108,5,15285,47,16393,52,0,14,-18,119,27,1034,1,63,18
11-04-20,Cannon,480,11,452,10,28,1,545,12,5118,40,5663,52,0,2,5,50,6,428,1,17,2
11-04-20,Carroll,1229,16,1020,8,209,8,1247,3,13287,38,14534,41,0,28,7,89,9,1112,0,57,30
11-04-20,Carter,1886,63,1799,60,87,3,1993,53,20714,202,22707,255,0,37,29,296,34,1553,6,124,39
11-04-20,Cheatham,1154,9,1114,8,40,1,1327,10,13968,78,15295,88,0,12,-8,83,17,1059,0,39,12
11-04-20,Chester,774,5,634,0,140,5,839,0,6611,55,7450,55,0,17,4,41,1,716,0,25,19
11-04-20,Claiborne,559,4,484,0,75,4,589,0,12724,28,13313,28,0,8,0,30,4,521,0,29,8
11-04-20,Clay,433,1,334,1,99,0,396,0,3571,10,3967,10,0,16,-4,28,5,389,0,16,19
11-04-20,Cocke,1241,19,1077,15,164,4,1210,16,10807,46,12017,62,2,20,3,179,14,1042,1,62,25
11-04-20,Coffee,2120,21,1808,19,312,2,2290,24,25511,223,27801,247,1,31,-1,240,21,1849,0,60,35
11-04-20,Crockett,980,13,729,4,251,9,882,5,4687,32,5569,37,1,24,2,93,10,863,0,24,25
11-04-20,Cumberland,1787,23,1723,20,64,3,2114,22,28456,118,30570,140,1,29,6,158,16,1600,1,88,33
11-04-20,Davidson,34122,264,33792,260,330,4,42278,310,473150,4292,515428,4602,2,357,-31,2124,293,31641,5,1285,376
11-04-20,Decatur,701,2,556,2,145,0,735,6,7280,41,8015,47,0,11,-1,41,3,649,0,24,11
11-04-20,Dekalb,777,8,730,7,47,1,914,8,10219,32,11133,40,0,18,-3,63,11,696,0,32,22
11-04-20,Dickson,1916,21,1642,17,274,4,2152,19,18203,80,20355,99,0,21,6,245,15,1650,1,69,22
11-04-20,Dyer,2497,27,2103,18,394,9,2419,22,14943,61,17362,83,0,38,-4,245,31,2214,0,83,43
11-04-20,Fayette,1819,16,1748,14,71,2,2225,17,20216,122,22441,139,0,29,-2,126,18,1664,0,92,34
11-04-20,Fentress,984,4,874,4,110,0,1057,5,5972,17,7029,22,0,13,-2,68,6,903,0,43,15
11-04-20,Franklin,1425,16,1352,16,73,0,1691,17,18734,111,20425,128,0,26,-1,118,17,1281,0,62,29
11-04-20,Gibson,2317,24,1735,12,582,12,2341,16,18542,63,20883,79,1,50,9,150,14,2117,2,70,58
11-04-20,Giles,1072,6,1043,5,29,1,1243,14,12322,107,13565,121,0,38,-7,99,13,935,0,59,38
11-04-20,Grainger,713,5,601,4,112,1,714,8,7951,49,8665,57,0,4,-15,96,20,613,1,37,8
11-04-20,Greene,2131,64,2009,61,122,3,2321,61,22142,319,24463,380,0,57,29,350,35,1724,1,108,59
11-04-20,Grundy,646,6,602,6,44,0,718,6,3723,17,4441,23,0,14,4,54,2,578,0,42,14
11-04-20,Hamblen,2648,13,2379,10,269,3,2786,14,28045,68,30831,82,1,51,-6,181,18,2416,0,137,60
11-04-20,Hamilton,12681,110,12061,99,620,11,14077,101,170776,934,184853,1035,0,113,-20,732,130,11836,4,488,122
11-04-20,Hancock,128,0,115,0,13,0,130,0,2259,8,2389,8,0,3,-1,7,1,118,0,11,3
11-04-20,Hardeman,1999,14,1858,12,141,2,2215,12,17486,130,19701,142,1,34,2,92,11,1873,1,82,35
11-04-20,Hardin,1470,3,1183,2,287,1,1520,3,15210,26,16730,29,0,23,-3,62,6,1385,0,37,24
11-04-20,Hawkins,1375,28,1305,28,70,0,1467,22,13898,94,15365,116,0,30,9,141,19,1204,0,81,31
11-04-20,Haywood,1375,5,1266,3,109,2,1459,5,8575,23,10034,28,0,28,-9,82,14,1265,0,57,28
11-04-20,Henderson,1475,11,1177,6,298,5,1705,6,10694,23,12399,29,1,28,4,62,6,1385,1,53,30
11-04-20,Henry,923,9,884,7,39,2,1059,11,11628,21,12687,32,0,13,-6,107,15,803,0,45,14
11-04-20,Hickman,868,4,801,4,67,0,998,5,9233,49,10231,54,1,16,-7,70,10,782,0,23,17
11-04-20,Houston,458,6,399,5,59,1,473,5,3903,21,4376,26,0,18,0,40,6,400,0,31,19
11-04-20,Humphreys,494,6,393,6,101,0,495,6,6889,81,7384,87,0,6,-1,36,7,452,1,20,6
11-04-20,Jackson,498,2,432,0,66,2,531,0,3136,7,3667,7,0,7,-3,38,5,453,0,20,6
11-04-20,Jefferson,1665,4,1437,4,228,0,1702,5,21880,70,23582,75,1,25,-12,111,15,1529,0,86,26
11-04-20,Johnson,1249,8,1192,8,57,0,1277,8,8571,66,9848,74,0,10,2,101,6,1138,0,34,16
11-04-20,Knox,14038,142,13365,129,673,13,14944,146,168765,959,183709,1105,-1,99,16,1025,127,12914,5,512,110
11-04-20,Lake,1009,4,995,3,14,1,1213,2,7065,9,8278,11,0,4,4,24,0,981,0,9,4
11-04-20,Lauderdale,1547,4,1292,4,255,0,1523,6,13922,53,15445,59,0,18,-24,101,28,1428,0,65,20
11-04-20,Lawrence,1848,15,1777,13,71,2,2017,12,15034,97,17051,109,0,24,-9,214,24,1610,0,76,25
11-04-20,Lewis,544,28,535,28,9,0,570,24,6178,127,6748,151,1,7,16,135,11,402,0,24,7
11-04-20,Lincoln,1041,19,966,15,75,4,1148,17,9986,72,11134,89,1,6,0,133,18,902,0,33,9
11-04-20,Loudon,1759,15,1696,12,63,3,1908,9,17634,58,19542,67,0,13,-7,136,22,1610,0,56,14
11-04-20,Macon,1430,5,1342,5,88,0,1648,6,9299,84,10947,90,0,26,-6,88,11,1316,0,91,26
11-04-20,Madison,4071,33,2863,18,1208,15,3936,21,34570,263,38506,284,0,85,12,251,21,3735,2,220,101
11-04-20,Marion,878,7,853,7,25,0,1023,7,8772,67,9795,74,0,14,-2,80,9,784,0,61,16
11-04-20,Marshall,1267,15,1251,15,16,0,1434,12,12490,93,13924,105,0,12,1,126,14,1129,2,36,12
11-04-20,Maury,3916,51,3832,50,84,1,4323,46,37278,383,41601,429,0,39,-10,544,61,3333,3,127,46
11-04-20,McMinn,1833,30,1788,29,45,1,2076,31,22246,170,24322,201,0,41,12,190,18,1602,0,89,48
11-04-20,McNairy,1186,2,945,2,241,0,1301,2,9842,19,11143,21,0,30,-3,38,5,1118,0,47,33
11-04-20,Meigs,359,5,353,5,6,0,406,7,4080,19,4486,26,0,8,2,38,3,313,0,20,10
11-04-20,Monroe,1591,10,1535,10,56,0,1774,14,14428,34,16202,48,1,32,-6,140,15,1419,0,92,37
11-04-20,Montgomery,4597,41,4195,29,402,12,4832,29,53645,327,58477,356,0,63,-17,166,58,4368,1,158,72
11-04-20,Moore,296,3,256,3,40,0,314,3,3012,12,3326,15,0,2,-2,26,5,268,0,6,2
11-04-20,Morgan,473,1,441,1,32,0,502,0,9630,19,10132,19,-1,6,0,32,2,435,0,12,6
11-04-20,Obion,1939,8,1694,5,245,3,1942,6,13009,32,14951,38,0,28,-12,160,20,1751,0,65,37
11-04-20,Out of State,3342,40,3185,39,157,1,3694,40,355500,1576,359194,1616,1,39,-18,256,57,3047,1,109,25
11-04-20,Overton,1311,11,1099,11,212,0,1334,12,9129,24,10463,36,0,26,-1,91,12,1194,0,49,32
11-04-20,Pending,2026,29,1760,28,266,1,2072,31,222018,1002,224090,1033,-1,5,-35,301,65,1720,0,39,9
11-04-20,Perry,366,7,339,7,27,0,384,15,4279,10,4663,25,1,11,-2,81,8,274,0,20,16
11-04-20,Pickett,295,0,213,0,82,0,266,0,1628,2,1894,2,1,10,-5,16,4,269,0,15,10
11-04-20,Polk,554,2,528,2,26,0,620,2,4776,30,5396,32,0,13,-1,31,3,510,0,26,13
11-04-20,Putnam,4726,22,4249,16,477,6,5346,12,39562,88,44908,100,0,64,-29,230,51,4432,0,145,70
11-04-20,Rhea,1241,12,1195,8,46,4,1420,9,13888,92,15308,101,0,23,-6,101,18,1117,1,50,24
11-04-20,Roane,1584,29,1519,28,65,1,1760,32,23584,71,25344,103,0,9,6,256,23,1319,1,56,13
11-04-20,Robertson,2773,19,2709,16,64,3,3265,16,22640,130,25905,146,0,43,4,123,15,2607,1,198,45
11-04-20,Rutherford,13062,145,12782,130,280,15,15493,167,112972,1155,128465,1322,4,121,-10,920,151,12021,0,338,127
11-04-20,Scott,477,15,416,6,61,9,457,4,5965,12,6422,16,0,5,9,85,6,387,0,23,6
11-04-20,Sequatchie,395,11,388,10,7,1,437,11,6644,57,7081,68,2,5,5,47,4,343,0,16,5
11-04-20,Sevier,3652,30,3518,29,134,1,3970,22,32894,141,36864,163,0,24,-4,264,34,3364,2,133,28
11-04-20,Shelby,38752,318,38018,296,734,22,47475,372,470854,2403,518329,2775,0,578,1,2308,317,35866,12,2379,629
11-04-20,Smith,1074,7,1019,5,55,2,1335,7,7193,40,8528,47,0,14,-2,41,9,1019,1,39,16
11-04-20,Stewart,387,17,344,4,43,13,406,5,3787,19,4193,24,0,13,10,44,7,330,0,14,13
11-04-20,Sullivan,4374,57,4106,51,268,6,4536,62,42024,283,46560,345,0,58,-46,538,103,3778,2,307,66
11-04-20,Sumner,6738,54,6655,49,83,5,7850,56,60886,288,68736,344,0,120,-19,545,73,6073,1,477,123
11-04-20,Tipton,2597,18,2257,15,340,3,2851,24,26785,97,29636,121,0,24,-12,215,30,2358,0,112,29
11-04-20,Trousdale,1814,5,1796,4,18,1,1899,4,5953,23,7852,27,0,10,0,39,5,1765,0,31,10
11-04-20,Unicoi,541,11,469,10,72,1,540,8,7982,46,8522,54,0,7,0,122,11,412,0,31,11
11-04-20,Union,573,4,520,2,53,2,591,2,6057,17,6648,19,0,4,-3,32,7,537,0,22,5
11-04-20,Van Buren,225,1,206,1,19,0,243,1,2889,7,3132,8,0,2,0,14,1,209,0,8,2
11-04-20,Warren,1611,11,1485,10,126,1,1756,12,17381,73,19137,85,0,11,-11,128,22,1472,1,30,12
11-04-20,Washington,4232,108,4056,96,176,12,4566,92,42294,492,46860,584,0,67,31,686,77,3479,0,178,80
11-04-20,Wayne,1636,4,1606,3,30,1,1770,5,7170,40,8940,45,0,7,-6,34,10,1595,0,24,8
11-04-20,Weakley,1669,7,1492,5,177,2,1742,6,13518,25,15260,31,0,27,-3,113,10,1529,0,39,31
11-04-20,White,1326,10,1211,10,115,0,1595,10,13522,30,15117,40,0,15,-2,118,12,1193,2,73,16
11-04-20,Williamson,7890,137,7556,133,334,4,8805,122,91459,792,100264,914,1,60,57,711,79,7119,1,164,66
11-04-20,Wilson,5198,69,5072,67,126,2,6005,71,49655,371,55660,442,-1,65,5,410,65,4723,0,161,66
11-03-20,Anderson,1933,26,1839,25,94,1,2128,24,32972,169,35100,193,0,16,5,247,21,1670,0,65,21
11-03-20,Bedford,1896,46,1778,43,118,3,2167,52,16728,173,18895,225,0,23,26,201,20,1672,1,67,24
11-03-20,Benton,467,6,445,6,22,0,493,6,5643,22,6136,28,0,10,3,48,3,409,0,19,11
11-03-20,Bledsoe,1058,4,1047,4,11,0,1103,6,9418,24,10521,30,0,4,-2,39,6,1015,0,21,4
11-03-20,Blount,3710,50,3587,47,123,3,4169,47,37802,180,41971,227,1,43,-2,362,51,3305,0,152,46
11-03-20,Bradley,3849,26,3668,23,181,3,4412,26,31573,224,35985,250,0,24,-12,260,38,3565,1,225,26
11-03-20,Campbell,1158,9,963,7,195,2,1103,8,15238,67,16341,75,1,14,-10,137,18,1007,0,62,18
11-03-20,Cannon,469,8,442,8,27,0,533,7,5078,27,5611,34,0,2,2,45,6,422,0,16,2
11-03-20,Carroll,1213,15,1012,10,201,5,1244,7,13249,28,14493,35,1,28,8,82,6,1103,0,57,30
11-03-20,Carter,1823,30,1739,30,84,0,1940,35,20512,214,22452,249,1,37,-1,267,30,1519,0,118,38
11-03-20,Cheatham,1145,10,1106,10,39,0,1317,12,13890,67,15207,79,0,12,-1,91,11,1042,0,39,12
11-03-20,Chester,769,11,634,8,135,3,839,7,6556,13,7395,20,1,17,5,37,5,715,0,25,19
11-03-20,Claiborne,555,1,484,0,71,1,589,0,12696,29,13285,29,0,8,-5,30,6,517,0,29,8
11-03-20,Clay,432,3,333,0,99,3,396,0,3561,6,3957,6,0,16,0,32,3,384,0,16,19
11-03-20,Cocke,1222,18,1062,16,160,2,1194,18,10761,83,11955,101,1,18,-9,176,26,1028,1,61,24
11-03-20,Coffee,2099,38,1789,35,310,3,2266,42,25288,308,27554,350,0,30,11,241,27,1828,0,60,35
11-03-20,Crockett,967,17,725,12,242,5,877,12,4655,34,5532,46,0,23,10,91,7,853,0,24,25
11-03-20,Cumberland,1764,25,1703,21,61,4,2092,17,28338,81,30430,98,1,28,1,152,23,1584,3,87,32
11-03-20,Davidson,33858,405,33532,402,326,3,41968,505,468858,4800,510826,5305,2,355,166,2155,237,31348,7,1280,372
11-03-20,Decatur,699,7,554,7,145,0,729,4,7239,15,7968,19,0,11,2,42,5,646,0,24,11
11-03-20,Dekalb,769,12,723,8,46,4,906,9,10187,65,11093,74,0,18,6,66,6,685,0,32,22
11-03-20,Dickson,1895,40,1625,39,270,1,2133,43,18123,160,20256,203,1,21,13,239,26,1635,0,68,22
11-03-20,Dyer,2470,24,2085,14,385,10,2397,13,14882,30,17279,43,0,38,-7,249,31,2183,0,83,43
11-03-20,Fayette,1803,6,1734,6,69,0,2208,12,20094,146,22302,158,2,29,-13,128,17,1646,0,92,34
11-03-20,Fentress,980,8,870,7,110,1,1052,6,5955,21,7007,27,1,13,4,70,3,897,1,43,15
11-03-20,Franklin,1409,28,1336,25,73,3,1674,25,18623,92,20297,117,1,26,18,119,9,1264,0,62,29
11-03-20,Gibson,2293,29,1723,16,570,13,2325,14,18479,85,20804,99,0,49,11,141,18,2103,0,68,58
11-03-20,Giles,1066,22,1038,22,28,0,1229,24,12215,127,13444,151,0,38,10,106,12,922,2,59,38
11-03-20,Grainger,708,3,597,2,111,1,706,4,7902,43,8608,47,0,4,-9,111,12,593,0,36,8
11-03-20,Greene,2067,57,1948,57,119,0,2260,61,21823,367,24083,428,1,57,17,321,39,1689,0,107,58
11-03-20,Grundy,640,12,596,12,44,0,712,12,3706,35,4418,47,0,14,0,50,12,576,0,42,14
11-03-20,Hamblen,2635,11,2369,5,266,6,2772,6,27977,145,30749,151,0,50,-14,187,25,2398,0,137,59
11-03-20,Hamilton,12571,143,11962,131,609,12,13976,158,169842,1552,183818,1710,2,113,24,752,117,11706,4,484,120
11-03-20,Hancock,128,0,115,0,13,0,130,0,2251,7,2381,7,0,3,-1,8,1,117,0,11,3
11-03-20,Hardeman,1985,20,1846,17,139,3,2203,18,17356,54,19559,72,0,33,10,90,10,1862,0,81,34
11-03-20,Hardin,1467,8,1181,6,286,2,1517,6,15184,39,16701,45,0,23,-7,65,15,1379,0,37,24
11-03-20,Hawkins,1347,21,1277,17,70,4,1445,27,13804,161,15249,188,1,30,2,132,18,1185,0,81,31
11-03-20,Haywood,1370,12,1263,11,107,1,1454,10,8552,35,10006,45,0,28,4,91,8,1251,1,57,28
11-03-20,Henderson,1464,8,1171,7,293,1,1699,6,10671,31,12370,37,1,27,-3,58,10,1379,0,52,30
11-03-20,Henry,914,25,877,23,37,2,1048,18,11607,46,12655,64,1,13,15,113,9,788,0,45,14
11-03-20,Hickman,864,13,797,13,67,0,993,12,9184,73,10177,85,0,15,5,77,8,772,0,23,17
11-03-20,Houston,452,3,394,2,58,1,468,2,3882,6,4350,8,1,18,-1,40,3,394,0,31,19
11-03-20,Humphreys,488,7,387,6,101,1,489,4,6808,25,7297,29,2,6,0,37,5,445,1,19,6
11-03-20,Jackson,496,6,432,5,64,1,531,6,3129,15,3660,21,-1,7,0,41,7,448,0,20,6
11-03-20,Jefferson,1661,5,1433,4,228,1,1697,10,21810,99,23507,109,0,24,-10,123,15,1514,0,86,26
11-03-20,Johnson,1241,6,1184,6,57,0,1269,7,8505,68,9774,75,1,10,-10,99,15,1132,0,34,14
11-03-20,Knox,13896,195,13236,182,660,13,14798,199,167806,812,182604,1011,3,100,44,1009,148,12787,5,507,108
11-03-20,Lake,1005,7,992,5,13,2,1211,3,7056,5,8267,8,0,4,4,20,3,981,0,9,4
11-03-20,Lauderdale,1543,11,1288,8,255,3,1517,12,13869,42,15386,54,0,18,-12,125,23,1400,0,65,19
11-03-20,Lawrence,1833,53,1764,41,69,12,2005,51,14937,177,16942,228,4,24,25,223,24,1586,0,76,25
11-03-20,Lewis,516,21,507,21,9,0,546,21,6051,60,6597,81,0,6,11,119,10,391,0,24,7
11-03-20,Lincoln,1022,37,951,20,71,17,1131,27,9914,91,11045,118,1,5,24,133,12,884,2,33,8
11-03-20,Loudon,1744,11,1684,11,60,0,1899,13,17576,132,19475,145,0,13,-2,143,13,1588,0,56,13
11-03-20,Macon,1425,28,1337,20,88,8,1642,19,9215,29,10857,48,1,26,20,94,7,1305,0,91,26
11-03-20,Madison,4038,53,2845,31,1193,22,3915,25,34307,113,38222,138,4,85,19,239,30,3714,0,218,99
11-03-20,Marion,871,12,846,11,25,1,1016,13,8705,57,9721,70,0,14,3,82,9,775,0,61,16
11-03-20,Marshall,1252,15,1236,15,16,0,1422,18,12397,136,13819,154,0,12,-2,125,17,1115,1,34,12
11-03-20,Maury,3865,54,3782,54,83,0,4277,58,36895,288,41172,346,0,39,-3,554,57,3272,2,124,45
11-03-20,McMinn,1803,18,1759,18,44,0,2045,19,22076,94,24121,113,1,41,-4,178,21,1584,0,89,48
11-03-20,McNairy,1184,6,943,5,241,1,1299,5,9823,34,11122,39,0,30,-8,41,14,1113,0,47,33
11-03-20,Meigs,354,4,348,4,6,0,399,4,4061,25,4460,29,2,8,-8,36,10,310,0,20,10
11-03-20,Monroe,1581,19,1525,19,56,0,1760,18,14394,55,16154,73,1,31,-14,146,32,1404,1,92,37
11-03-20,Montgomery,4556,34,4166,34,390,0,4803,35,53318,238,58121,273,1,63,-33,183,66,4310,0,157,71
11-03-20,Moore,293,5,253,3,40,2,311,3,3000,18,3311,21,0,2,1,28,4,263,0,6,2
11-03-20,Morgan,472,4,440,4,32,0,502,4,9611,23,10113,27,0,7,2,32,2,433,0,12,6
11-03-20,Obion,1931,13,1689,9,242,4,1936,6,12977,35,14913,41,1,28,-3,172,15,1731,0,65,35
11-03-20,Out of State,3302,30,3146,27,156,3,3654,32,353924,1557,357578,1589,1,38,-7,274,36,2990,0,108,25
11-03-20,Overton,1300,13,1088,8,212,5,1322,9,9105,44,10427,53,1,26,0,92,12,1182,0,49,32
11-03-20,Pending,1997,65,1732,59,265,6,2041,63,221016,1028,223057,1091,0,6,8,336,57,1655,1,39,9
11-03-20,Perry,359,6,332,6,27,0,369,7,4269,17,4638,24,1,10,-8,83,13,266,1,20,13
11-03-20,Pickett,295,7,213,2,82,5,266,3,1626,2,1892,5,0,9,4,21,3,265,0,15,10
11-03-20,Polk,552,9,526,9,26,0,618,9,4746,29,5364,38,0,13,2,32,7,507,1,26,13
11-03-20,Putnam,4704,28,4233,19,471,9,5334,25,39474,205,44808,230,3,64,-30,259,55,4381,1,145,69
11-03-20,Rhea,1229,17,1187,15,42,2,1411,20,13796,86,15207,106,1,23,3,107,13,1099,0,49,23
11-03-20,Roane,1555,25,1491,23,64,2,1728,20,23513,118,25241,138,1,9,-3,250,27,1296,0,55,11
11-03-20,Robertson,2754,24,2693,21,61,3,3249,21,22510,88,25759,109,0,43,9,119,15,2592,1,197,44
11-03-20,Rutherford,12917,181,12652,173,265,8,15326,203,111817,1179,127143,1382,0,117,46,930,135,11870,1,338,124
11-03-20,Scott,462,17,410,15,52,2,453,14,5953,42,6406,56,0,5,9,76,8,381,0,23,6
11-03-20,Sequatchie,384,3,378,3,6,0,426,6,6587,51,7013,57,1,3,-2,42,4,339,0,16,5
11-03-20,Sevier,3622,35,3489,34,133,1,3948,38,32753,242,36701,280,1,24,4,268,30,3330,1,131,28
11-03-20,Shelby,38434,123,37722,114,712,9,47103,123,468451,1414,515554,1537,6,578,-160,2307,277,35549,2,2367,627
11-03-20,Smith,1067,6,1014,3,53,3,1328,13,7153,45,8481,58,0,14,-3,43,9,1010,0,38,14
11-03-20,Stewart,370,10,340,9,30,1,401,9,3768,13,4169,22,0,13,7,34,3,323,0,14,13
11-03-20,Sullivan,4317,110,4055,99,262,11,4474,117,41741,789,46215,906,3,58,-1,584,108,3675,2,305,64
11-03-20,Sumner,6684,74,6606,72,78,2,7794,76,60598,303,68392,379,1,120,6,564,67,6000,3,476,123
11-03-20,Tipton,2579,21,2242,15,337,6,2827,11,26688,113,29515,124,1,24,-12,227,32,2328,0,112,29
11-03-20,Trousdale,1809,0,1792,0,17,0,1895,1,5930,27,7825,28,1,10,-6,39,5,1760,0,31,10
11-03-20,Unicoi,530,9,459,9,71,0,532,15,7936,58,8468,73,1,7,-4,122,12,401,0,31,9
11-03-20,Union,569,3,518,3,51,0,589,3,6040,21,6629,24,0,4,-6,35,9,530,0,22,4
11-03-20,Van Buren,224,4,205,4,19,0,242,4,2882,6,3124,10,0,2,2,14,2,208,0,8,2
11-03-20,Warren,1600,21,1475,20,125,1,1744,21,17308,176,19052,197,0,11,5,139,16,1450,1,29,12
11-03-20,Washington,4124,121,3960,113,164,8,4474,126,41802,711,46276,837,7,67,41,655,73,3402,2,178,76
11-03-20,Wayne,1632,7,1603,6,29,1,1765,8,7130,69,8895,77,0,7,-2,40,9,1585,0,24,8
11-03-20,Weakley,1662,15,1487,10,175,5,1736,10,13493,50,15229,60,0,27,-3,116,18,1519,0,39,31
11-03-20,White,1316,26,1201,16,115,10,1585,18,13492,72,15077,90,0,15,8,120,18,1181,0,71,16
11-03-20,Williamson,7753,83,7423,79,330,4,8683,88,90667,542,99350,630,2,59,6,654,75,7040,3,163,65
11-03-20,Wilson,5129,42,5005,39,124,3,5934,43,49284,251,55218,294,1,66,-3,405,44,4658,1,161,66
11-02-20,Anderson,1907,33,1814,31,93,2,2104,35,32803,266,34907,301,0,16,8,242,25,1649,0,65,20
11-02-20,Bedford,1850,15,1735,14,115,1,2115,15,16555,87,18670,102,0,23,-12,175,27,1652,0,66,24
11-02-20,Benton,461,11,439,11,22,0,487,11,5621,32,6108,43,0,10,7,45,4,406,0,19,11
11-02-20,Bledsoe,1054,1,1043,1,11,0,1097,1,9394,16,10491,17,0,4,-4,41,5,1009,0,21,4
11-02-20,Blount,3660,32,3540,30,120,2,4122,36,37622,270,41744,306,1,42,-25,364,56,3254,0,152,44
11-02-20,Bradley,3823,40,3645,35,178,5,4386,35,31349,121,35735,156,0,24,7,272,33,3527,1,224,26
11-02-20,Campbell,1149,10,956,5,193,5,1095,6,15171,57,16266,63,0,13,-21,147,31,989,0,62,18
11-02-20,Cannon,461,8,434,8,27,0,526,8,5051,28,5577,36,0,2,4,43,4,416,0,16,2
11-02-20,Carroll,1198,12,1002,10,196,2,1237,9,13221,39,14458,48,0,27,0,74,12,1097,0,57,29
11-02-20,Carter,1793,30,1709,29,84,1,1905,25,20298,46,22203,71,0,36,2,268,28,1489,2,118,38
11-02-20,Cheatham,1135,3,1096,3,39,0,1305,4,13823,46,15128,50,0,12,-17,92,20,1031,0,39,12
11-02-20,Chester,758,0,626,0,132,0,832,1,6543,19,7375,20,0,16,-8,32,8,710,0,25,18
11-02-20,Claiborne,554,1,484,1,70,0,589,2,12667,37,13256,39,0,8,-4,35,5,511,0,29,8
11-02-20,Clay,429,1,333,0,96,1,396,0,3555,21,3951,21,0,16,-9,32,10,381,1,16,19
11-02-20,Cocke,1204,10,1046,10,158,0,1176,10,10678,64,11854,74,0,17,-21,185,31,1002,0,60,23
11-02-20,Coffee,2061,27,1754,19,307,8,2224,19,24980,126,27204,145,2,30,3,230,22,1801,0,60,35
11-02-20,Crockett,950,6,713,4,237,2,865,6,4621,22,5486,28,0,23,-14,81,20,846,0,24,25
11-02-20,Cumberland,1739,25,1682,25,57,0,2075,25,28257,105,30332,130,0,27,-5,151,30,1561,0,84,31
11-02-20,Davidson,33453,220,33130,220,323,0,41463,277,464058,2689,505521,2966,1,353,-83,1989,302,31111,4,1273,369
11-02-20,Decatur,692,4,547,4,145,0,725,4,7224,21,7949,25,0,11,-6,40,10,641,0,24,11
11-02-20,Dekalb,757,4,715,3,42,1,897,3,10122,50,11019,53,0,18,-12,60,16,679,1,32,21
11-02-20,Dickson,1855,24,1586,24,269,0,2090,24,17963,63,20053,87,0,20,9,226,15,1609,2,68,22
11-02-20,Dyer,2446,9,2071,7,375,2,2384,7,14852,97,17236,104,0,38,-37,256,46,2152,0,83,40
11-02-20,Fayette,1797,1,1728,1,69,0,2196,5,19948,68,22144,73,0,27,-25,141,26,1629,0,92,34
11-02-20,Fentress,972,12,863,12,109,0,1046,12,5934,35,6980,47,0,12,4,66,8,894,0,42,15
11-02-20,Franklin,1381,11,1311,11,70,0,1649,10,18531,89,20180,99,0,25,-11,101,22,1255,0,62,28
11-02-20,Gibson,2264,10,1707,8,557,2,2311,6,18394,37,20705,43,1,49,-6,130,15,2085,0,68,56
11-02-20,Giles,1044,18,1016,15,28,3,1205,8,12088,44,13293,52,0,38,-8,96,26,910,1,57,38
11-02-20,Grainger,705,4,595,4,110,0,702,4,7859,42,8561,46,0,4,-9,120,13,581,0,36,7
11-02-20,Greene,2010,36,1891,35,119,1,2199,34,21456,113,23655,147,1,56,-5,304,40,1650,3,107,57
11-02-20,Grundy,628,3,584,3,44,0,700,3,3671,8,4371,11,1,14,-7,50,9,564,0,42,14
11-02-20,Hamblen,2624,35,2364,30,260,5,2766,35,27832,162,30598,197,0,50,4,201,31,2373,0,137,59
11-02-20,Hamilton,12428,98,11831,86,597,12,13818,95,168290,670,182108,765,0,111,-17,728,115,11589,6,480,119
11-02-20,Hancock,128,1,115,1,13,0,130,1,2244,4,2374,5,0,3,1,9,0,116,0,11,3
11-02-20,Hardeman,1965,9,1829,9,136,0,2185,10,17302,50,19487,60,0,33,-13,80,22,1852,1,81,33
11-02-20,Hardin,1459,4,1175,4,284,0,1511,7,15145,43,16656,50,0,23,-12,72,16,1364,0,37,24
11-02-20,Hawkins,1326,17,1260,16,66,1,1418,14,13643,38,15061,52,0,29,-7,130,24,1167,0,81,31
11-02-20,Haywood,1358,3,1252,3,106,0,1444,4,8517,23,9961,27,0,28,-14,87,17,1243,0,56,28
11-02-20,Henderson,1456,3,1164,3,292,0,1693,5,10640,65,12333,70,0,26,-10,61,13,1369,0,52,30
11-02-20,Henry,889,26,854,25,35,1,1030,26,11561,113,12591,139,0,12,14,98,12,779,0,45,14
11-02-20,Hickman,851,5,784,4,67,1,981,5,9111,20,10092,25,0,15,-1,72,6,764,0,23,16
11-02-20,Houston,449,2,392,1,57,1,466,1,3876,6,4342,7,0,17,-1,41,3,391,0,31,19
11-02-20,Humphreys,481,1,381,1,100,0,485,1,6783,16,7268,17,0,4,-7,37,8,440,0,18,6
11-02-20,Jackson,490,9,427,8,63,1,525,9,3114,10,3639,19,0,8,3,41,6,441,1,20,6
11-02-20,Jefferson,1656,18,1429,17,227,1,1687,19,21711,143,23398,162,0,24,-8,133,26,1499,2,86,26
11-02-20,Johnson,1235,1,1178,1,57,0,1262,1,8437,16,9699,17,1,9,-8,109,8,1117,0,34,13
11-02-20,Knox,13701,116,13054,110,647,6,14599,109,166994,801,181593,910,1,97,-34,965,149,12639,2,502,107
11-02-20,Lake,998,2,987,2,11,0,1208,2,7051,15,8259,17,0,4,0,16,2,978,0,9,4
11-02-20,Lauderdale,1532,12,1280,11,252,1,1505,14,13827,51,15332,65,0,18,-25,137,37,1377,0,65,18
11-02-20,Lawrence,1780,26,1723,24,57,2,1954,23,14760,101,16714,124,0,20,-7,198,33,1562,0,76,25
11-02-20,Lewis,495,10,486,10,9,0,525,8,5991,16,6516,24,0,6,-1,108,11,381,0,24,7
11-02-20,Lincoln,985,8,931,7,54,1,1104,6,9823,19,10927,25,0,4,-13,109,21,872,0,31,8
11-02-20,Loudon,1733,21,1673,21,60,0,1886,20,17444,103,19330,123,0,13,9,145,12,1575,0,56,13
11-02-20,Macon,1397,6,1317,6,80,0,1623,6,9186,36,10809,42,0,25,-2,74,8,1298,0,91,26
11-02-20,Madison,3985,11,2814,10,1171,1,3890,12,34194,50,38084,62,0,81,-20,220,31,3684,1,218,98
11-02-20,Marion,859,8,835,8,24,0,1003,8,8648,54,9651,62,0,14,-14,79,22,766,0,61,16
11-02-20,Marshall,1237,13,1221,13,16,0,1404,14,12261,62,13665,76,0,12,-8,127,21,1098,0,33,12
11-02-20,Maury,3811,27,3728,25,83,2,4219,23,36607,83,40826,106,0,39,-56,557,83,3215,1,122,45
11-02-20,McMinn,1785,14,1741,11,44,3,2026,9,21982,158,24008,167,1,40,-5,182,18,1563,0,89,47
11-02-20,McNairy,1178,5,938,5,240,0,1294,7,9789,51,11083,58,0,30,-6,49,11,1099,0,47,33
11-02-20,Meigs,350,4,344,4,6,0,395,2,4036,21,4431,23,0,6,2,44,2,300,1,20,10
11-02-20,Monroe,1562,3,1506,3,56,0,1742,7,14339,81,16081,88,1,30,-8,160,10,1372,0,91,37
11-02-20,Montgomery,4522,18,4132,18,390,0,4768,23,53080,178,57848,201,1,62,-62,216,79,4244,0,157,70
11-02-20,Moore,288,2,250,1,38,1,308,1,2982,16,3290,17,0,2,-8,27,10,259,0,6,2
11-02-20,Morgan,468,5,436,5,32,0,498,5,9588,34,10086,39,0,7,2,30,3,431,0,12,6
11-02-20,Obion,1918,6,1680,6,238,0,1930,9,12942,76,14872,85,0,27,-16,175,22,1716,0,65,34
11-02-20,Out of State,3272,10,3119,10,153,0,3622,19,352367,1084,355989,1103,1,37,-44,281,53,2954,0,108,25
11-02-20,Overton,1287,6,1080,6,207,0,1313,7,9061,20,10374,27,0,25,-6,92,12,1170,0,49,32
11-02-20,Pending,1932,23,1673,17,259,6,1978,22,219988,844,221966,866,0,6,-41,328,64,1598,1,38,9
11-02-20,Perry,353,1,326,1,27,0,362,1,4252,7,4614,8,0,9,-11,91,12,253,0,19,13
11-02-20,Pickett,288,1,211,1,77,0,263,0,1624,0,1887,0,0,9,0,17,1,262,0,15,10
11-02-20,Polk,543,1,517,1,26,0,609,1,4717,26,5326,27,0,13,-10,30,11,500,0,25,13
11-02-20,Putnam,4676,24,4214,23,462,1,5309,28,39269,293,44578,321,2,61,-34,289,56,4326,0,144,68
11-02-20,Rhea,1212,9,1172,7,40,2,1391,7,13710,43,15101,50,1,22,-7,104,15,1086,0,49,23
11-02-20,Roane,1530,59,1468,59,62,0,1708,63,23395,192,25103,255,0,8,32,253,27,1269,1,55,10
11-02-20,Robertson,2730,4,2672,4,58,0,3228,5,22422,168,25650,173,0,43,-30,110,34,2577,0,196,44
11-02-20,Rutherford,12736,72,12479,70,257,2,15123,88,110638,639,125761,727,1,117,-89,884,160,11735,3,337,122
11-02-20,Scott,445,18,395,11,50,7,439,9,5911,91,6350,100,0,5,4,67,14,373,0,23,6
11-02-20,Sequatchie,381,8,375,8,6,0,420,9,6536,32,6956,41,0,2,5,44,3,335,0,16,5
11-02-20,Sevier,3587,36,3455,36,132,0,3910,35,32511,206,36421,241,0,23,0,264,36,3300,0,130,28
11-02-20,Shelby,38311,115,37608,107,703,8,46980,128,467037,1276,514017,1404,1,572,-231,2467,345,35272,3,2365,622
11-02-20,Smith,1061,6,1011,6,50,0,1315,8,7108,13,8423,21,0,14,-8,46,14,1001,1,38,14
11-02-20,Stewart,360,1,331,1,29,0,392,1,3755,11,4147,12,0,13,-4,27,5,320,0,14,13
11-02-20,Sullivan,4207,55,3956,48,251,7,4357,38,40952,35,45309,73,2,55,-45,585,98,3567,10,303,64
11-02-20,Sumner,6610,65,6534,65,76,0,7718,70,60295,498,68013,568,2,119,-21,558,84,5933,7,473,121
11-02-20,Tipton,2558,12,2227,11,331,1,2816,15,26575,95,29391,110,0,23,-22,239,34,2296,1,112,28
11-02-20,Trousdale,1809,9,1792,9,17,0,1894,9,5903,22,7797,31,0,9,1,45,8,1755,1,31,10
11-02-20,Unicoi,521,8,450,8,71,0,517,7,7878,28,8395,35,1,6,-6,126,13,389,0,31,9
11-02-20,Union,566,3,515,3,51,0,586,3,6019,21,6605,24,0,4,-5,41,8,521,0,22,4
11-02-20,Van Buren,220,3,201,2,19,1,238,2,2876,13,3114,15,0,2,0,12,3,206,0,8,2
11-02-20,Warren,1579,20,1455,19,124,1,1723,19,17132,117,18855,136,0,11,-1,134,21,1434,0,28,12
11-02-20,Washington,4003,63,3847,55,156,8,4348,55,41091,89,45439,144,1,60,-30,614,92,3329,6,176,75
11-02-20,Wayne,1625,1,1597,1,28,0,1757,0,7061,15,8818,15,0,7,-7,42,8,1576,0,24,8
11-02-20,Weakley,1647,9,1477,9,170,0,1726,9,13443,32,15169,41,1,27,-10,119,18,1501,0,39,30
11-02-20,White,1290,19,1185,19,105,0,1567,25,13420,96,14987,121,0,15,3,112,16,1163,0,71,16
11-02-20,Williamson,7670,31,7344,30,326,1,8595,34,90125,273,98720,307,0,57,-53,648,84,6965,0,160,64
11-02-20,Wilson,5087,41,4966,40,121,1,5891,48,49033,322,54924,370,1,65,-17,408,57,4614,0,160,65
11-01-20,Anderson,1874,5,1783,5,91,0,2069,12,32537,252,34606,264,0,16,-11,234,16,1624,0,65,19
11-01-20,Bedford,1835,18,1721,15,114,3,2100,17,16468,116,18568,133,0,23,3,187,15,1625,1,66,23
11-01-20,Benton,450,11,428,10,22,1,476,10,5589,16,6065,26,0,10,9,38,2,402,0,19,11
11-01-20,Bledsoe,1053,6,1042,5,11,1,1096,4,9378,101,10474,105,0,4,2,45,4,1004,0,21,4
11-01-20,Blount,3628,35,3510,34,118,1,4086,44,37352,323,41438,367,0,41,6,389,29,3198,1,152,44
11-01-20,Bradley,3783,20,3610,14,173,6,4351,19,31228,189,35579,208,0,24,4,265,16,3494,1,223,26
11-01-20,Campbell,1139,6,951,4,188,2,1089,11,15114,210,16203,221,0,13,-9,168,15,958,1,62,18
11-01-20,Cannon,453,5,426,5,27,0,518,5,5023,29,5541,34,0,2,1,39,4,412,1,16,2
11-01-20,Carroll,1186,11,992,7,194,4,1228,11,13182,142,14410,153,0,27,4,74,7,1085,0,57,29
11-01-20,Carter,1763,7,1680,3,83,4,1880,6,20252,78,22132,84,0,36,-4,266,11,1461,0,116,37
11-01-20,Cheatham,1132,12,1093,10,39,2,1301,12,13777,136,15078,148,0,12,0,109,12,1011,2,39,12
11-01-20,Chester,758,7,626,4,132,3,831,4,6524,30,7355,34,0,16,2,40,5,702,0,25,18
11-01-20,Claiborne,553,2,483,1,70,1,587,2,12630,99,13217,101,0,8,-3,39,5,506,0,29,8
11-01-20,Clay,428,2,333,1,95,1,396,1,3534,12,3930,13,0,16,0,41,2,371,0,15,19
11-01-20,Cocke,1194,25,1036,15,158,10,1166,16,10614,119,11780,135,0,17,8,206,17,971,2,60,23
11-01-20,Coffee,2034,17,1735,7,299,10,2205,9,24854,138,27059,147,0,28,7,227,10,1779,0,60,34
11-01-20,Crockett,944,4,709,2,235,2,859,3,4599,16,5458,19,0,23,-4,95,8,826,0,24,25
11-01-20,Cumberland,1714,7,1657,7,57,0,2050,9,28152,108,30202,117,0,27,-1,156,8,1531,0,84,30
11-01-20,Davidson,33233,219,32910,207,323,12,41186,247,461369,5092,502555,5339,0,352,53,2072,166,30809,6,1269,368
11-01-20,Decatur,688,2,543,2,145,0,721,3,7203,15,7924,18,0,11,-4,46,6,631,0,24,11
11-01-20,Dekalb,753,1,712,1,41,0,894,1,10072,40,10966,41,0,18,-6,72,7,663,0,31,21
11-01-20,Dickson,1831,41,1562,26,269,15,2066,25,17900,124,19966,149,0,20,27,217,14,1594,0,66,22
11-01-20,Dyer,2437,37,2064,23,373,14,2377,24,14755,99,17132,123,0,38,24,293,13,2106,0,83,39
11-01-20,Fayette,1796,11,1727,8,69,3,2191,13,19880,224,22071,237,0,27,4,166,7,1603,0,92,34
11-01-20,Fentress,960,1,851,1,109,0,1034,4,5899,21,6933,25,0,12,-5,62,6,886,0,42,15
11-01-20,Franklin,1370,7,1300,4,70,3,1639,7,18442,62,20081,69,0,25,-2,112,9,1233,1,62,28
11-01-20,Gibson,2254,18,1699,10,555,8,2305,7,18357,129,20662,136,0,48,3,136,15,2070,0,68,54
11-01-20,Giles,1026,4,1001,4,25,0,1197,5,12044,134,13241,139,0,38,3,104,1,884,0,56,38
11-01-20,Grainger,701,33,591,7,110,26,698,5,7817,32,8515,37,0,4,17,129,16,568,1,36,7
11-01-20,Greene,1974,12,1856,10,118,2,2165,16,21343,369,23508,385,0,55,-21,309,33,1610,0,104,57
11-01-20,Grundy,625,3,581,3,44,0,697,2,3663,40,4360,42,0,13,-6,57,9,555,0,42,14
11-01-20,Hamblen,2589,7,2334,2,255,5,2731,6,27670,196,30401,202,0,50,-7,197,14,2342,1,137,58
11-01-20,Hamilton,12330,45,11745,42,585,3,13723,57,167620,1044,181343,1101,0,111,-51,745,96,11474,1,474,119
11-01-20,Hancock,127,0,114,0,13,0,129,0,2240,5,2369,5,0,3,-2,8,2,116,0,11,3
11-01-20,Hardeman,1956,6,1820,5,136,1,2175,4,17252,263,19427,267,0,33,-2,93,8,1830,0,80,33
11-01-20,Hardin,1455,7,1171,5,284,2,1504,7,15102,58,16606,65,0,23,-2,84,9,1348,0,37,24
11-01-20,Hawkins,1309,7,1244,3,65,4,1404,4,13605,161,15009,165,0,29,-6,137,13,1143,0,81,31
11-01-20,Haywood,1355,9,1249,7,106,2,1440,9,8494,110,9934,119,0,28,1,101,8,1226,0,56,28
11-01-20,Henderson,1453,7,1161,4,292,3,1688,3,10575,29,12263,32,0,26,0,71,7,1356,0,52,29
11-01-20,Henry,863,4,829,4,34,0,1004,5,11448,31,12452,36,0,12,-3,84,7,767,2,45,13
11-01-20,Hickman,846,1,780,0,66,1,976,0,9091,37,10067,37,0,15,-4,73,5,758,0,23,15
11-01-20,Houston,447,13,391,11,56,2,465,11,3870,176,4335,187,0,17,11,42,2,388,0,31,19
11-01-20,Humphreys,480,10,380,8,100,2,484,8,6767,63,7251,71,0,4,3,44,7,432,0,18,6
11-01-20,Jackson,481,2,419,1,62,1,516,1,3104,7,3620,8,0,8,-1,38,3,435,0,19,6
11-01-20,Jefferson,1638,13,1412,5,226,8,1668,5,21568,90,23236,95,0,24,9,141,4,1473,0,84,26
11-01-20,Johnson,1234,21,1177,15,57,6,1261,16,8421,37,9682,53,0,8,16,117,5,1109,0,34,12
11-01-20,Knox,13585,128,12944,118,641,10,14490,132,166193,1326,180683,1458,0,96,20,999,108,12490,3,500,105
11-01-20,Lake,996,2,985,1,11,1,1206,1,7036,56,8242,57,0,4,-1,16,3,976,0,9,4
11-01-20,Lauderdale,1520,4,1269,3,251,1,1491,6,13776,112,15267,118,0,18,-9,162,13,1340,0,65,18
11-01-20,Lawrence,1754,21,1699,21,55,0,1931,21,14659,179,16590,200,0,20,-1,205,22,1529,2,76,25
11-01-20,Lewis,485,15,476,11,9,4,517,9,5975,27,6492,36,0,6,9,109,6,370,0,24,6
11-01-20,Lincoln,977,14,924,4,53,10,1098,4,9804,40,10902,44,0,4,7,122,7,851,0,31,7
11-01-20,Loudon,1712,6,1652,6,60,0,1866,6,17341,225,19207,231,0,13,-4,136,10,1563,2,56,13
11-01-20,Macon,1391,2,1311,2,80,0,1617,2,9150,49,10767,51,0,25,-2,76,4,1290,0,91,26
11-01-20,Madison,3974,43,2804,15,1170,28,3878,18,34144,219,38022,237,0,81,12,240,31,3653,1,217,97
11-01-20,Marion,851,10,827,6,24,4,995,6,8594,79,9589,85,0,14,1,93,9,744,1,61,16
11-01-20,Marshall,1224,13,1208,13,16,0,1390,13,12199,143,13589,156,0,12,0,135,13,1077,0,33,12
11-01-20,Maury,3784,141,3703,131,81,10,4196,141,36524,797,40720,938,0,39,110,613,31,3132,1,121,45
11-01-20,McMinn,1771,14,1730,13,41,1,2017,22,21824,151,23841,173,0,39,2,187,12,1545,1,89,47
11-01-20,McNairy,1173,6,933,3,240,3,1287,2,9738,113,11025,115,0,30,5,55,1,1088,0,47,33
11-01-20,Meigs,346,5,340,5,6,0,393,5,4015,39,4408,44,0,6,3,42,2,298,0,19,9
11-01-20,Monroe,1559,9,1503,9,56,0,1735,11,14258,110,15993,121,0,29,-8,168,17,1362,0,91,37
11-01-20,Montgomery,4504,40,4114,34,390,6,4745,37,52902,588,57647,625,0,61,16,278,24,4165,1,157,70
11-01-20,Moore,286,2,249,1,37,1,307,1,2966,7,3273,8,0,2,2,35,0,249,0,6,2
11-01-20,Morgan,463,3,431,1,32,2,493,2,9554,57,10047,59,0,7,0,28,3,428,0,12,6
11-01-20,Obion,1912,29,1674,21,238,8,1921,21,12866,144,14787,165,0,27,19,191,10,1694,1,65,33
11-01-20,Out of State,3262,44,3109,40,153,4,3603,50,351283,3133,354886,3183,0,36,29,325,15,2901,1,108,24
11-01-20,Overton,1281,4,1074,3,207,1,1306,4,9041,26,10347,30,0,25,-2,98,6,1158,0,49,31
11-01-20,Pending,1909,64,1656,55,253,9,1956,58,219144,1774,221100,1832,0,6,36,369,28,1534,1,37,9
11-01-20,Perry,352,5,325,5,27,0,361,0,4245,10,4606,10,0,9,-23,102,28,241,0,19,11
11-01-20,Pickett,287,1,210,1,77,0,263,1,1624,26,1887,27,0,9,0,17,1,261,0,15,10
11-01-20,Polk,542,0,516,0,26,0,608,1,4691,15,5299,16,0,13,-3,40,3,489,0,25,13
11-01-20,Putnam,4652,15,4191,11,461,4,5281,11,38976,210,44257,221,0,59,-5,323,20,4270,0,144,68
11-01-20,Rhea,1203,20,1165,8,38,12,1384,7,13667,66,15051,73,0,21,16,111,4,1071,1,49,23
11-01-20,Roane,1471,12,1409,12,62,0,1645,16,23203,194,24848,210,0,8,2,221,10,1242,2,54,10
11-01-20,Robertson,2726,23,2668,22,58,1,3223,25,22254,230,25477,255,0,43,13,140,10,2543,3,196,44
11-01-20,Rutherford,12664,140,12409,126,255,14,15035,144,109999,1154,125034,1298,0,116,54,973,86,11575,1,334,121
11-01-20,Scott,427,7,384,7,43,0,430,9,5820,60,6250,69,0,5,0,63,7,359,0,23,6
11-01-20,Sequatchie,373,2,367,2,6,0,411,3,6504,100,6915,103,0,2,1,39,1,332,0,16,5
11-01-20,Sevier,3551,6,3419,6,132,0,3875,11,32305,228,36180,239,0,23,-16,264,22,3264,1,130,27
11-01-20,Shelby,38196,484,37501,463,695,21,46852,587,465761,5511,512613,6098,0,571,337,2698,147,34927,5,2362,619
11-01-20,Smith,1055,3,1005,3,50,0,1307,5,7095,37,8402,42,0,14,-1,54,4,987,1,37,14
11-01-20,Stewart,359,1,330,1,29,0,391,1,3744,34,4135,35,0,13,-2,31,3,315,0,14,13
11-01-20,Sullivan,4152,11,3908,10,244,1,4319,19,40917,432,45236,451,0,53,-51,630,62,3469,0,293,62
11-01-20,Sumner,6545,103,6469,103,76,0,7648,114,59797,749,67445,863,0,117,57,579,46,5849,3,466,121
11-01-20,Tipton,2546,42,2216,25,330,17,2801,27,26480,182,29281,209,0,23,30,261,12,2262,2,111,28
11-01-20,Trousdale,1800,4,1783,4,17,0,1885,4,5881,36,7766,40,0,9,2,44,2,1747,0,30,10
11-01-20,Unicoi,513,10,442,4,71,6,510,7,7850,26,8360,33,0,5,3,132,7,376,0,31,7
11-01-20,Union,563,2,512,2,51,0,583,3,5998,34,6581,37,0,4,1,46,1,513,0,22,4
11-01-20,Van Buren,217,0,199,0,18,0,236,0,2863,47,3099,47,0,2,0,12,0,203,0,8,2
11-01-20,Warren,1559,6,1436,5,123,1,1704,3,17015,52,18719,55,0,11,-3,135,9,1413,1,28,12
11-01-20,Washington,3940,13,3792,13,148,0,4293,17,41002,284,45295,301,0,59,-49,644,62,3237,1,170,74
11-01-20,Wayne,1624,0,1596,0,28,0,1757,1,7046,21,8803,22,0,7,-5,49,5,1568,0,24,8
11-01-20,Weakley,1638,10,1468,7,170,3,1717,10,13411,61,15128,71,0,26,4,129,6,1483,0,39,30
11-01-20,White,1271,6,1166,6,105,0,1542,6,13324,146,14866,152,0,15,-5,109,11,1147,1,71,15
11-01-20,Williamson,7639,108,7314,101,325,7,8561,107,89852,888,98413,995,0,57,55,701,53,6881,1,160,63
11-01-20,Wilson,5046,89,4926,88,120,1,5843,98,48711,505,54554,603,0,64,56,425,33,4557,5,160,64
10-31-20,Anderson,1869,0,1778,0,91,0,2057,0,32285,1,34342,1,0,16,-10,245,10,1608,0,65,19
10-31-20,Bedford,1817,0,1706,0,111,0,2083,0,16352,2,18435,2,1,23,-16,184,15,1610,0,65,23
10-31-20,Benton,439,1,418,1,21,0,466,1,5573,0,6039,1,0,10,-1,29,2,400,0,19,11
10-31-20,Bledsoe,1047,0,1037,0,10,0,1092,0,9277,0,10369,0,0,4,-1,43,1,1000,0,21,4
10-31-20,Blount,3593,1,3476,1,117,0,4042,0,37029,2,41071,2,0,41,-25,383,26,3169,0,151,44
10-31-20,Bradley,3763,0,3596,0,167,0,4332,0,31039,1,35371,1,1,24,-18,261,17,3478,0,222,25
10-31-20,Campbell,1133,0,947,0,186,0,1078,0,14904,0,15982,0,0,13,-24,177,24,943,0,61,18
10-31-20,Cannon,448,0,421,0,27,0,513,0,4994,1,5507,1,0,2,-3,38,3,408,0,15,2
10-31-20,Carroll,1175,2,985,1,190,1,1217,0,13040,0,14257,0,0,27,-4,70,6,1078,0,57,29
10-31-20,Carter,1756,1,1677,1,79,0,1874,1,20174,0,22048,1,0,36,-16,270,17,1450,0,116,37
10-31-20,Cheatham,1120,3,1083,3,37,0,1289,3,13641,39,14930,42,0,12,-3,109,6,999,0,37,12
10-31-20,Chester,751,0,622,0,129,0,827,0,6494,0,7321,0,0,16,-1,38,1,697,0,25,18
10-31-20,Claiborne,551,0,482,0,69,0,585,0,12531,0,13116,0,0,8,-4,42,4,501,0,29,8
10-31-20,Clay,426,0,332,0,94,0,395,0,3522,0,3917,0,0,16,-2,41,2,369,0,15,18
10-31-20,Cocke,1169,0,1021,0,148,0,1150,0,10495,0,11645,0,1,17,-19,198,18,954,0,58,22
10-31-20,Coffee,2017,0,1728,0,289,0,2196,0,24716,0,26912,0,0,28,-13,220,13,1769,0,60,33
10-31-20,Crockett,940,5,707,0,233,5,856,0,4583,2,5439,2,1,23,1,99,3,818,0,24,25
10-31-20,Cumberland,1707,0,1650,0,57,0,2041,0,28044,0,30085,0,0,27,-11,157,11,1523,0,84,30
10-31-20,Davidson,33014,3,32703,3,311,0,40939,3,456277,26,497216,29,2,352,-169,2019,170,30643,0,1263,368
10-31-20,Decatur,686,0,541,0,145,0,718,0,7188,0,7906,0,0,11,-2,50,2,625,0,24,11
10-31-20,Dekalb,752,0,711,0,41,0,893,0,10032,5,10925,5,0,18,-3,78,3,656,0,31,21
10-31-20,Dickson,1790,1,1536,1,254,0,2041,1,17776,2,19817,3,1,20,-17,190,17,1580,0,66,22
10-31-20,Dyer,2400,7,2041,4,359,3,2353,3,14656,0,17009,3,0,38,-12,269,19,2093,0,83,39
10-31-20,Fayette,1785,1,1719,1,66,0,2178,0,19656,0,21834,0,0,27,-16,162,17,1596,0,92,34
10-31-20,Fentress,959,1,850,1,109,0,1030,1,5878,9,6908,10,0,12,-2,67,3,880,0,42,15
10-31-20,Franklin,1363,0,1296,0,67,0,1632,0,18380,0,20012,0,1,25,-10,114,9,1224,0,61,28
10-31-20,Gibson,2236,3,1689,3,547,0,2298,3,18228,0,20526,3,-1,48,-5,133,9,2055,0,68,54
10-31-20,Giles,1022,0,997,0,25,0,1192,0,11910,0,13102,0,0,38,-5,101,5,883,0,56,37
10-31-20,Grainger,668,0,584,0,84,0,693,0,7785,1,8478,1,0,4,-7,112,7,552,0,35,5
10-31-20,Greene,1962,2,1846,2,116,0,2149,2,20974,4,23123,6,0,55,-16,330,18,1577,0,104,56
10-31-20,Grundy,622,0,578,0,44,0,695,0,3623,0,4318,0,0,13,-1,63,1,546,0,42,14
10-31-20,Hamblen,2582,0,2332,0,250,0,2725,0,27474,0,30199,0,0,50,-18,204,18,2328,0,136,58
10-31-20,Hamilton,12285,0,11703,0,582,0,13666,0,166576,3,180242,3,0,111,-101,796,101,11378,0,473,118
10-31-20,Hancock,127,0,114,0,13,0,129,0,2235,0,2364,0,0,3,0,10,0,114,0,11,3
10-31-20,Hardeman,1950,2,1815,2,135,0,2171,1,16989,0,19160,1,0,33,-8,95,10,1822,0,80,33
10-31-20,Hardin,1448,2,1166,1,282,1,1497,1,15044,0,16541,1,0,23,-9,86,11,1339,0,37,24
10-31-20,Hawkins,1302,0,1241,0,61,0,1400,0,13444,0,14844,0,0,29,-14,143,14,1130,0,81,31
10-31-20,Haywood,1346,7,1242,7,104,0,1431,6,8384,15,9815,21,0,28,4,100,3,1218,1,56,28
10-31-20,Henderson,1446,2,1157,2,289,0,1685,2,10546,0,12231,2,0,26,0,71,2,1349,0,52,28
10-31-20,Henry,859,1,825,1,34,0,999,1,11417,0,12416,1,0,12,-4,87,5,760,0,43,13
10-31-20,Hickman,845,0,780,0,65,0,976,0,9054,0,10030,0,0,15,-6,77,6,753,0,23,15
10-31-20,Houston,434,0,380,0,54,0,454,0,3694,1,4148,1,0,17,-2,31,2,386,0,31,19
10-31-20,Humphreys,470,0,372,0,98,0,476,0,6704,0,7180,0,0,4,-8,41,8,425,0,18,6
10-31-20,Jackson,479,0,418,0,61,0,515,0,3097,0,3612,0,0,8,-1,39,1,432,0,19,6
10-31-20,Jefferson,1625,0,1407,0,218,0,1663,0,21478,0,23141,0,0,24,-8,132,8,1469,0,84,26
10-31-20,Johnson,1213,0,1162,0,51,0,1245,0,8384,1,9629,1,0,8,-4,101,4,1104,0,34,12
10-31-20,Knox,13457,4,12826,4,631,0,14358,6,164867,1,179225,7,0,96,-100,979,104,12382,0,497,103
10-31-20,Lake,994,0,984,0,10,0,1205,0,6980,0,8185,0,0,4,-2,17,2,973,0,9,4
10-31-20,Lauderdale,1516,2,1266,2,250,0,1485,2,13664,2,15149,4,1,18,-5,171,6,1327,0,65,18
10-31-20,Lawrence,1733,0,1678,0,55,0,1910,0,14480,0,16390,0,0,20,-14,206,14,1507,0,74,25
10-31-20,Lewis,470,0,465,0,5,0,508,0,5948,0,6456,0,0,6,-4,100,4,364,0,24,6
10-31-20,Lincoln,963,0,920,0,43,0,1094,0,9764,0,10858,0,0,4,-2,115,2,844,0,31,6
10-31-20,Loudon,1706,1,1646,1,60,0,1860,1,17116,0,18976,1,0,13,-7,140,8,1553,0,54,13
10-31-20,Macon,1389,0,1309,0,80,0,1615,0,9101,0,10716,0,0,25,-7,78,7,1286,0,91,26
10-31-20,Madison,3931,1,2789,0,1142,1,3860,0,33925,0,37785,0,1,81,-25,228,25,3622,0,216,96
10-31-20,Marion,841,0,821,0,20,0,989,0,8515,1,9504,1,1,14,-8,92,7,735,0,60,15
10-31-20,Marshall,1211,1,1195,1,16,0,1377,1,12056,0,13433,1,0,12,-6,135,7,1064,0,33,12
10-31-20,Maury,3643,3,3572,3,71,0,4055,3,35727,6,39782,9,0,39,-20,503,23,3101,0,120,45
10-31-20,McMinn,1757,1,1717,1,40,0,1995,1,21673,0,23668,1,0,39,-16,185,17,1533,0,88,44
10-31-20,McNairy,1167,2,930,1,237,1,1285,1,9625,1,10910,2,0,30,0,50,2,1087,1,47,33
10-31-20,Meigs,341,0,335,0,6,0,388,0,3976,0,4364,0,0,6,-3,39,3,296,0,19,8
10-31-20,Monroe,1550,0,1494,0,56,0,1724,0,14148,0,15872,0,0,29,-14,176,14,1345,0,91,37
10-31-20,Montgomery,4464,19,4080,19,384,0,4708,21,52314,123,57022,144,0,61,-11,262,30,4141,0,156,70
10-31-20,Moore,284,0,248,0,36,0,306,0,2959,0,3265,0,0,2,0,33,0,249,0,6,2
10-31-20,Morgan,460,0,430,0,30,0,491,0,9497,0,9988,0,0,7,-5,28,5,425,0,12,6
10-31-20,Obion,1883,2,1653,2,230,0,1900,3,12722,3,14622,6,0,27,-6,172,8,1684,0,64,33
10-31-20,Out of State,3218,0,3069,0,149,0,3553,0,348150,27,351703,27,0,36,-18,296,18,2886,0,107,24
10-31-20,Overton,1277,0,1071,0,206,0,1302,0,9015,5,10317,5,0,25,-1,100,1,1152,0,49,30
10-31-20,Pending,1845,3,1601,3,244,0,1898,3,217370,29,219268,32,-1,6,-25,333,29,1506,0,36,7
10-31-20,Perry,347,0,320,0,27,0,361,0,4235,0,4596,0,1,9,-6,125,5,213,0,19,11
10-31-20,Pickett,286,0,209,0,77,0,262,0,1598,1,1860,1,0,9,-1,17,1,260,0,15,10
10-31-20,Polk,542,0,516,0,26,0,607,0,4676,0,5283,0,0,13,-3,43,3,486,0,25,13
10-31-20,Putnam,4637,2,4180,2,457,0,5270,2,38766,1,44036,3,0,59,-29,328,31,4250,0,144,68
10-31-20,Rhea,1183,1,1157,1,26,0,1377,1,13601,0,14978,1,0,21,-8,95,9,1067,0,48,22
10-31-20,Roane,1459,1,1397,1,62,0,1629,1,23009,0,24638,1,0,8,-7,219,8,1232,0,52,10
10-31-20,Robertson,2703,0,2646,0,57,0,3198,0,22024,3,25222,3,0,43,-16,127,16,2533,0,193,44
10-31-20,Rutherford,12524,15,12283,15,241,0,14891,17,108845,70,123736,87,0,116,-82,919,97,11489,0,333,120
10-31-20,Scott,420,0,377,0,43,0,421,0,5760,0,6181,0,0,5,-9,63,9,352,0,23,5
10-31-20,Sequatchie,371,0,365,0,6,0,408,0,6404,0,6812,0,0,2,-3,38,3,331,0,16,4
10-31-20,Sevier,3545,0,3413,0,132,0,3864,0,32077,1,35941,1,0,23,-18,280,18,3242,0,129,27
10-31-20,Shelby,37712,0,37038,0,674,0,46265,0,460250,6,506515,6,0,571,-169,2361,169,34780,0,2357,617
10-31-20,Smith,1052,0,1002,0,50,0,1302,1,7058,0,8360,1,0,14,-9,55,9,983,0,36,14
10-31-20,Stewart,358,3,329,3,29,0,390,3,3710,8,4100,11,0,13,3,33,0,312,0,14,13
10-31-20,Sullivan,4141,0,3898,0,243,0,4300,0,40485,2,44785,2,1,53,-67,681,66,3407,0,293,62
10-31-20,Sumner,6442,1,6366,1,76,0,7534,1,59048,7,66582,8,0,117,-50,522,51,5803,0,463,120
10-31-20,Tipton,2504,1,2191,1,313,0,2774,1,26298,2,29072,3,0,23,-19,231,20,2250,0,109,27
10-31-20,Trousdale,1796,2,1779,2,17,0,1881,2,5845,2,7726,4,0,9,-1,42,3,1745,0,30,10
10-31-20,Unicoi,503,0,438,0,65,0,503,0,7824,0,8327,0,0,5,-6,129,6,369,0,31,7
10-31-20,Union,561,2,510,2,51,0,580,1,5964,0,6544,1,0,4,-1,45,3,512,0,22,4
10-31-20,Van Buren,217,0,199,0,18,0,236,0,2816,1,3052,1,0,2,0,12,0,203,0,8,2
10-31-20,Warren,1553,2,1431,2,122,0,1701,3,16963,16,18664,19,0,11,-7,138,9,1404,0,27,12
10-31-20,Washington,3927,0,3779,0,148,0,4276,0,40718,1,44994,1,1,59,-38,693,37,3175,0,169,73
10-31-20,Wayne,1624,0,1596,0,28,0,1756,0,7025,0,8781,0,0,7,-9,54,9,1563,0,24,8
10-31-20,Weakley,1628,1,1461,1,167,0,1707,0,13350,1,15057,1,0,26,-7,125,8,1477,0,39,30
10-31-20,White,1265,0,1160,0,105,0,1536,0,13178,1,14714,1,0,15,-16,114,16,1136,0,70,15
10-31-20,Williamson,7531,30,7213,30,318,0,8454,30,88964,194,97418,224,0,57,-24,646,54,6828,0,159,62
10-31-20,Wilson,4957,4,4838,4,119,0,5745,5,48206,38,53951,43,0,64,-27,369,31,4524,0,155,64
10-30-20,Anderson,1869,40,1778,37,91,3,2057,36,32284,148,34341,184,2,16,23,255,15,1598,1,65,17
10-30-20,Bedford,1817,20,1706,19,111,1,2083,19,16350,155,18433,174,2,22,11,200,7,1595,0,65,23
10-30-20,Benton,438,5,417,5,21,0,465,5,5573,34,6038,39,0,10,1,30,4,398,0,19,11
10-30-20,Bledsoe,1047,5,1037,4,10,1,1092,5,9277,38,10369,43,0,4,-69,44,74,999,0,21,4
10-30-20,Blount,3592,24,3475,23,117,1,4042,19,37027,258,41069,277,5,41,-26,408,45,3143,1,151,44
10-30-20,Bradley,3763,28,3596,26,167,2,4332,32,31038,125,35370,157,0,23,2,279,26,3461,0,222,25
10-30-20,Campbell,1133,12,947,6,186,6,1078,4,14904,87,15982,91,0,13,-14,201,26,919,1,61,18
10-30-20,Cannon,448,2,421,2,27,0,513,2,4993,17,5506,19,0,2,-4,41,6,405,0,15,2
10-30-20,Carroll,1173,13,984,12,189,1,1217,13,13040,64,14257,77,1,27,10,74,2,1072,0,57,29
10-30-20,Carter,1755,36,1676,34,79,2,1873,30,20174,140,22047,170,0,36,21,286,15,1433,4,116,37
10-30-20,Cheatham,1117,9,1080,9,37,0,1286,8,13602,88,14888,96,0,12,-8,112,17,993,0,37,12
10-30-20,Chester,751,10,622,8,129,2,827,8,6494,65,7321,73,1,16,6,39,3,696,0,25,18
10-30-20,Claiborne,551,6,482,5,69,1,585,4,12531,32,13116,36,1,8,0,46,5,497,1,29,8
10-30-20,Clay,426,5,332,4,94,1,395,5,3522,18,3917,23,1,16,2,43,2,367,0,15,18
10-30-20,Cocke,1169,18,1021,13,148,5,1150,12,10495,77,11645,89,2,16,5,217,11,936,0,58,21
10-30-20,Coffee,2017,21,1728,18,289,3,2196,17,24716,91,26912,108,2,28,-1,233,20,1756,1,60,33
10-30-20,Crockett,935,17,707,15,228,2,856,15,4581,31,5437,46,0,22,1,98,16,815,0,24,25
10-30-20,Cumberland,1707,30,1650,29,57,1,2041,32,28044,115,30085,147,0,27,15,168,15,1512,2,84,29
10-30-20,Davidson,33011,203,32700,198,311,5,40936,222,456251,2722,497187,2944,5,350,10,2188,188,30473,5,1263,367
10-30-20,Decatur,686,6,541,5,145,1,718,5,7188,126,7906,131,0,11,2,52,4,623,0,24,11
10-30-20,Dekalb,752,4,711,3,41,1,893,4,10027,84,10920,88,1,18,-3,81,6,653,0,31,21
10-30-20,Dickson,1789,10,1535,9,254,1,2040,10,17774,77,19814,87,0,19,-5,207,15,1563,0,66,21
10-30-20,Dyer,2393,28,2037,27,356,1,2350,30,14656,99,17006,129,0,38,1,281,27,2074,0,83,39
10-30-20,Fayette,1784,10,1718,9,66,1,2178,10,19656,70,21834,80,2,27,-6,178,14,1579,0,92,34
10-30-20,Fentress,958,10,849,9,109,1,1029,11,5869,17,6898,28,1,12,0,69,9,877,1,42,15
10-30-20,Franklin,1363,9,1296,8,67,1,1632,11,18380,79,20012,90,1,24,-2,124,10,1215,0,61,28
10-30-20,Gibson,2233,14,1686,10,547,4,2295,10,18228,110,20523,120,0,49,-2,138,16,2046,0,68,52
10-30-20,Giles,1022,9,997,9,25,0,1192,9,11910,79,13102,88,0,38,-5,106,14,878,0,56,37
10-30-20,Grainger,668,14,584,12,84,2,693,10,7784,48,8477,58,0,4,4,119,10,545,1,35,5
10-30-20,Greene,1960,53,1844,51,116,2,2147,48,20970,260,23117,308,1,55,9,346,43,1559,1,104,56
10-30-20,Grundy,622,10,578,10,44,0,695,11,3623,26,4318,37,1,13,3,64,6,545,1,42,14
10-30-20,Hamblen,2582,25,2332,21,250,4,2725,19,27474,129,30199,148,0,50,9,222,16,2310,0,136,58
10-30-20,Hamilton,12285,86,11703,76,582,10,13666,69,166573,584,180239,653,-1,111,11,897,76,11277,2,473,118
10-30-20,Hancock,127,3,114,1,13,2,129,1,2235,6,2364,7,0,3,3,10,0,114,0,11,3
10-30-20,Hardeman,1948,13,1813,13,135,0,2170,16,16989,192,19159,208,0,33,4,103,9,1812,1,80,33
10-30-20,Hardin,1446,9,1165,8,281,1,1496,8,15044,168,16540,176,1,23,-1,95,9,1328,0,37,24
10-30-20,Hawkins,1302,14,1241,13,61,1,1400,11,13444,76,14844,87,1,29,0,157,13,1116,0,81,31
10-30-20,Haywood,1339,11,1235,10,104,1,1425,12,8369,42,9794,54,0,28,4,96,7,1215,0,55,28
10-30-20,Henderson,1444,11,1155,9,289,2,1683,10,10546,59,12229,69,0,26,0,71,11,1347,0,52,28
10-30-20,Henry,858,12,824,11,34,1,998,15,11417,67,12415,82,0,12,3,91,9,755,0,43,13
10-30-20,Hickman,845,11,780,10,65,1,976,10,9054,38,10030,48,0,15,5,83,6,747,0,23,15
10-30-20,Houston,434,5,380,0,54,5,454,0,3693,4,4147,4,0,17,0,33,5,384,0,31,19
10-30-20,Humphreys,470,1,372,0,98,1,476,0,6704,19,7180,19,0,4,-4,49,5,417,0,18,6
10-30-20,Jackson,479,5,418,4,61,1,515,8,3097,24,3612,32,2,8,-3,40,6,431,0,19,6
10-30-20,Jefferson,1625,24,1407,17,218,7,1663,17,21478,158,23141,175,0,24,11,140,13,1461,0,84,26
10-30-20,Johnson,1213,7,1162,7,51,0,1245,8,8383,40,9628,48,1,8,-1,105,7,1100,1,34,11
10-30-20,Knox,13453,157,12822,148,631,9,14352,149,164866,837,179218,986,1,96,27,1079,129,12278,4,497,102
10-30-20,Lake,994,7,984,6,10,1,1205,5,6980,18,8185,23,0,4,3,19,4,971,1,9,4
10-30-20,Lauderdale,1514,6,1264,4,250,2,1483,4,13662,26,15145,30,0,17,-10,176,16,1321,0,65,18
10-30-20,Lawrence,1733,23,1678,17,55,6,1910,18,14480,87,16390,105,0,20,0,220,23,1493,0,74,25
10-30-20,Lewis,470,20,465,20,5,0,508,21,5948,71,6456,92,1,6,8,104,11,360,0,24,6
10-30-20,Lincoln,963,10,920,10,43,0,1094,9,9764,48,10858,57,1,4,-11,117,20,842,0,31,5
10-30-20,Loudon,1705,18,1645,17,60,1,1859,21,17116,100,18975,121,1,13,8,147,9,1545,0,54,13
10-30-20,Macon,1389,7,1309,7,80,0,1615,8,9101,37,10716,45,0,25,-5,85,12,1279,0,91,26
10-30-20,Madison,3930,24,2789,12,1141,12,3860,15,33925,278,37785,293,0,80,-3,253,27,3597,0,216,95
10-30-20,Marion,841,3,821,3,20,0,989,2,8514,32,9503,34,3,13,-10,100,10,728,1,60,15
10-30-20,Marshall,1210,15,1194,15,16,0,1376,16,12056,82,13432,98,1,12,3,141,11,1057,1,33,12
10-30-20,Maury,3640,162,3569,161,71,1,4052,187,35721,1306,39773,1493,0,39,125,523,37,3078,1,120,44
10-30-20,McMinn,1756,25,1716,24,40,1,1994,26,21673,121,23667,147,1,39,-4,201,28,1516,1,88,44
10-30-20,McNairy,1165,12,929,12,236,0,1284,16,9624,50,10908,66,1,30,1,50,10,1085,1,46,32
10-30-20,Meigs,341,0,335,0,6,0,388,0,3976,21,4364,21,0,6,-3,42,3,293,0,19,8
10-30-20,Monroe,1550,24,1494,23,56,1,1724,24,14148,90,15872,114,0,29,8,190,16,1331,0,91,37
10-30-20,Montgomery,4445,31,4061,12,384,19,4687,16,52191,223,56878,239,1,61,-20,273,50,4111,0,156,69
10-30-20,Moore,284,0,248,0,36,0,306,0,2959,9,3265,9,0,2,-3,33,3,249,0,6,2
10-30-20,Morgan,460,4,430,4,30,0,491,3,9497,21,9988,24,0,7,1,33,3,420,0,12,6
10-30-20,Obion,1881,14,1651,11,230,3,1897,17,12719,58,14616,75,4,27,-2,178,12,1676,1,64,33
10-30-20,Out of State,3218,34,3069,32,149,2,3553,34,348123,1418,351676,1452,0,36,-2,314,36,2868,0,107,23
10-30-20,Overton,1277,12,1071,11,206,1,1302,14,9010,47,10312,61,5,25,-8,101,15,1151,0,49,30
10-30-20,Pending,1842,35,1598,31,244,4,1895,32,217341,1226,219236,1258,1,7,-1,358,35,1477,1,36,6
10-30-20,Perry,347,7,320,7,27,0,361,10,4235,18,4596,28,3,8,0,131,4,208,0,19,10
10-30-20,Pickett,286,2,209,0,77,2,262,1,1597,6,1859,7,0,9,-1,18,3,259,0,15,10
10-30-20,Polk,542,5,516,5,26,0,607,5,4676,22,5283,27,0,13,2,46,3,483,0,25,13
10-30-20,Putnam,4635,39,4178,32,457,7,5268,38,38765,291,44033,329,0,59,-13,357,52,4219,1,144,67
10-30-20,Rhea,1182,16,1156,15,26,1,1376,16,13601,51,14977,67,2,21,0,103,14,1058,0,48,22
10-30-20,Roane,1458,18,1396,18,62,0,1628,21,23009,79,24637,100,0,8,-4,226,22,1224,2,52,10
10-30-20,Robertson,2703,6,2646,4,57,2,3198,4,22021,195,25219,199,0,43,-5,143,11,2517,0,193,44
10-30-20,Rutherford,12509,60,12268,58,241,2,14874,66,108775,540,123649,606,1,116,-46,1001,105,11392,1,333,120
10-30-20,Scott,420,7,377,6,43,1,421,10,5760,44,6181,54,0,5,-2,72,9,343,0,23,5
10-30-20,Sequatchie,371,2,365,2,6,0,408,2,6404,65,6812,67,0,2,1,41,1,328,0,16,3
10-30-20,Sevier,3545,34,3413,32,132,2,3864,30,32076,164,35940,194,1,23,3,298,30,3224,1,129,27
10-30-20,Shelby,37712,243,37038,238,674,5,46265,265,460244,2682,506509,2947,1,571,2,2530,240,34611,3,2357,614
10-30-20,Smith,1052,5,1002,4,50,1,1301,6,7058,40,8359,46,0,14,-1,64,6,974,0,36,14
10-30-20,Stewart,355,4,326,2,29,2,387,3,3702,10,4089,13,2,13,-2,30,4,312,0,14,13
10-30-20,Sullivan,4141,57,3898,43,243,14,4300,43,40483,411,44783,454,2,52,-28,748,83,3341,2,293,60
10-30-20,Sumner,6441,33,6365,32,76,1,7533,34,59041,388,66574,422,4,117,-22,572,51,5752,0,463,120
10-30-20,Tipton,2503,23,2190,20,313,3,2773,20,26296,146,29069,166,0,23,4,250,19,2230,0,109,27
10-30-20,Trousdale,1794,2,1777,2,17,0,1879,1,5843,18,7722,19,0,9,-4,43,6,1742,1,30,10
10-30-20,Unicoi,503,19,438,10,65,9,503,9,7824,44,8327,53,0,5,17,135,2,363,2,31,7
10-30-20,Union,559,3,508,3,51,0,579,3,5964,17,6543,20,0,4,-4,46,7,509,0,22,4
10-30-20,Van Buren,217,4,199,4,18,0,236,4,2815,13,3051,17,0,2,3,12,1,203,0,8,2
10-30-20,Warren,1551,24,1429,24,122,0,1698,24,16947,99,18645,123,0,11,17,145,7,1395,1,27,12
10-30-20,Washington,3927,98,3779,92,148,6,4276,92,40717,405,44993,497,5,58,45,731,48,3138,8,169,72
10-30-20,Wayne,1624,4,1596,4,28,0,1756,4,7025,32,8781,36,0,7,-4,63,8,1554,0,24,8
10-30-20,Weakley,1627,20,1460,18,167,2,1707,20,13349,89,15056,109,0,26,11,132,9,1469,1,39,28
10-30-20,White,1265,15,1160,12,105,3,1536,12,13177,163,14713,175,1,15,-2,130,16,1120,3,70,15
10-30-20,Williamson,7501,70,7183,67,318,3,8424,67,88770,614,97194,681,1,57,18,670,51,6774,0,159,62
10-30-20,Wilson,4953,24,4834,23,119,1,5740,27,48168,154,53908,181,1,64,-18,396,41,4493,0,155,63
10-29-20,Anderson,1829,29,1741,21,88,8,2021,19,32136,214,34157,233,0,14,6,232,23,1583,2,64,17
10-29-20,Bedford,1797,19,1687,13,110,6,2064,13,16195,109,18259,122,0,20,2,189,17,1588,0,65,23
10-29-20,Benton,433,3,412,3,21,0,460,4,5539,99,5999,103,1,10,-1,29,3,394,0,19,11
10-29-20,Bledsoe,1042,3,1033,2,9,1,1087,3,9239,39,10326,42,0,4,0,113,3,925,0,21,4
10-29-20,Blount,3568,59,3452,55,116,4,4023,59,36769,240,40792,299,0,36,26,434,33,3098,1,150,42
10-29-20,Bradley,3735,28,3570,26,165,2,4300,29,30913,234,35213,263,0,23,5,277,23,3435,2,222,25
10-29-20,Campbell,1121,26,941,17,180,9,1074,14,14817,148,15891,162,0,13,-3,215,29,893,3,60,16
10-29-20,Cannon,446,6,419,6,27,0,511,8,4976,26,5487,34,0,2,5,45,1,399,0,15,2
10-29-20,Carroll,1160,11,972,10,188,1,1204,8,12976,113,14180,121,0,26,-2,64,13,1070,0,57,29
10-29-20,Carter,1719,52,1642,48,77,4,1843,53,20034,197,21877,250,2,36,35,265,15,1418,4,112,37
10-29-20,Cheatham,1108,18,1071,14,37,4,1278,17,13514,99,14792,116,0,12,3,120,15,976,0,37,12
10-29-20,Chester,741,1,614,1,127,0,819,1,6429,23,7248,24,0,15,-1,33,2,693,0,25,18
10-29-20,Claiborne,545,4,477,3,68,1,581,4,12499,78,13080,82,0,7,3,46,1,492,0,28,8
10-29-20,Clay,421,1,328,0,93,1,390,0,3504,12,3894,12,0,15,-2,41,3,365,0,15,17
10-29-20,Cocke,1151,15,1008,13,143,2,1138,14,10418,87,11556,101,0,14,0,212,15,925,0,58,20
10-29-20,Coffee,1996,34,1710,25,286,9,2179,32,24625,271,26804,303,0,26,6,234,28,1736,0,59,32
10-29-20,Crockett,918,14,692,7,226,7,841,6,4550,18,5391,24,0,22,1,97,13,799,1,24,24
10-29-20,Cumberland,1677,8,1621,7,56,1,2009,8,27929,63,29938,71,0,27,-6,153,14,1497,0,82,29
10-29-20,Davidson,32808,182,32502,174,306,8,40714,207,453529,2211,494243,2418,-1,345,-6,2178,189,30285,2,1258,361
10-29-20,Decatur,680,4,536,4,144,0,713,5,7062,24,7775,29,0,11,1,50,3,619,0,24,11
10-29-20,Dekalb,748,1,708,1,40,0,889,0,9943,121,10832,121,0,17,-8,84,9,647,0,31,21
10-29-20,Dickson,1779,29,1526,20,253,9,2030,21,17697,135,19727,156,0,19,7,212,22,1548,0,66,21
10-29-20,Dyer,2365,30,2010,22,355,8,2320,21,14557,74,16877,95,0,38,6,280,24,2047,1,83,39
10-29-20,Fayette,1774,21,1709,19,65,2,2168,20,19586,99,21754,119,0,25,3,184,18,1565,2,92,34
10-29-20,Fentress,948,1,840,1,108,0,1018,2,5852,100,6870,102,0,11,-10,69,11,868,0,41,15
10-29-20,Franklin,1354,19,1288,12,66,7,1621,16,18301,110,19922,126,0,23,7,126,12,1205,0,61,27
10-29-20,Gibson,2219,11,1676,5,543,6,2285,4,18118,52,20403,56,0,49,-6,140,17,2030,0,68,51
10-29-20,Giles,1013,17,988,17,25,0,1183,21,11831,175,13014,196,0,38,3,111,14,864,0,56,37
10-29-20,Grainger,654,22,572,3,82,19,683,2,7736,39,8419,41,0,4,14,115,8,535,1,34,5
10-29-20,Greene,1907,48,1793,42,114,6,2099,48,20710,280,22809,328,0,54,29,337,19,1516,2,103,55
10-29-20,Grundy,612,14,568,13,44,1,684,15,3597,43,4281,58,1,12,10,61,3,539,0,41,14
10-29-20,Hamblen,2557,15,2311,5,246,10,2706,6,27345,166,30051,172,0,50,-3,213,18,2294,0,136,58
10-29-20,Hamilton,12199,71,11627,62,572,9,13597,67,165989,841,179586,908,1,112,-20,886,90,11201,2,471,118
10-29-20,Hancock,124,0,113,0,11,0,128,0,2229,15,2357,15,0,3,-1,7,1,114,0,11,3
10-29-20,Hardeman,1935,8,1800,6,135,2,2154,5,16797,30,18951,35,0,33,-7,99,15,1803,1,79,33
10-29-20,Hardin,1437,10,1157,2,280,8,1488,2,14876,36,16364,38,0,22,-13,96,23,1319,0,37,24
10-29-20,Hawkins,1288,17,1228,11,60,6,1389,14,13368,178,14757,192,3,28,0,157,14,1103,0,81,31
10-29-20,Haywood,1328,5,1225,3,103,2,1413,6,8327,52,9740,58,0,28,-10,92,15,1208,0,55,28
10-29-20,Henderson,1433,4,1146,4,287,0,1673,4,10487,53,12160,57,0,26,-7,71,11,1336,0,52,28
10-29-20,Henry,846,22,813,16,33,6,983,18,11350,103,12333,121,0,12,10,88,12,746,0,43,12
10-29-20,Hickman,834,14,770,13,64,1,966,12,9016,67,9982,79,0,15,5,78,9,741,0,23,15
10-29-20,Houston,429,2,380,2,49,0,454,2,3689,18,4143,20,0,17,-5,33,7,379,0,31,19
10-29-20,Humphreys,469,6,372,6,97,0,476,5,6685,39,7161,44,0,4,1,53,5,412,0,18,6
10-29-20,Jackson,474,2,414,1,60,1,507,1,3073,25,3580,26,0,6,-3,43,5,425,0,19,6
10-29-20,Jefferson,1601,7,1390,6,211,1,1646,6,21320,200,22966,206,1,24,-4,129,10,1448,1,84,25
10-29-20,Johnson,1206,20,1155,17,51,3,1237,18,8343,115,9580,133,0,7,18,106,2,1093,0,33,11
10-29-20,Knox,13296,149,12674,135,622,14,14203,130,164029,1586,178232,1716,0,95,45,1052,104,12149,4,493,102
10-29-20,Lake,987,1,978,1,9,0,1200,0,6962,39,8162,39,0,4,-5,16,6,967,0,8,4
10-29-20,Lauderdale,1508,19,1260,11,248,8,1479,13,13636,151,15115,164,0,17,-3,186,22,1305,0,65,18
10-29-20,Lawrence,1710,14,1661,10,49,4,1892,13,14393,160,16285,173,0,20,-14,220,28,1470,1,74,25
10-29-20,Lewis,450,16,445,15,5,1,487,19,5877,129,6364,148,0,5,3,96,13,349,0,24,6
10-29-20,Lincoln,953,15,910,13,43,2,1085,16,9716,62,10801,78,0,3,-4,128,19,822,0,31,5
10-29-20,Loudon,1687,13,1628,13,59,0,1838,11,17016,149,18854,160,0,12,-2,139,15,1536,0,54,13
10-29-20,Macon,1382,4,1302,1,80,3,1607,2,9064,36,10671,38,0,25,-4,90,8,1267,0,91,26
10-29-20,Madison,3906,22,2777,14,1129,8,3845,13,33647,84,37492,97,0,80,7,256,15,3570,1,216,95
10-29-20,Marion,838,17,818,17,20,0,987,19,8482,98,9469,117,0,10,4,110,13,718,0,59,15
10-29-20,Marshall,1195,14,1179,14,16,0,1360,15,11974,78,13334,93,0,11,1,138,13,1046,0,32,12
10-29-20,Maury,3478,28,3408,28,70,0,3865,16,34415,269,38280,285,1,39,-14,398,41,3041,1,119,44
10-29-20,McMinn,1731,16,1692,15,39,1,1968,22,21552,120,23520,142,0,38,-8,205,24,1488,0,87,44
10-29-20,McNairy,1153,9,917,4,236,5,1268,4,9574,95,10842,99,0,29,-3,49,12,1075,0,45,32
10-29-20,Meigs,341,5,335,5,6,0,388,5,3955,24,4343,29,0,6,-2,45,7,290,0,19,8
10-29-20,Monroe,1526,13,1471,11,55,2,1700,13,14058,103,15758,116,0,29,-3,182,16,1315,0,91,35
10-29-20,Montgomery,4414,53,4049,39,365,14,4671,44,51968,426,56639,470,0,60,5,293,48,4061,0,156,67
10-29-20,Moore,284,6,248,5,36,1,306,6,2950,23,3256,29,0,2,4,36,2,246,0,6,2
10-29-20,Morgan,456,3,426,3,30,0,488,4,9476,52,9964,56,0,7,-7,32,10,417,0,12,6
10-29-20,Obion,1867,14,1640,11,227,3,1880,9,12661,91,14541,100,0,23,3,180,11,1664,0,63,33
10-29-20,Out of State,3184,38,3037,33,147,5,3519,35,346705,2072,350224,2107,1,36,-7,316,44,2832,0,107,23
10-29-20,Overton,1265,1,1060,1,205,0,1288,1,8963,58,10251,59,2,20,-20,109,19,1136,0,49,30
10-29-20,Pending,1807,25,1567,18,240,7,1863,22,216115,1262,217978,1284,1,6,-17,359,41,1442,1,35,6
10-29-20,Perry,340,4,313,4,27,0,351,1,4217,10,4568,11,0,5,-3,131,7,204,0,19,9
10-29-20,Pickett,284,1,209,1,75,0,261,1,1591,47,1852,48,0,9,-4,19,5,256,0,15,10
10-29-20,Polk,537,2,511,2,26,0,602,2,4654,27,5256,29,0,13,-6,44,8,480,0,25,13
10-29-20,Putnam,4596,25,4146,21,450,4,5230,21,38474,300,43704,321,2,59,-37,370,60,4167,0,143,67
10-29-20,Rhea,1166,15,1141,14,25,1,1360,15,13550,122,14910,137,0,19,1,103,14,1044,1,48,22
10-29-20,Roane,1440,29,1378,28,62,1,1607,27,22930,292,24537,319,0,8,10,230,19,1202,1,50,10
10-29-20,Robertson,2697,21,2642,21,55,0,3194,29,21826,172,25020,201,0,43,8,148,13,2506,1,193,43
10-29-20,Rutherford,12449,110,12210,104,239,6,14808,130,108235,1145,123043,1275,0,115,11,1047,99,11287,1,332,118
10-29-20,Scott,413,8,371,7,42,1,411,6,5716,33,6127,39,0,5,4,74,4,334,0,23,5
10-29-20,Sequatchie,369,7,363,7,6,0,406,7,6339,72,6745,79,0,2,4,40,3,327,0,16,3
10-29-20,Sevier,3511,19,3381,19,130,0,3834,20,31912,150,35746,170,0,22,-12,295,31,3194,1,128,27
10-29-20,Shelby,37469,291,36800,262,669,29,46000,343,457562,3637,503562,3980,0,570,54,2528,237,34371,10,2354,611
10-29-20,Smith,1047,5,998,5,49,0,1295,5,7018,23,8313,28,0,14,-4,65,9,968,0,36,14
10-29-20,Stewart,351,8,324,6,27,2,384,5,3692,39,4076,44,0,11,4,32,4,308,1,14,13
10-29-20,Sullivan,4084,110,3855,109,229,1,4257,103,40072,308,44329,411,1,50,25,776,84,3258,8,291,58
10-29-20,Sumner,6408,67,6333,64,75,3,7499,78,58653,418,66152,496,0,113,7,594,60,5701,3,463,120
10-29-20,Tipton,2480,22,2170,13,310,9,2753,17,26150,164,28903,181,0,23,-3,246,25,2211,2,109,26
10-29-20,Trousdale,1792,3,1775,3,17,0,1878,6,5825,25,7703,31,0,9,-1,47,4,1736,0,29,10
10-29-20,Unicoi,484,6,428,6,56,0,494,6,7780,23,8274,29,2,5,-7,118,11,361,0,29,6
10-29-20,Union,556,4,505,3,51,1,576,3,5947,20,6523,23,1,4,-5,50,8,502,0,22,4
10-29-20,Van Buren,213,0,195,0,18,0,232,0,2802,11,3034,11,0,2,-1,9,1,202,0,8,2
10-29-20,Warren,1527,8,1405,7,122,1,1674,7,16848,124,18522,131,0,11,-18,128,26,1388,1,26,12
10-29-20,Washington,3829,77,3687,65,142,12,4184,83,40312,386,44496,469,0,53,12,686,65,3090,3,161,68
10-29-20,Wayne,1620,1,1592,1,28,0,1752,1,6993,30,8745,31,0,7,-2,67,3,1546,0,24,8
10-29-20,Weakley,1607,8,1442,7,165,1,1687,7,13260,42,14947,49,0,26,0,121,8,1460,0,38,27
10-29-20,White,1250,5,1148,4,102,1,1524,4,13014,134,14538,138,0,14,-14,132,19,1104,0,67,15
10-29-20,Williamson,7431,55,7116,49,315,6,8357,55,88156,479,96513,534,0,56,-19,652,74,6723,0,159,62
10-29-20,Wilson,4929,35,4811,33,118,2,5713,42,48014,299,53727,341,3,63,-22,414,54,4452,0,155,62
10-28-20,Anderson,1800,58,1720,56,80,2,2002,62,31922,417,33924,479,0,14,34,226,24,1560,0,62,17
10-28-20,Bedford,1778,26,1674,22,104,4,2051,27,16086,114,18137,141,0,20,13,187,13,1571,1,65,23
10-28-20,Benton,430,6,409,5,21,1,456,5,5440,13,5896,18,0,9,4,30,2,391,0,19,11
10-28-20,Bledsoe,1039,4,1031,4,8,0,1084,4,9200,40,10284,44,0,4,-3,113,7,922,0,21,4
10-28-20,Blount,3509,50,3397,49,112,1,3964,56,36529,373,40493,429,0,36,17,408,33,3065,0,149,42
10-28-20,Bradley,3707,34,3544,29,163,5,4271,32,30679,118,34950,150,0,23,2,272,32,3412,0,220,25
10-28-20,Campbell,1095,23,924,7,171,16,1060,8,14669,149,15729,157,1,13,-3,218,25,864,0,57,16
10-28-20,Cannon,440,4,413,3,27,1,503,4,4950,22,5453,26,0,2,-6,40,10,398,0,15,2
10-28-20,Carroll,1149,5,962,4,187,1,1196,4,12863,28,14059,32,0,26,-1,66,6,1057,0,57,29
10-28-20,Carter,1667,40,1594,40,73,0,1790,45,19837,136,21627,181,0,34,29,230,11,1403,2,108,37
10-28-20,Cheatham,1090,13,1057,13,33,0,1261,14,13415,90,14676,104,0,12,5,117,8,961,1,37,12
10-28-20,Chester,740,4,613,4,127,0,818,4,6406,14,7224,18,0,15,2,34,2,691,0,25,18
10-28-20,Claiborne,541,4,474,2,67,2,577,2,12421,71,12998,73,1,7,-1,43,4,491,0,28,8
10-28-20,Clay,420,7,328,7,92,0,390,8,3492,38,3882,46,0,15,0,43,7,362,1,15,17
10-28-20,Cocke,1136,26,995,25,141,1,1124,26,10331,142,11455,168,0,14,8,212,18,910,0,58,20
10-28-20,Coffee,1962,22,1685,13,277,9,2147,11,24354,123,26501,134,0,26,-2,228,24,1708,0,59,30
10-28-20,Crockett,904,14,685,11,219,3,835,9,4532,27,5367,36,2,22,-9,96,21,786,0,23,23
10-28-20,Cumberland,1669,15,1614,15,55,0,2001,20,27866,333,29867,353,0,27,3,159,12,1483,0,82,29
10-28-20,Davidson,32626,233,32328,222,298,11,40507,267,451318,2863,491825,3130,5,346,-30,2184,258,30096,8,1256,360
10-28-20,Decatur,676,8,532,6,144,2,708,7,7038,24,7746,31,0,11,1,49,7,616,0,24,11
10-28-20,Dekalb,747,26,707,26,40,0,889,29,9822,96,10711,125,0,17,21,92,5,638,0,31,21
10-28-20,Dickson,1750,22,1506,14,244,8,2009,17,17562,121,19571,138,0,19,12,205,10,1526,0,66,20
10-28-20,Dyer,2335,22,1988,15,347,7,2299,15,14483,45,16782,60,3,38,-25,274,44,2023,0,82,39
10-28-20,Fayette,1753,23,1690,22,63,1,2148,28,19487,131,21635,159,0,25,2,181,21,1547,0,90,34
10-28-20,Fentress,947,17,839,15,108,2,1016,15,5752,57,6768,72,0,11,5,79,12,857,0,41,13
10-28-20,Franklin,1335,13,1276,13,59,0,1605,12,18191,101,19796,113,1,23,-5,119,17,1193,0,61,25
10-28-20,Gibson,2208,14,1671,4,537,10,2281,4,18066,49,20347,53,0,49,-1,146,15,2013,1,68,51
10-28-20,Giles,996,13,971,13,25,0,1162,15,11656,57,12818,72,2,38,-6,108,17,850,0,56,37
10-28-20,Grainger,632,10,569,10,63,0,681,12,7697,76,8378,88,0,4,-1,101,11,527,1,33,5
10-28-20,Greene,1859,30,1751,27,108,3,2051,23,20430,121,22481,144,0,54,15,308,15,1497,1,101,55
10-28-20,Grundy,598,0,555,0,43,0,669,0,3554,7,4223,7,0,11,-12,51,12,536,0,41,14
10-28-20,Hamblen,2542,37,2306,34,236,3,2700,35,27179,322,29879,357,2,50,19,216,16,2276,0,136,57
10-28-20,Hamilton,12128,117,11565,107,563,10,13530,119,165148,1231,178678,1350,1,111,27,906,89,11111,4,469,118
10-28-20,Hancock,124,2,113,2,11,0,128,2,2214,7,2342,9,0,3,0,8,2,113,0,11,3
10-28-20,Hardeman,1927,10,1794,10,133,0,2149,13,16767,33,18916,46,0,33,-4,106,14,1788,0,78,33
10-28-20,Hardin,1427,10,1155,8,272,2,1486,9,14840,96,16326,105,0,22,-6,109,16,1296,0,37,24
10-28-20,Hawkins,1271,23,1217,23,54,0,1375,24,13190,121,14565,145,0,25,7,157,16,1089,0,81,31
10-28-20,Haywood,1323,8,1222,7,101,1,1407,10,8275,61,9682,71,0,28,2,102,6,1193,1,55,28
10-28-20,Henderson,1429,7,1142,4,287,3,1669,5,10434,37,12103,42,0,26,0,78,7,1325,0,52,28
10-28-20,Henry,824,14,797,13,27,1,965,14,11247,33,12212,47,0,12,6,78,8,734,0,43,12
10-28-20,Hickman,820,11,757,8,63,3,954,9,8949,59,9903,68,0,15,2,73,9,732,0,23,15
10-28-20,Houston,427,3,378,2,49,1,452,2,3671,20,4123,22,0,17,1,38,2,372,0,31,19
10-28-20,Humphreys,463,7,366,6,97,1,471,7,6646,19,7117,26,0,4,0,52,7,407,0,18,5
10-28-20,Jackson,472,9,413,9,59,0,506,9,3048,22,3554,31,0,6,4,46,5,420,0,19,6
10-28-20,Jefferson,1594,19,1384,18,210,1,1640,18,21120,192,22760,210,1,23,4,133,14,1438,0,83,25
10-28-20,Johnson,1186,7,1138,4,48,3,1219,3,8228,36,9447,39,0,7,-11,88,18,1091,0,33,9
10-28-20,Knox,13147,101,12539,94,608,7,14073,99,162443,1010,176516,1109,3,95,-50,1007,148,12045,8,489,101
10-28-20,Lake,986,4,977,4,9,0,1200,4,6923,11,8123,15,1,4,2,21,1,961,0,8,4
10-28-20,Lauderdale,1489,28,1249,22,240,6,1466,22,13485,66,14951,88,0,17,8,189,20,1283,0,65,17
10-28-20,Lawrence,1696,28,1651,26,45,2,1879,31,14233,158,16112,189,0,20,1,234,27,1442,0,73,25
10-28-20,Lewis,434,10,430,10,4,0,468,8,5748,14,6216,22,0,5,4,93,6,336,1,24,6
10-28-20,Lincoln,938,10,897,9,41,1,1069,10,9654,76,10723,86,0,3,-1,132,11,803,0,31,5
10-28-20,Loudon,1674,22,1615,22,59,0,1827,27,16867,203,18694,230,1,12,14,141,7,1521,1,54,13
10-28-20,Macon,1378,18,1301,16,77,2,1605,18,9028,85,10633,103,0,25,13,94,5,1259,1,91,26
10-28-20,Madison,3884,21,2763,9,1121,12,3832,6,33563,50,37395,56,0,80,-19,249,40,3555,0,215,93
10-28-20,Marion,821,11,801,9,20,2,968,11,8384,84,9352,95,0,10,-2,106,13,705,3,59,15
10-28-20,Marshall,1181,19,1165,19,16,0,1345,19,11896,100,13241,119,0,11,7,137,12,1033,1,32,12
10-28-20,Maury,3450,36,3380,35,70,1,3849,47,34146,175,37995,222,0,38,-17,412,53,3000,2,118,43
10-28-20,McMinn,1715,24,1677,22,38,2,1946,24,21432,222,23378,246,1,38,-1,213,24,1464,0,87,42
10-28-20,McNairy,1144,3,913,3,231,0,1264,6,9479,40,10743,46,1,29,-10,52,12,1063,0,45,32
10-28-20,Meigs,336,5,330,4,6,1,383,4,3931,21,4314,25,0,6,-3,47,8,283,0,19,8
10-28-20,Monroe,1513,16,1460,15,53,1,1687,16,13955,163,15642,179,0,29,-13,185,29,1299,0,91,35
10-28-20,Montgomery,4361,56,4010,43,351,13,4627,51,51542,360,56169,411,2,60,-8,288,62,4013,0,156,67
10-28-20,Moore,278,3,243,3,35,0,300,3,2927,7,3227,10,0,2,2,32,1,244,0,6,2
10-28-20,Morgan,453,4,423,4,30,0,484,6,9424,58,9908,64,0,7,-2,39,6,407,0,12,6
10-28-20,Obion,1853,19,1629,10,224,9,1871,11,12570,47,14441,58,0,23,-4,177,23,1653,0,63,32
10-28-20,Out of State,3146,29,3004,29,142,0,3484,26,344633,1688,348117,1714,1,35,-22,323,50,2788,1,107,23
10-28-20,Overton,1264,26,1059,23,205,3,1287,26,8905,66,10192,92,0,18,10,129,16,1117,0,49,28
10-28-20,Pending,1782,33,1549,24,233,9,1841,26,214853,1073,216694,1099,-1,5,-17,376,51,1401,2,34,6
10-28-20,Perry,336,9,309,7,27,2,350,8,4207,57,4557,65,0,5,-3,134,12,197,0,19,8
10-28-20,Pickett,283,5,208,4,75,1,260,5,1544,5,1804,10,0,9,-2,23,7,251,0,15,10
10-28-20,Polk,535,6,509,5,26,1,600,5,4627,25,5227,30,0,13,2,50,4,472,0,25,13
10-28-20,Putnam,4571,48,4125,40,446,8,5209,50,38174,342,43383,392,0,57,-5,407,53,4107,0,143,65
10-28-20,Rhea,1151,11,1127,3,24,8,1345,3,13428,40,14773,43,1,19,-6,102,16,1030,2,47,22
10-28-20,Roane,1411,45,1350,44,61,1,1580,48,22638,237,24218,285,1,8,26,220,18,1183,2,49,10
10-28-20,Robertson,2676,24,2621,22,55,2,3165,22,21654,118,24819,140,-1,43,-4,140,29,2493,1,192,43
10-28-20,Rutherford,12339,139,12106,130,233,9,14678,140,107090,715,121768,855,0,115,36,1036,103,11188,1,331,117
10-28-20,Scott,405,11,364,10,41,1,405,11,5683,65,6088,76,0,5,8,70,3,330,0,23,5
10-28-20,Sequatchie,362,3,356,2,6,1,399,3,6267,14,6666,17,0,2,-1,36,4,324,0,16,3
10-28-20,Sevier,3492,53,3362,51,130,2,3814,55,31762,387,35576,442,-1,22,10,307,44,3163,2,127,25
10-28-20,Shelby,37178,120,36538,114,640,6,45657,127,453925,1342,499582,1469,2,570,-117,2474,235,34134,4,2344,608
10-28-20,Smith,1042,21,993,19,49,2,1290,22,6995,74,8285,96,0,14,13,69,8,959,0,36,13
10-28-20,Stewart,343,10,318,10,25,0,379,11,3653,13,4032,24,0,11,8,28,2,304,0,13,13
10-28-20,Sullivan,3974,54,3746,46,228,8,4154,47,39764,238,43918,285,1,49,-6,751,59,3174,5,283,55
10-28-20,Sumner,6341,68,6269,66,72,2,7421,78,58235,565,65656,643,1,113,7,587,60,5641,2,460,120
10-28-20,Tipton,2458,35,2157,30,301,5,2736,33,25986,174,28722,207,0,23,19,249,16,2186,0,107,26
10-28-20,Trousdale,1789,9,1772,9,17,0,1872,10,5800,31,7672,41,1,9,2,48,6,1732,0,29,10
10-28-20,Unicoi,478,24,422,23,56,1,488,22,7757,75,8245,97,0,3,17,125,7,350,0,29,6
10-28-20,Union,552,2,502,2,50,0,573,2,5927,36,6500,38,0,3,-5,55,7,494,0,22,4
10-28-20,Van Buren,213,3,195,3,18,0,232,3,2791,24,3023,27,0,2,-1,10,4,201,0,8,2
10-28-20,Warren,1519,35,1398,32,121,3,1667,36,16724,128,18391,164,1,11,15,146,19,1362,1,25,12
10-28-20,Washington,3752,113,3622,105,130,8,4101,97,39926,296,44027,393,0,53,64,674,49,3025,2,158,67
10-28-20,Wayne,1619,9,1591,8,28,1,1751,9,6963,34,8714,43,0,7,7,69,2,1543,0,24,8
10-28-20,Weakley,1599,16,1435,11,164,5,1680,11,13218,79,14898,90,0,26,4,121,12,1452,0,38,27
10-28-20,White,1245,23,1144,19,101,4,1520,26,12880,70,14400,96,0,14,6,146,17,1085,0,67,15
10-28-20,Williamson,7376,103,7067,91,309,12,8302,99,87677,788,95979,887,0,56,5,671,98,6649,1,159,62
10-28-20,Wilson,4894,83,4778,79,116,4,5671,87,47715,445,53386,532,0,60,29,436,54,4398,3,155,61
10-27-20,Anderson,1742,29,1664,24,78,5,1940,25,31505,155,33445,180,1,14,10,192,18,1536,2,62,17
10-27-20,Bedford,1752,11,1652,7,100,4,2024,8,15972,44,17996,52,0,20,0,174,11,1558,2,64,22
10-27-20,Benton,424,1,404,1,20,0,451,3,5427,5,5878,8,0,9,0,26,1,389,0,19,10
10-27-20,Bledsoe,1035,3,1027,3,8,0,1080,1,9160,30,10240,31,0,4,1,116,2,915,0,21,4
10-27-20,Blount,3459,51,3348,46,111,5,3908,52,36156,206,40064,258,0,36,29,391,22,3032,2,149,41
10-27-20,Bradley,3673,19,3515,15,158,4,4239,17,30561,127,34800,144,0,23,-5,270,24,3380,2,220,24
10-27-20,Campbell,1072,31,917,14,155,17,1052,17,14520,49,15572,66,0,12,6,221,25,839,1,57,16
10-27-20,Cannon,436,3,410,3,26,0,499,3,4928,34,5427,37,0,2,-4,46,7,388,0,15,2
10-27-20,Carroll,1144,4,958,2,186,2,1192,2,12835,28,14027,30,0,26,0,67,4,1051,1,57,29
10-27-20,Carter,1627,24,1554,21,73,3,1745,21,19701,77,21446,98,0,34,10,201,14,1392,2,106,37
10-27-20,Cheatham,1077,14,1044,11,33,3,1247,12,13325,58,14572,70,1,12,7,112,6,953,1,36,12
10-27-20,Chester,736,1,609,1,127,0,814,2,6392,14,7206,16,1,15,-5,32,5,689,0,25,18
10-27-20,Claiborne,537,5,472,5,65,0,575,6,12350,40,12925,46,0,6,3,44,2,487,0,28,8
10-27-20,Clay,413,3,321,0,92,3,382,0,3454,5,3836,5,0,15,-5,43,8,355,0,14,17
10-27-20,Cocke,1110,22,970,13,140,9,1098,21,10189,110,11287,131,0,14,10,204,12,892,3,58,20
10-27-20,Coffee,1940,22,1672,9,268,13,2136,8,24231,125,26367,133,1,26,-7,230,28,1684,0,59,30
10-27-20,Crockett,890,16,674,2,216,14,826,0,4505,13,5331,13,0,20,-1,105,17,765,0,23,23
10-27-20,Cumberland,1654,27,1599,25,55,2,1981,26,27533,162,29514,188,0,27,12,156,15,1471,2,82,29
10-27-20,Davidson,32393,297,32106,289,287,8,40240,341,448455,5453,488695,5794,-2,341,55,2214,244,29838,11,1248,356
10-27-20,Decatur,668,6,526,2,142,4,701,1,7014,4,7715,5,0,11,2,48,4,609,0,24,11
10-27-20,Dekalb,721,8,681,7,40,1,860,11,9726,22,10586,33,0,17,1,71,7,633,0,31,20
10-27-20,Dickson,1728,20,1492,18,236,2,1992,19,17441,100,19433,119,0,19,3,193,17,1516,0,66,20
10-27-20,Dyer,2313,25,1973,12,340,13,2284,13,14438,35,16722,48,3,35,-42,299,64,1979,0,82,39
10-27-20,Fayette,1730,12,1668,11,62,1,2120,13,19356,98,21476,111,0,25,-6,179,18,1526,0,90,33
10-27-20,Fentress,930,4,824,2,106,2,1001,1,5695,13,6696,14,0,11,-4,74,8,845,0,41,13
10-27-20,Franklin,1322,10,1263,6,59,4,1593,8,18090,64,19683,72,2,22,-3,124,11,1176,0,61,25
10-27-20,Gibson,2194,14,1667,2,527,12,2277,2,18017,35,20294,37,5,49,-5,147,14,1998,0,67,51
10-27-20,Giles,983,5,958,5,25,0,1147,6,11599,104,12746,110,0,36,-8,114,13,833,1,56,37
10-27-20,Grainger,622,5,559,3,63,2,669,3,7621,22,8290,25,0,4,0,102,5,516,1,32,4
10-27-20,Greene,1829,11,1724,8,105,3,2028,9,20309,88,22337,97,2,54,-14,293,23,1482,1,100,54
10-27-20,Grundy,598,3,555,3,43,0,669,3,3547,15,4216,18,0,11,-4,63,7,524,0,41,14
10-27-20,Hamblen,2505,11,2272,7,233,4,2665,11,26857,50,29522,61,0,48,-9,197,20,2260,0,136,57
10-27-20,Hamilton,12011,120,11458,104,553,16,13411,111,163917,929,177328,1040,1,110,18,879,101,11022,5,465,117
10-27-20,Hancock,122,0,111,0,11,0,126,0,2207,2,2333,2,0,3,0,8,0,111,0,11,3
10-27-20,Hardeman,1917,8,1784,2,133,6,2136,2,16734,24,18870,26,0,33,-7,110,15,1774,0,78,33
10-27-20,Hardin,1417,7,1147,2,270,5,1477,2,14744,12,16221,14,2,22,-15,115,20,1280,1,37,24
10-27-20,Hawkins,1248,8,1194,7,54,1,1351,9,13069,90,14420,99,0,25,-7,150,15,1073,1,81,31
10-27-20,Haywood,1315,5,1215,0,100,5,1397,0,8214,6,9611,6,0,28,-3,100,8,1187,0,54,28
10-27-20,Henderson,1422,6,1138,3,284,3,1664,3,10397,13,12061,16,0,26,1,78,5,1318,0,52,27
10-27-20,Henry,810,6,784,3,26,3,951,4,11214,11,12165,15,1,12,-3,72,8,726,0,43,12
10-27-20,Hickman,809,8,749,6,60,2,945,6,8890,31,9835,37,0,15,0,71,8,723,0,23,15
10-27-20,Houston,424,1,376,0,48,1,450,3,3651,14,4101,17,0,17,-4,37,5,370,0,31,18
10-27-20,Humphreys,456,1,360,1,96,0,464,3,6627,21,7091,24,0,4,-4,52,5,400,0,18,5
10-27-20,Jackson,463,6,404,6,59,0,497,6,3026,12,3523,18,1,6,1,42,4,415,0,19,6
10-27-20,Jefferson,1575,12,1366,8,209,4,1622,10,20928,118,22550,128,1,22,-4,129,15,1424,2,83,25
10-27-20,Johnson,1179,9,1134,2,45,7,1216,2,8192,5,9408,7,0,7,-3,99,12,1073,0,33,9
10-27-20,Knox,13046,119,12445,112,601,7,13974,131,161433,812,175407,943,1,92,-6,1057,124,11897,3,481,100
10-27-20,Lake,982,1,973,1,9,0,1196,1,6912,9,8108,10,0,3,-2,19,3,960,0,8,4
10-27-20,Lauderdale,1461,8,1227,1,234,7,1444,1,13419,62,14863,63,0,17,-10,181,18,1263,0,65,17
10-27-20,Lawrence,1668,12,1625,9,43,3,1848,10,14075,36,15923,46,0,20,-11,233,23,1415,0,73,25
10-27-20,Lewis,424,2,420,2,4,0,460,0,5734,9,6194,9,0,5,-13,89,15,330,0,23,6
10-27-20,Lincoln,928,6,888,3,40,3,1059,4,9578,22,10637,26,0,3,-7,133,13,792,1,31,4
10-27-20,Loudon,1652,16,1593,15,59,1,1800,13,16664,67,18464,80,0,11,5,127,11,1514,1,53,13
10-27-20,Macon,1360,5,1285,3,75,2,1587,3,8943,14,10530,17,0,25,-3,81,8,1254,0,90,26
10-27-20,Madison,3863,39,2754,12,1109,27,3826,12,33513,100,37339,112,1,80,22,268,16,3515,1,215,92
10-27-20,Marion,810,8,792,8,18,0,957,10,8300,37,9257,47,1,10,-4,108,11,692,1,56,14
10-27-20,Marshall,1162,6,1146,6,16,0,1326,7,11796,174,13122,181,1,11,-8,130,13,1021,1,31,12
10-27-20,Maury,3414,27,3345,27,69,0,3802,21,33971,165,37773,186,0,38,-22,429,49,2947,2,116,42
10-27-20,McMinn,1691,20,1655,16,36,4,1922,15,21210,42,23132,57,0,37,-5,214,25,1440,1,87,42
10-27-20,McNairy,1141,9,910,3,231,6,1258,3,9439,27,10697,30,1,28,1,62,7,1051,0,45,32
10-27-20,Meigs,331,1,326,1,5,0,379,1,3910,18,4289,19,0,6,-6,50,7,275,0,19,8
10-27-20,Monroe,1497,24,1445,23,52,1,1671,24,13792,113,15463,137,1,29,-12,198,35,1270,1,91,33
10-27-20,Montgomery,4305,45,3967,27,338,18,4576,27,51182,232,55758,259,1,58,0,296,44,3951,2,156,66
10-27-20,Moore,275,3,240,2,35,1,297,1,2920,5,3217,6,0,2,1,30,2,243,0,6,2
10-27-20,Morgan,449,3,419,2,30,1,478,3,9366,33,9844,36,0,7,-1,41,4,401,0,12,6
10-27-20,Obion,1834,28,1619,15,215,13,1860,13,12523,66,14383,79,1,23,-7,181,34,1630,1,63,32
10-27-20,Out of State,3117,47,2975,41,142,6,3458,48,342945,1998,346403,2046,-2,34,10,345,39,2738,0,106,22
10-27-20,Overton,1238,9,1036,7,202,2,1261,10,8839,21,10100,31,1,18,-9,119,17,1101,0,49,27
10-27-20,Pending,1749,55,1525,41,224,14,1815,48,213780,1032,215595,1080,1,6,16,393,38,1350,1,32,6
10-27-20,Perry,327,2,302,2,25,0,342,0,4150,3,4492,3,3,5,-3,137,2,185,0,19,6
10-27-20,Pickett,278,2,204,0,74,2,255,0,1539,2,1794,2,1,9,-3,25,4,244,0,15,10
10-27-20,Polk,529,4,504,3,25,1,595,4,4602,13,5197,17,0,13,1,48,3,468,0,25,13
10-27-20,Putnam,4523,42,4085,36,438,6,5159,42,37832,242,42991,284,0,57,-10,412,52,4054,0,143,64
10-27-20,Rhea,1140,8,1124,6,16,2,1342,8,13388,31,14730,39,0,18,-3,108,11,1014,1,45,22
10-27-20,Roane,1366,23,1306,23,60,0,1532,25,22401,102,23933,127,0,7,8,194,15,1165,0,47,10
10-27-20,Robertson,2652,20,2599,19,53,1,3143,19,21536,113,24679,132,2,44,2,144,16,2464,1,191,43
10-27-20,Rutherford,12200,145,11976,138,224,7,14538,163,106375,742,120913,905,0,115,39,1000,106,11085,4,330,117
10-27-20,Scott,394,2,354,1,40,1,394,1,5618,35,6012,36,0,5,-6,62,8,327,0,23,5
10-27-20,Sequatchie,359,3,354,3,5,0,396,3,6253,14,6649,17,0,2,-3,37,6,320,0,16,3
10-27-20,Sevier,3439,52,3311,47,128,5,3759,51,31375,144,35134,195,0,23,14,297,38,3119,1,125,24
10-27-20,Shelby,37058,260,36424,245,634,15,45530,288,452583,3003,498113,3291,3,568,-4,2591,261,33899,8,2340,605
10-27-20,Smith,1021,4,974,2,47,2,1268,4,6921,13,8189,17,1,14,-3,56,6,951,1,36,13
10-27-20,Stewart,333,2,308,1,25,1,368,2,3640,16,4008,18,0,11,0,20,2,302,0,13,13
10-27-20,Sullivan,3920,93,3700,89,220,4,4107,93,39526,404,43633,497,2,48,20,757,71,3115,12,278,55
10-27-20,Sumner,6273,67,6203,66,70,1,7343,75,57670,298,65013,373,0,112,6,580,61,5581,6,458,120
10-27-20,Tipton,2423,30,2127,15,296,15,2703,12,25812,113,28515,125,0,23,8,230,22,2170,0,107,25
10-27-20,Trousdale,1780,2,1763,2,17,0,1862,2,5769,13,7631,15,0,8,-2,46,4,1726,0,29,10
10-27-20,Unicoi,454,19,399,5,55,14,466,4,7682,25,8148,29,0,3,13,108,6,343,1,29,6
10-27-20,Union,550,4,500,2,50,2,571,2,5891,17,6462,19,0,3,-5,60,9,487,0,22,3
10-27-20,Van Buren,210,0,192,0,18,0,229,0,2767,5,2996,5,1,2,-5,11,4,197,0,8,2
10-27-20,Warren,1484,12,1366,10,118,2,1631,11,16596,96,18227,107,0,10,-20,131,32,1343,0,24,12
10-27-20,Washington,3639,55,3517,50,122,5,4004,55,39630,245,43634,300,2,53,0,610,53,2976,1,156,64
10-27-20,Wayne,1610,1,1583,1,27,0,1742,1,6929,22,8671,23,0,7,0,62,1,1541,0,24,8
10-27-20,Weakley,1583,9,1424,5,159,4,1669,4,13139,46,14808,50,0,26,-12,117,21,1440,0,38,27
10-27-20,White,1222,26,1125,24,97,2,1494,28,12810,81,14304,109,0,14,16,140,10,1068,5,67,15
10-27-20,Williamson,7273,82,6976,78,297,4,8203,87,86889,506,95092,593,0,56,-3,666,85,6551,1,158,62
10-27-20,Wilson,4811,70,4699,68,112,2,5584,74,47270,437,52854,511,1,60,13,407,56,4344,2,152,60
10-26-20,Anderson,1713,16,1640,15,73,1,1915,17,31350,136,33265,153,-1,13,-11,182,28,1518,1,60,17
10-26-20,Bedford,1741,11,1645,10,96,1,2016,12,15928,32,17944,44,0,20,-10,174,21,1547,0,62,22
10-26-20,Benton,423,5,403,4,20,1,448,5,5422,7,5870,12,0,9,-1,26,6,388,0,19,9
10-26-20,Bledsoe,1032,0,1024,0,8,0,1079,0,9130,27,10209,27,0,4,-7,115,7,913,0,21,4
10-26-20,Blount,3408,15,3302,11,106,4,3856,16,35950,239,39806,255,0,36,-22,362,37,3010,0,147,40
10-26-20,Bradley,3654,17,3500,12,154,5,4222,13,30434,36,34656,49,0,23,-23,275,40,3356,0,218,24
10-26-20,Campbell,1041,5,903,4,138,1,1035,6,14471,22,15506,28,0,12,-27,215,32,814,0,56,15
10-26-20,Cannon,433,6,407,3,26,3,496,4,4894,9,5390,13,0,2,1,50,5,381,0,15,2
10-26-20,Carroll,1140,2,956,2,184,0,1190,3,12807,22,13997,25,0,26,-7,67,9,1047,0,56,29
10-26-20,Carter,1603,11,1533,9,70,2,1724,8,19624,47,21348,55,1,34,-13,191,23,1378,0,104,36
10-26-20,Cheatham,1063,2,1033,2,30,0,1235,5,13267,46,14502,51,0,11,-15,105,17,947,0,35,12
10-26-20,Chester,735,2,608,2,127,0,812,2,6378,8,7190,10,0,14,0,37,2,684,0,25,18
10-26-20,Claiborne,532,4,467,0,65,4,569,0,12310,15,12879,15,0,6,1,41,3,485,0,28,7
10-26-20,Clay,410,3,321,3,89,0,382,3,3449,15,3831,18,2,15,-17,48,18,347,1,14,17
10-26-20,Cocke,1088,11,957,10,131,1,1077,10,10079,67,11156,77,0,14,-2,194,13,880,0,55,18
10-26-20,Coffee,1918,17,1663,9,255,8,2128,11,24106,25,26234,36,0,25,-18,237,35,1656,0,59,30
10-26-20,Crockett,874,5,672,2,202,3,826,2,4492,10,5318,12,0,20,-19,106,24,748,0,23,23
10-26-20,Cumberland,1627,11,1574,11,53,0,1955,15,27371,123,29326,138,2,27,-2,144,11,1456,0,80,28
10-26-20,Davidson,32096,133,31817,130,279,3,39899,139,443002,1508,482901,1647,6,343,-90,2159,217,29594,1,1237,355
10-26-20,Decatur,662,2,524,2,138,0,700,2,7010,9,7710,11,0,11,-6,46,8,605,0,24,11
10-26-20,Dekalb,713,16,674,16,39,0,849,19,9704,43,10553,62,0,17,6,70,10,626,0,31,19
10-26-20,Dickson,1708,18,1474,10,234,8,1973,11,17341,63,19314,74,0,19,-4,190,22,1499,0,66,20
10-26-20,Dyer,2288,34,1961,30,327,4,2271,29,14403,89,16674,118,0,32,-7,341,41,1915,1,82,39
10-26-20,Fayette,1718,19,1657,19,61,0,2107,24,19258,114,21365,138,0,25,-17,185,36,1508,0,90,33
10-26-20,Fentress,926,6,822,6,104,0,1000,7,5682,30,6682,37,0,11,-17,78,23,837,0,41,13
10-26-20,Franklin,1312,1,1257,1,55,0,1585,4,18026,15,19611,19,1,20,-15,127,15,1165,0,61,24
10-26-20,Gibson,2180,14,1665,9,515,5,2275,9,17982,41,20257,50,0,44,-4,152,18,1984,0,67,50
10-26-20,Giles,978,6,953,4,25,2,1141,6,11495,25,12636,31,0,36,-16,122,22,820,0,55,37
10-26-20,Grainger,617,5,556,5,61,0,666,5,7599,37,8265,42,0,4,-6,102,11,511,1,31,4
10-26-20,Greene,1818,15,1716,13,102,2,2019,14,20221,65,22240,79,0,52,-14,307,29,1459,1,99,54
10-26-20,Grundy,595,6,552,6,43,0,666,6,3532,16,4198,22,0,11,-8,67,14,517,0,41,14
10-26-20,Hamblen,2494,19,2265,18,229,1,2654,20,26807,123,29461,143,0,48,-2,206,21,2240,0,136,57
10-26-20,Hamilton,11891,72,11354,62,537,10,13300,66,162988,498,176288,564,0,109,-23,861,95,10921,2,460,114
10-26-20,Hancock,122,0,111,0,11,0,126,0,2205,1,2331,1,0,3,0,8,0,111,0,11,3
10-26-20,Hardeman,1909,7,1782,4,127,3,2134,6,16710,73,18844,79,0,33,-12,117,19,1759,0,78,33
10-26-20,Hardin,1410,11,1145,8,265,3,1475,10,14732,26,16207,36,0,20,-12,130,23,1260,1,36,24
10-26-20,Hawkins,1240,10,1187,9,53,1,1342,8,12979,36,14321,44,0,25,-13,157,23,1058,1,80,31
10-26-20,Haywood,1310,12,1215,10,95,2,1397,9,8208,37,9605,46,1,28,3,103,8,1179,1,54,28
10-26-20,Henderson,1416,4,1135,3,281,1,1661,4,10384,26,12045,30,0,26,-2,77,6,1313,0,52,27
10-26-20,Henry,804,7,781,7,23,0,947,10,11203,38,12150,48,0,11,-10,75,17,718,1,43,12
10-26-20,Hickman,801,3,743,3,58,0,939,5,8859,11,9798,16,0,15,-4,71,7,715,0,23,15
10-26-20,Houston,423,4,376,2,47,2,447,1,3637,2,4084,3,0,17,-2,41,6,365,1,31,18
10-26-20,Humphreys,455,6,359,5,96,1,461,7,6606,19,7067,26,0,4,-4,56,10,395,1,18,5
10-26-20,Jackson,457,4,398,4,59,0,491,4,3014,22,3505,26,0,5,-1,41,5,411,0,19,6
10-26-20,Jefferson,1563,10,1358,10,205,0,1612,11,20810,95,22422,106,0,21,-13,133,23,1409,0,81,25
10-26-20,Johnson,1170,1,1132,1,38,0,1214,1,8187,15,9401,16,0,7,-7,102,8,1061,0,33,9
10-26-20,Knox,12927,82,12333,75,594,7,13843,74,160621,369,174464,443,2,91,-70,1063,150,11773,1,478,98
10-26-20,Lake,981,1,972,1,9,0,1195,1,6903,8,8098,9,0,3,-5,21,6,957,0,8,4
10-26-20,Lauderdale,1453,14,1226,11,227,3,1443,12,13357,46,14800,58,0,17,-14,191,28,1245,0,65,17
10-26-20,Lawrence,1656,15,1616,6,40,9,1838,4,14039,33,15877,37,0,20,-24,244,39,1392,1,73,25
10-26-20,Lewis,422,8,418,7,4,1,460,7,5725,14,6185,21,2,5,-4,102,10,315,1,23,6
10-26-20,Lincoln,922,10,885,8,37,2,1055,9,9556,22,10611,31,0,3,-3,140,13,779,1,30,3
10-26-20,Loudon,1636,7,1578,7,58,0,1787,10,16597,84,18384,94,0,11,-17,122,24,1503,0,52,13
10-26-20,Macon,1355,10,1282,10,73,0,1584,12,8929,53,10513,65,0,25,-1,84,11,1246,0,90,26
10-26-20,Madison,3824,29,2742,17,1082,12,3814,12,33413,39,37227,51,0,79,-16,246,45,3499,1,214,88
10-26-20,Marion,802,4,784,3,18,1,947,4,8263,24,9210,28,0,9,-16,112,20,681,0,55,13
10-26-20,Marshall,1156,5,1140,5,16,0,1319,4,11622,29,12941,33,0,10,-13,138,18,1008,0,30,11
10-26-20,Maury,3387,22,3318,22,69,0,3781,21,33806,123,37587,144,1,38,-41,451,62,2898,0,114,41
10-26-20,McMinn,1671,5,1639,4,32,1,1907,4,21168,44,23075,48,1,37,-28,219,32,1415,1,86,41
10-26-20,McNairy,1132,8,907,4,225,4,1255,5,9412,25,10667,30,0,27,-1,61,9,1044,0,45,32
10-26-20,Meigs,330,1,325,0,5,1,378,2,3892,9,4270,11,0,6,-3,56,4,268,1,19,7
10-26-20,Monroe,1473,6,1422,6,51,0,1647,7,13679,48,15326,55,0,28,-20,210,26,1235,0,90,33
10-26-20,Montgomery,4260,24,3940,11,320,13,4549,10,50950,96,55499,106,1,57,-58,296,81,3907,0,154,65
10-26-20,Moore,272,1,238,0,34,1,296,0,2915,2,3211,2,0,2,-6,29,7,241,0,6,2
10-26-20,Morgan,446,1,417,1,29,0,475,1,9333,20,9808,21,0,7,-6,42,7,397,0,12,6
10-26-20,Obion,1806,10,1604,6,202,4,1847,6,12457,36,14304,42,0,22,-11,188,21,1596,0,62,31
10-26-20,Out of State,3070,7,2934,6,136,1,3410,8,340947,811,344357,819,1,36,-41,335,47,2699,2,106,22
10-26-20,Overton,1229,4,1029,4,200,0,1251,5,8818,39,10069,44,0,17,-18,128,22,1084,0,49,27
10-26-20,Pending,1694,13,1484,8,210,5,1767,9,212748,433,214515,442,2,5,-34,377,45,1312,0,31,6
10-26-20,Perry,325,29,300,29,25,0,342,44,4147,19,4489,63,0,2,25,140,4,183,6,19,6
10-26-20,Pickett,276,0,204,0,72,0,255,1,1537,3,1792,4,1,8,-14,28,13,240,0,15,10
10-26-20,Polk,525,9,501,5,24,4,591,5,4589,6,5180,11,0,13,7,47,2,465,1,25,13
10-26-20,Putnam,4481,39,4049,38,432,1,5117,41,37590,230,42707,271,1,57,-27,422,65,4002,1,143,63
10-26-20,Rhea,1132,4,1118,4,14,0,1334,3,13357,24,14691,27,0,18,-13,111,17,1003,0,44,21
10-26-20,Roane,1343,26,1283,24,60,2,1507,25,22299,89,23806,114,0,7,8,186,18,1150,0,47,10
10-26-20,Robertson,2632,7,2580,4,52,3,3124,5,21423,113,24547,118,1,42,-17,142,23,2448,0,190,43
10-26-20,Rutherford,12055,88,11838,75,217,13,14375,83,105633,347,120008,430,1,115,-37,961,124,10979,1,326,116
10-26-20,Scott,392,7,353,5,39,2,393,6,5583,44,5976,50,0,5,-6,68,13,319,0,23,5
10-26-20,Sequatchie,356,3,351,3,5,0,393,4,6239,9,6632,13,0,2,-9,40,12,314,2,16,3
10-26-20,Sevier,3387,26,3264,24,123,2,3708,27,31231,178,34939,205,1,23,-6,283,31,3081,1,124,24
10-26-20,Shelby,36798,155,36179,154,619,1,45242,164,449580,976,494822,1140,3,565,-109,2595,261,33638,2,2332,602
10-26-20,Smith,1017,9,972,9,45,0,1264,12,6908,45,8172,57,0,13,-11,59,20,945,0,35,13
10-26-20,Stewart,331,0,307,0,24,0,366,0,3624,4,3990,4,0,11,-3,20,3,300,0,13,13
10-26-20,Sullivan,3827,32,3611,30,216,2,4014,29,39122,172,43136,201,0,46,-52,737,84,3044,1,266,51
10-26-20,Sumner,6206,45,6137,44,69,1,7268,48,57372,231,64640,279,2,112,-12,574,55,5520,3,452,119
10-26-20,Tipton,2393,20,2112,17,281,3,2691,19,25699,121,28390,140,0,23,-7,222,27,2148,1,107,25
10-26-20,Trousdale,1778,0,1761,0,17,0,1860,0,5756,10,7616,10,0,8,-9,48,9,1722,0,29,10
10-26-20,Unicoi,435,4,394,2,41,2,462,3,7657,8,8119,11,0,3,-10,95,14,337,1,28,6
10-26-20,Union,546,2,498,2,48,0,569,3,5874,9,6443,12,0,3,-3,65,5,478,0,22,3
10-26-20,Van Buren,210,3,192,3,18,0,229,3,2762,12,2991,15,0,1,-2,16,5,193,0,8,2
10-26-20,Warren,1472,13,1356,13,116,0,1620,16,16500,105,18120,121,0,10,-16,151,29,1311,0,24,12
10-26-20,Washington,3584,26,3467,25,117,1,3949,19,39385,74,43334,93,0,51,-31,610,57,2923,2,155,60
10-26-20,Wayne,1609,2,1582,2,27,0,1741,5,6907,40,8648,45,0,7,-4,62,6,1540,0,24,8
10-26-20,Weakley,1574,8,1419,6,155,2,1665,6,13093,32,14758,38,0,26,-4,129,12,1419,0,38,27
10-26-20,White,1196,10,1101,10,95,0,1466,13,12729,64,14195,77,0,14,-8,124,18,1058,0,62,15
10-26-20,Williamson,7191,31,6898,30,293,1,8116,33,86383,312,94499,345,0,56,-53,669,84,6466,0,157,60
10-26-20,Wilson,4741,34,4631,33,110,1,5510,35,46833,163,52343,198,0,59,-15,394,49,4288,0,150,60
10-25-20,Anderson,1697,17,1625,16,72,1,1898,19,31214,201,33112,220,0,14,0,193,17,1490,4,59,17
10-25-20,Bedford,1730,43,1635,37,95,6,2004,43,15896,192,17900,235,0,20,30,184,13,1526,0,62,22
10-25-20,Benton,418,2,399,1,19,1,443,1,5415,45,5858,46,0,9,-3,27,5,382,0,19,9
10-25-20,Bledsoe,1032,11,1024,11,8,0,1079,12,9103,72,10182,84,0,4,11,122,0,906,0,21,4
10-25-20,Blount,3393,45,3291,44,102,1,3840,52,35711,280,39551,332,0,36,22,384,23,2973,4,147,40
10-25-20,Bradley,3637,33,3488,33,149,0,4209,43,30398,327,34607,370,0,23,18,298,15,3316,1,218,23
10-25-20,Campbell,1036,14,899,11,137,3,1029,14,14449,213,15478,227,1,12,0,242,13,782,2,56,14
10-25-20,Cannon,427,6,404,6,23,0,492,8,4885,45,5377,53,0,2,4,49,2,376,1,15,2
10-25-20,Carroll,1138,7,954,3,184,4,1187,5,12785,54,13972,59,1,26,4,74,2,1038,0,56,29
10-25-20,Carter,1592,41,1524,41,68,0,1716,47,19577,236,21293,283,1,33,29,204,11,1355,2,104,36
10-25-20,Cheatham,1061,15,1031,15,30,0,1230,16,13221,140,14451,156,0,11,7,120,8,930,0,35,12
10-25-20,Chester,733,5,606,5,127,0,810,5,6370,52,7180,57,0,14,-1,37,6,682,0,25,18
10-25-20,Claiborne,528,3,467,2,61,1,569,2,12295,55,12864,57,0,6,-1,40,4,482,0,28,7
10-25-20,Clay,407,2,318,0,89,2,379,0,3434,15,3813,15,0,13,-3,65,5,329,0,13,16
10-25-20,Cocke,1077,23,947,20,130,3,1067,19,10012,103,11079,122,0,14,22,196,1,867,0,55,18
10-25-20,Coffee,1901,35,1654,32,247,3,2117,37,24081,298,26198,335,2,25,14,255,19,1621,0,59,30
10-25-20,Crockett,869,6,670,2,199,4,824,3,4482,31,5306,34,0,20,-5,125,11,724,0,23,23
10-25-20,Cumberland,1616,2,1563,1,53,1,1940,4,27248,100,29188,104,0,25,-15,146,17,1445,0,80,28
10-25-20,Davidson,31963,290,31687,288,276,2,39760,376,441494,4953,481254,5329,1,337,134,2249,155,29377,10,1236,355
10-25-20,Decatur,660,1,522,1,138,0,698,3,7001,17,7699,20,0,11,-3,52,4,597,0,24,11
10-25-20,Dekalb,697,6,658,6,39,0,830,7,9661,52,10491,59,0,17,0,64,6,616,0,31,19
10-25-20,Dickson,1690,21,1464,21,226,0,1962,21,17278,151,19240,172,0,19,-1,194,22,1477,0,66,19
10-25-20,Dyer,2254,13,1931,10,323,3,2242,12,14314,130,16556,142,2,32,-2,348,13,1874,1,81,38
10-25-20,Fayette,1699,16,1638,16,61,0,2083,17,19144,274,21227,291,2,25,-2,202,16,1472,0,90,33
10-25-20,Fentress,920,5,816,5,104,0,993,6,5652,82,6645,88,0,11,-3,95,8,814,1,41,12
10-25-20,Franklin,1311,17,1256,17,55,0,1581,21,18011,173,19592,194,0,19,12,142,5,1150,2,61,24
10-25-20,Gibson,2166,15,1656,11,510,4,2266,12,17941,84,20207,96,1,44,3,156,11,1966,0,67,48
10-25-20,Giles,972,17,949,17,23,0,1135,19,11470,154,12605,173,1,36,6,138,10,798,0,55,37
10-25-20,Grainger,612,2,551,1,61,1,661,1,7562,39,8223,40,0,4,-1,108,3,500,0,30,4
10-25-20,Greene,1803,82,1703,79,100,3,2005,87,20156,333,22161,420,1,52,67,321,14,1430,1,98,53
10-25-20,Grundy,589,6,546,6,43,0,660,6,3516,81,4176,87,0,11,2,75,4,503,1,41,14
10-25-20,Hamblen,2475,15,2247,7,228,8,2634,12,26684,106,29318,118,0,48,5,208,10,2219,0,136,54
10-25-20,Hamilton,11819,120,11292,117,527,3,13234,143,162490,1493,175724,1636,1,109,56,884,63,10826,2,458,113
10-25-20,Hancock,122,2,111,2,11,0,126,1,2204,10,2330,11,0,3,2,8,0,111,0,11,3
10-25-20,Hardeman,1902,14,1778,11,124,3,2128,12,16637,193,18765,205,0,33,9,129,5,1740,0,78,33
10-25-20,Hardin,1399,13,1137,13,262,0,1465,13,14706,60,16171,73,1,20,0,142,12,1237,0,35,24
10-25-20,Hawkins,1230,16,1178,14,52,2,1334,14,12943,119,14277,133,0,25,4,170,12,1035,1,79,29
10-25-20,Haywood,1298,6,1205,4,93,2,1388,5,8171,102,9559,107,0,27,4,100,2,1171,0,53,28
10-25-20,Henderson,1412,13,1132,12,280,1,1657,13,10358,78,12015,91,0,26,6,79,7,1307,1,52,27
10-25-20,Henry,797,8,774,8,23,0,937,9,11165,49,12102,58,1,11,3,85,4,701,0,42,12
10-25-20,Hickman,798,10,740,10,58,0,934,10,8848,57,9782,67,0,15,7,75,3,708,0,23,15
10-25-20,Houston,419,6,374,6,45,0,446,6,3635,124,4081,130,0,17,6,43,0,359,0,30,18
10-25-20,Humphreys,449,5,354,5,95,0,454,5,6587,53,7041,58,0,4,-4,60,9,385,0,17,5
10-25-20,Jackson,453,3,394,3,59,0,487,4,2992,28,3479,32,0,5,-1,42,4,406,0,19,6
10-25-20,Jefferson,1553,14,1348,13,205,1,1601,15,20715,110,22316,125,1,21,9,146,4,1386,1,81,24
10-25-20,Johnson,1169,16,1131,10,38,6,1213,10,8172,144,9385,154,0,7,16,109,0,1053,0,33,9
10-25-20,Knox,12845,132,12258,121,587,11,13769,151,160252,1361,174021,1512,0,89,53,1133,79,11623,3,477,98
10-25-20,Lake,980,2,971,2,9,0,1194,2,6895,20,8089,22,0,3,1,26,1,951,0,8,4
10-25-20,Lauderdale,1439,10,1215,8,224,2,1431,8,13311,124,14742,132,0,17,-1,205,11,1217,0,65,17
10-25-20,Lawrence,1641,35,1610,34,31,1,1834,41,14006,261,15840,302,1,20,15,268,19,1353,0,72,23
10-25-20,Lewis,414,26,411,26,3,0,453,29,5711,117,6164,146,1,3,22,106,3,305,0,22,6
10-25-20,Lincoln,912,21,877,21,35,0,1046,20,9534,120,10580,140,0,3,15,143,6,766,0,29,3
10-25-20,Loudon,1629,19,1571,17,58,2,1777,20,16513,130,18290,150,0,11,9,139,10,1479,2,52,13
10-25-20,Macon,1345,3,1272,3,73,0,1572,3,8876,47,10448,50,0,25,-5,85,8,1235,0,90,26
10-25-20,Madison,3795,43,2725,26,1070,17,3802,30,33374,356,37176,386,0,79,21,262,22,3454,0,213,88
10-25-20,Marion,798,16,781,16,17,0,943,17,8239,154,9182,171,0,9,10,128,6,661,0,55,12
10-25-20,Marshall,1151,20,1135,20,16,0,1315,22,11593,189,12908,211,1,10,4,151,15,990,0,30,11
10-25-20,Maury,3365,129,3296,110,69,19,3760,121,33683,774,37443,895,0,37,111,492,18,2836,2,114,41
10-25-20,McMinn,1666,26,1635,26,31,0,1903,32,21124,324,23027,356,1,36,12,247,13,1383,0,85,41
10-25-20,McNairy,1124,5,903,5,221,0,1250,4,9387,63,10637,67,0,27,1,62,4,1035,0,45,32
10-25-20,Meigs,329,5,325,5,4,0,376,6,3883,48,4259,54,0,6,3,59,2,264,0,18,6
10-25-20,Monroe,1467,16,1416,16,51,0,1640,20,13631,141,15271,161,0,28,8,230,8,1209,0,90,32
10-25-20,Montgomery,4236,69,3929,62,307,7,4539,67,50854,564,55393,631,1,56,30,354,38,3826,5,154,65
10-25-20,Moore,271,2,238,2,33,0,296,3,2913,22,3209,25,0,2,-1,35,3,234,0,6,2
10-25-20,Morgan,445,1,416,1,29,0,474,2,9313,43,9787,45,0,7,-4,48,5,390,0,12,6
10-25-20,Obion,1796,19,1598,16,198,3,1841,18,12421,84,14262,102,1,22,9,199,9,1575,1,62,31
10-25-20,Out of State,3063,43,2928,40,135,3,3402,48,340136,2797,343538,2845,0,35,26,376,17,2652,0,104,22
10-25-20,Overton,1225,3,1025,2,200,1,1246,3,8779,56,10025,59,1,17,-10,146,12,1062,0,49,25
10-25-20,Pending,1681,49,1476,43,205,6,1758,52,212315,1705,214073,1757,-6,3,39,411,16,1267,1,31,5
10-25-20,Perry,296,6,271,6,25,0,298,9,4128,45,4426,54,0,2,4,115,2,179,1,13,5
10-25-20,Pickett,276,1,204,1,72,0,254,2,1534,41,1788,43,0,7,0,42,1,227,0,15,10
10-25-20,Polk,516,5,496,5,20,0,586,7,4583,60,5169,67,0,13,1,40,4,463,0,24,13
10-25-20,Putnam,4442,22,4011,18,431,4,5076,18,37360,257,42436,275,0,56,-5,449,27,3937,0,142,62
10-25-20,Rhea,1128,18,1114,18,14,0,1331,29,13333,216,14664,245,1,18,12,124,5,986,0,44,21
10-25-20,Roane,1317,21,1259,18,58,3,1482,19,22210,208,23692,227,0,7,11,178,10,1132,1,47,10
10-25-20,Robertson,2625,23,2576,23,49,0,3119,28,21310,194,24429,222,0,41,12,159,11,2425,1,190,43
10-25-20,Rutherford,11967,182,11763,175,204,7,14292,213,105286,1346,119578,1559,2,114,110,998,70,10855,2,325,116
10-25-20,Scott,385,6,348,6,37,0,387,6,5539,50,5926,56,0,5,-1,74,7,306,0,23,5
10-25-20,Sequatchie,353,11,348,11,5,0,389,13,6230,83,6619,96,0,2,6,49,5,302,1,14,3
10-25-20,Sevier,3361,21,3240,19,121,2,3681,24,31053,193,34734,217,1,22,-13,289,33,3050,0,123,24
10-25-20,Shelby,36643,485,36025,470,618,15,45078,578,448604,4690,493682,5268,0,562,371,2704,114,33377,10,2330,599
10-25-20,Smith,1008,4,963,4,45,0,1252,4,6863,29,8115,33,0,13,-4,70,8,925,0,35,13
10-25-20,Stewart,331,11,307,11,24,0,366,12,3620,46,3986,58,1,11,6,23,4,297,0,13,13
10-25-20,Sullivan,3795,62,3581,62,214,0,3985,98,38950,443,42935,541,0,46,7,789,55,2960,1,265,51
10-25-20,Sumner,6161,98,6093,97,68,1,7220,117,57141,598,64361,715,1,110,58,586,39,5465,6,449,119
10-25-20,Tipton,2373,25,2095,23,278,2,2672,31,25578,217,28250,248,1,23,9,229,15,2121,0,106,25
10-25-20,Trousdale,1778,1,1761,1,17,0,1860,1,5746,24,7606,25,1,8,-2,57,2,1713,0,29,9
10-25-20,Unicoi,431,20,392,17,39,3,459,17,7649,80,8108,97,0,3,16,105,4,323,3,27,6
10-25-20,Union,544,3,496,2,48,1,566,3,5865,45,6431,48,0,3,1,68,2,473,0,22,3
10-25-20,Van Buren,207,0,189,0,18,0,226,0,2750,12,2976,12,0,1,-1,18,1,188,0,8,2
10-25-20,Warren,1459,10,1343,10,116,0,1604,11,16395,112,17999,123,0,10,-1,167,11,1282,1,24,12
10-25-20,Washington,3558,105,3442,104,116,1,3930,108,39311,520,43241,628,1,51,70,641,34,2866,3,153,59
10-25-20,Wayne,1607,11,1580,10,27,1,1736,10,6867,68,8603,78,0,7,10,66,1,1534,0,24,8
10-25-20,Weakley,1566,17,1413,16,153,1,1659,19,13061,54,14720,73,1,26,12,133,4,1407,0,38,27
10-25-20,White,1186,11,1091,11,95,0,1453,12,12665,82,14118,94,0,14,0,132,11,1040,0,62,15
10-25-20,Williamson,7160,104,6868,98,292,6,8083,116,86071,923,94154,1039,0,56,55,722,49,6382,2,157,60
10-25-20,Wilson,4707,46,4598,46,109,0,5475,64,46670,436,52145,500,3,59,7,409,36,4239,1,150,60
10-24-20,Anderson,1680,30,1609,29,71,1,1879,31,31013,373,32892,404,0,14,17,193,13,1473,2,55,17
10-24-20,Bedford,1687,37,1598,37,89,0,1961,43,15704,228,17665,271,0,20,24,154,13,1513,0,62,21
10-24-20,Benton,416,0,398,0,18,0,442,0,5370,19,5812,19,0,9,-1,30,1,377,0,19,9
10-24-20,Bledsoe,1021,8,1013,8,8,0,1067,9,9031,53,10098,62,0,4,5,111,3,906,0,21,4
10-24-20,Blount,3348,50,3247,49,101,1,3788,58,35431,460,39219,518,2,36,19,362,29,2950,2,143,39
10-24-20,Bradley,3604,55,3455,53,149,2,4166,65,30071,276,34237,341,0,23,32,280,23,3301,2,217,23
10-24-20,Campbell,1022,19,888,19,134,0,1015,21,14236,243,15251,264,2,11,-1,242,18,769,0,54,14
10-24-20,Cannon,421,6,398,5,23,1,484,5,4840,39,5324,44,0,2,0,45,6,374,1,14,2
10-24-20,Carroll,1131,9,951,7,180,2,1182,7,12731,78,13913,85,0,25,6,70,3,1036,0,56,28
10-24-20,Carter,1551,30,1483,30,68,0,1669,31,19341,209,21010,240,0,32,20,175,10,1344,3,102,35
10-24-20,Cheatham,1046,17,1016,16,30,1,1214,19,13081,164,14295,183,0,11,13,113,4,922,0,35,12
10-24-20,Chester,728,4,601,4,127,0,805,4,6318,28,7123,32,0,14,0,38,4,676,0,25,18
10-24-20,Claiborne,525,8,465,7,60,1,567,7,12240,54,12807,61,0,6,4,41,4,478,1,28,7
10-24-20,Clay,405,3,318,0,87,3,379,0,3419,27,3798,27,0,13,0,68,3,324,0,13,15
10-24-20,Cocke,1054,26,927,20,127,6,1048,21,9909,132,10957,153,2,14,17,174,7,866,0,55,18
10-24-20,Coffee,1866,29,1622,25,244,4,2080,29,23783,292,25863,321,0,23,17,241,12,1602,1,59,30
10-24-20,Crockett,863,15,668,7,195,8,821,8,4451,42,5272,50,0,20,3,130,12,713,0,23,23
10-24-20,Cumberland,1614,19,1562,18,52,1,1936,22,27148,162,29084,184,0,25,8,161,11,1428,1,80,28
10-24-20,Davidson,31673,418,31399,413,274,5,39384,496,436541,6237,475925,6733,3,336,260,2115,155,29222,3,1226,354
10-24-20,Decatur,659,8,521,6,138,2,695,6,6984,22,7679,28,0,11,4,55,4,593,0,24,11
10-24-20,Dekalb,691,12,652,9,39,3,823,13,9609,68,10432,81,0,17,7,64,5,610,0,31,19
10-24-20,Dickson,1669,43,1443,34,226,9,1941,38,17127,212,19068,250,0,19,30,195,13,1455,0,66,19
10-24-20,Dyer,2241,31,1921,16,320,15,2230,17,14184,130,16414,147,1,30,2,350,28,1861,0,80,36
10-24-20,Fayette,1683,19,1622,18,61,1,2066,27,18870,125,20936,152,1,23,5,204,13,1456,0,90,33
10-24-20,Fentress,915,11,811,11,104,0,987,12,5570,34,6557,46,1,11,3,98,7,806,0,40,12
10-24-20,Franklin,1294,16,1239,15,55,1,1560,19,17838,150,19398,169,2,19,3,130,11,1145,1,59,23
10-24-20,Gibson,2151,13,1645,6,506,7,2254,6,17857,66,20111,72,1,43,-4,153,16,1955,0,67,46
10-24-20,Giles,955,17,932,17,23,0,1116,23,11316,239,12432,262,0,35,7,132,10,788,0,55,37
10-24-20,Grainger,610,14,550,11,60,3,660,14,7523,84,8183,98,0,4,9,109,5,497,0,30,4
10-24-20,Greene,1721,51,1624,48,97,3,1918,52,19823,347,21741,399,0,51,26,254,25,1416,0,97,52
10-24-20,Grundy,583,6,540,6,43,0,654,7,3435,28,4089,35,0,11,-4,73,10,499,0,40,14
10-24-20,Hamblen,2460,31,2240,28,220,3,2622,30,26578,362,29200,392,0,48,15,203,16,2209,0,136,54
10-24-20,Hamilton,11699,167,11175,159,524,8,13091,186,160997,1819,174088,2005,3,108,87,828,77,10763,3,456,112
10-24-20,Hancock,120,3,109,3,11,0,125,3,2194,11,2319,14,0,3,2,6,1,111,0,11,3
10-24-20,Hardeman,1888,19,1767,14,121,5,2116,14,16444,239,18560,253,0,33,10,120,9,1735,1,78,33
10-24-20,Hardin,1386,9,1124,4,262,5,1452,5,14646,82,16098,87,0,19,3,142,6,1225,0,35,24
10-24-20,Hawkins,1214,26,1164,25,50,1,1320,31,12824,219,14144,250,1,25,7,166,18,1023,1,78,29
10-24-20,Haywood,1292,21,1201,18,91,3,1383,18,8069,67,9452,85,0,27,14,96,7,1169,1,53,28
10-24-20,Henderson,1399,7,1120,7,279,0,1644,7,10280,37,11924,44,1,26,2,73,4,1300,0,51,27
10-24-20,Henry,789,20,766,19,23,1,928,23,11116,51,12044,74,0,10,19,82,1,697,0,42,12
10-24-20,Hickman,788,9,730,8,58,1,924,10,8791,86,9715,96,0,15,7,68,2,705,0,23,15
10-24-20,Houston,413,10,368,10,45,0,440,11,3511,38,3951,49,0,17,5,37,5,359,0,30,18
10-24-20,Humphreys,444,12,349,7,95,5,449,9,6534,48,6983,57,0,4,-1,64,13,376,0,17,5
10-24-20,Jackson,450,3,391,2,59,1,483,2,2964,11,3447,13,0,5,1,43,2,402,0,19,6
10-24-20,Jefferson,1539,15,1335,15,204,0,1586,16,20605,236,22191,252,0,20,5,137,10,1382,1,80,24
10-24-20,Johnson,1153,18,1121,9,32,9,1203,14,8028,93,9231,107,0,7,15,93,3,1053,0,33,9
10-24-20,Knox,12713,174,12137,169,576,5,13618,200,158891,1773,172509,1973,0,89,59,1080,115,11544,5,474,97
10-24-20,Lake,978,1,969,1,9,0,1192,2,6875,23,8067,25,0,3,0,25,1,950,0,8,4
10-24-20,Lauderdale,1429,22,1207,13,222,9,1423,13,13187,63,14610,76,0,17,7,206,15,1206,0,65,17
10-24-20,Lawrence,1606,32,1576,31,30,1,1793,39,13745,204,15538,243,1,19,5,253,26,1334,2,72,23
10-24-20,Lewis,388,9,385,9,3,0,424,10,5594,57,6018,67,0,2,0,84,9,302,0,22,6
10-24-20,Lincoln,891,29,856,27,35,2,1026,30,9414,115,10440,145,0,3,21,128,8,760,1,29,3
10-24-20,Loudon,1610,21,1554,17,56,4,1757,27,16383,148,18140,175,0,11,14,130,7,1469,1,50,13
10-24-20,Macon,1342,22,1269,18,73,4,1569,21,8829,128,10398,149,0,25,17,90,5,1227,0,90,26
10-24-20,Madison,3752,37,2699,20,1053,17,3772,19,33018,209,36790,228,-1,79,17,241,21,3432,1,213,87
10-24-20,Marion,782,22,765,21,17,1,926,25,8085,211,9011,236,0,9,15,118,7,655,2,55,12
10-24-20,Marshall,1131,21,1115,21,16,0,1293,29,11404,226,12697,255,0,9,13,147,8,975,0,30,11
10-24-20,Maury,3236,32,3186,31,50,1,3639,39,32909,299,36548,338,0,37,6,381,26,2818,1,112,40
10-24-20,McMinn,1640,32,1609,32,31,0,1871,37,20800,241,22671,278,1,35,9,235,22,1370,3,85,40
10-24-20,McNairy,1119,8,898,4,221,4,1246,6,9324,65,10570,71,0,27,3,61,5,1031,0,45,32
10-24-20,Meigs,324,15,320,15,4,0,370,17,3835,80,4205,97,0,6,13,56,2,262,1,18,6
10-24-20,Monroe,1451,31,1400,30,51,1,1620,35,13490,190,15110,225,0,28,22,222,9,1201,2,90,32
10-24-20,Montgomery,4167,66,3867,66,300,0,4472,72,50290,621,54762,693,3,55,34,324,29,3788,1,149,63
10-24-20,Moore,269,7,236,6,33,1,293,9,2891,22,3184,31,0,2,5,36,2,231,0,6,2
10-24-20,Morgan,444,5,415,4,29,1,472,6,9270,42,9742,48,0,7,-2,52,7,385,0,12,6
10-24-20,Obion,1777,20,1582,11,195,9,1823,11,12337,70,14160,81,0,21,4,190,16,1566,0,61,30
10-24-20,Out of State,3020,84,2888,71,132,13,3354,77,337339,3355,340693,3432,-1,35,69,350,16,2635,2,104,22
10-24-20,Overton,1222,18,1023,14,199,4,1243,22,8723,45,9966,67,0,16,9,156,9,1050,1,49,23
10-24-20,Pending,1632,84,1433,69,199,15,1706,75,210610,2155,212316,2230,1,9,66,372,17,1251,2,30,4
10-24-20,Perry,290,5,265,4,25,1,289,5,4083,29,4372,34,0,2,1,111,4,177,0,12,3
10-24-20,Pickett,275,3,203,3,72,0,252,4,1493,10,1745,14,0,7,0,42,3,226,0,15,10
10-24-20,Polk,511,10,491,10,20,0,579,9,4523,82,5102,91,0,13,6,39,4,459,2,24,13
10-24-20,Putnam,4420,56,3993,41,427,15,5058,52,37103,339,42161,391,1,56,18,454,37,3910,0,142,60
10-24-20,Rhea,1110,15,1096,15,14,0,1302,19,13117,160,14419,179,0,17,9,112,6,981,0,44,21
10-24-20,Roane,1296,20,1241,20,55,0,1463,19,22002,229,23465,248,0,7,6,167,14,1122,0,46,9
10-24-20,Robertson,2602,13,2553,13,49,0,3091,14,21116,153,24207,167,0,41,0,147,13,2414,0,189,43
10-24-20,Rutherford,11785,206,11588,198,197,8,14079,227,103940,1516,118019,1743,-1,112,136,888,71,10785,4,323,116
10-24-20,Scott,379,9,342,9,37,0,381,9,5489,82,5870,91,0,5,6,75,3,299,0,23,5
10-24-20,Sequatchie,342,4,337,4,5,0,376,4,6147,57,6523,61,-2,2,-5,43,11,297,1,13,2
10-24-20,Sevier,3340,36,3221,36,119,0,3657,36,30860,314,34517,350,0,21,23,302,13,3017,1,123,23
10-24-20,Shelby,36158,326,35555,314,603,12,44500,364,443914,3715,488414,4079,0,562,161,2333,165,33263,5,2320,595
10-24-20,Smith,1004,12,959,11,45,1,1248,15,6834,62,8082,77,0,13,7,74,5,917,0,35,13
10-24-20,Stewart,320,5,296,5,24,0,354,5,3574,35,3928,40,1,10,1,17,3,293,1,13,13
10-24-20,Sullivan,3733,142,3519,138,214,4,3887,138,38507,804,42394,942,0,46,90,782,52,2905,7,264,49
10-24-20,Sumner,6063,114,5996,108,67,6,7103,119,56543,713,63646,832,0,109,75,528,39,5426,5,443,117
10-24-20,Tipton,2348,27,2072,21,276,6,2641,22,25361,205,28002,227,0,22,10,220,17,2106,1,106,24
10-24-20,Trousdale,1777,15,1760,15,17,0,1859,16,5722,70,7581,86,0,7,14,59,1,1711,1,29,9
10-24-20,Unicoi,411,13,375,8,36,5,442,11,7569,104,8011,115,0,3,10,89,3,319,0,24,5
10-24-20,Union,541,16,494,15,47,1,563,15,5820,55,6383,70,0,3,12,67,4,471,1,22,3
10-24-20,Van Buren,207,4,189,4,18,0,226,4,2738,13,2964,17,0,1,-1,19,5,187,0,8,2
10-24-20,Warren,1449,17,1333,13,116,4,1593,16,16283,207,17876,223,0,10,7,168,10,1271,0,23,11
10-24-20,Washington,3453,112,3338,109,115,3,3822,119,38791,762,42613,881,1,50,72,571,39,2832,3,150,59
10-24-20,Wayne,1596,7,1570,7,26,0,1726,6,6799,69,8525,75,0,7,7,56,0,1533,1,24,8
10-24-20,Weakley,1549,22,1397,19,152,3,1640,18,13007,92,14647,110,0,25,18,121,4,1403,0,38,27
10-24-20,White,1175,18,1080,16,95,2,1441,25,12583,77,14024,102,0,14,6,132,12,1029,1,62,15
10-24-20,Williamson,7056,121,6770,114,286,7,7967,133,85148,1127,93115,1260,0,56,66,667,55,6333,1,155,59
10-24-20,Wilson,4661,75,4552,71,109,4,5411,85,46234,614,51645,699,0,56,36,402,39,4203,1,149,60
10-23-20,Anderson,1650,15,1580,14,70,1,1848,16,30640,284,32488,300,0,14,-7,176,22,1460,0,53,15
10-23-20,Bedford,1650,19,1561,18,89,1,1918,19,15476,155,17394,174,0,20,2,130,17,1500,0,62,21
10-23-20,Benton,416,6,398,6,18,0,442,6,5351,49,5793,55,0,9,4,31,2,376,0,19,9
10-23-20,Bledsoe,1013,10,1005,10,8,0,1058,11,8978,109,10036,120,0,4,5,106,5,903,0,21,4
10-23-20,Blount,3298,56,3198,51,100,5,3730,51,34971,302,38701,353,2,34,28,343,26,2921,2,141,39
10-23-20,Bradley,3549,32,3402,32,147,0,4101,30,29795,175,33896,205,0,23,3,248,29,3278,1,215,23
10-23-20,Campbell,1003,30,869,23,134,7,994,25,13993,97,14987,122,1,9,6,243,23,751,0,54,13
10-23-20,Cannon,415,3,393,3,22,0,479,3,4801,23,5280,26,0,2,-2,45,5,368,0,13,2
10-23-20,Carroll,1122,7,944,6,178,1,1175,7,12653,56,13828,63,0,25,3,64,4,1033,0,56,28
10-23-20,Carter,1521,31,1453,28,68,3,1638,26,19132,143,20770,169,0,32,15,155,16,1334,0,99,35
10-23-20,Cheatham,1029,21,1000,21,29,0,1195,21,12917,111,14112,132,0,11,11,100,10,918,0,35,12
10-23-20,Chester,724,3,597,3,127,0,801,3,6290,44,7091,47,0,14,-1,38,4,672,0,25,18
10-23-20,Claiborne,517,5,458,4,59,1,560,4,12186,141,12746,145,0,6,3,37,2,474,0,27,7
10-23-20,Clay,402,10,318,2,84,8,379,4,3392,21,3771,25,-1,13,-3,68,14,321,1,13,15
10-23-20,Cocke,1028,29,907,23,121,6,1027,25,9777,120,10804,145,0,12,20,157,9,859,0,55,16
10-23-20,Coffee,1837,18,1597,16,240,2,2051,18,23491,139,25542,157,3,23,-12,224,27,1590,0,58,29
10-23-20,Crockett,848,6,661,5,187,1,813,5,4409,31,5222,36,0,20,-8,127,14,701,0,23,20
10-23-20,Cumberland,1595,15,1544,14,51,1,1914,16,26986,188,28900,204,1,25,0,153,14,1417,0,79,27
10-23-20,Davidson,31255,232,30986,227,269,5,38888,259,430304,4432,469192,4691,3,333,43,1855,186,29067,8,1223,352
10-23-20,Decatur,651,5,515,3,136,2,689,3,6962,93,7651,96,0,11,-1,51,6,589,0,24,11
10-23-20,Dekalb,679,13,643,8,36,5,810,8,9541,55,10351,63,0,17,8,57,5,605,0,31,18
10-23-20,Dickson,1626,12,1409,11,217,1,1903,13,16915,83,18818,96,0,19,-4,165,16,1442,0,66,19
10-23-20,Dyer,2210,35,1905,34,305,1,2213,35,14054,139,16267,174,2,29,-3,348,36,1833,0,80,34
10-23-20,Fayette,1664,26,1604,26,60,0,2039,33,18745,212,20784,245,0,22,1,199,25,1443,0,90,33
10-23-20,Fentress,904,15,800,9,104,6,975,9,5536,32,6511,41,2,10,0,95,13,799,0,40,12
10-23-20,Franklin,1278,12,1224,11,54,1,1541,16,17688,132,19229,148,1,17,2,127,9,1134,0,58,23
10-23-20,Gibson,2138,16,1639,13,499,3,2248,13,17791,169,20039,182,4,42,-1,157,13,1939,0,67,46
10-23-20,Giles,938,10,915,10,23,0,1093,11,11077,59,12170,70,1,35,-4,125,13,778,0,55,37
10-23-20,Grainger,596,30,539,30,57,0,646,36,7439,137,8085,173,0,4,22,100,8,492,2,30,4
10-23-20,Greene,1670,34,1576,34,94,0,1866,38,19476,384,21342,422,0,51,10,228,24,1391,0,97,52
10-23-20,Grundy,577,8,534,8,43,0,647,8,3407,83,4054,91,0,11,-9,77,17,489,0,40,13
10-23-20,Hamblen,2429,26,2212,21,217,5,2592,23,26216,218,28808,241,5,48,-2,188,23,2193,0,136,54
10-23-20,Hamilton,11532,117,11016,108,516,9,12905,114,159178,1082,172083,1196,0,105,47,741,70,10686,2,453,111
10-23-20,Hancock,117,1,106,1,11,0,122,1,2183,7,2305,8,0,3,1,4,0,110,0,11,3
10-23-20,Hardeman,1869,7,1753,6,116,1,2102,10,16205,61,18307,71,1,33,-3,110,9,1726,0,77,33
10-23-20,Hardin,1377,1,1120,1,257,0,1447,1,14564,266,16011,267,0,19,-19,139,20,1219,0,35,22
10-23-20,Hawkins,1188,26,1139,24,49,2,1289,27,12605,157,13894,184,0,24,5,159,21,1005,0,77,29
10-23-20,Haywood,1271,20,1183,18,88,2,1365,17,8002,55,9367,72,0,27,13,82,7,1162,0,52,28
10-23-20,Henderson,1392,8,1113,6,279,2,1637,6,10243,38,11880,44,0,25,2,71,6,1296,1,51,27
10-23-20,Henry,769,10,747,9,22,1,905,12,11065,51,11970,63,0,10,3,63,7,696,0,42,12
10-23-20,Hickman,779,10,722,10,57,0,914,13,8705,38,9619,51,2,15,0,61,8,703,0,23,15
10-23-20,Houston,403,1,358,1,45,0,429,2,3473,108,3902,110,2,17,-8,32,7,354,0,30,18
10-23-20,Humphreys,432,4,342,3,90,1,440,3,6486,19,6926,22,0,4,-2,65,6,363,0,17,5
10-23-20,Jackson,447,6,389,3,58,3,481,3,2953,16,3434,19,0,5,-4,42,10,400,0,19,6
10-23-20,Jefferson,1524,12,1320,8,204,4,1570,9,20369,198,21939,207,0,20,-3,132,15,1372,0,79,24
10-23-20,Johnson,1135,5,1112,3,23,2,1189,3,7935,104,9124,107,0,7,3,78,2,1050,0,33,9
10-23-20,Knox,12539,158,11968,147,571,11,13418,171,157118,1273,170536,1444,1,89,38,1021,119,11429,5,469,96
10-23-20,Lake,977,2,968,1,9,1,1190,1,6852,19,8042,20,0,3,2,25,0,949,0,8,3
10-23-20,Lauderdale,1407,25,1194,20,213,5,1410,23,13124,63,14534,86,0,17,5,199,20,1191,1,65,17
10-23-20,Lawrence,1574,24,1545,23,29,1,1754,28,13541,114,15295,142,0,18,5,248,19,1308,2,70,23
10-23-20,Lewis,379,10,376,10,3,0,414,14,5537,58,5951,72,0,2,4,84,6,293,0,22,5
10-23-20,Lincoln,862,18,829,17,33,1,996,18,9299,68,10295,86,0,3,7,107,11,752,1,28,3
10-23-20,Loudon,1589,23,1537,23,52,0,1730,24,16235,134,17965,158,1,11,3,116,19,1462,1,49,12
10-23-20,Macon,1320,19,1251,11,69,8,1548,11,8701,38,10249,49,0,25,1,73,18,1222,2,90,26
10-23-20,Madison,3715,20,2679,17,1036,3,3753,16,32809,350,36562,366,1,80,-19,224,38,3411,0,212,87
10-23-20,Marion,760,7,744,7,16,0,901,8,7874,70,8775,78,0,9,1,103,6,648,0,53,10
10-23-20,Marshall,1110,15,1094,15,16,0,1264,19,11178,93,12442,112,0,9,-5,134,20,967,0,30,11
10-23-20,Maury,3204,52,3155,52,49,0,3600,54,32610,424,36210,478,0,37,22,375,30,2792,0,111,39
10-23-20,McMinn,1608,21,1577,20,31,1,1834,20,20559,164,22393,184,1,34,0,226,20,1348,0,82,40
10-23-20,McNairy,1111,4,894,4,217,0,1240,5,9259,45,10499,50,1,27,-5,58,8,1026,0,45,32
10-23-20,Meigs,309,4,305,4,4,0,353,5,3755,18,4108,23,1,6,0,43,3,260,0,17,6
10-23-20,Monroe,1420,19,1370,19,50,0,1585,21,13300,87,14885,108,0,28,7,200,12,1192,0,88,31
10-23-20,Montgomery,4101,39,3801,24,300,15,4400,25,49669,377,54069,402,1,52,-8,290,46,3759,1,148,60
10-23-20,Moore,262,3,230,3,32,0,284,4,2869,18,3153,22,0,2,1,31,2,229,0,6,2
10-23-20,Morgan,439,3,411,3,28,0,466,3,9228,55,9694,58,0,7,-2,54,5,378,0,12,6
10-23-20,Obion,1757,19,1571,19,186,0,1812,22,12267,119,14079,141,1,21,-3,186,21,1550,0,61,29
10-23-20,Out of State,2936,36,2817,30,119,6,3277,35,333984,2742,337261,2777,0,36,9,281,27,2619,0,102,22
10-23-20,Overton,1204,28,1009,14,195,14,1221,16,8678,55,9899,71,4,16,-3,147,27,1041,1,48,23
10-23-20,Pending,1548,39,1364,36,184,3,1631,40,208455,1587,210086,1627,4,8,10,306,25,1234,1,28,4
10-23-20,Perry,285,19,261,18,24,1,284,8,4054,26,4338,34,1,2,16,110,2,173,0,12,3
10-23-20,Pickett,272,12,200,1,72,11,248,2,1483,17,1731,19,0,7,8,42,4,223,0,15,8
10-23-20,Polk,501,4,481,4,20,0,570,5,4441,26,5011,31,0,13,1,33,3,455,0,22,13
10-23-20,Putnam,4364,67,3952,38,412,29,5006,42,36764,323,41770,365,1,55,20,436,46,3873,4,142,60
10-23-20,Rhea,1095,12,1081,12,14,0,1283,8,12957,114,14240,122,1,17,9,103,2,975,1,44,21
10-23-20,Roane,1276,25,1221,24,55,1,1444,25,21773,208,23217,233,0,7,9,161,16,1108,0,46,9
10-23-20,Robertson,2589,20,2540,18,49,2,3077,20,20963,219,24040,239,0,41,3,147,17,2401,3,189,43
10-23-20,Rutherford,11579,114,11390,104,189,10,13852,122,102424,861,116276,983,3,113,22,752,89,10714,5,319,115
10-23-20,Scott,370,12,333,10,37,2,372,11,5407,50,5779,61,1,5,2,69,9,296,0,23,5
10-23-20,Sequatchie,338,5,333,5,5,0,372,5,6090,66,6462,71,0,4,2,48,3,286,0,12,2
10-23-20,Sevier,3304,28,3185,26,119,2,3621,32,30546,282,34167,314,0,21,-3,279,31,3004,1,122,23
10-23-20,Shelby,35832,275,35241,272,591,3,44136,326,440199,3233,484335,3559,4,562,80,2172,191,33098,5,2315,592
10-23-20,Smith,992,9,948,9,44,0,1233,12,6772,36,8005,48,1,13,-7,67,15,912,0,35,13
10-23-20,Stewart,315,1,291,1,24,0,349,2,3539,14,3888,16,1,9,-2,16,2,290,0,12,13
10-23-20,Sullivan,3591,113,3381,113,210,0,3749,114,37703,424,41452,538,0,46,50,692,63,2853,9,257,48
10-23-20,Sumner,5949,53,5888,52,61,1,6984,61,55830,551,62814,612,1,109,1,453,51,5387,1,438,116
10-23-20,Tipton,2321,17,2051,16,270,1,2619,17,25156,212,27775,229,0,22,-8,210,25,2089,2,105,24
10-23-20,Trousdale,1762,4,1745,4,17,0,1843,3,5652,18,7495,21,0,7,3,45,1,1710,0,28,9
10-23-20,Unicoi,398,5,367,4,31,1,431,5,7465,55,7896,60,1,3,0,79,4,316,1,24,5
10-23-20,Union,525,9,479,8,46,1,548,11,5765,46,6313,57,0,3,7,55,2,467,0,21,3
10-23-20,Van Buren,203,4,185,3,18,1,222,3,2725,123,2947,126,0,1,3,20,1,182,0,8,2
10-23-20,Warren,1432,25,1320,24,112,1,1577,28,16076,183,17653,211,0,10,8,161,17,1261,0,23,11
10-23-20,Washington,3341,55,3229,52,112,3,3703,53,38029,401,41732,454,3,49,8,499,44,2793,2,147,55
10-23-20,Wayne,1589,9,1563,8,26,1,1720,8,6730,46,8450,54,0,7,7,49,2,1533,0,23,8
10-23-20,Weakley,1527,8,1378,7,149,1,1622,10,12915,80,14537,90,0,25,1,103,7,1399,0,38,27
10-23-20,White,1157,23,1064,17,93,6,1416,20,12506,176,13922,196,0,14,15,126,8,1017,1,61,14
10-23-20,Williamson,6935,71,6656,64,279,7,7834,69,84021,708,91855,777,1,56,14,601,56,6278,5,154,58
10-23-20,Wilson,4586,50,4481,46,105,4,5326,49,45620,238,50946,287,1,56,1,366,48,4164,1,148,60
10-22-20,Anderson,1635,22,1566,22,69,0,1832,26,30356,327,32188,353,1,14,-3,183,24,1438,0,53,15
10-22-20,Bedford,1631,20,1543,17,88,3,1899,18,15321,88,17220,106,0,20,6,128,14,1483,1,62,21
10-22-20,Benton,410,2,392,2,18,0,436,2,5302,84,5738,86,0,9,-1,27,3,374,0,19,9
10-22-20,Bledsoe,1003,5,995,5,8,0,1047,5,8869,32,9916,37,0,4,4,101,1,898,0,21,4
10-22-20,Blount,3242,53,3147,51,95,2,3679,53,34669,343,38348,396,0,32,25,315,28,2895,2,139,39
10-22-20,Bradley,3517,35,3370,32,147,3,4071,42,29620,273,33691,315,1,23,16,245,18,3249,1,214,23
10-22-20,Campbell,973,61,846,56,127,5,969,58,13896,229,14865,287,1,8,43,237,17,728,2,54,13
10-22-20,Cannon,412,9,390,7,22,2,476,7,4778,44,5254,51,0,2,2,47,7,363,0,13,2
10-22-20,Carroll,1115,10,938,8,177,2,1168,9,12597,125,13765,134,1,25,3,61,6,1029,0,56,28
10-22-20,Carter,1490,27,1425,27,65,0,1612,35,18989,251,20601,286,0,32,11,140,16,1318,2,99,34
10-22-20,Cheatham,1008,19,979,17,29,2,1174,20,12806,140,13980,160,0,11,12,89,7,908,0,35,12
10-22-20,Chester,721,4,594,4,127,0,798,4,6246,24,7044,28,0,14,3,39,1,668,0,25,16
10-22-20,Claiborne,512,5,454,5,58,0,556,5,12045,94,12601,99,0,6,5,34,0,472,0,27,6
10-22-20,Clay,392,5,316,2,76,3,375,2,3371,26,3746,28,1,14,-8,71,12,307,0,12,15
10-22-20,Cocke,999,38,884,28,115,10,1002,27,9657,101,10659,128,0,12,31,137,7,850,2,55,16
10-22-20,Coffee,1819,36,1581,28,238,8,2033,31,23352,407,25385,438,0,20,12,236,24,1563,1,58,29
10-22-20,Crockett,842,13,656,7,186,6,808,8,4378,28,5186,36,-1,20,0,135,14,687,1,23,20
10-22-20,Cumberland,1580,29,1530,26,50,3,1898,30,26798,318,28696,348,0,24,15,153,14,1403,1,79,26
10-22-20,Davidson,31023,215,30759,208,264,7,38629,257,425872,3703,464501,3960,2,330,50,1812,163,28881,7,1215,351
10-22-20,Decatur,646,4,512,4,134,0,686,4,6869,76,7555,80,0,11,1,52,3,583,0,24,11
10-22-20,Dekalb,666,13,635,9,31,4,802,7,9486,97,10288,104,1,17,8,49,4,600,0,31,18
10-22-20,Dickson,1614,30,1398,21,216,9,1890,24,16832,159,18722,183,0,19,18,169,12,1426,0,66,19
10-22-20,Dyer,2175,47,1871,38,304,9,2178,42,13915,99,16093,141,1,27,22,351,24,1797,2,80,34
10-22-20,Fayette,1638,10,1578,9,60,1,2006,15,18533,160,20539,175,0,22,-18,198,28,1418,0,90,32
10-22-20,Fentress,889,13,791,11,98,2,966,13,5504,142,6470,155,0,8,-2,95,15,786,0,40,12
10-22-20,Franklin,1266,25,1213,23,53,2,1525,22,17556,147,19081,169,0,16,15,125,10,1125,1,58,23
10-22-20,Gibson,2122,24,1626,19,496,5,2235,22,17622,135,19857,157,0,38,13,158,11,1926,0,67,46
10-22-20,Giles,928,10,905,10,23,0,1082,13,11018,96,12100,109,0,34,-9,129,19,765,0,55,37
10-22-20,Grainger,566,17,509,13,57,4,610,9,7302,66,7912,75,0,4,13,78,4,484,0,28,4
10-22-20,Greene,1636,40,1542,39,94,1,1828,43,19092,194,20920,237,0,51,10,218,30,1367,0,97,52
10-22-20,Grundy,569,15,526,13,43,2,639,14,3324,56,3963,70,1,11,2,86,12,472,0,40,13
10-22-20,Hamblen,2403,20,2191,15,212,5,2569,20,25998,248,28567,268,0,43,1,190,19,2170,0,136,53
10-22-20,Hamilton,11415,126,10908,111,507,15,12791,116,158096,1149,170887,1265,1,105,51,694,74,10616,2,451,111
10-22-20,Hancock,116,0,105,0,11,0,121,1,2176,15,2297,16,0,3,0,3,0,110,0,11,3
10-22-20,Hardeman,1862,15,1747,12,115,3,2092,13,16144,57,18236,70,0,32,-2,113,17,1717,0,77,33
10-22-20,Hardin,1376,14,1119,7,257,7,1446,7,14298,108,15744,115,0,19,-1,158,15,1199,0,35,22
10-22-20,Hawkins,1162,36,1115,35,47,1,1262,32,12448,223,13710,255,0,24,17,154,19,984,1,77,29
10-22-20,Haywood,1251,16,1165,11,86,5,1348,13,7947,58,9295,71,1,27,13,69,2,1155,1,52,27
10-22-20,Henderson,1384,8,1107,6,277,2,1631,8,10205,83,11836,91,0,25,-2,69,10,1290,0,50,27
10-22-20,Henry,759,5,738,5,21,0,893,6,11014,79,11907,85,0,10,-1,60,6,689,0,42,12
10-22-20,Hickman,769,7,712,5,57,2,901,7,8667,89,9568,96,0,13,4,61,3,695,0,23,15
10-22-20,Houston,402,9,357,7,45,2,427,8,3365,74,3792,82,0,15,6,40,3,347,0,30,18
10-22-20,Humphreys,428,10,339,9,89,1,437,10,6467,45,6904,55,0,4,2,67,8,357,0,17,4
10-22-20,Jackson,441,10,386,6,55,4,478,6,2937,46,3415,52,0,5,5,46,5,390,0,19,6
10-22-20,Jefferson,1512,30,1312,23,200,7,1561,28,20171,195,21732,223,0,20,14,135,16,1357,0,79,24
10-22-20,Johnson,1130,13,1109,13,21,0,1186,10,7831,144,9017,154,0,7,2,75,11,1048,0,33,9
10-22-20,Knox,12381,178,11821,164,560,14,13247,166,155845,1604,169092,1770,1,88,55,983,122,11310,4,464,96
10-22-20,Lake,975,3,967,3,8,0,1189,3,6833,82,8022,85,0,3,2,23,1,949,0,8,3
10-22-20,Lauderdale,1382,35,1174,22,208,13,1387,23,13061,152,14448,175,0,17,16,194,19,1171,0,64,17
10-22-20,Lawrence,1550,36,1522,36,28,0,1726,35,13427,156,15153,191,0,18,16,243,20,1289,1,68,21
10-22-20,Lewis,369,12,366,11,3,1,400,9,5479,64,5879,73,0,2,9,80,3,287,1,22,4
10-22-20,Lincoln,844,16,812,15,32,1,978,17,9231,50,10209,67,1,3,3,100,12,741,0,27,3
10-22-20,Loudon,1566,10,1514,10,52,0,1706,12,16101,179,17807,191,0,10,-16,113,26,1443,0,48,12
10-22-20,Macon,1301,23,1240,19,61,4,1537,23,8663,71,10200,94,1,25,10,72,12,1204,2,88,26
10-22-20,Madison,3695,28,2662,14,1033,14,3737,18,32459,151,36196,169,0,79,4,243,24,3373,0,212,87
10-22-20,Marion,753,18,737,18,16,0,893,19,7804,148,8697,167,0,9,6,102,12,642,0,53,10
10-22-20,Marshall,1095,26,1079,26,16,0,1245,29,11085,135,12330,164,1,9,-2,139,27,947,0,30,11
10-22-20,Maury,3152,31,3103,31,49,0,3546,32,32186,323,35732,355,1,37,-3,353,33,2762,2,111,39
10-22-20,McMinn,1587,18,1557,17,30,1,1814,19,20395,222,22209,241,1,33,3,226,14,1328,0,82,39
10-22-20,McNairy,1107,8,890,5,217,3,1235,7,9214,127,10449,134,0,26,0,63,8,1018,0,45,31
10-22-20,Meigs,305,5,301,5,4,0,348,6,3737,29,4085,35,0,5,-1,43,6,257,0,17,6
10-22-20,Monroe,1401,17,1351,17,50,0,1564,17,13213,142,14777,159,1,28,0,193,16,1180,0,88,31
10-22-20,Montgomery,4062,97,3777,83,285,14,4375,95,49292,786,53667,881,0,51,48,298,49,3713,2,147,60
10-22-20,Moore,259,5,227,5,32,0,280,5,2851,12,3131,17,0,2,3,30,2,227,0,6,2
10-22-20,Morgan,436,9,408,9,28,0,463,9,9173,63,9636,72,0,7,6,56,3,373,0,12,6
10-22-20,Obion,1738,29,1552,19,186,10,1790,21,12148,108,13938,129,0,20,9,189,20,1529,0,61,29
10-22-20,Out of State,2900,36,2787,34,113,2,3242,40,331242,3687,334484,3727,1,36,12,272,23,2592,0,102,22
10-22-20,Overton,1176,12,995,8,181,4,1205,13,8623,104,9828,117,1,12,-20,150,31,1014,1,47,22
10-22-20,Pending,1509,53,1328,35,181,18,1591,45,206868,1791,208459,1836,0,4,31,296,22,1209,1,27,3
10-22-20,Perry,266,15,243,15,23,0,276,17,4028,31,4304,48,0,1,14,94,1,171,1,12,2
10-22-20,Pickett,260,9,199,5,61,4,246,4,1466,70,1712,74,2,7,-4,34,11,219,2,15,8
10-22-20,Polk,497,6,477,5,20,1,565,6,4415,39,4980,45,0,13,3,32,3,452,0,22,13
10-22-20,Putnam,4297,60,3914,49,383,11,4964,60,36441,503,41405,563,0,54,14,416,46,3827,2,138,58
10-22-20,Rhea,1083,16,1069,16,14,0,1275,16,12843,128,14118,144,0,16,9,94,7,973,2,43,20
10-22-20,Roane,1251,28,1197,28,54,0,1419,30,21565,279,22984,309,0,7,13,152,15,1092,2,46,9
10-22-20,Robertson,2569,27,2522,23,47,4,3057,40,20744,280,23801,320,1,41,13,144,13,2384,3,186,43
10-22-20,Rutherford,11465,152,11286,138,179,14,13730,165,101563,1224,115293,1389,3,110,82,730,67,10625,2,314,114
10-22-20,Scott,358,11,323,11,35,0,361,12,5357,55,5718,67,0,4,6,67,5,287,0,23,4
10-22-20,Sequatchie,333,4,328,4,5,0,367,5,6024,70,6391,75,0,4,-4,46,8,283,0,12,2
10-22-20,Sevier,3276,41,3159,40,117,1,3589,46,30264,401,33853,447,0,21,5,282,36,2973,0,121,23
10-22-20,Shelby,35557,303,34969,300,588,3,43810,357,436966,4313,480776,4670,5,558,124,2092,174,32907,10,2310,589
10-22-20,Smith,983,11,939,10,44,1,1221,12,6736,64,7957,76,0,12,2,74,9,897,0,35,13
10-22-20,Stewart,314,5,290,4,24,1,347,5,3525,39,3872,44,0,8,1,18,4,288,0,12,13
10-22-20,Sullivan,3478,99,3268,83,210,16,3635,92,37279,458,40914,550,0,46,36,642,63,2790,7,248,47
10-22-20,Sumner,5896,95,5836,89,60,6,6923,92,55279,818,62202,910,1,108,58,452,36,5336,4,437,114
10-22-20,Tipton,2304,32,2035,29,269,3,2602,37,24944,243,27546,280,0,22,15,218,17,2064,1,103,24
10-22-20,Trousdale,1758,8,1741,7,17,1,1840,14,5634,39,7474,53,0,7,5,42,3,1709,1,28,9
10-22-20,Unicoi,393,17,363,17,30,0,426,17,7410,62,7836,79,0,2,11,79,6,312,2,23,5
10-22-20,Union,516,7,471,7,45,0,537,6,5719,51,6256,57,1,3,-4,48,10,465,1,21,3
10-22-20,Van Buren,199,1,182,0,17,1,219,0,2602,14,2821,14,0,1,0,17,1,181,0,8,2
10-22-20,Warren,1407,20,1296,17,111,3,1549,19,15893,237,17442,256,0,10,-4,153,24,1244,1,23,11
10-22-20,Washington,3286,97,3177,89,109,8,3650,97,37628,483,41278,580,2,46,55,491,40,2749,5,145,55
10-22-20,Wayne,1580,11,1555,9,25,2,1712,9,6684,52,8396,61,0,7,10,42,1,1531,0,23,8
10-22-20,Weakley,1519,26,1371,20,148,6,1612,18,12835,83,14447,101,0,25,11,102,15,1392,1,38,26
10-22-20,White,1134,11,1047,9,87,2,1396,14,12330,159,13726,173,0,14,1,111,10,1009,0,60,14
10-22-20,Williamson,6864,112,6592,103,272,9,7765,113,83313,1120,91078,1233,4,55,38,587,70,6222,1,149,55
10-22-20,Wilson,4536,79,4435,71,101,8,5277,87,45382,526,50659,613,2,55,25,365,52,4116,1,147,60
10-21-20,Anderson,1613,18,1544,18,69,0,1806,21,30029,213,31835,234,0,13,9,186,9,1414,1,53,15
10-21-20,Bedford,1611,14,1526,11,85,3,1881,10,15233,50,17114,60,0,20,-9,122,23,1469,1,61,20
10-21-20,Benton,408,4,390,4,18,0,434,4,5218,25,5652,29,0,9,-1,28,5,371,0,19,9
10-21-20,Bledsoe,998,0,990,0,8,0,1042,1,8837,9,9879,10,0,4,-6,97,6,897,0,21,4
10-21-20,Blount,3189,39,3096,39,93,0,3626,50,34326,254,37952,304,0,32,-4,290,43,2867,1,137,38
10-21-20,Bradley,3482,12,3338,10,144,2,4029,9,29347,54,33376,63,1,22,-10,229,21,3231,0,213,23
10-21-20,Campbell,912,5,790,5,122,0,911,7,13667,47,14578,54,0,7,-38,194,43,711,0,52,12
10-21-20,Cannon,403,4,383,4,20,0,469,4,4734,42,5203,46,0,2,0,45,4,356,0,13,2
10-21-20,Carroll,1105,12,930,9,175,3,1159,12,12472,31,13631,43,0,24,1,58,11,1023,0,56,28
10-21-20,Carter,1463,10,1398,9,65,1,1577,9,18738,38,20315,47,0,32,-7,129,17,1302,1,97,34
10-21-20,Cheatham,989,11,962,11,27,0,1154,13,12666,87,13820,100,0,11,3,77,8,901,0,35,12
10-21-20,Chester,717,1,590,1,127,0,794,1,6222,21,7016,22,0,14,-8,36,9,667,0,25,16
10-21-20,Claiborne,507,4,449,4,58,0,551,4,11951,35,12502,39,0,6,-1,29,5,472,0,27,6
10-21-20,Clay,387,12,314,4,73,8,373,4,3345,26,3718,30,1,13,3,79,8,295,0,12,14
10-21-20,Cocke,961,15,856,12,105,3,975,12,9556,68,10531,80,0,12,5,106,10,843,0,53,16
10-21-20,Coffee,1783,8,1553,3,230,5,2002,4,22945,72,24947,76,0,20,-25,224,33,1539,0,57,29
10-21-20,Crockett,829,12,649,6,180,6,800,8,4350,25,5150,33,0,21,-5,135,17,673,0,22,20
10-21-20,Cumberland,1551,34,1504,32,47,2,1868,44,26480,229,28348,273,0,24,14,138,20,1389,1,78,26
10-21-20,Davidson,30808,148,30551,145,257,3,38372,186,422169,2100,460541,2286,2,328,-17,1762,163,28718,1,1208,349
10-21-20,Decatur,642,8,508,7,134,1,682,8,6793,13,7475,21,0,11,2,51,6,580,2,24,11
10-21-20,Dekalb,653,11,626,11,27,0,795,10,9389,98,10184,108,0,16,4,41,7,596,0,31,18
10-21-20,Dickson,1584,9,1377,5,207,4,1866,10,16673,76,18539,86,1,19,-8,151,16,1414,1,66,19
10-21-20,Dyer,2128,23,1833,19,295,4,2136,20,13816,63,15952,83,0,26,-26,329,49,1773,1,78,34
10-21-20,Fayette,1628,23,1569,22,59,1,1991,25,18373,107,20364,132,0,22,-9,216,32,1390,0,90,32
10-21-20,Fentress,876,4,780,4,96,0,953,4,5362,28,6315,32,0,8,-10,97,14,771,0,40,12
10-21-20,Franklin,1241,1,1190,1,51,0,1503,5,17409,17,18912,22,0,16,-7,110,8,1115,0,57,23
10-21-20,Gibson,2098,8,1607,6,491,2,2213,7,17487,30,19700,37,0,38,-2,145,10,1915,0,67,46
10-21-20,Giles,918,9,895,9,23,0,1069,9,10922,67,11991,76,0,34,0,138,9,746,0,55,37
10-21-20,Grainger,549,8,496,6,53,2,601,6,7236,38,7837,44,0,4,-4,65,12,480,0,28,4
10-21-20,Greene,1596,19,1503,17,93,2,1785,15,18898,45,20683,60,0,51,-21,208,40,1337,1,97,52
10-21-20,Grundy,554,5,513,4,41,1,625,4,3268,7,3893,11,2,10,-6,84,9,460,0,40,13
10-21-20,Hamblen,2383,16,2176,14,207,2,2549,14,25750,132,28299,146,0,43,-13,189,29,2151,1,136,52
10-21-20,Hamilton,11289,55,10797,50,492,5,12675,57,156947,513,169622,570,1,104,-22,643,76,10542,1,449,111
10-21-20,Hancock,116,1,105,1,11,0,120,0,2161,0,2281,0,0,3,1,3,0,110,0,11,3
10-21-20,Hardeman,1847,13,1735,11,112,2,2079,13,16087,42,18166,55,0,32,4,115,9,1700,1,77,32
10-21-20,Hardin,1362,18,1112,13,250,5,1439,14,14190,46,15629,60,0,19,2,159,16,1184,0,35,22
10-21-20,Hawkins,1126,11,1080,9,46,2,1230,11,12225,94,13455,105,0,24,-10,137,21,965,0,76,28
10-21-20,Haywood,1235,4,1154,4,81,0,1335,5,7889,55,9224,60,0,26,-7,56,11,1153,0,51,27
10-21-20,Henderson,1376,8,1101,5,275,3,1623,8,10122,29,11745,37,0,25,-4,71,12,1280,0,50,27
10-21-20,Henry,754,7,733,6,21,1,887,6,10935,28,11822,34,0,10,5,61,2,683,0,42,12
10-21-20,Hickman,762,1,707,0,55,1,894,0,8578,19,9472,19,0,13,-6,57,7,692,0,23,14
10-21-20,Houston,393,3,350,3,43,0,419,3,3291,4,3710,7,0,15,0,34,3,344,0,30,18
10-21-20,Humphreys,418,3,330,1,88,2,427,1,6422,28,6849,29,0,4,-4,65,7,349,0,17,4
10-21-20,Jackson,431,3,380,2,51,1,472,3,2891,19,3363,22,0,5,-2,41,5,385,1,19,6
10-21-20,Jefferson,1482,13,1289,11,193,2,1533,14,19976,77,21509,91,1,20,-10,121,22,1341,1,79,23
10-21-20,Johnson,1117,0,1096,0,21,0,1176,0,7687,6,8863,6,0,7,-8,73,8,1037,0,33,8
10-21-20,Knox,12203,71,11657,67,546,4,13081,74,154241,675,167322,749,0,87,-34,928,105,11188,1,460,96
10-21-20,Lake,972,4,964,4,8,0,1186,7,6751,10,7937,17,0,3,-4,21,8,948,0,8,3
10-21-20,Lauderdale,1347,13,1152,8,195,5,1364,9,12909,51,14273,60,-1,17,4,178,10,1152,1,64,17
10-21-20,Lawrence,1514,15,1486,15,28,0,1691,14,13271,92,14962,106,0,18,-20,227,35,1269,0,67,21
10-21-20,Lewis,357,0,355,0,2,0,391,1,5415,8,5806,9,0,2,-14,71,14,284,0,21,4
10-21-20,Lincoln,828,2,797,1,31,1,961,1,9181,9,10142,10,0,2,-8,97,10,729,0,27,3
10-21-20,Loudon,1556,10,1504,10,52,0,1694,13,15922,92,17616,105,0,10,-18,129,28,1417,0,48,11
10-21-20,Macon,1278,7,1221,4,57,3,1514,6,8592,27,10106,33,0,24,-9,62,16,1192,0,86,26
10-21-20,Madison,3667,28,2648,9,1019,19,3719,9,32308,50,36027,59,0,79,-2,239,30,3349,1,212,87
10-21-20,Marion,735,1,719,1,16,0,874,2,7656,16,8530,18,0,9,-8,96,9,630,0,53,9
10-21-20,Marshall,1069,9,1053,9,16,0,1216,7,10950,39,12166,46,0,8,-17,141,26,920,0,30,10
10-21-20,Maury,3121,20,3072,20,49,0,3514,26,31863,99,35377,125,1,36,-15,356,34,2729,1,109,39
10-21-20,McMinn,1569,17,1540,16,29,1,1795,18,20173,86,21968,104,0,32,-2,223,19,1314,1,82,38
10-21-20,McNairy,1099,5,885,2,214,3,1228,1,9087,33,10315,34,0,26,-2,63,7,1010,0,45,31
10-21-20,Meigs,300,2,296,2,4,0,342,2,3708,7,4050,9,0,5,0,44,2,251,0,17,6
10-21-20,Monroe,1384,18,1334,18,50,0,1547,20,13071,95,14618,115,0,27,7,193,11,1164,2,88,31
10-21-20,Montgomery,3965,23,3694,7,271,16,4280,7,48506,75,52786,82,0,51,-21,250,44,3664,0,145,60
10-21-20,Moore,254,2,222,1,32,1,275,1,2839,5,3114,6,0,2,-3,27,5,225,0,6,2
10-21-20,Morgan,427,4,399,4,28,0,454,5,9110,38,9564,43,1,7,-1,50,4,370,0,12,6
10-21-20,Obion,1709,12,1533,8,176,4,1769,9,12040,45,13809,54,2,20,-15,180,25,1509,1,61,28
10-21-20,Out of State,2864,24,2753,22,111,2,3202,26,327555,1179,330757,1205,0,35,-11,260,35,2569,1,102,22
10-21-20,Overton,1164,15,987,7,177,8,1192,8,8519,35,9711,43,0,11,-10,170,25,983,0,46,21
10-21-20,Pending,1456,28,1293,21,163,7,1546,23,205077,636,206623,659,0,4,7,265,21,1187,1,26,3
10-21-20,Perry,251,7,228,7,23,0,259,40,3997,43,4256,83,0,1,6,80,1,170,1,11,2
10-21-20,Pickett,251,0,194,0,57,0,242,0,1396,6,1638,6,0,5,-8,38,8,208,0,13,8
10-21-20,Polk,491,3,472,2,19,1,559,1,4376,3,4935,4,0,13,0,29,3,449,0,22,13
10-21-20,Putnam,4237,77,3865,59,372,18,4904,66,35938,389,40842,455,1,54,20,402,56,3781,4,136,58
10-21-20,Rhea,1067,4,1053,4,14,0,1259,4,12715,31,13974,35,0,16,1,85,3,966,1,41,18
10-21-20,Roane,1223,17,1169,16,54,1,1389,18,21286,138,22675,156,0,7,-4,139,21,1077,0,44,8
10-21-20,Robertson,2542,23,2499,23,43,0,3017,14,20464,59,23481,73,1,40,2,131,20,2371,0,183,43
10-21-20,Rutherford,11313,66,11148,57,165,9,13565,65,100339,469,113904,534,1,107,-44,648,109,10558,1,312,114
10-21-20,Scott,347,9,312,9,35,0,349,10,5302,24,5651,34,0,4,3,61,6,282,0,23,4
10-21-20,Sequatchie,329,0,324,0,5,0,362,0,5954,9,6316,9,0,4,-5,50,5,275,0,12,2
10-21-20,Sevier,3235,31,3119,30,116,1,3543,38,29863,223,33406,261,0,21,-1,277,32,2937,0,121,23
10-21-20,Shelby,35254,169,34669,150,585,19,43453,185,432653,2044,476106,2229,0,553,-35,1968,204,32733,0,2300,588
10-21-20,Smith,972,7,929,6,43,1,1209,6,6672,15,7881,21,-1,12,0,72,8,888,0,35,13
10-21-20,Stewart,309,1,286,1,23,0,342,3,3486,11,3828,14,1,8,-16,17,16,284,0,12,12
10-21-20,Sullivan,3379,89,3185,86,194,3,3543,72,36821,237,40364,309,1,46,32,606,56,2727,4,241,47
10-21-20,Sumner,5801,34,5747,33,54,1,6831,36,54461,222,61292,258,0,107,0,394,34,5300,2,433,114
10-21-20,Tipton,2272,29,2006,24,266,5,2565,25,24701,148,27266,173,0,22,1,203,28,2047,0,102,23
10-21-20,Trousdale,1750,6,1734,4,16,2,1826,5,5595,21,7421,26,0,7,3,37,3,1706,0,27,9
10-21-20,Unicoi,376,6,346,3,30,3,409,4,7348,13,7757,17,0,2,3,68,3,306,1,21,3
10-21-20,Union,509,6,464,6,45,0,531,7,5668,34,6199,41,0,2,4,52,2,455,0,20,3
10-21-20,Van Buren,198,6,182,5,16,1,219,5,2588,8,2807,13,0,1,6,17,0,180,0,8,2
10-21-20,Warren,1387,21,1279,13,108,8,1530,15,15656,127,17186,142,0,10,6,157,15,1220,0,22,11
10-21-20,Washington,3189,44,3088,41,101,3,3553,41,37145,147,40698,188,0,44,11,436,33,2709,1,140,54
10-21-20,Wayne,1569,3,1546,2,23,1,1703,2,6632,13,8335,15,0,7,1,32,2,1530,0,23,8
10-21-20,Weakley,1493,9,1351,8,142,1,1594,8,12752,53,14346,61,0,25,-2,91,11,1377,0,37,26
10-21-20,White,1123,19,1038,16,85,3,1382,20,12171,79,13553,99,0,14,7,110,12,999,1,60,14
10-21-20,Williamson,6752,50,6489,37,263,13,7652,36,82193,265,89845,301,2,51,-27,549,75,6152,2,148,55
10-21-20,Wilson,4457,21,4364,21,93,0,5190,24,44856,290,50046,314,0,53,-41,340,62,4064,0,146,59
10-20-20,Anderson,1595,27,1526,27,69,0,1785,34,29816,213,31601,247,0,13,6,177,21,1405,0,52,15
10-20-20,Bedford,1597,3,1515,2,82,1,1871,5,15183,47,17054,52,0,20,-9,131,12,1446,0,60,20
10-20-20,Benton,404,4,386,4,18,0,430,4,5193,11,5623,15,0,9,1,29,3,366,0,19,9
10-20-20,Bledsoe,998,71,990,70,8,1,1041,71,8828,111,9869,182,0,4,67,103,4,891,0,21,4
10-20-20,Blount,3150,32,3057,24,93,8,3576,30,34072,188,37648,218,1,32,3,294,28,2824,0,136,36
10-20-20,Bradley,3470,23,3328,20,142,3,4020,33,29293,191,33313,224,0,21,2,239,21,3210,0,213,23
10-20-20,Campbell,907,13,785,12,122,1,904,18,13620,124,14524,142,0,7,2,232,11,668,1,52,12
10-20-20,Cannon,399,1,379,1,20,0,465,5,4692,21,5157,26,0,2,-6,45,7,352,0,13,2
10-20-20,Carroll,1093,3,921,1,172,2,1147,2,12441,18,13588,20,0,24,-6,57,9,1012,0,56,28
10-20-20,Carter,1453,15,1389,13,64,2,1568,16,18700,43,20268,59,0,32,4,136,11,1285,1,96,34
10-20-20,Cheatham,978,9,951,8,27,1,1141,8,12579,60,13720,68,0,11,-4,74,13,893,0,35,12
10-20-20,Chester,716,4,589,4,127,0,793,4,6201,16,6994,20,0,14,0,44,4,658,0,25,16
10-20-20,Claiborne,503,2,445,1,58,1,547,2,11916,85,12463,87,0,6,-2,30,4,467,0,27,6
10-20-20,Clay,375,7,310,3,65,4,369,4,3319,18,3688,22,0,12,0,76,7,287,0,12,14
10-20-20,Cocke,946,19,844,10,102,9,963,10,9488,80,10451,90,0,12,14,101,5,833,2,53,16
10-20-20,Coffee,1775,8,1550,3,225,5,1998,8,22873,59,24871,67,0,20,-9,249,17,1506,0,57,29
10-20-20,Crockett,817,16,643,10,174,6,792,9,4325,41,5117,50,1,21,-3,140,18,656,0,22,20
10-20-20,Cumberland,1517,17,1472,15,45,2,1824,21,26251,172,28075,193,0,24,3,124,14,1369,2,77,26
10-20-20,Davidson,30660,174,30406,167,254,7,38186,232,420069,3571,458255,3803,1,326,-10,1779,183,28555,5,1207,347
10-20-20,Decatur,634,8,501,5,133,3,674,3,6780,10,7454,13,0,11,7,49,1,574,0,22,11
10-20-20,Dekalb,642,3,615,3,27,0,785,3,9291,42,10076,45,0,16,-8,37,11,589,0,31,18
10-20-20,Dickson,1575,23,1372,16,203,7,1856,21,16597,114,18453,135,0,18,11,159,12,1398,0,65,19
10-20-20,Dyer,2105,26,1814,16,291,10,2116,22,13753,45,15869,67,0,26,-11,355,37,1724,0,77,33
10-20-20,Fayette,1605,20,1547,20,58,0,1966,29,18266,138,20232,167,0,22,7,225,13,1358,0,90,31
10-20-20,Fentress,872,8,776,8,96,0,949,9,5334,23,6283,32,1,8,-7,107,14,757,1,40,12
10-20-20,Franklin,1240,9,1189,8,51,1,1498,15,17392,88,18890,103,1,16,-14,117,22,1107,1,57,23
10-20-20,Gibson,2090,12,1601,7,489,5,2206,3,17457,40,19663,43,1,38,-2,147,13,1905,0,67,46
10-20-20,Giles,909,10,886,7,23,3,1060,7,10855,54,11915,61,0,34,3,138,7,737,0,55,36
10-20-20,Grainger,541,3,490,2,51,1,595,5,7198,54,7793,59,0,4,-1,69,4,468,0,28,4
10-20-20,Greene,1577,12,1486,8,91,4,1770,12,18853,86,20623,98,1,51,-8,229,19,1297,1,96,52
10-20-20,Grundy,549,3,509,3,40,0,621,8,3261,28,3882,36,0,8,-11,90,14,451,1,40,12
10-20-20,Hamblen,2367,22,2162,22,205,0,2535,29,25618,142,28153,171,0,43,7,202,15,2122,1,135,51
10-20-20,Hamilton,11234,78,10747,64,487,14,12618,78,156434,617,169052,695,1,103,-7,665,84,10466,0,448,110
10-20-20,Hancock,115,0,104,0,11,0,120,0,2161,11,2281,11,0,3,-1,2,1,110,0,11,3
10-20-20,Hardeman,1834,8,1724,4,110,4,2066,5,16045,44,18111,49,0,32,-9,111,17,1691,0,76,32
10-20-20,Hardin,1344,14,1099,9,245,5,1425,12,14144,36,15569,48,0,19,6,157,8,1168,0,35,22
10-20-20,Hawkins,1115,4,1071,4,44,0,1219,4,12131,30,13350,34,1,24,-8,147,11,944,0,76,26
10-20-20,Haywood,1231,4,1150,3,81,1,1330,2,7834,10,9164,12,1,26,-7,63,10,1142,0,51,27
10-20-20,Henderson,1368,5,1096,4,272,1,1615,3,10093,20,11708,23,0,25,-6,75,11,1268,0,50,27
10-20-20,Henry,747,5,727,5,20,0,881,4,10907,29,11788,33,0,10,0,56,5,681,0,42,12
10-20-20,Hickman,761,5,707,3,54,2,894,2,8559,16,9453,18,0,13,0,63,5,685,0,23,14
10-20-20,Houston,390,1,347,0,43,1,416,0,3287,7,3703,7,1,15,-5,34,5,341,0,30,18
10-20-20,Humphreys,415,8,329,5,86,3,426,4,6394,18,6820,22,0,4,3,69,5,342,2,17,4
10-20-20,Jackson,428,6,378,6,50,0,469,6,2872,20,3341,26,0,5,5,43,1,380,0,18,5
10-20-20,Jefferson,1469,11,1278,8,191,3,1519,9,19899,84,21418,93,1,19,-13,131,23,1319,1,78,22
10-20-20,Johnson,1117,9,1096,1,21,8,1176,0,7681,12,8857,12,1,7,7,81,1,1029,0,33,8
10-20-20,Knox,12132,128,11590,122,542,6,13007,159,153566,856,166573,1015,0,87,12,962,116,11083,7,459,95
10-20-20,Lake,968,0,960,0,8,0,1179,0,6741,4,7920,4,0,3,0,25,0,940,0,8,3
10-20-20,Lauderdale,1334,24,1144,17,190,7,1355,17,12858,40,14213,57,0,18,7,174,17,1142,1,63,17
10-20-20,Lawrence,1499,9,1471,7,28,2,1677,16,13179,85,14856,101,1,18,-12,247,20,1234,1,67,21
10-20-20,Lewis,357,5,355,5,2,0,390,7,5407,32,5797,39,0,2,-2,85,7,270,1,21,4
10-20-20,Lincoln,826,7,796,7,30,0,960,8,9172,16,10132,24,0,2,-6,105,13,719,0,27,3
10-20-20,Loudon,1546,3,1494,3,52,0,1681,5,15830,83,17511,88,0,10,-16,147,19,1389,1,48,11
10-20-20,Macon,1271,7,1217,7,54,0,1508,9,8565,25,10073,34,0,24,-4,71,11,1176,0,86,25
10-20-20,Madison,3639,31,2639,20,1000,11,3710,15,32258,87,35968,102,1,79,4,241,26,3319,0,211,86
10-20-20,Marion,734,5,718,5,16,0,872,11,7640,22,8512,33,0,9,-6,104,11,621,0,53,9
10-20-20,Marshall,1060,3,1044,3,16,0,1209,5,10911,34,12120,39,0,8,-9,158,12,894,1,30,10
10-20-20,Maury,3101,21,3052,18,49,3,3488,9,31764,91,35252,100,0,35,-21,371,42,2695,2,108,38
10-20-20,McMinn,1552,13,1524,11,28,2,1777,14,20087,112,21864,126,0,32,-17,225,30,1295,1,81,38
10-20-20,McNairy,1094,5,883,3,211,2,1227,3,9054,18,10281,21,1,26,-8,65,12,1003,0,45,30
10-20-20,Meigs,298,2,294,2,4,0,340,5,3701,20,4041,25,1,5,-1,44,2,249,0,17,5
10-20-20,Monroe,1366,14,1316,14,50,0,1527,16,12976,97,14503,113,4,27,4,186,6,1153,0,86,31
10-20-20,Montgomery,3942,51,3687,30,255,21,4273,39,48431,400,52704,439,0,51,-17,271,68,3620,2,145,58
10-20-20,Moore,252,3,221,2,31,1,274,2,2834,2,3108,4,0,2,-2,30,5,220,0,6,2
10-20-20,Morgan,423,9,395,8,28,1,449,8,9072,49,9521,57,0,6,4,51,5,366,0,12,6
10-20-20,Obion,1697,18,1525,7,172,11,1760,9,11995,32,13755,41,1,18,7,195,10,1484,0,60,28
10-20-20,Out of State,2840,20,2731,18,109,2,3176,22,326376,1600,329552,1622,0,35,-7,271,27,2534,0,101,21
10-20-20,Overton,1149,4,980,4,169,0,1184,6,8484,36,9668,42,0,11,-14,180,18,958,0,46,20
10-20-20,Pending,1428,47,1272,30,156,17,1523,39,204441,731,205964,770,1,4,16,258,30,1166,0,25,3
10-20-20,Perry,244,39,221,38,23,1,219,4,3954,4,4173,8,0,1,37,74,2,169,0,10,1
10-20-20,Pickett,251,1,194,1,57,0,242,1,1390,9,1632,10,0,5,-4,46,5,200,0,13,7
10-20-20,Polk,488,4,470,4,18,0,558,5,4373,14,4931,19,0,13,0,29,4,446,0,22,13
10-20-20,Putnam,4160,53,3806,46,354,7,4838,49,35549,294,40387,343,0,53,13,382,40,3725,1,132,57
10-20-20,Rhea,1063,1,1049,1,14,0,1255,9,12684,71,13939,80,0,16,-8,84,9,963,0,40,17
10-20-20,Roane,1206,17,1153,17,53,0,1371,22,21148,111,22519,133,0,7,-2,143,19,1056,0,44,8
10-20-20,Robertson,2519,11,2476,9,43,2,3003,10,20405,119,23408,129,0,39,-1,129,12,2351,0,183,42
10-20-20,Rutherford,11247,72,11091,63,156,9,13500,83,99870,511,113370,594,0,106,-23,692,95,10449,1,311,114
10-20-20,Scott,338,11,303,10,35,1,339,12,5278,35,5617,47,0,4,4,58,7,276,2,23,4
10-20-20,Sequatchie,329,2,324,2,5,0,362,3,5945,26,6307,29,0,4,-5,55,7,270,0,12,2
10-20-20,Sevier,3204,31,3089,31,115,0,3505,27,29640,171,33145,198,1,21,1,278,29,2905,2,121,23
10-20-20,Shelby,35085,229,34519,222,566,7,43268,263,430609,2210,473877,2473,1,553,74,2003,154,32529,8,2300,586
10-20-20,Smith,965,12,923,11,42,1,1203,16,6657,41,7860,57,0,13,-5,72,17,880,1,35,12
10-20-20,Stewart,308,1,285,0,23,1,339,0,3475,19,3814,19,0,7,0,33,1,268,0,12,12
10-20-20,Sullivan,3290,44,3099,40,191,4,3471,41,36584,58,40055,99,1,45,-13,574,56,2671,1,237,47
10-20-20,Sumner,5767,44,5714,43,53,1,6795,53,54239,252,61034,305,0,107,-12,394,56,5266,1,431,114
10-20-20,Tipton,2243,21,1982,8,261,13,2540,8,24553,124,27093,132,0,22,-3,202,24,2019,1,102,23
10-20-20,Trousdale,1744,3,1730,3,14,0,1821,2,5574,19,7395,21,0,7,1,34,2,1703,1,27,9
10-20-20,Unicoi,370,7,343,4,27,3,405,1,7335,12,7740,13,1,2,5,65,1,303,0,20,3
10-20-20,Union,503,13,458,13,45,0,524,14,5634,54,6158,68,0,2,4,48,9,453,2,20,2
10-20-20,Van Buren,192,0,177,0,15,0,214,0,2580,14,2794,14,0,1,-1,11,1,180,0,8,2
10-20-20,Warren,1366,14,1266,14,100,0,1515,16,15529,114,17044,130,1,10,0,151,13,1205,0,22,11
10-20-20,Washington,3145,31,3047,28,98,3,3512,33,36998,138,40510,171,1,44,-15,425,45,2676,1,139,51
10-20-20,Wayne,1566,2,1544,1,22,1,1701,2,6619,10,8320,12,0,7,-1,31,3,1528,0,23,8
10-20-20,Weakley,1484,11,1343,7,141,4,1586,5,12699,49,14285,54,0,25,-4,93,15,1366,0,37,26
10-20-20,White,1104,29,1022,29,82,0,1362,35,12092,81,13454,116,0,14,18,103,11,987,0,59,14
10-20-20,Williamson,6702,50,6452,39,250,11,7616,48,81928,520,89544,568,1,49,-21,576,70,6077,2,146,54
10-20-20,Wilson,4436,20,4343,19,93,1,5166,28,44566,237,49732,265,0,53,-19,381,39,4002,0,146,58
10-19-20,Anderson,1568,4,1499,4,69,0,1751,5,29603,66,31354,71,0,13,-16,171,20,1384,1,52,15
10-19-20,Bedford,1594,13,1513,13,81,0,1866,13,15136,166,17002,179,0,20,-1,140,14,1434,1,60,20
10-19-20,Benton,400,6,382,6,18,0,426,6,5182,15,5608,21,0,9,1,28,5,363,0,19,9
10-19-20,Bledsoe,927,6,920,6,7,0,970,5,8717,100,9687,105,0,4,0,36,6,887,0,21,4
10-19-20,Blount,3118,22,3033,18,85,4,3546,16,33884,201,37430,217,0,31,-5,291,27,2796,1,136,33
10-19-20,Bradley,3447,28,3308,27,139,1,3987,24,29102,137,33089,161,0,21,4,237,24,3189,3,213,21
10-19-20,Campbell,894,27,773,14,121,13,886,11,13496,31,14382,42,0,7,-2,230,29,657,1,51,10
10-19-20,Cannon,398,4,378,4,20,0,460,6,4671,31,5131,37,0,2,1,51,3,345,0,13,2
10-19-20,Carroll,1090,4,920,3,170,1,1145,3,12423,18,13568,21,0,24,-8,63,12,1003,0,56,26
10-19-20,Carter,1438,23,1376,21,62,2,1552,20,18657,100,20209,120,0,32,10,132,13,1274,0,95,34
10-19-20,Cheatham,969,7,943,6,26,1,1133,6,12519,49,13652,55,0,11,1,78,6,880,1,35,12
10-19-20,Chester,712,2,585,2,127,0,789,2,6185,37,6974,39,0,14,-1,44,3,654,0,25,16
10-19-20,Claiborne,501,7,444,2,57,5,545,3,11831,24,12376,27,0,6,4,32,3,463,0,27,6
10-19-20,Clay,368,4,307,3,61,1,365,3,3301,10,3666,13,3,12,-11,76,12,280,0,12,14
10-19-20,Cocke,927,7,834,6,93,1,953,4,9408,34,10361,38,0,12,-11,87,18,828,1,51,16
10-19-20,Coffee,1767,26,1547,19,220,7,1990,18,22814,132,24804,150,0,20,-5,258,31,1489,1,57,29
10-19-20,Crockett,801,15,633,6,168,9,783,5,4284,19,5067,24,0,20,0,143,15,638,0,22,20
10-19-20,Cumberland,1500,1,1457,1,43,0,1803,1,26079,38,27882,39,0,24,-27,121,28,1355,0,75,26
10-19-20,Davidson,30486,265,30239,262,247,3,37954,248,416498,3181,454452,3429,0,325,70,1789,195,28372,6,1202,345
10-19-20,Decatur,626,3,496,1,130,2,671,1,6770,11,7441,12,0,11,0,42,3,573,0,22,11
10-19-20,Dekalb,639,4,612,4,27,0,782,7,9249,27,10031,34,0,16,-6,45,10,578,2,31,18
10-19-20,Dickson,1552,13,1356,10,196,3,1835,7,16483,52,18318,59,0,18,-1,148,14,1386,1,65,19
10-19-20,Dyer,2079,20,1798,12,281,8,2094,9,13708,46,15802,55,0,26,-10,366,30,1687,0,77,31
10-19-20,Fayette,1585,17,1527,17,58,0,1937,18,18128,110,20065,128,1,22,4,218,12,1345,0,90,31
10-19-20,Fentress,864,8,768,5,96,3,940,7,5311,97,6251,104,0,7,-15,114,23,743,1,39,12
10-19-20,Franklin,1231,20,1181,19,50,1,1483,20,17304,112,18787,132,0,15,4,131,16,1085,0,56,23
10-19-20,Gibson,2078,15,1594,4,484,11,2203,7,17417,52,19620,59,0,37,-3,149,18,1892,0,67,46
10-19-20,Giles,899,10,879,10,20,0,1053,11,10801,68,11854,79,3,34,-12,135,19,730,0,55,36
10-19-20,Grainger,538,9,488,7,50,2,590,7,7144,25,7734,32,0,4,3,70,6,464,0,28,4
10-19-20,Greene,1565,40,1478,40,87,0,1758,34,18767,144,20525,178,1,50,6,237,33,1278,3,95,52
10-19-20,Grundy,546,12,506,12,40,0,613,9,3233,56,3846,65,0,8,3,101,9,437,0,39,11
10-19-20,Hamblen,2345,12,2140,10,205,2,2506,8,25476,67,27982,75,0,43,-14,195,26,2107,1,134,51
10-19-20,Hamilton,11156,109,10683,98,473,11,12540,106,155817,899,168357,1005,0,102,21,672,88,10382,4,448,109
10-19-20,Hancock,115,1,104,0,11,1,120,0,2150,4,2270,4,0,3,1,3,0,109,0,11,3
10-19-20,Hardeman,1826,14,1720,6,106,8,2061,5,16001,154,18062,159,0,32,2,120,12,1674,0,76,32
10-19-20,Hardin,1330,14,1090,11,240,3,1413,10,14108,61,15521,71,0,19,4,151,10,1160,0,35,22
10-19-20,Hawkins,1111,18,1067,18,44,0,1215,18,12101,80,13316,98,0,23,0,155,18,933,2,76,26
10-19-20,Haywood,1227,7,1147,6,80,1,1328,7,7824,138,9152,145,0,25,-2,70,9,1132,0,51,27
10-19-20,Henderson,1363,14,1092,9,271,5,1612,12,10073,38,11685,50,0,25,1,81,13,1257,0,50,27
10-19-20,Henry,742,3,722,3,20,0,877,5,10878,35,11755,40,0,10,-2,56,5,676,0,42,11
10-19-20,Hickman,756,3,704,3,52,0,892,3,8543,34,9435,37,0,13,-3,63,6,680,0,23,14
10-19-20,Houston,389,4,347,3,42,1,416,3,3280,161,3696,164,0,14,-5,39,9,336,0,30,18
10-19-20,Humphreys,407,4,324,4,83,0,422,3,6376,24,6798,27,0,4,-4,66,8,337,0,15,4
10-19-20,Jackson,422,3,372,3,50,0,463,3,2852,36,3315,39,0,5,-1,38,4,379,0,18,5
10-19-20,Jefferson,1458,7,1270,5,188,2,1510,6,19815,61,21325,67,0,18,-19,144,26,1296,1,77,22
10-19-20,Johnson,1108,5,1095,5,13,0,1176,22,7669,172,8845,194,0,6,-6,74,11,1028,1,33,8
10-19-20,Knox,12004,113,11468,108,536,5,12848,104,152710,810,165558,914,1,87,-6,950,118,10967,6,452,94
10-19-20,Lake,968,5,960,5,8,0,1179,6,6737,14,7916,20,0,3,4,25,1,940,0,8,3
10-19-20,Lauderdale,1310,8,1127,8,183,0,1338,11,12818,98,14156,109,0,18,-17,167,25,1125,0,62,17
10-19-20,Lawrence,1490,25,1464,22,26,3,1661,16,13094,79,14755,95,0,17,-1,259,26,1214,1,66,21
10-19-20,Lewis,352,9,350,9,2,0,383,7,5375,27,5758,34,0,2,-5,87,14,263,0,20,4
10-19-20,Lincoln,819,14,789,14,30,0,952,13,9156,29,10108,42,0,2,2,111,12,706,0,27,2
10-19-20,Loudon,1543,13,1491,11,52,2,1676,11,15747,58,17423,69,0,10,-6,163,19,1370,1,47,11
10-19-20,Macon,1264,4,1210,4,54,0,1499,5,8540,26,10039,31,0,24,-15,75,19,1165,0,86,25
10-19-20,Madison,3608,17,2619,10,989,7,3695,13,32171,216,35866,229,0,78,-28,237,45,3293,0,211,86
10-19-20,Marion,729,12,713,11,16,1,861,13,7618,90,8479,103,0,9,2,110,10,610,3,53,9
10-19-20,Marshall,1057,12,1041,12,16,0,1204,14,10877,62,12081,76,0,8,-11,167,23,882,0,29,9
10-19-20,Maury,3080,23,3034,22,46,1,3479,25,31673,174,35152,199,0,35,-8,392,31,2653,1,106,38
10-19-20,McMinn,1539,18,1513,18,26,0,1763,21,19975,94,21738,115,0,32,-1,242,19,1265,1,80,38
10-19-20,McNairy,1089,3,880,2,209,1,1224,3,9036,46,10260,49,0,25,-5,73,8,991,0,45,30
10-19-20,Meigs,296,3,292,3,4,0,335,3,3681,21,4016,24,0,4,-3,45,6,247,1,17,5
10-19-20,Monroe,1352,30,1302,28,50,2,1511,27,12879,102,14390,129,0,23,11,182,19,1147,1,86,30
10-19-20,Montgomery,3891,33,3657,22,234,11,4234,18,48031,215,52265,233,0,51,-33,288,66,3552,0,143,57
10-19-20,Moore,249,1,219,1,30,0,272,0,2832,11,3104,11,0,2,-3,32,4,215,0,6,2
10-19-20,Morgan,414,3,387,3,27,0,441,3,9023,13,9464,16,0,6,-1,47,4,361,0,12,6
10-19-20,Obion,1679,7,1518,7,161,0,1751,6,11963,50,13714,56,0,17,-25,188,32,1474,1,60,26
10-19-20,Out of State,2820,32,2713,28,107,4,3154,30,324776,1811,327930,1841,1,35,2,278,29,2507,1,101,21
10-19-20,Overton,1145,17,976,17,169,0,1178,21,8448,65,9626,86,0,11,-12,194,29,940,0,46,20
10-19-20,Pending,1381,29,1242,24,139,5,1484,20,203710,944,205194,964,0,3,6,242,23,1136,1,25,2
10-19-20,Perry,205,0,183,0,22,0,215,0,3950,8,4165,8,0,1,-2,37,2,167,0,10,1
10-19-20,Pickett,250,7,193,5,57,2,241,5,1381,41,1622,46,0,5,-7,50,14,195,0,13,5
10-19-20,Polk,484,5,466,5,18,0,553,5,4359,14,4912,19,0,13,2,29,3,442,0,22,13
10-19-20,Putnam,4107,30,3760,28,347,2,4789,27,35255,176,40044,203,1,53,-19,369,48,3685,0,131,57
10-19-20,Rhea,1062,20,1048,20,14,0,1246,13,12613,150,13859,163,0,16,6,92,14,954,2,40,17
10-19-20,Roane,1189,16,1136,15,53,1,1349,17,21037,203,22386,220,1,7,-5,145,20,1037,1,44,8
10-19-20,Robertson,2508,12,2467,12,41,0,2993,14,20286,96,23279,110,0,39,-3,130,15,2339,1,183,41
10-19-20,Rutherford,11175,146,11028,142,147,4,13417,149,99359,1100,112776,1249,0,106,34,715,112,10354,3,310,114
10-19-20,Scott,327,5,293,3,34,2,327,2,5243,24,5570,26,0,4,-1,54,6,269,0,21,4
10-19-20,Sequatchie,327,2,322,2,5,0,359,1,5919,33,6278,34,0,4,0,60,2,263,1,12,2
10-19-20,Sevier,3173,21,3058,19,115,2,3478,22,29469,160,32947,182,0,20,-17,277,38,2876,1,119,23
10-19-20,Shelby,34856,190,34297,183,559,7,43005,220,428399,1627,471404,1847,1,552,-21,1929,210,32375,4,2292,584
10-19-20,Smith,953,10,912,10,41,0,1187,11,6616,38,7803,49,0,13,-7,77,17,863,1,34,12
10-19-20,Stewart,307,2,285,2,22,0,339,2,3456,24,3795,26,0,7,-4,33,6,267,0,12,12
10-19-20,Sullivan,3246,88,3059,88,187,0,3430,87,36526,223,39956,310,0,44,20,587,68,2615,16,236,47
10-19-20,Sumner,5723,63,5671,62,52,1,6742,64,53987,364,60729,428,0,107,18,406,45,5210,2,430,111
10-19-20,Tipton,2222,16,1974,15,248,1,2532,17,24429,103,26961,120,0,22,-10,205,26,1995,1,101,23
10-19-20,Trousdale,1741,6,1727,6,14,0,1819,6,5555,36,7374,42,0,7,4,33,2,1701,0,26,9
10-19-20,Unicoi,363,5,339,5,24,0,404,5,7323,47,7727,52,0,1,3,60,2,302,1,20,3
10-19-20,Union,490,0,445,0,45,0,510,0,5580,11,6090,11,0,2,-5,44,5,444,0,18,2
10-19-20,Van Buren,192,0,177,0,15,0,214,0,2566,6,2780,6,0,1,-6,12,6,179,0,8,2
10-19-20,Warren,1352,4,1252,4,100,0,1499,3,15415,92,16914,95,0,9,-13,151,17,1192,0,22,11
10-19-20,Washington,3114,78,3019,74,95,4,3479,68,36860,253,40339,321,0,43,40,440,38,2631,5,138,48
10-19-20,Wayne,1564,9,1543,8,21,1,1699,10,6609,22,8308,32,0,7,4,32,5,1525,1,23,8
10-19-20,Weakley,1473,5,1336,1,137,4,1581,1,12650,34,14231,35,0,25,-1,97,6,1351,0,37,26
10-19-20,White,1075,8,993,8,82,0,1327,8,12011,57,13338,65,0,14,-13,85,21,976,0,59,14
10-19-20,Williamson,6652,88,6413,79,239,9,7568,84,81408,725,88976,809,0,48,12,597,76,6007,1,144,54
10-19-20,Wilson,4416,63,4324,63,92,0,5138,62,44329,337,49467,399,0,53,19,400,44,3963,0,146,56
10-18-20,Anderson,1564,20,1495,20,69,0,1746,23,29537,238,31283,261,0,13,5,187,15,1364,0,51,15
10-18-20,Bedford,1581,16,1500,12,81,4,1853,11,14970,135,16823,146,0,20,8,141,8,1420,0,59,20
10-18-20,Benton,394,2,376,2,18,0,420,2,5167,19,5587,21,0,9,1,27,1,358,0,19,9
10-18-20,Bledsoe,921,4,914,4,7,0,965,4,8617,68,9582,72,0,4,4,36,0,881,0,21,4
10-18-20,Blount,3096,40,3015,40,81,0,3530,46,33683,290,37213,336,0,31,21,296,19,2769,0,135,32
10-18-20,Bradley,3419,44,3281,41,138,3,3963,44,28965,294,32928,338,0,21,30,233,14,3165,1,210,21
10-18-20,Campbell,867,19,759,17,108,2,875,24,13465,279,14340,303,1,7,-16,232,34,628,2,50,10
10-18-20,Cannon,394,4,374,3,20,1,454,3,4640,32,5094,35,0,2,-3,50,7,342,1,13,2
10-18-20,Carroll,1086,5,917,5,169,0,1142,9,12405,90,13547,99,0,24,-3,71,8,991,0,56,25
10-18-20,Carter,1415,15,1355,15,60,0,1532,19,18557,220,20089,239,0,32,0,122,15,1261,0,95,34
10-18-20,Cheatham,962,17,937,13,25,4,1127,13,12470,133,13597,146,0,11,11,77,6,874,0,34,12
10-18-20,Chester,710,1,583,1,127,0,787,1,6148,20,6935,21,0,14,-1,45,2,651,0,25,16
10-18-20,Claiborne,494,3,442,2,52,1,542,2,11807,59,12349,61,0,6,1,28,2,460,1,27,6
10-18-20,Clay,364,0,304,0,60,0,362,1,3291,10,3653,11,0,9,-3,87,3,268,0,12,14
10-18-20,Cocke,920,15,828,6,92,9,949,9,9374,55,10323,64,0,12,6,98,9,810,1,50,16
10-18-20,Coffee,1741,31,1528,26,213,5,1972,30,22682,238,24654,268,0,20,16,263,15,1458,0,56,29
10-18-20,Crockett,786,11,627,5,159,6,778,6,4265,23,5043,29,0,20,-2,143,13,623,0,22,20
10-18-20,Cumberland,1499,18,1456,14,43,4,1802,17,26041,197,27843,214,0,24,10,148,8,1327,2,75,26
10-18-20,Davidson,30221,291,29977,287,244,4,37706,383,413317,7451,451023,7834,0,325,184,1719,107,28177,3,1196,343
10-18-20,Decatur,623,4,495,3,128,1,670,3,6759,26,7429,29,0,11,1,42,3,570,0,22,11
10-18-20,Dekalb,635,3,608,3,27,0,775,4,9222,40,9997,44,0,16,2,51,1,568,0,29,17
10-18-20,Dickson,1539,27,1346,21,193,6,1828,25,16431,200,18259,225,0,18,22,149,5,1372,0,64,18
10-18-20,Dyer,2059,52,1786,38,273,14,2085,39,13662,162,15747,201,0,26,26,376,26,1657,2,77,31
10-18-20,Fayette,1568,16,1510,16,58,0,1919,18,18018,201,19937,219,0,21,6,214,10,1333,2,90,31
10-18-20,Fentress,856,7,763,7,93,0,933,8,5214,27,6147,35,0,7,0,129,7,720,0,38,11
10-18-20,Franklin,1211,15,1162,15,49,0,1463,23,17192,149,18655,172,0,15,5,127,10,1069,1,56,23
10-18-20,Gibson,2063,13,1590,10,473,3,2196,12,17365,89,19561,101,0,37,5,152,8,1874,0,67,46
10-18-20,Giles,889,16,869,16,20,0,1042,29,10733,241,11775,270,0,31,11,147,5,711,0,55,36
10-18-20,Grainger,529,5,481,3,48,2,583,2,7119,32,7702,34,0,4,1,67,4,458,0,28,4
10-18-20,Greene,1525,34,1438,33,87,1,1724,33,18623,258,20347,291,1,49,20,231,13,1245,1,92,52
10-18-20,Grundy,534,5,494,4,40,1,604,5,3177,42,3781,47,0,8,0,98,5,428,0,39,9
10-18-20,Hamblen,2333,12,2130,10,203,2,2498,15,25409,106,27907,121,0,43,-7,209,19,2081,1,133,51
10-18-20,Hamilton,11047,95,10585,90,462,5,12434,106,154918,1681,167352,1787,0,102,29,651,66,10294,4,444,109
10-18-20,Hancock,114,0,104,0,10,0,120,0,2146,12,2266,12,0,3,0,2,0,109,0,11,3
10-18-20,Hardeman,1812,10,1714,7,98,3,2056,8,15847,137,17903,145,0,32,5,118,5,1662,0,76,32
10-18-20,Hardin,1316,10,1079,8,237,2,1403,9,14047,59,15450,68,0,19,6,147,4,1150,0,35,22
10-18-20,Hawkins,1093,11,1049,10,44,1,1197,14,12021,121,13218,135,0,23,1,155,10,915,2,74,26
10-18-20,Haywood,1220,7,1141,6,79,1,1321,6,7686,33,9007,39,0,25,-2,72,9,1123,0,51,27
10-18-20,Henderson,1349,7,1083,5,266,2,1600,7,10035,68,11635,75,0,25,0,80,7,1244,0,50,27
10-18-20,Henry,739,6,719,6,20,0,872,7,10843,31,11715,38,0,10,5,58,1,671,0,42,11
10-18-20,Hickman,753,15,701,15,52,0,889,15,8509,79,9398,94,0,13,13,66,2,674,0,23,14
10-18-20,Houston,385,12,344,11,41,1,413,11,3119,36,3532,47,0,14,8,44,4,327,0,30,18
10-18-20,Humphreys,403,8,320,7,83,1,419,7,6352,54,6771,61,0,4,-1,70,9,329,1,15,4
10-18-20,Jackson,419,2,369,2,50,0,460,2,2816,8,3276,10,0,5,-1,39,3,375,1,18,5
10-18-20,Jefferson,1451,12,1265,8,186,4,1504,14,19754,188,21258,202,0,18,4,163,8,1270,0,76,21
10-18-20,Johnson,1103,23,1090,23,13,0,1154,7,7497,57,8651,64,0,6,19,80,4,1017,0,32,7
10-18-20,Knox,11891,141,11360,136,531,5,12744,170,151900,1464,164644,1634,0,86,53,956,88,10849,7,446,94
10-18-20,Lake,963,1,955,1,8,0,1173,2,6723,11,7896,13,0,3,0,21,1,939,0,8,3
10-18-20,Lauderdale,1302,17,1119,7,183,10,1327,5,12720,72,14047,77,0,18,8,184,9,1100,2,62,17
10-18-20,Lawrence,1465,39,1442,36,23,3,1645,45,13015,394,14660,439,0,17,26,260,13,1188,0,65,21
10-18-20,Lewis,343,14,341,14,2,0,376,17,5348,171,5724,188,0,2,10,92,4,249,0,20,4
10-18-20,Lincoln,805,16,775,16,30,0,939,17,9127,54,10066,71,0,2,14,109,2,694,1,27,2
10-18-20,Loudon,1530,12,1480,12,50,0,1665,12,15689,236,17354,248,0,10,-1,169,13,1351,0,46,11
10-18-20,Macon,1260,5,1206,5,54,0,1494,6,8514,43,10008,49,0,24,-2,90,7,1146,0,86,24
10-18-20,Madison,3591,14,2609,9,982,5,3682,15,31955,313,35637,328,0,78,-3,265,17,3248,0,211,85
10-18-20,Marion,717,11,702,11,15,0,848,18,7528,92,8376,110,0,9,11,108,0,600,0,50,9
10-18-20,Marshall,1045,24,1029,24,16,0,1190,30,10815,197,12005,227,0,8,14,178,10,859,0,29,9
10-18-20,Maury,3057,89,3012,89,45,0,3454,96,31499,692,34953,788,0,35,59,400,30,2622,0,105,36
10-18-20,McMinn,1521,39,1495,39,26,0,1742,47,19881,300,21623,347,0,32,23,243,16,1246,0,79,37
10-18-20,McNairy,1086,11,878,9,208,2,1221,11,8990,84,10211,95,0,25,8,78,3,983,0,45,30
10-18-20,Meigs,293,13,289,13,4,0,332,17,3660,84,3992,101,0,4,11,48,2,241,1,16,5
10-18-20,Monroe,1322,14,1274,14,48,0,1484,16,12777,150,14261,166,0,23,7,171,7,1128,0,85,29
10-18-20,Montgomery,3858,60,3635,57,223,3,4216,59,47816,619,52032,678,0,51,35,321,25,3486,1,143,57
10-18-20,Moore,248,3,218,3,30,0,272,4,2821,19,3093,23,0,2,2,35,1,211,0,6,2
10-18-20,Morgan,411,5,384,5,27,0,438,6,9010,35,9448,41,0,6,2,48,3,357,0,12,6
10-18-20,Obion,1672,13,1511,11,161,2,1745,12,11913,99,13658,111,0,17,5,213,8,1442,0,59,24
10-18-20,Out of State,2788,52,2685,48,103,4,3124,58,322965,3877,326089,3935,0,34,39,276,13,2478,2,100,21
10-18-20,Overton,1128,10,959,9,169,1,1157,9,8383,60,9540,69,0,11,-2,206,12,911,1,46,18
10-18-20,Pending,1352,48,1218,46,134,2,1464,52,202766,2248,204230,2300,0,3,34,236,14,1113,1,24,2
10-18-20,Perry,205,9,183,9,22,0,215,10,3942,24,4157,34,0,1,5,39,4,165,1,10,1
10-18-20,Pickett,243,1,188,1,55,0,236,1,1340,8,1576,9,0,5,-3,57,4,181,0,13,5
10-18-20,Polk,479,9,461,9,18,0,548,11,4345,42,4893,53,0,13,6,27,3,439,0,22,13
10-18-20,Putnam,4077,35,3732,32,345,3,4762,34,35079,319,39841,353,0,52,4,388,31,3637,1,131,57
10-18-20,Rhea,1042,8,1028,8,14,0,1233,9,12463,164,13696,173,0,16,5,86,3,940,1,38,17
10-18-20,Roane,1173,16,1121,16,52,0,1332,20,20834,240,22166,260,0,6,5,150,11,1017,1,43,7
10-18-20,Robertson,2496,24,2455,22,41,2,2979,24,20190,262,23169,286,0,39,17,133,7,2324,3,182,41
10-18-20,Rutherford,11029,100,10886,98,143,2,13268,118,98259,1013,111527,1131,0,106,30,681,70,10242,0,307,113
10-18-20,Scott,322,6,290,6,32,0,325,6,5219,66,5544,72,0,4,5,55,1,263,0,21,4
10-18-20,Sequatchie,325,6,320,6,5,0,358,7,5886,79,6244,86,0,4,4,60,2,261,0,11,2
10-18-20,Sevier,3152,26,3039,25,113,1,3456,26,29309,157,32765,183,0,20,11,294,15,2838,1,118,21
10-18-20,Shelby,34666,327,34114,322,552,5,42785,384,426772,5382,469557,5766,2,551,220,1950,105,32165,9,2288,582
10-18-20,Smith,943,1,902,0,41,1,1176,0,6578,30,7754,30,0,13,-8,84,9,846,0,33,12
10-18-20,Stewart,305,4,283,4,22,0,337,6,3432,56,3769,62,0,7,-1,37,5,261,0,12,11
10-18-20,Sullivan,3158,74,2971,72,187,2,3343,75,36303,535,39646,610,0,44,44,567,30,2547,2,220,45
10-18-20,Sumner,5660,70,5609,68,51,2,6678,77,53623,611,60301,688,1,107,48,388,21,5165,0,428,111
10-18-20,Tipton,2206,22,1959,14,247,8,2515,16,24326,169,26841,185,0,22,10,215,12,1969,0,100,23
10-18-20,Trousdale,1735,10,1721,10,14,0,1813,10,5519,26,7332,36,0,7,8,29,2,1699,0,26,9
10-18-20,Unicoi,358,13,334,11,24,2,399,11,7276,63,7675,74,0,1,12,57,1,300,0,19,3
10-18-20,Union,490,4,445,4,45,0,510,5,5569,30,6079,35,0,2,1,49,3,439,0,18,2
10-18-20,Van Buren,192,0,177,0,15,0,214,0,2560,61,2774,61,0,1,-2,18,2,173,0,8,2
10-18-20,Warren,1348,10,1248,10,100,0,1496,11,15323,117,16819,128,0,9,7,164,3,1175,0,22,11
10-18-20,Washington,3036,47,2945,43,91,4,3411,51,36607,395,40018,446,1,43,27,400,19,2593,0,133,47
10-18-20,Wayne,1555,5,1535,3,20,2,1689,4,6587,53,8276,57,0,7,3,28,2,1520,0,22,8
10-18-20,Weakley,1468,12,1335,10,133,2,1580,10,12616,71,14196,81,0,25,1,98,11,1345,0,37,26
10-18-20,White,1067,5,985,5,82,0,1319,5,11954,89,13273,94,0,14,-2,98,7,955,2,59,14
10-18-20,Williamson,6564,93,6334,85,230,8,7484,99,80683,1015,88167,1114,0,48,29,585,64,5931,6,143,52
10-18-20,Wilson,4353,66,4261,65,92,1,5076,81,43992,433,49068,514,0,53,41,381,25,3919,4,146,56
10-17-20,Anderson,1544,28,1475,27,69,1,1723,30,29299,247,31022,277,0,13,13,182,15,1349,2,51,15
10-17-20,Bedford,1565,5,1488,5,77,0,1842,11,14835,178,16677,189,0,20,-2,133,7,1412,0,59,20
10-17-20,Benton,392,6,374,6,18,0,418,6,5148,33,5566,39,0,9,2,26,4,357,0,19,9
10-17-20,Bledsoe,917,5,910,5,7,0,961,6,8549,80,9510,86,0,4,3,32,2,881,0,21,4
10-17-20,Blount,3056,24,2975,24,81,0,3484,31,33393,472,36877,503,0,31,6,275,18,2750,1,135,32
10-17-20,Bradley,3375,21,3240,19,135,2,3919,20,28671,169,32590,189,0,21,1,203,20,3151,4,209,21
10-17-20,Campbell,848,29,742,25,106,4,851,30,13186,115,14037,145,0,6,0,248,29,594,3,48,10
10-17-20,Cannon,390,9,371,9,19,0,451,9,4608,43,5059,52,0,2,7,53,2,335,1,12,2
10-17-20,Carroll,1081,10,912,9,169,1,1133,11,12315,102,13448,113,0,24,5,74,5,983,0,56,25
10-17-20,Carter,1400,11,1340,11,60,0,1513,11,18337,209,19850,220,0,32,1,122,10,1246,2,95,34
10-17-20,Cheatham,945,7,924,7,21,0,1114,9,12337,81,13451,90,0,11,6,66,1,868,0,34,12
10-17-20,Chester,709,6,582,4,127,2,786,4,6128,61,6914,65,1,14,5,46,0,649,0,25,16
10-17-20,Claiborne,491,2,440,2,51,0,540,2,11748,73,12288,75,0,6,0,27,2,458,1,26,6
10-17-20,Clay,364,8,304,6,60,2,361,6,3281,35,3642,41,2,9,4,90,2,265,0,12,14
10-17-20,Cocke,905,12,822,9,83,3,940,14,9319,155,10259,169,0,12,7,92,5,801,2,49,14
10-17-20,Coffee,1710,29,1502,23,208,6,1942,27,22444,318,24386,345,1,20,8,247,20,1443,1,56,29
10-17-20,Crockett,775,27,622,21,153,6,772,21,4242,50,5014,71,1,20,20,145,6,610,0,22,19
10-17-20,Cumberland,1481,12,1442,12,39,0,1785,14,25844,248,27629,262,0,24,-2,138,14,1319,0,73,26
10-17-20,Davidson,29930,250,29690,247,240,3,37323,280,405866,4243,443189,4523,1,325,144,1535,105,28070,7,1193,343
10-17-20,Decatur,619,10,492,10,127,0,667,11,6733,162,7400,173,0,11,6,41,4,567,0,22,11
10-17-20,Dekalb,632,10,605,10,27,0,771,13,9182,121,9953,134,0,16,7,49,3,567,0,29,17
10-17-20,Dickson,1512,14,1325,8,187,6,1803,9,16231,99,18034,108,0,18,4,127,10,1367,0,64,18
10-17-20,Dyer,2007,63,1748,45,259,18,2046,49,13500,125,15546,174,2,26,33,350,28,1631,2,75,31
10-17-20,Fayette,1552,30,1494,29,58,1,1901,32,17817,245,19718,277,0,21,11,208,19,1323,1,88,31
10-17-20,Fentress,849,21,756,21,93,0,925,27,5187,133,6112,160,1,7,14,129,6,713,1,38,10
10-17-20,Franklin,1196,9,1147,8,49,1,1440,11,17043,149,18483,160,1,15,-1,122,9,1059,0,55,23
10-17-20,Gibson,2050,21,1580,15,470,6,2184,18,17276,209,19460,227,1,37,5,147,15,1866,0,67,45
10-17-20,Giles,873,10,853,10,20,0,1013,17,10492,87,11505,104,0,31,-5,136,15,706,1,55,35
10-17-20,Grainger,524,9,478,9,46,0,581,21,7087,130,7668,151,0,4,6,66,3,454,0,28,4
10-17-20,Greene,1491,25,1405,24,86,1,1691,37,18365,329,20056,366,0,48,10,211,15,1232,1,91,52
10-17-20,Grundy,529,8,490,8,39,0,599,10,3135,109,3734,119,0,8,6,98,2,423,0,39,9
10-17-20,Hamblen,2321,26,2120,25,201,1,2483,31,25303,419,27786,450,0,43,13,216,13,2062,0,132,51
10-17-20,Hamilton,10952,84,10495,82,457,2,12328,87,153237,1095,165565,1182,1,102,-6,622,89,10228,2,440,109
10-17-20,Hancock,114,0,104,0,10,0,120,0,2134,8,2254,8,0,3,0,2,0,109,0,11,3
10-17-20,Hardeman,1802,19,1707,19,95,0,2048,24,15710,220,17758,244,0,32,14,113,5,1657,1,76,32
10-17-20,Hardin,1306,40,1071,32,235,8,1394,39,13988,319,15382,358,0,19,37,141,3,1146,1,35,22
10-17-20,Hawkins,1082,18,1039,18,43,0,1183,21,11900,170,13083,191,0,23,5,154,13,905,1,72,26
10-17-20,Haywood,1213,6,1135,5,78,1,1315,6,7653,112,8968,118,0,25,-2,74,8,1114,0,51,27
10-17-20,Henderson,1342,8,1078,8,264,0,1593,9,9967,91,11560,100,1,25,4,80,3,1237,0,50,27
10-17-20,Henry,733,19,713,19,20,0,865,21,10812,67,11677,88,0,10,16,53,3,670,0,42,11
10-17-20,Hickman,738,6,686,5,52,1,874,8,8430,51,9304,59,0,13,2,53,4,672,0,23,14
10-17-20,Houston,373,2,333,0,40,2,402,1,3083,97,3485,98,0,14,-2,36,4,323,0,30,17
10-17-20,Humphreys,395,10,313,7,82,3,412,10,6298,62,6710,72,0,4,7,71,3,320,0,14,4
10-17-20,Jackson,417,8,367,8,50,0,458,9,2808,24,3266,33,0,5,4,40,4,372,0,17,5
10-17-20,Jefferson,1439,14,1257,14,182,0,1490,21,19566,403,21056,424,0,18,6,159,8,1262,0,76,20
10-17-20,Johnson,1080,13,1067,13,13,0,1147,14,7440,81,8587,95,0,6,9,61,4,1013,1,32,7
10-17-20,Knox,11750,129,11224,125,526,4,12574,154,150436,1470,163010,1624,1,86,47,903,81,10761,3,439,93
10-17-20,Lake,962,7,954,6,8,1,1171,7,6712,55,7883,62,0,3,7,21,0,938,0,8,3
10-17-20,Lauderdale,1285,44,1112,28,173,16,1322,31,12648,118,13970,149,0,18,34,176,10,1091,3,60,17
10-17-20,Lawrence,1426,15,1406,15,20,0,1600,18,12621,102,14221,120,0,17,1,234,14,1175,0,65,21
10-17-20,Lewis,329,8,327,8,2,0,359,9,5177,34,5536,43,0,2,5,82,3,245,0,20,4
10-17-20,Lincoln,789,7,759,7,30,0,922,12,9073,41,9995,53,0,2,0,95,7,692,1,26,2
10-17-20,Loudon,1518,14,1468,14,50,0,1653,18,15453,201,17106,219,0,10,9,170,5,1338,0,46,11
10-17-20,Macon,1255,6,1201,6,54,0,1488,9,8471,141,9959,150,2,24,-7,92,11,1139,0,86,24
10-17-20,Madison,3577,23,2600,17,977,6,3667,16,31642,351,35309,367,0,78,-5,268,28,3231,2,211,85
10-17-20,Marion,706,21,691,18,15,3,830,19,7436,111,8266,130,0,9,16,97,5,600,2,50,9
10-17-20,Marshall,1021,11,1005,11,16,0,1160,16,10618,87,11778,103,0,8,8,164,3,849,0,29,9
10-17-20,Maury,2968,69,2923,69,45,0,3358,90,30807,582,34165,672,0,35,45,341,24,2592,0,105,36
10-17-20,McMinn,1482,27,1456,27,26,0,1695,32,19581,221,21276,253,0,32,18,220,9,1230,2,79,36
10-17-20,McNairy,1075,9,869,5,206,4,1210,5,8906,102,10116,107,1,25,-2,70,10,980,0,45,30
10-17-20,Meigs,280,6,276,6,4,0,315,5,3576,30,3891,35,0,4,4,37,2,239,1,15,4
10-17-20,Monroe,1308,32,1260,32,48,0,1468,37,12627,165,14095,202,1,23,25,164,6,1121,2,85,28
10-17-20,Montgomery,3798,52,3578,45,220,7,4157,51,47197,589,51354,640,0,51,33,286,19,3461,0,142,56
10-17-20,Moore,245,1,215,1,30,0,268,3,2802,17,3070,20,0,2,-3,33,4,210,0,6,2
10-17-20,Morgan,406,4,379,4,27,0,432,6,8975,52,9407,58,0,6,-2,46,6,354,0,12,6
10-17-20,Obion,1659,23,1500,19,159,4,1733,22,11814,120,13547,142,0,17,9,208,14,1434,0,59,23
10-17-20,Out of State,2736,55,2637,52,99,3,3066,55,319088,3329,322154,3384,3,34,36,237,16,2465,1,98,21
10-17-20,Overton,1118,27,950,22,168,5,1148,25,8323,102,9471,127,0,11,16,208,11,899,0,45,17
10-17-20,Pending,1304,43,1172,34,132,9,1412,38,200518,2109,201930,2147,0,3,28,202,15,1099,0,23,2
10-17-20,Perry,196,5,174,5,22,0,205,11,3918,91,4123,102,0,1,5,34,0,161,0,9,1
10-17-20,Pickett,242,13,187,13,55,0,235,13,1332,50,1567,63,1,5,5,60,7,177,2,13,5
10-17-20,Polk,470,2,452,2,18,0,537,3,4303,30,4840,33,0,13,2,21,0,436,0,22,13
10-17-20,Putnam,4042,61,3700,60,342,1,4728,73,34760,485,39488,558,1,52,36,384,24,3606,2,130,56
10-17-20,Rhea,1034,14,1020,14,14,0,1224,22,12299,158,13523,180,0,16,13,81,1,937,0,37,17
10-17-20,Roane,1157,22,1105,22,52,0,1312,28,20594,363,21906,391,0,6,11,145,11,1006,1,42,6
10-17-20,Robertson,2472,15,2433,15,39,0,2955,24,19928,223,22883,247,-1,39,3,116,13,2317,1,179,41
10-17-20,Rutherford,10929,94,10788,85,141,9,13150,92,97246,1059,110396,1151,1,106,26,651,67,10172,0,307,113
10-17-20,Scott,316,5,284,5,32,0,319,8,5153,124,5472,132,1,4,1,50,3,262,0,21,4
10-17-20,Sequatchie,319,5,314,5,5,0,351,5,5807,82,6158,87,0,4,4,56,1,259,0,11,2
10-17-20,Sevier,3126,19,3014,19,112,0,3430,30,29152,411,32582,441,0,20,-2,283,21,2823,0,117,21
10-17-20,Shelby,34339,315,33792,311,547,4,42401,358,421390,4185,463791,4543,1,549,208,1730,106,32060,4,2279,579
10-17-20,Smith,942,12,902,12,40,0,1176,21,6548,92,7724,113,1,13,7,92,4,837,0,33,12
10-17-20,Stewart,301,4,279,3,22,1,331,3,3376,24,3707,27,0,7,0,38,4,256,1,12,11
10-17-20,Sullivan,3084,19,2899,13,185,6,3268,57,35768,423,39036,480,2,44,-14,523,31,2517,0,218,45
10-17-20,Sumner,5590,66,5541,65,49,1,6601,72,53012,873,59613,945,0,106,48,340,18,5144,5,428,110
10-17-20,Tipton,2184,25,1945,20,239,5,2499,25,24157,214,26656,239,0,22,16,205,9,1957,0,100,23
10-17-20,Trousdale,1725,7,1711,6,14,1,1803,7,5493,40,7296,47,0,7,3,21,4,1697,0,26,9
10-17-20,Unicoi,345,9,323,4,22,5,388,6,7213,44,7601,50,0,1,8,45,1,299,0,19,3
10-17-20,Union,486,6,441,6,45,0,505,9,5539,84,6044,93,0,2,1,48,5,436,0,18,2
10-17-20,Van Buren,192,3,177,3,15,0,214,5,2499,89,2713,94,0,1,2,20,1,171,0,8,2
10-17-20,Warren,1338,41,1238,40,100,1,1485,43,15206,270,16691,313,0,9,31,157,10,1172,0,22,11
10-17-20,Washington,2989,62,2902,56,87,6,3360,75,36212,475,39572,550,0,42,33,373,29,2574,3,133,47
10-17-20,Wayne,1550,0,1532,0,18,0,1685,1,6534,95,8219,96,0,7,-2,25,2,1518,0,22,8
10-17-20,Weakley,1456,17,1325,16,131,1,1570,19,12545,93,14115,112,2,25,9,97,6,1334,0,37,26
10-17-20,White,1062,32,980,32,82,0,1314,36,11865,223,13179,259,0,14,23,100,9,948,1,57,14
10-17-20,Williamson,6471,105,6249,93,222,12,7385,102,79668,940,87053,1042,1,48,52,556,52,5867,0,137,52
10-17-20,Wilson,4287,69,4196,59,91,10,4995,64,43559,395,48554,459,1,53,25,340,43,3894,2,142,56
10-16-20,Anderson,1516,8,1448,4,68,4,1693,4,29052,97,30745,101,0,13,-11,169,19,1334,0,49,15
10-16-20,Bedford,1560,15,1483,13,77,2,1831,13,14657,76,16488,89,1,20,7,135,7,1405,0,59,20
10-16-20,Benton,386,1,368,1,18,0,412,1,5115,13,5527,14,0,9,0,24,1,353,0,19,9
10-16-20,Bledsoe,912,6,905,5,7,1,955,5,8469,63,9424,68,0,4,2,29,4,879,0,21,4
10-16-20,Blount,3032,32,2951,29,81,3,3453,25,32921,116,36374,141,0,31,5,269,27,2732,1,134,32
10-16-20,Bradley,3354,28,3221,24,133,4,3899,30,28502,180,32401,210,0,21,7,202,21,3131,0,205,21
10-16-20,Campbell,819,13,717,11,102,2,821,11,13071,26,13892,37,0,6,-5,248,18,565,0,45,9
10-16-20,Cannon,381,3,362,3,19,0,442,4,4565,17,5007,21,0,2,-1,46,4,333,0,11,2
10-16-20,Carroll,1071,2,903,2,168,0,1122,2,12213,18,13335,20,0,24,-2,69,4,978,0,56,25
10-16-20,Carter,1389,14,1329,13,60,1,1502,18,18128,212,19630,230,0,32,3,121,11,1236,0,93,34
10-16-20,Cheatham,938,11,917,9,21,2,1105,10,12256,61,13361,71,1,11,1,60,9,867,1,34,12
10-16-20,Chester,703,2,578,2,125,0,782,2,6067,15,6849,17,0,13,-1,41,3,649,0,25,16
10-16-20,Claiborne,489,0,438,0,51,0,538,0,11675,23,12213,23,0,6,-3,27,3,456,0,25,6
10-16-20,Clay,356,4,298,0,58,4,355,0,3246,5,3601,5,0,7,2,86,2,263,0,12,11
10-16-20,Cocke,893,11,813,7,80,4,926,5,9164,37,10090,42,0,12,1,85,10,796,0,47,14
10-16-20,Coffee,1681,19,1479,14,202,5,1915,14,22126,104,24041,118,0,19,-4,239,23,1423,1,55,28
10-16-20,Crockett,748,8,601,4,147,4,751,5,4192,12,4943,17,0,19,2,125,6,604,0,22,19
10-16-20,Cumberland,1469,3,1430,3,39,0,1771,3,25596,42,27367,45,0,24,-11,140,14,1305,0,73,26
10-16-20,Davidson,29680,171,29443,166,237,5,37043,196,401623,2239,438666,2435,0,324,63,1391,108,27965,5,1186,343
10-16-20,Decatur,609,0,482,0,127,0,656,1,6571,14,7227,15,0,11,-4,35,4,563,0,22,11
10-16-20,Dekalb,622,1,595,1,27,0,758,2,9061,16,9819,18,0,16,-4,42,5,564,0,29,17
10-16-20,Dickson,1498,9,1317,9,181,0,1794,7,16132,111,17926,118,0,18,-3,123,12,1357,1,64,18
10-16-20,Dyer,1944,19,1703,13,241,6,1997,15,13375,32,15372,47,0,24,-3,317,22,1603,1,73,30
10-16-20,Fayette,1522,9,1465,8,57,1,1869,11,17572,66,19441,77,0,21,-5,197,14,1304,1,87,29
10-16-20,Fentress,828,6,735,4,93,2,898,4,5054,24,5952,28,1,6,-5,115,10,707,0,37,9
10-16-20,Franklin,1187,8,1139,8,48,0,1429,11,16894,44,18323,55,0,14,7,123,1,1050,0,55,21
10-16-20,Gibson,2029,10,1565,9,464,1,2166,12,17067,56,19233,68,0,36,-1,142,11,1851,0,67,44
10-16-20,Giles,863,13,843,13,20,0,996,7,10405,118,11401,125,1,31,8,141,4,691,0,54,34
10-16-20,Grainger,515,11,469,11,46,0,560,6,6957,11,7517,17,0,4,3,60,8,451,0,28,4
10-16-20,Greene,1466,15,1381,14,85,1,1654,23,18036,182,19690,205,0,48,0,201,15,1217,0,90,50
10-16-20,Grundy,521,6,482,5,39,1,589,6,3026,20,3615,26,0,8,-4,92,10,421,0,39,9
10-16-20,Hamblen,2295,17,2095,15,200,2,2452,12,24884,38,27336,50,0,43,2,203,15,2049,0,132,51
10-16-20,Hamilton,10868,60,10413,55,455,5,12241,58,152142,511,164383,569,0,101,-18,628,78,10139,2,438,108
10-16-20,Hancock,114,0,104,0,10,0,120,0,2126,6,2246,6,0,3,0,2,0,109,0,11,3
10-16-20,Hardeman,1783,13,1688,12,95,1,2024,12,15490,33,17514,45,0,32,8,99,5,1652,1,75,32
10-16-20,Hardin,1266,10,1039,10,227,0,1355,6,13669,28,15024,34,0,19,-1,104,11,1143,0,34,22
10-16-20,Hawkins,1064,13,1021,13,43,0,1162,12,11730,207,12892,219,0,23,5,149,8,892,0,71,26
10-16-20,Haywood,1207,6,1130,6,77,0,1309,7,7541,21,8850,28,0,25,-12,76,18,1106,0,51,27
10-16-20,Henderson,1334,4,1070,2,264,2,1584,2,9876,7,11460,9,0,24,-2,76,6,1234,0,50,27
10-16-20,Henry,714,8,694,8,20,0,844,11,10745,45,11589,56,0,10,4,37,4,667,1,42,11
10-16-20,Hickman,732,2,681,2,51,0,866,3,8379,38,9245,41,0,13,-5,51,7,668,0,23,14
10-16-20,Houston,371,2,333,2,38,0,401,3,2986,23,3387,26,0,14,-1,38,3,319,0,30,17
10-16-20,Humphreys,385,2,306,2,79,0,402,2,6236,26,6638,28,0,4,-3,64,5,317,0,14,4
10-16-20,Jackson,409,7,359,1,50,6,449,1,2784,16,3233,17,0,5,2,36,5,368,0,17,5
10-16-20,Jefferson,1425,7,1243,5,182,2,1469,7,19163,60,20632,67,0,18,-10,153,17,1254,0,76,20
10-16-20,Johnson,1067,7,1054,7,13,0,1133,9,7359,109,8492,118,0,6,-214,52,221,1009,0,31,7
10-16-20,Knox,11621,73,11099,72,522,1,12420,59,148966,375,161386,434,1,85,-20,856,92,10680,3,436,92
10-16-20,Lake,955,2,948,2,7,0,1164,4,6657,46,7821,50,0,3,-3,14,5,938,0,8,3
10-16-20,Lauderdale,1241,5,1084,5,157,0,1291,8,12530,55,13821,63,1,18,-11,142,15,1081,0,57,17
10-16-20,Lawrence,1411,30,1391,30,20,0,1582,24,12519,84,14101,108,0,17,15,233,15,1161,1,65,19
10-16-20,Lewis,321,14,319,14,2,0,350,15,5143,44,5493,59,0,2,7,77,7,242,0,20,4
10-16-20,Lincoln,782,14,752,11,30,3,910,11,9032,30,9942,41,0,2,8,95,6,685,0,25,2
10-16-20,Loudon,1504,9,1454,9,50,0,1635,8,15252,55,16887,63,0,10,-12,161,21,1333,0,46,11
10-16-20,Macon,1249,9,1195,7,54,2,1479,6,8330,23,9809,29,-1,22,7,99,3,1128,0,86,24
10-16-20,Madison,3554,35,2583,19,971,16,3651,19,31291,82,34942,101,0,78,12,273,23,3203,3,209,85
10-16-20,Marion,685,12,673,12,12,0,811,14,7325,123,8136,137,0,9,4,81,8,595,1,48,9
10-16-20,Marshall,1010,15,994,15,16,0,1144,14,10531,46,11675,60,0,8,6,156,9,846,0,29,9
10-16-20,Maury,2899,18,2854,18,45,0,3268,12,30225,219,33493,231,1,35,-11,296,28,2568,0,105,36
10-16-20,McMinn,1455,19,1429,19,26,0,1663,19,19360,66,21023,85,0,32,-4,202,23,1221,0,77,35
10-16-20,McNairy,1066,8,864,7,202,1,1205,8,8804,20,10009,28,-1,24,6,72,3,970,1,45,29
10-16-20,Meigs,274,1,270,1,4,0,310,1,3546,13,3856,14,0,4,-1,33,2,237,0,14,4
10-16-20,Monroe,1276,12,1228,11,48,1,1431,12,12462,11,13893,23,1,22,5,139,6,1115,2,83,28
10-16-20,Montgomery,3746,31,3533,31,213,0,4106,36,46608,310,50714,346,0,51,-13,253,44,3442,2,142,56
10-16-20,Moore,244,3,214,2,30,1,265,1,2785,13,3050,14,1,2,-2,36,4,206,0,6,2
10-16-20,Morgan,402,7,375,6,27,1,426,6,8923,33,9349,39,0,6,1,48,6,348,0,12,6
10-16-20,Obion,1636,13,1481,5,155,8,1711,6,11694,22,13405,28,-1,17,-24,199,38,1420,0,59,23
10-16-20,Out of State,2681,33,2585,30,96,3,3011,31,315759,1651,318770,1682,-2,31,6,201,29,2449,3,97,21
10-16-20,Overton,1091,20,928,11,163,9,1123,11,8221,46,9344,57,0,11,-3,192,23,888,2,45,17
10-16-20,Pending,1261,20,1138,16,123,4,1374,16,198409,777,199783,793,0,3,3,174,17,1084,2,23,2
10-16-20,Perry,191,13,169,13,22,0,194,3,3827,9,4021,12,0,1,11,29,2,161,0,9,1
10-16-20,Pickett,229,6,174,5,55,1,222,8,1282,28,1504,36,1,4,-7,55,12,170,0,11,5
10-16-20,Polk,468,6,450,5,18,1,534,4,4273,20,4807,24,0,13,2,19,4,436,2,22,13
10-16-20,Putnam,3981,41,3640,12,341,29,4655,16,34275,108,38930,124,0,51,7,348,34,3582,0,128,56
10-16-20,Rhea,1020,5,1006,5,14,0,1202,7,12141,81,13343,88,0,16,-8,68,13,936,0,37,17
10-16-20,Roane,1135,11,1083,11,52,0,1284,9,20231,192,21515,201,0,6,-6,134,17,995,0,41,6
10-16-20,Robertson,2457,14,2418,13,39,1,2931,10,19705,93,22636,103,1,40,6,113,7,2304,0,178,41
10-16-20,Rutherford,10835,81,10703,78,132,3,13058,90,96187,481,109245,571,0,105,1,625,80,10105,1,307,112
10-16-20,Scott,311,9,279,5,32,4,311,2,5029,24,5340,26,0,3,3,49,6,259,0,21,4
10-16-20,Sequatchie,314,6,309,6,5,0,346,8,5725,60,6071,68,0,4,5,52,1,258,0,11,2
10-16-20,Sevier,3107,50,2995,48,112,2,3400,44,28741,143,32141,187,0,20,30,285,20,2802,1,117,21
10-16-20,Shelby,34024,82,33481,78,543,4,42043,97,417205,1867,459248,1964,1,548,-67,1522,148,31954,0,2275,577
10-16-20,Smith,930,11,890,5,40,6,1155,5,6456,18,7611,23,0,12,5,85,6,833,0,33,12
10-16-20,Stewart,297,1,276,0,21,1,328,0,3352,19,3680,19,0,7,-4,38,5,252,0,11,11
10-16-20,Sullivan,3065,113,2886,111,179,2,3211,83,35345,507,38556,590,0,42,73,537,40,2486,3,218,45
10-16-20,Sumner,5524,30,5476,30,48,0,6529,32,52139,292,58668,324,0,106,3,292,27,5126,0,423,110
10-16-20,Tipton,2159,12,1925,7,234,5,2474,8,23943,60,26417,68,0,22,-6,189,18,1948,0,100,23
10-16-20,Trousdale,1718,1,1705,0,13,1,1796,0,5453,22,7249,22,0,7,-4,18,5,1693,0,26,8
10-16-20,Unicoi,336,6,319,6,17,0,382,6,7169,47,7551,53,0,1,5,37,1,298,1,19,3
10-16-20,Union,480,5,435,5,45,0,496,6,5455,9,5951,15,0,2,0,47,5,431,0,18,2
10-16-20,Van Buren,189,0,174,0,15,0,209,0,2410,4,2619,4,0,1,-1,18,1,170,0,8,2
10-16-20,Warren,1297,6,1198,3,99,3,1442,4,14936,33,16378,37,0,9,0,126,6,1162,0,22,11
10-16-20,Washington,2927,62,2846,60,81,2,3285,59,35737,426,39022,485,0,42,40,340,22,2545,1,130,46
10-16-20,Wayne,1550,3,1532,3,18,0,1684,2,6439,29,8123,31,0,7,0,27,3,1516,0,22,8
10-16-20,Weakley,1439,9,1309,9,130,0,1551,10,12452,47,14003,57,0,23,-1,88,10,1328,0,37,26
10-16-20,White,1030,6,948,4,82,2,1278,2,11642,26,12920,28,0,14,-6,77,12,939,0,56,14
10-16-20,Williamson,6366,70,6156,65,210,5,7283,69,78728,510,86011,579,0,47,4,504,66,5815,0,137,52
10-16-20,Wilson,4218,41,4137,41,81,0,4931,48,43164,259,48095,307,0,52,2,315,39,3851,0,140,55
10-15-20,Anderson,1508,22,1444,15,64,7,1689,15,28955,162,30644,177,0,13,3,180,19,1315,1,49,14
10-15-20,Bedford,1545,5,1470,5,75,0,1818,7,14581,73,16399,80,0,19,-4,128,9,1398,0,59,20
10-15-20,Benton,385,4,367,4,18,0,411,4,5102,105,5513,109,0,9,3,24,1,352,0,19,9
10-15-20,Bledsoe,906,4,900,4,6,0,950,4,8406,17,9356,21,0,4,2,27,2,875,0,21,4
10-15-20,Blount,3000,24,2922,19,78,5,3428,24,32805,171,36233,195,0,31,-5,264,29,2705,1,133,32
10-15-20,Bradley,3326,10,3197,10,129,0,3869,13,28322,78,32191,91,1,21,-12,195,21,3110,0,205,21
10-15-20,Campbell,806,22,706,18,100,4,810,17,13045,63,13855,80,1,6,5,253,16,547,0,45,8
10-15-20,Cannon,378,2,359,2,19,0,438,2,4548,10,4986,12,0,2,-1,47,3,329,0,11,2
10-15-20,Carroll,1069,8,901,5,168,3,1120,6,12195,127,13315,133,0,24,0,71,8,974,0,56,25
10-15-20,Carter,1375,9,1316,9,59,0,1484,8,17916,90,19400,98,0,32,-3,118,12,1225,0,93,34
10-15-20,Cheatham,927,1,908,1,19,0,1095,2,12195,20,13290,22,0,10,-5,59,6,858,0,33,12
10-15-20,Chester,701,1,576,1,125,0,780,1,6052,15,6832,16,0,13,-3,42,4,646,0,25,16
10-15-20,Claiborne,489,4,438,3,51,1,538,3,11652,70,12190,73,1,6,3,30,0,453,1,25,6
10-15-20,Clay,352,1,298,1,54,0,355,1,3241,7,3596,8,1,7,-3,84,3,261,0,12,11
10-15-20,Cocke,882,9,806,7,76,2,921,6,9127,42,10048,48,1,12,-2,84,10,786,0,47,13
10-15-20,Coffee,1662,7,1465,4,197,3,1901,15,22022,251,23923,266,1,19,-22,243,28,1400,0,54,27
10-15-20,Crockett,740,10,597,3,143,7,746,3,4180,16,4926,19,0,19,-2,123,12,598,0,22,19
10-15-20,Cumberland,1466,11,1427,11,39,0,1768,14,25554,98,27322,112,0,24,-7,151,18,1291,1,73,26
10-15-20,Davidson,29509,118,29277,112,232,6,36847,139,399384,1901,436231,2040,1,324,-22,1328,139,27857,5,1181,340
10-15-20,Decatur,609,3,482,3,127,0,655,2,6557,19,7212,21,0,11,-1,39,4,559,0,22,11
10-15-20,Dekalb,621,7,594,7,27,0,756,7,9045,44,9801,51,0,16,3,46,4,559,0,29,16
10-15-20,Dickson,1489,15,1308,7,181,8,1787,8,16021,58,17808,66,1,18,0,126,14,1345,1,63,18
10-15-20,Dyer,1925,43,1690,38,235,5,1982,40,13343,97,15325,137,0,24,19,320,24,1581,1,72,28
10-15-20,Fayette,1513,11,1457,11,56,0,1858,12,17506,68,19364,80,0,21,-10,202,21,1290,0,86,28
10-15-20,Fentress,822,8,731,8,91,0,894,8,5030,30,5924,38,0,5,-10,120,18,697,0,37,8
10-15-20,Franklin,1179,4,1131,4,48,0,1418,4,16850,88,18268,92,0,14,1,116,3,1049,0,55,20
10-15-20,Gibson,2019,12,1556,4,463,8,2154,5,17011,94,19165,99,3,36,-12,143,21,1840,0,67,44
10-15-20,Giles,850,10,830,10,20,0,989,12,10287,55,11276,67,-1,30,5,133,6,687,0,54,34
10-15-20,Grainger,504,10,458,9,46,1,554,7,6946,23,7500,30,0,4,6,57,4,443,0,28,4
10-15-20,Greene,1451,14,1367,13,84,1,1631,6,17854,87,19485,93,0,48,0,201,14,1202,0,90,49
10-15-20,Grundy,515,7,477,7,38,0,583,7,3006,11,3589,18,0,8,-3,96,10,411,0,39,9
10-15-20,Hamblen,2278,16,2080,11,198,5,2440,11,24846,257,27286,268,2,43,-4,201,18,2034,0,132,51
10-15-20,Hamilton,10808,48,10358,38,450,10,12183,51,151631,872,163814,923,1,101,-21,646,68,10061,1,436,107
10-15-20,Hancock,114,0,104,0,10,0,120,0,2120,9,2240,9,0,3,0,2,0,109,0,11,3
10-15-20,Hardeman,1770,11,1676,9,94,2,2012,8,15457,15,17469,23,0,32,3,91,8,1647,0,74,32
10-15-20,Hardin,1256,6,1029,5,227,1,1349,4,13641,26,14990,30,0,19,-4,105,10,1132,0,34,22
10-15-20,Hawkins,1051,8,1008,7,43,1,1150,8,11523,40,12673,48,0,23,-8,144,16,884,0,71,26
10-15-20,Haywood,1201,11,1124,7,77,4,1302,6,7520,20,8822,26,0,25,-2,88,13,1088,1,51,26
10-15-20,Henderson,1330,3,1068,2,262,1,1582,2,9869,56,11451,58,0,24,-9,78,12,1228,0,50,27
10-15-20,Henry,706,2,686,2,20,0,833,2,10700,36,11533,38,0,10,-1,33,3,663,1,41,11
10-15-20,Hickman,730,4,679,2,51,2,863,4,8341,16,9204,20,0,13,-3,56,7,661,0,23,14
10-15-20,Houston,369,2,331,1,38,1,398,0,2963,8,3361,8,0,14,-2,39,4,316,1,30,17
10-15-20,Humphreys,383,11,304,7,79,4,400,6,6210,13,6610,19,0,4,4,67,7,312,1,14,4
10-15-20,Jackson,402,0,358,0,44,0,448,0,2768,8,3216,8,0,5,-3,34,3,363,0,17,5
10-15-20,Jefferson,1418,22,1238,19,180,3,1462,18,19103,67,20565,85,1,18,5,163,16,1237,0,76,20
10-15-20,Johnson,1060,7,1047,7,13,0,1124,6,7250,25,8374,31,0,6,-6,266,13,788,0,31,6
10-15-20,Knox,11548,74,11027,62,521,12,12361,70,148591,963,160952,1033,1,84,-56,876,129,10588,2,433,90
10-15-20,Lake,953,1,946,1,7,0,1160,1,6611,10,7771,11,0,3,1,17,0,933,0,8,3
10-15-20,Lauderdale,1236,25,1079,20,157,5,1283,23,12475,114,13758,137,1,17,6,153,18,1066,1,57,17
10-15-20,Lawrence,1381,22,1361,22,20,0,1558,27,12435,35,13993,62,0,17,6,218,16,1146,2,64,18
10-15-20,Lewis,307,13,305,12,2,1,335,8,5099,36,5434,44,0,2,11,70,2,235,1,20,4
10-15-20,Lincoln,768,4,741,3,27,1,899,4,9002,17,9901,21,0,2,-2,87,6,679,0,25,2
10-15-20,Loudon,1495,8,1445,8,50,0,1627,10,15197,61,16824,71,1,10,-12,173,19,1312,1,46,11
10-15-20,Macon,1240,0,1188,0,52,0,1473,0,8307,22,9780,22,0,23,-10,92,10,1125,0,86,24
10-15-20,Madison,3519,36,2564,14,955,22,3632,15,31209,114,34841,129,2,78,10,261,24,3180,3,206,84
10-15-20,Marion,673,4,661,4,12,0,797,6,7202,29,7999,35,0,9,1,77,3,587,0,47,9
10-15-20,Marshall,995,13,979,12,16,1,1130,14,10485,50,11615,64,2,8,4,150,7,837,0,29,9
10-15-20,Maury,2881,14,2836,13,45,1,3256,4,30006,28,33262,32,0,34,-12,307,26,2540,1,105,36
10-15-20,McMinn,1436,16,1410,16,26,0,1644,15,19294,104,20938,119,1,32,6,206,9,1198,0,77,35
10-15-20,McNairy,1058,2,857,1,201,1,1197,3,8784,98,9981,101,1,25,-7,66,8,967,0,44,28
10-15-20,Meigs,273,9,269,9,4,0,309,10,3533,14,3842,24,0,4,7,34,2,235,1,14,4
10-15-20,Monroe,1264,23,1217,22,47,1,1419,21,12451,84,13870,105,0,21,16,134,7,1109,0,81,28
10-15-20,Montgomery,3715,21,3502,19,213,2,4070,19,46298,154,50368,173,1,51,-28,266,48,3398,2,140,56
10-15-20,Moore,241,3,212,2,29,1,264,2,2772,10,3036,12,0,1,0,38,3,202,0,6,2
10-15-20,Morgan,395,2,369,2,26,0,420,1,8890,30,9310,31,0,6,-5,47,7,342,0,12,6
10-15-20,Obion,1623,26,1476,20,147,6,1705,22,11672,131,13377,153,0,18,0,223,26,1382,1,59,23
10-15-20,Out of State,2648,21,2555,21,93,0,2980,22,314108,1428,317088,1450,2,33,0,195,19,2420,0,94,21
10-15-20,Overton,1071,2,917,1,154,1,1112,2,8175,28,9287,30,3,11,-12,195,11,865,0,43,17
10-15-20,Pending,1241,20,1122,17,119,3,1358,18,197632,1088,198990,1106,-3,3,-4,171,27,1067,1,21,2
10-15-20,Perry,178,0,156,0,22,0,191,0,3818,1,4009,1,0,1,-1,18,1,159,0,9,1
10-15-20,Pickett,223,2,169,2,54,0,214,2,1254,1,1468,3,0,3,-6,62,8,158,0,11,5
10-15-20,Polk,462,1,445,1,17,0,530,2,4253,27,4783,29,0,13,-2,17,3,432,0,20,13
10-15-20,Putnam,3940,6,3628,5,312,1,4639,7,34167,155,38806,162,0,51,-22,341,28,3548,0,128,55
10-15-20,Rhea,1015,16,1001,15,14,1,1195,11,12060,51,13255,62,0,16,8,76,8,923,1,37,17
10-15-20,Roane,1124,8,1072,7,52,1,1275,6,20039,86,21314,92,0,6,-4,140,12,978,0,41,6
10-15-20,Robertson,2443,15,2405,15,38,0,2921,17,19612,172,22533,189,0,39,6,107,9,2297,1,178,41
10-15-20,Rutherford,10754,49,10625,45,129,4,12968,52,95706,551,108674,603,1,105,-15,624,63,10025,2,306,112
10-15-20,Scott,302,1,274,0,28,1,309,0,5005,9,5314,9,0,3,-4,46,5,253,0,21,3
10-15-20,Sequatchie,308,8,303,8,5,0,338,8,5665,60,6003,68,1,4,2,47,5,257,0,11,2
10-15-20,Sevier,3057,35,2947,30,110,5,3356,33,28598,217,31954,250,1,20,13,255,21,2782,0,116,21
10-15-20,Shelby,33942,170,33403,160,539,10,41946,182,415338,1952,457284,2134,2,547,10,1589,158,31806,9,2275,575
10-15-20,Smith,919,7,885,7,34,0,1150,10,6438,25,7588,35,0,12,-1,80,8,827,0,33,12
10-15-20,Stewart,296,3,276,2,20,1,328,2,3333,13,3661,15,1,7,-4,42,6,247,0,11,11
10-15-20,Sullivan,2952,36,2775,34,177,2,3128,40,34838,206,37966,246,2,42,3,464,31,2446,2,215,44
10-15-20,Sumner,5494,31,5446,29,48,2,6497,34,51847,377,58344,411,1,106,3,289,27,5099,2,423,110
10-15-20,Tipton,2147,11,1918,11,229,0,2466,11,23883,104,26349,115,0,22,0,195,11,1930,0,100,23
10-15-20,Trousdale,1717,0,1705,0,12,0,1796,0,5431,9,7227,9,0,7,-1,22,1,1688,0,26,8
10-15-20,Unicoi,330,8,313,3,17,5,376,3,7122,20,7498,23,0,1,7,32,1,297,1,18,2
10-15-20,Union,475,3,430,3,45,0,490,2,5446,18,5936,20,0,2,-1,47,4,426,0,18,2
10-15-20,Van Buren,189,0,174,0,15,0,209,1,2406,9,2615,10,0,1,0,19,0,169,0,8,2
10-15-20,Warren,1291,11,1195,10,96,1,1438,11,14903,82,16341,93,0,9,-3,126,14,1156,0,22,11
10-15-20,Washington,2865,25,2786,22,79,3,3226,22,35311,195,38537,217,0,42,-4,300,29,2523,1,129,45
10-15-20,Wayne,1547,4,1529,4,18,0,1682,2,6410,13,8092,15,0,7,3,27,1,1513,0,22,8
10-15-20,Weakley,1430,4,1300,2,130,2,1541,2,12405,31,13946,33,0,23,-12,89,16,1318,0,37,26
10-15-20,White,1024,9,944,8,80,1,1276,10,11616,45,12892,55,1,14,-7,83,15,927,1,56,14
10-15-20,Williamson,6296,25,6091,19,205,6,7214,19,78218,255,85432,274,0,47,-49,500,74,5749,0,137,52
10-15-20,Wilson,4177,11,4096,5,81,6,4883,9,42905,110,47788,119,0,52,-37,313,48,3812,0,140,55
10-14-20,Anderson,1486,22,1429,22,57,0,1674,23,28793,287,30467,310,0,13,12,177,10,1296,0,48,14
10-14-20,Bedford,1540,23,1465,23,75,0,1811,23,14508,102,16319,125,0,19,16,132,7,1389,0,59,20
10-14-20,Benton,381,1,363,1,18,0,407,1,4997,18,5404,19,0,9,-1,21,2,351,0,19,9
10-14-20,Bledsoe,902,1,896,1,6,0,946,1,8389,16,9335,17,0,4,-3,25,4,873,0,21,4
10-14-20,Blount,2976,33,2903,33,73,0,3404,31,32634,353,36038,384,0,31,8,269,25,2676,1,132,32
10-14-20,Bradley,3316,29,3187,26,129,3,3856,26,28244,259,32100,285,0,20,5,207,24,3089,4,205,21
10-14-20,Campbell,784,38,688,19,96,19,793,21,12982,156,13775,177,0,5,19,248,19,531,2,45,8
10-14-20,Cannon,376,8,357,8,19,0,436,8,4538,34,4974,42,0,2,1,48,7,326,0,11,2
10-14-20,Carroll,1061,6,896,6,165,0,1114,9,12068,45,13182,54,0,24,-10,71,16,966,0,56,24
10-14-20,Carter,1366,25,1307,23,59,2,1476,23,17826,238,19302,261,0,32,16,121,9,1213,1,93,33
10-14-20,Cheatham,926,15,907,14,19,1,1093,15,12175,64,13268,79,0,10,9,64,6,852,1,33,12
10-14-20,Chester,700,8,575,8,125,0,779,9,6037,10,6816,19,0,13,5,45,3,642,1,25,16
10-14-20,Claiborne,485,2,435,1,50,1,535,2,11582,26,12117,28,0,5,0,27,2,453,0,24,6
10-14-20,Clay,351,18,297,15,54,3,354,16,3234,28,3588,44,0,6,14,87,4,258,0,12,10
10-14-20,Cocke,873,8,799,8,74,0,915,9,9085,82,10000,91,0,11,2,86,6,776,0,47,13
10-14-20,Coffee,1655,44,1461,39,194,5,1886,37,21771,145,23657,182,0,18,21,265,23,1372,2,54,25
10-14-20,Crockett,730,14,594,12,136,2,743,15,4164,27,4907,42,0,19,0,125,14,586,0,22,19
10-14-20,Cumberland,1455,26,1416,26,39,0,1754,28,25456,148,27210,176,0,24,8,158,18,1273,0,72,26
10-14-20,Davidson,29391,128,29165,123,226,5,36708,128,397483,2502,434191,2630,1,323,3,1350,124,27718,4,1176,336
10-14-20,Decatur,606,10,479,10,127,0,653,10,6538,24,7191,34,0,11,3,40,7,555,0,22,11
10-14-20,Dekalb,614,4,587,4,27,0,749,5,9001,86,9750,91,0,16,-1,43,5,555,0,29,16
10-14-20,Dickson,1474,9,1301,9,173,0,1779,9,15963,68,17742,77,0,17,-1,126,10,1331,0,62,18
10-14-20,Dyer,1882,19,1652,15,230,4,1942,15,13246,94,15188,109,3,24,-11,301,27,1557,0,71,26
10-14-20,Fayette,1502,32,1446,30,56,2,1846,32,17438,119,19284,151,-2,21,26,212,8,1269,0,86,28
10-14-20,Fentress,814,10,723,7,91,3,886,8,5000,174,5886,182,-1,5,-5,130,16,679,0,37,8
10-14-20,Franklin,1175,17,1127,17,48,0,1414,20,16762,96,18176,116,1,14,7,115,9,1046,1,55,18
10-14-20,Gibson,2007,11,1552,8,455,3,2149,10,16917,73,19066,83,4,33,-25,155,32,1819,0,67,42
10-14-20,Giles,840,29,820,28,20,1,977,28,10232,98,11209,126,2,31,-3,128,30,681,1,54,32
10-14-20,Grainger,494,6,449,6,45,0,547,9,6923,57,7470,66,0,4,0,51,6,439,0,28,4
10-14-20,Greene,1437,51,1354,49,83,2,1625,43,17767,189,19392,232,0,48,34,201,17,1188,1,90,49
10-14-20,Grundy,508,19,470,18,38,1,576,22,2995,48,3571,70,0,8,4,99,15,401,2,39,9
10-14-20,Hamblen,2262,22,2069,22,193,0,2429,24,24589,185,27018,209,0,41,0,205,22,2016,0,132,50
10-14-20,Hamilton,10760,57,10320,46,440,11,12132,48,150759,457,162891,505,-2,100,-11,667,70,9993,1,435,106
10-14-20,Hancock,114,0,104,0,10,0,120,0,2111,3,2231,3,0,3,-1,2,1,109,0,11,3
10-14-20,Hardeman,1759,14,1667,14,92,0,2004,17,15442,48,17446,65,2,32,-2,88,14,1639,0,74,32
10-14-20,Hardin,1250,22,1024,19,226,3,1345,21,13615,90,14960,111,0,19,9,109,13,1122,0,34,22
10-14-20,Hawkins,1043,27,1001,24,42,3,1142,22,11483,120,12625,142,1,23,17,152,9,868,2,71,25
10-14-20,Haywood,1190,6,1117,6,73,0,1296,6,7500,36,8796,42,0,25,-4,90,10,1075,0,50,26
10-14-20,Henderson,1327,6,1066,5,261,1,1580,6,9813,29,11393,35,0,24,-3,87,9,1216,0,50,26
10-14-20,Henry,704,10,684,10,20,0,831,11,10664,42,11495,53,0,10,4,34,6,660,0,40,11
10-14-20,Hickman,726,4,677,4,49,0,859,4,8325,27,9184,31,0,13,-8,59,12,654,0,23,13
10-14-20,Houston,367,7,330,7,37,0,398,9,2955,154,3353,163,0,14,-1,41,8,312,0,29,17
10-14-20,Humphreys,372,8,297,7,75,1,394,7,6197,45,6591,52,0,4,3,63,5,305,0,13,4
10-14-20,Jackson,402,5,358,5,44,0,448,5,2760,54,3208,59,0,5,1,37,4,360,0,17,5
10-14-20,Jefferson,1396,13,1219,12,177,1,1444,15,19036,110,20480,125,0,17,-12,158,25,1221,0,76,19
10-14-20,Johnson,1053,5,1040,5,13,0,1118,5,7225,200,8343,205,1,6,-5,272,9,775,0,31,6
10-14-20,Knox,11474,150,10965,144,509,6,12291,147,147628,1053,159919,1200,0,83,60,932,90,10459,5,431,88
10-14-20,Lake,952,5,945,4,7,1,1159,4,6601,41,7760,45,0,3,2,16,3,933,0,8,3
10-14-20,Lauderdale,1211,9,1059,4,152,5,1260,6,12361,54,13621,60,0,16,-2,147,11,1048,1,56,16
10-14-20,Lawrence,1359,39,1339,39,20,0,1531,39,12400,145,13931,184,0,17,27,212,12,1130,2,62,18
10-14-20,Lewis,294,2,293,2,1,0,327,6,5063,16,5390,22,1,2,-4,59,5,233,0,19,4
10-14-20,Lincoln,764,24,738,21,26,3,895,22,8985,37,9880,59,0,2,16,89,8,673,2,25,2
10-14-20,Loudon,1487,29,1437,27,50,2,1617,27,15136,134,16753,161,0,9,14,185,15,1293,0,45,11
10-14-20,Macon,1240,22,1188,21,52,1,1473,22,8285,114,9758,136,1,23,9,102,12,1115,1,86,24
10-14-20,Madison,3483,28,2550,19,933,9,3617,20,31095,94,34712,114,0,76,6,251,22,3156,0,203,84
10-14-20,Marion,669,19,657,19,12,0,791,22,7173,144,7964,166,0,9,14,76,5,584,2,47,9
10-14-20,Marshall,982,22,967,22,15,0,1116,24,10435,93,11551,117,1,6,11,146,10,830,0,29,9
10-14-20,Maury,2867,45,2823,42,44,3,3252,50,29978,243,33230,293,0,34,26,319,19,2514,2,104,36
10-14-20,McMinn,1420,37,1394,37,26,0,1629,36,19190,196,20819,232,0,31,25,200,12,1189,1,77,35
10-14-20,McNairy,1056,12,856,10,200,2,1194,9,8686,34,9880,43,1,24,1,73,10,959,1,44,28
10-14-20,Meigs,264,2,260,2,4,0,299,3,3519,19,3818,22,0,4,-2,27,4,233,0,13,4
10-14-20,Monroe,1241,19,1195,19,46,0,1398,22,12367,83,13765,105,0,21,7,118,12,1102,0,81,27
10-14-20,Montgomery,3694,76,3483,72,211,4,4051,81,46144,437,50195,518,0,50,50,294,26,3350,1,138,56
10-14-20,Moore,238,7,210,7,28,0,262,6,2762,21,3024,27,0,1,3,38,4,199,0,6,2
10-14-20,Morgan,393,8,367,8,26,0,419,8,8860,48,9279,56,0,6,2,52,6,335,0,12,6
10-14-20,Obion,1597,18,1456,7,141,11,1683,9,11541,59,13224,68,3,18,-12,223,27,1356,0,58,23
10-14-20,Out of State,2627,27,2534,26,93,1,2958,27,312680,1985,315638,2012,2,31,6,195,19,2401,0,94,21
10-14-20,Overton,1069,20,916,11,153,9,1110,11,8147,84,9257,95,0,8,2,207,18,854,1,43,17
10-14-20,Pending,1221,18,1105,15,116,3,1340,14,196544,1046,197884,1060,0,6,-2,175,20,1040,0,20,2
10-14-20,Perry,178,5,156,5,22,0,191,6,3817,12,4008,18,0,1,4,19,1,158,1,9,1
10-14-20,Pickett,221,6,167,4,54,2,212,5,1253,105,1465,110,0,3,2,68,4,150,0,11,4
10-14-20,Polk,461,3,444,1,17,2,528,2,4226,23,4754,25,0,13,-1,19,4,429,0,20,13
10-14-20,Putnam,3934,52,3623,42,311,10,4632,43,34012,457,38644,500,0,51,15,363,37,3520,1,128,55
10-14-20,Rhea,999,5,986,5,13,0,1184,8,12009,59,13193,67,0,16,-9,68,14,915,0,36,17
10-14-20,Roane,1116,19,1065,18,51,1,1269,19,19953,384,21222,403,0,6,5,144,14,966,0,41,6
10-14-20,Robertson,2428,17,2390,14,38,3,2904,14,19440,86,22344,100,0,39,1,101,16,2288,1,177,41
10-14-20,Rutherford,10705,83,10580,81,125,2,12916,86,95155,584,108071,670,1,104,5,639,77,9962,1,304,111
10-14-20,Scott,301,11,274,9,27,2,309,9,4996,87,5305,96,0,3,10,50,1,248,1,21,3
10-14-20,Sequatchie,300,11,295,11,5,0,330,11,5605,41,5935,52,2,3,8,45,1,252,0,11,2
10-14-20,Sevier,3022,34,2917,33,105,1,3323,37,28381,260,31704,297,0,19,14,242,20,2761,1,116,21
10-14-20,Shelby,33772,93,33243,78,529,15,41764,81,413386,1771,455150,1852,5,545,-36,1579,124,31648,2,2266,571
10-14-20,Smith,912,17,878,16,34,1,1140,18,6413,66,7553,84,0,12,5,81,12,819,0,33,12
10-14-20,Stewart,293,7,274,7,19,0,326,7,3320,25,3646,32,0,6,5,46,2,241,1,11,9
10-14-20,Sullivan,2916,100,2741,96,175,4,3088,84,34632,201,37720,285,1,40,73,461,26,2415,4,213,43
10-14-20,Sumner,5463,65,5417,63,46,2,6463,66,51470,499,57933,565,0,105,16,286,49,5072,5,421,109
10-14-20,Tipton,2136,18,1907,14,229,4,2455,14,23779,134,26234,148,0,22,4,195,14,1919,0,100,23
10-14-20,Trousdale,1717,4,1705,4,12,0,1796,4,5422,28,7218,32,0,7,3,23,1,1687,0,26,8
10-14-20,Unicoi,322,13,310,9,12,4,373,10,7102,42,7475,52,0,1,13,25,0,296,1,17,2
10-14-20,Union,472,5,427,5,45,0,488,7,5428,25,5916,32,0,2,-3,48,8,422,0,18,2
10-14-20,Van Buren,189,2,174,2,15,0,208,2,2397,54,2605,56,0,1,1,19,1,169,0,8,2
10-14-20,Warren,1280,22,1185,22,95,0,1427,23,14821,154,16248,177,0,9,20,129,2,1142,0,22,11
10-14-20,Washington,2840,62,2764,62,76,0,3204,60,35116,382,38320,442,0,42,25,304,37,2494,3,128,45
10-14-20,Wayne,1543,0,1525,0,18,0,1680,0,6397,16,8077,16,1,7,-3,24,2,1512,0,22,8
10-14-20,Weakley,1426,14,1298,11,128,3,1539,12,12374,60,13913,72,0,23,0,101,14,1302,0,37,25
10-14-20,White,1015,11,936,11,79,0,1266,10,11571,57,12837,67,2,13,0,90,9,912,1,55,14
10-14-20,Williamson,6271,80,6072,74,199,6,7195,79,77963,555,85158,634,0,47,-4,549,84,5675,2,137,50
10-14-20,Wilson,4166,43,4091,39,75,4,4874,41,42795,306,47669,347,0,52,-6,350,49,3764,0,140,54
10-13-20,Anderson,1464,20,1407,18,57,2,1651,18,28506,119,30157,137,0,13,6,165,14,1286,0,48,14
10-13-20,Bedford,1517,2,1442,2,75,0,1788,2,14406,28,16194,30,0,19,-6,116,8,1382,0,59,20
10-13-20,Benton,380,2,362,1,18,1,406,1,4979,13,5385,14,0,9,2,22,0,349,0,19,9
10-13-20,Bledsoe,901,1,895,1,6,0,945,1,8373,15,9318,16,0,4,-1,28,2,869,0,21,4
10-13-20,Blount,2943,25,2870,23,73,2,3373,25,32281,92,35654,117,1,31,-1,261,25,2651,1,131,32
10-13-20,Bradley,3287,19,3161,15,126,4,3830,13,27985,168,31815,181,0,20,9,202,10,3065,1,201,21
10-13-20,Campbell,746,20,669,13,77,7,772,13,12826,35,13598,48,1,5,4,229,15,512,2,43,8
10-13-20,Cannon,368,2,349,2,19,0,428,4,4504,16,4932,20,0,2,0,47,2,319,0,11,2
10-13-20,Carroll,1055,4,890,3,165,1,1105,2,12023,23,13128,25,0,24,-14,81,18,950,0,56,24
10-13-20,Carter,1341,5,1284,5,57,0,1453,5,17588,73,19041,78,0,32,1,105,4,1204,0,92,33
10-13-20,Cheatham,911,5,893,4,18,1,1078,3,12111,35,13189,38,0,10,-5,55,10,846,0,32,12
10-13-20,Chester,692,5,567,3,125,2,770,3,6027,8,6797,11,0,13,4,40,1,639,0,24,15
10-13-20,Claiborne,483,4,434,2,49,2,533,2,11556,31,12089,33,0,5,4,27,0,451,0,24,5
10-13-20,Clay,333,14,282,10,51,4,338,9,3206,30,3544,39,0,6,10,73,4,254,0,12,8
10-13-20,Cocke,865,0,791,0,74,0,906,0,9003,38,9909,38,0,11,-6,84,6,770,0,47,13
10-13-20,Coffee,1611,19,1422,9,189,10,1849,9,21626,66,23475,75,1,18,-4,244,22,1349,2,52,25
10-13-20,Crockett,716,14,582,4,134,10,728,0,4137,21,4865,21,0,19,10,125,4,572,0,22,19
10-13-20,Cumberland,1429,16,1390,16,39,0,1726,16,25308,150,27034,166,1,24,3,150,12,1255,2,72,26
10-13-20,Davidson,29263,132,29042,125,221,7,36580,151,394981,1834,431561,1985,1,322,12,1347,119,27594,5,1172,332
10-13-20,Decatur,596,3,469,2,127,1,643,1,6514,14,7157,15,0,11,-3,37,6,548,0,22,11
10-13-20,Dekalb,610,4,583,4,27,0,744,5,8915,51,9659,56,-1,16,1,44,4,550,0,29,16
10-13-20,Dickson,1465,21,1292,17,173,4,1770,20,15895,97,17665,117,0,17,7,127,14,1321,0,62,18
10-13-20,Dyer,1863,38,1637,17,226,21,1927,15,13152,40,15079,55,0,21,13,312,25,1530,2,71,25
10-13-20,Fayette,1470,10,1416,7,54,3,1814,9,17319,66,19133,75,0,23,2,186,8,1261,0,86,27
10-13-20,Fentress,804,14,716,14,88,0,878,29,4826,114,5704,143,1,6,-4,135,17,663,1,37,7
10-13-20,Franklin,1158,7,1110,6,48,1,1394,6,16666,43,18060,49,1,13,2,108,4,1037,0,54,18
10-13-20,Gibson,1996,27,1544,8,452,19,2139,3,16844,16,18983,19,1,29,13,180,13,1787,0,67,42
10-13-20,Giles,811,3,792,2,19,1,949,2,10134,13,11083,15,1,29,-8,131,10,651,0,53,32
10-13-20,Grainger,488,3,443,2,45,1,538,2,6866,23,7404,25,0,4,-4,51,7,433,1,28,4
10-13-20,Greene,1386,10,1305,10,81,0,1582,8,17578,101,19160,109,0,48,-2,167,12,1171,1,89,49
10-13-20,Grundy,489,6,452,6,37,0,554,6,2947,19,3501,25,0,8,-4,95,10,386,1,37,9
10-13-20,Hamblen,2240,11,2047,9,193,2,2405,7,24404,52,26809,59,1,41,-3,205,13,1994,1,132,49
10-13-20,Hamilton,10703,83,10274,75,429,8,12084,78,150302,768,162386,846,1,102,15,678,67,9923,1,434,106
10-13-20,Hancock,114,0,104,0,10,0,120,0,2108,5,2228,5,0,3,0,3,0,108,0,11,3
10-13-20,Hardeman,1745,5,1653,5,92,0,1987,5,15394,11,17381,16,0,30,-4,90,9,1625,2,74,32
10-13-20,Hardin,1228,9,1005,0,223,9,1324,0,13525,10,14849,10,1,19,-3,100,11,1109,0,34,22
10-13-20,Hawkins,1016,13,977,12,39,1,1120,12,11363,180,12483,192,0,22,4,135,9,859,0,69,25
10-13-20,Haywood,1184,5,1111,2,73,3,1290,2,7464,4,8754,6,0,25,-8,94,13,1065,0,50,25
10-13-20,Henderson,1321,10,1061,2,260,8,1574,2,9784,15,11358,17,0,24,-2,90,12,1207,0,50,24
10-13-20,Henry,694,0,674,0,20,0,820,1,10622,16,11442,17,0,10,-1,30,1,654,0,40,11
10-13-20,Hickman,722,7,673,5,49,2,855,5,8298,45,9153,50,0,13,4,67,3,642,0,23,13
10-13-20,Houston,360,6,323,5,37,1,389,16,2801,251,3190,267,1,14,-2,42,7,304,0,29,16
10-13-20,Humphreys,364,8,290,3,74,5,387,5,6152,31,6539,36,0,4,2,60,6,300,1,13,4
10-13-20,Jackson,397,4,353,3,44,1,443,4,2706,50,3149,54,0,5,-1,36,5,356,0,17,5
10-13-20,Jefferson,1383,10,1207,5,176,5,1429,4,18926,52,20355,56,0,17,-3,170,13,1196,0,76,19
10-13-20,Johnson,1048,2,1035,2,13,0,1113,2,7025,211,8138,213,0,5,-3,277,5,766,0,31,6
10-13-20,Knox,11324,72,10821,69,503,3,12144,65,146575,578,158719,643,1,83,-31,872,102,10369,7,426,88
10-13-20,Lake,947,2,941,1,6,1,1155,1,6560,49,7715,50,0,3,1,14,1,930,0,8,3
10-13-20,Lauderdale,1202,14,1055,10,147,4,1254,9,12307,53,13561,62,0,16,-2,149,16,1037,0,55,16
10-13-20,Lawrence,1320,5,1300,5,20,0,1492,7,12255,33,13747,40,0,17,-4,185,9,1118,1,60,17
10-13-20,Lewis,292,4,291,4,1,0,321,1,5047,15,5368,16,0,1,0,63,4,228,0,19,4
10-13-20,Lincoln,740,1,717,1,23,0,873,1,8948,15,9821,16,0,2,-3,73,4,665,0,23,2
10-13-20,Loudon,1458,12,1410,11,48,1,1590,11,15002,67,16592,78,0,9,-8,171,20,1278,0,45,11
10-13-20,Macon,1218,13,1167,12,51,1,1451,13,8171,60,9622,73,0,22,11,93,2,1103,0,85,24
10-13-20,Madison,3455,20,2531,9,924,11,3597,8,31001,48,34598,56,0,76,0,245,20,3134,0,203,83
10-13-20,Marion,650,10,638,9,12,1,769,9,7029,282,7798,291,0,9,3,62,7,579,0,45,9
10-13-20,Marshall,960,7,945,7,15,0,1092,7,10342,34,11434,41,0,5,-4,135,11,820,0,29,9
10-13-20,Maury,2822,30,2781,30,41,0,3202,28,29735,190,32937,218,1,34,5,293,24,2495,0,102,35
10-13-20,McMinn,1383,10,1357,10,26,0,1593,11,18994,45,20587,56,0,31,1,175,9,1177,1,76,34
10-13-20,McNairy,1044,4,846,2,198,2,1185,2,8652,13,9837,15,0,23,-4,72,8,949,0,43,27
10-13-20,Meigs,262,2,258,2,4,0,296,2,3500,45,3796,47,0,4,2,29,0,229,0,13,4
10-13-20,Monroe,1222,21,1176,21,46,0,1376,20,12284,60,13660,80,0,21,13,111,8,1090,0,81,25
10-13-20,Montgomery,3618,8,3411,7,207,1,3970,10,45707,188,49677,198,1,50,-18,244,25,3324,0,137,54
10-13-20,Moore,231,1,203,0,28,1,256,0,2741,1,2997,1,0,1,-2,35,3,195,0,6,2
10-13-20,Morgan,385,5,359,4,26,1,411,4,8812,20,9223,24,1,6,2,50,2,329,0,12,6
10-13-20,Obion,1579,43,1449,9,130,34,1674,9,11482,36,13156,45,-1,15,13,235,31,1329,0,58,21
10-13-20,Out of State,2600,25,2508,19,92,6,2931,27,310695,1539,313626,1566,0,29,-7,189,32,2382,3,94,21
10-13-20,Overton,1049,21,905,17,144,4,1099,18,8063,93,9162,111,0,8,7,205,14,836,1,42,15
10-13-20,Pending,1203,16,1090,13,113,3,1326,14,195498,735,196824,749,0,6,-3,177,19,1020,1,20,2
10-13-20,Perry,173,3,151,3,22,0,185,2,3805,10,3990,12,0,1,1,15,2,157,0,8,1
10-13-20,Pickett,215,1,163,1,52,0,207,2,1148,31,1355,33,0,3,-5,66,6,146,0,11,3
10-13-20,Polk,458,1,443,1,15,0,526,2,4203,8,4729,10,0,13,-2,20,3,425,0,20,13
10-13-20,Putnam,3882,61,3581,60,301,1,4589,68,33555,489,38144,557,1,51,24,348,36,3483,0,127,55
10-13-20,Rhea,994,5,981,5,13,0,1176,27,11950,156,13126,183,0,16,-4,77,9,901,0,36,17
10-13-20,Roane,1097,12,1047,9,50,3,1250,9,19569,255,20819,264,0,6,2,139,10,952,1,41,6
10-13-20,Robertson,2411,4,2376,4,35,0,2890,6,19354,51,22244,57,0,39,-5,100,9,2272,0,176,41
10-13-20,Rutherford,10622,47,10499,47,123,0,12830,66,94571,400,107401,466,0,103,-10,634,57,9885,2,303,109
10-13-20,Scott,290,4,265,1,25,3,300,1,4909,22,5209,23,0,3,-4,40,8,247,0,20,3
10-13-20,Sequatchie,289,5,284,5,5,0,319,5,5564,16,5883,21,0,1,2,37,3,251,0,11,2
10-13-20,Sevier,2988,27,2884,25,104,2,3286,27,28121,174,31407,201,0,19,12,228,15,2741,1,115,21
10-13-20,Shelby,33679,122,33165,114,514,8,41683,155,411615,1909,453298,2064,2,540,-28,1615,148,31524,3,2264,569
10-13-20,Smith,895,2,862,2,33,0,1122,3,6347,6,7469,9,0,12,-12,76,14,807,0,33,12
10-13-20,Stewart,286,0,267,0,19,0,319,1,3295,8,3614,9,1,6,-11,41,10,239,0,10,9
10-13-20,Sullivan,2816,56,2645,54,171,2,3004,57,34431,271,37435,328,1,39,15,388,40,2389,2,209,42
10-13-20,Sumner,5398,19,5354,19,44,0,6397,22,50971,384,57368,406,0,105,-19,270,38,5023,1,416,109
10-13-20,Tipton,2118,26,1893,9,225,17,2441,12,23645,80,26086,92,0,22,10,191,16,1905,3,100,23
10-13-20,Trousdale,1713,0,1701,0,12,0,1792,0,5394,20,7186,20,0,7,-2,20,2,1686,0,26,8
10-13-20,Unicoi,309,1,301,1,8,0,363,0,7060,15,7423,15,0,1,0,12,1,296,0,16,2
10-13-20,Union,467,6,422,5,45,1,481,5,5403,14,5884,19,0,2,-1,51,7,414,0,18,2
10-13-20,Van Buren,187,5,172,5,15,0,206,5,2343,4,2549,9,0,1,3,18,2,168,0,8,2
10-13-20,Warren,1258,20,1163,20,95,0,1404,21,14667,92,16071,113,0,9,11,109,9,1140,1,22,10
10-13-20,Washington,2778,21,2702,20,76,1,3144,26,34734,212,37878,238,1,42,-9,279,29,2457,0,125,44
10-13-20,Wayne,1543,2,1525,2,18,0,1680,2,6381,16,8061,18,0,6,-1,27,3,1510,0,22,8
10-13-20,Weakley,1412,9,1287,0,125,9,1527,0,12314,12,13841,12,0,23,-5,101,14,1288,0,37,25
10-13-20,White,1004,11,925,11,79,0,1256,14,11514,73,12770,87,1,11,-2,90,12,903,0,54,14
10-13-20,Williamson,6191,51,5998,47,193,4,7116,48,77408,352,84524,400,1,47,3,553,47,5591,0,135,50
10-13-20,Wilson,4123,49,4052,47,71,2,4833,53,42489,305,47322,358,0,52,14,356,35,3715,2,140,54
10-12-20,Anderson,1444,16,1389,15,55,1,1633,16,28387,80,30020,96,0,13,-11,159,27,1272,0,48,14
10-12-20,Bedford,1515,16,1440,14,75,2,1786,13,14378,40,16164,53,0,19,7,122,9,1374,1,59,19
10-12-20,Benton,378,3,361,3,17,0,405,3,4966,25,5371,28,0,9,0,20,3,349,0,19,9
10-12-20,Bledsoe,900,2,894,2,6,0,944,2,8358,6,9302,8,0,4,-1,29,3,867,0,21,4
10-12-20,Blount,2918,18,2847,17,71,1,3348,18,32189,106,35537,124,0,30,-9,262,27,2626,0,130,32
10-12-20,Bradley,3268,7,3146,3,122,4,3817,3,27817,112,31634,115,0,20,-15,193,22,3055,0,200,21
10-12-20,Campbell,726,11,656,3,70,8,759,6,12791,41,13550,47,0,4,-4,225,15,497,1,41,6
10-12-20,Cannon,366,5,347,5,19,0,424,5,4488,19,4912,24,0,2,-4,47,9,317,0,11,2
10-12-20,Carroll,1051,6,887,6,164,0,1103,8,12000,95,13103,103,0,24,-12,95,18,932,2,56,24
10-12-20,Carter,1336,2,1279,2,57,0,1448,1,17515,46,18963,47,1,32,-15,104,16,1200,0,92,33
10-12-20,Cheatham,906,2,889,1,17,1,1075,1,12076,51,13151,52,0,10,-4,60,6,836,0,32,12
10-12-20,Chester,687,2,564,2,123,0,767,3,6019,95,6786,98,0,13,-2,36,4,638,0,24,15
10-12-20,Claiborne,479,3,432,1,47,2,531,1,11525,28,12056,29,0,5,2,23,1,451,0,24,5
10-12-20,Clay,319,2,272,1,47,1,329,2,3176,13,3505,15,0,6,-7,63,9,250,0,12,7
10-12-20,Cocke,865,6,791,6,74,0,906,7,8965,37,9871,44,0,11,-3,90,9,764,0,47,13
10-12-20,Coffee,1592,13,1413,7,179,6,1840,7,21560,55,23400,62,0,17,-15,248,28,1327,0,50,23
10-12-20,Crockett,702,4,578,2,124,2,728,1,4116,11,4844,12,0,19,-6,115,10,568,0,22,19
10-12-20,Cumberland,1413,9,1374,9,39,0,1710,10,25158,129,26868,139,0,23,-8,147,17,1243,0,70,26
10-12-20,Davidson,29131,121,28917,120,214,1,36429,141,393147,3532,429576,3673,0,321,-23,1335,144,27475,5,1167,330
10-12-20,Decatur,593,3,467,3,126,0,642,3,6500,23,7142,26,0,11,-1,40,4,542,0,22,11
10-12-20,Dekalb,606,4,579,4,27,0,739,5,8864,20,9603,25,0,17,-2,43,6,546,0,29,16
10-12-20,Dickson,1444,17,1275,10,169,7,1750,10,15798,90,17548,100,0,17,-1,120,18,1307,1,62,18
10-12-20,Dyer,1825,23,1620,17,205,6,1912,17,13112,153,15024,170,0,21,-8,299,31,1505,0,69,24
10-12-20,Fayette,1460,33,1409,33,51,0,1805,37,17253,103,19058,140,0,23,17,184,16,1253,2,86,26
10-12-20,Fentress,790,3,702,3,88,0,849,5,4712,8,5561,13,0,5,-43,139,46,646,1,36,6
10-12-20,Franklin,1151,3,1104,3,47,0,1388,4,16623,64,18011,68,0,12,-11,106,14,1033,0,54,17
10-12-20,Gibson,1969,10,1536,6,433,4,2136,7,16828,58,18964,65,0,28,-17,167,27,1774,0,67,40
10-12-20,Giles,808,8,790,7,18,1,947,6,10121,40,11068,46,0,28,-2,139,10,641,0,53,30
10-12-20,Grainger,485,3,441,3,44,0,536,3,6843,37,7379,40,0,4,-10,55,13,426,0,27,4
10-12-20,Greene,1376,4,1295,0,81,4,1574,0,17477,31,19051,31,0,48,-10,169,14,1159,0,88,48
10-12-20,Grundy,483,4,446,3,37,1,548,5,2928,13,3476,18,0,8,-17,99,21,376,0,36,9
10-12-20,Hamblen,2229,9,2038,8,191,1,2398,9,24352,53,26750,62,0,40,-22,208,31,1981,1,131,48
10-12-20,Hamilton,10620,60,10199,38,421,22,12006,38,149534,474,161540,512,0,101,-44,663,104,9856,1,433,106
10-12-20,Hancock,114,0,104,0,10,0,120,0,2103,1,2223,1,0,3,-1,3,1,108,0,11,3
10-12-20,Hardeman,1740,9,1648,8,92,1,1982,10,15383,69,17365,79,0,30,-6,94,15,1616,0,72,32
10-12-20,Hardin,1219,7,1005,3,214,4,1324,4,13515,21,14839,25,0,18,-13,103,20,1098,1,34,22
10-12-20,Hawkins,1003,7,965,5,38,2,1108,4,11183,39,12291,43,0,22,-4,131,11,850,0,69,25
10-12-20,Haywood,1179,3,1109,3,70,0,1288,3,7460,132,8748,135,0,25,-24,102,27,1052,1,50,25
10-12-20,Henderson,1311,5,1059,5,252,0,1572,5,9769,28,11341,33,0,24,-4,92,9,1195,0,50,24
10-12-20,Henry,694,2,674,2,20,0,819,2,10606,23,11425,25,0,10,-10,31,12,653,0,40,10
10-12-20,Hickman,715,1,668,0,47,1,850,0,8253,28,9103,28,0,13,-14,63,15,639,0,23,13
10-12-20,Houston,354,3,318,1,36,2,373,2,2550,7,2923,9,0,13,-7,44,10,297,1,29,16
10-12-20,Humphreys,356,7,287,5,69,2,382,4,6121,22,6503,26,0,4,-1,58,8,294,0,12,4
10-12-20,Jackson,393,3,350,3,43,0,439,3,2656,9,3095,12,0,5,-10,37,13,351,0,17,5
10-12-20,Jefferson,1373,13,1202,9,171,4,1425,10,18874,130,20299,140,0,17,-17,173,30,1183,1,76,19
10-12-20,Johnson,1046,0,1033,0,13,0,1111,0,6814,12,7925,12,1,5,-14,280,13,761,0,31,6
10-12-20,Knox,11252,82,10752,68,500,14,12079,87,145997,780,158076,867,0,82,-38,903,120,10267,5,419,87
10-12-20,Lake,945,1,940,1,5,0,1154,1,6511,12,7665,13,0,3,-1,13,2,929,0,8,3
10-12-20,Lauderdale,1188,6,1045,4,143,2,1245,3,12254,31,13499,34,0,16,-7,151,13,1021,0,55,16
10-12-20,Lawrence,1315,14,1295,14,20,0,1485,22,12222,115,13707,137,0,17,4,189,10,1109,1,59,17
10-12-20,Lewis,288,0,287,0,1,0,320,1,5032,16,5352,17,0,1,-7,63,7,224,0,19,4
10-12-20,Lincoln,739,5,716,4,23,1,872,4,8933,22,9805,26,0,2,2,76,3,661,1,23,2
10-12-20,Loudon,1446,5,1399,5,47,0,1579,6,14935,54,16514,60,1,9,-22,179,26,1258,1,45,10
10-12-20,Macon,1205,1,1155,1,50,0,1438,1,8111,7,9549,8,0,22,-14,82,15,1101,1,85,24
10-12-20,Madison,3435,16,2522,8,913,8,3589,9,30953,170,34542,179,0,76,-24,245,40,3114,0,203,83
10-12-20,Marion,640,1,629,1,11,0,760,0,6747,33,7507,33,0,9,-9,59,10,572,0,45,9
10-12-20,Marshall,953,10,938,10,15,0,1085,12,10308,42,11393,54,0,5,-1,139,11,809,0,29,8
10-12-20,Maury,2792,5,2751,5,41,0,3174,6,29545,156,32719,162,0,33,-8,288,13,2471,0,102,34
10-12-20,McMinn,1373,8,1347,8,26,0,1582,10,18949,52,20531,62,0,31,-5,174,13,1168,1,75,34
10-12-20,McNairy,1040,5,844,2,196,3,1183,1,8639,79,9822,80,0,23,-11,76,16,941,0,43,26
10-12-20,Meigs,260,0,256,0,4,0,294,0,3455,11,3749,11,0,4,-1,27,1,229,0,13,4
10-12-20,Monroe,1201,1,1155,1,46,0,1356,4,12224,34,13580,38,0,21,-17,98,18,1082,0,81,25
10-12-20,Montgomery,3610,15,3404,10,206,5,3960,11,45519,208,49479,219,0,49,-28,262,43,3299,2,137,53
10-12-20,Moore,230,4,203,1,27,3,256,1,2740,3,2996,4,0,1,-1,37,5,192,0,6,2
10-12-20,Morgan,380,5,355,4,25,1,407,4,8792,30,9199,34,0,5,1,48,4,327,0,12,6
10-12-20,Obion,1536,16,1440,14,96,2,1665,15,11446,40,13111,55,0,16,-15,222,31,1298,0,58,20
10-12-20,Out of State,2575,12,2489,11,86,1,2904,11,309156,1339,312060,1350,0,29,-9,196,21,2350,1,91,20
10-12-20,Overton,1028,19,888,15,140,4,1081,15,7970,41,9051,56,0,8,5,198,14,822,1,41,14
10-12-20,Pending,1187,16,1077,14,110,2,1312,14,194763,578,196075,592,0,6,-5,180,21,1001,0,19,2
10-12-20,Perry,170,0,148,0,22,0,183,0,3795,3,3978,3,0,1,0,14,0,155,0,8,1
10-12-20,Pickett,214,4,162,4,52,0,205,4,1117,12,1322,16,0,3,-5,71,9,140,0,11,3
10-12-20,Polk,457,1,442,1,15,0,524,1,4195,16,4719,17,0,13,-3,22,4,422,0,20,13
10-12-20,Putnam,3821,38,3521,31,300,7,4521,31,33066,204,37587,235,0,50,1,324,37,3447,0,127,53
10-12-20,Rhea,989,3,976,2,13,1,1149,2,11794,25,12943,27,0,16,-17,81,20,892,1,36,17
10-12-20,Roane,1085,8,1038,8,47,0,1241,8,19314,102,20555,110,0,6,-4,137,12,942,1,40,6
10-12-20,Robertson,2407,9,2372,8,35,1,2884,9,19303,72,22187,81,0,39,-6,105,15,2263,0,176,41
10-12-20,Rutherford,10575,53,10452,52,123,1,12764,60,94171,442,106935,502,0,103,-32,644,85,9828,1,301,108
10-12-20,Scott,286,3,264,3,22,0,299,3,4887,7,5186,10,0,3,-5,44,8,239,0,20,3
10-12-20,Sequatchie,284,5,279,2,5,3,314,2,5548,13,5862,15,0,1,3,35,2,248,0,11,2
10-12-20,Sevier,2961,17,2859,14,102,3,3259,19,27947,96,31206,115,0,19,-3,216,20,2726,0,114,21
10-12-20,Shelby,33557,183,33051,169,506,14,41528,212,409706,1680,451234,1892,1,538,36,1643,146,31376,3,2261,567
10-12-20,Smith,893,5,860,5,33,0,1119,9,6341,26,7460,35,0,12,-13,88,18,793,0,33,12
10-12-20,Stewart,286,3,267,3,19,0,318,3,3287,18,3605,21,0,5,1,52,2,229,0,10,8
10-12-20,Sullivan,2760,40,2591,37,169,3,2947,35,34160,124,37107,159,2,38,-1,373,39,2349,3,207,41
10-12-20,Sumner,5379,22,5335,22,44,0,6375,26,50587,202,56962,228,0,105,-13,289,35,4985,0,415,109
10-12-20,Tipton,2092,15,1884,13,208,2,2429,15,23565,111,25994,126,0,22,-3,181,18,1889,0,97,23
10-12-20,Trousdale,1713,0,1701,0,12,0,1792,0,5374,3,7166,3,0,7,-8,22,8,1684,0,26,8
10-12-20,Unicoi,308,1,300,0,8,1,363,0,7045,15,7408,15,0,1,-1,12,2,295,0,16,2
10-12-20,Union,461,1,417,1,44,0,476,1,5389,25,5865,26,0,2,-9,52,10,407,0,18,2
10-12-20,Van Buren,182,1,167,1,15,0,201,1,2339,6,2540,7,0,1,1,15,0,166,0,8,2
10-12-20,Warren,1238,1,1143,1,95,0,1383,1,14575,36,15958,37,0,9,-13,98,14,1131,0,21,10
10-12-20,Washington,2757,11,2682,10,75,1,3118,12,34522,122,37640,134,1,41,-15,288,25,2428,0,125,44
10-12-20,Wayne,1541,0,1523,0,18,0,1678,0,6365,21,8043,21,0,6,-4,28,4,1507,0,22,8
10-12-20,Weakley,1403,11,1287,11,116,0,1527,14,12302,40,13829,54,0,23,-7,106,18,1274,0,37,25
10-12-20,White,993,4,914,3,79,1,1242,4,11441,34,12683,38,0,10,-16,92,20,891,0,54,13
10-12-20,Williamson,6140,34,5951,26,189,8,7068,29,77056,490,84124,519,0,46,-26,550,60,5544,0,135,50
10-12-20,Wilson,4074,20,4005,20,69,0,4780,21,42184,160,46964,181,0,52,-26,342,46,3680,1,138,54
10-11-20,Anderson,1428,28,1374,28,54,0,1617,32,28307,291,29924,323,0,13,18,170,10,1245,0,48,14
10-11-20,Bedford,1499,27,1426,24,73,3,1773,24,14338,181,16111,205,0,19,22,115,5,1365,2,58,19
10-11-20,Benton,375,7,358,6,17,1,402,6,4941,69,5343,75,0,9,6,20,1,346,0,19,9
10-11-20,Bledsoe,898,3,892,3,6,0,942,3,8352,79,9294,82,0,4,2,30,1,864,0,21,4
10-11-20,Blount,2900,49,2830,48,70,1,3330,55,32083,352,35413,407,0,30,32,271,17,2599,2,130,32
10-11-20,Bradley,3261,42,3143,39,118,3,3814,40,27705,439,31519,479,0,20,27,208,15,3033,4,200,21
10-11-20,Campbell,715,17,653,16,62,1,753,20,12750,124,13503,144,0,4,8,229,9,482,0,40,5
10-11-20,Cannon,361,2,342,2,19,0,419,2,4469,31,4888,33,0,2,-3,51,5,308,1,11,2
10-11-20,Carroll,1045,13,881,8,164,5,1095,9,11905,130,13000,139,0,24,1,107,12,914,0,54,24
10-11-20,Carter,1334,26,1277,26,57,0,1447,27,17469,332,18916,359,0,31,20,119,6,1184,2,92,33
10-11-20,Cheatham,904,15,888,14,16,1,1074,14,12025,147,13099,161,0,10,12,64,3,830,1,32,12
10-11-20,Chester,685,4,562,3,123,1,764,3,5924,37,6688,40,0,13,4,38,0,634,0,24,15
10-11-20,Claiborne,476,2,431,1,45,1,530,2,11497,80,12027,82,0,5,1,21,1,450,1,24,5
10-11-20,Clay,317,6,271,5,46,1,327,5,3163,22,3490,27,0,6,-3,70,9,241,0,12,7
10-11-20,Cocke,859,10,785,9,74,1,899,12,8928,129,9827,141,0,11,7,93,3,755,0,47,13
10-11-20,Coffee,1579,45,1406,44,173,1,1833,50,21505,260,23338,310,0,17,27,263,18,1299,1,50,20
10-11-20,Crockett,698,22,576,10,122,12,727,12,4105,36,4832,48,0,19,17,121,5,558,0,22,19
10-11-20,Cumberland,1404,6,1365,6,39,0,1700,9,25029,210,26729,219,0,23,-3,155,9,1226,0,70,26
10-11-20,Davidson,29010,225,28797,218,213,7,36288,269,389615,6717,425903,6986,0,321,141,1358,84,27331,13,1162,329
10-11-20,Decatur,590,2,464,1,126,1,639,3,6477,51,7116,54,0,11,-2,41,4,538,0,22,11
10-11-20,Dekalb,602,7,575,7,27,0,734,7,8844,88,9578,95,0,17,5,45,2,540,1,29,16
10-11-20,Dickson,1427,19,1265,14,162,5,1740,14,15708,182,17448,196,0,17,13,121,6,1289,0,61,18
10-11-20,Dyer,1802,50,1603,44,199,6,1895,53,12959,85,14854,138,0,21,31,307,19,1474,1,69,24
10-11-20,Fayette,1427,33,1376,30,51,3,1768,34,17150,147,18918,181,0,23,32,167,1,1237,0,84,25
10-11-20,Fentress,787,24,699,23,88,1,844,27,4704,190,5548,217,0,5,19,182,5,600,3,35,5
10-11-20,Franklin,1148,19,1101,18,47,1,1384,21,16559,197,17943,218,0,12,8,117,11,1019,0,54,16
10-11-20,Gibson,1959,13,1530,6,429,7,2129,13,16770,130,18899,143,0,28,-1,184,14,1747,0,67,39
10-11-20,Giles,800,20,783,20,17,0,941,27,10081,206,11022,233,2,28,10,141,8,631,0,53,29
10-11-20,Grainger,482,7,438,7,44,0,533,8,6806,44,7339,52,0,4,0,65,7,413,0,27,4
10-11-20,Greene,1372,51,1295,51,77,0,1574,56,17446,434,19020,490,0,48,44,179,7,1145,0,88,48
10-11-20,Grundy,479,29,443,28,36,1,543,31,2915,78,3458,109,0,8,16,116,13,355,0,36,9
10-11-20,Hamblen,2220,36,2030,35,190,1,2389,40,24299,269,26688,309,0,40,24,230,12,1950,2,130,48
10-11-20,Hamilton,10560,113,10161,109,399,4,11968,122,149060,2276,161028,2398,0,101,76,707,37,9752,1,432,106
10-11-20,Hancock,114,2,104,2,10,0,120,2,2102,17,2222,19,0,3,1,4,1,107,0,11,3
10-11-20,Hardeman,1731,13,1640,12,91,1,1972,14,15314,146,17286,160,0,30,10,100,3,1601,0,72,31
10-11-20,Hardin,1212,23,1002,23,210,0,1320,23,13494,96,14814,119,0,18,15,116,8,1078,0,33,22
10-11-20,Hawkins,996,29,960,27,36,2,1104,32,11144,377,12248,409,0,22,23,135,6,839,0,69,24
10-11-20,Haywood,1176,11,1106,9,70,2,1285,10,7328,40,8613,50,0,25,3,126,8,1025,1,49,25
10-11-20,Henderson,1306,12,1054,7,252,5,1567,8,9741,68,11308,76,0,24,5,96,7,1186,0,50,24
10-11-20,Henry,692,6,672,6,20,0,817,6,10583,64,11400,70,0,10,2,41,4,641,0,40,10
10-11-20,Hickman,714,8,668,7,46,1,850,10,8225,58,9075,68,0,13,-1,77,9,624,0,23,13
10-11-20,Houston,351,8,317,8,34,0,371,9,2543,103,2914,112,0,13,4,51,4,287,1,28,15
10-11-20,Humphreys,349,13,282,9,67,4,378,10,6099,50,6477,60,0,4,12,59,1,286,0,12,4
10-11-20,Jackson,390,5,347,5,43,0,436,6,2647,37,3083,43,0,5,2,47,3,338,0,17,5
10-11-20,Jefferson,1360,17,1193,9,167,8,1415,12,18744,167,20159,179,0,17,7,190,10,1153,2,75,19
10-11-20,Johnson,1046,18,1033,18,13,0,1111,20,6802,245,7913,265,0,4,12,294,6,748,1,31,6
10-11-20,Knox,11170,169,10684,160,486,9,11992,178,145217,1632,157209,1810,0,82,93,941,76,10147,8,414,85
10-11-20,Lake,944,5,939,5,5,0,1153,5,6499,52,7652,57,0,3,5,14,0,927,0,8,3
10-11-20,Lauderdale,1182,26,1041,19,141,7,1242,21,12223,152,13465,173,0,16,21,158,5,1008,2,55,16
10-11-20,Lawrence,1301,37,1281,37,20,0,1463,44,12107,234,13570,278,0,17,28,185,9,1099,1,58,17
10-11-20,Lewis,288,13,287,13,1,0,319,16,5016,114,5335,130,0,1,11,70,2,217,2,19,3
10-11-20,Lincoln,734,16,712,16,22,0,868,17,8911,56,9779,73,0,2,10,74,6,658,0,22,2
10-11-20,Loudon,1441,24,1394,24,47,0,1573,28,14881,161,16454,189,-1,8,12,201,13,1232,1,44,10
10-11-20,Macon,1204,27,1154,20,50,7,1437,22,8104,87,9541,109,0,22,16,96,11,1086,0,84,24
10-11-20,Madison,3419,36,2514,18,905,18,3580,23,30783,323,34363,346,0,76,9,269,27,3074,0,203,83
10-11-20,Marion,639,12,628,12,11,0,760,14,6714,214,7474,228,0,9,6,68,6,562,0,45,9
10-11-20,Marshall,943,37,928,36,15,1,1073,52,10266,234,11339,286,0,5,30,140,7,798,1,29,8
10-11-20,Maury,2787,66,2746,66,41,0,3168,72,29389,673,32557,745,0,33,45,296,21,2458,0,102,34
10-11-20,McMinn,1365,26,1339,26,26,0,1572,35,18897,269,20469,304,1,31,15,179,10,1155,0,74,32
10-11-20,McNairy,1035,15,842,14,193,1,1182,13,8560,117,9742,130,0,23,9,87,6,925,0,43,26
10-11-20,Meigs,260,5,256,5,4,0,294,5,3444,44,3738,49,0,4,4,28,1,228,0,13,4
10-11-20,Monroe,1200,14,1154,14,46,0,1352,16,12190,96,13542,112,0,21,8,115,6,1064,2,81,25
10-11-20,Montgomery,3595,89,3394,83,201,6,3949,88,45311,709,49260,797,1,49,75,290,13,3256,2,135,52
10-11-20,Moore,226,6,202,6,24,0,255,6,2737,29,2992,35,0,1,4,38,2,187,0,6,2
10-11-20,Morgan,375,5,351,5,24,0,403,5,8762,85,9165,90,1,5,3,47,1,323,1,12,5
10-11-20,Obion,1520,17,1426,16,94,1,1650,17,11406,100,13056,117,0,16,-1,237,18,1267,0,58,18
10-11-20,Out of State,2563,44,2478,43,85,1,2893,47,307817,4966,310710,5013,0,29,34,205,10,2329,2,90,19
10-11-20,Overton,1009,32,873,18,136,14,1066,17,7929,80,8995,97,0,8,16,193,16,808,0,40,12
10-11-20,Pending,1171,43,1063,42,108,1,1298,45,194185,1971,195483,2016,1,6,34,185,8,980,0,19,2
10-11-20,Perry,170,3,148,2,22,1,183,2,3792,16,3975,18,0,1,2,14,1,155,0,8,1
10-11-20,Pickett,210,1,158,1,52,0,201,1,1105,9,1306,10,0,3,-3,76,4,131,1,11,3
10-11-20,Polk,456,4,441,4,15,0,523,5,4179,78,4702,83,0,13,-1,25,5,418,0,20,13
10-11-20,Putnam,3783,32,3490,30,293,2,4490,36,32862,276,37352,312,0,50,3,323,29,3410,0,127,52
10-11-20,Rhea,986,8,974,8,12,0,1147,12,11769,149,12916,161,0,16,4,98,4,872,0,35,17
10-11-20,Roane,1077,28,1030,27,47,1,1233,31,19212,290,20445,321,0,6,23,141,5,930,3,39,6
10-11-20,Robertson,2398,24,2364,24,34,0,2875,24,19231,265,22106,289,0,39,22,111,2,2248,1,176,41
10-11-20,Rutherford,10522,132,10400,126,122,6,12704,131,93729,1173,106433,1304,0,103,72,676,60,9743,4,300,105
10-11-20,Scott,283,8,261,8,22,0,296,10,4880,112,5176,122,0,3,3,49,5,231,1,20,3
10-11-20,Sequatchie,279,14,277,14,2,0,312,15,5535,77,5847,92,0,1,13,32,1,246,1,11,2
10-11-20,Sevier,2944,33,2845,33,99,0,3240,37,27851,306,31091,343,0,19,20,219,13,2706,0,114,21
10-11-20,Shelby,33374,285,32882,281,492,4,41316,347,408026,4596,449342,4943,4,537,203,1607,78,31230,6,2258,565
10-11-20,Smith,888,14,855,14,33,0,1110,16,6315,79,7425,95,0,12,12,101,2,775,1,33,12
10-11-20,Stewart,283,4,264,4,19,0,315,4,3269,35,3584,39,0,5,3,51,1,227,0,10,8
10-11-20,Sullivan,2720,75,2554,74,166,1,2912,79,34036,483,36948,562,0,36,48,374,27,2310,0,204,40
10-11-20,Sumner,5357,59,5313,59,44,0,6349,68,50385,692,56734,760,0,105,37,302,22,4950,3,415,109
10-11-20,Tipton,2077,29,1871,19,206,10,2414,23,23454,234,25868,257,0,22,19,184,10,1871,1,97,23
10-11-20,Trousdale,1713,1,1701,1,12,0,1792,2,5371,40,7163,42,0,7,-2,30,3,1676,0,26,8
10-11-20,Unicoi,307,3,300,2,7,1,363,2,7030,50,7393,52,0,1,1,13,2,293,1,16,1
10-11-20,Union,460,5,416,5,44,0,475,7,5364,76,5839,83,0,2,-1,61,6,397,0,18,2
10-11-20,Van Buren,181,1,166,1,15,0,200,1,2333,19,2533,20,0,1,1,14,0,166,0,8,2
10-11-20,Warren,1237,27,1142,27,95,0,1382,30,14539,140,15921,170,0,9,23,111,4,1117,1,21,10
10-11-20,Washington,2746,70,2672,70,74,0,3106,79,34400,645,37506,724,0,40,50,303,20,2403,1,125,42
10-11-20,Wayne,1541,2,1523,2,18,0,1678,3,6344,48,8022,51,0,6,2,32,0,1503,0,22,8
10-11-20,Weakley,1392,13,1276,10,116,3,1513,10,12262,55,13775,65,0,23,4,113,9,1256,1,37,25
10-11-20,White,989,9,911,9,78,0,1238,12,11407,175,12645,187,0,10,4,108,5,871,0,54,13
10-11-20,Williamson,6106,109,5925,94,181,15,7039,101,76566,1199,83605,1300,0,46,77,576,32,5484,1,135,49
10-11-20,Wilson,4054,56,3985,56,69,0,4759,68,42024,544,46783,612,0,52,22,368,34,3634,3,137,54
10-10-20,Anderson,1400,16,1346,16,54,0,1585,20,28016,214,29601,234,0,13,3,152,13,1235,1,48,14
10-10-20,Bedford,1472,28,1402,28,70,0,1749,30,14157,131,15906,161,0,19,27,93,1,1360,1,56,19
10-10-20,Benton,368,3,352,3,16,0,396,3,4872,31,5268,34,0,9,3,14,0,345,0,19,9
10-10-20,Bledsoe,895,6,889,6,6,0,939,6,8273,72,9212,78,0,4,6,28,0,863,1,21,4
10-10-20,Blount,2851,26,2782,24,69,2,3275,29,31731,383,35006,412,2,30,9,239,15,2582,0,128,32
10-10-20,Bradley,3219,16,3104,16,115,0,3774,17,27266,227,31040,244,1,20,7,181,8,3018,0,196,21
10-10-20,Campbell,698,37,637,30,61,7,733,35,12626,201,13359,236,0,4,33,221,4,473,1,40,5
10-10-20,Cannon,359,11,340,11,19,0,417,12,4438,56,4855,68,0,2,7,54,4,303,0,10,2
10-10-20,Carroll,1032,9,873,6,159,3,1086,7,11775,107,12861,114,0,24,7,106,2,902,2,54,24
10-10-20,Carter,1308,17,1251,16,57,1,1420,16,17137,161,18557,177,0,31,5,99,12,1178,0,90,32
10-10-20,Cheatham,889,6,874,6,15,0,1060,9,11878,103,12938,112,0,10,2,52,4,827,0,31,12
10-10-20,Chester,681,5,559,4,122,1,761,6,5887,42,6648,48,0,13,4,34,1,634,0,24,15
10-10-20,Claiborne,474,2,430,2,44,0,528,2,11417,181,11945,183,0,5,-2,20,4,449,0,23,5
10-10-20,Clay,311,9,266,7,45,2,322,8,3141,41,3463,49,0,6,4,73,5,232,0,12,7
10-10-20,Cocke,849,3,776,3,73,0,887,5,8799,103,9686,108,0,11,-3,86,6,752,0,47,13
10-10-20,Coffee,1534,24,1362,23,172,1,1783,27,21245,155,23028,182,0,17,15,236,9,1281,1,49,19
10-10-20,Crockett,676,17,566,10,110,7,715,11,4069,25,4784,36,0,19,15,104,2,553,0,22,19
10-10-20,Cumberland,1398,14,1359,14,39,0,1691,18,24819,276,26510,294,0,23,7,158,7,1217,1,70,26
10-10-20,Davidson,28785,170,28579,168,206,2,36019,194,382898,4082,418917,4276,0,321,95,1217,75,27247,4,1149,328
10-10-20,Decatur,588,3,463,3,125,0,636,3,6426,30,7062,33,0,11,-2,43,5,534,1,22,11
10-10-20,Dekalb,595,10,568,10,27,0,727,11,8756,108,9483,119,0,17,6,40,4,538,0,28,16
10-10-20,Dickson,1408,5,1251,5,157,0,1726,5,15526,100,17252,105,0,17,1,108,4,1283,0,61,18
10-10-20,Dyer,1752,35,1559,30,193,5,1842,33,12874,163,14716,196,0,21,15,276,20,1455,0,68,24
10-10-20,Fayette,1394,13,1346,13,48,0,1734,14,17003,94,18737,108,0,23,8,135,5,1236,1,84,25
10-10-20,Fentress,763,8,676,7,87,1,817,7,4514,60,5331,67,0,5,0,163,8,595,1,32,5
10-10-20,Franklin,1129,11,1083,11,46,0,1363,15,16362,125,17725,140,0,12,4,109,7,1008,0,54,14
10-10-20,Gibson,1946,11,1524,8,422,3,2116,9,16640,66,18756,75,0,28,-5,185,16,1733,0,67,39
10-10-20,Giles,780,6,763,6,17,0,914,10,9875,109,10789,119,2,26,0,131,4,623,0,53,29
10-10-20,Grainger,475,8,431,8,44,0,525,11,6762,65,7287,76,0,4,2,65,6,406,0,27,4
10-10-20,Greene,1321,21,1244,19,77,2,1518,21,17012,210,18530,231,0,48,11,135,10,1138,0,88,48
10-10-20,Grundy,450,7,415,7,35,0,512,7,2837,27,3349,34,0,8,-4,100,11,342,0,36,9
10-10-20,Hamblen,2184,15,1995,11,189,4,2349,16,24030,210,26379,226,2,40,5,206,8,1938,2,128,48
10-10-20,Hamilton,10447,73,10052,71,395,2,11846,78,146784,1786,158630,1864,2,101,22,631,49,9715,1,431,105
10-10-20,Hancock,112,0,102,0,10,0,118,0,2085,10,2203,10,0,3,0,3,0,106,0,11,3
10-10-20,Hardeman,1718,9,1628,9,90,0,1958,11,15168,160,17126,171,2,30,3,90,4,1598,0,72,30
10-10-20,Hardin,1189,18,979,11,210,7,1297,12,13398,148,14695,160,1,18,14,101,3,1070,0,33,22
10-10-20,Hawkins,967,6,933,6,34,0,1072,7,10767,142,11839,149,0,22,-5,112,11,833,0,69,24
10-10-20,Haywood,1165,6,1097,6,68,0,1275,6,7288,34,8563,40,1,25,1,123,4,1017,0,48,25
10-10-20,Henderson,1294,10,1047,8,247,2,1559,8,9673,50,11232,58,0,24,6,91,4,1179,2,50,24
10-10-20,Henry,686,0,666,0,20,0,811,0,10519,123,11330,123,0,10,-1,39,1,637,0,40,10
10-10-20,Hickman,706,5,661,5,45,0,840,7,8167,66,9007,73,0,13,3,78,2,615,0,23,13
10-10-20,Houston,343,5,309,5,34,0,362,6,2440,34,2802,40,0,13,3,47,2,283,0,27,15
10-10-20,Humphreys,336,5,273,5,63,0,368,5,6049,27,6417,32,1,4,-1,47,5,285,1,12,4
10-10-20,Jackson,385,5,342,5,43,0,430,6,2610,31,3040,37,0,5,3,45,2,335,0,17,5
10-10-20,Jefferson,1343,15,1184,13,159,2,1403,19,18577,273,19980,292,1,17,5,183,9,1143,1,73,19
10-10-20,Johnson,1028,7,1015,7,13,0,1091,9,6557,47,7648,56,0,4,-2,282,9,742,0,30,4
10-10-20,Knox,11001,129,10524,121,477,8,11814,131,143585,1371,155399,1502,0,82,44,848,85,10071,3,406,85
10-10-20,Lake,939,0,934,0,5,0,1148,1,6447,12,7595,13,0,3,0,9,0,927,0,8,3
10-10-20,Lauderdale,1156,23,1022,19,134,4,1221,19,12071,115,13292,134,0,16,18,137,5,1003,3,53,16
10-10-20,Lawrence,1264,22,1244,22,20,0,1419,27,11873,156,13292,183,0,17,16,157,6,1090,1,57,17
10-10-20,Lewis,275,10,274,10,1,0,303,14,4902,51,5205,65,0,1,4,59,6,215,0,17,3
10-10-20,Lincoln,718,6,696,6,22,0,851,6,8855,31,9706,37,0,2,2,64,4,652,0,22,2
10-10-20,Loudon,1417,28,1370,28,47,0,1545,30,14720,242,16265,272,0,9,14,189,14,1219,0,43,9
10-10-20,Macon,1177,7,1134,7,43,0,1415,8,8017,69,9432,77,0,22,3,80,4,1075,0,84,23
10-10-20,Madison,3383,17,2496,8,887,9,3557,12,30460,349,34017,361,2,76,-15,260,30,3047,1,203,81
10-10-20,Marion,627,4,616,3,11,1,746,4,6500,61,7246,65,0,9,2,62,2,556,0,45,9
10-10-20,Marshall,906,11,892,11,14,0,1021,15,10032,56,11053,71,0,5,6,110,5,791,0,28,8
10-10-20,Maury,2721,13,2680,13,41,0,3096,23,28716,131,31812,154,1,33,-4,251,16,2437,0,102,34
10-10-20,McMinn,1339,28,1313,28,26,0,1537,33,18628,225,20165,258,1,30,23,164,4,1145,0,74,31
10-10-20,McNairy,1020,8,828,8,192,0,1169,7,8443,58,9612,65,0,23,0,78,8,919,0,43,26
10-10-20,Meigs,255,3,251,3,4,0,289,3,3400,62,3689,65,1,4,0,24,2,227,0,13,4
10-10-20,Monroe,1186,13,1140,13,46,0,1336,20,12094,150,13430,170,0,21,10,107,3,1058,0,79,25
10-10-20,Montgomery,3506,45,3311,41,195,4,3861,45,44602,420,48463,465,0,48,30,215,15,3243,1,133,51
10-10-20,Moore,220,4,196,4,24,0,249,4,2708,9,2957,13,0,1,1,34,3,185,0,6,2
10-10-20,Morgan,370,7,346,7,24,0,398,7,8677,58,9075,65,0,4,5,44,2,322,0,11,5
10-10-20,Obion,1503,14,1410,13,93,1,1633,14,11306,265,12939,279,0,16,-12,238,26,1249,0,58,18
10-10-20,Out of State,2519,27,2435,25,84,2,2846,28,302851,2273,305697,2301,-1,29,16,171,12,2319,1,88,18
10-10-20,Overton,977,21,855,15,122,6,1049,15,7849,68,8898,83,0,8,15,177,6,792,1,40,12
10-10-20,Pending,1128,23,1021,22,107,1,1253,23,192214,1607,193467,1630,-1,5,17,151,7,972,0,19,2
10-10-20,Perry,167,0,146,0,21,0,181,0,3776,25,3957,25,0,1,0,12,0,154,0,8,1
10-10-20,Pickett,209,4,157,4,52,0,200,6,1096,13,1296,19,0,3,3,79,1,127,1,10,3
10-10-20,Polk,452,4,437,4,15,0,518,5,4101,27,4619,32,0,13,1,26,3,413,0,20,13
10-10-20,Putnam,3751,36,3460,36,291,0,4454,40,32586,358,37040,398,0,50,12,320,24,3381,0,127,50
10-10-20,Rhea,978,7,966,7,12,0,1135,8,11620,162,12755,170,0,16,4,94,3,868,1,35,17
10-10-20,Roane,1049,12,1003,12,46,0,1202,15,18922,205,20124,220,0,6,6,118,6,925,0,36,6
10-10-20,Robertson,2374,11,2340,11,34,0,2851,11,18966,156,21817,167,0,39,3,89,8,2246,1,175,41
10-10-20,Rutherford,10390,91,10274,90,116,1,12573,100,92556,804,105129,904,1,103,49,604,41,9683,1,296,104
10-10-20,Scott,275,4,253,3,22,1,286,3,4768,42,5054,45,0,3,4,46,0,226,0,19,3
10-10-20,Sequatchie,265,1,263,1,2,0,297,1,5458,46,5755,47,-2,1,2,19,1,245,0,10,2
10-10-20,Sevier,2911,21,2812,21,99,0,3203,22,27545,249,30748,271,0,19,6,199,15,2693,0,114,21
10-10-20,Shelby,33089,182,32601,179,488,3,40969,213,403430,3393,444399,3606,4,533,102,1404,76,31152,4,2252,562
10-10-20,Smith,874,18,841,18,33,0,1094,22,6236,68,7330,90,0,12,12,89,6,773,1,32,12
10-10-20,Stewart,279,15,260,15,19,0,311,14,3234,38,3545,52,0,5,15,48,0,226,0,10,7
10-10-20,Sullivan,2645,32,2480,32,165,0,2833,35,33553,381,36386,416,1,36,9,326,22,2283,2,204,40
10-10-20,Sumner,5298,34,5254,34,44,0,6281,36,49693,429,55974,465,1,105,9,265,24,4928,1,412,109
10-10-20,Tipton,2048,29,1852,22,196,7,2391,23,23220,218,25611,241,0,22,19,165,10,1861,1,96,22
10-10-20,Trousdale,1712,8,1700,8,12,0,1790,8,5331,14,7121,22,0,7,2,32,6,1673,0,26,8
10-10-20,Unicoi,304,3,298,2,6,1,361,3,6980,88,7341,91,0,1,2,12,1,291,0,15,1
10-10-20,Union,455,5,411,5,44,0,468,4,5288,42,5756,46,0,2,1,62,4,391,0,18,2
10-10-20,Van Buren,180,3,165,3,15,0,199,3,2314,62,2513,65,0,1,3,13,0,166,0,8,2
10-10-20,Warren,1210,14,1115,14,95,0,1352,15,14399,131,15751,146,0,9,6,88,8,1113,0,20,9
10-10-20,Washington,2676,37,2602,37,74,0,3027,41,33755,448,36782,489,1,40,18,253,18,2383,2,124,41
10-10-20,Wayne,1539,1,1521,1,18,0,1675,1,6296,30,7971,31,0,6,-1,30,2,1503,0,22,7
10-10-20,Weakley,1379,13,1266,12,113,1,1503,13,12207,98,13710,111,0,23,3,109,10,1247,0,36,25
10-10-20,White,980,8,902,8,78,0,1226,9,11232,175,12458,184,0,10,1,104,7,866,1,54,12
10-10-20,Williamson,5997,39,5831,39,166,0,6938,41,75367,626,82305,667,2,46,-8,499,45,5452,0,134,49
10-10-20,Wilson,3998,55,3929,51,69,4,4691,54,41480,370,46171,424,0,52,23,346,32,3600,2,134,54
10-09-20,Anderson,1384,15,1330,13,54,2,1565,16,27802,187,29367,203,0,13,-3,149,18,1222,0,47,13
10-09-20,Bedford,1444,6,1374,5,70,1,1719,3,14026,127,15745,130,0,19,-1,66,7,1359,0,55,19
10-09-20,Benton,365,2,349,2,16,0,393,3,4841,30,5234,33,0,9,1,11,1,345,0,19,9
10-09-20,Bledsoe,889,0,883,0,6,0,933,0,8201,20,9134,20,0,4,-3,22,3,863,0,20,4
10-09-20,Blount,2825,14,2758,13,67,1,3246,15,31348,231,34594,246,0,28,-5,230,19,2567,1,128,31
10-09-20,Bradley,3203,5,3088,4,115,1,3757,8,27039,79,30796,87,0,19,-12,174,17,3010,1,196,21
10-09-20,Campbell,661,26,607,26,54,0,698,24,12425,108,13123,132,0,4,18,188,8,469,1,39,5
10-09-20,Cannon,348,5,329,3,19,2,405,3,4382,3,4787,6,0,2,3,47,2,299,0,10,2
10-09-20,Carroll,1023,6,867,5,156,1,1079,8,11668,106,12747,114,1,24,-14,99,19,900,1,52,24
10-09-20,Carter,1291,14,1235,14,56,0,1404,15,16976,163,18380,178,0,31,11,94,3,1166,0,90,32
10-09-20,Cheatham,883,2,868,2,15,0,1051,3,11775,78,12826,81,0,10,-1,50,3,823,0,31,12
10-09-20,Chester,676,3,555,3,121,0,755,3,5845,100,6600,103,0,13,2,30,1,633,0,24,15
10-09-20,Claiborne,472,3,428,2,44,1,526,2,11236,45,11762,47,0,5,3,22,0,445,0,23,5
10-09-20,Clay,302,9,259,8,43,1,314,7,3100,5,3414,12,0,6,8,69,1,227,0,12,7
10-09-20,Cocke,846,5,773,2,73,3,882,4,8696,36,9578,40,0,11,2,89,3,746,1,47,13
10-09-20,Coffee,1510,2,1339,1,171,1,1756,1,21090,105,22846,106,0,17,-22,221,24,1272,0,48,19
10-09-20,Crockett,659,16,556,11,103,5,704,11,4044,29,4748,40,0,19,11,89,5,551,1,22,19
10-09-20,Cumberland,1384,6,1345,6,39,0,1673,7,24543,208,26216,215,1,23,-7,151,12,1210,2,69,26
10-09-20,Davidson,28615,124,28411,123,204,1,35825,156,378816,7735,414641,7891,2,321,26,1122,96,27172,0,1145,327
10-09-20,Decatur,585,3,460,3,125,0,633,3,6396,97,7029,100,1,11,-5,45,7,529,0,21,11
10-09-20,Dekalb,585,1,558,1,27,0,716,1,8648,21,9364,22,0,17,-5,34,6,534,0,28,16
10-09-20,Dickson,1403,3,1246,2,157,1,1721,4,15426,55,17147,59,0,17,-4,107,7,1279,0,61,18
10-09-20,Dyer,1717,29,1529,24,188,5,1809,23,12711,77,14520,100,1,21,10,261,18,1435,1,68,23
10-09-20,Fayette,1381,13,1333,13,48,0,1720,14,16909,147,18629,161,0,23,-6,127,19,1231,0,83,25
10-09-20,Fentress,755,21,669,11,86,10,810,14,4454,31,5264,45,0,5,2,163,19,587,0,31,5
10-09-20,Franklin,1118,15,1072,13,46,2,1348,13,16237,65,17585,78,0,12,7,105,8,1001,2,54,14
10-09-20,Gibson,1935,8,1516,6,419,2,2107,9,16574,89,18681,98,0,28,-16,190,24,1717,1,67,38
10-09-20,Giles,774,9,757,7,17,2,904,4,9766,45,10670,49,1,24,0,131,8,619,2,53,27
10-09-20,Grainger,467,6,423,5,44,1,514,7,6697,78,7211,85,0,4,1,63,5,400,0,27,4
10-09-20,Greene,1300,11,1225,10,75,1,1497,10,16802,270,18299,280,0,48,4,124,7,1128,0,88,48
10-09-20,Grundy,443,4,408,2,35,2,505,4,2810,11,3315,15,0,8,-7,104,11,331,0,36,9
10-09-20,Hamblen,2169,37,1984,35,185,2,2333,36,23820,278,26153,314,3,38,21,201,13,1930,1,126,44
10-09-20,Hamilton,10374,78,9981,66,393,12,11768,80,144998,1009,156766,1089,-2,99,35,609,45,9666,2,430,105
10-09-20,Hancock,112,0,102,0,10,0,118,0,2075,7,2193,7,0,3,-1,3,1,106,0,11,3
10-09-20,Hardeman,1709,15,1619,10,90,5,1947,9,15008,47,16955,56,0,28,10,87,5,1594,0,72,30
10-09-20,Hardin,1171,7,968,1,203,6,1285,2,13250,19,14535,21,0,17,-1,87,8,1067,0,33,21
10-09-20,Hawkins,961,16,927,12,34,4,1065,10,10625,43,11690,53,0,22,8,117,8,822,2,69,23
10-09-20,Haywood,1159,11,1091,11,68,0,1269,11,7254,103,8523,114,0,24,-4,122,15,1013,0,48,25
10-09-20,Henderson,1284,6,1039,5,245,1,1551,5,9623,88,11174,93,0,24,-1,85,7,1175,0,48,24
10-09-20,Henry,686,3,666,2,20,1,811,2,10396,65,11207,67,0,10,-2,40,5,636,0,40,10
10-09-20,Hickman,701,3,656,3,45,0,833,2,8101,66,8934,68,1,13,-4,75,6,613,0,23,13
10-09-20,Houston,338,2,304,2,34,0,356,2,2406,8,2762,10,0,13,-15,44,17,281,0,27,15
10-09-20,Humphreys,331,5,268,2,63,3,363,2,6022,17,6385,19,0,3,1,48,4,280,1,11,4
10-09-20,Jackson,380,3,337,2,43,1,424,2,2579,6,3003,8,0,5,1,42,2,333,0,17,5
10-09-20,Jefferson,1328,28,1171,24,157,4,1384,24,18304,167,19688,191,0,16,21,178,7,1134,1,72,19
10-09-20,Johnson,1021,4,1008,4,13,0,1082,2,6510,7,7592,9,0,4,-5,284,9,733,0,30,4
10-09-20,Knox,10872,123,10403,121,469,2,11683,142,142214,1382,153897,1524,0,82,38,804,85,9986,3,403,85
10-09-20,Lake,939,1,934,1,5,0,1147,1,6435,4,7582,5,0,3,-3,9,4,927,0,8,3
10-09-20,Lauderdale,1133,2,1003,1,130,1,1202,1,11956,17,13158,18,0,16,-5,119,7,998,0,50,16
10-09-20,Lawrence,1242,25,1222,21,20,4,1392,13,11717,80,13109,93,1,17,8,141,16,1084,1,56,17
10-09-20,Lewis,265,5,264,5,1,0,289,4,4851,23,5140,27,0,1,0,55,5,209,1,17,3
10-09-20,Lincoln,712,2,690,1,22,1,845,1,8824,12,9669,13,1,2,-8,62,9,648,0,22,2
10-09-20,Loudon,1389,15,1342,15,47,0,1515,15,14478,88,15993,103,1,9,2,175,12,1205,0,43,8
10-09-20,Macon,1170,3,1127,2,43,1,1407,2,7948,13,9355,15,0,22,-8,77,11,1071,1,84,23
10-09-20,Madison,3366,11,2488,8,878,3,3545,8,30111,415,33656,423,1,74,-16,275,26,3017,0,202,81
10-09-20,Marion,623,5,613,5,10,0,742,6,6439,21,7181,27,0,9,-2,60,7,554,0,45,9
10-09-20,Marshall,895,16,881,13,14,3,1006,11,9976,20,10982,31,0,5,11,104,5,786,0,28,8
10-09-20,Maury,2708,33,2667,32,41,1,3073,31,28585,377,31658,408,1,32,4,255,28,2421,0,102,33
10-09-20,McMinn,1311,11,1285,11,26,0,1504,21,18403,97,19907,118,0,29,-3,141,14,1141,0,74,31
10-09-20,McNairy,1012,3,820,3,192,0,1162,4,8385,91,9547,95,2,23,-9,78,10,911,0,43,24
10-09-20,Meigs,252,3,248,3,4,0,286,2,3338,3,3624,5,0,3,1,24,2,225,0,13,4
10-09-20,Monroe,1173,5,1127,4,46,1,1316,3,11944,42,13260,45,0,21,-9,97,14,1055,1,79,23
10-09-20,Montgomery,3461,17,3270,11,191,6,3816,12,44182,204,47998,216,1,48,-5,185,21,3228,1,132,51
10-09-20,Moore,216,1,192,1,24,0,245,2,2699,7,2944,9,0,1,-1,33,2,182,0,6,2
10-09-20,Morgan,363,2,339,2,24,0,391,3,8619,80,9010,83,0,4,-1,39,3,320,0,11,4
10-09-20,Obion,1489,12,1397,11,92,1,1619,12,11041,45,12660,57,0,16,1,250,11,1223,0,58,17
10-09-20,Out of State,2492,12,2410,9,82,3,2818,9,300578,1740,303396,1749,1,30,-9,155,20,2307,1,87,18
10-09-20,Overton,956,16,840,9,116,7,1034,10,7781,48,8815,58,0,8,3,162,13,786,0,39,12
10-09-20,Pending,1105,15,999,10,106,5,1230,11,190607,1020,191837,1031,-4,6,5,134,14,965,0,19,1
10-09-20,Perry,167,0,146,0,21,0,181,0,3751,9,3932,9,0,1,-4,12,4,154,0,8,1
10-09-20,Pickett,205,19,153,12,52,7,194,10,1083,11,1277,21,0,3,15,76,4,126,1,9,3
10-09-20,Polk,448,0,433,0,15,0,513,0,4074,6,4587,6,1,13,-6,25,5,410,0,20,13
10-09-20,Putnam,3715,30,3424,26,291,4,4414,27,32228,241,36642,268,0,50,7,308,23,3357,0,127,50
10-09-20,Rhea,971,2,959,2,12,0,1127,2,11458,25,12585,27,0,16,-8,90,10,865,0,34,16
10-09-20,Roane,1037,10,991,10,46,0,1187,10,18717,97,19904,107,0,6,3,112,7,919,0,36,6
10-09-20,Robertson,2363,3,2329,3,34,0,2840,4,18810,61,21650,65,0,39,-8,86,11,2238,0,174,41
10-09-20,Rutherford,10299,125,10184,121,115,4,12473,141,91752,1185,104225,1326,1,102,70,555,54,9642,0,295,104
10-09-20,Scott,271,7,250,5,21,2,283,5,4726,28,5009,33,0,3,5,42,2,226,0,19,3
10-09-20,Sequatchie,264,2,262,2,2,0,296,2,5412,27,5708,29,2,3,-6,17,6,244,0,10,2
10-09-20,Sevier,2890,19,2791,19,99,0,3181,20,27296,132,30477,152,0,19,-2,193,21,2678,0,114,21
10-09-20,Shelby,32907,61,32422,53,485,8,40756,63,400037,1672,440793,1735,5,529,-53,1302,109,31076,6,2248,560
10-09-20,Smith,856,6,823,6,33,0,1072,7,6168,11,7240,18,0,12,-3,77,9,767,0,31,12
10-09-20,Stewart,264,3,245,3,19,0,297,3,3196,6,3493,9,1,5,0,33,2,226,1,10,7
10-09-20,Sullivan,2613,33,2448,29,165,4,2798,33,33172,215,35970,248,0,35,8,317,25,2261,3,202,38
10-09-20,Sumner,5264,19,5220,18,44,1,6245,25,49264,416,55509,441,0,104,-3,256,22,4904,0,411,109
10-09-20,Tipton,2019,9,1830,7,189,2,2368,8,23002,118,25370,126,0,22,-5,146,14,1851,0,95,22
10-09-20,Trousdale,1704,1,1692,1,12,0,1782,1,5317,8,7099,9,0,7,-2,30,3,1667,0,26,7
10-09-20,Unicoi,301,1,296,1,5,0,358,0,6892,22,7250,22,0,1,1,10,0,290,0,15,1
10-09-20,Union,450,6,406,5,44,1,464,8,5246,37,5710,45,0,2,-2,61,8,387,0,18,2
10-09-20,Van Buren,177,1,162,1,15,0,196,1,2252,15,2448,16,0,1,-1,10,2,166,0,8,2
10-09-20,Warren,1196,4,1101,4,95,0,1337,4,14268,61,15605,65,0,9,-10,82,14,1105,0,20,9
10-09-20,Washington,2639,38,2565,37,74,1,2986,47,33307,459,36293,506,0,39,18,235,20,2365,0,122,41
10-09-20,Wayne,1538,0,1520,0,18,0,1674,0,6266,9,7940,9,0,6,-2,31,2,1501,0,22,7
10-09-20,Weakley,1366,5,1254,3,112,2,1490,3,12109,97,13599,100,1,23,-6,106,10,1237,0,36,25
10-09-20,White,972,9,894,9,78,0,1217,9,11057,161,12274,170,0,10,-3,103,12,859,0,53,12
10-09-20,Williamson,5958,42,5792,33,166,9,6897,41,74741,1327,81638,1368,2,44,2,507,38,5407,0,134,49
10-09-20,Wilson,3943,21,3878,18,65,3,4637,27,41110,235,45747,262,0,52,-7,323,28,3568,0,132,53
10-08-20,Anderson,1369,10,1317,8,52,2,1549,9,27615,223,29164,232,0,13,-3,152,13,1204,1,47,13
10-08-20,Bedford,1438,13,1369,11,69,2,1716,12,13899,91,15615,103,0,19,6,67,7,1352,0,55,19
10-08-20,Benton,363,2,347,2,16,0,390,2,4811,36,5201,38,0,9,-1,10,3,344,0,19,9
10-08-20,Bledsoe,889,7,883,7,6,0,933,7,8181,50,9114,57,0,4,4,25,3,860,0,20,4
10-08-20,Blount,2811,23,2745,21,66,2,3231,24,31117,357,34348,381,0,28,1,235,22,2548,1,127,30
10-08-20,Bradley,3198,25,3084,23,114,2,3749,25,26960,169,30709,194,0,19,-4,186,29,2993,4,195,21
10-08-20,Campbell,635,15,581,12,54,3,674,12,12317,67,12991,79,0,4,3,170,12,461,0,38,4
10-08-20,Cannon,343,4,326,4,17,0,402,4,4379,37,4781,41,0,2,0,44,4,297,0,10,2
10-08-20,Carroll,1017,11,862,9,155,2,1071,8,11562,71,12633,79,0,23,5,113,6,881,0,51,24
10-08-20,Carter,1277,6,1221,5,56,1,1389,5,16813,106,18202,111,0,31,0,83,6,1163,0,90,32
10-08-20,Cheatham,881,7,866,6,15,1,1048,7,11697,93,12745,100,0,10,3,51,4,820,0,31,11
10-08-20,Chester,673,2,552,2,121,0,752,2,5745,27,6497,29,0,13,-3,28,5,632,0,24,14
10-08-20,Claiborne,469,5,426,4,43,1,524,4,11191,42,11715,46,0,5,3,19,2,445,1,23,5
10-08-20,Clay,293,9,251,7,42,2,307,8,3095,23,3402,31,0,6,5,61,4,226,1,12,7
10-08-20,Cocke,841,9,771,9,70,0,878,9,8660,83,9538,92,0,11,9,87,0,743,0,46,13
10-08-20,Coffee,1508,23,1338,16,170,7,1755,20,20985,207,22740,227,1,17,5,243,17,1248,0,48,18
10-08-20,Crockett,643,6,545,3,98,3,693,2,4015,29,4708,31,0,19,2,78,4,546,0,21,19
10-08-20,Cumberland,1378,30,1339,30,39,0,1666,31,24335,292,26001,323,1,22,19,158,10,1198,2,67,26
10-08-20,Davidson,28491,180,28288,174,203,6,35669,191,371081,3313,406750,3504,0,319,85,1096,95,27076,7,1145,327
10-08-20,Decatur,582,4,457,1,125,3,630,1,6299,25,6929,26,0,10,-1,50,5,522,0,21,11
10-08-20,Dekalb,584,5,557,5,27,0,715,7,8627,60,9342,67,0,17,3,39,2,528,1,28,16
10-08-20,Dickson,1400,7,1244,7,156,0,1717,9,15371,123,17088,132,0,17,-6,111,13,1272,1,61,18
10-08-20,Dyer,1688,48,1505,44,183,4,1786,43,12634,143,14420,186,1,20,25,251,22,1417,0,67,22
10-08-20,Fayette,1368,23,1320,23,48,0,1706,25,16762,126,18468,151,1,23,14,133,8,1212,0,83,25
10-08-20,Fentress,734,16,658,16,76,0,796,16,4423,58,5219,74,1,5,-4,161,19,568,0,31,5
10-08-20,Franklin,1103,14,1059,13,44,1,1335,15,16172,127,17507,142,1,12,5,98,8,993,1,52,14
10-08-20,Gibson,1927,16,1510,14,417,2,2098,14,16485,115,18583,129,0,28,0,206,16,1693,0,66,37
10-08-20,Giles,765,10,750,9,15,1,900,7,9721,81,10621,88,1,23,0,131,9,611,0,51,25
10-08-20,Grainger,461,8,418,8,43,0,507,11,6619,60,7126,71,0,4,-2,62,10,395,0,27,4
10-08-20,Greene,1289,18,1215,14,74,4,1487,15,16532,203,18019,218,0,48,9,120,9,1121,1,88,48
10-08-20,Grundy,439,11,406,11,33,0,501,9,2799,36,3300,45,0,8,1,111,10,320,1,36,9
10-08-20,Hamblen,2132,25,1949,15,183,10,2297,18,23542,183,25839,201,1,35,15,180,9,1917,1,125,44
10-08-20,Hamilton,10296,93,9915,82,381,11,11688,89,143989,1167,155677,1256,2,101,18,574,73,9621,2,428,103
10-08-20,Hancock,112,0,102,0,10,0,118,0,2068,9,2186,9,0,3,0,4,0,105,0,11,3
10-08-20,Hardeman,1694,10,1609,9,85,1,1938,10,14961,77,16899,87,0,28,-1,77,11,1589,0,72,30
10-08-20,Hardin,1164,7,967,3,197,4,1283,4,13231,78,14514,82,0,17,-2,88,9,1059,0,33,21
10-08-20,Hawkins,945,20,915,20,30,0,1055,24,10582,137,11637,161,0,22,14,109,6,814,1,67,23
10-08-20,Haywood,1148,10,1080,9,68,1,1258,9,7151,44,8409,53,0,24,-2,126,12,998,0,48,24
10-08-20,Henderson,1278,13,1034,10,244,3,1546,12,9535,41,11081,53,0,24,6,86,7,1168,1,48,24
10-08-20,Henry,683,8,664,8,19,0,809,8,10331,55,11140,63,0,10,7,42,1,631,0,40,10
10-08-20,Hickman,698,4,653,4,45,0,831,8,8035,65,8866,73,1,12,-9,79,12,607,0,23,13
10-08-20,Houston,336,9,302,7,34,2,354,8,2398,18,2752,26,0,13,5,59,4,264,0,27,14
10-08-20,Humphreys,326,5,266,4,60,1,361,7,6005,49,6366,56,0,3,-2,47,7,276,0,10,4
10-08-20,Jackson,377,4,335,4,42,0,422,5,2573,36,2995,41,0,5,-2,41,6,331,0,17,5
10-08-20,Jefferson,1300,18,1147,15,153,3,1360,14,18137,241,19497,255,0,16,-1,157,19,1127,0,71,19
10-08-20,Johnson,1017,9,1004,9,13,0,1080,10,6503,47,7583,57,1,4,-4,289,12,724,0,30,4
10-08-20,Knox,10749,108,10282,99,467,9,11541,98,140832,908,152373,1006,1,82,32,766,75,9901,4,400,85
10-08-20,Lake,938,1,933,1,5,0,1146,1,6431,19,7577,20,0,3,-2,12,3,923,0,8,3
10-08-20,Lauderdale,1131,14,1002,13,129,1,1201,13,11939,79,13140,92,0,16,12,124,2,991,1,50,16
10-08-20,Lawrence,1217,15,1201,14,16,1,1379,10,11637,96,13016,106,0,16,-3,133,18,1068,1,55,17
10-08-20,Lewis,260,3,259,3,1,0,285,5,4828,42,5113,47,0,1,0,55,3,204,0,16,3
10-08-20,Lincoln,710,14,689,11,21,3,844,13,8812,49,9656,62,0,1,9,70,5,639,0,22,2
10-08-20,Loudon,1374,22,1327,21,47,1,1500,22,14390,139,15890,161,0,8,4,173,18,1193,0,43,8
10-08-20,Macon,1167,11,1125,11,42,0,1405,13,7935,70,9340,83,0,22,4,85,7,1060,0,83,23
10-08-20,Madison,3355,31,2480,12,875,19,3537,14,29696,155,33233,169,0,73,-1,291,32,2991,1,202,80
10-08-20,Marion,618,12,608,12,10,0,736,14,6418,80,7154,94,0,9,5,62,7,547,1,45,9
10-08-20,Marshall,879,10,868,8,11,2,995,9,9956,81,10951,90,0,5,1,93,9,781,0,28,8
10-08-20,Maury,2675,38,2635,37,40,1,3042,38,28208,299,31250,337,1,31,12,251,25,2393,1,102,32
10-08-20,McMinn,1300,18,1274,18,26,0,1483,14,18306,133,19789,147,1,29,6,144,11,1127,3,74,30
10-08-20,McNairy,1009,3,817,3,192,0,1158,5,8294,50,9452,55,0,21,-11,87,14,901,0,43,24
10-08-20,Meigs,249,3,245,3,4,0,284,3,3335,26,3619,29,0,3,1,23,2,223,0,13,4
10-08-20,Monroe,1168,8,1123,8,45,0,1313,8,11902,64,13215,72,0,21,2,106,6,1041,0,78,23
10-08-20,Montgomery,3444,48,3259,33,185,15,3804,33,43978,346,47782,379,1,47,17,190,30,3207,1,131,51
10-08-20,Moore,215,6,191,5,24,1,243,5,2692,15,2935,20,0,1,2,34,4,180,1,6,2
10-08-20,Morgan,361,7,337,7,24,0,388,7,8539,49,8927,56,0,4,4,40,3,317,1,11,4
10-08-20,Obion,1477,23,1386,23,91,0,1607,26,10996,55,12603,81,0,16,8,249,15,1212,0,58,16
10-08-20,Out of State,2480,13,2401,13,79,0,2809,15,298838,2462,301647,2477,2,29,-3,164,14,2287,0,86,18
10-08-20,Overton,940,22,831,21,109,1,1024,22,7733,73,8757,95,0,8,7,159,15,773,0,39,11
10-08-20,Pending,1090,16,989,16,101,0,1219,19,189587,1512,190806,1531,0,10,-5,129,21,951,1,19,1
10-08-20,Perry,167,4,146,4,21,0,181,5,3742,12,3923,17,0,1,3,16,1,150,0,8,1
10-08-20,Pickett,186,10,141,10,45,0,184,11,1072,15,1256,26,1,3,4,61,5,122,1,8,3
10-08-20,Polk,448,6,433,5,15,1,513,5,4068,31,4581,36,0,12,1,31,5,405,0,20,13
10-08-20,Putnam,3685,29,3398,27,287,2,4387,28,31987,312,36374,340,1,50,-14,301,42,3334,0,127,50
10-08-20,Rhea,969,31,957,30,12,1,1125,13,11433,103,12558,116,1,16,29,98,1,855,1,34,16
10-08-20,Roane,1027,29,981,28,46,1,1177,28,18620,195,19797,223,0,6,18,109,11,912,0,36,6
10-08-20,Robertson,2360,19,2326,19,34,0,2836,18,18749,208,21585,226,1,39,13,94,5,2227,2,174,40
10-08-20,Rutherford,10174,83,10063,82,111,1,12332,94,90567,680,102899,774,2,101,26,485,55,9588,2,295,103
10-08-20,Scott,264,3,245,3,19,0,278,3,4698,48,4976,51,0,3,-2,37,5,224,0,19,3
10-08-20,Sequatchie,262,0,260,0,2,0,294,0,5385,44,5679,44,0,1,-4,23,4,238,0,10,2
10-08-20,Sevier,2871,45,2772,43,99,2,3161,46,27164,286,30325,332,1,19,19,195,25,2657,3,114,20
10-08-20,Shelby,32846,139,32369,132,477,7,40693,156,398365,3107,439058,3263,33,524,-35,1355,141,30967,4,2242,559
10-08-20,Smith,850,16,817,16,33,0,1065,18,6157,64,7222,82,0,12,1,80,15,758,0,31,12
10-08-20,Stewart,261,3,242,3,19,0,294,3,3190,31,3484,34,1,4,-1,33,3,224,0,9,5
10-08-20,Sullivan,2580,67,2419,62,161,5,2765,62,32957,349,35722,411,0,35,41,309,26,2236,1,199,37
10-08-20,Sumner,5245,46,5202,46,43,0,6220,56,48848,465,55068,521,0,104,27,259,19,4882,2,411,109
10-08-20,Tipton,2010,23,1823,16,187,7,2360,15,22884,166,25244,181,0,22,10,151,13,1837,0,95,22
10-08-20,Trousdale,1703,0,1691,0,12,0,1781,0,5309,33,7090,33,0,7,-7,32,7,1664,0,26,7
10-08-20,Unicoi,300,1,295,1,5,0,358,2,6870,44,7228,46,0,1,1,9,0,290,0,15,1
10-08-20,Union,444,5,401,4,43,1,456,4,5209,50,5665,54,0,2,2,63,3,379,1,18,2
10-08-20,Van Buren,176,2,161,2,15,0,195,2,2237,11,2432,13,0,1,2,11,0,164,0,8,2
10-08-20,Warren,1192,12,1097,12,95,0,1333,12,14207,127,15540,139,0,9,0,92,12,1091,1,20,9
10-08-20,Washington,2601,33,2528,31,73,2,2939,31,32848,379,35787,410,1,39,22,217,10,2345,2,122,41
10-08-20,Wayne,1538,5,1520,4,18,1,1674,4,6257,32,7931,36,0,6,0,33,5,1499,0,22,7
10-08-20,Weakley,1361,10,1251,9,110,1,1487,12,12012,81,13499,93,0,22,-6,112,16,1227,0,36,25
10-08-20,White,963,17,885,16,78,1,1208,16,10896,110,12104,126,0,10,12,106,5,847,0,53,12
10-08-20,Williamson,5916,66,5759,49,157,17,6856,53,73414,866,80270,919,1,42,25,505,40,5369,2,134,49
10-08-20,Wilson,3922,51,3860,50,62,1,4610,53,40875,309,45485,362,2,52,24,330,25,3540,2,132,52
10-07-20,Anderson,1359,7,1309,7,50,0,1540,9,27392,239,28932,248,0,13,0,155,7,1191,0,46,13
10-07-20,Bedford,1425,12,1358,11,67,1,1704,15,13808,79,15512,94,0,19,-3,61,15,1345,0,55,19
10-07-20,Benton,361,1,345,1,16,0,388,1,4775,63,5163,64,1,9,-1,11,1,341,0,19,9
10-07-20,Bledsoe,882,3,876,2,6,1,926,2,8131,66,9057,68,0,4,-1,21,4,857,1,20,4
10-07-20,Blount,2788,30,2724,27,64,3,3207,30,30760,272,33967,302,0,28,6,234,24,2526,2,126,30
10-07-20,Bradley,3173,27,3061,24,112,3,3724,26,26791,174,30515,200,0,19,17,190,10,2964,6,191,20
10-07-20,Campbell,620,38,569,33,51,5,662,34,12250,123,12912,157,0,4,31,167,7,449,4,38,4
10-07-20,Cannon,339,5,322,5,17,0,398,5,4342,65,4740,70,0,2,2,44,3,293,0,10,2
10-07-20,Carroll,1006,12,853,6,153,6,1063,7,11491,182,12554,189,2,23,-4,108,14,875,1,51,24
10-07-20,Carter,1271,24,1216,23,55,1,1384,26,16707,177,18091,203,0,31,15,83,9,1157,0,90,32
10-07-20,Cheatham,874,10,860,8,14,2,1041,10,11604,69,12645,79,0,10,6,48,4,816,0,31,11
10-07-20,Chester,671,1,550,1,121,0,750,3,5718,23,6468,26,0,13,-5,31,6,627,0,24,14
10-07-20,Claiborne,464,3,422,3,42,0,520,4,11149,79,11669,83,0,5,1,16,2,443,1,22,5
10-07-20,Clay,284,11,244,6,40,5,299,6,3072,10,3371,16,0,6,11,56,0,222,1,11,6
10-07-20,Cocke,832,13,762,9,70,4,869,7,8577,46,9446,53,0,11,12,78,1,743,1,46,13
10-07-20,Coffee,1485,36,1322,30,163,6,1735,31,20778,320,22513,351,0,16,20,238,16,1231,0,48,18
10-07-20,Crockett,637,13,542,2,95,11,691,2,3986,28,4677,30,-1,19,7,76,7,542,0,21,19
10-07-20,Cumberland,1348,5,1309,5,39,0,1635,7,24043,61,25678,68,0,21,-5,139,10,1188,1,65,26
10-07-20,Davidson,28311,107,28114,105,197,2,35478,122,367768,2805,403246,2927,2,319,-3,1011,108,26981,9,1138,326
10-07-20,Decatur,578,7,456,6,122,1,629,6,6274,54,6903,60,0,10,1,51,6,517,0,21,11
10-07-20,Dekalb,579,4,552,2,27,2,708,4,8567,103,9275,107,0,17,-3,36,7,526,0,27,16
10-07-20,Dickson,1393,15,1237,10,156,5,1708,11,15248,90,16956,101,0,17,4,117,11,1259,1,60,18
10-07-20,Dyer,1640,22,1461,12,179,10,1743,10,12491,140,14234,150,1,19,2,226,19,1395,1,67,22
10-07-20,Fayette,1345,5,1297,5,48,0,1681,4,16636,61,18317,65,0,22,-3,119,8,1204,0,83,24
10-07-20,Fentress,718,21,642,17,76,4,780,22,4365,64,5145,86,0,4,-6,165,27,549,0,31,5
10-07-20,Franklin,1089,17,1046,16,43,1,1320,19,16045,172,17365,191,1,11,4,93,12,985,0,51,14
10-07-20,Gibson,1911,17,1496,8,415,9,2084,11,16370,68,18454,79,1,28,-19,206,35,1677,0,66,36
10-07-20,Giles,755,24,741,23,14,1,893,26,9640,71,10533,97,0,22,15,131,9,602,2,51,24
10-07-20,Grainger,453,10,410,10,43,0,496,11,6559,81,7055,92,0,4,0,64,10,385,0,27,4
10-07-20,Greene,1271,30,1201,28,70,2,1472,30,16329,170,17801,200,0,48,25,111,5,1112,0,87,48
10-07-20,Grundy,428,10,395,9,33,1,492,13,2763,21,3255,34,0,8,0,110,10,310,2,35,9
10-07-20,Hamblen,2107,11,1934,9,173,2,2279,10,23359,236,25638,246,3,34,-5,165,13,1908,1,124,42
10-07-20,Hamilton,10203,58,9833,44,370,14,11599,44,142822,1105,154421,1149,0,99,-11,556,69,9548,2,426,103
10-07-20,Hancock,112,0,102,0,10,0,118,0,2059,26,2177,26,0,3,0,4,0,105,0,11,3
10-07-20,Hardeman,1684,4,1600,2,84,2,1928,1,14884,23,16812,24,0,28,-5,78,9,1578,0,72,30
10-07-20,Hardin,1157,6,964,4,193,2,1279,3,13153,17,14432,20,1,17,-8,90,13,1050,1,33,21
10-07-20,Hawkins,925,14,895,14,30,0,1031,13,10445,162,11476,175,0,22,3,95,11,808,1,66,23
10-07-20,Haywood,1138,1,1071,0,67,1,1249,1,7107,25,8356,26,1,24,-8,128,8,986,0,48,24
10-07-20,Henderson,1265,4,1024,2,241,2,1534,4,9494,28,11028,32,0,24,-2,80,6,1161,0,47,24
10-07-20,Henry,675,3,656,3,19,0,801,3,10276,60,11077,63,0,10,0,35,3,630,0,40,10
10-07-20,Hickman,694,5,649,5,45,0,823,5,7970,29,8793,34,0,11,-4,88,9,595,0,23,12
10-07-20,Houston,327,5,295,5,32,0,346,5,2380,6,2726,11,0,13,-3,54,8,260,0,27,14
10-07-20,Humphreys,321,1,262,1,59,0,354,1,5956,30,6310,31,0,3,-4,49,5,269,0,10,4
10-07-20,Jackson,373,0,331,0,42,0,417,0,2537,17,2954,17,0,5,-4,43,4,325,0,17,5
10-07-20,Jefferson,1282,13,1132,9,150,4,1346,8,17896,130,19242,138,0,16,4,158,9,1108,0,71,19
10-07-20,Johnson,1008,165,995,165,13,0,1070,167,6456,222,7526,389,0,3,157,293,8,712,0,30,4
10-07-20,Knox,10641,103,10183,87,458,16,11443,92,139924,1680,151367,1772,0,81,16,734,87,9826,5,396,85
10-07-20,Lake,937,0,932,0,5,0,1145,0,6412,12,7557,12,1,3,-1,14,0,920,0,8,3
10-07-20,Lauderdale,1117,23,989,5,128,18,1188,4,11860,107,13048,111,0,16,13,112,10,989,0,49,16
10-07-20,Lawrence,1202,26,1187,26,15,0,1369,28,11541,83,12910,111,2,16,13,136,11,1050,3,54,17
10-07-20,Lewis,257,14,256,14,1,0,280,13,4786,28,5066,41,0,1,9,55,5,201,1,16,3
10-07-20,Lincoln,696,5,678,4,18,1,831,4,8763,80,9594,84,0,1,-1,61,6,634,0,22,1
10-07-20,Loudon,1352,19,1306,18,46,1,1478,20,14251,124,15729,144,0,8,3,169,16,1175,0,43,8
10-07-20,Macon,1156,17,1114,12,42,5,1392,10,7865,17,9257,27,0,22,10,81,7,1053,0,83,23
10-07-20,Madison,3324,37,2468,20,856,17,3523,23,29541,193,33064,216,0,73,13,292,24,2959,1,201,79
10-07-20,Marion,606,5,596,5,10,0,722,6,6338,80,7060,86,0,9,1,57,4,540,0,44,9
10-07-20,Marshall,869,11,860,11,9,0,986,16,9875,79,10861,95,0,5,2,92,9,772,0,28,8
10-07-20,Maury,2637,45,2598,43,39,2,3004,41,27909,306,30913,347,0,30,25,239,20,2368,1,101,32
10-07-20,McMinn,1282,23,1256,15,26,8,1469,17,18173,205,19642,222,0,28,12,138,11,1116,0,71,30
10-07-20,McNairy,1006,15,814,12,192,3,1153,17,8244,122,9397,139,1,21,-5,98,19,887,0,43,23
10-07-20,Meigs,246,2,242,2,4,0,281,2,3309,17,3590,19,0,3,2,22,0,221,1,13,3
10-07-20,Monroe,1160,12,1115,12,45,0,1305,15,11838,93,13143,108,1,21,-7,104,18,1035,2,78,23
10-07-20,Montgomery,3396,35,3226,34,170,1,3771,40,43632,440,47403,480,0,46,16,173,19,3177,1,130,49
10-07-20,Moore,209,3,186,2,23,1,238,3,2677,91,2915,94,0,1,-2,32,5,176,0,5,2
10-07-20,Morgan,354,1,330,1,24,0,381,1,8490,32,8871,33,0,4,-1,36,2,314,0,10,4
10-07-20,Obion,1454,25,1363,13,91,12,1581,13,10941,99,12522,112,1,16,6,241,18,1197,0,58,16
10-07-20,Out of State,2467,30,2388,25,79,5,2794,26,296376,1970,299170,1996,0,27,13,167,17,2273,1,86,17
10-07-20,Overton,918,20,810,14,108,6,1002,18,7660,43,8662,61,0,8,12,152,8,758,1,39,9
10-07-20,Pending,1074,14,973,12,101,2,1200,14,188075,1295,189275,1309,0,10,-5,134,19,930,1,18,1
10-07-20,Perry,163,4,142,3,21,1,176,2,3730,8,3906,10,1,1,3,13,0,149,1,8,1
10-07-20,Pickett,176,5,131,2,45,3,173,3,1057,5,1230,8,0,2,1,57,4,117,0,7,3
10-07-20,Polk,442,5,428,4,14,1,508,6,4037,16,4545,22,0,12,5,30,0,400,0,20,13
10-07-20,Putnam,3656,29,3371,18,285,11,4359,20,31675,171,36034,191,0,49,-6,315,35,3292,1,127,50
10-07-20,Rhea,938,7,927,7,11,0,1112,8,11330,83,12442,91,0,15,1,69,6,854,0,33,16
10-07-20,Roane,998,4,953,3,45,1,1149,5,18425,62,19574,67,0,6,-6,91,10,901,0,36,6
10-07-20,Robertson,2341,8,2307,8,34,0,2818,8,18541,179,21359,187,0,38,-2,81,10,2222,2,172,40
10-07-20,Rutherford,10091,45,9981,42,110,3,12238,52,89887,681,102125,733,0,99,-27,459,72,9533,0,293,103
10-07-20,Scott,261,6,242,2,19,4,275,2,4650,33,4925,35,0,3,4,39,2,219,0,19,3
10-07-20,Sequatchie,262,1,260,1,2,0,294,1,5341,136,5635,137,0,1,-2,27,3,234,0,10,2
10-07-20,Sevier,2826,20,2729,16,97,4,3115,18,26878,150,29993,168,0,18,-2,176,22,2632,3,111,20
10-07-20,Shelby,32707,123,32237,113,470,10,40537,134,395258,1986,435795,2120,0,491,-8,1390,131,30826,3,2238,557
10-07-20,Smith,834,12,801,12,33,0,1047,16,6093,31,7140,47,0,12,5,79,7,743,0,31,12
10-07-20,Stewart,258,6,239,6,19,0,291,7,3159,27,3450,34,0,3,-5,34,11,221,0,9,4
10-07-20,Sullivan,2513,34,2357,34,156,0,2703,40,32608,363,35311,403,-1,35,14,268,21,2210,2,198,37
10-07-20,Sumner,5199,27,5156,26,43,1,6164,33,48383,443,54547,476,0,104,-6,232,33,4863,1,409,109
10-07-20,Tipton,1987,17,1807,12,180,5,2345,12,22718,114,25063,126,0,22,-3,141,20,1824,0,95,22
10-07-20,Trousdale,1703,3,1691,3,12,0,1781,3,5276,18,7057,21,0,7,0,39,3,1657,1,26,7
10-07-20,Unicoi,299,1,294,1,5,0,356,1,6826,57,7182,58,0,1,-1,8,2,290,0,15,1
10-07-20,Union,439,11,397,8,42,3,452,10,5159,63,5611,73,0,2,5,61,6,376,1,17,2
10-07-20,Van Buren,174,0,159,0,15,0,193,0,2226,3,2419,3,0,1,0,9,0,164,0,8,2
10-07-20,Warren,1180,8,1085,8,95,0,1321,9,14080,157,15401,166,1,9,-3,92,10,1079,0,19,9
10-07-20,Washington,2568,36,2497,34,71,2,2908,38,32469,374,35377,412,0,38,4,195,32,2335,0,120,40
10-07-20,Wayne,1533,1,1516,1,17,0,1670,1,6225,19,7895,20,0,6,-1,33,2,1494,0,22,7
10-07-20,Weakley,1351,10,1242,8,109,2,1475,8,11931,61,13406,69,1,22,0,118,9,1211,0,36,23
10-07-20,White,946,3,869,2,77,1,1192,3,10786,31,11978,34,0,10,-7,94,10,842,1,53,12
10-07-20,Williamson,5850,80,5710,76,140,4,6803,79,72548,899,79351,978,1,41,19,480,60,5329,0,132,48
10-07-20,Wilson,3871,21,3810,21,61,0,4557,22,40566,190,45123,212,0,50,-11,306,32,3515,2,130,51
10-06-20,Anderson,1352,28,1302,27,50,1,1531,33,27153,338,28684,371,0,13,15,155,13,1184,1,46,13
10-06-20,Bedford,1413,3,1347,1,66,2,1689,4,13729,73,15418,77,1,19,-6,64,8,1330,0,55,19
10-06-20,Benton,360,5,344,5,16,0,387,5,4712,30,5099,35,0,8,3,12,2,340,1,19,9
10-06-20,Bledsoe,879,4,874,4,5,0,924,4,8065,117,8989,121,0,4,2,22,2,853,0,19,4
10-06-20,Blount,2758,35,2697,32,61,3,3177,34,30488,297,33665,331,0,28,23,228,12,2502,0,124,30
10-06-20,Bradley,3146,17,3037,17,109,0,3698,23,26617,192,30315,215,0,19,3,173,14,2954,1,185,20
10-06-20,Campbell,582,42,536,36,46,6,628,42,12127,185,12755,227,0,4,40,136,2,442,5,34,4
10-06-20,Cannon,334,6,317,6,17,0,393,6,4277,60,4670,66,1,2,5,42,0,290,0,10,2
10-06-20,Carroll,994,8,847,4,147,4,1056,4,11309,59,12365,63,0,21,0,112,8,861,0,50,24
10-06-20,Carter,1247,9,1193,9,54,0,1358,5,16530,138,17888,143,2,31,6,68,1,1148,1,90,32
10-06-20,Cheatham,864,8,852,5,12,3,1031,5,11535,95,12566,100,0,10,-1,42,9,812,0,31,11
10-06-20,Chester,670,4,549,4,121,0,747,4,5695,25,6442,29,0,13,-2,36,6,621,0,24,14
10-06-20,Claiborne,461,3,419,2,42,1,516,2,11070,47,11586,49,0,5,0,15,3,441,0,21,5
10-06-20,Clay,273,7,238,5,35,2,293,6,3062,93,3355,99,0,6,2,45,5,222,2,10,6
10-06-20,Cocke,819,20,753,16,66,4,862,19,8531,75,9393,94,0,11,16,66,4,742,0,45,12
10-06-20,Coffee,1449,28,1292,23,157,5,1704,25,20458,135,22162,160,0,16,1,218,27,1215,2,48,18
10-06-20,Crockett,624,12,540,7,84,5,689,6,3958,47,4647,53,0,20,10,69,2,535,0,21,19
10-06-20,Cumberland,1343,38,1304,38,39,0,1628,43,23982,361,25610,404,0,21,31,144,7,1178,1,64,26
10-06-20,Davidson,28204,142,28009,140,195,2,35356,162,364963,2957,400319,3119,1,317,12,1014,129,26873,5,1129,326
10-06-20,Decatur,571,2,450,0,121,2,623,0,6220,13,6843,13,0,10,-4,50,6,511,0,21,10
10-06-20,Dekalb,575,9,550,7,25,2,704,8,8464,57,9168,65,0,17,3,39,6,519,0,27,16
10-06-20,Dickson,1378,14,1227,11,151,3,1697,13,15158,150,16855,163,0,17,0,113,14,1248,0,59,18
10-06-20,Dyer,1618,33,1449,13,169,20,1733,19,12351,185,14084,204,0,18,8,224,25,1376,0,66,21
10-06-20,Fayette,1340,13,1292,13,48,0,1677,15,16575,135,18252,150,1,22,-7,122,19,1196,0,83,24
10-06-20,Fentress,697,11,625,6,72,5,758,7,4301,14,5059,21,0,4,-6,171,17,522,1,31,4
10-06-20,Franklin,1072,8,1030,7,42,1,1301,10,15873,64,17174,74,0,10,1,89,7,973,1,51,13
10-06-20,Gibson,1894,22,1488,15,406,7,2073,15,16302,183,18375,198,0,27,1,225,21,1642,0,66,34
10-06-20,Giles,731,7,718,7,13,0,867,11,9569,46,10436,57,3,22,-6,116,10,593,0,49,22
10-06-20,Grainger,443,3,400,2,43,1,485,3,6478,40,6963,43,1,4,0,64,2,375,0,27,4
10-06-20,Greene,1241,8,1173,7,68,1,1442,8,16159,31,17601,39,0,48,-2,86,10,1107,0,87,48
10-06-20,Grundy,418,5,386,5,32,0,479,6,2742,15,3221,21,1,8,-3,110,7,300,0,33,9
10-06-20,Hamblen,2096,22,1925,17,171,5,2269,19,23123,160,25392,179,0,31,11,170,11,1895,1,123,41
10-06-20,Hamilton,10145,105,9789,90,356,15,11555,106,141717,1221,153272,1327,3,99,38,567,64,9479,1,424,102
10-06-20,Hancock,112,0,102,0,10,0,118,0,2033,7,2151,7,0,3,0,4,0,105,0,11,3
10-06-20,Hardeman,1680,5,1598,4,82,1,1927,6,14861,51,16788,57,0,28,1,83,4,1569,0,72,30
10-06-20,Hardin,1151,17,960,13,191,4,1276,18,13136,80,14412,98,0,16,1,98,16,1037,0,32,20
10-06-20,Hawkins,911,15,881,13,30,2,1018,12,10283,57,11301,69,0,22,8,92,7,797,1,65,23
10-06-20,Haywood,1137,14,1071,14,66,0,1248,17,7082,63,8330,80,0,23,5,136,9,978,0,48,24
10-06-20,Henderson,1261,14,1022,12,239,2,1530,12,9466,65,10996,77,0,24,5,82,9,1155,4,47,24
10-06-20,Henry,672,5,653,5,19,0,798,6,10216,62,11014,68,0,10,0,35,5,627,0,40,10
10-06-20,Hickman,689,7,644,6,45,1,818,7,7941,123,8759,130,0,11,-5,92,12,586,0,23,12
10-06-20,Houston,322,7,290,6,32,1,341,7,2374,43,2715,50,0,13,4,57,3,252,0,27,14
10-06-20,Humphreys,320,8,261,7,59,1,353,8,5926,129,6279,137,0,3,1,53,7,264,0,10,4
10-06-20,Jackson,373,7,331,7,42,0,417,7,2520,26,2937,33,0,5,2,47,5,321,0,17,5
10-06-20,Jefferson,1269,25,1123,15,146,10,1338,19,17766,165,19104,184,0,16,17,154,8,1099,1,71,18
10-06-20,Johnson,843,60,830,60,13,0,903,62,6234,50,7137,112,0,3,45,136,15,704,0,30,4
10-06-20,Knox,10538,111,10096,98,442,13,11351,109,138244,1399,149595,1508,0,81,0,718,111,9739,4,391,84
10-06-20,Lake,937,2,932,1,5,1,1145,3,6400,102,7545,105,0,2,-5,15,7,920,0,8,3
10-06-20,Lauderdale,1094,24,984,14,110,10,1184,14,11753,155,12937,169,0,16,17,99,7,979,0,49,16
10-06-20,Lawrence,1176,5,1161,5,15,0,1341,6,11458,167,12799,173,0,14,-7,123,12,1039,0,51,17
10-06-20,Lewis,243,2,242,2,1,0,267,3,4758,22,5025,25,0,1,0,46,2,196,0,15,2
10-06-20,Lincoln,691,15,674,12,17,3,827,16,8683,88,9510,104,0,1,6,62,9,628,0,22,1
10-06-20,Loudon,1333,16,1288,12,45,4,1458,13,14127,165,15585,178,0,8,4,166,12,1159,1,43,8
10-06-20,Macon,1139,13,1102,11,37,2,1382,17,7848,169,9230,186,0,22,4,71,9,1046,0,83,23
10-06-20,Madison,3287,31,2448,17,839,14,3500,20,29348,148,32848,168,1,73,5,279,25,2935,3,200,79
10-06-20,Marion,601,4,591,4,10,0,716,3,6258,25,6974,28,0,9,-7,56,11,536,0,44,9
10-06-20,Marshall,858,16,849,15,9,1,970,14,9796,58,10766,72,0,5,6,90,10,763,1,28,6
10-06-20,Maury,2592,19,2555,17,37,2,2963,20,27603,154,30566,174,1,30,1,214,17,2348,3,100,31
10-06-20,McMinn,1259,14,1241,13,18,1,1452,14,17968,172,19420,186,0,28,2,126,12,1105,0,71,29
10-06-20,McNairy,991,11,802,5,189,6,1136,8,8122,41,9258,49,0,20,-7,103,18,868,0,43,23
10-06-20,Meigs,244,4,240,4,4,0,279,4,3292,60,3571,64,0,3,2,20,2,221,0,12,3
10-06-20,Monroe,1148,17,1103,16,45,1,1290,20,11745,163,13035,183,0,20,11,111,6,1017,2,76,23
10-06-20,Montgomery,3361,38,3192,23,169,15,3731,23,43192,370,46923,393,0,46,-1,157,39,3158,1,129,49
10-06-20,Moore,206,1,184,1,22,0,235,1,2586,9,2821,10,0,1,1,34,0,171,0,5,2
10-06-20,Morgan,353,8,329,5,24,3,380,5,8458,50,8838,55,0,4,8,37,0,312,1,10,4
10-06-20,Obion,1429,29,1350,21,79,8,1568,29,10842,89,12410,118,0,15,13,235,16,1179,3,58,16
10-06-20,Out of State,2437,18,2363,15,74,3,2768,19,294406,2581,297174,2600,0,27,-10,154,28,2256,1,85,17
10-06-20,Overton,898,23,796,12,102,11,984,12,7617,35,8601,47,1,8,10,140,12,750,2,38,8
10-06-20,Pending,1060,27,961,18,99,9,1186,19,186780,1218,187966,1237,1,10,8,139,18,911,0,17,1
10-06-20,Perry,159,0,139,0,20,0,174,2,3722,16,3896,18,0,0,-1,10,1,149,0,7,1
10-06-20,Pickett,171,13,129,4,42,9,170,3,1052,7,1222,10,0,2,8,56,5,113,0,7,3
10-06-20,Polk,437,2,424,2,13,0,502,3,4021,27,4523,30,0,12,-8,25,10,400,0,20,13
10-06-20,Putnam,3627,55,3353,48,274,7,4339,61,31504,325,35843,386,1,49,14,321,40,3257,2,126,50
10-06-20,Rhea,931,2,920,2,11,0,1104,3,11247,41,12351,44,0,15,-9,68,11,848,0,33,16
10-06-20,Roane,994,22,950,22,44,0,1144,22,18363,194,19507,216,0,6,18,97,4,891,0,36,6
10-06-20,Robertson,2333,16,2299,14,34,2,2810,13,18362,120,21172,133,0,38,6,83,10,2212,2,170,39
10-06-20,Rutherford,10046,98,9939,95,107,3,12186,102,89206,689,101392,791,1,99,27,486,70,9461,3,293,103
10-06-20,Scott,255,7,240,6,15,1,273,7,4617,44,4890,51,0,3,3,35,4,217,1,19,3
10-06-20,Sequatchie,261,2,259,2,2,0,293,2,5205,14,5498,16,-2,1,3,29,1,231,0,10,2
10-06-20,Sevier,2806,28,2713,24,93,4,3097,25,26728,188,29825,213,1,18,15,178,12,2610,5,108,20
10-06-20,Shelby,32584,180,32124,166,460,14,40403,206,393272,3188,433675,3394,2,491,25,1398,153,30695,7,2235,553
10-06-20,Smith,822,3,789,3,33,0,1031,3,6062,25,7093,28,1,12,-9,74,11,736,0,31,12
10-06-20,Stewart,252,4,233,4,19,0,284,4,3132,22,3416,26,0,3,-4,39,8,210,2,9,4
10-06-20,Sullivan,2479,46,2323,41,156,5,2663,46,32245,375,34908,421,1,36,18,254,27,2189,5,196,37
10-06-20,Sumner,5172,22,5130,22,42,0,6131,20,47940,307,54071,327,0,104,-13,238,35,4830,2,408,109
10-06-20,Tipton,1970,27,1795,19,175,8,2333,30,22604,276,24937,306,0,22,13,144,14,1804,1,95,22
10-06-20,Trousdale,1700,3,1688,3,12,0,1778,3,5258,22,7036,25,0,7,0,39,3,1654,0,25,7
10-06-20,Unicoi,298,1,293,1,5,0,355,3,6769,54,7124,57,0,1,-2,9,3,288,0,15,1
10-06-20,Union,428,9,389,7,39,2,442,7,5096,35,5538,42,0,2,6,56,3,370,2,16,2
10-06-20,Van Buren,174,4,159,4,15,0,193,4,2223,14,2416,18,0,1,2,9,2,164,0,8,2
10-06-20,Warren,1172,22,1077,19,95,3,1312,22,13923,131,15235,153,0,8,11,95,11,1069,0,19,9
10-06-20,Washington,2532,21,2463,19,69,2,2870,24,32095,197,34965,221,0,38,-13,191,34,2303,3,120,40
10-06-20,Wayne,1532,7,1515,6,17,1,1669,8,6206,30,7875,38,0,6,4,34,3,1492,1,22,7
10-06-20,Weakley,1341,14,1234,10,107,4,1467,12,11870,80,13337,92,0,21,-4,118,18,1202,1,36,23
10-06-20,White,943,13,867,13,76,0,1189,18,10755,90,11944,108,0,10,1,101,12,832,0,52,11
10-06-20,Williamson,5770,25,5634,24,136,1,6724,26,71649,372,78373,398,0,40,-19,461,44,5269,2,132,47
10-06-20,Wilson,3850,40,3789,36,61,4,4535,41,40376,556,44911,597,1,50,16,317,23,3483,1,128,50
10-05-20,Anderson,1324,26,1275,25,49,1,1498,26,26815,216,28313,242,0,13,11,140,15,1171,1,45,13
10-05-20,Bedford,1410,5,1346,5,64,0,1685,7,13656,227,15341,234,0,18,-8,70,13,1322,0,55,19
10-05-20,Benton,355,3,339,3,16,0,382,3,4682,92,5064,95,0,8,0,9,3,338,0,18,8
10-05-20,Bledsoe,875,3,870,3,5,0,920,4,7948,86,8868,90,0,4,0,20,3,851,0,19,4
10-05-20,Blount,2723,35,2665,34,58,1,3143,40,30191,343,33334,383,1,28,11,205,23,2490,3,124,30
10-05-20,Bradley,3129,39,3020,33,109,6,3675,43,26425,228,30100,271,0,19,21,170,18,2940,2,184,19
10-05-20,Campbell,540,19,500,15,40,4,586,19,11942,86,12528,105,0,4,15,96,4,440,0,29,4
10-05-20,Cannon,328,9,311,8,17,1,387,9,4217,39,4604,48,0,1,5,37,4,290,1,10,2
10-05-20,Carroll,986,9,843,7,143,2,1052,10,11250,212,12302,222,1,21,-6,112,14,853,1,50,23
10-05-20,Carter,1238,11,1184,11,54,0,1353,12,16392,211,17745,223,0,29,3,62,8,1147,0,89,32
10-05-20,Cheatham,856,10,847,10,9,0,1026,11,11440,132,12466,143,0,10,4,43,6,803,1,31,11
10-05-20,Chester,666,5,545,5,121,0,743,6,5670,116,6413,122,0,13,-9,38,14,615,0,24,14
10-05-20,Claiborne,458,2,417,2,41,0,514,3,11023,63,11537,66,0,5,-1,15,3,438,0,21,5
10-05-20,Clay,266,2,233,2,33,0,287,4,2969,34,3256,38,0,6,-3,43,5,217,0,8,6
10-05-20,Cocke,799,12,737,12,62,0,843,12,8456,83,9299,95,0,11,5,50,7,738,0,45,12
10-05-20,Coffee,1421,31,1269,31,152,0,1679,33,20323,222,22002,255,1,16,-1,217,31,1188,0,46,17
10-05-20,Crockett,612,12,533,10,79,2,683,12,3911,37,4594,49,0,20,4,59,8,533,0,21,19
10-05-20,Cumberland,1305,24,1266,24,39,0,1585,27,23621,326,25206,353,1,21,16,113,7,1171,1,63,25
10-05-20,Davidson,28062,167,27869,165,193,2,35194,183,362006,6017,397200,6200,0,316,46,1002,121,26744,4,1124,326
10-05-20,Decatur,569,6,450,4,119,2,623,6,6207,46,6830,52,1,10,-4,54,9,505,0,21,10
10-05-20,Dekalb,566,2,543,2,23,0,696,3,8407,75,9103,78,1,17,-4,36,5,513,0,27,16
10-05-20,Dickson,1364,23,1216,17,148,6,1684,25,15008,191,16692,216,0,17,6,113,17,1234,0,59,18
10-05-20,Dyer,1585,26,1436,24,149,2,1714,30,12166,139,13880,169,0,18,4,216,22,1351,0,66,20
10-05-20,Fayette,1327,35,1279,33,48,2,1662,37,16440,179,18102,216,0,21,17,129,18,1177,0,83,24
10-05-20,Fentress,686,14,619,11,67,3,751,14,4287,60,5038,74,0,4,-9,177,23,505,3,30,4
10-05-20,Franklin,1064,5,1023,4,41,1,1291,9,15809,114,17100,123,0,10,-9,88,14,966,0,50,11
10-05-20,Gibson,1872,18,1473,11,399,7,2058,23,16119,154,18177,177,1,27,-32,224,49,1621,0,66,34
10-05-20,Giles,724,13,711,10,13,3,856,19,9523,117,10379,136,0,19,6,122,7,583,1,49,22
10-05-20,Grainger,440,7,398,7,42,0,482,8,6438,76,6920,84,0,3,-1,64,8,373,0,27,4
10-05-20,Greene,1233,11,1166,11,67,0,1434,13,16128,204,17562,217,0,48,-2,88,13,1097,0,87,48
10-05-20,Grundy,413,12,381,12,32,0,473,15,2727,37,3200,52,0,7,-2,113,14,293,1,33,9
10-05-20,Hamblen,2074,15,1908,12,166,3,2250,17,22963,255,25213,272,0,31,-5,159,20,1884,2,122,39
10-05-20,Hamilton,10040,111,9699,99,341,12,11449,125,140496,1540,151945,1665,0,96,58,529,53,9415,4,423,102
10-05-20,Hancock,112,0,102,0,10,0,118,0,2026,14,2144,14,0,3,0,4,0,105,0,11,3
10-05-20,Hardeman,1675,16,1594,12,81,4,1921,16,14810,196,16731,212,0,28,3,82,13,1565,1,72,30
10-05-20,Hardin,1134,6,947,4,187,2,1258,7,13056,156,14314,163,0,16,-4,97,10,1021,0,32,20
10-05-20,Hawkins,896,8,868,8,28,0,1006,9,10226,106,11232,115,0,22,-4,84,12,790,0,64,22
10-05-20,Haywood,1123,22,1057,19,66,3,1231,23,7019,62,8250,85,0,23,0,131,22,969,1,48,24
10-05-20,Henderson,1247,8,1010,6,237,2,1518,8,9401,92,10919,100,0,24,-4,77,12,1146,0,43,24
10-05-20,Henry,667,6,648,6,19,0,792,6,10154,105,10946,111,0,10,3,35,3,622,0,40,10
10-05-20,Hickman,682,15,638,13,44,2,811,20,7818,87,8629,107,0,11,0,97,15,574,0,23,11
10-05-20,Houston,315,12,284,12,31,0,334,13,2331,35,2665,48,4,13,-7,53,15,249,0,27,14
10-05-20,Humphreys,312,10,254,7,58,3,345,14,5797,77,6142,91,0,3,2,52,8,257,1,10,4
10-05-20,Jackson,366,5,324,4,42,1,410,6,2494,18,2904,24,0,5,2,45,3,316,0,17,5
10-05-20,Jefferson,1244,20,1108,15,136,5,1319,29,17601,232,18920,261,2,16,7,137,11,1091,4,70,18
10-05-20,Johnson,783,5,770,5,13,0,841,7,6184,86,7025,93,0,3,-5,91,10,689,0,30,3
10-05-20,Knox,10427,116,9998,108,429,8,11242,125,136845,1236,148087,1361,0,81,13,718,103,9628,5,387,84
10-05-20,Lake,935,2,931,2,4,0,1142,2,6298,37,7440,39,0,2,0,20,2,913,0,8,3
10-05-20,Lauderdale,1070,11,970,9,100,2,1170,11,11598,99,12768,110,0,16,-10,82,21,972,0,49,16
10-05-20,Lawrence,1171,27,1156,27,15,0,1335,28,11291,165,12626,193,0,14,-5,130,32,1027,3,51,16
10-05-20,Lewis,241,9,240,9,1,0,264,9,4736,30,5000,39,0,1,4,46,5,194,1,15,1
10-05-20,Lincoln,676,14,662,14,14,0,811,17,8595,62,9406,79,0,1,6,56,8,619,0,22,1
10-05-20,Loudon,1317,32,1276,29,41,3,1445,36,13962,165,15407,201,0,8,19,162,13,1147,0,42,7
10-05-20,Macon,1126,10,1091,6,35,4,1365,10,7679,53,9044,63,0,22,-2,67,12,1037,0,83,23
10-05-20,Madison,3256,37,2431,24,825,13,3480,41,29200,400,32680,441,1,72,19,274,17,2910,4,197,79
10-05-20,Marion,597,11,587,11,10,0,713,15,6233,79,6946,94,0,9,5,63,6,525,0,44,9
10-05-20,Marshall,842,6,834,6,8,0,956,8,9738,96,10694,104,0,5,-12,84,18,753,0,27,6
10-05-20,Maury,2573,17,2538,17,35,0,2943,20,27449,206,30392,226,0,29,-16,213,33,2331,0,97,31
10-05-20,McMinn,1245,22,1228,21,17,1,1438,27,17796,234,19234,261,0,28,8,124,14,1093,2,71,29
10-05-20,McNairy,980,10,797,9,183,1,1128,12,8081,181,9209,193,1,20,-6,110,15,850,0,43,22
10-05-20,Meigs,240,3,236,3,4,0,275,3,3232,36,3507,39,0,3,3,18,0,219,1,12,3
10-05-20,Monroe,1131,12,1087,12,44,0,1270,16,11582,129,12852,145,0,20,0,100,12,1011,0,74,22
10-05-20,Montgomery,3323,36,3169,31,154,5,3708,37,42822,618,46530,655,0,46,7,158,29,3119,2,128,49
10-05-20,Moore,205,4,183,4,22,0,234,4,2577,16,2811,20,0,1,-3,33,7,171,0,5,2
10-05-20,Morgan,345,5,324,5,21,0,375,4,8408,30,8783,34,0,4,2,29,3,312,0,9,4
10-05-20,Obion,1400,41,1329,31,71,10,1539,44,10753,136,12292,180,0,15,16,222,25,1163,0,55,16
10-05-20,Out of State,2419,41,2348,38,71,3,2749,46,291825,4097,294574,4143,0,27,19,164,22,2228,1,84,17
10-05-20,Overton,875,33,784,25,91,8,972,35,7582,74,8554,109,0,7,4,130,29,738,5,36,8
10-05-20,Pending,1033,21,943,18,90,3,1167,21,185562,1676,186729,1697,0,9,-2,131,23,893,1,17,1
10-05-20,Perry,159,2,139,2,20,0,172,1,3706,10,3878,11,0,0,1,11,1,148,0,7,0
10-05-20,Pickett,158,10,125,8,33,2,167,10,1045,12,1212,22,0,2,1,48,9,108,1,7,3
10-05-20,Polk,435,2,422,1,13,1,499,2,3994,49,4493,51,0,12,0,33,2,390,0,20,12
10-05-20,Putnam,3572,42,3305,38,267,4,4278,47,31179,315,35457,362,0,48,-15,307,57,3217,2,124,50
10-05-20,Rhea,929,14,918,13,11,1,1101,14,11206,122,12307,136,0,15,-19,77,33,837,0,33,16
10-05-20,Roane,972,14,928,13,44,1,1122,13,18169,205,19291,218,0,6,0,79,14,887,0,36,6
10-05-20,Robertson,2317,12,2285,11,32,1,2797,11,18242,218,21039,229,0,38,-2,77,14,2202,0,168,38
10-05-20,Rutherford,9948,103,9844,101,104,2,12084,115,88517,1114,100601,1229,0,98,30,459,73,9391,3,290,102
10-05-20,Scott,248,7,234,6,14,1,266,6,4573,37,4839,43,1,3,0,32,6,213,1,18,3
10-05-20,Sequatchie,259,2,257,2,2,0,291,2,5191,58,5482,60,0,3,-3,26,5,230,0,10,2
10-05-20,Sevier,2778,27,2689,24,89,3,3072,28,26540,229,29612,257,0,17,-7,163,34,2598,3,103,20
10-05-20,Shelby,32404,234,31958,218,446,16,40197,283,390084,3706,430281,3989,2,489,90,1373,142,30542,8,2228,551
10-05-20,Smith,819,9,786,9,33,0,1028,15,6037,71,7065,86,0,11,-5,83,14,725,0,31,12
10-05-20,Stewart,248,2,229,2,19,0,280,4,3110,35,3390,39,0,3,-7,43,9,202,0,7,4
10-05-20,Sullivan,2433,43,2282,39,151,4,2617,50,31870,271,34487,321,0,35,25,236,18,2162,4,191,37
10-05-20,Sumner,5150,38,5108,38,42,0,6111,43,47633,719,53744,762,1,104,-10,251,47,4795,2,406,108
10-05-20,Tipton,1943,19,1776,13,167,6,2303,27,22328,212,24631,239,0,22,3,131,16,1790,2,94,22
10-05-20,Trousdale,1697,8,1685,8,12,0,1775,8,5236,57,7011,65,0,7,5,39,3,1651,0,25,7
10-05-20,Unicoi,297,2,292,2,5,0,352,3,6715,38,7067,41,0,1,0,11,2,285,0,15,1
10-05-20,Union,419,7,382,4,37,3,435,8,5061,48,5496,56,0,2,-1,50,8,367,0,14,2
10-05-20,Van Buren,170,1,155,1,15,0,189,1,2209,19,2398,20,1,1,-4,7,4,162,0,8,2
10-05-20,Warren,1150,12,1058,11,92,1,1290,12,13792,154,15082,166,0,8,-2,84,14,1058,1,19,9
10-05-20,Washington,2511,11,2444,11,67,0,2846,13,31898,269,34744,282,0,38,-19,204,30,2269,1,117,40
10-05-20,Wayne,1525,7,1509,7,16,0,1661,7,6176,41,7837,48,0,6,3,30,4,1489,0,21,7
10-05-20,Weakley,1327,24,1224,19,103,5,1455,24,11790,79,13245,103,0,21,11,122,13,1184,0,35,22
10-05-20,White,930,19,854,18,76,1,1171,26,10665,211,11836,237,0,10,9,100,10,820,2,52,11
10-05-20,Williamson,5745,109,5610,93,135,16,6698,117,71277,1165,77975,1282,0,40,62,480,47,5225,1,130,46
10-05-20,Wilson,3810,62,3753,59,57,3,4494,69,39820,530,44314,599,0,49,25,301,37,3460,2,127,50
10-04-20,Anderson,1298,16,1250,14,48,2,1472,17,26599,339,28071,356,0,13,8,129,8,1156,0,44,13
10-04-20,Bedford,1405,7,1341,5,64,2,1678,9,13429,166,15107,175,0,18,4,78,3,1309,0,55,19
10-04-20,Benton,352,0,336,0,16,0,379,0,4590,81,4969,81,0,8,0,9,0,335,0,18,8
10-04-20,Bledsoe,872,2,867,2,5,0,916,2,7862,64,8778,66,0,4,2,20,0,848,0,19,4
10-04-20,Blount,2688,10,2631,10,57,0,3103,14,29848,299,32951,313,0,27,-6,194,16,2467,1,121,29
10-04-20,Bradley,3090,25,2987,21,103,4,3632,29,26197,321,29829,350,1,19,15,149,9,2922,3,182,19
10-04-20,Campbell,521,11,485,10,36,1,567,20,11856,379,12423,399,0,4,10,81,1,436,3,29,4
10-04-20,Cannon,319,4,303,4,16,0,378,4,4178,28,4556,32,0,1,3,32,1,286,0,9,2
10-04-20,Carroll,977,12,836,9,141,3,1042,17,11038,219,12080,236,0,20,3,118,9,839,0,49,22
10-04-20,Carter,1227,10,1173,10,54,0,1341,13,16181,240,17522,253,0,29,0,59,10,1139,0,89,31
10-04-20,Cheatham,846,6,837,6,9,0,1015,6,11308,145,12323,151,1,10,2,39,3,797,0,30,11
10-04-20,Chester,661,2,540,2,121,0,737,4,5554,25,6291,29,1,13,-1,47,2,601,0,24,14
10-04-20,Claiborne,456,2,415,2,41,0,511,3,10960,96,11471,99,0,5,2,16,0,435,1,21,5
10-04-20,Clay,264,11,231,11,33,0,283,15,2935,27,3218,42,0,6,11,46,0,212,0,8,6
10-04-20,Cocke,787,9,725,5,62,4,831,5,8373,103,9204,108,0,11,6,45,3,731,3,45,12
10-04-20,Coffee,1390,30,1238,26,152,4,1646,34,20101,225,21747,259,0,15,13,218,17,1157,2,46,17
10-04-20,Crockett,600,13,523,12,77,1,671,15,3874,41,4545,56,0,20,10,55,3,525,0,21,19
10-04-20,Cumberland,1281,17,1242,16,39,1,1558,21,23295,224,24853,245,0,20,13,97,4,1164,0,62,24
10-04-20,Davidson,27895,181,27704,173,191,8,35011,219,355989,5778,391000,5997,3,316,111,956,67,26623,5,1120,324
10-04-20,Decatur,563,3,446,1,117,2,617,6,6161,42,6778,48,0,9,-2,58,5,496,0,21,9
10-04-20,Dekalb,564,5,541,5,23,0,693,7,8332,58,9025,65,1,16,0,40,4,508,0,27,16
10-04-20,Dickson,1341,19,1199,15,142,4,1659,20,14817,215,16476,235,0,17,12,107,7,1217,1,59,18
10-04-20,Dyer,1559,35,1412,26,147,9,1684,44,12027,325,13711,369,0,18,25,212,10,1329,0,66,20
10-04-20,Fayette,1292,20,1246,19,46,1,1625,26,16261,204,17886,230,0,21,17,112,3,1159,0,83,24
10-04-20,Fentress,672,16,608,16,64,0,737,18,4227,52,4964,70,0,4,8,186,8,482,0,27,4
10-04-20,Franklin,1059,11,1019,10,40,1,1282,15,15695,146,16977,161,0,10,9,97,2,952,2,50,11
10-04-20,Gibson,1854,26,1462,16,392,10,2035,28,15965,148,18000,176,0,26,7,256,19,1572,0,66,34
10-04-20,Giles,711,31,701,31,10,0,837,39,9406,210,10243,249,0,19,26,116,5,576,3,48,21
10-04-20,Grainger,433,6,391,5,42,1,474,9,6362,181,6836,190,0,3,2,65,4,365,1,27,3
10-04-20,Greene,1222,9,1155,9,67,0,1421,13,15924,209,17345,222,0,48,6,90,3,1084,0,87,48
10-04-20,Grundy,401,8,369,8,32,0,458,9,2690,34,3148,43,0,7,-1,115,9,279,0,32,9
10-04-20,Hamblen,2059,17,1896,12,163,5,2233,25,22708,608,24941,633,0,31,12,164,5,1864,1,120,38
10-04-20,Hamilton,9929,57,9600,54,329,3,11324,82,138956,1512,150280,1594,0,96,-1,471,58,9362,1,419,101
10-04-20,Hancock,112,0,102,0,10,0,118,0,2012,23,2130,23,0,3,0,4,0,105,0,11,3
10-04-20,Hardeman,1659,5,1582,3,77,2,1905,6,14614,166,16519,172,0,28,-4,79,9,1552,1,71,30
10-04-20,Hardin,1128,16,943,13,185,3,1251,17,12900,224,14151,241,0,16,10,101,6,1011,0,32,19
10-04-20,Hawkins,888,17,860,17,28,0,997,19,10120,138,11117,157,0,22,8,88,9,778,1,64,22
10-04-20,Haywood,1101,19,1038,17,63,2,1208,22,6957,126,8165,148,0,23,16,131,3,947,0,47,24
10-04-20,Henderson,1239,16,1004,16,235,0,1510,19,9309,108,10819,127,0,24,10,81,6,1134,1,43,24
10-04-20,Henry,661,6,642,6,19,0,786,7,10049,67,10835,74,0,10,4,32,2,619,0,40,10
10-04-20,Hickman,667,9,625,6,42,3,791,11,7731,112,8522,123,1,11,5,97,3,559,0,23,11
10-04-20,Houston,303,11,272,10,31,1,321,13,2296,42,2617,55,3,9,2,60,6,234,1,27,13
10-04-20,Humphreys,302,7,247,6,55,1,331,7,5720,52,6051,59,0,3,5,50,2,249,0,9,4
10-04-20,Jackson,361,7,320,7,41,0,404,8,2476,23,2880,31,0,5,5,43,2,313,0,17,5
10-04-20,Jefferson,1224,12,1093,12,131,0,1290,24,17369,212,18659,236,0,14,7,130,5,1080,1,66,18
10-04-20,Johnson,778,6,765,6,13,0,834,7,6098,75,6932,82,0,3,0,96,6,679,0,30,3
10-04-20,Knox,10311,95,9890,87,421,8,11117,101,135609,1830,146726,1931,1,81,30,705,64,9525,2,382,82
10-04-20,Lake,933,1,929,1,4,0,1140,1,6261,53,7401,54,0,2,1,20,0,911,0,8,3
10-04-20,Lauderdale,1059,13,961,7,98,6,1159,15,11499,248,12658,263,0,16,10,92,3,951,1,49,16
10-04-20,Lawrence,1144,6,1129,6,15,0,1307,9,11126,124,12433,133,0,14,-2,135,8,995,0,48,15
10-04-20,Lewis,232,7,231,7,1,0,255,8,4706,37,4961,45,0,1,4,42,3,189,0,14,1
10-04-20,Lincoln,662,4,648,4,14,0,794,5,8533,177,9327,182,0,1,1,50,3,611,0,22,1
10-04-20,Loudon,1285,9,1247,9,38,0,1409,13,13797,247,15206,260,0,8,-1,143,10,1134,1,42,7
10-04-20,Macon,1116,7,1085,7,31,0,1355,9,7626,47,8981,56,0,22,3,69,4,1025,0,83,23
10-04-20,Madison,3219,35,2407,17,812,18,3439,35,28800,274,32239,309,0,71,19,255,16,2893,1,193,79
10-04-20,Marion,586,3,576,3,10,0,698,4,6154,92,6852,96,0,9,2,58,1,519,1,44,9
10-04-20,Marshall,836,12,828,12,8,0,948,16,9642,185,10590,201,0,5,7,96,5,735,0,27,6
10-04-20,Maury,2556,33,2521,33,35,0,2923,40,27243,433,30166,473,0,29,12,229,21,2298,0,97,30
10-04-20,McMinn,1223,21,1207,20,16,1,1411,23,17562,416,18973,439,0,28,16,116,5,1079,2,69,29
10-04-20,McNairy,970,12,788,8,182,4,1116,17,7900,179,9016,196,0,19,4,116,8,835,0,43,21
10-04-20,Meigs,237,2,233,2,4,0,272,3,3196,48,3468,51,0,3,1,15,1,219,0,11,3
10-04-20,Monroe,1119,5,1075,5,44,0,1254,11,11453,138,12707,149,0,20,-1,100,6,999,1,74,22
10-04-20,Montgomery,3287,30,3138,28,149,2,3671,32,42204,485,45875,517,0,46,15,151,15,3090,0,126,49
10-04-20,Moore,201,5,179,5,22,0,230,5,2561,119,2791,124,0,1,2,36,3,164,0,5,1
10-04-20,Morgan,340,9,319,8,21,1,371,9,8378,43,8749,52,0,4,7,27,2,309,0,9,4
10-04-20,Obion,1359,33,1298,27,61,6,1495,35,10617,218,12112,253,0,15,24,206,9,1138,1,55,16
10-04-20,Out of State,2378,29,2310,24,68,5,2703,33,287728,2949,290431,2982,1,27,23,145,5,2206,0,83,17
10-04-20,Overton,842,12,759,12,83,0,937,15,7508,84,8445,99,0,7,1,126,11,709,1,31,8
10-04-20,Pending,1012,20,925,15,87,5,1146,20,183886,2265,185032,2285,0,9,12,133,8,870,0,16,1
10-04-20,Perry,157,0,137,0,20,0,171,0,3696,17,3867,17,0,0,0,10,0,147,0,7,0
10-04-20,Pickett,148,1,117,1,31,0,157,2,1033,6,1190,8,0,2,0,47,1,99,0,6,3
10-04-20,Polk,433,5,421,5,12,0,497,8,3945,58,4442,66,0,12,4,33,1,388,0,20,12
10-04-20,Putnam,3530,37,3267,37,263,0,4231,42,30864,382,35095,424,0,48,9,322,28,3160,1,122,50
10-04-20,Rhea,915,6,905,6,10,0,1087,10,11084,163,12171,173,0,15,-7,96,13,804,0,33,16
10-04-20,Roane,958,5,915,5,43,0,1109,12,17964,159,19073,171,0,6,-4,79,9,873,0,36,6
10-04-20,Robertson,2305,11,2274,11,31,0,2786,13,18024,176,20810,189,-3,38,9,79,5,2188,1,168,38
10-04-20,Rutherford,9845,68,9743,68,102,0,11969,75,87403,1189,99372,1264,0,98,22,429,46,9318,2,287,102
10-04-20,Scott,241,1,228,1,13,0,260,1,4536,117,4796,118,0,2,0,32,1,207,0,17,3
10-04-20,Sequatchie,257,6,255,6,2,0,289,6,5133,51,5422,57,0,3,3,29,3,225,0,10,2
10-04-20,Sevier,2751,5,2665,4,86,1,3044,4,26311,175,29355,179,0,17,-4,170,9,2564,0,100,20
10-04-20,Shelby,32170,210,31740,204,430,6,39914,257,386378,4405,426292,4662,4,487,124,1283,82,30400,7,2220,547
10-04-20,Smith,810,11,777,11,33,0,1013,16,5966,134,6979,150,0,11,7,88,4,711,0,31,12
10-04-20,Stewart,246,16,227,16,19,0,276,18,3075,57,3351,75,0,3,12,50,4,193,0,7,4
10-04-20,Sullivan,2390,22,2243,22,147,0,2567,35,31599,658,34166,693,2,35,4,211,16,2144,0,187,36
10-04-20,Sumner,5112,30,5070,30,42,0,6068,35,46914,474,52982,509,0,103,17,261,13,4748,2,404,108
10-04-20,Tipton,1924,13,1763,11,161,2,2276,17,22116,212,24392,229,1,22,2,128,10,1774,1,92,22
10-04-20,Trousdale,1689,2,1677,2,12,0,1767,2,5179,40,6946,42,0,7,2,34,0,1648,0,25,7
10-04-20,Unicoi,295,1,290,1,5,0,349,2,6677,177,7026,179,0,1,0,11,1,283,1,15,1
10-04-20,Union,412,10,378,10,34,0,427,10,5013,141,5440,151,0,2,1,51,9,359,0,14,2
10-04-20,Van Buren,169,0,154,0,15,0,188,0,2190,138,2378,138,0,0,-1,11,1,158,0,8,2
10-04-20,Warren,1138,12,1047,12,91,0,1278,13,13638,129,14916,142,0,8,6,86,6,1044,0,18,9
10-04-20,Washington,2500,31,2433,30,67,1,2833,40,31629,597,34462,637,0,38,15,223,16,2239,1,116,40
10-04-20,Wayne,1518,1,1502,1,16,0,1654,2,6135,51,7789,53,0,6,-1,27,2,1485,0,21,7
10-04-20,Weakley,1303,14,1205,12,98,2,1431,16,11711,184,13142,200,0,21,5,111,9,1171,1,35,22
10-04-20,White,911,18,836,18,75,0,1145,22,10454,199,11599,221,0,10,11,91,7,810,2,50,11
10-04-20,Williamson,5636,75,5517,69,119,6,6581,77,70112,845,76693,922,0,40,52,418,23,5178,2,129,45
10-04-20,Wilson,3748,44,3694,42,54,2,4425,47,39290,402,43715,449,0,49,13,276,31,3423,3,125,50
10-03-20,Anderson,1282,15,1236,15,46,0,1455,25,26260,260,27715,285,0,13,2,121,13,1148,0,44,13
10-03-20,Bedford,1398,10,1336,9,62,1,1669,10,13263,111,14932,121,1,18,6,74,3,1306,0,55,19
10-03-20,Benton,352,1,336,1,16,0,379,1,4509,57,4888,58,0,8,1,9,0,335,0,18,8
10-03-20,Bledsoe,870,1,865,1,5,0,914,2,7798,81,8712,83,0,4,-1,18,2,848,0,19,4
10-03-20,Blount,2678,16,2621,16,57,0,3089,23,29549,331,32638,354,0,27,8,200,8,2451,1,120,28
10-03-20,Bradley,3065,21,2966,20,99,1,3603,23,25876,187,29479,210,1,18,12,134,8,2913,4,179,19
10-03-20,Campbell,510,13,475,13,35,0,547,12,11477,180,12024,192,0,4,6,71,7,435,0,26,4
10-03-20,Cannon,315,1,299,1,16,0,374,2,4150,28,4524,30,0,1,0,29,1,285,0,9,1
10-03-20,Carroll,965,14,827,14,138,0,1025,19,10819,223,11844,242,0,20,12,115,2,830,0,49,22
10-03-20,Carter,1217,6,1163,6,54,0,1328,8,15941,143,17269,151,1,29,3,59,2,1129,0,89,29
10-03-20,Cheatham,840,2,831,2,9,0,1009,2,11163,85,12172,87,0,9,-1,37,3,794,0,30,11
10-03-20,Chester,659,0,538,0,121,0,733,1,5529,113,6262,114,0,12,-9,48,9,599,0,24,14
10-03-20,Claiborne,454,1,413,1,41,0,508,2,10864,91,11372,93,0,5,0,14,1,435,0,20,5
10-03-20,Clay,253,2,220,2,33,0,268,2,2908,16,3176,18,0,6,0,35,2,212,0,8,6
10-03-20,Cocke,778,4,720,3,58,1,826,7,8270,82,9096,89,1,11,1,39,2,728,0,42,12
10-03-20,Coffee,1360,26,1212,21,148,5,1612,30,19876,237,21488,267,1,15,4,205,21,1140,1,44,17
10-03-20,Crockett,587,3,511,1,76,2,656,4,3833,27,4489,31,1,20,-1,45,3,522,0,21,19
10-03-20,Cumberland,1264,11,1226,10,38,1,1537,11,23071,253,24608,264,1,20,2,84,8,1160,0,62,22
10-03-20,Davidson,27714,125,27531,122,183,3,34792,154,350211,3924,385003,4078,0,313,64,845,61,26556,2,1115,323
10-03-20,Decatur,560,5,445,5,115,0,611,4,6119,220,6730,224,2,9,-6,60,9,491,1,21,9
10-03-20,Dekalb,559,6,536,6,23,0,686,7,8274,59,8960,66,1,15,3,40,2,504,0,27,16
10-03-20,Dickson,1322,6,1184,6,138,0,1639,7,14602,91,16241,98,0,17,-5,95,11,1210,0,58,18
10-03-20,Dyer,1524,15,1386,13,138,2,1640,24,11702,166,13342,190,0,18,8,187,7,1319,1,66,19
10-03-20,Fayette,1272,11,1227,10,45,1,1599,14,16057,207,17656,221,0,21,5,95,6,1156,0,83,24
10-03-20,Fentress,656,31,592,29,64,2,719,36,4175,96,4894,132,0,4,23,178,8,474,0,27,3
10-03-20,Franklin,1048,14,1009,12,39,2,1267,18,15549,176,16816,194,0,10,2,88,12,950,0,48,11
10-03-20,Gibson,1828,16,1446,12,382,4,2007,20,15817,225,17824,245,1,26,-5,249,20,1553,0,66,32
10-03-20,Giles,680,9,670,9,10,0,798,12,9196,91,9994,103,0,19,-1,90,10,571,0,45,21
10-03-20,Grainger,427,13,386,13,41,0,465,14,6181,111,6646,125,0,3,10,63,3,361,1,26,3
10-03-20,Greene,1213,15,1146,14,67,1,1408,13,15715,317,17123,330,2,48,4,84,9,1081,2,87,48
10-03-20,Grundy,393,16,361,13,32,3,449,19,2656,44,3105,63,1,7,8,116,7,270,1,32,8
10-03-20,Hamblen,2042,17,1884,16,158,1,2208,31,22100,205,24308,236,0,31,9,152,8,1859,0,119,37
10-03-20,Hamilton,9872,58,9546,56,326,2,11242,51,137444,1268,148686,1319,1,96,9,472,48,9304,3,418,99
10-03-20,Hancock,112,1,102,1,10,0,118,1,1989,10,2107,11,0,3,1,4,0,105,0,11,3
10-03-20,Hardeman,1654,13,1579,12,75,1,1899,13,14448,140,16347,153,1,28,8,83,4,1543,1,70,30
10-03-20,Hardin,1112,6,930,5,182,1,1234,6,12676,130,13910,136,0,16,0,91,6,1005,0,32,19
10-03-20,Hawkins,871,10,843,9,28,1,978,8,9982,82,10960,90,0,22,2,80,8,769,1,63,22
10-03-20,Haywood,1082,23,1021,22,61,1,1186,27,6831,179,8017,206,0,23,16,115,7,944,0,47,23
10-03-20,Henderson,1223,9,988,8,235,1,1491,13,9201,186,10692,199,0,24,1,71,8,1128,0,42,24
10-03-20,Henry,655,6,636,6,19,0,779,7,9982,118,10761,125,0,10,1,28,5,617,1,40,10
10-03-20,Hickman,658,9,619,9,39,0,780,9,7619,49,8399,58,2,10,-1,92,8,556,1,23,11
10-03-20,Houston,292,6,262,6,30,0,308,7,2254,31,2562,38,2,6,0,58,4,228,0,26,13
10-03-20,Humphreys,295,3,241,3,54,0,324,4,5668,69,5992,73,0,3,-1,45,4,247,0,9,4
10-03-20,Jackson,354,1,313,1,41,0,396,1,2453,12,2849,13,0,5,-2,38,3,311,0,17,5
10-03-20,Jefferson,1212,4,1081,4,131,0,1266,11,17157,208,18423,219,0,14,-2,123,6,1075,0,65,17
10-03-20,Johnson,772,9,759,9,13,0,827,9,6023,85,6850,94,0,3,-2,96,11,673,0,30,3
10-03-20,Knox,10216,73,9803,72,413,1,11016,83,133779,1873,144795,1956,0,80,4,675,69,9461,2,380,82
10-03-20,Lake,932,4,928,4,4,0,1139,7,6208,15,7347,22,0,2,1,19,3,911,0,8,3
10-03-20,Lauderdale,1046,9,954,5,92,4,1144,9,11251,70,12395,79,0,16,7,82,2,948,0,48,16
10-03-20,Lawrence,1138,6,1123,6,15,0,1298,8,11002,120,12300,128,0,14,-1,137,7,987,0,48,14
10-03-20,Lewis,225,4,224,4,1,0,247,5,4669,107,4916,112,0,1,2,38,2,186,0,14,1
10-03-20,Lincoln,658,4,644,4,14,0,789,6,8356,97,9145,103,0,1,-1,49,5,608,1,22,1
10-03-20,Loudon,1276,14,1238,14,38,0,1396,15,13550,139,14946,154,1,8,5,144,8,1124,0,41,7
10-03-20,Macon,1109,3,1078,3,31,0,1346,4,7579,20,8925,24,1,22,-3,66,5,1021,0,83,22
10-03-20,Madison,3184,15,2390,10,794,5,3404,19,28526,475,31930,494,2,71,0,236,13,2877,0,192,78
10-03-20,Marion,583,8,573,7,10,1,694,8,6062,42,6756,50,0,9,6,56,2,518,1,43,9
10-03-20,Marshall,824,7,816,6,8,1,932,11,9457,75,10389,86,0,5,1,89,6,730,0,27,6
10-03-20,Maury,2523,28,2488,25,35,3,2883,34,26810,393,29693,427,1,29,11,217,16,2277,0,97,30
10-03-20,McMinn,1202,6,1187,6,15,0,1388,7,17146,97,18534,104,2,28,-3,100,7,1074,2,67,29
10-03-20,McNairy,958,12,780,9,178,3,1099,17,7721,143,8820,160,0,19,-4,112,16,827,1,43,21
10-03-20,Meigs,235,2,231,2,4,0,269,2,3148,22,3417,24,0,3,2,14,0,218,0,11,3
10-03-20,Monroe,1114,9,1070,9,44,0,1243,8,11315,66,12558,74,0,20,1,101,8,993,0,73,21
10-03-20,Montgomery,3257,25,3110,23,147,2,3639,24,41719,351,45358,375,0,46,12,136,13,3075,1,126,49
10-03-20,Moore,196,2,174,2,22,0,225,2,2442,28,2667,30,0,1,2,34,0,161,0,5,1
10-03-20,Morgan,331,0,311,0,20,0,362,2,8335,102,8697,104,0,4,-1,20,1,307,0,9,4
10-03-20,Obion,1326,24,1271,21,55,3,1460,27,10399,64,11859,91,1,15,16,182,7,1129,0,54,16
10-03-20,Out of State,2349,16,2286,14,63,2,2670,20,284779,2541,287449,2561,0,26,11,122,5,2201,0,83,17
10-03-20,Overton,830,18,747,18,83,0,922,21,7424,117,8346,138,0,7,12,125,6,698,1,30,8
10-03-20,Pending,992,13,910,10,82,3,1126,15,181621,1636,182747,1651,2,9,1,121,10,862,1,16,1
10-03-20,Perry,157,1,137,1,20,0,171,1,3679,92,3850,93,0,0,1,10,0,147,0,7,0
10-03-20,Pickett,147,5,116,5,31,0,155,5,1027,19,1182,24,0,2,4,47,1,98,0,6,3
10-03-20,Polk,428,3,416,2,12,1,489,4,3887,30,4376,34,1,12,-2,29,4,387,0,20,12
10-03-20,Putnam,3493,33,3230,26,263,7,4189,37,30482,203,34671,240,0,48,2,313,31,3132,0,121,49
10-03-20,Rhea,909,20,899,17,10,3,1077,23,10921,140,11998,163,0,15,12,103,8,791,0,33,15
10-03-20,Roane,953,10,910,10,43,0,1097,5,17805,139,18902,144,0,6,-1,83,11,864,0,36,6
10-03-20,Robertson,2294,12,2263,12,31,0,2773,13,17848,106,20621,119,2,41,3,70,7,2183,1,167,38
10-03-20,Rutherford,9777,42,9675,38,102,4,11894,48,86214,856,98108,904,2,98,-18,407,58,9272,1,285,100
10-03-20,Scott,240,2,227,2,13,0,259,4,4419,52,4678,56,0,2,2,32,0,206,0,17,3
10-03-20,Sequatchie,251,1,249,1,2,0,283,1,5082,43,5365,44,0,3,0,26,1,222,0,10,1
10-03-20,Sevier,2746,7,2661,7,85,0,3040,9,26136,197,29176,206,1,17,-7,174,13,2555,0,100,20
10-03-20,Shelby,31960,95,31536,86,424,9,39657,119,381973,3049,421630,3168,3,483,-8,1159,100,30318,8,2213,547
10-03-20,Smith,799,17,766,17,33,0,997,20,5832,41,6829,61,0,11,11,81,6,707,0,31,12
10-03-20,Stewart,230,2,211,2,19,0,258,2,3018,27,3276,29,0,3,-1,38,3,189,0,7,4
10-03-20,Sullivan,2368,10,2221,10,147,0,2532,9,30941,222,33473,231,0,33,-3,207,13,2128,0,187,36
10-03-20,Sumner,5082,30,5040,29,42,1,6033,34,46440,408,52473,442,1,103,10,244,19,4735,1,402,108
10-03-20,Tipton,1911,11,1752,7,159,4,2259,10,21904,250,24163,260,1,21,5,126,5,1764,0,91,22
10-03-20,Trousdale,1687,4,1675,3,12,1,1765,4,5139,16,6904,20,0,7,2,32,2,1648,0,25,7
10-03-20,Unicoi,294,1,289,1,5,0,347,1,6500,95,6847,96,0,1,0,11,1,282,0,14,1
10-03-20,Union,402,2,368,2,34,0,417,3,4872,55,5289,58,0,2,-2,50,4,350,0,14,2
10-03-20,Van Buren,169,0,154,0,15,0,188,1,2052,21,2240,22,0,0,0,12,0,157,0,8,2
10-03-20,Warren,1126,16,1035,16,91,0,1265,17,13509,109,14774,126,1,8,7,80,8,1038,1,18,9
10-03-20,Washington,2469,19,2403,16,66,3,2793,26,31032,322,33825,348,0,38,3,208,16,2223,0,115,39
10-03-20,Wayne,1517,3,1501,2,16,1,1652,4,6084,30,7736,34,1,6,-1,28,3,1483,0,21,7
10-03-20,Weakley,1289,5,1193,4,96,1,1415,5,11527,75,12942,80,0,21,0,106,5,1162,1,34,22
10-03-20,White,893,12,818,12,75,0,1123,16,10255,285,11378,301,0,10,3,80,9,803,0,48,10
10-03-20,Williamson,5561,55,5448,49,113,6,6504,60,69267,753,75771,813,2,40,32,366,21,5155,0,127,45
10-03-20,Wilson,3704,32,3652,26,52,6,4378,36,38888,304,43266,340,0,49,12,263,20,3392,0,122,49
10-02-20,Anderson,1267,7,1221,6,46,1,1430,6,26000,89,27430,95,0,13,1,119,6,1135,0,44,13
10-02-20,Bedford,1388,5,1327,5,61,0,1659,9,13152,48,14811,57,0,17,-1,68,6,1303,0,55,19
10-02-20,Benton,351,1,335,1,16,0,378,1,4452,13,4830,14,0,8,0,8,1,335,0,18,8
10-02-20,Bledsoe,869,3,864,3,5,0,912,3,7717,29,8629,32,0,4,2,19,1,846,0,19,4
10-02-20,Blount,2662,38,2605,37,57,1,3066,34,29218,167,32284,201,0,27,26,192,12,2443,1,119,28
10-02-20,Bradley,3044,10,2946,9,98,1,3580,7,25689,82,29269,89,0,17,-9,122,19,2905,2,175,19
10-02-20,Campbell,497,9,462,9,35,0,535,5,11297,45,11832,50,0,4,7,65,2,428,1,26,4
10-02-20,Cannon,314,1,298,1,16,0,372,3,4122,25,4494,28,0,1,-1,29,2,284,0,9,1
10-02-20,Carroll,951,19,813,15,138,4,1006,12,10596,55,11602,67,0,20,8,103,11,828,0,49,22
10-02-20,Carter,1211,6,1157,6,54,0,1320,9,15798,71,17118,80,0,28,-5,56,11,1127,0,89,29
10-02-20,Cheatham,838,5,829,5,9,0,1007,4,11078,147,12085,151,0,9,4,38,1,791,0,30,10
10-02-20,Chester,659,5,538,3,121,2,732,5,5416,12,6148,17,0,12,-7,57,12,590,1,24,14
10-02-20,Claiborne,453,1,412,1,41,0,506,1,10773,86,11279,87,0,5,0,14,1,434,0,20,5
10-02-20,Clay,251,3,218,1,33,2,266,3,2892,3,3158,6,1,6,-22,35,24,210,1,8,6
10-02-20,Cocke,774,1,717,1,57,0,819,1,8188,43,9007,44,0,10,-1,38,2,726,0,42,12
10-02-20,Coffee,1334,16,1191,15,143,1,1582,19,19639,192,21221,211,0,14,-7,201,23,1119,0,43,16
10-02-20,Crockett,584,4,510,2,74,2,652,3,3806,54,4458,57,0,19,-12,46,16,519,0,21,19
10-02-20,Cumberland,1253,8,1216,7,37,1,1526,10,22818,116,24344,126,0,19,-1,82,9,1152,0,62,21
10-02-20,Davidson,27589,50,27409,49,180,1,34638,59,346287,1874,380925,1933,0,313,-51,781,101,26495,2,1113,323
10-02-20,Decatur,555,8,440,4,115,4,607,10,5899,15,6506,25,0,7,-4,66,12,482,2,20,9
10-02-20,Dekalb,553,5,530,5,23,0,679,7,8215,36,8894,43,0,14,0,37,5,502,0,27,16
10-02-20,Dickson,1316,7,1178,7,138,0,1632,11,14511,52,16143,63,0,17,-2,100,9,1199,0,58,18
10-02-20,Dyer,1509,19,1373,14,136,5,1616,21,11536,43,13152,64,0,18,7,179,12,1312,0,65,19
10-02-20,Fayette,1261,3,1217,2,44,1,1585,2,15850,45,17435,47,0,21,-11,90,14,1150,0,83,24
10-02-20,Fentress,625,14,563,12,62,2,683,13,4079,19,4762,32,0,4,1,155,13,466,0,27,3
10-02-20,Franklin,1034,6,997,6,37,0,1249,7,15373,43,16622,50,0,10,-11,86,17,938,0,48,11
10-02-20,Gibson,1812,15,1434,12,378,3,1987,15,15592,56,17579,71,1,25,1,254,13,1533,1,66,32
10-02-20,Giles,671,6,661,5,10,1,786,6,9105,60,9891,66,1,19,-3,91,8,561,1,45,20
10-02-20,Grainger,414,5,373,4,41,1,451,2,6070,26,6521,28,0,3,-1,53,6,358,0,25,3
10-02-20,Greene,1198,8,1132,8,66,0,1395,10,15398,108,16793,118,0,46,-2,80,10,1072,1,85,48
10-02-20,Grundy,377,10,348,10,29,0,430,12,2612,23,3042,35,0,6,1,108,9,263,1,31,8
10-02-20,Hamblen,2025,27,1868,24,157,3,2177,26,21895,67,24072,93,1,31,3,143,23,1851,3,119,35
10-02-20,Hamilton,9814,53,9490,42,324,11,11191,38,136176,495,147367,533,0,95,-10,463,63,9256,2,415,99
10-02-20,Hancock,111,0,101,0,10,0,117,0,1979,6,2096,6,0,3,-1,3,1,105,0,11,3
10-02-20,Hardeman,1641,10,1567,10,74,0,1886,11,14308,66,16194,77,1,27,5,75,4,1539,0,69,30
10-02-20,Hardin,1106,4,925,4,181,0,1228,7,12546,97,13774,104,0,16,-16,91,20,999,0,32,18
10-02-20,Hawkins,861,7,834,7,27,0,970,8,9900,60,10870,68,0,22,-1,78,8,761,0,62,22
10-02-20,Haywood,1059,10,999,9,60,1,1159,10,6652,22,7811,32,0,23,-5,99,15,937,0,47,23
10-02-20,Henderson,1214,7,980,4,234,3,1478,7,9015,41,10493,48,0,24,-9,70,16,1120,0,42,24
10-02-20,Henry,649,1,630,0,19,1,772,1,9864,18,10636,19,0,10,-3,27,4,612,0,39,10
10-02-20,Hickman,649,3,610,1,39,2,771,3,7570,27,8341,30,0,8,-3,93,6,548,0,22,10
10-02-20,Houston,286,1,256,1,30,0,301,3,2223,22,2524,25,0,4,-5,58,6,224,0,26,13
10-02-20,Humphreys,292,5,238,3,54,2,320,5,5599,26,5919,31,0,3,2,46,3,243,1,9,4
10-02-20,Jackson,353,4,312,3,41,1,395,4,2441,16,2836,20,0,5,1,40,3,308,0,17,5
10-02-20,Jefferson,1208,28,1077,26,131,2,1255,22,16949,141,18204,163,0,14,18,125,10,1069,2,65,17
10-02-20,Johnson,763,4,750,4,13,0,818,3,5938,49,6756,52,0,3,-9,98,13,662,0,30,3
10-02-20,Knox,10143,80,9731,77,412,3,10933,79,131906,622,142839,701,0,80,-17,671,97,9392,1,378,82
10-02-20,Lake,928,2,924,2,4,0,1132,0,6193,47,7325,47,0,2,-36,18,38,908,0,8,3
10-02-20,Lauderdale,1037,4,949,4,88,0,1135,5,11181,45,12316,50,0,16,-1,75,5,946,2,48,16
10-02-20,Lawrence,1132,7,1117,7,15,0,1290,10,10882,102,12172,112,0,14,-10,138,17,980,0,48,14
10-02-20,Lewis,221,4,220,4,1,0,242,4,4562,12,4804,16,0,1,1,36,3,184,0,14,1
10-02-20,Lincoln,654,1,640,1,14,0,783,4,8259,99,9042,103,0,1,-2,50,3,603,0,21,1
10-02-20,Loudon,1262,15,1224,15,38,0,1381,14,13411,72,14792,86,0,7,4,139,11,1116,0,41,7
10-02-20,Macon,1106,20,1075,12,31,8,1342,22,7559,62,8901,84,0,21,10,69,10,1016,1,83,22
10-02-20,Madison,3169,27,2380,21,789,6,3385,26,28051,93,31436,119,2,69,-1,236,26,2864,1,192,78
10-02-20,Marion,575,5,566,5,9,0,686,7,6020,56,6706,63,1,9,-2,50,6,516,0,42,9
10-02-20,Marshall,817,12,810,12,7,0,921,15,9382,55,10303,70,0,5,3,88,9,724,1,27,6
10-02-20,Maury,2495,12,2463,12,32,0,2849,13,26417,189,29266,202,1,28,-13,206,24,2261,0,97,29
10-02-20,McMinn,1196,7,1181,7,15,0,1381,10,17049,101,18430,111,0,26,-4,103,11,1067,0,65,28
10-02-20,McNairy,946,6,771,6,175,0,1082,7,7578,40,8660,47,0,19,-5,116,11,811,1,42,21
10-02-20,Meigs,233,1,229,1,4,0,267,2,3126,22,3393,24,0,3,0,12,1,218,0,11,3
10-02-20,Monroe,1105,13,1061,11,44,2,1235,11,11249,117,12484,128,0,20,6,100,7,985,0,73,21
10-02-20,Montgomery,3232,24,3087,24,145,0,3615,26,41368,304,44983,330,0,46,6,124,18,3062,0,125,49
10-02-20,Moore,194,1,172,1,22,0,223,2,2414,14,2637,16,0,1,0,32,1,161,0,5,1
10-02-20,Morgan,331,1,311,0,20,1,360,0,8233,9,8593,9,0,4,-3,21,4,306,0,9,4
10-02-20,Obion,1302,33,1250,22,52,11,1433,32,10335,41,11768,73,1,14,15,166,17,1122,0,54,16
10-02-20,Out of State,2333,18,2272,16,61,2,2650,20,282238,1317,284888,1337,-2,26,8,111,12,2196,1,83,17
10-02-20,Overton,812,9,729,4,83,5,901,10,7307,16,8208,26,1,7,2,113,6,692,0,29,8
10-02-20,Pending,979,12,900,10,79,2,1111,12,179985,944,181096,956,0,7,-2,120,14,852,0,15,1
10-02-20,Perry,156,2,136,1,20,1,170,2,3587,6,3757,8,0,0,0,9,2,147,0,7,0
10-02-20,Pickett,142,7,111,0,31,7,150,7,1008,2,1158,9,0,2,2,43,5,97,1,6,3
10-02-20,Polk,425,0,414,0,11,0,485,0,3857,17,4342,17,0,11,-2,31,2,383,0,20,12
10-02-20,Putnam,3460,27,3204,22,256,5,4152,31,30279,98,34431,129,1,48,-24,311,50,3101,0,121,49
10-02-20,Rhea,889,11,882,10,7,1,1054,12,10781,93,11835,105,0,15,3,91,8,783,0,33,15
10-02-20,Roane,943,10,900,10,43,0,1092,11,17666,64,18758,75,0,6,-4,84,14,853,0,36,6
10-02-20,Robertson,2282,3,2251,3,31,0,2760,4,17742,148,20502,152,0,39,-8,67,11,2176,0,166,38
10-02-20,Rutherford,9735,37,9637,36,98,1,11846,57,85358,439,97204,496,1,96,-23,425,59,9214,3,284,100
10-02-20,Scott,238,7,225,7,13,0,255,7,4367,23,4622,30,0,2,4,30,3,206,0,17,2
10-02-20,Sequatchie,250,1,248,1,2,0,282,2,5039,26,5321,28,0,3,0,26,1,221,0,10,1
10-02-20,Sevier,2739,29,2654,29,85,0,3031,27,25939,126,28970,153,0,16,13,181,16,2542,0,100,20
10-02-20,Shelby,31865,86,31450,76,415,10,39538,109,378924,1876,418462,1985,1,480,-70,1167,155,30218,2,2205,545
10-02-20,Smith,782,10,749,10,33,0,977,10,5791,19,6768,29,0,11,0,70,10,701,0,31,12
10-02-20,Stewart,228,4,209,4,19,0,256,4,2991,39,3247,43,1,3,-7,39,10,186,0,7,4
10-02-20,Sullivan,2358,23,2211,22,147,1,2523,36,30719,280,33242,316,0,33,-8,210,31,2115,1,187,35
10-02-20,Sumner,5052,30,5011,29,41,1,5999,32,46032,382,52031,414,0,102,-9,234,39,4716,3,401,108
10-02-20,Tipton,1900,10,1745,7,155,3,2249,7,21654,81,23903,88,0,20,-10,121,20,1759,0,91,22
10-02-20,Trousdale,1683,5,1672,4,11,1,1761,4,5123,35,6884,39,0,7,3,30,2,1646,0,25,7
10-02-20,Unicoi,293,0,288,0,5,0,346,1,6405,30,6751,31,0,1,-3,11,3,281,0,14,1
10-02-20,Union,400,8,366,8,34,0,414,8,4817,72,5231,80,0,2,5,52,3,346,0,14,2
10-02-20,Van Buren,169,2,154,2,15,0,187,2,2031,5,2218,7,0,0,0,12,2,157,0,8,0
10-02-20,Warren,1110,3,1019,3,91,0,1248,4,13400,44,14648,48,0,7,-5,73,8,1030,0,17,9
10-02-20,Washington,2450,39,2387,38,63,1,2767,36,30710,344,33477,380,0,38,15,205,24,2207,2,115,39
10-02-20,Wayne,1514,3,1499,3,15,0,1648,3,6054,14,7702,17,0,5,2,29,1,1480,0,21,7
10-02-20,Weakley,1284,4,1189,1,95,3,1410,6,11452,60,12862,66,0,21,-8,106,12,1157,0,33,22
10-02-20,White,881,9,806,7,75,2,1107,11,9970,20,11077,31,0,10,-5,77,14,794,1,48,10
10-02-20,Williamson,5506,36,5399,32,107,4,6444,38,68514,534,74958,572,0,38,11,334,25,5134,0,127,43
10-02-20,Wilson,3672,24,3626,23,46,1,4342,26,38584,256,42926,282,1,49,-2,251,25,3372,0,122,49
10-01-20,Anderson,1260,16,1215,14,45,2,1424,14,25911,278,27335,292,0,13,4,118,12,1129,0,44,13
10-01-20,Bedford,1383,3,1322,2,61,1,1650,5,13104,99,14754,104,0,17,-5,69,8,1297,1,55,18
10-01-20,Benton,350,1,334,1,16,0,377,1,4439,20,4816,21,0,8,0,8,1,334,0,18,8
10-01-20,Bledsoe,866,1,861,1,5,0,909,1,7688,14,8597,15,0,4,0,17,1,845,0,19,4
10-01-20,Blount,2624,7,2568,7,56,0,3032,9,29051,139,32083,148,3,27,-12,166,16,2431,0,118,28
10-01-20,Bradley,3034,7,2937,7,97,0,3573,8,25607,63,29180,71,0,17,-6,131,13,2886,0,173,19
10-01-20,Campbell,488,12,453,10,35,2,530,12,11252,51,11782,63,0,4,8,58,4,426,1,25,4
10-01-20,Cannon,313,5,297,3,16,2,369,6,4097,59,4466,65,0,1,1,30,4,282,0,9,1
10-01-20,Carroll,932,9,798,8,134,1,994,8,10541,78,11535,86,0,20,0,95,9,817,0,49,21
10-01-20,Carter,1205,6,1151,5,54,1,1311,4,15727,41,17038,45,0,28,-8,61,14,1116,1,89,29
10-01-20,Cheatham,833,1,824,1,9,0,1003,1,10931,41,11934,42,0,9,-3,34,4,790,0,30,10
10-01-20,Chester,654,0,535,0,119,0,727,1,5404,21,6131,22,1,12,-3,64,2,578,0,23,14
10-01-20,Claiborne,452,1,411,1,41,0,505,1,10687,19,11192,20,0,5,-2,14,3,433,0,20,5
10-01-20,Clay,248,2,217,2,31,0,263,2,2889,20,3152,22,0,5,-2,57,4,186,0,7,5
10-01-20,Cocke,773,10,716,10,57,0,818,7,8145,33,8963,40,0,10,9,39,1,724,1,42,12
10-01-20,Coffee,1318,18,1176,17,142,1,1563,15,19447,324,21010,339,0,14,-1,208,19,1096,2,43,16
10-01-20,Crockett,580,2,508,2,72,0,649,2,3752,20,4401,22,0,19,0,58,2,503,0,21,19
10-01-20,Cumberland,1245,19,1209,18,36,1,1516,22,22702,146,24218,168,0,19,9,83,10,1143,0,62,21
10-01-20,Davidson,27539,43,27360,42,179,1,34579,51,344413,2358,378992,2409,1,313,-32,832,74,26394,1,1111,322
10-01-20,Decatur,547,4,436,3,111,1,597,2,5884,23,6481,25,0,7,-2,70,6,470,0,18,8
10-01-20,Dekalb,548,2,525,2,23,0,672,2,8179,122,8851,124,0,14,0,37,2,497,0,27,16
10-01-20,Dickson,1309,11,1171,4,138,7,1621,11,14459,81,16080,92,1,17,-6,102,16,1190,0,58,18
10-01-20,Dyer,1490,22,1359,21,131,1,1595,22,11493,146,13088,168,1,18,4,172,17,1300,0,65,19
10-01-20,Fayette,1258,7,1215,5,43,2,1583,7,15805,65,17388,72,0,21,-6,101,13,1136,0,83,24
10-01-20,Fentress,611,13,551,7,60,6,670,13,4060,15,4730,28,0,4,-1,154,14,453,0,27,3
10-01-20,Franklin,1028,2,991,1,37,1,1242,7,15330,96,16572,103,0,10,-10,97,12,921,0,48,10
10-01-20,Gibson,1797,9,1422,5,375,4,1972,11,15536,108,17508,119,-1,24,-7,253,17,1520,0,65,31
10-01-20,Giles,665,7,656,5,9,2,780,7,9045,53,9825,60,1,18,0,94,6,553,0,44,20
10-01-20,Grainger,409,5,369,3,40,2,449,3,6044,18,6493,21,0,3,-2,54,7,352,0,25,3
10-01-20,Greene,1190,7,1124,6,66,1,1385,5,15290,15,16675,20,0,46,-2,82,9,1062,1,84,48
10-01-20,Grundy,367,17,338,15,29,2,418,17,2589,24,3007,41,0,6,2,107,15,254,0,30,8
10-01-20,Hamblen,1998,13,1844,9,154,4,2151,10,21828,86,23979,96,2,30,1,140,10,1828,3,116,35
10-01-20,Hamilton,9761,52,9448,48,313,4,11153,52,135681,643,146834,695,0,95,6,473,46,9193,1,413,99
10-01-20,Hancock,111,0,101,0,10,0,117,0,1973,24,2090,24,0,3,0,4,0,104,0,11,3
10-01-20,Hardeman,1631,8,1557,7,74,1,1875,10,14242,19,16117,29,0,26,-2,70,10,1535,1,69,30
10-01-20,Hardin,1102,10,921,5,181,5,1221,8,12449,117,13670,125,0,16,-10,107,20,979,0,32,18
10-01-20,Hawkins,854,4,827,4,27,0,962,3,9840,39,10802,42,2,22,-5,79,7,753,1,62,22
10-01-20,Haywood,1049,17,990,17,59,0,1149,14,6630,46,7779,60,0,23,4,104,13,922,1,47,23
10-01-20,Henderson,1207,1,976,1,231,0,1471,1,8974,17,10445,18,0,24,-12,79,13,1104,0,42,24
10-01-20,Henry,648,4,630,4,18,0,771,3,9846,89,10617,92,0,10,-3,30,7,608,0,39,10
10-01-20,Hickman,646,16,609,12,37,4,768,14,7543,73,8311,87,0,8,4,96,12,542,0,22,10
10-01-20,Houston,285,12,255,10,30,2,298,10,2201,6,2499,16,2,4,8,63,2,218,1,26,13
10-01-20,Humphreys,287,7,235,1,52,6,315,5,5573,29,5888,34,0,3,1,44,6,240,0,8,4
10-01-20,Jackson,349,11,309,11,40,0,391,11,2425,31,2816,42,0,5,6,39,5,305,0,17,5
10-01-20,Jefferson,1180,16,1051,16,129,0,1233,17,16808,66,18041,83,0,14,11,107,5,1059,1,63,16
10-01-20,Johnson,759,3,746,3,13,0,815,2,5889,4,6704,6,0,3,-7,107,10,649,1,30,3
10-01-20,Knox,10063,68,9654,65,409,3,10854,70,131284,677,142138,747,0,80,3,688,65,9295,1,377,82
10-01-20,Lake,926,1,922,1,4,0,1132,1,6146,13,7278,14,0,2,-2,54,3,870,0,8,2
10-01-20,Lauderdale,1033,9,945,7,88,2,1130,9,11136,45,12266,54,0,16,1,76,8,941,0,46,16
10-01-20,Lawrence,1125,2,1110,1,15,1,1280,4,10780,79,12060,83,0,14,-7,148,9,963,0,48,14
10-01-20,Lewis,217,3,216,3,1,0,238,3,4550,17,4788,20,0,1,-5,35,8,181,1,14,1
10-01-20,Lincoln,653,3,639,2,14,1,779,1,8160,30,8939,31,0,1,-2,52,5,600,0,21,1
10-01-20,Loudon,1247,12,1209,11,38,1,1367,13,13339,73,14706,86,0,7,5,135,7,1105,0,41,7
10-01-20,Macon,1086,10,1063,10,23,0,1320,10,7497,63,8817,73,0,21,-1,59,11,1006,0,82,22
10-01-20,Madison,3142,20,2359,19,783,1,3359,22,27958,219,31317,241,1,67,-7,237,26,2838,2,191,78
10-01-20,Marion,570,3,561,2,9,1,679,4,5964,27,6643,31,0,8,-3,52,6,510,1,42,9
10-01-20,Marshall,805,7,798,5,7,2,906,5,9327,73,10233,78,0,5,1,85,6,715,0,26,6
10-01-20,Maury,2483,11,2451,9,32,2,2836,7,26228,273,29064,280,1,27,-18,219,28,2237,0,97,29
10-01-20,McMinn,1189,3,1174,2,15,1,1371,3,16948,95,18319,98,0,26,-14,107,17,1056,1,65,28
10-01-20,McNairy,940,3,765,2,175,1,1075,6,7538,123,8613,129,1,19,-17,121,19,800,0,41,20
10-01-20,Meigs,232,1,228,1,4,0,265,1,3104,11,3369,12,0,3,-1,12,2,217,0,11,3
10-01-20,Monroe,1092,8,1050,8,42,0,1224,9,11132,90,12356,99,1,20,2,94,5,978,1,73,21
10-01-20,Montgomery,3208,10,3063,9,145,1,3589,8,41064,234,44653,242,0,46,-9,118,19,3044,1,125,47
10-01-20,Moore,193,3,171,2,22,1,221,3,2400,18,2621,21,0,1,-1,32,4,160,0,5,1
10-01-20,Morgan,330,2,311,1,19,1,360,0,8224,12,8584,12,1,4,-2,24,3,302,0,9,4
10-01-20,Obion,1269,22,1228,22,41,0,1401,25,10294,188,11695,213,2,13,7,151,13,1105,1,54,16
10-01-20,Out of State,2315,17,2256,17,59,0,2630,19,280921,2268,283551,2287,1,28,-35,103,51,2184,1,82,17
10-01-20,Overton,803,11,725,7,78,4,891,14,7291,42,8182,56,0,6,1,111,10,686,0,29,8
10-01-20,Pending,967,12,890,7,77,5,1099,13,179041,925,180140,938,3,7,-11,122,20,838,0,15,1
10-01-20,Perry,154,0,135,0,19,0,168,0,3581,10,3749,10,0,0,-2,9,2,145,0,7,0
10-01-20,Pickett,135,3,111,2,24,1,143,3,1006,1,1149,4,0,2,3,41,0,92,0,5,3
10-01-20,Polk,425,1,414,1,11,0,485,1,3840,13,4325,14,1,11,-2,33,2,381,0,20,12
10-01-20,Putnam,3433,40,3182,40,251,0,4121,50,30181,508,34302,558,3,47,-7,335,44,3051,0,121,49
10-01-20,Rhea,878,3,872,3,6,0,1042,3,10688,38,11730,41,0,15,-8,88,11,775,1,33,15
10-01-20,Roane,933,11,890,9,43,2,1081,8,17602,95,18683,103,0,6,2,88,9,839,1,36,6
10-01-20,Robertson,2279,7,2248,6,31,1,2756,8,17594,232,20350,240,0,39,-5,75,12,2165,1,166,38
10-01-20,Rutherford,9698,61,9601,54,97,7,11789,65,84919,649,96708,714,3,95,-3,448,61,9155,3,281,100
10-01-20,Scott,231,4,218,4,13,0,248,4,4344,13,4592,17,0,2,2,26,2,203,0,17,2
10-01-20,Sequatchie,249,1,247,1,2,0,280,1,5013,101,5293,102,0,3,-1,26,2,220,0,10,1
10-01-20,Sevier,2710,22,2625,22,85,0,3004,24,25813,122,28817,146,1,16,2,168,19,2526,1,100,19
10-01-20,Shelby,31779,121,31374,112,405,9,39429,144,377048,1973,416477,2117,7,479,-76,1237,190,30063,9,2203,542
10-01-20,Smith,772,3,739,3,33,0,967,3,5772,29,6739,32,0,11,-4,70,7,691,0,31,12
10-01-20,Stewart,224,2,205,1,19,1,252,1,2952,11,3204,12,0,2,1,46,1,176,1,7,4
10-01-20,Sullivan,2335,41,2189,31,146,10,2487,31,30439,168,32926,199,0,33,17,218,24,2084,4,186,33
10-01-20,Sumner,5022,23,4982,22,40,1,5967,24,45650,482,51617,506,4,102,-12,243,31,4677,1,398,105
10-01-20,Tipton,1890,16,1738,13,152,3,2242,18,21573,128,23815,146,1,20,4,131,11,1739,0,91,22
10-01-20,Trousdale,1678,1,1668,1,10,0,1757,2,5088,20,6845,22,0,7,-3,27,4,1644,0,25,7
10-01-20,Unicoi,293,1,288,1,5,0,345,0,6375,75,6720,75,0,1,-4,14,5,278,0,14,1
10-01-20,Union,392,8,358,8,34,0,406,8,4745,24,5151,32,0,2,5,47,3,343,0,14,2
10-01-20,Van Buren,167,1,152,1,15,0,185,1,2026,12,2211,13,0,0,-4,12,5,155,0,8,0
10-01-20,Warren,1107,6,1016,6,91,0,1244,8,13356,185,14600,193,0,7,2,78,4,1022,0,17,8
10-01-20,Washington,2411,17,2349,14,62,3,2731,16,30366,90,33097,106,0,38,-10,190,27,2183,1,113,39
10-01-20,Wayne,1511,4,1496,3,15,1,1645,3,6040,43,7685,46,0,5,1,27,3,1479,0,21,7
10-01-20,Weakley,1280,14,1188,14,92,0,1404,14,11392,190,12796,204,0,21,3,114,11,1145,0,33,22
10-01-20,White,872,13,799,13,73,0,1096,18,9950,77,11046,95,0,10,0,82,13,780,0,47,10
10-01-20,Williamson,5470,11,5367,8,103,3,6406,14,67980,332,74386,346,2,38,-18,323,27,5109,0,127,43
10-01-20,Wilson,3648,30,3603,26,45,4,4316,30,38328,220,42644,250,1,48,-5,253,34,3347,0,122,49
09-30-20,Anderson,1244,13,1201,11,43,2,1410,11,25633,59,27043,70,0,13,4,114,9,1117,0,44,13
09-30-20,Bedford,1380,10,1320,10,60,0,1645,11,13005,66,14650,77,0,17,-1,74,11,1289,0,54,18
09-30-20,Benton,349,1,333,1,16,0,376,1,4419,16,4795,17,0,8,0,8,1,333,0,18,8
09-30-20,Bledsoe,865,1,860,1,5,0,908,1,7674,46,8582,47,0,4,-2,17,3,844,0,19,4
09-30-20,Blount,2617,30,2561,28,56,2,3023,26,28912,143,31935,169,0,24,15,178,15,2415,0,118,28
09-30-20,Bradley,3027,22,2930,22,97,0,3565,23,25544,113,29109,136,0,17,10,137,12,2873,2,173,19
09-30-20,Campbell,476,10,443,10,33,0,518,10,11201,235,11719,245,0,4,8,50,2,422,1,24,4
09-30-20,Cannon,308,6,294,6,14,0,363,6,4038,29,4401,35,1,1,0,29,5,278,0,9,1
09-30-20,Carroll,923,15,790,12,133,3,986,12,10463,58,11449,70,0,20,2,95,13,808,0,49,20
09-30-20,Carter,1199,19,1146,19,53,0,1307,14,15686,130,16993,144,0,28,9,69,10,1102,0,88,29
09-30-20,Cheatham,832,9,823,8,9,1,1002,10,10890,67,11892,77,0,9,6,37,3,786,0,30,10
09-30-20,Chester,654,6,535,6,119,0,726,7,5383,21,6109,28,0,11,-2,67,8,576,0,23,14
09-30-20,Claiborne,451,3,410,2,41,1,504,3,10668,44,11172,47,0,5,-1,16,4,430,0,20,5
09-30-20,Clay,246,8,215,7,31,1,261,8,2869,31,3130,39,0,5,-2,59,10,182,0,7,5
09-30-20,Cocke,763,6,706,6,57,0,811,6,8112,40,8923,46,0,10,3,30,3,723,0,41,12
09-30-20,Coffee,1300,12,1159,7,141,5,1548,12,19123,39,20671,51,1,14,-8,209,19,1077,0,41,16
09-30-20,Crockett,578,18,506,16,72,2,647,17,3732,24,4379,41,0,19,9,58,9,501,0,21,19
09-30-20,Cumberland,1226,4,1191,3,35,1,1494,4,22556,33,24050,37,0,19,-5,74,9,1133,0,62,21
09-30-20,Davidson,27496,58,27318,55,178,3,34528,67,342055,1656,376583,1723,1,312,-49,864,106,26320,0,1110,321
09-30-20,Decatur,543,8,433,5,110,3,595,8,5861,23,6456,31,0,7,-3,72,11,464,0,18,8
09-30-20,Dekalb,546,1,523,1,23,0,670,1,8057,15,8727,16,0,14,-1,37,2,495,0,27,16
09-30-20,Dickson,1298,6,1167,6,131,0,1610,7,14378,60,15988,67,1,16,-5,108,10,1174,0,58,18
09-30-20,Dyer,1468,23,1338,16,130,7,1573,23,11347,38,12920,61,0,17,2,168,21,1283,0,65,18
09-30-20,Fayette,1251,8,1210,7,41,1,1576,10,15740,48,17316,58,2,21,-2,107,8,1123,1,83,23
09-30-20,Fentress,598,33,544,33,54,0,657,34,4045,50,4702,84,1,4,21,155,11,439,2,27,3
09-30-20,Franklin,1026,10,990,10,36,0,1235,12,15234,52,16469,64,0,10,-10,107,20,909,0,48,10
09-30-20,Gibson,1788,36,1417,17,371,19,1961,37,15428,81,17389,118,1,25,7,260,28,1503,0,65,30
09-30-20,Giles,658,14,651,14,7,0,773,15,8992,87,9765,102,0,17,10,94,4,547,2,44,18
09-30-20,Grainger,404,10,366,10,38,0,446,10,6026,32,6472,42,0,3,4,56,6,345,2,25,3
09-30-20,Greene,1183,7,1118,7,65,0,1380,8,15275,41,16655,49,0,46,-1,84,8,1053,0,83,48
09-30-20,Grundy,350,16,323,16,27,0,401,17,2565,15,2966,32,0,6,1,105,15,239,0,30,7
09-30-20,Hamblen,1985,21,1835,18,150,3,2141,20,21742,161,23883,181,0,28,15,139,6,1818,0,113,35
09-30-20,Hamilton,9709,56,9400,48,309,8,11101,47,135038,214,146139,261,0,95,5,467,51,9147,4,412,98
09-30-20,Hancock,111,1,101,1,10,0,117,1,1949,19,2066,20,0,3,1,4,0,104,0,11,3
09-30-20,Hardeman,1623,6,1550,5,73,1,1865,6,14223,33,16088,39,0,26,-9,72,15,1525,0,68,29
09-30-20,Hardin,1092,24,916,21,176,3,1213,26,12332,51,13545,77,0,16,-2,117,26,959,1,32,18
09-30-20,Hawkins,850,20,823,19,27,1,959,19,9801,101,10760,120,0,20,11,84,9,746,1,61,22
09-30-20,Haywood,1032,7,973,4,59,3,1135,8,6584,4,7719,12,2,23,-1,100,6,909,0,46,23
09-30-20,Henderson,1206,14,975,9,231,5,1470,14,8957,42,10427,56,-1,24,-1,91,16,1091,1,42,24
09-30-20,Henry,644,9,626,8,18,1,768,9,9757,45,10525,54,1,10,-1,33,9,601,0,39,10
09-30-20,Hickman,630,6,597,6,33,0,754,6,7470,25,8224,31,0,8,-6,92,12,530,0,22,9
09-30-20,Houston,273,27,245,26,28,1,288,27,2195,27,2483,54,-1,2,22,55,6,216,2,25,13
09-30-20,Humphreys,280,10,234,1,46,9,310,8,5544,21,5854,29,0,3,3,43,7,234,0,8,4
09-30-20,Jackson,338,4,298,3,40,1,380,3,2394,8,2774,11,0,5,2,33,2,300,0,17,5
09-30-20,Jefferson,1164,14,1035,13,129,1,1216,14,16742,84,17958,98,0,14,2,96,12,1054,1,62,15
09-30-20,Johnson,756,21,743,20,13,1,813,21,5885,78,6698,99,0,3,13,114,8,639,1,29,3
09-30-20,Knox,9995,73,9589,69,406,4,10784,68,130607,640,141391,708,1,80,-33,685,105,9230,2,376,82
09-30-20,Lake,925,2,921,2,4,0,1131,2,6133,9,7264,11,0,2,2,56,0,867,0,8,2
09-30-20,Lauderdale,1024,14,938,12,86,2,1121,14,11091,45,12212,59,0,16,6,75,8,933,1,46,16
09-30-20,Lawrence,1123,18,1109,18,14,0,1276,16,10701,71,11977,87,1,14,4,155,13,954,3,48,14
09-30-20,Lewis,214,6,213,6,1,0,235,4,4533,28,4768,32,0,1,4,40,2,173,0,13,1
09-30-20,Lincoln,650,5,637,5,13,0,778,6,8130,38,8908,44,0,1,-3,54,8,595,0,21,1
09-30-20,Loudon,1235,24,1198,23,37,1,1354,23,13266,77,14620,100,1,7,13,130,10,1098,2,41,7
09-30-20,Macon,1076,1,1053,1,23,0,1310,1,7434,64,8744,65,0,21,-2,60,3,995,0,82,22
09-30-20,Madison,3122,23,2340,11,782,12,3337,27,27739,91,31076,118,1,66,-20,244,42,2812,1,189,76
09-30-20,Marion,567,4,559,3,8,1,675,4,5937,24,6612,28,0,8,-5,55,9,504,0,41,8
09-30-20,Marshall,798,9,793,9,5,0,901,9,9254,74,10155,83,0,5,1,84,8,709,0,26,6
09-30-20,Maury,2472,32,2442,29,30,3,2829,29,25955,221,28784,250,1,26,-1,237,32,2209,0,97,29
09-30-20,McMinn,1186,7,1172,7,14,0,1368,11,16853,141,18221,152,1,26,-2,121,8,1039,0,64,28
09-30-20,McNairy,937,8,763,8,174,0,1069,8,7415,55,8484,63,0,18,-3,138,11,781,0,41,20
09-30-20,Meigs,231,0,227,0,4,0,264,0,3093,17,3357,17,0,3,-1,13,1,215,0,11,3
09-30-20,Monroe,1084,9,1042,9,42,0,1215,9,11042,65,12257,74,1,19,3,92,5,973,0,72,21
09-30-20,Montgomery,3198,31,3054,31,144,0,3581,33,40830,259,44411,292,2,46,2,127,27,3025,0,124,47
09-30-20,Moore,190,3,169,2,21,1,218,3,2382,11,2600,14,0,1,-2,33,5,156,0,5,1
09-30-20,Morgan,328,4,310,4,18,0,360,4,8212,22,8572,26,0,3,2,26,2,299,0,9,4
09-30-20,Obion,1247,18,1206,13,41,5,1376,17,10106,42,11482,59,0,11,3,144,15,1092,0,53,15
09-30-20,Out of State,2298,8,2239,6,59,2,2611,11,278653,1078,281264,1089,0,27,-13,138,21,2133,0,81,17
09-30-20,Overton,792,15,718,13,74,2,877,16,7249,104,8126,120,0,6,1,110,14,676,0,29,8
09-30-20,Pending,955,11,883,6,72,5,1086,10,178116,578,179202,588,0,4,-9,133,20,818,0,15,1
09-30-20,Perry,154,0,135,0,19,0,168,0,3571,9,3739,9,0,0,-1,11,1,143,0,7,0
09-30-20,Pickett,132,4,109,4,23,0,140,4,1005,9,1145,13,0,2,2,38,2,92,0,5,2
09-30-20,Polk,424,6,413,6,11,0,484,8,3827,40,4311,48,0,10,3,35,3,379,0,20,12
09-30-20,Putnam,3393,13,3142,11,251,2,4071,15,29673,54,33744,69,3,44,-37,342,47,3007,1,121,49
09-30-20,Rhea,875,14,869,13,6,1,1039,14,10650,60,11689,74,2,15,6,96,6,764,1,32,15
09-30-20,Roane,922,4,881,3,41,1,1073,4,17507,113,18580,117,0,6,-11,86,15,830,0,35,6
09-30-20,Robertson,2272,14,2242,12,30,2,2748,10,17362,67,20110,77,0,39,7,80,7,2153,1,165,38
09-30-20,Rutherford,9637,59,9547,55,90,4,11724,62,84270,455,95994,517,2,92,-8,451,65,9094,1,278,100
09-30-20,Scott,227,3,214,3,13,0,244,3,4331,23,4575,26,0,2,2,24,1,201,0,17,2
09-30-20,Sequatchie,248,3,246,3,2,0,279,2,4912,25,5191,27,2,3,-1,27,2,218,0,10,1
09-30-20,Sevier,2688,14,2603,12,85,2,2980,13,25691,126,28671,139,0,15,6,166,8,2507,0,99,19
09-30-20,Shelby,31658,53,31262,46,396,7,39285,72,375075,1239,414360,1311,6,472,-109,1313,156,29873,1,2194,541
09-30-20,Smith,769,11,736,8,33,3,964,21,5743,58,6707,79,0,11,7,74,4,684,0,31,12
09-30-20,Stewart,222,1,204,0,18,1,251,0,2941,11,3192,11,0,2,-21,45,22,175,0,6,4
09-30-20,Sullivan,2294,35,2158,34,136,1,2456,30,30271,103,32727,133,0,33,18,201,17,2060,0,182,32
09-30-20,Sumner,4999,46,4960,45,39,1,5943,51,45168,295,51111,346,0,98,23,255,23,4646,0,397,104
09-30-20,Tipton,1874,15,1725,7,149,8,2224,15,21445,86,23669,101,0,19,1,127,14,1728,0,91,22
09-30-20,Trousdale,1677,2,1667,2,10,0,1755,2,5068,14,6823,16,0,7,2,30,0,1640,0,25,7
09-30-20,Unicoi,292,0,287,0,5,0,345,4,6300,83,6645,87,0,1,-3,18,3,273,0,14,1
09-30-20,Union,384,4,350,3,34,1,398,2,4721,29,5119,31,0,2,0,42,4,340,0,14,2
09-30-20,Van Buren,166,1,151,1,15,0,184,1,2014,1,2198,2,0,0,-4,16,5,150,0,8,0
09-30-20,Warren,1101,4,1010,4,91,0,1236,5,13171,23,14407,28,0,7,-6,76,10,1018,0,17,8
09-30-20,Washington,2394,22,2335,21,59,1,2715,23,30276,169,32991,192,0,38,-9,200,31,2156,1,112,38
09-30-20,Wayne,1507,3,1493,2,14,1,1642,2,5997,19,7639,21,0,5,-1,26,4,1476,0,21,7
09-30-20,Weakley,1266,13,1174,12,92,1,1390,16,11202,39,12592,55,1,21,-1,111,13,1134,0,33,22
09-30-20,White,859,4,786,2,73,2,1078,4,9873,11,10951,15,0,10,-9,82,13,767,0,47,10
09-30-20,Williamson,5459,60,5359,52,100,8,6392,61,67648,581,74040,642,0,36,29,341,31,5082,0,127,43
09-30-20,Wilson,3618,33,3577,31,41,2,4286,37,38108,249,42394,286,0,47,8,258,25,3313,0,122,49
09-29-20,Anderson,1231,11,1190,10,41,1,1399,10,25574,283,26973,293,0,13,-7,110,18,1108,0,44,13
09-29-20,Bedford,1370,2,1310,2,60,0,1634,2,12939,60,14573,62,0,17,-6,75,8,1278,0,54,18
09-29-20,Benton,348,2,332,1,16,1,375,2,4403,19,4778,21,-1,8,-1,8,4,332,0,18,8
09-29-20,Bledsoe,864,0,859,0,5,0,907,1,7628,19,8535,20,0,4,0,19,0,841,0,19,4
09-29-20,Blount,2587,22,2533,22,54,0,2997,23,28769,284,31766,307,0,24,8,163,14,2400,3,118,28
09-29-20,Bradley,3005,9,2908,6,97,3,3542,9,25431,83,28973,92,0,17,-10,127,19,2861,1,171,19
09-29-20,Campbell,466,5,433,4,33,1,508,4,10966,55,11474,59,0,4,5,42,0,420,0,23,4
09-29-20,Cannon,302,3,288,3,14,0,357,3,4009,34,4366,37,0,0,1,29,2,273,0,9,1
09-29-20,Carroll,908,8,778,6,130,2,974,6,10405,132,11379,138,0,20,-5,93,13,795,0,49,20
09-29-20,Carter,1180,3,1127,2,53,1,1293,3,15556,192,16849,195,0,28,-5,60,8,1092,1,88,29
09-29-20,Cheatham,823,2,815,2,8,0,992,2,10823,52,11815,54,-1,9,0,31,3,783,1,30,10
09-29-20,Chester,648,2,529,2,119,0,719,2,5362,70,6081,72,1,11,-9,69,10,568,1,23,12
09-29-20,Claiborne,448,3,408,2,40,1,501,3,10624,127,11125,130,0,5,-1,17,4,426,0,20,5
09-29-20,Clay,238,4,208,1,30,3,253,4,2838,52,3091,56,0,5,-2,61,6,172,0,7,5
09-29-20,Cocke,757,6,700,4,57,2,805,4,8072,349,8877,353,0,10,4,27,2,720,1,41,12
09-29-20,Coffee,1288,15,1152,12,136,3,1536,17,19084,159,20620,176,0,13,-10,217,25,1058,0,41,16
09-29-20,Crockett,560,2,490,2,70,0,630,2,3708,18,4338,20,0,19,-5,49,7,492,1,21,19
09-29-20,Cumberland,1222,0,1188,0,34,0,1490,1,22523,188,24013,189,1,19,-15,79,14,1124,0,62,21
09-29-20,Davidson,27438,121,27263,115,175,6,34461,148,340399,3052,374860,3200,4,311,4,913,113,26214,2,1110,319
09-29-20,Decatur,535,1,428,1,107,0,587,1,5838,8,6425,9,0,7,-12,75,13,453,0,18,8
09-29-20,Dekalb,545,3,522,3,23,0,669,3,8042,23,8711,26,0,14,1,38,2,493,1,27,16
09-29-20,Dickson,1292,15,1161,9,131,6,1603,16,14318,80,15921,96,0,15,7,113,8,1164,0,58,18
09-29-20,Dyer,1445,17,1322,11,123,6,1550,17,11309,106,12859,123,3,17,-4,166,18,1262,1,65,18
09-29-20,Fayette,1243,7,1203,7,40,0,1566,8,15692,71,17258,79,0,19,-4,109,11,1115,0,82,23
09-29-20,Fentress,565,28,511,27,54,1,623,29,3995,73,4618,102,0,3,21,134,7,428,1,25,3
09-29-20,Franklin,1016,8,980,6,36,2,1223,9,15182,64,16405,73,0,10,-11,117,19,889,0,48,10
09-29-20,Gibson,1752,18,1400,7,352,11,1924,19,15347,218,17271,237,1,24,-5,253,22,1475,2,65,29
09-29-20,Giles,644,2,637,0,7,2,758,1,8905,20,9663,21,0,17,-3,84,5,543,0,42,17
09-29-20,Grainger,394,7,356,4,38,3,436,4,5994,28,6430,32,0,3,2,52,5,339,1,23,3
09-29-20,Greene,1176,12,1111,11,65,1,1372,14,15234,120,16606,134,2,46,3,85,7,1045,1,83,48
09-29-20,Grundy,334,8,307,7,27,1,384,9,2550,10,2934,19,0,6,-2,104,10,224,0,30,7
09-29-20,Hamblen,1964,6,1817,5,147,1,2121,8,21581,89,23702,97,2,28,-6,124,10,1812,2,113,33
09-29-20,Hamilton,9653,60,9352,53,301,7,11054,60,134824,778,145878,838,0,95,15,462,45,9096,1,408,98
09-29-20,Hancock,110,1,100,1,10,0,116,1,1930,6,2046,7,0,3,1,3,0,104,0,11,3
09-29-20,Hardeman,1617,6,1545,4,72,2,1859,6,14190,16,16049,22,0,26,-2,81,8,1510,0,68,27
09-29-20,Hardin,1068,3,895,1,173,2,1187,2,12281,53,13468,55,0,16,-7,119,10,933,0,31,17
09-29-20,Hawkins,830,2,804,2,26,0,940,5,9700,59,10640,64,2,20,-6,73,6,737,0,60,22
09-29-20,Haywood,1025,7,969,6,56,1,1127,10,6580,26,7707,36,0,21,-2,101,9,903,1,46,23
09-29-20,Henderson,1192,3,966,2,226,1,1456,5,8915,116,10371,121,1,25,-9,92,11,1075,0,41,24
09-29-20,Henry,635,7,618,7,17,0,759,9,9712,82,10471,91,0,9,2,34,5,592,0,39,10
09-29-20,Hickman,624,11,591,10,33,1,748,12,7445,67,8193,79,0,8,0,98,11,518,0,22,9
09-29-20,Houston,246,11,219,8,27,3,261,11,2168,15,2429,26,0,3,7,33,4,210,2,23,12
09-29-20,Humphreys,270,5,233,3,37,2,302,5,5523,37,5825,42,0,3,-1,40,6,227,0,8,4
09-29-20,Jackson,334,3,295,2,39,1,377,3,2386,28,2763,31,0,5,-2,31,5,298,0,17,5
09-29-20,Jefferson,1150,9,1022,7,128,2,1202,6,16658,128,17860,134,0,14,-3,94,12,1042,2,61,14
09-29-20,Johnson,735,7,723,7,12,0,792,7,5807,38,6599,45,1,3,-3,101,9,631,1,28,3
09-29-20,Knox,9922,73,9520,68,402,5,10716,81,129967,1122,140683,1203,-1,79,-22,718,96,9125,2,374,82
09-29-20,Lake,923,1,919,1,4,0,1129,1,6124,28,7253,29,0,2,-1,54,2,867,0,8,2
09-29-20,Lauderdale,1010,9,926,2,84,7,1107,9,11046,197,12153,206,0,16,4,69,5,925,0,45,16
09-29-20,Lawrence,1105,8,1091,8,14,0,1260,5,10630,63,11890,68,0,13,1,151,7,941,2,45,14
09-29-20,Lewis,208,0,207,0,1,0,231,0,4505,9,4736,9,0,1,-2,36,2,171,0,13,1
09-29-20,Lincoln,645,1,632,1,13,0,772,2,8092,45,8864,47,0,1,-6,57,7,587,0,21,1
09-29-20,Loudon,1211,12,1175,10,36,2,1331,10,13189,185,14520,195,0,6,-1,117,13,1088,1,39,7
09-29-20,Macon,1075,3,1052,2,23,1,1309,2,7370,95,8679,97,0,21,-3,62,6,992,0,82,22
09-29-20,Madison,3099,70,2329,29,770,41,3310,70,27648,222,30958,292,1,65,32,264,37,2770,1,188,75
09-29-20,Marion,563,10,556,10,7,0,671,11,5913,39,6584,50,0,8,6,60,4,495,1,41,8
09-29-20,Marshall,789,5,784,4,5,1,892,8,9180,67,10072,75,0,5,-5,83,10,701,2,26,6
09-29-20,Maury,2440,13,2413,12,27,1,2800,12,25734,167,28534,179,1,25,-17,238,29,2177,0,97,29
09-29-20,McMinn,1179,6,1165,6,14,0,1357,11,16712,122,18069,133,0,25,0,123,6,1031,1,64,28
09-29-20,McNairy,929,6,755,3,174,3,1061,5,7360,19,8421,24,0,18,-5,141,11,770,2,41,19
09-29-20,Meigs,231,1,227,1,4,0,264,1,3076,17,3340,18,0,3,0,14,1,214,0,11,3
09-29-20,Monroe,1075,19,1033,19,42,0,1206,20,10977,145,12183,165,0,18,11,89,8,968,1,72,20
09-29-20,Montgomery,3167,11,3023,9,144,2,3548,10,40571,204,44119,214,0,44,-14,125,25,2998,0,124,47
09-29-20,Moore,187,4,167,0,20,4,215,4,2371,14,2586,18,0,1,1,35,3,151,0,5,1
09-29-20,Morgan,324,2,306,2,18,0,356,2,8190,45,8546,47,0,3,-1,24,3,297,0,9,4
09-29-20,Obion,1229,12,1193,11,36,1,1359,24,10064,162,11423,186,0,11,0,141,12,1077,0,53,15
09-29-20,Out of State,2290,17,2233,17,57,0,2600,16,277575,1633,280175,1649,0,27,-11,151,28,2112,0,81,17
09-29-20,Overton,777,7,705,7,72,0,861,7,7145,44,8006,51,0,6,-2,109,9,662,1,29,8
09-29-20,Pending,944,14,877,11,67,3,1076,11,177538,1321,178614,1332,-2,4,10,142,6,798,1,15,1
09-29-20,Perry,154,1,135,1,19,0,168,1,3562,29,3730,30,0,0,-2,12,3,142,0,7,0
09-29-20,Pickett,128,1,105,1,23,0,136,1,996,3,1132,4,0,2,1,36,0,90,0,5,2
09-29-20,Polk,418,1,407,1,11,0,476,1,3787,15,4263,16,0,10,-1,32,2,376,0,20,12
09-29-20,Putnam,3380,16,3131,11,249,5,4056,16,29619,91,33675,107,0,41,-28,379,44,2960,1,120,48
09-29-20,Rhea,861,3,856,3,5,0,1025,3,10590,26,11615,29,0,13,-1,90,4,758,1,31,15
09-29-20,Roane,918,7,878,5,40,2,1069,6,17394,100,18463,106,0,6,-3,97,10,815,1,35,6
09-29-20,Robertson,2258,7,2230,6,28,1,2738,17,17295,122,20033,139,4,39,-11,73,14,2146,0,164,38
09-29-20,Rutherford,9578,56,9492,54,86,2,11662,59,83815,582,95477,641,0,90,-12,459,68,9029,4,277,98
09-29-20,Scott,224,5,211,4,13,1,241,4,4308,26,4549,30,0,2,1,22,4,200,0,17,2
09-29-20,Sequatchie,245,2,243,2,2,0,277,2,4887,11,5164,13,0,1,-1,28,3,216,0,10,1
09-29-20,Sevier,2674,15,2591,11,83,4,2967,13,25565,199,28532,212,0,15,-5,160,20,2499,0,99,19
09-29-20,Shelby,31605,116,31216,96,389,20,39213,150,373836,2147,413049,2297,6,466,-53,1422,163,29717,5,2193,536
09-29-20,Smith,758,8,728,8,30,0,943,10,5685,97,6628,107,0,11,-1,67,9,680,0,31,11
09-29-20,Stewart,221,0,204,0,17,0,251,0,2930,17,3181,17,0,2,-6,66,6,153,0,6,4
09-29-20,Sullivan,2259,25,2124,23,135,2,2426,28,30168,235,32594,263,0,33,-2,183,27,2043,2,182,32
09-29-20,Sumner,4953,8,4915,8,38,0,5892,8,44873,231,50765,239,0,98,-17,232,25,4623,0,397,104
09-29-20,Tipton,1859,6,1718,3,141,3,2209,6,21359,214,23568,220,0,19,-11,126,17,1714,0,91,22
09-29-20,Trousdale,1675,7,1665,4,10,3,1753,5,5054,34,6807,39,0,7,7,28,0,1640,0,25,7
09-29-20,Unicoi,292,2,287,2,5,0,341,6,6217,200,6558,206,0,1,1,21,1,270,1,14,1
09-29-20,Union,380,9,347,6,33,3,396,6,4692,35,5088,41,0,2,-4,42,13,336,1,14,2
09-29-20,Van Buren,165,0,150,0,15,0,183,0,2013,6,2196,6,0,0,-5,20,5,145,0,8,0
09-29-20,Warren,1097,4,1006,4,91,0,1231,5,13148,113,14379,118,0,7,-1,82,5,1008,1,17,8
09-29-20,Washington,2372,26,2314,24,58,2,2692,27,30107,357,32799,384,2,38,-5,209,29,2125,2,111,38
09-29-20,Wayne,1504,1,1491,0,13,1,1640,1,5978,32,7618,33,0,5,-2,27,3,1472,0,21,7
09-29-20,Weakley,1253,8,1162,6,91,2,1374,7,11163,110,12537,117,1,20,-22,112,29,1121,0,33,22
09-29-20,White,855,9,784,9,71,0,1074,14,9862,40,10936,54,1,10,-2,91,10,754,1,47,10
09-29-20,Williamson,5399,34,5307,25,92,9,6331,34,67067,416,73398,450,0,36,-4,312,38,5051,1,127,42
09-29-20,Wilson,3585,23,3546,18,39,5,4249,22,37859,410,42108,432,2,47,-2,250,23,3288,0,122,49
09-28-20,Anderson,1220,4,1180,3,40,1,1389,3,25291,39,26680,42,0,13,-6,117,10,1090,0,44,13
09-28-20,Bedford,1368,1,1308,0,60,1,1632,1,12879,14,14511,15,0,17,-8,81,9,1270,0,54,18
09-28-20,Benton,346,2,331,2,15,0,373,1,4384,10,4757,11,0,9,-1,9,3,328,1,18,8
09-28-20,Bledsoe,864,0,859,0,5,0,906,0,7609,3,8515,3,0,4,-1,19,1,841,0,19,4
09-28-20,Blount,2565,16,2511,16,54,0,2974,16,28485,118,31459,134,0,24,-4,155,20,2386,1,115,28
09-28-20,Bradley,2996,7,2902,7,94,0,3533,11,25348,66,28881,77,0,17,-14,137,21,2842,1,170,19
09-28-20,Campbell,461,2,429,1,32,1,504,2,10911,11,11415,13,0,4,-8,37,10,420,0,23,4
09-28-20,Cannon,299,0,285,0,14,0,354,0,3975,7,4329,7,0,0,-5,28,5,271,0,9,1
09-28-20,Carroll,900,5,772,5,128,0,968,6,10273,56,11241,62,0,20,-2,98,7,782,0,49,20
09-28-20,Carter,1177,0,1125,0,52,0,1290,0,15364,28,16654,28,0,28,-14,65,14,1084,0,87,29
09-28-20,Cheatham,821,1,813,1,8,0,990,1,10771,15,11761,16,0,10,-8,31,9,780,0,29,10
09-28-20,Chester,646,1,527,1,119,0,717,2,5292,47,6009,49,0,10,-6,78,7,558,0,22,12
09-28-20,Claiborne,445,3,406,2,39,1,498,3,10497,12,10995,15,0,5,-4,18,7,422,0,20,5
09-28-20,Clay,234,1,207,1,27,0,249,1,2786,3,3035,4,0,5,-6,63,7,166,0,7,5
09-28-20,Cocke,751,0,696,0,55,0,801,1,7723,15,8524,16,1,10,-3,23,2,718,0,40,12
09-28-20,Coffee,1273,16,1140,4,133,12,1519,17,18925,131,20444,148,0,13,-5,227,21,1033,0,41,16
09-28-20,Crockett,558,0,488,0,70,0,628,0,3690,10,4318,10,0,19,-6,54,6,485,0,20,19
09-28-20,Cumberland,1222,3,1188,3,34,0,1489,4,22335,32,23824,36,0,18,-16,94,19,1110,1,62,21
09-28-20,Davidson,27317,41,27148,39,169,2,34313,50,337347,1073,371660,1123,1,307,-127,909,167,26101,2,1108,317
09-28-20,Decatur,534,2,427,1,107,1,586,3,5830,3,6416,6,0,7,-12,87,14,440,0,18,8
09-28-20,Dekalb,542,1,519,1,23,0,666,1,8019,9,8685,10,0,14,-7,37,8,491,0,26,16
09-28-20,Dickson,1277,1,1152,1,125,0,1587,2,14238,71,15825,73,0,15,-13,106,14,1156,0,58,18
09-28-20,Dyer,1428,8,1311,5,117,3,1533,8,11203,48,12736,56,0,14,-18,170,26,1244,0,64,18
09-28-20,Fayette,1236,16,1196,15,40,1,1558,17,15621,107,17179,124,0,19,-2,113,18,1104,0,82,23
09-28-20,Fentress,537,5,484,5,53,0,594,5,3922,8,4516,13,0,3,-20,113,25,421,0,24,3
09-28-20,Franklin,1008,5,974,5,34,0,1214,6,15118,14,16332,20,1,10,-13,128,17,870,0,48,9
09-28-20,Gibson,1734,9,1393,4,341,5,1905,11,15129,45,17034,56,0,23,-21,258,30,1453,1,63,28
09-28-20,Giles,642,9,637,7,5,2,757,5,8885,26,9642,31,0,17,-2,87,11,538,1,42,17
09-28-20,Grainger,387,5,352,1,35,4,432,2,5966,11,6398,13,0,3,-2,50,7,334,1,22,3
09-28-20,Greene,1164,2,1100,1,64,1,1358,0,15114,25,16472,25,0,44,-14,82,16,1038,0,82,48
09-28-20,Grundy,326,4,300,3,26,1,375,4,2540,4,2915,8,1,6,-2,106,5,214,0,30,7
09-28-20,Hamblen,1958,1,1812,0,146,1,2113,4,21492,30,23605,34,0,26,-14,130,15,1802,0,111,33
09-28-20,Hamilton,9593,53,9299,33,294,20,10994,43,134046,346,145040,389,0,95,-10,447,63,9051,3,407,98
09-28-20,Hancock,109,0,99,0,10,0,115,0,1924,1,2039,1,0,3,0,2,0,104,0,11,3
09-28-20,Hardeman,1611,1,1541,1,70,0,1853,1,14174,13,16027,14,0,26,-20,83,21,1502,0,68,27
09-28-20,Hardin,1065,3,894,1,171,2,1185,3,12228,8,13413,11,0,16,-7,126,10,923,1,31,16
09-28-20,Hawkins,828,2,802,2,26,0,935,0,9641,12,10576,12,0,18,-7,79,9,731,0,60,22
09-28-20,Haywood,1018,4,963,4,55,0,1117,4,6554,9,7671,13,0,21,-8,103,12,894,0,45,23
09-28-20,Henderson,1189,0,964,0,225,0,1451,1,8799,6,10250,7,0,24,-9,101,9,1064,0,41,24
09-28-20,Henry,628,1,611,0,17,1,750,1,9630,39,10380,40,0,9,-12,32,13,587,0,39,10
09-28-20,Hickman,613,2,581,2,32,0,736,3,7378,92,8114,95,0,8,-12,98,14,507,0,22,9
09-28-20,Houston,235,5,211,5,24,0,250,3,2153,9,2403,12,0,3,-9,26,14,206,0,21,10
09-28-20,Humphreys,265,1,230,0,35,1,297,3,5486,22,5783,25,0,3,-2,41,3,221,0,8,4
09-28-20,Jackson,331,0,293,0,38,0,374,0,2358,4,2732,4,0,5,-2,33,2,293,0,17,5
09-28-20,Jefferson,1141,5,1015,3,126,2,1196,6,16530,65,17726,71,0,14,-13,97,18,1030,0,59,14
09-28-20,Johnson,728,0,716,0,12,0,785,0,5769,3,6554,3,0,2,-9,104,9,622,0,27,3
09-28-20,Knox,9849,57,9452,51,397,6,10635,47,128845,446,139480,493,1,80,-68,740,124,9029,3,372,81
09-28-20,Lake,922,0,918,0,4,0,1128,0,6096,6,7224,6,0,2,-3,55,3,865,0,8,2
09-28-20,Lauderdale,1001,2,924,2,77,0,1098,3,10849,50,11947,53,0,16,-21,65,23,920,0,45,16
09-28-20,Lawrence,1097,3,1083,3,14,0,1255,3,10567,85,11822,88,0,13,-17,150,20,934,0,43,14
09-28-20,Lewis,208,1,207,1,1,0,231,2,4496,3,4727,5,0,1,-2,38,3,169,0,13,1
09-28-20,Lincoln,644,3,631,1,13,2,770,2,8047,13,8817,15,0,1,-11,63,14,580,1,21,1
09-28-20,Loudon,1199,10,1165,10,34,0,1321,11,13004,190,14325,201,0,6,-7,118,17,1075,1,38,7
09-28-20,Macon,1072,2,1050,2,22,0,1307,4,7275,17,8582,21,0,21,-3,65,5,986,1,82,22
09-28-20,Madison,3029,36,2300,14,729,22,3240,29,27426,33,30666,62,0,64,4,232,32,2733,0,187,75
09-28-20,Marion,553,7,546,7,7,0,660,8,5874,16,6534,24,0,8,0,54,7,491,0,40,8
09-28-20,Marshall,784,1,780,1,4,0,884,1,9113,9,9997,10,0,5,-8,88,9,691,0,24,5
09-28-20,Maury,2427,10,2401,10,26,0,2788,9,25567,40,28355,49,0,24,-21,255,31,2148,3,97,29
09-28-20,McMinn,1173,5,1159,5,14,0,1346,7,16590,47,17936,54,0,25,-14,123,19,1025,0,63,27
09-28-20,McNairy,923,4,752,2,171,2,1056,5,7341,6,8397,11,0,18,-14,146,18,759,0,39,19
09-28-20,Meigs,230,3,226,3,4,0,263,3,3059,4,3322,7,0,3,2,14,1,213,0,11,3
09-28-20,Monroe,1056,4,1014,4,42,0,1186,5,10832,41,12018,46,0,18,-4,78,8,960,1,71,20
09-28-20,Montgomery,3156,15,3014,13,142,2,3538,14,40367,198,43905,212,0,44,-29,139,44,2973,0,124,47
09-28-20,Moore,183,3,167,1,16,2,211,3,2357,1,2568,4,0,1,0,34,3,148,0,5,1
09-28-20,Morgan,322,1,304,1,18,0,354,1,8145,8,8499,9,0,3,-4,25,5,294,0,9,4
09-28-20,Obion,1217,3,1182,3,35,0,1335,3,9902,35,11237,38,1,11,-17,141,19,1065,0,53,15
09-28-20,Out of State,2273,6,2216,4,57,2,2584,6,275942,933,278526,939,0,27,-21,162,27,2084,0,81,17
09-28-20,Overton,770,4,698,4,72,0,854,4,7101,8,7955,12,0,6,-13,111,17,653,0,28,8
09-28-20,Pending,930,5,866,3,64,2,1065,5,176217,507,177282,512,1,6,-12,132,16,792,0,14,1
09-28-20,Perry,153,0,134,0,19,0,167,0,3533,0,3700,0,0,0,-2,14,2,139,0,7,0
09-28-20,Pickett,127,3,104,3,23,0,135,3,993,3,1128,6,0,2,2,35,1,90,0,5,2
09-28-20,Polk,417,0,406,0,11,0,475,0,3772,5,4247,5,0,10,-4,33,4,374,0,20,12
09-28-20,Putnam,3364,15,3120,7,244,8,4040,16,29528,31,33568,47,1,41,-55,407,69,2916,0,119,48
09-28-20,Rhea,858,5,853,5,5,0,1022,5,10564,10,11586,15,1,13,-9,91,13,754,0,30,15
09-28-20,Roane,911,1,873,1,38,0,1063,1,17294,35,18357,36,1,6,-15,100,15,805,0,34,6
09-28-20,Robertson,2251,4,2224,4,27,0,2721,5,17173,33,19894,38,0,35,-10,84,14,2132,0,164,37
09-28-20,Rutherford,9522,49,9438,45,84,4,11603,52,83233,235,94836,287,1,90,-38,471,86,8961,0,273,97
09-28-20,Scott,219,0,207,0,12,0,237,0,4282,5,4519,5,0,2,-2,21,2,196,0,17,2
09-28-20,Sequatchie,243,0,241,0,2,0,275,0,4876,11,5151,11,0,1,-6,29,6,213,0,10,1
09-28-20,Sevier,2659,12,2580,11,79,1,2954,13,25366,46,28320,59,0,15,-6,165,18,2479,1,99,19
09-28-20,Shelby,31489,53,31120,50,369,3,39063,75,371689,943,410752,1018,1,460,-139,1475,191,29554,6,2188,534
09-28-20,Smith,750,3,720,2,30,1,933,3,5588,12,6521,15,0,11,-6,68,9,671,0,31,11
09-28-20,Stewart,221,1,204,1,17,0,251,1,2913,8,3164,9,0,2,-8,72,9,147,0,6,4
09-28-20,Sullivan,2234,13,2101,12,133,1,2398,20,29933,36,32331,56,0,33,-12,185,25,2016,0,180,32
09-28-20,Sumner,4945,11,4907,11,38,0,5884,14,44642,110,50526,124,0,98,-19,249,30,4598,1,397,104
09-28-20,Tipton,1853,4,1715,2,138,2,2203,5,21145,54,23348,59,0,19,-13,137,17,1697,0,91,22
09-28-20,Trousdale,1668,1,1661,0,7,1,1748,1,5020,7,6768,8,0,7,-2,21,3,1640,0,25,7
09-28-20,Unicoi,290,1,285,1,5,0,335,1,6017,1,6352,2,0,1,-2,20,3,269,0,13,1
09-28-20,Union,371,0,341,0,30,0,390,1,4657,8,5047,9,0,2,-13,46,13,323,0,13,2
09-28-20,Van Buren,165,0,150,0,15,0,183,0,2007,90,2190,90,0,0,-2,25,2,140,0,8,0
09-28-20,Warren,1093,1,1002,1,91,0,1226,1,13035,20,14261,21,0,7,-4,83,5,1003,0,16,8
09-28-20,Washington,2346,12,2290,12,56,0,2665,7,29750,33,32415,40,0,36,-15,214,27,2096,0,109,38
09-28-20,Wayne,1503,0,1491,0,12,0,1639,1,5946,7,7585,8,0,5,-7,29,7,1469,0,21,7
09-28-20,Weakley,1245,3,1156,2,89,1,1367,3,11053,42,12420,45,0,19,-13,134,16,1092,0,33,22
09-28-20,White,846,1,775,1,71,0,1060,2,9822,162,10882,164,0,9,-10,93,11,744,0,46,10
09-28-20,Williamson,5365,23,5282,19,83,4,6297,20,66651,220,72948,240,0,36,-24,316,47,5013,0,126,42
09-28-20,Wilson,3562,29,3528,27,34,2,4227,32,37449,130,41676,162,0,45,-6,252,35,3265,1,122,49
09-27-20,Anderson,1216,18,1177,16,39,2,1386,15,25252,206,26638,221,0,13,9,123,9,1080,0,44,13
09-27-20,Bedford,1367,12,1308,11,59,1,1631,14,12865,191,14496,205,0,17,6,89,6,1261,0,54,18
09-27-20,Benton,344,2,329,2,15,0,372,2,4374,76,4746,78,0,9,1,10,1,325,0,17,8
09-27-20,Bledsoe,864,4,859,4,5,0,906,4,7606,42,8512,46,0,4,3,20,1,840,0,19,4
09-27-20,Blount,2549,18,2495,18,54,0,2958,20,28367,312,31325,332,0,24,10,159,8,2366,0,114,28
09-27-20,Bradley,2989,15,2895,13,94,2,3522,16,25282,269,28804,285,0,17,8,151,7,2821,1,169,19
09-27-20,Campbell,459,4,428,4,31,0,502,5,10900,163,11402,168,0,4,1,45,3,410,0,23,4
09-27-20,Cannon,299,6,285,6,14,0,354,7,3968,31,4322,38,0,0,3,33,3,266,0,9,1
09-27-20,Carroll,895,9,767,7,128,2,962,9,10217,234,11179,243,0,20,2,100,7,775,1,49,19
09-27-20,Carter,1177,8,1125,8,52,0,1290,7,15336,162,16626,169,0,28,4,79,4,1070,1,87,29
09-27-20,Cheatham,820,8,812,8,8,0,989,8,10756,101,11745,109,0,10,4,39,4,771,0,29,10
09-27-20,Chester,645,3,526,3,119,0,715,3,5245,75,5960,78,0,10,-1,84,4,551,0,22,12
09-27-20,Claiborne,442,1,404,1,38,0,495,1,10485,51,10980,52,0,5,-2,22,3,415,0,20,5
09-27-20,Clay,233,3,206,3,27,0,248,4,2783,19,3031,23,0,5,0,69,3,159,0,7,5
09-27-20,Cocke,751,5,696,5,55,0,800,6,7708,75,8508,81,0,9,3,26,2,716,0,40,11
09-27-20,Coffee,1257,13,1136,11,121,2,1502,17,18794,133,20296,150,0,13,-2,232,15,1012,1,41,16
09-27-20,Crockett,558,3,488,2,70,1,628,3,3680,29,4308,32,0,19,-2,60,5,479,0,20,19
09-27-20,Cumberland,1219,10,1185,10,34,0,1485,13,22303,255,23788,268,0,18,4,110,6,1091,0,61,20
09-27-20,Davidson,27276,92,27109,91,167,1,34263,114,336274,4995,370537,5109,0,306,32,1036,60,25934,4,1106,316
09-27-20,Decatur,532,7,426,7,106,0,583,8,5827,97,6410,105,0,7,0,99,7,426,0,18,8
09-27-20,Dekalb,541,3,518,3,23,0,665,3,8010,73,8675,76,0,14,3,44,0,483,0,26,16
09-27-20,Dickson,1276,9,1151,9,125,0,1585,10,14167,116,15752,126,0,15,4,119,5,1142,0,58,18
09-27-20,Dyer,1420,25,1306,20,114,5,1525,25,11155,182,12680,207,0,14,15,188,10,1218,0,64,18
09-27-20,Fayette,1220,11,1181,11,39,0,1541,15,15514,108,17055,123,0,19,4,115,7,1086,0,82,23
09-27-20,Fentress,532,6,479,6,53,0,589,8,3914,30,4503,38,0,3,-3,133,9,396,0,24,3
09-27-20,Franklin,1003,10,969,10,34,0,1208,14,15104,118,16312,132,0,9,3,141,7,853,0,48,9
09-27-20,Gibson,1725,20,1389,15,336,5,1894,22,15084,155,16978,177,0,23,6,279,14,1423,0,62,27
09-27-20,Giles,633,21,630,21,3,0,752,21,8859,170,9611,191,0,17,19,89,2,527,3,41,17
09-27-20,Grainger,382,8,351,7,31,1,430,7,5955,49,6385,56,0,3,6,52,2,327,1,21,3
09-27-20,Greene,1162,9,1099,9,63,0,1358,11,15089,159,16447,170,0,44,4,96,5,1022,1,82,47
09-27-20,Grundy,322,11,297,11,25,0,371,12,2536,28,2907,40,0,5,4,108,7,209,1,30,7
09-27-20,Hamblen,1957,17,1812,14,145,3,2109,14,21462,196,23571,210,0,26,7,144,10,1787,2,111,33
09-27-20,Hamilton,9540,44,9266,43,274,1,10951,46,133700,998,144651,1044,1,95,-10,457,53,8988,3,404,98
09-27-20,Hancock,109,1,99,0,10,1,115,0,1923,8,2038,8,0,3,1,2,0,104,0,11,3
09-27-20,Hardeman,1610,9,1540,9,70,0,1852,10,14161,178,16013,188,0,26,4,103,5,1481,1,68,27
09-27-20,Hardin,1062,13,893,12,169,1,1182,15,12220,194,13402,209,0,16,5,133,8,913,1,30,16
09-27-20,Hawkins,826,8,800,7,26,1,935,8,9629,81,10564,89,0,18,0,86,8,722,0,60,22
09-27-20,Haywood,1014,9,959,9,55,0,1113,10,6545,104,7658,114,0,21,5,111,4,882,0,45,22
09-27-20,Henderson,1189,8,964,6,225,2,1450,9,8793,177,10243,186,0,24,2,110,6,1055,0,41,24
09-27-20,Henry,627,2,611,2,16,0,749,5,9591,82,10340,87,0,9,-3,44,5,574,0,39,9
09-27-20,Hickman,611,5,579,5,32,0,733,5,7286,49,8019,54,0,8,-1,110,6,493,0,22,9
09-27-20,Houston,230,5,206,4,24,1,247,5,2144,28,2391,33,0,3,-4,35,9,192,0,21,10
09-27-20,Humphreys,264,3,230,3,34,0,294,3,5464,63,5758,66,0,3,0,43,3,218,0,8,4
09-27-20,Jackson,331,5,293,5,38,0,374,7,2354,18,2728,25,0,5,2,35,3,291,0,17,5
09-27-20,Jefferson,1136,11,1012,8,124,3,1190,10,16465,176,17655,186,0,14,7,110,4,1012,2,59,14
09-27-20,Johnson,728,12,716,12,12,0,785,11,5766,73,6551,84,0,2,8,113,4,613,1,27,3
09-27-20,Knox,9792,72,9401,67,391,5,10588,80,128399,955,138987,1035,0,79,-12,808,84,8905,3,369,79
09-27-20,Lake,922,3,918,3,4,0,1128,3,6090,19,7218,22,0,2,3,58,0,862,0,8,2
09-27-20,Lauderdale,999,5,922,5,77,0,1095,5,10799,107,11894,112,0,16,1,86,4,897,0,45,16
09-27-20,Lawrence,1094,23,1080,23,14,0,1252,24,10482,196,11734,220,0,13,10,167,13,914,0,43,14
09-27-20,Lewis,207,3,206,3,1,0,229,4,4493,38,4722,42,0,1,2,40,1,166,0,13,1
09-27-20,Lincoln,641,15,630,15,11,0,768,18,8034,71,8802,89,0,1,12,74,3,566,1,20,1
09-27-20,Loudon,1189,9,1155,9,34,0,1310,8,12814,103,14124,111,0,6,5,125,4,1058,0,37,7
09-27-20,Macon,1070,5,1048,5,22,0,1303,6,7258,104,8561,110,0,21,2,68,3,981,0,81,22
09-27-20,Madison,2993,26,2286,12,707,14,3211,21,27393,377,30604,398,0,64,3,228,23,2701,0,187,75
09-27-20,Marion,546,4,539,4,7,0,652,4,5858,63,6510,67,0,8,-1,54,5,484,0,40,8
09-27-20,Marshall,783,11,779,11,4,0,883,12,9104,160,9987,172,0,5,3,96,8,682,0,24,5
09-27-20,Maury,2417,33,2391,30,26,3,2779,39,25527,255,28306,294,0,24,13,276,20,2117,1,94,29
09-27-20,McMinn,1168,9,1154,9,14,0,1339,9,16543,178,17882,187,0,25,0,137,9,1006,0,63,26
09-27-20,McNairy,919,23,750,17,169,6,1051,28,7335,213,8386,241,0,18,19,160,4,741,0,39,19
09-27-20,Meigs,227,1,223,1,4,0,260,1,3055,48,3315,49,0,3,0,12,1,212,0,11,3
09-27-20,Monroe,1052,6,1010,4,42,2,1181,5,10791,93,11972,98,0,18,1,82,5,952,0,70,20
09-27-20,Montgomery,3141,24,3001,20,140,4,3524,22,40169,441,43693,463,0,44,13,168,11,2929,0,124,47
09-27-20,Moore,180,0,166,0,14,0,208,1,2356,27,2564,28,0,1,-2,34,2,145,0,5,1
09-27-20,Morgan,321,3,303,3,18,0,353,4,8137,41,8490,45,0,3,2,29,1,289,0,9,4
09-27-20,Obion,1214,13,1179,13,35,0,1332,15,9867,199,11199,214,0,10,5,158,8,1046,3,53,15
09-27-20,Out of State,2267,13,2212,13,55,0,2578,13,275009,3312,277587,3325,0,27,1,183,12,2057,1,81,17
09-27-20,Overton,766,10,694,10,72,0,850,14,7093,113,7943,127,0,6,4,124,6,636,1,28,8
09-27-20,Pending,925,19,863,18,62,1,1060,18,175710,1495,176770,1513,0,5,13,144,6,776,1,14,1
09-27-20,Perry,153,0,134,0,19,0,167,0,3533,88,3700,88,0,0,-2,16,2,137,0,7,0
09-27-20,Pickett,124,5,101,5,23,0,132,5,990,20,1122,25,0,2,5,33,0,89,0,5,2
09-27-20,Polk,417,11,406,9,11,2,475,11,3767,74,4242,85,0,10,10,37,1,370,1,20,12
09-27-20,Putnam,3349,30,3113,29,236,1,4024,38,29497,321,33521,359,0,40,-3,462,33,2847,0,119,46
09-27-20,Rhea,853,5,848,5,5,0,1017,6,10554,143,11571,149,0,12,1,100,4,741,0,30,15
09-27-20,Roane,910,9,872,9,38,0,1062,11,17259,191,18321,202,1,5,-1,115,9,790,0,34,6
09-27-20,Robertson,2247,12,2220,12,27,0,2716,13,17140,159,19856,172,0,35,2,94,10,2118,0,164,37
09-27-20,Rutherford,9473,53,9393,53,80,0,11551,61,82998,939,94549,1000,0,89,13,509,40,8875,0,273,97
09-27-20,Scott,219,1,207,1,12,0,237,1,4277,52,4514,53,0,2,0,23,1,194,0,17,2
09-27-20,Sequatchie,243,6,241,6,2,0,275,6,4865,37,5140,43,-1,1,3,35,4,207,0,10,1
09-27-20,Sevier,2647,17,2569,16,78,1,2941,16,25320,178,28261,194,0,15,11,171,6,2461,3,98,19
09-27-20,Shelby,31436,132,31070,131,366,1,38988,186,370746,3069,409734,3255,1,459,33,1614,98,29363,7,2182,528
09-27-20,Smith,747,7,718,7,29,0,930,10,5576,62,6506,72,0,11,1,74,6,662,0,31,11
09-27-20,Stewart,220,4,203,3,17,1,250,3,2905,38,3155,41,0,2,3,80,1,138,0,6,4
09-27-20,Sullivan,2221,31,2089,29,132,2,2378,26,29897,253,32275,279,0,33,18,197,13,1991,7,180,32
09-27-20,Sumner,4934,28,4896,28,38,0,5870,30,44532,486,50402,516,0,98,9,268,19,4568,0,396,104
09-27-20,Tipton,1849,7,1713,5,136,2,2198,11,21091,221,23289,232,0,19,-1,150,8,1680,0,91,22
09-27-20,Trousdale,1667,8,1661,7,6,1,1747,8,5013,32,6760,40,0,7,7,23,1,1637,0,25,7
09-27-20,Unicoi,289,1,284,1,5,0,334,1,6016,42,6350,43,0,1,-2,22,3,266,0,13,1
09-27-20,Union,371,6,341,3,30,3,389,5,4649,44,5038,49,1,2,-1,59,6,310,1,13,2
09-27-20,Van Buren,165,0,150,0,15,0,183,0,1917,13,2100,13,0,0,-1,27,1,138,0,8,0
09-27-20,Warren,1092,14,1001,14,91,0,1225,15,13015,137,14240,152,0,7,6,87,8,998,0,16,8
09-27-20,Washington,2334,18,2278,18,56,0,2658,21,29717,269,32375,290,0,36,2,229,16,2069,0,109,37
09-27-20,Wayne,1503,1,1491,1,12,0,1638,2,5939,32,7577,34,0,5,0,36,1,1462,0,21,7
09-27-20,Weakley,1242,20,1154,19,88,1,1364,22,11011,141,12375,163,0,19,8,147,12,1076,0,33,20
09-27-20,White,845,8,774,8,71,0,1058,15,9660,184,10718,199,0,9,3,103,5,733,0,46,10
09-27-20,Williamson,5342,48,5263,43,79,5,6277,54,66431,691,72708,745,0,36,29,340,19,4966,0,126,39
09-27-20,Wilson,3533,29,3501,29,32,0,4195,34,37319,332,41514,366,0,45,15,258,14,3230,0,121,48
09-26-20,Anderson,1198,13,1161,13,37,0,1371,17,25046,306,26417,323,0,13,6,114,7,1071,0,44,13
09-26-20,Bedford,1355,24,1297,23,58,1,1617,29,12674,168,14291,197,0,17,15,83,9,1255,0,54,18
09-26-20,Benton,342,1,327,1,15,0,370,2,4298,64,4668,66,0,9,0,9,1,324,0,17,8
09-26-20,Bledsoe,860,6,855,6,5,0,902,6,7564,101,8466,107,0,4,3,17,3,839,0,19,4
09-26-20,Blount,2531,14,2477,13,54,1,2938,22,28055,400,30993,422,0,24,5,149,9,2358,1,114,28
09-26-20,Bradley,2974,26,2882,24,92,2,3506,31,25013,310,28519,341,0,17,11,143,15,2814,2,168,19
09-26-20,Campbell,455,7,424,7,31,0,497,9,10737,160,11234,169,0,4,4,44,3,407,0,23,4
09-26-20,Cannon,293,4,279,4,14,0,347,4,3937,77,4284,81,0,0,3,30,1,263,0,9,0
09-26-20,Carroll,886,13,760,12,126,1,953,17,9983,123,10936,140,0,20,1,98,12,768,0,48,19
09-26-20,Carter,1169,7,1117,7,52,0,1283,11,15174,297,16457,308,0,28,-5,75,12,1066,1,86,28
09-26-20,Cheatham,812,5,804,5,8,0,981,5,10655,144,11636,149,0,10,-2,35,7,767,0,29,10
09-26-20,Chester,642,16,523,10,119,6,712,19,5170,67,5882,86,0,10,8,85,8,547,1,22,12
09-26-20,Claiborne,441,0,403,0,38,0,494,0,10434,186,10928,186,0,5,-4,24,4,412,0,20,5
09-26-20,Clay,230,5,203,5,27,0,244,5,2764,31,3008,36,0,5,-2,69,7,156,1,7,5
09-26-20,Cocke,746,3,691,3,55,0,794,3,7633,73,8427,76,0,9,-1,23,4,714,0,40,10
09-26-20,Coffee,1244,26,1125,16,119,10,1485,35,18661,239,20146,274,0,13,15,234,11,997,1,40,15
09-26-20,Crockett,555,3,486,3,69,0,625,3,3651,53,4276,56,0,19,2,62,1,474,0,20,19
09-26-20,Cumberland,1209,10,1175,10,34,0,1472,11,22048,315,23520,326,0,18,6,106,4,1085,0,61,20
09-26-20,Davidson,27184,200,27018,200,166,0,34149,243,331279,6118,365428,6361,3,306,133,1004,64,25874,4,1102,316
09-26-20,Decatur,525,7,419,6,106,1,575,9,5730,46,6305,55,0,7,3,99,4,419,0,18,8
09-26-20,Dekalb,538,6,515,6,23,0,662,6,7937,52,8599,58,0,14,5,41,1,483,0,26,16
09-26-20,Dickson,1267,16,1142,12,125,4,1575,18,14051,196,15626,214,0,15,8,115,8,1137,0,58,18
09-26-20,Dyer,1395,23,1286,19,109,4,1500,25,10973,215,12473,240,0,14,4,173,19,1208,0,64,17
09-26-20,Fayette,1209,10,1170,10,39,0,1526,13,15406,270,16932,283,0,19,4,111,6,1079,0,82,22
09-26-20,Fentress,526,23,473,23,53,0,581,27,3884,69,4465,96,0,3,15,136,8,387,0,24,3
09-26-20,Franklin,993,14,959,14,34,0,1194,21,14986,228,16180,249,0,9,-4,138,18,846,1,48,9
09-26-20,Gibson,1705,56,1374,42,331,14,1872,60,14929,377,16801,437,1,23,40,273,15,1409,0,62,27
09-26-20,Giles,612,17,609,17,3,0,731,24,8689,192,9420,216,0,17,16,70,1,525,0,38,17
09-26-20,Grainger,374,5,344,4,30,1,423,5,5906,104,6329,109,0,3,4,46,1,325,0,20,3
09-26-20,Greene,1153,7,1090,7,63,0,1347,8,14930,209,16277,217,0,44,-1,92,8,1017,1,81,45
09-26-20,Grundy,311,15,286,11,25,4,359,18,2508,49,2867,67,0,5,8,104,7,202,0,29,7
09-26-20,Hamblen,1940,17,1798,13,142,4,2095,19,21266,385,23361,404,0,26,13,137,4,1777,2,109,33
09-26-20,Hamilton,9496,105,9223,101,273,4,10905,117,132702,1934,143607,2051,0,94,44,467,61,8935,5,401,98
09-26-20,Hancock,108,0,99,0,9,0,115,0,1915,39,2030,39,0,3,0,1,0,104,0,11,3
09-26-20,Hardeman,1601,8,1531,8,70,0,1842,9,13983,168,15825,177,0,26,5,99,3,1476,0,67,27
09-26-20,Hardin,1049,20,881,17,168,3,1167,18,12026,171,13193,189,0,16,13,128,7,905,0,29,16
09-26-20,Hawkins,818,11,793,10,25,1,927,14,9548,172,10475,186,0,18,11,86,0,714,0,60,22
09-26-20,Haywood,1005,19,950,15,55,4,1103,21,6441,92,7544,113,2,21,12,106,5,878,0,45,22
09-26-20,Henderson,1181,13,958,11,223,2,1441,14,8616,83,10057,97,0,24,4,108,9,1049,1,41,24
09-26-20,Henry,625,3,609,3,16,0,744,5,9509,73,10253,78,0,9,-2,47,5,569,0,39,9
09-26-20,Hickman,606,21,574,20,32,1,728,23,7237,113,7965,136,0,8,18,111,3,487,0,22,8
09-26-20,Houston,225,6,202,5,23,1,242,7,2116,31,2358,38,0,3,1,39,5,183,0,21,8
09-26-20,Humphreys,261,11,227,11,34,0,291,12,5401,102,5692,114,0,3,8,43,3,215,0,8,4
09-26-20,Jackson,326,3,288,3,38,0,367,4,2336,31,2703,35,0,5,1,33,2,288,0,17,5
09-26-20,Jefferson,1125,10,1004,9,121,1,1180,12,16289,219,17469,231,0,14,7,103,3,1008,0,57,14
09-26-20,Johnson,716,12,704,11,12,1,774,14,5693,84,6467,98,0,2,6,105,6,609,1,26,3
09-26-20,Knox,9720,124,9334,119,386,5,10508,133,127444,2096,137952,2229,4,79,9,820,111,8821,5,366,79
09-26-20,Lake,919,4,915,4,4,0,1125,4,6071,64,7196,68,0,2,4,55,0,862,0,8,2
09-26-20,Lauderdale,994,9,917,7,77,2,1090,10,10692,161,11782,171,0,16,4,85,5,893,1,45,16
09-26-20,Lawrence,1071,28,1057,28,14,0,1228,30,10286,134,11514,164,1,13,12,157,15,901,0,43,14
09-26-20,Lewis,204,3,203,3,1,0,225,5,4455,29,4680,34,0,1,1,38,2,165,1,13,1
09-26-20,Lincoln,626,4,615,4,11,0,750,6,7963,186,8713,192,0,1,0,62,4,563,0,19,1
09-26-20,Loudon,1180,19,1146,19,34,0,1302,20,12711,145,14013,165,0,6,13,120,6,1054,1,37,6
09-26-20,Macon,1065,10,1043,10,22,0,1297,11,7154,84,8451,95,1,21,5,66,4,978,1,81,22
09-26-20,Madison,2967,55,2274,26,693,29,3190,56,27016,413,30206,469,0,64,36,225,19,2678,2,187,74
09-26-20,Marion,542,5,535,5,7,0,648,7,5795,86,6443,93,0,8,0,55,5,479,0,40,8
09-26-20,Marshall,772,14,768,14,4,0,871,17,8944,172,9815,189,0,5,7,93,7,674,0,24,5
09-26-20,Maury,2384,47,2361,46,23,1,2740,50,25272,554,28012,604,1,24,25,263,21,2097,0,93,29
09-26-20,McMinn,1159,28,1145,28,14,0,1330,32,16365,384,17695,416,0,25,11,137,17,997,1,63,26
09-26-20,McNairy,896,17,733,14,163,3,1023,21,7122,139,8145,160,0,18,10,141,7,737,0,39,19
09-26-20,Meigs,226,1,222,1,4,0,259,1,3007,53,3266,54,0,3,0,12,1,211,0,11,3
09-26-20,Monroe,1046,14,1006,14,40,0,1176,20,10698,175,11874,195,0,18,8,81,6,947,1,70,20
09-26-20,Montgomery,3117,34,2981,31,136,3,3502,37,39728,584,43230,621,0,44,15,155,19,2918,1,124,47
09-26-20,Moore,180,4,166,4,14,0,207,4,2329,49,2536,53,0,1,3,36,1,143,0,5,1
09-26-20,Morgan,318,2,300,2,18,0,349,2,8096,108,8445,110,0,3,-2,27,4,288,0,9,4
09-26-20,Obion,1201,26,1166,25,35,1,1317,28,9668,189,10985,217,0,10,12,153,14,1038,1,50,14
09-26-20,Out of State,2254,34,2199,34,55,0,2565,41,271697,4653,274262,4694,1,27,14,182,19,2045,2,80,17
09-26-20,Overton,756,15,684,15,72,0,836,17,6980,117,7816,134,1,6,10,120,4,630,0,27,8
09-26-20,Pending,906,24,845,23,61,1,1042,28,174215,2651,175257,2679,1,5,15,131,8,770,0,13,1
09-26-20,Perry,153,3,134,1,19,2,167,3,3445,17,3612,20,0,0,2,18,1,135,0,7,0
09-26-20,Pickett,119,5,96,5,23,0,127,5,970,15,1097,20,0,2,3,28,2,89,0,5,2
09-26-20,Polk,406,8,397,8,9,0,464,10,3693,54,4157,64,0,10,8,27,0,369,0,19,12
09-26-20,Putnam,3319,38,3084,38,235,0,3986,44,29176,415,33162,459,0,40,6,465,32,2814,1,119,46
09-26-20,Rhea,848,17,843,16,5,1,1011,22,10411,162,11422,184,0,12,16,99,1,737,0,30,15
09-26-20,Roane,901,7,863,6,38,1,1051,11,17068,153,18119,164,0,4,-1,116,8,781,0,34,6
09-26-20,Robertson,2235,12,2208,12,27,0,2703,17,16981,357,19684,374,0,35,3,92,9,2108,0,164,36
09-26-20,Rutherford,9420,85,9340,84,80,1,11490,95,82059,1215,93549,1310,0,89,23,496,62,8835,0,273,96
09-26-20,Scott,218,3,206,2,12,1,236,4,4225,81,4461,85,0,2,-2,23,5,193,0,17,2
09-26-20,Sequatchie,237,6,235,6,2,0,269,6,4828,46,5097,52,0,2,5,32,1,203,0,10,1
09-26-20,Sevier,2630,7,2553,7,77,0,2925,15,25142,242,28067,257,0,15,-2,160,9,2455,0,95,18
09-26-20,Shelby,31304,258,30939,248,365,10,38802,321,367677,5234,406479,5555,3,458,159,1581,96,29265,9,2175,523
09-26-20,Smith,740,11,711,11,29,0,920,11,5514,69,6434,80,0,11,5,73,6,656,0,31,11
09-26-20,Stewart,216,11,200,11,16,0,247,11,2867,79,3114,90,0,2,6,77,5,137,0,6,4
09-26-20,Sullivan,2190,30,2060,30,130,0,2352,35,29644,734,31996,769,0,33,22,179,8,1978,0,173,32
09-26-20,Sumner,4906,52,4868,51,38,1,5840,60,44046,1249,49886,1309,1,98,30,259,21,4549,1,396,104
09-26-20,Tipton,1842,18,1708,16,134,2,2187,20,20870,294,23057,314,0,19,10,151,8,1672,0,91,22
09-26-20,Trousdale,1659,5,1654,5,5,0,1739,5,4981,73,6720,78,0,7,3,16,2,1636,0,25,7
09-26-20,Unicoi,288,2,283,2,5,0,333,2,5974,61,6307,63,0,1,0,24,2,263,0,13,1
09-26-20,Union,365,10,338,10,27,0,384,11,4605,107,4989,118,0,1,3,60,7,304,1,12,2
09-26-20,Van Buren,165,1,150,1,15,0,183,1,1904,18,2087,19,0,0,-1,28,2,137,0,8,0
09-26-20,Warren,1078,13,987,12,91,1,1210,15,12878,112,14088,127,0,7,10,81,3,990,0,16,8
09-26-20,Washington,2316,27,2260,26,56,1,2637,35,29448,645,32085,680,1,36,2,227,24,2053,0,109,36
09-26-20,Wayne,1502,4,1490,4,12,0,1636,7,5907,41,7543,48,0,5,3,36,1,1461,0,21,7
09-26-20,Weakley,1222,12,1135,10,87,2,1342,13,10870,249,12212,262,0,19,1,139,11,1064,0,33,20
09-26-20,White,837,9,766,8,71,1,1043,13,9476,177,10519,190,0,9,2,100,7,728,3,46,10
09-26-20,Williamson,5294,67,5220,67,74,0,6223,72,65740,1263,71963,1335,0,36,44,311,23,4947,5,126,39
09-26-20,Wilson,3504,39,3472,37,32,2,4161,45,36987,424,41148,469,1,45,19,243,19,3216,1,121,47
09-25-20,Anderson,1185,14,1148,13,37,1,1354,13,24740,238,26094,251,1,13,-2,108,15,1064,0,44,13
09-25-20,Bedford,1331,13,1274,13,57,0,1588,16,12506,178,14094,194,0,17,5,68,8,1246,1,54,18
09-25-20,Benton,341,2,326,2,15,0,368,2,4234,63,4602,65,0,9,-4,9,6,323,0,17,8
09-25-20,Bledsoe,854,3,849,3,5,0,896,2,7463,39,8359,41,0,4,0,14,3,836,0,19,4
09-25-20,Blount,2517,20,2464,20,53,0,2916,23,27655,291,30571,314,1,24,9,144,10,2349,0,113,28
09-25-20,Bradley,2948,11,2858,11,90,0,3475,12,24703,87,28178,99,0,17,-5,132,16,2799,0,166,19
09-25-20,Campbell,448,10,417,9,31,1,488,10,10577,108,11065,118,0,4,4,40,6,404,0,23,4
09-25-20,Cannon,289,1,275,1,14,0,343,1,3860,18,4203,19,0,0,-3,27,4,262,0,9,0
09-25-20,Carroll,873,11,748,9,125,2,936,12,9860,138,10796,150,1,20,0,97,10,756,0,48,19
09-25-20,Carter,1162,9,1110,9,52,0,1272,11,14877,91,16149,102,0,28,-2,80,11,1054,1,85,28
09-25-20,Cheatham,807,1,799,1,8,0,976,1,10511,201,11487,202,0,10,-8,37,9,760,0,29,10
09-25-20,Chester,626,8,513,7,113,1,693,8,5103,117,5796,125,0,10,-3,77,11,539,1,21,12
09-25-20,Claiborne,441,2,403,0,38,2,494,3,10248,107,10742,110,0,5,1,28,1,408,0,20,5
09-25-20,Clay,225,3,198,3,27,0,239,3,2733,15,2972,18,0,5,0,71,3,149,0,6,5
09-25-20,Cocke,743,2,688,1,55,1,791,2,7560,50,8351,52,0,9,1,24,1,710,0,40,10
09-25-20,Coffee,1218,15,1109,14,109,1,1450,25,18422,237,19872,262,0,13,-12,219,27,986,1,39,15
09-25-20,Crockett,552,3,483,3,69,0,622,5,3598,41,4220,46,0,19,1,60,2,473,0,20,19
09-25-20,Cumberland,1199,6,1165,6,34,0,1461,6,21733,219,23194,225,0,18,-6,100,12,1081,1,61,20
09-25-20,Davidson,26984,86,26818,84,166,2,33906,106,325161,3462,359067,3568,5,303,-8,871,89,25810,2,1098,314
09-25-20,Decatur,518,3,413,3,105,0,566,7,5684,173,6250,180,0,7,-4,96,7,415,0,18,8
09-25-20,Dekalb,532,5,509,4,23,1,656,6,7885,40,8541,46,1,14,3,36,1,482,0,26,16
09-25-20,Dickson,1251,9,1130,8,121,1,1557,11,13855,105,15412,116,0,15,-1,107,10,1129,0,58,18
09-25-20,Dyer,1372,24,1267,19,105,5,1475,26,10758,174,12233,200,1,14,-2,169,25,1189,0,64,16
09-25-20,Fayette,1199,3,1160,3,39,0,1513,6,15136,75,16649,81,1,19,-8,107,10,1073,0,82,21
09-25-20,Fentress,503,20,450,20,53,0,554,21,3815,42,4369,63,0,3,9,121,11,379,0,24,3
09-25-20,Franklin,979,8,945,7,34,1,1173,14,14758,141,15931,155,1,9,-10,142,17,828,0,47,9
09-25-20,Gibson,1649,17,1332,16,317,1,1812,21,14552,130,16364,151,0,22,-3,233,20,1394,1,62,27
09-25-20,Giles,595,5,592,5,3,0,707,4,8497,52,9204,56,0,17,-1,54,6,524,0,38,17
09-25-20,Grainger,369,1,340,1,29,0,418,4,5802,91,6220,95,0,3,0,42,1,324,0,20,3
09-25-20,Greene,1146,10,1083,10,63,0,1339,13,14721,265,16060,278,1,44,3,93,6,1009,1,80,45
09-25-20,Grundy,296,4,275,4,21,0,341,4,2459,35,2800,39,0,5,-2,96,6,195,0,29,7
09-25-20,Hamblen,1923,12,1785,8,138,4,2076,15,20881,398,22957,413,1,26,6,124,5,1773,2,107,32
09-25-20,Hamilton,9391,67,9122,59,269,8,10788,69,130768,1214,141556,1283,3,94,-12,423,76,8874,3,396,97
09-25-20,Hancock,108,0,99,0,9,0,115,0,1876,10,1991,10,0,3,0,1,0,104,0,11,3
09-25-20,Hardeman,1593,13,1523,12,70,1,1833,14,13815,92,15648,106,0,26,4,94,9,1473,0,67,27
09-25-20,Hardin,1029,13,864,11,165,2,1149,20,11855,163,13004,183,0,16,5,115,8,898,0,29,16
09-25-20,Hawkins,807,14,783,11,24,3,913,9,9376,121,10289,130,2,18,7,75,5,714,0,60,20
09-25-20,Haywood,986,8,935,8,51,0,1082,9,6349,181,7431,190,1,19,4,94,3,873,0,45,22
09-25-20,Henderson,1168,7,947,6,221,1,1427,6,8533,176,9960,182,2,24,-9,104,14,1040,1,40,23
09-25-20,Henry,622,9,606,9,16,0,739,8,9436,92,10175,100,0,9,2,49,7,564,1,39,9
09-25-20,Hickman,585,4,554,4,31,0,705,5,7124,79,7829,84,3,8,-4,93,5,484,0,22,8
09-25-20,Houston,219,4,197,4,22,0,235,5,2085,39,2320,44,0,3,-14,38,18,178,0,21,8
09-25-20,Humphreys,250,4,216,4,34,0,279,4,5299,78,5578,82,0,3,-5,35,9,212,1,8,4
09-25-20,Jackson,323,5,285,4,38,1,363,5,2305,10,2668,15,0,5,1,32,4,286,0,17,5
09-25-20,Jefferson,1115,6,995,6,120,0,1168,16,16070,247,17238,263,0,14,-4,96,10,1005,0,57,14
09-25-20,Johnson,704,23,693,23,11,0,760,25,5609,74,6369,99,0,2,9,99,14,603,1,25,2
09-25-20,Knox,9596,99,9215,98,381,1,10375,101,125348,1470,135723,1571,0,75,-2,811,101,8710,1,361,79
09-25-20,Lake,915,3,911,3,4,0,1121,4,6007,39,7128,43,0,2,2,51,1,862,0,8,2
09-25-20,Lauderdale,985,8,910,6,75,2,1080,13,10531,77,11611,90,1,16,-2,81,9,888,0,44,16
09-25-20,Lawrence,1043,13,1029,13,14,0,1198,14,10152,73,11350,87,1,12,3,145,9,886,0,43,14
09-25-20,Lewis,201,7,200,7,1,0,220,7,4426,92,4646,99,0,1,6,37,1,163,0,12,1
09-25-20,Lincoln,622,9,611,9,11,0,744,10,7777,110,8521,120,0,1,1,62,8,559,0,19,1
09-25-20,Loudon,1161,12,1127,12,34,0,1282,13,12566,102,13848,115,0,6,5,107,7,1048,0,36,6
09-25-20,Macon,1055,9,1033,4,22,5,1286,9,7070,50,8356,59,0,20,4,61,5,974,0,80,22
09-25-20,Madison,2912,33,2248,17,664,16,3134,31,26603,451,29737,482,3,64,-21,189,51,2659,0,185,73
09-25-20,Marion,537,3,530,3,7,0,641,4,5709,45,6350,49,1,8,-9,55,11,474,0,40,8
09-25-20,Marshall,758,7,754,7,4,0,854,6,8772,54,9626,60,0,5,-5,86,12,667,0,24,5
09-25-20,Maury,2337,11,2315,11,22,0,2690,9,24718,292,27408,301,0,23,-4,238,15,2076,0,93,28
09-25-20,McMinn,1131,7,1117,7,14,0,1298,11,15981,109,17279,120,0,25,-5,126,12,980,1,62,26
09-25-20,McNairy,879,14,719,11,160,3,1002,18,6983,174,7985,192,0,18,0,131,14,730,1,39,19
09-25-20,Meigs,225,0,221,0,4,0,258,0,2954,36,3212,36,0,3,-3,12,3,210,0,11,3
09-25-20,Monroe,1032,7,992,7,40,0,1156,6,10523,138,11679,144,1,18,-1,73,7,941,0,69,20
09-25-20,Montgomery,3083,23,2950,20,133,3,3465,23,39144,316,42609,339,0,44,1,140,22,2899,0,123,47
09-25-20,Moore,176,5,162,5,14,0,203,7,2280,72,2483,79,0,1,3,33,2,142,0,5,1
09-25-20,Morgan,316,2,298,2,18,0,347,2,7988,84,8335,86,0,3,1,29,1,284,0,9,4
09-25-20,Obion,1175,18,1141,18,34,0,1289,19,9479,96,10768,115,1,10,-1,141,18,1024,2,49,13
09-25-20,Out of State,2220,15,2165,14,55,1,2524,19,267044,2093,269568,2112,3,26,-7,168,19,2026,0,78,16
09-25-20,Overton,741,8,669,8,72,0,819,10,6863,110,7682,120,0,5,-2,110,10,626,1,27,7
09-25-20,Pending,882,19,822,15,60,4,1014,19,171564,1320,172578,1339,-1,4,11,116,9,762,1,13,1
09-25-20,Perry,150,0,133,0,17,0,164,0,3428,27,3592,27,0,0,0,16,0,134,0,7,0
09-25-20,Pickett,114,2,91,2,23,0,122,2,955,14,1077,16,0,2,1,25,1,87,0,5,2
09-25-20,Polk,398,5,389,5,9,0,454,4,3639,18,4093,22,0,10,5,19,0,369,0,19,12
09-25-20,Putnam,3281,40,3046,36,235,4,3942,46,28761,261,32703,307,1,40,-15,459,54,2782,0,118,45
09-25-20,Rhea,831,12,827,12,4,0,989,10,10249,70,11238,80,0,12,8,83,4,736,1,30,15
09-25-20,Roane,894,14,857,14,37,0,1040,15,16915,145,17955,160,0,4,-2,117,16,773,0,34,5
09-25-20,Robertson,2223,11,2196,11,27,0,2686,8,16624,177,19310,185,0,35,5,89,6,2099,1,164,36
09-25-20,Rutherford,9335,54,9256,52,79,2,11395,62,80844,881,92239,943,1,89,1,473,52,8773,5,273,93
09-25-20,Scott,215,4,204,4,11,0,232,4,4144,45,4376,49,0,2,0,25,4,188,0,17,2
09-25-20,Sequatchie,231,3,229,3,2,0,263,3,4782,37,5045,40,-1,2,-2,27,6,202,0,10,1
09-25-20,Sevier,2623,35,2546,34,77,1,2910,30,24900,150,27810,180,0,15,19,162,16,2446,3,95,18
09-25-20,Shelby,31046,121,30691,115,355,6,38481,150,362443,2674,400924,2824,3,455,-58,1422,176,29169,7,2166,522
09-25-20,Smith,729,8,700,8,29,0,909,10,5445,45,6354,55,1,11,-2,68,9,650,0,31,11
09-25-20,Stewart,205,7,189,7,16,0,236,8,2788,24,3024,32,0,2,4,71,3,132,0,6,4
09-25-20,Sullivan,2160,10,2030,9,130,1,2317,15,28910,267,31227,282,0,33,-5,157,15,1970,2,173,32
09-25-20,Sumner,4854,26,4817,25,37,1,5780,28,42797,361,48577,389,1,97,-3,229,28,4528,0,395,104
09-25-20,Tipton,1824,20,1692,17,132,3,2167,21,20576,217,22743,238,1,19,11,141,8,1664,1,91,22
09-25-20,Trousdale,1654,3,1649,3,5,0,1734,3,4908,30,6642,33,0,7,2,13,1,1634,0,25,7
09-25-20,Unicoi,286,3,281,3,5,0,331,4,5913,47,6244,51,0,1,1,24,2,261,0,13,1
09-25-20,Union,355,6,328,6,27,0,373,6,4498,156,4871,162,0,1,-6,57,12,297,0,11,1
09-25-20,Van Buren,164,2,149,2,15,0,182,2,1886,7,2068,9,0,0,2,29,0,135,1,8,0
09-25-20,Warren,1065,11,975,9,90,2,1195,12,12766,119,13961,131,0,7,4,71,7,987,0,16,8
09-25-20,Washington,2289,23,2234,23,55,0,2602,24,28803,236,31405,260,0,35,-1,225,24,2029,1,109,36
09-25-20,Wayne,1498,1,1486,1,12,0,1629,1,5866,41,7495,42,0,5,-3,33,4,1460,0,21,7
09-25-20,Weakley,1210,17,1125,15,85,2,1329,16,10621,177,11950,193,0,19,7,138,10,1053,0,33,20
09-25-20,White,828,9,758,8,70,1,1030,12,9299,167,10329,179,0,9,-8,98,17,721,1,43,10
09-25-20,Williamson,5227,27,5153,26,74,1,6151,31,64477,558,70628,589,0,36,-7,267,34,4924,0,121,38
09-25-20,Wilson,3465,21,3435,21,30,0,4116,28,36563,288,40679,316,0,44,6,224,15,3197,0,120,47
09-24-20,Anderson,1171,13,1135,13,36,0,1341,14,24502,332,25843,346,1,12,0,110,12,1049,0,44,13
09-24-20,Bedford,1318,4,1261,3,57,1,1572,6,12328,69,13900,75,0,17,-3,63,7,1238,0,53,18
09-24-20,Benton,339,0,324,0,15,0,366,0,4171,65,4537,65,0,9,-4,13,4,317,0,17,8
09-24-20,Bledsoe,851,2,846,2,5,0,894,2,7424,33,8318,35,0,4,-2,14,4,833,0,19,4
09-24-20,Blount,2497,17,2444,17,53,0,2893,13,27364,333,30257,346,0,23,-3,135,20,2339,0,113,28
09-24-20,Bradley,2937,17,2847,16,90,1,3463,13,24616,169,28079,182,0,17,-3,137,20,2783,2,166,19
09-24-20,Campbell,438,4,408,4,30,0,478,2,10469,79,10947,81,1,4,-3,36,6,398,0,23,4
09-24-20,Cannon,288,1,274,1,14,0,342,2,3842,68,4184,70,0,0,-5,30,6,258,0,9,0
09-24-20,Carroll,862,14,739,14,123,0,924,15,9722,159,10646,174,1,19,5,97,8,746,0,48,19
09-24-20,Carter,1153,7,1101,7,52,0,1261,6,14786,86,16047,92,0,28,0,82,7,1043,0,84,28
09-24-20,Cheatham,806,3,798,3,8,0,975,3,10310,87,11285,90,0,10,3,45,0,751,0,29,10
09-24-20,Chester,618,11,506,9,112,2,685,11,4986,32,5671,43,0,10,-5,80,16,528,0,20,12
09-24-20,Claiborne,439,0,403,0,36,0,491,0,10141,86,10632,86,1,5,-5,27,4,407,0,20,5
09-24-20,Clay,222,5,195,4,27,1,236,6,2718,60,2954,66,0,5,0,71,5,146,0,6,5
09-24-20,Cocke,741,1,687,1,54,0,789,1,7510,34,8299,35,0,9,-5,23,6,709,0,40,10
09-24-20,Coffee,1203,40,1095,37,108,3,1425,40,18185,500,19610,540,1,13,11,231,28,959,2,38,15
09-24-20,Crockett,549,5,480,3,69,2,617,4,3557,46,4174,50,0,19,1,59,4,471,0,20,19
09-24-20,Cumberland,1193,15,1159,12,34,3,1455,19,21514,238,22969,257,0,18,0,106,15,1069,1,60,20
09-24-20,Davidson,26898,78,26734,74,164,4,33800,89,321699,3237,355499,3326,1,298,-7,879,84,25721,1,1096,310
09-24-20,Decatur,515,14,410,13,105,1,559,12,5511,100,6070,112,1,7,5,100,8,408,2,18,8
09-24-20,Dekalb,527,7,505,5,22,2,650,7,7845,133,8495,140,0,13,5,33,2,481,0,26,16
09-24-20,Dickson,1242,7,1122,6,120,1,1546,6,13750,116,15296,122,1,15,-2,108,8,1119,1,58,18
09-24-20,Dyer,1348,17,1248,13,100,4,1449,17,10584,197,12033,214,0,13,5,171,12,1164,1,64,16
09-24-20,Fayette,1196,12,1157,12,39,0,1507,13,15061,117,16568,130,0,18,0,115,12,1063,0,82,21
09-24-20,Fentress,483,17,430,16,53,1,533,17,3773,66,4306,83,0,3,5,112,12,368,1,24,3
09-24-20,Franklin,971,11,938,9,33,2,1159,14,14617,162,15776,176,0,8,-16,152,27,811,1,47,9
09-24-20,Gibson,1632,26,1316,21,316,5,1791,30,14422,347,16213,377,2,22,0,236,24,1374,2,61,27
09-24-20,Giles,590,9,587,9,3,0,703,7,8445,74,9148,81,0,17,-3,55,12,518,0,38,17
09-24-20,Grainger,368,6,339,6,29,0,414,5,5711,67,6125,72,0,3,0,42,6,323,0,20,3
09-24-20,Greene,1136,10,1073,10,63,0,1326,9,14456,165,15782,174,4,43,-3,90,9,1003,0,79,45
09-24-20,Grundy,292,15,271,14,21,1,337,18,2424,43,2761,61,0,5,11,98,4,189,0,29,6
09-24-20,Hamblen,1911,10,1777,10,134,0,2061,11,20483,182,22544,193,0,25,0,118,10,1768,0,105,30
09-24-20,Hamilton,9324,55,9063,49,261,6,10719,64,129554,1299,140273,1363,-1,91,-19,435,75,8798,3,393,97
09-24-20,Hancock,108,0,99,0,9,0,115,0,1866,23,1981,23,0,3,-1,1,1,104,0,11,3
09-24-20,Hardeman,1580,4,1511,4,69,0,1819,3,13723,35,15542,38,1,26,-6,90,9,1464,1,67,27
09-24-20,Hardin,1016,12,853,5,163,7,1129,15,11692,59,12821,74,1,16,0,110,11,890,0,29,16
09-24-20,Hawkins,793,9,772,8,21,1,904,8,9255,111,10159,119,0,16,5,68,4,709,2,60,20
09-24-20,Haywood,978,9,927,8,51,1,1073,12,6168,67,7241,79,2,18,-5,90,12,870,0,45,20
09-24-20,Henderson,1161,13,941,7,220,6,1421,9,8357,73,9778,82,1,22,3,113,9,1026,0,39,23
09-24-20,Henry,613,2,597,2,16,0,731,2,9344,94,10075,96,0,9,-3,47,5,557,0,38,9
09-24-20,Hickman,581,9,550,9,31,0,700,9,7045,88,7745,97,0,5,2,97,7,479,0,22,8
09-24-20,Houston,215,7,193,7,22,0,230,7,2046,23,2276,30,2,3,-6,52,11,160,2,21,8
09-24-20,Humphreys,246,0,212,0,34,0,275,0,5221,31,5496,31,0,3,-2,40,2,203,0,7,4
09-24-20,Jackson,318,2,281,1,37,1,358,7,2295,28,2653,35,0,5,0,31,2,282,0,17,5
09-24-20,Jefferson,1109,20,989,18,120,2,1152,17,15823,92,16975,109,0,14,9,100,11,995,0,57,14
09-24-20,Johnson,681,8,670,8,11,0,735,5,5535,39,6270,44,0,2,4,90,4,589,1,24,2
09-24-20,Knox,9497,87,9117,84,380,3,10274,100,123878,1745,134152,1845,0,75,-49,813,136,8609,3,360,76
09-24-20,Lake,912,1,908,1,4,0,1117,1,5968,16,7085,17,0,2,-4,49,5,861,0,8,2
09-24-20,Lauderdale,977,20,904,11,73,9,1067,21,10454,167,11521,188,0,15,12,83,8,879,0,44,16
09-24-20,Lawrence,1030,13,1016,13,14,0,1184,13,10079,77,11263,90,0,11,0,142,13,877,0,43,14
09-24-20,Lewis,194,7,193,7,1,0,213,7,4334,38,4547,45,0,1,5,31,2,162,1,12,1
09-24-20,Lincoln,613,9,602,8,11,1,734,9,7667,46,8401,55,0,1,-5,61,14,551,0,19,1
09-24-20,Loudon,1149,17,1115,17,34,0,1269,15,12464,276,13733,291,0,6,6,102,11,1041,0,36,6
09-24-20,Macon,1046,8,1029,6,17,2,1277,8,7020,87,8297,95,0,20,5,57,3,969,2,80,22
09-24-20,Madison,2879,36,2231,14,648,22,3103,37,26152,420,29255,457,1,61,9,210,26,2608,3,185,73
09-24-20,Marion,534,7,527,7,7,0,637,6,5664,53,6301,59,0,7,-4,64,11,463,2,40,8
09-24-20,Marshall,751,10,747,10,4,0,848,10,8718,64,9566,74,0,5,-2,91,12,655,0,24,5
09-24-20,Maury,2326,23,2304,23,22,0,2681,24,24426,361,27107,385,0,23,3,242,20,2061,0,93,26
09-24-20,McMinn,1124,15,1110,15,14,0,1287,13,15872,138,17159,151,1,25,-2,131,16,968,2,61,26
09-24-20,McNairy,865,29,708,22,157,7,984,34,6809,144,7793,178,0,18,17,131,12,716,1,38,19
09-24-20,Meigs,225,2,221,2,4,0,258,2,2918,25,3176,27,0,3,-4,15,6,207,0,11,3
09-24-20,Monroe,1025,12,985,12,40,0,1150,13,10385,167,11535,180,0,17,7,74,5,934,2,69,20
09-24-20,Montgomery,3060,19,2930,16,130,3,3442,20,38828,350,42270,370,1,44,-17,139,35,2877,0,123,47
09-24-20,Moore,171,4,157,3,14,1,196,3,2208,47,2404,50,0,1,-3,30,7,140,1,5,1
09-24-20,Morgan,314,3,296,3,18,0,345,3,7904,29,8249,32,0,3,0,28,3,283,0,9,4
09-24-20,Obion,1157,9,1123,6,34,3,1270,11,9383,139,10653,150,0,9,-3,142,12,1006,0,47,13
09-24-20,Out of State,2205,14,2151,14,54,0,2505,14,264951,2457,267456,2471,0,23,-1,175,15,2007,1,78,16
09-24-20,Overton,733,20,661,18,72,2,809,19,6753,72,7562,91,0,5,-5,112,25,616,1,26,6
09-24-20,Pending,863,15,807,13,56,2,995,16,170244,1644,171239,1660,-1,5,3,105,13,753,0,12,1
09-24-20,Perry,150,1,133,1,17,0,164,1,3401,18,3565,19,0,0,-1,16,2,134,0,7,0
09-24-20,Pickett,112,6,89,6,23,0,120,6,941,6,1061,12,0,2,6,24,0,86,0,5,2
09-24-20,Polk,393,5,384,5,9,0,450,3,3621,26,4071,29,0,10,5,14,0,369,0,19,12
09-24-20,Putnam,3241,44,3010,27,231,17,3896,51,28500,386,32396,437,1,39,0,474,43,2728,1,118,45
09-24-20,Rhea,819,17,815,17,4,0,979,19,10179,62,11158,81,1,12,10,75,6,732,0,29,15
09-24-20,Roane,880,7,843,7,37,0,1025,11,16770,132,17795,143,1,4,0,119,6,757,0,34,4
09-24-20,Robertson,2212,6,2185,6,27,0,2678,6,16447,108,19125,114,0,35,-12,84,18,2093,1,163,36
09-24-20,Rutherford,9281,65,9204,61,77,4,11333,69,79963,951,91296,1020,0,88,-3,472,68,8721,2,268,93
09-24-20,Scott,211,3,200,3,11,0,228,4,4099,33,4327,37,0,2,2,25,1,184,0,17,2
09-24-20,Sequatchie,228,2,226,2,2,0,260,2,4745,43,5005,45,1,3,1,29,0,196,0,10,1
09-24-20,Sevier,2588,27,2512,27,76,0,2880,26,24750,202,27630,228,0,15,8,143,19,2430,0,92,18
09-24-20,Shelby,30925,62,30576,58,349,4,38331,101,359769,2660,398100,2761,3,452,-70,1480,129,28993,1,2159,519
09-24-20,Smith,721,11,692,8,29,3,899,13,5400,102,6299,115,0,10,2,70,9,641,0,31,11
09-24-20,Stewart,198,12,182,11,16,1,228,12,2764,43,2992,55,0,2,7,67,5,129,0,6,3
09-24-20,Sullivan,2150,30,2021,25,129,5,2302,25,28643,329,30945,354,1,33,11,162,18,1955,1,171,32
09-24-20,Sumner,4828,24,4792,24,36,0,5752,26,42436,413,48188,439,3,96,-3,232,24,4500,1,395,103
09-24-20,Tipton,1804,22,1675,14,129,8,2146,26,20359,300,22505,326,1,18,0,130,21,1656,0,90,22
09-24-20,Trousdale,1651,1,1646,1,5,0,1731,1,4878,36,6609,37,0,7,1,11,0,1633,0,25,7
09-24-20,Unicoi,283,0,278,0,5,0,327,1,5866,49,6193,50,0,1,-2,23,2,259,0,13,1
09-24-20,Union,349,3,322,3,27,0,367,3,4342,35,4709,38,0,1,-4,63,7,285,0,11,1
09-24-20,Van Buren,162,3,147,3,15,0,180,3,1879,48,2059,51,0,0,2,27,1,135,0,7,0
09-24-20,Warren,1054,15,966,14,88,1,1183,15,12647,206,13830,221,0,7,4,67,11,980,0,16,8
09-24-20,Washington,2266,29,2211,29,55,0,2578,27,28567,321,31145,348,1,35,5,226,23,2005,1,108,36
09-24-20,Wayne,1497,5,1485,5,12,0,1628,5,5825,29,7453,34,-1,5,2,36,4,1456,1,21,7
09-24-20,Weakley,1193,8,1110,7,83,1,1313,13,10444,168,11757,181,0,19,1,131,7,1043,0,33,20
09-24-20,White,819,13,750,7,69,6,1018,15,9132,195,10150,210,0,9,-1,106,14,704,0,42,10
09-24-20,Williamson,5200,28,5127,24,73,4,6120,32,63919,385,70039,417,0,36,-10,274,38,4890,0,121,37
09-24-20,Wilson,3444,23,3414,21,30,2,4088,27,36275,297,40363,324,1,44,4,218,18,3182,0,120,46
09-23-20,Anderson,1158,0,1122,0,36,0,1327,0,24170,37,25497,37,0,11,-13,110,13,1037,0,44,13
09-23-20,Bedford,1314,3,1258,3,56,0,1566,3,12259,35,13825,38,0,17,-5,66,8,1231,0,53,18
09-23-20,Benton,339,0,324,0,15,0,366,0,4106,15,4472,15,0,9,-3,17,3,313,0,17,8
09-23-20,Bledsoe,849,3,844,3,5,0,892,3,7391,16,8283,19,0,4,-2,16,5,829,0,19,4
09-23-20,Blount,2480,8,2427,8,53,0,2880,7,27031,57,29911,64,0,23,-9,138,17,2319,0,113,27
09-23-20,Bradley,2920,13,2831,12,89,1,3450,13,24447,121,27897,134,0,17,-4,140,17,2763,0,164,19
09-23-20,Campbell,434,5,404,5,30,0,476,6,10390,37,10866,43,0,3,1,39,4,392,2,23,4
09-23-20,Cannon,287,0,273,0,14,0,340,0,3774,52,4114,52,0,0,-1,35,1,252,0,9,0
09-23-20,Carroll,848,9,725,7,123,2,909,8,9563,37,10472,45,0,18,-4,92,13,738,0,48,19
09-23-20,Carter,1146,7,1094,7,52,0,1255,9,14700,77,15955,86,0,28,-6,82,13,1036,0,84,28
09-23-20,Cheatham,803,3,795,3,8,0,972,3,10223,19,11195,22,0,10,-2,42,5,751,0,29,10
09-23-20,Chester,607,5,497,4,110,1,674,5,4954,15,5628,20,1,10,-5,85,9,512,0,20,12
09-23-20,Claiborne,439,2,403,2,36,0,491,1,10055,19,10546,20,0,4,-1,32,3,403,0,20,5
09-23-20,Clay,217,2,191,2,26,0,230,2,2658,37,2888,39,0,5,-1,71,3,141,0,6,5
09-23-20,Cocke,740,3,686,2,54,1,788,2,7476,17,8264,19,0,9,-3,28,6,703,0,40,10
09-23-20,Coffee,1163,11,1058,10,105,1,1385,12,17685,56,19070,68,0,12,-12,220,23,931,0,36,14
09-23-20,Crockett,544,2,477,0,67,2,613,2,3511,11,4124,13,0,19,-7,58,9,467,0,20,19
09-23-20,Cumberland,1178,5,1147,2,31,3,1436,5,21276,22,22712,27,0,18,-13,106,18,1054,1,59,20
09-23-20,Davidson,26820,57,26660,55,160,2,33711,71,318462,1321,352173,1392,3,297,-52,886,106,25637,1,1095,309
09-23-20,Decatur,501,6,397,5,104,1,547,7,5411,10,5958,17,0,6,-5,95,11,400,0,16,8
09-23-20,Dekalb,520,3,500,2,20,1,643,3,7712,25,8355,28,0,13,1,28,2,479,1,26,16
09-23-20,Dickson,1235,6,1116,6,119,0,1540,5,13634,55,15174,60,0,14,-6,110,12,1111,0,57,18
09-23-20,Dyer,1331,11,1235,10,96,1,1432,11,10387,65,11819,76,1,13,-12,166,22,1152,0,63,15
09-23-20,Fayette,1184,3,1145,2,39,1,1494,4,14944,42,16438,46,0,18,-19,115,22,1051,1,82,21
09-23-20,Fentress,466,4,414,3,52,1,516,4,3707,7,4223,11,0,3,-3,107,7,356,0,23,3
09-23-20,Franklin,960,6,929,6,31,0,1145,5,14455,16,15600,21,1,8,-26,168,31,784,1,46,9
09-23-20,Gibson,1606,24,1295,22,311,2,1761,24,14075,80,15836,104,0,20,1,236,23,1350,0,59,26
09-23-20,Giles,581,3,578,3,3,0,696,4,8371,42,9067,46,0,17,-3,58,6,506,0,38,17
09-23-20,Grainger,362,4,333,3,29,1,409,4,5644,15,6053,19,0,3,-3,42,7,317,0,20,3
09-23-20,Greene,1126,14,1063,14,63,0,1317,16,14291,64,15608,80,2,39,-3,93,15,994,1,79,45
09-23-20,Grundy,277,9,257,9,20,0,319,12,2381,22,2700,34,0,5,7,87,2,185,0,29,6
09-23-20,Hamblen,1901,17,1767,1,134,16,2050,12,20301,27,22351,39,0,25,3,118,14,1758,1,105,29
09-23-20,Hamilton,9269,33,9014,29,255,4,10655,30,128255,161,138910,191,3,92,-32,454,62,8723,0,390,97
09-23-20,Hancock,108,0,99,0,9,0,115,0,1843,7,1958,7,0,3,0,2,0,103,0,11,3
09-23-20,Hardeman,1576,2,1507,1,69,1,1816,2,13688,26,15504,28,0,25,-7,96,9,1455,0,66,27
09-23-20,Hardin,1004,6,848,6,156,0,1114,6,11633,130,12747,136,1,15,-5,110,10,879,1,29,16
09-23-20,Hawkins,784,6,764,6,20,0,896,5,9144,23,10040,28,0,16,4,63,2,705,1,58,20
09-23-20,Haywood,969,16,919,15,50,1,1061,15,6101,26,7162,41,0,16,10,95,6,858,0,45,20
09-23-20,Henderson,1148,4,934,2,214,2,1412,7,8284,22,9696,29,1,21,-6,110,9,1017,0,39,22
09-23-20,Henry,611,2,595,2,16,0,729,3,9250,23,9979,26,0,9,-6,50,8,552,0,38,9
09-23-20,Hickman,572,5,541,5,31,0,691,5,6957,24,7648,29,0,5,-3,95,8,472,1,22,7
09-23-20,Houston,208,9,186,3,22,6,223,8,2023,3,2246,11,0,1,5,58,4,149,0,19,7
09-23-20,Humphreys,246,5,212,5,34,0,275,6,5190,21,5465,27,0,3,0,42,5,201,0,7,4
09-23-20,Jackson,316,3,280,0,36,3,351,2,2267,7,2618,9,0,5,-4,31,7,280,0,17,5
09-23-20,Jefferson,1089,3,971,1,118,2,1135,1,15731,15,16866,16,0,14,-16,91,19,984,1,57,14
09-23-20,Johnson,673,20,662,20,11,0,730,22,5496,66,6226,88,0,2,16,86,4,585,0,23,2
09-23-20,Knox,9410,51,9033,50,377,1,10174,45,122133,418,132307,463,2,75,-115,862,164,8473,2,357,76
09-23-20,Lake,911,1,907,1,4,0,1116,1,5952,18,7068,19,0,2,1,53,0,856,0,8,2
09-23-20,Lauderdale,957,3,893,3,64,0,1046,2,10287,40,11333,42,0,15,-3,71,6,871,0,44,16
09-23-20,Lawrence,1017,20,1003,20,14,0,1171,20,10002,63,11173,83,0,11,10,142,10,864,1,43,14
09-23-20,Lewis,187,5,186,5,1,0,206,6,4296,22,4502,28,0,1,4,26,1,160,0,11,1
09-23-20,Lincoln,604,4,594,1,10,3,725,3,7621,8,8346,11,0,1,0,66,4,537,0,19,1
09-23-20,Loudon,1132,6,1098,5,34,1,1254,5,12188,27,13442,32,0,6,-3,96,9,1030,0,36,6
09-23-20,Macon,1038,1,1023,0,15,1,1269,1,6933,44,8202,45,0,20,-1,52,2,966,0,78,22
09-23-20,Madison,2843,21,2217,7,626,14,3066,23,25732,84,28798,107,0,60,-3,201,24,2582,0,182,72
09-23-20,Marion,527,5,520,5,7,0,631,7,5611,34,6242,41,0,7,-2,68,7,452,0,38,8
09-23-20,Marshall,741,11,737,11,4,0,838,13,8654,48,9492,61,0,5,6,93,5,643,0,24,5
09-23-20,Maury,2303,19,2281,19,22,0,2657,20,24065,157,26722,177,0,23,-8,239,27,2041,1,93,26
09-23-20,McMinn,1109,10,1095,10,14,0,1274,9,15734,129,17008,138,0,24,0,133,10,952,0,59,25
09-23-20,McNairy,836,12,686,9,150,3,950,11,6665,22,7615,33,0,18,-2,114,14,704,1,37,18
09-23-20,Meigs,223,0,219,0,4,0,256,0,2893,18,3149,18,0,3,-4,19,4,201,0,11,3
09-23-20,Monroe,1013,1,973,1,40,0,1137,1,10218,19,11355,20,1,17,-8,67,8,929,0,67,20
09-23-20,Montgomery,3041,3,2914,2,127,1,3422,3,38478,80,41900,83,0,43,-21,156,24,2842,0,123,47
09-23-20,Moore,167,3,154,3,13,0,193,3,2161,7,2354,10,0,1,2,33,1,133,0,4,1
09-23-20,Morgan,311,0,293,0,18,0,342,0,7875,4,8217,4,0,3,-2,28,2,280,0,9,4
09-23-20,Obion,1148,24,1117,24,31,0,1259,22,9244,28,10503,50,0,9,12,145,12,994,0,47,13
09-23-20,Out of State,2191,10,2137,10,54,0,2491,11,262494,508,264985,519,-2,23,-11,176,23,1992,0,77,16
09-23-20,Overton,713,4,643,4,70,0,790,4,6681,52,7471,56,0,5,-13,117,17,591,0,25,5
09-23-20,Pending,848,13,794,12,54,1,979,14,168600,625,169579,639,0,6,5,102,8,740,0,12,1
09-23-20,Perry,149,0,132,0,17,0,163,0,3383,8,3546,8,0,0,0,17,0,132,0,7,0
09-23-20,Pickett,106,0,83,0,23,0,114,0,935,4,1049,4,0,2,-1,18,1,86,0,5,2
09-23-20,Polk,388,1,379,1,9,0,447,1,3595,20,4042,21,-1,10,1,9,1,369,0,19,12
09-23-20,Putnam,3197,30,2983,15,214,15,3845,34,28114,87,31959,121,0,38,-23,474,53,2685,1,117,44
09-23-20,Rhea,802,7,798,6,4,1,960,7,10117,62,11077,69,0,11,-2,65,9,726,0,29,14
09-23-20,Roane,873,6,836,6,37,0,1014,2,16638,38,17652,40,0,3,-6,119,12,751,0,34,4
09-23-20,Robertson,2206,6,2179,5,27,1,2672,5,16339,31,19011,36,1,35,-17,96,22,2075,0,162,36
09-23-20,Rutherford,9216,47,9143,47,73,0,11264,52,79012,366,90276,418,0,88,-18,475,65,8653,1,266,93
09-23-20,Scott,208,1,197,0,11,1,224,1,4066,5,4290,6,0,2,-3,23,4,183,0,17,2
09-23-20,Sequatchie,226,7,224,7,2,0,258,7,4702,26,4960,33,-1,2,5,28,3,196,0,10,1
09-23-20,Sevier,2561,7,2485,7,76,0,2854,8,24548,46,27402,54,0,15,-3,135,10,2411,0,92,18
09-23-20,Shelby,30863,103,30518,97,345,6,38230,110,357109,1136,395339,1246,0,449,-33,1550,136,28864,3,2158,517
09-23-20,Smith,710,1,684,1,26,0,886,2,5298,20,6184,22,0,10,-9,68,10,632,0,31,11
09-23-20,Stewart,186,1,171,1,15,0,216,1,2721,5,2937,6,0,2,0,60,1,124,0,6,3
09-23-20,Sullivan,2120,29,1996,23,124,6,2277,22,28314,241,30591,263,1,32,23,151,5,1937,0,170,32
09-23-20,Sumner,4804,3,4768,3,36,0,5726,3,42023,119,47749,122,0,93,-35,235,38,4476,0,394,102
09-23-20,Tipton,1782,6,1661,5,121,1,2120,6,20059,50,22179,56,0,17,-16,130,22,1635,1,90,22
09-23-20,Trousdale,1650,0,1645,0,5,0,1730,0,4842,7,6572,7,0,7,-1,10,1,1633,0,25,7
09-23-20,Unicoi,283,3,278,2,5,1,326,2,5817,38,6143,40,0,1,-1,25,4,257,0,13,1
09-23-20,Union,346,2,319,2,27,0,364,3,4307,15,4671,18,0,1,-2,67,4,278,0,11,1
09-23-20,Van Buren,159,0,144,0,15,0,177,0,1831,6,2008,6,0,0,-6,25,6,134,0,7,0
09-23-20,Warren,1039,6,952,4,87,2,1168,6,12441,53,13609,59,0,7,0,63,6,969,0,16,8
09-23-20,Washington,2237,21,2182,18,55,3,2551,22,28246,150,30797,172,0,34,-5,221,26,1982,0,107,35
09-23-20,Wayne,1492,0,1480,0,12,0,1623,0,5796,28,7419,28,0,6,-4,34,4,1452,0,20,7
09-23-20,Weakley,1185,11,1103,11,82,0,1300,8,10276,25,11576,33,0,19,-3,130,14,1036,0,33,20
09-23-20,White,806,2,743,2,63,0,1003,5,8937,37,9940,42,0,9,-14,107,16,690,0,42,10
09-23-20,Williamson,5172,20,5103,20,69,0,6088,20,63534,298,69622,318,0,36,-28,284,48,4852,0,121,36
09-23-20,Wilson,3421,8,3393,8,28,0,4061,8,35978,103,40039,111,0,43,-16,214,24,3164,1,120,46
09-22-20,Anderson,1158,14,1122,14,36,0,1327,16,24133,237,25460,253,0,11,0,123,14,1024,1,44,13
09-22-20,Bedford,1311,7,1255,7,56,0,1563,10,12224,146,13787,156,1,17,-9,71,15,1223,0,53,18
09-22-20,Benton,339,1,324,0,15,1,366,1,4091,82,4457,83,0,9,-4,20,5,310,0,17,8
09-22-20,Bledsoe,846,0,841,0,5,0,889,0,7375,30,8264,30,0,4,-5,18,5,824,0,19,4
09-22-20,Blount,2472,16,2419,14,53,2,2873,16,26974,281,29847,297,0,23,-2,147,18,2302,2,113,27
09-22-20,Bradley,2907,15,2819,15,88,0,3437,15,24326,102,27763,117,1,17,-7,144,21,2746,0,164,18
09-22-20,Campbell,429,3,399,3,30,0,470,3,10353,61,10823,64,0,3,-2,38,5,388,0,21,3
09-22-20,Cannon,287,4,273,4,14,0,340,4,3722,33,4062,37,0,0,-1,36,5,251,0,9,0
09-22-20,Carroll,839,5,718,4,121,1,901,6,9526,172,10427,178,1,18,-10,96,14,725,1,48,18
09-22-20,Carter,1139,12,1087,12,52,0,1246,12,14623,213,15869,225,1,28,1,88,10,1023,1,84,28
09-22-20,Cheatham,800,8,792,8,8,0,969,10,10204,74,11173,84,0,10,2,44,6,746,1,29,10
09-22-20,Chester,602,10,493,6,109,4,669,11,4939,119,5608,130,0,9,-6,90,16,503,0,20,12
09-22-20,Claiborne,437,1,401,1,36,0,490,1,10036,186,10526,187,0,4,-1,33,2,400,0,20,5
09-22-20,Clay,215,4,189,4,26,0,228,5,2621,31,2849,36,0,5,0,72,4,138,0,6,5
09-22-20,Cocke,737,1,684,1,53,0,786,1,7459,46,8245,47,0,9,-4,31,5,697,0,40,10
09-22-20,Coffee,1152,35,1048,28,104,7,1373,42,17629,191,19002,233,0,12,11,232,24,908,0,36,14
09-22-20,Crockett,542,15,477,14,65,1,611,15,3500,42,4111,57,0,19,1,65,14,458,0,20,19
09-22-20,Cumberland,1173,14,1145,13,28,1,1431,16,21254,164,22685,180,1,18,-5,119,18,1036,1,58,20
09-22-20,Davidson,26763,127,26605,120,158,7,33640,167,317141,3842,350781,4009,1,294,17,938,109,25531,1,1094,309
09-22-20,Decatur,495,13,392,10,103,3,540,13,5401,22,5941,35,0,6,0,100,13,389,0,16,8
09-22-20,Dekalb,517,2,498,2,19,0,640,2,7687,40,8327,42,2,13,-4,27,4,477,0,25,15
09-22-20,Dickson,1229,24,1110,17,119,7,1535,25,13579,191,15114,216,1,14,12,116,11,1099,1,57,18
09-22-20,Dyer,1320,20,1225,15,95,5,1421,18,10322,33,11743,51,0,12,-9,178,29,1130,0,63,15
09-22-20,Fayette,1181,23,1143,20,38,3,1490,27,14902,124,16392,151,0,18,8,134,15,1029,0,81,21
09-22-20,Fentress,462,17,411,16,51,1,512,20,3700,39,4212,59,0,3,3,110,14,349,0,23,3
09-22-20,Franklin,954,14,923,14,31,0,1140,23,14439,155,15579,178,0,7,-17,194,31,753,0,45,9
09-22-20,Gibson,1582,35,1273,25,309,10,1737,36,13995,102,15732,138,1,20,-2,235,36,1327,1,59,24
09-22-20,Giles,578,8,575,8,3,0,692,9,8329,78,9021,87,0,17,1,61,7,500,0,38,17
09-22-20,Grainger,358,7,330,4,28,3,405,8,5629,42,6034,50,0,3,5,45,2,310,0,20,3
09-22-20,Greene,1112,4,1049,3,63,1,1301,7,14227,125,15528,132,0,37,-13,96,17,979,0,78,44
09-22-20,Grundy,268,6,248,3,20,3,307,6,2359,18,2666,24,0,5,-5,80,11,183,0,29,6
09-22-20,Hamblen,1884,30,1766,14,118,16,2038,30,20274,177,22312,207,0,25,24,115,6,1744,6,104,29
09-22-20,Hamilton,9236,70,8985,60,251,10,10625,74,128094,1018,138719,1092,0,89,-6,486,76,8661,1,390,96
09-22-20,Hancock,108,0,99,0,9,0,115,0,1836,10,1951,10,0,3,-4,2,4,103,0,11,3
09-22-20,Hardeman,1574,11,1506,7,68,4,1814,10,13662,63,15476,73,0,25,-24,103,35,1446,0,66,27
09-22-20,Hardin,998,21,842,15,156,6,1108,23,11503,63,12611,86,0,14,6,115,15,869,0,28,16
09-22-20,Hawkins,778,6,758,6,20,0,891,8,9121,85,10012,93,0,16,1,59,5,703,1,57,19
09-22-20,Haywood,953,6,904,4,49,2,1046,4,6075,20,7121,24,0,16,-7,85,13,852,0,45,20
09-22-20,Henderson,1144,13,932,10,212,3,1405,14,8262,52,9667,66,1,20,-9,116,21,1008,0,39,22
09-22-20,Henry,609,5,593,5,16,0,726,7,9227,103,9953,110,0,9,-7,56,12,544,0,38,9
09-22-20,Hickman,567,7,536,7,31,0,686,9,6933,98,7619,107,0,5,-13,98,20,464,0,21,7
09-22-20,Houston,199,5,183,4,16,1,215,5,2020,36,2235,41,1,1,0,53,4,145,0,19,6
09-22-20,Humphreys,241,3,207,2,34,1,269,2,5169,98,5438,100,0,3,0,42,3,196,0,7,4
09-22-20,Jackson,313,7,280,5,33,2,349,7,2260,27,2609,34,0,5,2,35,5,273,0,17,5
09-22-20,Jefferson,1086,15,970,11,116,4,1134,16,15716,204,16850,220,0,14,3,107,12,965,1,56,14
09-22-20,Johnson,653,5,642,3,11,2,708,7,5430,18,6138,25,0,2,-7,70,12,581,1,23,2
09-22-20,Knox,9359,82,8983,75,376,7,10129,83,121715,1142,131844,1225,1,73,-41,977,122,8309,3,355,76
09-22-20,Lake,910,3,906,3,4,0,1115,3,5934,13,7049,16,0,2,1,52,2,856,0,8,2
09-22-20,Lauderdale,954,8,890,7,64,1,1044,8,10247,38,11291,46,0,15,-2,74,10,865,0,44,16
09-22-20,Lawrence,997,13,983,13,14,0,1151,17,9939,118,11090,135,0,11,-6,132,19,854,0,42,13
09-22-20,Lewis,182,3,181,3,1,0,200,3,4274,62,4474,65,0,1,1,22,2,159,0,11,1
09-22-20,Lincoln,600,17,593,17,7,0,722,18,7613,81,8335,99,0,1,12,66,5,533,1,19,1
09-22-20,Loudon,1126,13,1093,13,33,0,1249,14,12161,149,13410,163,0,6,3,99,10,1021,2,36,6
09-22-20,Macon,1037,12,1023,12,14,0,1268,13,6889,49,8157,62,0,20,6,53,6,964,0,78,21
09-22-20,Madison,2822,31,2210,7,612,24,3043,31,25648,319,28691,350,4,60,-11,204,38,2558,1,182,71
09-22-20,Marion,522,8,515,7,7,1,624,10,5577,45,6201,55,0,7,-7,70,15,445,0,38,8
09-22-20,Marshall,730,10,726,10,4,0,825,10,8606,66,9431,76,0,5,0,87,10,638,3,24,5
09-22-20,Maury,2284,17,2262,17,22,0,2637,17,23908,185,26545,202,0,23,-26,247,43,2014,3,92,26
09-22-20,McMinn,1099,11,1085,11,14,0,1265,11,15605,158,16870,169,0,24,-3,133,14,942,0,59,25
09-22-20,McNairy,824,9,677,7,147,2,939,14,6643,113,7582,127,2,18,-19,116,26,690,1,36,18
09-22-20,Meigs,223,1,219,1,4,0,256,1,2875,39,3131,40,0,3,-1,23,2,197,0,11,3
09-22-20,Monroe,1012,8,972,8,40,0,1136,10,10199,72,11335,82,0,16,-3,75,11,921,0,67,18
09-22-20,Montgomery,3038,44,2912,28,126,16,3419,50,38398,306,41817,356,0,43,15,177,29,2818,0,123,47
09-22-20,Moore,164,7,151,7,13,0,190,7,2154,27,2344,34,0,1,4,31,3,132,0,4,1
09-22-20,Morgan,311,5,293,4,18,1,342,4,7871,66,8213,70,0,3,4,30,1,278,0,9,3
09-22-20,Obion,1124,15,1093,12,31,3,1237,15,9216,31,10453,46,0,9,0,133,15,982,1,47,12
09-22-20,Out of State,2181,12,2127,11,54,1,2480,15,261986,2687,264466,2702,1,25,-14,187,25,1969,0,77,15
09-22-20,Overton,709,28,639,24,70,4,786,29,6629,50,7415,79,0,5,12,130,16,574,1,25,5
09-22-20,Pending,835,12,782,11,53,1,965,14,167975,1274,168940,1288,0,6,1,97,11,732,0,12,1
09-22-20,Perry,149,3,132,2,17,1,163,3,3375,24,3538,27,0,0,-3,17,6,132,1,7,0
09-22-20,Pickett,106,5,83,2,23,3,114,5,931,10,1045,15,0,2,4,19,1,85,0,5,2
09-22-20,Polk,387,2,378,1,9,1,446,2,3575,10,4021,12,0,11,-1,8,3,368,0,19,12
09-22-20,Putnam,3167,76,2968,71,199,5,3811,92,28027,259,31838,351,1,38,40,497,35,2632,1,116,43
09-22-20,Rhea,795,10,792,10,3,0,953,11,10055,47,11008,58,0,11,-1,67,11,717,0,29,14
09-22-20,Roane,867,22,830,20,37,2,1012,20,16600,171,17612,191,-1,3,10,125,13,739,0,34,4
09-22-20,Robertson,2200,16,2174,16,26,0,2667,21,16308,111,18975,132,1,34,-2,113,17,2053,1,162,36
09-22-20,Rutherford,9169,51,9096,50,73,1,11212,65,78646,564,89858,629,1,88,-5,493,55,8588,1,265,92
09-22-20,Scott,207,6,197,6,10,0,223,5,4061,25,4284,30,0,2,6,26,0,179,1,17,2
09-22-20,Sequatchie,219,0,217,0,2,0,251,0,4676,14,4927,14,0,3,-9,23,9,193,0,10,1
09-22-20,Sevier,2554,22,2478,20,76,2,2846,25,24502,270,27348,295,2,15,2,138,18,2401,0,92,18
09-22-20,Shelby,30760,143,30421,126,339,17,38120,187,355973,2979,394093,3166,2,449,-72,1583,213,28728,5,2155,513
09-22-20,Smith,709,15,683,15,26,0,884,20,5278,59,6162,79,0,10,6,77,9,622,1,31,10
09-22-20,Stewart,185,7,170,6,15,1,215,8,2716,58,2931,66,0,2,3,60,4,123,0,6,3
09-22-20,Sullivan,2091,18,1973,13,118,5,2255,24,28073,374,30328,398,0,31,1,128,17,1932,0,170,32
09-22-20,Sumner,4801,30,4765,30,36,0,5723,40,41904,351,47627,391,0,93,0,270,30,4438,1,394,102
09-22-20,Tipton,1776,20,1656,14,120,6,2114,23,20009,180,22123,203,0,17,-2,146,22,1613,0,89,22
09-22-20,Trousdale,1650,1,1645,1,5,0,1730,2,4835,53,6565,55,0,7,-7,11,8,1632,0,25,7
09-22-20,Unicoi,280,0,276,0,4,0,324,1,5779,133,6103,134,0,1,-2,26,2,253,0,13,1
09-22-20,Union,344,5,317,4,27,1,361,6,4292,38,4653,44,0,1,-1,69,6,274,0,11,1
09-22-20,Van Buren,159,6,144,6,15,0,177,6,1825,75,2002,81,0,0,4,31,2,128,0,7,0
09-22-20,Warren,1033,7,948,7,85,0,1162,7,12388,75,13550,82,0,7,-8,63,15,963,0,16,8
09-22-20,Washington,2216,36,2164,35,52,1,2529,36,28096,308,30625,344,1,34,9,226,26,1956,4,107,34
09-22-20,Wayne,1492,10,1480,10,12,0,1623,11,5768,23,7391,34,1,6,6,38,3,1448,0,20,7
09-22-20,Weakley,1174,19,1092,19,82,0,1292,22,10251,87,11543,109,0,19,8,133,11,1022,1,33,20
09-22-20,White,804,16,741,16,63,0,998,30,8900,89,9898,119,0,9,3,121,13,674,1,42,9
09-22-20,Williamson,5152,37,5083,32,69,5,6068,43,63236,541,69304,584,0,36,-12,312,49,4804,1,121,36
09-22-20,Wilson,3413,24,3385,24,28,0,4053,26,35875,542,39928,568,0,43,1,230,23,3140,1,119,45
09-21-20,Anderson,1144,2,1108,2,36,0,1311,3,23896,39,25207,42,0,11,-8,123,10,1010,0,43,13
09-21-20,Bedford,1304,1,1248,1,56,0,1553,2,12078,27,13631,29,0,16,-7,80,8,1208,0,53,18
09-21-20,Benton,338,0,324,0,14,0,365,0,4009,4,4374,4,0,9,-2,24,2,305,0,17,8
09-21-20,Bledsoe,846,0,841,0,5,0,889,0,7345,7,8234,7,0,4,-3,23,3,819,0,19,4
09-21-20,Blount,2456,5,2405,3,51,2,2857,5,26693,62,29550,67,0,23,-6,149,11,2284,0,111,26
09-21-20,Bradley,2892,2,2804,2,88,0,3422,6,24224,78,27646,84,0,16,-19,151,21,2725,0,164,18
09-21-20,Campbell,426,2,396,2,30,0,467,0,10292,10,10759,10,0,3,1,40,1,383,0,21,3
09-21-20,Cannon,283,1,269,1,14,0,336,1,3689,13,4025,14,0,0,1,37,0,246,0,9,0
09-21-20,Carroll,834,6,714,5,120,1,895,5,9354,14,10249,19,0,17,-1,106,7,711,0,47,18
09-21-20,Carter,1127,0,1075,0,52,0,1234,0,14410,39,15644,39,0,27,-4,87,4,1013,0,83,28
09-21-20,Cheatham,792,4,784,3,8,1,959,4,10130,33,11089,37,0,10,-3,42,7,740,0,28,10
09-21-20,Chester,592,3,487,2,105,1,658,2,4820,10,5478,12,0,9,-6,96,9,487,0,20,12
09-21-20,Claiborne,436,4,400,4,36,0,489,4,9850,10,10339,14,0,4,1,34,3,398,0,20,5
09-21-20,Clay,211,2,185,1,26,1,223,3,2590,2,2813,5,0,5,-2,72,4,134,0,6,5
09-21-20,Cocke,736,1,683,1,53,0,785,1,7413,20,8198,21,0,9,0,35,1,692,0,40,9
09-21-20,Coffee,1117,11,1020,6,97,5,1331,12,17438,32,18769,44,0,12,2,221,9,884,0,36,14
09-21-20,Crockett,527,2,463,1,64,1,596,2,3458,5,4054,7,0,19,-5,64,7,444,0,20,19
09-21-20,Cumberland,1159,1,1132,1,27,0,1415,2,21090,72,22505,74,0,17,-6,124,7,1018,0,57,20
09-21-20,Davidson,26636,46,26485,45,151,1,33473,54,313299,802,346772,856,4,293,-28,921,70,25422,4,1093,307
09-21-20,Decatur,482,2,382,1,100,1,527,2,5379,11,5906,13,0,6,-3,100,5,376,1,16,8
09-21-20,Dekalb,515,3,496,3,19,0,638,3,7647,17,8285,20,0,11,0,31,3,473,1,25,15
09-21-20,Dickson,1205,11,1093,7,112,4,1510,12,13388,54,14898,66,1,13,5,104,5,1088,0,56,18
09-21-20,Dyer,1300,6,1210,4,90,2,1403,4,10289,55,11692,59,0,12,-3,187,9,1101,0,63,15
09-21-20,Fayette,1158,4,1123,2,35,2,1463,5,14778,45,16241,50,0,18,-1,126,5,1014,0,81,21
09-21-20,Fentress,445,10,395,6,50,4,492,12,3661,11,4153,23,0,3,2,107,8,335,0,23,3
09-21-20,Franklin,940,9,909,8,31,1,1117,12,14284,13,15401,25,0,7,-8,211,17,722,2,45,7
09-21-20,Gibson,1547,9,1248,4,299,5,1701,10,13893,30,15594,40,0,19,-9,237,18,1291,0,58,24
09-21-20,Giles,570,1,567,1,3,0,683,1,8251,21,8934,22,0,17,-1,60,2,493,0,38,17
09-21-20,Grainger,351,4,326,4,25,0,397,2,5587,10,5984,12,1,3,0,40,3,308,0,20,3
09-21-20,Greene,1108,4,1046,4,62,0,1294,1,14102,32,15396,33,0,37,-5,109,9,962,0,78,42
09-21-20,Grundy,262,7,245,4,17,3,301,10,2341,3,2642,13,0,5,6,85,1,172,0,29,5
09-21-20,Hamblen,1854,2,1752,1,102,1,2008,2,20097,25,22105,27,0,25,-5,91,7,1738,1,98,29
09-21-20,Hamilton,9166,31,8925,22,241,9,10551,29,127076,297,137627,326,1,89,-15,492,45,8585,1,389,96
09-21-20,Hancock,108,0,99,0,9,0,115,0,1826,3,1941,3,0,3,0,6,0,99,0,11,3
09-21-20,Hardeman,1563,6,1499,6,64,0,1804,6,13599,18,15403,24,0,25,3,127,3,1411,0,66,27
09-21-20,Hardin,977,5,827,4,150,1,1085,5,11440,6,12525,11,0,14,-4,109,9,854,0,28,15
09-21-20,Hawkins,772,4,752,4,20,0,883,2,9036,7,9919,9,0,16,0,58,4,698,0,56,19
09-21-20,Haywood,947,3,900,3,47,0,1042,3,6055,15,7097,18,0,16,1,92,2,839,0,45,20
09-21-20,Henderson,1131,3,922,2,209,1,1391,3,8210,15,9601,18,0,19,-3,125,6,987,0,39,22
09-21-20,Henry,604,1,588,0,16,1,719,2,9124,9,9843,11,0,9,-3,63,4,532,1,38,9
09-21-20,Hickman,560,4,529,3,31,1,677,4,6835,43,7512,47,1,5,-2,111,5,444,0,21,7
09-21-20,Houston,194,6,179,4,15,2,210,7,1984,8,2194,15,0,0,0,53,6,141,2,19,4
09-21-20,Humphreys,238,5,205,3,33,2,267,5,5071,18,5338,23,0,3,5,42,0,193,0,7,4
09-21-20,Jackson,306,2,275,0,31,2,342,2,2233,4,2575,6,1,5,-3,33,4,268,0,17,5
09-21-20,Jefferson,1071,4,959,3,112,1,1118,5,15512,90,16630,95,0,14,-4,104,8,953,0,55,14
09-21-20,Johnson,648,1,639,1,9,0,701,0,5412,3,6113,3,0,2,-2,77,3,569,0,22,2
09-21-20,Knox,9277,33,8908,29,369,4,10046,32,120573,362,130619,394,0,72,-92,1018,125,8187,2,352,76
09-21-20,Lake,907,1,903,1,4,0,1112,1,5921,27,7033,28,0,2,-1,51,2,854,0,8,2
09-21-20,Lauderdale,946,5,883,4,63,1,1036,4,10209,15,11245,19,0,15,-4,76,9,855,1,44,16
09-21-20,Lawrence,984,7,970,7,14,0,1134,5,9821,26,10955,31,0,11,-1,138,8,835,0,42,13
09-21-20,Lewis,179,0,178,0,1,0,197,0,4212,4,4409,4,0,1,0,21,0,157,0,11,1
09-21-20,Lincoln,583,1,576,0,7,1,704,1,7532,11,8236,12,0,1,-10,54,11,528,0,18,1
09-21-20,Loudon,1113,2,1080,1,33,1,1235,1,12012,37,13247,38,0,6,1,96,1,1011,0,34,6
09-21-20,Macon,1025,4,1011,4,14,0,1255,4,6840,16,8095,20,1,20,2,47,1,958,0,78,21
09-21-20,Madison,2791,54,2203,15,588,39,3012,56,25329,36,28341,92,0,56,26,215,28,2520,1,181,70
09-21-20,Marion,514,2,508,2,6,0,614,2,5532,12,6146,14,0,7,1,77,1,430,0,38,8
09-21-20,Marshall,720,1,716,1,4,0,815,1,8540,13,9355,14,0,5,-2,87,3,628,0,21,5
09-21-20,Maury,2267,7,2245,6,22,1,2620,7,23723,32,26343,39,0,23,-10,273,17,1971,3,89,26
09-21-20,McMinn,1088,4,1074,4,14,0,1254,7,15447,40,16701,47,0,24,-8,136,12,928,0,59,25
09-21-20,McNairy,815,3,670,3,145,0,925,4,6530,9,7455,13,0,16,-4,135,7,664,0,35,18
09-21-20,Meigs,222,0,218,0,4,0,255,1,2836,5,3091,6,0,3,-3,24,3,195,0,11,3
09-21-20,Monroe,1004,4,964,4,40,0,1126,5,10127,41,11253,46,0,16,0,78,4,910,0,67,18
09-21-20,Montgomery,2994,7,2884,4,110,3,3369,7,38092,147,41461,154,0,43,-29,162,36,2789,0,123,47
09-21-20,Moore,157,0,144,0,13,0,183,0,2127,2,2310,2,0,1,-1,27,1,129,0,4,1
09-21-20,Morgan,306,0,289,0,17,0,338,1,7805,7,8143,8,0,3,-4,26,4,277,0,9,3
09-21-20,Obion,1109,2,1081,2,28,0,1222,3,9185,21,10407,24,0,9,-5,133,7,967,0,46,12
09-21-20,Out of State,2169,10,2116,7,53,3,2465,11,259299,530,261764,541,1,24,-5,201,14,1944,1,77,15
09-21-20,Overton,681,2,615,2,66,0,757,3,6579,8,7336,11,1,5,-1,118,2,558,0,24,5
09-21-20,Pending,823,8,771,7,52,1,951,9,166701,431,167652,440,0,6,4,96,4,721,2,12,1
09-21-20,Perry,146,0,130,0,16,0,160,0,3351,4,3511,4,0,0,0,20,0,126,0,6,0
09-21-20,Pickett,101,4,81,1,20,3,109,4,921,3,1030,7,0,2,2,15,2,84,0,5,2
09-21-20,Polk,385,1,377,1,8,0,444,1,3565,4,4009,5,0,11,0,9,1,365,0,19,12
09-21-20,Putnam,3091,17,2897,9,194,8,3719,17,27768,20,31487,37,0,37,-7,457,24,2597,2,115,42
09-21-20,Rhea,785,3,782,3,3,0,942,2,10008,8,10950,10,0,11,-3,68,6,706,0,29,13
09-21-20,Roane,845,4,810,1,35,3,992,3,16429,24,17421,27,0,4,-3,115,7,726,0,34,4
09-21-20,Robertson,2184,3,2158,3,26,0,2646,4,16197,43,18843,47,0,33,-4,115,7,2036,0,161,36
09-21-20,Rutherford,9118,34,9046,33,72,1,11147,39,78082,281,89229,320,0,87,-21,498,55,8533,0,264,92
09-21-20,Scott,201,2,191,1,10,1,218,2,4036,6,4254,8,0,2,0,20,2,179,0,16,2
09-21-20,Sequatchie,219,1,217,1,2,0,251,1,4662,1,4913,2,0,3,0,32,1,184,0,10,1
09-21-20,Sevier,2532,11,2458,8,74,3,2821,9,24232,41,27053,50,0,13,2,136,9,2383,1,92,17
09-21-20,Shelby,30617,92,30295,84,322,8,37933,111,352994,1083,390927,1194,0,447,-5,1655,97,28515,7,2150,510
09-21-20,Smith,694,4,668,4,26,0,864,4,5219,20,6083,24,0,10,-2,71,6,613,0,30,10
09-21-20,Stewart,178,1,164,0,14,1,207,1,2658,11,2865,12,0,2,-1,57,2,119,0,6,3
09-21-20,Sullivan,2073,17,1960,13,113,4,2231,10,27699,67,29930,77,0,31,1,127,16,1915,3,170,32
09-21-20,Sumner,4771,15,4735,15,36,0,5683,16,41553,131,47236,147,0,93,-7,270,22,4408,0,393,102
09-21-20,Tipton,1756,6,1642,5,114,1,2091,7,19829,107,21920,114,0,17,-1,148,7,1591,0,89,22
09-21-20,Trousdale,1649,0,1644,0,5,0,1728,0,4782,5,6510,5,0,7,-1,18,1,1624,0,25,7
09-21-20,Unicoi,280,1,276,1,4,0,323,1,5646,16,5969,17,0,1,-2,28,3,251,0,13,1
09-21-20,Union,339,1,313,1,26,0,355,1,4254,10,4609,11,0,1,-1,70,2,268,0,11,1
09-21-20,Van Buren,153,0,138,0,15,0,171,0,1750,1,1921,1,0,0,-3,27,3,126,0,7,0
09-21-20,Warren,1026,4,941,3,85,1,1155,4,12313,17,13468,21,0,7,-1,71,5,948,0,16,8
09-21-20,Washington,2180,10,2129,9,51,1,2493,10,27788,55,30281,65,1,33,-14,217,23,1930,1,103,34
09-21-20,Wayne,1482,0,1470,0,12,0,1612,0,5745,13,7357,13,0,5,-4,32,4,1445,0,20,7
09-21-20,Weakley,1155,2,1073,2,82,0,1270,1,10164,11,11434,12,0,19,-4,125,6,1011,0,32,20
09-21-20,White,788,7,725,6,63,1,968,7,8811,19,9779,26,0,9,-4,118,11,661,0,41,9
09-21-20,Williamson,5115,14,5051,14,64,0,6025,16,62695,254,68720,270,0,36,-22,324,36,4755,0,120,36
09-21-20,Wilson,3389,17,3361,17,28,0,4027,18,35333,155,39360,173,2,43,1,229,14,3117,3,118,44
09-20-20,Anderson,1142,8,1106,7,36,1,1308,9,23857,165,25165,174,0,11,2,131,6,1000,0,43,13
09-20-20,Bedford,1303,3,1247,2,56,1,1551,4,12051,96,13602,100,0,16,-3,87,6,1200,0,53,18
09-20-20,Benton,338,0,324,0,14,0,365,0,4005,28,4370,28,0,9,-2,26,2,303,0,17,8
09-20-20,Bledsoe,846,0,841,0,5,0,889,1,7338,23,8227,24,0,4,-2,26,2,816,0,19,4
09-20-20,Blount,2451,9,2402,9,49,0,2852,9,26631,139,29483,148,0,23,-7,155,16,2273,0,111,25
09-20-20,Bradley,2890,14,2802,14,88,0,3416,16,24146,312,27562,328,0,16,0,170,14,2704,1,164,18
09-20-20,Campbell,424,2,394,1,30,1,467,3,10282,179,10749,182,0,3,0,39,2,382,0,21,3
09-20-20,Cannon,282,0,268,0,14,0,335,0,3676,7,4011,7,0,0,-2,36,2,246,0,9,0
09-20-20,Carroll,828,8,709,8,119,0,890,9,9340,71,10230,80,0,17,-2,107,10,704,1,47,18
09-20-20,Carter,1127,12,1075,12,52,0,1234,12,14371,100,15605,112,0,27,2,91,10,1009,0,83,27
09-20-20,Cheatham,788,1,781,1,7,0,955,1,10097,46,11052,47,0,10,0,45,1,733,0,28,10
09-20-20,Chester,589,6,485,5,104,1,656,6,4810,37,5466,43,0,9,0,102,6,478,0,20,12
09-20-20,Claiborne,432,3,396,3,36,0,485,3,9840,131,10325,134,0,4,1,33,2,395,0,20,5
09-20-20,Clay,209,23,184,23,25,0,220,23,2588,25,2808,48,0,5,21,74,2,130,0,6,5
09-20-20,Cocke,735,1,682,1,53,0,784,3,7393,47,8177,50,0,9,0,35,1,691,0,40,9
09-20-20,Coffee,1106,8,1014,3,92,5,1319,8,17406,184,18725,192,0,12,-5,219,13,875,0,36,14
09-20-20,Crockett,525,2,462,2,63,0,594,4,3453,25,4047,29,0,19,0,69,2,437,0,20,19
09-20-20,Cumberland,1158,0,1131,0,27,0,1413,0,21018,196,22431,196,0,17,-3,130,3,1011,0,57,20
09-20-20,Davidson,26590,45,26440,44,150,1,33419,66,312497,2916,345916,2982,0,289,-9,949,54,25352,1,1089,307
09-20-20,Decatur,480,9,381,7,99,2,525,9,5368,36,5893,45,0,6,2,103,7,371,0,15,7
09-20-20,Dekalb,512,1,493,1,19,0,635,1,7630,23,8265,24,0,11,1,31,0,470,0,24,15
09-20-20,Dickson,1194,1,1086,1,108,0,1498,10,13334,77,14832,87,0,12,-7,99,8,1083,0,56,18
09-20-20,Dyer,1294,18,1206,17,88,1,1399,18,10234,108,11633,126,0,12,13,190,5,1092,0,63,14
09-20-20,Fayette,1154,5,1121,5,33,0,1458,5,14733,59,16191,64,0,18,2,127,3,1009,1,81,21
09-20-20,Fentress,435,2,389,2,46,0,480,2,3650,18,4130,20,0,3,-1,105,3,327,0,23,3
09-20-20,Franklin,931,15,901,14,30,1,1105,27,14271,135,15376,162,0,7,4,219,11,705,3,43,7
09-20-20,Gibson,1538,21,1244,19,294,2,1691,24,13863,187,15554,211,0,19,0,246,21,1273,1,58,23
09-20-20,Giles,569,12,566,12,3,0,682,14,8230,96,8912,110,0,17,10,61,2,491,3,38,17
09-20-20,Grainger,347,0,322,0,25,0,395,0,5577,26,5972,26,0,2,-4,40,4,305,0,20,3
09-20-20,Greene,1104,12,1042,12,62,0,1293,15,14070,123,15363,138,1,37,5,114,6,953,0,78,42
09-20-20,Grundy,255,9,241,8,14,1,291,10,2338,20,2629,30,0,5,5,79,4,171,1,29,5
09-20-20,Hamblen,1852,5,1751,4,101,1,2006,5,20072,94,22078,99,0,25,2,96,3,1731,0,97,28
09-20-20,Hamilton,9135,45,8903,42,232,3,10522,49,126779,926,137301,975,0,88,-5,507,50,8540,1,388,95
09-20-20,Hancock,108,0,99,0,9,0,115,0,1823,8,1938,8,0,3,0,6,0,99,0,11,3
09-20-20,Hardeman,1557,2,1493,1,64,1,1798,4,13581,80,15379,84,0,25,-1,124,3,1408,0,66,26
09-20-20,Hardin,972,1,823,1,149,0,1080,2,11434,114,12514,116,0,14,-3,113,4,845,0,28,15
09-20-20,Hawkins,768,10,748,10,20,0,881,12,9029,84,9910,96,0,16,7,58,3,694,1,56,19
09-20-20,Haywood,944,6,897,6,47,0,1039,7,6040,119,7079,126,0,16,1,91,5,837,0,45,20
09-20-20,Henderson,1128,12,920,8,208,4,1388,15,8195,112,9583,127,0,19,10,128,2,981,0,39,22
09-20-20,Henry,603,5,588,5,15,0,717,7,9115,39,9832,46,0,9,3,66,2,528,0,37,9
09-20-20,Hickman,556,11,526,11,30,0,673,16,6792,89,7465,105,0,4,5,113,6,439,1,21,7
09-20-20,Houston,188,1,175,0,13,1,203,0,1976,3,2179,3,0,0,-5,53,6,135,1,17,2
09-20-20,Humphreys,233,4,202,2,31,2,262,4,5053,24,5315,28,0,3,1,37,3,193,0,7,4
09-20-20,Jackson,304,0,275,0,29,0,340,0,2229,4,2569,4,0,4,-4,36,4,264,0,17,4
09-20-20,Jefferson,1067,4,956,3,111,1,1113,3,15422,43,16535,46,0,14,0,108,4,945,1,55,14
09-20-20,Johnson,647,8,638,8,9,0,701,8,5409,49,6110,57,0,2,5,79,3,566,1,22,2
09-20-20,Knox,9244,92,8879,74,365,18,10014,83,120211,706,130225,789,0,72,-12,1110,104,8062,1,350,76
09-20-20,Lake,906,35,902,35,4,0,1111,41,5894,10,7005,51,0,2,35,52,0,852,0,8,2
09-20-20,Lauderdale,941,1,879,1,62,0,1032,0,10194,138,11226,138,0,15,-3,80,4,846,0,43,16
09-20-20,Lawrence,977,18,963,18,14,0,1129,20,9795,116,10924,136,0,11,12,139,6,827,1,42,13
09-20-20,Lewis,179,2,178,2,1,0,197,2,4208,50,4405,52,0,1,-2,21,4,157,0,11,1
09-20-20,Lincoln,582,3,576,3,6,0,703,4,7521,47,8224,51,0,1,0,64,3,517,0,18,1
09-20-20,Loudon,1111,6,1079,6,32,0,1234,9,11975,93,13209,102,0,6,-1,95,7,1010,0,34,6
09-20-20,Macon,1021,3,1007,3,14,0,1251,3,6824,62,8075,65,0,19,-1,45,4,957,0,78,21
09-20-20,Madison,2737,61,2188,17,549,44,2956,62,25293,216,28249,278,0,56,45,189,16,2492,1,180,69
09-20-20,Marion,512,1,506,1,6,0,612,2,5520,76,6132,78,0,7,-4,76,5,429,0,38,8
09-20-20,Marshall,719,10,715,10,4,0,814,10,8527,67,9341,77,0,5,8,89,2,625,1,21,5
09-20-20,Maury,2260,32,2239,27,21,5,2613,33,23691,223,26304,256,0,23,13,283,19,1954,3,86,26
09-20-20,McMinn,1084,8,1070,8,14,0,1247,10,15407,174,16654,184,0,24,-6,144,14,916,0,59,25
09-20-20,McNairy,812,11,667,11,145,0,921,12,6521,125,7442,137,0,16,1,139,10,657,0,35,18
09-20-20,Meigs,222,2,218,2,4,0,254,2,2831,31,3085,33,0,3,-2,27,4,192,0,11,3
09-20-20,Monroe,1000,5,960,5,40,0,1121,5,10086,62,11207,67,0,16,-4,78,9,906,0,67,18
09-20-20,Montgomery,2987,15,2880,15,107,0,3362,16,37945,294,41307,310,0,43,1,191,14,2753,0,123,47
09-20-20,Moore,157,4,144,1,13,3,183,3,2125,48,2308,51,0,1,4,28,0,128,1,4,1
09-20-20,Morgan,306,1,289,1,17,0,337,1,7798,12,8135,13,0,3,-1,30,2,273,0,9,3
09-20-20,Obion,1107,4,1079,4,28,0,1219,5,9164,43,10383,48,0,9,1,138,3,960,0,46,12
09-20-20,Out of State,2159,23,2109,23,50,0,2454,27,258769,2785,261223,2812,0,23,11,206,12,1930,0,76,15
09-20-20,Overton,679,1,613,1,66,0,754,2,6571,49,7325,51,0,4,-4,119,5,556,0,24,5
09-20-20,Pending,815,17,764,17,51,0,942,18,166270,1205,167212,1223,0,6,8,92,9,717,0,10,1
09-20-20,Perry,146,4,130,2,16,2,160,2,3347,94,3507,96,0,0,3,20,1,126,0,6,0
09-20-20,Pickett,97,2,80,2,17,0,105,2,918,7,1023,9,0,2,2,13,0,82,1,5,2
09-20-20,Polk,384,0,376,0,8,0,443,0,3561,63,4004,63,0,11,-1,9,1,364,0,19,11
09-20-20,Putnam,3074,12,2888,12,186,0,3702,12,27748,76,31450,88,0,37,-13,464,25,2573,1,113,41
09-20-20,Rhea,782,8,779,8,3,0,940,10,10000,82,10940,92,0,11,6,71,2,700,0,29,13
09-20-20,Roane,841,8,809,8,32,0,989,6,16405,108,17394,114,0,4,3,118,5,719,2,34,4
09-20-20,Robertson,2181,6,2155,5,26,1,2642,9,16154,91,18796,100,0,33,-4,119,10,2029,0,161,36
09-20-20,Rutherford,9084,31,9013,27,71,4,11108,39,77801,486,88909,525,0,87,-1,519,32,8478,1,264,90
09-20-20,Scott,199,0,190,0,9,0,216,0,4030,22,4246,22,0,2,-1,20,1,177,0,16,2
09-20-20,Sequatchie,218,1,216,1,2,0,250,1,4661,8,4911,9,0,3,1,32,0,183,0,10,1
09-20-20,Sevier,2521,0,2450,0,71,0,2812,1,24191,76,27003,77,0,13,-8,134,8,2374,0,91,17
09-20-20,Shelby,30525,111,30211,109,314,2,37822,146,351911,1890,389733,2036,1,447,17,1660,93,28418,3,2143,508
09-20-20,Smith,690,3,664,3,26,0,860,3,5199,15,6059,18,0,10,0,73,3,607,0,30,10
09-20-20,Stewart,177,2,164,0,13,2,206,2,2647,10,2853,12,0,2,-3,58,5,117,0,6,2
09-20-20,Sullivan,2056,12,1947,12,109,0,2221,13,27632,459,29853,472,0,31,6,126,6,1899,1,167,32
09-20-20,Sumner,4756,26,4720,26,36,0,5667,34,41422,188,47089,222,0,93,6,277,20,4386,0,393,102
09-20-20,Tipton,1750,4,1637,4,113,0,2084,10,19722,109,21806,119,0,17,0,149,4,1584,0,89,21
09-20-20,Trousdale,1649,0,1644,0,5,0,1728,3,4777,27,6505,30,0,7,0,19,0,1623,0,25,7
09-20-20,Unicoi,279,2,275,2,4,0,322,5,5630,79,5952,84,0,1,0,30,2,248,0,13,1
09-20-20,Union,338,4,312,3,26,1,354,3,4244,52,4598,55,0,1,2,71,2,266,0,11,1
09-20-20,Van Buren,153,0,138,0,15,0,171,0,1749,61,1920,61,0,0,-4,30,4,123,0,7,0
09-20-20,Warren,1022,2,938,2,84,0,1151,5,12296,45,13447,50,0,7,-1,72,3,943,0,16,8
09-20-20,Washington,2170,22,2120,22,50,0,2483,26,27733,351,30216,377,0,32,4,231,18,1907,1,102,34
09-20-20,Wayne,1482,3,1470,3,12,0,1612,3,5732,23,7344,26,0,5,1,36,2,1441,0,20,7
09-20-20,Weakley,1153,6,1071,4,82,2,1269,7,10153,97,11422,104,0,19,0,129,6,1005,0,32,20
09-20-20,White,781,4,719,4,62,0,961,4,8792,55,9753,59,0,9,-3,122,7,650,2,41,9
09-20-20,Williamson,5101,16,5037,16,64,0,6009,19,62441,437,68450,456,0,36,-18,346,34,4719,0,120,36
09-20-20,Wilson,3372,21,3344,21,28,0,4009,25,35178,178,39187,203,0,41,9,228,12,3103,0,115,44
09-19-20,Anderson,1134,15,1099,15,35,0,1299,22,23692,278,24991,300,0,11,9,129,6,994,1,43,12
09-19-20,Bedford,1300,16,1245,16,55,0,1547,19,11955,171,13502,190,0,16,5,90,11,1194,0,53,18
09-19-20,Benton,338,2,324,2,14,0,365,3,3977,58,4342,61,0,9,-4,28,6,301,0,17,8
09-19-20,Bledsoe,846,2,841,2,5,0,888,3,7315,68,8203,71,0,4,0,28,2,814,1,19,4
09-19-20,Blount,2442,16,2393,15,49,1,2843,21,26492,448,29335,469,0,23,7,162,9,2257,0,111,25
09-19-20,Bradley,2876,26,2788,24,88,2,3400,27,23834,251,27234,278,0,16,15,170,11,2690,2,163,17
09-19-20,Campbell,422,2,393,1,29,1,464,3,10103,120,10567,123,0,3,1,39,1,380,0,21,3
09-19-20,Cannon,282,8,268,8,14,0,335,11,3669,98,4004,109,0,0,6,38,2,244,0,9,0
09-19-20,Carroll,820,13,701,12,119,1,881,16,9269,229,10150,245,1,17,6,109,6,694,0,46,18
09-19-20,Carter,1115,7,1063,7,52,0,1222,7,14271,259,15493,266,0,27,-4,89,11,999,3,83,27
09-19-20,Cheatham,787,5,780,5,7,0,954,6,10051,200,11005,206,0,10,3,45,2,732,0,28,10
09-19-20,Chester,583,8,480,6,103,2,650,10,4773,81,5423,91,0,9,5,102,3,472,0,20,12
09-19-20,Claiborne,429,6,393,5,36,1,482,8,9709,141,10191,149,0,4,6,32,0,393,0,20,5
09-19-20,Clay,186,9,161,9,25,0,197,10,2563,43,2760,53,0,5,9,53,0,128,0,6,5
09-19-20,Cocke,734,5,681,5,53,0,781,4,7346,92,8127,96,0,9,-1,35,6,690,2,40,9
09-19-20,Coffee,1098,31,1011,30,87,1,1311,41,17222,298,18533,339,0,12,19,224,12,862,1,36,14
09-19-20,Crockett,523,13,460,12,63,1,590,14,3428,57,4018,71,0,19,10,69,3,435,0,20,19
09-19-20,Cumberland,1158,11,1131,11,27,0,1413,18,20822,256,22235,274,1,17,2,133,8,1008,1,57,20
09-19-20,Davidson,26545,157,26396,156,149,1,33353,196,309581,13897,342934,14093,2,289,95,958,60,25298,4,1088,305
09-19-20,Decatur,471,14,374,14,97,0,516,14,5332,110,5848,124,0,6,8,101,6,364,0,15,7
09-19-20,Dekalb,511,3,492,3,19,0,634,3,7607,195,8241,198,1,11,2,30,0,470,0,24,14
09-19-20,Dickson,1193,20,1085,17,108,3,1488,22,13257,183,14745,205,0,12,13,106,7,1075,0,56,15
09-19-20,Dyer,1276,15,1189,15,87,0,1381,16,10126,245,11507,261,-1,12,10,177,6,1087,0,63,13
09-19-20,Fayette,1149,26,1116,24,33,2,1453,31,14674,153,16127,184,1,18,21,125,4,1006,1,80,21
09-19-20,Fentress,433,18,387,18,46,0,478,21,3632,67,4110,88,0,3,14,106,4,324,0,23,3
09-19-20,Franklin,916,34,887,34,29,0,1078,36,14136,227,15214,263,0,7,19,215,15,694,0,40,7
09-19-20,Gibson,1517,32,1225,28,292,4,1667,39,13676,306,15343,345,0,19,20,246,12,1252,0,57,23
09-19-20,Giles,557,5,554,5,3,0,668,8,8134,203,8802,211,0,17,0,51,5,489,1,35,17
09-19-20,Grainger,347,7,322,5,25,2,395,5,5551,93,5946,98,0,2,7,44,0,301,0,20,2
09-19-20,Greene,1092,16,1030,14,62,2,1278,21,13947,216,15225,237,0,36,12,109,4,947,0,78,42
09-19-20,Grundy,246,14,233,14,13,0,281,15,2318,43,2599,58,0,5,14,74,0,167,0,28,5
09-19-20,Hamblen,1847,4,1747,3,100,1,2001,8,19978,343,21979,351,0,25,4,94,0,1728,0,97,27
09-19-20,Hamilton,9090,80,8861,77,229,3,10473,92,125853,1541,136326,1633,-1,88,32,512,49,8490,3,387,93
09-19-20,Hancock,108,1,99,1,9,0,115,1,1815,22,1930,23,1,3,0,6,0,99,0,11,3
09-19-20,Hardeman,1555,15,1492,13,63,2,1794,18,13501,238,15295,256,0,25,11,125,4,1405,0,66,26
09-19-20,Hardin,971,21,822,18,149,3,1078,29,11320,151,12398,180,0,14,13,116,8,841,1,28,15
09-19-20,Hawkins,758,10,738,10,20,0,869,10,8945,102,9814,112,0,16,6,51,4,691,0,55,18
09-19-20,Haywood,938,20,891,20,47,0,1032,22,5921,104,6953,126,0,16,13,90,7,832,0,45,20
09-19-20,Henderson,1116,26,912,24,204,2,1373,29,8083,153,9456,182,0,19,18,118,8,979,0,39,21
09-19-20,Henry,598,7,583,7,15,0,710,10,9076,159,9786,169,0,9,6,63,1,526,0,37,9
09-19-20,Hickman,545,18,515,17,30,1,657,22,6703,85,7360,107,0,4,12,108,6,433,2,20,7
09-19-20,Houston,187,7,175,6,12,1,203,9,1973,40,2176,49,0,0,5,58,2,129,0,16,2
09-19-20,Humphreys,229,2,200,2,29,0,258,4,5029,143,5287,147,0,3,-1,36,3,190,0,7,4
09-19-20,Jackson,304,3,275,3,29,0,340,3,2225,27,2565,30,0,4,2,40,1,260,0,17,4
09-19-20,Jefferson,1063,16,953,13,110,3,1110,19,15379,227,16489,246,0,14,12,108,4,941,1,54,14
09-19-20,Johnson,639,7,630,7,9,0,693,9,5360,40,6053,49,0,2,5,74,2,563,0,21,2
09-19-20,Knox,9152,131,8805,127,347,4,9931,133,119505,1473,129436,1606,1,72,39,1122,91,7958,5,349,74
09-19-20,Lake,871,4,867,3,4,1,1070,4,5884,33,6954,37,0,2,3,17,1,852,1,8,2
09-19-20,Lauderdale,940,12,878,11,62,1,1032,13,10056,109,11088,122,1,15,7,83,4,842,0,43,16
09-19-20,Lawrence,959,15,945,15,14,0,1109,23,9679,157,10788,180,0,11,4,127,11,821,4,41,13
09-19-20,Lewis,177,6,176,6,1,0,195,6,4158,51,4353,57,0,1,4,23,2,153,0,11,1
09-19-20,Lincoln,579,5,573,5,6,0,699,6,7474,145,8173,151,0,1,-2,64,7,514,0,18,1
09-19-20,Loudon,1105,12,1073,12,32,0,1225,14,11882,177,13107,191,0,6,6,96,6,1003,0,34,6
09-19-20,Macon,1018,16,1004,16,14,0,1248,18,6762,150,8010,168,0,19,13,46,3,953,2,78,21
09-19-20,Madison,2676,37,2171,26,505,11,2894,39,25077,494,27971,533,0,56,9,144,28,2476,2,179,69
09-19-20,Marion,511,6,505,6,6,0,610,8,5444,102,6054,110,0,7,-3,80,9,424,0,38,8
09-19-20,Marshall,709,8,705,8,4,0,804,9,8460,185,9264,194,1,5,1,81,6,623,0,20,5
09-19-20,Maury,2228,39,2212,39,16,0,2580,45,23468,363,26048,408,1,23,25,270,13,1935,4,83,24
09-19-20,McMinn,1076,21,1062,20,14,1,1237,21,15233,228,16470,249,0,24,16,150,5,902,0,59,25
09-19-20,McNairy,801,17,656,15,145,2,909,19,6396,174,7305,193,0,16,10,138,7,647,1,35,18
09-19-20,Meigs,220,3,216,3,4,0,252,3,2800,31,3052,34,0,3,0,29,3,188,1,11,3
09-19-20,Monroe,995,6,955,5,40,1,1116,7,10024,165,11140,172,0,16,-10,82,16,897,0,67,17
09-19-20,Montgomery,2972,31,2865,25,107,6,3346,31,37651,509,40997,540,2,43,6,190,23,2739,1,123,47
09-19-20,Moore,153,6,143,6,10,0,180,8,2077,37,2257,45,0,1,2,24,4,128,1,3,1
09-19-20,Morgan,305,4,288,4,17,0,336,4,7786,68,8122,72,0,3,2,31,2,271,1,9,3
09-19-20,Obion,1103,24,1075,24,28,0,1214,26,9121,257,10335,283,0,9,18,137,6,957,3,46,12
09-19-20,Out of State,2136,79,2086,78,50,1,2427,84,255984,4299,258411,4383,0,23,69,195,10,1918,2,76,15
09-19-20,Overton,678,7,612,7,66,0,752,11,6522,161,7274,172,1,4,-1,123,7,551,0,24,4
09-19-20,Pending,798,27,747,24,51,3,924,29,165065,2322,165989,2351,0,6,21,84,6,708,0,10,1
09-19-20,Perry,142,2,128,2,14,0,158,2,3253,116,3411,118,0,0,1,17,1,125,0,6,0
09-19-20,Pickett,95,2,78,2,17,0,103,2,911,17,1014,19,0,2,2,11,0,82,0,4,2
09-19-20,Polk,384,1,376,1,8,0,443,1,3498,58,3941,59,0,11,1,10,0,363,0,19,11
09-19-20,Putnam,3062,52,2876,52,186,0,3690,65,27672,550,31362,615,0,37,23,477,29,2548,1,112,41
09-19-20,Rhea,774,8,771,8,3,0,930,12,9918,127,10848,139,0,11,5,65,3,698,1,29,13
09-19-20,Roane,833,11,801,11,32,0,983,15,16297,266,17280,281,1,4,6,115,4,714,0,32,4
09-19-20,Robertson,2175,17,2150,17,25,0,2633,21,16063,323,18696,344,-1,33,14,123,4,2019,1,161,36
09-19-20,Rutherford,9053,100,8986,98,67,2,11069,113,77315,1126,88384,1239,0,87,64,520,36,8446,3,263,89
09-19-20,Scott,199,0,190,0,9,0,216,3,4008,101,4224,104,0,2,-1,21,1,176,0,16,2
09-19-20,Sequatchie,217,2,215,2,2,0,249,2,4653,55,4902,57,1,3,-2,31,3,183,0,10,1
09-19-20,Sevier,2521,18,2450,16,71,2,2811,18,24115,269,26926,287,0,13,10,142,8,2366,2,91,17
09-19-20,Shelby,30414,307,30102,296,312,11,37676,372,350021,4818,387697,5190,3,446,218,1643,86,28325,12,2140,505
09-19-20,Smith,687,10,661,10,26,0,857,11,5184,68,6041,79,0,10,5,73,5,604,1,30,10
09-19-20,Stewart,175,27,164,27,11,0,204,29,2637,113,2841,142,0,2,26,61,1,112,0,6,2
09-19-20,Sullivan,2044,10,1935,10,109,0,2208,12,27173,325,29381,337,0,31,-6,120,16,1893,0,166,32
09-19-20,Sumner,4730,58,4694,56,36,2,5633,66,41234,794,46867,860,0,93,38,271,20,4366,2,393,102
09-19-20,Tipton,1746,24,1633,12,113,12,2074,36,19613,255,21687,291,0,17,20,149,4,1580,0,89,21
09-19-20,Trousdale,1649,2,1644,2,5,0,1725,2,4750,47,6475,49,0,7,2,19,0,1623,0,25,7
09-19-20,Unicoi,277,6,273,6,4,0,317,5,5551,61,5868,66,0,1,4,30,2,246,0,13,1
09-19-20,Union,334,8,309,8,25,0,351,10,4192,98,4543,108,0,1,5,69,3,264,0,11,1
09-19-20,Van Buren,153,6,138,6,15,0,171,8,1688,19,1859,27,0,0,5,34,1,119,0,7,0
09-19-20,Warren,1020,9,936,9,84,0,1146,12,12251,160,13397,172,0,7,6,73,3,940,0,16,8
09-19-20,Washington,2148,32,2098,32,50,0,2457,39,27382,261,29839,300,0,32,15,227,17,1889,1,101,33
09-19-20,Wayne,1479,2,1467,2,12,0,1609,2,5709,58,7318,60,0,5,1,35,1,1439,0,20,7
09-19-20,Weakley,1147,20,1067,19,80,1,1262,23,10056,213,11318,236,1,19,11,129,8,999,0,32,20
09-19-20,White,777,16,715,16,62,0,957,24,8737,222,9694,246,1,9,11,125,4,643,0,39,9
09-19-20,Williamson,5085,45,5021,45,64,0,5990,54,62004,829,67994,883,0,36,12,364,33,4685,3,120,36
09-19-20,Wilson,3351,33,3323,33,28,0,3984,37,35000,394,38984,431,2,41,11,219,20,3091,3,115,44
09-18-20,Anderson,1119,19,1084,19,35,0,1277,19,23414,215,24691,234,0,11,8,120,11,988,0,42,12
09-18-20,Bedford,1284,6,1229,6,55,0,1528,11,11784,150,13312,161,1,16,-11,85,16,1183,0,53,17
09-18-20,Benton,336,2,322,2,14,0,362,3,3919,91,4281,94,0,9,0,32,2,295,0,17,8
09-18-20,Bledsoe,844,4,839,4,5,0,885,4,7247,76,8132,80,0,4,1,28,3,812,0,18,4
09-18-20,Blount,2426,26,2378,25,48,1,2822,30,26044,409,28866,439,2,23,6,155,18,2248,0,111,25
09-18-20,Bradley,2850,22,2764,22,86,0,3373,23,23583,469,26956,492,0,16,6,155,16,2679,1,161,17
09-18-20,Campbell,420,5,392,4,28,1,461,4,9983,83,10444,87,0,3,2,38,3,379,0,21,3
09-18-20,Cannon,274,8,260,8,14,0,324,8,3571,24,3895,32,0,0,5,32,3,242,0,9,0
09-18-20,Carroll,807,9,689,7,118,2,865,12,9040,138,9905,150,0,16,-1,103,10,688,1,46,18
09-18-20,Carter,1108,16,1056,13,52,3,1215,16,14012,225,15227,241,0,27,11,93,5,988,1,80,27
09-18-20,Cheatham,782,4,775,4,7,0,948,4,9851,165,10799,169,0,10,0,42,4,730,0,28,10
09-18-20,Chester,575,12,474,6,101,6,640,14,4692,84,5332,98,1,9,3,97,8,469,0,20,12
09-18-20,Claiborne,423,3,388,3,35,0,474,4,9568,131,10042,135,0,4,2,26,1,393,0,20,5
09-18-20,Clay,177,0,152,0,25,0,187,2,2520,12,2707,14,0,5,-1,44,1,128,0,6,5
09-18-20,Cocke,729,6,676,2,53,4,777,3,7254,60,8031,63,0,9,3,36,3,684,0,38,9
09-18-20,Coffee,1067,32,981,28,86,4,1270,35,16924,273,18194,308,1,12,19,205,12,850,0,35,14
09-18-20,Crockett,510,5,448,4,62,1,576,4,3371,37,3947,41,0,19,1,59,4,432,0,20,19
09-18-20,Cumberland,1147,26,1120,26,27,0,1395,30,20566,305,21961,335,0,16,18,131,8,1000,1,56,20
09-18-20,Davidson,26388,95,26240,94,148,1,33157,117,295684,4016,328841,4133,3,287,-165,863,257,25238,0,1084,304
09-18-20,Decatur,457,9,360,7,97,2,502,11,5222,194,5724,205,0,6,-4,93,13,358,0,15,7
09-18-20,Dekalb,508,1,489,1,19,0,631,2,7412,54,8043,56,0,10,-1,28,2,470,0,24,13
09-18-20,Dickson,1173,13,1068,10,105,3,1466,14,13074,109,14540,123,0,12,1,93,12,1068,1,56,14
09-18-20,Dyer,1261,27,1174,24,87,3,1365,32,9881,144,11246,176,0,13,15,167,12,1081,0,63,13
09-18-20,Fayette,1123,2,1092,1,31,1,1422,2,14521,210,15943,212,1,17,-4,104,5,1002,0,79,21
09-18-20,Fentress,415,9,369,7,46,2,457,12,3565,37,4022,49,0,3,-2,92,11,320,1,23,3
09-18-20,Franklin,882,20,853,20,29,0,1042,32,13909,152,14951,184,0,7,0,196,20,679,0,40,7
09-18-20,Gibson,1485,35,1197,22,288,13,1628,35,13370,249,14998,284,0,19,18,226,17,1240,0,57,23
09-18-20,Giles,552,4,549,4,3,0,660,3,7931,77,8591,80,0,17,-7,51,11,484,0,34,17
09-18-20,Grainger,340,7,317,4,23,3,390,7,5458,86,5848,93,0,2,5,37,2,301,0,20,2
09-18-20,Greene,1076,15,1016,15,60,0,1257,18,13731,178,14988,196,2,36,1,97,12,943,0,78,42
09-18-20,Grundy,232,11,219,10,13,1,266,13,2275,40,2541,53,0,5,7,60,4,167,1,28,5
09-18-20,Hamblen,1843,12,1744,10,99,2,1993,14,19635,244,21628,258,0,25,7,90,5,1728,2,97,27
09-18-20,Hamilton,9010,70,8784,56,226,14,10381,67,124312,1281,134693,1348,4,89,1,480,65,8441,0,384,93
09-18-20,Hancock,107,0,98,0,9,0,114,0,1793,26,1907,26,0,2,0,6,0,99,0,11,3
09-18-20,Hardeman,1540,8,1479,8,61,0,1776,8,13263,68,15039,76,0,25,-97,114,105,1401,1,66,26
09-18-20,Hardin,950,17,804,14,146,3,1049,19,11169,219,12218,238,0,14,0,103,17,833,1,27,15
09-18-20,Hawkins,748,11,728,9,20,2,859,12,8843,114,9702,126,1,16,5,45,5,687,1,55,18
09-18-20,Haywood,918,5,871,4,47,1,1010,8,5817,144,6827,152,0,16,0,77,5,825,0,45,20
09-18-20,Henderson,1090,13,888,12,202,1,1344,13,7930,150,9274,163,0,19,-7,100,20,971,0,39,21
09-18-20,Henry,591,4,576,3,15,1,700,5,8917,51,9617,56,0,9,2,57,2,525,0,37,9
09-18-20,Hickman,527,15,498,13,29,2,635,12,6618,78,7253,90,0,4,10,96,5,427,0,18,6
09-18-20,Houston,180,13,169,12,11,1,194,10,1933,26,2127,36,0,0,8,53,5,127,3,16,1
09-18-20,Humphreys,227,8,198,8,29,0,254,8,4886,96,5140,104,0,3,6,37,2,187,1,7,4
09-18-20,Jackson,301,6,272,2,29,4,337,6,2198,16,2535,22,1,4,3,38,2,259,1,17,4
09-18-20,Jefferson,1047,5,940,4,107,1,1091,8,15152,223,16243,231,1,14,-19,96,23,937,0,53,14
09-18-20,Johnson,632,12,623,12,9,0,684,15,5320,70,6004,85,0,2,-97,69,109,561,1,21,2
09-18-20,Knox,9021,110,8678,106,343,4,9798,123,118032,1608,127830,1731,3,71,-13,1083,120,7867,3,344,74
09-18-20,Lake,867,4,864,4,3,0,1066,4,5851,323,6917,327,0,2,4,14,0,851,1,7,2
09-18-20,Lauderdale,928,6,867,4,61,2,1019,7,9947,148,10966,155,0,14,-79,76,85,838,0,43,16
09-18-20,Lawrence,944,16,930,15,14,1,1086,15,9522,70,10608,85,0,11,12,123,4,810,0,37,13
09-18-20,Lewis,171,4,170,4,1,0,189,8,4107,75,4296,83,0,1,3,19,1,151,0,11,1
09-18-20,Lincoln,574,9,568,9,6,0,693,11,7329,82,8022,93,0,1,-1,66,10,507,0,18,1
09-18-20,Loudon,1093,4,1061,4,32,0,1211,5,11705,106,12916,111,0,6,0,90,4,997,0,34,6
09-18-20,Macon,1002,3,988,3,14,0,1230,4,6612,24,7842,28,0,19,-3,33,6,950,0,76,20
09-18-20,Madison,2639,47,2145,22,494,25,2855,47,24583,497,27438,544,1,56,13,135,33,2448,0,177,68
09-18-20,Marion,505,13,499,12,6,1,602,14,5342,118,5944,132,0,7,5,83,8,415,3,38,8
09-18-20,Marshall,701,8,697,8,4,0,795,9,8275,49,9070,58,0,4,4,80,4,617,0,20,5
09-18-20,Maury,2189,26,2173,26,16,0,2535,24,23105,365,25640,389,0,22,3,245,23,1922,1,79,23
09-18-20,McMinn,1055,25,1042,24,13,1,1216,23,15005,299,16221,322,0,24,17,134,8,897,1,59,25
09-18-20,McNairy,784,11,641,6,143,5,890,14,6222,109,7112,123,0,16,3,128,8,640,0,34,18
09-18-20,Meigs,217,2,213,2,4,0,249,2,2769,40,3018,42,0,3,-2,29,4,185,0,10,3
09-18-20,Monroe,989,11,950,11,39,0,1109,15,9859,112,10968,127,0,16,4,92,7,881,0,67,17
09-18-20,Montgomery,2941,24,2840,22,101,2,3315,25,37142,466,40457,491,0,41,-18,184,42,2716,0,122,47
09-18-20,Moore,147,2,137,2,10,0,172,2,2040,17,2212,19,0,1,0,22,2,124,0,2,1
09-18-20,Morgan,301,4,284,4,17,0,332,7,7718,153,8050,160,0,3,3,29,1,269,1,8,3
09-18-20,Obion,1079,15,1051,15,28,0,1188,19,8864,148,10052,167,0,9,6,119,9,951,0,43,11
09-18-20,Out of State,2057,21,2008,21,49,0,2343,25,251685,2770,254028,2795,0,23,2,126,19,1908,0,74,14
09-18-20,Overton,671,9,605,4,66,5,741,10,6361,21,7102,31,0,3,4,124,5,544,0,24,4
09-18-20,Pending,771,12,723,11,48,1,895,14,162743,1632,163638,1646,0,6,1,63,11,702,0,10,1
09-18-20,Perry,140,3,126,3,14,0,156,3,3137,28,3293,31,0,0,3,16,0,124,0,6,0
09-18-20,Pickett,93,0,76,0,17,0,101,0,894,9,995,9,0,2,-3,9,3,82,0,4,2
09-18-20,Polk,383,2,375,2,8,0,442,2,3440,37,3882,39,0,11,-1,9,3,363,0,19,11
09-18-20,Putnam,3010,62,2824,48,186,14,3625,72,27122,361,30747,433,1,37,18,454,43,2519,1,111,41
09-18-20,Rhea,766,2,763,2,3,0,918,4,9791,98,10709,102,0,11,-5,60,7,695,1,28,13
09-18-20,Roane,822,15,790,11,32,4,968,12,16031,152,16999,164,0,3,3,109,12,710,0,32,4
09-18-20,Robertson,2158,10,2133,8,25,2,2612,10,15740,138,18352,148,0,34,3,109,7,2015,1,160,36
09-18-20,Rutherford,8953,65,8888,64,65,1,10956,71,76189,1000,87145,1071,1,87,15,456,49,8410,0,260,89
09-18-20,Scott,199,5,190,5,9,0,213,5,3907,55,4120,60,0,2,3,22,2,175,2,16,2
09-18-20,Sequatchie,215,2,213,2,2,0,247,3,4598,49,4845,52,-1,2,-1,33,4,180,0,10,1
09-18-20,Sevier,2503,12,2434,12,69,0,2793,13,23846,160,26639,173,0,13,-6,132,18,2358,2,89,17
09-18-20,Shelby,30107,97,29806,93,301,4,37304,129,345203,2844,382507,2973,3,443,-47,1425,141,28239,6,2128,502
09-18-20,Smith,677,5,651,5,26,0,846,5,5116,32,5962,37,0,10,-3,68,8,599,0,29,10
09-18-20,Stewart,148,8,137,7,11,1,175,8,2524,29,2699,37,0,2,7,35,1,111,0,6,2
09-18-20,Sullivan,2034,18,1925,15,109,3,2196,22,26848,352,29044,374,0,31,-5,126,23,1877,1,166,31
09-18-20,Sumner,4672,16,4638,15,34,1,5567,17,40440,374,46007,391,0,93,-9,233,25,4346,2,391,101
09-18-20,Tipton,1722,11,1621,11,101,0,2038,12,19358,185,21396,197,0,17,-14,129,25,1576,1,89,20
09-18-20,Trousdale,1647,2,1642,1,5,1,1723,2,4703,24,6426,26,0,7,2,17,0,1623,0,25,7
09-18-20,Unicoi,271,3,267,3,4,0,312,4,5490,75,5802,79,0,1,1,26,2,244,1,13,1
09-18-20,Union,326,12,301,9,25,3,341,11,4094,90,4435,101,0,1,6,64,6,261,1,11,1
09-18-20,Van Buren,147,0,132,0,15,0,163,0,1669,19,1832,19,0,0,-4,29,4,118,0,7,0
09-18-20,Warren,1011,3,927,3,84,0,1134,5,12091,71,13225,76,0,7,-9,67,12,937,0,16,8
09-18-20,Washington,2116,29,2066,29,50,0,2418,30,27121,467,29539,497,4,32,0,212,25,1872,0,100,32
09-18-20,Wayne,1477,2,1465,1,12,1,1607,2,5651,38,7258,40,0,5,-2,34,4,1438,1,20,7
09-18-20,Weakley,1127,11,1048,10,79,1,1239,13,9843,126,11082,139,0,18,0,118,11,991,1,32,20
09-18-20,White,761,15,699,13,62,2,933,18,8515,220,9448,238,0,8,7,114,8,639,0,39,9
09-18-20,Williamson,5040,30,4976,28,64,2,5936,39,61175,575,67111,614,1,36,2,352,27,4652,0,117,36
09-18-20,Wilson,3318,26,3290,25,28,1,3947,27,34606,246,38553,273,1,39,1,208,24,3071,0,112,44
09-17-20,Anderson,1100,23,1065,21,35,2,1258,20,23199,434,24457,454,0,11,16,112,7,977,1,42,12
09-17-20,Bedford,1278,14,1223,10,55,4,1517,19,11634,106,13151,125,0,15,9,96,5,1167,2,53,17
09-17-20,Benton,334,5,320,4,14,1,359,7,3828,67,4187,74,0,9,-2,32,7,293,0,17,8
09-17-20,Bledsoe,840,0,835,0,5,0,881,1,7171,52,8052,53,0,4,-4,27,4,809,0,18,4
09-17-20,Blount,2400,16,2353,16,47,0,2792,20,25635,282,28427,302,0,21,0,149,16,2230,0,111,24
09-17-20,Bradley,2828,12,2742,11,86,1,3350,13,23114,144,26464,157,0,16,-1,149,13,2663,0,160,17
09-17-20,Campbell,415,4,388,4,27,0,457,2,9900,229,10357,231,0,3,0,36,4,376,0,21,3
09-17-20,Cannon,266,1,252,1,14,0,316,1,3547,90,3863,91,0,0,-1,27,2,239,0,9,0
09-17-20,Carroll,798,20,682,18,116,2,853,15,8902,184,9755,199,0,16,11,104,9,678,0,45,17
09-17-20,Carter,1092,8,1043,8,49,0,1199,8,13787,73,14986,81,1,27,-2,82,9,983,0,79,27
09-17-20,Cheatham,778,2,771,2,7,0,944,2,9686,91,10630,93,0,10,1,42,1,726,0,28,10
09-17-20,Chester,563,13,468,11,95,2,626,14,4608,42,5234,56,0,8,4,94,9,461,0,20,11
09-17-20,Claiborne,420,3,385,2,35,1,470,3,9437,57,9907,60,0,4,2,24,1,392,0,20,5
09-17-20,Clay,177,12,152,12,25,0,185,12,2508,60,2693,72,0,5,12,45,0,127,0,6,5
09-17-20,Cocke,723,2,674,2,49,0,774,4,7194,64,7968,68,0,9,-5,33,7,681,0,38,9
09-17-20,Coffee,1035,25,953,24,82,1,1235,29,16651,386,17886,415,0,11,13,186,12,838,0,35,12
09-17-20,Crockett,505,10,444,9,61,1,572,12,3334,42,3906,54,0,19,3,58,7,428,0,20,19
09-17-20,Cumberland,1121,22,1094,19,27,3,1365,24,20261,166,21626,190,0,16,14,113,8,992,1,55,19
09-17-20,Davidson,26293,129,26146,129,147,0,33040,152,291668,2359,324708,2511,0,284,-54,1028,183,24981,3,1084,302
09-17-20,Decatur,448,20,353,18,95,2,491,21,5028,46,5519,67,0,6,15,97,5,345,0,15,7
09-17-20,Dekalb,507,3,488,3,19,0,629,3,7358,143,7987,146,1,10,0,29,2,468,1,24,13
09-17-20,Dickson,1160,8,1058,6,102,2,1452,10,12965,153,14417,163,0,12,-5,92,13,1056,0,55,14
09-17-20,Dyer,1234,22,1150,21,84,1,1333,22,9737,201,11070,223,0,13,8,152,14,1069,0,63,13
09-17-20,Fayette,1121,16,1091,16,30,0,1420,18,14311,128,15731,146,0,16,4,108,12,997,0,79,21
09-17-20,Fentress,406,29,362,26,44,3,445,29,3528,58,3973,87,0,3,19,94,10,309,0,22,3
09-17-20,Franklin,862,30,833,29,29,1,1010,32,13757,156,14767,188,0,7,19,196,11,659,1,40,7
09-17-20,Gibson,1450,24,1175,17,275,7,1593,28,13121,167,14714,195,0,19,11,208,13,1223,0,57,23
09-17-20,Giles,548,4,545,4,3,0,657,5,7854,96,8511,101,0,17,0,58,4,473,0,34,17
09-17-20,Grainger,333,5,313,5,20,0,383,5,5372,76,5755,81,1,2,-4,32,8,299,0,20,2
09-17-20,Greene,1061,29,1001,27,60,2,1239,24,13553,188,14792,212,2,34,16,96,11,931,2,78,40
09-17-20,Grundy,221,13,209,11,12,2,253,15,2235,41,2488,56,0,5,11,53,2,163,0,27,5
09-17-20,Hamblen,1831,19,1734,15,97,4,1979,22,19391,138,21370,160,2,25,9,83,8,1723,4,95,27
09-17-20,Hamilton,8940,64,8728,62,212,2,10314,67,123031,1362,133345,1429,0,85,-2,479,66,8376,2,384,92
09-17-20,Hancock,107,0,98,0,9,0,114,0,1767,19,1881,19,0,2,-1,6,1,99,0,11,3
09-17-20,Hardeman,1532,22,1471,21,61,1,1768,25,13195,107,14963,132,0,25,18,211,4,1296,0,65,26
09-17-20,Hardin,933,13,790,10,143,3,1030,15,10950,86,11980,101,0,14,6,103,7,816,0,26,15
09-17-20,Hawkins,737,6,719,6,18,0,847,7,8729,70,9576,77,1,15,3,40,2,682,0,54,18
09-17-20,Haywood,913,14,867,14,46,0,1002,17,5673,77,6675,94,0,16,4,77,10,820,0,45,20
09-17-20,Henderson,1077,10,876,10,201,0,1331,15,7780,82,9111,97,0,19,-4,107,14,951,0,39,20
09-17-20,Henry,587,13,573,13,14,0,695,14,8866,130,9561,144,1,9,8,55,4,523,1,37,9
09-17-20,Hickman,512,7,485,7,27,0,623,9,6540,204,7163,213,0,4,2,86,5,422,0,18,6
09-17-20,Houston,167,6,157,6,10,0,184,6,1907,47,2091,53,0,0,4,45,2,122,1,13,1
09-17-20,Humphreys,219,4,190,3,29,1,246,4,4790,49,5036,53,0,3,-1,31,5,185,0,6,3
09-17-20,Jackson,295,2,270,2,25,0,331,2,2182,17,2513,19,0,3,1,35,1,257,0,16,4
09-17-20,Jefferson,1042,20,936,19,106,1,1083,22,14929,205,16012,227,0,13,6,115,14,914,1,53,14
09-17-20,Johnson,620,6,611,6,9,0,669,6,5250,31,5919,37,0,2,2,166,4,452,1,20,2
09-17-20,Knox,8911,127,8572,120,339,7,9675,128,116424,1541,126099,1669,0,68,-2,1096,129,7747,6,341,74
09-17-20,Lake,863,1,860,1,3,0,1062,1,5528,34,6590,35,0,2,-1,10,2,851,0,6,2
09-17-20,Lauderdale,922,11,863,10,59,1,1012,11,9799,307,10811,318,0,14,8,155,3,753,0,43,16
09-17-20,Lawrence,928,18,915,16,13,2,1071,12,9452,77,10523,89,0,11,3,111,15,806,0,37,13
09-17-20,Lewis,167,6,166,6,1,0,181,3,4032,44,4213,47,0,1,5,16,1,150,0,11,1
09-17-20,Lincoln,565,3,559,3,6,0,682,3,7247,138,7929,141,0,1,-6,67,9,497,0,18,1
09-17-20,Loudon,1089,17,1057,17,32,0,1206,21,11599,149,12805,170,0,6,9,90,8,993,0,34,6
09-17-20,Macon,999,4,985,4,14,0,1226,4,6588,44,7814,48,0,19,-4,36,8,944,0,76,20
09-17-20,Madison,2592,44,2123,30,469,14,2808,50,24086,266,26894,316,0,55,14,122,30,2415,3,177,68
09-17-20,Marion,492,9,487,9,5,0,588,9,5224,55,5812,64,0,7,-1,78,10,407,0,35,7
09-17-20,Marshall,693,11,689,11,4,0,786,13,8226,60,9012,73,0,4,5,76,6,613,0,20,5
09-17-20,Maury,2163,38,2147,38,16,0,2511,41,22740,379,25251,420,0,22,12,242,26,1899,0,78,23
09-17-20,McMinn,1030,14,1018,14,12,0,1193,18,14706,133,15899,151,0,24,3,117,11,889,1,58,25
09-17-20,McNairy,773,11,635,10,138,1,876,12,6113,71,6989,83,0,16,0,125,11,632,0,34,18
09-17-20,Meigs,215,6,211,6,4,0,247,6,2729,40,2976,46,0,3,5,31,1,181,0,10,3
09-17-20,Monroe,978,9,939,9,39,0,1094,10,9747,163,10841,173,0,16,1,88,8,874,0,67,17
09-17-20,Montgomery,2917,24,2818,23,99,1,3290,25,36676,284,39966,309,0,41,-3,202,27,2674,1,122,47
09-17-20,Moore,145,3,135,2,10,1,170,2,2023,46,2193,48,0,1,1,22,2,122,0,2,1
09-17-20,Morgan,297,3,280,3,17,0,325,1,7565,51,7890,52,0,3,1,26,2,268,0,7,3
09-17-20,Obion,1064,15,1036,15,28,0,1169,18,8716,126,9885,144,0,9,3,113,12,942,0,43,11
09-17-20,Out of State,2036,14,1987,14,49,0,2318,15,248915,2294,251233,2309,-1,23,-3,124,18,1889,1,74,14
09-17-20,Overton,662,15,601,15,61,0,731,16,6340,125,7071,141,0,3,9,120,6,539,0,24,4
09-17-20,Pending,759,11,712,9,47,2,881,13,161111,1451,161992,1464,0,6,2,62,9,691,0,10,1
09-17-20,Perry,137,2,123,2,14,0,153,2,3109,48,3262,50,0,0,-1,13,3,124,0,6,0
09-17-20,Pickett,93,1,76,0,17,1,101,2,885,5,986,7,0,2,0,12,1,79,0,4,2
09-17-20,Polk,381,1,373,1,8,0,440,2,3403,40,3843,42,0,11,-3,10,4,360,0,19,11
09-17-20,Putnam,2948,55,2776,38,172,17,3553,63,26761,464,30314,527,0,36,23,436,32,2476,1,110,39
09-17-20,Rhea,764,8,761,8,3,0,914,10,9693,90,10607,100,0,11,6,65,2,688,0,27,13
09-17-20,Roane,807,19,779,18,28,1,956,15,15879,213,16835,228,0,3,13,106,6,698,0,32,4
09-17-20,Robertson,2148,11,2125,10,23,1,2602,11,15602,115,18204,126,1,34,-11,106,21,2008,2,159,35
09-17-20,Rutherford,8888,77,8824,69,64,8,10885,86,75189,805,86074,891,1,86,33,441,43,8361,4,260,89
09-17-20,Scott,194,6,185,5,9,1,208,4,3852,42,4060,46,0,2,5,19,1,173,0,14,2
09-17-20,Sequatchie,213,2,211,2,2,0,244,2,4549,38,4793,40,0,3,0,34,2,176,0,10,1
09-17-20,Sevier,2491,23,2422,23,69,0,2780,22,23686,289,26466,311,0,13,10,138,13,2340,0,87,17
09-17-20,Shelby,30010,173,29713,158,297,15,37175,234,342359,3319,379534,3553,0,440,26,1472,147,28098,6,2122,495
09-17-20,Smith,672,9,646,6,26,3,841,13,5084,92,5925,105,0,10,0,71,9,591,0,29,10
09-17-20,Stewart,140,9,130,8,10,1,167,9,2495,37,2662,46,0,2,7,28,2,110,0,6,2
09-17-20,Sullivan,2016,25,1910,19,106,6,2174,29,26496,334,28670,363,0,31,10,131,15,1854,0,165,31
09-17-20,Sumner,4656,36,4623,36,33,0,5550,46,40066,498,45616,544,1,93,6,242,29,4321,1,389,100
09-17-20,Tipton,1711,19,1610,17,101,2,2026,23,19173,272,21199,295,0,17,12,143,7,1551,1,88,19
09-17-20,Trousdale,1645,1,1641,1,4,0,1721,1,4679,29,6400,30,0,7,0,15,1,1623,0,25,7
09-17-20,Unicoi,268,4,264,4,4,0,308,4,5415,72,5723,76,0,1,1,25,3,242,0,12,1
09-17-20,Union,314,17,292,15,22,2,330,14,4004,58,4334,72,0,1,15,58,2,255,0,10,1
09-17-20,Van Buren,147,2,132,2,15,0,163,2,1650,8,1813,10,0,0,-3,33,5,114,1,7,0
09-17-20,Warren,1008,8,924,8,84,0,1129,9,12020,229,13149,238,-1,7,1,76,8,925,0,16,8
09-17-20,Washington,2087,23,2037,23,50,0,2388,32,26654,385,29042,417,1,28,3,212,19,1847,1,100,32
09-17-20,Wayne,1475,4,1464,4,11,0,1605,5,5613,133,7218,138,0,5,1,36,3,1434,0,19,7
09-17-20,Weakley,1116,38,1038,38,78,0,1226,44,9717,188,10943,232,1,18,24,118,13,980,0,31,20
09-17-20,White,746,22,686,20,60,2,915,28,8295,122,9210,150,0,8,13,107,9,631,0,39,9
09-17-20,Williamson,5010,47,4948,46,62,1,5897,52,60600,619,66497,671,0,35,1,350,46,4625,1,117,36
09-17-20,Wilson,3292,41,3265,40,27,1,3920,47,34360,329,38280,376,1,38,9,207,31,3047,3,112,42
09-16-20,Anderson,1077,9,1044,9,33,0,1238,12,22765,135,24003,147,0,11,-4,96,13,970,0,41,12
09-16-20,Bedford,1264,3,1213,3,51,0,1498,3,11528,43,13026,46,0,15,-8,87,11,1162,0,51,17
09-16-20,Benton,329,1,316,1,13,0,352,1,3761,17,4113,18,0,9,-3,34,4,286,0,17,8
09-16-20,Bledsoe,840,3,835,3,5,0,880,4,7119,27,7999,31,0,4,2,31,1,805,0,18,4
09-16-20,Blount,2384,12,2337,10,47,2,2772,11,25353,191,28125,202,0,21,-1,149,13,2214,0,111,22
09-16-20,Bradley,2816,15,2731,13,85,2,3337,18,22970,99,26307,117,0,16,-4,150,19,2650,2,160,17
09-16-20,Campbell,411,6,384,5,27,1,455,7,9671,19,10126,26,0,3,1,36,5,372,1,21,3
09-16-20,Cannon,265,5,251,5,14,0,315,5,3457,29,3772,34,0,0,0,28,5,237,0,9,0
09-16-20,Carroll,778,4,664,2,114,2,838,3,8718,69,9556,72,0,16,-12,93,16,669,0,45,17
09-16-20,Carter,1084,6,1035,6,49,0,1191,8,13714,58,14905,66,0,26,-4,84,10,974,1,79,27
09-16-20,Cheatham,776,2,769,2,7,0,942,3,9595,39,10537,42,0,10,-3,41,5,725,0,28,10
09-16-20,Chester,550,7,457,3,93,4,612,10,4566,95,5178,105,0,8,4,90,3,452,1,20,11
09-16-20,Claiborne,417,4,383,2,34,2,467,7,9380,44,9847,51,0,4,-4,22,8,391,0,20,5
09-16-20,Clay,165,5,140,2,25,3,173,5,2448,8,2621,13,1,5,3,33,1,127,0,6,5
09-16-20,Cocke,721,0,672,0,49,0,770,0,7130,24,7900,24,0,9,-5,38,5,674,0,38,9
09-16-20,Coffee,1010,10,929,10,81,0,1206,8,16265,93,17471,101,1,11,-5,173,14,826,1,35,12
09-16-20,Crockett,495,2,435,0,60,2,560,2,3292,22,3852,24,0,19,-2,55,4,421,0,20,19
09-16-20,Cumberland,1099,7,1075,5,24,2,1341,11,20095,60,21436,71,1,16,-11,99,17,984,1,54,19
09-16-20,Davidson,26164,70,26017,67,147,3,32888,74,289309,1713,322197,1787,1,284,-8,1082,77,24798,2,1081,302
09-16-20,Decatur,428,2,335,2,93,0,470,2,4982,10,5452,12,0,6,-10,82,12,340,2,15,7
09-16-20,Dekalb,504,0,485,0,19,0,626,0,7215,42,7841,42,0,9,-3,29,3,466,0,23,12
09-16-20,Dickson,1152,6,1052,6,100,0,1442,7,12812,115,14254,122,0,12,-6,97,12,1043,1,55,14
09-16-20,Dyer,1212,18,1129,8,83,10,1311,19,9536,85,10847,104,0,13,2,144,16,1055,0,63,13
09-16-20,Fayette,1105,4,1075,4,30,0,1402,4,14183,114,15585,118,0,16,-4,104,8,985,0,79,21
09-16-20,Fentress,377,6,336,4,41,2,416,6,3470,17,3886,23,0,3,1,75,5,299,0,22,3
09-16-20,Franklin,832,5,804,5,28,0,978,6,13601,36,14579,42,0,7,-15,177,20,648,1,39,7
09-16-20,Gibson,1426,19,1158,16,268,3,1565,22,12954,240,14519,262,0,19,-10,197,29,1210,0,57,21
09-16-20,Giles,544,9,541,9,3,0,652,8,7758,88,8410,96,0,17,2,58,7,469,1,34,17
09-16-20,Grainger,328,1,308,1,20,0,378,1,5296,13,5674,14,0,1,-1,36,2,291,0,20,2
09-16-20,Greene,1032,21,974,21,58,0,1215,22,13365,94,14580,116,0,32,10,80,11,920,1,76,39
09-16-20,Grundy,208,10,198,10,10,0,238,10,2194,19,2432,29,1,5,6,42,3,161,1,27,5
09-16-20,Hamblen,1812,7,1719,6,93,1,1957,6,19253,50,21210,56,1,23,2,74,4,1715,0,91,26
09-16-20,Hamilton,8876,25,8666,21,210,4,10247,24,121669,280,131916,304,0,85,-45,481,70,8310,1,382,91
09-16-20,Hancock,107,0,98,0,9,0,114,0,1748,10,1862,10,0,2,0,7,0,98,0,11,3
09-16-20,Hardeman,1510,5,1450,4,60,1,1743,5,13088,13,14831,18,0,25,2,193,3,1292,0,65,26
09-16-20,Hardin,920,4,780,3,140,1,1015,3,10864,141,11879,144,0,14,-10,97,14,809,0,26,15
09-16-20,Hawkins,731,6,713,6,18,0,840,5,8659,67,9499,72,0,14,5,37,1,680,1,54,17
09-16-20,Haywood,899,4,853,4,46,0,985,7,5596,45,6581,52,1,16,-1,73,4,810,2,45,19
09-16-20,Henderson,1067,5,866,4,201,1,1316,7,7698,68,9014,75,1,19,-8,111,12,937,0,39,20
09-16-20,Henry,574,1,560,1,14,0,681,1,8736,26,9417,27,0,8,-13,47,14,519,1,36,9
09-16-20,Hickman,505,1,478,1,27,0,614,2,6336,30,6950,32,0,4,-8,84,9,417,0,18,6
09-16-20,Houston,161,0,151,0,10,0,178,0,1860,4,2038,4,0,0,-3,41,3,120,0,12,0
09-16-20,Humphreys,215,0,187,0,28,0,242,0,4741,30,4983,30,0,3,-4,32,4,180,0,6,3
09-16-20,Jackson,293,2,268,2,25,0,329,2,2165,15,2494,17,0,3,1,34,1,256,0,16,4
09-16-20,Jefferson,1022,6,917,4,105,2,1061,5,14724,79,15785,84,0,13,-22,109,28,900,1,52,14
09-16-20,Johnson,614,7,605,7,9,0,663,7,5219,40,5882,47,0,2,2,164,5,448,0,19,2
09-16-20,Knox,8784,99,8452,75,332,24,9547,110,114883,754,124430,864,1,68,-72,1098,170,7618,3,335,72
09-16-20,Lake,862,1,859,0,3,1,1061,1,5494,5,6555,6,0,2,-2,11,3,849,0,6,2
09-16-20,Lauderdale,911,5,853,3,58,2,1001,6,9492,103,10493,109,0,14,-2,147,7,750,0,43,16
09-16-20,Lawrence,910,16,899,16,11,0,1059,16,9375,51,10434,67,0,11,9,108,7,791,0,37,13
09-16-20,Lewis,161,0,160,0,1,0,178,0,3988,18,4166,18,0,1,0,11,0,149,0,11,1
09-16-20,Lincoln,562,5,556,5,6,0,679,6,7109,180,7788,186,0,1,-4,73,9,488,0,18,1
09-16-20,Loudon,1072,3,1040,3,32,0,1185,5,11450,214,12635,219,0,6,-14,81,17,985,0,34,6
09-16-20,Macon,995,2,981,2,14,0,1222,3,6544,91,7766,94,0,19,1,40,1,936,0,76,20
09-16-20,Madison,2548,19,2093,10,455,9,2758,21,23820,97,26578,118,1,55,-9,108,27,2385,3,174,68
09-16-20,Marion,483,7,478,7,5,0,579,7,5169,90,5748,97,0,7,2,79,5,397,0,35,7
09-16-20,Marshall,682,19,678,19,4,0,773,20,8166,142,8939,162,0,4,7,71,12,607,0,20,5
09-16-20,Maury,2125,26,2109,25,16,1,2470,31,22361,199,24831,230,1,22,6,230,19,1873,1,78,22
09-16-20,McMinn,1016,30,1004,30,12,0,1175,30,14573,73,15748,103,0,24,19,114,11,878,1,57,24
09-16-20,McNairy,762,10,625,5,137,5,864,11,6042,40,6906,51,1,16,2,125,7,621,0,34,18
09-16-20,Meigs,209,0,205,0,4,0,241,0,2689,25,2930,25,0,3,-5,26,5,180,0,10,3
09-16-20,Monroe,969,3,930,3,39,0,1084,3,9584,62,10668,65,0,16,-13,87,16,866,0,67,17
09-16-20,Montgomery,2893,9,2795,9,98,0,3265,11,36392,299,39657,310,0,41,-9,205,18,2647,0,121,47
09-16-20,Moore,142,2,133,1,9,1,168,2,1977,14,2145,16,0,1,0,21,2,120,0,2,1
09-16-20,Morgan,294,3,277,3,17,0,324,8,7514,41,7838,49,1,3,-3,25,5,266,0,7,3
09-16-20,Obion,1049,6,1021,5,28,1,1151,7,8590,27,9741,34,1,9,-12,110,17,930,0,43,11
09-16-20,Out of State,2022,18,1973,16,49,2,2303,22,246621,1258,248924,1280,-1,24,-17,127,36,1871,0,73,13
09-16-20,Overton,647,6,586,4,61,2,715,6,6215,63,6930,69,0,3,0,111,6,533,0,24,4
09-16-20,Pending,748,11,703,9,45,2,868,11,159660,1151,160528,1162,-1,6,3,60,9,682,0,10,1
09-16-20,Perry,135,0,121,0,14,0,151,0,3061,12,3212,12,0,0,-1,14,1,121,0,6,0
09-16-20,Pickett,92,0,76,0,16,0,99,0,880,1,979,1,0,2,0,12,0,78,0,4,2
09-16-20,Polk,380,2,372,2,8,0,438,1,3363,29,3801,30,0,11,2,13,0,356,1,19,11
09-16-20,Putnam,2893,45,2738,35,155,10,3490,49,26297,162,29787,211,0,36,13,413,32,2444,0,109,39
09-16-20,Rhea,756,5,753,5,3,0,904,5,9603,49,10507,54,2,11,-2,59,5,686,0,27,12
09-16-20,Roane,788,13,761,13,27,0,941,14,15666,142,16607,156,-1,3,3,93,11,692,0,32,4
09-16-20,Robertson,2137,4,2115,4,22,0,2591,4,15487,65,18078,69,1,33,-12,117,15,1987,0,157,35
09-16-20,Rutherford,8811,44,8755,43,56,1,10799,46,74384,548,85183,594,0,85,-6,408,50,8318,0,256,88
09-16-20,Scott,188,2,180,2,8,0,204,2,3810,16,4014,18,0,2,1,14,1,172,0,14,2
09-16-20,Sequatchie,211,7,209,7,2,0,242,8,4511,28,4753,36,1,3,5,34,1,174,0,10,1
09-16-20,Sevier,2468,6,2399,5,69,1,2758,6,23397,99,26155,105,0,13,-3,128,9,2327,0,87,16
09-16-20,Shelby,29837,147,29555,139,282,8,36941,197,339040,3063,375981,3260,7,440,-25,1446,165,27951,3,2116,492
09-16-20,Smith,663,5,640,5,23,0,828,7,4992,73,5820,80,0,10,-3,71,8,582,1,29,10
09-16-20,Stewart,131,4,122,4,9,0,158,4,2458,15,2616,19,0,2,2,21,2,108,0,6,2
09-16-20,Sullivan,1991,16,1891,15,100,1,2145,19,26162,280,28307,299,0,31,-2,121,18,1839,0,165,31
09-16-20,Sumner,4620,12,4587,12,33,0,5504,15,39568,131,45072,146,0,92,-7,236,19,4292,2,388,99
09-16-20,Tipton,1692,7,1593,3,99,4,2003,8,18901,197,20904,205,0,17,-2,131,9,1544,0,87,19
09-16-20,Trousdale,1644,0,1640,0,4,0,1720,0,4650,17,6370,17,0,7,0,15,0,1622,0,25,7
09-16-20,Unicoi,264,2,260,1,4,1,304,2,5343,46,5647,48,0,1,0,24,2,239,0,12,1
09-16-20,Union,297,2,277,0,20,2,316,0,3946,24,4262,24,0,1,-1,43,3,253,0,10,1
09-16-20,Van Buren,145,9,130,8,15,1,161,10,1642,43,1803,53,0,0,4,36,5,109,0,6,0
09-16-20,Warren,1000,5,916,3,84,2,1120,6,11791,56,12911,62,0,8,-5,75,10,917,0,16,8
09-16-20,Washington,2064,26,2014,24,50,2,2356,23,26269,165,28625,188,1,27,6,209,19,1828,2,99,32
09-16-20,Wayne,1471,1,1460,1,11,0,1600,2,5480,36,7080,38,1,5,-2,35,2,1431,0,19,7
09-16-20,Weakley,1078,8,1000,7,78,1,1182,7,9529,65,10711,72,0,17,-7,94,15,967,0,31,19
09-16-20,White,724,9,666,5,58,4,887,10,8173,67,9060,77,0,8,0,94,9,622,0,39,9
09-16-20,Williamson,4963,28,4902,27,61,1,5845,28,59981,406,65826,434,0,35,-7,349,35,4579,2,116,36
09-16-20,Wilson,3251,9,3225,9,26,0,3873,10,34031,186,37904,196,0,37,-21,198,30,3016,0,109,40
09-15-20,Anderson,1068,16,1035,16,33,0,1226,16,22630,223,23856,239,1,11,4,100,11,957,1,41,12
09-15-20,Bedford,1261,15,1210,12,51,3,1495,15,11485,272,12980,287,1,15,2,95,12,1151,2,51,17
09-15-20,Benton,328,8,315,6,13,2,351,9,3744,113,4095,122,0,9,1,37,7,282,0,17,8
09-15-20,Bledsoe,837,2,832,2,5,0,876,1,7092,202,7968,203,0,4,1,29,1,804,0,18,4
09-15-20,Blount,2372,13,2327,10,45,3,2761,19,25162,324,27923,343,0,21,-12,150,25,2201,1,111,22
09-15-20,Bradley,2801,7,2718,7,83,0,3319,7,22871,261,26190,268,0,16,-17,154,24,2631,0,158,17
09-15-20,Campbell,405,5,379,5,26,0,448,5,9652,101,10100,106,0,3,0,35,5,367,0,20,3
09-15-20,Cannon,260,3,246,3,14,0,310,3,3428,51,3738,54,0,0,-2,28,5,232,0,9,0
09-15-20,Carroll,774,16,662,13,112,3,835,17,8649,377,9484,394,1,16,4,105,11,653,0,45,17
09-15-20,Carter,1078,9,1029,9,49,0,1183,8,13656,211,14839,219,0,26,-4,88,13,964,0,78,27
09-15-20,Cheatham,774,13,767,13,7,0,939,13,9556,83,10495,96,0,10,12,44,1,720,0,28,10
09-15-20,Chester,543,16,454,3,89,13,602,25,4471,118,5073,143,0,8,10,86,6,449,0,19,11
09-15-20,Claiborne,413,6,381,4,32,2,460,6,9336,198,9796,204,0,4,1,26,5,383,0,20,4
09-15-20,Clay,160,8,138,6,22,2,168,9,2440,51,2608,60,0,4,7,30,1,126,0,6,5
09-15-20,Cocke,721,7,672,6,49,1,770,6,7106,72,7876,78,0,9,5,43,2,669,0,38,9
09-15-20,Coffee,1000,29,919,26,81,3,1198,35,16172,275,17370,310,1,10,7,178,21,812,0,34,12
09-15-20,Crockett,493,8,435,8,58,0,558,23,3270,474,3828,497,0,19,2,57,6,417,0,20,19
09-15-20,Cumberland,1092,15,1070,15,22,0,1330,18,20035,365,21365,383,3,15,-17,110,29,967,0,53,19
09-15-20,Davidson,26094,156,25950,142,144,14,32814,183,287596,3191,320410,3374,2,283,64,1090,90,24721,1,1079,301
09-15-20,Decatur,426,9,333,8,93,1,468,9,4972,40,5440,49,1,6,0,92,8,328,0,13,7
09-15-20,Dekalb,504,11,485,10,19,1,626,11,7173,43,7799,54,0,9,9,32,2,463,1,23,11
09-15-20,Dickson,1146,9,1046,8,100,1,1435,11,12697,114,14132,125,0,12,-8,103,17,1031,0,54,14
09-15-20,Dyer,1194,22,1121,19,73,3,1292,21,9451,128,10743,149,1,13,1,142,20,1039,0,63,13
09-15-20,Fayette,1101,20,1071,17,30,3,1398,26,14069,118,15467,144,2,16,12,108,6,977,0,79,20
09-15-20,Fentress,371,18,332,16,39,2,410,20,3453,36,3863,56,0,3,7,74,11,294,1,22,3
09-15-20,Franklin,827,29,799,28,28,1,972,34,13565,115,14537,149,0,7,3,192,26,628,2,38,7
09-15-20,Gibson,1407,24,1142,15,265,9,1543,29,12714,309,14257,338,0,19,6,207,18,1181,0,57,21
09-15-20,Giles,535,4,532,4,3,0,644,6,7670,57,8314,63,0,17,-2,56,6,462,0,33,17
09-15-20,Grainger,327,7,307,6,20,1,377,7,5283,65,5660,72,0,1,5,37,2,289,0,20,2
09-15-20,Greene,1011,2,953,2,58,0,1193,7,13271,180,14464,187,2,32,-13,70,13,909,0,75,36
09-15-20,Grundy,198,6,188,3,10,3,228,6,2175,18,2403,24,0,4,5,36,1,158,0,26,5
09-15-20,Hamblen,1805,14,1713,13,92,1,1951,14,19203,351,21154,365,0,22,7,72,7,1711,0,91,24
09-15-20,Hamilton,8851,107,8645,93,206,14,10223,105,121389,1403,131612,1508,0,85,45,526,62,8240,4,381,90
09-15-20,Hancock,107,0,98,0,9,0,114,0,1738,11,1852,11,0,2,0,7,0,98,0,11,3
09-15-20,Hardeman,1505,12,1446,10,59,2,1738,14,13075,59,14813,73,0,25,7,191,5,1289,0,65,26
09-15-20,Hardin,916,14,777,12,139,2,1012,14,10723,83,11735,97,0,14,-4,107,18,795,1,26,15
09-15-20,Hawkins,725,6,707,6,18,0,835,6,8592,96,9427,102,0,14,4,32,2,679,1,53,17
09-15-20,Haywood,895,10,849,9,46,1,978,12,5551,57,6529,69,0,15,6,74,4,806,1,43,18
09-15-20,Henderson,1062,8,862,6,200,2,1309,11,7630,39,8939,50,0,18,1,119,7,925,0,39,20
09-15-20,Henry,573,14,559,14,14,0,680,16,8710,379,9390,395,0,8,4,60,10,505,1,35,8
09-15-20,Hickman,504,16,477,15,27,1,612,16,6306,137,6918,153,0,4,10,92,6,408,0,18,6
09-15-20,Houston,161,9,151,7,10,2,178,10,1856,10,2034,20,0,0,4,44,5,117,0,12,0
09-15-20,Humphreys,215,5,187,4,28,1,242,5,4711,47,4953,52,0,3,3,36,2,176,0,6,3
09-15-20,Jackson,291,7,266,5,25,2,327,7,2150,17,2477,24,1,3,4,33,2,255,0,16,4
09-15-20,Jefferson,1016,6,913,4,103,2,1056,6,14645,239,15701,245,0,13,-10,131,16,872,1,51,14
09-15-20,Johnson,607,6,598,4,9,2,656,9,5179,52,5835,61,0,2,-1,162,7,443,0,19,2
09-15-20,Knox,8685,129,8377,123,308,6,9437,133,114129,1329,123566,1462,0,67,-42,1170,171,7448,3,332,71
09-15-20,Lake,861,1,859,1,2,0,1060,2,5489,59,6549,61,0,2,-1,13,2,846,0,6,2
09-15-20,Lauderdale,906,17,850,17,56,0,995,19,9389,139,10384,158,0,14,6,149,11,743,0,43,16
09-15-20,Lawrence,894,4,883,4,11,0,1043,5,9324,54,10367,59,0,11,-11,99,15,784,0,37,13
09-15-20,Lewis,161,2,160,2,1,0,178,2,3970,19,4148,21,0,1,0,11,2,149,0,11,1
09-15-20,Lincoln,557,15,551,15,6,0,673,15,6929,69,7602,84,0,1,5,77,10,479,2,18,1
09-15-20,Loudon,1069,19,1037,19,32,0,1180,24,11236,151,12416,175,0,6,13,95,6,968,1,34,6
09-15-20,Macon,993,9,979,7,14,2,1219,11,6453,52,7672,63,0,19,5,39,4,935,0,76,20
09-15-20,Madison,2529,43,2083,22,446,21,2737,44,23723,461,26460,505,0,54,5,117,38,2358,3,171,68
09-15-20,Marion,476,4,471,4,5,0,572,5,5079,30,5651,35,0,7,-5,77,9,392,0,35,7
09-15-20,Marshall,663,5,659,5,4,0,753,5,8024,69,8777,74,0,4,1,64,4,595,0,20,5
09-15-20,Maury,2099,14,2084,14,15,0,2439,16,22162,311,24601,327,1,21,-8,224,21,1854,0,77,22
09-15-20,McMinn,986,10,974,10,12,0,1145,14,14500,109,15645,123,0,24,-7,95,17,867,2,56,24
09-15-20,McNairy,752,19,620,12,132,7,853,21,6002,52,6855,73,0,15,-9,123,28,614,1,34,18
09-15-20,Meigs,209,0,205,0,4,0,241,0,2664,29,2905,29,0,3,-1,31,1,175,0,10,3
09-15-20,Monroe,966,10,927,10,39,0,1081,12,9522,104,10603,116,-1,16,-2,100,13,850,0,67,17
09-15-20,Montgomery,2884,30,2786,28,98,2,3254,29,36093,380,39347,409,1,41,2,214,27,2629,0,121,47
09-15-20,Moore,140,7,132,5,8,2,166,7,1963,142,2129,149,0,1,6,21,1,118,0,2,1
09-15-20,Morgan,291,6,274,6,17,0,316,6,7473,45,7789,51,0,2,1,28,5,261,0,7,3
09-15-20,Obion,1043,23,1016,23,27,0,1144,25,8563,105,9707,130,0,8,11,122,12,913,1,43,11
09-15-20,Out of State,2004,25,1957,21,47,4,2281,26,245363,4650,247644,4676,1,25,-9,144,33,1835,0,73,13
09-15-20,Overton,641,29,582,22,59,7,709,32,6152,66,6861,98,0,3,20,111,9,527,3,24,4
09-15-20,Pending,737,15,694,13,43,2,857,18,158509,1745,159366,1763,0,7,3,57,12,673,0,10,1
09-15-20,Perry,135,2,121,2,14,0,151,2,3049,22,3200,24,0,0,1,15,1,120,0,6,0
09-15-20,Pickett,92,2,76,1,16,1,99,2,879,12,978,14,1,2,-4,12,5,78,1,4,2
09-15-20,Polk,378,2,370,2,8,0,437,4,3334,23,3771,27,0,11,-1,11,3,356,0,18,11
09-15-20,Putnam,2848,90,2703,79,145,11,3441,94,26135,315,29576,409,0,36,57,400,33,2412,1,109,37
09-15-20,Rhea,751,3,748,3,3,0,899,9,9554,413,10453,422,1,9,-2,61,4,681,0,27,12
09-15-20,Roane,775,12,748,12,27,0,927,18,15524,317,16451,335,0,4,5,90,7,681,0,32,4
09-15-20,Robertson,2133,14,2111,13,22,1,2587,17,15422,138,18009,155,0,32,0,129,14,1972,4,157,34
09-15-20,Rutherford,8767,60,8712,49,55,11,10753,66,73836,643,84589,709,1,85,-10,414,69,8268,2,256,88
09-15-20,Scott,186,3,178,3,8,0,202,3,3794,66,3996,69,0,2,1,13,2,171,0,14,2
09-15-20,Sequatchie,204,0,202,0,2,0,234,0,4483,111,4717,111,0,2,-3,29,3,173,0,10,1
09-15-20,Sevier,2462,14,2394,12,68,2,2752,15,23298,304,26050,319,0,13,-6,131,20,2318,0,87,16
09-15-20,Shelby,29690,292,29416,266,274,26,36744,457,335977,4598,372721,5055,5,433,127,1471,160,27786,16,2113,490
09-15-20,Smith,658,10,635,9,23,1,821,14,4919,58,5740,72,0,10,3,74,7,574,0,28,10
09-15-20,Stewart,127,0,118,0,9,0,154,0,2443,15,2597,15,0,2,-1,19,1,106,0,6,2
09-15-20,Sullivan,1975,15,1876,15,99,0,2126,16,25882,382,28008,398,0,31,-3,123,18,1821,1,165,31
09-15-20,Sumner,4608,18,4575,17,33,1,5489,22,39437,408,44926,430,1,92,-19,243,36,4273,2,386,98
09-15-20,Tipton,1685,22,1590,20,95,2,1995,29,18704,185,20699,214,0,17,7,133,15,1535,0,87,19
09-15-20,Trousdale,1644,2,1640,1,4,1,1720,2,4633,36,6353,38,0,7,1,15,1,1622,0,25,7
09-15-20,Unicoi,262,4,259,4,3,0,302,4,5297,167,5599,171,0,1,1,24,3,237,0,12,1
09-15-20,Union,295,12,277,10,18,2,316,12,3922,29,4238,41,0,1,8,44,4,250,1,10,1
09-15-20,Van Buren,136,4,122,4,14,0,151,5,1599,124,1750,129,0,0,-3,32,7,104,0,6,0
09-15-20,Warren,995,11,913,9,82,2,1114,14,11735,107,12849,121,0,8,-1,80,12,907,1,16,8
09-15-20,Washington,2038,21,1990,20,48,1,2333,19,26104,263,28437,282,1,26,-4,203,24,1809,1,97,31
09-15-20,Wayne,1470,8,1459,8,11,0,1598,10,5444,44,7042,54,0,4,1,37,7,1429,0,19,7
09-15-20,Weakley,1070,11,993,11,77,0,1175,12,9464,82,10639,94,2,17,-15,101,24,952,0,31,19
09-15-20,White,715,17,661,14,54,3,877,21,8106,272,8983,293,0,8,5,94,12,613,2,39,9
09-15-20,Williamson,4935,57,4875,53,60,4,5817,64,59575,960,65392,1024,0,35,6,356,51,4544,2,114,36
09-15-20,Wilson,3242,22,3216,22,26,0,3863,31,33845,512,37708,543,0,37,1,219,21,2986,0,109,39
09-14-20,Anderson,1052,6,1019,5,33,1,1210,6,22407,106,23617,112,0,10,-7,96,13,946,1,40,11
09-14-20,Bedford,1246,10,1198,10,48,0,1480,13,11213,92,12693,105,0,14,0,93,10,1139,0,49,17
09-14-20,Benton,320,4,309,3,11,1,342,4,3631,22,3973,26,0,9,-1,36,5,275,0,17,8
09-14-20,Bledsoe,835,3,830,3,5,0,875,3,6890,61,7765,64,0,4,0,28,3,803,0,18,4
09-14-20,Blount,2359,10,2317,10,42,0,2742,11,24838,172,27580,183,0,21,-4,162,14,2176,1,110,22
09-14-20,Bradley,2794,24,2711,22,83,2,3312,25,22610,266,25922,291,0,16,-3,171,27,2607,0,158,17
09-14-20,Campbell,400,3,374,3,26,0,443,3,9551,159,9994,162,0,3,-4,35,7,362,0,20,3
09-14-20,Cannon,257,7,243,7,14,0,307,8,3377,46,3684,54,0,0,-3,30,10,227,1,9,0
09-14-20,Carroll,758,13,649,8,109,5,818,12,8272,125,9090,137,0,15,-8,101,21,642,0,45,17
09-14-20,Carter,1069,12,1020,12,49,0,1175,13,13445,167,14620,180,0,26,2,92,10,951,0,78,26
09-14-20,Cheatham,761,10,754,10,7,0,926,11,9473,77,10399,88,0,10,8,32,2,719,0,28,10
09-14-20,Chester,527,9,451,7,76,2,577,7,4353,42,4930,49,0,8,-1,76,10,443,0,19,10
09-14-20,Claiborne,407,4,377,4,30,0,454,5,9138,67,9592,72,0,4,-1,25,5,378,0,20,4
09-14-20,Clay,152,5,132,1,20,4,159,5,2389,11,2548,16,0,4,4,23,1,125,0,6,4
09-14-20,Cocke,714,3,666,2,48,1,764,2,7034,45,7798,47,0,9,-3,38,6,667,1,38,9
09-14-20,Coffee,971,30,893,25,78,5,1163,31,15897,189,17060,220,0,9,23,171,7,791,1,34,12
09-14-20,Crockett,485,4,427,2,58,2,535,5,2796,39,3331,44,0,19,0,55,4,411,1,20,19
09-14-20,Cumberland,1077,2,1055,2,22,0,1312,3,19670,57,20982,60,2,12,-21,127,21,938,0,53,19
09-14-20,Davidson,25938,111,25808,105,130,6,32631,126,284405,1933,317036,2059,2,281,-2,1026,111,24631,5,1078,300
09-14-20,Decatur,417,11,325,10,92,1,459,12,4932,217,5391,229,0,5,-1,92,12,320,1,13,7
09-14-20,Dekalb,493,0,475,0,18,0,615,0,7130,42,7745,42,0,9,-7,23,7,461,0,22,11
09-14-20,Dickson,1137,12,1038,7,99,5,1424,23,12583,120,14007,143,0,12,3,111,9,1014,0,54,14
09-14-20,Dyer,1172,13,1102,11,70,2,1271,14,9323,107,10594,121,0,12,-5,141,18,1019,2,63,13
09-14-20,Fayette,1081,12,1054,11,27,1,1372,14,13951,122,15323,136,0,14,-5,96,17,971,1,79,20
09-14-20,Fentress,353,8,316,8,37,0,390,10,3417,30,3807,40,0,3,-11,67,19,283,0,21,3
09-14-20,Franklin,798,15,771,15,27,0,938,16,13450,104,14388,120,0,7,-13,189,28,602,0,36,7
09-14-20,Gibson,1383,8,1127,4,256,4,1514,10,12405,117,13919,127,0,19,-16,201,24,1163,1,57,21
09-14-20,Giles,531,8,528,8,3,0,638,10,7613,71,8251,81,1,17,4,58,3,456,0,33,17
09-14-20,Grainger,320,4,301,4,19,0,370,4,5218,15,5588,19,0,1,0,32,4,287,1,20,2
09-14-20,Greene,1009,16,951,16,58,0,1186,17,13091,79,14277,96,2,30,-8,83,22,896,0,75,36
09-14-20,Grundy,192,3,185,3,7,0,222,4,2157,27,2379,31,0,4,-1,31,4,157,2,26,5
09-14-20,Hamblen,1791,7,1700,7,91,0,1937,7,18852,49,20789,56,0,22,-2,65,9,1704,1,91,24
09-14-20,Hamilton,8744,79,8552,77,192,2,10118,86,119986,1147,130104,1233,2,85,12,481,65,8178,3,377,90
09-14-20,Hancock,107,2,98,1,9,1,114,1,1727,10,1841,11,0,2,0,7,2,98,0,11,3
09-14-20,Hardeman,1493,12,1436,12,57,0,1724,12,13016,157,14740,169,0,25,0,184,12,1284,1,65,26
09-14-20,Hardin,902,7,765,5,137,2,998,8,10640,183,11638,191,0,14,-16,111,23,777,0,25,15
09-14-20,Hawkins,719,4,701,3,18,1,829,4,8496,62,9325,66,0,14,-1,28,5,677,0,52,16
09-14-20,Haywood,885,3,840,3,45,0,966,4,5494,94,6460,98,0,15,-5,68,8,802,0,42,17
09-14-20,Henderson,1054,13,856,8,198,5,1298,14,7591,150,8889,164,0,18,-6,118,19,918,1,39,20
09-14-20,Henry,559,5,545,5,14,0,664,7,8331,56,8995,63,0,8,-3,56,8,495,0,34,8
09-14-20,Hickman,488,11,462,10,26,1,596,11,6169,73,6765,84,0,4,2,82,9,402,0,18,6
09-14-20,Houston,152,15,144,12,8,3,168,18,1846,29,2014,47,0,0,12,40,3,112,3,12,0
09-14-20,Humphreys,210,4,183,3,27,1,237,5,4664,125,4901,130,0,3,1,33,3,174,0,6,3
09-14-20,Jackson,284,3,261,2,23,1,320,3,2133,9,2453,12,0,2,1,29,2,253,0,16,4
09-14-20,Jefferson,1010,4,909,4,101,0,1050,5,14406,44,15456,49,0,13,-12,141,16,856,0,50,14
09-14-20,Johnson,601,21,594,21,7,0,647,23,5127,138,5774,161,0,2,13,163,8,436,0,19,2
09-14-20,Knox,8556,123,8254,119,302,4,9304,130,112800,870,122104,1000,0,67,-50,1212,173,7277,4,329,71
09-14-20,Lake,860,4,858,4,2,0,1058,4,5430,12,6488,16,0,2,4,14,0,844,0,6,2
09-14-20,Lauderdale,889,5,833,5,56,0,976,5,9250,74,10226,79,0,14,-5,143,10,732,2,43,16
09-14-20,Lawrence,890,18,879,17,11,1,1038,22,9270,145,10308,167,0,11,9,110,9,769,0,37,12
09-14-20,Lewis,159,0,158,0,1,0,176,0,3951,103,4127,103,0,1,-3,11,3,147,0,11,1
09-14-20,Lincoln,542,3,536,3,6,0,658,3,6860,48,7518,51,0,1,-2,72,5,469,0,16,1
09-14-20,Loudon,1050,3,1018,3,32,0,1156,4,11085,88,12241,92,2,6,-10,82,11,962,0,33,6
09-14-20,Macon,984,7,972,7,12,0,1208,7,6401,94,7609,101,0,19,-1,34,8,931,0,76,20
09-14-20,Madison,2486,79,2061,31,425,48,2693,76,23262,257,25955,333,0,54,40,112,39,2320,1,168,68
09-14-20,Marion,472,18,467,18,5,0,567,20,5049,71,5616,91,0,7,8,82,10,383,0,35,7
09-14-20,Marshall,658,13,654,13,4,0,748,16,7955,69,8703,85,0,4,1,63,12,591,0,20,4
09-14-20,Maury,2085,27,2070,27,15,0,2423,29,21851,234,24274,263,0,20,10,232,17,1833,0,77,22
09-14-20,McMinn,976,5,964,5,12,0,1131,6,14391,201,15522,207,0,24,-4,102,9,850,1,54,24
09-14-20,McNairy,733,11,608,7,125,4,832,14,5950,72,6782,86,0,15,-8,132,19,586,0,33,17
09-14-20,Meigs,209,2,205,2,4,0,241,2,2635,31,2876,33,0,3,-3,32,5,174,0,10,3
09-14-20,Monroe,956,2,917,2,39,0,1069,3,9418,106,10487,109,0,17,-18,102,20,837,0,67,17
09-14-20,Montgomery,2854,25,2758,22,96,3,3225,23,35713,285,38938,308,1,40,2,212,22,2602,2,121,46
09-14-20,Moore,133,3,127,3,6,0,159,3,1821,11,1980,14,0,1,2,15,1,117,0,2,1
09-14-20,Morgan,285,0,268,0,17,0,310,1,7428,22,7738,23,0,2,-5,27,5,256,0,7,3
09-14-20,Obion,1020,13,993,11,27,2,1119,13,8458,71,9577,84,0,8,-9,111,22,901,0,42,11
09-14-20,Out of State,1979,31,1936,30,43,1,2255,33,240713,2244,242968,2277,1,24,-2,153,32,1802,3,73,12
09-14-20,Overton,612,16,560,13,52,3,677,15,6086,38,6763,53,0,3,6,91,10,518,1,21,4
09-14-20,Pending,722,10,681,9,41,1,839,12,156764,1425,157603,1437,1,7,-12,54,21,661,0,10,1
09-14-20,Perry,133,1,119,1,14,0,149,1,3027,31,3176,32,0,0,-2,14,3,119,0,6,0
09-14-20,Pickett,90,1,75,1,15,0,97,1,867,2,964,3,0,1,-2,16,3,73,0,3,2
09-14-20,Polk,376,0,368,0,8,0,433,2,3311,33,3744,35,0,11,-2,12,2,353,0,18,11
09-14-20,Putnam,2758,23,2624,14,134,9,3347,25,25820,119,29167,144,0,36,-25,343,48,2379,3,108,37
09-14-20,Rhea,748,13,745,13,3,0,890,14,9141,96,10031,110,0,8,6,63,7,677,2,27,12
09-14-20,Roane,763,4,736,4,27,0,909,7,15207,52,16116,59,0,4,-12,85,16,674,0,32,4
09-14-20,Robertson,2119,25,2098,24,21,1,2570,27,15284,107,17854,134,1,32,17,129,7,1958,3,153,34
09-14-20,Rutherford,8707,57,8663,55,44,2,10687,71,73193,822,83880,893,0,84,4,424,53,8199,0,254,87
09-14-20,Scott,183,2,175,2,8,0,199,2,3728,24,3927,26,0,2,0,12,2,169,1,14,2
09-14-20,Sequatchie,204,6,202,6,2,0,234,6,4372,48,4606,54,0,2,2,32,4,170,0,10,1
09-14-20,Sevier,2448,8,2382,7,66,1,2737,9,22994,116,25731,125,0,13,-16,137,24,2298,1,87,16
09-14-20,Shelby,29398,274,29150,268,248,6,36287,335,331379,3451,367666,3786,1,428,133,1344,140,27626,14,2097,489
09-14-20,Smith,648,9,626,6,22,3,807,8,4861,42,5668,50,0,10,-4,71,13,567,0,28,10
09-14-20,Stewart,127,5,118,5,9,0,154,5,2428,25,2582,30,0,2,3,20,2,105,0,6,2
09-14-20,Sullivan,1960,11,1861,9,99,2,2110,11,25500,194,27610,205,0,31,-9,126,20,1803,0,164,31
09-14-20,Sumner,4590,26,4558,26,32,0,5467,31,39029,308,44496,339,0,91,0,262,26,4237,1,384,97
09-14-20,Tipton,1663,13,1570,8,93,5,1966,13,18519,273,20485,286,1,17,5,126,7,1520,1,87,19
09-14-20,Trousdale,1642,2,1639,2,3,0,1718,2,4597,15,6315,17,0,7,0,14,2,1621,1,25,7
09-14-20,Unicoi,258,4,255,4,3,0,298,4,5130,44,5428,48,0,1,-2,23,6,234,0,12,1
09-14-20,Union,283,7,267,6,16,1,304,5,3893,29,4197,34,0,1,5,36,2,246,1,9,1
09-14-20,Van Buren,132,1,118,0,14,1,146,0,1475,71,1621,71,0,0,-1,35,2,97,0,6,0
09-14-20,Warren,984,7,904,3,80,4,1100,5,11628,89,12728,94,0,8,-15,81,22,895,0,15,8
09-14-20,Washington,2017,36,1970,36,47,0,2314,42,25841,379,28155,421,1,25,15,207,20,1785,2,96,31
09-14-20,Wayne,1462,1,1451,1,11,0,1588,4,5400,47,6988,51,0,4,-16,36,17,1422,0,19,6
09-14-20,Weakley,1059,7,982,7,77,0,1163,6,9382,86,10545,92,0,15,-12,116,19,928,1,31,18
09-14-20,White,698,4,647,3,51,1,856,6,7834,66,8690,72,0,8,-5,89,9,601,1,37,9
09-14-20,Williamson,4878,38,4822,37,56,1,5753,39,58615,653,64368,692,0,35,-4,350,42,4493,1,112,36
09-14-20,Wilson,3220,28,3194,26,26,2,3832,30,33333,329,37165,359,1,37,-1,218,28,2965,3,109,39
09-13-20,Anderson,1046,21,1014,20,32,1,1204,21,22301,255,23505,276,0,10,16,103,5,933,1,39,11
09-13-20,Bedford,1236,7,1188,7,48,0,1467,8,11121,108,12588,116,0,14,5,93,2,1129,0,49,16
09-13-20,Benton,316,9,306,9,10,0,338,10,3609,25,3947,35,0,9,5,37,4,270,0,17,8
09-13-20,Bledsoe,832,3,827,3,5,0,872,3,6829,59,7701,62,0,4,2,28,1,800,0,18,4
09-13-20,Blount,2349,30,2307,30,42,0,2731,36,24666,365,27397,401,1,21,23,166,6,2162,4,109,22
09-13-20,Bradley,2770,15,2689,14,81,1,3287,14,22344,159,25631,173,0,16,7,174,8,2580,0,158,17
09-13-20,Campbell,397,3,371,3,26,0,440,4,9392,87,9832,91,0,3,0,39,3,355,1,20,3
09-13-20,Cannon,250,2,236,2,14,0,299,3,3331,28,3630,31,0,0,-1,33,3,217,0,8,0
09-13-20,Carroll,745,13,641,9,104,4,806,14,8147,123,8953,137,0,15,11,109,2,621,0,45,17
09-13-20,Carter,1057,2,1008,2,49,0,1162,3,13278,101,14440,104,0,26,-6,90,8,941,0,78,26
09-13-20,Cheatham,751,0,744,0,7,0,915,3,9396,63,10311,66,0,10,-5,24,5,717,0,28,10
09-13-20,Chester,518,7,444,5,74,2,570,6,4311,51,4881,57,0,8,-1,77,8,433,0,19,10
09-13-20,Claiborne,403,4,373,4,30,0,449,4,9071,68,9520,72,0,4,1,26,3,373,1,20,4
09-13-20,Clay,147,3,131,3,16,0,154,3,2378,33,2532,36,0,4,2,19,1,124,0,6,4
09-13-20,Cocke,711,1,664,1,47,0,762,1,6989,75,7751,76,0,9,-4,41,5,661,0,37,9
09-13-20,Coffee,941,18,868,18,73,0,1132,20,15708,213,16840,233,0,9,10,148,8,784,1,33,12
09-13-20,Crockett,481,7,425,7,56,0,530,9,2757,127,3287,136,0,19,6,55,1,407,0,19,19
09-13-20,Cumberland,1075,12,1053,12,22,0,1309,16,19613,211,20922,227,0,10,1,148,11,917,0,53,16
09-13-20,Davidson,25827,87,25703,87,124,0,32505,142,282472,2118,314977,2260,2,279,7,1028,78,24520,1,1073,297
09-13-20,Decatur,406,7,315,7,91,0,447,10,4715,45,5162,55,0,5,4,93,3,308,0,12,5
09-13-20,Dekalb,493,1,475,1,18,0,615,1,7088,150,7703,151,0,9,-1,30,2,454,0,22,10
09-13-20,Dickson,1125,11,1031,11,94,0,1401,16,12463,144,13864,160,0,12,2,108,9,1005,0,54,14
09-13-20,Dyer,1159,15,1091,15,68,0,1257,17,9216,134,10473,151,2,12,6,146,7,1001,0,61,13
09-13-20,Fayette,1069,15,1043,15,26,0,1358,17,13829,112,15187,129,0,14,12,101,3,954,0,78,19
09-13-20,Fentress,345,3,308,3,37,0,380,4,3387,32,3767,36,0,3,-2,78,5,264,0,21,3
09-13-20,Franklin,783,21,756,21,27,0,922,22,13346,74,14268,96,0,7,9,202,12,574,0,36,7
09-13-20,Gibson,1375,32,1123,26,252,6,1504,32,12288,232,13792,264,0,19,18,217,14,1139,1,56,21
09-13-20,Giles,523,5,520,5,3,0,628,6,7542,59,8170,65,1,16,2,54,2,453,0,33,17
09-13-20,Grainger,316,7,297,7,19,0,366,7,5203,54,5569,61,0,1,6,32,1,283,0,19,2
09-13-20,Greene,993,17,935,17,58,0,1169,20,13012,100,14181,120,0,28,7,91,10,874,1,75,34
09-13-20,Grundy,189,1,182,1,7,0,218,0,2130,27,2348,27,0,4,-1,32,2,153,0,24,5
09-13-20,Hamblen,1784,9,1693,6,91,3,1930,6,18803,175,20733,181,0,22,5,67,4,1695,3,90,24
09-13-20,Hamilton,8665,50,8475,45,190,5,10032,77,118839,1126,128871,1203,1,83,-18,469,67,8113,2,374,90
09-13-20,Hancock,105,0,97,0,8,0,113,0,1717,14,1830,14,0,2,0,7,0,96,0,11,2
09-13-20,Hardeman,1481,9,1424,9,57,0,1712,18,12859,348,14571,366,0,25,7,184,2,1272,0,64,26
09-13-20,Hardin,895,15,760,14,135,1,990,15,10457,47,11447,62,0,14,2,127,13,754,0,25,15
09-13-20,Hawkins,715,1,698,0,17,1,825,0,8434,41,9259,41,0,14,-1,29,2,672,0,52,15
09-13-20,Haywood,882,15,837,15,45,0,962,15,5400,63,6362,78,0,15,14,73,1,794,1,42,16
09-13-20,Henderson,1041,13,848,12,193,1,1284,14,7441,83,8725,97,0,18,8,124,5,899,0,38,19
09-13-20,Henry,554,14,540,13,14,1,657,16,8275,79,8932,95,0,8,11,59,3,487,0,34,8
09-13-20,Hickman,477,5,452,5,25,0,585,4,6096,52,6681,56,0,4,-2,80,7,393,0,18,5
09-13-20,Houston,137,5,132,5,5,0,150,5,1817,21,1967,26,0,0,4,28,1,109,0,9,0
09-13-20,Humphreys,206,4,180,4,26,0,232,4,4539,36,4771,40,0,3,2,32,2,171,0,6,3
09-13-20,Jackson,281,3,259,3,22,0,317,3,2124,25,2441,28,0,2,-2,28,5,251,0,16,4
09-13-20,Jefferson,1006,7,905,7,101,0,1045,9,14362,115,15407,124,0,13,0,153,7,840,0,50,14
09-13-20,Johnson,580,2,573,1,7,1,624,3,4989,17,5613,20,0,2,-2,150,4,428,0,19,2
09-13-20,Knox,8433,133,8135,126,298,7,9174,139,111930,1070,121104,1209,0,67,-5,1262,138,7104,0,325,71
09-13-20,Lake,856,4,854,4,2,0,1054,4,5418,19,6472,23,0,2,3,10,1,844,0,6,2
09-13-20,Lauderdale,884,13,828,13,56,0,971,16,9176,97,10147,113,0,14,4,148,9,722,0,41,16
09-13-20,Lawrence,872,6,862,6,10,0,1016,10,9125,95,10141,105,0,11,2,101,4,760,0,37,11
09-13-20,Lewis,159,1,158,1,1,0,176,1,3848,104,4024,105,0,1,1,14,0,144,0,11,1
09-13-20,Lincoln,539,6,533,6,6,0,655,7,6812,45,7467,52,0,1,-1,74,7,464,0,16,1
09-13-20,Loudon,1047,14,1015,14,32,0,1152,16,10997,114,12149,130,0,4,11,92,3,951,0,33,6
09-13-20,Macon,977,5,965,5,12,0,1201,8,6307,83,7508,91,0,19,4,35,1,923,0,76,20
09-13-20,Madison,2407,69,2030,33,377,36,2617,68,23005,339,25622,407,0,54,38,72,31,2281,3,167,68
09-13-20,Marion,454,5,449,5,5,0,547,6,4978,38,5525,44,0,7,-1,74,6,373,0,35,7
09-13-20,Marshall,645,4,641,4,4,0,732,5,7886,52,8618,57,0,4,0,62,4,579,0,20,4
09-13-20,Maury,2058,21,2043,21,15,0,2394,23,21617,242,24011,265,1,20,9,222,11,1816,1,77,22
09-13-20,McMinn,971,9,959,9,12,0,1125,10,14190,111,15315,121,0,24,1,106,8,841,0,53,24
09-13-20,McNairy,722,19,601,18,121,1,818,17,5878,102,6696,119,0,15,9,140,10,567,0,33,16
09-13-20,Meigs,207,3,203,3,4,0,239,4,2604,11,2843,15,0,3,0,35,3,169,0,10,3
09-13-20,Monroe,954,11,915,11,39,0,1066,14,9312,127,10378,141,0,17,8,120,3,817,3,67,17
09-13-20,Montgomery,2829,21,2736,21,93,0,3202,25,35428,253,38630,278,0,39,11,210,10,2580,0,119,45
09-13-20,Moore,130,1,124,1,6,0,156,1,1810,5,1966,6,0,1,0,13,1,116,0,2,1
09-13-20,Morgan,285,1,268,1,17,0,309,1,7406,45,7715,46,0,2,-4,32,5,251,0,7,3
09-13-20,Obion,1007,18,982,17,25,1,1106,18,8387,166,9493,184,0,8,13,120,5,879,4,42,11
09-13-20,Out of State,1948,19,1906,18,42,1,2222,24,238469,2839,240691,2863,-1,23,3,155,17,1770,0,70,12
09-13-20,Overton,596,5,547,5,49,0,662,6,6048,69,6710,75,0,3,1,85,4,508,1,20,4
09-13-20,Pending,712,8,672,7,40,1,827,8,155339,1355,156166,1363,0,6,-5,66,13,640,1,10,1
09-13-20,Perry,132,0,118,0,14,0,148,0,2996,97,3144,97,0,0,-2,16,2,116,0,6,0
09-13-20,Pickett,89,1,74,1,15,0,96,1,865,3,961,4,0,1,1,18,0,70,0,3,2
09-13-20,Polk,376,0,368,0,8,0,431,0,3278,11,3709,11,0,11,-1,14,1,351,0,18,11
09-13-20,Putnam,2735,34,2610,34,125,0,3322,44,25701,412,29023,456,0,36,17,368,17,2331,0,105,37
09-13-20,Rhea,735,5,732,5,3,0,876,8,9045,148,9921,156,0,8,0,57,5,670,0,25,12
09-13-20,Roane,759,12,732,12,27,0,902,15,15155,141,16057,156,0,4,5,97,7,658,0,32,4
09-13-20,Robertson,2094,19,2074,19,20,0,2543,19,15177,140,17720,159,0,31,14,112,5,1951,0,150,34
09-13-20,Rutherford,8650,50,8608,49,42,1,10616,61,72371,634,82987,695,0,84,1,420,49,8146,0,254,87
09-13-20,Scott,181,0,173,0,8,0,197,0,3704,50,3901,50,0,2,-2,12,2,167,0,13,2
09-13-20,Sequatchie,198,2,196,2,2,0,228,2,4324,35,4552,37,0,2,1,30,1,166,0,10,1
09-13-20,Sevier,2440,13,2375,13,65,0,2728,25,22878,298,25606,323,0,13,-2,153,15,2274,0,86,15
09-13-20,Shelby,29124,107,28882,107,242,0,35952,150,327928,1925,363880,2075,6,427,17,1211,84,27486,6,2083,489
09-13-20,Smith,639,9,620,9,19,0,799,13,4819,56,5618,69,0,10,6,75,3,554,0,28,10
09-13-20,Stewart,122,0,113,0,9,0,149,1,2403,19,2552,20,0,2,-1,17,1,103,0,6,2
09-13-20,Sullivan,1949,12,1852,12,97,0,2099,12,25306,288,27405,300,0,31,0,135,12,1783,1,164,31
09-13-20,Sumner,4564,44,4532,43,32,1,5436,54,38721,324,44157,378,0,91,22,262,22,4211,3,383,97
09-13-20,Tipton,1650,30,1562,26,88,4,1953,31,18246,131,20199,162,1,16,24,121,5,1513,1,86,19
09-13-20,Trousdale,1640,2,1637,2,3,0,1716,2,4582,31,6298,33,0,7,2,14,0,1619,0,24,7
09-13-20,Unicoi,254,2,251,2,3,0,294,2,5086,54,5380,56,0,1,1,25,1,228,0,12,1
09-13-20,Union,276,5,261,5,15,0,299,5,3864,36,4163,41,0,1,0,31,5,244,1,8,1
09-13-20,Van Buren,131,2,118,2,13,0,146,2,1404,16,1550,18,0,0,0,36,2,95,0,6,0
09-13-20,Warren,977,8,901,8,76,0,1095,10,11539,101,12634,111,0,8,3,96,5,873,0,15,8
09-13-20,Washington,1981,22,1934,21,47,1,2272,25,25462,206,27734,231,0,24,3,192,19,1765,0,94,29
09-13-20,Wayne,1461,4,1450,4,11,0,1584,4,5353,20,6937,24,0,4,-4,52,8,1405,0,19,6
09-13-20,Weakley,1052,18,975,16,77,2,1157,22,9296,115,10453,137,0,15,3,128,15,909,0,30,17
09-13-20,White,694,23,644,23,50,0,850,33,7768,96,8618,129,0,8,20,94,3,592,2,36,8
09-13-20,Williamson,4840,34,4785,32,55,2,5714,42,57962,532,63676,574,0,35,-5,354,39,4451,0,111,36
09-13-20,Wilson,3192,15,3168,15,24,0,3802,18,33004,263,36806,281,0,36,-5,219,20,2937,0,106,38
09-12-20,Anderson,1025,3,994,3,31,0,1183,5,22046,140,23229,145,0,10,-4,87,7,928,0,38,11
09-12-20,Bedford,1229,14,1181,14,48,0,1459,18,11013,165,12472,183,0,14,10,88,4,1127,1,49,16
09-12-20,Benton,307,7,297,7,10,0,328,7,3584,21,3912,28,0,9,6,32,1,266,0,17,8
09-12-20,Bledsoe,829,7,824,7,5,0,869,9,6770,528,7639,537,0,4,5,26,2,799,0,18,4
09-12-20,Blount,2319,7,2277,7,42,0,2695,8,24301,149,26996,157,1,20,-3,143,9,2156,0,105,22
09-12-20,Bradley,2755,24,2675,22,80,2,3273,30,22185,212,25458,242,0,16,18,167,6,2572,2,158,17
09-12-20,Campbell,394,2,368,1,26,1,436,2,9305,48,9741,50,0,3,-1,39,3,352,1,19,3
09-12-20,Cannon,248,3,234,3,14,0,296,3,3303,104,3599,107,0,0,0,34,3,214,1,8,0
09-12-20,Carroll,732,4,632,4,100,0,792,6,8024,55,8816,61,2,15,-2,98,4,619,0,45,17
09-12-20,Carter,1055,12,1006,12,49,0,1159,14,13177,275,14336,289,1,26,3,96,8,933,1,78,26
09-12-20,Cheatham,751,3,744,3,7,0,912,5,9333,128,10245,133,0,10,-1,29,4,712,0,28,10
09-12-20,Chester,511,14,439,9,72,5,564,15,4260,27,4824,42,0,8,14,78,0,425,1,19,10
09-12-20,Claiborne,399,2,369,0,30,2,445,2,9003,59,9448,61,0,4,0,25,2,370,0,19,4
09-12-20,Clay,144,3,128,3,16,0,151,3,2345,40,2496,43,1,4,1,17,1,123,1,6,4
09-12-20,Cocke,710,2,663,2,47,0,761,3,6914,33,7675,36,1,9,-2,45,3,656,1,37,9
09-12-20,Coffee,923,25,850,22,73,3,1112,36,15495,296,16607,332,0,9,21,138,4,776,1,32,12
09-12-20,Crockett,474,4,418,4,56,0,521,5,2630,11,3151,16,1,19,-2,49,5,406,0,19,19
09-12-20,Cumberland,1063,15,1041,15,22,0,1293,17,19402,293,20695,310,0,10,8,147,7,906,0,53,16
09-12-20,Davidson,25740,94,25616,93,124,1,32363,170,280354,3322,312717,3492,3,277,46,1021,45,24442,2,1072,297
09-12-20,Decatur,399,9,308,9,91,0,437,9,4670,39,5107,48,0,5,8,89,1,305,0,12,5
09-12-20,Dekalb,492,0,474,0,18,0,614,0,6938,54,7552,54,0,9,-2,31,2,452,0,22,10
09-12-20,Dickson,1114,9,1020,8,94,1,1385,17,12319,174,13704,191,1,12,-4,106,12,996,0,54,14
09-12-20,Dyer,1144,15,1076,14,68,1,1240,16,9082,98,10322,114,-1,10,9,140,7,994,0,61,13
09-12-20,Fayette,1054,9,1028,5,26,4,1341,9,13717,75,15058,84,0,14,5,89,4,951,1,78,18
09-12-20,Fentress,342,8,305,8,37,0,376,10,3355,35,3731,45,1,3,0,80,7,259,1,21,3
09-12-20,Franklin,762,27,735,26,27,1,900,38,13272,193,14172,231,0,7,17,193,10,562,0,36,7
09-12-20,Gibson,1343,20,1097,17,246,3,1472,18,12056,193,13528,211,0,19,11,199,9,1125,0,55,21
09-12-20,Giles,518,8,515,8,3,0,622,8,7483,154,8105,162,0,15,5,52,3,451,0,33,16
09-12-20,Grainger,309,0,290,0,19,0,359,0,5149,24,5508,24,0,1,-1,26,1,282,0,19,2
09-12-20,Greene,976,3,918,3,58,0,1149,8,12912,219,14061,227,0,28,-5,84,8,864,0,74,33
09-12-20,Grundy,188,12,181,12,7,0,218,13,2103,43,2321,56,0,4,12,33,0,151,2,24,5
09-12-20,Hamblen,1775,8,1687,8,88,0,1924,10,18628,73,20552,83,0,22,5,62,3,1691,0,87,23
09-12-20,Hamilton,8615,58,8430,56,185,2,9955,90,117713,1229,127668,1319,1,82,4,487,53,8046,2,372,90
09-12-20,Hancock,105,0,97,0,8,0,113,0,1703,29,1816,29,0,2,-1,7,1,96,0,11,2
09-12-20,Hardeman,1472,5,1415,4,57,1,1694,7,12511,122,14205,129,0,25,0,177,5,1270,0,64,26
09-12-20,Hardin,880,13,746,7,134,6,975,15,10410,153,11385,168,1,14,7,125,5,741,1,25,15
09-12-20,Hawkins,714,2,698,2,16,0,825,3,8393,96,9218,99,1,14,-3,30,4,670,0,52,15
09-12-20,Haywood,867,2,822,2,45,0,947,3,5337,29,6284,32,2,15,-6,59,6,793,0,41,16
09-12-20,Henderson,1028,6,836,5,192,1,1270,9,7358,69,8628,78,1,18,1,116,4,894,0,38,19
09-12-20,Henry,540,2,527,2,13,0,641,3,8196,59,8837,62,0,8,-6,48,8,484,0,34,8
09-12-20,Hickman,472,12,447,12,25,0,581,15,6044,128,6625,143,0,4,6,82,6,386,0,18,4
09-12-20,Houston,132,0,127,0,5,0,145,0,1796,18,1941,18,0,0,-2,24,2,108,0,9,0
09-12-20,Humphreys,202,3,176,2,26,1,228,3,4503,115,4731,118,0,3,1,30,2,169,0,6,3
09-12-20,Jackson,278,0,256,0,22,0,314,0,2099,10,2413,10,0,2,0,30,0,246,0,16,4
09-12-20,Jefferson,999,24,898,24,101,0,1036,23,14247,84,15283,107,0,13,18,153,6,833,0,50,14
09-12-20,Johnson,578,6,572,6,6,0,621,7,4972,25,5593,32,0,2,4,152,2,424,2,19,2
09-12-20,Knox,8300,117,8009,110,291,7,9035,126,110860,1173,119895,1299,1,67,24,1267,92,6966,1,325,71
09-12-20,Lake,852,0,850,0,2,0,1050,0,5399,11,6449,11,0,2,-1,7,1,843,0,6,2
09-12-20,Lauderdale,871,2,815,2,56,0,955,2,9079,42,10034,44,0,14,1,144,1,713,0,41,15
09-12-20,Lawrence,866,14,856,14,10,0,1006,19,9030,70,10036,89,0,11,9,99,5,756,0,37,11
09-12-20,Lewis,158,2,157,2,1,0,175,3,3744,15,3919,18,0,1,1,13,1,144,0,11,1
09-12-20,Lincoln,533,14,527,14,6,0,648,18,6767,67,7415,85,0,1,10,75,4,457,0,16,1
09-12-20,Loudon,1033,6,1001,6,32,0,1136,5,10883,90,12019,95,0,4,3,81,3,948,0,33,5
09-12-20,Macon,972,0,960,0,12,0,1193,0,6224,45,7417,45,0,19,-1,31,1,922,0,76,20
09-12-20,Madison,2338,28,1997,14,341,14,2549,31,22666,193,25215,224,2,54,-1,34,27,2250,1,164,68
09-12-20,Marion,449,6,444,6,5,0,541,6,4940,61,5481,67,0,7,0,75,6,367,0,35,7
09-12-20,Marshall,641,15,637,15,4,0,727,18,7834,161,8561,179,0,4,11,62,4,575,1,20,4
09-12-20,Maury,2037,21,2022,21,15,0,2371,25,21375,344,23746,369,1,19,4,213,16,1805,0,76,22
09-12-20,McMinn,962,18,950,18,12,0,1115,18,14079,277,15194,295,0,24,12,105,6,833,0,53,24
09-12-20,McNairy,703,8,583,5,120,3,801,8,5776,56,6577,64,1,15,-11,131,18,557,0,33,16
09-12-20,Meigs,204,3,200,3,4,0,235,3,2593,25,2828,28,0,3,-1,35,4,166,0,10,3
09-12-20,Monroe,943,8,904,8,39,0,1052,13,9185,99,10237,112,0,17,-1,112,9,814,1,64,17
09-12-20,Montgomery,2808,34,2715,32,93,2,3177,41,35175,513,38352,554,2,39,26,199,6,2570,0,119,44
09-12-20,Moore,129,2,123,2,6,0,155,2,1805,67,1960,69,0,1,1,13,1,115,0,2,1
09-12-20,Morgan,284,3,267,3,17,0,308,4,7361,184,7669,188,0,2,0,36,3,246,0,7,3
09-12-20,Obion,989,4,965,4,24,0,1088,4,8221,162,9309,166,0,8,0,107,4,874,0,38,11
09-12-20,Out of State,1929,19,1888,17,41,2,2198,24,235630,2574,237828,2598,-2,24,10,152,11,1753,0,70,12
09-12-20,Overton,591,2,542,2,49,0,656,2,5979,28,6635,30,1,3,-7,84,8,504,0,19,4
09-12-20,Pending,704,15,665,15,39,0,819,19,153984,1442,154803,1461,-1,6,10,71,6,627,1,9,1
09-12-20,Perry,132,2,118,2,14,0,148,4,2899,30,3047,34,0,0,-1,18,3,114,0,6,0
09-12-20,Pickett,88,1,73,1,15,0,95,1,862,1,957,2,0,1,-1,17,2,70,0,3,2
09-12-20,Polk,376,1,368,1,8,0,431,1,3267,47,3698,48,0,11,-2,15,3,350,0,18,11
09-12-20,Putnam,2701,42,2576,41,125,1,3278,45,25289,257,28567,302,1,36,31,351,10,2314,3,105,37
09-12-20,Rhea,730,4,727,4,3,0,868,6,8897,126,9765,132,0,8,-3,57,7,665,0,25,11
09-12-20,Roane,747,8,720,8,27,0,887,10,15014,94,15901,104,1,4,0,92,7,651,1,32,4
09-12-20,Robertson,2075,15,2055,14,20,1,2524,18,15037,145,17561,163,0,31,9,98,6,1946,0,150,34
09-12-20,Rutherford,8600,99,8559,99,41,0,10555,120,71737,1192,82292,1312,2,84,80,419,17,8097,0,254,87
09-12-20,Scott,181,1,173,1,8,0,197,2,3654,67,3851,69,0,2,1,14,0,165,0,13,2
09-12-20,Sequatchie,196,2,194,2,2,0,226,4,4289,66,4515,70,0,2,2,29,0,165,0,10,1
09-12-20,Sevier,2427,25,2362,25,65,0,2703,22,22580,188,25283,210,0,13,20,155,5,2259,0,86,15
09-12-20,Shelby,29017,133,28775,128,242,5,35802,152,326003,2715,361805,2867,4,421,22,1194,107,27402,7,2077,486
09-12-20,Smith,630,3,611,3,19,0,786,4,4763,36,5549,40,1,10,-2,69,4,551,0,28,10
09-12-20,Stewart,122,3,113,3,9,0,148,2,2384,43,2532,45,0,2,2,18,1,102,0,6,2
09-12-20,Sullivan,1937,6,1840,5,97,1,2087,6,25018,427,27105,433,1,31,-9,135,14,1771,0,163,31
09-12-20,Sumner,4520,18,4489,18,31,0,5382,24,38397,513,43779,537,1,91,-3,240,20,4189,2,380,97
09-12-20,Tipton,1620,7,1536,7,84,0,1922,8,18115,167,20037,175,0,15,-1,97,8,1508,0,85,19
09-12-20,Trousdale,1638,0,1635,0,3,0,1714,1,4551,32,6265,33,0,7,-1,12,1,1619,0,24,7
09-12-20,Unicoi,252,3,249,3,3,0,292,4,5032,74,5324,78,0,1,2,24,1,227,0,12,1
09-12-20,Union,271,5,256,2,15,3,294,5,3828,27,4122,32,0,1,5,31,0,239,0,7,1
09-12-20,Van Buren,129,2,116,2,13,0,144,3,1388,27,1532,30,0,0,0,36,2,93,0,6,0
09-12-20,Warren,969,9,893,9,76,0,1085,9,11438,134,12523,143,1,8,6,93,2,868,0,15,8
09-12-20,Washington,1959,23,1913,23,46,0,2247,30,25256,447,27503,477,2,24,-4,189,25,1746,2,94,28
09-12-20,Wayne,1457,4,1446,4,11,0,1580,5,5333,31,6913,36,0,4,3,56,1,1397,0,19,6
09-12-20,Weakley,1034,4,959,4,75,0,1135,5,9181,92,10316,97,1,15,-5,125,8,894,0,30,16
09-12-20,White,671,7,621,7,50,0,817,9,7672,43,8489,52,0,8,5,74,2,589,0,34,8
09-12-20,Williamson,4806,37,4753,34,53,3,5672,45,57430,518,63102,563,1,35,11,359,25,4412,0,111,36
09-12-20,Wilson,3177,23,3153,23,24,0,3784,27,32741,410,36525,437,1,36,0,224,22,2917,1,106,38
09-11-20,Anderson,1022,1,991,1,31,0,1178,2,21906,128,23084,130,0,10,-13,91,14,921,0,38,11
09-11-20,Bedford,1215,11,1167,11,48,0,1441,10,10848,50,12289,60,0,14,5,78,6,1123,0,48,16
09-11-20,Benton,300,0,290,0,10,0,321,0,3563,12,3884,12,1,9,-5,26,4,265,0,17,8
09-11-20,Bledsoe,822,3,817,3,5,0,860,3,6242,48,7102,51,0,4,1,21,2,797,0,18,4
09-11-20,Blount,2312,8,2270,7,42,1,2687,10,24152,163,26839,173,0,19,-15,146,23,2147,2,105,22
09-11-20,Bradley,2731,13,2653,12,78,1,3243,14,21973,135,25216,149,0,16,-6,149,19,2566,2,156,17
09-11-20,Campbell,392,5,367,3,25,2,434,5,9257,110,9691,115,0,3,2,40,3,349,0,18,3
09-11-20,Cannon,245,1,231,1,14,0,293,2,3199,12,3492,14,0,0,-2,34,3,211,0,7,0
09-11-20,Carroll,728,10,628,9,100,1,786,8,7969,72,8755,80,0,13,-4,100,14,615,0,45,17
09-11-20,Carter,1043,12,994,10,49,2,1145,11,12902,98,14047,109,1,25,-2,93,13,925,1,77,26
09-11-20,Cheatham,748,2,741,2,7,0,907,1,9205,36,10112,37,0,10,1,30,1,708,0,28,10
09-11-20,Chester,497,11,430,7,67,4,549,11,4233,19,4782,30,0,8,4,64,7,425,1,18,10
09-11-20,Claiborne,397,1,369,1,28,0,443,1,8944,51,9387,52,1,4,-5,25,5,368,0,19,4
09-11-20,Clay,141,4,125,3,16,1,148,4,2305,14,2453,18,0,3,1,16,3,122,0,5,4
09-11-20,Cocke,708,3,661,3,47,0,758,5,6881,41,7639,46,1,8,-6,47,8,653,0,36,9
09-11-20,Coffee,898,8,828,7,70,1,1076,10,15199,62,16275,72,1,9,-9,117,16,772,0,31,12
09-11-20,Crockett,470,5,414,5,56,0,516,6,2619,24,3135,30,1,18,0,51,4,401,0,19,19
09-11-20,Cumberland,1048,10,1026,9,22,1,1276,11,19109,63,20385,74,0,10,-3,139,13,899,2,53,16
09-11-20,Davidson,25646,70,25523,69,123,1,32193,89,277032,1643,309225,1732,0,274,-3,975,73,24397,0,1070,295
09-11-20,Decatur,390,3,299,2,91,1,428,2,4631,11,5059,13,0,5,-3,81,6,304,0,12,5
09-11-20,Dekalb,492,0,474,0,18,0,614,0,6884,39,7498,39,1,9,-7,33,6,450,0,22,10
09-11-20,Dickson,1105,9,1012,9,93,0,1368,10,12145,85,13513,95,0,11,-2,110,11,984,0,54,14
09-11-20,Dyer,1129,17,1062,17,67,0,1224,20,8984,54,10208,74,1,11,9,131,7,987,0,61,12
09-11-20,Fayette,1045,4,1023,4,22,0,1332,5,13642,166,14974,171,1,14,0,84,3,947,0,77,18
09-11-20,Fentress,334,5,297,3,37,2,366,5,3320,20,3686,25,0,2,-3,80,8,252,0,20,3
09-11-20,Franklin,735,12,709,10,26,2,862,12,13079,59,13941,71,0,7,-6,176,18,552,0,36,7
09-11-20,Gibson,1323,26,1080,21,243,5,1454,28,11863,141,13317,169,0,19,15,188,11,1116,2,55,21
09-11-20,Giles,510,3,507,3,3,0,614,4,7329,46,7943,50,0,15,-3,47,6,448,0,33,16
09-11-20,Grainger,309,2,290,2,19,0,359,2,5125,23,5484,25,0,1,1,27,1,281,0,19,2
09-11-20,Greene,973,4,915,4,58,0,1141,4,12693,78,13834,82,5,28,-19,89,18,856,0,74,29
09-11-20,Grundy,176,2,169,2,7,0,205,2,2060,14,2265,16,0,4,1,21,1,151,0,22,5
09-11-20,Hamblen,1767,2,1679,1,88,1,1914,4,18555,46,20469,50,0,22,-2,57,4,1688,1,87,23
09-11-20,Hamilton,8557,58,8374,57,183,1,9865,57,116484,664,126349,721,1,81,-15,483,72,7993,6,370,88
09-11-20,Hancock,105,0,97,0,8,0,113,0,1674,20,1787,20,0,2,0,8,0,95,0,11,2
09-11-20,Hardeman,1467,12,1411,12,56,0,1687,13,12389,173,14076,186,1,25,3,177,8,1265,0,64,26
09-11-20,Hardin,867,4,739,4,128,0,960,4,10257,51,11217,55,0,13,-12,118,16,736,0,24,15
09-11-20,Hawkins,712,1,696,1,16,0,822,2,8297,67,9119,69,0,13,-1,33,2,666,0,52,15
09-11-20,Haywood,865,2,820,1,45,1,944,2,5308,13,6252,15,0,13,-4,65,6,787,0,41,16
09-11-20,Henderson,1022,4,831,3,191,1,1261,4,7289,19,8550,23,1,17,-6,115,9,890,0,38,19
09-11-20,Henry,538,3,525,3,13,0,638,3,8137,52,8775,55,0,8,0,54,3,476,0,34,8
09-11-20,Hickman,460,7,435,5,25,2,566,7,5916,31,6482,38,0,4,5,76,2,380,0,18,4
09-11-20,Houston,132,4,127,4,5,0,145,4,1778,10,1923,14,0,0,3,26,1,106,0,9,0
09-11-20,Humphreys,199,1,174,0,25,1,225,1,4388,30,4613,31,0,3,-2,29,3,167,0,6,3
09-11-20,Jackson,278,4,256,1,22,3,314,5,2089,6,2403,11,0,2,1,30,3,246,0,16,4
09-11-20,Jefferson,975,4,874,4,101,0,1013,4,14163,108,15176,112,0,13,-6,135,10,827,0,50,14
09-11-20,Johnson,572,7,566,7,6,0,614,8,4947,25,5561,33,0,2,0,148,7,422,0,17,2
09-11-20,Knox,8183,98,7899,89,284,9,8909,99,109687,733,118596,832,0,66,-14,1243,112,6874,4,324,69
09-11-20,Lake,852,1,850,1,2,0,1050,2,5388,9,6438,11,0,2,1,8,0,842,0,6,2
09-11-20,Lauderdale,869,6,813,6,56,0,953,6,9037,74,9990,80,0,14,0,143,6,712,0,41,15
09-11-20,Lawrence,852,9,842,9,10,0,987,5,8960,33,9947,38,0,11,7,90,2,751,1,37,11
09-11-20,Lewis,156,2,155,2,1,0,172,2,3729,14,3901,16,0,1,0,12,2,143,0,11,1
09-11-20,Lincoln,519,3,513,3,6,0,630,4,6700,102,7330,106,0,1,-2,65,5,453,0,16,1
09-11-20,Loudon,1027,7,995,6,32,1,1131,8,10793,48,11924,56,0,4,-8,78,15,945,0,33,5
09-11-20,Macon,972,3,960,2,12,1,1193,4,6179,22,7372,26,0,19,-4,32,7,921,0,76,20
09-11-20,Madison,2310,54,1983,25,327,29,2518,53,22473,99,24991,152,2,52,26,35,26,2223,0,163,63
09-11-20,Marion,443,9,438,8,5,1,535,9,4879,37,5414,46,0,7,9,75,0,361,1,35,7
09-11-20,Marshall,626,5,622,5,4,0,709,6,7673,48,8382,54,0,4,-6,51,11,571,1,19,4
09-11-20,Maury,2016,24,2001,24,15,0,2346,23,21031,164,23377,187,0,18,1,209,23,1789,0,76,21
09-11-20,McMinn,944,4,932,4,12,0,1097,4,13802,180,14899,184,0,24,-8,93,12,827,0,53,24
09-11-20,McNairy,695,6,578,4,117,2,793,8,5720,29,6513,37,0,14,-2,142,8,539,1,33,16
09-11-20,Meigs,201,0,197,0,4,0,232,2,2568,17,2800,19,0,3,-1,36,1,162,0,10,3
09-11-20,Monroe,935,11,896,11,39,0,1039,8,9086,111,10125,119,0,17,-6,113,17,805,2,63,17
09-11-20,Montgomery,2774,22,2683,21,91,1,3136,24,34662,219,37798,243,2,37,0,173,20,2564,0,119,42
09-11-20,Moore,127,3,121,3,6,0,153,3,1738,54,1891,57,0,1,2,12,1,114,1,2,1
09-11-20,Morgan,281,3,264,3,17,0,304,6,7177,144,7481,150,0,2,0,36,3,243,0,7,3
09-11-20,Obion,985,5,961,5,24,0,1084,6,8059,16,9143,22,0,8,-7,107,12,870,0,38,11
09-11-20,Out of State,1910,17,1871,13,39,4,2174,19,233056,1236,235230,1255,1,26,4,142,12,1742,0,70,12
09-11-20,Overton,589,16,540,13,49,3,654,17,5951,80,6605,97,0,2,9,91,7,496,0,19,4
09-11-20,Pending,689,5,650,3,39,2,800,6,152542,854,153342,860,0,7,-4,61,9,621,0,8,1
09-11-20,Perry,130,0,116,0,14,0,144,0,2869,82,3013,82,0,0,-3,19,3,111,0,6,0
09-11-20,Pickett,87,0,72,0,15,0,94,0,861,7,955,7,0,1,-1,18,1,68,0,3,1
09-11-20,Polk,375,3,367,1,8,2,430,2,3220,20,3650,22,0,11,1,17,2,347,0,18,11
09-11-20,Putnam,2659,30,2535,24,124,6,3233,36,25032,113,28265,149,1,35,5,320,24,2304,1,102,37
09-11-20,Rhea,726,3,723,3,3,0,862,3,8771,56,9633,59,1,8,-5,60,7,658,0,25,10
09-11-20,Roane,739,2,712,2,27,0,877,2,14920,106,15797,108,0,3,-7,92,9,644,0,31,4
09-11-20,Robertson,2060,11,2041,10,19,1,2506,12,14892,79,17398,91,0,31,1,89,10,1940,2,150,32
09-11-20,Rutherford,8501,23,8460,23,41,0,10435,29,70545,360,80980,389,0,82,-24,339,47,8080,1,254,87
09-11-20,Scott,180,3,172,3,8,0,195,4,3587,63,3782,67,0,2,3,13,0,165,0,13,2
09-11-20,Sequatchie,194,3,192,2,2,1,222,3,4223,20,4445,23,0,2,-1,27,4,165,0,10,1
09-11-20,Sevier,2402,10,2337,10,65,0,2681,15,22392,73,25073,88,0,13,-5,135,15,2254,1,86,15
09-11-20,Shelby,28884,76,28647,75,237,1,35650,91,323288,1890,358938,1981,5,417,-62,1172,133,27295,4,2070,479
09-11-20,Smith,627,9,608,9,19,0,782,9,4727,39,5509,48,0,9,5,71,4,547,1,28,10
09-11-20,Stewart,119,0,110,0,9,0,146,0,2341,5,2487,5,0,2,-4,16,4,101,0,6,2
09-11-20,Sullivan,1931,12,1835,12,96,0,2081,13,24591,218,26672,231,1,30,-44,144,55,1757,0,163,30
09-11-20,Sumner,4502,31,4471,31,31,0,5358,32,37884,207,43242,239,1,90,0,243,30,4169,0,378,96
09-11-20,Tipton,1613,8,1529,3,84,5,1914,9,17948,57,19862,66,0,15,-1,98,9,1500,0,85,19
09-11-20,Trousdale,1638,5,1635,5,3,0,1713,5,4519,245,6232,250,0,7,1,13,4,1618,0,24,7
09-11-20,Unicoi,249,2,246,2,3,0,288,4,4958,93,5246,97,0,1,-2,22,4,226,0,12,1
09-11-20,Union,266,5,254,4,12,1,289,5,3801,57,4090,62,0,1,2,26,3,239,0,7,1
09-11-20,Van Buren,127,1,114,1,13,0,141,3,1361,11,1502,14,0,0,0,36,1,91,0,6,0
09-11-20,Warren,960,5,884,2,76,3,1076,6,11304,46,12380,52,0,7,-10,87,15,866,0,15,8
09-11-20,Washington,1936,17,1890,17,46,0,2217,23,24809,214,27026,237,6,22,-26,193,37,1721,0,92,27
09-11-20,Wayne,1453,1,1442,1,11,0,1575,1,5302,30,6877,31,0,4,-1064,53,1065,1396,0,19,6
09-11-20,Weakley,1030,4,955,4,75,0,1130,5,9089,29,10219,34,0,14,0,130,4,886,1,30,15
09-11-20,White,664,9,614,6,50,3,808,15,7629,39,8437,54,0,8,0,69,9,587,1,34,8
09-11-20,Williamson,4769,30,4719,29,50,1,5627,33,56912,287,62539,320,0,34,-2,348,32,4387,0,111,35
09-11-20,Wilson,3154,14,3130,12,24,2,3757,17,32331,245,36088,262,0,35,-12,224,26,2895,0,105,38
09-10-20,Anderson,1021,27,990,27,31,0,1176,30,21778,385,22954,415,1,10,23,104,3,907,0,38,11
09-10-20,Bedford,1204,21,1156,18,48,3,1431,25,10798,173,12229,198,0,14,14,73,7,1117,2,48,16
09-10-20,Benton,300,2,290,2,10,0,321,2,3551,21,3872,23,0,8,-3,31,5,261,0,17,8
09-10-20,Bledsoe,819,4,814,4,5,0,857,3,6194,106,7051,109,0,4,2,20,2,795,1,18,4
09-10-20,Blount,2304,32,2263,32,41,0,2677,32,23989,281,26666,313,1,19,17,161,14,2124,1,103,22
09-10-20,Bradley,2718,32,2641,28,77,4,3229,34,21838,438,25067,472,0,16,14,155,18,2547,0,154,17
09-10-20,Campbell,387,1,364,1,23,0,429,1,9147,121,9576,122,0,3,-2,38,3,346,0,18,3
09-10-20,Cannon,244,2,230,2,14,0,291,2,3187,79,3478,81,0,0,-2,36,4,208,0,7,0
09-10-20,Carroll,718,14,619,12,99,2,778,14,7897,123,8675,137,3,13,1,104,10,601,2,45,17
09-10-20,Carter,1031,15,984,15,47,0,1134,18,12804,152,13938,170,0,24,4,95,11,912,0,76,26
09-10-20,Cheatham,746,8,739,8,7,0,906,9,9169,133,10075,142,0,10,4,29,4,707,0,28,10
09-10-20,Chester,486,7,423,6,63,1,538,7,4214,61,4752,68,1,8,-1,60,7,418,0,17,10
09-10-20,Claiborne,396,2,368,2,28,0,442,3,8893,134,9335,137,0,3,-1,30,3,363,0,19,4
09-10-20,Clay,137,5,122,1,15,4,144,5,2291,19,2435,24,0,3,4,15,1,119,0,5,4
09-10-20,Cocke,705,11,658,8,47,3,753,11,6840,74,7593,85,0,7,8,53,3,645,4,36,9
09-10-20,Coffee,890,25,821,21,69,4,1066,24,15137,196,16203,220,0,8,19,126,6,756,1,31,11
09-10-20,Crockett,465,10,409,5,56,5,510,11,2595,42,3105,53,2,17,1,51,7,397,0,19,19
09-10-20,Cumberland,1038,23,1017,23,21,0,1265,24,19046,215,20311,239,0,10,-3,142,26,886,1,51,14
09-10-20,Davidson,25576,147,25454,145,122,2,32104,174,275389,3024,307493,3198,5,274,44,978,98,24324,4,1070,292
09-10-20,Decatur,387,10,297,5,90,5,426,9,4620,172,5046,181,0,5,2,84,8,298,0,12,5
09-10-20,Dekalb,492,5,474,1,18,4,614,7,6845,36,7459,43,1,8,-10,40,14,444,0,22,10
09-10-20,Dickson,1096,10,1003,9,93,1,1358,14,12060,189,13418,203,1,11,2,112,7,973,1,54,13
09-10-20,Dyer,1112,18,1045,16,67,2,1204,19,8930,179,10134,198,-1,10,7,122,12,980,2,61,12
09-10-20,Fayette,1041,11,1019,10,22,1,1327,16,13476,95,14803,111,1,13,-2,84,12,944,0,77,18
09-10-20,Fentress,329,7,294,7,35,0,361,9,3300,33,3661,42,2,2,1,83,4,244,0,20,3
09-10-20,Franklin,723,43,699,41,24,2,850,50,13020,197,13870,247,2,7,28,182,13,534,3,36,7
09-10-20,Gibson,1297,19,1059,13,238,6,1426,21,11722,223,13148,244,1,19,-1,173,19,1105,2,53,21
09-10-20,Giles,507,7,504,7,3,0,610,8,7283,83,7893,91,0,15,4,50,3,442,0,33,16
09-10-20,Grainger,307,8,288,7,19,1,357,7,5102,54,5459,61,0,1,4,26,4,280,0,19,2
09-10-20,Greene,969,15,911,14,58,1,1137,10,12615,206,13752,216,1,23,1,108,13,838,2,74,29
09-10-20,Grundy,174,4,167,3,7,1,203,4,2046,29,2249,33,1,4,2,20,1,150,1,22,4
09-10-20,Hamblen,1765,11,1678,10,87,1,1910,10,18509,209,20419,219,1,22,1,59,9,1684,1,86,23
09-10-20,Hamilton,8499,78,8317,64,182,14,9808,85,115820,1401,125628,1486,3,80,-4,498,79,7921,2,364,85
09-10-20,Hancock,105,3,97,3,8,0,113,3,1654,28,1767,31,0,2,3,8,0,95,0,11,2
09-10-20,Hardeman,1455,81,1399,80,56,1,1674,86,12216,197,13890,283,0,24,65,174,16,1257,1,64,26
09-10-20,Hardin,863,13,735,12,128,1,956,17,10206,236,11162,253,1,13,-10,130,22,720,0,24,14
09-10-20,Hawkins,711,7,695,6,16,1,820,8,8230,104,9050,112,0,13,-2,34,9,664,0,52,15
09-10-20,Haywood,863,10,819,10,44,0,942,11,5295,162,6237,173,0,13,5,69,5,781,0,41,15
09-10-20,Henderson,1018,11,828,10,190,1,1257,15,7270,168,8527,183,2,16,-15,121,24,881,0,38,18
09-10-20,Henry,535,7,522,7,13,0,635,9,8085,122,8720,131,0,8,1,54,6,473,0,34,8
09-10-20,Hickman,453,21,430,19,23,2,559,23,5885,118,6444,141,0,4,17,71,4,378,0,18,4
09-10-20,Houston,128,6,123,5,5,1,141,6,1768,23,1909,29,0,0,2,23,4,105,0,9,0
09-10-20,Humphreys,198,4,174,3,24,1,224,4,4358,59,4582,63,0,3,4,31,0,164,1,6,3
09-10-20,Jackson,274,3,255,3,19,0,309,3,2083,17,2392,20,0,2,2,29,1,243,0,16,4
09-10-20,Jefferson,971,20,870,19,101,1,1009,23,14055,302,15064,325,4,13,-2,141,18,817,0,50,13
09-10-20,Johnson,565,9,559,8,6,1,606,14,4922,50,5528,64,1,2,5,148,3,415,1,17,2
09-10-20,Knox,8085,167,7810,164,275,3,8810,166,108954,1592,117764,1758,0,66,72,1257,95,6762,5,320,67
09-10-20,Lake,851,2,849,2,2,0,1048,2,5379,19,6427,21,0,2,-1,7,3,842,0,6,2
09-10-20,Lauderdale,863,24,807,20,56,4,947,30,8963,83,9910,113,0,14,17,143,7,706,0,41,15
09-10-20,Lawrence,843,17,833,17,10,0,982,22,8927,136,9909,158,0,11,9,83,8,749,0,36,11
09-10-20,Lewis,154,2,153,2,1,0,170,2,3715,109,3885,111,0,1,1,12,1,141,0,11,1
09-10-20,Lincoln,516,20,510,20,6,0,626,21,6598,97,7224,118,0,1,14,67,6,448,0,16,1
09-10-20,Loudon,1020,16,989,15,31,1,1123,19,10745,156,11868,175,0,4,11,86,5,930,0,33,4
09-10-20,Macon,969,4,958,4,11,0,1189,5,6157,66,7346,71,1,19,-5,36,8,914,1,76,20
09-10-20,Madison,2256,43,1958,20,298,23,2465,40,22374,448,24839,488,0,50,14,9,29,2197,1,163,62
09-10-20,Marion,434,12,430,12,4,0,526,15,4842,64,5368,79,0,7,8,66,4,361,1,34,7
09-10-20,Marshall,621,14,617,14,4,0,703,16,7625,139,8328,155,0,4,-2,57,16,560,0,18,4
09-10-20,Maury,1992,54,1977,52,15,2,2323,64,20867,412,23190,476,0,18,32,208,22,1766,1,76,20
09-10-20,McMinn,940,18,928,18,12,0,1093,24,13622,230,14715,254,0,24,6,101,12,815,3,53,24
09-10-20,McNairy,689,23,574,12,115,11,785,26,5691,125,6476,151,0,14,13,144,10,531,0,32,16
09-10-20,Meigs,201,10,197,10,4,0,230,8,2551,61,2781,69,0,3,8,37,2,161,0,10,3
09-10-20,Monroe,924,17,885,16,39,1,1031,19,8975,113,10006,132,1,17,4,119,12,788,2,61,17
09-10-20,Montgomery,2752,51,2662,47,90,4,3112,44,34443,528,37555,572,0,35,27,173,24,2544,1,119,42
09-10-20,Moore,124,2,118,1,6,1,150,2,1684,14,1834,16,0,1,-2,10,4,113,0,1,1
09-10-20,Morgan,278,4,261,3,17,1,298,3,7033,69,7331,72,0,2,-2,36,6,240,1,7,2
09-10-20,Obion,980,10,956,9,24,1,1078,11,8043,81,9121,92,0,8,-1,114,11,858,0,38,11
09-10-20,Out of State,1893,24,1858,21,35,3,2155,29,231820,3984,233975,4013,2,25,5,138,17,1730,0,70,12
09-10-20,Overton,573,13,527,10,46,3,637,14,5871,71,6508,85,0,2,1,82,12,489,0,19,4
09-10-20,Pending,684,11,647,11,37,0,794,14,151688,1649,152482,1663,-3,7,5,65,9,612,0,8,1
09-10-20,Perry,130,6,116,6,14,0,144,6,2787,122,2931,128,0,0,3,22,3,108,0,6,0
09-10-20,Pickett,87,2,72,2,15,0,94,2,854,3,948,5,0,1,0,19,2,67,0,3,1
09-10-20,Polk,372,2,366,2,6,0,428,2,3200,45,3628,47,0,11,-2,16,4,345,0,18,11
09-10-20,Putnam,2629,48,2511,44,118,4,3197,57,24919,268,28116,325,1,34,14,315,33,2280,1,101,36
09-10-20,Rhea,723,14,720,14,3,0,859,15,8715,163,9574,178,2,7,8,65,4,651,1,25,10
09-10-20,Roane,737,17,710,16,27,1,875,13,14814,197,15689,210,1,3,6,99,10,635,2,31,4
09-10-20,Robertson,2049,15,2031,15,18,0,2494,21,14813,231,17307,252,0,31,-40,88,55,1930,2,148,32
09-10-20,Rutherford,8478,55,8437,54,41,1,10406,74,70185,937,80591,1011,1,82,-3,363,57,8033,1,253,87
09-10-20,Scott,177,2,169,2,8,0,191,2,3524,48,3715,50,0,2,1,10,1,165,0,13,2
09-10-20,Sequatchie,191,14,190,14,1,0,219,13,4203,57,4422,70,0,2,14,28,0,161,0,10,1
09-10-20,Sevier,2392,12,2327,12,65,0,2666,12,22319,248,24985,260,0,13,-4,140,16,2239,1,85,15
09-10-20,Shelby,28808,125,28572,118,236,7,35559,164,321398,2944,356957,3108,6,412,-38,1234,157,27162,4,2066,477
09-10-20,Smith,618,8,599,5,19,3,773,10,4688,46,5461,56,0,9,5,66,3,543,1,27,10
09-10-20,Stewart,119,5,110,4,9,1,146,5,2336,33,2482,38,1,2,2,20,2,97,0,6,2
09-10-20,Sullivan,1919,21,1823,20,96,1,2068,21,24373,297,26441,318,2,29,-8,188,27,1702,4,163,30
09-10-20,Sumner,4471,52,4440,50,31,2,5326,64,37677,634,43003,698,1,89,28,243,23,4139,4,378,94
09-10-20,Tipton,1605,13,1526,12,79,1,1905,15,17891,193,19796,208,0,15,-5,99,18,1491,0,85,19
09-10-20,Trousdale,1633,2,1630,2,3,0,1708,2,4274,52,5982,54,0,7,2,12,0,1614,0,24,7
09-10-20,Unicoi,247,2,244,2,3,0,284,3,4865,87,5149,90,0,1,0,24,2,222,0,12,1
09-10-20,Union,261,5,250,4,11,1,284,5,3744,34,4028,39,0,1,1,24,4,236,0,7,1
09-10-20,Van Buren,126,6,113,3,13,3,138,6,1350,29,1488,35,0,0,2,36,4,90,0,6,0
09-10-20,Warren,955,14,882,12,73,2,1070,16,11258,142,12328,158,0,7,5,97,9,851,1,15,8
09-10-20,Washington,1919,44,1873,43,46,1,2194,46,24595,364,26789,410,0,16,11,219,33,1684,3,92,26
09-10-20,Wayne,1452,6,1441,6,11,0,1574,9,5272,77,6846,86,0,4,2,1117,4,331,1,19,6
09-10-20,Weakley,1026,10,951,9,75,1,1125,12,9060,165,10185,177,0,14,-4,130,14,882,0,29,15
09-10-20,White,655,10,608,7,47,3,793,11,7590,49,8383,60,1,8,-4,69,13,578,1,33,8
09-10-20,Williamson,4739,67,4690,60,49,7,5594,72,56625,782,62219,854,2,34,27,350,38,4355,0,111,35
09-10-20,Wilson,3140,38,3118,33,22,5,3740,43,32086,433,35826,476,4,35,3,236,31,2869,0,105,37
09-09-20,Anderson,994,9,963,9,31,0,1146,9,21393,232,22539,241,0,9,-3,81,12,904,1,38,11
09-09-20,Bedford,1183,7,1138,7,45,0,1406,9,10625,71,12031,80,0,14,-3,59,10,1110,0,46,15
09-09-20,Benton,298,2,288,2,10,0,319,2,3530,10,3849,12,1,8,-4,34,5,256,0,17,8
09-09-20,Bledsoe,815,5,810,4,5,1,854,5,6088,14,6942,19,0,4,-1,18,6,793,0,17,4
09-09-20,Blount,2272,9,2231,9,41,0,2645,9,23708,333,26353,342,1,18,-18,144,26,2110,0,102,21
09-09-20,Bradley,2686,12,2613,12,73,0,3195,13,21400,69,24595,82,0,16,-4,141,16,2529,2,154,17
09-09-20,Campbell,386,1,363,1,23,0,428,2,9026,47,9454,49,0,3,0,40,1,343,0,18,3
09-09-20,Cannon,242,2,228,1,14,1,289,2,3108,27,3397,29,0,0,-1,38,3,204,0,7,0
09-09-20,Carroll,704,9,607,7,97,2,764,12,7774,27,8538,39,0,10,-8,103,17,591,1,43,16
09-09-20,Carter,1016,6,969,6,47,0,1116,5,12652,25,13768,30,-1,24,-7,91,14,901,1,76,25
09-09-20,Cheatham,738,1,731,1,7,0,897,1,9036,30,9933,31,0,10,-2,25,3,703,0,28,10
09-09-20,Chester,479,5,417,2,62,3,531,5,4153,38,4684,43,1,7,-6,61,10,411,0,17,10
09-09-20,Claiborne,394,0,366,0,28,0,439,1,8759,18,9198,19,0,3,-4,31,4,360,0,19,4
09-09-20,Clay,132,0,121,0,11,0,139,0,2272,20,2411,20,1,3,-2,11,1,118,0,5,4
09-09-20,Cocke,694,2,650,2,44,0,742,3,6766,53,7508,56,0,7,-1,45,3,642,0,32,9
09-09-20,Coffee,865,25,800,25,65,0,1042,28,14941,276,15983,304,1,8,16,107,8,750,0,30,11
09-09-20,Crockett,455,9,404,8,51,1,499,11,2553,38,3052,49,1,15,1,50,7,390,0,19,19
09-09-20,Cumberland,1015,19,994,18,21,1,1241,23,18831,208,20072,231,1,10,-8,145,26,860,1,50,13
09-09-20,Davidson,25429,93,25309,91,120,2,31930,141,272365,2675,304295,2816,2,269,-8,934,99,24226,4,1066,290
09-09-20,Decatur,377,12,292,9,85,3,417,12,4448,25,4865,37,1,5,8,82,3,290,0,12,5
09-09-20,Dekalb,487,5,473,4,14,1,607,5,6809,80,7416,85,1,7,-5,50,9,430,0,22,9
09-09-20,Dickson,1086,9,994,9,92,0,1344,12,11871,101,13215,113,1,10,1,110,7,966,0,53,13
09-09-20,Dyer,1094,11,1029,9,65,2,1185,11,8751,105,9936,116,1,11,-2,115,12,968,0,59,12
09-09-20,Fayette,1030,7,1009,7,21,0,1311,13,13381,66,14692,79,0,12,-5,86,12,932,0,77,18
09-09-20,Fentress,322,16,287,12,35,4,352,15,3267,38,3619,53,0,0,5,82,11,240,2,20,3
09-09-20,Franklin,680,12,658,12,22,0,800,12,12823,80,13623,92,0,5,-3,154,15,521,0,33,7
09-09-20,Gibson,1278,29,1046,19,232,10,1405,31,11499,215,12904,246,1,18,12,174,16,1086,1,51,21
09-09-20,Giles,500,2,497,2,3,0,602,2,7200,10,7802,12,0,15,-1,46,3,439,0,33,16
09-09-20,Grainger,299,0,281,0,18,0,350,0,5048,51,5398,51,0,1,-3,22,3,276,0,19,2
09-09-20,Greene,954,12,897,12,57,0,1127,12,12409,119,13536,131,3,22,-9,107,18,825,0,72,28
09-09-20,Grundy,170,2,164,2,6,0,199,3,2017,13,2216,16,0,3,2,18,0,149,0,21,4
09-09-20,Hamblen,1754,2,1668,1,86,1,1900,1,18300,56,20200,57,0,21,-11,58,13,1675,1,85,23
09-09-20,Hamilton,8421,69,8253,67,168,2,9723,96,114419,982,124142,1078,-1,77,-21,502,91,7842,3,362,85
09-09-20,Hancock,102,0,94,0,8,0,110,0,1626,9,1736,9,0,2,0,5,0,95,0,11,2
09-09-20,Hardeman,1374,49,1319,49,55,0,1588,52,12019,227,13607,279,2,24,39,109,8,1241,0,63,26
09-09-20,Hardin,850,20,723,19,127,1,939,18,9970,46,10909,64,0,12,5,140,15,698,0,24,13
09-09-20,Hawkins,704,1,689,1,15,0,812,1,8126,26,8938,27,0,13,-7,36,8,655,0,52,15
09-09-20,Haywood,853,8,809,6,44,2,931,9,5133,49,6064,58,1,13,3,64,4,776,1,41,15
09-09-20,Henderson,1007,17,818,17,189,0,1242,17,7102,94,8344,111,3,14,6,136,8,857,0,38,18
09-09-20,Henry,528,6,515,6,13,0,626,6,7963,28,8589,34,0,8,-5,53,11,467,0,34,8
09-09-20,Hickman,432,6,411,6,21,0,536,7,5767,48,6303,55,0,4,3,54,3,374,1,18,4
09-09-20,Houston,122,1,118,1,4,0,135,1,1745,10,1880,11,0,0,-2,21,3,101,0,9,0
09-09-20,Humphreys,194,5,171,2,23,3,220,4,4299,22,4519,26,0,3,2,27,3,164,0,5,3
09-09-20,Jackson,271,6,252,5,19,1,306,6,2066,23,2372,29,0,2,1,27,5,242,0,16,4
09-09-20,Jefferson,951,9,851,9,100,0,986,10,13753,92,14739,102,0,9,-7,143,16,799,0,50,13
09-09-20,Johnson,556,2,551,2,5,0,592,3,4872,5,5464,8,0,1,0,143,2,412,1,16,2
09-09-20,Knox,7918,78,7646,69,272,9,8644,82,107362,1671,116006,1753,0,66,-23,1185,101,6667,2,315,67
09-09-20,Lake,849,1,847,1,2,0,1046,1,5360,6,6406,7,0,2,1,8,0,839,0,6,2
09-09-20,Lauderdale,839,2,787,2,52,0,917,2,8880,47,9797,49,2,14,-10,126,10,699,0,41,15
09-09-20,Lawrence,826,6,816,5,10,1,960,7,8791,98,9751,105,0,11,-11,74,17,741,2,36,11
09-09-20,Lewis,152,0,151,0,1,0,168,0,3606,4,3774,4,0,1,-2,11,2,140,0,11,1
09-09-20,Lincoln,496,10,490,10,6,0,605,10,6501,56,7106,66,0,1,6,53,4,442,0,16,1
09-09-20,Loudon,1004,4,974,4,30,0,1104,5,10589,71,11693,76,0,4,-5,75,9,925,0,33,4
09-09-20,Macon,965,7,954,6,11,1,1184,8,6091,75,7275,83,1,18,1,41,5,906,1,75,20
09-09-20,Madison,2213,35,1938,17,275,18,2425,37,21926,122,24351,159,1,50,-3,-5,37,2168,3,162,62
09-09-20,Marion,422,5,418,5,4,0,511,5,4778,29,5289,34,0,7,1,58,4,357,0,33,7
09-09-20,Marshall,607,3,603,3,4,0,687,1,7486,24,8173,25,0,4,-6,59,9,544,0,18,4
09-09-20,Maury,1938,15,1925,14,13,1,2259,11,20455,67,22714,78,0,18,-14,176,29,1744,0,75,20
09-09-20,McMinn,922,7,910,7,12,0,1069,8,13392,78,14461,86,0,24,-1,95,8,803,0,50,24
09-09-20,McNairy,666,16,562,15,104,1,759,17,5566,29,6325,46,0,14,7,131,9,521,0,32,16
09-09-20,Meigs,191,3,187,3,4,0,222,3,2490,12,2712,15,0,3,-2,29,5,159,0,10,3
09-09-20,Monroe,907,10,869,9,38,1,1012,13,8862,97,9874,110,1,16,-7,115,16,776,0,59,17
09-09-20,Montgomery,2701,5,2615,4,86,1,3068,5,33915,214,36983,219,2,35,-14,146,17,2520,1,118,40
09-09-20,Moore,122,1,117,1,5,0,148,1,1670,22,1818,23,0,1,-1,12,2,109,0,1,1
09-09-20,Morgan,274,2,258,2,16,0,295,2,6964,32,7259,34,0,2,2,38,0,234,0,6,2
09-09-20,Obion,970,16,947,15,23,1,1067,17,7962,52,9029,69,0,8,2,115,14,847,0,38,10
09-09-20,Out of State,1869,18,1837,18,32,0,2126,20,227836,1175,229962,1195,0,23,-4,133,22,1713,0,70,12
09-09-20,Overton,560,13,517,8,43,5,623,16,5800,62,6423,78,0,2,-1,81,14,477,0,19,4
09-09-20,Pending,673,5,636,4,37,1,780,5,150039,973,150819,978,1,10,-15,60,19,603,0,8,1
09-09-20,Perry,124,1,110,1,14,0,138,1,2665,19,2803,20,0,0,0,19,1,105,0,6,0
09-09-20,Pickett,85,1,70,1,15,0,92,1,851,3,943,4,0,1,-3,19,4,65,0,3,1
09-09-20,Polk,370,1,364,1,6,0,426,1,3155,13,3581,14,0,11,-1,18,2,341,0,18,10
09-09-20,Putnam,2581,51,2467,39,114,12,3140,58,24651,295,27791,353,1,33,23,301,27,2247,4,100,36
09-09-20,Rhea,709,4,706,4,3,0,844,5,8552,40,9396,45,0,5,0,57,4,647,1,24,8
09-09-20,Roane,720,9,694,9,26,0,862,9,14617,100,15479,109,0,2,-4,93,13,625,0,29,3
09-09-20,Robertson,2034,6,2016,4,18,2,2473,3,14582,54,17055,57,0,31,-2,128,8,1875,2,146,32
09-09-20,Rutherford,8423,27,8383,27,40,0,10332,32,69248,426,79580,458,1,81,-22,366,48,7976,0,252,86
09-09-20,Scott,175,0,167,0,8,0,189,0,3476,19,3665,19,0,2,-2,9,2,164,0,13,2
09-09-20,Sequatchie,177,1,176,1,1,0,206,1,4146,13,4352,14,0,2,1,14,0,161,0,10,1
09-09-20,Sevier,2380,16,2315,16,65,0,2654,15,22071,199,24725,214,0,13,6,144,10,2223,0,84,15
09-09-20,Shelby,28683,106,28454,102,229,4,35395,142,318454,1249,353849,1391,-1,406,-75,1272,182,27005,9,2062,476
09-09-20,Smith,610,8,594,8,16,0,763,9,4642,107,5405,116,0,9,3,61,5,540,0,26,10
09-09-20,Stewart,114,1,106,1,8,0,141,3,2303,15,2444,18,0,1,1,18,0,95,0,6,2
09-09-20,Sullivan,1898,14,1803,13,95,1,2047,13,24076,174,26123,187,0,27,-10,196,24,1675,1,159,30
09-09-20,Sumner,4419,25,4390,25,29,0,5262,29,37043,297,42305,326,1,88,-2,215,26,4116,8,374,93
09-09-20,Tipton,1592,5,1514,4,78,1,1890,8,17698,147,19588,155,0,15,-34,104,39,1473,0,85,19
09-09-20,Trousdale,1631,0,1628,0,3,0,1706,1,4222,166,5928,167,0,7,-8,10,8,1614,0,24,7
09-09-20,Unicoi,245,1,242,1,3,0,281,3,4778,57,5059,60,0,1,0,24,1,220,0,12,1
09-09-20,Union,256,3,246,3,10,0,279,3,3710,43,3989,46,0,1,1,23,2,232,0,7,1
09-09-20,Van Buren,120,5,110,5,10,0,132,5,1321,81,1453,86,0,0,4,34,1,86,0,6,0
09-09-20,Warren,941,8,870,7,71,1,1054,11,11116,122,12170,133,0,7,-16,92,24,842,0,14,8
09-09-20,Washington,1875,9,1830,8,45,1,2148,10,24231,65,26379,75,2,16,-12,208,19,1651,0,89,23
09-09-20,Wayne,1446,2,1435,2,11,0,1565,2,5195,10,6760,12,2,4,-3,1115,3,327,0,18,6
09-09-20,Weakley,1016,13,942,13,74,0,1113,13,8895,74,10008,87,0,14,4,134,9,868,1,29,15
09-09-20,White,645,14,601,11,44,3,782,20,7541,135,8323,155,0,7,-5,73,19,565,1,32,8
09-09-20,Williamson,4672,16,4630,15,42,1,5522,17,55843,379,61365,396,0,32,-22,323,38,4317,0,111,35
09-09-20,Wilson,3102,10,3085,10,17,0,3697,15,31653,241,35350,256,0,31,-4,233,14,2838,0,105,37
09-08-20,Anderson,985,10,954,4,31,6,1137,5,21161,169,22298,174,1,9,5,84,4,892,0,37,10
09-08-20,Bedford,1176,2,1131,2,45,0,1397,4,10554,27,11951,31,0,14,-11,62,13,1100,0,46,15
09-08-20,Benton,296,2,286,2,10,0,317,2,3520,2,3837,4,0,7,-3,38,5,251,0,17,8
09-08-20,Bledsoe,810,3,806,3,4,0,849,4,6074,7,6923,11,0,4,2,19,1,787,0,17,4
09-08-20,Blount,2263,6,2222,6,41,0,2636,9,23375,122,26011,131,0,17,-159,162,165,2084,0,102,20
09-08-20,Bradley,2674,13,2601,11,73,2,3182,15,21331,95,24513,110,0,16,-1,145,14,2513,5,152,17
09-08-20,Campbell,385,3,362,3,23,0,426,3,8979,72,9405,75,0,3,-1,40,4,342,0,18,3
09-08-20,Cannon,240,2,227,2,13,0,287,2,3081,7,3368,9,0,0,-2,39,4,201,1,7,0
09-08-20,Carroll,695,2,600,2,95,0,752,2,7747,31,8499,33,0,10,-12,111,14,574,0,42,14
09-08-20,Carter,1010,10,963,10,47,0,1111,10,12627,148,13738,158,1,25,-6,98,15,887,0,75,25
09-08-20,Cheatham,737,2,730,2,7,0,896,2,9006,38,9902,40,0,10,-2,27,4,700,0,28,10
09-08-20,Chester,474,3,415,1,59,2,526,5,4115,31,4641,36,0,6,-1,67,4,401,0,17,10
09-08-20,Claiborne,394,0,366,0,28,0,438,1,8741,128,9179,129,0,3,-5,35,5,356,0,19,4
09-08-20,Clay,132,0,121,0,11,0,139,0,2252,34,2391,34,0,2,0,13,0,117,0,5,4
09-08-20,Cocke,692,1,648,1,44,0,739,1,6713,30,7452,31,0,7,-5,46,6,639,0,32,9
09-08-20,Coffee,840,4,775,3,65,1,1014,3,14665,209,15679,212,0,7,-8,91,12,742,0,30,11
09-08-20,Crockett,446,2,396,1,50,1,488,2,2515,15,3003,17,0,14,-4,49,6,383,0,19,19
09-08-20,Cumberland,996,1,976,1,20,0,1218,2,18623,99,19841,101,0,9,-16,153,17,834,0,49,13
09-08-20,Davidson,25336,92,25218,92,118,0,31789,97,269690,2298,301479,2395,3,267,-14,942,103,24127,1,1062,287
09-08-20,Decatur,365,5,283,3,82,2,405,5,4423,7,4828,12,0,4,3,74,2,287,1,12,5
09-08-20,Dekalb,482,2,469,2,13,0,602,4,6729,89,7331,93,0,6,-3,55,5,421,0,22,9
09-08-20,Dickson,1077,13,985,10,92,3,1332,11,11770,57,13102,68,0,9,5,109,8,959,2,53,13
09-08-20,Dyer,1083,4,1020,4,63,0,1174,5,8646,37,9820,42,0,10,-17,117,21,956,2,59,12
09-08-20,Fayette,1023,2,1002,2,21,0,1298,2,13315,41,14613,43,1,12,-5,91,6,920,0,77,18
09-08-20,Fentress,306,7,275,7,31,0,337,8,3229,18,3566,26,0,0,-6,77,13,229,2,18,3
09-08-20,Franklin,668,7,646,6,22,1,788,9,12743,43,13531,52,0,5,-6,157,13,506,0,33,7
09-08-20,Gibson,1249,11,1027,10,222,1,1374,11,11284,32,12658,43,0,17,-15,162,26,1070,0,50,21
09-08-20,Giles,498,4,495,4,3,0,600,5,7190,29,7790,34,0,15,3,47,1,436,0,33,16
09-08-20,Grainger,299,0,281,0,18,0,350,1,4997,22,5347,23,0,1,-2,25,2,273,0,19,2
09-08-20,Greene,942,3,885,3,57,0,1115,7,12290,34,13405,41,0,19,-12,116,15,807,0,72,27
09-08-20,Grundy,168,2,162,0,6,2,196,2,2004,4,2200,6,0,3,-2,16,4,149,0,21,4
09-08-20,Hamblen,1752,5,1667,4,85,1,1899,4,18244,50,20143,54,0,21,-7,69,12,1662,0,84,23
09-08-20,Hamilton,8352,39,8186,35,166,4,9627,40,113437,475,123064,515,0,78,-40,523,79,7751,2,359,84
09-08-20,Hancock,102,0,94,0,8,0,110,0,1617,1,1727,1,0,2,0,5,0,95,0,11,2
09-08-20,Hardeman,1325,2,1270,2,55,0,1536,3,11792,16,13328,19,0,22,-4,70,6,1233,0,63,26
09-08-20,Hardin,830,3,704,2,126,1,921,4,9924,10,10845,14,0,12,-4,135,7,683,0,24,13
09-08-20,Hawkins,703,3,688,3,15,0,811,2,8100,76,8911,78,0,13,-2,43,5,647,0,52,15
09-08-20,Haywood,845,2,803,2,42,0,922,3,5084,9,6006,12,0,12,-4,61,6,772,0,40,15
09-08-20,Henderson,990,6,801,0,189,6,1225,7,7008,9,8233,16,0,11,-7,130,13,849,0,38,17
09-08-20,Henry,522,0,509,0,13,0,620,0,7935,13,8555,13,1,8,-17,58,16,456,0,34,8
09-08-20,Hickman,426,6,405,4,21,2,529,6,5719,55,6248,61,0,4,4,51,2,371,0,17,4
09-08-20,Houston,121,0,117,0,4,0,134,0,1735,1,1869,1,0,0,-2,23,2,98,0,9,0
09-08-20,Humphreys,189,6,169,1,20,5,216,7,4277,9,4493,16,0,3,5,25,1,161,1,5,3
09-08-20,Jackson,265,1,247,1,18,0,300,1,2043,5,2343,6,0,2,-3,26,4,237,0,16,3
09-08-20,Jefferson,942,6,842,6,100,0,976,8,13661,57,14637,65,2,9,-1,150,5,783,0,50,13
09-08-20,Johnson,554,7,549,7,5,0,589,3,4867,7,5456,10,0,1,3,143,4,410,1,15,2
09-08-20,Knox,7840,109,7577,107,263,2,8562,114,105691,652,114253,766,1,66,20,1208,88,6566,8,313,67
09-08-20,Lake,848,1,846,1,2,0,1045,1,5354,21,6399,22,0,2,-8,7,9,839,0,6,2
09-08-20,Lauderdale,837,2,785,2,52,0,915,2,8833,36,9748,38,0,12,-4,136,6,689,0,41,14
09-08-20,Lawrence,820,7,811,7,9,0,953,4,8693,47,9646,51,0,11,0,85,7,724,0,34,11
09-08-20,Lewis,152,0,151,0,1,0,168,1,3602,15,3770,16,0,1,-2,13,2,138,0,11,1
09-08-20,Lincoln,486,3,480,3,6,0,595,3,6445,46,7040,49,0,1,-3,47,6,438,0,16,1
09-08-20,Loudon,1000,6,970,5,30,1,1099,4,10518,57,11617,61,0,4,-7,80,13,916,1,33,4
09-08-20,Macon,958,0,948,0,10,0,1176,0,6016,22,7192,22,1,17,-6,40,5,901,0,74,20
09-08-20,Madison,2178,35,1921,17,257,18,2388,32,21804,75,24192,107,1,49,-1,-2,35,2131,0,159,61
09-08-20,Marion,417,1,413,1,4,0,506,1,4749,16,5255,17,0,7,-7,57,8,353,0,33,7
09-08-20,Marshall,604,1,600,1,4,0,686,1,7462,37,8148,38,0,4,-7,65,8,535,0,18,4
09-08-20,Maury,1923,9,1911,9,12,0,2248,10,20388,100,22636,110,0,18,-18,190,27,1715,0,75,20
09-08-20,McMinn,915,8,903,8,12,0,1061,9,13314,128,14375,137,0,24,-8,96,16,795,0,50,24
09-08-20,McNairy,650,10,547,2,103,8,742,9,5537,11,6279,20,0,14,3,124,7,512,0,32,16
09-08-20,Meigs,188,1,184,1,4,0,219,1,2478,16,2697,17,1,3,-3,31,3,154,0,10,3
09-08-20,Monroe,897,7,860,7,37,0,999,7,8765,53,9764,60,0,15,-20,122,27,760,0,59,17
09-08-20,Montgomery,2696,21,2611,13,85,8,3063,11,33701,222,36764,233,2,33,-11,160,30,2503,2,117,40
09-08-20,Moore,121,2,116,2,5,0,147,2,1648,9,1795,11,0,1,0,13,2,107,0,1,1
09-08-20,Morgan,272,0,256,0,16,0,293,0,6932,18,7225,18,0,2,-9,36,9,234,0,6,2
09-08-20,Obion,954,7,932,7,22,0,1050,7,7910,21,8960,28,0,8,-2,113,9,833,0,38,10
09-08-20,Out of State,1851,23,1819,21,32,2,2106,23,226661,1510,228767,1533,-1,23,10,137,14,1691,0,70,12
09-08-20,Overton,547,1,509,1,38,0,607,1,5738,19,6345,20,0,2,-13,82,14,463,0,19,4
09-08-20,Pending,668,5,632,4,36,1,775,5,149066,570,149841,575,2,9,-7,75,10,584,0,8,1
09-08-20,Perry,123,1,109,1,14,0,137,1,2646,5,2783,6,0,0,1,19,0,104,0,6,0
09-08-20,Pickett,84,2,69,2,15,0,91,2,848,1,939,3,0,1,-1,22,3,61,1,3,1
09-08-20,Polk,369,0,363,0,6,0,425,2,3142,35,3567,37,0,11,-2,19,2,339,0,18,10
09-08-20,Putnam,2530,6,2428,5,102,1,3082,6,24356,79,27438,85,1,32,-28,278,33,2220,0,96,36
09-08-20,Rhea,705,10,702,9,3,1,839,9,8512,13,9351,22,0,5,5,57,5,643,0,23,8
09-08-20,Roane,711,5,685,4,26,1,853,4,14517,53,15370,57,0,2,-6,97,11,612,0,29,2
09-08-20,Robertson,2028,3,2012,2,16,1,2470,3,14528,34,16998,37,1,31,-8,130,10,1867,2,144,32
09-08-20,Rutherford,8396,29,8356,29,40,0,10300,39,68822,452,79122,491,0,80,-31,388,60,7928,0,252,85
09-08-20,Scott,175,1,167,0,8,1,189,1,3457,28,3646,29,0,2,0,11,1,162,0,13,2
09-08-20,Sequatchie,176,1,175,1,1,0,205,1,4133,91,4338,92,0,2,1,13,0,161,0,10,1
09-08-20,Sevier,2364,13,2299,12,65,1,2639,13,21872,128,24511,141,0,13,-5,138,18,2213,0,84,15
09-08-20,Shelby,28577,72,28352,61,225,11,35253,80,317205,1437,352458,1517,5,407,-93,1347,160,26823,4,2053,473
09-08-20,Smith,602,2,586,2,16,0,754,2,4535,9,5289,11,1,9,-2,58,3,535,0,26,10
09-08-20,Stewart,113,3,105,1,8,2,138,3,2288,2,2426,5,1,1,2,17,0,95,0,6,2
09-08-20,Sullivan,1884,10,1790,9,94,1,2034,12,23902,165,25936,177,1,27,-13,206,22,1651,4,158,29
09-08-20,Sumner,4394,19,4365,19,29,0,5233,26,36746,147,41979,173,0,87,-10,217,29,4090,1,366,92
09-08-20,Tipton,1587,6,1510,3,77,3,1882,6,17551,60,19433,66,0,15,0,138,6,1434,0,85,19
09-08-20,Trousdale,1631,2,1628,2,3,0,1705,2,4056,11,5761,13,0,7,0,18,2,1606,1,24,7
09-08-20,Unicoi,244,2,241,2,3,0,278,2,4721,118,4999,120,0,1,0,24,2,219,0,12,1
09-08-20,Union,253,2,243,1,10,1,276,0,3667,15,3943,15,0,1,-2,22,4,230,0,7,1
09-08-20,Van Buren,115,0,105,0,10,0,127,0,1240,3,1367,3,0,0,-5,30,5,85,0,6,0
09-08-20,Warren,933,0,863,0,70,0,1043,0,10994,111,12037,111,0,7,-11,108,11,818,0,14,8
09-08-20,Washington,1866,11,1822,11,44,0,2138,12,24166,223,26304,235,0,14,-9,220,20,1632,2,89,22
09-08-20,Wayne,1444,1,1433,1,11,0,1563,1,5185,11,6748,12,0,2,-6,1118,7,324,0,18,6
09-08-20,Weakley,1003,4,929,4,74,0,1100,4,8821,61,9921,65,0,14,-10,130,14,859,0,28,15
09-08-20,White,631,0,590,0,41,0,762,0,7406,19,8168,19,0,7,-25,78,25,546,0,31,8
09-08-20,Williamson,4656,26,4615,21,41,5,5505,28,55464,285,60969,313,1,32,-15,345,40,4279,0,111,34
09-08-20,Wilson,3092,24,3075,23,17,1,3682,23,31412,169,35094,192,0,31,1,237,23,2824,3,105,36
09-07-20,Anderson,975,3,950,3,25,0,1132,6,20992,94,22124,100,0,8,-8,79,11,888,0,37,10
09-07-20,Bedford,1174,4,1129,4,45,0,1393,5,10527,33,11920,38,0,14,-10,73,14,1087,0,46,15
09-07-20,Benton,294,4,284,4,10,0,315,4,3518,11,3833,15,0,7,-1,41,5,246,0,17,8
09-07-20,Bledsoe,807,1,803,1,4,0,845,1,6067,6,6912,7,0,4,-1,17,2,786,0,17,4
09-07-20,Blount,2257,12,2216,11,41,1,2627,19,23253,68,25880,87,0,17,-4,321,16,1919,0,102,20
09-07-20,Bradley,2661,4,2590,4,71,0,3167,5,21236,44,24403,49,0,16,-22,146,26,2499,0,147,17
09-07-20,Campbell,382,0,359,0,23,0,423,0,8907,20,9330,20,0,3,-6,41,6,338,0,18,3
09-07-20,Cannon,238,2,225,2,13,0,285,2,3074,10,3359,12,0,0,-1,41,3,197,0,6,0
09-07-20,Carroll,693,6,598,3,95,3,750,6,7716,40,8466,46,0,10,-21,123,27,560,2,42,14
09-07-20,Carter,1000,2,953,2,47,0,1101,2,12479,46,13580,48,0,24,-29,104,31,872,2,75,25
09-07-20,Cheatham,735,2,728,1,7,1,894,2,8968,61,9862,63,0,10,0,29,2,696,0,28,10
09-07-20,Chester,471,2,414,2,57,0,521,3,4084,12,4605,15,0,6,-9,68,11,397,1,17,10
09-07-20,Claiborne,394,0,366,0,28,0,437,0,8613,8,9050,8,0,3,-4,40,4,351,0,19,4
09-07-20,Clay,132,0,121,0,11,0,139,0,2218,9,2357,9,0,2,-2,13,2,117,0,5,4
09-07-20,Cocke,691,0,647,0,44,0,738,0,6683,20,7421,20,0,7,-10,51,10,633,0,32,9
09-07-20,Coffee,836,4,772,4,64,0,1011,7,14456,84,15467,91,0,7,-11,99,15,730,0,30,11
09-07-20,Crockett,444,1,395,1,49,0,486,2,2500,11,2986,13,0,14,-6,53,7,377,0,19,19
09-07-20,Cumberland,995,1,975,1,20,0,1216,5,18524,21,19740,26,0,9,-27,169,28,817,0,49,13
09-07-20,Davidson,25244,44,25126,43,118,1,31692,63,267392,702,299084,765,0,264,-91,956,135,24024,3,1061,285
09-07-20,Decatur,360,7,280,7,80,0,400,8,4416,29,4816,37,0,4,3,71,4,285,1,11,5
09-07-20,Dekalb,480,0,467,0,13,0,598,1,6640,15,7238,16,0,6,-9,58,9,416,0,22,9
09-07-20,Dickson,1064,59,975,59,89,0,1321,74,11713,62,13034,136,0,9,31,104,28,951,1,51,13
09-07-20,Dyer,1079,1,1016,1,63,0,1169,7,8609,23,9778,30,0,10,-20,134,21,935,0,57,12
09-07-20,Fayette,1021,6,1000,6,21,0,1296,7,13274,35,14570,42,0,11,-10,96,16,914,1,77,18
09-07-20,Fentress,299,2,268,2,31,0,329,2,3211,9,3540,11,0,0,-17,83,19,216,0,16,3
09-07-20,Franklin,661,6,640,4,21,2,779,8,12700,25,13479,33,0,5,-12,163,18,493,1,33,7
09-07-20,Gibson,1238,16,1017,14,221,2,1363,44,11252,61,12615,105,0,17,2,177,14,1044,0,50,19
09-07-20,Giles,494,4,491,4,3,0,595,4,7161,13,7756,17,0,15,1,44,3,435,0,33,16
09-07-20,Grainger,299,0,281,0,18,0,349,0,4975,5,5324,5,0,1,-8,27,8,271,0,19,2
09-07-20,Greene,939,3,882,3,57,0,1108,4,12256,23,13364,27,0,19,-21,128,24,792,0,72,26
09-07-20,Grundy,166,0,162,0,4,0,194,0,2000,4,2194,4,0,3,-2,18,2,145,0,21,4
09-07-20,Hamblen,1747,4,1663,3,84,1,1895,3,18194,21,20089,24,0,21,-8,76,12,1650,0,84,23
09-07-20,Hamilton,8313,29,8151,28,162,1,9587,30,112962,267,122549,297,1,78,-54,563,82,7672,4,357,83
09-07-20,Hancock,102,0,94,0,8,0,110,0,1616,2,1726,2,0,2,0,5,0,95,0,11,2
09-07-20,Hardeman,1323,2,1268,2,55,0,1533,3,11776,15,13309,18,0,22,-10,74,12,1227,0,63,26
09-07-20,Hardin,827,8,702,6,125,2,917,8,9914,23,10831,31,0,12,-7,139,15,676,0,24,13
09-07-20,Hawkins,700,1,685,1,15,0,809,1,8024,26,8833,27,0,13,-2,45,3,642,0,52,15
09-07-20,Haywood,843,11,801,10,42,1,919,17,5075,47,5994,64,0,12,2,65,9,766,2,40,14
09-07-20,Henderson,984,4,801,4,183,0,1218,7,6999,27,8217,34,0,11,-9,137,13,836,0,38,17
09-07-20,Henry,522,1,509,1,13,0,620,1,7922,23,8542,24,0,7,-9,75,10,440,0,34,8
09-07-20,Hickman,420,3,401,2,19,1,523,3,5664,17,6187,20,0,4,-7,47,10,369,0,17,4
09-07-20,Houston,121,1,117,0,4,1,134,1,1734,2,1868,3,0,0,-2,25,3,96,0,9,0
09-07-20,Humphreys,183,1,168,1,15,0,209,1,4268,44,4477,45,0,3,-4,20,5,160,0,4,3
09-07-20,Jackson,264,0,246,0,18,0,299,2,2038,4,2337,6,0,2,-3,29,3,233,0,16,3
09-07-20,Jefferson,936,4,836,4,100,0,968,4,13604,32,14572,36,0,7,-14,151,18,778,0,50,13
09-07-20,Johnson,547,1,542,1,5,0,586,1,4860,2,5446,3,0,1,-3,140,4,406,0,14,1
09-07-20,Knox,7731,80,7470,77,261,3,8448,85,105039,417,113487,502,1,65,0,1188,79,6478,0,305,67
09-07-20,Lake,847,0,845,0,2,0,1044,0,5333,12,6377,12,0,2,-2,15,2,830,0,6,2
09-07-20,Lauderdale,835,2,783,2,52,0,913,3,8797,26,9710,29,0,12,-11,140,13,683,0,41,13
09-07-20,Lawrence,813,1,804,1,9,0,949,2,8646,42,9595,44,0,11,-9,85,10,717,0,34,11
09-07-20,Lewis,152,0,151,0,1,0,167,0,3587,79,3754,79,0,1,-2,15,2,136,0,11,1
09-07-20,Lincoln,483,1,477,1,6,0,592,2,6399,11,6991,13,0,1,-1,50,2,432,0,16,1
09-07-20,Loudon,994,3,965,3,29,0,1095,7,10461,40,11556,47,0,4,-10,87,13,903,0,32,4
09-07-20,Macon,958,1,948,1,10,0,1176,7,5994,35,7170,42,0,16,-2,46,3,896,0,74,20
09-07-20,Madison,2143,28,1904,22,239,6,2356,35,21729,113,24085,148,0,48,-22,-1,50,2096,2,159,61
09-07-20,Marion,416,5,412,5,4,0,505,5,4733,11,5238,16,0,7,-1,64,6,345,0,33,7
09-07-20,Marshall,603,2,599,2,4,0,685,2,7425,11,8110,13,0,4,-19,72,21,527,0,18,4
09-07-20,Maury,1914,4,1902,4,12,0,2238,8,20288,56,22526,64,0,18,-27,208,31,1688,0,75,19
09-07-20,McMinn,907,5,895,5,12,0,1052,6,13186,40,14238,46,0,24,-7,104,12,779,0,50,24
09-07-20,McNairy,640,4,545,3,95,1,733,4,5526,37,6259,41,0,14,-8,121,12,505,0,32,16
09-07-20,Meigs,187,6,183,6,4,0,218,6,2462,8,2680,14,0,2,2,34,4,151,2,10,3
09-07-20,Monroe,890,3,853,2,37,1,992,5,8712,25,9704,30,0,15,-31,142,34,733,0,59,17
09-07-20,Montgomery,2675,24,2598,23,77,1,3052,30,33479,65,36531,95,0,31,-1,171,25,2473,1,115,40
09-07-20,Moore,119,0,114,0,5,0,145,0,1639,4,1784,4,0,1,0,13,0,105,0,1,1
09-07-20,Morgan,272,0,256,0,16,0,293,0,6914,14,7207,14,0,2,-7,45,7,225,0,6,2
09-07-20,Obion,947,4,925,4,22,0,1043,4,7889,94,8932,98,0,8,-16,115,20,824,0,38,10
09-07-20,Out of State,1828,7,1798,6,30,1,2083,10,225151,576,227234,586,0,24,-13,127,20,1677,1,70,12
09-07-20,Overton,546,7,508,6,38,1,606,7,5719,57,6325,64,0,2,-7,95,14,449,0,19,4
09-07-20,Pending,663,7,628,7,35,0,770,8,148496,422,149266,430,0,7,-7,82,14,574,0,8,1
09-07-20,Perry,122,1,108,1,14,0,136,1,2641,8,2777,9,0,0,-1,18,2,104,1,6,0
09-07-20,Pickett,82,1,67,1,15,0,89,1,847,6,936,7,0,1,-3,23,4,58,0,2,1
09-07-20,Polk,369,0,363,0,6,0,423,0,3107,5,3530,5,1,11,-7,21,6,337,0,18,10
09-07-20,Putnam,2524,8,2423,6,101,2,3076,24,24277,26,27353,50,0,31,-31,306,39,2187,0,96,34
09-07-20,Rhea,695,2,693,2,2,0,830,2,8499,6,9329,8,0,5,-7,52,9,638,1,23,8
09-07-20,Roane,706,2,681,2,25,0,849,2,14464,24,15313,26,0,2,-13,103,15,601,0,29,2
09-07-20,Robertson,2025,18,2010,18,15,0,2467,28,14494,34,16961,62,0,30,4,138,14,1857,0,142,31
09-07-20,Rutherford,8367,62,8327,62,40,0,10261,115,68370,397,78631,512,0,80,0,419,62,7868,2,252,84
09-07-20,Scott,174,0,167,0,7,0,188,0,3429,7,3617,7,0,2,-3,11,3,161,0,13,2
09-07-20,Sequatchie,175,1,174,1,1,0,204,4,4042,10,4246,14,0,2,-1,12,2,161,0,10,1
09-07-20,Sevier,2351,3,2287,3,64,0,2626,6,21744,50,24370,56,0,13,-16,143,19,2195,0,84,15
09-07-20,Shelby,28505,130,28291,126,214,4,35173,186,315768,1173,350941,1359,0,402,-49,1440,179,26663,1,2049,469
09-07-20,Smith,600,4,584,4,16,0,752,23,4526,19,5278,42,0,8,0,60,4,532,0,26,9
09-07-20,Stewart,110,1,104,0,6,1,135,1,2286,3,2421,4,0,0,0,15,1,95,0,6,1
09-07-20,Sullivan,1874,11,1781,11,93,0,2022,12,23737,76,25759,88,0,26,-11,219,22,1629,1,154,28
09-07-20,Sumner,4375,17,4346,17,29,0,5207,29,36599,283,41806,312,0,87,-20,227,37,4061,2,365,92
09-07-20,Tipton,1581,6,1507,6,74,0,1876,20,17491,58,19367,78,0,15,-13,138,19,1428,0,85,19
09-07-20,Trousdale,1629,0,1626,0,3,0,1703,3,4045,8,5748,11,0,7,-4,18,4,1604,0,23,7
09-07-20,Unicoi,242,2,239,2,3,0,276,4,4603,8,4879,12,0,1,0,24,2,217,0,12,1
09-07-20,Union,251,0,242,0,9,0,276,0,3652,6,3928,6,0,1,-3,24,3,226,0,7,1
09-07-20,Van Buren,115,1,105,0,10,1,127,2,1237,2,1364,4,0,0,-5,35,6,80,0,6,0
09-07-20,Warren,933,5,863,5,70,0,1043,6,10883,24,11926,30,0,7,-15,119,20,807,0,14,8
09-07-20,Washington,1855,7,1811,7,44,0,2126,8,23943,43,26069,51,0,14,-13,229,20,1612,1,87,19
09-07-20,Wayne,1443,1,1432,1,11,0,1562,1,5174,12,6736,13,0,2,-5,1124,6,317,0,18,6
09-07-20,Weakley,999,5,925,1,74,4,1096,7,8760,25,9856,32,0,14,-22,140,27,845,0,28,15
09-07-20,White,631,4,590,3,41,1,762,9,7387,11,8149,20,0,7,-28,103,32,521,0,31,8
09-07-20,Williamson,4630,20,4594,17,36,3,5477,21,55179,139,60656,160,1,31,-27,360,46,4239,0,111,34
09-07-20,Wilson,3068,11,3052,11,16,0,3659,13,31243,110,34902,123,0,31,-14,236,25,2801,0,102,35
09-06-20,Anderson,972,2,947,2,25,0,1126,2,20898,76,22024,78,0,8,-1,87,3,877,0,37,10
09-06-20,Bedford,1170,2,1125,2,45,0,1388,3,10494,17,11882,20,0,14,-4,83,6,1073,0,46,15
09-06-20,Benton,290,1,280,0,10,1,311,1,3507,9,3818,10,0,7,-2,42,3,241,0,17,7
09-06-20,Bledsoe,806,0,802,0,4,0,844,0,6061,10,6905,10,0,4,-2,18,2,784,0,17,4
09-06-20,Blount,2245,6,2205,6,40,0,2608,7,23185,93,25793,100,0,17,-5,325,11,1903,0,102,20
09-06-20,Bradley,2657,10,2586,4,71,6,3162,11,21192,107,24354,118,0,16,-2,168,12,2473,1,147,17
09-06-20,Campbell,382,3,359,3,23,0,423,3,8887,126,9310,129,0,3,1,47,2,332,0,18,3
09-06-20,Cannon,236,2,223,2,13,0,283,3,3064,9,3347,12,0,0,2,42,0,194,0,6,0
09-06-20,Carroll,687,7,595,5,92,2,744,7,7676,128,8420,135,0,10,-1,144,8,533,0,40,14
09-06-20,Carter,998,7,951,7,47,0,1099,9,12433,61,13532,70,0,24,-5,133,12,841,1,73,25
09-06-20,Cheatham,733,2,727,2,6,0,892,2,8907,26,9799,28,0,10,0,29,2,694,0,28,10
09-06-20,Chester,469,6,412,5,57,1,518,5,4072,46,4590,51,0,6,5,77,1,386,0,16,10
09-06-20,Claiborne,394,1,366,1,28,0,437,1,8605,57,9042,58,0,3,-1,44,2,347,0,19,4
09-06-20,Clay,132,0,121,0,11,0,139,0,2209,10,2348,10,0,2,-1,15,1,115,0,5,4
09-06-20,Cocke,691,3,647,2,44,1,738,2,6663,31,7401,33,0,7,-1,61,4,623,1,32,9
09-06-20,Coffee,832,5,768,5,64,0,1004,4,14372,50,15376,54,0,7,-6,110,11,715,0,30,10
09-06-20,Crockett,443,1,394,1,49,0,484,1,2489,7,2973,8,0,14,-4,59,5,370,0,19,19
09-06-20,Cumberland,994,0,974,0,20,0,1211,1,18503,30,19714,31,0,9,-12,196,12,789,0,49,13
09-06-20,Davidson,25200,106,25083,103,117,3,31629,113,266690,855,298319,968,0,264,26,1047,80,23889,1,1058,284
09-06-20,Decatur,353,8,273,8,80,0,392,8,4387,86,4779,94,0,4,4,68,4,281,1,10,5
09-06-20,Dekalb,480,0,467,0,13,0,597,0,6625,77,7222,77,0,6,-1,67,1,407,0,22,9
09-06-20,Dickson,1005,3,916,3,89,0,1247,4,11651,83,12898,87,0,9,-4,73,7,923,1,50,13
09-06-20,Dyer,1078,6,1015,5,63,1,1162,7,8586,64,9748,71,0,10,0,154,6,914,1,57,12
09-06-20,Fayette,1015,7,994,7,21,0,1289,9,13239,47,14528,56,0,11,2,106,5,898,2,76,17
09-06-20,Fentress,297,1,266,0,31,1,327,0,3202,11,3529,11,0,0,-4,100,5,197,0,16,3
09-06-20,Franklin,655,4,636,4,19,0,771,7,12675,32,13446,39,0,5,-1,175,5,475,0,32,7
09-06-20,Gibson,1222,21,1003,13,219,8,1319,22,11191,103,12510,125,0,17,12,175,9,1030,0,50,19
09-06-20,Giles,490,12,487,12,3,0,591,12,7148,59,7739,71,0,15,10,43,2,432,0,33,16
09-06-20,Grainger,299,3,281,1,18,2,349,2,4970,14,5319,16,0,1,0,35,3,263,0,19,2
09-06-20,Greene,936,14,879,13,57,1,1104,14,12233,50,13337,64,0,19,-1,149,15,768,1,72,26
09-06-20,Grundy,166,0,162,0,4,0,194,0,1996,4,2190,4,0,3,-1,20,1,143,0,21,4
09-06-20,Hamblen,1743,2,1660,1,83,1,1892,1,18173,46,20065,47,0,21,-5,84,7,1638,0,84,23
09-06-20,Hamilton,8284,49,8123,49,161,0,9557,45,112695,771,122252,816,0,77,-7,617,56,7590,0,353,81
09-06-20,Hancock,102,1,94,1,8,0,110,1,1614,4,1724,5,0,2,1,5,0,95,0,11,2
09-06-20,Hardeman,1321,6,1266,6,55,0,1530,8,11761,107,13291,115,0,22,3,84,3,1215,0,63,26
09-06-20,Hardin,819,4,696,4,123,0,909,3,9891,52,10800,55,0,12,-2,146,6,661,0,24,13
09-06-20,Hawkins,699,3,684,3,15,0,808,3,7998,19,8806,22,0,13,-1,47,4,639,0,52,15
09-06-20,Haywood,832,5,791,4,41,1,902,6,5028,97,5930,103,0,12,2,63,3,757,1,38,14
09-06-20,Henderson,980,3,797,2,183,1,1211,3,6972,122,8183,125,0,11,-6,146,9,823,1,38,17
09-06-20,Henry,521,0,508,0,13,0,619,1,7899,34,8518,35,0,7,-2,84,2,430,0,34,8
09-06-20,Hickman,417,2,399,2,18,0,520,2,5647,17,6167,19,0,4,-9,54,11,359,0,17,4
09-06-20,Houston,120,1,117,1,3,0,133,1,1732,3,1865,4,0,0,-4,27,5,93,0,9,0
09-06-20,Humphreys,182,3,167,3,15,0,208,3,4224,29,4432,32,0,3,0,24,3,155,0,4,3
09-06-20,Jackson,264,1,246,1,18,0,297,2,2034,7,2331,9,0,2,-2,32,3,230,1,16,3
09-06-20,Jefferson,932,4,832,4,100,0,964,5,13572,33,14536,38,0,7,0,165,4,760,1,50,13
09-06-20,Johnson,546,4,541,4,5,0,585,5,4858,3,5443,8,0,1,2,143,2,402,0,14,1
09-06-20,Knox,7651,89,7393,85,258,4,8363,85,104622,472,112985,557,0,64,15,1188,74,6399,1,305,67
09-06-20,Lake,847,1,845,1,2,0,1044,1,5321,16,6365,17,0,2,1,17,0,828,0,6,2
09-06-20,Lauderdale,833,3,781,3,52,0,910,4,8771,29,9681,33,0,12,-2,151,5,670,0,41,13
09-06-20,Lawrence,812,8,803,8,9,0,947,9,8604,63,9551,72,1,11,2,94,5,707,2,34,11
09-06-20,Lewis,152,1,151,1,1,0,167,2,3508,104,3675,106,0,1,-1,17,2,134,0,11,1
09-06-20,Lincoln,482,3,476,3,6,0,590,4,6388,23,6978,27,0,1,1,51,2,430,0,16,1
09-06-20,Loudon,991,2,962,2,29,0,1088,3,10421,51,11509,54,0,4,-1,97,3,890,0,32,4
09-06-20,Macon,957,1,947,1,10,0,1169,2,5959,22,7128,24,0,16,-3,48,4,893,0,74,19
09-06-20,Madison,2115,20,1882,15,233,5,2321,23,21616,174,23937,197,0,48,-4,21,24,2046,1,157,61
09-06-20,Marion,411,5,407,5,4,0,500,5,4722,30,5222,35,0,7,4,65,1,339,0,33,7
09-06-20,Marshall,601,8,597,8,4,0,683,10,7414,44,8097,54,0,4,3,91,5,506,0,18,4
09-06-20,Maury,1910,19,1898,19,12,0,2230,19,20232,152,22462,171,0,18,3,235,16,1657,0,75,19
09-06-20,McMinn,902,10,890,10,12,0,1046,10,13146,143,14192,153,0,24,1,111,9,767,0,50,24
09-06-20,McNairy,636,1,542,1,94,0,729,1,5489,34,6218,35,0,14,-3,129,4,493,0,32,16
09-06-20,Meigs,181,0,177,0,4,0,212,1,2454,10,2666,11,0,2,-2,32,2,147,0,8,3
09-06-20,Monroe,887,5,851,5,36,0,987,8,8687,79,9674,87,0,15,-3,173,8,699,1,59,16
09-06-20,Montgomery,2651,20,2575,20,76,0,3022,22,33414,228,36436,250,0,31,10,172,10,2448,1,114,40
09-06-20,Moore,119,0,114,0,5,0,145,0,1635,1,1780,1,0,1,0,13,0,105,0,1,1
09-06-20,Morgan,272,2,256,1,16,1,293,1,6900,21,7193,22,0,2,-2,52,4,218,0,6,2
09-06-20,Obion,943,9,921,9,22,0,1039,10,7795,47,8834,57,0,8,3,131,6,804,0,38,10
09-06-20,Out of State,1821,13,1792,12,29,1,2073,14,224575,1455,226648,1469,0,24,4,140,9,1657,1,69,12
09-06-20,Overton,539,1,502,1,37,0,599,1,5662,62,6261,63,0,2,-5,102,6,435,0,19,3
09-06-20,Pending,656,6,621,6,35,0,762,8,148074,844,148836,852,0,7,5,89,1,560,0,8,1
09-06-20,Perry,121,0,107,0,14,0,135,0,2633,10,2768,10,0,0,-2,19,2,102,0,5,0
09-06-20,Pickett,81,0,66,0,15,0,88,0,841,2,929,2,0,1,0,26,0,54,0,2,1
09-06-20,Polk,369,1,363,1,6,0,423,1,3102,8,3525,9,0,10,-1,28,2,331,0,18,10
09-06-20,Putnam,2516,14,2417,14,99,0,3052,15,24251,182,27303,197,0,31,-1,337,15,2148,4,96,33
09-06-20,Rhea,693,1,691,1,2,0,828,2,8493,30,9321,32,0,5,-5,59,6,629,0,22,7
09-06-20,Roane,704,3,679,2,25,1,847,3,14440,49,15287,52,0,2,-4,116,7,586,1,29,2
09-06-20,Robertson,2007,5,1992,5,15,0,2439,5,14460,43,16899,48,0,30,-6,134,11,1843,0,142,31
09-06-20,Rutherford,8305,20,8265,19,40,1,10146,21,67973,381,78119,402,0,80,-15,419,35,7806,0,250,84
09-06-20,Scott,174,0,167,0,7,0,188,1,3422,24,3610,25,0,2,0,14,0,158,0,13,2
09-06-20,Sequatchie,174,2,173,2,1,0,200,2,4032,24,4232,26,0,2,2,13,0,159,0,10,1
09-06-20,Sevier,2348,1,2284,1,64,0,2620,3,21694,60,24314,63,0,13,-9,159,10,2176,0,84,15
09-06-20,Shelby,28375,114,28165,110,210,4,34987,153,314595,1785,349582,1938,2,402,15,1489,97,26484,6,2048,463
09-06-20,Smith,596,4,580,3,16,1,729,7,4507,18,5236,25,0,8,4,60,0,528,1,26,9
09-06-20,Stewart,109,0,104,0,5,0,134,0,2283,7,2417,7,0,0,0,15,0,94,0,6,1
09-06-20,Sullivan,1863,6,1770,6,93,0,2010,7,23661,98,25671,105,0,26,-12,230,18,1607,1,153,28
09-06-20,Sumner,4358,15,4329,14,29,1,5178,17,36316,142,41494,159,0,87,-4,247,19,4024,1,363,92
09-06-20,Tipton,1575,2,1501,2,74,0,1856,4,17433,58,19289,62,0,15,-11,151,13,1409,0,85,19
09-06-20,Trousdale,1629,0,1626,0,3,0,1700,0,4037,8,5737,8,0,7,0,22,0,1600,0,23,7
09-06-20,Unicoi,240,2,237,2,3,0,272,0,4595,31,4867,31,0,1,1,24,1,215,0,12,1
09-06-20,Union,251,1,242,1,9,0,276,2,3646,22,3922,24,0,1,0,27,1,223,0,7,1
09-06-20,Van Buren,114,0,105,0,9,0,125,0,1235,1,1360,1,0,0,-3,40,3,74,0,6,0
09-06-20,Warren,928,2,858,2,70,0,1037,2,10859,17,11896,19,0,7,-8,134,10,787,0,14,8
09-06-20,Washington,1848,17,1804,17,44,0,2118,13,23900,54,26018,67,0,14,2,242,15,1592,0,86,19
09-06-20,Wayne,1442,1,1431,0,11,1,1561,1,5162,23,6723,24,0,2,-3,1129,4,311,0,18,6
09-06-20,Weakley,994,5,924,4,70,1,1089,6,8735,42,9824,48,0,14,-8,162,13,818,1,28,15
09-06-20,White,627,0,587,0,40,0,753,0,7376,32,8129,32,0,7,-7,131,7,489,0,31,8
09-06-20,Williamson,4610,34,4577,32,33,2,5456,36,55040,286,60496,322,0,30,16,387,18,4193,1,111,34
09-06-20,Wilson,3057,20,3041,20,16,0,3646,20,31133,135,34779,155,0,31,-2,250,22,2776,1,102,35
09-05-20,Anderson,970,19,945,19,25,0,1124,21,20822,242,21946,263,0,8,16,88,3,874,1,37,10
09-05-20,Bedford,1168,17,1123,17,45,0,1385,17,10477,118,11862,135,0,14,12,87,5,1067,1,46,15
09-05-20,Benton,289,6,280,5,9,1,310,6,3498,46,3808,52,1,7,1,44,4,238,0,17,7
09-05-20,Bledsoe,806,6,802,6,4,0,844,7,6051,75,6895,82,0,4,4,20,2,782,0,17,4
09-05-20,Blount,2239,25,2199,24,40,1,2601,30,23092,1063,25693,1093,0,17,17,330,8,1892,1,102,20
09-05-20,Bradley,2647,43,2582,42,65,1,3151,47,21085,338,24236,385,0,16,22,170,21,2461,1,146,17
09-05-20,Campbell,379,9,356,9,23,0,420,9,8761,147,9181,156,0,3,6,46,3,330,1,18,3
09-05-20,Cannon,234,3,221,3,13,0,280,3,3055,66,3335,69,0,0,2,40,1,194,0,6,0
09-05-20,Carroll,680,13,590,13,90,0,737,17,7548,168,8285,185,1,10,-1,145,13,525,0,40,14
09-05-20,Carter,991,27,944,27,47,0,1090,30,12372,193,13462,223,0,24,17,138,10,829,1,72,24
09-05-20,Cheatham,731,6,725,6,6,0,890,6,8881,92,9771,98,0,10,2,29,4,692,0,28,10
09-05-20,Chester,463,5,407,4,56,1,513,5,4026,58,4539,63,0,6,0,72,5,385,0,16,10
09-05-20,Claiborne,393,10,365,10,28,0,436,10,8548,111,8984,121,0,3,8,45,2,345,0,19,4
09-05-20,Clay,132,1,121,1,11,0,139,1,2199,45,2338,46,0,2,-2,16,3,114,0,5,4
09-05-20,Cocke,688,7,645,6,43,1,736,7,6632,94,7368,101,0,7,5,62,2,619,0,31,9
09-05-20,Coffee,827,25,763,24,64,1,1000,28,14322,298,15322,326,1,7,14,116,10,704,1,30,9
09-05-20,Crockett,442,12,393,10,49,2,483,15,2482,43,2965,58,0,14,5,63,7,365,0,19,17
09-05-20,Cumberland,994,14,974,14,20,0,1210,20,18473,194,19683,214,0,9,0,208,14,777,0,49,12
09-05-20,Davidson,25094,331,24980,330,114,1,31516,391,265835,4266,297351,4657,3,264,240,1021,88,23809,4,1057,283
09-05-20,Decatur,345,7,265,3,80,4,384,8,4301,109,4685,117,0,4,4,64,3,277,0,9,5
09-05-20,Dekalb,480,4,467,4,13,0,597,5,6548,86,7145,91,0,6,-1,68,5,406,0,22,9
09-05-20,Dickson,1002,21,913,17,89,4,1243,25,11568,195,12811,220,0,9,15,77,6,916,0,49,12
09-05-20,Dyer,1072,26,1010,24,62,2,1155,33,8522,236,9677,269,0,10,17,154,9,908,0,56,12
09-05-20,Fayette,1008,16,987,14,21,2,1280,18,13192,195,14472,213,0,11,9,104,7,893,0,74,16
09-05-20,Fentress,296,13,266,13,30,0,327,16,3191,41,3518,57,0,0,9,104,4,192,0,16,2
09-05-20,Franklin,651,41,632,40,19,1,764,43,12643,323,13407,366,1,5,27,176,13,470,3,32,7
09-05-20,Gibson,1201,23,990,19,211,4,1297,24,11088,252,12385,276,1,17,7,163,15,1021,1,50,19
09-05-20,Giles,478,6,475,6,3,0,579,6,7089,113,7668,119,0,15,4,33,2,430,0,33,15
09-05-20,Grainger,296,5,280,5,16,0,347,4,4956,41,5303,45,0,1,3,35,2,260,1,19,2
09-05-20,Greene,922,26,866,25,56,1,1090,39,12183,177,13273,216,1,19,18,150,7,753,1,71,24
09-05-20,Grundy,166,8,162,8,4,0,194,8,1992,43,2186,51,0,3,8,21,0,142,0,21,4
09-05-20,Hamblen,1741,8,1659,8,82,0,1891,9,18127,183,20018,192,-1,21,-8,89,17,1631,1,84,23
09-05-20,Hamilton,8235,127,8074,120,161,7,9512,138,111924,1861,121436,1999,0,77,40,624,87,7534,2,353,79
09-05-20,Hancock,101,2,93,2,8,0,109,2,1610,23,1719,25,0,2,2,4,0,95,0,11,2
09-05-20,Hardeman,1315,2,1260,2,55,0,1522,5,11654,222,13176,227,0,22,-2,81,4,1212,0,63,26
09-05-20,Hardin,815,23,692,22,123,1,906,25,9839,107,10745,132,0,12,11,148,12,655,1,24,13
09-05-20,Hawkins,696,7,681,7,15,0,805,8,7979,95,8784,103,0,13,5,48,2,635,1,52,15
09-05-20,Haywood,827,8,787,8,40,0,896,9,4931,47,5827,56,0,12,5,61,3,754,0,37,13
09-05-20,Henderson,977,27,795,20,182,7,1208,31,6850,125,8058,156,1,11,23,152,3,814,0,37,17
09-05-20,Henry,521,7,508,6,13,1,618,13,7865,101,8483,114,0,7,4,86,3,428,0,34,8
09-05-20,Hickman,415,5,397,5,18,0,518,7,5630,220,6148,227,0,4,2,63,3,348,0,17,4
09-05-20,Houston,119,4,116,4,3,0,132,4,1729,41,1861,45,0,0,2,31,2,88,0,9,0
09-05-20,Humphreys,179,2,164,2,15,0,205,2,4195,60,4400,62,0,3,1,24,1,152,0,4,3
09-05-20,Jackson,263,1,245,1,18,0,295,2,2027,19,2322,21,0,2,0,34,1,227,0,15,3
09-05-20,Jefferson,928,51,828,50,100,1,959,50,13539,207,14498,257,0,7,39,165,12,756,1,49,13
09-05-20,Johnson,542,109,537,109,5,0,580,112,4855,156,5435,268,0,1,106,141,3,400,0,14,1
09-05-20,Knox,7562,257,7308,256,254,1,8278,264,104150,1438,112428,1702,0,64,189,1173,68,6325,4,304,64
09-05-20,Lake,846,3,844,3,2,0,1043,4,5305,78,6348,82,0,2,2,16,1,828,0,6,2
09-05-20,Lauderdale,830,91,778,89,52,2,906,96,8742,266,9648,362,0,12,86,153,5,665,0,41,13
09-05-20,Lawrence,804,19,795,19,9,0,938,20,8541,76,9479,96,1,10,8,92,10,702,0,32,11
09-05-20,Lewis,151,1,150,1,1,0,165,2,3404,37,3569,39,0,1,-4,18,5,132,0,11,1
09-05-20,Lincoln,479,16,473,16,6,0,586,18,6365,118,6951,136,0,1,13,50,3,428,0,16,1
09-05-20,Loudon,989,19,960,19,29,0,1085,22,10370,148,11455,170,0,4,14,98,5,887,0,32,4
09-05-20,Macon,956,10,946,10,10,0,1167,11,5937,83,7104,94,0,16,10,51,0,889,0,74,19
09-05-20,Madison,2095,35,1867,24,228,11,2298,41,21442,323,23740,364,2,48,14,25,19,2022,6,156,60
09-05-20,Marion,406,23,402,23,4,0,495,27,4692,130,5187,157,0,7,19,61,4,338,0,33,7
09-05-20,Marshall,593,11,589,11,4,0,673,12,7370,189,8043,201,0,4,1,88,10,501,0,18,4
09-05-20,Maury,1891,42,1879,42,12,0,2211,49,20080,350,22291,399,1,18,23,232,18,1641,2,75,19
09-05-20,McMinn,892,19,880,19,12,0,1036,22,13003,222,14039,244,1,24,3,110,15,758,0,50,24
09-05-20,McNairy,635,15,541,15,94,0,728,18,5455,147,6183,165,1,14,6,132,8,489,0,32,16
09-05-20,Meigs,181,9,177,9,4,0,211,8,2444,38,2655,46,0,2,4,34,5,145,0,8,3
09-05-20,Monroe,882,10,846,10,36,0,979,14,8608,221,9587,235,0,15,-1,176,11,691,1,58,15
09-05-20,Montgomery,2631,34,2555,33,76,1,3000,38,33186,427,36186,465,1,31,21,162,12,2438,0,113,38
09-05-20,Moore,119,1,114,1,5,0,145,1,1634,15,1779,16,0,1,1,13,0,105,0,1,1
09-05-20,Morgan,270,10,255,10,15,0,292,11,6879,187,7171,198,0,2,5,54,5,214,0,6,2
09-05-20,Obion,934,12,912,12,22,0,1029,12,7748,121,8777,133,0,8,7,128,5,798,0,38,10
09-05-20,Out of State,1808,36,1780,36,28,0,2059,35,223120,4363,225179,4398,0,24,25,136,11,1648,0,68,12
09-05-20,Overton,538,4,501,4,37,0,598,5,5600,48,6198,53,0,2,0,107,4,429,0,19,3
09-05-20,Pending,650,12,615,11,35,1,754,17,147230,1900,147984,1917,0,7,7,84,5,559,1,8,1
09-05-20,Perry,121,2,107,2,14,0,135,4,2623,25,2758,29,0,0,1,21,1,100,0,5,0
09-05-20,Pickett,81,3,66,3,15,0,88,5,839,8,927,13,0,1,2,26,1,54,0,2,1
09-05-20,Polk,368,7,362,7,6,0,422,7,3094,29,3516,36,0,10,2,29,5,329,0,18,9
09-05-20,Putnam,2502,44,2403,43,99,1,3037,55,24069,332,27106,387,2,31,23,338,19,2133,1,92,32
09-05-20,Rhea,692,16,690,16,2,0,826,16,8463,155,9289,171,0,5,14,64,2,623,0,22,7
09-05-20,Roane,701,23,677,22,24,1,844,26,14391,220,15235,246,0,2,20,120,3,579,1,28,2
09-05-20,Robertson,2002,29,1987,29,15,0,2434,33,14417,186,16851,219,1,30,22,140,6,1832,0,142,31
09-05-20,Rutherford,8285,78,8246,78,39,0,10125,102,67592,1031,77717,1133,3,80,39,434,36,7771,0,250,82
09-05-20,Scott,174,2,167,2,7,0,187,2,3398,34,3585,36,0,2,2,14,0,158,0,13,2
09-05-20,Sequatchie,172,3,171,3,1,0,198,3,4008,56,4206,59,0,2,0,11,3,159,0,10,1
09-05-20,Sevier,2347,18,2283,18,64,0,2617,17,21634,280,24251,297,0,13,12,168,6,2166,1,84,15
09-05-20,Shelby,28261,151,28055,148,206,3,34834,196,312810,2590,347644,2786,2,400,38,1474,111,26387,6,2042,458
09-05-20,Smith,592,18,577,18,15,0,722,21,4489,62,5211,83,0,8,15,56,3,528,0,25,9
09-05-20,Stewart,109,2,104,2,5,0,134,2,2276,21,2410,23,0,0,1,15,1,94,0,6,1
09-05-20,Sullivan,1857,29,1764,29,93,0,2003,30,23563,429,25566,459,0,26,19,242,10,1589,2,152,28
09-05-20,Sumner,4343,42,4315,42,28,0,5161,52,36174,584,41335,636,0,87,18,251,24,4005,0,362,92
09-05-20,Tipton,1573,28,1499,27,74,1,1852,32,17375,151,19227,183,0,15,16,162,12,1396,0,85,19
09-05-20,Trousdale,1629,0,1626,0,3,0,1700,0,4029,46,5729,46,0,7,-3,22,3,1600,0,23,7
09-05-20,Unicoi,238,2,235,2,3,0,272,5,4564,36,4836,41,0,1,-2,23,4,214,0,12,1
09-05-20,Union,250,0,241,0,9,0,274,2,3624,52,3898,54,0,1,-2,27,2,222,0,7,1
09-05-20,Van Buren,114,7,105,7,9,0,125,7,1234,28,1359,35,0,0,6,43,1,71,0,6,0
09-05-20,Warren,926,17,856,16,70,1,1035,19,10842,126,11877,145,0,7,8,142,9,777,0,14,8
09-05-20,Washington,1831,34,1787,34,44,0,2105,44,23846,329,25951,373,0,14,19,240,15,1577,0,86,16
09-05-20,Wayne,1441,5,1431,5,10,0,1560,5,5139,24,6699,29,0,2,0,1132,5,307,0,18,6
09-05-20,Weakley,989,20,920,19,69,1,1083,22,8693,113,9776,135,1,14,6,170,13,805,0,27,15
09-05-20,White,627,14,587,13,40,1,753,20,7344,150,8097,170,0,7,4,138,10,482,0,31,7
09-05-20,Williamson,4576,72,4545,72,31,0,5420,83,54754,795,60174,878,0,30,47,371,25,4175,0,110,34
09-05-20,Wilson,3037,48,3021,47,16,1,3626,53,30998,391,34624,444,0,31,29,252,19,2754,0,101,35
09-04-20,Anderson,951,9,926,8,25,1,1103,10,20580,194,21683,204,0,8,6,72,3,871,0,36,9
09-04-20,Bedford,1151,2,1106,2,45,0,1368,3,10359,59,11727,62,0,14,-10,75,12,1062,0,45,15
09-04-20,Benton,283,5,275,5,8,0,304,5,3452,19,3756,24,0,6,-1,43,6,234,0,17,7
09-04-20,Bledsoe,800,2,796,2,4,0,837,2,5976,53,6813,55,0,4,1,16,1,780,0,17,4
09-04-20,Blount,2214,15,2175,15,39,0,2571,18,22029,151,24600,169,0,17,0,313,15,1884,0,101,18
09-04-20,Bradley,2604,7,2540,7,64,0,3104,10,20747,105,23851,115,0,16,-14,148,21,2440,0,145,17
09-04-20,Campbell,370,3,347,3,23,0,411,2,8614,48,9025,50,0,3,0,40,3,327,0,17,3
09-04-20,Cannon,231,2,218,2,13,0,277,2,2989,25,3266,27,0,0,1,38,1,193,0,6,0
09-04-20,Carroll,667,13,577,13,90,0,720,15,7380,55,8100,70,0,9,-4,146,17,512,0,40,14
09-04-20,Carter,964,4,917,4,47,0,1060,3,12179,98,13239,101,5,24,-13,121,12,819,1,71,24
09-04-20,Cheatham,725,1,719,1,6,0,884,1,8789,55,9673,56,0,10,-2,27,3,688,0,28,10
09-04-20,Chester,458,16,403,14,55,2,508,17,3968,31,4476,48,1,6,10,72,5,380,0,16,10
09-04-20,Claiborne,383,4,355,4,28,0,426,5,8437,41,8863,46,0,3,1,37,3,343,0,19,4
09-04-20,Clay,131,0,120,0,11,0,138,0,2154,16,2292,16,0,2,-2,18,2,111,0,5,4
09-04-20,Cocke,681,8,639,4,42,4,729,6,6538,59,7267,65,0,7,5,57,3,617,0,31,9
09-04-20,Coffee,802,9,739,7,63,2,972,9,14024,166,14996,175,0,6,0,102,9,694,0,29,9
09-04-20,Crockett,430,5,383,5,47,0,468,5,2439,14,2907,19,0,14,-2,58,7,358,0,19,17
09-04-20,Cumberland,980,20,960,18,20,2,1190,23,18279,194,19469,217,0,9,-2,208,22,763,0,49,11
09-04-20,Davidson,24763,55,24650,55,113,0,31125,64,261569,981,292694,1045,2,261,-34,781,87,23721,0,1053,281
09-04-20,Decatur,338,10,262,10,76,0,376,11,4192,73,4568,84,0,4,7,60,3,274,1,9,4
09-04-20,Dekalb,476,5,463,5,13,0,592,6,6462,70,7054,76,0,6,3,69,2,401,0,22,9
09-04-20,Dickson,981,5,896,5,85,0,1218,6,11373,26,12591,32,0,9,-4,62,9,910,0,49,12
09-04-20,Dyer,1046,14,986,14,60,0,1122,10,8286,66,9408,76,0,10,3,137,11,899,0,56,12
09-04-20,Fayette,992,5,973,5,19,0,1262,4,12997,67,14259,71,0,11,-1,95,6,886,0,74,16
09-04-20,Fentress,283,13,253,13,30,0,311,14,3150,63,3461,77,0,0,3,95,10,188,1,16,2
09-04-20,Franklin,610,20,592,20,18,0,721,20,12320,67,13041,87,0,4,14,149,6,457,0,29,7
09-04-20,Gibson,1178,18,971,14,207,4,1273,19,10836,81,12109,100,0,16,-3,156,21,1006,0,49,19
09-04-20,Giles,472,3,469,3,3,0,573,5,6976,62,7549,67,0,15,-1,29,4,428,1,33,15
09-04-20,Grainger,291,6,275,6,16,0,343,7,4915,35,5258,42,0,1,3,32,3,258,0,18,2
09-04-20,Greene,896,9,841,9,55,0,1051,6,12006,95,13057,101,0,18,2,132,7,746,1,70,23
09-04-20,Grundy,158,0,154,0,4,0,186,0,1949,7,2135,7,0,3,0,13,0,142,0,21,4
09-04-20,Hamblen,1733,7,1651,6,82,1,1882,6,17944,141,19826,147,0,22,-3,97,10,1614,0,83,23
09-04-20,Hamilton,8108,50,7954,50,154,0,9374,31,110063,296,119437,327,0,77,-18,584,68,7447,2,351,79
09-04-20,Hancock,99,0,91,0,8,0,107,0,1587,3,1694,3,0,2,0,2,0,95,0,11,2
09-04-20,Hardeman,1313,11,1258,11,55,0,1517,13,11432,36,12949,49,0,22,3,83,8,1208,2,63,25
09-04-20,Hardin,792,7,670,5,122,2,881,10,9732,150,10613,160,0,12,-11,137,18,643,0,23,13
09-04-20,Hawkins,689,4,674,3,15,1,797,3,7884,30,8681,33,0,13,0,43,4,633,0,51,15
09-04-20,Haywood,819,8,779,6,40,2,887,8,4884,27,5771,35,1,12,-3,56,10,751,2,37,13
09-04-20,Henderson,950,15,775,12,175,3,1177,16,6725,79,7902,95,1,10,0,129,14,811,1,37,16
09-04-20,Henry,514,17,502,16,12,1,605,16,7764,81,8369,97,0,7,0,82,17,425,0,34,8
09-04-20,Hickman,410,3,392,2,18,1,511,3,5410,62,5921,65,0,4,-2,61,5,345,0,17,4
09-04-20,Houston,115,0,112,0,3,0,128,0,1688,6,1816,6,0,0,-2,29,2,86,0,9,0
09-04-20,Humphreys,177,1,162,0,15,1,203,1,4135,15,4338,16,0,3,0,23,1,151,0,4,3
09-04-20,Jackson,262,2,244,2,18,0,293,2,2008,20,2301,22,0,2,2,34,0,226,0,15,3
09-04-20,Jefferson,877,10,778,9,99,1,909,10,13332,98,14241,108,0,7,5,126,5,744,0,48,12
09-04-20,Johnson,433,3,428,3,5,0,468,1,4699,11,5167,12,0,1,1,35,2,397,0,14,1
09-04-20,Knox,7305,89,7052,85,253,4,8014,91,102712,585,110726,676,1,64,13,984,75,6257,0,300,64
09-04-20,Lake,843,1,841,1,2,0,1039,2,5227,11,6266,13,0,2,0,14,1,827,0,6,2
09-04-20,Lauderdale,739,6,689,6,50,0,810,7,8476,44,9286,51,0,12,-3,67,9,660,0,41,13
09-04-20,Lawrence,785,6,776,4,9,2,918,3,8465,28,9383,31,0,9,-4,84,10,692,0,32,11
09-04-20,Lewis,150,1,149,1,1,0,163,0,3367,22,3530,22,0,1,-3,22,4,127,0,11,1
09-04-20,Lincoln,463,2,457,2,6,0,568,2,6247,26,6815,28,0,1,-7,37,9,425,0,16,1
09-04-20,Loudon,970,8,941,8,29,0,1063,11,10222,79,11285,90,0,4,-6,84,14,882,0,32,4
09-04-20,Macon,946,1,936,1,10,0,1156,1,5854,47,7010,48,0,16,-1,41,2,889,0,74,19
09-04-20,Madison,2060,43,1843,21,217,22,2257,35,21119,138,23376,173,0,46,14,11,29,2003,2,150,59
09-04-20,Marion,383,3,379,3,4,0,468,3,4562,17,5030,20,0,7,-6,42,9,334,1,33,7
09-04-20,Marshall,582,2,578,2,4,0,661,2,7181,48,7842,50,0,4,-16,87,18,491,0,18,4
09-04-20,Maury,1849,6,1837,6,12,0,2162,6,19730,54,21892,60,1,17,-17,209,22,1623,0,73,19
09-04-20,McMinn,873,9,861,9,12,0,1014,8,12781,93,13795,101,0,23,3,107,6,743,0,50,24
09-04-20,McNairy,620,25,526,24,94,1,710,25,5308,57,6018,82,0,13,22,126,3,481,1,32,15
09-04-20,Meigs,172,1,168,1,4,0,203,1,2406,19,2609,20,0,2,-2,30,3,140,0,8,3
09-04-20,Monroe,872,14,836,14,36,0,965,14,8387,99,9352,113,0,15,-7,177,21,680,1,57,15
09-04-20,Montgomery,2597,6,2522,2,75,4,2962,4,32759,175,35721,179,0,30,-20,141,26,2426,0,113,38
09-04-20,Moore,118,0,113,0,5,0,144,1,1619,10,1763,11,0,1,-1,12,1,105,0,1,1
09-04-20,Morgan,260,0,245,0,15,0,281,0,6692,26,6973,26,0,2,-4,49,4,209,0,6,2
09-04-20,Obion,922,20,900,20,22,0,1017,25,7627,108,8644,133,0,8,10,121,10,793,0,38,9
09-04-20,Out of State,1772,16,1744,16,28,0,2024,16,218757,821,220781,837,0,24,-1,111,17,1637,1,68,12
09-04-20,Overton,534,12,497,12,37,0,593,18,5552,49,6145,67,0,2,2,107,10,425,2,19,2
09-04-20,Pending,638,9,604,7,34,2,737,12,145330,824,146067,836,-3,7,5,77,7,554,0,7,1
09-04-20,Perry,119,1,105,0,14,1,131,1,2598,9,2729,10,0,0,1,20,0,99,0,5,0
09-04-20,Pickett,78,4,63,3,15,1,83,4,831,6,914,10,0,1,1,24,3,53,1,2,1
09-04-20,Polk,361,1,355,1,6,0,415,2,3065,17,3480,19,0,10,-3,27,4,324,0,18,9
09-04-20,Putnam,2458,56,2360,51,98,5,2982,63,23737,269,26719,332,0,29,32,315,24,2114,4,91,32
09-04-20,Rhea,676,3,674,3,2,0,810,5,8308,49,9118,54,0,5,-1,50,4,621,1,22,7
09-04-20,Roane,678,8,655,8,23,0,818,8,14171,58,14989,66,0,2,2,100,6,576,0,27,2
09-04-20,Robertson,1973,3,1958,2,15,1,2401,2,14231,29,16632,31,0,29,-16,118,19,1826,0,142,31
09-04-20,Rutherford,8207,28,8168,27,39,1,10023,33,66561,460,76584,493,4,77,-33,395,57,7735,1,250,81
09-04-20,Scott,172,1,165,1,7,0,185,1,3364,16,3549,17,0,2,0,12,1,158,0,13,2
09-04-20,Sequatchie,169,2,168,2,1,0,195,2,3952,30,4147,32,0,2,1,11,1,156,1,10,1
09-04-20,Sevier,2329,9,2265,9,64,0,2600,10,21354,128,23954,138,0,13,-2,156,11,2160,0,83,15
09-04-20,Shelby,28110,128,27907,127,203,1,34638,160,310220,2132,344858,2292,5,398,-11,1436,134,26276,10,2036,454
09-04-20,Smith,574,6,559,6,15,0,701,7,4427,27,5128,34,0,8,3,41,3,525,0,25,9
09-04-20,Stewart,107,3,102,0,5,3,132,1,2255,20,2387,21,0,0,3,14,0,93,0,6,1
09-04-20,Sullivan,1828,11,1735,11,93,0,1973,12,23134,164,25107,176,0,26,-17,223,28,1579,1,150,28
09-04-20,Sumner,4301,11,4273,11,28,0,5109,12,35590,141,40699,153,1,87,-20,233,30,3981,2,362,91
09-04-20,Tipton,1545,10,1472,9,73,1,1820,12,17224,112,19044,124,0,15,0,146,10,1384,0,85,19
09-04-20,Trousdale,1629,1,1626,1,3,0,1700,1,3983,12,5683,13,1,7,-2,25,2,1597,0,23,7
09-04-20,Unicoi,236,5,233,5,3,0,267,3,4528,37,4795,40,0,1,3,25,2,210,0,12,1
09-04-20,Union,250,3,241,3,9,0,272,2,3572,40,3844,42,0,1,1,29,2,220,0,7,1
09-04-20,Van Buren,107,4,98,4,9,0,118,5,1206,21,1324,26,0,0,3,37,1,70,0,6,0
09-04-20,Warren,909,17,840,17,69,0,1016,20,10716,146,11732,166,0,7,4,134,13,768,0,14,8
09-04-20,Washington,1797,29,1753,29,44,0,2061,27,23517,332,25578,359,1,14,12,221,16,1562,2,86,16
09-04-20,Wayne,1436,4,1426,3,10,1,1555,4,5115,26,6670,30,0,2,-3,1132,7,302,0,18,6
09-04-20,Weakley,969,12,901,12,68,0,1061,13,8580,53,9641,66,0,13,-8,164,20,792,0,27,15
09-04-20,White,613,6,574,5,39,1,733,13,7194,56,7927,69,0,7,-11,134,17,472,2,31,7
09-04-20,Williamson,4504,24,4473,24,31,0,5337,26,53959,236,59296,262,1,30,3,324,20,4150,1,110,34
09-04-20,Wilson,2989,22,2974,21,15,1,3573,24,30607,143,34180,167,0,31,-9,223,31,2735,0,101,35
09-03-20,Anderson,942,16,918,15,24,1,1093,17,20386,328,21479,345,0,8,10,66,6,868,0,36,9
09-03-20,Bedford,1149,11,1104,7,45,4,1365,14,10300,149,11665,163,0,14,-2,85,13,1050,0,45,15
09-03-20,Benton,278,10,270,10,8,0,299,11,3433,80,3732,91,0,6,2,44,8,228,0,17,7
09-03-20,Bledsoe,798,3,794,3,4,0,835,4,5923,117,6758,121,0,4,1,15,2,779,0,17,4
09-03-20,Blount,2199,24,2160,23,39,1,2553,23,21878,374,24431,397,0,17,-5,313,29,1869,2,101,18
09-03-20,Bradley,2597,14,2533,13,64,1,3094,18,20642,295,23736,313,0,16,-8,162,22,2419,0,145,17
09-03-20,Campbell,367,6,344,6,23,0,409,7,8566,139,8975,146,0,3,2,40,4,324,0,17,3
09-03-20,Cannon,229,6,216,6,13,0,275,6,2964,46,3239,52,0,0,3,37,3,192,0,6,0
09-03-20,Carroll,654,14,564,12,90,2,705,17,7325,141,8030,158,0,9,0,150,14,495,1,40,14
09-03-20,Carter,960,5,913,5,47,0,1057,6,12081,129,13138,135,0,19,-16,134,21,807,0,70,24
09-03-20,Cheatham,724,4,718,4,6,0,883,6,8734,139,9617,145,0,10,2,29,2,685,0,28,10
09-03-20,Chester,442,4,389,4,53,0,491,4,3937,46,4428,50,-1,5,-9,62,14,375,1,16,9
09-03-20,Claiborne,379,5,351,4,28,1,421,5,8396,164,8817,169,0,3,3,36,2,340,1,19,4
09-03-20,Clay,131,0,120,0,11,0,138,0,2138,19,2276,19,0,2,0,20,0,109,0,5,4
09-03-20,Cocke,673,7,635,7,38,0,723,9,6479,83,7202,92,0,7,2,52,5,614,0,31,9
09-03-20,Coffee,793,13,732,10,61,3,963,15,13858,209,14821,224,0,6,-4,102,17,685,2,29,9
09-03-20,Crockett,425,8,378,6,47,2,463,10,2425,32,2888,42,0,14,3,60,5,351,0,19,17
09-03-20,Cumberland,960,15,942,14,18,1,1167,20,18085,209,19252,229,1,9,-2,210,16,741,1,49,11
09-03-20,Davidson,24708,66,24595,64,113,2,31061,79,260588,1633,291649,1712,-1,259,-60,815,127,23634,1,1053,279
09-03-20,Decatur,328,11,252,8,76,3,365,11,4119,121,4484,132,0,4,5,53,6,271,0,8,4
09-03-20,Dekalb,471,1,458,1,13,0,586,1,6392,111,6978,112,0,6,-1,66,2,399,0,22,7
09-03-20,Dickson,976,23,891,18,85,5,1212,24,11347,187,12559,211,0,9,13,66,10,901,0,49,12
09-03-20,Dyer,1032,24,972,24,60,0,1112,20,8220,112,9332,132,0,10,2,134,22,888,0,56,12
09-03-20,Fayette,987,11,968,10,19,1,1258,13,12930,125,14188,138,1,11,1,96,9,880,0,74,15
09-03-20,Fentress,270,3,240,3,30,0,297,3,3087,44,3384,47,0,0,-5,92,8,178,1,15,2
09-03-20,Franklin,590,17,572,16,18,1,701,19,12253,246,12954,265,0,4,14,135,3,451,1,29,7
09-03-20,Gibson,1160,24,957,15,203,9,1254,26,10755,184,12009,210,0,16,-1,159,25,985,0,49,19
09-03-20,Giles,469,5,466,5,3,0,568,4,6914,60,7482,64,0,15,3,30,2,424,0,32,15
09-03-20,Grainger,285,1,269,1,16,0,336,2,4880,130,5216,132,0,1,-2,29,3,255,0,18,2
09-03-20,Greene,887,17,832,13,55,4,1045,12,11911,197,12956,209,1,18,-8,130,24,739,2,69,23
09-03-20,Grundy,158,1,154,0,4,1,186,1,1942,24,2128,25,0,3,0,13,1,142,0,21,4
09-03-20,Hamblen,1726,13,1645,12,81,1,1876,13,17803,248,19679,261,0,22,6,100,7,1604,0,83,23
09-03-20,Hamilton,8058,70,7904,65,154,5,9343,73,109767,1331,119110,1404,0,77,-4,602,74,7379,2,349,79
09-03-20,Hancock,99,0,91,0,8,0,107,0,1584,12,1691,12,0,2,-1,2,1,95,0,11,2
09-03-20,Hardeman,1302,12,1247,11,55,1,1504,16,11396,73,12900,89,0,22,6,80,6,1200,0,61,25
09-03-20,Hardin,785,33,665,28,120,5,871,33,9582,118,10453,151,2,12,19,148,12,625,0,23,13
09-03-20,Hawkins,685,1,671,0,14,1,794,2,7854,151,8648,153,0,13,-2,43,3,629,0,51,15
09-03-20,Haywood,811,10,773,9,38,1,879,15,4857,103,5736,118,0,11,-7,59,17,741,0,35,13
09-03-20,Henderson,935,14,763,8,172,6,1161,16,6646,192,7807,208,1,9,0,129,13,797,0,36,15
09-03-20,Henry,497,21,486,20,11,1,589,22,7683,119,8272,141,0,7,3,82,18,408,2,34,8
09-03-20,Hickman,407,8,390,8,17,0,508,13,5348,110,5856,123,0,4,3,63,5,340,2,17,4
09-03-20,Houston,115,4,112,4,3,0,128,5,1682,43,1810,48,0,0,0,31,4,84,0,9,0
09-03-20,Humphreys,176,6,162,6,14,0,202,6,4120,85,4322,91,0,3,4,23,2,150,0,4,3
09-03-20,Jackson,260,6,242,6,18,0,291,6,1988,22,2279,28,0,2,1,32,5,226,0,15,3
09-03-20,Jefferson,867,13,769,12,98,1,899,14,13234,288,14133,302,0,7,3,121,10,739,1,48,12
09-03-20,Johnson,430,2,425,2,5,0,467,2,4688,8,5155,10,0,1,-4,34,6,395,0,14,1
09-03-20,Knox,7216,182,6967,176,249,6,7923,192,102127,1785,110050,1977,2,63,101,971,79,6182,6,300,64
09-03-20,Lake,842,0,840,0,2,0,1037,0,5216,34,6253,34,0,2,-6,14,6,826,0,6,2
09-03-20,Lauderdale,733,8,683,6,50,2,803,9,8432,123,9235,132,0,12,-3,70,11,651,1,41,13
09-03-20,Lawrence,779,9,772,9,7,0,915,8,8437,88,9352,96,0,9,5,88,4,682,2,32,10
09-03-20,Lewis,149,3,148,3,1,0,163,3,3345,100,3508,103,0,1,1,25,2,123,0,11,1
09-03-20,Lincoln,461,11,455,11,6,0,566,11,6221,43,6787,54,0,1,3,44,8,416,0,16,1
09-03-20,Loudon,962,10,933,10,29,0,1052,10,10143,176,11195,186,1,4,-9,90,18,868,2,32,4
09-03-20,Macon,945,4,935,4,10,0,1155,5,5807,74,6962,79,1,16,1,42,2,887,0,74,19
09-03-20,Madison,2017,55,1822,36,195,19,2222,49,20981,289,23203,338,2,46,26,-3,27,1974,3,148,55
09-03-20,Marion,380,5,376,5,4,0,465,5,4545,48,5010,53,0,7,1,48,4,325,0,32,7
09-03-20,Marshall,580,1,576,1,4,0,659,2,7133,73,7792,75,0,4,-17,103,18,473,0,18,4
09-03-20,Maury,1843,19,1831,19,12,0,2156,24,19676,287,21832,311,1,16,-11,226,29,1601,1,73,18
09-03-20,McMinn,864,8,852,8,12,0,1006,9,12688,238,13694,247,0,23,-5,104,13,737,0,50,24
09-03-20,McNairy,595,30,502,25,93,5,685,32,5251,119,5936,151,1,13,22,104,7,478,1,31,15
09-03-20,Meigs,171,2,167,2,4,0,202,2,2387,18,2589,20,0,2,1,32,1,137,0,8,3
09-03-20,Monroe,858,25,822,23,36,2,951,26,8288,203,9239,229,0,15,6,184,19,659,0,56,15
09-03-20,Montgomery,2591,33,2520,29,71,4,2958,35,32584,332,35542,367,0,30,8,161,25,2400,1,113,37
09-03-20,Moore,118,2,113,2,5,0,143,2,1609,22,1752,24,0,1,0,13,2,104,0,1,1
09-03-20,Morgan,260,9,245,8,15,1,281,8,6666,66,6947,74,0,2,7,53,2,205,1,6,2
09-03-20,Obion,902,26,880,25,22,1,992,30,7519,104,8511,134,0,8,14,111,12,783,1,38,9
09-03-20,Out of State,1756,21,1728,20,28,1,2008,22,217936,3200,219944,3222,-5,24,17,112,9,1620,0,67,12
09-03-20,Overton,522,10,485,8,37,2,575,11,5503,57,6078,68,0,2,-5,105,15,415,1,17,2
09-03-20,Pending,629,29,597,27,32,2,725,30,144506,1576,145231,1606,3,10,16,72,10,547,0,7,1
09-03-20,Perry,118,4,105,3,13,1,130,3,2589,117,2719,120,0,0,2,19,2,99,0,5,0
09-03-20,Pickett,74,2,60,1,14,1,79,2,825,4,904,6,0,1,0,23,2,50,0,1,1
09-03-20,Polk,360,2,354,2,6,0,413,2,3048,20,3461,22,0,10,0,30,2,320,0,18,9
09-03-20,Putnam,2402,23,2309,17,93,6,2919,25,23468,169,26387,194,-1,29,-3,283,27,2090,1,87,31
09-03-20,Rhea,673,3,671,3,2,0,805,2,8259,61,9064,63,0,5,-5,51,8,617,0,21,7
09-03-20,Roane,670,11,647,11,23,0,810,17,14113,231,14923,248,0,2,9,98,2,570,0,27,2
09-03-20,Robertson,1970,17,1956,16,14,1,2399,20,14202,181,16601,201,3,29,-7,134,21,1807,1,142,31
09-03-20,Rutherford,8179,47,8141,45,38,2,9990,60,66101,830,76091,890,3,73,-14,428,58,7678,2,249,81
09-03-20,Scott,171,3,164,3,7,0,184,4,3348,37,3532,41,0,2,3,12,0,157,1,13,2
09-03-20,Sequatchie,167,1,166,1,1,0,193,1,3922,52,4115,53,1,2,-1,10,1,155,0,9,1
09-03-20,Sevier,2320,14,2256,14,64,0,2590,20,21226,196,23816,216,1,13,4,158,9,2149,1,83,14
09-03-20,Shelby,27982,173,27780,168,202,5,34478,213,308088,3545,342566,3758,4,393,-1,1447,170,26142,4,2026,451
09-03-20,Smith,568,4,553,4,15,0,694,4,4400,37,5094,41,0,8,1,38,3,522,0,25,9
09-03-20,Stewart,104,2,102,2,2,0,131,3,2235,28,2366,31,0,0,2,11,0,93,0,6,1
09-03-20,Sullivan,1817,45,1724,38,93,7,1961,90,22970,542,24931,632,0,26,-137,240,182,1551,2,149,28
09-03-20,Sumner,4290,46,4262,45,28,1,5097,48,35449,507,40546,555,-1,86,18,253,29,3951,2,360,90
09-03-20,Tipton,1535,13,1463,13,72,0,1808,16,17112,240,18920,256,0,15,0,146,13,1374,0,85,19
09-03-20,Trousdale,1628,1,1625,1,3,0,1699,2,3971,33,5670,35,0,6,0,27,1,1595,0,23,7
09-03-20,Unicoi,231,1,228,1,3,0,264,1,4491,35,4755,36,0,1,-2,22,3,208,0,12,1
09-03-20,Union,247,8,238,8,9,0,270,10,3532,87,3802,97,0,1,7,28,1,218,0,7,1
09-03-20,Van Buren,103,2,94,2,9,0,113,2,1185,27,1298,29,0,0,0,34,2,69,0,6,0
09-03-20,Warren,892,4,823,3,69,1,996,7,10570,64,11566,71,0,7,-19,130,23,755,0,14,8
09-03-20,Washington,1768,12,1724,11,44,1,2034,20,23185,287,25219,307,0,13,2,209,10,1546,0,84,16
09-03-20,Wayne,1432,29,1423,29,9,0,1551,35,5089,194,6640,229,-1,2,17,1135,13,295,1,18,6
09-03-20,Weakley,957,35,889,33,68,2,1048,37,8527,170,9575,207,0,13,17,172,18,772,0,27,15
09-03-20,White,607,6,569,5,38,1,720,11,7138,96,7858,107,0,7,-13,145,19,455,0,29,7
09-03-20,Williamson,4480,42,4449,39,31,3,5311,49,53723,572,59034,621,-1,29,4,321,39,4130,0,109,33
09-03-20,Wilson,2967,24,2953,22,14,2,3549,25,30464,327,34013,352,0,31,-5,232,29,2704,1,101,35
09-02-20,Anderson,926,8,903,6,23,2,1076,9,20058,315,21134,324,0,8,5,56,3,862,0,36,8
09-02-20,Bedford,1138,3,1097,3,41,0,1351,2,10151,24,11502,26,0,14,-8,87,11,1037,0,45,15
09-02-20,Benton,268,2,260,2,8,0,288,2,3353,9,3641,11,0,6,-5,42,7,220,0,17,6
09-02-20,Bledsoe,795,5,791,5,4,0,831,6,5806,94,6637,100,0,4,3,14,2,777,0,17,4
09-02-20,Blount,2175,15,2137,15,38,0,2530,19,21504,256,24034,275,0,17,-13,318,28,1840,1,99,18
09-02-20,Bradley,2583,18,2520,18,63,0,3076,19,20347,277,23423,296,0,16,-6,170,24,2397,2,145,17
09-02-20,Campbell,361,5,338,5,23,0,402,4,8427,99,8829,103,0,3,5,38,0,320,0,17,3
09-02-20,Cannon,223,13,210,12,13,1,269,13,2918,26,3187,39,0,0,11,34,2,189,0,6,0
09-02-20,Carroll,640,10,552,10,88,0,688,7,7184,31,7872,38,1,9,-6,150,15,481,0,39,13
09-02-20,Carter,955,10,908,8,47,2,1051,9,11952,12,13003,21,1,19,-10,150,19,786,1,70,24
09-02-20,Cheatham,720,1,714,1,6,0,877,1,8595,42,9472,43,0,10,-7,27,8,683,0,28,10
09-02-20,Chester,438,12,385,12,53,0,487,12,3891,21,4378,33,0,6,4,71,8,361,0,15,9
09-02-20,Claiborne,374,2,347,2,27,0,416,3,8232,212,8648,215,0,3,-3,33,5,338,0,18,4
09-02-20,Clay,131,4,120,1,11,3,138,3,2119,22,2257,25,0,2,3,20,1,109,0,5,3
09-02-20,Cocke,666,4,628,4,38,0,714,5,6396,69,7110,74,0,7,-2,50,6,609,0,31,8
09-02-20,Coffee,780,6,722,4,58,2,948,6,13649,200,14597,206,0,6,-4,106,10,668,1,27,9
09-02-20,Crockett,417,3,372,3,45,0,453,3,2393,8,2846,11,0,14,-6,57,9,346,1,19,17
09-02-20,Cumberland,945,43,928,41,17,2,1147,49,17876,293,19023,342,0,8,31,212,12,725,2,48,11
09-02-20,Davidson,24642,56,24531,52,111,4,30982,79,258955,2181,289937,2260,1,260,-76,875,131,23507,2,1052,277
09-02-20,Decatur,317,1,244,0,73,1,354,1,3998,15,4352,16,0,4,-5,48,6,265,0,8,4
09-02-20,Dekalb,470,3,457,3,13,0,585,7,6281,125,6866,132,0,6,-2,67,5,397,0,22,7
09-02-20,Dickson,953,10,873,5,80,5,1188,10,11160,50,12348,60,0,9,-3,53,13,891,0,49,12
09-02-20,Dyer,1008,8,948,8,60,0,1092,8,8108,80,9200,88,0,10,-13,132,21,866,0,56,12
09-02-20,Fayette,976,3,958,3,18,0,1245,6,12805,41,14050,47,0,10,-3,95,6,871,0,74,15
09-02-20,Fentress,267,18,237,17,30,1,294,18,3043,38,3337,56,0,0,12,97,6,170,0,14,2
09-02-20,Franklin,573,14,556,11,17,3,682,15,12007,79,12689,94,0,4,7,121,7,448,0,28,7
09-02-20,Gibson,1136,8,942,4,194,4,1228,12,10571,61,11799,73,0,16,-9,160,17,960,0,49,18
09-02-20,Giles,464,2,461,2,3,0,564,3,6854,51,7418,54,1,15,0,27,1,422,0,32,15
09-02-20,Grainger,284,2,268,1,16,1,334,2,4750,32,5084,34,0,1,0,31,2,252,0,18,2
09-02-20,Greene,870,13,819,11,51,2,1033,9,11714,22,12747,31,1,17,-5,138,17,715,0,67,23
09-02-20,Grundy,157,3,154,3,3,0,185,3,1918,17,2103,20,0,3,1,13,2,141,0,21,4
09-02-20,Hamblen,1713,4,1633,4,80,0,1863,4,17555,51,19418,55,0,22,-6,94,10,1597,0,83,23
09-02-20,Hamilton,7988,54,7839,50,149,4,9270,52,108436,431,117706,483,1,77,-31,606,84,7305,3,347,79
09-02-20,Hancock,99,0,91,0,8,0,107,0,1572,22,1679,22,0,2,-1,3,1,94,0,11,2
09-02-20,Hardeman,1290,6,1236,5,54,1,1488,7,11323,18,12811,25,0,22,-10,74,16,1194,1,61,25
09-02-20,Hardin,752,3,637,3,115,0,838,4,9464,141,10302,145,0,10,-12,129,15,613,0,23,13
09-02-20,Hawkins,684,4,671,4,13,0,792,3,7703,17,8495,20,0,13,-4,45,8,626,0,51,15
09-02-20,Haywood,801,5,764,5,37,0,864,8,4754,32,5618,40,0,11,-7,66,12,724,0,35,13
09-02-20,Henderson,921,8,755,2,166,6,1145,7,6454,26,7599,33,0,8,-4,129,12,784,1,36,14
09-02-20,Henry,476,2,466,1,10,1,567,2,7564,48,8131,50,1,7,-6,79,7,390,0,32,8
09-02-20,Hickman,399,5,382,2,17,3,495,5,5238,11,5733,16,0,4,-5,60,10,335,0,15,4
09-02-20,Houston,111,0,108,0,3,0,123,0,1639,4,1762,4,0,0,0,31,0,80,0,9,0
09-02-20,Humphreys,170,0,156,0,14,0,196,1,4035,12,4231,13,0,3,-1,19,1,148,0,4,3
09-02-20,Jackson,254,4,236,2,18,2,285,4,1966,14,2251,18,1,2,-4,31,7,221,1,15,3
09-02-20,Jefferson,854,9,757,4,97,5,885,2,12946,57,13831,59,1,7,-10,118,18,729,0,47,12
09-02-20,Johnson,428,1,423,1,5,0,465,1,4680,6,5145,7,0,1,-5,38,6,389,0,14,1
09-02-20,Knox,7034,110,6791,105,243,5,7731,106,100342,1487,108073,1593,2,61,28,870,80,6103,4,294,63
09-02-20,Lake,842,1,840,1,2,0,1037,2,5182,17,6219,19,0,2,-6,20,7,820,0,6,2
09-02-20,Lauderdale,725,1,677,1,48,0,794,3,8309,32,9103,35,0,12,-4,73,5,640,0,40,13
09-02-20,Lawrence,770,7,763,7,7,0,907,7,8349,44,9256,51,0,9,2,83,5,678,0,30,10
09-02-20,Lewis,146,3,145,3,1,0,160,5,3245,32,3405,37,0,1,-4,24,7,121,0,11,1
09-02-20,Lincoln,450,3,444,3,6,0,555,3,6178,20,6733,23,0,1,-2,41,5,408,0,16,1
09-02-20,Loudon,952,2,923,1,29,1,1042,3,9967,99,11009,102,0,3,-15,99,17,850,0,30,4
09-02-20,Macon,941,2,931,2,10,0,1150,2,5733,57,6883,59,0,15,0,41,2,885,0,74,19
09-02-20,Madison,1962,30,1786,17,176,13,2173,33,20692,147,22865,180,0,44,6,-29,24,1947,3,145,54
09-02-20,Marion,375,8,371,7,4,1,460,9,4497,27,4957,36,0,7,-2,47,10,321,1,32,7
09-02-20,Marshall,579,15,575,15,4,0,657,16,7060,58,7717,74,0,4,-1,120,16,455,0,18,4
09-02-20,Maury,1824,25,1812,25,12,0,2132,27,19389,219,21521,246,0,15,-3,237,28,1572,0,72,17
09-02-20,McMinn,856,14,844,14,12,0,997,16,12450,131,13447,147,0,23,-4,109,18,724,1,50,24
09-02-20,McNairy,565,7,477,7,88,0,653,7,5132,70,5785,77,0,12,3,82,4,471,0,30,15
09-02-20,Meigs,169,3,165,3,4,0,200,3,2369,20,2569,23,0,2,-2,31,5,136,0,8,3
09-02-20,Monroe,833,12,799,10,34,2,925,11,8085,142,9010,153,0,15,-5,178,17,640,0,56,15
09-02-20,Montgomery,2558,5,2491,5,67,0,2923,5,32252,148,35175,153,0,30,-28,153,33,2375,0,112,36
09-02-20,Moore,116,0,111,0,5,0,141,0,1587,11,1728,11,1,1,-1,13,0,102,0,1,1
09-02-20,Morgan,251,8,237,8,14,0,273,8,6600,46,6873,54,0,2,3,46,5,203,0,5,2
09-02-20,Obion,876,13,855,13,21,0,962,10,7415,50,8377,60,0,8,7,97,6,771,0,37,9
09-02-20,Out of State,1735,26,1708,25,27,1,1986,31,214736,1156,216722,1187,1,29,9,95,16,1611,0,67,11
09-02-20,Overton,512,19,477,17,35,2,564,20,5446,112,6010,132,0,2,3,110,16,400,1,16,2
09-02-20,Pending,600,6,570,6,30,0,695,7,142930,912,143625,919,0,7,0,56,6,537,0,7,1
09-02-20,Perry,114,1,102,1,12,0,127,0,2472,6,2599,6,0,0,0,17,1,97,0,5,0
09-02-20,Pickett,72,2,59,2,13,0,77,2,821,11,898,13,0,1,0,23,2,48,0,1,1
09-02-20,Polk,358,0,352,0,6,0,411,0,3028,19,3439,19,0,10,-3,30,3,318,0,18,9
09-02-20,Putnam,2379,41,2292,32,87,9,2894,49,23299,270,26193,319,0,30,10,286,31,2063,1,86,31
09-02-20,Rhea,670,13,668,13,2,0,803,12,8198,66,9001,78,0,5,10,56,3,609,1,21,7
09-02-20,Roane,659,6,636,6,23,0,793,7,13882,102,14675,109,0,2,-2,89,8,568,1,27,2
09-02-20,Robertson,1953,4,1940,3,13,1,2379,5,14021,115,16400,120,0,26,-29,141,33,1786,0,141,31
09-02-20,Rutherford,8132,73,8096,72,36,1,9930,50,65271,665,75201,715,0,70,22,442,51,7620,7,247,80
09-02-20,Scott,168,2,161,1,7,1,180,0,3311,24,3491,24,0,2,1,9,1,157,0,12,2
09-02-20,Sequatchie,166,2,165,2,1,0,192,2,3870,32,4062,34,0,1,0,11,2,154,0,9,1
09-02-20,Sevier,2306,22,2242,22,64,0,2570,18,21030,194,23600,212,0,12,10,154,12,2140,0,82,14
09-02-20,Shelby,27809,107,27612,105,197,2,34265,143,304543,1532,338808,1675,2,389,-114,1448,219,25972,10,2022,446
09-02-20,Smith,564,10,549,10,15,0,690,12,4363,37,5053,49,0,8,6,37,4,519,1,25,8
09-02-20,Stewart,102,2,100,2,2,0,128,2,2207,17,2335,19,0,0,1,9,1,93,0,6,1
09-02-20,Sullivan,1772,55,1686,53,86,2,1871,11,22428,44,24299,55,1,26,29,377,25,1369,1,147,28
09-02-20,Sumner,4244,7,4217,7,27,0,5049,8,34942,227,39991,235,0,87,-14,235,21,3922,0,358,90
09-02-20,Tipton,1522,8,1450,6,72,2,1792,9,16872,112,18664,121,0,15,-1,146,9,1361,1,85,19
09-02-20,Trousdale,1627,0,1624,0,3,0,1697,0,3938,15,5635,15,0,6,0,27,0,1594,0,23,7
09-02-20,Unicoi,230,4,227,4,3,0,263,4,4456,22,4719,26,0,1,2,24,2,205,0,12,1
09-02-20,Union,239,1,230,1,9,0,260,1,3445,27,3705,28,0,1,-3,21,4,217,0,7,1
09-02-20,Van Buren,101,9,92,7,9,2,111,11,1158,17,1269,28,0,0,6,34,3,67,0,6,0
09-02-20,Warren,888,14,820,11,68,3,989,16,10506,156,11495,172,0,7,3,149,11,732,0,14,8
09-02-20,Washington,1756,20,1713,20,43,0,2014,29,22898,140,24912,169,0,13,11,207,9,1536,2,84,16
09-02-20,Wayne,1403,7,1394,7,9,0,1516,10,4895,18,6411,28,0,3,-4,1118,11,282,0,17,5
09-02-20,Weakley,922,10,856,9,66,1,1011,10,8357,126,9368,136,0,13,-3,155,13,754,0,27,15
09-02-20,White,601,14,564,12,37,2,709,19,7042,75,7751,94,0,7,-9,158,23,436,2,29,7
09-02-20,Williamson,4438,22,4410,20,28,2,5262,26,53151,277,58413,303,0,30,-12,317,34,4091,0,109,33
09-02-20,Wilson,2943,4,2931,4,12,0,3524,6,30137,159,33661,165,0,31,-19,237,23,2675,0,100,35
09-01-20,Anderson,918,7,897,6,21,1,1067,6,19743,107,20810,113,0,8,0,51,7,859,0,36,8
09-01-20,Bedford,1135,9,1094,8,41,1,1349,13,10127,110,11476,123,0,14,0,95,9,1026,0,45,15
09-01-20,Benton,266,3,258,3,8,0,286,3,3344,17,3630,20,1,6,-3,47,5,213,0,17,6
09-01-20,Bledsoe,790,2,786,1,4,1,825,2,5712,85,6537,87,0,4,1,11,1,775,0,17,4
09-01-20,Blount,2160,18,2122,18,38,0,2511,22,21248,194,23759,216,0,17,-11,331,29,1812,1,98,18
09-01-20,Bradley,2565,18,2502,17,63,1,3057,19,20070,159,23127,178,0,16,-13,176,31,2373,1,143,17
09-01-20,Campbell,356,4,333,4,23,0,398,4,8328,47,8726,51,1,3,1,33,2,320,0,17,3
09-01-20,Cannon,210,2,198,2,12,0,256,2,2892,66,3148,68,0,0,-2,23,4,187,0,6,0
09-01-20,Carroll,630,18,542,13,88,5,681,18,7153,42,7834,60,0,8,-1,156,19,466,1,39,13
09-01-20,Carter,945,21,900,21,45,0,1042,23,11940,249,12982,272,0,18,1,160,20,767,1,69,23
09-01-20,Cheatham,719,6,713,6,6,0,876,6,8553,96,9429,102,0,10,1,34,5,675,0,28,10
09-01-20,Chester,426,13,373,11,53,2,475,14,3870,22,4345,36,1,6,-1,67,13,353,0,15,7
09-01-20,Claiborne,372,5,345,4,27,1,413,3,8020,40,8433,43,0,3,2,36,3,333,0,18,4
09-01-20,Clay,127,4,119,4,8,0,135,4,2097,63,2232,67,2,2,2,17,0,108,0,5,3
09-01-20,Cocke,662,6,624,4,38,2,709,7,6327,75,7036,82,0,7,-1,52,7,603,0,31,8
09-01-20,Coffee,774,16,718,15,56,1,942,20,13449,111,14391,131,0,6,4,110,12,658,0,26,9
09-01-20,Crockett,414,4,369,3,45,1,450,6,2385,28,2835,34,0,14,0,63,4,337,0,18,17
09-01-20,Cumberland,902,30,887,30,15,0,1098,33,17583,137,18681,170,0,8,18,181,12,713,2,46,10
09-01-20,Davidson,24586,117,24479,114,107,3,30903,184,256774,3577,287677,3761,0,259,-20,951,137,23376,3,1050,276
09-01-20,Decatur,316,13,244,10,72,3,353,14,3983,35,4336,49,0,4,9,53,4,259,0,8,4
09-01-20,Dekalb,467,6,454,6,13,0,578,6,6156,81,6734,87,1,6,0,69,5,392,1,22,7
09-01-20,Dickson,943,18,868,8,75,10,1178,21,11110,143,12288,164,0,9,9,56,9,878,1,49,12
09-01-20,Dyer,1000,13,940,11,60,2,1084,13,8028,60,9112,73,0,10,4,145,9,845,1,56,11
09-01-20,Fayette,973,21,955,18,18,3,1239,31,12764,115,14003,146,0,10,9,98,12,865,2,74,15
09-01-20,Fentress,249,16,220,13,29,3,276,17,3005,31,3281,48,0,0,12,85,4,164,1,14,2
09-01-20,Franklin,559,25,545,24,14,1,667,28,11928,120,12595,148,0,4,16,114,9,441,1,28,7
09-01-20,Gibson,1128,21,938,12,190,9,1216,18,10510,146,11726,164,2,16,-1,169,20,943,0,49,16
09-01-20,Giles,462,3,459,3,3,0,561,3,6803,55,7364,58,0,14,1,27,2,421,0,32,15
09-01-20,Grainger,282,4,267,4,15,0,332,4,4718,137,5050,141,0,1,1,31,3,250,0,18,2
09-01-20,Greene,857,15,808,14,49,1,1024,25,11692,100,12716,125,0,16,-1,143,16,698,0,67,22
09-01-20,Grundy,154,0,151,0,3,0,182,1,1901,13,2083,14,1,3,-3,12,2,139,0,21,4
09-01-20,Hamblen,1709,8,1629,8,80,0,1859,10,17504,121,19363,131,0,22,-14,100,22,1587,1,83,23
09-01-20,Hamilton,7934,127,7789,110,145,17,9218,139,108005,1685,117223,1824,2,76,46,637,79,7221,6,344,79
09-01-20,Hancock,99,0,91,0,8,0,107,0,1550,12,1657,12,0,2,0,4,0,93,0,11,2
09-01-20,Hardeman,1284,12,1231,12,53,0,1481,15,11305,47,12786,62,1,22,-20,84,31,1178,2,60,25
09-01-20,Hardin,749,24,634,10,115,14,834,27,9323,58,10157,85,0,10,8,141,16,598,0,23,13
09-01-20,Hawkins,680,3,667,3,13,0,789,4,7686,71,8475,75,0,13,-1,49,4,618,0,51,15
09-01-20,Haywood,796,4,759,3,37,1,856,5,4722,37,5578,42,0,11,-7,73,11,712,0,35,12
09-01-20,Henderson,913,18,753,14,160,4,1138,24,6428,80,7566,104,1,8,8,133,9,772,0,35,14
09-01-20,Henry,474,12,465,11,9,1,565,14,7516,63,8081,77,1,6,-5,85,16,383,0,32,8
09-01-20,Hickman,394,12,380,12,14,0,490,16,5227,78,5717,94,1,4,6,65,5,325,1,15,4
09-01-20,Houston,111,9,108,9,3,0,123,9,1635,47,1758,56,0,0,7,31,2,80,0,9,0
09-01-20,Humphreys,170,3,156,2,14,1,195,4,4023,34,4218,38,0,3,2,20,1,147,0,4,3
09-01-20,Jackson,250,4,234,3,16,1,281,5,1952,28,2233,33,0,1,0,35,4,214,0,14,2
09-01-20,Jefferson,845,11,753,11,92,0,883,12,12889,131,13772,143,0,6,-3,128,14,711,1,47,12
09-01-20,Johnson,427,12,422,10,5,2,464,12,4674,57,5138,69,0,1,10,43,2,383,1,14,1
09-01-20,Knox,6924,136,6686,129,238,7,7625,141,98855,652,106480,793,2,59,50,842,84,6023,4,290,62
09-01-20,Lake,841,8,839,8,2,0,1035,9,5165,15,6200,24,0,2,0,26,8,813,0,6,2
09-01-20,Lauderdale,724,7,676,6,48,1,791,5,8277,54,9068,59,0,12,-7,77,14,635,0,40,13
09-01-20,Lawrence,763,1,756,1,7,0,900,2,8305,85,9205,87,0,9,-9,81,10,673,0,30,10
09-01-20,Lewis,143,0,142,0,1,0,155,1,3213,22,3368,23,0,1,-1,28,1,114,0,11,1
09-01-20,Lincoln,447,13,441,13,6,0,552,15,6158,105,6710,120,0,1,1,43,12,403,0,16,1
09-01-20,Loudon,950,12,922,11,28,1,1039,10,9868,119,10907,129,0,3,4,114,8,833,0,30,4
09-01-20,Macon,939,7,929,7,10,0,1148,8,5676,75,6824,83,0,15,7,41,0,883,1,74,19
09-01-20,Madison,1932,42,1769,21,163,21,2140,43,20545,148,22685,191,4,44,-3,-35,41,1923,0,142,54
09-01-20,Marion,367,8,364,8,3,0,451,8,4470,55,4921,63,0,7,-2,49,10,311,1,31,7
09-01-20,Marshall,564,12,560,12,4,0,641,12,7002,90,7643,102,0,4,-6,121,18,439,0,18,4
09-01-20,Maury,1799,16,1787,16,12,0,2105,19,19170,175,21275,194,0,15,-6,240,22,1544,3,72,17
09-01-20,McMinn,842,6,830,5,12,1,981,8,12319,101,13300,109,0,23,-11,113,17,706,0,49,24
09-01-20,McNairy,558,24,470,22,88,2,646,25,5062,45,5708,70,1,12,15,79,8,467,0,30,15
09-01-20,Meigs,166,4,162,4,4,0,197,4,2349,34,2546,38,0,2,2,33,2,131,0,8,3
09-01-20,Monroe,821,24,789,20,32,4,914,23,7943,77,8857,100,0,15,5,183,19,623,0,56,14
09-01-20,Montgomery,2553,15,2486,14,67,1,2918,15,32104,200,35022,215,0,30,-14,181,29,2342,1,112,36
09-01-20,Moore,116,3,111,2,5,1,141,3,1576,24,1717,27,0,0,3,14,0,102,0,1,1
09-01-20,Morgan,243,3,229,3,14,0,265,3,6554,41,6819,44,0,2,-6,43,9,198,0,5,2
09-01-20,Obion,863,6,842,6,21,0,952,6,7365,37,8317,43,0,8,-4,90,10,765,1,37,9
09-01-20,Out of State,1709,24,1683,24,26,0,1955,25,213580,2197,215535,2222,1,28,3,86,20,1595,1,67,11
09-01-20,Overton,493,10,460,9,33,1,544,11,5334,66,5878,77,0,2,-3,107,13,384,0,15,2
09-01-20,Pending,594,11,564,8,30,3,688,10,142018,886,142706,896,0,7,-3,56,14,531,0,7,1
09-01-20,Perry,113,3,101,2,12,1,127,4,2466,22,2593,26,0,0,3,17,0,96,0,5,0
09-01-20,Pickett,70,2,57,1,13,1,75,3,810,8,885,11,0,1,1,23,1,46,0,1,1
09-01-20,Polk,358,5,352,4,6,1,411,6,3009,39,3420,45,0,10,2,33,3,315,1,18,9
09-01-20,Putnam,2338,39,2260,36,78,3,2845,45,23029,297,25874,342,0,30,4,276,35,2032,2,85,31
09-01-20,Rhea,657,6,655,6,2,0,791,9,8132,77,8923,86,1,5,-4,46,9,606,0,20,7
09-01-20,Roane,653,11,630,11,23,0,786,11,13780,104,14566,115,0,2,5,91,6,560,2,26,2
09-01-20,Robertson,1949,18,1937,18,12,0,2374,23,13906,109,16280,132,0,26,7,170,11,1753,4,141,31
09-01-20,Rutherford,8059,66,8024,65,35,1,9880,89,64606,655,74486,744,0,70,15,420,51,7569,1,240,79
09-01-20,Scott,166,4,160,2,6,2,180,3,3287,19,3467,22,0,2,0,8,4,156,0,12,2
09-01-20,Sequatchie,164,1,163,1,1,0,190,1,3838,33,4028,34,0,1,-2,11,3,152,0,9,1
09-01-20,Sevier,2284,35,2220,35,64,0,2552,39,20836,385,23388,424,0,12,25,144,10,2128,2,82,14
09-01-20,Shelby,27702,117,27507,111,195,6,34122,143,303011,2625,337133,2768,0,387,-54,1562,171,25753,4,2012,442
09-01-20,Smith,554,8,539,8,15,0,678,11,4326,39,5004,50,0,8,3,31,5,515,0,24,8
09-01-20,Stewart,100,0,98,0,2,0,126,2,2190,17,2316,19,0,0,-2,8,2,92,0,6,1
09-01-20,Sullivan,1717,10,1633,10,84,0,1860,10,22384,117,24244,127,0,25,-11,348,21,1344,3,146,27
09-01-20,Sumner,4237,33,4210,32,27,1,5041,35,34715,396,39756,431,1,87,-13,249,45,3901,1,358,90
09-01-20,Tipton,1514,15,1444,8,70,7,1783,17,16760,132,18543,149,0,15,3,147,12,1352,0,84,18
09-01-20,Trousdale,1627,4,1624,4,3,0,1697,4,3923,43,5620,47,0,6,3,27,1,1594,0,23,7
09-01-20,Unicoi,226,3,223,3,3,0,259,3,4434,126,4693,129,0,1,0,22,3,203,0,12,1
09-01-20,Union,238,3,229,3,9,0,259,3,3418,23,3677,26,0,1,-1,24,4,213,0,7,1
09-01-20,Van Buren,92,9,85,9,7,0,100,9,1141,44,1241,53,0,0,6,28,3,64,0,6,0
09-01-20,Warren,874,20,809,18,65,2,973,22,10350,159,11323,181,0,7,-7,146,27,721,0,14,8
09-01-20,Washington,1736,35,1693,35,43,0,1985,54,22758,265,24743,319,0,13,0,196,35,1527,0,82,15
09-01-20,Wayne,1396,12,1387,12,9,0,1506,14,4877,34,6383,48,0,3,8,1122,4,271,1,17,4
09-01-20,Weakley,912,17,847,16,65,1,1001,21,8231,76,9232,97,0,13,1,158,16,741,1,27,15
09-01-20,White,587,16,552,14,35,2,690,19,6967,83,7657,102,0,7,-1,167,17,413,3,27,7
09-01-20,Williamson,4416,56,4390,56,26,0,5236,62,52874,516,58110,578,2,30,14,329,40,4057,0,109,32
09-01-20,Wilson,2939,43,2927,42,12,1,3518,49,29978,357,33496,406,0,31,25,256,18,2652,1,100,35
08-31-20,Anderson,911,2,891,2,20,0,1061,2,19636,59,20697,61,0,8,-15,51,17,852,0,36,8
08-31-20,Bedford,1126,11,1086,11,40,0,1336,14,10017,107,11353,121,0,14,2,95,9,1017,0,45,15
08-31-20,Benton,263,2,255,1,8,1,283,1,3327,16,3610,17,0,5,-2,50,4,208,0,17,6
08-31-20,Bledsoe,788,1,785,1,3,0,823,1,5627,24,6450,25,0,4,0,10,1,774,0,17,4
08-31-20,Blount,2142,7,2104,7,38,0,2489,10,21054,100,23543,110,0,17,-24,342,31,1783,0,97,17
08-31-20,Bradley,2547,26,2485,25,62,1,3038,32,19911,234,22949,266,0,16,5,189,21,2342,0,142,17
08-31-20,Campbell,352,1,329,1,23,0,394,3,8281,70,8675,73,0,2,-1,32,2,318,0,17,3
08-31-20,Cannon,208,3,196,3,12,0,254,3,2826,22,3080,25,0,0,0,25,3,183,0,6,0
08-31-20,Carroll,612,9,529,9,83,0,663,9,7111,43,7774,52,0,8,-6,157,15,447,0,38,13
08-31-20,Carter,924,17,879,17,45,0,1019,18,11691,73,12710,91,0,18,7,159,10,747,0,68,23
08-31-20,Cheatham,713,3,707,3,6,0,870,3,8457,53,9327,56,0,10,-4,33,7,670,1,28,10
08-31-20,Chester,413,3,362,3,51,0,461,3,3848,18,4309,21,0,5,-3,68,6,340,0,15,7
08-31-20,Claiborne,367,5,341,3,26,2,410,4,7980,62,8390,66,0,3,-3,34,8,330,1,18,4
08-31-20,Clay,123,0,115,0,8,0,131,0,2034,36,2165,36,0,0,-2,15,2,108,0,5,3
08-31-20,Cocke,656,2,620,2,36,0,702,4,6252,31,6954,35,0,7,-12,53,14,596,0,31,8
08-31-20,Coffee,758,8,703,8,55,0,922,8,13338,97,14260,105,0,6,-7,106,15,646,0,26,9
08-31-20,Crockett,410,3,366,3,44,0,444,3,2357,17,2801,20,0,14,2,63,1,333,0,18,17
08-31-20,Cumberland,872,7,857,5,15,2,1065,7,17446,35,18511,42,0,8,-27,163,34,701,0,44,10
08-31-20,Davidson,24469,87,24365,85,104,2,30719,118,253197,1656,283916,1774,1,259,-38,971,124,23239,1,1047,273
08-31-20,Decatur,303,2,234,1,69,1,339,2,3948,14,4287,16,0,4,-1,44,3,255,0,8,4
08-31-20,Dekalb,461,4,448,2,13,2,572,5,6075,60,6647,65,0,5,-7,69,11,387,0,21,6
08-31-20,Dickson,925,2,860,2,65,0,1157,4,10967,136,12124,140,0,9,-35,47,37,869,0,48,12
08-31-20,Dyer,987,11,929,9,58,2,1071,12,7968,25,9039,37,0,10,-13,141,24,836,0,55,11
08-31-20,Fayette,952,2,937,2,15,0,1208,2,12649,38,13857,40,0,10,-7,89,9,853,0,72,15
08-31-20,Fentress,233,8,207,5,26,3,259,10,2974,15,3233,25,0,0,-4,73,12,160,0,13,2
08-31-20,Franklin,534,19,521,18,13,1,639,22,11808,103,12447,125,0,4,9,98,10,432,0,27,7
08-31-20,Gibson,1107,17,926,13,181,4,1198,15,10364,67,11562,82,0,14,0,170,17,923,0,49,16
08-31-20,Giles,459,4,456,4,3,0,558,8,6748,86,7306,94,0,14,3,26,1,419,2,32,15
08-31-20,Grainger,278,2,263,1,15,1,328,1,4581,11,4909,12,0,1,-4,30,6,247,0,18,2
08-31-20,Greene,842,21,794,17,48,4,999,22,11592,73,12591,95,0,16,2,144,19,682,4,67,22
08-31-20,Grundy,154,2,151,2,3,0,181,3,1888,12,2069,15,0,2,2,15,0,137,1,21,4
08-31-20,Hamblen,1701,0,1621,0,80,0,1849,1,17383,28,19232,29,0,22,-9,114,9,1565,0,82,23
08-31-20,Hamilton,7807,89,7679,88,128,1,9079,115,106320,1316,115399,1431,1,74,-7,591,95,7142,1,338,78
08-31-20,Hancock,99,0,91,0,8,0,107,0,1538,2,1645,2,0,2,-1,4,1,93,0,11,2
08-31-20,Hardeman,1272,3,1219,3,53,0,1466,4,11258,20,12724,24,0,21,-10,104,13,1147,0,58,25
08-31-20,Hardin,725,6,624,4,101,2,807,3,9265,28,10072,31,0,10,-4,133,10,582,0,23,12
08-31-20,Hawkins,677,5,664,5,13,0,785,7,7615,38,8400,45,0,13,-7,50,12,614,2,51,15
08-31-20,Haywood,792,5,756,5,36,0,851,5,4685,19,5536,24,0,11,-8,80,13,701,0,35,12
08-31-20,Henderson,895,4,739,3,156,1,1114,3,6348,26,7462,29,0,7,-12,125,16,763,0,35,14
08-31-20,Henry,462,5,454,5,8,0,551,8,7453,20,8004,28,0,5,-5,90,10,367,0,32,7
08-31-20,Hickman,382,4,368,1,14,3,474,4,5149,27,5623,31,0,3,2,59,2,320,1,14,4
08-31-20,Houston,102,0,99,0,3,0,114,0,1588,17,1702,17,0,0,0,24,0,78,0,9,0
08-31-20,Humphreys,167,0,154,0,13,0,191,0,3989,25,4180,25,0,3,-1,18,1,146,0,4,3
08-31-20,Jackson,246,1,231,1,15,0,276,1,1924,4,2200,5,0,1,-11,35,12,210,1,14,2
08-31-20,Jefferson,834,6,742,4,92,2,871,4,12758,42,13629,46,0,6,-3,131,9,697,0,46,10
08-31-20,Johnson,415,5,412,5,3,0,452,5,4617,6,5069,11,0,1,3,33,2,381,0,13,1
08-31-20,Knox,6788,96,6557,90,231,6,7484,91,98203,424,105687,515,0,57,15,792,81,5939,3,286,59
08-31-20,Lake,833,1,831,1,2,0,1026,8,5150,6,6176,14,0,2,-2,26,3,805,0,6,2
08-31-20,Lauderdale,717,5,670,4,47,1,786,7,8223,24,9009,31,0,12,-5,84,10,621,2,40,13
08-31-20,Lawrence,762,8,755,8,7,0,898,9,8220,79,9118,88,0,9,0,90,8,663,0,30,10
08-31-20,Lewis,143,2,142,2,1,0,154,1,3191,32,3345,33,0,1,-5,29,7,113,0,11,1
08-31-20,Lincoln,434,6,428,6,6,0,537,6,6053,29,6590,35,0,1,0,42,6,391,0,16,1
08-31-20,Loudon,938,10,911,10,27,0,1029,11,9749,62,10778,73,0,3,-3,110,13,825,0,30,4
08-31-20,Macon,932,2,922,2,10,0,1140,2,5601,20,6741,22,0,15,1,34,1,883,1,73,19
08-31-20,Madison,1890,35,1748,25,142,10,2097,37,20397,177,22494,214,-1,40,0,-32,36,1882,3,142,53
08-31-20,Marion,359,4,356,4,3,0,443,4,4415,39,4858,43,0,7,1,51,3,301,0,30,7
08-31-20,Marshall,552,12,548,12,4,0,629,15,6912,54,7541,69,0,4,2,127,10,421,0,18,4
08-31-20,Maury,1783,27,1771,27,12,0,2086,32,18995,224,21081,256,0,15,10,246,17,1522,2,69,16
08-31-20,McMinn,836,7,825,6,11,1,973,7,12218,107,13191,114,0,23,-8,124,15,689,0,49,24
08-31-20,McNairy,534,2,448,2,86,0,621,2,5017,18,5638,20,0,11,-10,64,12,459,0,30,14
08-31-20,Meigs,162,2,158,2,4,0,193,2,2315,25,2508,27,0,2,0,31,2,129,0,8,3
08-31-20,Monroe,797,9,769,7,28,2,891,8,7866,51,8757,59,0,15,-2,178,11,604,1,56,14
08-31-20,Montgomery,2538,10,2472,10,66,0,2903,14,31904,199,34807,213,0,30,-10,195,20,2313,0,111,36
08-31-20,Moore,113,0,109,0,4,0,138,0,1552,7,1690,7,0,0,-2,11,2,102,0,1,1
08-31-20,Morgan,240,5,226,1,14,4,262,2,6513,24,6775,26,0,2,-5,49,10,189,0,5,2
08-31-20,Obion,857,5,836,4,21,1,946,5,7328,18,8274,23,0,8,-10,94,15,755,0,36,9
08-31-20,Out of State,1685,10,1659,10,26,0,1930,11,211383,940,213313,951,2,27,-5,83,13,1575,1,66,10
08-31-20,Overton,483,4,451,3,32,1,533,4,5268,39,5801,43,0,2,-6,110,10,371,0,15,2
08-31-20,Pending,583,4,556,4,27,0,678,4,141132,723,141810,727,1,7,-7,59,10,517,0,7,1
08-31-20,Perry,110,2,99,2,11,0,123,4,2444,25,2567,29,0,0,0,14,2,96,0,5,0
08-31-20,Pickett,68,2,56,1,12,1,72,3,802,2,874,5,0,1,1,22,1,45,0,1,1
08-31-20,Polk,353,3,348,3,5,0,405,5,2970,29,3375,34,0,10,0,31,3,312,0,17,9
08-31-20,Putnam,2299,9,2224,9,75,0,2800,11,22732,45,25532,56,0,30,-32,272,41,1997,0,83,31
08-31-20,Rhea,651,7,649,7,2,0,782,8,8055,83,8837,91,1,4,0,50,6,597,0,20,7
08-31-20,Roane,642,5,619,3,23,2,775,4,13676,40,14451,44,0,2,1,86,4,554,0,24,2
08-31-20,Robertson,1931,7,1919,7,12,0,2351,8,13797,53,16148,61,0,26,-7,163,14,1742,1,137,31
08-31-20,Rutherford,7993,36,7959,36,34,0,9791,50,63951,538,73742,588,0,70,-17,405,53,7518,1,239,78
08-31-20,Scott,162,0,158,0,4,0,177,0,3268,32,3445,32,0,2,-2,8,2,152,0,12,2
08-31-20,Sequatchie,163,2,162,2,1,0,189,2,3805,37,3994,39,0,1,0,13,2,149,0,9,1
08-31-20,Sevier,2249,4,2185,4,64,0,2513,4,20451,71,22964,75,0,12,-19,119,23,2118,0,80,14
08-31-20,Shelby,27585,82,27396,82,189,0,33979,107,300386,907,334365,1014,2,387,-118,1616,198,25582,1,2008,440
08-31-20,Smith,546,0,531,0,15,0,667,0,4287,16,4954,16,0,8,-2,28,2,510,0,24,8
08-31-20,Stewart,100,2,98,2,2,0,124,1,2173,11,2297,12,0,0,1,10,1,90,0,6,1
08-31-20,Sullivan,1707,25,1623,25,84,0,1850,28,22267,98,24117,126,0,25,-20,359,45,1323,4,143,25
08-31-20,Sumner,4204,21,4178,20,26,1,5006,22,34319,201,39325,223,0,86,-21,262,42,3856,1,357,90
08-31-20,Tipton,1499,8,1436,7,63,1,1766,9,16628,49,18394,58,0,15,-2,144,10,1340,0,84,18
08-31-20,Trousdale,1623,1,1620,1,3,0,1693,1,3880,10,5573,11,0,6,1,24,0,1593,0,23,7
08-31-20,Unicoi,223,0,220,0,3,0,256,0,4308,10,4564,10,0,1,-4,22,4,200,0,12,1
08-31-20,Union,235,1,226,1,9,0,256,2,3395,8,3651,10,0,1,-6,25,7,209,0,7,1
08-31-20,Van Buren,83,2,76,1,7,1,91,2,1097,12,1188,14,0,0,0,22,2,61,0,6,0
08-31-20,Warren,854,4,791,4,63,0,951,4,10191,59,11142,63,0,7,-7,153,11,694,0,14,8
08-31-20,Washington,1701,33,1658,32,43,1,1931,37,22493,205,24424,242,0,13,17,196,16,1492,0,82,15
08-31-20,Wayne,1384,214,1375,214,9,0,1492,223,4843,45,6335,268,0,3,205,1114,9,267,0,16,4
08-31-20,Weakley,895,12,831,11,64,1,980,10,8155,41,9135,51,0,13,-5,157,17,725,0,26,15
08-31-20,White,571,4,538,3,33,1,671,5,6884,36,7555,41,0,7,-11,168,15,396,0,24,7
08-31-20,Williamson,4360,45,4334,45,26,0,5174,49,52358,327,57532,376,0,28,7,315,38,4017,2,109,32
08-31-20,Wilson,2896,26,2885,26,11,0,3469,26,29621,195,33090,221,0,31,-3,231,29,2634,1,99,35
08-30-20,Anderson,909,16,889,16,20,0,1059,16,19577,91,20636,107,0,8,8,66,8,835,0,36,8
08-30-20,Bedford,1115,4,1075,3,40,1,1322,4,9910,27,11232,31,0,14,-2,93,6,1008,0,45,15
08-30-20,Benton,261,4,254,4,7,0,282,5,3311,17,3593,22,0,5,3,52,1,204,0,17,6
08-30-20,Bledsoe,787,0,784,0,3,0,822,1,5603,7,6425,8,1,4,-1,10,0,773,0,17,4
08-30-20,Blount,2135,11,2097,11,38,0,2479,12,20954,74,23433,86,0,17,-15,366,26,1752,0,97,17
08-30-20,Bradley,2521,4,2460,4,61,0,3006,4,19677,28,22683,32,0,16,-10,184,14,2321,2,142,17
08-30-20,Campbell,351,2,328,2,23,0,391,4,8211,47,8602,51,0,2,-3,33,5,316,0,17,3
08-30-20,Cannon,205,2,193,2,12,0,251,2,2804,12,3055,14,0,0,1,25,1,180,0,6,0
08-30-20,Carroll,603,6,520,5,83,1,654,6,7068,15,7722,21,0,8,-14,163,20,432,0,38,11
08-30-20,Carter,907,9,862,8,45,1,1001,8,11618,26,12619,34,0,18,2,152,7,737,3,68,22
08-30-20,Cheatham,710,0,704,0,6,0,867,0,8404,39,9271,39,0,10,-5,37,5,663,0,27,10
08-30-20,Chester,410,0,359,0,51,0,458,0,3830,18,4288,18,0,5,-3,71,3,334,0,15,7
08-30-20,Claiborne,362,0,338,0,24,0,406,0,7918,115,8324,115,0,3,-2,37,2,322,0,17,4
08-30-20,Clay,123,1,115,1,8,0,131,1,1998,6,2129,7,0,0,1,17,0,106,0,5,2
08-30-20,Cocke,654,0,618,0,36,0,698,1,6221,23,6919,24,0,7,-2,65,2,582,0,31,8
08-30-20,Coffee,750,1,695,0,55,1,914,1,13241,38,14155,39,0,6,-11,113,12,631,0,26,8
08-30-20,Crockett,407,2,363,1,44,1,441,2,2340,5,2781,7,0,14,-2,61,4,332,0,18,17
08-30-20,Cumberland,865,10,852,10,13,0,1058,13,17411,37,18469,50,0,8,-1,190,11,667,0,44,10
08-30-20,Davidson,24382,26,24280,26,102,0,30601,33,251541,444,282142,477,3,258,-52,1009,75,23115,3,1046,273
08-30-20,Decatur,301,1,233,1,68,0,337,1,3934,8,4271,9,0,4,-1,45,2,252,0,8,4
08-30-20,Dekalb,457,0,446,0,11,0,567,0,6015,14,6582,14,0,5,-1,76,1,376,0,21,6
08-30-20,Dickson,923,6,858,6,65,0,1153,5,10831,26,11984,31,0,9,-2,82,8,832,0,48,12
08-30-20,Dyer,976,9,920,9,56,0,1059,9,7943,20,9002,29,0,10,0,154,9,812,2,55,11
08-30-20,Fayette,950,2,935,2,15,0,1206,3,12611,56,13817,59,0,10,-4,96,6,844,0,72,15
08-30-20,Fentress,225,2,202,2,23,0,249,2,2959,7,3208,9,0,0,-2,77,4,148,0,13,2
08-30-20,Franklin,515,3,503,3,12,0,617,0,11705,161,12322,161,0,4,0,89,3,422,0,27,7
08-30-20,Gibson,1090,9,913,5,177,4,1183,11,10297,33,11480,44,0,14,-5,170,14,906,1,49,15
08-30-20,Giles,455,1,452,1,3,0,550,1,6662,5,7212,6,0,14,-2,23,3,418,0,30,14
08-30-20,Grainger,276,1,262,1,14,0,327,1,4570,13,4897,14,0,1,0,34,1,241,0,18,2
08-30-20,Greene,821,4,777,4,44,0,977,4,11519,44,12496,48,0,16,-8,142,12,663,0,63,20
08-30-20,Grundy,152,0,149,0,3,0,178,1,1876,4,2054,5,0,2,-1,13,1,137,0,20,3
08-30-20,Hamblen,1701,10,1621,10,80,0,1848,11,17355,100,19203,111,1,22,2,123,7,1556,1,82,23
08-30-20,Hamilton,7718,28,7591,27,127,1,8964,23,105004,191,113968,214,0,73,-20,598,48,7047,1,337,78
08-30-20,Hancock,99,1,91,1,8,0,107,1,1536,6,1643,7,0,2,1,5,0,92,0,11,2
08-30-20,Hardeman,1269,7,1216,6,53,1,1462,10,11238,24,12700,34,0,21,5,114,2,1134,0,58,25
08-30-20,Hardin,719,13,620,13,99,0,804,13,9237,49,10041,62,0,10,2,137,11,572,0,23,12
08-30-20,Hawkins,672,2,659,2,13,0,778,1,7577,32,8355,33,0,13,-4,57,6,602,0,49,15
08-30-20,Haywood,787,2,751,2,36,0,846,3,4666,10,5512,13,0,11,-6,88,8,688,0,35,11
08-30-20,Henderson,891,3,736,2,155,1,1111,3,6322,24,7433,27,0,7,0,137,3,747,0,35,13
08-30-20,Henry,457,2,449,2,8,0,543,2,7433,13,7976,15,0,5,-4,95,6,357,0,32,6
08-30-20,Hickman,378,5,367,5,11,0,470,5,5122,8,5592,13,0,3,2,57,3,318,1,13,4
08-30-20,Houston,102,0,99,0,3,0,114,0,1571,0,1685,0,0,0,0,24,0,78,0,9,0
08-30-20,Humphreys,167,0,154,0,13,0,191,0,3964,9,4155,9,0,3,0,19,0,145,0,4,3
08-30-20,Jackson,245,0,230,0,15,0,275,0,1920,2,2195,2,0,1,-5,46,5,198,0,13,2
08-30-20,Jefferson,828,15,738,12,90,3,867,13,12716,32,13583,45,0,6,5,134,10,688,0,46,10
08-30-20,Johnson,410,0,407,0,3,0,447,0,4611,4,5058,4,0,1,-3,30,3,379,0,13,1
08-30-20,Knox,6692,73,6467,72,225,1,7393,78,97779,449,105172,527,1,57,6,777,66,5858,1,283,59
08-30-20,Lake,832,2,830,2,2,0,1018,2,5144,23,6162,25,0,2,0,28,2,802,0,6,2
08-30-20,Lauderdale,712,0,666,0,46,0,779,1,8199,24,8978,25,0,12,-4,89,4,611,0,38,13
08-30-20,Lawrence,754,3,747,3,7,0,889,4,8141,10,9030,14,0,9,-3,90,6,655,1,30,10
08-30-20,Lewis,141,0,140,0,1,0,153,0,3159,4,3312,4,0,1,-7,34,7,106,0,11,1
08-30-20,Lincoln,428,1,422,1,6,0,531,1,6024,10,6555,11,0,1,-3,42,4,385,0,16,1
08-30-20,Loudon,928,6,901,6,27,0,1018,8,9687,78,10705,86,0,3,-2,113,8,812,1,30,4
08-30-20,Macon,930,0,920,0,10,0,1138,0,5581,10,6719,10,0,15,-4,33,4,882,0,72,19
08-30-20,Madison,1855,15,1723,6,132,9,2060,17,20220,73,22280,90,0,41,-12,-32,27,1846,2,139,51
08-30-20,Marion,355,0,352,0,3,0,439,0,4376,4,4815,4,1,7,-5,50,4,298,0,30,7
08-30-20,Marshall,540,0,536,0,4,0,614,1,6858,11,7472,12,0,4,-9,125,9,411,0,18,4
08-30-20,Maury,1756,11,1744,11,12,0,2054,10,18771,64,20825,74,1,15,-2,236,12,1505,0,67,16
08-30-20,McMinn,829,2,819,2,10,0,966,1,12111,19,13077,20,2,23,-8,132,8,674,0,49,24
08-30-20,McNairy,532,5,446,5,86,0,619,5,4999,30,5618,35,0,11,0,74,5,447,1,30,13
08-30-20,Meigs,160,0,156,0,4,0,191,0,2290,3,2481,3,0,2,-1,31,1,127,0,8,3
08-30-20,Monroe,788,7,762,7,26,0,883,7,7815,28,8698,35,0,15,1,180,6,593,0,55,14
08-30-20,Montgomery,2528,4,2462,3,66,1,2889,4,31705,78,34594,82,2,30,-18,205,20,2293,0,111,36
08-30-20,Moore,113,0,109,0,4,0,138,0,1545,0,1683,0,0,0,-1,13,1,100,0,1,1
08-30-20,Morgan,235,1,225,1,10,0,260,1,6489,24,6749,25,1,2,0,54,0,179,0,5,2
08-30-20,Obion,852,6,832,4,20,2,941,6,7310,41,8251,47,0,8,-5,104,11,740,0,36,9
08-30-20,Out of State,1675,6,1649,6,26,0,1919,6,210443,555,212362,561,0,25,-3,88,9,1562,0,65,10
08-30-20,Overton,479,2,448,2,31,0,529,2,5229,20,5758,22,0,2,-1,116,3,361,0,15,2
08-30-20,Pending,579,3,552,3,27,0,674,4,140409,406,141083,410,0,6,-1,66,4,507,0,7,1
08-30-20,Perry,108,2,97,2,11,0,119,1,2419,4,2538,5,0,0,1,14,1,94,0,5,0
08-30-20,Pickett,66,0,55,0,11,0,69,0,800,11,869,11,0,1,-2,21,2,44,0,1,1
08-30-20,Polk,350,0,345,0,5,0,400,0,2941,6,3341,6,0,10,-3,31,3,309,0,17,9
08-30-20,Putnam,2290,7,2215,6,75,1,2789,7,22687,26,25476,33,0,30,-10,304,17,1956,0,83,31
08-30-20,Rhea,644,1,642,1,2,0,774,2,7972,15,8746,17,0,3,-2,50,3,591,0,20,7
08-30-20,Roane,637,9,616,6,21,3,771,8,13636,65,14407,73,0,2,3,85,6,550,0,24,2
08-30-20,Robertson,1924,1,1912,1,12,0,2343,1,13744,31,16087,32,0,26,-10,170,11,1728,0,136,31
08-30-20,Rutherford,7957,21,7923,21,34,0,9741,21,63413,297,73154,318,2,70,-15,422,34,7465,2,238,78
08-30-20,Scott,162,1,158,1,4,0,177,1,3236,42,3413,43,0,2,0,10,1,150,0,12,2
08-30-20,Sequatchie,161,0,160,0,1,0,187,0,3768,0,3955,0,0,1,-1,13,1,147,0,9,1
08-30-20,Sevier,2245,3,2181,3,64,0,2509,8,20380,81,22889,89,0,12,-4,138,7,2095,0,80,14
08-30-20,Shelby,27503,87,27314,87,189,0,33872,131,299479,1674,333351,1805,5,385,-14,1734,96,25384,4,2007,438
08-30-20,Smith,546,1,531,1,15,0,667,1,4271,11,4938,12,0,8,-1,30,2,508,0,24,8
08-30-20,Stewart,98,0,96,0,2,0,123,0,2162,8,2285,8,0,0,0,9,0,89,0,6,1
08-30-20,Sullivan,1682,26,1598,25,84,1,1822,30,22169,165,23991,195,0,25,5,379,21,1278,0,139,25
08-30-20,Sumner,4183,16,4158,16,25,0,4984,19,34118,101,39102,120,0,86,-11,283,27,3814,3,356,89
08-30-20,Tipton,1491,3,1429,3,62,0,1757,3,16579,77,18336,80,0,15,-5,146,8,1330,0,84,18
08-30-20,Trousdale,1622,0,1619,0,3,0,1692,0,3870,5,5562,5,0,6,-4,23,4,1593,0,23,6
08-30-20,Unicoi,223,3,220,3,3,0,256,3,4298,7,4554,10,0,1,1,26,2,196,1,12,1
08-30-20,Union,234,2,225,2,9,0,254,2,3387,15,3641,17,0,1,2,31,0,202,0,7,1
08-30-20,Van Buren,81,0,75,0,6,0,89,1,1085,2,1174,3,0,0,0,22,0,59,0,6,0
08-30-20,Warren,850,0,787,0,63,0,947,0,10132,22,11079,22,0,7,-10,160,10,683,0,14,8
08-30-20,Washington,1668,17,1626,16,42,1,1894,12,22288,78,24182,90,1,13,4,179,12,1476,3,82,13
08-30-20,Wayne,1170,864,1161,864,9,0,1269,929,4798,234,6067,1163,0,3,863,909,1,258,1,16,4
08-30-20,Weakley,883,2,820,2,63,0,970,3,8114,26,9084,29,0,13,-5,162,7,708,0,26,14
08-30-20,White,567,2,535,2,32,0,666,2,6848,17,7514,19,0,7,-1,179,3,381,0,24,7
08-30-20,Williamson,4315,13,4289,13,26,0,5125,15,52031,116,57156,131,1,28,-13,308,25,3979,0,107,31
08-30-20,Wilson,2870,10,2859,10,11,0,3443,11,29426,59,32869,70,0,31,-2,234,12,2605,0,98,35
08-29-20,Anderson,893,9,873,8,20,1,1043,8,19486,260,20529,268,0,8,3,58,6,827,0,36,8
08-29-20,Bedford,1111,7,1072,7,39,0,1318,7,9883,98,11201,105,0,14,-1,95,8,1002,0,45,15
08-29-20,Benton,257,7,250,7,7,0,277,8,3294,44,3571,52,0,5,0,49,7,203,0,17,6
08-29-20,Bledsoe,787,1,784,1,3,0,821,1,5596,47,6417,48,0,3,-2,11,3,773,0,17,4
08-29-20,Blount,2124,29,2086,29,38,0,2467,44,20880,289,23347,333,0,17,12,381,17,1726,1,97,17
08-29-20,Bradley,2517,23,2456,23,61,0,3002,24,19649,162,22651,186,0,16,0,194,23,2307,1,140,17
08-29-20,Campbell,349,4,326,3,23,1,387,2,8164,224,8551,226,0,2,-1,36,5,311,0,17,3
08-29-20,Cannon,203,2,191,1,12,1,249,2,2792,47,3041,49,0,0,0,24,2,179,0,6,0
08-29-20,Carroll,597,19,515,14,82,5,648,21,7053,138,7701,159,0,8,5,177,14,412,5,38,11
08-29-20,Carter,898,10,854,9,44,1,993,15,11592,184,12585,199,0,18,3,150,7,730,0,65,22
08-29-20,Cheatham,710,6,704,6,6,0,867,6,8365,129,9232,135,0,10,2,42,4,658,0,27,10
08-29-20,Chester,410,6,359,3,51,3,458,6,3812,43,4270,49,1,5,3,74,2,331,0,15,6
08-29-20,Claiborne,362,10,338,9,24,1,406,12,7803,155,8209,167,0,3,10,39,0,320,0,17,4
08-29-20,Clay,122,2,114,2,8,0,130,2,1992,14,2122,16,0,0,1,16,1,106,0,5,2
08-29-20,Cocke,654,9,618,9,36,0,697,9,6198,78,6895,87,0,7,3,67,6,580,1,31,8
08-29-20,Coffee,749,2,695,2,54,0,913,3,13203,67,14116,70,0,6,-9,124,11,619,0,26,8
08-29-20,Crockett,405,10,362,5,43,5,439,8,2335,20,2774,28,0,14,8,63,2,328,0,18,17
08-29-20,Cumberland,855,13,842,13,13,0,1045,16,17374,252,18419,268,0,8,1,191,12,656,0,44,10
08-29-20,Davidson,24356,64,24254,64,102,0,30568,80,251097,1299,281665,1379,1,255,-79,1061,142,23040,2,1043,271
08-29-20,Decatur,300,8,232,6,68,2,336,11,3926,124,4262,135,0,4,6,46,2,250,1,8,4
08-29-20,Dekalb,457,18,446,18,11,0,567,18,6001,94,6568,112,0,5,14,77,4,375,1,21,6
08-29-20,Dickson,917,5,852,5,65,0,1148,7,10805,89,11953,96,0,9,-1,84,6,824,0,48,11
08-29-20,Dyer,967,6,911,5,56,1,1050,10,7923,116,8973,126,0,10,-12,154,18,803,1,53,11
08-29-20,Fayette,948,7,933,7,15,0,1203,8,12555,135,13758,143,0,10,0,100,7,838,0,72,15
08-29-20,Fentress,223,14,200,14,23,0,247,15,2952,51,3199,66,0,0,10,79,4,144,0,13,2
08-29-20,Franklin,512,8,500,8,12,0,617,8,11544,399,12161,407,0,4,1,89,7,419,0,27,7
08-29-20,Gibson,1081,26,908,21,173,5,1172,25,10264,163,11436,188,1,14,11,175,14,892,2,48,15
08-29-20,Giles,454,4,451,4,3,0,549,4,6657,135,7206,139,0,14,0,25,4,415,0,30,14
08-29-20,Grainger,275,2,261,2,14,0,326,2,4557,44,4883,46,0,1,-2,34,4,240,0,18,2
08-29-20,Greene,817,6,773,6,44,0,973,9,11475,133,12448,142,0,16,-13,150,19,651,0,63,20
08-29-20,Grundy,152,3,149,3,3,0,177,3,1872,27,2049,30,0,2,3,14,0,136,0,20,3
08-29-20,Hamblen,1691,6,1611,3,80,3,1837,3,17255,106,19092,109,1,21,-2,121,7,1549,0,81,23
08-29-20,Hamilton,7690,35,7564,35,126,0,8941,35,104813,672,113754,707,0,73,-42,618,77,6999,1,336,78
08-29-20,Hancock,98,0,90,0,8,0,106,0,1530,10,1636,10,0,2,0,4,0,92,0,11,2
08-29-20,Hardeman,1262,6,1210,5,52,1,1452,13,11214,210,12666,223,0,21,-2,109,8,1132,0,58,24
08-29-20,Hardin,706,14,607,13,99,1,791,17,9188,190,9979,207,0,10,9,135,5,561,0,23,12
08-29-20,Hawkins,670,10,657,10,13,0,777,11,7545,98,8322,109,0,13,1,61,9,596,0,49,15
08-29-20,Haywood,785,8,749,7,36,1,843,10,4656,46,5499,56,0,11,4,94,4,680,1,35,11
08-29-20,Henderson,888,29,734,26,154,3,1108,37,6298,167,7406,204,1,7,19,137,9,744,1,35,13
08-29-20,Henry,455,11,447,11,8,0,541,14,7420,139,7961,153,1,5,5,99,5,351,0,32,6
08-29-20,Hickman,373,1,362,1,11,0,465,4,5114,49,5579,53,0,3,-8,55,9,315,0,12,3
08-29-20,Houston,102,7,99,7,3,0,114,7,1571,70,1685,77,0,0,6,24,1,78,0,9,0
08-29-20,Humphreys,167,2,154,2,13,0,191,3,3955,91,4146,94,0,3,2,19,0,145,0,4,3
08-29-20,Jackson,245,3,230,3,15,0,275,5,1918,21,2193,26,0,1,3,51,0,193,0,13,2
08-29-20,Jefferson,813,15,726,14,87,1,854,15,12684,221,13538,236,0,6,10,129,5,678,1,46,10
08-29-20,Johnson,410,0,407,0,3,0,447,0,4607,29,5054,29,0,1,-8,33,8,376,0,13,1
08-29-20,Knox,6619,109,6395,103,224,6,7315,114,97330,1380,104645,1494,5,56,31,771,73,5792,3,282,57
08-29-20,Lake,830,2,828,2,2,0,1016,2,5121,27,6137,29,1,2,0,28,1,800,0,6,2
08-29-20,Lauderdale,712,14,666,11,46,3,778,13,8175,74,8953,87,0,12,5,93,9,607,0,38,12
08-29-20,Lawrence,751,10,744,10,7,0,885,13,8131,101,9016,114,0,9,4,93,6,649,0,29,10
08-29-20,Lewis,141,2,140,2,1,0,153,2,3155,89,3308,91,0,1,0,41,2,99,0,11,1
08-29-20,Lincoln,427,5,421,5,6,0,530,5,6014,71,6544,76,0,1,-1,45,6,381,0,16,1
08-29-20,Loudon,922,11,895,10,27,1,1010,10,9609,168,10619,178,0,3,6,115,5,804,0,29,4
08-29-20,Macon,930,5,920,5,10,0,1138,8,5571,45,6709,53,0,15,4,37,1,878,0,72,19
08-29-20,Madison,1840,47,1717,22,123,25,2043,49,20147,310,22190,359,4,41,20,-20,23,1819,2,137,48
08-29-20,Marion,355,4,352,4,3,0,439,5,4372,33,4811,38,0,6,4,55,0,294,0,30,7
08-29-20,Marshall,540,15,536,15,4,0,613,16,6847,171,7460,187,0,4,3,134,12,402,0,18,4
08-29-20,Maury,1745,17,1733,17,12,0,2044,17,18707,160,20751,177,0,14,7,238,10,1493,1,67,16
08-29-20,McMinn,827,17,817,17,10,0,965,20,12092,211,13057,231,0,21,5,140,12,666,0,49,23
08-29-20,McNairy,527,11,441,7,86,4,614,15,4969,75,5583,90,0,11,7,74,4,442,0,29,12
08-29-20,Meigs,160,4,156,4,4,0,191,5,2287,35,2478,40,0,2,2,32,2,126,1,8,3
08-29-20,Monroe,781,16,755,16,26,0,876,27,7787,303,8663,330,1,15,6,179,9,587,1,55,14
08-29-20,Montgomery,2524,28,2459,27,65,1,2885,29,31627,468,34512,497,0,28,5,223,23,2273,1,111,36
08-29-20,Moore,113,1,109,1,4,0,138,1,1545,17,1683,18,0,0,0,14,1,99,0,1,0
08-29-20,Morgan,234,5,224,5,10,0,259,6,6465,78,6724,84,0,1,1,54,4,179,0,5,2
08-29-20,Obion,846,17,828,14,18,3,935,21,7269,116,8204,137,1,8,11,109,5,729,0,36,9
08-29-20,Out of State,1669,14,1643,14,26,0,1913,18,209888,2648,211801,2666,-1,25,4,91,11,1553,0,65,10
08-29-20,Overton,477,13,446,13,31,0,527,13,5209,64,5736,77,0,2,9,117,4,358,0,15,2
08-29-20,Pending,576,9,549,6,27,3,670,10,140003,1335,140673,1345,0,6,0,67,9,503,0,7,1
08-29-20,Perry,106,3,95,1,11,2,118,3,2415,23,2533,26,0,0,1,13,2,93,0,5,0
08-29-20,Pickett,66,3,55,3,11,0,69,3,789,7,858,10,0,1,3,23,0,42,0,1,1
08-29-20,Polk,350,5,345,5,5,0,400,5,2935,26,3335,31,0,10,-12,34,17,306,0,17,9
08-29-20,Putnam,2283,32,2209,32,74,0,2782,37,22661,377,25443,414,2,30,9,314,21,1939,0,83,31
08-29-20,Rhea,643,8,641,8,2,0,772,7,7957,122,8729,129,0,3,5,52,3,588,2,20,7
08-29-20,Roane,628,13,610,13,18,0,763,21,13571,196,14334,217,0,2,8,82,5,544,1,24,2
08-29-20,Robertson,1923,94,1911,93,12,1,2342,98,13713,444,16055,542,0,26,82,180,12,1717,1,136,31
08-29-20,Rutherford,7936,54,7902,54,34,0,9720,73,63116,833,72836,906,0,68,-3,437,57,7431,3,236,78
08-29-20,Scott,161,1,157,1,4,0,176,2,3194,67,3370,69,0,2,1,10,0,149,1,12,2
08-29-20,Sequatchie,161,0,160,0,1,0,187,0,3768,90,3955,90,0,1,-2,14,2,146,0,9,1
08-29-20,Sevier,2242,18,2178,18,64,0,2501,20,20299,200,22800,220,1,12,8,142,9,2088,0,80,14
08-29-20,Shelby,27416,181,27227,173,189,8,33741,223,297805,3161,331546,3384,2,380,53,1748,126,25288,7,2003,438
08-29-20,Smith,545,5,530,5,15,0,666,7,4260,27,4926,34,0,8,0,31,5,506,0,24,8
08-29-20,Stewart,98,2,96,1,2,1,123,2,2154,28,2277,30,0,0,2,9,0,89,0,6,1
08-29-20,Sullivan,1656,20,1573,18,83,2,1792,24,22004,272,23796,296,0,25,9,374,11,1257,1,139,25
08-29-20,Sumner,4167,33,4142,33,25,0,4965,38,34017,482,38982,520,0,86,9,294,24,3787,2,353,89
08-29-20,Tipton,1488,15,1426,8,62,7,1754,19,16502,163,18256,182,0,15,11,151,4,1322,0,84,18
08-29-20,Trousdale,1622,14,1619,14,3,0,1692,16,3865,56,5557,72,0,6,13,27,1,1589,2,23,6
08-29-20,Unicoi,220,2,217,2,3,0,253,3,4291,19,4544,22,0,1,-2,25,4,194,0,11,1
08-29-20,Union,232,0,223,0,9,0,252,0,3372,57,3624,57,0,1,-4,29,4,202,0,7,1
08-29-20,Van Buren,81,2,75,2,6,0,88,2,1083,18,1171,20,0,0,0,22,2,59,0,6,0
08-29-20,Warren,850,19,787,18,63,1,947,20,10110,174,11057,194,0,7,12,170,7,673,0,14,8
08-29-20,Washington,1651,29,1610,29,41,0,1882,46,22210,403,24092,449,0,12,14,175,15,1464,1,79,13
08-29-20,Wayne,306,3,297,3,9,0,340,4,4564,35,4904,39,0,3,-3,46,6,257,1,15,4
08-29-20,Weakley,881,26,818,22,63,4,967,30,8088,185,9055,215,2,13,19,167,5,701,0,26,14
08-29-20,White,565,13,533,13,32,0,664,14,6831,99,7495,113,0,7,8,180,5,378,0,24,7
08-29-20,Williamson,4302,37,4276,36,26,1,5110,43,51915,477,57025,520,0,27,-4,321,41,3954,0,107,31
08-29-20,Wilson,2860,39,2849,39,11,0,3432,41,29367,374,32799,415,0,31,22,236,17,2593,1,98,34
08-28-20,Anderson,884,0,865,0,19,0,1035,0,19226,34,20261,34,0,8,-20,55,20,821,0,36,8
08-28-20,Bedford,1104,2,1065,2,39,0,1311,3,9785,62,11096,65,0,14,-7,96,9,994,0,45,15
08-28-20,Benton,250,6,243,6,7,0,269,6,3250,18,3519,24,1,5,-2,49,7,196,0,17,5
08-28-20,Bledsoe,786,1,783,1,3,0,820,1,5549,14,6369,15,0,3,-2,13,3,770,0,17,4
08-28-20,Blount,2095,6,2057,6,38,0,2423,3,20591,76,23014,79,0,17,-24,369,30,1709,0,96,17
08-28-20,Bradley,2494,9,2433,9,61,0,2978,12,19487,84,22465,96,0,16,-21,194,30,2284,0,139,17
08-28-20,Campbell,345,2,323,2,22,0,385,3,7940,31,8325,34,0,2,-3,37,5,306,0,17,3
08-28-20,Cannon,201,3,190,3,11,0,247,3,2745,34,2992,37,0,0,1,24,2,177,0,6,0
08-28-20,Carroll,578,18,501,10,77,8,627,18,6915,45,7542,63,1,8,5,172,12,398,0,33,10
08-28-20,Carter,888,13,845,13,43,0,978,9,11408,96,12386,105,0,18,3,147,10,723,0,65,19
08-28-20,Cheatham,704,1,698,1,6,0,861,2,8236,59,9097,61,0,10,-11,40,12,654,0,27,10
08-28-20,Chester,404,3,356,2,48,1,452,5,3769,18,4221,23,0,4,-6,71,9,329,0,15,6
08-28-20,Claiborne,352,1,329,1,23,0,394,3,7648,48,8042,51,0,3,-5,29,6,320,0,17,4
08-28-20,Clay,120,0,112,0,8,0,128,0,1978,13,2106,13,0,0,-1,15,1,105,0,5,2
08-28-20,Cocke,645,5,609,3,36,2,688,3,6120,27,6808,30,0,7,-6,64,11,574,1,30,8
08-28-20,Coffee,747,10,693,10,54,0,910,11,13136,115,14046,126,0,6,-1,133,11,608,0,26,8
08-28-20,Crockett,395,6,357,5,38,1,431,7,2315,20,2746,27,0,14,-2,55,8,326,0,18,17
08-28-20,Cumberland,842,17,829,17,13,0,1029,21,17122,118,18151,139,0,8,-1,190,18,644,0,44,10
08-28-20,Davidson,24292,113,24190,112,102,1,30488,150,249798,1703,280286,1853,3,254,-28,1140,138,22898,5,1041,270
08-28-20,Decatur,292,4,226,4,66,0,325,3,3802,9,4127,12,0,4,-1,40,5,248,0,7,4
08-28-20,Dekalb,439,13,428,13,11,0,549,14,5907,45,6456,59,0,5,9,63,4,371,0,20,6
08-28-20,Dickson,912,3,847,3,65,0,1141,5,10716,75,11857,80,0,9,-9,85,12,818,0,48,10
08-28-20,Dyer,961,19,906,18,55,1,1040,18,7807,57,8847,75,1,10,1,166,17,785,1,52,11
08-28-20,Fayette,941,6,926,5,15,1,1195,6,12420,45,13615,51,0,10,-1,100,7,831,0,72,15
08-28-20,Fentress,209,8,186,8,23,0,232,8,2901,41,3133,49,0,0,5,69,3,140,0,13,2
08-28-20,Franklin,504,9,492,9,12,0,609,9,11145,77,11754,86,0,4,0,88,9,412,0,27,7
08-28-20,Gibson,1055,15,887,13,168,2,1147,15,10101,75,11248,90,0,13,-8,164,23,878,1,46,14
08-28-20,Giles,450,1,447,1,3,0,545,2,6522,10,7067,12,0,14,1,25,0,411,0,30,14
08-28-20,Grainger,273,3,259,3,14,0,324,3,4513,53,4837,56,0,1,-3,36,6,236,0,18,2
08-28-20,Greene,811,9,767,5,44,4,964,4,11342,34,12306,38,5,16,-16,163,20,632,2,63,20
08-28-20,Grundy,149,0,146,0,3,0,174,0,1845,11,2019,11,0,2,-1,11,1,136,0,20,3
08-28-20,Hamblen,1685,8,1608,7,77,1,1834,7,17149,62,18983,69,0,20,-6,123,14,1542,0,81,23
08-28-20,Hamilton,7655,52,7529,51,126,1,8906,65,104141,620,113047,685,3,73,-34,660,83,6922,1,335,76
08-28-20,Hancock,98,0,90,0,8,0,106,0,1520,20,1626,20,0,2,-1,4,1,92,0,11,2
08-28-20,Hardeman,1256,16,1205,15,51,1,1439,22,11004,53,12443,75,-1,21,-5,111,22,1124,0,58,24
08-28-20,Hardin,692,5,594,5,98,0,774,3,8998,26,9772,29,1,10,-6,126,10,556,0,23,12
08-28-20,Hawkins,660,4,647,4,13,0,766,4,7447,39,8213,43,1,13,-3,60,6,587,0,49,15
08-28-20,Haywood,777,4,742,4,35,0,833,5,4610,15,5443,20,1,11,-8,90,11,676,0,34,11
08-28-20,Henderson,859,13,708,11,151,2,1071,12,6131,43,7202,55,0,6,0,118,13,735,2,34,11
08-28-20,Henry,444,5,436,5,8,0,527,4,7281,24,7808,28,0,4,-4,94,9,346,0,32,6
08-28-20,Hickman,372,4,361,3,11,1,461,2,5065,36,5526,38,0,3,1,63,3,306,0,12,3
08-28-20,Houston,95,0,92,0,3,0,107,0,1501,6,1608,6,0,0,-2,18,2,77,0,9,0
08-28-20,Humphreys,165,2,152,1,13,1,188,2,3864,14,4052,16,0,3,0,17,2,145,0,4,3
08-28-20,Jackson,242,3,227,3,15,0,270,3,1897,16,2167,19,0,1,-2,48,5,193,1,13,2
08-28-20,Jefferson,798,6,712,5,86,1,839,5,12463,68,13302,73,0,6,-4,119,10,673,0,45,9
08-28-20,Johnson,410,4,407,4,3,0,447,4,4578,13,5025,17,0,1,0,41,4,368,0,13,1
08-28-20,Knox,6510,78,6292,74,218,4,7201,77,95950,303,103151,380,0,51,-14,740,92,5719,3,279,57
08-28-20,Lake,828,8,826,8,2,0,1014,6,5094,36,6108,42,0,1,8,28,0,799,0,6,2
08-28-20,Lauderdale,698,5,655,5,43,0,765,6,8101,17,8866,23,0,12,-4,88,9,598,0,38,12
08-28-20,Lawrence,741,2,734,2,7,0,872,2,8030,9,8902,11,0,9,-6,89,8,643,0,29,10
08-28-20,Lewis,139,1,138,1,1,0,151,1,3066,2,3217,3,0,1,-2,41,3,97,0,11,1
08-28-20,Lincoln,422,2,416,2,6,0,525,3,5943,153,6468,156,0,1,-2,46,4,375,0,16,1
08-28-20,Loudon,911,4,885,4,26,0,1000,3,9441,21,10441,24,0,3,-8,109,12,799,0,29,4
08-28-20,Macon,925,6,915,5,10,1,1130,6,5526,19,6656,25,0,15,3,33,3,877,0,72,19
08-28-20,Madison,1793,24,1695,21,98,3,1994,25,19837,121,21831,146,1,37,-25,-40,48,1796,3,135,47
08-28-20,Marion,351,3,348,3,3,0,434,3,4339,26,4773,29,0,6,-2,51,5,294,0,30,7
08-28-20,Marshall,525,1,521,1,4,0,597,1,6676,20,7273,21,0,4,-14,131,15,390,0,18,4
08-28-20,Maury,1728,11,1716,10,12,1,2027,9,18547,61,20574,70,0,14,-15,231,26,1483,0,66,15
08-28-20,McMinn,810,8,800,8,10,0,945,7,11881,81,12826,88,0,21,-3,135,11,654,0,49,23
08-28-20,McNairy,516,4,434,4,82,0,599,4,4894,11,5493,15,1,11,-6,67,9,438,0,29,12
08-28-20,Meigs,156,4,152,4,4,0,186,4,2252,17,2438,21,0,2,0,30,4,124,0,7,2
08-28-20,Monroe,765,14,739,11,26,3,849,9,7484,63,8333,72,0,14,-1,173,15,578,0,54,14
08-28-20,Montgomery,2496,11,2432,11,64,0,2856,14,31159,108,34015,122,0,28,-12,218,23,2250,0,110,36
08-28-20,Moore,112,2,108,2,4,0,137,2,1528,8,1665,10,0,0,0,14,2,98,0,1,0
08-28-20,Morgan,229,2,219,2,10,0,253,2,6387,10,6640,12,0,1,-1,53,3,175,0,5,2
08-28-20,Obion,829,9,814,9,15,0,914,7,7153,28,8067,35,0,7,0,98,9,724,0,36,9
08-28-20,Out of State,1655,18,1629,18,26,0,1895,22,207240,887,209135,909,0,26,-7,87,25,1542,2,65,9
08-28-20,Overton,464,6,433,6,31,0,514,7,5145,51,5659,58,0,2,-11,108,17,354,0,15,2
08-28-20,Pending,567,7,543,7,24,0,660,7,138668,858,139328,865,2,6,-13,67,18,494,0,7,1
08-28-20,Perry,103,0,94,0,9,0,115,0,2392,7,2507,7,0,0,0,12,0,91,0,5,0
08-28-20,Pickett,63,1,52,1,11,0,66,1,782,7,848,8,0,1,-1,20,2,42,0,1,1
08-28-20,Polk,345,0,340,0,5,0,395,0,2909,11,3304,11,0,10,-6,46,6,289,0,17,9
08-28-20,Putnam,2251,17,2177,17,74,0,2745,28,22284,202,25029,230,1,28,-5,305,21,1918,0,83,30
08-28-20,Rhea,635,4,633,4,2,0,765,4,7835,45,8600,49,0,3,-4,47,8,585,1,18,6
08-28-20,Roane,615,11,597,11,18,0,742,10,13375,42,14117,52,0,2,5,74,6,539,0,23,2
08-28-20,Robertson,1829,3,1818,3,11,0,2244,4,13269,42,15513,46,0,26,-13,98,16,1705,0,135,31
08-28-20,Rutherford,7882,25,7848,25,34,0,9647,31,62283,334,71930,365,1,68,-53,440,77,7374,2,233,77
08-28-20,Scott,160,0,156,0,4,0,174,0,3127,17,3301,17,0,2,-1,9,1,149,0,11,2
08-28-20,Sequatchie,161,2,160,2,1,0,187,2,3678,18,3865,20,0,1,0,16,2,144,0,9,1
08-28-20,Sevier,2224,8,2160,7,64,1,2481,8,20099,115,22580,123,0,11,-7,134,15,2079,0,80,14
08-28-20,Shelby,27235,225,27054,223,181,2,33518,282,294644,2146,328162,2428,1,378,31,1695,193,25162,13,1996,436
08-28-20,Smith,540,3,525,3,15,0,659,3,4233,25,4892,28,0,8,-2,31,5,501,0,24,8
08-28-20,Stewart,96,0,95,0,1,0,121,1,2126,9,2247,10,0,0,-1,7,1,89,0,6,1
08-28-20,Sullivan,1636,20,1555,17,81,3,1768,18,21732,149,23500,167,0,25,-2,365,22,1246,2,138,25
08-28-20,Sumner,4134,36,4109,36,25,0,4927,38,33535,193,38462,231,0,86,14,285,22,3763,1,351,89
08-28-20,Tipton,1473,7,1418,7,55,0,1735,12,16339,124,18074,136,1,15,-3,140,9,1318,1,84,18
08-28-20,Trousdale,1608,1,1605,1,3,0,1676,1,3809,17,5485,18,0,6,0,14,1,1588,0,21,6
08-28-20,Unicoi,218,1,215,1,3,0,250,2,4272,33,4522,35,0,1,-1,27,2,190,0,11,1
08-28-20,Union,232,2,223,2,9,0,252,2,3315,26,3567,28,0,1,-3,33,5,198,0,7,1
08-28-20,Van Buren,79,2,73,2,6,0,86,3,1065,15,1151,18,0,0,2,22,0,57,0,6,0
08-28-20,Warren,831,7,769,4,62,3,927,7,9936,45,10863,52,0,7,-15,158,22,666,0,14,8
08-28-20,Washington,1622,25,1581,25,41,0,1836,21,21807,142,23643,163,3,12,4,161,18,1449,0,78,12
08-28-20,Wayne,303,12,294,9,9,3,336,14,4529,14,4865,28,1,3,11,49,0,251,0,14,3
08-28-20,Weakley,855,9,796,8,59,1,937,7,7903,36,8840,43,0,11,-35,148,44,696,1,26,13
08-28-20,White,552,17,520,17,32,0,650,26,6732,61,7382,87,0,7,2,172,15,373,0,24,7
08-28-20,Williamson,4265,17,4240,17,25,0,5067,24,51438,226,56505,250,0,27,-21,325,38,3913,0,107,31
08-28-20,Wilson,2821,11,2810,11,11,0,3391,12,28993,188,32384,200,0,31,-15,214,26,2576,0,97,34
08-27-20,Anderson,884,3,865,3,19,0,1035,3,19192,408,20227,411,0,8,-16,75,19,801,0,36,8
08-27-20,Bedford,1102,27,1063,26,39,1,1308,30,9723,280,11031,310,0,14,20,103,7,985,1,45,15
08-27-20,Benton,244,7,237,7,7,0,263,7,3232,38,3495,45,0,4,3,51,4,189,0,17,5
08-27-20,Bledsoe,785,0,782,0,3,0,819,0,5535,54,6354,54,0,3,-2,15,2,767,0,17,4
08-27-20,Blount,2089,179,2051,179,38,0,2420,189,20515,831,22935,1020,0,17,147,393,32,1679,3,96,17
08-27-20,Bradley,2485,31,2424,30,61,1,2966,37,19403,581,22369,618,0,16,9,215,22,2254,2,139,17
08-27-20,Campbell,343,4,321,2,22,2,382,2,7909,167,8291,169,0,2,1,40,3,301,0,17,3
08-27-20,Cannon,198,7,187,7,11,0,244,7,2711,81,2955,88,0,0,6,23,1,175,0,6,0
08-27-20,Carroll,560,35,491,32,69,3,609,37,6870,136,7479,173,0,7,27,167,8,386,0,33,10
08-27-20,Carter,875,19,832,17,43,2,969,22,11312,139,12281,161,1,18,8,144,10,713,1,65,19
08-27-20,Cheatham,703,3,697,3,6,0,859,5,8177,109,9036,114,0,10,-4,51,7,642,0,27,10
08-27-20,Chester,401,18,354,18,47,0,447,21,3751,89,4198,110,0,4,2,77,16,320,0,15,6
08-27-20,Claiborne,351,7,328,7,23,0,391,7,7600,132,7991,139,0,3,6,34,1,314,0,17,4
08-27-20,Clay,120,3,112,1,8,2,128,4,1965,21,2093,25,0,0,2,16,1,104,1,5,2
08-27-20,Cocke,640,7,606,7,34,0,685,6,6093,106,6778,112,0,7,6,70,1,563,0,29,7
08-27-20,Coffee,737,10,683,7,54,3,899,12,13021,249,13920,261,0,6,4,134,6,597,1,26,7
08-27-20,Crockett,389,11,352,9,37,2,424,14,2295,45,2719,59,1,14,5,57,5,318,0,18,17
08-27-20,Cumberland,825,29,812,29,13,0,1008,37,17004,284,18012,321,0,8,-12,191,41,626,3,44,9
08-27-20,Davidson,24179,161,24078,159,101,2,30338,222,248095,3572,278433,3794,1,251,34,1168,126,22760,4,1036,268
08-27-20,Decatur,288,3,222,2,66,1,322,3,3793,76,4115,79,0,4,2,41,1,243,0,7,4
08-27-20,Dekalb,426,7,415,6,11,1,535,8,5862,91,6397,99,0,5,5,54,2,367,0,20,5
08-27-20,Dickson,909,20,844,15,65,5,1136,23,10641,193,11777,216,0,9,6,94,14,806,1,48,9
08-27-20,Dyer,942,34,888,32,54,2,1022,35,7750,197,8772,232,0,9,24,165,10,768,1,51,11
08-27-20,Fayette,935,19,921,19,14,0,1189,22,12375,236,13564,258,0,10,9,101,10,824,2,72,15
08-27-20,Fentress,201,13,178,11,23,2,224,14,2860,122,3084,136,0,0,1,64,12,137,0,13,2
08-27-20,Franklin,495,16,483,16,12,0,600,18,11068,742,11668,760,0,4,14,88,2,403,0,27,6
08-27-20,Gibson,1040,30,874,23,166,7,1132,34,10026,212,11158,246,0,13,13,172,17,855,0,45,13
08-27-20,Giles,449,1,446,1,3,0,543,1,6512,79,7055,80,0,14,0,24,1,411,0,30,14
08-27-20,Grainger,270,3,256,3,14,0,321,3,4460,52,4781,55,0,1,0,39,3,230,0,18,2
08-27-20,Greene,802,38,762,38,40,0,960,48,11308,353,12268,401,0,11,31,179,7,612,5,61,19
08-27-20,Grundy,149,3,146,3,3,0,174,3,1834,21,2008,24,0,2,2,12,1,135,0,20,3
08-27-20,Hamblen,1677,14,1601,13,76,1,1827,14,17087,181,18914,195,0,20,2,129,12,1528,0,81,23
08-27-20,Hamilton,7603,140,7478,137,125,3,8841,149,103521,1807,112362,1956,1,70,76,694,63,6839,4,334,76
08-27-20,Hancock,98,0,90,0,8,0,106,1,1500,10,1606,11,0,2,0,5,0,91,0,11,2
08-27-20,Hardeman,1240,15,1190,15,50,0,1417,21,10951,106,12368,127,0,22,1,116,14,1102,0,58,24
08-27-20,Hardin,687,22,589,18,98,4,771,23,8972,201,9743,224,0,9,6,132,16,546,0,23,12
08-27-20,Hawkins,656,9,643,9,13,0,762,17,7408,170,8170,187,0,12,-2,63,11,581,0,49,14
08-27-20,Haywood,773,11,738,10,35,1,828,14,4595,115,5423,129,0,10,-3,98,14,665,2,34,11
08-27-20,Henderson,846,20,697,19,149,1,1059,24,6088,159,7147,183,0,6,8,118,12,722,1,32,10
08-27-20,Henry,439,13,431,13,8,0,523,17,7257,159,7780,176,0,4,9,98,4,337,1,32,6
08-27-20,Hickman,368,7,358,7,10,0,459,9,5029,109,5488,118,1,3,3,62,3,303,1,12,3
08-27-20,Houston,95,8,92,8,3,0,107,8,1495,44,1602,52,0,0,6,20,2,75,0,9,0
08-27-20,Humphreys,163,6,151,6,12,0,186,6,3850,37,4036,43,0,3,6,17,0,143,0,4,3
08-27-20,Jackson,239,7,224,6,15,1,267,7,1881,26,2148,33,0,1,2,50,5,188,0,12,2
08-27-20,Jefferson,792,30,707,27,85,3,834,31,12395,259,13229,290,0,6,27,123,3,663,3,45,9
08-27-20,Johnson,406,6,403,6,3,0,443,6,4565,56,5008,62,0,1,0,41,6,364,0,13,1
08-27-20,Knox,6432,109,6218,105,214,4,7124,124,95647,1978,102771,2102,0,51,16,754,93,5627,2,276,57
08-27-20,Lake,820,2,818,2,2,0,1008,3,5058,29,6066,32,0,1,-1,20,3,799,0,6,2
08-27-20,Lauderdale,693,13,650,13,43,0,759,17,8084,172,8843,189,0,12,-20,92,33,589,0,38,12
08-27-20,Lawrence,739,25,732,25,7,0,870,25,8021,134,8891,159,0,9,19,95,6,635,0,29,10
08-27-20,Lewis,138,6,137,6,1,0,150,6,3064,51,3214,57,0,1,5,43,1,94,0,11,1
08-27-20,Lincoln,420,4,414,4,6,0,522,6,5790,81,6312,87,0,1,0,48,4,371,0,16,1
08-27-20,Loudon,907,22,881,22,26,0,997,23,9420,222,10417,245,0,3,17,117,5,787,1,29,4
08-27-20,Macon,919,13,910,13,9,0,1124,17,5507,63,6631,80,0,15,11,30,2,874,0,72,19
08-27-20,Madison,1769,61,1674,31,95,30,1969,66,19716,282,21685,348,2,36,29,-15,30,1748,5,132,46
08-27-20,Marion,348,7,345,7,3,0,431,9,4313,101,4744,110,0,6,3,53,4,289,0,30,6
08-27-20,Marshall,524,23,520,23,4,0,596,28,6656,186,7252,214,0,4,11,145,12,375,1,18,4
08-27-20,Maury,1717,46,1706,46,11,0,2018,49,18486,637,20504,686,1,14,28,246,17,1457,2,66,15
08-27-20,McMinn,802,18,792,18,10,0,938,19,11800,221,12738,240,0,21,8,138,10,643,0,49,23
08-27-20,McNairy,512,12,430,11,82,1,595,12,4883,90,5478,102,0,10,6,73,6,429,1,29,12
08-27-20,Meigs,152,7,148,6,4,1,182,6,2235,38,2417,44,0,2,7,30,0,120,0,7,2
08-27-20,Monroe,751,43,728,43,23,0,840,43,7421,255,8261,298,1,14,25,174,17,563,2,54,14
08-27-20,Montgomery,2485,50,2421,49,64,1,2842,57,31051,571,33893,628,0,28,35,230,15,2227,0,110,36
08-27-20,Moore,110,3,106,3,4,0,135,3,1520,20,1655,23,0,0,3,14,0,96,0,1,0
08-27-20,Morgan,227,14,217,14,10,0,251,17,6377,97,6628,114,0,1,11,54,3,172,0,5,2
08-27-20,Obion,820,22,805,22,15,0,907,22,7125,106,8032,128,1,7,2,98,19,715,0,36,9
08-27-20,Out of State,1637,21,1611,20,26,1,1873,29,206353,3737,208226,3766,1,26,13,94,7,1517,0,63,8
08-27-20,Overton,458,9,427,9,31,0,507,9,5094,105,5601,114,1,2,-9,119,17,337,1,15,2
08-27-20,Pending,560,20,536,18,24,2,653,23,137810,1898,138463,1921,0,4,12,80,8,476,0,7,1
08-27-20,Perry,103,2,94,2,9,0,115,3,2385,125,2500,128,0,0,2,12,0,91,0,5,0
08-27-20,Pickett,62,5,51,5,11,0,65,5,775,11,840,16,0,1,5,21,0,40,0,1,1
08-27-20,Polk,345,6,340,6,5,0,395,8,2898,43,3293,51,0,10,6,52,0,283,0,17,9
08-27-20,Putnam,2234,40,2160,37,74,3,2717,48,22082,318,24799,366,1,27,15,310,24,1897,2,83,30
08-27-20,Rhea,631,7,629,7,2,0,761,14,7790,191,8551,205,1,3,5,51,1,577,0,17,5
08-27-20,Roane,604,16,586,16,18,0,732,17,13333,209,14065,226,0,2,8,69,8,533,0,23,2
08-27-20,Robertson,1826,8,1815,8,11,0,2240,12,13227,182,15467,194,1,26,-5,111,12,1689,0,135,31
08-27-20,Rutherford,7857,78,7823,73,34,5,9616,100,61949,1075,71565,1175,0,67,18,493,60,7297,0,231,75
08-27-20,Scott,160,0,156,0,4,0,174,2,3110,54,3284,56,0,2,-2,10,2,148,0,11,2
08-27-20,Sequatchie,159,2,158,2,1,0,185,2,3660,30,3845,32,0,1,2,16,0,142,0,9,1
08-27-20,Sevier,2216,24,2153,24,63,0,2473,27,19984,293,22457,320,0,11,-1,141,25,2064,1,80,14
08-27-20,Shelby,27010,175,26831,166,179,9,33236,210,292498,3917,325734,4127,3,377,-12,1664,184,24969,5,1983,433
08-27-20,Smith,537,4,522,3,15,1,656,8,4208,63,4864,71,0,8,-2,33,6,496,0,24,8
08-27-20,Stewart,96,2,95,2,1,0,120,3,2117,20,2237,23,0,0,0,8,2,88,1,6,1
08-27-20,Sullivan,1616,41,1538,41,78,0,1750,59,21583,494,23333,553,3,25,19,367,19,1224,1,136,25
08-27-20,Sumner,4098,26,4073,26,25,0,4889,36,33342,580,38231,616,3,86,-7,271,30,3741,0,350,88
08-27-20,Tipton,1466,52,1411,43,55,9,1723,59,16215,283,17938,342,0,14,46,143,6,1309,1,83,18
08-27-20,Trousdale,1607,6,1604,6,3,0,1675,5,3792,37,5467,42,0,6,6,14,0,1587,1,21,6
08-27-20,Unicoi,217,5,214,5,3,0,248,5,4239,50,4487,55,0,1,0,28,5,188,1,11,1
08-27-20,Union,230,5,221,5,9,0,250,5,3289,93,3539,98,0,1,5,36,0,193,0,7,1
08-27-20,Van Buren,77,6,71,6,6,0,83,6,1050,35,1133,41,0,0,4,20,2,57,0,6,0
08-27-20,Warren,824,38,765,37,59,1,920,40,9891,175,10811,215,0,7,24,173,14,644,0,14,7
08-27-20,Washington,1597,15,1556,15,41,0,1815,21,21665,350,23480,371,1,9,-27,157,41,1431,0,78,12
08-27-20,Wayne,291,7,285,7,6,0,322,8,4515,50,4837,58,0,2,2,38,5,251,0,14,3
08-27-20,Weakley,846,27,788,25,58,2,930,29,7867,159,8797,188,0,11,8,183,19,652,1,25,13
08-27-20,White,535,37,503,36,32,1,624,41,6671,140,7295,181,0,7,25,170,12,358,1,24,7
08-27-20,Williamson,4248,51,4223,50,25,1,5043,58,51212,801,56255,859,0,27,19,346,32,3875,0,107,31
08-27-20,Wilson,2810,43,2799,42,11,1,3379,55,28805,447,32184,502,0,31,15,229,28,2550,0,97,34
08-26-20,Anderson,881,6,862,6,19,0,1032,6,18784,188,19816,194,0,8,-15,91,21,782,0,36,8
08-26-20,Bedford,1075,5,1037,5,38,0,1278,5,9443,52,10721,57,0,14,-11,83,16,978,0,44,14
08-26-20,Benton,237,6,230,6,7,0,256,7,3194,40,3450,47,0,4,5,48,1,185,0,17,4
08-26-20,Bledsoe,785,3,782,3,3,0,819,3,5481,12,6300,15,0,3,-4,17,7,765,0,17,4
08-26-20,Blount,1910,27,1872,27,38,0,2231,33,19684,168,21915,201,1,17,-4,246,30,1647,1,93,17
08-26-20,Bradley,2454,15,2394,15,60,0,2929,15,18822,136,21751,151,0,16,-19,206,34,2232,0,137,17
08-26-20,Campbell,339,7,319,5,20,2,380,9,7742,81,8122,90,0,2,2,39,5,298,0,17,3
08-26-20,Cannon,191,1,180,1,11,0,237,1,2630,27,2867,28,0,0,-2,17,3,174,0,6,0
08-26-20,Carroll,525,24,459,16,66,8,572,26,6734,129,7306,155,0,7,12,140,12,378,0,33,9
08-26-20,Carter,856,11,815,6,41,5,947,10,11173,50,12120,60,1,17,-7,136,17,703,0,64,19
08-26-20,Cheatham,700,3,694,3,6,0,854,3,8068,98,8922,101,0,10,-3,55,6,635,0,27,10
08-26-20,Chester,383,7,336,6,47,1,426,7,3662,48,4088,55,0,4,-7,75,14,304,0,15,4
08-26-20,Claiborne,344,4,321,4,23,0,384,5,7468,239,7852,244,0,3,0,28,4,313,0,17,4
08-26-20,Clay,117,3,111,3,6,0,124,3,1944,57,2068,60,0,0,0,14,3,103,0,4,2
08-26-20,Cocke,633,3,599,2,34,1,679,2,5987,39,6666,41,1,7,-7,64,9,562,0,29,7
08-26-20,Coffee,727,21,676,20,51,1,887,24,12772,327,13659,351,0,6,11,130,10,591,0,25,7
08-26-20,Crockett,378,11,343,5,35,6,410,12,2250,39,2660,51,0,13,10,52,1,313,0,18,17
08-26-20,Cumberland,796,12,783,11,13,1,971,15,16720,264,17691,279,0,8,-13,203,25,585,0,41,9
08-26-20,Davidson,24018,124,23919,124,99,0,30116,150,244523,2277,274639,2427,1,250,-43,1134,166,22634,7,1032,267
08-26-20,Decatur,285,5,220,3,65,2,319,5,3717,28,4036,33,0,4,3,39,2,242,0,7,4
08-26-20,Dekalb,419,11,409,9,10,2,527,13,5771,114,6298,127,0,5,7,49,4,365,1,20,5
08-26-20,Dickson,889,7,829,7,60,0,1113,7,10448,132,11561,139,1,9,-11,88,17,792,0,47,9
08-26-20,Dyer,908,18,856,15,52,3,987,19,7553,146,8540,165,0,9,1,141,17,758,1,50,11
08-26-20,Fayette,916,10,902,10,14,0,1167,10,12139,43,13306,53,0,10,-6,92,16,814,0,70,15
08-26-20,Fentress,188,6,167,2,21,4,210,7,2738,33,2948,40,0,0,1,63,5,125,0,13,1
08-26-20,Franklin,479,11,467,11,12,0,582,11,10326,347,10908,358,0,4,3,74,8,401,0,27,6
08-26-20,Gibson,1010,18,851,10,159,8,1098,22,9814,115,10912,137,0,13,2,159,16,838,0,45,13
08-26-20,Giles,448,4,445,4,3,0,542,5,6433,33,6975,38,0,14,0,24,4,410,0,30,14
08-26-20,Grainger,267,10,253,10,14,0,318,12,4408,84,4726,96,0,1,6,39,4,227,1,18,2
08-26-20,Greene,764,3,724,3,40,0,912,4,10955,88,11867,92,0,11,-8,148,11,605,1,56,17
08-26-20,Grundy,146,2,143,1,3,1,171,2,1813,14,1984,16,0,2,0,10,2,134,0,20,3
08-26-20,Hamblen,1663,12,1588,10,75,2,1813,11,16906,96,18719,107,0,20,-10,127,22,1516,0,81,23
08-26-20,Hamilton,7463,40,7341,38,122,2,8692,49,101714,635,110406,684,0,69,-36,618,76,6776,2,330,75
08-26-20,Hancock,98,0,90,0,8,0,105,0,1490,21,1595,21,0,2,0,5,0,91,0,11,2
08-26-20,Hardeman,1225,7,1175,6,50,1,1396,8,10845,36,12241,44,0,22,-23,115,30,1088,0,58,24
08-26-20,Hardin,665,12,571,11,94,1,748,13,8771,104,9519,117,0,9,1,126,11,530,0,23,12
08-26-20,Hawkins,647,5,634,5,13,0,745,2,7238,51,7983,53,0,12,-10,65,15,570,1,49,14
08-26-20,Haywood,762,8,728,6,34,2,814,11,4480,23,5294,34,0,10,-12,101,20,651,0,32,10
08-26-20,Henderson,826,8,678,5,148,3,1035,10,5929,38,6964,48,0,6,-5,110,13,710,0,31,10
08-26-20,Henry,426,7,418,7,8,0,506,8,7098,121,7604,129,0,4,0,89,7,333,0,31,5
08-26-20,Hickman,361,12,351,12,10,0,450,14,4920,26,5370,40,1,2,2,59,9,300,1,11,3
08-26-20,Houston,87,0,84,0,3,0,99,0,1451,4,1550,4,0,0,-2,14,2,73,0,9,0
08-26-20,Humphreys,157,2,145,2,12,0,180,2,3813,24,3993,26,0,3,2,11,0,143,0,4,3
08-26-20,Jackson,232,4,218,3,14,1,260,4,1855,38,2115,42,0,1,-6,48,10,183,0,12,2
08-26-20,Jefferson,762,7,680,6,82,1,803,7,12136,58,12939,65,0,6,-1,96,8,660,1,42,9
08-26-20,Johnson,400,1,397,1,3,0,437,1,4509,2,4946,3,0,1,-11,41,12,358,0,13,1
08-26-20,Knox,6323,75,6113,74,210,1,7000,91,93669,846,100669,937,0,51,-16,738,91,5534,3,274,56
08-26-20,Lake,818,0,816,0,2,0,1005,0,5029,31,6034,31,0,1,-2,21,2,796,0,6,1
08-26-20,Lauderdale,680,19,637,12,43,7,742,15,7912,90,8654,105,0,12,14,112,5,556,2,38,12
08-26-20,Lawrence,714,4,707,3,7,1,845,4,7887,63,8732,67,0,9,-11,76,15,629,0,29,9
08-26-20,Lewis,132,5,131,5,1,0,144,5,3013,23,3157,28,0,1,1,38,4,93,0,11,1
08-26-20,Lincoln,416,0,410,0,6,0,516,1,5709,18,6225,19,0,1,-4,48,4,367,0,16,1
08-26-20,Loudon,885,5,859,5,26,0,974,6,9198,77,10172,83,0,3,-7,100,12,782,0,28,4
08-26-20,Macon,906,2,897,2,9,0,1107,2,5444,71,6551,73,0,15,1,19,1,872,1,72,19
08-26-20,Madison,1708,40,1643,36,65,4,1903,41,19434,185,21337,226,0,34,-3,-44,43,1718,7,127,43
08-26-20,Marion,341,4,338,4,3,0,422,3,4212,22,4634,25,1,6,-4,50,7,285,0,30,6
08-26-20,Marshall,501,7,497,7,4,0,568,4,6470,45,7038,49,0,4,-2,134,9,363,0,17,4
08-26-20,Maury,1671,34,1660,34,11,0,1969,36,17849,227,19818,263,0,13,4,218,30,1440,1,64,15
08-26-20,McMinn,784,14,774,12,10,2,919,13,11579,136,12498,149,1,21,-5,130,18,633,0,49,23
08-26-20,McNairy,500,6,419,4,81,2,583,6,4793,66,5376,72,2,10,-6,67,10,423,0,28,12
08-26-20,Meigs,145,6,142,5,3,1,176,7,2197,14,2373,21,0,2,5,23,1,120,0,7,2
08-26-20,Monroe,708,16,685,10,23,6,797,10,7166,82,7963,92,1,13,10,149,5,546,0,52,14
08-26-20,Montgomery,2435,7,2372,6,63,1,2785,13,30480,195,33265,208,0,28,-17,195,24,2212,0,110,36
08-26-20,Moore,107,1,103,1,4,0,132,2,1500,16,1632,18,0,0,-2,11,3,96,0,1,0
08-26-20,Morgan,213,2,203,2,10,0,234,3,6280,50,6514,53,0,1,-4,43,6,169,0,5,2
08-26-20,Obion,798,9,783,8,15,1,885,10,7019,52,7904,62,0,6,-3,96,12,696,0,36,9
08-26-20,Out of State,1616,9,1591,9,25,0,1844,12,202616,1449,204460,1461,2,25,-7,81,14,1510,1,63,8
08-26-20,Overton,449,24,418,24,31,0,498,27,4989,131,5487,158,0,1,8,128,16,320,2,14,2
08-26-20,Pending,540,10,518,7,22,3,630,9,135912,862,136542,871,-1,4,2,68,9,468,0,7,1
08-26-20,Perry,101,2,92,2,9,0,112,1,2260,18,2372,19,0,0,1,10,1,91,0,5,0
08-26-20,Pickett,57,2,46,0,11,2,60,2,764,7,824,9,0,1,0,16,2,40,0,1,1
08-26-20,Polk,339,4,334,4,5,0,387,5,2855,17,3242,22,0,10,-5,46,9,283,0,17,9
08-26-20,Putnam,2194,48,2123,43,71,5,2669,63,21764,361,24433,424,2,26,7,295,39,1873,1,81,29
08-26-20,Rhea,624,6,622,6,2,0,747,6,7599,96,8346,102,0,2,3,46,3,576,0,17,5
08-26-20,Roane,588,8,570,8,18,0,715,9,13124,102,13839,111,0,2,2,61,6,525,0,23,2
08-26-20,Robertson,1818,7,1807,7,11,0,2228,8,13045,56,15273,64,0,25,-4,116,11,1677,0,135,31
08-26-20,Rutherford,7779,40,7750,40,29,0,9516,59,60874,671,70390,730,0,67,-29,475,69,7237,1,231,74
08-26-20,Scott,160,1,156,1,4,0,172,0,3056,23,3228,23,0,2,-4,12,5,146,0,11,2
08-26-20,Sequatchie,157,0,156,0,1,0,183,0,3630,18,3813,18,0,1,-3,14,3,142,0,9,1
08-26-20,Sevier,2192,10,2129,8,63,2,2446,10,19691,126,22137,136,0,11,-19,142,29,2039,1,79,14
08-26-20,Shelby,26835,192,26665,190,170,2,33026,251,288581,2016,321607,2267,4,374,-58,1676,246,24785,9,1978,431
08-26-20,Smith,533,1,519,1,14,0,648,2,4145,41,4793,43,0,8,-1,35,2,490,0,24,8
08-26-20,Stewart,94,0,93,0,1,0,117,0,2097,16,2214,16,0,0,0,8,0,86,0,5,0
08-26-20,Sullivan,1575,19,1497,19,78,0,1691,20,21089,129,22780,149,0,22,-10,348,29,1205,0,135,25
08-26-20,Sumner,4072,34,4047,33,25,1,4853,39,32762,317,37615,356,0,83,-1,278,35,3711,6,350,88
08-26-20,Tipton,1414,20,1368,20,46,0,1664,19,15932,107,17596,126,1,14,12,97,7,1303,1,82,18
08-26-20,Trousdale,1601,2,1598,2,3,0,1670,2,3755,18,5425,20,0,6,2,8,0,1587,1,20,6
08-26-20,Unicoi,212,0,209,0,3,0,243,0,4189,35,4432,35,0,1,-3,28,3,183,0,10,1
08-26-20,Union,225,2,216,2,9,0,245,2,3196,28,3441,30,0,1,-5,31,7,193,0,7,1
08-26-20,Van Buren,71,4,65,2,6,2,77,4,1015,23,1092,27,0,0,2,16,2,55,0,6,0
08-26-20,Warren,786,10,728,7,58,3,880,10,9716,120,10596,130,0,7,-4,149,14,630,0,14,7
08-26-20,Washington,1582,7,1541,7,41,0,1794,17,21315,103,23109,120,0,8,-12,184,19,1390,0,78,10
08-26-20,Wayne,284,5,278,5,6,0,314,5,4465,24,4779,29,0,2,1,36,4,246,0,14,3
08-26-20,Weakley,819,14,763,9,56,5,901,18,7708,147,8609,165,0,11,-5,175,19,633,1,24,13
08-26-20,White,498,15,467,9,31,6,583,18,6531,87,7114,105,0,7,8,145,7,346,0,23,7
08-26-20,Williamson,4197,36,4173,36,24,0,4985,41,50411,341,55396,382,0,27,-9,327,45,3843,1,107,31
08-26-20,Wilson,2767,14,2757,13,10,1,3324,18,28358,199,31682,217,1,31,-7,214,20,2522,0,97,34
08-25-20,Anderson,875,8,856,8,19,0,1026,8,18596,140,19622,148,0,8,-2,106,10,761,1,36,8
08-25-20,Bedford,1070,5,1032,5,38,0,1273,5,9391,172,10664,177,0,14,-5,94,10,962,0,44,14
08-25-20,Benton,231,6,224,6,7,0,249,7,3154,84,3403,91,1,4,-1,43,6,184,0,17,4
08-25-20,Bledsoe,782,1,779,1,3,0,816,2,5469,33,6285,35,0,3,-5,21,6,758,0,17,4
08-25-20,Blount,1883,9,1845,8,38,1,2198,10,19516,234,21714,244,1,16,-26,250,34,1617,1,92,17
08-25-20,Bradley,2439,27,2379,26,60,1,2914,35,18686,540,21600,575,0,16,-6,225,33,2198,1,137,17
08-25-20,Campbell,332,4,314,3,18,1,371,3,7661,53,8032,56,0,2,-1,37,5,293,0,17,3
08-25-20,Cannon,190,0,179,0,11,0,236,0,2603,15,2839,15,0,0,-1,19,1,171,0,6,0
08-25-20,Carroll,501,9,443,8,58,1,546,10,6605,203,7151,213,1,7,-4,128,12,366,0,33,9
08-25-20,Carter,845,29,809,28,36,1,937,36,11123,375,12060,411,2,16,17,143,10,686,1,64,18
08-25-20,Cheatham,697,6,691,6,6,0,851,6,7970,125,8821,131,0,10,1,58,5,629,0,27,10
08-25-20,Chester,376,3,330,3,46,0,419,4,3614,126,4033,130,0,4,1,82,2,290,0,15,4
08-25-20,Claiborne,340,1,317,0,23,1,379,1,7229,92,7608,93,1,3,-3,28,3,309,0,17,4
08-25-20,Clay,114,0,108,0,6,0,121,0,1887,20,2008,20,0,0,-2,14,2,100,0,4,1
08-25-20,Cocke,630,7,597,7,33,0,677,9,5948,88,6625,97,0,6,-3,71,10,553,0,29,7
08-25-20,Coffee,706,21,656,19,50,2,863,24,12445,246,13308,270,0,6,12,119,9,581,2,25,7
08-25-20,Crockett,367,2,338,2,29,0,398,2,2211,15,2609,17,1,13,-4,42,5,312,0,18,17
08-25-20,Cumberland,784,37,772,35,12,2,956,40,16456,225,17412,265,0,8,28,216,9,560,1,41,9
08-25-20,Davidson,23894,154,23795,154,99,0,29966,233,242246,3813,272212,4046,3,249,-5,1177,156,22468,4,1025,264
08-25-20,Decatur,280,7,217,6,63,1,314,8,3689,19,4003,27,0,4,1,36,6,240,0,7,4
08-25-20,Dekalb,408,4,400,4,8,0,514,6,5657,30,6171,36,0,5,-6,42,10,361,1,19,5
08-25-20,Dickson,882,10,822,9,60,1,1106,14,10316,169,11422,183,0,8,-6,99,16,775,1,47,9
08-25-20,Dyer,890,6,841,5,49,1,968,8,7407,62,8375,70,0,9,0,140,6,741,0,49,10
08-25-20,Fayette,906,20,892,20,14,0,1157,23,12096,102,13253,125,0,10,6,98,14,798,1,70,15
08-25-20,Fentress,182,20,165,16,17,4,203,20,2705,49,2908,69,0,0,15,62,5,120,2,13,1
08-25-20,Franklin,468,20,456,20,12,0,571,24,9979,395,10550,419,0,4,9,71,11,393,1,27,6
08-25-20,Gibson,992,10,841,10,151,0,1076,10,9699,98,10775,108,0,13,-4,157,14,822,0,45,13
08-25-20,Giles,444,1,441,1,3,0,537,1,6400,52,6937,53,0,14,-2,24,3,406,0,30,14
08-25-20,Grainger,257,5,243,5,14,0,306,6,4324,119,4630,125,0,1,5,33,0,223,0,17,2
08-25-20,Greene,761,20,721,18,40,2,908,26,10867,228,11775,254,1,11,8,156,11,594,2,55,16
08-25-20,Grundy,144,1,142,0,2,1,169,1,1799,37,1968,38,0,2,-1,10,2,132,0,20,3
08-25-20,Hamblen,1651,22,1578,21,73,1,1802,23,16810,412,18612,435,2,20,13,137,7,1494,0,81,23
08-25-20,Hamilton,7423,166,7303,164,120,2,8643,187,101079,3168,109722,3355,4,69,61,654,101,6700,2,328,72
08-25-20,Hancock,98,1,90,1,8,0,105,0,1469,25,1574,25,0,2,0,5,1,91,0,11,2
08-25-20,Hardeman,1218,11,1169,11,49,0,1388,13,10809,47,12197,60,0,22,-17,138,28,1058,1,58,24
08-25-20,Hardin,653,20,560,16,93,4,735,19,8667,64,9402,83,1,9,13,125,6,519,1,23,11
08-25-20,Hawkins,642,3,629,3,13,0,743,6,7187,134,7930,140,0,12,-15,75,18,555,0,48,13
08-25-20,Haywood,754,3,722,2,32,1,803,4,4457,32,5260,36,0,10,-17,113,20,631,0,32,10
08-25-20,Henderson,818,10,673,9,145,1,1025,14,5891,44,6916,58,0,6,0,115,10,697,0,31,10
08-25-20,Henry,419,7,411,7,8,0,498,8,6977,51,7475,59,0,4,0,89,7,326,1,31,5
08-25-20,Hickman,349,12,339,12,10,0,436,12,4894,127,5330,139,0,1,8,57,4,291,0,10,3
08-25-20,Houston,87,5,84,5,3,0,99,5,1447,10,1546,15,0,0,2,16,3,71,0,9,0
08-25-20,Humphreys,155,2,143,2,12,0,178,2,3789,35,3967,37,0,3,-2,9,4,143,0,4,3
08-25-20,Jackson,228,5,215,2,13,3,256,4,1817,21,2073,25,0,1,3,54,2,173,0,12,2
08-25-20,Jefferson,755,15,674,11,81,4,796,12,12078,394,12874,406,0,6,8,97,7,652,0,41,9
08-25-20,Johnson,399,8,396,8,3,0,436,8,4507,47,4943,55,0,1,-6,52,14,346,0,13,1
08-25-20,Knox,6248,80,6039,75,209,5,6909,85,92823,842,99732,927,2,51,-10,754,88,5443,3,271,55
08-25-20,Lake,818,1,816,1,2,0,1005,1,4998,40,6003,41,0,1,0,23,1,794,0,6,1
08-25-20,Lauderdale,661,25,625,25,36,0,727,27,7822,176,8549,203,0,12,15,98,10,551,0,36,12
08-25-20,Lawrence,710,10,704,10,6,0,841,11,7824,103,8665,114,1,9,1,87,8,614,0,29,9
08-25-20,Lewis,127,0,126,0,1,0,139,0,2990,20,3129,20,0,1,-4,37,4,89,0,11,1
08-25-20,Lincoln,416,6,410,5,6,1,515,8,5691,115,6206,123,0,1,2,52,4,363,0,16,1
08-25-20,Loudon,880,14,854,13,26,1,968,12,9121,108,10089,120,0,3,11,107,3,770,1,28,4
08-25-20,Macon,904,0,895,0,9,0,1105,0,5373,25,6478,25,1,15,-4,18,3,871,0,71,19
08-25-20,Madison,1668,25,1607,19,61,6,1862,26,19249,205,21111,231,3,34,-21,-41,43,1675,2,120,40
08-25-20,Marion,337,5,334,5,3,0,419,10,4190,62,4609,72,0,5,-6,54,11,278,2,30,6
08-25-20,Marshall,494,14,490,14,4,0,564,14,6425,140,6989,154,0,4,5,136,9,354,0,17,4
08-25-20,Maury,1637,22,1626,20,11,2,1933,21,17622,408,19555,429,2,13,5,214,15,1410,0,63,14
08-25-20,McMinn,770,11,762,11,8,0,906,13,11443,172,12349,185,0,20,1,135,10,615,0,49,23
08-25-20,McNairy,494,6,415,5,79,1,577,7,4727,36,5304,43,0,8,2,73,4,413,0,28,12
08-25-20,Meigs,139,4,137,4,2,0,169,3,2183,24,2352,27,0,2,4,18,0,119,1,7,2
08-25-20,Monroe,692,34,675,31,17,3,787,32,7084,109,7871,141,2,12,16,139,16,541,0,52,14
08-25-20,Montgomery,2428,29,2366,26,62,3,2772,31,30285,278,33057,309,1,28,-2,212,30,2188,1,110,35
08-25-20,Moore,106,1,102,1,4,0,130,2,1484,82,1614,84,0,0,-1,13,2,93,0,1,0
08-25-20,Morgan,211,3,201,3,10,0,231,0,6230,162,6461,162,0,1,1,47,2,163,0,5,2
08-25-20,Obion,789,8,775,8,14,0,875,8,6967,71,7842,79,1,6,-6,99,13,684,0,36,9
08-25-20,Out of State,1607,19,1582,17,25,2,1832,22,201167,2703,202999,2725,1,23,3,88,15,1496,1,62,8
08-25-20,Overton,425,12,394,9,31,3,471,16,4858,69,5329,85,0,1,7,120,5,304,0,12,1
08-25-20,Pending,530,10,511,8,19,2,621,10,135050,1320,135671,1330,-1,5,1,66,10,459,0,7,1
08-25-20,Perry,99,2,90,2,9,0,111,3,2242,26,2353,29,0,0,2,9,0,90,0,5,0
08-25-20,Pickett,55,7,46,5,9,2,58,8,757,3,815,11,0,1,7,16,0,38,1,1,1
08-25-20,Polk,335,5,330,5,5,0,382,5,2838,128,3220,133,0,10,1,51,4,274,1,17,9
08-25-20,Putnam,2146,51,2080,40,66,11,2606,61,21403,243,24009,304,1,24,20,288,30,1834,1,80,28
08-25-20,Rhea,618,4,616,4,2,0,741,6,7503,79,8244,85,0,2,-3,43,7,573,0,17,5
08-25-20,Roane,580,10,562,10,18,0,706,13,13022,215,13728,228,0,2,7,59,3,519,0,23,2
08-25-20,Robertson,1811,5,1800,5,11,0,2220,7,12989,284,15209,291,0,25,-7,120,12,1666,1,135,30
08-25-20,Rutherford,7739,90,7710,85,29,5,9457,108,60203,795,69660,903,3,67,11,504,76,7168,2,230,72
08-25-20,Scott,159,1,155,1,4,0,172,1,3033,30,3205,31,0,2,0,16,1,141,0,11,2
08-25-20,Sequatchie,157,0,156,0,1,0,183,0,3612,24,3795,24,0,1,-2,17,2,139,0,9,1
08-25-20,Sevier,2182,21,2121,21,61,0,2436,28,19565,296,22001,324,0,11,-1,161,22,2010,0,78,14
08-25-20,Shelby,26643,166,26475,151,168,15,32775,204,286565,3103,319340,3307,1,370,-48,1734,213,24539,18,1969,428
08-25-20,Smith,532,4,518,4,14,0,646,8,4104,66,4750,74,0,8,-1,36,5,488,1,24,8
08-25-20,Stewart,94,1,93,1,1,0,117,1,2081,11,2198,12,0,0,1,8,0,86,0,5,0
08-25-20,Sullivan,1556,21,1478,20,78,1,1671,21,20960,437,22631,458,0,22,11,358,10,1176,4,135,24
08-25-20,Sumner,4038,35,4014,34,24,1,4814,39,32445,463,37259,502,1,83,-9,279,43,3676,1,344,88
08-25-20,Tipton,1394,14,1348,8,46,6,1645,16,15825,106,17470,122,0,13,0,85,14,1296,0,81,16
08-25-20,Trousdale,1599,0,1596,0,3,0,1668,0,3737,50,5405,50,0,6,0,6,0,1587,0,19,6
08-25-20,Unicoi,212,2,209,2,3,0,243,4,4154,132,4397,136,0,1,0,31,2,180,0,10,1
08-25-20,Union,223,3,214,3,9,0,243,4,3168,35,3411,39,0,1,-2,36,5,186,0,7,1
08-25-20,Van Buren,67,0,63,0,4,0,73,0,992,17,1065,17,0,0,-2,14,2,53,0,6,0
08-25-20,Warren,776,27,721,25,55,2,870,30,9596,133,10466,163,0,7,17,153,10,616,0,14,7
08-25-20,Washington,1575,30,1534,30,41,0,1777,29,21212,471,22989,500,1,8,13,196,16,1371,1,78,10
08-25-20,Wayne,279,7,273,6,6,1,309,9,4441,30,4750,39,0,2,3,35,4,242,0,14,2
08-25-20,Weakley,805,18,754,18,51,0,883,21,7561,78,8444,99,2,11,-12,180,28,614,0,23,13
08-25-20,White,483,40,458,33,25,7,565,44,6444,155,7009,199,0,7,26,137,14,339,2,23,7
08-25-20,Williamson,4161,27,4137,25,24,2,4944,33,50070,685,55014,718,0,27,-19,336,46,3798,0,106,31
08-25-20,Wilson,2753,40,2744,40,9,0,3306,41,28159,374,31465,415,0,30,15,221,25,2502,0,97,34
08-24-20,Anderson,867,1,848,0,19,1,1018,0,18456,56,19474,56,0,8,-19,108,20,751,0,35,8
08-24-20,Bedford,1065,8,1027,8,38,0,1268,9,9219,127,10487,136,0,14,-2,99,10,952,0,44,14
08-24-20,Benton,225,1,218,1,7,0,242,1,3070,8,3312,9,0,3,-11,44,12,178,0,17,4
08-24-20,Bledsoe,781,0,778,0,3,0,814,1,5436,8,6250,9,0,3,-6,26,6,752,0,17,4
08-24-20,Blount,1874,19,1837,19,37,0,2188,23,19282,64,21470,87,0,15,-20,276,39,1583,1,91,17
08-24-20,Bradley,2412,3,2353,2,59,1,2879,2,18146,47,21025,49,0,16,-46,231,49,2165,1,136,17
08-24-20,Campbell,328,2,311,1,17,1,368,3,7608,16,7976,19,0,2,-6,38,8,288,0,17,3
08-24-20,Cannon,190,1,179,1,11,0,236,2,2588,3,2824,5,0,0,1,20,0,170,0,6,0
08-24-20,Carroll,492,5,435,4,57,1,536,4,6402,14,6938,18,0,6,-8,132,13,354,0,33,9
08-24-20,Carter,816,6,781,5,35,1,901,4,10748,11,11649,15,0,14,-26,126,32,676,0,63,17
08-24-20,Cheatham,691,1,685,1,6,0,845,1,7845,22,8690,23,0,10,-6,57,7,624,0,27,10
08-24-20,Chester,373,8,327,8,46,0,415,16,3488,7,3903,23,0,4,0,81,8,288,1,15,4
08-24-20,Claiborne,339,1,317,0,22,1,378,2,7137,13,7515,15,0,2,-11,31,12,306,0,17,4
08-24-20,Clay,114,0,108,0,6,0,121,0,1867,4,1988,4,0,0,-5,16,5,98,0,4,1
08-24-20,Cocke,623,5,590,5,33,0,668,6,5860,15,6528,21,0,6,-11,74,16,543,0,29,6
08-24-20,Coffee,685,3,637,1,48,2,839,2,12199,37,13038,39,1,6,-9,107,11,572,0,23,7
08-24-20,Crockett,365,4,336,4,29,0,396,4,2196,2,2592,6,0,12,0,46,4,307,0,18,16
08-24-20,Cumberland,747,2,737,0,10,2,916,1,16231,32,17147,33,1,8,-28,188,29,551,0,40,9
08-24-20,Davidson,23740,33,23641,33,99,0,29733,40,238433,740,268166,780,1,246,-202,1182,234,22312,0,1021,262
08-24-20,Decatur,273,0,211,0,62,0,306,0,3670,2,3976,2,0,4,-5,35,5,234,0,7,4
08-24-20,Dekalb,404,2,396,0,8,2,508,3,5627,13,6135,16,0,5,-3,48,5,351,0,18,5
08-24-20,Dickson,872,11,813,9,59,2,1092,11,10147,49,11239,60,1,8,-3,105,13,759,2,46,9
08-24-20,Dyer,884,4,836,3,48,1,960,2,7345,17,8305,19,0,9,-6,140,10,735,0,49,10
08-24-20,Fayette,886,2,872,2,14,0,1134,2,11994,39,13128,41,0,10,-8,92,10,784,0,69,15
08-24-20,Fentress,162,8,149,1,13,7,183,8,2656,12,2839,20,0,0,3,47,5,115,0,11,1
08-24-20,Franklin,448,3,436,3,12,0,547,4,9584,20,10131,24,0,4,-7,62,10,382,0,26,5
08-24-20,Gibson,982,2,831,1,151,1,1066,0,9601,16,10667,16,1,13,-19,161,20,808,0,45,13
08-24-20,Giles,443,2,440,2,3,0,536,3,6348,34,6884,37,0,14,-6,26,8,403,0,30,14
08-24-20,Grainger,252,0,238,0,14,0,300,0,4205,16,4505,16,0,1,-3,28,3,223,0,17,2
08-24-20,Greene,741,9,703,9,38,0,882,19,10639,145,11521,164,0,10,-22,148,31,583,2,53,15
08-24-20,Grundy,143,0,142,0,1,0,168,0,1762,0,1930,0,0,2,-5,11,5,130,0,20,3
08-24-20,Hamblen,1629,8,1557,7,72,1,1779,11,16398,39,18177,50,0,18,-8,124,16,1487,0,81,23
08-24-20,Hamilton,7257,31,7139,31,118,0,8456,31,97911,293,106367,324,4,65,-83,593,110,6599,2,326,72
08-24-20,Hancock,97,0,89,0,8,0,105,0,1444,2,1549,2,0,2,0,5,0,90,0,11,2
08-24-20,Hardeman,1207,0,1158,0,49,0,1375,1,10762,8,12137,9,0,22,-20,155,20,1030,0,57,24
08-24-20,Hardin,633,4,544,3,89,1,716,4,8603,16,9319,20,0,8,-4,112,8,513,0,22,11
08-24-20,Hawkins,639,1,626,1,13,0,737,2,7053,15,7790,17,0,12,-15,90,16,537,1,48,13
08-24-20,Haywood,751,2,720,2,31,0,799,2,4425,10,5224,12,0,10,-34,130,36,611,0,32,10
08-24-20,Henderson,808,5,664,4,144,1,1011,5,5847,17,6858,22,0,6,-10,115,15,687,0,31,9
08-24-20,Henry,412,3,404,3,8,0,490,3,6926,14,7416,17,0,4,-2,89,5,319,0,30,4
08-24-20,Hickman,337,0,327,0,10,0,424,0,4767,23,5191,23,0,1,-6,49,6,287,0,10,2
08-24-20,Houston,82,0,79,0,3,0,94,0,1437,1,1531,1,0,0,-1,14,1,68,0,9,0
08-24-20,Humphreys,153,2,141,2,12,0,176,2,3754,9,3930,11,0,3,0,11,2,139,0,4,3
08-24-20,Jackson,223,1,213,0,10,1,252,1,1796,2,2048,3,0,1,-7,51,8,171,0,12,2
08-24-20,Jefferson,740,5,663,4,77,1,784,4,11684,30,12468,34,1,6,-13,89,17,645,0,41,7
08-24-20,Johnson,391,1,388,1,3,0,428,0,4460,1,4888,1,0,1,-8,58,9,332,0,13,1
08-24-20,Knox,6168,32,5964,28,204,4,6824,29,91981,308,98805,337,0,49,-69,764,101,5355,1,268,55
08-24-20,Lake,817,2,815,2,2,0,1004,2,4958,6,5962,8,0,1,1,23,1,793,0,6,1
08-24-20,Lauderdale,636,8,600,3,36,5,700,4,7646,15,8346,19,0,12,-4,83,12,541,0,36,12
08-24-20,Lawrence,700,9,694,9,6,0,830,7,7721,26,8551,33,0,8,-5,86,14,606,0,29,9
08-24-20,Lewis,127,1,126,0,1,1,139,0,2970,3,3109,3,0,1,-2,41,3,85,1,11,1
08-24-20,Lincoln,410,0,405,0,5,0,507,0,5576,4,6083,4,0,1,-5,50,5,359,0,16,1
08-24-20,Loudon,866,6,841,5,25,1,956,5,9013,29,9969,34,0,3,-10,96,16,767,0,27,4
08-24-20,Macon,904,3,895,3,9,0,1105,3,5348,6,6453,9,0,14,0,22,3,868,0,71,19
08-24-20,Madison,1643,11,1588,11,55,0,1836,13,19044,37,20880,50,0,31,-28,-20,39,1632,1,118,40
08-24-20,Marion,332,1,329,1,3,0,409,2,4128,9,4537,11,0,5,-4,60,5,267,0,28,6
08-24-20,Marshall,480,1,476,1,4,0,550,2,6285,22,6835,24,0,4,-15,131,16,345,0,17,4
08-24-20,Maury,1615,8,1606,8,9,0,1912,9,17214,62,19126,71,0,11,-20,209,28,1395,0,63,14
08-24-20,McMinn,759,5,751,5,8,0,893,5,11271,15,12164,20,0,20,-8,134,13,605,0,49,23
08-24-20,McNairy,488,2,410,0,78,2,570,3,4691,19,5261,22,1,8,-12,71,13,409,0,28,12
08-24-20,Meigs,135,0,133,0,2,0,166,1,2159,4,2325,5,0,2,-1,14,1,119,0,6,2
08-24-20,Monroe,658,12,644,12,14,0,755,14,6975,26,7730,40,0,10,0,123,12,525,2,52,14
08-24-20,Montgomery,2399,12,2340,2,59,10,2741,3,30007,60,32748,63,3,27,-25,214,34,2158,1,109,35
08-24-20,Moore,105,1,101,0,4,1,128,1,1402,5,1530,6,0,0,-1,14,2,91,0,1,0
08-24-20,Morgan,208,1,198,0,10,1,231,1,6068,15,6299,16,0,1,-2,46,3,161,0,5,2
08-24-20,Obion,781,2,767,2,14,0,867,2,6896,17,7763,19,0,5,-20,105,22,671,0,36,7
08-24-20,Out of State,1588,13,1565,13,23,0,1810,15,198464,690,200274,705,1,22,-17,85,29,1481,0,61,7
08-24-20,Overton,413,11,385,1,28,10,455,13,4789,18,5244,31,0,1,-9,113,20,299,0,12,1
08-24-20,Pending,520,6,503,3,17,3,611,6,133730,337,134341,343,1,6,-9,65,14,449,0,7,1
08-24-20,Perry,97,0,88,0,9,0,108,0,2216,2,2324,2,0,0,-2,7,2,90,0,5,0
08-24-20,Pickett,48,3,41,0,7,3,50,3,754,4,804,7,0,1,3,9,0,38,0,0,1
08-24-20,Polk,330,0,325,0,5,0,377,0,2710,10,3087,10,0,10,-4,50,4,270,0,16,9
08-24-20,Putnam,2095,26,2040,7,55,19,2545,28,21160,26,23705,54,0,23,-18,268,44,1804,0,79,28
08-24-20,Rhea,614,4,612,4,2,0,735,5,7424,30,8159,35,0,2,-8,46,12,566,0,17,5
08-24-20,Roane,570,2,552,2,18,0,693,2,12807,35,13500,37,0,2,-10,52,12,516,0,23,2
08-24-20,Robertson,1806,6,1795,3,11,3,2213,4,12705,105,14918,109,0,25,-9,127,15,1654,0,134,30
08-24-20,Rutherford,7649,26,7625,22,24,4,9349,32,59408,254,68757,286,0,64,-55,493,81,7092,1,228,71
08-24-20,Scott,158,1,154,0,4,1,171,0,3003,10,3174,10,0,2,-2,16,3,140,0,11,2
08-24-20,Sequatchie,157,0,156,0,1,0,183,0,3588,17,3771,17,0,1,-2,19,2,137,0,9,1
08-24-20,Sevier,2161,3,2100,3,61,0,2408,6,19269,72,21677,78,0,11,-23,162,26,1988,1,78,13
08-24-20,Shelby,26477,121,26324,119,153,2,32571,151,283462,1389,316033,1540,0,369,-139,1782,260,24326,12,1951,426
08-24-20,Smith,528,3,514,0,14,3,638,3,4038,6,4676,9,0,8,0,37,3,483,0,23,8
08-24-20,Stewart,93,2,92,1,1,1,116,1,2070,9,2186,10,0,0,1,7,1,86,0,5,0
08-24-20,Sullivan,1535,17,1458,17,77,0,1650,16,20523,69,22173,85,0,22,0,347,17,1166,2,131,23
08-24-20,Sumner,4003,14,3980,12,23,2,4775,13,31982,131,36757,144,0,82,-21,288,35,3633,2,343,85
08-24-20,Tipton,1380,5,1340,5,40,0,1629,8,15719,60,17348,68,0,13,-8,85,13,1282,2,81,16
08-24-20,Trousdale,1599,0,1596,0,3,0,1668,0,3687,3,5355,3,0,6,-1,6,1,1587,0,19,6
08-24-20,Unicoi,210,1,207,1,3,0,239,1,4022,2,4261,3,0,1,-3,31,4,178,1,10,1
08-24-20,Union,220,1,211,1,9,0,239,1,3133,11,3372,12,1,1,-3,38,3,181,0,7,1
08-24-20,Van Buren,67,5,63,2,4,3,73,5,975,7,1048,12,0,0,1,16,4,51,2,6,0
08-24-20,Warren,749,5,696,3,53,2,840,7,9463,13,10303,20,0,7,-14,136,19,606,1,14,7
08-24-20,Washington,1545,10,1504,10,41,0,1748,8,20741,26,22489,34,1,7,-19,183,28,1355,1,77,9
08-24-20,Wayne,272,2,267,2,5,0,300,3,4411,1,4711,4,0,2,2,32,0,238,0,14,2
08-24-20,Weakley,787,3,736,3,51,0,862,3,7483,19,8345,22,2,9,-17,192,18,586,0,23,13
08-24-20,White,443,8,425,4,18,4,521,8,6289,59,6810,67,0,7,-3,111,11,325,0,21,7
08-24-20,Williamson,4134,16,4112,16,22,0,4911,16,49385,212,54296,228,0,27,-40,355,56,3752,0,106,31
08-24-20,Wilson,2713,5,2704,5,9,0,3265,5,27785,81,31050,86,1,30,-36,206,40,2477,0,97,34
08-23-20,Anderson,866,1,848,1,18,0,1018,2,18400,80,19418,82,0,8,-5,127,6,731,0,35,8
08-23-20,Bedford,1057,16,1019,12,38,4,1259,17,9092,135,10351,152,0,14,12,101,4,942,0,44,14
08-23-20,Benton,224,0,217,0,7,0,241,0,3062,12,3303,12,0,3,-2,55,2,166,0,17,4
08-23-20,Bledsoe,781,3,778,3,3,0,813,3,5428,48,6241,51,0,3,1,32,2,746,0,17,4
08-23-20,Blount,1855,7,1818,5,37,2,2165,4,19218,79,21383,83,0,15,-14,296,21,1544,1,90,16
08-23-20,Bradley,2409,25,2351,24,58,1,2877,30,18099,517,20976,547,0,16,10,277,15,2116,0,135,17
08-23-20,Campbell,326,1,310,0,16,1,365,0,7592,172,7957,172,0,2,-1,44,2,280,1,17,2
08-23-20,Cannon,189,0,178,0,11,0,234,0,2585,6,2819,6,0,0,-3,19,3,170,0,6,0
08-23-20,Carroll,487,7,431,7,56,0,532,6,6388,41,6920,47,0,6,3,140,4,341,2,33,8
08-23-20,Carter,810,7,776,6,34,1,897,6,10737,21,11634,27,0,14,1,152,6,644,0,63,14
08-23-20,Cheatham,690,3,684,3,6,0,844,4,7823,66,8667,70,0,10,-2,63,5,617,0,27,10
08-23-20,Chester,365,5,319,3,46,2,399,5,3481,16,3880,21,0,4,0,81,5,280,0,14,4
08-23-20,Claiborne,338,2,317,2,21,0,376,2,7124,38,7500,40,0,2,-1,42,3,294,0,17,4
08-23-20,Clay,114,1,108,1,6,0,121,1,1863,2,1984,3,0,0,0,21,1,93,0,4,1
08-23-20,Cocke,618,5,585,3,33,2,662,4,5845,29,6507,33,0,6,-1,85,6,527,0,29,6
08-23-20,Coffee,682,4,636,3,46,1,837,6,12162,67,12999,73,0,5,-6,116,10,561,0,23,6
08-23-20,Crockett,361,6,332,6,29,0,392,5,2194,18,2586,23,0,12,5,46,1,303,0,18,16
08-23-20,Cumberland,745,3,737,3,8,0,915,2,16199,29,17114,31,0,7,-5,216,8,522,2,40,9
08-23-20,Davidson,23707,66,23608,66,99,0,29693,79,237693,1299,267386,1378,0,245,-52,1384,118,22078,3,1021,260
08-23-20,Decatur,273,3,211,3,62,0,306,3,3668,50,3974,53,0,4,-2,40,5,229,0,7,4
08-23-20,Dekalb,402,2,396,2,6,0,505,1,5614,29,6119,30,0,5,1,51,1,346,0,18,5
08-23-20,Dickson,861,7,804,2,57,5,1081,7,10098,105,11179,112,0,7,0,108,7,746,0,44,9
08-23-20,Dyer,880,9,833,9,47,0,958,11,7328,33,8286,44,0,9,4,146,5,725,0,49,10
08-23-20,Fayette,884,9,870,9,14,0,1132,11,11955,76,13087,87,0,10,5,100,4,774,1,69,15
08-23-20,Fentress,154,3,148,3,6,0,175,4,2644,11,2819,15,0,0,1,44,2,110,1,11,1
08-23-20,Franklin,445,3,433,3,12,0,543,2,9564,151,10107,153,0,4,0,69,3,372,0,26,5
08-23-20,Gibson,980,15,830,15,150,0,1066,15,9585,56,10651,71,0,12,2,180,13,788,0,45,13
08-23-20,Giles,441,0,438,0,3,0,533,1,6314,19,6847,20,0,14,-6,32,6,395,0,30,14
08-23-20,Grainger,252,3,238,3,14,0,300,3,4189,142,4489,145,0,1,0,31,3,220,0,17,1
08-23-20,Greene,732,9,694,9,38,0,863,1,10494,24,11357,25,0,10,-4,170,13,552,2,51,14
08-23-20,Grundy,143,1,142,1,1,0,168,1,1762,10,1930,11,0,2,-1,16,2,125,1,20,3
08-23-20,Hamblen,1621,2,1550,2,71,0,1768,1,16359,34,18127,35,0,18,-7,132,9,1471,1,81,23
08-23-20,Hamilton,7226,37,7108,36,118,1,8425,38,97618,2133,106043,2171,0,61,-49,676,86,6489,1,324,72
08-23-20,Hancock,97,0,89,0,8,0,105,0,1442,3,1547,3,0,2,0,5,0,90,0,11,2
08-23-20,Hardeman,1207,11,1158,11,49,0,1374,11,10754,43,12128,54,0,22,8,175,3,1010,0,57,24
08-23-20,Hardin,629,5,541,2,88,3,712,6,8587,32,9299,38,0,8,3,116,2,505,0,22,11
08-23-20,Hawkins,638,4,625,4,13,0,735,5,7038,29,7773,34,0,12,-7,105,11,521,1,47,13
08-23-20,Haywood,749,6,718,6,31,0,797,9,4415,12,5212,21,0,10,-7,164,13,575,0,32,10
08-23-20,Henderson,803,2,660,2,143,0,1006,2,5830,18,6836,20,0,6,-2,125,4,672,0,31,9
08-23-20,Henry,409,1,401,1,8,0,487,0,6912,30,7399,30,0,4,-4,91,5,314,0,30,4
08-23-20,Hickman,337,1,327,0,10,1,424,1,4744,31,5168,32,0,1,-6,55,7,281,0,10,1
08-23-20,Houston,82,1,79,0,3,1,94,1,1436,6,1530,7,0,0,0,15,1,67,0,9,0
08-23-20,Humphreys,151,1,139,1,12,0,174,1,3745,9,3919,10,0,3,-1,11,2,137,0,4,3
08-23-20,Jackson,222,3,213,3,9,0,251,3,1794,11,2045,14,0,1,3,58,0,163,0,12,2
08-23-20,Jefferson,735,13,659,12,76,1,780,14,11654,39,12434,53,0,5,9,102,4,628,2,41,7
08-23-20,Johnson,390,1,387,1,3,0,428,1,4459,3,4887,4,0,1,-6,66,7,323,0,13,1
08-23-20,Knox,6136,77,5936,75,200,2,6795,75,91673,525,98468,600,0,49,14,833,63,5254,3,267,55
08-23-20,Lake,815,4,813,4,2,0,1002,4,4952,24,5954,28,0,1,4,22,0,792,0,6,1
08-23-20,Lauderdale,628,7,597,7,31,0,696,8,7631,103,8327,111,0,12,3,87,4,529,0,36,12
08-23-20,Lawrence,691,2,685,2,6,0,823,2,7695,38,8518,40,0,8,-3,91,5,592,0,29,9
08-23-20,Lewis,126,2,126,2,0,0,139,2,2967,10,3106,12,0,1,1,43,1,82,0,10,1
08-23-20,Lincoln,410,2,405,2,5,0,507,1,5572,63,6079,64,0,1,-2,55,4,354,0,16,1
08-23-20,Loudon,860,7,836,7,24,0,951,8,8984,39,9935,47,0,3,3,106,4,751,0,27,4
08-23-20,Macon,901,0,892,0,9,0,1102,0,5342,10,6444,10,0,14,-2,22,2,865,0,71,18
08-23-20,Madison,1632,19,1577,16,55,3,1823,21,19007,137,20830,158,0,31,3,8,16,1593,1,117,39
08-23-20,Marion,331,3,328,3,3,0,407,3,4119,25,4526,28,0,5,1,64,2,262,1,28,6
08-23-20,Marshall,479,17,475,16,4,1,548,16,6263,39,6811,55,0,4,13,146,4,329,1,17,4
08-23-20,Maury,1607,19,1598,18,9,1,1903,22,17152,137,19055,159,0,11,5,229,14,1367,1,63,13
08-23-20,McMinn,754,11,746,11,8,0,888,12,11256,109,12144,121,0,20,6,142,5,592,1,49,23
08-23-20,McNairy,486,7,410,6,76,1,567,7,4672,17,5239,24,0,7,4,83,3,396,0,28,11
08-23-20,Meigs,135,0,133,0,2,0,165,0,2155,11,2320,11,0,2,-2,15,2,118,0,6,2
08-23-20,Monroe,646,4,632,4,14,0,741,4,6949,28,7690,32,0,10,-4,123,8,513,0,50,13
08-23-20,Montgomery,2387,15,2338,14,49,1,2738,17,29947,313,32685,330,0,24,-5,239,20,2124,0,108,34
08-23-20,Moore,104,2,101,2,3,0,127,4,1397,103,1524,107,0,0,0,15,2,89,0,1,0
08-23-20,Morgan,207,1,198,1,9,0,230,2,6053,18,6283,20,0,1,-1,48,2,158,0,5,2
08-23-20,Obion,779,9,765,9,14,0,865,10,6879,44,7744,54,0,5,0,125,9,649,1,36,6
08-23-20,Out of State,1575,6,1552,4,23,2,1795,5,197774,729,199569,734,0,21,-5,102,11,1452,0,61,7
08-23-20,Overton,402,3,384,3,18,0,442,3,4771,10,5213,13,0,1,-1,122,4,279,0,12,1
08-23-20,Pending,514,4,500,4,14,0,605,6,133393,633,133998,639,-1,5,-5,74,10,435,0,7,1
08-23-20,Perry,97,1,88,0,9,1,108,1,2214,4,2322,5,0,0,-1,9,2,88,0,5,0
08-23-20,Pickett,45,0,41,0,4,0,47,1,750,0,797,1,0,1,-1,6,1,38,0,0,1
08-23-20,Polk,330,5,325,5,5,0,377,5,2700,214,3077,219,0,10,3,54,2,266,0,16,9
08-23-20,Putnam,2069,6,2033,6,36,0,2517,7,21134,65,23651,72,0,23,-12,286,18,1760,0,79,26
08-23-20,Rhea,610,1,608,1,2,0,730,1,7394,54,8124,55,0,2,-4,54,5,554,0,17,5
08-23-20,Roane,568,1,550,1,18,0,691,2,12772,39,13463,41,0,2,-9,62,10,504,0,23,2
08-23-20,Robertson,1800,1,1792,1,8,0,2209,1,12600,42,14809,43,0,25,-9,136,10,1639,0,134,30
08-23-20,Rutherford,7623,27,7603,26,20,1,9317,28,59154,324,68471,352,0,64,-26,548,53,7011,0,227,69
08-23-20,Scott,157,0,154,0,3,0,171,0,2993,13,3164,13,0,2,0,18,0,137,0,11,2
08-23-20,Sequatchie,157,2,156,2,1,0,183,2,3571,30,3754,32,0,1,1,21,1,135,0,9,1
08-23-20,Sevier,2158,3,2097,3,61,0,2402,3,19197,45,21599,48,0,11,-11,185,14,1962,2,77,13
08-23-20,Shelby,26356,128,26205,116,151,12,32420,182,282073,2348,314493,2530,5,369,0,1921,123,24066,7,1939,419
08-23-20,Smith,525,0,514,0,11,0,635,0,4032,18,4667,18,0,8,-1,37,1,480,0,23,8
08-23-20,Stewart,91,0,91,0,0,0,115,1,2061,12,2176,13,0,0,0,6,0,85,0,5,0
08-23-20,Sullivan,1518,6,1441,6,77,0,1634,6,20454,394,22088,400,0,22,-7,347,13,1149,0,129,23
08-23-20,Sumner,3989,17,3968,16,21,1,4762,19,31851,148,36613,167,0,82,-8,309,25,3598,1,341,85
08-23-20,Tipton,1375,15,1335,4,40,11,1621,21,15659,89,17280,110,0,13,10,93,5,1269,0,79,16
08-23-20,Trousdale,1599,0,1596,0,3,0,1668,0,3684,17,5352,17,0,6,0,7,0,1586,0,19,6
08-23-20,Unicoi,209,0,206,0,3,0,238,0,4020,4,4258,4,0,1,-3,34,3,174,0,9,1
08-23-20,Union,219,2,210,2,9,0,238,2,3122,21,3360,23,0,0,-1,41,3,178,0,7,1
08-23-20,Van Buren,62,0,61,0,1,0,68,1,968,4,1036,5,0,0,0,15,0,47,0,4,0
08-23-20,Warren,744,8,693,8,51,0,833,11,9450,21,10283,32,0,7,2,150,6,587,1,13,7
08-23-20,Washington,1535,10,1494,9,41,1,1740,10,20715,72,22455,82,0,6,1,202,9,1327,2,76,7
08-23-20,Wayne,270,4,265,4,5,0,297,4,4410,9,4707,13,0,2,3,30,1,238,0,14,2
08-23-20,Weakley,784,3,733,3,51,0,859,4,7464,33,8323,37,0,7,-12,209,15,568,0,23,11
08-23-20,White,435,8,421,8,14,0,513,8,6230,28,6743,36,0,7,3,114,5,314,0,21,7
08-23-20,Williamson,4118,22,4096,22,22,0,4895,24,49173,327,54068,351,0,27,-14,395,36,3696,1,106,31
08-23-20,Wilson,2708,10,2699,10,9,0,3260,11,27704,158,30964,169,0,29,-11,242,21,2437,0,97,33
08-22-20,Anderson,865,18,847,18,18,0,1016,19,18320,535,19336,554,1,8,10,132,7,725,1,35,8
08-22-20,Bedford,1041,12,1007,12,34,0,1242,15,8957,359,10199,374,1,14,4,89,7,938,0,44,14
08-22-20,Benton,224,12,217,11,7,1,241,14,3050,204,3291,218,0,3,10,57,2,164,0,17,4
08-22-20,Bledsoe,778,4,775,4,3,0,810,5,5380,51,6190,56,0,3,4,31,0,744,0,17,4
08-22-20,Blount,1848,36,1813,34,35,2,2161,38,19139,460,21300,498,0,15,8,310,28,1523,1,89,16
08-22-20,Bradley,2384,37,2327,37,57,0,2847,40,17582,616,20429,656,0,16,11,267,26,2101,1,135,17
08-22-20,Campbell,325,8,310,7,15,1,365,6,7420,308,7785,314,0,2,6,45,2,278,0,16,2
08-22-20,Cannon,189,5,178,5,11,0,234,6,2579,58,2813,64,0,0,3,22,2,167,0,6,0
08-22-20,Carroll,480,26,424,24,56,2,526,30,6347,408,6873,438,0,6,19,137,7,337,0,31,7
08-22-20,Carter,803,25,770,24,33,1,891,28,10716,214,11607,242,0,14,11,151,14,638,1,63,14
08-22-20,Cheatham,687,8,681,7,6,1,840,11,7757,207,8597,218,1,10,3,65,4,612,0,27,10
08-22-20,Chester,360,11,316,8,44,3,394,11,3465,425,3859,436,0,4,0,81,11,275,1,14,4
08-22-20,Claiborne,336,8,315,8,21,0,374,12,7086,203,7460,215,0,2,3,43,5,291,0,17,4
08-22-20,Clay,113,3,107,3,6,0,120,4,1861,63,1981,67,0,0,1,21,2,92,0,4,1
08-22-20,Cocke,613,12,582,12,31,0,658,11,5816,136,6474,147,0,6,-2,86,14,521,0,29,6
08-22-20,Coffee,678,20,633,19,45,1,831,25,12095,383,12926,408,0,5,17,122,3,551,0,23,6
08-22-20,Crockett,355,3,326,2,29,1,387,3,2176,55,2563,58,0,12,0,41,3,302,0,18,15
08-22-20,Cumberland,742,26,734,26,8,0,913,33,16170,644,17083,677,0,7,16,221,10,514,0,38,9
08-22-20,Davidson,23641,144,23542,140,99,4,29614,207,236394,5596,266008,5803,0,245,2,1436,142,21960,8,1018,258
08-22-20,Decatur,270,5,208,5,62,0,303,5,3618,166,3921,171,0,4,3,42,2,224,0,7,4
08-22-20,Dekalb,400,9,394,9,6,0,504,12,5585,136,6089,148,0,5,6,50,3,345,2,18,5
08-22-20,Dickson,854,16,802,13,52,3,1074,22,9993,266,11067,288,0,7,9,108,7,739,1,44,9
08-22-20,Dyer,871,33,824,32,47,1,947,34,7295,296,8242,330,0,9,19,142,14,720,0,49,10
08-22-20,Fayette,875,8,861,7,14,1,1121,12,11879,214,13000,226,0,10,1,95,7,770,0,68,15
08-22-20,Fentress,151,5,145,5,6,0,171,5,2633,73,2804,78,0,0,5,43,0,108,0,10,1
08-22-20,Franklin,442,5,430,5,12,0,541,7,9413,493,9954,500,0,4,-4,69,9,369,0,26,5
08-22-20,Gibson,965,23,815,22,150,1,1051,27,9529,301,10580,328,1,12,13,178,9,775,0,45,13
08-22-20,Giles,441,1,438,1,3,0,532,1,6295,169,6827,170,0,14,-2,38,3,389,0,30,14
08-22-20,Grainger,249,3,235,2,14,1,297,1,4047,201,4344,202,0,1,-2,31,5,217,2,17,1
08-22-20,Greene,723,27,685,26,38,1,862,27,10470,435,11332,462,0,10,12,174,15,539,1,49,12
08-22-20,Grundy,142,1,141,1,1,0,167,1,1752,52,1919,53,0,2,0,17,1,123,1,19,3
08-22-20,Hamblen,1619,15,1548,15,71,0,1767,12,16325,954,18092,966,1,18,2,139,12,1462,0,80,23
08-22-20,Hamilton,7189,115,7072,115,117,0,8387,131,95485,1886,103872,2017,0,61,29,725,86,6403,0,323,71
08-22-20,Hancock,97,0,89,0,8,0,105,0,1439,47,1544,47,0,2,-1,5,1,90,0,11,2
08-22-20,Hardeman,1196,14,1147,12,49,2,1363,18,10711,422,12074,440,0,22,2,167,12,1007,1,57,23
08-22-20,Hardin,624,30,539,27,85,3,706,35,8555,376,9261,411,0,8,25,113,5,503,1,22,10
08-22-20,Hawkins,634,8,621,8,13,0,730,9,7009,182,7739,191,0,12,-3,112,11,510,1,46,13
08-22-20,Haywood,743,37,712,36,31,1,788,39,4403,183,5191,222,0,10,28,171,9,562,1,32,10
08-22-20,Henderson,801,15,658,14,143,1,1004,37,5812,258,6816,295,1,6,6,127,8,668,0,31,8
08-22-20,Henry,408,36,400,36,8,0,487,38,6882,255,7369,293,0,4,33,95,3,309,0,30,4
08-22-20,Hickman,336,5,327,5,9,0,423,5,4713,256,5136,261,0,1,4,61,1,274,2,10,1
08-22-20,Houston,81,1,79,1,2,0,93,1,1430,41,1523,42,0,0,1,15,0,66,0,9,0
08-22-20,Humphreys,150,2,138,2,12,0,173,2,3736,113,3909,115,0,3,1,12,1,135,0,4,3
08-22-20,Jackson,219,1,210,1,9,0,248,2,1783,22,2031,24,0,1,0,55,1,163,0,12,2
08-22-20,Jefferson,722,20,647,20,75,0,766,22,11615,693,12381,715,0,5,8,93,12,624,0,39,6
08-22-20,Johnson,389,11,386,11,3,0,427,12,4456,83,4883,95,0,1,1,72,10,316,0,13,1
08-22-20,Knox,6059,132,5861,131,198,1,6720,145,91148,1880,97868,2025,0,49,67,819,65,5191,4,264,55
08-22-20,Lake,811,5,809,5,2,0,998,7,4928,66,5926,73,0,1,5,18,0,792,0,6,1
08-22-20,Lauderdale,621,17,590,16,31,1,688,16,7528,240,8216,256,0,12,14,84,3,525,1,36,12
08-22-20,Lawrence,689,11,683,11,6,0,821,13,7657,212,8478,225,0,8,-1,94,12,587,0,29,9
08-22-20,Lewis,124,10,124,10,0,0,137,10,2957,125,3094,135,0,1,10,42,0,81,1,10,1
08-22-20,Lincoln,408,5,403,5,5,0,506,6,5509,203,6015,209,0,1,-5,57,10,350,0,16,1
08-22-20,Loudon,853,31,829,31,24,0,943,33,8945,271,9888,304,0,3,25,103,6,747,0,27,4
08-22-20,Macon,901,0,892,0,9,0,1102,0,5332,50,6434,50,0,14,-3,24,3,863,0,71,18
08-22-20,Madison,1613,36,1561,33,52,3,1802,44,18870,772,20672,816,1,31,10,5,25,1577,2,116,37
08-22-20,Marion,328,14,325,14,3,0,404,16,4094,69,4498,85,0,5,10,63,4,260,1,27,6
08-22-20,Marshall,462,25,459,25,3,0,532,26,6224,305,6756,331,0,4,22,133,3,325,0,16,4
08-22-20,Maury,1588,48,1580,47,8,1,1881,56,17015,683,18896,739,0,11,23,224,25,1353,1,62,13
08-22-20,McMinn,743,19,735,18,8,1,876,22,11147,405,12023,427,0,20,15,136,4,587,0,48,22
08-22-20,McNairy,479,13,404,12,75,1,560,13,4655,160,5215,173,0,7,7,79,6,393,1,28,11
08-22-20,Meigs,135,3,133,3,2,0,165,3,2144,60,2309,63,0,2,0,17,3,116,0,6,2
08-22-20,Monroe,642,18,628,17,14,1,737,23,6921,293,7658,316,0,10,9,127,9,505,0,50,13
08-22-20,Montgomery,2372,38,2324,35,48,3,2721,39,29634,697,32355,736,1,24,26,244,11,2104,1,108,32
08-22-20,Moore,102,0,99,0,3,0,123,0,1294,39,1417,39,0,0,-3,15,3,87,0,1,0
08-22-20,Morgan,206,10,197,9,9,1,228,10,6035,210,6263,220,0,1,9,49,1,156,0,5,2
08-22-20,Obion,770,16,756,16,14,0,855,18,6835,288,7690,306,0,5,10,125,6,640,2,35,6
08-22-20,Out of State,1569,20,1548,19,21,1,1790,27,197045,4505,198835,4532,0,21,15,107,5,1441,0,61,7
08-22-20,Overton,399,21,381,21,18,0,439,22,4761,99,5200,121,0,1,13,123,8,275,0,12,1
08-22-20,Pending,510,11,496,10,14,1,599,13,132760,2781,133359,2794,0,6,8,79,3,425,0,7,1
08-22-20,Perry,96,2,88,1,8,1,107,3,2210,61,2317,64,0,0,1,10,1,86,0,5,0
08-22-20,Pickett,45,2,41,2,4,0,46,2,750,12,796,14,0,1,2,7,0,37,0,0,1
08-22-20,Polk,325,2,320,2,5,0,372,3,2486,101,2858,104,0,10,0,51,2,264,0,16,9
08-22-20,Putnam,2063,36,2027,35,36,1,2510,47,21069,402,23579,449,0,23,17,298,19,1742,0,79,26
08-22-20,Rhea,609,3,607,2,2,1,729,5,7340,285,8069,290,0,2,-2,58,5,549,2,17,5
08-22-20,Roane,567,10,549,10,18,0,689,14,12733,355,13422,369,0,2,7,71,3,494,0,23,2
08-22-20,Robertson,1799,47,1791,47,8,0,2208,53,12558,488,14766,541,0,25,38,145,9,1629,4,134,30
08-22-20,Rutherford,7596,73,7577,73,19,0,9289,104,58830,1566,68119,1670,-1,64,23,574,51,6958,1,227,69
08-22-20,Scott,157,0,154,0,3,0,171,0,2980,179,3151,179,0,2,-3,18,3,137,0,11,2
08-22-20,Sequatchie,155,1,154,1,1,0,181,2,3541,93,3722,95,0,1,-2,20,3,134,0,9,1
08-22-20,Sevier,2155,19,2094,19,61,0,2399,24,19152,337,21551,361,0,11,5,196,14,1948,0,75,13
08-22-20,Shelby,26228,353,26089,346,139,7,32238,466,279725,5884,311963,6350,4,364,189,1921,160,23943,9,1932,414
08-22-20,Smith,525,6,514,6,11,0,635,12,4014,80,4649,92,0,8,4,38,2,479,0,23,8
08-22-20,Stewart,91,0,91,0,0,0,114,0,2049,121,2163,121,0,0,-2,6,2,85,0,5,0
08-22-20,Sullivan,1512,184,1435,184,77,0,1628,193,20060,528,21688,721,0,22,161,354,23,1136,1,129,23
08-22-20,Sumner,3972,53,3952,53,20,0,4743,60,31703,1087,36446,1147,1,82,20,317,32,3573,2,340,85
08-22-20,Tipton,1360,20,1331,15,29,5,1600,26,15570,332,17170,358,0,13,16,83,4,1264,1,79,16
08-22-20,Trousdale,1599,0,1596,0,3,0,1668,0,3667,41,5335,41,0,6,-1,7,1,1586,0,19,6
08-22-20,Unicoi,209,11,206,11,3,0,238,21,4016,90,4254,111,0,1,9,37,2,171,0,9,1
08-22-20,Union,217,5,208,4,9,1,236,4,3101,104,3337,108,0,0,4,42,1,175,1,7,1
08-22-20,Van Buren,62,3,61,3,1,0,67,5,964,33,1031,38,0,0,3,15,0,47,1,4,0
08-22-20,Warren,736,31,685,31,51,0,822,34,9429,237,10251,271,1,7,16,148,14,581,1,12,7
08-22-20,Washington,1525,33,1485,33,40,0,1730,46,20643,521,22373,567,0,6,23,201,10,1318,2,74,7
08-22-20,Wayne,266,6,261,6,5,0,293,7,4401,69,4694,76,0,2,5,27,1,237,2,14,2
08-22-20,Weakley,781,40,730,40,51,0,855,51,7431,299,8286,350,0,7,18,221,22,553,1,23,11
08-22-20,White,427,20,413,20,14,0,505,23,6202,222,6707,245,0,7,15,111,5,309,0,21,7
08-22-20,Williamson,4096,66,4074,66,22,0,4871,79,48846,1265,53717,1344,0,27,40,409,26,3660,1,105,30
08-22-20,Wilson,2698,44,2689,44,9,0,3249,50,27546,384,30795,434,1,29,28,253,15,2416,2,97,31
08-21-20,Anderson,847,3,829,3,18,0,997,2,17785,32,18782,34,1,7,-7,122,9,718,0,34,8
08-21-20,Bedford,1029,5,995,3,34,2,1227,4,8598,98,9825,102,0,13,-3,85,8,931,0,44,14
08-21-20,Benton,212,3,206,2,6,1,227,3,2846,86,3073,89,0,3,1,47,2,162,0,17,4
08-21-20,Bledsoe,774,1,771,1,3,0,805,2,5329,14,6134,16,0,3,-9,27,10,744,0,17,4
08-21-20,Blount,1812,8,1779,8,33,0,2123,8,18679,48,20802,56,0,15,-21,302,29,1495,0,88,15
08-21-20,Bradley,2347,17,2290,17,57,0,2807,19,16966,94,19773,113,0,16,-13,256,30,2075,0,134,16
08-21-20,Campbell,317,1,303,0,14,1,359,0,7112,15,7471,15,0,2,-2,39,3,276,0,16,2
08-21-20,Cannon,184,1,173,1,11,0,228,1,2521,20,2749,21,0,0,-5,19,6,165,0,6,0
08-21-20,Carroll,454,14,400,14,54,0,496,15,5939,165,6435,180,0,6,-1,118,15,330,0,31,7
08-21-20,Carter,778,5,746,5,32,0,863,6,10502,23,11365,29,5,14,-17,140,17,624,1,62,14
08-21-20,Cheatham,679,1,674,1,5,0,829,1,7550,10,8379,11,0,9,-3,62,4,608,0,27,10
08-21-20,Chester,349,5,308,5,41,0,383,5,3040,138,3423,143,1,4,0,81,4,264,1,13,4
08-21-20,Claiborne,328,4,307,2,21,2,362,3,6883,7,7245,10,0,2,-2,40,6,286,1,17,4
08-21-20,Clay,110,1,104,1,6,0,116,1,1798,7,1914,8,0,0,0,20,1,90,0,4,1
08-21-20,Cocke,601,0,570,0,31,0,647,0,5680,27,6327,27,0,6,-14,88,14,507,0,29,6
08-21-20,Coffee,658,4,614,4,44,0,806,5,11712,108,12518,113,0,5,-9,105,13,548,0,23,6
08-21-20,Crockett,352,3,324,3,28,0,384,3,2121,3,2505,6,1,12,-5,41,7,299,1,18,15
08-21-20,Cumberland,716,10,708,10,8,0,880,11,15526,286,16406,297,0,7,1,205,9,504,0,38,9
08-21-20,Davidson,23497,9,23402,9,95,0,29407,13,230798,1473,260205,1486,3,245,-202,1434,208,21818,0,1010,258
08-21-20,Decatur,265,1,203,1,62,0,298,1,3452,7,3750,8,1,4,-3,39,3,222,0,7,4
08-21-20,Dekalb,391,2,385,1,6,1,492,4,5449,7,5941,11,1,5,-3,44,4,342,0,16,5
08-21-20,Dickson,838,2,789,2,49,0,1052,0,9727,8,10779,8,2,7,-13,99,13,732,0,43,8
08-21-20,Dyer,838,8,792,8,46,0,913,8,6999,11,7912,19,0,9,0,123,8,706,1,49,10
08-21-20,Fayette,867,0,854,0,13,0,1109,0,11665,125,12774,125,0,10,-14,94,14,763,0,68,15
08-21-20,Fentress,146,3,140,0,6,3,166,4,2560,14,2726,18,0,0,0,38,3,108,0,10,0
08-21-20,Franklin,437,2,425,1,12,1,534,2,8920,42,9454,44,0,4,-2,73,4,360,0,26,5
08-21-20,Gibson,942,7,793,7,149,0,1024,6,9228,89,10252,95,0,11,-11,165,18,766,1,45,13
08-21-20,Giles,440,1,437,1,3,0,531,1,6126,25,6657,26,0,14,-4,40,5,386,0,30,14
08-21-20,Grainger,246,0,233,0,13,0,296,0,3846,57,4142,57,0,1,-5,33,5,212,0,15,1
08-21-20,Greene,696,5,659,3,37,2,835,8,10035,68,10870,76,1,10,-4,162,8,524,2,48,11
08-21-20,Grundy,141,1,140,1,1,0,166,1,1700,14,1866,15,0,2,0,17,1,122,1,18,3
08-21-20,Hamblen,1604,1,1533,1,71,0,1755,0,15371,229,17126,229,1,17,-8,137,8,1450,0,80,23
08-21-20,Hamilton,7074,31,6957,30,117,1,8256,30,93599,136,101855,166,0,61,-68,696,99,6317,4,323,70
08-21-20,Hancock,97,0,89,0,8,0,105,0,1392,10,1497,10,0,2,-1,6,1,89,0,11,2
08-21-20,Hardeman,1182,4,1135,4,47,0,1345,4,10289,302,11634,306,0,22,-8,165,12,995,0,56,23
08-21-20,Hardin,594,2,512,2,82,0,671,2,8179,22,8850,24,0,8,-8,88,10,498,0,21,10
08-21-20,Hawkins,626,3,613,3,13,0,721,3,6827,60,7548,63,2,12,-14,115,15,499,0,45,13
08-21-20,Haywood,706,1,676,1,30,0,749,1,4220,16,4969,17,1,10,-13,143,13,553,0,31,10
08-21-20,Henderson,786,4,644,3,142,1,967,5,5554,18,6521,23,1,5,-11,121,14,660,0,31,8
08-21-20,Henry,372,1,364,1,8,0,449,0,6627,21,7076,21,0,4,-3,62,4,306,0,30,4
08-21-20,Hickman,331,0,322,0,9,0,418,0,4457,59,4875,59,0,1,-6,57,6,273,0,8,1
08-21-20,Houston,80,0,78,0,2,0,92,0,1389,2,1481,2,0,0,0,14,0,66,0,9,0
08-21-20,Humphreys,148,1,136,1,12,0,171,1,3623,16,3794,17,0,3,-2,11,3,134,0,4,3
08-21-20,Jackson,218,8,209,8,9,0,246,8,1761,15,2007,23,0,1,7,55,1,162,0,12,2
08-21-20,Jefferson,702,5,627,5,75,0,744,4,10922,310,11666,314,1,5,-9,85,13,612,0,39,6
08-21-20,Johnson,378,5,375,5,3,0,415,4,4373,17,4788,21,0,1,-6,71,11,306,0,13,1
08-21-20,Knox,5927,29,5730,29,197,0,6575,40,89268,236,95843,276,1,49,-63,752,91,5126,1,260,55
08-21-20,Lake,806,1,804,1,2,0,991,1,4862,12,5853,13,0,1,-2,13,3,792,0,6,1
08-21-20,Lauderdale,604,5,574,4,30,1,672,4,7288,6,7960,10,1,12,-6,70,10,522,0,35,12
08-21-20,Lawrence,678,4,672,4,6,0,808,3,7445,52,8253,55,0,8,-6,95,10,575,0,29,9
08-21-20,Lewis,114,0,114,0,0,0,127,0,2832,20,2959,20,0,1,-2,32,2,81,0,9,1
08-21-20,Lincoln,403,4,398,3,5,1,500,4,5306,16,5806,20,0,1,-4,62,8,340,0,16,1
08-21-20,Loudon,822,8,798,8,24,0,910,7,8674,18,9584,25,0,3,3,78,5,741,1,27,4
08-21-20,Macon,901,1,892,1,9,0,1102,2,5282,14,6384,16,0,14,-2,27,3,860,0,71,18
08-21-20,Madison,1577,15,1528,15,49,0,1758,18,18098,169,19856,187,2,30,-76,-5,89,1552,2,114,37
08-21-20,Marion,314,4,311,4,3,0,388,4,4025,32,4413,36,0,5,-2,53,6,256,0,26,6
08-21-20,Marshall,437,12,434,12,3,0,506,12,5919,60,6425,72,0,4,0,111,12,322,0,16,4
08-21-20,Maury,1540,11,1533,11,7,0,1825,11,16332,235,18157,246,0,11,-29,201,40,1328,0,61,13
08-21-20,McMinn,724,11,717,10,7,1,854,10,10742,119,11596,129,0,20,-3,121,14,583,1,48,22
08-21-20,McNairy,466,3,392,3,74,0,547,3,4495,18,5042,21,0,7,-2,72,5,387,0,27,11
08-21-20,Meigs,132,1,130,1,2,0,162,0,2084,70,2246,70,1,2,0,17,0,113,0,6,2
08-21-20,Monroe,624,6,611,6,13,0,714,6,6628,35,7342,41,0,10,-5,118,11,496,0,50,11
08-21-20,Montgomery,2334,7,2289,5,45,2,2682,8,28937,90,31619,98,1,23,-14,218,20,2093,0,107,32
08-21-20,Moore,102,0,99,0,3,0,123,0,1255,9,1378,9,0,0,-3,18,3,84,0,1,0
08-21-20,Morgan,196,4,188,3,8,1,218,3,5825,75,6043,78,0,1,0,40,4,155,0,5,2
08-21-20,Obion,754,6,740,6,14,0,837,6,6547,41,7384,47,0,5,-6,115,12,634,1,33,6
08-21-20,Out of State,1549,4,1529,4,20,0,1763,4,192540,911,194303,915,1,21,-19,92,22,1436,0,61,6
08-21-20,Overton,378,10,360,6,18,4,417,10,4662,9,5079,19,0,1,-8,110,18,267,0,12,1
08-21-20,Pending,499,2,486,1,13,1,586,2,129979,557,130565,559,2,6,-10,71,10,422,0,7,1
08-21-20,Perry,94,0,87,0,7,0,104,0,2149,44,2253,44,0,0,0,9,0,85,0,5,0
08-21-20,Pickett,43,1,39,0,4,1,44,1,738,1,782,2,0,1,-3,5,4,37,0,0,1
08-21-20,Polk,323,2,318,2,5,0,369,1,2385,13,2754,14,0,10,-2,51,4,262,0,16,9
08-21-20,Putnam,2027,19,1992,17,35,2,2463,28,20667,169,23130,197,1,23,-4,281,22,1723,0,79,26
08-21-20,Rhea,606,5,605,5,1,0,724,4,7055,83,7779,87,0,2,3,60,2,544,0,15,4
08-21-20,Roane,557,1,539,1,18,0,675,1,12378,78,13053,79,0,2,-3,64,4,491,0,23,2
08-21-20,Robertson,1752,10,1744,10,8,0,2155,6,12070,136,14225,142,2,25,-4,107,12,1620,3,130,30
08-21-20,Rutherford,7523,25,7504,25,19,0,9185,32,57264,291,66449,323,4,65,-60,551,81,6907,2,226,69
08-21-20,Scott,157,0,154,0,3,0,171,0,2801,8,2972,8,0,2,-4,21,4,134,0,11,2
08-21-20,Sequatchie,154,0,153,0,1,0,179,0,3448,12,3627,12,0,1,-1,22,1,131,0,9,1
08-21-20,Sevier,2136,6,2075,6,61,0,2375,3,18815,34,21190,37,0,11,-10,191,16,1934,1,75,13
08-21-20,Shelby,25875,19,25743,18,132,1,31772,22,273841,444,305613,466,14,360,-198,1732,203,23783,1,1923,410
08-21-20,Smith,519,2,508,1,11,1,623,4,3934,17,4557,21,1,8,-1,34,2,477,0,23,8
08-21-20,Stewart,91,0,91,0,0,0,114,0,1928,2,2042,2,0,0,-5,8,5,83,0,5,0
08-21-20,Sullivan,1328,18,1251,16,77,2,1435,15,19532,83,20967,98,1,22,-3,193,20,1113,4,128,23
08-21-20,Sumner,3919,14,3899,13,20,1,4683,14,30616,388,35299,402,1,81,-20,297,33,3541,0,338,84
08-21-20,Tipton,1340,1,1316,1,24,0,1574,3,15238,29,16812,32,0,13,-3,67,4,1260,0,78,15
08-21-20,Trousdale,1599,0,1596,0,3,0,1668,1,3626,8,5294,9,0,6,0,8,0,1585,0,19,6
08-21-20,Unicoi,198,2,195,2,3,0,217,4,3926,14,4143,18,1,1,-2,28,3,169,0,9,1
08-21-20,Union,212,1,204,0,8,1,232,1,2997,5,3229,6,0,0,-1,38,2,174,0,6,1
08-21-20,Van Buren,59,3,58,2,1,1,62,3,931,15,993,18,0,0,2,12,1,47,0,3,0
08-21-20,Warren,705,5,654,2,51,3,788,6,9192,34,9980,40,0,6,-8,132,13,567,0,11,7
08-21-20,Washington,1492,12,1452,11,40,1,1684,10,20122,77,21806,87,2,6,-32,178,42,1308,0,72,7
08-21-20,Wayne,260,1,255,1,5,0,286,1,4332,5,4618,6,0,2,0,22,1,236,1,12,2
08-21-20,Weakley,741,8,690,5,51,3,804,8,7132,19,7936,27,0,7,-28,203,36,531,0,22,11
08-21-20,White,407,11,393,11,14,0,482,17,5980,177,6462,194,1,7,-2,96,12,304,0,21,7
08-21-20,Williamson,4030,13,4008,13,22,0,4792,10,47581,309,52373,319,1,27,-33,369,45,3634,0,104,30
08-21-20,Wilson,2654,8,2645,8,9,0,3199,10,27162,107,30361,117,1,28,-26,225,33,2401,0,95,30
08-20-20,Anderson,844,14,826,14,18,0,995,17,17753,451,18748,468,0,6,4,129,10,709,0,34,8
08-20-20,Bedford,1024,17,992,17,32,0,1223,19,8500,373,9723,392,0,13,10,88,7,923,1,44,14
08-20-20,Benton,209,13,204,13,5,0,224,15,2760,138,2984,153,1,3,7,46,5,160,0,17,3
08-20-20,Bledsoe,773,2,770,2,3,0,803,5,5315,59,6118,64,0,3,-11,36,13,734,0,17,4
08-20-20,Blount,1804,77,1771,76,33,1,2115,82,18631,431,20746,513,0,15,54,323,23,1466,4,88,15
08-20-20,Bradley,2330,33,2273,33,57,0,2788,38,16872,337,19660,375,0,16,9,269,24,2045,3,134,16
08-20-20,Campbell,316,5,303,4,13,1,359,4,7097,175,7456,179,0,2,5,41,0,273,0,16,2
08-20-20,Cannon,183,8,172,6,11,2,227,8,2501,68,2728,76,0,0,0,24,8,159,0,6,0
08-20-20,Carroll,440,31,386,24,54,7,481,34,5774,360,6255,394,0,6,22,119,9,315,2,31,7
08-20-20,Carter,773,15,741,15,32,0,857,17,10479,149,11336,166,0,9,-1,157,16,607,1,61,14
08-20-20,Cheatham,678,11,673,11,5,0,828,11,7540,130,8368,141,0,9,1,65,10,604,0,27,9
08-20-20,Chester,344,20,303,14,41,6,378,21,2902,358,3280,379,1,3,8,81,11,260,1,12,4
08-20-20,Claiborne,324,10,305,10,19,0,359,10,6876,330,7235,340,1,2,6,42,3,280,1,16,4
08-20-20,Clay,109,1,103,1,6,0,115,1,1791,44,1906,45,0,0,0,20,1,89,0,4,1
08-20-20,Cocke,601,8,570,7,31,1,647,9,5653,142,6300,151,0,6,0,102,8,493,0,29,6
08-20-20,Coffee,654,18,610,16,44,2,801,23,11604,396,12405,419,0,5,7,114,11,535,0,23,6
08-20-20,Crockett,349,11,321,8,28,3,381,11,2118,42,2499,53,3,11,6,46,2,292,0,17,15
08-20-20,Cumberland,706,41,698,39,8,2,869,48,15240,527,16109,575,0,7,18,204,23,495,1,38,8
08-20-20,Davidson,23488,201,23393,198,95,3,29394,261,229325,4797,258719,5058,7,242,20,1636,174,21610,5,1010,257
08-20-20,Decatur,264,11,202,7,62,4,297,11,3445,70,3742,81,0,3,6,42,5,219,0,7,4
08-20-20,Dekalb,389,11,384,11,5,0,488,16,5442,158,5930,174,0,4,0,47,11,338,0,16,5
08-20-20,Dickson,836,18,787,18,49,0,1052,10,9719,276,10771,286,0,5,7,112,11,719,0,43,8
08-20-20,Dyer,830,29,784,26,46,3,905,25,6988,195,7893,220,0,9,11,123,18,698,1,48,10
08-20-20,Fayette,867,14,854,13,13,1,1109,19,11540,141,12649,160,0,10,7,108,7,749,0,68,15
08-20-20,Fentress,143,7,140,5,3,2,162,11,2546,77,2708,88,0,0,4,38,3,105,0,10,0
08-20-20,Franklin,435,18,424,18,11,0,532,20,8878,369,9410,389,0,4,10,75,8,356,1,26,5
08-20-20,Gibson,935,66,786,46,149,20,1018,52,9139,318,10157,370,0,11,54,176,12,748,1,44,13
08-20-20,Giles,439,5,436,5,3,0,530,6,6101,143,6631,149,0,14,2,44,3,381,0,30,14
08-20-20,Grainger,246,7,233,7,13,0,296,10,3789,172,4085,182,0,1,6,38,1,207,0,15,1
08-20-20,Greene,691,21,656,19,35,2,827,24,9967,346,10794,370,0,9,4,166,17,516,2,46,11
08-20-20,Grundy,140,2,139,2,1,0,165,2,1686,32,1851,34,0,2,-3,17,5,121,0,17,3
08-20-20,Hamblen,1603,31,1532,27,71,4,1755,36,15142,633,16897,669,0,16,25,145,6,1442,0,80,22
08-20-20,Hamilton,7043,131,6927,130,116,1,8226,137,93463,2123,101689,2260,0,61,43,764,88,6218,2,319,69
08-20-20,Hancock,97,4,89,4,8,0,105,5,1382,25,1487,30,0,2,0,7,4,88,0,11,2
08-20-20,Hardeman,1178,34,1131,32,47,2,1341,42,9987,254,11328,296,3,22,14,173,17,983,1,56,23
08-20-20,Hardin,592,25,510,17,82,8,669,28,8157,97,8826,125,0,8,16,96,9,488,0,21,10
08-20-20,Hawkins,623,10,610,10,13,0,718,11,6767,155,7485,166,0,10,2,129,8,484,0,45,13
08-20-20,Haywood,705,15,675,15,30,0,748,14,4204,78,4952,92,0,9,0,156,15,540,1,31,10
08-20-20,Henderson,782,31,641,21,141,10,962,39,5536,120,6498,159,0,4,14,132,17,646,1,31,8
08-20-20,Henry,371,15,363,15,8,0,449,23,6606,157,7055,180,1,4,2,65,12,302,2,30,4
08-20-20,Hickman,331,10,322,10,9,0,418,15,4398,313,4816,328,0,1,2,63,8,267,0,8,1
08-20-20,Houston,80,3,78,3,2,0,92,3,1387,29,1479,32,0,0,2,14,1,66,0,9,0
08-20-20,Humphreys,147,1,135,1,12,0,170,2,3607,63,3777,65,0,3,0,13,1,131,0,4,3
08-20-20,Jackson,210,10,201,10,9,0,238,10,1746,26,1984,36,0,1,4,48,6,161,0,12,2
08-20-20,Jefferson,697,10,622,9,75,1,740,9,10612,494,11352,503,0,4,-2,94,12,599,1,39,6
08-20-20,Johnson,373,8,370,8,3,0,411,8,4356,73,4767,81,0,1,-1,77,9,295,0,13,1
08-20-20,Knox,5898,119,5701,117,197,2,6535,131,89032,2116,95567,2247,3,48,23,815,93,5035,3,259,55
08-20-20,Lake,805,3,803,3,2,0,990,4,4850,63,5840,67,0,1,-2,15,5,789,0,6,1
08-20-20,Lauderdale,599,22,570,20,29,2,668,26,7282,95,7950,121,1,11,12,76,9,512,0,35,12
08-20-20,Lawrence,674,9,668,9,6,0,805,10,7393,128,8198,138,0,8,-5,101,14,565,0,29,9
08-20-20,Lewis,114,12,114,12,0,0,127,12,2812,97,2939,109,0,1,11,34,1,79,0,9,1
08-20-20,Lincoln,399,13,395,13,4,0,496,15,5290,96,5786,111,0,1,-3,66,16,332,0,16,1
08-20-20,Loudon,814,8,790,8,24,0,903,11,8656,202,9559,213,0,3,-6,75,14,736,1,26,4
08-20-20,Macon,900,3,891,3,9,0,1100,3,5268,84,6368,87,0,14,-1,29,4,857,0,71,18
08-20-20,Madison,1562,51,1513,46,49,5,1740,50,17929,462,19669,512,0,28,11,71,40,1463,2,112,36
08-20-20,Marion,310,7,307,7,3,0,384,7,3993,89,4377,96,0,5,2,55,5,250,0,26,6
08-20-20,Marshall,425,16,422,16,3,0,494,17,5859,136,6353,153,0,4,7,111,9,310,0,16,4
08-20-20,Maury,1529,36,1522,36,7,0,1814,39,16097,718,17911,757,0,11,6,230,30,1288,1,61,13
08-20-20,McMinn,713,25,707,24,6,1,844,25,10623,215,11467,240,0,20,18,124,7,569,0,47,22
08-20-20,McNairy,463,20,389,13,74,7,544,28,4477,186,5021,214,0,7,20,74,0,382,0,27,11
08-20-20,Meigs,131,5,129,5,2,0,162,5,2014,49,2176,54,0,1,5,17,0,113,0,6,2
08-20-20,Monroe,618,29,605,29,13,0,708,34,6593,331,7301,365,0,10,7,123,22,485,1,50,10
08-20-20,Montgomery,2327,59,2284,59,43,0,2674,59,28847,717,31521,776,1,22,18,232,40,2073,0,107,31
08-20-20,Moore,102,4,99,4,3,0,123,5,1246,58,1369,63,0,0,1,21,3,81,0,1,0
08-20-20,Morgan,192,8,185,7,7,1,215,11,5750,194,5965,205,0,1,2,40,6,151,0,5,1
08-20-20,Obion,748,23,734,20,14,3,831,26,6506,130,7337,156,1,5,10,121,12,622,1,32,6
08-20-20,Out of State,1545,20,1525,18,20,2,1759,24,191629,4399,193388,4423,0,20,-1,111,21,1414,2,61,6
08-20-20,Overton,368,19,354,15,14,4,407,22,4653,92,5060,114,0,1,6,118,13,249,0,12,1
08-20-20,Pending,497,24,485,20,12,4,584,25,129422,2134,130006,2159,0,4,14,81,10,412,1,7,1
08-20-20,Perry,94,1,87,1,7,0,104,2,2105,39,2209,41,0,0,-3,9,4,85,0,5,0
08-20-20,Pickett,42,1,39,0,3,1,43,1,737,4,780,5,0,1,0,8,1,33,0,0,1
08-20-20,Polk,321,8,316,8,5,0,368,7,2372,38,2740,45,0,10,3,53,5,258,0,16,9
08-20-20,Putnam,2008,42,1975,32,33,10,2435,49,20498,343,22933,392,0,22,22,285,20,1701,3,79,26
08-20-20,Rhea,601,9,600,9,1,0,720,10,6972,229,7692,239,0,2,-1,57,10,542,0,15,4
08-20-20,Roane,556,9,538,9,18,0,674,17,12300,346,12974,363,0,2,-1,67,10,487,0,23,2
08-20-20,Robertson,1742,21,1734,21,8,0,2149,19,11934,270,14083,289,0,23,2,111,19,1608,0,127,30
08-20-20,Rutherford,7498,96,7479,96,19,0,9153,117,56973,1262,66126,1379,0,61,30,611,66,6826,1,224,69
08-20-20,Scott,157,6,154,6,3,0,171,6,2793,58,2964,64,0,2,4,25,2,130,0,11,2
08-20-20,Sequatchie,154,3,153,3,1,0,179,3,3436,72,3615,75,0,1,3,23,0,130,1,9,1
08-20-20,Sevier,2130,33,2069,33,61,0,2372,40,18781,327,21153,367,1,11,11,201,21,1918,0,74,13
08-20-20,Shelby,25856,232,25725,215,131,17,31750,293,273397,3980,305147,4273,5,346,26,1930,201,23580,19,1922,406
08-20-20,Smith,517,7,507,7,10,0,619,11,3917,135,4536,146,2,7,2,35,3,475,0,23,8
08-20-20,Stewart,91,0,91,0,0,0,114,1,1926,49,2040,50,0,0,-2,13,2,78,0,5,0
08-20-20,Sullivan,1310,52,1235,48,75,4,1420,58,19449,348,20869,406,1,21,23,196,28,1093,3,124,23
08-20-20,Sumner,3905,52,3886,52,19,0,4669,57,30228,737,34897,794,2,80,16,317,34,3508,5,338,84
08-20-20,Tipton,1339,8,1315,8,24,0,1571,15,15209,202,16780,217,1,13,-1,70,8,1256,0,78,15
08-20-20,Trousdale,1599,5,1596,5,3,0,1667,5,3618,55,5285,60,0,6,4,8,1,1585,1,19,6
08-20-20,Unicoi,196,5,193,5,3,0,213,4,3912,49,4125,53,0,0,3,30,2,166,2,9,1
08-20-20,Union,211,16,204,16,7,0,231,17,2992,90,3223,107,0,0,14,39,2,172,0,6,0
08-20-20,Van Buren,56,4,56,4,0,0,59,4,916,29,975,33,0,0,1,10,3,46,0,3,0
08-20-20,Warren,700,54,652,42,48,12,782,57,9158,234,9940,291,0,6,39,140,15,554,0,11,6
08-20-20,Washington,1480,18,1441,18,39,0,1674,25,20045,374,21719,399,0,4,0,210,18,1266,1,72,6
08-20-20,Wayne,259,7,254,7,5,0,285,8,4327,34,4612,42,0,2,6,22,1,235,0,11,2
08-20-20,Weakley,733,31,685,26,48,5,796,30,7113,190,7909,220,0,7,0,231,31,495,1,22,10
08-20-20,White,396,29,382,23,14,6,465,34,5803,302,6268,336,0,6,18,98,11,292,2,21,7
08-20-20,Williamson,4017,50,3995,49,22,1,4782,63,47272,851,52054,914,0,26,-18,402,68,3589,0,104,29
08-20-20,Wilson,2646,29,2637,28,9,1,3189,43,27055,479,30244,522,1,27,2,251,26,2368,1,95,29
08-19-20,Anderson,830,14,812,14,18,0,978,15,17302,170,18280,185,0,6,0,125,14,699,0,34,7
08-19-20,Bedford,1007,7,975,6,32,1,1204,8,8127,89,9331,97,1,13,-4,78,10,916,0,43,14
08-19-20,Benton,196,2,191,2,5,0,209,2,2622,108,2831,110,0,2,-6,39,8,155,0,17,3
08-19-20,Bledsoe,771,6,768,6,3,0,798,6,5256,85,6054,91,1,3,-3,47,8,721,0,17,3
08-19-20,Blount,1727,35,1695,34,32,1,2033,51,18200,187,20233,238,0,15,-2,269,37,1443,3,84,15
08-19-20,Bradley,2297,27,2240,24,57,3,2750,32,16535,219,19285,251,0,16,2,260,25,2021,2,131,16
08-19-20,Campbell,311,1,299,1,12,0,355,2,6922,48,7277,50,0,2,-4,36,5,273,0,16,2
08-19-20,Cannon,175,2,166,2,9,0,219,2,2433,21,2652,23,0,0,0,24,2,151,0,6,0
08-19-20,Carroll,409,12,362,12,47,0,447,12,5414,252,5861,264,0,6,-3,97,15,306,1,29,6
08-19-20,Carter,758,13,726,13,32,0,840,18,10330,118,11170,136,0,9,-11,158,24,591,2,60,12
08-19-20,Cheatham,667,3,662,3,5,0,817,4,7410,93,8227,97,0,9,-4,64,7,594,0,27,9
08-19-20,Chester,324,6,289,6,35,0,357,6,2544,124,2901,130,0,2,5,73,1,249,0,11,4
08-19-20,Claiborne,314,4,295,4,19,0,349,7,6546,53,6895,60,0,1,-1,36,5,277,0,15,4
08-19-20,Clay,108,0,102,0,6,0,114,0,1747,14,1861,14,0,0,-3,20,3,88,0,4,1
08-19-20,Cocke,593,13,563,13,30,0,638,13,5511,59,6149,72,1,6,1,102,11,485,0,29,6
08-19-20,Coffee,636,11,594,11,42,0,778,12,11208,132,11986,144,1,5,-8,107,18,524,0,23,6
08-19-20,Crockett,338,17,313,17,25,0,370,16,2076,24,2446,40,0,8,15,40,2,290,0,17,15
08-19-20,Cumberland,665,4,659,3,6,1,821,6,14713,219,15534,225,0,7,-18,186,22,472,0,37,8
08-19-20,Davidson,23287,134,23195,131,92,3,29133,183,224528,3289,253661,3472,4,235,-94,1616,224,21436,6,1005,256
08-19-20,Decatur,253,2,195,2,58,0,286,2,3375,15,3661,17,0,3,-4,36,6,214,0,7,4
08-19-20,Dekalb,378,3,373,1,5,2,472,4,5284,25,5756,29,2,4,-7,47,8,327,0,16,4
08-19-20,Dickson,818,7,769,7,49,0,1042,9,9443,76,10485,85,1,5,-7,105,13,708,1,43,7
08-19-20,Dyer,801,21,758,19,43,2,880,22,6793,147,7673,169,0,9,6,112,15,680,0,47,10
08-19-20,Fayette,853,8,841,8,12,0,1090,10,11399,87,12489,97,0,10,0,101,8,742,0,68,15
08-19-20,Fentress,136,3,135,3,1,0,151,3,2469,15,2620,18,0,0,-5,34,8,102,0,10,0
08-19-20,Franklin,417,1,406,1,11,0,512,2,8509,299,9021,301,0,4,-4,65,5,348,0,25,5
08-19-20,Gibson,869,16,740,12,129,4,966,14,8821,185,9787,199,1,11,-14,122,29,736,0,43,13
08-19-20,Giles,434,3,431,2,3,1,524,3,5958,65,6482,68,0,14,-1,42,4,378,0,30,14
08-19-20,Grainger,239,7,226,7,13,0,286,10,3617,52,3903,62,0,1,4,32,3,206,0,15,1
08-19-20,Greene,670,38,637,37,33,1,803,41,9621,259,10424,300,0,9,24,162,14,499,0,44,9
08-19-20,Grundy,138,1,137,1,1,0,163,2,1654,17,1817,19,0,2,-6,20,7,116,0,17,2
08-19-20,Hamblen,1572,17,1505,17,67,0,1719,18,14509,397,16228,415,0,16,2,120,15,1436,1,80,22
08-19-20,Hamilton,6912,62,6797,58,115,4,8089,47,91340,396,99429,443,0,61,-36,721,98,6130,6,317,69
08-19-20,Hancock,93,0,85,0,8,0,100,0,1357,24,1457,24,0,2,0,7,0,84,0,11,2
08-19-20,Hardeman,1144,9,1099,7,45,2,1299,9,9733,206,11032,215,0,19,0,159,9,966,0,55,23
08-19-20,Hardin,567,15,493,15,74,0,641,17,8060,151,8701,168,0,8,8,80,7,479,2,21,10
08-19-20,Hawkins,613,8,600,8,13,0,707,8,6612,105,7319,113,0,10,2,127,6,476,1,45,12
08-19-20,Haywood,690,17,660,17,30,0,734,19,4126,55,4860,74,1,9,-6,156,22,525,0,30,10
08-19-20,Henderson,751,6,620,3,131,3,923,6,5416,23,6339,29,0,4,-15,118,21,629,0,30,7
08-19-20,Henry,356,14,348,14,8,0,426,13,6449,140,6875,153,0,3,7,63,7,290,1,28,4
08-19-20,Hickman,321,2,312,2,9,0,403,5,4085,101,4488,106,0,1,-4,61,6,259,0,8,1
08-19-20,Houston,77,1,75,1,2,0,89,1,1358,2,1447,3,0,0,-1,12,2,65,0,9,0
08-19-20,Humphreys,146,0,134,0,12,0,168,0,3544,21,3712,21,0,3,-4,13,4,130,0,4,3
08-19-20,Jackson,200,5,191,2,9,3,228,5,1720,13,1948,18,0,1,-3,44,8,155,0,12,2
08-19-20,Jefferson,687,10,613,9,74,1,731,11,10118,264,10849,275,0,4,-2,96,12,587,0,38,6
08-19-20,Johnson,365,7,362,7,3,0,403,8,4283,68,4686,76,0,1,-10,78,17,286,0,13,1
08-19-20,Knox,5779,46,5584,41,195,5,6404,46,86916,570,93320,616,2,45,-50,792,94,4942,4,256,55
08-19-20,Lake,802,2,800,2,2,0,986,2,4787,40,5773,42,0,1,-5,17,7,784,0,6,1
08-19-20,Lauderdale,577,7,550,5,27,2,642,7,7187,69,7829,76,1,10,-9,64,15,503,1,35,12
08-19-20,Lawrence,665,13,659,13,6,0,795,15,7265,77,8060,92,0,8,-2,106,15,551,0,29,9
08-19-20,Lewis,102,5,102,5,0,0,115,5,2715,37,2830,42,0,1,2,23,3,78,0,9,1
08-19-20,Lincoln,386,6,382,6,4,0,481,8,5194,13,5675,21,0,1,-6,69,12,316,0,16,1
08-19-20,Loudon,806,9,782,9,24,0,892,7,8454,90,9346,97,0,3,-4,81,13,722,0,25,4
08-19-20,Macon,897,3,888,3,9,0,1097,4,5184,33,6281,37,1,14,1,30,1,853,1,71,18
08-19-20,Madison,1511,29,1467,28,44,1,1690,26,17467,231,19157,257,1,28,-17,60,45,1423,2,110,35
08-19-20,Marion,303,11,300,11,3,0,377,11,3904,45,4281,56,0,5,7,53,4,245,0,26,6
08-19-20,Marshall,409,25,406,25,3,0,477,29,5723,153,6200,182,0,4,15,104,10,301,0,16,4
08-19-20,Maury,1493,26,1486,26,7,0,1775,27,15379,362,17154,389,0,11,-18,224,44,1258,1,60,13
08-19-20,McMinn,688,10,683,10,5,0,819,10,10408,98,11227,108,0,20,-1,106,11,562,0,47,22
08-19-20,McNairy,443,5,376,4,67,1,516,6,4291,57,4807,63,0,7,-2,54,7,382,0,27,11
08-19-20,Meigs,126,0,124,0,2,0,157,0,1965,23,2122,23,0,1,-2,12,2,113,0,6,2
08-19-20,Monroe,589,7,576,7,13,0,674,9,6262,74,6936,83,0,10,-4,116,11,463,1,49,9
08-19-20,Montgomery,2268,11,2225,11,43,0,2615,11,28130,338,30745,349,3,21,-43,214,51,2033,0,107,31
08-19-20,Moore,98,1,95,1,3,0,118,1,1188,10,1306,11,0,0,0,20,1,78,0,1,0
08-19-20,Morgan,184,8,178,8,6,0,204,8,5556,200,5760,208,0,1,6,38,2,145,0,5,1
08-19-20,Obion,725,9,714,9,11,0,805,9,6376,55,7181,64,0,4,-7,111,16,610,0,31,6
08-19-20,Out of State,1525,17,1507,17,18,0,1735,23,187230,980,188965,1003,-2,20,8,112,11,1393,2,59,6
08-19-20,Overton,349,15,339,13,10,2,385,17,4561,69,4946,86,0,1,-5,112,20,236,1,12,1
08-19-20,Pending,473,4,465,4,8,0,559,4,127288,1030,127847,1034,0,4,-11,67,15,402,0,6,0
08-19-20,Perry,93,0,86,0,7,0,102,0,2066,11,2168,11,0,0,-3,12,3,81,0,5,0
08-19-20,Pickett,41,0,39,0,2,0,42,0,733,4,775,4,0,1,-1,8,1,32,0,0,1
08-19-20,Polk,313,7,308,7,5,0,361,8,2334,51,2695,59,1,10,2,50,4,253,0,16,9
08-19-20,Putnam,1966,43,1943,39,23,4,2386,49,20155,149,22541,198,1,22,7,263,35,1681,1,76,26
08-19-20,Rhea,592,4,591,3,1,1,710,4,6743,80,7453,84,0,2,0,58,4,532,0,15,4
08-19-20,Roane,547,7,529,7,18,0,657,10,11954,122,12611,132,0,2,-11,68,18,477,0,23,2
08-19-20,Robertson,1721,20,1713,19,8,1,2130,19,11664,206,13794,225,1,23,8,109,11,1589,2,127,30
08-19-20,Rutherford,7402,47,7383,47,19,0,9036,65,55711,653,64747,718,0,61,-27,581,74,6760,0,223,69
08-19-20,Scott,151,4,148,4,3,0,165,4,2735,19,2900,23,0,2,2,21,2,128,0,11,2
08-19-20,Sequatchie,151,2,150,2,1,0,176,1,3364,61,3540,62,0,1,-3,20,5,130,0,8,1
08-19-20,Sevier,2097,21,2036,21,61,0,2332,27,18454,187,20786,214,0,10,-5,190,26,1897,0,74,13
08-19-20,Shelby,25624,154,25510,154,114,0,31457,218,269417,1731,300874,1949,1,341,-82,1904,235,23379,5,1903,404
08-19-20,Smith,510,1,500,1,10,0,608,1,3782,19,4390,20,1,5,-7,33,7,472,0,23,8
08-19-20,Stewart,91,2,91,2,0,0,113,1,1877,13,1990,14,0,0,2,15,0,76,1,5,0
08-19-20,Sullivan,1258,33,1187,30,71,3,1362,33,19101,219,20463,252,1,20,-1,173,33,1065,0,121,23
08-19-20,Sumner,3853,31,3834,30,19,1,4612,31,29491,630,34103,661,1,78,-3,301,33,3474,2,333,84
08-19-20,Tipton,1331,12,1307,12,24,0,1556,18,15007,109,16563,127,0,12,3,71,9,1248,2,78,15
08-19-20,Trousdale,1594,0,1591,0,3,0,1662,0,3563,9,5225,9,0,6,-2,4,2,1584,0,18,6
08-19-20,Unicoi,191,5,188,5,3,0,209,5,3863,44,4072,49,0,0,1,27,4,164,2,7,1
08-19-20,Union,195,1,188,1,7,0,214,1,2902,26,3116,27,0,0,-3,25,4,170,0,6,0
08-19-20,Van Buren,52,0,52,0,0,0,55,0,887,14,942,14,0,0,0,9,0,43,0,3,0
08-19-20,Warren,646,11,610,6,36,5,725,13,8924,35,9649,48,0,6,-6,101,17,539,0,11,6
08-19-20,Washington,1462,16,1423,15,39,1,1649,19,19671,129,21320,148,1,4,-2,210,17,1248,0,71,6
08-19-20,Wayne,252,2,247,2,5,0,277,2,4293,10,4570,12,0,2,1,16,1,234,0,11,2
08-19-20,Weakley,702,5,659,4,43,1,766,4,6923,87,7689,91,0,7,-22,231,27,464,0,21,10
08-19-20,White,367,7,359,4,8,3,431,7,5501,123,5932,130,0,6,-6,80,13,281,1,19,7
08-19-20,Williamson,3967,33,3946,32,21,1,4719,32,46421,563,51140,595,-1,26,-8,420,42,3521,0,104,28
08-19-20,Wilson,2617,15,2609,13,8,2,3146,19,26576,172,29722,191,0,26,-15,249,30,2342,0,94,28
08-18-20,Anderson,816,14,798,14,18,0,963,15,17132,156,18095,171,0,6,5,125,9,685,0,34,7
08-18-20,Bedford,1000,14,969,7,31,7,1196,15,8038,252,9234,267,0,12,8,82,6,906,3,43,14
08-18-20,Benton,194,6,189,5,5,1,207,6,2514,140,2721,146,0,2,-1,45,7,147,2,17,3
08-18-20,Bledsoe,765,1,762,1,3,0,792,1,5171,100,5963,101,0,2,-10,50,11,713,0,17,3
08-18-20,Blount,1692,31,1661,31,31,0,1982,41,18013,244,19995,285,0,15,0,271,31,1406,3,81,15
08-18-20,Bradley,2270,26,2216,22,54,4,2718,37,16316,536,19034,573,0,16,-13,258,39,1996,1,129,16
08-18-20,Campbell,310,9,298,6,12,3,353,6,6874,103,7227,109,0,2,3,40,6,268,1,16,2
08-18-20,Cannon,173,6,164,6,9,0,217,9,2412,27,2629,36,0,0,3,24,3,149,0,6,0
08-18-20,Carroll,397,15,350,15,47,0,435,25,5162,431,5597,456,0,6,8,100,7,291,3,28,6
08-18-20,Carter,745,19,713,18,32,1,822,22,10212,348,11034,370,3,9,3,169,13,567,1,58,11
08-18-20,Cheatham,664,13,659,12,5,1,813,16,7317,121,8130,137,0,9,6,68,7,587,0,27,9
08-18-20,Chester,318,3,283,3,35,0,351,11,2420,324,2771,335,0,2,1,68,2,248,0,11,3
08-18-20,Claiborne,310,3,291,2,19,1,342,4,6493,45,6835,49,0,1,-2,37,5,272,2,15,4
08-18-20,Clay,108,3,102,3,6,0,114,4,1733,69,1847,73,0,0,2,23,1,85,1,4,1
08-18-20,Cocke,580,6,550,5,30,1,625,6,5452,88,6077,94,0,5,3,101,3,474,1,29,6
08-18-20,Coffee,625,16,583,12,42,4,766,30,11076,374,11842,404,0,4,1,115,15,506,0,23,6
08-18-20,Crockett,321,3,296,2,25,1,354,4,2052,31,2406,35,1,8,-4,25,6,288,0,17,15
08-18-20,Cumberland,661,35,656,34,5,1,815,34,14494,400,15309,434,0,7,23,204,12,450,1,37,7
08-18-20,Davidson,23153,219,23064,217,89,2,28950,351,221239,5435,250189,5786,1,231,-56,1710,274,21212,5,999,255
08-18-20,Decatur,251,6,193,4,58,2,284,6,3360,44,3644,50,0,3,-1,40,7,208,0,7,4
08-18-20,Dekalb,375,3,372,3,3,0,468,7,5259,52,5727,59,0,2,-1,54,4,319,0,16,4
08-18-20,Dickson,811,11,762,11,49,0,1033,31,9367,355,10400,386,0,4,-4,112,15,695,0,42,7
08-18-20,Dyer,780,10,739,10,41,0,858,15,6646,63,7504,78,0,9,-4,106,14,665,0,47,10
08-18-20,Fayette,845,14,833,14,12,0,1080,15,11312,123,12392,138,2,10,1,101,11,734,2,68,15
08-18-20,Fentress,133,3,132,3,1,0,148,5,2454,52,2602,57,0,0,1,39,2,94,0,10,0
08-18-20,Franklin,416,7,405,6,11,1,510,11,8210,235,8720,246,0,4,-9,69,16,343,0,25,5
08-18-20,Gibson,853,27,728,23,125,4,952,36,8636,209,9588,245,1,10,5,136,21,707,2,43,13
08-18-20,Giles,431,2,429,2,2,0,521,4,5893,73,6414,77,0,14,-6,43,8,374,0,30,14
08-18-20,Grainger,232,3,219,3,13,0,276,7,3565,133,3841,140,0,1,-1,28,4,203,0,15,1
08-18-20,Greene,632,12,600,12,32,0,762,12,9362,247,10124,259,0,9,-1,138,13,485,1,44,9
08-18-20,Grundy,137,3,136,3,1,0,161,2,1637,13,1798,15,0,2,2,26,1,109,0,17,2
08-18-20,Hamblen,1555,11,1488,9,67,2,1701,12,14112,605,15813,617,1,16,-13,118,23,1421,1,79,22
08-18-20,Hamilton,6850,153,6739,110,111,43,8042,232,90944,3176,98986,3408,1,61,76,757,76,6032,2,311,68
08-18-20,Hancock,93,0,85,0,8,0,100,0,1333,32,1433,32,0,2,-1,7,1,84,0,11,2
08-18-20,Hardeman,1135,16,1092,16,43,0,1290,25,9527,116,10817,141,1,19,-17,159,32,957,1,55,22
08-18-20,Hardin,552,15,478,9,74,6,624,16,7909,72,8533,88,0,8,9,72,6,472,0,19,10
08-18-20,Hawkins,605,19,592,19,13,0,699,26,6507,193,7206,219,0,10,0,125,19,470,0,44,12
08-18-20,Haywood,673,8,643,8,30,0,715,11,4071,15,4786,26,1,8,-8,162,15,503,0,30,10
08-18-20,Henderson,745,15,617,15,128,0,917,19,5393,101,6310,120,1,4,-11,133,25,608,0,30,7
08-18-20,Henry,342,9,334,9,8,0,413,10,6309,53,6722,63,2,3,-5,56,12,283,0,27,3
08-18-20,Hickman,319,9,310,9,9,0,398,9,3984,222,4382,231,0,1,5,65,4,253,0,8,1
08-18-20,Houston,76,1,74,1,2,0,88,1,1356,8,1444,9,0,0,1,13,0,63,0,9,0
08-18-20,Humphreys,146,1,134,1,12,0,168,2,3523,65,3691,67,0,3,-2,17,3,126,0,4,3
08-18-20,Jackson,195,12,189,12,6,0,223,13,1707,28,1930,41,0,1,11,47,1,147,0,12,2
08-18-20,Jefferson,677,9,604,7,73,2,720,9,9854,567,10574,576,0,4,2,98,7,575,0,38,6
08-18-20,Johnson,358,5,355,5,3,0,395,5,4215,15,4610,20,0,1,-6,88,11,269,0,13,1
08-18-20,Knox,5733,135,5543,133,190,2,6358,156,86346,1148,92704,1304,0,43,3,842,132,4848,4,252,55
08-18-20,Lake,800,2,798,2,2,0,984,2,4747,43,5731,45,0,1,-4,22,6,777,0,6,1
08-18-20,Lauderdale,570,7,545,6,25,1,635,9,7118,79,7753,88,0,9,-9,73,16,488,0,34,12
08-18-20,Lawrence,652,9,646,9,6,0,780,21,7188,98,7968,119,1,8,-4,108,12,536,0,29,9
08-18-20,Lewis,97,4,97,4,0,0,110,4,2678,39,2788,43,0,1,0,21,4,75,0,9,1
08-18-20,Lincoln,380,11,376,9,4,2,473,16,5181,159,5654,175,0,1,5,75,6,304,2,16,1
08-18-20,Loudon,797,8,773,8,24,0,885,10,8364,104,9249,114,0,3,-3,85,11,709,0,25,4
08-18-20,Macon,894,5,885,4,9,1,1093,6,5151,56,6244,62,0,13,3,29,2,852,1,70,18
08-18-20,Madison,1482,43,1439,43,43,0,1664,71,17236,682,18900,753,1,27,3,77,39,1378,4,108,35
08-18-20,Marion,292,6,289,6,3,0,366,13,3859,53,4225,66,0,5,4,46,2,241,1,26,6
08-18-20,Marshall,384,4,381,4,3,0,448,5,5570,78,6018,83,0,4,0,89,4,291,0,16,4
08-18-20,Maury,1467,7,1460,7,7,0,1748,16,15017,501,16765,517,1,11,-13,242,19,1214,0,59,13
08-18-20,McMinn,678,25,673,24,5,1,809,30,10310,306,11119,336,0,20,10,107,15,551,1,47,22
08-18-20,McNairy,438,8,372,5,66,3,510,9,4234,46,4744,55,1,7,-3,56,10,375,0,27,11
08-18-20,Meigs,126,1,124,1,2,0,157,1,1942,28,2099,29,0,1,-1,14,2,111,0,6,2
08-18-20,Monroe,582,12,569,12,13,0,665,18,6188,112,6853,130,0,10,7,120,5,452,0,48,9
08-18-20,Montgomery,2257,28,2214,28,43,0,2604,42,27792,389,30396,431,2,18,-11,257,37,1982,1,107,29
08-18-20,Moore,97,0,94,0,3,0,117,0,1178,127,1295,127,0,0,-3,20,3,77,0,1,0
08-18-20,Morgan,176,6,170,6,6,0,196,7,5356,115,5552,122,0,1,-3,32,9,143,1,5,1
08-18-20,Obion,716,13,705,13,11,0,796,15,6321,81,7117,96,0,4,-16,118,29,594,1,31,6
08-18-20,Out of State,1508,16,1490,15,18,1,1712,27,186250,2993,187962,3020,1,22,-3,104,18,1382,0,57,6
08-18-20,Overton,334,18,326,17,8,1,368,17,4492,102,4860,119,0,1,3,117,15,216,0,11,1
08-18-20,Pending,469,9,461,8,8,1,555,13,126258,1932,126813,1945,-1,4,-10,78,20,387,0,6,0
08-18-20,Perry,93,1,86,1,7,0,102,1,2055,32,2157,33,0,0,1,15,0,78,0,5,0
08-18-20,Pickett,41,2,39,2,2,0,42,2,729,11,771,13,0,1,1,9,1,31,0,0,1
08-18-20,Polk,306,9,301,8,5,1,353,18,2283,109,2636,127,1,9,1,48,7,249,0,16,9
08-18-20,Putnam,1923,38,1904,38,19,0,2337,45,20006,287,22343,332,1,21,5,256,32,1646,2,75,25
08-18-20,Rhea,588,5,588,5,0,0,706,5,6663,68,7369,73,0,2,-1,58,6,528,0,15,3
08-18-20,Roane,540,5,522,5,18,0,647,7,11832,192,12479,199,0,2,-6,79,11,459,0,23,2
08-18-20,Robertson,1701,13,1694,13,7,0,2111,30,11458,258,13569,288,1,22,-11,101,23,1578,1,125,30
08-18-20,Rutherford,7355,69,7336,68,19,1,8971,94,55058,801,64029,895,2,61,-16,608,83,6686,0,223,68
08-18-20,Scott,147,1,144,1,3,0,161,1,2716,59,2877,60,0,2,-3,19,4,126,0,11,2
08-18-20,Sequatchie,149,1,148,1,1,0,175,3,3303,31,3478,34,0,1,0,23,1,125,0,8,1
08-18-20,Sevier,2076,16,2015,15,61,1,2305,21,18267,210,20572,231,0,10,-7,195,23,1871,0,74,13
08-18-20,Shelby,25470,169,25356,164,114,5,31239,245,267686,4031,298925,4276,6,340,-110,1986,273,23144,7,1898,398
08-18-20,Smith,509,8,499,6,10,2,607,15,3763,52,4370,67,0,4,4,40,4,465,0,23,8
08-18-20,Stewart,89,3,89,3,0,0,112,3,1864,26,1976,29,0,0,3,13,0,76,1,4,0
08-18-20,Sullivan,1225,8,1157,6,68,2,1329,9,18882,446,20211,455,1,19,-21,174,28,1032,0,121,22
08-18-20,Sumner,3822,48,3804,48,18,0,4581,60,28861,802,33442,862,1,77,-3,304,50,3441,1,331,84
08-18-20,Tipton,1319,13,1295,8,24,5,1538,16,14898,142,16436,158,0,12,3,68,10,1239,0,76,15
08-18-20,Trousdale,1594,1,1591,1,3,0,1662,0,3554,36,5216,36,0,6,0,6,1,1582,0,18,6
08-18-20,Unicoi,186,6,183,6,3,0,204,6,3819,160,4023,166,0,0,5,26,1,160,0,5,0
08-18-20,Union,194,2,187,2,7,0,213,5,2876,30,3089,35,0,0,-3,28,5,166,0,6,0
08-18-20,Van Buren,52,1,52,1,0,0,55,1,873,34,928,35,0,0,0,9,1,43,0,3,0
08-18-20,Warren,635,7,604,7,31,0,712,15,8889,131,9601,146,0,6,-14,107,21,522,0,11,6
08-18-20,Washington,1446,33,1408,30,38,3,1630,39,19542,431,21172,470,1,3,2,212,30,1231,1,71,5
08-18-20,Wayne,250,4,245,4,5,0,275,4,4283,30,4558,34,0,2,2,15,2,233,0,11,2
08-18-20,Weakley,697,20,655,20,42,0,762,31,6836,125,7598,156,2,7,-5,253,23,437,0,21,10
08-18-20,White,360,12,355,12,5,0,424,16,5378,264,5802,280,0,6,6,86,6,268,0,18,7
08-18-20,Williamson,3934,52,3914,52,20,0,4687,64,45858,910,50545,974,1,27,-3,428,54,3479,1,104,28
08-18-20,Wilson,2602,34,2596,34,6,0,3127,39,26404,423,29531,462,1,26,6,264,27,2312,0,94,27
08-17-20,Anderson,802,4,784,4,18,0,948,3,16976,65,17924,68,0,6,-13,120,17,676,0,34,7
08-17-20,Bedford,986,2,962,1,24,1,1181,1,7786,35,8967,36,0,12,-4,74,6,900,0,40,14
08-17-20,Benton,188,3,184,3,4,0,201,4,2374,17,2575,21,0,2,-9,46,12,140,0,15,3
08-17-20,Bledsoe,764,3,761,3,3,0,791,4,5071,0,5862,4,0,2,-3,60,6,702,0,17,3
08-17-20,Blount,1661,24,1630,24,31,0,1941,25,17769,54,19710,79,0,15,-17,271,41,1375,0,78,15
08-17-20,Bradley,2244,8,2194,8,50,0,2681,8,15780,15,18461,23,0,16,-33,271,41,1957,0,128,16
08-17-20,Campbell,301,1,292,0,9,1,347,0,6771,14,7118,14,1,2,-7,37,7,262,0,15,2
08-17-20,Cannon,167,1,158,1,9,0,208,1,2385,8,2593,9,0,0,-4,21,5,146,0,6,0
08-17-20,Carroll,382,11,335,8,47,3,410,6,4731,38,5141,44,0,6,-9,92,20,284,0,25,6
08-17-20,Carter,726,8,695,5,31,3,800,9,9864,27,10664,36,0,6,-13,166,21,554,0,57,10
08-17-20,Cheatham,651,5,647,5,4,0,797,4,7196,25,7993,29,0,9,1,62,4,580,2,27,9
08-17-20,Chester,315,12,280,11,35,1,340,10,2096,9,2436,19,0,2,8,67,4,246,0,11,3
08-17-20,Claiborne,307,3,289,3,18,0,338,2,6448,28,6786,30,0,1,-7,39,10,267,0,13,4
08-17-20,Clay,105,0,99,0,6,0,110,1,1664,23,1774,24,0,0,0,21,0,84,0,3,1
08-17-20,Cocke,574,3,545,3,29,0,619,4,5364,40,5983,44,0,5,-10,98,13,471,0,28,6
08-17-20,Coffee,609,5,571,5,38,0,736,5,10702,26,11438,31,0,4,-22,114,27,491,1,23,5
08-17-20,Crockett,318,6,294,4,24,2,350,5,2021,2,2371,7,0,7,-4,29,10,282,0,17,15
08-17-20,Cumberland,626,3,622,3,4,0,781,4,14094,46,14875,50,0,7,-14,181,17,438,1,36,7
08-17-20,Davidson,22934,82,22847,71,87,11,28599,88,215804,886,244403,974,3,230,-138,1766,217,20938,8,994,253
08-17-20,Decatur,245,2,189,1,56,1,278,1,3316,6,3594,7,0,3,-8,41,10,201,0,7,4
08-17-20,Dekalb,372,1,369,1,3,0,461,1,5207,27,5668,28,0,2,-7,55,8,315,0,16,4
08-17-20,Dickson,800,7,751,6,49,1,1002,5,9012,44,10014,49,0,4,-9,116,16,680,3,42,6
08-17-20,Dyer,770,7,729,3,41,4,843,7,6583,19,7426,26,0,9,-17,110,24,651,0,47,10
08-17-20,Fayette,831,5,819,4,12,1,1065,7,11189,54,12254,61,0,8,-9,100,14,723,0,66,14
08-17-20,Fentress,130,3,129,2,1,1,143,5,2402,4,2545,9,0,0,-1,38,4,92,0,10,0
08-17-20,Franklin,409,3,399,3,10,0,499,4,7975,78,8474,82,0,4,-6,78,9,327,1,25,5
08-17-20,Gibson,826,18,705,13,121,5,916,13,8427,11,9343,24,0,9,-4,131,22,686,1,41,13
08-17-20,Giles,429,0,427,0,2,0,517,0,5820,11,6337,11,1,14,-5,49,4,366,0,30,14
08-17-20,Grainger,229,4,216,3,13,1,269,4,3432,24,3701,28,0,1,-5,29,9,199,1,15,1
08-17-20,Greene,620,14,588,14,32,0,750,14,9115,12,9865,26,0,9,-11,139,25,472,1,43,9
08-17-20,Grundy,134,1,133,1,1,0,159,1,1624,3,1783,4,0,2,-1,24,2,108,1,17,2
08-17-20,Hamblen,1544,1,1479,1,65,0,1689,2,13507,134,15196,136,0,15,-19,131,20,1398,0,78,22
08-17-20,Hamilton,6697,101,6629,51,68,50,7810,56,87768,417,95578,473,1,60,24,681,76,5956,5,309,68
08-17-20,Hancock,93,0,85,0,8,0,100,0,1301,3,1401,3,0,2,-1,8,1,83,0,11,2
08-17-20,Hardeman,1119,16,1076,15,43,1,1265,17,9411,16,10676,33,0,18,-17,176,33,925,0,54,22
08-17-20,Hardin,537,2,469,1,68,1,608,2,7837,149,8445,151,0,8,-16,63,18,466,0,19,10
08-17-20,Hawkins,586,7,573,5,13,2,673,7,6314,17,6987,24,0,10,-11,125,18,451,1,44,12
08-17-20,Haywood,665,6,635,5,30,1,704,6,4056,10,4760,16,0,7,-16,170,22,488,1,30,10
08-17-20,Henderson,730,20,602,11,128,9,898,17,5292,13,6190,30,0,3,-3,144,23,583,2,30,7
08-17-20,Henry,333,2,325,2,8,0,403,2,6256,33,6659,35,0,1,-9,61,11,271,0,27,3
08-17-20,Hickman,310,3,301,3,9,0,389,3,3762,13,4151,16,0,1,-4,60,7,249,0,8,1
08-17-20,Houston,75,1,73,0,2,1,87,1,1348,6,1435,7,0,0,0,12,1,63,0,9,0
08-17-20,Humphreys,145,2,133,2,12,0,166,1,3458,16,3624,17,0,3,-1,19,3,123,0,4,3
08-17-20,Jackson,183,0,177,0,6,0,210,1,1679,2,1889,3,0,1,-3,36,3,146,0,12,2
08-17-20,Jefferson,668,1,597,0,71,1,711,0,9287,37,9998,37,0,4,-17,96,18,568,0,38,6
08-17-20,Johnson,353,2,350,2,3,0,390,2,4200,2,4590,4,1,1,-17,94,18,258,0,13,1
08-17-20,Knox,5598,49,5410,40,188,9,6202,50,85198,362,91400,412,1,43,-71,839,119,4716,0,248,54
08-17-20,Lake,798,1,796,1,2,0,982,1,4704,12,5686,13,0,1,-7,26,8,771,0,6,1
08-17-20,Lauderdale,563,1,539,1,24,0,626,1,7039,12,7665,13,0,9,-9,82,10,472,0,34,12
08-17-20,Lawrence,643,6,637,6,6,0,759,3,7090,21,7849,24,0,7,-7,112,13,524,1,29,9
08-17-20,Lewis,93,0,93,0,0,0,106,0,2639,4,2745,4,0,1,-5,21,5,71,0,9,1
08-17-20,Lincoln,369,0,367,0,2,0,457,0,5022,161,5479,161,0,1,-14,70,14,298,0,14,1
08-17-20,Loudon,789,2,765,2,24,0,875,1,8260,20,9135,21,0,3,-13,88,15,698,0,25,4
08-17-20,Macon,889,1,881,1,8,0,1087,2,5095,12,6182,14,0,13,-1,26,2,850,0,69,18
08-17-20,Madison,1439,29,1396,27,43,2,1593,31,16554,112,18147,143,0,26,-10,74,39,1339,4,104,35
08-17-20,Marion,286,3,283,2,3,1,353,2,3806,10,4159,12,0,5,0,42,3,239,0,25,6
08-17-20,Marshall,380,2,377,2,3,0,443,1,5492,16,5935,17,0,4,-2,89,4,287,0,16,4
08-17-20,Maury,1460,8,1453,8,7,0,1732,12,14516,49,16248,61,0,10,-35,255,43,1195,2,59,13
08-17-20,McMinn,653,2,649,2,4,0,779,3,10004,71,10783,74,0,20,-11,97,13,536,0,46,22
08-17-20,McNairy,430,8,367,2,63,6,501,15,4188,26,4689,41,0,6,0,59,8,365,0,27,11
08-17-20,Meigs,125,1,123,0,2,1,156,0,1914,4,2070,4,1,1,-3,15,3,109,0,6,2
08-17-20,Monroe,570,4,557,4,13,0,647,4,6076,28,6723,32,0,10,-6,113,10,447,0,48,9
08-17-20,Montgomery,2229,7,2186,6,43,1,2562,6,27403,63,29965,69,0,16,-34,268,41,1945,1,106,29
08-17-20,Moore,97,0,94,0,3,0,117,0,1051,1,1168,1,0,0,-2,23,2,74,0,1,0
08-17-20,Morgan,170,2,164,2,6,0,189,1,5241,12,5430,13,0,1,-7,35,9,134,0,4,1
08-17-20,Obion,703,3,692,3,11,0,781,4,6240,16,7021,20,0,4,-27,134,30,565,0,30,6
08-17-20,Out of State,1492,7,1475,6,17,1,1685,9,183257,642,184942,651,-1,21,-14,107,22,1364,0,57,6
08-17-20,Overton,316,4,309,2,7,2,351,5,4390,2,4741,7,0,1,-4,114,8,201,0,11,1
08-17-20,Pending,460,8,453,8,7,0,542,8,124326,609,124868,617,1,5,-3,88,10,367,1,6,0
08-17-20,Perry,92,2,85,1,7,1,101,2,2023,4,2124,6,0,0,2,14,0,78,1,5,0
08-17-20,Pickett,39,2,37,0,2,2,40,2,718,4,758,6,0,1,1,8,1,30,0,0,1
08-17-20,Polk,297,2,293,2,4,0,335,3,2174,4,2509,7,0,8,-8,47,10,242,1,16,9
08-17-20,Putnam,1885,3,1866,2,19,1,2292,2,19719,11,22011,13,0,20,-33,251,36,1614,0,73,24
08-17-20,Rhea,583,3,583,3,0,0,701,3,6595,23,7296,26,0,2,-5,59,8,522,0,15,3
08-17-20,Roane,535,2,517,2,18,0,640,2,11640,41,12280,43,0,2,-22,85,24,448,0,23,2
08-17-20,Robertson,1688,1,1681,1,7,0,2081,4,11200,54,13281,58,0,21,-26,112,27,1555,0,124,30
08-17-20,Rutherford,7286,23,7268,21,18,2,8877,26,54257,344,63134,370,0,59,-76,624,99,6603,1,223,67
08-17-20,Scott,146,1,143,1,3,0,160,2,2657,13,2817,15,0,2,-4,22,5,122,0,11,2
08-17-20,Sequatchie,148,6,147,6,1,0,172,5,3272,20,3444,25,0,1,2,23,4,124,1,8,1
08-17-20,Sevier,2060,3,2000,3,60,0,2284,6,18057,71,20341,77,1,10,-24,202,26,1848,0,74,12
08-17-20,Shelby,25301,155,25192,153,109,2,30994,197,263655,2367,294649,2564,7,334,-132,2096,280,22871,9,1891,393
08-17-20,Smith,501,0,493,0,8,0,592,0,3711,16,4303,16,0,4,-5,36,5,461,0,23,8
08-17-20,Stewart,86,3,86,3,0,0,109,1,1838,9,1947,10,0,0,2,10,1,76,0,3,0
08-17-20,Sullivan,1217,2,1151,1,66,1,1320,6,18436,62,19756,68,2,18,-32,195,32,1004,0,121,22
08-17-20,Sumner,3774,20,3756,19,18,1,4521,24,28059,116,32580,140,1,76,-22,307,41,3391,1,330,84
08-17-20,Tipton,1306,6,1287,6,19,0,1522,6,14756,52,16278,58,0,12,-18,65,24,1229,0,76,15
08-17-20,Trousdale,1593,0,1590,0,3,0,1662,1,3518,4,5180,5,0,6,-1,6,1,1581,0,18,6
08-17-20,Unicoi,180,0,177,0,3,0,198,0,3659,5,3857,5,0,0,-2,21,2,159,0,5,0
08-17-20,Union,192,3,185,2,7,1,208,2,2846,5,3054,7,0,0,-3,31,6,161,0,6,0
08-17-20,Van Buren,51,0,51,0,0,0,54,0,839,1,893,1,0,0,-1,9,1,42,0,3,0
08-17-20,Warren,628,2,597,2,31,0,697,2,8758,15,9455,17,0,6,-26,121,28,501,0,11,6
08-17-20,Washington,1413,7,1378,7,35,0,1591,8,19111,40,20702,48,0,2,-14,210,21,1201,2,70,5
08-17-20,Wayne,246,2,241,2,5,0,271,1,4253,10,4524,11,0,2,1,13,1,231,1,11,2
08-17-20,Weakley,677,12,635,11,42,1,731,6,6711,23,7442,29,0,5,-2,258,14,414,0,21,10
08-17-20,White,348,0,343,0,5,0,408,1,5114,12,5522,13,0,6,-20,80,20,262,0,18,7
08-17-20,Williamson,3882,21,3862,21,20,0,4623,28,44948,188,49571,216,0,26,-17,431,38,3425,0,103,27
08-17-20,Wilson,2568,12,2562,11,6,1,3088,15,25981,139,29069,154,1,25,-40,258,51,2285,2,94,27
08-16-20,Anderson,798,12,780,12,18,0,945,13,16911,136,17856,149,0,6,7,133,5,659,0,34,7
08-16-20,Bedford,984,6,961,5,23,1,1180,10,7751,103,8931,113,0,12,0,78,6,894,0,40,14
08-16-20,Benton,185,4,181,4,4,0,197,4,2357,34,2554,38,0,2,-1,55,5,128,1,15,2
08-16-20,Bledsoe,761,3,758,3,3,0,787,2,5071,66,5858,68,0,2,1,63,2,696,0,17,3
08-16-20,Blount,1637,21,1606,21,31,0,1916,24,17715,208,19631,232,0,15,-3,288,24,1334,0,78,15
08-16-20,Bradley,2236,18,2186,18,50,0,2673,33,15765,316,18438,349,0,16,-10,304,28,1916,0,128,16
08-16-20,Campbell,300,3,292,2,8,1,347,4,6757,44,7104,48,0,1,0,44,3,255,0,15,2
08-16-20,Cannon,166,4,157,4,9,0,207,4,2377,31,2584,35,0,0,1,25,3,141,0,6,0
08-16-20,Carroll,371,5,327,5,44,0,404,6,4693,101,5097,107,0,6,-2,101,7,264,1,25,6
08-16-20,Carter,718,20,690,20,28,0,791,18,9837,137,10628,155,0,6,11,179,9,533,1,57,9
08-16-20,Cheatham,646,9,642,9,4,0,793,13,7171,97,7964,110,0,9,4,61,5,576,0,25,9
08-16-20,Chester,303,7,269,7,34,0,330,7,2087,41,2417,48,0,2,-1,59,8,242,1,11,3
08-16-20,Claiborne,304,7,286,6,18,1,336,7,6420,132,6756,139,1,1,4,46,2,257,0,13,4
08-16-20,Clay,105,2,99,2,6,0,109,2,1641,39,1750,41,0,0,2,21,0,84,0,3,1
08-16-20,Cocke,571,10,542,10,29,0,615,15,5324,53,5939,68,0,5,7,108,3,458,0,28,6
08-16-20,Coffee,604,7,566,7,38,0,731,15,10676,168,11407,183,0,4,-7,136,14,464,1,22,5
08-16-20,Crockett,312,4,290,4,22,0,345,5,2019,32,2364,37,0,7,1,33,3,272,0,17,15
08-16-20,Cumberland,623,26,619,26,4,0,777,28,14048,253,14825,281,0,7,19,195,7,421,0,35,7
08-16-20,Davidson,22852,176,22776,168,76,8,28511,239,214918,2083,243429,2322,7,227,50,1904,119,20721,8,986,252
08-16-20,Decatur,243,5,188,5,55,0,277,8,3310,70,3587,78,0,3,1,49,4,191,0,7,4
08-16-20,Dekalb,371,5,368,5,3,0,460,8,5180,122,5640,130,0,2,5,62,0,307,1,16,3
08-16-20,Dickson,793,6,745,6,48,0,997,9,8968,109,9965,118,0,4,0,125,6,664,0,39,6
08-16-20,Dyer,763,7,726,7,37,0,836,8,6564,91,7400,99,0,9,-3,127,10,627,0,47,10
08-16-20,Fayette,826,6,815,6,11,0,1058,10,11135,66,12193,76,0,8,2,109,4,709,0,66,14
08-16-20,Fentress,127,2,127,2,0,0,138,2,2398,36,2536,38,0,0,-2,39,4,88,0,10,0
08-16-20,Franklin,406,6,396,6,10,0,495,8,7897,161,8392,169,0,4,2,84,4,318,0,24,5
08-16-20,Gibson,808,11,692,11,116,0,903,14,8416,95,9319,109,0,9,-1,135,12,664,0,40,13
08-16-20,Giles,429,5,427,5,2,0,517,6,5809,122,6326,128,0,13,3,54,2,362,0,30,14
08-16-20,Grainger,225,6,213,6,12,0,265,7,3408,39,3673,46,0,1,4,34,2,190,0,14,1
08-16-20,Greene,606,16,574,16,32,0,736,31,9103,138,9839,169,0,9,7,150,9,447,0,42,9
08-16-20,Grundy,133,1,132,1,1,0,158,1,1621,38,1779,39,0,2,1,25,0,106,0,16,2
08-16-20,Hamblen,1543,13,1478,13,65,0,1687,14,13373,142,15060,156,0,15,4,150,9,1378,1,78,22
08-16-20,Hamilton,6596,75,6578,75,18,0,7754,104,87351,1380,95105,1484,1,59,19,657,55,5880,2,304,67
08-16-20,Hancock,93,0,85,0,8,0,100,0,1298,19,1398,19,0,2,0,9,0,82,0,11,2
08-16-20,Hardeman,1103,23,1061,22,42,1,1248,24,9395,102,10643,126,0,18,14,193,9,892,1,54,22
08-16-20,Hardin,535,9,468,9,67,0,606,11,7688,163,8294,174,0,8,6,79,3,448,1,19,10
08-16-20,Hawkins,579,11,568,11,11,0,666,17,6297,84,6963,101,0,10,-4,136,15,433,0,43,10
08-16-20,Haywood,659,16,630,16,29,0,698,18,4046,85,4744,103,0,7,10,186,6,466,1,29,10
08-16-20,Henderson,710,10,591,10,119,0,881,27,5279,140,6160,167,0,3,1,147,9,560,1,28,7
08-16-20,Henry,331,6,323,6,8,0,401,9,6223,108,6624,117,0,1,0,70,6,260,0,27,2
08-16-20,Hickman,307,4,298,4,9,0,386,7,3749,45,4135,52,0,1,1,64,3,242,0,8,1
08-16-20,Houston,74,1,73,1,1,0,86,1,1342,19,1428,20,0,0,1,12,0,62,0,9,0
08-16-20,Humphreys,143,0,131,0,12,0,165,0,3442,26,3607,26,0,3,-3,20,3,120,0,4,3
08-16-20,Jackson,183,6,177,6,6,0,209,6,1677,25,1886,31,0,1,6,39,0,143,0,12,2
08-16-20,Jefferson,667,6,597,4,70,2,711,5,9250,67,9961,72,0,4,1,113,5,550,1,38,6
08-16-20,Johnson,351,5,348,5,3,0,388,14,4198,54,4586,68,0,0,-11,111,16,240,0,13,1
08-16-20,Knox,5549,80,5370,74,179,6,6152,76,84836,560,90988,636,0,42,7,910,73,4597,1,248,53
08-16-20,Lake,797,3,795,3,2,0,981,4,4692,30,5673,34,0,1,3,33,0,763,0,6,1
08-16-20,Lauderdale,562,1,538,1,24,0,625,2,7027,59,7652,61,0,9,-1,91,2,462,0,34,12
08-16-20,Lawrence,637,8,631,7,6,1,756,11,7069,103,7825,114,0,7,-5,119,13,511,0,28,9
08-16-20,Lewis,93,0,93,0,0,0,106,3,2635,61,2741,64,0,1,0,26,0,66,0,9,1
08-16-20,Lincoln,369,6,367,6,2,0,457,12,4861,68,5318,80,0,1,4,84,2,284,0,14,1
08-16-20,Loudon,787,8,763,8,24,0,874,10,8240,88,9114,98,0,3,4,101,4,683,0,25,4
08-16-20,Macon,888,5,880,5,8,0,1085,7,5083,44,6168,51,0,13,5,27,0,848,2,69,18
08-16-20,Madison,1410,36,1369,36,41,0,1562,40,16442,316,18004,356,1,26,18,84,17,1300,0,100,34
08-16-20,Marion,283,5,281,5,2,0,351,5,3796,74,4147,79,0,5,1,42,4,236,0,25,6
08-16-20,Marshall,378,10,375,10,3,0,442,13,5476,121,5918,134,0,4,7,91,3,283,0,16,4
08-16-20,Maury,1452,29,1445,29,7,0,1720,44,14467,273,16187,317,1,10,15,290,13,1152,1,57,13
08-16-20,McMinn,651,15,647,15,4,0,776,20,9933,144,10709,164,0,20,14,108,1,523,0,46,22
08-16-20,McNairy,422,9,365,8,57,1,486,8,4162,64,4648,72,0,6,5,59,4,357,1,27,11
08-16-20,Meigs,124,4,123,4,1,0,156,5,1910,28,2066,33,0,0,3,18,1,106,0,6,2
08-16-20,Monroe,566,11,553,11,13,0,643,15,6048,141,6691,156,0,10,10,119,1,437,0,48,9
08-16-20,Montgomery,2222,24,2180,23,42,1,2556,30,27340,357,29896,387,0,16,5,302,19,1904,1,105,27
08-16-20,Moore,97,2,94,1,3,1,117,3,1050,20,1167,23,0,0,0,25,2,72,1,1,0
08-16-20,Morgan,168,4,162,4,6,0,188,4,5229,20,5417,24,0,1,1,42,3,125,0,4,1
08-16-20,Obion,700,17,689,17,11,0,777,19,6224,103,7001,122,0,4,8,161,9,535,0,30,6
08-16-20,Out of State,1485,14,1469,14,16,0,1676,19,182615,1342,184291,1361,2,22,0,121,12,1342,1,57,6
08-16-20,Overton,312,12,307,12,5,0,346,13,4388,68,4734,81,0,1,7,118,5,193,0,11,1
08-16-20,Pending,452,12,445,12,7,0,534,17,123717,1069,124251,1086,1,4,5,91,6,357,0,5,0
08-16-20,Perry,90,3,84,3,6,0,99,3,2019,18,2118,21,0,0,3,12,0,78,0,4,0
08-16-20,Pickett,37,0,37,0,0,0,38,0,714,2,752,2,0,1,-2,7,2,29,0,0,1
08-16-20,Polk,295,15,291,15,4,0,332,18,2170,45,2502,63,0,8,11,55,4,232,0,15,9
08-16-20,Putnam,1882,24,1864,24,18,0,2290,28,19708,298,21998,326,0,20,-2,284,26,1578,0,73,24
08-16-20,Rhea,580,5,580,5,0,0,698,6,6572,208,7270,214,0,2,3,64,2,514,0,15,3
08-16-20,Roane,533,8,515,8,18,0,638,8,11599,71,12237,79,0,2,2,107,6,424,0,23,2
08-16-20,Robertson,1687,9,1680,9,7,0,2077,10,11146,99,13223,109,0,21,-2,138,11,1528,1,124,28
08-16-20,Rutherford,7263,65,7247,65,16,0,8851,77,53913,696,62764,773,0,59,15,700,50,6504,1,222,66
08-16-20,Scott,145,1,142,1,3,0,158,1,2644,40,2802,41,0,2,-4,26,5,117,0,11,2
08-16-20,Sequatchie,142,3,141,3,1,0,167,4,3252,92,3419,96,0,1,1,21,2,120,0,7,1
08-16-20,Sevier,2057,15,1997,15,60,0,2278,16,17986,135,20264,151,0,9,1,226,14,1822,1,74,12
08-16-20,Shelby,25146,116,25039,116,107,0,30797,170,261288,1404,292085,1574,4,327,-15,2228,127,22591,0,1882,391
08-16-20,Smith,501,5,493,5,8,0,592,6,3695,39,4287,45,0,4,4,41,1,456,0,23,8
08-16-20,Stewart,83,0,83,0,0,0,108,0,1829,80,1937,80,0,0,-1,8,1,75,0,3,0
08-16-20,Sullivan,1215,16,1150,15,65,1,1314,20,18374,212,19688,232,0,16,-3,227,19,972,3,121,22
08-16-20,Sumner,3754,14,3737,14,17,0,4497,17,27943,225,32440,242,0,75,-11,329,25,3350,2,329,84
08-16-20,Tipton,1300,7,1281,7,19,0,1516,9,14704,79,16220,88,0,12,-4,83,11,1205,0,76,15
08-16-20,Trousdale,1593,1,1590,1,3,0,1661,1,3514,22,5175,23,0,6,0,7,1,1580,0,18,6
08-16-20,Unicoi,180,0,177,0,3,0,198,2,3654,40,3852,42,0,0,-1,23,1,157,0,5,0
08-16-20,Union,189,2,183,2,6,0,206,2,2841,27,3047,29,0,0,-3,34,5,155,0,6,0
08-16-20,Van Buren,51,1,51,1,0,0,54,1,838,14,892,15,0,0,1,10,0,41,0,3,0
08-16-20,Warren,626,29,595,29,31,0,695,30,8743,232,9438,262,1,6,18,147,10,473,0,11,6
08-16-20,Washington,1406,30,1371,29,35,1,1583,38,19071,298,20654,336,0,2,0,224,30,1180,0,68,4
08-16-20,Wayne,244,3,239,3,5,0,270,4,4243,33,4513,37,0,2,1,12,2,230,0,10,2
08-16-20,Weakley,665,28,624,28,41,0,725,30,6688,190,7413,220,0,5,13,260,15,400,1,21,10
08-16-20,White,348,10,343,10,5,0,407,12,5102,71,5509,83,1,6,-2,100,11,242,1,18,7
08-16-20,Williamson,3861,51,3841,50,20,1,4595,58,44760,480,49355,538,0,26,16,448,35,3387,1,103,26
08-16-20,Wilson,2556,29,2551,29,5,0,3073,33,25842,288,28915,321,1,24,2,298,26,2234,1,92,27
08-15-20,Anderson,786,10,768,10,18,0,932,12,16775,216,17707,228,-1,6,5,126,6,654,0,34,6
08-15-20,Bedford,978,17,956,16,22,1,1170,28,7648,180,8818,208,1,12,8,78,8,888,0,40,14
08-15-20,Benton,181,4,177,4,4,0,193,4,2323,20,2516,24,1,2,-1,56,4,123,0,14,2
08-15-20,Bledsoe,758,9,755,9,3,0,785,12,5005,91,5790,103,0,2,6,62,3,694,0,17,3
08-15-20,Blount,1616,29,1585,27,31,2,1892,33,17507,184,19399,217,0,15,11,291,18,1310,1,78,15
08-15-20,Bradley,2218,38,2168,38,50,0,2640,42,15449,198,18089,240,1,16,12,314,25,1888,1,128,16
08-15-20,Campbell,297,4,290,4,7,0,343,6,6713,184,7056,190,0,1,1,44,3,252,1,15,1
08-15-20,Cannon,162,1,153,1,9,0,203,1,2346,53,2549,54,0,0,-5,24,6,138,0,6,0
08-15-20,Carroll,366,12,322,6,44,6,398,12,4592,52,4990,64,0,6,6,103,6,257,1,24,6
08-15-20,Carter,698,20,670,19,28,1,773,29,9700,270,10473,299,0,6,4,168,16,524,0,56,8
08-15-20,Cheatham,637,8,633,7,4,1,780,9,7074,114,7854,123,0,9,3,57,5,571,0,25,9
08-15-20,Chester,296,21,262,19,34,2,323,21,2046,30,2369,51,0,2,16,60,5,234,1,10,3
08-15-20,Claiborne,297,1,280,1,17,0,329,2,6288,100,6617,102,0,0,-3,42,4,255,0,13,4
08-15-20,Clay,103,3,97,3,6,0,107,4,1602,30,1709,34,0,0,0,19,3,84,0,3,1
08-15-20,Cocke,561,12,532,11,29,1,600,11,5271,53,5871,64,0,5,6,101,6,455,0,28,6
08-15-20,Coffee,597,16,559,16,38,0,716,22,10508,195,11224,217,1,4,8,143,7,450,0,21,5
08-15-20,Crockett,308,5,286,4,22,1,340,7,1987,23,2327,30,1,7,0,32,4,269,0,17,14
08-15-20,Cumberland,597,10,593,10,4,0,749,13,13795,147,14544,160,0,7,3,176,7,414,0,35,7
08-15-20,Davidson,22676,218,22608,210,68,8,28272,301,212835,2871,241107,3172,-1,220,85,1854,134,20602,12,978,252
08-15-20,Decatur,238,3,183,2,55,1,269,5,3240,57,3509,62,0,3,-2,48,5,187,0,7,4
08-15-20,Dekalb,366,0,363,0,3,0,452,0,5058,26,5510,26,0,2,-2,57,2,307,0,15,3
08-15-20,Dickson,787,16,739,13,48,3,988,17,8859,168,9847,185,0,4,2,125,14,658,0,39,6
08-15-20,Dyer,756,11,719,11,37,0,828,13,6473,98,7301,111,0,9,4,130,7,617,0,47,10
08-15-20,Fayette,820,7,809,4,11,3,1048,10,11069,119,12117,129,0,8,-1,107,8,705,1,66,14
08-15-20,Fentress,125,16,125,16,0,0,136,17,2362,21,2498,38,0,0,14,41,2,84,0,10,0
08-15-20,Franklin,400,16,390,15,10,1,487,23,7736,252,8223,275,0,4,12,82,4,314,3,24,4
08-15-20,Gibson,797,22,681,14,116,8,889,24,8321,92,9210,116,0,9,5,136,17,652,0,40,11
08-15-20,Giles,424,5,422,5,2,0,511,9,5687,128,6198,137,0,13,1,51,4,360,0,30,14
08-15-20,Grainger,219,0,207,0,12,0,258,0,3369,33,3627,33,0,1,-8,30,8,188,0,14,1
08-15-20,Greene,590,29,558,29,32,0,705,46,8965,186,9670,232,0,9,17,143,12,438,0,42,9
08-15-20,Grundy,132,1,131,1,1,0,157,1,1583,37,1740,38,0,2,0,24,1,106,0,16,2
08-15-20,Hamblen,1530,11,1465,10,65,1,1673,14,13231,109,14904,123,0,15,-4,146,15,1369,0,77,22
08-15-20,Hamilton,6521,129,6503,129,18,0,7650,203,85971,1393,93621,1596,0,58,70,638,59,5825,5,302,67
08-15-20,Hancock,93,0,85,0,8,0,100,0,1279,21,1379,21,0,2,-1,9,1,82,0,11,2
08-15-20,Hardeman,1080,23,1039,19,41,4,1224,25,9293,60,10517,85,0,18,19,179,4,883,2,53,21
08-15-20,Hardin,526,10,459,9,67,1,595,10,7525,41,8120,51,0,8,4,73,6,445,0,18,10
08-15-20,Hawkins,568,27,557,26,11,1,649,45,6213,144,6862,189,0,10,9,140,18,418,0,43,10
08-15-20,Haywood,643,21,614,18,29,3,680,21,3961,121,4641,142,0,7,5,176,16,460,0,28,10
08-15-20,Henderson,700,7,581,3,119,4,854,7,5139,108,5993,115,1,3,-10,146,16,551,0,27,6
08-15-20,Henry,325,9,317,9,8,0,392,12,6115,47,6507,59,0,1,-2,70,11,254,0,27,1
08-15-20,Hickman,303,8,294,6,9,2,379,10,3704,73,4083,83,0,1,3,63,5,239,0,8,1
08-15-20,Houston,73,2,72,2,1,0,85,2,1323,20,1408,22,0,0,1,11,1,62,1,9,0
08-15-20,Humphreys,143,3,131,3,12,0,165,4,3416,53,3581,57,0,3,1,23,2,117,0,4,3
08-15-20,Jackson,177,1,171,1,6,0,203,1,1652,6,1855,7,0,1,-1,33,2,143,0,12,2
08-15-20,Jefferson,661,3,593,2,68,1,706,2,9183,69,9889,71,0,4,-7,112,10,545,1,37,5
08-15-20,Johnson,346,23,343,23,3,0,374,33,4144,84,4518,117,0,0,14,122,9,224,0,13,1
08-15-20,Knox,5469,118,5296,115,173,3,6076,127,84276,1214,90352,1341,1,42,40,903,77,4524,2,247,52
08-15-20,Lake,794,1,792,1,2,0,977,1,4662,13,5639,14,1,1,-4,30,4,763,0,6,1
08-15-20,Lauderdale,561,6,537,5,24,1,623,8,6968,83,7591,91,0,9,0,92,6,460,0,34,12
08-15-20,Lawrence,629,16,624,16,5,0,745,26,6966,159,7711,185,0,7,0,124,16,498,0,28,9
08-15-20,Lewis,93,7,93,7,0,0,103,9,2574,92,2677,101,0,1,5,26,2,66,0,9,1
08-15-20,Lincoln,363,10,361,10,2,0,445,15,4793,77,5238,92,0,1,8,80,2,282,1,14,1
08-15-20,Loudon,779,14,755,14,24,0,864,15,8152,104,9016,119,0,3,2,97,12,679,0,25,4
08-15-20,Macon,883,2,875,2,8,0,1078,2,5039,24,6117,26,0,13,-2,22,4,848,1,67,18
08-15-20,Madison,1374,36,1333,35,41,1,1522,41,16126,308,17648,349,2,25,6,66,28,1283,4,100,34
08-15-20,Marion,278,9,276,9,2,0,346,14,3722,69,4068,83,0,5,8,41,1,232,0,25,6
08-15-20,Marshall,368,21,365,19,3,2,429,27,5355,262,5784,289,0,4,20,84,1,280,0,16,4
08-15-20,Maury,1423,39,1416,39,7,0,1676,61,14194,314,15870,375,0,9,18,275,21,1139,2,56,13
08-15-20,McMinn,636,10,632,10,4,0,756,11,9789,170,10545,181,0,20,-2,94,12,522,0,46,22
08-15-20,McNairy,413,7,357,2,56,5,478,6,4098,39,4576,45,0,6,4,54,3,353,0,26,11
08-15-20,Meigs,120,2,119,2,1,0,151,3,1882,18,2033,21,0,0,2,15,0,105,0,6,1
08-15-20,Monroe,555,13,542,13,13,0,628,14,5907,123,6535,137,0,10,7,109,6,436,1,48,9
08-15-20,Montgomery,2198,46,2157,36,41,10,2526,42,26983,371,29509,413,1,16,15,297,30,1885,2,104,26
08-15-20,Moore,95,6,93,6,2,0,114,10,1030,27,1144,37,0,0,-2,25,8,70,0,0,0
08-15-20,Morgan,164,0,158,0,6,0,184,0,5209,36,5393,36,0,1,-1,41,1,122,0,4,1
08-15-20,Obion,683,16,672,16,11,0,758,17,6121,81,6879,98,0,4,9,153,7,526,0,30,6
08-15-20,Out of State,1471,17,1455,17,16,0,1657,23,181273,3183,182930,3206,0,20,-1,121,18,1330,0,56,6
08-15-20,Overton,300,13,295,13,5,0,333,13,4320,59,4653,72,0,1,10,111,3,188,0,11,1
08-15-20,Pending,440,16,433,16,7,0,517,19,122648,1499,123165,1518,0,3,12,86,4,351,0,5,0
08-15-20,Perry,87,0,81,0,6,0,96,1,2001,39,2097,40,0,0,0,9,0,78,0,4,0
08-15-20,Pickett,37,0,37,0,0,0,38,0,712,3,750,3,0,1,-3,9,3,27,0,0,1
08-15-20,Polk,280,10,276,9,4,1,314,16,2125,49,2439,65,3,8,5,44,2,228,0,15,9
08-15-20,Putnam,1858,6,1840,6,18,0,2262,7,19410,175,21672,182,0,20,-12,286,18,1552,0,73,24
08-15-20,Rhea,575,7,575,7,0,0,692,15,6364,209,7056,224,0,2,-2,61,9,512,0,15,3
08-15-20,Roane,525,9,507,9,18,0,630,10,11528,142,12158,152,0,2,3,105,6,418,0,23,2
08-15-20,Robertson,1678,20,1671,20,7,0,2067,19,11047,110,13114,129,0,21,8,140,12,1517,0,123,28
08-15-20,Rutherford,7198,105,7182,104,16,1,8774,138,53217,835,61991,973,2,59,41,685,62,6454,0,221,66
08-15-20,Scott,144,1,141,1,3,0,157,1,2604,35,2761,36,0,2,-3,30,4,112,0,11,2
08-15-20,Sequatchie,139,1,138,1,1,0,163,1,3160,54,3323,55,0,1,0,20,1,118,0,7,1
08-15-20,Sevier,2042,22,1982,22,60,0,2262,30,17851,199,20113,229,0,9,8,225,14,1808,0,73,11
08-15-20,Shelby,25030,215,24923,211,107,4,30627,302,259884,2966,290511,3268,2,323,33,2243,180,22464,12,1882,382
08-15-20,Smith,496,3,488,3,8,0,586,3,3656,31,4242,34,0,4,-1,37,4,455,0,23,8
08-15-20,Stewart,83,2,83,2,0,0,108,3,1749,18,1857,21,0,0,1,9,1,74,0,3,0
08-15-20,Sullivan,1199,45,1135,45,64,0,1294,56,18162,572,19456,628,0,16,15,230,30,953,1,118,21
08-15-20,Sumner,3740,30,3723,30,17,0,4480,48,27718,420,32198,468,1,75,2,340,27,3325,1,327,83
08-15-20,Tipton,1293,3,1274,2,19,1,1507,5,14625,149,16132,154,0,12,-2,87,5,1194,0,76,15
08-15-20,Trousdale,1592,1,1589,1,3,0,1660,2,3492,30,5152,32,0,6,-1,7,2,1579,0,18,6
08-15-20,Unicoi,180,5,177,5,3,0,196,7,3614,51,3810,58,0,0,-1,24,6,156,1,5,0
08-15-20,Union,187,5,181,5,6,0,204,5,2814,45,3018,50,0,0,-2,37,7,150,0,6,0
08-15-20,Van Buren,50,2,50,2,0,0,53,2,824,4,877,6,0,0,-1,9,3,41,0,3,0
08-15-20,Warren,597,8,566,8,31,0,665,7,8511,54,9176,61,1,5,-3,129,10,463,0,11,6
08-15-20,Washington,1376,28,1342,27,34,1,1545,45,18773,386,20318,431,0,2,4,224,24,1150,0,68,3
08-15-20,Wayne,241,3,236,3,5,0,266,2,4210,38,4476,40,0,2,1,11,2,228,1,10,2
08-15-20,Weakley,637,24,596,24,41,0,695,29,6498,157,7193,186,0,5,17,247,7,385,1,20,9
08-15-20,White,338,5,333,5,5,0,395,5,5031,15,5426,20,0,5,-7,102,12,231,0,17,7
08-15-20,Williamson,3810,82,3791,82,19,0,4537,83,44280,606,48817,689,1,26,38,432,43,3352,0,102,25
08-15-20,Wilson,2527,36,2522,36,5,0,3040,49,25554,431,28594,480,0,23,0,296,36,2208,0,91,26
08-14-20,Anderson,776,18,758,17,18,1,920,22,16559,322,17479,344,0,7,-8,121,26,648,0,34,6
08-14-20,Bedford,961,1,940,1,21,0,1142,3,7468,44,8610,47,0,11,-7,70,8,880,0,40,14
08-14-20,Benton,177,3,173,3,4,0,189,3,2303,27,2492,30,0,1,-8,57,11,119,0,14,2
08-14-20,Bledsoe,749,6,746,6,3,0,773,6,4914,56,5687,62,0,2,-2,56,8,691,1,17,3
08-14-20,Blount,1587,45,1558,44,29,1,1859,55,17323,310,19182,365,0,15,5,280,40,1292,3,77,15
08-14-20,Bradley,2180,17,2130,16,50,1,2598,24,15251,324,17849,348,0,15,-15,302,32,1863,3,127,16
08-14-20,Campbell,293,4,286,4,7,0,337,6,6529,71,6866,77,0,1,-4,43,8,249,0,14,1
08-14-20,Cannon,161,1,152,1,9,0,202,0,2293,14,2495,14,0,0,-1,29,2,132,0,6,0
08-14-20,Carroll,354,11,316,10,38,1,386,13,4540,80,4926,93,0,6,3,97,8,251,0,23,6
08-14-20,Carter,678,7,651,7,27,0,744,9,9430,37,10174,46,0,6,-17,164,24,508,1,56,8
08-14-20,Cheatham,629,5,626,5,3,0,771,8,6960,48,7731,56,0,9,-6,54,11,566,0,25,9
08-14-20,Chester,275,11,243,7,32,4,302,12,2016,26,2318,38,0,2,6,44,5,229,0,9,2
08-14-20,Claiborne,296,5,279,5,17,0,327,6,6188,60,6515,66,0,0,-5,45,10,251,0,13,3
08-14-20,Clay,100,1,94,1,6,0,103,1,1572,11,1675,12,0,0,-3,19,4,81,1,3,1
08-14-20,Cocke,549,7,521,6,28,1,589,7,5218,58,5807,65,0,5,-3,95,10,449,1,28,5
08-14-20,Coffee,581,7,543,6,38,1,694,5,10313,73,11007,78,0,3,-10,135,17,443,0,21,4
08-14-20,Crockett,303,3,282,2,21,1,333,2,1964,15,2297,17,1,6,-6,32,8,265,0,17,14
08-14-20,Cumberland,587,43,583,43,4,0,736,52,13648,205,14384,257,0,7,37,173,6,407,1,35,7
08-14-20,Davidson,22458,114,22398,111,60,3,27971,129,209964,616,237935,745,0,221,-30,1769,144,20468,9,966,249
08-14-20,Decatur,235,4,181,3,54,1,264,4,3183,116,3447,120,0,3,-1,50,5,182,0,7,4
08-14-20,Dekalb,366,7,363,7,3,0,452,8,5032,33,5484,41,1,2,-4,59,10,305,0,15,3
08-14-20,Dickson,771,4,726,3,45,1,971,4,8691,38,9662,42,1,4,-11,123,14,644,0,39,6
08-14-20,Dyer,745,25,708,16,37,9,815,18,6375,152,7190,170,0,9,13,126,12,610,1,47,10
08-14-20,Fayette,813,10,805,10,8,0,1038,14,10950,90,11988,104,0,8,-1,108,11,697,0,65,13
08-14-20,Fentress,109,1,109,1,0,0,119,1,2341,14,2460,15,0,0,0,27,1,82,0,10,0
08-14-20,Franklin,384,5,375,5,9,0,464,7,7484,54,7948,61,0,4,-2,70,7,310,0,21,4
08-14-20,Gibson,775,12,667,10,108,2,865,13,8229,93,9094,106,0,9,1,131,11,635,0,40,10
08-14-20,Giles,419,2,417,2,2,0,502,0,5559,10,6061,10,0,13,-8,50,10,356,0,30,13
08-14-20,Grainger,219,2,207,1,12,1,258,2,3336,31,3594,33,1,1,-8,38,9,180,0,14,1
08-14-20,Greene,561,2,529,1,32,1,659,3,8779,58,9438,61,0,9,-10,126,12,426,0,42,9
08-14-20,Grundy,131,2,130,2,1,0,156,2,1546,13,1702,15,0,2,1,24,1,105,0,16,2
08-14-20,Hamblen,1519,15,1455,15,64,0,1659,15,13122,192,14781,207,0,15,-8,150,23,1354,0,77,21
08-14-20,Hamilton,6392,52,6374,50,18,2,7447,44,84578,398,92025,442,2,58,-22,568,72,5766,1,297,64
08-14-20,Hancock,93,1,85,1,8,0,100,1,1258,2,1358,3,0,2,-1,10,2,81,0,11,2
08-14-20,Hardeman,1057,30,1020,29,37,1,1199,43,9233,146,10432,189,0,18,11,160,19,879,0,51,21
08-14-20,Hardin,516,7,450,6,66,1,585,7,7484,53,8069,60,0,8,0,69,7,439,0,18,10
08-14-20,Hawkins,541,3,531,3,10,0,604,6,6069,68,6673,74,0,10,-40,131,43,400,0,43,10
08-14-20,Haywood,622,23,596,19,26,4,659,23,3840,87,4499,110,0,7,8,171,15,444,0,28,9
08-14-20,Henderson,693,18,578,15,115,3,847,24,5031,141,5878,165,0,2,8,156,10,535,0,27,5
08-14-20,Henry,316,4,308,3,8,1,380,4,6068,106,6448,110,0,1,-2,72,6,243,0,27,1
08-14-20,Hickman,295,2,288,2,7,0,369,1,3631,6,4000,7,0,1,-5,60,7,234,0,8,1
08-14-20,Houston,71,1,70,1,1,0,83,1,1303,14,1386,15,0,0,0,10,1,61,0,8,0
08-14-20,Humphreys,140,2,128,1,12,1,161,3,3363,47,3524,50,0,3,-3,22,5,115,0,4,3
08-14-20,Jackson,176,1,170,1,6,0,202,2,1646,10,1848,12,0,1,-2,34,3,141,0,12,2
08-14-20,Jefferson,658,9,591,5,67,4,704,11,9114,133,9818,144,0,4,-1,119,10,535,0,36,5
08-14-20,Johnson,323,1,320,1,3,0,341,1,4060,5,4401,6,0,0,-26,108,27,215,0,13,0
08-14-20,Knox,5351,88,5181,79,170,9,5949,93,83062,1007,89011,1100,0,41,1,863,87,4447,2,245,52
08-14-20,Lake,793,0,791,0,2,0,976,0,4649,20,5625,20,0,0,-4,34,4,759,0,6,1
08-14-20,Lauderdale,555,11,532,8,23,3,615,15,6885,60,7500,75,0,9,-1,92,12,454,0,34,12
08-14-20,Lawrence,613,5,608,5,5,0,719,2,6807,17,7526,19,0,7,-6,124,11,482,0,28,9
08-14-20,Lewis,86,0,86,0,0,0,94,0,2482,12,2576,12,0,1,-5,21,5,64,0,9,1
08-14-20,Lincoln,353,3,351,3,2,0,430,3,4716,11,5146,14,0,1,-3,72,6,280,0,13,1
08-14-20,Loudon,765,6,741,5,24,1,849,7,8048,109,8897,116,0,3,-7,95,13,667,0,25,4
08-14-20,Macon,881,2,873,2,8,0,1076,3,5015,15,6091,18,0,13,-1,24,3,844,0,66,17
08-14-20,Madison,1338,25,1298,24,40,1,1481,32,15818,155,17299,187,0,23,-1,60,26,1255,1,96,32
08-14-20,Marion,269,1,267,1,2,0,332,1,3653,18,3985,19,0,5,-5,33,6,231,0,25,6
08-14-20,Marshall,347,5,346,4,1,1,402,5,5093,21,5495,26,0,4,0,64,5,279,0,16,4
08-14-20,Maury,1384,13,1377,13,7,0,1615,13,13880,70,15495,83,0,9,-1,257,14,1118,1,54,12
08-14-20,McMinn,626,4,622,3,4,1,745,6,9619,146,10364,152,0,20,0,96,4,510,1,46,22
08-14-20,McNairy,406,1,355,1,51,0,472,2,4059,36,4531,38,0,6,-9,50,10,350,0,26,10
08-14-20,Meigs,118,1,117,1,1,0,148,2,1864,14,2012,16,0,0,-1,13,2,105,0,6,1
08-14-20,Monroe,542,19,529,19,13,0,614,21,5784,126,6398,147,0,10,10,102,9,430,2,47,9
08-14-20,Montgomery,2152,20,2121,16,31,4,2484,22,26612,226,29096,248,0,15,-18,282,38,1855,1,102,26
08-14-20,Moore,89,0,87,0,2,0,104,2,1003,3,1107,5,0,0,-8,27,8,62,0,0,0
08-14-20,Morgan,164,8,158,6,6,2,184,7,5173,31,5357,38,0,1,-1,42,9,121,0,4,1
08-14-20,Obion,667,12,656,12,11,0,741,14,6040,67,6781,81,0,4,-11,144,23,519,0,30,6
08-14-20,Out of State,1454,7,1438,6,16,1,1634,9,178090,821,179724,830,1,20,-4,122,10,1312,0,56,5
08-14-20,Overton,287,8,282,7,5,1,320,8,4261,20,4581,28,0,1,-1,101,9,185,0,11,1
08-14-20,Pending,424,5,417,5,7,0,498,5,121149,847,121647,852,0,3,-3,74,8,347,0,5,0
08-14-20,Perry,87,1,81,1,6,0,95,0,1962,5,2057,5,0,0,-1,9,2,78,0,4,0
08-14-20,Pickett,37,0,37,0,0,0,38,0,709,2,747,2,0,1,-2,12,2,24,0,0,1
08-14-20,Polk,270,8,267,8,3,0,298,28,2076,24,2374,52,0,5,3,39,5,226,2,15,9
08-14-20,Putnam,1852,21,1834,21,18,0,2255,25,19235,216,21490,241,0,20,-16,298,37,1534,1,73,23
08-14-20,Rhea,568,2,568,2,0,0,677,4,6155,42,6832,46,0,2,-2,63,4,503,0,15,3
08-14-20,Roane,516,9,498,9,18,0,620,13,11386,166,12006,179,0,2,-5,102,14,412,0,23,2
08-14-20,Robertson,1658,7,1651,7,7,0,2048,8,10937,26,12985,34,0,21,-3,132,10,1505,1,123,27
08-14-20,Rutherford,7093,51,7078,51,15,0,8636,63,52382,360,61018,423,2,57,-12,644,61,6392,0,221,66
08-14-20,Scott,143,0,140,0,3,0,156,1,2569,31,2725,32,0,2,-2,33,2,108,0,11,2
08-14-20,Sequatchie,138,1,137,1,1,0,162,1,3106,32,3268,33,0,1,0,20,1,117,0,7,1
08-14-20,Sevier,2020,44,1960,44,60,0,2232,47,17652,134,19884,181,0,9,22,217,22,1794,0,73,11
08-14-20,Shelby,24815,275,24712,272,103,3,30325,330,256918,2751,287243,3081,2,321,27,2210,246,22284,8,1870,382
08-14-20,Smith,493,6,485,6,8,0,583,37,3625,22,4208,59,0,4,2,38,4,451,0,23,7
08-14-20,Stewart,81,1,81,1,0,0,105,0,1731,18,1836,18,0,0,0,8,1,73,0,3,0
08-14-20,Sullivan,1154,13,1090,11,64,2,1238,15,17590,235,18828,250,1,16,-15,215,27,923,1,117,19
08-14-20,Sumner,3710,31,3693,31,17,0,4432,35,27298,142,31730,177,1,74,-13,338,43,3298,2,326,83
08-14-20,Tipton,1290,11,1272,11,18,0,1502,17,14476,115,15978,132,0,12,-1,89,12,1189,0,76,14
08-14-20,Trousdale,1591,1,1588,1,3,0,1658,0,3462,10,5120,10,0,6,-2,8,3,1577,0,18,6
08-14-20,Unicoi,175,0,172,0,3,0,189,0,3563,6,3752,6,0,0,-5,25,5,150,0,4,0
08-14-20,Union,182,6,176,4,6,2,199,5,2769,40,2968,45,0,0,2,39,4,143,0,6,0
08-14-20,Van Buren,48,1,48,1,0,0,51,1,820,16,871,17,0,0,1,10,0,38,0,3,0
08-14-20,Warren,589,4,558,4,31,0,658,2,8457,20,9115,22,0,4,-15,132,19,453,1,11,6
08-14-20,Washington,1348,17,1315,16,33,1,1500,16,18387,150,19887,166,0,2,-12,220,29,1126,0,68,3
08-14-20,Wayne,238,0,233,0,5,0,264,0,4172,14,4436,14,0,2,-6,10,6,226,0,9,2
08-14-20,Weakley,613,30,572,27,41,3,666,36,6341,92,7007,128,0,5,6,230,24,378,0,19,9
08-14-20,White,333,7,328,7,5,0,390,11,5016,62,5406,73,0,5,3,109,4,219,0,17,7
08-14-20,Williamson,3728,27,3709,26,19,1,4454,30,43674,272,48128,302,0,25,-17,394,44,3309,1,102,25
08-14-20,Wilson,2491,13,2486,13,5,0,2991,20,25123,144,28114,164,0,23,-13,296,26,2172,0,91,26
08-13-20,Anderson,758,19,741,19,17,0,898,25,16237,234,17135,259,1,7,4,129,14,622,2,34,6
08-13-20,Bedford,960,16,939,13,21,3,1139,20,7424,127,8563,147,0,11,2,77,14,872,2,40,14
08-13-20,Benton,174,11,170,11,4,0,186,11,2276,47,2462,58,0,1,6,65,5,108,1,14,1
08-13-20,Bledsoe,743,14,740,14,3,0,767,13,4858,59,5625,72,0,2,8,58,6,683,0,16,3
08-13-20,Blount,1542,45,1514,45,28,0,1804,63,17013,353,18817,416,0,15,7,275,38,1252,1,74,15
08-13-20,Bradley,2163,79,2114,78,49,1,2574,94,14927,413,17501,507,0,15,47,317,32,1831,3,124,16
08-13-20,Campbell,289,6,282,6,7,0,331,7,6458,90,6789,97,0,1,-4,47,10,241,0,14,1
08-13-20,Cannon,160,1,151,1,9,0,202,4,2279,46,2481,50,0,0,-4,30,5,130,0,6,0
08-13-20,Carroll,343,15,306,11,37,4,373,18,4460,79,4833,97,1,6,2,94,12,243,1,23,6
08-13-20,Carter,671,34,644,34,27,0,735,34,9393,112,10128,146,0,6,19,181,15,484,3,55,8
08-13-20,Cheatham,624,14,621,14,3,0,763,22,6912,203,7675,225,0,9,7,60,7,555,0,25,9
08-13-20,Chester,264,7,236,4,28,3,290,9,1990,17,2280,26,0,2,5,38,2,224,1,9,2
08-13-20,Claiborne,291,9,274,8,17,1,321,13,6128,121,6449,134,0,0,2,50,7,241,0,13,1
08-13-20,Clay,99,5,93,5,6,0,102,5,1561,68,1663,73,0,0,2,22,3,77,0,2,0
08-13-20,Cocke,542,15,515,14,27,1,582,17,5160,108,5742,125,0,5,-4,98,19,439,0,27,5
08-13-20,Coffee,574,15,537,14,37,1,689,26,10240,291,10929,317,0,3,-5,145,20,426,0,21,4
08-13-20,Crockett,300,10,280,10,20,0,331,12,1949,14,2280,26,0,5,4,38,6,257,0,17,13
08-13-20,Cumberland,544,22,540,22,4,0,684,22,13443,232,14127,254,1,7,17,136,4,401,0,34,7
08-13-20,Davidson,22344,315,22287,309,57,6,27842,451,209348,4952,237190,5403,0,221,178,1799,137,20324,21,957,246
08-13-20,Decatur,231,8,178,4,53,4,260,8,3067,18,3327,26,0,3,4,51,4,177,0,7,4
08-13-20,Dekalb,359,9,356,9,3,0,444,12,4999,123,5443,135,0,1,3,63,6,295,0,15,3
08-13-20,Dickson,767,34,723,30,44,4,967,50,8653,415,9620,465,0,3,14,134,20,630,1,39,6
08-13-20,Dyer,720,17,692,14,28,3,797,13,6223,68,7020,81,1,9,-2,113,18,598,1,46,10
08-13-20,Fayette,803,19,795,18,8,1,1024,20,10860,205,11884,225,0,8,4,109,15,686,2,65,13
08-13-20,Fentress,108,5,108,5,0,0,118,5,2327,55,2445,60,0,0,2,27,3,81,0,10,0
08-13-20,Franklin,379,18,370,17,9,1,457,26,7430,294,7887,320,0,4,8,72,10,303,0,21,4
08-13-20,Gibson,763,29,657,21,106,8,852,28,8136,158,8988,186,1,9,9,130,19,624,1,40,10
08-13-20,Giles,417,11,415,11,2,0,502,16,5549,160,6051,176,0,13,5,58,6,346,1,30,13
08-13-20,Grainger,217,3,206,3,11,0,256,5,3305,61,3561,66,0,0,-2,46,5,171,0,14,0
08-13-20,Greene,559,29,528,29,31,0,656,42,8721,173,9377,215,0,9,10,136,19,414,4,42,9
08-13-20,Grundy,129,5,128,5,1,0,154,7,1533,30,1687,37,0,2,5,23,0,104,0,16,2
08-13-20,Hamblen,1504,24,1440,23,64,1,1644,29,12930,162,14574,191,0,15,-7,158,31,1331,1,77,20
08-13-20,Hamilton,6340,146,6324,146,16,0,7403,206,84180,1948,91583,2154,1,56,72,590,73,5694,13,296,63
08-13-20,Hancock,92,2,84,2,8,0,99,3,1256,42,1355,45,0,2,1,11,1,79,1,11,2
08-13-20,Hardeman,1027,20,991,20,36,0,1156,23,9087,128,10243,151,0,18,2,149,18,860,1,51,21
08-13-20,Hardin,509,10,444,8,65,2,578,12,7431,109,8009,121,0,8,1,69,9,432,0,18,10
08-13-20,Hawkins,538,24,528,24,10,0,598,25,6001,108,6599,133,0,10,6,171,18,357,3,43,10
08-13-20,Haywood,599,17,577,17,22,0,636,17,3753,67,4389,84,0,7,-1,163,18,429,1,28,9
08-13-20,Henderson,675,12,563,6,112,6,823,16,4890,71,5713,87,0,2,-10,148,22,525,2,27,5
08-13-20,Henry,312,10,305,8,7,2,376,14,5962,102,6338,116,1,1,-7,74,16,237,1,27,1
08-13-20,Hickman,293,16,286,15,7,1,368,21,3625,175,3993,196,1,1,9,65,6,227,1,8,1
08-13-20,Houston,70,4,69,4,1,0,82,5,1289,20,1371,25,0,0,3,10,1,60,0,8,0
08-13-20,Humphreys,138,4,127,4,11,0,158,3,3316,77,3474,80,0,3,-2,25,6,110,0,4,3
08-13-20,Jackson,175,12,169,12,6,0,200,12,1636,50,1836,62,0,1,11,36,1,138,2,12,2
08-13-20,Jefferson,649,14,586,12,63,2,693,15,8981,198,9674,213,0,4,5,120,9,525,1,36,5
08-13-20,Johnson,322,11,319,11,3,0,340,16,4055,48,4395,64,0,0,-9,134,20,188,1,13,0
08-13-20,Knox,5263,127,5102,126,161,1,5856,228,82055,1765,87911,1993,1,41,13,862,113,4360,4,243,51
08-13-20,Lake,793,2,791,2,2,0,976,3,4629,38,5605,41,0,0,-4,38,6,755,0,6,1
08-13-20,Lauderdale,544,14,524,8,20,6,600,10,6825,67,7425,77,0,9,9,93,5,442,1,34,12
08-13-20,Lawrence,608,24,603,24,5,0,717,32,6790,146,7507,178,0,7,3,130,21,471,1,28,9
08-13-20,Lewis,86,3,86,3,0,0,94,3,2470,76,2564,79,0,1,1,26,2,59,0,9,1
08-13-20,Lincoln,350,9,348,9,2,0,427,13,4705,42,5132,55,0,1,8,75,1,274,0,13,1
08-13-20,Loudon,759,2,736,2,23,0,842,6,7939,173,8781,179,0,3,-15,102,17,654,0,25,4
08-13-20,Macon,879,2,871,2,8,0,1073,9,5000,75,6073,84,0,13,0,25,2,841,0,66,17
08-13-20,Madison,1313,28,1274,26,39,2,1449,35,15663,225,17112,260,2,23,-81,61,107,1229,1,95,32
08-13-20,Marion,268,10,266,9,2,1,331,15,3635,133,3966,148,0,5,3,38,7,225,1,25,6
08-13-20,Marshall,342,24,342,24,0,0,397,25,5072,165,5469,190,0,4,23,64,1,274,0,16,4
08-13-20,Maury,1371,56,1364,55,7,1,1602,60,13810,542,15412,602,1,9,19,258,36,1104,5,53,11
08-13-20,McMinn,622,16,619,16,3,0,739,18,9473,273,10212,291,0,20,10,96,6,506,0,45,22
08-13-20,McNairy,405,8,354,5,51,3,470,9,4023,66,4493,75,0,6,1,59,7,340,0,26,10
08-13-20,Meigs,117,3,116,3,1,0,146,4,1850,45,1996,49,0,0,-1,14,4,103,0,6,1
08-13-20,Monroe,523,10,510,10,13,0,593,17,5658,192,6251,209,1,10,-3,92,12,421,0,45,9
08-13-20,Montgomery,2132,57,2105,57,27,0,2462,66,26386,508,28848,574,1,15,18,300,38,1817,3,101,25
08-13-20,Moore,89,7,87,7,2,0,102,6,1000,14,1102,20,0,0,5,35,2,54,0,0,0
08-13-20,Morgan,156,3,152,3,4,0,177,4,5142,59,5319,63,0,1,-6,43,9,112,0,4,1
08-13-20,Obion,655,26,644,26,11,0,727,29,5973,125,6700,154,0,4,6,155,20,496,1,30,6
08-13-20,Out of State,1447,30,1432,30,15,0,1625,38,177269,4179,178894,4217,1,19,2,126,27,1302,3,56,5
08-13-20,Overton,279,19,275,19,4,0,312,19,4241,87,4553,106,0,1,17,102,2,176,0,11,1
08-13-20,Pending,419,14,412,14,7,0,493,23,120302,1922,120795,1945,0,3,10,77,4,339,0,5,0
08-13-20,Perry,86,3,80,1,6,2,95,1,1957,60,2052,61,0,0,1,10,2,76,0,4,0
08-13-20,Pickett,37,0,37,0,0,0,38,1,707,18,745,19,0,1,0,14,0,22,0,0,1
08-13-20,Polk,262,17,259,17,3,0,270,9,2052,61,2322,70,1,5,9,36,7,221,0,13,9
08-13-20,Putnam,1831,64,1813,63,18,1,2230,73,19019,496,21249,569,2,20,36,314,26,1497,4,72,23
08-13-20,Rhea,566,19,566,19,0,0,673,29,6113,149,6786,178,0,2,10,65,9,499,0,15,3
08-13-20,Roane,507,9,489,8,18,1,607,10,11220,184,11827,194,0,2,-5,107,14,398,0,23,2
08-13-20,Robertson,1651,26,1644,26,7,0,2040,39,10911,281,12951,320,1,21,5,135,20,1495,3,122,27
08-13-20,Rutherford,7042,140,7027,138,15,2,8573,185,52022,1228,60595,1413,-1,55,56,656,85,6331,4,221,65
08-13-20,Scott,143,10,140,10,3,0,155,10,2538,38,2693,48,0,2,9,35,1,106,1,11,2
08-13-20,Sequatchie,137,5,136,5,1,0,161,5,3074,62,3235,67,0,1,3,20,2,116,0,7,1
08-13-20,Sevier,1976,37,1916,37,60,0,2185,61,17518,254,19703,315,0,9,16,195,21,1772,0,73,11
08-13-20,Shelby,24540,215,24440,203,100,12,29995,311,254167,3324,284162,3635,4,319,-52,2183,263,22038,10,1862,379
08-13-20,Smith,487,4,479,4,8,0,546,7,3603,98,4149,105,0,4,-12,36,16,447,0,23,7
08-13-20,Stewart,80,2,80,2,0,0,105,4,1713,16,1818,20,0,0,1,8,1,72,1,3,0
08-13-20,Sullivan,1141,33,1079,30,62,3,1223,38,17355,299,18578,337,0,15,6,230,27,896,3,116,18
08-13-20,Sumner,3679,61,3662,61,17,0,4397,84,27156,832,31553,916,0,73,11,351,50,3255,3,324,83
08-13-20,Tipton,1279,12,1261,10,18,2,1485,19,14361,213,15846,232,2,12,2,90,8,1177,0,76,13
08-13-20,Trousdale,1590,1,1587,1,3,0,1658,3,3452,54,5110,57,0,6,-2,10,3,1574,0,18,6
08-13-20,Unicoi,175,3,172,3,3,0,189,5,3557,61,3746,66,0,0,-1,30,4,145,0,4,0
08-13-20,Union,176,4,172,4,4,0,194,6,2729,84,2923,90,0,0,-1,37,5,139,0,6,0
08-13-20,Van Buren,47,1,47,1,0,0,50,2,804,11,854,13,0,0,0,9,1,38,0,3,0
08-13-20,Warren,585,22,554,22,31,0,656,21,8437,135,9093,156,0,4,2,147,20,434,0,10,6
08-13-20,Washington,1331,22,1299,21,32,1,1484,30,18237,348,19721,378,0,2,-13,232,35,1097,1,68,3
08-13-20,Wayne,238,1,233,1,5,0,264,2,4158,49,4422,51,0,2,-5,16,6,220,0,9,2
08-13-20,Weakley,583,43,545,37,38,6,630,46,6249,156,6879,202,1,5,15,224,27,354,0,19,8
08-13-20,White,326,15,321,15,5,0,379,16,4954,54,5333,70,0,5,3,106,12,215,0,17,6
08-13-20,Williamson,3701,59,3683,59,18,0,4424,81,43402,784,47826,865,-1,25,7,411,53,3265,0,101,25
08-13-20,Wilson,2478,42,2473,42,5,0,2971,71,24979,558,27950,629,0,23,19,309,23,2146,0,91,26
08-12-20,Anderson,739,8,722,8,17,0,873,8,16003,242,16876,250,0,6,-8,125,16,608,0,32,6
08-12-20,Bedford,944,6,926,5,18,1,1119,6,7297,21,8416,27,0,11,-13,75,19,858,1,38,13
08-12-20,Benton,163,3,159,3,4,0,175,3,2229,31,2404,34,0,1,-5,59,8,103,0,13,1
08-12-20,Bledsoe,729,1,726,1,3,0,754,1,4799,14,5553,15,0,2,-2,50,3,677,0,16,3
08-12-20,Blount,1497,43,1469,42,28,1,1741,48,16660,228,18401,276,3,15,-10,268,50,1214,2,73,15
08-12-20,Bradley,2084,18,2036,15,48,3,2480,16,14514,45,16994,61,0,15,-22,270,40,1799,0,121,16
08-12-20,Campbell,283,7,276,7,7,0,324,8,6368,100,6692,108,0,1,3,51,4,231,0,14,1
08-12-20,Cannon,159,1,150,1,9,0,198,1,2233,10,2431,11,0,0,-3,34,4,125,0,6,0
08-12-20,Carroll,328,11,295,10,33,1,355,11,4381,89,4736,100,2,5,-9,92,18,231,2,22,6
08-12-20,Carter,637,11,610,9,27,2,701,13,9281,35,9982,48,0,6,-14,162,25,469,2,52,7
08-12-20,Cheatham,610,3,607,3,3,0,741,4,6709,16,7450,20,1,9,-8,53,10,548,0,25,9
08-12-20,Chester,257,9,232,9,25,0,281,9,1973,29,2254,38,0,2,5,33,4,222,0,8,2
08-12-20,Claiborne,282,9,266,8,16,1,308,9,6007,275,6315,284,0,0,1,48,8,234,0,13,1
08-12-20,Clay,94,4,88,4,6,0,97,4,1493,19,1590,23,0,0,1,20,3,74,0,2,0
08-12-20,Cocke,527,26,501,25,26,1,565,25,5052,80,5617,105,1,5,14,102,11,420,1,27,5
08-12-20,Coffee,559,3,523,2,36,1,663,5,9949,99,10612,104,0,3,-12,150,15,406,0,21,3
08-12-20,Crockett,290,7,270,7,20,0,319,7,1935,23,2254,30,0,5,-6,34,13,251,0,17,11
08-12-20,Cumberland,522,14,518,14,4,0,662,20,13211,216,13873,236,0,6,3,119,11,397,2,34,7
08-12-20,Davidson,22029,76,21978,75,51,1,27391,99,204396,900,231787,999,2,221,-77,1621,151,20187,3,936,246
08-12-20,Decatur,223,6,174,6,49,0,252,5,3049,63,3301,68,0,3,-5,47,11,173,0,7,4
08-12-20,Dekalb,350,5,347,4,3,1,432,11,4876,57,5308,68,-1,1,4,60,2,289,0,15,3
08-12-20,Dickson,733,2,693,2,40,0,917,3,8238,25,9155,28,1,3,-20,120,21,610,0,38,6
08-12-20,Dyer,703,12,678,12,25,0,784,13,6155,118,6939,131,0,8,-6,115,18,580,1,45,10
08-12-20,Fayette,784,16,777,16,7,0,1004,22,10655,91,11659,113,0,8,0,105,16,671,0,63,13
08-12-20,Fentress,103,4,103,4,0,0,113,4,2272,43,2385,47,0,0,3,25,1,78,0,10,0
08-12-20,Franklin,361,2,353,1,8,1,431,1,7136,13,7567,14,0,4,-9,64,11,293,1,21,4
08-12-20,Gibson,734,9,636,8,98,1,824,12,7978,147,8802,159,1,8,-17,121,25,605,1,39,10
08-12-20,Giles,406,3,404,3,2,0,486,3,5389,9,5875,12,0,13,-5,53,8,340,0,29,13
08-12-20,Grainger,214,6,203,6,11,0,251,8,3244,48,3495,56,0,0,4,48,2,166,0,14,0
08-12-20,Greene,530,7,499,7,31,0,614,6,8548,13,9162,19,0,9,-10,126,17,395,2,38,9
08-12-20,Grundy,124,1,123,1,1,0,147,2,1503,0,1650,2,0,2,-2,18,3,104,0,16,2
08-12-20,Hamblen,1480,17,1417,15,63,2,1615,17,12768,159,14383,176,-1,15,-7,165,25,1300,0,76,20
08-12-20,Hamilton,6194,43,6178,42,16,1,7197,31,82232,225,89429,256,0,55,-27,518,70,5621,6,283,61
08-12-20,Hancock,90,0,82,0,8,0,96,0,1214,9,1310,9,0,2,0,10,0,78,0,10,2
08-12-20,Hardeman,1007,17,971,17,36,0,1133,20,8959,54,10092,74,0,18,-5,147,22,842,0,50,21
08-12-20,Hardin,499,8,436,7,63,1,566,8,7322,74,7888,82,0,8,-8,68,16,423,0,18,10
08-12-20,Hawkins,514,4,504,4,10,0,573,2,5893,44,6466,46,1,10,-13,165,16,339,0,40,10
08-12-20,Haywood,582,38,560,37,22,1,619,37,3686,81,4305,118,0,7,21,164,17,411,0,27,8
08-12-20,Henderson,663,12,557,10,106,2,807,16,4819,81,5626,97,-1,2,-3,158,16,503,0,25,5
08-12-20,Henry,302,3,297,3,5,0,362,3,5860,142,6222,145,0,0,-16,81,19,221,1,26,1
08-12-20,Hickman,277,1,271,1,6,0,347,1,3450,10,3797,11,0,0,-5,56,6,221,0,7,1
08-12-20,Houston,66,0,65,0,1,0,77,0,1269,1,1346,1,0,0,-1,7,1,59,0,8,0
08-12-20,Humphreys,134,0,123,0,11,0,155,0,3239,8,3394,8,0,3,-4,27,4,104,0,4,3
08-12-20,Jackson,163,3,157,3,6,0,188,3,1586,19,1774,22,0,1,-1,25,4,137,0,10,2
08-12-20,Jefferson,635,23,574,22,61,1,678,21,8783,105,9461,126,0,4,15,115,8,516,1,35,5
08-12-20,Johnson,311,2,308,2,3,0,324,4,4007,6,4331,10,0,0,-19,143,21,168,0,12,0
08-12-20,Knox,5136,81,4976,74,160,7,5628,89,80290,909,85918,998,0,40,-38,849,119,4247,1,239,50
08-12-20,Lake,791,3,789,3,2,0,973,5,4591,79,5564,84,0,0,-5,42,8,749,0,6,0
08-12-20,Lauderdale,530,8,516,8,14,0,590,8,6758,41,7348,49,0,9,-3,84,11,437,0,33,12
08-12-20,Lawrence,584,2,579,2,5,0,685,2,6644,27,7329,29,0,7,-10,127,12,450,0,27,9
08-12-20,Lewis,83,2,83,2,0,0,91,2,2394,6,2485,8,0,1,-1,25,3,57,1,9,1
08-12-20,Lincoln,341,3,339,3,2,0,414,3,4663,13,5077,16,0,1,-5,67,8,273,0,13,1
08-12-20,Loudon,757,16,734,16,23,0,836,16,7766,103,8602,119,0,3,-13,117,29,637,0,25,4
08-12-20,Macon,877,0,869,0,8,0,1064,0,4925,52,5989,52,0,13,-11,25,11,839,0,66,16
08-12-20,Madison,1285,31,1248,31,37,0,1414,22,15438,134,16852,156,1,21,-7,142,37,1122,2,94,31
08-12-20,Marion,258,2,257,2,1,0,316,1,3502,5,3818,6,0,5,-3,35,5,218,0,24,6
08-12-20,Marshall,318,3,318,3,0,0,372,4,4907,20,5279,24,0,4,-3,41,6,273,0,16,4
08-12-20,Maury,1315,7,1309,7,6,0,1542,8,13268,72,14810,80,1,8,-14,239,20,1068,0,48,11
08-12-20,McMinn,606,5,603,5,3,0,721,6,9200,65,9921,71,0,20,-4,86,9,500,0,45,22
08-12-20,McNairy,397,4,349,3,48,1,461,7,3957,148,4418,155,0,6,-3,58,7,333,0,26,10
08-12-20,Meigs,114,0,113,0,1,0,142,0,1805,11,1947,11,0,0,-4,15,4,99,0,6,1
08-12-20,Monroe,513,15,500,15,13,0,576,20,5466,71,6042,91,0,9,-5,95,20,409,1,45,8
08-12-20,Montgomery,2075,11,2048,11,27,0,2396,14,25878,87,28274,101,0,14,-31,282,42,1779,2,98,25
08-12-20,Moore,82,0,80,0,2,0,96,1,986,0,1082,1,0,0,0,30,0,52,0,0,0
08-12-20,Morgan,153,2,149,2,4,0,173,6,5083,43,5256,49,0,1,-11,49,13,103,1,4,1
08-12-20,Obion,629,12,618,12,11,0,698,13,5848,114,6546,127,0,4,-1,149,13,476,0,29,6
08-12-20,Out of State,1417,9,1402,8,15,1,1587,11,173090,756,174677,767,2,18,-9,124,16,1275,0,53,5
08-12-20,Overton,260,8,256,8,4,0,293,8,4154,127,4447,135,0,1,-3,85,11,174,0,11,1
08-12-20,Pending,405,5,398,5,7,0,470,5,118380,793,118850,798,0,3,-5,67,10,335,1,5,0
08-12-20,Perry,83,0,79,0,4,0,94,0,1897,61,1991,61,0,0,-3,9,3,74,0,4,0
08-12-20,Pickett,37,0,37,0,0,0,37,0,689,20,726,20,0,1,-1,14,1,22,0,0,1
08-12-20,Polk,245,7,242,7,3,0,261,6,1991,2,2252,8,1,4,-5,27,11,214,0,13,9
08-12-20,Putnam,1767,28,1750,27,17,1,2157,34,18523,224,20680,258,0,18,8,278,20,1471,1,68,23
08-12-20,Rhea,547,4,547,4,0,0,644,3,5964,16,6608,19,0,2,-4,55,8,490,0,15,2
08-12-20,Roane,498,10,481,9,17,1,597,10,11036,154,11633,164,0,2,-9,112,19,384,0,23,2
08-12-20,Robertson,1625,9,1618,9,7,0,2001,8,10630,38,12631,46,0,20,-2,130,11,1475,1,119,27
08-12-20,Rutherford,6902,65,6889,65,13,0,8388,71,50794,451,59182,522,1,56,-30,600,94,6246,2,217,62
08-12-20,Scott,133,1,130,1,3,0,145,1,2500,20,2645,21,1,2,-8,26,8,105,0,10,2
08-12-20,Sequatchie,132,0,131,0,1,0,156,0,3012,12,3168,12,0,1,-1,17,1,114,0,7,1
08-12-20,Sevier,1939,27,1879,27,60,0,2124,30,17264,146,19388,176,0,9,-8,179,35,1751,0,73,11
08-12-20,Shelby,24325,179,24237,176,88,3,29684,200,250843,1683,280527,1883,1,315,-102,2235,280,21775,11,1852,374
08-12-20,Smith,483,3,475,3,8,0,539,9,3505,38,4044,47,0,4,-2,48,5,431,0,23,7
08-12-20,Stewart,78,0,78,0,0,0,101,0,1697,16,1798,16,0,0,-4,7,4,71,0,2,0
08-12-20,Sullivan,1108,25,1049,24,59,1,1185,24,17056,117,18241,141,0,15,-5,224,30,869,6,113,17
08-12-20,Sumner,3618,28,3601,28,17,0,4313,31,26324,155,30637,186,0,73,5,340,23,3205,1,321,82
08-12-20,Tipton,1267,8,1251,8,16,0,1466,12,14148,136,15614,148,0,10,-24,88,32,1169,0,76,13
08-12-20,Trousdale,1589,0,1586,0,3,0,1655,0,3398,9,5053,9,0,6,-2,12,2,1571,0,18,6
08-12-20,Unicoi,172,0,169,0,3,0,184,0,3496,15,3680,15,0,0,-2,31,2,141,0,4,0
08-12-20,Union,172,0,168,0,4,0,188,1,2645,40,2833,41,0,0,-7,38,7,134,0,6,0
08-12-20,Van Buren,46,3,46,3,0,0,48,3,793,3,841,6,0,0,3,9,0,37,0,3,0
08-12-20,Warren,563,24,532,24,31,0,635,25,8302,211,8937,236,0,4,0,145,24,414,0,10,6
08-12-20,Washington,1309,14,1278,14,31,0,1454,22,17889,246,19343,268,0,2,-32,245,46,1062,0,67,3
08-12-20,Wayne,237,1,232,1,5,0,262,1,4109,15,4371,16,0,2,-2,21,3,214,0,9,2
08-12-20,Weakley,540,23,508,22,32,1,584,25,6093,118,6677,143,0,4,-9,209,32,327,0,19,8
08-12-20,White,311,1,306,1,5,0,363,1,4900,38,5263,39,0,5,-4,103,5,203,0,17,6
08-12-20,Williamson,3642,27,3624,25,18,2,4343,27,42618,201,46961,228,1,26,-35,404,61,3212,0,101,25
08-12-20,Wilson,2436,36,2431,36,5,0,2900,37,24421,257,27321,294,0,23,9,290,27,2123,2,91,26
08-11-20,Anderson,731,21,714,21,17,0,865,22,15761,201,16626,223,0,6,9,133,12,592,1,32,6
08-11-20,Bedford,938,9,921,8,17,1,1113,11,7276,189,8389,200,0,11,-1,88,10,839,0,37,13
08-11-20,Benton,160,1,156,1,4,0,172,1,2198,16,2370,17,0,1,-9,64,10,95,1,13,1
08-11-20,Bledsoe,728,5,725,5,3,0,753,8,4785,132,5538,140,1,2,1,52,3,674,0,16,2
08-11-20,Blount,1454,19,1427,19,27,0,1693,25,16432,160,18125,185,1,12,-14,278,32,1164,2,71,15
08-11-20,Bradley,2066,15,2021,12,45,3,2464,23,14469,169,16933,192,2,15,-26,292,39,1759,0,121,16
08-11-20,Campbell,276,5,269,5,7,0,316,5,6268,84,6584,89,0,1,-8,48,13,227,1,14,1
08-11-20,Cannon,158,4,149,4,9,0,197,5,2223,11,2420,16,0,0,3,37,1,121,0,6,0
08-11-20,Carroll,317,10,285,5,32,5,344,9,4292,44,4636,53,0,3,-6,101,16,213,0,20,6
08-11-20,Carter,626,37,601,34,25,3,688,42,9246,492,9934,534,0,6,26,176,11,444,0,50,7
08-11-20,Cheatham,607,3,604,3,3,0,737,3,6693,88,7430,91,1,8,-8,61,10,538,0,25,9
08-11-20,Chester,248,6,223,5,25,1,272,5,1944,11,2216,16,0,2,0,28,6,218,0,8,2
08-11-20,Claiborne,273,1,258,1,15,0,299,1,5732,38,6031,39,0,0,-7,47,8,226,0,13,1
08-11-20,Clay,90,1,84,1,6,0,93,1,1474,2,1567,3,0,0,0,19,1,71,0,2,0
08-11-20,Cocke,501,1,476,1,25,0,540,3,4972,31,5512,34,1,4,-11,88,11,409,0,26,5
08-11-20,Coffee,556,15,521,14,35,1,658,20,9850,219,10508,239,0,3,1,162,14,391,2,21,3
08-11-20,Crockett,283,4,263,3,20,1,312,5,1912,5,2224,10,0,5,-4,40,8,238,0,17,11
08-11-20,Cumberland,508,20,504,20,4,0,642,23,12995,114,13637,137,0,6,15,116,5,386,1,32,7
08-11-20,Davidson,21953,270,21903,265,50,5,27292,341,203496,3316,230788,3657,2,219,77,1698,191,20036,9,933,244
08-11-20,Decatur,217,3,168,1,49,2,247,3,2986,6,3233,9,0,3,-5,52,8,162,0,7,4
08-11-20,Dekalb,345,10,343,9,2,1,421,11,4819,52,5240,63,0,2,3,56,7,287,0,15,2
08-11-20,Dickson,731,15,691,8,40,7,914,18,8213,145,9127,163,0,2,0,140,15,589,0,38,5
08-11-20,Dyer,691,11,666,8,25,3,771,10,6037,40,6808,50,0,8,-7,121,18,562,0,44,10
08-11-20,Fayette,768,6,761,6,7,0,982,8,10564,106,11546,114,0,8,-4,105,10,655,1,63,13
08-11-20,Fentress,99,1,99,1,0,0,109,2,2229,14,2338,16,0,0,-3,22,4,77,1,10,0
08-11-20,Franklin,359,11,352,11,7,0,430,9,7123,71,7553,80,0,4,-1,73,12,282,0,20,4
08-11-20,Gibson,725,13,628,9,97,4,812,20,7831,34,8643,54,1,7,-9,138,21,580,2,38,9
08-11-20,Giles,403,2,401,2,2,0,483,4,5380,64,5863,68,0,13,-2,58,4,332,0,29,13
08-11-20,Grainger,208,2,197,2,11,0,243,4,3196,34,3439,38,0,0,-1,44,3,164,1,14,0
08-11-20,Greene,523,16,492,16,31,0,608,26,8535,235,9143,261,1,9,0,136,15,378,0,36,9
08-11-20,Grundy,123,5,122,5,1,0,145,6,1503,9,1648,15,0,2,5,20,0,101,0,16,2
08-11-20,Hamblen,1463,15,1402,14,61,1,1598,16,12609,76,14207,92,2,16,-22,172,35,1275,2,76,19
08-11-20,Hamilton,6151,139,6136,139,15,0,7166,158,82007,1472,89173,1630,2,55,73,545,64,5551,3,277,60
08-11-20,Hancock,90,1,82,1,8,0,96,1,1205,10,1301,11,0,2,1,10,0,78,1,10,2
08-11-20,Hardeman,990,23,954,16,36,7,1113,26,8905,23,10018,49,1,18,3,152,19,820,1,50,21
08-11-20,Hardin,491,8,429,3,62,5,558,8,7248,15,7806,23,0,8,-3,76,11,407,0,18,10
08-11-20,Hawkins,510,23,500,23,10,0,571,27,5849,73,6420,100,2,9,10,178,11,323,0,40,10
08-11-20,Haywood,544,5,523,3,21,2,582,5,3605,15,4187,20,1,7,-8,143,12,394,1,27,8
08-11-20,Henderson,651,13,547,9,104,4,791,12,4738,17,5529,29,0,3,-3,161,16,487,1,25,5
08-11-20,Henry,299,9,294,9,5,0,359,13,5718,59,6077,72,0,0,-5,97,14,202,0,25,0
08-11-20,Hickman,276,7,270,5,6,2,346,8,3440,31,3786,39,0,0,0,61,7,215,0,7,1
08-11-20,Houston,66,2,65,2,1,0,77,3,1268,21,1345,24,0,0,0,8,2,58,0,8,0
08-11-20,Humphreys,134,2,123,1,11,1,155,2,3231,77,3386,79,0,3,-3,31,5,100,0,4,3
08-11-20,Jackson,160,2,154,1,6,1,185,2,1567,7,1752,9,0,1,0,26,2,133,0,10,2
08-11-20,Jefferson,612,9,552,7,60,2,657,6,8678,76,9335,82,0,4,-8,100,17,508,1,34,5
08-11-20,Johnson,309,20,306,20,3,0,320,22,4001,99,4321,121,0,0,1,162,19,147,0,12,0
08-11-20,Knox,5055,112,4902,109,153,3,5539,123,79381,1136,84920,1259,0,40,4,887,108,4128,5,238,50
08-11-20,Lake,788,1,786,1,2,0,968,1,4512,18,5480,19,0,0,-5,47,6,741,0,6,0
08-11-20,Lauderdale,522,6,508,3,14,3,582,10,6717,23,7299,33,1,9,-2,87,7,426,0,33,12
08-11-20,Lawrence,582,11,577,11,5,0,683,11,6617,171,7300,182,1,7,2,137,8,438,0,27,8
08-11-20,Lewis,81,1,81,1,0,0,89,1,2388,43,2477,44,0,1,-3,26,4,54,0,8,1
08-11-20,Lincoln,338,7,336,6,2,1,411,8,4650,95,5061,103,0,1,1,72,6,265,0,13,1
08-11-20,Loudon,741,14,718,13,23,1,820,14,7663,91,8483,105,0,3,2,130,12,608,2,25,4
08-11-20,Macon,877,5,869,5,8,0,1064,7,4873,31,5937,38,0,13,-1,36,6,828,1,66,16
08-11-20,Madison,1254,33,1217,33,37,0,1392,39,15304,144,16696,183,2,20,-4,149,35,1085,6,92,29
08-11-20,Marion,256,2,255,2,1,0,315,2,3497,53,3812,55,1,5,-1,38,2,213,0,24,6
08-11-20,Marshall,315,1,315,1,0,0,368,2,4887,129,5255,131,0,4,-6,44,7,267,0,16,4
08-11-20,Maury,1308,22,1302,22,6,0,1534,20,13196,197,14730,217,0,7,-1,253,23,1048,2,48,10
08-11-20,McMinn,601,11,598,11,3,0,715,8,9135,89,9850,97,0,20,-1,90,12,491,0,45,21
08-11-20,McNairy,393,8,346,2,47,6,454,9,3809,8,4263,17,1,6,-9,61,16,326,0,26,9
08-11-20,Meigs,114,1,113,1,1,0,142,2,1794,27,1936,29,0,0,-1,19,2,95,0,6,1
08-11-20,Monroe,498,5,485,5,13,0,556,6,5395,58,5951,64,0,9,-8,100,13,389,0,44,8
08-11-20,Montgomery,2064,29,2037,28,27,1,2382,36,25791,252,28173,288,1,14,-11,313,39,1737,0,96,24
08-11-20,Moore,82,4,80,4,2,0,95,5,986,12,1081,17,0,0,1,30,3,52,0,0,0
08-11-20,Morgan,151,3,147,2,4,1,167,3,5040,40,5207,43,0,1,1,60,2,90,0,3,1
08-11-20,Obion,617,16,606,15,11,1,685,17,5734,34,6419,51,0,4,-17,150,33,463,2,29,6
08-11-20,Out of State,1408,24,1394,23,14,1,1576,28,172334,3137,173910,3165,2,16,1,133,21,1259,0,53,5
08-11-20,Overton,252,15,248,14,4,1,285,17,4027,17,4312,34,0,1,11,88,4,163,0,11,1
08-11-20,Pending,400,14,393,12,7,2,465,14,117587,1300,118052,1314,-1,3,6,72,9,325,0,4,0
08-11-20,Perry,83,2,79,0,4,2,94,2,1836,18,1930,20,0,0,1,12,1,71,0,4,0
08-11-20,Pickett,37,1,37,1,0,0,37,1,669,0,706,1,0,1,1,15,0,21,0,0,1
08-11-20,Polk,238,2,235,2,3,0,255,2,1989,31,2244,33,0,3,-4,32,6,203,0,13,9
08-11-20,Putnam,1739,38,1723,35,16,3,2123,41,18299,175,20422,216,0,18,17,270,21,1451,1,67,23
08-11-20,Rhea,543,5,543,5,0,0,641,4,5948,76,6589,80,0,2,-2,59,7,482,0,15,2
08-11-20,Roane,488,6,472,5,16,1,587,8,10882,111,11469,119,0,2,-11,121,17,365,0,23,2
08-11-20,Robertson,1616,16,1609,14,7,2,1993,17,10592,156,12585,173,0,20,-2,132,18,1464,2,118,26
08-11-20,Rutherford,6837,91,6824,89,13,2,8317,109,50343,747,58660,856,0,55,12,630,79,6152,3,215,61
08-11-20,Scott,132,0,129,0,3,0,144,0,2480,23,2624,23,1,1,-6,34,5,97,0,10,2
08-11-20,Sequatchie,132,3,131,3,1,0,156,3,3000,83,3156,86,1,1,1,18,1,113,0,7,1
08-11-20,Sevier,1912,19,1852,18,60,1,2094,21,17118,182,19212,203,2,9,-15,187,32,1716,1,73,11
08-11-20,Shelby,24146,227,24061,218,85,9,29484,304,249160,2937,278644,3241,6,314,-75,2337,296,21495,10,1841,371
08-11-20,Smith,480,2,472,2,8,0,530,3,3467,34,3997,37,0,4,-11,50,13,426,0,23,7
08-11-20,Stewart,78,0,78,0,0,0,101,1,1681,28,1782,29,0,0,-2,11,2,67,0,2,0
08-11-20,Sullivan,1083,25,1025,24,58,1,1161,30,16939,177,18100,207,1,15,-10,229,34,839,2,107,16
08-11-20,Sumner,3590,28,3573,26,17,2,4282,38,26169,338,30451,376,1,73,-21,335,48,3182,0,320,82
08-11-20,Tipton,1259,6,1243,3,16,3,1454,9,14012,123,15466,132,0,10,-12,112,18,1137,1,76,13
08-11-20,Trousdale,1589,0,1586,0,3,0,1655,0,3389,30,5044,30,0,6,-1,14,1,1569,0,18,6
08-11-20,Unicoi,172,5,169,5,3,0,184,6,3481,147,3665,153,0,0,1,33,4,139,0,4,0
08-11-20,Union,172,2,168,2,4,0,187,3,2605,20,2792,23,0,0,-3,45,5,127,0,6,0
08-11-20,Van Buren,43,1,43,1,0,0,45,1,790,7,835,8,0,0,1,6,0,37,0,3,0
08-11-20,Warren,539,4,508,3,31,1,610,11,8091,66,8701,77,0,4,-9,145,13,390,0,10,5
08-11-20,Washington,1295,52,1264,52,31,0,1432,55,17643,371,19075,426,0,2,8,277,44,1016,4,67,3
08-11-20,Wayne,236,3,231,3,5,0,261,4,4094,45,4355,49,0,2,-2,23,5,211,1,9,2
08-11-20,Weakley,517,21,486,19,31,2,559,28,5975,48,6534,76,0,4,-18,218,39,295,1,19,8
08-11-20,White,310,16,305,16,5,0,362,17,4862,68,5224,85,0,5,8,107,8,198,0,17,6
08-11-20,Williamson,3615,48,3599,48,16,0,4316,65,42417,482,46733,547,0,25,-10,439,58,3151,1,101,24
08-11-20,Wilson,2400,24,2395,22,5,2,2863,29,24164,270,27027,299,0,23,-15,281,39,2096,0,89,26
08-10-20,Anderson,710,5,693,5,17,0,843,7,15560,159,16403,166,0,6,-11,124,16,580,0,31,6
08-10-20,Bedford,929,2,913,1,16,1,1102,2,7087,24,8189,26,0,11,-13,89,15,829,0,37,13
08-10-20,Benton,159,0,155,0,4,0,171,1,2182,11,2353,12,0,1,-13,73,13,85,0,12,1
08-10-20,Bledsoe,723,3,720,3,3,0,745,3,4653,4,5398,7,0,1,-2,51,5,671,1,16,2
08-10-20,Blount,1435,19,1408,19,27,0,1668,20,16272,97,17940,117,0,11,-32,292,51,1132,1,69,15
08-10-20,Bradley,2051,19,2009,18,42,1,2441,19,14300,64,16741,83,1,13,-23,318,41,1720,2,121,16
08-10-20,Campbell,271,2,264,2,7,0,311,3,6184,24,6495,27,0,1,-7,56,9,214,1,13,1
08-10-20,Cannon,154,2,145,2,9,0,192,2,2212,6,2404,8,0,0,-3,34,5,120,0,6,0
08-10-20,Carroll,307,5,280,5,27,0,335,5,4248,22,4583,27,0,3,-6,107,11,197,1,20,5
08-10-20,Carter,589,5,567,4,22,1,646,5,8754,30,9400,35,0,6,-13,150,18,433,1,50,7
08-10-20,Cheatham,604,3,601,2,3,1,734,3,6605,14,7339,17,0,7,-15,69,18,528,0,25,9
08-10-20,Chester,242,1,218,1,24,0,267,1,1933,7,2200,8,0,2,-14,28,15,212,0,8,2
08-10-20,Claiborne,272,2,257,2,15,0,298,3,5694,32,5992,35,0,0,-5,54,7,218,1,13,1
08-10-20,Clay,89,3,83,3,6,0,92,3,1472,3,1564,6,0,0,0,19,3,70,0,2,0
08-10-20,Cocke,500,3,475,2,25,1,537,2,4941,19,5478,21,1,3,-8,99,10,398,0,26,4
08-10-20,Coffee,541,7,507,5,34,2,638,5,9631,38,10269,43,0,3,-17,161,24,377,1,19,3
08-10-20,Crockett,279,4,260,4,19,0,307,2,1907,6,2214,8,0,5,-15,44,19,230,0,17,10
08-10-20,Cumberland,488,4,484,4,4,0,619,3,12881,52,13500,55,0,6,-7,101,11,381,0,31,7
08-10-20,Davidson,21683,92,21638,90,45,2,26951,99,200180,817,227131,916,4,217,-158,1621,246,19845,4,924,244
08-10-20,Decatur,214,0,167,0,47,0,244,0,2980,30,3224,30,0,3,-10,57,10,154,0,7,3
08-10-20,Dekalb,335,2,334,2,1,0,410,2,4767,10,5177,12,0,2,-11,53,13,280,0,15,2
08-10-20,Dickson,716,2,683,2,33,0,896,2,8068,17,8964,19,0,2,-13,140,15,574,1,38,4
08-10-20,Dyer,680,2,658,2,22,0,761,2,5997,26,6758,28,0,8,-26,128,28,544,0,44,9
08-10-20,Fayette,762,3,755,3,7,0,974,3,10458,41,11432,44,0,8,-15,109,18,645,0,62,12
08-10-20,Fentress,98,1,98,1,0,0,107,1,2215,3,2322,4,0,0,-3,25,4,73,0,9,0
08-10-20,Franklin,348,4,341,4,7,0,421,3,7052,29,7473,32,0,4,-9,74,13,270,1,20,4
08-10-20,Gibson,712,7,619,6,93,1,792,8,7797,26,8589,34,1,6,-21,147,27,559,2,36,9
08-10-20,Giles,401,8,399,8,2,0,479,8,5316,9,5795,17,0,13,1,60,7,328,1,29,13
08-10-20,Grainger,206,5,195,5,11,0,239,5,3162,14,3401,19,0,0,-8,45,13,161,1,13,0
08-10-20,Greene,507,3,476,3,31,0,582,3,8300,20,8882,23,0,8,-23,136,26,363,1,36,9
08-10-20,Grundy,118,1,117,1,1,0,139,1,1494,3,1633,4,0,2,-1,15,2,101,0,16,2
08-10-20,Hamblen,1448,11,1388,11,60,0,1582,13,12533,107,14115,120,0,14,-34,194,45,1240,1,74,19
08-10-20,Hamilton,6012,104,5997,104,15,0,7008,114,80535,731,87543,845,0,53,19,472,85,5487,2,274,60
08-10-20,Hancock,89,0,81,0,8,0,95,0,1195,4,1290,4,0,2,0,9,0,78,0,9,2
08-10-20,Hardeman,967,6,938,6,29,0,1087,6,8882,16,9969,22,0,17,-8,149,14,801,0,49,21
08-10-20,Hardin,483,6,426,3,57,3,550,6,7233,6,7783,12,0,8,-4,79,10,396,0,18,10
08-10-20,Hawkins,487,2,477,2,10,0,544,2,5776,38,6320,40,0,7,-17,168,19,312,1,40,9
08-10-20,Haywood,539,3,520,3,19,0,577,3,3590,4,4167,7,0,6,-25,151,28,382,0,26,8
08-10-20,Henderson,638,5,538,4,100,1,779,6,4721,18,5500,24,1,3,-17,164,21,471,1,24,5
08-10-20,Henry,290,2,285,1,5,1,346,3,5659,27,6005,30,0,0,-11,102,13,188,0,25,0
08-10-20,Hickman,269,2,265,2,4,0,338,2,3409,8,3747,10,0,0,-8,61,10,208,1,7,0
08-10-20,Houston,64,1,63,0,1,1,74,1,1247,1,1321,2,0,0,-2,8,3,56,0,8,0
08-10-20,Humphreys,132,2,122,1,10,1,153,2,3154,4,3307,6,0,3,-2,34,4,95,0,4,3
08-10-20,Jackson,158,2,153,2,5,0,183,2,1560,7,1743,9,0,1,1,26,1,131,0,10,2
08-10-20,Jefferson,603,6,545,6,58,0,651,10,8602,58,9253,68,0,4,-18,108,24,491,0,33,5
08-10-20,Johnson,289,2,286,2,3,0,298,3,3902,9,4200,12,0,0,-15,161,17,128,0,12,0
08-10-20,Knox,4943,37,4793,35,150,2,5416,34,78245,386,83661,420,1,40,-92,883,128,4020,0,233,48
08-10-20,Lake,787,1,785,1,2,0,967,4,4494,15,5461,19,0,0,-6,52,7,735,0,6,0
08-10-20,Lauderdale,516,3,505,1,11,2,572,1,6694,6,7266,7,0,8,-17,89,20,419,2,33,12
08-10-20,Lawrence,571,8,566,8,5,0,672,10,6446,34,7118,44,0,6,-8,135,16,430,1,27,8
08-10-20,Lewis,80,0,80,0,0,0,88,0,2345,8,2433,8,0,1,-6,29,6,50,0,8,1
08-10-20,Lincoln,331,3,330,3,1,0,403,4,4555,12,4958,16,0,1,-8,71,11,259,0,13,1
08-10-20,Loudon,727,3,705,2,22,1,806,2,7572,31,8378,33,0,3,-16,128,19,596,1,23,4
08-10-20,Macon,872,2,864,0,8,2,1057,2,4842,13,5899,15,0,13,-4,37,6,822,0,65,16
08-10-20,Madison,1221,28,1184,27,37,1,1353,24,15160,74,16513,98,1,18,-19,153,46,1050,2,86,28
08-10-20,Marion,254,4,253,4,1,0,313,4,3444,12,3757,16,0,4,-7,39,11,211,0,24,6
08-10-20,Marshall,314,2,314,2,0,0,366,1,4758,17,5124,18,1,4,-13,50,14,260,1,16,4
08-10-20,Maury,1286,10,1280,10,6,0,1514,12,12999,43,14513,55,0,7,-24,254,34,1025,2,46,10
08-10-20,McMinn,590,4,587,4,3,0,707,3,9046,41,9753,44,0,20,-8,91,12,479,0,45,21
08-10-20,McNairy,385,7,344,5,41,2,445,7,3801,9,4246,16,0,5,-8,70,15,310,1,26,9
08-10-20,Meigs,113,1,112,1,1,0,140,1,1767,7,1907,8,0,0,-3,20,4,93,0,6,1
08-10-20,Monroe,493,7,480,7,13,0,550,8,5337,52,5887,60,0,9,-9,108,16,376,0,44,8
08-10-20,Montgomery,2035,25,2009,11,26,14,2346,22,25539,66,27885,88,0,13,-30,324,55,1698,1,96,23
08-10-20,Moore,78,0,76,0,2,0,90,0,974,5,1064,5,0,0,0,29,0,49,0,0,0
08-10-20,Morgan,148,1,145,0,3,1,164,2,5000,19,5164,21,0,1,-5,59,6,88,0,3,1
08-10-20,Obion,601,4,591,4,10,0,668,4,5700,26,6368,30,0,4,-21,167,25,430,0,27,6
08-10-20,Out of State,1384,9,1371,9,13,0,1548,9,169197,753,170745,762,0,14,-9,132,18,1238,0,53,5
08-10-20,Overton,237,12,234,12,3,0,268,13,4010,8,4278,21,0,1,3,77,9,159,0,11,1
08-10-20,Pending,386,9,381,9,5,0,451,9,116287,377,116738,386,-6,4,0,66,15,316,0,4,0
08-10-20,Perry,81,0,79,0,2,0,92,0,1818,1,1910,1,0,0,-2,11,2,70,0,4,0
08-10-20,Pickett,36,2,36,2,0,0,36,2,669,1,705,3,0,1,1,14,1,21,0,0,1
08-10-20,Polk,236,2,233,2,3,0,253,2,1958,10,2211,12,0,3,-7,36,9,197,0,13,9
08-10-20,Putnam,1701,20,1688,20,13,0,2082,24,18124,106,20206,130,0,18,-15,253,35,1430,2,66,22
08-10-20,Rhea,538,4,538,4,0,0,637,4,5872,30,6509,34,0,2,-4,61,8,475,0,15,2
08-10-20,Roane,482,9,467,9,15,0,579,14,10771,58,11350,72,0,2,-7,132,16,348,1,23,2
08-10-20,Robertson,1600,4,1595,4,5,0,1976,3,10436,28,12412,31,1,20,-25,134,28,1446,1,116,26
08-10-20,Rutherford,6746,44,6735,44,11,0,8208,38,49596,261,57804,299,1,55,-60,618,103,6073,2,212,60
08-10-20,Scott,132,5,129,5,3,0,144,6,2457,22,2601,28,0,0,0,40,5,92,1,10,2
08-10-20,Sequatchie,129,1,128,1,1,0,153,0,2917,8,3070,8,0,0,-1,17,2,112,0,7,1
08-10-20,Sevier,1893,6,1834,6,59,0,2073,9,16936,44,19009,53,0,7,-45,202,51,1684,1,72,11
08-10-20,Shelby,23919,132,23843,127,76,5,29180,165,246223,1351,275403,1516,4,308,-168,2412,296,21199,10,1831,364
08-10-20,Smith,478,2,470,2,8,0,527,2,3433,14,3960,16,0,4,-6,61,8,413,0,23,7
08-10-20,Stewart,78,3,78,3,0,0,100,3,1653,14,1753,17,0,0,1,13,2,65,0,2,0
08-10-20,Sullivan,1058,10,1001,8,57,2,1131,12,16762,142,17893,154,0,14,-30,239,40,805,5,105,16
08-10-20,Sumner,3562,21,3547,21,15,0,4244,25,25831,101,30075,126,-1,72,-23,356,45,3134,3,320,82
08-10-20,Tipton,1253,2,1240,2,13,0,1445,7,13889,47,15334,54,0,10,-17,124,19,1119,0,75,12
08-10-20,Trousdale,1589,0,1586,0,3,0,1655,1,3359,7,5014,8,0,6,-1,15,1,1568,0,18,6
08-10-20,Unicoi,167,1,164,1,3,0,178,1,3334,2,3512,3,0,0,-6,32,7,135,0,4,0
08-10-20,Union,170,1,166,1,4,0,184,1,2585,8,2769,9,0,0,-3,48,4,122,1,6,0
08-10-20,Van Buren,42,0,42,0,0,0,44,0,783,1,827,1,0,0,-2,5,2,37,0,3,0
08-10-20,Warren,535,8,505,7,30,1,599,7,8025,15,8624,22,0,4,-13,154,21,377,0,10,5
08-10-20,Washington,1243,15,1212,13,31,2,1377,14,17272,66,18649,80,0,2,-32,269,47,972,3,63,2
08-10-20,Wayne,233,1,228,1,5,0,257,1,4049,9,4306,10,0,2,-2,25,3,206,1,8,2
08-10-20,Weakley,496,9,467,9,29,0,531,8,5927,65,6458,73,0,4,-17,236,26,256,1,18,6
08-10-20,White,294,3,289,3,5,0,345,3,4794,12,5139,15,0,5,-3,99,6,190,0,17,6
08-10-20,Williamson,3567,19,3551,19,16,0,4251,23,41935,210,46186,233,0,25,-23,449,42,3093,1,100,24
08-10-20,Wilson,2376,27,2373,27,3,0,2834,30,23894,149,26728,179,0,23,-21,296,48,2057,1,89,26
08-09-20,Anderson,705,7,688,7,17,0,836,9,15401,132,16237,141,0,6,-9,135,16,564,0,31,6
08-09-20,Bedford,927,2,912,2,15,0,1100,2,7063,104,8163,106,0,11,-8,102,10,814,0,37,13
08-09-20,Benton,159,7,155,7,4,0,170,8,2171,97,2341,105,0,1,2,86,5,72,0,12,1
08-09-20,Bledsoe,720,9,717,9,3,0,742,8,4649,33,5391,41,0,1,6,53,3,666,0,15,2
08-09-20,Blount,1416,13,1389,13,27,0,1648,24,16175,149,17823,173,0,11,-16,324,29,1081,0,68,15
08-09-20,Bradley,2032,40,1991,39,41,1,2422,45,14236,224,16658,269,0,12,15,341,25,1679,1,119,15
08-09-20,Campbell,269,5,262,5,7,0,308,5,6160,173,6468,178,0,1,-10,63,15,205,0,12,1
08-09-20,Cannon,152,2,143,2,9,0,190,5,2206,23,2396,28,0,0,1,37,1,115,0,6,0
08-09-20,Carroll,302,15,275,15,27,0,330,16,4226,114,4556,130,0,3,7,113,8,186,0,19,4
08-09-20,Carter,584,22,563,20,21,2,641,24,8724,61,9365,85,0,6,10,163,12,415,3,49,7
08-09-20,Cheatham,601,7,599,6,2,1,731,7,6591,39,7322,46,0,7,-1,84,8,510,0,25,8
08-09-20,Chester,241,3,217,3,24,0,266,3,1926,29,2192,32,0,2,0,42,3,197,0,8,2
08-09-20,Claiborne,270,6,255,5,15,1,295,8,5662,82,5957,90,0,0,5,59,1,211,0,12,1
08-09-20,Clay,86,0,80,0,6,0,89,0,1469,9,1558,9,0,0,0,19,0,67,0,2,0
08-09-20,Cocke,497,15,473,14,24,1,535,19,4922,72,5457,91,0,2,8,107,7,388,0,26,3
08-09-20,Coffee,534,6,502,6,32,0,633,4,9593,29,10226,33,0,3,-6,178,12,353,0,18,3
08-09-20,Crockett,275,2,256,2,19,0,305,2,1901,29,2206,31,1,5,-1,59,2,211,0,17,10
08-09-20,Cumberland,484,6,480,6,4,0,616,6,12829,171,13445,177,0,6,3,108,3,370,1,31,6
08-09-20,Davidson,21591,120,21548,120,43,0,26852,140,199363,1272,226215,1412,0,213,19,1779,101,19599,8,920,242
08-09-20,Decatur,214,10,167,10,47,0,244,12,2950,110,3194,122,0,3,6,67,4,144,1,7,3
08-09-20,Dekalb,333,10,332,10,1,0,408,12,4757,96,5165,108,0,2,8,64,2,267,0,15,2
08-09-20,Dickson,714,15,681,13,33,2,894,17,8051,112,8945,129,0,2,3,153,12,559,0,37,4
08-09-20,Dyer,678,20,656,20,22,0,759,23,5971,96,6730,119,1,8,10,154,9,516,0,44,9
08-09-20,Fayette,759,16,752,16,7,0,971,24,10417,85,11388,109,0,8,8,124,8,627,1,62,12
08-09-20,Fentress,97,1,97,1,0,0,106,1,2212,42,2318,43,0,0,0,28,1,69,0,9,0
08-09-20,Franklin,344,5,337,5,7,0,418,5,7023,102,7441,107,0,4,-5,83,10,257,0,19,4
08-09-20,Gibson,705,19,613,19,92,0,784,24,7771,197,8555,221,0,5,-3,168,22,532,1,34,8
08-09-20,Giles,393,2,391,2,2,0,471,4,5307,116,5778,120,0,13,-1,59,3,321,0,28,13
08-09-20,Grainger,201,1,190,1,11,0,234,2,3148,44,3382,46,0,0,0,53,1,148,0,12,0
08-09-20,Greene,504,17,473,17,31,0,579,20,8280,123,8859,143,0,8,9,159,8,337,1,35,8
08-09-20,Grundy,117,0,116,0,1,0,138,0,1491,16,1629,16,0,2,-3,16,3,99,0,16,2
08-09-20,Hamblen,1437,10,1377,9,60,1,1569,11,12426,118,13995,129,0,14,-9,228,19,1195,0,73,19
08-09-20,Hamilton,5908,52,5893,52,15,0,6894,58,79804,287,86698,345,0,53,-16,453,68,5402,1,272,60
08-09-20,Hancock,89,1,81,1,8,0,95,1,1191,5,1286,6,0,2,-1,9,2,78,0,9,2
08-09-20,Hardeman,961,12,932,12,29,0,1081,18,8866,71,9947,89,0,17,11,157,1,787,0,49,20
08-09-20,Hardin,477,12,423,12,54,0,544,16,7227,231,7771,247,0,8,10,83,2,386,0,18,10
08-09-20,Hawkins,485,14,475,14,10,0,542,19,5738,72,6280,91,0,7,2,185,12,293,3,39,9
08-09-20,Haywood,536,30,517,30,19,0,574,35,3586,116,4160,151,0,6,26,176,4,354,1,26,7
08-09-20,Henderson,633,33,534,33,99,0,773,51,4703,141,5476,192,0,2,24,181,9,450,0,23,5
08-09-20,Henry,288,11,284,11,4,0,343,14,5632,135,5975,149,0,0,7,113,4,175,1,25,0
08-09-20,Hickman,267,2,263,2,4,0,336,2,3401,24,3737,26,0,0,1,69,1,198,0,6,0
08-09-20,Houston,63,0,63,0,0,0,73,1,1246,20,1319,21,0,0,0,10,0,53,0,8,0
08-09-20,Humphreys,130,3,121,3,9,0,151,4,3150,37,3301,41,0,3,3,36,0,91,0,4,3
08-09-20,Jackson,156,4,151,4,5,0,181,4,1553,24,1734,28,0,1,4,25,0,130,0,10,2
08-09-20,Jefferson,597,14,539,12,58,2,641,12,8544,86,9185,98,1,4,7,126,6,467,0,33,5
08-09-20,Johnson,287,15,284,15,3,0,295,15,3893,77,4188,92,0,0,4,176,11,111,1,12,0
08-09-20,Knox,4906,84,4758,80,148,4,5382,111,77859,798,83241,909,1,39,24,975,59,3892,4,233,48
08-09-20,Lake,786,8,784,8,2,0,963,9,4479,39,5442,48,0,0,5,58,3,728,0,6,0
08-09-20,Lauderdale,513,20,504,20,9,0,571,20,6688,131,7259,151,0,8,16,106,4,399,0,31,11
08-09-20,Lawrence,563,19,558,19,5,0,662,17,6412,87,7074,104,0,6,8,143,11,414,1,26,8
08-09-20,Lewis,80,2,80,2,0,0,88,3,2337,31,2425,34,0,1,0,35,2,44,0,8,1
08-09-20,Lincoln,328,15,327,15,1,0,399,18,4543,83,4942,101,0,1,9,79,6,248,1,13,1
08-09-20,Loudon,724,16,703,16,21,0,804,17,7541,103,8345,120,0,3,8,144,8,577,0,22,4
08-09-20,Macon,870,2,864,2,6,0,1055,3,4829,46,5884,49,0,13,-2,41,4,816,1,65,16
08-09-20,Madison,1193,55,1157,55,36,0,1329,55,15086,211,16415,266,0,17,27,172,28,1004,1,84,26
08-09-20,Marion,250,2,249,2,1,0,309,2,3432,25,3741,27,0,4,0,46,2,200,0,24,6
08-09-20,Marshall,312,13,312,13,0,0,365,15,4741,41,5106,56,0,3,11,63,2,246,0,15,4
08-09-20,Maury,1276,24,1270,24,6,0,1502,24,12956,220,14458,244,0,7,16,278,8,991,0,44,8
08-09-20,McMinn,586,12,583,12,3,0,704,13,9005,105,9709,118,0,20,8,99,4,467,0,45,21
08-09-20,McNairy,378,4,339,4,39,0,438,8,3792,63,4230,71,0,5,-2,78,6,295,0,25,8
08-09-20,Meigs,112,1,111,1,1,0,139,3,1760,19,1899,22,0,0,1,23,0,89,0,6,1
08-09-20,Monroe,486,22,473,22,13,0,542,24,5285,207,5827,231,0,9,16,117,6,360,2,44,8
08-09-20,Montgomery,2010,16,1998,16,12,0,2324,26,25473,262,27797,288,0,13,-6,354,22,1643,0,95,21
08-09-20,Moore,78,2,76,2,2,0,90,2,969,7,1059,9,0,0,-1,29,3,49,0,0,0
08-09-20,Morgan,147,3,145,3,2,0,162,5,4981,20,5143,25,0,1,2,64,1,82,0,3,1
08-09-20,Obion,597,14,587,14,10,0,664,18,5674,113,6338,131,0,4,9,188,5,405,0,27,6
08-09-20,Out of State,1375,21,1362,19,13,2,1539,21,168444,861,169983,882,0,14,8,141,13,1220,1,53,5
08-09-20,Overton,225,15,222,15,3,0,255,16,4002,63,4257,79,0,1,12,74,3,150,0,11,1
08-09-20,Pending,377,3,372,3,5,0,442,4,115910,920,116352,924,0,10,-1,66,4,301,1,4,0
08-09-20,Perry,81,0,79,0,2,0,92,0,1817,27,1909,27,0,0,0,13,0,68,0,4,0
08-09-20,Pickett,34,4,34,4,0,0,34,4,668,8,702,12,0,1,4,13,0,20,0,0,1
08-09-20,Polk,234,1,231,1,3,0,251,2,1948,25,2199,27,0,3,-7,43,8,188,0,13,9
08-09-20,Putnam,1681,27,1668,27,13,0,2058,32,18018,243,20076,275,0,18,16,268,11,1395,1,64,22
08-09-20,Rhea,534,3,534,3,0,0,633,5,5842,32,6475,37,0,2,2,65,1,467,0,15,2
08-09-20,Roane,473,14,458,14,15,0,565,20,10713,120,11278,140,0,2,10,139,4,332,0,22,2
08-09-20,Robertson,1596,15,1591,15,5,0,1973,18,10408,105,12381,123,0,19,0,159,15,1418,0,115,26
08-09-20,Rutherford,6702,36,6691,36,11,0,8170,45,49335,435,57505,480,0,54,-15,678,51,5970,1,210,60
08-09-20,Scott,127,1,124,1,3,0,138,2,2435,41,2573,43,0,0,-4,40,5,87,0,9,2
08-09-20,Sequatchie,128,1,127,1,1,0,153,2,2909,36,3062,38,0,0,0,18,1,110,1,7,1
08-09-20,Sevier,1887,33,1828,33,59,0,2064,42,16892,286,18956,328,0,7,10,247,23,1633,0,71,11
08-09-20,Shelby,23787,176,23716,165,71,11,29015,235,244872,2318,273887,2553,3,304,23,2580,150,20903,5,1821,356
08-09-20,Smith,476,5,468,5,8,0,525,6,3419,31,3944,37,0,4,-3,67,8,405,2,23,7
08-09-20,Stewart,75,2,75,2,0,0,97,4,1639,34,1736,38,0,0,0,12,2,63,0,2,0
08-09-20,Sullivan,1048,49,993,49,55,0,1119,52,16620,235,17739,287,0,14,27,269,22,765,0,100,16
08-09-20,Sumner,3541,26,3526,26,15,0,4219,34,25730,184,29949,218,0,73,1,379,25,3089,1,317,81
08-09-20,Tipton,1251,12,1238,12,13,0,1438,18,13842,191,15280,209,1,10,1,141,10,1100,0,75,12
08-09-20,Trousdale,1589,0,1586,0,3,0,1654,1,3352,21,5006,22,0,6,0,16,0,1567,0,18,6
08-09-20,Unicoi,166,4,163,4,3,0,177,5,3332,28,3509,33,0,0,-1,38,5,128,0,4,0
08-09-20,Union,169,6,165,6,4,0,183,6,2577,68,2760,74,0,0,4,51,2,118,0,5,0
08-09-20,Van Buren,42,1,42,1,0,0,44,1,782,8,826,9,0,0,1,7,0,35,0,3,0
08-09-20,Warren,527,24,498,24,29,0,592,27,8010,170,8602,197,0,4,18,167,6,356,0,10,5
08-09-20,Washington,1228,32,1199,32,29,0,1363,40,17206,213,18569,253,0,2,10,301,22,925,1,60,2
08-09-20,Wayne,232,1,227,1,5,0,256,1,4040,28,4296,29,0,2,0,27,1,203,0,7,2
08-09-20,Weakley,487,38,458,38,29,0,523,41,5862,145,6385,186,0,4,31,253,7,230,1,17,6
08-09-20,White,291,11,286,11,5,0,342,11,4782,92,5124,103,0,5,9,102,2,184,0,17,6
08-09-20,Williamson,3548,45,3532,45,16,0,4228,53,41725,407,45953,460,0,25,22,472,23,3051,1,99,24
08-09-20,Wilson,2349,19,2346,19,3,0,2804,23,23745,184,26549,207,0,23,3,317,16,2009,0,88,25
08-08-20,Anderson,698,11,681,11,17,0,827,16,15269,297,16096,313,0,6,2,144,9,548,0,31,6
08-08-20,Bedford,925,9,910,6,15,3,1098,16,6959,116,8057,132,0,11,5,110,4,804,1,37,13
08-08-20,Benton,152,11,148,11,4,0,162,12,2074,42,2236,54,0,1,10,84,1,67,0,12,1
08-08-20,Bledsoe,711,6,708,3,3,3,734,3,4616,40,5350,43,0,1,6,47,0,663,0,15,1
08-08-20,Blount,1403,38,1376,38,27,0,1624,44,16026,630,17650,674,1,11,16,340,21,1052,2,68,14
08-08-20,Bradley,1992,32,1952,32,40,0,2377,38,14012,466,16389,504,0,12,0,326,32,1654,0,118,15
08-08-20,Campbell,264,2,257,2,7,0,303,3,5987,173,6290,176,0,1,-6,73,8,190,0,12,1
08-08-20,Cannon,150,6,141,6,9,0,185,6,2183,47,2368,53,0,0,4,36,2,114,0,6,0
08-08-20,Carroll,287,7,260,6,27,1,314,9,4112,108,4426,117,0,3,-1,106,8,178,0,19,4
08-08-20,Carter,562,14,543,14,19,0,617,17,8663,254,9280,271,0,6,5,153,9,403,0,46,7
08-08-20,Cheatham,594,13,593,13,1,0,724,19,6552,175,7276,194,0,7,9,85,4,502,0,25,8
08-08-20,Chester,238,4,214,3,24,1,263,7,1897,41,2160,48,0,2,2,42,2,194,0,8,2
08-08-20,Claiborne,264,3,250,2,14,1,287,5,5580,92,5867,97,0,0,-3,54,6,210,0,12,1
08-08-20,Clay,86,1,80,1,6,0,89,1,1460,12,1549,13,0,0,0,19,1,67,0,2,0
08-08-20,Cocke,482,8,459,8,23,0,516,11,4850,96,5366,107,0,2,4,99,4,381,0,26,2
08-08-20,Coffee,528,25,496,24,32,1,629,33,9564,396,10193,429,0,3,20,184,5,341,2,18,3
08-08-20,Crockett,273,2,254,1,19,1,303,3,1872,32,2175,35,0,4,-7,60,9,209,0,17,10
08-08-20,Cumberland,478,40,474,40,4,0,610,43,12658,265,13268,308,0,6,35,105,5,367,0,30,6
08-08-20,Davidson,21471,228,21428,225,43,3,26712,295,198091,2885,224803,3180,1,213,93,1760,134,19498,5,912,241
08-08-20,Decatur,204,8,157,4,47,4,232,11,2840,82,3072,93,0,3,5,61,3,140,0,6,3
08-08-20,Dekalb,323,5,322,5,1,0,396,6,4661,80,5057,86,0,2,-1,56,6,265,0,15,2
08-08-20,Dickson,699,16,668,10,31,6,877,23,7939,130,8816,153,0,2,8,150,8,547,0,37,4
08-08-20,Dyer,658,9,636,8,22,1,736,14,5875,161,6611,175,0,7,1,144,8,507,0,44,9
08-08-20,Fayette,743,13,736,12,7,1,947,15,10332,190,11279,205,0,8,7,116,6,619,1,61,12
08-08-20,Fentress,96,3,96,3,0,0,105,4,2170,47,2275,51,0,0,0,28,3,68,0,9,0
08-08-20,Franklin,339,14,332,14,7,0,413,14,6921,175,7334,189,0,4,6,88,8,247,0,19,4
08-08-20,Gibson,686,12,594,9,92,3,760,17,7574,203,8334,220,0,5,-3,171,15,510,0,33,8
08-08-20,Giles,391,3,389,3,2,0,467,6,5191,120,5658,126,0,13,-2,60,5,318,0,28,13
08-08-20,Grainger,200,4,189,4,11,0,232,5,3104,58,3336,63,0,0,2,53,2,147,0,12,0
08-08-20,Greene,487,24,456,24,31,0,559,32,8157,177,8716,209,1,8,19,150,4,329,1,34,8
08-08-20,Grundy,117,3,116,3,1,0,138,3,1475,23,1613,26,0,2,3,19,0,96,0,16,2
08-08-20,Hamblen,1427,12,1368,11,59,1,1558,15,12308,193,13866,208,0,14,-2,237,14,1176,1,73,18
08-08-20,Hamilton,5856,108,5841,108,15,0,6836,136,79517,1988,86353,2124,1,53,49,469,58,5334,2,271,60
08-08-20,Hancock,88,1,80,1,8,0,94,1,1186,39,1280,40,1,2,-1,10,1,76,0,9,2
08-08-20,Hardeman,949,32,920,31,29,1,1063,38,8795,122,9858,160,0,17,21,146,11,786,0,49,20
08-08-20,Hardin,465,6,411,4,54,2,528,10,6996,160,7524,170,0,8,0,73,6,384,0,18,10
08-08-20,Hawkins,471,22,461,22,10,0,523,21,5666,128,6189,149,0,7,18,183,4,281,2,36,8
08-08-20,Haywood,506,12,487,11,19,1,539,13,3470,119,4009,132,0,6,8,150,4,350,0,25,6
08-08-20,Henderson,600,13,501,11,99,2,722,33,4562,172,5284,205,0,2,8,157,5,441,1,23,5
08-08-20,Henry,277,12,273,12,4,0,329,13,5497,135,5826,148,0,0,8,106,4,171,1,24,0
08-08-20,Hickman,265,12,261,12,4,0,334,17,3377,135,3711,152,0,0,9,68,3,197,0,6,0
08-08-20,Houston,63,2,63,2,0,0,72,2,1226,33,1298,35,0,0,2,10,0,53,1,8,0
08-08-20,Humphreys,127,4,118,4,9,0,147,4,3113,139,3260,143,0,3,2,33,2,91,0,4,3
08-08-20,Jackson,152,7,147,7,5,0,177,7,1529,15,1706,22,0,1,7,21,0,130,0,10,2
08-08-20,Jefferson,583,10,527,6,56,4,629,7,8458,150,9087,157,0,3,0,119,10,461,1,33,5
08-08-20,Johnson,272,10,269,10,3,0,280,10,3816,78,4096,88,0,0,-2,172,12,100,0,11,0
08-08-20,Knox,4822,158,4678,157,144,1,5271,168,77061,2259,82332,2427,1,38,96,951,61,3833,4,229,47
08-08-20,Lake,778,4,776,4,2,0,954,4,4440,31,5394,35,0,0,-1,53,5,725,0,6,0
08-08-20,Lauderdale,493,3,484,2,9,1,551,3,6557,93,7108,96,0,8,1,90,2,395,0,31,11
08-08-20,Lawrence,544,11,539,11,5,0,645,14,6325,155,6970,169,0,6,0,135,11,403,0,25,8
08-08-20,Lewis,78,0,78,0,0,0,85,1,2306,121,2391,122,0,1,0,35,0,42,0,8,1
08-08-20,Lincoln,313,14,312,14,1,0,381,17,4460,186,4841,203,0,1,9,70,5,242,0,12,1
08-08-20,Loudon,708,12,687,12,21,0,787,15,7438,134,8225,149,0,3,7,136,5,569,0,22,4
08-08-20,Macon,868,0,862,0,6,0,1052,0,4783,23,5835,23,0,13,-3,43,3,812,0,64,16
08-08-20,Madison,1138,46,1102,44,36,2,1274,53,14875,435,16149,488,0,17,19,145,27,976,2,83,25
08-08-20,Marion,248,6,247,6,1,0,307,7,3407,48,3714,55,0,4,1,46,5,198,0,24,6
08-08-20,Marshall,299,4,299,4,0,0,350,5,4700,125,5050,130,0,3,-2,52,6,244,0,15,4
08-08-20,Maury,1252,37,1246,37,6,0,1478,44,12736,259,14214,303,0,7,26,262,11,983,0,44,8
08-08-20,McMinn,574,14,571,14,3,0,691,19,8900,236,9591,255,0,20,10,91,4,463,0,45,21
08-08-20,McNairy,374,8,335,6,39,2,430,13,3729,49,4159,62,0,5,5,80,3,289,0,25,8
08-08-20,Meigs,111,2,110,2,1,0,136,2,1741,43,1877,45,0,0,0,22,2,89,0,6,1
08-08-20,Monroe,464,15,451,15,13,0,518,21,5078,242,5596,263,0,9,2,101,13,354,0,42,8
08-08-20,Montgomery,1994,49,1982,47,12,2,2298,55,25211,419,27509,474,0,13,28,360,21,1621,0,95,19
08-08-20,Moore,76,3,74,3,2,0,88,3,962,32,1050,35,0,0,1,30,2,46,0,0,0
08-08-20,Morgan,144,16,142,14,2,2,157,10,4961,49,5118,59,0,1,13,62,3,81,0,3,1
08-08-20,Obion,583,25,573,25,10,0,646,32,5561,194,6207,226,0,4,12,179,13,400,3,27,6
08-08-20,Out of State,1354,12,1343,12,11,0,1518,15,167583,2743,169101,2758,-2,14,5,133,9,1207,0,52,5
08-08-20,Overton,210,4,207,4,3,0,239,5,3939,46,4178,51,0,1,3,62,1,147,0,11,1
08-08-20,Pending,374,12,369,12,5,0,438,17,114990,2218,115428,2235,1,10,3,67,8,297,0,3,0
08-08-20,Perry,81,3,79,3,2,0,92,3,1790,34,1882,37,0,0,3,13,0,68,0,4,0
08-08-20,Pickett,30,1,30,1,0,0,30,1,660,3,690,4,0,1,1,9,0,20,0,0,1
08-08-20,Polk,233,7,230,7,3,0,249,8,1923,36,2172,44,0,3,3,50,4,180,0,13,8
08-08-20,Putnam,1654,17,1641,17,13,0,2026,23,17775,296,19801,319,1,18,10,252,6,1384,1,63,22
08-08-20,Rhea,531,7,531,7,0,0,628,11,5810,142,6438,153,1,2,1,63,5,466,0,15,2
08-08-20,Roane,459,18,444,18,15,0,545,22,10593,201,11138,223,0,2,14,129,4,328,1,22,2
08-08-20,Robertson,1581,26,1576,25,5,1,1955,31,10303,148,12258,179,0,19,16,159,10,1403,3,115,26
08-08-20,Rutherford,6666,115,6655,115,11,0,8125,144,48900,1243,57025,1387,1,54,63,693,51,5919,2,209,60
08-08-20,Scott,126,2,123,2,3,0,136,3,2394,65,2530,68,0,0,-2,44,4,82,0,9,2
08-08-20,Sequatchie,127,1,126,1,1,0,151,1,2873,40,3024,41,0,0,-5,18,6,109,0,6,1
08-08-20,Sevier,1854,11,1795,11,59,0,2022,17,16606,186,18628,203,0,7,-6,237,17,1610,0,71,11
08-08-20,Shelby,23611,346,23551,341,60,5,28780,473,242554,3976,271334,4449,-1,301,162,2557,185,20753,12,1816,354
08-08-20,Smith,471,3,463,3,8,0,519,4,3388,48,3907,52,0,4,-5,70,8,397,0,21,7
08-08-20,Stewart,73,1,73,1,0,0,93,2,1605,31,1698,33,0,0,0,12,1,61,0,2,0
08-08-20,Sullivan,999,33,944,33,55,0,1067,38,16385,588,17452,626,2,14,14,242,17,743,1,100,16
08-08-20,Sumner,3515,34,3500,34,15,0,4185,35,25546,356,29731,391,0,73,15,378,19,3064,1,316,81
08-08-20,Tipton,1239,10,1226,9,13,1,1420,12,13651,227,15071,239,0,9,-1,140,11,1090,0,75,12
08-08-20,Trousdale,1589,1,1586,1,3,0,1653,2,3331,19,4984,21,0,6,0,16,1,1567,0,18,6
08-08-20,Unicoi,162,4,159,4,3,0,172,4,3304,60,3476,64,0,0,0,39,4,123,0,4,0
08-08-20,Union,163,3,159,3,4,0,177,4,2509,59,2686,63,0,0,-1,47,4,116,1,5,0
08-08-20,Van Buren,41,2,41,2,0,0,43,2,774,9,817,11,0,0,0,6,2,35,0,3,0
08-08-20,Warren,503,3,474,2,29,1,565,7,7840,152,8405,159,0,4,-5,149,8,350,0,10,5
08-08-20,Washington,1196,26,1167,26,29,0,1323,31,16993,512,18316,543,0,2,-1,291,27,903,2,59,2
08-08-20,Wayne,231,1,226,1,5,0,255,1,4012,57,4267,58,0,2,-3,27,4,202,0,7,2
08-08-20,Weakley,449,28,420,26,29,2,482,31,5717,198,6199,229,0,4,20,222,8,223,1,16,6
08-08-20,White,280,3,275,2,5,1,331,2,4690,78,5021,80,0,5,0,93,3,182,0,17,6
08-08-20,Williamson,3503,72,3487,70,16,2,4175,95,41318,721,45493,816,0,25,34,450,38,3028,1,98,24
08-08-20,Wilson,2330,42,2327,42,3,0,2781,46,23561,454,26342,500,0,23,16,314,26,1993,0,88,25
08-07-20,Anderson,687,4,670,4,17,0,811,3,14972,80,15783,83,0,6,-22,142,26,539,0,31,6
08-07-20,Bedford,916,12,904,9,12,3,1082,13,6843,107,7925,120,0,11,6,105,6,800,0,36,12
08-07-20,Benton,141,5,137,5,4,0,150,5,2032,34,2182,39,0,1,-4,74,9,66,1,12,1
08-07-20,Bledsoe,705,8,705,8,0,0,731,6,4576,24,5307,30,0,1,6,41,2,663,1,15,1
08-07-20,Blount,1365,7,1338,7,27,0,1580,8,15396,104,16976,112,1,10,-23,324,29,1031,1,66,14
08-07-20,Bradley,1960,56,1920,56,40,0,2339,69,13546,182,15885,251,0,12,21,326,35,1622,3,118,12
08-07-20,Campbell,262,5,255,5,7,0,300,6,5814,52,6114,58,0,1,-3,79,8,182,0,12,1
08-07-20,Cannon,144,2,135,0,9,2,179,2,2136,44,2315,46,0,0,-3,32,5,112,0,6,0
08-07-20,Carroll,280,5,254,4,26,1,305,5,4004,36,4309,41,0,3,-10,107,15,170,1,19,4
08-07-20,Carter,548,25,529,25,19,0,600,31,8409,227,9009,258,1,6,9,148,15,394,2,46,7
08-07-20,Cheatham,581,5,580,5,1,0,705,4,6377,30,7082,34,0,7,-3,76,8,498,0,25,8
08-07-20,Chester,234,7,211,5,23,2,256,7,1856,20,2112,27,0,2,2,40,5,192,0,8,2
08-07-20,Claiborne,261,9,248,8,13,1,282,9,5488,69,5770,78,0,0,-1,57,10,204,1,12,1
08-07-20,Clay,85,0,79,0,6,0,88,0,1448,4,1536,4,0,0,-2,19,2,66,0,2,0
08-07-20,Cocke,474,9,451,9,23,0,505,9,4754,49,5259,58,0,2,4,95,5,377,1,26,2
08-07-20,Coffee,503,18,472,15,31,3,596,23,9168,118,9764,141,0,3,10,164,8,336,0,16,3
08-07-20,Crockett,271,6,253,5,18,1,300,7,1840,23,2140,30,0,4,-2,67,8,200,2,17,9
08-07-20,Cumberland,438,6,434,6,4,0,567,6,12393,34,12960,40,0,6,-5,70,11,362,0,30,6
08-07-20,Davidson,21243,262,21203,262,40,0,26417,335,195206,2637,221623,2972,1,212,62,1667,199,19364,4,907,239
08-07-20,Decatur,196,2,153,2,43,0,221,3,2758,8,2979,11,0,3,-4,56,6,137,0,6,3
08-07-20,Dekalb,318,6,317,6,1,0,390,8,4581,35,4971,43,0,2,1,57,5,259,0,15,2
08-07-20,Dickson,683,10,658,8,25,2,854,12,7809,118,8663,130,1,2,-3,142,12,539,0,37,4
08-07-20,Dyer,649,14,628,13,21,1,722,12,5714,45,6436,57,0,7,-4,143,18,499,1,44,9
08-07-20,Fayette,730,13,724,13,6,0,932,19,10142,131,11074,150,0,8,1,109,12,613,2,60,12
08-07-20,Fentress,93,2,93,2,0,0,101,2,2123,6,2224,8,0,0,-1,28,3,65,0,9,0
08-07-20,Franklin,325,4,318,4,7,0,399,6,6746,50,7145,56,0,4,-11,82,15,239,1,19,4
08-07-20,Gibson,674,25,585,23,89,2,743,27,7371,167,8114,194,1,5,11,174,13,495,2,33,8
08-07-20,Giles,388,8,386,8,2,0,461,6,5071,65,5532,71,0,13,0,62,8,313,3,28,13
08-07-20,Grainger,196,2,185,2,11,0,227,2,3046,27,3273,29,0,0,-4,51,6,145,0,12,0
08-07-20,Greene,463,29,432,29,31,0,527,25,7980,134,8507,159,0,7,23,131,6,325,2,33,8
08-07-20,Grundy,114,2,113,2,1,0,135,2,1452,7,1587,9,0,2,1,16,1,96,0,16,2
08-07-20,Hamblen,1415,6,1357,6,58,0,1543,6,12115,52,13658,58,0,14,-19,239,25,1162,2,72,18
08-07-20,Hamilton,5748,94,5733,94,15,0,6700,108,77529,806,84229,914,3,52,27,420,64,5276,3,269,58
08-07-20,Hancock,87,0,79,0,8,0,93,0,1147,17,1240,17,0,1,-2,11,2,75,0,9,2
08-07-20,Hardeman,917,15,889,15,28,0,1025,20,8673,66,9698,86,2,17,2,125,11,775,0,49,20
08-07-20,Hardin,459,9,407,5,52,4,518,14,6836,66,7354,80,1,8,2,73,6,378,0,18,10
08-07-20,Hawkins,449,21,439,21,10,0,502,21,5538,84,6040,105,0,7,12,165,9,277,1,34,7
08-07-20,Haywood,494,7,476,5,18,2,526,8,3351,20,3877,28,0,6,-6,142,13,346,0,25,6
08-07-20,Henderson,587,18,490,13,97,5,689,23,4390,98,5079,121,0,2,4,149,14,436,2,22,5
08-07-20,Henry,265,1,261,1,4,0,316,2,5362,30,5678,32,0,0,-10,98,11,167,0,23,0
08-07-20,Hickman,253,3,249,3,4,0,317,2,3242,54,3559,56,0,0,-3,59,6,194,0,6,0
08-07-20,Houston,61,0,61,0,0,0,70,0,1193,6,1263,6,0,0,-2,8,2,53,0,7,0
08-07-20,Humphreys,123,2,114,2,9,0,143,3,2974,27,3117,30,0,3,-1,31,3,89,0,4,3
08-07-20,Jackson,145,3,140,3,5,0,170,3,1514,9,1684,12,0,1,0,14,3,130,1,10,2
08-07-20,Jefferson,573,2,521,2,52,0,622,3,8308,78,8930,81,0,3,-9,119,11,451,0,32,5
08-07-20,Johnson,262,29,259,29,3,0,270,30,3738,99,4008,129,0,0,22,174,7,88,2,11,0
08-07-20,Knox,4664,50,4521,46,143,4,5103,44,74802,397,79905,441,0,37,-34,855,84,3772,0,225,45
08-07-20,Lake,774,4,772,4,2,0,950,5,4409,10,5359,15,0,0,0,54,4,720,1,6,0
08-07-20,Lauderdale,490,9,482,9,8,0,548,10,6464,38,7012,48,0,8,-6,89,15,393,0,31,10
08-07-20,Lawrence,533,12,528,12,5,0,631,13,6170,78,6801,91,0,6,2,135,10,392,0,25,8
08-07-20,Lewis,78,5,78,5,0,0,84,5,2185,46,2269,51,0,1,5,35,0,42,0,8,1
08-07-20,Lincoln,299,8,298,8,1,0,364,9,4274,118,4638,127,0,1,0,61,8,237,0,12,1
08-07-20,Loudon,696,4,675,4,21,0,772,5,7304,43,8076,48,0,3,-3,129,7,564,0,22,4
08-07-20,Macon,868,0,862,0,6,0,1052,3,4760,35,5812,38,0,13,-10,46,10,809,0,64,16
08-07-20,Madison,1092,40,1058,39,34,1,1221,46,14440,236,15661,282,2,17,18,126,20,949,8,81,24
08-07-20,Marion,242,3,241,3,1,0,300,8,3359,51,3659,59,0,4,-1,45,4,193,0,24,5
08-07-20,Marshall,295,8,295,8,0,0,345,8,4575,42,4920,50,0,3,2,54,6,238,1,15,4
08-07-20,Maury,1215,36,1209,36,6,0,1434,38,12477,185,13911,223,0,7,19,236,17,972,0,44,8
08-07-20,McMinn,560,11,557,11,3,0,672,13,8664,148,9336,161,0,20,2,81,9,459,0,45,21
08-07-20,McNairy,366,3,329,3,37,0,417,5,3680,24,4097,29,0,5,-7,75,10,286,0,25,8
08-07-20,Meigs,109,2,108,2,1,0,134,3,1698,28,1832,31,0,0,0,22,2,87,0,6,1
08-07-20,Monroe,449,1,436,1,13,0,497,2,4836,61,5333,63,0,9,-4,99,5,341,0,42,8
08-07-20,Montgomery,1945,13,1935,13,10,0,2243,21,24792,161,27035,182,0,13,-16,332,29,1600,0,95,18
08-07-20,Moore,73,2,71,2,2,0,85,2,930,13,1015,15,0,0,-1,29,3,44,0,0,0
08-07-20,Morgan,128,7,128,7,0,0,147,8,4912,36,5059,44,0,1,6,49,1,78,1,3,1
08-07-20,Obion,558,18,548,18,10,0,614,19,5367,112,5981,131,0,4,-4,167,22,387,0,24,6
08-07-20,Out of State,1342,13,1331,13,11,0,1503,21,164840,1050,166343,1071,0,16,-7,128,20,1198,1,52,5
08-07-20,Overton,206,1,203,1,3,0,234,1,3893,10,4127,11,0,1,-1,59,2,146,0,11,1
08-07-20,Pending,362,12,357,12,5,0,421,14,112772,1299,113193,1313,1,9,-3,64,14,289,0,3,0
08-07-20,Perry,78,1,76,1,2,0,89,1,1756,79,1845,80,0,0,-2,10,3,68,0,4,0
08-07-20,Pickett,29,0,29,0,0,0,29,0,657,0,686,0,0,1,0,8,0,20,0,0,1
08-07-20,Polk,226,12,223,12,3,0,241,14,1887,34,2128,48,0,3,7,47,5,176,0,13,8
08-07-20,Putnam,1637,13,1624,13,13,0,2003,14,17479,121,19482,135,1,17,-14,242,26,1378,0,62,22
08-07-20,Rhea,524,7,524,7,0,0,617,9,5668,92,6285,101,0,1,1,62,6,461,0,15,2
08-07-20,Roane,441,10,426,10,15,0,523,11,10392,65,10915,76,0,2,-3,115,13,324,2,21,2
08-07-20,Robertson,1555,7,1551,7,4,0,1924,11,10155,58,12079,69,0,19,-12,143,19,1393,0,112,26
08-07-20,Rutherford,6551,60,6540,59,11,1,7981,75,47657,375,55638,450,0,53,-18,630,78,5868,1,207,60
08-07-20,Scott,124,2,121,2,3,0,133,1,2329,17,2462,18,0,0,-1,46,3,78,0,9,2
08-07-20,Sequatchie,126,4,125,4,1,0,150,4,2833,13,2983,17,0,0,3,23,1,103,0,6,1
08-07-20,Sevier,1843,23,1784,23,59,0,2005,26,16420,119,18425,145,1,7,-11,243,33,1593,1,71,10
08-07-20,Shelby,23265,358,23210,352,55,6,28307,479,238578,3148,266885,3627,2,302,98,2395,258,20568,31,1804,352
08-07-20,Smith,468,2,460,2,8,0,515,2,3340,16,3855,18,0,4,-5,75,7,389,1,21,7
08-07-20,Stewart,72,0,72,0,0,0,91,0,1574,17,1665,17,0,0,0,12,0,60,0,2,0
08-07-20,Sullivan,966,49,911,44,55,5,1029,54,15797,256,16826,310,0,12,30,228,19,726,6,99,16
08-07-20,Sumner,3481,34,3466,34,15,0,4150,36,25190,191,29340,227,1,73,-7,363,40,3045,1,315,80
08-07-20,Tipton,1229,17,1217,16,12,1,1408,24,13424,122,14832,146,0,9,-5,141,22,1079,3,75,12
08-07-20,Trousdale,1588,4,1585,4,3,0,1651,4,3312,18,4963,22,0,6,1,16,3,1566,0,18,6
08-07-20,Unicoi,158,5,155,5,3,0,168,6,3244,59,3412,65,0,0,2,39,3,119,0,4,0
08-07-20,Union,160,2,156,2,4,0,173,2,2450,34,2623,36,0,0,-9,48,11,112,0,4,0
08-07-20,Van Buren,39,0,39,0,0,0,41,0,765,2,806,2,0,0,0,6,0,33,0,3,0
08-07-20,Warren,500,7,472,7,28,0,558,9,7688,76,8246,85,0,4,-8,154,15,342,0,10,5
08-07-20,Washington,1170,64,1141,61,29,3,1292,73,16481,419,17773,492,0,2,25,292,39,876,4,57,2
08-07-20,Wayne,230,0,225,0,5,0,254,0,3955,33,4209,33,0,2,-5,30,5,198,0,7,2
08-07-20,Weakley,421,9,394,8,27,1,451,9,5519,55,5970,64,1,4,-2,202,10,215,1,15,6
08-07-20,White,277,5,273,5,4,0,329,5,4612,19,4941,24,0,5,2,93,3,179,0,17,5
08-07-20,Williamson,3431,33,3417,32,14,1,4080,40,40597,371,44677,411,0,25,-2,416,35,2990,0,97,24
08-07-20,Wilson,2288,29,2285,29,3,0,2735,34,23107,188,25842,222,0,23,12,298,17,1967,0,88,25
08-06-20,Anderson,683,22,666,22,17,0,808,30,14892,330,15700,360,0,6,2,164,20,513,1,31,6
08-06-20,Bedford,904,9,895,9,9,0,1069,10,6736,129,7805,139,0,11,-2,99,11,794,1,36,12
08-06-20,Benton,136,18,132,17,4,1,145,17,1998,91,2143,108,0,1,16,78,2,57,1,11,1
08-06-20,Bledsoe,697,10,697,10,0,0,725,13,4552,38,5277,51,0,1,10,35,0,661,0,14,1
08-06-20,Blount,1358,33,1331,33,27,0,1572,42,15292,433,16864,475,1,9,-1,347,33,1002,1,65,11
08-06-20,Bradley,1904,50,1864,48,40,2,2270,56,13364,191,15634,247,0,12,29,305,21,1587,1,115,12
08-06-20,Campbell,257,15,250,15,7,0,294,16,5762,99,6056,115,0,1,9,82,6,174,0,12,1
08-06-20,Cannon,142,8,135,6,7,2,177,7,2092,44,2269,51,0,0,3,35,5,107,0,6,0
08-06-20,Carroll,275,23,250,21,25,2,300,28,3968,132,4268,160,0,3,15,117,8,155,1,18,4
08-06-20,Carter,523,21,504,19,19,2,569,22,8182,40,8751,62,0,5,4,139,17,379,1,44,7
08-06-20,Cheatham,576,14,575,13,1,1,701,27,6347,166,7048,193,1,7,1,79,12,490,0,25,7
08-06-20,Chester,227,5,206,4,21,1,249,6,1836,50,2085,56,0,2,2,38,3,187,0,8,2
08-06-20,Claiborne,252,8,240,8,12,0,273,10,5419,206,5692,216,0,0,0,58,8,194,0,11,1
08-06-20,Clay,85,5,79,3,6,2,88,5,1444,63,1532,68,0,0,2,21,3,64,0,2,0
08-06-20,Cocke,465,12,442,8,23,4,496,16,4705,90,5201,106,0,2,5,91,7,372,2,25,2
08-06-20,Coffee,485,37,457,32,28,5,573,38,9050,244,9623,282,1,3,20,154,16,328,0,16,3
08-06-20,Crockett,265,10,248,10,17,0,293,14,1817,26,2110,40,0,4,3,69,7,192,0,15,9
08-06-20,Cumberland,432,16,428,16,4,0,561,23,12359,180,12920,203,0,6,9,75,7,351,0,30,6
08-06-20,Davidson,20981,248,20941,247,40,1,26082,315,192569,2686,218651,3001,3,211,52,1605,193,19165,7,903,237
08-06-20,Decatur,194,8,151,4,43,4,218,11,2750,114,2968,125,1,3,-1,60,8,131,0,6,3
08-06-20,Dekalb,312,5,311,4,1,1,382,9,4546,72,4928,81,1,2,-7,56,11,254,0,15,2
08-06-20,Dickson,673,22,650,16,23,6,842,26,7691,250,8533,276,0,1,11,145,11,527,1,37,4
08-06-20,Dyer,635,32,615,32,20,0,710,39,5669,169,6379,208,0,7,22,147,10,481,1,43,9
08-06-20,Fayette,717,21,711,21,6,0,913,24,10011,153,10924,177,0,8,17,108,4,601,2,58,12
08-06-20,Fentress,91,9,91,9,0,0,99,10,2117,47,2216,57,0,0,8,29,1,62,2,9,0
08-06-20,Franklin,321,16,314,16,7,0,393,17,6696,225,7089,242,0,4,10,93,6,224,1,18,4
08-06-20,Gibson,649,40,562,35,87,5,716,37,7204,205,7920,242,2,4,21,163,17,482,4,31,7
08-06-20,Giles,380,8,378,8,2,0,455,9,5006,93,5461,102,1,13,-2,62,9,305,1,25,13
08-06-20,Grainger,194,8,183,8,11,0,225,7,3019,85,3244,92,0,0,4,55,4,139,0,12,0
08-06-20,Greene,434,25,403,17,31,8,502,25,7846,137,8348,162,1,7,17,108,7,319,2,31,8
08-06-20,Grundy,112,4,111,4,1,0,133,4,1445,31,1578,35,0,2,2,15,2,95,0,16,2
08-06-20,Hamblen,1409,43,1351,41,58,2,1537,48,12063,358,13600,406,1,14,3,258,39,1137,1,70,17
08-06-20,Hamilton,5654,84,5639,84,15,0,6592,106,76723,1066,83315,1172,2,49,22,393,60,5212,6,266,56
08-06-20,Hancock,87,3,79,2,8,1,93,2,1130,37,1223,39,0,1,1,13,2,73,0,9,1
08-06-20,Hardeman,902,15,874,15,28,0,1005,22,8607,92,9612,114,3,15,-5,123,17,764,0,49,20
08-06-20,Hardin,450,10,402,10,48,0,504,14,6770,266,7274,280,0,7,-5,71,15,372,0,18,10
08-06-20,Hawkins,428,16,418,15,10,1,481,17,5454,95,5935,112,2,7,-9,153,23,268,1,33,7
08-06-20,Haywood,487,30,471,30,16,0,518,31,3331,91,3849,122,1,6,18,148,11,333,2,25,6
08-06-20,Henderson,569,29,477,23,92,6,666,34,4292,115,4958,149,2,2,12,145,15,422,0,20,5
08-06-20,Henry,264,28,260,28,4,0,314,29,5332,214,5646,243,0,0,12,108,16,156,1,23,0
08-06-20,Hickman,250,9,246,9,4,0,315,11,3188,74,3503,85,0,0,4,62,5,188,0,6,0
08-06-20,Houston,61,2,61,2,0,0,70,2,1187,31,1257,33,0,0,0,10,2,51,0,7,0
08-06-20,Humphreys,121,2,112,2,9,0,140,5,2947,80,3087,85,0,3,1,32,1,86,0,4,3
08-06-20,Jackson,142,4,137,1,5,3,167,4,1505,18,1672,22,0,1,-1,14,5,127,0,9,2
08-06-20,Jefferson,571,27,519,22,52,5,619,24,8230,208,8849,232,0,3,16,128,11,440,1,32,5
08-06-20,Johnson,233,7,230,7,3,0,240,8,3639,68,3879,76,0,0,-2,152,9,81,0,9,0
08-06-20,Knox,4614,113,4475,105,139,8,5059,120,74405,1475,79464,1595,-1,37,40,889,74,3688,5,225,43
08-06-20,Lake,770,12,768,12,2,0,945,11,4399,50,5344,61,0,0,10,54,2,716,0,5,0
08-06-20,Lauderdale,481,33,473,32,8,1,538,32,6426,82,6964,114,1,8,20,95,12,378,0,31,10
08-06-20,Lawrence,521,31,516,31,5,0,618,35,6092,158,6710,193,0,6,27,133,4,382,0,25,7
08-06-20,Lewis,73,6,73,6,0,0,79,6,2139,34,2218,40,0,1,3,30,3,42,0,8,1
08-06-20,Lincoln,291,14,290,14,1,0,355,13,4156,77,4511,90,0,1,1,61,13,229,0,12,1
08-06-20,Loudon,692,21,671,20,21,1,767,27,7261,236,8028,263,0,3,8,132,13,557,0,22,4
08-06-20,Macon,868,4,862,4,6,0,1049,6,4725,83,5774,89,0,13,-3,56,7,799,0,64,16
08-06-20,Madison,1052,32,1019,31,33,1,1175,45,14204,322,15379,367,1,15,6,108,25,929,1,73,24
08-06-20,Marion,239,6,238,6,1,0,292,8,3308,51,3600,59,0,4,3,46,3,189,0,24,5
08-06-20,Marshall,287,6,287,6,0,0,337,7,4533,91,4870,98,0,3,0,52,6,232,0,14,4
08-06-20,Maury,1179,57,1173,56,6,1,1396,68,12292,329,13688,397,0,7,33,217,24,955,2,44,8
08-06-20,McMinn,549,15,546,15,3,0,659,16,8516,161,9175,177,0,20,5,79,10,450,3,45,21
08-06-20,McNairy,363,15,326,14,37,1,412,18,3656,193,4068,211,0,5,9,82,6,276,1,25,8
08-06-20,Meigs,107,1,106,1,1,0,131,1,1670,25,1801,26,0,0,-3,22,4,85,0,6,1
08-06-20,Monroe,448,19,435,19,13,0,495,23,4775,113,5270,136,0,9,4,103,15,336,2,42,8
08-06-20,Montgomery,1932,78,1922,78,10,0,2222,93,24631,653,26853,746,0,13,48,348,30,1571,0,95,18
08-06-20,Moore,71,7,69,5,2,2,83,7,917,20,1000,27,0,0,7,30,0,41,0,0,0
08-06-20,Morgan,121,4,121,4,0,0,139,4,4876,65,5015,69,0,1,0,43,4,77,0,2,1
08-06-20,Obion,540,41,530,41,10,0,595,44,5255,158,5850,202,0,4,23,171,18,365,0,24,6
08-06-20,Out of State,1329,21,1318,20,11,1,1482,31,163790,3277,165272,3308,2,16,-1,135,20,1178,2,51,5
08-06-20,Overton,205,21,202,21,3,0,233,22,3883,107,4116,129,0,1,18,60,3,144,1,11,1
08-06-20,Pending,350,12,345,12,5,0,407,19,111473,1769,111880,1788,3,8,-2,67,11,275,0,3,0
08-06-20,Perry,77,0,75,0,2,0,88,0,1677,17,1765,17,0,0,-1,12,1,65,0,4,0
08-06-20,Pickett,29,4,29,4,0,0,29,4,657,9,686,13,0,1,3,8,1,20,0,0,1
08-06-20,Polk,214,6,211,6,3,0,227,6,1853,21,2080,27,0,3,1,40,5,171,0,13,7
08-06-20,Putnam,1624,47,1611,44,13,3,1989,56,17358,274,19347,330,3,16,27,256,17,1352,1,62,22
08-06-20,Rhea,517,7,517,7,0,0,608,10,5576,135,6184,145,0,1,3,61,4,455,0,15,1
08-06-20,Roane,431,15,416,14,15,1,512,22,10327,220,10839,242,0,2,3,118,12,311,0,19,2
08-06-20,Robertson,1548,29,1544,29,4,0,1913,41,10097,223,12010,264,0,19,5,155,24,1374,2,112,26
08-06-20,Rutherford,6491,98,6481,97,10,1,7906,142,47282,821,55188,963,0,53,-13,648,111,5790,1,206,58
08-06-20,Scott,122,11,119,11,3,0,132,13,2312,73,2444,86,0,0,5,47,6,75,0,9,2
08-06-20,Sequatchie,122,6,121,6,1,0,146,6,2820,25,2966,31,0,0,3,20,3,102,0,6,0
08-06-20,Sevier,1820,38,1761,36,59,2,1979,47,16301,316,18280,363,0,6,-2,254,40,1560,4,70,10
08-06-20,Shelby,22907,429,22858,428,49,1,27828,526,235430,4493,263258,5019,2,300,180,2297,247,20310,28,1773,350
08-06-20,Smith,466,23,458,20,8,3,513,32,3324,94,3837,126,1,4,6,80,16,382,0,20,7
08-06-20,Stewart,72,1,72,1,0,0,91,2,1557,30,1648,32,0,0,0,12,1,60,0,2,0
08-06-20,Sullivan,917,40,867,40,50,0,975,51,15541,280,16516,331,1,12,10,198,29,707,3,93,14
08-06-20,Sumner,3447,68,3432,68,15,0,4114,77,24999,495,29113,572,1,72,28,370,39,3005,3,314,79
08-06-20,Tipton,1212,32,1201,32,11,0,1384,34,13302,276,14686,310,0,9,15,146,17,1057,1,72,12
08-06-20,Trousdale,1584,3,1581,3,3,0,1647,3,3294,48,4941,51,0,6,1,15,2,1563,1,18,6
08-06-20,Unicoi,153,9,150,8,3,1,162,10,3185,44,3347,54,0,0,6,37,3,116,0,4,0
08-06-20,Union,158,14,154,13,4,1,171,15,2416,86,2587,101,0,0,11,57,3,101,0,4,0
08-06-20,Van Buren,39,0,39,0,0,0,41,1,763,8,804,9,0,0,-1,6,1,33,0,3,0
08-06-20,Warren,493,31,465,15,28,16,549,37,7612,108,8161,145,0,4,24,162,7,327,1,10,5
08-06-20,Washington,1106,16,1080,15,26,1,1219,19,16062,159,17281,178,0,2,-14,267,30,837,0,53,2
08-06-20,Wayne,230,3,225,3,5,0,254,4,3922,54,4176,58,0,2,-1,35,4,193,0,7,2
08-06-20,Weakley,412,39,386,39,26,0,442,46,5464,185,5906,231,0,3,28,204,11,205,0,14,6
08-06-20,White,272,23,268,22,4,1,324,25,4593,110,4917,135,2,5,15,91,6,176,1,17,5
08-06-20,Williamson,3398,59,3385,58,13,1,4040,76,40226,722,44266,798,3,25,20,418,36,2955,1,97,23
08-06-20,Wilson,2259,52,2256,52,3,0,2701,58,22919,383,25620,441,0,23,23,286,29,1950,0,88,25
08-05-20,Anderson,661,15,644,15,17,0,778,19,14562,208,15340,227,-1,6,-1,162,17,493,0,30,6
08-05-20,Bedford,895,10,886,9,9,1,1059,11,6607,81,7666,92,0,11,4,101,6,783,0,35,12
08-05-20,Benton,118,12,115,12,3,0,128,13,1907,48,2035,61,0,1,8,62,4,55,0,10,1
08-05-20,Bledsoe,687,5,687,5,0,0,712,4,4514,37,5226,41,0,1,0,25,5,661,0,14,1
08-05-20,Blount,1325,46,1298,45,27,1,1530,56,14859,242,16389,298,1,8,-3,348,48,969,1,64,10
08-05-20,Bradley,1854,15,1816,15,38,0,2214,17,13173,127,15387,144,2,12,-6,276,19,1566,1,114,12
08-05-20,Campbell,242,8,235,8,7,0,278,9,5663,53,5941,62,0,1,-1,73,9,168,0,12,1
08-05-20,Cannon,134,4,129,4,5,0,170,6,2048,16,2218,22,0,0,-1,32,5,102,0,6,0
08-05-20,Carroll,252,13,229,11,23,2,272,14,3836,46,4108,60,0,3,6,102,7,147,0,17,3
08-05-20,Carter,502,10,485,9,17,1,547,14,8142,89,8689,103,0,5,-1,135,11,362,0,43,7
08-05-20,Cheatham,562,1,562,1,0,0,674,1,6181,25,6855,26,0,6,-12,78,13,478,0,25,7
08-05-20,Chester,222,5,202,2,20,3,243,6,1786,23,2029,29,0,2,-4,36,9,184,1,8,2
08-05-20,Claiborne,244,7,232,6,12,1,263,7,5213,165,5476,172,0,0,-2,58,9,186,0,11,1
08-05-20,Clay,80,2,76,2,4,0,83,2,1381,6,1464,8,0,0,0,19,2,61,0,2,0
08-05-20,Cocke,453,21,434,21,19,0,480,18,4615,72,5095,90,1,2,3,86,17,365,1,23,2
08-05-20,Coffee,448,8,425,6,23,2,535,13,8806,66,9341,79,0,2,-5,134,13,312,1,16,3
08-05-20,Crockett,255,13,238,13,17,0,279,15,1791,32,2070,47,0,4,5,66,8,185,0,15,8
08-05-20,Cumberland,416,5,412,5,4,0,538,6,12179,115,12717,121,0,6,-7,66,12,344,0,30,6
08-05-20,Davidson,20733,127,20694,126,39,1,25767,150,189883,1261,215650,1411,3,208,-66,1553,190,18972,6,896,236
08-05-20,Decatur,186,11,147,10,39,1,207,13,2636,68,2843,81,0,2,2,61,9,123,0,6,3
08-05-20,Dekalb,307,2,307,2,0,0,373,2,4474,54,4847,56,0,1,-10,63,12,243,0,15,2
08-05-20,Dickson,651,8,634,6,17,2,816,7,7441,44,8257,51,0,1,-5,134,13,516,1,36,3
08-05-20,Dyer,603,7,583,7,20,0,671,9,5500,54,6171,63,0,7,-3,125,10,471,0,42,8
08-05-20,Fayette,696,4,690,3,6,1,889,4,9858,23,10747,27,0,8,-5,91,9,597,0,56,12
08-05-20,Fentress,82,3,82,3,0,0,89,2,2070,23,2159,25,0,0,3,21,0,61,0,7,0
08-05-20,Franklin,305,3,298,2,7,1,376,4,6471,28,6847,32,0,4,-5,83,8,218,0,17,4
08-05-20,Gibson,609,19,527,15,82,4,679,21,6999,167,7678,188,0,2,-3,142,22,465,0,27,6
08-05-20,Giles,372,3,370,3,2,0,446,5,4913,77,5359,82,2,12,-10,64,11,296,0,24,13
08-05-20,Grainger,186,10,175,10,11,0,218,13,2934,52,3152,65,0,0,0,51,10,135,0,12,0
08-05-20,Greene,409,16,386,15,23,1,477,18,7709,67,8186,85,1,6,-1,91,16,312,0,29,7
08-05-20,Grundy,108,2,107,2,1,0,129,1,1414,10,1543,11,0,2,-2,13,4,93,1,16,2
08-05-20,Hamblen,1366,11,1310,11,56,0,1489,15,11705,152,13194,167,0,13,-53,255,64,1098,0,69,16
08-05-20,Hamilton,5570,39,5555,39,15,0,6486,37,75657,446,82143,483,0,47,-56,371,95,5152,4,260,55
08-05-20,Hancock,84,1,77,1,7,0,91,1,1093,8,1184,9,0,1,-1,12,2,71,1,9,1
08-05-20,Hardeman,887,20,859,20,28,0,983,22,8515,58,9498,80,1,12,1,128,18,747,0,49,20
08-05-20,Hardin,440,14,392,9,48,5,490,16,6504,80,6994,96,0,7,3,76,11,357,0,18,10
08-05-20,Hawkins,412,27,403,27,9,0,464,31,5359,62,5823,93,1,5,19,162,7,245,0,32,7
08-05-20,Haywood,457,16,441,16,16,0,487,18,3240,43,3727,61,0,5,5,130,11,322,0,23,6
08-05-20,Henderson,540,26,454,17,86,9,632,27,4177,55,4809,82,0,0,8,133,18,407,0,20,5
08-05-20,Henry,236,5,232,4,4,1,285,6,5118,84,5403,90,0,0,-4,96,9,140,0,22,0
08-05-20,Hickman,241,2,237,1,4,1,304,2,3114,11,3418,13,0,0,-4,58,6,183,0,6,0
08-05-20,Houston,59,1,59,1,0,0,68,1,1156,5,1224,6,0,0,1,10,0,49,0,7,0
08-05-20,Humphreys,119,3,110,2,9,1,135,2,2867,10,3002,12,0,3,0,31,3,85,0,4,3
08-05-20,Jackson,138,3,136,3,2,0,163,3,1487,8,1650,11,0,1,1,15,2,122,1,9,2
08-05-20,Jefferson,544,11,497,9,47,2,595,11,8022,58,8617,69,0,3,-8,112,19,429,0,31,5
08-05-20,Johnson,226,6,223,6,3,0,232,6,3571,8,3803,14,0,0,2,154,4,72,0,9,0
08-05-20,Knox,4501,99,4370,99,131,0,4939,102,72930,1132,77869,1234,1,38,-4,849,102,3614,3,220,42
08-05-20,Lake,758,7,756,7,2,0,934,8,4349,22,5283,30,0,0,5,44,2,714,1,5,0
08-05-20,Lauderdale,448,5,441,4,7,1,506,5,6344,25,6850,30,1,7,-4,75,8,366,0,31,9
08-05-20,Lawrence,490,5,485,2,5,3,583,3,5934,103,6517,106,0,6,-3,106,8,378,0,25,7
08-05-20,Lewis,67,2,67,2,0,0,73,2,2105,37,2178,39,0,1,2,27,0,39,0,8,1
08-05-20,Lincoln,277,3,276,3,1,0,342,5,4079,57,4421,62,0,1,-1,60,4,216,0,12,1
08-05-20,Loudon,671,6,651,6,20,0,740,10,7025,90,7765,100,0,3,-10,124,16,544,1,22,4
08-05-20,Macon,864,0,858,0,6,0,1043,1,4642,21,5685,22,0,13,-5,59,5,792,0,64,15
08-05-20,Madison,1020,23,988,22,32,1,1130,27,13882,135,15012,162,1,14,-1,102,23,904,1,72,24
08-05-20,Marion,233,0,232,0,1,0,284,0,3257,63,3541,63,0,4,-7,43,7,186,0,24,5
08-05-20,Marshall,281,4,281,4,0,0,330,8,4442,60,4772,68,1,3,-7,52,10,226,0,14,4
08-05-20,Maury,1122,2,1117,2,5,0,1328,4,11963,236,13291,240,0,7,-32,184,34,931,1,42,8
08-05-20,McMinn,534,0,531,0,3,0,643,0,8355,88,8998,88,0,20,-8,74,8,440,0,42,21
08-05-20,McNairy,348,15,312,10,36,5,394,15,3463,40,3857,55,0,5,5,73,10,270,0,24,8
08-05-20,Meigs,106,1,105,1,1,0,130,1,1645,20,1775,21,0,0,-5,25,6,81,0,6,1
08-05-20,Monroe,429,11,416,11,13,0,472,12,4662,46,5134,58,0,9,-4,99,15,321,0,40,8
08-05-20,Montgomery,1854,9,1844,9,10,0,2129,14,23978,86,26107,100,1,13,-39,300,47,1541,2,95,17
08-05-20,Moore,64,2,64,2,0,0,76,2,897,4,973,6,0,0,2,23,0,41,0,0,0
08-05-20,Morgan,117,4,117,4,0,0,135,5,4811,43,4946,48,0,1,2,43,2,73,0,2,1
08-05-20,Obion,499,10,489,10,10,0,551,12,5097,75,5648,87,0,4,-6,148,16,347,0,24,6
08-05-20,Out of State,1308,12,1298,12,10,0,1451,14,160513,831,161964,845,0,14,-6,136,18,1158,1,49,5
08-05-20,Overton,184,13,181,13,3,0,211,14,3776,48,3987,62,0,1,10,42,3,141,1,10,1
08-05-20,Pending,338,4,333,3,5,1,388,6,109704,946,110092,952,0,5,-1,69,5,264,0,3,0
08-05-20,Perry,77,0,75,0,2,0,88,0,1660,7,1748,7,0,0,-2,13,2,64,0,4,0
08-05-20,Pickett,25,1,25,1,0,0,25,1,648,5,673,6,0,1,0,5,1,19,0,0,1
08-05-20,Polk,208,2,205,2,3,0,221,3,1832,14,2053,17,0,3,-7,39,9,166,0,13,7
08-05-20,Putnam,1577,19,1567,17,10,2,1933,19,17084,142,19017,161,0,13,-8,229,27,1335,3,61,21
08-05-20,Rhea,510,3,510,3,0,0,598,3,5441,79,6039,82,0,1,-4,58,7,451,1,15,1
08-05-20,Roane,416,19,402,19,14,0,490,22,10107,204,10597,226,0,2,-2,115,21,299,0,19,2
08-05-20,Robertson,1519,21,1515,21,4,0,1872,15,9874,36,11746,51,0,19,-4,150,25,1350,1,110,25
08-05-20,Rutherford,6393,42,6384,42,9,0,7764,66,46461,382,54225,448,0,53,-70,661,112,5679,2,205,57
08-05-20,Scott,111,5,108,5,3,0,119,5,2239,25,2358,30,0,0,2,42,3,69,0,9,2
08-05-20,Sequatchie,116,1,115,1,1,0,140,3,2795,45,2935,48,0,0,-2,17,3,99,0,6,0
08-05-20,Sevier,1782,21,1725,20,57,1,1932,25,15985,159,17917,184,1,6,-19,256,39,1520,1,66,10
08-05-20,Shelby,22478,180,22430,180,48,0,27302,207,230937,1227,258239,1434,5,298,-128,2117,303,20063,8,1745,345
08-05-20,Smith,443,1,438,1,5,0,481,3,3230,29,3711,32,0,3,-6,74,7,366,0,20,7
08-05-20,Stewart,71,1,71,1,0,0,89,3,1527,14,1616,17,0,0,1,12,0,59,0,2,0
08-05-20,Sullivan,877,23,827,23,50,0,924,23,15261,197,16185,220,2,11,-12,188,33,678,4,90,13
08-05-20,Sumner,3379,17,3364,17,15,0,4037,22,24504,150,28541,172,1,71,-24,342,40,2966,2,311,78
08-05-20,Tipton,1180,14,1169,14,11,0,1350,14,13026,62,14376,76,0,9,-7,131,21,1040,0,71,11
08-05-20,Trousdale,1581,0,1578,0,3,0,1644,0,3246,22,4890,22,0,6,-2,14,2,1561,0,17,6
08-05-20,Unicoi,144,3,142,3,2,0,152,4,3141,32,3293,36,0,0,-5,31,8,113,0,4,0
08-05-20,Union,144,3,141,3,3,0,156,3,2330,24,2486,27,0,0,-4,46,7,98,0,4,0
08-05-20,Van Buren,39,1,39,1,0,0,40,1,755,8,795,9,0,0,-1,7,2,32,0,3,0
08-05-20,Warren,462,15,450,10,12,5,512,10,7504,55,8016,65,0,4,6,138,9,320,0,9,5
08-05-20,Washington,1090,18,1065,16,25,2,1200,21,15903,129,17103,150,0,2,-25,281,43,807,0,53,2
08-05-20,Wayne,227,0,222,0,5,0,250,0,3868,11,4118,11,1,2,-3,36,2,189,0,7,2
08-05-20,Weakley,373,26,347,24,26,2,396,27,5279,43,5675,70,0,3,11,176,15,194,0,14,6
08-05-20,White,249,13,246,12,3,1,299,15,4483,47,4782,62,0,3,11,76,2,170,1,16,5
08-05-20,Williamson,3339,32,3327,29,12,3,3964,41,39504,394,43468,435,0,22,-30,398,62,2919,1,96,23
08-05-20,Wilson,2207,27,2204,27,3,0,2643,27,22536,407,25179,434,1,23,-7,263,33,1921,1,88,25
08-04-20,Anderson,646,7,629,7,17,0,759,8,14354,235,15113,243,2,7,-19,163,24,476,0,30,6
08-04-20,Bedford,885,8,877,7,8,1,1048,9,6526,82,7574,91,1,11,0,97,7,777,1,35,12
08-04-20,Benton,106,2,103,2,3,0,115,1,1859,20,1974,21,0,1,-1,54,3,51,0,10,1
08-04-20,Bledsoe,682,0,682,0,0,0,708,0,4477,21,5185,21,0,1,-2,25,2,656,0,14,1
08-04-20,Blount,1279,53,1253,53,26,0,1474,57,14617,183,16091,240,0,7,10,351,43,921,6,63,10
08-04-20,Bradley,1839,28,1801,21,38,7,2197,30,13046,68,15243,98,0,10,-22,282,50,1547,3,113,12
08-04-20,Campbell,234,2,227,2,7,0,269,3,5610,64,5879,67,0,1,-4,74,6,159,0,12,1
08-04-20,Cannon,130,2,125,1,5,1,164,3,2032,8,2196,11,0,0,2,33,0,97,0,6,0
08-04-20,Carroll,239,7,218,4,21,3,258,7,3790,46,4048,53,0,3,-1,96,8,140,0,17,3
08-04-20,Carter,492,18,476,17,16,1,533,13,8053,278,8586,291,0,5,6,136,12,351,3,43,6
08-04-20,Cheatham,561,5,561,5,0,0,673,8,6156,55,6829,63,1,6,-12,90,16,465,0,25,7
08-04-20,Chester,217,3,200,1,17,2,237,3,1763,14,2000,17,0,2,1,40,2,175,0,7,2
08-04-20,Claiborne,237,2,226,2,11,0,256,2,5048,118,5304,120,0,0,-4,60,6,177,0,11,1
08-04-20,Clay,78,0,74,0,4,0,81,1,1375,20,1456,21,0,0,-1,19,1,59,0,2,0
08-04-20,Cocke,432,1,413,1,19,0,462,5,4543,122,5005,127,0,1,-10,83,11,348,0,22,2
08-04-20,Coffee,440,24,419,23,21,1,522,28,8740,179,9262,207,0,2,14,139,10,299,0,15,3
08-04-20,Crockett,242,3,225,1,17,2,264,3,1759,13,2023,16,1,4,-6,61,8,177,0,15,7
08-04-20,Cumberland,411,14,407,14,4,0,532,17,12064,158,12596,175,0,6,-8,73,22,332,2,30,6
08-04-20,Davidson,20606,225,20568,225,38,0,25617,321,188622,2621,214239,2942,3,205,-31,1619,253,18782,11,890,235
08-04-20,Decatur,175,4,137,1,38,3,194,2,2568,22,2762,24,0,2,0,59,4,114,0,6,3
08-04-20,Dekalb,305,9,305,9,0,0,371,15,4420,122,4791,137,0,1,-2,73,11,231,0,15,2
08-04-20,Dickson,643,24,628,21,15,3,809,29,7397,123,8206,152,0,1,10,139,14,503,1,35,3
08-04-20,Dyer,596,8,576,8,20,0,662,9,5446,34,6108,43,0,7,0,128,8,461,0,42,8
08-04-20,Fayette,692,8,687,8,5,0,885,8,9835,85,10720,93,0,8,-6,96,14,588,0,56,12
08-04-20,Fentress,79,1,79,1,0,0,87,2,2047,13,2134,15,0,0,-3,18,4,61,0,7,0
08-04-20,Franklin,302,8,296,7,6,1,372,13,6443,157,6815,170,0,4,0,88,8,210,0,17,4
08-04-20,Gibson,590,23,512,16,78,7,658,31,6832,88,7490,119,0,2,4,145,19,443,2,27,6
08-04-20,Giles,369,6,367,6,2,0,441,7,4836,48,5277,55,1,10,-8,74,13,285,0,24,13
08-04-20,Grainger,176,3,165,3,11,0,205,3,2882,41,3087,44,0,0,-7,51,10,125,1,12,0
08-04-20,Greene,393,12,371,10,22,2,459,9,7642,70,8101,79,0,5,8,92,4,296,1,29,7
08-04-20,Grundy,106,1,105,1,1,0,128,5,1404,17,1532,22,0,2,-1,15,2,89,0,15,2
08-04-20,Hamblen,1355,11,1299,4,56,7,1474,5,11553,174,13027,179,0,13,-17,308,28,1034,0,69,16
08-04-20,Hamilton,5531,89,5516,89,15,0,6449,107,75211,1308,81660,1415,0,47,-11,427,100,5057,2,256,54
08-04-20,Hancock,83,1,76,0,7,1,90,0,1085,7,1175,7,0,1,-5,13,6,69,0,8,1
08-04-20,Hardeman,867,18,839,16,28,2,961,15,8457,25,9418,40,0,11,1,127,17,729,1,49,20
08-04-20,Hardin,426,9,383,6,43,3,474,8,6424,124,6898,132,0,7,-3,73,12,346,1,18,10
08-04-20,Hawkins,385,10,376,10,9,0,433,21,5297,72,5730,93,0,4,3,143,7,238,1,32,7
08-04-20,Haywood,441,12,425,9,16,3,469,9,3197,17,3666,26,0,5,0,125,12,311,2,23,6
08-04-20,Henderson,514,17,437,11,77,6,605,24,4122,30,4727,54,0,0,-5,125,22,389,3,20,5
08-04-20,Henry,231,6,228,6,3,0,279,7,5034,20,5313,27,0,0,-7,100,13,131,1,22,0
08-04-20,Hickman,239,9,236,8,3,1,302,13,3103,87,3405,100,0,0,6,62,3,177,1,6,0
08-04-20,Houston,58,0,58,0,0,0,67,0,1151,3,1218,3,0,0,-3,9,3,49,0,7,0
08-04-20,Humphreys,116,5,108,5,8,0,133,7,2857,66,2990,73,0,3,-3,31,8,82,0,4,3
08-04-20,Jackson,135,0,133,0,2,0,160,0,1479,8,1639,8,0,1,0,14,0,120,0,8,2
08-04-20,Jefferson,533,5,488,5,45,0,584,6,7964,89,8548,95,1,3,-10,120,14,410,0,31,4
08-04-20,Johnson,220,40,217,40,3,0,226,43,3563,154,3789,197,0,0,38,152,2,68,0,9,0
08-04-20,Knox,4402,112,4271,110,131,2,4837,100,71798,1066,76635,1166,1,37,-34,853,145,3512,9,217,41
08-04-20,Lake,751,1,749,1,2,0,926,1,4327,8,5253,9,0,0,0,39,1,712,0,4,0
08-04-20,Lauderdale,443,10,437,9,6,1,501,10,6319,25,6820,35,0,6,3,79,7,358,1,31,9
08-04-20,Lawrence,485,8,483,8,2,0,580,10,5831,66,6411,76,0,6,-4,109,12,370,0,25,7
08-04-20,Lewis,65,4,65,4,0,0,71,6,2068,15,2139,21,0,1,-2,25,6,39,0,8,1
08-04-20,Lincoln,274,7,273,7,1,0,337,8,4022,52,4359,60,0,1,-3,61,10,212,0,12,1
08-04-20,Loudon,665,9,645,9,20,0,730,9,6935,109,7665,118,0,3,-9,134,18,528,0,21,4
08-04-20,Macon,864,4,858,4,6,0,1042,7,4621,37,5663,44,0,13,-5,64,9,787,0,64,15
08-04-20,Madison,997,24,966,24,31,0,1103,28,13747,168,14850,196,0,13,7,103,17,881,3,71,22
08-04-20,Marion,233,2,232,2,1,0,284,4,3194,26,3478,30,0,4,-3,50,5,179,0,24,5
08-04-20,Marshall,277,2,277,2,0,0,322,3,4382,39,4704,42,0,2,-8,59,10,216,1,14,4
08-04-20,Maury,1120,22,1115,22,5,0,1324,20,11727,126,13051,146,2,7,-11,216,31,897,0,41,8
08-04-20,McMinn,534,6,531,6,3,0,643,7,8267,87,8910,94,0,20,-3,82,9,432,0,42,21
08-04-20,McNairy,333,7,302,0,31,7,379,9,3423,26,3802,35,0,5,2,68,5,260,0,24,8
08-04-20,Meigs,105,1,104,1,1,0,129,0,1625,11,1754,11,0,0,-3,30,4,75,0,6,1
08-04-20,Monroe,418,1,405,1,13,0,460,2,4616,94,5076,96,0,9,-14,103,15,306,0,40,8
08-04-20,Montgomery,1845,35,1835,35,10,0,2115,43,23892,242,26007,285,1,12,-3,339,37,1494,3,93,16
08-04-20,Moore,62,9,62,9,0,0,74,9,893,20,967,29,0,0,8,21,1,41,0,0,0
08-04-20,Morgan,113,4,113,4,0,0,130,4,4768,27,4898,31,0,1,1,41,3,71,0,2,1
08-04-20,Obion,489,17,479,14,10,3,539,18,5022,55,5561,73,0,4,-1,154,18,331,0,24,6
08-04-20,Out of State,1296,27,1286,26,10,1,1437,31,159682,2123,161119,2154,0,14,9,142,18,1140,0,48,5
08-04-20,Overton,171,6,168,6,3,0,197,6,3728,57,3925,63,0,1,3,32,3,138,2,9,1
08-04-20,Pending,334,8,330,8,4,0,382,10,108758,1030,109140,1040,1,5,-6,70,13,259,0,3,0
08-04-20,Perry,77,3,75,3,2,0,88,3,1653,24,1741,27,0,0,1,15,2,62,0,4,0
08-04-20,Pickett,24,1,24,1,0,0,24,1,643,6,667,7,0,1,1,5,0,18,0,0,1
08-04-20,Polk,206,0,203,0,3,0,218,0,1818,14,2036,14,2,3,-8,46,6,157,0,13,7
08-04-20,Putnam,1558,44,1550,44,8,0,1914,51,16942,214,18856,265,0,13,27,237,17,1308,1,58,20
08-04-20,Rhea,507,2,507,2,0,0,595,3,5362,18,5957,21,0,1,-5,62,7,444,0,14,1
08-04-20,Roane,397,7,383,6,14,1,468,8,9903,108,10371,116,0,2,-13,117,20,278,1,19,2
08-04-20,Robertson,1498,11,1494,11,4,0,1857,18,9838,102,11695,120,2,19,-18,154,27,1325,0,109,25
08-04-20,Rutherford,6351,86,6342,86,9,0,7698,109,46079,670,53777,779,0,53,-29,731,115,5567,1,203,57
08-04-20,Scott,106,1,103,1,3,0,114,1,2214,38,2328,39,0,0,-4,40,5,66,0,9,2
08-04-20,Sequatchie,115,2,114,2,1,0,137,2,2750,41,2887,43,0,0,-2,19,4,96,0,6,0
08-04-20,Sevier,1761,12,1705,12,56,0,1907,18,15826,144,17733,162,0,5,-33,275,45,1481,0,65,8
08-04-20,Shelby,22298,255,22250,253,48,2,27095,319,229710,2920,256805,3239,5,293,-100,2245,350,19760,21,1737,343
08-04-20,Smith,442,10,437,10,5,0,478,8,3201,20,3679,28,0,3,-10,80,20,359,0,20,7
08-04-20,Stewart,70,0,70,0,0,0,86,0,1513,9,1599,9,0,0,-3,11,3,59,0,2,0
08-04-20,Sullivan,854,15,804,15,50,0,901,18,15064,175,15965,193,0,9,-15,200,30,645,2,86,13
08-04-20,Sumner,3362,50,3347,49,15,1,4015,56,24354,269,28369,325,0,70,2,366,48,2926,2,309,76
08-04-20,Tipton,1166,11,1155,11,11,0,1336,15,12964,119,14300,134,0,9,-7,138,18,1019,1,71,11
08-04-20,Trousdale,1581,0,1578,0,3,0,1644,0,3224,6,4868,6,0,6,-3,16,3,1559,0,17,6
08-04-20,Unicoi,141,0,139,0,2,0,148,1,3109,32,3257,33,0,0,-7,36,7,105,0,4,0
08-04-20,Union,141,3,138,3,3,0,153,3,2306,21,2459,24,0,0,-6,50,9,91,0,4,0
08-04-20,Van Buren,38,0,38,0,0,0,39,0,747,2,786,2,0,0,-4,8,4,30,0,3,0
08-04-20,Warren,447,22,440,22,7,0,502,27,7449,155,7951,182,0,4,10,132,12,311,0,9,5
08-04-20,Washington,1072,18,1049,18,23,0,1179,22,15774,203,16953,225,0,2,-15,306,33,764,2,53,2
08-04-20,Wayne,227,5,222,5,5,0,250,6,3857,56,4107,62,0,1,3,39,2,187,0,7,2
08-04-20,Weakley,347,19,323,10,24,9,369,22,5236,91,5605,113,0,3,6,165,13,179,0,14,5
08-04-20,White,236,25,234,25,2,0,284,27,4436,64,4720,91,0,3,20,65,5,168,2,15,5
08-04-20,Williamson,3307,48,3298,48,9,0,3923,54,39110,406,43033,460,0,22,10,428,38,2857,2,95,23
08-04-20,Wilson,2180,41,2177,41,3,0,2616,50,22129,194,24745,244,1,22,1,270,39,1888,0,87,25
08-03-20,Anderson,639,25,622,24,17,1,751,31,14119,232,14870,263,0,5,11,182,14,452,0,30,6
08-03-20,Bedford,877,6,870,6,7,0,1039,8,6444,28,7483,36,0,10,-10,97,16,770,0,34,12
08-03-20,Benton,104,13,101,13,3,0,114,13,1839,83,1953,96,0,1,8,55,5,48,0,10,1
08-03-20,Bledsoe,682,4,682,4,0,0,708,4,4456,4,5164,8,0,1,4,27,0,654,0,14,1
08-03-20,Blount,1226,39,1200,38,26,1,1417,39,14434,301,15851,340,0,7,1,341,38,878,1,57,8
08-03-20,Bradley,1811,20,1780,15,31,5,2167,19,12978,38,15145,57,0,10,-3,304,23,1497,4,110,12
08-03-20,Campbell,232,13,225,13,7,0,266,13,5546,117,5812,130,0,1,10,78,3,153,0,12,1
08-03-20,Cannon,128,10,124,10,4,0,161,10,2024,41,2185,51,0,0,6,31,4,97,0,6,0
08-03-20,Carroll,232,14,214,14,18,0,251,15,3744,102,3995,117,0,3,8,97,6,132,1,17,3
08-03-20,Carter,474,9,459,9,15,0,520,9,7775,32,8295,41,0,5,-20,130,29,339,1,40,6
08-03-20,Cheatham,556,3,556,3,0,0,665,4,6101,44,6766,48,0,5,-13,102,16,449,1,25,6
08-03-20,Chester,214,4,199,4,15,0,234,8,1749,39,1983,47,1,2,-1,39,4,173,1,7,2
08-03-20,Claiborne,235,12,224,12,11,0,254,12,4930,74,5184,86,0,0,3,64,9,171,0,11,1
08-03-20,Clay,78,5,74,5,4,0,80,5,1355,38,1435,43,0,0,4,20,1,58,0,2,0
08-03-20,Cocke,431,16,412,16,19,0,457,16,4421,132,4878,148,0,1,3,93,13,337,2,22,2
08-03-20,Coffee,416,5,396,4,20,1,494,7,8561,40,9055,47,0,2,-21,125,26,289,0,15,3
08-03-20,Crockett,239,6,224,6,15,0,261,6,1746,61,2007,67,0,3,0,67,6,169,0,15,7
08-03-20,Cumberland,397,3,393,3,4,0,515,11,11906,214,12421,225,0,6,-3,81,6,310,0,28,6
08-03-20,Davidson,20381,147,20343,147,38,0,25296,186,186001,1748,211297,1934,3,202,-181,1650,325,18529,3,879,231
08-03-20,Decatur,171,9,136,9,35,0,192,9,2546,77,2738,86,1,2,4,59,4,110,0,6,3
08-03-20,Dekalb,296,13,296,13,0,0,356,17,4298,74,4654,91,0,1,1,75,12,220,0,15,2
08-03-20,Dickson,619,13,607,11,12,2,780,11,7274,41,8054,52,0,1,-13,129,26,489,1,34,3
08-03-20,Dyer,588,21,568,19,20,2,653,23,5412,89,6065,112,0,7,1,128,20,453,0,42,8
08-03-20,Fayette,684,21,679,21,5,0,877,24,9750,96,10627,120,0,8,6,102,15,574,0,56,12
08-03-20,Fentress,78,3,78,3,0,0,85,4,2034,42,2119,46,0,0,0,21,3,57,0,7,0
08-03-20,Franklin,294,1,289,1,5,0,359,7,6286,164,6645,171,0,4,-4,88,5,202,0,17,4
08-03-20,Gibson,567,20,496,19,71,1,627,24,6744,254,7371,278,0,2,2,141,18,424,1,25,6
08-03-20,Giles,363,2,361,2,2,0,434,3,4788,31,5222,34,0,9,-16,82,18,272,0,24,12
08-03-20,Grainger,173,10,162,9,11,1,202,13,2841,81,3043,94,0,0,5,58,5,115,0,11,0
08-03-20,Greene,381,6,361,3,20,3,450,8,7572,13,8022,21,0,5,-2,84,8,292,0,28,6
08-03-20,Grundy,105,1,104,1,1,0,123,1,1387,6,1510,7,0,2,-1,16,2,87,0,15,2
08-03-20,Hamblen,1344,68,1295,65,49,3,1469,66,11379,298,12848,364,0,13,37,325,31,1006,1,69,15
08-03-20,Hamilton,5442,56,5427,56,15,0,6342,64,73903,408,80245,472,0,47,-32,438,88,4957,0,254,54
08-03-20,Hancock,82,1,76,1,6,0,90,1,1078,5,1168,6,0,1,-2,18,3,63,0,8,1
08-03-20,Hardeman,849,18,823,18,26,0,946,21,8432,107,9378,128,0,11,-13,126,31,712,2,48,20
08-03-20,Hardin,417,9,377,8,40,1,466,8,6300,85,6766,93,0,7,-4,76,13,334,0,17,10
08-03-20,Hawkins,375,42,366,41,9,1,412,30,5225,53,5637,83,0,4,24,140,18,231,3,31,5
08-03-20,Haywood,429,32,416,32,13,0,460,33,3180,99,3640,132,0,5,18,125,14,299,0,21,6
08-03-20,Henderson,497,37,426,36,71,1,581,52,4092,175,4673,227,0,0,9,130,28,367,1,17,5
08-03-20,Henry,225,12,222,12,3,0,272,12,5014,118,5286,130,0,0,5,107,7,118,0,21,0
08-03-20,Hickman,230,4,228,4,2,0,289,5,3016,10,3305,15,0,0,0,56,4,174,0,5,0
08-03-20,Houston,58,0,58,0,0,0,67,0,1148,4,1215,4,0,0,-1,12,1,46,0,7,0
08-03-20,Humphreys,111,4,103,3,8,1,126,4,2791,15,2917,19,0,3,1,34,3,74,1,4,3
08-03-20,Jackson,135,4,133,4,2,0,160,8,1471,32,1631,40,0,1,3,14,1,120,0,8,2
08-03-20,Jefferson,528,18,483,18,45,0,578,21,7875,210,8453,231,0,2,1,130,17,396,1,31,4
08-03-20,Johnson,180,4,177,4,3,0,183,4,3409,3,3592,7,0,0,-1,114,5,66,2,9,0
08-03-20,Knox,4290,52,4161,52,129,0,4737,84,70732,618,75469,702,2,36,-58,887,108,3367,1,208,41
08-03-20,Lake,750,10,748,10,2,0,925,12,4319,39,5244,51,0,0,6,39,4,711,0,4,0
08-03-20,Lauderdale,433,11,428,11,5,0,491,12,6294,71,6785,83,0,6,-4,76,15,351,0,30,9
08-03-20,Lawrence,477,12,475,12,2,0,570,12,5765,57,6335,69,0,6,-2,113,14,358,0,25,7
08-03-20,Lewis,61,1,61,1,0,0,65,0,2053,7,2118,7,0,1,0,27,1,33,0,8,1
08-03-20,Lincoln,267,1,266,1,1,0,329,1,3970,25,4299,26,0,1,-4,64,5,202,0,12,1
08-03-20,Loudon,656,25,636,25,20,0,721,32,6826,109,7547,141,0,3,-7,143,32,510,0,21,4
08-03-20,Macon,860,7,854,7,6,0,1035,12,4584,83,5619,95,0,13,0,69,7,778,0,64,15
08-03-20,Madison,973,23,942,22,31,1,1075,27,13579,244,14654,271,1,13,-20,96,42,864,2,68,21
08-03-20,Marion,231,2,230,2,1,0,280,0,3168,23,3448,23,0,4,-2,53,4,174,0,24,5
08-03-20,Marshall,275,2,275,2,0,0,319,2,4343,17,4662,19,0,2,-5,67,7,206,0,13,4
08-03-20,Maury,1098,4,1093,4,5,0,1304,5,11601,61,12905,66,0,5,-35,227,39,866,1,41,8
08-03-20,McMinn,528,6,525,6,3,0,636,6,8180,19,8816,25,0,20,-1,85,7,423,0,42,21
08-03-20,McNairy,326,10,302,9,24,1,370,12,3397,58,3767,70,0,5,-8,66,18,255,0,24,8
08-03-20,Meigs,104,2,103,1,1,1,129,2,1614,11,1743,13,0,0,0,33,2,71,0,6,1
08-03-20,Monroe,417,11,404,11,13,0,458,14,4522,106,4980,120,0,9,-8,117,19,291,1,40,8
08-03-20,Montgomery,1810,8,1800,8,10,0,2072,10,23650,187,25722,197,0,11,-51,342,59,1457,0,90,15
08-03-20,Moore,53,1,53,1,0,0,65,1,873,5,938,6,0,0,0,13,1,40,0,0,0
08-03-20,Morgan,109,15,109,15,0,0,126,18,4741,66,4867,84,0,1,11,40,4,68,0,2,1
08-03-20,Obion,472,22,465,22,7,0,521,24,4967,154,5488,178,0,4,-8,155,30,313,0,24,6
08-03-20,Out of State,1269,14,1260,14,9,0,1406,15,157559,941,158965,956,2,14,-24,133,36,1122,1,48,5
08-03-20,Overton,165,6,162,6,3,0,191,6,3671,54,3862,60,0,1,3,29,3,135,1,7,1
08-03-20,Pending,326,7,322,7,4,0,372,7,107728,794,108100,801,0,4,-9,76,16,246,0,3,0
08-03-20,Perry,74,0,72,0,2,0,85,0,1629,17,1714,17,0,0,-4,14,4,60,0,4,0
08-03-20,Pickett,23,2,23,2,0,0,23,2,637,10,660,12,0,1,1,4,1,18,0,0,1
08-03-20,Polk,206,13,203,11,3,2,218,14,1804,5,2022,19,0,1,2,54,11,151,3,13,7
08-03-20,Putnam,1514,55,1506,55,8,0,1863,66,16728,337,18591,403,0,13,20,210,35,1291,1,57,20
08-03-20,Rhea,505,4,505,4,0,0,592,4,5344,17,5936,21,0,1,-11,67,15,437,1,14,1
08-03-20,Roane,390,20,377,20,13,0,460,23,9795,276,10255,299,1,2,1,130,18,258,0,18,2
08-03-20,Robertson,1487,14,1483,14,4,0,1839,10,9736,44,11575,54,1,17,-23,172,36,1298,1,109,25
08-03-20,Rutherford,6265,92,6256,92,9,0,7589,117,45409,507,52998,624,2,53,-70,760,160,5452,2,202,57
08-03-20,Scott,105,3,102,3,3,0,113,3,2176,53,2289,56,0,0,-2,44,5,61,3,9,2
08-03-20,Sequatchie,113,1,112,1,1,0,135,1,2709,7,2844,8,0,0,-2,21,3,92,0,6,0
08-03-20,Sevier,1749,40,1693,39,56,1,1889,51,15682,273,17571,324,0,5,-19,308,59,1436,1,65,7
08-03-20,Shelby,22043,209,21997,208,46,1,26776,254,226790,1638,253566,1892,3,288,-189,2345,395,19410,7,1716,340
08-03-20,Smith,432,18,427,18,5,0,470,20,3181,88,3651,108,0,3,6,90,12,339,0,20,7
08-03-20,Stewart,70,0,70,0,0,0,86,0,1504,15,1590,15,0,0,-2,14,2,56,0,2,0
08-03-20,Sullivan,839,48,789,48,50,0,883,49,14889,174,15772,223,0,9,15,215,33,615,4,84,11
08-03-20,Sumner,3312,46,3298,46,14,0,3959,43,24085,269,28044,312,1,70,-14,364,59,2878,0,307,76
08-03-20,Tipton,1155,15,1144,15,11,0,1321,15,12845,181,14166,196,0,9,-3,145,18,1001,0,70,11
08-03-20,Trousdale,1581,4,1578,4,3,0,1644,4,3218,12,4862,16,0,6,-1,19,5,1556,0,17,6
08-03-20,Unicoi,141,3,139,3,2,0,147,1,3077,6,3224,7,0,0,-1,43,4,98,1,4,0
08-03-20,Union,138,12,135,12,3,0,150,14,2285,51,2435,65,0,0,10,56,2,82,0,4,0
08-03-20,Van Buren,38,1,38,1,0,0,39,1,745,11,784,12,0,0,-1,12,2,26,0,3,0
08-03-20,Warren,425,24,418,24,7,0,475,33,7294,160,7769,193,0,4,6,122,18,299,0,9,5
08-03-20,Washington,1054,29,1031,29,23,0,1157,30,15571,185,16728,215,0,2,-10,321,39,731,1,51,2
08-03-20,Wayne,222,1,217,1,5,0,244,1,3801,5,4045,6,0,1,-5,36,6,185,0,7,2
08-03-20,Weakley,328,36,313,33,15,3,347,38,5145,126,5492,164,0,3,23,159,13,166,0,14,5
08-03-20,White,211,11,209,11,2,0,257,12,4372,88,4629,100,0,3,4,45,7,163,0,13,5
08-03-20,Williamson,3259,33,3250,33,9,0,3869,39,38704,278,42573,317,0,22,-33,418,66,2819,2,93,23
08-03-20,Wilson,2139,37,2136,37,3,0,2566,38,21935,271,24501,309,1,21,-13,269,49,1849,2,87,25
08-02-20,Anderson,614,7,598,7,16,0,720,8,13887,133,14607,141,0,5,1,171,6,438,1,30,6
08-02-20,Bedford,871,10,864,10,7,0,1031,10,6416,61,7447,71,0,10,1,107,9,754,0,34,12
08-02-20,Benton,91,0,88,0,3,0,101,0,1756,17,1857,17,0,1,-3,47,3,43,0,10,1
08-02-20,Bledsoe,678,8,678,8,0,0,704,9,4452,38,5156,47,0,1,6,23,2,654,1,14,1
08-02-20,Blount,1187,11,1162,11,25,0,1378,10,14133,54,15511,64,0,7,-14,340,25,840,2,56,8
08-02-20,Bradley,1791,33,1765,33,26,0,2148,38,12940,121,15088,159,0,10,14,307,19,1474,3,106,12
08-02-20,Campbell,219,5,212,5,7,0,253,6,5429,150,5682,156,0,1,-7,68,12,150,0,12,1
08-02-20,Cannon,118,0,114,0,4,0,151,0,1983,9,2134,9,0,0,0,25,0,93,0,6,0
08-02-20,Carroll,218,3,200,3,18,0,236,3,3642,37,3878,40,0,3,-2,89,5,126,0,16,3
08-02-20,Carter,465,22,450,22,15,0,511,22,7743,172,8254,194,0,5,12,150,10,310,0,39,6
08-02-20,Cheatham,553,2,553,2,0,0,661,2,6057,41,6718,43,0,5,-4,115,6,433,0,24,6
08-02-20,Chester,210,2,195,2,15,0,226,2,1710,17,1936,19,0,1,1,40,1,169,0,6,2
08-02-20,Claiborne,223,7,212,6,11,1,242,7,4856,87,5098,94,0,0,4,61,3,162,1,11,1
08-02-20,Clay,73,0,69,0,4,0,75,0,1317,2,1392,2,0,0,-2,16,2,57,0,2,0
08-02-20,Cocke,415,6,396,6,19,0,441,5,4289,39,4730,44,0,1,4,90,2,324,1,20,2
08-02-20,Coffee,411,10,392,7,19,3,487,12,8521,30,9008,42,0,2,4,146,6,263,0,15,3
08-02-20,Crockett,233,0,218,0,15,0,255,0,1685,15,1940,15,0,3,-4,67,4,163,0,15,7
08-02-20,Cumberland,394,4,390,4,4,0,504,4,11692,34,12196,38,0,6,2,84,2,304,1,28,6
08-02-20,Davidson,20234,91,20196,91,38,0,25110,117,184253,1029,209363,1146,1,199,-68,1831,158,18204,4,876,229
08-02-20,Decatur,162,1,127,1,35,0,183,3,2469,89,2652,92,0,1,0,55,1,106,0,6,3
08-02-20,Dekalb,283,0,283,0,0,0,339,0,4224,14,4563,14,0,1,-9,74,9,208,0,15,2
08-02-20,Dickson,606,9,596,9,10,0,769,11,7233,70,8002,81,0,1,3,142,6,463,0,33,3
08-02-20,Dyer,567,10,549,10,18,0,630,12,5323,50,5953,62,0,7,4,127,6,433,1,42,8
08-02-20,Fayette,663,3,658,3,5,0,853,3,9654,32,10507,35,0,8,-5,96,8,559,0,56,12
08-02-20,Fentress,75,0,75,0,0,0,81,0,1992,9,2073,9,0,0,-1,21,1,54,0,7,0
08-02-20,Franklin,293,3,288,3,5,0,352,6,6122,62,6474,68,0,4,2,92,1,197,0,17,4
08-02-20,Gibson,547,6,477,5,70,1,603,7,6490,55,7093,62,0,2,-4,139,10,406,1,24,5
08-02-20,Giles,361,9,359,9,2,0,431,15,4757,106,5188,121,0,9,6,98,3,254,2,24,11
08-02-20,Grainger,163,1,153,1,10,0,189,1,2760,17,2949,18,0,0,-3,53,4,110,0,11,0
08-02-20,Greene,375,12,358,11,17,1,442,14,7559,200,8001,214,0,5,8,86,4,284,1,28,5
08-02-20,Grundy,104,2,103,2,1,0,122,2,1381,9,1503,11,0,2,2,17,0,85,0,15,2
08-02-20,Hamblen,1276,2,1230,2,46,0,1403,1,11081,65,12484,66,0,13,-8,288,10,975,0,68,14
08-02-20,Hamilton,5386,55,5371,55,15,0,6278,74,73495,685,79773,759,0,47,-38,470,93,4869,1,254,54
08-02-20,Hancock,81,2,75,2,6,0,89,2,1073,12,1162,14,0,1,2,20,0,60,0,8,1
08-02-20,Hardeman,831,10,805,9,26,1,925,11,8325,35,9250,46,0,11,3,139,7,681,0,46,19
08-02-20,Hardin,408,2,369,2,39,0,458,4,6215,176,6673,180,0,7,-3,80,5,321,0,17,10
08-02-20,Hawkins,333,14,325,14,8,0,382,16,5172,67,5554,83,0,4,8,116,6,213,0,28,5
08-02-20,Haywood,397,5,384,4,13,1,427,5,3081,43,3508,48,0,5,0,107,5,285,1,21,6
08-02-20,Henderson,460,5,390,5,70,0,529,6,3917,48,4446,54,0,0,-6,121,11,339,1,16,5
08-02-20,Henry,213,2,210,2,3,0,260,2,4896,115,5156,117,0,0,1,102,1,111,0,21,0
08-02-20,Hickman,226,13,224,13,2,0,284,14,3006,58,3290,72,0,0,13,56,0,170,0,5,0
08-02-20,Houston,58,1,58,1,0,0,67,2,1144,12,1211,14,0,0,-2,13,3,45,1,7,0
08-02-20,Humphreys,107,4,100,3,7,1,122,4,2776,35,2898,39,0,3,3,33,1,71,0,3,3
08-02-20,Jackson,131,1,129,0,2,1,152,0,1439,1,1591,1,0,1,-3,11,4,119,0,8,2
08-02-20,Jefferson,510,5,465,3,45,2,557,4,7665,32,8222,36,0,2,2,129,3,379,0,30,4
08-02-20,Johnson,176,27,173,27,3,0,179,25,3406,84,3585,109,0,0,25,115,2,61,1,7,0
08-02-20,Knox,4238,99,4109,92,129,7,4653,94,70114,674,74767,768,3,34,30,945,66,3259,2,207,40
08-02-20,Lake,740,2,738,2,2,0,913,2,4280,12,5193,14,0,0,2,33,0,707,0,4,0
08-02-20,Lauderdale,422,2,417,2,5,0,479,2,6223,20,6702,22,0,6,-2,80,4,336,0,30,9
08-02-20,Lawrence,465,13,463,13,2,0,558,14,5708,98,6266,112,0,6,8,115,5,344,0,25,7
08-02-20,Lewis,60,3,60,3,0,0,65,3,2046,35,2111,38,0,1,2,27,1,32,0,8,1
08-02-20,Lincoln,266,4,265,4,1,0,328,6,3945,28,4273,34,0,1,-1,68,5,197,0,12,1
08-02-20,Loudon,631,4,611,4,20,0,689,4,6717,67,7406,71,0,3,-8,150,12,478,0,21,4
08-02-20,Macon,853,1,847,1,6,0,1023,1,4501,7,5524,8,0,13,-5,69,6,771,0,64,14
08-02-20,Madison,950,18,920,18,30,0,1048,18,13335,99,14383,117,0,12,2,116,16,822,1,66,21
08-02-20,Marion,229,5,228,5,1,0,280,7,3145,39,3425,46,0,4,3,55,2,170,0,24,5
08-02-20,Marshall,273,2,273,2,0,0,317,2,4326,58,4643,60,0,2,-3,72,5,199,0,13,4
08-02-20,Maury,1094,16,1089,16,5,0,1299,17,11540,180,12839,197,0,5,-1,262,17,827,1,40,8
08-02-20,McMinn,522,7,519,7,3,0,630,10,8161,102,8791,112,0,20,2,86,5,416,0,42,21
08-02-20,McNairy,316,4,293,4,23,0,358,7,3339,98,3697,105,0,5,3,74,1,237,0,24,8
08-02-20,Meigs,102,2,102,2,0,0,127,3,1603,23,1730,26,0,0,2,33,0,69,0,6,1
08-02-20,Monroe,406,9,393,9,13,0,444,11,4416,88,4860,99,0,9,-1,125,10,272,0,39,8
08-02-20,Montgomery,1802,25,1792,25,10,0,2062,33,23463,262,25525,295,0,11,10,393,15,1398,0,90,13
08-02-20,Moore,52,4,52,4,0,0,64,4,868,7,932,11,0,0,3,13,1,39,0,0,0
08-02-20,Morgan,94,3,94,3,0,0,108,4,4675,20,4783,24,0,1,3,29,0,64,0,2,1
08-02-20,Obion,450,6,443,5,7,1,497,6,4813,46,5310,52,0,4,-3,163,9,283,0,24,6
08-02-20,Out of State,1255,12,1246,12,9,0,1391,14,156618,1035,158009,1049,0,12,-8,157,20,1086,0,47,5
08-02-20,Overton,159,0,156,0,3,0,185,1,3617,14,3802,15,0,1,-1,26,1,132,0,6,1
08-02-20,Pending,319,3,315,3,4,0,365,4,106934,891,107299,895,0,4,-4,85,7,230,0,3,0
08-02-20,Perry,74,2,72,2,2,0,85,2,1612,9,1697,11,0,0,2,18,0,56,0,4,0
08-02-20,Pickett,21,0,21,0,0,0,21,0,627,1,648,1,0,1,0,3,0,17,0,0,1
08-02-20,Polk,193,6,192,6,1,0,204,9,1799,25,2003,34,0,1,-9,52,15,140,0,10,5
08-02-20,Putnam,1459,4,1451,3,8,1,1797,3,16391,58,18188,61,0,13,-10,190,14,1256,0,56,18
08-02-20,Rhea,501,6,501,6,0,0,588,13,5327,125,5915,138,0,1,2,78,4,422,1,13,1
08-02-20,Roane,370,6,357,6,13,0,437,8,9519,84,9956,92,0,1,-1,129,7,240,0,18,1
08-02-20,Robertson,1473,13,1469,13,4,0,1829,19,9692,81,11521,100,0,16,5,195,8,1262,1,108,24
08-02-20,Rutherford,6173,33,6164,33,9,0,7472,44,44902,303,52374,347,0,51,-38,830,71,5292,2,200,57
08-02-20,Scott,102,0,99,0,3,0,110,0,2123,12,2233,12,0,0,0,46,0,56,0,6,2
08-02-20,Sequatchie,112,0,111,0,1,0,134,1,2702,18,2836,19,0,0,0,23,0,89,0,6,0
08-02-20,Sevier,1709,10,1654,10,55,0,1838,10,15409,41,17247,51,0,5,0,327,10,1377,1,64,6
08-02-20,Shelby,21834,178,21789,178,45,0,26522,234,225152,1677,251674,1911,1,285,-1,2534,178,19015,11,1709,337
08-02-20,Smith,414,0,409,0,5,0,450,2,3093,3,3543,5,0,3,-8,84,8,327,0,20,7
08-02-20,Stewart,70,0,70,0,0,0,86,0,1489,27,1575,27,0,0,-2,16,2,54,0,2,0
08-02-20,Sullivan,791,20,741,19,50,1,834,20,14715,190,15549,210,1,9,0,200,19,582,0,80,10
08-02-20,Sumner,3266,21,3252,21,14,0,3916,25,23816,119,27732,144,0,69,-5,378,26,2819,2,307,75
08-02-20,Tipton,1140,5,1129,5,11,0,1306,7,12664,54,13970,61,0,9,-1,148,6,983,2,70,11
08-02-20,Trousdale,1577,0,1574,0,3,0,1640,0,3206,9,4846,9,0,6,0,20,0,1551,0,17,6
08-02-20,Unicoi,138,2,136,2,2,0,146,3,3071,30,3217,33,0,0,-1,44,3,94,0,3,0
08-02-20,Union,126,0,123,0,3,0,136,2,2234,20,2370,22,0,0,-3,46,3,80,0,4,0
08-02-20,Van Buren,37,0,37,0,0,0,38,0,734,1,772,1,0,0,0,13,0,24,0,3,0
08-02-20,Warren,401,4,394,4,7,0,442,4,7134,58,7576,62,0,4,0,116,4,281,0,9,5
08-02-20,Washington,1025,36,1002,36,23,0,1127,41,15386,241,16513,282,0,2,17,331,19,692,1,50,2
08-02-20,Wayne,221,4,216,3,5,1,243,4,3796,44,4039,48,0,1,2,41,2,179,0,7,2
08-02-20,Weakley,292,16,280,15,12,1,309,16,5019,98,5328,114,0,3,11,136,5,153,1,14,5
08-02-20,White,200,1,198,1,2,0,245,2,4284,11,4529,13,0,3,-1,41,2,156,0,13,5
08-02-20,Williamson,3226,39,3217,39,9,0,3830,42,38426,304,42256,346,0,22,14,451,25,2753,3,91,22
08-02-20,Wilson,2102,5,2099,5,3,0,2528,8,21664,84,24192,92,0,20,-24,282,29,1800,0,85,24
08-01-20,Anderson,607,23,591,23,16,0,712,24,13754,398,14466,422,0,5,16,170,7,432,1,29,5
08-01-20,Bedford,861,27,854,26,7,1,1021,28,6355,135,7376,163,0,10,19,106,8,745,2,34,11
08-01-20,Benton,91,4,88,4,3,0,101,7,1739,40,1840,47,0,1,3,50,1,40,1,10,1
08-01-20,Bledsoe,670,4,670,4,0,0,695,5,4414,36,5109,41,0,1,4,17,0,652,0,13,1
08-01-20,Blount,1176,10,1151,10,25,0,1368,10,14079,182,15447,192,0,7,-11,354,21,815,0,54,8
08-01-20,Bradley,1758,21,1732,21,26,0,2110,30,12819,214,14929,244,0,10,1,293,20,1455,1,103,10
08-01-20,Campbell,214,6,207,6,7,0,247,7,5279,138,5526,145,0,1,2,75,4,138,0,12,1
08-01-20,Cannon,118,3,114,1,4,2,151,2,1974,13,2125,15,0,0,3,25,0,93,0,6,0
08-01-20,Carroll,215,22,197,22,18,0,233,29,3605,243,3838,272,0,3,16,91,6,121,1,16,3
08-01-20,Carter,443,16,428,16,15,0,489,18,7571,237,8060,255,0,5,2,138,14,300,1,39,6
08-01-20,Cheatham,551,19,551,19,0,0,659,22,6016,168,6675,190,0,5,11,119,8,427,1,24,6
08-01-20,Chester,208,3,193,3,15,0,224,4,1693,25,1917,29,0,1,2,39,1,168,0,6,2
08-01-20,Claiborne,216,2,206,2,10,0,235,2,4769,131,5004,133,0,0,-2,57,4,159,0,10,1
08-01-20,Clay,73,6,69,5,4,1,75,5,1315,6,1390,11,0,0,6,18,0,55,0,2,0
08-01-20,Cocke,409,12,390,12,19,0,436,13,4250,73,4686,86,0,1,3,86,9,322,0,19,2
08-01-20,Coffee,401,22,385,22,16,0,475,25,8491,341,8966,366,0,2,9,142,13,257,0,15,2
08-01-20,Crockett,233,5,218,5,15,0,255,6,1670,27,1925,33,0,3,2,71,3,159,1,15,6
08-01-20,Cumberland,390,4,386,4,4,0,500,5,11658,152,12158,157,0,6,0,82,4,302,0,27,6
08-01-20,Davidson,20143,259,20105,259,38,0,24993,354,183224,3020,208217,3374,0,198,76,1899,183,18046,9,872,223
08-01-20,Decatur,161,3,126,3,35,0,180,5,2380,18,2560,23,0,1,1,55,2,105,0,6,1
08-01-20,Dekalb,283,2,283,2,0,0,339,2,4210,61,4549,63,0,1,0,83,2,199,0,15,2
08-01-20,Dickson,597,13,587,13,10,0,758,20,7163,126,7921,146,0,1,2,139,11,457,0,33,3
08-01-20,Dyer,557,21,539,21,18,0,618,22,5273,87,5891,109,1,7,11,123,9,427,0,41,8
08-01-20,Fayette,660,8,655,8,5,0,850,17,9622,339,10472,356,0,8,5,101,3,551,0,56,12
08-01-20,Fentress,75,2,75,2,0,0,81,2,1983,7,2064,9,0,0,1,22,1,53,0,7,0
08-01-20,Franklin,290,16,285,15,5,1,346,18,6060,168,6406,186,0,4,11,90,5,196,0,17,4
08-01-20,Gibson,541,17,472,16,69,1,596,17,6435,146,7031,163,0,2,6,143,11,396,0,23,4
08-01-20,Giles,352,13,350,13,2,0,416,16,4651,99,5067,115,1,9,4,92,8,251,0,22,11
08-01-20,Grainger,162,4,152,4,10,0,188,4,2743,30,2931,34,0,0,0,56,4,106,1,11,0
08-01-20,Greene,363,10,347,10,16,0,428,18,7359,164,7787,182,0,5,1,78,9,280,0,27,5
08-01-20,Grundy,102,2,101,2,1,0,120,1,1372,25,1492,26,0,2,1,15,1,85,0,15,2
08-01-20,Hamblen,1274,18,1228,16,46,2,1402,17,11016,152,12418,169,0,13,2,296,16,965,1,68,14
08-01-20,Hamilton,5331,68,5316,67,15,1,6204,95,72810,1328,79014,1423,0,47,-2,508,70,4776,1,253,53
08-01-20,Hancock,79,1,73,1,6,0,87,1,1061,30,1148,31,0,1,-5,18,6,60,0,8,1
08-01-20,Hardeman,821,14,796,14,25,0,914,17,8290,107,9204,124,0,11,4,136,10,674,0,46,16
08-01-20,Hardin,406,6,367,6,39,0,454,7,6039,59,6493,66,0,7,0,83,6,316,0,17,9
08-01-20,Hawkins,319,21,311,20,8,1,366,23,5105,110,5471,133,0,4,10,108,11,207,0,28,5
08-01-20,Haywood,392,4,380,4,12,0,422,6,3038,70,3460,76,0,5,-4,107,8,280,0,20,6
08-01-20,Henderson,455,4,385,4,70,0,523,6,3869,92,4392,98,0,0,-6,127,10,328,1,15,4
08-01-20,Henry,211,15,208,14,3,1,258,22,4781,53,5039,75,0,0,11,101,4,110,0,21,0
08-01-20,Hickman,213,5,211,5,2,0,270,7,2948,62,3218,69,0,0,-3,43,8,170,0,5,0
08-01-20,Houston,57,0,57,0,0,0,65,0,1132,18,1197,18,0,0,0,15,0,42,0,6,0
08-01-20,Humphreys,103,1,97,1,6,0,118,1,2741,109,2859,110,0,3,-2,30,3,70,0,3,3
08-01-20,Jackson,130,1,129,0,1,1,152,2,1438,12,1590,14,0,1,0,14,1,115,0,8,2
08-01-20,Jefferson,505,5,462,4,43,1,553,5,7633,92,8186,97,0,2,-7,127,12,376,0,30,4
08-01-20,Johnson,149,26,146,26,3,0,154,26,3322,75,3476,101,0,0,25,90,1,59,0,6,0
08-01-20,Knox,4139,117,4017,109,122,8,4559,118,69440,1398,73999,1516,1,31,30,915,86,3193,1,205,40
08-01-20,Lake,738,7,736,7,2,0,911,7,4268,33,5179,40,0,0,5,31,2,707,0,4,0
08-01-20,Lauderdale,420,3,415,3,5,0,477,12,6203,90,6680,102,0,6,1,82,2,332,0,30,9
08-01-20,Lawrence,452,13,450,13,2,0,544,15,5610,90,6154,105,0,6,8,107,5,339,0,25,7
08-01-20,Lewis,57,5,57,5,0,0,62,5,2011,38,2073,43,0,1,5,25,0,31,2,8,1
08-01-20,Lincoln,262,7,261,7,1,0,322,9,3917,99,4239,108,0,1,3,69,4,192,0,12,1
08-01-20,Loudon,627,12,607,12,20,0,685,12,6650,104,7335,116,0,3,1,158,11,466,0,21,4
08-01-20,Macon,852,6,846,6,6,0,1022,8,4494,24,5516,32,0,13,2,74,4,765,0,64,14
08-01-20,Madison,932,114,902,114,30,0,1030,115,13236,555,14266,670,0,12,88,114,26,806,3,65,21
08-01-20,Marion,224,7,223,7,1,0,273,10,3106,67,3379,77,0,4,0,52,7,168,1,24,5
08-01-20,Marshall,271,1,271,1,0,0,315,2,4268,185,4583,187,0,2,-4,75,5,194,0,13,4
08-01-20,Maury,1078,51,1073,51,5,0,1282,61,11360,280,12642,341,0,5,29,263,22,810,0,39,8
08-01-20,McMinn,515,11,512,11,3,0,620,12,8059,227,8679,239,0,20,7,84,4,411,0,42,21
08-01-20,McNairy,312,2,289,1,23,1,351,3,3241,32,3592,35,0,5,-4,71,6,236,0,24,6
08-01-20,Meigs,100,5,100,5,0,0,124,5,1580,24,1704,29,0,0,5,31,0,69,0,6,1
08-01-20,Monroe,397,11,384,10,13,1,433,13,4328,107,4761,120,0,9,3,126,8,262,1,39,8
08-01-20,Montgomery,1777,60,1767,60,10,0,2029,68,23201,528,25230,596,0,11,41,383,19,1383,1,90,13
08-01-20,Moore,48,1,48,1,0,0,60,1,861,24,921,25,0,0,0,10,1,38,0,0,0
08-01-20,Morgan,91,5,91,5,0,0,104,4,4655,38,4759,42,0,1,2,26,3,64,0,2,1
08-01-20,Obion,444,25,438,25,6,0,491,37,4767,196,5258,233,0,4,15,166,10,274,0,24,6
08-01-20,Out of State,1243,26,1234,25,9,1,1377,28,155583,2625,156960,2653,-1,12,12,165,15,1066,1,47,5
08-01-20,Overton,159,2,156,2,3,0,184,3,3603,15,3787,18,0,1,-1,27,3,131,0,6,1
08-01-20,Pending,316,16,312,16,4,0,361,16,106043,1890,106404,1906,0,4,7,89,9,223,0,3,0
08-01-20,Perry,72,2,70,2,2,0,83,2,1603,72,1686,74,0,0,2,16,0,56,0,4,0
08-01-20,Pickett,21,0,21,0,0,0,21,0,626,1,647,1,0,1,0,3,0,17,0,0,1
08-01-20,Polk,187,8,186,8,1,0,195,8,1774,32,1969,40,0,1,5,61,3,125,0,10,5
08-01-20,Putnam,1455,11,1448,11,7,0,1794,14,16333,131,18127,145,0,13,4,200,7,1242,0,56,16
08-01-20,Rhea,495,11,495,11,0,0,575,20,5202,168,5777,188,0,1,9,76,2,418,0,12,1
08-01-20,Roane,364,11,351,10,13,1,429,11,9435,158,9864,169,0,1,5,130,6,233,0,18,1
08-01-20,Robertson,1460,21,1456,21,4,0,1810,25,9611,117,11421,142,0,16,11,190,10,1254,1,107,22
08-01-20,Rutherford,6140,91,6131,91,9,0,7428,119,44599,980,52027,1099,0,51,22,868,69,5221,0,198,56
08-01-20,Scott,102,11,99,11,3,0,110,13,2111,73,2221,86,0,0,9,46,2,56,1,6,1
08-01-20,Sequatchie,112,1,111,1,1,0,133,1,2684,45,2817,46,0,0,0,23,1,89,0,6,0
08-01-20,Sevier,1699,29,1644,29,55,0,1828,32,15368,127,17196,159,0,5,13,327,16,1367,2,63,6
08-01-20,Shelby,21656,382,21611,382,45,0,26288,636,223475,6383,249763,7019,5,284,114,2535,263,18837,22,1698,330
08-01-20,Smith,414,9,409,9,5,0,448,4,3090,24,3538,28,0,3,5,92,4,319,0,20,6
08-01-20,Stewart,70,5,70,5,0,0,86,7,1462,42,1548,49,0,0,5,18,0,52,0,2,0
08-01-20,Sullivan,771,24,722,22,49,2,814,25,14525,332,15339,357,0,8,0,200,24,563,2,80,10
08-01-20,Sumner,3245,51,3231,51,14,0,3891,59,23697,381,27588,440,0,69,23,383,28,2793,1,305,75
08-01-20,Tipton,1135,18,1124,17,11,1,1299,34,12610,366,13909,400,0,9,2,149,16,977,1,68,11
08-01-20,Trousdale,1577,3,1574,3,3,0,1640,3,3197,23,4837,26,0,6,1,20,2,1551,0,17,6
08-01-20,Unicoi,136,3,134,3,2,0,143,3,3041,45,3184,48,0,0,2,45,1,91,0,3,0
08-01-20,Union,126,6,123,6,3,0,134,5,2214,50,2348,55,0,0,5,49,1,77,1,4,0
08-01-20,Van Buren,37,0,37,0,0,0,38,0,733,2,771,2,0,0,-1,13,1,24,0,3,0
08-01-20,Warren,397,7,390,6,7,1,438,7,7076,57,7514,64,0,4,-2,116,9,277,0,9,5
08-01-20,Washington,989,39,966,39,23,0,1086,41,15145,422,16231,463,0,2,18,314,21,673,1,49,2
08-01-20,Wayne,217,4,213,4,4,0,239,7,3752,39,3991,46,0,1,3,39,1,177,0,7,2
08-01-20,Weakley,276,25,265,25,11,0,293,27,4921,218,5214,245,0,3,22,125,3,148,1,13,5
08-01-20,White,199,6,197,6,2,0,243,7,4273,39,4516,46,0,3,0,42,6,154,0,13,5
08-01-20,Williamson,3187,88,3178,88,9,0,3788,97,38122,637,41910,734,0,22,51,437,37,2728,1,88,22
08-01-20,Wilson,2097,38,2094,38,3,0,2520,50,21580,328,24100,378,0,20,14,306,24,1771,1,85,24
07-31-20,Anderson,584,11,568,11,16,0,688,14,13356,185,14044,199,0,5,-9,154,20,425,0,28,5
07-31-20,Bedford,834,7,828,5,6,2,993,4,6220,90,7213,94,0,10,-6,87,13,737,1,32,11
07-31-20,Benton,87,10,84,10,3,0,94,9,1699,37,1793,46,0,1,6,47,4,39,2,9,1
07-31-20,Bledsoe,666,0,666,0,0,0,690,0,4378,17,5068,17,0,1,0,13,0,652,0,13,1
07-31-20,Blount,1166,58,1141,58,25,0,1358,66,13897,204,15255,270,0,7,23,365,35,794,1,54,8
07-31-20,Bradley,1737,35,1711,33,26,2,2080,46,12605,262,14685,308,0,10,20,292,15,1435,0,102,10
07-31-20,Campbell,208,14,201,14,7,0,240,14,5141,66,5381,80,0,1,6,73,8,134,1,12,1
07-31-20,Cannon,115,5,113,5,2,0,149,6,1961,60,2110,66,0,0,2,22,3,93,0,6,0
07-31-20,Carroll,193,13,175,13,18,0,204,13,3362,108,3566,121,0,3,7,75,6,115,0,15,3
07-31-20,Carter,427,15,412,15,15,0,471,17,7334,68,7805,85,1,5,1,136,13,286,0,38,6
07-31-20,Cheatham,532,5,532,5,0,0,637,7,5848,51,6485,58,1,5,-11,108,15,419,0,23,6
07-31-20,Chester,205,7,190,7,15,0,220,9,1668,55,1888,64,0,1,4,37,3,167,0,6,2
07-31-20,Claiborne,214,6,204,6,10,0,233,9,4638,82,4871,91,0,0,2,59,4,155,1,10,1
07-31-20,Clay,67,3,64,2,3,1,70,4,1309,31,1379,35,0,0,1,12,2,55,0,2,0
07-31-20,Cocke,397,10,378,7,19,3,423,10,4177,98,4600,108,0,1,-1,83,11,313,0,19,2
07-31-20,Coffee,379,16,363,10,16,6,450,13,8150,96,8600,109,2,2,1,133,13,244,1,15,2
07-31-20,Crockett,228,4,213,4,15,0,249,4,1643,44,1892,48,0,3,-11,69,15,156,0,14,6
07-31-20,Cumberland,386,7,382,7,4,0,495,8,11506,128,12001,136,0,6,-1,82,8,298,0,27,6
07-31-20,Davidson,19884,81,19846,80,38,1,24639,105,180204,1526,204843,1631,3,198,-177,1823,255,17863,7,863,217
07-31-20,Decatur,158,7,123,6,35,1,175,11,2362,167,2537,178,0,1,4,54,3,103,0,6,1
07-31-20,Dekalb,281,4,281,4,0,0,337,5,4149,63,4486,68,0,1,-9,83,13,197,0,15,2
07-31-20,Dickson,584,6,574,3,10,3,738,7,7037,89,7775,96,0,1,-9,137,15,446,0,33,3
07-31-20,Dyer,536,12,518,11,18,1,596,13,5186,66,5782,79,1,6,3,112,8,418,3,41,7
07-31-20,Fayette,652,17,647,17,5,0,833,18,9283,88,10116,106,0,8,6,96,11,548,0,56,12
07-31-20,Fentress,73,2,73,2,0,0,79,2,1976,19,2055,21,0,0,0,21,2,52,0,7,0
07-31-20,Franklin,274,6,270,6,4,0,328,4,5892,94,6220,98,0,4,1,79,5,191,0,17,4
07-31-20,Gibson,524,10,456,10,68,0,579,12,6289,148,6868,160,1,2,-3,137,12,385,0,23,3
07-31-20,Giles,339,8,337,6,2,2,400,6,4552,66,4952,72,0,8,-1,88,9,243,1,22,11
07-31-20,Grainger,158,5,148,4,10,1,184,6,2713,44,2897,50,0,0,0,56,5,102,0,10,0
07-31-20,Greene,353,12,337,12,16,0,410,10,7195,36,7605,46,0,5,5,77,7,271,2,27,5
07-31-20,Grundy,100,1,99,1,1,0,119,1,1347,12,1466,13,0,2,-2,14,3,84,0,15,2
07-31-20,Hamblen,1256,27,1212,24,44,3,1385,27,10864,164,12249,191,0,13,6,294,21,949,0,67,14
07-31-20,Hamilton,5263,37,5249,37,14,0,6109,41,71482,209,77591,250,2,47,-45,510,80,4706,5,252,53
07-31-20,Hancock,78,1,72,1,6,0,86,2,1031,8,1117,10,-1,1,0,23,2,54,1,8,1
07-31-20,Hardeman,807,18,782,17,25,1,897,21,8183,90,9080,111,0,11,-1,132,19,664,1,46,16
07-31-20,Hardin,400,7,361,6,39,1,447,8,5980,82,6427,90,0,7,-3,83,10,310,0,17,9
07-31-20,Hawkins,298,11,291,11,7,0,343,12,4995,26,5338,38,1,4,2,98,8,196,1,28,5
07-31-20,Haywood,388,5,376,5,12,0,416,5,2968,103,3384,108,0,5,-4,111,9,272,0,20,6
07-31-20,Henderson,451,11,381,11,70,0,517,31,3777,112,4294,143,0,0,-9,133,20,318,0,14,4
07-31-20,Henry,196,17,194,17,2,0,236,20,4728,127,4964,147,0,0,15,90,2,106,0,21,0
07-31-20,Hickman,208,1,206,1,2,0,263,1,2886,28,3149,29,0,0,-4,46,5,162,0,5,0
07-31-20,Houston,57,0,57,0,0,0,65,1,1114,30,1179,31,0,0,0,15,0,42,0,6,0
07-31-20,Humphreys,102,1,96,1,6,0,117,1,2632,67,2749,68,0,3,-1,32,2,67,0,3,3
07-31-20,Jackson,129,1,129,1,0,0,150,0,1426,14,1576,14,1,1,-2,14,2,114,0,8,2
07-31-20,Jefferson,500,11,458,10,42,1,548,8,7541,81,8089,89,0,2,2,134,9,364,2,30,4
07-31-20,Johnson,123,17,120,17,3,0,128,19,3247,1,3375,20,0,0,15,65,2,58,0,6,0
07-31-20,Knox,4022,119,3908,117,114,2,4441,118,68042,1065,72483,1183,2,30,12,885,105,3107,1,204,39
07-31-20,Lake,731,2,729,2,2,0,904,3,4235,15,5139,18,0,0,2,26,0,705,0,4,0
07-31-20,Lauderdale,417,18,412,18,5,0,465,20,6113,86,6578,106,0,6,4,81,14,330,0,30,9
07-31-20,Lawrence,439,13,437,11,2,2,529,10,5520,85,6049,95,0,6,4,99,9,334,2,25,7
07-31-20,Lewis,52,3,52,3,0,0,57,3,1973,88,2030,91,0,1,1,20,2,31,0,6,1
07-31-20,Lincoln,255,5,254,4,1,1,313,5,3818,88,4131,93,0,1,-5,66,10,188,0,12,1
07-31-20,Loudon,615,33,595,33,20,0,673,33,6546,85,7219,118,0,3,17,157,16,455,1,21,4
07-31-20,Macon,846,7,840,7,6,0,1014,8,4470,39,5484,47,0,13,-1,72,8,761,0,64,14
07-31-20,Madison,818,21,788,21,30,0,915,23,12681,276,13596,299,1,12,-3,26,23,780,0,62,19
07-31-20,Marion,217,7,216,7,1,0,263,6,3039,37,3302,43,0,4,3,52,4,161,1,23,5
07-31-20,Marshall,270,9,270,9,0,0,313,9,4083,66,4396,75,0,2,6,79,3,189,0,13,4
07-31-20,Maury,1027,14,1022,12,5,2,1221,14,11080,194,12301,208,0,5,-19,234,33,788,0,39,8
07-31-20,McMinn,504,11,501,11,3,0,608,13,7832,106,8440,119,0,20,-1,77,12,407,0,42,21
07-31-20,McNairy,310,9,288,9,22,0,348,11,3209,91,3557,102,0,5,5,75,4,230,0,24,6
07-31-20,Meigs,95,0,95,0,0,0,119,0,1556,22,1675,22,0,0,-2,26,2,69,0,6,1
07-31-20,Monroe,386,23,374,21,12,2,420,19,4221,109,4641,128,0,9,10,123,13,254,2,38,8
07-31-20,Montgomery,1717,26,1707,25,10,1,1961,31,22673,227,24634,258,0,11,-4,342,30,1364,1,89,13
07-31-20,Moore,47,1,47,1,0,0,59,1,837,7,896,8,0,0,0,10,1,37,0,0,0
07-31-20,Morgan,86,2,86,2,0,0,100,1,4617,27,4717,28,0,1,-1,24,3,61,0,2,1
07-31-20,Obion,419,31,413,31,6,0,454,34,4571,211,5025,245,0,4,23,151,8,264,1,24,6
07-31-20,Out of State,1217,17,1209,16,8,1,1349,18,152958,1243,154307,1261,1,13,-11,153,27,1051,1,46,5
07-31-20,Overton,157,8,154,8,3,0,181,8,3588,49,3769,57,0,1,6,28,2,128,0,6,1
07-31-20,Pending,300,6,296,6,4,0,345,7,104153,1137,104498,1144,0,4,-3,82,9,214,0,3,0
07-31-20,Perry,70,2,68,1,2,1,81,1,1531,51,1612,52,0,0,2,14,0,56,0,4,0
07-31-20,Pickett,21,0,21,0,0,0,21,0,625,7,646,7,0,1,-1,3,1,17,0,0,1
07-31-20,Polk,179,15,178,15,1,0,187,12,1742,24,1929,36,0,1,11,56,4,122,1,10,5
07-31-20,Putnam,1444,20,1437,20,7,0,1780,30,16202,202,17982,232,0,13,-8,196,28,1235,0,56,16
07-31-20,Rhea,484,7,484,7,0,0,555,10,5034,89,5589,99,0,1,3,67,4,416,0,12,1
07-31-20,Roane,353,17,341,17,12,0,418,21,9277,111,9695,132,0,1,-1,125,18,227,0,18,1
07-31-20,Robertson,1439,20,1435,20,4,0,1785,23,9494,105,11279,128,0,16,-1,179,21,1244,1,106,22
07-31-20,Rutherford,6049,64,6040,64,9,0,7309,78,43619,567,50928,645,2,51,-36,846,98,5152,2,198,55
07-31-20,Scott,91,2,88,2,3,0,97,3,2038,8,2135,11,0,0,1,37,1,54,0,5,0
07-31-20,Sequatchie,111,2,110,2,1,0,132,2,2639,30,2771,32,0,0,-3,23,5,88,0,6,0
07-31-20,Sevier,1670,31,1615,31,55,0,1796,34,15241,167,17037,201,0,5,2,314,29,1351,1,61,6
07-31-20,Shelby,21274,371,21229,370,45,1,25652,433,217092,2502,242744,2935,4,279,66,2421,301,18574,16,1676,326
07-31-20,Smith,405,21,400,21,5,0,444,15,3066,42,3510,57,1,3,12,87,8,315,0,20,6
07-31-20,Stewart,65,3,65,3,0,0,79,3,1420,29,1499,32,0,0,1,13,2,52,0,2,0
07-31-20,Sullivan,747,20,700,20,47,0,789,22,14193,234,14982,256,1,8,-9,200,28,539,2,78,9
07-31-20,Sumner,3194,25,3180,24,14,1,3832,29,23316,206,27148,235,1,69,-32,360,56,2765,1,304,74
07-31-20,Tipton,1117,25,1107,25,10,0,1265,27,12244,183,13509,210,0,9,16,147,9,961,1,67,10
07-31-20,Trousdale,1574,1,1571,1,3,0,1637,1,3174,18,4811,19,0,6,-3,19,4,1549,0,17,6
07-31-20,Unicoi,133,4,131,3,2,1,140,2,2996,11,3136,13,0,0,1,43,3,90,0,3,0
07-31-20,Union,120,2,117,2,3,0,129,3,2164,45,2293,48,0,0,-4,44,6,76,0,3,0
07-31-20,Van Buren,37,1,37,1,0,0,38,1,731,13,769,14,0,0,0,14,1,23,0,3,0
07-31-20,Warren,390,17,384,16,6,1,431,16,7019,232,7450,248,1,4,0,118,16,268,0,9,5
07-31-20,Washington,950,52,927,52,23,0,1045,53,14723,160,15768,213,0,2,12,296,40,652,1,48,2
07-31-20,Wayne,213,7,209,4,4,3,232,4,3713,31,3945,35,0,1,5,36,2,176,1,7,2
07-31-20,Weakley,251,10,240,9,11,1,266,11,4703,123,4969,134,1,3,7,103,2,145,0,12,5
07-31-20,White,193,1,191,1,2,0,236,1,4234,52,4470,53,0,3,-7,42,8,148,0,13,5
07-31-20,Williamson,3099,39,3090,39,9,0,3691,44,37485,339,41176,383,0,22,-5,386,44,2691,1,87,20
07-31-20,Wilson,2059,28,2056,28,3,0,2470,30,21252,226,23722,256,0,20,-10,292,38,1747,0,84,23
07-30-20,Anderson,573,37,557,37,16,0,674,53,13171,490,13845,543,0,5,19,163,18,405,0,28,5
07-30-20,Bedford,827,16,823,15,4,1,989,18,6130,145,7119,163,0,10,8,93,8,724,1,31,11
07-30-20,Benton,77,17,74,17,3,0,85,18,1662,61,1747,79,0,1,15,41,2,35,0,7,1
07-30-20,Bledsoe,666,6,666,6,0,0,690,6,4361,49,5051,55,0,1,4,13,2,652,1,13,1
07-30-20,Blount,1108,91,1083,91,25,0,1292,103,13693,611,14985,714,0,7,57,342,34,759,0,53,7
07-30-20,Bradley,1702,79,1678,78,24,1,2034,89,12343,410,14377,499,0,10,57,272,22,1420,5,102,10
07-30-20,Campbell,194,23,187,23,7,0,226,27,5075,160,5301,187,0,1,20,67,3,126,0,11,1
07-30-20,Cannon,110,4,108,3,2,1,143,3,1901,50,2044,53,0,0,1,20,3,90,0,6,0
07-30-20,Carroll,180,32,162,32,18,0,191,34,3254,132,3445,166,1,3,22,68,9,109,3,15,3
07-30-20,Carter,412,34,397,34,15,0,454,42,7266,458,7720,500,0,4,13,135,21,273,3,38,6
07-30-20,Cheatham,527,36,527,36,0,0,630,45,5797,281,6427,326,0,4,29,119,7,404,0,23,6
07-30-20,Chester,198,15,183,15,15,0,211,15,1613,67,1824,82,1,1,9,33,5,164,0,6,2
07-30-20,Claiborne,208,16,198,16,10,0,224,19,4556,353,4780,372,0,0,12,57,4,151,2,9,1
07-30-20,Clay,64,2,62,2,2,0,66,1,1278,41,1344,42,0,0,1,11,1,53,0,2,0
07-30-20,Cocke,387,25,371,25,16,0,413,25,4079,161,4492,186,0,1,7,84,18,302,2,19,2
07-30-20,Coffee,363,25,353,25,10,0,437,27,8054,365,8491,392,0,0,20,132,5,231,2,14,2
07-30-20,Crockett,224,25,209,23,15,2,245,28,1599,50,1844,78,0,3,17,80,8,141,1,14,6
07-30-20,Cumberland,379,19,375,19,4,0,487,26,11378,352,11865,378,0,6,12,83,7,290,0,27,6
07-30-20,Davidson,19803,346,19766,346,37,0,24534,500,178678,4261,203212,4761,1,195,36,2000,309,17608,12,856,215
07-30-20,Decatur,151,23,117,22,34,1,164,28,2195,169,2359,197,1,1,15,50,7,100,0,6,1
07-30-20,Dekalb,277,10,277,10,0,0,332,15,4086,171,4418,186,0,1,-4,92,14,184,1,15,1
07-30-20,Dickson,578,32,571,25,7,7,731,47,6948,180,7679,227,0,1,19,146,13,431,2,33,3
07-30-20,Dyer,524,32,507,32,17,0,583,34,5120,161,5703,195,0,5,26,109,6,410,2,38,7
07-30-20,Fayette,635,18,630,18,5,0,815,26,9195,198,10010,224,0,8,6,90,12,537,3,56,12
07-30-20,Fentress,71,5,71,5,0,0,77,5,1957,69,2034,74,0,0,3,21,2,50,0,7,0
07-30-20,Franklin,268,25,264,25,4,0,324,26,5798,236,6122,262,1,4,20,78,4,186,1,17,4
07-30-20,Gibson,514,44,446,41,68,3,567,50,6141,325,6708,375,0,1,31,140,13,373,2,23,2
07-30-20,Giles,331,12,331,12,0,0,394,20,4486,178,4880,198,0,8,4,89,8,234,0,21,11
07-30-20,Grainger,153,13,144,13,9,0,178,19,2669,129,2847,148,0,0,7,56,6,97,0,10,0
07-30-20,Greene,341,16,325,14,16,2,400,13,7159,223,7559,236,0,5,8,72,8,264,1,25,5
07-30-20,Grundy,99,7,98,7,1,0,118,8,1335,37,1453,45,0,2,5,16,2,81,0,15,2
07-30-20,Hamblen,1229,78,1188,75,41,3,1358,83,10700,570,12058,653,3,13,56,288,19,928,2,67,14
07-30-20,Hamilton,5226,109,5212,109,14,0,6068,136,71273,1936,77341,2072,0,45,45,555,64,4626,2,247,51
07-30-20,Hancock,77,0,71,0,6,0,84,0,1023,56,1107,56,0,2,-4,23,4,52,0,7,1
07-30-20,Hardeman,789,13,765,13,24,0,876,17,8093,115,8969,132,0,11,-5,133,18,645,2,45,16
07-30-20,Hardin,393,28,355,26,38,2,439,30,5898,243,6337,273,0,7,8,86,20,300,1,17,9
07-30-20,Hawkins,287,23,280,22,7,1,331,24,4969,184,5300,208,0,3,15,96,8,188,2,27,4
07-30-20,Haywood,383,37,371,37,12,0,411,39,2865,97,3276,136,0,5,30,115,7,263,1,20,6
07-30-20,Henderson,440,35,370,35,70,0,486,43,3665,164,4151,207,0,0,19,142,16,298,1,14,3
07-30-20,Henry,179,23,177,23,2,0,216,27,4601,156,4817,183,0,0,17,75,6,104,1,21,0
07-30-20,Hickman,207,7,205,6,2,1,262,10,2858,104,3120,114,0,0,6,50,1,157,0,5,0
07-30-20,Houston,57,5,57,5,0,0,64,5,1084,18,1148,23,0,0,4,15,1,42,0,6,0
07-30-20,Humphreys,101,12,95,9,6,3,116,13,2565,116,2681,129,0,3,9,33,3,65,0,3,3
07-30-20,Jackson,128,1,128,1,0,0,150,2,1412,20,1562,22,0,0,-3,16,4,112,0,8,2
07-30-20,Jefferson,489,30,448,28,41,2,540,35,7460,333,8000,368,0,2,15,132,15,355,2,28,4
07-30-20,Johnson,106,21,103,21,3,0,109,23,3246,104,3355,127,0,0,19,50,2,56,0,6,0
07-30-20,Knox,3903,189,3791,186,112,3,4323,230,66977,2460,71300,2690,1,28,79,873,109,3002,7,203,36
07-30-20,Lake,729,11,727,11,2,0,901,11,4220,32,5121,43,0,0,10,24,1,705,0,4,0
07-30-20,Lauderdale,399,16,394,16,5,0,445,17,6027,132,6472,149,0,6,9,77,7,316,0,30,9
07-30-20,Lawrence,426,28,426,28,0,0,519,34,5435,173,5954,207,0,6,16,95,12,325,1,23,7
07-30-20,Lewis,49,6,49,6,0,0,54,6,1885,80,1939,86,0,1,4,19,2,29,0,6,1
07-30-20,Lincoln,250,9,250,9,0,0,308,14,3730,103,4038,117,0,1,0,71,9,178,0,12,1
07-30-20,Loudon,582,28,562,27,20,1,640,32,6461,233,7101,265,0,3,17,140,11,439,1,20,4
07-30-20,Macon,839,19,833,18,6,1,1006,26,4431,75,5437,101,0,13,14,73,5,753,2,64,14
07-30-20,Madison,797,52,767,50,30,2,892,55,12405,475,13297,530,0,11,26,29,26,757,1,62,18
07-30-20,Marion,210,8,209,8,1,0,257,10,3002,141,3259,151,0,4,4,49,4,157,1,22,5
07-30-20,Marshall,261,15,261,15,0,0,304,17,4017,112,4321,129,0,2,13,73,2,186,0,13,4
07-30-20,Maury,1013,47,1010,46,3,1,1207,57,10886,538,12093,595,0,5,16,253,31,755,1,39,7
07-30-20,McMinn,493,18,490,18,3,0,595,20,7726,259,8321,279,0,20,13,78,5,395,1,42,21
07-30-20,McNairy,301,24,279,24,22,0,337,29,3118,133,3455,162,1,5,19,70,4,226,0,24,6
07-30-20,Meigs,95,5,95,5,0,0,119,6,1534,72,1653,78,0,0,-1,28,6,67,0,6,1
07-30-20,Monroe,363,30,353,30,10,0,401,31,4112,227,4513,258,0,9,18,113,12,241,3,36,8
07-30-20,Montgomery,1691,114,1682,114,9,0,1930,125,22446,687,24376,812,1,11,80,346,33,1334,6,88,13
07-30-20,Moore,46,3,46,3,0,0,58,3,830,18,888,21,0,0,2,10,1,36,0,0,0
07-30-20,Morgan,84,8,84,8,0,0,99,12,4590,71,4689,83,0,1,7,25,1,58,0,2,1
07-30-20,Obion,388,34,382,34,6,0,420,34,4360,188,4780,222,0,4,20,128,14,256,1,23,6
07-30-20,Out of State,1200,25,1193,25,7,0,1331,37,151715,3422,153046,3459,0,12,-17,164,42,1024,0,45,5
07-30-20,Overton,149,10,146,9,3,1,173,9,3539,117,3712,126,0,1,8,22,2,126,0,6,1
07-30-20,Pending,294,23,290,23,4,0,338,25,103016,2163,103354,2188,-1,4,11,85,13,205,2,3,0
07-30-20,Perry,68,3,67,3,1,0,80,3,1480,41,1560,44,0,0,2,12,1,56,0,4,0
07-30-20,Pickett,21,0,21,0,0,0,21,0,618,19,639,19,0,1,-3,4,3,16,0,0,1
07-30-20,Polk,164,6,163,6,1,0,175,6,1718,58,1893,64,1,1,2,45,3,118,0,9,3
07-30-20,Putnam,1424,42,1417,42,7,0,1750,49,16000,499,17750,548,0,13,21,204,21,1207,0,56,15
07-30-20,Rhea,477,18,477,18,0,0,545,23,4945,185,5490,208,0,1,15,64,3,412,0,12,1
07-30-20,Roane,336,25,324,25,12,0,397,34,9166,369,9563,403,0,1,10,126,15,209,0,18,1
07-30-20,Robertson,1419,36,1415,36,4,0,1762,61,9389,208,11151,269,0,16,20,180,16,1223,2,105,22
07-30-20,Rutherford,5985,178,5976,178,9,0,7231,225,43052,1378,50283,1603,0,49,60,882,118,5054,1,196,54
07-30-20,Scott,89,13,86,13,3,0,94,12,2030,80,2124,92,0,0,10,36,3,53,1,5,0
07-30-20,Sequatchie,109,3,108,3,1,0,130,3,2609,126,2739,129,0,0,-3,26,6,83,0,6,0
07-30-20,Sevier,1639,91,1584,91,55,0,1762,106,15074,420,16836,526,0,5,61,312,30,1322,1,60,6
07-30-20,Shelby,20903,482,20859,482,44,0,25219,644,214590,4449,239809,5093,2,275,175,2355,305,18273,34,1660,320
07-30-20,Smith,384,34,379,33,5,1,429,22,3024,87,3453,109,0,2,26,75,8,307,1,20,6
07-30-20,Stewart,62,1,62,1,0,0,76,4,1391,48,1467,52,0,0,-1,12,2,50,0,2,0
07-30-20,Sullivan,727,62,680,61,47,1,767,65,13959,575,14726,640,0,7,43,209,19,511,4,76,9
07-30-20,Sumner,3169,60,3156,60,13,0,3803,68,23110,458,26913,526,0,68,8,392,52,2709,2,303,72
07-30-20,Tipton,1092,28,1082,28,10,0,1238,35,12061,273,13299,308,0,9,4,131,24,952,2,66,10
07-30-20,Trousdale,1573,3,1570,3,3,0,1636,4,3156,31,4792,35,0,6,-2,22,5,1545,0,17,6
07-30-20,Unicoi,129,6,128,6,1,0,138,9,2985,124,3123,133,0,0,2,42,4,87,0,3,0
07-30-20,Union,118,8,115,8,3,0,126,11,2119,81,2245,92,0,0,7,48,1,70,0,3,0
07-30-20,Van Buren,36,2,36,2,0,0,37,2,718,10,755,12,0,0,0,14,2,22,0,3,0
07-30-20,Warren,373,26,368,26,5,0,415,28,6787,214,7202,242,0,3,15,118,11,252,0,9,5
07-30-20,Washington,898,58,875,57,23,1,992,59,14563,732,15555,791,0,2,29,284,29,612,0,47,2
07-30-20,Wayne,206,11,205,11,1,0,228,13,3682,82,3910,95,0,1,8,31,3,174,0,6,2
07-30-20,Weakley,241,39,231,38,10,1,255,42,4580,262,4835,304,0,2,33,96,6,143,2,12,4
07-30-20,White,192,12,190,12,2,0,235,15,4182,99,4417,114,0,3,7,49,5,140,1,13,5
07-30-20,Williamson,3060,70,3051,70,9,0,3647,87,37146,814,40793,901,0,22,-6,391,76,2647,1,86,20
07-30-20,Wilson,2031,47,2028,47,3,0,2440,58,21026,439,23466,497,0,20,11,302,36,1709,1,84,23
07-29-20,Anderson,536,4,520,4,16,0,621,5,12681,34,13302,39,1,5,-16,144,19,387,0,28,5
07-29-20,Bedford,811,4,808,3,3,1,971,4,5985,28,6956,32,0,10,-5,85,9,716,1,30,11
07-29-20,Benton,60,9,57,9,3,0,67,9,1601,8,1668,17,0,1,8,26,1,33,2,7,1
07-29-20,Bledsoe,660,0,660,0,0,0,684,0,4312,7,4996,7,0,1,-1,9,1,650,0,12,1
07-29-20,Blount,1017,12,992,12,25,0,1189,6,13082,51,14271,57,0,7,-32,285,44,725,2,53,7
07-29-20,Bradley,1623,14,1600,14,23,0,1945,14,11933,35,13878,49,0,10,-17,215,31,1398,1,97,10
07-29-20,Campbell,171,4,164,4,7,0,199,4,4915,29,5114,33,0,1,-3,47,7,123,1,11,1
07-29-20,Cannon,106,1,105,1,1,0,140,1,1851,10,1991,11,0,0,-4,19,5,87,1,6,0
07-29-20,Carroll,148,3,130,3,18,0,157,3,3122,45,3279,48,0,2,-6,46,9,100,0,12,3
07-29-20,Carter,378,17,363,17,15,0,412,16,6808,61,7220,77,0,4,-10,122,27,252,0,35,6
07-29-20,Cheatham,491,11,491,11,0,0,585,4,5516,25,6101,29,0,4,-4,90,15,397,1,23,5
07-29-20,Chester,183,1,168,0,15,1,196,2,1546,10,1742,12,0,0,-3,24,4,159,0,6,2
07-29-20,Claiborne,192,10,182,9,10,1,205,7,4203,27,4408,34,0,0,-2,45,12,147,1,7,1
07-29-20,Clay,62,1,60,1,2,0,65,1,1237,26,1302,27,0,0,-3,10,4,52,0,2,0
07-29-20,Cocke,362,3,346,3,16,0,388,3,3918,16,4306,19,0,1,-11,77,14,284,0,17,1
07-29-20,Coffee,338,9,328,8,10,1,410,7,7689,71,8099,78,0,0,-7,112,16,226,1,12,0
07-29-20,Crockett,199,11,186,11,13,0,217,10,1549,24,1766,34,0,3,5,63,6,133,0,13,6
07-29-20,Cumberland,360,1,356,1,4,0,461,3,11026,96,11487,99,0,6,-5,71,6,283,0,27,6
07-29-20,Davidson,19457,65,19420,64,37,1,24034,85,174417,972,198451,1057,0,194,-268,1964,333,17299,3,844,213
07-29-20,Decatur,128,7,95,5,33,2,136,5,2026,16,2162,21,0,0,4,35,3,93,0,6,1
07-29-20,Dekalb,267,11,267,11,0,0,317,13,3915,64,4232,77,0,1,3,96,8,170,1,14,1
07-29-20,Dickson,546,13,546,13,0,0,684,11,6768,86,7452,97,0,1,-2,127,15,418,0,31,2
07-29-20,Dyer,492,22,475,22,17,0,549,20,4959,58,5508,78,0,5,14,83,8,404,0,36,6
07-29-20,Fayette,617,8,612,8,5,0,789,8,8997,38,9786,46,0,8,-5,84,13,525,0,53,12
07-29-20,Fentress,66,2,66,2,0,0,72,2,1888,5,1960,7,0,0,2,18,0,48,0,7,0
07-29-20,Franklin,243,2,239,2,4,0,298,3,5562,33,5860,36,0,3,-2,58,4,182,0,16,4
07-29-20,Gibson,470,13,405,13,65,0,517,16,5816,118,6333,134,0,1,-1,109,14,360,1,21,2
07-29-20,Giles,319,0,319,0,0,0,374,1,4308,31,4682,32,1,8,-11,85,10,226,0,21,9
07-29-20,Grainger,140,4,131,4,9,0,159,2,2540,21,2699,23,0,0,1,49,3,91,0,10,0
07-29-20,Greene,325,21,311,19,14,2,387,23,6936,65,7323,88,0,5,13,64,8,256,0,24,5
07-29-20,Grundy,92,0,91,0,1,0,110,0,1298,0,1408,0,0,2,0,11,0,79,0,15,2
07-29-20,Hamblen,1151,4,1113,4,38,0,1275,4,10130,14,11405,18,0,10,-24,232,28,909,0,65,14
07-29-20,Hamilton,5117,23,5103,23,14,0,5932,20,69337,118,75269,138,1,45,-96,510,118,4562,3,245,50
07-29-20,Hancock,77,2,71,2,6,0,84,2,967,19,1051,21,2,2,-7,27,7,48,0,7,1
07-29-20,Hardeman,776,14,752,14,24,0,859,17,7978,30,8837,47,0,11,-3,138,17,627,0,43,15
07-29-20,Hardin,365,10,329,8,36,2,409,9,5655,37,6064,46,0,7,-7,78,17,280,0,16,9
07-29-20,Hawkins,264,12,258,10,6,2,307,12,4785,26,5092,38,1,3,1,81,10,180,1,25,4
07-29-20,Haywood,346,4,334,4,12,0,372,3,2768,9,3140,12,1,5,-8,85,11,256,0,19,6
07-29-20,Henderson,405,10,335,7,70,3,443,9,3501,67,3944,76,0,0,-19,123,29,282,0,13,2
07-29-20,Henry,156,3,154,3,2,0,189,3,4445,7,4634,10,-1,0,-1,58,5,98,2,20,0
07-29-20,Hickman,200,5,199,5,1,0,252,5,2754,14,3006,19,0,0,-1,44,6,156,0,5,0
07-29-20,Houston,52,1,52,1,0,0,59,1,1066,7,1125,8,0,0,-1,11,2,41,0,6,0
07-29-20,Humphreys,89,1,86,1,3,0,103,1,2449,5,2552,6,0,3,0,24,1,62,0,3,3
07-29-20,Jackson,127,0,127,0,0,0,148,2,1392,13,1540,15,0,0,-8,19,8,108,0,8,2
07-29-20,Jefferson,459,3,420,2,39,1,505,3,7127,13,7632,16,0,2,-14,117,17,340,0,26,3
07-29-20,Johnson,85,8,82,8,3,0,86,7,3142,14,3228,21,0,0,8,31,0,54,0,6,0
07-29-20,Knox,3714,75,3605,70,109,5,4093,59,64517,415,68610,474,0,27,-38,794,113,2893,3,196,34
07-29-20,Lake,718,2,716,2,2,0,890,1,4188,17,5078,18,0,0,0,14,2,704,0,4,0
07-29-20,Lauderdale,383,10,378,10,5,0,428,10,5895,17,6323,27,0,6,-4,68,14,309,1,30,9
07-29-20,Lawrence,398,6,398,6,0,0,485,3,5262,29,5747,32,0,6,-8,79,14,313,0,22,7
07-29-20,Lewis,43,1,43,1,0,0,48,1,1805,11,1853,12,0,1,-3,15,4,27,0,6,1
07-29-20,Lincoln,241,2,241,2,0,0,294,2,3627,46,3921,48,0,1,-4,71,6,169,0,12,1
07-29-20,Loudon,554,1,535,1,19,0,608,3,6228,47,6836,50,0,3,-7,123,8,428,0,19,4
07-29-20,Macon,820,10,815,8,5,2,980,9,4356,20,5336,29,0,13,2,59,8,748,0,62,14
07-29-20,Madison,745,15,717,15,28,0,837,16,11930,128,12767,144,1,11,-23,3,37,731,1,61,16
07-29-20,Marion,202,2,201,2,1,0,247,1,2861,15,3108,16,0,4,-1,45,3,153,1,21,5
07-29-20,Marshall,246,17,246,17,0,0,287,18,3905,59,4192,77,0,2,12,60,5,184,0,13,4
07-29-20,Maury,966,12,964,12,2,0,1150,19,10348,133,11498,152,1,5,-23,237,34,724,0,38,7
07-29-20,McMinn,475,2,472,2,3,0,575,3,7467,8,8042,11,0,20,-10,65,12,390,0,41,21
07-29-20,McNairy,277,5,255,4,22,1,308,6,2985,36,3293,42,2,4,-9,51,12,222,1,24,6
07-29-20,Meigs,90,1,90,1,0,0,113,1,1462,3,1575,4,0,0,-1,29,2,61,0,6,1
07-29-20,Monroe,333,6,323,5,10,1,370,3,3885,5,4255,8,0,9,-5,95,11,229,1,33,8
07-29-20,Montgomery,1577,8,1568,8,9,0,1805,9,21759,61,23564,70,1,10,-25,266,32,1301,0,82,13
07-29-20,Moore,43,1,43,1,0,0,55,1,812,2,867,3,0,0,0,8,1,35,0,0,0
07-29-20,Morgan,76,0,76,0,0,0,87,0,4519,7,4606,7,0,1,-7,18,7,57,0,2,1
07-29-20,Obion,354,7,348,7,6,0,386,7,4172,32,4558,39,0,4,-11,108,18,242,0,22,6
07-29-20,Out of State,1175,7,1168,7,7,0,1294,14,148293,452,149587,466,1,12,-39,181,45,982,1,45,5
07-29-20,Overton,139,0,137,0,2,0,164,0,3422,4,3586,4,0,1,-3,14,3,124,0,6,1
07-29-20,Pending,271,6,267,6,4,0,313,8,100853,630,101166,638,2,5,-4,74,8,192,0,1,0
07-29-20,Perry,65,1,64,1,1,0,77,1,1439,3,1516,4,0,0,-1,10,2,55,0,4,0
07-29-20,Pickett,21,0,21,0,0,0,21,0,599,0,620,0,0,1,0,7,0,13,0,0,1
07-29-20,Polk,158,14,157,14,1,0,169,13,1660,15,1829,28,0,0,3,43,11,115,1,9,2
07-29-20,Putnam,1382,5,1375,5,7,0,1701,12,15501,84,17202,96,0,13,-24,183,29,1186,0,56,15
07-29-20,Rhea,459,2,459,2,0,0,522,2,4760,18,5282,20,0,1,-10,49,12,409,1,12,1
07-29-20,Roane,311,2,299,2,12,0,363,3,8797,27,9160,30,0,1,-8,116,10,194,0,18,1
07-29-20,Robertson,1383,22,1379,22,4,0,1701,10,9181,42,10882,52,0,16,-9,160,31,1207,5,103,22
07-29-20,Rutherford,5807,32,5798,32,9,0,7006,40,41674,199,48680,239,1,49,-91,822,122,4936,3,195,53
07-29-20,Scott,76,1,73,1,3,0,82,3,1950,9,2032,12,0,0,0,26,1,50,0,4,0
07-29-20,Sequatchie,106,0,105,0,1,0,127,0,2483,0,2610,0,0,0,-2,29,2,77,0,6,0
07-29-20,Sevier,1548,14,1493,14,55,0,1656,4,14654,41,16310,45,0,5,-25,251,39,1292,5,59,6
07-29-20,Shelby,20421,330,20377,329,44,1,24575,396,210141,1533,234716,1929,4,273,-164,2180,490,17968,16,1626,315
07-29-20,Smith,350,6,346,6,4,0,407,6,2937,18,3344,24,0,2,-9,49,15,299,1,19,6
07-29-20,Stewart,61,1,61,1,0,0,72,1,1343,18,1415,19,0,0,0,13,1,48,0,2,0
07-29-20,Sullivan,665,22,619,22,46,0,702,21,13384,107,14086,128,0,7,-16,166,38,492,2,72,9
07-29-20,Sumner,3109,25,3096,25,13,0,3735,30,22652,230,26387,260,0,68,-47,384,72,2657,1,301,71
07-29-20,Tipton,1064,4,1054,4,10,0,1203,4,11788,32,12991,36,1,9,-21,127,24,928,0,64,9
07-29-20,Trousdale,1570,0,1567,0,3,0,1632,1,3125,23,4757,24,0,6,-1,24,1,1540,0,17,6
07-29-20,Unicoi,123,5,122,4,1,1,129,5,2861,6,2990,11,0,0,0,40,5,83,0,3,0
07-29-20,Union,110,1,107,1,3,0,115,1,2038,18,2153,19,0,0,-2,41,3,69,0,3,0
07-29-20,Van Buren,34,1,34,1,0,0,35,0,708,10,743,10,0,0,0,14,1,20,0,3,0
07-29-20,Warren,347,13,342,13,5,0,387,13,6573,90,6960,103,0,3,5,103,8,241,0,9,5
07-29-20,Washington,840,54,818,54,22,0,933,60,13831,136,14764,196,0,2,2,255,52,583,0,47,2
07-29-20,Wayne,195,2,194,1,1,1,215,2,3600,5,3815,7,0,1,-3,23,5,171,1,6,2
07-29-20,Weakley,202,7,193,7,9,0,213,7,4318,35,4531,42,0,2,-5,63,12,137,0,10,4
07-29-20,White,180,3,178,3,2,0,220,4,4083,32,4303,36,0,3,0,42,3,135,0,12,5
07-29-20,Williamson,2990,26,2981,26,9,0,3560,29,36332,355,39892,384,1,22,-40,397,65,2571,0,85,20
07-29-20,Wilson,1984,13,1981,13,3,0,2382,17,20587,335,22969,352,0,20,-25,291,38,1673,3,83,21
07-28-20,Anderson,532,41,516,41,16,0,616,47,12647,380,13263,427,0,4,24,160,17,368,1,28,5
07-28-20,Bedford,807,24,805,24,2,0,967,29,5957,110,6924,139,0,10,16,90,8,707,0,29,10
07-28-20,Benton,51,0,48,0,3,0,58,2,1593,21,1651,23,0,1,0,18,0,32,0,5,1
07-28-20,Bledsoe,660,2,660,2,0,0,684,3,4305,28,4989,31,0,1,2,10,0,649,1,12,1
07-28-20,Blount,1005,65,980,65,25,0,1183,79,13031,322,14214,401,0,7,29,317,36,681,5,51,7
07-28-20,Bradley,1609,35,1586,35,23,0,1931,44,11898,200,13829,244,0,10,-8,232,43,1367,3,96,10
07-28-20,Campbell,167,8,160,8,7,0,195,10,4886,62,5081,72,0,1,0,50,8,116,0,10,1
07-28-20,Cannon,105,3,104,3,1,0,139,3,1841,13,1980,16,0,0,-5,23,8,82,0,5,0
07-28-20,Carroll,145,11,127,11,18,0,154,14,3077,76,3231,90,0,2,7,52,4,91,0,12,3
07-28-20,Carter,361,9,346,6,15,3,396,10,6747,321,7143,331,0,4,-5,132,14,225,0,35,5
07-28-20,Cheatham,480,8,480,8,0,0,581,14,5491,53,6072,67,0,4,4,94,4,382,1,22,5
07-28-20,Chester,182,4,168,4,14,0,194,6,1536,33,1730,39,0,0,-4,27,8,155,0,6,2
07-28-20,Claiborne,182,10,173,7,9,3,198,9,4176,77,4374,86,0,0,4,47,6,135,1,6,1
07-28-20,Clay,61,3,59,3,2,0,64,4,1211,21,1275,25,0,0,1,13,2,48,0,2,0
07-28-20,Cocke,359,19,343,17,16,2,385,21,3902,144,4287,165,0,1,6,88,13,270,1,17,1
07-28-20,Coffee,329,16,320,15,9,1,403,19,7618,187,8021,206,0,0,9,119,7,210,0,11,0
07-28-20,Crockett,188,8,175,8,13,0,207,11,1525,37,1732,48,0,3,1,58,7,127,2,13,6
07-28-20,Cumberland,359,14,355,14,4,0,458,16,10930,264,11388,280,0,6,9,76,5,277,1,27,6
07-28-20,Davidson,19392,286,19356,283,36,3,23949,421,173445,2993,197394,3414,6,194,-118,2232,398,16966,15,841,207
07-28-20,Decatur,121,7,90,7,31,0,131,10,2010,91,2141,101,0,0,0,31,7,90,0,6,0
07-28-20,Dekalb,256,9,256,9,0,0,304,11,3851,109,4155,120,0,1,0,93,9,162,1,13,1
07-28-20,Dickson,533,16,533,16,0,0,673,20,6682,112,7355,132,0,1,5,129,11,403,1,31,2
07-28-20,Dyer,470,7,453,7,17,0,529,9,4901,74,5430,83,0,5,-1,69,8,396,0,36,6
07-28-20,Fayette,609,11,604,11,5,0,781,17,8959,136,9740,153,0,8,2,89,9,512,2,53,12
07-28-20,Fentress,64,4,64,4,0,0,70,4,1883,14,1953,18,0,0,2,16,2,48,0,7,0
07-28-20,Franklin,241,20,237,19,4,1,295,20,5529,95,5824,115,0,3,12,60,8,178,0,16,4
07-28-20,Gibson,457,13,392,12,65,1,501,14,5698,174,6199,188,0,1,1,110,12,346,0,20,1
07-28-20,Giles,319,11,319,11,0,0,373,18,4277,129,4650,147,2,7,-1,96,10,216,1,21,9
07-28-20,Grainger,136,9,127,9,9,0,157,10,2519,54,2676,64,0,0,3,48,6,88,0,10,0
07-28-20,Greene,304,6,292,5,12,1,364,6,6871,162,7235,168,0,5,-4,51,10,248,1,24,5
07-28-20,Grundy,92,0,91,0,1,0,110,0,1298,14,1408,14,0,2,-3,11,3,79,0,15,2
07-28-20,Hamblen,1147,33,1109,29,38,4,1271,36,10116,274,11387,310,0,10,-14,256,47,881,4,65,14
07-28-20,Hamilton,5094,160,5080,160,14,0,5912,214,69219,2264,75131,2478,0,44,48,606,112,4444,12,242,48
07-28-20,Hancock,75,2,69,1,6,1,82,0,948,8,1030,8,0,0,0,34,2,41,0,7,1
07-28-20,Hardeman,762,14,738,14,24,0,842,15,7948,88,8790,103,0,11,-13,141,27,610,1,43,15
07-28-20,Hardin,355,9,321,8,34,1,400,11,5618,117,6018,128,0,7,-6,85,15,263,1,16,8
07-28-20,Hawkins,252,8,248,8,4,0,295,14,4759,97,5054,111,0,2,-4,80,12,170,1,24,3
07-28-20,Haywood,342,8,330,8,12,0,369,10,2759,61,3128,71,0,4,-5,93,13,245,1,19,6
07-28-20,Henderson,395,44,328,40,67,4,434,52,3434,158,3868,210,0,0,28,142,16,253,1,13,2
07-28-20,Henry,153,37,151,37,2,0,186,40,4438,122,4624,162,0,1,27,59,10,93,1,18,0
07-28-20,Hickman,195,18,194,17,1,1,247,22,2740,54,2987,76,0,0,14,45,4,150,0,5,0
07-28-20,Houston,51,4,51,4,0,0,58,4,1059,15,1117,19,0,0,3,12,1,39,0,6,0
07-28-20,Humphreys,88,6,85,5,3,1,102,6,2444,48,2546,54,0,3,3,24,3,61,0,3,3
07-28-20,Jackson,127,1,127,1,0,0,146,2,1379,8,1525,10,0,0,-2,27,3,100,0,8,2
07-28-20,Jefferson,456,25,418,21,38,4,502,24,7114,159,7616,183,0,2,6,131,19,323,2,26,3
07-28-20,Johnson,77,3,74,3,3,0,79,3,3128,53,3207,56,0,0,3,23,0,54,0,6,0
07-28-20,Knox,3639,154,3535,152,104,2,4034,183,64102,1212,68136,1395,1,27,43,832,110,2780,2,193,30
07-28-20,Lake,716,4,714,4,2,0,889,5,4171,20,5060,25,0,0,4,14,0,702,0,4,0
07-28-20,Lauderdale,373,8,368,8,5,0,418,9,5878,49,6296,58,0,6,-3,72,11,295,1,29,8
07-28-20,Lawrence,392,12,392,12,0,0,482,13,5233,90,5715,103,0,6,1,87,11,299,0,22,7
07-28-20,Lewis,42,2,42,2,0,0,47,4,1794,27,1841,31,0,1,1,18,1,23,0,6,1
07-28-20,Lincoln,239,13,239,13,0,0,292,17,3581,42,3873,59,0,1,8,75,5,163,1,12,1
07-28-20,Loudon,553,12,534,12,19,0,605,18,6181,179,6786,197,0,3,5,130,7,420,0,19,4
07-28-20,Macon,810,4,807,4,3,0,971,6,4336,20,5307,26,1,13,-9,57,12,740,1,62,14
07-28-20,Madison,730,30,702,30,28,0,821,34,11802,326,12623,360,0,10,3,26,27,694,2,60,16
07-28-20,Marion,200,7,199,7,1,0,246,8,2846,58,3092,66,0,4,3,46,4,150,1,20,5
07-28-20,Marshall,229,2,229,2,0,0,269,3,3846,46,4115,49,0,2,-3,48,5,179,0,13,4
07-28-20,Maury,954,28,952,28,2,0,1131,38,10215,213,11346,251,0,4,8,260,20,690,1,38,5
07-28-20,McMinn,473,6,470,6,3,0,572,8,7459,126,8031,134,0,20,-6,75,12,378,0,41,21
07-28-20,McNairy,272,11,251,7,21,4,302,15,2949,60,3251,75,0,2,6,60,5,210,0,23,5
07-28-20,Meigs,89,3,89,3,0,0,112,4,1459,15,1571,19,0,0,1,30,2,59,0,6,1
07-28-20,Monroe,327,12,318,12,9,0,367,14,3880,52,4247,66,2,9,2,100,8,218,2,32,8
07-28-20,Montgomery,1569,39,1560,39,9,0,1796,42,21698,305,23494,347,0,9,-10,291,49,1269,2,82,13
07-28-20,Moore,42,1,42,1,0,0,54,1,810,6,864,7,0,0,1,8,0,34,0,0,0
07-28-20,Morgan,76,5,76,5,0,0,87,6,4512,42,4599,48,0,1,4,25,1,50,0,2,1
07-28-20,Obion,347,28,341,28,6,0,379,34,4140,190,4519,224,0,4,14,119,14,224,0,22,6
07-28-20,Out of State,1168,22,1161,22,7,0,1280,29,147841,2908,149121,2937,-2,11,-8,220,32,937,0,44,5
07-28-20,Overton,139,3,137,3,2,0,164,3,3418,101,3582,104,0,1,-1,17,4,121,0,6,1
07-28-20,Pending,265,24,261,24,4,0,305,26,100223,1300,100528,1326,0,3,11,78,13,184,0,1,0
07-28-20,Perry,64,4,63,4,1,0,76,4,1436,22,1512,26,0,0,3,11,1,53,0,4,0
07-28-20,Pickett,21,3,21,3,0,0,21,3,599,9,620,12,0,1,2,7,1,13,0,0,1
07-28-20,Polk,144,11,143,11,1,0,156,12,1645,25,1801,37,0,0,-3,40,14,104,0,8,2
07-28-20,Putnam,1377,17,1370,17,7,0,1689,21,15417,89,17106,110,2,13,-24,207,39,1157,2,56,15
07-28-20,Rhea,457,1,457,1,0,0,520,2,4742,45,5262,47,0,1,-6,59,7,397,0,11,1
07-28-20,Roane,309,20,297,20,12,0,360,22,8770,199,9130,221,0,1,4,124,16,184,0,18,1
07-28-20,Robertson,1361,21,1357,20,4,1,1691,23,9139,79,10830,102,0,16,2,169,19,1176,3,98,22
07-28-20,Rutherford,5775,122,5766,122,9,0,6966,164,41475,854,48441,1018,0,48,-26,913,148,4814,4,192,53
07-28-20,Scott,75,7,72,7,3,0,79,7,1941,25,2020,32,0,0,5,26,2,49,0,4,0
07-28-20,Sequatchie,106,4,105,3,1,1,127,4,2483,24,2610,28,0,0,3,31,1,75,1,6,0
07-28-20,Sevier,1534,55,1479,54,55,1,1652,55,14613,258,16265,313,1,5,32,276,22,1253,1,54,6
07-28-20,Shelby,20091,477,20048,477,43,0,24179,559,208608,3768,232787,4327,5,269,56,2344,416,17478,35,1610,309
07-28-20,Smith,344,11,340,11,4,0,401,11,2919,35,3320,46,0,2,-15,58,26,284,0,18,5
07-28-20,Stewart,60,3,60,3,0,0,71,3,1325,16,1396,19,0,0,0,13,3,47,0,2,0
07-28-20,Sullivan,643,23,597,22,46,1,681,23,13277,478,13958,501,1,7,-13,182,35,454,2,70,8
07-28-20,Sumner,3084,58,3071,58,13,0,3705,73,22422,278,26127,351,0,68,-4,431,62,2585,4,300,70
07-28-20,Tipton,1060,26,1050,26,10,0,1199,30,11756,229,12955,259,0,8,3,148,23,904,3,64,9
07-28-20,Trousdale,1570,2,1567,2,3,0,1631,3,3102,22,4733,25,0,6,1,25,1,1539,1,17,6
07-28-20,Unicoi,118,8,118,8,0,0,124,9,2855,144,2979,153,0,0,6,40,2,78,0,3,0
07-28-20,Union,109,14,106,14,3,0,114,13,2020,33,2134,46,0,0,7,43,7,66,0,3,0
07-28-20,Van Buren,33,1,33,1,0,0,35,1,698,11,733,12,0,0,0,14,1,19,0,3,0
07-28-20,Warren,334,15,329,15,5,0,374,16,6483,180,6857,196,0,3,3,98,12,233,0,9,5
07-28-20,Washington,786,32,764,31,22,1,873,41,13695,490,14568,531,2,2,-16,253,46,531,4,47,2
07-28-20,Wayne,193,3,193,3,0,0,213,4,3595,59,3808,63,0,1,-5,26,8,166,0,5,2
07-28-20,Weakley,195,6,186,6,9,0,206,8,4283,138,4489,146,0,2,-2,68,8,125,0,10,4
07-28-20,White,177,4,175,4,2,0,216,4,4051,55,4267,59,0,3,3,42,1,132,0,12,4
07-28-20,Williamson,2964,43,2955,41,9,2,3531,51,35977,377,39508,428,0,21,-36,437,79,2506,2,85,20
07-28-20,Wilson,1971,43,1968,43,3,0,2365,55,20252,298,22617,353,0,20,0,316,43,1635,1,80,21
07-27-20,Anderson,491,21,475,20,16,1,569,24,12267,180,12836,204,0,4,-17,136,38,351,1,27,4
07-27-20,Bedford,783,7,781,7,2,0,938,10,5847,66,6785,76,0,10,-11,74,18,699,1,29,10
07-27-20,Benton,51,3,48,3,3,0,56,3,1572,30,1628,33,0,1,-4,18,7,32,1,5,1
07-27-20,Bledsoe,658,2,658,2,0,0,681,3,4277,14,4958,17,0,1,0,8,2,649,0,11,1
07-27-20,Blount,940,69,915,69,25,0,1104,81,12709,354,13813,435,0,7,31,288,38,645,4,46,7
07-27-20,Bradley,1574,33,1551,30,23,3,1887,39,11698,112,13585,151,1,10,-10,240,42,1324,3,93,10
07-27-20,Campbell,159,2,152,2,7,0,185,5,4824,70,5009,75,0,1,-5,50,7,108,1,10,1
07-27-20,Cannon,102,2,101,2,1,0,136,3,1828,18,1964,21,0,0,-1,28,3,74,0,5,0
07-27-20,Carroll,134,6,116,5,18,1,140,6,3001,37,3141,43,0,2,2,45,4,87,2,12,3
07-27-20,Carter,352,5,340,5,12,0,386,7,6426,87,6812,94,1,4,-8,137,12,211,1,35,5
07-27-20,Cheatham,472,6,472,6,0,0,567,7,5438,36,6005,43,0,4,-9,90,15,378,0,21,5
07-27-20,Chester,178,11,164,10,14,1,188,11,1503,26,1691,37,0,0,7,31,4,147,0,6,2
07-27-20,Claiborne,172,4,166,4,6,0,189,4,4099,40,4288,44,0,0,-5,43,9,129,0,5,1
07-27-20,Clay,58,1,56,1,2,0,60,1,1190,15,1250,16,0,0,0,12,1,46,0,2,0
07-27-20,Cocke,340,14,326,14,14,0,364,12,3758,52,4122,64,0,1,-18,82,32,257,1,16,1
07-27-20,Coffee,313,8,305,8,8,0,384,13,7431,108,7815,121,0,0,-6,110,14,203,0,11,0
07-27-20,Crockett,180,7,167,7,13,0,196,9,1488,51,1684,60,0,3,2,57,5,120,0,11,3
07-27-20,Cumberland,345,7,341,7,4,0,442,10,10666,82,11108,92,0,6,-2,67,9,272,0,26,6
07-27-20,Davidson,19106,220,19073,216,33,4,23528,308,170452,2001,193980,2309,2,188,-233,2350,451,16568,11,826,206
07-27-20,Decatur,114,6,83,6,31,0,121,7,1919,60,2040,67,0,0,-1,31,7,83,0,6,0
07-27-20,Dekalb,247,8,247,8,0,0,293,10,3742,38,4035,48,0,1,-3,93,11,153,0,12,1
07-27-20,Dickson,517,3,517,3,0,0,653,4,6570,28,7223,32,1,1,-14,124,16,392,1,30,2
07-27-20,Dyer,463,10,446,8,17,2,520,11,4827,73,5347,84,0,5,-4,70,14,388,1,36,6
07-27-20,Fayette,598,26,593,26,5,0,764,38,8823,153,9587,191,0,8,19,87,7,503,0,51,12
07-27-20,Fentress,60,4,60,4,0,0,66,4,1869,47,1935,51,0,0,1,14,3,46,0,7,0
07-27-20,Franklin,221,10,218,9,3,1,275,12,5434,65,5709,77,0,3,4,48,6,170,1,16,4
07-27-20,Gibson,444,25,380,25,64,0,487,26,5524,140,6011,166,0,1,-3,109,28,334,2,20,1
07-27-20,Giles,308,15,308,15,0,0,355,16,4148,58,4503,74,0,5,-7,97,22,206,1,20,8
07-27-20,Grainger,127,10,118,10,9,0,147,10,2465,65,2612,75,0,0,6,45,4,82,0,10,0
07-27-20,Greene,298,2,287,2,11,0,358,5,6709,68,7067,73,0,5,-7,55,9,238,1,23,5
07-27-20,Grundy,92,1,91,1,1,0,110,2,1284,4,1394,6,0,2,-1,14,2,76,0,15,2
07-27-20,Hamblen,1114,55,1080,50,34,5,1235,56,9842,381,11077,437,0,10,-8,270,63,834,1,61,13
07-27-20,Hamilton,4934,65,4920,65,14,0,5698,78,66955,724,72653,802,1,44,-45,558,109,4332,2,230,47
07-27-20,Hancock,73,2,68,2,5,0,82,2,940,6,1022,8,0,0,-7,34,9,39,0,7,1
07-27-20,Hardeman,748,19,724,19,24,0,827,21,7860,102,8687,123,0,11,-4,154,23,583,0,42,12
07-27-20,Hardin,346,9,313,7,33,2,389,9,5501,58,5890,67,0,7,-6,91,15,248,0,15,8
07-27-20,Hawkins,244,16,240,16,4,0,281,16,4662,33,4943,49,0,2,7,84,9,158,2,23,3
07-27-20,Haywood,334,27,322,27,12,0,359,28,2698,99,3057,127,0,4,11,98,16,232,0,18,6
07-27-20,Henderson,351,21,288,21,63,0,382,24,3276,84,3658,108,0,0,-8,114,29,237,0,12,1
07-27-20,Henry,116,1,114,1,2,0,146,1,4316,70,4462,71,0,1,-7,32,8,83,1,17,0
07-27-20,Hickman,177,2,177,2,0,0,225,2,2686,44,2911,46,0,0,-7,31,9,146,1,5,0
07-27-20,Houston,47,0,47,0,0,0,54,0,1044,4,1098,4,0,0,-2,9,2,38,0,6,0
07-27-20,Humphreys,82,3,80,3,2,0,96,4,2396,12,2492,16,0,3,1,21,2,58,0,3,3
07-27-20,Jackson,126,3,126,3,0,0,144,5,1371,16,1515,21,0,0,-2,29,5,97,0,8,2
07-27-20,Jefferson,431,26,397,23,34,3,478,26,6955,168,7433,194,0,2,8,125,18,304,1,24,3
07-27-20,Johnson,74,4,71,4,3,0,76,4,3075,19,3151,23,0,0,1,20,3,54,0,6,0
07-27-20,Knox,3485,83,3383,76,102,7,3851,82,62890,684,66741,766,3,26,-36,789,116,2670,2,191,30
07-27-20,Lake,712,1,710,1,2,0,884,1,4151,7,5035,8,0,0,0,10,1,702,0,4,0
07-27-20,Lauderdale,365,17,360,17,5,0,409,21,5829,124,6238,145,0,6,9,75,8,284,0,28,8
07-27-20,Lawrence,380,9,380,9,0,0,469,12,5143,85,5612,97,0,6,3,86,6,288,0,22,7
07-27-20,Lewis,40,2,40,2,0,0,43,2,1767,21,1810,23,0,1,0,17,2,22,0,6,1
07-27-20,Lincoln,226,13,226,13,0,0,275,15,3539,23,3814,38,0,1,1,67,12,158,1,11,1
07-27-20,Loudon,541,17,522,17,19,0,587,17,6002,112,6589,129,0,3,0,125,17,413,1,19,4
07-27-20,Macon,806,17,803,17,3,0,965,23,4316,94,5281,117,1,12,-7,66,23,728,1,61,14
07-27-20,Madison,700,19,672,19,28,0,787,21,11476,142,12263,163,0,10,-9,23,28,667,1,58,16
07-27-20,Marion,193,3,192,3,1,0,238,4,2788,24,3026,28,0,4,-8,43,11,146,0,19,5
07-27-20,Marshall,227,6,227,6,0,0,266,7,3800,60,4066,67,0,2,-3,51,9,174,0,13,3
07-27-20,Maury,926,17,924,17,2,0,1093,18,10002,141,11095,159,0,4,-26,252,43,670,0,37,5
07-27-20,McMinn,467,9,464,9,3,0,564,9,7333,70,7897,79,0,20,0,81,9,366,0,41,21
07-27-20,McNairy,261,11,244,11,17,0,287,12,2889,74,3176,86,0,2,-12,54,23,205,2,23,5
07-27-20,Meigs,86,3,86,3,0,0,108,3,1444,15,1552,18,0,0,1,29,2,57,0,6,1
07-27-20,Monroe,315,23,306,23,9,0,353,23,3828,138,4181,161,0,7,13,98,10,210,2,30,8
07-27-20,Montgomery,1530,17,1521,17,9,0,1754,22,21393,92,23147,114,0,9,-33,301,50,1220,0,80,12
07-27-20,Moore,41,0,41,0,0,0,53,0,804,9,857,9,0,0,-2,7,2,34,0,0,0
07-27-20,Morgan,71,4,71,4,0,0,81,4,4470,20,4551,24,0,1,2,21,2,49,0,2,1
07-27-20,Obion,319,9,313,9,6,0,345,9,3950,49,4295,58,0,4,-10,105,19,210,2,22,5
07-27-20,Out of State,1146,27,1139,25,7,2,1251,35,144933,1486,146184,1521,1,13,-15,228,41,905,1,44,5
07-27-20,Overton,136,2,134,2,2,0,161,2,3317,13,3478,15,0,1,-2,18,4,117,0,6,1
07-27-20,Pending,241,14,237,14,4,0,279,16,98923,1030,99202,1046,0,3,-4,67,18,171,0,1,0
07-27-20,Perry,60,1,59,0,1,1,72,2,1414,39,1486,41,0,0,-1,8,2,52,0,4,0
07-27-20,Pickett,18,0,18,0,0,0,18,0,590,5,608,5,0,1,-1,5,1,12,0,0,1
07-27-20,Polk,133,2,132,2,1,0,144,2,1620,17,1764,19,0,0,-1,43,3,90,0,8,2
07-27-20,Putnam,1360,18,1353,18,7,0,1668,24,15328,164,16996,188,0,11,-10,231,28,1118,3,54,15
07-27-20,Rhea,456,3,456,3,0,0,518,3,4697,50,5215,53,0,1,-8,65,11,390,0,11,1
07-27-20,Roane,289,21,277,21,12,0,338,23,8571,225,8909,248,0,1,8,120,13,168,0,18,1
07-27-20,Robertson,1340,11,1337,11,3,0,1668,12,9060,50,10728,62,0,16,-27,167,38,1157,2,95,22
07-27-20,Rutherford,5653,63,5644,63,9,0,6802,80,40621,327,47423,407,1,48,-58,939,120,4666,0,188,52
07-27-20,Scott,68,8,65,8,3,0,72,10,1916,60,1988,70,0,0,4,21,4,47,0,4,0
07-27-20,Sequatchie,102,2,102,2,0,0,123,2,2459,8,2582,10,0,0,0,28,2,74,1,5,0
07-27-20,Sevier,1479,69,1425,68,54,1,1597,74,14355,370,15952,444,0,4,32,244,37,1231,2,53,5
07-27-20,Shelby,19614,399,19571,398,43,1,23620,466,204840,2615,228460,3081,-3,264,-49,2288,451,17062,24,1575,306
07-27-20,Smith,333,12,329,12,4,0,390,15,2884,38,3274,53,0,2,-15,73,27,258,1,18,5
07-27-20,Stewart,57,0,57,0,0,0,68,0,1309,11,1377,11,0,0,-2,13,2,44,0,2,0
07-27-20,Sullivan,620,17,575,17,45,0,658,18,12799,46,13457,64,0,6,-8,195,25,419,6,68,7
07-27-20,Sumner,3026,27,3013,27,13,0,3632,31,22144,159,25776,190,1,68,-53,435,79,2523,2,296,70
07-27-20,Tipton,1034,32,1024,31,10,1,1169,42,11527,236,12696,278,0,8,10,145,22,881,0,61,9
07-27-20,Trousdale,1568,1,1565,1,3,0,1628,1,3080,9,4708,10,0,6,0,24,1,1538,0,16,6
07-27-20,Unicoi,110,3,110,3,0,0,115,1,2711,25,2826,26,0,0,1,34,2,76,0,3,0
07-27-20,Union,95,3,92,3,3,0,101,4,1987,40,2088,44,0,0,-1,36,4,59,0,3,0
07-27-20,Van Buren,32,2,32,2,0,0,34,2,687,6,721,8,0,0,2,14,0,18,0,3,0
07-27-20,Warren,319,5,314,4,5,1,358,5,6303,50,6661,55,0,3,-16,95,21,221,0,9,5
07-27-20,Washington,754,42,733,41,21,1,832,41,13205,159,14037,200,0,0,-1,269,43,485,6,43,2
07-27-20,Wayne,190,4,190,4,0,0,209,5,3536,39,3745,44,0,1,-6,31,10,158,1,5,2
07-27-20,Weakley,189,11,180,11,9,0,198,12,4145,81,4343,93,1,2,7,70,3,117,2,10,4
07-27-20,White,173,2,171,2,2,0,212,4,3996,50,4208,54,0,3,-3,39,5,131,0,12,4
07-27-20,Williamson,2921,24,2914,24,7,0,3480,29,35600,270,39080,299,0,21,-60,473,84,2427,0,83,20
07-27-20,Wilson,1928,19,1925,19,3,0,2310,22,19954,131,22264,153,0,20,-44,316,63,1592,3,79,21
07-26-20,Anderson,470,39,455,38,15,1,545,40,12087,403,12632,443,0,4,31,153,8,313,2,26,4
07-26-20,Bedford,776,9,774,8,2,1,928,12,5781,86,6709,98,0,10,3,85,6,681,0,28,10
07-26-20,Benton,48,4,45,4,3,0,53,5,1542,60,1595,65,0,1,2,22,2,25,0,4,1
07-26-20,Bledsoe,656,2,656,2,0,0,678,4,4263,36,4941,40,0,1,1,8,1,647,0,11,1
07-26-20,Blount,871,63,846,62,25,1,1023,79,12355,587,13378,666,0,7,40,257,23,607,3,42,7
07-26-20,Bradley,1541,38,1521,36,20,2,1848,49,11586,380,13434,429,0,9,22,250,16,1282,1,90,10
07-26-20,Campbell,157,4,150,4,7,0,180,5,4754,148,4934,153,0,1,0,55,4,101,0,9,1
07-26-20,Cannon,100,11,99,11,1,0,133,11,1810,44,1943,55,0,0,9,29,2,71,0,5,0
07-26-20,Carroll,128,5,111,3,17,2,134,9,2964,77,3098,86,0,2,1,43,4,83,0,10,3
07-26-20,Carter,347,11,335,10,12,1,379,10,6339,140,6718,150,0,3,5,145,6,199,1,34,5
07-26-20,Cheatham,466,5,466,5,0,0,560,5,5402,62,5962,67,0,4,0,99,5,363,0,21,5
07-26-20,Chester,167,9,154,7,13,2,177,10,1477,45,1654,55,0,0,6,24,3,143,0,6,2
07-26-20,Claiborne,168,6,162,6,6,0,185,7,4059,143,4244,150,0,0,2,48,4,120,0,5,1
07-26-20,Clay,57,3,55,3,2,0,59,3,1175,32,1234,35,0,0,2,12,1,45,0,2,0
07-26-20,Cocke,326,14,312,14,14,0,352,16,3706,103,4058,119,0,1,3,100,11,225,0,15,1
07-26-20,Coffee,305,17,297,17,8,0,371,21,7323,233,7694,254,0,0,9,116,8,189,0,11,0
07-26-20,Crockett,173,12,160,12,13,0,187,12,1437,51,1624,63,0,3,5,55,7,115,2,11,3
07-26-20,Cumberland,338,29,334,29,4,0,432,31,10584,305,11016,336,0,6,24,69,5,263,0,26,6
07-26-20,Davidson,18886,289,18857,288,29,1,23220,404,168451,2778,191671,3182,0,186,59,2583,230,16117,9,815,205
07-26-20,Decatur,108,10,77,7,31,3,114,12,1859,114,1973,126,0,0,4,32,6,76,0,6,0
07-26-20,Dekalb,239,42,239,42,0,0,283,55,3704,277,3987,332,0,1,40,96,2,142,1,12,1
07-26-20,Dickson,514,7,514,7,0,0,649,9,6542,74,7191,83,0,0,1,138,6,376,0,29,2
07-26-20,Dyer,453,12,438,12,15,0,509,18,4754,159,5263,177,0,5,11,74,1,374,0,35,6
07-26-20,Fayette,572,22,567,22,5,0,726,31,8670,245,9396,276,0,8,16,68,6,496,1,51,12
07-26-20,Fentress,56,3,56,3,0,0,62,4,1822,72,1884,76,0,0,1,13,2,43,0,7,0
07-26-20,Franklin,211,2,209,2,2,0,263,4,5369,74,5632,78,0,3,-4,44,6,164,0,15,4
07-26-20,Gibson,419,22,355,18,64,4,461,23,5384,187,5845,210,0,1,11,112,11,306,0,18,1
07-26-20,Giles,293,7,293,7,0,0,339,9,4090,125,4429,134,0,5,1,104,6,184,0,19,8
07-26-20,Grainger,117,13,108,13,9,0,137,15,2400,97,2537,112,0,0,10,39,3,78,1,10,0
07-26-20,Greene,296,6,285,6,11,0,353,9,6641,111,6994,120,0,5,-2,62,8,229,0,22,5
07-26-20,Grundy,91,1,90,1,1,0,108,2,1280,11,1388,13,0,2,0,15,1,74,0,15,2
07-26-20,Hamblen,1059,118,1030,118,29,0,1179,136,9461,442,10640,578,1,10,105,278,12,771,1,60,12
07-26-20,Hamilton,4869,57,4855,56,14,1,5620,71,66231,865,71851,936,0,43,-36,603,93,4223,2,228,47
07-26-20,Hancock,71,2,66,2,5,0,80,4,934,35,1014,39,0,0,1,41,1,30,0,7,0
07-26-20,Hardeman,729,37,705,35,24,2,806,38,7758,100,8564,138,0,11,29,158,8,560,3,42,12
07-26-20,Hardin,337,32,306,22,31,10,380,32,5443,178,5823,210,0,7,27,97,5,233,0,15,8
07-26-20,Hawkins,228,7,224,6,4,1,265,10,4629,113,4894,123,0,2,0,77,7,149,1,21,3
07-26-20,Haywood,307,32,295,31,12,1,331,35,2599,87,2930,122,0,4,29,87,3,216,2,18,5
07-26-20,Henderson,330,13,267,11,63,2,358,17,3192,197,3550,214,0,0,-3,122,16,208,0,12,1
07-26-20,Henry,115,9,113,9,2,0,145,12,4246,99,4391,111,0,1,7,39,2,75,1,16,0
07-26-20,Hickman,175,5,175,5,0,0,223,7,2642,53,2865,60,0,0,0,38,5,137,0,4,0
07-26-20,Houston,47,1,47,1,0,0,54,1,1040,12,1094,13,0,0,1,11,0,36,0,6,0
07-26-20,Humphreys,79,4,77,4,2,0,92,4,2384,71,2476,75,0,3,2,20,2,56,0,3,3
07-26-20,Jackson,123,7,123,7,0,0,139,7,1355,37,1494,44,0,0,6,31,1,92,0,8,2
07-26-20,Jefferson,405,28,374,28,31,0,452,35,6787,205,7239,240,0,2,21,117,7,286,1,23,3
07-26-20,Johnson,70,4,67,4,3,0,72,4,3056,23,3128,27,0,0,4,19,0,51,0,6,0
07-26-20,Knox,3402,119,3307,114,95,5,3769,133,62206,1468,65975,1601,0,23,50,825,69,2554,2,189,29
07-26-20,Lake,711,6,709,6,2,0,883,7,4144,30,5027,37,0,0,4,10,2,701,1,4,0
07-26-20,Lauderdale,348,19,343,19,5,0,388,23,5705,165,6093,188,0,6,13,66,6,276,2,28,7
07-26-20,Lawrence,371,10,371,10,0,0,457,12,5058,81,5515,93,0,6,7,83,3,282,1,22,7
07-26-20,Lewis,38,2,38,2,0,0,41,2,1746,50,1787,52,0,1,2,17,0,20,1,6,1
07-26-20,Lincoln,213,5,213,5,0,0,260,7,3516,42,3776,49,0,1,0,66,5,146,0,10,1
07-26-20,Loudon,524,24,505,23,19,1,570,28,5890,148,6460,176,0,3,15,125,9,396,0,18,4
07-26-20,Macon,789,8,786,8,3,0,942,15,4222,120,5164,135,0,11,5,73,3,705,1,60,14
07-26-20,Madison,681,20,653,19,28,1,766,22,11334,245,12100,267,0,10,1,32,19,639,4,57,16
07-26-20,Marion,190,9,189,9,1,0,234,10,2764,62,2998,72,0,4,7,51,2,135,0,19,5
07-26-20,Marshall,221,4,221,4,0,0,259,6,3740,81,3999,87,0,2,-1,54,5,165,0,13,3
07-26-20,Maury,909,32,907,32,2,0,1075,36,9861,305,10936,341,0,4,17,278,15,627,0,37,4
07-26-20,McMinn,458,9,455,9,3,0,555,11,7263,153,7818,164,0,20,3,81,6,357,0,41,21
07-26-20,McNairy,250,14,233,10,17,4,275,15,2815,98,3090,113,0,2,10,66,4,182,0,21,5
07-26-20,Meigs,83,7,83,7,0,0,105,8,1429,34,1534,42,0,0,5,28,2,55,1,6,1
07-26-20,Monroe,292,12,283,12,9,0,330,13,3690,145,4020,158,0,7,7,85,5,200,1,28,8
07-26-20,Montgomery,1513,15,1504,15,9,0,1732,17,21301,146,23033,163,0,9,-16,334,31,1170,0,80,10
07-26-20,Moore,41,1,41,1,0,0,53,2,795,6,848,8,0,0,1,9,0,32,0,0,0
07-26-20,Morgan,67,3,67,3,0,0,77,3,4450,94,4527,97,0,1,2,19,1,47,0,2,1
07-26-20,Obion,310,19,304,19,6,0,336,19,3901,119,4237,138,0,4,14,115,5,191,1,20,5
07-26-20,Out of State,1119,12,1114,11,5,1,1216,16,143447,1356,144663,1372,1,12,-4,243,15,864,1,43,5
07-26-20,Overton,134,9,132,9,2,0,159,11,3304,77,3463,88,0,1,9,20,0,113,0,6,1
07-26-20,Pending,227,13,223,12,4,1,263,14,97893,1387,98156,1401,-1,3,9,71,5,153,0,1,0
07-26-20,Perry,59,0,59,0,0,0,70,0,1375,20,1445,20,0,0,0,9,0,50,0,4,0
07-26-20,Pickett,18,1,18,1,0,0,18,1,585,9,603,10,0,1,0,6,1,11,0,0,1
07-26-20,Polk,131,5,130,5,1,0,142,6,1603,41,1745,47,0,0,1,44,4,87,0,8,1
07-26-20,Putnam,1342,52,1335,52,7,0,1644,66,15164,407,16808,473,0,11,40,241,12,1090,1,51,15
07-26-20,Rhea,453,8,453,8,0,0,515,12,4647,103,5162,115,0,1,6,73,2,379,0,11,1
07-26-20,Roane,268,20,256,20,12,0,315,23,8346,211,8661,234,0,1,12,112,8,155,0,18,1
07-26-20,Robertson,1329,24,1326,24,3,0,1656,28,9010,83,10666,111,0,16,0,194,24,1119,2,93,21
07-26-20,Rutherford,5590,101,5581,101,9,0,6722,121,40294,726,47016,847,0,47,39,997,62,4546,0,188,51
07-26-20,Scott,60,5,57,5,3,0,62,5,1856,97,1918,102,0,0,5,17,0,43,1,4,0
07-26-20,Sequatchie,100,3,100,3,0,0,121,4,2451,51,2572,55,0,0,3,28,0,72,0,4,0
07-26-20,Sevier,1410,50,1357,50,53,0,1523,55,13985,244,15508,299,0,4,28,212,22,1194,1,51,5
07-26-20,Shelby,19215,324,19173,323,42,1,23154,404,202225,2748,225379,3152,2,267,99,2337,223,16611,17,1551,303
07-26-20,Smith,321,15,317,15,4,0,375,19,2846,106,3221,125,0,2,12,88,3,231,0,17,5
07-26-20,Stewart,57,0,57,0,0,0,68,1,1298,35,1366,36,0,0,-1,15,1,42,0,2,0
07-26-20,Sullivan,603,17,558,17,45,0,640,22,12753,241,13393,263,0,6,1,203,16,394,0,62,7
07-26-20,Sumner,2999,30,2986,30,13,0,3601,37,21985,327,25586,364,0,67,-7,488,37,2444,1,294,70
07-26-20,Tipton,1002,40,993,40,9,0,1127,46,11291,280,12418,326,0,8,31,135,9,859,4,61,8
07-26-20,Trousdale,1567,2,1564,2,3,0,1627,2,3071,28,4698,30,0,6,2,24,0,1537,0,16,6
07-26-20,Unicoi,107,8,107,8,0,0,114,4,2686,29,2800,33,0,0,8,33,0,74,0,3,0
07-26-20,Union,92,10,89,9,3,1,97,10,1947,76,2044,86,0,0,8,37,2,55,0,3,0
07-26-20,Van Buren,30,3,30,3,0,0,32,4,681,17,713,21,0,0,3,12,0,18,0,3,0
07-26-20,Warren,314,24,310,24,4,0,353,30,6253,386,6606,416,0,3,23,111,1,200,3,9,5
07-26-20,Washington,712,36,692,35,20,1,791,38,13046,250,13837,288,0,0,7,270,29,442,2,37,2
07-26-20,Wayne,186,2,186,2,0,0,204,2,3497,51,3701,53,0,1,-2,37,4,148,0,4,2
07-26-20,Weakley,178,17,169,15,9,2,186,19,4064,192,4250,211,0,1,12,63,5,114,0,8,3
07-26-20,White,171,7,169,7,2,0,208,10,3946,127,4154,137,0,3,6,42,1,126,0,12,4
07-26-20,Williamson,2897,43,2890,43,7,0,3451,69,35330,571,38781,640,0,21,-14,533,57,2343,0,83,20
07-26-20,Wilson,1909,37,1906,37,3,0,2288,43,19823,319,22111,362,0,20,5,360,32,1529,0,76,21
07-25-20,Anderson,431,33,417,32,14,1,505,38,11684,257,12189,295,1,4,28,122,4,305,1,24,4
07-25-20,Bedford,767,25,766,25,1,0,916,38,5695,205,6611,243,0,10,18,82,7,675,1,28,10
07-25-20,Benton,44,4,41,4,3,0,48,7,1482,51,1530,58,0,1,4,20,0,23,1,4,1
07-25-20,Bledsoe,654,0,654,0,0,0,674,1,4227,45,4901,46,0,1,-1,7,1,646,0,11,1
07-25-20,Blount,808,46,784,45,24,1,944,53,11768,299,12712,352,0,7,27,217,19,584,2,39,7
07-25-20,Bradley,1503,63,1485,63,18,0,1799,86,11206,389,13005,475,0,9,41,228,22,1266,3,89,10
07-25-20,Campbell,153,15,146,15,7,0,175,20,4606,187,4781,207,0,1,12,55,3,97,0,9,1
07-25-20,Cannon,89,3,88,3,1,0,122,5,1766,97,1888,102,0,0,1,20,2,69,0,5,0
07-25-20,Carroll,123,9,108,9,15,0,125,10,2887,124,3012,134,0,2,5,42,4,79,0,10,3
07-25-20,Carter,336,22,325,22,11,0,369,32,6199,332,6568,364,0,3,12,140,10,193,1,33,3
07-25-20,Cheatham,461,26,461,26,0,0,555,37,5340,190,5895,227,0,4,18,99,8,358,0,21,5
07-25-20,Chester,158,12,147,9,11,3,167,13,1432,61,1599,74,0,0,7,18,5,140,0,6,2
07-25-20,Claiborne,162,6,156,6,6,0,178,8,3916,233,4094,241,0,0,0,46,6,116,0,5,1
07-25-20,Clay,54,0,52,0,2,0,56,0,1143,32,1199,32,0,0,0,10,0,44,0,2,0
07-25-20,Cocke,312,27,298,27,14,0,336,31,3603,93,3939,124,0,1,18,97,9,214,0,15,1
07-25-20,Coffee,288,26,280,26,8,0,350,39,7090,330,7440,369,0,0,22,107,4,181,2,11,0
07-25-20,Crockett,161,11,148,11,13,0,175,11,1386,44,1561,55,0,3,5,50,6,108,1,9,3
07-25-20,Cumberland,309,10,305,10,4,0,401,10,10279,83,10680,93,0,6,8,45,2,258,2,26,6
07-25-20,Davidson,18597,352,18569,351,28,1,22816,623,165673,4651,188489,5274,7,186,108,2524,237,15887,20,806,201
07-25-20,Decatur,98,4,70,3,28,1,102,6,1745,62,1847,68,0,0,3,28,1,70,0,6,0
07-25-20,Dekalb,197,5,197,5,0,0,228,6,3427,96,3655,102,0,1,2,56,3,140,1,11,1
07-25-20,Dickson,507,32,507,32,0,0,640,39,6468,206,7108,245,0,0,22,137,10,370,1,29,2
07-25-20,Dyer,441,13,426,13,15,0,491,18,4595,111,5086,129,0,5,7,63,6,373,0,35,6
07-25-20,Fayette,550,8,545,7,5,1,695,11,8425,198,9120,209,0,8,6,52,2,490,0,50,12
07-25-20,Fentress,53,1,53,1,0,0,58,1,1750,24,1808,25,0,0,-1,12,2,41,1,7,0
07-25-20,Franklin,209,15,207,15,2,0,259,28,5295,292,5554,320,0,3,6,48,9,158,1,15,4
07-25-20,Gibson,397,35,337,32,60,3,438,38,5197,246,5635,284,0,1,30,101,5,295,1,18,1
07-25-20,Giles,286,14,286,14,0,0,330,28,3965,154,4295,182,0,5,6,103,8,178,0,19,8
07-25-20,Grainger,104,4,95,4,9,0,122,5,2303,36,2425,41,0,0,3,29,1,75,0,9,0
07-25-20,Greene,290,22,279,21,11,1,344,35,6530,286,6874,321,0,5,15,64,7,221,0,22,5
07-25-20,Grundy,90,8,89,8,1,0,106,8,1269,34,1375,42,0,2,8,15,0,73,0,15,2
07-25-20,Hamblen,941,38,912,38,29,0,1043,57,9019,204,10062,261,3,9,23,173,12,759,1,59,12
07-25-20,Hamilton,4812,190,4799,190,13,0,5549,335,65366,2754,70915,3089,2,43,74,639,114,4130,5,226,47
07-25-20,Hancock,69,12,64,12,5,0,76,13,899,91,975,104,0,0,11,40,1,29,0,7,0
07-25-20,Hardeman,692,20,670,20,22,0,768,23,7658,117,8426,140,1,11,12,129,7,552,1,39,12
07-25-20,Hardin,305,15,284,11,21,4,348,20,5265,170,5613,190,0,7,7,70,8,228,0,15,8
07-25-20,Hawkins,221,30,218,30,3,0,255,34,4516,184,4771,218,0,2,26,77,4,142,1,20,2
07-25-20,Haywood,275,21,264,19,11,2,296,19,2512,153,2808,172,0,4,16,58,5,213,0,16,5
07-25-20,Henderson,317,30,256,27,61,3,341,32,2995,118,3336,150,0,0,15,125,15,192,1,12,0
07-25-20,Henry,106,11,104,11,2,0,133,16,4147,199,4280,215,0,1,10,32,1,73,2,15,0
07-25-20,Hickman,170,5,170,5,0,0,216,11,2589,100,2805,111,0,0,3,38,2,132,0,4,0
07-25-20,Houston,46,2,46,2,0,0,53,3,1028,39,1081,42,0,0,0,10,2,36,0,6,0
07-25-20,Humphreys,75,9,73,9,2,0,88,9,2313,178,2401,187,0,3,9,18,0,54,0,3,3
07-25-20,Jackson,116,4,116,4,0,0,132,4,1318,8,1450,12,0,0,2,25,2,91,0,8,2
07-25-20,Jefferson,377,21,346,21,31,0,417,25,6582,232,6999,257,1,2,14,96,6,279,0,22,3
07-25-20,Johnson,66,4,63,4,3,0,68,5,3033,42,3101,47,0,0,3,15,1,51,0,6,0
07-25-20,Knox,3283,173,3193,169,90,4,3636,196,60738,1941,64374,2137,2,23,93,775,78,2485,3,187,28
07-25-20,Lake,705,3,703,3,2,0,876,3,4114,34,4990,37,0,0,2,6,1,699,0,3,0
07-25-20,Lauderdale,329,14,324,14,5,0,365,16,5540,87,5905,103,0,6,12,53,2,270,1,26,7
07-25-20,Lawrence,361,16,361,16,0,0,445,26,4977,160,5422,186,0,6,12,76,4,279,1,21,7
07-25-20,Lewis,36,4,36,4,0,0,39,4,1696,110,1735,114,1,1,0,15,3,20,0,5,1
07-25-20,Lincoln,208,24,208,24,0,0,253,31,3474,104,3727,135,0,1,20,66,4,141,2,10,1
07-25-20,Loudon,500,17,482,17,18,0,542,25,5742,126,6284,151,0,3,7,110,10,387,1,18,4
07-25-20,Macon,781,8,778,8,3,0,927,10,4102,48,5029,58,0,11,5,68,3,702,0,59,14
07-25-20,Madison,661,37,634,37,27,0,744,42,11089,448,11833,490,1,10,11,31,25,620,1,53,15
07-25-20,Marion,181,16,180,16,1,0,224,22,2702,127,2926,149,0,4,15,44,1,133,1,19,4
07-25-20,Marshall,217,18,217,18,0,0,253,23,3659,250,3912,273,0,2,14,55,4,160,0,13,3
07-25-20,Maury,877,57,875,57,2,0,1039,78,9556,562,10595,640,0,4,37,261,20,612,0,37,4
07-25-20,McMinn,449,17,446,17,3,0,544,27,7110,315,7654,342,0,20,8,78,9,351,1,41,21
07-25-20,McNairy,236,20,223,17,13,3,260,28,2717,94,2977,122,0,2,12,56,8,178,1,21,5
07-25-20,Meigs,76,11,76,11,0,0,97,14,1395,95,1492,109,0,0,11,23,0,53,0,5,1
07-25-20,Monroe,280,11,271,11,9,0,317,15,3545,253,3862,268,0,7,4,78,7,195,1,27,7
07-25-20,Montgomery,1498,117,1489,117,9,0,1715,144,21155,953,22870,1097,0,9,96,350,21,1139,5,80,10
07-25-20,Moore,40,1,40,1,0,0,51,4,789,28,840,32,0,0,1,8,0,32,0,0,0
07-25-20,Morgan,64,4,64,4,0,0,74,5,4356,33,4430,38,0,1,2,17,2,46,0,2,1
07-25-20,Obion,291,36,285,36,6,0,317,35,3782,93,4099,128,0,4,28,101,8,186,1,19,5
07-25-20,Out of State,1107,50,1103,50,4,0,1200,67,142091,4495,143291,4562,-1,11,29,247,22,849,0,42,5
07-25-20,Overton,125,3,123,3,2,0,148,6,3227,114,3375,120,0,1,1,11,2,113,0,6,1
07-25-20,Pending,214,18,211,18,3,0,249,24,96506,2253,96755,2277,1,4,12,62,5,148,0,1,0
07-25-20,Perry,59,2,59,2,0,0,70,2,1355,49,1425,51,0,0,2,9,0,50,1,4,0
07-25-20,Pickett,17,1,17,1,0,0,17,1,576,11,593,12,0,1,1,6,0,10,0,0,1
07-25-20,Polk,126,17,125,17,1,0,136,18,1562,54,1698,72,0,0,15,43,2,83,0,8,1
07-25-20,Putnam,1290,21,1283,21,7,0,1578,21,14757,117,16335,138,2,11,11,201,8,1078,1,50,15
07-25-20,Rhea,445,9,445,9,0,0,503,20,4544,261,5047,281,0,1,6,67,3,377,0,11,1
07-25-20,Roane,248,21,236,20,12,1,292,27,8135,152,8427,179,1,1,13,100,7,147,0,18,1
07-25-20,Robertson,1305,46,1302,46,3,0,1628,60,8927,250,10555,310,0,16,35,194,11,1095,1,91,21
07-25-20,Rutherford,5489,216,5480,216,9,0,6601,271,39568,1567,46169,1838,2,47,121,958,93,4484,5,188,51
07-25-20,Scott,55,6,52,6,3,0,57,6,1759,26,1816,32,0,0,6,12,0,43,0,3,0
07-25-20,Sequatchie,97,7,97,7,0,0,117,8,2400,163,2517,171,0,0,4,25,3,72,0,4,0
07-25-20,Sevier,1360,18,1307,17,53,1,1468,20,13741,150,15209,170,0,4,-7,184,25,1172,1,50,5
07-25-20,Shelby,18891,383,18850,383,41,0,22750,499,199477,3852,222227,4351,2,265,107,2238,274,16388,26,1534,299
07-25-20,Smith,306,10,302,10,4,0,356,13,2740,59,3096,72,0,2,8,76,2,228,1,17,4
07-25-20,Stewart,57,4,57,4,0,0,67,4,1263,39,1330,43,0,0,2,16,2,41,0,2,0
07-25-20,Sullivan,586,45,541,43,45,2,618,45,12512,511,13130,556,0,6,27,202,18,378,1,62,7
07-25-20,Sumner,2969,79,2956,79,13,0,3564,92,21658,714,25222,806,0,67,31,495,48,2407,2,293,69
07-25-20,Tipton,962,24,953,24,9,0,1081,31,11011,209,12092,240,0,8,13,104,11,850,0,57,8
07-25-20,Trousdale,1565,1,1562,1,3,0,1625,2,3043,47,4668,49,0,6,-3,22,4,1537,1,16,6
07-25-20,Unicoi,99,8,99,8,0,0,110,15,2657,241,2767,256,0,0,7,25,1,74,0,3,0
07-25-20,Union,82,1,80,1,2,0,87,3,1871,25,1958,28,0,0,-3,29,4,53,0,3,0
07-25-20,Van Buren,27,1,27,1,0,0,28,1,664,10,692,11,0,0,1,9,0,18,0,3,0
07-25-20,Warren,290,15,286,11,4,4,323,16,5867,153,6190,169,0,3,12,88,3,199,0,6,5
07-25-20,Washington,676,64,657,62,19,2,753,89,12796,753,13549,842,0,0,35,263,29,413,2,35,1
07-25-20,Wayne,184,5,184,5,0,0,202,9,3446,107,3648,116,0,1,3,39,2,144,0,4,2
07-25-20,Weakley,161,17,154,16,7,1,167,17,3872,148,4039,165,0,1,13,51,4,109,1,8,3
07-25-20,White,164,7,162,7,2,0,198,10,3819,58,4017,68,0,3,4,36,3,125,1,12,3
07-25-20,Williamson,2854,88,2847,87,7,1,3382,118,34759,1144,38141,1262,0,21,37,547,51,2286,3,83,19
07-25-20,Wilson,1872,48,1869,48,3,0,2245,57,19504,583,21749,640,0,20,15,355,33,1497,1,76,21
07-24-20,Anderson,398,6,385,6,13,0,467,8,11427,114,11894,122,0,3,-16,94,22,301,0,23,4
07-24-20,Bedford,742,13,741,13,1,0,878,10,5490,77,6368,87,0,10,6,64,7,668,0,27,10
07-24-20,Benton,40,5,37,5,3,0,41,4,1431,10,1472,14,0,1,2,16,3,23,0,3,1
07-24-20,Bledsoe,654,2,654,2,0,0,673,1,4182,17,4855,18,0,1,2,8,0,645,0,11,1
07-24-20,Blount,762,16,739,15,23,1,891,8,11469,142,12360,150,0,7,-21,190,37,565,0,37,7
07-24-20,Bradley,1440,38,1422,38,18,0,1713,43,10817,107,12530,150,0,9,6,187,32,1244,1,86,9
07-24-20,Campbell,138,9,131,9,7,0,155,7,4419,51,4574,58,0,1,2,43,7,94,0,9,1
07-24-20,Cannon,86,0,85,0,1,0,117,0,1669,17,1786,17,0,0,-1,19,1,67,0,5,0
07-24-20,Carroll,114,8,99,7,15,1,115,9,2763,22,2878,31,0,2,4,37,4,75,0,10,3
07-24-20,Carter,314,15,303,15,11,0,337,9,5867,123,6204,132,1,3,0,128,14,183,2,32,3
07-24-20,Cheatham,435,10,435,10,0,0,518,7,5150,62,5668,69,0,4,4,81,6,350,1,21,5
07-24-20,Chester,146,1,138,0,8,1,154,1,1371,10,1525,11,0,0,-11,11,12,135,0,6,2
07-24-20,Claiborne,156,9,150,9,6,0,170,10,3683,68,3853,78,0,0,1,46,8,110,0,5,1
07-24-20,Clay,54,3,52,1,2,2,56,0,1111,7,1167,7,0,0,2,10,1,44,0,2,0
07-24-20,Cocke,285,11,271,11,14,0,305,8,3510,76,3815,84,0,1,1,79,10,205,2,15,1
07-24-20,Coffee,262,26,254,24,8,2,311,21,6760,104,7071,125,0,0,23,85,3,177,1,9,0
07-24-20,Crockett,150,3,137,3,13,0,164,5,1342,18,1506,23,0,3,-5,45,8,102,0,8,3
07-24-20,Cumberland,299,4,295,4,4,0,391,4,10196,131,10587,135,0,6,-1,37,5,256,0,24,6
07-24-20,Davidson,18245,292,18218,290,27,2,22193,328,161022,2474,183215,2802,0,179,-52,2416,344,15650,6,786,199
07-24-20,Decatur,94,2,67,1,27,1,96,4,1683,27,1779,31,0,0,-12,25,14,69,0,6,0
07-24-20,Dekalb,192,1,192,1,0,0,222,0,3331,15,3553,15,0,1,-2,54,3,137,1,10,1
07-24-20,Dickson,475,14,475,14,0,0,601,10,6262,70,6863,80,0,0,1,115,13,360,1,28,2
07-24-20,Dyer,428,9,413,9,15,0,473,14,4484,81,4957,95,0,5,2,56,7,367,0,35,6
07-24-20,Fayette,542,6,538,6,4,0,684,9,8227,55,8911,64,0,8,-7,46,13,488,2,50,12
07-24-20,Fentress,52,0,52,0,0,0,57,1,1726,10,1783,11,0,0,-3,13,3,39,0,6,0
07-24-20,Franklin,194,7,192,7,2,0,231,10,5003,101,5234,111,0,3,3,42,4,149,3,14,4
07-24-20,Gibson,362,17,305,12,57,5,400,18,4951,49,5351,67,0,1,-8,71,25,290,0,17,1
07-24-20,Giles,272,12,272,12,0,0,302,12,3811,77,4113,89,1,5,2,97,9,170,0,19,8
07-24-20,Grainger,100,0,91,0,9,0,117,1,2267,36,2384,37,0,0,-3,26,3,74,0,9,0
07-24-20,Greene,268,7,258,7,10,0,309,12,6244,126,6553,138,1,5,-4,49,10,214,1,22,5
07-24-20,Grundy,82,0,81,0,1,0,98,0,1235,21,1333,21,0,2,-1,7,1,73,0,15,2
07-24-20,Hamblen,903,39,874,39,29,0,986,39,8815,143,9801,182,0,6,4,150,35,747,2,58,11
07-24-20,Hamilton,4622,144,4609,144,13,0,5214,103,62612,1170,67826,1273,0,41,19,565,125,4016,6,221,46
07-24-20,Hancock,57,1,52,1,5,0,63,2,808,13,871,15,0,0,-5,29,6,28,0,7,0
07-24-20,Hardeman,672,11,650,10,22,1,745,12,7541,24,8286,36,1,10,-11,117,21,545,1,38,12
07-24-20,Hardin,290,11,273,6,17,5,328,11,5095,101,5423,112,0,7,2,63,9,220,0,15,8
07-24-20,Hawkins,191,15,188,15,3,0,221,11,4332,42,4553,53,0,2,5,51,10,138,0,19,2
07-24-20,Haywood,254,5,245,5,9,0,277,5,2359,30,2636,35,0,4,-4,42,9,208,0,16,5
07-24-20,Henderson,287,11,229,6,58,5,309,10,2877,36,3186,46,0,0,-7,110,18,177,0,11,0
07-24-20,Henry,95,3,93,3,2,0,117,3,3948,26,4065,29,0,1,-4,22,7,72,1,13,0
07-24-20,Hickman,165,5,165,5,0,0,205,2,2489,31,2694,33,0,0,1,35,4,130,0,4,0
07-24-20,Houston,44,1,44,1,0,0,50,1,989,10,1039,11,0,0,-3,10,4,34,0,6,0
07-24-20,Humphreys,66,0,64,0,2,0,79,2,2135,15,2214,17,0,3,0,9,0,54,0,3,3
07-24-20,Jackson,112,0,112,0,0,0,128,0,1310,11,1438,11,0,0,-7,23,7,89,0,8,2
07-24-20,Jefferson,356,12,325,8,31,4,392,7,6350,110,6742,117,0,1,3,82,9,273,2,22,3
07-24-20,Johnson,62,3,59,2,3,1,63,1,2991,20,3054,21,0,0,2,12,1,50,1,6,0
07-24-20,Knox,3110,107,3024,100,86,7,3440,118,58797,950,62237,1068,0,21,-15,682,122,2407,4,184,25
07-24-20,Lake,702,1,700,1,2,0,873,2,4080,8,4953,10,0,0,0,4,1,698,0,3,0
07-24-20,Lauderdale,315,11,310,10,5,1,349,12,5453,36,5802,48,0,6,-7,41,18,268,0,25,7
07-24-20,Lawrence,345,8,345,8,0,0,419,8,4817,63,5236,71,0,6,-3,64,11,275,0,20,7
07-24-20,Lewis,32,5,32,5,0,0,35,5,1586,111,1621,116,0,0,4,15,1,17,1,5,1
07-24-20,Lincoln,184,13,184,13,0,0,222,11,3370,49,3592,60,0,1,6,46,7,137,0,8,1
07-24-20,Loudon,483,5,465,5,18,0,517,6,5616,47,6133,53,0,3,-6,103,11,377,1,17,4
07-24-20,Macon,773,0,770,0,3,0,917,3,4054,15,4971,18,1,11,-8,63,7,699,0,59,14
07-24-20,Madison,624,9,597,8,27,1,702,11,10641,79,11343,90,1,9,-34,20,42,595,1,52,15
07-24-20,Marion,165,5,164,5,1,0,202,9,2575,56,2777,65,0,4,-2,29,7,132,1,18,4
07-24-20,Marshall,199,6,199,6,0,0,230,5,3409,77,3639,82,0,2,2,41,4,156,0,13,3
07-24-20,Maury,820,31,818,31,2,0,961,28,8994,176,9955,204,0,4,15,224,16,592,0,37,4
07-24-20,McMinn,432,8,429,8,3,0,517,10,6795,127,7312,137,0,20,-5,70,13,342,1,40,21
07-24-20,McNairy,216,7,206,7,10,0,232,7,2623,50,2855,57,1,2,-4,44,10,170,1,20,5
07-24-20,Meigs,65,0,65,0,0,0,83,1,1300,15,1383,16,0,0,-4,12,4,53,0,5,1
07-24-20,Monroe,269,7,260,7,9,0,302,2,3292,41,3594,43,0,7,5,74,2,188,1,26,6
07-24-20,Montgomery,1381,16,1372,16,9,0,1571,19,20202,147,21773,166,0,9,-47,254,63,1118,2,75,10
07-24-20,Moore,39,0,39,0,0,0,47,1,761,6,808,7,0,0,0,7,0,32,0,0,0
07-24-20,Morgan,60,2,60,2,0,0,69,2,4323,17,4392,19,0,1,0,15,2,44,0,2,1
07-24-20,Obion,255,1,249,1,6,0,282,1,3689,31,3971,32,0,4,-6,73,7,178,0,18,5
07-24-20,Out of State,1057,25,1053,25,4,0,1133,27,137596,1629,138729,1656,0,12,-3,218,28,827,0,42,5
07-24-20,Overton,122,1,120,1,2,0,142,2,3113,16,3255,18,0,1,-1,10,2,111,0,6,1
07-24-20,Pending,196,11,193,10,3,1,225,8,94253,1108,94478,1116,0,3,-5,50,16,143,0,1,0
07-24-20,Perry,57,1,57,1,0,0,68,1,1306,2,1374,3,0,0,1,7,0,50,0,3,0
07-24-20,Pickett,16,1,16,1,0,0,16,1,565,9,581,10,0,1,-1,5,2,10,0,0,1
07-24-20,Polk,109,3,108,3,1,0,118,2,1508,8,1626,10,0,0,-2,28,5,81,0,8,0
07-24-20,Putnam,1269,8,1262,7,7,1,1557,13,14640,96,16197,109,0,9,-10,190,18,1070,0,49,15
07-24-20,Rhea,436,16,436,16,0,0,483,11,4283,68,4766,79,0,1,11,61,5,374,0,11,1
07-24-20,Roane,227,12,216,12,11,0,265,14,7983,132,8248,146,0,0,6,87,6,140,0,18,1
07-24-20,Robertson,1259,25,1256,25,3,0,1568,29,8677,130,10245,159,0,16,11,159,14,1084,1,90,21
07-24-20,Rutherford,5273,104,5264,104,9,0,6330,115,38001,618,44331,733,0,45,-7,837,111,4391,0,183,50
07-24-20,Scott,49,2,46,2,3,0,51,5,1733,23,1784,28,0,0,-1,6,3,43,0,3,0
07-24-20,Sequatchie,90,2,90,2,0,0,109,2,2237,28,2346,30,0,0,-1,21,3,69,0,4,0
07-24-20,Sevier,1342,25,1290,25,52,0,1448,29,13591,143,15039,172,0,4,-7,191,32,1147,1,49,5
07-24-20,Shelby,18508,336,18467,335,41,1,22251,429,195625,2910,217876,3339,3,263,-104,2131,437,16114,35,1508,293
07-24-20,Smith,296,1,292,1,4,0,343,6,2681,17,3024,23,0,2,-5,68,6,226,1,16,3
07-24-20,Stewart,53,2,53,2,0,0,63,2,1224,24,1287,26,0,0,-1,14,3,39,0,2,0
07-24-20,Sullivan,541,22,498,21,43,1,573,21,12001,278,12574,299,0,6,2,175,20,360,2,61,7
07-24-20,Sumner,2890,49,2877,49,13,0,3472,56,20944,419,24416,475,2,67,-16,464,63,2359,6,291,69
07-24-20,Tipton,938,10,929,10,9,0,1050,12,10802,127,11852,139,0,8,-1,91,11,839,2,57,8
07-24-20,Trousdale,1564,6,1561,6,3,0,1623,6,2996,30,4619,36,0,6,3,25,3,1533,0,15,6
07-24-20,Unicoi,91,9,91,9,0,0,95,7,2416,93,2511,100,0,0,8,18,1,73,0,3,0
07-24-20,Union,81,4,79,4,2,0,84,4,1846,57,1930,61,0,0,-4,32,8,49,0,3,0
07-24-20,Van Buren,26,1,26,1,0,0,27,1,654,1,681,2,0,0,0,8,1,18,1,3,0
07-24-20,Warren,275,8,275,8,0,0,307,8,5714,64,6021,72,0,3,-2,76,10,196,0,6,4
07-24-20,Washington,612,51,595,50,17,1,664,39,12043,282,12707,321,0,0,26,228,25,384,2,33,1
07-24-20,Wayne,179,3,179,3,0,0,193,3,3339,21,3532,24,1,1,-2,36,4,142,0,4,2
07-24-20,Weakley,144,3,138,2,6,1,150,3,3724,48,3874,51,0,1,-1,38,4,105,0,7,3
07-24-20,White,157,1,155,1,2,0,188,0,3761,10,3949,10,0,3,-1,32,2,122,0,11,3
07-24-20,Williamson,2766,47,2760,47,6,0,3264,55,33615,413,36879,468,0,21,-35,510,82,2235,1,80,19
07-24-20,Wilson,1824,26,1821,26,3,0,2188,38,18921,373,21109,411,0,20,-9,340,35,1464,0,75,20
07-23-20,Anderson,392,25,379,25,13,0,459,33,11313,428,11772,461,0,3,11,110,14,279,2,23,3
07-23-20,Bedford,729,11,728,11,1,0,868,12,5413,195,6281,207,0,10,1,58,10,661,0,27,10
07-23-20,Benton,35,4,32,4,3,0,37,3,1421,49,1458,52,0,1,2,14,2,20,0,3,1
07-23-20,Bledsoe,652,1,652,1,0,0,672,2,4165,26,4837,28,0,1,1,6,0,645,1,11,1
07-23-20,Blount,746,48,724,48,22,0,883,59,11327,524,12210,583,1,7,13,211,34,528,1,37,7
07-23-20,Bradley,1402,34,1384,34,18,0,1670,57,10710,281,12380,338,1,9,-4,181,37,1212,2,85,9
07-23-20,Campbell,129,8,122,8,7,0,148,11,4368,134,4516,145,0,1,5,41,3,87,0,9,1
07-23-20,Cannon,86,1,85,1,1,0,117,1,1652,46,1769,47,0,0,-3,20,4,66,0,5,0
07-23-20,Carroll,106,9,92,9,14,0,106,9,2741,129,2847,138,0,2,8,33,1,71,0,10,2
07-23-20,Carter,299,29,288,28,11,1,328,35,5744,358,6072,393,0,2,19,128,10,169,0,30,3
07-23-20,Cheatham,425,15,425,15,0,0,511,22,5088,257,5599,279,0,4,6,77,9,344,1,20,5
07-23-20,Chester,145,6,138,6,7,0,153,7,1361,60,1514,67,0,0,-2,22,8,123,0,6,2
07-23-20,Claiborne,147,9,141,9,6,0,160,9,3615,234,3775,243,0,0,3,45,6,102,1,5,0
07-23-20,Clay,51,1,51,1,0,0,56,1,1104,23,1160,24,0,0,-2,8,3,43,0,2,0
07-23-20,Cocke,274,10,260,8,14,2,297,16,3434,93,3731,109,0,1,-2,78,12,195,2,13,1
07-23-20,Coffee,236,4,230,2,6,2,290,10,6656,178,6946,188,0,0,0,62,4,174,0,8,0
07-23-20,Crockett,147,14,134,13,13,1,159,15,1324,38,1483,53,0,3,7,50,7,94,0,8,3
07-23-20,Cumberland,295,0,291,0,4,0,387,1,10065,242,10452,243,0,6,-8,38,8,251,0,24,6
07-23-20,Davidson,17953,307,17928,307,25,0,21865,414,158548,3829,180413,4243,6,179,-54,2468,355,15306,7,780,192
07-23-20,Decatur,92,5,66,4,26,1,92,4,1656,118,1748,122,0,0,-1,37,6,55,0,6,0
07-23-20,Dekalb,191,7,191,7,0,0,222,7,3316,86,3538,93,0,1,-4,56,11,134,1,9,1
07-23-20,Dickson,461,32,461,32,0,0,591,38,6192,392,6783,430,0,0,19,114,13,347,1,27,2
07-23-20,Dyer,419,18,404,18,15,0,459,21,4403,166,4862,187,0,5,8,54,10,360,0,35,6
07-23-20,Fayette,536,8,532,8,4,0,675,10,8172,166,8847,176,0,8,-2,53,10,475,1,48,11
07-23-20,Fentress,52,3,52,3,0,0,56,3,1716,68,1772,71,0,0,-1,16,4,36,1,6,0
07-23-20,Franklin,187,9,185,9,2,0,221,7,4902,253,5123,260,0,3,4,39,5,145,0,11,4
07-23-20,Gibson,345,14,293,13,52,1,382,15,4902,166,5284,181,0,1,-2,79,16,265,0,17,1
07-23-20,Giles,260,12,260,12,0,0,290,12,3734,154,4024,166,0,4,0,95,12,161,0,19,8
07-23-20,Grainger,100,3,91,1,9,2,116,2,2231,61,2347,63,0,0,1,29,2,71,1,9,0
07-23-20,Greene,261,7,251,6,10,1,297,8,6118,116,6415,124,0,4,-4,53,11,204,0,21,5
07-23-20,Grundy,82,1,81,1,1,0,98,2,1214,34,1312,36,0,2,-1,8,2,72,0,15,2
07-23-20,Hamblen,864,40,835,38,29,2,947,50,8672,234,9619,284,0,6,14,146,26,712,3,56,10
07-23-20,Hamilton,4478,125,4465,125,13,0,5111,161,61442,2059,66553,2220,1,41,19,546,105,3891,8,215,45
07-23-20,Hancock,56,5,51,3,5,2,61,7,795,34,856,41,0,0,2,34,3,22,0,7,0
07-23-20,Hardeman,661,28,640,27,21,1,733,32,7517,68,8250,100,1,9,9,128,18,524,1,37,12
07-23-20,Hardin,279,10,267,5,12,5,317,11,4994,195,5311,206,0,7,1,61,9,211,0,15,8
07-23-20,Hawkins,176,10,173,10,3,0,210,12,4290,57,4500,69,0,2,5,46,5,128,1,19,2
07-23-20,Haywood,249,8,240,8,9,0,272,8,2329,57,2601,65,0,4,1,46,7,199,0,16,5
07-23-20,Henderson,276,24,223,21,53,3,299,28,2841,184,3140,212,0,0,7,117,17,159,1,11,0
07-23-20,Henry,92,6,90,6,2,0,114,9,3922,128,4036,137,0,1,2,26,4,65,1,12,0
07-23-20,Hickman,160,4,160,4,0,0,203,6,2458,57,2661,63,0,0,-3,34,7,126,0,4,0
07-23-20,Houston,43,3,43,3,0,0,49,3,979,37,1028,40,0,0,1,13,2,30,0,6,0
07-23-20,Humphreys,66,4,64,4,2,0,77,3,2120,111,2197,114,1,3,1,9,2,54,0,3,3
07-23-20,Jackson,112,3,112,3,0,0,128,3,1299,40,1427,43,0,0,-4,30,7,82,0,8,2
07-23-20,Jefferson,344,19,317,18,27,1,385,24,6240,287,6625,311,0,1,7,79,12,264,0,20,3
07-23-20,Johnson,59,3,57,3,2,0,62,3,2971,21,3033,24,0,0,1,10,2,49,0,5,0
07-23-20,Knox,3003,206,2924,197,79,9,3322,248,57847,2384,61169,2632,0,21,89,697,117,2285,4,180,25
07-23-20,Lake,701,1,699,1,2,0,871,1,4072,20,4943,21,0,0,-1,4,2,697,0,3,0
07-23-20,Lauderdale,304,11,300,11,4,0,337,10,5417,56,5754,66,1,6,-2,48,12,250,0,25,7
07-23-20,Lawrence,337,17,337,17,0,0,411,15,4754,110,5165,125,0,6,5,67,12,264,0,20,7
07-23-20,Lewis,27,0,27,0,0,0,30,1,1475,48,1505,49,0,0,-1,11,1,16,0,4,1
07-23-20,Lincoln,171,3,171,3,0,0,211,4,3321,49,3532,53,1,1,-9,40,11,130,1,8,1
07-23-20,Loudon,478,20,460,20,18,0,511,24,5569,197,6080,221,0,3,10,109,10,366,1,16,4
07-23-20,Macon,773,16,770,15,3,1,914,26,4039,131,4953,157,1,10,4,71,11,692,2,59,13
07-23-20,Madison,615,38,589,38,26,0,691,40,10562,396,11253,436,5,8,13,54,20,553,4,51,15
07-23-20,Marion,160,7,159,7,1,0,193,10,2519,77,2712,87,0,4,4,31,3,125,1,17,4
07-23-20,Marshall,193,11,193,11,0,0,225,13,3332,146,3557,159,0,2,2,39,9,152,1,13,2
07-23-20,Maury,789,33,787,33,2,0,933,52,8818,552,9751,604,0,4,18,209,15,576,0,37,4
07-23-20,McMinn,424,13,421,13,3,0,507,17,6668,299,7175,316,1,20,1,75,11,329,0,39,21
07-23-20,McNairy,209,12,199,11,10,1,225,9,2573,81,2798,90,0,1,9,48,3,160,4,19,4
07-23-20,Meigs,65,1,65,1,0,0,82,2,1285,36,1367,38,0,0,0,16,1,49,0,5,1
07-23-20,Monroe,262,16,253,16,9,0,300,18,3251,123,3551,141,0,7,15,69,1,186,2,25,5
07-23-20,Montgomery,1365,91,1356,91,9,0,1552,110,20055,1020,21607,1130,0,9,49,301,42,1055,2,73,10
07-23-20,Moore,39,0,39,0,0,0,46,0,755,21,801,21,0,0,-1,7,1,32,0,0,0
07-23-20,Morgan,58,0,58,0,0,0,67,1,4306,43,4373,44,0,1,-1,15,1,42,0,2,1
07-23-20,Obion,254,34,248,33,6,1,281,34,3658,188,3939,222,1,4,27,79,6,171,1,18,5
07-23-20,Out of State,1032,28,1028,26,4,2,1106,33,135967,2831,137073,2864,2,12,3,221,23,799,2,42,4
07-23-20,Overton,121,0,119,0,2,0,140,0,3097,42,3237,42,0,1,-5,11,5,109,0,6,1
07-23-20,Pending,185,10,183,9,2,1,217,10,93145,2253,93362,2263,1,3,3,55,6,127,0,1,0
07-23-20,Perry,56,2,56,2,0,0,67,3,1304,115,1371,118,0,0,0,6,2,50,0,3,0
07-23-20,Pickett,15,0,15,0,0,0,15,0,556,5,571,5,0,1,-1,6,1,8,0,0,1
07-23-20,Polk,106,3,105,3,1,0,116,5,1500,40,1616,45,0,0,-5,30,8,76,2,8,0
07-23-20,Putnam,1261,24,1255,24,6,0,1544,32,14544,326,16088,358,1,9,-1,200,24,1052,1,49,14
07-23-20,Rhea,420,8,420,8,0,0,472,10,4215,145,4687,155,0,1,3,50,5,369,2,11,1
07-23-20,Roane,215,20,204,20,11,0,251,29,7851,206,8102,235,0,0,10,81,10,134,3,18,0
07-23-20,Robertson,1234,28,1231,28,3,0,1539,46,8547,251,10086,297,1,16,6,148,21,1070,1,89,20
07-23-20,Rutherford,5169,148,5160,147,9,1,6215,194,37383,1419,43598,1613,2,45,29,844,117,4280,5,183,49
07-23-20,Scott,47,6,44,6,3,0,46,5,1710,61,1756,66,0,0,3,7,3,40,0,3,0
07-23-20,Sequatchie,88,3,88,3,0,0,107,5,2209,86,2316,91,0,0,3,22,0,66,0,4,0
07-23-20,Sevier,1317,30,1265,30,52,0,1419,41,13448,324,14867,365,0,4,-4,198,34,1115,2,48,5
07-23-20,Shelby,18172,423,18132,420,40,3,21822,560,192715,4090,214537,4650,3,260,31,2235,389,15677,30,1473,288
07-23-20,Smith,295,9,291,9,4,0,337,10,2664,45,3001,55,0,2,-4,73,13,220,1,15,3
07-23-20,Stewart,51,3,51,3,0,0,61,4,1200,38,1261,42,0,0,1,15,2,36,0,2,0
07-23-20,Sullivan,519,35,477,35,42,0,552,36,11723,449,12275,485,0,6,8,173,27,340,3,59,7
07-23-20,Sumner,2841,64,2828,64,13,0,3416,75,20525,551,23941,626,3,65,-11,480,72,2296,5,285,68
07-23-20,Tipton,928,25,919,25,9,0,1038,31,10675,199,11713,230,0,8,8,92,17,828,2,55,8
07-23-20,Trousdale,1558,9,1555,9,3,0,1617,11,2966,48,4583,59,0,6,9,22,0,1530,0,15,6
07-23-20,Unicoi,82,2,82,2,0,0,88,2,2323,39,2411,41,0,0,-1,10,3,72,0,3,0
07-23-20,Union,77,10,75,9,2,1,80,10,1789,110,1869,120,0,0,7,36,3,41,0,3,0
07-23-20,Van Buren,25,0,25,0,0,0,26,0,653,11,679,11,0,0,-2,8,2,17,0,2,0
07-23-20,Warren,267,6,267,6,0,0,299,12,5650,157,5949,169,0,3,-12,78,18,186,0,6,4
07-23-20,Washington,561,48,545,46,16,2,625,49,11761,381,12386,430,0,0,20,202,28,359,4,31,1
07-23-20,Wayne,176,5,176,5,0,0,190,5,3318,48,3508,53,0,0,-1,38,6,138,0,4,2
07-23-20,Weakley,141,14,136,12,5,2,147,14,3676,197,3823,211,0,1,11,39,3,101,1,7,3
07-23-20,White,156,9,154,9,2,0,188,12,3751,116,3939,128,0,3,0,33,9,120,1,11,3
07-23-20,Williamson,2719,57,2713,57,6,0,3209,88,33202,1013,36411,1101,2,21,-11,545,66,2153,1,79,19
07-23-20,Wilson,1798,41,1795,41,3,0,2150,50,18548,423,20698,473,1,20,-11,349,51,1429,0,75,20
07-22-20,Anderson,367,31,354,30,13,1,426,35,10885,127,11311,162,0,3,15,99,16,265,1,21,3
07-22-20,Bedford,718,11,717,11,1,0,856,16,5218,14,6074,30,0,10,3,57,8,651,0,27,10
07-22-20,Benton,31,2,28,2,3,0,34,2,1372,30,1406,32,0,1,0,12,2,18,0,3,1
07-22-20,Bledsoe,651,2,651,2,0,0,670,2,4139,12,4809,14,0,1,2,5,0,645,0,10,1
07-22-20,Blount,698,49,676,48,22,1,824,60,10803,124,11627,184,0,6,17,198,32,494,1,36,7
07-22-20,Bradley,1368,24,1350,24,18,0,1613,33,10429,103,12042,136,0,8,-14,185,38,1175,1,83,8
07-22-20,Campbell,121,4,114,4,7,0,137,4,4234,32,4371,36,0,1,0,36,4,84,0,9,1
07-22-20,Cannon,85,4,84,4,1,0,116,6,1606,30,1722,36,0,0,0,23,4,62,0,5,0
07-22-20,Carroll,97,11,83,8,14,3,97,13,2612,46,2709,59,0,2,7,25,4,70,1,10,2
07-22-20,Carter,270,12,260,12,10,0,293,13,5386,43,5679,56,0,2,-10,109,22,159,0,30,3
07-22-20,Cheatham,410,13,410,13,0,0,489,14,4831,83,5320,97,0,4,1,71,12,335,0,19,5
07-22-20,Chester,139,2,132,1,7,1,146,3,1301,15,1447,18,0,0,-5,24,7,115,0,6,1
07-22-20,Claiborne,138,5,132,3,6,2,151,3,3381,14,3532,17,0,0,-2,42,7,96,0,4,0
07-22-20,Clay,50,1,50,1,0,0,55,1,1081,9,1136,10,0,0,0,10,1,40,0,2,0
07-22-20,Cocke,264,16,252,16,12,0,281,19,3341,71,3622,90,0,1,7,80,9,183,0,11,1
07-22-20,Coffee,232,5,228,4,4,1,280,4,6478,23,6758,27,0,0,-2,62,7,170,0,8,0
07-22-20,Crockett,133,14,121,14,12,0,144,14,1286,13,1430,27,0,3,5,43,9,87,2,8,3
07-22-20,Cumberland,295,10,291,10,4,0,386,13,9823,184,10209,197,0,6,5,46,5,243,0,24,6
07-22-20,Davidson,17646,198,17621,197,25,1,21451,252,154719,1519,176170,1771,1,173,-243,2522,440,14951,7,773,187
07-22-20,Decatur,87,6,62,4,25,2,88,5,1538,35,1626,40,0,0,-2,38,8,49,0,6,0
07-22-20,Dekalb,184,3,184,3,0,0,215,3,3230,15,3445,18,0,1,-6,60,9,123,1,8,1
07-22-20,Dickson,429,12,429,12,0,0,553,14,5800,118,6353,132,0,0,2,95,10,334,1,26,2
07-22-20,Dyer,401,14,386,14,15,0,438,14,4237,43,4675,57,0,5,4,46,10,350,1,35,6
07-22-20,Fayette,528,17,524,17,4,0,665,24,8006,136,8671,160,1,8,3,55,13,465,0,47,11
07-22-20,Fentress,49,2,49,2,0,0,53,2,1648,8,1701,10,0,0,1,17,1,32,1,5,0
07-22-20,Franklin,178,7,176,7,2,0,214,7,4649,65,4863,72,0,3,1,35,6,140,1,11,4
07-22-20,Gibson,331,11,280,11,51,0,367,13,4736,52,5103,65,0,1,-5,81,16,249,1,17,1
07-22-20,Giles,248,9,248,9,0,0,278,8,3580,8,3858,16,2,4,-10,95,17,149,0,19,8
07-22-20,Grainger,97,4,90,3,7,1,114,7,2170,39,2284,46,0,0,2,28,2,69,0,8,0
07-22-20,Greene,254,7,245,7,9,0,289,7,6002,88,6291,95,0,4,-9,57,16,193,0,21,5
07-22-20,Grundy,81,1,80,1,1,0,96,1,1180,10,1276,11,0,2,1,9,0,70,0,15,2
07-22-20,Hamblen,824,44,797,42,27,2,897,47,8438,184,9335,231,0,6,9,132,35,686,0,53,10
07-22-20,Hamilton,4353,56,4340,56,13,0,4950,73,59383,497,64333,570,0,40,-72,527,128,3786,6,207,45
07-22-20,Hancock,51,2,48,1,3,1,54,1,761,18,815,19,0,0,0,32,2,19,0,7,0
07-22-20,Hardeman,633,28,613,28,20,0,701,31,7449,108,8150,139,1,8,4,119,23,506,2,36,11
07-22-20,Hardin,269,19,262,18,7,1,306,22,4799,185,5105,207,0,7,10,60,9,202,0,15,8
07-22-20,Hawkins,166,6,163,6,3,0,198,7,4233,26,4431,33,0,2,0,41,6,123,2,18,2
07-22-20,Haywood,241,17,232,17,9,0,264,18,2272,43,2536,61,0,4,11,45,6,192,2,16,4
07-22-20,Henderson,252,29,202,27,50,2,271,28,2657,88,2928,116,0,0,11,110,18,142,0,10,0
07-22-20,Henry,86,12,84,12,2,0,105,14,3794,52,3899,66,1,1,7,24,4,61,0,11,0
07-22-20,Hickman,156,3,156,3,0,0,197,5,2401,45,2598,50,0,0,-4,37,7,119,0,4,0
07-22-20,Houston,40,2,40,2,0,0,46,2,942,3,988,5,0,0,1,12,1,28,0,6,0
07-22-20,Humphreys,62,1,60,1,2,0,74,1,2009,8,2083,9,0,2,-5,8,6,52,0,3,2
07-22-20,Jackson,109,2,109,2,0,0,125,3,1259,21,1384,24,0,0,-2,34,4,75,1,8,2
07-22-20,Jefferson,325,22,299,22,26,0,361,24,5953,158,6314,182,0,1,12,72,10,252,2,20,2
07-22-20,Johnson,56,1,54,1,2,0,59,1,2950,14,3009,15,0,0,1,9,0,47,0,5,0
07-22-20,Knox,2797,68,2727,60,70,8,3074,63,55463,394,58537,457,3,21,-67,608,132,2168,3,176,24
07-22-20,Lake,700,0,698,0,2,0,870,0,4052,3,4922,3,0,0,0,5,0,695,0,3,0
07-22-20,Lauderdale,293,20,289,20,4,0,327,21,5361,61,5688,82,0,5,14,50,6,238,1,25,7
07-22-20,Lawrence,320,5,320,5,0,0,396,7,4644,30,5040,37,0,6,2,62,3,252,0,20,7
07-22-20,Lewis,27,3,27,3,0,0,29,3,1427,6,1456,9,0,0,3,12,0,15,0,4,0
07-22-20,Lincoln,168,6,168,6,0,0,207,8,3272,11,3479,19,0,0,0,49,6,119,0,7,1
07-22-20,Loudon,458,32,440,32,18,0,487,32,5372,93,5859,125,0,3,26,99,6,356,0,15,4
07-22-20,Macon,757,2,755,2,2,0,888,1,3908,9,4796,10,0,9,-11,67,13,681,0,57,11
07-22-20,Madison,577,16,551,16,26,0,651,15,10166,47,10817,62,0,3,-8,41,24,533,1,47,12
07-22-20,Marion,153,5,152,5,1,0,183,4,2442,19,2625,23,0,4,-4,27,9,122,0,16,4
07-22-20,Marshall,182,3,182,3,0,0,212,4,3186,9,3398,13,0,2,-4,37,7,143,0,12,2
07-22-20,Maury,756,33,754,33,2,0,881,31,8266,131,9147,162,0,4,13,191,20,561,1,37,4
07-22-20,McMinn,411,7,408,7,3,0,490,6,6369,21,6859,27,0,19,-5,74,12,318,0,39,21
07-22-20,McNairy,197,14,188,14,9,0,216,16,2492,90,2708,106,0,1,7,39,7,157,1,15,4
07-22-20,Meigs,64,1,64,1,0,0,80,0,1249,9,1329,9,0,0,-2,16,3,48,0,5,0
07-22-20,Monroe,246,6,237,6,9,0,282,6,3128,44,3410,50,0,7,-1,54,7,185,1,23,5
07-22-20,Montgomery,1274,24,1265,24,9,0,1442,28,19035,201,20477,229,0,9,-34,252,58,1013,0,71,10
07-22-20,Moore,39,0,39,0,0,0,46,0,734,3,780,3,0,0,-2,8,2,31,0,0,0
07-22-20,Morgan,58,8,58,8,0,0,66,8,4263,41,4329,49,0,1,3,16,5,41,0,2,1
07-22-20,Obion,220,20,215,20,5,0,247,21,3470,43,3717,64,0,3,12,52,8,165,0,17,5
07-22-20,Out of State,1004,19,1002,19,2,0,1073,22,133136,1653,134209,1675,0,10,-15,218,34,776,0,40,4
07-22-20,Overton,121,2,119,2,2,0,140,4,3055,57,3195,61,0,1,-1,16,3,104,0,6,1
07-22-20,Pending,175,5,174,5,1,0,207,8,90892,1904,91099,1912,1,2,-13,52,17,121,0,1,0
07-22-20,Perry,54,0,54,0,0,0,64,0,1189,10,1253,10,0,0,-4,6,4,48,0,3,0
07-22-20,Pickett,15,2,15,2,0,0,15,2,551,3,566,5,0,1,2,7,0,7,0,0,1
07-22-20,Polk,103,6,102,6,1,0,111,6,1460,10,1571,16,0,0,1,35,5,68,0,6,0
07-22-20,Putnam,1237,32,1231,31,6,1,1512,41,14218,358,15730,399,0,8,7,201,25,1028,1,48,11
07-22-20,Rhea,412,2,412,2,0,0,462,3,4070,15,4532,18,1,1,-42,47,43,364,0,9,1
07-22-20,Roane,195,27,184,27,11,0,222,29,7645,167,7867,196,0,0,14,71,13,124,1,15,0
07-22-20,Robertson,1206,8,1203,8,3,0,1493,7,8296,32,9789,39,0,15,-23,142,31,1049,3,88,20
07-22-20,Rutherford,5021,164,5013,164,8,0,6021,186,35964,743,41985,929,0,43,28,815,136,4163,3,178,49
07-22-20,Scott,41,1,38,1,3,0,41,2,1649,30,1690,32,0,0,-3,4,4,37,0,3,0
07-22-20,Sequatchie,85,4,85,4,0,0,102,5,2123,7,2225,12,0,0,2,19,2,66,0,4,0
07-22-20,Sevier,1287,92,1235,92,52,0,1378,98,13124,369,14502,467,0,4,62,202,30,1081,2,46,4
07-22-20,Shelby,17749,368,17712,368,37,0,21262,434,188625,2107,209887,2541,5,257,-69,2204,432,15288,27,1443,284
07-22-20,Smith,286,13,282,13,4,0,327,18,2619,73,2946,91,0,2,5,77,8,207,1,14,3
07-22-20,Stewart,48,1,48,1,0,0,57,1,1162,6,1219,7,0,0,0,14,1,34,0,2,0
07-22-20,Sullivan,484,23,442,23,42,0,516,26,11274,166,11790,192,0,6,-20,165,43,313,5,56,7
07-22-20,Sumner,2777,50,2764,50,13,0,3341,58,19974,281,23315,339,0,62,-34,491,84,2224,1,280,68
07-22-20,Tipton,903,39,894,39,9,0,1007,45,10476,179,11483,224,0,8,26,84,13,811,2,53,8
07-22-20,Trousdale,1549,0,1546,0,3,0,1606,0,2918,13,4524,13,0,6,-5,13,5,1530,0,15,6
07-22-20,Unicoi,80,2,80,2,0,0,86,3,2284,2,2370,5,0,0,1,11,1,69,0,3,0
07-22-20,Union,67,2,66,1,1,1,70,2,1679,5,1749,7,0,0,-1,29,3,38,1,3,0
07-22-20,Van Buren,25,4,25,4,0,0,26,4,642,5,668,9,0,0,3,10,1,15,0,2,0
07-22-20,Warren,261,6,261,6,0,0,287,7,5493,63,5780,70,0,3,-15,90,21,168,0,6,4
07-22-20,Washington,513,10,499,10,14,0,576,13,11380,79,11956,92,0,0,-7,182,17,331,1,27,1
07-22-20,Wayne,171,4,171,4,0,0,185,6,3270,17,3455,23,0,0,-5,39,9,132,0,4,2
07-22-20,Weakley,127,7,124,7,3,0,133,7,3479,53,3612,60,0,1,1,28,6,98,1,6,3
07-22-20,White,147,7,145,7,2,0,176,8,3635,72,3811,80,0,3,-4,33,11,111,0,10,3
07-22-20,Williamson,2662,49,2656,49,6,0,3121,55,32189,206,35310,261,1,19,-37,556,85,2087,1,78,19
07-22-20,Wilson,1757,29,1754,29,3,0,2100,37,18125,295,20225,332,0,19,-12,360,41,1378,2,75,20
07-21-20,Anderson,336,23,324,22,12,1,391,23,10758,304,11149,327,0,3,12,84,11,249,1,20,3
07-21-20,Bedford,707,9,706,9,1,0,840,12,5204,88,6044,100,0,10,-4,54,13,643,0,27,10
07-21-20,Benton,29,1,26,1,3,0,32,1,1342,8,1374,9,0,1,1,12,0,16,0,3,1
07-21-20,Bledsoe,649,1,649,1,0,0,668,2,4127,36,4795,38,0,1,0,3,1,645,0,10,1
07-21-20,Blount,649,80,628,79,21,1,764,105,10679,343,11443,448,-1,6,50,181,31,462,3,35,6
07-21-20,Bradley,1344,53,1326,53,18,0,1580,70,10326,332,11906,402,1,8,3,199,49,1137,4,82,8
07-21-20,Campbell,117,12,110,10,7,2,133,13,4202,71,4335,84,0,1,10,36,2,80,1,9,1
07-21-20,Cannon,81,7,80,7,1,0,110,7,1576,106,1686,113,0,0,4,23,3,58,0,5,0
07-21-20,Carroll,86,6,75,6,11,0,84,4,2566,49,2650,53,0,2,5,18,1,66,0,9,2
07-21-20,Carter,258,27,248,27,10,0,280,34,5343,217,5623,251,0,2,17,119,10,137,1,30,2
07-21-20,Cheatham,397,17,397,17,0,0,475,21,4748,134,5223,155,0,4,3,70,14,323,0,19,5
07-21-20,Chester,137,4,131,4,6,0,143,5,1286,17,1429,22,0,0,-8,29,12,108,0,6,1
07-21-20,Claiborne,133,14,129,13,4,1,148,14,3367,202,3515,216,0,0,7,44,7,89,0,4,0
07-21-20,Clay,49,7,49,7,0,0,54,8,1072,21,1126,29,0,0,7,10,0,39,1,2,0
07-21-20,Cocke,248,15,236,15,12,0,262,17,3270,49,3532,66,0,1,7,73,8,174,1,11,1
07-21-20,Coffee,227,21,224,21,3,0,276,22,6455,311,6731,333,0,0,13,64,8,163,0,8,0
07-21-20,Crockett,119,2,107,2,12,0,130,3,1273,35,1403,38,0,3,-3,38,5,78,1,6,3
07-21-20,Cumberland,285,5,281,5,4,0,373,6,9639,160,10012,166,0,6,-1,41,6,238,1,24,6
07-21-20,Davidson,17448,591,17424,591,24,0,21199,796,153200,5835,174399,6631,6,172,95,2765,490,14511,18,766,181
07-21-20,Decatur,81,11,58,11,23,0,83,12,1503,62,1586,74,0,0,5,40,6,41,3,6,0
07-21-20,Dekalb,181,19,181,19,0,0,212,19,3215,162,3427,181,0,1,9,66,10,114,0,7,1
07-21-20,Dickson,417,18,417,18,0,0,539,27,5682,101,6221,128,0,0,3,93,15,324,1,25,1
07-21-20,Dyer,387,9,372,9,15,0,424,10,4194,40,4618,50,1,5,-5,42,13,340,0,34,5
07-21-20,Fayette,511,13,507,12,4,1,641,16,7870,140,8511,156,0,7,-7,52,20,452,1,47,11
07-21-20,Fentress,47,2,47,2,0,0,51,2,1640,14,1691,16,0,0,0,16,2,31,0,4,0
07-21-20,Franklin,171,6,169,6,2,0,207,9,4584,121,4791,130,0,3,-4,34,10,134,0,10,4
07-21-20,Gibson,320,10,269,8,51,2,354,14,4684,89,5038,103,0,1,2,86,8,233,0,16,1
07-21-20,Giles,239,13,239,13,0,0,270,18,3572,129,3842,147,0,2,0,105,13,132,1,19,4
07-21-20,Grainger,93,7,87,6,6,1,107,8,2131,88,2238,96,0,0,5,26,2,67,0,8,0
07-21-20,Greene,247,8,238,8,9,0,282,15,5914,142,6196,157,1,4,2,66,5,177,0,21,5
07-21-20,Grundy,80,1,79,1,1,0,95,2,1170,25,1265,27,0,2,0,8,1,70,0,15,2
07-21-20,Hamblen,780,65,755,65,25,0,850,80,8254,268,9104,348,0,6,28,123,37,651,2,53,9
07-21-20,Hamilton,4297,154,4284,154,13,0,4877,189,58886,2445,63763,2634,0,40,-4,599,158,3658,9,201,44
07-21-20,Hancock,49,13,47,13,2,0,53,13,743,45,796,58,0,0,12,32,1,17,2,7,0
07-21-20,Hardeman,605,34,585,34,20,0,670,35,7341,76,8011,111,0,7,15,115,19,483,0,34,11
07-21-20,Hardin,250,35,244,35,6,0,284,37,4614,99,4898,136,0,7,19,50,16,193,1,15,8
07-21-20,Hawkins,160,9,157,9,3,0,191,12,4207,53,4398,65,0,2,-4,41,13,117,2,16,2
07-21-20,Haywood,224,16,215,15,9,1,246,17,2229,102,2475,119,0,4,-3,34,19,186,0,14,4
07-21-20,Henderson,223,26,175,23,48,3,243,31,2569,97,2812,128,0,0,11,99,15,124,0,10,0
07-21-20,Henry,74,7,72,6,2,1,91,8,3742,69,3833,77,0,0,4,17,3,57,1,11,0
07-21-20,Hickman,153,7,153,7,0,0,192,9,2356,59,2548,68,0,0,7,41,0,112,1,4,0
07-21-20,Houston,38,2,38,2,0,0,44,2,939,30,983,32,0,0,1,11,1,27,0,6,0
07-21-20,Humphreys,61,1,59,1,2,0,73,2,2001,71,2074,73,0,2,-2,13,3,46,0,3,2
07-21-20,Jackson,107,3,107,3,0,0,122,3,1238,6,1360,9,0,0,0,36,3,71,0,7,2
07-21-20,Jefferson,303,21,277,21,26,0,337,28,5795,132,6132,160,0,1,6,60,15,242,0,18,2
07-21-20,Johnson,55,0,53,0,2,0,58,0,2936,23,2994,23,0,0,0,8,0,47,0,5,0
07-21-20,Knox,2729,229,2667,225,62,4,3011,285,55069,1750,58080,2035,0,18,116,675,113,2036,12,173,24
07-21-20,Lake,700,2,698,2,2,0,870,3,4049,18,4919,21,0,0,1,5,1,695,0,3,0
07-21-20,Lauderdale,273,14,269,14,4,0,306,17,5300,97,5606,114,0,5,-8,36,22,232,1,24,7
07-21-20,Lawrence,315,12,315,12,0,0,389,13,4614,115,5003,128,0,6,-1,60,13,249,0,20,6
07-21-20,Lewis,24,2,24,2,0,0,26,3,1421,38,1447,41,0,0,1,9,1,15,0,4,0
07-21-20,Lincoln,162,10,162,10,0,0,199,12,3261,127,3460,139,0,0,-4,49,14,113,0,7,0
07-21-20,Loudon,426,9,408,9,18,0,455,14,5279,132,5734,146,0,3,-4,73,13,350,1,15,4
07-21-20,Macon,755,12,753,12,2,0,887,18,3899,172,4786,190,1,9,-17,78,28,668,1,57,11
07-21-20,Madison,561,12,535,12,26,0,636,15,10119,177,10755,192,1,3,-7,49,18,509,0,46,11
07-21-20,Marion,148,8,147,8,1,0,179,8,2423,63,2602,71,0,4,-1,31,9,113,1,16,4
07-21-20,Marshall,179,6,179,6,0,0,208,7,3177,90,3385,97,0,2,-1,41,7,136,0,12,2
07-21-20,Maury,723,35,721,35,2,0,850,42,8135,265,8985,307,0,4,14,178,21,541,2,36,4
07-21-20,McMinn,404,17,401,17,3,0,484,19,6348,149,6832,168,0,19,-2,79,19,306,0,39,21
07-21-20,McNairy,183,14,174,13,9,1,200,16,2402,81,2602,97,0,1,5,32,9,150,1,14,3
07-21-20,Meigs,63,5,63,5,0,0,80,6,1240,39,1320,45,0,0,2,18,3,45,0,5,0
07-21-20,Monroe,240,32,231,32,9,0,276,39,3084,102,3360,141,0,7,29,55,3,178,5,22,5
07-21-20,Montgomery,1250,33,1241,33,9,0,1414,38,18834,249,20248,287,1,9,-19,286,51,955,3,71,9
07-21-20,Moore,39,3,39,3,0,0,46,3,731,14,777,17,0,0,2,10,1,29,0,0,0
07-21-20,Morgan,50,2,50,2,0,0,58,2,4222,34,4280,36,0,1,1,13,1,36,0,2,1
07-21-20,Obion,200,11,195,11,5,0,226,13,3427,96,3653,109,0,3,6,40,5,157,2,17,5
07-21-20,Out of State,985,49,983,49,2,0,1051,53,131483,2765,132534,2818,1,10,18,233,30,742,1,40,4
07-21-20,Overton,119,4,117,4,2,0,136,5,2998,57,3134,62,0,1,3,17,1,101,1,6,1
07-21-20,Pending,170,17,169,17,1,0,199,22,88988,8540,89187,8562,0,1,10,65,7,104,1,1,0
07-21-20,Perry,54,3,54,3,0,0,64,3,1179,26,1243,29,0,0,2,10,1,44,0,3,0
07-21-20,Pickett,13,1,13,1,0,0,13,1,548,0,561,1,0,1,0,5,1,7,0,0,1
07-21-20,Polk,97,14,96,14,1,0,105,11,1450,43,1555,54,0,0,12,34,2,63,1,6,0
07-21-20,Putnam,1205,23,1200,23,5,0,1471,30,13860,325,15331,355,1,8,1,194,21,1003,2,47,11
07-21-20,Rhea,410,11,410,11,0,0,459,15,4055,86,4514,101,0,0,6,89,5,321,0,9,1
07-21-20,Roane,168,20,157,19,11,1,193,22,7478,227,7671,249,0,0,13,57,7,111,2,14,0
07-21-20,Robertson,1198,34,1195,34,3,0,1486,48,8264,148,9750,196,1,15,5,165,28,1018,4,85,19
07-21-20,Rutherford,4857,132,4849,132,8,0,5835,162,35221,877,41056,1039,2,43,-7,787,137,4027,3,175,49
07-21-20,Scott,40,1,37,1,3,0,39,3,1619,33,1658,36,0,0,-1,7,2,33,0,3,0
07-21-20,Sequatchie,81,6,81,6,0,0,97,4,2116,72,2213,76,0,0,2,17,4,64,0,4,0
07-21-20,Sevier,1195,56,1143,54,52,2,1280,63,12755,253,14035,316,0,4,22,140,34,1051,1,44,4
07-21-20,Shelby,17381,493,17344,492,37,1,20828,601,186518,2527,207346,3128,7,252,2,2273,484,14856,41,1416,282
07-21-20,Smith,273,30,269,30,4,0,309,31,2546,92,2855,123,0,2,17,72,13,199,1,13,3
07-21-20,Stewart,47,1,47,1,0,0,56,2,1156,34,1212,36,0,0,-4,14,5,33,0,2,0
07-21-20,Sullivan,461,30,419,26,42,4,490,40,11108,214,11598,254,0,6,4,185,26,270,1,51,7
07-21-20,Sumner,2727,119,2714,119,13,0,3283,139,19693,587,22976,726,1,62,31,525,87,2140,3,279,65
07-21-20,Tipton,864,26,855,26,9,0,962,31,10297,222,11259,253,0,8,12,58,14,798,1,51,8
07-21-20,Trousdale,1549,0,1546,0,3,0,1606,1,2905,50,4511,51,0,6,-5,18,5,1525,0,15,6
07-21-20,Unicoi,78,9,78,9,0,0,83,8,2282,55,2365,63,0,0,6,10,3,68,0,3,0
07-21-20,Union,65,7,65,7,0,0,68,8,1674,61,1742,69,0,0,2,30,5,35,0,2,0
07-21-20,Van Buren,21,2,21,2,0,0,22,2,637,16,659,18,0,0,0,7,2,14,1,2,0
07-21-20,Warren,255,14,255,14,0,0,280,16,5430,303,5710,319,0,3,1,105,13,147,0,6,3
07-21-20,Washington,503,50,489,50,14,0,563,62,11301,378,11864,440,0,0,28,189,22,314,3,26,0
07-21-20,Wayne,167,7,167,7,0,0,179,8,3253,34,3432,42,0,0,1,44,6,123,0,4,2
07-21-20,Weakley,120,3,117,3,3,0,126,3,3426,32,3552,35,0,1,-4,27,7,92,0,5,2
07-21-20,White,140,5,138,5,2,0,168,6,3563,93,3731,99,0,3,-2,37,7,100,1,10,3
07-21-20,Williamson,2613,77,2607,77,6,0,3066,103,31983,600,35049,703,0,18,-10,593,87,2002,1,77,19
07-21-20,Wilson,1728,51,1725,51,3,0,2063,63,17830,423,19893,486,0,19,10,372,41,1337,1,73,20
07-20-20,Anderson,313,28,302,28,11,0,368,30,10454,168,10822,198,1,3,9,72,18,238,0,19,3
07-20-20,Bedford,698,2,697,2,1,0,828,2,5116,17,5944,19,0,10,-19,58,21,630,0,27,10
07-20-20,Benton,28,2,25,2,3,0,31,2,1334,29,1365,31,0,1,1,11,1,16,0,3,1
07-20-20,Bledsoe,648,1,648,1,0,0,666,1,4091,10,4757,11,0,1,0,3,1,644,0,10,1
07-20-20,Blount,569,42,549,38,20,4,659,37,10336,206,10995,243,1,7,-3,131,44,431,2,32,6
07-20-20,Bradley,1291,18,1273,18,18,0,1510,12,9994,33,11504,45,0,7,-26,196,44,1088,1,78,8
07-20-20,Campbell,105,2,100,2,5,0,120,1,4131,100,4251,101,0,1,0,26,2,78,0,8,1
07-20-20,Cannon,74,2,73,2,1,0,103,2,1470,18,1573,20,0,0,0,19,2,55,0,5,0
07-20-20,Carroll,80,4,69,2,11,2,80,4,2517,47,2597,51,0,2,0,13,4,65,0,9,2
07-20-20,Carter,231,4,221,4,10,0,246,6,5126,19,5372,25,0,2,-9,102,13,127,3,29,2
07-20-20,Cheatham,380,6,380,6,0,0,454,6,4614,26,5068,32,0,4,-14,67,20,309,0,19,5
07-20-20,Chester,133,4,127,3,6,1,138,6,1269,28,1407,34,0,0,-4,37,8,96,0,6,1
07-20-20,Claiborne,119,2,116,2,3,0,134,2,3165,21,3299,23,0,0,-7,37,9,82,0,4,0
07-20-20,Clay,42,1,42,1,0,0,46,1,1051,19,1097,20,0,0,0,3,1,39,0,1,0
07-20-20,Cocke,233,14,221,12,12,2,245,11,3221,57,3466,68,0,1,-1,66,15,166,0,10,1
07-20-20,Coffee,206,1,203,1,3,0,254,1,6144,22,6398,23,0,0,-8,51,9,155,0,8,0
07-20-20,Crockett,117,9,105,7,12,2,127,9,1238,22,1365,31,0,3,-2,41,11,73,0,5,3
07-20-20,Cumberland,280,14,276,14,4,0,367,17,9479,204,9846,221,0,6,2,42,12,232,0,23,6
07-20-20,Davidson,16857,120,16833,119,24,1,20403,180,147365,936,167768,1116,0,166,-414,2670,534,14021,3,748,181
07-20-20,Decatur,70,10,47,9,23,1,71,9,1441,15,1512,24,0,0,9,35,1,35,0,3,0
07-20-20,Dekalb,162,20,162,20,0,0,193,21,3053,143,3246,164,0,1,15,57,5,104,0,7,1
07-20-20,Dickson,399,2,399,2,0,0,512,2,5581,68,6093,70,0,0,-20,90,22,309,0,24,1
07-20-20,Dyer,378,6,363,5,15,1,414,5,4154,43,4568,48,1,4,-7,47,12,327,1,34,5
07-20-20,Fayette,498,16,495,16,3,0,625,17,7730,98,8355,115,0,7,-16,59,32,432,0,46,11
07-20-20,Fentress,45,3,45,3,0,0,49,3,1626,49,1675,52,0,0,2,16,1,29,0,4,0
07-20-20,Franklin,165,0,163,0,2,0,198,0,4463,7,4661,7,0,3,-9,38,9,124,0,10,4
07-20-20,Gibson,310,14,261,10,49,4,340,14,4595,86,4935,100,0,1,-14,84,28,225,0,16,1
07-20-20,Giles,226,9,226,9,0,0,252,10,3443,16,3695,26,0,2,1,105,8,119,2,18,4
07-20-20,Grainger,86,14,81,14,5,0,99,14,2043,35,2142,49,0,0,11,21,3,65,0,8,0
07-20-20,Greene,239,8,230,7,9,1,267,4,5772,36,6039,40,0,3,-8,64,16,172,1,21,5
07-20-20,Grundy,79,2,78,2,1,0,93,2,1145,2,1238,4,0,2,2,8,0,69,2,15,2
07-20-20,Hamblen,715,44,690,44,25,0,770,48,7986,170,8756,218,0,6,0,95,44,614,5,51,8
07-20-20,Hamilton,4143,19,4130,19,13,0,4688,21,56441,80,61129,101,0,40,-145,603,164,3500,4,192,44
07-20-20,Hancock,36,1,34,1,2,0,40,1,698,3,738,4,0,0,-3,20,4,16,0,5,0
07-20-20,Hardeman,571,14,551,12,20,2,635,15,7265,86,7900,101,0,7,-9,100,23,464,0,34,10
07-20-20,Hardin,215,12,209,12,6,0,247,12,4515,96,4762,108,0,7,-1,31,13,177,0,14,7
07-20-20,Hawkins,151,6,148,6,3,0,179,4,4154,84,4333,88,0,2,-1,45,7,104,0,14,2
07-20-20,Haywood,208,7,200,6,8,1,229,7,2127,37,2356,44,0,4,-1,37,8,167,0,14,4
07-20-20,Henderson,197,27,152,22,45,5,212,28,2472,80,2684,108,0,0,17,88,10,109,2,10,0
07-20-20,Henry,67,5,66,5,1,0,83,5,3673,46,3756,51,0,0,3,13,2,54,0,10,0
07-20-20,Hickman,146,3,146,3,0,0,183,3,2297,4,2480,7,0,0,-3,34,6,112,0,3,0
07-20-20,Houston,36,2,36,2,0,0,42,2,909,1,951,3,0,0,1,10,1,26,0,6,0
07-20-20,Humphreys,60,0,58,0,2,0,71,0,1930,9,2001,9,0,2,-1,15,1,43,0,3,2
07-20-20,Jackson,104,12,104,12,0,0,119,16,1232,46,1351,62,0,0,4,36,8,68,0,7,2
07-20-20,Jefferson,282,11,256,11,26,0,309,9,5663,39,5972,48,0,1,-1,54,12,227,1,18,2
07-20-20,Johnson,55,0,53,0,2,0,58,0,2913,2,2971,2,0,0,-2,8,2,47,0,5,0
07-20-20,Knox,2500,73,2442,69,58,4,2726,50,53319,336,56045,386,0,18,-60,559,133,1923,4,161,23
07-20-20,Lake,698,0,696,0,2,0,867,0,4031,9,4898,9,0,0,0,4,0,694,0,3,0
07-20-20,Lauderdale,259,7,255,7,4,0,289,7,5203,44,5492,51,0,5,1,44,6,210,1,23,7
07-20-20,Lawrence,303,12,303,12,0,0,376,11,4499,28,4875,39,0,6,-10,61,22,236,1,20,6
07-20-20,Lewis,22,0,22,0,0,0,23,0,1383,3,1406,3,0,0,-1,8,1,14,0,4,0
07-20-20,Lincoln,152,1,152,1,0,0,187,1,3134,4,3321,5,0,0,-9,53,10,99,0,7,0
07-20-20,Loudon,417,20,399,20,18,0,441,18,5147,79,5588,97,0,3,11,77,9,337,1,14,4
07-20-20,Macon,743,11,741,11,2,0,869,20,3727,63,4596,83,0,8,-5,95,16,640,1,56,11
07-20-20,Madison,549,18,523,18,26,0,621,20,9942,77,10563,97,0,2,-4,56,22,491,0,46,9
07-20-20,Marion,140,3,139,3,1,0,171,3,2360,2,2531,5,0,4,-2,32,5,104,0,15,4
07-20-20,Marshall,173,2,173,2,0,0,201,2,3087,17,3288,19,0,2,-5,42,7,129,0,12,2
07-20-20,Maury,688,15,686,15,2,0,808,14,7870,66,8678,80,0,4,-15,164,30,520,1,34,4
07-20-20,McMinn,387,3,384,3,3,0,465,3,6199,27,6664,30,0,19,-12,81,15,287,0,39,21
07-20-20,McNairy,169,11,161,9,8,2,184,10,2321,65,2505,75,0,1,-11,27,22,141,1,13,1
07-20-20,Meigs,58,0,58,0,0,0,74,0,1201,1,1275,1,0,0,-5,16,5,42,0,5,0
07-20-20,Monroe,208,15,199,15,9,0,237,19,2982,23,3219,42,0,7,8,26,7,175,1,17,5
07-20-20,Montgomery,1217,5,1208,5,9,0,1376,6,18585,43,19961,49,0,8,-63,305,68,904,0,68,9
07-20-20,Moore,36,0,36,0,0,0,43,0,717,1,760,1,0,0,-2,8,2,28,0,0,0
07-20-20,Morgan,48,2,48,2,0,0,56,2,4188,27,4244,29,0,1,0,12,2,35,0,2,1
07-20-20,Obion,189,13,184,13,5,0,213,12,3331,38,3544,50,0,3,1,34,12,152,0,15,5
07-20-20,Out of State,936,4,934,4,2,0,998,4,128718,305,129716,309,0,9,-36,215,40,712,0,39,4
07-20-20,Overton,115,3,113,3,2,0,131,6,2941,131,3072,137,0,1,-2,14,5,100,0,5,1
07-20-20,Pending,153,4,152,4,1,0,177,5,80448,294,80625,299,0,1,-4,55,8,97,0,0,0
07-20-20,Perry,51,2,51,2,0,0,61,2,1153,5,1214,7,0,0,-1,8,3,43,0,3,0
07-20-20,Pickett,12,2,12,2,0,0,12,2,548,8,560,10,0,1,2,5,0,6,0,0,1
07-20-20,Polk,83,0,82,0,1,0,94,0,1407,2,1501,2,0,0,-5,22,5,61,0,5,0
07-20-20,Putnam,1182,25,1177,25,5,0,1441,32,13535,325,14976,357,0,7,-8,193,33,982,1,45,9
07-20-20,Rhea,399,1,399,1,0,0,444,0,3969,9,4413,9,0,0,-13,83,14,316,0,9,0
07-20-20,Roane,148,19,138,17,10,2,171,17,7251,153,7422,170,0,0,5,44,14,104,0,12,0
07-20-20,Robertson,1164,6,1161,6,3,0,1438,6,8116,25,9554,31,0,14,-23,160,29,990,0,81,19
07-20-20,Rutherford,4725,59,4717,59,8,0,5673,70,34344,307,40017,377,0,41,-98,794,157,3890,0,172,48
07-20-20,Scott,39,2,36,2,3,0,36,2,1586,27,1622,29,0,0,-1,8,3,31,1,3,0
07-20-20,Sequatchie,75,1,75,1,0,0,93,1,2044,3,2137,4,0,0,-1,15,2,60,0,4,0
07-20-20,Sevier,1139,25,1089,25,50,0,1217,25,12502,107,13719,132,0,4,-8,118,33,1017,1,43,4
07-20-20,Shelby,16888,92,16852,92,36,0,20227,112,183991,720,204218,832,0,245,-348,2271,440,14372,2,1375,282
07-20-20,Smith,243,10,239,10,4,0,278,16,2454,75,2732,91,0,2,-1,55,11,186,0,12,2
07-20-20,Stewart,46,1,46,1,0,0,54,1,1122,3,1176,4,0,0,0,18,1,28,0,2,0
07-20-20,Sullivan,431,25,393,25,38,0,450,26,10894,228,11344,254,0,6,2,181,23,244,3,50,7
07-20-20,Sumner,2608,24,2595,24,13,0,3144,27,19106,112,22250,139,1,61,-88,494,111,2053,0,276,65
07-20-20,Tipton,838,11,829,11,9,0,931,13,10075,94,11006,107,0,8,-9,46,20,784,1,50,8
07-20-20,Trousdale,1549,4,1546,4,3,0,1605,5,2855,6,4460,11,0,6,-4,23,8,1520,0,15,6
07-20-20,Unicoi,69,1,69,1,0,0,75,0,2227,3,2302,3,0,0,-4,4,5,65,0,3,0
07-20-20,Union,58,6,58,6,0,0,60,5,1613,22,1673,27,0,0,4,28,2,30,0,2,0
07-20-20,Van Buren,19,0,19,0,0,0,20,0,621,25,641,25,0,0,-3,7,3,12,0,1,0
07-20-20,Warren,241,20,241,20,0,0,264,24,5127,348,5391,372,0,3,1,104,19,134,0,6,3
07-20-20,Washington,453,14,439,12,14,2,501,12,10923,89,11424,101,0,0,-9,161,23,292,1,23,0
07-20-20,Wayne,160,4,160,4,0,0,171,4,3219,11,3390,15,0,0,-5,43,9,117,1,4,0
07-20-20,Weakley,117,7,114,7,3,0,123,8,3394,69,3517,77,0,1,5,31,2,85,0,5,2
07-20-20,White,135,9,133,9,2,0,162,9,3470,102,3632,111,0,3,4,39,5,93,1,9,3
07-20-20,Williamson,2536,37,2530,37,6,0,2963,45,31383,252,34346,297,0,18,-68,603,105,1915,2,76,18
07-20-20,Wilson,1677,32,1674,32,3,0,2000,40,17407,174,19407,214,0,19,-37,362,69,1296,2,72,19
07-19-20,Anderson,285,8,274,8,11,0,338,9,10286,80,10624,89,0,2,-5,63,13,220,2,19,3
07-19-20,Bedford,696,13,695,13,1,0,826,16,5099,104,5925,120,0,10,7,77,6,609,0,27,10
07-19-20,Benton,26,2,23,2,3,0,29,2,1305,16,1334,18,0,1,1,10,1,15,0,3,1
07-19-20,Bledsoe,647,0,647,0,0,0,665,1,4081,25,4746,26,0,1,-2,3,2,643,0,10,1
07-19-20,Blount,527,16,511,15,16,1,622,16,10130,141,10752,157,0,6,-11,134,27,387,0,30,6
07-19-20,Bradley,1273,33,1255,33,18,0,1498,53,9961,230,11459,283,0,7,2,222,31,1044,0,77,8
07-19-20,Campbell,103,6,98,6,5,0,119,6,4031,108,4150,114,0,1,4,26,2,76,0,8,1
07-19-20,Cannon,72,1,71,1,1,0,101,1,1452,30,1553,31,0,0,-1,19,2,53,0,5,0
07-19-20,Carroll,76,2,67,2,9,0,76,2,2470,31,2546,33,0,2,-1,13,3,61,0,9,2
07-19-20,Carter,227,31,217,31,10,0,240,32,5107,161,5347,193,0,2,20,111,11,114,6,26,2
07-19-20,Cheatham,374,7,374,7,0,0,448,12,4588,44,5036,56,0,4,-1,81,8,289,0,19,5
07-19-20,Chester,129,4,124,4,5,0,132,5,1241,22,1373,27,0,0,-4,41,8,88,0,6,1
07-19-20,Claiborne,117,3,114,3,3,0,132,3,3144,40,3276,43,0,0,0,44,3,73,0,4,0
07-19-20,Clay,41,1,41,1,0,0,45,2,1032,41,1077,43,0,0,0,3,1,38,0,1,0
07-19-20,Cocke,219,5,209,5,10,0,234,7,3164,58,3398,65,0,1,-4,67,9,151,0,10,1
07-19-20,Coffee,205,12,202,12,3,0,253,16,6122,197,6375,213,0,0,9,59,3,146,0,8,0
07-19-20,Crockett,108,4,98,4,10,0,118,6,1216,16,1334,22,0,3,0,43,4,62,0,5,3
07-19-20,Cumberland,266,3,262,3,4,0,350,4,9275,59,9625,63,0,6,-1,40,4,220,0,23,6
07-19-20,Davidson,16737,220,16714,220,23,0,20223,305,146429,2108,166652,2413,0,166,-128,3084,348,13487,10,745,178
07-19-20,Decatur,60,3,38,2,22,1,62,3,1426,29,1488,32,0,0,-2,26,5,34,0,3,0
07-19-20,Dekalb,142,6,142,6,0,0,172,6,2910,19,3082,25,1,1,-2,42,7,99,0,7,1
07-19-20,Dickson,397,11,397,11,0,0,510,14,5513,133,6023,147,0,0,1,110,10,287,0,24,1
07-19-20,Dyer,372,5,358,5,14,0,409,6,4111,50,4520,56,0,3,-3,54,8,315,0,33,5
07-19-20,Fayette,482,7,479,7,3,0,608,9,7632,121,8240,130,0,7,-3,75,10,400,0,46,11
07-19-20,Fentress,42,1,42,1,0,0,46,1,1577,8,1623,9,0,0,1,14,0,28,0,4,0
07-19-20,Franklin,165,7,163,7,2,0,198,15,4456,120,4654,135,0,3,2,47,5,115,0,10,3
07-19-20,Gibson,296,8,251,7,45,1,326,9,4509,62,4835,71,0,1,-1,98,9,197,0,16,1
07-19-20,Giles,217,6,217,6,0,0,242,7,3427,86,3669,93,0,2,-1,104,7,111,1,16,3
07-19-20,Grainger,72,1,67,1,5,0,85,1,2008,25,2093,26,0,0,-1,10,2,62,0,8,0
07-19-20,Greene,231,15,223,15,8,0,263,18,5736,164,5999,182,0,3,8,72,7,156,2,20,5
07-19-20,Grundy,77,1,76,1,1,0,91,1,1143,17,1234,18,0,2,1,6,0,69,0,13,2
07-19-20,Hamblen,671,12,646,12,25,0,722,16,7816,89,8538,105,0,6,-12,95,24,570,0,46,7
07-19-20,Hamilton,4124,98,4111,97,13,1,4667,125,56361,1283,61028,1408,0,40,23,748,75,3336,1,188,42
07-19-20,Hancock,35,2,33,2,2,0,39,3,695,42,734,45,0,0,2,23,0,12,0,5,0
07-19-20,Hardeman,557,10,539,10,18,0,620,11,7179,63,7799,74,0,7,-3,109,13,441,0,34,10
07-19-20,Hardin,203,8,197,8,6,0,235,10,4419,118,4654,128,0,7,2,32,6,164,1,14,7
07-19-20,Hawkins,145,11,142,11,3,0,175,14,4070,101,4245,115,0,2,7,46,4,97,0,14,2
07-19-20,Haywood,201,10,194,10,7,0,222,10,2090,39,2312,49,0,4,9,38,1,159,0,14,4
07-19-20,Henderson,170,12,130,12,40,0,184,12,2392,51,2576,63,0,0,0,71,12,99,0,8,0
07-19-20,Henry,62,1,61,1,1,0,78,1,3627,15,3705,16,0,0,0,10,1,52,1,10,0
07-19-20,Hickman,143,3,143,3,0,0,180,5,2293,37,2473,42,0,0,2,37,1,106,0,3,0
07-19-20,Houston,34,0,34,0,0,0,40,0,908,12,948,12,0,0,-1,9,1,25,0,6,0
07-19-20,Humphreys,60,0,58,0,2,0,71,0,1921,32,1992,32,0,2,-1,16,1,42,0,3,2
07-19-20,Jackson,92,0,92,0,0,0,103,0,1186,10,1289,10,0,0,-3,32,3,60,0,7,2
07-19-20,Jefferson,271,7,245,3,26,4,300,8,5624,73,5924,81,0,1,0,55,7,215,1,17,2
07-19-20,Johnson,55,1,53,1,2,0,58,1,2911,29,2969,30,0,0,-1,10,2,45,0,5,0
07-19-20,Knox,2427,85,2373,75,54,10,2676,74,52983,578,55659,652,0,18,-14,619,99,1790,0,157,22
07-19-20,Lake,698,2,696,2,2,0,867,2,4022,21,4889,23,0,0,-1,4,3,694,0,3,0
07-19-20,Lauderdale,252,8,248,8,4,0,282,10,5159,46,5441,56,0,5,5,43,3,204,0,22,7
07-19-20,Lawrence,291,3,291,3,0,0,365,8,4471,66,4836,74,0,6,0,71,3,214,0,19,6
07-19-20,Lewis,22,4,22,4,0,0,23,4,1380,18,1403,22,0,0,4,9,0,13,1,4,0
07-19-20,Lincoln,151,4,151,4,0,0,186,5,3130,22,3316,27,0,0,1,62,3,89,0,7,0
07-19-20,Loudon,397,7,379,7,18,0,423,5,5068,28,5491,33,0,3,1,66,6,328,0,13,4
07-19-20,Macon,732,2,730,2,2,0,849,8,3664,37,4513,45,0,8,-3,100,5,624,1,55,11
07-19-20,Madison,531,14,505,14,26,0,601,13,9865,141,10466,154,0,2,-4,60,18,469,0,46,9
07-19-20,Marion,137,6,136,6,1,0,168,9,2358,65,2526,74,0,4,1,34,5,99,1,15,4
07-19-20,Marshall,171,8,171,8,0,0,199,12,3070,103,3269,115,0,2,4,47,4,122,0,12,2
07-19-20,Maury,673,30,671,30,2,0,794,33,7804,279,8598,312,0,4,17,179,13,490,0,33,4
07-19-20,McMinn,384,10,381,10,3,0,462,13,6172,135,6634,148,0,19,2,93,8,272,1,39,21
07-19-20,McNairy,158,4,152,3,6,1,174,4,2256,47,2430,51,0,1,0,38,4,119,0,12,1
07-19-20,Meigs,58,1,58,1,0,0,74,3,1200,17,1274,20,0,0,1,21,0,37,0,5,0
07-19-20,Monroe,193,2,184,2,9,0,218,1,2959,25,3177,26,0,7,0,18,2,168,0,16,5
07-19-20,Montgomery,1212,22,1203,22,9,0,1370,25,18542,282,19912,307,0,8,-4,368,26,836,3,68,8
07-19-20,Moore,36,4,36,4,0,0,43,5,716,17,759,22,0,0,3,10,1,26,0,0,0
07-19-20,Morgan,46,1,46,1,0,0,54,1,4161,9,4215,10,0,1,-1,12,2,33,0,2,1
07-19-20,Obion,176,6,171,6,5,0,201,6,3293,37,3494,43,0,3,0,33,6,140,0,15,5
07-19-20,Out of State,932,21,930,21,2,0,994,20,128413,1075,129407,1095,-1,9,4,251,18,672,0,39,3
07-19-20,Overton,112,0,110,0,2,0,125,0,2810,21,2935,21,0,1,0,16,0,95,0,5,1
07-19-20,Pending,149,11,148,11,1,0,172,12,80154,1194,80326,1206,0,1,6,59,5,89,0,0,0
07-19-20,Perry,49,0,49,0,0,0,59,0,1148,14,1207,14,0,0,0,9,0,40,0,3,0
07-19-20,Pickett,10,0,10,0,0,0,10,0,540,0,550,0,0,1,0,3,0,6,0,0,1
07-19-20,Polk,83,4,82,4,1,0,94,4,1405,34,1499,38,0,0,4,27,0,56,1,5,0
07-19-20,Putnam,1157,2,1152,2,5,0,1409,2,13210,32,14619,34,0,7,-10,201,12,949,1,44,9
07-19-20,Rhea,398,7,398,7,0,0,444,9,3960,117,4404,126,0,0,5,96,2,302,0,9,0
07-19-20,Roane,129,2,121,2,8,0,154,3,7098,50,7252,53,0,0,-5,39,7,90,0,12,0
07-19-20,Robertson,1158,13,1155,13,3,0,1432,19,8091,143,9523,162,0,14,-6,183,19,961,0,81,19
07-19-20,Rutherford,4666,148,4658,148,8,0,5603,173,34037,811,39640,984,0,41,65,892,83,3733,3,172,47
07-19-20,Scott,37,0,34,0,3,0,34,0,1559,16,1593,16,0,0,0,9,0,28,0,2,0
07-19-20,Sequatchie,74,0,74,0,0,0,92,1,2041,37,2133,38,0,0,-4,16,4,58,0,4,0
07-19-20,Sevier,1114,31,1064,31,50,0,1192,38,12395,192,13587,230,0,4,13,126,18,984,0,42,4
07-19-20,Shelby,16796,211,16760,211,36,0,20115,277,183271,2108,203386,2385,4,245,-74,2619,281,13932,16,1373,277
07-19-20,Smith,233,6,229,6,4,0,262,8,2379,22,2641,30,0,2,1,56,5,175,0,12,2
07-19-20,Stewart,45,3,45,3,0,0,53,4,1119,24,1172,28,0,0,2,18,1,27,0,2,0
07-19-20,Sullivan,406,28,368,26,38,2,424,23,10666,393,11090,416,0,6,11,179,17,221,4,47,7
07-19-20,Sumner,2584,57,2571,57,13,0,3117,67,18994,366,22111,433,0,60,12,582,45,1942,0,276,63
07-19-20,Tipton,827,12,818,11,9,1,918,13,9981,97,10899,110,0,8,-3,55,15,764,0,49,8
07-19-20,Trousdale,1545,3,1542,3,3,0,1600,5,2849,11,4449,16,0,6,0,27,3,1512,0,15,6
07-19-20,Unicoi,68,3,68,3,0,0,75,3,2224,54,2299,57,0,0,2,8,1,60,1,3,0
07-19-20,Union,52,4,52,4,0,0,55,5,1591,55,1646,60,0,0,2,24,2,28,0,2,0
07-19-20,Van Buren,19,0,19,0,0,0,20,0,596,4,616,4,0,0,0,10,0,9,0,1,0
07-19-20,Warren,221,4,221,4,0,0,240,5,4779,73,5019,78,0,3,-6,103,10,115,1,6,3
07-19-20,Washington,439,40,427,39,12,1,489,48,10834,371,11323,419,0,0,25,170,15,269,3,22,0
07-19-20,Wayne,156,3,156,3,0,0,167,4,3208,15,3375,19,0,0,-2,48,5,108,0,3,0
07-19-20,Weakley,110,3,107,3,3,0,115,3,3325,38,3440,41,0,1,2,26,1,83,0,5,2
07-19-20,White,126,0,124,0,2,0,153,0,3368,8,3521,8,0,3,0,35,0,88,0,8,3
07-19-20,Williamson,2499,71,2493,71,6,0,2918,96,31131,762,34049,858,0,18,-9,671,80,1810,1,74,17
07-19-20,Wilson,1645,56,1642,56,3,0,1960,62,17233,391,19193,453,1,19,26,399,29,1227,0,70,19
07-18-20,Anderson,277,7,266,7,11,0,329,12,10206,219,10535,231,0,2,-3,68,10,207,0,17,3
07-18-20,Bedford,683,4,682,3,1,1,810,14,4995,110,5805,124,0,10,-1,70,5,603,0,27,10
07-18-20,Benton,24,1,21,1,3,0,27,1,1289,5,1316,6,0,1,1,9,0,14,0,3,1
07-18-20,Bledsoe,647,3,647,3,0,0,664,4,4056,35,4720,39,0,1,1,5,2,641,0,10,1
07-18-20,Blount,511,13,496,11,15,2,606,12,9989,170,10595,182,2,6,-13,145,24,360,3,30,6
07-18-20,Bradley,1240,37,1222,37,18,0,1445,52,9731,267,11176,319,1,7,12,220,24,1013,3,77,8
07-18-20,Campbell,97,5,92,5,5,0,113,5,3923,132,4036,137,0,1,4,22,1,74,1,8,1
07-18-20,Cannon,71,2,70,2,1,0,100,3,1422,11,1522,14,0,0,1,20,1,51,0,5,0
07-18-20,Carroll,74,2,65,2,9,0,74,2,2439,18,2513,20,1,2,-2,14,3,58,0,9,2
07-18-20,Carter,196,18,186,18,10,0,208,22,4946,347,5154,369,0,2,11,91,7,103,0,20,2
07-18-20,Cheatham,367,8,367,8,0,0,436,11,4544,143,4980,154,0,4,0,82,8,281,0,19,5
07-18-20,Chester,125,3,120,3,5,0,127,3,1219,32,1346,35,0,0,-5,45,8,80,0,6,1
07-18-20,Claiborne,114,4,111,4,3,0,129,8,3104,245,3233,253,0,0,2,44,2,70,0,4,0
07-18-20,Clay,40,0,40,0,0,0,43,0,991,10,1034,10,0,0,-1,3,1,37,0,1,0
07-18-20,Cocke,214,9,204,9,10,0,227,10,3106,75,3333,85,0,1,6,71,3,142,0,10,1
07-18-20,Coffee,193,10,190,10,3,0,237,19,5925,172,6162,191,0,0,8,50,2,143,1,8,0
07-18-20,Crockett,104,7,94,7,10,0,112,7,1200,15,1312,22,0,3,2,43,5,58,1,5,3
07-18-20,Cumberland,263,1,259,1,4,0,346,1,9216,98,9562,99,0,6,-3,41,4,216,0,23,6
07-18-20,Davidson,16517,365,16494,364,23,1,19918,491,144321,3800,164239,4291,2,166,172,3212,191,13139,5,735,177
07-18-20,Decatur,57,2,36,2,21,0,59,2,1397,84,1456,86,0,0,1,28,1,29,0,3,0
07-18-20,Dekalb,136,0,136,0,0,0,166,2,2891,59,3057,61,0,0,-2,44,2,92,0,7,0
07-18-20,Dickson,386,17,386,17,0,0,496,18,5380,80,5876,98,0,0,6,109,11,277,0,24,0
07-18-20,Dyer,367,10,353,10,14,0,403,14,4061,81,4464,95,0,3,3,57,7,307,1,33,5
07-18-20,Fayette,475,13,472,13,3,0,599,14,7511,59,8110,73,0,7,2,78,11,390,0,46,10
07-18-20,Fentress,41,1,41,1,0,0,45,1,1569,12,1614,13,0,0,1,13,0,28,1,4,0
07-18-20,Franklin,158,11,156,11,2,0,183,10,4336,135,4519,145,0,3,9,45,2,110,0,10,3
07-18-20,Gibson,288,7,244,7,44,0,317,10,4447,116,4764,126,0,1,2,99,5,188,0,16,1
07-18-20,Giles,211,20,211,20,0,0,235,26,3341,113,3576,139,0,2,11,105,9,104,0,15,3
07-18-20,Grainger,71,1,66,1,5,0,84,1,1983,50,2067,51,0,0,-1,11,2,60,0,8,0
07-18-20,Greene,216,16,208,15,8,1,245,22,5572,227,5817,249,1,3,11,64,4,149,0,18,4
07-18-20,Grundy,76,1,75,1,1,0,90,1,1126,29,1216,30,0,2,1,5,0,69,0,13,2
07-18-20,Hamblen,659,12,634,9,25,3,706,15,7727,218,8433,233,0,6,-10,107,22,546,2,46,7
07-18-20,Hamilton,4026,89,4014,88,12,1,4542,116,55078,1298,59620,1414,0,40,31,725,58,3261,2,187,42
07-18-20,Hancock,33,4,31,4,2,0,36,6,653,56,689,62,0,0,3,21,1,12,0,5,0
07-18-20,Hardeman,547,15,529,15,18,0,609,16,7116,38,7725,54,2,7,3,112,10,428,1,34,10
07-18-20,Hardin,195,2,189,2,6,0,225,2,4301,132,4526,134,0,7,-7,30,9,158,0,13,7
07-18-20,Hawkins,134,5,131,5,3,0,161,10,3969,93,4130,103,0,2,-1,39,6,93,0,14,2
07-18-20,Haywood,191,7,184,7,7,0,212,7,2051,17,2263,24,0,4,0,29,7,158,0,14,4
07-18-20,Henderson,158,8,118,7,40,1,172,9,2341,44,2513,53,0,0,3,71,5,87,0,8,0
07-18-20,Henry,61,2,60,2,1,0,77,2,3612,7,3689,9,0,0,1,10,1,51,0,9,0
07-18-20,Hickman,140,8,140,8,0,0,175,9,2256,78,2431,87,0,0,3,35,5,105,0,3,0
07-18-20,Houston,34,0,34,0,0,0,40,0,896,21,936,21,0,0,-1,10,1,24,0,6,0
07-18-20,Humphreys,60,2,58,2,2,0,71,3,1889,50,1960,53,0,2,1,17,1,41,0,3,2
07-18-20,Jackson,92,0,92,0,0,0,103,0,1176,12,1279,12,0,0,-1,35,1,57,0,7,2
07-18-20,Jefferson,264,7,242,5,22,2,292,8,5551,111,5843,119,0,1,0,55,7,208,1,16,1
07-18-20,Johnson,54,2,52,2,2,0,57,2,2882,20,2939,22,0,0,2,11,0,43,0,5,0
07-18-20,Knox,2342,113,2298,109,44,4,2602,145,52405,2259,55007,2404,1,18,37,633,75,1691,8,157,20
07-18-20,Lake,696,1,694,1,2,0,865,1,4001,14,4866,15,0,0,1,5,0,691,0,3,0
07-18-20,Lauderdale,244,6,240,6,4,0,272,6,5113,19,5385,25,1,5,2,38,3,201,0,22,7
07-18-20,Lawrence,288,10,288,10,0,0,357,12,4405,115,4762,127,0,6,3,71,7,211,0,19,6
07-18-20,Lewis,18,0,18,0,0,0,19,1,1362,28,1381,29,0,0,-2,5,2,13,0,3,0
07-18-20,Lincoln,147,13,147,13,0,0,181,14,3108,130,3289,144,0,0,13,61,0,86,0,7,0
07-18-20,Loudon,390,10,372,10,18,0,418,14,5040,136,5458,150,0,3,4,65,6,322,0,13,4
07-18-20,Macon,730,2,728,2,2,0,841,5,3627,21,4468,26,1,8,-6,103,7,619,0,54,11
07-18-20,Madison,517,17,491,17,26,0,588,21,9724,151,10312,172,0,2,5,64,12,451,0,46,9
07-18-20,Marion,131,8,130,8,1,0,159,9,2293,65,2452,74,0,4,6,33,2,94,0,14,4
07-18-20,Marshall,163,2,163,2,0,0,187,4,2967,83,3154,87,0,2,-2,43,4,118,0,12,2
07-18-20,Maury,643,45,641,45,2,0,761,52,7525,111,8286,163,0,4,23,162,22,477,1,33,4
07-18-20,McMinn,374,10,371,10,3,0,449,14,6037,319,6486,333,0,19,4,91,6,264,0,38,21
07-18-20,McNairy,154,5,149,5,5,0,170,6,2209,165,2379,171,0,1,-1,38,6,115,1,12,1
07-18-20,Meigs,57,6,57,6,0,0,71,6,1183,36,1254,42,0,0,5,20,1,37,0,5,0
07-18-20,Monroe,191,7,182,7,9,0,217,10,2934,77,3151,87,0,7,6,18,1,166,0,16,5
07-18-20,Montgomery,1190,50,1181,49,9,1,1345,60,18260,236,19605,296,0,8,19,372,31,810,4,65,8
07-18-20,Moore,32,0,32,0,0,0,38,3,699,10,737,13,0,0,-3,7,3,25,0,0,0
07-18-20,Morgan,45,1,45,1,0,0,53,2,4152,21,4205,23,0,1,1,13,0,31,0,2,1
07-18-20,Obion,170,8,165,8,5,0,195,10,3256,28,3451,38,0,3,6,33,2,134,0,15,5
07-18-20,Out of State,911,46,909,46,2,0,974,48,127338,1971,128312,2019,0,10,41,247,5,654,0,39,3
07-18-20,Overton,112,1,110,1,2,0,125,1,2789,12,2914,13,0,1,-1,16,2,95,0,5,1
07-18-20,Pending,138,15,137,15,1,0,160,17,78960,1504,79120,1521,0,1,12,53,3,84,0,0,0
07-18-20,Perry,49,0,49,0,0,0,59,2,1134,31,1193,33,0,0,-2,9,2,40,0,3,0
07-18-20,Pickett,10,1,10,1,0,0,10,1,540,1,550,2,0,1,1,3,0,6,0,0,1
07-18-20,Polk,79,7,78,7,1,0,90,8,1371,29,1461,37,0,0,6,23,1,56,1,4,0
07-18-20,Putnam,1155,10,1150,10,5,0,1407,13,13178,128,14585,141,0,7,-7,211,17,937,2,43,9
07-18-20,Rhea,391,13,391,13,0,0,435,20,3843,162,4278,182,0,0,12,91,1,300,0,9,0
07-18-20,Roane,127,10,119,10,8,0,151,11,7048,133,7199,144,0,0,8,44,2,83,1,12,0
07-18-20,Robertson,1145,43,1142,43,3,0,1413,56,7948,221,9361,277,0,14,31,189,12,942,2,81,19
07-18-20,Rutherford,4518,125,4510,125,8,0,5430,159,33226,811,38656,970,0,41,50,827,75,3650,3,169,47
07-18-20,Scott,37,0,34,0,3,0,34,0,1543,31,1577,31,0,0,-2,9,2,28,0,2,0
07-18-20,Sequatchie,74,6,74,6,0,0,91,8,2004,36,2095,44,0,0,5,20,1,54,1,4,0
07-18-20,Sevier,1083,15,1033,15,50,0,1154,24,12203,192,13357,216,0,4,-4,113,19,966,1,42,4
07-18-20,Shelby,16585,457,16549,456,36,1,19838,546,181163,2964,201001,3510,6,241,167,2693,284,13651,24,1357,273
07-18-20,Smith,227,3,223,2,4,1,254,2,2357,20,2611,22,0,2,-2,55,5,170,0,12,2
07-18-20,Stewart,42,7,42,7,0,0,49,7,1095,40,1144,47,0,0,7,16,0,26,0,2,0
07-18-20,Sullivan,378,33,342,30,36,3,401,47,10273,324,10674,371,1,6,27,168,5,204,3,43,7
07-18-20,Sumner,2527,53,2514,53,13,0,3050,65,18628,296,21678,361,3,60,19,570,31,1897,3,276,61
07-18-20,Tipton,815,4,807,4,8,0,905,6,9884,80,10789,86,0,8,-11,58,15,749,0,49,8
07-18-20,Trousdale,1542,1,1539,1,3,0,1595,1,2838,20,4433,21,0,6,-1,27,2,1509,0,15,6
07-18-20,Unicoi,65,0,65,0,0,0,72,0,2170,88,2242,88,0,0,-2,6,2,59,0,2,0
07-18-20,Union,48,7,48,7,0,0,50,6,1536,41,1586,47,0,0,4,22,3,26,1,2,0
07-18-20,Van Buren,19,1,19,1,0,0,20,1,592,3,612,4,0,0,1,10,0,9,0,1,0
07-18-20,Warren,217,2,217,2,0,0,235,3,4706,47,4941,50,1,3,-7,109,8,105,0,5,3
07-18-20,Washington,399,39,388,39,11,0,441,54,10463,559,10904,613,0,0,22,145,17,254,0,19,0
07-18-20,Wayne,153,4,153,4,0,0,163,4,3193,42,3356,46,0,0,-1,50,5,103,0,3,0
07-18-20,Weakley,107,2,104,2,3,0,112,5,3287,46,3399,51,0,1,2,24,0,82,0,5,1
07-18-20,White,126,0,124,0,2,0,153,0,3360,28,3513,28,0,3,-3,35,3,88,0,8,3
07-18-20,Williamson,2428,81,2422,81,6,0,2822,103,30369,498,33191,601,0,18,24,680,57,1730,1,73,16
07-18-20,Wilson,1589,72,1586,72,3,0,1898,80,16842,260,18740,340,0,18,46,373,26,1198,3,70,19
07-17-20,Anderson,270,7,259,7,11,0,317,8,9987,57,10304,65,0,2,-8,71,15,197,1,17,3
07-17-20,Bedford,679,8,679,8,0,0,796,5,4885,52,5681,57,0,10,4,71,4,598,0,27,10
07-17-20,Benton,23,1,20,1,3,0,26,1,1284,7,1310,8,0,1,1,8,0,14,0,3,1
07-17-20,Bledsoe,644,0,644,0,0,0,660,0,4021,14,4681,14,0,1,0,4,0,639,0,10,1
07-17-20,Blount,498,26,485,24,13,2,594,25,9819,116,10413,141,0,4,10,158,16,336,1,27,6
07-17-20,Bradley,1203,13,1185,13,18,0,1393,17,9464,76,10857,93,0,6,-21,208,34,989,0,74,8
07-17-20,Campbell,92,6,87,6,5,0,108,7,3791,32,3899,39,0,1,1,18,5,73,1,7,1
07-17-20,Cannon,69,2,68,2,1,0,97,3,1411,17,1508,20,0,0,-1,19,3,50,0,5,0
07-17-20,Carroll,72,3,63,2,9,1,72,3,2421,20,2493,23,0,1,1,16,2,55,0,9,2
07-17-20,Carter,178,13,168,11,10,2,186,11,4599,46,4785,57,0,2,7,80,6,96,0,20,2
07-17-20,Cheatham,359,15,359,15,0,0,425,16,4401,89,4826,105,0,4,8,82,7,273,1,19,5
07-17-20,Chester,122,1,117,1,5,0,124,1,1187,13,1311,14,0,0,-4,50,5,72,0,6,1
07-17-20,Claiborne,110,8,107,7,3,1,121,7,2859,51,2980,58,0,0,5,42,3,68,1,4,0
07-17-20,Clay,40,0,40,0,0,0,43,1,981,7,1024,8,0,0,-1,4,1,36,0,1,0
07-17-20,Cocke,205,4,195,3,10,1,217,4,3031,26,3248,30,0,1,-7,65,11,139,0,10,1
07-17-20,Coffee,183,11,180,10,3,1,218,7,5753,42,5971,49,0,0,7,42,4,141,0,7,0
07-17-20,Crockett,97,4,87,3,10,1,105,5,1185,14,1290,19,0,3,1,41,3,53,0,4,3
07-17-20,Cumberland,262,6,258,6,4,0,345,9,9118,282,9463,291,1,6,3,44,2,212,0,23,6
07-17-20,Davidson,16152,387,16130,385,22,2,19427,519,140521,2928,159948,3447,4,164,49,3040,334,12948,10,730,172
07-17-20,Decatur,55,3,34,0,21,3,57,2,1313,12,1370,14,0,0,1,27,2,28,0,3,0
07-17-20,Dekalb,136,4,136,4,0,0,164,4,2832,20,2996,24,0,0,0,46,4,90,1,7,0
07-17-20,Dickson,369,14,369,14,0,0,478,27,5300,195,5778,222,0,0,8,103,6,266,0,24,0
07-17-20,Dyer,357,5,343,4,14,1,389,7,3980,141,4369,148,0,3,1,54,4,300,0,32,5
07-17-20,Fayette,462,12,459,12,3,0,585,14,7452,186,8037,200,1,7,5,76,6,379,0,46,10
07-17-20,Fentress,40,1,40,1,0,0,44,1,1557,19,1601,20,0,0,1,12,0,28,0,3,0
07-17-20,Franklin,147,5,145,5,2,0,173,4,4201,103,4374,107,0,3,2,36,3,108,0,10,3
07-17-20,Gibson,281,18,237,14,44,4,307,21,4331,98,4638,119,0,1,7,97,11,183,1,16,1
07-17-20,Giles,191,13,191,13,0,0,209,10,3228,43,3437,53,1,2,6,94,6,95,1,15,3
07-17-20,Grainger,70,0,65,0,5,0,83,0,1933,30,2016,30,0,0,-1,12,1,58,0,8,0
07-17-20,Greene,200,3,193,2,7,1,223,2,5345,48,5568,50,0,2,-3,53,6,145,0,18,3
07-17-20,Grundy,75,1,74,1,1,0,89,1,1097,22,1186,23,0,2,0,4,1,69,1,13,2
07-17-20,Hamblen,647,27,625,26,22,1,691,27,7509,98,8200,125,1,6,14,117,12,524,0,44,7
07-17-20,Hamilton,3937,167,3926,167,11,0,4426,200,53780,1846,58206,2046,1,40,58,694,108,3203,3,185,42
07-17-20,Hancock,29,1,27,1,2,0,30,0,597,6,627,6,0,0,0,18,1,11,1,5,0
07-17-20,Hardeman,532,17,514,14,18,3,593,19,7078,37,7671,56,1,5,3,109,13,418,3,33,10
07-17-20,Hardin,193,9,187,9,6,0,223,10,4169,69,4392,79,0,7,4,37,5,149,0,13,7
07-17-20,Hawkins,129,7,126,7,3,0,151,4,3876,54,4027,58,0,2,4,40,3,87,2,14,2
07-17-20,Haywood,184,1,177,1,7,0,205,3,2034,22,2239,25,1,4,-8,29,8,151,0,14,4
07-17-20,Henderson,150,12,111,7,39,5,163,12,2297,40,2460,52,0,0,7,68,5,82,1,8,0
07-17-20,Henry,59,1,58,1,1,0,75,1,3605,16,3680,17,0,0,-1,9,2,50,0,9,0
07-17-20,Hickman,132,2,132,2,0,0,166,4,2178,46,2344,50,0,0,0,32,2,100,0,3,0
07-17-20,Houston,34,4,34,4,0,0,40,4,875,11,915,15,0,0,1,11,3,23,0,6,0
07-17-20,Humphreys,58,4,56,4,2,0,68,5,1839,21,1907,26,0,2,3,16,1,40,0,3,2
07-17-20,Jackson,92,8,92,8,0,0,103,8,1164,28,1267,36,0,0,6,36,2,56,1,7,2
07-17-20,Jefferson,257,8,237,8,20,0,284,12,5440,54,5724,66,0,1,0,55,8,201,0,15,1
07-17-20,Johnson,52,0,50,0,2,0,55,0,2862,6,2917,6,0,0,0,9,0,43,0,5,0
07-17-20,Knox,2229,75,2189,74,40,1,2457,76,50146,327,52603,403,0,17,4,596,71,1616,5,149,19
07-17-20,Lake,695,0,693,0,2,0,864,0,3987,35,4851,35,0,0,-1,4,1,691,0,3,0
07-17-20,Lauderdale,238,6,234,6,4,0,266,6,5094,77,5360,83,0,4,2,36,4,198,0,22,7
07-17-20,Lawrence,278,8,278,8,0,0,345,8,4290,28,4635,36,0,6,-3,68,11,204,1,19,6
07-17-20,Lewis,18,0,18,0,0,0,18,0,1334,18,1352,18,0,0,-1,7,1,11,0,3,0
07-17-20,Lincoln,134,5,134,5,0,0,167,7,2978,32,3145,39,0,0,0,48,5,86,0,7,0
07-17-20,Loudon,380,6,362,4,18,2,404,4,4904,46,5308,50,0,3,2,61,4,316,0,13,4
07-17-20,Macon,728,7,726,7,2,0,836,9,3606,24,4442,33,0,7,-3,109,10,612,1,54,10
07-17-20,Madison,500,30,474,27,26,3,567,38,9573,96,10140,134,0,2,12,59,18,439,0,46,8
07-17-20,Marion,123,6,122,6,1,0,150,9,2228,57,2378,66,0,4,2,27,4,92,0,14,4
07-17-20,Marshall,161,4,161,4,0,0,183,2,2884,109,3067,111,0,2,1,45,3,114,0,12,2
07-17-20,Maury,598,22,596,22,2,0,709,24,7414,259,8123,283,0,4,4,139,18,455,2,32,4
07-17-20,McMinn,364,8,361,8,3,0,435,7,5718,35,6153,42,0,19,-2,87,10,258,1,38,21
07-17-20,McNairy,149,4,144,4,5,0,164,6,2044,26,2208,32,0,1,-6,39,10,109,1,11,1
07-17-20,Meigs,51,1,51,1,0,0,65,1,1147,15,1212,16,0,0,-1,15,2,36,0,5,0
07-17-20,Monroe,184,1,175,1,9,0,207,2,2857,18,3064,20,0,7,-4,12,5,165,0,16,5
07-17-20,Montgomery,1140,55,1132,55,8,0,1285,63,18024,458,19309,521,1,8,26,353,28,779,1,61,8
07-17-20,Moore,32,2,32,2,0,0,35,0,689,4,724,4,0,0,1,10,1,22,0,0,0
07-17-20,Morgan,44,2,44,2,0,0,51,2,4131,25,4182,27,0,1,2,12,0,31,0,2,1
07-17-20,Obion,162,7,157,7,5,0,185,10,3228,46,3413,56,0,3,6,27,1,132,0,15,5
07-17-20,Out of State,865,42,863,42,2,0,926,45,125367,1752,126293,1797,0,10,23,206,19,649,2,39,3
07-17-20,Overton,111,2,109,2,2,0,124,3,2777,25,2901,28,0,1,1,17,1,93,0,5,1
07-17-20,Pending,123,12,122,12,1,0,143,14,77456,1044,77599,1058,1,1,5,41,6,81,0,0,0
07-17-20,Perry,49,2,49,2,0,0,57,2,1103,92,1160,94,0,0,0,11,2,38,0,3,0
07-17-20,Pickett,9,0,9,0,0,0,9,0,539,4,548,4,1,1,-1,2,0,6,0,0,1
07-17-20,Polk,72,0,71,0,1,0,82,0,1342,5,1424,5,0,0,0,17,0,55,0,3,0
07-17-20,Putnam,1145,60,1140,60,5,0,1394,79,13050,488,14444,567,0,7,44,218,16,920,2,41,9
07-17-20,Rhea,378,1,378,1,0,0,415,2,3681,19,4096,21,0,0,-1,79,2,299,1,9,0
07-17-20,Roane,117,2,109,2,8,0,140,2,6915,53,7055,55,0,0,-5,36,7,81,1,11,0
07-17-20,Robertson,1102,22,1099,22,3,0,1357,27,7727,148,9084,175,0,14,6,158,16,930,2,79,19
07-17-20,Rutherford,4393,159,4385,159,8,0,5271,206,32415,559,37686,765,1,41,62,777,96,3575,3,166,47
07-17-20,Scott,37,1,34,1,3,0,34,1,1512,15,1546,16,0,0,1,11,0,26,0,2,0
07-17-20,Sequatchie,68,1,68,1,0,0,83,2,1968,22,2051,24,0,0,1,15,0,53,0,3,0
07-17-20,Sevier,1068,31,1018,30,50,1,1130,28,12011,125,13141,153,0,4,16,117,15,947,2,41,4
07-17-20,Shelby,16128,398,16093,393,35,5,19292,477,178199,3073,197491,3550,2,235,58,2526,338,13367,25,1333,269
07-17-20,Smith,224,1,221,1,3,0,252,1,2337,25,2589,26,0,2,0,57,1,165,0,12,2
07-17-20,Stewart,35,0,35,0,0,0,42,1,1055,17,1097,18,0,0,-1,9,1,26,0,2,0
07-17-20,Sullivan,345,18,312,15,33,3,354,15,9949,288,10303,303,0,5,7,141,11,199,0,40,6
07-17-20,Sumner,2474,83,2461,82,13,1,2985,95,18332,300,21317,395,0,57,36,551,47,1866,4,273,59
07-17-20,Tipton,811,10,803,10,8,0,899,13,9804,135,10703,148,1,8,0,69,9,734,1,49,8
07-17-20,Trousdale,1541,2,1538,2,3,0,1594,4,2818,55,4412,59,0,6,2,28,0,1507,0,15,6
07-17-20,Unicoi,65,1,65,1,0,0,72,1,2082,195,2154,196,0,0,1,8,0,57,0,2,0
07-17-20,Union,41,2,41,2,0,0,44,2,1495,36,1539,38,0,0,1,18,1,23,0,1,0
07-17-20,Van Buren,18,0,18,0,0,0,19,0,589,3,608,3,0,0,-1,9,1,9,0,1,0
07-17-20,Warren,215,4,215,4,0,0,232,3,4659,101,4891,104,1,2,2,116,1,97,0,5,3
07-17-20,Washington,360,21,349,21,11,0,387,11,9904,145,10291,156,0,0,9,123,12,237,0,19,0
07-17-20,Wayne,149,2,149,2,0,0,159,2,3151,21,3310,23,0,0,-3,51,5,98,0,3,0
07-17-20,Weakley,105,0,102,0,3,0,107,1,3241,68,3348,69,0,1,-3,22,3,82,0,5,1
07-17-20,White,126,5,124,5,2,0,153,10,3332,123,3485,133,0,3,3,38,2,85,0,8,3
07-17-20,Williamson,2347,94,2341,94,6,0,2719,132,29871,1083,32590,1215,0,18,33,656,61,1673,5,72,16
07-17-20,Wilson,1517,46,1514,46,3,0,1818,57,16582,599,18400,656,0,18,7,327,39,1172,0,67,18
07-16-20,Anderson,263,18,252,18,11,0,309,23,9930,309,10239,332,0,2,4,79,14,182,1,16,2
07-16-20,Bedford,671,10,671,10,0,0,791,22,4833,202,5624,224,0,10,0,67,10,594,0,27,10
07-16-20,Benton,22,0,19,0,3,0,25,1,1277,27,1302,28,0,1,0,7,0,14,0,3,1
07-16-20,Bledsoe,644,1,644,1,0,0,660,3,4007,43,4667,46,0,1,-1,4,2,639,0,10,1
07-16-20,Blount,472,75,461,75,11,0,569,100,9703,342,10272,442,1,4,50,148,24,320,5,26,5
07-16-20,Bradley,1190,62,1172,62,18,0,1376,99,9388,489,10764,588,0,6,14,229,48,955,4,74,8
07-16-20,Campbell,86,6,81,6,5,0,101,10,3759,155,3860,165,0,1,2,17,4,68,0,6,1
07-16-20,Cannon,67,2,66,2,1,0,94,3,1394,55,1488,58,0,0,-3,20,5,47,0,5,0
07-16-20,Carroll,69,5,61,5,8,0,69,6,2401,89,2470,95,0,1,3,15,2,53,1,9,2
07-16-20,Carter,165,11,157,10,8,1,175,16,4553,413,4728,429,0,2,3,73,8,90,4,20,2
07-16-20,Cheatham,344,17,344,17,0,0,409,22,4312,206,4721,228,1,4,7,74,9,266,0,18,4
07-16-20,Chester,121,13,116,11,5,2,123,13,1174,41,1297,54,0,0,3,54,10,67,0,6,1
07-16-20,Claiborne,102,10,100,10,2,0,114,12,2808,128,2922,140,0,0,9,37,1,65,0,3,0
07-16-20,Clay,40,2,40,2,0,0,42,2,974,14,1016,16,0,0,-2,5,4,35,0,1,0
07-16-20,Cocke,201,16,192,16,9,0,213,15,3005,131,3218,146,1,1,10,72,5,128,2,10,1
07-16-20,Coffee,172,6,170,5,2,1,211,13,5711,180,5922,193,0,0,4,35,2,137,0,7,0
07-16-20,Crockett,93,7,84,7,9,0,100,7,1171,44,1271,51,0,3,4,40,3,50,0,4,3
07-16-20,Cumberland,256,3,252,3,4,0,336,6,8836,351,9172,357,0,5,-3,41,6,210,0,23,6
07-16-20,Davidson,15765,523,15745,522,20,1,18908,687,137593,4856,156501,5543,3,160,156,2991,364,12614,13,720,171
07-16-20,Decatur,52,1,34,1,18,0,55,2,1301,130,1356,132,0,0,1,26,0,26,1,3,0
07-16-20,Dekalb,132,15,132,15,0,0,160,16,2812,153,2972,169,0,0,14,46,1,86,0,6,0
07-16-20,Dickson,355,24,355,24,0,0,451,32,5105,193,5556,225,0,0,16,95,8,260,0,24,0
07-16-20,Dyer,352,17,339,17,13,0,382,25,3839,129,4221,154,0,3,6,53,11,296,2,32,5
07-16-20,Fayette,450,28,447,28,3,0,571,37,7266,230,7837,267,0,6,18,71,10,373,0,46,10
07-16-20,Fentress,39,2,39,2,0,0,43,4,1538,15,1581,19,0,0,1,11,1,28,0,3,0
07-16-20,Franklin,142,9,140,9,2,0,169,11,4098,151,4267,162,0,3,7,34,2,105,0,10,3
07-16-20,Gibson,263,23,223,17,40,6,286,27,4233,143,4519,170,0,1,11,90,12,172,2,15,1
07-16-20,Giles,178,8,178,8,0,0,199,27,3185,288,3384,315,0,1,4,88,4,89,1,14,2
07-16-20,Grainger,70,4,65,4,5,0,83,5,1903,67,1986,72,0,0,2,13,2,57,0,8,0
07-16-20,Greene,197,13,191,13,6,0,221,27,5297,227,5518,254,0,2,4,56,9,139,0,18,3
07-16-20,Grundy,74,1,73,1,1,0,88,4,1075,20,1163,24,0,2,0,4,1,68,0,12,2
07-16-20,Hamblen,620,43,599,43,21,0,664,46,7411,228,8075,274,0,5,12,103,31,512,2,44,7
07-16-20,Hamilton,3770,158,3759,158,11,0,4226,197,51934,1909,56160,2106,0,39,79,636,79,3095,7,182,41
07-16-20,Hancock,28,4,26,3,2,1,30,12,591,49,621,61,0,0,2,18,2,10,0,4,0
07-16-20,Hardeman,515,16,500,14,15,2,574,30,7041,115,7615,145,0,4,-6,106,22,405,1,30,10
07-16-20,Hardin,184,25,178,25,6,0,213,27,4100,285,4313,312,0,7,13,33,12,144,0,13,7
07-16-20,Hawkins,122,8,119,8,3,0,147,21,3822,92,3969,113,0,2,1,36,7,84,1,12,2
07-16-20,Haywood,183,14,176,14,7,0,202,18,2012,125,2214,143,0,3,6,37,8,143,0,14,4
07-16-20,Henderson,138,11,104,10,34,1,151,16,2257,166,2408,182,0,0,0,61,11,77,0,7,0
07-16-20,Henry,58,2,57,2,1,0,74,3,3589,269,3663,272,0,0,1,10,1,48,1,9,0
07-16-20,Hickman,130,6,130,6,0,0,162,15,2132,103,2294,118,0,0,2,32,4,98,0,3,0
07-16-20,Houston,30,0,30,0,0,0,36,0,864,35,900,35,0,0,0,10,0,20,0,6,0
07-16-20,Humphreys,54,1,52,1,2,0,63,2,1818,75,1881,77,0,2,1,13,0,39,0,3,2
07-16-20,Jackson,84,2,84,2,0,0,95,3,1136,12,1231,15,0,0,-5,30,7,54,0,6,2
07-16-20,Jefferson,249,20,229,14,20,6,272,23,5386,288,5658,311,0,1,2,55,18,193,1,15,1
07-16-20,Johnson,52,0,50,0,2,0,55,6,2856,59,2911,65,0,0,-1,9,1,43,0,5,0
07-16-20,Knox,2154,187,2115,185,39,2,2381,238,49819,2076,52200,2314,2,17,96,592,89,1545,2,144,17
07-16-20,Lake,695,1,693,1,2,0,864,3,3952,40,4816,43,0,0,0,5,1,690,0,3,0
07-16-20,Lauderdale,232,8,228,8,4,0,260,8,5017,90,5277,98,0,4,-6,34,14,194,1,22,7
07-16-20,Lawrence,270,10,270,10,0,0,337,17,4262,226,4599,243,0,6,-5,71,15,193,0,18,6
07-16-20,Lewis,18,2,18,2,0,0,18,1,1316,125,1334,126,0,0,2,8,0,10,1,3,0
07-16-20,Lincoln,129,9,129,9,0,0,160,18,2946,154,3106,172,0,0,9,48,0,81,0,7,0
07-16-20,Loudon,374,16,358,15,16,1,400,20,4858,176,5258,196,1,3,-1,59,16,312,0,13,4
07-16-20,Macon,721,24,719,24,2,0,827,31,3582,80,4409,111,0,7,10,112,14,602,2,53,10
07-16-20,Madison,470,26,447,24,23,2,529,26,9477,233,10006,259,0,2,5,47,21,421,2,46,7
07-16-20,Marion,117,6,116,6,1,0,141,10,2171,89,2312,99,0,4,-1,25,7,88,0,14,4
07-16-20,Marshall,157,6,157,6,0,0,181,13,2775,174,2956,187,0,2,2,44,4,111,0,12,2
07-16-20,Maury,576,23,574,23,2,0,685,40,7155,269,7840,309,1,4,5,135,17,437,1,30,4
07-16-20,McMinn,356,26,353,26,3,0,428,34,5683,227,6111,261,0,19,19,89,7,248,1,37,21
07-16-20,McNairy,145,10,140,10,5,0,158,14,2018,100,2176,114,0,1,4,45,6,99,0,10,1
07-16-20,Meigs,50,6,50,6,0,0,64,7,1132,31,1196,38,0,0,6,16,0,34,0,5,0
07-16-20,Monroe,183,11,174,11,9,0,205,13,2839,170,3044,183,1,7,4,16,6,160,2,16,5
07-16-20,Montgomery,1085,118,1077,114,8,4,1222,128,17566,765,18788,893,0,7,83,327,35,751,4,60,8
07-16-20,Moore,30,0,30,0,0,0,35,1,685,28,720,29,0,0,-1,9,1,21,0,0,0
07-16-20,Morgan,42,1,42,1,0,0,49,2,4106,33,4155,35,0,1,1,10,0,31,0,2,1
07-16-20,Obion,155,7,150,7,5,0,175,7,3182,113,3357,120,0,3,0,21,7,131,1,15,5
07-16-20,Out of State,823,33,821,33,2,0,881,36,123615,3533,124496,3569,0,10,8,183,25,630,1,37,3
07-16-20,Overton,109,7,107,7,2,0,121,9,2752,67,2873,76,0,1,3,16,4,92,0,5,1
07-16-20,Pending,111,5,110,5,1,0,129,12,76412,2379,76541,2391,-1,0,-2,36,8,75,0,0,0
07-16-20,Perry,47,0,47,0,0,0,55,1,1011,31,1066,32,0,0,-1,11,1,36,0,3,0
07-16-20,Pickett,9,2,9,2,0,0,9,2,535,1,544,3,0,0,2,3,0,6,0,0,1
07-16-20,Polk,72,5,71,5,1,0,82,5,1337,74,1419,79,0,0,4,17,1,55,0,3,0
07-16-20,Putnam,1085,33,1080,33,5,0,1315,37,12562,221,13877,258,0,7,15,174,18,904,2,39,9
07-16-20,Rhea,377,8,377,8,0,0,413,12,3662,131,4075,143,0,0,1,80,7,297,1,8,0
07-16-20,Roane,115,9,107,8,8,1,138,11,6862,184,7000,195,0,0,4,41,5,74,1,10,0
07-16-20,Robertson,1080,33,1077,33,3,0,1330,47,7579,241,8909,288,1,14,11,152,21,914,2,77,19
07-16-20,Rutherford,4234,159,4226,159,8,0,5065,194,31856,1353,36921,1547,1,40,51,715,107,3479,2,163,44
07-16-20,Scott,36,2,33,2,3,0,33,2,1497,67,1530,69,0,0,0,10,2,26,0,2,0
07-16-20,Sequatchie,67,3,67,3,0,0,81,3,1946,71,2027,74,0,0,1,14,2,53,0,3,0
07-16-20,Sevier,1037,46,988,44,49,2,1102,61,11886,378,12988,439,0,4,13,101,33,932,0,39,4
07-16-20,Shelby,15730,461,15700,454,30,7,18815,591,175126,4044,193941,4635,0,233,133,2468,328,13029,26,1308,265
07-16-20,Smith,223,10,220,10,3,0,251,12,2312,91,2563,103,0,2,4,57,6,164,1,12,2
07-16-20,Stewart,35,1,35,1,0,0,41,1,1038,37,1079,38,0,0,-1,10,2,25,0,2,0
07-16-20,Sullivan,327,32,297,31,30,1,339,37,9661,298,10000,335,0,5,6,134,26,188,3,40,6
07-16-20,Sumner,2391,95,2379,95,12,0,2890,110,18032,606,20922,716,0,57,43,515,52,1819,3,269,59
07-16-20,Tipton,801,23,793,23,8,0,886,25,9669,222,10555,247,0,7,8,69,15,725,3,48,8
07-16-20,Trousdale,1539,16,1536,16,3,0,1590,18,2763,44,4353,62,1,6,12,26,3,1507,0,15,6
07-16-20,Unicoi,64,2,64,2,0,0,71,2,1887,82,1958,84,0,0,0,7,2,57,0,2,0
07-16-20,Union,39,5,39,5,0,0,42,6,1459,64,1501,70,0,0,5,17,0,22,0,1,0
07-16-20,Van Buren,18,0,18,0,0,0,19,1,586,8,605,9,0,0,0,10,0,8,0,1,0
07-16-20,Warren,211,26,211,26,0,0,229,27,4558,131,4787,158,0,1,23,114,3,96,1,5,3
07-16-20,Washington,339,16,328,16,11,0,376,38,9759,607,10135,645,0,0,3,114,13,225,1,19,0
07-16-20,Wayne,147,7,147,7,0,0,157,12,3130,126,3287,138,0,0,6,54,1,93,0,3,0
07-16-20,Weakley,105,9,102,7,3,2,106,6,3173,172,3279,178,0,1,9,25,0,79,0,5,1
07-16-20,White,121,1,119,1,2,0,143,2,3209,42,3352,44,0,3,-5,35,6,83,0,8,3
07-16-20,Williamson,2253,108,2247,108,6,0,2587,130,28788,1208,31375,1338,0,18,48,623,60,1612,1,67,16
07-16-20,Wilson,1471,81,1468,81,3,0,1761,102,15983,674,17744,776,0,18,22,320,59,1133,1,67,18
07-15-20,Anderson,245,17,234,16,11,1,286,20,9621,86,9907,106,0,2,1,75,16,168,0,15,2
07-15-20,Bedford,661,12,661,12,0,0,769,8,4631,49,5400,57,1,10,3,67,8,584,1,27,10
07-15-20,Benton,22,1,19,1,3,0,24,0,1250,6,1274,6,0,1,0,7,1,14,1,3,1
07-15-20,Bledsoe,643,0,643,0,0,0,657,0,3964,18,4621,18,0,1,-4,5,4,637,0,10,1
07-15-20,Blount,397,12,386,12,11,0,469,14,9361,105,9830,119,0,3,-6,98,18,296,0,21,5
07-15-20,Bradley,1128,14,1110,14,18,0,1277,13,8899,60,10176,73,1,6,-28,215,41,907,2,70,7
07-15-20,Campbell,80,1,75,1,5,0,91,2,3604,28,3695,30,0,1,-5,15,6,64,0,6,1
07-15-20,Cannon,65,1,64,1,1,0,91,3,1339,22,1430,25,0,0,0,23,1,42,0,5,0
07-15-20,Carroll,64,4,56,4,8,0,63,4,2312,21,2375,25,0,1,1,12,3,51,2,8,2
07-15-20,Carter,154,12,147,12,7,0,159,9,4140,55,4299,64,0,2,4,70,8,82,2,16,2
07-15-20,Cheatham,327,18,327,18,0,0,387,18,4106,108,4493,126,0,3,12,67,6,257,0,18,4
07-15-20,Chester,108,13,105,12,3,1,110,12,1133,18,1243,30,0,0,2,51,11,57,1,6,1
07-15-20,Claiborne,92,6,90,6,2,0,102,6,2680,79,2782,85,0,0,3,28,3,64,0,3,0
07-15-20,Clay,38,2,38,2,0,0,40,2,960,16,1000,18,0,0,-1,7,3,31,0,1,0
07-15-20,Cocke,185,18,176,18,9,0,198,18,2874,48,3072,66,0,0,4,62,14,123,1,8,1
07-15-20,Coffee,166,6,165,6,1,0,198,1,5531,85,5729,86,0,0,2,31,4,135,0,7,0
07-15-20,Crockett,86,11,77,11,9,0,93,11,1127,42,1220,53,0,3,8,36,3,47,0,4,3
07-15-20,Cumberland,253,7,249,7,4,0,330,10,8485,120,8815,130,0,5,4,44,3,204,1,23,6
07-15-20,Davidson,15242,349,15223,348,19,1,18221,415,132737,2245,150958,2660,2,157,-11,2835,358,12250,12,707,168
07-15-20,Decatur,51,6,33,3,18,3,53,7,1171,19,1224,26,0,0,6,25,0,26,0,2,0
07-15-20,Dekalb,117,3,117,3,0,0,144,7,2659,22,2803,29,0,0,-2,32,5,85,0,6,0
07-15-20,Dickson,331,14,331,14,0,0,419,21,4912,140,5331,161,0,0,7,79,7,252,2,24,0
07-15-20,Dyer,335,11,322,11,13,0,357,12,3710,70,4067,82,0,3,5,47,6,285,2,30,4
07-15-20,Fayette,422,11,419,11,3,0,534,14,7036,81,7570,95,0,6,-5,53,16,363,3,46,10
07-15-20,Fentress,37,5,37,5,0,0,39,7,1523,36,1562,43,0,0,5,10,0,27,0,3,0
07-15-20,Franklin,133,2,131,2,2,0,158,7,3947,59,4105,66,0,3,-3,27,5,103,0,10,3
07-15-20,Gibson,240,17,206,12,34,5,259,18,4090,29,4349,47,0,1,9,79,8,160,0,13,1
07-15-20,Giles,170,20,170,20,0,0,172,7,2897,44,3069,51,0,1,11,84,9,85,0,13,2
07-15-20,Grainger,66,1,61,1,5,0,78,0,1836,16,1914,16,0,0,-5,11,6,55,0,8,0
07-15-20,Greene,184,12,178,12,6,0,194,13,5070,110,5264,123,0,2,1,52,11,130,2,18,3
07-15-20,Grundy,73,1,72,1,1,0,84,1,1055,5,1139,6,0,2,0,4,1,67,1,12,2
07-15-20,Hamblen,577,14,556,14,21,0,618,18,7183,70,7801,88,1,5,-30,91,43,481,3,42,7
07-15-20,Hamilton,3612,81,3601,80,11,1,4029,89,50025,708,54054,797,1,39,-18,557,98,3016,1,175,41
07-15-20,Hancock,24,7,23,7,1,0,18,1,542,13,560,14,0,0,5,16,2,8,0,4,0
07-15-20,Hardeman,499,23,486,22,13,1,544,24,6926,27,7470,51,0,4,4,112,19,383,0,29,10
07-15-20,Hardin,159,5,153,5,6,0,186,5,3815,39,4001,44,0,7,-1,20,6,132,0,13,7
07-15-20,Hawkins,114,11,111,10,3,1,126,2,3730,37,3856,39,0,2,8,35,3,77,0,11,2
07-15-20,Haywood,169,8,162,6,7,2,184,10,1887,14,2071,24,0,3,2,31,6,135,0,14,4
07-15-20,Henderson,127,19,94,8,33,11,135,19,2091,12,2226,31,0,0,11,61,8,66,0,7,0
07-15-20,Henry,56,2,55,2,1,0,71,2,3320,32,3391,34,0,0,0,9,2,47,0,8,0
07-15-20,Hickman,124,10,124,10,0,0,147,3,2029,22,2176,25,0,0,2,30,8,94,0,3,0
07-15-20,Houston,30,1,30,1,0,0,36,1,829,4,865,5,0,0,-1,10,2,20,0,6,0
07-15-20,Humphreys,53,1,51,1,2,0,61,2,1743,35,1804,37,0,2,-2,12,3,39,0,3,2
07-15-20,Jackson,82,8,82,8,0,0,92,10,1124,33,1216,43,0,0,4,35,4,47,1,6,2
07-15-20,Jefferson,229,4,215,3,14,1,249,5,5098,71,5347,76,0,1,-14,53,18,175,0,14,1
07-15-20,Johnson,52,3,50,3,2,0,49,2,2797,5,2846,7,0,0,3,10,0,42,0,5,0
07-15-20,Knox,1967,77,1930,77,37,0,2143,83,47743,515,49886,598,3,15,-14,496,88,1456,4,142,17
07-15-20,Lake,694,0,692,0,2,0,861,0,3912,25,4773,25,0,0,-1,5,1,689,0,3,0
07-15-20,Lauderdale,224,12,220,11,4,1,252,15,4927,57,5179,72,0,4,2,40,10,180,0,21,6
07-15-20,Lawrence,260,5,260,5,0,0,320,9,4036,16,4356,25,0,6,-11,76,16,178,0,18,6
07-15-20,Lewis,16,1,16,1,0,0,17,1,1191,7,1208,8,0,0,1,6,0,10,0,2,0
07-15-20,Lincoln,120,8,120,8,0,0,142,13,2792,28,2934,41,0,0,5,39,3,81,1,7,0
07-15-20,Loudon,358,13,343,13,15,0,380,11,4682,71,5062,82,0,2,4,60,9,296,0,13,3
07-15-20,Macon,697,3,695,3,2,0,796,4,3502,20,4298,24,0,7,-11,102,14,588,0,51,9
07-15-20,Madison,444,11,423,10,21,1,503,12,9244,47,9747,59,0,2,-17,42,28,400,1,44,6
07-15-20,Marion,111,5,110,5,1,0,131,7,2082,21,2213,28,0,4,-1,26,6,81,0,14,4
07-15-20,Marshall,151,5,151,5,0,0,168,10,2601,36,2769,46,0,2,0,42,5,107,0,12,2
07-15-20,Maury,553,26,551,25,2,1,645,19,6886,106,7531,125,0,3,9,130,17,420,2,29,4
07-15-20,McMinn,330,7,327,7,3,0,394,6,5456,60,5850,66,0,19,1,70,6,241,0,36,21
07-15-20,McNairy,135,4,130,4,5,0,144,5,1918,13,2062,18,0,1,-2,41,6,93,0,10,1
07-15-20,Meigs,44,1,44,1,0,0,57,0,1101,15,1158,15,0,0,-1,10,2,34,0,5,0
07-15-20,Monroe,172,2,163,2,9,0,192,3,2669,111,2861,114,0,6,2,12,0,154,1,14,5
07-15-20,Montgomery,967,51,963,51,4,0,1094,60,16801,399,17895,459,0,7,6,244,45,716,5,56,8
07-15-20,Moore,30,1,30,1,0,0,34,2,657,8,691,10,0,0,-1,10,2,20,0,0,0
07-15-20,Morgan,41,4,41,4,0,0,47,4,4073,12,4120,16,0,1,0,9,4,31,0,2,1
07-15-20,Obion,148,9,143,8,5,1,168,11,3069,57,3237,68,0,3,4,21,5,124,0,14,4
07-15-20,Out of State,790,22,788,21,2,1,845,27,120082,2614,120927,2641,-1,10,-1,175,24,605,0,36,3
07-15-20,Overton,102,3,100,1,2,2,112,1,2685,58,2797,59,0,1,-1,13,4,88,0,5,1
07-15-20,Pending,106,6,105,6,1,0,117,7,74033,1073,74150,1080,0,1,-4,38,10,67,0,0,0
07-15-20,Perry,47,1,47,1,0,0,54,2,980,3,1034,5,0,0,1,12,0,35,0,3,0
07-15-20,Pickett,7,0,7,0,0,0,7,0,534,3,541,3,0,0,0,1,0,6,0,0,1
07-15-20,Polk,67,0,66,0,1,0,77,0,1263,15,1340,15,0,0,0,13,0,54,0,3,0
07-15-20,Putnam,1052,10,1047,10,5,0,1278,19,12341,209,13619,228,0,7,-10,159,20,886,0,37,9
07-15-20,Rhea,369,0,369,0,0,0,401,0,3531,16,3932,16,0,0,-8,79,8,290,0,7,0
07-15-20,Roane,106,7,99,7,7,0,127,7,6678,96,6805,103,0,0,7,37,0,69,0,9,0
07-15-20,Robertson,1047,28,1044,28,3,0,1283,30,7338,162,8621,192,0,13,8,141,20,893,1,75,19
07-15-20,Rutherford,4075,126,4067,126,8,0,4871,156,30503,739,35374,895,0,39,6,664,120,3372,3,161,43
07-15-20,Scott,34,2,31,1,3,1,31,1,1430,12,1461,13,0,0,1,10,1,24,0,2,0
07-15-20,Sequatchie,64,0,64,0,0,0,78,0,1875,23,1953,23,0,0,-1,13,1,51,0,3,0
07-15-20,Sevier,991,19,944,18,47,1,1041,23,11508,201,12549,224,0,4,-18,88,37,899,2,39,4
07-15-20,Shelby,15269,328,15246,328,23,0,18224,392,171082,2976,189306,3368,4,233,-127,2335,451,12701,27,1282,258
07-15-20,Smith,213,5,210,5,3,0,239,6,2221,26,2460,32,0,2,-3,53,8,158,0,11,2
07-15-20,Stewart,34,1,34,1,0,0,40,3,1001,7,1041,10,0,0,1,11,0,23,0,2,0
07-15-20,Sullivan,295,10,266,10,29,0,302,16,9363,140,9665,156,0,5,-5,128,15,162,2,37,6
07-15-20,Sumner,2296,60,2284,60,12,0,2780,68,17426,362,20206,430,0,57,4,472,56,1767,3,266,58
07-15-20,Tipton,778,22,770,22,8,0,861,27,9447,188,10308,215,0,7,8,61,14,710,1,45,8
07-15-20,Trousdale,1523,3,1520,3,3,0,1572,3,2719,40,4291,43,0,5,2,14,1,1504,0,15,6
07-15-20,Unicoi,62,1,62,1,0,0,69,1,1805,21,1874,22,0,0,1,7,0,55,1,2,0
07-15-20,Union,34,1,34,1,0,0,36,1,1395,12,1431,13,0,0,0,12,1,22,0,1,0
07-15-20,Van Buren,18,0,18,0,0,0,18,0,578,2,596,2,0,0,0,10,0,8,0,1,0
07-15-20,Warren,185,9,185,9,0,0,202,12,4427,79,4629,91,1,1,0,91,8,93,0,4,3
07-15-20,Washington,323,13,312,13,11,0,338,8,9152,107,9490,115,0,0,1,111,12,212,2,18,0
07-15-20,Wayne,140,6,140,6,0,0,145,3,3004,5,3149,8,0,0,2,48,4,92,0,3,0
07-15-20,Weakley,96,4,95,4,1,0,100,5,3001,62,3101,67,0,1,2,16,2,79,0,5,1
07-15-20,White,120,1,118,1,2,0,141,1,3167,22,3308,23,0,3,1,40,0,77,0,8,3
07-15-20,Williamson,2145,141,2139,141,6,0,2457,164,27580,1231,30037,1395,2,18,37,575,102,1552,1,66,16
07-15-20,Wilson,1390,56,1387,56,3,0,1659,69,15309,395,16968,464,1,18,6,298,49,1074,0,66,18
07-14-20,Anderson,228,10,218,9,10,1,266,10,9535,135,9801,145,0,2,-1,74,11,152,0,15,2
07-14-20,Bedford,649,6,649,6,0,0,761,10,4582,83,5343,93,0,9,0,64,6,576,0,26,10
07-14-20,Benton,21,7,18,5,3,2,24,6,1244,31,1268,37,0,1,6,7,1,13,0,2,1
07-14-20,Bledsoe,643,0,643,0,0,0,657,3,3946,29,4603,32,0,1,-1,9,1,633,0,10,1
07-14-20,Blount,385,25,374,25,11,0,455,28,9256,339,9711,367,0,3,13,104,12,278,1,21,4
07-14-20,Bradley,1114,43,1096,43,18,0,1264,52,8839,262,10103,314,1,5,-2,243,44,866,4,68,7
07-14-20,Campbell,79,3,74,3,5,0,89,4,3576,65,3665,69,0,1,-1,20,4,58,0,6,1
07-14-20,Cannon,64,4,63,3,1,1,88,4,1317,45,1405,49,0,0,3,23,1,41,0,5,0
07-14-20,Carroll,60,4,52,3,8,1,59,4,2291,36,2350,40,0,1,1,11,3,48,0,6,2
07-14-20,Carter,142,13,135,13,7,0,150,16,4085,43,4235,59,0,2,7,66,6,74,2,14,2
07-14-20,Cheatham,309,13,309,13,0,0,369,15,3998,110,4367,125,0,3,5,55,8,251,2,18,4
07-14-20,Chester,95,2,93,2,2,0,98,3,1115,13,1213,16,0,0,-2,49,4,46,0,5,1
07-14-20,Claiborne,86,5,84,5,2,0,96,6,2601,62,2697,68,0,0,-1,25,6,61,0,3,0
07-14-20,Clay,36,1,36,1,0,0,38,1,944,37,982,38,0,0,0,8,1,28,0,1,0
07-14-20,Cocke,167,6,158,6,9,0,180,10,2826,36,3006,46,0,0,1,58,5,109,1,7,1
07-14-20,Coffee,160,5,159,5,1,0,197,6,5446,100,5643,106,0,0,-3,29,8,131,1,7,0
07-14-20,Crockett,75,5,66,3,9,2,82,5,1085,15,1167,20,0,3,3,28,2,44,0,4,3
07-14-20,Cumberland,246,9,242,9,4,0,320,7,8365,236,8685,243,1,5,4,40,4,201,0,22,5
07-14-20,Davidson,14893,327,14875,327,18,0,17806,421,130492,2834,148298,3255,9,155,-95,2846,413,11892,10,695,166
07-14-20,Decatur,45,7,30,2,15,5,46,7,1152,20,1198,27,0,0,6,19,1,26,0,2,0
07-14-20,Dekalb,114,12,114,12,0,0,137,13,2637,101,2774,114,0,0,7,34,5,80,0,6,0
07-14-20,Dickson,317,17,317,17,0,0,398,17,4772,106,5170,123,0,0,7,72,10,245,1,22,0
07-14-20,Dyer,324,15,311,14,13,1,345,14,3640,49,3985,63,0,3,4,42,11,279,1,28,4
07-14-20,Fayette,411,13,408,13,3,0,520,16,6955,120,7475,136,1,6,4,58,8,347,0,43,10
07-14-20,Fentress,32,2,32,2,0,0,32,2,1487,22,1519,24,0,0,1,5,1,27,1,3,0
07-14-20,Franklin,131,2,129,2,2,0,151,2,3888,38,4039,40,0,3,-2,30,4,98,0,10,3
07-14-20,Gibson,223,18,194,13,29,5,241,23,4061,48,4302,71,0,1,9,70,9,152,1,13,1
07-14-20,Giles,150,13,150,13,0,0,165,15,2853,108,3018,123,0,1,8,73,5,76,0,13,2
07-14-20,Grainger,65,4,60,4,5,0,78,4,1820,41,1898,45,0,0,-1,16,5,49,1,8,0
07-14-20,Greene,172,12,166,12,6,0,181,6,4960,69,5141,75,0,2,5,51,7,119,3,16,3
07-14-20,Grundy,72,1,71,1,1,0,83,1,1050,13,1133,14,0,2,-1,4,2,66,0,11,2
07-14-20,Hamblen,563,41,542,40,21,1,600,44,7113,212,7713,256,0,4,13,121,28,438,5,39,6
07-14-20,Hamilton,3531,89,3521,89,10,0,3940,97,49317,948,53257,1045,0,38,-13,575,102,2918,7,174,39
07-14-20,Hancock,17,4,16,4,1,0,17,3,529,4,546,7,0,0,4,11,0,6,0,4,0
07-14-20,Hardeman,476,15,464,13,12,2,520,20,6899,35,7419,55,0,4,1,108,14,364,1,29,9
07-14-20,Hardin,154,7,148,7,6,0,181,8,3776,49,3957,57,0,7,-1,21,8,126,0,13,7
07-14-20,Hawkins,103,1,101,1,2,0,124,2,3693,61,3817,63,0,2,-5,27,6,74,0,11,2
07-14-20,Haywood,161,4,156,3,5,1,174,4,1873,25,2047,29,0,3,-12,29,16,129,0,14,4
07-14-20,Henderson,108,21,86,12,22,9,116,19,2079,32,2195,51,0,0,18,50,3,58,1,7,0
07-14-20,Henry,54,1,53,1,1,0,69,1,3288,157,3357,158,0,0,1,9,0,45,0,8,0
07-14-20,Hickman,114,3,114,3,0,0,144,5,2007,35,2151,40,0,0,-3,28,6,86,0,3,0
07-14-20,Houston,29,0,29,0,0,0,35,0,825,3,860,3,0,0,-2,11,2,18,0,6,0
07-14-20,Humphreys,52,3,50,2,2,1,59,2,1708,26,1767,28,0,2,0,14,3,36,0,3,2
07-14-20,Jackson,74,4,74,4,0,0,82,4,1091,21,1173,25,0,0,1,31,3,43,2,5,2
07-14-20,Jefferson,225,18,212,17,13,1,244,19,5027,133,5271,152,0,1,7,67,11,157,2,14,1
07-14-20,Johnson,49,0,47,0,2,0,47,0,2792,10,2839,10,0,0,-1,7,1,42,0,5,0
07-14-20,Knox,1890,94,1853,93,37,1,2060,115,47228,738,49288,853,2,12,13,510,79,1368,1,138,16
07-14-20,Lake,694,2,692,2,2,0,861,3,3887,12,4748,15,0,0,2,6,0,688,0,3,0
07-14-20,Lauderdale,212,14,209,14,3,0,237,15,4870,64,5107,79,0,4,5,38,9,170,2,21,6
07-14-20,Lawrence,255,4,255,4,0,0,311,8,4020,197,4331,205,0,6,-2,87,6,162,0,18,6
07-14-20,Lewis,15,0,15,0,0,0,16,0,1184,23,1200,23,0,0,-2,5,2,10,0,2,0
07-14-20,Lincoln,112,6,112,6,0,0,129,2,2764,58,2893,60,0,0,6,34,0,78,0,6,0
07-14-20,Loudon,345,16,330,16,15,0,369,15,4611,65,4980,80,0,2,10,56,6,287,0,13,3
07-14-20,Macon,694,15,692,15,2,0,792,18,3482,58,4274,76,0,7,3,113,12,574,1,51,8
07-14-20,Madison,433,21,413,21,20,0,491,24,9197,115,9688,139,0,2,0,59,21,372,2,43,5
07-14-20,Marion,106,4,105,4,1,0,124,6,2061,19,2185,25,0,4,0,27,4,75,0,14,4
07-14-20,Marshall,146,11,146,11,0,0,158,7,2565,69,2723,76,0,2,6,42,5,102,0,12,2
07-14-20,Maury,527,7,526,7,1,0,626,15,6780,161,7406,176,0,3,-10,121,17,403,0,27,4
07-14-20,McMinn,323,9,320,9,3,0,388,14,5396,82,5784,96,0,19,1,69,8,235,1,36,21
07-14-20,McNairy,131,10,126,9,5,1,139,11,1905,42,2044,53,0,1,7,43,3,87,0,10,1
07-14-20,Meigs,43,1,43,1,0,0,57,1,1086,20,1143,21,0,0,1,11,0,32,0,5,0
07-14-20,Monroe,170,3,161,3,9,0,189,2,2558,46,2747,48,0,6,-1,10,4,154,0,13,5
07-14-20,Montgomery,916,51,912,51,4,0,1034,58,16402,522,17436,580,0,7,21,238,30,671,0,51,8
07-14-20,Moore,29,2,29,2,0,0,32,2,649,30,681,32,0,0,0,11,2,18,0,0,0
07-14-20,Morgan,37,1,37,1,0,0,43,1,4061,30,4104,31,0,1,-1,9,2,27,0,2,1
07-14-20,Obion,139,6,135,6,4,0,157,6,3012,65,3169,71,0,3,4,17,2,119,0,14,4
07-14-20,Out of State,768,31,767,30,1,1,818,29,117468,2130,118286,2159,-1,11,1,176,31,581,1,36,3
07-14-20,Overton,99,3,99,3,0,0,111,5,2627,145,2738,150,0,1,1,14,2,84,0,5,1
07-14-20,Pending,100,12,99,11,1,1,110,13,72960,1386,73070,1399,-1,1,4,42,9,57,0,0,0
07-14-20,Perry,46,1,46,1,0,0,52,1,977,6,1029,7,0,0,1,11,0,35,0,3,0
07-14-20,Pickett,7,0,7,0,0,0,7,0,531,9,538,9,0,0,0,1,0,6,0,0,1
07-14-20,Polk,67,4,66,4,1,0,77,5,1248,22,1325,27,0,0,1,13,3,54,0,3,0
07-14-20,Putnam,1042,7,1037,7,5,0,1259,12,12132,175,13391,187,0,7,-18,169,25,866,1,37,9
07-14-20,Rhea,369,5,369,5,0,0,401,9,3515,75,3916,84,0,0,-3,87,8,282,0,7,0
07-14-20,Roane,99,4,92,4,7,0,120,5,6582,99,6702,104,0,0,2,30,2,69,0,9,0
07-14-20,Robertson,1019,33,1016,33,3,0,1253,45,7176,102,8429,147,0,13,17,133,16,873,3,74,19
07-14-20,Rutherford,3949,106,3941,106,8,0,4715,149,29764,1022,34479,1171,0,39,-27,658,133,3252,2,158,43
07-14-20,Scott,32,0,30,0,2,0,30,0,1418,7,1448,7,0,0,-2,9,2,23,0,2,0
07-14-20,Sequatchie,64,0,64,0,0,0,78,1,1852,27,1930,28,0,0,-3,14,3,50,0,3,0
07-14-20,Sevier,972,42,926,42,46,0,1018,42,11307,254,12325,296,0,4,12,106,30,862,1,37,4
07-14-20,Shelby,14941,414,14918,414,23,0,17832,481,168106,3193,185938,3674,5,229,31,2462,378,12250,26,1255,253
07-14-20,Smith,208,13,205,13,3,0,233,17,2195,72,2428,89,0,2,8,56,5,150,2,11,2
07-14-20,Stewart,33,6,33,6,0,0,37,6,994,19,1031,25,0,0,6,10,0,23,0,2,0
07-14-20,Sullivan,285,24,256,21,29,3,286,27,9223,213,9509,240,0,5,12,133,12,147,0,35,5
07-14-20,Sumner,2236,117,2224,117,12,0,2712,134,17064,513,19776,647,1,57,62,468,54,1711,2,263,58
07-14-20,Tipton,756,17,748,17,8,0,834,19,9259,160,10093,179,0,7,-4,53,21,696,1,44,8
07-14-20,Trousdale,1520,4,1517,4,3,0,1569,5,2679,28,4248,33,0,5,2,12,2,1503,0,15,6
07-14-20,Unicoi,61,0,61,0,0,0,68,0,1784,43,1852,43,0,0,0,6,0,55,0,1,0
07-14-20,Union,33,2,33,2,0,0,35,1,1383,17,1418,18,0,0,0,12,2,21,0,1,0
07-14-20,Van Buren,18,4,18,4,0,0,18,4,576,25,594,29,0,0,4,10,0,8,0,1,0
07-14-20,Warren,176,13,176,13,0,0,190,14,4348,164,4538,178,0,0,10,91,3,85,0,4,3
07-14-20,Washington,310,27,299,27,11,0,330,20,9045,134,9375,154,0,0,11,110,16,200,3,16,0
07-14-20,Wayne,134,2,134,2,0,0,142,9,2999,16,3141,25,0,0,-1,46,3,88,1,3,0
07-14-20,Weakley,92,3,91,2,1,1,95,4,2939,67,3034,71,0,1,1,14,2,77,0,5,1
07-14-20,White,119,20,117,20,2,0,140,21,3145,127,3285,148,0,3,20,39,0,77,0,8,3
07-14-20,Williamson,2004,72,1998,71,6,1,2293,82,26349,979,28642,1061,0,16,-3,538,75,1450,1,65,16
07-14-20,Wilson,1334,45,1331,45,3,0,1590,52,14914,490,16504,542,0,17,14,292,31,1025,2,66,18
07-13-20,Anderson,218,6,209,5,9,1,256,7,9400,43,9656,50,0,2,-6,75,12,141,2,15,2
07-13-20,Bedford,643,11,643,11,0,0,751,10,4499,44,5250,54,0,9,-7,64,18,570,0,26,10
07-13-20,Benton,14,0,13,0,1,0,18,1,1213,9,1231,10,0,1,0,1,0,12,0,2,1
07-13-20,Bledsoe,643,3,643,3,0,0,654,1,3917,14,4571,15,0,1,2,10,1,632,2,10,1
07-13-20,Blount,360,4,349,4,11,0,427,5,8917,126,9344,131,0,3,-19,91,23,266,0,20,4
07-13-20,Bradley,1071,39,1053,39,18,0,1212,48,8577,147,9789,195,0,4,-27,245,66,822,1,64,6
07-13-20,Campbell,76,1,71,1,5,0,85,1,3511,5,3596,6,0,1,-6,21,7,54,0,6,1
07-13-20,Cannon,60,8,60,8,0,0,84,11,1272,41,1356,52,0,0,4,20,4,40,0,5,0
07-13-20,Carroll,56,2,49,1,7,1,55,2,2255,31,2310,33,0,1,1,10,1,45,0,6,1
07-13-20,Carter,129,10,122,10,7,0,134,9,4042,86,4176,95,0,2,7,59,3,68,0,12,2
07-13-20,Cheatham,296,5,296,5,0,0,354,5,3888,80,4242,85,0,3,-1,50,6,243,0,16,3
07-13-20,Chester,93,7,91,7,2,0,95,6,1102,20,1197,26,0,0,2,51,5,42,1,5,1
07-13-20,Claiborne,81,9,79,7,2,2,90,7,2539,64,2629,71,0,0,-4,26,13,55,0,3,0
07-13-20,Clay,35,6,35,6,0,0,37,7,907,27,944,34,0,0,6,8,0,27,1,1,0
07-13-20,Cocke,161,2,152,2,9,0,170,1,2790,11,2960,12,0,0,-4,57,6,104,0,6,1
07-13-20,Coffee,155,5,154,5,1,0,191,5,5346,61,5537,66,0,0,1,32,4,123,0,6,0
07-13-20,Crockett,70,7,63,5,7,2,77,7,1070,24,1147,31,0,3,2,25,5,42,0,4,3
07-13-20,Cumberland,237,10,233,10,4,0,313,14,8129,137,8442,151,0,4,3,36,7,197,0,22,5
07-13-20,Davidson,14566,403,14548,403,18,0,17385,487,127658,2572,145043,3059,3,146,15,2941,385,11479,7,685,166
07-13-20,Decatur,38,2,28,1,10,1,39,2,1132,33,1171,35,0,0,1,13,1,25,0,2,0
07-13-20,Dekalb,102,12,102,12,0,0,124,12,2536,93,2660,105,0,0,10,27,2,75,0,6,0
07-13-20,Dickson,300,8,300,8,0,0,381,11,4666,59,5047,70,0,0,0,65,8,235,1,21,0
07-13-20,Dyer,309,12,297,12,12,0,331,13,3591,99,3922,112,0,3,-1,38,13,268,0,27,4
07-13-20,Fayette,398,7,395,7,3,0,504,12,6835,85,7339,97,0,5,-1,54,8,339,1,43,9
07-13-20,Fentress,30,1,30,1,0,0,30,1,1465,19,1495,20,0,0,-1,4,2,26,0,2,0
07-13-20,Franklin,129,5,127,5,2,0,149,5,3850,161,3999,166,0,3,1,32,4,94,1,10,3
07-13-20,Gibson,205,12,181,11,24,1,218,9,4013,89,4231,98,0,1,5,61,7,143,1,12,1
07-13-20,Giles,137,10,137,10,0,0,150,7,2745,38,2895,45,0,1,5,65,5,71,1,13,1
07-13-20,Grainger,61,0,56,0,5,0,74,0,1779,14,1853,14,0,0,-1,17,1,44,0,7,0
07-13-20,Greene,160,5,154,5,6,0,175,3,4891,49,5066,52,0,2,1,46,4,112,0,13,2
07-13-20,Grundy,71,2,70,2,1,0,82,4,1037,19,1119,23,0,2,-2,5,4,64,0,11,2
07-13-20,Hamblen,522,5,502,4,20,1,556,7,6901,33,7457,40,0,4,-38,108,43,410,1,34,6
07-13-20,Hamilton,3442,83,3432,83,10,0,3843,92,48369,932,52212,1024,0,38,-12,588,95,2816,2,167,39
07-13-20,Hancock,13,1,12,1,1,0,14,1,525,13,539,14,0,0,-2,7,3,6,0,4,0
07-13-20,Hardeman,461,18,451,16,10,2,500,22,6864,54,7364,76,0,4,13,107,5,350,1,28,9
07-13-20,Hardin,147,5,141,4,6,1,173,5,3727,219,3900,224,0,7,1,22,4,118,0,13,7
07-13-20,Hawkins,102,7,100,7,2,0,122,8,3632,99,3754,107,0,2,4,32,3,68,1,11,2
07-13-20,Haywood,157,8,153,7,4,1,170,7,1848,78,2018,85,0,3,-3,41,11,113,0,14,4
07-13-20,Henderson,87,10,74,5,13,5,97,10,2047,30,2144,40,0,0,8,32,2,55,0,6,0
07-13-20,Henry,53,1,52,1,1,0,68,3,3131,77,3199,80,0,0,1,8,0,45,0,8,0
07-13-20,Hickman,111,2,111,2,0,0,139,1,1972,21,2111,22,0,0,-2,31,4,80,0,3,0
07-13-20,Houston,29,0,29,0,0,0,35,0,822,8,857,8,0,0,0,13,0,16,0,6,0
07-13-20,Humphreys,49,1,48,1,1,0,57,1,1682,38,1739,39,0,2,-1,14,2,33,1,3,2
07-13-20,Jackson,70,7,70,7,0,0,78,8,1070,25,1148,33,0,0,4,30,3,40,0,3,2
07-13-20,Jefferson,207,3,195,3,12,0,225,4,4894,27,5119,31,0,1,-8,60,11,146,1,12,1
07-13-20,Johnson,49,1,47,1,2,0,47,1,2782,17,2829,18,0,0,-1,8,2,41,0,5,0
07-13-20,Knox,1796,94,1760,92,36,2,1945,60,46490,646,48435,706,1,10,23,497,70,1289,2,137,15
07-13-20,Lake,692,0,690,0,2,0,858,0,3875,3,4733,3,0,0,0,4,0,688,0,3,0
07-13-20,Lauderdale,198,10,195,10,3,0,222,10,4806,68,5028,78,0,4,-7,33,17,161,0,19,6
07-13-20,Lawrence,251,7,251,7,0,0,303,3,3823,44,4126,47,0,6,-15,89,22,156,0,18,6
07-13-20,Lewis,15,0,15,0,0,0,16,0,1161,78,1177,78,0,0,0,7,0,8,0,2,0
07-13-20,Lincoln,106,5,106,5,0,0,127,3,2706,19,2833,22,0,0,-2,28,7,78,0,6,0
07-13-20,Loudon,329,3,314,3,15,0,354,5,4546,38,4900,43,0,2,-1,46,4,281,0,13,3
07-13-20,Macon,679,40,677,40,2,0,774,51,3424,172,4198,223,0,7,17,110,23,562,7,50,8
07-13-20,Madison,412,22,392,21,20,1,467,20,9082,232,9549,252,0,2,4,59,18,351,2,41,4
07-13-20,Marion,102,0,101,0,1,0,118,0,2042,12,2160,12,0,4,-2,27,2,71,0,14,4
07-13-20,Marshall,135,9,135,9,0,0,151,10,2496,62,2647,72,0,2,3,36,6,97,0,12,2
07-13-20,Maury,520,31,519,31,1,0,611,32,6619,133,7230,165,0,3,7,131,24,386,1,27,4
07-13-20,McMinn,314,9,311,9,3,0,374,8,5314,167,5688,175,0,19,3,68,6,227,1,35,20
07-13-20,McNairy,121,9,117,9,4,0,128,10,1863,93,1991,103,0,1,3,36,6,84,2,10,1
07-13-20,Meigs,42,0,42,0,0,0,56,0,1066,7,1122,7,0,0,0,10,0,32,0,5,0
07-13-20,Monroe,167,0,158,0,9,0,187,0,2512,20,2699,20,0,6,-5,11,5,150,0,13,5
07-13-20,Montgomery,865,17,861,17,4,0,976,19,15880,161,16856,180,0,7,-20,217,37,641,2,51,8
07-13-20,Moore,27,0,27,0,0,0,30,0,619,5,649,5,0,0,0,11,0,16,0,0,0
07-13-20,Morgan,36,1,36,1,0,0,42,1,4031,7,4073,8,0,1,0,10,1,25,0,2,1
07-13-20,Obion,133,4,129,4,4,0,151,3,2947,55,3098,58,0,3,3,13,1,117,0,14,4
07-13-20,Out of State,737,13,737,13,0,0,789,15,115338,985,116127,1000,2,12,-11,175,22,550,1,35,3
07-13-20,Overton,96,3,96,3,0,0,106,5,2482,60,2588,65,0,1,0,13,3,82,0,5,1
07-13-20,Pending,88,5,88,5,0,0,97,4,71574,845,71671,849,0,2,-3,38,8,48,0,0,0
07-13-20,Perry,45,5,45,5,0,0,51,5,971,111,1022,116,0,0,5,10,0,35,2,3,0
07-13-20,Pickett,7,0,7,0,0,0,7,0,522,2,529,2,0,0,0,1,0,6,0,0,1
07-13-20,Polk,63,1,62,1,1,0,72,2,1226,10,1298,12,0,0,0,12,1,51,0,3,0
07-13-20,Putnam,1035,56,1030,56,5,0,1247,67,11957,565,13204,632,0,7,30,187,26,841,0,36,9
07-13-20,Rhea,364,6,364,6,0,0,392,5,3440,47,3832,52,0,0,3,90,3,274,0,7,0
07-13-20,Roane,95,3,88,3,7,0,115,3,6483,34,6598,37,0,0,0,28,3,67,1,9,0
07-13-20,Robertson,986,13,983,13,3,0,1208,12,7074,81,8282,93,0,13,-9,116,22,857,1,71,18
07-13-20,Rutherford,3843,94,3835,93,8,1,4566,95,28742,498,33308,593,0,39,4,685,90,3119,0,156,43
07-13-20,Scott,32,1,30,1,2,0,30,1,1411,4,1441,5,0,0,-1,11,2,21,0,2,0
07-13-20,Sequatchie,64,2,64,2,0,0,77,2,1825,35,1902,37,0,0,-6,17,8,47,1,3,0
07-13-20,Sevier,930,8,884,8,46,0,976,8,11053,72,12029,80,1,4,-32,94,39,832,1,36,4
07-13-20,Shelby,14527,309,14504,307,23,2,17351,352,164913,2058,182264,2410,0,224,-103,2431,412,11872,18,1229,252
07-13-20,Smith,195,13,192,13,3,0,216,17,2123,85,2339,102,0,2,3,48,10,145,0,9,2
07-13-20,Stewart,27,1,27,1,0,0,31,1,975,32,1006,33,0,0,1,4,0,23,0,2,0
07-13-20,Sullivan,261,22,235,16,26,6,259,23,9010,164,9269,187,1,5,8,121,13,135,3,35,5
07-13-20,Sumner,2119,47,2107,47,12,0,2578,53,16551,291,19129,344,0,56,-4,406,51,1657,1,261,58
07-13-20,Tipton,739,9,731,9,8,0,815,9,9099,127,9914,136,0,7,0,57,9,675,0,43,8
07-13-20,Trousdale,1516,1,1513,1,3,0,1564,1,2651,12,4215,13,0,5,1,10,0,1501,0,15,6
07-13-20,Unicoi,61,2,61,2,0,0,68,2,1741,37,1809,39,0,0,1,6,1,55,0,1,0
07-13-20,Union,31,3,31,3,0,0,34,3,1366,16,1400,19,0,0,1,12,2,19,0,1,0
07-13-20,Van Buren,14,1,14,1,0,0,14,1,551,12,565,13,0,0,0,6,1,8,0,1,0
07-13-20,Warren,163,34,163,34,0,0,176,34,4184,163,4360,197,0,0,30,81,4,82,0,4,3
07-13-20,Washington,283,18,272,17,11,1,310,15,8911,186,9221,201,0,0,1,99,17,184,0,13,0
07-13-20,Wayne,132,11,132,11,0,0,133,4,2983,41,3116,45,0,0,10,47,1,85,0,2,0
07-13-20,Weakley,89,2,89,2,0,0,91,2,2872,62,2963,64,0,1,-2,13,4,75,1,5,1
07-13-20,White,99,8,97,8,2,0,119,8,3018,41,3137,49,0,3,5,19,3,77,0,8,3
07-13-20,Williamson,1932,74,1927,74,5,0,2211,85,25370,399,27581,484,0,16,3,541,71,1375,1,64,16
07-13-20,Wilson,1289,39,1286,39,3,0,1538,50,14424,259,15962,309,0,17,3,278,36,994,1,64,18
07-12-20,Anderson,212,10,204,10,8,0,249,12,9357,186,9606,198,0,2,5,81,5,129,0,13,2
07-12-20,Bedford,632,4,632,4,0,0,741,10,4455,91,5196,101,0,9,-3,71,7,552,0,26,10
07-12-20,Benton,14,1,13,1,1,0,17,1,1204,14,1221,15,0,1,1,1,0,12,0,2,1
07-12-20,Bledsoe,640,0,640,0,0,0,653,1,3903,52,4556,53,0,1,-2,8,2,631,0,8,1
07-12-20,Blount,356,10,345,10,11,0,422,11,8791,155,9213,166,0,3,1,110,9,243,0,20,4
07-12-20,Bradley,1032,41,1014,41,18,0,1164,48,8430,258,9594,306,0,4,11,272,30,756,2,63,5
07-12-20,Campbell,75,2,70,2,5,0,84,2,3506,189,3590,191,0,1,0,27,2,47,0,6,1
07-12-20,Cannon,52,1,52,1,0,0,73,2,1231,70,1304,72,0,0,0,16,1,36,0,5,0
07-12-20,Carroll,54,5,48,5,6,0,53,5,2224,41,2277,46,0,1,5,9,0,44,0,6,1
07-12-20,Carter,119,5,112,5,7,0,125,15,3956,174,4081,189,1,2,2,52,2,65,1,12,2
07-12-20,Cheatham,291,11,291,11,0,0,349,13,3808,96,4157,109,0,3,10,51,1,237,0,16,3
07-12-20,Chester,86,11,84,11,2,0,89,12,1082,34,1171,46,0,0,9,49,2,37,0,4,0
07-12-20,Claiborne,72,5,72,5,0,0,83,7,2475,116,2558,123,0,0,4,30,1,42,0,3,0
07-12-20,Clay,29,2,29,2,0,0,30,2,880,60,910,62,0,0,0,2,2,27,0,0,0
07-12-20,Cocke,159,14,150,14,9,0,169,18,2779,58,2948,76,0,0,14,61,0,98,3,6,1
07-12-20,Coffee,150,7,149,7,1,0,186,7,5285,203,5471,210,0,0,5,31,2,119,0,6,0
07-12-20,Crockett,63,9,58,9,5,0,70,9,1046,67,1116,76,0,3,6,23,3,37,0,4,3
07-12-20,Cumberland,227,2,223,2,4,0,299,4,7992,65,8291,69,0,4,-2,33,4,190,0,22,5
07-12-20,Davidson,14163,466,14145,466,18,0,16898,584,125086,3385,141984,3969,0,143,244,2926,222,11094,13,678,161
07-12-20,Decatur,36,6,27,0,9,6,37,5,1099,41,1136,46,0,0,4,12,2,24,0,2,0
07-12-20,Dekalb,90,2,90,2,0,0,112,5,2443,28,2555,33,0,0,0,17,2,73,1,6,0
07-12-20,Dickson,292,10,292,10,0,0,370,11,4607,90,4977,101,0,0,-2,65,12,227,0,20,0
07-12-20,Dyer,297,8,285,7,12,1,318,8,3492,43,3810,51,0,3,1,39,7,255,2,27,4
07-12-20,Fayette,391,11,388,11,3,0,492,14,6750,160,7242,174,0,5,6,55,5,331,0,42,9
07-12-20,Fentress,29,1,29,1,0,0,29,1,1446,17,1475,18,0,0,-1,5,2,24,0,2,0
07-12-20,Franklin,124,8,122,8,2,0,144,11,3689,104,3833,115,0,3,6,31,2,90,1,9,3
07-12-20,Gibson,193,17,170,12,23,5,209,20,3924,209,4133,229,0,1,11,56,6,136,1,11,1
07-12-20,Giles,127,11,127,11,0,0,143,19,2707,133,2850,152,0,1,8,60,3,66,1,12,1
07-12-20,Grainger,61,3,56,3,5,0,74,4,1765,40,1839,44,0,0,3,18,0,43,0,7,0
07-12-20,Greene,155,6,149,6,6,0,172,16,4842,193,5014,209,0,2,-2,45,8,108,0,13,2
07-12-20,Grundy,69,0,68,0,1,0,78,0,1018,21,1096,21,0,2,0,7,0,60,0,11,2
07-12-20,Hamblen,517,35,498,31,19,4,549,40,6868,114,7417,154,0,4,23,146,12,367,1,33,6
07-12-20,Hamilton,3359,163,3349,163,10,0,3751,216,47437,1729,51188,1945,0,38,109,600,54,2721,4,165,39
07-12-20,Hancock,12,0,11,0,1,0,13,0,512,12,525,12,0,0,0,9,0,3,0,4,0
07-12-20,Hardeman,443,17,435,17,8,0,478,25,6810,80,7288,105,0,4,14,94,3,345,0,27,9
07-12-20,Hardin,142,10,137,9,5,1,168,11,3508,117,3676,128,0,7,5,21,5,114,0,13,7
07-12-20,Hawkins,95,3,93,3,2,0,114,5,3533,80,3647,85,0,2,-1,28,4,65,0,10,2
07-12-20,Haywood,149,18,146,18,3,0,163,21,1770,69,1933,90,0,3,15,44,3,102,0,14,4
07-12-20,Henderson,77,6,69,4,8,2,87,6,2017,58,2104,64,0,0,5,24,1,53,0,6,0
07-12-20,Henry,52,1,51,1,1,0,65,2,3054,28,3119,30,0,0,0,7,1,45,0,8,0
07-12-20,Hickman,109,5,109,5,0,0,138,4,1951,52,2089,56,0,0,1,33,4,76,0,3,0
07-12-20,Houston,29,6,29,6,0,0,35,7,814,12,849,19,0,0,4,13,2,16,0,6,0
07-12-20,Humphreys,48,1,47,1,1,0,56,2,1644,67,1700,69,0,2,0,15,1,31,0,2,2
07-12-20,Jackson,63,0,63,0,0,0,70,0,1045,8,1115,8,0,0,-1,26,1,37,0,3,1
07-12-20,Jefferson,204,10,192,9,12,1,221,9,4867,67,5088,76,0,1,2,68,8,135,0,11,1
07-12-20,Johnson,48,1,46,1,2,0,46,0,2765,23,2811,23,0,0,1,9,0,39,1,5,0
07-12-20,Knox,1702,69,1668,67,34,2,1885,84,45844,980,47729,1064,0,9,27,474,42,1219,4,135,12
07-12-20,Lake,692,0,690,0,2,0,858,0,3872,14,4730,14,0,0,0,4,0,688,0,3,0
07-12-20,Lauderdale,188,11,185,10,3,1,212,10,4738,36,4950,46,0,4,7,40,4,144,1,19,6
07-12-20,Lawrence,244,10,244,10,0,0,300,19,3779,140,4079,159,0,6,6,104,4,134,0,18,6
07-12-20,Lewis,15,1,15,1,0,0,16,1,1083,68,1099,69,0,0,1,7,0,8,0,2,0
07-12-20,Lincoln,101,13,101,13,0,0,124,13,2687,91,2811,104,0,0,12,30,1,71,0,6,0
07-12-20,Loudon,326,5,311,5,15,0,349,4,4508,81,4857,85,0,2,-4,47,9,277,0,13,3
07-12-20,Macon,639,15,637,15,2,0,723,17,3252,46,3975,63,0,7,1,93,14,539,1,43,8
07-12-20,Madison,390,21,371,21,19,0,447,25,8850,359,9297,384,0,2,9,55,12,333,5,39,3
07-12-20,Marion,102,5,101,5,1,0,118,6,2030,45,2148,51,0,4,1,29,4,69,0,14,4
07-12-20,Marshall,126,7,126,7,0,0,141,4,2434,63,2575,67,0,2,2,33,5,91,0,12,2
07-12-20,Maury,489,29,488,29,1,0,579,34,6486,188,7065,222,0,3,16,124,13,362,0,26,4
07-12-20,McMinn,305,15,302,15,3,0,366,16,5147,120,5513,136,0,19,11,65,4,221,1,34,20
07-12-20,McNairy,112,8,108,7,4,1,118,7,1770,60,1888,67,0,1,4,33,4,78,1,8,1
07-12-20,Meigs,42,2,42,2,0,0,56,2,1059,35,1115,37,0,0,2,10,0,32,0,5,0
07-12-20,Monroe,167,2,158,2,9,0,187,2,2492,73,2679,75,0,6,0,16,2,145,0,13,5
07-12-20,Montgomery,848,50,844,50,4,0,957,62,15719,397,16676,459,0,7,23,237,27,604,3,49,8
07-12-20,Moore,27,3,27,3,0,0,30,3,614,19,644,22,0,0,3,11,0,16,0,0,0
07-12-20,Morgan,35,3,35,3,0,0,41,4,4024,37,4065,41,0,1,3,10,0,24,1,2,1
07-12-20,Obion,129,2,125,2,4,0,148,2,2892,35,3040,37,1,3,1,10,0,116,0,14,3
07-12-20,Out of State,724,39,724,39,0,0,774,40,114353,2568,115127,2608,0,10,29,186,10,528,0,34,3
07-12-20,Overton,93,0,93,0,0,0,101,0,2422,39,2523,39,0,1,-1,13,1,79,0,5,1
07-12-20,Pending,83,8,83,8,0,0,93,8,70729,1902,70822,1910,0,2,6,41,2,40,0,0,0
07-12-20,Perry,40,2,40,2,0,0,46,1,860,22,906,23,0,0,0,5,2,35,0,1,0
07-12-20,Pickett,7,1,7,1,0,0,7,1,520,6,527,7,0,0,1,1,0,6,0,0,0
07-12-20,Polk,62,1,61,1,1,0,70,2,1216,39,1286,41,0,0,-1,12,2,50,0,3,0
07-12-20,Putnam,979,8,974,8,5,0,1180,14,11392,62,12572,76,0,7,-2,157,10,815,5,36,8
07-12-20,Rhea,358,7,358,7,0,0,387,8,3393,89,3780,97,0,0,6,87,1,271,0,7,0
07-12-20,Roane,92,2,85,2,7,0,112,4,6449,97,6561,101,0,0,-1,28,3,64,0,8,0
07-12-20,Robertson,973,15,970,15,3,0,1196,20,6993,91,8189,111,0,13,6,125,9,835,1,70,18
07-12-20,Rutherford,3749,125,3742,125,7,0,4471,147,28244,754,32715,901,0,39,66,681,59,3029,2,156,42
07-12-20,Scott,31,2,29,2,2,0,29,2,1407,35,1436,37,0,0,2,12,0,19,1,2,0
07-12-20,Sequatchie,62,3,62,3,0,0,75,6,1790,50,1865,56,0,0,2,23,1,39,0,2,0
07-12-20,Sevier,922,7,876,7,46,0,968,11,10981,134,11949,145,0,3,-12,126,19,793,0,35,4
07-12-20,Shelby,14218,552,14197,552,21,0,16999,675,162855,4264,179854,4939,1,224,303,2534,248,11460,31,1211,250
07-12-20,Smith,182,18,179,18,3,0,199,19,2038,96,2237,115,0,2,13,45,5,135,3,9,2
07-12-20,Stewart,26,1,26,1,0,0,30,1,943,33,973,34,0,0,1,3,0,23,0,2,0
07-12-20,Sullivan,239,24,219,23,20,1,236,33,8846,241,9082,274,0,4,17,113,7,122,3,32,5
07-12-20,Sumner,2072,68,2060,68,12,0,2525,70,16260,457,18785,527,0,56,36,410,32,1606,2,260,58
07-12-20,Tipton,730,18,722,18,8,0,806,24,8972,149,9778,173,0,7,8,57,10,666,2,43,7
07-12-20,Trousdale,1515,1,1512,1,3,0,1563,2,2639,39,4202,41,0,5,-2,9,3,1501,0,15,6
07-12-20,Unicoi,59,1,59,1,0,0,66,1,1704,107,1770,108,0,0,1,5,0,54,0,1,0
07-12-20,Union,28,4,28,4,0,0,31,4,1350,67,1381,71,0,0,3,11,1,17,0,1,0
07-12-20,Van Buren,13,0,13,0,0,0,13,0,539,1,552,1,0,0,0,6,0,7,0,1,0
07-12-20,Warren,129,3,129,3,0,0,142,3,4021,66,4163,69,0,0,1,51,2,78,1,4,3
07-12-20,Washington,265,12,255,12,10,0,295,27,8725,324,9020,351,0,0,0,98,12,167,0,13,0
07-12-20,Wayne,121,4,121,4,0,0,129,8,2942,94,3071,102,0,0,0,37,4,84,0,2,0
07-12-20,Weakley,87,6,87,6,0,0,89,5,2810,69,2899,74,0,1,5,15,1,71,0,4,1
07-12-20,White,91,1,89,1,2,0,111,4,2977,40,3088,44,0,3,0,14,1,74,1,8,3
07-12-20,Williamson,1858,119,1853,119,5,0,2126,133,24971,1373,27097,1506,0,16,72,538,47,1304,0,63,16
07-12-20,Wilson,1250,36,1247,36,3,0,1488,53,14165,289,15653,342,0,17,15,275,21,958,1,63,18
07-11-20,Anderson,202,8,194,8,8,0,237,8,9171,170,9408,178,0,2,1,76,7,124,1,13,2
07-11-20,Bedford,628,4,628,4,0,0,731,14,4364,90,5095,104,0,9,-7,74,11,545,0,26,10
07-11-20,Benton,13,0,12,0,1,0,16,0,1190,7,1206,7,0,1,0,0,0,12,0,2,1
07-11-20,Bledsoe,640,1,640,1,0,0,652,1,3851,20,4503,21,0,1,0,10,1,629,0,8,1
07-11-20,Blount,346,3,335,3,11,0,411,8,8636,78,9047,86,0,3,-10,109,13,234,0,20,3
07-11-20,Bradley,991,32,973,32,18,0,1116,53,8172,255,9288,308,0,4,-14,261,46,726,1,61,5
07-11-20,Campbell,73,1,68,1,5,0,82,1,3317,90,3399,91,0,1,-2,27,3,45,0,6,1
07-11-20,Cannon,51,1,51,1,0,0,71,3,1161,7,1232,10,0,0,-1,16,2,35,0,5,0
07-11-20,Carroll,49,0,43,0,6,0,48,0,2183,31,2231,31,0,1,-1,4,1,44,0,6,1
07-11-20,Carter,114,2,107,1,7,1,110,8,3782,154,3892,162,0,1,-1,50,3,63,0,11,2
07-11-20,Cheatham,280,6,280,6,0,0,336,7,3712,71,4048,78,0,3,1,41,5,236,0,16,3
07-11-20,Chester,75,8,73,7,2,1,77,8,1048,10,1125,18,0,0,4,40,4,35,1,4,0
07-11-20,Claiborne,67,0,67,0,0,0,76,0,2359,45,2435,45,0,0,-4,26,4,41,0,3,0
07-11-20,Clay,27,0,27,0,0,0,28,0,820,5,848,5,0,0,-1,2,1,25,0,0,0
07-11-20,Cocke,145,5,136,4,9,1,151,5,2721,17,2872,22,0,0,1,47,4,98,0,3,1
07-11-20,Coffee,143,2,142,2,1,0,179,4,5082,143,5261,147,0,0,1,26,1,117,0,6,0
07-11-20,Crockett,54,1,49,1,5,0,61,1,979,11,1040,12,0,3,-2,17,3,34,0,4,3
07-11-20,Cumberland,225,8,221,8,4,0,295,8,7927,98,8222,106,0,4,7,35,1,186,3,22,5
07-11-20,Davidson,13697,199,13679,199,18,0,16314,238,121701,1262,138015,1500,1,143,-41,2682,239,10872,4,665,158
07-11-20,Decatur,30,1,27,1,3,0,32,1,1058,3,1090,4,0,0,0,8,1,22,1,2,0
07-11-20,Dekalb,88,1,88,1,0,0,107,0,2415,47,2522,47,0,0,-1,17,2,71,0,5,0
07-11-20,Dickson,282,18,282,18,0,0,359,25,4517,176,4876,201,0,0,11,67,7,215,0,20,0
07-11-20,Dyer,289,1,278,1,11,0,310,2,3449,32,3759,34,0,3,-9,38,10,248,0,25,4
07-11-20,Fayette,380,3,377,3,3,0,478,4,6590,33,7068,37,2,5,-5,49,6,326,1,42,9
07-11-20,Fentress,28,1,28,1,0,0,28,1,1429,12,1457,13,0,0,0,6,1,22,0,2,0
07-11-20,Franklin,116,3,114,3,2,0,133,10,3585,114,3718,124,0,3,-2,25,5,88,0,8,3
07-11-20,Gibson,176,5,158,4,18,1,189,5,3715,58,3904,63,0,1,-2,45,7,130,1,10,1
07-11-20,Giles,116,4,116,4,0,0,124,9,2574,45,2698,54,0,1,3,52,1,63,0,11,1
07-11-20,Grainger,58,0,53,0,5,0,70,0,1725,13,1795,13,0,0,-3,15,3,43,0,7,0
07-11-20,Greene,149,3,143,2,6,1,156,20,4649,172,4805,192,0,2,-2,47,5,100,1,13,2
07-11-20,Grundy,69,0,68,0,1,0,78,1,997,10,1075,11,0,2,-1,7,1,60,0,11,2
07-11-20,Hamblen,482,4,467,3,15,1,509,3,6754,27,7263,30,0,4,-3,123,7,355,0,32,5
07-11-20,Hamilton,3196,108,3186,108,10,0,3535,123,45708,1217,49243,1340,1,38,51,491,56,2667,5,161,39
07-11-20,Hancock,12,1,11,1,1,0,13,2,500,19,513,21,0,0,1,9,0,3,0,4,0
07-11-20,Hardeman,426,6,418,5,8,1,453,8,6730,11,7183,19,0,4,-2,80,8,342,0,27,6
07-11-20,Hardin,132,3,128,3,4,0,157,3,3391,25,3548,28,0,7,3,16,0,109,0,13,7
07-11-20,Hawkins,92,7,90,6,2,1,109,9,3453,45,3562,54,0,2,5,29,2,61,2,10,2
07-11-20,Haywood,131,2,128,1,3,1,142,2,1701,25,1843,27,1,3,-5,29,6,99,0,14,4
07-11-20,Henderson,71,1,65,0,6,1,81,1,1959,9,2040,10,0,0,-1,19,2,52,0,6,0
07-11-20,Henry,51,3,50,3,1,0,63,1,3026,25,3089,26,0,0,3,7,0,44,1,8,0
07-11-20,Hickman,104,4,104,4,0,0,134,6,1899,58,2033,64,0,0,4,32,0,72,0,3,0
07-11-20,Houston,23,0,23,0,0,0,28,0,802,16,830,16,0,0,0,9,0,14,0,6,0
07-11-20,Humphreys,47,7,46,7,1,0,54,7,1577,23,1631,30,0,2,5,15,2,30,0,2,2
07-11-20,Jackson,63,0,63,0,0,0,70,0,1037,3,1107,3,0,0,0,27,0,36,0,3,1
07-11-20,Jefferson,194,6,183,6,11,0,212,6,4800,21,5012,27,0,1,0,66,6,127,0,11,1
07-11-20,Johnson,47,1,45,1,2,0,46,2,2742,41,2788,43,0,0,1,8,0,39,1,4,0
07-11-20,Knox,1633,28,1601,27,32,1,1801,43,44864,901,46665,944,0,9,-16,447,44,1177,2,131,11
07-11-20,Lake,692,2,690,2,2,0,858,2,3858,10,4716,12,0,0,2,4,0,688,0,3,0
07-11-20,Lauderdale,177,2,175,2,2,0,202,2,4702,13,4904,15,0,4,-2,33,4,140,1,18,6
07-11-20,Lawrence,234,7,234,7,0,0,281,19,3639,165,3920,184,0,6,6,98,1,130,0,18,6
07-11-20,Lewis,14,0,14,0,0,0,15,1,1015,52,1030,53,0,0,0,6,0,8,0,2,0
07-11-20,Lincoln,88,2,88,2,0,0,111,8,2596,62,2707,70,0,0,0,18,2,70,0,6,0
07-11-20,Loudon,321,4,306,4,15,0,345,6,4427,62,4772,68,1,2,-2,51,5,268,0,13,3
07-11-20,Macon,624,7,622,7,2,0,706,8,3206,24,3912,32,1,7,-14,92,20,525,1,42,7
07-11-20,Madison,369,10,350,10,19,0,422,10,8491,97,8913,107,0,2,-4,46,14,321,2,34,3
07-11-20,Marion,97,4,96,4,1,0,112,4,1985,65,2097,69,0,4,2,28,2,65,0,14,4
07-11-20,Marshall,119,4,119,4,0,0,137,7,2371,142,2508,149,0,2,-1,31,5,86,0,12,2
07-11-20,Maury,460,8,459,7,1,1,545,36,6298,108,6843,144,0,3,-9,108,17,349,0,26,4
07-11-20,McMinn,290,9,287,9,3,0,350,13,5027,107,5377,120,1,19,6,54,2,217,0,33,20
07-11-20,McNairy,104,6,101,6,3,0,111,5,1710,39,1821,44,0,1,5,29,1,74,0,7,1
07-11-20,Meigs,40,1,40,1,0,0,54,5,1024,22,1078,27,0,0,1,8,0,32,1,5,0
07-11-20,Monroe,165,0,156,0,9,0,185,0,2419,55,2604,55,0,6,-3,16,3,143,0,13,4
07-11-20,Montgomery,798,55,794,55,4,0,895,64,15322,350,16217,414,0,7,36,214,19,577,0,46,8
07-11-20,Moore,24,1,24,1,0,0,27,6,595,8,622,14,0,0,-3,8,4,16,0,0,0
07-11-20,Morgan,32,1,32,1,0,0,37,1,3987,19,4024,20,0,1,0,7,1,24,0,1,1
07-11-20,Obion,127,4,123,3,4,1,146,4,2857,26,3003,30,0,2,0,9,4,116,0,14,3
07-11-20,Out of State,685,15,685,15,0,0,734,17,111785,1738,112519,1755,0,10,8,157,7,518,0,34,3
07-11-20,Overton,93,2,93,2,0,0,101,1,2383,10,2484,11,0,1,2,14,0,78,0,5,1
07-11-20,Pending,75,2,75,2,0,0,85,3,68827,818,68912,821,0,2,-2,35,4,38,0,0,0
07-11-20,Perry,38,1,38,1,0,0,45,1,838,1,883,2,0,0,-1,5,2,33,0,1,0
07-11-20,Pickett,6,0,6,0,0,0,6,0,514,0,520,0,0,0,0,0,0,6,0,0,0
07-11-20,Polk,61,1,60,1,1,0,68,6,1177,27,1245,33,0,0,1,13,0,48,0,3,0
07-11-20,Putnam,971,7,966,7,5,0,1166,9,11330,88,12496,97,0,7,-2,159,9,805,0,31,8
07-11-20,Rhea,351,37,351,37,0,0,379,55,3304,108,3683,163,0,0,36,81,1,270,1,7,0
07-11-20,Roane,90,7,83,7,7,0,108,8,6352,57,6460,65,0,0,4,29,3,61,0,8,0
07-11-20,Robertson,958,38,955,38,3,0,1176,47,6902,117,8078,164,0,13,29,119,9,826,2,69,17
07-11-20,Rutherford,3624,86,3617,86,7,0,4324,99,27490,435,31814,534,0,39,13,615,73,2970,3,154,42
07-11-20,Scott,29,2,27,1,2,1,27,1,1372,47,1399,48,0,0,1,10,1,19,0,1,0
07-11-20,Sequatchie,59,3,59,3,0,0,69,6,1740,53,1809,59,0,0,3,21,0,38,0,2,0
07-11-20,Sevier,915,6,869,6,46,0,957,7,10847,74,11804,81,0,3,-11,138,17,774,0,35,4
07-11-20,Shelby,13666,148,13645,148,21,0,16324,176,158591,1397,174915,1573,4,223,-112,2231,256,11212,8,1180,246
07-11-20,Smith,164,10,161,10,3,0,180,10,1942,44,2122,54,0,2,5,32,5,130,0,6,2
07-11-20,Stewart,25,0,25,0,0,0,29,1,910,25,939,26,0,0,0,2,0,23,0,2,0
07-11-20,Sullivan,215,10,196,10,19,0,203,14,8605,134,8808,148,2,4,-2,96,10,115,1,29,4
07-11-20,Sumner,2004,53,1992,53,12,0,2455,64,15803,363,18258,427,0,56,30,374,23,1574,1,258,58
07-11-20,Tipton,712,3,704,3,8,0,782,2,8823,55,9605,57,1,7,-5,49,7,656,1,41,7
07-11-20,Trousdale,1514,3,1511,3,3,0,1561,4,2600,28,4161,32,0,5,-2,11,5,1498,0,15,6
07-11-20,Unicoi,58,0,58,0,0,0,65,1,1597,60,1662,61,0,0,0,4,0,54,0,1,0
07-11-20,Union,24,0,24,0,0,0,27,0,1283,9,1310,9,0,0,0,8,0,16,0,1,0
07-11-20,Van Buren,13,0,13,0,0,0,13,0,538,1,551,1,0,0,0,6,0,7,0,1,0
07-11-20,Warren,126,2,126,2,0,0,139,3,3955,30,4094,33,0,0,2,50,0,76,0,3,3
07-11-20,Washington,253,8,243,8,10,0,268,27,8401,293,8669,320,0,0,1,98,7,155,2,13,0
07-11-20,Wayne,117,1,117,1,0,0,121,4,2848,13,2969,17,0,0,0,37,1,80,0,2,0
07-11-20,Weakley,81,4,81,4,0,0,84,5,2741,15,2825,20,0,1,4,10,0,70,0,4,1
07-11-20,White,90,2,88,2,2,0,107,1,2937,17,3044,18,0,3,-1,14,3,73,0,7,3
07-11-20,Williamson,1739,56,1734,56,5,0,1993,69,23598,422,25591,491,0,16,6,466,50,1257,0,63,16
07-11-20,Wilson,1214,43,1211,43,3,0,1435,50,13876,236,15311,286,0,17,18,260,25,937,2,62,18
07-10-20,Anderson,194,6,186,6,8,0,229,7,9001,29,9230,36,0,2,1,75,5,117,1,12,2
07-10-20,Bedford,624,7,624,7,0,0,717,5,4274,24,4991,29,0,9,-1,81,8,534,0,26,10
07-10-20,Benton,13,0,12,0,1,0,16,0,1183,12,1199,12,0,1,0,0,0,12,0,2,1
07-10-20,Bledsoe,639,1,639,1,0,0,651,1,3831,11,4482,12,0,1,0,10,1,628,0,8,1
07-10-20,Blount,343,42,332,40,11,2,403,50,8558,166,8961,216,0,3,23,119,19,221,2,20,3
07-10-20,Bradley,959,23,941,23,18,0,1063,25,7917,78,8980,103,0,4,-17,275,40,680,0,60,5
07-10-20,Campbell,72,5,67,4,5,1,81,5,3227,20,3308,25,0,1,4,29,1,42,0,6,1
07-10-20,Cannon,50,4,50,4,0,0,68,5,1154,27,1222,32,0,0,2,17,2,33,1,5,0
07-10-20,Carroll,49,0,43,0,6,0,48,0,2152,16,2200,16,0,1,-1,5,1,43,0,6,1
07-10-20,Carter,112,19,106,19,6,0,102,7,3628,46,3730,53,0,1,19,51,0,60,1,11,1
07-10-20,Cheatham,274,9,274,9,0,0,329,9,3641,130,3970,139,1,3,-1,40,9,231,0,16,3
07-10-20,Chester,67,7,66,7,1,0,69,7,1038,16,1107,23,0,0,6,36,1,31,0,3,0
07-10-20,Claiborne,67,1,67,1,0,0,76,1,2314,65,2390,66,0,0,-6,30,7,37,1,3,0
07-10-20,Clay,27,1,27,1,0,0,28,1,815,14,843,15,0,0,1,3,0,24,0,0,0
07-10-20,Cocke,140,8,132,8,8,0,146,6,2704,38,2850,44,0,0,-4,46,12,94,0,3,0
07-10-20,Coffee,141,1,140,1,1,0,175,3,4939,57,5114,60,0,0,-3,25,4,116,0,6,0
07-10-20,Crockett,53,5,48,3,5,2,60,5,968,22,1028,27,0,3,3,19,2,31,0,4,3
07-10-20,Cumberland,217,11,213,11,4,0,287,15,7829,161,8116,176,0,4,8,28,3,185,0,19,5
07-10-20,Davidson,13498,534,13480,532,18,2,16076,650,120439,2830,136515,3480,4,142,232,2723,298,10633,13,661,156
07-10-20,Decatur,29,0,26,0,3,0,31,0,1055,14,1086,14,0,0,0,8,0,21,0,1,0
07-10-20,Dekalb,87,4,87,4,0,0,107,5,2368,37,2475,42,0,0,-4,18,8,69,0,5,0
07-10-20,Dickson,264,6,264,6,0,0,334,10,4341,44,4675,54,0,0,-9,56,15,208,3,20,0
07-10-20,Dyer,288,9,277,9,11,0,308,8,3417,76,3725,84,0,3,-2,47,11,238,2,25,4
07-10-20,Fayette,377,9,374,8,3,1,474,11,6557,135,7031,146,0,3,2,54,7,320,2,41,9
07-10-20,Fentress,27,1,27,1,0,0,27,1,1417,18,1444,19,0,0,1,6,0,21,0,2,0
07-10-20,Franklin,113,1,111,1,2,0,123,1,3471,46,3594,47,0,3,0,27,1,83,0,8,3
07-10-20,Gibson,171,13,154,9,17,4,184,15,3657,31,3841,46,0,1,7,47,6,123,0,9,1
07-10-20,Giles,112,13,112,13,0,0,115,12,2529,66,2644,78,0,1,9,49,4,62,3,11,1
07-10-20,Grainger,58,1,53,1,5,0,70,1,1712,24,1782,25,0,0,-2,18,3,40,0,7,0
07-10-20,Greene,146,12,141,11,5,1,136,4,4477,27,4613,31,0,2,9,49,3,95,1,12,2
07-10-20,Grundy,69,1,68,1,1,0,77,1,987,5,1064,6,0,2,1,8,0,59,0,11,2
07-10-20,Hamblen,478,25,464,25,14,0,506,27,6727,262,7233,289,0,4,-21,126,46,348,0,32,4
07-10-20,Hamilton,3088,104,3078,104,10,0,3412,105,44491,1159,47903,1264,0,37,38,440,66,2611,8,156,39
07-10-20,Hancock,11,0,10,0,1,0,11,1,481,3,492,4,0,0,0,8,0,3,0,4,0
07-10-20,Hardeman,420,14,413,13,7,1,445,16,6719,44,7164,60,0,4,0,82,14,334,4,27,6
07-10-20,Hardin,129,0,125,0,4,0,154,0,3366,27,3520,27,0,7,-2,13,2,109,0,13,7
07-10-20,Hawkins,85,1,84,1,1,0,100,2,3408,31,3508,33,0,2,-6,24,7,59,0,8,2
07-10-20,Haywood,129,7,127,7,2,0,140,8,1676,14,1816,22,0,2,2,34,5,93,0,14,4
07-10-20,Henderson,70,6,65,2,5,4,80,7,1950,16,2030,23,0,0,4,20,2,50,0,6,0
07-10-20,Henry,48,1,47,1,1,0,62,2,3001,92,3063,94,0,0,1,4,0,44,0,7,0
07-10-20,Hickman,100,3,100,3,0,0,128,3,1841,23,1969,26,0,0,3,28,0,72,0,3,0
07-10-20,Houston,23,0,23,0,0,0,28,0,786,11,814,11,0,0,-1,9,1,14,0,6,0
07-10-20,Humphreys,40,0,39,0,1,0,47,0,1554,10,1601,10,0,2,0,10,0,28,0,2,2
07-10-20,Jackson,63,3,63,3,0,0,70,3,1034,10,1104,13,0,0,2,27,1,36,0,3,1
07-10-20,Jefferson,188,23,177,21,11,2,206,24,4779,71,4985,95,0,1,15,66,8,121,2,11,1
07-10-20,Johnson,46,0,44,0,2,0,44,0,2701,19,2745,19,0,0,0,7,0,39,0,3,0
07-10-20,Knox,1605,77,1574,73,31,4,1758,65,43963,375,45721,440,0,9,27,463,50,1133,6,129,10
07-10-20,Lake,690,0,688,0,2,0,856,0,3848,6,4704,6,0,0,0,2,0,688,0,3,0
07-10-20,Lauderdale,175,5,173,5,2,0,200,5,4689,49,4889,54,1,4,-3,35,7,136,1,17,5
07-10-20,Lawrence,227,8,227,8,0,0,262,9,3474,51,3736,60,0,6,2,92,6,129,0,18,6
07-10-20,Lewis,14,0,14,0,0,0,14,1,963,19,977,20,0,0,0,6,0,8,0,2,0
07-10-20,Lincoln,86,3,86,3,0,0,103,2,2534,13,2637,15,0,0,-1,18,4,68,0,6,0
07-10-20,Loudon,317,7,302,7,15,0,339,8,4365,19,4704,27,0,1,3,53,4,263,0,13,3
07-10-20,Macon,617,26,615,26,2,0,698,34,3182,47,3880,81,0,6,13,106,13,505,2,41,7
07-10-20,Madison,359,14,340,12,19,2,412,14,8394,157,8806,171,0,2,-8,50,22,307,2,32,3
07-10-20,Marion,93,3,92,3,1,0,108,4,1920,14,2028,18,0,4,3,26,0,63,0,14,4
07-10-20,Marshall,115,2,115,2,0,0,130,2,2229,23,2359,25,0,2,-3,32,5,81,1,12,2
07-10-20,Maury,452,21,452,21,0,0,509,4,6190,202,6699,206,0,3,7,117,14,332,0,26,4
07-10-20,McMinn,281,4,278,4,3,0,337,11,4920,42,5257,53,0,18,2,48,2,215,0,33,20
07-10-20,McNairy,98,3,95,3,3,0,106,5,1671,13,1777,18,0,1,0,24,3,73,0,7,1
07-10-20,Meigs,39,0,39,0,0,0,49,0,1002,14,1051,14,0,0,-1,7,1,32,0,4,0
07-10-20,Monroe,165,5,156,5,9,0,185,6,2364,26,2549,32,0,6,2,19,3,140,1,13,4
07-10-20,Montgomery,743,28,739,28,4,0,831,31,14972,223,15803,254,0,7,8,178,20,558,2,46,8
07-10-20,Moore,23,0,23,0,0,0,21,0,587,5,608,5,0,0,-3,11,3,12,0,0,0
07-10-20,Morgan,31,2,31,2,0,0,36,2,3968,13,4004,15,0,1,2,7,0,23,0,1,1
07-10-20,Obion,123,1,120,1,3,0,142,0,2831,27,2973,27,0,2,-4,9,5,112,0,14,3
07-10-20,Out of State,670,27,670,27,0,0,717,30,110047,1571,110764,1601,0,10,10,149,17,511,1,34,3
07-10-20,Overton,91,2,91,2,0,0,100,4,2373,36,2473,40,0,1,1,12,1,78,1,5,1
07-10-20,Pending,73,3,73,3,0,0,82,4,68009,923,68091,927,0,2,-4,37,7,34,0,0,0
07-10-20,Perry,37,1,37,1,0,0,44,2,837,15,881,17,0,0,1,6,0,31,0,1,0
07-10-20,Pickett,6,0,6,0,0,0,6,0,514,8,520,8,0,0,0,0,0,6,0,0,0
07-10-20,Polk,60,0,59,0,1,0,62,0,1150,9,1212,9,0,0,-2,12,2,48,0,3,0
07-10-20,Putnam,964,11,959,11,5,0,1157,12,11242,174,12399,186,0,7,-4,161,15,796,1,31,8
07-10-20,Rhea,314,15,314,15,0,0,324,5,3196,28,3520,33,0,0,13,45,2,269,0,6,0
07-10-20,Roane,83,3,76,3,7,0,100,3,6295,43,6395,46,0,0,0,25,3,58,0,8,0
07-10-20,Robertson,920,17,917,17,3,0,1129,16,6785,106,7914,122,0,13,11,90,6,817,4,67,17
07-10-20,Rutherford,3538,126,3531,126,7,0,4225,155,27055,756,31280,911,1,39,63,602,62,2897,3,151,42
07-10-20,Scott,27,3,26,3,1,0,26,3,1325,12,1351,15,0,0,3,9,0,18,0,1,0
07-10-20,Sequatchie,56,4,56,4,0,0,63,2,1687,6,1750,8,0,0,1,18,3,38,0,2,0
07-10-20,Sevier,909,25,863,24,46,1,950,27,10773,140,11723,167,0,3,-14,149,39,757,3,35,3
07-10-20,Shelby,13518,401,13497,401,21,0,16148,463,157194,2620,173342,3083,5,219,72,2343,324,10956,19,1172,243
07-10-20,Smith,154,7,151,7,3,0,170,7,1898,29,2068,36,0,2,5,27,2,125,0,6,2
07-10-20,Stewart,25,1,25,1,0,0,28,1,885,14,913,15,0,0,0,2,1,23,0,2,0
07-10-20,Sullivan,205,21,186,21,19,0,189,14,8471,129,8660,143,0,2,16,98,5,105,0,28,4
07-10-20,Sumner,1951,46,1939,46,12,0,2391,60,15440,241,17831,301,0,56,14,344,32,1551,1,257,58
07-10-20,Tipton,709,9,701,9,8,0,780,11,8768,103,9548,114,0,6,5,54,4,649,0,40,7
07-10-20,Trousdale,1511,2,1508,2,3,0,1557,4,2572,24,4129,28,0,5,-2,13,4,1493,0,15,6
07-10-20,Unicoi,58,2,58,2,0,0,64,2,1537,7,1601,9,0,0,2,4,0,54,0,1,0
07-10-20,Union,24,2,24,2,0,0,27,2,1274,46,1301,48,0,0,2,8,0,16,0,1,0
07-10-20,Van Buren,13,2,13,2,0,0,13,2,537,4,550,6,0,0,2,6,0,7,0,1,0
07-10-20,Warren,124,1,124,1,0,0,136,4,3925,96,4061,100,0,0,-1,48,2,76,0,3,1
07-10-20,Washington,245,16,235,15,10,1,241,10,8108,105,8349,115,0,0,14,97,2,148,1,11,0
07-10-20,Wayne,116,3,116,3,0,0,117,6,2835,34,2952,40,0,0,3,37,0,79,0,2,0
07-10-20,Weakley,77,1,77,1,0,0,79,0,2726,64,2805,64,0,1,-3,6,4,70,0,4,1
07-10-20,White,88,4,86,4,2,0,106,5,2920,61,3026,66,0,3,0,15,4,70,0,7,3
07-10-20,Williamson,1683,52,1678,52,5,0,1924,60,23176,924,25100,984,1,16,5,460,46,1207,0,63,16
07-10-20,Wilson,1171,24,1168,24,3,0,1385,36,13640,373,15025,409,0,17,-6,242,30,912,0,60,18
07-09-20,Anderson,188,14,180,14,8,0,222,16,8972,288,9194,304,0,2,11,74,3,112,0,11,2
07-09-20,Bedford,617,14,617,14,0,0,712,7,4250,75,4962,82,1,9,2,82,11,526,0,26,10
07-09-20,Benton,13,1,12,1,1,0,16,2,1171,18,1187,20,0,1,1,0,0,12,0,2,1
07-09-20,Bledsoe,638,1,638,1,0,0,650,2,3820,20,4470,22,0,1,-1,10,2,627,0,8,1
07-09-20,Blount,301,22,292,22,9,0,353,26,8392,208,8745,234,0,3,11,96,11,202,0,18,3
07-09-20,Bradley,936,33,918,33,18,0,1038,31,7839,134,8877,165,0,4,-18,292,51,640,0,60,4
07-09-20,Campbell,67,4,63,4,4,0,76,8,3207,182,3283,190,0,1,3,25,1,41,1,6,1
07-09-20,Cannon,46,2,46,2,0,0,63,3,1127,16,1190,19,0,0,-1,15,3,31,0,4,0
07-09-20,Carroll,49,3,43,2,6,1,48,4,2136,35,2184,39,0,1,3,6,0,42,0,6,1
07-09-20,Carter,93,9,87,9,6,0,95,8,3582,164,3677,172,0,1,5,32,4,60,2,10,1
07-09-20,Cheatham,265,14,265,14,0,0,320,18,3511,141,3831,159,0,2,11,41,3,222,0,16,3
07-09-20,Chester,60,7,59,7,1,0,62,7,1022,16,1084,23,0,0,5,30,2,30,0,3,0
07-09-20,Claiborne,66,9,66,9,0,0,75,13,2249,214,2324,227,0,0,6,36,3,30,0,2,0
07-09-20,Clay,26,1,26,1,0,0,27,1,801,9,828,10,0,0,0,2,1,24,0,0,0
07-09-20,Cocke,132,12,124,12,8,0,140,13,2666,94,2806,107,0,0,5,50,7,82,0,3,0
07-09-20,Coffee,140,2,139,2,1,0,172,12,4882,74,5054,86,0,0,1,28,1,112,0,6,0
07-09-20,Crockett,48,1,45,1,3,0,55,1,946,24,1001,25,0,3,0,16,1,29,0,4,3
07-09-20,Cumberland,206,5,202,5,4,0,272,7,7668,161,7940,168,0,4,0,20,5,182,1,19,5
07-09-20,Davidson,12964,280,12948,280,16,0,15426,362,117609,2441,133035,2803,6,138,-60,2491,334,10335,14,648,152
07-09-20,Decatur,29,1,26,1,3,0,31,2,1041,40,1072,42,0,0,0,8,1,21,0,1,0
07-09-20,Dekalb,83,8,83,8,0,0,102,12,2331,122,2433,134,0,0,8,22,0,61,2,5,0
07-09-20,Dickson,258,10,258,10,0,0,324,12,4297,144,4621,156,0,0,3,65,7,193,1,17,0
07-09-20,Dyer,279,6,268,6,11,0,300,6,3341,68,3641,74,0,3,1,49,5,227,0,23,4
07-09-20,Fayette,368,16,366,16,2,0,463,15,6422,122,6885,137,0,3,4,52,12,313,3,39,9
07-09-20,Fentress,26,2,26,2,0,0,26,2,1399,19,1425,21,0,0,2,5,0,21,0,2,0
07-09-20,Franklin,112,6,110,6,2,0,122,4,3425,49,3547,53,0,3,4,27,2,82,0,8,3
07-09-20,Gibson,158,7,145,7,13,0,169,7,3626,76,3795,83,0,1,4,40,3,117,0,9,1
07-09-20,Giles,99,9,99,9,0,0,103,8,2463,28,2566,36,0,1,5,40,4,58,1,8,1
07-09-20,Grainger,57,6,52,6,5,0,69,7,1688,51,1757,58,0,0,6,20,0,37,0,7,0
07-09-20,Greene,134,13,130,13,4,0,132,7,4450,37,4582,44,0,2,5,40,8,92,1,11,2
07-09-20,Grundy,68,0,67,0,1,0,76,0,982,6,1058,6,0,2,-1,7,1,59,0,11,2
07-09-20,Hamblen,453,27,439,24,14,3,479,28,6465,179,6944,207,0,4,-3,147,30,302,0,32,4
07-09-20,Hamilton,2984,80,2974,78,10,2,3307,86,43332,1167,46639,1253,1,37,16,402,63,2545,5,148,39
07-09-20,Hancock,11,1,10,1,1,0,10,0,478,8,488,8,0,0,1,8,0,3,0,4,0
07-09-20,Hardeman,406,20,400,15,6,5,429,22,6675,35,7104,57,0,4,7,82,13,320,0,23,4
07-09-20,Hardin,129,5,125,5,4,0,154,9,3339,86,3493,95,0,7,0,15,5,107,0,13,7
07-09-20,Hawkins,84,7,83,7,1,0,98,9,3377,21,3475,30,0,2,4,30,3,52,0,8,2
07-09-20,Haywood,122,1,120,1,2,0,132,1,1662,27,1794,28,0,2,-3,32,4,88,0,14,4
07-09-20,Henderson,64,5,63,5,1,0,73,5,1934,65,2007,70,0,0,0,16,5,48,0,6,0
07-09-20,Henry,47,1,46,1,1,0,60,3,2909,93,2969,96,0,0,-1,3,2,44,1,7,0
07-09-20,Hickman,97,2,97,2,0,0,125,2,1818,29,1943,31,0,0,0,25,2,72,0,3,0
07-09-20,Houston,23,2,23,2,0,0,28,2,775,22,803,24,0,0,2,10,0,13,0,6,0
07-09-20,Humphreys,40,2,39,2,1,0,47,3,1544,36,1591,39,0,2,1,10,1,28,0,2,2
07-09-20,Jackson,60,6,60,6,0,0,67,6,1024,7,1091,13,0,0,5,25,1,35,0,3,1
07-09-20,Jefferson,165,13,156,11,9,2,182,17,4708,121,4890,138,0,1,10,51,3,113,1,9,1
07-09-20,Johnson,46,1,44,1,2,0,44,0,2682,24,2726,24,0,0,0,7,1,39,0,3,0
07-09-20,Knox,1528,71,1501,67,27,4,1693,95,43588,1751,45281,1846,0,9,25,436,46,1083,8,123,10
07-09-20,Lake,690,1,688,1,2,0,856,0,3842,12,4698,12,0,0,1,2,0,688,0,3,0
07-09-20,Lauderdale,170,4,168,4,2,0,195,5,4640,66,4835,71,0,3,-1,38,5,129,0,16,5
07-09-20,Lawrence,219,19,219,19,0,0,253,14,3423,76,3676,90,0,6,10,90,9,123,1,18,6
07-09-20,Lewis,14,2,14,2,0,0,13,0,944,50,957,50,0,0,1,6,1,8,0,2,0
07-09-20,Lincoln,83,3,83,3,0,0,101,3,2521,13,2622,16,0,0,-3,19,6,64,0,6,0
07-09-20,Loudon,310,10,295,10,15,0,331,11,4346,94,4677,105,0,1,8,50,2,259,0,13,2
07-09-20,Macon,591,28,589,28,2,0,664,36,3135,104,3799,140,2,6,11,93,15,492,1,39,7
07-09-20,Madison,345,6,328,6,17,0,398,8,8237,157,8635,165,0,2,-10,58,16,285,0,30,3
07-09-20,Marion,90,1,89,1,1,0,104,2,1906,36,2010,38,0,4,1,23,0,63,0,14,4
07-09-20,Marshall,113,8,113,8,0,0,128,7,2206,30,2334,37,1,2,4,35,3,76,0,11,2
07-09-20,Maury,431,22,431,22,0,0,505,19,5988,161,6493,180,0,3,7,110,15,318,1,26,3
07-09-20,McMinn,277,10,274,10,3,0,326,5,4878,111,5204,116,0,18,7,46,3,213,1,33,20
07-09-20,McNairy,95,11,92,9,3,2,101,12,1658,76,1759,88,0,1,8,24,3,70,0,7,1
07-09-20,Meigs,39,4,39,4,0,0,49,0,988,4,1037,4,0,0,4,8,0,31,0,4,0
07-09-20,Monroe,160,6,151,6,9,0,179,6,2338,43,2517,49,0,6,1,17,5,137,1,12,4
07-09-20,Montgomery,715,47,711,47,4,0,800,48,14749,533,15549,581,0,7,22,170,25,538,1,44,7
07-09-20,Moore,23,4,23,4,0,0,21,1,582,4,603,5,0,0,3,14,1,9,0,0,0
07-09-20,Morgan,29,0,29,0,0,0,34,0,3955,39,3989,39,0,1,0,5,0,23,0,1,1
07-09-20,Obion,122,1,119,1,3,0,142,1,2804,69,2946,70,0,2,0,13,1,107,0,14,2
07-09-20,Out of State,643,19,643,19,0,0,687,18,108476,2547,109163,2565,3,10,-1,139,17,494,1,33,3
07-09-20,Overton,89,0,89,0,0,0,96,0,2337,19,2433,19,0,1,-1,11,1,77,0,4,1
07-09-20,Pending,70,5,70,5,0,0,78,9,67086,1233,67164,1242,0,2,1,41,4,27,0,0,0
07-09-20,Perry,36,0,36,0,0,0,42,0,822,6,864,6,0,0,-1,5,1,31,0,1,0
07-09-20,Pickett,6,0,6,0,0,0,6,0,506,1,512,1,0,0,0,0,0,6,0,0,0
07-09-20,Polk,60,8,59,8,1,0,62,4,1141,4,1203,8,0,0,8,14,0,46,0,3,0
07-09-20,Putnam,953,10,948,10,5,0,1145,15,11068,202,12213,217,0,7,-5,165,15,781,0,30,8
07-09-20,Rhea,299,6,299,6,0,0,319,3,3168,48,3487,51,0,0,3,32,3,267,0,6,0
07-09-20,Roane,80,6,73,6,7,0,97,9,6252,143,6349,152,0,0,5,25,1,55,0,8,0
07-09-20,Robertson,903,22,900,22,3,0,1113,24,6679,167,7792,191,2,13,14,79,6,811,1,63,17
07-09-20,Rutherford,3412,98,3405,98,7,0,4070,113,26299,1154,30369,1267,1,38,29,539,68,2835,3,148,42
07-09-20,Scott,24,1,23,1,1,0,23,1,1313,22,1336,23,0,0,0,6,1,18,0,1,0
07-09-20,Sequatchie,52,2,52,2,0,0,61,0,1681,38,1742,38,0,0,0,17,2,35,0,2,0
07-09-20,Sevier,884,22,839,19,45,3,923,26,10633,306,11556,332,0,3,-8,163,30,718,1,32,3
07-09-20,Shelby,13117,337,13096,336,21,1,15685,415,154574,3827,170259,4242,6,214,10,2271,321,10632,27,1153,239
07-09-20,Smith,147,7,144,7,3,0,163,9,1869,36,2032,45,0,2,-6,22,13,123,0,6,2
07-09-20,Stewart,24,0,24,0,0,0,27,0,871,30,898,30,0,0,0,2,0,22,0,2,0
07-09-20,Sullivan,184,20,165,19,19,1,175,17,8342,246,8517,263,0,2,15,82,5,100,0,28,4
07-09-20,Sumner,1905,63,1893,63,12,0,2331,72,15199,524,17530,596,1,56,31,330,31,1519,2,256,57
07-09-20,Tipton,700,17,692,14,8,3,769,15,8665,174,9434,189,1,6,5,49,11,645,0,40,7
07-09-20,Trousdale,1509,3,1506,3,3,0,1553,3,2548,31,4101,34,0,5,2,15,1,1489,0,15,6
07-09-20,Unicoi,56,0,56,0,0,0,62,0,1530,22,1592,22,0,0,0,2,0,54,0,1,0
07-09-20,Union,22,1,22,1,0,0,25,3,1228,42,1253,45,0,0,0,6,1,16,0,1,0
07-09-20,Van Buren,11,2,11,2,0,0,11,2,533,16,544,18,0,0,2,4,0,7,0,1,0
07-09-20,Warren,123,18,123,18,0,0,132,20,3829,239,3961,259,0,0,17,49,1,74,1,3,1
07-09-20,Washington,229,30,220,30,9,0,231,19,8003,231,8234,250,0,0,21,83,9,146,1,10,0
07-09-20,Wayne,113,13,113,13,0,0,111,10,2801,21,2912,31,0,0,10,34,3,79,0,2,0
07-09-20,Weakley,76,1,76,1,0,0,79,1,2662,51,2741,52,0,1,1,9,0,66,0,4,1
07-09-20,White,84,0,82,0,2,0,101,3,2859,45,2960,48,0,3,-2,15,2,66,0,7,3
07-09-20,Williamson,1631,110,1626,110,5,0,1864,127,22252,936,24116,1063,0,15,57,455,53,1161,5,63,15
07-09-20,Wilson,1147,37,1144,37,3,0,1349,43,13267,320,14616,363,0,17,4,248,33,882,0,60,18
07-08-20,Anderson,174,16,166,15,8,1,206,15,8684,117,8890,132,0,2,10,63,6,109,0,11,2
07-08-20,Bedford,603,7,603,7,0,0,705,15,4175,121,4880,136,1,8,-15,80,21,515,0,26,9
07-08-20,Benton,12,0,11,0,1,0,14,0,1153,5,1167,5,0,1,0,-1,0,12,0,2,1
07-08-20,Bledsoe,637,1,637,1,0,0,648,2,3800,19,4448,21,0,1,1,11,0,625,0,8,1
07-08-20,Blount,279,3,270,3,9,0,327,4,8184,58,8511,62,0,3,-11,85,14,191,0,18,3
07-08-20,Bradley,903,42,885,42,18,0,1007,65,7705,202,8712,267,0,4,-1,310,43,589,3,60,4
07-08-20,Campbell,63,4,59,4,4,0,68,2,3025,66,3093,68,0,1,-3,22,7,40,0,5,1
07-08-20,Cannon,44,2,44,2,0,0,60,2,1111,65,1171,67,0,0,1,16,1,28,0,4,0
07-08-20,Carroll,46,2,41,2,5,0,44,1,2101,16,2145,17,0,1,-1,3,3,42,0,6,1
07-08-20,Carter,84,2,78,2,6,0,87,6,3418,87,3505,93,0,1,2,27,0,56,1,8,1
07-08-20,Cheatham,251,2,251,2,0,0,302,3,3370,54,3672,57,1,2,-5,30,6,219,0,16,3
07-08-20,Chester,53,4,52,3,1,1,55,4,1006,9,1061,13,0,0,3,25,1,28,0,3,0
07-08-20,Claiborne,57,3,57,3,0,0,62,2,2035,40,2097,42,0,0,1,30,2,27,0,2,0
07-08-20,Clay,25,0,25,0,0,0,26,0,792,9,818,9,0,0,0,2,0,23,0,0,0
07-08-20,Cocke,120,14,112,14,8,0,127,14,2572,52,2699,66,0,0,5,45,9,75,1,3,0
07-08-20,Coffee,138,5,137,5,1,0,160,2,4808,182,4968,184,0,0,2,27,3,111,1,6,0
07-08-20,Crockett,47,2,44,1,3,1,54,3,922,6,976,9,0,3,2,16,0,28,0,4,3
07-08-20,Cumberland,201,1,197,1,4,0,265,4,7507,57,7772,61,0,4,-1,20,2,177,0,18,4
07-08-20,Davidson,12684,374,12668,374,16,0,15064,476,115168,3160,130232,3636,5,132,-41,2551,410,10001,9,634,149
07-08-20,Decatur,28,3,25,2,3,1,29,2,1001,7,1030,9,0,0,3,8,0,20,0,1,0
07-08-20,Dekalb,75,1,75,1,0,0,90,1,2209,42,2299,43,0,0,0,14,1,61,0,3,0
07-08-20,Dickson,248,13,248,13,0,0,312,17,4153,140,4465,157,0,0,6,62,7,186,0,16,0
07-08-20,Dyer,273,3,262,2,11,1,294,3,3273,33,3567,36,0,3,-1,48,4,222,0,23,3
07-08-20,Fayette,352,1,350,1,2,0,448,4,6300,155,6748,159,1,3,-14,48,14,301,1,36,8
07-08-20,Fentress,24,0,24,0,0,0,24,0,1380,12,1404,12,0,0,-2,3,2,21,0,2,0
07-08-20,Franklin,106,10,104,10,2,0,118,7,3376,131,3494,138,0,3,6,23,4,80,0,8,3
07-08-20,Gibson,151,10,138,6,13,4,162,10,3550,59,3712,69,0,1,5,36,5,114,1,9,1
07-08-20,Giles,90,14,90,14,0,0,95,9,2435,111,2530,120,0,1,11,35,3,54,1,7,1
07-08-20,Grainger,51,2,46,2,5,0,62,3,1637,25,1699,28,0,0,1,14,1,37,0,7,0
07-08-20,Greene,121,2,117,2,4,0,125,4,4413,120,4538,124,0,2,-5,35,7,84,0,10,2
07-08-20,Grundy,68,1,67,1,1,0,76,1,976,11,1052,12,1,2,-1,8,1,58,0,11,2
07-08-20,Hamblen,426,23,415,23,11,0,451,24,6286,86,6737,110,0,4,-5,150,28,272,0,32,4
07-08-20,Hamilton,2904,100,2896,100,8,0,3221,122,42165,1360,45386,1482,0,36,34,386,66,2482,2,143,39
07-08-20,Hancock,10,1,9,1,1,0,10,2,470,44,480,46,0,0,1,7,0,3,0,4,0
07-08-20,Hardeman,386,10,385,9,1,1,407,8,6640,17,7047,25,0,4,-1,75,11,307,1,23,4
07-08-20,Hardin,124,4,120,2,4,2,145,3,3253,63,3398,66,0,7,0,15,4,102,0,13,7
07-08-20,Hawkins,77,11,76,10,1,1,89,6,3356,58,3445,64,0,2,10,26,1,49,1,8,2
07-08-20,Haywood,121,4,119,4,2,0,131,4,1635,6,1766,10,0,2,2,35,2,84,0,14,4
07-08-20,Henderson,59,5,58,4,1,1,68,4,1869,19,1937,23,0,0,2,16,3,43,0,6,0
07-08-20,Henry,46,1,45,1,1,0,57,1,2816,14,2873,15,0,0,-1,4,2,42,0,6,0
07-08-20,Hickman,95,3,95,3,0,0,123,8,1789,61,1912,69,0,0,2,25,1,70,1,3,0
07-08-20,Houston,21,3,21,3,0,0,26,3,753,16,779,19,0,0,3,8,0,13,0,6,0
07-08-20,Humphreys,38,2,37,2,1,0,44,1,1508,20,1552,21,0,2,-2,9,4,27,0,2,2
07-08-20,Jackson,54,12,54,12,0,0,61,14,1017,36,1078,50,0,0,10,20,2,34,0,3,0
07-08-20,Jefferson,152,8,145,8,7,0,165,7,4587,56,4752,63,0,1,2,41,6,110,1,8,1
07-08-20,Johnson,45,0,43,0,2,0,44,0,2658,13,2702,13,0,0,-3,7,3,38,0,3,0
07-08-20,Knox,1457,71,1434,66,23,5,1598,54,41837,475,43435,529,1,9,15,411,55,1037,5,115,10
07-08-20,Lake,689,0,687,0,2,0,856,0,3830,4,4686,4,0,0,0,1,0,688,0,3,0
07-08-20,Lauderdale,166,6,164,6,2,0,190,5,4574,14,4764,19,0,3,-1,39,7,124,0,16,5
07-08-20,Lawrence,200,21,200,21,0,0,239,19,3347,62,3586,81,0,6,16,80,5,114,1,17,6
07-08-20,Lewis,12,3,12,3,0,0,13,3,894,18,907,21,0,0,3,5,0,7,2,2,0
07-08-20,Lincoln,80,8,80,8,0,0,98,7,2508,87,2606,94,0,0,7,22,1,58,0,6,0
07-08-20,Loudon,300,9,285,9,15,0,320,9,4252,59,4572,68,0,1,2,42,7,257,0,13,2
07-08-20,Macon,563,35,561,35,2,0,628,45,3031,93,3659,138,0,4,-3,82,38,477,2,38,7
07-08-20,Madison,339,2,322,2,17,0,390,2,8080,86,8470,88,0,2,-11,68,13,269,0,30,3
07-08-20,Marion,89,6,88,6,1,0,102,10,1870,53,1972,63,0,4,3,22,3,63,0,14,4
07-08-20,Marshall,105,2,105,2,0,0,121,4,2176,160,2297,164,0,1,-1,31,3,73,0,11,2
07-08-20,Maury,409,22,409,22,0,0,486,23,5827,209,6313,232,0,3,10,103,12,303,2,25,3
07-08-20,McMinn,267,2,264,2,3,0,321,11,4767,97,5088,108,0,18,-4,39,6,210,0,32,20
07-08-20,McNairy,84,3,83,2,1,1,89,2,1582,24,1671,26,1,1,-1,16,3,67,1,7,1
07-08-20,Meigs,35,1,35,1,0,0,49,1,984,18,1033,19,0,0,1,4,0,31,0,4,0
07-08-20,Monroe,154,2,145,2,9,0,173,2,2295,28,2468,30,0,6,0,16,2,132,0,11,4
07-08-20,Montgomery,668,39,664,39,4,0,752,41,14216,304,14968,345,0,7,26,148,13,513,3,43,7
07-08-20,Moore,19,2,19,2,0,0,20,2,578,18,598,20,0,0,0,11,2,8,0,0,0
07-08-20,Morgan,29,0,29,0,0,0,34,0,3916,17,3950,17,0,1,0,5,0,23,0,1,1
07-08-20,Obion,121,2,118,2,3,0,141,5,2735,19,2876,24,0,2,-1,13,3,106,0,14,2
07-08-20,Out of State,624,26,624,26,0,0,669,27,105929,2170,106598,2197,-1,7,10,140,17,477,2,32,3
07-08-20,Overton,89,5,89,5,0,0,96,5,2318,41,2414,46,0,1,1,12,4,76,0,4,1
07-08-20,Pending,65,7,65,7,0,0,69,4,65853,880,65922,884,0,2,6,40,1,23,0,0,0
07-08-20,Perry,36,1,36,1,0,0,42,0,816,6,858,6,0,0,1,6,0,30,0,1,0
07-08-20,Pickett,6,0,6,0,0,0,6,0,505,1,511,1,0,0,0,0,0,6,0,0,0
07-08-20,Polk,52,0,51,0,1,0,58,1,1137,25,1195,26,0,0,0,6,0,46,0,3,0
07-08-20,Putnam,943,55,938,55,5,0,1130,64,10866,404,11996,468,0,7,44,170,11,766,1,30,8
07-08-20,Rhea,293,2,293,2,0,0,316,1,3120,42,3436,43,0,0,1,29,1,264,0,6,0
07-08-20,Roane,74,9,67,9,7,0,88,8,6109,106,6197,114,0,0,7,20,2,54,1,8,0
07-08-20,Robertson,881,14,878,14,3,0,1089,14,6512,53,7601,67,0,11,3,65,11,805,1,62,17
07-08-20,Rutherford,3314,79,3307,79,7,0,3957,93,25145,333,29102,426,1,37,-3,510,81,2767,3,145,42
07-08-20,Scott,23,1,22,1,1,0,22,1,1291,22,1313,23,0,0,1,6,0,17,0,1,0
07-08-20,Sequatchie,50,2,50,2,0,0,61,3,1643,43,1704,46,0,0,1,17,1,33,0,2,0
07-08-20,Sevier,862,21,820,20,42,1,897,18,10327,218,11224,236,0,3,-17,171,38,688,0,31,3
07-08-20,Shelby,12780,252,12760,252,20,0,15270,301,150747,2750,166017,3051,6,208,-109,2261,355,10311,17,1126,234
07-08-20,Smith,140,5,137,5,3,0,154,5,1833,21,1987,26,1,2,-3,28,7,110,0,6,2
07-08-20,Stewart,24,1,24,1,0,0,27,1,841,11,868,12,0,0,0,2,1,22,0,2,0
07-08-20,Sullivan,164,12,146,12,18,0,158,15,8096,109,8254,124,0,2,5,67,7,95,4,28,2
07-08-20,Sumner,1842,79,1830,78,12,1,2259,82,14675,211,16934,293,2,55,35,299,42,1488,5,254,56
07-08-20,Tipton,683,7,678,7,5,0,754,6,8491,105,9245,111,0,5,-5,44,12,634,4,40,7
07-08-20,Trousdale,1506,3,1503,3,3,0,1550,3,2517,15,4067,18,0,5,-1,13,4,1488,0,15,6
07-08-20,Unicoi,56,1,56,1,0,0,62,1,1508,45,1570,46,0,0,1,2,0,54,0,1,0
07-08-20,Union,21,2,21,2,0,0,22,1,1186,9,1208,10,0,0,1,6,1,15,1,1,0
07-08-20,Van Buren,9,1,9,1,0,0,9,1,517,4,526,5,0,0,1,2,0,7,0,1,0
07-08-20,Warren,105,2,105,2,0,0,112,1,3590,74,3702,75,0,0,1,32,1,73,0,2,1
07-08-20,Washington,199,11,190,9,9,2,212,8,7772,109,7984,117,0,0,7,62,4,137,0,9,0
07-08-20,Wayne,100,8,100,8,0,0,101,7,2780,20,2881,27,0,0,7,24,1,76,0,2,0
07-08-20,Weakley,75,2,75,2,0,0,78,2,2611,13,2689,15,0,1,-1,8,3,66,0,4,1
07-08-20,White,84,3,82,3,2,0,98,4,2814,77,2912,81,0,3,2,17,1,64,1,7,3
07-08-20,Williamson,1521,41,1516,40,5,1,1737,40,21316,269,23053,309,0,15,-17,398,58,1108,0,58,14
07-08-20,Wilson,1110,35,1107,35,3,0,1306,37,12947,242,14253,279,0,17,8,244,27,849,1,60,18
07-07-20,Anderson,158,16,151,16,7,0,191,19,8567,234,8758,253,0,2,11,53,5,103,0,11,2
07-07-20,Bedford,596,7,596,7,0,0,690,14,4054,122,4744,136,2,7,-4,95,9,494,0,26,8
07-07-20,Benton,12,0,11,0,1,0,14,1,1148,26,1162,27,0,1,-1,-1,1,12,0,2,1
07-07-20,Bledsoe,636,4,636,4,0,0,646,7,3781,24,4427,31,0,1,3,10,1,625,1,8,1
07-07-20,Blount,276,16,267,16,9,0,323,17,8126,349,8449,366,0,3,7,96,9,177,0,18,3
07-07-20,Bradley,861,78,843,78,18,0,942,97,7503,298,8445,395,0,4,47,311,31,546,7,57,4
07-07-20,Campbell,59,5,55,5,4,0,66,6,2959,41,3025,47,0,1,4,25,1,33,1,5,1
07-07-20,Cannon,42,4,42,4,0,0,58,4,1046,20,1104,24,0,0,3,15,1,27,0,4,0
07-07-20,Carroll,44,1,39,1,5,0,43,2,2085,46,2128,48,0,1,1,4,0,39,0,6,1
07-07-20,Carter,82,5,76,5,6,0,81,8,3331,94,3412,102,0,1,1,25,4,56,1,7,1
07-07-20,Cheatham,249,7,249,7,0,0,299,8,3316,169,3615,177,0,1,0,35,7,213,0,16,3
07-07-20,Chester,49,10,49,10,0,0,51,11,997,25,1048,36,0,0,10,22,0,27,1,3,0
07-07-20,Claiborne,54,2,54,2,0,0,60,3,1995,32,2055,35,0,0,1,29,1,25,0,2,0
07-07-20,Clay,25,0,25,0,0,0,26,0,783,4,809,4,0,0,-1,2,1,23,0,0,0
07-07-20,Cocke,106,11,98,11,8,0,113,17,2520,87,2633,104,0,0,6,40,5,66,0,2,0
07-07-20,Coffee,133,6,132,6,1,0,158,9,4626,114,4784,123,0,0,3,25,3,108,0,5,0
07-07-20,Crockett,45,6,43,6,2,0,51,7,916,70,967,77,0,3,4,14,2,28,0,4,3
07-07-20,Cumberland,200,5,196,5,4,0,261,7,7450,136,7711,143,0,4,4,21,1,175,0,18,4
07-07-20,Davidson,12310,598,12294,598,16,0,14588,727,112008,3979,126596,4706,6,127,283,2592,309,9591,21,625,148
07-07-20,Decatur,25,2,23,2,2,0,27,1,994,86,1021,87,0,0,2,5,0,20,0,1,0
07-07-20,Dekalb,74,2,74,2,0,0,89,2,2167,30,2256,32,0,0,-1,14,3,60,0,3,0
07-07-20,Dickson,235,8,235,8,0,0,295,7,4013,99,4308,106,0,0,3,56,5,179,0,16,0
07-07-20,Dyer,270,10,260,10,10,0,291,14,3240,81,3531,95,0,3,-2,49,12,218,0,23,3
07-07-20,Fayette,351,17,349,17,2,0,444,24,6145,148,6589,172,0,2,3,62,14,287,0,35,8
07-07-20,Fentress,24,2,24,2,0,0,24,2,1368,20,1392,22,0,0,2,5,0,19,0,2,0
07-07-20,Franklin,96,7,94,7,2,0,111,7,3245,98,3356,105,0,3,3,17,4,76,0,8,3
07-07-20,Gibson,141,10,132,10,9,0,152,11,3491,110,3643,121,0,1,2,31,8,109,1,8,1
07-07-20,Giles,76,2,76,2,0,0,86,4,2324,95,2410,99,0,1,0,24,2,51,1,6,1
07-07-20,Grainger,49,3,44,3,5,0,59,4,1612,24,1671,28,0,0,1,13,2,36,1,7,0
07-07-20,Greene,119,5,115,5,4,0,121,12,4293,234,4414,246,0,2,-1,40,6,77,0,10,2
07-07-20,Grundy,67,3,66,3,1,0,75,3,965,14,1040,17,0,1,2,9,1,57,1,11,2
07-07-20,Hamblen,403,25,392,25,11,0,427,27,6200,171,6627,198,0,4,-2,155,27,244,1,32,4
07-07-20,Hamilton,2804,80,2796,80,8,0,3099,102,40805,1371,43904,1473,1,36,-4,352,83,2416,1,141,39
07-07-20,Hancock,9,1,8,1,1,0,8,2,426,10,434,12,0,0,1,6,0,3,1,4,0
07-07-20,Hardeman,376,15,376,15,0,0,399,19,6623,121,7022,140,0,4,13,76,2,296,1,22,4
07-07-20,Hardin,120,3,118,3,2,0,142,4,3190,98,3332,102,0,7,1,15,2,98,1,13,7
07-07-20,Hawkins,66,1,66,1,0,0,83,5,3298,156,3381,161,0,2,0,16,1,48,0,7,2
07-07-20,Haywood,117,14,115,14,2,0,127,15,1629,79,1756,94,0,2,8,33,6,82,0,14,3
07-07-20,Henderson,54,6,54,6,0,0,64,6,1850,123,1914,129,0,0,2,14,4,40,0,6,0
07-07-20,Henry,45,2,44,1,1,1,56,2,2802,120,2858,122,0,0,2,5,0,40,0,6,0
07-07-20,Hickman,92,5,92,5,0,0,115,8,1728,54,1843,62,0,0,3,23,2,69,0,2,0
07-07-20,Houston,18,1,18,1,0,0,23,1,737,16,760,17,0,0,0,5,1,13,0,6,0
07-07-20,Humphreys,36,1,35,1,1,0,43,1,1488,70,1531,71,0,2,-2,11,3,23,0,2,2
07-07-20,Jackson,42,1,42,1,0,0,47,1,981,5,1028,6,0,0,-1,10,2,32,0,3,0
07-07-20,Jefferson,144,8,137,8,7,0,158,13,4531,170,4689,183,-1,1,5,39,4,104,0,7,1
07-07-20,Johnson,45,0,43,0,2,0,44,0,2645,32,2689,32,0,0,-3,10,3,35,0,3,0
07-07-20,Knox,1386,80,1368,80,18,0,1544,107,41362,1306,42906,1413,0,8,39,396,41,982,7,110,10
07-07-20,Lake,689,0,687,0,2,0,856,0,3826,65,4682,65,0,0,-1,1,1,688,0,3,0
07-07-20,Lauderdale,160,13,158,13,2,0,185,15,4560,74,4745,89,0,3,8,40,5,117,0,16,5
07-07-20,Lawrence,179,8,179,8,0,0,220,11,3285,111,3505,122,0,6,2,64,6,109,0,16,6
07-07-20,Lewis,9,1,9,1,0,0,10,1,876,75,886,76,0,0,1,2,0,7,0,0,0
07-07-20,Lincoln,72,3,72,3,0,0,91,5,2421,175,2512,180,0,0,1,15,2,57,0,6,0
07-07-20,Loudon,291,8,276,8,15,0,311,8,4193,76,4504,84,0,1,6,40,2,250,0,13,2
07-07-20,Macon,528,9,526,9,2,0,583,12,2938,50,3521,62,0,4,-22,85,31,439,1,36,5
07-07-20,Madison,337,23,320,23,17,0,388,27,7994,215,8382,242,0,2,13,79,10,256,0,30,2
07-07-20,Marion,83,6,82,6,1,0,92,4,1817,60,1909,64,0,4,4,19,2,60,0,14,4
07-07-20,Marshall,103,3,103,3,0,0,117,7,2016,77,2133,84,0,1,-3,32,6,70,0,11,2
07-07-20,Maury,387,13,387,13,0,0,463,22,5618,195,6081,217,0,3,6,93,7,291,0,23,3
07-07-20,McMinn,265,14,262,14,3,0,310,10,4670,100,4980,110,0,18,9,43,5,204,1,32,20
07-07-20,McNairy,81,8,81,8,0,0,87,8,1558,56,1645,64,0,0,4,17,4,64,2,6,1
07-07-20,Meigs,34,0,34,0,0,0,48,0,966,17,1014,17,0,0,0,3,0,31,0,4,0
07-07-20,Monroe,152,0,143,0,9,0,171,0,2267,33,2438,33,0,6,-5,16,5,130,0,11,4
07-07-20,Montgomery,629,34,625,34,4,0,711,41,13912,243,14623,284,0,7,12,122,22,500,0,40,7
07-07-20,Moore,17,1,17,1,0,0,18,2,560,16,578,18,0,0,1,11,0,6,0,0,0
07-07-20,Morgan,29,2,29,2,0,0,34,3,3899,20,3933,23,0,1,2,5,0,23,0,1,1
07-07-20,Obion,119,2,116,2,3,0,136,3,2716,99,2852,102,0,2,-1,14,3,103,0,14,2
07-07-20,Out of State,598,19,598,19,0,0,642,25,103759,2220,104401,2245,1,8,-5,130,23,460,0,30,2
07-07-20,Overton,84,2,84,2,0,0,91,4,2277,29,2368,33,0,1,0,11,2,72,0,4,1
07-07-20,Pending,58,5,58,5,0,0,65,7,64973,1306,65038,1313,0,2,3,34,2,22,0,0,0
07-07-20,Perry,35,0,35,0,0,0,42,1,810,108,852,109,0,0,-1,5,1,30,0,1,0
07-07-20,Pickett,6,0,6,0,0,0,6,0,504,3,510,3,0,0,0,0,0,6,0,0,0
07-07-20,Polk,52,2,51,2,1,0,57,1,1112,34,1169,35,0,0,2,6,0,46,0,3,0
07-07-20,Putnam,888,9,883,9,5,0,1066,9,10462,75,11528,84,0,7,-7,126,16,755,2,29,8
07-07-20,Rhea,291,5,291,5,0,0,315,11,3078,116,3393,127,0,0,0,28,5,263,1,6,0
07-07-20,Roane,65,3,58,3,7,0,80,7,6003,101,6083,108,0,0,-2,13,5,52,0,7,0
07-07-20,Robertson,867,16,864,16,3,0,1075,26,6459,173,7534,199,0,11,0,62,16,794,1,61,16
07-07-20,Rutherford,3235,120,3228,120,7,0,3864,143,24812,754,28676,897,1,36,38,513,81,2686,5,142,41
07-07-20,Scott,22,3,21,3,1,0,21,3,1269,9,1290,12,0,0,3,5,0,17,1,1,0
07-07-20,Sequatchie,48,0,48,0,0,0,58,1,1600,82,1658,83,0,0,-1,16,1,32,0,2,0
07-07-20,Sevier,841,35,800,34,41,1,879,39,10109,280,10988,319,0,3,3,188,32,650,2,31,3
07-07-20,Shelby,12528,373,12508,371,20,2,14969,463,147997,3609,162966,4072,1,202,43,2370,329,9956,35,1109,232
07-07-20,Smith,135,6,132,6,3,0,149,6,1812,54,1961,60,0,1,-2,31,8,103,0,6,2
07-07-20,Stewart,23,0,23,0,0,0,26,1,830,22,856,23,0,0,0,2,0,21,0,2,0
07-07-20,Sullivan,152,15,134,11,18,4,143,18,7987,320,8130,338,0,2,12,62,3,88,4,24,2
07-07-20,Sumner,1763,75,1752,75,11,0,2177,86,14464,408,16641,494,1,53,19,264,55,1446,2,249,56
07-07-20,Tipton,676,18,671,18,5,0,748,22,8386,177,9134,199,0,5,8,49,10,622,2,36,7
07-07-20,Trousdale,1503,0,1500,0,3,0,1547,2,2502,37,4049,39,0,5,-1,14,1,1484,0,15,6
07-07-20,Unicoi,55,0,55,0,0,0,61,0,1463,33,1524,33,0,0,-1,1,1,54,0,1,0
07-07-20,Union,19,0,19,0,0,0,21,0,1177,19,1198,19,0,0,0,5,0,14,0,0,0
07-07-20,Van Buren,8,0,8,0,0,0,8,0,513,10,521,10,0,0,0,1,0,7,0,1,0
07-07-20,Warren,103,20,103,20,0,0,111,22,3516,137,3627,159,0,0,13,31,7,72,1,2,1
07-07-20,Washington,188,13,181,11,7,2,204,24,7663,291,7867,315,0,0,9,55,4,133,0,9,0
07-07-20,Wayne,92,1,92,1,0,0,94,2,2760,41,2854,43,0,0,0,17,1,75,0,2,0
07-07-20,Weakley,73,0,73,0,0,0,76,0,2598,111,2674,111,0,1,-4,9,4,63,0,4,1
07-07-20,White,81,1,79,1,2,0,94,1,2737,34,2831,35,0,3,1,15,0,63,0,6,3
07-07-20,Williamson,1480,105,1476,105,4,0,1697,117,21047,804,22744,921,0,15,60,415,45,1050,3,58,13
07-07-20,Wilson,1075,65,1072,65,3,0,1269,84,12705,612,13974,696,0,17,34,236,31,822,1,59,18
07-06-20,Anderson,142,1,135,1,7,0,172,1,8333,29,8505,30,0,2,-4,42,5,98,0,11,2
07-06-20,Bedford,589,8,589,8,0,0,676,5,3932,15,4608,20,0,5,-9,99,17,485,1,26,8
07-06-20,Benton,12,0,11,0,1,0,13,0,1122,6,1135,6,0,1,0,0,0,11,0,2,1
07-06-20,Bledsoe,632,3,632,3,0,0,639,1,3757,13,4396,14,0,1,3,7,0,624,1,7,1
07-06-20,Blount,260,32,251,32,9,0,306,35,7777,79,8083,114,0,3,23,89,9,168,3,18,3
07-06-20,Bradley,783,22,765,22,18,0,845,20,7205,54,8050,74,1,4,-13,264,34,515,2,50,4
07-06-20,Campbell,54,2,50,2,4,0,60,1,2918,11,2978,12,0,1,1,21,1,32,0,4,1
07-06-20,Cannon,38,0,38,0,0,0,54,0,1026,9,1080,9,0,0,0,12,0,26,0,4,0
07-06-20,Carroll,43,0,38,0,5,0,41,0,2039,20,2080,20,0,1,0,3,0,39,0,6,1
07-06-20,Carter,77,10,71,10,6,0,73,8,3237,73,3310,81,0,1,8,24,2,52,1,6,1
07-06-20,Cheatham,242,3,242,3,0,0,291,2,3147,25,3438,27,0,1,-2,35,5,206,1,16,3
07-06-20,Chester,39,1,39,1,0,0,40,0,972,7,1012,7,0,0,0,12,1,27,0,2,0
07-06-20,Claiborne,52,1,52,1,0,0,57,1,1963,10,2020,11,0,0,0,28,1,24,0,2,0
07-06-20,Clay,25,0,25,0,0,0,26,0,779,5,805,5,0,0,-2,3,2,22,0,0,0
07-06-20,Cocke,95,4,87,1,8,3,96,2,2433,10,2529,12,0,0,-6,34,10,61,0,2,0
07-06-20,Coffee,127,5,126,5,1,0,149,1,4512,26,4661,27,0,0,0,22,5,105,0,5,0
07-06-20,Crockett,39,1,37,1,2,0,44,0,846,9,890,9,0,3,1,10,0,26,0,4,3
07-06-20,Cumberland,195,4,191,4,4,0,254,5,7314,77,7568,82,0,4,-2,17,6,174,2,18,4
07-06-20,Davidson,11712,216,11696,215,16,1,13861,261,108029,1278,121890,1539,-1,121,-114,2309,331,9282,3,604,142
07-06-20,Decatur,23,0,21,0,2,0,26,0,908,18,934,18,0,0,-1,3,1,20,0,1,0
07-06-20,Dekalb,72,1,72,1,0,0,87,2,2137,15,2224,17,0,0,-4,15,5,57,0,3,0
07-06-20,Dickson,227,6,227,6,0,0,288,6,3914,31,4202,37,0,0,-2,53,8,174,1,16,0
07-06-20,Dyer,260,6,250,6,10,0,277,4,3159,37,3436,41,2,3,-1,51,5,206,0,23,3
07-06-20,Fayette,334,3,332,3,2,0,420,2,5997,48,6417,50,0,2,-7,59,10,273,0,35,6
07-06-20,Fentress,22,0,22,0,0,0,22,0,1348,5,1370,5,0,0,-2,3,2,19,0,2,0
07-06-20,Franklin,89,1,87,1,2,0,104,1,3147,12,3251,13,0,3,-1,14,2,72,0,8,3
07-06-20,Gibson,131,2,122,2,9,0,141,0,3381,28,3522,28,0,1,-5,29,7,101,0,7,1
07-06-20,Giles,74,6,74,6,0,0,82,4,2229,16,2311,20,0,1,1,24,5,49,1,5,1
07-06-20,Grainger,46,3,41,3,5,0,55,3,1588,7,1643,10,0,0,1,12,2,34,1,6,0
07-06-20,Greene,114,4,110,4,4,0,109,1,4059,30,4168,31,0,2,-3,41,7,71,0,10,2
07-06-20,Grundy,64,2,63,1,1,1,72,0,951,1,1023,1,0,1,1,7,1,56,0,10,2
07-06-20,Hamblen,378,7,367,7,11,0,400,4,6029,41,6429,45,0,4,-14,157,21,217,0,31,4
07-06-20,Hamilton,2724,41,2716,41,8,0,2997,34,39434,167,42431,201,0,35,-5,356,46,2333,3,140,39
07-06-20,Hancock,8,2,7,2,1,0,6,2,416,3,422,5,0,0,2,5,0,3,0,3,0
07-06-20,Hardeman,361,4,361,4,0,0,380,2,6502,184,6882,186,0,4,-3,63,7,294,0,21,4
07-06-20,Hardin,117,2,115,2,2,0,138,2,3092,51,3230,53,0,7,1,14,1,96,0,12,7
07-06-20,Hawkins,65,2,65,2,0,0,78,1,3142,15,3220,16,0,2,1,16,1,47,0,7,2
07-06-20,Haywood,103,1,101,1,2,0,112,1,1550,15,1662,16,0,2,-8,25,9,76,0,14,3
07-06-20,Henderson,48,1,48,1,0,0,58,1,1727,22,1785,23,0,0,-1,12,2,36,1,6,0
07-06-20,Henry,43,0,43,0,0,0,54,0,2682,27,2736,27,0,0,-1,3,1,40,0,6,0
07-06-20,Hickman,87,7,87,7,0,0,107,3,1674,14,1781,17,0,0,6,20,1,67,0,2,0
07-06-20,Houston,17,1,17,1,0,0,22,1,721,1,743,2,0,0,0,5,1,12,1,6,0
07-06-20,Humphreys,35,7,34,7,1,0,42,7,1418,28,1460,35,1,2,4,13,2,20,1,2,2
07-06-20,Jackson,41,0,41,0,0,0,46,0,976,2,1022,2,0,0,-1,11,1,30,0,3,0
07-06-20,Jefferson,136,3,129,3,7,0,145,4,4361,23,4506,27,2,2,-3,34,4,100,0,7,1
07-06-20,Johnson,45,0,43,0,2,0,44,0,2613,2,2657,2,0,0,0,13,0,32,0,3,0
07-06-20,Knox,1306,35,1288,35,18,0,1437,42,40056,668,41493,710,1,8,-19,357,53,941,6,103,9
07-06-20,Lake,689,0,687,0,2,0,856,0,3761,3,4617,3,0,0,0,2,0,687,0,3,0
07-06-20,Lauderdale,147,0,145,0,2,0,170,2,4486,6,4656,8,0,3,-13,32,13,112,0,16,5
07-06-20,Lawrence,171,12,171,12,0,0,209,8,3174,33,3383,41,0,6,5,62,7,103,0,16,6
07-06-20,Lewis,8,0,8,0,0,0,9,0,801,11,810,11,0,0,0,1,0,7,0,0,0
07-06-20,Lincoln,69,1,69,1,0,0,86,0,2246,18,2332,18,0,0,-1,14,2,55,1,6,0
07-06-20,Loudon,283,2,268,2,15,0,303,5,4117,27,4420,32,0,1,-3,34,5,248,0,13,2
07-06-20,Macon,519,8,517,8,2,0,571,13,2888,23,3459,36,0,4,-44,107,52,408,1,35,5
07-06-20,Madison,314,8,297,8,17,0,361,7,7779,85,8140,92,0,2,-3,66,11,246,0,30,2
07-06-20,Marion,77,5,76,5,1,0,88,5,1757,4,1845,9,0,4,1,15,4,58,0,14,4
07-06-20,Marshall,100,5,100,5,0,0,110,2,1939,10,2049,12,0,1,1,35,4,64,2,11,1
07-06-20,Maury,374,17,374,17,0,0,441,14,5423,57,5864,71,0,3,6,87,11,284,2,23,3
07-06-20,McMinn,251,6,248,6,3,0,300,7,4570,11,4870,18,0,18,-1,34,7,199,0,31,20
07-06-20,McNairy,73,1,73,1,0,0,79,1,1502,21,1581,22,0,0,0,13,1,60,0,4,1
07-06-20,Meigs,34,1,34,1,0,0,48,1,949,4,997,5,0,0,0,3,1,31,0,4,0
07-06-20,Monroe,152,2,143,2,9,0,171,2,2234,23,2405,25,0,6,-1,21,3,125,0,11,4
07-06-20,Montgomery,595,5,591,5,4,0,670,5,13669,68,14339,73,0,7,-7,110,12,478,2,40,7
07-06-20,Moore,16,2,16,2,0,0,16,1,544,0,560,1,0,0,2,10,0,6,0,0,0
07-06-20,Morgan,27,0,27,0,0,0,31,0,3879,2,3910,2,0,1,0,3,0,23,0,1,1
07-06-20,Obion,117,1,114,1,3,0,133,1,2617,33,2750,34,0,2,-9,15,10,100,0,14,2
07-06-20,Out of State,579,16,579,16,0,0,617,17,101539,685,102156,702,0,7,-5,135,21,437,0,30,2
07-06-20,Overton,82,0,82,0,0,0,87,0,2248,12,2335,12,0,1,-3,11,3,70,0,4,1
07-06-20,Pending,53,5,53,5,0,0,58,5,63667,438,63725,443,0,2,-2,31,7,20,0,0,0
07-06-20,Perry,35,1,35,1,0,0,41,0,702,5,743,5,0,0,0,6,1,29,0,1,0
07-06-20,Pickett,6,0,6,0,0,0,6,0,501,1,507,1,0,0,0,0,0,6,0,0,0
07-06-20,Polk,50,0,49,0,1,0,56,0,1078,1,1134,1,0,0,-3,4,3,46,0,3,0
07-06-20,Putnam,879,6,874,6,5,0,1057,9,10387,87,11444,96,0,7,-15,133,21,739,1,27,8
07-06-20,Rhea,286,1,286,1,0,0,304,1,2962,23,3266,24,0,0,-3,28,4,258,0,5,0
07-06-20,Roane,62,0,55,0,7,0,73,1,5902,29,5975,30,0,0,-5,15,5,47,0,7,0
07-06-20,Robertson,851,10,848,10,3,0,1049,5,6286,38,7335,43,0,11,-17,62,27,778,0,60,15
07-06-20,Rutherford,3115,43,3108,43,7,0,3721,51,24058,244,27779,295,0,35,-44,475,87,2605,0,137,39
07-06-20,Scott,19,1,18,1,1,0,18,1,1260,4,1278,5,0,0,1,2,0,17,0,0,0
07-06-20,Sequatchie,48,0,48,0,0,0,57,0,1518,20,1575,20,0,0,-2,17,2,31,0,2,0
07-06-20,Sevier,806,17,766,17,40,0,840,18,9829,73,10669,91,0,3,-21,185,38,618,0,29,3
07-06-20,Shelby,12155,123,12137,123,18,0,14506,137,144388,914,158894,1051,1,201,-194,2327,316,9627,11,1074,227
07-06-20,Smith,129,1,126,1,3,0,143,1,1758,13,1901,14,0,1,-13,33,14,95,0,6,2
07-06-20,Stewart,23,0,23,0,0,0,25,0,808,4,833,4,0,0,-1,2,1,21,0,2,0
07-06-20,Sullivan,137,19,123,10,14,9,125,3,7667,42,7792,45,0,2,15,50,4,85,4,20,2
07-06-20,Sumner,1688,19,1677,19,11,0,2091,22,14056,122,16147,144,0,52,-28,245,47,1391,3,247,56
07-06-20,Tipton,658,2,653,2,5,0,726,3,8209,29,8935,32,0,5,-4,41,6,612,1,34,7
07-06-20,Trousdale,1503,4,1500,4,3,0,1545,2,2465,23,4010,25,0,5,-3,15,7,1483,0,15,6
07-06-20,Unicoi,55,0,55,0,0,0,61,0,1430,12,1491,12,0,0,0,2,0,53,0,1,0
07-06-20,Union,19,0,19,0,0,0,21,0,1158,5,1179,5,0,0,-1,5,1,14,0,0,0
07-06-20,Van Buren,8,0,8,0,0,0,8,0,503,3,511,3,0,0,0,1,0,7,0,1,0
07-06-20,Warren,83,2,83,2,0,0,89,2,3379,66,3468,68,0,0,-6,18,8,65,0,1,1
07-06-20,Washington,175,5,170,5,5,0,180,6,7372,89,7552,95,0,0,-1,46,6,129,1,9,0
07-06-20,Wayne,91,2,91,2,0,0,92,1,2719,36,2811,37,0,0,2,17,0,74,0,2,0
07-06-20,Weakley,73,2,73,2,0,0,76,3,2487,40,2563,43,0,1,-1,13,3,59,0,4,1
07-06-20,White,80,3,78,3,2,0,93,3,2703,46,2796,49,0,3,3,14,0,63,0,6,3
07-06-20,Williamson,1375,48,1371,48,4,0,1580,55,20243,380,21823,435,0,15,-8,355,56,1005,1,55,13
07-06-20,Wilson,1010,26,1007,26,3,0,1185,31,12093,144,13278,175,0,17,-13,202,39,791,1,58,18
07-05-20,Anderson,141,9,134,9,7,0,171,13,8304,162,8475,175,0,2,8,46,1,93,1,11,2
07-05-20,Bedford,581,1,581,1,0,0,671,3,3917,19,4588,22,0,5,-15,108,16,468,1,25,8
07-05-20,Benton,12,0,11,0,1,0,13,1,1116,12,1129,13,0,1,-1,0,1,11,0,2,1
07-05-20,Bledsoe,629,3,629,3,0,0,638,2,3744,11,4382,13,0,1,2,4,1,624,0,6,1
07-05-20,Blount,228,9,219,9,9,0,271,8,7698,227,7969,235,0,3,-2,66,11,159,0,15,3
07-05-20,Bradley,761,53,743,53,18,0,825,47,7151,100,7976,147,0,3,38,277,15,481,2,48,4
07-05-20,Campbell,52,4,48,4,4,0,59,4,2907,95,2966,99,0,1,3,20,1,31,0,4,1
07-05-20,Cannon,38,0,38,0,0,0,54,0,1017,14,1071,14,0,0,0,12,0,26,0,4,0
07-05-20,Carroll,43,0,38,0,5,0,41,0,2019,54,2060,54,0,1,-3,3,3,39,0,6,1
07-05-20,Carter,67,3,61,2,6,1,65,0,3164,60,3229,60,0,1,2,16,1,50,0,5,1
07-05-20,Cheatham,239,7,239,7,0,0,289,8,3122,33,3411,41,0,1,7,37,0,201,0,15,3
07-05-20,Chester,38,0,38,0,0,0,40,0,965,4,1005,4,0,0,-1,12,1,26,0,2,0
07-05-20,Claiborne,51,4,51,4,0,0,56,4,1953,134,2009,138,0,0,3,28,1,23,0,2,0
07-05-20,Clay,25,0,25,0,0,0,26,0,774,19,800,19,0,0,-1,5,1,20,0,0,0
07-05-20,Cocke,91,5,86,5,5,0,94,3,2423,76,2517,79,0,0,0,40,5,51,0,2,0
07-05-20,Coffee,122,1,121,1,1,0,148,1,4486,40,4634,41,0,0,1,22,0,100,0,5,0
07-05-20,Crockett,38,1,36,1,2,0,44,2,837,7,881,9,0,3,0,9,1,26,0,4,3
07-05-20,Cumberland,191,1,187,1,4,0,249,5,7237,130,7486,135,0,4,-2,19,3,168,0,16,4
07-05-20,Davidson,11496,315,11481,314,15,1,13600,397,106751,2352,120351,2749,4,122,139,2423,172,8951,5,601,138
07-05-20,Decatur,23,0,21,0,2,0,26,0,890,46,916,46,0,0,-1,4,1,19,0,1,0
07-05-20,Dekalb,71,0,71,0,0,0,85,0,2122,86,2207,86,0,0,-3,19,3,52,0,3,0
07-05-20,Dickson,221,7,221,7,0,0,282,7,3883,40,4165,47,0,0,6,55,1,166,0,15,0
07-05-20,Dyer,254,4,244,4,10,0,273,9,3122,104,3395,113,0,1,-1,52,5,201,0,23,2
07-05-20,Fayette,331,8,329,8,2,0,418,10,5949,76,6367,86,0,2,4,66,4,263,1,35,5
07-05-20,Fentress,22,0,22,0,0,0,22,0,1343,11,1365,11,0,0,-1,5,1,17,0,2,0
07-05-20,Franklin,88,2,86,2,2,0,103,2,3135,41,3238,43,0,3,1,15,1,70,0,8,3
07-05-20,Gibson,129,2,120,2,9,0,141,3,3353,32,3494,35,0,1,-1,34,3,94,0,7,1
07-05-20,Giles,68,3,68,3,0,0,78,3,2213,17,2291,20,0,1,-4,23,7,44,0,4,1
07-05-20,Grainger,43,0,38,0,5,0,52,1,1581,48,1633,49,0,0,0,11,0,32,0,5,0
07-05-20,Greene,110,9,106,9,4,0,108,4,4029,26,4137,30,0,2,7,44,2,64,0,10,2
07-05-20,Grundy,62,0,62,0,0,0,72,0,950,5,1022,5,0,1,0,6,0,55,0,10,2
07-05-20,Hamblen,371,27,360,27,11,0,396,30,5988,132,6384,162,0,4,18,171,9,196,0,31,4
07-05-20,Hamilton,2683,30,2675,30,8,0,2963,40,39267,522,42230,562,0,35,5,361,25,2287,1,137,39
07-05-20,Hancock,6,0,5,0,1,0,4,0,413,15,417,15,0,0,0,3,0,3,0,3,0
07-05-20,Hardeman,357,16,357,16,0,0,378,14,6318,57,6696,71,-1,4,16,66,1,287,2,21,4
07-05-20,Hardin,115,1,113,1,2,0,136,2,3041,93,3177,95,0,7,-6,13,7,95,0,12,7
07-05-20,Hawkins,63,5,63,5,0,0,77,1,3127,31,3204,32,0,2,4,15,1,46,0,7,2
07-05-20,Haywood,102,3,100,3,2,0,111,3,1535,80,1646,83,0,2,2,33,1,67,0,14,2
07-05-20,Henderson,47,3,47,3,0,0,57,3,1705,34,1762,37,0,0,-1,13,4,34,1,5,0
07-05-20,Henry,43,0,43,0,0,0,54,0,2655,56,2709,56,0,0,-1,4,1,39,0,6,0
07-05-20,Hickman,80,2,80,2,0,0,104,0,1660,3,1764,3,0,0,2,14,0,66,0,2,0
07-05-20,Houston,16,0,16,0,0,0,21,0,720,10,741,10,0,0,0,5,0,11,0,5,0
07-05-20,Humphreys,28,0,27,0,1,0,35,0,1390,59,1425,59,0,1,0,9,0,18,0,1,2
07-05-20,Jackson,41,5,41,5,0,0,46,6,974,7,1020,13,0,0,5,12,0,29,1,3,0
07-05-20,Jefferson,133,10,126,10,7,0,141,12,4338,116,4479,128,0,0,9,37,1,96,1,7,1
07-05-20,Johnson,45,0,43,0,2,0,44,0,2611,7,2655,7,0,0,-3,13,3,32,0,3,0
07-05-20,Knox,1271,76,1253,76,18,0,1395,96,39388,1089,40783,1185,2,7,34,376,40,888,6,97,9
07-05-20,Lake,689,3,687,3,2,0,856,3,3758,8,4614,11,0,0,3,2,0,687,0,3,0
07-05-20,Lauderdale,147,7,145,7,2,0,168,5,4480,27,4648,32,0,3,2,45,5,99,0,16,5
07-05-20,Lawrence,159,3,159,3,0,0,201,4,3141,36,3342,40,0,6,-2,57,5,96,0,16,6
07-05-20,Lewis,8,0,8,0,0,0,9,0,790,25,799,25,0,0,0,1,0,7,0,0,0
07-05-20,Lincoln,68,1,68,1,0,0,86,1,2228,10,2314,11,0,0,1,15,0,53,0,5,0
07-05-20,Loudon,281,6,266,6,15,0,298,9,4090,53,4388,62,0,1,5,37,1,243,0,13,2
07-05-20,Macon,511,21,509,21,2,0,558,22,2865,64,3423,86,1,4,-4,151,24,356,1,34,4
07-05-20,Madison,306,8,289,8,17,0,354,9,7694,71,8048,80,0,2,3,69,5,235,0,30,2
07-05-20,Marion,72,1,71,1,1,0,83,1,1753,19,1836,20,0,4,1,14,0,54,0,14,4
07-05-20,Marshall,95,1,95,1,0,0,108,2,1929,13,2037,15,0,1,-2,34,3,60,0,9,1
07-05-20,Maury,357,6,357,6,0,0,427,9,5366,62,5793,71,0,3,1,81,5,273,1,21,3
07-05-20,McMinn,245,1,242,1,3,0,293,0,4559,17,4852,17,0,18,-4,35,5,192,0,31,20
07-05-20,McNairy,72,6,72,6,0,0,78,6,1481,29,1559,35,0,0,1,13,5,59,0,4,1
07-05-20,Meigs,33,0,33,0,0,0,47,0,945,7,992,7,0,0,0,3,0,30,0,4,0
07-05-20,Monroe,150,7,141,7,9,0,169,8,2211,20,2380,28,0,6,6,22,1,122,0,11,4
07-05-20,Montgomery,590,19,586,19,4,0,665,22,13601,162,14266,184,0,7,10,117,9,466,1,38,7
07-05-20,Moore,14,1,14,1,0,0,15,1,544,2,559,3,0,0,1,8,0,6,0,0,0
07-05-20,Morgan,27,2,27,2,0,0,31,2,3877,31,3908,33,0,1,2,3,0,23,0,1,1
07-05-20,Obion,116,1,113,1,3,0,132,2,2584,53,2716,55,0,2,-3,24,4,90,0,14,2
07-05-20,Out of State,563,15,563,15,0,0,600,14,100854,782,101454,796,0,7,9,140,6,416,0,30,2
07-05-20,Overton,82,4,82,4,0,0,87,4,2236,36,2323,40,0,1,2,14,2,67,0,4,1
07-05-20,Pending,48,13,48,13,0,0,53,12,63229,776,63282,788,1,2,11,33,1,13,0,0,0
07-05-20,Perry,34,0,34,0,0,0,41,0,697,106,738,106,0,0,0,6,0,28,0,1,0
07-05-20,Pickett,6,0,6,0,0,0,6,0,500,8,506,8,0,0,0,0,0,6,0,0,0
07-05-20,Polk,50,1,49,1,1,0,56,1,1077,10,1133,11,0,0,-1,7,2,43,0,3,0
07-05-20,Putnam,873,16,868,16,5,0,1048,20,10300,192,11348,212,0,7,12,148,4,718,0,26,8
07-05-20,Rhea,285,2,285,2,0,0,303,1,2939,20,3242,21,0,0,1,31,1,254,0,5,0
07-05-20,Roane,62,1,55,1,7,0,72,2,5873,67,5945,69,0,0,1,20,0,42,0,7,0
07-05-20,Robertson,841,5,838,5,3,0,1044,11,6248,82,7292,93,0,11,2,79,3,751,0,60,15
07-05-20,Rutherford,3072,92,3065,92,7,0,3670,107,23814,595,27484,702,0,35,41,519,51,2518,0,137,39
07-05-20,Scott,18,0,17,0,1,0,17,0,1256,7,1273,7,0,0,0,1,0,17,0,0,0
07-05-20,Sequatchie,48,1,48,1,0,0,57,0,1498,20,1555,20,0,0,0,19,1,29,0,2,0
07-05-20,Sevier,789,37,749,37,40,0,822,46,9756,279,10578,325,0,3,19,206,18,580,0,29,3
07-05-20,Shelby,12032,270,12014,270,18,0,14369,339,143474,2046,157843,2385,2,200,103,2521,165,9311,15,1063,225
07-05-20,Smith,128,4,125,4,3,0,142,4,1745,23,1887,27,0,1,1,46,3,81,1,6,2
07-05-20,Stewart,23,0,23,0,0,0,25,0,804,12,829,12,0,0,0,3,0,20,0,2,0
07-05-20,Sullivan,118,3,113,3,5,0,122,3,7625,139,7747,142,0,2,1,35,2,81,0,16,2
07-05-20,Sumner,1669,32,1658,32,11,0,2069,39,13934,226,16003,265,0,52,11,273,21,1344,1,244,56
07-05-20,Tipton,656,4,651,4,5,0,723,6,8180,73,8903,79,0,5,2,45,2,606,0,33,7
07-05-20,Trousdale,1499,2,1496,2,3,0,1543,4,2442,8,3985,12,0,5,2,18,0,1476,0,15,6
07-05-20,Unicoi,55,0,55,0,0,0,61,0,1418,9,1479,9,0,0,0,2,0,53,0,1,0
07-05-20,Union,19,0,19,0,0,0,21,0,1153,40,1174,40,0,0,-1,6,1,13,0,0,0
07-05-20,Van Buren,8,0,8,0,0,0,8,0,500,5,508,5,0,0,0,1,0,7,0,1,0
07-05-20,Warren,81,3,81,3,0,0,87,4,3313,71,3400,75,0,0,2,24,1,57,0,1,1
07-05-20,Washington,170,10,165,10,5,0,174,3,7283,190,7457,193,0,0,6,47,4,123,0,8,0
07-05-20,Wayne,89,3,89,3,0,0,91,4,2683,20,2774,24,0,0,2,15,1,74,0,2,0
07-05-20,Weakley,71,0,71,0,0,0,73,1,2447,82,2520,83,0,1,0,14,0,56,0,4,1
07-05-20,White,77,4,75,4,2,0,90,4,2657,41,2747,45,0,3,2,11,2,63,0,6,3
07-05-20,Williamson,1327,61,1323,61,4,0,1525,61,19863,394,21388,455,0,15,28,363,33,949,0,54,13
07-05-20,Wilson,984,40,981,40,3,0,1154,40,11949,221,13103,261,0,17,26,215,14,752,0,57,17
07-04-20,Anderson,132,11,125,11,7,0,158,14,8142,175,8300,189,0,2,8,38,3,92,2,10,2
07-04-20,Bedford,580,14,580,14,0,0,668,36,3898,110,4566,146,0,5,9,123,5,452,0,24,7
07-04-20,Benton,12,0,11,0,1,0,12,0,1104,6,1116,6,0,1,0,1,0,10,0,2,1
07-04-20,Bledsoe,626,1,626,1,0,0,636,0,3733,13,4369,13,0,1,1,2,0,623,0,6,1
07-04-20,Blount,219,6,210,6,9,0,263,8,7471,139,7734,147,0,3,-2,68,8,148,0,15,3
07-04-20,Bradley,708,23,690,23,18,0,778,28,7051,178,7829,206,0,3,15,239,8,466,1,46,4
07-04-20,Campbell,48,0,44,0,4,0,55,0,2812,50,2867,50,0,1,0,17,0,30,0,4,1
07-04-20,Cannon,38,1,38,1,0,0,54,1,1003,21,1057,22,0,0,-1,12,2,26,0,4,0
07-04-20,Carroll,43,0,38,0,5,0,41,1,1965,30,2006,31,0,1,-1,6,1,36,0,6,1
07-04-20,Carter,64,1,59,1,5,0,65,3,3104,156,3169,159,0,1,-2,14,3,49,0,5,1
07-04-20,Cheatham,232,0,232,0,0,0,281,0,3089,69,3370,69,0,1,-2,30,2,201,0,15,2
07-04-20,Chester,38,3,38,3,0,0,40,3,961,26,1001,29,0,0,0,13,3,25,0,2,0
07-04-20,Claiborne,47,4,47,4,0,0,52,5,1819,38,1871,43,0,0,1,25,3,22,0,2,0
07-04-20,Clay,25,1,25,1,0,0,26,1,755,46,781,47,0,0,1,6,0,19,0,0,0
07-04-20,Cocke,86,0,81,0,5,0,91,1,2347,55,2438,56,0,0,-1,40,1,46,0,2,0
07-04-20,Coffee,121,3,120,3,1,0,147,4,4446,226,4593,230,0,0,3,21,0,100,0,5,0
07-04-20,Crockett,37,2,35,2,2,0,42,1,830,19,872,20,0,3,2,9,0,25,1,4,3
07-04-20,Cumberland,190,2,186,2,4,0,244,2,7107,54,7351,56,0,4,1,21,1,165,1,16,4
07-04-20,Davidson,11181,367,11167,367,14,0,13203,455,104399,3031,117602,3486,0,118,218,2284,149,8779,10,596,134
07-04-20,Decatur,23,0,21,0,2,0,26,0,844,13,870,13,0,0,0,5,0,18,0,1,0
07-04-20,Dekalb,71,9,71,9,0,0,85,9,2036,34,2121,43,0,0,7,22,2,49,0,3,0
07-04-20,Dickson,214,4,214,4,0,0,275,9,3843,77,4118,86,0,0,0,49,4,165,0,15,0
07-04-20,Dyer,250,1,240,1,10,0,264,4,3018,71,3282,75,0,1,-2,53,3,196,0,23,2
07-04-20,Fayette,323,2,321,2,2,0,408,2,5873,110,6281,112,0,2,-7,62,9,259,0,34,3
07-04-20,Fentress,22,0,22,0,0,0,22,0,1332,11,1354,11,0,0,0,6,0,16,0,2,0
07-04-20,Franklin,86,3,84,3,2,0,101,3,3094,109,3195,112,0,3,2,14,1,69,0,8,3
07-04-20,Gibson,127,1,118,1,9,0,138,1,3321,73,3459,74,0,1,0,35,1,91,0,7,1
07-04-20,Giles,65,2,65,2,0,0,75,3,2196,54,2271,57,0,1,0,27,2,37,0,4,1
07-04-20,Grainger,43,1,38,1,5,0,51,1,1533,32,1584,33,0,0,1,11,0,32,0,5,0
07-04-20,Greene,101,1,97,1,4,0,104,5,4003,156,4107,161,0,2,-2,37,3,62,0,10,2
07-04-20,Grundy,62,2,62,2,0,0,72,4,945,19,1017,23,0,1,1,6,1,55,0,10,2
07-04-20,Hamblen,344,4,333,4,11,0,366,6,5856,60,6222,66,0,4,-1,153,5,187,0,31,4
07-04-20,Hamilton,2653,53,2645,53,8,0,2923,83,38745,944,41668,1027,2,35,25,356,26,2262,1,136,38
07-04-20,Hancock,6,2,5,2,1,0,4,1,398,5,402,6,0,0,2,3,0,3,1,3,0
07-04-20,Hardeman,341,11,341,11,0,0,364,11,6261,32,6625,43,0,5,3,50,8,286,1,19,4
07-04-20,Hardin,114,1,112,1,2,0,134,3,2948,17,3082,20,0,7,-6,19,7,88,1,12,7
07-04-20,Hawkins,58,1,58,1,0,0,76,2,3096,92,3172,94,0,2,-2,11,3,45,0,7,2
07-04-20,Haywood,99,0,97,0,2,0,108,0,1455,9,1563,9,0,2,-5,31,5,66,0,14,2
07-04-20,Henderson,44,0,44,0,0,0,54,0,1671,31,1725,31,0,0,-3,14,3,30,0,4,0
07-04-20,Henry,43,0,43,0,0,0,54,1,2599,82,2653,83,0,0,0,5,0,38,0,6,0
07-04-20,Hickman,78,1,78,1,0,0,104,7,1657,56,1761,63,0,0,1,12,0,66,0,2,0
07-04-20,Houston,16,1,16,1,0,0,21,1,710,8,731,9,0,0,1,5,0,11,0,5,0
07-04-20,Humphreys,28,1,27,1,1,0,35,1,1331,26,1366,27,0,1,1,9,0,18,0,1,2
07-04-20,Jackson,36,0,36,0,0,0,40,0,967,11,1007,11,0,0,0,7,0,29,0,2,0
07-04-20,Jefferson,123,4,116,4,7,0,129,3,4222,57,4351,60,0,0,2,28,2,95,0,6,1
07-04-20,Johnson,45,0,43,0,2,0,44,4,2604,59,2648,63,0,0,-1,16,1,29,0,3,0
07-04-20,Knox,1195,41,1177,40,18,1,1299,55,38299,1114,39598,1169,0,5,4,342,37,848,1,91,9
07-04-20,Lake,686,0,684,0,2,0,853,0,3750,5,4603,5,0,0,0,-1,0,687,0,3,0
07-04-20,Lauderdale,140,3,138,3,2,0,163,3,4453,43,4616,46,0,3,0,43,3,94,0,16,4
07-04-20,Lawrence,156,3,156,3,0,0,197,23,3105,117,3302,140,0,6,-1,59,4,91,0,16,6
07-04-20,Lewis,8,0,8,0,0,0,9,1,765,23,774,24,0,0,0,1,0,7,0,0,0
07-04-20,Lincoln,67,1,67,1,0,0,85,3,2218,48,2303,51,0,0,1,14,0,53,0,5,0
07-04-20,Loudon,275,4,260,4,15,0,289,7,4037,69,4326,76,0,1,2,32,2,242,1,13,2
07-04-20,Macon,490,38,488,38,2,0,536,39,2801,156,3337,195,0,3,25,155,13,332,5,33,4
07-04-20,Madison,298,14,281,14,17,0,345,14,7623,268,7968,282,0,2,10,66,4,230,2,30,2
07-04-20,Marion,71,3,70,3,1,0,82,4,1734,39,1816,43,0,4,0,13,3,54,0,14,4
07-04-20,Marshall,94,4,94,4,0,0,106,11,1916,68,2022,79,0,1,0,36,4,57,0,9,1
07-04-20,Maury,351,10,351,10,0,0,418,26,5304,130,5722,156,0,3,4,80,6,268,1,20,3
07-04-20,McMinn,244,4,241,4,3,0,293,7,4542,158,4835,165,0,18,3,39,1,187,1,31,19
07-04-20,McNairy,66,1,66,1,0,0,72,1,1452,33,1524,34,0,0,-2,12,3,54,0,4,1
07-04-20,Meigs,33,1,33,1,0,0,47,1,938,25,985,26,0,0,1,3,0,30,0,4,0
07-04-20,Monroe,143,0,134,0,9,0,161,0,2191,46,2352,46,0,6,-1,16,1,121,0,11,4
07-04-20,Montgomery,571,12,567,12,4,0,643,14,13439,182,14082,196,0,7,6,107,6,457,0,37,7
07-04-20,Moore,13,0,13,0,0,0,14,0,542,13,556,13,0,0,0,7,0,6,0,0,0
07-04-20,Morgan,25,0,25,0,0,0,29,0,3846,30,3875,30,0,1,0,1,0,23,0,1,1
07-04-20,Obion,115,1,112,1,3,0,130,2,2531,65,2661,67,0,2,0,27,1,86,0,14,2
07-04-20,Out of State,548,19,548,19,0,0,586,22,100072,2211,100658,2233,0,7,8,131,11,410,0,30,2
07-04-20,Overton,78,3,78,3,0,0,83,5,2200,28,2283,33,0,1,1,12,2,65,0,4,1
07-04-20,Pending,35,4,35,4,0,0,41,4,62453,1176,62494,1180,0,1,4,22,0,12,0,0,0
07-04-20,Perry,34,0,34,0,0,0,41,2,591,21,632,23,0,0,0,6,0,28,0,1,0
07-04-20,Pickett,6,0,6,0,0,0,6,0,492,5,498,5,0,0,0,0,0,6,0,0,0
07-04-20,Polk,49,0,48,0,1,0,55,0,1067,15,1122,15,0,0,-1,8,1,41,0,3,0
07-04-20,Putnam,857,23,852,23,5,0,1028,27,10108,262,11136,289,0,7,15,136,8,714,0,26,8
07-04-20,Rhea,283,9,283,9,0,0,302,12,2919,81,3221,93,0,0,9,30,0,253,0,5,0
07-04-20,Roane,61,1,54,1,7,0,70,2,5806,72,5876,74,0,0,-1,19,2,42,1,7,0
07-04-20,Robertson,836,9,833,9,3,0,1033,20,6166,99,7199,119,0,11,3,77,6,748,0,60,15
07-04-20,Rutherford,2980,78,2973,78,7,0,3563,98,23219,613,26782,711,0,35,31,478,47,2467,1,137,37
07-04-20,Scott,18,0,17,0,1,0,17,0,1249,19,1266,19,0,0,0,1,0,17,0,0,0
07-04-20,Sequatchie,47,2,47,2,0,0,57,8,1478,29,1535,37,0,0,2,19,0,28,0,2,0
07-04-20,Sevier,752,22,712,21,40,1,776,18,9477,137,10253,155,0,3,1,187,21,562,1,29,3
07-04-20,Shelby,11762,442,11744,442,18,0,14030,512,141428,3197,155458,3709,1,198,171,2418,270,9146,22,1048,221
07-04-20,Smith,124,5,121,5,3,0,138,7,1722,55,1860,62,0,1,1,45,4,78,0,5,2
07-04-20,Stewart,23,0,23,0,0,0,25,0,792,5,817,5,0,0,0,3,0,20,0,2,0
07-04-20,Sullivan,115,2,110,2,5,0,119,4,7486,211,7605,215,0,2,1,34,1,79,1,16,2
07-04-20,Sumner,1637,40,1626,40,11,0,2030,49,13708,338,15738,387,0,52,4,262,36,1323,0,243,55
07-04-20,Tipton,652,10,647,10,5,0,717,11,8107,126,8824,137,0,5,7,43,3,604,0,33,7
07-04-20,Trousdale,1497,1,1494,1,3,0,1539,4,2434,19,3973,23,0,5,-4,16,5,1476,1,15,6
07-04-20,Unicoi,55,0,55,0,0,0,61,0,1409,67,1470,67,0,0,0,2,0,53,0,1,0
07-04-20,Union,19,1,19,1,0,0,21,1,1113,29,1134,30,0,0,0,7,1,12,0,0,0
07-04-20,Van Buren,8,0,8,0,0,0,8,0,495,4,503,4,0,0,-1,1,1,7,0,1,0
07-04-20,Warren,78,1,78,1,0,0,83,3,3242,43,3325,46,0,0,1,22,0,56,0,1,1
07-04-20,Washington,160,18,155,18,5,0,171,15,7093,306,7264,321,0,0,13,41,5,119,0,8,0
07-04-20,Wayne,86,2,86,2,0,0,87,5,2663,61,2750,66,0,0,0,13,2,73,0,2,0
07-04-20,Weakley,71,1,71,1,0,0,72,1,2365,68,2437,69,0,1,0,14,1,56,0,4,1
07-04-20,White,73,0,71,0,2,0,86,2,2616,30,2702,32,0,3,0,9,0,61,0,6,3
07-04-20,Williamson,1266,53,1262,53,4,0,1464,60,19469,699,20933,759,1,15,25,335,27,916,0,54,13
07-04-20,Wilson,944,31,941,31,3,0,1114,35,11728,294,12842,329,0,17,16,189,15,738,0,57,17
07-03-20,Anderson,121,9,114,9,7,0,144,12,7967,124,8111,136,0,2,6,30,3,89,0,8,2
07-03-20,Bedford,566,18,566,18,0,0,632,11,3788,27,4420,38,0,5,11,114,7,447,0,24,6
07-03-20,Benton,12,0,11,0,1,0,12,0,1098,14,1110,14,0,1,0,1,0,10,0,2,1
07-03-20,Bledsoe,625,0,625,0,0,0,636,0,3720,9,4356,9,0,1,-1,1,1,623,0,6,1
07-03-20,Blount,213,5,204,4,9,1,255,8,7332,88,7587,96,0,3,3,70,2,140,0,15,3
07-03-20,Bradley,685,16,667,16,18,0,750,19,6873,56,7623,75,0,3,-5,224,21,458,1,45,3
07-03-20,Campbell,48,5,44,4,4,1,55,4,2762,33,2817,37,0,1,5,17,0,30,0,4,1
07-03-20,Cannon,37,0,37,0,0,0,53,0,982,8,1035,8,0,0,0,13,0,24,0,4,0
07-03-20,Carroll,43,5,38,5,5,0,40,5,1935,23,1975,28,0,1,5,7,0,35,0,6,1
07-03-20,Carter,63,2,58,2,5,0,62,1,2948,26,3010,27,0,1,1,16,1,46,0,5,1
07-03-20,Cheatham,232,3,232,3,0,0,281,4,3020,41,3301,45,0,1,-1,32,4,199,0,15,2
07-03-20,Chester,35,5,35,5,0,0,37,6,935,18,972,24,0,0,4,13,1,22,0,2,0
07-03-20,Claiborne,43,4,43,4,0,0,47,4,1781,50,1828,54,0,0,3,24,1,19,0,2,0
07-03-20,Clay,24,1,24,1,0,0,25,1,709,4,734,5,0,0,1,5,0,19,0,0,0
07-03-20,Cocke,86,10,81,10,5,0,90,13,2292,56,2382,69,0,0,8,41,2,45,0,2,0
07-03-20,Coffee,118,1,117,1,1,0,143,4,4220,91,4363,95,0,0,-1,18,2,100,0,5,0
07-03-20,Crockett,35,2,33,2,2,0,41,2,811,21,852,23,0,3,1,7,1,25,0,3,3
07-03-20,Cumberland,188,4,184,4,4,0,242,3,7053,47,7295,50,0,4,1,20,3,164,0,15,4
07-03-20,Davidson,10814,312,10800,309,14,3,12748,359,101368,2090,114116,2449,3,118,111,2066,198,8630,8,586,132
07-03-20,Decatur,23,1,21,1,2,0,26,1,831,19,857,20,0,0,0,5,1,18,0,1,0
07-03-20,Dekalb,62,1,62,1,0,0,76,1,2002,27,2078,28,0,0,1,15,0,47,0,3,0
07-03-20,Dickson,210,9,210,9,0,0,266,8,3766,65,4032,73,0,0,4,49,5,161,1,15,0
07-03-20,Dyer,249,10,239,10,10,0,260,6,2947,81,3207,87,0,1,3,55,7,193,0,23,1
07-03-20,Fayette,321,2,319,2,2,0,406,5,5763,101,6169,106,0,2,-7,69,9,250,0,34,3
07-03-20,Fentress,22,2,22,2,0,0,22,2,1321,6,1343,8,0,0,2,6,0,16,0,2,0
07-03-20,Franklin,83,1,81,1,2,0,98,0,2985,20,3083,20,0,3,1,12,0,68,0,8,3
07-03-20,Gibson,126,6,117,6,9,0,137,7,3248,34,3385,41,0,1,4,35,2,90,0,7,1
07-03-20,Giles,63,2,63,2,0,0,72,3,2142,46,2214,49,0,1,-5,27,7,35,0,4,1
07-03-20,Grainger,42,0,37,0,5,0,50,1,1501,33,1551,34,0,0,-1,10,1,32,0,5,0
07-03-20,Greene,100,6,96,6,4,0,99,5,3847,21,3946,26,0,2,5,39,1,59,0,10,2
07-03-20,Grundy,60,0,60,0,0,0,68,0,926,3,994,3,0,1,-4,5,4,54,0,10,2
07-03-20,Hamblen,340,2,329,2,11,0,360,7,5796,64,6156,71,0,4,-9,154,11,182,0,31,4
07-03-20,Hamilton,2600,56,2592,56,8,0,2840,57,37801,1092,40641,1149,3,33,13,331,40,2236,3,135,36
07-03-20,Hancock,4,1,3,1,1,0,3,1,393,4,396,5,0,0,1,1,0,3,1,2,0
07-03-20,Hardeman,330,5,330,5,0,0,353,6,6229,27,6582,33,2,5,-1,47,4,278,0,18,4
07-03-20,Hardin,113,4,111,4,2,0,131,4,2931,42,3062,46,0,7,-1,25,5,81,0,11,7
07-03-20,Hawkins,57,0,57,0,0,0,74,3,3004,45,3078,48,0,2,-1,13,1,42,0,7,2
07-03-20,Haywood,99,3,97,3,2,0,108,4,1446,19,1554,23,0,2,-1,36,4,61,0,14,2
07-03-20,Henderson,44,3,44,3,0,0,54,5,1640,25,1694,30,0,0,2,17,1,27,0,4,0
07-03-20,Henry,43,1,43,1,0,0,53,1,2517,47,2570,48,0,0,1,5,0,38,0,6,0
07-03-20,Hickman,77,0,77,0,0,0,97,0,1601,8,1698,8,0,0,-3,11,3,66,0,2,0
07-03-20,Houston,15,0,15,0,0,0,20,0,702,4,722,4,0,0,0,4,0,11,0,5,0
07-03-20,Humphreys,27,0,26,0,1,0,34,0,1305,17,1339,17,0,1,0,8,0,18,0,1,2
07-03-20,Jackson,36,0,36,0,0,0,40,0,956,8,996,8,0,0,0,7,0,29,0,2,0
07-03-20,Jefferson,119,0,112,0,7,0,126,0,4165,45,4291,45,0,0,-10,26,10,93,0,6,0
07-03-20,Johnson,45,5,43,4,2,1,40,2,2545,27,2585,29,0,0,4,17,1,28,0,3,0
07-03-20,Knox,1154,62,1137,61,17,1,1244,48,37185,894,38429,942,0,5,28,338,34,811,4,90,6
07-03-20,Lake,686,0,684,0,2,0,853,1,3745,12,4598,13,0,0,-1,-1,1,687,0,3,0
07-03-20,Lauderdale,137,6,135,6,2,0,160,6,4410,43,4570,49,1,3,0,43,5,91,2,16,4
07-03-20,Lawrence,153,5,153,5,0,0,174,4,2988,37,3162,41,1,6,-4,60,8,87,0,16,6
07-03-20,Lewis,8,0,8,0,0,0,8,0,742,11,750,11,0,0,0,1,0,7,0,0,0
07-03-20,Lincoln,66,3,66,3,0,0,82,2,2170,22,2252,24,0,0,3,13,0,53,0,5,0
07-03-20,Loudon,271,4,256,4,15,0,282,5,3968,47,4250,52,0,1,0,30,4,240,0,12,2
07-03-20,Macon,452,11,450,11,2,0,497,11,2645,41,3142,52,0,3,-15,130,26,319,1,28,4
07-03-20,Madison,284,8,267,8,17,0,331,8,7355,125,7686,133,0,2,-1,56,9,226,0,28,2
07-03-20,Marion,68,1,67,1,1,0,78,1,1695,26,1773,27,0,4,0,13,1,51,0,14,4
07-03-20,Marshall,90,8,90,8,0,0,95,3,1848,56,1943,59,0,1,8,36,0,53,1,9,1
07-03-20,Maury,341,14,341,14,0,0,392,11,5174,36,5566,47,0,3,-3,76,17,262,1,19,3
07-03-20,McMinn,240,7,237,7,3,0,286,6,4384,42,4670,48,1,18,-1,36,7,186,0,30,19
07-03-20,McNairy,65,3,65,3,0,0,71,3,1419,19,1490,22,0,0,2,14,1,51,0,4,1
07-03-20,Meigs,32,0,32,0,0,0,46,0,913,6,959,6,0,0,0,2,0,30,0,4,0
07-03-20,Monroe,143,2,134,2,9,0,161,2,2145,23,2306,25,1,6,0,17,1,120,0,11,4
07-03-20,Montgomery,559,26,555,26,4,0,629,27,13257,223,13886,250,0,7,14,101,12,451,1,37,7
07-03-20,Moore,13,0,13,0,0,0,14,1,529,6,543,7,0,0,0,7,0,6,0,0,0
07-03-20,Morgan,25,1,25,1,0,0,29,1,3816,16,3845,17,0,1,1,1,0,23,0,1,1
07-03-20,Obion,114,3,111,3,3,0,128,3,2466,39,2594,42,0,2,1,27,2,85,0,14,2
07-03-20,Out of State,529,19,529,19,0,0,564,20,97861,1381,98425,1401,-1,7,8,123,12,399,0,30,2
07-03-20,Overton,75,1,75,1,0,0,78,1,2172,16,2250,17,0,1,-3,11,4,63,0,4,1
07-03-20,Pending,31,6,31,6,0,0,37,6,61277,865,61314,871,0,1,5,18,1,12,0,0,0
07-03-20,Perry,34,0,34,0,0,0,39,0,570,5,609,5,0,0,0,6,0,28,0,1,0
07-03-20,Pickett,6,0,6,0,0,0,6,0,487,6,493,6,0,0,0,0,0,6,0,0,0
07-03-20,Polk,49,1,48,1,1,0,55,2,1052,6,1107,8,0,0,0,9,1,40,0,3,0
07-03-20,Putnam,834,28,829,28,5,0,1001,39,9846,287,10847,326,0,7,16,121,12,706,1,26,8
07-03-20,Rhea,274,1,274,1,0,0,290,1,2838,22,3128,23,0,0,0,21,1,253,0,5,0
07-03-20,Roane,60,2,53,2,7,0,68,2,5734,49,5802,51,0,0,1,20,1,40,1,6,0
07-03-20,Robertson,827,12,824,12,3,0,1013,11,6067,65,7080,76,0,11,5,74,7,742,0,60,15
07-03-20,Rutherford,2902,96,2895,96,7,0,3465,107,22606,680,26071,787,0,35,41,447,55,2420,3,136,37
07-03-20,Scott,18,0,17,0,1,0,17,1,1230,12,1247,13,0,0,-1,1,1,17,0,0,0
07-03-20,Sequatchie,45,5,45,5,0,0,49,3,1449,19,1498,22,0,0,5,17,0,28,0,2,0
07-03-20,Sevier,730,7,691,7,39,0,758,12,9340,105,10098,117,0,3,-31,186,38,541,0,28,3
07-03-20,Shelby,11320,347,11302,347,18,0,13518,408,138231,3475,151749,3883,2,197,70,2247,275,8876,22,1026,216
07-03-20,Smith,119,10,116,10,3,0,131,10,1667,49,1798,59,0,1,8,44,2,74,1,5,2
07-03-20,Stewart,23,2,23,2,0,0,25,2,787,12,812,14,0,0,2,3,0,20,0,2,0
07-03-20,Sullivan,113,9,108,8,5,1,115,12,7275,137,7390,149,0,2,6,33,3,78,2,15,2
07-03-20,Sumner,1597,34,1586,34,11,0,1981,34,13370,197,15351,231,0,52,-1,258,35,1287,0,243,55
07-03-20,Tipton,642,9,637,9,5,0,706,8,7981,138,8687,146,0,5,1,36,8,601,0,33,6
07-03-20,Trousdale,1496,2,1493,2,3,0,1535,1,2415,16,3950,17,0,5,-1,20,3,1471,0,14,6
07-03-20,Unicoi,55,0,55,0,0,0,61,1,1342,65,1403,66,0,0,0,2,0,53,0,1,0
07-03-20,Union,18,1,18,1,0,0,20,2,1084,13,1104,15,0,0,0,7,1,11,0,0,0
07-03-20,Van Buren,8,0,8,0,0,0,8,0,491,3,499,3,0,0,0,2,0,6,0,1,0
07-03-20,Warren,77,3,77,3,0,0,80,3,3199,94,3279,97,0,0,0,21,3,56,0,1,1
07-03-20,Washington,142,3,137,3,5,0,156,1,6787,52,6943,53,0,0,-1,28,4,114,0,8,0
07-03-20,Wayne,84,1,84,1,0,0,82,1,2602,4,2684,5,0,0,-3,13,4,71,0,2,0
07-03-20,Weakley,70,1,70,1,0,0,71,2,2297,32,2368,34,0,1,-1,14,2,55,0,4,1
07-03-20,White,73,3,71,3,2,0,84,3,2586,34,2670,37,0,3,2,9,1,61,0,6,3
07-03-20,Williamson,1213,39,1209,39,4,0,1404,46,18770,346,20174,392,0,14,8,310,31,889,1,54,13
07-03-20,Wilson,913,22,910,22,3,0,1079,27,11434,249,12513,276,0,17,-5,173,27,723,0,57,17
07-02-20,Anderson,112,6,105,6,7,0,132,8,7843,245,7975,253,0,2,4,24,2,86,0,8,2
07-02-20,Bedford,548,21,548,21,0,0,621,12,3761,36,4382,48,0,5,21,103,0,440,1,24,6
07-02-20,Benton,12,1,11,1,1,0,12,1,1084,20,1096,21,0,1,1,1,0,10,0,2,1
07-02-20,Bledsoe,625,0,625,0,0,0,636,0,3711,12,4347,12,0,1,0,2,0,622,0,6,1
07-02-20,Blount,208,15,200,12,8,3,247,21,7244,346,7491,367,0,3,13,67,2,138,1,15,3
07-02-20,Bradley,669,69,651,69,18,0,731,95,6817,231,7548,326,0,3,49,229,20,437,6,44,3
07-02-20,Campbell,43,2,40,2,3,0,51,2,2729,68,2780,70,0,1,0,12,2,30,1,4,1
07-02-20,Cannon,37,5,37,5,0,0,53,6,974,19,1027,25,0,0,5,13,0,24,0,4,0
07-02-20,Carroll,38,1,33,1,5,0,35,0,1912,30,1947,30,0,1,1,2,0,35,0,6,1
07-02-20,Carter,61,0,56,0,5,0,61,0,2922,79,2983,79,0,1,-2,15,2,45,0,5,1
07-02-20,Cheatham,229,4,229,4,0,0,277,6,2979,62,3256,68,0,1,-3,33,7,195,0,15,1
07-02-20,Chester,30,3,30,3,0,0,31,3,917,15,948,18,0,0,1,9,2,21,0,2,0
07-02-20,Claiborne,39,10,39,10,0,0,43,12,1731,94,1774,106,0,0,9,21,1,18,1,2,0
07-02-20,Clay,23,1,23,1,0,0,24,1,705,15,729,16,0,0,1,4,0,19,0,0,0
07-02-20,Cocke,76,8,71,8,5,0,77,8,2236,136,2313,144,0,0,5,33,3,43,0,2,0
07-02-20,Coffee,117,1,116,1,1,0,139,4,4129,122,4268,126,0,0,1,19,0,98,0,5,0
07-02-20,Crockett,33,1,31,1,2,0,39,1,790,15,829,16,0,3,1,6,0,24,0,3,3
07-02-20,Cumberland,184,2,180,2,4,0,239,3,7006,152,7245,155,1,4,-3,19,4,161,0,15,4
07-02-20,Davidson,10502,372,10491,372,11,0,12389,457,99278,3368,111667,3825,1,115,145,1955,226,8432,11,578,129
07-02-20,Decatur,22,1,20,1,2,0,25,1,812,19,837,20,0,0,1,5,0,17,0,1,0
07-02-20,Dekalb,61,5,61,5,0,0,75,7,1975,79,2050,86,0,0,5,14,0,47,1,3,0
07-02-20,Dickson,201,11,201,11,0,0,258,11,3701,96,3959,107,0,0,10,45,1,156,0,14,0
07-02-20,Dyer,239,7,229,7,10,0,254,12,2866,101,3120,113,0,1,0,52,7,186,0,23,1
07-02-20,Fayette,319,13,317,13,2,0,401,19,5662,189,6063,208,0,2,3,76,10,241,1,34,3
07-02-20,Fentress,20,0,20,0,0,0,20,0,1315,22,1335,22,0,0,0,4,0,16,0,2,0
07-02-20,Franklin,82,2,80,2,2,0,98,4,2965,51,3063,55,0,3,2,11,0,68,0,8,3
07-02-20,Gibson,120,15,111,14,9,1,130,15,3214,80,3344,95,0,1,14,31,1,88,1,7,1
07-02-20,Giles,61,2,61,2,0,0,69,4,2096,71,2165,75,0,1,-1,32,3,28,0,4,1
07-02-20,Grainger,42,3,37,3,5,0,49,2,1468,65,1517,67,0,0,2,11,1,31,0,5,0
07-02-20,Greene,94,9,90,8,4,1,94,5,3826,86,3920,91,0,2,9,34,0,58,1,10,2
07-02-20,Grundy,60,1,60,1,0,0,68,3,923,12,991,15,0,1,0,9,1,50,0,10,2
07-02-20,Hamblen,338,73,327,73,11,0,353,77,5732,352,6085,429,0,4,60,163,13,171,3,31,4
07-02-20,Hamilton,2544,82,2536,82,8,0,2783,122,36709,1646,39492,1768,0,30,53,318,29,2196,3,132,35
07-02-20,Hancock,3,0,2,0,1,0,2,0,389,13,391,13,0,0,0,0,0,3,0,1,0
07-02-20,Hardeman,325,7,325,7,0,0,347,8,6202,54,6549,62,2,3,2,48,3,274,1,18,4
07-02-20,Hardin,109,2,107,2,2,0,127,9,2889,93,3016,102,2,7,-4,26,4,76,1,11,7
07-02-20,Hawkins,57,2,57,2,0,0,71,3,2959,62,3030,65,0,2,1,14,1,41,0,7,2
07-02-20,Haywood,96,13,94,13,2,0,104,14,1427,41,1531,55,0,2,10,37,3,57,2,14,2
07-02-20,Henderson,41,4,41,4,0,0,49,8,1615,31,1664,39,0,0,1,15,3,26,1,4,0
07-02-20,Henry,42,1,42,1,0,0,52,0,2470,32,2522,32,0,0,0,4,1,38,0,6,0
07-02-20,Hickman,77,7,77,7,0,0,97,2,1593,18,1690,20,0,0,7,14,0,63,0,2,0
07-02-20,Houston,15,1,15,1,0,0,20,1,698,5,718,6,0,0,1,4,0,11,0,5,0
07-02-20,Humphreys,27,4,26,4,1,0,34,4,1288,30,1322,34,0,1,4,8,0,18,0,1,2
07-02-20,Jackson,36,2,36,2,0,0,40,2,948,11,988,13,0,0,2,7,0,29,0,2,0
07-02-20,Jefferson,119,11,112,11,7,0,126,18,4120,160,4246,178,0,0,8,36,3,83,0,6,0
07-02-20,Johnson,40,1,39,1,1,0,38,0,2518,4,2556,4,0,0,1,13,0,27,0,3,0
07-02-20,Knox,1092,66,1076,66,16,0,1196,100,36291,1291,37487,1391,0,5,31,310,35,777,2,86,6
07-02-20,Lake,686,0,684,0,2,0,852,0,3733,11,4585,11,0,0,0,0,0,686,0,3,0
07-02-20,Lauderdale,131,9,129,9,2,0,154,11,4367,92,4521,103,0,2,7,43,2,86,0,14,4
07-02-20,Lawrence,148,10,148,10,0,0,170,4,2951,47,3121,51,0,5,8,64,2,79,1,16,6
07-02-20,Lewis,8,1,8,1,0,0,8,0,731,11,739,11,0,0,1,1,0,7,0,0,0
07-02-20,Lincoln,63,2,63,2,0,0,80,2,2148,17,2228,19,0,0,1,10,1,53,0,5,0
07-02-20,Loudon,267,4,252,4,15,0,277,5,3921,70,4198,75,0,1,2,30,2,236,0,12,2
07-02-20,Macon,441,15,439,15,2,0,486,16,2604,94,3090,110,0,3,-1,145,16,293,1,27,4
07-02-20,Madison,276,12,259,12,17,0,323,13,7230,125,7553,138,0,2,7,57,5,217,1,28,2
07-02-20,Marion,67,3,66,3,1,0,77,5,1669,29,1746,34,0,4,2,13,1,50,0,14,4
07-02-20,Marshall,82,5,82,5,0,0,92,3,1792,20,1884,23,0,1,3,28,2,53,0,8,1
07-02-20,Maury,327,15,327,15,0,0,381,10,5138,84,5519,94,0,3,8,79,7,245,0,18,3
07-02-20,McMinn,233,10,230,10,3,0,280,12,4342,96,4622,108,0,17,4,37,6,179,1,30,19
07-02-20,McNairy,62,3,62,3,0,0,68,3,1400,40,1468,43,0,0,1,12,2,50,0,4,0
07-02-20,Meigs,32,0,32,0,0,0,46,1,907,17,953,18,0,0,0,2,0,30,0,4,0
07-02-20,Monroe,141,1,132,1,9,0,159,9,2122,46,2281,55,1,5,-6,17,6,119,0,11,4
07-02-20,Montgomery,533,17,529,17,4,0,602,20,13034,256,13636,276,0,7,1,87,16,439,0,36,7
07-02-20,Moore,13,1,13,1,0,0,13,3,523,11,536,14,0,0,1,7,0,6,0,0,0
07-02-20,Morgan,24,0,24,0,0,0,28,0,3800,28,3828,28,0,1,0,0,0,23,0,1,1
07-02-20,Obion,111,9,108,8,3,1,125,8,2427,57,2552,65,0,2,6,26,3,83,0,14,2
07-02-20,Out of State,510,26,510,26,0,0,544,25,96480,2466,97024,2491,1,8,15,115,10,387,2,30,2
07-02-20,Overton,74,3,74,3,0,0,77,3,2156,30,2233,33,0,1,2,14,1,59,0,4,1
07-02-20,Pending,25,1,25,1,0,0,31,1,60412,1654,60443,1655,0,1,0,13,1,11,0,0,0
07-02-20,Perry,34,3,34,3,0,0,39,1,565,5,604,6,0,0,3,6,0,28,0,1,0
07-02-20,Pickett,6,0,6,0,0,0,6,0,481,4,487,4,0,0,0,0,0,6,0,0,0
07-02-20,Polk,48,3,47,3,1,0,53,3,1046,25,1099,28,0,0,2,9,1,39,0,3,0
07-02-20,Putnam,806,24,801,23,5,1,962,34,9559,212,10521,246,0,7,12,105,12,694,1,25,7
07-02-20,Rhea,273,3,273,3,0,0,289,3,2816,54,3105,57,0,0,2,21,1,252,1,5,0
07-02-20,Roane,58,13,51,13,7,0,66,12,5685,134,5751,146,0,0,12,19,1,39,0,5,0
07-02-20,Robertson,815,13,812,13,3,0,1002,16,6002,101,7004,117,0,11,8,69,5,735,2,60,15
07-02-20,Rutherford,2806,93,2799,93,7,0,3358,115,21926,642,25284,757,0,35,24,406,69,2365,3,133,37
07-02-20,Scott,18,2,17,2,1,0,16,2,1218,30,1234,32,0,0,2,2,0,16,0,0,0
07-02-20,Sequatchie,40,4,40,4,0,0,46,2,1430,26,1476,28,0,0,3,12,1,28,0,2,0
07-02-20,Sevier,723,63,684,62,39,1,746,74,9235,438,9981,512,0,3,40,217,23,503,2,28,3
07-02-20,Shelby,10973,471,10955,471,18,0,13110,572,134756,4411,147866,4983,2,195,220,2177,249,8601,23,1004,212
07-02-20,Smith,109,5,106,5,3,0,121,9,1618,46,1739,55,0,1,4,36,1,72,0,4,2
07-02-20,Stewart,21,1,21,1,0,0,23,1,775,9,798,10,0,0,0,1,1,20,0,2,0
07-02-20,Sullivan,104,7,100,7,4,0,103,4,7138,237,7241,241,0,2,6,27,1,75,1,13,2
07-02-20,Sumner,1563,48,1552,48,11,0,1947,53,13173,391,15120,444,0,52,23,259,25,1252,1,243,54
07-02-20,Tipton,633,9,628,9,5,0,698,16,7843,226,8541,242,1,5,0,35,8,593,0,33,6
07-02-20,Trousdale,1494,4,1491,4,3,0,1534,7,2399,56,3933,63,0,5,2,21,2,1468,0,14,6
07-02-20,Unicoi,55,1,55,1,0,0,60,0,1277,4,1337,4,0,0,1,2,0,53,0,1,0
07-02-20,Union,17,2,17,2,0,0,18,3,1071,37,1089,40,0,0,1,7,1,10,0,0,0
07-02-20,Van Buren,8,1,8,1,0,0,8,1,488,7,496,8,0,0,1,2,0,6,0,1,0
07-02-20,Warren,74,4,74,4,0,0,77,5,3105,98,3182,103,0,0,-3,21,7,53,0,1,1
07-02-20,Washington,139,8,134,8,5,0,155,5,6735,217,6890,222,0,0,5,29,3,110,1,8,0
07-02-20,Wayne,83,3,83,3,0,0,81,1,2598,26,2679,27,0,0,3,16,0,67,0,2,0
07-02-20,Weakley,69,1,69,1,0,0,69,0,2265,69,2334,69,0,1,1,15,0,53,0,4,1
07-02-20,White,70,2,68,2,2,0,81,2,2552,70,2633,72,0,3,0,7,2,60,1,6,3
07-02-20,Williamson,1174,86,1170,86,4,0,1358,97,18424,682,19782,779,0,14,69,302,17,858,0,53,13
07-02-20,Wilson,891,35,888,35,3,0,1052,38,11185,452,12237,490,0,17,14,178,21,696,2,57,17
07-01-20,Anderson,106,3,99,3,7,0,124,5,7598,136,7722,141,0,2,-1,20,4,84,0,8,2
07-01-20,Bedford,527,7,527,7,0,0,609,11,3725,38,4334,49,0,5,-3,82,10,440,0,23,6
07-01-20,Benton,11,0,10,0,1,0,11,0,1064,10,1075,10,0,1,-1,0,1,10,0,2,1
07-01-20,Bledsoe,625,0,625,0,0,0,636,0,3699,10,4335,10,0,1,0,2,0,622,0,6,1
07-01-20,Blount,193,22,188,22,5,0,226,35,6898,172,7124,207,0,3,19,54,3,136,3,14,3
07-01-20,Bradley,600,20,582,18,18,2,636,40,6586,134,7222,174,0,3,-28,180,48,417,0,38,3
07-01-20,Campbell,41,1,38,1,3,0,49,1,2661,42,2710,43,0,1,0,12,1,28,0,3,1
07-01-20,Cannon,32,2,32,2,0,0,47,2,955,10,1002,12,0,0,2,8,0,24,0,4,0
07-01-20,Carroll,37,1,32,1,5,0,35,1,1882,8,1917,9,0,1,1,1,0,35,1,6,1
07-01-20,Carter,61,1,56,1,5,0,61,2,2843,35,2904,37,0,1,0,17,1,43,0,5,1
07-01-20,Cheatham,225,8,225,8,0,0,271,9,2917,42,3188,51,0,1,3,36,5,188,1,15,1
07-01-20,Chester,27,2,27,2,0,0,28,1,902,8,930,9,0,0,0,8,2,19,0,2,0
07-01-20,Claiborne,29,5,29,5,0,0,31,4,1637,18,1668,22,0,0,4,12,1,17,0,1,0
07-01-20,Clay,22,0,22,0,0,0,23,0,690,7,713,7,0,0,-1,3,1,19,0,0,0
07-01-20,Cocke,68,6,63,6,5,0,69,4,2100,57,2169,61,0,0,4,28,2,40,0,2,0
07-01-20,Coffee,116,5,115,5,1,0,135,5,4007,98,4142,103,0,0,5,18,0,98,0,5,0
07-01-20,Crockett,32,0,30,0,2,0,38,0,775,7,813,7,0,3,0,5,0,24,0,3,3
07-01-20,Cumberland,182,2,178,2,4,0,236,2,6854,84,7090,86,0,3,-2,22,4,157,0,15,4
07-01-20,Davidson,10130,379,10119,379,11,0,11932,433,95910,2382,107842,2815,1,114,177,1810,201,8206,9,567,127
07-01-20,Decatur,21,0,19,0,2,0,24,0,793,7,817,7,0,0,-1,4,1,17,0,1,0
07-01-20,Dekalb,56,0,56,0,0,0,68,0,1896,21,1964,21,0,0,-1,9,1,47,0,2,0
07-01-20,Dickson,190,9,190,9,0,0,247,7,3605,71,3852,78,0,0,8,35,1,155,1,14,0
07-01-20,Dyer,232,9,222,7,10,2,242,8,2765,89,3007,97,0,1,-4,52,13,179,1,23,1
07-01-20,Fayette,306,9,304,9,2,0,382,13,5473,139,5855,152,0,2,4,73,5,231,1,33,3
07-01-20,Fentress,20,2,20,2,0,0,20,2,1293,9,1313,11,0,0,2,4,0,16,0,2,0
07-01-20,Franklin,80,1,78,1,2,0,94,1,2914,18,3008,19,0,3,1,9,0,68,0,8,3
07-01-20,Gibson,105,5,97,5,8,0,115,5,3134,34,3249,39,0,1,3,17,2,87,0,6,1
07-01-20,Giles,59,4,59,4,0,0,65,2,2025,37,2090,39,0,1,3,33,1,25,0,4,1
07-01-20,Grainger,39,0,34,0,5,0,47,1,1403,56,1450,57,0,0,0,9,0,30,0,5,0
07-01-20,Greene,85,1,82,1,3,0,89,1,3740,15,3829,16,0,2,0,25,1,58,0,9,2
07-01-20,Grundy,59,0,59,0,0,0,65,0,911,12,976,12,0,1,-1,9,1,49,0,10,2
07-01-20,Hamblen,265,26,254,26,11,0,276,29,5380,128,5656,157,0,4,11,103,15,158,0,28,4
07-01-20,Hamilton,2462,55,2454,55,8,0,2661,67,35063,654,37724,721,0,30,16,265,39,2167,1,129,33
07-01-20,Hancock,3,0,2,0,1,0,2,0,376,4,378,4,0,0,0,0,0,3,0,1,0
07-01-20,Hardeman,318,10,318,10,0,0,339,15,6148,54,6487,69,0,1,6,46,4,271,1,17,4
07-01-20,Hardin,107,4,105,4,2,0,118,1,2796,35,2914,36,0,5,1,30,3,72,0,10,7
07-01-20,Hawkins,55,3,55,3,0,0,68,3,2897,42,2965,45,0,2,1,13,2,40,0,7,2
07-01-20,Haywood,83,4,81,4,2,0,90,5,1386,22,1476,27,0,2,2,27,2,54,0,12,2
07-01-20,Henderson,37,5,37,5,0,0,41,2,1584,39,1625,41,0,0,5,14,0,23,0,3,0
07-01-20,Henry,41,0,41,0,0,0,52,0,2438,16,2490,16,0,0,0,4,0,37,0,6,0
07-01-20,Hickman,70,1,70,1,0,0,95,0,1575,30,1670,30,0,0,1,7,0,63,0,2,0
07-01-20,Houston,14,1,14,1,0,0,19,1,693,6,712,7,0,0,1,3,0,11,0,5,0
07-01-20,Humphreys,23,1,22,1,1,0,30,1,1258,16,1288,17,0,1,0,4,1,18,0,1,2
07-01-20,Jackson,34,0,34,0,0,0,38,0,937,23,975,23,0,0,0,5,0,29,0,2,0
07-01-20,Jefferson,108,7,101,7,7,0,108,5,3960,72,4068,77,0,0,2,28,5,80,0,6,0
07-01-20,Johnson,39,1,38,1,1,0,38,0,2514,8,2552,8,0,0,-1,12,2,27,0,3,0
07-01-20,Knox,1026,48,1010,48,16,0,1096,38,35000,794,36096,832,0,5,24,279,24,742,4,84,6
07-01-20,Lake,686,0,684,0,2,0,852,0,3722,7,4574,7,0,0,0,0,0,686,0,3,0
07-01-20,Lauderdale,122,5,120,5,2,0,143,5,4275,33,4418,38,0,2,1,36,4,84,0,14,3
07-01-20,Lawrence,138,14,138,14,0,0,166,24,2904,54,3070,78,0,5,11,56,3,77,1,15,6
07-01-20,Lewis,7,0,7,0,0,0,8,0,720,8,728,8,0,0,0,0,0,7,0,0,0
07-01-20,Lincoln,61,2,61,2,0,0,78,4,2131,33,2209,37,0,0,2,9,0,52,0,5,0
07-01-20,Loudon,263,7,248,7,15,0,272,6,3851,71,4123,77,0,1,2,28,5,234,1,12,2
07-01-20,Macon,426,9,424,9,2,0,470,11,2510,28,2980,39,0,3,-9,146,18,277,2,26,3
07-01-20,Madison,264,6,247,6,17,0,310,10,7105,62,7415,72,0,2,3,50,3,212,0,27,2
07-01-20,Marion,64,0,63,0,1,0,72,0,1640,18,1712,18,0,4,-2,11,2,49,0,14,4
07-01-20,Marshall,77,3,77,3,0,0,89,5,1772,23,1861,28,0,1,3,25,0,51,0,8,1
07-01-20,Maury,312,16,312,16,0,0,371,23,5054,69,5425,92,0,3,6,71,10,238,0,18,3
07-01-20,McMinn,223,4,220,4,3,0,268,5,4246,72,4514,77,0,17,0,33,4,173,1,29,18
07-01-20,McNairy,59,1,59,1,0,0,65,2,1360,14,1425,16,0,0,-2,11,3,48,0,4,0
07-01-20,Meigs,32,0,32,0,0,0,45,0,890,11,935,11,0,0,0,2,0,30,0,4,0
07-01-20,Monroe,140,0,131,0,9,0,150,8,2076,25,2226,33,0,4,-2,23,2,113,0,11,4
07-01-20,Montgomery,516,15,512,15,4,0,582,17,12778,82,13360,99,0,7,5,86,10,423,2,36,7
07-01-20,Moore,12,2,12,2,0,0,10,2,512,10,522,12,0,0,2,6,0,6,0,0,0
07-01-20,Morgan,24,0,24,0,0,0,28,0,3772,32,3800,32,0,1,-1,0,1,23,0,1,1
07-01-20,Obion,102,4,100,4,2,0,117,4,2370,34,2487,38,0,2,2,20,2,80,0,14,2
07-01-20,Out of State,484,23,484,23,0,0,519,26,94014,3421,94533,3447,0,7,14,100,9,377,1,28,2
07-01-20,Overton,71,3,71,3,0,0,74,3,2126,33,2200,36,1,1,1,12,1,58,0,4,1
07-01-20,Pending,24,5,24,5,0,0,30,7,58758,801,58788,808,1,1,4,13,0,10,0,0,0
07-01-20,Perry,31,0,31,0,0,0,38,2,560,3,598,5,0,0,0,3,0,28,0,1,0
07-01-20,Pickett,6,0,6,0,0,0,6,0,477,3,483,3,0,0,0,0,0,6,0,0,0
07-01-20,Polk,45,0,44,0,1,0,50,0,1021,8,1071,8,0,0,-1,7,1,38,0,3,0
07-01-20,Putnam,782,25,778,25,4,0,928,29,9347,437,10275,466,0,7,8,93,17,682,0,24,7
07-01-20,Rhea,270,1,270,1,0,0,286,1,2762,31,3048,32,0,0,1,19,0,251,0,4,0
07-01-20,Roane,45,0,38,0,7,0,54,1,5551,79,5605,80,0,0,-3,7,3,38,0,5,0
07-01-20,Robertson,802,12,799,12,3,0,986,14,5901,103,6887,117,0,11,3,61,9,730,0,58,15
07-01-20,Rutherford,2713,85,2706,85,7,0,3243,114,21284,591,24527,705,1,35,6,382,78,2296,2,130,37
07-01-20,Scott,16,1,15,1,1,0,14,0,1188,13,1202,13,0,0,1,0,0,16,0,0,0
07-01-20,Sequatchie,36,2,36,2,0,0,44,1,1404,21,1448,22,0,0,2,9,0,27,0,2,0
07-01-20,Sevier,660,51,622,51,38,0,672,57,8797,243,9469,300,0,3,18,177,33,480,2,26,3
07-01-20,Shelby,10502,313,10484,313,18,0,12538,390,130345,3040,142883,3430,1,193,78,1957,234,8352,22,981,210
07-01-20,Smith,104,4,101,4,3,0,112,5,1572,18,1684,23,0,1,-1,32,5,71,0,4,2
07-01-20,Stewart,20,0,20,0,0,0,22,1,766,3,788,4,0,0,0,1,0,19,0,2,0
07-01-20,Sullivan,97,9,93,8,4,1,99,10,6901,179,7000,189,0,2,8,21,1,74,2,12,2
07-01-20,Sumner,1515,48,1504,48,11,0,1894,55,12782,208,14676,263,0,52,24,236,24,1227,1,242,54
07-01-20,Tipton,624,7,619,7,5,0,682,8,7617,111,8299,119,0,4,-2,35,9,585,0,33,6
07-01-20,Trousdale,1490,1,1487,1,3,0,1527,1,2343,2,3870,3,0,5,-1,19,2,1466,0,14,6
07-01-20,Unicoi,54,0,54,0,0,0,60,0,1273,8,1333,8,0,0,0,1,0,53,0,1,0
07-01-20,Union,15,2,15,2,0,0,15,0,1034,9,1049,9,0,0,1,6,1,9,0,0,0
07-01-20,Van Buren,7,0,7,0,0,0,7,0,481,1,488,1,0,0,0,1,0,6,0,1,0
07-01-20,Warren,70,2,70,2,0,0,72,2,3007,50,3079,52,0,0,0,24,2,46,0,1,1
07-01-20,Washington,131,0,126,0,5,0,150,6,6518,87,6668,93,0,0,-3,24,3,107,0,7,0
07-01-20,Wayne,80,3,80,3,0,0,80,4,2572,17,2652,21,0,0,3,13,0,67,0,2,0
07-01-20,Weakley,68,1,68,1,0,0,69,1,2196,34,2265,35,0,1,-2,14,3,53,0,4,1
07-01-20,White,68,1,66,1,2,0,79,1,2482,55,2561,56,0,3,1,7,0,58,0,5,3
07-01-20,Williamson,1088,39,1084,39,4,0,1261,44,17742,405,19003,449,0,14,16,233,23,841,1,53,13
07-01-20,Wilson,856,33,853,33,3,0,1014,37,10733,217,11747,254,0,17,6,164,27,675,0,55,17
06-30-20,Anderson,103,5,96,4,7,1,119,5,7462,164,7581,169,0,2,2,21,3,80,0,8,2
06-30-20,Bedford,520,6,520,6,0,0,598,35,3687,131,4285,166,0,5,0,85,6,430,0,23,6
06-30-20,Benton,11,0,10,0,1,0,11,0,1054,20,1065,20,0,1,0,1,0,9,0,2,1
06-30-20,Bledsoe,625,1,625,1,0,0,636,1,3689,42,4325,43,0,1,1,2,0,622,0,6,1
06-30-20,Blount,171,10,166,10,5,0,191,11,6726,255,6917,266,0,3,6,35,4,133,1,11,3
06-30-20,Bradley,580,35,564,35,16,0,596,60,6452,443,7048,503,0,3,25,208,10,369,3,38,3
06-30-20,Campbell,40,5,37,5,3,0,48,5,2619,32,2667,37,0,1,5,12,0,27,0,3,1
06-30-20,Cannon,30,4,30,4,0,0,45,3,945,17,990,20,0,0,4,6,0,24,0,4,0
06-30-20,Carroll,36,0,31,0,5,0,34,0,1874,26,1908,26,0,1,0,0,0,35,0,5,1
06-30-20,Carter,60,2,55,2,5,0,59,5,2808,91,2867,96,0,1,-5,17,7,42,0,5,1
06-30-20,Cheatham,217,10,217,10,0,0,262,12,2875,74,3137,86,0,1,9,33,1,183,0,14,1
06-30-20,Chester,25,1,25,1,0,0,27,1,894,10,921,11,0,0,0,8,1,17,0,2,0
06-30-20,Claiborne,24,3,24,3,0,0,27,4,1619,20,1646,24,0,0,2,8,1,16,0,1,0
06-30-20,Clay,22,2,22,2,0,0,23,2,683,12,706,14,0,0,2,4,0,18,0,0,0
06-30-20,Cocke,62,6,57,6,5,0,65,9,2043,46,2108,55,0,0,3,24,3,38,0,2,0
06-30-20,Coffee,111,3,110,3,1,0,130,5,3909,227,4039,232,0,0,2,13,1,98,0,5,0
06-30-20,Crockett,32,1,30,1,2,0,38,3,768,17,806,20,0,3,1,5,0,24,0,3,3
06-30-20,Cumberland,180,4,176,4,4,0,234,9,6770,120,7004,129,0,3,2,24,2,153,0,15,4
06-30-20,Davidson,9751,539,9740,538,11,1,11499,645,93528,3421,105027,4066,3,113,340,1633,196,8005,8,558,124
06-30-20,Decatur,21,0,19,0,2,0,24,0,786,16,810,16,0,0,0,5,0,16,0,1,0
06-30-20,Dekalb,56,4,56,4,0,0,68,5,1875,70,1943,75,0,0,3,10,1,46,2,2,0
06-30-20,Dickson,181,3,181,3,0,0,240,6,3534,121,3774,127,0,0,3,27,0,154,0,13,0
06-30-20,Dyer,223,9,215,9,8,0,234,10,2676,54,2910,64,1,1,3,56,5,166,1,22,1
06-30-20,Fayette,297,23,295,23,2,0,369,23,5334,88,5703,111,0,2,12,69,11,226,3,32,3
06-30-20,Fentress,18,0,18,0,0,0,18,0,1284,10,1302,10,0,0,0,2,0,16,0,2,0
06-30-20,Franklin,79,5,77,5,2,0,93,7,2896,115,2989,122,0,3,3,8,2,68,1,8,3
06-30-20,Gibson,100,3,92,3,8,0,110,4,3100,44,3210,48,0,1,2,14,1,85,0,6,1
06-30-20,Giles,55,4,55,4,0,0,63,7,1988,239,2051,246,0,1,4,30,0,24,0,4,1
06-30-20,Grainger,39,3,34,3,5,0,46,3,1347,49,1393,52,0,0,1,9,2,30,0,5,0
06-30-20,Greene,84,0,81,0,3,0,88,16,3725,196,3813,212,0,2,0,25,0,57,0,9,2
06-30-20,Grundy,59,1,59,1,0,0,65,1,899,44,964,45,0,1,1,10,0,48,0,10,2
06-30-20,Hamblen,239,26,228,26,11,0,247,27,5252,104,5499,131,0,4,1,92,25,143,5,28,4
06-30-20,Hamilton,2407,73,2399,72,8,1,2594,150,34409,1841,37003,1991,0,30,26,249,47,2128,6,128,32
06-30-20,Hancock,3,0,2,0,1,0,2,0,372,3,374,3,0,0,0,0,0,3,0,1,0
06-30-20,Hardeman,308,3,308,3,0,0,324,5,6094,49,6418,54,0,1,-1,40,4,267,1,16,2
06-30-20,Hardin,103,9,101,9,2,0,117,9,2761,78,2878,87,0,5,8,29,1,69,0,10,7
06-30-20,Hawkins,52,1,52,1,0,0,65,2,2855,40,2920,42,0,2,0,12,1,38,0,7,2
06-30-20,Haywood,79,5,77,5,2,0,85,6,1364,26,1449,32,0,2,1,25,4,52,0,12,2
06-30-20,Henderson,32,3,32,3,0,0,39,3,1545,33,1584,36,0,0,2,9,1,23,0,3,0
06-30-20,Henry,41,1,41,1,0,0,52,1,2422,74,2474,75,0,0,0,4,1,37,0,6,0
06-30-20,Hickman,69,1,69,1,0,0,95,2,1545,34,1640,36,0,0,1,6,0,63,0,2,0
06-30-20,Houston,13,0,13,0,0,0,18,1,687,9,705,10,0,0,0,2,0,11,0,5,0
06-30-20,Humphreys,22,0,21,0,1,0,29,2,1242,19,1271,21,0,1,0,4,0,17,0,1,2
06-30-20,Jackson,34,0,34,0,0,0,38,0,914,14,952,14,0,0,-1,5,1,29,0,2,0
06-30-20,Jefferson,101,4,94,4,7,0,103,8,3888,80,3991,88,0,0,-4,26,8,75,0,6,0
06-30-20,Johnson,38,1,37,1,1,0,38,5,2506,15,2544,20,0,0,1,13,0,25,1,3,0
06-30-20,Knox,978,40,962,39,16,1,1058,72,34206,1528,35264,1600,0,5,17,255,23,718,3,80,5
06-30-20,Lake,686,0,684,0,2,0,852,0,3715,8,4567,8,0,0,0,0,0,686,0,3,0
06-30-20,Lauderdale,117,3,115,3,2,0,138,5,4242,48,4380,53,0,2,-1,35,4,80,0,14,2
06-30-20,Lawrence,124,4,124,4,0,0,142,17,2850,171,2992,188,1,5,2,45,1,74,1,14,6
06-30-20,Lewis,7,1,7,1,0,0,8,1,712,31,720,32,0,0,1,0,0,7,0,0,0
06-30-20,Lincoln,59,1,59,1,0,0,74,5,2098,58,2172,63,0,0,0,7,1,52,0,5,0
06-30-20,Loudon,256,6,241,6,15,0,266,7,3780,80,4046,87,0,1,1,26,5,229,0,11,2
06-30-20,Macon,417,34,415,34,2,0,459,38,2482,140,2941,178,0,3,23,155,11,259,2,24,3
06-30-20,Madison,258,17,241,10,17,7,300,18,7043,116,7343,134,0,2,12,47,5,209,0,27,2
06-30-20,Marion,64,2,63,2,1,0,72,2,1622,84,1694,86,0,4,1,13,1,47,0,14,4
06-30-20,Marshall,74,1,74,1,0,0,84,6,1749,45,1833,51,0,1,1,22,0,51,0,8,1
06-30-20,Maury,296,14,296,14,0,0,348,25,4985,153,5333,178,0,3,-1,65,15,228,1,18,3
06-30-20,McMinn,219,1,216,1,3,0,263,11,4174,187,4437,198,0,17,-1,33,2,169,0,28,18
06-30-20,McNairy,58,5,58,5,0,0,63,4,1346,28,1409,32,0,0,4,13,1,45,0,4,0
06-30-20,Meigs,32,1,32,1,0,0,45,2,879,22,924,24,0,0,1,2,0,30,0,4,0
06-30-20,Monroe,140,5,131,5,9,0,142,4,2051,32,2193,36,0,4,4,25,1,111,0,11,3
06-30-20,Montgomery,501,22,497,22,4,0,565,23,12696,220,13261,243,0,7,12,81,10,413,0,34,7
06-30-20,Moore,10,2,10,2,0,0,8,1,502,13,510,14,0,0,2,4,0,6,0,0,0
06-30-20,Morgan,24,0,24,0,0,0,28,0,3740,30,3768,30,0,1,0,1,0,22,0,1,1
06-30-20,Obion,98,3,96,3,2,0,113,4,2336,57,2449,61,0,2,1,18,2,78,0,14,2
06-30-20,Out of State,461,14,461,14,0,0,493,19,90593,2932,91086,2951,0,7,-1,86,15,368,1,27,2
06-30-20,Overton,68,0,68,0,0,0,71,0,2093,23,2164,23,0,0,-1,11,1,57,0,4,1
06-30-20,Pending,19,3,19,3,0,0,23,3,57957,1269,57980,1272,0,0,0,9,3,10,0,0,0
06-30-20,Perry,31,0,31,0,0,0,36,2,557,13,593,15,0,0,0,3,0,28,0,1,0
06-30-20,Pickett,6,0,6,0,0,0,6,0,474,6,480,6,0,0,-2,0,2,6,0,0,0
06-30-20,Polk,45,1,44,1,1,0,50,2,1013,53,1063,55,0,0,1,8,0,37,0,3,0
06-30-20,Putnam,757,4,753,4,4,0,899,4,8910,112,9809,116,0,7,-7,85,11,665,0,24,7
06-30-20,Rhea,269,5,269,5,0,0,285,6,2731,86,3016,92,0,0,2,18,3,251,1,4,0
06-30-20,Roane,45,3,38,3,7,0,53,3,5472,94,5525,97,0,0,1,10,2,35,0,5,0
06-30-20,Robertson,790,15,787,15,3,0,972,18,5798,108,6770,126,0,11,8,58,7,721,1,58,15
06-30-20,Rutherford,2628,102,2621,102,7,0,3129,121,20693,714,23822,835,0,34,50,376,52,2218,1,128,37
06-30-20,Scott,15,1,14,1,1,0,14,1,1175,17,1189,18,0,0,0,-1,1,16,0,0,0
06-30-20,Sequatchie,34,5,34,5,0,0,43,7,1383,103,1426,110,0,0,5,7,0,27,0,2,0
06-30-20,Sevier,609,21,571,20,38,1,615,27,8554,168,9169,195,0,3,3,159,18,447,1,24,3
06-30-20,Shelby,10189,319,10171,319,18,0,12148,390,127305,3255,139453,3645,6,192,77,1879,236,8118,12,959,207
06-30-20,Smith,100,5,97,5,3,0,107,5,1554,30,1661,35,0,1,2,33,3,66,0,4,1
06-30-20,Stewart,20,0,20,0,0,0,21,0,763,11,784,11,0,0,-1,1,1,19,0,2,0
06-30-20,Sullivan,88,2,85,2,3,0,89,4,6722,178,6811,182,0,2,0,13,2,73,1,10,2
06-30-20,Sumner,1467,49,1456,49,11,0,1839,57,12574,490,14413,547,1,52,26,212,22,1203,5,241,54
06-30-20,Tipton,617,5,612,5,5,0,674,8,7506,151,8180,159,0,4,-1,37,6,576,1,33,6
06-30-20,Trousdale,1489,5,1486,5,3,0,1526,1,2341,29,3867,30,0,5,5,20,0,1464,0,14,6
06-30-20,Unicoi,54,0,54,0,0,0,60,1,1265,13,1325,14,0,0,0,1,0,53,0,1,0
06-30-20,Union,13,1,13,1,0,0,15,1,1025,18,1040,19,0,0,1,5,0,8,0,0,0
06-30-20,Van Buren,7,0,7,0,0,0,7,0,480,5,487,5,0,0,0,1,0,6,0,1,0
06-30-20,Warren,68,2,68,2,0,0,70,3,2957,169,3027,172,0,0,-1,24,3,44,0,1,1
06-30-20,Washington,131,4,126,4,5,0,144,6,6431,229,6575,235,0,0,4,27,0,104,0,7,0
06-30-20,Wayne,77,0,77,0,0,0,76,3,2555,24,2631,27,0,0,0,10,0,67,0,2,0
06-30-20,Weakley,67,4,67,4,0,0,68,5,2162,46,2230,51,0,1,0,16,4,50,0,4,1
06-30-20,White,67,0,65,0,2,0,78,0,2427,39,2505,39,0,3,-1,6,1,58,0,5,3
06-30-20,Williamson,1049,65,1045,65,4,0,1217,75,17337,680,18554,755,0,14,47,217,18,818,0,52,13
06-30-20,Wilson,823,38,820,38,3,0,977,52,10516,451,11493,503,0,17,12,158,26,648,1,55,17
06-29-20,Anderson,98,6,92,5,6,1,114,7,7298,208,7412,215,0,2,3,19,3,77,1,8,2
06-29-20,Bedford,514,12,514,12,0,0,563,9,3556,34,4119,43,0,5,3,85,9,424,0,23,6
06-29-20,Benton,11,0,10,0,1,0,11,0,1034,9,1045,9,0,1,0,1,0,9,0,2,1
06-29-20,Bledsoe,624,1,624,1,0,0,635,1,3647,31,4282,32,0,1,-2,1,3,622,0,6,1
06-29-20,Blount,161,11,156,11,5,0,180,9,6471,216,6651,225,0,3,8,29,3,129,1,10,3
06-29-20,Bradley,545,66,529,65,16,1,536,38,6009,262,6545,300,0,3,50,183,16,359,3,35,3
06-29-20,Campbell,35,4,32,4,3,0,43,4,2587,69,2630,73,0,1,2,7,2,27,0,3,1
06-29-20,Cannon,26,1,26,1,0,0,42,1,928,23,970,24,0,0,1,2,0,24,0,4,0
06-29-20,Carroll,36,0,31,0,5,0,34,1,1848,19,1882,20,0,1,0,0,0,35,0,5,1
06-29-20,Carter,58,1,53,1,5,0,54,4,2717,108,2771,112,0,1,-3,22,4,35,1,5,1
06-29-20,Cheatham,207,4,207,4,0,0,250,5,2801,61,3051,66,1,1,1,24,2,182,0,14,1
06-29-20,Chester,24,1,24,1,0,0,26,1,884,14,910,15,0,0,1,8,0,16,0,2,0
06-29-20,Claiborne,21,1,21,1,0,0,23,2,1599,92,1622,94,0,0,1,6,0,15,0,1,0
06-29-20,Clay,20,1,20,1,0,0,21,1,671,19,692,20,0,0,-1,2,2,18,0,0,0
06-29-20,Cocke,56,5,51,5,5,0,56,6,1997,106,2053,112,0,0,4,21,1,35,0,2,0
06-29-20,Coffee,108,6,107,6,1,0,125,2,3682,51,3807,53,0,0,5,11,1,97,0,5,0
06-29-20,Crockett,31,2,29,2,2,0,35,2,751,11,786,13,0,3,1,4,1,24,0,3,3
06-29-20,Cumberland,176,6,172,6,4,0,225,8,6650,156,6875,164,0,3,0,22,6,151,0,15,4
06-29-20,Davidson,9212,289,9202,288,10,1,10854,333,90107,1936,100961,2269,0,110,53,1293,236,7809,7,550,123
06-29-20,Decatur,21,3,19,3,2,0,24,3,770,13,794,16,0,0,3,5,0,16,0,1,0
06-29-20,Dekalb,52,3,52,3,0,0,63,6,1805,68,1868,74,0,0,1,7,2,45,0,0,0
06-29-20,Dickson,178,6,178,6,0,0,234,10,3413,46,3647,56,0,0,4,24,2,154,0,13,0
06-29-20,Dyer,214,8,206,8,8,0,224,8,2622,91,2846,99,0,0,-1,53,9,161,2,21,1
06-29-20,Fayette,274,9,272,9,2,0,346,13,5246,198,5592,211,0,2,1,57,8,215,1,29,3
06-29-20,Fentress,18,2,18,2,0,0,18,2,1274,16,1292,18,0,0,2,2,0,16,1,2,0
06-29-20,Franklin,74,1,72,1,2,0,86,0,2781,29,2867,29,0,3,0,5,1,66,0,7,3
06-29-20,Gibson,97,2,89,1,8,1,106,5,3056,42,3162,47,0,1,1,12,1,84,0,6,1
06-29-20,Giles,51,1,51,1,0,0,56,4,1749,68,1805,72,1,1,-1,26,1,24,0,4,1
06-29-20,Grainger,36,4,31,4,5,0,43,4,1298,27,1341,31,0,0,3,8,1,28,0,5,0
06-29-20,Greene,84,4,81,4,3,0,72,2,3529,58,3601,60,0,2,2,25,2,57,0,9,2
06-29-20,Grundy,58,0,58,0,0,0,64,0,855,7,919,7,0,1,-6,9,6,48,0,10,2
06-29-20,Hamblen,213,26,202,26,11,0,220,25,5148,119,5368,144,0,4,17,91,9,118,5,23,4
06-29-20,Hamilton,2334,74,2327,74,7,0,2444,61,32568,1040,35012,1101,1,30,15,223,58,2081,4,122,32
06-29-20,Hancock,3,0,2,0,1,0,2,0,369,14,371,14,0,0,0,0,0,3,0,1,0
06-29-20,Hardeman,305,15,305,15,0,0,319,13,6045,60,6364,73,0,1,11,41,4,263,0,15,2
06-29-20,Hardin,94,2,92,2,2,0,108,3,2683,80,2791,83,0,5,-6,21,8,68,1,10,7
06-29-20,Hawkins,51,2,51,2,0,0,63,3,2815,64,2878,67,0,2,0,12,2,37,0,7,2
06-29-20,Haywood,74,5,72,5,2,0,79,7,1338,32,1417,39,0,2,3,24,2,48,2,12,2
06-29-20,Henderson,29,1,29,1,0,0,36,2,1512,32,1548,34,0,0,0,7,1,22,0,3,0
06-29-20,Henry,40,0,40,0,0,0,51,0,2348,29,2399,29,0,0,0,4,0,36,0,6,0
06-29-20,Hickman,68,0,68,0,0,0,93,0,1511,18,1604,18,0,0,0,5,0,63,0,2,0
06-29-20,Houston,13,0,13,0,0,0,17,0,678,13,695,13,0,0,0,2,0,11,0,5,0
06-29-20,Humphreys,22,2,21,2,1,0,27,2,1223,17,1250,19,0,1,2,4,0,17,0,1,2
06-29-20,Jackson,34,5,34,5,0,0,38,5,900,14,938,19,0,0,5,6,0,28,0,2,0
06-29-20,Jefferson,97,8,90,8,7,0,95,11,3808,90,3903,101,0,0,4,30,4,67,0,6,0
06-29-20,Johnson,37,1,36,1,1,0,33,2,2491,22,2524,24,0,0,1,12,0,25,1,2,0
06-29-20,Knox,938,51,923,51,15,0,986,73,32678,1214,33664,1287,0,5,20,238,31,695,3,77,5
06-29-20,Lake,686,0,684,0,2,0,852,0,3707,15,4559,15,0,0,0,0,0,686,0,3,0
06-29-20,Lauderdale,114,9,112,9,2,0,133,9,4194,69,4327,78,0,2,7,36,2,76,1,14,2
06-29-20,Lawrence,120,8,120,8,0,0,125,6,2679,39,2804,45,0,4,8,43,0,73,1,13,5
06-29-20,Lewis,6,0,6,0,0,0,7,0,681,3,688,3,0,0,-1,-1,1,7,0,0,0
06-29-20,Lincoln,58,4,58,4,0,0,69,4,2040,19,2109,23,0,0,4,7,0,51,1,5,0
06-29-20,Loudon,250,4,235,4,15,0,259,4,3700,81,3959,85,0,1,-1,25,5,224,0,11,2
06-29-20,Macon,383,32,381,32,2,0,421,34,2342,84,2763,118,0,3,16,132,16,248,3,22,3
06-29-20,Madison,241,15,231,12,10,3,282,16,6927,114,7209,130,0,2,10,35,5,204,2,27,2
06-29-20,Marion,62,2,61,2,1,0,70,2,1538,16,1608,18,0,4,1,12,1,46,0,14,4
06-29-20,Marshall,73,8,73,8,0,0,78,11,1704,73,1782,84,0,1,6,21,2,51,1,8,1
06-29-20,Maury,282,5,282,5,0,0,323,13,4832,86,5155,99,0,3,-11,66,16,213,0,17,3
06-29-20,McMinn,218,0,215,0,3,0,252,0,3987,76,4239,76,0,17,-2,34,2,167,0,28,17
06-29-20,McNairy,53,1,53,1,0,0,59,1,1318,28,1377,29,0,0,-4,9,5,44,0,4,0
06-29-20,Meigs,31,0,31,0,0,0,43,1,857,19,900,20,0,0,0,1,0,30,0,4,0
06-29-20,Monroe,135,11,126,11,9,0,138,2,2019,49,2157,51,0,4,8,21,3,110,1,11,3
06-29-20,Montgomery,479,20,475,20,4,0,542,25,12476,286,13018,311,0,7,9,69,11,403,0,34,7
06-29-20,Moore,8,1,8,1,0,0,7,0,489,1,496,1,0,0,1,2,0,6,0,0,0
06-29-20,Morgan,24,1,24,1,0,0,28,2,3710,17,3738,19,0,1,-1,1,2,22,0,1,1
06-29-20,Obion,95,4,93,4,2,0,109,6,2279,78,2388,84,0,2,3,17,1,76,1,14,2
06-29-20,Out of State,447,17,447,17,0,0,474,19,87661,1973,88135,1992,0,7,4,87,13,353,0,26,2
06-29-20,Overton,68,6,68,6,0,0,71,6,2070,53,2141,59,0,0,1,12,5,56,0,4,1
06-29-20,Pending,16,4,16,4,0,0,20,4,56688,1594,56708,1598,0,0,2,9,2,7,0,0,0
06-29-20,Perry,31,1,31,1,0,0,34,0,544,1,578,1,0,0,1,3,0,28,0,1,0
06-29-20,Pickett,6,0,6,0,0,0,6,0,468,4,474,4,0,0,0,2,0,4,0,0,0
06-29-20,Polk,44,0,43,0,1,0,48,0,960,18,1008,18,0,0,-1,7,1,37,0,3,0
06-29-20,Putnam,753,16,749,16,4,0,895,19,8798,186,9693,205,0,7,-2,92,18,654,1,24,7
06-29-20,Rhea,264,4,264,4,0,0,279,4,2645,66,2924,70,0,0,1,16,3,248,0,3,0
06-29-20,Roane,42,0,35,0,7,0,50,1,5378,94,5428,95,0,0,-2,9,2,33,0,5,0
06-29-20,Robertson,775,9,772,9,3,0,954,22,5690,134,6644,156,0,11,-1,50,10,714,0,57,15
06-29-20,Rutherford,2526,93,2519,93,7,0,3008,119,19979,597,22987,716,0,34,17,326,76,2166,5,127,37
06-29-20,Scott,14,0,13,0,1,0,13,0,1158,16,1171,16,0,0,-1,-1,1,15,0,0,0
06-29-20,Sequatchie,29,0,29,0,0,0,36,1,1280,20,1316,21,0,0,0,2,0,27,0,2,0
06-29-20,Sevier,588,43,551,43,37,0,588,45,8386,313,8974,358,0,3,16,156,27,429,0,23,3
06-29-20,Shelby,9870,604,9852,604,18,0,11758,714,124050,5294,135808,6008,4,186,372,1802,228,7882,31,947,201
06-29-20,Smith,95,26,92,26,3,0,102,29,1524,57,1626,86,0,1,21,31,5,63,0,4,1
06-29-20,Stewart,20,0,20,0,0,0,21,1,752,14,773,15,0,0,-1,2,1,18,0,2,0
06-29-20,Sullivan,86,3,83,3,3,0,85,2,6544,139,6629,141,0,2,2,13,1,71,0,9,2
06-29-20,Sumner,1418,65,1407,65,11,0,1782,68,12084,439,13866,507,0,51,43,186,22,1181,8,236,54
06-29-20,Tipton,612,9,607,9,5,0,666,10,7355,292,8021,302,0,4,2,38,7,570,0,32,4
06-29-20,Trousdale,1484,7,1481,7,3,0,1525,8,2312,53,3837,61,0,5,6,15,1,1464,0,14,5
06-29-20,Unicoi,54,1,54,1,0,0,59,1,1252,14,1311,15,0,0,1,1,0,53,0,1,0
06-29-20,Union,12,0,12,0,0,0,14,1,1007,34,1021,35,0,0,0,4,0,8,0,0,0
06-29-20,Van Buren,7,1,7,1,0,0,7,1,475,8,482,9,0,0,1,1,0,6,0,1,0
06-29-20,Warren,66,8,66,8,0,0,67,9,2788,92,2855,101,0,0,5,25,3,41,0,1,1
06-29-20,Washington,127,3,122,3,5,0,138,0,6202,122,6340,122,0,0,1,23,2,104,0,7,0
06-29-20,Wayne,77,2,77,2,0,0,73,1,2531,18,2604,19,0,0,0,10,2,67,0,2,0
06-29-20,Weakley,63,5,63,5,0,0,63,5,2116,84,2179,89,0,1,4,16,1,46,0,4,1
06-29-20,White,67,3,65,3,2,0,78,4,2388,67,2466,71,0,3,2,7,1,57,0,5,3
06-29-20,Williamson,984,44,980,44,4,0,1142,54,16657,678,17799,732,0,14,21,170,23,800,0,52,13
06-29-20,Wilson,785,36,782,36,3,0,925,36,10065,428,10990,464,1,17,11,146,24,622,0,54,17
06-28-20,Anderson,92,4,87,4,5,0,107,8,7090,112,7197,120,0,2,3,16,1,74,0,7,2
06-28-20,Bedford,502,15,502,15,0,0,554,19,3522,69,4076,88,0,5,10,82,5,415,0,23,6
06-28-20,Benton,11,0,10,0,1,0,11,0,1025,1,1036,1,0,1,-1,1,1,9,0,2,1
06-28-20,Bledsoe,623,0,623,0,0,0,634,0,3616,10,4250,10,0,1,-1,3,1,619,0,6,1
06-28-20,Blount,150,1,145,0,5,1,171,1,6255,85,6426,86,0,3,-5,21,6,126,0,9,3
06-28-20,Bradley,479,28,464,27,15,1,498,12,5747,71,6245,83,0,3,21,133,7,343,1,32,3
06-28-20,Campbell,31,1,28,1,3,0,39,4,2518,23,2557,27,0,1,1,5,0,25,0,3,1
06-28-20,Cannon,25,0,25,0,0,0,41,0,905,3,946,3,0,0,0,1,0,24,0,4,0
06-28-20,Carroll,36,0,31,0,5,0,33,0,1829,1,1862,1,0,1,0,0,0,35,0,5,1
06-28-20,Carter,57,2,52,2,5,0,50,3,2609,54,2659,57,0,1,0,25,2,31,0,4,1
06-28-20,Cheatham,203,1,203,1,0,0,245,2,2740,21,2985,23,0,0,0,23,1,180,0,14,1
06-28-20,Chester,23,2,23,2,0,0,25,2,870,3,895,5,0,0,1,7,1,16,0,2,0
06-28-20,Claiborne,20,0,20,0,0,0,21,0,1507,11,1528,11,0,0,0,5,0,15,0,1,0
06-28-20,Clay,19,1,19,1,0,0,20,1,652,8,672,9,0,0,1,3,0,16,0,0,0
06-28-20,Cocke,51,0,46,0,5,0,50,1,1891,21,1941,22,0,0,0,17,0,34,0,2,0
06-28-20,Coffee,102,0,101,0,1,0,123,2,3631,77,3754,79,0,0,0,6,0,96,0,5,0
06-28-20,Crockett,29,0,27,0,2,0,33,0,740,6,773,6,0,3,-1,3,1,23,0,3,3
06-28-20,Cumberland,170,2,166,2,4,0,217,2,6494,46,6711,48,0,3,1,22,1,145,1,15,4
06-28-20,Davidson,8923,179,8914,179,9,0,10521,202,88171,1472,98692,1674,0,110,89,1240,90,7573,0,543,119
06-28-20,Decatur,18,0,16,0,2,0,21,0,757,6,778,6,0,0,0,2,0,16,0,1,0
06-28-20,Dekalb,49,0,49,0,0,0,57,0,1737,2,1794,2,0,0,-2,6,2,43,0,0,0
06-28-20,Dickson,172,7,172,7,0,0,224,8,3367,34,3591,42,0,0,3,20,4,152,0,13,0
06-28-20,Dyer,206,4,198,4,8,0,216,2,2531,16,2747,18,0,0,0,54,4,152,0,19,1
06-28-20,Fayette,265,7,263,7,2,0,333,8,5048,22,5381,30,0,2,2,56,5,207,0,28,3
06-28-20,Fentress,16,0,16,0,0,0,16,0,1258,5,1274,5,0,0,0,0,0,16,0,1,0
06-28-20,Franklin,73,1,71,1,2,0,86,2,2752,77,2838,79,0,3,0,5,1,65,0,7,3
06-28-20,Gibson,95,2,88,2,7,0,101,2,3014,7,3115,9,0,1,-2,11,4,83,0,6,1
06-28-20,Giles,50,3,50,3,0,0,52,0,1681,35,1733,35,0,0,3,27,0,23,0,4,1
06-28-20,Grainger,32,2,27,2,5,0,39,2,1271,34,1310,36,0,0,1,5,1,27,0,5,0
06-28-20,Greene,80,3,77,3,3,0,70,3,3471,41,3541,44,0,2,3,23,0,55,0,9,2
06-28-20,Grundy,58,0,58,0,0,0,64,2,848,23,912,25,0,1,-2,15,2,42,0,10,2
06-28-20,Hamblen,187,7,176,7,11,0,195,9,5029,53,5224,62,0,4,6,74,1,109,0,18,4
06-28-20,Hamilton,2260,46,2253,46,7,0,2383,66,31528,1049,33911,1115,0,29,12,208,34,2023,1,118,31
06-28-20,Hancock,3,0,2,0,1,0,2,0,355,19,357,19,0,0,0,0,0,3,0,1,0
06-28-20,Hardeman,290,8,290,8,0,0,306,6,5985,18,6291,24,0,1,7,30,1,259,1,15,2
06-28-20,Hardin,92,0,90,0,2,0,105,0,2603,16,2708,16,0,5,-3,27,3,60,0,9,7
06-28-20,Hawkins,49,1,49,1,0,0,60,1,2751,46,2811,47,0,2,1,12,0,35,0,7,2
06-28-20,Haywood,69,0,67,0,2,0,72,0,1306,10,1378,10,0,2,-2,21,2,46,0,10,2
06-28-20,Henderson,28,0,28,0,0,0,34,0,1480,8,1514,8,0,0,-1,7,1,21,0,3,0
06-28-20,Henry,40,1,40,1,0,0,51,1,2319,17,2370,18,0,0,1,4,0,36,0,6,0
06-28-20,Hickman,68,1,68,1,0,0,93,2,1493,31,1586,33,0,0,1,5,0,63,0,2,0
06-28-20,Houston,13,2,13,2,0,0,17,2,665,6,682,8,0,0,2,2,0,11,0,5,0
06-28-20,Humphreys,20,0,19,0,1,0,25,0,1206,16,1231,16,0,1,0,2,0,17,0,1,2
06-28-20,Jackson,29,0,29,0,0,0,33,0,886,3,919,3,0,0,0,1,0,28,0,2,0
06-28-20,Jefferson,89,1,82,1,7,0,84,1,3718,46,3802,47,0,0,0,26,1,63,0,6,0
06-28-20,Johnson,36,1,35,1,1,0,31,0,2469,23,2500,23,0,0,1,11,0,25,0,1,0
06-28-20,Knox,887,10,872,10,15,0,913,30,31464,751,32377,781,0,5,-5,218,15,664,1,74,5
06-28-20,Lake,686,0,684,0,2,0,852,1,3692,4,4544,5,0,0,0,0,0,686,0,3,0
06-28-20,Lauderdale,105,2,103,2,2,0,124,9,4125,36,4249,45,0,2,1,29,1,74,0,13,2
06-28-20,Lawrence,112,0,112,0,0,0,119,5,2640,86,2759,91,0,4,-2,35,2,73,0,12,5
06-28-20,Lewis,6,0,6,0,0,0,7,0,678,9,685,9,0,0,0,0,0,6,0,0,0
06-28-20,Lincoln,54,0,54,0,0,0,65,2,2021,55,2086,57,0,0,-1,3,1,51,0,4,0
06-28-20,Loudon,246,1,231,1,15,0,255,3,3619,50,3874,53,0,1,-3,26,4,219,0,11,2
06-28-20,Macon,351,57,349,57,2,0,387,60,2258,144,2645,204,0,3,53,116,4,232,1,19,3
06-28-20,Madison,226,1,219,1,7,0,266,3,6813,35,7079,38,0,2,0,25,1,199,0,25,2
06-28-20,Marion,60,2,59,2,1,0,68,2,1522,27,1590,29,0,4,2,11,0,45,0,14,4
06-28-20,Marshall,65,3,65,3,0,0,67,4,1631,31,1698,35,0,1,3,15,0,49,0,7,1
06-28-20,Maury,277,5,277,5,0,0,310,7,4746,36,5056,43,0,3,2,77,3,197,2,17,3
06-28-20,McMinn,218,8,215,8,3,0,252,11,3911,106,4163,117,0,17,8,36,0,165,1,28,17
06-28-20,McNairy,52,0,52,0,0,0,58,0,1290,20,1348,20,0,0,-2,13,2,39,0,4,0
06-28-20,Meigs,31,0,31,0,0,0,42,0,838,20,880,20,0,0,0,1,0,30,0,4,0
06-28-20,Monroe,124,0,115,0,9,0,136,3,1970,16,2106,19,0,4,0,13,0,107,0,10,3
06-28-20,Montgomery,459,13,455,13,4,0,517,13,12190,204,12707,217,0,7,7,60,6,392,0,34,7
06-28-20,Moore,7,0,7,0,0,0,7,0,488,8,495,8,0,0,0,1,0,6,0,0,0
06-28-20,Morgan,23,0,23,0,0,0,26,0,3693,17,3719,17,0,1,0,2,0,20,0,1,1
06-28-20,Obion,91,1,89,1,2,0,103,5,2201,13,2304,18,0,2,-1,14,2,75,0,13,2
06-28-20,Out of State,430,16,430,16,0,0,455,15,85688,1109,86143,1124,0,7,14,83,2,340,0,26,2
06-28-20,Overton,62,0,62,0,0,0,65,2,2017,27,2082,29,0,0,0,11,0,51,0,4,1
06-28-20,Pending,12,0,12,0,0,0,16,0,55094,393,55110,393,0,0,0,7,0,5,0,0,0
06-28-20,Perry,30,1,30,1,0,0,34,0,543,7,577,7,0,0,1,2,0,28,0,1,0
06-28-20,Pickett,6,0,6,0,0,0,6,0,464,2,470,2,0,0,0,2,0,4,0,0,0
06-28-20,Polk,44,3,43,3,1,0,48,3,942,24,990,27,0,0,3,8,0,36,0,3,0
06-28-20,Putnam,737,12,733,12,4,0,876,13,8612,117,9488,130,0,7,7,94,5,636,1,23,7
06-28-20,Rhea,260,0,260,0,0,0,275,0,2579,56,2854,56,0,0,-1,15,1,245,0,3,0
06-28-20,Roane,42,0,35,0,7,0,49,0,5284,55,5333,55,0,0,0,11,0,31,0,5,0
06-28-20,Robertson,766,6,763,6,3,0,932,6,5556,27,6488,33,0,11,4,51,2,704,0,57,15
06-28-20,Rutherford,2433,44,2426,44,7,0,2889,57,19382,257,22271,314,0,34,15,309,29,2090,0,122,36
06-28-20,Scott,14,0,13,0,1,0,13,0,1142,11,1155,11,0,0,0,0,0,14,0,0,0
06-28-20,Sequatchie,29,2,29,2,0,0,35,0,1260,21,1295,21,0,0,2,2,0,27,0,2,0
06-28-20,Sevier,545,2,508,2,37,0,543,5,8073,102,8616,107,0,3,-16,140,18,402,0,23,3
06-28-20,Shelby,9266,69,9248,69,18,0,11044,100,118756,1054,129800,1154,0,182,-38,1430,107,7654,3,916,199
06-28-20,Smith,69,2,66,2,3,0,73,2,1467,9,1540,11,0,1,2,10,0,58,1,4,1
06-28-20,Stewart,20,1,20,1,0,0,20,1,738,10,758,11,0,0,1,3,0,17,0,2,0
06-28-20,Sullivan,83,0,80,0,3,0,83,1,6405,73,6488,74,0,2,0,11,0,70,0,9,2
06-28-20,Sumner,1353,20,1342,20,11,0,1714,26,11645,89,13359,115,0,51,8,143,12,1159,2,228,54
06-28-20,Tipton,603,2,598,2,5,0,656,3,7063,26,7719,29,0,4,-4,36,6,563,0,32,4
06-28-20,Trousdale,1477,1,1474,1,3,0,1517,1,2259,6,3776,7,0,5,-1,9,2,1463,0,14,5
06-28-20,Unicoi,53,0,53,0,0,0,58,0,1238,19,1296,19,0,0,0,0,0,53,0,1,0
06-28-20,Union,12,1,12,1,0,0,13,1,973,27,986,28,0,0,1,4,0,8,0,0,0
06-28-20,Van Buren,6,0,6,0,0,0,6,0,467,1,473,1,0,0,0,0,0,6,0,1,0
06-28-20,Warren,58,1,58,1,0,0,58,1,2696,20,2754,21,0,0,1,20,0,38,0,1,1
06-28-20,Washington,124,2,119,2,5,0,138,7,6080,160,6218,167,0,0,-2,22,4,102,0,7,0
06-28-20,Wayne,75,0,75,0,0,0,72,2,2513,27,2585,29,0,0,0,10,0,65,0,2,0
06-28-20,Weakley,58,2,58,2,0,0,58,2,2032,9,2090,11,0,1,1,12,1,45,0,4,1
06-28-20,White,64,1,62,1,2,0,74,1,2321,12,2395,13,0,3,0,5,1,56,0,5,3
06-28-20,Williamson,940,19,936,19,4,0,1088,26,15979,148,17067,174,0,14,10,149,9,777,0,52,13
06-28-20,Wilson,749,12,746,12,3,0,889,13,9637,115,10526,128,0,16,1,135,11,598,0,54,17
06-27-20,Anderson,88,1,83,0,5,1,99,0,6978,10,7077,10,0,2,-4,13,5,73,0,7,2
06-27-20,Bedford,487,0,487,0,0,0,535,0,3453,2,3988,2,1,5,-6,72,5,410,0,23,5
06-27-20,Benton,11,0,10,0,1,0,11,0,1024,1,1035,1,0,1,0,2,0,8,0,2,1
06-27-20,Bledsoe,623,0,623,0,0,0,634,0,3606,2,4240,2,0,1,0,4,0,618,0,6,1
06-27-20,Blount,149,0,145,0,4,0,170,0,6170,2,6340,2,0,3,-2,26,2,120,0,9,3
06-27-20,Bradley,451,10,437,10,14,0,486,8,5676,0,6162,8,0,3,3,112,7,336,0,31,3
06-27-20,Campbell,30,0,27,0,3,0,35,0,2495,15,2530,15,0,1,0,4,0,25,0,3,1
06-27-20,Cannon,25,0,25,0,0,0,41,0,902,2,943,2,0,0,0,1,0,24,0,4,0
06-27-20,Carroll,36,1,31,1,5,0,33,1,1828,1,1861,2,0,1,1,0,0,35,0,5,1
06-27-20,Carter,55,1,50,1,5,0,47,1,2555,0,2602,1,0,1,1,25,0,29,1,4,1
06-27-20,Cheatham,202,0,202,0,0,0,243,0,2719,2,2962,2,0,0,-2,23,2,179,0,14,1
06-27-20,Chester,21,2,21,2,0,0,23,2,867,1,890,3,0,0,2,6,0,15,0,2,0
06-27-20,Claiborne,20,1,20,1,0,0,21,0,1496,8,1517,8,0,0,0,5,1,15,0,1,0
06-27-20,Clay,18,0,18,0,0,0,19,0,644,1,663,1,0,0,-2,2,2,16,0,0,0
06-27-20,Cocke,51,3,46,3,5,0,49,2,1870,3,1919,5,0,0,0,17,3,34,0,2,0
06-27-20,Coffee,102,0,101,0,1,0,121,0,3554,2,3675,2,0,0,0,6,0,96,0,5,0
06-27-20,Crockett,29,1,27,1,2,0,33,1,734,0,767,1,0,3,0,4,1,22,1,3,3
06-27-20,Cumberland,168,0,164,0,4,0,215,0,6448,2,6663,2,0,3,0,21,0,144,0,14,4
06-27-20,Davidson,8744,19,8735,19,9,0,10319,26,86699,110,97018,136,5,110,-123,1151,137,7483,0,543,117
06-27-20,Decatur,18,0,16,0,2,0,21,0,751,0,772,0,0,0,-1,2,1,16,0,1,0
06-27-20,Dekalb,49,0,49,0,0,0,57,0,1735,3,1792,3,0,0,0,8,0,41,0,0,0
06-27-20,Dickson,165,2,165,2,0,0,216,2,3333,1,3549,3,0,0,0,17,2,148,0,13,0
06-27-20,Dyer,202,8,194,8,8,0,214,6,2515,5,2729,11,0,0,0,54,8,148,2,19,1
06-27-20,Fayette,258,7,256,7,2,0,325,4,5026,22,5351,26,0,2,2,54,5,202,3,28,3
06-27-20,Fentress,16,0,16,0,0,0,16,0,1253,1,1269,1,0,0,-1,0,1,16,0,1,0
06-27-20,Franklin,72,0,70,0,2,0,84,0,2675,1,2759,1,0,3,0,5,0,64,0,7,3
06-27-20,Gibson,93,2,86,1,7,1,99,1,3007,3,3106,4,0,1,2,13,0,79,0,6,1
06-27-20,Giles,47,0,47,0,0,0,52,0,1646,0,1698,0,0,0,0,24,0,23,0,4,1
06-27-20,Grainger,30,0,25,0,5,0,37,0,1237,2,1274,2,0,0,0,4,0,26,0,5,0
06-27-20,Greene,77,5,74,5,3,0,67,2,3430,0,3497,2,-1,2,4,20,2,55,0,9,2
06-27-20,Grundy,58,0,58,0,0,0,62,0,825,0,887,0,0,1,-1,17,1,40,0,10,2
06-27-20,Hamblen,180,1,169,1,11,0,186,1,4976,3,5162,4,0,4,-6,68,7,108,0,18,4
06-27-20,Hamilton,2214,8,2207,7,7,1,2317,9,30479,3,32796,12,0,29,-40,196,48,1989,0,117,30
06-27-20,Hancock,3,0,2,0,1,0,2,0,336,0,338,0,0,0,-1,0,1,3,0,1,0
06-27-20,Hardeman,282,2,282,2,0,0,300,3,5967,3,6267,6,0,1,0,23,2,258,0,14,2
06-27-20,Hardin,92,0,90,0,2,0,105,0,2587,0,2692,0,0,5,-4,30,4,57,0,9,7
06-27-20,Hawkins,48,3,48,3,0,0,59,0,2705,0,2764,0,0,2,2,11,1,35,0,7,2
06-27-20,Haywood,69,3,67,3,2,0,72,3,1296,1,1368,4,0,2,3,23,0,44,0,10,2
06-27-20,Henderson,28,1,28,1,0,0,34,1,1472,0,1506,1,0,0,0,8,1,20,0,3,0
06-27-20,Henry,39,0,39,0,0,0,50,0,2302,1,2352,1,0,0,0,3,0,36,0,6,0
06-27-20,Hickman,67,0,67,0,0,0,91,0,1462,0,1553,0,0,0,-1,4,1,63,0,2,0
06-27-20,Houston,11,0,11,0,0,0,15,0,659,0,674,0,0,0,0,0,0,11,0,5,0
06-27-20,Humphreys,20,0,19,0,1,0,25,0,1190,0,1215,0,0,1,0,2,0,17,0,1,2
06-27-20,Jackson,29,0,29,0,0,0,33,0,883,1,916,1,0,0,-1,1,1,28,0,2,0
06-27-20,Jefferson,88,0,81,0,7,0,83,0,3672,5,3755,5,0,0,-2,26,2,62,0,6,0
06-27-20,Johnson,35,0,34,0,1,0,31,0,2446,0,2477,0,0,0,0,10,0,25,0,1,0
06-27-20,Knox,877,29,862,29,15,0,883,14,30713,103,31596,117,0,5,18,223,11,649,2,73,5
06-27-20,Lake,686,0,684,0,2,0,851,0,3688,0,4539,0,0,0,0,0,0,686,0,3,0
06-27-20,Lauderdale,103,6,101,6,2,0,115,3,4089,2,4204,5,0,2,4,28,2,73,0,13,2
06-27-20,Lawrence,112,0,112,0,0,0,114,0,2554,1,2668,1,0,4,-1,37,1,71,0,12,5
06-27-20,Lewis,6,0,6,0,0,0,7,0,669,0,676,0,0,0,0,0,0,6,0,0,0
06-27-20,Lincoln,54,0,54,0,0,0,63,0,1966,0,2029,0,0,0,0,4,0,50,0,4,0
06-27-20,Loudon,245,0,230,0,15,0,252,0,3569,9,3821,9,0,1,-2,29,2,215,0,11,2
06-27-20,Macon,294,0,292,0,2,0,327,0,2114,1,2441,1,0,3,-5,63,5,228,0,18,3
06-27-20,Madison,225,2,218,2,7,0,263,2,6778,8,7041,10,0,2,-3,25,5,198,0,25,2
06-27-20,Marion,58,0,57,0,1,0,66,0,1495,0,1561,0,0,4,0,9,0,45,0,14,4
06-27-20,Marshall,62,0,62,0,0,0,63,0,1600,2,1663,2,0,1,0,12,0,49,0,7,1
06-27-20,Maury,272,0,272,0,0,0,303,0,4710,15,5013,15,1,3,-6,75,5,194,0,15,3
06-27-20,McMinn,210,1,207,1,3,0,241,1,3805,1,4046,2,0,17,1,28,0,165,0,27,17
06-27-20,McNairy,52,2,52,2,0,0,58,2,1270,0,1328,2,0,0,1,15,1,37,0,4,0
06-27-20,Meigs,31,0,31,0,0,0,42,0,818,0,860,0,0,0,0,1,0,30,0,4,0
06-27-20,Monroe,124,0,115,0,9,0,133,0,1954,0,2087,0,0,4,-3,13,3,107,0,10,3
06-27-20,Montgomery,446,0,442,0,4,0,504,0,11986,21,12490,21,0,7,-4,53,4,386,0,34,7
06-27-20,Moore,7,0,7,0,0,0,7,0,480,0,487,0,0,0,0,1,0,6,0,0,0
06-27-20,Morgan,23,0,23,0,0,0,26,0,3676,0,3702,0,0,1,0,2,0,20,0,1,1
06-27-20,Obion,90,3,88,3,2,0,98,3,2188,1,2286,4,0,2,2,15,1,73,1,13,2
06-27-20,Out of State,414,0,414,0,0,0,440,1,84579,204,85019,205,-1,7,-3,69,4,338,0,26,2
06-27-20,Overton,62,1,62,1,0,0,63,1,1990,4,2053,5,0,0,0,11,1,51,0,4,0
06-27-20,Pending,12,1,12,1,0,0,16,1,54701,218,54717,219,0,0,1,7,0,5,0,0,0
06-27-20,Perry,29,0,29,0,0,0,34,1,536,0,570,1,0,0,0,1,0,28,0,1,0
06-27-20,Pickett,6,0,6,0,0,0,6,0,462,1,468,1,0,0,0,2,0,4,0,0,0
06-27-20,Polk,41,0,40,0,1,0,45,0,918,0,963,0,0,0,0,5,0,36,0,3,0
06-27-20,Putnam,725,16,721,16,4,0,863,20,8495,57,9358,77,0,7,8,87,8,631,1,22,7
06-27-20,Rhea,260,1,260,1,0,0,275,1,2523,1,2798,2,0,0,-2,16,3,244,0,3,0
06-27-20,Roane,42,0,35,0,7,0,49,0,5229,7,5278,7,0,0,0,11,0,31,0,5,0
06-27-20,Robertson,760,0,757,0,3,0,926,0,5529,1,6455,1,0,11,-9,47,9,702,0,57,15
06-27-20,Rutherford,2389,7,2382,7,7,0,2832,11,19125,12,21957,23,0,34,-27,294,34,2061,1,122,36
06-27-20,Scott,14,0,13,0,1,0,13,0,1131,2,1144,2,0,0,0,0,0,14,0,0,0
06-27-20,Sequatchie,27,0,27,0,0,0,35,0,1239,0,1274,0,0,0,0,0,0,27,0,2,0
06-27-20,Sevier,543,5,506,3,37,2,538,1,7971,1,8509,2,0,3,-16,156,21,384,0,23,3
06-27-20,Shelby,9197,81,9179,81,18,0,10944,76,117702,506,128646,582,1,182,-71,1468,151,7547,6,913,197
06-27-20,Smith,67,0,64,0,3,0,71,0,1458,1,1529,1,0,1,-3,8,3,58,0,3,1
06-27-20,Stewart,19,0,19,0,0,0,19,0,728,1,747,1,0,0,0,2,0,17,0,2,0
06-27-20,Sullivan,83,1,80,1,3,0,82,1,6332,1,6414,2,0,2,0,11,1,70,0,9,2
06-27-20,Sumner,1333,0,1322,0,11,0,1688,0,11556,1,13244,1,0,51,-17,135,17,1147,0,226,54
06-27-20,Tipton,601,5,596,5,5,0,653,4,7037,14,7690,18,0,4,2,40,3,557,1,32,4
06-27-20,Trousdale,1476,0,1473,0,3,0,1516,0,2253,0,3769,0,0,5,0,10,0,1461,0,14,5
06-27-20,Unicoi,53,0,53,0,0,0,58,0,1219,0,1277,0,0,0,-1,0,1,53,0,1,0
06-27-20,Union,11,0,11,0,0,0,12,0,946,3,958,3,0,0,0,3,0,8,0,0,0
06-27-20,Van Buren,6,0,6,0,0,0,6,0,466,0,472,0,0,0,0,0,0,6,0,1,0
06-27-20,Warren,57,2,57,2,0,0,57,2,2676,17,2733,19,0,0,2,19,0,38,0,1,0
06-27-20,Washington,122,4,117,3,5,1,131,2,5920,0,6051,2,0,0,-2,24,6,98,0,7,0
06-27-20,Wayne,75,0,75,0,0,0,70,0,2486,0,2556,0,0,0,0,10,0,65,0,2,0
06-27-20,Weakley,56,2,56,2,0,0,56,1,2023,2,2079,3,0,1,1,11,1,44,1,4,1
06-27-20,White,63,0,61,0,2,0,73,0,2309,1,2382,1,0,3,-1,5,1,55,0,5,3
06-27-20,Williamson,921,12,917,12,4,0,1062,15,15831,162,16893,177,0,14,-4,139,16,768,0,52,13
06-27-20,Wilson,737,2,734,2,3,0,876,3,9522,11,10398,14,1,16,-17,134,18,587,0,54,17
06-26-20,Anderson,87,5,83,5,4,0,99,6,6968,28,7067,34,0,2,3,17,2,68,0,7,2
06-26-20,Bedford,487,21,487,21,0,0,535,9,3451,20,3986,29,0,4,15,78,6,405,1,23,5
06-26-20,Benton,11,0,10,0,1,0,11,0,1023,3,1034,3,0,1,0,2,0,8,0,2,1
06-26-20,Bledsoe,623,0,623,0,0,0,634,0,3604,6,4238,6,0,1,0,4,0,618,0,6,1
06-26-20,Blount,149,6,145,6,4,0,170,5,6168,69,6338,74,0,3,4,28,2,118,0,9,3
06-26-20,Bradley,441,13,427,13,14,0,478,13,5676,13,6154,26,0,3,2,109,11,329,0,31,3
06-26-20,Campbell,30,1,27,1,3,0,35,1,2480,8,2515,9,0,1,1,4,0,25,0,3,1
06-26-20,Cannon,25,0,25,0,0,0,41,0,900,11,941,11,0,0,0,1,0,24,0,4,0
06-26-20,Carroll,35,2,30,2,5,0,32,1,1827,9,1859,10,0,1,2,-1,0,35,0,5,1
06-26-20,Carter,54,1,49,1,5,0,46,1,2555,17,2601,18,0,1,1,24,0,29,0,3,1
06-26-20,Cheatham,202,3,202,3,0,0,243,2,2717,31,2960,33,0,0,1,25,2,177,0,14,1
06-26-20,Chester,19,0,19,0,0,0,21,0,866,6,887,6,0,0,0,4,0,15,0,2,0
06-26-20,Claiborne,19,2,19,2,0,0,21,1,1488,7,1509,8,0,0,2,5,0,14,0,1,0
06-26-20,Clay,18,0,18,0,0,0,19,0,643,5,662,5,0,0,0,4,0,14,0,0,0
06-26-20,Cocke,48,6,43,5,5,1,47,5,1867,37,1914,42,0,0,5,17,1,31,0,2,0
06-26-20,Coffee,102,1,101,1,1,0,121,0,3552,11,3673,11,0,0,-1,6,2,96,0,5,0
06-26-20,Crockett,28,1,26,1,2,0,32,0,734,2,766,2,0,3,0,4,1,21,0,2,3
06-26-20,Cumberland,168,2,164,2,4,0,215,2,6446,112,6661,114,0,3,2,21,0,144,0,14,3
06-26-20,Davidson,8725,181,8716,181,9,0,10293,228,86589,1174,96882,1402,2,105,55,1274,124,7346,5,543,117
06-26-20,Decatur,18,1,16,0,2,1,21,1,751,2,772,3,0,0,0,3,1,15,0,1,0
06-26-20,Dekalb,49,0,49,0,0,0,57,0,1732,17,1789,17,0,0,0,8,0,41,0,0,0
06-26-20,Dickson,163,4,163,4,0,0,214,2,3332,36,3546,38,0,0,3,17,1,146,0,13,0
06-26-20,Dyer,194,10,186,10,8,0,208,11,2510,26,2718,37,0,0,-4,54,14,140,3,17,1
06-26-20,Fayette,251,9,249,9,2,0,321,9,5004,75,5325,84,0,2,1,52,8,197,0,25,3
06-26-20,Fentress,16,1,16,1,0,0,16,1,1252,19,1268,20,0,0,1,1,0,15,0,1,0
06-26-20,Franklin,72,2,70,2,2,0,84,2,2674,4,2758,6,0,3,2,5,0,64,0,7,3
06-26-20,Gibson,91,6,85,4,6,2,98,5,3004,8,3102,13,0,1,4,11,2,79,1,6,1
06-26-20,Giles,47,2,47,2,0,0,52,1,1646,12,1698,13,0,0,2,24,0,23,0,4,1
06-26-20,Grainger,30,2,25,0,5,2,37,0,1235,13,1272,13,0,0,0,4,2,26,0,5,0
06-26-20,Greene,72,6,69,5,3,1,65,2,3430,30,3495,32,1,3,5,16,0,53,0,9,2
06-26-20,Grundy,58,0,58,0,0,0,62,0,825,1,887,1,0,1,-2,18,2,39,0,10,1
06-26-20,Hamblen,179,12,168,12,11,0,185,12,4973,63,5158,75,0,4,7,74,5,101,0,18,4
06-26-20,Hamilton,2206,65,2200,65,6,0,2308,57,30476,485,32784,542,0,29,17,236,48,1941,2,117,29
06-26-20,Hancock,3,0,2,0,1,0,2,0,336,1,338,1,0,0,-1,1,1,2,0,1,0
06-26-20,Hardeman,280,2,280,2,0,0,297,2,5964,15,6261,17,0,1,-22,23,24,256,2,14,2
06-26-20,Hardin,92,8,90,7,2,1,105,7,2587,30,2692,37,0,5,5,34,3,53,0,9,7
06-26-20,Hawkins,45,1,45,1,0,0,59,2,2705,15,2764,17,0,2,0,9,1,34,0,7,2
06-26-20,Haywood,66,3,64,2,2,1,69,3,1295,12,1364,15,0,2,1,20,2,44,0,10,2
06-26-20,Henderson,27,1,27,1,0,0,33,2,1472,8,1505,10,0,0,0,8,1,19,0,3,0
06-26-20,Henry,39,2,39,2,0,0,50,3,2301,6,2351,9,0,0,2,3,0,36,0,6,0
06-26-20,Hickman,67,1,67,1,0,0,91,1,1462,12,1553,13,0,0,1,5,0,62,0,2,0
06-26-20,Houston,11,0,11,0,0,0,15,0,659,3,674,3,0,0,0,0,0,11,0,5,0
06-26-20,Humphreys,20,1,19,1,1,0,25,0,1190,3,1215,3,0,1,1,2,0,17,0,1,1
06-26-20,Jackson,29,0,29,0,0,0,33,0,882,7,915,7,0,0,-1,2,1,27,0,2,0
06-26-20,Jefferson,88,5,81,4,7,1,83,4,3667,30,3750,34,0,0,0,28,5,60,2,6,0
06-26-20,Johnson,35,6,34,5,1,1,31,3,2446,6,2477,9,0,0,6,10,0,25,0,1,0
06-26-20,Knox,848,35,833,35,15,0,869,14,30610,338,31479,352,0,5,15,205,20,638,8,71,5
06-26-20,Lake,686,0,684,0,2,0,851,0,3688,7,4539,7,0,0,0,0,0,686,0,3,0
06-26-20,Lauderdale,97,10,95,10,2,0,112,8,4087,24,4199,32,0,2,10,24,0,71,0,13,2
06-26-20,Lawrence,112,12,112,12,0,0,114,5,2553,9,2667,14,1,4,4,38,7,70,2,12,4
06-26-20,Lewis,6,0,6,0,0,0,7,0,669,3,676,3,0,0,0,0,0,6,0,0,0
06-26-20,Lincoln,54,1,54,1,0,0,63,1,1966,5,2029,6,0,0,0,4,1,50,0,4,0
06-26-20,Loudon,245,2,230,2,15,0,252,2,3560,25,3812,27,0,1,-4,31,6,213,1,11,2
06-26-20,Macon,294,37,292,36,2,1,327,38,2113,36,2440,74,0,3,36,68,1,223,2,18,3
06-26-20,Madison,223,15,216,10,7,5,261,12,6770,27,7031,39,0,2,12,28,3,193,2,25,2
06-26-20,Marion,58,1,57,1,1,0,66,1,1495,12,1561,13,0,4,0,9,1,45,0,14,4
06-26-20,Marshall,62,7,62,7,0,0,63,4,1598,17,1661,21,0,1,6,12,1,49,0,7,1
06-26-20,Maury,272,12,272,12,0,0,303,5,4695,68,4998,73,0,2,6,81,6,189,2,15,3
06-26-20,McMinn,209,4,206,4,3,0,240,1,3804,4,4044,5,0,17,1,27,3,165,1,27,17
06-26-20,McNairy,50,3,50,3,0,0,56,5,1270,7,1326,12,0,0,1,14,2,36,1,4,0
06-26-20,Meigs,31,1,31,1,0,0,42,0,818,3,860,3,0,0,1,1,0,30,0,4,0
06-26-20,Monroe,124,2,115,1,9,1,133,2,1954,17,2087,19,0,4,-1,16,3,104,0,10,3
06-26-20,Montgomery,446,13,442,13,4,0,504,13,11965,166,12469,179,0,7,4,57,9,382,0,34,7
06-26-20,Moore,7,1,7,1,0,0,7,0,480,0,487,0,0,0,1,1,0,6,0,0,0
06-26-20,Morgan,23,0,23,0,0,0,26,0,3676,9,3702,9,0,1,0,2,0,20,0,1,1
06-26-20,Obion,87,9,85,9,2,0,95,5,2187,30,2282,35,0,2,9,13,0,72,1,12,2
06-26-20,Out of State,414,13,414,13,0,0,439,12,84375,927,84814,939,-1,8,7,72,7,334,0,26,2
06-26-20,Overton,61,3,61,3,0,0,62,2,1986,3,2048,5,0,0,1,11,2,50,1,4,0
06-26-20,Pending,11,4,11,4,0,0,15,5,54483,697,54498,702,0,0,3,6,1,5,0,0,0
06-26-20,Perry,29,1,29,1,0,0,33,0,536,1,569,1,0,0,-1,1,2,28,0,1,0
06-26-20,Pickett,6,0,6,0,0,0,6,0,461,1,467,1,0,0,0,2,0,4,0,0,0
06-26-20,Polk,41,2,40,2,1,0,45,1,918,4,963,5,0,0,1,5,1,36,0,3,0
06-26-20,Putnam,709,14,705,14,4,0,843,20,8438,113,9281,133,0,7,7,79,7,623,3,21,7
06-26-20,Rhea,259,2,259,2,0,0,274,3,2522,23,2796,26,0,0,0,18,2,241,0,3,0
06-26-20,Roane,42,1,35,1,7,0,49,4,5222,41,5271,45,0,0,1,11,0,31,0,5,0
06-26-20,Robertson,760,10,757,9,3,1,926,15,5528,145,6454,160,1,11,3,56,6,693,0,57,15
06-26-20,Rutherford,2382,31,2375,31,7,0,2821,52,19113,362,21934,414,0,34,-33,321,64,2027,0,121,36
06-26-20,Scott,14,0,13,0,1,0,13,0,1129,4,1142,4,0,0,0,0,0,14,0,0,0
06-26-20,Sequatchie,27,0,27,0,0,0,35,0,1239,5,1274,5,0,0,0,0,0,27,0,2,0
06-26-20,Sevier,538,22,503,20,35,2,537,23,7970,174,8507,197,0,3,-9,172,31,363,0,23,3
06-26-20,Shelby,9116,205,9098,205,18,0,10868,236,117196,2269,128064,2505,6,181,31,1539,168,7396,16,907,195
06-26-20,Smith,67,5,64,5,3,0,71,3,1457,35,1528,38,0,1,3,11,2,55,0,3,1
06-26-20,Stewart,19,0,19,0,0,0,19,0,727,12,746,12,0,0,0,2,0,17,0,2,0
06-26-20,Sullivan,82,4,79,4,3,0,81,2,6331,60,6412,62,0,2,3,11,1,69,1,9,2
06-26-20,Sumner,1333,27,1322,27,11,0,1688,32,11555,166,13243,198,0,51,18,152,9,1130,0,226,54
06-26-20,Tipton,596,8,591,7,5,1,649,7,7023,161,7672,168,0,4,3,38,5,554,0,31,4
06-26-20,Trousdale,1476,2,1473,2,3,0,1516,3,2253,8,3769,11,0,5,-2,10,4,1461,0,14,5
06-26-20,Unicoi,53,0,53,0,0,0,58,0,1219,4,1277,4,0,0,0,1,0,52,0,1,0
06-26-20,Union,11,0,11,0,0,0,12,1,943,4,955,5,0,0,0,3,0,8,0,0,0
06-26-20,Van Buren,6,0,6,0,0,0,6,0,466,18,472,18,0,0,0,0,0,6,0,1,0
06-26-20,Warren,55,1,55,1,0,0,55,1,2659,25,2714,26,0,0,1,17,0,38,0,1,0
06-26-20,Washington,118,4,114,2,4,2,129,2,5920,45,6049,47,0,0,3,26,1,92,0,7,0
06-26-20,Wayne,75,4,75,4,0,0,70,0,2486,3,2556,3,0,0,4,10,0,65,0,2,0
06-26-20,Weakley,54,3,54,3,0,0,55,3,2021,49,2076,52,0,1,1,10,2,43,0,3,1
06-26-20,White,63,0,61,0,2,0,73,0,2308,26,2381,26,0,3,-1,6,1,54,0,5,3
06-26-20,Williamson,909,35,905,35,4,0,1047,41,15669,454,16716,495,0,14,21,143,14,752,1,52,13
06-26-20,Wilson,735,18,732,18,3,0,873,31,9511,148,10384,179,0,15,4,151,14,569,1,54,16
06-25-20,Anderson,82,4,78,4,4,0,93,3,6940,129,7033,132,0,2,0,14,4,66,0,7,2
06-25-20,Bedford,466,12,466,12,0,0,526,10,3431,20,3957,30,0,4,4,63,8,399,2,22,5
06-25-20,Benton,11,0,10,0,1,0,11,1,1020,8,1031,9,0,1,0,2,0,8,0,2,1
06-25-20,Bledsoe,623,0,623,0,0,0,634,0,3598,5,4232,5,0,1,0,4,0,618,0,6,1
06-25-20,Blount,143,2,139,2,4,0,165,3,6099,197,6264,200,0,3,-2,24,4,116,0,9,3
06-25-20,Bradley,428,9,414,9,14,0,465,14,5663,78,6128,92,0,3,-6,107,15,318,0,31,3
06-25-20,Campbell,29,0,26,0,3,0,34,0,2472,32,2506,32,0,1,-2,3,2,25,0,3,1
06-25-20,Cannon,25,2,25,2,0,0,41,3,889,12,930,15,0,0,2,1,0,24,0,4,0
06-25-20,Carroll,33,0,28,0,5,0,31,0,1818,16,1849,16,0,1,0,-3,0,35,0,5,1
06-25-20,Carter,53,6,48,2,5,4,45,4,2538,14,2583,18,0,1,2,23,4,29,0,3,1
06-25-20,Cheatham,199,2,199,2,0,0,241,4,2686,50,2927,54,0,0,-1,24,3,175,0,14,1
06-25-20,Chester,19,1,19,1,0,0,21,1,860,4,881,5,0,0,1,4,0,15,0,2,0
06-25-20,Claiborne,17,0,17,0,0,0,20,0,1481,130,1501,130,0,0,0,3,0,14,0,1,0
06-25-20,Clay,18,1,18,1,0,0,19,1,638,3,657,4,0,0,1,4,0,14,0,0,0
06-25-20,Cocke,42,2,38,1,4,1,42,1,1830,43,1872,44,0,0,2,12,0,30,0,2,0
06-25-20,Coffee,101,1,100,1,1,0,121,1,3541,20,3662,21,0,0,-1,7,2,94,0,5,0
06-25-20,Crockett,27,0,25,0,2,0,32,0,732,11,764,11,0,3,0,4,0,20,0,2,3
06-25-20,Cumberland,166,4,162,4,4,0,213,5,6334,110,6547,115,0,3,2,19,2,144,0,14,3
06-25-20,Davidson,8544,265,8535,265,9,0,10065,287,85415,2282,95480,2569,1,103,144,1219,120,7222,6,538,113
06-25-20,Decatur,17,0,16,0,1,0,20,0,749,14,769,14,0,0,0,3,0,14,0,1,0
06-25-20,Dekalb,49,4,49,4,0,0,57,3,1715,16,1772,19,0,0,4,8,0,41,0,0,0
06-25-20,Dickson,159,5,159,5,0,0,212,3,3296,50,3508,53,0,0,1,14,4,145,0,13,0
06-25-20,Dyer,184,1,176,1,8,0,197,4,2484,33,2681,37,0,0,-4,58,5,126,0,14,0
06-25-20,Fayette,242,3,240,3,2,0,312,6,4929,73,5241,79,0,2,1,51,2,189,0,25,3
06-25-20,Fentress,15,0,15,0,0,0,15,0,1233,9,1248,9,0,0,0,0,0,15,0,1,0
06-25-20,Franklin,70,1,68,1,2,0,82,0,2670,7,2752,7,0,3,1,3,0,64,0,7,3
06-25-20,Gibson,85,1,81,1,4,0,93,2,2996,22,3089,24,0,1,-1,7,2,77,0,5,1
06-25-20,Giles,45,0,45,0,0,0,51,0,1634,14,1685,14,0,0,0,22,0,23,0,4,1
06-25-20,Grainger,28,1,25,1,3,0,37,2,1222,35,1259,37,0,0,1,4,0,24,1,5,0
06-25-20,Greene,66,2,64,2,2,0,63,0,3400,22,3463,22,0,2,2,11,0,53,0,9,2
06-25-20,Grundy,58,1,58,1,0,0,62,0,824,7,886,7,0,1,-2,20,3,37,0,10,1
06-25-20,Hamblen,167,11,156,10,11,1,173,14,4910,181,5083,195,0,4,3,67,8,96,1,18,4
06-25-20,Hamilton,2141,60,2135,59,6,1,2251,52,29991,691,32242,743,0,29,11,219,49,1893,3,115,29
06-25-20,Hancock,3,0,2,0,1,0,2,0,335,11,337,11,0,0,0,2,0,1,0,1,0
06-25-20,Hardeman,278,6,278,6,0,0,295,6,5949,23,6244,29,0,1,4,45,2,232,0,12,2
06-25-20,Hardin,84,1,83,1,1,0,98,4,2557,29,2655,33,0,5,0,29,1,50,0,9,5
06-25-20,Hawkins,44,2,44,2,0,0,57,1,2690,24,2747,25,0,2,2,9,0,33,1,7,2
06-25-20,Haywood,63,0,62,0,1,0,66,1,1283,9,1349,10,0,2,-1,19,1,42,0,10,2
06-25-20,Henderson,26,1,26,1,0,0,31,1,1464,11,1495,12,0,0,1,8,0,18,0,3,0
06-25-20,Henry,37,1,37,1,0,0,47,0,2295,13,2342,13,0,0,1,1,0,36,0,6,0
06-25-20,Hickman,66,0,66,0,0,0,90,0,1450,14,1540,14,0,0,0,4,0,62,0,2,0
06-25-20,Houston,11,0,11,0,0,0,15,0,656,2,671,2,0,0,0,0,0,11,0,5,0
06-25-20,Humphreys,19,1,18,1,1,0,25,1,1187,14,1212,15,0,1,1,1,0,17,0,1,1
06-25-20,Jackson,29,0,29,0,0,0,33,0,875,5,908,5,0,0,0,3,0,26,0,2,0
06-25-20,Jefferson,83,3,77,3,6,0,79,3,3637,112,3716,115,0,0,1,28,2,55,0,4,0
06-25-20,Johnson,29,0,29,0,0,0,28,0,2440,1,2468,1,0,0,0,4,0,25,0,1,0
06-25-20,Knox,813,32,798,32,15,0,855,57,30272,723,31127,780,0,5,13,190,19,618,1,63,5
06-25-20,Lake,686,0,684,0,2,0,851,0,3681,3,4532,3,0,0,0,0,0,686,0,3,0
06-25-20,Lauderdale,87,1,85,1,2,0,104,2,4063,27,4167,29,1,2,-3,14,3,71,0,13,2
06-25-20,Lawrence,100,4,100,4,0,0,109,1,2544,16,2653,17,0,3,-1,34,5,63,0,10,4
06-25-20,Lewis,6,0,6,0,0,0,7,0,666,6,673,6,0,0,0,0,0,6,0,0,0
06-25-20,Lincoln,53,0,53,0,0,0,62,0,1961,7,2023,7,0,0,-3,4,3,49,0,4,0
06-25-20,Loudon,243,7,228,7,15,0,250,7,3535,89,3785,96,0,1,5,35,2,207,0,10,2
06-25-20,Macon,257,14,256,14,1,0,289,15,2077,39,2366,54,0,3,12,32,2,222,1,16,3
06-25-20,Madison,208,5,206,5,2,0,249,5,6743,45,6992,50,0,2,4,16,1,190,0,23,2
06-25-20,Marion,57,1,56,1,1,0,65,1,1483,9,1548,10,0,4,1,9,0,44,0,14,4
06-25-20,Marshall,55,6,55,6,0,0,59,1,1581,11,1640,12,0,1,5,6,1,48,1,7,1
06-25-20,Maury,260,11,260,11,0,0,298,11,4627,40,4925,51,0,2,3,75,8,183,0,13,3
06-25-20,McMinn,205,3,202,2,3,1,239,3,3800,23,4039,26,0,17,3,26,0,162,0,26,17
06-25-20,McNairy,47,2,47,2,0,0,51,2,1263,17,1314,19,0,0,-1,13,3,34,0,3,0
06-25-20,Meigs,30,0,30,0,0,0,42,0,815,10,857,10,0,0,0,0,0,30,0,4,0
06-25-20,Monroe,122,0,114,0,8,0,131,1,1937,77,2068,78,0,4,-1,17,1,101,0,10,3
06-25-20,Montgomery,433,12,429,12,4,0,491,14,11799,55,12290,69,1,7,5,53,6,373,1,34,7
06-25-20,Moore,6,0,6,0,0,0,7,0,480,4,487,4,0,0,0,0,0,6,0,0,0
06-25-20,Morgan,23,0,23,0,0,0,26,0,3667,21,3693,21,0,1,0,2,0,20,0,1,1
06-25-20,Obion,78,1,76,1,2,0,90,2,2157,29,2247,31,1,2,-5,4,5,72,0,11,2
06-25-20,Out of State,401,25,401,25,0,0,427,24,83448,1496,83875,1520,1,9,17,65,7,327,1,26,2
06-25-20,Overton,58,2,58,2,0,0,60,2,1983,46,2043,48,0,0,2,10,0,48,0,3,0
06-25-20,Pending,7,1,7,1,0,0,10,2,53786,780,53796,782,0,0,1,3,0,4,0,0,0
06-25-20,Perry,28,0,28,0,0,0,33,0,535,3,568,3,0,0,0,2,0,26,0,1,0
06-25-20,Pickett,6,0,6,0,0,0,6,0,460,0,466,0,0,0,0,2,0,4,0,0,0
06-25-20,Polk,39,0,38,0,1,0,44,0,914,6,958,6,0,0,-1,4,1,35,0,3,0
06-25-20,Putnam,695,3,691,3,4,0,823,3,8325,85,9148,88,0,7,-11,72,14,616,0,18,7
06-25-20,Rhea,257,0,257,0,0,0,271,1,2499,47,2770,48,0,0,-3,18,3,239,0,3,0
06-25-20,Roane,41,1,34,1,7,0,45,1,5181,80,5226,81,0,0,1,10,0,31,0,5,0
06-25-20,Robertson,750,15,748,15,2,0,911,14,5383,64,6294,78,0,10,7,53,8,687,0,57,13
06-25-20,Rutherford,2351,68,2344,68,7,0,2769,89,18751,306,21520,395,1,34,14,354,53,1963,2,121,36
06-25-20,Scott,14,0,13,0,1,0,13,0,1125,21,1138,21,0,0,0,0,0,14,0,0,0
06-25-20,Sequatchie,27,0,27,0,0,0,35,0,1234,7,1269,7,0,0,0,0,0,27,0,2,0
06-25-20,Sevier,516,11,483,9,33,2,514,16,7796,270,8310,286,0,3,-17,181,28,332,0,23,3
06-25-20,Shelby,8911,322,8893,322,18,0,10632,373,114927,2921,125559,3294,5,175,166,1508,151,7228,24,891,192
06-25-20,Smith,62,6,59,6,3,0,68,3,1422,10,1490,13,0,1,5,8,1,53,0,3,1
06-25-20,Stewart,19,0,19,0,0,0,19,0,715,8,734,8,0,0,0,2,0,17,0,2,0
06-25-20,Sullivan,78,1,75,1,3,0,79,1,6271,38,6350,39,0,2,0,8,1,68,0,8,2
06-25-20,Sumner,1306,32,1295,32,11,0,1656,43,11389,222,13045,265,0,51,14,134,18,1121,2,226,53
06-25-20,Tipton,588,1,584,1,4,0,642,7,6862,138,7504,145,0,4,-6,35,7,549,0,31,4
06-25-20,Trousdale,1474,3,1471,3,3,0,1513,6,2245,17,3758,23,0,5,3,12,0,1457,0,14,5
06-25-20,Unicoi,53,0,53,0,0,0,58,0,1215,24,1273,24,0,0,0,1,0,52,0,1,0
06-25-20,Union,11,2,11,2,0,0,11,1,939,14,950,15,0,0,1,3,1,8,0,0,0
06-25-20,Van Buren,6,0,6,0,0,0,6,0,448,3,454,3,0,0,0,0,0,6,0,1,0
06-25-20,Warren,54,3,54,3,0,0,54,2,2634,28,2688,30,0,0,-1,16,4,38,0,1,0
06-25-20,Washington,114,6,112,6,2,0,127,3,5875,32,6002,35,0,0,5,23,1,91,0,7,0
06-25-20,Wayne,71,0,71,0,0,0,70,1,2483,0,2553,1,0,0,0,6,0,65,0,2,0
06-25-20,Weakley,51,1,51,1,0,0,52,1,1972,43,2024,44,0,1,1,9,0,41,0,3,1
06-25-20,White,63,3,61,3,2,0,73,5,2282,13,2355,18,0,3,1,7,2,53,0,5,3
06-25-20,Williamson,874,35,870,35,4,0,1006,38,15215,172,16221,210,0,14,18,122,17,738,1,51,12
06-25-20,Wilson,717,27,714,27,3,0,842,33,9363,132,10205,165,0,15,18,147,9,555,0,53,16
06-24-20,Anderson,78,1,74,1,4,0,90,3,6811,19,6901,22,0,2,-2,14,3,62,0,7,2
06-24-20,Bedford,454,6,454,6,0,0,516,15,3411,42,3927,57,0,4,4,59,2,391,0,20,5
06-24-20,Benton,11,2,10,1,1,1,10,0,1012,6,1022,6,0,1,2,2,0,8,0,2,1
06-24-20,Bledsoe,623,3,623,3,0,0,634,3,3593,8,4227,11,0,1,3,4,0,618,0,6,1
06-24-20,Blount,141,8,137,8,4,0,162,8,5902,25,6064,33,0,3,3,26,5,112,0,9,3
06-24-20,Bradley,419,18,405,18,14,0,451,21,5585,123,6036,144,0,3,10,113,8,303,1,31,3
06-24-20,Campbell,29,1,26,1,3,0,34,1,2440,5,2474,6,0,1,1,5,0,23,0,3,1
06-24-20,Cannon,23,0,23,0,0,0,38,1,877,16,915,17,0,0,-1,-1,1,24,0,4,0
06-24-20,Carroll,33,0,28,0,5,0,31,0,1802,9,1833,9,0,1,0,-3,0,35,0,5,1
06-24-20,Carter,47,8,46,8,1,0,41,3,2524,61,2565,64,0,1,8,21,0,25,1,3,1
06-24-20,Cheatham,197,9,197,9,0,0,237,9,2636,55,2873,64,0,0,9,25,0,172,0,14,0
06-24-20,Chester,18,1,18,1,0,0,20,1,856,3,876,4,0,0,1,3,0,15,0,2,0
06-24-20,Claiborne,17,0,17,0,0,0,20,0,1351,8,1371,8,0,0,0,3,0,14,0,1,0
06-24-20,Clay,17,0,17,0,0,0,18,0,635,3,653,3,0,0,0,3,0,14,0,0,0
06-24-20,Cocke,40,7,37,7,3,0,41,6,1787,13,1828,19,0,0,7,10,0,30,1,2,0
06-24-20,Coffee,100,1,99,1,1,0,120,2,3521,52,3641,54,0,0,1,8,0,92,0,5,0
06-24-20,Crockett,27,0,25,0,2,0,32,0,721,0,753,0,0,3,0,4,0,20,0,2,3
06-24-20,Cumberland,162,8,158,8,4,0,208,9,6224,143,6432,152,0,3,6,17,2,142,0,14,3
06-24-20,Davidson,8279,189,8270,189,9,0,9778,220,83133,868,92911,1088,4,102,34,1075,151,7102,13,532,111
06-24-20,Decatur,17,1,16,0,1,1,20,0,735,4,755,4,0,0,1,3,0,14,0,1,0
06-24-20,Dekalb,45,2,45,2,0,0,54,2,1699,5,1753,7,0,0,2,4,0,41,0,0,0
06-24-20,Dickson,154,0,154,0,0,0,209,2,3246,16,3455,18,0,0,-2,13,2,141,0,13,0
06-24-20,Dyer,183,4,175,4,8,0,193,4,2451,52,2644,56,0,0,-10,62,14,121,0,14,0
06-24-20,Fayette,239,4,237,4,2,0,306,5,4856,59,5162,64,0,2,1,50,3,187,0,25,3
06-24-20,Fentress,15,0,15,0,0,0,15,0,1224,16,1239,16,0,0,-1,0,1,15,0,1,0
06-24-20,Franklin,69,0,67,0,2,0,82,0,2663,37,2745,37,0,3,0,2,0,64,0,7,3
06-24-20,Gibson,84,2,80,2,4,0,91,2,2974,15,3065,17,0,1,2,8,0,75,0,5,1
06-24-20,Giles,45,1,45,1,0,0,51,1,1620,21,1671,22,0,0,1,22,0,23,0,4,0
06-24-20,Grainger,27,0,24,0,3,0,35,1,1187,6,1222,7,0,0,0,3,0,24,0,4,0
06-24-20,Greene,64,8,62,8,2,0,63,3,3378,28,3441,31,0,2,8,9,0,53,1,9,2
06-24-20,Grundy,57,2,57,2,0,0,62,2,817,11,879,13,0,1,1,22,1,34,0,10,1
06-24-20,Hamblen,156,6,146,6,10,0,159,7,4729,16,4888,23,0,4,1,64,5,88,0,17,4
06-24-20,Hamilton,2081,9,2076,9,5,0,2199,14,29300,222,31499,236,1,29,-48,208,56,1844,0,112,29
06-24-20,Hancock,3,0,2,0,1,0,2,0,324,3,326,3,0,0,0,2,0,1,0,1,0
06-24-20,Hardeman,272,9,272,9,0,0,289,9,5926,53,6215,62,0,1,4,41,5,230,1,12,1
06-24-20,Hardin,83,6,82,5,1,1,94,3,2528,16,2622,19,0,5,2,29,4,49,0,9,5
06-24-20,Hawkins,42,0,42,0,0,0,56,2,2666,38,2722,40,0,2,0,7,0,33,0,6,2
06-24-20,Haywood,63,2,62,2,1,0,65,5,1274,11,1339,16,0,2,0,20,2,41,0,10,2
06-24-20,Henderson,25,1,25,1,0,0,30,1,1453,9,1483,10,0,0,0,7,1,18,0,3,0
06-24-20,Henry,36,0,36,0,0,0,47,0,2282,12,2329,12,0,0,0,0,0,36,0,6,0
06-24-20,Hickman,66,1,66,1,0,0,90,0,1436,21,1526,21,0,0,0,4,1,62,0,2,0
06-24-20,Houston,11,0,11,0,0,0,15,0,654,0,669,0,0,0,0,0,0,11,0,5,0
06-24-20,Humphreys,18,0,17,0,1,0,24,0,1173,8,1197,8,0,1,0,0,0,17,0,1,1
06-24-20,Jackson,29,0,29,0,0,0,33,0,870,13,903,13,0,0,-1,3,1,26,0,2,0
06-24-20,Jefferson,80,7,74,6,6,1,76,6,3525,27,3601,33,0,0,3,27,4,53,1,4,0
06-24-20,Johnson,29,2,29,2,0,0,28,1,2439,9,2467,10,0,0,2,4,0,25,0,1,0
06-24-20,Knox,781,35,766,34,15,1,798,34,29549,228,30347,262,0,5,21,177,14,599,1,62,5
06-24-20,Lake,686,0,684,0,2,0,851,0,3678,5,4529,5,0,0,0,0,0,686,0,3,0
06-24-20,Lauderdale,86,4,84,4,2,0,102,2,4036,22,4138,24,0,1,2,17,2,68,1,13,2
06-24-20,Lawrence,96,5,96,5,0,0,108,9,2528,50,2636,59,0,3,2,35,3,58,2,10,3
06-24-20,Lewis,6,0,6,0,0,0,7,0,660,13,667,13,0,0,-1,0,1,6,0,0,0
06-24-20,Lincoln,53,0,53,0,0,0,62,0,1954,23,2016,23,0,0,-4,7,4,46,0,4,0
06-24-20,Loudon,236,1,221,1,15,0,243,0,3446,16,3689,16,0,1,-6,30,7,205,0,10,2
06-24-20,Macon,243,6,242,5,1,1,274,5,2038,18,2312,23,0,3,4,20,2,220,0,15,3
06-24-20,Madison,203,2,201,2,2,0,244,4,6698,30,6942,34,0,2,1,12,1,189,1,23,2
06-24-20,Marion,56,1,55,1,1,0,64,3,1474,14,1538,17,0,4,1,8,0,44,0,14,4
06-24-20,Marshall,49,0,49,0,0,0,58,0,1570,30,1628,30,0,1,-1,1,1,47,0,6,1
06-24-20,Maury,249,7,249,7,0,0,287,13,4587,194,4874,207,0,2,-3,72,10,175,0,13,3
06-24-20,McMinn,202,8,200,8,2,0,236,9,3777,32,4013,41,1,17,3,23,4,162,1,26,17
06-24-20,McNairy,45,1,45,1,0,0,49,1,1246,10,1295,11,0,0,-2,14,3,31,1,3,0
06-24-20,Meigs,30,0,30,0,0,0,42,0,805,2,847,2,0,0,-1,0,1,30,0,4,0
06-24-20,Monroe,122,1,114,1,8,0,130,1,1860,9,1990,10,0,4,-3,18,4,100,0,10,3
06-24-20,Montgomery,421,9,417,9,4,0,477,9,11744,171,12221,180,1,6,1,48,7,367,0,33,7
06-24-20,Moore,6,0,6,0,0,0,7,0,476,5,483,5,0,0,0,0,0,6,0,0,0
06-24-20,Morgan,23,0,23,0,0,0,26,0,3646,11,3672,11,0,1,-1,2,1,20,0,1,1
06-24-20,Obion,77,0,75,0,2,0,88,0,2128,21,2216,21,0,1,-3,9,3,67,0,11,2
06-24-20,Out of State,376,5,376,5,0,0,403,5,81952,568,82355,573,0,8,-1,48,6,320,1,25,2
06-24-20,Overton,56,4,56,4,0,0,58,4,1937,25,1995,29,0,0,2,8,2,48,0,3,0
06-24-20,Pending,6,2,6,2,0,0,8,1,53006,563,53014,564,0,0,2,2,0,4,0,0,0
06-24-20,Perry,28,0,28,0,0,0,33,0,532,3,565,3,0,0,0,2,0,26,0,1,0
06-24-20,Pickett,6,1,6,1,0,0,6,1,460,3,466,4,0,0,1,2,0,4,0,0,0
06-24-20,Polk,39,0,38,0,1,0,44,1,908,19,952,20,0,0,-1,5,1,34,0,3,0
06-24-20,Putnam,692,25,688,25,4,0,820,30,8240,293,9060,323,0,7,12,83,13,602,1,18,7
06-24-20,Rhea,257,2,257,2,0,0,270,3,2452,41,2722,44,0,0,0,21,2,236,0,3,0
06-24-20,Roane,40,1,33,1,7,0,44,4,5101,51,5145,55,0,0,1,9,0,31,0,5,0
06-24-20,Robertson,735,7,733,7,2,0,897,18,5319,71,6216,89,0,10,-9,46,16,679,1,57,13
06-24-20,Rutherford,2283,67,2276,66,7,1,2680,78,18445,312,21125,390,0,33,10,340,57,1910,0,119,36
06-24-20,Scott,14,0,13,0,1,0,13,0,1104,7,1117,7,0,0,0,0,0,14,0,0,0
06-24-20,Sequatchie,27,0,27,0,0,0,35,0,1227,11,1262,11,0,0,0,0,0,27,0,2,0
06-24-20,Sevier,505,40,474,40,31,0,498,46,7526,191,8024,237,0,3,18,198,22,304,1,23,3
06-24-20,Shelby,8589,165,8571,165,18,0,10259,196,112006,1197,122265,1393,4,170,-36,1342,197,7077,15,867,190
06-24-20,Smith,56,4,53,3,3,1,65,3,1412,22,1477,25,0,1,2,3,2,52,0,3,1
06-24-20,Stewart,19,0,19,0,0,0,19,1,707,7,726,8,0,0,0,2,0,17,0,2,0
06-24-20,Sullivan,77,0,74,0,3,0,78,1,6233,53,6311,54,0,2,0,8,0,67,0,8,2
06-24-20,Sumner,1274,34,1263,34,11,0,1613,37,11167,119,12780,156,2,51,20,120,12,1103,1,224,53
06-24-20,Tipton,587,10,583,10,4,0,635,10,6724,120,7359,130,0,4,3,41,7,542,0,31,4
06-24-20,Trousdale,1471,2,1468,2,3,0,1507,4,2228,8,3735,12,0,5,0,9,2,1457,0,14,5
06-24-20,Unicoi,53,0,53,0,0,0,58,0,1191,5,1249,5,0,0,0,1,0,52,0,1,0
06-24-20,Union,9,0,9,0,0,0,10,0,925,1,935,1,0,0,0,2,0,7,0,0,0
06-24-20,Van Buren,6,0,6,0,0,0,6,0,445,11,451,11,0,0,0,0,0,6,0,1,0
06-24-20,Warren,51,9,51,9,0,0,52,9,2606,44,2658,53,0,0,8,17,1,34,0,1,0
06-24-20,Washington,108,3,106,3,2,0,124,4,5843,82,5967,86,0,0,2,18,1,90,0,7,0
06-24-20,Wayne,71,1,71,1,0,0,69,3,2483,22,2552,25,0,0,0,6,1,65,0,2,0
06-24-20,Weakley,50,1,50,1,0,0,51,1,1929,25,1980,26,1,1,0,8,0,41,0,3,1
06-24-20,White,60,1,58,1,2,0,68,1,2269,67,2337,68,0,3,-1,6,2,51,0,5,3
06-24-20,Williamson,839,27,835,27,4,0,968,30,15043,315,16011,345,0,14,13,104,14,721,0,50,12
06-24-20,Wilson,690,22,687,22,3,0,809,29,9231,136,10040,165,0,15,13,129,9,546,2,53,15
06-23-20,Anderson,77,0,73,0,4,0,87,1,6792,85,6879,86,0,2,-1,16,1,59,0,7,2
06-23-20,Bedford,448,7,448,7,0,0,501,1,3369,8,3870,9,0,4,-2,55,9,389,0,20,5
06-23-20,Benton,9,1,9,1,0,0,10,1,1006,11,1016,12,0,1,1,0,0,8,0,2,1
06-23-20,Bledsoe,620,0,620,0,0,0,631,0,3585,2,4216,2,0,1,0,1,0,618,0,6,1
06-23-20,Blount,133,2,129,2,4,0,154,3,5877,109,6031,112,0,3,1,23,1,107,0,9,3
06-23-20,Bradley,401,10,387,10,14,0,430,7,5462,35,5892,42,0,3,-2,103,12,295,1,30,3
06-23-20,Campbell,28,1,25,1,3,0,33,1,2435,18,2468,19,0,1,0,4,1,23,1,3,1
06-23-20,Cannon,23,0,23,0,0,0,37,0,861,8,898,8,0,0,0,0,0,23,0,4,0
06-23-20,Carroll,33,0,28,0,5,0,31,0,1793,21,1824,21,0,1,-1,-3,1,35,0,5,1
06-23-20,Carter,39,3,38,3,1,0,38,1,2463,17,2501,18,0,1,2,13,1,25,0,2,1
06-23-20,Cheatham,188,1,188,1,0,0,228,6,2581,57,2809,63,0,0,-1,16,2,172,0,14,0
06-23-20,Chester,17,1,17,1,0,0,19,2,853,5,872,7,0,0,1,2,0,15,0,2,0
06-23-20,Claiborne,17,1,17,1,0,0,20,0,1343,21,1363,21,0,0,0,3,1,14,0,1,0
06-23-20,Clay,17,1,17,1,0,0,18,1,632,8,650,9,0,0,1,3,0,14,0,0,0
06-23-20,Cocke,33,1,30,1,3,0,35,2,1774,41,1809,43,0,0,0,3,1,30,0,1,0
06-23-20,Coffee,99,2,98,2,1,0,118,1,3469,13,3587,14,0,0,1,7,1,92,0,5,0
06-23-20,Crockett,27,1,25,1,2,0,32,1,721,14,753,15,0,3,-1,4,2,20,0,2,3
06-23-20,Cumberland,154,1,150,1,4,0,199,1,6081,13,6280,14,0,3,-2,11,3,140,0,14,3
06-23-20,Davidson,8090,286,8081,286,9,0,9558,322,82265,1765,91823,2087,2,98,159,1041,125,6951,8,519,109
06-23-20,Decatur,16,1,16,1,0,0,20,1,731,12,751,13,0,0,1,2,0,14,0,1,0
06-23-20,Dekalb,43,0,43,0,0,0,52,1,1694,17,1746,18,0,0,0,2,0,41,0,0,0
06-23-20,Dickson,154,0,154,0,0,0,207,0,3230,49,3437,49,0,0,-3,15,3,139,0,13,0
06-23-20,Dyer,179,8,171,8,8,0,189,9,2399,55,2588,64,0,0,1,72,7,107,2,14,0
06-23-20,Fayette,235,12,233,11,2,1,301,12,4797,91,5098,103,0,2,7,49,5,184,1,25,3
06-23-20,Fentress,15,0,15,0,0,0,15,0,1208,7,1223,7,0,0,-1,1,1,14,0,1,0
06-23-20,Franklin,69,0,67,0,2,0,82,0,2626,4,2708,4,1,3,-5,2,4,64,0,7,3
06-23-20,Gibson,82,3,78,3,4,0,89,3,2959,22,3048,25,0,1,3,6,0,75,0,5,1
06-23-20,Giles,44,5,44,5,0,0,50,6,1599,6,1649,12,0,0,3,21,2,23,0,4,0
06-23-20,Grainger,27,0,24,0,3,0,34,0,1181,30,1215,30,0,0,-2,3,2,24,0,4,0
06-23-20,Greene,56,1,54,1,2,0,60,0,3350,20,3410,20,0,2,1,1,0,53,0,8,2
06-23-20,Grundy,55,1,55,1,0,0,60,0,806,6,866,6,0,1,-2,21,3,33,0,10,1
06-23-20,Hamblen,150,29,140,29,10,0,152,29,4713,197,4865,226,0,4,25,63,4,83,0,17,4
06-23-20,Hamilton,2072,55,2067,55,5,0,2185,53,29078,419,31263,472,2,28,2,256,51,1788,2,112,29
06-23-20,Hancock,3,0,2,0,1,0,2,0,321,4,323,4,0,0,0,2,0,1,0,1,0
06-23-20,Hardeman,263,2,263,2,0,0,280,4,5873,46,6153,50,0,1,-1,37,3,225,0,11,1
06-23-20,Hardin,77,3,77,3,0,0,91,8,2512,89,2603,97,0,5,1,27,2,45,0,9,5
06-23-20,Hawkins,42,1,42,1,0,0,54,1,2628,23,2682,24,0,2,1,7,0,33,0,6,2
06-23-20,Haywood,61,3,60,3,1,0,60,5,1263,27,1323,32,0,2,2,20,1,39,0,10,2
06-23-20,Henderson,24,1,24,1,0,0,29,2,1444,14,1473,16,0,0,1,7,0,17,1,3,0
06-23-20,Henry,36,0,36,0,0,0,47,0,2270,29,2317,29,0,0,-1,0,1,36,0,6,0
06-23-20,Hickman,65,1,65,1,0,0,90,1,1415,10,1505,11,0,0,1,4,0,61,0,2,0
06-23-20,Houston,11,0,11,0,0,0,15,0,654,5,669,5,0,0,0,0,0,11,0,5,0
06-23-20,Humphreys,18,0,17,0,1,0,24,0,1165,4,1189,4,0,1,0,0,0,17,0,1,1
06-23-20,Jackson,29,0,29,0,0,0,33,0,857,8,890,8,0,0,0,4,0,25,0,2,0
06-23-20,Jefferson,73,10,68,10,5,0,70,12,3498,73,3568,85,0,0,8,24,2,49,2,3,0
06-23-20,Johnson,27,0,27,0,0,0,27,0,2430,8,2457,8,0,0,0,2,0,25,0,1,0
06-23-20,Knox,746,27,732,24,14,3,764,23,29321,193,30085,216,0,5,19,156,8,585,4,61,5
06-23-20,Lake,686,0,684,0,2,0,851,1,3673,9,4524,10,0,0,0,0,0,686,0,3,0
06-23-20,Lauderdale,82,3,80,3,2,0,100,5,4014,51,4114,56,0,1,0,15,3,66,1,12,1
06-23-20,Lawrence,91,2,91,2,0,0,99,2,2478,12,2577,14,1,3,-2,33,3,55,0,8,3
06-23-20,Lewis,6,0,6,0,0,0,7,0,647,4,654,4,0,0,0,1,0,5,0,0,0
06-23-20,Lincoln,53,2,53,2,0,0,62,1,1931,2,1993,3,0,0,-1,11,3,42,0,4,0
06-23-20,Loudon,235,4,220,4,15,0,243,8,3430,26,3673,34,0,1,4,36,0,198,0,10,2
06-23-20,Macon,237,10,237,10,0,0,269,10,2020,34,2289,44,0,3,7,16,3,218,0,15,3
06-23-20,Madison,201,1,199,1,2,0,240,1,6668,51,6908,52,0,2,0,11,1,188,0,22,2
06-23-20,Marion,55,0,54,0,1,0,61,1,1460,1,1521,2,1,4,-2,7,1,44,0,14,4
06-23-20,Marshall,49,1,49,1,0,0,58,0,1540,12,1598,12,0,1,0,2,1,46,0,6,1
06-23-20,Maury,242,2,242,2,0,0,274,9,4393,38,4667,47,0,2,-6,75,8,165,0,13,3
06-23-20,McMinn,194,6,192,5,2,1,227,4,3745,19,3972,23,1,16,3,20,2,158,0,25,17
06-23-20,McNairy,44,4,44,4,0,0,48,3,1236,20,1284,23,0,0,1,16,3,28,0,2,0
06-23-20,Meigs,30,0,30,0,0,0,42,0,803,6,845,6,0,0,0,1,0,29,0,4,0
06-23-20,Monroe,121,5,113,5,8,0,129,4,1851,9,1980,13,0,4,3,21,2,96,0,10,3
06-23-20,Montgomery,412,17,408,17,4,0,468,18,11573,205,12041,223,0,5,11,47,6,360,1,33,7
06-23-20,Moore,6,0,6,0,0,0,7,0,471,1,478,1,0,0,0,0,0,6,0,0,0
06-23-20,Morgan,23,0,23,0,0,0,26,0,3635,16,3661,16,0,1,0,3,0,19,0,1,1
06-23-20,Obion,77,4,75,4,2,0,88,4,2107,47,2195,51,0,1,3,12,1,64,2,11,2
06-23-20,Out of State,371,13,371,13,0,0,398,15,81384,1194,81782,1209,0,8,11,49,2,314,0,24,2
06-23-20,Overton,52,1,52,1,0,0,54,1,1912,27,1966,28,0,0,0,6,1,46,0,3,0
06-23-20,Pending,4,1,4,1,0,0,7,1,52443,651,52450,652,0,0,1,0,0,4,0,0,0
06-23-20,Perry,28,0,28,0,0,0,33,0,529,1,562,1,0,0,-1,2,1,26,0,1,0
06-23-20,Pickett,5,0,5,0,0,0,5,0,457,6,462,6,0,0,0,1,0,4,0,0,0
06-23-20,Polk,39,0,38,0,1,0,43,0,889,1,932,1,0,0,-1,6,1,33,0,3,0
06-23-20,Putnam,667,2,663,2,4,0,790,3,7947,7,8737,10,0,7,-8,71,10,589,0,17,7
06-23-20,Rhea,255,2,255,2,0,0,267,0,2411,4,2678,4,0,0,-8,21,10,234,0,3,0
06-23-20,Roane,39,6,32,6,7,0,40,1,5050,23,5090,24,0,0,6,8,0,31,1,5,0
06-23-20,Robertson,728,5,726,5,2,0,879,3,5248,44,6127,47,0,10,-8,55,13,663,0,56,12
06-23-20,Rutherford,2216,77,2210,77,6,0,2602,77,18133,252,20735,329,1,33,37,330,39,1853,6,119,36
06-23-20,Scott,14,0,13,0,1,0,13,0,1097,4,1110,4,0,0,0,0,0,14,0,0,0
06-23-20,Sequatchie,27,0,27,0,0,0,35,0,1216,2,1251,2,0,0,-1,0,1,27,0,2,0
06-23-20,Sevier,465,19,434,17,31,2,452,24,7335,124,7787,148,0,3,-5,180,24,282,1,22,3
06-23-20,Shelby,8424,279,8406,279,18,0,10063,338,110809,2910,120872,3248,1,166,96,1378,182,6880,18,852,187
06-23-20,Smith,52,1,50,1,2,0,62,3,1390,6,1452,9,0,1,-2,1,3,50,0,3,1
06-23-20,Stewart,19,1,19,1,0,0,18,1,700,9,718,10,0,0,0,2,1,17,0,2,0
06-23-20,Sullivan,77,3,74,3,3,0,77,3,6180,52,6257,55,0,2,3,8,0,67,1,8,2
06-23-20,Sumner,1240,17,1229,17,11,0,1576,23,11048,85,12624,108,0,49,1,100,16,1091,2,223,53
06-23-20,Tipton,577,5,573,5,4,0,625,6,6604,84,7229,90,0,4,-1,38,6,535,0,31,4
06-23-20,Trousdale,1469,1,1466,1,3,0,1503,2,2220,6,3723,8,0,5,-1,9,2,1455,0,14,5
06-23-20,Unicoi,53,0,53,0,0,0,58,0,1186,3,1244,3,0,0,0,1,0,52,0,1,0
06-23-20,Union,9,0,9,0,0,0,10,0,924,11,934,11,0,0,0,2,0,7,0,0,0
06-23-20,Van Buren,6,1,6,1,0,0,6,1,434,2,440,3,0,0,1,0,0,6,0,1,0
06-23-20,Warren,42,5,42,5,0,0,43,5,2562,7,2605,12,0,0,5,9,0,33,0,1,0
06-23-20,Washington,105,4,103,4,2,0,120,1,5761,30,5881,31,0,0,4,16,0,89,1,7,0
06-23-20,Wayne,70,2,70,2,0,0,66,0,2461,6,2527,6,0,0,2,6,0,64,0,2,0
06-23-20,Weakley,49,1,49,1,0,0,50,1,1904,18,1954,19,0,0,-3,8,4,41,0,3,1
06-23-20,White,59,0,57,0,2,0,67,0,2202,9,2269,9,0,3,0,7,0,49,0,5,3
06-23-20,Williamson,812,15,808,15,4,0,938,17,14728,150,15666,167,1,14,-5,91,19,707,2,50,12
06-23-20,Wilson,668,13,665,13,3,0,780,23,9095,63,9875,86,0,15,3,116,10,537,1,51,15
06-22-20,Anderson,77,2,73,2,4,0,86,1,6707,88,6793,89,0,2,0,17,2,58,1,7,2
06-22-20,Bedford,441,7,441,7,0,0,500,11,3361,48,3861,59,0,4,-7,57,14,380,0,20,5
06-22-20,Benton,8,0,8,0,0,0,9,0,995,5,1004,5,0,1,0,-1,0,8,0,2,1
06-22-20,Bledsoe,620,1,620,1,0,0,631,1,3583,15,4214,16,0,1,0,1,1,618,0,6,1
06-22-20,Blount,131,8,127,8,4,0,151,10,5768,155,5919,165,0,3,5,22,3,106,1,9,3
06-22-20,Bradley,391,46,377,45,14,1,423,45,5427,430,5850,475,0,3,38,105,8,283,1,29,3
06-22-20,Campbell,27,1,24,1,3,0,32,1,2417,26,2449,27,0,1,1,4,0,22,0,2,1
06-22-20,Cannon,23,0,23,0,0,0,37,0,853,3,890,3,0,0,0,0,0,23,0,4,0
06-22-20,Carroll,33,0,28,0,5,0,31,0,1772,4,1803,4,0,1,0,-2,0,34,0,5,1
06-22-20,Carter,36,2,35,2,1,0,37,1,2446,33,2483,34,0,1,1,11,1,24,0,2,1
06-22-20,Cheatham,187,6,187,6,0,0,222,2,2524,14,2746,16,0,0,5,17,1,170,1,14,0
06-22-20,Chester,16,0,16,0,0,0,17,0,848,6,865,6,0,0,0,1,0,15,0,2,0
06-22-20,Claiborne,16,1,16,1,0,0,20,3,1322,141,1342,144,0,0,1,3,0,13,0,1,0
06-22-20,Clay,16,0,16,0,0,0,17,0,624,1,641,1,0,0,-1,2,1,14,0,0,0
06-22-20,Cocke,32,2,29,2,3,0,33,1,1733,35,1766,36,0,0,2,3,0,29,0,1,0
06-22-20,Coffee,97,0,96,0,1,0,117,1,3456,38,3573,39,0,0,0,6,0,91,0,5,0
06-22-20,Crockett,26,1,24,1,2,0,31,1,707,4,738,5,0,3,0,5,1,18,0,2,3
06-22-20,Cumberland,153,1,149,1,4,0,198,2,6068,80,6266,82,0,3,0,13,1,137,1,14,3
06-22-20,Davidson,7804,83,7795,81,9,2,9236,107,80500,1223,89736,1330,1,96,-98,882,180,6826,5,511,107
06-22-20,Decatur,15,0,15,0,0,0,19,0,719,5,738,5,0,0,0,1,0,14,0,1,0
06-22-20,Dekalb,43,0,43,0,0,0,51,0,1677,9,1728,9,0,0,0,2,0,41,0,0,0
06-22-20,Dickson,154,4,154,4,0,0,207,4,3181,19,3388,23,0,0,1,18,3,136,0,13,0
06-22-20,Dyer,171,11,163,11,8,0,180,12,2344,17,2524,29,0,0,7,71,4,100,1,12,0
06-22-20,Fayette,223,9,222,9,1,0,289,9,4706,32,4995,41,0,2,2,42,7,179,0,24,3
06-22-20,Fentress,15,0,15,0,0,0,15,0,1201,4,1216,4,0,0,0,2,0,13,0,1,0
06-22-20,Franklin,69,1,67,1,2,0,82,1,2622,60,2704,61,0,2,1,7,0,60,0,7,3
06-22-20,Gibson,79,1,75,1,4,0,86,2,2937,53,3023,55,0,1,0,3,1,75,0,5,1
06-22-20,Giles,39,13,39,13,0,0,44,12,1593,18,1637,30,0,0,12,18,1,21,0,4,0
06-22-20,Grainger,27,0,24,0,3,0,34,0,1151,15,1185,15,0,0,-1,5,1,22,0,4,0
06-22-20,Greene,55,1,53,1,2,0,60,0,3330,27,3390,27,0,2,0,0,1,53,0,8,2
06-22-20,Grundy,54,5,54,5,0,0,60,4,800,31,860,35,0,1,5,23,0,30,0,10,1
06-22-20,Hamblen,121,5,111,4,10,1,123,3,4516,92,4639,95,0,4,-1,38,6,79,1,17,4
06-22-20,Hamilton,2017,23,2012,23,5,0,2132,27,28659,588,30791,615,1,26,-44,254,66,1737,1,110,29
06-22-20,Hancock,3,0,2,0,1,0,2,0,317,8,319,8,0,0,0,2,0,1,0,1,0
06-22-20,Hardeman,261,1,261,1,0,0,276,1,5827,18,6103,19,0,1,0,38,1,222,0,11,1
06-22-20,Hardin,74,9,74,9,0,0,83,9,2423,22,2506,31,0,5,2,26,7,43,0,9,5
06-22-20,Hawkins,41,3,41,3,0,0,53,3,2605,39,2658,42,0,2,3,6,0,33,0,6,2
06-22-20,Haywood,58,8,57,8,1,0,55,6,1236,3,1291,9,0,2,8,18,0,38,0,10,2
06-22-20,Henderson,23,4,23,4,0,0,27,3,1430,11,1457,14,0,0,2,6,2,17,2,2,0
06-22-20,Henry,36,0,36,0,0,0,47,1,2241,6,2288,7,0,0,-2,1,2,35,0,6,0
06-22-20,Hickman,64,1,64,1,0,0,89,0,1405,14,1494,14,0,0,0,3,1,61,0,2,0
06-22-20,Houston,11,0,11,0,0,0,15,0,649,1,664,1,0,0,-1,0,1,11,0,5,0
06-22-20,Humphreys,18,0,17,0,1,0,24,0,1161,13,1185,13,0,1,0,0,0,17,0,1,1
06-22-20,Jackson,29,0,29,0,0,0,33,0,849,13,882,13,0,0,-2,4,2,25,0,2,0
06-22-20,Jefferson,63,0,58,0,5,0,58,0,3425,46,3483,46,0,0,-1,16,1,47,0,1,0
06-22-20,Johnson,27,0,27,0,0,0,27,1,2422,10,2449,11,0,0,-1,2,1,25,0,1,0
06-22-20,Knox,719,35,708,35,11,0,741,26,29128,559,29869,585,0,5,19,137,16,577,0,57,5
06-22-20,Lake,686,0,684,0,2,0,850,0,3664,5,4514,5,0,0,0,0,0,686,0,3,0
06-22-20,Lauderdale,79,4,77,4,2,0,95,3,3963,20,4058,23,0,1,4,15,0,63,1,11,1
06-22-20,Lawrence,89,13,89,13,0,0,97,15,2466,56,2563,71,0,2,8,35,5,52,1,8,3
06-22-20,Lewis,6,0,6,0,0,0,7,0,643,9,650,9,0,0,-1,1,1,5,0,0,0
06-22-20,Lincoln,51,0,51,0,0,0,61,1,1929,18,1990,19,0,0,-2,12,2,39,0,4,0
06-22-20,Loudon,231,5,216,4,15,1,235,6,3404,33,3639,39,0,1,-3,32,8,198,0,10,2
06-22-20,Macon,227,0,227,0,0,0,259,1,1986,12,2245,13,0,3,-3,9,3,215,0,15,3
06-22-20,Madison,200,6,198,4,2,2,239,4,6617,68,6856,72,0,2,4,11,2,187,1,22,2
06-22-20,Marion,55,2,54,2,1,0,60,1,1459,62,1519,63,0,3,2,9,0,43,0,14,4
06-22-20,Marshall,48,0,48,0,0,0,58,0,1528,25,1586,25,0,1,-4,2,4,45,0,6,1
06-22-20,Maury,240,21,240,21,0,0,265,7,4355,33,4620,40,0,2,12,81,9,157,0,13,2
06-22-20,McMinn,188,6,187,5,1,1,223,4,3726,95,3949,99,0,15,4,17,2,156,1,25,17
06-22-20,McNairy,40,3,40,3,0,0,45,2,1216,4,1261,6,0,0,3,15,0,25,0,2,0
06-22-20,Meigs,30,0,30,0,0,0,42,0,797,12,839,12,0,0,-2,1,2,29,0,4,0
06-22-20,Monroe,116,3,108,3,8,0,125,2,1842,61,1967,63,0,4,2,18,1,94,0,10,3
06-22-20,Montgomery,395,3,391,3,4,0,450,4,11368,182,11818,186,0,5,-3,36,6,354,0,32,7
06-22-20,Moore,6,0,6,0,0,0,7,0,470,3,477,3,0,0,0,0,0,6,0,0,0
06-22-20,Morgan,23,0,23,0,0,0,26,0,3619,21,3645,21,0,1,0,3,0,19,0,1,1
06-22-20,Obion,73,0,71,0,2,0,84,0,2060,18,2144,18,0,1,0,9,0,63,0,9,2
06-22-20,Out of State,358,3,358,3,0,0,383,3,80190,938,80573,941,0,8,-2,38,5,312,0,24,2
06-22-20,Overton,51,1,51,1,0,0,53,1,1885,16,1938,17,0,0,1,6,0,45,0,3,0
06-22-20,Pending,3,0,3,0,0,0,6,0,51792,670,51798,670,0,0,-1,-1,1,4,0,0,0
06-22-20,Perry,28,0,28,0,0,0,33,0,528,6,561,6,0,0,0,3,0,25,0,1,0
06-22-20,Pickett,5,0,5,0,0,0,5,0,451,2,456,2,0,0,0,1,0,4,0,0,0
06-22-20,Polk,39,3,38,3,1,0,43,3,888,38,931,41,0,0,1,7,2,32,0,3,0
06-22-20,Putnam,665,2,661,1,4,1,787,1,7940,18,8727,19,0,7,-5,79,7,579,0,17,7
06-22-20,Rhea,253,1,253,1,0,0,267,1,2407,39,2674,40,0,0,-2,29,3,224,0,3,0
06-22-20,Roane,33,1,26,1,7,0,39,1,5027,87,5066,88,0,0,1,2,0,31,0,4,0
06-22-20,Robertson,723,9,721,9,2,0,876,3,5204,49,6080,52,1,10,-10,63,18,650,0,56,12
06-22-20,Rutherford,2139,20,2133,20,6,0,2525,20,17881,357,20406,377,0,32,-44,293,64,1814,0,113,36
06-22-20,Scott,14,0,13,0,1,0,13,0,1093,14,1106,14,0,0,0,0,0,14,0,0,0
06-22-20,Sequatchie,27,0,27,0,0,0,35,0,1214,13,1249,13,0,0,0,1,0,26,0,2,0
06-22-20,Sevier,446,38,417,36,29,2,428,26,7211,290,7639,316,0,3,12,185,26,258,0,21,3
06-22-20,Shelby,8145,125,8127,125,18,0,9725,150,107899,1537,117624,1687,2,165,-66,1282,189,6698,5,834,186
06-22-20,Smith,51,2,49,2,2,0,59,2,1384,15,1443,17,0,1,-3,3,5,47,0,3,1
06-22-20,Stewart,18,1,18,1,0,0,17,0,691,8,708,8,0,0,0,2,1,16,0,2,0
06-22-20,Sullivan,74,1,71,1,3,0,74,1,6128,98,6202,99,0,2,1,5,0,67,0,7,2
06-22-20,Sumner,1223,9,1212,9,11,0,1553,12,10963,170,12516,182,0,49,-16,99,25,1075,0,221,52
06-22-20,Tipton,572,5,568,5,4,0,619,6,6520,70,7139,76,0,4,-1,39,6,529,0,31,4
06-22-20,Trousdale,1468,2,1465,2,3,0,1501,0,2214,11,3715,11,0,5,-51,10,53,1453,0,14,5
06-22-20,Unicoi,53,0,53,0,0,0,58,0,1183,15,1241,15,0,0,0,1,0,52,0,1,0
06-22-20,Union,9,0,9,0,0,0,10,0,913,11,923,11,0,0,0,2,0,7,0,0,0
06-22-20,Van Buren,5,0,5,0,0,0,5,0,432,2,437,2,0,0,0,-1,0,6,0,1,0
06-22-20,Warren,37,1,37,1,0,0,38,1,2555,25,2593,26,0,0,0,4,1,33,1,1,0
06-22-20,Washington,101,4,99,3,2,1,119,1,5731,95,5850,96,0,0,3,12,1,89,0,6,0
06-22-20,Wayne,68,3,68,3,0,0,66,0,2455,19,2521,19,0,0,3,4,0,64,0,2,0
06-22-20,Weakley,48,1,48,1,0,0,49,1,1886,27,1935,28,0,0,1,11,0,37,0,3,1
06-22-20,White,59,0,57,0,2,0,67,0,2193,15,2260,15,0,3,-1,7,1,49,0,5,3
06-22-20,Williamson,797,16,793,16,4,0,921,15,14578,300,15499,315,0,13,5,96,11,688,0,48,12
06-22-20,Wilson,655,17,652,17,3,0,757,8,9032,149,9789,157,0,15,10,113,7,527,0,50,15
06-21-20,Anderson,75,1,71,1,4,0,85,0,6619,71,6704,71,0,2,-1,17,2,56,0,6,2
06-21-20,Bedford,434,8,434,8,0,0,489,13,3313,59,3802,72,0,4,1,64,7,366,1,20,5
06-21-20,Benton,8,0,8,0,0,0,9,0,990,12,999,12,0,1,0,-1,0,8,0,2,1
06-21-20,Bledsoe,619,0,619,0,0,0,630,0,3568,26,4198,26,0,1,-1,1,1,617,0,6,1
06-21-20,Blount,123,2,119,2,4,0,141,2,5613,168,5754,170,0,3,2,17,0,103,0,8,3
06-21-20,Bradley,345,9,332,9,13,0,378,16,4997,230,5375,246,1,3,1,67,7,275,0,28,3
06-21-20,Campbell,26,0,23,0,3,0,31,0,2391,22,2422,22,0,1,0,3,0,22,0,2,1
06-21-20,Cannon,23,0,23,0,0,0,37,1,850,15,887,16,0,0,0,0,0,23,0,4,0
06-21-20,Carroll,33,0,28,0,5,0,31,0,1768,12,1799,12,0,1,0,-2,0,34,0,5,1
06-21-20,Carter,34,0,33,0,1,0,36,3,2413,44,2449,47,0,1,0,10,0,23,0,2,1
06-21-20,Cheatham,181,5,181,5,0,0,220,5,2510,25,2730,30,0,0,3,12,2,169,1,13,0
06-21-20,Chester,16,0,16,0,0,0,17,0,842,13,859,13,0,0,0,1,0,15,0,2,0
06-21-20,Claiborne,15,0,15,0,0,0,17,1,1181,18,1198,19,0,0,0,2,0,13,0,1,0
06-21-20,Clay,16,0,16,0,0,0,17,0,623,13,640,13,0,0,0,3,0,13,0,0,0
06-21-20,Cocke,30,1,27,1,3,0,32,2,1698,34,1730,36,0,0,-1,1,2,29,0,1,0
06-21-20,Coffee,97,0,96,0,1,0,116,1,3418,56,3534,57,0,0,-1,6,1,91,0,5,0
06-21-20,Crockett,25,0,23,0,2,0,30,1,703,6,733,7,0,3,0,5,0,17,0,2,3
06-21-20,Cumberland,152,7,148,7,4,0,196,7,5988,100,6184,107,0,3,7,13,0,136,1,13,3
06-21-20,Davidson,7721,93,7714,93,7,0,9129,124,79277,942,88406,1066,0,95,21,980,72,6646,1,506,105
06-21-20,Decatur,15,0,15,0,0,0,19,1,714,8,733,9,0,0,0,1,0,14,0,1,0
06-21-20,Dekalb,43,1,43,1,0,0,51,1,1668,17,1719,18,0,0,1,2,0,41,0,0,0
06-21-20,Dickson,150,1,150,1,0,0,203,2,3162,45,3365,47,0,0,1,17,0,133,0,13,0
06-21-20,Dyer,160,5,152,5,8,0,168,6,2327,40,2495,46,0,0,0,64,5,96,2,11,0
06-21-20,Fayette,214,9,213,9,1,0,280,10,4674,93,4954,103,0,2,5,40,4,172,1,24,3
06-21-20,Fentress,15,0,15,0,0,0,15,0,1197,19,1212,19,0,0,0,2,0,13,0,1,0
06-21-20,Franklin,68,2,66,2,2,0,81,3,2562,75,2643,78,0,2,2,6,0,60,0,7,3
06-21-20,Gibson,78,0,74,0,4,0,84,2,2884,24,2968,26,0,1,0,3,0,74,0,5,1
06-21-20,Giles,26,1,26,1,0,0,32,0,1575,31,1607,31,0,0,1,6,0,20,0,4,0
06-21-20,Grainger,27,0,24,0,3,0,34,0,1136,29,1170,29,0,0,0,6,0,21,0,4,0
06-21-20,Greene,54,0,52,0,2,0,60,0,3303,33,3363,33,0,2,0,0,0,52,0,8,2
06-21-20,Grundy,49,1,49,1,0,0,56,1,769,123,825,124,0,1,1,18,0,30,0,10,1
06-21-20,Hamblen,116,5,107,5,9,0,120,7,4424,54,4544,61,0,4,2,39,3,73,0,16,4
06-21-20,Hamilton,1994,18,1989,18,5,0,2105,24,28071,891,30176,915,0,25,-23,298,41,1671,0,109,28
06-21-20,Hancock,3,0,2,0,1,0,2,0,309,4,311,4,0,0,0,2,0,1,0,1,0
06-21-20,Hardeman,260,2,260,2,0,0,275,3,5809,53,6084,56,0,1,2,38,0,221,0,11,1
06-21-20,Hardin,65,6,65,6,0,0,74,8,2401,76,2475,84,0,5,4,24,2,36,0,9,5
06-21-20,Hawkins,38,0,38,0,0,0,50,0,2566,21,2616,21,0,2,0,3,0,33,0,6,2
06-21-20,Haywood,50,3,49,3,1,0,49,4,1233,10,1282,14,0,2,2,10,1,38,0,10,2
06-21-20,Henderson,19,0,19,0,0,0,24,0,1419,5,1443,5,0,0,0,4,0,15,0,0,0
06-21-20,Henry,36,0,36,0,0,0,46,0,2235,109,2281,109,0,0,0,3,0,33,0,6,0
06-21-20,Hickman,63,0,63,0,0,0,89,0,1391,26,1480,26,0,0,0,3,0,60,0,2,0
06-21-20,Houston,11,0,11,0,0,0,15,0,648,1,663,1,0,0,0,1,0,10,0,5,0
06-21-20,Humphreys,18,0,17,0,1,0,24,1,1148,11,1172,12,0,1,0,0,0,17,0,1,1
06-21-20,Jackson,29,1,29,1,0,0,33,1,836,30,869,31,0,0,1,6,0,23,0,2,0
06-21-20,Jefferson,63,2,58,2,5,0,58,3,3379,43,3437,46,0,0,1,17,1,46,0,1,0
06-21-20,Johnson,27,0,27,0,0,0,26,1,2412,19,2438,20,0,0,-2,3,2,24,0,1,0
06-21-20,Knox,684,31,673,31,11,0,715,32,28569,852,29284,884,0,5,17,118,14,561,1,57,5
06-21-20,Lake,686,0,684,0,2,0,850,1,3659,13,4509,14,0,0,0,0,0,686,0,3,0
06-21-20,Lauderdale,75,2,73,2,2,0,92,1,3943,39,4035,40,0,1,1,11,1,63,0,10,1
06-21-20,Lawrence,76,0,76,0,0,0,82,1,2410,67,2492,68,0,2,-2,27,2,47,0,7,3
06-21-20,Lewis,6,0,6,0,0,0,7,0,634,16,641,16,0,0,0,2,0,4,0,0,0
06-21-20,Lincoln,51,0,51,0,0,0,60,0,1911,27,1971,27,0,0,-2,14,2,37,0,4,0
06-21-20,Loudon,226,2,212,2,14,0,229,6,3371,58,3600,64,0,1,1,35,1,190,0,10,2
06-21-20,Macon,227,6,227,6,0,0,258,8,1974,37,2232,45,0,3,3,12,3,212,1,15,3
06-21-20,Madison,194,3,194,3,0,0,235,5,6549,51,6784,56,0,2,3,7,0,185,0,21,2
06-21-20,Marion,53,0,52,0,1,0,59,1,1397,144,1456,145,0,3,0,7,0,43,0,14,4
06-21-20,Marshall,48,0,48,0,0,0,58,0,1503,39,1561,39,0,1,-1,6,1,41,0,6,1
06-21-20,Maury,219,5,219,5,0,0,258,13,4322,51,4580,64,0,2,-2,69,7,148,0,13,2
06-21-20,McMinn,182,1,182,1,0,0,219,3,3631,41,3850,44,0,15,0,13,1,154,0,24,17
06-21-20,McNairy,37,0,37,0,0,0,43,1,1212,20,1255,21,0,0,0,12,0,25,0,2,0
06-21-20,Meigs,30,0,30,0,0,0,42,1,785,12,827,13,0,0,0,3,0,27,0,4,0
06-21-20,Monroe,113,0,105,0,8,0,123,3,1781,22,1904,25,0,4,0,16,0,93,0,10,3
06-21-20,Montgomery,392,12,388,12,4,0,446,14,11186,178,11632,192,0,5,7,39,5,348,0,32,7
06-21-20,Moore,6,0,6,0,0,0,7,0,467,8,474,8,0,0,0,0,0,6,0,0,0
06-21-20,Morgan,23,0,23,0,0,0,26,0,3598,18,3624,18,0,1,-1,3,1,19,0,1,1
06-21-20,Obion,73,0,71,0,2,0,84,1,2042,54,2126,55,0,1,-2,9,2,63,0,9,2
06-21-20,Out of State,355,10,355,10,0,0,380,10,79252,1599,79632,1609,0,8,5,40,5,307,0,24,2
06-21-20,Overton,50,1,50,1,0,0,52,1,1869,39,1921,40,0,0,1,5,0,45,0,3,0
06-21-20,Pending,3,0,3,0,0,0,6,0,51122,802,51128,802,0,0,0,0,0,3,0,0,0
06-21-20,Perry,28,0,28,0,0,0,33,0,522,11,555,11,0,0,0,3,0,25,0,1,0
06-21-20,Pickett,5,1,5,1,0,0,5,1,449,10,454,11,0,0,1,1,0,4,0,0,0
06-21-20,Polk,36,1,35,1,1,0,40,1,850,22,890,23,0,0,1,6,0,30,0,3,0
06-21-20,Putnam,663,9,660,9,3,0,786,12,7922,155,8708,167,0,7,8,84,1,572,0,17,7
06-21-20,Rhea,252,3,252,3,0,0,266,3,2368,41,2634,44,0,0,-1,31,4,221,0,3,0
06-21-20,Roane,32,0,25,0,7,0,38,0,4940,44,4978,44,0,0,0,1,0,31,0,4,0
06-21-20,Robertson,714,3,712,3,2,0,873,14,5155,120,6028,134,0,9,-8,73,11,632,0,56,12
06-21-20,Rutherford,2119,62,2113,62,6,0,2505,79,17524,443,20029,522,0,32,39,337,23,1750,0,113,36
06-21-20,Scott,14,0,13,0,1,0,13,0,1079,11,1092,11,0,0,0,0,0,14,0,0,0
06-21-20,Sequatchie,27,0,27,0,0,0,35,0,1201,9,1236,9,0,0,-1,1,1,26,0,2,0
06-21-20,Sevier,408,3,381,2,27,1,402,15,6921,185,7323,200,0,3,-4,173,7,232,0,21,3
06-21-20,Shelby,8020,198,8002,198,18,0,9575,272,106362,2805,115937,3077,0,163,92,1348,106,6509,8,829,183
06-21-20,Smith,49,1,47,1,2,0,57,2,1369,20,1426,22,0,1,0,6,1,42,0,3,1
06-21-20,Stewart,17,0,17,0,0,0,17,0,683,16,700,16,0,0,-1,2,1,15,0,2,0
06-21-20,Sullivan,73,1,70,1,3,0,73,0,6030,45,6103,45,0,2,1,4,0,67,0,7,2
06-21-20,Sumner,1214,21,1203,21,11,0,1541,27,10793,230,12334,257,0,49,9,115,12,1050,2,221,52
06-21-20,Tipton,567,4,563,4,4,0,613,9,6450,111,7063,120,0,4,-4,40,8,523,1,31,4
06-21-20,Trousdale,1466,0,1463,0,3,0,1501,5,2203,23,3704,28,0,5,-1,61,1,1400,0,14,5
06-21-20,Unicoi,53,1,53,1,0,0,58,1,1168,11,1226,12,0,0,1,1,0,52,1,1,0
06-21-20,Union,9,0,9,0,0,0,10,0,902,31,912,31,0,0,0,2,0,7,0,0,0
06-21-20,Van Buren,5,0,5,0,0,0,5,0,430,2,435,2,0,0,0,-1,0,6,0,1,0
06-21-20,Warren,36,1,36,1,0,0,37,1,2530,34,2567,35,0,0,1,4,0,32,0,0,0
06-21-20,Washington,97,0,96,0,1,0,118,2,5636,94,5754,96,0,0,0,9,0,88,0,6,0
06-21-20,Wayne,65,1,65,1,0,0,66,1,2436,14,2502,15,0,0,1,1,0,64,0,2,0
06-21-20,Weakley,47,2,47,2,0,0,48,3,1859,32,1907,35,0,0,2,10,0,37,0,3,1
06-21-20,White,59,1,57,1,2,0,67,1,2178,35,2245,36,0,3,0,8,1,48,0,5,3
06-21-20,Williamson,781,9,777,9,4,0,906,15,14278,235,15184,250,1,13,-3,91,11,677,0,48,12
06-21-20,Wilson,638,17,635,17,3,0,749,25,8883,171,9632,196,0,15,12,103,5,520,0,50,15
06-20-20,Anderson,74,1,70,1,4,0,85,1,6548,43,6633,44,0,2,-1,18,2,54,0,6,2
06-20-20,Bedford,426,1,426,1,0,0,476,11,3254,38,3730,49,0,4,-6,63,7,359,0,19,5
06-20-20,Benton,8,0,8,0,0,0,9,0,978,2,987,2,0,1,0,-1,0,8,0,2,1
06-20-20,Bledsoe,619,0,619,0,0,0,630,0,3542,46,4172,46,0,1,0,2,0,616,0,6,1
06-20-20,Blount,121,1,117,1,4,0,139,1,5445,32,5584,33,0,3,0,15,1,103,0,8,3
06-20-20,Bradley,336,15,323,15,13,0,362,22,4767,212,5129,234,0,2,9,66,6,268,2,28,3
06-20-20,Campbell,26,0,23,0,3,0,31,0,2369,16,2400,16,0,1,0,3,0,22,0,2,1
06-20-20,Cannon,23,0,23,0,0,0,36,0,835,8,871,8,0,0,0,0,0,23,0,4,0
06-20-20,Carroll,33,0,28,0,5,0,31,0,1756,11,1787,11,0,1,0,-2,0,34,0,5,1
06-20-20,Carter,34,1,33,1,1,0,33,5,2369,27,2402,32,0,1,1,10,0,23,0,2,1
06-20-20,Cheatham,176,0,176,0,0,0,215,1,2485,11,2700,12,0,0,-2,9,2,167,0,12,0
06-20-20,Chester,16,0,16,0,0,0,17,0,829,0,846,0,0,0,0,1,0,15,0,2,0
06-20-20,Claiborne,15,0,15,0,0,0,16,0,1163,19,1179,19,0,0,0,2,0,13,0,1,0
06-20-20,Clay,16,0,16,0,0,0,17,1,610,4,627,5,0,0,0,3,0,13,0,0,0
06-20-20,Cocke,29,0,26,0,3,0,30,0,1664,11,1694,11,0,0,0,2,0,27,0,1,0
06-20-20,Coffee,97,0,96,0,1,0,115,0,3362,47,3477,47,0,0,-1,7,1,90,0,5,0
06-20-20,Crockett,25,0,23,0,2,0,29,0,697,3,726,3,0,3,0,5,0,17,0,2,3
06-20-20,Cumberland,145,1,141,1,4,0,189,2,5888,42,6077,44,0,3,1,6,0,136,0,12,3
06-20-20,Davidson,7628,94,7621,94,7,0,9005,121,78335,878,87340,999,0,95,7,959,87,6574,3,505,104
06-20-20,Decatur,15,0,15,0,0,0,18,0,706,4,724,4,0,0,0,1,0,14,0,1,0
06-20-20,Dekalb,42,1,42,1,0,0,50,0,1651,10,1701,10,0,0,1,1,0,41,0,0,0
06-20-20,Dickson,149,2,149,2,0,0,201,3,3117,37,3318,40,0,0,2,16,0,133,0,13,0
06-20-20,Dyer,155,10,147,10,8,0,162,6,2287,10,2449,16,0,0,6,64,4,91,0,9,0
06-20-20,Fayette,205,2,204,2,1,0,270,1,4581,43,4851,44,0,2,0,35,2,168,0,23,3
06-20-20,Fentress,15,0,15,0,0,0,15,0,1178,7,1193,7,0,0,0,2,0,13,0,1,0
06-20-20,Franklin,66,1,64,1,2,0,78,1,2487,44,2565,45,0,2,-2,4,3,60,0,7,2
06-20-20,Gibson,78,3,74,3,4,0,82,2,2860,10,2942,12,0,1,1,3,2,74,0,5,1
06-20-20,Giles,25,0,25,0,0,0,32,2,1544,38,1576,40,0,0,0,5,0,20,0,4,0
06-20-20,Grainger,27,0,24,0,3,0,34,2,1107,11,1141,13,0,0,-1,6,1,21,0,4,0
06-20-20,Greene,54,0,52,0,2,0,60,0,3270,75,3330,75,0,2,-1,0,1,52,0,8,2
06-20-20,Grundy,48,11,48,11,0,0,55,11,646,12,701,23,0,1,10,17,1,30,0,10,1
06-20-20,Hamblen,111,1,102,1,9,0,113,2,4370,25,4483,27,0,4,-1,37,2,70,0,16,4
06-20-20,Hamilton,1976,11,1971,11,5,0,2081,31,27180,580,29261,611,0,25,-52,321,63,1630,0,109,26
06-20-20,Hancock,3,0,2,0,1,0,2,0,305,3,307,3,0,0,0,2,0,1,0,1,0
06-20-20,Hardeman,258,2,258,2,0,0,272,1,5756,71,6028,72,0,1,1,36,1,221,0,11,1
06-20-20,Hardin,59,3,59,3,0,0,66,2,2325,12,2391,14,0,5,0,20,3,34,0,9,5
06-20-20,Hawkins,38,0,38,0,0,0,50,0,2545,26,2595,26,0,2,0,3,0,33,0,6,2
06-20-20,Haywood,47,3,46,3,1,0,45,1,1223,8,1268,9,0,2,3,8,0,37,0,10,2
06-20-20,Henderson,19,0,19,0,0,0,24,1,1414,1,1438,2,0,0,0,4,0,15,0,0,0
06-20-20,Henry,36,0,36,0,0,0,46,0,2126,20,2172,20,0,0,-1,3,1,33,0,6,0
06-20-20,Hickman,63,1,63,1,0,0,89,1,1365,8,1454,9,0,0,1,3,0,60,0,2,0
06-20-20,Houston,11,0,11,0,0,0,15,0,647,3,662,3,0,0,-1,1,1,10,0,5,0
06-20-20,Humphreys,18,0,17,0,1,0,23,0,1137,11,1160,11,0,1,0,0,0,17,0,1,1
06-20-20,Jackson,28,0,28,0,0,0,32,0,806,18,838,18,0,0,0,5,0,23,0,2,0
06-20-20,Jefferson,61,0,56,0,5,0,55,1,3336,19,3391,20,0,0,-1,16,1,45,0,1,0
06-20-20,Johnson,27,0,27,0,0,0,25,0,2393,12,2418,12,0,0,0,5,0,22,0,1,0
06-20-20,Knox,653,17,642,17,11,0,683,9,27717,452,28400,461,0,5,11,101,6,547,2,56,5
06-20-20,Lake,686,0,684,0,2,0,849,0,3646,7,4495,7,0,0,0,0,0,686,0,3,0
06-20-20,Lauderdale,73,2,71,2,2,0,91,1,3904,32,3995,33,0,1,2,10,0,62,1,10,1
06-20-20,Lawrence,76,1,76,1,0,0,81,3,2343,81,2424,84,0,2,-3,29,4,45,0,7,2
06-20-20,Lewis,6,0,6,0,0,0,7,0,618,13,625,13,0,0,0,2,0,4,0,0,0
06-20-20,Lincoln,51,0,51,0,0,0,60,2,1884,30,1944,32,0,0,-1,16,1,35,0,4,0
06-20-20,Loudon,224,2,210,2,14,0,223,3,3313,41,3536,44,0,1,-1,34,3,189,0,10,2
06-20-20,Macon,221,0,221,0,0,0,250,0,1937,3,2187,3,0,3,-2,9,2,209,0,14,3
06-20-20,Madison,191,2,191,2,0,0,230,2,6498,53,6728,55,0,2,1,4,1,185,0,21,2
06-20-20,Marion,53,3,52,3,1,0,58,2,1253,19,1311,21,0,3,3,7,0,43,0,14,3
06-20-20,Marshall,48,0,48,0,0,0,58,1,1464,47,1522,48,0,1,-3,7,3,40,0,6,1
06-20-20,Maury,214,3,214,3,0,0,245,8,4271,53,4516,61,0,2,-1,71,4,141,0,13,2
06-20-20,McMinn,181,0,181,0,0,0,216,4,3590,45,3806,49,0,15,-2,13,2,153,0,24,17
06-20-20,McNairy,37,2,37,2,0,0,42,2,1192,1,1234,3,0,0,1,12,1,25,0,2,0
06-20-20,Meigs,30,1,30,1,0,0,41,1,773,8,814,9,0,0,1,3,0,27,0,4,0
06-20-20,Monroe,113,0,105,0,8,0,120,0,1759,20,1879,20,0,4,-1,16,1,93,0,10,3
06-20-20,Montgomery,380,6,376,6,4,0,432,7,11008,86,11440,93,0,5,-1,32,7,343,1,32,7
06-20-20,Moore,6,0,6,0,0,0,7,0,459,5,466,5,0,0,0,0,0,6,0,0,0
06-20-20,Morgan,23,0,23,0,0,0,26,0,3580,30,3606,30,0,1,0,4,0,18,0,1,1
06-20-20,Obion,73,1,71,1,2,0,83,2,1988,5,2071,7,0,1,0,11,1,61,0,9,2
06-20-20,Out of State,345,1,345,1,0,0,370,1,77653,1331,78023,1332,0,8,-1,35,2,302,0,24,2
06-20-20,Overton,49,2,49,2,0,0,51,2,1830,14,1881,16,0,0,2,4,0,45,1,3,0
06-20-20,Pending,3,0,3,0,0,0,6,0,50320,437,50326,437,0,0,0,0,0,3,0,0,0
06-20-20,Perry,28,0,28,0,0,0,33,0,511,1,544,1,0,0,0,3,0,25,0,1,0
06-20-20,Pickett,4,0,4,0,0,0,4,0,439,1,443,1,0,0,0,0,0,4,0,0,0
06-20-20,Polk,35,0,34,0,1,0,39,0,828,24,867,24,0,0,0,5,0,30,0,3,0
06-20-20,Putnam,654,8,651,8,3,0,774,12,7767,135,8541,147,0,7,2,76,6,571,0,17,7
06-20-20,Rhea,249,4,249,4,0,0,263,8,2327,135,2590,143,0,0,4,32,0,217,0,3,0
06-20-20,Roane,32,0,25,0,7,0,38,0,4896,41,4934,41,0,0,-1,1,1,31,0,4,0
06-20-20,Robertson,711,3,709,3,2,0,859,6,5035,27,5894,33,0,9,-2,81,5,621,0,56,12
06-20-20,Rutherford,2057,26,2051,26,6,0,2426,35,17081,210,19507,245,0,32,-15,298,41,1727,0,113,36
06-20-20,Scott,14,0,13,0,1,0,13,0,1068,7,1081,7,0,0,0,0,0,14,0,0,0
06-20-20,Sequatchie,27,0,27,0,0,0,35,0,1192,15,1227,15,0,0,0,2,0,25,0,2,0
06-20-20,Sevier,405,7,379,6,26,1,387,7,6736,70,7123,77,0,3,-11,177,18,225,2,21,3
06-20-20,Shelby,7822,115,7804,115,18,0,9303,147,103557,1914,112860,2061,0,163,-22,1256,137,6403,12,821,180
06-20-20,Smith,48,0,46,0,2,0,55,1,1349,13,1404,14,0,1,-2,6,2,41,0,3,1
06-20-20,Stewart,17,0,17,0,0,0,17,0,667,15,684,15,0,0,0,3,0,14,0,2,0
06-20-20,Sullivan,72,0,69,0,3,0,73,0,5985,49,6058,49,0,2,0,3,0,67,0,7,2
06-20-20,Sumner,1193,7,1182,7,11,0,1514,14,10563,64,12077,78,0,49,-2,106,9,1038,0,219,51
06-20-20,Tipton,563,2,559,2,4,0,604,6,6339,79,6943,85,0,4,-3,44,5,515,0,30,4
06-20-20,Trousdale,1466,0,1463,0,3,0,1496,0,2180,20,3676,20,0,5,-2,62,2,1399,0,14,5
06-20-20,Unicoi,52,0,52,0,0,0,57,0,1157,16,1214,16,0,0,0,0,0,52,0,0,0
06-20-20,Union,9,1,9,1,0,0,10,1,871,10,881,11,0,0,1,2,0,7,0,0,0
06-20-20,Van Buren,5,0,5,0,0,0,5,0,428,2,433,2,0,0,-1,-1,1,6,0,1,0
06-20-20,Warren,35,0,35,0,0,0,36,0,2496,11,2532,11,0,0,-1,3,1,32,0,0,0
06-20-20,Washington,97,0,96,0,1,0,116,3,5542,78,5658,81,0,0,-2,9,2,88,0,6,0
06-20-20,Wayne,64,0,64,0,0,0,65,0,2422,14,2487,14,0,0,0,0,0,64,0,2,0
06-20-20,Weakley,45,0,45,0,0,0,45,0,1827,12,1872,12,0,0,-2,8,2,37,0,3,1
06-20-20,White,58,1,56,1,2,0,66,1,2143,19,2209,20,0,3,1,8,0,47,0,5,3
06-20-20,Williamson,772,6,768,6,4,0,891,8,14043,153,14934,161,0,12,3,94,3,666,0,48,12
06-20-20,Wilson,621,21,618,21,3,0,724,16,8712,149,9436,165,0,15,16,91,5,515,0,50,15
06-19-20,Anderson,73,2,69,2,4,0,84,2,6505,51,6589,53,0,2,0,19,2,52,0,6,2
06-19-20,Bedford,425,8,425,8,0,0,465,8,3216,21,3681,29,0,4,-1,69,9,352,0,19,5
06-19-20,Benton,8,0,8,0,0,0,9,0,976,4,985,4,0,1,0,-1,0,8,0,2,1
06-19-20,Bledsoe,619,0,619,0,0,0,630,0,3496,3,4126,3,0,1,0,2,0,616,0,6,1
06-19-20,Blount,120,3,116,3,4,0,138,3,5413,45,5551,48,0,3,3,15,0,102,1,8,3
06-19-20,Bradley,321,7,308,7,13,0,340,4,4555,12,4895,16,0,2,-2,57,9,262,0,26,3
06-19-20,Campbell,26,0,23,0,3,0,31,0,2353,20,2384,20,0,1,0,3,0,22,0,2,1
06-19-20,Cannon,23,0,23,0,0,0,36,0,827,9,863,9,0,0,0,0,0,23,0,4,0
06-19-20,Carroll,33,0,28,0,5,0,31,0,1745,19,1776,19,0,1,0,-2,0,34,0,5,1
06-19-20,Carter,33,1,32,1,1,0,28,1,2342,16,2370,17,0,1,1,9,0,23,0,2,1
06-19-20,Cheatham,176,5,176,5,0,0,214,3,2474,41,2688,44,0,0,4,11,1,165,0,12,0
06-19-20,Chester,16,0,16,0,0,0,17,0,829,5,846,5,0,0,0,1,0,15,0,2,0
06-19-20,Claiborne,15,0,15,0,0,0,16,0,1144,8,1160,8,0,0,0,2,0,13,0,1,0
06-19-20,Clay,16,0,16,0,0,0,16,0,606,5,622,5,0,0,0,3,0,13,0,0,0
06-19-20,Cocke,29,1,26,1,3,0,30,0,1653,12,1683,12,0,0,0,2,1,27,0,1,0
06-19-20,Coffee,97,0,96,0,1,0,115,1,3315,8,3430,9,0,0,-3,8,3,89,0,5,0
06-19-20,Crockett,25,0,23,0,2,0,29,0,694,4,723,4,0,3,0,5,0,17,0,2,3
06-19-20,Cumberland,144,0,140,0,4,0,187,0,5846,31,6033,31,0,3,-2,5,2,136,0,12,3
06-19-20,Davidson,7534,185,7527,185,7,0,8884,256,77457,1698,86341,1954,2,95,55,952,128,6487,4,502,103
06-19-20,Decatur,15,0,15,0,0,0,18,0,702,9,720,9,0,0,-8,1,8,14,0,1,0
06-19-20,Dekalb,41,0,41,0,0,0,50,0,1641,16,1691,16,0,0,-1,0,1,41,0,0,0
06-19-20,Dickson,147,2,147,2,0,0,198,4,3080,23,3278,27,0,0,-1,14,3,133,0,13,0
06-19-20,Dyer,145,6,137,6,8,0,156,11,2277,20,2433,31,0,0,3,58,3,87,1,9,0
06-19-20,Fayette,203,3,202,3,1,0,269,5,4538,83,4807,88,0,2,0,35,3,166,0,23,3
06-19-20,Fentress,15,0,15,0,0,0,15,0,1171,8,1186,8,0,0,0,2,0,13,0,1,0
06-19-20,Franklin,65,0,63,0,2,0,77,1,2443,12,2520,13,0,2,0,6,0,57,0,7,2
06-19-20,Gibson,75,0,71,0,4,0,80,0,2850,17,2930,17,0,1,-1,2,1,72,0,5,1
06-19-20,Giles,25,0,25,0,0,0,30,0,1506,7,1536,7,0,0,0,5,0,20,0,4,0
06-19-20,Grainger,27,1,24,0,3,1,32,0,1096,13,1128,13,0,0,-2,7,3,20,0,4,0
06-19-20,Greene,54,0,52,0,2,0,60,0,3195,39,3255,39,0,2,0,1,0,51,0,8,2
06-19-20,Grundy,37,1,37,1,0,0,44,1,634,1,678,2,0,1,1,7,0,29,0,10,1
06-19-20,Hamblen,110,12,101,12,9,0,111,14,4345,39,4456,53,0,4,9,38,3,68,1,16,4
06-19-20,Hamilton,1965,39,1960,39,5,0,2050,44,26600,450,28650,494,3,25,1,373,35,1567,5,109,26
06-19-20,Hancock,3,1,2,0,1,1,2,0,302,1,304,1,0,0,1,2,0,1,0,1,0
06-19-20,Hardeman,256,1,256,1,0,0,271,2,5685,15,5956,17,1,1,0,35,0,220,0,11,1
06-19-20,Hardin,56,2,56,2,0,0,64,3,2313,15,2377,18,0,5,1,20,1,31,1,9,5
06-19-20,Hawkins,38,0,38,0,0,0,50,1,2519,17,2569,18,0,2,0,3,0,33,0,6,2
06-19-20,Haywood,44,1,43,1,1,0,44,1,1215,14,1259,15,0,2,1,5,0,37,0,10,2
06-19-20,Henderson,19,1,19,1,0,0,23,1,1413,19,1436,20,0,0,0,4,1,15,0,0,0
06-19-20,Henry,36,0,36,0,0,0,46,0,2106,9,2152,9,0,0,0,4,0,32,0,6,0
06-19-20,Hickman,62,1,62,1,0,0,88,1,1357,8,1445,9,0,0,1,2,0,60,0,2,0
06-19-20,Houston,11,0,11,0,0,0,15,0,644,2,659,2,0,0,0,2,0,9,0,5,0
06-19-20,Humphreys,18,0,17,0,1,0,23,0,1126,54,1149,54,0,1,0,0,0,17,0,1,1
06-19-20,Jackson,28,1,28,1,0,0,32,2,788,7,820,9,0,0,1,5,0,23,1,2,0
06-19-20,Jefferson,61,5,56,5,5,0,54,5,3317,50,3371,55,0,0,1,17,4,44,0,1,0
06-19-20,Johnson,27,0,27,0,0,0,25,0,2381,6,2406,6,0,0,-1,5,1,22,0,1,0
06-19-20,Knox,636,30,625,28,11,2,674,10,27265,289,27939,299,0,5,7,90,23,541,1,54,5
06-19-20,Lake,686,0,684,0,2,0,849,0,3639,5,4488,5,0,0,-6,0,6,686,0,3,0
06-19-20,Lauderdale,71,1,69,1,2,0,90,1,3872,17,3962,18,0,1,1,8,0,62,0,9,1
06-19-20,Lawrence,75,1,75,1,0,0,78,2,2262,15,2340,17,0,2,0,32,1,41,0,7,2
06-19-20,Lewis,6,0,6,0,0,0,7,0,605,5,612,5,0,0,0,2,0,4,0,0,0
06-19-20,Lincoln,51,1,51,1,0,0,58,1,1854,8,1912,9,0,0,1,17,0,34,0,4,0
06-19-20,Loudon,222,9,208,9,14,0,220,5,3272,17,3492,22,0,1,4,35,5,186,0,10,2
06-19-20,Macon,221,1,221,1,0,0,250,1,1934,72,2184,73,0,3,-4,11,5,207,0,14,3
06-19-20,Madison,189,2,189,2,0,0,228,3,6445,47,6673,50,0,2,2,3,0,184,0,21,2
06-19-20,Marion,50,0,49,0,1,0,56,0,1234,2,1290,2,1,3,-1,4,0,43,0,14,3
06-19-20,Marshall,48,2,48,2,0,0,57,3,1417,13,1474,16,0,1,2,10,0,37,0,6,1
06-19-20,Maury,211,11,211,11,0,0,237,26,4218,68,4455,94,0,2,5,72,6,137,0,13,2
06-19-20,McMinn,181,1,181,1,0,0,212,0,3545,12,3757,12,0,15,-1,15,2,151,0,24,17
06-19-20,McNairy,35,0,35,0,0,0,40,1,1191,9,1231,10,0,0,-1,11,1,24,0,2,0
06-19-20,Meigs,29,0,29,0,0,0,40,0,765,2,805,2,0,0,0,2,0,27,0,4,0
06-19-20,Monroe,113,1,105,1,8,0,120,1,1739,24,1859,25,0,4,1,17,0,92,0,10,3
06-19-20,Montgomery,374,7,370,7,4,0,425,8,10922,131,11347,139,0,5,0,33,7,336,0,31,7
06-19-20,Moore,6,0,6,0,0,0,7,0,454,3,461,3,0,0,0,0,0,6,0,0,0
06-19-20,Morgan,23,0,23,0,0,0,26,1,3550,14,3576,15,0,1,0,4,0,18,0,1,1
06-19-20,Obion,72,0,70,0,2,0,81,1,1983,29,2064,30,0,1,0,11,0,60,0,9,2
06-19-20,Out of State,344,5,344,5,0,0,369,6,76322,1079,76691,1085,0,8,-1,36,6,300,0,24,2
06-19-20,Overton,47,2,47,2,0,0,49,2,1816,18,1865,20,0,0,2,2,0,45,0,2,0
06-19-20,Pending,3,0,3,0,0,0,6,0,49883,555,49889,555,0,0,0,0,0,3,0,0,0
06-19-20,Perry,28,0,28,0,0,0,33,0,510,1,543,1,0,0,0,3,0,25,0,1,0
06-19-20,Pickett,4,0,4,0,0,0,4,0,438,3,442,3,0,0,0,0,0,4,0,0,0
06-19-20,Polk,35,0,34,0,1,0,39,0,804,0,843,0,0,0,0,5,0,30,0,3,0
06-19-20,Putnam,646,26,643,26,3,0,762,30,7632,160,8394,190,1,7,16,74,9,565,0,17,7
06-19-20,Rhea,245,4,245,4,0,0,255,3,2192,7,2447,10,0,0,3,28,1,217,1,3,0
06-19-20,Roane,32,0,25,0,7,0,38,1,4855,63,4893,64,0,0,0,2,0,30,0,4,0
06-19-20,Robertson,708,9,706,9,2,0,853,19,5008,84,5861,103,0,9,3,83,6,616,0,56,11
06-19-20,Rutherford,2031,58,2025,58,6,0,2391,90,16871,311,19262,401,0,32,21,313,37,1686,1,113,35
06-19-20,Scott,14,0,13,0,1,0,13,0,1061,8,1074,8,0,0,0,0,0,14,0,0,0
06-19-20,Sequatchie,27,0,27,0,0,0,35,0,1177,3,1212,3,0,0,0,2,0,25,0,2,0
06-19-20,Sevier,398,18,373,17,25,1,380,16,6666,134,7046,150,0,3,2,188,16,207,3,19,3
06-19-20,Shelby,7707,194,7689,194,18,0,9156,206,101643,2050,110799,2256,5,163,67,1278,122,6266,16,809,177
06-19-20,Smith,48,2,46,2,2,0,54,1,1336,9,1390,10,0,1,2,8,0,39,0,3,1
06-19-20,Stewart,17,0,17,0,0,0,17,0,652,10,669,10,0,0,0,3,0,14,0,2,0
06-19-20,Sullivan,72,0,69,0,3,0,73,0,5936,42,6009,42,0,2,-2,3,2,67,0,7,2
06-19-20,Sumner,1186,23,1175,23,11,0,1500,26,10499,171,11999,197,0,49,14,108,9,1029,3,219,51
06-19-20,Tipton,561,4,557,4,4,0,598,7,6260,92,6858,99,0,4,-1,47,5,510,0,30,4
06-19-20,Trousdale,1466,2,1463,2,3,0,1496,0,2160,11,3656,11,0,5,1,64,1,1397,0,14,5
06-19-20,Unicoi,52,0,52,0,0,0,57,0,1141,2,1198,2,0,0,0,0,0,52,0,0,0
06-19-20,Union,8,0,8,0,0,0,9,1,861,7,870,8,0,0,0,1,0,7,0,0,0
06-19-20,Van Buren,5,0,5,0,0,0,5,0,426,3,431,3,0,0,0,0,0,5,0,1,0
06-19-20,Warren,35,0,35,0,0,0,36,0,2485,25,2521,25,0,0,0,4,0,31,0,0,0
06-19-20,Washington,97,0,96,0,1,0,113,1,5464,34,5577,35,0,0,-1,11,1,86,0,6,0
06-19-20,Wayne,64,0,64,0,0,0,65,0,2408,6,2473,6,0,0,0,0,0,64,0,2,0
06-19-20,Weakley,45,2,45,2,0,0,45,2,1815,20,1860,22,0,0,2,10,0,35,0,3,1
06-19-20,White,57,2,55,2,2,0,65,2,2124,39,2189,41,1,3,0,7,1,47,0,5,3
06-19-20,Williamson,766,20,762,20,4,0,883,28,13890,423,14773,451,0,12,5,91,15,663,0,48,12
06-19-20,Wilson,600,18,597,18,3,0,708,15,8563,176,9271,191,1,15,13,75,4,510,1,50,15
06-18-20,Anderson,71,4,67,4,4,0,82,5,6454,148,6536,153,0,2,2,19,2,50,0,6,2
06-18-20,Bedford,417,13,417,13,0,0,457,4,3195,11,3652,15,0,4,-1,70,14,343,1,19,5
06-18-20,Benton,8,0,8,0,0,0,9,0,972,10,981,10,0,1,0,-1,0,8,0,2,1
06-18-20,Bledsoe,619,0,619,0,0,0,630,0,3493,5,4123,5,0,1,0,2,0,616,0,6,1
06-18-20,Blount,117,2,113,2,4,0,135,2,5368,181,5503,183,0,3,1,12,1,102,0,7,3
06-18-20,Bradley,314,8,301,8,13,0,336,7,4543,55,4879,62,0,2,-6,59,14,253,2,26,3
06-18-20,Campbell,26,0,23,0,3,0,31,0,2333,43,2364,43,0,1,-2,3,2,22,0,2,1
06-18-20,Cannon,23,0,23,0,0,0,36,0,818,16,854,16,0,0,0,0,0,23,0,4,0
06-18-20,Carroll,33,0,28,0,5,0,31,0,1726,16,1757,16,0,1,0,-2,0,34,0,5,1
06-18-20,Carter,32,4,31,4,1,0,27,0,2326,29,2353,29,0,1,4,8,0,23,0,2,1
06-18-20,Cheatham,171,0,171,0,0,0,211,1,2433,42,2644,43,0,0,-1,7,1,164,0,12,0
06-18-20,Chester,16,0,16,0,0,0,17,0,824,15,841,15,0,0,0,1,0,15,0,2,0
06-18-20,Claiborne,15,1,15,1,0,0,16,0,1136,32,1152,32,0,0,1,2,0,13,0,1,0
06-18-20,Clay,16,2,16,2,0,0,16,2,601,10,617,12,0,0,1,3,1,13,0,0,0
06-18-20,Cocke,28,0,25,0,3,0,30,1,1641,48,1671,49,0,0,0,2,0,26,0,1,0
06-18-20,Coffee,97,2,96,2,1,0,114,1,3307,19,3421,20,0,0,2,11,0,86,0,5,0
06-18-20,Crockett,25,3,23,3,2,0,29,2,690,9,719,11,0,3,3,5,0,17,0,2,3
06-18-20,Cumberland,144,1,140,1,4,0,187,2,5815,136,6002,138,0,3,-1,7,2,134,0,12,3
06-18-20,Davidson,7349,264,7342,264,7,0,8628,332,75759,1749,84387,2081,2,93,132,897,130,6359,19,498,100
06-18-20,Decatur,15,0,15,0,0,0,18,1,693,9,711,10,0,0,0,9,0,6,0,1,0
06-18-20,Dekalb,41,0,41,0,0,0,50,0,1625,29,1675,29,0,0,0,1,0,40,0,0,0
06-18-20,Dickson,145,3,145,3,0,0,194,3,3057,73,3251,76,0,0,3,15,0,130,0,13,0
06-18-20,Dyer,139,15,131,15,8,0,145,17,2257,75,2402,92,0,0,12,55,3,84,0,8,0
06-18-20,Fayette,200,8,199,8,1,0,264,16,4455,123,4719,139,0,2,4,35,4,163,0,23,3
06-18-20,Fentress,15,0,15,0,0,0,15,0,1163,22,1178,22,0,0,-1,2,1,13,0,1,0
06-18-20,Franklin,65,1,63,1,2,0,76,0,2431,4,2507,4,0,2,0,6,1,57,0,7,2
06-18-20,Gibson,75,4,71,4,4,0,80,3,2833,33,2913,36,0,1,3,3,1,71,0,5,1
06-18-20,Giles,25,0,25,0,0,0,30,0,1499,15,1529,15,0,0,0,5,0,20,0,4,0
06-18-20,Grainger,26,3,24,3,2,0,32,2,1083,38,1115,40,0,0,3,9,0,17,0,4,0
06-18-20,Greene,54,0,52,0,2,0,60,0,3156,29,3216,29,0,2,0,1,0,51,0,8,2
06-18-20,Grundy,36,1,36,1,0,0,43,1,633,3,676,4,0,1,0,6,1,29,0,10,1
06-18-20,Hamblen,98,3,89,3,9,0,97,7,4306,287,4403,294,0,4,0,29,3,65,2,15,4
06-18-20,Hamilton,1926,62,1921,62,5,0,2006,74,26150,691,28156,765,1,22,1,372,60,1532,2,104,25
06-18-20,Hancock,2,1,2,1,0,0,2,1,301,4,303,5,0,0,1,1,0,1,1,1,0
06-18-20,Hardeman,255,25,255,25,0,0,269,28,5670,64,5939,92,0,0,23,35,2,220,0,11,1
06-18-20,Hardin,54,7,54,7,0,0,61,9,2298,46,2359,55,0,5,5,19,2,30,0,8,5
06-18-20,Hawkins,38,1,38,1,0,0,49,1,2502,20,2551,21,0,2,1,3,0,33,0,6,2
06-18-20,Haywood,43,2,42,2,1,0,43,1,1201,12,1244,13,0,2,1,4,1,37,1,10,2
06-18-20,Henderson,18,0,18,0,0,0,22,0,1394,16,1416,16,0,0,-1,4,1,14,0,0,0
06-18-20,Henry,36,1,36,1,0,0,46,0,2097,27,2143,27,0,0,1,4,0,32,0,6,0
06-18-20,Hickman,61,0,61,0,0,0,87,0,1349,10,1436,10,0,0,0,1,0,60,0,2,0
06-18-20,Houston,11,0,11,0,0,0,15,0,642,9,657,9,0,0,0,2,0,9,0,5,0
06-18-20,Humphreys,18,0,17,0,1,0,23,1,1072,14,1095,15,0,1,0,0,0,17,0,1,1
06-18-20,Jackson,27,0,27,0,0,0,30,0,781,13,811,13,0,0,0,4,0,23,0,1,0
06-18-20,Jefferson,56,5,51,5,5,0,49,3,3267,79,3316,82,0,0,4,16,1,40,0,1,0
06-18-20,Johnson,27,0,27,0,0,0,25,0,2375,44,2400,44,0,0,-1,6,1,21,0,1,0
06-18-20,Knox,606,15,597,15,9,0,664,20,26976,891,27640,911,0,5,1,83,14,518,0,53,5
06-18-20,Lake,686,0,684,0,2,0,849,0,3634,11,4483,11,0,0,0,6,0,680,0,3,0
06-18-20,Lauderdale,70,0,68,0,2,0,89,1,3855,50,3944,51,0,1,0,7,0,62,0,9,1
06-18-20,Lawrence,74,2,74,2,0,0,76,1,2247,12,2323,13,0,2,2,32,0,40,0,7,2
06-18-20,Lewis,6,0,6,0,0,0,7,0,600,5,607,5,0,0,0,2,0,4,0,0,0
06-18-20,Lincoln,50,0,50,0,0,0,57,0,1846,3,1903,3,0,0,0,16,0,34,0,4,0
06-18-20,Loudon,213,9,199,9,14,0,215,10,3255,172,3470,182,0,1,4,31,5,181,0,10,2
06-18-20,Macon,220,9,220,9,0,0,249,12,1862,36,2111,48,0,3,-4,15,13,202,0,14,3
06-18-20,Madison,187,6,187,6,0,0,225,8,6398,173,6623,181,0,2,4,1,2,184,0,21,2
06-18-20,Marion,50,1,49,1,1,0,56,0,1232,17,1288,17,0,2,1,5,0,43,0,14,3
06-18-20,Marshall,46,1,46,1,0,0,54,1,1404,15,1458,16,0,1,1,8,0,37,0,6,1
06-18-20,Maury,200,7,200,7,0,0,211,8,4150,51,4361,59,1,2,3,67,3,131,0,13,2
06-18-20,McMinn,180,3,180,3,0,0,212,4,3533,43,3745,47,0,15,-1,16,4,149,1,24,17
06-18-20,McNairy,35,1,35,1,0,0,39,2,1182,13,1221,15,0,0,1,12,0,23,0,2,0
06-18-20,Meigs,29,0,29,0,0,0,40,0,763,11,803,11,0,0,0,2,0,27,0,4,0
06-18-20,Monroe,112,11,104,11,8,0,119,11,1715,47,1834,58,0,4,10,16,1,92,1,10,3
06-18-20,Montgomery,367,15,363,15,4,0,417,17,10791,185,11208,202,0,5,8,33,7,329,1,31,7
06-18-20,Moore,6,0,6,0,0,0,7,0,451,1,458,1,0,0,0,0,0,6,0,0,0
06-18-20,Morgan,23,1,23,1,0,0,25,1,3536,28,3561,29,0,1,1,4,0,18,0,1,1
06-18-20,Obion,72,3,70,3,2,0,80,3,1954,43,2034,46,0,1,3,11,0,60,0,9,1
06-18-20,Out of State,339,9,339,9,0,0,363,8,75243,1515,75606,1523,1,8,5,37,3,294,1,24,2
06-18-20,Overton,45,2,45,2,0,0,47,2,1798,38,1845,40,0,0,1,0,1,45,0,2,0
06-18-20,Pending,3,0,3,0,0,0,6,0,49328,989,49334,989,0,0,0,0,0,3,0,0,0
06-18-20,Perry,28,0,28,0,0,0,33,0,509,2,542,2,0,0,0,3,0,25,0,1,0
06-18-20,Pickett,4,0,4,0,0,0,4,0,435,6,439,6,0,0,0,0,0,4,0,0,0
06-18-20,Polk,35,0,34,0,1,0,39,0,804,4,843,4,0,0,-2,5,2,30,0,3,0
06-18-20,Putnam,620,4,617,4,3,0,732,4,7472,40,8204,44,0,6,-13,58,17,556,0,17,7
06-18-20,Rhea,241,2,241,2,0,0,252,1,2185,19,2437,20,0,0,-1,25,3,216,0,2,0
06-18-20,Roane,32,1,25,1,7,0,37,1,4792,135,4829,136,0,0,-2,2,3,30,0,4,0
06-18-20,Robertson,699,29,697,29,2,0,834,28,4924,99,5758,127,0,9,19,80,10,610,2,56,11
06-18-20,Rutherford,1973,88,1967,88,6,0,2301,92,16560,389,18861,481,1,32,31,292,56,1649,2,112,35
06-18-20,Scott,14,1,13,1,1,0,13,1,1053,100,1066,101,0,0,1,0,0,14,0,0,0
06-18-20,Sequatchie,27,0,27,0,0,0,35,1,1174,10,1209,11,0,0,0,2,0,25,0,2,0
06-18-20,Sevier,380,36,356,35,24,1,364,39,6532,283,6896,322,0,3,19,186,17,191,1,16,3
06-18-20,Shelby,7513,309,7495,309,18,0,8950,341,99593,3169,108543,3510,4,158,186,1211,119,6144,27,793,173
06-18-20,Smith,46,3,44,3,2,0,53,4,1327,76,1380,80,0,1,2,6,1,39,0,3,1
06-18-20,Stewart,17,1,17,1,0,0,17,1,642,10,659,11,0,0,1,3,0,14,0,2,0
06-18-20,Sullivan,72,1,69,1,3,0,73,1,5894,62,5967,63,0,2,1,5,0,65,0,7,2
06-18-20,Sumner,1163,29,1152,28,11,1,1474,31,10328,252,11802,283,1,49,7,94,21,1020,3,216,51
06-18-20,Tipton,557,8,553,8,4,0,591,11,6168,160,6759,171,0,4,-1,48,9,505,2,30,4
06-18-20,Trousdale,1464,1,1461,1,3,0,1496,2,2149,15,3645,17,1,5,-1,63,1,1396,0,14,5
06-18-20,Unicoi,52,0,52,0,0,0,57,0,1139,25,1196,25,0,0,0,0,0,52,0,0,0
06-18-20,Union,8,0,8,0,0,0,8,0,854,24,862,24,0,0,-1,1,1,7,0,0,0
06-18-20,Van Buren,5,0,5,0,0,0,5,0,423,7,428,7,0,0,0,0,0,5,0,1,0
06-18-20,Warren,35,1,35,1,0,0,36,1,2460,38,2496,39,0,0,1,4,0,31,0,0,0
06-18-20,Washington,97,2,96,2,1,0,112,1,5430,63,5542,64,0,0,2,12,0,85,0,6,0
06-18-20,Wayne,64,0,64,0,0,0,65,0,2402,3,2467,3,0,0,0,0,0,64,0,2,0
06-18-20,Weakley,43,3,43,3,0,0,43,2,1795,27,1838,29,0,0,2,8,1,35,1,3,1
06-18-20,White,55,1,53,1,2,0,63,1,2085,34,2148,35,0,2,1,7,0,46,0,5,3
06-18-20,Williamson,746,25,742,25,4,0,855,32,13467,473,14322,505,0,12,8,86,17,648,0,48,12
06-18-20,Wilson,582,12,579,12,3,0,693,23,8387,138,9080,161,0,14,5,62,7,506,0,49,15
06-17-20,Anderson,67,2,63,2,4,0,77,3,6306,22,6383,25,0,2,0,17,2,48,0,6,2
06-17-20,Bedford,404,1,404,1,0,0,453,11,3184,35,3637,46,0,4,-13,71,14,329,0,18,5
06-17-20,Benton,8,0,8,0,0,0,9,0,962,3,971,3,0,1,0,-1,0,8,0,2,1
06-17-20,Bledsoe,619,0,619,0,0,0,630,0,3488,6,4118,6,0,1,0,2,0,616,0,6,1
06-17-20,Blount,115,2,111,2,4,0,133,3,5187,36,5320,39,0,3,1,11,1,101,0,7,3
06-17-20,Bradley,306,2,293,2,13,0,329,3,4488,141,4817,144,0,2,-13,65,15,239,0,24,3
06-17-20,Campbell,26,0,23,0,3,0,31,0,2290,2,2321,2,0,1,0,5,0,20,0,2,1
06-17-20,Cannon,23,0,23,0,0,0,36,0,802,8,838,8,0,0,0,0,0,23,0,4,0
06-17-20,Carroll,33,0,28,0,5,0,31,0,1710,2,1741,2,0,1,-1,-2,1,34,0,5,1
06-17-20,Carter,28,3,27,3,1,0,27,1,2297,21,2324,22,0,1,3,4,0,23,0,2,1
06-17-20,Cheatham,171,2,171,2,0,0,210,3,2391,22,2601,25,0,0,-2,8,4,163,0,12,0
06-17-20,Chester,16,0,16,0,0,0,17,0,809,4,826,4,0,0,0,1,0,15,0,2,0
06-17-20,Claiborne,14,0,14,0,0,0,16,0,1104,11,1120,11,0,0,-1,1,1,13,0,1,0
06-17-20,Clay,14,0,14,0,0,0,14,0,591,3,605,3,0,0,-1,2,1,12,0,0,0
06-17-20,Cocke,28,0,25,0,3,0,29,0,1593,11,1622,11,0,0,-2,2,2,26,0,1,0
06-17-20,Coffee,95,0,94,0,1,0,113,1,3288,32,3401,33,0,0,-2,9,2,86,0,5,0
06-17-20,Crockett,22,2,20,2,2,0,27,2,681,3,708,5,0,3,2,2,0,17,0,2,3
06-17-20,Cumberland,143,0,139,0,4,0,185,0,5679,22,5864,22,1,3,-1,8,0,132,0,12,3
06-17-20,Davidson,7085,51,7078,51,7,0,8296,71,74010,881,82306,952,1,91,-97,765,147,6229,3,479,98
06-17-20,Decatur,15,1,15,1,0,0,17,1,684,5,701,6,0,0,1,9,0,6,0,1,0
06-17-20,Dekalb,41,0,41,0,0,0,50,0,1596,12,1646,12,0,0,-1,1,1,40,0,0,0
06-17-20,Dickson,142,0,142,0,0,0,191,2,2984,22,3175,24,0,0,-2,12,2,130,0,13,0
06-17-20,Dyer,124,7,116,7,8,0,128,6,2182,8,2310,14,0,0,5,43,2,81,0,8,0
06-17-20,Fayette,192,0,191,0,1,0,248,1,4332,21,4580,22,0,2,-1,31,1,159,0,23,3
06-17-20,Fentress,15,0,15,0,0,0,15,0,1141,7,1156,7,0,0,0,3,0,12,0,1,0
06-17-20,Franklin,64,0,62,0,2,0,76,0,2427,25,2503,25,0,2,0,6,0,56,0,7,2
06-17-20,Gibson,71,1,67,1,4,0,77,1,2800,9,2877,10,0,1,1,0,0,70,0,5,1
06-17-20,Giles,25,1,25,1,0,0,30,0,1484,22,1514,22,0,0,-1,5,2,20,0,4,0
06-17-20,Grainger,23,0,21,0,2,0,30,0,1045,7,1075,7,0,0,0,6,0,17,0,4,0
06-17-20,Greene,54,0,52,0,2,0,60,0,3127,20,3187,20,0,2,0,1,0,51,0,8,2
06-17-20,Grundy,35,0,35,0,0,0,42,0,630,12,672,12,0,1,0,6,0,28,0,10,1
06-17-20,Hamblen,95,1,86,1,9,0,90,2,4019,25,4109,27,1,4,-3,29,3,62,0,13,4
06-17-20,Hamilton,1864,51,1859,51,5,0,1932,47,25459,383,27391,430,0,21,0,371,51,1472,6,102,25
06-17-20,Hancock,1,0,1,0,0,0,1,0,297,1,298,1,0,0,0,0,0,1,0,0,0
06-17-20,Hardeman,230,0,230,0,0,0,241,0,5606,12,5847,12,0,0,-2,12,2,218,0,11,1
06-17-20,Hardin,47,1,47,1,0,0,52,0,2252,19,2304,19,0,5,1,14,0,28,0,8,5
06-17-20,Hawkins,37,0,37,0,0,0,48,0,2482,17,2530,17,0,2,0,2,0,33,0,6,2
06-17-20,Haywood,41,0,40,0,1,0,42,0,1189,3,1231,3,0,2,0,3,0,36,0,9,2
06-17-20,Henderson,18,0,18,0,0,0,22,0,1378,4,1400,4,0,0,0,5,0,13,0,0,0
06-17-20,Henry,35,0,35,0,0,0,46,1,2070,7,2116,8,0,0,0,3,0,32,0,6,0
06-17-20,Hickman,61,0,61,0,0,0,87,1,1339,7,1426,8,0,0,0,1,0,60,0,2,0
06-17-20,Houston,11,0,11,0,0,0,15,0,633,3,648,3,0,0,0,2,0,9,0,5,0
06-17-20,Humphreys,18,0,17,0,1,0,22,0,1058,6,1080,6,0,1,0,0,0,17,0,1,1
06-17-20,Jackson,27,3,27,3,0,0,30,3,768,6,798,9,0,0,3,4,0,23,0,1,0
06-17-20,Jefferson,51,2,46,2,5,0,46,1,3188,13,3234,14,0,0,0,12,2,39,0,1,0
06-17-20,Johnson,27,1,27,1,0,0,25,1,2331,13,2356,14,0,0,1,7,0,20,0,1,0
06-17-20,Knox,591,18,582,18,9,0,644,11,26085,221,26729,232,0,5,-5,82,23,504,0,53,5
06-17-20,Lake,686,0,684,0,2,0,849,0,3623,2,4472,2,0,0,0,6,0,680,0,3,0
06-17-20,Lauderdale,70,1,68,1,2,0,88,1,3805,6,3893,7,0,1,1,7,0,62,0,9,1
06-17-20,Lawrence,72,4,72,4,0,0,75,11,2235,50,2310,61,0,2,2,30,2,40,0,7,2
06-17-20,Lewis,6,0,6,0,0,0,7,0,595,4,602,4,0,0,0,2,0,4,0,0,0
06-17-20,Lincoln,50,0,50,0,0,0,57,1,1843,45,1900,46,0,0,-1,16,1,34,0,4,0
06-17-20,Loudon,204,5,190,5,14,0,205,7,3083,18,3288,25,0,1,5,27,0,176,0,10,2
06-17-20,Macon,211,1,211,1,0,0,237,0,1826,15,2063,15,0,3,-3,19,4,189,0,14,3
06-17-20,Madison,181,0,181,0,0,0,217,0,6225,29,6442,29,0,2,-3,-3,3,182,0,21,2
06-17-20,Marion,49,0,48,0,1,0,56,0,1215,23,1271,23,0,2,0,4,0,43,0,14,3
06-17-20,Marshall,45,2,45,2,0,0,53,1,1389,19,1442,20,0,1,1,7,1,37,0,6,1
06-17-20,Maury,193,23,193,23,0,0,203,9,4099,29,4302,38,0,1,20,64,3,128,1,13,2
06-17-20,McMinn,177,1,177,1,0,0,208,3,3490,33,3698,36,0,15,-2,17,3,145,0,23,17
06-17-20,McNairy,34,2,34,2,0,0,37,0,1169,15,1206,15,0,0,1,11,1,23,0,2,0
06-17-20,Meigs,29,1,29,1,0,0,40,0,752,6,792,6,0,0,1,2,0,27,0,4,0
06-17-20,Monroe,101,0,93,0,8,0,108,0,1668,14,1776,14,0,4,-1,6,1,91,0,9,3
06-17-20,Montgomery,352,3,348,3,4,0,400,2,10606,36,11006,38,0,5,-5,25,8,322,0,30,7
06-17-20,Moore,6,0,6,0,0,0,7,0,450,0,457,0,0,0,0,0,0,6,0,0,0
06-17-20,Morgan,22,0,22,0,0,0,24,0,3508,2,3532,2,0,1,0,3,0,18,0,1,1
06-17-20,Obion,69,0,67,0,2,0,77,0,1911,6,1988,6,0,1,0,8,0,60,0,9,1
06-17-20,Out of State,330,2,330,2,0,0,355,2,73728,473,74083,475,0,7,-6,32,8,291,0,23,2
06-17-20,Overton,43,0,43,0,0,0,45,0,1760,8,1805,8,0,0,-2,-1,2,44,0,2,0
06-17-20,Pending,3,0,3,0,0,0,6,0,48339,208,48345,208,0,0,0,0,0,3,0,0,0
06-17-20,Perry,28,0,28,0,0,0,33,0,507,4,540,4,0,0,0,3,0,25,0,1,0
06-17-20,Pickett,4,0,4,0,0,0,4,0,429,4,433,4,0,0,0,0,0,4,0,0,0
06-17-20,Polk,35,2,34,2,1,0,39,2,800,13,839,15,0,0,1,7,1,28,0,3,0
06-17-20,Putnam,616,14,613,14,3,0,728,17,7432,250,8160,267,0,6,-2,71,16,539,0,17,7
06-17-20,Rhea,239,3,239,3,0,0,251,3,2166,29,2417,32,0,0,3,26,0,213,0,2,0
06-17-20,Roane,31,0,24,0,7,0,36,0,4657,26,4693,26,0,0,-1,4,1,27,0,4,0
06-17-20,Robertson,670,9,668,9,2,0,806,4,4825,18,5631,22,0,9,-1,61,10,600,0,54,11
06-17-20,Rutherford,1885,22,1879,22,6,0,2209,29,16171,87,18380,116,0,31,-30,261,52,1593,0,110,35
06-17-20,Scott,13,0,12,0,1,0,12,0,953,5,965,5,0,0,0,-1,0,14,0,0,0
06-17-20,Sequatchie,27,0,27,0,0,0,34,0,1164,14,1198,14,0,0,0,2,0,25,0,2,0
06-17-20,Sevier,344,36,321,33,23,3,325,27,6249,34,6574,61,1,3,13,167,22,174,0,15,3
06-17-20,Shelby,7204,76,7186,76,18,0,8609,87,96424,820,105033,907,-1,154,-76,1025,153,6025,10,766,171
06-17-20,Smith,43,0,41,0,2,0,49,0,1251,10,1300,10,0,1,0,4,0,38,0,3,1
06-17-20,Stewart,16,0,16,0,0,0,16,0,632,3,648,3,0,0,0,2,0,14,0,2,0
06-17-20,Sullivan,71,0,68,0,3,0,72,0,5832,44,5904,44,0,2,-1,4,1,65,0,7,2
06-17-20,Sumner,1134,8,1124,7,10,1,1443,9,10076,65,11519,74,0,48,-7,87,15,999,0,213,51
06-17-20,Tipton,549,9,545,9,4,0,580,6,6008,18,6588,24,1,4,6,49,2,496,0,28,4
06-17-20,Trousdale,1463,3,1460,3,3,0,1494,3,2134,18,3628,21,0,4,3,64,0,1395,0,14,5
06-17-20,Unicoi,52,0,52,0,0,0,57,0,1114,11,1171,11,0,0,-4,0,4,52,0,0,0
06-17-20,Union,8,0,8,0,0,0,8,0,830,6,838,6,0,0,-1,2,1,6,0,0,0
06-17-20,Van Buren,5,0,5,0,0,0,5,0,416,3,421,3,0,0,-1,0,1,5,0,1,0
06-17-20,Warren,34,0,34,0,0,0,35,0,2422,13,2457,13,0,0,-1,3,1,31,0,0,0
06-17-20,Washington,95,4,94,4,1,0,111,0,5367,63,5478,63,0,0,-1,10,5,85,0,6,0
06-17-20,Wayne,64,0,64,0,0,0,65,0,2399,7,2464,7,0,0,0,0,0,64,0,2,0
06-17-20,Weakley,40,1,40,1,0,0,41,1,1768,5,1809,6,0,0,1,6,0,34,0,2,0
06-17-20,White,54,0,52,0,2,0,62,0,2051,31,2113,31,0,2,-2,6,2,46,0,5,3
06-17-20,Williamson,721,7,717,7,4,0,823,10,12994,121,13817,131,0,12,-5,78,12,631,1,48,12
06-17-20,Wilson,570,18,567,18,3,0,670,10,8249,70,8919,80,0,14,7,57,11,499,1,49,15
06-16-20,Anderson,65,4,61,4,4,0,74,2,6284,58,6358,60,0,2,3,17,1,46,0,6,2
06-16-20,Bedford,403,11,403,11,0,0,442,5,3149,15,3591,20,0,4,4,84,7,315,0,18,5
06-16-20,Benton,8,0,8,0,0,0,9,0,959,5,968,5,0,1,0,-1,0,8,0,2,1
06-16-20,Bledsoe,619,0,619,0,0,0,630,0,3482,4,4112,4,0,1,0,2,0,616,0,6,1
06-16-20,Blount,113,7,109,7,4,0,130,6,5151,105,5281,111,0,3,7,10,0,100,1,7,3
06-16-20,Bradley,304,4,291,4,13,0,326,4,4347,33,4673,37,0,2,-10,78,14,224,0,24,3
06-16-20,Campbell,26,2,23,2,3,0,31,2,2288,16,2319,18,0,1,2,5,0,20,0,2,1
06-16-20,Cannon,23,0,23,0,0,0,36,0,794,18,830,18,0,0,0,0,0,23,0,4,0
06-16-20,Carroll,33,0,28,0,5,0,31,0,1708,13,1739,13,0,1,-1,-1,1,33,0,5,1
06-16-20,Carter,25,0,24,0,1,0,26,0,2276,16,2302,16,0,1,0,1,0,23,0,2,1
06-16-20,Cheatham,169,0,169,0,0,0,207,0,2369,25,2576,25,0,0,-2,10,2,159,0,12,0
06-16-20,Chester,16,2,16,2,0,0,17,1,805,6,822,7,0,0,2,1,0,15,1,2,0
06-16-20,Claiborne,14,0,14,0,0,0,16,0,1093,13,1109,13,0,0,0,2,0,12,0,1,0
06-16-20,Clay,14,1,14,1,0,0,14,1,588,4,602,5,0,0,0,3,1,11,0,0,0
06-16-20,Cocke,28,1,25,1,3,0,29,0,1582,21,1611,21,0,0,1,4,0,24,0,1,0
06-16-20,Coffee,95,2,94,2,1,0,112,2,3256,9,3368,11,0,0,0,11,2,84,0,5,0
06-16-20,Crockett,20,1,18,1,2,0,25,1,678,5,703,6,0,3,1,0,0,17,0,2,3
06-16-20,Cumberland,143,3,139,3,4,0,185,3,5657,47,5842,50,0,2,2,9,1,132,0,12,3
06-16-20,Davidson,7034,145,7027,145,7,0,8225,161,73129,904,81354,1065,2,90,33,862,110,6082,2,476,97
06-16-20,Decatur,14,0,14,0,0,0,16,0,679,1,695,1,0,0,0,8,0,6,0,1,0
06-16-20,Dekalb,41,0,41,0,0,0,50,0,1584,11,1634,11,0,0,-1,2,1,39,0,0,0
06-16-20,Dickson,142,2,142,2,0,0,189,2,2962,45,3151,47,0,0,0,14,2,128,0,13,0
06-16-20,Dyer,117,12,109,11,8,1,122,14,2174,23,2296,37,0,0,8,38,4,79,1,8,0
06-16-20,Fayette,192,5,191,5,1,0,247,6,4311,58,4558,64,0,2,3,32,2,158,2,23,3
06-16-20,Fentress,15,1,15,1,0,0,15,1,1134,35,1149,36,0,0,1,3,0,12,0,1,0
06-16-20,Franklin,64,0,62,0,2,0,76,0,2402,4,2478,4,0,2,0,6,0,56,0,7,2
06-16-20,Gibson,70,0,66,0,4,0,76,0,2791,21,2867,21,0,1,0,-1,0,70,0,5,1
06-16-20,Giles,24,1,24,1,0,0,30,0,1462,7,1492,7,0,0,-1,6,2,18,0,4,0
06-16-20,Grainger,23,1,21,1,2,0,30,0,1038,23,1068,23,0,0,1,6,0,17,0,4,0
06-16-20,Greene,54,1,52,1,2,0,60,1,3107,17,3167,18,0,2,1,1,0,51,0,8,2
06-16-20,Grundy,35,1,35,1,0,0,42,1,618,1,660,2,0,1,1,6,0,28,0,10,1
06-16-20,Hamblen,94,16,85,16,9,0,88,12,3994,81,4082,93,0,3,12,32,4,59,0,13,4
06-16-20,Hamilton,1813,50,1808,50,5,0,1885,51,25076,616,26961,667,1,21,15,371,34,1421,1,96,23
06-16-20,Hancock,1,0,1,0,0,0,1,0,296,1,297,1,0,0,0,0,0,1,0,0,0
06-16-20,Hardeman,230,2,230,2,0,0,241,6,5594,11,5835,17,0,0,-1,14,3,216,0,11,1
06-16-20,Hardin,46,6,46,6,0,0,52,8,2233,17,2285,25,1,5,4,13,1,28,1,8,5
06-16-20,Hawkins,37,3,37,3,0,0,48,0,2465,16,2513,16,0,2,3,2,0,33,0,6,2
06-16-20,Haywood,41,3,40,3,1,0,42,2,1186,16,1228,18,0,2,2,3,1,36,3,9,2
06-16-20,Henderson,18,0,18,0,0,0,22,0,1374,8,1396,8,0,0,0,5,0,13,0,0,0
06-16-20,Henry,35,1,35,1,0,0,45,1,2063,31,2108,32,0,0,1,3,0,32,1,6,0
06-16-20,Hickman,61,1,61,1,0,0,86,1,1332,11,1418,12,0,0,1,1,0,60,0,2,0
06-16-20,Houston,11,0,11,0,0,0,15,0,630,4,645,4,0,0,0,2,0,9,0,5,0
06-16-20,Humphreys,18,0,17,0,1,0,22,0,1052,13,1074,13,0,1,-1,0,1,17,0,1,1
06-16-20,Jackson,24,0,24,0,0,0,27,0,762,2,789,2,0,0,-1,1,1,23,0,1,0
06-16-20,Jefferson,49,2,44,2,5,0,45,1,3175,39,3220,40,0,0,1,12,1,37,0,1,0
06-16-20,Johnson,26,0,26,0,0,0,24,0,2318,3,2342,3,0,0,-1,6,1,20,0,1,0
06-16-20,Knox,573,9,564,8,9,1,633,9,25864,156,26497,165,0,5,-2,87,11,481,0,53,5
06-16-20,Lake,686,0,684,0,2,0,849,0,3621,2,4470,2,0,0,0,6,0,680,0,3,0
06-16-20,Lauderdale,69,1,67,1,2,0,87,1,3799,15,3886,16,0,1,1,6,0,62,0,9,1
06-16-20,Lawrence,68,2,68,2,0,0,64,0,2185,26,2249,26,1,2,-3,28,4,38,0,7,2
06-16-20,Lewis,6,0,6,0,0,0,7,0,591,3,598,3,0,0,0,2,0,4,0,0,0
06-16-20,Lincoln,50,2,50,2,0,0,56,0,1798,39,1854,39,0,0,2,17,0,33,0,4,0
06-16-20,Loudon,199,6,185,6,14,0,198,6,3065,12,3263,18,0,1,3,22,3,176,0,10,2
06-16-20,Macon,210,0,210,0,0,0,237,1,1811,10,2048,11,0,3,-4,22,4,185,0,14,3
06-16-20,Madison,181,0,181,0,0,0,217,1,6196,27,6413,28,0,2,-1,0,1,179,0,21,2
06-16-20,Marion,49,0,48,0,1,0,56,0,1192,7,1248,7,0,2,-1,4,1,43,0,14,3
06-16-20,Marshall,43,0,43,0,0,0,52,0,1370,6,1422,6,0,1,-1,6,1,36,0,6,1
06-16-20,Maury,170,2,170,2,0,0,194,5,4070,32,4264,37,0,1,-2,44,4,125,0,12,2
06-16-20,McMinn,176,0,176,0,0,0,205,1,3457,12,3662,13,1,15,-2,19,1,142,0,23,17
06-16-20,McNairy,32,2,32,2,0,0,37,2,1154,7,1191,9,0,0,0,10,2,22,0,2,0
06-16-20,Meigs,28,0,28,0,0,0,40,0,746,7,786,7,0,0,0,1,0,27,0,4,0
06-16-20,Monroe,101,5,93,5,8,0,108,4,1654,15,1762,19,0,4,5,7,0,90,1,9,3
06-16-20,Montgomery,349,1,345,1,4,0,398,2,10570,105,10968,107,0,5,-5,30,6,314,0,30,7
06-16-20,Moore,6,0,6,0,0,0,7,0,450,2,457,2,0,0,0,0,0,6,0,0,0
06-16-20,Morgan,22,2,22,2,0,0,24,2,3506,15,3530,17,1,1,1,3,0,18,0,1,1
06-16-20,Obion,69,3,67,3,2,0,77,5,1905,30,1982,35,0,1,1,8,2,60,0,9,1
06-16-20,Out of State,328,10,328,10,0,0,353,11,73255,936,73608,947,-1,7,9,38,2,283,0,23,2
06-16-20,Overton,43,0,43,0,0,0,45,1,1752,19,1797,20,0,0,-3,1,3,42,0,2,0
06-16-20,Pending,3,0,3,0,0,0,6,0,48131,516,48137,516,0,0,0,0,0,3,0,0,0
06-16-20,Perry,28,0,28,0,0,0,33,0,503,0,536,0,0,0,0,3,0,25,0,1,0
06-16-20,Pickett,4,0,4,0,0,0,4,0,425,3,429,3,0,0,0,0,0,4,0,0,0
06-16-20,Polk,33,1,32,1,1,0,37,1,787,3,824,4,0,0,1,6,0,27,0,3,0
06-16-20,Putnam,602,3,599,3,3,0,711,4,7182,12,7893,16,0,6,-5,73,8,523,0,17,6
06-16-20,Rhea,236,1,236,1,0,0,248,1,2137,10,2385,11,0,0,1,23,0,213,0,2,0
06-16-20,Roane,31,0,24,0,7,0,36,1,4631,67,4667,68,0,0,0,5,0,26,0,4,0
06-16-20,Robertson,661,4,659,4,2,0,802,14,4807,71,5609,85,0,9,-3,62,7,590,0,54,11
06-16-20,Rutherford,1863,58,1857,58,6,0,2180,55,16084,186,18264,241,1,31,19,291,38,1541,0,110,34
06-16-20,Scott,13,0,12,0,1,0,12,0,948,7,960,7,0,0,0,-1,0,14,0,0,0
06-16-20,Sequatchie,27,0,27,0,0,0,34,0,1150,5,1184,5,0,0,0,2,0,25,0,2,0
06-16-20,Sevier,308,33,288,32,20,1,298,32,6215,100,6513,132,0,2,21,154,12,152,1,15,3
06-16-20,Shelby,7128,133,7110,133,18,0,8522,143,95604,1250,104126,1393,2,155,10,1101,121,5872,18,756,169
06-16-20,Smith,43,2,41,2,2,0,49,3,1241,33,1290,36,0,1,2,4,0,38,0,3,1
06-16-20,Stewart,16,0,16,0,0,0,16,0,629,3,645,3,0,0,0,2,0,14,0,2,0
06-16-20,Sullivan,71,0,68,0,3,0,72,0,5788,73,5860,73,0,2,0,5,0,64,0,7,2
06-16-20,Sumner,1126,6,1117,6,9,0,1434,13,10011,62,11445,75,0,48,-8,94,14,984,1,213,50
06-16-20,Tipton,540,8,536,8,4,0,574,10,5990,94,6564,104,0,3,3,43,5,494,3,28,4
06-16-20,Trousdale,1460,0,1457,0,3,0,1491,0,2116,7,3607,7,0,4,-1,61,1,1395,0,14,4
06-16-20,Unicoi,52,0,52,0,0,0,57,0,1103,2,1160,2,0,0,0,4,0,48,0,0,0
06-16-20,Union,8,0,8,0,0,0,8,0,824,4,832,4,0,0,-1,3,1,5,0,0,0
06-16-20,Van Buren,5,0,5,0,0,0,5,0,413,3,418,3,0,0,0,1,0,4,0,1,0
06-16-20,Warren,34,2,34,2,0,0,35,2,2409,51,2444,53,0,0,2,4,0,30,0,0,0
06-16-20,Washington,91,3,90,3,1,0,111,0,5304,48,5415,48,0,0,1,11,2,80,0,6,0
06-16-20,Wayne,64,0,64,0,0,0,65,0,2392,1,2457,1,0,0,0,0,0,64,0,2,0
06-16-20,Weakley,39,4,39,4,0,0,40,4,1763,20,1803,24,0,0,4,5,0,34,0,2,0
06-16-20,White,54,1,52,1,2,0,62,1,2020,25,2082,26,0,2,0,8,1,44,0,5,3
06-16-20,Williamson,714,15,710,15,4,0,813,15,12873,162,13686,177,0,12,7,83,8,619,0,47,12
06-16-20,Wilson,552,4,549,4,3,0,660,5,8179,61,8839,66,1,14,-1,50,4,488,0,48,14
06-15-20,Anderson,61,0,57,0,4,0,72,1,6226,54,6298,55,0,2,0,14,0,45,0,6,2
06-15-20,Bedford,392,13,392,13,0,0,437,10,3134,50,3571,60,0,4,5,80,8,308,2,18,5
06-15-20,Benton,8,0,8,0,0,0,9,0,954,11,963,11,0,1,-1,-1,1,8,0,2,1
06-15-20,Bledsoe,619,0,619,0,0,0,630,0,3478,18,4108,18,0,1,-1,2,1,616,0,6,1
06-15-20,Blount,106,2,102,2,4,0,124,0,5046,64,5170,64,0,3,1,3,1,100,0,6,3
06-15-20,Bradley,300,17,287,17,13,0,322,21,4314,77,4636,98,0,2,4,88,13,210,0,24,3
06-15-20,Campbell,24,0,21,0,3,0,29,0,2272,13,2301,13,0,1,0,3,0,20,0,2,1
06-15-20,Cannon,23,0,23,0,0,0,36,0,776,13,812,13,0,0,-1,0,1,23,0,4,0
06-15-20,Carroll,33,0,28,0,5,0,31,1,1695,6,1726,7,0,1,0,0,0,32,0,5,1
06-15-20,Carter,25,2,24,2,1,0,26,0,2260,29,2286,29,0,1,2,1,0,23,0,2,1
06-15-20,Cheatham,169,2,169,2,0,0,207,2,2344,59,2551,61,0,0,-2,12,4,157,0,12,0
06-15-20,Chester,14,0,14,0,0,0,16,0,799,4,815,4,0,0,0,-1,0,15,0,1,0
06-15-20,Claiborne,14,0,14,0,0,0,16,0,1080,23,1096,23,0,0,0,2,0,12,0,1,0
06-15-20,Clay,13,0,13,0,0,0,13,0,584,3,597,3,0,0,0,3,0,10,0,0,0
06-15-20,Cocke,27,1,24,1,3,0,29,0,1561,17,1590,17,0,0,0,3,1,24,0,1,0
06-15-20,Coffee,93,1,92,1,1,0,110,3,3247,29,3357,32,0,0,-1,11,2,82,0,5,0
06-15-20,Crockett,19,0,17,0,2,0,24,0,673,2,697,2,0,3,0,-1,0,17,0,2,3
06-15-20,Cumberland,140,2,136,2,4,0,182,2,5610,70,5792,72,0,2,-2,7,4,131,0,12,3
06-15-20,Davidson,6889,139,6882,139,7,0,8064,176,72225,1075,80289,1251,4,88,-41,829,176,5972,10,474,97
06-15-20,Decatur,14,0,14,0,0,0,16,0,678,3,694,3,0,0,-1,8,1,6,0,1,0
06-15-20,Dekalb,41,0,41,0,0,0,50,1,1573,21,1623,22,0,0,0,3,0,38,0,0,0
06-15-20,Dickson,140,2,140,2,0,0,187,3,2917,41,3104,44,0,0,2,14,0,126,0,13,0
06-15-20,Dyer,105,4,98,4,7,0,108,3,2151,37,2259,40,0,0,-4,30,8,75,0,7,0
06-15-20,Fayette,187,5,186,5,1,0,241,3,4253,43,4494,46,0,2,2,29,3,156,0,21,3
06-15-20,Fentress,14,0,14,0,0,0,14,0,1099,8,1113,8,0,0,0,2,0,12,0,1,0
06-15-20,Franklin,64,0,62,0,2,0,76,0,2398,14,2474,14,0,2,-1,6,1,56,0,7,2
06-15-20,Gibson,70,0,66,0,4,0,76,0,2770,15,2846,15,0,1,0,-1,0,70,0,5,1
06-15-20,Giles,23,0,23,0,0,0,30,0,1455,20,1485,20,0,0,-2,7,2,16,0,4,0
06-15-20,Grainger,22,1,20,1,2,0,30,2,1015,14,1045,16,0,0,1,5,0,17,0,4,0
06-15-20,Greene,53,1,51,0,2,1,59,0,3090,33,3149,33,0,2,1,0,0,51,0,8,2
06-15-20,Grundy,34,2,34,2,0,0,41,2,617,39,658,41,0,1,2,5,0,28,0,10,1
06-15-20,Hamblen,78,2,69,2,9,0,76,1,3913,20,3989,21,0,3,1,20,1,55,0,13,3
06-15-20,Hamilton,1763,105,1758,104,5,1,1834,106,24460,1632,26294,1738,0,20,54,356,51,1387,7,95,22
06-15-20,Hancock,1,0,1,0,0,0,1,0,295,4,296,4,0,0,0,0,0,1,0,0,0
06-15-20,Hardeman,228,3,228,3,0,0,235,2,5583,18,5818,20,0,0,2,15,1,213,0,11,1
06-15-20,Hardin,40,0,40,0,0,0,44,1,2216,15,2260,16,0,4,-1,9,1,27,0,7,5
06-15-20,Hawkins,34,0,34,0,0,0,48,0,2449,40,2497,40,0,2,0,-1,0,33,0,6,2
06-15-20,Haywood,38,0,37,0,1,0,40,0,1170,12,1210,12,0,2,0,1,0,35,0,6,2
06-15-20,Henderson,18,0,18,0,0,0,22,0,1366,10,1388,10,0,0,0,5,0,13,0,0,0
06-15-20,Henry,34,0,34,0,0,0,44,0,2032,15,2076,15,0,0,0,2,0,32,0,5,0
06-15-20,Hickman,60,0,60,0,0,0,85,0,1321,10,1406,10,0,0,-1,0,1,60,0,2,0
06-15-20,Houston,11,0,11,0,0,0,15,0,626,6,641,6,0,0,0,2,0,9,0,5,0
06-15-20,Humphreys,18,0,17,0,1,0,22,0,1039,13,1061,13,0,1,0,1,0,16,0,1,1
06-15-20,Jackson,24,0,24,0,0,0,27,0,760,1,787,1,0,0,0,2,0,22,0,1,0
06-15-20,Jefferson,47,3,42,3,5,0,44,3,3136,19,3180,22,0,0,2,11,1,36,0,1,0
06-15-20,Johnson,26,0,26,0,0,0,24,0,2315,177,2339,177,0,0,0,7,0,19,0,1,0
06-15-20,Knox,564,8,556,8,8,0,624,9,25708,212,26332,221,0,5,-4,89,12,470,0,53,5
06-15-20,Lake,686,0,684,0,2,0,849,0,3619,1,4468,1,0,0,0,6,0,680,0,3,0
06-15-20,Lauderdale,68,2,66,1,2,1,86,1,3784,23,3870,24,0,1,2,5,0,62,0,9,1
06-15-20,Lawrence,66,6,66,6,0,0,64,2,2159,42,2223,44,0,1,6,31,0,34,0,7,2
06-15-20,Lewis,6,0,6,0,0,0,7,0,588,6,595,6,0,0,0,2,0,4,0,0,0
06-15-20,Lincoln,48,0,48,0,0,0,56,3,1759,94,1815,97,0,0,-1,15,1,33,0,4,0
06-15-20,Loudon,193,3,179,3,14,0,192,2,3053,15,3245,17,0,1,0,19,3,173,0,10,2
06-15-20,Macon,210,5,210,5,0,0,236,4,1801,25,2037,29,0,3,-6,26,11,181,0,14,3
06-15-20,Madison,181,0,181,0,0,0,216,0,6169,35,6385,35,0,2,-2,1,2,178,0,21,2
06-15-20,Marion,49,0,48,0,1,0,56,0,1185,41,1241,41,0,2,0,5,0,42,0,14,2
06-15-20,Marshall,43,1,43,1,0,0,52,1,1364,21,1416,22,0,1,1,7,0,35,0,6,1
06-15-20,Maury,168,12,168,12,0,0,189,10,4038,41,4227,51,0,1,7,46,5,121,1,12,1
06-15-20,McMinn,176,0,176,0,0,0,204,0,3445,26,3649,26,0,14,0,21,0,141,0,23,17
06-15-20,McNairy,30,0,30,0,0,0,35,1,1147,7,1182,8,0,0,-1,10,1,20,0,2,0
06-15-20,Meigs,28,0,28,0,0,0,40,1,739,7,779,8,0,0,0,1,0,27,0,4,0
06-15-20,Monroe,96,1,88,1,8,0,104,3,1639,8,1743,11,0,4,0,2,1,90,0,8,3
06-15-20,Montgomery,348,8,344,8,4,0,396,8,10465,140,10861,148,0,5,-2,35,10,308,0,30,7
06-15-20,Moore,6,0,6,0,0,0,7,0,448,3,455,3,0,0,-1,0,1,6,0,0,0
06-15-20,Morgan,20,0,20,0,0,0,22,0,3491,9,3513,9,0,0,0,2,0,18,0,1,1
06-15-20,Obion,66,1,64,1,2,0,72,2,1875,12,1947,14,0,1,-2,7,3,58,0,9,1
06-15-20,Out of State,318,2,318,2,0,0,342,3,72319,858,72661,861,0,8,-2,29,4,281,0,23,2
06-15-20,Overton,43,1,43,1,0,0,44,1,1733,20,1777,21,0,0,1,4,0,39,0,2,0
06-15-20,Pending,3,0,3,0,0,0,6,0,47615,613,47621,613,0,0,0,0,0,3,0,0,0
06-15-20,Perry,28,0,28,0,0,0,33,2,503,2,536,4,0,0,0,3,0,25,0,1,0
06-15-20,Pickett,4,0,4,0,0,0,4,0,422,7,426,7,0,0,0,0,0,4,0,0,0
06-15-20,Polk,32,0,31,0,1,0,36,0,784,9,820,9,0,0,-3,5,3,27,0,3,0
06-15-20,Putnam,599,1,596,1,3,0,707,2,7170,28,7877,30,0,6,-12,78,13,515,1,17,6
06-15-20,Rhea,235,1,235,1,0,0,247,2,2127,43,2374,45,0,0,-2,22,3,213,0,2,0
06-15-20,Roane,31,0,24,0,7,0,35,0,4564,27,4599,27,0,0,0,5,0,26,0,4,0
06-15-20,Robertson,657,13,655,13,2,0,788,18,4736,101,5524,119,0,9,-2,65,15,583,1,54,11
06-15-20,Rutherford,1805,55,1799,55,6,0,2125,69,15898,326,18023,395,0,30,-2,272,57,1503,2,110,34
06-15-20,Scott,13,0,12,0,1,0,12,0,941,1,953,1,0,0,-1,-1,1,14,0,0,0
06-15-20,Sequatchie,27,0,27,0,0,0,34,1,1145,22,1179,23,0,0,0,2,0,25,0,2,0
06-15-20,Sevier,275,33,256,25,19,8,266,20,6115,50,6381,70,0,2,13,133,20,140,1,14,3
06-15-20,Shelby,6995,191,6977,191,18,0,8379,239,94354,1807,102733,2046,2,153,26,1091,163,5751,9,738,167
06-15-20,Smith,41,0,39,0,2,0,46,0,1208,9,1254,9,0,1,-1,2,1,38,0,3,1
06-15-20,Stewart,16,0,16,0,0,0,16,0,626,6,642,6,0,0,0,2,0,14,0,2,0
06-15-20,Sullivan,71,0,68,0,3,0,72,0,5715,54,5787,54,0,2,-2,5,2,64,0,7,2
06-15-20,Sumner,1120,14,1111,14,9,0,1421,17,9949,109,11370,126,0,48,-5,102,19,970,1,212,50
06-15-20,Tipton,532,6,528,6,4,0,564,7,5896,89,6460,96,0,3,-1,40,7,489,0,25,4
06-15-20,Trousdale,1460,2,1457,2,3,0,1491,1,2109,9,3600,10,0,4,1,62,1,1394,0,14,4
06-15-20,Unicoi,52,0,52,0,0,0,57,0,1101,134,1158,134,0,0,-5,4,5,48,0,0,0
06-15-20,Union,8,0,8,0,0,0,8,0,820,110,828,110,0,0,0,4,0,4,0,0,0
06-15-20,Van Buren,5,1,5,1,0,0,5,1,410,6,415,7,0,0,1,1,0,4,0,1,0
06-15-20,Warren,32,0,32,0,0,0,33,0,2358,24,2391,24,0,0,-2,2,2,30,0,0,0
06-15-20,Washington,88,1,87,0,1,1,111,2,5256,76,5367,78,0,0,0,10,1,78,0,6,0
06-15-20,Wayne,64,0,64,0,0,0,65,0,2391,6,2456,6,0,0,0,0,0,64,0,2,0
06-15-20,Weakley,35,1,35,1,0,0,36,1,1743,22,1779,23,0,0,-2,1,3,34,0,2,0
06-15-20,White,53,0,51,0,2,0,61,0,1995,33,2056,33,1,2,-4,8,3,43,0,5,3
06-15-20,Williamson,699,19,695,18,4,1,798,20,12711,304,13509,324,0,12,4,76,15,611,1,47,12
06-15-20,Wilson,548,17,545,17,3,0,655,11,8118,117,8773,128,1,13,3,51,13,484,1,48,14
06-14-20,Anderson,61,2,57,1,4,1,71,0,6172,180,6243,180,0,2,1,14,1,45,1,6,2
06-14-20,Bedford,379,0,379,0,0,0,427,6,3084,41,3511,47,0,4,0,75,0,300,0,16,5
06-14-20,Benton,8,0,8,0,0,0,9,0,943,9,952,9,0,1,0,0,0,7,0,2,1
06-14-20,Bledsoe,619,0,619,0,0,0,630,0,3460,18,4090,18,0,1,0,3,0,615,0,6,1
06-14-20,Blount,104,0,100,0,4,0,124,0,4982,169,5106,169,0,3,0,2,0,99,0,6,3
06-14-20,Bradley,283,4,270,3,13,1,301,9,4237,141,4538,150,0,2,-2,84,6,197,0,24,2
06-14-20,Campbell,24,0,21,0,3,0,29,0,2259,78,2288,78,0,1,0,3,0,20,0,2,1
06-14-20,Cannon,23,0,23,0,0,0,36,1,763,8,799,9,0,0,0,1,0,22,0,4,0
06-14-20,Carroll,33,0,28,0,5,0,30,0,1689,26,1719,26,0,1,0,0,0,32,0,5,1
06-14-20,Carter,23,0,22,0,1,0,26,0,2231,59,2257,59,0,1,0,-1,0,23,0,2,1
06-14-20,Cheatham,167,1,167,1,0,0,205,1,2285,100,2490,101,0,0,0,14,1,153,0,12,0
06-14-20,Chester,14,0,14,0,0,0,16,0,795,6,811,6,0,0,0,-1,0,15,0,1,0
06-14-20,Claiborne,14,0,14,0,0,0,16,0,1057,50,1073,50,0,0,0,2,0,12,0,1,0
06-14-20,Clay,13,1,13,1,0,0,13,1,581,7,594,8,0,0,1,3,0,10,0,0,0
06-14-20,Cocke,26,0,23,0,3,0,29,0,1544,27,1573,27,0,0,0,3,0,23,0,1,0
06-14-20,Coffee,92,0,91,0,1,0,107,3,3218,61,3325,64,0,0,-2,12,2,80,0,5,0
06-14-20,Crockett,19,0,17,0,2,0,24,0,671,6,695,6,0,3,-2,-1,2,17,0,2,3
06-14-20,Cumberland,138,0,134,0,4,0,180,2,5540,55,5720,57,0,2,-1,9,1,127,0,12,3
06-14-20,Davidson,6750,153,6743,153,7,0,7888,187,71150,1918,79038,2105,0,84,76,870,77,5796,6,464,96
06-14-20,Decatur,14,0,14,0,0,0,16,0,675,6,691,6,0,0,0,9,0,5,0,1,0
06-14-20,Dekalb,41,0,41,0,0,0,49,0,1552,13,1601,13,0,0,0,3,0,38,0,0,0
06-14-20,Dickson,138,1,138,1,0,0,184,3,2876,116,3060,119,0,0,1,12,0,126,0,13,0
06-14-20,Dyer,101,7,94,5,7,2,105,3,2114,22,2219,25,0,0,5,34,2,67,0,7,0
06-14-20,Fayette,182,8,181,8,1,0,238,6,4210,64,4448,70,0,2,7,27,1,153,0,21,3
06-14-20,Fentress,14,0,14,0,0,0,14,0,1091,31,1105,31,0,0,0,2,0,12,0,1,0
06-14-20,Franklin,64,1,62,1,2,0,76,1,2384,35,2460,36,0,2,0,7,1,55,0,7,2
06-14-20,Gibson,70,1,66,1,4,0,76,0,2755,24,2831,24,0,1,1,-1,0,70,0,5,1
06-14-20,Giles,23,0,23,0,0,0,30,2,1435,47,1465,49,0,0,0,9,0,14,0,4,0
06-14-20,Grainger,21,1,19,1,2,0,28,1,1001,35,1029,36,0,0,1,4,0,17,0,4,0
06-14-20,Greene,52,0,51,0,1,0,59,0,3057,204,3116,204,0,2,0,-1,0,51,0,8,2
06-14-20,Grundy,32,1,32,1,0,0,39,1,578,15,617,16,0,1,1,3,0,28,0,10,1
06-14-20,Hamblen,76,1,67,1,9,0,75,1,3893,66,3968,67,0,3,-1,19,2,54,0,13,3
06-14-20,Hamilton,1658,83,1654,83,4,0,1728,89,22828,1242,24556,1331,0,20,33,302,50,1336,2,88,21
06-14-20,Hancock,1,0,1,0,0,0,1,0,291,7,292,7,0,0,0,0,0,1,0,0,0
06-14-20,Hardeman,225,4,225,4,0,0,233,1,5565,14,5798,15,0,0,4,13,0,212,0,11,1
06-14-20,Hardin,40,5,40,5,0,0,43,2,2201,6,2244,8,1,4,4,10,0,26,0,7,4
06-14-20,Hawkins,34,0,34,0,0,0,48,0,2409,40,2457,40,0,2,0,-1,0,33,0,6,2
06-14-20,Haywood,38,0,37,0,1,0,40,0,1158,12,1198,12,0,2,0,1,0,35,0,6,2
06-14-20,Henderson,18,1,18,1,0,0,22,1,1356,16,1378,17,0,0,1,5,0,13,0,0,0
06-14-20,Henry,34,0,34,0,0,0,44,0,2017,21,2061,21,0,0,0,2,0,32,0,5,0
06-14-20,Hickman,60,0,60,0,0,0,85,0,1311,21,1396,21,0,0,-1,1,1,59,0,2,0
06-14-20,Houston,11,0,11,0,0,0,15,0,620,13,635,13,0,0,0,2,0,9,0,5,0
06-14-20,Humphreys,18,0,17,0,1,0,22,1,1026,14,1048,15,0,1,0,1,0,16,0,1,1
06-14-20,Jackson,24,0,24,0,0,0,27,0,759,11,786,11,0,0,0,2,0,22,0,1,0
06-14-20,Jefferson,44,1,39,1,5,0,41,2,3117,52,3158,54,0,0,1,9,0,35,0,1,0
06-14-20,Johnson,26,1,26,1,0,0,24,0,2138,10,2162,10,0,0,0,7,1,19,0,1,0
06-14-20,Knox,556,8,548,8,8,0,615,9,25496,609,26111,618,0,5,4,93,4,458,0,53,5
06-14-20,Lake,686,0,684,0,2,0,849,0,3618,7,4467,7,0,0,0,6,0,680,0,3,0
06-14-20,Lauderdale,66,3,65,3,1,0,85,2,3761,12,3846,14,0,1,3,3,0,62,1,9,1
06-14-20,Lawrence,60,0,60,0,0,0,62,5,2117,71,2179,76,0,1,0,25,0,34,0,7,1
06-14-20,Lewis,6,1,6,1,0,0,7,1,582,10,589,11,0,0,1,2,0,4,0,0,0
06-14-20,Lincoln,48,0,48,0,0,0,53,6,1665,53,1718,59,0,0,-1,16,1,32,0,4,0
06-14-20,Loudon,190,0,176,0,14,0,190,1,3038,105,3228,106,0,1,-6,19,6,170,0,10,2
06-14-20,Macon,205,0,205,0,0,0,232,0,1776,21,2008,21,0,3,-1,32,1,170,0,14,3
06-14-20,Madison,181,1,181,1,0,0,216,2,6134,76,6350,78,0,2,1,3,0,176,0,21,2
06-14-20,Marion,49,0,48,0,1,0,56,0,1144,26,1200,26,0,2,0,5,0,42,0,14,2
06-14-20,Marshall,42,0,42,0,0,0,51,0,1343,25,1394,25,0,1,0,6,0,35,0,6,1
06-14-20,Maury,156,7,156,7,0,0,179,11,3997,49,4176,60,0,1,6,39,1,116,0,11,1
06-14-20,McMinn,176,4,176,4,0,0,204,4,3419,49,3623,53,0,14,0,21,4,141,0,23,16
06-14-20,McNairy,30,4,30,4,0,0,34,2,1140,9,1174,11,0,0,3,11,1,19,0,2,0
06-14-20,Meigs,28,0,28,0,0,0,39,0,732,11,771,11,0,0,-1,1,1,27,0,4,0
06-14-20,Monroe,95,0,87,0,8,0,101,0,1631,30,1732,30,0,4,0,2,0,89,0,8,3
06-14-20,Montgomery,340,1,336,1,4,0,388,2,10325,121,10713,123,0,5,-6,37,7,298,0,30,7
06-14-20,Moore,6,0,6,0,0,0,7,0,445,12,452,12,0,0,0,1,0,5,0,0,0
06-14-20,Morgan,20,1,20,1,0,0,22,1,3482,20,3504,21,0,0,1,2,0,18,1,1,0
06-14-20,Obion,65,2,63,2,2,0,70,1,1863,40,1933,41,0,1,0,9,2,55,0,9,1
06-14-20,Out of State,316,10,316,10,0,0,339,9,71461,1359,71800,1368,1,8,8,31,1,277,0,23,2
06-14-20,Overton,42,0,42,0,0,0,43,0,1713,20,1756,20,0,0,0,3,0,39,0,2,0
06-14-20,Pending,3,0,3,0,0,0,6,0,47002,827,47008,827,0,0,0,0,0,3,0,0,0
06-14-20,Perry,28,0,28,0,0,0,31,1,501,7,532,8,0,0,0,3,0,25,0,1,0
06-14-20,Pickett,4,0,4,0,0,0,4,0,415,4,419,4,0,0,0,0,0,4,0,0,0
06-14-20,Polk,32,0,31,0,1,0,36,1,775,11,811,12,0,0,0,8,0,24,0,3,0
06-14-20,Putnam,598,20,595,20,3,0,705,22,7142,170,7847,192,0,6,15,90,5,502,0,16,6
06-14-20,Rhea,234,4,234,4,0,0,245,7,2084,54,2329,61,0,0,3,24,1,210,0,2,0
06-14-20,Roane,31,0,24,0,7,0,35,0,4537,74,4572,74,0,0,0,5,0,26,0,4,0
06-14-20,Robertson,644,16,642,16,2,0,770,15,4635,41,5405,56,1,9,10,67,5,568,0,53,11
06-14-20,Rutherford,1750,25,1744,25,6,0,2056,39,15572,231,17628,270,0,30,0,274,25,1446,2,108,33
06-14-20,Scott,13,0,12,0,1,0,12,0,940,10,952,10,0,0,0,0,0,13,0,0,0
06-14-20,Sequatchie,27,0,27,0,0,0,33,0,1123,15,1156,15,0,0,-2,2,2,25,0,2,0
06-14-20,Sevier,242,7,231,7,11,0,246,9,6065,58,6311,67,0,2,0,120,7,120,0,13,2
06-14-20,Shelby,6804,175,6786,175,18,0,8140,219,92547,2546,100687,2765,0,151,88,1065,87,5588,12,729,162
06-14-20,Smith,41,1,39,1,2,0,46,1,1199,19,1245,20,0,1,1,3,0,37,1,3,1
06-14-20,Stewart,16,2,16,2,0,0,16,2,620,11,636,13,0,0,2,2,0,14,0,2,0
06-14-20,Sullivan,71,0,68,0,3,0,72,0,5661,95,5733,95,0,2,0,7,0,62,0,7,2
06-14-20,Sumner,1106,13,1097,13,9,0,1404,14,9840,214,11244,228,0,48,7,107,6,951,0,211,50
06-14-20,Tipton,526,11,522,10,4,1,557,11,5807,82,6364,93,0,3,4,41,7,482,0,25,4
06-14-20,Trousdale,1458,0,1455,0,3,0,1490,0,2100,18,3590,18,0,4,0,61,0,1393,0,14,4
06-14-20,Unicoi,52,0,52,0,0,0,57,0,967,11,1024,11,0,0,-2,9,2,43,0,0,0
06-14-20,Union,8,0,8,0,0,0,8,0,710,30,718,30,0,0,0,4,0,4,0,0,0
06-14-20,Van Buren,4,0,4,0,0,0,4,0,404,5,408,5,0,0,0,0,0,4,0,1,0
06-14-20,Warren,32,0,32,0,0,0,33,0,2334,35,2367,35,0,0,-1,4,1,28,0,0,0
06-14-20,Washington,87,0,87,0,0,0,109,0,5180,200,5289,200,0,0,0,10,0,77,0,6,0
06-14-20,Wayne,64,0,64,0,0,0,65,0,2385,3,2450,3,0,0,0,0,0,64,0,2,0
06-14-20,Weakley,34,0,34,0,0,0,35,0,1721,22,1756,22,0,0,0,3,0,31,0,2,0
06-14-20,White,53,1,51,1,2,0,61,2,1962,35,2023,37,0,1,1,12,0,40,0,5,3
06-14-20,Williamson,680,8,677,8,3,0,778,11,12407,240,13185,251,0,12,-2,72,10,596,0,46,12
06-14-20,Wilson,531,5,528,5,3,0,644,5,8001,120,8645,125,0,12,-6,48,11,471,0,47,13
06-13-20,Anderson,59,1,56,0,3,1,71,0,5992,41,6063,41,0,2,0,13,1,44,0,5,2
06-13-20,Bedford,379,0,379,0,0,0,421,29,3043,226,3464,255,0,4,-1,75,1,300,0,16,5
06-13-20,Benton,8,0,8,0,0,0,9,0,934,5,943,5,0,1,0,0,0,7,0,2,1
06-13-20,Bledsoe,619,0,619,0,0,0,630,0,3442,9,4072,9,0,1,0,3,0,615,0,6,1
06-13-20,Blount,104,1,100,1,4,0,124,2,4813,162,4937,164,0,3,0,2,1,99,0,6,3
06-13-20,Bradley,279,11,267,10,12,1,292,11,4096,136,4388,147,0,2,2,86,9,191,0,24,2
06-13-20,Campbell,24,0,21,0,3,0,29,0,2181,23,2210,23,0,1,0,3,0,20,0,2,1
06-13-20,Cannon,23,0,23,0,0,0,35,0,755,11,790,11,0,0,-1,1,1,22,0,4,0
06-13-20,Carroll,33,1,28,1,5,0,30,0,1663,12,1693,12,0,1,1,0,0,32,0,5,1
06-13-20,Carter,23,0,22,0,1,0,26,0,2172,30,2198,30,0,1,0,-1,0,23,0,2,1
06-13-20,Cheatham,166,0,166,0,0,0,204,1,2185,17,2389,18,0,0,-2,14,2,152,0,12,0
06-13-20,Chester,14,0,14,0,0,0,16,0,789,5,805,5,0,0,0,-1,0,15,0,1,0
06-13-20,Claiborne,14,0,14,0,0,0,16,0,1007,5,1023,5,0,0,0,2,0,12,0,1,0
06-13-20,Clay,12,0,12,0,0,0,12,0,574,3,586,3,0,0,0,2,0,10,0,0,0
06-13-20,Cocke,26,0,23,0,3,0,29,0,1517,11,1546,11,0,0,0,3,0,23,0,1,0
06-13-20,Coffee,92,0,91,0,1,0,104,2,3157,96,3261,98,0,0,-2,14,2,78,0,5,0
06-13-20,Crockett,19,0,17,0,2,0,24,0,665,4,689,4,0,3,0,1,0,15,0,2,3
06-13-20,Cumberland,138,0,134,0,4,0,178,0,5485,71,5663,71,0,2,0,10,0,126,0,12,3
06-13-20,Davidson,6597,154,6590,154,7,0,7701,174,69232,1422,76933,1596,0,84,74,794,80,5719,6,458,93
06-13-20,Decatur,14,0,14,0,0,0,16,0,669,9,685,9,0,0,0,9,0,5,0,1,0
06-13-20,Dekalb,41,0,41,0,0,0,49,0,1539,18,1588,18,0,0,0,3,0,38,0,0,0
06-13-20,Dickson,137,2,137,2,0,0,181,4,2760,71,2941,75,0,0,1,11,1,126,0,13,0
06-13-20,Dyer,94,8,89,8,5,0,102,6,2092,30,2194,36,0,0,6,29,2,65,1,7,0
06-13-20,Fayette,174,2,173,2,1,0,232,6,4146,57,4378,63,0,2,1,20,1,152,0,21,3
06-13-20,Fentress,14,0,14,0,0,0,14,0,1060,6,1074,6,0,0,0,2,0,12,0,1,0
06-13-20,Franklin,63,3,61,3,2,0,75,3,2349,56,2424,59,0,2,2,7,1,54,0,7,2
06-13-20,Gibson,69,0,65,0,4,0,76,0,2731,30,2807,30,0,1,-1,-2,1,70,0,5,1
06-13-20,Giles,23,1,23,1,0,0,28,1,1388,21,1416,22,0,0,1,9,0,14,0,4,0
06-13-20,Grainger,20,0,18,0,2,0,27,0,966,16,993,16,0,0,-1,3,1,17,0,4,0
06-13-20,Greene,52,0,51,0,1,0,59,0,2853,46,2912,46,0,2,0,-1,0,51,0,8,2
06-13-20,Grundy,31,1,31,1,0,0,38,1,563,8,601,9,0,1,1,2,0,28,0,10,1
06-13-20,Hamblen,75,0,66,0,9,0,74,0,3827,47,3901,47,0,3,-2,20,2,52,0,13,3
06-13-20,Hamilton,1575,102,1571,102,4,0,1639,115,21586,817,23225,932,0,20,47,269,55,1286,1,86,21
06-13-20,Hancock,1,0,1,0,0,0,1,0,284,6,285,6,0,0,0,0,0,1,0,0,0
06-13-20,Hardeman,221,1,221,1,0,0,232,1,5551,20,5783,21,0,0,-3,9,4,212,1,11,1
06-13-20,Hardin,35,2,35,2,0,0,41,1,2195,30,2236,31,0,3,-1,6,3,26,0,7,4
06-13-20,Hawkins,34,0,34,0,0,0,48,0,2369,9,2417,9,0,2,0,-1,0,33,0,6,2
06-13-20,Haywood,38,1,37,1,1,0,40,1,1146,5,1186,6,0,2,0,1,1,35,0,6,2
06-13-20,Henderson,17,0,17,0,0,0,21,0,1340,7,1361,7,0,0,0,4,0,13,0,0,0
06-13-20,Henry,34,1,34,1,0,0,44,1,1996,62,2040,63,0,0,1,2,0,32,0,5,0
06-13-20,Hickman,60,0,60,0,0,0,85,0,1290,12,1375,12,0,0,0,2,0,58,0,2,0
06-13-20,Houston,11,0,11,0,0,0,15,0,607,8,622,8,0,0,0,2,0,9,0,5,0
06-13-20,Humphreys,18,0,17,0,1,0,21,0,1012,7,1033,7,0,1,0,1,0,16,0,1,1
06-13-20,Jackson,24,0,24,0,0,0,27,0,748,4,775,4,0,0,0,2,0,22,0,1,0
06-13-20,Jefferson,43,1,38,1,5,0,39,1,3065,21,3104,22,0,0,1,8,0,35,0,1,0
06-13-20,Johnson,25,0,25,0,0,0,24,0,2128,12,2152,12,0,0,-1,7,1,18,0,1,0
06-13-20,Knox,548,10,540,8,8,2,606,9,24887,260,25493,269,0,5,2,89,8,454,3,53,5
06-13-20,Lake,686,0,684,0,2,0,849,0,3611,7,4460,7,0,0,-1,6,1,680,0,3,0
06-13-20,Lauderdale,63,2,62,2,1,0,83,2,3749,35,3832,37,0,1,1,0,1,62,0,8,1
06-13-20,Lawrence,60,4,60,4,0,0,57,1,2046,18,2103,19,1,1,3,25,0,34,0,7,1
06-13-20,Lewis,5,0,5,0,0,0,6,1,572,6,578,7,0,0,0,1,0,4,0,0,0
06-13-20,Lincoln,48,3,48,3,0,0,47,2,1612,24,1659,26,0,0,3,17,0,31,0,4,0
06-13-20,Loudon,190,7,176,7,14,0,189,7,2933,17,3122,24,0,1,3,25,4,164,0,10,2
06-13-20,Macon,205,13,205,13,0,0,232,14,1755,23,1987,37,0,3,10,33,3,169,0,14,3
06-13-20,Madison,180,0,180,0,0,0,214,0,6058,126,6272,126,0,2,-2,2,2,176,0,21,2
06-13-20,Marion,49,1,48,1,1,0,56,2,1118,42,1174,44,0,2,0,5,1,42,0,14,2
06-13-20,Marshall,42,1,42,1,0,0,51,2,1318,17,1369,19,0,1,-1,6,2,35,0,6,1
06-13-20,Maury,149,3,149,3,0,0,168,4,3948,58,4116,62,0,1,-3,33,6,115,0,11,1
06-13-20,McMinn,172,3,172,3,0,0,200,4,3370,49,3570,53,0,14,0,21,3,137,0,23,15
06-13-20,McNairy,26,0,26,0,0,0,32,0,1131,8,1163,8,0,0,-2,8,2,18,0,2,0
06-13-20,Meigs,28,0,28,0,0,0,39,0,721,84,760,84,0,0,0,2,0,26,0,4,0
06-13-20,Monroe,95,0,87,0,8,0,101,0,1601,14,1702,14,0,4,-2,2,2,89,0,8,3
06-13-20,Montgomery,339,9,335,9,4,0,386,11,10204,186,10590,197,0,5,6,43,3,291,0,30,7
06-13-20,Moore,6,0,6,0,0,0,7,0,433,5,440,5,0,0,0,1,0,5,0,0,0
06-13-20,Morgan,19,0,19,0,0,0,21,0,3462,10,3483,10,0,0,0,1,0,18,0,0,0
06-13-20,Obion,63,5,61,5,2,0,69,6,1823,31,1892,37,0,1,-3,9,8,53,0,9,1
06-13-20,Out of State,306,0,306,0,0,0,330,0,70102,1095,70432,1095,0,7,-1,23,1,276,0,23,2
06-13-20,Overton,42,0,42,0,0,0,43,0,1693,20,1736,20,0,0,0,3,0,39,0,2,0
06-13-20,Pending,3,0,3,0,0,0,6,0,46175,617,46181,617,0,0,0,0,0,3,0,0,0
06-13-20,Perry,28,0,28,0,0,0,30,0,494,0,524,0,0,0,0,3,0,25,0,1,0
06-13-20,Pickett,4,0,4,0,0,0,4,0,411,1,415,1,0,0,0,0,0,4,0,0,0
06-13-20,Polk,32,1,31,1,1,0,35,1,764,19,799,20,0,0,1,8,0,24,0,3,0
06-13-20,Putnam,578,1,575,1,3,0,683,2,6972,28,7655,30,0,6,0,75,1,497,0,16,6
06-13-20,Rhea,230,10,230,10,0,0,238,9,2030,66,2268,75,0,0,10,21,0,209,0,2,0
06-13-20,Roane,31,0,24,0,7,0,35,1,4463,76,4498,77,0,0,-1,5,1,26,0,4,0
06-13-20,Robertson,628,11,626,11,2,0,755,32,4594,84,5349,116,0,8,3,57,8,563,1,53,11
06-13-20,Rutherford,1725,32,1719,32,6,0,2017,51,15341,426,17358,477,0,30,16,274,16,1421,1,106,33
06-13-20,Scott,13,0,12,0,1,0,12,0,930,6,942,6,0,0,0,0,0,13,0,0,0
06-13-20,Sequatchie,27,0,27,0,0,0,33,2,1108,13,1141,15,0,0,0,4,0,23,0,2,0
06-13-20,Sevier,235,0,224,0,11,0,237,7,6007,72,6244,79,0,2,-4,120,4,113,0,13,2
06-13-20,Shelby,6629,103,6611,103,18,0,7921,158,90001,1833,97922,1991,0,151,7,977,96,5501,6,717,160
06-13-20,Smith,40,0,38,0,2,0,45,1,1180,8,1225,9,0,1,0,2,0,37,0,2,1
06-13-20,Stewart,14,0,14,0,0,0,14,0,609,10,623,10,0,0,0,0,0,14,0,2,0
06-13-20,Sullivan,71,0,68,0,3,0,72,0,5566,16,5638,16,0,2,0,7,0,62,0,7,2
06-13-20,Sumner,1093,10,1084,10,9,0,1390,20,9626,126,11016,146,1,48,-2,100,11,945,1,211,50
06-13-20,Tipton,515,7,512,6,3,1,546,3,5725,108,6271,111,0,3,4,37,3,475,0,25,3
06-13-20,Trousdale,1458,0,1455,0,3,0,1490,0,2082,7,3572,7,0,4,-1,61,1,1393,0,14,4
06-13-20,Unicoi,52,0,52,0,0,0,57,0,956,13,1013,13,0,0,-3,11,3,41,0,0,0
06-13-20,Union,8,0,8,0,0,0,8,0,680,9,688,9,0,0,0,4,0,4,0,0,0
06-13-20,Van Buren,4,0,4,0,0,0,4,0,399,5,403,5,0,0,0,0,0,4,0,1,0
06-13-20,Warren,32,1,32,1,0,0,33,1,2299,23,2332,24,0,0,-1,5,2,27,0,0,0
06-13-20,Washington,87,0,87,0,0,0,109,0,4980,21,5089,21,0,0,0,10,0,77,0,6,0
06-13-20,Wayne,64,0,64,0,0,0,65,0,2382,7,2447,7,0,0,0,0,0,64,0,2,0
06-13-20,Weakley,34,1,34,1,0,0,35,1,1699,13,1734,14,0,0,1,3,0,31,0,2,0
06-13-20,White,52,1,50,1,2,0,59,1,1927,61,1986,62,1,1,-1,11,1,40,0,5,2
06-13-20,Williamson,672,6,669,6,3,0,767,10,12167,297,12934,307,0,12,-4,74,10,586,0,46,12
06-13-20,Wilson,526,3,523,3,3,0,639,6,7881,140,8520,146,1,12,-2,54,4,460,0,47,12
06-12-20,Anderson,58,2,56,2,2,0,71,4,5951,94,6022,98,0,2,2,13,0,43,0,5,2
06-12-20,Bedford,379,2,379,2,0,0,392,1,2817,11,3209,12,0,4,-5,76,7,299,0,16,5
06-12-20,Benton,8,0,8,0,0,0,9,0,929,1,938,1,0,1,0,0,0,7,0,2,1
06-12-20,Bledsoe,619,0,619,0,0,0,630,1,3433,5,4063,6,0,1,0,3,0,615,0,6,1
06-12-20,Blount,103,1,99,1,4,0,122,3,4651,53,4773,56,0,3,1,2,0,98,0,6,3
06-12-20,Bradley,268,4,257,3,11,1,281,6,3960,17,4241,23,0,2,-12,84,16,182,0,24,2
06-12-20,Campbell,24,2,21,2,3,0,29,2,2158,19,2187,21,0,1,2,3,0,20,0,2,1
06-12-20,Cannon,23,0,23,0,0,0,35,0,744,18,779,18,0,0,0,2,0,21,0,4,0
06-12-20,Carroll,32,1,27,1,5,0,30,1,1651,6,1681,7,0,1,1,-1,0,32,0,5,1
06-12-20,Carter,23,0,22,0,1,0,26,0,2142,20,2168,20,0,1,0,-1,0,23,0,2,1
06-12-20,Cheatham,166,2,166,2,0,0,203,2,2168,13,2371,15,0,0,-1,16,3,150,0,12,0
06-12-20,Chester,14,0,14,0,0,0,16,0,784,7,800,7,0,0,0,-1,0,15,0,1,0
06-12-20,Claiborne,14,0,14,0,0,0,16,0,1002,18,1018,18,0,0,0,2,0,12,0,1,0
06-12-20,Clay,12,1,12,1,0,0,12,1,571,1,583,2,0,0,1,2,0,10,0,0,0
06-12-20,Cocke,26,0,23,0,3,0,29,0,1506,19,1535,19,0,0,0,3,0,23,0,1,0
06-12-20,Coffee,92,2,91,2,1,0,102,1,3061,11,3163,12,0,0,1,16,1,76,0,5,0
06-12-20,Crockett,19,0,17,0,2,0,24,0,661,2,685,2,0,3,0,1,0,15,0,2,3
06-12-20,Cumberland,138,1,134,1,4,0,178,2,5414,71,5592,73,0,2,0,10,1,126,0,12,3
06-12-20,Davidson,6443,88,6436,88,7,0,7527,106,67810,668,75337,774,3,84,-19,720,104,5639,10,452,91
06-12-20,Decatur,14,0,14,0,0,0,16,0,660,8,676,8,0,0,0,9,0,5,0,1,0
06-12-20,Dekalb,41,0,41,0,0,0,49,0,1521,11,1570,11,0,0,-1,3,1,38,0,0,0
06-12-20,Dickson,135,3,135,3,0,0,177,3,2689,15,2866,18,0,0,3,10,0,125,0,13,0
06-12-20,Dyer,86,3,81,3,5,0,96,4,2062,8,2158,12,0,0,2,23,1,63,0,6,0
06-12-20,Fayette,172,2,171,2,1,0,226,2,4089,48,4315,50,0,2,-7,19,9,151,0,21,3
06-12-20,Fentress,14,1,14,1,0,0,14,1,1054,13,1068,14,0,0,1,2,0,12,0,1,0
06-12-20,Franklin,60,1,58,1,2,0,72,2,2293,10,2365,12,0,2,1,5,0,53,1,7,2
06-12-20,Gibson,69,0,65,0,4,0,76,0,2701,4,2777,4,0,1,0,-1,0,69,0,5,1
06-12-20,Giles,22,0,22,0,0,0,27,0,1367,7,1394,7,0,0,0,8,0,14,0,4,0
06-12-20,Grainger,20,1,18,1,2,0,27,1,950,21,977,22,0,0,1,4,0,16,0,4,0
06-12-20,Greene,52,0,51,0,1,0,59,0,2807,19,2866,19,0,2,0,-1,0,51,0,8,2
06-12-20,Grundy,30,0,30,0,0,0,37,0,555,0,592,0,0,1,0,1,0,28,0,10,1
06-12-20,Hamblen,75,0,66,0,9,0,74,1,3780,45,3854,46,0,3,0,22,0,50,0,13,3
06-12-20,Hamilton,1473,101,1469,101,4,0,1524,96,20769,565,22293,661,1,20,34,222,66,1231,2,85,20
06-12-20,Hancock,1,0,1,0,0,0,1,0,278,10,279,10,0,0,0,0,0,1,0,0,0
06-12-20,Hardeman,220,1,220,1,0,0,231,2,5531,3,5762,5,0,0,0,12,1,208,0,10,1
06-12-20,Hardin,33,1,33,1,0,0,40,2,2165,29,2205,31,0,3,-1,7,2,23,1,7,3
06-12-20,Hawkins,34,0,34,0,0,0,48,0,2360,36,2408,36,0,2,-2,-1,2,33,0,6,2
06-12-20,Haywood,37,0,36,0,1,0,39,0,1141,5,1180,5,0,2,0,1,0,34,0,6,2
06-12-20,Henderson,17,1,17,1,0,0,21,1,1333,4,1354,5,0,0,1,4,0,13,0,0,0
06-12-20,Henry,33,0,33,0,0,0,43,0,1934,5,1977,5,0,0,0,1,0,32,0,5,0
06-12-20,Hickman,60,0,60,0,0,0,85,0,1278,7,1363,7,0,0,0,2,0,58,0,2,0
06-12-20,Houston,11,1,11,1,0,0,15,1,599,2,614,3,0,0,1,2,0,9,0,5,0
06-12-20,Humphreys,18,0,17,0,1,0,21,0,1005,22,1026,22,0,1,-1,1,1,16,0,1,1
06-12-20,Jackson,24,1,24,1,0,0,27,1,744,10,771,11,0,0,1,2,0,22,0,1,0
06-12-20,Jefferson,42,1,37,1,5,0,38,1,3044,40,3082,41,0,0,1,7,0,35,0,1,0
06-12-20,Johnson,25,0,25,0,0,0,24,0,2116,10,2140,10,0,0,-2,8,2,17,0,1,0
06-12-20,Knox,538,19,532,19,6,0,597,20,24627,760,25224,780,0,5,1,87,18,446,0,50,5
06-12-20,Lake,686,0,684,0,2,0,849,1,3604,8,4453,9,0,0,-19,7,19,679,0,3,0
06-12-20,Lauderdale,61,0,60,0,1,0,81,0,3714,6,3795,6,0,1,-1,-1,1,61,0,8,1
06-12-20,Lawrence,56,3,56,3,0,0,56,2,2028,11,2084,13,0,0,1,22,2,34,0,7,1
06-12-20,Lewis,5,0,5,0,0,0,5,0,566,3,571,3,0,0,0,1,0,4,0,0,0
06-12-20,Lincoln,45,2,45,2,0,0,45,1,1588,5,1633,6,0,0,1,14,1,31,0,4,0
06-12-20,Loudon,183,8,169,8,14,0,182,7,2916,391,3098,398,0,1,6,22,2,160,0,10,2
06-12-20,Macon,192,1,192,1,0,0,218,1,1732,27,1950,28,0,3,-3,23,4,166,0,14,3
06-12-20,Madison,180,0,180,0,0,0,214,0,5932,30,6146,30,0,2,0,4,0,174,0,21,2
06-12-20,Marion,48,0,47,0,1,0,54,0,1076,4,1130,4,1,2,-1,5,0,41,0,14,2
06-12-20,Marshall,41,0,41,0,0,0,49,0,1301,3,1350,3,0,1,0,7,0,33,0,6,1
06-12-20,Maury,146,1,146,1,0,0,164,1,3890,22,4054,23,0,1,-3,36,4,109,0,11,1
06-12-20,McMinn,169,0,169,0,0,0,196,1,3321,19,3517,20,0,14,-2,21,2,134,0,23,15
06-12-20,McNairy,26,1,26,1,0,0,32,1,1123,8,1155,9,0,0,0,10,1,16,0,2,0
06-12-20,Meigs,28,0,28,0,0,0,39,0,637,6,676,6,0,0,0,2,0,26,0,4,0
06-12-20,Monroe,95,2,87,2,8,0,101,3,1587,102,1688,105,0,4,0,4,2,87,0,8,3
06-12-20,Montgomery,330,4,326,4,4,0,375,5,10018,261,10393,266,1,5,-2,37,5,288,0,30,7
06-12-20,Moore,6,0,6,0,0,0,7,0,428,3,435,3,0,0,0,1,0,5,0,0,0
06-12-20,Morgan,19,1,19,1,0,0,21,1,3452,13,3473,14,0,0,1,1,0,18,0,0,0
06-12-20,Obion,58,0,56,0,2,0,63,1,1792,6,1855,7,0,1,-5,12,5,45,0,9,1
06-12-20,Out of State,306,3,306,3,0,0,330,4,69007,1059,69337,1063,2,7,-2,24,3,275,0,23,2
06-12-20,Overton,42,0,42,0,0,0,43,0,1673,12,1716,12,0,0,-2,3,2,39,0,2,0
06-12-20,Pending,3,0,3,0,0,0,6,0,45558,474,45564,474,0,0,0,0,0,3,0,0,0
06-12-20,Perry,28,2,28,2,0,0,30,0,494,1,524,1,0,0,2,3,0,25,0,1,0
06-12-20,Pickett,4,0,4,0,0,0,4,0,410,1,414,1,0,0,0,0,0,4,0,0,0
06-12-20,Polk,31,0,30,0,1,0,34,0,745,0,779,0,0,0,0,7,0,24,0,3,0
06-12-20,Putnam,577,8,574,8,3,0,681,10,6944,171,7625,181,0,6,3,75,5,496,0,16,6
06-12-20,Rhea,220,1,220,1,0,0,229,1,1964,10,2193,11,0,0,0,11,1,209,0,2,0
06-12-20,Roane,31,0,24,0,7,0,34,1,4387,69,4421,70,0,0,0,6,0,25,0,4,0
06-12-20,Robertson,617,10,615,10,2,0,723,9,4510,64,5233,73,1,8,-4,54,13,555,1,52,11
06-12-20,Rutherford,1693,26,1687,26,6,0,1966,36,14915,165,16881,201,1,30,-33,258,58,1405,2,105,32
06-12-20,Scott,13,0,12,0,1,0,12,0,924,12,936,12,0,0,0,0,0,13,0,0,0
06-12-20,Sequatchie,27,1,27,1,0,0,31,1,1095,2,1126,3,0,0,1,4,0,23,0,2,0
06-12-20,Sevier,235,23,224,23,11,0,230,19,5935,180,6165,199,0,2,17,124,6,109,1,13,2
06-12-20,Shelby,6526,108,6508,108,18,0,7763,139,88168,2038,95931,2177,16,151,-41,970,133,5405,12,711,158
06-12-20,Smith,40,3,38,2,2,1,44,2,1172,93,1216,95,0,1,3,2,0,37,0,2,1
06-12-20,Stewart,14,0,14,0,0,0,14,0,599,4,613,4,0,0,0,0,0,14,0,2,0
06-12-20,Sullivan,71,1,68,1,3,0,72,1,5550,65,5622,66,0,2,1,7,0,62,0,7,2
06-12-20,Sumner,1083,16,1074,16,9,0,1370,20,9500,213,10870,233,0,47,8,102,8,934,1,210,50
06-12-20,Tipton,508,4,506,4,2,0,543,6,5617,80,6160,86,0,3,0,33,4,472,0,25,3
06-12-20,Trousdale,1458,55,1455,55,3,0,1490,58,2075,86,3565,144,0,4,54,62,1,1392,0,14,4
06-12-20,Unicoi,52,0,52,0,0,0,57,0,943,3,1000,3,0,0,-27,14,27,38,0,0,0
06-12-20,Union,8,1,8,1,0,0,8,2,671,11,679,13,0,0,1,4,0,4,0,0,0
06-12-20,Van Buren,4,0,4,0,0,0,4,0,394,0,398,0,0,0,0,0,0,4,0,1,0
06-12-20,Warren,31,0,31,0,0,0,32,0,2276,64,2308,64,0,0,-1,6,1,25,0,0,0
06-12-20,Washington,87,2,87,2,0,0,109,1,4959,51,5068,52,0,0,2,10,0,77,0,6,0
06-12-20,Wayne,64,0,64,0,0,0,65,0,2375,4,2440,4,0,0,-1,0,1,64,0,2,0
06-12-20,Weakley,33,1,33,1,0,0,34,1,1686,12,1720,13,0,0,1,2,0,31,0,2,0
06-12-20,White,51,0,49,0,2,0,58,0,1866,67,1924,67,0,0,-1,12,1,39,0,5,2
06-12-20,Williamson,666,11,663,10,3,1,757,13,11870,233,12627,246,1,12,0,78,10,576,0,46,12
06-12-20,Wilson,523,4,520,4,3,0,633,6,7741,68,8374,74,0,11,-1,56,5,456,0,47,12
06-11-20,Anderson,56,3,54,3,2,0,67,3,5857,128,5924,131,0,2,2,11,1,43,1,5,2
06-11-20,Bedford,377,5,377,5,0,0,391,1,2806,26,3197,27,0,4,-3,81,8,292,0,16,5
06-11-20,Benton,8,0,8,0,0,0,9,0,928,16,937,16,0,1,0,0,0,7,0,2,1
06-11-20,Bledsoe,619,0,619,0,0,0,629,0,3428,11,4057,11,0,1,0,3,0,615,0,6,1
06-11-20,Blount,102,1,98,1,4,0,119,2,4598,129,4717,131,0,3,1,1,0,98,0,6,3
06-11-20,Bradley,264,15,254,14,10,1,275,13,3943,106,4218,119,0,2,4,96,11,166,0,24,2
06-11-20,Campbell,22,1,19,1,3,0,27,1,2139,23,2166,24,0,1,1,1,0,20,0,2,1
06-11-20,Cannon,23,0,23,0,0,0,35,0,726,7,761,7,0,0,0,2,0,21,0,4,0
06-11-20,Carroll,31,0,26,0,5,0,29,0,1645,22,1674,22,0,1,0,-2,0,32,0,5,1
06-11-20,Carter,23,0,22,0,1,0,26,0,2122,34,2148,34,0,1,0,-1,0,23,0,2,1
06-11-20,Cheatham,164,1,164,1,0,0,201,4,2155,33,2356,37,0,0,-2,17,3,147,0,12,0
06-11-20,Chester,14,0,14,0,0,0,16,0,777,7,793,7,0,0,0,-1,0,15,0,1,0
06-11-20,Claiborne,14,0,14,0,0,0,16,1,984,12,1000,13,0,0,0,2,0,12,0,1,0
06-11-20,Clay,11,0,11,0,0,0,11,0,570,3,581,3,0,0,0,1,0,10,0,0,0
06-11-20,Cocke,26,0,23,0,3,0,29,0,1487,18,1516,18,0,0,-1,3,1,23,0,1,0
06-11-20,Coffee,90,2,89,2,1,0,101,3,3050,23,3151,26,0,0,2,15,0,75,0,5,0
06-11-20,Crockett,19,0,17,0,2,0,24,0,659,3,683,3,0,3,0,1,0,15,0,2,3
06-11-20,Cumberland,137,0,133,0,4,0,176,0,5343,70,5519,70,0,2,-2,10,2,125,0,12,2
06-11-20,Davidson,6355,88,6348,88,7,0,7421,119,67142,1066,74563,1185,1,81,-20,739,107,5535,2,442,90
06-11-20,Decatur,14,0,14,0,0,0,16,2,652,6,668,8,0,0,0,9,0,5,0,1,0
06-11-20,Dekalb,41,0,41,0,0,0,49,0,1510,7,1559,7,0,0,0,4,0,37,0,0,0
06-11-20,Dickson,132,1,132,1,0,0,174,3,2674,20,2848,23,0,0,0,7,1,125,0,13,0
06-11-20,Dyer,83,4,78,4,5,0,92,5,2054,25,2146,30,0,0,2,21,2,62,0,6,0
06-11-20,Fayette,170,0,169,0,1,0,224,1,4041,98,4265,99,0,2,-1,26,1,142,0,21,3
06-11-20,Fentress,13,0,13,0,0,0,13,0,1041,9,1054,9,0,0,0,1,0,12,0,1,0
06-11-20,Franklin,59,1,57,1,2,0,70,1,2283,30,2353,31,0,2,1,4,0,53,0,6,2
06-11-20,Gibson,69,0,65,0,4,0,76,0,2697,18,2773,18,0,1,0,-1,0,69,0,5,1
06-11-20,Giles,22,2,22,2,0,0,27,1,1360,34,1387,35,0,0,2,8,0,14,0,4,0
06-11-20,Grainger,19,0,17,0,2,0,26,1,929,25,955,26,0,0,-3,3,3,16,0,4,0
06-11-20,Greene,52,0,51,0,1,0,59,0,2788,23,2847,23,0,2,-1,-1,1,51,0,8,2
06-11-20,Grundy,30,0,30,0,0,0,37,0,555,5,592,5,0,1,0,1,0,28,0,10,1
06-11-20,Hamblen,75,2,66,2,9,0,73,3,3735,75,3808,78,0,3,0,22,2,50,2,13,3
06-11-20,Hamilton,1372,216,1368,216,4,0,1428,220,20204,589,21632,809,0,19,151,188,65,1165,3,83,20
06-11-20,Hancock,1,0,1,0,0,0,1,0,268,2,269,2,0,0,0,0,0,1,0,0,0
06-11-20,Hardeman,219,1,219,1,0,0,229,1,5528,15,5757,16,0,0,1,12,0,207,0,10,0
06-11-20,Hardin,32,0,32,0,0,0,38,0,2136,18,2174,18,1,3,-3,8,2,21,0,6,3
06-11-20,Hawkins,34,0,34,0,0,0,48,0,2324,26,2372,26,0,2,0,1,0,31,0,6,2
06-11-20,Haywood,37,0,36,0,1,0,39,0,1136,6,1175,6,0,2,0,1,0,34,0,6,2
06-11-20,Henderson,16,0,16,0,0,0,20,1,1329,19,1349,20,0,0,0,3,0,13,0,0,0
06-11-20,Henry,33,1,33,1,0,0,43,1,1929,65,1972,66,0,0,0,1,1,32,0,5,0
06-11-20,Hickman,60,0,60,0,0,0,85,0,1271,15,1356,15,0,0,0,2,0,58,0,2,0
06-11-20,Houston,10,0,10,0,0,0,14,0,597,7,611,7,0,0,0,1,0,9,0,5,0
06-11-20,Humphreys,18,0,17,0,1,0,21,0,983,79,1004,79,0,1,0,2,0,15,0,1,1
06-11-20,Jackson,23,0,23,0,0,0,26,0,734,5,760,5,0,0,0,1,0,22,0,1,0
06-11-20,Jefferson,41,2,36,1,5,1,37,4,3004,49,3041,53,0,0,1,6,1,35,0,1,0
06-11-20,Johnson,25,0,25,0,0,0,24,2,2106,22,2130,24,0,0,0,10,0,15,0,1,0
06-11-20,Knox,519,7,513,7,6,0,577,10,23867,325,24444,335,0,5,0,86,7,428,2,50,5
06-11-20,Lake,686,0,684,0,2,0,848,0,3596,8,4444,8,0,0,-244,26,244,660,0,3,0
06-11-20,Lauderdale,61,0,60,0,1,0,81,0,3708,29,3789,29,0,1,0,0,0,60,0,8,1
06-11-20,Lawrence,53,5,53,5,0,0,54,4,2017,50,2071,54,0,0,5,21,0,32,1,7,0
06-11-20,Lewis,5,0,5,0,0,0,5,0,563,11,568,11,0,0,0,1,0,4,0,0,0
06-11-20,Lincoln,43,7,43,7,0,0,44,3,1583,21,1627,24,0,0,6,13,1,30,1,4,0
06-11-20,Loudon,175,0,161,0,14,0,175,1,2525,29,2700,30,1,1,-7,16,6,158,0,10,2
06-11-20,Macon,191,6,191,6,0,0,217,6,1705,16,1922,22,0,3,1,26,5,162,0,14,3
06-11-20,Madison,180,0,180,0,0,0,214,2,5902,34,6116,36,0,2,-2,4,2,174,0,21,2
06-11-20,Marion,48,0,47,0,1,0,54,0,1072,30,1126,30,0,1,0,6,0,41,0,14,2
06-11-20,Marshall,41,0,41,0,0,0,49,3,1298,27,1347,30,0,1,-2,7,2,33,0,6,1
06-11-20,Maury,145,10,145,10,0,0,163,10,3868,87,4031,97,0,1,4,39,6,105,0,11,1
06-11-20,McMinn,169,1,169,1,0,0,195,3,3302,32,3497,35,0,14,0,23,1,132,0,23,15
06-11-20,McNairy,25,1,25,1,0,0,31,0,1115,7,1146,7,0,0,0,10,1,15,0,2,0
06-11-20,Meigs,28,1,28,1,0,0,39,1,631,10,670,11,0,0,1,2,0,26,0,4,0
06-11-20,Monroe,93,0,85,0,8,0,98,0,1485,22,1583,22,0,4,0,4,0,85,0,8,3
06-11-20,Montgomery,326,8,322,8,4,0,370,8,9757,94,10127,102,0,4,4,39,4,283,1,30,7
06-11-20,Moore,6,0,6,0,0,0,7,0,425,3,432,3,0,0,-2,1,2,5,0,0,0
06-11-20,Morgan,18,0,18,0,0,0,20,0,3439,5,3459,5,0,0,-1,0,1,18,0,0,0
06-11-20,Obion,58,1,56,1,2,0,62,0,1786,40,1848,40,0,1,0,17,1,40,0,9,1
06-11-20,Out of State,303,6,303,6,0,0,326,6,67948,913,68274,919,0,5,0,26,6,272,0,23,2
06-11-20,Overton,42,0,42,0,0,0,43,0,1661,23,1704,23,0,0,-2,5,2,37,0,2,0
06-11-20,Pending,3,0,3,0,0,0,6,0,45084,615,45090,615,0,0,0,0,0,3,0,0,0
06-11-20,Perry,26,1,26,1,0,0,30,1,493,6,523,7,0,0,0,1,1,25,0,1,0
06-11-20,Pickett,4,0,4,0,0,0,4,0,409,12,413,12,0,0,-1,0,1,4,0,0,0
06-11-20,Polk,31,2,30,2,1,0,34,2,745,17,779,19,0,0,2,7,0,24,0,3,0
06-11-20,Putnam,569,4,566,4,3,0,671,6,6773,99,7444,105,0,6,-10,72,14,491,0,16,6
06-11-20,Rhea,219,2,219,2,0,0,228,3,1954,43,2182,46,0,0,-5,11,7,208,0,2,0
06-11-20,Roane,31,0,24,0,7,0,33,0,4318,40,4351,40,0,0,0,6,0,25,0,4,0
06-11-20,Robertson,607,11,605,11,2,0,714,13,4446,42,5160,55,0,7,2,58,9,542,1,51,11
06-11-20,Rutherford,1667,35,1661,35,6,0,1930,30,14750,218,16680,248,0,29,2,291,33,1347,2,103,32
06-11-20,Scott,13,0,12,0,1,0,12,0,912,7,924,7,0,0,0,0,0,13,0,0,0
06-11-20,Sequatchie,26,1,26,1,0,0,30,0,1093,17,1123,17,0,0,0,3,1,23,0,2,0
06-11-20,Sevier,212,12,201,12,11,0,211,10,5755,91,5966,101,0,2,9,107,3,103,0,12,2
06-11-20,Shelby,6418,126,6400,125,18,1,7624,158,86130,1896,93754,2054,1,135,-13,1011,138,5272,8,699,158
06-11-20,Smith,37,0,36,0,1,0,42,0,1079,16,1121,16,0,1,-1,-1,1,37,0,2,1
06-11-20,Stewart,14,0,14,0,0,0,14,0,595,77,609,77,0,0,-1,0,1,14,0,2,0
06-11-20,Sullivan,70,0,67,0,3,0,71,1,5485,37,5556,38,0,2,0,6,0,62,0,7,2
06-11-20,Sumner,1067,5,1058,5,9,0,1350,6,9287,92,10637,98,0,47,-14,94,19,926,0,209,50
06-11-20,Tipton,504,3,502,3,2,0,537,3,5537,125,6074,128,0,3,-4,33,7,468,0,25,3
06-11-20,Trousdale,1403,0,1400,0,3,0,1432,0,1989,9,3421,9,0,4,0,8,0,1391,0,14,4
06-11-20,Unicoi,52,0,52,0,0,0,57,0,940,14,997,14,0,0,-3,41,3,11,0,0,0
06-11-20,Union,7,0,7,0,0,0,6,0,660,9,666,9,0,0,0,3,0,4,0,0,0
06-11-20,Van Buren,4,0,4,0,0,0,4,0,394,2,398,2,0,0,0,0,0,4,0,1,0
06-11-20,Warren,31,0,31,0,0,0,32,0,2212,25,2244,25,0,0,0,7,0,24,0,0,0
06-11-20,Washington,85,0,85,0,0,0,108,0,4908,74,5016,74,0,0,0,8,0,77,0,6,0
06-11-20,Wayne,64,0,64,0,0,0,65,0,2371,1,2436,1,0,0,0,1,0,63,0,2,0
06-11-20,Weakley,32,0,32,0,0,0,33,0,1674,22,1707,22,0,0,0,1,0,31,0,2,0
06-11-20,White,51,1,49,1,2,0,58,1,1799,80,1857,81,0,0,1,13,0,38,1,5,2
06-11-20,Williamson,655,7,653,7,2,0,744,8,11637,239,12381,247,0,11,-2,78,9,566,0,46,12
06-11-20,Wilson,519,6,516,6,3,0,627,8,7673,97,8300,105,1,11,-14,57,19,451,1,47,12
06-10-20,Anderson,53,5,51,5,2,0,64,3,5729,206,5793,209,0,2,2,9,3,42,0,4,2
06-10-20,Bedford,372,28,372,28,0,0,390,3,2780,19,3170,22,0,4,24,84,4,284,1,16,5
06-10-20,Benton,8,0,8,0,0,0,9,0,912,7,921,7,0,1,0,0,0,7,0,2,1
06-10-20,Bledsoe,619,0,619,0,0,0,629,0,3417,5,4046,5,0,1,0,3,0,615,0,6,1
06-10-20,Blount,101,1,97,1,4,0,117,1,4469,235,4586,236,0,3,-1,0,2,98,0,6,3
06-10-20,Bradley,249,4,240,4,9,0,262,5,3837,41,4099,46,0,2,-14,92,18,155,1,24,2
06-10-20,Campbell,21,0,18,0,3,0,26,0,2116,133,2142,133,0,1,-1,0,1,20,0,2,1
06-10-20,Cannon,23,0,23,0,0,0,35,0,719,8,754,8,0,0,-1,2,1,21,0,4,0
06-10-20,Carroll,31,1,26,1,5,0,29,1,1623,38,1652,39,0,1,0,-2,1,32,0,5,1
06-10-20,Carter,23,0,22,0,1,0,26,0,2088,27,2114,27,0,1,0,-1,0,23,0,2,1
06-10-20,Cheatham,163,1,163,1,0,0,197,0,2122,13,2319,13,0,0,-2,19,3,144,0,12,0
06-10-20,Chester,14,0,14,0,0,0,16,0,770,5,786,5,0,0,0,-1,0,15,0,1,0
06-10-20,Claiborne,14,1,14,1,0,0,15,1,972,30,987,31,0,0,1,2,0,12,0,1,0
06-10-20,Clay,11,0,11,0,0,0,11,0,567,2,578,2,0,0,-1,1,1,10,0,0,0
06-10-20,Cocke,26,0,23,0,3,0,29,0,1469,14,1498,14,0,0,0,4,0,22,0,1,0
06-10-20,Coffee,88,1,87,1,1,0,98,1,3027,103,3125,104,0,0,-1,13,2,75,0,5,0
06-10-20,Crockett,19,0,17,0,2,0,24,0,656,3,680,3,0,3,0,1,0,15,0,2,3
06-10-20,Cumberland,137,1,133,1,4,0,176,2,5273,26,5449,28,0,2,-1,12,2,123,1,12,2
06-10-20,Davidson,6267,76,6260,75,7,1,7302,98,66076,603,73378,701,0,80,-55,759,131,5428,9,440,90
06-10-20,Decatur,14,0,14,0,0,0,14,0,646,4,660,4,0,0,0,9,0,5,0,1,0
06-10-20,Dekalb,41,0,41,0,0,0,49,0,1503,7,1552,7,0,0,-1,4,1,37,0,0,0
06-10-20,Dickson,131,1,131,1,0,0,171,0,2654,43,2825,43,0,0,-4,7,5,124,0,13,0
06-10-20,Dyer,79,2,74,2,5,0,87,1,2029,2,2116,3,0,0,0,19,2,60,0,6,0
06-10-20,Fayette,170,2,169,2,1,0,223,3,3943,48,4166,51,0,2,-1,27,3,141,0,21,3
06-10-20,Fentress,13,0,13,0,0,0,13,0,1032,9,1045,9,0,0,0,1,0,12,0,1,0
06-10-20,Franklin,58,0,56,0,2,0,69,0,2253,9,2322,9,1,2,-3,3,2,53,0,6,2
06-10-20,Gibson,69,0,65,0,4,0,76,0,2679,11,2755,11,0,1,0,-1,0,69,0,5,1
06-10-20,Giles,20,0,20,0,0,0,26,0,1326,15,1352,15,0,0,0,6,0,14,0,4,0
06-10-20,Grainger,19,1,17,0,2,1,25,0,904,15,929,15,0,0,1,6,0,13,0,4,0
06-10-20,Greene,52,0,51,0,1,0,59,0,2765,23,2824,23,0,2,-1,0,1,50,0,8,2
06-10-20,Grundy,30,0,30,0,0,0,37,0,550,5,587,5,0,1,-1,1,1,28,0,10,1
06-10-20,Hamblen,73,3,64,3,9,0,70,3,3660,66,3730,69,0,3,2,22,1,48,0,11,3
06-10-20,Hamilton,1156,23,1152,23,4,0,1208,23,19615,261,20823,284,0,19,-48,37,71,1100,2,80,20
06-10-20,Hancock,1,0,1,0,0,0,1,0,266,6,267,6,0,0,0,0,0,1,0,0,0
06-10-20,Hardeman,218,2,218,2,0,0,228,2,5513,22,5741,24,0,0,1,11,1,207,1,10,0
06-10-20,Hardin,32,0,32,0,0,0,38,0,2118,9,2156,9,0,2,-4,11,4,19,0,6,3
06-10-20,Hawkins,34,0,34,0,0,0,48,0,2298,112,2346,112,0,2,0,1,0,31,0,6,2
06-10-20,Haywood,37,0,36,0,1,0,39,0,1130,26,1169,26,0,2,0,1,0,34,0,6,2
06-10-20,Henderson,16,1,16,1,0,0,19,0,1310,27,1329,27,0,0,1,3,0,13,0,0,0
06-10-20,Henry,32,0,32,0,0,0,42,0,1864,4,1906,4,0,0,-1,1,1,31,0,5,0
06-10-20,Hickman,60,0,60,0,0,0,85,0,1256,10,1341,10,0,0,0,2,0,58,0,2,0
06-10-20,Houston,10,0,10,0,0,0,14,0,590,2,604,2,0,0,0,1,0,9,0,5,0
06-10-20,Humphreys,18,0,17,0,1,0,21,0,904,6,925,6,0,1,0,2,0,15,0,1,1
06-10-20,Jackson,23,0,23,0,0,0,26,0,729,6,755,6,0,0,0,1,0,22,0,1,0
06-10-20,Jefferson,39,4,35,4,4,0,33,2,2955,113,2988,115,0,0,3,5,1,34,0,1,0
06-10-20,Johnson,25,1,25,1,0,0,22,0,2084,6,2106,6,0,0,0,10,1,15,0,1,0
06-10-20,Knox,512,12,506,12,6,0,567,12,23542,724,24109,736,0,5,-5,86,17,421,0,48,5
06-10-20,Lake,686,0,684,0,2,0,848,0,3588,3,4436,3,0,0,-1,270,1,416,0,3,0
06-10-20,Lauderdale,61,0,60,0,1,0,81,0,3679,15,3760,15,0,1,-2,0,2,60,0,8,1
06-10-20,Lawrence,48,6,48,6,0,0,50,7,1967,29,2017,36,0,0,6,16,0,32,1,6,0
06-10-20,Lewis,5,1,5,1,0,0,5,0,552,7,557,7,0,0,1,1,0,4,0,0,0
06-10-20,Lincoln,36,2,36,2,0,0,41,0,1562,55,1603,55,0,0,2,7,0,29,0,3,0
06-10-20,Loudon,175,2,161,2,14,0,174,1,2496,82,2670,83,0,0,-2,23,4,152,0,10,2
06-10-20,Macon,185,1,185,1,0,0,211,1,1689,14,1900,15,0,3,-10,25,11,157,0,14,3
06-10-20,Madison,180,1,180,1,0,0,212,1,5868,39,6080,40,0,2,0,6,1,172,0,21,2
06-10-20,Marion,48,1,47,1,1,0,54,1,1042,61,1096,62,0,1,-1,6,2,41,1,14,2
06-10-20,Marshall,41,1,41,1,0,0,46,0,1271,14,1317,14,0,1,1,9,0,31,0,6,1
06-10-20,Maury,135,11,135,11,0,0,153,4,3781,97,3934,101,0,1,5,35,6,99,0,11,1
06-10-20,McMinn,168,2,168,2,0,0,192,2,3270,28,3462,30,0,14,0,23,2,131,1,23,15
06-10-20,McNairy,24,0,24,0,0,0,31,0,1108,2,1139,2,0,0,-1,10,1,14,0,2,0
06-10-20,Meigs,27,1,27,1,0,0,38,1,621,6,659,7,0,0,1,1,0,26,0,4,0
06-10-20,Monroe,93,0,85,0,8,0,98,0,1463,53,1561,53,0,4,-1,4,1,85,0,8,3
06-10-20,Montgomery,318,3,314,2,4,1,362,1,9663,183,10025,184,0,4,-3,35,6,279,0,29,7
06-10-20,Moore,6,0,6,0,0,0,7,0,422,2,429,2,0,0,0,3,0,3,0,0,0
06-10-20,Morgan,18,0,18,0,0,0,20,0,3434,16,3454,16,0,0,0,1,0,17,0,0,0
06-10-20,Obion,57,0,55,0,2,0,62,0,1746,15,1808,15,0,1,-1,17,1,39,0,9,1
06-10-20,Out of State,297,5,297,5,0,0,320,5,67035,660,67355,665,0,5,-6,26,11,266,1,23,2
06-10-20,Overton,42,1,42,1,0,0,43,1,1638,16,1681,17,0,0,0,7,1,35,0,2,0
06-10-20,Pending,3,1,3,1,0,0,6,1,44469,460,44475,461,0,0,0,0,1,3,0,0,0
06-10-20,Perry,25,0,25,0,0,0,29,0,487,4,516,4,0,0,-3,1,3,24,0,1,0
06-10-20,Pickett,4,0,4,0,0,0,4,0,397,4,401,4,0,0,0,1,0,3,0,0,0
06-10-20,Polk,29,0,28,0,1,0,32,0,728,5,760,5,0,0,0,5,0,24,0,3,0
06-10-20,Putnam,565,8,562,8,3,0,665,10,6674,100,7339,110,0,6,-4,82,12,477,0,16,6
06-10-20,Rhea,217,0,217,0,0,0,225,0,1911,7,2136,7,0,0,-2,16,2,201,0,2,0
06-10-20,Roane,31,1,24,1,7,0,33,2,4278,171,4311,173,0,0,1,6,0,25,0,4,0
06-10-20,Robertson,596,14,594,14,2,0,701,7,4404,31,5105,38,0,7,-8,56,22,533,2,50,11
06-10-20,Rutherford,1632,26,1626,26,6,0,1900,26,14532,271,16432,297,0,29,-9,289,35,1314,2,101,31
06-10-20,Scott,13,0,12,0,1,0,12,0,905,22,917,22,0,0,0,0,0,13,0,0,0
06-10-20,Sequatchie,25,0,25,0,0,0,30,0,1076,9,1106,9,0,0,0,3,0,22,0,2,0
06-10-20,Sevier,200,12,189,10,11,2,201,15,5664,91,5865,106,0,2,5,98,7,100,0,12,2
06-10-20,Shelby,6292,121,6275,121,17,0,7466,90,84234,1227,91700,1317,-1,134,-37,1024,159,5134,17,691,157
06-10-20,Smith,37,0,36,0,1,0,42,0,1063,7,1105,7,0,1,-1,0,1,36,0,2,1
06-10-20,Stewart,14,0,14,0,0,0,14,0,518,4,532,4,0,0,-1,1,1,13,0,2,0
06-10-20,Sullivan,70,0,67,0,3,0,70,1,5448,138,5518,139,0,2,0,6,0,62,0,7,2
06-10-20,Sumner,1062,11,1053,11,9,0,1344,10,9195,140,10539,150,1,47,-5,108,15,907,0,209,48
06-10-20,Tipton,501,4,499,4,2,0,534,3,5412,91,5946,94,0,3,1,37,3,461,0,25,3
06-10-20,Trousdale,1403,2,1400,2,3,0,1432,2,1980,10,3412,12,0,4,2,8,0,1391,0,14,4
06-10-20,Unicoi,52,0,52,0,0,0,57,0,926,8,983,8,0,0,-1,44,1,8,0,0,0
06-10-20,Union,7,1,7,1,0,0,6,0,651,14,657,14,0,0,1,3,0,4,0,0,0
06-10-20,Van Buren,4,0,4,0,0,0,4,0,392,2,396,2,0,0,0,0,0,4,0,1,0
06-10-20,Warren,31,0,31,0,0,0,32,0,2187,15,2219,15,0,0,0,7,0,24,0,0,0
06-10-20,Washington,85,1,85,1,0,0,108,0,4834,77,4942,77,0,0,0,8,1,77,0,6,0
06-10-20,Wayne,64,0,64,0,0,0,65,0,2370,2,2435,2,0,0,-1,1,1,63,0,2,0
06-10-20,Weakley,32,1,32,1,0,0,33,1,1652,10,1685,11,0,0,1,1,0,31,0,2,0
06-10-20,White,50,0,48,0,2,0,57,0,1719,14,1776,14,0,0,0,12,0,38,0,4,2
06-10-20,Williamson,648,9,646,9,2,0,736,9,11398,222,12134,231,0,11,6,80,3,557,0,46,12
06-10-20,Wilson,513,6,510,6,3,0,619,9,7576,256,8195,265,0,10,-3,71,9,432,0,46,11
06-09-20,Anderson,48,1,46,1,2,0,61,3,5523,195,5584,198,0,2,1,7,0,39,0,4,2
06-09-20,Bedford,344,5,344,5,0,0,387,5,2761,13,3148,18,0,4,-1,60,6,280,0,15,5
06-09-20,Benton,8,0,8,0,0,0,9,0,905,17,914,17,0,1,0,0,0,7,0,2,1
06-09-20,Bledsoe,619,0,619,0,0,0,629,0,3412,7,4041,7,0,1,-1,3,1,615,0,6,1
06-09-20,Blount,100,0,96,0,4,0,116,1,4234,138,4350,139,0,3,-1,1,1,96,0,6,3
06-09-20,Bradley,245,6,236,5,9,1,257,5,3796,81,4053,86,0,2,-10,106,16,137,0,23,2
06-09-20,Campbell,21,0,18,0,3,0,26,0,1983,21,2009,21,0,1,0,1,0,19,0,2,1
06-09-20,Cannon,23,0,23,0,0,0,35,0,711,12,746,12,0,0,-2,3,2,20,0,4,0
06-09-20,Carroll,30,0,25,0,5,0,28,0,1585,16,1613,16,0,1,0,-2,0,31,0,5,1
06-09-20,Carter,23,0,22,0,1,0,26,0,2061,124,2087,124,0,1,0,-1,0,23,0,2,1
06-09-20,Cheatham,162,2,162,2,0,0,197,6,2109,44,2306,50,0,0,-4,21,6,141,1,12,0
06-09-20,Chester,14,0,14,0,0,0,16,0,765,9,781,9,0,0,0,-1,0,15,0,1,0
06-09-20,Claiborne,13,0,13,0,0,0,14,0,942,15,956,15,0,0,-1,1,1,12,0,1,0
06-09-20,Clay,11,0,11,0,0,0,11,0,565,6,576,6,0,0,0,2,0,9,0,0,0
06-09-20,Cocke,26,1,23,1,3,0,29,0,1455,20,1484,20,0,0,1,4,0,22,0,1,0
06-09-20,Coffee,87,2,86,2,1,0,97,1,2924,14,3021,15,0,0,0,14,2,73,0,5,0
06-09-20,Crockett,19,0,17,0,2,0,24,0,653,6,677,6,0,3,0,1,0,15,0,2,3
06-09-20,Cumberland,136,0,132,0,4,0,174,3,5247,63,5421,66,0,2,-2,13,2,121,0,11,2
06-09-20,Davidson,6191,163,6185,163,6,0,7204,193,65473,1119,72677,1312,7,80,20,814,136,5297,6,431,90
06-09-20,Decatur,14,8,14,8,0,0,14,6,642,6,656,12,0,0,8,9,0,5,0,1,0
06-09-20,Dekalb,41,2,41,2,0,0,49,3,1496,16,1545,19,0,0,2,5,0,36,0,0,0
06-09-20,Dickson,130,1,130,1,0,0,171,2,2611,28,2782,30,0,0,-3,11,4,119,0,13,0
06-09-20,Dyer,77,3,72,2,5,1,86,6,2027,50,2113,56,0,0,2,19,1,58,0,6,0
06-09-20,Fayette,168,2,167,2,1,0,220,4,3895,58,4115,62,0,2,0,28,2,138,1,21,3
06-09-20,Fentress,13,1,13,1,0,0,13,1,1023,24,1036,25,0,0,1,1,0,12,0,1,0
06-09-20,Franklin,58,0,56,0,2,0,69,0,2244,8,2313,8,0,1,0,6,0,51,0,6,2
06-09-20,Gibson,69,0,65,0,4,0,76,0,2668,39,2744,39,0,1,-1,-1,1,69,0,5,1
06-09-20,Giles,20,0,20,0,0,0,26,0,1311,15,1337,15,0,0,0,6,0,14,0,4,0
06-09-20,Grainger,18,0,17,0,1,0,25,0,889,19,914,19,0,0,-1,5,1,13,0,4,0
06-09-20,Greene,52,0,51,0,1,0,59,0,2742,34,2801,34,0,2,0,1,0,49,0,8,2
06-09-20,Grundy,30,0,30,0,0,0,37,0,545,0,582,0,0,1,0,2,0,27,0,10,1
06-09-20,Hamblen,70,3,61,3,9,0,67,4,3594,111,3661,115,1,3,-3,20,5,47,1,11,3
06-09-20,Hamilton,1133,53,1129,53,4,0,1185,55,19354,430,20539,485,0,19,-20,85,73,1029,2,78,20
06-09-20,Hancock,1,0,1,0,0,0,1,0,260,3,261,3,0,0,0,0,0,1,0,0,0
06-09-20,Hardeman,216,0,216,0,0,0,226,1,5491,14,5717,15,0,0,-3,10,3,206,0,9,0
06-09-20,Hardin,32,1,32,1,0,0,38,1,2109,14,2147,15,0,2,-2,15,3,15,1,6,3
06-09-20,Hawkins,34,0,34,0,0,0,48,0,2186,25,2234,25,0,2,-1,1,1,31,0,6,2
06-09-20,Haywood,37,0,36,0,1,0,39,0,1104,18,1143,18,0,2,0,1,0,34,0,6,2
06-09-20,Henderson,15,1,15,1,0,0,19,1,1283,15,1302,16,0,0,1,2,0,13,0,0,0
06-09-20,Henry,32,0,32,0,0,0,42,0,1860,7,1902,7,0,0,0,2,0,30,0,5,0
06-09-20,Hickman,60,0,60,0,0,0,85,0,1246,8,1331,8,0,0,0,2,0,58,0,2,0
06-09-20,Houston,10,1,10,1,0,0,14,1,588,4,602,5,0,0,1,1,0,9,0,5,0
06-09-20,Humphreys,18,1,17,1,1,0,21,1,898,17,919,18,0,1,0,2,1,15,0,1,1
06-09-20,Jackson,23,0,23,0,0,0,26,0,723,9,749,9,0,0,0,1,0,22,0,1,0
06-09-20,Jefferson,35,1,31,1,4,0,31,2,2842,95,2873,97,0,0,1,2,0,33,0,1,0
06-09-20,Johnson,24,1,24,1,0,0,22,0,2078,6,2100,6,0,0,1,10,0,14,0,1,0
06-09-20,Knox,500,16,494,16,6,0,555,20,22818,552,23373,572,0,5,5,91,11,404,1,48,5
06-09-20,Lake,686,6,684,6,2,0,848,11,3585,26,4433,37,0,0,5,271,1,415,0,3,0
06-09-20,Lauderdale,61,0,60,0,1,0,81,0,3664,21,3745,21,0,1,0,2,0,58,0,8,1
06-09-20,Lawrence,42,5,42,5,0,0,43,2,1938,7,1981,9,0,0,2,10,3,32,0,5,0
06-09-20,Lewis,4,0,4,0,0,0,5,0,545,5,550,5,0,0,0,0,0,4,0,0,0
06-09-20,Lincoln,34,1,34,1,0,0,41,0,1507,7,1548,7,0,0,-1,5,2,29,0,3,0
06-09-20,Loudon,173,1,159,1,14,0,173,2,2414,42,2587,44,0,0,-3,25,4,148,0,10,2
06-09-20,Macon,184,6,184,6,0,0,210,6,1675,22,1885,28,0,3,5,35,1,146,0,14,3
06-09-20,Madison,179,3,179,3,0,0,211,3,5829,23,6040,26,0,2,2,6,1,171,1,21,2
06-09-20,Marion,47,1,46,1,1,0,53,1,981,5,1034,6,0,1,0,7,1,39,0,13,2
06-09-20,Marshall,40,3,40,3,0,0,46,1,1257,5,1303,6,0,1,3,8,0,31,0,6,1
06-09-20,Maury,124,2,124,2,0,0,149,3,3684,33,3833,36,0,1,-1,30,3,93,0,11,1
06-09-20,McMinn,166,1,166,1,0,0,190,1,3242,10,3432,11,0,14,-2,23,3,129,1,22,15
06-09-20,McNairy,24,1,24,1,0,0,31,1,1106,5,1137,6,0,0,1,11,0,13,0,2,0
06-09-20,Meigs,26,0,26,0,0,0,37,0,615,3,652,3,0,0,0,0,0,26,0,4,0
06-09-20,Monroe,93,0,85,0,8,0,98,0,1410,19,1508,19,0,4,-3,5,3,84,0,8,3
06-09-20,Montgomery,315,8,312,7,3,1,361,8,9480,112,9841,120,1,4,5,38,2,273,0,29,7
06-09-20,Moore,6,0,6,0,0,0,7,0,420,2,427,2,0,0,0,3,0,3,0,0,0
06-09-20,Morgan,18,0,18,0,0,0,20,0,3418,19,3438,19,0,0,0,1,0,17,0,0,0
06-09-20,Obion,57,0,55,0,2,0,62,2,1731,22,1793,24,0,1,-1,18,1,38,0,9,1
06-09-20,Out of State,292,5,292,5,0,0,315,6,66375,1067,66690,1073,1,5,-9,32,13,255,0,22,2
06-09-20,Overton,41,2,41,2,0,0,42,2,1622,25,1664,27,0,0,-2,7,4,34,0,2,0
06-09-20,Pending,2,0,2,0,0,0,5,0,44009,502,44014,502,0,0,0,0,0,2,0,0,0
06-09-20,Perry,25,0,25,0,0,0,29,0,483,2,512,2,0,0,-4,4,4,21,0,1,0
06-09-20,Pickett,4,0,4,0,0,0,4,0,393,3,397,3,0,0,0,1,0,3,0,0,0
06-09-20,Polk,29,0,28,0,1,0,32,0,723,5,755,5,0,0,-3,5,3,24,0,3,0
06-09-20,Putnam,557,15,554,15,3,0,655,19,6574,345,7229,364,0,6,-9,86,24,465,1,16,6
06-09-20,Rhea,217,1,217,1,0,0,225,1,1904,8,2129,9,0,0,-4,18,5,199,0,2,0
06-09-20,Roane,30,0,23,0,7,0,31,0,4107,129,4138,129,0,0,-1,5,1,25,0,4,0
06-09-20,Robertson,582,11,580,11,2,0,694,15,4373,75,5067,90,1,7,-7,64,17,511,0,48,11
06-09-20,Rutherford,1606,45,1600,45,6,0,1874,50,14261,268,16135,318,0,29,-12,298,57,1279,1,99,31
06-09-20,Scott,13,0,12,0,1,0,12,0,883,8,895,8,0,0,0,0,0,13,0,0,0
06-09-20,Sequatchie,25,0,25,0,0,0,30,0,1067,4,1097,4,0,0,-2,3,2,22,0,2,0
06-09-20,Sevier,188,20,179,20,9,0,186,16,5573,75,5759,91,0,2,11,93,9,93,2,12,2
06-09-20,Shelby,6171,123,6154,121,17,2,7376,137,83007,1517,90383,1654,2,135,0,1061,121,4975,18,674,156
06-09-20,Smith,37,1,36,1,1,0,42,1,1056,14,1098,15,0,1,-2,1,3,35,0,2,1
06-09-20,Stewart,14,0,14,0,0,0,14,0,514,1,528,1,0,0,0,2,0,12,0,2,0
06-09-20,Sullivan,70,2,67,2,3,0,69,1,5310,74,5379,75,0,2,1,6,1,62,0,7,2
06-09-20,Sumner,1051,21,1042,21,9,0,1334,22,9055,165,10389,187,0,46,2,113,19,892,1,209,48
06-09-20,Tipton,497,1,495,1,2,0,531,3,5321,83,5852,86,0,3,-4,36,5,458,0,25,3
06-09-20,Trousdale,1401,0,1398,0,3,0,1430,0,1970,14,3400,14,0,4,0,6,0,1391,0,14,4
06-09-20,Unicoi,52,0,52,0,0,0,57,0,918,128,975,128,0,0,-1,45,1,7,0,0,0
06-09-20,Union,6,0,6,0,0,0,6,1,637,6,643,7,0,0,0,2,0,4,0,0,0
06-09-20,Van Buren,4,0,4,0,0,0,4,0,390,8,394,8,0,0,0,0,0,4,0,1,0
06-09-20,Warren,31,1,31,1,0,0,32,1,2172,69,2204,70,0,0,1,7,0,24,0,0,0
06-09-20,Washington,84,0,84,0,0,0,108,0,4757,65,4865,65,0,0,0,8,0,76,0,6,0
06-09-20,Wayne,64,0,64,0,0,0,65,0,2368,2,2433,2,0,0,0,2,0,62,0,2,0
06-09-20,Weakley,31,0,31,0,0,0,32,0,1642,17,1674,17,0,0,0,0,0,31,0,2,0
06-09-20,White,50,2,48,2,2,0,57,2,1705,51,1762,53,0,0,-1,12,3,38,0,4,2
06-09-20,Williamson,639,14,637,14,2,0,727,18,11176,176,11903,194,0,11,4,74,10,554,0,46,12
06-09-20,Wilson,507,8,504,8,3,0,610,12,7320,99,7930,111,1,10,-7,74,14,423,0,46,11
06-08-20,Anderson,47,1,45,1,2,0,58,0,5328,33,5386,33,0,2,1,6,0,39,0,4,2
06-08-20,Bedford,339,10,339,10,0,0,382,15,2748,37,3130,52,0,4,9,61,1,274,0,15,5
06-08-20,Benton,8,0,8,0,0,0,9,0,888,7,897,7,0,1,-1,0,1,7,0,2,1
06-08-20,Bledsoe,619,2,619,2,0,0,629,1,3405,12,4034,13,0,1,2,4,0,614,1,6,1
06-08-20,Blount,100,2,96,2,4,0,115,1,4096,67,4211,68,0,3,1,2,1,95,0,6,3
06-08-20,Bradley,239,19,231,18,8,1,252,19,3715,243,3967,262,0,2,13,116,6,121,2,23,2
06-08-20,Campbell,21,0,18,0,3,0,26,0,1962,69,1988,69,0,1,0,1,0,19,0,2,1
06-08-20,Cannon,23,0,23,0,0,0,35,0,699,13,734,13,0,0,0,5,0,18,0,4,0
06-08-20,Carroll,30,0,25,0,5,0,28,0,1569,8,1597,8,0,1,0,-2,0,31,0,5,1
06-08-20,Carter,23,0,22,0,1,0,26,0,1937,37,1963,37,0,1,0,-1,0,23,0,2,1
06-08-20,Cheatham,160,3,160,3,0,0,191,2,2065,25,2256,27,0,0,1,25,2,135,0,11,0
06-08-20,Chester,14,0,14,0,0,0,16,0,756,6,772,6,0,0,0,-1,0,15,0,1,0
06-08-20,Claiborne,13,0,13,0,0,0,14,0,927,15,941,15,0,0,-1,2,1,11,0,1,0
06-08-20,Clay,11,0,11,0,0,0,11,0,559,14,570,14,0,0,0,2,0,9,0,0,0
06-08-20,Cocke,25,2,22,1,3,1,29,1,1435,25,1464,26,0,0,2,3,0,22,0,1,0
06-08-20,Coffee,85,2,84,2,1,0,96,1,2910,31,3006,32,0,0,2,14,0,71,0,5,0
06-08-20,Crockett,19,0,17,0,2,0,24,0,647,5,671,5,0,3,0,1,0,15,0,2,3
06-08-20,Cumberland,136,1,132,1,4,0,171,2,5184,25,5355,27,0,2,1,15,0,119,0,11,2
06-08-20,Davidson,6028,89,6022,89,6,0,7011,108,64354,820,71365,928,0,73,1,794,88,5161,0,425,88
06-08-20,Decatur,6,0,6,0,0,0,8,0,636,4,644,4,0,0,0,1,0,5,0,1,0
06-08-20,Dekalb,39,0,39,0,0,0,46,0,1480,2,1526,2,0,0,0,3,0,36,0,0,0
06-08-20,Dickson,129,1,129,1,0,0,169,1,2583,35,2752,36,0,0,-1,14,2,115,0,13,0
06-08-20,Dyer,74,3,70,3,4,0,80,3,1977,64,2057,67,0,0,1,17,2,57,0,6,0
06-08-20,Fayette,166,5,165,5,1,0,216,5,3837,60,4053,65,0,2,3,28,2,136,0,20,3
06-08-20,Fentress,12,0,12,0,0,0,12,0,999,4,1011,4,0,0,0,0,0,12,0,1,0
06-08-20,Franklin,58,1,56,1,2,0,69,1,2236,26,2305,27,0,1,1,6,0,51,0,6,2
06-08-20,Gibson,69,0,65,0,4,0,76,0,2629,15,2705,15,0,1,0,0,0,68,0,5,1
06-08-20,Giles,20,1,20,1,0,0,26,1,1296,39,1322,40,0,0,1,6,0,14,1,4,0
06-08-20,Grainger,18,1,17,1,1,0,25,2,870,25,895,27,0,0,0,6,1,12,0,4,0
06-08-20,Greene,52,0,51,0,1,0,59,0,2708,53,2767,53,0,2,0,1,0,49,0,8,2
06-08-20,Grundy,30,0,30,0,0,0,37,0,545,9,582,9,0,1,0,2,0,27,0,10,1
06-08-20,Hamblen,67,5,58,4,9,1,63,4,3483,252,3546,256,0,2,2,23,3,42,0,10,3
06-08-20,Hamilton,1080,60,1076,60,4,0,1130,58,18924,455,20054,513,0,19,3,105,57,956,1,76,20
06-08-20,Hancock,1,0,1,0,0,0,1,0,257,7,258,7,0,0,0,0,0,1,0,0,0
06-08-20,Hardeman,216,1,216,1,0,0,225,0,5477,27,5702,27,0,0,-1,13,2,203,1,9,0
06-08-20,Hardin,31,1,31,1,0,0,37,3,2095,18,2132,21,0,2,1,17,0,12,0,5,2
06-08-20,Hawkins,34,0,34,0,0,0,48,0,2161,412,2209,412,0,2,0,2,0,30,0,6,2
06-08-20,Haywood,37,1,36,1,1,0,39,1,1086,13,1125,14,0,2,-1,1,2,34,0,6,2
06-08-20,Henderson,14,0,14,0,0,0,18,0,1268,12,1286,12,0,0,0,1,0,13,0,0,0
06-08-20,Henry,32,0,32,0,0,0,42,1,1853,17,1895,18,0,0,0,2,0,30,0,5,0
06-08-20,Hickman,60,0,60,0,0,0,85,0,1238,15,1323,15,0,0,-2,2,2,58,0,2,0
06-08-20,Houston,9,0,9,0,0,0,13,0,584,12,597,12,0,0,0,0,0,9,0,5,0
06-08-20,Humphreys,17,0,16,0,1,0,20,0,881,8,901,8,0,1,0,2,0,14,0,1,1
06-08-20,Jackson,23,0,23,0,0,0,26,0,714,2,740,2,0,0,0,1,0,22,0,1,0
06-08-20,Jefferson,34,1,30,1,4,0,29,0,2747,44,2776,44,0,0,1,1,0,33,0,1,0
06-08-20,Johnson,23,1,23,1,0,0,22,1,2072,9,2094,10,0,0,1,9,0,14,0,1,0
06-08-20,Knox,484,8,478,8,6,0,535,6,22266,282,22801,288,0,5,4,86,4,393,1,47,5
06-08-20,Lake,680,0,678,0,2,0,837,0,3559,95,4396,95,0,0,0,266,0,414,0,3,0
06-08-20,Lauderdale,61,0,60,0,1,0,81,0,3643,24,3724,24,0,1,-1,2,1,58,0,8,1
06-08-20,Lawrence,37,2,37,2,0,0,41,2,1931,55,1972,57,0,0,1,8,1,29,1,5,0
06-08-20,Lewis,4,0,4,0,0,0,5,1,540,5,545,6,0,0,0,0,0,4,0,0,0
06-08-20,Lincoln,33,1,33,1,0,0,41,1,1500,21,1541,22,0,0,1,6,0,27,1,3,0
06-08-20,Loudon,172,1,158,0,14,1,171,1,2372,18,2543,19,0,0,-2,28,3,144,0,10,1
06-08-20,Macon,178,2,178,2,0,0,204,2,1653,14,1857,16,0,3,-4,30,6,145,0,14,3
06-08-20,Madison,176,1,176,1,0,0,208,1,5806,42,6014,43,0,2,-1,4,2,170,0,20,2
06-08-20,Marion,46,0,45,0,1,0,52,0,976,27,1028,27,0,1,-1,7,1,38,0,13,2
06-08-20,Marshall,37,0,37,0,0,0,45,0,1252,13,1297,13,0,1,0,5,0,31,0,6,1
06-08-20,Maury,122,6,122,6,0,0,146,9,3651,45,3797,54,0,1,5,31,1,90,1,11,1
06-08-20,McMinn,165,7,165,7,0,0,189,10,3232,73,3421,83,0,14,6,25,1,126,1,21,15
06-08-20,McNairy,23,1,23,1,0,0,30,1,1101,13,1131,14,0,0,1,10,0,13,0,2,0
06-08-20,Meigs,26,0,26,0,0,0,37,0,612,7,649,7,0,0,-1,0,1,26,0,4,0
06-08-20,Monroe,93,0,85,0,8,0,98,0,1391,5,1489,5,0,4,-3,8,3,81,0,8,3
06-08-20,Montgomery,307,5,305,5,2,0,353,6,9368,225,9721,231,0,3,3,33,2,271,0,29,7
06-08-20,Moore,6,0,6,0,0,0,7,0,418,7,425,7,0,0,0,3,0,3,0,0,0
06-08-20,Morgan,18,0,18,0,0,0,20,0,3399,10,3419,10,0,0,0,1,0,17,0,0,0
06-08-20,Obion,57,1,55,1,2,0,60,1,1709,66,1769,67,0,1,1,19,0,37,0,9,1
06-08-20,Out of State,287,1,287,1,0,0,309,1,65308,1061,65617,1062,0,4,0,41,1,242,0,22,2
06-08-20,Overton,39,0,39,0,0,0,40,0,1597,10,1637,10,0,0,0,9,0,30,0,2,0
06-08-20,Pending,2,0,2,0,0,0,5,0,43507,755,43512,755,0,0,0,0,0,2,0,0,0
06-08-20,Perry,25,0,25,0,0,0,29,0,481,12,510,12,0,0,-1,8,1,17,0,1,0
06-08-20,Pickett,4,0,4,0,0,0,4,0,390,0,394,0,0,0,0,1,0,3,0,0,0
06-08-20,Polk,29,3,28,3,1,0,32,3,718,13,750,16,0,0,3,8,0,21,0,3,0
06-08-20,Putnam,542,2,539,2,3,0,636,2,6229,45,6865,47,0,6,-1,95,3,441,0,15,6
06-08-20,Rhea,216,0,216,0,0,0,224,0,1896,35,2120,35,0,0,-2,22,2,194,0,2,0
06-08-20,Roane,30,3,23,3,7,0,31,2,3978,27,4009,29,0,0,3,6,0,24,0,4,0
06-08-20,Robertson,571,12,569,12,2,0,679,17,4298,83,4977,100,0,6,-4,71,16,494,2,48,11
06-08-20,Rutherford,1561,51,1555,51,6,0,1824,57,13993,384,15817,441,0,29,16,310,35,1222,0,98,31
06-08-20,Scott,13,0,12,0,1,0,12,0,875,13,887,13,0,0,0,0,0,13,0,0,0
06-08-20,Sequatchie,25,0,25,0,0,0,30,0,1063,8,1093,8,0,0,0,5,0,20,0,2,0
06-08-20,Sevier,168,40,159,40,9,0,170,35,5498,143,5668,178,0,2,39,82,1,84,0,10,2
06-08-20,Shelby,6048,85,6033,85,15,0,7239,115,81490,1559,88729,1674,3,133,-19,1061,101,4854,14,656,156
06-08-20,Smith,36,0,35,0,1,0,41,0,1042,8,1083,8,0,1,0,3,0,32,0,2,1
06-08-20,Stewart,14,0,14,0,0,0,14,0,513,10,527,10,0,0,0,2,0,12,0,2,0
06-08-20,Sullivan,68,2,65,2,3,0,68,1,5236,133,5304,134,0,2,2,5,0,61,0,7,2
06-08-20,Sumner,1030,16,1021,16,9,0,1312,21,8890,78,10202,99,0,46,8,111,8,873,0,208,48
06-08-20,Tipton,496,7,494,7,2,0,528,8,5238,172,5766,180,0,3,4,40,3,453,0,25,3
06-08-20,Trousdale,1401,2,1398,2,3,0,1430,2,1956,8,3386,10,0,4,2,6,0,1391,0,14,4
06-08-20,Unicoi,52,0,52,0,0,0,57,0,790,34,847,34,0,0,-1,46,1,6,0,0,0
06-08-20,Union,6,1,6,1,0,0,5,0,631,9,636,9,0,0,1,2,0,4,0,0,0
06-08-20,Van Buren,4,0,4,0,0,0,4,0,382,6,386,6,0,0,0,0,0,4,0,1,0
06-08-20,Warren,30,1,30,1,0,0,31,1,2103,36,2134,37,0,0,1,6,0,24,0,0,0
06-08-20,Washington,84,0,84,0,0,0,108,0,4692,188,4800,188,0,0,0,8,0,76,0,6,0
06-08-20,Wayne,64,0,64,0,0,0,65,0,2366,6,2431,6,0,0,0,2,0,62,0,2,0
06-08-20,Weakley,31,0,31,0,0,0,32,0,1625,20,1657,20,0,0,0,0,0,31,0,2,0
06-08-20,White,48,0,46,0,2,0,55,0,1654,4,1709,4,0,0,-2,13,2,35,0,4,2
06-08-20,Williamson,625,8,623,8,2,0,709,9,11000,256,11709,265,0,11,-1,70,9,544,0,46,12
06-08-20,Wilson,499,7,496,7,3,0,598,10,7221,108,7819,118,0,9,1,81,6,409,0,46,11
06-07-20,Anderson,46,2,44,1,2,1,58,3,5295,88,5353,91,0,2,2,5,0,39,0,4,2
06-07-20,Bedford,329,1,329,1,0,0,367,20,2711,60,3078,80,0,4,-2,52,3,273,0,15,5
06-07-20,Benton,8,0,8,0,0,0,9,0,881,10,890,10,0,1,0,1,0,6,0,2,1
06-07-20,Bledsoe,617,0,617,0,0,0,628,0,3393,14,4021,14,0,1,0,2,0,614,0,5,1
06-07-20,Blount,98,0,94,0,4,0,114,1,4029,96,4143,97,0,3,-2,1,2,94,0,6,3
06-07-20,Bradley,220,15,213,15,7,0,233,15,3472,182,3705,197,0,2,11,103,4,115,0,21,2
06-07-20,Campbell,21,0,18,0,3,0,26,0,1893,235,1919,235,0,1,0,1,0,19,0,2,1
06-07-20,Cannon,23,2,23,2,0,0,35,3,686,28,721,31,0,0,2,5,0,18,0,4,0
06-07-20,Carroll,30,0,25,0,5,0,28,0,1561,51,1589,51,0,1,0,-2,0,31,0,5,1
06-07-20,Carter,23,0,22,0,1,0,26,0,1900,255,1926,255,0,1,0,-1,0,23,0,2,1
06-07-20,Cheatham,157,1,157,1,0,0,189,3,2040,25,2229,28,0,0,-1,24,2,133,1,11,0
06-07-20,Chester,14,0,14,0,0,0,16,0,750,12,766,12,0,0,0,-1,0,15,0,1,0
06-07-20,Claiborne,13,1,13,1,0,0,14,1,912,27,926,28,0,0,1,3,0,10,0,1,0
06-07-20,Clay,11,1,11,1,0,0,11,1,545,7,556,8,0,0,1,2,0,9,0,0,0
06-07-20,Cocke,23,0,21,0,2,0,28,0,1410,34,1438,34,0,0,0,1,0,22,0,1,0
06-07-20,Coffee,83,0,82,0,1,0,95,1,2879,28,2974,29,0,0,-1,12,1,71,0,5,0
06-07-20,Crockett,19,0,17,0,2,0,24,0,642,9,666,9,0,3,0,1,0,15,0,2,3
06-07-20,Cumberland,135,0,131,0,4,0,169,0,5159,69,5328,69,0,2,0,14,0,119,0,11,2
06-07-20,Davidson,5939,126,5933,126,6,0,6903,160,63534,1416,70437,1576,0,73,69,793,57,5073,8,425,87
06-07-20,Decatur,6,0,6,0,0,0,8,0,632,31,640,31,0,0,0,1,0,5,0,1,0
06-07-20,Dekalb,39,1,39,1,0,0,46,1,1478,22,1524,23,0,0,1,3,0,36,0,0,0
06-07-20,Dickson,128,0,128,0,0,0,168,0,2548,37,2716,37,0,0,0,15,0,113,0,13,0
06-07-20,Dyer,71,5,67,5,4,0,77,1,1913,35,1990,36,0,0,3,16,2,55,0,6,0
06-07-20,Fayette,161,1,160,1,1,0,211,5,3777,76,3988,81,0,2,0,25,1,134,0,20,3
06-07-20,Fentress,12,0,12,0,0,0,12,0,995,15,1007,15,0,0,0,0,0,12,0,1,0
06-07-20,Franklin,57,0,55,0,2,0,68,0,2210,36,2278,36,0,1,0,5,0,51,0,6,2
06-07-20,Gibson,69,1,65,1,4,0,76,1,2614,27,2690,28,0,1,1,0,0,68,0,5,1
06-07-20,Giles,19,1,19,1,0,0,25,4,1257,114,1282,118,0,0,1,5,0,14,0,3,0
06-07-20,Grainger,17,0,16,0,1,0,23,1,845,19,868,20,0,0,-2,6,2,11,0,4,0
06-07-20,Greene,52,0,51,0,1,0,59,0,2655,95,2714,95,0,2,-2,1,2,49,0,8,2
06-07-20,Grundy,30,0,30,0,0,0,37,0,536,14,573,14,0,1,0,2,0,27,0,10,1
06-07-20,Hamblen,62,9,54,9,8,0,59,10,3231,148,3290,158,0,2,9,21,0,39,3,10,3
06-07-20,Hamilton,1020,10,1016,10,4,0,1072,14,18469,515,19541,529,0,19,-30,102,40,899,1,75,20
06-07-20,Hancock,1,0,1,0,0,0,1,0,250,4,251,4,0,0,0,0,0,1,0,0,0
06-07-20,Hardeman,215,1,215,1,0,0,225,2,5450,42,5675,44,0,0,-2,14,3,201,0,8,0
06-07-20,Hardin,30,0,30,0,0,0,34,1,2077,141,2111,142,0,2,-2,16,2,12,0,5,2
06-07-20,Hawkins,34,0,34,0,0,0,48,0,1749,35,1797,35,0,2,0,2,0,30,0,6,2
06-07-20,Haywood,36,0,35,0,1,0,38,0,1073,26,1111,26,0,2,0,2,0,32,0,6,2
06-07-20,Henderson,14,0,14,0,0,0,18,0,1256,59,1274,59,0,0,0,1,0,13,0,0,0
06-07-20,Henry,32,0,32,0,0,0,41,0,1836,64,1877,64,0,0,0,2,0,30,0,5,0
06-07-20,Hickman,60,1,60,1,0,0,85,1,1223,34,1308,35,0,0,-2,4,3,56,0,2,0
06-07-20,Houston,9,0,9,0,0,0,13,0,572,3,585,3,0,0,0,0,0,9,0,5,0
06-07-20,Humphreys,17,0,16,0,1,0,20,1,873,12,893,13,0,1,0,2,0,14,0,1,1
06-07-20,Jackson,23,1,23,1,0,0,26,1,712,20,738,21,0,0,1,1,0,22,0,1,0
06-07-20,Jefferson,33,0,29,0,4,0,29,0,2703,40,2732,40,0,0,0,0,0,33,0,1,0
06-07-20,Johnson,22,0,22,0,0,0,21,2,2063,55,2084,57,0,0,0,8,0,14,0,1,0
06-07-20,Knox,476,7,470,7,6,0,529,8,21984,817,22513,825,0,5,0,82,7,389,1,46,5
06-07-20,Lake,680,0,678,0,2,0,837,0,3464,13,4301,13,0,0,0,266,0,414,0,3,0
06-07-20,Lauderdale,61,0,60,0,1,0,81,0,3619,145,3700,145,0,1,0,3,0,57,0,8,1
06-07-20,Lawrence,35,1,35,1,0,0,39,3,1876,85,1915,88,0,0,1,7,0,28,0,4,0
06-07-20,Lewis,4,0,4,0,0,0,4,0,535,8,539,8,0,0,0,0,0,4,0,0,0
06-07-20,Lincoln,32,0,32,0,0,0,40,2,1479,57,1519,59,0,0,0,5,0,27,0,2,0
06-07-20,Loudon,171,3,158,3,13,0,170,3,2354,36,2524,39,0,0,-1,30,4,141,1,10,1
06-07-20,Macon,176,1,176,1,0,0,202,4,1639,23,1841,27,0,3,-2,34,3,139,0,14,3
06-07-20,Madison,175,1,175,1,0,0,207,1,5764,129,5971,130,0,2,1,5,0,168,0,20,2
06-07-20,Marion,46,0,45,0,1,0,52,0,949,35,1001,35,0,1,-1,8,1,37,0,13,2
06-07-20,Marshall,37,0,37,0,0,0,45,3,1239,56,1284,59,0,1,0,5,0,31,0,6,1
06-07-20,Maury,116,1,116,1,0,0,137,4,3606,89,3743,93,0,1,-1,26,2,89,0,10,1
06-07-20,McMinn,158,1,158,1,0,0,179,2,3159,73,3338,75,0,14,0,19,1,125,0,20,15
06-07-20,McNairy,22,0,22,0,0,0,29,3,1088,37,1117,40,0,0,0,9,0,13,0,2,0
06-07-20,Meigs,26,0,26,0,0,0,37,0,605,19,642,19,0,0,0,1,0,25,0,4,0
06-07-20,Monroe,93,0,85,0,8,0,98,4,1386,34,1484,38,0,4,0,11,0,78,0,8,3
06-07-20,Montgomery,302,5,300,5,2,0,347,5,9143,118,9490,123,0,3,0,30,5,269,0,29,7
06-07-20,Moore,6,0,6,0,0,0,7,0,411,2,418,2,0,0,0,3,0,3,0,0,0
06-07-20,Morgan,18,0,18,0,0,0,20,0,3389,23,3409,23,0,0,0,1,0,17,0,0,0
06-07-20,Obion,56,0,54,0,2,0,59,0,1643,61,1702,61,0,1,0,18,0,37,0,9,1
06-07-20,Out of State,286,5,286,5,0,0,308,7,64247,1631,64555,1638,0,4,4,41,1,241,0,22,2
06-07-20,Overton,39,2,39,2,0,0,40,2,1587,14,1627,16,0,0,2,9,0,30,0,2,0
06-07-20,Pending,2,0,2,0,0,0,5,0,42752,829,42757,829,0,0,0,0,0,2,0,0,0
06-07-20,Perry,25,0,25,0,0,0,29,0,469,7,498,7,0,0,0,9,0,16,0,1,0
06-07-20,Pickett,4,0,4,0,0,0,4,0,390,1,394,1,0,0,0,1,0,3,0,0,0
06-07-20,Polk,26,0,25,0,1,0,29,0,705,96,734,96,0,0,-1,5,1,21,0,3,0
06-07-20,Putnam,540,18,537,18,3,0,634,20,6184,65,6818,85,0,6,12,96,6,438,0,15,6
06-07-20,Rhea,216,1,216,1,0,0,224,1,1861,75,2085,76,0,0,0,24,1,192,0,2,0
06-07-20,Roane,27,0,20,0,7,0,29,0,3951,192,3980,192,0,0,-1,3,1,24,0,4,0
06-07-20,Robertson,559,3,557,3,2,0,662,8,4215,36,4877,44,0,6,-9,75,12,478,1,46,11
06-07-20,Rutherford,1510,28,1504,28,6,0,1767,40,13609,315,15376,355,0,29,14,294,14,1187,0,98,31
06-07-20,Scott,13,0,12,0,1,0,12,0,862,112,874,112,0,0,0,0,0,13,0,0,0
06-07-20,Sequatchie,25,1,25,1,0,0,30,2,1055,21,1085,23,0,0,-1,5,2,20,0,2,0
06-07-20,Sevier,128,8,119,7,9,1,135,9,5355,115,5490,124,0,2,8,43,0,83,0,10,2
06-07-20,Shelby,5963,128,5948,128,15,0,7124,185,79931,2578,87055,2763,1,130,60,1080,67,4753,6,642,155
06-07-20,Smith,36,1,35,1,1,0,41,1,1034,23,1075,24,0,1,0,3,1,32,0,2,1
06-07-20,Stewart,14,0,14,0,0,0,14,0,503,11,517,11,0,0,0,2,0,12,0,2,0
06-07-20,Sullivan,66,0,63,0,3,0,67,0,5103,60,5170,60,0,2,0,3,0,61,0,7,2
06-07-20,Sumner,1014,10,1005,10,9,0,1291,13,8812,95,10103,108,0,46,3,103,7,865,0,208,48
06-07-20,Tipton,489,3,487,3,2,0,520,2,5066,115,5586,117,0,3,1,36,2,450,0,25,3
06-07-20,Trousdale,1399,1,1396,1,3,0,1428,1,1948,3,3376,4,0,4,1,4,0,1391,0,14,4
06-07-20,Unicoi,52,0,52,0,0,0,57,2,756,72,813,74,0,0,0,47,0,5,0,0,0
06-07-20,Union,5,1,5,1,0,0,5,1,622,45,627,46,0,0,1,1,0,4,0,0,0
06-07-20,Van Buren,4,0,4,0,0,0,4,0,376,7,380,7,0,0,0,0,0,4,0,1,0
06-07-20,Warren,29,2,29,2,0,0,30,3,2067,24,2097,27,0,0,2,5,0,24,0,0,0
06-07-20,Washington,84,0,84,0,0,0,108,9,4504,185,4612,194,0,0,0,8,0,76,0,6,0
06-07-20,Wayne,64,0,64,0,0,0,65,0,2360,61,2425,61,0,0,0,2,0,62,0,2,0
06-07-20,Weakley,31,0,31,0,0,0,32,0,1605,28,1637,28,0,0,0,0,0,31,0,2,0
06-07-20,White,48,4,46,4,2,0,55,5,1650,44,1705,49,0,0,3,15,1,33,0,4,1
06-07-20,Williamson,617,7,615,7,2,0,700,10,10744,145,11444,155,0,11,4,71,3,535,0,46,12
06-07-20,Wilson,492,5,489,5,3,0,588,5,7113,83,7701,88,0,9,1,80,4,403,0,46,9
06-06-20,Anderson,44,1,43,1,1,0,55,1,5207,55,5262,56,0,2,1,3,0,39,0,4,2
06-06-20,Bedford,328,13,328,13,0,0,347,5,2651,65,2998,70,0,4,13,54,0,270,0,15,5
06-06-20,Benton,8,0,8,0,0,0,9,0,871,5,880,5,0,1,0,1,0,6,0,2,1
06-06-20,Bledsoe,617,1,617,1,0,0,628,1,3379,18,4007,19,0,1,1,2,0,614,0,5,1
06-06-20,Blount,98,0,94,0,4,0,113,0,3933,77,4046,77,0,3,-1,3,1,92,0,6,3
06-06-20,Bradley,205,14,198,11,7,3,218,16,3290,212,3508,228,0,2,10,92,4,111,0,21,2
06-06-20,Campbell,21,0,18,0,3,0,26,0,1658,31,1684,31,0,1,0,1,0,19,0,2,1
06-06-20,Cannon,21,0,21,0,0,0,32,0,658,5,690,5,0,0,0,3,0,18,0,4,0
06-06-20,Carroll,30,0,25,0,5,0,28,0,1510,5,1538,5,0,1,0,-2,0,31,0,5,1
06-06-20,Carter,23,0,22,0,1,0,26,0,1645,30,1671,30,0,1,0,-1,0,23,0,2,1
06-06-20,Cheatham,156,3,156,3,0,0,186,3,2015,19,2201,22,0,0,3,25,0,131,0,10,0
06-06-20,Chester,14,0,14,0,0,0,16,0,738,7,754,7,0,0,0,-1,0,15,0,1,0
06-06-20,Claiborne,12,0,12,0,0,0,13,0,885,14,898,14,0,0,0,2,0,10,0,1,0
06-06-20,Clay,10,0,10,0,0,0,10,0,538,5,548,5,0,0,0,1,0,9,0,0,0
06-06-20,Cocke,23,0,21,0,2,0,28,0,1376,19,1404,19,0,0,0,1,0,22,0,1,0
06-06-20,Coffee,83,0,82,0,1,0,94,3,2851,193,2945,196,0,0,0,13,0,70,0,5,0
06-06-20,Crockett,19,0,17,0,2,0,24,0,633,7,657,7,0,3,0,1,0,15,0,2,3
06-06-20,Cumberland,135,6,131,6,4,0,169,6,5090,297,5259,303,0,2,5,14,1,119,1,11,2
06-06-20,Davidson,5813,104,5807,104,6,0,6743,130,62118,890,68861,1020,4,73,53,724,47,5016,2,417,85
06-06-20,Decatur,6,0,6,0,0,0,8,1,601,28,609,29,0,0,0,1,0,5,0,1,0
06-06-20,Dekalb,38,0,38,0,0,0,45,0,1456,23,1501,23,0,0,0,2,0,36,0,0,0
06-06-20,Dickson,128,1,128,1,0,0,168,2,2511,36,2679,38,0,0,1,15,0,113,0,13,0
06-06-20,Dyer,66,1,62,1,4,0,76,2,1878,31,1954,33,0,0,1,13,0,53,0,6,0
06-06-20,Fayette,160,3,159,3,1,0,206,5,3701,61,3907,66,0,2,2,25,1,133,1,20,3
06-06-20,Fentress,12,0,12,0,0,0,12,0,980,54,992,54,0,0,0,0,0,12,0,1,0
06-06-20,Franklin,57,0,55,0,2,0,68,0,2174,18,2242,18,0,1,0,5,0,51,0,6,2
06-06-20,Gibson,68,0,64,0,4,0,75,0,2587,19,2662,19,0,1,0,-1,0,68,0,5,1
06-06-20,Giles,18,0,18,0,0,0,21,1,1143,43,1164,44,0,0,0,4,0,14,0,3,0
06-06-20,Grainger,17,0,16,0,1,0,22,3,826,22,848,25,0,0,0,8,0,9,0,4,0
06-06-20,Greene,52,0,51,0,1,0,59,0,2560,49,2619,49,0,2,0,3,0,47,0,8,2
06-06-20,Grundy,30,0,30,0,0,0,37,0,522,6,559,6,0,1,0,2,0,27,0,10,1
06-06-20,Hamblen,53,0,45,0,8,0,49,0,3083,186,3132,186,0,2,-3,12,3,39,0,7,2
06-06-20,Hamilton,1010,16,1006,16,4,0,1058,21,17954,607,19012,628,0,19,-27,132,43,859,2,74,20
06-06-20,Hancock,1,0,1,0,0,0,1,0,246,69,247,69,0,0,0,0,0,1,0,0,0
06-06-20,Hardeman,214,1,214,1,0,0,223,4,5408,81,5631,85,0,0,-1,16,2,198,0,8,0
06-06-20,Hardin,30,7,30,7,0,0,33,5,1936,19,1969,24,0,2,7,18,0,10,0,5,2
06-06-20,Hawkins,34,0,34,0,0,0,48,0,1714,44,1762,44,0,2,0,2,0,30,0,6,2
06-06-20,Haywood,36,0,35,0,1,0,38,0,1047,14,1085,14,0,2,0,2,0,32,0,6,2
06-06-20,Henderson,14,0,14,0,0,0,18,0,1197,6,1215,6,0,0,0,1,0,13,0,0,0
06-06-20,Henry,32,0,32,0,0,0,41,0,1772,19,1813,19,0,0,0,2,0,30,0,5,0
06-06-20,Hickman,59,0,59,0,0,0,84,1,1189,7,1273,8,0,0,-1,6,1,53,0,2,0
06-06-20,Houston,9,0,9,0,0,0,13,0,569,10,582,10,0,0,0,0,0,9,0,5,0
06-06-20,Humphreys,17,0,16,0,1,0,19,0,861,14,880,14,0,1,0,2,0,14,0,1,1
06-06-20,Jackson,22,0,22,0,0,0,25,0,692,5,717,5,0,0,0,0,0,22,0,1,0
06-06-20,Jefferson,33,0,29,0,4,0,29,0,2663,70,2692,70,0,0,0,0,0,33,0,1,0
06-06-20,Johnson,22,1,22,1,0,0,19,1,2008,21,2027,22,0,0,1,8,0,14,0,1,0
06-06-20,Knox,469,11,463,11,6,0,521,11,21167,485,21688,496,0,5,5,82,6,382,0,45,5
06-06-20,Lake,680,0,678,0,2,0,837,0,3451,8,4288,8,0,0,0,266,0,414,0,3,0
06-06-20,Lauderdale,61,0,60,0,1,0,81,1,3474,33,3555,34,0,1,0,3,0,57,0,8,1
06-06-20,Lawrence,34,1,34,1,0,0,36,0,1791,32,1827,32,0,0,1,6,0,28,0,4,0
06-06-20,Lewis,4,0,4,0,0,0,4,0,527,16,531,16,0,0,0,0,0,4,0,0,0
06-06-20,Lincoln,32,0,32,0,0,0,38,1,1422,8,1460,9,0,0,-2,5,2,27,0,2,0
06-06-20,Loudon,168,0,155,0,13,0,167,2,2318,26,2485,28,0,0,-4,31,4,137,0,9,1
06-06-20,Macon,175,3,175,3,0,0,198,5,1616,33,1814,38,0,3,-7,36,10,136,0,14,3
06-06-20,Madison,174,2,174,2,0,0,206,2,5635,48,5841,50,0,2,1,4,1,168,0,20,2
06-06-20,Marion,46,0,45,0,1,0,52,0,914,7,966,7,0,1,0,9,0,36,0,13,2
06-06-20,Marshall,37,0,37,0,0,0,42,0,1183,62,1225,62,0,1,0,5,0,31,0,6,1
06-06-20,Maury,115,2,115,2,0,0,133,3,3517,145,3650,148,0,1,0,27,2,87,0,10,1
06-06-20,McMinn,157,0,157,0,0,0,177,0,3086,19,3263,19,0,14,0,19,0,124,0,20,15
06-06-20,McNairy,22,3,22,3,0,0,26,2,1051,8,1077,10,0,0,3,9,0,13,0,2,0
06-06-20,Meigs,26,0,26,0,0,0,37,0,586,4,623,4,0,0,0,1,0,25,0,4,0
06-06-20,Monroe,93,0,85,0,8,0,94,1,1352,73,1446,74,1,4,-3,11,2,78,0,8,3
06-06-20,Montgomery,297,6,295,6,2,0,342,6,9025,120,9367,126,0,3,3,30,3,264,1,29,7
06-06-20,Moore,6,0,6,0,0,0,7,0,409,3,416,3,0,0,0,3,0,3,0,0,0
06-06-20,Morgan,18,0,18,0,0,0,20,0,3366,148,3386,148,0,0,0,1,0,17,0,0,0
06-06-20,Obion,56,1,54,1,2,0,59,2,1582,86,1641,88,0,1,-1,18,2,37,0,9,1
06-06-20,Out of State,281,3,281,3,0,0,301,3,62616,1255,62917,1258,0,4,1,37,2,240,0,22,2
06-06-20,Overton,37,0,37,0,0,0,38,0,1573,20,1611,20,0,0,0,7,0,30,0,2,0
06-06-20,Pending,2,0,2,0,0,0,5,0,41923,798,41928,798,0,0,0,0,0,2,0,0,0
06-06-20,Perry,25,0,25,0,0,0,29,0,462,56,491,56,0,0,-1,9,1,16,0,1,0
06-06-20,Pickett,4,1,4,1,0,0,4,1,389,0,393,1,0,0,1,1,0,3,0,0,0
06-06-20,Polk,26,0,25,0,1,0,29,0,609,43,638,43,0,0,0,6,0,20,0,3,0
06-06-20,Putnam,522,6,519,6,3,0,614,6,6119,34,6733,40,0,6,-2,84,8,432,0,15,6
06-06-20,Rhea,215,0,215,0,0,0,223,0,1786,20,2009,20,0,0,0,24,0,191,0,2,0
06-06-20,Roane,27,1,20,1,7,0,29,2,3759,152,3788,154,0,0,1,4,0,23,1,4,0
06-06-20,Robertson,556,10,554,10,2,0,654,11,4179,57,4833,68,1,6,0,84,9,466,1,45,11
06-06-20,Rutherford,1482,47,1476,47,6,0,1727,52,13294,256,15021,308,0,29,29,280,18,1173,2,98,31
06-06-20,Scott,13,0,12,0,1,0,12,1,750,14,762,15,0,0,0,0,0,13,0,0,0
06-06-20,Sequatchie,24,0,24,0,0,0,28,0,1034,14,1062,14,0,0,0,6,0,18,0,2,0
06-06-20,Sevier,120,2,112,2,8,0,126,6,5240,93,5366,99,0,2,1,35,1,83,0,10,2
06-06-20,Shelby,5835,149,5820,149,15,0,6939,169,77353,1716,84292,1885,2,129,77,1020,70,4686,5,636,153
06-06-20,Smith,35,0,34,0,1,0,40,0,1011,8,1051,8,0,1,-1,3,1,31,0,2,1
06-06-20,Stewart,14,0,14,0,0,0,14,0,492,12,506,12,0,0,0,2,0,12,0,2,0
06-06-20,Sullivan,66,0,63,0,3,0,67,0,5043,54,5110,54,0,2,0,3,0,61,0,7,2
06-06-20,Sumner,1004,8,995,8,9,0,1278,13,8717,126,9995,139,0,46,1,100,7,858,1,208,48
06-06-20,Tipton,486,8,484,8,2,0,518,9,4951,103,5469,112,0,3,4,35,4,448,0,25,3
06-06-20,Trousdale,1398,0,1395,0,3,0,1427,1,1945,12,3372,13,0,4,-1,3,1,1391,0,14,4
06-06-20,Unicoi,52,0,52,0,0,0,55,2,684,107,739,109,0,0,-1,47,1,5,0,0,0
06-06-20,Union,4,0,4,0,0,0,4,0,577,16,581,16,0,0,0,0,0,4,0,0,0
06-06-20,Van Buren,4,0,4,0,0,0,4,0,369,12,373,12,0,0,0,0,0,4,0,1,0
06-06-20,Warren,27,1,27,1,0,0,27,2,2043,163,2070,165,0,0,1,3,0,24,0,0,0
06-06-20,Washington,84,0,84,0,0,0,99,0,4319,40,4418,40,0,0,0,8,0,76,0,6,0
06-06-20,Wayne,64,0,64,0,0,0,65,0,2299,14,2364,14,0,0,0,2,0,62,0,2,0
06-06-20,Weakley,31,0,31,0,0,0,32,0,1577,17,1609,17,0,0,0,0,0,31,0,2,0
06-06-20,White,44,5,42,5,2,0,50,6,1606,23,1656,29,0,0,5,12,0,32,1,4,1
06-06-20,Williamson,610,19,608,19,2,0,690,22,10599,148,11289,170,0,11,9,67,10,532,1,46,12
06-06-20,Wilson,487,10,484,10,3,0,583,13,7030,90,7613,103,1,9,5,79,4,399,2,46,9
06-05-20,Anderson,43,1,42,1,1,0,54,3,5152,55,5206,58,0,2,1,2,0,39,0,4,2
06-05-20,Bedford,315,15,315,15,0,0,342,9,2586,36,2928,45,0,4,11,41,4,270,2,15,5
06-05-20,Benton,8,1,8,1,0,0,9,1,866,68,875,69,0,1,1,1,0,6,0,2,1
06-05-20,Bledsoe,616,0,616,0,0,0,627,0,3361,10,3988,10,0,1,0,1,0,614,0,5,1
06-05-20,Blount,98,0,94,0,4,0,113,0,3856,49,3969,49,0,3,-3,4,3,91,0,6,3
06-05-20,Bradley,191,12,187,12,4,0,202,13,3078,212,3280,225,1,2,9,82,2,107,1,21,2
06-05-20,Campbell,21,0,18,0,3,0,26,1,1627,36,1653,37,0,1,-2,1,2,19,0,2,1
06-05-20,Cannon,21,0,21,0,0,0,32,0,653,12,685,12,0,0,0,3,0,18,0,4,0
06-05-20,Carroll,30,0,25,0,5,0,28,0,1505,16,1533,16,0,1,0,-2,0,31,0,5,1
06-05-20,Carter,23,0,22,0,1,0,26,0,1615,19,1641,19,0,1,0,-1,0,23,0,2,1
06-05-20,Cheatham,153,5,153,5,0,0,183,6,1996,25,2179,31,0,0,4,22,1,131,1,10,0
06-05-20,Chester,14,0,14,0,0,0,16,0,731,6,747,6,0,0,-1,-1,1,15,0,1,0
06-05-20,Claiborne,12,0,12,0,0,0,13,0,871,54,884,54,0,0,0,2,0,10,0,1,0
06-05-20,Clay,10,0,10,0,0,0,10,0,533,7,543,7,0,0,0,1,0,9,0,0,0
06-05-20,Cocke,23,0,21,0,2,0,28,0,1357,20,1385,20,0,0,0,1,0,22,0,1,0
06-05-20,Coffee,83,1,82,1,1,0,91,2,2658,121,2749,123,0,0,0,13,1,70,0,5,0
06-05-20,Crockett,19,0,17,0,2,0,24,0,626,6,650,6,1,3,-1,1,0,15,0,2,3
06-05-20,Cumberland,129,0,125,0,4,0,163,0,4793,59,4956,59,0,2,-1,9,1,118,0,10,2
06-05-20,Davidson,5709,124,5703,124,6,0,6613,159,61228,1273,67841,1432,3,69,26,671,95,4969,4,415,81
06-05-20,Decatur,6,1,6,1,0,0,7,1,573,14,580,15,0,0,1,1,0,5,1,1,0
06-05-20,Dekalb,38,0,38,0,0,0,45,0,1433,20,1478,20,0,0,0,2,0,36,0,0,0
06-05-20,Dickson,127,2,127,2,0,0,166,1,2475,40,2641,41,0,0,-1,14,3,113,0,13,0
06-05-20,Dyer,65,2,61,1,4,1,74,1,1847,68,1921,69,0,0,1,12,1,53,0,6,0
06-05-20,Fayette,157,9,156,9,1,0,201,7,3640,47,3841,54,0,2,7,23,2,132,2,19,3
06-05-20,Fentress,12,0,12,0,0,0,12,0,926,151,938,151,0,0,-1,0,1,12,0,1,0
06-05-20,Franklin,57,0,55,0,2,0,68,0,2156,25,2224,25,0,1,-1,5,1,51,0,6,2
06-05-20,Gibson,68,0,64,0,4,0,75,0,2568,24,2643,24,0,1,0,-1,0,68,0,5,1
06-05-20,Giles,18,4,18,4,0,0,20,3,1100,7,1120,10,0,0,3,4,1,14,1,3,0
06-05-20,Grainger,17,0,16,0,1,0,19,1,804,9,823,10,0,0,-2,8,2,9,0,4,0
06-05-20,Greene,52,0,51,0,1,0,59,0,2511,32,2570,32,0,2,-1,3,1,47,0,8,2
06-05-20,Grundy,30,0,30,0,0,0,37,0,516,4,553,4,0,1,0,2,0,27,0,10,1
06-05-20,Hamblen,53,3,45,3,8,0,49,0,2897,63,2946,63,0,2,2,15,1,36,0,7,2
06-05-20,Hamilton,994,26,990,26,4,0,1037,26,17347,371,18384,397,0,19,-80,159,106,816,1,72,20
06-05-20,Hancock,1,0,1,0,0,0,1,0,177,5,178,5,0,0,0,0,0,1,0,0,0
06-05-20,Hardeman,213,7,213,7,0,0,219,3,5327,163,5546,166,0,0,7,17,0,196,1,8,0
06-05-20,Hardin,23,1,23,1,0,0,28,2,1917,29,1945,31,0,2,1,11,0,10,0,5,2
06-05-20,Hawkins,34,0,34,0,0,0,48,1,1670,31,1718,32,0,2,-1,2,1,30,0,6,2
06-05-20,Haywood,36,1,35,1,1,0,38,1,1033,13,1071,14,0,2,0,2,1,32,0,6,2
06-05-20,Henderson,14,0,14,0,0,0,18,0,1191,17,1209,17,0,0,0,1,0,13,0,0,0
06-05-20,Henry,32,0,32,0,0,0,41,0,1753,13,1794,13,0,0,0,2,0,30,0,5,0
06-05-20,Hickman,59,0,59,0,0,0,83,1,1182,22,1265,23,0,0,0,7,0,52,0,2,0
06-05-20,Houston,9,0,9,0,0,0,13,0,559,2,572,2,0,0,0,0,0,9,0,5,0
06-05-20,Humphreys,17,1,16,1,1,0,19,1,847,32,866,33,0,1,0,2,1,14,0,1,1
06-05-20,Jackson,22,0,22,0,0,0,25,0,687,5,712,5,0,0,-1,0,1,22,0,1,0
06-05-20,Jefferson,33,0,29,0,4,0,29,0,2593,21,2622,21,0,0,-1,0,1,33,0,1,0
06-05-20,Johnson,21,2,21,2,0,0,18,0,1987,5,2005,5,0,0,2,7,0,14,0,1,0
06-05-20,Knox,458,18,452,18,6,0,510,17,20682,511,21192,528,0,5,8,77,10,376,1,45,5
06-05-20,Lake,680,0,678,0,2,0,837,1,3443,8,4280,9,0,0,-1,266,1,414,0,3,0
06-05-20,Lauderdale,61,0,60,0,1,0,80,0,3441,41,3521,41,0,1,-2,3,2,57,0,8,1
06-05-20,Lawrence,33,1,33,1,0,0,36,2,1759,138,1795,140,0,0,0,5,1,28,0,4,0
06-05-20,Lewis,4,0,4,0,0,0,4,0,511,10,515,10,0,0,0,0,0,4,0,0,0
06-05-20,Lincoln,32,0,32,0,0,0,37,0,1414,54,1451,54,0,0,0,7,0,25,0,2,0
06-05-20,Loudon,168,3,155,2,13,1,165,1,2292,24,2457,25,0,0,0,35,3,133,0,9,1
06-05-20,Macon,172,4,172,4,0,0,193,5,1583,91,1776,96,0,3,4,43,0,126,0,14,3
06-05-20,Madison,172,1,172,1,0,0,204,2,5587,119,5791,121,0,2,-1,3,2,167,0,20,2
06-05-20,Marion,46,1,45,1,1,0,52,2,907,18,959,20,0,1,1,9,0,36,0,13,2
06-05-20,Marshall,37,2,37,2,0,0,42,0,1121,15,1163,15,0,1,2,5,0,31,0,6,1
06-05-20,Maury,113,4,113,4,0,0,130,6,3372,109,3502,115,0,1,2,27,2,85,1,10,1
06-05-20,McMinn,157,4,157,4,0,0,177,4,3067,38,3244,42,0,14,4,19,0,124,1,20,15
06-05-20,McNairy,19,4,19,4,0,0,24,2,1043,90,1067,92,0,0,4,6,0,13,0,2,0
06-05-20,Meigs,26,0,26,0,0,0,37,0,582,19,619,19,0,0,0,1,0,25,0,4,0
06-05-20,Monroe,93,2,85,2,8,0,93,2,1279,10,1372,12,0,3,1,14,1,76,0,8,3
06-05-20,Montgomery,291,0,289,0,2,0,336,1,8905,98,9241,99,0,3,-3,27,3,261,0,28,6
06-05-20,Moore,6,0,6,0,0,0,7,0,406,9,413,9,0,0,0,3,0,3,0,0,0
06-05-20,Morgan,18,1,18,1,0,0,20,1,3218,13,3238,14,0,0,1,1,0,17,0,0,0
06-05-20,Obion,55,3,53,3,2,0,57,1,1496,47,1553,48,-2,1,2,19,3,35,0,9,1
06-05-20,Out of State,278,3,278,3,0,0,298,4,61361,1253,61659,1257,0,4,0,36,3,238,0,22,1
06-05-20,Overton,37,1,37,1,0,0,38,1,1553,13,1591,14,0,0,-2,7,3,30,0,2,0
06-05-20,Pending,2,0,2,0,0,0,5,0,41125,854,41130,854,0,0,0,0,0,2,0,0,0
06-05-20,Perry,25,0,25,0,0,0,29,0,406,158,435,158,0,0,0,10,0,15,0,1,0
06-05-20,Pickett,3,0,3,0,0,0,3,0,389,5,392,5,0,0,0,0,0,3,0,0,0
06-05-20,Polk,26,3,25,2,1,1,29,2,566,15,595,17,0,0,3,6,0,20,0,3,0
06-05-20,Putnam,516,4,513,3,3,1,608,5,6085,97,6693,102,0,6,-22,86,26,424,0,15,6
06-05-20,Rhea,215,1,215,1,0,0,223,0,1766,52,1989,52,0,0,0,24,1,191,0,2,0
06-05-20,Roane,26,0,19,0,7,0,27,0,3607,44,3634,44,0,0,-1,3,1,23,0,3,0
06-05-20,Robertson,546,17,544,16,2,1,643,24,4122,130,4765,154,0,5,5,84,12,457,0,44,10
06-05-20,Rutherford,1435,56,1429,56,6,0,1675,72,13038,285,14713,357,1,29,22,251,33,1155,1,96,30
06-05-20,Scott,13,0,12,0,1,0,11,0,736,10,747,10,0,0,0,0,0,13,0,0,0
06-05-20,Sequatchie,24,0,24,0,0,0,28,1,1020,26,1048,27,0,0,-1,6,1,18,0,2,0
06-05-20,Sevier,118,8,110,6,8,2,120,2,5147,48,5267,50,0,2,7,34,1,82,0,10,2
06-05-20,Shelby,5686,89,5671,89,15,0,6770,153,75637,2264,82407,2417,3,127,-27,943,113,4616,0,631,151
06-05-20,Smith,35,0,34,0,1,0,40,0,1003,27,1043,27,0,1,0,4,0,30,0,2,1
06-05-20,Stewart,14,0,14,0,0,0,14,0,480,11,494,11,0,0,0,2,0,12,0,2,0
06-05-20,Sullivan,66,2,63,2,3,0,67,2,4989,59,5056,61,0,2,2,3,0,61,0,7,2
06-05-20,Sumner,996,21,987,21,9,0,1265,26,8591,255,9856,281,0,46,6,99,15,851,1,207,48
06-05-20,Tipton,478,7,476,7,2,0,509,10,4848,99,5357,109,0,3,1,31,6,444,0,25,3
06-05-20,Trousdale,1398,0,1395,0,3,0,1426,0,1933,11,3359,11,0,4,-1,4,1,1390,0,14,4
06-05-20,Unicoi,52,3,52,3,0,0,53,0,577,66,630,66,0,0,3,48,0,4,0,0,0
06-05-20,Union,4,0,4,0,0,0,4,0,561,36,565,36,0,0,0,0,0,4,0,0,0
06-05-20,Van Buren,4,0,4,0,0,0,4,0,357,4,361,4,0,0,0,0,0,4,0,1,0
06-05-20,Warren,26,0,26,0,0,0,25,0,1880,19,1905,19,0,0,-1,2,1,24,0,0,0
06-05-20,Washington,84,9,84,9,0,0,99,3,4279,127,4378,130,0,0,6,8,3,76,0,6,0
06-05-20,Wayne,64,0,64,0,0,0,65,0,2285,11,2350,11,0,0,0,2,0,62,0,2,0
06-05-20,Weakley,31,1,31,1,0,0,32,1,1560,55,1592,56,0,0,1,0,0,31,0,2,0
06-05-20,White,39,1,37,1,2,0,44,1,1583,34,1627,35,0,0,1,7,0,32,0,3,1
06-05-20,Williamson,591,13,589,11,2,2,668,10,10451,235,11119,245,0,11,6,58,7,522,0,45,12
06-05-20,Wilson,477,6,474,6,3,0,570,6,6940,123,7510,129,0,8,-1,74,7,395,1,44,9
06-04-20,Anderson,42,0,41,0,1,0,51,0,5097,62,5148,62,1,2,-2,1,1,39,0,4,2
06-04-20,Bedford,300,1,300,1,0,0,333,0,2550,44,2883,44,0,4,-1,30,2,266,0,13,5
06-04-20,Benton,7,0,7,0,0,0,8,0,798,3,806,3,0,1,0,0,0,6,0,2,1
06-04-20,Bledsoe,616,0,616,0,0,0,627,1,3351,17,3978,18,0,1,-2,1,2,614,0,5,1
06-04-20,Blount,98,0,94,0,4,0,113,0,3807,44,3920,44,0,3,-2,7,2,88,0,6,3
06-04-20,Bradley,179,11,175,11,4,0,189,9,2866,50,3055,59,0,1,7,73,4,105,0,20,2
06-04-20,Campbell,21,0,18,0,3,0,25,0,1591,12,1616,12,0,1,0,3,0,17,0,2,1
06-04-20,Cannon,21,0,21,0,0,0,32,0,641,5,673,5,0,0,-2,3,2,18,0,4,0
06-04-20,Carroll,30,0,25,0,5,0,28,0,1489,4,1517,4,0,1,0,-2,0,31,0,5,1
06-04-20,Carter,23,0,22,0,1,0,26,0,1596,10,1622,10,0,1,0,-1,0,23,0,2,1
06-04-20,Cheatham,148,2,148,2,0,0,177,2,1971,12,2148,14,0,0,0,18,2,130,0,9,0
06-04-20,Chester,14,0,14,0,0,0,16,0,725,1,741,1,0,0,-1,0,1,14,0,1,0
06-04-20,Claiborne,12,0,12,0,0,0,13,0,817,17,830,17,0,0,0,2,0,10,0,1,0
06-04-20,Clay,10,0,10,0,0,0,10,0,526,0,536,0,0,0,0,1,0,9,0,0,0
06-04-20,Cocke,23,0,21,0,2,0,28,0,1337,23,1365,23,0,0,0,1,0,22,0,1,0
06-04-20,Coffee,82,4,81,4,1,0,89,2,2537,76,2626,78,0,0,4,13,0,69,0,5,0
06-04-20,Crockett,19,0,17,0,2,0,24,0,620,4,644,4,0,2,-1,2,1,15,0,2,3
06-04-20,Cumberland,129,0,125,0,4,0,163,0,4734,79,4897,79,1,2,-6,10,5,117,0,10,2
06-04-20,Davidson,5585,34,5579,34,6,0,6454,42,59955,616,66409,658,1,66,-73,645,106,4874,5,411,80
06-04-20,Decatur,5,0,5,0,0,0,6,0,559,10,565,10,0,0,0,0,0,5,0,0,0
06-04-20,Dekalb,38,0,38,0,0,0,45,0,1413,2,1458,2,0,0,-1,2,1,36,0,0,0
06-04-20,Dickson,125,3,125,3,0,0,165,3,2435,45,2600,48,0,0,1,15,2,110,0,13,0
06-04-20,Dyer,63,2,60,2,3,0,73,1,1779,85,1852,86,0,0,2,11,0,52,0,6,0
06-04-20,Fayette,148,5,147,5,1,0,194,5,3593,20,3787,25,0,2,-13,16,18,130,0,17,3
06-04-20,Fentress,12,0,12,0,0,0,12,0,775,11,787,11,0,0,0,1,0,11,0,1,0
06-04-20,Franklin,57,0,55,0,2,0,68,0,2131,26,2199,26,0,1,-1,6,1,50,0,6,2
06-04-20,Gibson,68,0,64,0,4,0,75,0,2544,6,2619,6,0,1,0,-1,0,68,0,5,1
06-04-20,Giles,14,0,14,0,0,0,17,0,1093,21,1110,21,0,0,0,1,0,13,0,2,0
06-04-20,Grainger,17,3,16,3,1,0,18,1,795,5,813,6,0,0,3,10,0,7,2,4,0
06-04-20,Greene,52,0,51,0,1,0,59,0,2479,20,2538,20,0,2,0,4,0,46,0,8,2
06-04-20,Grundy,30,1,30,1,0,0,37,1,512,6,549,7,0,1,0,2,1,27,0,10,1
06-04-20,Hamblen,50,0,42,0,8,0,49,2,2834,18,2883,20,0,2,-1,13,1,35,0,7,2
06-04-20,Hamilton,968,17,964,17,4,0,1011,15,16976,474,17987,489,3,19,-30,239,44,710,1,71,20
06-04-20,Hancock,1,0,1,0,0,0,1,0,172,3,173,3,0,0,0,0,0,1,0,0,0
06-04-20,Hardeman,206,0,206,0,0,0,216,0,5164,16,5380,16,0,0,-2,10,2,196,0,7,0
06-04-20,Hardin,22,1,22,1,0,0,26,1,1888,17,1914,18,0,2,1,10,0,10,0,5,2
06-04-20,Hawkins,34,0,34,0,0,0,47,0,1639,18,1686,18,0,2,0,3,0,29,0,6,2
06-04-20,Haywood,35,0,34,0,1,0,37,0,1020,8,1057,8,0,2,0,2,0,31,0,6,2
06-04-20,Henderson,14,0,14,0,0,0,18,0,1174,6,1192,6,0,0,-1,1,1,13,0,0,0
06-04-20,Henry,32,0,32,0,0,0,41,0,1740,5,1781,5,0,0,0,2,0,30,0,5,0
06-04-20,Hickman,59,1,59,1,0,0,82,0,1160,18,1242,18,0,0,1,7,0,52,0,2,0
06-04-20,Houston,9,0,9,0,0,0,13,0,557,3,570,3,0,0,0,0,0,9,0,5,0
06-04-20,Humphreys,16,0,15,0,1,0,18,0,815,31,833,31,0,1,0,2,0,13,0,1,1
06-04-20,Jackson,22,0,22,0,0,0,25,0,682,2,707,2,0,0,0,1,0,21,0,1,0
06-04-20,Jefferson,33,0,29,0,4,0,29,0,2572,84,2601,84,0,0,0,1,0,32,0,1,0
06-04-20,Johnson,19,0,19,0,0,0,18,1,1982,7,2000,8,0,0,0,5,0,14,0,1,0
06-04-20,Knox,440,4,434,4,6,0,493,4,20171,396,20664,400,0,5,0,69,4,366,0,44,5
06-04-20,Lake,680,1,678,0,2,1,836,1,3435,10,4271,11,0,0,-1,267,2,413,0,3,0
06-04-20,Lauderdale,61,0,60,0,1,0,80,0,3400,19,3480,19,0,1,0,5,0,55,0,8,1
06-04-20,Lawrence,32,2,32,2,0,0,34,1,1621,25,1655,26,0,0,1,5,1,27,0,4,0
06-04-20,Lewis,4,0,4,0,0,0,4,0,501,4,505,4,0,0,0,0,0,4,0,0,0
06-04-20,Lincoln,32,1,32,1,0,0,37,3,1360,9,1397,12,0,0,1,7,0,25,0,2,0
06-04-20,Loudon,165,3,153,3,12,0,164,3,2268,15,2432,18,0,0,2,35,1,130,1,9,1
06-04-20,Macon,168,2,168,2,0,0,188,1,1492,33,1680,34,0,3,-6,39,8,126,0,14,3
06-04-20,Madison,171,0,171,0,0,0,202,1,5468,43,5670,44,0,2,-1,4,1,165,0,20,2
06-04-20,Marion,45,1,44,1,1,0,50,1,889,24,939,25,0,1,0,8,1,36,0,13,2
06-04-20,Marshall,35,1,35,1,0,0,42,1,1106,24,1148,25,0,1,0,3,1,31,0,6,1
06-04-20,Maury,109,1,109,1,0,0,124,4,3263,46,3387,50,1,1,-2,25,2,83,0,9,1
06-04-20,McMinn,153,1,153,1,0,0,173,2,3029,34,3202,36,0,14,0,15,1,124,0,19,14
06-04-20,McNairy,15,0,15,0,0,0,22,0,953,15,975,15,0,0,0,2,0,13,0,2,0
06-04-20,Meigs,26,0,26,0,0,0,37,0,563,12,600,12,0,0,-1,1,1,25,0,4,0
06-04-20,Monroe,91,0,83,0,8,0,91,1,1269,8,1360,9,1,3,-6,13,5,75,0,8,3
06-04-20,Montgomery,291,0,289,0,2,0,335,0,8807,90,9142,90,0,3,-4,30,4,258,0,28,6
06-04-20,Moore,6,0,6,0,0,0,7,1,397,11,404,12,0,0,0,3,0,3,0,0,0
06-04-20,Morgan,17,0,17,0,0,0,19,0,3205,29,3224,29,0,0,0,0,0,17,0,0,0
06-04-20,Obion,52,3,50,3,2,0,56,4,1449,27,1505,31,0,3,1,17,2,32,2,9,1
06-04-20,Out of State,275,1,275,1,0,0,294,1,60108,452,60402,453,0,4,0,36,1,235,0,22,1
06-04-20,Overton,36,0,36,0,0,0,37,0,1540,27,1577,27,0,0,-2,9,2,27,0,2,0
06-04-20,Pending,2,0,2,0,0,0,5,0,40271,437,40276,437,0,0,0,0,0,2,0,0,0
06-04-20,Perry,25,0,25,0,0,0,29,1,248,14,277,15,0,0,0,10,0,15,0,1,0
06-04-20,Pickett,3,0,3,0,0,0,3,0,384,3,387,3,0,0,0,0,0,3,0,0,0
06-04-20,Polk,23,0,23,0,0,0,27,0,551,12,578,12,0,0,0,3,0,20,0,3,0
06-04-20,Putnam,512,0,510,0,2,0,603,0,5988,10,6591,10,0,6,-12,108,12,398,0,15,6
06-04-20,Rhea,214,1,214,1,0,0,223,6,1714,81,1937,87,0,0,-8,24,9,190,0,2,0
06-04-20,Roane,26,1,19,1,7,0,27,1,3563,42,3590,43,0,0,1,4,0,22,0,3,0
06-04-20,Robertson,529,3,528,3,1,0,619,2,3992,30,4611,32,0,5,-12,79,15,445,1,44,10
06-04-20,Rutherford,1379,27,1373,27,6,0,1603,28,12753,206,14356,234,0,28,-8,229,35,1122,0,95,30
06-04-20,Scott,13,1,12,1,1,0,11,0,726,10,737,10,0,0,1,0,0,13,0,0,0
06-04-20,Sequatchie,24,0,24,0,0,0,27,1,994,21,1021,22,0,0,-2,7,2,17,0,2,0
06-04-20,Sevier,110,6,104,4,6,2,118,4,5099,42,5217,46,0,2,5,27,1,81,0,10,2
06-04-20,Shelby,5597,50,5582,50,15,0,6617,27,73373,592,79990,619,5,124,-79,970,124,4503,6,631,150
06-04-20,Smith,35,0,34,0,1,0,40,0,976,1,1016,1,0,1,-1,4,1,30,0,2,1
06-04-20,Stewart,14,1,14,1,0,0,14,1,469,17,483,18,0,0,0,2,1,12,0,2,0
06-04-20,Sullivan,64,0,61,0,3,0,65,0,4930,20,4995,20,0,2,0,1,0,61,0,7,2
06-04-20,Sumner,975,12,966,12,9,0,1239,9,8336,66,9575,75,0,46,-6,93,18,836,0,206,47
06-04-20,Tipton,471,4,469,4,2,0,499,3,4749,176,5248,179,0,3,3,30,1,438,0,25,3
06-04-20,Trousdale,1398,0,1395,0,3,0,1426,0,1922,8,3348,8,0,4,0,5,0,1389,0,14,4
06-04-20,Unicoi,49,1,49,1,0,0,53,6,511,21,564,27,0,0,1,45,0,4,0,0,0
06-04-20,Union,4,0,4,0,0,0,4,0,525,4,529,4,0,0,0,0,0,4,0,0,0
06-04-20,Van Buren,4,0,4,0,0,0,4,0,353,0,357,0,0,0,0,0,0,4,0,1,0
06-04-20,Warren,26,1,26,1,0,0,25,0,1861,20,1886,20,0,0,-1,3,2,23,0,0,0
06-04-20,Washington,75,1,75,1,0,0,96,0,4152,29,4248,29,0,0,1,2,0,73,0,6,0
06-04-20,Wayne,64,0,64,0,0,0,65,0,2274,2,2339,2,0,0,0,2,0,62,0,2,0
06-04-20,Weakley,30,0,30,0,0,0,31,0,1505,22,1536,22,0,0,0,-1,0,31,0,2,0
06-04-20,White,38,0,36,0,2,0,43,0,1549,1,1592,1,0,0,-3,6,3,32,0,3,0
06-04-20,Williamson,578,4,578,4,0,0,658,7,10216,164,10874,171,0,11,-2,52,6,515,0,45,12
06-04-20,Wilson,471,8,468,8,3,0,564,4,6817,45,7381,49,0,8,-5,75,13,388,1,43,8
06-03-20,Anderson,42,1,41,1,1,0,51,1,5035,64,5086,65,0,1,1,3,0,38,0,4,2
06-03-20,Bedford,299,2,299,2,0,0,333,0,2506,14,2839,14,0,4,1,31,1,264,0,13,5
06-03-20,Benton,7,0,7,0,0,0,8,0,795,1,803,1,0,1,0,0,0,6,0,2,1
06-03-20,Bledsoe,616,0,616,0,0,0,626,0,3334,10,3960,10,0,1,-1,3,1,612,0,5,1
06-03-20,Blount,98,0,94,0,4,0,113,0,3763,41,3876,41,0,3,-4,9,4,86,0,6,3
06-03-20,Bradley,168,2,164,2,4,0,180,3,2816,14,2996,17,0,1,-3,66,5,101,0,20,2
06-03-20,Campbell,21,0,18,0,3,0,25,0,1579,16,1604,16,0,1,0,3,0,17,0,2,1
06-03-20,Cannon,21,0,21,0,0,0,32,0,636,7,668,7,0,0,0,5,0,16,0,4,0
06-03-20,Carroll,30,0,25,0,5,0,28,0,1485,10,1513,10,0,1,0,-2,0,31,0,5,1
06-03-20,Carter,23,0,22,0,1,0,26,0,1586,16,1612,16,0,1,0,-1,0,23,0,2,1
06-03-20,Cheatham,146,0,146,0,0,0,175,0,1959,20,2134,20,0,0,-2,18,2,128,0,9,0
06-03-20,Chester,14,0,14,0,0,0,16,0,724,8,740,8,0,0,0,1,0,13,0,1,0
06-03-20,Claiborne,12,0,12,0,0,0,13,0,800,13,813,13,0,0,0,2,0,10,0,1,0
06-03-20,Clay,10,0,10,0,0,0,10,0,526,4,536,4,0,0,0,1,0,9,0,0,0
06-03-20,Cocke,23,0,21,0,2,0,28,0,1314,15,1342,15,0,0,0,1,0,22,0,1,0
06-03-20,Coffee,78,2,77,2,1,0,87,1,2461,16,2548,17,0,0,0,9,2,69,0,5,0
06-03-20,Crockett,19,0,17,0,2,0,24,0,616,4,640,4,0,2,0,3,0,14,0,2,3
06-03-20,Cumberland,129,3,125,3,4,0,163,4,4655,38,4818,42,0,1,0,16,3,112,0,10,2
06-03-20,Davidson,5551,78,5545,78,6,0,6412,98,59339,838,65751,936,1,65,-31,718,108,4768,8,406,79
06-03-20,Decatur,5,0,5,0,0,0,6,0,549,3,555,3,0,0,0,0,0,5,0,0,0
06-03-20,Dekalb,38,0,38,0,0,0,45,0,1411,60,1456,60,0,0,-1,3,1,35,0,0,0
06-03-20,Dickson,122,0,122,0,0,0,162,0,2390,41,2552,41,0,0,-3,14,3,108,0,13,0
06-03-20,Dyer,61,1,58,1,3,0,72,1,1694,31,1766,32,0,0,0,9,1,52,0,6,0
06-03-20,Fayette,143,4,142,4,1,0,189,7,3573,42,3762,49,0,2,2,29,2,112,0,17,3
06-03-20,Fentress,12,0,12,0,0,0,12,0,764,6,776,6,0,0,-1,1,1,11,0,1,0
06-03-20,Franklin,57,1,55,0,2,1,68,0,2105,6,2173,6,0,1,0,7,1,49,0,6,2
06-03-20,Gibson,68,0,64,0,4,0,75,0,2538,10,2613,10,0,1,0,-1,0,68,0,5,1
06-03-20,Giles,14,1,14,1,0,0,17,0,1072,3,1089,3,0,0,1,1,0,13,1,2,0
06-03-20,Grainger,14,1,13,1,1,0,17,0,790,18,807,18,0,0,1,7,0,7,0,2,0
06-03-20,Greene,52,0,51,0,1,0,59,0,2459,23,2518,23,0,2,0,4,0,46,0,8,2
06-03-20,Grundy,29,0,29,0,0,0,36,0,506,1,542,1,0,1,0,2,0,26,0,10,1
06-03-20,Hamblen,50,0,42,0,8,0,47,0,2816,52,2863,52,0,2,0,14,0,34,0,7,2
06-03-20,Hamilton,951,25,947,25,4,0,996,28,16502,733,17498,761,0,16,-57,269,82,666,0,70,20
06-03-20,Hancock,1,0,1,0,0,0,1,0,169,5,170,5,0,0,0,0,0,1,0,0,0
06-03-20,Hardeman,206,1,206,1,0,0,216,2,5148,3,5364,5,0,0,0,12,1,194,0,7,0
06-03-20,Hardin,21,0,21,0,0,0,25,0,1871,22,1896,22,0,2,-1,9,1,10,0,5,2
06-03-20,Hawkins,34,0,34,0,0,0,47,0,1621,6,1668,6,0,2,0,3,0,29,0,6,2
06-03-20,Haywood,35,0,34,0,1,0,37,0,1012,7,1049,7,0,2,0,2,0,31,0,6,2
06-03-20,Henderson,14,0,14,0,0,0,18,0,1168,6,1186,6,0,0,0,2,0,12,0,0,0
06-03-20,Henry,32,0,32,0,0,0,41,0,1735,4,1776,4,0,0,0,2,0,30,0,5,0
06-03-20,Hickman,58,0,58,0,0,0,82,0,1142,9,1224,9,0,0,-1,6,1,52,0,2,0
06-03-20,Houston,9,0,9,0,0,0,13,1,554,1,567,2,0,0,0,0,0,9,0,5,0
06-03-20,Humphreys,16,0,15,0,1,0,18,0,784,4,802,4,0,1,0,2,0,13,0,1,1
06-03-20,Jackson,22,0,22,0,0,0,25,0,680,9,705,9,0,0,-3,1,3,21,0,1,0
06-03-20,Jefferson,33,1,29,1,4,0,29,1,2488,111,2517,112,0,0,0,1,1,32,1,1,0
06-03-20,Johnson,19,0,19,0,0,0,17,1,1975,1,1992,2,0,0,0,5,0,14,0,1,0
06-03-20,Knox,436,4,430,4,6,0,489,5,19775,402,20264,407,0,5,-3,69,7,362,0,44,5
06-03-20,Lake,679,10,678,10,1,0,835,10,3425,90,4260,100,0,0,9,268,1,411,0,3,0
06-03-20,Lauderdale,61,0,60,0,1,0,80,0,3381,12,3461,12,0,1,-1,5,1,55,0,8,1
06-03-20,Lawrence,30,0,30,0,0,0,33,0,1596,5,1629,5,0,0,-1,4,1,26,0,4,0
06-03-20,Lewis,4,0,4,0,0,0,4,0,497,7,501,7,0,0,0,0,0,4,0,0,0
06-03-20,Lincoln,31,0,31,0,0,0,34,0,1351,3,1385,3,0,0,-2,6,2,25,0,2,0
06-03-20,Loudon,162,2,150,2,12,0,161,2,2253,44,2414,46,0,0,-1,33,3,129,0,8,0
06-03-20,Macon,166,7,166,7,0,0,187,9,1459,13,1646,22,0,3,4,45,3,118,0,14,3
06-03-20,Madison,171,3,171,3,0,0,201,3,5425,156,5626,159,0,2,3,5,0,164,0,20,2
06-03-20,Marion,44,1,43,1,1,0,49,1,865,5,914,6,0,1,1,8,0,35,1,13,2
06-03-20,Marshall,34,0,34,0,0,0,41,0,1082,8,1123,8,0,1,0,3,0,30,0,6,1
06-03-20,Maury,108,2,108,2,0,0,120,2,3217,28,3337,30,0,0,1,27,1,81,0,9,1
06-03-20,McMinn,152,2,152,2,0,0,171,0,2995,45,3166,45,0,14,0,15,2,123,0,19,14
06-03-20,McNairy,15,0,15,0,0,0,22,0,938,4,960,4,0,0,0,2,0,13,0,2,0
06-03-20,Meigs,26,0,26,0,0,0,37,0,551,7,588,7,0,0,0,2,0,24,0,4,0
06-03-20,Monroe,91,2,83,2,8,0,90,0,1261,21,1351,21,0,2,1,19,1,70,0,8,3
06-03-20,Montgomery,291,3,289,3,2,0,335,5,8717,37,9052,42,0,3,-7,34,10,254,0,28,6
06-03-20,Moore,6,0,6,0,0,0,6,0,386,1,392,1,0,0,0,3,0,3,0,0,0
06-03-20,Morgan,17,0,17,0,0,0,19,0,3176,10,3195,10,0,0,0,0,0,17,0,0,0
06-03-20,Obion,49,2,47,2,2,0,52,3,1422,23,1474,26,0,3,2,16,0,30,1,7,1
06-03-20,Out of State,274,5,274,5,0,0,293,5,59656,718,59949,723,0,4,2,36,3,234,2,22,1
06-03-20,Overton,36,0,36,0,0,0,37,0,1513,10,1550,10,0,0,-1,11,1,25,0,2,0
06-03-20,Pending,2,0,2,0,0,0,5,0,39834,455,39839,455,0,0,0,0,0,2,0,0,0
06-03-20,Perry,25,0,25,0,0,0,28,0,234,0,262,0,0,0,-1,10,1,15,0,1,0
06-03-20,Pickett,3,0,3,0,0,0,3,0,381,0,384,0,0,0,0,0,0,3,0,0,0
06-03-20,Polk,23,1,23,1,0,0,27,1,539,8,566,9,0,0,1,3,0,20,0,3,0
06-03-20,Putnam,512,12,510,12,2,0,603,14,5978,140,6581,154,1,6,-11,120,22,386,0,15,6
06-03-20,Rhea,213,1,213,1,0,0,217,1,1633,6,1850,7,0,0,-1,32,2,181,0,2,0
06-03-20,Roane,25,0,18,0,7,0,26,0,3521,43,3547,43,0,0,-1,3,1,22,0,3,0
06-03-20,Robertson,526,8,525,8,1,0,617,9,3962,35,4579,44,1,5,-8,91,15,430,2,43,10
06-03-20,Rutherford,1352,19,1346,19,6,0,1575,21,12547,116,14122,137,1,28,-9,237,27,1087,3,95,30
06-03-20,Scott,12,0,11,0,1,0,11,0,716,10,727,10,0,0,0,-1,0,13,0,0,0
06-03-20,Sequatchie,24,1,24,1,0,0,26,0,973,5,999,5,0,0,0,9,1,15,0,2,0
06-03-20,Sevier,104,4,100,4,4,0,114,3,5057,57,5171,60,0,2,2,22,2,80,2,10,2
06-03-20,Shelby,5547,131,5532,131,15,0,6590,149,72781,1980,79371,2129,2,119,-6,1049,135,4379,10,625,149
06-03-20,Smith,35,0,34,0,1,0,40,0,975,13,1015,13,0,1,0,5,0,29,0,2,1
06-03-20,Stewart,13,0,13,0,0,0,13,0,452,5,465,5,0,0,-1,2,1,11,0,2,0
06-03-20,Sullivan,64,0,61,0,3,0,65,0,4910,80,4975,80,0,2,0,1,0,61,0,7,2
06-03-20,Sumner,963,2,954,2,9,0,1230,7,8270,190,9500,197,1,46,-8,99,9,818,0,206,47
06-03-20,Tipton,467,3,465,3,2,0,496,5,4573,80,5069,85,0,3,-4,27,7,437,0,25,3
06-03-20,Trousdale,1398,0,1395,0,3,0,1426,1,1914,7,3340,8,0,4,-3,5,3,1389,0,14,4
06-03-20,Unicoi,48,0,48,0,0,0,47,0,490,0,537,0,0,0,-1,44,1,4,0,0,0
06-03-20,Union,4,0,4,0,0,0,4,0,521,7,525,7,0,0,0,0,0,4,0,0,0
06-03-20,Van Buren,4,0,4,0,0,0,4,0,353,2,357,2,0,0,0,0,0,4,0,1,0
06-03-20,Warren,25,0,25,0,0,0,25,0,1841,18,1866,18,0,0,0,4,0,21,0,0,0
06-03-20,Washington,74,0,74,0,0,0,96,0,4123,18,4219,18,0,0,0,1,0,73,0,6,0
06-03-20,Wayne,64,0,64,0,0,0,65,0,2272,0,2337,0,0,0,0,2,0,62,0,2,0
06-03-20,Weakley,30,0,30,0,0,0,31,0,1483,22,1514,22,0,0,0,-1,0,31,0,2,0
06-03-20,White,38,0,36,0,2,0,43,1,1548,17,1591,18,0,0,0,9,0,29,0,3,0
06-03-20,Williamson,574,4,574,4,0,0,651,6,10052,101,10703,107,0,11,-8,54,12,509,0,45,12
06-03-20,Wilson,463,5,460,5,3,0,560,6,6772,70,7332,76,0,8,-2,80,7,375,2,42,8
06-02-20,Anderson,41,0,40,0,1,0,50,0,4971,124,5021,124,0,1,0,2,0,38,0,4,1
06-02-20,Bedford,297,2,297,2,0,0,333,2,2492,22,2825,24,0,4,-2,30,4,263,0,13,5
06-02-20,Benton,7,0,7,0,0,0,8,0,794,15,802,15,0,1,0,0,0,6,0,2,1
06-02-20,Bledsoe,616,1,616,1,0,0,626,2,3324,20,3950,22,0,1,0,4,1,611,0,5,1
06-02-20,Blount,98,1,94,1,4,0,113,1,3722,186,3835,187,0,3,1,13,0,82,0,6,3
06-02-20,Bradley,166,11,162,10,4,1,177,13,2802,52,2979,65,0,1,5,69,6,96,0,20,2
06-02-20,Campbell,21,0,18,0,3,0,25,0,1563,42,1588,42,0,1,0,3,0,17,0,2,1
06-02-20,Cannon,21,0,21,0,0,0,32,0,629,12,661,12,0,0,-1,5,1,16,0,4,0
06-02-20,Carroll,30,0,25,0,5,0,28,1,1475,30,1503,31,0,1,-1,-2,1,31,0,5,1
06-02-20,Carter,23,0,22,0,1,0,26,0,1570,5,1596,5,0,1,0,-1,0,23,0,2,1
06-02-20,Cheatham,146,5,146,5,0,0,175,5,1939,87,2114,92,0,0,1,20,4,126,0,9,0
06-02-20,Chester,14,0,14,0,0,0,16,0,716,12,732,12,0,0,0,1,0,13,0,1,0
06-02-20,Claiborne,12,0,12,0,0,0,13,2,787,21,800,23,0,0,0,2,0,10,0,1,0
06-02-20,Clay,10,0,10,0,0,0,10,0,522,4,532,4,0,0,-2,1,2,9,0,0,0
06-02-20,Cocke,23,1,21,1,2,0,28,1,1299,77,1327,78,0,0,1,1,0,22,0,1,0
06-02-20,Coffee,76,2,75,2,1,0,86,1,2445,11,2531,12,0,0,0,9,2,67,0,5,0
06-02-20,Crockett,19,0,17,0,2,0,24,2,612,15,636,17,0,2,0,3,0,14,0,2,3
06-02-20,Cumberland,126,2,122,2,4,0,159,3,4617,232,4776,235,0,1,1,16,1,109,0,10,2
06-02-20,Davidson,5473,181,5467,181,6,0,6314,204,58501,1695,64815,1899,2,64,76,749,103,4660,6,398,76
06-02-20,Decatur,5,0,5,0,0,0,6,0,546,18,552,18,0,0,0,0,0,5,0,0,0
06-02-20,Dekalb,38,0,38,0,0,0,45,0,1351,19,1396,19,0,0,-2,4,2,34,0,0,0
06-02-20,Dickson,122,4,122,4,0,0,162,7,2349,58,2511,65,0,0,3,17,1,105,0,13,0
06-02-20,Dyer,60,2,57,2,3,0,71,3,1663,28,1734,31,0,0,2,9,0,51,0,6,0
06-02-20,Fayette,139,3,138,3,1,0,182,4,3531,78,3713,82,0,2,0,27,3,110,0,17,3
06-02-20,Fentress,12,0,12,0,0,0,12,0,758,22,770,22,0,0,0,2,0,10,0,1,0
06-02-20,Franklin,56,0,55,0,1,0,68,1,2099,4,2167,5,0,1,0,7,0,48,0,6,2
06-02-20,Gibson,68,1,64,1,4,0,75,1,2528,26,2603,27,0,1,0,-1,1,68,0,5,1
06-02-20,Giles,13,0,13,0,0,0,17,0,1069,8,1086,8,0,0,0,0,0,13,0,1,0
06-02-20,Grainger,13,0,12,0,1,0,17,0,772,26,789,26,0,0,0,6,0,7,0,2,0
06-02-20,Greene,52,0,51,0,1,0,59,0,2436,13,2495,13,0,2,-1,4,1,46,0,8,2
06-02-20,Grundy,29,0,29,0,0,0,36,0,505,1,541,1,0,1,0,2,0,26,0,10,1
06-02-20,Hamblen,50,2,42,2,8,0,47,2,2764,93,2811,95,0,2,-3,14,5,34,0,7,2
06-02-20,Hamilton,926,32,922,32,4,0,968,33,15769,1063,16737,1096,1,16,-20,326,51,584,1,70,20
06-02-20,Hancock,1,0,1,0,0,0,1,0,164,2,165,2,0,0,0,0,0,1,0,0,0
06-02-20,Hardeman,205,0,205,0,0,0,214,1,5145,32,5359,33,0,0,0,12,0,193,0,7,0
06-02-20,Hardin,21,3,21,3,0,0,25,5,1849,58,1874,63,0,2,3,10,0,9,2,5,2
06-02-20,Hawkins,34,0,34,0,0,0,47,1,1615,12,1662,13,0,2,0,3,0,29,0,6,2
06-02-20,Haywood,35,1,34,1,1,0,37,2,1005,13,1042,15,0,2,1,2,0,31,0,6,2
06-02-20,Henderson,14,0,14,0,0,0,18,0,1162,14,1180,14,0,0,0,2,0,12,0,0,0
06-02-20,Henry,32,0,32,0,0,0,41,0,1731,117,1772,117,0,0,-1,2,1,30,0,5,0
06-02-20,Hickman,58,0,58,0,0,0,82,1,1133,49,1215,50,0,0,0,7,0,51,0,2,0
06-02-20,Houston,9,0,9,0,0,0,12,0,553,47,565,47,0,0,0,0,0,9,0,5,0
06-02-20,Humphreys,16,0,15,0,1,0,18,0,780,14,798,14,0,1,0,2,0,13,0,1,1
06-02-20,Jackson,22,0,22,0,0,0,25,0,671,4,696,4,0,0,-1,4,1,18,0,1,0
06-02-20,Jefferson,32,0,28,0,4,0,28,0,2377,56,2405,56,0,0,0,1,0,31,0,0,0
06-02-20,Johnson,19,2,19,2,0,0,16,0,1974,6,1990,6,0,0,2,5,0,14,0,1,0
06-02-20,Knox,432,26,426,25,6,1,484,26,19373,969,19857,995,0,5,21,72,5,355,2,44,5
06-02-20,Lake,669,29,668,29,1,0,825,106,3335,422,4160,528,0,0,27,259,2,410,0,3,0
06-02-20,Lauderdale,61,0,60,0,1,0,80,1,3369,25,3449,26,0,1,-1,6,1,54,0,8,1
06-02-20,Lawrence,30,1,30,1,0,0,33,0,1591,8,1624,8,0,0,0,5,1,25,0,4,0
06-02-20,Lewis,4,0,4,0,0,0,4,0,490,8,494,8,0,0,0,0,0,4,0,0,0
06-02-20,Lincoln,31,5,31,5,0,0,34,2,1348,11,1382,13,0,0,4,8,1,23,0,2,0
06-02-20,Loudon,160,10,148,10,12,0,159,14,2209,66,2368,80,0,0,1,34,9,126,0,8,0
06-02-20,Macon,159,8,159,8,0,0,178,7,1446,15,1624,22,0,3,5,41,3,115,0,14,3
06-02-20,Madison,168,1,168,1,0,0,198,1,5269,51,5467,52,0,2,1,2,0,164,0,20,2
06-02-20,Marion,43,0,42,0,1,0,48,0,860,13,908,13,0,1,0,7,0,35,0,12,2
06-02-20,Marshall,34,1,34,1,0,0,41,1,1074,10,1115,11,0,1,0,3,1,30,0,6,1
06-02-20,Maury,106,8,106,8,0,0,118,9,3189,23,3307,32,0,0,7,26,1,80,0,9,1
06-02-20,McMinn,150,1,150,1,0,0,171,3,2950,119,3121,122,0,14,-3,15,4,121,0,19,14
06-02-20,McNairy,15,1,15,1,0,0,22,2,934,32,956,34,0,0,0,2,1,13,0,2,0
06-02-20,Meigs,26,0,26,0,0,0,37,0,544,8,581,8,0,0,0,2,0,24,0,4,0
06-02-20,Monroe,89,4,81,4,8,0,90,4,1240,37,1330,41,0,2,1,18,3,69,0,8,3
06-02-20,Montgomery,288,8,286,8,2,0,330,8,8680,207,9010,215,0,3,4,41,4,244,0,28,6
06-02-20,Moore,6,1,6,1,0,0,6,0,385,0,391,0,0,0,1,3,0,3,0,0,0
06-02-20,Morgan,17,0,17,0,0,0,19,0,3166,33,3185,33,0,0,0,0,0,17,0,0,0
06-02-20,Obion,47,1,45,1,2,0,49,2,1399,39,1448,41,2,3,-3,14,2,30,0,6,1
06-02-20,Out of State,269,0,269,0,0,0,288,0,58938,1523,59226,1523,0,4,-3,34,3,231,0,20,1
06-02-20,Overton,36,3,36,3,0,0,37,3,1503,48,1540,51,0,0,3,12,0,24,0,2,0
06-02-20,Pending,2,1,2,1,0,0,5,1,39379,927,39384,928,0,0,1,0,0,2,0,0,0
06-02-20,Perry,25,2,25,2,0,0,28,2,234,11,262,13,0,0,2,11,0,14,1,1,0
06-02-20,Pickett,3,0,3,0,0,0,3,0,381,7,384,7,0,0,-1,0,1,3,0,0,0
06-02-20,Polk,22,0,22,0,0,0,26,0,531,4,557,4,0,0,-1,2,1,20,0,3,0
06-02-20,Putnam,500,3,498,2,2,1,589,2,5838,130,6427,132,0,5,-18,131,21,364,0,15,6
06-02-20,Rhea,212,0,212,0,0,0,216,0,1627,17,1843,17,0,0,-1,33,1,179,0,2,0
06-02-20,Roane,25,0,18,0,7,0,26,0,3478,83,3504,83,0,0,-1,4,1,21,0,3,0
06-02-20,Robertson,518,12,517,12,1,0,608,20,3927,89,4535,109,0,4,3,99,9,415,0,41,10
06-02-20,Rutherford,1333,56,1327,56,6,0,1554,60,12431,217,13985,277,4,27,22,246,30,1060,1,92,30
06-02-20,Scott,12,0,11,0,1,0,11,0,706,17,717,17,0,0,0,-1,0,13,0,0,0
06-02-20,Sequatchie,23,0,23,0,0,0,26,1,968,8,994,9,0,0,0,9,0,14,0,2,0
06-02-20,Sevier,100,8,96,8,4,0,111,10,5000,255,5111,265,0,2,8,20,0,78,0,8,2
06-02-20,Shelby,5416,136,5401,136,15,0,6441,158,70801,2388,77242,2546,4,117,23,1055,109,4244,14,615,146
06-02-20,Smith,35,1,34,1,1,0,40,3,962,9,1002,12,0,1,1,5,0,29,0,2,1
06-02-20,Stewart,13,1,13,1,0,0,13,1,447,10,460,11,0,0,1,3,0,10,0,2,0
06-02-20,Sullivan,64,0,61,0,3,0,65,0,4830,142,4895,142,0,2,-1,1,1,61,0,7,2
06-02-20,Sumner,961,27,952,27,9,0,1223,29,8080,152,9303,181,0,45,18,107,9,809,0,206,47
06-02-20,Tipton,464,3,462,3,2,0,491,8,4493,134,4984,142,0,3,-5,31,8,430,0,25,3
06-02-20,Trousdale,1398,1,1395,1,3,0,1425,0,1907,6,3332,6,0,4,1,8,0,1386,0,14,4
06-02-20,Unicoi,48,6,48,6,0,0,47,3,490,1,537,4,0,0,6,45,0,3,0,0,0
06-02-20,Union,4,0,4,0,0,0,4,0,514,9,518,9,0,0,0,0,0,4,0,0,0
06-02-20,Van Buren,4,0,4,0,0,0,4,0,351,5,355,5,0,0,0,0,0,4,0,1,0
06-02-20,Warren,25,0,25,0,0,0,25,0,1823,21,1848,21,0,0,0,4,0,21,0,0,0
06-02-20,Washington,74,0,74,0,0,0,96,0,4105,332,4201,332,0,0,0,1,0,73,0,6,0
06-02-20,Wayne,64,0,64,0,0,0,65,0,2272,12,2337,12,0,0,0,2,0,62,0,2,0
06-02-20,Weakley,30,0,30,0,0,0,31,0,1461,28,1492,28,0,0,0,-1,0,31,0,2,0
06-02-20,White,38,0,36,0,2,0,42,0,1531,42,1573,42,0,0,-1,9,1,29,0,3,0
06-02-20,Williamson,570,17,570,17,0,0,645,18,9951,229,10596,247,1,11,9,62,7,497,0,45,11
06-02-20,Wilson,458,13,455,13,3,0,554,20,6702,114,7256,134,0,8,6,82,7,368,2,40,8
06-01-20,Anderson,41,0,40,0,1,0,50,0,4847,120,4897,120,0,1,0,2,0,38,0,4,1
06-01-20,Bedford,295,2,295,2,0,0,331,5,2470,37,2801,42,0,4,-2,32,4,259,0,13,5
06-01-20,Benton,7,0,7,0,0,0,8,0,779,1,787,1,0,1,0,0,0,6,0,2,1
06-01-20,Bledsoe,615,2,615,2,0,0,624,1,3304,17,3928,18,0,1,1,4,1,610,0,5,1
06-01-20,Blount,97,1,93,1,4,0,112,1,3536,59,3648,60,0,3,0,12,1,82,0,6,3
06-01-20,Bradley,155,15,152,15,3,0,164,17,2750,92,2914,109,0,1,13,64,2,90,2,20,2
06-01-20,Campbell,21,2,18,0,3,2,25,0,1521,29,1546,29,0,1,2,3,0,17,0,2,1
06-01-20,Cannon,21,0,21,0,0,0,32,0,617,13,649,13,0,0,0,6,0,15,0,4,0
06-01-20,Carroll,30,0,25,0,5,0,27,1,1445,3,1472,4,0,1,0,-1,0,30,0,5,1
06-01-20,Carter,23,0,22,0,1,0,26,0,1565,161,1591,161,0,1,0,-1,0,23,0,2,1
06-01-20,Cheatham,141,1,141,1,0,0,170,2,1852,9,2022,11,0,0,-2,19,3,122,0,9,0
06-01-20,Chester,14,0,14,0,0,0,16,0,704,2,720,2,0,0,-2,1,2,13,0,1,0
06-01-20,Claiborne,12,2,12,2,0,0,11,0,766,20,777,20,0,0,2,2,0,10,0,1,0
06-01-20,Clay,10,1,10,1,0,0,10,1,518,3,528,4,0,0,1,3,0,7,0,0,0
06-01-20,Cocke,22,0,20,0,2,0,27,0,1222,146,1249,146,0,0,0,0,0,22,0,1,0
06-01-20,Coffee,74,0,73,0,1,0,85,0,2434,43,2519,43,0,0,0,9,0,65,0,5,0
06-01-20,Crockett,19,0,17,0,2,0,22,0,597,1,619,1,0,2,0,3,0,14,0,2,3
06-01-20,Cumberland,124,2,120,2,4,0,156,2,4385,41,4541,43,0,1,-5,15,7,108,0,10,1
06-01-20,Davidson,5292,84,5286,84,6,0,6110,95,56806,775,62916,870,0,62,-56,673,140,4557,2,392,75
06-01-20,Decatur,5,0,5,0,0,0,6,0,528,1,534,1,0,0,0,0,0,5,0,0,0
06-01-20,Dekalb,38,0,38,0,0,0,45,0,1332,6,1377,6,0,0,0,6,0,32,0,0,0
06-01-20,Dickson,118,3,118,3,0,0,155,3,2291,39,2446,42,0,0,-1,14,4,104,0,13,0
06-01-20,Dyer,58,3,55,3,3,0,68,5,1635,7,1703,12,0,0,2,7,1,51,0,6,0
06-01-20,Fayette,136,5,135,5,1,0,178,4,3453,18,3631,22,0,2,1,27,4,107,1,17,2
06-01-20,Fentress,12,0,12,0,0,0,12,0,736,14,748,14,0,0,0,2,0,10,0,1,0
06-01-20,Franklin,56,1,55,0,1,1,67,0,2095,44,2162,44,0,1,1,7,0,48,0,6,2
06-01-20,Gibson,67,0,63,0,4,0,74,0,2502,7,2576,7,0,1,-3,-1,3,67,0,5,1
06-01-20,Giles,13,0,13,0,0,0,17,0,1061,9,1078,9,0,0,0,0,0,13,0,1,0
06-01-20,Grainger,13,0,12,0,1,0,17,1,746,120,763,121,0,0,0,6,0,7,0,2,0
06-01-20,Greene,52,0,51,0,1,0,59,1,2423,186,2482,187,0,2,-1,5,1,45,0,8,2
06-01-20,Grundy,29,0,29,0,0,0,36,0,504,6,540,6,0,1,0,2,0,26,0,10,1
06-01-20,Hamblen,48,0,40,0,8,0,45,0,2671,42,2716,42,0,2,0,17,0,29,0,7,2
06-01-20,Hamilton,894,42,890,42,4,0,935,43,14706,593,15641,636,0,15,-11,346,53,533,2,69,17
06-01-20,Hancock,1,0,1,0,0,0,1,0,162,7,163,7,0,0,-1,0,1,1,0,0,0
06-01-20,Hardeman,205,1,205,1,0,0,213,1,5113,13,5326,14,0,0,1,12,0,193,0,7,0
06-01-20,Hardin,18,1,18,1,0,0,20,1,1791,17,1811,18,0,2,0,7,1,9,0,3,2
06-01-20,Hawkins,34,0,34,0,0,0,46,1,1603,66,1649,67,0,2,0,3,0,29,0,6,2
06-01-20,Haywood,34,0,33,0,1,0,35,0,992,1,1027,1,0,2,-3,1,3,31,0,6,2
06-01-20,Henderson,14,0,14,0,0,0,18,0,1148,4,1166,4,0,0,0,2,0,12,0,0,0
06-01-20,Henry,32,0,32,0,0,0,41,0,1614,3,1655,3,0,0,-1,3,1,29,0,5,0
06-01-20,Hickman,58,1,58,1,0,0,81,1,1084,30,1165,31,0,0,0,7,1,51,0,2,0
06-01-20,Houston,9,0,9,0,0,0,12,0,506,22,518,22,0,0,0,0,0,9,0,5,0
06-01-20,Humphreys,16,0,15,0,1,0,18,0,766,12,784,12,0,1,0,2,0,13,0,1,1
06-01-20,Jackson,22,0,22,0,0,0,25,0,667,5,692,5,0,0,-1,5,1,17,0,1,0
06-01-20,Jefferson,32,0,28,0,4,0,28,0,2321,45,2349,45,0,0,0,1,0,31,0,0,0
06-01-20,Johnson,17,0,17,0,0,0,16,0,1968,19,1984,19,0,0,0,3,0,14,0,1,0
06-01-20,Knox,406,17,401,17,5,0,458,20,18404,932,18862,952,0,5,4,51,13,350,0,42,5
06-01-20,Lake,640,226,639,226,1,0,719,301,2913,1529,3632,1830,0,0,225,232,1,408,0,3,0
06-01-20,Lauderdale,61,1,60,1,1,0,79,0,3344,8,3423,8,0,1,1,7,0,53,0,8,1
06-01-20,Lawrence,29,0,29,0,0,0,33,0,1583,60,1616,60,0,0,0,5,0,24,0,4,0
06-01-20,Lewis,4,0,4,0,0,0,4,0,482,3,486,3,0,0,0,0,0,4,0,0,0
06-01-20,Lincoln,26,1,26,1,0,0,32,1,1337,16,1369,17,0,0,1,4,0,22,0,2,0
06-01-20,Loudon,150,3,138,2,12,1,145,2,2143,26,2288,28,0,0,-7,33,10,117,0,8,0
06-01-20,Macon,151,0,151,0,0,0,171,1,1431,6,1602,7,0,3,-1,36,1,112,0,14,3
06-01-20,Madison,167,1,167,1,0,0,197,1,5218,30,5415,31,0,2,-2,1,3,164,0,20,2
06-01-20,Marion,43,0,42,0,1,0,48,0,847,40,895,40,0,1,0,7,0,35,0,12,2
06-01-20,Marshall,33,0,33,0,0,0,40,0,1064,16,1104,16,0,1,-1,3,1,29,0,6,1
06-01-20,Maury,98,3,98,3,0,0,109,7,3166,40,3275,47,0,0,-2,19,5,79,0,9,1
06-01-20,McMinn,149,1,149,1,0,0,168,1,2831,38,2999,39,0,14,-2,18,3,117,0,19,14
06-01-20,McNairy,14,1,14,1,0,0,20,1,902,3,922,4,0,0,1,2,0,12,0,2,0
06-01-20,Meigs,26,1,26,1,0,0,37,1,536,12,573,13,0,0,-1,2,2,24,0,4,0
06-01-20,Monroe,85,0,77,0,8,0,86,0,1203,19,1289,19,0,2,-4,17,4,66,0,8,3
06-01-20,Montgomery,280,4,278,4,2,0,322,5,8473,108,8795,113,0,3,-7,37,11,240,0,28,6
06-01-20,Moore,5,0,5,0,0,0,6,1,385,7,391,8,0,0,0,2,0,3,0,0,0
06-01-20,Morgan,17,0,17,0,0,0,19,0,3133,5,3152,5,0,0,0,0,0,17,0,0,0
06-01-20,Obion,46,5,44,5,2,0,47,7,1360,8,1407,15,0,1,2,17,3,28,2,6,1
06-01-20,Out of State,269,4,269,4,0,0,288,3,57415,647,57703,650,0,4,3,37,1,228,1,20,1
06-01-20,Overton,33,0,33,0,0,0,34,0,1455,42,1489,42,0,0,-2,9,2,24,0,2,0
06-01-20,Pending,1,0,1,0,0,0,4,0,38452,537,38456,537,0,0,-1,-1,1,2,0,0,0
06-01-20,Perry,23,0,23,0,0,0,26,1,223,20,249,21,0,0,-1,9,1,14,0,0,0
06-01-20,Pickett,3,0,3,0,0,0,3,0,374,1,377,1,0,0,0,1,0,2,0,0,0
06-01-20,Polk,22,0,22,0,0,0,26,0,527,7,553,7,0,0,0,3,0,19,0,3,0
06-01-20,Putnam,497,9,496,9,1,0,587,14,5708,243,6295,257,0,5,-22,149,31,343,0,15,6
06-01-20,Rhea,212,3,212,3,0,0,216,3,1610,131,1826,134,0,0,-157,34,160,178,0,2,0
06-01-20,Roane,25,0,18,0,7,0,26,0,3395,22,3421,22,0,0,0,5,0,20,0,3,0
06-01-20,Robertson,506,25,505,25,1,0,588,27,3838,99,4426,126,1,4,-1,96,25,406,0,41,10
06-01-20,Rutherford,1277,20,1271,20,6,0,1494,24,12214,257,13708,281,0,23,-25,224,45,1030,1,91,30
06-01-20,Scott,12,0,11,0,1,0,11,0,689,10,700,10,0,0,0,-1,0,13,0,0,0
06-01-20,Sequatchie,23,0,23,0,0,0,25,1,960,53,985,54,0,0,0,9,0,14,0,2,0
06-01-20,Sevier,92,3,88,3,4,0,101,3,4745,59,4846,62,0,2,0,12,3,78,0,8,2
06-01-20,Shelby,5280,77,5265,77,15,0,6283,95,68413,707,74696,802,2,113,-27,1032,102,4135,5,601,145
06-01-20,Smith,34,1,33,1,1,0,37,1,953,6,990,7,0,1,1,4,0,29,0,2,1
06-01-20,Stewart,12,0,12,0,0,0,12,0,437,11,449,11,0,0,0,2,0,10,0,2,0
06-01-20,Sullivan,64,0,61,0,3,0,65,0,4688,175,4753,175,0,2,0,2,0,60,0,7,2
06-01-20,Sumner,934,6,925,6,9,0,1194,5,7928,65,9122,70,0,45,-12,89,18,800,0,206,47
06-01-20,Tipton,461,4,459,4,2,0,483,2,4359,38,4842,40,0,3,-4,36,8,422,0,25,3
06-01-20,Trousdale,1397,0,1394,0,3,0,1425,1,1901,9,3326,10,0,4,-2,7,2,1386,0,14,4
06-01-20,Unicoi,42,2,42,2,0,0,44,37,489,43,533,80,0,0,2,39,0,3,0,0,0
06-01-20,Union,4,0,4,0,0,0,4,0,505,10,509,10,0,0,0,0,0,4,0,0,0
06-01-20,Van Buren,4,0,4,0,0,0,4,0,346,5,350,5,0,0,0,0,0,4,0,1,0
06-01-20,Warren,25,0,25,0,0,0,25,0,1802,25,1827,25,0,0,-1,4,1,21,0,0,0
06-01-20,Washington,74,0,74,0,0,0,96,0,3773,420,3869,420,0,0,-3,1,3,73,0,6,0
06-01-20,Wayne,64,1,64,1,0,0,65,1,2260,5,2325,6,0,0,1,2,0,62,0,2,0
06-01-20,Weakley,30,0,30,0,0,0,31,1,1433,7,1464,8,0,0,0,-1,0,31,0,2,0
06-01-20,White,38,0,36,0,2,0,42,0,1489,29,1531,29,0,0,-1,10,1,28,0,3,0
06-01-20,Williamson,553,4,553,4,0,0,627,5,9722,104,10349,109,0,10,-4,53,8,490,0,45,11
06-01-20,Wilson,445,13,442,13,3,0,534,8,6588,73,7122,81,0,8,8,76,5,361,0,38,8
05-31-20,Anderson,41,1,40,1,1,0,50,1,4727,55,4777,56,0,1,1,2,0,38,0,4,1
05-31-20,Bedford,293,4,293,4,0,0,326,7,2433,77,2759,84,0,4,4,34,0,255,0,13,5
05-31-20,Benton,7,0,7,0,0,0,8,0,778,14,786,14,0,1,0,0,0,6,0,2,1
05-31-20,Bledsoe,613,1,613,1,0,0,623,2,3287,37,3910,39,0,1,1,3,0,609,0,5,1
05-31-20,Blount,96,0,92,0,4,0,111,0,3477,76,3588,76,0,3,-1,12,1,81,0,6,3
05-31-20,Bradley,140,8,137,8,3,0,147,10,2658,79,2805,89,0,1,8,51,0,88,1,18,2
05-31-20,Campbell,19,0,18,0,1,0,25,0,1492,22,1517,22,0,1,0,1,0,17,0,2,1
05-31-20,Cannon,21,0,21,0,0,0,32,0,604,33,636,33,0,0,-1,6,1,15,0,4,0
05-31-20,Carroll,30,1,25,1,5,0,26,0,1442,36,1468,36,0,1,1,-1,0,30,0,5,1
05-31-20,Carter,23,0,22,0,1,0,26,0,1404,30,1430,30,0,1,0,-1,0,23,0,2,1
05-31-20,Cheatham,140,7,140,7,0,0,168,8,1843,40,2011,48,0,0,4,21,3,119,1,9,0
05-31-20,Chester,14,0,14,0,0,0,16,0,702,14,718,14,0,0,0,3,0,11,0,1,0
05-31-20,Claiborne,10,0,10,0,0,0,11,1,746,9,757,10,0,0,-1,0,1,10,0,1,0
05-31-20,Clay,9,0,9,0,0,0,9,0,515,6,524,6,0,0,0,2,0,7,0,0,0
05-31-20,Cocke,22,0,20,0,2,0,27,0,1076,12,1103,12,0,0,0,0,0,22,0,1,0
05-31-20,Coffee,74,0,73,0,1,0,85,3,2391,109,2476,112,0,0,0,9,0,65,0,5,0
05-31-20,Crockett,19,0,17,0,2,0,22,0,596,19,618,19,0,2,0,3,0,14,0,2,3
05-31-20,Cumberland,122,2,118,2,4,0,154,1,4344,169,4498,170,0,1,1,20,1,101,0,10,1
05-31-20,Davidson,5208,119,5202,119,6,0,6015,152,56031,1715,62046,1867,0,62,63,729,56,4417,12,390,73
05-31-20,Decatur,5,0,5,0,0,0,6,0,527,8,533,8,0,0,0,0,0,5,0,0,0
05-31-20,Dekalb,38,2,38,2,0,0,45,2,1326,36,1371,38,0,0,2,6,0,32,0,0,0
05-31-20,Dickson,115,3,115,3,0,0,152,4,2252,64,2404,68,0,0,1,15,2,100,0,13,0
05-31-20,Dyer,55,0,52,0,3,0,63,0,1628,234,1691,234,0,0,0,5,0,50,0,6,0
05-31-20,Fayette,131,2,130,2,1,0,174,4,3435,101,3609,105,0,2,1,26,1,103,0,16,2
05-31-20,Fentress,12,0,12,0,0,0,12,0,722,20,734,20,0,0,0,2,0,10,0,1,0
05-31-20,Franklin,55,1,55,1,0,0,67,2,2051,45,2118,47,0,1,1,6,0,48,1,6,2
05-31-20,Gibson,67,0,63,0,4,0,74,1,2495,128,2569,129,0,1,0,2,0,64,0,5,1
05-31-20,Giles,13,0,13,0,0,0,17,0,1052,107,1069,107,0,0,0,0,0,13,0,1,0
05-31-20,Grainger,13,0,12,0,1,0,16,2,626,14,642,16,0,0,0,6,0,7,0,2,0
05-31-20,Greene,52,0,51,0,1,0,58,1,2237,69,2295,70,0,2,0,6,0,44,0,8,2
05-31-20,Grundy,29,0,29,0,0,0,36,0,498,11,534,11,0,1,0,2,0,26,0,10,1
05-31-20,Hamblen,48,3,40,3,8,0,45,8,2629,62,2674,70,0,2,3,17,0,29,0,7,2
05-31-20,Hamilton,852,39,848,39,4,0,892,39,14113,748,15005,787,0,15,16,357,23,480,0,67,17
05-31-20,Hancock,1,0,1,0,0,0,1,0,155,2,156,2,0,0,0,1,0,0,0,0,0
05-31-20,Hardeman,204,4,204,4,0,0,212,6,5100,43,5312,49,0,0,3,11,1,193,2,7,0
05-31-20,Hardin,17,2,17,2,0,0,19,2,1774,166,1793,168,0,2,2,7,0,8,0,3,2
05-31-20,Hawkins,34,0,34,0,0,0,45,1,1537,29,1582,30,0,2,0,3,0,29,0,6,2
05-31-20,Haywood,34,1,33,1,1,0,35,0,991,86,1026,86,0,2,1,4,0,28,0,6,2
05-31-20,Henderson,14,0,14,0,0,0,18,0,1144,20,1162,20,0,0,0,2,0,12,0,0,0
05-31-20,Henry,32,2,32,2,0,0,41,2,1611,111,1652,113,0,0,2,4,0,28,0,5,0
05-31-20,Hickman,57,1,57,1,0,0,80,1,1054,96,1134,97,0,0,1,7,0,50,0,2,0
05-31-20,Houston,9,0,9,0,0,0,12,0,484,213,496,213,0,0,-1,0,1,9,0,5,0
05-31-20,Humphreys,16,2,15,2,1,0,18,2,754,20,772,22,0,1,2,2,0,13,0,1,1
05-31-20,Jackson,22,0,22,0,0,0,25,0,662,10,687,10,0,0,0,6,0,16,0,1,0
05-31-20,Jefferson,32,0,28,0,4,0,28,0,2276,22,2304,22,0,0,-1,1,1,31,0,0,0
05-31-20,Johnson,17,0,17,0,0,0,16,0,1949,9,1965,9,0,0,0,3,0,14,0,1,0
05-31-20,Knox,389,7,384,7,5,0,438,5,17472,283,17910,288,0,5,3,47,4,337,0,42,5
05-31-20,Lake,414,0,413,0,1,0,418,0,1384,9,1802,9,0,0,-1,7,1,407,0,3,0
05-31-20,Lauderdale,60,2,59,2,1,0,79,3,3336,46,3415,49,0,1,1,6,1,53,0,8,1
05-31-20,Lawrence,29,0,29,0,0,0,33,2,1523,45,1556,47,0,0,-1,5,1,24,0,4,0
05-31-20,Lewis,4,0,4,0,0,0,4,0,479,15,483,15,0,0,0,0,0,4,0,0,0
05-31-20,Lincoln,25,0,25,0,0,0,31,0,1321,17,1352,17,0,0,0,3,0,22,0,2,0
05-31-20,Loudon,147,6,136,5,11,1,143,3,2117,30,2260,33,0,0,3,40,3,107,0,8,0
05-31-20,Macon,151,10,151,10,0,0,170,10,1425,24,1595,34,0,3,8,37,2,111,0,14,3
05-31-20,Madison,166,1,166,1,0,0,196,2,5188,99,5384,101,0,2,1,3,0,161,0,20,2
05-31-20,Marion,43,2,42,2,1,0,48,1,807,22,855,23,0,1,2,7,0,35,0,12,2
05-31-20,Marshall,33,0,33,0,0,0,40,1,1048,18,1088,19,0,1,0,4,0,28,0,6,1
05-31-20,Maury,95,7,95,7,0,0,102,3,3126,198,3228,201,0,0,7,21,0,74,1,9,1
05-31-20,McMinn,148,1,148,1,0,0,167,1,2793,54,2960,55,0,14,1,20,0,114,0,19,14
05-31-20,McNairy,13,1,13,1,0,0,19,1,899,60,918,61,0,0,1,1,0,12,1,2,0
05-31-20,Meigs,25,0,25,0,0,0,36,0,524,10,560,10,0,0,0,3,0,22,0,4,0
05-31-20,Monroe,85,2,77,2,8,0,86,3,1184,128,1270,131,0,2,-2,21,4,62,0,8,3
05-31-20,Montgomery,276,2,274,2,2,0,317,5,8365,170,8682,175,0,3,-2,44,4,229,0,28,5
05-31-20,Moore,5,1,5,1,0,0,5,1,378,11,383,12,0,0,1,2,0,3,0,0,0
05-31-20,Morgan,17,0,17,0,0,0,19,0,3128,20,3147,20,0,0,0,0,0,17,0,0,0
05-31-20,Obion,41,4,39,4,2,0,40,6,1352,64,1392,70,0,1,4,15,0,25,0,4,1
05-31-20,Out of State,265,13,265,13,0,0,285,12,56768,977,57053,989,0,4,12,34,1,227,2,19,1
05-31-20,Overton,33,3,33,3,0,0,34,3,1413,47,1447,50,0,0,3,11,0,22,0,2,0
05-31-20,Pending,1,0,1,0,0,0,4,0,37915,843,37919,843,0,0,0,0,0,1,0,0,0
05-31-20,Perry,23,0,23,0,0,0,25,5,203,23,228,28,0,0,0,10,0,13,0,0,0
05-31-20,Pickett,3,0,3,0,0,0,3,0,373,107,376,107,0,0,0,1,0,2,0,0,0
05-31-20,Polk,22,0,22,0,0,0,26,0,520,16,546,16,0,0,0,3,0,19,0,3,0
05-31-20,Putnam,488,10,487,10,1,0,573,10,5465,224,6038,234,0,5,6,171,4,312,1,15,6
05-31-20,Rhea,209,0,209,0,0,0,213,0,1479,111,1692,111,0,0,-2,191,2,18,0,2,0
05-31-20,Roane,25,1,18,0,7,1,26,0,3373,49,3399,49,0,0,1,5,0,20,0,3,0
05-31-20,Robertson,481,6,480,6,1,0,561,11,3739,66,4300,77,0,3,-5,97,11,381,1,41,9
05-31-20,Rutherford,1257,27,1251,27,6,0,1470,30,11957,434,13427,464,0,23,10,249,17,985,2,90,30
05-31-20,Scott,12,0,11,0,1,0,11,0,679,12,690,12,0,0,0,-1,0,13,0,0,0
05-31-20,Sequatchie,23,3,23,3,0,0,24,3,907,25,931,28,0,0,3,9,0,14,0,2,0
05-31-20,Sevier,89,3,85,3,4,0,98,4,4686,138,4784,142,0,2,3,12,0,75,0,8,2
05-31-20,Shelby,5203,218,5188,218,15,0,6188,266,67706,3818,73894,4084,0,111,174,1059,44,4033,17,596,143
05-31-20,Smith,33,1,32,1,1,0,36,0,947,16,983,16,0,1,1,3,0,29,0,2,1
05-31-20,Stewart,12,0,12,0,0,0,12,0,426,44,438,44,0,0,0,2,0,10,0,2,0
05-31-20,Sullivan,64,0,61,0,3,0,65,0,4513,217,4578,217,0,2,0,2,0,60,0,7,2
05-31-20,Sumner,928,15,919,15,9,0,1189,20,7863,261,9052,281,0,45,8,101,7,782,1,206,47
05-31-20,Tipton,457,6,455,6,2,0,481,7,4321,119,4802,126,0,3,2,40,4,414,0,25,3
05-31-20,Trousdale,1397,1,1394,1,3,0,1424,5,1892,17,3316,22,0,4,1,9,0,1384,0,14,4
05-31-20,Unicoi,40,36,40,36,0,0,7,3,446,9,453,12,0,0,36,37,0,3,0,0,0
05-31-20,Union,4,0,4,0,0,0,4,0,495,4,499,4,0,0,0,0,0,4,0,0,0
05-31-20,Van Buren,4,0,4,0,0,0,4,0,341,3,345,3,0,0,0,0,0,4,0,1,0
05-31-20,Warren,25,0,25,0,0,0,25,0,1777,23,1802,23,0,0,-2,5,2,20,0,0,0
05-31-20,Washington,74,0,74,0,0,0,96,0,3353,137,3449,137,0,0,-1,4,1,70,0,6,0
05-31-20,Wayne,63,0,63,0,0,0,64,0,2255,18,2319,18,0,0,0,1,0,62,0,2,0
05-31-20,Weakley,30,0,30,0,0,0,30,0,1426,196,1456,196,0,0,0,-1,0,31,0,2,0
05-31-20,White,38,0,36,0,2,0,42,0,1460,17,1502,17,0,0,0,11,0,27,0,3,0
05-31-20,Williamson,549,5,549,5,0,0,622,5,9618,220,10240,225,0,10,2,57,3,482,0,45,11
05-31-20,Wilson,432,11,429,11,3,0,526,16,6515,540,7041,556,0,8,4,68,7,356,1,38,8
05-30-20,Anderson,40,0,39,0,1,0,49,1,4672,60,4721,61,0,1,0,1,0,38,0,4,1
05-30-20,Bedford,289,5,289,5,0,0,319,8,2356,34,2675,42,0,4,1,30,4,255,0,13,5
05-30-20,Benton,7,0,7,0,0,0,8,0,764,9,772,9,0,1,0,0,0,6,0,2,1
05-30-20,Bledsoe,612,0,612,0,0,0,621,0,3250,16,3871,16,0,1,0,2,0,609,0,5,1
05-30-20,Blount,96,1,92,1,4,0,111,1,3401,29,3512,30,0,3,1,13,0,80,0,6,3
05-30-20,Bradley,132,12,129,12,3,0,137,10,2579,130,2716,140,0,1,9,43,3,88,1,17,2
05-30-20,Campbell,19,0,18,0,1,0,25,1,1470,21,1495,22,0,1,0,1,0,17,0,2,1
05-30-20,Cannon,21,3,21,3,0,0,32,3,571,63,603,66,0,0,2,7,1,14,1,4,0
05-30-20,Carroll,29,0,24,0,5,0,26,0,1406,20,1432,20,0,1,0,-2,0,30,0,5,1
05-30-20,Carter,23,0,22,0,1,0,26,0,1374,17,1400,17,0,1,0,-1,0,23,0,2,1
05-30-20,Cheatham,133,4,133,4,0,0,160,9,1803,36,1963,45,0,0,2,17,2,116,0,8,0
05-30-20,Chester,14,0,14,0,0,0,16,0,688,1,704,1,0,0,0,3,0,11,0,1,0
05-30-20,Claiborne,10,0,10,0,0,0,10,0,737,21,747,21,0,0,-1,1,1,9,0,1,0
05-30-20,Clay,9,0,9,0,0,0,9,0,509,5,518,5,0,0,0,2,0,7,0,0,0
05-30-20,Cocke,22,0,20,0,2,0,27,0,1064,15,1091,15,0,0,0,0,0,22,0,1,0
05-30-20,Coffee,74,0,73,0,1,0,82,4,2282,66,2364,70,0,0,-1,9,1,65,0,5,0
05-30-20,Crockett,19,0,17,0,2,0,22,0,577,6,599,6,0,2,0,3,0,14,0,2,3
05-30-20,Cumberland,120,1,116,1,4,0,153,1,4175,155,4328,156,0,1,1,19,0,100,0,10,1
05-30-20,Davidson,5089,83,5083,83,6,0,5863,101,54316,712,60179,813,3,62,33,666,47,4361,2,378,72
05-30-20,Decatur,5,0,5,0,0,0,6,0,519,2,525,2,0,0,0,0,0,5,0,0,0
05-30-20,Dekalb,36,0,36,0,0,0,43,0,1290,30,1333,30,0,0,0,4,0,32,0,0,0
05-30-20,Dickson,112,1,112,1,0,0,148,2,2188,33,2336,35,0,0,0,14,1,98,0,13,0
05-30-20,Dyer,55,0,52,0,3,0,63,1,1394,10,1457,11,0,0,-1,5,1,50,0,6,0
05-30-20,Fayette,129,1,128,1,1,0,170,4,3334,75,3504,79,0,2,0,25,1,102,0,16,2
05-30-20,Fentress,12,0,12,0,0,0,12,0,702,14,714,14,0,0,0,2,0,10,0,1,0
05-30-20,Franklin,54,2,54,2,0,0,65,3,2006,30,2071,33,0,1,1,5,1,48,0,5,2
05-30-20,Gibson,67,1,63,1,4,0,73,0,2367,19,2440,19,0,1,1,2,0,64,0,5,1
05-30-20,Giles,13,0,13,0,0,0,17,0,945,9,962,9,0,0,0,0,0,13,0,1,0
05-30-20,Grainger,13,4,12,4,1,0,14,4,612,13,626,17,0,0,4,6,0,7,0,2,0
05-30-20,Greene,52,3,51,3,1,0,57,2,2168,37,2225,39,0,2,3,6,0,44,0,8,2
05-30-20,Grundy,29,0,29,0,0,0,36,0,487,3,523,3,0,1,0,2,0,26,0,10,1
05-30-20,Hamblen,45,4,37,4,8,0,37,0,2567,23,2604,23,0,2,3,14,1,29,0,7,2
05-30-20,Hamilton,813,32,809,31,4,1,853,35,13365,837,14218,872,0,15,12,341,20,457,1,67,16
05-30-20,Hancock,1,0,1,0,0,0,1,0,153,5,154,5,0,0,0,1,0,0,0,0,0
05-30-20,Hardeman,200,1,200,1,0,0,206,1,5057,53,5263,54,0,0,-2,8,3,192,0,5,0
05-30-20,Hardin,15,0,15,0,0,0,17,0,1608,18,1625,18,0,2,-1,5,1,8,0,3,2
05-30-20,Hawkins,34,1,34,1,0,0,44,1,1508,32,1552,33,0,2,1,3,0,29,0,6,2
05-30-20,Haywood,33,0,32,0,1,0,35,0,905,19,940,19,0,2,0,3,0,28,0,6,2
05-30-20,Henderson,14,0,14,0,0,0,18,0,1124,12,1142,12,0,0,-1,2,1,12,0,0,0
05-30-20,Henry,30,0,30,0,0,0,39,0,1500,45,1539,45,0,0,0,2,0,28,0,5,0
05-30-20,Hickman,56,0,56,0,0,0,79,1,958,16,1037,17,0,0,0,6,0,50,0,2,0
05-30-20,Houston,9,1,9,1,0,0,12,1,271,3,283,4,0,0,1,1,0,8,0,5,0
05-30-20,Humphreys,14,0,13,0,1,0,16,1,734,9,750,10,0,1,0,0,0,13,0,1,1
05-30-20,Jackson,22,0,22,0,0,0,25,0,652,9,677,9,0,0,-1,6,1,16,0,1,0
05-30-20,Jefferson,32,0,28,0,4,0,28,0,2254,24,2282,24,0,0,0,2,0,30,0,0,0
05-30-20,Johnson,17,0,17,0,0,0,16,0,1940,17,1956,17,0,0,0,3,0,14,0,1,0
05-30-20,Knox,382,6,377,6,5,0,433,7,17189,298,17622,305,0,5,-1,44,7,333,2,42,5
05-30-20,Lake,414,1,413,1,1,0,418,1,1375,5,1793,6,0,0,0,8,1,406,0,3,0
05-30-20,Lauderdale,58,0,57,0,1,0,76,1,3290,24,3366,25,0,1,0,5,0,52,0,8,1
05-30-20,Lawrence,29,0,29,0,0,0,31,0,1478,18,1509,18,0,0,0,6,0,23,0,4,0
05-30-20,Lewis,4,0,4,0,0,0,4,0,464,7,468,7,0,0,0,0,0,4,0,0,0
05-30-20,Lincoln,25,0,25,0,0,0,31,0,1304,6,1335,6,0,0,-1,3,1,22,0,2,0
05-30-20,Loudon,141,1,131,0,10,1,140,2,2087,37,2227,39,0,0,-25,37,26,104,0,8,0
05-30-20,Macon,141,9,141,9,0,0,160,9,1401,26,1561,35,0,3,8,29,1,109,0,14,3
05-30-20,Madison,165,1,165,1,0,0,194,2,5089,124,5283,126,0,2,1,2,0,161,1,20,2
05-30-20,Marion,41,0,40,0,1,0,47,1,785,8,832,9,0,1,-1,5,1,35,0,12,2
05-30-20,Marshall,33,0,33,0,0,0,39,0,1030,7,1069,7,0,1,-1,4,1,28,0,6,1
05-30-20,Maury,88,2,88,2,0,0,99,3,2928,51,3027,54,0,0,1,14,1,74,0,8,1
05-30-20,McMinn,147,2,147,2,0,0,166,5,2739,49,2905,54,0,14,0,19,2,114,0,19,14
05-30-20,McNairy,12,0,12,0,0,0,18,0,839,36,857,36,0,0,0,0,0,12,0,1,0
05-30-20,Meigs,25,0,25,0,0,0,36,1,514,11,550,12,0,0,-1,3,1,22,0,4,0
05-30-20,Monroe,83,0,75,0,8,0,83,1,1056,11,1139,12,0,2,-8,23,8,58,0,8,3
05-30-20,Montgomery,274,11,272,11,2,0,312,12,8195,179,8507,191,0,3,5,46,6,225,1,28,5
05-30-20,Moore,4,0,4,0,0,0,4,0,367,5,371,5,0,0,0,1,0,3,0,0,0
05-30-20,Morgan,17,0,17,0,0,0,19,0,3108,22,3127,22,0,0,0,0,0,17,0,0,0
05-30-20,Obion,37,2,35,2,2,0,34,0,1288,20,1322,20,0,1,0,11,2,25,2,4,1
05-30-20,Out of State,252,3,252,3,0,0,273,4,55791,915,56064,919,0,4,2,22,1,226,0,17,1
05-30-20,Overton,30,1,30,1,0,0,31,1,1366,13,1397,14,0,0,1,8,0,22,0,2,0
05-30-20,Pending,1,0,1,0,0,0,4,1,37072,611,37076,612,0,0,0,0,0,1,0,0,0
05-30-20,Perry,23,1,23,1,0,0,20,1,180,18,200,19,0,0,1,10,0,13,0,0,0
05-30-20,Pickett,3,0,3,0,0,0,3,0,266,2,269,2,0,0,0,1,0,2,0,0,0
05-30-20,Polk,22,3,22,3,0,0,26,3,504,15,530,18,0,0,3,3,0,19,0,3,0
05-30-20,Putnam,478,19,477,19,1,0,563,22,5241,258,5804,280,-1,5,11,165,9,308,2,14,6
05-30-20,Rhea,209,3,209,3,0,0,213,3,1368,27,1581,30,0,0,0,193,3,16,0,2,0
05-30-20,Roane,24,0,18,0,6,0,26,1,3324,77,3350,78,0,0,0,4,0,20,0,3,0
05-30-20,Robertson,475,26,474,26,1,0,550,34,3673,122,4223,156,0,3,16,102,10,370,0,40,9
05-30-20,Rutherford,1230,36,1224,36,6,0,1440,41,11523,203,12963,244,1,23,15,239,20,968,0,88,29
05-30-20,Scott,12,0,11,0,1,0,11,0,667,8,678,8,0,0,0,-1,0,13,0,0,0
05-30-20,Sequatchie,20,0,20,0,0,0,21,0,882,19,903,19,0,0,-1,6,1,14,0,2,0
05-30-20,Sevier,86,0,82,0,4,0,94,3,4548,83,4642,86,0,2,-1,9,1,75,0,8,2
05-30-20,Shelby,4985,131,4970,131,15,0,5922,151,63888,2102,69810,2253,1,111,61,885,69,3989,7,579,141
05-30-20,Smith,32,0,31,0,1,0,36,1,931,13,967,14,0,1,0,2,0,29,0,2,1
05-30-20,Stewart,12,0,12,0,0,0,12,0,382,8,394,8,0,0,0,2,0,10,0,2,0
05-30-20,Sullivan,64,0,61,0,3,0,65,0,4296,91,4361,91,0,2,0,2,0,60,0,7,2
05-30-20,Sumner,913,22,904,22,9,0,1169,27,7602,192,8771,219,0,45,11,93,11,775,0,205,47
05-30-20,Tipton,451,5,449,5,2,0,474,11,4202,84,4676,95,0,3,2,38,3,410,0,25,3
05-30-20,Trousdale,1396,0,1393,0,3,0,1419,0,1875,16,3294,16,0,4,-1,8,1,1384,0,14,4
05-30-20,Unicoi,4,0,4,0,0,0,4,0,437,5,441,5,0,0,0,1,0,3,0,0,0
05-30-20,Union,4,0,4,0,0,0,4,0,491,2,495,2,0,0,0,0,0,4,0,0,0
05-30-20,Van Buren,4,0,4,0,0,0,4,0,338,7,342,7,0,0,0,0,0,4,0,1,0
05-30-20,Warren,25,0,25,0,0,0,25,0,1754,43,1779,43,0,0,0,7,0,18,0,0,0
05-30-20,Washington,74,0,74,0,0,0,96,0,3216,91,3312,91,0,0,0,5,0,69,0,6,0
05-30-20,Wayne,63,0,63,0,0,0,64,0,2237,9,2301,9,0,0,0,1,0,62,0,2,0
05-30-20,Weakley,30,0,30,0,0,0,30,0,1230,12,1260,12,0,0,0,-1,0,31,0,2,0
05-30-20,White,38,2,36,2,2,0,42,2,1443,59,1485,61,0,0,2,11,0,27,0,3,0
05-30-20,Williamson,544,7,544,7,0,0,617,10,9398,140,10015,150,0,10,-2,55,9,479,0,45,11
05-30-20,Wilson,421,7,418,7,3,0,510,16,5975,177,6485,193,0,8,1,64,6,349,1,37,8
05-29-20,Anderson,40,1,39,1,1,0,48,0,4612,48,4660,48,0,1,0,1,1,38,0,4,1
05-29-20,Bedford,284,0,284,0,0,0,311,4,2322,26,2633,30,0,4,0,29,0,251,0,13,5
05-29-20,Benton,7,0,7,0,0,0,8,0,755,3,763,3,0,1,0,0,0,6,0,2,1
05-29-20,Bledsoe,612,0,612,0,0,0,621,0,3234,23,3855,23,0,1,-2,2,2,609,0,5,1
05-29-20,Blount,95,1,91,1,4,0,110,2,3372,40,3482,42,0,3,1,12,0,80,0,6,3
05-29-20,Bradley,120,7,117,7,3,0,127,8,2449,73,2576,81,0,1,5,34,2,85,0,16,1
05-29-20,Campbell,19,1,18,1,1,0,24,0,1449,8,1473,8,0,1,1,1,0,17,0,2,1
05-29-20,Cannon,18,0,18,0,0,0,29,0,508,1,537,1,0,0,0,5,0,13,0,3,0
05-29-20,Carroll,29,0,24,0,5,0,26,0,1386,6,1412,6,0,1,-1,-2,1,30,0,5,1
05-29-20,Carter,23,0,22,0,1,0,26,0,1357,24,1383,24,0,1,-1,-1,1,23,0,2,1
05-29-20,Cheatham,129,2,129,2,0,0,151,1,1767,13,1918,14,0,0,0,15,2,114,0,8,0
05-29-20,Chester,14,0,14,0,0,0,16,0,687,7,703,7,0,0,0,3,0,11,0,1,0
05-29-20,Claiborne,10,0,10,0,0,0,10,0,716,14,726,14,0,0,0,2,0,8,0,1,0
05-29-20,Clay,9,0,9,0,0,0,9,0,504,0,513,0,0,0,0,2,0,7,0,0,0
05-29-20,Cocke,22,0,20,0,2,0,27,0,1049,18,1076,18,0,0,0,0,0,22,0,1,0
05-29-20,Coffee,74,2,73,2,1,0,78,2,2216,37,2294,39,0,0,2,10,0,64,0,5,0
05-29-20,Crockett,19,0,17,0,2,0,22,0,571,5,593,5,0,2,0,3,0,14,0,2,2
05-29-20,Cumberland,119,2,115,2,4,0,152,2,4020,58,4172,60,0,1,-1,18,3,100,0,10,1
05-29-20,Davidson,5006,32,5000,31,6,1,5762,40,53604,729,59366,769,-1,59,-85,633,118,4314,0,376,72
05-29-20,Decatur,5,0,5,0,0,0,6,1,517,50,523,51,0,0,0,0,0,5,0,0,0
05-29-20,Dekalb,36,0,36,0,0,0,43,0,1260,7,1303,7,0,0,0,4,0,32,0,0,0
05-29-20,Dickson,111,1,111,1,0,0,146,2,2155,32,2301,34,0,0,0,14,1,97,0,13,0
05-29-20,Dyer,55,0,52,0,3,0,62,0,1384,10,1446,10,0,0,-1,6,1,49,0,6,0
05-29-20,Fayette,128,3,127,3,1,0,166,2,3259,37,3425,39,0,2,2,25,1,101,0,16,2
05-29-20,Fentress,12,0,12,0,0,0,12,0,688,2,700,2,0,0,-2,2,2,10,0,1,0
05-29-20,Franklin,52,0,52,0,0,0,62,1,1976,38,2038,39,0,1,0,4,0,47,0,5,2
05-29-20,Gibson,66,1,62,1,4,0,73,2,2348,14,2421,16,0,1,1,1,0,64,0,5,1
05-29-20,Giles,13,0,13,0,0,0,17,0,936,12,953,12,0,0,-2,0,2,13,0,1,0
05-29-20,Grainger,9,1,8,1,1,0,10,1,599,7,609,8,0,0,1,2,0,7,0,2,0
05-29-20,Greene,49,0,48,0,1,0,55,0,2131,31,2186,31,0,2,0,3,0,44,0,8,2
05-29-20,Grundy,29,0,29,0,0,0,36,0,484,9,520,9,0,1,-1,2,1,26,0,10,1
05-29-20,Hamblen,41,2,33,2,8,0,37,1,2544,20,2581,21,0,2,2,11,0,28,0,7,2
05-29-20,Hamilton,781,36,778,35,3,1,818,42,12528,277,13346,319,0,15,3,329,33,437,3,66,16
05-29-20,Hancock,1,0,1,0,0,0,1,0,148,4,149,4,0,0,0,1,0,0,0,0,0
05-29-20,Hardeman,199,0,199,0,0,0,205,0,5004,10,5209,10,0,0,0,10,0,189,0,5,0
05-29-20,Hardin,15,3,15,3,0,0,17,3,1590,94,1607,97,0,2,3,6,0,7,0,3,2
05-29-20,Hawkins,33,1,33,1,0,0,43,0,1476,24,1519,24,0,2,1,2,0,29,0,6,2
05-29-20,Haywood,33,1,32,1,1,0,35,1,886,67,921,68,0,2,1,3,0,28,0,6,2
05-29-20,Henderson,14,0,14,0,0,0,18,0,1112,6,1130,6,0,0,0,3,0,11,0,0,0
05-29-20,Henry,30,0,30,0,0,0,39,0,1455,8,1494,8,0,0,-1,2,1,28,0,5,0
05-29-20,Hickman,56,1,56,1,0,0,78,3,942,19,1020,22,0,0,1,6,0,50,0,2,0
05-29-20,Houston,8,0,8,0,0,0,11,0,268,2,279,2,0,0,-1,0,1,8,0,5,0
05-29-20,Humphreys,14,0,13,0,1,0,15,0,725,13,740,13,0,1,0,0,0,13,0,1,1
05-29-20,Jackson,22,0,22,0,0,0,25,0,643,4,668,4,0,0,-1,7,1,15,0,1,0
05-29-20,Jefferson,32,0,28,0,4,0,28,0,2230,23,2258,23,0,0,0,2,0,30,0,0,0
05-29-20,Johnson,17,0,17,0,0,0,16,0,1923,8,1939,8,0,0,0,3,0,14,0,1,0
05-29-20,Knox,376,8,371,8,5,0,426,5,16891,238,17317,243,0,5,0,45,8,326,0,40,5
05-29-20,Lake,413,1,412,1,1,0,417,2,1370,2,1787,4,0,0,1,8,0,405,1,3,0
05-29-20,Lauderdale,58,1,57,1,1,0,75,0,3266,5,3341,5,0,1,-2,5,3,52,0,8,1
05-29-20,Lawrence,29,2,29,2,0,0,31,5,1460,19,1491,24,0,0,1,6,1,23,0,4,0
05-29-20,Lewis,4,0,4,0,0,0,4,0,457,11,461,11,0,0,-1,0,1,4,0,0,0
05-29-20,Lincoln,25,0,25,0,0,0,31,1,1298,29,1329,30,0,0,-1,4,1,21,0,2,0
05-29-20,Loudon,140,2,131,2,9,0,138,1,2050,49,2188,50,0,0,-6,62,8,78,0,8,0
05-29-20,Macon,132,1,132,1,0,0,151,1,1375,5,1526,6,0,3,-6,21,7,108,1,14,3
05-29-20,Madison,164,0,164,0,0,0,192,1,4965,74,5157,75,0,2,-1,1,1,161,0,19,2
05-29-20,Marion,41,3,40,3,1,0,46,2,777,18,823,20,0,1,3,6,0,34,0,12,2
05-29-20,Marshall,33,1,33,1,0,0,39,3,1023,19,1062,22,0,1,1,5,0,27,1,6,1
05-29-20,Maury,86,1,86,1,0,0,96,3,2877,52,2973,55,0,0,0,13,1,73,0,8,1
05-29-20,McMinn,145,4,145,4,0,0,161,5,2690,37,2851,42,0,14,4,19,0,112,1,19,14
05-29-20,McNairy,12,0,12,0,0,0,18,0,803,95,821,95,0,0,0,0,0,12,0,1,0
05-29-20,Meigs,25,0,25,0,0,0,35,1,503,10,538,11,0,0,0,4,0,21,0,4,0
05-29-20,Monroe,83,2,75,2,8,0,82,3,1045,34,1127,37,0,2,1,31,1,50,0,8,3
05-29-20,Montgomery,263,0,261,0,2,0,300,0,8016,49,8316,49,0,3,0,41,0,219,0,27,5
05-29-20,Moore,4,1,4,1,0,0,4,0,362,3,366,3,0,0,1,1,0,3,0,0,0
05-29-20,Morgan,17,0,17,0,0,0,19,0,3086,11,3105,11,0,0,-1,0,1,17,0,0,0
05-29-20,Obion,35,0,33,0,2,0,34,1,1268,26,1302,27,0,1,-1,11,1,23,0,2,1
05-29-20,Out of State,249,3,249,3,0,0,269,3,54876,1145,55145,1148,0,4,-1,20,4,225,0,17,1
05-29-20,Overton,29,0,29,0,0,0,30,0,1353,1,1383,1,0,0,-2,7,2,22,0,2,0
05-29-20,Pending,1,0,1,0,0,0,3,0,36461,338,36464,338,0,0,0,0,0,1,0,0,0
05-29-20,Perry,22,5,22,5,0,0,19,3,162,3,181,6,0,0,5,9,0,13,0,0,0
05-29-20,Pickett,3,0,3,0,0,0,3,0,264,0,267,0,0,0,0,1,0,2,0,0,0
05-29-20,Polk,19,0,19,0,0,0,23,0,489,6,512,6,0,0,-1,0,1,19,0,3,0
05-29-20,Putnam,459,4,458,4,1,0,541,4,4983,22,5524,26,1,6,-18,154,21,299,0,12,5
05-29-20,Rhea,206,5,206,5,0,0,210,7,1341,43,1551,50,0,0,2,193,3,13,0,2,0
05-29-20,Roane,24,0,18,0,6,0,25,1,3247,39,3272,40,0,0,0,4,0,20,0,3,0
05-29-20,Robertson,449,8,448,8,1,0,516,8,3551,39,4067,47,1,3,-13,86,20,360,0,40,9
05-29-20,Rutherford,1194,17,1188,17,6,0,1399,20,11320,184,12719,204,0,22,-6,224,23,948,1,88,28
05-29-20,Scott,12,0,11,0,1,0,11,0,659,7,670,7,0,0,0,-1,0,13,0,0,0
05-29-20,Sequatchie,20,1,20,1,0,0,21,2,863,31,884,33,0,0,1,7,0,13,0,2,0
05-29-20,Sevier,86,0,82,0,4,0,91,1,4465,50,4556,51,0,2,0,10,0,74,0,8,2
05-29-20,Shelby,4854,40,4839,39,15,1,5771,48,61786,1719,67557,1767,3,110,-44,824,81,3920,1,572,135
05-29-20,Smith,32,1,31,1,1,0,35,0,918,2,953,2,0,1,0,2,1,29,0,2,1
05-29-20,Stewart,12,0,12,0,0,0,12,0,374,1,386,1,0,0,0,2,0,10,0,2,0
05-29-20,Sullivan,64,0,61,0,3,0,65,0,4205,24,4270,24,0,2,-1,2,1,60,0,7,2
05-29-20,Sumner,891,3,882,3,9,0,1142,3,7410,43,8552,46,0,45,-7,82,10,764,2,205,47
05-29-20,Tipton,446,2,444,2,2,0,463,2,4118,71,4581,73,0,3,-4,36,6,407,0,25,3
05-29-20,Trousdale,1396,0,1393,0,3,0,1419,0,1859,3,3278,3,0,4,-2,9,2,1383,0,14,4
05-29-20,Unicoi,4,0,4,0,0,0,4,1,432,8,436,9,0,0,0,1,0,3,0,0,0
05-29-20,Union,4,0,4,0,0,0,4,0,489,8,493,8,0,0,0,0,0,4,0,0,0
05-29-20,Van Buren,4,0,4,0,0,0,4,0,331,0,335,0,0,0,0,0,0,4,0,1,0
05-29-20,Warren,25,1,25,1,0,0,25,1,1711,8,1736,9,0,0,-1,7,2,18,0,0,0
05-29-20,Washington,74,0,74,0,0,0,96,0,3125,60,3221,60,0,0,0,5,0,69,0,6,0
05-29-20,Wayne,63,1,63,1,0,0,64,1,2228,5,2292,6,0,0,1,1,0,62,0,2,0
05-29-20,Weakley,30,0,30,0,0,0,30,0,1218,14,1248,14,0,0,0,-1,0,31,0,2,0
05-29-20,White,36,1,34,1,2,0,40,1,1384,3,1424,4,0,0,0,9,1,27,0,3,0
05-29-20,Williamson,537,3,537,3,0,0,607,3,9258,120,9865,123,0,10,-3,57,6,470,0,45,11
05-29-20,Wilson,414,11,411,11,3,0,494,4,5798,34,6292,38,0,8,6,63,5,343,3,36,8
05-28-20,Anderson,39,0,38,0,1,0,48,0,4564,58,4612,58,0,1,0,1,0,37,0,4,1
05-28-20,Bedford,284,8,284,8,0,0,307,1,2296,14,2603,15,0,4,5,29,3,251,0,13,5
05-28-20,Benton,7,0,7,0,0,0,8,0,752,9,760,9,0,1,-1,0,1,6,0,2,1
05-28-20,Bledsoe,612,0,612,0,0,0,621,0,3211,10,3832,10,0,1,0,4,0,607,0,5,1
05-28-20,Blount,94,0,90,0,4,0,108,0,3332,74,3440,74,0,3,0,11,0,80,0,6,3
05-28-20,Bradley,113,4,110,4,3,0,119,2,2376,20,2495,22,0,1,3,29,1,83,0,16,1
05-28-20,Campbell,18,0,17,0,1,0,24,0,1441,25,1465,25,0,1,0,0,0,17,0,2,1
05-28-20,Cannon,18,1,18,1,0,0,29,1,507,9,536,10,0,0,0,5,1,13,0,3,0
05-28-20,Carroll,29,0,24,0,5,0,26,0,1380,18,1406,18,0,1,-2,-1,2,29,0,5,1
05-28-20,Carter,23,0,22,0,1,0,26,0,1333,11,1359,11,0,1,0,0,0,22,0,2,1
05-28-20,Cheatham,127,3,127,3,0,0,150,6,1754,25,1904,31,0,0,1,15,2,112,0,8,0
05-28-20,Chester,14,0,14,0,0,0,16,0,680,11,696,11,0,0,0,3,0,11,0,1,0
05-28-20,Claiborne,10,1,10,1,0,0,10,0,702,11,712,11,0,0,1,2,0,8,0,1,0
05-28-20,Clay,9,1,9,1,0,0,9,1,504,9,513,10,0,0,1,2,0,7,0,0,0
05-28-20,Cocke,22,0,20,0,2,0,27,0,1031,23,1058,23,0,0,0,0,0,22,0,1,0
05-28-20,Coffee,72,2,71,2,1,0,76,1,2179,5,2255,6,0,0,1,8,1,64,0,5,0
05-28-20,Crockett,19,0,17,0,2,0,22,0,566,3,588,3,1,2,-1,3,0,14,0,2,2
05-28-20,Cumberland,117,0,113,0,4,0,150,1,3962,206,4112,207,0,1,-5,19,5,97,0,10,1
05-28-20,Davidson,4974,128,4969,128,5,0,5722,157,52875,614,58597,771,0,60,31,718,97,4196,3,376,70
05-28-20,Decatur,5,0,5,0,0,0,5,0,467,145,472,145,0,0,0,0,0,5,0,0,0
05-28-20,Dekalb,36,0,36,0,0,0,43,0,1253,34,1296,34,0,0,0,4,0,32,0,0,0
05-28-20,Dickson,110,0,110,0,0,0,144,2,2123,25,2267,27,0,0,-2,14,2,96,0,13,0
05-28-20,Dyer,55,1,52,1,3,0,62,0,1374,7,1436,7,0,0,-1,7,2,48,0,6,0
05-28-20,Fayette,125,1,124,1,1,0,164,4,3222,48,3386,52,0,2,-2,23,3,100,1,16,2
05-28-20,Fentress,12,0,12,0,0,0,12,0,686,12,698,12,0,0,-1,4,1,8,0,1,0
05-28-20,Franklin,52,2,52,2,0,0,61,1,1938,17,1999,18,0,1,2,4,0,47,0,5,2
05-28-20,Gibson,65,0,61,0,4,0,71,0,2334,18,2405,18,0,1,0,0,0,64,0,5,1
05-28-20,Giles,13,0,13,0,0,0,17,0,924,6,941,6,0,0,0,2,0,11,0,1,0
05-28-20,Grainger,8,1,7,1,1,0,9,0,592,11,601,11,0,0,1,1,0,7,0,2,0
05-28-20,Greene,49,1,48,1,1,0,55,0,2100,7,2155,7,0,2,1,3,0,44,0,8,2
05-28-20,Grundy,29,0,29,0,0,0,36,0,475,2,511,2,0,1,0,3,0,25,0,10,1
05-28-20,Hamblen,39,1,31,1,8,0,36,0,2524,32,2560,32,0,2,1,9,0,28,0,7,2
05-28-20,Hamilton,745,36,743,36,2,0,776,37,12251,276,13027,313,0,15,13,326,23,404,1,63,16
05-28-20,Hancock,1,0,1,0,0,0,1,0,144,2,145,2,0,0,0,1,0,0,0,0,0
05-28-20,Hardeman,199,2,199,2,0,0,205,2,4994,7,5199,9,0,0,2,10,0,189,0,5,0
05-28-20,Hardin,12,1,12,1,0,0,14,1,1496,11,1510,12,0,2,1,3,0,7,1,3,2
05-28-20,Hawkins,32,1,32,1,0,0,43,0,1452,13,1495,13,0,2,1,1,0,29,0,6,2
05-28-20,Haywood,32,0,31,0,1,0,34,0,819,8,853,8,0,2,0,2,0,28,0,6,2
05-28-20,Henderson,14,0,14,0,0,0,18,0,1106,160,1124,160,0,0,0,3,0,11,0,0,0
05-28-20,Henry,30,0,30,0,0,0,39,0,1447,2,1486,2,0,0,-9,3,9,27,0,5,0
05-28-20,Hickman,55,1,55,1,0,0,75,2,923,3,998,5,0,0,1,5,0,50,0,2,0
05-28-20,Houston,8,0,8,0,0,0,11,0,266,12,277,12,0,0,0,1,0,7,0,5,0
05-28-20,Humphreys,14,0,13,0,1,0,15,0,712,50,727,50,0,1,-1,0,1,13,0,1,1
05-28-20,Jackson,22,0,22,0,0,0,25,0,639,8,664,8,0,0,-2,8,2,14,0,1,0
05-28-20,Jefferson,32,1,28,1,4,0,28,0,2207,35,2235,35,0,0,1,2,0,30,0,0,0
05-28-20,Johnson,17,0,17,0,0,0,16,0,1915,4,1931,4,0,0,0,3,0,14,0,1,0
05-28-20,Knox,368,11,363,11,5,0,421,14,16653,365,17074,379,0,5,7,45,4,318,0,40,5
05-28-20,Lake,412,0,411,0,1,0,415,0,1368,8,1783,8,0,0,-1,7,1,405,0,2,0
05-28-20,Lauderdale,57,0,56,0,1,0,75,0,3261,13,3336,13,0,1,-3,7,3,49,0,8,1
05-28-20,Lawrence,27,5,27,5,0,0,26,0,1441,17,1467,17,0,0,5,5,0,22,0,4,0
05-28-20,Lewis,4,0,4,0,0,0,4,0,446,151,450,151,0,0,0,1,0,3,0,0,0
05-28-20,Lincoln,25,0,25,0,0,0,30,0,1269,1,1299,1,0,0,-1,5,1,20,0,2,0
05-28-20,Loudon,138,2,129,2,9,0,137,2,2001,38,2138,40,0,0,-6,68,8,70,0,8,0
05-28-20,Macon,131,10,131,10,0,0,150,9,1370,15,1520,24,0,3,6,27,4,101,1,13,3
05-28-20,Madison,164,0,164,0,0,0,191,0,4891,95,5082,95,0,2,0,2,0,160,0,19,2
05-28-20,Marion,38,1,37,1,1,0,44,1,759,5,803,6,0,1,-1,3,2,34,0,12,2
05-28-20,Marshall,32,0,32,0,0,0,36,0,1004,6,1040,6,0,1,0,4,0,27,0,5,1
05-28-20,Maury,85,6,85,6,0,0,93,4,2825,19,2918,23,0,0,4,13,2,72,0,8,1
05-28-20,McMinn,141,1,141,1,0,0,156,1,2653,21,2809,22,0,14,1,15,0,112,0,18,14
05-28-20,McNairy,12,0,12,0,0,0,18,0,708,3,726,3,0,0,0,0,0,12,0,1,0
05-28-20,Meigs,25,0,25,0,0,0,34,1,493,7,527,8,0,0,0,4,0,21,0,4,0
05-28-20,Monroe,81,1,73,1,8,0,79,2,1011,20,1090,22,0,2,-5,30,6,49,0,8,3
05-28-20,Montgomery,263,3,261,3,2,0,300,3,7967,137,8267,140,0,3,0,41,3,219,0,27,4
05-28-20,Moore,3,0,3,0,0,0,4,0,359,1,363,1,0,0,0,0,0,3,0,0,0
05-28-20,Morgan,17,0,17,0,0,0,19,0,3075,18,3094,18,0,0,-5,1,5,16,0,0,0
05-28-20,Obion,35,2,33,2,2,0,33,1,1242,23,1275,24,0,1,2,12,0,22,1,2,1
05-28-20,Out of State,246,9,246,9,0,0,266,9,53731,1863,53997,1872,0,4,4,21,5,221,0,17,1
05-28-20,Overton,29,1,29,1,0,0,30,1,1352,38,1382,39,0,0,1,9,0,20,0,2,0
05-28-20,Pending,1,0,1,0,0,0,3,0,36123,354,36126,354,0,0,0,0,0,1,0,0,0
05-28-20,Perry,17,1,17,1,0,0,16,0,159,10,175,10,0,0,1,4,0,13,0,0,0
05-28-20,Pickett,3,0,3,0,0,0,3,0,264,9,267,9,0,0,0,1,0,2,0,0,0
05-28-20,Polk,19,0,19,0,0,0,23,0,483,2,506,2,0,0,-1,1,1,18,0,3,0
05-28-20,Putnam,455,36,454,35,1,1,537,37,4961,305,5498,342,0,5,8,172,28,278,2,12,5
05-28-20,Rhea,201,7,201,7,0,0,203,6,1298,9,1501,15,0,0,6,191,1,10,0,2,0
05-28-20,Roane,24,0,18,0,6,0,24,1,3208,57,3232,58,0,0,-1,4,1,20,0,3,0
05-28-20,Robertson,441,22,440,22,1,0,508,25,3512,34,4020,59,0,2,8,99,14,340,0,40,9
05-28-20,Rutherford,1177,54,1171,54,6,0,1379,65,11136,160,12515,225,0,22,28,230,26,925,0,87,28
05-28-20,Scott,12,0,11,0,1,0,11,0,652,6,663,6,0,0,0,-1,0,13,0,0,0
05-28-20,Sequatchie,19,0,19,0,0,0,19,1,832,1,851,2,0,0,0,6,0,13,0,2,0
05-28-20,Sevier,86,5,82,5,4,0,90,0,4415,84,4505,84,0,2,5,10,0,74,0,8,2
05-28-20,Shelby,4814,179,4800,179,14,0,5723,214,60067,2043,65790,2257,2,107,104,868,73,3839,19,571,132
05-28-20,Smith,31,2,30,2,1,0,35,2,916,17,951,19,0,1,0,2,2,28,0,2,1
05-28-20,Stewart,12,0,12,0,0,0,12,0,373,3,385,3,0,0,-1,2,1,10,0,2,0
05-28-20,Sullivan,64,0,61,0,3,0,65,1,4181,23,4246,24,0,2,-2,3,2,59,0,7,2
05-28-20,Sumner,888,15,879,15,9,0,1139,16,7367,94,8506,110,0,45,5,89,10,754,0,203,46
05-28-20,Tipton,444,10,442,10,2,0,461,6,4047,93,4508,99,0,3,7,40,3,401,0,25,3
05-28-20,Trousdale,1396,1,1393,1,3,0,1419,3,1856,10,3275,13,0,4,1,11,0,1381,1,14,4
05-28-20,Unicoi,4,0,4,0,0,0,3,0,424,1,427,1,0,0,0,1,0,3,0,0,0
05-28-20,Union,4,0,4,0,0,0,4,0,481,15,485,15,0,0,0,0,0,4,0,0,0
05-28-20,Van Buren,4,0,4,0,0,0,4,0,331,2,335,2,0,0,0,0,0,4,0,1,0
05-28-20,Warren,24,0,24,0,0,0,24,0,1703,15,1727,15,0,0,0,8,0,16,0,0,0
05-28-20,Washington,74,0,74,0,0,0,96,0,3065,13,3161,13,0,0,-1,5,1,69,0,6,0
05-28-20,Wayne,62,0,62,0,0,0,63,0,2223,15,2286,15,0,0,0,0,0,62,0,2,0
05-28-20,Weakley,30,0,30,0,0,0,30,0,1204,13,1234,13,0,0,-1,-1,1,31,0,2,0
05-28-20,White,35,2,33,2,2,0,39,2,1381,26,1420,28,0,0,0,9,2,26,0,3,0
05-28-20,Williamson,534,10,534,10,0,0,604,11,9138,115,9742,126,0,10,6,60,4,464,0,45,11
05-28-20,Wilson,403,6,400,6,3,0,490,12,5764,117,6254,129,0,8,1,57,5,338,1,33,8
05-27-20,Anderson,39,0,38,0,1,0,48,0,4506,91,4554,91,0,1,0,1,0,37,0,4,1
05-27-20,Bedford,276,4,276,4,0,0,306,1,2282,7,2588,8,0,4,3,24,1,248,0,13,5
05-27-20,Benton,7,0,7,0,0,0,8,0,743,2,751,2,0,1,0,1,0,5,0,2,1
05-27-20,Bledsoe,612,0,612,0,0,0,621,0,3201,5,3822,5,0,1,-1,4,1,607,0,5,1
05-27-20,Blount,94,3,90,3,4,0,108,3,3258,81,3366,84,0,3,3,11,0,80,0,6,3
05-27-20,Bradley,109,7,106,7,3,0,117,7,2356,19,2473,26,0,1,7,26,0,82,1,16,1
05-27-20,Campbell,18,0,17,0,1,0,24,0,1416,27,1440,27,0,1,0,0,0,17,0,2,1
05-27-20,Cannon,17,0,17,0,0,0,28,0,498,2,526,2,0,0,0,5,0,12,0,3,0
05-27-20,Carroll,29,0,24,0,5,0,26,0,1362,3,1388,3,0,1,0,1,0,27,0,5,1
05-27-20,Carter,23,0,22,0,1,0,26,0,1322,10,1348,10,0,1,0,0,0,22,0,2,1
05-27-20,Cheatham,124,2,124,2,0,0,144,1,1729,11,1873,12,0,0,-3,14,5,110,0,8,0
05-27-20,Chester,14,0,14,0,0,0,16,0,669,9,685,9,0,0,0,3,0,11,0,1,0
05-27-20,Claiborne,9,1,9,1,0,0,10,1,691,9,701,10,0,0,1,1,0,8,1,1,0
05-27-20,Clay,8,0,8,0,0,0,8,0,495,3,503,3,0,0,0,1,0,7,0,0,0
05-27-20,Cocke,22,0,20,0,2,0,27,0,1008,8,1035,8,0,0,0,0,0,22,0,1,0
05-27-20,Coffee,70,2,69,2,1,0,75,0,2174,13,2249,13,0,0,0,7,2,63,0,5,0
05-27-20,Crockett,19,0,17,0,2,0,22,0,563,7,585,7,0,1,0,4,0,14,0,2,2
05-27-20,Cumberland,117,0,113,0,4,0,149,0,3756,108,3905,108,0,1,-1,24,1,92,0,10,1
05-27-20,Davidson,4846,20,4841,19,5,1,5565,21,52261,746,57826,767,0,60,-78,687,98,4099,3,373,68
05-27-20,Decatur,5,0,5,0,0,0,5,0,322,1,327,1,0,0,0,0,0,5,0,0,0
05-27-20,Dekalb,36,0,36,0,0,0,43,0,1219,6,1262,6,0,0,-1,4,1,32,0,0,0
05-27-20,Dickson,110,3,110,3,0,0,142,3,2098,12,2240,15,0,0,1,16,2,94,0,13,0
05-27-20,Dyer,54,2,51,1,3,1,62,1,1367,17,1429,18,0,0,2,8,0,46,0,6,0
05-27-20,Fayette,124,1,123,1,1,0,160,1,3174,38,3334,39,0,2,-3,25,4,97,0,15,2
05-27-20,Fentress,12,0,12,0,0,0,12,0,674,15,686,15,0,0,-1,5,1,7,0,1,0
05-27-20,Franklin,50,1,50,1,0,0,60,0,1921,2,1981,2,0,1,1,2,0,47,0,5,2
05-27-20,Gibson,65,1,61,1,4,0,71,1,2316,21,2387,22,0,1,0,0,1,64,1,5,1
05-27-20,Giles,13,0,13,0,0,0,17,0,918,5,935,5,0,0,0,2,0,11,0,1,0
05-27-20,Grainger,7,0,6,0,1,0,9,0,581,8,590,8,0,0,0,0,0,7,0,2,0
05-27-20,Greene,48,0,47,0,1,0,55,0,2093,9,2148,9,0,2,0,2,0,44,0,8,2
05-27-20,Grundy,29,0,29,0,0,0,36,0,473,4,509,4,0,1,0,3,0,25,0,10,1
05-27-20,Hamblen,38,2,30,1,8,1,36,1,2492,68,2528,69,0,2,1,8,1,28,1,7,2
05-27-20,Hamilton,709,47,707,47,2,0,739,45,11975,196,12714,241,0,15,29,313,18,381,2,62,16
05-27-20,Hancock,1,0,1,0,0,0,1,0,142,3,143,3,0,0,0,1,0,0,0,0,0
05-27-20,Hardeman,197,1,197,1,0,0,203,1,4987,9,5190,10,0,0,1,8,0,189,1,5,0
05-27-20,Hardin,11,0,11,0,0,0,13,0,1485,10,1498,10,0,2,0,2,0,7,0,2,2
05-27-20,Hawkins,31,0,31,0,0,0,43,0,1439,7,1482,7,0,2,0,0,0,29,0,6,2
05-27-20,Haywood,32,0,31,0,1,0,34,0,811,8,845,8,0,2,0,2,0,28,0,6,2
05-27-20,Henderson,14,0,14,0,0,0,18,0,946,9,964,9,0,0,0,3,0,11,0,0,0
05-27-20,Henry,30,0,30,0,0,0,39,0,1445,7,1484,7,0,0,-1,12,1,18,0,5,0
05-27-20,Hickman,54,2,54,2,0,0,73,1,920,4,993,5,0,0,2,4,0,50,0,2,0
05-27-20,Houston,8,0,8,0,0,0,11,0,254,3,265,3,0,0,0,1,0,7,0,5,0
05-27-20,Humphreys,14,0,13,0,1,0,15,0,662,2,677,2,0,1,0,1,0,12,0,1,1
05-27-20,Jackson,22,0,22,0,0,0,25,0,631,4,656,4,0,0,-1,10,1,12,0,1,0
05-27-20,Jefferson,31,0,27,0,4,0,28,0,2172,32,2200,32,0,0,0,1,0,30,0,0,0
05-27-20,Johnson,17,1,17,1,0,0,16,1,1911,2,1927,3,0,0,1,3,0,14,1,1,0
05-27-20,Knox,357,5,352,5,5,0,407,3,16288,353,16695,356,0,5,0,38,5,314,1,40,5
05-27-20,Lake,412,0,411,0,1,0,415,0,1360,1,1775,1,0,0,-4,8,4,404,0,2,0
05-27-20,Lauderdale,57,0,56,0,1,0,75,0,3248,7,3323,7,0,1,-2,10,2,46,0,8,1
05-27-20,Lawrence,22,0,22,0,0,0,26,0,1424,12,1450,12,0,0,0,0,0,22,0,4,0
05-27-20,Lewis,4,0,4,0,0,0,4,0,295,2,299,2,0,0,0,1,0,3,0,0,0
05-27-20,Lincoln,25,0,25,0,0,0,30,0,1268,5,1298,5,0,0,0,6,0,19,0,2,0
05-27-20,Loudon,136,4,127,3,9,1,135,1,1963,35,2098,36,0,0,1,74,3,62,0,8,0
05-27-20,Macon,121,0,121,0,0,0,141,0,1355,7,1496,7,0,3,-2,21,2,97,0,12,3
05-27-20,Madison,164,0,164,0,0,0,191,0,4796,59,4987,59,0,2,0,2,0,160,0,19,2
05-27-20,Marion,37,0,36,0,1,0,43,1,754,6,797,7,0,1,0,4,0,32,0,12,2
05-27-20,Marshall,32,1,32,1,0,0,36,0,998,12,1034,12,0,1,0,4,1,27,0,5,1
05-27-20,Maury,79,0,79,0,0,0,89,0,2806,24,2895,24,0,0,-2,9,2,70,0,8,1
05-27-20,McMinn,140,0,140,0,0,0,155,0,2632,132,2787,132,0,14,0,14,0,112,0,18,14
05-27-20,McNairy,12,0,12,0,0,0,18,0,705,6,723,6,0,0,0,0,0,12,0,1,0
05-27-20,Meigs,25,1,25,1,0,0,33,0,486,4,519,4,0,0,1,4,0,21,0,4,0
05-27-20,Monroe,80,1,72,1,8,0,77,0,991,17,1068,17,0,2,-5,35,6,43,0,8,3
05-27-20,Montgomery,260,0,258,0,2,0,297,0,7830,48,8127,48,0,3,-3,41,3,216,0,27,4
05-27-20,Moore,3,0,3,0,0,0,4,0,358,0,362,0,0,0,0,0,0,3,0,0,0
05-27-20,Morgan,17,0,17,0,0,0,19,0,3057,30,3076,30,0,0,0,6,0,11,0,0,0
05-27-20,Obion,33,1,31,0,2,1,32,0,1219,31,1251,31,0,1,0,10,1,22,0,1,1
05-27-20,Out of State,237,0,237,0,0,0,257,0,51868,1013,52125,1013,0,4,-7,17,7,216,0,17,1
05-27-20,Overton,28,1,28,1,0,0,29,1,1314,31,1343,32,0,0,0,8,1,20,0,2,0
05-27-20,Pending,1,0,1,0,0,0,3,0,35769,336,35772,336,0,0,0,0,0,1,0,0,0
05-27-20,Perry,16,3,16,3,0,0,16,0,149,2,165,2,0,0,3,3,0,13,0,0,0
05-27-20,Pickett,3,0,3,0,0,0,3,0,255,2,258,2,0,0,0,1,0,2,0,0,0
05-27-20,Polk,19,0,19,0,0,0,23,0,481,4,504,4,0,0,0,2,0,17,0,3,0
05-27-20,Putnam,419,0,419,0,0,0,500,0,4656,15,5156,15,0,5,-13,164,13,250,0,10,5
05-27-20,Rhea,194,1,194,1,0,0,197,0,1289,10,1486,10,0,0,1,185,0,9,0,2,0
05-27-20,Roane,24,2,18,1,6,1,23,0,3151,70,3174,70,0,0,2,5,0,19,0,3,0
05-27-20,Robertson,419,9,418,9,1,0,483,10,3478,78,3961,88,1,2,-5,91,13,326,2,40,9
05-27-20,Rutherford,1123,14,1117,14,6,0,1314,14,10976,286,12290,300,0,22,-12,202,26,899,3,87,27
05-27-20,Scott,12,0,11,0,1,0,11,0,646,7,657,7,0,0,0,-1,0,13,0,0,0
05-27-20,Sequatchie,19,1,19,1,0,0,18,0,831,5,849,5,0,0,1,6,0,13,0,2,0
05-27-20,Sevier,81,0,77,0,4,0,90,0,4331,42,4421,42,0,2,-1,5,1,74,0,8,2
05-27-20,Shelby,4635,54,4621,54,14,0,5509,61,58024,1137,63533,1198,9,105,-33,764,78,3766,8,552,131
05-27-20,Smith,29,0,28,0,1,0,33,0,899,12,932,12,0,1,0,2,0,26,0,2,1
05-27-20,Stewart,12,0,12,0,0,0,12,0,370,3,382,3,0,0,-1,3,1,9,0,2,0
05-27-20,Sullivan,64,0,61,0,3,0,64,0,4158,272,4222,272,0,2,0,5,0,57,0,7,2
05-27-20,Sumner,873,5,864,5,9,0,1123,6,7273,136,8396,142,0,45,-8,84,13,744,0,203,46
05-27-20,Tipton,434,1,432,1,2,0,455,0,3954,71,4409,71,0,3,-1,33,2,398,0,25,3
05-27-20,Trousdale,1395,1,1392,1,3,0,1416,0,1846,7,3262,7,0,4,1,10,0,1381,0,13,4
05-27-20,Unicoi,4,1,4,1,0,0,3,0,423,2,426,2,0,0,1,1,0,3,0,0,0
05-27-20,Union,4,0,4,0,0,0,4,0,466,4,470,4,0,0,0,0,0,4,0,0,0
05-27-20,Van Buren,4,0,4,0,0,0,4,0,329,5,333,5,0,0,0,0,0,4,0,1,0
05-27-20,Warren,24,0,24,0,0,0,24,0,1688,28,1712,28,0,0,0,8,0,16,0,0,0
05-27-20,Washington,74,0,74,0,0,0,96,1,3052,6,3148,7,0,0,0,6,0,68,0,6,0
05-27-20,Wayne,62,0,62,0,0,0,63,0,2208,2,2271,2,0,0,-1,0,1,62,0,2,0
05-27-20,Weakley,30,0,30,0,0,0,30,0,1191,11,1221,11,0,0,-1,0,1,30,0,2,0
05-27-20,White,33,0,31,0,2,0,37,0,1355,43,1392,43,0,0,-2,9,2,24,0,3,0
05-27-20,Williamson,524,4,524,4,0,0,593,5,9023,182,9616,187,0,10,1,54,3,460,0,45,11
05-27-20,Wilson,397,6,394,6,3,0,478,2,5647,78,6125,80,0,8,2,56,4,333,1,32,8
05-26-20,Anderson,39,0,38,0,1,0,48,0,4415,138,4463,138,0,1,-1,1,1,37,0,4,1
05-26-20,Bedford,272,1,272,1,0,0,305,1,2275,5,2580,6,0,4,0,21,1,247,0,13,5
05-26-20,Benton,7,0,7,0,0,0,8,0,741,6,749,6,0,1,0,1,0,5,0,2,1
05-26-20,Bledsoe,612,0,612,0,0,0,621,0,3196,7,3817,7,0,1,0,5,0,606,0,5,1
05-26-20,Blount,91,5,87,5,4,0,105,5,3177,90,3282,95,0,3,4,8,1,80,0,6,3
05-26-20,Bradley,102,4,99,2,3,2,110,1,2337,16,2447,17,0,1,4,19,0,82,1,15,1
05-26-20,Campbell,18,0,17,0,1,0,24,0,1389,38,1413,38,0,1,0,0,0,17,0,2,1
05-26-20,Cannon,17,1,17,1,0,0,28,1,496,2,524,3,0,0,1,5,0,12,1,3,0
05-26-20,Carroll,29,0,24,0,5,0,26,0,1359,26,1385,26,0,1,0,1,0,27,0,5,1
05-26-20,Carter,23,0,22,0,1,0,26,0,1312,21,1338,21,0,1,-1,0,1,22,0,2,1
05-26-20,Cheatham,122,1,122,1,0,0,143,0,1718,13,1861,13,0,0,-5,17,6,105,0,8,0
05-26-20,Chester,14,0,14,0,0,0,16,1,660,9,676,10,0,0,0,3,0,11,0,1,0
05-26-20,Claiborne,8,0,8,0,0,0,9,0,682,21,691,21,0,0,0,0,0,8,0,0,0
05-26-20,Clay,8,0,8,0,0,0,8,0,492,3,500,3,0,0,0,1,0,7,0,0,0
05-26-20,Cocke,22,0,20,0,2,0,27,0,1000,20,1027,20,0,0,-1,0,1,22,0,1,0
05-26-20,Coffee,68,0,67,0,1,0,75,0,2161,9,2236,9,0,0,-2,7,2,61,0,5,0
05-26-20,Crockett,19,0,17,0,2,0,22,0,556,6,578,6,0,1,0,4,0,14,0,2,2
05-26-20,Cumberland,117,3,113,3,4,0,149,5,3648,104,3797,109,0,1,3,25,0,91,0,10,1
05-26-20,Davidson,4826,79,4822,78,4,1,5544,92,51515,734,57059,826,2,60,-7,765,84,4001,2,370,67
05-26-20,Decatur,5,0,5,0,0,0,5,0,321,5,326,5,0,0,0,0,0,5,0,0,0
05-26-20,Dekalb,36,1,36,1,0,0,43,1,1213,18,1256,19,0,0,1,5,0,31,0,0,0
05-26-20,Dickson,107,1,107,1,0,0,139,0,2086,15,2225,15,0,0,1,15,0,92,0,13,0
05-26-20,Dyer,52,1,50,1,2,0,61,1,1350,35,1411,36,0,0,1,6,0,46,0,6,0
05-26-20,Fayette,123,10,122,10,1,0,159,11,3136,49,3295,60,0,2,7,28,3,93,0,15,2
05-26-20,Fentress,12,1,12,1,0,0,12,1,659,11,671,12,0,0,1,6,0,6,0,1,0
05-26-20,Franklin,49,0,49,0,0,0,60,0,1919,0,1979,0,0,1,-1,1,1,47,0,5,1
05-26-20,Gibson,64,0,60,0,4,0,70,0,2295,34,2365,34,0,1,-1,0,1,63,0,4,1
05-26-20,Giles,13,0,13,0,0,0,17,0,913,2,930,2,0,0,-1,2,1,11,0,1,0
05-26-20,Grainger,7,0,6,0,1,0,9,0,573,13,582,13,0,0,0,0,0,7,0,2,0
05-26-20,Greene,48,1,47,1,1,0,55,1,2084,38,2139,39,0,2,1,2,0,44,0,8,2
05-26-20,Grundy,29,0,29,0,0,0,36,0,469,2,505,2,0,1,0,3,0,25,0,10,1
05-26-20,Hamblen,36,4,29,3,7,1,35,3,2424,61,2459,64,0,2,3,7,1,27,0,6,2
05-26-20,Hamilton,662,25,660,25,2,0,694,26,11779,85,12473,111,1,15,-7,284,31,363,2,60,16
05-26-20,Hancock,1,0,1,0,0,0,1,0,139,6,140,6,0,0,0,1,0,0,0,0,0
05-26-20,Hardeman,196,4,196,4,0,0,202,4,4978,28,5180,32,0,0,3,7,1,189,1,4,0
05-26-20,Hardin,11,0,11,0,0,0,13,0,1475,22,1488,22,0,2,0,2,0,7,0,2,2
05-26-20,Hawkins,31,0,31,0,0,0,43,0,1432,33,1475,33,0,2,0,0,0,29,0,6,2
05-26-20,Haywood,32,1,31,1,1,0,34,1,803,16,837,17,0,2,1,2,0,28,0,6,2
05-26-20,Henderson,14,2,14,2,0,0,18,2,937,8,955,10,0,0,2,3,0,11,0,0,0
05-26-20,Henry,30,1,30,1,0,0,39,1,1438,24,1477,25,0,0,1,13,0,17,0,5,0
05-26-20,Hickman,52,1,52,1,0,0,72,0,916,1,988,1,0,0,1,2,0,50,0,2,0
05-26-20,Houston,8,0,8,0,0,0,11,0,251,3,262,3,0,0,0,1,0,7,0,5,0
05-26-20,Humphreys,14,0,13,0,1,0,15,0,660,4,675,4,0,1,0,1,0,12,0,1,1
05-26-20,Jackson,22,1,22,1,0,0,25,1,627,8,652,9,0,0,1,11,0,11,0,1,0
05-26-20,Jefferson,31,1,27,0,4,1,28,0,2140,64,2168,64,0,0,1,1,0,30,0,0,0
05-26-20,Johnson,16,0,16,0,0,0,15,0,1909,5,1924,5,0,0,0,2,0,14,0,0,0
05-26-20,Knox,352,9,347,9,5,0,404,10,15935,1187,16339,1197,0,5,7,38,2,309,0,39,5
05-26-20,Lake,412,2,411,2,1,0,415,2,1359,11,1774,13,0,0,2,12,0,400,1,2,0
05-26-20,Lauderdale,57,0,56,0,1,0,75,1,3241,25,3316,26,0,1,0,12,0,44,0,8,1
05-26-20,Lawrence,22,0,22,0,0,0,26,0,1412,7,1438,7,0,0,-1,0,1,22,0,4,0
05-26-20,Lewis,4,0,4,0,0,0,4,0,293,5,297,5,0,0,0,1,0,3,0,0,0
05-26-20,Lincoln,25,0,25,0,0,0,30,0,1263,5,1293,5,0,0,0,6,0,19,0,2,0
05-26-20,Loudon,132,2,124,0,8,2,134,1,1928,96,2062,97,0,0,1,73,1,59,0,8,0
05-26-20,Macon,121,10,121,10,0,0,141,10,1348,22,1489,32,0,3,1,23,9,95,0,12,3
05-26-20,Madison,164,0,164,0,0,0,191,0,4737,37,4928,37,0,2,0,2,0,160,0,19,2
05-26-20,Marion,37,0,36,0,1,0,42,0,748,3,790,3,0,1,0,4,0,32,0,12,2
05-26-20,Marshall,31,0,31,0,0,0,36,0,986,5,1022,5,0,1,0,4,0,26,0,5,1
05-26-20,Maury,79,1,79,1,0,0,89,0,2782,27,2871,27,0,0,-1,11,2,68,0,8,1
05-26-20,McMinn,140,0,140,0,0,0,155,0,2500,21,2655,21,0,14,0,14,0,112,0,18,14
05-26-20,McNairy,12,0,12,0,0,0,18,0,699,12,717,12,0,0,0,0,0,12,0,1,0
05-26-20,Meigs,24,0,24,0,0,0,33,0,482,3,515,3,0,0,0,3,0,21,0,4,0
05-26-20,Monroe,79,4,71,1,8,3,77,1,974,28,1051,29,0,2,3,40,1,37,0,8,3
05-26-20,Montgomery,260,6,258,6,2,0,297,10,7782,179,8079,189,0,3,-1,44,7,213,0,27,4
05-26-20,Moore,3,0,3,0,0,0,4,0,358,0,362,0,0,0,0,0,0,3,0,0,0
05-26-20,Morgan,17,0,17,0,0,0,19,0,3027,11,3046,11,0,0,0,6,0,11,0,0,0
05-26-20,Obion,32,2,31,2,1,0,32,2,1188,32,1220,34,0,1,0,10,2,21,0,1,1
05-26-20,Out of State,237,1,237,1,0,0,257,2,50855,833,51112,835,0,4,-1,24,2,209,0,17,1
05-26-20,Overton,27,3,27,3,0,0,28,4,1283,22,1311,26,0,0,2,8,1,19,0,2,0
05-26-20,Pending,1,0,1,0,0,0,3,0,35433,538,35436,538,0,0,0,0,0,1,0,0,0
05-26-20,Perry,13,0,13,0,0,0,16,0,147,0,163,0,0,0,0,0,0,13,0,0,0
05-26-20,Pickett,3,0,3,0,0,0,3,0,253,4,256,4,0,0,0,1,0,2,0,0,0
05-26-20,Polk,19,1,19,1,0,0,23,1,477,5,500,6,0,0,1,2,0,17,0,3,0
05-26-20,Putnam,419,36,419,36,0,0,500,36,4641,225,5141,261,0,5,22,177,14,237,1,10,5
05-26-20,Rhea,193,0,193,0,0,0,197,1,1279,6,1476,7,0,0,-1,184,1,9,0,2,0
05-26-20,Roane,22,0,17,0,5,0,23,0,3081,84,3104,84,0,0,-3,3,3,19,0,3,0
05-26-20,Robertson,410,3,409,3,1,0,473,3,3400,61,3873,64,0,1,-16,96,19,313,0,38,8
05-26-20,Rutherford,1109,41,1103,41,6,0,1300,48,10690,113,11990,161,0,22,19,214,22,873,0,84,27
05-26-20,Scott,12,0,11,0,1,0,11,0,639,14,650,14,0,0,0,-1,0,13,0,0,0
05-26-20,Sequatchie,18,2,18,2,0,0,18,2,826,1,844,3,0,0,2,5,0,13,0,2,0
05-26-20,Sevier,81,1,77,1,4,0,90,1,4289,107,4379,108,0,2,1,6,0,73,0,8,2
05-26-20,Shelby,4581,55,4567,55,14,0,5448,62,56887,513,62335,575,2,96,-25,797,78,3688,9,544,127
05-26-20,Smith,29,0,28,0,1,0,33,0,887,9,920,9,0,1,0,2,0,26,0,2,1
05-26-20,Stewart,12,3,12,3,0,0,12,3,367,3,379,6,0,0,3,4,0,8,0,2,0
05-26-20,Sullivan,64,1,61,1,3,0,64,0,3886,111,3950,111,0,2,1,5,0,57,0,7,2
05-26-20,Sumner,868,6,859,6,9,0,1117,7,7137,45,8254,52,0,45,-2,92,8,731,0,203,46
05-26-20,Tipton,433,2,431,2,2,0,455,1,3883,54,4338,55,0,3,-1,34,3,396,2,25,3
05-26-20,Trousdale,1394,0,1391,0,3,0,1416,1,1839,4,3255,5,0,4,0,9,0,1381,0,13,4
05-26-20,Unicoi,3,0,3,0,0,0,3,0,421,3,424,3,0,0,0,0,0,3,0,0,0
05-26-20,Union,4,0,4,0,0,0,4,0,462,6,466,6,0,0,0,0,0,4,0,0,0
05-26-20,Van Buren,4,0,4,0,0,0,4,0,324,5,328,5,0,0,0,0,0,4,0,1,0
05-26-20,Warren,24,1,24,1,0,0,24,1,1660,26,1684,27,0,0,1,8,0,16,0,0,0
05-26-20,Washington,74,0,74,0,0,0,95,0,3046,44,3141,44,0,0,-1,6,1,68,0,6,0
05-26-20,Wayne,62,0,62,0,0,0,63,0,2206,8,2269,8,0,0,-57,1,57,61,0,2,0
05-26-20,Weakley,30,0,30,0,0,0,30,0,1180,15,1210,15,0,0,-1,1,1,29,0,2,0
05-26-20,White,33,2,31,2,2,0,37,2,1312,34,1349,36,0,0,0,11,2,22,0,3,0
05-26-20,Williamson,520,5,520,5,0,0,588,7,8841,109,9429,116,0,10,-3,53,8,457,0,45,11
05-26-20,Wilson,391,8,388,8,3,0,476,18,5569,52,6045,70,0,8,4,54,4,329,0,31,8
05-25-20,Anderson,39,0,38,0,1,0,48,1,4277,30,4325,31,0,1,0,2,0,36,0,4,1
05-25-20,Bedford,271,3,271,3,0,0,304,4,2270,33,2574,37,0,4,-1,21,4,246,1,13,5
05-25-20,Benton,7,0,7,0,0,0,8,0,735,13,743,13,0,1,0,1,0,5,0,2,1
05-25-20,Bledsoe,612,1,612,1,0,0,621,2,3189,11,3810,13,0,1,1,5,0,606,0,5,1
05-25-20,Blount,86,0,82,0,4,0,100,1,3087,77,3187,78,0,3,0,4,0,79,0,6,3
05-25-20,Bradley,98,1,97,1,1,0,109,1,2321,46,2430,47,0,1,0,15,1,82,0,14,1
05-25-20,Campbell,18,0,17,0,1,0,24,0,1351,20,1375,20,0,1,0,0,0,17,0,2,1
05-25-20,Cannon,16,1,16,1,0,0,27,2,494,20,521,22,0,0,1,4,0,12,0,2,0
05-25-20,Carroll,29,0,24,0,5,0,26,0,1333,33,1359,33,0,1,0,1,0,27,0,5,1
05-25-20,Carter,23,0,22,0,1,0,26,1,1291,20,1317,21,0,1,0,1,0,21,0,2,1
05-25-20,Cheatham,121,8,121,8,0,0,143,11,1705,58,1848,69,0,0,1,22,7,99,0,8,0
05-25-20,Chester,14,0,14,0,0,0,15,0,651,16,666,16,0,0,0,3,0,11,0,1,0
05-25-20,Claiborne,8,0,8,0,0,0,9,0,661,22,670,22,0,0,-1,0,1,8,0,0,0
05-25-20,Clay,8,0,8,0,0,0,8,0,489,5,497,5,0,0,0,1,0,7,0,0,0
05-25-20,Cocke,22,0,20,0,2,0,27,0,980,41,1007,41,0,0,0,1,0,21,0,1,0
05-25-20,Coffee,68,1,67,1,1,0,75,1,2152,49,2227,50,0,0,1,9,0,59,0,5,0
05-25-20,Crockett,19,1,17,1,2,0,22,1,550,11,572,12,0,1,1,4,0,14,1,2,2
05-25-20,Cumberland,114,0,110,0,4,0,144,1,3544,50,3688,51,0,1,-3,22,3,91,0,10,1
05-25-20,Davidson,4747,194,4744,194,3,0,5452,221,50781,1568,56233,1789,1,58,93,772,100,3917,5,368,66
05-25-20,Decatur,5,0,5,0,0,0,5,0,316,12,321,12,0,0,0,0,0,5,0,0,0
05-25-20,Dekalb,35,1,35,1,0,0,42,1,1195,20,1237,21,0,0,1,4,0,31,0,0,0
05-25-20,Dickson,106,2,106,2,0,0,139,2,2071,88,2210,90,0,0,1,14,1,92,0,13,0
05-25-20,Dyer,51,0,49,0,2,0,60,0,1315,39,1375,39,0,0,0,5,0,46,0,6,0
05-25-20,Fayette,113,0,112,0,1,0,148,1,3087,106,3235,107,0,2,-1,21,1,90,0,15,2
05-25-20,Fentress,11,1,11,1,0,0,11,1,648,7,659,8,0,0,1,5,0,6,0,1,0
05-25-20,Franklin,49,1,49,1,0,0,60,2,1919,35,1979,37,0,1,-1,2,2,46,0,5,1
05-25-20,Gibson,64,0,60,0,4,0,70,0,2261,41,2331,41,0,1,-1,1,1,62,0,4,1
05-25-20,Giles,13,0,13,0,0,0,17,0,911,23,928,23,0,0,0,3,0,10,0,1,0
05-25-20,Grainger,7,0,6,0,1,0,9,0,560,13,569,13,0,0,0,0,0,7,0,2,0
05-25-20,Greene,47,0,46,0,1,0,54,0,2046,303,2100,303,0,2,0,1,0,44,0,8,2
05-25-20,Grundy,29,0,29,0,0,0,36,0,467,11,503,11,0,1,0,3,0,25,0,10,1
05-25-20,Hamblen,32,0,26,0,6,0,32,0,2363,60,2395,60,0,2,0,4,0,26,0,6,2
05-25-20,Hamilton,637,60,635,60,2,0,668,62,11694,663,12362,725,0,14,39,291,21,332,0,58,16
05-25-20,Hancock,1,0,1,0,0,0,1,0,133,4,134,4,0,0,0,1,0,0,0,0,0
05-25-20,Hardeman,192,0,192,0,0,0,198,0,4950,48,5148,48,0,0,-1,4,1,188,0,3,0
05-25-20,Hardin,11,0,11,0,0,0,13,0,1453,38,1466,38,0,2,0,2,0,7,0,2,2
05-25-20,Hawkins,31,0,31,0,0,0,43,0,1399,42,1442,42,0,2,0,0,0,29,0,6,2
05-25-20,Haywood,31,0,30,0,1,0,33,0,787,24,820,24,0,2,0,1,0,28,0,6,2
05-25-20,Henderson,12,1,12,1,0,0,16,1,929,20,945,21,0,0,1,1,0,11,0,0,0
05-25-20,Henry,29,0,29,0,0,0,38,1,1414,29,1452,30,0,0,-1,12,1,17,0,5,0
05-25-20,Hickman,51,0,51,0,0,0,72,0,915,14,987,14,0,0,-1,1,1,50,0,2,0
05-25-20,Houston,8,0,8,0,0,0,11,1,248,8,259,9,0,0,0,1,0,7,0,5,0
05-25-20,Humphreys,14,0,13,0,1,0,15,0,656,16,671,16,0,1,0,1,0,12,0,1,1
05-25-20,Jackson,21,0,21,0,0,0,24,0,619,11,643,11,0,0,0,10,0,11,0,1,0
05-25-20,Jefferson,30,1,27,1,3,0,28,1,2076,156,2104,157,0,0,1,0,0,30,0,0,0
05-25-20,Johnson,16,0,16,0,0,0,15,0,1904,8,1919,8,0,0,0,2,0,14,0,0,0
05-25-20,Knox,343,9,338,9,5,0,394,11,14748,351,15142,362,0,5,5,31,4,307,1,39,5
05-25-20,Lake,410,2,409,2,1,0,413,4,1348,9,1761,13,0,0,2,10,0,400,0,1,0
05-25-20,Lauderdale,57,0,56,0,1,0,74,3,3216,32,3290,35,0,1,-3,12,3,44,0,8,1
05-25-20,Lawrence,22,0,22,0,0,0,26,0,1405,28,1431,28,0,0,0,1,0,21,0,4,0
05-25-20,Lewis,4,0,4,0,0,0,4,0,288,9,292,9,0,0,0,1,0,3,0,0,0
05-25-20,Lincoln,25,0,25,0,0,0,30,0,1258,21,1288,21,0,0,0,6,0,19,0,2,0
05-25-20,Loudon,130,3,124,2,6,1,133,3,1832,16,1965,19,0,0,-1,72,4,58,0,8,0
05-25-20,Macon,111,8,111,8,0,0,131,8,1326,34,1457,42,0,3,6,22,2,86,0,12,3
05-25-20,Madison,164,1,164,1,0,0,191,2,4700,69,4891,71,0,2,1,2,0,160,0,19,2
05-25-20,Marion,37,1,36,1,1,0,42,1,745,17,787,18,0,1,-1,4,2,32,0,12,2
05-25-20,Marshall,31,0,31,0,0,0,36,1,981,19,1017,20,0,1,0,4,0,26,0,5,1
05-25-20,Maury,78,2,78,2,0,0,89,2,2755,62,2844,64,0,0,0,12,2,66,0,8,1
05-25-20,McMinn,140,0,140,0,0,0,155,2,2479,56,2634,58,1,14,-1,14,0,112,0,18,14
05-25-20,McNairy,12,0,12,0,0,0,18,0,687,10,705,10,0,0,0,0,0,12,0,1,0
05-25-20,Meigs,24,0,24,0,0,0,33,0,479,8,512,8,0,0,0,3,0,21,0,4,0
05-25-20,Monroe,75,3,70,3,5,0,76,3,946,28,1022,31,0,2,2,37,1,36,0,8,3
05-25-20,Montgomery,254,7,252,7,2,0,287,8,7603,231,7890,239,0,3,2,45,5,206,0,27,4
05-25-20,Moore,3,0,3,0,0,0,4,0,358,3,362,3,0,0,0,0,0,3,0,0,0
05-25-20,Morgan,17,0,17,0,0,0,19,0,3016,23,3035,23,0,0,0,6,0,11,0,0,0
05-25-20,Obion,30,2,29,2,1,0,30,2,1156,60,1186,62,0,1,1,10,1,19,0,1,1
05-25-20,Out of State,236,1,236,1,0,0,255,1,50022,962,50277,963,0,4,-8,25,9,207,0,17,1
05-25-20,Overton,24,0,24,0,0,0,24,0,1261,11,1285,11,0,0,-1,6,1,18,0,2,0
05-25-20,Pending,1,0,1,0,0,0,3,0,34895,708,34898,708,0,0,0,0,0,1,0,0,0
05-25-20,Perry,13,0,13,0,0,0,16,0,147,2,163,2,0,0,0,0,0,13,0,0,0
05-25-20,Pickett,3,0,3,0,0,0,3,0,249,3,252,3,0,0,-1,1,1,2,0,0,0
05-25-20,Polk,18,0,18,0,0,0,22,0,472,11,494,11,0,0,0,1,0,17,0,3,0
05-25-20,Putnam,383,2,383,2,0,0,464,2,4416,27,4880,29,0,5,-19,155,21,223,0,9,5
05-25-20,Rhea,193,1,193,1,0,0,196,0,1273,77,1469,77,0,0,-2,185,3,8,0,2,0
05-25-20,Roane,22,0,17,0,5,0,23,1,2997,33,3020,34,0,0,0,6,0,16,0,3,0
05-25-20,Robertson,407,38,406,38,1,0,470,42,3339,86,3809,128,0,1,28,112,10,294,1,38,8
05-25-20,Rutherford,1068,43,1062,43,6,0,1252,51,10577,288,11829,339,0,22,17,195,26,851,1,84,27
05-25-20,Scott,12,0,11,0,1,0,11,0,625,9,636,9,0,0,0,-1,0,13,0,0,0
05-25-20,Sequatchie,16,0,16,0,0,0,16,1,825,26,841,27,0,0,-1,3,1,13,0,2,0
05-25-20,Sevier,80,2,76,2,4,0,89,2,4182,199,4271,201,0,2,2,5,0,73,0,8,2
05-25-20,Shelby,4526,147,4512,147,14,0,5386,179,56374,2027,61760,2206,0,94,63,822,84,3610,14,535,124
05-25-20,Smith,29,0,28,0,1,0,33,0,878,40,911,40,0,1,-1,2,1,26,0,2,1
05-25-20,Stewart,9,0,9,0,0,0,9,0,364,15,373,15,0,0,-1,1,1,8,0,2,0
05-25-20,Sullivan,63,0,60,0,3,0,64,1,3775,89,3839,90,0,2,0,4,0,57,0,7,2
05-25-20,Sumner,862,22,853,22,9,0,1110,27,7092,126,8202,153,0,45,15,94,7,723,2,203,46
05-25-20,Tipton,431,2,429,2,2,0,454,4,3829,106,4283,110,0,3,-2,35,4,393,0,23,3
05-25-20,Trousdale,1394,1,1391,1,3,0,1415,1,1835,15,3250,16,0,4,-1,9,2,1381,0,13,4
05-25-20,Unicoi,3,0,3,0,0,0,3,0,418,9,421,9,0,0,0,0,0,3,0,0,0
05-25-20,Union,4,0,4,0,0,0,4,0,456,8,460,8,0,0,-1,0,1,4,0,0,0
05-25-20,Van Buren,4,0,4,0,0,0,4,0,319,8,323,8,0,0,-1,0,1,4,0,1,0
05-25-20,Warren,23,1,23,1,0,0,23,1,1634,38,1657,39,0,0,1,7,0,16,0,0,0
05-25-20,Washington,74,2,74,2,0,0,95,1,3002,84,3097,85,0,0,2,7,0,67,0,6,0
05-25-20,Wayne,62,0,62,0,0,0,63,0,2198,11,2261,11,0,0,0,58,0,4,0,2,0
05-25-20,Weakley,30,0,30,0,0,0,30,0,1165,42,1195,42,0,0,0,2,0,28,0,2,0
05-25-20,White,31,1,29,1,2,0,35,1,1278,21,1313,22,0,0,0,11,1,20,0,3,0
05-25-20,Williamson,515,10,515,10,0,0,581,15,8732,165,9313,180,0,10,7,56,3,449,0,45,11
05-25-20,Wilson,383,13,380,13,3,0,458,12,5517,243,5975,255,0,8,11,50,2,325,1,31,8
05-24-20,Anderson,39,0,38,0,1,0,47,0,4247,48,4294,48,0,1,0,2,0,36,0,4,1
05-24-20,Bedford,268,3,268,3,0,0,300,4,2237,38,2537,42,0,4,1,22,2,242,0,12,5
05-24-20,Benton,7,0,7,0,0,0,8,0,722,8,730,8,0,1,0,1,0,5,0,2,1
05-24-20,Bledsoe,611,1,611,1,0,0,619,0,3178,9,3797,9,0,1,0,4,1,606,0,5,1
05-24-20,Blount,86,1,82,1,4,0,99,1,3010,51,3109,52,0,3,0,4,1,79,0,6,3
05-24-20,Bradley,97,5,96,5,1,0,108,10,2275,69,2383,79,0,1,3,15,2,81,0,14,1
05-24-20,Campbell,18,0,17,0,1,0,24,0,1331,20,1355,20,0,1,0,0,0,17,0,2,1
05-24-20,Cannon,15,1,15,1,0,0,25,1,474,12,499,13,0,0,1,3,0,12,0,2,0
05-24-20,Carroll,29,0,24,0,5,0,26,0,1300,98,1326,98,0,1,-2,1,2,27,0,5,1
05-24-20,Carter,23,0,22,0,1,0,25,0,1271,37,1296,37,0,1,0,1,0,21,0,2,1
05-24-20,Cheatham,113,1,113,1,0,0,132,2,1647,36,1779,38,0,0,-1,21,2,92,0,8,0
05-24-20,Chester,14,1,14,1,0,0,15,2,635,84,650,86,0,0,1,3,0,11,0,1,0
05-24-20,Claiborne,8,0,8,0,0,0,9,1,639,11,648,12,0,0,0,1,0,7,0,0,0
05-24-20,Clay,8,1,8,1,0,0,8,1,484,92,492,93,0,0,1,1,0,7,0,0,0
05-24-20,Cocke,22,0,20,0,2,0,27,0,939,24,966,24,0,0,0,1,0,21,0,1,0
05-24-20,Coffee,67,0,66,0,1,0,74,1,2103,54,2177,55,0,0,-1,8,1,59,0,5,0
05-24-20,Crockett,18,1,16,1,2,0,21,1,539,80,560,81,0,1,1,3,0,14,0,1,2
05-24-20,Cumberland,114,2,110,2,4,0,143,2,3494,56,3637,58,0,1,2,25,0,88,0,10,1
05-24-20,Davidson,4553,68,4550,68,3,0,5231,79,49213,1062,54444,1141,3,57,19,679,46,3817,5,363,64
05-24-20,Decatur,5,0,5,0,0,0,5,0,304,6,309,6,0,0,-1,0,1,5,0,0,0
05-24-20,Dekalb,34,0,34,0,0,0,41,1,1175,13,1216,14,0,0,0,3,0,31,0,0,0
05-24-20,Dickson,104,2,104,2,0,0,137,3,1983,34,2120,37,0,0,2,13,0,91,0,13,0
05-24-20,Dyer,51,0,49,0,2,0,60,0,1276,33,1336,33,0,0,0,5,0,46,0,6,0
05-24-20,Fayette,113,3,112,3,1,0,147,3,2981,92,3128,95,0,2,2,22,1,89,0,15,2
05-24-20,Fentress,10,0,10,0,0,0,10,0,641,7,651,7,0,0,0,4,0,6,0,1,0
05-24-20,Franklin,48,1,48,1,0,0,58,2,1884,96,1942,98,0,1,1,3,0,44,0,5,1
05-24-20,Gibson,64,0,60,0,4,0,70,0,2220,79,2290,79,0,1,0,2,0,61,0,4,1
05-24-20,Giles,13,0,13,0,0,0,17,0,888,8,905,8,0,0,0,3,0,10,0,1,0
05-24-20,Grainger,7,0,6,0,1,0,9,0,547,11,556,11,0,0,0,0,0,7,0,2,0
05-24-20,Greene,47,0,46,0,1,0,54,0,1743,39,1797,39,0,2,0,1,0,44,0,8,2
05-24-20,Grundy,29,1,29,1,0,0,36,1,456,14,492,15,0,1,1,3,0,25,0,10,1
05-24-20,Hamblen,32,0,26,0,6,0,32,0,2303,41,2335,41,0,2,-1,4,1,26,0,6,2
05-24-20,Hamilton,577,36,575,36,2,0,606,41,11031,451,11637,492,0,14,21,252,15,311,0,58,16
05-24-20,Hancock,1,0,1,0,0,0,1,0,129,3,130,3,0,0,0,1,0,0,0,0,0
05-24-20,Hardeman,192,0,192,0,0,0,198,2,4902,27,5100,29,0,0,-1,5,1,187,0,3,0
05-24-20,Hardin,11,0,11,0,0,0,13,0,1415,24,1428,24,0,2,0,2,0,7,0,2,2
05-24-20,Hawkins,31,0,31,0,0,0,43,0,1357,32,1400,32,0,2,0,0,0,29,0,6,2
05-24-20,Haywood,31,0,30,0,1,0,33,0,763,19,796,19,0,2,-1,1,1,28,0,6,2
05-24-20,Henderson,11,0,11,0,0,0,15,0,909,11,924,11,0,0,-1,0,1,11,0,0,0
05-24-20,Henry,29,0,29,0,0,0,37,0,1385,144,1422,144,0,0,0,13,0,16,0,5,0
05-24-20,Hickman,51,0,51,0,0,0,72,1,901,16,973,17,0,0,0,2,0,49,0,2,0
05-24-20,Houston,8,0,8,0,0,0,10,0,240,4,250,4,0,0,0,1,0,7,0,5,0
05-24-20,Humphreys,14,1,13,1,1,0,15,1,640,83,655,84,0,1,1,1,0,12,0,1,1
05-24-20,Jackson,21,0,21,0,0,0,24,0,608,10,632,10,0,0,-1,10,1,11,0,1,0
05-24-20,Jefferson,29,0,26,0,3,0,27,0,1920,270,1947,270,0,0,-1,-1,1,30,0,0,0
05-24-20,Johnson,16,0,16,0,0,0,15,0,1896,7,1911,7,0,0,0,2,0,14,0,0,0
05-24-20,Knox,334,2,329,2,5,0,383,3,14397,243,14780,246,0,5,1,26,1,303,0,38,5
05-24-20,Lake,408,0,407,0,1,0,409,0,1339,13,1748,13,0,0,0,8,0,400,0,1,0
05-24-20,Lauderdale,57,4,56,4,1,0,71,2,3184,53,3255,55,0,1,3,15,1,41,0,8,1
05-24-20,Lawrence,22,0,22,0,0,0,26,0,1377,23,1403,23,0,0,0,1,0,21,0,4,0
05-24-20,Lewis,4,0,4,0,0,0,4,0,279,8,283,8,0,0,0,1,0,3,0,0,0
05-24-20,Lincoln,25,0,25,0,0,0,30,0,1237,90,1267,90,0,0,-2,6,2,19,0,2,0
05-24-20,Loudon,127,1,122,1,5,0,130,2,1816,36,1946,38,0,0,-1,73,2,54,0,8,0
05-24-20,Macon,103,1,103,1,0,0,123,1,1292,24,1415,25,0,3,-4,16,5,84,0,12,3
05-24-20,Madison,163,0,163,0,0,0,189,4,4631,91,4820,95,0,2,-1,1,1,160,0,19,2
05-24-20,Marion,36,0,35,0,1,0,41,0,728,18,769,18,0,1,0,5,0,30,0,12,2
05-24-20,Marshall,31,2,31,2,0,0,35,2,962,20,997,22,0,1,0,4,2,26,0,5,1
05-24-20,Maury,76,0,76,0,0,0,87,0,2693,46,2780,46,0,0,-3,12,3,64,0,8,1
05-24-20,McMinn,140,1,140,1,0,0,153,2,2423,65,2576,67,0,13,1,15,0,112,0,18,14
05-24-20,McNairy,12,0,12,0,0,0,18,0,677,10,695,10,0,0,0,0,0,12,0,1,0
05-24-20,Meigs,24,0,24,0,0,0,33,1,471,45,504,46,0,0,0,3,0,21,0,4,0
05-24-20,Monroe,72,0,67,0,5,0,73,0,918,32,991,32,0,2,-1,35,1,35,0,8,3
05-24-20,Montgomery,247,7,245,7,2,0,279,5,7372,432,7651,437,0,3,3,43,4,201,0,27,4
05-24-20,Moore,3,0,3,0,0,0,4,0,355,6,359,6,0,0,0,0,0,3,0,0,0
05-24-20,Morgan,17,0,17,0,0,0,19,0,2993,7,3012,7,0,0,0,6,0,11,0,0,0
05-24-20,Obion,28,1,27,1,1,0,28,1,1096,164,1124,165,0,1,0,9,1,18,0,1,1
05-24-20,Out of State,235,2,235,2,0,0,254,1,49060,1813,49314,1814,0,4,1,33,1,198,0,17,1
05-24-20,Overton,24,1,24,1,0,0,24,1,1250,33,1274,34,0,0,0,7,1,17,0,2,0
05-24-20,Pending,1,0,1,0,0,0,3,2,34187,707,34190,709,0,0,0,0,0,1,0,0,0
05-24-20,Perry,13,0,13,0,0,0,16,0,145,4,161,4,0,0,0,0,0,13,0,0,0
05-24-20,Pickett,3,0,3,0,0,0,3,0,246,6,249,6,0,0,0,2,0,1,0,0,0
05-24-20,Polk,18,0,18,0,0,0,22,0,461,18,483,18,0,0,0,1,0,17,0,3,0
05-24-20,Putnam,381,10,381,10,0,0,462,10,4389,92,4851,102,0,5,-3,174,13,202,0,9,5
05-24-20,Rhea,192,2,192,2,0,0,196,2,1196,80,1392,82,0,0,2,187,0,5,0,2,0
05-24-20,Roane,22,1,17,1,5,0,22,1,2964,40,2986,41,0,0,0,6,1,16,0,3,0
05-24-20,Robertson,369,6,368,6,1,0,428,8,3253,38,3681,46,1,1,-1,84,6,284,2,37,7
05-24-20,Rutherford,1025,19,1019,19,6,0,1201,29,10289,223,11490,252,0,22,8,178,11,825,1,83,26
05-24-20,Scott,12,0,11,0,1,0,11,0,616,13,627,13,0,0,0,-1,0,13,0,0,0
05-24-20,Sequatchie,16,2,16,2,0,0,15,2,799,16,814,18,0,0,2,4,0,12,0,2,0
05-24-20,Sevier,78,0,74,0,4,0,87,0,3983,66,4070,66,0,2,0,3,0,73,0,8,2
05-24-20,Shelby,4379,103,4365,103,14,0,5207,130,54347,2433,59554,2563,2,94,57,759,44,3526,6,521,122
05-24-20,Smith,29,0,28,0,1,0,33,0,838,13,871,13,0,1,0,3,0,25,0,2,1
05-24-20,Stewart,9,0,9,0,0,0,9,0,349,16,358,16,0,0,0,2,0,7,0,2,0
05-24-20,Sullivan,63,0,60,0,3,0,63,0,3686,101,3749,101,0,2,0,4,0,57,0,7,2
05-24-20,Sumner,840,6,831,6,9,0,1083,9,6966,94,8049,103,0,45,-3,79,9,716,0,201,46
05-24-20,Tipton,429,5,427,5,2,0,450,4,3723,126,4173,130,1,3,0,37,4,389,1,23,3
05-24-20,Trousdale,1393,3,1390,3,3,0,1414,8,1820,16,3234,24,0,4,3,10,0,1379,0,13,4
05-24-20,Unicoi,3,0,3,0,0,0,3,0,409,8,412,8,0,0,0,0,0,3,0,0,0
05-24-20,Union,4,0,4,0,0,0,4,0,448,4,452,4,0,0,0,1,0,3,0,0,0
05-24-20,Van Buren,4,0,4,0,0,0,4,0,311,2,315,2,0,0,0,1,0,3,0,1,0
05-24-20,Warren,22,1,22,1,0,0,22,1,1596,18,1618,19,0,0,1,6,0,16,0,0,0
05-24-20,Washington,72,0,72,0,0,0,94,5,2918,86,3012,91,0,0,0,5,0,67,0,6,0
05-24-20,Wayne,62,0,62,0,0,0,63,0,2187,4,2250,4,0,0,0,58,0,4,0,2,0
05-24-20,Weakley,30,0,30,0,0,0,30,0,1123,153,1153,153,0,0,-1,2,1,28,0,2,0
05-24-20,White,30,2,28,2,2,0,34,3,1257,25,1291,28,0,0,2,11,0,19,0,3,0
05-24-20,Williamson,505,10,505,10,0,0,566,11,8567,186,9133,197,0,10,7,49,3,446,2,45,11
05-24-20,Wilson,370,10,367,10,3,0,446,11,5274,192,5720,203,0,8,3,39,7,323,0,30,8
05-23-20,Anderson,39,0,38,0,1,0,47,1,4199,166,4246,167,0,1,0,2,0,36,0,4,1
05-23-20,Bedford,265,0,265,0,0,0,296,4,2199,21,2495,25,0,4,-1,21,1,240,0,12,5
05-23-20,Benton,7,0,7,0,0,0,8,0,714,15,722,15,0,1,0,1,0,5,0,2,1
05-23-20,Bledsoe,610,0,610,0,0,0,619,0,3169,16,3788,16,0,1,0,4,0,605,0,5,1
05-23-20,Blount,85,0,81,0,4,0,98,2,2959,110,3057,112,0,3,-1,4,1,78,0,6,3
05-23-20,Bradley,92,2,91,2,1,0,98,2,2206,40,2304,42,0,1,2,12,0,79,0,14,1
05-23-20,Campbell,18,0,17,0,1,0,24,0,1311,22,1335,22,0,1,0,0,0,17,0,2,1
05-23-20,Cannon,14,0,14,0,0,0,24,0,462,9,486,9,0,0,0,2,0,12,0,2,0
05-23-20,Carroll,29,0,24,0,5,0,26,1,1202,32,1228,33,0,1,-1,3,1,25,0,5,1
05-23-20,Carter,23,0,22,0,1,0,25,0,1234,20,1259,20,0,1,0,1,0,21,0,2,1
05-23-20,Cheatham,112,3,112,3,0,0,130,3,1611,41,1741,44,0,0,2,22,1,90,0,8,0
05-23-20,Chester,13,0,13,0,0,0,13,0,551,11,564,11,0,0,0,2,0,11,0,1,0
05-23-20,Claiborne,8,0,8,0,0,0,8,0,628,30,636,30,0,0,0,1,0,7,0,0,0
05-23-20,Clay,7,0,7,0,0,0,7,0,392,7,399,7,0,0,0,0,0,7,0,0,0
05-23-20,Cocke,22,0,20,0,2,0,27,0,915,19,942,19,0,0,-1,1,1,21,0,1,0
05-23-20,Coffee,67,0,66,0,1,0,73,1,2049,65,2122,66,0,0,-1,9,1,58,0,5,0
05-23-20,Crockett,17,0,15,0,2,0,20,1,459,8,479,9,0,1,0,2,0,14,0,1,2
05-23-20,Cumberland,112,14,108,11,4,3,141,13,3438,108,3579,121,0,1,13,23,1,88,1,10,1
05-23-20,Davidson,4485,74,4482,74,3,0,5152,99,48151,1262,53303,1361,6,54,23,660,45,3771,4,358,61
05-23-20,Decatur,5,0,5,0,0,0,5,0,298,2,303,2,0,0,0,1,0,4,0,0,0
05-23-20,Dekalb,34,2,34,2,0,0,40,2,1162,28,1202,30,0,0,2,3,0,31,0,0,0
05-23-20,Dickson,102,0,102,0,0,0,134,1,1949,80,2083,81,0,0,-1,11,1,91,0,13,0
05-23-20,Dyer,51,0,49,0,2,0,60,1,1243,16,1303,17,0,0,0,5,0,46,0,6,0
05-23-20,Fayette,110,3,109,3,1,0,144,5,2889,79,3033,84,0,2,2,20,1,88,0,15,2
05-23-20,Fentress,10,1,10,1,0,0,10,1,634,18,644,19,0,0,1,4,0,6,0,1,0
05-23-20,Franklin,47,0,47,0,0,0,56,0,1788,36,1844,36,0,1,-2,2,2,44,0,5,1
05-23-20,Gibson,64,1,60,1,4,0,70,0,2141,39,2211,39,0,1,1,2,0,61,0,4,1
05-23-20,Giles,13,0,13,0,0,0,17,0,880,25,897,25,0,0,0,3,0,10,0,1,0
05-23-20,Grainger,7,0,6,0,1,0,9,1,536,16,545,17,0,0,0,0,0,7,0,2,0
05-23-20,Greene,47,0,46,0,1,0,54,1,1704,54,1758,55,0,2,0,1,0,44,0,8,2
05-23-20,Grundy,28,0,28,0,0,0,35,0,442,7,477,7,0,1,0,2,0,25,0,10,1
05-23-20,Hamblen,32,0,26,0,6,0,32,0,2262,53,2294,53,0,2,-1,5,1,25,0,6,2
05-23-20,Hamilton,541,29,539,29,2,0,565,43,10580,524,11145,567,1,14,17,231,11,296,0,58,15
05-23-20,Hancock,1,0,1,0,0,0,1,0,126,3,127,3,0,0,0,1,0,0,0,0,0
05-23-20,Hardeman,192,1,192,1,0,0,196,1,4875,30,5071,31,0,0,1,6,0,186,0,3,0
05-23-20,Hardin,11,0,11,0,0,0,13,0,1391,10,1404,10,0,2,0,2,0,7,0,2,2
05-23-20,Hawkins,31,0,31,0,0,0,43,0,1325,29,1368,29,0,2,0,0,0,29,0,6,2
05-23-20,Haywood,31,0,30,0,1,0,33,0,744,22,777,22,1,2,-1,2,0,27,0,6,2
05-23-20,Henderson,11,0,11,0,0,0,15,0,898,6,913,6,0,0,0,1,0,10,0,0,0
05-23-20,Henry,29,0,29,0,0,0,37,0,1241,14,1278,14,0,0,0,13,0,16,0,5,0
05-23-20,Hickman,51,0,51,0,0,0,71,0,885,9,956,9,0,0,0,2,0,49,0,2,0
05-23-20,Houston,8,0,8,0,0,0,10,0,236,6,246,6,0,0,0,1,0,7,0,5,0
05-23-20,Humphreys,13,0,12,0,1,0,14,0,557,11,571,11,0,1,0,0,0,12,0,1,1
05-23-20,Jackson,21,3,21,3,0,0,24,3,598,16,622,19,0,0,3,11,0,10,0,1,0
05-23-20,Jefferson,29,0,26,0,3,0,27,0,1650,47,1677,47,0,0,0,0,0,29,0,0,0
05-23-20,Johnson,16,0,16,0,0,0,15,0,1889,6,1904,6,0,0,0,2,0,14,0,0,0
05-23-20,Knox,332,7,327,7,5,0,380,10,14154,387,14534,397,0,5,5,25,2,302,2,38,5
05-23-20,Lake,408,1,407,1,1,0,409,2,1326,8,1735,10,0,0,1,8,0,400,0,1,0
05-23-20,Lauderdale,53,0,52,0,1,0,69,0,3131,29,3200,29,0,1,-1,12,1,40,0,8,1
05-23-20,Lawrence,22,1,22,1,0,0,26,2,1354,28,1380,30,0,0,0,1,1,21,0,4,0
05-23-20,Lewis,4,0,4,0,0,0,4,0,271,9,275,9,0,0,0,1,0,3,0,0,0
05-23-20,Lincoln,25,0,25,0,0,0,30,4,1147,38,1177,42,0,0,0,8,0,17,0,2,0
05-23-20,Loudon,126,3,121,2,5,1,128,4,1780,48,1908,52,0,0,2,74,1,52,1,8,0
05-23-20,Macon,102,2,102,2,0,0,122,2,1268,13,1390,15,0,3,1,20,1,79,0,12,3
05-23-20,Madison,163,1,163,1,0,0,185,3,4540,70,4725,73,0,2,0,2,1,159,0,19,2
05-23-20,Marion,36,0,35,0,1,0,41,0,710,15,751,15,0,1,0,5,0,30,0,12,2
05-23-20,Marshall,29,0,29,0,0,0,33,2,942,22,975,24,0,1,0,4,0,24,0,5,1
05-23-20,Maury,76,0,76,0,0,0,87,1,2647,54,2734,55,0,0,-1,15,1,61,0,8,1
05-23-20,McMinn,139,9,139,9,0,0,151,9,2358,50,2509,59,1,13,7,14,1,112,1,18,14
05-23-20,McNairy,12,0,12,0,0,0,18,0,667,16,685,16,0,0,0,0,0,12,0,1,0
05-23-20,Meigs,24,0,24,0,0,0,32,1,426,5,458,6,0,0,0,3,0,21,0,4,0
05-23-20,Monroe,72,0,67,0,5,0,73,0,886,22,959,22,0,2,-3,36,3,34,0,8,3
05-23-20,Montgomery,240,15,238,15,2,0,274,17,6940,509,7214,526,0,3,14,40,1,197,0,27,4
05-23-20,Moore,3,0,3,0,0,0,4,0,349,6,353,6,0,0,0,0,0,3,0,0,0
05-23-20,Morgan,17,0,17,0,0,0,19,0,2986,26,3005,26,0,0,0,6,0,11,0,0,0
05-23-20,Obion,27,0,26,0,1,0,27,1,932,48,959,49,0,1,0,9,0,17,0,1,1
05-23-20,Out of State,233,1,233,1,0,0,253,1,47247,1325,47500,1326,0,4,0,32,1,197,0,17,1
05-23-20,Overton,23,0,23,0,0,0,23,0,1217,30,1240,30,0,0,0,7,0,16,0,2,0
05-23-20,Pending,1,0,1,0,0,0,1,0,33480,846,33481,846,0,0,0,0,0,1,0,0,0
05-23-20,Perry,13,0,13,0,0,0,16,0,141,1,157,1,0,0,0,0,0,13,0,0,0
05-23-20,Pickett,3,1,3,1,0,0,3,1,240,7,243,8,0,0,1,2,0,1,0,0,0
05-23-20,Polk,18,0,18,0,0,0,22,0,443,6,465,6,0,0,0,1,0,17,0,3,0
05-23-20,Putnam,371,23,371,23,0,0,452,24,4297,158,4749,182,0,5,17,177,6,189,0,9,5
05-23-20,Rhea,190,1,190,1,0,0,194,1,1116,40,1310,41,0,0,1,185,0,5,1,2,0
05-23-20,Roane,21,0,16,0,5,0,21,0,2924,92,2945,92,0,0,0,6,0,15,0,3,0
05-23-20,Robertson,363,25,362,25,1,0,420,28,3215,326,3635,354,0,0,20,85,5,278,2,35,6
05-23-20,Rutherford,1006,32,1000,32,6,0,1172,35,10066,296,11238,331,2,22,15,170,15,814,1,82,25
05-23-20,Scott,12,0,11,0,1,0,11,0,603,12,614,12,0,0,0,-1,0,13,0,0,0
05-23-20,Sequatchie,14,1,14,1,0,0,13,1,783,11,796,12,0,0,1,2,0,12,0,2,0
05-23-20,Sevier,78,0,74,0,4,0,87,1,3917,105,4004,106,0,2,-1,3,1,73,0,8,2
05-23-20,Shelby,4276,128,4262,127,14,1,5077,173,51914,1867,56991,2040,0,92,88,702,40,3482,5,515,118
05-23-20,Smith,29,0,28,0,1,0,33,0,825,19,858,19,0,1,0,3,0,25,0,2,1
05-23-20,Stewart,9,1,9,1,0,0,9,1,333,21,342,22,0,0,1,2,0,7,1,2,0
05-23-20,Sullivan,63,0,60,0,3,0,63,1,3585,186,3648,187,0,2,0,4,0,57,0,7,2
05-23-20,Sumner,834,12,825,12,9,0,1074,19,6872,135,7946,154,3,45,8,82,1,707,0,201,46
05-23-20,Tipton,424,1,422,1,2,0,446,6,3597,89,4043,95,0,2,0,37,1,385,0,22,3
05-23-20,Trousdale,1390,0,1387,0,3,0,1406,0,1804,13,3210,13,0,4,0,7,0,1379,0,13,4
05-23-20,Unicoi,3,0,3,0,0,0,3,0,401,4,404,4,0,0,0,0,0,3,0,0,0
05-23-20,Union,4,0,4,0,0,0,4,0,444,9,448,9,0,0,0,1,0,3,0,0,0
05-23-20,Van Buren,4,0,4,0,0,0,4,0,309,3,313,3,0,0,0,1,0,3,0,1,0
05-23-20,Warren,21,3,21,3,0,0,21,2,1578,35,1599,37,0,0,3,5,0,16,0,0,0
05-23-20,Washington,72,1,72,1,0,0,89,0,2832,41,2921,41,0,0,-3,5,4,67,0,6,0
05-23-20,Wayne,62,0,62,0,0,0,63,0,2183,2,2246,2,0,0,0,58,0,4,0,2,0
05-23-20,Weakley,30,0,30,0,0,0,30,0,970,34,1000,34,0,0,-1,3,1,27,0,2,0
05-23-20,White,28,2,26,2,2,0,31,2,1232,20,1263,22,0,0,2,9,0,19,0,3,0
05-23-20,Williamson,495,8,495,8,0,0,555,15,8381,210,8936,225,0,10,4,42,4,443,0,43,11
05-23-20,Wilson,360,9,357,9,3,0,435,6,5082,234,5517,240,0,8,3,36,6,316,1,30,8
05-22-20,Anderson,39,1,38,1,1,0,46,1,4033,25,4079,26,0,1,-1,2,2,36,1,4,1
05-22-20,Bedford,265,1,265,1,0,0,292,5,2178,60,2470,65,0,4,-2,22,3,239,0,12,5
05-22-20,Benton,7,0,7,0,0,0,8,0,699,8,707,8,0,1,0,1,0,5,0,2,1
05-22-20,Bledsoe,610,0,610,0,0,0,619,0,3153,15,3772,15,0,1,0,4,0,605,0,5,1
05-22-20,Blount,85,3,81,3,4,0,96,2,2849,17,2945,19,0,3,1,5,2,77,0,6,3
05-22-20,Bradley,90,3,89,2,1,1,96,1,2166,54,2262,55,0,1,-2,10,5,79,0,14,1
05-22-20,Campbell,18,0,17,0,1,0,24,0,1289,13,1313,13,0,1,0,0,0,17,0,2,1
05-22-20,Cannon,14,0,14,0,0,0,24,0,453,4,477,4,0,0,0,2,0,12,0,2,0
05-22-20,Carroll,29,1,24,1,5,0,25,1,1170,56,1195,57,0,1,0,4,1,24,0,5,1
05-22-20,Carter,23,0,22,0,1,0,25,1,1214,22,1239,23,0,1,0,1,0,21,0,2,1
05-22-20,Cheatham,109,3,109,3,0,0,127,7,1570,29,1697,36,0,0,-3,20,6,89,0,8,0
05-22-20,Chester,13,2,13,2,0,0,13,0,540,7,553,7,0,0,2,2,0,11,0,1,0
05-22-20,Claiborne,8,0,8,0,0,0,8,0,598,13,606,13,0,0,0,1,0,7,0,0,0
05-22-20,Clay,7,0,7,0,0,0,7,0,385,6,392,6,0,0,0,0,0,7,0,0,0
05-22-20,Cocke,22,0,20,0,2,0,27,0,896,12,923,12,0,0,0,2,0,20,0,1,0
05-22-20,Coffee,67,1,66,1,1,0,72,3,1984,82,2056,85,0,0,-2,10,3,57,0,5,0
05-22-20,Crockett,17,0,15,0,2,0,19,0,451,11,470,11,0,1,0,2,0,14,0,1,2
05-22-20,Cumberland,98,1,97,1,1,0,128,1,3330,7,3458,8,0,1,0,10,1,87,0,9,1
05-22-20,Davidson,4411,79,4408,79,3,0,5053,101,46889,1084,51942,1185,0,48,8,637,71,3726,3,354,60
05-22-20,Decatur,5,0,5,0,0,0,5,0,296,6,301,6,0,0,0,1,0,4,0,0,0
05-22-20,Dekalb,32,0,32,0,0,0,38,0,1134,7,1172,7,0,0,-1,1,1,31,0,0,0
05-22-20,Dickson,102,2,102,2,0,0,133,2,1869,27,2002,29,0,0,1,12,1,90,0,13,0
05-22-20,Dyer,51,3,49,2,2,1,59,2,1227,20,1286,22,0,0,3,5,0,46,0,6,0
05-22-20,Fayette,107,3,106,3,1,0,139,2,2810,207,2949,209,0,2,2,18,1,87,0,15,2
05-22-20,Fentress,9,0,9,0,0,0,9,0,616,8,625,8,0,0,0,3,0,6,0,1,0
05-22-20,Franklin,47,1,47,1,0,0,56,0,1752,40,1808,40,0,1,0,4,1,42,0,5,1
05-22-20,Gibson,63,2,59,2,4,0,70,0,2102,22,2172,22,0,1,1,1,1,61,0,4,1
05-22-20,Giles,13,0,13,0,0,0,17,0,855,16,872,16,0,0,0,3,0,10,0,1,0
05-22-20,Grainger,7,0,6,0,1,0,8,0,520,7,528,7,0,0,0,0,0,7,0,2,0
05-22-20,Greene,47,0,46,0,1,0,53,1,1650,38,1703,39,0,2,0,1,0,44,0,8,2
05-22-20,Grundy,28,0,28,0,0,0,35,0,435,5,470,5,0,1,0,2,0,25,0,10,1
05-22-20,Hamblen,32,1,26,1,6,0,32,1,2209,19,2241,20,0,2,1,6,0,24,1,6,2
05-22-20,Hamilton,512,49,510,49,2,0,522,35,10056,434,10578,469,0,13,34,214,15,285,1,58,15
05-22-20,Hancock,1,0,1,0,0,0,1,0,123,10,124,10,0,0,0,1,0,0,0,0,0
05-22-20,Hardeman,191,1,191,1,0,0,195,0,4845,19,5040,19,0,0,1,5,0,186,0,3,0
05-22-20,Hardin,11,1,11,1,0,0,13,1,1381,14,1394,15,0,2,1,2,0,7,0,2,2
05-22-20,Hawkins,31,0,31,0,0,0,43,0,1296,14,1339,14,0,2,0,0,0,29,0,6,2
05-22-20,Haywood,31,1,30,1,1,0,33,0,722,22,755,22,0,1,1,3,0,27,0,6,2
05-22-20,Henderson,11,0,11,0,0,0,15,0,892,15,907,15,0,0,0,1,0,10,0,0,0
05-22-20,Henry,29,1,29,1,0,0,37,3,1227,38,1264,41,0,0,1,13,0,16,0,5,0
05-22-20,Hickman,51,1,51,1,0,0,71,0,876,13,947,13,0,0,1,2,0,49,0,2,0
05-22-20,Houston,8,0,8,0,0,0,10,0,230,3,240,3,0,0,0,1,0,7,0,5,0
05-22-20,Humphreys,13,0,12,0,1,0,14,0,546,6,560,6,0,1,0,0,0,12,0,1,1
05-22-20,Jackson,18,2,18,2,0,0,21,2,582,3,603,5,0,0,2,8,0,10,0,1,0
05-22-20,Jefferson,29,0,26,0,3,0,27,0,1603,21,1630,21,0,0,-1,0,1,29,0,0,0
05-22-20,Johnson,16,0,16,0,0,0,15,0,1883,5,1898,5,0,0,-3,2,3,14,0,0,0
05-22-20,Knox,325,1,320,1,5,0,370,1,13767,230,14137,231,0,5,-15,20,16,300,0,36,5
05-22-20,Lake,407,4,406,4,1,0,407,4,1318,13,1725,17,0,0,2,7,2,400,0,1,0
05-22-20,Lauderdale,53,0,52,0,1,0,69,0,3102,17,3171,17,0,1,0,13,0,39,0,8,1
05-22-20,Lawrence,21,0,21,0,0,0,24,1,1326,31,1350,32,0,0,0,1,0,20,0,4,0
05-22-20,Lewis,4,0,4,0,0,0,4,0,262,9,266,9,0,0,0,1,0,3,0,0,0
05-22-20,Lincoln,25,0,25,0,0,0,26,2,1109,16,1135,18,0,0,0,8,0,17,0,2,0
05-22-20,Loudon,123,14,119,14,4,0,124,19,1732,149,1856,168,0,0,12,72,2,51,0,7,0
05-22-20,Macon,100,2,100,2,0,0,120,2,1255,13,1375,15,0,3,-3,19,5,78,0,12,3
05-22-20,Madison,162,3,162,3,0,0,182,1,4470,30,4652,31,0,2,0,2,3,158,0,19,2
05-22-20,Marion,36,0,35,0,1,0,41,0,695,15,736,15,0,1,0,5,0,30,0,12,2
05-22-20,Marshall,29,0,29,0,0,0,31,1,920,22,951,23,0,1,-1,4,1,24,0,5,1
05-22-20,Maury,76,1,76,1,0,0,86,2,2593,74,2679,76,0,0,1,16,0,60,0,8,1
05-22-20,McMinn,130,0,130,0,0,0,142,0,2308,27,2450,27,0,12,0,7,0,111,0,17,13
05-22-20,McNairy,12,0,12,0,0,0,18,0,651,6,669,6,0,0,0,0,0,12,0,1,0
05-22-20,Meigs,24,3,24,3,0,0,31,3,421,16,452,19,0,0,2,3,1,21,1,4,0
05-22-20,Monroe,72,5,67,3,5,2,73,5,864,29,937,34,0,2,5,39,0,31,0,8,3
05-22-20,Montgomery,225,3,223,3,2,0,257,4,6431,67,6688,71,1,3,-1,26,3,196,1,27,4
05-22-20,Moore,3,0,3,0,0,0,4,0,343,3,347,3,0,0,0,0,0,3,0,0,0
05-22-20,Morgan,17,0,17,0,0,0,19,0,2960,7,2979,7,0,0,0,6,0,11,0,0,0
05-22-20,Obion,27,4,26,4,1,0,26,2,884,39,910,41,0,1,4,9,0,17,0,1,1
05-22-20,Out of State,232,3,232,3,0,0,252,3,45922,942,46174,945,0,4,0,32,3,196,0,17,1
05-22-20,Overton,23,1,23,1,0,0,23,0,1187,7,1210,7,0,0,1,7,0,16,0,2,0
05-22-20,Pending,1,1,1,1,0,0,1,0,32634,471,32635,471,0,0,1,0,0,1,0,0,0
05-22-20,Perry,13,0,13,0,0,0,16,0,140,3,156,3,0,0,0,0,0,13,0,0,0
05-22-20,Pickett,2,0,2,0,0,0,2,0,233,2,235,2,0,0,0,1,0,1,0,0,0
05-22-20,Polk,18,1,18,1,0,0,22,0,437,1,459,1,0,0,0,1,1,17,0,3,0
05-22-20,Putnam,348,10,348,10,0,0,428,12,4139,67,4567,79,0,5,6,160,4,183,1,9,5
05-22-20,Rhea,189,1,189,1,0,0,193,2,1076,37,1269,39,0,0,1,184,0,5,0,1,0
05-22-20,Roane,21,3,16,3,5,0,21,2,2832,20,2853,22,0,0,3,6,0,15,1,3,0
05-22-20,Robertson,338,22,337,22,1,0,392,22,2889,106,3281,128,0,0,12,65,10,273,1,33,5
05-22-20,Rutherford,974,22,968,22,6,0,1137,27,9770,160,10907,187,0,20,1,155,21,799,0,81,25
05-22-20,Scott,12,0,11,0,1,0,11,0,591,4,602,4,0,0,0,-1,0,13,0,0,0
05-22-20,Sequatchie,13,0,13,0,0,0,12,0,772,12,784,12,0,0,0,1,0,12,0,2,0
05-22-20,Sevier,78,1,74,1,4,0,86,1,3812,55,3898,56,0,2,-2,4,3,72,0,8,2
05-22-20,Shelby,4148,89,4135,89,13,0,4904,98,50047,2228,54951,2326,1,92,17,614,71,3442,17,510,116
05-22-20,Smith,29,0,28,0,1,0,33,0,806,22,839,22,0,1,0,3,0,25,0,2,1
05-22-20,Stewart,8,0,8,0,0,0,8,0,312,6,320,6,0,0,0,1,0,7,0,1,0
05-22-20,Sullivan,63,0,60,0,3,0,62,0,3399,41,3461,41,0,2,0,4,0,57,0,7,2
05-22-20,Sumner,822,9,813,9,9,0,1055,15,6737,246,7792,261,0,42,2,74,7,706,0,201,45
05-22-20,Tipton,423,8,421,8,2,0,440,13,3508,121,3948,134,0,2,7,37,1,384,0,22,3
05-22-20,Trousdale,1390,0,1387,0,3,0,1406,4,1791,19,3197,23,0,4,-17,7,17,1379,0,13,4
05-22-20,Unicoi,3,0,3,0,0,0,3,0,397,3,400,3,0,0,0,0,0,3,0,0,0
05-22-20,Union,4,0,4,0,0,0,4,0,435,10,439,10,0,0,0,1,0,3,0,0,0
05-22-20,Van Buren,4,0,4,0,0,0,4,0,306,3,310,3,0,0,-1,1,1,3,0,1,0
05-22-20,Warren,18,1,18,1,0,0,19,1,1543,9,1562,10,0,0,-1,2,2,16,0,0,0
05-22-20,Washington,71,4,71,4,0,0,89,1,2791,64,2880,65,0,0,4,8,0,63,0,6,0
05-22-20,Wayne,62,0,62,0,0,0,63,0,2181,9,2244,9,0,0,0,58,0,4,0,2,0
05-22-20,Weakley,30,0,30,0,0,0,30,0,936,28,966,28,0,0,0,4,0,26,0,2,0
05-22-20,White,26,0,24,0,2,0,29,0,1212,6,1241,6,0,0,0,7,0,19,0,3,0
05-22-20,Williamson,487,5,487,5,0,0,540,5,8171,135,8711,140,0,10,1,38,4,439,0,43,11
05-22-20,Wilson,351,1,348,1,3,0,429,1,4848,163,5277,164,0,8,-2,33,3,310,0,29,8
05-21-20,Anderson,38,0,37,0,1,0,45,1,4008,90,4053,91,0,1,-1,3,1,34,0,3,1
05-21-20,Bedford,264,3,264,3,0,0,287,4,2118,70,2405,74,0,4,-1,24,4,236,1,12,5
05-21-20,Benton,7,0,7,0,0,0,8,0,691,3,699,3,0,1,0,1,0,5,0,2,1
05-21-20,Bledsoe,610,0,610,0,0,0,619,1,3138,14,3757,15,0,1,0,4,0,605,0,5,1
05-21-20,Blount,82,1,78,1,4,0,94,0,2832,94,2926,94,0,3,0,4,1,75,1,6,3
05-21-20,Bradley,87,3,87,3,0,0,95,5,2112,75,2207,80,0,1,3,12,0,74,0,14,1
05-21-20,Campbell,18,0,17,0,1,0,24,0,1276,35,1300,35,0,1,0,0,0,17,0,2,1
05-21-20,Cannon,14,0,14,0,0,0,24,0,449,3,473,3,0,0,0,2,0,12,0,2,0
05-21-20,Carroll,28,0,23,0,5,0,24,0,1114,7,1138,7,0,1,0,4,0,23,0,5,1
05-21-20,Carter,23,0,22,0,1,0,24,0,1192,33,1216,33,0,1,0,1,0,21,0,2,1
05-21-20,Cheatham,106,1,106,1,0,0,120,1,1541,5,1661,6,0,0,1,23,0,83,0,8,0
05-21-20,Chester,11,0,11,0,0,0,13,0,533,1,546,1,0,0,0,0,0,11,0,1,0
05-21-20,Claiborne,8,0,8,0,0,0,8,0,585,13,593,13,0,0,0,1,0,7,0,0,0
05-21-20,Clay,7,0,7,0,0,0,7,0,379,2,386,2,0,0,0,0,0,7,0,0,0
05-21-20,Cocke,22,0,20,0,2,0,27,0,884,37,911,37,0,0,0,2,0,20,0,1,0
05-21-20,Coffee,66,0,65,0,1,0,69,2,1902,58,1971,60,0,0,-4,12,4,54,0,5,0
05-21-20,Crockett,17,0,15,0,2,0,19,0,440,12,459,12,0,1,-3,2,3,14,0,1,2
05-21-20,Cumberland,97,1,96,1,1,0,127,0,3323,96,3450,96,0,1,0,10,1,86,0,9,1
05-21-20,Davidson,4332,46,4329,46,3,0,4952,47,45805,364,50757,411,0,48,-23,629,69,3655,1,351,59
05-21-20,Decatur,5,0,5,0,0,0,5,0,290,4,295,4,0,0,0,1,0,4,0,0,0
05-21-20,Dekalb,32,0,32,0,0,0,38,0,1127,3,1165,3,0,0,-1,2,1,30,0,0,0
05-21-20,Dickson,100,2,100,2,0,0,131,3,1842,37,1973,40,0,0,2,11,0,89,0,13,0
05-21-20,Dyer,48,1,47,1,1,0,57,1,1207,5,1264,6,0,0,0,2,1,46,0,6,0
05-21-20,Fayette,104,1,103,1,1,0,137,0,2603,32,2740,32,0,2,-4,16,5,86,0,15,2
05-21-20,Fentress,9,0,9,0,0,0,9,0,608,21,617,21,0,0,0,3,0,6,0,1,0
05-21-20,Franklin,46,0,46,0,0,0,56,0,1712,49,1768,49,0,1,-2,4,2,41,0,5,1
05-21-20,Gibson,61,1,57,1,4,0,70,1,2080,130,2150,131,0,1,1,0,0,60,0,4,1
05-21-20,Giles,13,0,13,0,0,0,17,0,839,33,856,33,0,0,0,3,0,10,0,1,0
05-21-20,Grainger,7,0,6,0,1,0,8,0,513,9,521,9,0,0,0,0,0,7,0,2,0
05-21-20,Greene,47,1,46,1,1,0,52,1,1612,22,1664,23,0,2,1,1,0,44,0,8,2
05-21-20,Grundy,28,0,28,0,0,0,35,0,430,6,465,6,0,1,0,2,0,25,0,10,1
05-21-20,Hamblen,31,0,25,0,6,0,31,0,2190,47,2221,47,0,2,-1,5,1,24,0,5,2
05-21-20,Hamilton,463,43,461,43,2,0,487,44,9622,246,10109,290,0,13,32,180,11,270,1,57,15
05-21-20,Hancock,1,0,1,0,0,0,1,0,113,1,114,1,0,0,0,1,0,0,0,0,0
05-21-20,Hardeman,190,2,190,2,0,0,195,2,4826,6,5021,8,0,0,-14,4,16,186,0,3,0
05-21-20,Hardin,10,0,10,0,0,0,12,0,1367,4,1379,4,1,2,-1,1,0,7,0,2,2
05-21-20,Hawkins,31,0,31,0,0,0,43,0,1282,18,1325,18,0,2,0,0,0,29,0,6,2
05-21-20,Haywood,30,0,29,0,1,0,33,0,700,5,733,5,0,1,0,2,0,27,0,6,2
05-21-20,Henderson,11,0,11,0,0,0,15,0,877,8,892,8,0,0,0,1,0,10,0,0,0
05-21-20,Henry,28,0,28,0,0,0,34,5,1189,19,1223,24,0,0,-1,12,1,16,0,5,0
05-21-20,Hickman,50,0,50,0,0,0,71,0,863,18,934,18,0,0,0,1,0,49,0,2,0
05-21-20,Houston,8,0,8,0,0,0,10,0,227,3,237,3,0,0,0,1,0,7,0,5,0
05-21-20,Humphreys,13,0,12,0,1,0,14,0,540,13,554,13,0,1,0,0,0,12,0,1,1
05-21-20,Jackson,16,0,16,0,0,0,19,0,579,7,598,7,0,0,-2,6,2,10,0,1,0
05-21-20,Jefferson,29,1,26,1,3,0,27,1,1582,39,1609,40,0,0,1,1,0,28,0,0,0
05-21-20,Johnson,16,0,16,0,0,0,15,0,1878,6,1893,6,0,0,-6,5,6,11,0,0,0
05-21-20,Knox,324,0,319,0,5,0,369,1,13537,296,13906,297,0,5,-1,35,1,284,0,36,5
05-21-20,Lake,403,1,402,1,1,0,403,1,1305,1,1708,2,0,0,-329,5,330,398,1,1,0
05-21-20,Lauderdale,53,0,52,0,1,0,69,0,3085,12,3154,12,0,1,-4,13,4,39,0,8,1
05-21-20,Lawrence,21,1,21,1,0,0,23,1,1295,31,1318,32,0,0,1,1,0,20,0,4,0
05-21-20,Lewis,4,1,4,1,0,0,4,1,253,13,257,14,0,0,1,1,0,3,0,0,0
05-21-20,Lincoln,25,4,25,4,0,0,24,2,1093,39,1117,41,0,0,4,8,0,17,0,2,0
05-21-20,Loudon,109,7,105,6,4,1,105,1,1583,25,1688,26,0,0,7,60,0,49,1,7,0
05-21-20,Macon,98,1,98,1,0,0,118,0,1242,12,1360,12,0,3,-1,22,2,73,0,12,3
05-21-20,Madison,159,0,159,0,0,0,181,2,4440,59,4621,61,0,2,-3,2,3,155,0,19,2
05-21-20,Marion,36,0,35,0,1,0,41,0,680,10,721,10,0,1,0,5,0,30,0,12,2
05-21-20,Marshall,29,2,29,2,0,0,30,1,898,19,928,20,0,1,2,5,0,23,0,5,1
05-21-20,Maury,75,1,75,1,0,0,84,1,2519,54,2603,55,0,0,0,15,1,60,0,8,1
05-21-20,McMinn,130,1,130,1,0,0,142,0,2281,32,2423,32,0,12,-1,7,2,111,0,17,13
05-21-20,McNairy,12,0,12,0,0,0,18,0,645,4,663,4,0,0,0,0,0,12,0,1,0
05-21-20,Meigs,21,0,21,0,0,0,28,1,405,5,433,6,0,0,0,1,0,20,0,3,0
05-21-20,Monroe,67,1,64,1,3,0,68,2,835,17,903,19,0,2,1,34,0,31,0,8,3
05-21-20,Montgomery,222,2,220,2,2,0,253,2,6364,77,6617,79,0,2,-5,27,7,193,1,26,4
05-21-20,Moore,3,0,3,0,0,0,4,0,340,7,344,7,0,0,0,0,0,3,0,0,0
05-21-20,Morgan,17,0,17,0,0,0,19,0,2953,17,2972,17,0,0,0,6,0,11,0,0,0
05-21-20,Obion,23,0,22,0,1,0,24,0,845,15,869,15,0,1,0,5,0,17,0,1,1
05-21-20,Out of State,229,1,229,1,0,0,249,1,44980,1433,45229,1434,0,4,-3,32,4,193,0,17,1
05-21-20,Overton,22,0,22,0,0,0,23,0,1180,32,1203,32,0,0,0,6,0,16,0,2,0
05-21-20,Pending,0,0,0,0,0,0,1,0,32163,367,32164,367,0,0,0,-1,0,1,0,0,0
05-21-20,Perry,13,0,13,0,0,0,16,0,137,6,153,6,0,0,0,0,0,13,0,0,0
05-21-20,Pickett,2,0,2,0,0,0,2,0,231,2,233,2,0,0,0,1,0,1,0,0,0
05-21-20,Polk,17,0,17,0,0,0,22,0,436,13,458,13,0,0,0,1,0,16,0,3,0
05-21-20,Putnam,338,11,338,11,0,0,416,13,4072,129,4488,142,0,5,7,154,4,179,0,8,5
05-21-20,Rhea,188,178,188,178,0,0,191,177,1039,85,1230,262,0,0,178,183,0,5,0,1,0
05-21-20,Roane,18,1,13,1,5,0,19,1,2812,58,2831,59,0,0,-2,3,3,15,0,2,0
05-21-20,Robertson,316,4,315,4,1,0,370,3,2783,91,3153,94,0,0,-6,53,10,263,0,32,4
05-21-20,Rutherford,952,3,946,3,6,0,1110,8,9610,95,10720,103,1,20,-17,154,19,778,0,81,25
05-21-20,Scott,12,0,11,0,1,0,11,0,587,11,598,11,0,0,0,-1,0,13,0,0,0
05-21-20,Sequatchie,13,0,13,0,0,0,12,0,760,13,772,13,0,0,-1,1,1,12,0,2,0
05-21-20,Sevier,77,2,73,2,4,0,85,3,3757,99,3842,102,0,2,1,6,1,69,1,8,2
05-21-20,Shelby,4059,34,4046,34,13,0,4806,39,47819,1098,52625,1137,1,91,-59,597,92,3371,7,493,115
05-21-20,Smith,29,0,28,0,1,0,33,0,784,9,817,9,0,1,0,3,0,25,0,2,1
05-21-20,Stewart,8,0,8,0,0,0,8,0,306,4,314,4,0,0,0,1,0,7,0,1,0
05-21-20,Sullivan,63,1,60,1,3,0,62,1,3358,32,3420,33,0,2,1,4,0,57,0,7,2
05-21-20,Sumner,813,12,804,12,9,0,1040,6,6491,39,7531,45,1,42,2,72,9,699,0,201,45
05-21-20,Tipton,415,2,413,2,2,0,427,2,3387,52,3814,54,0,2,-2,30,4,383,0,22,3
05-21-20,Trousdale,1390,4,1387,4,3,0,1402,1,1772,2,3174,3,0,4,2,24,2,1362,0,13,4
05-21-20,Unicoi,3,0,3,0,0,0,3,0,394,13,397,13,0,0,0,0,0,3,0,0,0
05-21-20,Union,4,0,4,0,0,0,4,0,425,0,429,0,0,0,0,1,0,3,0,0,0
05-21-20,Van Buren,4,0,4,0,0,0,4,0,303,3,307,3,0,0,0,2,0,2,0,1,0
05-21-20,Warren,17,0,17,0,0,0,18,0,1534,27,1552,27,0,0,0,3,0,14,0,0,0
05-21-20,Washington,67,0,67,0,0,0,88,1,2727,73,2815,74,0,0,-2,4,2,63,0,6,0
05-21-20,Wayne,62,0,62,0,0,0,63,0,2172,9,2235,9,0,0,0,58,0,4,0,2,0
05-21-20,Weakley,30,0,30,0,0,0,30,0,908,9,938,9,0,0,0,4,0,26,0,2,0
05-21-20,White,26,0,24,0,2,0,29,0,1206,35,1235,35,0,0,0,7,0,19,0,3,0
05-21-20,Williamson,482,3,482,3,0,0,535,3,8036,92,8571,95,0,10,0,37,3,435,0,43,11
05-21-20,Wilson,350,0,347,0,3,0,428,1,4685,30,5113,31,0,8,-2,35,2,307,0,29,8
05-20-20,Anderson,38,0,37,0,1,0,44,1,3918,63,3962,64,0,1,0,4,0,33,0,3,1
05-20-20,Bedford,261,3,261,3,0,0,283,1,2048,9,2331,10,0,4,-2,25,5,232,1,11,5
05-20-20,Benton,7,0,7,0,0,0,8,0,688,8,696,8,0,1,0,1,0,5,0,2,1
05-20-20,Bledsoe,610,1,610,1,0,0,618,2,3124,5,3742,7,0,1,1,4,0,605,1,5,1
05-20-20,Blount,81,1,77,1,4,0,94,1,2738,43,2832,44,0,3,0,4,1,74,0,5,3
05-20-20,Bradley,84,2,84,2,0,0,90,1,2037,13,2127,14,0,1,0,9,2,74,1,14,1
05-20-20,Campbell,18,0,17,0,1,0,24,0,1241,24,1265,24,0,1,0,0,0,17,0,2,1
05-20-20,Cannon,14,2,14,2,0,0,24,2,446,8,470,10,0,0,2,2,0,12,0,2,0
05-20-20,Carroll,28,0,23,0,5,0,24,0,1107,45,1131,45,0,1,-1,4,1,23,0,5,1
05-20-20,Carter,23,0,22,0,1,0,24,0,1159,7,1183,7,0,1,0,1,0,21,0,2,1
05-20-20,Cheatham,105,2,105,2,0,0,119,0,1536,58,1655,58,0,0,0,22,2,83,0,8,0
05-20-20,Chester,11,0,11,0,0,0,13,0,532,15,545,15,0,0,0,0,0,11,0,1,0
05-20-20,Claiborne,8,0,8,0,0,0,8,0,572,9,580,9,0,0,0,1,0,7,0,0,0
05-20-20,Clay,7,0,7,0,0,0,7,0,377,8,384,8,0,0,0,0,0,7,0,0,0
05-20-20,Cocke,22,0,20,0,2,0,27,0,847,11,874,11,0,0,-1,2,1,20,0,1,0
05-20-20,Coffee,66,2,65,2,1,0,67,0,1844,14,1911,14,0,0,0,16,2,50,0,5,0
05-20-20,Crockett,17,0,15,0,2,0,19,0,428,8,447,8,0,1,-1,5,1,11,0,1,1
05-20-20,Cumberland,96,1,95,1,1,0,127,2,3227,34,3354,36,0,1,1,10,0,85,0,9,1
05-20-20,Davidson,4286,61,4283,61,3,0,4905,84,45441,1024,50346,1108,2,48,-24,652,83,3586,2,350,58
05-20-20,Decatur,5,0,5,0,0,0,5,0,286,8,291,8,0,0,0,1,0,4,0,0,0
05-20-20,Dekalb,32,0,32,0,0,0,38,0,1124,37,1162,37,0,0,-3,3,3,29,0,0,0
05-20-20,Dickson,98,3,98,3,0,0,128,4,1805,45,1933,49,0,0,2,9,1,89,0,13,0
05-20-20,Dyer,47,0,46,0,1,0,56,1,1202,35,1258,36,0,0,-2,2,2,45,0,6,0
05-20-20,Fayette,103,4,102,4,1,0,137,5,2571,83,2708,88,0,2,2,20,2,81,2,15,2
05-20-20,Fentress,9,0,9,0,0,0,9,0,587,4,596,4,0,0,0,3,0,6,0,1,0
05-20-20,Franklin,46,1,46,1,0,0,56,2,1663,5,1719,7,0,1,1,6,0,39,1,5,1
05-20-20,Gibson,60,0,56,0,4,0,69,0,1950,35,2019,35,0,1,-3,-1,3,60,0,4,1
05-20-20,Giles,13,0,13,0,0,0,17,0,806,8,823,8,0,0,0,3,0,10,0,1,0
05-20-20,Grainger,7,0,6,0,1,0,8,0,504,10,512,10,0,0,0,0,0,7,0,2,0
05-20-20,Greene,46,0,45,0,1,0,51,0,1590,19,1641,19,0,2,-1,0,1,44,0,8,2
05-20-20,Grundy,28,0,28,0,0,0,35,0,424,0,459,0,0,1,0,2,0,25,0,10,1
05-20-20,Hamblen,31,0,25,0,6,0,31,0,2143,26,2174,26,0,2,0,6,0,23,0,5,2
05-20-20,Hamilton,420,21,418,21,2,0,443,22,9376,792,9819,814,0,13,10,148,11,259,1,56,15
05-20-20,Hancock,1,0,1,0,0,0,1,0,112,1,113,1,0,0,0,1,0,0,0,0,0
05-20-20,Hardeman,188,0,188,0,0,0,193,0,4820,32,5013,32,0,0,-47,18,47,170,0,3,0
05-20-20,Hardin,10,0,10,0,0,0,12,0,1363,19,1375,19,0,1,0,2,0,7,0,2,2
05-20-20,Hawkins,31,0,31,0,0,0,43,0,1264,8,1307,8,0,2,0,0,0,29,0,6,2
05-20-20,Haywood,30,0,29,0,1,0,33,0,695,19,728,19,0,1,0,2,0,27,0,6,1
05-20-20,Henderson,11,0,11,0,0,0,15,0,869,21,884,21,0,0,0,1,0,10,0,0,0
05-20-20,Henry,28,8,28,8,0,0,29,7,1170,45,1199,52,0,0,7,13,1,15,1,5,0
05-20-20,Hickman,50,0,50,0,0,0,71,0,845,6,916,6,0,0,0,1,0,49,0,2,0
05-20-20,Houston,8,0,8,0,0,0,10,0,224,2,234,2,0,0,0,1,0,7,0,5,0
05-20-20,Humphreys,13,0,12,0,1,0,14,0,527,14,541,14,0,1,0,0,0,12,0,1,1
05-20-20,Jackson,16,0,16,0,0,0,19,0,572,2,591,2,0,0,0,8,0,8,0,1,0
05-20-20,Jefferson,28,0,25,0,3,0,26,0,1543,19,1569,19,0,0,0,0,0,28,0,0,0
05-20-20,Johnson,16,0,16,0,0,0,15,0,1872,1,1887,1,0,0,0,11,0,5,0,0,0
05-20-20,Knox,324,7,319,7,5,0,368,7,13241,380,13609,387,0,5,4,36,3,283,0,36,5
05-20-20,Lake,402,0,401,0,1,0,402,0,1304,8,1706,8,0,0,-6,334,6,68,0,0,0
05-20-20,Lauderdale,53,1,52,1,1,0,69,3,3073,40,3142,43,0,1,-4,17,5,35,0,8,1
05-20-20,Lawrence,20,1,20,1,0,0,22,1,1264,11,1286,12,0,0,1,0,0,20,1,4,0
05-20-20,Lewis,3,0,3,0,0,0,3,0,240,1,243,1,0,0,0,0,0,3,0,0,0
05-20-20,Lincoln,21,4,21,4,0,0,22,0,1054,20,1076,20,0,0,4,4,0,17,0,2,0
05-20-20,Loudon,102,5,99,5,3,0,104,4,1558,38,1662,42,0,0,4,53,1,49,0,6,0
05-20-20,Macon,97,0,97,0,0,0,118,4,1230,8,1348,12,0,3,-3,23,3,71,0,12,3
05-20-20,Madison,159,0,159,0,0,0,179,0,4381,89,4560,89,0,2,-2,5,2,152,0,19,2
05-20-20,Marion,36,1,35,1,1,0,41,1,670,8,711,9,0,1,1,5,0,30,0,12,2
05-20-20,Marshall,27,1,27,1,0,0,29,1,879,1,908,2,0,1,0,3,1,23,0,5,1
05-20-20,Maury,74,2,74,2,0,0,83,1,2465,22,2548,23,0,0,1,15,1,59,0,8,1
05-20-20,McMinn,129,0,129,0,0,0,142,1,2249,19,2391,20,0,12,-1,8,1,109,0,17,12
05-20-20,McNairy,12,0,12,0,0,0,18,0,641,19,659,19,0,0,0,0,0,12,0,1,0
05-20-20,Meigs,21,0,21,0,0,0,27,0,400,2,427,2,0,0,0,1,0,20,0,3,0
05-20-20,Monroe,66,1,63,1,3,0,66,2,818,24,884,26,0,2,-2,33,3,31,0,8,3
05-20-20,Montgomery,220,2,218,2,2,0,251,1,6287,191,6538,192,0,2,-5,32,7,186,0,25,3
05-20-20,Moore,3,0,3,0,0,0,4,0,333,66,337,66,0,0,0,0,0,3,0,0,0
05-20-20,Morgan,17,1,17,1,0,0,19,1,2936,14,2955,15,0,0,0,6,1,11,0,0,0
05-20-20,Obion,23,0,22,0,1,0,24,0,830,10,854,10,0,1,0,5,0,17,0,1,1
05-20-20,Out of State,228,1,228,1,0,0,248,3,43547,1570,43795,1573,-1,4,0,35,2,189,0,17,1
05-20-20,Overton,22,0,22,0,0,0,23,1,1148,6,1171,7,0,0,-2,6,2,16,0,2,0
05-20-20,Pending,0,0,0,0,0,0,1,1,31796,332,31797,333,0,0,0,-1,0,1,0,0,0
05-20-20,Perry,13,0,13,0,0,0,16,0,131,0,147,0,0,0,0,0,0,13,0,0,0
05-20-20,Pickett,2,0,2,0,0,0,2,0,229,0,231,0,0,0,0,1,0,1,0,0,0
05-20-20,Polk,17,0,17,0,0,0,22,0,423,2,445,2,0,0,0,1,0,16,0,3,0
05-20-20,Putnam,327,13,327,13,0,0,403,14,3943,49,4346,63,0,5,6,147,7,175,0,8,5
05-20-20,Rhea,10,0,10,0,0,0,14,1,954,9,968,10,0,0,0,5,0,5,0,1,0
05-20-20,Roane,17,0,12,0,5,0,18,0,2754,50,2772,50,0,0,0,5,0,12,0,2,0
05-20-20,Robertson,312,15,311,15,1,0,367,19,2692,28,3059,47,0,0,7,59,8,253,2,32,2
05-20-20,Rutherford,949,15,943,15,6,0,1102,18,9515,94,10617,112,0,19,4,171,11,759,0,81,25
05-20-20,Scott,12,0,11,0,1,0,11,0,576,8,587,8,0,0,0,-1,0,13,0,0,0
05-20-20,Sequatchie,13,0,13,0,0,0,12,0,747,2,759,2,0,0,0,2,0,11,0,2,0
05-20-20,Sevier,75,0,71,0,4,0,82,3,3658,65,3740,68,0,2,0,5,0,68,0,7,2
05-20-20,Shelby,4025,58,4012,57,13,1,4767,76,46721,1561,51488,1637,3,90,-84,656,139,3279,4,486,114
05-20-20,Smith,29,0,28,0,1,0,33,0,775,16,808,16,0,1,0,3,0,25,0,2,1
05-20-20,Stewart,8,0,8,0,0,0,8,0,302,5,310,5,0,0,0,1,0,7,0,1,0
05-20-20,Sullivan,62,1,59,1,3,0,61,0,3326,25,3387,25,0,2,-1,3,2,57,0,7,2
05-20-20,Sumner,801,9,792,9,9,0,1034,8,6452,242,7486,250,0,41,1,70,8,690,0,201,45
05-20-20,Tipton,413,1,411,1,2,0,425,1,3335,94,3760,95,0,2,-174,32,175,379,0,22,3
05-20-20,Trousdale,1386,0,1383,0,3,0,1401,0,1770,11,3171,11,0,4,0,22,0,1360,0,13,4
05-20-20,Unicoi,3,0,3,0,0,0,3,0,381,2,384,2,0,0,-1,0,1,3,0,0,0
05-20-20,Union,4,0,4,0,0,0,4,0,425,7,429,7,0,0,0,1,0,3,0,0,0
05-20-20,Van Buren,4,0,4,0,0,0,4,0,300,0,304,0,0,0,0,2,0,2,0,1,0
05-20-20,Warren,17,0,17,0,0,0,18,0,1507,5,1525,5,0,0,0,3,0,14,0,0,0
05-20-20,Washington,67,0,67,0,0,0,87,0,2654,7,2741,7,0,0,-1,6,1,61,0,6,0
05-20-20,Wayne,62,0,62,0,0,0,63,0,2163,1,2226,1,0,0,0,58,0,4,0,2,0
05-20-20,Weakley,30,0,30,0,0,0,30,0,899,13,929,13,0,0,0,4,0,26,0,2,0
05-20-20,White,26,2,24,2,2,0,29,2,1171,6,1200,8,0,0,0,7,2,19,0,3,0
05-20-20,Williamson,479,5,479,5,0,0,532,5,7944,91,8476,96,0,10,0,37,5,432,0,43,11
05-20-20,Wilson,350,1,347,1,3,0,427,0,4655,122,5082,122,0,8,-2,37,3,305,0,29,8
05-19-20,Anderson,38,0,37,0,1,0,43,0,3855,44,3898,44,0,1,0,4,0,33,0,3,1
05-19-20,Bedford,258,4,258,4,0,0,282,3,2039,15,2321,18,0,4,0,27,4,227,0,10,5
05-19-20,Benton,7,0,7,0,0,0,8,0,680,7,688,7,0,1,0,1,0,5,0,2,1
05-19-20,Bledsoe,609,0,609,0,0,0,616,0,3119,5,3735,5,0,1,-1,3,1,605,0,4,1
05-19-20,Blount,80,0,76,0,4,0,93,0,2695,49,2788,49,0,3,-1,4,1,73,0,5,3
05-19-20,Bradley,82,1,82,1,0,0,89,1,2024,23,2113,24,0,1,-1,9,2,72,0,13,1
05-19-20,Campbell,18,0,17,0,1,0,24,0,1217,24,1241,24,0,1,0,0,0,17,0,2,1
05-19-20,Cannon,12,0,12,0,0,0,22,0,438,13,460,13,0,0,0,0,0,12,0,2,0
05-19-20,Carroll,28,0,23,0,5,0,24,0,1062,29,1086,29,0,1,0,5,0,22,0,5,1
05-19-20,Carter,23,0,22,0,1,0,24,0,1152,5,1176,5,0,1,-2,1,2,21,0,2,1
05-19-20,Cheatham,103,0,103,0,0,0,119,0,1478,21,1597,21,0,0,-1,22,1,81,0,8,0
05-19-20,Chester,11,0,11,0,0,0,13,0,517,7,530,7,0,0,0,0,0,11,0,1,0
05-19-20,Claiborne,8,0,8,0,0,0,8,0,563,9,571,9,0,0,-1,1,1,7,0,0,0
05-19-20,Clay,7,0,7,0,0,0,7,0,369,13,376,13,0,0,0,0,0,7,0,0,0
05-19-20,Cocke,22,0,20,0,2,0,27,0,836,9,863,9,0,0,0,3,0,19,0,1,0
05-19-20,Coffee,64,2,63,2,1,0,67,0,1830,9,1897,9,0,0,2,16,0,48,0,5,0
05-19-20,Crockett,17,0,15,0,2,0,19,0,420,5,439,5,0,1,-1,6,1,10,0,1,1
05-19-20,Cumberland,95,0,94,0,1,0,125,1,3193,51,3318,52,0,1,0,9,0,85,0,9,1
05-19-20,Davidson,4225,91,4222,91,3,0,4821,126,44417,974,49238,1100,2,46,-36,676,125,3503,6,348,58
05-19-20,Decatur,5,0,5,0,0,0,5,0,278,3,283,3,0,0,0,1,0,4,0,0,0
05-19-20,Dekalb,32,0,32,0,0,0,38,0,1087,21,1125,21,0,0,-1,6,1,26,0,0,0
05-19-20,Dickson,95,1,95,1,0,0,124,1,1760,12,1884,13,0,0,0,7,1,88,1,13,0
05-19-20,Dyer,47,1,46,1,1,0,55,1,1167,10,1222,11,0,0,0,4,1,43,0,6,0
05-19-20,Fayette,99,1,98,1,1,0,132,1,2488,53,2620,54,0,2,-1,18,2,79,0,13,2
05-19-20,Fentress,9,0,9,0,0,0,9,0,583,3,592,3,0,0,-1,3,1,6,0,1,0
05-19-20,Franklin,45,0,45,0,0,0,54,1,1658,8,1712,9,0,1,0,5,0,39,0,4,1
05-19-20,Gibson,60,0,56,0,4,0,69,1,1915,17,1984,18,0,1,0,2,0,57,0,4,1
05-19-20,Giles,13,0,13,0,0,0,17,0,798,9,815,9,0,0,0,3,0,10,0,1,0
05-19-20,Grainger,7,0,6,0,1,0,8,0,494,6,502,6,0,0,0,0,0,7,0,2,0
05-19-20,Greene,46,0,45,0,1,0,51,0,1571,3,1622,3,0,2,-1,1,1,43,0,8,2
05-19-20,Grundy,28,0,28,0,0,0,35,0,424,3,459,3,0,1,0,2,0,25,0,10,1
05-19-20,Hamblen,31,1,25,1,6,0,31,1,2117,32,2148,33,0,2,1,6,0,23,1,5,2
05-19-20,Hamilton,399,21,397,21,2,0,421,21,8584,58,9005,79,0,13,-1,138,22,248,0,55,15
05-19-20,Hancock,1,1,1,1,0,0,1,1,111,0,112,1,0,0,1,1,0,0,0,0,0
05-19-20,Hardeman,188,0,188,0,0,0,193,0,4788,6,4981,6,0,0,-95,65,95,123,0,3,0
05-19-20,Hardin,10,0,10,0,0,0,12,0,1344,7,1356,7,1,1,-1,2,0,7,0,2,1
05-19-20,Hawkins,31,0,31,0,0,0,43,0,1256,6,1299,6,0,2,0,0,0,29,0,6,2
05-19-20,Haywood,30,0,29,0,1,0,33,0,676,9,709,9,0,1,0,2,0,27,0,6,1
05-19-20,Henderson,11,0,11,0,0,0,15,0,848,35,863,35,0,0,0,1,0,10,0,0,0
05-19-20,Henry,20,1,20,1,0,0,22,0,1125,8,1147,8,0,0,1,6,0,14,1,4,0
05-19-20,Hickman,50,0,50,0,0,0,71,0,839,3,910,3,0,0,-4,1,4,49,0,2,0
05-19-20,Houston,8,0,8,0,0,0,10,0,222,0,232,0,0,0,0,1,0,7,0,5,0
05-19-20,Humphreys,13,0,12,0,1,0,14,0,513,13,527,13,0,1,0,0,0,12,0,1,1
05-19-20,Jackson,16,2,16,2,0,0,19,2,570,10,589,12,0,0,2,8,0,8,0,1,0
05-19-20,Jefferson,28,0,25,0,3,0,26,0,1524,16,1550,16,0,0,0,0,0,28,0,0,0
05-19-20,Johnson,16,0,16,0,0,0,15,0,1871,0,1886,0,0,0,0,11,0,5,0,0,0
05-19-20,Knox,317,7,312,7,5,0,361,7,12861,302,13222,309,0,5,4,32,3,280,2,36,5
05-19-20,Lake,402,0,401,0,1,0,402,0,1296,13,1698,13,0,0,-1,340,1,62,0,0,0
05-19-20,Lauderdale,52,4,51,4,1,0,66,2,3033,11,3099,13,0,1,0,21,4,30,1,8,1
05-19-20,Lawrence,19,0,19,0,0,0,21,0,1253,7,1274,7,0,0,-3,-1,3,20,0,3,0
05-19-20,Lewis,3,0,3,0,0,0,3,0,239,1,242,1,0,0,0,0,0,3,0,0,0
05-19-20,Lincoln,17,0,17,0,0,0,22,0,1034,2,1056,2,0,0,0,0,0,17,0,2,0
05-19-20,Loudon,97,7,94,6,3,1,100,3,1520,31,1620,34,0,0,6,49,1,48,0,6,0
05-19-20,Macon,97,2,97,2,0,0,114,2,1222,26,1336,28,0,3,0,26,2,68,0,12,3
05-19-20,Madison,159,0,159,0,0,0,179,0,4292,37,4471,37,0,2,-1,7,1,150,0,19,2
05-19-20,Marion,35,1,34,1,1,0,40,1,662,5,702,6,0,1,1,4,0,30,0,12,2
05-19-20,Marshall,26,1,26,1,0,0,28,0,878,6,906,6,0,1,1,3,0,22,0,5,1
05-19-20,Maury,72,0,72,0,0,0,82,0,2443,20,2525,20,0,0,-1,14,1,58,0,8,1
05-19-20,McMinn,129,0,129,0,0,0,141,0,2230,14,2371,14,0,12,-2,9,2,108,0,17,12
05-19-20,McNairy,12,0,12,0,0,0,18,0,622,5,640,5,0,0,0,0,0,12,0,1,0
05-19-20,Meigs,21,0,21,0,0,0,27,0,398,2,425,2,0,0,-4,1,4,20,0,3,0
05-19-20,Monroe,65,2,62,2,3,0,64,0,794,13,858,13,1,2,0,35,1,28,0,8,3
05-19-20,Montgomery,218,0,216,0,2,0,250,1,6096,55,6346,56,0,2,-4,37,4,179,0,25,3
05-19-20,Moore,3,0,3,0,0,0,4,0,267,1,271,1,0,0,0,0,0,3,0,0,0
05-19-20,Morgan,16,0,16,0,0,0,18,0,2922,4,2940,4,0,0,-4,6,4,10,0,0,0
05-19-20,Obion,23,1,22,1,1,0,24,1,820,7,844,8,0,1,0,5,1,17,0,1,1
05-19-20,Out of State,227,8,227,8,0,0,245,7,41977,872,42222,879,0,5,6,35,2,187,0,17,1
05-19-20,Overton,22,1,22,1,0,0,22,1,1142,60,1164,61,0,0,1,8,0,14,0,2,0
05-19-20,Pending,0,0,0,0,0,0,0,0,31464,348,31464,348,0,0,0,-1,0,1,0,0,0
05-19-20,Perry,13,0,13,0,0,0,16,1,131,0,147,1,0,0,0,0,0,13,0,0,0
05-19-20,Pickett,2,0,2,0,0,0,2,0,229,7,231,7,0,0,0,1,0,1,0,0,0
05-19-20,Polk,17,0,17,0,0,0,22,0,421,2,443,2,0,0,0,1,0,16,0,3,0
05-19-20,Putnam,314,28,314,28,0,0,389,30,3894,168,4283,198,0,5,20,141,8,168,0,8,5
05-19-20,Rhea,10,0,10,0,0,0,13,0,945,4,958,4,0,0,0,5,0,5,0,1,0
05-19-20,Roane,17,0,12,0,5,0,18,0,2704,19,2722,19,0,0,0,5,0,12,0,2,0
05-19-20,Robertson,297,6,296,6,1,0,348,7,2664,28,3012,35,0,0,-7,52,13,245,1,30,2
05-19-20,Rutherford,934,24,928,24,6,0,1084,30,9421,247,10505,277,0,19,1,167,23,748,1,81,24
05-19-20,Scott,12,0,11,0,1,0,11,0,568,9,579,9,0,0,0,-1,0,13,0,0,0
05-19-20,Sequatchie,13,0,13,0,0,0,12,0,745,0,757,0,0,0,-1,2,1,11,0,2,0
05-19-20,Sevier,75,0,71,0,4,0,79,0,3593,177,3672,177,0,2,-2,5,2,68,0,7,2
05-19-20,Shelby,3967,87,3955,87,12,0,4691,99,45160,1406,49851,1505,0,87,21,740,66,3140,10,482,112
05-19-20,Smith,29,1,28,1,1,0,33,2,759,4,792,6,0,1,1,3,0,25,0,2,1
05-19-20,Stewart,8,0,8,0,0,0,8,0,297,4,305,4,0,0,0,1,0,7,0,1,0
05-19-20,Sullivan,61,0,58,0,3,0,61,0,3301,14,3362,14,0,2,0,4,0,55,0,7,2
05-19-20,Sumner,792,18,783,18,9,0,1026,20,6210,140,7236,160,0,41,10,69,8,682,0,201,45
05-19-20,Tipton,412,1,410,1,2,0,424,1,3241,87,3665,88,0,2,1,206,0,204,0,22,3
05-19-20,Trousdale,1386,0,1383,0,3,0,1401,0,1759,21,3160,21,0,4,0,22,0,1360,0,13,4
05-19-20,Unicoi,3,0,3,0,0,0,3,0,379,2,382,2,0,0,0,1,0,2,0,0,0
05-19-20,Union,4,0,4,0,0,0,4,0,418,4,422,4,0,0,0,1,0,3,0,0,0
05-19-20,Van Buren,4,0,4,0,0,0,4,0,300,2,304,2,0,0,0,2,0,2,0,1,0
05-19-20,Warren,17,0,17,0,0,0,18,0,1502,12,1520,12,0,0,-1,3,1,14,0,0,0
05-19-20,Washington,67,0,67,0,0,0,87,0,2647,9,2734,9,0,0,0,7,0,60,0,6,0
05-19-20,Wayne,62,0,62,0,0,0,63,0,2162,2,2225,2,0,0,0,58,0,4,0,2,0
05-19-20,Weakley,30,0,30,0,0,0,30,0,886,18,916,18,0,0,0,4,0,26,0,2,0
05-19-20,White,24,2,22,2,2,0,27,5,1165,26,1192,31,0,0,1,7,1,17,1,3,0
05-19-20,Williamson,474,0,474,0,0,0,527,0,7853,126,8380,126,0,10,-3,37,3,427,0,43,10
05-19-20,Wilson,349,7,346,7,3,0,427,9,4533,143,4960,152,0,8,4,39,3,302,0,29,8
05-18-20,Anderson,38,1,37,1,1,0,43,1,3811,95,3854,96,0,1,-2,4,3,33,0,3,1
05-18-20,Bedford,254,0,254,0,0,0,279,0,2024,9,2303,9,0,4,-3,27,3,223,0,10,5
05-18-20,Benton,7,1,7,1,0,0,8,1,673,4,681,5,0,1,1,1,0,5,0,2,1
05-18-20,Bledsoe,609,1,609,1,0,0,616,2,3114,7,3730,9,0,1,1,4,0,604,0,4,1
05-18-20,Blount,80,1,76,1,4,0,93,1,2646,144,2739,145,0,3,1,5,0,72,0,5,3
05-18-20,Bradley,81,2,81,2,0,0,88,2,2001,12,2089,14,0,1,-5,10,7,70,0,13,1
05-18-20,Campbell,18,0,17,0,1,0,24,0,1193,19,1217,19,0,1,0,0,0,17,0,2,1
05-18-20,Cannon,12,0,12,0,0,0,22,0,425,6,447,6,0,0,0,0,0,12,0,2,0
05-18-20,Carroll,28,1,23,1,5,0,24,1,1033,34,1057,35,0,1,1,5,0,22,0,5,1
05-18-20,Carter,23,0,22,0,1,0,24,0,1147,10,1171,10,0,1,0,3,0,19,0,2,1
05-18-20,Cheatham,103,1,103,1,0,0,119,2,1457,44,1576,46,0,0,-5,23,6,80,0,8,0
05-18-20,Chester,11,0,11,0,0,0,13,0,510,14,523,14,0,0,0,0,0,11,0,1,0
05-18-20,Claiborne,8,0,8,0,0,0,8,0,554,17,562,17,0,0,0,2,0,6,0,0,0
05-18-20,Clay,7,0,7,0,0,0,7,0,356,10,363,10,0,0,-1,0,1,7,0,0,0
05-18-20,Cocke,22,0,20,0,2,0,27,0,827,35,854,35,0,0,0,3,0,19,0,1,0
05-18-20,Coffee,62,2,61,2,1,0,67,3,1821,7,1888,10,0,0,2,14,0,48,0,5,0
05-18-20,Crockett,17,0,15,0,2,0,19,0,415,14,434,14,0,1,0,7,0,9,0,1,1
05-18-20,Cumberland,95,3,94,3,1,0,124,3,3142,122,3266,125,0,1,3,9,0,85,0,9,1
05-18-20,Davidson,4134,98,4131,98,3,0,4695,116,43443,882,48138,998,0,44,3,712,95,3378,3,342,56
05-18-20,Decatur,5,0,5,0,0,0,5,0,275,9,280,9,0,0,0,1,0,4,0,0,0
05-18-20,Dekalb,32,0,32,0,0,0,38,0,1066,11,1104,11,0,0,0,7,0,25,0,0,0
05-18-20,Dickson,94,1,94,1,0,0,123,1,1748,54,1871,55,0,0,-1,7,2,87,0,12,0
05-18-20,Dyer,46,0,45,0,1,0,54,1,1157,35,1211,36,0,0,0,4,0,42,0,6,0
05-18-20,Fayette,98,0,97,0,1,0,131,1,2435,90,2566,91,0,2,-3,19,3,77,0,13,2
05-18-20,Fentress,9,3,9,3,0,0,9,3,580,15,589,18,0,0,3,4,0,5,0,1,0
05-18-20,Franklin,45,0,45,0,0,0,53,0,1650,3,1703,3,0,1,-2,5,2,39,0,4,1
05-18-20,Gibson,60,0,56,0,4,0,68,0,1898,39,1966,39,0,1,-1,2,1,57,0,4,1
05-18-20,Giles,13,0,13,0,0,0,17,0,789,3,806,3,0,0,0,3,0,10,0,1,0
05-18-20,Grainger,7,0,6,0,1,0,8,0,488,14,496,14,0,0,0,0,0,7,0,2,0
05-18-20,Greene,46,0,45,0,1,0,51,0,1568,9,1619,9,0,2,0,2,0,42,0,8,2
05-18-20,Grundy,28,1,28,1,0,0,35,1,421,10,456,11,0,1,0,2,1,25,0,10,1
05-18-20,Hamblen,30,0,24,0,6,0,30,1,2085,77,2115,78,0,2,0,5,0,23,0,4,2
05-18-20,Hamilton,378,19,376,19,2,0,400,24,8526,92,8926,116,0,13,3,139,16,226,1,55,15
05-18-20,Hancock,0,0,0,0,0,0,0,0,111,1,111,1,0,0,0,0,0,0,0,0,0
05-18-20,Hardeman,188,0,188,0,0,0,193,0,4782,41,4975,41,0,0,0,160,0,28,0,3,0
05-18-20,Hardin,10,0,10,0,0,0,12,0,1337,23,1349,23,0,0,0,3,0,7,0,2,1
05-18-20,Hawkins,31,0,31,0,0,0,43,0,1250,31,1293,31,0,2,0,0,0,29,0,6,2
05-18-20,Haywood,30,0,29,0,1,0,33,0,667,26,700,26,0,1,0,2,0,27,0,6,1
05-18-20,Henderson,11,0,11,0,0,0,15,0,813,24,828,24,0,0,0,1,0,10,0,0,0
05-18-20,Henry,19,1,19,1,0,0,22,1,1117,66,1139,67,0,0,0,5,1,14,0,3,0
05-18-20,Hickman,50,0,50,0,0,0,71,0,836,9,907,9,0,0,-1,5,1,45,0,2,0
05-18-20,Houston,8,1,8,1,0,0,10,1,222,2,232,3,0,0,1,1,0,7,0,5,0
05-18-20,Humphreys,13,0,12,0,1,0,14,0,500,13,514,13,0,1,0,0,0,12,0,1,1
05-18-20,Jackson,14,2,14,2,0,0,17,2,560,10,577,12,0,0,2,6,0,8,0,1,0
05-18-20,Jefferson,28,0,25,0,3,0,26,0,1508,55,1534,55,0,0,0,0,0,28,0,0,0
05-18-20,Johnson,16,0,16,0,0,0,15,0,1871,7,1886,7,0,0,0,11,0,5,0,0,0
05-18-20,Knox,310,3,305,3,5,0,354,4,12559,569,12913,573,0,5,0,28,3,277,0,34,5
05-18-20,Lake,402,0,401,0,1,0,402,0,1283,8,1685,8,0,0,-1,341,1,61,0,0,0
05-18-20,Lauderdale,48,2,47,2,1,0,64,4,3022,47,3086,51,1,1,1,21,0,26,0,7,1
05-18-20,Lawrence,19,0,19,0,0,0,21,0,1246,5,1267,5,0,0,0,2,0,17,0,3,0
05-18-20,Lewis,3,0,3,0,0,0,3,0,238,6,241,6,0,0,0,0,0,3,0,0,0
05-18-20,Lincoln,17,0,17,0,0,0,22,0,1032,6,1054,6,0,0,0,0,0,17,0,2,0
05-18-20,Loudon,90,2,88,2,2,0,97,4,1489,51,1586,55,0,0,1,43,1,47,0,6,0
05-18-20,Macon,95,6,95,6,0,0,112,7,1196,40,1308,47,0,3,3,26,3,66,0,12,3
05-18-20,Madison,159,0,159,0,0,0,179,0,4255,119,4434,119,0,2,0,8,0,149,0,19,2
05-18-20,Marion,34,0,33,0,1,0,39,0,657,7,696,7,0,1,0,3,0,30,0,12,2
05-18-20,Marshall,25,0,25,0,0,0,28,0,872,3,900,3,0,1,0,2,0,22,0,5,1
05-18-20,Maury,72,4,72,4,0,0,82,4,2423,23,2505,27,0,0,2,15,2,57,1,8,1
05-18-20,McMinn,129,1,129,1,0,0,141,2,2216,38,2357,40,0,12,-2,11,3,106,0,17,12
05-18-20,McNairy,12,0,12,0,0,0,18,1,617,15,635,16,0,0,0,0,0,12,0,1,0
05-18-20,Meigs,21,0,21,0,0,0,27,1,396,8,423,9,0,0,-1,5,1,16,0,3,0
05-18-20,Monroe,63,4,60,4,3,0,64,4,781,29,845,33,0,1,2,35,2,27,0,8,3
05-18-20,Montgomery,218,4,216,4,2,0,249,7,6041,218,6290,225,0,2,-7,41,11,175,1,25,3
05-18-20,Moore,3,0,3,0,0,0,4,0,266,0,270,0,0,0,0,0,0,3,0,0,0
05-18-20,Morgan,16,5,16,5,0,0,18,5,2918,75,2936,80,0,0,5,10,0,6,0,0,0
05-18-20,Obion,22,0,21,0,1,0,23,0,813,44,836,44,0,1,0,5,0,16,0,1,1
05-18-20,Out of State,219,2,219,2,0,0,238,3,41105,1024,41343,1027,0,5,-2,29,4,185,0,17,1
05-18-20,Overton,21,3,21,3,0,0,21,3,1082,28,1103,31,0,0,2,7,1,14,0,2,0
05-18-20,Pending,0,0,0,0,0,0,0,0,31116,497,31116,497,0,0,0,-1,0,1,0,0,0
05-18-20,Perry,13,0,13,0,0,0,15,0,131,1,146,1,0,0,0,0,0,13,0,0,0
05-18-20,Pickett,2,0,2,0,0,0,2,0,222,6,224,6,0,0,-1,1,1,1,0,0,0
05-18-20,Polk,17,1,17,1,0,0,22,2,419,1,441,3,0,0,1,1,0,16,0,3,0
05-18-20,Putnam,286,42,286,42,0,0,359,44,3726,212,4085,256,0,5,26,121,16,160,2,8,5
05-18-20,Rhea,10,3,10,3,0,0,13,3,941,9,954,12,0,0,3,5,0,5,1,1,0
05-18-20,Roane,17,1,12,0,5,1,18,0,2685,93,2703,93,0,0,1,5,0,12,0,2,0
05-18-20,Robertson,291,12,290,12,1,0,341,13,2636,100,2977,113,0,0,-1,59,13,232,0,29,2
05-18-20,Rutherford,910,20,904,20,6,0,1054,26,9174,239,10228,265,0,19,-4,166,24,725,2,80,24
05-18-20,Scott,12,0,11,0,1,0,11,0,559,18,570,18,0,0,0,-1,0,13,0,0,0
05-18-20,Sequatchie,13,0,13,0,0,0,12,0,745,4,757,4,0,0,-2,3,2,10,0,2,0
05-18-20,Sevier,75,0,71,0,4,0,79,1,3416,291,3495,292,0,2,-1,7,1,66,0,7,2
05-18-20,Shelby,3880,53,3868,52,12,1,4592,72,43754,1340,48346,1412,2,87,-34,719,85,3074,8,472,112
05-18-20,Smith,28,3,27,3,1,0,31,2,755,35,786,37,0,1,3,2,0,25,1,2,1
05-18-20,Stewart,8,1,8,1,0,0,8,1,293,5,301,6,0,0,1,1,0,7,0,1,0
05-18-20,Sullivan,61,0,58,0,3,0,61,0,3287,137,3348,137,0,2,-2,4,2,55,0,7,2
05-18-20,Sumner,774,5,765,5,9,0,1006,6,6070,405,7076,411,0,41,-8,59,13,674,0,201,45
05-18-20,Tipton,411,2,409,2,2,0,423,2,3154,114,3577,116,0,2,1,205,1,204,1,22,3
05-18-20,Trousdale,1386,0,1383,0,3,0,1401,0,1738,14,3139,14,0,4,-1,22,1,1360,0,13,4
05-18-20,Unicoi,3,0,3,0,0,0,3,0,377,5,380,5,0,0,0,1,0,2,0,0,0
05-18-20,Union,4,0,4,0,0,0,4,0,414,18,418,18,0,0,0,1,0,3,0,0,0
05-18-20,Van Buren,4,0,4,0,0,0,4,0,298,7,302,7,0,0,0,2,0,2,0,1,0
05-18-20,Warren,17,0,17,0,0,0,18,0,1490,32,1508,32,0,0,-1,4,1,13,0,0,0
05-18-20,Washington,67,2,67,2,0,0,87,2,2638,33,2725,35,0,0,0,7,2,60,1,6,0
05-18-20,Wayne,62,0,62,0,0,0,63,0,2160,4,2223,4,0,0,0,58,0,4,0,2,0
05-18-20,Weakley,30,0,30,0,0,0,30,0,868,22,898,22,0,0,0,4,0,26,0,2,0
05-18-20,White,22,1,20,1,2,0,22,1,1139,18,1161,19,0,0,1,6,0,16,0,2,0
05-18-20,Williamson,474,12,474,12,0,0,527,12,7727,188,8254,200,0,10,10,40,2,424,0,43,10
05-18-20,Wilson,342,10,339,10,3,0,418,16,4390,224,4808,240,0,8,8,35,2,299,0,29,8
05-17-20,Anderson,37,0,36,0,1,0,42,0,3716,64,3758,64,0,1,0,6,0,30,0,3,1
05-17-20,Bedford,254,1,254,1,0,0,279,5,2015,92,2294,97,0,4,-6,30,7,220,0,10,5
05-17-20,Benton,6,0,6,0,0,0,7,0,669,23,676,23,0,1,0,0,0,5,0,2,1
05-17-20,Bledsoe,608,1,608,1,0,0,614,1,3107,26,3721,27,0,1,1,3,0,604,0,4,1
05-17-20,Blount,79,0,75,0,4,0,92,0,2502,25,2594,25,0,3,-1,4,1,72,0,5,3
05-17-20,Bradley,79,2,79,2,0,0,86,1,1989,107,2075,108,0,1,-1,15,3,63,1,13,1
05-17-20,Campbell,18,0,17,0,1,0,24,0,1174,52,1198,52,0,1,0,0,0,17,0,2,1
05-17-20,Cannon,12,0,12,0,0,0,22,0,419,15,441,15,0,0,0,0,0,12,0,2,0
05-17-20,Carroll,27,0,22,0,5,0,23,0,999,108,1022,108,0,1,0,4,0,22,0,5,1
05-17-20,Carter,23,0,22,0,1,0,24,0,1137,58,1161,58,0,1,0,3,0,19,0,2,1
05-17-20,Cheatham,102,5,102,5,0,0,117,6,1413,53,1530,59,0,0,-1,28,6,74,0,8,0
05-17-20,Chester,11,0,11,0,0,0,13,0,496,16,509,16,0,0,-2,0,2,11,0,1,0
05-17-20,Claiborne,8,1,8,1,0,0,8,1,537,10,545,11,0,0,1,2,0,6,0,0,0
05-17-20,Clay,7,0,7,0,0,0,7,0,346,16,353,16,0,0,0,1,0,6,0,0,0
05-17-20,Cocke,22,0,20,0,2,0,27,0,792,23,819,23,0,0,0,3,0,19,0,1,0
05-17-20,Coffee,60,0,59,0,1,0,64,0,1814,68,1878,68,0,0,-1,12,1,48,0,5,0
05-17-20,Crockett,17,0,15,0,2,0,19,0,401,14,420,14,0,1,-2,7,2,9,0,1,1
05-17-20,Cumberland,92,2,91,2,1,0,121,4,3020,135,3141,139,0,1,2,6,0,85,0,9,1
05-17-20,Davidson,4036,159,4033,159,3,0,4579,192,42561,2256,47140,2448,3,44,111,709,45,3283,6,339,54
05-17-20,Decatur,5,0,5,0,0,0,5,0,266,12,271,12,0,0,0,1,0,4,0,0,0
05-17-20,Dekalb,32,2,32,2,0,0,38,4,1055,38,1093,42,0,0,2,7,0,25,0,0,0
05-17-20,Dickson,93,1,93,1,0,0,122,2,1694,96,1816,98,0,0,1,8,0,85,0,12,0
05-17-20,Dyer,46,0,45,0,1,0,53,0,1122,37,1175,37,0,0,0,4,0,42,0,6,0
05-17-20,Fayette,98,4,97,4,1,0,130,5,2345,102,2475,107,0,2,1,22,3,74,0,13,2
05-17-20,Fentress,6,0,6,0,0,0,6,0,565,32,571,32,0,0,0,1,0,5,0,1,0
05-17-20,Franklin,45,0,45,0,0,0,53,0,1647,58,1700,58,0,1,-1,7,1,37,0,4,1
05-17-20,Gibson,60,0,56,0,4,0,68,0,1859,132,1927,132,0,1,0,3,0,56,0,4,1
05-17-20,Giles,13,2,13,2,0,0,17,6,786,39,803,45,0,0,2,3,0,10,0,1,0
05-17-20,Grainger,7,0,6,0,1,0,8,0,474,3,482,3,0,0,0,0,0,7,0,2,0
05-17-20,Greene,46,0,45,0,1,0,51,0,1559,59,1610,59,0,2,0,2,0,42,0,8,2
05-17-20,Grundy,27,0,27,0,0,0,34,1,411,8,445,9,0,1,0,2,0,24,0,10,1
05-17-20,Hamblen,30,0,24,0,6,0,29,0,2008,64,2037,64,0,2,-1,5,1,23,0,4,2
05-17-20,Hamilton,359,9,357,9,2,0,376,7,8434,273,8810,280,0,13,2,136,7,210,0,54,15
05-17-20,Hancock,0,0,0,0,0,0,0,0,110,5,110,5,0,0,0,0,0,0,0,0,0
05-17-20,Hardeman,188,1,188,1,0,0,193,1,4741,50,4934,51,0,0,0,160,1,28,0,3,0
05-17-20,Hardin,10,1,10,1,0,0,12,1,1314,56,1326,57,0,0,1,3,0,7,0,2,1
05-17-20,Hawkins,31,0,31,0,0,0,43,0,1219,40,1262,40,0,2,0,0,0,29,0,6,2
05-17-20,Haywood,30,0,29,0,1,0,33,0,641,25,674,25,0,1,0,2,0,27,0,6,1
05-17-20,Henderson,11,0,11,0,0,0,15,0,789,21,804,21,0,0,0,1,0,10,0,0,0
05-17-20,Henry,18,1,18,1,0,0,21,1,1051,68,1072,69,0,0,1,5,0,13,0,3,0
05-17-20,Hickman,50,0,50,0,0,0,71,0,827,36,898,36,0,0,0,6,0,44,0,2,0
05-17-20,Houston,7,0,7,0,0,0,9,0,220,7,229,7,0,0,0,0,0,7,0,5,0
05-17-20,Humphreys,13,0,12,0,1,0,14,1,487,15,501,16,0,1,0,0,0,12,0,1,1
05-17-20,Jackson,12,0,12,0,0,0,15,0,550,11,565,11,0,0,0,4,0,8,0,1,0
05-17-20,Jefferson,28,0,25,0,3,0,26,0,1453,50,1479,50,0,0,-1,0,1,28,0,0,0
05-17-20,Johnson,16,0,16,0,0,0,15,0,1864,25,1879,25,0,0,0,11,0,5,0,0,0
05-17-20,Knox,307,3,302,3,5,0,350,5,11990,187,12340,192,0,5,1,28,2,274,1,34,5
05-17-20,Lake,402,3,401,3,1,0,402,3,1275,17,1677,20,0,0,2,342,1,60,0,0,0
05-17-20,Lauderdale,46,0,45,0,1,0,60,0,2975,59,3035,59,0,0,-1,20,1,26,0,7,1
05-17-20,Lawrence,19,0,19,0,0,0,21,0,1241,44,1262,44,0,0,0,2,0,17,0,3,0
05-17-20,Lewis,3,0,3,0,0,0,3,0,232,12,235,12,0,0,0,0,0,3,0,0,0
05-17-20,Lincoln,17,0,17,0,0,0,22,1,1026,42,1048,43,0,0,0,0,0,17,0,2,0
05-17-20,Loudon,88,38,86,38,2,0,93,38,1438,206,1531,244,0,0,38,42,0,46,0,6,0
05-17-20,Macon,89,4,89,4,0,0,105,5,1156,47,1261,52,0,3,4,23,0,63,0,12,3
05-17-20,Madison,159,1,159,1,0,0,179,2,4136,166,4315,168,0,2,1,8,0,149,0,19,2
05-17-20,Marion,34,2,33,2,1,0,39,2,650,21,689,23,0,1,2,3,0,30,1,12,2
05-17-20,Marshall,25,0,25,0,0,0,28,0,869,28,897,28,0,1,0,2,0,22,0,5,1
05-17-20,Maury,68,4,68,4,0,0,78,6,2400,93,2478,99,0,0,2,13,2,55,0,7,1
05-17-20,McMinn,128,0,128,0,0,0,139,0,2178,77,2317,77,0,12,-3,13,3,103,0,17,12
05-17-20,McNairy,12,0,12,0,0,0,17,0,602,16,619,16,0,0,-1,0,1,12,0,1,0
05-17-20,Meigs,21,0,21,0,0,0,26,0,388,12,414,12,0,0,-1,6,1,15,0,3,0
05-17-20,Monroe,59,17,56,17,3,0,60,17,752,43,812,60,0,1,16,33,1,25,0,8,3
05-17-20,Montgomery,214,6,212,6,2,0,242,8,5823,327,6065,335,0,2,2,48,4,164,1,24,3
05-17-20,Moore,3,0,3,0,0,0,4,0,266,12,270,12,0,0,0,0,0,3,0,0,0
05-17-20,Morgan,11,0,11,0,0,0,13,0,2843,17,2856,17,0,0,0,5,0,6,0,0,0
05-17-20,Obion,22,1,21,1,1,0,23,1,769,51,792,52,0,1,1,5,0,16,0,1,1
05-17-20,Out of State,217,6,217,6,0,0,235,4,40081,1781,40316,1785,0,5,6,31,0,181,0,17,1
05-17-20,Overton,18,2,18,2,0,0,18,2,1054,67,1072,69,0,0,2,5,0,13,0,2,0
05-17-20,Pending,0,0,0,0,0,0,0,0,30619,780,30619,780,0,0,0,-1,0,1,0,0,0
05-17-20,Perry,13,0,13,0,0,0,15,0,130,3,145,3,0,0,0,0,0,13,0,0,0
05-17-20,Pickett,2,1,2,1,0,0,2,1,216,0,218,1,0,0,1,2,0,0,0,0,0
05-17-20,Polk,16,1,16,1,0,0,20,1,418,21,438,22,0,0,1,0,0,16,0,3,0
05-17-20,Putnam,244,3,244,3,0,0,315,3,3514,29,3829,32,0,5,1,95,2,144,0,6,5
05-17-20,Rhea,7,2,7,2,0,0,10,2,932,47,942,49,0,0,2,2,0,5,0,0,0
05-17-20,Roane,16,1,12,1,4,0,18,1,2592,17,2610,18,0,0,0,4,1,12,0,2,0
05-17-20,Robertson,279,9,278,9,1,0,328,13,2536,86,2864,99,0,0,2,60,7,219,1,29,2
05-17-20,Rutherford,890,28,884,28,6,0,1028,39,8935,344,9963,383,0,19,17,170,11,701,1,78,24
05-17-20,Scott,12,0,11,0,1,0,11,0,541,32,552,32,0,0,0,-1,0,13,0,0,0
05-17-20,Sequatchie,13,0,13,0,0,0,12,0,741,22,753,22,0,0,0,5,0,8,0,2,0
05-17-20,Sevier,75,0,71,0,4,0,78,0,3125,100,3203,100,0,2,0,8,0,65,0,7,2
05-17-20,Shelby,3827,122,3816,122,11,0,4520,156,42414,2316,46934,2472,0,85,89,753,33,2989,7,464,110
05-17-20,Smith,25,0,24,0,1,0,29,0,720,27,749,27,0,1,0,-1,0,25,0,1,1
05-17-20,Stewart,7,0,7,0,0,0,7,0,288,14,295,14,0,0,0,0,0,7,0,1,0
05-17-20,Sullivan,61,1,58,1,3,0,61,0,3150,222,3211,222,0,2,1,6,0,53,1,7,2
05-17-20,Sumner,769,8,760,8,9,0,1000,14,5665,324,6665,338,0,41,2,67,6,661,1,201,45
05-17-20,Tipton,409,1,407,1,2,0,421,1,3040,174,3461,175,0,2,-1,204,2,203,0,21,3
05-17-20,Trousdale,1386,2,1383,2,3,0,1401,2,1724,12,3125,14,0,4,2,23,0,1359,0,13,4
05-17-20,Unicoi,3,0,3,0,0,0,3,0,372,12,375,12,0,0,0,1,0,2,0,0,0
05-17-20,Union,4,0,4,0,0,0,4,0,396,18,400,18,0,0,0,1,0,3,0,0,0
05-17-20,Van Buren,4,1,4,1,0,0,4,1,291,3,295,4,0,0,1,2,0,2,0,1,0
05-17-20,Warren,17,1,17,1,0,0,18,1,1458,54,1476,55,0,0,0,5,1,12,0,0,0
05-17-20,Washington,65,0,65,0,0,0,85,0,2605,93,2690,93,0,0,0,7,0,58,0,5,0
05-17-20,Wayne,62,0,62,0,0,0,63,0,2156,17,2219,17,0,0,0,58,0,4,0,2,0
05-17-20,Weakley,30,2,30,2,0,0,30,3,846,38,876,41,0,0,2,4,0,26,0,2,0
05-17-20,White,21,1,19,1,2,0,21,1,1121,19,1142,20,0,0,1,5,0,16,0,2,0
05-17-20,Williamson,462,3,462,3,0,0,515,5,7539,339,8054,344,0,10,3,30,0,422,0,43,10
05-17-20,Wilson,332,6,329,6,3,0,402,8,4166,353,4568,361,0,8,2,27,4,297,0,29,8
05-16-20,Anderson,37,0,36,0,1,0,42,2,3652,230,3694,232,0,1,-1,6,1,30,0,3,1
05-16-20,Bedford,253,0,253,0,0,0,274,2,1923,52,2197,54,0,4,-4,36,4,213,0,10,5
05-16-20,Benton,6,0,6,0,0,0,7,0,646,7,653,7,0,1,0,0,0,5,0,2,1
05-16-20,Bledsoe,607,1,607,1,0,0,613,1,3081,11,3694,12,0,1,1,2,0,604,0,4,1
05-16-20,Blount,79,0,75,0,4,0,92,0,2477,81,2569,81,0,3,-2,5,2,71,0,5,3
05-16-20,Bradley,77,0,77,0,0,0,85,0,1882,77,1967,77,0,1,-2,16,2,60,0,12,1
05-16-20,Campbell,18,0,17,0,1,0,24,0,1122,23,1146,23,0,1,0,0,0,17,0,2,1
05-16-20,Cannon,12,0,12,0,0,0,22,0,404,18,426,18,0,0,0,0,0,12,0,2,0
05-16-20,Carroll,27,0,22,0,5,0,23,0,891,29,914,29,0,1,0,4,0,22,0,5,1
05-16-20,Carter,23,0,22,0,1,0,24,2,1079,16,1103,18,0,1,-1,3,1,19,0,2,1
05-16-20,Cheatham,97,0,97,0,0,0,111,4,1360,44,1471,48,0,0,-1,29,1,68,0,8,0
05-16-20,Chester,11,0,11,0,0,0,13,0,480,92,493,92,0,0,0,2,0,9,0,1,0
05-16-20,Claiborne,7,0,7,0,0,0,7,0,527,15,534,15,0,0,0,1,0,6,0,0,0
05-16-20,Clay,7,0,7,0,0,0,7,0,330,9,337,9,0,0,0,1,0,6,0,0,0
05-16-20,Cocke,22,0,20,0,2,0,27,1,769,15,796,16,0,0,0,3,0,19,0,1,0
05-16-20,Coffee,60,0,59,0,1,0,64,4,1746,50,1810,54,0,0,-1,13,1,47,0,5,0
05-16-20,Crockett,17,0,15,0,2,0,19,0,387,3,406,3,0,1,0,9,0,7,0,1,1
05-16-20,Cumberland,90,1,89,1,1,0,117,1,2885,46,3002,47,0,1,-1,4,2,85,0,9,1
05-16-20,Davidson,3877,77,3874,77,3,0,4387,93,40305,791,44692,884,0,41,22,598,55,3238,3,333,53
05-16-20,Decatur,5,0,5,0,0,0,5,0,254,16,259,16,0,0,0,1,0,4,0,0,0
05-16-20,Dekalb,30,1,30,1,0,0,34,1,1017,51,1051,52,0,0,1,5,0,25,0,0,0
05-16-20,Dickson,92,1,92,1,0,0,120,7,1598,32,1718,39,0,0,1,7,0,85,0,12,0
05-16-20,Dyer,46,0,45,0,1,0,53,1,1085,19,1138,20,0,0,-1,4,1,42,0,6,0
05-16-20,Fayette,94,4,93,4,1,0,125,5,2243,385,2368,390,0,2,4,21,0,71,0,13,2
05-16-20,Fentress,6,0,6,0,0,0,6,0,533,8,539,8,0,0,0,1,0,5,0,1,0
05-16-20,Franklin,45,0,45,0,0,0,53,0,1589,38,1642,38,0,1,0,8,0,36,0,4,1
05-16-20,Gibson,60,0,56,0,4,0,68,2,1727,37,1795,39,0,1,-1,3,1,56,0,4,1
05-16-20,Giles,11,1,11,1,0,0,11,0,747,11,758,11,0,0,1,1,0,10,0,1,0
05-16-20,Grainger,7,0,6,0,1,0,8,0,471,3,479,3,0,0,0,0,0,7,0,2,0
05-16-20,Greene,46,0,45,0,1,0,51,0,1500,27,1551,27,0,2,0,2,0,42,0,8,2
05-16-20,Grundy,27,0,27,0,0,0,33,0,403,9,436,9,0,1,0,2,0,24,0,10,1
05-16-20,Hamblen,30,0,24,0,6,0,29,0,1944,42,1973,42,0,2,0,6,0,22,0,4,2
05-16-20,Hamilton,350,7,348,7,2,0,369,8,8161,1045,8530,1053,0,13,0,134,7,203,0,54,15
05-16-20,Hancock,0,0,0,0,0,0,0,0,105,6,105,6,0,0,0,0,0,0,0,0,0
05-16-20,Hardeman,187,2,187,2,0,0,192,2,4691,32,4883,34,0,0,1,160,1,27,0,3,0
05-16-20,Hardin,9,0,9,0,0,0,11,0,1258,63,1269,63,0,0,0,2,0,7,0,2,0
05-16-20,Hawkins,31,0,31,0,0,0,43,0,1179,24,1222,24,0,2,0,0,0,29,0,6,2
05-16-20,Haywood,30,0,29,0,1,0,33,0,616,38,649,38,0,1,0,2,0,27,0,6,1
05-16-20,Henderson,11,0,11,0,0,0,15,1,768,15,783,16,0,0,0,1,0,10,0,0,0
05-16-20,Henry,17,0,17,0,0,0,20,0,983,40,1003,40,0,0,0,4,0,13,0,3,0
05-16-20,Hickman,50,0,50,0,0,0,71,0,791,18,862,18,0,0,-1,6,1,44,0,2,0
05-16-20,Houston,7,0,7,0,0,0,9,1,213,4,222,5,0,0,0,0,0,7,0,5,0
05-16-20,Humphreys,13,1,12,0,1,1,13,0,472,2,485,2,0,1,1,0,0,12,0,1,1
05-16-20,Jackson,12,1,12,1,0,0,15,1,539,4,554,5,0,0,1,4,0,8,0,1,0
05-16-20,Jefferson,28,0,25,0,3,0,26,0,1403,39,1429,39,0,0,0,1,0,27,0,0,0
05-16-20,Johnson,16,0,16,0,0,0,15,0,1839,4,1854,4,0,0,-2,11,2,5,0,0,0
05-16-20,Knox,304,0,299,0,5,0,345,0,11803,303,12148,303,0,5,-4,27,4,272,0,33,5
05-16-20,Lake,399,0,398,0,1,0,399,0,1258,4,1657,4,0,0,0,340,0,59,0,0,0
05-16-20,Lauderdale,46,1,45,1,1,0,60,1,2916,33,2976,34,0,0,1,21,0,25,0,7,1
05-16-20,Lawrence,19,0,19,0,0,0,21,0,1197,22,1218,22,0,0,0,2,0,17,0,3,0
05-16-20,Lewis,3,0,3,0,0,0,3,0,220,7,223,7,0,0,0,0,0,3,0,0,0
05-16-20,Lincoln,17,1,17,1,0,0,21,1,984,34,1005,35,0,0,0,0,1,17,0,2,0
05-16-20,Loudon,50,1,48,1,2,0,55,1,1232,42,1287,43,0,0,-3,4,4,46,1,6,0
05-16-20,Macon,85,7,85,7,0,0,100,8,1109,40,1209,48,0,3,5,19,2,63,0,12,3
05-16-20,Madison,158,0,158,0,0,0,177,0,3970,117,4147,117,0,2,-1,7,1,149,0,19,2
05-16-20,Marion,32,0,31,0,1,0,37,0,629,9,666,9,0,1,0,1,0,30,0,11,2
05-16-20,Marshall,25,1,25,1,0,0,28,1,841,10,869,11,0,1,1,2,0,22,0,5,1
05-16-20,Maury,64,1,64,1,0,0,72,1,2307,47,2379,48,0,0,0,11,1,53,0,7,1
05-16-20,McMinn,128,0,128,0,0,0,139,0,2101,30,2240,30,1,12,-7,16,6,100,0,17,12
05-16-20,McNairy,12,0,12,0,0,0,17,0,586,16,603,16,0,0,0,1,0,11,0,1,0
05-16-20,Meigs,21,0,21,0,0,0,26,0,376,4,402,4,0,0,-3,7,3,14,0,3,0
05-16-20,Monroe,42,0,39,0,3,0,43,2,709,18,752,20,0,1,0,17,0,24,0,8,1
05-16-20,Montgomery,208,3,206,3,2,0,234,3,5496,88,5730,91,0,2,0,46,3,160,1,23,3
05-16-20,Moore,3,0,3,0,0,0,4,0,254,3,258,3,0,0,0,0,0,3,0,0,0
05-16-20,Morgan,11,0,11,0,0,0,13,0,2826,18,2839,18,0,0,0,5,0,6,0,0,0
05-16-20,Obion,21,2,20,2,1,0,22,2,718,19,740,21,0,1,2,4,0,16,0,1,1
05-16-20,Out of State,211,3,211,3,0,0,231,3,38300,1240,38531,1243,0,5,1,25,2,181,0,17,1
05-16-20,Overton,16,0,16,0,0,0,16,0,987,99,1003,99,0,0,-3,3,3,13,0,2,0
05-16-20,Pending,0,0,0,0,0,0,0,0,29839,684,29839,684,0,0,0,-1,0,1,0,0,0
05-16-20,Perry,13,0,13,0,0,0,15,0,127,4,142,4,0,0,0,0,0,13,0,0,0
05-16-20,Pickett,1,0,1,0,0,0,1,0,216,7,217,7,0,0,0,1,0,0,0,0,0
05-16-20,Polk,15,0,15,0,0,0,19,0,397,9,416,9,0,0,-1,-1,1,16,0,3,0
05-16-20,Putnam,241,2,241,2,0,0,312,3,3485,40,3797,43,0,5,1,94,1,142,0,6,5
05-16-20,Rhea,5,0,5,0,0,0,8,1,885,20,893,21,0,0,0,0,0,5,0,0,0
05-16-20,Roane,15,0,11,0,4,0,17,0,2575,91,2592,91,0,0,0,4,0,11,0,2,0
05-16-20,Robertson,270,6,269,6,1,0,315,13,2450,89,2765,102,0,0,-2,58,8,212,0,28,2
05-16-20,Rutherford,862,17,856,11,6,6,989,28,8591,455,9580,483,0,19,0,153,17,690,1,77,23
05-16-20,Scott,12,0,11,0,1,0,11,0,509,12,520,12,0,0,0,-1,0,13,0,0,0
05-16-20,Sequatchie,13,0,13,0,0,0,12,0,719,12,731,12,0,0,0,5,0,8,0,2,0
05-16-20,Sevier,75,0,71,0,4,0,78,0,3025,61,3103,61,0,2,-2,8,2,65,0,7,2
05-16-20,Shelby,3705,92,3694,91,11,1,4364,126,40098,2055,44462,2181,4,85,38,664,50,2956,9,457,109
05-16-20,Smith,25,0,24,0,1,0,29,0,693,22,722,22,0,1,0,-1,0,25,0,1,1
05-16-20,Stewart,7,0,7,0,0,0,7,0,274,3,281,3,0,0,0,0,0,7,0,1,0
05-16-20,Sullivan,60,0,57,0,3,0,61,0,2928,250,2989,250,0,2,0,5,0,53,0,6,2
05-16-20,Sumner,761,13,752,8,9,5,986,18,5341,163,6327,181,0,41,6,65,7,655,0,200,44
05-16-20,Tipton,408,1,406,1,2,0,420,1,2866,126,3286,127,0,2,-1,205,2,201,1,21,3
05-16-20,Trousdale,1384,2,1381,0,3,2,1399,0,1712,11,3111,11,0,4,1,21,1,1359,0,13,4
05-16-20,Unicoi,3,0,3,0,0,0,3,0,360,5,363,5,0,0,0,1,0,2,0,0,0
05-16-20,Union,4,0,4,0,0,0,4,0,378,3,382,3,0,0,0,1,0,3,0,0,0
05-16-20,Van Buren,3,0,3,0,0,0,3,0,288,6,291,6,0,0,0,1,0,2,0,1,0
05-16-20,Warren,16,1,16,1,0,0,17,1,1404,49,1421,50,0,0,0,5,1,11,0,0,0
05-16-20,Washington,65,0,65,0,0,0,85,0,2512,49,2597,49,0,0,0,7,0,58,0,5,0
05-16-20,Wayne,62,1,62,1,0,0,63,1,2139,84,2202,85,0,0,1,58,0,4,0,2,0
05-16-20,Weakley,28,0,28,0,0,0,27,0,808,15,835,15,0,0,0,2,0,26,0,2,0
05-16-20,White,20,1,18,1,2,0,20,2,1102,44,1122,46,0,0,0,4,1,16,1,2,0
05-16-20,Williamson,459,5,459,5,0,0,510,5,7200,182,7710,187,0,10,-2,27,7,422,0,43,10
05-16-20,Wilson,326,3,323,1,3,2,394,3,3813,90,4207,93,0,8,1,25,2,293,0,29,8
05-15-20,Anderson,37,1,36,1,1,0,40,0,3422,90,3462,90,0,1,0,7,1,29,0,3,1
05-15-20,Bedford,253,3,253,3,0,0,272,3,1871,41,2143,44,0,4,-3,40,6,209,0,10,5
05-15-20,Benton,6,0,6,0,0,0,7,0,639,1,646,1,0,1,0,0,0,5,0,2,1
05-15-20,Bledsoe,606,1,606,1,0,0,612,0,3070,17,3682,17,0,1,-1,1,2,604,0,4,1
05-15-20,Blount,79,0,75,0,4,0,92,1,2396,73,2488,74,0,3,0,7,0,69,0,5,3
05-15-20,Bradley,77,0,77,0,0,0,85,0,1805,63,1890,63,0,1,-3,18,3,58,0,12,1
05-15-20,Campbell,18,0,17,0,1,0,24,0,1099,45,1123,45,0,1,0,0,0,17,0,2,1
05-15-20,Cannon,12,0,12,0,0,0,22,0,386,4,408,4,0,0,-1,0,1,12,0,2,0
05-15-20,Carroll,27,1,22,1,5,0,23,1,862,6,885,7,0,1,0,4,1,22,1,5,1
05-15-20,Carter,23,0,22,0,1,0,22,0,1063,31,1085,31,0,1,0,4,0,18,0,2,1
05-15-20,Cheatham,97,1,97,1,0,0,107,1,1316,8,1423,9,0,0,-3,30,4,67,0,8,0
05-15-20,Chester,11,0,11,0,0,0,13,0,388,3,401,3,0,0,0,2,0,9,0,1,0
05-15-20,Claiborne,7,0,7,0,0,0,7,0,512,20,519,20,0,0,0,1,0,6,0,0,0
05-15-20,Clay,7,0,7,0,0,0,7,0,321,5,328,5,0,0,0,1,0,6,0,0,0
05-15-20,Cocke,22,0,20,0,2,0,26,3,754,27,780,30,0,0,0,3,0,19,0,1,0
05-15-20,Coffee,60,0,59,0,1,0,60,1,1696,53,1756,54,0,0,-1,14,1,46,0,5,0
05-15-20,Crockett,17,0,15,0,2,0,19,0,384,0,403,0,0,1,0,9,0,7,0,1,1
05-15-20,Cumberland,89,0,88,0,1,0,116,1,2839,105,2955,106,0,1,-4,5,4,83,0,9,1
05-15-20,Davidson,3800,28,3797,28,3,0,4294,43,39514,419,43808,462,1,41,-110,576,137,3183,1,330,52
05-15-20,Decatur,5,0,5,0,0,0,5,0,238,7,243,7,0,0,0,1,0,4,0,0,0
05-15-20,Dekalb,29,0,29,0,0,0,33,0,966,9,999,9,0,0,-3,4,3,25,0,0,0
05-15-20,Dickson,91,1,91,1,0,0,113,3,1566,24,1679,27,0,0,-1,6,2,85,0,12,0
05-15-20,Dyer,46,0,45,0,1,0,52,0,1066,6,1118,6,0,0,-1,5,1,41,0,6,0
05-15-20,Fayette,90,0,89,0,1,0,120,1,1858,24,1978,25,0,2,-6,17,6,71,0,13,2
05-15-20,Fentress,6,0,6,0,0,0,6,0,525,13,531,13,0,0,-1,1,1,5,0,1,0
05-15-20,Franklin,45,2,45,2,0,0,53,4,1551,44,1604,48,0,1,1,8,1,36,0,4,1
05-15-20,Gibson,60,1,56,1,4,0,66,1,1690,21,1756,22,0,1,1,4,0,55,0,4,1
05-15-20,Giles,10,0,10,0,0,0,11,0,736,28,747,28,0,0,0,0,0,10,0,1,0
05-15-20,Grainger,7,0,6,0,1,0,8,0,468,22,476,22,0,0,0,0,0,7,0,2,0
05-15-20,Greene,46,0,45,0,1,0,51,0,1473,51,1524,51,0,2,0,2,0,42,0,8,2
05-15-20,Grundy,27,0,27,0,0,0,33,0,394,12,427,12,0,1,-1,2,1,24,0,10,1
05-15-20,Hamblen,30,1,24,1,6,0,29,1,1902,70,1931,71,0,2,0,6,1,22,0,4,2
05-15-20,Hamilton,343,15,341,15,2,0,361,12,7116,558,7477,570,0,13,0,134,15,196,3,54,15
05-15-20,Hancock,0,0,0,0,0,0,0,0,99,2,99,2,0,0,0,0,0,0,0,0,0
05-15-20,Hardeman,185,1,185,1,0,0,190,2,4659,13,4849,15,0,0,1,159,0,26,0,3,0
05-15-20,Hardin,9,0,9,0,0,0,11,1,1195,62,1206,63,0,0,0,2,0,7,0,2,0
05-15-20,Hawkins,31,0,31,0,0,0,43,0,1155,31,1198,31,0,2,0,0,0,29,0,6,2
05-15-20,Haywood,30,0,29,0,1,0,33,0,578,6,611,6,0,1,-2,2,2,27,0,6,1
05-15-20,Henderson,11,1,11,1,0,0,14,2,753,10,767,12,0,0,1,1,0,10,0,0,0
05-15-20,Henry,17,0,17,0,0,0,20,0,943,7,963,7,0,0,0,4,0,13,0,3,0
05-15-20,Hickman,50,1,50,1,0,0,71,1,773,20,844,21,0,0,1,7,0,43,0,2,0
05-15-20,Houston,7,0,7,0,0,0,8,0,209,1,217,1,0,0,-1,0,1,7,0,5,0
05-15-20,Humphreys,12,0,12,0,0,0,13,0,470,5,483,5,0,1,-2,-1,2,12,0,1,1
05-15-20,Jackson,11,1,11,1,0,0,14,1,535,6,549,7,0,0,1,3,0,8,0,1,0
05-15-20,Jefferson,28,0,25,0,3,0,26,0,1364,40,1390,40,0,0,0,1,0,27,0,0,0
05-15-20,Johnson,16,0,16,0,0,0,15,0,1835,7,1850,7,0,0,0,13,0,3,0,0,0
05-15-20,Knox,304,1,299,1,5,0,345,4,11500,553,11845,557,0,5,-3,31,4,268,0,33,5
05-15-20,Lake,399,0,398,0,1,0,399,0,1254,14,1653,14,0,0,-3,340,3,59,0,0,0
05-15-20,Lauderdale,45,0,44,0,1,0,59,0,2883,16,2942,16,0,0,0,20,0,25,0,7,0
05-15-20,Lawrence,19,0,19,0,0,0,21,0,1175,27,1196,27,0,0,0,2,0,17,0,3,0
05-15-20,Lewis,3,0,3,0,0,0,3,0,213,6,216,6,0,0,0,0,0,3,0,0,0
05-15-20,Lincoln,16,0,16,0,0,0,20,0,950,26,970,26,0,0,0,0,0,16,0,2,0
05-15-20,Loudon,49,2,47,2,2,0,54,2,1190,43,1244,45,0,0,0,7,2,42,1,5,0
05-15-20,Macon,78,1,78,1,0,0,92,1,1069,6,1161,7,0,3,-3,14,4,61,0,12,3
05-15-20,Madison,158,1,158,1,0,0,177,2,3853,74,4030,76,0,2,-2,8,3,148,0,19,2
05-15-20,Marion,32,2,31,2,1,0,37,2,620,9,657,11,0,1,2,1,0,30,0,11,2
05-15-20,Marshall,24,0,24,0,0,0,27,1,831,26,858,27,0,1,-1,1,1,22,0,5,1
05-15-20,Maury,63,1,63,1,0,0,71,0,2260,61,2331,61,0,0,-3,11,4,52,0,7,1
05-15-20,McMinn,128,0,128,0,0,0,139,2,2071,49,2210,51,1,11,-9,23,8,94,0,17,12
05-15-20,McNairy,12,0,12,0,0,0,17,0,570,13,587,13,0,0,0,1,0,11,0,1,0
05-15-20,Meigs,21,0,21,0,0,0,26,1,372,14,398,15,0,0,-3,10,3,11,0,3,0
05-15-20,Monroe,42,2,39,2,3,0,41,2,691,18,732,20,0,1,2,17,0,24,0,8,1
05-15-20,Montgomery,205,0,203,0,2,0,231,2,5408,85,5639,87,0,2,-2,46,2,157,0,22,3
05-15-20,Moore,3,0,3,0,0,0,4,0,251,11,255,11,0,0,0,0,0,3,0,0,0
05-15-20,Morgan,11,0,11,0,0,0,13,0,2808,10,2821,10,0,0,0,5,0,6,0,0,0
05-15-20,Obion,19,0,18,0,1,0,20,0,699,18,719,18,0,1,0,2,0,16,0,1,1
05-15-20,Out of State,208,1,208,1,0,0,228,1,37060,1321,37288,1322,0,5,-2,24,3,179,0,17,1
05-15-20,Overton,16,0,16,0,0,0,16,0,888,30,904,30,0,0,0,6,0,10,0,2,0
05-15-20,Pending,0,0,0,0,0,0,0,0,29155,328,29155,328,0,0,0,-1,0,1,0,0,0
05-15-20,Perry,13,0,13,0,0,0,15,0,123,6,138,6,0,0,-1,0,1,13,0,0,0
05-15-20,Pickett,1,0,1,0,0,0,1,0,209,3,210,3,0,0,0,1,0,0,0,0,0
05-15-20,Polk,15,0,15,0,0,0,19,0,388,9,407,9,0,0,-1,0,1,15,0,3,0
05-15-20,Putnam,239,34,239,34,0,0,309,22,3445,143,3754,165,0,5,31,93,3,141,0,6,5
05-15-20,Rhea,5,0,5,0,0,0,7,0,865,29,872,29,0,0,0,0,0,5,0,0,0
05-15-20,Roane,15,0,11,0,4,0,17,0,2484,71,2501,71,0,0,0,4,0,11,0,2,0
05-15-20,Robertson,264,6,263,6,1,0,302,4,2361,55,2663,59,0,0,-6,60,12,204,0,28,2
05-15-20,Rutherford,845,21,845,21,0,0,961,18,8136,124,9097,142,0,19,-13,153,34,673,1,76,23
05-15-20,Scott,12,0,11,0,1,0,11,0,497,12,508,12,0,0,0,-1,0,13,0,0,0
05-15-20,Sequatchie,13,0,13,0,0,0,12,0,707,12,719,12,0,0,0,5,0,8,0,2,0
05-15-20,Sevier,75,2,71,2,4,0,78,2,2964,80,3042,82,0,2,-1,10,3,63,0,7,2
05-15-20,Shelby,3613,15,3603,15,10,0,4238,24,38043,743,42281,767,0,81,-63,626,78,2906,2,448,105
05-15-20,Smith,25,0,24,0,1,0,29,0,671,5,700,5,0,1,0,-1,0,25,0,1,1
05-15-20,Stewart,7,0,7,0,0,0,7,0,271,4,278,4,0,0,0,0,0,7,0,1,0
05-15-20,Sullivan,60,1,57,1,3,0,61,1,2678,150,2739,151,0,2,1,5,0,53,0,6,2
05-15-20,Sumner,748,6,744,5,4,1,968,6,5178,113,6146,119,0,41,-1,59,7,648,0,200,44
05-15-20,Tipton,407,3,405,3,2,0,419,4,2740,64,3159,68,0,2,-1,206,4,199,0,20,3
05-15-20,Trousdale,1382,0,1381,0,1,0,1399,1,1701,11,3100,12,1,4,-4,20,3,1358,0,13,4
05-15-20,Unicoi,3,0,3,0,0,0,3,0,355,3,358,3,0,0,0,1,0,2,0,0,0
05-15-20,Union,4,0,4,0,0,0,4,0,375,8,379,8,0,0,0,1,0,3,0,0,0
05-15-20,Van Buren,3,0,3,0,0,0,3,0,282,3,285,3,0,0,0,1,0,2,0,1,0
05-15-20,Warren,15,0,15,0,0,0,16,0,1355,32,1371,32,0,0,0,5,0,10,0,0,0
05-15-20,Washington,65,0,65,0,0,0,85,2,2463,75,2548,77,0,0,-1,7,1,58,0,5,0
05-15-20,Wayne,61,28,61,28,0,0,62,28,2055,1190,2117,1218,0,0,28,57,0,4,0,2,0
05-15-20,Weakley,28,0,28,0,0,0,27,0,793,18,820,18,0,0,-1,2,1,26,0,2,0
05-15-20,White,19,0,17,0,2,0,18,0,1058,21,1076,21,0,0,-1,4,1,15,0,1,0
05-15-20,Williamson,454,3,454,3,0,0,505,4,7018,126,7523,130,0,10,-1,29,4,415,0,43,10
05-15-20,Wilson,323,4,322,3,1,1,391,5,3723,100,4114,105,0,8,3,24,1,291,0,29,8
05-14-20,Anderson,36,0,35,0,1,0,40,2,3332,137,3372,139,0,1,-1,7,1,28,0,3,1
05-14-20,Bedford,250,0,250,0,0,0,269,2,1830,56,2099,58,1,4,-6,43,5,203,0,10,4
05-14-20,Benton,6,0,6,0,0,0,7,0,638,4,645,4,0,1,0,0,0,5,0,2,1
05-14-20,Bledsoe,605,0,605,0,0,0,612,1,3053,14,3665,15,0,1,-1,2,1,602,0,4,1
05-14-20,Blount,79,1,75,1,4,0,91,2,2323,44,2414,46,0,3,0,7,1,69,0,5,3
05-14-20,Bradley,77,4,77,4,0,0,85,5,1742,76,1827,81,0,1,4,21,0,55,0,12,1
05-14-20,Campbell,18,0,17,0,1,0,24,0,1054,16,1078,16,0,1,0,0,0,17,0,2,1
05-14-20,Cannon,12,0,12,0,0,0,22,0,382,4,404,4,0,0,0,1,0,11,0,2,0
05-14-20,Carroll,26,1,21,1,5,0,22,1,856,11,878,12,0,1,1,4,0,21,1,4,1
05-14-20,Carter,23,1,22,1,1,0,22,0,1032,15,1054,15,0,1,1,4,0,18,0,2,1
05-14-20,Cheatham,96,3,96,3,0,0,106,2,1308,13,1414,15,0,0,2,33,1,63,0,8,0
05-14-20,Chester,11,0,11,0,0,0,13,0,385,4,398,4,0,0,0,2,0,9,0,1,0
05-14-20,Claiborne,7,0,7,0,0,0,7,0,492,35,499,35,0,0,-1,1,1,6,0,0,0
05-14-20,Clay,7,0,7,0,0,0,7,0,316,4,323,4,0,0,0,1,0,6,0,0,0
05-14-20,Cocke,22,1,20,1,2,0,23,1,727,14,750,15,0,0,1,3,0,19,0,1,0
05-14-20,Coffee,60,4,59,4,1,0,59,4,1643,70,1702,74,0,0,0,15,4,45,0,5,0
05-14-20,Crockett,17,0,15,0,2,0,19,1,384,5,403,6,0,1,-1,9,1,7,0,1,1
05-14-20,Cumberland,89,1,88,1,1,0,115,2,2734,58,2849,60,0,1,0,9,1,79,0,9,1
05-14-20,Davidson,3772,59,3769,59,3,0,4251,77,39095,1303,43346,1380,3,40,-74,686,130,3046,5,329,49
05-14-20,Decatur,5,1,5,1,0,0,5,1,231,8,236,9,0,0,1,1,0,4,0,0,0
05-14-20,Dekalb,29,0,29,0,0,0,33,1,957,11,990,12,0,0,-3,7,3,22,0,0,0
05-14-20,Dickson,90,2,90,2,0,0,110,3,1542,34,1652,37,0,0,1,7,1,83,0,12,0
05-14-20,Dyer,46,0,45,0,1,0,52,1,1060,27,1112,28,0,0,-1,6,1,40,0,6,0
05-14-20,Fayette,90,3,89,3,1,0,119,3,1834,79,1953,82,1,2,0,23,2,65,1,13,2
05-14-20,Fentress,6,0,6,0,0,0,6,0,512,11,518,11,0,0,0,2,0,4,0,1,0
05-14-20,Franklin,43,1,43,1,0,0,49,1,1507,54,1556,55,0,1,1,7,0,35,0,4,1
05-14-20,Gibson,59,0,55,0,4,0,65,0,1669,35,1734,35,0,1,-4,3,4,55,0,4,1
05-14-20,Giles,10,0,10,0,0,0,11,0,708,21,719,21,0,0,0,0,0,10,0,1,0
05-14-20,Grainger,7,0,6,0,1,0,8,1,446,18,454,19,0,0,0,0,0,7,0,2,0
05-14-20,Greene,46,0,45,0,1,0,51,0,1422,42,1473,42,0,2,0,2,0,42,0,8,2
05-14-20,Grundy,27,0,27,0,0,0,33,0,382,8,415,8,0,1,0,3,0,23,0,10,1
05-14-20,Hamblen,29,0,23,0,6,0,28,1,1832,84,1860,85,0,2,-2,6,2,21,0,4,2
05-14-20,Hamilton,328,17,326,17,2,0,349,18,6558,167,6907,185,0,13,7,134,10,181,2,51,15
05-14-20,Hancock,0,0,0,0,0,0,0,0,97,2,97,2,0,0,0,0,0,0,0,0,0
05-14-20,Hardeman,184,1,184,1,0,0,188,1,4646,28,4834,29,0,0,-1,158,2,26,0,3,0
05-14-20,Hardin,9,1,9,1,0,0,10,0,1133,79,1143,79,0,0,0,2,1,7,1,2,0
05-14-20,Hawkins,31,0,31,0,0,0,43,0,1124,29,1167,29,0,2,0,0,0,29,0,6,2
05-14-20,Haywood,30,0,29,0,1,0,33,1,572,13,605,14,0,1,0,4,0,25,0,6,1
05-14-20,Henderson,10,0,10,0,0,0,12,0,743,14,755,14,0,0,-1,0,1,10,0,0,0
05-14-20,Henry,17,1,17,1,0,0,20,1,936,14,956,15,0,0,1,4,0,13,0,3,0
05-14-20,Hickman,49,0,49,0,0,0,70,0,753,26,823,26,0,0,-1,6,1,43,0,2,0
05-14-20,Houston,7,0,7,0,0,0,8,0,208,7,216,7,0,0,0,1,0,6,0,5,0
05-14-20,Humphreys,12,0,12,0,0,0,13,0,465,13,478,13,0,1,0,1,0,10,0,1,1
05-14-20,Jackson,10,0,10,0,0,0,13,0,529,14,542,14,0,0,0,2,0,8,0,1,0
05-14-20,Jefferson,28,0,25,0,3,0,26,0,1324,33,1350,33,0,0,0,1,0,27,0,0,0
05-14-20,Johnson,16,0,16,0,0,0,15,0,1828,9,1843,9,0,0,0,13,0,3,0,0,0
05-14-20,Knox,303,3,298,3,5,0,341,8,10947,475,11288,483,0,5,0,34,3,264,0,33,5
05-14-20,Lake,399,0,398,0,1,0,399,0,1240,25,1639,25,0,0,-1,343,1,56,0,0,0
05-14-20,Lauderdale,45,1,44,1,1,0,59,3,2867,29,2926,32,0,0,0,20,1,25,0,7,0
05-14-20,Lawrence,19,0,19,0,0,0,21,0,1148,34,1169,34,0,0,0,2,0,17,0,3,0
05-14-20,Lewis,3,0,3,0,0,0,3,0,207,12,210,12,0,0,0,0,0,3,0,0,0
05-14-20,Lincoln,16,0,16,0,0,0,20,0,924,27,944,27,0,0,0,0,0,16,0,2,0
05-14-20,Loudon,47,0,45,0,2,0,52,1,1147,40,1199,41,0,0,0,7,0,40,0,4,0
05-14-20,Macon,77,2,77,2,0,0,91,3,1063,28,1154,31,0,3,-4,17,6,57,0,12,3
05-14-20,Madison,157,3,157,3,0,0,175,4,3779,94,3954,98,1,2,1,10,1,145,0,19,2
05-14-20,Marion,30,0,29,0,1,0,35,0,611,8,646,8,0,1,0,-1,0,30,0,11,2
05-14-20,Marshall,24,0,24,0,0,0,26,0,805,22,831,22,0,1,0,2,0,21,0,5,1
05-14-20,Maury,62,1,62,1,0,0,71,2,2199,70,2270,72,0,0,0,14,1,48,0,7,1
05-14-20,McMinn,128,0,128,0,0,0,137,4,2022,52,2159,56,1,10,-5,32,4,86,0,17,12
05-14-20,McNairy,12,0,12,0,0,0,17,0,557,16,574,16,0,0,0,1,0,11,0,1,0
05-14-20,Meigs,21,0,21,0,0,0,25,0,358,10,383,10,0,0,0,13,0,8,0,3,0
05-14-20,Monroe,40,3,37,3,3,0,39,3,673,22,712,25,0,1,1,15,2,24,0,8,1
05-14-20,Montgomery,205,5,203,4,2,1,229,4,5323,208,5552,212,0,2,4,48,1,155,1,22,3
05-14-20,Moore,3,0,3,0,0,0,4,0,240,10,244,10,0,0,0,0,0,3,0,0,0
05-14-20,Morgan,11,0,11,0,0,0,13,0,2798,30,2811,30,0,0,0,5,0,6,0,0,0
05-14-20,Obion,19,0,18,0,1,0,20,1,681,21,701,22,0,1,-1,2,1,16,0,1,1
05-14-20,Out of State,207,6,207,6,0,0,227,6,35739,1725,35966,1731,1,5,-2,26,7,176,0,17,1
05-14-20,Overton,16,0,16,0,0,0,16,0,858,17,874,17,0,0,0,6,0,10,0,2,0
05-14-20,Pending,0,0,0,0,0,0,0,0,28827,488,28827,488,0,0,0,-1,0,1,0,0,0
05-14-20,Perry,13,0,13,0,0,0,15,1,117,2,132,3,0,0,0,1,0,12,0,0,0
05-14-20,Pickett,1,0,1,0,0,0,1,0,206,1,207,1,0,0,0,1,0,0,0,0,0
05-14-20,Polk,15,0,15,0,0,0,19,0,379,15,398,15,0,0,-1,1,1,14,0,3,0
05-14-20,Putnam,205,11,205,11,0,0,287,13,3302,192,3589,205,0,5,7,62,4,138,0,6,5
05-14-20,Rhea,5,0,5,0,0,0,7,0,836,24,843,24,0,0,0,0,0,5,0,0,0
05-14-20,Roane,15,0,11,0,4,0,17,0,2413,69,2430,69,0,0,0,4,0,11,0,2,0
05-14-20,Robertson,258,10,257,10,1,0,298,18,2306,25,2604,43,0,0,0,66,10,192,0,28,2
05-14-20,Rutherford,824,16,824,16,0,0,943,17,8012,222,8955,239,-1,19,-7,166,24,639,0,75,22
05-14-20,Scott,12,0,11,0,1,0,11,0,485,12,496,12,0,0,0,-1,0,13,0,0,0
05-14-20,Sequatchie,13,0,13,0,0,0,12,3,695,10,707,13,0,0,0,5,0,8,0,2,0
05-14-20,Sevier,73,0,69,0,4,0,76,0,2884,66,2960,66,0,2,-2,11,2,60,0,7,2
05-14-20,Shelby,3598,56,3588,56,10,0,4214,80,37300,1845,41514,1925,6,81,-44,689,94,2828,3,446,102
05-14-20,Smith,25,0,24,0,1,0,29,0,666,11,695,11,0,1,0,-1,0,25,0,1,1
05-14-20,Stewart,7,0,7,0,0,0,7,0,267,12,274,12,0,0,0,0,0,7,0,1,0
05-14-20,Sullivan,59,0,56,0,3,0,60,0,2528,56,2588,56,0,2,-1,4,1,53,0,6,2
05-14-20,Sumner,742,7,739,7,3,0,962,7,5065,150,6027,157,1,41,-2,60,8,641,0,200,44
05-14-20,Tipton,404,1,402,1,2,0,415,0,2676,70,3091,70,0,2,-4,207,5,195,0,20,3
05-14-20,Trousdale,1382,1,1381,1,1,0,1398,2,1690,18,3088,20,0,3,-4,24,5,1355,0,13,4
05-14-20,Unicoi,3,0,3,0,0,0,3,0,352,6,355,6,0,0,0,1,0,2,0,0,0
05-14-20,Union,4,0,4,0,0,0,4,0,367,8,371,8,0,0,0,1,0,3,0,0,0
05-14-20,Van Buren,3,0,3,0,0,0,3,0,279,0,282,0,0,0,0,1,0,2,0,1,0
05-14-20,Warren,15,0,15,0,0,0,16,0,1323,16,1339,16,0,0,0,5,0,10,0,0,0
05-14-20,Washington,65,0,65,0,0,0,83,0,2388,56,2471,56,0,0,-1,8,1,57,0,5,0
05-14-20,Wayne,33,29,33,29,0,0,34,29,865,533,899,562,0,0,29,29,0,4,0,2,0
05-14-20,Weakley,28,0,28,0,0,0,27,0,775,14,802,14,0,0,0,3,0,25,0,2,0
05-14-20,White,19,0,17,0,2,0,18,0,1037,13,1055,13,0,0,-3,5,3,14,0,1,0
05-14-20,Williamson,451,5,451,5,0,0,501,5,6892,142,7393,147,0,10,3,30,2,411,0,43,10
05-14-20,Wilson,319,2,319,2,0,0,386,11,3623,79,4009,90,0,8,-3,21,5,290,0,29,8
05-13-20,Anderson,36,2,35,2,1,0,38,2,3195,149,3233,151,0,1,1,8,1,27,1,3,1
05-13-20,Bedford,250,4,250,4,0,0,267,4,1774,21,2041,25,0,3,-2,49,6,198,0,10,3
05-13-20,Benton,6,0,6,0,0,0,7,0,634,83,641,83,0,1,0,0,0,5,0,2,1
05-13-20,Bledsoe,605,1,605,1,0,0,611,1,3039,6,3650,7,0,1,0,3,1,601,0,4,1
05-13-20,Blount,78,1,74,1,4,0,89,0,2279,104,2368,104,0,3,-2,7,3,68,0,5,3
05-13-20,Bradley,73,1,73,1,0,0,80,2,1666,9,1746,11,0,1,-2,17,3,55,0,12,1
05-13-20,Campbell,18,0,17,0,1,0,24,0,1038,36,1062,36,0,1,0,0,0,17,0,2,1
05-13-20,Cannon,12,0,12,0,0,0,22,0,378,16,400,16,0,0,0,1,0,11,0,2,0
05-13-20,Carroll,25,0,20,0,5,0,21,0,845,28,866,28,0,1,0,3,0,21,0,3,1
05-13-20,Carter,22,0,21,0,1,0,22,0,1017,4,1039,4,0,1,-1,3,1,18,0,2,1
05-13-20,Cheatham,93,7,93,7,0,0,104,7,1295,46,1399,53,0,0,5,31,2,62,0,8,0
05-13-20,Chester,11,0,11,0,0,0,13,0,381,14,394,14,0,0,0,2,0,9,0,1,0
05-13-20,Claiborne,7,0,7,0,0,0,7,0,457,10,464,10,0,0,0,2,0,5,0,0,0
05-13-20,Clay,7,0,7,0,0,0,7,0,312,7,319,7,0,0,0,1,0,6,0,0,0
05-13-20,Cocke,21,0,19,0,2,0,22,0,713,24,735,24,0,0,-1,2,1,19,0,1,0
05-13-20,Coffee,56,0,55,0,1,0,55,0,1573,10,1628,10,0,0,0,15,0,41,0,5,0
05-13-20,Crockett,17,2,15,2,2,0,18,1,379,7,397,8,1,1,0,10,1,6,0,1,1
05-13-20,Cumberland,88,0,87,0,1,0,113,0,2676,105,2789,105,0,1,-1,9,1,78,0,9,1
05-13-20,Davidson,3713,111,3710,111,3,0,4174,130,37792,697,41966,827,4,37,-20,760,127,2916,4,324,45
05-13-20,Decatur,4,0,4,0,0,0,4,0,223,6,227,6,0,0,0,0,0,4,0,0,0
05-13-20,Dekalb,29,0,29,0,0,0,32,0,946,38,978,38,0,0,0,10,0,19,0,0,0
05-13-20,Dickson,88,0,88,0,0,0,107,0,1508,52,1615,52,0,0,-3,6,3,82,0,12,0
05-13-20,Dyer,46,1,45,1,1,0,51,0,1033,23,1084,23,0,0,0,7,1,39,0,6,0
05-13-20,Fayette,87,0,86,0,1,0,116,1,1755,96,1871,97,0,1,-3,23,3,63,0,12,1
05-13-20,Fentress,6,0,6,0,0,0,6,0,501,27,507,27,0,0,0,2,0,4,0,1,0
05-13-20,Franklin,42,0,42,0,0,0,48,0,1453,2,1501,2,0,1,0,6,0,35,0,4,1
05-13-20,Gibson,59,0,55,0,4,0,65,0,1634,27,1699,27,0,1,-1,7,1,51,0,4,1
05-13-20,Giles,10,0,10,0,0,0,11,0,687,1,698,1,0,0,0,0,0,10,0,1,0
05-13-20,Grainger,7,0,6,0,1,0,7,0,428,27,435,27,0,0,0,0,0,7,0,2,0
05-13-20,Greene,46,1,45,0,1,1,51,0,1380,8,1431,8,0,2,1,2,0,42,0,8,2
05-13-20,Grundy,27,0,27,0,0,0,33,0,374,3,407,3,0,1,0,3,0,23,0,10,1
05-13-20,Hamblen,29,1,23,1,6,0,27,2,1748,176,1775,178,0,2,1,8,0,19,0,4,2
05-13-20,Hamilton,311,29,309,29,2,0,331,26,6391,49,6722,75,0,13,23,127,6,171,3,49,15
05-13-20,Hancock,0,0,0,0,0,0,0,0,95,3,95,3,0,0,0,0,0,0,0,0,0
05-13-20,Hardeman,183,3,183,3,0,0,187,3,4618,1297,4805,1300,0,0,3,159,0,24,0,3,0
05-13-20,Hardin,8,0,8,0,0,0,10,1,1054,52,1064,53,0,0,0,2,0,6,0,1,0
05-13-20,Hawkins,31,0,31,0,0,0,43,0,1095,8,1138,8,0,2,0,0,0,29,0,6,2
05-13-20,Haywood,30,1,29,1,1,0,32,0,559,22,591,22,0,1,-3,4,4,25,0,6,1
05-13-20,Henderson,10,1,10,1,0,0,12,1,729,10,741,11,0,0,1,1,0,9,0,0,0
05-13-20,Henry,16,1,16,1,0,0,19,1,922,28,941,29,0,0,1,3,0,13,0,3,0
05-13-20,Hickman,49,0,49,0,0,0,70,1,727,6,797,7,0,0,0,7,0,42,0,2,0
05-13-20,Houston,7,0,7,0,0,0,8,0,201,3,209,3,0,0,0,1,0,6,0,5,0
05-13-20,Humphreys,12,0,12,0,0,0,13,0,452,14,465,14,0,1,0,1,0,10,0,1,1
05-13-20,Jackson,10,0,10,0,0,0,13,0,515,27,528,27,0,0,0,2,0,8,0,1,0
05-13-20,Jefferson,28,0,25,0,3,0,26,0,1291,84,1317,84,0,0,-1,1,1,27,0,0,0
05-13-20,Johnson,16,0,16,0,0,0,15,0,1819,33,1834,33,0,0,0,13,0,3,0,0,0
05-13-20,Knox,300,7,295,7,5,0,333,4,10472,328,10805,332,0,5,3,34,4,261,0,33,5
05-13-20,Lake,399,0,398,0,1,0,399,0,1215,10,1614,10,0,0,-1,344,1,55,0,0,0
05-13-20,Lauderdale,44,3,43,3,1,0,56,2,2838,121,2894,123,0,0,3,20,0,24,0,7,0
05-13-20,Lawrence,19,0,19,0,0,0,21,0,1114,8,1135,8,0,0,0,2,0,17,0,3,0
05-13-20,Lewis,3,0,3,0,0,0,3,0,195,1,198,1,0,0,0,0,0,3,0,0,0
05-13-20,Lincoln,16,0,16,0,0,0,20,0,897,0,917,0,0,0,0,0,0,16,0,2,0
05-13-20,Loudon,47,1,45,1,2,0,51,0,1107,47,1158,47,0,0,-4,7,5,40,0,4,0
05-13-20,Macon,75,5,75,5,0,0,88,5,1035,22,1123,27,0,3,-1,21,6,51,0,12,3
05-13-20,Madison,154,0,154,0,0,0,171,0,3685,52,3856,52,0,1,-1,9,1,144,0,19,2
05-13-20,Marion,30,1,29,1,1,0,35,1,603,0,638,1,0,1,1,-1,0,30,0,11,2
05-13-20,Marshall,24,0,24,0,0,0,26,0,783,6,809,6,0,1,-1,2,1,21,0,5,1
05-13-20,Maury,61,2,61,2,0,0,69,1,2129,23,2198,24,0,0,2,14,0,47,0,7,1
05-13-20,McMinn,128,0,128,0,0,0,133,0,1970,9,2103,9,0,9,-2,37,2,82,0,17,11
05-13-20,McNairy,12,0,12,0,0,0,17,0,541,14,558,14,0,0,0,1,0,11,0,1,0
05-13-20,Meigs,21,0,21,0,0,0,25,1,348,2,373,3,0,0,0,13,0,8,0,3,0
05-13-20,Monroe,37,4,34,3,3,1,36,2,651,16,687,18,0,1,2,14,2,22,3,8,1
05-13-20,Montgomery,200,7,199,7,1,0,225,6,5115,191,5340,197,0,2,1,44,6,154,1,21,3
05-13-20,Moore,3,0,3,0,0,0,4,0,230,2,234,2,0,0,0,0,0,3,0,0,0
05-13-20,Morgan,11,0,11,0,0,0,13,0,2768,25,2781,25,0,0,0,5,0,6,0,0,0
05-13-20,Obion,19,1,18,1,1,0,19,0,660,37,679,37,0,1,1,3,0,15,0,1,1
05-13-20,Out of State,201,5,201,5,0,0,221,6,34014,1078,34235,1084,-1,4,-1,28,7,169,0,17,1
05-13-20,Overton,16,0,16,0,0,0,16,0,841,7,857,7,0,0,-1,6,1,10,0,2,0
05-13-20,Pending,0,0,0,0,0,0,0,0,28339,690,28339,690,0,0,0,-1,0,1,0,0,0
05-13-20,Perry,13,0,13,0,0,0,14,0,115,2,129,2,0,0,-1,1,1,12,0,0,0
05-13-20,Pickett,1,0,1,0,0,0,1,0,205,4,206,4,0,0,0,1,0,0,0,0,0
05-13-20,Polk,15,0,15,0,0,0,19,0,364,4,383,4,0,0,0,2,0,13,0,3,0
05-13-20,Putnam,194,3,194,3,0,0,274,15,3110,140,3384,155,0,5,-4,55,7,134,1,6,5
05-13-20,Rhea,5,0,5,0,0,0,7,0,812,10,819,10,0,0,0,0,0,5,0,0,0
05-13-20,Roane,15,1,11,0,4,1,17,0,2344,83,2361,83,0,0,1,4,0,11,0,2,0
05-13-20,Robertson,248,9,247,9,1,0,280,10,2281,47,2561,57,0,0,-1,66,10,182,1,28,2
05-13-20,Rutherford,808,15,808,15,0,0,926,26,7790,167,8716,193,2,20,-10,173,23,615,0,75,22
05-13-20,Scott,12,0,11,0,1,0,11,0,473,12,484,12,0,0,0,-1,0,13,0,0,0
05-13-20,Sequatchie,13,2,13,2,0,0,9,0,685,0,694,0,0,0,2,5,0,8,0,2,0
05-13-20,Sevier,73,0,69,0,4,0,76,0,2818,93,2894,93,0,2,-2,13,2,58,0,7,2
05-13-20,Shelby,3542,65,3532,65,10,0,4134,85,35455,2091,39589,2176,2,75,-1,733,64,2734,13,443,97
05-13-20,Smith,25,0,24,0,1,0,29,0,655,9,684,9,0,1,-2,-1,2,25,0,1,1
05-13-20,Stewart,7,0,7,0,0,0,7,0,255,11,262,11,0,0,0,0,0,7,0,1,0
05-13-20,Sullivan,59,2,56,2,3,0,60,2,2472,96,2532,98,0,2,2,5,0,52,0,6,2
05-13-20,Sumner,735,7,732,7,3,0,955,5,4915,84,5870,89,1,40,-2,62,8,633,0,200,42
05-13-20,Tipton,403,0,401,0,2,0,415,0,2606,132,3021,132,0,2,-41,211,41,190,0,20,3
05-13-20,Trousdale,1381,0,1380,0,1,0,1396,0,1672,14,3068,14,0,3,-430,28,430,1350,0,13,3
05-13-20,Unicoi,3,0,3,0,0,0,3,0,346,1,349,1,0,0,0,1,0,2,0,0,0
05-13-20,Union,4,0,4,0,0,0,4,1,359,7,363,8,0,0,0,1,0,3,0,0,0
05-13-20,Van Buren,3,0,3,0,0,0,3,0,279,11,282,11,0,0,0,1,0,2,0,1,0
05-13-20,Warren,15,1,15,1,0,0,16,1,1307,40,1323,41,0,0,0,5,1,10,0,0,0
05-13-20,Washington,65,2,65,2,0,0,83,4,2332,27,2415,31,0,0,1,9,1,56,0,5,0
05-13-20,Wayne,4,0,4,0,0,0,5,0,332,8,337,8,0,0,0,0,0,4,0,2,0
05-13-20,Weakley,28,1,28,1,0,0,27,1,761,17,788,18,0,0,1,3,0,25,0,2,0
05-13-20,White,19,0,17,0,2,0,18,0,1024,97,1042,97,0,0,-2,8,2,11,0,1,0
05-13-20,Williamson,446,6,446,6,0,0,496,9,6750,189,7246,198,0,10,3,27,3,409,0,43,10
05-13-20,Wilson,317,5,317,5,0,0,375,7,3544,64,3919,71,0,8,-5,24,10,285,0,29,8
05-12-20,Anderson,34,1,33,1,1,0,36,2,3046,145,3082,147,0,1,1,7,0,26,0,2,1
05-12-20,Bedford,246,4,246,4,0,0,263,2,1753,4,2016,6,0,3,-5,51,9,192,0,10,3
05-12-20,Benton,6,0,6,0,0,0,7,0,551,61,558,61,0,1,0,0,0,5,0,2,1
05-12-20,Bledsoe,604,0,604,0,0,0,610,0,3033,9,3643,9,1,1,-1,3,0,600,0,4,1
05-12-20,Blount,77,0,73,0,4,0,89,2,2175,128,2264,130,0,3,-3,9,3,65,0,5,3
05-12-20,Bradley,72,3,72,3,0,0,78,1,1657,18,1735,19,0,1,2,19,1,52,0,12,1
05-12-20,Campbell,18,0,17,0,1,0,24,0,1002,53,1026,53,0,1,-1,0,1,17,0,2,1
05-12-20,Cannon,12,0,12,0,0,0,22,0,362,12,384,12,0,0,0,1,0,11,0,2,0
05-12-20,Carroll,25,0,20,0,5,0,21,0,817,23,838,23,0,1,0,3,0,21,0,3,1
05-12-20,Carter,22,0,21,0,1,0,22,0,1013,3,1035,3,0,1,0,4,0,17,0,2,1
05-12-20,Cheatham,86,11,86,11,0,0,97,14,1249,75,1346,89,0,0,6,26,5,60,0,8,0
05-12-20,Chester,11,0,11,0,0,0,13,0,367,13,380,13,0,0,0,2,0,9,0,1,0
05-12-20,Claiborne,7,0,7,0,0,0,7,0,447,31,454,31,0,0,0,2,0,5,0,0,0
05-12-20,Clay,7,0,7,0,0,0,7,0,305,15,312,15,0,0,0,1,0,6,0,0,0
05-12-20,Cocke,21,0,19,0,2,0,22,0,689,28,711,28,0,0,0,3,0,18,0,1,0
05-12-20,Coffee,56,3,55,3,1,0,55,0,1563,12,1618,12,0,0,1,15,2,41,0,5,0
05-12-20,Crockett,15,1,13,1,2,0,17,1,372,7,389,8,0,0,1,10,0,5,0,1,1
05-12-20,Cumberland,88,2,87,2,1,0,113,3,2571,181,2684,184,0,1,1,10,1,77,0,9,1
05-12-20,Davidson,3602,76,3599,76,3,0,4044,99,37095,1733,41139,1832,1,33,6,780,69,2789,6,320,42
05-12-20,Decatur,4,0,4,0,0,0,4,0,217,7,221,7,0,0,0,0,0,4,0,0,0
05-12-20,Dekalb,29,0,29,0,0,0,32,0,908,28,940,28,0,0,-1,10,1,19,0,0,0
05-12-20,Dickson,88,2,88,2,0,0,107,3,1456,43,1563,46,0,0,-1,9,3,79,0,12,0
05-12-20,Dyer,45,0,44,0,1,0,51,2,1010,40,1061,42,0,0,-1,7,1,38,0,6,0
05-12-20,Fayette,87,2,86,2,1,0,115,3,1659,46,1774,49,0,1,1,26,1,60,0,12,1
05-12-20,Fentress,6,0,6,0,0,0,6,0,474,15,480,15,0,0,0,2,0,4,0,1,0
05-12-20,Franklin,42,0,42,0,0,0,48,1,1451,5,1499,6,0,1,0,6,0,35,0,4,1
05-12-20,Gibson,59,0,55,0,4,0,65,1,1607,126,1672,127,0,1,-3,8,3,50,0,4,1
05-12-20,Giles,10,0,10,0,0,0,11,0,686,3,697,3,0,0,-1,0,1,10,0,1,0
05-12-20,Grainger,7,0,6,0,1,0,7,0,401,17,408,17,0,0,0,0,0,7,0,2,0
05-12-20,Greene,45,0,45,0,0,0,51,0,1372,18,1423,18,0,2,0,1,0,42,0,8,2
05-12-20,Grundy,27,0,27,0,0,0,33,0,371,1,404,1,0,1,0,3,0,23,0,10,1
05-12-20,Hamblen,28,0,22,0,6,0,25,2,1572,110,1597,112,0,2,0,7,0,19,0,4,2
05-12-20,Hamilton,282,27,280,27,2,0,305,33,6342,120,6647,153,0,13,25,104,2,165,3,46,15
05-12-20,Hancock,0,0,0,0,0,0,0,0,92,3,92,3,0,0,0,0,0,0,0,0,0
05-12-20,Hardeman,180,8,180,8,0,0,184,10,3321,490,3505,500,0,0,7,156,1,24,0,3,0
05-12-20,Hardin,8,0,8,0,0,0,9,1,1002,13,1011,14,0,0,-1,2,1,6,0,1,0
05-12-20,Hawkins,31,0,31,0,0,0,43,0,1087,16,1130,16,0,2,0,0,0,29,0,6,2
05-12-20,Haywood,29,1,28,1,1,0,32,2,537,28,569,30,0,1,0,7,1,21,0,6,1
05-12-20,Henderson,9,0,9,0,0,0,11,0,719,16,730,16,0,0,0,0,0,9,0,0,0
05-12-20,Henry,15,0,15,0,0,0,18,0,894,40,912,40,0,0,0,2,0,13,0,3,0
05-12-20,Hickman,49,0,49,0,0,0,69,0,721,10,790,10,0,0,0,7,0,42,0,2,0
05-12-20,Houston,7,0,7,0,0,0,8,1,198,3,206,4,0,0,0,1,0,6,0,5,0
05-12-20,Humphreys,12,0,12,0,0,0,13,0,438,20,451,20,0,1,0,1,0,10,0,1,1
05-12-20,Jackson,10,0,10,0,0,0,13,0,488,12,501,12,0,0,0,2,0,8,0,1,0
05-12-20,Jefferson,28,0,25,0,3,0,26,0,1207,53,1233,53,0,0,-2,2,2,26,0,0,0
05-12-20,Johnson,16,10,16,10,0,0,15,10,1786,1499,1801,1509,0,0,10,13,0,3,0,0,0
05-12-20,Knox,293,6,288,6,5,0,329,11,10144,417,10473,428,0,5,3,31,3,257,0,33,5
05-12-20,Lake,399,334,398,334,1,0,399,334,1205,17,1604,351,0,0,334,345,0,54,0,0,0
05-12-20,Lauderdale,41,3,40,3,1,0,54,5,2717,847,2771,852,0,0,3,17,0,24,0,7,0
05-12-20,Lawrence,19,0,19,0,0,0,21,0,1106,6,1127,6,0,0,0,2,0,17,0,3,0
05-12-20,Lewis,3,0,3,0,0,0,3,0,194,1,197,1,0,0,0,0,0,3,0,0,0
05-12-20,Lincoln,16,0,16,0,0,0,20,0,897,2,917,2,0,0,0,0,0,16,0,2,0
05-12-20,Loudon,46,1,44,1,2,0,51,1,1060,72,1111,73,0,0,0,11,1,35,0,4,0
05-12-20,Macon,70,8,70,8,0,0,83,9,1013,53,1096,62,0,3,3,22,5,45,0,12,3
05-12-20,Madison,154,0,154,0,0,0,171,0,3633,66,3804,66,0,1,-3,10,3,143,0,19,2
05-12-20,Marion,29,0,28,0,1,0,34,0,603,2,637,2,0,1,0,-2,0,30,0,11,2
05-12-20,Marshall,24,1,24,1,0,0,26,1,777,4,803,5,0,1,0,3,1,20,0,5,1
05-12-20,Maury,59,1,59,1,0,0,68,1,2106,15,2174,16,0,0,-1,12,2,47,0,7,0
05-12-20,McMinn,128,2,128,2,0,0,133,2,1961,28,2094,30,1,9,-1,39,2,80,0,17,9
05-12-20,McNairy,12,1,12,1,0,0,17,2,527,9,544,11,0,0,1,1,0,11,0,1,0
05-12-20,Meigs,21,0,21,0,0,0,24,1,346,6,370,7,0,0,0,13,0,8,0,3,0
05-12-20,Monroe,33,0,31,0,2,0,34,0,635,44,669,44,0,1,-1,12,1,20,0,5,1
05-12-20,Montgomery,193,10,192,10,1,0,219,11,4924,245,5143,256,0,2,10,43,0,148,0,20,3
05-12-20,Moore,3,0,3,0,0,0,4,0,228,2,232,2,0,0,0,0,0,3,0,0,0
05-12-20,Morgan,11,0,11,0,0,0,13,0,2743,37,2756,37,0,0,0,5,0,6,0,0,0
05-12-20,Obion,18,0,17,0,1,0,19,0,623,25,642,25,0,1,-1,2,1,15,0,1,1
05-12-20,Out of State,196,4,196,4,0,0,215,4,32936,1927,33151,1931,-1,5,3,29,2,162,0,17,1
05-12-20,Overton,16,1,16,1,0,0,16,1,834,31,850,32,0,0,1,7,0,9,0,2,0
05-12-20,Pending,0,0,0,0,0,0,0,0,27649,1140,27649,1140,0,0,0,-1,0,1,0,0,0
05-12-20,Perry,13,0,13,0,0,0,14,0,113,2,127,2,0,0,-2,2,2,11,0,0,0
05-12-20,Pickett,1,0,1,0,0,0,1,0,201,0,202,0,0,0,0,1,0,0,0,0,0
05-12-20,Polk,15,0,15,0,0,0,19,1,360,8,379,9,0,0,0,2,0,13,0,3,0
05-12-20,Putnam,191,12,191,12,0,0,259,12,2970,99,3229,111,0,5,10,59,2,127,0,5,5
05-12-20,Rhea,5,0,5,0,0,0,7,0,802,12,809,12,0,0,0,0,0,5,0,0,0
05-12-20,Roane,14,0,11,0,3,0,17,0,2261,121,2278,121,0,0,0,3,0,11,0,2,0
05-12-20,Robertson,239,3,238,3,1,0,270,15,2234,142,2504,157,0,0,-6,67,9,172,0,27,2
05-12-20,Rutherford,793,22,793,22,0,0,900,23,7623,280,8523,303,4,18,-13,183,31,592,2,75,22
05-12-20,Scott,12,0,11,0,1,0,11,0,461,20,472,20,0,0,0,-1,0,13,0,0,0
05-12-20,Sequatchie,11,1,11,1,0,0,9,0,685,3,694,3,0,0,1,3,0,8,0,2,0
05-12-20,Sevier,73,0,69,0,4,0,76,0,2725,259,2801,259,0,2,-1,15,1,56,0,7,2
05-12-20,Shelby,3477,68,3467,68,10,0,4049,105,33364,1667,37413,1772,3,73,-40,734,105,2670,10,430,92
05-12-20,Smith,25,0,24,0,1,0,29,0,646,31,675,31,0,1,0,1,0,23,0,1,1
05-12-20,Stewart,7,0,7,0,0,0,7,0,244,7,251,7,0,0,0,0,0,7,0,1,0
05-12-20,Sullivan,57,0,54,0,3,0,58,0,2376,93,2434,93,1,2,-3,3,2,52,0,6,2
05-12-20,Sumner,728,8,725,8,3,0,950,15,4831,163,5781,178,1,39,-3,64,10,625,0,200,42
05-12-20,Tipton,403,30,401,30,2,0,415,30,2474,271,2889,301,0,2,22,252,8,149,0,20,3
05-12-20,Trousdale,1381,18,1380,18,1,0,1396,21,1658,22,3054,43,1,3,-772,458,789,920,0,13,3
05-12-20,Unicoi,3,0,3,0,0,0,3,0,345,0,348,0,0,0,0,1,0,2,0,0,0
05-12-20,Union,4,1,4,1,0,0,3,0,352,13,355,13,0,0,1,1,0,3,0,0,0
05-12-20,Van Buren,3,1,3,1,0,0,3,1,268,3,271,4,0,0,1,1,0,2,1,1,0
05-12-20,Warren,14,1,14,1,0,0,15,1,1267,8,1282,9,0,0,1,5,0,9,0,0,0
05-12-20,Washington,63,0,63,0,0,0,79,0,2305,18,2384,18,0,0,0,8,0,55,0,5,0
05-12-20,Wayne,4,0,4,0,0,0,5,0,324,8,329,8,0,0,0,0,0,4,0,2,0
05-12-20,Weakley,27,0,27,0,0,0,26,0,744,13,770,13,0,0,0,2,0,25,0,2,0
05-12-20,White,19,1,17,1,2,0,18,1,927,65,945,66,0,0,1,10,0,9,0,1,0
05-12-20,Williamson,440,5,440,5,0,0,487,5,6561,286,7048,291,0,10,3,24,2,406,0,43,10
05-12-20,Wilson,312,3,312,3,0,0,368,7,3480,92,3848,99,1,8,-2,29,4,275,0,29,8
05-11-20,Anderson,33,2,32,2,1,0,34,0,2901,79,2935,79,0,1,2,6,0,26,0,2,1
05-11-20,Bedford,242,1,242,1,0,0,261,4,1749,44,2010,48,0,3,-2,56,3,183,0,10,3
05-11-20,Benton,6,0,6,0,0,0,7,0,490,19,497,19,0,1,-1,0,1,5,0,2,1
05-11-20,Bledsoe,604,0,604,0,0,0,610,0,3024,25,3634,25,0,0,0,4,0,600,0,4,1
05-11-20,Blount,77,4,73,3,4,1,87,2,2047,51,2134,53,0,3,2,12,2,62,0,5,3
05-11-20,Bradley,69,6,69,6,0,0,77,6,1639,94,1716,100,0,1,2,17,4,51,0,12,1
05-11-20,Campbell,18,0,17,0,1,0,24,0,949,21,973,21,0,1,0,1,0,16,0,2,1
05-11-20,Cannon,12,0,12,0,0,0,22,0,350,6,372,6,0,0,0,1,0,11,0,2,0
05-11-20,Carroll,25,2,20,2,5,0,21,2,794,28,815,30,0,1,2,3,0,21,2,3,1
05-11-20,Carter,22,0,21,0,1,0,22,0,1010,46,1032,46,0,1,-1,4,1,17,0,2,1
05-11-20,Cheatham,75,3,75,3,0,0,83,4,1174,32,1257,36,0,0,1,20,2,55,0,8,0
05-11-20,Chester,11,0,11,0,0,0,13,0,354,16,367,16,0,0,0,2,0,9,0,1,0
05-11-20,Claiborne,7,0,7,0,0,0,7,0,416,8,423,8,0,0,0,2,0,5,0,0,0
05-11-20,Clay,7,0,7,0,0,0,7,0,290,5,297,5,0,0,0,1,0,6,0,0,0
05-11-20,Cocke,21,1,19,1,2,0,22,1,661,21,683,22,0,0,0,3,1,18,0,1,0
05-11-20,Coffee,53,1,52,1,1,0,55,2,1551,64,1606,66,0,0,-2,14,3,39,0,5,0
05-11-20,Crockett,14,0,12,0,2,0,16,0,365,5,381,5,0,0,0,9,0,5,0,1,1
05-11-20,Cumberland,86,0,85,0,1,0,110,1,2390,48,2500,49,0,1,0,9,0,76,0,9,1
05-11-20,Davidson,3526,78,3523,77,3,1,3945,87,35362,819,39307,906,1,32,-64,774,141,2720,3,314,41
05-11-20,Decatur,4,0,4,0,0,0,4,0,210,5,214,5,0,0,0,0,0,4,0,0,0
05-11-20,Dekalb,29,1,29,1,0,0,32,1,880,58,912,59,0,0,0,11,1,18,0,0,0
05-11-20,Dickson,86,0,86,0,0,0,104,1,1413,36,1517,37,0,0,0,10,0,76,0,12,0
05-11-20,Dyer,45,0,44,0,1,0,49,0,970,28,1019,28,0,0,0,8,0,37,0,6,0
05-11-20,Fayette,85,3,84,3,1,0,112,5,1613,87,1725,92,0,1,-1,25,4,59,0,12,1
05-11-20,Fentress,6,0,6,0,0,0,6,0,459,3,465,3,0,0,0,2,0,4,0,1,0
05-11-20,Franklin,42,1,42,1,0,0,47,1,1446,60,1493,61,0,1,0,6,1,35,0,4,1
05-11-20,Gibson,59,1,55,1,4,0,64,1,1481,28,1545,29,0,1,-2,11,3,47,0,4,1
05-11-20,Giles,10,0,10,0,0,0,11,0,683,18,694,18,0,0,-1,1,1,9,0,1,0
05-11-20,Grainger,7,0,6,0,1,0,7,0,384,14,391,14,0,0,-1,0,1,7,0,2,0
05-11-20,Greene,45,0,45,0,0,0,51,0,1354,44,1405,44,0,2,0,1,0,42,0,8,2
05-11-20,Grundy,27,0,27,0,0,0,33,0,370,15,403,15,0,1,0,3,0,23,0,10,1
05-11-20,Hamblen,28,2,22,2,6,0,23,1,1462,59,1485,60,0,2,1,7,1,19,0,4,2
05-11-20,Hamilton,255,17,253,17,2,0,272,17,6222,70,6494,87,0,13,5,79,12,163,1,43,15
05-11-20,Hancock,0,0,0,0,0,0,0,0,89,2,89,2,0,0,0,0,0,0,0,0,0
05-11-20,Hardeman,172,18,172,18,0,0,174,18,2831,691,3005,709,0,0,15,149,3,23,0,3,0
05-11-20,Hardin,8,0,8,0,0,0,8,1,989,20,997,21,0,0,0,3,0,5,0,1,0
05-11-20,Hawkins,31,0,31,0,0,0,43,0,1071,25,1114,25,0,2,0,0,0,29,0,6,2
05-11-20,Haywood,28,1,27,1,1,0,30,1,509,25,539,26,0,1,1,7,0,20,0,6,1
05-11-20,Henderson,9,0,9,0,0,0,11,0,703,19,714,19,0,0,-1,0,1,9,0,0,0
05-11-20,Henry,15,0,15,0,0,0,18,0,854,30,872,30,0,0,0,2,0,13,0,3,0
05-11-20,Hickman,49,0,49,0,0,0,69,0,711,17,780,17,0,0,0,7,0,42,0,2,0
05-11-20,Houston,7,0,7,0,0,0,7,0,195,2,202,2,0,0,-1,1,1,6,0,5,0
05-11-20,Humphreys,12,0,12,0,0,0,13,0,418,14,431,14,0,1,0,1,0,10,0,1,1
05-11-20,Jackson,10,0,10,0,0,0,13,0,476,7,489,7,0,0,-1,2,1,8,0,1,0
05-11-20,Jefferson,28,1,25,1,3,0,26,1,1154,32,1180,33,0,0,0,4,1,24,0,0,0
05-11-20,Johnson,6,0,6,0,0,0,5,0,287,9,292,9,0,0,0,3,0,3,0,0,0
05-11-20,Knox,287,16,282,16,5,0,318,11,9727,275,10045,286,0,5,9,28,7,254,1,33,5
05-11-20,Lake,65,5,64,5,1,0,65,4,1188,8,1253,12,0,0,4,11,1,54,0,0,0
05-11-20,Lauderdale,38,9,37,9,1,0,49,10,1870,809,1919,819,0,0,8,14,1,24,0,7,0
05-11-20,Lawrence,19,1,19,1,0,0,21,1,1100,34,1121,35,0,0,1,2,0,17,0,3,0
05-11-20,Lewis,3,0,3,0,0,0,3,0,193,4,196,4,0,0,0,0,0,3,0,0,0
05-11-20,Lincoln,16,0,16,0,0,0,20,0,895,60,915,60,0,0,0,0,0,16,0,2,0
05-11-20,Loudon,45,1,43,1,2,0,50,2,988,71,1038,73,0,0,-1,11,2,34,0,4,0
05-11-20,Macon,62,1,62,1,0,0,74,0,960,7,1034,7,0,3,-2,19,3,40,0,12,3
05-11-20,Madison,154,3,154,3,0,0,171,3,3567,109,3738,112,0,1,1,13,2,140,0,19,2
05-11-20,Marion,29,0,28,0,1,0,34,0,601,15,635,15,0,1,0,-2,0,30,0,11,2
05-11-20,Marshall,23,0,23,0,0,0,25,0,773,31,798,31,0,1,0,3,0,19,0,5,1
05-11-20,Maury,58,0,58,0,0,0,67,0,2091,81,2158,81,0,0,-3,13,3,45,0,7,0
05-11-20,McMinn,126,3,126,3,0,0,131,2,1933,54,2064,56,3,8,-7,40,7,78,1,17,9
05-11-20,McNairy,11,0,11,0,0,0,15,0,518,8,533,8,0,0,0,0,0,11,0,1,0
05-11-20,Meigs,21,0,21,0,0,0,23,0,340,91,363,91,0,0,-1,13,1,8,0,3,0
05-11-20,Monroe,33,3,31,3,2,0,34,3,591,8,625,11,0,1,1,13,2,19,1,5,1
05-11-20,Montgomery,183,8,182,7,1,1,208,8,4679,126,4887,134,0,2,5,33,3,148,2,20,3
05-11-20,Moore,3,0,3,0,0,0,4,0,226,5,230,5,0,0,0,0,0,3,0,0,0
05-11-20,Morgan,11,0,11,0,0,0,13,0,2706,81,2719,81,0,0,0,5,0,6,0,0,0
05-11-20,Obion,18,0,17,0,1,0,19,0,598,26,617,26,0,1,0,3,0,14,0,1,1
05-11-20,Out of State,192,2,192,2,0,0,211,2,31009,726,31220,728,1,6,-5,26,6,160,0,17,1
05-11-20,Overton,15,2,15,2,0,0,15,2,803,29,818,31,0,0,2,6,0,9,0,2,0
05-11-20,Pending,0,0,0,0,0,0,0,0,26509,646,26509,646,0,0,0,-1,0,1,0,0,0
05-11-20,Perry,13,0,13,0,0,0,14,0,111,2,125,2,0,0,0,4,0,9,0,0,0
05-11-20,Pickett,1,0,1,0,0,0,1,0,201,1,202,1,0,0,0,1,0,0,0,0,0
05-11-20,Polk,15,0,15,0,0,0,18,0,352,15,370,15,0,0,-3,2,3,13,0,3,0
05-11-20,Putnam,179,0,179,0,0,0,247,0,2871,15,3118,15,0,5,-6,49,6,125,0,5,5
05-11-20,Rhea,5,0,5,0,0,0,7,0,790,43,797,43,0,0,0,0,0,5,0,0,0
05-11-20,Roane,14,0,11,0,3,0,17,0,2140,39,2157,39,0,0,0,3,0,11,0,2,0
05-11-20,Robertson,236,15,235,15,1,0,255,3,2092,37,2347,40,0,0,9,73,6,163,0,27,2
05-11-20,Rutherford,771,17,771,17,0,0,877,18,7343,230,8220,248,0,14,-13,196,30,561,1,73,21
05-11-20,Scott,12,0,11,0,1,0,11,0,441,6,452,6,0,0,0,-1,0,13,0,0,0
05-11-20,Sequatchie,10,0,10,0,0,0,9,0,682,18,691,18,0,0,0,2,0,8,0,2,0
05-11-20,Sevier,73,1,69,1,4,0,76,0,2466,65,2542,65,0,2,1,16,0,55,0,7,2
05-11-20,Shelby,3409,100,3399,100,10,0,3944,117,31697,1820,35641,1937,2,70,34,774,64,2565,7,420,87
05-11-20,Smith,25,1,24,1,1,0,29,1,615,14,644,15,0,1,0,1,1,23,0,1,1
05-11-20,Stewart,7,0,7,0,0,0,7,0,237,4,244,4,0,0,0,0,0,7,0,1,0
05-11-20,Sullivan,57,0,54,0,3,0,58,0,2283,69,2341,69,0,1,0,6,0,50,0,6,2
05-11-20,Sumner,720,3,717,3,3,0,935,5,4668,108,5603,113,0,38,-4,67,7,615,0,200,42
05-11-20,Tipton,373,209,371,209,2,0,385,211,2203,224,2588,435,0,2,202,230,7,141,1,20,3
05-11-20,Trousdale,1363,0,1362,0,1,0,1375,1,1636,4,3011,5,0,2,-1,1230,1,131,0,13,2
05-11-20,Unicoi,3,0,3,0,0,0,3,0,345,6,348,6,0,0,0,1,0,2,0,0,0
05-11-20,Union,3,0,3,0,0,0,3,0,339,7,342,7,0,0,0,0,0,3,0,0,0
05-11-20,Van Buren,2,0,2,0,0,0,2,0,265,1,267,1,0,0,0,0,0,2,0,0,0
05-11-20,Warren,13,0,13,0,0,0,14,0,1259,45,1273,45,0,0,0,4,0,9,0,0,0
05-11-20,Washington,63,4,63,4,0,0,79,3,2287,86,2366,89,0,0,4,8,0,55,0,5,0
05-11-20,Wayne,4,0,4,0,0,0,5,0,316,9,321,9,0,0,0,0,0,4,0,2,0
05-11-20,Weakley,27,0,27,0,0,0,26,0,731,18,757,18,0,0,0,2,0,25,0,2,0
05-11-20,White,18,0,16,0,2,0,17,0,862,13,879,13,0,0,-2,9,2,9,0,1,0
05-11-20,Williamson,435,2,435,2,0,0,482,3,6275,220,6757,223,0,10,-6,21,8,404,0,43,10
05-11-20,Wilson,309,6,309,6,0,0,361,6,3388,80,3749,86,1,7,-1,31,6,271,0,29,8
05-10-20,Anderson,31,0,30,0,1,0,34,0,2822,82,2856,82,0,1,-3,4,3,26,0,2,1
05-10-20,Bedford,241,2,241,2,0,0,257,7,1705,66,1962,73,0,3,0,58,2,180,0,10,3
05-10-20,Benton,6,0,6,0,0,0,7,0,471,36,478,36,0,1,0,1,0,4,0,2,1
05-10-20,Bledsoe,604,0,604,0,0,0,610,0,2999,9,3609,9,0,0,-1,4,1,600,0,4,1
05-10-20,Blount,73,0,70,0,3,0,85,0,1996,44,2081,44,0,3,-3,10,3,60,0,5,3
05-10-20,Bradley,63,0,63,0,0,0,71,0,1545,76,1616,76,0,1,-1,15,1,47,0,12,1
05-10-20,Campbell,18,0,17,0,1,0,24,0,928,15,952,15,0,1,0,1,0,16,0,2,1
05-10-20,Cannon,12,0,12,0,0,0,22,1,344,6,366,7,0,0,-1,1,1,11,0,2,0
05-10-20,Carroll,23,2,18,2,5,0,19,2,766,11,785,13,0,1,2,1,0,21,0,1,1
05-10-20,Carter,22,0,21,0,1,0,22,0,964,76,986,76,0,1,-1,5,1,16,0,2,1
05-10-20,Cheatham,72,1,72,1,0,0,79,1,1142,25,1221,26,0,0,-2,19,3,53,0,8,0
05-10-20,Chester,11,0,11,0,0,0,13,0,338,13,351,13,0,0,0,2,0,9,0,1,0
05-10-20,Claiborne,7,0,7,0,0,0,7,0,408,9,415,9,0,0,0,2,0,5,0,0,0
05-10-20,Clay,7,0,7,0,0,0,7,0,285,7,292,7,0,0,0,1,0,6,0,0,0
05-10-20,Cocke,20,0,18,0,2,0,21,1,640,14,661,15,0,0,0,3,0,17,0,1,0
05-10-20,Coffee,52,0,51,0,1,0,53,3,1487,66,1540,69,0,0,0,16,0,36,0,5,0
05-10-20,Crockett,14,2,12,2,2,0,16,2,360,15,376,17,0,0,2,9,0,5,0,1,1
05-10-20,Cumberland,86,0,85,0,1,0,109,0,2342,77,2451,77,0,1,-2,9,2,76,0,9,1
05-10-20,Davidson,3448,42,3446,42,2,0,3858,66,34543,923,38401,989,0,31,-5,838,47,2579,0,311,40
05-10-20,Decatur,4,0,4,0,0,0,4,0,205,5,209,5,0,0,0,0,0,4,0,0,0
05-10-20,Dekalb,28,0,28,0,0,0,31,0,822,8,853,8,0,0,-1,11,1,17,0,0,0
05-10-20,Dickson,86,1,86,1,0,0,103,1,1377,20,1480,21,0,0,1,10,0,76,0,12,0
05-10-20,Dyer,45,2,44,2,1,0,49,2,942,71,991,73,0,0,1,8,1,37,0,6,0
05-10-20,Fayette,82,4,81,3,1,1,107,4,1526,54,1633,58,0,1,3,26,1,55,0,12,1
05-10-20,Fentress,6,0,6,0,0,0,6,0,456,23,462,23,0,0,0,2,0,4,0,1,0
05-10-20,Franklin,41,0,41,0,0,0,46,2,1386,46,1432,48,0,1,-1,6,1,34,0,4,1
05-10-20,Gibson,58,3,54,3,4,0,63,2,1453,31,1516,33,0,1,3,13,0,44,0,4,1
05-10-20,Giles,10,0,10,0,0,0,11,0,665,19,676,19,0,0,0,2,0,8,0,1,0
05-10-20,Grainger,7,0,6,0,1,0,7,0,370,7,377,7,0,0,-1,1,1,6,0,2,0
05-10-20,Greene,45,0,45,0,0,0,51,0,1310,185,1361,185,0,2,0,1,0,42,0,8,2
05-10-20,Grundy,27,0,27,0,0,0,33,0,355,10,388,10,0,1,0,3,0,23,0,10,1
05-10-20,Hamblen,26,0,20,0,6,0,22,0,1403,26,1425,26,0,2,-1,6,1,18,0,4,2
05-10-20,Hamilton,238,3,236,3,2,0,255,3,6152,98,6407,101,0,13,-1,74,4,151,0,42,14
05-10-20,Hancock,0,0,0,0,0,0,0,0,87,2,87,2,0,0,0,0,0,0,0,0,0
05-10-20,Hardeman,154,34,154,34,0,0,156,34,2140,365,2296,399,0,0,34,134,0,20,0,3,0
05-10-20,Hardin,8,0,8,0,0,0,7,0,969,8,976,8,0,0,0,3,0,5,0,1,0
05-10-20,Hawkins,31,0,31,0,0,0,43,0,1046,33,1089,33,0,2,0,0,0,29,0,6,2
05-10-20,Haywood,27,0,26,0,1,0,29,0,484,27,513,27,0,1,0,6,0,20,0,6,1
05-10-20,Henderson,9,0,9,0,0,0,11,0,684,6,695,6,0,0,-1,1,1,8,0,0,0
05-10-20,Henry,15,0,15,0,0,0,18,0,824,3,842,3,0,0,-1,2,1,13,0,3,0
05-10-20,Hickman,49,3,49,3,0,0,69,3,694,23,763,26,0,0,3,7,0,42,0,2,0
05-10-20,Houston,7,0,7,0,0,0,7,0,193,5,200,5,0,0,0,2,0,5,0,5,0
05-10-20,Humphreys,12,0,12,0,0,0,13,0,404,5,417,5,0,1,-1,1,1,10,0,1,1
05-10-20,Jackson,10,2,10,2,0,0,13,2,469,14,482,16,0,0,2,3,0,7,0,1,0
05-10-20,Jefferson,27,0,24,0,3,0,25,0,1122,22,1147,22,0,0,-1,4,1,23,0,0,0
05-10-20,Johnson,6,0,6,0,0,0,5,0,278,98,283,98,0,0,0,3,0,3,0,0,0
05-10-20,Knox,271,5,266,5,5,0,307,4,9452,194,9759,198,0,5,2,19,3,247,1,32,5
05-10-20,Lake,60,1,59,1,1,0,61,1,1180,18,1241,19,0,0,0,7,1,53,0,0,0
05-10-20,Lauderdale,29,2,28,2,1,0,39,2,1061,403,1100,405,0,0,1,6,1,23,0,7,0
05-10-20,Lawrence,18,0,18,0,0,0,20,0,1066,30,1086,30,0,0,0,1,0,17,0,3,0
05-10-20,Lewis,3,0,3,0,0,0,3,0,189,5,192,5,0,0,0,0,0,3,0,0,0
05-10-20,Lincoln,16,0,16,0,0,0,20,0,835,40,855,40,0,0,0,0,0,16,0,2,0
05-10-20,Loudon,44,2,42,2,2,0,48,1,917,60,965,61,0,0,0,12,2,32,1,4,0
05-10-20,Macon,61,1,61,1,0,0,74,5,953,34,1027,39,0,3,1,21,0,37,0,12,3
05-10-20,Madison,151,4,151,4,0,0,168,4,3458,124,3626,128,0,1,4,12,0,138,0,19,2
05-10-20,Marion,29,0,28,0,1,0,34,0,586,9,620,9,0,1,0,-2,0,30,0,11,2
05-10-20,Marshall,23,0,23,0,0,0,25,0,742,26,767,26,0,1,0,3,0,19,0,5,1
05-10-20,Maury,58,0,58,0,0,0,67,2,2010,51,2077,53,0,0,0,16,0,42,0,7,0
05-10-20,McMinn,123,3,123,3,0,0,129,4,1879,37,2008,41,1,5,-10,47,12,71,0,16,9
05-10-20,McNairy,11,0,11,0,0,0,15,0,510,4,525,4,0,0,0,0,0,11,0,1,0
05-10-20,Meigs,21,0,21,0,0,0,23,0,249,16,272,16,0,0,-1,14,1,7,0,3,0
05-10-20,Monroe,30,0,28,0,2,0,31,0,583,17,614,17,0,1,0,12,0,17,0,4,1
05-10-20,Montgomery,175,2,175,2,0,0,200,3,4553,104,4753,107,0,2,-1,28,3,145,1,18,3
05-10-20,Moore,3,0,3,0,0,0,4,0,221,12,225,12,0,0,0,0,0,3,0,0,0
05-10-20,Morgan,11,2,11,2,0,0,13,2,2625,807,2638,809,0,0,2,5,0,6,0,0,0
05-10-20,Obion,18,0,17,0,1,0,19,0,572,17,591,17,0,1,0,3,0,14,0,1,1
05-10-20,Out of State,190,1,190,1,0,0,209,1,30283,653,30492,654,0,5,0,31,1,154,0,17,1
05-10-20,Overton,13,0,13,0,0,0,13,0,774,32,787,32,0,0,0,4,0,9,0,2,0
05-10-20,Pending,0,0,0,0,0,0,0,0,25863,1552,25863,1552,0,0,0,-1,0,1,0,0,0
05-10-20,Perry,13,0,13,0,0,0,14,0,109,5,123,5,0,0,-1,4,1,9,0,0,0
05-10-20,Pickett,1,1,1,1,0,0,1,1,200,7,201,8,0,0,1,1,0,0,0,0,0
05-10-20,Polk,15,0,15,0,0,0,18,0,337,17,355,17,0,0,0,5,0,10,0,3,0
05-10-20,Putnam,179,13,179,13,0,0,247,14,2856,251,3103,265,0,5,7,55,6,119,0,5,5
05-10-20,Rhea,5,0,5,0,0,0,7,0,747,37,754,37,0,0,0,0,0,5,0,0,0
05-10-20,Roane,14,0,11,0,3,0,17,0,2101,135,2118,135,0,0,-1,3,1,11,0,2,0
05-10-20,Robertson,221,2,220,2,1,0,252,5,2055,60,2307,65,0,0,-1,64,3,157,1,27,2
05-10-20,Rutherford,754,16,754,16,0,0,859,23,7113,294,7972,317,0,14,5,209,11,531,1,72,21
05-10-20,Scott,12,0,11,0,1,0,11,0,435,89,446,89,0,0,0,-1,0,13,0,0,0
05-10-20,Sequatchie,10,0,10,0,0,0,9,0,664,7,673,7,0,0,0,2,0,8,0,2,0
05-10-20,Sevier,72,1,68,0,4,1,76,0,2401,63,2477,63,0,2,-1,15,2,55,0,7,2
05-10-20,Shelby,3309,83,3299,83,10,0,3827,88,29877,891,33704,979,0,68,50,740,33,2501,3,413,87
05-10-20,Smith,24,0,23,0,1,0,28,0,601,8,629,8,0,1,0,1,0,22,0,1,1
05-10-20,Stewart,7,0,7,0,0,0,7,0,233,3,240,3,0,0,0,0,0,7,0,1,0
05-10-20,Sullivan,57,0,54,0,3,0,58,0,2214,51,2272,51,0,1,0,6,0,50,0,6,1
05-10-20,Sumner,717,1,714,1,3,0,930,42,4560,289,5490,331,0,38,-1,71,2,608,1,200,41
05-10-20,Tipton,164,3,162,2,2,1,174,2,1979,178,2153,180,0,2,-1,28,4,134,0,19,3
05-10-20,Trousdale,1363,1,1362,1,1,0,1374,7,1632,17,3006,24,0,2,0,1231,1,130,0,13,2
05-10-20,Unicoi,3,0,3,0,0,0,3,1,339,13,342,14,0,0,0,1,0,2,0,0,0
05-10-20,Union,3,0,3,0,0,0,3,0,332,2,335,2,0,0,0,0,0,3,0,0,0
05-10-20,Van Buren,2,0,2,0,0,0,2,0,264,3,266,3,0,0,0,0,0,2,0,0,0
05-10-20,Warren,13,0,13,0,0,0,14,0,1214,16,1228,16,0,0,-1,4,1,9,0,0,0
05-10-20,Washington,59,0,59,0,0,0,76,1,2201,81,2277,82,0,0,-2,4,2,55,0,5,0
05-10-20,Wayne,4,0,4,0,0,0,5,0,307,4,312,4,0,0,0,0,0,4,0,2,0
05-10-20,Weakley,27,1,27,1,0,0,26,1,713,11,739,12,0,0,1,2,0,25,1,2,0
05-10-20,White,18,0,16,0,2,0,17,0,849,40,866,40,0,0,-1,11,1,7,0,1,0
05-10-20,Williamson,433,0,433,0,0,0,479,2,6055,96,6534,98,0,10,-5,27,5,396,0,43,10
05-10-20,Wilson,303,1,303,1,0,0,355,9,3308,105,3663,114,0,6,-6,32,7,265,0,29,8
05-09-20,Anderson,31,0,30,0,1,0,34,0,2740,87,2774,87,0,1,0,7,0,23,0,2,1
05-09-20,Bedford,239,5,239,5,0,0,250,10,1639,54,1889,64,0,3,3,58,2,178,0,10,3
05-09-20,Benton,6,0,6,0,0,0,7,0,435,74,442,74,0,1,0,1,0,4,0,2,1
05-09-20,Bledsoe,604,1,604,1,0,0,610,0,2990,10,3600,10,0,0,-2,5,3,599,0,4,1
05-09-20,Blount,73,0,70,0,3,0,85,1,1952,68,2037,69,0,3,0,13,0,57,0,5,3
05-09-20,Bradley,63,1,63,1,0,0,71,1,1469,54,1540,55,0,1,0,16,1,46,0,12,1
05-09-20,Campbell,18,0,17,0,1,0,24,0,913,21,937,21,0,1,0,1,0,16,0,2,1
05-09-20,Cannon,12,0,12,0,0,0,21,0,338,12,359,12,0,0,0,2,0,10,0,2,0
05-09-20,Carroll,21,0,16,0,5,0,17,0,755,14,772,14,0,1,0,-1,0,21,0,1,1
05-09-20,Carter,22,0,21,0,1,0,22,0,888,32,910,32,0,1,0,6,0,15,0,2,1
05-09-20,Cheatham,71,0,71,0,0,0,78,0,1117,10,1195,10,0,0,-1,21,1,50,0,8,0
05-09-20,Chester,11,0,11,0,0,0,13,1,325,3,338,4,0,0,0,2,0,9,0,1,0
05-09-20,Claiborne,7,0,7,0,0,0,7,0,399,10,406,10,0,0,0,2,0,5,0,0,0
05-09-20,Clay,7,0,7,0,0,0,7,0,278,3,285,3,0,0,0,1,0,6,0,0,0
05-09-20,Cocke,20,0,18,0,2,0,20,0,626,21,646,21,0,0,0,3,0,17,0,1,0
05-09-20,Coffee,52,1,51,1,1,0,50,1,1421,81,1471,82,0,0,-1,16,2,36,0,5,0
05-09-20,Crockett,12,0,10,0,2,0,14,0,345,8,359,8,0,0,0,7,0,5,0,1,1
05-09-20,Cumberland,86,0,85,0,1,0,109,1,2265,97,2374,98,0,1,-1,11,1,74,0,9,1
05-09-20,Davidson,3406,63,3404,63,2,0,3792,77,33620,957,37412,1034,0,31,-3,843,66,2532,1,311,39
05-09-20,Decatur,4,0,4,0,0,0,4,0,200,4,204,4,0,0,0,0,0,4,0,0,0
05-09-20,Dekalb,28,1,28,1,0,0,31,1,814,45,845,46,0,0,1,12,0,16,0,0,0
05-09-20,Dickson,85,0,85,0,0,0,102,2,1357,26,1459,28,0,0,-5,9,5,76,0,12,0
05-09-20,Dyer,43,0,42,0,1,0,47,2,871,21,918,23,0,0,0,7,0,36,0,6,0
05-09-20,Fayette,78,1,78,1,0,0,103,3,1472,57,1575,60,0,1,1,23,0,54,0,12,1
05-09-20,Fentress,6,1,6,1,0,0,6,1,433,15,439,16,0,0,1,2,0,4,0,1,0
05-09-20,Franklin,41,0,41,0,0,0,44,0,1340,41,1384,41,0,1,-1,7,1,33,0,4,1
05-09-20,Gibson,55,0,51,0,4,0,61,0,1422,27,1483,27,0,1,-2,10,2,44,0,4,1
05-09-20,Giles,10,0,10,0,0,0,11,0,646,17,657,17,0,0,0,2,0,8,0,1,0
05-09-20,Grainger,7,0,6,0,1,0,7,0,363,11,370,11,0,0,0,2,0,5,0,2,0
05-09-20,Greene,45,2,45,2,0,0,51,2,1125,88,1176,90,0,2,1,1,1,42,1,8,2
05-09-20,Grundy,27,0,27,0,0,0,33,0,345,5,378,5,0,1,0,3,0,23,0,10,1
05-09-20,Hamblen,26,0,20,0,6,0,22,0,1377,68,1399,68,0,2,0,7,0,17,0,4,2
05-09-20,Hamilton,235,1,233,1,2,0,252,1,6054,72,6306,73,0,13,-3,75,4,147,0,42,14
05-09-20,Hancock,0,0,0,0,0,0,0,0,85,2,85,2,0,0,0,0,0,0,0,0,0
05-09-20,Hardeman,120,52,120,52,0,0,122,53,1775,931,1897,984,0,0,50,100,2,20,0,3,0
05-09-20,Hardin,8,1,8,1,0,0,7,0,961,20,968,20,0,0,1,3,0,5,1,1,0
05-09-20,Hawkins,31,0,31,0,0,0,43,0,1013,26,1056,26,0,2,0,0,0,29,0,6,2
05-09-20,Haywood,27,0,26,0,1,0,29,0,457,6,486,6,0,1,0,6,0,20,0,6,1
05-09-20,Henderson,9,0,9,0,0,0,11,0,678,16,689,16,0,0,0,2,0,7,0,0,0
05-09-20,Henry,15,1,15,1,0,0,18,1,821,10,839,11,0,0,1,3,0,12,0,3,0
05-09-20,Hickman,46,0,46,0,0,0,66,0,671,17,737,17,0,0,0,4,0,42,0,2,0
05-09-20,Houston,7,0,7,0,0,0,7,0,188,1,195,1,0,0,0,2,0,5,0,5,0
05-09-20,Humphreys,12,0,12,0,0,0,13,0,399,16,412,16,0,1,0,2,0,9,0,1,1
05-09-20,Jackson,8,0,8,0,0,0,11,0,455,0,466,0,0,0,0,1,0,7,0,1,0
05-09-20,Jefferson,27,0,24,0,3,0,25,0,1100,35,1125,35,0,0,-3,5,3,22,0,0,0
05-09-20,Johnson,6,0,6,0,0,0,5,0,180,47,185,47,0,0,0,3,0,3,0,0,0
05-09-20,Knox,266,2,261,2,5,0,303,5,9258,378,9561,383,0,5,-1,17,3,244,0,31,5
05-09-20,Lake,59,0,58,0,1,0,60,0,1162,18,1222,18,0,0,0,7,0,52,0,0,0
05-09-20,Lauderdale,27,0,26,0,1,0,37,0,658,27,695,27,0,0,0,5,0,22,0,7,0
05-09-20,Lawrence,18,0,18,0,0,0,20,1,1036,22,1056,23,0,0,0,1,0,17,0,3,0
05-09-20,Lewis,3,0,3,0,0,0,3,0,184,11,187,11,0,0,0,0,0,3,0,0,0
05-09-20,Lincoln,16,0,16,0,0,0,20,1,795,23,815,24,0,0,0,0,0,16,0,2,0
05-09-20,Loudon,42,1,40,1,2,0,47,1,857,19,904,20,0,0,1,12,0,30,0,3,0
05-09-20,Macon,60,1,60,1,0,0,69,1,919,34,988,35,0,3,1,20,0,37,0,12,3
05-09-20,Madison,147,0,147,0,0,0,164,1,3334,46,3498,47,0,1,-4,8,4,138,0,19,2
05-09-20,Marion,29,0,28,0,1,0,34,0,577,8,611,8,0,1,0,-2,0,30,0,11,2
05-09-20,Marshall,23,0,23,0,0,0,25,0,716,26,741,26,0,1,0,3,0,19,0,5,1
05-09-20,Maury,58,0,58,0,0,0,65,2,1959,76,2024,78,0,0,-1,16,1,42,0,7,0
05-09-20,McMinn,120,2,120,2,0,0,125,3,1842,58,1967,61,0,4,-28,57,30,59,0,16,9
05-09-20,McNairy,11,0,11,0,0,0,15,0,506,11,521,11,0,0,0,0,0,11,0,1,0
05-09-20,Meigs,21,0,21,0,0,0,23,0,233,26,256,26,0,0,0,15,0,6,0,3,0
05-09-20,Monroe,30,0,28,0,2,0,31,1,566,18,597,19,0,1,-2,12,2,17,0,4,1
05-09-20,Montgomery,173,10,173,10,0,0,197,11,4449,137,4646,148,0,2,9,29,1,142,0,17,3
05-09-20,Moore,3,0,3,0,0,0,4,0,209,7,213,7,0,0,0,0,0,3,0,0,0
05-09-20,Morgan,9,3,9,3,0,0,11,3,1818,1173,1829,1176,0,0,3,3,0,6,0,0,0
05-09-20,Obion,18,0,17,0,1,0,19,0,555,19,574,19,0,1,0,3,0,14,0,1,1
05-09-20,Out of State,189,0,189,0,0,0,208,1,29630,909,29838,910,0,5,-1,31,1,153,0,17,1
05-09-20,Overton,13,1,13,1,0,0,13,1,742,14,755,15,0,0,1,4,0,9,1,2,0
05-09-20,Pending,0,0,0,0,0,0,0,0,24311,707,24311,707,0,0,0,-1,0,1,0,0,0
05-09-20,Perry,13,0,13,0,0,0,14,0,104,7,118,7,0,0,0,5,0,8,0,0,0
05-09-20,Pickett,0,0,0,0,0,0,0,0,193,5,193,5,0,0,0,0,0,0,0,0,0
05-09-20,Polk,15,0,15,0,0,0,18,0,320,16,338,16,0,0,0,5,0,10,0,3,0
05-09-20,Putnam,166,0,166,0,0,0,233,1,2605,15,2838,16,0,5,-5,48,5,113,0,5,5
05-09-20,Rhea,5,0,5,0,0,0,7,0,710,27,717,27,0,0,0,0,0,5,0,0,0
05-09-20,Roane,14,2,11,0,3,2,17,0,1966,49,1983,49,0,0,2,4,0,10,0,2,0
05-09-20,Robertson,219,3,218,3,1,0,247,10,1995,97,2242,107,0,0,-1,65,4,154,0,26,2
05-09-20,Rutherford,738,10,738,10,0,0,836,23,6819,266,7655,289,0,14,5,204,5,520,1,71,20
05-09-20,Scott,12,0,11,0,1,0,11,0,346,8,357,8,0,0,0,-1,0,13,0,0,0
05-09-20,Sequatchie,10,0,10,0,0,0,9,0,657,17,666,17,0,0,0,2,0,8,0,2,0
05-09-20,Sevier,71,0,68,0,3,0,76,0,2338,90,2414,90,0,2,0,16,0,53,0,7,2
05-09-20,Shelby,3226,66,3216,66,10,0,3739,88,28986,1107,32725,1195,1,68,10,690,55,2468,6,410,86
05-09-20,Smith,24,0,23,0,1,0,28,0,593,26,621,26,0,1,-1,1,1,22,0,1,1
05-09-20,Stewart,7,0,7,0,0,0,7,0,230,4,237,4,0,0,0,0,0,7,0,1,0
05-09-20,Sullivan,57,0,54,0,3,0,58,0,2163,138,2221,138,0,1,0,6,0,50,0,6,1
05-09-20,Sumner,716,9,713,9,3,0,888,10,4271,107,5159,117,0,38,-2,72,11,606,2,199,41
05-09-20,Tipton,161,0,160,0,1,0,172,0,1801,62,1973,62,0,2,-4,29,4,130,0,19,2
05-09-20,Trousdale,1362,0,1361,0,1,0,1367,0,1615,19,2982,19,0,2,0,1231,0,129,0,13,2
05-09-20,Unicoi,3,1,3,1,0,0,2,0,326,6,328,6,0,0,1,1,0,2,0,0,0
05-09-20,Union,3,0,3,0,0,0,3,0,330,7,333,7,0,0,0,0,0,3,0,0,0
05-09-20,Van Buren,2,0,2,0,0,0,2,0,261,10,263,10,0,0,0,0,0,2,0,0,0
05-09-20,Warren,13,1,13,1,0,0,14,1,1198,53,1212,54,0,0,1,5,0,8,0,0,0
05-09-20,Washington,59,0,59,0,0,0,75,1,2120,81,2195,82,0,0,-1,6,1,53,0,5,0
05-09-20,Wayne,4,0,4,0,0,0,5,0,303,5,308,5,0,0,0,0,0,4,0,2,0
05-09-20,Weakley,26,0,26,0,0,0,25,0,702,6,727,6,0,0,0,1,0,25,0,1,0
05-09-20,White,18,0,16,0,2,0,17,0,809,51,826,51,0,0,0,12,0,6,0,1,0
05-09-20,Williamson,433,3,433,3,0,0,477,2,5959,147,6436,149,0,10,-1,32,4,391,0,43,10
05-09-20,Wilson,302,0,302,0,0,0,346,0,3203,102,3549,102,0,6,-9,38,9,258,0,29,8
05-08-20,Anderson,31,0,30,0,1,0,34,0,2653,55,2687,55,0,1,0,7,0,23,0,2,1
05-08-20,Bedford,234,7,234,7,0,0,240,3,1585,51,1825,54,0,3,-2,55,9,176,0,10,3
05-08-20,Benton,6,0,6,0,0,0,7,0,361,2,368,2,0,1,0,1,0,4,0,2,1
05-08-20,Bledsoe,603,0,603,0,0,0,610,0,2980,11,3590,11,0,0,0,7,0,596,0,4,1
05-08-20,Blount,73,1,70,1,3,0,84,1,1884,36,1968,37,0,3,1,13,0,57,0,5,3
05-08-20,Bradley,62,1,62,1,0,0,70,2,1415,79,1485,81,0,1,0,16,1,45,0,12,1
05-08-20,Campbell,18,1,17,1,1,0,24,1,892,21,916,22,0,1,1,1,0,16,0,2,1
05-08-20,Cannon,12,0,12,0,0,0,21,0,326,2,347,2,0,0,0,2,0,10,0,2,0
05-08-20,Carroll,21,0,16,0,5,0,17,0,741,4,758,4,0,1,0,-1,0,21,0,1,1
05-08-20,Carter,22,0,21,0,1,0,22,5,856,35,878,40,0,1,-1,6,1,15,0,2,1
05-08-20,Cheatham,71,1,71,1,0,0,78,1,1107,7,1185,8,0,0,0,22,1,49,0,8,0
05-08-20,Chester,11,0,11,0,0,0,12,0,322,11,334,11,0,0,0,2,0,9,0,1,0
05-08-20,Claiborne,7,0,7,0,0,0,7,0,389,9,396,9,0,0,0,2,0,5,0,0,0
05-08-20,Clay,7,0,7,0,0,0,7,0,275,0,282,0,0,0,0,1,0,6,0,0,0
05-08-20,Cocke,20,0,18,0,2,0,20,0,605,25,625,25,0,0,-1,3,1,17,0,1,0
05-08-20,Coffee,51,3,50,3,1,0,49,0,1340,40,1389,40,0,0,1,17,2,34,0,5,0
05-08-20,Crockett,12,2,10,2,2,0,14,2,337,4,351,6,0,0,2,7,0,5,0,1,1
05-08-20,Cumberland,86,0,85,0,1,0,108,1,2168,40,2276,41,0,1,-1,12,1,73,0,9,1
05-08-20,Davidson,3343,38,3341,37,2,1,3715,59,32663,545,36378,604,0,31,-27,846,65,2466,5,310,39
05-08-20,Decatur,4,0,4,0,0,0,4,0,196,4,200,4,0,0,0,0,0,4,0,0,0
05-08-20,Dekalb,27,0,27,0,0,0,30,0,769,5,799,5,0,0,0,11,0,16,0,0,0
05-08-20,Dickson,85,0,85,0,0,0,100,0,1331,19,1431,19,0,0,0,14,0,71,0,12,0
05-08-20,Dyer,43,0,42,0,1,0,45,0,850,6,895,6,0,0,0,7,0,36,0,6,0
05-08-20,Fayette,77,4,77,4,0,0,100,4,1415,27,1515,31,0,1,2,22,2,54,1,12,1
05-08-20,Fentress,5,0,5,0,0,0,5,0,418,6,423,6,0,0,0,1,0,4,0,1,0
05-08-20,Franklin,41,3,41,3,0,0,44,2,1299,32,1343,34,0,1,3,8,0,32,0,4,1
05-08-20,Gibson,55,1,51,1,4,0,61,1,1395,18,1456,19,0,1,0,12,1,42,0,4,1
05-08-20,Giles,10,0,10,0,0,0,11,0,629,11,640,11,0,0,0,2,0,8,0,1,0
05-08-20,Grainger,7,0,6,0,1,0,7,0,352,8,359,8,0,0,-1,2,1,5,0,2,0
05-08-20,Greene,43,1,43,1,0,0,49,1,1037,44,1086,45,0,2,-1,0,2,41,0,7,2
05-08-20,Grundy,27,0,27,0,0,0,33,1,340,15,373,16,0,1,0,3,0,23,0,10,1
05-08-20,Hamblen,26,0,20,0,6,0,22,0,1309,55,1331,55,0,2,0,7,0,17,0,4,2
05-08-20,Hamilton,234,4,232,4,2,0,251,5,5982,453,6233,458,0,13,2,78,2,143,0,42,14
05-08-20,Hancock,0,0,0,0,0,0,0,0,83,1,83,1,0,0,0,0,0,0,0,0,0
05-08-20,Hardeman,68,0,68,0,0,0,69,0,844,30,913,30,0,0,-1,50,1,18,0,3,0
05-08-20,Hardin,7,0,7,0,0,0,7,0,941,3,948,3,0,0,0,2,0,5,0,0,0
05-08-20,Hawkins,31,0,31,0,0,0,43,0,987,25,1030,25,0,2,0,0,0,29,0,6,2
05-08-20,Haywood,27,0,26,0,1,0,29,0,451,3,480,3,0,1,-2,6,2,20,0,6,1
05-08-20,Henderson,9,0,9,0,0,0,11,0,662,13,673,13,0,0,-1,2,1,7,0,0,0
05-08-20,Henry,14,0,14,0,0,0,17,0,811,3,828,3,0,0,0,2,0,12,0,3,0
05-08-20,Hickman,46,0,46,0,0,0,66,1,654,17,720,18,0,0,-1,4,1,42,0,2,0
05-08-20,Houston,7,0,7,0,0,0,7,0,187,2,194,2,0,0,0,2,0,5,0,5,0
05-08-20,Humphreys,12,0,12,0,0,0,13,0,383,8,396,8,0,1,-1,2,1,9,0,1,1
05-08-20,Jackson,8,0,8,0,0,0,11,0,455,1,466,1,0,0,0,1,0,7,0,1,0
05-08-20,Jefferson,27,0,24,0,3,0,25,0,1065,26,1090,26,0,0,0,8,0,19,0,0,0
05-08-20,Johnson,6,0,6,0,0,0,5,0,133,5,138,5,0,0,0,3,0,3,0,0,0
05-08-20,Knox,264,3,259,3,5,0,298,3,8880,257,9178,260,0,5,-2,18,5,241,0,31,5
05-08-20,Lake,59,1,58,1,1,0,60,2,1144,6,1204,8,0,0,-4,7,5,52,0,0,0
05-08-20,Lauderdale,27,2,26,2,1,0,37,1,631,18,668,19,0,0,2,5,0,22,1,7,0
05-08-20,Lawrence,18,1,18,1,0,0,19,1,1014,37,1033,38,0,0,1,1,0,17,0,3,0
05-08-20,Lewis,3,0,3,0,0,0,3,0,173,11,176,11,0,0,0,0,0,3,0,0,0
05-08-20,Lincoln,16,0,16,0,0,0,19,0,772,31,791,31,0,0,0,0,0,16,0,2,0
05-08-20,Loudon,41,0,39,0,2,0,46,1,838,24,884,25,0,0,0,11,0,30,0,3,0
05-08-20,Macon,59,0,59,0,0,0,68,0,885,8,953,8,0,3,-1,19,1,37,0,12,3
05-08-20,Madison,147,4,147,4,0,0,163,5,3288,224,3451,229,0,1,3,12,1,134,0,19,1
05-08-20,Marion,29,0,28,0,1,0,34,0,569,15,603,15,0,1,0,-2,0,30,0,11,2
05-08-20,Marshall,23,0,23,0,0,0,25,0,690,7,715,7,0,1,0,3,0,19,0,5,1
05-08-20,Maury,58,4,58,4,0,0,63,1,1883,63,1946,64,0,0,3,17,1,41,0,7,0
05-08-20,McMinn,118,3,118,3,0,0,122,6,1784,85,1906,91,1,4,-14,85,16,29,0,16,8
05-08-20,McNairy,11,0,11,0,0,0,15,0,495,8,510,8,0,0,0,0,0,11,0,1,0
05-08-20,Meigs,21,4,21,4,0,0,23,5,207,8,230,13,0,0,4,15,0,6,0,3,0
05-08-20,Monroe,30,0,28,0,2,0,30,1,548,18,578,19,0,1,0,14,0,15,0,4,1
05-08-20,Montgomery,163,1,163,1,0,0,186,4,4312,44,4498,48,0,2,0,20,1,141,0,17,3
05-08-20,Moore,3,0,3,0,0,0,4,0,202,10,206,10,0,0,0,0,0,3,0,0,0
05-08-20,Morgan,6,0,6,0,0,0,8,0,645,8,653,8,0,0,0,0,0,6,0,0,0
05-08-20,Obion,18,0,17,0,1,0,19,0,536,3,555,3,0,1,0,3,0,14,0,1,1
05-08-20,Out of State,189,3,189,3,0,0,207,3,28721,799,28928,802,0,5,-2,32,5,152,0,17,1
05-08-20,Overton,12,0,12,0,0,0,12,0,728,3,740,3,0,0,0,3,0,9,0,1,0
05-08-20,Pending,0,0,0,0,0,0,0,0,23604,546,23604,546,0,0,0,-1,0,1,0,0,0
05-08-20,Perry,13,0,13,0,0,0,14,0,97,3,111,3,0,0,0,5,0,8,0,0,0
05-08-20,Pickett,0,0,0,0,0,0,0,0,188,0,188,0,0,0,0,0,0,0,0,0,0
05-08-20,Polk,15,0,15,0,0,0,18,1,304,43,322,44,0,0,-2,5,2,10,0,3,0
05-08-20,Putnam,166,0,166,0,0,0,232,1,2590,9,2822,10,0,5,-3,53,3,108,0,5,5
05-08-20,Rhea,5,0,5,0,0,0,7,0,683,33,690,33,0,0,0,0,0,5,0,0,0
05-08-20,Roane,12,0,11,0,1,0,17,0,1917,46,1934,46,0,0,0,2,0,10,0,2,0
05-08-20,Robertson,216,10,215,10,1,0,237,4,1898,120,2135,124,0,0,6,66,4,150,1,26,2
05-08-20,Rutherford,728,27,728,27,0,0,813,35,6553,200,7366,235,0,14,6,199,21,515,1,70,19
05-08-20,Scott,12,0,11,0,1,0,11,0,338,10,349,10,0,0,0,-1,0,13,0,0,0
05-08-20,Sequatchie,10,0,10,0,0,0,9,1,640,20,649,21,0,0,0,2,0,8,0,2,0
05-08-20,Sevier,71,0,68,0,3,0,76,0,2248,59,2324,59,0,2,-1,16,1,53,0,7,2
05-08-20,Shelby,3160,57,3150,57,10,0,3651,72,27879,1095,31530,1167,3,67,-135,680,189,2413,3,404,82
05-08-20,Smith,24,0,23,0,1,0,28,0,567,29,595,29,0,1,-1,2,1,21,0,1,1
05-08-20,Stewart,7,0,7,0,0,0,7,0,226,4,233,4,0,0,0,0,0,7,0,1,0
05-08-20,Sullivan,57,0,54,0,3,0,58,0,2025,50,2083,50,0,1,0,6,0,50,0,6,1
05-08-20,Sumner,707,2,704,2,3,0,878,5,4164,87,5042,92,0,38,-5,74,7,595,0,197,41
05-08-20,Tipton,161,0,160,0,1,0,172,0,1739,36,1911,36,0,2,-5,33,5,126,0,19,2
05-08-20,Trousdale,1362,0,1361,0,1,0,1367,0,1596,9,2963,9,0,2,-4,1231,4,129,0,13,2
05-08-20,Unicoi,2,0,2,0,0,0,2,0,320,10,322,10,0,0,0,0,0,2,0,0,0
05-08-20,Union,3,0,3,0,0,0,3,0,323,3,326,3,0,0,0,0,0,3,0,0,0
05-08-20,Van Buren,2,0,2,0,0,0,2,0,251,4,253,4,0,0,0,0,0,2,0,0,0
05-08-20,Warren,12,1,12,1,0,0,13,1,1145,17,1158,18,0,0,1,4,0,8,0,0,0
05-08-20,Washington,59,1,59,1,0,0,74,2,2039,58,2113,60,0,0,1,7,0,52,0,5,0
05-08-20,Wayne,4,0,4,0,0,0,5,0,298,8,303,8,0,0,0,0,0,4,0,2,0
05-08-20,Weakley,26,0,26,0,0,0,25,0,696,7,721,7,0,0,-2,1,2,25,0,1,0
05-08-20,White,18,0,16,0,2,0,17,0,758,8,775,8,0,0,-1,12,1,6,0,1,0
05-08-20,Williamson,430,1,430,1,0,0,475,4,5812,256,6287,260,0,10,-13,33,14,387,0,43,10
05-08-20,Wilson,302,3,302,3,0,0,346,5,3101,81,3447,86,0,6,-2,47,5,249,0,29,7
05-07-20,Anderson,31,0,30,0,1,0,34,2,2598,69,2632,71,0,1,-1,7,1,23,0,2,1
05-07-20,Bedford,227,9,227,9,0,0,237,9,1534,63,1771,72,0,3,-4,57,13,167,0,10,3
05-07-20,Benton,6,0,6,0,0,0,7,0,359,13,366,13,0,1,0,1,0,4,0,2,1
05-07-20,Bledsoe,603,0,603,0,0,0,610,0,2969,10,3579,10,0,0,0,7,0,596,0,4,1
05-07-20,Blount,72,0,69,0,3,0,83,0,1848,27,1931,27,0,3,-2,12,2,57,0,5,3
05-07-20,Bradley,61,3,61,3,0,0,68,3,1336,51,1404,54,0,1,1,16,2,44,1,12,1
05-07-20,Campbell,17,0,16,0,1,0,23,0,871,21,894,21,0,1,-1,0,1,16,0,2,1
05-07-20,Cannon,12,0,12,0,0,0,21,0,324,12,345,12,0,0,0,2,0,10,0,2,0
05-07-20,Carroll,21,0,16,0,5,0,17,0,737,10,754,10,0,1,0,-1,0,21,0,1,1
05-07-20,Carter,22,0,21,0,1,0,17,1,821,32,838,33,0,1,-2,7,2,14,0,2,1
05-07-20,Cheatham,70,6,70,6,0,0,77,8,1100,72,1177,80,0,0,3,22,3,48,0,8,0
05-07-20,Chester,11,2,11,2,0,0,12,1,311,6,323,7,0,0,2,2,0,9,0,1,0
05-07-20,Claiborne,7,0,7,0,0,0,7,0,380,24,387,24,0,0,0,2,0,5,0,0,0
05-07-20,Clay,7,0,7,0,0,0,7,0,275,13,282,13,0,0,0,1,0,6,0,0,0
05-07-20,Cocke,20,1,18,1,2,0,20,1,580,12,600,13,0,0,0,4,1,16,0,1,0
05-07-20,Coffee,48,1,47,1,1,0,49,1,1300,65,1349,66,0,0,1,16,0,32,0,5,0
05-07-20,Crockett,10,0,8,0,2,0,12,1,333,5,345,6,0,0,0,5,0,5,0,1,1
05-07-20,Cumberland,86,1,85,1,1,0,107,2,2128,22,2235,24,0,1,0,13,1,72,0,9,1
05-07-20,Davidson,3305,127,3304,127,1,0,3656,140,32118,3022,35774,3162,0,31,61,873,66,2401,4,305,38
05-07-20,Decatur,4,0,4,0,0,0,4,0,192,2,196,2,0,0,0,0,0,4,0,0,0
05-07-20,Dekalb,27,2,27,2,0,0,30,4,764,33,794,37,0,0,2,11,0,16,0,0,0
05-07-20,Dickson,85,0,85,0,0,0,100,0,1312,58,1412,58,0,0,-2,14,2,71,0,12,0
05-07-20,Dyer,43,2,42,2,1,0,45,1,844,25,889,26,0,0,2,7,0,36,1,6,0
05-07-20,Fayette,73,2,73,2,0,0,96,1,1388,55,1484,56,0,1,2,20,0,52,0,11,1
05-07-20,Fentress,5,0,5,0,0,0,5,0,412,3,417,3,0,0,0,1,0,4,0,1,0
05-07-20,Franklin,38,2,38,2,0,0,42,2,1267,42,1309,44,0,1,-1,5,3,32,0,4,1
05-07-20,Gibson,54,0,50,0,4,0,60,0,1377,30,1437,30,0,1,-3,12,3,41,0,4,1
05-07-20,Giles,10,0,10,0,0,0,11,0,618,20,629,20,0,0,0,2,0,8,0,1,0
05-07-20,Grainger,7,0,6,0,1,0,7,1,344,8,351,9,0,0,0,3,0,4,0,2,0
05-07-20,Greene,42,0,42,0,0,0,48,1,993,47,1041,48,0,2,0,1,0,39,0,7,2
05-07-20,Grundy,27,0,27,0,0,0,32,0,325,7,357,7,0,1,0,3,0,23,0,10,1
05-07-20,Hamblen,26,1,20,1,6,0,22,1,1254,18,1276,19,0,2,1,7,0,17,1,4,2
05-07-20,Hamilton,230,19,228,18,2,1,246,19,5529,73,5775,92,0,13,14,76,5,141,0,42,14
05-07-20,Hancock,0,0,0,0,0,0,0,0,82,5,82,5,0,0,0,0,0,0,0,0,0
05-07-20,Hardeman,68,41,68,41,0,0,69,42,814,198,883,240,0,0,41,51,0,17,0,3,0
05-07-20,Hardin,7,0,7,0,0,0,7,0,938,10,945,10,0,0,-1,2,1,5,0,0,0
05-07-20,Hawkins,31,0,31,0,0,0,43,1,962,38,1005,39,0,2,0,0,0,29,0,6,2
05-07-20,Haywood,27,0,26,0,1,0,29,0,448,16,477,16,0,1,-2,8,2,18,0,6,1
05-07-20,Henderson,9,0,9,0,0,0,11,0,649,11,660,11,0,0,0,3,0,6,0,0,0
05-07-20,Henry,14,1,14,1,0,0,17,1,808,23,825,24,0,0,1,2,0,12,0,3,0
05-07-20,Hickman,46,1,46,1,0,0,65,2,637,25,702,27,0,0,0,5,1,41,0,2,0
05-07-20,Houston,7,0,7,0,0,0,7,0,185,3,192,3,0,0,0,2,0,5,0,5,0
05-07-20,Humphreys,12,0,12,0,0,0,13,0,375,7,388,7,0,1,0,3,0,8,0,1,1
05-07-20,Jackson,8,0,8,0,0,0,11,0,454,17,465,17,0,0,0,1,0,7,0,1,0
05-07-20,Jefferson,27,0,24,0,3,0,25,0,1039,18,1064,18,0,0,0,8,0,19,0,0,0
05-07-20,Johnson,6,0,6,0,0,0,5,0,128,17,133,17,0,0,0,3,0,3,0,0,0
05-07-20,Knox,261,3,256,3,5,0,295,4,8623,218,8918,222,0,5,-1,20,4,236,0,31,5
05-07-20,Lake,58,0,57,0,1,0,58,0,1138,6,1196,6,0,0,0,11,0,47,0,0,0
05-07-20,Lauderdale,25,0,24,0,1,0,36,2,613,18,649,20,0,0,0,3,0,22,0,6,0
05-07-20,Lawrence,17,0,17,0,0,0,18,1,977,16,995,17,0,0,-2,0,2,17,0,3,0
05-07-20,Lewis,3,0,3,0,0,0,3,0,162,9,165,9,0,0,0,0,0,3,0,0,0
05-07-20,Lincoln,16,0,16,0,0,0,19,0,741,31,760,31,0,0,0,0,0,16,0,2,0
05-07-20,Loudon,41,2,39,1,2,1,45,1,814,15,859,16,0,0,2,11,0,30,0,3,0
05-07-20,Macon,59,2,59,2,0,0,68,3,877,45,945,48,0,3,1,20,1,36,0,12,3
05-07-20,Madison,143,1,143,1,0,0,158,1,3064,60,3222,61,0,1,-2,9,3,133,0,19,1
05-07-20,Marion,29,0,28,0,1,0,34,0,554,6,588,6,0,1,0,-2,0,30,0,11,2
05-07-20,Marshall,23,0,23,0,0,0,25,0,683,25,708,25,0,1,0,3,0,19,0,5,1
05-07-20,Maury,54,1,54,1,0,0,62,3,1820,49,1882,52,0,0,0,14,1,40,1,7,0
05-07-20,McMinn,115,1,115,1,0,0,116,1,1699,83,1815,84,0,3,1,99,0,13,0,16,7
05-07-20,McNairy,11,0,11,0,0,0,15,0,487,9,502,9,0,0,0,0,0,11,0,1,0
05-07-20,Meigs,17,2,17,2,0,0,18,3,199,10,217,13,0,0,2,11,0,6,1,3,0
05-07-20,Monroe,30,3,28,3,2,0,29,1,530,10,559,11,0,1,3,14,0,15,1,4,1
05-07-20,Montgomery,162,7,162,7,0,0,182,8,4268,179,4450,187,0,2,5,20,2,140,0,17,3
05-07-20,Moore,3,0,3,0,0,0,4,0,192,9,196,9,0,0,0,0,0,3,0,0,0
05-07-20,Morgan,6,0,6,0,0,0,8,0,637,244,645,244,0,0,0,0,0,6,0,0,0
05-07-20,Obion,18,1,17,1,1,0,19,1,533,23,552,24,0,1,0,3,1,14,0,1,1
05-07-20,Out of State,186,6,186,6,0,0,204,6,27922,1051,28126,1057,-1,5,3,34,4,147,1,17,1
05-07-20,Overton,12,0,12,0,0,0,12,0,725,13,737,13,0,0,0,3,0,9,0,1,0
05-07-20,Pending,0,0,0,0,0,0,0,0,23058,763,23058,763,0,0,0,-1,0,1,0,0,0
05-07-20,Perry,13,0,13,0,0,0,14,0,94,4,108,4,0,0,0,5,0,8,0,0,0
05-07-20,Pickett,0,0,0,0,0,0,0,0,188,4,188,4,0,0,0,0,0,0,0,0,0
05-07-20,Polk,15,0,15,0,0,0,17,0,261,43,278,43,0,0,0,7,0,8,0,3,0
05-07-20,Putnam,166,3,166,3,0,0,231,8,2581,149,2812,157,0,5,-2,56,5,105,0,5,5
05-07-20,Rhea,5,0,5,0,0,0,7,0,650,34,657,34,0,0,0,0,0,5,0,0,0
05-07-20,Roane,12,1,11,1,1,0,17,1,1871,43,1888,44,0,0,1,2,0,10,0,2,0
05-07-20,Robertson,206,11,205,11,1,0,233,18,1778,35,2011,53,0,0,4,60,7,146,2,25,2
05-07-20,Rutherford,701,26,701,26,0,0,778,26,6353,280,7131,306,0,14,11,193,15,494,1,69,18
05-07-20,Scott,12,0,11,0,1,0,11,0,328,4,339,4,0,0,0,-1,0,13,0,0,0
05-07-20,Sequatchie,10,1,10,1,0,0,8,0,620,10,628,10,0,0,0,2,1,8,0,2,0
05-07-20,Sevier,71,3,68,3,3,0,76,3,2189,29,2265,32,0,2,2,17,1,52,0,7,2
05-07-20,Shelby,3103,70,3093,70,10,0,3579,92,26784,1405,30363,1497,0,64,10,815,60,2224,7,401,80
05-07-20,Smith,24,1,23,1,1,0,28,2,538,8,566,10,0,1,0,3,1,20,0,1,1
05-07-20,Stewart,7,0,7,0,0,0,7,0,222,12,229,12,0,0,0,0,0,7,0,1,0
05-07-20,Sullivan,57,2,54,2,3,0,58,2,1975,25,2033,27,0,1,1,6,1,50,0,6,1
05-07-20,Sumner,705,14,702,14,3,0,873,17,4077,284,4950,301,0,38,5,79,9,588,1,197,40
05-07-20,Tipton,161,0,160,0,1,0,172,1,1703,94,1875,95,0,2,-8,38,8,121,0,19,2
05-07-20,Trousdale,1362,0,1361,0,1,0,1367,0,1587,25,2954,25,0,2,-70,1235,70,125,0,13,2
05-07-20,Unicoi,2,0,2,0,0,0,2,0,310,30,312,30,0,0,0,0,0,2,0,0,0
05-07-20,Union,3,0,3,0,0,0,3,0,320,11,323,11,0,0,0,0,0,3,0,0,0
05-07-20,Van Buren,2,0,2,0,0,0,2,0,247,9,249,9,0,0,0,0,0,2,0,0,0
05-07-20,Warren,11,0,11,0,0,0,12,0,1128,170,1140,170,0,0,-1,3,1,8,0,0,0
05-07-20,Washington,58,1,58,1,0,0,72,2,1981,93,2053,95,0,0,-1,6,2,52,0,5,0
05-07-20,Wayne,4,0,4,0,0,0,5,0,290,5,295,5,0,0,0,0,0,4,0,2,0
05-07-20,Weakley,26,0,26,0,0,0,25,0,689,20,714,20,0,0,-1,3,1,23,0,1,0
05-07-20,White,18,1,16,1,2,0,17,1,750,50,767,51,0,0,1,13,0,5,0,1,0
05-07-20,Williamson,429,5,429,5,0,0,471,5,5556,63,6027,68,0,10,4,46,1,373,0,43,10
05-07-20,Wilson,299,3,299,3,0,0,341,5,3020,111,3361,116,-1,6,-1,49,5,244,1,29,7
05-06-20,Anderson,31,2,30,2,1,0,32,1,2529,51,2561,52,0,1,2,8,0,22,0,2,1
05-06-20,Bedford,218,7,218,7,0,0,228,3,1471,16,1699,19,0,3,-3,61,10,154,0,10,3
05-06-20,Benton,6,0,6,0,0,0,7,0,346,93,353,93,0,1,0,1,0,4,0,2,1
05-06-20,Bledsoe,603,0,603,0,0,0,610,1,2959,17,3569,18,0,0,0,7,0,596,0,4,0
05-06-20,Blount,72,1,69,1,3,0,83,1,1821,38,1904,39,0,3,0,14,1,55,0,5,3
05-06-20,Bradley,58,2,58,2,0,0,65,2,1285,6,1350,8,0,1,0,15,2,42,0,11,1
05-06-20,Campbell,17,0,16,0,1,0,23,1,850,153,873,154,0,1,0,1,0,15,0,2,1
05-06-20,Cannon,12,0,12,0,0,0,21,0,312,14,333,14,0,0,-1,2,1,10,0,2,0
05-06-20,Carroll,21,0,16,0,5,0,17,0,727,85,744,85,0,1,-2,-1,2,21,0,1,1
05-06-20,Carter,22,3,21,3,1,0,16,1,789,3,805,4,0,1,2,9,1,12,0,2,1
05-06-20,Cheatham,64,1,64,1,0,0,69,1,1028,26,1097,27,0,0,-1,19,2,45,0,8,0
05-06-20,Chester,9,0,9,0,0,0,11,0,305,10,316,10,0,0,0,0,0,9,0,1,0
05-06-20,Claiborne,7,0,7,0,0,0,7,1,356,14,363,15,0,0,0,2,0,5,0,0,0
05-06-20,Clay,7,1,7,1,0,0,7,1,262,1,269,2,0,0,1,1,0,6,0,0,0
05-06-20,Cocke,19,0,17,0,2,0,19,0,568,13,587,13,0,0,0,4,0,15,0,1,0
05-06-20,Coffee,47,0,46,0,1,0,48,0,1235,13,1283,13,0,0,-6,15,6,32,0,5,0
05-06-20,Crockett,10,1,8,1,2,0,11,1,328,5,339,6,0,0,1,5,0,5,0,1,1
05-06-20,Cumberland,85,0,84,0,1,0,105,2,2106,68,2211,70,0,1,-1,13,1,71,0,9,1
05-06-20,Davidson,3178,70,3177,70,1,0,3516,90,29096,883,32612,973,1,31,-45,812,114,2335,2,301,38
05-06-20,Decatur,4,0,4,0,0,0,4,0,190,4,194,4,0,0,0,0,0,4,0,0,0
05-06-20,Dekalb,25,0,25,0,0,0,26,0,731,7,757,7,0,0,-2,9,2,16,0,0,0
05-06-20,Dickson,85,1,85,1,0,0,100,1,1254,41,1354,42,0,0,-3,16,4,69,0,12,0
05-06-20,Dyer,41,1,40,1,1,0,44,1,819,35,863,36,0,0,-1,5,2,36,0,5,0
05-06-20,Fayette,71,1,71,1,0,0,95,1,1333,63,1428,64,0,1,-2,18,3,52,0,11,1
05-06-20,Fentress,5,0,5,0,0,0,5,0,409,3,414,3,0,0,0,1,0,4,0,1,0
05-06-20,Franklin,36,0,36,0,0,0,40,0,1225,5,1265,5,0,1,-1,6,1,29,0,4,1
05-06-20,Gibson,54,2,50,2,4,0,60,2,1347,36,1407,38,0,1,1,15,1,38,0,4,1
05-06-20,Giles,10,1,10,1,0,0,11,1,598,13,609,14,0,0,1,2,0,8,1,1,0
05-06-20,Grainger,7,0,6,0,1,0,6,0,336,4,342,4,0,0,0,3,0,4,0,2,0
05-06-20,Greene,42,0,42,0,0,0,47,0,946,28,993,28,0,2,0,1,0,39,0,7,2
05-06-20,Grundy,27,1,27,1,0,0,32,0,318,0,350,0,0,1,1,3,0,23,0,10,1
05-06-20,Hamblen,25,0,19,0,6,0,21,1,1236,52,1257,53,0,2,-2,6,2,17,0,3,2
05-06-20,Hamilton,211,18,210,18,1,0,227,18,5456,107,5683,125,0,13,16,62,2,136,0,42,14
05-06-20,Hancock,0,0,0,0,0,0,0,0,77,2,77,2,0,0,0,0,0,0,0,0,0
05-06-20,Hardeman,27,2,27,2,0,0,27,2,616,44,643,46,0,0,2,10,0,17,0,3,0
05-06-20,Hardin,7,0,7,0,0,0,7,0,928,29,935,29,0,0,0,3,0,4,0,0,0
05-06-20,Hawkins,31,0,31,0,0,0,42,0,924,8,966,8,0,2,0,0,0,29,0,6,2
05-06-20,Haywood,27,0,26,0,1,0,29,0,432,18,461,18,0,1,-2,10,2,16,0,6,1
05-06-20,Henderson,9,0,9,0,0,0,11,0,638,15,649,15,0,0,0,3,0,6,0,0,0
05-06-20,Henry,13,0,13,0,0,0,16,0,785,34,801,34,0,0,0,1,0,12,0,3,0
05-06-20,Hickman,45,2,45,2,0,0,63,0,612,25,675,25,0,0,1,5,1,40,0,2,0
05-06-20,Houston,7,0,7,0,0,0,7,0,182,4,189,4,0,0,0,2,0,5,0,5,0
05-06-20,Humphreys,12,0,12,0,0,0,13,0,368,8,381,8,0,1,0,3,0,8,0,1,1
05-06-20,Jackson,8,1,8,1,0,0,11,1,437,4,448,5,0,0,1,1,0,7,1,1,0
05-06-20,Jefferson,27,0,24,0,3,0,25,0,1021,29,1046,29,0,0,-1,8,1,19,0,0,0
05-06-20,Johnson,6,0,6,0,0,0,5,0,111,6,116,6,0,0,0,3,0,3,0,0,0
05-06-20,Knox,258,1,253,1,5,0,291,0,8405,169,8696,169,0,5,-7,21,8,232,0,31,5
05-06-20,Lake,58,1,57,1,1,0,58,1,1132,46,1190,47,0,0,1,11,0,47,0,0,0
05-06-20,Lauderdale,25,0,24,0,1,0,34,1,595,24,629,25,0,0,-3,3,3,22,0,6,0
05-06-20,Lawrence,17,2,17,2,0,0,17,0,961,7,978,7,0,0,2,2,0,15,0,3,0
05-06-20,Lewis,3,0,3,0,0,0,3,0,153,3,156,3,0,0,0,0,0,3,0,0,0
05-06-20,Lincoln,16,0,16,0,0,0,19,0,710,8,729,8,0,0,0,0,0,16,0,2,0
05-06-20,Loudon,39,0,38,0,1,0,44,0,799,22,843,22,0,0,0,9,0,30,0,3,0
05-06-20,Macon,57,2,57,2,0,0,65,2,832,9,897,11,0,3,1,19,1,35,1,12,3
05-06-20,Madison,142,1,142,1,0,0,157,2,3004,91,3161,93,0,1,-2,11,3,130,0,19,1
05-06-20,Marion,29,0,28,0,1,0,34,0,548,1,582,1,0,1,0,-2,0,30,0,11,2
05-06-20,Marshall,23,0,23,0,0,0,25,0,658,4,683,4,0,1,0,3,0,19,0,5,1
05-06-20,Maury,53,3,53,3,0,0,59,2,1771,24,1830,26,0,0,2,14,1,39,0,6,0
05-06-20,McMinn,114,1,114,1,0,0,115,0,1616,13,1731,13,1,3,-3,98,3,13,0,16,4
05-06-20,McNairy,11,0,11,0,0,0,15,0,478,6,493,6,0,0,0,0,0,11,0,1,0
05-06-20,Meigs,15,5,15,5,0,0,15,5,189,4,204,9,0,0,5,9,0,6,0,2,0
05-06-20,Monroe,27,0,25,0,2,0,28,0,520,14,548,14,0,1,-2,11,2,15,0,3,1
05-06-20,Montgomery,155,3,155,3,0,0,174,3,4089,198,4263,201,0,2,3,15,0,138,0,17,3
05-06-20,Moore,3,0,3,0,0,0,4,0,183,0,187,0,0,0,0,0,0,3,0,0,0
05-06-20,Morgan,6,0,6,0,0,0,8,0,393,17,401,17,0,0,0,0,0,6,0,0,0
05-06-20,Obion,17,0,16,0,1,0,18,1,510,24,528,25,0,1,0,3,0,13,0,1,1
05-06-20,Out of State,180,1,180,1,0,0,198,2,26871,551,27069,553,1,6,-4,31,4,143,0,16,1
05-06-20,Overton,12,1,12,1,0,0,12,1,712,19,724,20,0,0,1,3,0,9,0,1,0
05-06-20,Pending,0,0,0,0,0,0,0,0,22295,324,22295,324,0,0,0,-1,0,1,0,0,0
05-06-20,Perry,13,0,13,0,0,0,14,0,90,1,104,1,0,0,0,5,0,8,0,0,0
05-06-20,Pickett,0,0,0,0,0,0,0,0,184,0,184,0,0,0,0,0,0,0,0,0,0
05-06-20,Polk,15,0,15,0,0,0,17,0,218,0,235,0,0,0,0,7,0,8,0,3,0
05-06-20,Putnam,163,0,163,0,0,0,223,0,2432,9,2655,9,0,5,-3,58,3,100,0,5,5
05-06-20,Rhea,5,0,5,0,0,0,7,0,616,4,623,4,0,0,0,0,0,5,0,0,0
05-06-20,Roane,11,0,10,0,1,0,16,0,1828,24,1844,24,0,0,0,1,0,10,0,2,0
05-06-20,Robertson,195,7,194,7,1,0,215,5,1743,33,1958,38,0,0,3,56,4,139,0,23,2
05-06-20,Rutherford,675,23,675,23,0,0,752,25,6073,98,6825,123,2,14,-15,182,36,479,0,68,17
05-06-20,Scott,12,0,11,0,1,0,11,0,324,13,335,13,0,0,0,-1,0,13,0,0,0
05-06-20,Sequatchie,9,0,9,0,0,0,8,0,610,1,618,1,0,0,-1,2,1,7,0,2,0
05-06-20,Sevier,68,3,65,3,3,0,73,5,2160,76,2233,81,0,2,0,15,3,51,0,7,2
05-06-20,Shelby,3033,75,3023,75,10,0,3487,109,25379,1282,28866,1391,4,64,-2,805,73,2164,8,394,77
05-06-20,Smith,23,0,22,0,1,0,26,0,530,11,556,11,0,1,0,3,0,19,0,1,1
05-06-20,Stewart,7,0,7,0,0,0,7,0,210,6,217,6,0,0,0,0,0,7,0,1,0
05-06-20,Sullivan,55,0,52,0,3,0,56,0,1950,25,2006,25,0,1,-2,5,2,49,0,6,1
05-06-20,Sumner,691,7,688,7,3,0,856,10,3793,59,4649,69,0,38,-4,74,11,579,0,196,40
05-06-20,Tipton,161,1,160,1,1,0,171,1,1609,41,1780,42,1,2,-2,46,2,113,0,19,2
05-06-20,Trousdale,1362,1,1361,1,1,0,1367,2,1562,7,2929,9,0,2,0,1305,1,55,0,13,2
05-06-20,Unicoi,2,0,2,0,0,0,2,0,280,1,282,1,0,0,0,0,0,2,0,0,0
05-06-20,Union,3,0,3,0,0,0,3,0,309,9,312,9,0,0,0,0,0,3,0,0,0
05-06-20,Van Buren,2,0,2,0,0,0,2,0,238,2,240,2,0,0,0,0,0,2,0,0,0
05-06-20,Warren,11,2,11,2,0,0,12,2,958,3,970,5,0,0,2,4,0,7,0,0,0
05-06-20,Washington,57,1,57,1,0,0,70,1,1888,21,1958,22,0,0,0,7,1,50,0,5,0
05-06-20,Wayne,4,0,4,0,0,0,5,0,285,6,290,6,0,0,0,0,0,4,0,2,0
05-06-20,Weakley,26,0,26,0,0,0,25,0,669,5,694,5,0,0,0,4,0,22,0,1,0
05-06-20,White,17,0,15,0,2,0,16,0,700,3,716,3,0,0,0,12,0,5,0,1,0
05-06-20,Williamson,424,0,424,0,0,0,466,1,5493,77,5959,78,1,10,-3,42,2,372,0,43,10
05-06-20,Wilson,296,1,296,1,0,0,336,5,2909,62,3245,67,2,7,-14,50,13,239,0,28,7
05-05-20,Anderson,29,2,28,2,1,0,31,1,2478,68,2509,69,0,1,0,6,2,22,0,2,1
05-05-20,Bedford,211,6,211,6,0,0,225,1,1455,17,1680,18,0,3,1,64,5,144,0,10,3
05-05-20,Benton,6,0,6,0,0,0,7,0,253,5,260,5,0,1,0,1,0,4,0,2,1
05-05-20,Bledsoe,603,2,603,2,0,0,609,2,2942,8,3551,10,0,0,-40,7,42,596,0,4,0
05-05-20,Blount,71,1,68,1,3,0,82,3,1783,261,1865,264,0,3,1,14,0,54,0,5,3
05-05-20,Bradley,56,2,56,2,0,0,63,2,1279,29,1342,31,0,1,0,15,2,40,1,11,1
05-05-20,Campbell,17,0,16,0,1,0,22,0,697,163,719,163,0,1,0,1,0,15,0,2,1
05-05-20,Cannon,12,0,12,0,0,0,21,0,298,4,319,4,0,0,0,3,0,9,0,2,0
05-05-20,Carroll,21,0,16,0,5,0,17,0,642,25,659,25,0,1,-1,1,1,19,0,1,1
05-05-20,Carter,19,0,18,0,1,0,15,0,786,11,801,11,0,1,-4,7,4,11,0,2,1
05-05-20,Cheatham,63,0,63,0,0,0,68,0,1002,16,1070,16,0,0,-5,20,5,43,0,8,0
05-05-20,Chester,9,0,9,0,0,0,11,0,295,6,306,6,0,0,0,0,0,9,0,1,0
05-05-20,Claiborne,7,1,7,1,0,0,6,0,342,35,348,35,0,0,1,2,0,5,0,0,0
05-05-20,Clay,6,0,6,0,0,0,6,0,261,0,267,0,0,0,0,0,0,6,0,0,0
05-05-20,Cocke,19,0,17,0,2,0,19,0,555,25,574,25,0,0,0,4,0,15,0,1,0
05-05-20,Coffee,47,1,46,1,1,0,48,0,1222,5,1270,5,0,0,0,21,1,26,0,5,0
05-05-20,Crockett,9,0,7,0,2,0,10,0,323,7,333,7,0,0,-1,4,1,5,0,1,1
05-05-20,Cumberland,85,0,84,0,1,0,103,0,2038,36,2141,36,0,1,0,14,0,70,0,9,1
05-05-20,Davidson,3108,35,3107,35,1,0,3426,54,28213,685,31639,739,1,30,-38,857,72,2221,8,299,38
05-05-20,Decatur,4,0,4,0,0,0,4,0,186,8,190,8,0,0,0,0,0,4,0,0,0
05-05-20,Dekalb,25,0,25,0,0,0,26,0,724,5,750,5,0,0,-1,11,1,14,0,0,0
05-05-20,Dickson,84,0,84,0,0,0,99,4,1213,46,1312,50,0,0,-2,19,2,65,0,12,0
05-05-20,Dyer,40,2,39,2,1,0,43,2,784,14,827,16,0,0,0,6,2,34,0,5,0
05-05-20,Fayette,70,3,70,3,0,0,94,4,1270,28,1364,32,0,1,1,20,2,49,0,11,1
05-05-20,Fentress,5,0,5,0,0,0,5,0,406,130,411,130,0,0,0,1,0,4,0,1,0
05-05-20,Franklin,36,0,36,0,0,0,40,2,1220,7,1260,9,0,1,0,7,0,28,0,4,1
05-05-20,Gibson,52,0,48,0,4,0,58,0,1311,17,1369,17,0,1,-1,14,1,37,0,4,1
05-05-20,Giles,9,0,9,0,0,0,10,0,585,106,595,106,0,0,-1,1,1,8,0,0,0
05-05-20,Grainger,7,0,6,0,1,0,6,0,332,11,338,11,0,0,0,3,0,4,0,2,0
05-05-20,Greene,42,0,42,0,0,0,47,0,918,9,965,9,0,2,-1,1,1,39,0,7,2
05-05-20,Grundy,26,0,26,0,0,0,32,1,318,1,350,2,0,1,0,2,0,23,0,10,1
05-05-20,Hamblen,25,0,19,0,6,0,20,0,1184,29,1204,29,0,2,0,8,0,15,0,3,2
05-05-20,Hamilton,193,11,192,11,1,0,209,12,5349,1463,5558,1475,0,13,7,46,4,134,0,42,14
05-05-20,Hancock,0,0,0,0,0,0,0,0,75,3,75,3,0,0,0,0,0,0,0,0,0
05-05-20,Hardeman,25,0,25,0,0,0,25,0,572,16,597,16,0,0,-2,8,2,17,0,3,0
05-05-20,Hardin,7,0,7,0,0,0,7,0,899,5,906,5,0,0,0,3,0,4,0,0,0
05-05-20,Hawkins,31,0,31,0,0,0,42,0,916,9,958,9,0,2,0,0,0,29,0,6,2
05-05-20,Haywood,27,0,26,0,1,0,29,0,414,8,443,8,0,1,-1,12,1,14,0,6,1
05-05-20,Henderson,9,0,9,0,0,0,11,0,623,13,634,13,0,0,0,3,0,6,0,0,0
05-05-20,Henry,13,0,13,0,0,0,16,0,751,3,767,3,0,0,-1,1,1,12,0,3,0
05-05-20,Hickman,43,1,43,1,0,0,63,0,587,3,650,3,0,0,-18,4,19,39,0,2,0
05-05-20,Houston,7,0,7,0,0,0,7,0,178,0,185,0,0,0,0,2,0,5,0,5,0
05-05-20,Humphreys,12,1,12,1,0,0,13,1,360,7,373,8,0,1,1,3,0,8,1,1,1
05-05-20,Jackson,7,0,7,0,0,0,10,0,433,10,443,10,0,0,0,0,0,7,0,0,0
05-05-20,Jefferson,27,2,24,1,3,1,25,1,992,22,1017,23,0,0,2,9,0,18,0,0,0
05-05-20,Johnson,6,0,6,0,0,0,5,0,105,2,110,2,0,0,0,3,0,3,0,0,0
05-05-20,Knox,257,2,252,2,5,0,291,3,8236,307,8527,310,0,5,-3,28,5,224,0,31,5
05-05-20,Lake,57,0,56,0,1,0,57,0,1086,5,1143,5,0,0,-15,10,15,47,0,0,0
05-05-20,Lauderdale,25,1,24,1,1,0,33,1,571,179,604,180,0,0,1,6,0,19,0,6,0
05-05-20,Lawrence,15,0,15,0,0,0,17,0,954,6,971,6,0,0,0,0,0,15,0,3,0
05-05-20,Lewis,3,0,3,0,0,0,3,0,150,3,153,3,0,0,0,0,0,3,0,0,0
05-05-20,Lincoln,16,0,16,0,0,0,19,0,702,3,721,3,0,0,-2,0,2,16,0,2,0
05-05-20,Loudon,39,0,38,0,1,0,44,1,777,57,821,58,0,0,-1,9,1,30,0,3,0
05-05-20,Macon,55,1,55,1,0,0,63,1,823,2,886,3,0,3,0,18,1,34,1,11,3
05-05-20,Madison,141,2,141,2,0,0,155,2,2913,73,3068,75,0,1,1,13,1,127,1,19,1
05-05-20,Marion,29,0,28,0,1,0,34,1,547,18,581,19,0,1,-1,-2,1,30,0,11,2
05-05-20,Marshall,23,0,23,0,0,0,25,0,654,12,679,12,0,1,0,3,0,19,0,5,1
05-05-20,Maury,50,0,50,0,0,0,57,0,1747,20,1804,20,0,0,-1,12,1,38,0,6,0
05-05-20,McMinn,113,1,113,1,0,0,115,1,1603,12,1718,13,1,2,-1,101,1,10,0,16,4
05-05-20,McNairy,11,0,11,0,0,0,15,0,472,6,487,6,0,0,0,0,0,11,0,1,0
05-05-20,Meigs,10,0,10,0,0,0,10,0,185,5,195,5,0,0,0,4,0,6,0,2,0
05-05-20,Monroe,27,1,25,1,2,0,28,0,506,21,534,21,0,1,-1,13,2,13,0,3,1
05-05-20,Montgomery,152,0,152,0,0,0,171,2,3891,114,4062,116,0,2,-4,12,4,138,0,17,3
05-05-20,Moore,3,0,3,0,0,0,4,0,183,0,187,0,0,0,0,0,0,3,0,0,0
05-05-20,Morgan,6,0,6,0,0,0,8,0,376,13,384,13,0,0,0,0,0,6,0,0,0
05-05-20,Obion,17,0,16,0,1,0,17,0,486,14,503,14,0,1,0,3,0,13,0,1,1
05-05-20,Out of State,179,4,179,4,0,0,196,6,26320,945,26516,951,0,5,2,35,2,139,0,16,1
05-05-20,Overton,11,1,11,1,0,0,11,1,693,11,704,12,0,0,1,2,0,9,0,1,0
05-05-20,Pending,0,0,0,0,0,0,0,0,21971,350,21971,350,0,0,0,-1,0,1,0,0,0
05-05-20,Perry,13,1,13,1,0,0,14,1,89,0,103,1,0,0,1,5,0,8,0,0,0
05-05-20,Pickett,0,0,0,0,0,0,0,0,184,1,184,1,0,0,0,0,0,0,0,0,0
05-05-20,Polk,15,0,15,0,0,0,17,0,218,5,235,5,0,0,0,7,0,8,0,3,0
05-05-20,Putnam,163,19,163,19,0,0,223,19,2423,128,2646,147,0,5,18,61,1,97,0,5,5
05-05-20,Rhea,5,0,5,0,0,0,7,0,612,9,619,9,0,0,0,0,0,5,0,0,0
05-05-20,Roane,11,0,10,0,1,0,16,1,1804,47,1820,48,0,0,0,1,0,10,0,2,0
05-05-20,Robertson,188,2,187,2,1,0,210,5,1710,16,1920,21,0,0,-1,53,3,135,1,23,2
05-05-20,Rutherford,652,13,652,13,0,0,727,20,5975,387,6702,407,1,12,2,197,10,443,0,68,17
05-05-20,Scott,12,0,11,0,1,0,11,0,311,16,322,16,0,0,0,-1,0,13,0,0,0
05-05-20,Sequatchie,9,1,9,1,0,0,8,0,609,107,617,107,0,0,1,3,0,6,1,2,0
05-05-20,Sevier,65,1,62,1,3,0,68,1,2084,62,2152,63,1,2,-5,15,5,48,0,7,2
05-05-20,Shelby,2958,58,2948,58,10,0,3378,70,24097,814,27475,884,2,60,12,807,44,2091,9,386,74
05-05-20,Smith,23,0,22,0,1,0,26,0,519,5,545,5,0,1,-1,3,1,19,0,1,1
05-05-20,Stewart,7,0,7,0,0,0,7,0,204,1,211,1,0,0,-1,0,1,7,0,1,0
05-05-20,Sullivan,55,0,52,0,3,0,56,0,1925,13,1981,13,0,1,0,7,0,47,0,6,1
05-05-20,Sumner,684,1,681,1,3,0,846,3,3734,91,4580,94,0,38,-10,78,11,568,0,196,40
05-05-20,Tipton,160,2,159,2,1,0,170,3,1568,49,1738,52,0,1,-1,48,3,111,0,19,2
05-05-20,Trousdale,1361,1,1360,1,1,0,1365,0,1555,4,2920,4,1,2,-20,1305,20,54,0,13,2
05-05-20,Unicoi,2,0,2,0,0,0,2,0,279,117,281,117,0,0,0,0,0,2,0,0,0
05-05-20,Union,3,0,3,0,0,0,3,0,300,6,303,6,0,0,0,0,0,3,0,0,0
05-05-20,Van Buren,2,0,2,0,0,0,2,0,236,4,238,4,0,0,-1,0,1,2,0,0,0
05-05-20,Warren,9,0,9,0,0,0,10,0,955,19,965,19,0,0,0,2,0,7,0,0,0
05-05-20,Washington,56,1,56,1,0,0,69,2,1867,27,1936,29,0,0,0,7,1,49,0,5,0
05-05-20,Wayne,4,0,4,0,0,0,5,0,279,0,284,0,0,0,-1,0,1,4,0,2,0
05-05-20,Weakley,26,0,26,0,0,0,25,0,664,9,689,9,0,0,-5,4,5,22,0,1,0
05-05-20,White,17,0,15,0,2,0,16,0,697,8,713,8,0,0,0,12,0,5,0,1,0
05-05-20,Williamson,424,3,424,3,0,0,465,5,5416,47,5881,52,0,9,2,45,1,370,0,43,10
05-05-20,Wilson,295,3,295,3,0,0,331,6,2847,50,3178,56,0,5,-4,64,7,226,1,28,7
05-04-20,Anderson,27,0,26,0,1,0,30,0,2410,92,2440,92,0,1,-1,6,1,20,0,2,1
05-04-20,Bedford,205,1,205,1,0,0,224,1,1438,9,1662,10,0,3,-7,63,8,139,0,10,3
05-04-20,Benton,6,0,6,0,0,0,7,0,248,11,255,11,0,1,0,1,0,4,0,2,1
05-04-20,Bledsoe,601,0,601,0,0,0,607,0,2934,7,3541,7,0,0,-331,47,331,554,0,4,0
05-04-20,Blount,70,2,67,2,3,0,79,2,1522,150,1601,152,0,3,1,13,1,54,0,5,3
05-04-20,Bradley,54,5,54,5,0,0,61,5,1250,253,1311,258,0,1,5,15,0,38,0,10,1
05-04-20,Campbell,17,0,16,0,1,0,22,0,534,23,556,23,0,1,0,1,0,15,0,2,1
05-04-20,Cannon,12,1,12,1,0,0,21,1,294,7,315,8,0,0,1,3,0,9,0,2,0
05-04-20,Carroll,21,0,16,0,5,0,17,0,617,101,634,101,0,1,0,2,0,18,0,1,1
05-04-20,Carter,19,1,18,1,1,0,15,1,775,211,790,212,0,1,1,11,0,7,0,2,1
05-04-20,Cheatham,63,4,63,4,0,0,68,3,986,31,1054,34,0,0,-1,25,5,38,0,8,0
05-04-20,Chester,9,0,9,0,0,0,11,0,289,8,300,8,0,0,-1,0,1,9,0,1,0
05-04-20,Claiborne,6,0,6,0,0,0,6,0,307,13,313,13,0,0,0,1,0,5,0,0,0
05-04-20,Clay,6,0,6,0,0,0,6,0,261,6,267,6,0,0,0,0,0,6,0,0,0
05-04-20,Cocke,19,0,17,0,2,0,19,1,530,48,549,49,0,0,0,4,0,15,0,1,0
05-04-20,Coffee,46,0,45,0,1,0,48,0,1217,10,1265,10,0,0,-1,21,1,25,0,5,0
05-04-20,Crockett,9,0,7,0,2,0,10,0,316,3,326,3,0,0,0,5,0,4,0,1,1
05-04-20,Cumberland,85,5,84,4,1,1,103,4,2002,74,2105,78,0,1,2,14,3,70,0,9,1
05-04-20,Davidson,3073,119,3072,119,1,0,3372,129,27528,813,30900,942,1,29,12,895,106,2149,4,291,36
05-04-20,Decatur,4,0,4,0,0,0,4,0,178,8,182,8,0,0,0,0,0,4,0,0,0
05-04-20,Dekalb,25,3,25,3,0,0,26,4,719,27,745,31,0,0,3,12,0,13,0,0,0
05-04-20,Dickson,84,3,84,3,0,0,95,3,1167,22,1262,25,0,0,2,21,1,63,0,12,0
05-04-20,Dyer,38,0,37,0,1,0,41,1,770,44,811,45,0,0,-1,6,1,32,0,5,0
05-04-20,Fayette,67,6,67,6,0,0,90,6,1242,40,1332,46,0,1,5,19,1,47,1,11,1
05-04-20,Fentress,5,1,5,1,0,0,5,1,276,27,281,28,0,0,1,1,0,4,0,1,0
05-04-20,Franklin,36,1,36,1,0,0,38,1,1213,17,1251,18,0,1,1,7,0,28,0,4,1
05-04-20,Gibson,52,0,48,0,4,0,58,0,1294,36,1352,36,0,1,0,15,0,36,0,4,1
05-04-20,Giles,9,0,9,0,0,0,10,0,479,3,489,3,0,0,0,2,0,7,0,0,0
05-04-20,Grainger,7,0,6,0,1,0,6,1,321,14,327,15,0,0,0,3,0,4,0,2,0
05-04-20,Greene,42,0,42,0,0,0,47,0,909,12,956,12,0,2,0,2,0,38,0,7,2
05-04-20,Grundy,26,1,26,1,0,0,31,1,317,1,348,2,0,1,0,2,1,23,0,10,1
05-04-20,Hamblen,25,1,19,0,6,1,20,0,1155,82,1175,82,0,2,0,8,1,15,0,3,2
05-04-20,Hamilton,182,6,181,6,1,0,197,9,3886,156,4083,165,0,13,3,39,3,130,0,42,14
05-04-20,Hancock,0,0,0,0,0,0,0,0,72,2,72,2,0,0,0,0,0,0,0,0,0
05-04-20,Hardeman,25,0,25,0,0,0,25,0,556,26,581,26,0,0,0,10,0,15,0,3,0
05-04-20,Hardin,7,0,7,0,0,0,7,0,894,12,901,12,0,0,0,3,0,4,0,0,0
05-04-20,Hawkins,31,0,31,0,0,0,42,0,907,15,949,15,0,2,0,0,0,29,0,6,2
05-04-20,Haywood,27,0,26,0,1,0,29,0,406,12,435,12,0,1,0,13,0,13,0,6,1
05-04-20,Henderson,9,0,9,0,0,0,11,0,610,8,621,8,0,0,-1,3,1,6,0,0,0
05-04-20,Henry,13,0,13,0,0,0,16,0,748,25,764,25,0,0,-1,2,1,11,0,3,0
05-04-20,Hickman,42,0,42,0,0,0,63,0,584,8,647,8,0,0,-3,22,3,20,0,2,0
05-04-20,Houston,7,1,7,1,0,0,7,1,178,1,185,2,0,0,1,2,0,5,1,5,0
05-04-20,Humphreys,11,0,11,0,0,0,12,0,353,7,365,7,0,1,-1,2,1,8,0,0,1
05-04-20,Jackson,7,0,7,0,0,0,10,0,423,16,433,16,0,0,0,0,0,7,0,0,0
05-04-20,Jefferson,25,1,23,1,2,0,24,2,970,43,994,45,0,0,0,7,1,18,0,0,0
05-04-20,Johnson,6,0,6,0,0,0,5,2,103,6,108,8,0,0,0,3,0,3,0,0,0
05-04-20,Knox,255,3,250,3,5,0,288,6,7929,291,8217,297,0,5,-4,31,7,219,0,31,5
05-04-20,Lake,57,0,56,0,1,0,57,0,1081,2,1138,2,0,0,-14,25,14,32,0,0,0
05-04-20,Lauderdale,24,0,23,0,1,0,32,1,392,13,424,14,0,0,0,5,0,19,0,6,0
05-04-20,Lawrence,15,0,15,0,0,0,17,0,948,11,965,11,0,0,0,0,0,15,0,3,0
05-04-20,Lewis,3,0,3,0,0,0,3,0,147,0,150,0,0,0,0,0,0,3,0,0,0
05-04-20,Lincoln,16,0,16,0,0,0,19,1,699,33,718,34,0,0,0,2,0,14,0,2,0
05-04-20,Loudon,39,0,38,0,1,0,43,2,720,31,763,33,0,0,-2,10,2,29,0,3,0
05-04-20,Macon,54,3,54,3,0,0,62,3,821,27,883,30,0,3,3,18,0,33,0,10,3
05-04-20,Madison,139,0,139,0,0,0,153,1,2840,82,2993,83,0,1,-1,12,1,126,0,18,1
05-04-20,Marion,29,0,28,0,1,0,33,0,529,1,562,1,0,1,0,-1,0,29,0,11,2
05-04-20,Marshall,23,1,23,1,0,0,25,1,642,2,667,3,0,1,0,3,1,19,0,5,1
05-04-20,Maury,50,4,50,4,0,0,57,5,1727,19,1784,24,0,0,4,13,0,37,0,6,0
05-04-20,McMinn,112,9,112,9,0,0,114,10,1591,24,1705,34,0,1,7,102,2,9,0,16,4
05-04-20,McNairy,11,0,11,0,0,0,15,1,466,41,481,42,0,0,-1,0,1,11,0,1,0
05-04-20,Meigs,10,0,10,0,0,0,10,0,180,6,190,6,0,0,-1,4,1,6,0,2,0
05-04-20,Monroe,26,4,24,4,2,0,28,3,485,23,513,26,0,1,4,14,0,11,1,3,1
05-04-20,Montgomery,152,1,152,1,0,0,169,1,3777,113,3946,114,0,2,0,16,1,134,0,17,3
05-04-20,Moore,3,0,3,0,0,0,4,0,183,4,187,4,0,0,0,0,0,3,0,0,0
05-04-20,Morgan,6,0,6,0,0,0,8,0,363,12,371,12,0,0,0,0,0,6,0,0,0
05-04-20,Obion,17,0,16,0,1,0,17,0,472,10,489,10,0,1,-1,3,1,13,0,1,1
05-04-20,Out of State,175,4,175,4,0,0,190,4,25375,1208,25565,1212,4,5,-3,33,3,137,0,16,1
05-04-20,Overton,10,0,10,0,0,0,10,0,682,21,692,21,0,0,0,1,0,9,0,1,0
05-04-20,Pending,0,0,0,0,0,0,0,0,21621,529,21621,529,0,0,0,-1,0,1,0,0,0
05-04-20,Perry,12,0,12,0,0,0,13,0,89,0,102,0,0,0,0,4,0,8,0,0,0
05-04-20,Pickett,0,0,0,0,0,0,0,0,183,2,183,2,0,0,0,0,0,0,0,0,0
05-04-20,Polk,15,2,15,2,0,0,17,2,213,14,230,16,0,0,2,7,0,8,0,3,0
05-04-20,Putnam,144,3,144,3,0,0,204,1,2295,18,2499,19,0,5,0,43,3,96,1,5,5
05-04-20,Rhea,5,0,5,0,0,0,7,0,603,6,610,6,0,0,0,0,0,5,0,0,0
05-04-20,Roane,11,0,10,0,1,0,15,0,1757,62,1772,62,0,0,0,1,0,10,0,2,0
05-04-20,Robertson,186,6,185,6,1,0,205,5,1694,72,1899,77,0,0,-3,54,9,132,0,22,2
05-04-20,Rutherford,639,30,639,30,0,0,707,28,5588,312,6295,340,0,11,21,195,9,433,2,68,15
05-04-20,Scott,12,0,11,0,1,0,11,0,295,10,306,10,0,0,0,-1,0,13,0,0,0
05-04-20,Sequatchie,8,0,8,0,0,0,8,0,502,1,510,1,0,0,0,2,0,6,0,1,0
05-04-20,Sevier,64,4,61,4,3,0,67,5,2022,85,2089,90,0,1,0,20,4,43,0,7,2
05-04-20,Shelby,2900,53,2890,52,10,1,3308,79,23283,623,26591,702,3,58,1,795,49,2047,8,377,70
05-04-20,Smith,23,0,22,0,1,0,26,1,514,19,540,20,0,1,-1,4,1,18,0,1,1
05-04-20,Stewart,7,0,7,0,0,0,7,0,203,4,210,4,0,0,0,1,0,6,0,1,0
05-04-20,Sullivan,55,3,52,2,3,1,56,3,1912,175,1968,178,0,1,2,7,1,47,0,6,1
05-04-20,Sumner,683,8,680,8,3,0,843,12,3643,96,4486,108,0,38,1,88,7,557,1,196,40
05-04-20,Tipton,158,0,157,0,1,0,167,0,1519,56,1686,56,1,1,-2,49,1,108,0,19,1
05-04-20,Trousdale,1360,2,1359,2,1,0,1365,0,1551,12,2916,12,0,1,-1,1325,3,34,1,13,2
05-04-20,Unicoi,2,0,2,0,0,0,2,0,162,7,164,7,0,0,0,0,0,2,0,0,0
05-04-20,Union,3,0,3,0,0,0,3,0,294,5,297,5,0,0,0,0,0,3,0,0,0
05-04-20,Van Buren,2,0,2,0,0,0,2,0,232,16,234,16,0,0,0,1,0,1,0,0,0
05-04-20,Warren,9,0,9,0,0,0,10,0,936,70,946,70,0,0,0,2,0,7,0,0,0
05-04-20,Washington,55,0,55,0,0,0,67,0,1840,52,1907,52,0,0,-1,7,1,48,0,5,0
05-04-20,Wayne,4,0,4,0,0,0,5,0,279,1,284,1,0,0,0,1,0,3,0,2,0
05-04-20,Weakley,26,1,26,1,0,0,25,1,655,19,680,20,0,0,-1,9,2,17,0,1,0
05-04-20,White,17,1,15,1,2,0,16,0,689,31,705,31,0,0,1,12,0,5,0,1,0
05-04-20,Williamson,421,6,421,6,0,0,460,6,5369,130,5829,136,0,9,2,43,4,369,0,43,10
05-04-20,Wilson,292,2,292,2,0,0,325,3,2797,94,3122,97,0,5,-7,68,9,219,0,27,6
05-03-20,Anderson,27,1,26,1,1,0,30,1,2318,93,2348,94,0,1,1,7,0,19,0,2,1
05-03-20,Bedford,204,7,204,7,0,0,223,15,1429,90,1652,105,1,3,-1,70,7,131,0,10,3
05-03-20,Benton,6,0,6,0,0,0,7,0,237,6,244,6,0,1,0,1,0,4,0,2,1
05-03-20,Bledsoe,601,3,601,3,0,0,607,3,2927,32,3534,35,0,0,-46,378,49,223,0,4,0
05-03-20,Blount,68,1,65,1,3,0,77,1,1372,79,1449,80,0,3,0,12,1,53,0,5,3
05-03-20,Bradley,49,1,49,1,0,0,56,0,997,79,1053,79,0,1,1,10,0,38,1,10,1
05-03-20,Campbell,17,0,16,0,1,0,22,0,511,39,533,39,0,1,0,1,0,15,0,2,1
05-03-20,Cannon,11,0,11,0,0,0,20,0,287,8,307,8,0,0,-2,2,2,9,0,2,0
05-03-20,Carroll,21,0,16,0,5,0,17,0,516,4,533,4,0,1,-1,2,1,18,0,1,1
05-03-20,Carter,18,0,17,0,1,0,14,0,564,41,578,41,0,1,0,10,0,7,0,2,1
05-03-20,Cheatham,59,6,59,6,0,0,65,7,955,37,1020,44,0,0,4,26,2,33,2,8,0
05-03-20,Chester,9,0,9,0,0,0,11,0,281,1,292,1,0,0,0,1,0,8,0,1,0
05-03-20,Claiborne,6,1,6,1,0,0,6,1,294,6,300,7,0,0,1,1,0,5,0,0,0
05-03-20,Clay,6,0,6,0,0,0,6,0,255,2,261,2,0,0,0,0,0,6,0,0,0
05-03-20,Cocke,19,0,17,0,2,0,18,2,482,44,500,46,0,0,0,4,0,15,0,1,0
05-03-20,Coffee,46,6,45,6,1,0,48,8,1207,80,1255,88,0,0,6,22,0,24,1,5,0
05-03-20,Crockett,9,0,7,0,2,0,10,0,313,2,323,2,0,0,0,5,0,4,0,1,1
05-03-20,Cumberland,80,6,80,6,0,0,99,6,1928,153,2027,159,0,1,5,12,1,67,0,9,1
05-03-20,Davidson,2954,153,2953,153,1,0,3243,168,26715,1043,29958,1211,0,28,97,883,56,2043,6,287,35
05-03-20,Decatur,4,0,4,0,0,0,4,0,170,2,174,2,0,0,0,0,0,4,0,0,0
05-03-20,Dekalb,22,2,22,2,0,0,22,2,692,24,714,26,0,0,1,9,1,13,0,0,0
05-03-20,Dickson,81,0,81,0,0,0,92,1,1145,57,1237,58,0,0,-4,19,4,62,0,12,0
05-03-20,Dyer,38,0,37,0,1,0,40,0,726,4,766,4,0,0,-1,7,1,31,0,5,0
05-03-20,Fayette,61,1,61,1,0,0,84,3,1202,39,1286,42,0,1,1,14,0,46,0,10,1
05-03-20,Fentress,4,0,4,0,0,0,4,0,249,22,253,22,0,0,0,0,0,4,0,1,0
05-03-20,Franklin,35,0,35,0,0,0,37,0,1196,87,1233,87,0,1,0,6,0,28,0,4,1
05-03-20,Gibson,52,0,48,0,4,0,58,0,1258,27,1316,27,0,1,-1,15,1,36,0,4,1
05-03-20,Giles,9,0,9,0,0,0,10,0,476,43,486,43,0,0,0,2,0,7,0,0,0
05-03-20,Grainger,7,0,6,0,1,0,5,0,307,7,312,7,0,0,0,3,0,4,0,2,0
05-03-20,Greene,42,0,42,0,0,0,47,0,897,60,944,60,0,2,0,2,0,38,0,7,2
05-03-20,Grundy,25,0,25,0,0,0,30,0,316,9,346,9,0,1,0,2,0,22,0,10,1
05-03-20,Hamblen,24,2,19,1,5,1,20,1,1073,95,1093,96,0,2,2,8,0,14,0,3,2
05-03-20,Hamilton,176,3,175,3,1,0,188,3,3730,99,3918,102,0,13,1,36,2,127,0,42,14
05-03-20,Hancock,0,0,0,0,0,0,0,0,70,2,70,2,0,0,0,0,0,0,0,0,0
05-03-20,Hardeman,25,1,25,1,0,0,25,1,530,11,555,12,0,0,1,10,0,15,0,3,0
05-03-20,Hardin,7,1,7,1,0,0,7,1,882,6,889,7,0,0,1,3,0,4,0,0,0
05-03-20,Hawkins,31,1,31,1,0,0,42,2,892,55,934,57,0,2,0,0,1,29,0,6,2
05-03-20,Haywood,27,2,26,2,1,0,29,4,394,20,423,24,0,1,2,13,0,13,0,6,1
05-03-20,Henderson,9,0,9,0,0,0,11,0,602,3,613,3,0,0,0,4,0,5,0,0,0
05-03-20,Henry,13,0,13,0,0,0,16,0,723,15,739,15,0,0,-1,3,1,10,0,3,0
05-03-20,Hickman,42,2,42,2,0,0,63,21,576,43,639,64,0,0,-12,25,14,17,0,2,0
05-03-20,Houston,6,0,6,0,0,0,6,0,177,7,183,7,0,0,0,1,0,5,0,4,0
05-03-20,Humphreys,11,0,11,0,0,0,12,0,346,24,358,24,0,1,0,3,0,7,0,0,1
05-03-20,Jackson,7,0,7,0,0,0,10,0,407,5,417,5,0,0,0,0,0,7,0,0,0
05-03-20,Jefferson,24,2,22,2,2,0,22,3,927,55,949,58,0,0,2,7,0,17,0,0,0
05-03-20,Johnson,6,2,6,2,0,0,3,0,97,12,100,12,0,0,2,3,0,3,0,0,0
05-03-20,Knox,252,7,247,5,5,2,282,6,7638,280,7920,286,0,5,6,35,1,212,2,31,5
05-03-20,Lake,57,2,56,2,1,0,57,3,1079,2,1136,5,0,0,-9,39,11,18,0,0,0
05-03-20,Lauderdale,24,0,23,0,1,0,31,3,379,17,410,20,0,0,0,5,0,19,0,6,0
05-03-20,Lawrence,15,0,15,0,0,0,17,0,937,61,954,61,0,0,0,0,0,15,0,3,0
05-03-20,Lewis,3,0,3,0,0,0,3,0,147,19,150,19,0,0,0,0,0,3,0,0,0
05-03-20,Lincoln,16,1,16,1,0,0,18,0,666,84,684,84,0,0,0,2,1,14,0,2,0
05-03-20,Loudon,39,0,38,0,1,0,41,1,689,20,730,21,0,0,0,12,0,27,0,3,0
05-03-20,Macon,51,3,51,3,0,0,59,3,794,34,853,37,0,3,3,15,0,33,0,10,3
05-03-20,Madison,139,0,139,0,0,0,152,1,2758,30,2910,31,0,1,-10,13,10,125,0,18,1
05-03-20,Marion,29,0,28,0,1,0,33,0,528,9,561,9,0,1,0,-1,0,29,0,11,2
05-03-20,Marshall,22,0,22,0,0,0,24,0,640,46,664,46,0,1,-1,3,1,18,0,5,1
05-03-20,Maury,46,1,46,1,0,0,52,1,1708,124,1760,125,0,0,0,9,1,37,0,6,0
05-03-20,McMinn,103,1,103,1,0,0,104,1,1567,141,1671,142,0,1,1,95,0,7,0,16,4
05-03-20,McNairy,11,0,11,0,0,0,14,0,425,3,439,3,0,0,0,1,0,10,0,1,0
05-03-20,Meigs,10,2,10,2,0,0,10,2,174,14,184,16,0,0,2,5,0,5,0,2,0
05-03-20,Monroe,22,1,20,0,2,1,25,0,462,25,487,25,0,1,1,10,0,11,0,2,1
05-03-20,Montgomery,151,0,151,0,0,0,168,0,3664,174,3832,174,0,2,-2,16,2,133,0,17,3
05-03-20,Moore,3,0,3,0,0,0,4,0,179,14,183,14,0,0,0,0,0,3,0,0,0
05-03-20,Morgan,6,0,6,0,0,0,8,0,351,18,359,18,0,0,0,0,0,6,0,0,0
05-03-20,Obion,17,0,16,0,1,0,17,1,462,26,479,27,0,1,0,4,0,12,0,1,1
05-03-20,Out of State,171,2,171,2,0,0,186,2,24167,846,24353,848,0,1,2,36,0,134,0,16,1
05-03-20,Overton,10,0,10,0,0,0,10,0,661,28,671,28,0,0,0,1,0,9,0,1,0
05-03-20,Pending,0,0,0,0,0,0,0,0,21092,1004,21092,1004,0,0,0,-1,0,1,0,0,0
05-03-20,Perry,12,0,12,0,0,0,13,0,89,3,102,3,0,0,-2,4,2,8,0,0,0
05-03-20,Pickett,0,0,0,0,0,0,0,0,181,5,181,5,0,0,0,0,0,0,0,0,0
05-03-20,Polk,13,0,13,0,0,0,15,0,199,25,214,25,0,0,0,5,0,8,0,3,0
05-03-20,Putnam,141,4,141,4,0,0,203,3,2277,116,2480,119,0,5,3,43,1,93,0,4,5
05-03-20,Rhea,5,1,5,1,0,0,7,1,597,39,604,40,0,0,0,0,1,5,0,0,0
05-03-20,Roane,11,0,10,0,1,0,15,0,1695,44,1710,44,0,0,0,1,0,10,0,2,0
05-03-20,Robertson,180,4,179,4,1,0,200,8,1622,94,1822,102,0,0,4,57,0,123,0,22,2
05-03-20,Rutherford,609,32,609,32,0,0,679,32,5276,361,5955,393,0,11,22,174,10,424,0,66,14
05-03-20,Scott,12,0,11,0,1,0,11,0,285,11,296,11,0,0,-1,-1,1,13,0,0,0
05-03-20,Sequatchie,8,0,8,0,0,0,8,0,501,61,509,61,0,0,0,2,0,6,0,1,0
05-03-20,Sevier,60,2,57,1,3,1,62,1,1937,132,1999,133,0,1,1,20,1,39,0,7,2
05-03-20,Shelby,2847,81,2838,81,9,0,3229,82,22660,998,25889,1080,0,55,45,794,36,1998,10,369,68
05-03-20,Smith,23,0,22,0,1,0,25,1,495,40,520,41,0,1,0,5,0,17,0,1,1
05-03-20,Stewart,7,0,7,0,0,0,7,0,199,9,206,9,0,0,0,1,0,6,0,1,0
05-03-20,Sullivan,52,1,50,1,2,0,53,1,1737,294,1790,295,0,1,1,5,0,46,0,6,1
05-03-20,Sumner,675,7,672,7,3,0,831,8,3547,191,4378,199,0,38,-4,87,11,550,1,195,39
05-03-20,Tipton,158,6,157,6,1,0,167,5,1463,53,1630,58,0,0,2,51,4,107,2,19,1
05-03-20,Trousdale,1358,0,1357,0,1,0,1365,2,1539,19,2904,21,0,1,-1,1326,1,31,0,12,1
05-03-20,Unicoi,2,0,2,0,0,0,2,0,155,6,157,6,0,0,0,0,0,2,0,0,0
05-03-20,Union,3,0,3,0,0,0,3,0,289,4,292,4,0,0,0,0,0,3,0,0,0
05-03-20,Van Buren,2,0,2,0,0,0,2,0,216,19,218,19,0,0,0,1,0,1,0,0,0
05-03-20,Warren,9,0,9,0,0,0,10,0,866,122,876,122,0,0,-1,2,1,7,0,0,0
05-03-20,Washington,55,0,55,0,0,0,67,1,1788,98,1855,99,0,0,0,8,0,47,0,5,0
05-03-20,Wayne,4,0,4,0,0,0,5,0,278,7,283,7,0,0,0,1,0,3,0,2,0
05-03-20,Weakley,25,0,25,0,0,0,24,0,636,27,660,27,0,0,-3,10,3,15,0,1,0
05-03-20,White,16,3,14,2,2,1,16,3,658,56,674,59,0,0,3,11,0,5,0,1,0
05-03-20,Williamson,415,3,415,3,0,0,454,5,5239,295,5693,300,0,9,0,41,3,365,0,43,10
05-03-20,Wilson,290,2,290,2,0,0,322,9,2703,180,3025,189,0,5,-3,75,5,210,0,27,6
05-02-20,Anderson,26,0,25,0,1,0,29,0,2225,68,2254,68,0,1,0,6,0,19,0,2,1
05-02-20,Bedford,197,1,197,1,0,0,208,3,1339,48,1547,51,0,2,-18,71,19,124,0,10,3
05-02-20,Benton,6,0,6,0,0,0,7,1,231,11,238,12,0,1,0,1,0,4,0,2,1
05-02-20,Bledsoe,598,2,598,2,0,0,604,2,2895,32,3499,34,0,0,-111,424,113,174,0,4,0
05-02-20,Blount,67,0,64,0,3,0,76,1,1293,27,1369,28,0,3,-2,12,2,52,0,5,3
05-02-20,Bradley,48,0,48,0,0,0,56,0,918,51,974,51,0,1,0,9,0,38,0,9,1
05-02-20,Campbell,17,0,16,0,1,0,22,0,472,21,494,21,0,1,0,1,0,15,0,2,1
05-02-20,Cannon,11,0,11,0,0,0,20,1,279,7,299,8,0,0,0,4,0,7,0,2,0
05-02-20,Carroll,21,0,16,0,5,0,17,0,512,27,529,27,0,1,0,3,0,17,0,1,1
05-02-20,Carter,18,0,17,0,1,0,14,0,523,28,537,28,0,1,-1,10,1,7,0,2,1
05-02-20,Cheatham,53,1,53,1,0,0,58,2,918,23,976,25,0,0,0,22,1,31,0,6,0
05-02-20,Chester,9,0,9,0,0,0,11,0,280,10,291,10,0,0,0,1,0,8,0,1,0
05-02-20,Claiborne,5,0,5,0,0,0,5,0,288,8,293,8,0,0,0,0,0,5,0,0,0
05-02-20,Clay,6,0,6,0,0,0,6,0,253,8,259,8,0,0,0,0,0,6,0,0,0
05-02-20,Cocke,19,0,17,0,2,0,16,1,438,20,454,21,0,0,0,4,0,15,0,1,0
05-02-20,Coffee,40,0,39,0,1,0,40,1,1127,47,1167,48,0,0,-2,16,2,24,0,4,0
05-02-20,Crockett,9,0,7,0,2,0,10,0,311,8,321,8,0,0,-1,5,1,4,0,1,1
05-02-20,Cumberland,74,1,74,1,0,0,93,3,1775,118,1868,121,0,1,0,7,1,66,0,9,1
05-02-20,Davidson,2801,44,2800,44,1,0,3075,64,25672,418,28747,482,0,28,-28,786,72,1987,4,281,33
05-02-20,Decatur,4,0,4,0,0,0,4,0,168,4,172,4,0,0,0,0,0,4,0,0,0
05-02-20,Dekalb,20,2,20,2,0,0,20,1,668,30,688,31,0,0,1,8,1,12,0,0,0
05-02-20,Dickson,81,6,81,6,0,0,91,6,1088,40,1179,46,0,0,4,23,2,58,1,12,0
05-02-20,Dyer,38,0,37,0,1,0,40,0,722,56,762,56,0,0,0,8,0,30,0,5,0
05-02-20,Fayette,60,3,60,3,0,0,81,3,1163,62,1244,65,0,1,2,13,1,46,0,10,1
05-02-20,Fentress,4,0,4,0,0,0,4,0,227,13,231,13,0,0,0,0,0,4,0,1,0
05-02-20,Franklin,35,0,35,0,0,0,37,0,1109,53,1146,53,0,1,-1,6,1,28,0,4,1
05-02-20,Gibson,52,3,48,3,4,0,58,4,1231,49,1289,53,0,1,3,16,0,35,0,4,1
05-02-20,Giles,9,0,9,0,0,0,10,0,433,27,443,27,0,0,0,2,0,7,0,0,0
05-02-20,Grainger,7,0,6,0,1,0,5,0,300,7,305,7,0,0,0,3,0,4,0,2,0
05-02-20,Greene,42,0,42,0,0,0,47,0,837,32,884,32,0,2,-1,2,1,38,0,7,2
05-02-20,Grundy,25,0,25,0,0,0,30,0,307,4,337,4,0,1,0,2,0,22,0,10,1
05-02-20,Hamblen,22,0,18,0,4,0,19,0,978,36,997,36,0,2,0,6,0,14,0,3,2
05-02-20,Hamilton,173,5,172,5,1,0,185,5,3631,478,3816,483,0,13,3,35,2,125,1,42,14
05-02-20,Hancock,0,0,0,0,0,0,0,0,68,21,68,21,0,0,0,0,0,0,0,0,0
05-02-20,Hardeman,24,1,24,1,0,0,24,1,519,156,543,157,0,0,0,9,1,15,0,3,0
05-02-20,Hardin,6,1,6,1,0,0,6,1,876,15,882,16,0,0,1,2,0,4,0,0,0
05-02-20,Hawkins,30,0,30,0,0,0,40,0,837,32,877,32,0,2,-1,0,1,28,0,6,2
05-02-20,Haywood,25,1,24,1,1,0,25,0,374,17,399,17,0,1,1,11,0,13,0,6,1
05-02-20,Henderson,9,1,9,1,0,0,11,1,599,16,610,17,0,0,1,4,0,5,0,0,0
05-02-20,Henry,13,0,13,0,0,0,16,0,708,38,724,38,0,0,0,4,0,9,0,3,0
05-02-20,Hickman,40,0,40,0,0,0,42,0,533,18,575,18,0,0,0,37,0,3,0,2,0
05-02-20,Houston,6,0,6,0,0,0,6,0,170,6,176,6,0,0,0,1,0,5,0,4,0
05-02-20,Humphreys,11,0,11,0,0,0,12,0,322,11,334,11,0,1,0,3,0,7,0,0,1
05-02-20,Jackson,7,0,7,0,0,0,10,0,402,32,412,32,0,0,0,0,0,7,0,0,0
05-02-20,Jefferson,22,0,20,0,2,0,19,0,872,24,891,24,0,0,0,5,0,17,0,0,0
05-02-20,Johnson,4,0,4,0,0,0,3,1,85,3,88,4,0,0,0,1,0,3,0,0,0
05-02-20,Knox,245,3,242,3,3,0,276,5,7358,319,7634,324,0,5,1,29,2,211,1,29,5
05-02-20,Lake,55,0,54,0,1,0,54,0,1077,10,1131,10,0,0,0,48,0,7,0,0,0
05-02-20,Lauderdale,24,0,23,0,1,0,28,0,362,17,390,17,0,0,0,5,0,19,0,6,0
05-02-20,Lawrence,15,0,15,0,0,0,17,0,876,35,893,35,0,0,0,0,0,15,0,3,0
05-02-20,Lewis,3,0,3,0,0,0,3,0,128,13,131,13,0,0,0,0,0,3,0,0,0
05-02-20,Lincoln,15,0,15,0,0,0,18,3,582,49,600,52,0,0,-1,2,1,13,0,2,0
05-02-20,Loudon,39,1,38,1,1,0,40,6,669,43,709,49,0,0,0,12,1,27,0,3,0
05-02-20,Macon,48,4,48,4,0,0,56,4,760,20,816,24,0,3,3,12,1,33,0,10,3
05-02-20,Madison,139,3,139,3,0,0,151,4,2728,97,2879,101,0,1,-2,23,5,115,0,18,1
05-02-20,Marion,29,0,28,0,1,0,33,0,519,9,552,9,0,1,0,-1,0,29,0,11,2
05-02-20,Marshall,22,0,22,0,0,0,24,1,594,37,618,38,0,1,-1,4,1,17,0,5,1
05-02-20,Maury,45,0,45,0,0,0,51,0,1584,41,1635,41,0,0,-1,9,1,36,0,6,0
05-02-20,McMinn,102,3,102,3,0,0,103,3,1426,89,1529,92,0,1,3,94,0,7,0,16,2
05-02-20,McNairy,11,0,11,0,0,0,14,0,422,36,436,36,0,0,-1,1,1,10,0,1,0
05-02-20,Meigs,8,0,8,0,0,0,8,0,160,6,168,6,0,0,0,3,0,5,0,2,0
05-02-20,Monroe,21,0,20,0,1,0,25,1,437,19,462,20,0,1,0,9,0,11,0,2,1
05-02-20,Montgomery,151,0,151,0,0,0,168,0,3490,118,3658,118,0,2,-3,18,3,131,0,17,3
05-02-20,Moore,3,0,3,0,0,0,4,0,165,10,169,10,0,0,0,0,0,3,0,0,0
05-02-20,Morgan,6,0,6,0,0,0,8,0,333,27,341,27,0,0,0,0,0,6,0,0,0
05-02-20,Obion,17,0,16,0,1,0,16,0,436,23,452,23,0,1,-1,4,1,12,0,1,1
05-02-20,Out of State,169,10,169,10,0,0,184,13,23321,798,23505,811,0,1,10,34,0,134,0,16,1
05-02-20,Overton,10,0,10,0,0,0,10,0,633,23,643,23,0,0,0,1,0,9,0,1,0
05-02-20,Pending,0,0,0,0,0,0,0,0,20088,431,20088,431,0,0,0,-1,0,1,0,0,0
05-02-20,Perry,12,0,12,0,0,0,13,3,86,10,99,13,0,0,0,6,0,6,0,0,0
05-02-20,Pickett,0,0,0,0,0,0,0,0,176,3,176,3,0,0,0,0,0,0,0,0,0
05-02-20,Polk,13,3,13,3,0,0,15,3,174,20,189,23,0,0,2,5,1,8,0,3,0
05-02-20,Putnam,137,0,137,0,0,0,200,8,2161,153,2361,161,0,5,-1,40,1,92,0,4,5
05-02-20,Rhea,4,0,4,0,0,0,6,0,558,36,564,36,0,0,-2,0,2,4,0,0,0
05-02-20,Roane,11,0,10,0,1,0,15,0,1651,59,1666,59,0,0,0,1,0,10,0,2,0
05-02-20,Robertson,176,12,175,12,1,0,192,12,1528,51,1720,63,0,0,11,53,1,123,1,22,2
05-02-20,Rutherford,577,15,577,15,0,0,647,18,4915,227,5562,245,0,11,8,152,7,414,3,66,12
05-02-20,Scott,12,0,11,0,1,0,11,0,274,17,285,17,0,0,0,0,0,12,0,0,0
05-02-20,Sequatchie,8,0,8,0,0,0,8,0,440,25,448,25,0,0,0,2,0,6,0,1,0
05-02-20,Sevier,58,3,56,3,2,0,61,5,1805,75,1866,80,0,1,2,19,1,38,0,7,2
05-02-20,Shelby,2766,89,2757,88,9,1,3147,119,21662,1066,24809,1185,4,55,45,749,40,1962,4,359,66
05-02-20,Smith,23,0,22,0,1,0,24,0,455,3,479,3,0,1,-3,5,3,17,0,1,1
05-02-20,Stewart,7,0,7,0,0,0,7,0,190,9,197,9,0,0,0,1,0,6,0,1,0
05-02-20,Sullivan,51,0,49,0,2,0,52,0,1443,114,1495,114,0,1,0,4,0,46,0,6,1
05-02-20,Sumner,668,5,665,5,3,0,823,14,3356,27,4179,41,1,38,-2,91,6,539,0,194,39
05-02-20,Tipton,152,0,151,0,1,0,162,0,1410,37,1572,37,0,0,-16,49,16,103,0,17,0
05-02-20,Trousdale,1358,0,1357,0,1,0,1363,3,1520,14,2883,17,0,1,-1,1327,1,30,0,12,1
05-02-20,Unicoi,2,0,2,0,0,0,2,0,149,1,151,1,0,0,0,0,0,2,0,0,0
05-02-20,Union,3,0,3,0,0,0,3,0,285,14,288,14,0,0,0,0,0,3,0,0,0
05-02-20,Van Buren,2,0,2,0,0,0,2,0,197,1,199,1,0,0,0,1,0,1,0,0,0
05-02-20,Warren,9,0,9,0,0,0,10,0,744,16,754,16,0,0,0,3,0,6,0,0,0
05-02-20,Washington,55,0,55,0,0,0,66,1,1690,60,1756,61,0,0,0,8,0,47,0,5,0
05-02-20,Wayne,4,0,4,0,0,0,5,0,271,7,276,7,0,0,0,1,0,3,0,2,0
05-02-20,Weakley,25,0,25,0,0,0,24,0,609,21,633,21,0,0,0,13,0,12,0,1,0
05-02-20,White,13,5,12,5,1,0,13,6,602,20,615,26,0,0,4,8,1,5,0,1,0
05-02-20,Williamson,412,3,412,3,0,0,449,4,4944,48,5393,52,0,9,-5,41,8,362,1,43,10
05-02-20,Wilson,288,7,288,7,0,0,313,16,2523,54,2836,70,0,5,2,78,5,205,2,27,6
05-01-20,Anderson,26,0,25,0,1,0,29,0,2157,55,2186,55,0,1,-2,6,2,19,0,2,1
05-01-20,Bedford,196,9,196,9,0,0,205,7,1291,53,1496,60,0,2,-2,89,11,105,0,10,3
05-01-20,Benton,6,1,6,1,0,0,6,0,220,12,226,12,0,1,1,1,0,4,0,2,1
05-01-20,Bledsoe,596,0,596,0,0,0,602,0,2863,10,3465,10,0,0,-37,535,37,61,0,4,0
05-01-20,Blount,67,7,64,7,3,0,75,6,1266,51,1341,57,0,3,5,14,2,50,0,5,3
05-01-20,Bradley,48,0,48,0,0,0,56,2,867,73,923,75,0,1,0,9,0,38,0,9,1
05-01-20,Campbell,17,0,16,0,1,0,22,2,451,40,473,42,0,1,0,1,0,15,0,2,1
05-01-20,Cannon,11,1,11,1,0,0,19,1,272,7,291,8,0,0,1,4,0,7,0,2,0
05-01-20,Carroll,21,0,16,0,5,0,17,0,485,18,502,18,0,1,-2,3,2,17,0,1,1
05-01-20,Carter,18,2,17,1,1,1,14,0,495,43,509,43,0,1,2,11,0,6,0,2,1
05-01-20,Cheatham,52,4,52,4,0,0,56,4,895,43,951,47,0,0,2,22,2,30,0,6,0
05-01-20,Chester,9,0,9,0,0,0,11,0,270,7,281,7,0,0,0,1,0,8,0,1,0
05-01-20,Claiborne,5,0,5,0,0,0,5,0,280,19,285,19,0,0,0,0,0,5,0,0,0
05-01-20,Clay,6,0,6,0,0,0,6,0,245,15,251,15,0,0,0,0,0,6,0,0,0
05-01-20,Cocke,19,0,17,0,2,0,15,0,418,25,433,25,0,0,0,4,0,15,0,1,0
05-01-20,Coffee,40,3,39,3,1,0,39,1,1080,34,1119,35,0,0,3,18,0,22,0,4,0
05-01-20,Crockett,9,0,7,0,2,0,10,0,303,8,313,8,0,0,-3,6,3,3,0,1,1
05-01-20,Cumberland,73,0,73,0,0,0,90,0,1657,84,1747,84,0,1,-3,7,3,65,0,9,1
05-01-20,Davidson,2757,129,2756,129,1,0,3011,152,25254,1448,28265,1600,0,28,31,814,98,1915,5,277,32
05-01-20,Decatur,4,0,4,0,0,0,4,0,164,5,168,5,0,0,0,0,0,4,0,0,0
05-01-20,Dekalb,18,1,18,1,0,0,19,0,638,22,657,22,0,0,0,7,1,11,0,0,0
05-01-20,Dickson,75,0,75,0,0,0,85,2,1048,45,1133,47,0,0,0,19,0,56,0,11,0
05-01-20,Dyer,38,0,37,0,1,0,40,0,666,58,706,58,0,0,-2,8,2,30,0,5,0
05-01-20,Fayette,57,0,57,0,0,0,78,4,1101,79,1179,83,0,1,-2,11,2,45,0,10,1
05-01-20,Fentress,4,0,4,0,0,0,4,0,214,8,218,8,0,0,0,0,0,4,0,1,0
05-01-20,Franklin,35,0,35,0,0,0,37,0,1056,24,1093,24,0,1,0,7,0,27,0,4,1
05-01-20,Gibson,49,3,45,3,4,0,54,2,1182,48,1236,50,0,1,1,13,2,35,0,4,1
05-01-20,Giles,9,0,9,0,0,0,10,0,406,10,416,10,0,0,0,2,0,7,0,0,0
05-01-20,Grainger,7,0,6,0,1,0,5,1,293,9,298,10,0,0,0,3,0,4,0,2,0
05-01-20,Greene,42,0,42,0,0,0,47,0,805,44,852,44,0,2,0,3,0,37,0,7,2
05-01-20,Grundy,25,0,25,0,0,0,30,0,303,4,333,4,0,1,0,2,0,22,0,10,1
05-01-20,Hamblen,22,2,18,0,4,2,19,0,942,58,961,58,0,2,2,6,0,14,0,3,2
05-01-20,Hamilton,168,6,167,6,1,0,180,5,3153,173,3333,178,0,13,4,32,2,123,0,41,14
05-01-20,Hancock,0,0,0,0,0,0,0,0,47,1,47,1,0,0,0,0,0,0,0,0,0
05-01-20,Hardeman,23,3,23,3,0,0,23,3,363,15,386,18,0,0,2,9,1,14,0,3,0
05-01-20,Hardin,5,0,5,0,0,0,5,0,861,13,866,13,0,0,0,1,0,4,0,0,0
05-01-20,Hawkins,30,0,30,0,0,0,40,0,805,35,845,35,0,2,0,1,0,27,0,6,2
05-01-20,Haywood,24,0,23,0,1,0,25,2,357,17,382,19,0,1,0,10,0,13,0,6,1
05-01-20,Henderson,8,1,8,1,0,0,10,1,583,23,593,24,0,0,1,3,0,5,0,0,0
05-01-20,Henry,13,0,13,0,0,0,16,0,670,48,686,48,0,0,0,4,0,9,0,3,0
05-01-20,Hickman,40,0,40,0,0,0,42,0,515,8,557,8,0,0,0,37,0,3,0,2,0
05-01-20,Houston,6,0,6,0,0,0,6,0,164,6,170,6,0,0,0,1,0,5,0,4,0
05-01-20,Humphreys,11,0,11,0,0,0,12,1,311,28,323,29,0,1,-1,3,1,7,0,0,1
05-01-20,Jackson,7,0,7,0,0,0,10,0,370,24,380,24,0,0,-1,0,1,7,0,0,0
05-01-20,Jefferson,22,2,20,2,2,0,19,2,848,27,867,29,0,0,1,5,1,17,0,0,0
05-01-20,Johnson,4,0,4,0,0,0,2,0,82,6,84,6,0,0,0,1,0,3,0,0,0
05-01-20,Knox,242,7,239,6,3,1,271,5,7039,358,7310,363,0,5,2,28,5,209,0,28,5
05-01-20,Lake,55,1,54,1,1,0,54,1,1067,13,1121,14,0,0,-1,48,2,7,0,0,0
05-01-20,Lauderdale,24,1,23,1,1,0,28,2,345,12,373,14,0,0,1,5,0,19,0,6,0
05-01-20,Lawrence,15,0,15,0,0,0,17,0,841,32,858,32,0,0,0,0,0,15,0,3,0
05-01-20,Lewis,3,0,3,0,0,0,3,0,115,11,118,11,0,0,0,0,0,3,0,0,0
05-01-20,Lincoln,15,0,15,0,0,0,15,0,533,37,548,37,0,0,0,3,0,12,0,2,0
05-01-20,Loudon,38,5,37,5,1,0,34,0,626,34,660,34,0,0,5,12,0,26,0,3,0
05-01-20,Macon,44,3,44,3,0,0,52,3,740,40,792,43,0,3,2,9,1,32,0,10,3
05-01-20,Madison,136,1,136,1,0,0,147,1,2631,123,2778,124,0,1,-3,25,4,110,0,18,1
05-01-20,Marion,29,0,28,0,1,0,33,0,510,13,543,13,0,1,0,-1,0,29,0,11,2
05-01-20,Marshall,22,0,22,0,0,0,23,0,557,22,580,22,0,1,0,5,0,16,0,5,1
05-01-20,Maury,45,0,45,0,0,0,51,0,1543,51,1594,51,0,0,0,10,0,35,0,6,0
05-01-20,McMinn,99,2,99,2,0,0,100,2,1337,92,1437,94,0,1,2,91,0,7,0,16,2
05-01-20,McNairy,11,0,11,0,0,0,14,0,386,33,400,33,0,0,0,2,0,9,0,1,0
05-01-20,Meigs,8,1,8,1,0,0,8,1,154,4,162,5,0,0,0,3,1,5,0,2,0
05-01-20,Monroe,21,1,20,1,1,0,24,2,418,11,442,13,0,1,1,9,0,11,0,2,1
05-01-20,Montgomery,151,3,151,3,0,0,168,5,3372,179,3540,184,0,2,3,21,0,128,0,17,3
05-01-20,Moore,3,0,3,0,0,0,4,0,155,2,159,2,0,0,0,0,0,3,0,0,0
05-01-20,Morgan,6,0,6,0,0,0,8,0,306,13,314,13,0,0,0,0,0,6,0,0,0
05-01-20,Obion,17,1,16,1,1,0,16,1,413,32,429,33,0,1,1,5,0,11,0,1,1
05-01-20,Out of State,159,3,159,3,0,0,171,3,22523,721,22694,724,0,1,-2,24,5,134,0,16,1
05-01-20,Overton,10,1,10,1,0,0,10,1,610,32,620,33,0,0,1,1,0,9,0,1,0
05-01-20,Pending,0,0,0,0,0,0,0,0,19657,547,19657,547,0,0,0,-1,0,1,0,0,0
05-01-20,Perry,12,0,12,0,0,0,10,0,76,2,86,2,0,0,0,6,0,6,0,0,0
05-01-20,Pickett,0,0,0,0,0,0,0,0,173,2,173,2,0,0,0,0,0,0,0,0,0
05-01-20,Polk,10,0,10,0,0,0,12,0,154,6,166,6,0,0,0,3,0,7,0,3,0
05-01-20,Putnam,137,15,137,15,0,0,192,15,2008,134,2200,149,0,5,14,41,1,91,1,4,5
05-01-20,Rhea,4,0,4,0,0,0,6,0,522,32,528,32,0,0,0,2,0,2,0,0,0
05-01-20,Roane,11,0,10,0,1,0,15,0,1592,51,1607,51,0,0,0,1,0,10,0,2,0
05-01-20,Robertson,164,8,163,8,1,0,180,10,1477,71,1657,81,0,0,1,42,7,122,1,21,1
05-01-20,Rutherford,562,40,562,40,0,0,629,42,4688,251,5317,293,0,11,26,144,14,407,3,63,12
05-01-20,Scott,12,0,11,0,1,0,11,0,257,13,268,13,0,0,0,0,0,12,0,0,0
05-01-20,Sequatchie,8,0,8,0,0,0,8,0,415,33,423,33,0,0,-1,2,1,6,0,1,0
05-01-20,Sevier,55,1,53,1,2,0,56,0,1730,119,1786,119,0,1,-2,17,3,37,0,7,2
05-01-20,Shelby,2677,82,2669,81,8,1,3028,100,20596,1279,23624,1379,4,51,24,704,54,1922,6,355,63
05-01-20,Smith,23,1,22,1,1,0,24,1,452,35,476,36,0,1,0,8,1,14,0,1,1
05-01-20,Stewart,7,0,7,0,0,0,7,0,181,9,188,9,0,0,0,1,0,6,0,1,0
05-01-20,Sullivan,51,0,49,0,2,0,52,1,1329,84,1381,85,0,1,0,4,0,46,0,6,1
05-01-20,Sumner,663,19,660,19,3,0,809,22,3329,133,4138,155,0,37,8,93,11,533,1,194,39
05-01-20,Tipton,152,44,151,44,1,0,162,44,1373,67,1535,111,0,0,43,65,1,87,0,17,0
05-01-20,Trousdale,1358,335,1357,335,1,0,1360,334,1506,667,2866,1001,0,1,334,1328,1,29,0,12,1
05-01-20,Unicoi,2,0,2,0,0,0,2,1,148,5,150,6,0,0,0,0,0,2,0,0,0
05-01-20,Union,3,0,3,0,0,0,3,0,271,13,274,13,0,0,0,0,0,3,0,0,0
05-01-20,Van Buren,2,0,2,0,0,0,2,0,196,7,198,7,0,0,0,1,0,1,0,0,0
05-01-20,Warren,9,0,9,0,0,0,10,0,728,60,738,60,0,0,-1,3,1,6,0,0,0
05-01-20,Washington,55,2,55,2,0,0,65,0,1630,75,1695,75,0,0,2,8,0,47,0,5,0
05-01-20,Wayne,4,0,4,0,0,0,5,0,264,2,269,2,0,0,0,1,0,3,0,2,0
05-01-20,Weakley,25,0,25,0,0,0,24,0,588,45,612,45,0,0,-1,13,1,12,0,1,0
05-01-20,White,8,0,7,0,1,0,7,0,582,24,589,24,0,0,0,4,0,4,0,1,0
05-01-20,Williamson,409,3,409,3,0,0,445,5,4896,99,5341,104,0,9,-2,46,5,354,0,42,10
05-01-20,Wilson,281,15,281,15,0,0,297,14,2469,124,2766,138,1,5,11,76,3,200,0,25,6
04-30-20,Anderson,26,0,25,0,1,0,29,1,2102,28,2131,29,0,1,-1,8,1,17,0,2,1
04-30-20,Bedford,187,10,187,10,0,0,198,7,1238,24,1436,31,0,2,3,91,7,94,2,10,2
04-30-20,Benton,5,0,5,0,0,0,6,0,208,10,214,10,0,1,0,0,0,4,0,2,1
04-30-20,Bledsoe,596,0,596,0,0,0,602,1,2853,1,3455,2,0,0,-2,572,2,24,0,4,0
04-30-20,Blount,60,0,57,0,3,0,69,1,1215,50,1284,51,0,3,0,9,0,48,0,5,3
04-30-20,Bradley,48,3,48,3,0,0,54,2,794,6,848,8,0,1,2,9,1,38,0,9,1
04-30-20,Campbell,17,2,16,2,1,0,20,0,411,29,431,29,0,1,2,1,0,15,1,2,1
04-30-20,Cannon,10,0,10,0,0,0,18,0,265,16,283,16,0,0,0,3,0,7,0,2,0
04-30-20,Carroll,21,0,16,0,5,0,17,0,467,10,484,10,0,1,-2,5,2,15,0,1,1
04-30-20,Carter,16,1,16,1,0,0,14,1,452,0,466,1,0,1,0,9,1,6,0,2,1
04-30-20,Cheatham,48,1,48,1,0,0,52,2,852,30,904,32,0,0,1,20,0,28,0,6,0
04-30-20,Chester,9,0,9,0,0,0,11,0,263,4,274,4,0,0,-1,1,1,8,0,1,0
04-30-20,Claiborne,5,0,5,0,0,0,5,0,261,17,266,17,0,0,0,0,0,5,0,0,0
04-30-20,Clay,6,0,6,0,0,0,6,0,230,6,236,6,0,0,0,0,0,6,0,0,0
04-30-20,Cocke,19,1,17,0,2,1,15,0,393,7,408,7,0,0,1,4,0,15,0,1,0
04-30-20,Coffee,37,1,36,1,1,0,38,1,1046,19,1084,20,0,0,1,15,0,22,1,4,0
04-30-20,Crockett,9,2,7,0,2,2,10,0,295,3,305,3,0,0,2,9,0,0,0,1,1
04-30-20,Cumberland,73,0,73,0,0,0,90,0,1573,4,1663,4,0,1,-1,10,1,62,0,9,1
04-30-20,Davidson,2628,48,2627,48,1,0,2859,57,23806,316,26665,373,3,28,-11,783,56,1817,6,272,32
04-30-20,Decatur,4,0,4,0,0,0,4,0,159,6,163,6,0,0,-1,0,1,4,0,0,0
04-30-20,Dekalb,17,2,17,2,0,0,19,2,616,53,635,55,0,0,2,7,0,10,0,0,0
04-30-20,Dickson,75,3,75,3,0,0,83,2,1003,14,1086,16,0,0,-4,19,7,56,0,11,0
04-30-20,Dyer,38,2,37,2,1,0,40,2,608,11,648,13,0,0,2,10,0,28,0,5,0
04-30-20,Fayette,57,3,57,3,0,0,74,1,1022,51,1096,52,0,1,2,13,1,43,0,10,1
04-30-20,Fentress,4,0,4,0,0,0,4,0,206,0,210,0,0,0,0,0,0,4,0,1,0
04-30-20,Franklin,35,0,35,0,0,0,37,0,1032,51,1069,51,0,1,-1,7,1,27,0,4,1
04-30-20,Gibson,46,3,42,2,4,1,52,3,1134,38,1186,41,0,1,1,12,2,33,0,4,1
04-30-20,Giles,9,0,9,0,0,0,10,1,396,15,406,16,0,0,-1,2,1,7,0,0,0
04-30-20,Grainger,7,0,6,0,1,0,4,0,284,5,288,5,0,0,0,3,0,4,0,2,0
04-30-20,Greene,42,0,42,0,0,0,47,0,761,2,808,2,0,2,0,3,0,37,0,7,2
04-30-20,Grundy,25,0,25,0,0,0,30,0,299,0,329,0,0,1,0,2,0,22,0,10,1
04-30-20,Hamblen,20,0,18,0,2,0,19,1,884,25,903,26,0,2,-7,4,7,14,0,3,2
04-30-20,Hamilton,162,5,161,5,1,0,175,5,2980,26,3155,31,0,13,3,28,2,121,0,41,14
04-30-20,Hancock,0,0,0,0,0,0,0,0,46,0,46,0,0,0,0,0,0,0,0,0,0
04-30-20,Hardeman,20,2,20,2,0,0,20,2,348,9,368,11,0,0,2,7,0,13,0,3,0
04-30-20,Hardin,5,0,5,0,0,0,5,0,848,16,853,16,0,0,0,1,0,4,0,0,0
04-30-20,Hawkins,30,0,30,0,0,0,40,0,770,7,810,7,0,2,0,1,0,27,0,6,2
04-30-20,Haywood,24,2,23,2,1,0,23,1,340,9,363,10,0,1,1,10,1,13,0,6,1
04-30-20,Henderson,7,0,7,0,0,0,9,0,560,21,569,21,0,0,0,2,0,5,0,0,0
04-30-20,Henry,13,0,13,0,0,0,16,0,622,37,638,37,0,0,0,4,0,9,0,3,0
04-30-20,Hickman,40,0,40,0,0,0,42,0,507,23,549,23,0,0,-1,37,1,3,0,2,0
04-30-20,Houston,6,0,6,0,0,0,6,0,158,3,164,3,0,0,0,1,0,5,0,4,0
04-30-20,Humphreys,11,1,11,1,0,0,11,1,283,11,294,12,0,1,1,4,0,6,0,0,1
04-30-20,Jackson,7,0,7,0,0,0,10,0,346,8,356,8,0,0,0,1,0,6,0,0,0
04-30-20,Jefferson,20,0,18,0,2,0,17,0,821,13,838,13,0,0,0,4,0,16,0,0,0
04-30-20,Johnson,4,0,4,0,0,0,2,0,76,1,78,1,0,0,0,1,0,3,0,0,0
04-30-20,Knox,235,4,233,4,2,0,266,3,6681,99,6947,102,0,5,-1,26,5,204,0,28,5
04-30-20,Lake,54,0,53,0,1,0,53,0,1054,0,1107,0,0,0,0,49,0,5,0,0,0
04-30-20,Lauderdale,23,0,22,0,1,0,26,0,333,12,359,12,0,0,-2,4,2,19,0,6,0
04-30-20,Lawrence,15,0,15,0,0,0,17,0,809,14,826,14,0,0,0,0,0,15,0,3,0
04-30-20,Lewis,3,0,3,0,0,0,3,0,104,4,107,4,0,0,0,0,0,3,0,0,0
04-30-20,Lincoln,15,2,15,2,0,0,15,0,496,13,511,13,0,0,1,3,1,12,0,2,0
04-30-20,Loudon,33,0,32,0,1,0,34,0,592,15,626,15,0,0,0,7,0,26,0,3,0
04-30-20,Macon,41,1,41,1,0,0,49,1,700,29,749,30,0,3,0,7,1,31,0,10,3
04-30-20,Madison,135,3,135,3,0,0,146,4,2508,53,2654,57,0,1,-2,28,5,106,1,18,1
04-30-20,Marion,29,0,28,0,1,0,33,0,497,2,530,2,0,1,0,-1,0,29,0,11,2
04-30-20,Marshall,22,2,22,2,0,0,23,2,535,3,558,5,0,1,2,5,0,16,1,5,1
04-30-20,Maury,45,3,45,3,0,0,51,3,1492,4,1543,7,0,0,3,10,0,35,1,6,0
04-30-20,McMinn,97,1,97,1,0,0,98,1,1245,5,1343,6,0,1,1,89,0,7,0,16,2
04-30-20,McNairy,11,0,11,0,0,0,14,0,353,54,367,54,0,0,0,2,0,9,0,1,0
04-30-20,Meigs,7,0,7,0,0,0,7,0,150,3,157,3,0,0,0,3,0,4,0,2,0
04-30-20,Monroe,20,2,19,2,1,0,22,1,407,10,429,11,0,1,1,8,1,11,0,2,1
04-30-20,Montgomery,148,2,148,2,0,0,163,3,3193,203,3356,206,0,2,0,18,2,128,0,17,3
04-30-20,Moore,3,0,3,0,0,0,4,0,153,6,157,6,0,0,0,0,0,3,0,0,0
04-30-20,Morgan,6,0,6,0,0,0,8,0,293,7,301,7,0,0,0,0,0,6,0,0,0
04-30-20,Obion,16,1,15,1,1,0,15,0,381,11,396,11,0,1,0,4,1,11,0,1,1
04-30-20,Out of State,156,2,156,2,0,0,168,2,21802,374,21970,376,-2,1,0,26,4,129,0,16,1
04-30-20,Overton,9,0,9,0,0,0,9,0,578,13,587,13,0,0,-1,0,1,9,0,1,0
04-30-20,Pending,0,0,0,0,0,0,0,0,19110,313,19110,313,0,0,0,-1,0,1,0,0,0
04-30-20,Perry,12,3,12,3,0,0,10,1,74,1,84,2,0,0,3,6,0,6,0,0,0
04-30-20,Pickett,0,0,0,0,0,0,0,0,171,2,171,2,0,0,0,0,0,0,0,0,0
04-30-20,Polk,10,0,10,0,0,0,12,0,148,1,160,1,0,0,0,3,0,7,0,3,0
04-30-20,Putnam,122,1,122,1,0,0,177,2,1874,11,2051,13,0,5,-2,27,3,90,0,3,5
04-30-20,Rhea,4,0,4,0,0,0,6,1,490,2,496,3,0,0,0,2,0,2,0,0,0
04-30-20,Roane,11,0,10,0,1,0,15,0,1541,23,1556,23,0,0,0,1,0,10,0,2,0
04-30-20,Robertson,156,5,155,5,1,0,170,8,1406,7,1576,15,0,0,1,41,4,115,0,20,1
04-30-20,Rutherford,522,34,522,34,0,0,587,39,4437,72,5024,111,0,11,15,118,19,393,2,60,11
04-30-20,Scott,12,0,11,0,1,0,11,0,244,5,255,5,0,0,0,0,0,12,0,0,0
04-30-20,Sequatchie,8,0,8,0,0,0,8,0,382,1,390,1,0,0,0,3,0,5,0,1,0
04-30-20,Sevier,54,1,52,1,2,0,56,0,1611,73,1667,73,0,1,0,19,1,34,0,7,2
04-30-20,Shelby,2595,85,2588,85,7,0,2928,101,19317,968,22245,1069,3,47,27,680,55,1868,13,349,61
04-30-20,Smith,22,0,21,0,1,0,23,0,417,1,440,1,0,1,-1,8,1,13,0,1,1
04-30-20,Stewart,7,0,7,0,0,0,7,0,172,1,179,1,0,0,0,1,0,6,0,1,0
04-30-20,Sullivan,51,0,49,0,2,0,51,1,1245,20,1296,21,0,1,0,4,0,46,0,6,1
04-30-20,Sumner,644,10,641,10,3,0,787,12,3196,17,3983,29,0,37,4,85,6,522,0,193,38
04-30-20,Tipton,108,5,107,5,1,0,118,6,1306,36,1424,42,0,0,4,22,1,86,0,17,0
04-30-20,Trousdale,1023,730,1022,730,1,0,1026,731,839,404,1865,1135,0,1,729,994,1,28,3,12,1
04-30-20,Unicoi,2,1,2,1,0,0,1,0,143,1,144,1,0,0,0,0,1,2,0,0,0
04-30-20,Union,3,0,3,0,0,0,3,0,258,7,261,7,0,0,0,0,0,3,0,0,0
04-30-20,Van Buren,2,0,2,0,0,0,2,0,189,0,191,0,0,0,0,1,0,1,0,0,0
04-30-20,Warren,9,1,9,1,0,0,10,1,668,8,678,9,0,0,1,4,0,5,0,0,0
04-30-20,Washington,53,1,53,1,0,0,65,0,1555,9,1620,9,0,0,1,6,0,47,0,5,0
04-30-20,Wayne,4,0,4,0,0,0,5,0,262,2,267,2,0,0,-1,1,1,3,0,2,0
04-30-20,Weakley,25,0,25,0,0,0,24,0,543,5,567,5,0,0,0,14,0,11,0,1,0
04-30-20,White,8,0,7,0,1,0,7,0,558,3,565,3,0,0,0,4,0,4,0,1,0
04-30-20,Williamson,406,3,406,3,0,0,440,4,4797,30,5237,34,0,9,1,48,2,349,0,42,10
04-30-20,Wilson,266,7,266,7,0,0,283,10,2345,36,2628,46,0,4,2,65,5,197,0,25,6
04-29-20,Anderson,26,4,25,4,1,0,28,3,2074,387,2102,390,0,1,4,9,0,16,0,2,1
04-29-20,Bedford,177,4,177,4,0,0,191,8,1214,100,1405,108,0,2,-6,88,10,87,0,8,2
04-29-20,Benton,5,0,5,0,0,0,6,0,198,17,204,17,0,1,0,0,0,4,0,2,1
04-29-20,Bledsoe,596,3,596,3,0,0,601,2,2852,31,3453,33,0,0,-6,574,9,22,1,4,0
04-29-20,Blount,60,1,57,1,3,0,68,2,1165,42,1233,44,0,3,1,9,0,48,0,5,3
04-29-20,Bradley,45,3,45,3,0,0,52,3,788,62,840,65,0,1,3,7,0,37,1,9,1
04-29-20,Campbell,15,0,14,0,1,0,20,1,382,19,402,20,0,1,-1,-1,1,15,0,1,1
04-29-20,Cannon,10,0,10,0,0,0,18,1,249,7,267,8,0,0,0,3,0,7,0,2,0
04-29-20,Carroll,21,0,16,0,5,0,17,0,457,28,474,28,0,1,-1,7,1,13,0,1,1
04-29-20,Carter,15,0,15,0,0,0,13,0,452,37,465,37,0,1,0,9,0,5,0,2,1
04-29-20,Cheatham,47,4,47,4,0,0,50,4,822,75,872,79,0,0,4,19,0,28,1,6,0
04-29-20,Chester,9,0,9,0,0,0,11,0,259,7,270,7,0,0,-1,2,1,7,0,1,0
04-29-20,Claiborne,5,0,5,0,0,0,5,0,244,15,249,15,0,0,0,0,0,5,0,0,0
04-29-20,Clay,6,0,6,0,0,0,6,0,224,2,230,2,0,0,0,0,0,6,0,0,0
04-29-20,Cocke,18,0,17,0,1,0,15,0,386,16,401,16,0,0,0,3,0,15,0,1,0
04-29-20,Coffee,36,1,35,1,1,0,37,2,1027,57,1064,59,0,0,0,14,1,22,0,3,0
04-29-20,Crockett,7,0,7,0,0,0,10,3,292,10,302,13,0,0,0,7,0,0,0,1,1
04-29-20,Cumberland,73,4,73,4,0,0,90,5,1569,37,1659,42,0,1,3,11,1,61,0,9,1
04-29-20,Davidson,2580,150,2579,150,1,0,2802,176,23490,1296,26292,1472,0,25,70,794,80,1761,9,266,30
04-29-20,Decatur,4,0,4,0,0,0,4,0,153,10,157,10,0,0,0,1,0,3,0,0,0
04-29-20,Dekalb,15,1,15,1,0,0,17,1,563,9,580,10,0,0,1,5,0,10,0,0,0
04-29-20,Dickson,72,2,72,2,0,0,81,5,989,85,1070,90,0,0,0,23,2,49,0,11,0
04-29-20,Dyer,36,0,35,0,1,0,38,1,597,37,635,38,0,0,0,8,0,28,0,5,0
04-29-20,Fayette,54,3,54,3,0,0,73,5,971,36,1044,41,0,1,2,11,1,42,0,10,1
04-29-20,Fentress,4,0,4,0,0,0,4,0,206,9,210,9,0,0,0,0,0,4,0,1,0
04-29-20,Franklin,35,1,35,1,0,0,37,2,981,74,1018,76,0,1,1,8,0,26,0,4,1
04-29-20,Gibson,43,0,40,0,3,0,49,1,1096,81,1145,82,0,1,-1,11,1,31,0,4,1
04-29-20,Giles,9,1,9,1,0,0,9,3,381,32,390,35,0,0,1,3,0,6,0,0,0
04-29-20,Grainger,7,0,6,0,1,0,4,0,279,6,283,6,0,0,0,3,0,4,0,2,0
04-29-20,Greene,42,0,42,0,0,0,47,1,759,33,806,34,0,2,-2,3,2,37,0,7,2
04-29-20,Grundy,25,0,25,0,0,0,30,1,299,11,329,12,0,1,0,2,0,22,0,10,1
04-29-20,Hamblen,20,1,18,1,2,0,18,1,859,39,877,40,0,2,1,11,0,7,0,3,2
04-29-20,Hamilton,157,3,156,3,1,0,170,3,2954,665,3124,668,0,13,3,25,0,119,1,41,14
04-29-20,Hancock,0,0,0,0,0,0,0,0,46,10,46,10,0,0,0,0,0,0,0,0,0
04-29-20,Hardeman,18,3,18,3,0,0,18,3,339,11,357,14,0,0,3,5,0,13,0,3,0
04-29-20,Hardin,5,0,5,0,0,0,5,0,832,20,837,20,0,0,0,1,0,4,0,0,0
04-29-20,Hawkins,30,0,30,0,0,0,40,2,763,69,803,71,0,2,0,1,0,27,0,6,2
04-29-20,Haywood,22,1,21,1,1,0,22,1,331,29,353,30,0,1,1,9,0,12,0,6,1
04-29-20,Henderson,7,1,7,1,0,0,9,1,539,31,548,32,0,0,1,2,0,5,0,0,0
04-29-20,Henry,13,1,13,1,0,0,16,2,585,37,601,39,0,0,1,4,0,9,0,3,0
04-29-20,Hickman,40,0,40,0,0,0,42,1,484,40,526,41,0,0,0,38,0,2,0,2,0
04-29-20,Houston,6,0,6,0,0,0,6,0,155,6,161,6,0,0,0,1,0,5,0,4,0
04-29-20,Humphreys,10,0,10,0,0,0,10,0,272,13,282,13,0,1,-2,3,2,6,0,0,1
04-29-20,Jackson,7,0,7,0,0,0,10,0,338,5,348,5,0,0,0,1,0,6,0,0,0
04-29-20,Jefferson,20,3,18,2,2,1,17,1,808,19,825,20,0,0,3,4,0,16,0,0,0
04-29-20,Johnson,4,0,4,0,0,0,2,0,75,3,77,3,0,0,0,1,0,3,0,0,0
04-29-20,Knox,231,8,229,8,2,0,263,11,6582,714,6845,725,0,5,6,27,2,199,0,28,5
04-29-20,Lake,54,1,53,1,1,0,53,1,1054,11,1107,12,0,0,-1,49,2,5,0,0,0
04-29-20,Lauderdale,23,3,22,2,1,1,26,2,321,28,347,30,0,0,2,6,1,17,0,6,0
04-29-20,Lawrence,15,0,15,0,0,0,17,0,795,67,812,67,0,0,0,0,0,15,0,3,0
04-29-20,Lewis,3,0,3,0,0,0,3,0,100,11,103,11,0,0,0,0,0,3,0,0,0
04-29-20,Lincoln,13,0,13,0,0,0,15,2,483,47,498,49,0,0,0,2,0,11,0,2,0
04-29-20,Loudon,33,3,32,3,1,0,34,3,577,54,611,57,0,0,2,7,1,26,0,3,0
04-29-20,Macon,40,1,40,1,0,0,48,1,671,6,719,7,0,3,1,7,0,30,0,10,3
04-29-20,Madison,132,5,132,5,0,0,142,5,2455,124,2597,129,0,1,2,30,3,101,1,17,1
04-29-20,Marion,29,0,28,0,1,0,33,1,495,32,528,33,0,1,0,-1,0,29,0,11,2
04-29-20,Marshall,20,0,20,0,0,0,21,0,532,35,553,35,0,1,-1,3,1,16,0,4,1
04-29-20,Maury,42,2,42,2,0,0,48,2,1488,69,1536,71,0,0,2,7,0,35,0,5,0
04-29-20,McMinn,96,19,96,19,0,0,97,21,1240,152,1337,173,1,1,18,88,0,7,2,16,2
04-29-20,McNairy,11,0,11,0,0,0,14,0,299,23,313,23,0,0,0,2,0,9,0,1,0
04-29-20,Meigs,7,2,7,2,0,0,7,2,147,16,154,18,0,0,2,3,0,4,0,2,0
04-29-20,Monroe,18,4,17,4,1,0,21,4,397,21,418,25,0,1,3,7,1,10,0,2,1
04-29-20,Montgomery,146,5,146,5,0,0,160,6,2990,254,3150,260,0,2,1,18,4,126,0,17,3
04-29-20,Moore,3,0,3,0,0,0,4,1,147,11,151,12,0,0,0,0,0,3,0,0,0
04-29-20,Morgan,6,0,6,0,0,0,8,0,286,25,294,25,0,0,0,0,0,6,0,0,0
04-29-20,Obion,15,1,14,1,1,0,15,2,370,16,385,18,0,1,1,4,0,10,0,1,1
04-29-20,Out of State,154,6,154,6,0,0,166,8,21428,1318,21594,1326,1,3,3,26,2,125,1,16,1
04-29-20,Overton,9,0,9,0,0,0,9,0,565,14,574,14,0,0,-1,1,1,8,0,1,0
04-29-20,Pending,0,0,0,0,0,0,0,0,18797,752,18797,752,0,0,0,-1,0,1,0,0,0
04-29-20,Perry,9,1,9,1,0,0,9,1,73,6,82,7,0,0,0,3,1,6,0,0,0
04-29-20,Pickett,0,0,0,0,0,0,0,0,169,3,169,3,0,0,0,0,0,0,0,0,0
04-29-20,Polk,10,1,10,1,0,0,12,1,147,14,159,15,0,0,0,3,1,7,0,3,0
04-29-20,Putnam,121,2,121,2,0,0,175,6,1863,104,2038,110,0,5,1,29,1,87,0,3,5
04-29-20,Rhea,4,1,4,1,0,0,5,1,488,73,493,74,0,0,1,2,0,2,0,0,0
04-29-20,Roane,11,1,10,1,1,0,15,1,1518,97,1533,98,0,0,0,1,1,10,0,2,0
04-29-20,Robertson,151,10,150,10,1,0,162,9,1399,96,1561,105,0,0,6,40,4,111,0,20,1
04-29-20,Rutherford,488,28,488,28,0,0,548,28,4365,289,4913,317,1,11,15,103,12,374,1,58,11
04-29-20,Scott,12,0,11,0,1,0,11,0,239,5,250,5,0,0,0,0,0,12,0,0,0
04-29-20,Sequatchie,8,1,8,1,0,0,8,1,381,44,389,45,0,0,1,3,0,5,0,1,0
04-29-20,Sevier,53,1,51,1,2,0,56,1,1538,28,1594,29,0,1,-2,19,3,33,1,7,2
04-29-20,Shelby,2510,77,2503,77,7,0,2827,108,18349,1200,21176,1308,0,44,23,653,54,1813,9,336,60
04-29-20,Smith,22,2,21,2,1,0,23,3,416,51,439,54,0,1,1,9,1,12,0,1,1
04-29-20,Stewart,7,0,7,0,0,0,7,0,171,11,178,11,0,0,0,1,0,6,0,1,0
04-29-20,Sullivan,51,1,49,1,2,0,50,0,1225,56,1275,56,0,1,1,4,0,46,0,6,1
04-29-20,Sumner,634,5,631,5,3,0,775,10,3179,155,3954,165,2,37,-5,81,8,516,1,193,38
04-29-20,Tipton,103,0,102,0,1,0,112,1,1270,72,1382,73,0,0,-2,18,2,85,0,17,0
04-29-20,Trousdale,293,166,292,166,1,0,295,166,435,100,730,266,0,1,166,265,0,27,1,9,1
04-29-20,Unicoi,1,0,1,0,0,0,1,0,142,3,143,3,0,0,0,0,0,1,0,0,0
04-29-20,Union,3,0,3,0,0,0,3,0,251,14,254,14,0,0,0,0,0,3,0,0,0
04-29-20,Van Buren,2,0,2,0,0,0,2,0,189,0,191,0,0,0,0,1,0,1,0,0,0
04-29-20,Warren,8,0,8,0,0,0,9,0,660,18,669,18,0,0,-1,3,1,5,0,0,0
04-29-20,Washington,52,0,52,0,0,0,65,2,1546,21,1611,23,0,0,0,5,0,47,0,5,0
04-29-20,Wayne,4,0,4,0,0,0,5,0,260,9,265,9,0,0,0,2,0,2,0,2,0
04-29-20,Weakley,25,2,25,2,0,0,24,4,538,48,562,52,0,0,1,14,1,11,0,1,0
04-29-20,White,8,2,7,2,1,0,7,2,555,32,562,34,0,0,2,4,0,4,0,1,0
04-29-20,Williamson,403,4,403,4,0,0,436,8,4767,342,5203,350,1,9,-2,47,5,347,0,42,10
04-29-20,Wilson,259,8,259,8,0,0,273,8,2309,59,2582,67,1,4,2,63,5,192,0,25,4
04-28-20,Anderson,22,0,21,0,1,0,25,0,1687,283,1712,283,0,1,0,5,0,16,0,2,1
04-28-20,Bedford,173,4,173,4,0,0,183,2,1114,9,1297,11,0,2,-9,94,13,77,0,8,2
04-28-20,Benton,5,0,5,0,0,0,6,0,181,1,187,1,0,1,0,0,0,4,0,2,1
04-28-20,Bledsoe,593,5,593,5,0,0,599,5,2821,108,3420,113,0,0,4,580,1,13,0,3,0
04-28-20,Blount,59,2,56,1,3,1,66,3,1123,51,1189,54,0,3,2,8,0,48,0,5,3
04-28-20,Bradley,42,0,42,0,0,0,49,1,726,13,775,14,0,1,0,4,0,37,0,8,1
04-28-20,Campbell,15,0,14,0,1,0,19,1,363,11,382,12,0,1,0,0,0,14,0,1,1
04-28-20,Cannon,10,0,10,0,0,0,17,0,242,2,259,2,0,0,0,3,0,7,0,2,0
04-28-20,Carroll,21,0,16,0,5,0,17,0,429,18,446,18,0,1,-1,8,1,12,0,1,1
04-28-20,Carter,15,0,15,0,0,0,13,0,415,0,428,0,0,1,0,9,0,5,0,2,1
04-28-20,Cheatham,43,0,43,0,0,0,46,1,747,13,793,14,0,0,-3,15,3,28,0,5,0
04-28-20,Chester,9,0,9,0,0,0,11,0,252,4,263,4,0,0,0,3,0,6,0,1,0
04-28-20,Claiborne,5,0,5,0,0,0,5,0,229,18,234,18,0,0,0,0,0,5,0,0,0
04-28-20,Clay,6,0,6,0,0,0,6,0,222,3,228,3,0,0,0,0,0,6,0,0,0
04-28-20,Cocke,18,2,17,2,1,0,15,2,370,58,385,60,0,0,-2,3,4,15,0,1,0
04-28-20,Coffee,35,2,34,2,1,0,35,1,970,17,1005,18,0,0,2,14,0,21,0,3,0
04-28-20,Crockett,7,0,7,0,0,0,7,0,282,5,289,5,0,0,0,7,0,0,0,1,1
04-28-20,Cumberland,69,2,69,2,0,0,85,3,1532,104,1617,107,1,1,-1,8,2,60,0,9,1
04-28-20,Davidson,2430,43,2429,43,1,0,2626,54,22194,297,24820,351,0,25,-12,724,55,1681,7,257,29
04-28-20,Decatur,4,0,4,0,0,0,4,0,143,8,147,8,0,0,0,1,0,3,0,0,0
04-28-20,Dekalb,14,0,14,0,0,0,16,0,554,4,570,4,0,0,0,4,0,10,0,0,0
04-28-20,Dickson,70,0,70,0,0,0,76,1,904,21,980,22,0,0,-3,23,3,47,0,11,0
04-28-20,Dyer,36,1,35,1,1,0,37,1,560,8,597,9,0,0,0,8,1,28,0,5,0
04-28-20,Fayette,51,0,51,0,0,0,68,2,935,17,1003,19,0,1,-2,9,2,41,0,10,1
04-28-20,Fentress,4,0,4,0,0,0,4,0,197,1,201,1,0,0,0,0,0,4,0,1,0
04-28-20,Franklin,34,4,34,4,0,0,35,3,907,61,942,64,0,1,4,7,0,26,0,4,1
04-28-20,Gibson,43,1,40,1,3,0,48,1,1015,79,1063,80,0,1,-2,12,3,30,0,4,1
04-28-20,Giles,8,2,8,2,0,0,6,0,349,5,355,5,0,0,2,2,0,6,0,0,0
04-28-20,Grainger,7,2,6,1,1,1,4,0,273,15,277,15,0,0,2,3,0,4,1,2,0
04-28-20,Greene,42,1,42,1,0,0,46,0,726,10,772,10,0,2,0,5,1,35,0,7,2
04-28-20,Grundy,25,0,25,0,0,0,29,0,288,2,317,2,0,1,0,2,0,22,0,10,1
04-28-20,Hamblen,19,2,17,1,2,1,17,0,820,269,837,269,0,2,1,10,1,7,0,3,2
04-28-20,Hamilton,154,2,153,2,1,0,167,2,2289,84,2456,86,0,13,0,22,2,119,0,40,14
04-28-20,Hancock,0,0,0,0,0,0,0,0,36,3,36,3,0,0,0,0,0,0,0,0,0
04-28-20,Hardeman,15,0,15,0,0,0,15,0,328,4,343,4,0,0,-1,2,1,13,0,3,0
04-28-20,Hardin,5,0,5,0,0,0,5,0,812,4,817,4,0,0,0,1,0,4,0,0,0
04-28-20,Hawkins,30,1,30,1,0,0,38,1,694,16,732,17,0,2,1,1,0,27,0,6,2
04-28-20,Haywood,21,0,20,0,1,0,21,0,302,5,323,5,0,1,-1,8,1,12,0,6,1
04-28-20,Henderson,6,0,6,0,0,0,8,0,508,146,516,146,0,0,0,1,0,5,0,0,0
04-28-20,Henry,12,0,12,0,0,0,14,0,548,3,562,3,0,0,0,3,0,9,0,3,0
04-28-20,Hickman,40,1,40,1,0,0,41,0,444,11,485,11,0,0,1,38,0,2,0,2,0
04-28-20,Houston,6,1,6,1,0,0,6,1,149,1,155,2,0,0,1,1,0,5,1,4,0
04-28-20,Humphreys,10,0,10,0,0,0,10,0,259,11,269,11,0,1,0,5,0,4,0,0,1
04-28-20,Jackson,7,0,7,0,0,0,10,0,333,8,343,8,0,0,0,1,0,6,0,0,0
04-28-20,Jefferson,17,0,16,0,1,0,16,0,789,242,805,242,0,0,0,1,0,16,0,0,0
04-28-20,Johnson,4,0,4,0,0,0,2,0,72,9,74,9,0,0,0,1,0,3,0,0,0
04-28-20,Knox,223,8,221,8,2,0,252,10,5868,400,6120,410,1,5,4,21,3,197,0,28,5
04-28-20,Lake,53,4,52,4,1,0,52,4,1043,18,1095,22,0,0,4,50,0,3,0,0,0
04-28-20,Lauderdale,20,2,20,2,0,0,24,3,293,13,317,16,0,0,1,4,1,16,1,6,0
04-28-20,Lawrence,15,0,15,0,0,0,17,0,728,67,745,67,0,0,0,0,0,15,0,3,0
04-28-20,Lewis,3,0,3,0,0,0,3,0,89,6,92,6,0,0,0,0,0,3,0,0,0
04-28-20,Lincoln,13,1,13,1,0,0,13,0,436,5,449,5,0,0,1,2,0,11,0,2,0
04-28-20,Loudon,30,2,29,2,1,0,31,3,523,35,554,38,0,0,2,5,0,25,0,3,0
04-28-20,Macon,39,0,39,0,0,0,47,0,665,0,712,0,0,3,-1,6,1,30,0,10,3
04-28-20,Madison,127,1,127,1,0,0,137,1,2331,66,2468,67,0,1,-4,28,5,98,1,16,1
04-28-20,Marion,29,0,28,0,1,0,32,0,463,3,495,3,0,1,0,-1,0,29,0,11,2
04-28-20,Marshall,20,0,20,0,0,0,21,0,497,3,518,3,0,1,-1,4,1,15,0,4,1
04-28-20,Maury,40,0,40,0,0,0,46,1,1419,100,1465,101,0,0,-1,5,1,35,0,5,0
04-28-20,McMinn,77,5,77,5,0,0,76,3,1088,157,1164,160,0,0,4,70,1,7,0,14,1
04-28-20,McNairy,11,0,11,0,0,0,14,2,276,3,290,5,0,0,0,2,0,9,0,1,0
04-28-20,Meigs,5,0,5,0,0,0,5,0,131,1,136,1,0,0,0,1,0,4,0,2,0
04-28-20,Monroe,14,1,13,1,1,0,17,0,376,10,393,10,0,1,1,4,0,9,0,2,1
04-28-20,Montgomery,141,2,141,2,0,0,154,2,2736,55,2890,57,0,2,-1,17,3,122,0,17,3
04-28-20,Moore,3,0,3,0,0,0,3,0,136,1,139,1,0,0,0,0,0,3,0,0,0
04-28-20,Morgan,6,0,6,0,0,0,8,0,261,17,269,17,0,0,0,0,0,6,0,0,0
04-28-20,Obion,14,0,13,0,1,0,13,0,354,12,367,12,0,1,0,3,0,10,0,1,1
04-28-20,Out of State,148,0,148,0,0,0,158,0,20110,616,20268,616,-1,2,1,23,0,123,0,15,1
04-28-20,Overton,9,0,9,0,0,0,9,0,551,4,560,4,0,0,0,2,0,7,0,1,0
04-28-20,Pending,0,0,0,0,0,0,0,0,18045,571,18045,571,0,0,0,-1,0,1,0,0,0
04-28-20,Perry,8,0,8,0,0,0,8,0,67,0,75,0,0,0,0,3,0,5,0,0,0
04-28-20,Pickett,0,0,0,0,0,0,0,0,166,0,166,0,0,0,0,0,0,0,0,0,0
04-28-20,Polk,9,0,9,0,0,0,11,1,133,1,144,2,0,0,-1,3,1,6,0,3,0
04-28-20,Putnam,119,4,119,4,0,0,169,5,1759,98,1928,103,0,5,4,28,0,86,0,3,5
04-28-20,Rhea,3,0,3,0,0,0,4,0,415,6,419,6,0,0,0,1,0,2,0,0,0
04-28-20,Roane,10,0,9,0,1,0,14,0,1421,70,1435,70,0,0,0,1,0,9,0,2,0
04-28-20,Robertson,141,1,140,0,1,1,153,1,1303,65,1456,66,0,0,1,34,0,107,0,20,1
04-28-20,Rutherford,460,9,460,9,0,0,520,14,4076,151,4596,165,1,10,-1,88,9,362,0,57,11
04-28-20,Scott,12,0,11,0,1,0,11,0,234,8,245,8,0,0,0,0,0,12,0,0,0
04-28-20,Sequatchie,7,0,7,0,0,0,7,0,337,4,344,4,0,0,0,2,0,5,0,1,0
04-28-20,Sevier,52,1,50,1,2,0,55,1,1510,89,1565,90,0,1,1,21,0,30,0,6,2
04-28-20,Shelby,2433,58,2426,58,7,0,2719,74,17149,759,19868,833,0,44,-18,630,76,1759,16,327,57
04-28-20,Smith,20,1,19,1,1,0,20,1,365,18,385,19,0,1,1,8,0,11,0,1,1
04-28-20,Stewart,7,1,7,1,0,0,7,1,160,4,167,5,0,0,1,1,0,6,1,1,0
04-28-20,Sullivan,50,1,48,1,2,0,50,1,1169,98,1219,99,0,1,1,3,0,46,0,6,1
04-28-20,Sumner,629,7,626,7,3,0,765,5,3024,101,3789,106,1,35,-5,86,11,508,2,192,38
04-28-20,Tipton,103,4,102,4,1,0,111,5,1198,57,1309,62,0,0,-7,20,11,83,1,17,0
04-28-20,Trousdale,127,72,126,72,1,0,129,73,335,59,464,132,0,1,71,99,1,27,0,8,1
04-28-20,Unicoi,1,0,1,0,0,0,1,0,139,0,140,0,0,0,0,0,0,1,0,0,0
04-28-20,Union,3,0,3,0,0,0,3,0,237,12,240,12,0,0,0,0,0,3,0,0,0
04-28-20,Van Buren,2,0,2,0,0,0,2,0,189,12,191,12,0,0,0,1,0,1,0,0,0
04-28-20,Warren,8,0,8,0,0,0,9,0,642,78,651,78,0,0,0,4,0,4,0,0,0
04-28-20,Washington,52,0,52,0,0,0,63,0,1525,14,1588,14,0,0,0,5,0,47,0,5,0
04-28-20,Wayne,4,0,4,0,0,0,5,0,251,7,256,7,0,0,0,2,0,2,0,2,0
04-28-20,Weakley,23,3,23,3,0,0,20,1,490,55,510,56,0,0,3,13,0,10,1,1,0
04-28-20,White,6,1,5,1,1,0,5,1,523,26,528,27,0,0,1,2,0,4,0,1,0
04-28-20,Williamson,399,6,399,6,0,0,428,6,4425,167,4853,173,1,8,-1,49,6,342,0,42,10
04-28-20,Wilson,251,1,251,1,0,0,265,3,2250,81,2515,84,0,3,-4,61,5,187,0,25,4
04-27-20,Anderson,22,0,21,0,1,0,25,0,1404,39,1429,39,0,1,-1,5,1,16,0,2,1
04-27-20,Bedford,169,3,169,3,0,0,181,3,1105,4,1286,7,0,2,-6,103,9,64,0,8,2
04-27-20,Benton,5,0,5,0,0,0,6,0,180,8,186,8,0,1,0,0,0,4,0,2,1
04-27-20,Bledsoe,588,0,588,0,0,0,594,0,2713,135,3307,135,0,0,-1,576,1,12,0,3,0
04-27-20,Blount,57,3,55,2,2,1,63,1,1072,41,1135,42,0,3,2,6,1,48,0,5,3
04-27-20,Bradley,42,1,42,1,0,0,48,0,713,6,761,6,0,1,1,4,0,37,0,8,1
04-27-20,Campbell,15,0,14,0,1,0,18,2,352,37,370,39,0,1,0,0,0,14,0,1,1
04-27-20,Cannon,10,0,10,0,0,0,17,0,240,17,257,17,0,0,-1,3,1,7,0,2,0
04-27-20,Carroll,21,1,16,1,5,0,17,1,411,21,428,22,0,1,0,9,1,11,0,1,1
04-27-20,Carter,15,0,15,0,0,0,13,0,415,1,428,1,0,1,0,9,0,5,0,2,1
04-27-20,Cheatham,43,6,43,6,0,0,45,6,734,31,779,37,0,0,5,18,1,25,0,5,0
04-27-20,Chester,9,0,9,0,0,0,11,0,248,5,259,5,0,0,0,3,0,6,0,1,0
04-27-20,Claiborne,5,0,5,0,0,0,5,0,211,34,216,34,0,0,0,0,0,5,0,0,0
04-27-20,Clay,6,0,6,0,0,0,6,0,219,8,225,8,0,0,0,0,0,6,0,0,0
04-27-20,Cocke,16,1,15,1,1,0,13,0,312,21,325,21,0,0,-2,5,3,11,0,1,0
04-27-20,Coffee,33,0,32,0,1,0,34,0,953,5,987,5,0,0,-1,12,1,21,0,3,0
04-27-20,Crockett,7,1,7,1,0,0,7,1,277,3,284,4,0,0,1,7,0,0,0,1,1
04-27-20,Cumberland,67,1,67,1,0,0,82,2,1428,8,1510,10,0,0,0,9,1,58,0,9,1
04-27-20,Davidson,2387,90,2386,90,1,0,2572,96,21897,782,24469,878,2,25,-22,736,110,1626,5,250,28
04-27-20,Decatur,4,0,4,0,0,0,4,0,135,5,139,5,0,0,0,1,0,3,0,0,0
04-27-20,Dekalb,14,0,14,0,0,0,16,0,550,44,566,44,0,0,0,4,0,10,0,0,0
04-27-20,Dickson,70,4,70,4,0,0,75,4,883,43,958,47,0,0,1,26,3,44,1,11,0
04-27-20,Dyer,35,1,34,1,1,0,36,2,552,28,588,30,0,0,0,8,1,27,1,5,0
04-27-20,Fayette,51,0,51,0,0,0,66,2,918,43,984,45,0,1,0,11,0,39,0,10,1
04-27-20,Fentress,4,0,4,0,0,0,4,0,196,0,200,0,0,0,0,0,0,4,0,1,0
04-27-20,Franklin,30,1,30,1,0,0,32,1,846,7,878,8,0,1,0,3,1,26,0,4,1
04-27-20,Gibson,42,3,39,1,3,2,47,4,936,133,983,137,0,1,3,14,0,27,0,4,1
04-27-20,Giles,6,0,6,0,0,0,6,0,344,3,350,3,0,0,-1,0,1,6,0,0,0
04-27-20,Grainger,5,1,5,1,0,0,4,1,258,2,262,3,0,0,1,1,0,4,0,1,0
04-27-20,Greene,41,1,41,1,0,0,46,1,716,29,762,30,0,2,-2,5,3,34,0,7,2
04-27-20,Grundy,25,0,25,0,0,0,29,0,286,0,315,0,0,1,0,2,0,22,0,10,1
04-27-20,Hamblen,17,1,16,1,1,0,17,1,551,37,568,38,0,2,0,9,1,6,0,3,2
04-27-20,Hamilton,152,5,151,5,1,0,165,5,2205,22,2370,27,0,13,3,22,2,117,0,40,14
04-27-20,Hancock,0,0,0,0,0,0,0,0,33,1,33,1,0,0,0,0,0,0,0,0,0
04-27-20,Hardeman,15,1,15,1,0,0,15,0,324,17,339,17,0,0,0,3,1,12,0,3,0
04-27-20,Hardin,5,0,5,0,0,0,5,0,808,23,813,23,0,0,0,1,0,4,0,0,0
04-27-20,Hawkins,29,0,29,0,0,0,37,0,678,21,715,21,0,2,0,0,0,27,0,6,2
04-27-20,Haywood,21,0,20,0,1,0,21,0,297,19,318,19,0,1,0,9,0,11,0,6,1
04-27-20,Henderson,6,0,6,0,0,0,8,1,362,19,370,20,0,0,-1,1,1,5,0,0,0
04-27-20,Henry,12,0,12,0,0,0,14,0,545,72,559,72,0,0,-1,3,1,9,0,3,0
04-27-20,Hickman,39,0,39,0,0,0,41,0,433,9,474,9,0,0,0,37,0,2,0,2,0
04-27-20,Houston,5,0,5,0,0,0,5,0,148,6,153,6,0,0,0,0,0,5,0,3,0
04-27-20,Humphreys,10,0,10,0,0,0,10,0,248,7,258,7,0,1,0,5,0,4,0,0,1
04-27-20,Jackson,7,0,7,0,0,0,10,0,325,36,335,36,0,0,0,1,0,6,0,0,0
04-27-20,Jefferson,17,1,16,1,1,0,16,1,547,26,563,27,0,0,1,1,0,16,0,0,0
04-27-20,Johnson,4,0,4,0,0,0,2,0,63,3,65,3,0,0,0,1,0,3,0,0,0
04-27-20,Knox,215,2,213,2,2,0,242,4,5468,134,5710,138,0,4,1,17,1,194,0,28,5
04-27-20,Lake,49,2,48,1,1,1,48,1,1025,12,1073,13,0,0,2,46,0,3,0,0,0
04-27-20,Lauderdale,18,0,18,0,0,0,21,1,280,7,301,8,0,0,-1,3,1,15,0,5,0
04-27-20,Lawrence,15,1,15,1,0,0,17,1,661,4,678,5,0,0,1,0,0,15,0,3,0
04-27-20,Lewis,3,0,3,0,0,0,3,0,83,3,86,3,0,0,0,0,0,3,0,0,0
04-27-20,Lincoln,12,0,12,0,0,0,13,0,431,7,444,7,0,0,0,1,0,11,0,2,0
04-27-20,Loudon,28,1,27,1,1,0,28,0,488,17,516,17,0,0,0,3,1,25,0,3,0
04-27-20,Macon,39,1,39,1,0,0,47,1,665,21,712,22,0,3,1,7,0,29,0,10,3
04-27-20,Madison,126,2,126,2,0,0,136,3,2265,137,2401,140,0,1,-5,32,7,93,1,15,1
04-27-20,Marion,29,0,28,0,1,0,32,0,460,1,492,1,0,1,0,-1,0,29,0,11,2
04-27-20,Marshall,20,0,20,0,0,0,21,0,494,6,515,6,0,1,-3,5,3,14,0,4,1
04-27-20,Maury,40,0,40,0,0,0,45,0,1319,77,1364,77,0,0,0,6,0,34,0,5,0
04-27-20,McMinn,72,50,72,50,0,0,73,50,931,31,1004,81,0,0,50,66,0,6,8,14,0
04-27-20,McNairy,11,0,11,0,0,0,12,0,273,13,285,13,0,0,0,2,0,9,0,1,0
04-27-20,Meigs,5,0,5,0,0,0,5,0,130,2,135,2,0,0,0,1,0,4,0,2,0
04-27-20,Monroe,13,1,12,1,1,0,17,1,366,6,383,7,0,1,1,3,0,9,0,2,1
04-27-20,Montgomery,139,0,139,0,0,0,152,0,2681,161,2833,161,0,2,-3,18,3,119,0,17,3
04-27-20,Moore,3,0,3,0,0,0,3,0,135,0,138,0,0,0,0,0,0,3,0,0,0
04-27-20,Morgan,6,0,6,0,0,0,8,0,244,9,252,9,0,0,0,0,0,6,0,0,0
04-27-20,Obion,14,0,13,0,1,0,13,0,342,38,355,38,0,1,-1,3,1,10,0,1,1
04-27-20,Out of State,148,3,148,3,0,0,158,3,19494,640,19652,643,1,3,1,22,1,123,1,15,1
04-27-20,Overton,9,1,9,1,0,0,9,1,547,18,556,19,0,0,1,2,0,7,0,1,0
04-27-20,Pending,0,0,0,0,0,0,0,0,17474,383,17474,383,0,0,0,-1,0,1,0,0,0
04-27-20,Perry,8,0,8,0,0,0,8,0,67,0,75,0,0,0,0,3,0,5,0,0,0
04-27-20,Pickett,0,0,0,0,0,0,0,0,166,3,166,3,0,0,0,0,0,0,0,0,0
04-27-20,Polk,9,0,9,0,0,0,10,0,132,4,142,4,0,0,0,4,0,5,0,3,0
04-27-20,Putnam,115,5,115,5,0,0,164,7,1661,138,1825,145,0,5,4,24,1,86,0,3,5
04-27-20,Rhea,3,0,3,0,0,0,4,1,409,13,413,14,0,0,-1,1,1,2,0,0,0
04-27-20,Roane,10,0,9,0,1,0,14,0,1351,26,1365,26,0,0,0,1,0,9,0,2,0
04-27-20,Robertson,140,3,140,3,0,0,152,5,1238,15,1390,20,0,0,-1,33,4,107,1,20,1
04-27-20,Rutherford,451,21,451,21,0,0,506,20,3925,58,4431,78,0,9,9,89,12,353,1,57,11
04-27-20,Scott,12,0,11,0,1,0,11,0,226,1,237,1,0,0,0,0,0,12,0,0,0
04-27-20,Sequatchie,7,0,7,0,0,0,7,0,333,4,340,4,0,0,0,2,0,5,0,1,0
04-27-20,Sevier,51,0,49,0,2,0,54,0,1421,83,1475,83,0,1,0,20,0,30,0,6,2
04-27-20,Shelby,2375,56,2368,56,7,0,2645,57,16390,918,19035,975,0,44,-42,648,98,1683,12,311,56
04-27-20,Smith,19,0,18,0,1,0,19,0,347,2,366,2,0,1,0,7,0,11,0,1,1
04-27-20,Stewart,6,0,6,0,0,0,6,0,156,2,162,2,0,0,0,0,0,6,0,0,0
04-27-20,Sullivan,49,0,47,0,2,0,49,0,1071,34,1120,34,0,1,-1,2,1,46,0,6,1
04-27-20,Sumner,622,10,619,10,3,0,760,13,2923,22,3683,35,0,34,1,91,9,497,2,190,37
04-27-20,Tipton,99,4,98,4,1,0,106,4,1141,24,1247,28,0,0,3,27,1,72,1,16,0
04-27-20,Trousdale,55,1,54,1,1,0,56,0,276,0,332,0,0,1,0,28,1,26,0,8,1
04-27-20,Unicoi,1,0,1,0,0,0,1,0,139,3,140,3,0,0,0,0,0,1,0,0,0
04-27-20,Union,3,0,3,0,0,0,3,0,225,23,228,23,0,0,0,0,0,3,0,0,0
04-27-20,Van Buren,2,0,2,0,0,0,2,0,177,9,179,9,0,0,0,1,0,1,0,0,0
04-27-20,Warren,8,2,8,2,0,0,9,2,564,5,573,7,0,0,2,4,0,4,0,0,0
04-27-20,Washington,52,0,52,0,0,0,63,3,1511,15,1574,18,0,0,-1,5,1,47,0,5,0
04-27-20,Wayne,4,0,4,0,0,0,5,0,244,3,249,3,0,0,0,2,0,2,0,2,0
04-27-20,Weakley,20,0,20,0,0,0,19,0,435,11,454,11,0,0,-2,10,2,10,0,0,0
04-27-20,White,5,0,4,0,1,0,4,0,497,26,501,26,0,0,0,1,0,4,0,1,0
04-27-20,Williamson,393,1,393,1,0,0,422,3,4258,44,4680,47,0,7,-4,50,5,336,0,42,9
04-27-20,Wilson,250,4,250,4,0,0,262,5,2169,34,2431,39,0,3,-5,65,9,182,1,25,3
04-26-20,Anderson,22,0,21,0,1,0,25,0,1365,35,1390,35,0,1,0,6,0,15,0,2,1
04-26-20,Bedford,166,6,166,6,0,0,178,11,1101,88,1279,99,0,2,-4,109,10,55,1,8,2
04-26-20,Benton,5,0,5,0,0,0,6,0,172,3,178,3,0,1,0,0,0,4,0,2,1
04-26-20,Bledsoe,588,0,588,0,0,0,594,1,2578,47,3172,48,0,0,-2,577,2,11,0,3,0
04-26-20,Blount,54,0,53,0,1,0,62,0,1031,40,1093,40,0,3,-1,4,1,47,0,5,3
04-26-20,Bradley,41,1,41,1,0,0,48,2,707,46,755,48,0,1,0,3,1,37,0,8,1
04-26-20,Campbell,15,1,14,1,1,0,16,2,315,25,331,27,0,1,1,0,0,14,0,1,1
04-26-20,Cannon,10,0,10,0,0,0,17,0,223,3,240,3,0,0,0,4,0,6,0,2,0
04-26-20,Carroll,20,0,15,0,5,0,16,0,390,4,406,4,0,1,0,9,0,10,0,1,1
04-26-20,Carter,15,0,15,0,0,0,13,0,414,49,427,49,0,1,0,9,0,5,0,2,1
04-26-20,Cheatham,37,0,37,0,0,0,39,0,703,32,742,32,0,0,-1,13,1,24,0,5,0
04-26-20,Chester,9,0,9,0,0,0,11,0,243,2,254,2,0,0,0,3,0,6,0,1,0
04-26-20,Claiborne,5,0,5,0,0,0,5,0,177,3,182,3,0,0,0,0,0,5,0,0,0
04-26-20,Clay,6,0,6,0,0,0,6,0,211,1,217,1,0,0,0,0,0,6,0,0,0
04-26-20,Cocke,15,0,14,0,1,0,13,0,291,21,304,21,0,0,0,7,0,8,0,1,0
04-26-20,Coffee,33,1,32,1,1,0,34,4,948,52,982,56,0,0,1,13,0,20,0,3,0
04-26-20,Crockett,6,0,6,0,0,0,6,0,274,2,280,2,0,0,0,6,0,0,0,1,1
04-26-20,Cumberland,66,0,66,0,0,0,80,0,1420,33,1500,33,0,0,-1,9,1,57,0,9,1
04-26-20,Davidson,2297,72,2296,72,1,0,2476,85,21115,597,23591,682,1,23,33,758,38,1516,6,245,28
04-26-20,Decatur,4,0,4,0,0,0,4,0,130,0,134,0,0,0,0,1,0,3,0,0,0
04-26-20,Dekalb,14,2,14,2,0,0,16,2,506,48,522,50,0,0,2,4,0,10,0,0,0
04-26-20,Dickson,66,1,66,1,0,0,71,1,840,76,911,77,0,0,-1,25,2,41,0,10,0
04-26-20,Dyer,34,1,33,1,1,0,34,0,524,10,558,10,0,0,0,8,1,26,0,4,0
04-26-20,Fayette,51,0,51,0,0,0,64,1,875,15,939,16,0,1,0,11,0,39,0,10,1
04-26-20,Fentress,4,0,4,0,0,0,4,0,196,1,200,1,0,0,0,0,0,4,0,1,0
04-26-20,Franklin,29,0,29,0,0,0,31,0,839,66,870,66,0,1,-1,3,1,25,0,4,1
04-26-20,Gibson,39,2,38,2,1,0,43,2,803,12,846,14,0,1,1,11,1,27,0,4,1
04-26-20,Giles,6,0,6,0,0,0,6,0,341,18,347,18,0,0,0,1,0,5,0,0,0
04-26-20,Grainger,4,0,4,0,0,0,3,0,256,3,259,3,0,0,0,0,0,4,0,1,0
04-26-20,Greene,40,0,40,0,0,0,45,1,687,70,732,71,0,2,-1,7,1,31,0,7,2
04-26-20,Grundy,25,0,25,0,0,0,29,0,286,5,315,5,0,1,0,2,0,22,0,10,1
04-26-20,Hamblen,16,1,15,1,1,0,16,1,514,31,530,32,0,2,1,9,0,5,0,3,2
04-26-20,Hamilton,147,6,146,6,1,0,160,6,2183,44,2343,50,0,13,0,19,6,115,0,40,14
04-26-20,Hancock,0,0,0,0,0,0,0,0,32,6,32,6,0,0,0,0,0,0,0,0,0
04-26-20,Hardeman,14,0,14,0,0,0,15,0,307,7,322,7,0,0,0,3,0,11,0,3,0
04-26-20,Hardin,5,0,5,0,0,0,5,0,785,10,790,10,0,0,-1,1,1,4,0,0,0
04-26-20,Hawkins,29,0,29,0,0,0,37,0,657,17,694,17,0,2,0,0,0,27,0,6,2
04-26-20,Haywood,21,2,20,2,1,0,21,2,278,14,299,16,0,1,2,9,0,11,0,6,1
04-26-20,Henderson,6,0,6,0,0,0,7,0,343,2,350,2,0,0,0,2,0,4,0,0,0
04-26-20,Henry,12,0,12,0,0,0,14,0,473,32,487,32,0,0,0,4,0,8,0,3,0
04-26-20,Hickman,39,0,39,0,0,0,41,0,424,20,465,20,0,0,0,37,0,2,0,2,0
04-26-20,Houston,5,0,5,0,0,0,5,0,142,11,147,11,0,0,0,0,0,5,0,3,0
04-26-20,Humphreys,10,1,10,1,0,0,10,1,241,14,251,15,0,1,1,5,0,4,0,0,1
04-26-20,Jackson,7,0,7,0,0,0,10,0,289,43,299,43,0,0,0,1,0,6,0,0,0
04-26-20,Jefferson,16,0,15,0,1,0,15,0,521,19,536,19,0,0,-1,0,1,16,0,0,0
04-26-20,Johnson,4,1,4,1,0,0,2,0,60,0,62,0,0,0,1,1,0,3,0,0,0
04-26-20,Knox,213,1,211,1,2,0,238,1,5334,159,5572,160,0,4,-2,16,3,193,0,28,4
04-26-20,Lake,47,0,47,0,0,0,47,0,1013,0,1060,0,0,0,0,44,0,3,0,0,0
04-26-20,Lauderdale,18,0,18,0,0,0,20,0,273,11,293,11,0,0,0,4,0,14,0,5,0
04-26-20,Lawrence,14,0,14,0,0,0,16,0,657,64,673,64,0,0,0,-1,0,15,0,3,0
04-26-20,Lewis,3,0,3,0,0,0,3,0,80,5,83,5,0,0,0,0,0,3,0,0,0
04-26-20,Lincoln,12,0,12,0,0,0,13,0,424,68,437,68,0,0,0,1,0,11,0,2,0
04-26-20,Loudon,27,1,26,0,1,1,28,0,471,7,499,7,0,0,0,3,1,24,0,3,0
04-26-20,Macon,38,0,38,0,0,0,46,0,644,21,690,21,0,3,-1,6,1,29,0,10,3
04-26-20,Madison,124,0,124,0,0,0,133,1,2128,22,2261,23,0,1,-1,37,1,86,0,14,1
04-26-20,Marion,29,0,28,0,1,0,32,0,459,3,491,3,0,1,0,-1,0,29,0,11,2
04-26-20,Marshall,20,0,20,0,0,0,21,0,488,42,509,42,0,1,-1,8,1,11,0,4,1
04-26-20,Maury,40,2,40,2,0,0,45,3,1242,104,1287,107,0,0,2,6,0,34,0,5,0
04-26-20,McMinn,22,4,22,4,0,0,23,7,900,38,923,45,0,0,4,16,0,6,0,6,0
04-26-20,McNairy,11,0,11,0,0,0,12,0,260,4,272,4,0,0,0,2,0,9,0,1,0
04-26-20,Meigs,5,0,5,0,0,0,5,0,128,5,133,5,0,0,0,1,0,4,0,2,0
04-26-20,Monroe,12,0,11,0,1,0,16,0,360,6,376,6,0,1,0,2,0,9,0,2,1
04-26-20,Montgomery,139,4,139,4,0,0,152,4,2520,19,2672,23,0,2,1,21,3,116,1,17,3
04-26-20,Moore,3,0,3,0,0,0,3,0,135,9,138,9,0,0,-2,0,2,3,0,0,0
04-26-20,Morgan,6,0,6,0,0,0,8,0,235,6,243,6,0,0,0,0,0,6,0,0,0
04-26-20,Obion,14,0,13,0,1,0,13,0,304,13,317,13,0,1,-1,4,1,9,0,1,1
04-26-20,Out of State,145,4,145,4,0,0,155,4,18854,1692,19009,1696,0,2,3,21,1,122,3,14,1
04-26-20,Overton,8,0,8,0,0,0,8,0,529,10,537,10,0,0,0,1,0,7,0,1,0
04-26-20,Pending,0,0,0,0,0,0,0,0,17091,499,17091,499,0,0,0,-1,0,1,0,0,0
04-26-20,Perry,8,0,8,0,0,0,8,0,67,2,75,2,0,0,0,3,0,5,0,0,0
04-26-20,Pickett,0,0,0,0,0,0,0,0,163,2,163,2,0,0,0,0,0,0,0,0,0
04-26-20,Polk,9,1,9,1,0,0,10,1,128,16,138,17,0,0,1,4,0,5,0,3,0
04-26-20,Putnam,110,1,110,1,0,0,157,3,1523,72,1680,75,0,5,1,20,0,85,0,3,5
04-26-20,Rhea,3,0,3,0,0,0,3,0,396,32,399,32,0,0,0,2,0,1,0,0,0
04-26-20,Roane,10,0,9,0,1,0,14,0,1325,14,1339,14,0,0,0,1,0,9,0,2,0
04-26-20,Robertson,137,4,137,4,0,0,147,8,1223,14,1370,22,0,0,-1,34,5,103,0,19,1
04-26-20,Rutherford,430,10,430,10,0,0,486,12,3867,149,4353,161,1,9,0,80,9,341,1,56,11
04-26-20,Scott,12,0,11,0,1,0,11,0,225,4,236,4,0,0,0,0,0,12,0,0,0
04-26-20,Sequatchie,7,0,7,0,0,0,7,0,329,31,336,31,0,0,0,2,0,5,0,1,0
04-26-20,Sevier,51,1,49,1,2,0,54,1,1338,16,1392,17,0,1,-1,20,2,30,0,6,2
04-26-20,Shelby,2319,122,2312,122,7,0,2588,127,15472,662,18060,789,1,44,86,690,35,1585,1,299,55
04-26-20,Smith,19,0,18,0,1,0,19,0,345,33,364,33,0,1,0,7,0,11,0,1,1
04-26-20,Stewart,6,1,6,1,0,0,6,1,154,6,160,7,0,0,1,0,0,6,0,0,0
04-26-20,Sullivan,49,0,47,0,2,0,49,0,1037,162,1086,162,0,1,-1,3,1,45,0,6,1
04-26-20,Sumner,612,12,609,12,3,0,747,17,2901,80,3648,97,0,34,3,90,9,488,2,188,36
04-26-20,Tipton,95,1,94,1,1,0,102,2,1117,44,1219,46,0,0,-1,24,2,71,1,15,0
04-26-20,Trousdale,54,2,53,2,1,0,56,2,276,9,332,11,0,1,2,28,0,25,0,8,1
04-26-20,Unicoi,1,0,1,0,0,0,1,0,136,7,137,7,0,0,0,0,0,1,0,0,0
04-26-20,Union,3,0,3,0,0,0,3,0,202,7,205,7,0,0,0,0,0,3,0,0,0
04-26-20,Van Buren,2,0,2,0,0,0,2,0,168,9,170,9,0,0,0,1,0,1,0,0,0
04-26-20,Warren,6,0,6,0,0,0,7,0,559,41,566,41,0,0,0,2,0,4,0,0,0
04-26-20,Washington,52,2,52,2,0,0,60,4,1496,122,1556,126,0,0,1,6,1,46,0,5,0
04-26-20,Wayne,4,0,4,0,0,0,5,0,241,3,246,3,0,0,0,2,0,2,0,2,0
04-26-20,Weakley,20,0,20,0,0,0,19,0,424,43,443,43,0,0,0,12,0,8,0,0,0
04-26-20,White,5,0,4,0,1,0,4,0,471,23,475,23,0,0,0,1,0,4,0,1,0
04-26-20,Williamson,392,14,392,14,0,0,419,16,4214,140,4633,156,0,7,10,54,4,331,1,42,7
04-26-20,Wilson,246,13,246,13,0,0,257,13,2135,64,2392,77,0,3,7,70,6,173,0,24,3
04-25-20,Anderson,22,0,21,0,1,0,25,0,1330,35,1355,35,0,1,0,6,0,15,0,2,1
04-25-20,Bedford,160,8,160,8,0,0,167,12,1013,92,1180,104,0,2,-1,113,9,45,0,7,2
04-25-20,Benton,5,0,5,0,0,0,6,0,169,15,175,15,0,1,0,0,0,4,0,2,1
04-25-20,Bledsoe,588,0,588,0,0,0,593,0,2531,13,3124,13,0,0,-1,579,1,9,0,3,0
04-25-20,Blount,54,0,53,0,1,0,62,0,991,39,1053,39,0,3,0,5,0,46,0,5,3
04-25-20,Bradley,40,1,40,1,0,0,46,1,661,27,707,28,0,1,1,3,0,36,0,8,1
04-25-20,Campbell,14,0,13,0,1,0,14,0,290,25,304,25,0,1,0,-1,0,14,0,1,1
04-25-20,Cannon,10,0,10,0,0,0,17,0,220,1,237,1,0,0,0,4,0,6,0,2,0
04-25-20,Carroll,20,1,15,1,5,0,16,2,386,13,402,15,0,1,1,9,0,10,0,1,1
04-25-20,Carter,15,2,15,2,0,0,13,3,365,19,378,22,0,1,1,9,1,5,0,2,1
04-25-20,Cheatham,37,0,37,0,0,0,39,1,671,13,710,14,0,0,0,14,0,23,0,5,0
04-25-20,Chester,9,0,9,0,0,0,11,0,241,7,252,7,0,0,-1,3,1,6,0,1,0
04-25-20,Claiborne,5,0,5,0,0,0,5,0,174,3,179,3,0,0,0,0,0,5,0,0,0
04-25-20,Clay,6,0,6,0,0,0,6,0,210,6,216,6,0,0,0,0,0,6,0,0,0
04-25-20,Cocke,15,0,14,0,1,0,13,0,270,37,283,37,0,0,0,7,0,8,0,1,0
04-25-20,Coffee,32,3,31,3,1,0,30,2,896,52,926,54,0,0,0,12,3,20,0,3,0
04-25-20,Crockett,6,0,6,0,0,0,6,0,272,28,278,28,0,0,0,6,0,0,0,1,1
04-25-20,Cumberland,66,1,66,1,0,0,80,1,1387,79,1467,80,0,0,0,10,1,56,0,9,1
04-25-20,Davidson,2225,65,2224,65,1,0,2391,79,20518,403,22909,482,1,22,28,725,36,1478,10,239,27
04-25-20,Decatur,4,0,4,0,0,0,4,0,130,2,134,2,0,0,0,1,0,3,0,0,0
04-25-20,Dekalb,12,0,12,0,0,0,14,0,458,31,472,31,0,0,0,2,0,10,0,0,0
04-25-20,Dickson,65,2,65,2,0,0,70,2,764,7,834,9,0,0,1,26,1,39,0,10,0
04-25-20,Dyer,33,0,32,0,1,0,34,1,514,11,548,12,0,0,0,8,0,25,0,4,0
04-25-20,Fayette,51,1,51,1,0,0,63,2,860,23,923,25,0,1,-2,11,3,39,0,10,1
04-25-20,Fentress,4,0,4,0,0,0,4,0,195,4,199,4,0,0,0,0,0,4,0,1,0
04-25-20,Franklin,29,0,29,0,0,0,31,0,773,49,804,49,0,1,0,4,0,24,0,4,1
04-25-20,Gibson,37,3,36,3,1,0,41,4,791,32,832,36,0,1,2,10,1,26,1,4,1
04-25-20,Giles,6,0,6,0,0,0,6,0,323,8,329,8,0,0,-1,1,1,5,0,0,0
04-25-20,Grainger,4,0,4,0,0,0,3,0,253,2,256,2,0,0,0,0,0,4,0,1,0
04-25-20,Greene,40,0,40,0,0,0,44,0,617,60,661,60,0,2,0,8,0,30,0,7,2
04-25-20,Grundy,25,0,25,0,0,0,29,0,281,11,310,11,0,1,-1,2,1,22,0,10,1
04-25-20,Hamblen,15,0,14,0,1,0,15,0,483,36,498,36,0,2,-1,8,1,5,0,3,2
04-25-20,Hamilton,141,1,140,1,1,0,154,1,2139,24,2293,25,0,13,1,19,0,109,0,40,14
04-25-20,Hancock,0,0,0,0,0,0,0,0,26,0,26,0,0,0,0,0,0,0,0,0,0
04-25-20,Hardeman,14,0,14,0,0,0,15,0,300,16,315,16,0,0,-1,3,1,11,0,3,0
04-25-20,Hardin,5,0,5,0,0,0,5,0,775,25,780,25,0,0,0,2,0,3,0,0,0
04-25-20,Hawkins,29,0,29,0,0,0,37,0,640,30,677,30,0,2,0,0,0,27,0,6,2
04-25-20,Haywood,19,0,18,0,1,0,19,0,264,13,283,13,0,1,0,7,0,11,0,6,1
04-25-20,Henderson,6,1,6,1,0,0,7,1,341,14,348,15,0,0,1,2,0,4,0,0,0
04-25-20,Henry,12,0,12,0,0,0,14,0,441,21,455,21,0,0,0,4,0,8,0,3,0
04-25-20,Hickman,39,1,39,1,0,0,41,1,404,55,445,56,0,0,1,37,0,2,0,2,0
04-25-20,Houston,5,0,5,0,0,0,5,0,131,1,136,1,0,0,0,0,0,5,0,3,0
04-25-20,Humphreys,9,0,9,0,0,0,9,0,227,3,236,3,1,1,-1,4,0,4,0,0,1
04-25-20,Jackson,7,0,7,0,0,0,10,0,246,25,256,25,0,0,0,1,0,6,0,0,0
04-25-20,Jefferson,16,1,15,1,1,0,15,1,502,31,517,32,0,0,1,1,0,15,0,0,0
04-25-20,Johnson,3,1,3,1,0,0,2,0,60,3,62,3,0,0,1,0,0,3,0,0,0
04-25-20,Knox,212,0,210,0,2,0,237,0,5175,50,5412,50,0,4,-5,18,5,190,0,28,4
04-25-20,Lake,47,1,47,1,0,0,47,1,1013,1,1060,2,0,0,1,44,0,3,0,0,0
04-25-20,Lauderdale,18,2,18,2,0,0,20,2,262,11,282,13,0,0,1,4,1,14,0,5,0
04-25-20,Lawrence,14,0,14,0,0,0,16,0,593,34,609,34,0,0,0,-1,0,15,0,3,0
04-25-20,Lewis,3,0,3,0,0,0,3,0,75,6,78,6,0,0,0,0,0,3,0,0,0
04-25-20,Lincoln,12,0,12,0,0,0,13,0,356,35,369,35,0,0,-1,1,1,11,0,2,0
04-25-20,Loudon,26,1,26,1,0,0,28,1,464,4,492,5,0,0,1,3,0,23,0,3,0
04-25-20,Macon,38,1,38,1,0,0,46,1,623,19,669,20,0,3,1,7,0,28,0,10,3
04-25-20,Madison,124,4,124,4,0,0,132,3,2106,75,2238,78,0,1,3,38,1,85,0,14,1
04-25-20,Marion,29,0,28,0,1,0,32,0,456,16,488,16,0,1,-1,-1,1,29,0,11,2
04-25-20,Marshall,20,0,20,0,0,0,21,0,446,28,467,28,0,1,-2,9,2,10,0,4,1
04-25-20,Maury,38,1,38,1,0,0,42,1,1138,40,1180,41,0,0,1,4,0,34,0,5,0
04-25-20,McMinn,18,7,18,7,0,0,16,7,862,38,878,45,0,0,6,12,1,6,2,6,0
04-25-20,McNairy,11,0,11,0,0,0,12,0,256,8,268,8,0,0,0,2,0,9,0,1,0
04-25-20,Meigs,5,0,5,0,0,0,5,0,123,4,128,4,0,0,0,1,0,4,0,2,0
04-25-20,Monroe,12,0,11,0,1,0,16,0,354,7,370,7,0,1,-1,2,1,9,0,2,1
04-25-20,Montgomery,135,2,135,2,0,0,148,3,2501,39,2649,42,0,2,-1,20,3,113,0,16,3
04-25-20,Moore,3,0,3,0,0,0,3,0,126,8,129,8,0,0,0,2,0,1,0,0,0
04-25-20,Morgan,6,0,6,0,0,0,8,0,229,17,237,17,0,0,0,0,0,6,0,0,0
04-25-20,Obion,14,0,13,0,1,0,13,0,291,30,304,30,0,1,0,5,0,8,0,1,1
04-25-20,Out of State,141,3,141,3,0,0,151,3,17162,562,17313,565,1,2,-3,18,5,121,0,11,1
04-25-20,Overton,8,0,8,0,0,0,8,0,519,7,527,7,0,0,0,1,0,7,0,1,0
04-25-20,Pending,0,0,0,0,0,0,0,0,16592,301,16592,301,0,0,0,-1,0,1,0,0,0
04-25-20,Perry,8,0,8,0,0,0,8,0,65,2,73,2,0,0,0,3,0,5,0,0,0
04-25-20,Pickett,0,0,0,0,0,0,0,0,161,5,161,5,0,0,0,0,0,0,0,0,0
04-25-20,Polk,8,0,8,0,0,0,9,0,112,15,121,15,0,0,0,3,0,5,0,3,0
04-25-20,Putnam,109,3,109,3,0,0,154,5,1451,71,1605,76,1,5,0,19,2,85,0,3,5
04-25-20,Rhea,3,0,3,0,0,0,3,0,364,16,367,16,0,0,0,2,0,1,0,0,0
04-25-20,Roane,10,0,9,0,1,0,14,0,1311,13,1325,13,0,0,0,1,0,9,0,2,0
04-25-20,Robertson,133,6,133,6,0,0,139,8,1209,10,1348,18,0,0,6,35,0,98,0,19,1
04-25-20,Rutherford,420,17,420,17,0,0,474,16,3718,47,4192,63,1,8,10,80,6,332,1,55,10
04-25-20,Scott,12,0,11,0,1,0,11,0,221,7,232,7,0,0,0,0,0,12,0,0,0
04-25-20,Sequatchie,7,1,7,1,0,0,7,1,298,47,305,48,0,0,0,2,1,5,0,1,0
04-25-20,Sevier,50,3,48,1,2,2,53,1,1322,50,1375,51,0,1,3,21,0,28,0,6,1
04-25-20,Shelby,2197,109,2190,108,7,1,2461,125,14810,782,17271,907,1,43,61,604,47,1550,5,298,54
04-25-20,Smith,19,0,18,0,1,0,19,1,312,4,331,5,0,1,0,7,0,11,0,1,1
04-25-20,Stewart,5,0,5,0,0,0,5,0,148,4,153,4,0,0,-1,-1,1,6,0,0,0
04-25-20,Sullivan,49,2,47,0,2,2,49,0,875,5,924,5,0,1,2,4,0,44,0,6,1
04-25-20,Sumner,600,7,597,7,3,0,730,10,2821,24,3551,34,2,34,-3,87,8,479,0,186,36
04-25-20,Tipton,94,4,93,4,1,0,100,2,1073,24,1173,26,0,0,2,25,2,69,2,14,0
04-25-20,Trousdale,52,18,51,18,1,0,54,18,267,91,321,109,0,1,18,26,0,25,0,8,1
04-25-20,Unicoi,1,0,1,0,0,0,1,0,129,3,130,3,0,0,0,0,0,1,0,0,0
04-25-20,Union,3,0,3,0,0,0,3,0,195,4,198,4,0,0,0,0,0,3,0,0,0
04-25-20,Van Buren,2,0,2,0,0,0,2,0,159,1,161,1,0,0,-1,1,1,1,0,0,0
04-25-20,Warren,6,1,6,1,0,0,7,1,518,7,525,8,0,0,1,2,0,4,0,0,0
04-25-20,Washington,50,3,50,3,0,0,56,2,1374,52,1430,54,0,0,3,5,0,45,0,5,0
04-25-20,Wayne,4,0,4,0,0,0,5,0,238,16,243,16,0,0,0,2,0,2,0,2,0
04-25-20,Weakley,20,4,20,4,0,0,19,4,381,5,400,9,0,0,4,12,0,8,0,0,0
04-25-20,White,5,0,4,0,1,0,4,0,448,6,452,6,0,0,0,1,0,4,0,1,0
04-25-20,Williamson,378,1,378,1,0,0,403,1,4074,47,4477,48,0,7,-2,44,3,327,0,41,7
04-25-20,Wilson,233,9,233,9,0,0,244,11,2071,34,2315,45,2,3,0,63,7,167,1,24,3
04-24-20,Anderson,22,1,21,1,1,0,25,1,1295,255,1320,256,0,1,1,6,0,15,0,2,1
04-24-20,Bedford,152,16,152,16,0,0,155,21,921,147,1076,168,0,2,12,114,4,36,0,7,2
04-24-20,Benton,5,0,5,0,0,0,6,0,154,11,160,11,0,1,0,0,0,4,0,2,1
04-24-20,Bledsoe,588,5,588,5,0,0,593,3,2518,36,3111,39,0,0,4,580,1,8,0,3,0
04-24-20,Blount,54,4,53,4,1,0,62,4,952,126,1014,130,0,3,3,5,1,46,0,5,3
04-24-20,Bradley,39,2,39,2,0,0,45,5,634,143,679,148,0,1,0,2,2,36,0,8,1
04-24-20,Campbell,14,0,13,0,1,0,14,0,265,38,279,38,0,1,0,-1,0,14,0,1,1
04-24-20,Cannon,10,1,10,1,0,0,17,2,219,39,236,41,0,0,1,4,0,6,0,2,0
04-24-20,Carroll,19,6,14,1,5,5,14,1,373,31,387,32,0,1,6,8,0,10,0,1,1
04-24-20,Carter,13,5,13,5,0,0,10,3,346,58,356,61,0,1,4,8,1,4,0,2,1
04-24-20,Cheatham,37,4,37,4,0,0,38,6,658,75,696,81,0,0,4,14,0,23,0,5,0
04-24-20,Chester,9,0,9,0,0,0,11,1,234,34,245,35,0,0,0,4,0,5,0,1,0
04-24-20,Claiborne,5,0,5,0,0,0,5,0,171,9,176,9,0,0,0,0,0,5,0,0,0
04-24-20,Clay,6,0,6,0,0,0,6,0,204,8,210,8,0,0,0,0,0,6,0,0,0
04-24-20,Cocke,15,0,14,0,1,0,13,0,233,60,246,60,0,0,0,7,0,8,0,1,0
04-24-20,Coffee,29,2,28,2,1,0,28,5,844,82,872,87,0,0,0,12,2,17,0,3,0
04-24-20,Crockett,6,0,6,0,0,0,6,0,244,49,250,49,0,0,0,6,0,0,0,1,1
04-24-20,Cumberland,65,0,65,0,0,0,79,3,1308,221,1387,224,0,0,-6,10,6,55,0,9,0
04-24-20,Davidson,2160,165,2159,165,1,0,2312,205,20115,1623,22427,1828,0,21,79,697,86,1442,19,229,26
04-24-20,Decatur,4,0,4,0,0,0,4,0,128,21,132,21,0,0,0,1,0,3,0,0,0
04-24-20,Dekalb,12,0,12,0,0,0,14,1,427,28,441,29,0,0,-1,2,1,10,0,0,0
04-24-20,Dickson,63,2,63,2,0,0,68,5,757,169,825,174,0,0,0,25,2,38,1,10,0
04-24-20,Dyer,33,1,32,1,1,0,33,2,503,67,536,69,0,0,0,8,1,25,0,4,0
04-24-20,Fayette,50,3,50,3,0,0,61,5,837,47,898,52,0,1,2,13,1,36,0,10,1
04-24-20,Fentress,4,0,4,0,0,0,4,0,191,30,195,30,0,0,0,0,0,4,0,1,0
04-24-20,Franklin,29,0,29,0,0,0,31,2,724,164,755,166,0,1,-1,4,1,24,0,4,1
04-24-20,Gibson,34,1,33,1,1,0,37,3,759,97,796,100,0,1,1,8,0,25,0,3,1
04-24-20,Giles,6,0,6,0,0,0,6,0,315,58,321,58,0,0,0,2,0,4,0,0,0
04-24-20,Grainger,4,0,4,0,0,0,3,0,251,27,254,27,0,0,0,0,0,4,0,1,0
04-24-20,Greene,40,1,40,1,0,0,44,8,557,161,601,169,0,2,0,8,1,30,0,7,2
04-24-20,Grundy,25,0,25,0,0,0,29,0,270,33,299,33,0,1,-1,3,1,21,0,10,1
04-24-20,Hamblen,15,0,14,0,1,0,15,1,447,65,462,66,0,2,0,9,0,4,0,3,2
04-24-20,Hamilton,140,6,139,6,1,0,153,7,2115,157,2268,164,0,13,2,18,4,109,0,40,14
04-24-20,Hancock,0,0,0,0,0,0,0,0,26,4,26,4,0,0,0,0,0,0,0,0,0
04-24-20,Hardeman,14,2,14,2,0,0,15,2,284,38,299,40,0,0,1,4,1,10,0,3,0
04-24-20,Hardin,5,1,5,1,0,0,5,2,750,62,755,64,0,0,1,2,0,3,0,0,0
04-24-20,Hawkins,29,1,29,1,0,0,37,2,610,75,647,77,0,2,0,0,1,27,1,6,2
04-24-20,Haywood,19,3,18,2,1,1,19,3,251,38,270,41,0,1,3,7,0,11,0,6,1
04-24-20,Henderson,5,0,5,0,0,0,6,0,327,45,333,45,0,0,0,1,0,4,0,0,0
04-24-20,Henry,12,1,12,1,0,0,14,1,420,62,434,63,0,0,1,4,0,8,0,3,0
04-24-20,Hickman,38,18,38,18,0,0,40,19,349,164,389,183,0,0,18,36,0,2,1,2,0
04-24-20,Houston,5,0,5,0,0,0,5,0,130,6,135,6,0,0,0,0,0,5,0,3,0
04-24-20,Humphreys,9,2,9,2,0,0,9,3,224,34,233,37,0,0,2,5,0,4,0,0,1
04-24-20,Jackson,7,0,7,0,0,0,10,0,221,34,231,34,0,0,0,1,0,6,0,0,0
04-24-20,Jefferson,15,1,14,0,1,1,14,1,471,57,485,58,0,0,1,0,0,15,0,0,0
04-24-20,Johnson,2,0,2,0,0,0,2,0,57,10,59,10,0,0,0,-1,0,3,0,0,0
04-24-20,Knox,212,8,210,8,2,0,237,36,5125,1216,5362,1252,0,4,5,23,3,185,1,28,4
04-24-20,Lake,46,1,46,1,0,0,46,1,1012,8,1058,9,0,0,1,43,0,3,0,0,0
04-24-20,Lauderdale,16,0,16,0,0,0,18,0,251,26,269,26,0,0,-1,3,1,13,0,5,0
04-24-20,Lawrence,14,0,14,0,0,0,16,4,559,148,575,152,0,0,0,-1,0,15,0,3,0
04-24-20,Lewis,3,0,3,0,0,0,3,0,69,11,72,11,0,0,0,0,0,3,0,0,0
04-24-20,Lincoln,12,1,12,1,0,0,13,1,321,74,334,75,0,0,1,2,0,10,0,2,0
04-24-20,Loudon,25,1,25,1,0,0,27,4,460,55,487,59,0,0,-2,2,3,23,0,3,0
04-24-20,Macon,37,2,37,2,0,0,45,2,604,9,649,11,0,3,1,6,1,28,0,10,3
04-24-20,Madison,120,10,120,10,0,0,129,18,2031,505,2160,523,0,1,8,35,2,84,0,14,1
04-24-20,Marion,29,0,28,0,1,0,32,0,440,26,472,26,0,1,0,0,0,28,0,11,2
04-24-20,Marshall,20,0,20,0,0,0,21,0,418,85,439,85,0,1,0,11,0,8,0,4,1
04-24-20,Maury,37,2,37,2,0,0,41,2,1098,112,1139,114,0,0,1,3,1,34,0,5,0
04-24-20,McMinn,11,3,11,3,0,0,9,2,824,76,833,78,0,0,3,6,0,5,2,4,0
04-24-20,McNairy,11,0,11,0,0,0,12,1,248,27,260,28,0,0,0,2,0,9,0,1,0
04-24-20,Meigs,5,0,5,0,0,0,5,1,119,17,124,18,0,0,0,1,0,4,0,2,0
04-24-20,Monroe,12,0,11,0,1,0,16,1,347,50,363,51,0,1,-1,3,1,8,0,2,1
04-24-20,Montgomery,133,5,133,5,0,0,145,7,2462,242,2607,249,0,2,3,21,2,110,0,16,3
04-24-20,Moore,3,0,3,0,0,0,3,0,118,15,121,15,0,0,-1,2,1,1,0,0,0
04-24-20,Morgan,6,0,6,0,0,0,8,0,212,18,220,18,0,0,-1,0,1,6,0,0,0
04-24-20,Obion,14,1,13,0,1,1,13,0,261,26,274,26,0,1,0,5,1,8,0,1,1
04-24-20,Out of State,138,1,138,1,0,0,148,2,16600,2675,16748,2677,0,1,-1,21,2,116,0,11,1
04-24-20,Overton,8,0,8,0,0,0,8,0,512,18,520,18,0,0,0,1,0,7,0,1,0
04-24-20,Pending,0,0,0,0,0,0,0,0,16291,1223,16291,1223,0,0,0,-1,0,1,0,0,0
04-24-20,Perry,8,0,8,0,0,0,8,0,63,6,71,6,0,0,-1,3,1,5,0,0,0
04-24-20,Pickett,0,0,0,0,0,0,0,0,156,12,156,12,0,0,0,0,0,0,0,0,0
04-24-20,Polk,8,0,8,0,0,0,9,1,97,12,106,13,0,0,0,3,0,5,0,3,0
04-24-20,Putnam,106,6,106,6,0,0,149,11,1380,182,1529,193,0,4,6,19,0,83,0,3,5
04-24-20,Rhea,3,0,3,0,0,0,3,1,348,33,351,34,0,0,0,2,0,1,0,0,0
04-24-20,Roane,10,0,9,0,1,0,14,0,1298,143,1312,143,0,0,0,1,0,9,0,2,0
04-24-20,Robertson,127,4,127,4,0,0,131,5,1199,144,1330,149,0,0,1,29,3,98,0,19,1
04-24-20,Rutherford,403,28,403,28,0,0,458,67,3671,660,4129,727,0,7,17,70,11,326,4,54,10
04-24-20,Scott,12,0,11,0,1,0,11,0,214,32,225,32,0,0,0,0,0,12,0,0,0
04-24-20,Sequatchie,6,0,6,0,0,0,6,1,251,33,257,34,0,0,-1,2,1,4,0,1,0
04-24-20,Sevier,47,9,47,9,0,0,52,14,1272,168,1324,182,0,1,9,18,0,28,0,6,1
04-24-20,Shelby,2088,90,2082,89,6,1,2336,121,14028,1138,16364,1259,-2,42,42,543,50,1503,6,293,50
04-24-20,Smith,19,0,18,0,1,0,18,0,308,44,326,44,0,1,0,7,0,11,0,1,1
04-24-20,Stewart,5,0,5,0,0,0,5,0,144,14,149,14,0,0,0,0,0,5,0,0,0
04-24-20,Sullivan,47,0,47,0,0,0,49,4,870,219,919,223,0,1,-1,2,1,44,0,6,1
04-24-20,Sumner,593,10,590,10,3,0,720,21,2797,225,3517,246,0,32,1,90,9,471,1,186,36
04-24-20,Tipton,90,3,89,3,1,0,98,3,1049,79,1147,82,0,0,1,23,2,67,0,12,0
04-24-20,Trousdale,34,1,33,1,1,0,36,1,176,22,212,23,0,1,1,8,0,25,0,8,1
04-24-20,Unicoi,1,0,1,0,0,0,1,0,126,18,127,18,0,0,0,0,0,1,0,0,0
04-24-20,Union,3,0,3,0,0,0,3,1,191,19,194,20,0,0,0,0,0,3,0,0,0
04-24-20,Van Buren,2,1,2,1,0,0,2,1,158,8,160,9,0,0,1,2,0,0,0,0,0
04-24-20,Warren,5,0,5,0,0,0,6,1,511,86,517,87,0,0,0,1,0,4,0,0,0
04-24-20,Washington,47,1,47,1,0,0,54,2,1322,209,1376,211,0,0,1,2,0,45,0,5,0
04-24-20,Wayne,4,1,4,1,0,0,5,1,222,88,227,89,0,0,1,2,0,2,0,2,0
04-24-20,Weakley,16,5,16,5,0,0,15,7,376,62,391,69,0,0,4,8,1,8,0,0,0
04-24-20,White,5,0,4,0,1,0,4,0,442,49,446,49,0,0,0,1,0,4,0,1,0
04-24-20,Williamson,377,4,377,4,0,0,402,7,4027,500,4429,507,0,7,1,46,3,324,0,41,7
04-24-20,Wilson,224,16,224,16,0,0,233,20,2037,124,2270,144,0,1,10,63,6,160,4,23,3
04-23-20,Anderson,21,0,20,0,1,0,24,1,1040,53,1064,54,0,1,-1,5,1,15,0,2,1
04-23-20,Bedford,136,7,136,7,0,0,134,3,774,6,908,9,0,2,0,102,7,32,0,7,2
04-23-20,Benton,5,0,5,0,0,0,6,0,143,13,149,13,1,1,-1,0,0,4,0,2,1
04-23-20,Bledsoe,583,227,583,227,0,0,590,232,2482,693,3072,925,0,0,227,576,0,7,1,3,0
04-23-20,Blount,50,2,49,1,1,1,58,2,826,28,884,30,0,3,2,2,0,45,0,5,3
04-23-20,Bradley,37,0,37,0,0,0,40,0,491,3,531,3,0,1,0,2,0,34,0,8,1
04-23-20,Campbell,14,0,13,0,1,0,14,0,227,1,241,1,0,1,0,-1,0,14,0,1,1
04-23-20,Cannon,9,0,9,0,0,0,15,0,180,8,195,8,0,0,0,3,0,6,0,2,0
04-23-20,Carroll,13,0,13,0,0,0,13,0,342,22,355,22,0,1,0,2,0,10,0,1,1
04-23-20,Carter,8,1,8,1,0,0,7,1,288,2,295,3,0,1,1,4,0,3,0,2,1
04-23-20,Cheatham,33,3,33,3,0,0,32,1,583,12,615,13,0,0,3,10,0,23,0,5,0
04-23-20,Chester,9,0,9,0,0,0,10,0,200,21,210,21,0,0,0,4,0,5,0,1,0
04-23-20,Claiborne,5,0,5,0,0,0,5,0,162,12,167,12,0,0,0,0,0,5,0,0,0
04-23-20,Clay,6,0,6,0,0,0,6,0,196,9,202,9,0,0,-2,0,2,6,0,0,0
04-23-20,Cocke,15,0,14,0,1,0,13,0,173,7,186,7,0,0,0,7,0,8,0,1,0
04-23-20,Coffee,27,2,26,2,1,0,23,0,762,3,785,3,0,0,1,12,1,15,0,3,0
04-23-20,Crockett,6,0,6,0,0,0,6,0,195,9,201,9,0,0,0,6,0,0,0,1,0
04-23-20,Cumberland,65,3,65,3,0,0,76,3,1087,6,1163,9,0,0,3,16,0,49,0,9,0
04-23-20,Davidson,1995,38,1994,38,1,0,2107,40,18492,256,20599,296,1,21,-2,618,39,1356,4,210,26
04-23-20,Decatur,4,0,4,0,0,0,4,0,107,6,111,6,0,0,0,1,0,3,0,0,0
04-23-20,Dekalb,12,2,12,2,0,0,13,2,399,55,412,57,0,0,2,3,0,9,0,0,0
04-23-20,Dickson,61,9,61,9,0,0,63,9,588,37,651,46,0,0,8,25,1,36,1,9,0
04-23-20,Dyer,32,2,31,2,1,0,31,2,436,25,467,27,0,0,0,8,2,24,0,4,0
04-23-20,Fayette,47,1,47,1,0,0,56,3,790,22,846,25,0,1,0,11,1,35,0,10,1
04-23-20,Fentress,4,0,4,0,0,0,4,0,161,0,165,0,0,0,0,0,0,4,0,1,0
04-23-20,Franklin,29,1,29,1,0,0,29,0,560,17,589,17,0,1,0,5,1,23,0,4,1
04-23-20,Gibson,33,2,32,2,1,0,34,1,662,63,696,64,0,1,2,7,0,25,0,3,1
04-23-20,Giles,6,0,6,0,0,0,6,0,257,3,263,3,0,0,0,2,0,4,0,0,0
04-23-20,Grainger,4,0,4,0,0,0,3,0,224,5,227,5,0,0,0,0,0,4,0,1,0
04-23-20,Greene,39,1,39,1,0,0,36,1,396,5,432,6,0,2,1,8,0,29,0,7,2
04-23-20,Grundy,25,0,25,0,0,0,29,0,237,3,266,3,0,1,0,4,0,20,0,10,1
04-23-20,Hamblen,15,1,14,1,1,0,14,0,382,16,396,16,0,2,1,9,0,4,0,3,2
04-23-20,Hamilton,134,5,133,4,1,1,146,4,1958,12,2104,16,0,13,4,16,1,105,1,40,14
04-23-20,Hancock,0,0,0,0,0,0,0,0,22,0,22,0,0,0,0,0,0,0,0,0,0
04-23-20,Hardeman,12,1,12,1,0,0,13,1,246,19,259,20,0,0,0,3,1,9,0,3,0
04-23-20,Hardin,4,0,4,0,0,0,3,0,688,62,691,62,0,0,0,1,0,3,0,0,0
04-23-20,Hawkins,28,0,28,0,0,0,35,1,535,2,570,3,0,2,-1,0,1,26,0,5,2
04-23-20,Haywood,16,1,16,1,0,0,16,1,213,22,229,23,0,1,1,4,0,11,0,6,1
04-23-20,Henderson,5,0,5,0,0,0,6,0,282,22,288,22,0,0,0,1,0,4,0,0,0
04-23-20,Henry,11,0,11,0,0,0,13,0,358,49,371,49,0,0,-1,3,1,8,0,3,0
04-23-20,Hickman,20,1,20,1,0,0,21,1,185,2,206,3,0,0,1,18,0,2,0,1,0
04-23-20,Houston,5,0,5,0,0,0,5,0,124,1,129,1,0,0,0,0,0,5,0,3,0
04-23-20,Humphreys,7,0,7,0,0,0,6,0,190,7,196,7,0,0,0,3,0,4,0,0,0
04-23-20,Jackson,7,1,7,1,0,0,10,1,187,7,197,8,0,0,1,1,0,6,0,0,0
04-23-20,Jefferson,14,1,14,1,0,0,13,1,414,10,427,11,0,0,1,-1,0,15,0,0,0
04-23-20,Johnson,2,0,2,0,0,0,2,0,47,1,49,1,0,0,-1,-1,1,3,0,0,0
04-23-20,Knox,204,1,202,1,2,0,201,2,3909,138,4110,140,0,4,0,18,1,182,0,27,4
04-23-20,Lake,45,27,45,27,0,0,45,27,1004,6,1049,33,0,0,27,42,0,3,0,0,0
04-23-20,Lauderdale,16,0,16,0,0,0,18,0,225,8,243,8,0,0,-2,4,2,12,0,5,0
04-23-20,Lawrence,14,0,14,0,0,0,12,0,411,2,423,2,0,0,-1,-1,1,15,0,3,0
04-23-20,Lewis,3,0,3,0,0,0,3,0,58,0,61,0,0,0,0,0,0,3,0,0,0
04-23-20,Lincoln,11,0,11,0,0,0,12,0,247,5,259,5,0,0,0,1,0,10,0,2,0
04-23-20,Loudon,24,0,24,0,0,0,23,0,405,26,428,26,0,0,0,4,0,20,0,3,0
04-23-20,Macon,35,0,35,0,0,0,43,1,595,31,638,32,0,3,-1,5,1,27,0,10,3
04-23-20,Madison,110,13,110,13,0,0,111,12,1526,325,1637,337,0,1,11,27,2,82,1,14,1
04-23-20,Marion,29,0,28,0,1,0,32,1,414,1,446,2,0,1,0,0,0,28,0,11,2
04-23-20,Marshall,20,0,20,0,0,0,21,1,333,5,354,6,0,1,0,11,0,8,0,4,1
04-23-20,Maury,35,0,35,0,0,0,39,1,986,14,1025,15,0,0,0,2,0,33,0,5,0
04-23-20,McMinn,8,1,8,1,0,0,7,0,748,6,755,6,0,0,1,3,0,5,1,2,0
04-23-20,McNairy,11,1,11,1,0,0,11,1,221,14,232,15,0,0,1,2,0,9,0,1,0
04-23-20,Meigs,5,0,5,0,0,0,4,0,102,1,106,1,0,0,0,1,0,4,0,2,0
04-23-20,Monroe,12,0,11,0,1,0,15,0,297,15,312,15,0,1,0,4,0,7,0,2,1
04-23-20,Montgomery,128,1,128,1,0,0,138,2,2220,109,2358,111,0,2,-2,18,3,108,0,16,3
04-23-20,Moore,3,0,3,0,0,0,3,0,103,0,106,0,0,0,0,3,0,0,0,0,0
04-23-20,Morgan,6,0,6,0,0,0,8,0,194,8,202,8,0,0,0,1,0,5,0,0,0
04-23-20,Obion,13,1,13,1,0,0,13,2,235,12,248,14,0,1,1,5,0,7,0,1,1
04-23-20,Out of State,137,3,137,3,0,0,146,2,13925,323,14071,325,0,1,-1,22,4,114,0,11,0
04-23-20,Overton,8,0,8,0,0,0,8,0,494,5,502,5,0,0,-1,1,1,7,0,1,0
04-23-20,Pending,0,0,0,0,0,0,0,0,15068,596,15068,596,0,0,0,-1,0,1,0,0,0
04-23-20,Perry,8,0,8,0,0,0,8,0,57,3,65,3,0,0,0,4,0,4,0,0,0
04-23-20,Pickett,0,0,0,0,0,0,0,0,144,0,144,0,0,0,0,0,0,0,0,0,0
04-23-20,Polk,8,0,8,0,0,0,8,0,85,1,93,1,0,0,0,3,0,5,0,3,0
04-23-20,Putnam,100,2,100,2,0,0,138,1,1198,10,1336,11,0,4,0,13,2,83,1,3,5
04-23-20,Rhea,3,0,3,0,0,0,2,0,315,2,317,2,0,0,0,2,0,1,0,0,0
04-23-20,Roane,10,0,9,0,1,0,14,0,1155,28,1169,28,0,0,0,1,0,9,0,2,0
04-23-20,Robertson,123,2,123,2,0,0,126,3,1055,8,1181,11,0,0,-2,28,4,95,0,19,1
04-23-20,Rutherford,375,10,375,10,0,0,391,13,3011,34,3402,47,0,7,3,53,7,315,2,50,10
04-23-20,Scott,12,0,11,0,1,0,11,0,182,2,193,2,0,0,0,0,0,12,0,0,0
04-23-20,Sequatchie,6,1,6,1,0,0,5,0,218,3,223,3,0,0,1,3,0,3,0,1,0
04-23-20,Sevier,38,1,38,1,0,0,38,1,1104,22,1142,23,0,1,-2,9,3,28,0,6,1
04-23-20,Shelby,1998,50,1993,50,5,0,2215,80,12890,741,15105,821,1,44,4,501,45,1453,3,287,50
04-23-20,Smith,19,1,18,1,1,0,18,1,264,5,282,6,0,1,1,7,0,11,0,1,1
04-23-20,Stewart,5,0,5,0,0,0,5,1,130,4,135,5,0,0,0,0,0,5,0,0,0
04-23-20,Sullivan,47,0,47,0,0,0,45,0,651,7,696,7,0,1,0,3,0,43,0,6,1
04-23-20,Sumner,583,12,580,12,3,0,699,15,2572,154,3271,169,0,32,6,89,6,462,1,185,34
04-23-20,Tipton,87,1,86,1,1,0,95,2,970,40,1065,42,0,0,-1,22,2,65,1,12,0
04-23-20,Trousdale,33,2,32,2,1,0,35,4,154,8,189,12,0,1,2,7,0,25,0,8,1
04-23-20,Unicoi,1,0,1,0,0,0,1,0,108,3,109,3,0,0,0,0,0,1,0,0,0
04-23-20,Union,3,0,3,0,0,0,2,0,172,2,174,2,0,0,0,0,0,3,0,0,0
04-23-20,Van Buren,1,0,1,0,0,0,1,0,150,2,151,2,0,0,0,1,0,0,0,0,0
04-23-20,Warren,5,0,5,0,0,0,5,1,425,30,430,31,0,0,0,1,0,4,0,0,0
04-23-20,Washington,46,1,46,1,0,0,52,0,1113,11,1165,11,0,0,0,1,1,45,0,5,0
04-23-20,Wayne,3,0,3,0,0,0,4,0,134,3,138,3,0,0,0,1,0,2,0,2,0
04-23-20,Weakley,11,1,11,1,0,0,8,0,314,23,322,23,0,0,1,4,0,7,0,0,0
04-23-20,White,5,0,4,0,1,0,4,0,393,14,397,14,0,0,-1,1,1,4,0,1,0
04-23-20,Williamson,373,4,373,4,0,0,395,5,3527,131,3922,136,1,7,2,45,1,321,0,41,7
04-23-20,Wilson,208,4,208,4,0,0,213,4,1913,75,2126,79,0,1,3,53,1,154,0,19,3
04-22-20,Anderson,21,1,20,1,1,0,23,1,987,60,1010,61,0,1,0,6,1,14,0,2,1
04-22-20,Bedford,129,6,129,6,0,0,131,11,768,64,899,75,0,2,4,102,2,25,0,7,2
04-22-20,Benton,5,1,5,1,0,0,6,1,130,14,136,15,0,0,1,1,0,4,1,2,1
04-22-20,Bledsoe,356,184,356,184,0,0,358,184,1789,723,2147,907,0,0,183,349,1,7,0,2,0
04-22-20,Blount,48,1,48,1,0,0,56,0,798,19,854,19,0,3,0,0,1,45,0,5,3
04-22-20,Bradley,37,1,37,1,0,0,40,1,488,23,528,24,0,1,1,2,0,34,1,8,1
04-22-20,Campbell,14,0,13,0,1,0,14,0,226,7,240,7,0,1,0,-1,0,14,0,1,1
04-22-20,Cannon,9,0,9,0,0,0,15,1,172,2,187,3,0,0,0,3,0,6,0,2,0
04-22-20,Carroll,13,0,13,0,0,0,13,0,320,24,333,24,0,1,0,2,0,10,0,1,1
04-22-20,Carter,7,1,7,1,0,0,6,0,286,85,292,85,0,1,1,3,0,3,0,2,1
04-22-20,Cheatham,30,4,30,4,0,0,31,5,571,48,602,53,0,0,4,7,0,23,0,5,0
04-22-20,Chester,9,1,9,1,0,0,10,1,179,16,189,17,0,0,1,4,0,5,0,1,0
04-22-20,Claiborne,5,0,5,0,0,0,5,0,150,3,155,3,0,0,0,0,0,5,0,0,0
04-22-20,Clay,6,0,6,0,0,0,6,0,187,6,193,6,0,0,0,2,0,4,0,0,0
04-22-20,Cocke,15,0,14,0,1,0,13,0,166,1,179,1,0,0,-1,7,1,8,0,1,0
04-22-20,Coffee,25,2,24,2,1,0,23,1,759,45,782,46,0,0,2,11,0,14,0,3,0
04-22-20,Crockett,6,0,6,0,0,0,6,0,186,9,192,9,0,0,0,6,0,0,0,1,0
04-22-20,Cumberland,62,1,62,1,0,0,73,2,1081,30,1154,32,0,0,-3,13,4,49,0,9,0
04-22-20,Davidson,1957,150,1956,150,1,0,2067,163,18236,1163,20303,1326,0,20,105,620,45,1317,6,206,23
04-22-20,Decatur,4,0,4,0,0,0,4,0,101,2,105,2,0,0,0,1,0,3,0,0,0
04-22-20,Dekalb,10,0,10,0,0,0,11,0,344,6,355,6,0,0,0,1,0,9,0,0,0
04-22-20,Dickson,52,2,52,2,0,0,54,2,551,34,605,36,0,0,0,17,2,35,1,8,0
04-22-20,Dyer,30,1,29,1,1,0,29,1,411,26,440,27,0,0,-1,8,2,22,0,4,0
04-22-20,Fayette,46,0,46,0,0,0,53,1,768,32,821,33,0,1,-1,11,1,34,0,10,1
04-22-20,Fentress,4,0,4,0,0,0,4,0,161,10,165,10,0,0,0,0,0,4,0,1,0
04-22-20,Franklin,28,0,28,0,0,0,29,0,543,108,572,108,0,1,0,5,0,22,0,4,1
04-22-20,Gibson,31,0,30,0,1,0,33,0,599,69,632,69,1,1,-2,5,1,25,0,3,1
04-22-20,Giles,6,0,6,0,0,0,6,0,254,33,260,33,0,0,0,2,0,4,0,0,0
04-22-20,Grainger,4,0,4,0,0,0,3,0,219,23,222,23,0,0,0,0,0,4,0,1,0
04-22-20,Greene,38,1,38,1,0,0,35,0,391,31,426,31,0,2,-1,7,2,29,0,7,2
04-22-20,Grundy,25,1,25,1,0,0,29,1,234,17,263,18,0,1,1,4,0,20,0,10,1
04-22-20,Hamblen,14,0,13,0,1,0,14,0,366,8,380,8,1,2,-1,8,0,4,0,3,2
04-22-20,Hamilton,129,2,129,2,0,0,142,1,1946,42,2088,43,1,13,-1,12,2,104,1,39,14
04-22-20,Hancock,0,0,0,0,0,0,0,0,22,0,22,0,0,0,0,0,0,0,0,0,0
04-22-20,Hardeman,11,0,11,0,0,0,12,0,227,14,239,14,0,0,0,3,0,8,0,3,0
04-22-20,Hardin,4,0,4,0,0,0,3,0,626,63,629,63,0,0,0,1,0,3,0,0,0
04-22-20,Hawkins,28,0,28,0,0,0,34,1,533,10,567,11,0,2,0,1,0,25,0,5,2
04-22-20,Haywood,15,0,15,0,0,0,15,1,191,15,206,16,0,1,0,3,0,11,0,6,1
04-22-20,Henderson,5,0,5,0,0,0,6,1,260,23,266,24,0,0,0,1,0,4,0,0,0
04-22-20,Henry,11,2,11,2,0,0,13,2,309,52,322,54,0,0,2,4,0,7,0,3,0
04-22-20,Hickman,19,6,19,6,0,0,20,7,183,9,203,16,0,0,6,17,0,2,0,1,0
04-22-20,Houston,5,0,5,0,0,0,5,0,123,2,128,2,0,0,0,0,0,5,0,3,0
04-22-20,Humphreys,7,1,7,1,0,0,6,1,183,10,189,11,0,0,1,3,0,4,0,0,0
04-22-20,Jackson,6,0,6,0,0,0,9,0,180,9,189,9,0,0,0,0,0,6,0,0,0
04-22-20,Jefferson,13,0,13,0,0,0,12,1,404,10,416,11,0,0,0,-2,0,15,0,0,0
04-22-20,Johnson,2,0,2,0,0,0,2,0,46,3,48,3,0,0,0,0,0,2,0,0,0
04-22-20,Knox,203,5,201,3,2,2,199,1,3771,160,3970,161,0,4,1,18,4,181,0,27,4
04-22-20,Lake,18,8,18,8,0,0,18,8,998,207,1016,215,0,0,7,15,1,3,0,0,0
04-22-20,Lauderdale,16,0,16,0,0,0,18,1,217,21,235,22,0,0,0,6,0,10,0,5,0
04-22-20,Lawrence,14,0,14,0,0,0,12,0,409,40,421,40,0,0,0,0,0,14,0,3,0
04-22-20,Lewis,3,0,3,0,0,0,3,0,58,6,61,6,0,0,0,0,0,3,0,0,0
04-22-20,Lincoln,11,0,11,0,0,0,12,0,242,46,254,46,0,0,0,1,0,10,0,2,0
04-22-20,Loudon,24,1,24,1,0,0,23,0,379,23,402,23,0,0,0,4,1,20,0,3,0
04-22-20,Macon,35,0,35,0,0,0,42,1,564,39,606,40,0,3,0,6,0,26,0,10,3
04-22-20,Madison,97,4,97,4,0,0,99,8,1201,259,1300,267,0,1,1,16,3,80,0,13,1
04-22-20,Marion,29,0,28,0,1,0,31,0,413,16,444,16,0,1,-1,0,1,28,0,11,2
04-22-20,Marshall,20,3,20,3,0,0,20,2,328,26,348,28,0,1,3,11,0,8,0,4,1
04-22-20,Maury,35,1,35,1,0,0,38,1,972,57,1010,58,0,0,1,2,0,33,0,5,0
04-22-20,McMinn,7,1,7,1,0,0,7,1,742,20,749,21,0,0,0,2,1,5,0,1,0
04-22-20,McNairy,10,0,10,0,0,0,10,0,207,24,217,24,0,0,0,1,0,9,0,1,0
04-22-20,Meigs,5,0,5,0,0,0,4,0,101,3,105,3,0,0,-1,1,1,4,0,2,0
04-22-20,Monroe,12,0,11,0,1,0,15,0,282,6,297,6,0,1,0,4,0,7,0,2,1
04-22-20,Montgomery,127,1,127,1,0,0,136,3,2111,115,2247,118,0,2,-3,20,4,105,0,16,3
04-22-20,Moore,3,0,3,0,0,0,3,0,103,12,106,12,0,0,0,3,0,0,0,0,0
04-22-20,Morgan,6,0,6,0,0,0,8,0,186,31,194,31,0,0,0,1,0,5,0,0,0
04-22-20,Obion,12,2,12,2,0,0,11,2,223,13,234,15,0,1,2,4,0,7,0,1,1
04-22-20,Out of State,134,1,134,1,0,0,144,2,13602,655,13746,657,0,1,0,23,1,110,0,11,0
04-22-20,Overton,8,0,8,0,0,0,8,0,489,34,497,34,0,0,-1,2,1,6,0,1,0
04-22-20,Pending,0,0,0,0,0,0,0,0,14472,841,14472,841,0,0,0,-1,0,1,0,0,0
04-22-20,Perry,8,0,8,0,0,0,8,2,54,3,62,5,0,0,0,4,0,4,0,0,0
04-22-20,Pickett,0,0,0,0,0,0,0,0,144,74,144,74,0,0,0,0,0,0,0,0,0
04-22-20,Polk,8,1,8,1,0,0,8,0,84,3,92,3,0,0,1,3,0,5,0,3,0
04-22-20,Putnam,98,4,98,4,0,0,137,8,1188,84,1325,92,1,4,3,13,0,81,0,2,5
04-22-20,Rhea,3,0,3,0,0,0,2,0,313,12,315,12,0,0,0,2,0,1,0,0,0
04-22-20,Roane,10,0,9,0,1,0,14,0,1127,542,1141,542,0,0,0,1,0,9,0,2,0
04-22-20,Robertson,121,7,121,7,0,0,123,7,1047,96,1170,103,0,0,3,30,4,91,0,19,1
04-22-20,Rutherford,365,12,365,12,0,0,378,14,2977,129,3355,143,0,7,0,50,12,308,2,48,7
04-22-20,Scott,12,0,11,0,1,0,11,0,180,3,191,3,0,0,0,0,0,12,0,0,0
04-22-20,Sequatchie,5,0,5,0,0,0,5,0,215,23,220,23,0,0,0,2,0,3,0,1,0
04-22-20,Sevier,37,2,37,2,0,0,37,3,1082,15,1119,18,0,1,2,11,0,25,0,6,1
04-22-20,Shelby,1948,40,1943,40,5,0,2135,49,12149,520,14284,569,4,43,-43,497,79,1408,4,284,49
04-22-20,Smith,18,0,17,0,1,0,17,0,259,3,276,3,0,1,0,6,0,11,0,1,1
04-22-20,Stewart,5,0,5,0,0,0,4,0,126,1,130,1,0,0,0,0,0,5,0,0,0
04-22-20,Sullivan,47,0,47,0,0,0,45,0,644,67,689,67,0,1,-2,3,2,43,0,6,1
04-22-20,Sumner,571,14,568,14,3,0,684,17,2418,333,3102,350,1,32,4,83,9,456,0,184,33
04-22-20,Tipton,86,3,85,3,1,0,93,1,930,21,1023,22,0,0,0,23,3,63,1,11,0
04-22-20,Trousdale,31,3,30,3,1,0,31,3,146,6,177,9,0,1,-1,5,4,25,0,8,1
04-22-20,Unicoi,1,0,1,0,0,0,1,0,105,23,106,23,0,0,0,0,0,1,0,0,0
04-22-20,Union,3,0,3,0,0,0,2,0,170,50,172,50,0,0,0,0,0,3,0,0,0
04-22-20,Van Buren,1,0,1,0,0,0,1,0,148,39,149,39,0,0,0,1,0,0,0,0,0
04-22-20,Warren,5,0,5,0,0,0,4,0,395,18,399,18,0,0,-1,1,1,4,0,0,0
04-22-20,Washington,45,0,45,0,0,0,52,0,1102,423,1154,423,0,0,-1,1,1,44,0,5,0
04-22-20,Wayne,3,0,3,0,0,0,4,0,131,25,135,25,0,0,0,1,0,2,0,2,0
04-22-20,Weakley,10,1,10,1,0,0,8,0,291,2,299,2,0,0,1,3,0,7,0,0,0
04-22-20,White,5,0,4,0,1,0,4,0,379,8,383,8,0,0,0,2,0,3,0,1,0
04-22-20,Williamson,369,7,369,7,0,0,390,8,3396,103,3786,111,0,6,1,43,6,320,1,41,7
04-22-20,Wilson,204,9,204,9,0,0,209,9,1838,80,2047,89,0,1,4,50,5,153,0,19,1
04-21-20,Anderson,20,1,19,1,1,0,22,5,927,311,949,316,0,1,1,6,0,13,0,2,1
04-21-20,Bedford,123,12,123,12,0,0,120,4,704,12,824,16,0,2,6,98,6,23,0,7,2
04-21-20,Benton,4,0,4,0,0,0,5,0,116,0,121,0,0,0,0,0,0,4,0,1,1
04-21-20,Bledsoe,172,78,172,78,0,0,174,78,1066,141,1240,219,0,0,77,166,1,6,0,2,0
04-21-20,Blount,47,1,47,1,0,0,56,2,779,61,835,63,0,3,1,0,0,44,0,5,3
04-21-20,Bradley,36,0,36,0,0,0,39,0,465,30,504,30,0,1,0,1,0,34,0,7,1
04-21-20,Campbell,14,0,13,0,1,0,14,1,219,12,233,13,0,1,-1,-1,1,14,0,1,1
04-21-20,Cannon,9,2,9,2,0,0,14,2,170,7,184,9,0,0,2,3,0,6,0,2,0
04-21-20,Carroll,13,0,13,0,0,0,13,0,296,7,309,7,0,1,0,2,0,10,0,1,1
04-21-20,Carter,6,0,6,0,0,0,6,0,201,6,207,6,0,1,0,2,0,3,0,2,1
04-21-20,Cheatham,26,2,26,2,0,0,26,1,523,9,549,10,0,0,1,3,1,23,1,5,0
04-21-20,Chester,8,0,8,0,0,0,9,0,163,2,172,2,0,0,0,3,0,5,0,1,0
04-21-20,Claiborne,5,0,5,0,0,0,5,0,147,8,152,8,0,0,0,0,0,5,0,0,0
04-21-20,Clay,6,0,6,0,0,0,6,0,181,0,187,0,0,0,0,2,0,4,0,0,0
04-21-20,Cocke,15,3,14,3,1,0,13,3,165,23,178,26,0,0,2,8,1,7,0,1,0
04-21-20,Coffee,23,2,22,2,1,0,22,2,714,222,736,224,0,0,2,9,0,14,0,3,0
04-21-20,Crockett,6,0,6,0,0,0,6,0,177,1,183,1,0,0,0,6,0,0,0,1,0
04-21-20,Cumberland,61,2,61,2,0,0,71,2,1051,15,1122,17,0,0,2,16,0,45,0,9,0
04-21-20,Davidson,1807,45,1806,45,1,0,1904,56,17073,293,18977,349,1,20,-2,515,46,1272,4,200,23
04-21-20,Decatur,4,0,4,0,0,0,4,0,99,5,103,5,0,0,0,1,0,3,0,0,0
04-21-20,Dekalb,10,0,10,0,0,0,11,0,338,1,349,1,0,0,0,1,0,9,0,0,0
04-21-20,Dickson,50,3,50,3,0,0,52,3,517,8,569,11,0,0,2,17,1,33,0,7,0
04-21-20,Dyer,29,1,28,0,1,1,28,0,385,6,413,6,0,0,-2,9,3,20,0,4,0
04-21-20,Fayette,46,2,46,2,0,0,52,3,736,192,788,195,0,1,2,12,0,33,0,10,1
04-21-20,Fentress,4,0,4,0,0,0,4,0,151,1,155,1,0,0,0,0,0,4,0,1,0
04-21-20,Franklin,28,1,28,1,0,0,29,0,435,23,464,23,0,1,1,5,0,22,0,4,1
04-21-20,Gibson,31,0,30,0,1,0,33,1,530,21,563,22,0,0,0,7,0,24,0,3,1
04-21-20,Giles,6,0,6,0,0,0,6,1,221,5,227,6,0,0,0,2,0,4,0,0,0
04-21-20,Grainger,4,0,4,0,0,0,3,0,196,69,199,69,0,0,0,0,0,4,0,1,0
04-21-20,Greene,37,0,37,0,0,0,35,4,360,13,395,17,0,2,0,8,0,27,0,7,2
04-21-20,Grundy,24,0,24,0,0,0,28,0,217,5,245,5,0,1,0,3,0,20,0,10,1
04-21-20,Hamblen,14,0,13,0,1,0,14,1,358,40,372,41,0,1,-1,9,1,4,0,3,2
04-21-20,Hamilton,127,5,127,5,0,0,141,5,1904,156,2045,161,0,12,5,13,0,102,2,38,14
04-21-20,Hancock,0,0,0,0,0,0,0,0,22,1,22,1,0,0,0,0,0,0,0,0,0
04-21-20,Hardeman,11,0,11,0,0,0,12,0,213,5,225,5,0,0,0,3,0,8,0,3,0
04-21-20,Hardin,4,0,4,0,0,0,3,0,563,3,566,3,0,0,0,1,0,3,0,0,0
04-21-20,Hawkins,28,0,28,0,0,0,33,2,523,231,556,233,0,2,-2,1,2,25,0,5,2
04-21-20,Haywood,15,1,15,1,0,0,14,0,176,3,190,3,0,1,1,3,0,11,0,6,1
04-21-20,Henderson,5,1,5,1,0,0,5,0,237,6,242,6,0,0,0,1,1,4,0,0,0
04-21-20,Henry,9,0,9,0,0,0,11,0,257,2,268,2,0,0,0,2,0,7,0,3,0
04-21-20,Hickman,13,10,13,10,0,0,13,10,174,2,187,12,0,0,10,11,0,2,0,1,0
04-21-20,Houston,5,0,5,0,0,0,5,0,121,0,126,0,0,0,0,0,0,5,0,3,0
04-21-20,Humphreys,6,0,6,0,0,0,5,0,173,6,178,6,0,0,0,2,0,4,0,0,0
04-21-20,Jackson,6,0,6,0,0,0,9,0,171,0,180,0,0,0,0,0,0,6,0,0,0
04-21-20,Jefferson,13,0,13,0,0,0,11,0,394,98,405,98,0,0,-1,-2,1,15,0,0,0
04-21-20,Johnson,2,0,2,0,0,0,2,0,43,3,45,3,0,0,0,0,0,2,0,0,0
04-21-20,Knox,198,4,198,4,0,0,198,4,3611,448,3809,452,0,4,-2,17,6,177,1,27,4
04-21-20,Lake,10,3,10,3,0,0,10,3,791,236,801,239,0,0,3,8,0,2,0,0,0
04-21-20,Lauderdale,16,0,16,0,0,0,17,0,196,5,213,5,0,0,0,6,0,10,0,5,0
04-21-20,Lawrence,14,0,14,0,0,0,12,0,369,15,381,15,0,0,-1,0,1,14,0,3,0
04-21-20,Lewis,3,0,3,0,0,0,3,0,52,1,55,1,0,0,0,0,0,3,0,0,0
04-21-20,Lincoln,11,0,11,0,0,0,12,0,196,1,208,1,0,0,0,1,0,10,0,2,0
04-21-20,Loudon,23,0,23,0,0,0,23,1,356,28,379,29,0,0,-1,4,1,19,0,3,0
04-21-20,Macon,35,0,35,0,0,0,41,0,525,2,566,2,0,3,0,6,0,26,0,10,3
04-21-20,Madison,93,2,93,2,0,0,91,2,942,65,1033,67,0,1,-3,15,5,77,0,13,1
04-21-20,Marion,29,0,28,0,1,0,31,0,397,4,428,4,0,1,-2,1,2,27,0,11,2
04-21-20,Marshall,17,0,17,0,0,0,18,0,302,4,320,4,0,1,0,8,0,8,0,4,1
04-21-20,Maury,34,0,34,0,0,0,37,0,915,7,952,7,0,0,0,1,0,33,0,5,0
04-21-20,McMinn,6,0,6,0,0,0,6,0,722,155,728,155,0,0,0,2,0,4,0,1,0
04-21-20,McNairy,10,1,10,1,0,0,10,1,183,4,193,5,0,0,1,1,0,9,0,1,0
04-21-20,Meigs,5,1,5,1,0,0,4,1,98,9,102,10,0,0,1,2,0,3,0,2,0
04-21-20,Monroe,12,0,11,0,1,0,15,1,276,25,291,26,0,1,0,4,0,7,0,2,1
04-21-20,Montgomery,126,3,126,3,0,0,133,4,1996,22,2129,26,0,2,-2,23,5,101,0,16,2
04-21-20,Moore,3,1,3,1,0,0,3,1,91,2,94,3,0,0,1,3,0,0,0,0,0
04-21-20,Morgan,6,0,6,0,0,0,8,0,155,10,163,10,0,0,0,1,0,5,0,0,0
04-21-20,Obion,10,1,10,1,0,0,9,1,210,7,219,8,0,1,1,2,0,7,0,1,1
04-21-20,Out of State,133,1,133,1,0,0,142,4,12947,1324,13089,1328,0,1,-2,23,3,109,0,11,0
04-21-20,Overton,8,0,8,0,0,0,8,0,455,3,463,3,0,0,0,3,0,5,0,1,0
04-21-20,Pending,0,0,0,0,0,0,0,0,13631,521,13631,521,0,0,0,-1,0,1,0,0,0
04-21-20,Perry,8,2,8,2,0,0,6,0,51,0,57,0,0,0,1,4,1,4,0,0,0
04-21-20,Pickett,0,0,0,0,0,0,0,0,70,15,70,15,0,0,0,0,0,0,0,0,0
04-21-20,Polk,7,1,7,1,0,0,8,1,81,5,89,6,0,0,1,2,0,5,1,3,0
04-21-20,Putnam,94,1,94,1,0,0,129,3,1104,6,1233,9,0,3,1,10,0,81,0,2,5
04-21-20,Rhea,3,1,3,1,0,0,2,1,301,6,303,7,0,0,0,2,1,1,0,0,0
04-21-20,Roane,10,0,9,0,1,0,14,0,585,59,599,59,0,0,-1,1,1,9,0,2,0
04-21-20,Robertson,114,2,114,2,0,0,116,2,951,10,1067,12,0,0,2,27,0,87,1,19,1
04-21-20,Rutherford,353,10,353,10,0,0,364,9,2848,111,3212,120,0,7,-1,50,11,296,2,46,7
04-21-20,Scott,12,0,11,0,1,0,11,0,177,40,188,40,0,0,-2,0,2,12,0,0,0
04-21-20,Sequatchie,5,0,5,0,0,0,5,0,192,4,197,4,0,0,-1,2,1,3,0,1,0
04-21-20,Sevier,35,7,35,7,0,0,34,5,1067,308,1101,313,0,1,6,9,1,25,1,6,1
04-21-20,Shelby,1908,41,1903,41,5,0,2086,55,11629,359,13715,414,4,39,-17,540,54,1329,5,280,48
04-21-20,Smith,18,5,17,4,1,1,17,4,256,1,273,5,0,1,5,6,0,11,0,1,1
04-21-20,Stewart,5,0,5,0,0,0,4,0,125,1,129,1,0,0,0,0,0,5,0,0,0
04-21-20,Sullivan,47,2,47,2,0,0,45,2,577,109,622,111,0,1,1,5,1,41,0,6,1
04-21-20,Sumner,557,15,554,15,3,0,667,21,2085,47,2752,68,0,31,8,79,7,447,3,184,33
04-21-20,Tipton,83,0,82,0,1,0,92,0,909,6,1001,6,0,0,-4,23,4,60,0,10,0
04-21-20,Trousdale,28,2,27,2,1,0,28,2,140,1,168,3,0,1,-1,6,3,21,2,8,1
04-21-20,Unicoi,1,0,1,0,0,0,1,0,82,17,83,17,0,0,0,0,0,1,0,0,0
04-21-20,Union,3,0,3,0,0,0,2,0,120,41,122,41,0,0,0,0,0,3,0,0,0
04-21-20,Van Buren,1,0,1,0,0,0,1,0,109,2,110,2,0,0,0,1,0,0,0,0,0
04-21-20,Warren,5,0,5,0,0,0,4,0,377,20,381,20,0,0,0,2,0,3,0,0,0
04-21-20,Washington,45,0,45,0,0,0,52,0,679,63,731,63,0,0,-1,2,1,43,0,5,0
04-21-20,Wayne,3,0,3,0,0,0,4,0,106,1,110,1,0,0,0,1,0,2,0,2,0
04-21-20,Weakley,9,0,9,0,0,0,8,1,289,4,297,5,0,0,0,2,0,7,0,0,0
04-21-20,White,5,0,4,0,1,0,4,0,371,3,375,3,0,0,0,2,0,3,0,1,0
04-21-20,Williamson,362,5,362,5,0,0,382,4,3293,42,3675,46,0,6,-1,42,6,314,0,40,6
04-21-20,Wilson,195,5,195,5,0,0,200,6,1758,33,1958,39,0,1,0,46,5,148,1,19,1
04-20-20,Anderson,19,5,18,4,1,1,17,1,616,26,633,27,0,1,5,5,0,13,0,2,1
04-20-20,Bedford,111,35,111,35,0,0,116,35,692,292,808,327,0,2,33,92,2,17,1,7,2
04-20-20,Benton,4,0,4,0,0,0,5,0,116,1,121,1,0,0,0,0,0,4,0,1,1
04-20-20,Bledsoe,94,0,94,0,0,0,96,0,925,2,1021,2,0,0,-1,89,1,5,0,2,0
04-20-20,Blount,46,0,46,0,0,0,54,0,718,53,772,53,0,3,0,-1,0,44,0,5,3
04-20-20,Bradley,36,0,36,0,0,0,39,1,435,9,474,10,0,1,0,1,0,34,0,7,1
04-20-20,Campbell,14,1,13,1,1,0,13,0,207,15,220,15,0,1,1,0,0,13,0,1,1
04-20-20,Cannon,7,0,7,0,0,0,12,0,163,5,175,5,0,0,0,1,0,6,0,2,0
04-20-20,Carroll,13,0,13,0,0,0,13,0,289,4,302,4,1,1,-1,2,0,10,0,1,1
04-20-20,Carter,6,0,6,0,0,0,6,0,195,0,201,0,0,1,0,2,0,3,0,2,1
04-20-20,Cheatham,24,0,24,0,0,0,25,0,514,26,539,26,0,0,0,2,0,22,0,4,0
04-20-20,Chester,8,1,8,1,0,0,9,1,161,3,170,4,0,0,1,3,0,5,0,1,0
04-20-20,Claiborne,5,0,5,0,0,0,5,0,139,6,144,6,0,0,-1,0,1,5,0,0,0
04-20-20,Clay,6,0,6,0,0,0,6,0,181,0,187,0,0,0,0,2,0,4,0,0,0
04-20-20,Cocke,12,1,11,0,1,1,10,0,142,13,152,13,0,0,1,6,0,6,0,1,0
04-20-20,Coffee,21,0,20,0,1,0,20,0,492,12,512,12,0,0,-4,7,4,14,0,3,0
04-20-20,Crockett,6,0,6,0,0,0,6,0,176,1,182,1,0,0,0,6,0,0,0,1,0
04-20-20,Cumberland,59,0,59,0,0,0,69,0,1036,19,1105,19,0,0,-2,14,2,45,0,9,0
04-20-20,Davidson,1762,37,1761,37,1,0,1848,41,16780,1054,18628,1095,0,19,-13,517,50,1226,5,196,23
04-20-20,Decatur,4,0,4,0,0,0,4,0,94,4,98,4,0,0,-1,1,1,3,0,0,0
04-20-20,Dekalb,10,0,10,0,0,0,11,0,337,5,348,5,0,0,0,1,0,9,0,0,0
04-20-20,Dickson,47,0,47,0,0,0,49,2,509,115,558,117,0,0,-1,15,1,32,0,7,0
04-20-20,Dyer,28,0,28,0,0,0,28,1,379,2,407,3,0,0,-1,11,1,17,0,4,0
04-20-20,Fayette,44,0,44,0,0,0,49,0,544,18,593,18,0,1,-1,10,1,33,0,10,1
04-20-20,Fentress,4,0,4,0,0,0,4,0,150,3,154,3,0,0,0,0,0,4,0,1,0
04-20-20,Franklin,27,0,27,0,0,0,29,0,412,42,441,42,0,1,-1,4,1,22,0,4,1
04-20-20,Gibson,31,2,30,1,1,1,32,0,509,2,541,2,0,0,2,7,0,24,0,3,0
04-20-20,Giles,6,1,6,1,0,0,5,0,216,6,221,6,0,0,1,2,0,4,0,0,0
04-20-20,Grainger,4,0,4,0,0,0,3,0,127,13,130,13,0,0,0,0,0,4,0,1,0
04-20-20,Greene,37,4,37,4,0,0,31,0,347,21,378,21,0,2,4,8,0,27,0,7,2
04-20-20,Grundy,24,0,24,0,0,0,28,0,212,7,240,7,0,1,-1,3,1,20,0,10,1
04-20-20,Hamblen,14,1,13,0,1,1,13,1,318,27,331,28,0,1,1,10,0,3,0,3,1
04-20-20,Hamilton,122,4,122,4,0,0,136,5,1748,65,1884,70,0,12,3,8,1,102,1,36,14
04-20-20,Hancock,0,0,0,0,0,0,0,0,21,3,21,3,0,0,0,0,0,0,0,0,0
04-20-20,Hardeman,11,1,11,1,0,0,12,1,208,6,220,7,0,0,0,3,1,8,0,3,0
04-20-20,Hardin,4,0,4,0,0,0,3,0,560,57,563,57,0,0,0,1,0,3,0,0,0
04-20-20,Hawkins,28,1,28,1,0,0,31,0,292,39,323,39,0,2,1,3,0,23,0,5,2
04-20-20,Haywood,14,0,14,0,0,0,14,0,173,5,187,5,0,1,0,2,0,11,0,6,1
04-20-20,Henderson,4,0,4,0,0,0,5,0,231,3,236,3,0,0,0,1,0,3,0,0,0
04-20-20,Henry,9,0,9,0,0,0,11,0,255,4,266,4,0,0,-1,2,1,7,0,3,0
04-20-20,Hickman,3,0,3,0,0,0,3,0,172,18,175,18,0,0,0,1,0,2,0,1,0
04-20-20,Houston,5,0,5,0,0,0,5,0,121,2,126,2,0,0,0,0,0,5,0,3,0
04-20-20,Humphreys,6,0,6,0,0,0,5,0,167,15,172,15,0,0,0,2,0,4,0,0,0
04-20-20,Jackson,6,0,6,0,0,0,9,0,171,1,180,1,0,0,0,0,0,6,0,0,0
04-20-20,Jefferson,13,0,13,0,0,0,11,0,296,27,307,27,0,0,0,-1,0,14,0,0,0
04-20-20,Johnson,2,0,2,0,0,0,2,0,40,0,42,0,0,0,0,0,0,2,0,0,0
04-20-20,Knox,194,3,194,3,0,0,194,0,3163,194,3357,194,0,4,-1,19,4,171,1,26,4
04-20-20,Lake,7,0,7,0,0,0,7,0,555,0,562,0,0,0,0,5,0,2,0,0,0
04-20-20,Lauderdale,16,0,16,0,0,0,17,1,191,6,208,7,0,0,0,6,0,10,0,5,0
04-20-20,Lawrence,14,0,14,0,0,0,12,0,354,3,366,3,0,0,-2,1,2,13,0,3,0
04-20-20,Lewis,3,0,3,0,0,0,3,0,51,4,54,4,0,0,-1,0,1,3,0,0,0
04-20-20,Lincoln,11,1,11,1,0,0,12,1,195,15,207,16,0,0,1,1,0,10,0,2,0
04-20-20,Loudon,23,0,23,0,0,0,22,0,328,11,350,11,0,0,0,5,0,18,0,3,0
04-20-20,Macon,35,0,35,0,0,0,41,0,523,3,564,3,0,3,-3,6,3,26,0,10,3
04-20-20,Madison,91,2,91,2,0,0,89,1,877,23,966,24,0,1,-5,18,7,72,2,13,1
04-20-20,Marion,29,0,28,0,1,0,31,0,393,228,424,228,0,1,-1,3,1,25,0,11,2
04-20-20,Marshall,17,3,17,3,0,0,18,2,298,14,316,16,0,1,2,8,1,8,1,4,1
04-20-20,Maury,34,0,34,0,0,0,37,0,908,84,945,84,0,0,0,1,0,33,0,5,0
04-20-20,McMinn,6,0,6,0,0,0,6,0,567,13,573,13,0,0,0,2,0,4,0,1,0
04-20-20,McNairy,9,0,9,0,0,0,9,0,179,11,188,11,0,0,0,0,0,9,0,1,0
04-20-20,Meigs,4,0,4,0,0,0,3,0,89,5,92,5,0,0,0,1,0,3,0,2,0
04-20-20,Monroe,12,2,11,1,1,1,14,3,251,5,265,8,0,1,2,4,0,7,0,2,1
04-20-20,Montgomery,123,2,123,2,0,0,129,3,1974,298,2103,301,0,2,-3,25,5,96,0,16,2
04-20-20,Moore,2,0,2,0,0,0,2,0,89,5,91,5,0,0,0,2,0,0,0,0,0
04-20-20,Morgan,6,0,6,0,0,0,8,0,145,4,153,4,0,0,0,1,0,5,0,0,0
04-20-20,Obion,9,0,9,0,0,0,8,0,203,21,211,21,0,1,0,1,0,7,0,1,1
04-20-20,Out of State,132,5,132,5,0,0,138,6,11623,411,11761,417,0,1,3,25,2,106,0,11,0
04-20-20,Overton,8,0,8,0,0,0,8,0,452,0,460,0,0,0,0,3,0,5,0,1,0
04-20-20,Pending,0,0,0,0,0,0,0,0,13110,583,13110,583,0,0,0,-1,0,1,0,0,0
04-20-20,Perry,6,0,6,0,0,0,6,0,51,5,57,5,0,0,0,3,0,3,0,0,0
04-20-20,Pickett,0,0,0,0,0,0,0,0,55,0,55,0,0,0,0,0,0,0,0,0,0
04-20-20,Polk,6,0,6,0,0,0,7,0,76,1,83,1,0,0,0,1,0,5,0,2,0
04-20-20,Putnam,93,0,93,0,0,0,126,1,1098,15,1224,16,1,3,-1,9,0,81,0,2,5
04-20-20,Rhea,2,0,2,0,0,0,1,0,295,5,296,5,0,0,0,2,0,0,0,0,0
04-20-20,Roane,10,1,9,0,1,1,14,0,526,42,540,42,0,0,0,2,1,8,0,2,0
04-20-20,Robertson,112,2,112,2,0,0,114,4,941,64,1055,68,0,0,-2,25,4,87,1,18,1
04-20-20,Rutherford,343,11,343,11,0,0,355,13,2737,358,3092,371,1,7,3,51,7,285,1,44,7
04-20-20,Scott,12,1,11,0,1,1,11,0,137,10,148,10,0,0,0,2,1,10,0,0,0
04-20-20,Sequatchie,5,0,5,0,0,0,5,0,188,10,193,10,0,0,0,3,0,2,0,1,0
04-20-20,Sevier,28,1,28,1,0,0,29,1,759,122,788,123,0,1,1,3,0,24,0,5,1
04-20-20,Shelby,1867,73,1862,72,5,1,2031,75,11270,686,13301,761,0,35,-7,557,80,1275,12,275,45
04-20-20,Smith,13,1,13,1,0,0,13,1,255,6,268,7,0,1,-2,1,3,11,0,1,1
04-20-20,Stewart,5,0,5,0,0,0,4,0,124,3,128,3,0,0,0,0,0,5,0,0,0
04-20-20,Sullivan,45,0,45,0,0,0,43,0,468,21,511,21,0,1,-2,4,2,40,0,6,1
04-20-20,Sumner,542,9,539,9,3,0,646,11,2038,46,2684,57,1,31,-5,71,13,440,1,181,33
04-20-20,Tipton,83,25,82,25,1,0,92,26,903,165,995,191,0,0,24,27,1,56,1,10,0
04-20-20,Trousdale,26,0,25,0,1,0,26,0,139,6,165,6,0,1,-2,7,2,18,0,6,1
04-20-20,Unicoi,1,0,1,0,0,0,1,0,65,2,66,2,0,0,0,0,0,1,0,0,0
04-20-20,Union,3,0,3,0,0,0,2,0,79,5,81,5,0,0,0,0,0,3,0,0,0
04-20-20,Van Buren,1,0,1,0,0,0,1,0,107,36,108,36,0,0,0,1,0,0,0,0,0
04-20-20,Warren,5,0,5,0,0,0,4,0,357,25,361,25,0,0,-1,2,1,3,0,0,0
04-20-20,Washington,45,0,45,0,0,0,52,1,616,4,668,5,0,0,-1,3,1,42,0,5,0
04-20-20,Wayne,3,0,3,0,0,0,4,0,105,4,109,4,0,0,0,1,0,2,0,2,0
04-20-20,Weakley,9,0,9,0,0,0,7,0,285,75,292,75,0,0,-1,2,1,7,0,0,0
04-20-20,White,5,0,4,0,1,0,4,0,368,10,372,10,0,0,0,2,0,3,0,1,0
04-20-20,Williamson,357,11,357,11,0,0,378,12,3251,365,3629,377,0,6,4,43,7,308,0,40,6
04-20-20,Wilson,190,4,190,4,0,0,194,4,1725,194,1919,198,0,1,3,46,1,143,0,18,1
04-19-20,Anderson,14,1,14,1,0,0,16,1,590,8,606,9,0,1,0,0,1,13,0,2,1
04-19-20,Bedford,76,3,76,3,0,0,81,9,400,37,481,46,0,2,3,59,0,15,0,6,2
04-19-20,Benton,4,0,4,0,0,0,5,0,115,12,120,12,0,0,0,0,0,4,0,1,1
04-19-20,Bledsoe,94,72,94,72,0,0,96,73,923,140,1019,213,0,0,72,90,0,4,0,2,0
04-19-20,Blount,46,0,46,0,0,0,54,0,665,23,719,23,0,3,-2,-1,2,44,0,5,3
04-19-20,Bradley,36,0,36,0,0,0,38,0,426,17,464,17,0,1,0,1,0,34,0,7,1
04-19-20,Campbell,13,0,12,0,1,0,13,0,192,12,205,12,0,1,0,-1,0,13,0,1,1
04-19-20,Cannon,7,0,7,0,0,0,12,1,158,6,170,7,0,0,0,1,0,6,0,2,0
04-19-20,Carroll,13,2,13,2,0,0,13,1,285,20,298,21,0,0,2,3,0,10,0,1,1
04-19-20,Carter,6,0,6,0,0,0,6,0,195,15,201,15,0,1,0,2,0,3,0,2,1
04-19-20,Cheatham,24,1,24,1,0,0,25,1,488,21,513,22,0,0,0,2,1,22,0,4,0
04-19-20,Chester,7,0,7,0,0,0,8,1,158,7,166,8,0,0,0,2,0,5,0,1,0
04-19-20,Claiborne,5,0,5,0,0,0,5,0,133,3,138,3,0,0,0,1,0,4,0,0,0
04-19-20,Clay,6,0,6,0,0,0,6,0,181,15,187,15,0,0,0,2,0,4,0,0,0
04-19-20,Cocke,11,0,11,0,0,0,10,0,129,15,139,15,0,0,-1,5,1,6,0,1,0
04-19-20,Coffee,21,0,20,0,1,0,20,0,480,46,500,46,0,0,-1,11,1,10,0,3,0
04-19-20,Crockett,6,3,6,3,0,0,6,3,175,74,181,77,0,0,3,6,0,0,1,1,0
04-19-20,Cumberland,59,0,59,0,0,0,69,0,1017,39,1086,39,0,0,0,16,0,43,0,9,0
04-19-20,Davidson,1725,99,1724,99,1,0,1807,115,15726,491,17533,606,0,19,74,530,25,1176,3,191,22
04-19-20,Decatur,4,0,4,0,0,0,4,0,90,5,94,5,0,0,0,2,0,2,0,0,0
04-19-20,Dekalb,10,0,10,0,0,0,11,0,332,9,343,9,0,0,-1,1,1,9,0,0,0
04-19-20,Dickson,47,1,47,1,0,0,47,0,394,30,441,30,0,0,1,16,0,31,0,7,0
04-19-20,Dyer,28,1,28,1,0,0,27,2,377,31,404,33,0,0,0,12,1,16,0,4,0
04-19-20,Fayette,44,0,44,0,0,0,49,1,526,26,575,27,0,1,-1,11,1,32,0,10,1
04-19-20,Fentress,4,0,4,0,0,0,4,0,147,9,151,9,0,0,0,0,0,4,0,1,0
04-19-20,Franklin,27,1,27,1,0,0,29,1,370,57,399,58,0,1,1,5,0,21,0,4,1
04-19-20,Gibson,29,1,29,1,0,0,32,1,507,55,539,56,0,0,-1,5,2,24,0,3,0
04-19-20,Giles,5,0,5,0,0,0,5,0,210,19,215,19,0,0,0,1,0,4,0,0,0
04-19-20,Grainger,4,0,4,0,0,0,3,0,114,9,117,9,0,0,0,0,0,4,0,1,0
04-19-20,Greene,33,2,33,2,0,0,31,3,326,13,357,16,0,2,2,4,0,27,1,7,2
04-19-20,Grundy,24,0,24,0,0,0,28,0,205,15,233,15,0,1,0,4,0,19,0,10,1
04-19-20,Hamblen,13,1,13,1,0,0,12,0,291,9,303,9,0,1,1,9,0,3,0,3,1
04-19-20,Hamilton,118,2,118,2,0,0,131,2,1683,33,1814,35,1,12,-1,5,2,101,0,35,14
04-19-20,Hancock,0,0,0,0,0,0,0,0,18,0,18,0,0,0,0,0,0,0,0,0,0
04-19-20,Hardeman,10,0,10,0,0,0,11,0,202,15,213,15,0,0,0,3,0,7,0,3,0
04-19-20,Hardin,4,0,4,0,0,0,3,0,503,112,506,112,0,0,0,1,0,3,0,0,0
04-19-20,Hawkins,27,0,27,0,0,0,31,0,253,14,284,14,0,2,-1,2,1,23,0,5,2
04-19-20,Haywood,14,0,14,0,0,0,14,0,168,14,182,14,0,1,0,2,0,11,0,6,1
04-19-20,Henderson,4,0,4,0,0,0,5,0,228,15,233,15,0,0,0,1,0,3,0,0,0
04-19-20,Henry,9,0,9,0,0,0,11,0,251,43,262,43,0,0,0,3,0,6,0,3,0
04-19-20,Hickman,3,0,3,0,0,0,3,0,154,19,157,19,0,0,0,1,0,2,0,1,0
04-19-20,Houston,5,0,5,0,0,0,5,0,119,6,124,6,0,0,0,0,0,5,0,3,0
04-19-20,Humphreys,6,0,6,0,0,0,5,0,152,10,157,10,0,0,0,2,0,4,0,0,0
04-19-20,Jackson,6,0,6,0,0,0,9,0,170,8,179,8,0,0,0,0,0,6,0,0,0
04-19-20,Jefferson,13,0,13,0,0,0,11,0,269,20,280,20,0,0,0,-1,0,14,0,0,0
04-19-20,Johnson,2,0,2,0,0,0,2,0,40,3,42,3,0,0,0,0,0,2,0,0,0
04-19-20,Knox,191,0,191,0,0,0,194,0,2969,53,3163,53,0,4,-4,20,4,167,0,25,4
04-19-20,Lake,7,3,7,3,0,0,7,3,555,17,562,20,0,0,2,5,1,2,0,0,0
04-19-20,Lauderdale,16,1,16,1,0,0,16,1,185,9,201,10,0,0,1,6,0,10,0,5,0
04-19-20,Lawrence,14,0,14,0,0,0,12,0,351,16,363,16,0,0,0,3,0,11,0,3,0
04-19-20,Lewis,3,0,3,0,0,0,3,0,47,5,50,5,0,0,0,1,0,2,0,0,0
04-19-20,Lincoln,10,0,10,0,0,0,11,0,180,28,191,28,0,0,0,0,0,10,0,2,0
04-19-20,Loudon,23,1,23,1,0,0,22,1,317,4,339,5,0,0,1,5,0,18,0,3,0
04-19-20,Macon,35,1,35,1,0,0,41,1,520,27,561,28,0,3,-1,9,2,23,0,10,3
04-19-20,Madison,89,1,89,1,0,0,88,1,854,16,942,17,1,1,-5,23,5,65,1,11,1
04-19-20,Marion,29,0,28,0,1,0,31,0,165,8,196,8,0,1,0,4,0,24,0,11,2
04-19-20,Marshall,14,0,14,0,0,0,16,0,284,35,300,35,0,1,0,6,0,7,0,3,1
04-19-20,Maury,34,0,34,0,0,0,37,0,824,89,861,89,0,0,0,1,0,33,0,5,0
04-19-20,McMinn,6,0,6,0,0,0,6,0,554,60,560,60,0,0,0,2,0,4,0,1,0
04-19-20,McNairy,9,0,9,0,0,0,9,0,168,15,177,15,0,0,0,0,0,9,0,1,0
04-19-20,Meigs,4,0,4,0,0,0,3,0,84,7,87,7,0,0,0,1,0,3,0,2,0
04-19-20,Monroe,10,0,10,0,0,0,11,0,246,1,257,1,0,1,-1,2,1,7,0,2,1
04-19-20,Montgomery,121,4,121,4,0,0,126,5,1676,104,1802,109,0,2,1,28,3,91,0,16,2
04-19-20,Moore,2,0,2,0,0,0,2,0,84,10,86,10,0,0,0,2,0,0,0,0,0
04-19-20,Morgan,6,0,6,0,0,0,8,0,141,3,149,3,0,0,0,1,0,5,0,0,0
04-19-20,Obion,9,0,9,0,0,0,8,0,182,3,190,3,0,1,-2,1,2,7,0,1,1
04-19-20,Out of State,127,5,127,5,0,0,132,3,11212,425,11344,428,0,1,5,22,0,104,1,11,0
04-19-20,Overton,8,1,8,1,0,0,8,1,452,22,460,23,0,0,1,3,0,5,0,1,0
04-19-20,Pending,0,0,0,0,0,0,0,0,12527,1210,12527,1210,0,0,0,-1,0,1,0,0,0
04-19-20,Perry,6,0,6,0,0,0,6,0,46,3,52,3,0,0,0,3,0,3,0,0,0
04-19-20,Pickett,0,0,0,0,0,0,0,0,55,2,55,2,0,0,0,0,0,0,0,0,0
04-19-20,Polk,6,0,6,0,0,0,7,0,75,19,82,19,0,0,0,1,0,5,0,2,0
04-19-20,Putnam,93,0,93,0,0,0,125,0,1083,56,1208,56,0,2,0,10,0,81,0,2,5
04-19-20,Rhea,2,0,2,0,0,0,1,0,290,31,291,31,0,0,0,2,0,0,0,0,0
04-19-20,Roane,9,0,9,0,0,0,14,0,484,14,498,14,0,0,0,2,0,7,0,2,0
04-19-20,Robertson,110,9,110,9,0,0,110,8,877,38,987,46,0,0,6,27,3,83,0,17,1
04-19-20,Rutherford,332,12,332,12,0,0,342,15,2379,89,2721,104,0,6,5,48,7,278,1,43,6
04-19-20,Scott,11,0,11,0,0,0,11,0,127,1,138,1,0,0,0,2,0,9,0,0,0
04-19-20,Sequatchie,5,0,5,0,0,0,5,0,178,20,183,20,0,0,0,3,0,2,0,1,0
04-19-20,Sevier,27,0,27,0,0,0,28,0,637,12,665,12,0,1,0,2,0,24,0,5,1
04-19-20,Shelby,1794,26,1790,26,4,0,1956,44,10584,376,12540,420,1,35,-6,564,31,1195,2,263,43
04-19-20,Smith,12,1,12,1,0,0,12,1,249,15,261,16,0,1,0,3,1,8,0,1,1
04-19-20,Stewart,5,0,5,0,0,0,4,0,121,3,125,3,0,0,0,0,0,5,0,0,0
04-19-20,Sullivan,45,0,45,0,0,0,43,0,447,14,490,14,0,1,0,6,0,38,0,6,1
04-19-20,Sumner,533,8,530,8,3,0,635,11,1992,54,2627,65,0,30,1,76,7,427,0,180,33
04-19-20,Tipton,58,1,57,1,1,0,66,1,738,40,804,41,0,0,-1,3,2,55,0,9,0
04-19-20,Trousdale,26,1,25,1,1,0,26,2,133,11,159,13,0,1,-2,9,3,16,0,6,1
04-19-20,Unicoi,1,0,1,0,0,0,1,0,63,4,64,4,0,0,0,0,0,1,0,0,0
04-19-20,Union,3,0,3,0,0,0,2,0,74,3,76,3,0,0,0,0,0,3,0,0,0
04-19-20,Van Buren,1,0,1,0,0,0,1,0,71,6,72,6,0,0,0,1,0,0,0,0,0
04-19-20,Warren,5,1,5,1,0,0,4,1,332,31,336,32,0,0,1,3,0,2,0,0,0
04-19-20,Washington,45,0,45,0,0,0,51,0,612,31,663,31,0,0,0,4,0,41,0,5,0
04-19-20,Wayne,3,0,3,0,0,0,4,0,101,3,105,3,0,0,0,1,0,2,0,2,0
04-19-20,Weakley,9,0,9,0,0,0,7,0,210,10,217,10,0,0,0,3,0,6,0,0,0
04-19-20,White,5,0,4,0,1,0,4,0,358,25,362,25,0,0,0,2,0,3,0,1,0
04-19-20,Williamson,346,6,346,6,0,0,366,7,2886,134,3252,141,0,6,4,39,2,301,0,40,6
04-19-20,Wilson,186,4,186,4,0,0,190,4,1531,51,1721,55,0,1,-5,43,9,142,0,18,1
04-18-20,Anderson,13,0,13,0,0,0,15,0,582,24,597,24,0,1,0,0,0,12,0,2,1
04-18-20,Bedford,73,12,73,12,0,0,72,18,363,35,435,53,0,2,12,56,0,15,0,6,2
04-18-20,Benton,4,0,4,0,0,0,5,0,103,5,108,5,0,0,0,0,0,4,0,1,1
04-18-20,Bledsoe,22,2,22,2,0,0,23,2,783,14,806,16,0,0,2,18,0,4,0,2,0
04-18-20,Blount,46,0,46,0,0,0,54,0,642,11,696,11,0,3,-1,1,1,42,0,5,3
04-18-20,Bradley,36,0,36,0,0,0,38,2,409,36,447,38,0,1,-2,1,2,34,0,7,1
04-18-20,Campbell,13,0,12,0,1,0,13,0,180,8,193,8,0,1,-1,-1,1,13,0,1,1
04-18-20,Cannon,7,0,7,0,0,0,11,0,152,17,163,17,0,0,-1,1,1,6,0,2,0
04-18-20,Carroll,11,0,11,0,0,0,12,1,265,8,277,9,0,0,0,1,0,10,0,1,1
04-18-20,Carter,6,0,6,0,0,0,6,0,180,16,186,16,0,1,0,2,0,3,0,2,1
04-18-20,Cheatham,23,0,23,0,0,0,24,0,467,27,491,27,0,0,-2,2,2,21,0,4,0
04-18-20,Chester,7,1,7,1,0,0,7,0,151,11,158,11,0,0,1,2,0,5,0,1,0
04-18-20,Claiborne,5,0,5,0,0,0,5,0,130,5,135,5,0,0,0,1,0,4,0,0,0
04-18-20,Clay,6,0,6,0,0,0,6,0,166,13,172,13,0,0,-1,2,1,4,0,0,0
04-18-20,Cocke,11,0,11,0,0,0,10,0,114,6,124,6,0,0,0,6,0,5,0,1,0
04-18-20,Coffee,21,1,20,1,1,0,20,2,434,48,454,50,0,0,-1,12,2,9,0,3,0
04-18-20,Crockett,3,0,3,0,0,0,3,2,101,11,104,13,0,0,0,3,0,0,0,0,0
04-18-20,Cumberland,59,1,59,1,0,0,69,1,978,70,1047,71,0,0,1,16,0,43,0,9,0
04-18-20,Davidson,1626,46,1625,46,1,0,1692,61,15235,515,16927,576,0,19,15,456,31,1151,2,188,22
04-18-20,Decatur,4,0,4,0,0,0,4,1,85,3,89,4,0,0,0,2,0,2,0,0,0
04-18-20,Dekalb,10,0,10,0,0,0,11,0,323,36,334,36,0,0,0,2,0,8,0,0,0
04-18-20,Dickson,46,3,46,3,0,0,47,4,364,28,411,32,0,0,1,15,2,31,0,7,0
04-18-20,Dyer,27,1,27,1,0,0,25,1,346,26,371,27,0,0,0,12,1,15,0,4,0
04-18-20,Fayette,44,1,44,1,0,0,48,1,500,42,548,43,0,1,-2,12,3,31,0,10,1
04-18-20,Fentress,4,0,4,0,0,0,4,0,138,11,142,11,0,0,-1,0,1,4,0,1,0
04-18-20,Franklin,26,3,26,3,0,0,28,3,313,54,341,57,0,1,3,4,0,21,0,4,1
04-18-20,Gibson,28,2,28,2,0,0,31,2,452,47,483,49,0,0,1,6,1,22,0,3,0
04-18-20,Giles,5,0,5,0,0,0,5,0,191,28,196,28,0,0,0,1,0,4,0,0,0
04-18-20,Grainger,4,0,4,0,0,0,3,0,105,8,108,8,0,0,0,0,0,4,0,1,0
04-18-20,Greene,31,0,31,0,0,0,28,1,313,42,341,43,0,2,-1,2,1,27,0,6,2
04-18-20,Grundy,24,0,24,0,0,0,28,0,190,5,218,5,0,1,0,4,0,19,0,10,1
04-18-20,Hamblen,12,5,12,5,0,0,12,5,282,14,294,19,0,1,5,8,0,3,0,3,1
04-18-20,Hamilton,116,1,116,1,0,0,129,2,1650,61,1779,63,0,11,-2,6,3,99,0,35,14
04-18-20,Hancock,0,0,0,0,0,0,0,0,18,0,18,0,0,0,0,0,0,0,0,0,0
04-18-20,Hardeman,10,0,10,0,0,0,11,0,187,6,198,6,0,0,0,3,0,7,0,3,0
04-18-20,Hardin,4,0,4,0,0,0,3,0,391,44,394,44,0,0,0,1,0,3,0,0,0
04-18-20,Hawkins,27,0,27,0,0,0,31,1,239,20,270,21,0,2,-2,3,2,22,0,5,2
04-18-20,Haywood,14,0,14,0,0,0,14,0,154,9,168,9,0,1,-1,2,1,11,0,6,1
04-18-20,Henderson,4,0,4,0,0,0,5,0,213,6,218,6,0,0,0,1,0,3,0,0,0
04-18-20,Henry,9,0,9,0,0,0,11,1,208,9,219,10,0,0,0,3,0,6,0,3,0
04-18-20,Hickman,3,1,3,1,0,0,3,1,135,11,138,12,0,0,1,1,0,2,0,1,0
04-18-20,Houston,5,0,5,0,0,0,5,0,113,4,118,4,0,0,0,0,0,5,0,3,0
04-18-20,Humphreys,6,2,6,2,0,0,5,2,142,3,147,5,0,0,2,2,0,4,0,0,0
04-18-20,Jackson,6,0,6,0,0,0,9,0,162,5,171,5,0,0,0,0,0,6,0,0,0
04-18-20,Jefferson,13,0,13,0,0,0,11,0,249,18,260,18,0,0,-1,-1,1,14,0,0,0
04-18-20,Johnson,2,0,2,0,0,0,2,0,37,4,39,4,0,0,0,0,0,2,0,0,0
04-18-20,Knox,191,0,191,0,0,0,194,3,2916,112,3110,115,0,4,-5,24,5,163,0,25,4
04-18-20,Lake,4,0,4,0,0,0,4,0,538,9,542,9,0,0,0,3,0,1,0,0,0
04-18-20,Lauderdale,15,2,15,2,0,0,15,2,176,16,191,18,0,0,1,5,1,10,1,5,0
04-18-20,Lawrence,14,0,14,0,0,0,12,0,335,19,347,19,0,0,0,3,0,11,0,3,0
04-18-20,Lewis,3,0,3,0,0,0,3,0,42,4,45,4,0,0,0,1,0,2,0,0,0
04-18-20,Lincoln,10,1,10,1,0,0,11,1,152,17,163,18,0,0,0,0,1,10,0,2,0
04-18-20,Loudon,22,1,22,1,0,0,21,1,313,10,334,11,0,0,1,4,0,18,0,3,0
04-18-20,Macon,34,1,34,1,0,0,40,1,493,15,533,16,0,3,0,10,1,21,1,10,3
04-18-20,Madison,88,2,88,2,0,0,87,1,838,43,925,44,0,0,-7,28,9,60,0,10,1
04-18-20,Marion,29,0,28,0,1,0,31,0,157,8,188,8,0,1,0,4,0,24,0,11,2
04-18-20,Marshall,14,0,14,0,0,0,16,2,249,25,265,27,0,1,0,6,0,7,0,3,1
04-18-20,Maury,34,0,34,0,0,0,37,0,735,38,772,38,0,0,-1,1,1,33,0,5,0
04-18-20,McMinn,6,0,6,0,0,0,6,0,494,73,500,73,0,0,0,2,0,4,0,1,0
04-18-20,McNairy,9,0,9,0,0,0,9,0,153,5,162,5,0,0,-1,0,1,9,0,1,0
04-18-20,Meigs,4,0,4,0,0,0,3,0,77,3,80,3,0,0,0,1,0,3,0,2,0
04-18-20,Monroe,10,0,10,0,0,0,11,1,245,19,256,20,0,1,0,3,0,6,0,2,1
04-18-20,Montgomery,117,5,117,5,0,0,121,6,1572,72,1693,78,0,2,3,27,2,88,0,16,2
04-18-20,Moore,2,0,2,0,0,0,2,1,74,24,76,25,0,0,0,2,0,0,0,0,0
04-18-20,Morgan,6,0,6,0,0,0,8,0,138,7,146,7,0,0,0,1,0,5,0,0,0
04-18-20,Obion,9,0,9,0,0,0,8,0,179,15,187,15,0,1,0,3,0,5,0,1,1
04-18-20,Out of State,122,3,122,3,0,0,129,2,10787,526,10916,528,0,1,1,17,2,104,0,10,0
04-18-20,Overton,7,0,7,0,0,0,7,0,430,33,437,33,0,0,0,2,0,5,0,1,0
04-18-20,Pending,0,0,0,0,0,0,0,0,11317,723,11317,723,0,0,0,-1,0,1,0,0,0
04-18-20,Perry,6,0,6,0,0,0,6,0,43,2,49,2,0,0,0,3,0,3,0,0,0
04-18-20,Pickett,0,0,0,0,0,0,0,0,53,7,53,7,0,0,0,0,0,0,0,0,0
04-18-20,Polk,6,0,6,0,0,0,7,0,56,6,63,6,0,0,0,1,0,5,0,2,0
04-18-20,Putnam,93,1,93,1,0,0,125,7,1027,72,1152,79,0,2,-2,10,3,81,0,2,4
04-18-20,Rhea,2,1,2,1,0,0,1,0,259,10,260,10,0,0,1,2,0,0,0,0,0
04-18-20,Roane,9,0,9,0,0,0,14,1,470,24,484,25,0,0,0,2,0,7,0,2,0
04-18-20,Robertson,101,1,101,1,0,0,102,1,839,45,941,46,0,0,-3,21,4,80,0,17,1
04-18-20,Rutherford,320,9,320,9,0,0,327,14,2290,126,2617,140,0,6,2,43,7,271,0,42,6
04-18-20,Scott,11,0,11,0,0,0,11,0,126,7,137,7,0,0,-1,2,1,9,0,0,0
04-18-20,Sequatchie,5,0,5,0,0,0,5,0,158,12,163,12,0,0,0,3,0,2,0,1,0
04-18-20,Sevier,27,1,27,1,0,0,28,1,625,25,653,26,0,1,-1,2,2,24,0,5,1
04-18-20,Shelby,1768,43,1764,43,4,0,1912,76,10208,895,12120,971,1,34,-7,570,49,1164,3,261,42
04-18-20,Smith,11,0,11,0,0,0,11,0,234,11,245,11,0,1,0,3,0,7,0,1,1
04-18-20,Stewart,5,1,5,1,0,0,4,1,118,3,122,4,0,0,1,0,0,5,0,0,0
04-18-20,Sullivan,45,0,45,0,0,0,43,2,433,18,476,20,0,1,-1,6,1,38,0,6,1
04-18-20,Sumner,525,10,522,10,3,0,624,18,1938,66,2562,84,1,30,1,75,8,420,2,180,32
04-18-20,Tipton,57,0,56,0,1,0,65,3,698,58,763,61,0,0,-2,4,2,53,0,9,0
04-18-20,Trousdale,25,1,24,1,1,0,24,1,122,8,146,9,0,1,1,11,0,13,0,6,1
04-18-20,Unicoi,1,0,1,0,0,0,1,0,59,2,60,2,0,0,0,0,0,1,0,0,0
04-18-20,Union,3,0,3,0,0,0,2,0,71,2,73,2,0,0,0,0,0,3,0,0,0
04-18-20,Van Buren,1,0,1,0,0,0,1,0,65,3,66,3,0,0,0,1,0,0,0,0,0
04-18-20,Warren,4,0,4,0,0,0,3,0,301,32,304,32,0,0,0,2,0,2,0,0,0
04-18-20,Washington,45,0,45,0,0,0,51,1,581,40,632,41,0,0,-3,4,3,41,0,5,0
04-18-20,Wayne,3,1,3,1,0,0,4,1,98,5,102,6,0,0,1,1,0,2,1,2,0
04-18-20,Weakley,9,2,9,2,0,0,7,1,200,16,207,17,0,0,2,3,0,6,0,0,0
04-18-20,White,5,0,4,0,1,0,4,0,333,21,337,21,0,0,0,2,0,3,0,1,0
04-18-20,Williamson,340,2,340,2,0,0,359,7,2752,104,3111,111,1,6,1,35,0,299,1,40,6
04-18-20,Wilson,182,3,182,3,0,0,186,3,1480,42,1666,45,0,1,1,48,2,133,0,18,1
04-17-20,Anderson,13,0,13,0,0,0,15,0,558,20,573,20,0,1,0,0,0,12,0,2,1
04-17-20,Bedford,61,16,61,16,0,0,54,14,328,16,382,30,0,2,16,44,0,15,0,6,2
04-17-20,Benton,4,0,4,0,0,0,5,0,98,2,103,2,0,0,0,0,0,4,0,1,1
04-17-20,Bledsoe,20,8,20,8,0,0,21,8,769,4,790,12,0,0,7,16,1,4,0,2,0
04-17-20,Blount,46,0,46,0,0,0,54,0,631,22,685,22,0,3,0,2,0,41,0,5,3
04-17-20,Bradley,36,0,36,0,0,0,36,1,373,9,409,10,0,1,-1,3,1,32,0,7,1
04-17-20,Campbell,13,1,12,0,1,1,13,1,172,8,185,9,0,1,0,0,1,12,0,1,1
04-17-20,Cannon,7,0,7,0,0,0,11,0,135,6,146,6,0,0,0,2,0,5,0,2,0
04-17-20,Carroll,11,0,11,0,0,0,11,0,257,8,268,8,0,0,-1,1,1,10,0,1,0
04-17-20,Carter,6,0,6,0,0,0,6,0,164,2,170,2,0,1,0,2,0,3,0,2,1
04-17-20,Cheatham,23,1,23,1,0,0,24,1,440,14,464,15,0,0,0,4,1,19,0,4,0
04-17-20,Chester,6,0,6,0,0,0,7,0,140,5,147,5,0,0,0,1,0,5,0,1,0
04-17-20,Claiborne,5,0,5,0,0,0,5,0,125,4,130,4,0,0,0,1,0,4,0,0,0
04-17-20,Clay,6,0,6,0,0,0,6,0,153,12,159,12,0,0,0,3,0,3,0,0,0
04-17-20,Cocke,11,0,11,0,0,0,10,0,108,5,118,5,0,0,0,6,0,5,0,1,0
04-17-20,Coffee,20,2,19,2,1,0,18,0,386,19,404,19,0,0,2,13,0,7,0,3,0
04-17-20,Crockett,3,3,3,3,0,0,1,1,90,3,91,4,0,0,3,3,0,0,0,0,0
04-17-20,Cumberland,58,1,58,1,0,0,68,2,908,5,976,7,0,0,-1,15,2,43,0,9,0
04-17-20,Davidson,1580,125,1579,125,1,0,1631,131,14720,669,16351,800,0,19,83,441,42,1120,10,186,21
04-17-20,Decatur,4,1,4,1,0,0,3,0,82,4,85,4,0,0,1,2,0,2,0,0,0
04-17-20,Dekalb,10,0,10,0,0,0,11,0,287,20,298,20,0,0,0,2,0,8,0,0,0
04-17-20,Dickson,43,2,43,2,0,0,43,2,336,21,379,23,0,0,2,14,0,29,0,7,0
04-17-20,Dyer,26,1,26,1,0,0,24,0,320,17,344,17,0,0,1,12,0,14,0,4,0
04-17-20,Fayette,43,2,43,2,0,0,47,2,458,23,505,25,0,1,2,14,0,28,0,10,1
04-17-20,Fentress,4,0,4,0,0,0,4,0,127,2,131,2,0,0,0,1,0,3,0,1,0
04-17-20,Franklin,23,0,23,0,0,0,25,0,259,12,284,12,0,1,-1,1,1,21,0,4,1
04-17-20,Gibson,26,1,26,1,0,0,29,2,405,34,434,36,0,0,0,5,1,21,0,3,0
04-17-20,Giles,5,0,5,0,0,0,5,0,163,14,168,14,0,0,0,1,0,4,0,0,0
04-17-20,Grainger,4,0,4,0,0,0,3,0,97,3,100,3,0,0,0,0,0,4,0,1,0
04-17-20,Greene,31,2,31,2,0,0,27,2,271,2,298,4,0,2,2,3,0,26,0,6,2
04-17-20,Grundy,24,0,24,0,0,0,28,0,185,2,213,2,0,1,-1,4,1,19,0,10,1
04-17-20,Hamblen,7,0,7,0,0,0,7,0,268,12,275,12,0,1,0,3,0,3,0,3,1
04-17-20,Hamilton,115,2,115,2,0,0,127,3,1589,27,1716,30,0,11,0,8,2,96,1,35,14
04-17-20,Hancock,0,0,0,0,0,0,0,0,18,0,18,0,0,0,0,0,0,0,0,0,0
04-17-20,Hardeman,10,1,10,1,0,0,11,1,181,12,192,13,0,0,1,3,0,7,0,3,0
04-17-20,Hardin,4,0,4,0,0,0,3,0,347,47,350,47,0,0,0,1,0,3,0,0,0
04-17-20,Hawkins,27,1,27,1,0,0,30,2,219,6,249,8,0,2,1,5,0,20,0,5,2
04-17-20,Haywood,14,1,14,1,0,0,14,0,145,15,159,15,0,1,1,3,0,10,0,6,1
04-17-20,Henderson,4,2,4,2,0,0,5,2,207,6,212,8,0,0,2,1,0,3,0,0,0
04-17-20,Henry,9,1,9,1,0,0,10,1,199,10,209,11,0,0,1,3,0,6,0,3,0
04-17-20,Hickman,2,0,2,0,0,0,2,0,124,4,126,4,0,0,0,0,0,2,0,1,0
04-17-20,Houston,5,0,5,0,0,0,5,0,109,10,114,10,0,0,0,0,0,5,0,3,0
04-17-20,Humphreys,4,0,4,0,0,0,3,0,139,7,142,7,0,0,0,0,0,4,0,0,0
04-17-20,Jackson,6,0,6,0,0,0,9,0,157,6,166,6,0,0,-1,0,1,6,0,0,0
04-17-20,Jefferson,13,1,13,1,0,0,11,1,231,5,242,6,-1,0,0,0,2,13,0,0,0
04-17-20,Johnson,2,0,2,0,0,0,2,0,33,0,35,0,0,0,0,0,0,2,0,0,0
04-17-20,Knox,191,2,191,2,0,0,191,3,2804,104,2995,107,0,4,-2,29,4,158,1,25,4
04-17-20,Lake,4,2,4,2,0,0,4,2,529,47,533,49,0,0,2,3,0,1,0,0,0
04-17-20,Lauderdale,13,0,13,0,0,0,13,1,160,8,173,9,0,0,-1,4,1,9,0,4,0
04-17-20,Lawrence,14,0,14,0,0,0,12,0,316,14,328,14,0,0,0,3,0,11,0,3,0
04-17-20,Lewis,3,0,3,0,0,0,3,0,38,3,41,3,0,0,0,1,0,2,0,0,0
04-17-20,Lincoln,9,0,9,0,0,0,10,0,135,8,145,8,0,0,-1,0,1,9,0,2,0
04-17-20,Loudon,21,2,21,2,0,0,20,2,303,12,323,14,0,0,0,3,2,18,1,3,0
04-17-20,Macon,33,1,33,1,0,0,39,1,478,28,517,29,0,3,0,10,1,20,0,9,3
04-17-20,Madison,86,1,86,1,0,0,86,1,795,48,881,49,0,0,-4,35,5,51,0,10,1
04-17-20,Marion,29,0,28,0,1,0,31,0,149,3,180,3,0,1,0,4,0,24,0,11,2
04-17-20,Marshall,14,2,14,2,0,0,14,1,224,15,238,16,0,1,2,6,0,7,0,3,1
04-17-20,Maury,34,1,34,1,0,0,37,2,697,11,734,13,0,0,0,2,1,32,0,5,0
04-17-20,McMinn,6,0,6,0,0,0,6,0,421,15,427,15,0,0,0,2,0,4,0,1,0
04-17-20,McNairy,9,0,9,0,0,0,9,0,148,15,157,15,0,0,0,1,0,8,0,1,0
04-17-20,Meigs,4,0,4,0,0,0,3,0,74,1,77,1,0,0,0,1,0,3,0,2,0
04-17-20,Monroe,10,1,10,1,0,0,10,1,226,3,236,4,0,1,1,3,0,6,0,2,1
04-17-20,Montgomery,112,5,112,5,0,0,115,6,1500,79,1615,85,0,2,3,24,2,86,1,16,2
04-17-20,Moore,2,1,2,1,0,0,1,0,50,5,51,5,0,0,1,2,0,0,0,0,0
04-17-20,Morgan,6,0,6,0,0,0,8,0,131,3,139,3,0,0,0,1,0,5,0,0,0
04-17-20,Obion,9,0,9,0,0,0,8,0,164,15,172,15,0,1,-1,3,1,5,0,1,1
04-17-20,Out of State,119,0,119,0,0,0,127,0,10261,257,10388,257,0,1,0,16,0,102,0,10,0
04-17-20,Overton,7,0,7,0,0,0,7,0,397,25,404,25,0,0,0,2,0,5,0,1,0
04-17-20,Pending,0,0,0,0,0,0,0,0,10594,201,10594,201,0,0,0,-1,0,1,0,0,0
04-17-20,Perry,6,0,6,0,0,0,6,0,41,2,47,2,0,0,0,3,0,3,0,0,0
04-17-20,Pickett,0,0,0,0,0,0,0,0,46,1,46,1,0,0,0,0,0,0,0,0,0
04-17-20,Polk,6,0,6,0,0,0,7,0,50,2,57,2,0,0,0,1,0,5,0,2,0
04-17-20,Putnam,92,1,92,1,0,0,118,2,955,16,1073,18,0,2,0,12,1,78,0,2,4
04-17-20,Rhea,1,0,1,0,0,0,1,0,249,2,250,2,0,0,0,1,0,0,0,0,0
04-17-20,Roane,9,1,9,1,0,0,13,1,446,12,459,13,0,0,1,2,0,7,0,2,0
04-17-20,Robertson,100,6,100,6,0,0,101,8,794,11,895,19,0,0,4,24,2,76,0,17,1
04-17-20,Rutherford,311,11,311,11,0,0,313,13,2164,48,2477,61,0,6,-5,41,16,264,2,42,6
04-17-20,Scott,11,0,11,0,0,0,11,0,119,4,130,4,0,0,0,3,0,8,0,0,0
04-17-20,Sequatchie,5,0,5,0,0,0,5,0,146,2,151,2,0,0,0,3,0,2,0,1,0
04-17-20,Sevier,26,0,26,0,0,0,27,1,600,17,627,18,1,1,-1,3,0,22,0,5,1
04-17-20,Shelby,1725,76,1721,76,4,0,1836,93,9313,493,11149,586,0,33,6,577,70,1115,10,258,42
04-17-20,Smith,11,0,11,0,0,0,11,0,223,4,234,4,0,1,-2,3,2,7,0,1,1
04-17-20,Stewart,4,0,4,0,0,0,3,0,115,4,118,4,0,0,0,-1,0,5,0,0,0
04-17-20,Sullivan,45,0,45,0,0,0,41,0,415,6,456,6,0,1,-4,7,4,37,0,6,1
04-17-20,Sumner,515,8,512,8,3,0,606,17,1872,31,2478,48,1,29,-3,74,10,412,2,178,32
04-17-20,Tipton,57,2,56,2,1,0,62,2,640,11,702,13,0,0,1,6,1,51,0,9,0
04-17-20,Trousdale,24,0,23,0,1,0,23,0,114,0,137,0,0,1,0,10,0,13,0,6,1
04-17-20,Unicoi,1,0,1,0,0,0,1,0,57,0,58,0,0,0,0,0,0,1,0,0,0
04-17-20,Union,3,0,3,0,0,0,2,0,69,2,71,2,0,0,0,0,0,3,0,0,0
04-17-20,Van Buren,1,0,1,0,0,0,1,0,62,3,63,3,0,0,0,1,0,0,0,0,0
04-17-20,Warren,4,0,4,0,0,0,3,0,269,10,272,10,0,0,0,2,0,2,0,0,0
04-17-20,Washington,45,0,45,0,0,0,50,1,541,9,591,10,0,0,-3,7,3,38,0,5,0
04-17-20,Wayne,2,0,2,0,0,0,3,0,93,7,96,7,0,0,0,0,0,2,0,1,0
04-17-20,Weakley,7,0,7,0,0,0,6,0,184,2,190,2,0,0,-1,1,1,6,0,0,0
04-17-20,White,5,0,4,0,1,0,4,0,312,7,316,7,0,0,-1,2,1,3,0,1,0
04-17-20,Williamson,338,12,338,12,0,0,352,14,2648,51,3000,65,0,5,8,34,4,299,0,39,6
04-17-20,Wilson,179,10,179,10,0,0,183,12,1438,48,1621,60,0,1,6,47,4,131,2,18,1
04-16-20,Anderson,13,0,13,0,0,0,15,0,538,24,553,24,0,1,0,0,0,12,0,2,1
04-16-20,Bedford,45,7,45,7,0,0,40,4,312,16,352,20,0,2,6,28,1,15,0,6,2
04-16-20,Benton,4,0,4,0,0,0,5,1,96,3,101,4,0,0,0,0,0,4,0,1,1
04-16-20,Bledsoe,12,2,12,2,0,0,13,2,765,19,778,21,0,0,2,9,0,3,0,2,0
04-16-20,Blount,46,0,46,0,0,0,54,1,609,31,663,32,0,3,0,2,0,41,0,5,3
04-16-20,Bradley,36,1,36,1,0,0,35,1,364,8,399,9,0,1,1,4,0,31,0,7,1
04-16-20,Campbell,12,0,12,0,0,0,12,0,164,7,176,7,0,1,0,0,0,11,0,1,1
04-16-20,Cannon,7,1,7,1,0,0,11,3,129,4,140,7,0,0,-1,2,2,5,1,2,0
04-16-20,Carroll,11,0,11,0,0,0,11,0,249,9,260,9,0,0,0,2,0,9,0,1,0
04-16-20,Carter,6,1,6,1,0,0,6,1,162,6,168,7,0,1,1,2,0,3,0,2,1
04-16-20,Cheatham,22,2,22,2,0,0,23,2,426,13,449,15,0,0,2,4,0,18,1,4,0
04-16-20,Chester,6,0,6,0,0,0,7,0,135,5,142,5,0,0,0,1,0,5,0,1,0
04-16-20,Claiborne,5,0,5,0,0,0,5,0,121,7,126,7,0,0,0,1,0,4,0,0,0
04-16-20,Clay,6,0,6,0,0,0,6,0,141,1,147,1,0,0,-1,3,1,3,0,0,0
04-16-20,Cocke,11,2,11,2,0,0,10,2,103,12,113,14,0,0,1,6,1,5,0,1,0
04-16-20,Coffee,18,1,17,1,1,0,18,3,367,19,385,22,0,0,1,11,0,7,1,3,0
04-16-20,Crockett,0,0,0,0,0,0,0,0,87,8,87,8,0,0,0,0,0,0,0,0,0
04-16-20,Cumberland,57,2,57,2,0,0,66,5,903,23,969,28,0,0,-1,16,3,41,1,9,0
04-16-20,Davidson,1455,45,1454,45,1,0,1500,40,14051,230,15551,270,0,19,10,358,35,1078,3,176,21
04-16-20,Decatur,3,0,3,0,0,0,3,0,78,4,81,4,0,0,0,1,0,2,0,0,0
04-16-20,Dekalb,10,0,10,0,0,0,11,0,267,13,278,13,0,0,-2,2,2,8,0,0,0
04-16-20,Dickson,41,2,41,2,0,0,41,3,315,14,356,17,0,0,1,12,1,29,0,7,0
04-16-20,Dyer,25,0,25,0,0,0,24,1,303,14,327,15,0,0,0,11,0,14,0,4,0
04-16-20,Fayette,41,1,41,1,0,0,45,2,435,26,480,28,0,1,1,12,0,28,0,10,1
04-16-20,Fentress,4,1,4,1,0,0,4,1,125,3,129,4,0,0,1,1,0,3,1,1,0
04-16-20,Franklin,23,0,23,0,0,0,25,0,247,12,272,12,0,1,0,2,0,20,0,4,1
04-16-20,Gibson,25,3,25,3,0,0,27,3,371,20,398,23,0,0,3,5,0,20,0,3,0
04-16-20,Giles,5,0,5,0,0,0,5,1,149,8,154,9,0,0,0,1,0,4,0,0,0
04-16-20,Grainger,4,0,4,0,0,0,3,0,94,7,97,7,0,0,0,0,0,4,0,1,0
04-16-20,Greene,29,1,29,1,0,0,25,1,269,10,294,11,0,2,1,1,0,26,0,6,2
04-16-20,Grundy,24,1,24,1,0,0,28,3,183,5,211,8,0,1,0,5,1,18,1,10,1
04-16-20,Hamblen,7,0,7,0,0,0,7,1,256,15,263,16,0,1,0,3,0,3,0,3,1
04-16-20,Hamilton,113,3,113,3,0,0,124,3,1562,70,1686,73,0,11,-2,8,5,94,0,34,13
04-16-20,Hancock,0,0,0,0,0,0,0,0,18,0,18,0,0,0,0,0,0,0,0,0,0
04-16-20,Hardeman,9,0,9,0,0,0,10,0,169,11,179,11,0,0,0,2,0,7,0,3,0
04-16-20,Hardin,4,0,4,0,0,0,3,1,300,28,303,29,0,0,0,1,0,3,0,0,0
04-16-20,Hawkins,26,0,26,0,0,0,28,1,213,7,241,8,0,2,-2,4,2,20,0,5,2
04-16-20,Haywood,13,0,13,0,0,0,14,0,130,6,144,6,0,1,0,2,0,10,0,6,1
04-16-20,Henderson,2,0,2,0,0,0,3,1,201,6,204,7,0,0,0,-1,0,3,0,0,0
04-16-20,Henry,8,0,8,0,0,0,9,1,189,10,198,11,0,0,-1,2,1,6,0,3,0
04-16-20,Hickman,2,0,2,0,0,0,2,0,120,1,122,1,0,0,0,0,0,2,0,1,0
04-16-20,Houston,5,0,5,0,0,0,5,0,99,2,104,2,0,0,0,0,0,5,0,3,0
04-16-20,Humphreys,4,0,4,0,0,0,3,0,132,14,135,14,0,0,0,0,0,4,0,0,0
04-16-20,Jackson,6,0,6,0,0,0,9,0,151,6,160,6,0,0,0,1,0,5,0,0,0
04-16-20,Jefferson,12,0,12,0,0,0,10,0,226,12,236,12,0,1,-2,0,2,11,0,0,0
04-16-20,Johnson,2,0,2,0,0,0,2,0,33,1,35,1,0,0,0,0,0,2,0,0,0
04-16-20,Knox,189,6,189,6,0,0,188,9,2700,231,2888,240,0,4,2,31,4,154,2,24,4
04-16-20,Lake,2,0,2,0,0,0,2,0,482,6,484,6,0,0,0,1,0,1,0,0,0
04-16-20,Lauderdale,13,1,13,1,0,0,12,0,152,6,164,6,0,0,0,5,1,8,1,4,0
04-16-20,Lawrence,14,0,14,0,0,0,12,0,302,11,314,11,0,0,-2,3,2,11,0,3,0
04-16-20,Lewis,3,0,3,0,0,0,3,0,35,3,38,3,0,0,0,1,0,2,0,0,0
04-16-20,Lincoln,9,0,9,0,0,0,10,0,127,8,137,8,0,0,-1,1,1,8,0,2,0
04-16-20,Loudon,19,1,19,1,0,0,18,1,291,16,309,17,0,0,1,3,0,16,0,2,0
04-16-20,Macon,32,2,32,2,0,0,38,2,450,16,488,18,0,3,0,10,2,19,0,9,3
04-16-20,Madison,85,8,85,8,0,0,85,9,747,44,832,53,0,0,6,39,2,46,0,10,1
04-16-20,Marion,29,1,28,1,1,0,31,0,146,9,177,9,0,1,1,4,0,24,0,11,2
04-16-20,Marshall,12,0,12,0,0,0,13,2,209,3,222,5,0,1,0,4,0,7,0,3,1
04-16-20,Maury,33,0,33,0,0,0,35,1,686,25,721,26,0,0,0,2,0,31,0,5,0
04-16-20,McMinn,6,1,6,1,0,0,6,1,406,25,412,26,0,0,1,2,0,4,0,1,0
04-16-20,McNairy,9,0,9,0,0,0,9,0,133,8,142,8,0,0,0,1,0,8,0,1,0
04-16-20,Meigs,4,0,4,0,0,0,3,0,73,3,76,3,0,0,-1,1,1,3,0,2,0
04-16-20,Monroe,9,0,9,0,0,0,9,0,223,15,232,15,1,1,-2,2,1,6,0,2,1
04-16-20,Montgomery,107,1,107,1,0,0,109,1,1421,45,1530,46,0,2,0,21,1,84,0,15,2
04-16-20,Moore,1,0,1,0,0,0,1,0,45,4,46,4,0,0,0,1,0,0,0,0,0
04-16-20,Morgan,6,1,6,1,0,0,8,1,128,10,136,11,0,0,1,1,0,5,0,0,0
04-16-20,Obion,9,0,9,0,0,0,8,0,149,8,157,8,0,1,0,4,0,4,0,1,1
04-16-20,Out of State,119,3,119,3,0,0,127,3,10004,502,10131,505,0,1,0,16,3,102,0,10,0
04-16-20,Overton,7,0,7,0,0,0,7,0,372,8,379,8,0,0,0,2,0,5,0,1,0
04-16-20,Pending,0,0,0,0,0,0,0,0,10393,222,10393,222,0,0,0,-1,0,1,0,0,0
04-16-20,Perry,6,1,6,1,0,0,6,1,39,0,45,1,0,0,1,3,0,3,0,0,0
04-16-20,Pickett,0,0,0,0,0,0,0,0,45,0,45,0,0,0,0,0,0,0,0,0,0
04-16-20,Polk,6,1,6,1,0,0,7,1,48,4,55,5,0,0,1,1,0,5,1,2,0
04-16-20,Putnam,91,0,91,0,0,0,116,5,939,15,1055,20,2,2,-3,12,1,77,0,2,3
04-16-20,Rhea,1,1,1,1,0,0,1,1,247,9,248,10,0,0,1,1,0,0,0,0,0
04-16-20,Roane,8,0,8,0,0,0,12,1,434,31,446,32,0,0,0,1,0,7,0,2,0
04-16-20,Robertson,94,2,94,2,0,0,93,2,783,26,876,28,0,0,1,20,1,74,0,17,1
04-16-20,Rutherford,300,8,300,8,0,0,300,14,2116,117,2416,131,0,6,-11,46,19,248,0,40,6
04-16-20,Scott,11,0,11,0,0,0,11,0,115,8,126,8,0,0,-2,3,2,8,0,0,0
04-16-20,Sequatchie,5,0,5,0,0,0,5,0,144,30,149,30,0,0,0,3,0,2,0,1,0
04-16-20,Sevier,26,0,26,0,0,0,26,0,583,49,609,49,0,0,0,4,0,22,0,5,1
04-16-20,Shelby,1649,157,1645,157,4,0,1743,212,8820,1128,10563,1340,2,33,85,571,70,1045,6,248,42
04-16-20,Smith,11,1,11,1,0,0,11,1,219,7,230,8,0,1,0,5,1,5,0,1,1
04-16-20,Stewart,4,1,4,1,0,0,3,0,111,8,114,8,0,0,1,-1,0,5,0,0,0
04-16-20,Sullivan,45,2,45,2,0,0,41,2,409,25,450,27,0,1,-1,11,3,33,1,6,1
04-16-20,Sumner,507,5,504,5,3,0,589,14,1841,68,2430,82,1,28,-11,77,15,402,1,176,31
04-16-20,Tipton,55,3,54,3,1,0,60,5,629,49,689,54,0,0,2,5,1,50,0,9,0
04-16-20,Trousdale,24,0,23,0,1,0,23,0,114,5,137,5,0,1,-1,10,1,13,0,6,1
04-16-20,Unicoi,1,0,1,0,0,0,1,0,57,4,58,4,0,0,0,0,0,1,0,0,0
04-16-20,Union,3,0,3,0,0,0,2,0,67,2,69,2,0,0,0,0,0,3,0,0,0
04-16-20,Van Buren,1,0,1,0,0,0,1,0,59,6,60,6,0,0,0,1,0,0,0,0,0
04-16-20,Warren,4,0,4,0,0,0,3,0,259,20,262,20,0,0,0,2,0,2,0,0,0
04-16-20,Washington,45,1,45,1,0,0,49,1,532,9,581,10,0,0,0,10,1,35,1,5,0
04-16-20,Wayne,2,0,2,0,0,0,3,0,86,2,89,2,0,0,0,0,0,2,0,1,0
04-16-20,Weakley,7,0,7,0,0,0,6,0,182,17,188,17,0,0,0,2,0,5,0,0,0
04-16-20,White,5,0,4,0,1,0,4,0,305,30,309,30,0,0,0,3,0,2,0,1,0
04-16-20,Williamson,326,4,326,4,0,0,338,6,2597,68,2935,74,0,5,-3,26,7,295,0,39,6
04-16-20,Wilson,169,3,169,3,0,0,171,4,1390,36,1561,40,0,1,-4,41,7,127,1,16,1
04-15-20,Anderson,13,0,13,0,0,0,15,0,514,16,529,16,0,1,-2,0,2,12,0,2,1
04-15-20,Bedford,38,10,38,10,0,0,36,8,296,13,332,21,0,2,7,22,3,14,1,6,2
04-15-20,Benton,4,0,4,0,0,0,4,0,93,6,97,6,0,0,0,0,0,4,0,1,1
04-15-20,Bledsoe,10,0,10,0,0,0,11,0,746,12,757,12,0,0,0,7,0,3,0,2,0
04-15-20,Blount,46,0,46,0,0,0,53,0,578,6,631,6,0,3,-1,2,1,41,0,5,3
04-15-20,Bradley,35,1,35,1,0,0,34,0,356,9,390,9,0,1,0,3,1,31,1,7,1
04-15-20,Campbell,12,0,12,0,0,0,12,1,157,1,169,2,1,1,-2,0,1,11,0,1,1
04-15-20,Cannon,6,0,6,0,0,0,8,1,125,5,133,6,0,0,0,3,0,3,0,1,0
04-15-20,Carroll,11,0,11,0,0,0,11,1,240,12,251,13,0,0,0,2,0,9,0,1,0
04-15-20,Carter,5,1,5,1,0,0,5,1,156,4,161,5,0,1,1,1,0,3,0,2,1
04-15-20,Cheatham,20,0,20,0,0,0,21,0,413,11,434,11,0,0,0,2,0,18,0,3,0
04-15-20,Chester,6,0,6,0,0,0,7,0,130,3,137,3,0,0,0,1,0,5,0,1,0
04-15-20,Claiborne,5,0,5,0,0,0,5,0,114,1,119,1,0,0,0,1,0,4,0,0,0
04-15-20,Clay,6,1,6,1,0,0,6,1,140,9,146,10,0,0,0,4,1,2,0,0,0
04-15-20,Cocke,9,2,9,2,0,0,8,2,91,4,99,6,0,0,2,5,0,4,0,1,0
04-15-20,Coffee,17,4,16,4,1,0,15,2,348,14,363,16,0,0,4,10,0,7,0,2,0
04-15-20,Crockett,0,0,0,0,0,0,0,0,79,2,79,2,0,0,0,0,0,0,0,0,0
04-15-20,Cumberland,55,3,55,3,0,0,61,4,880,59,941,63,0,0,1,17,2,38,1,8,0
04-15-20,Davidson,1410,75,1409,75,1,0,1460,83,13821,452,15281,535,1,19,26,348,48,1043,3,173,19
04-15-20,Decatur,3,0,3,0,0,0,3,0,74,1,77,1,0,0,0,1,0,2,0,0,0
04-15-20,Dekalb,10,0,10,0,0,0,11,1,254,18,265,19,0,0,0,4,0,6,0,0,0
04-15-20,Dickson,39,6,39,6,0,0,38,6,301,5,339,11,0,0,3,11,3,28,0,7,0
04-15-20,Dyer,25,2,25,2,0,0,23,1,289,34,312,35,0,0,2,11,0,14,0,4,0
04-15-20,Fayette,40,3,40,3,0,0,43,3,409,27,452,30,1,1,0,11,2,28,1,10,1
04-15-20,Fentress,3,0,3,0,0,0,3,0,122,8,125,8,0,0,0,0,0,3,0,0,0
04-15-20,Franklin,23,0,23,0,0,0,25,0,235,8,260,8,0,1,0,2,0,20,0,4,1
04-15-20,Gibson,22,0,22,0,0,0,24,1,351,10,375,11,0,0,0,2,0,20,0,3,0
04-15-20,Giles,5,1,5,1,0,0,4,0,141,5,145,5,0,0,1,1,0,4,0,0,0
04-15-20,Grainger,4,0,4,0,0,0,3,0,87,2,90,2,0,0,-1,0,1,4,0,1,0
04-15-20,Greene,28,0,28,0,0,0,24,1,259,22,283,23,0,2,0,0,0,26,0,6,2
04-15-20,Grundy,23,1,23,1,0,0,25,1,178,1,203,2,0,1,-1,5,2,17,0,9,1
04-15-20,Hamblen,7,1,7,1,0,0,6,0,241,7,247,7,0,1,1,3,0,3,1,3,1
04-15-20,Hamilton,110,1,110,1,0,0,121,1,1492,18,1613,19,0,11,-3,10,4,89,0,34,13
04-15-20,Hancock,0,0,0,0,0,0,0,0,18,0,18,0,0,0,0,0,0,0,0,0,0
04-15-20,Hardeman,9,0,9,0,0,0,10,0,158,10,168,10,0,0,-1,2,1,7,0,3,0
04-15-20,Hardin,4,1,4,1,0,0,2,1,272,34,274,35,0,0,0,1,1,3,0,0,0
04-15-20,Hawkins,26,1,26,1,0,0,27,1,206,10,233,11,0,2,0,6,1,18,0,5,2
04-15-20,Haywood,13,0,13,0,0,0,14,0,124,7,138,7,0,1,0,2,0,10,0,6,1
04-15-20,Henderson,2,0,2,0,0,0,2,0,195,5,197,5,0,0,0,-1,0,3,0,0,0
04-15-20,Henry,8,0,8,0,0,0,8,0,179,9,187,9,0,0,0,3,0,5,0,3,0
04-15-20,Hickman,2,0,2,0,0,0,2,0,119,1,121,1,0,0,0,0,0,2,0,1,0
04-15-20,Houston,5,0,5,0,0,0,5,0,97,0,102,0,0,0,0,0,0,5,0,3,0
04-15-20,Humphreys,4,0,4,0,0,0,3,0,118,4,121,4,0,0,0,0,0,4,0,0,0
04-15-20,Jackson,6,0,6,0,0,0,9,0,145,17,154,17,0,0,0,1,0,5,0,0,0
04-15-20,Jefferson,12,0,12,0,0,0,10,0,214,9,224,9,1,1,-1,2,0,9,0,0,0
04-15-20,Johnson,2,0,2,0,0,0,2,0,32,2,34,2,0,0,0,0,0,2,0,0,0
04-15-20,Knox,183,8,183,8,0,0,179,7,2469,62,2648,69,0,4,2,29,6,150,0,22,4
04-15-20,Lake,2,0,2,0,0,0,2,0,476,22,478,22,0,0,0,1,0,1,0,0,0
04-15-20,Lauderdale,12,0,12,0,0,0,12,0,146,12,158,12,0,0,0,5,0,7,0,3,0
04-15-20,Lawrence,14,0,14,0,0,0,12,0,291,7,303,7,0,0,0,5,0,9,0,3,0
04-15-20,Lewis,3,0,3,0,0,0,3,0,32,2,35,2,0,0,0,1,0,2,0,0,0
04-15-20,Lincoln,9,0,9,0,0,0,10,0,119,16,129,16,0,0,0,2,0,7,0,2,0
04-15-20,Loudon,18,1,18,1,0,0,17,1,275,9,292,10,0,0,1,2,0,16,0,2,0
04-15-20,Macon,30,0,30,0,0,0,36,1,434,31,470,32,1,3,-5,10,4,17,0,9,3
04-15-20,Madison,77,3,77,3,0,0,76,3,703,10,779,13,0,0,-5,33,8,44,0,10,0
04-15-20,Marion,28,0,27,0,1,0,31,0,137,4,168,4,0,1,-2,3,2,24,0,11,2
04-15-20,Marshall,12,3,12,3,0,0,11,2,206,4,217,6,0,1,3,4,0,7,0,3,1
04-15-20,Maury,33,0,33,0,0,0,34,0,661,15,695,15,0,0,-2,2,2,31,0,5,0
04-15-20,McMinn,5,0,5,0,0,0,5,0,381,27,386,27,0,0,0,1,0,4,0,1,0
04-15-20,McNairy,9,0,9,0,0,0,9,0,125,6,134,6,0,0,-1,1,1,8,0,1,0
04-15-20,Meigs,4,0,4,0,0,0,3,0,70,1,73,1,0,0,0,2,0,2,0,2,0
04-15-20,Monroe,9,0,9,0,0,0,9,0,208,4,217,4,0,0,-1,4,1,5,0,2,1
04-15-20,Montgomery,106,2,106,2,0,0,108,2,1376,54,1484,56,0,2,-1,21,3,83,0,15,2
04-15-20,Moore,1,0,1,0,0,0,1,1,41,0,42,1,0,0,0,1,0,0,0,0,0
04-15-20,Morgan,5,0,5,0,0,0,7,0,118,9,125,9,0,0,-1,0,1,5,0,0,0
04-15-20,Obion,9,0,9,0,0,0,8,0,141,7,149,7,0,1,-1,4,1,4,0,1,1
04-15-20,Out of State,116,2,116,2,0,0,124,2,9502,401,9626,403,0,1,0,16,2,99,1,10,0
04-15-20,Overton,7,0,7,0,0,0,7,0,364,34,371,34,0,0,0,2,0,5,0,1,0
04-15-20,Pending,0,0,0,0,0,0,0,0,10171,164,10171,164,0,0,0,-1,0,1,0,0,0
04-15-20,Perry,5,0,5,0,0,0,5,0,39,2,44,2,0,0,0,2,0,3,0,0,0
04-15-20,Pickett,0,0,0,0,0,0,0,0,45,5,45,5,0,0,0,0,0,0,0,0,0
04-15-20,Polk,5,0,5,0,0,0,6,0,44,0,50,0,0,0,-1,0,1,5,0,1,0
04-15-20,Putnam,91,2,91,2,0,0,111,4,924,134,1035,138,0,0,-1,15,3,76,0,2,3
04-15-20,Rhea,0,0,0,0,0,0,0,0,238,12,238,12,0,0,0,0,0,0,0,0,0
04-15-20,Roane,8,1,8,1,0,0,11,1,403,16,414,17,0,0,1,1,0,7,0,2,0
04-15-20,Robertson,92,1,92,1,0,0,91,1,757,25,848,26,0,0,-6,19,7,73,1,17,1
04-15-20,Rutherford,292,16,292,16,0,0,286,19,1999,65,2285,84,0,6,5,57,11,229,1,40,6
04-15-20,Scott,11,1,11,1,0,0,11,1,107,5,118,6,0,0,1,5,0,6,0,0,0
04-15-20,Sequatchie,5,0,5,0,0,0,5,0,114,11,119,11,0,0,0,3,0,2,0,1,0
04-15-20,Sevier,26,0,26,0,0,0,26,0,534,9,560,9,0,0,-1,4,1,22,0,5,1
04-15-20,Shelby,1492,77,1488,77,4,0,1531,75,7692,412,9223,487,5,31,5,486,67,975,5,242,40
04-15-20,Smith,10,1,10,1,0,0,10,1,212,20,222,21,1,1,-1,5,1,4,0,1,1
04-15-20,Stewart,3,0,3,0,0,0,3,0,103,4,106,4,0,0,0,-2,0,5,0,0,0
04-15-20,Sullivan,43,1,43,1,0,0,39,1,384,8,423,9,0,1,1,12,0,30,0,5,1
04-15-20,Sumner,502,16,499,16,3,0,575,24,1773,46,2348,70,0,27,6,88,10,387,0,175,30
04-15-20,Tipton,52,0,51,0,1,0,55,2,580,32,635,34,0,0,-3,3,3,49,0,9,0
04-15-20,Trousdale,24,1,23,1,1,0,23,1,109,15,132,16,0,1,1,11,0,12,0,6,1
04-15-20,Unicoi,1,0,1,0,0,0,1,0,53,0,54,0,0,0,0,0,0,1,0,0,0
04-15-20,Union,3,0,3,0,0,0,2,0,65,0,67,0,0,0,-1,0,1,3,0,0,0
04-15-20,Van Buren,1,0,1,0,0,0,1,0,53,8,54,8,0,0,0,1,0,0,0,0,0
04-15-20,Warren,4,0,4,0,0,0,3,0,239,7,242,7,0,0,0,2,0,2,0,0,0
04-15-20,Washington,44,1,44,1,0,0,48,2,523,24,571,26,0,0,-1,10,2,34,0,4,0
04-15-20,Wayne,2,0,2,0,0,0,3,0,84,3,87,3,0,0,0,0,0,2,0,1,0
04-15-20,Weakley,7,0,7,0,0,0,6,0,165,3,171,3,0,0,0,2,0,5,0,0,0
04-15-20,White,5,0,4,0,1,0,4,0,275,11,279,11,0,0,0,3,0,2,0,1,0
04-15-20,Williamson,322,3,322,3,0,0,332,6,2529,34,2861,40,0,5,-5,29,8,288,0,39,6
04-15-20,Wilson,166,9,166,9,0,0,167,8,1354,20,1521,28,0,1,-4,45,13,120,2,15,1
04-14-20,Anderson,13,0,13,0,0,0,15,0,498,12,513,12,0,1,0,2,0,10,0,2,1
04-14-20,Bedford,28,4,28,4,0,0,28,4,283,2,311,6,1,2,1,15,2,11,0,5,2
04-14-20,Benton,4,0,4,0,0,0,4,0,87,1,91,1,0,0,0,0,0,4,0,1,1
04-14-20,Bledsoe,10,2,10,2,0,0,11,3,734,4,745,7,0,0,2,7,0,3,0,2,0
04-14-20,Blount,46,1,46,1,0,0,53,3,572,24,625,27,0,3,-1,3,2,40,0,5,3
04-14-20,Bradley,34,1,34,1,0,0,34,3,347,2,381,5,1,1,-1,3,1,30,0,6,1
04-14-20,Campbell,12,0,12,0,0,0,11,0,156,3,167,3,0,0,-1,2,1,10,0,1,1
04-14-20,Cannon,6,0,6,0,0,0,7,0,120,0,127,0,0,0,0,3,0,3,0,1,0
04-14-20,Carroll,11,1,11,1,0,0,10,0,228,3,238,3,0,0,0,2,1,9,0,1,0
04-14-20,Carter,4,0,4,0,0,0,4,0,152,1,156,1,1,1,-1,0,0,3,0,2,1
04-14-20,Cheatham,20,0,20,0,0,0,21,0,402,2,423,2,0,0,-1,2,1,18,0,3,0
04-14-20,Chester,6,1,6,1,0,0,7,1,127,0,134,1,0,0,1,1,0,5,0,1,0
04-14-20,Claiborne,5,0,5,0,0,0,5,0,113,3,118,3,0,0,0,1,0,4,0,0,0
04-14-20,Clay,5,1,5,1,0,0,5,0,131,0,136,0,0,0,1,4,0,1,0,0,0
04-14-20,Cocke,7,0,7,0,0,0,6,0,87,0,93,0,0,0,-1,3,1,4,0,1,0
04-14-20,Coffee,13,1,12,1,1,0,13,1,334,2,347,3,0,0,-1,6,2,7,0,2,0
04-14-20,Crockett,0,0,0,0,0,0,0,0,77,2,77,2,0,0,0,0,0,0,0,0,0
04-14-20,Cumberland,52,0,52,0,0,0,57,0,821,2,878,2,0,0,-6,16,6,36,0,7,0
04-14-20,Davidson,1335,42,1334,42,1,0,1377,51,13369,204,14746,255,2,18,2,322,38,995,9,170,18
04-14-20,Decatur,3,0,3,0,0,0,3,0,73,0,76,0,0,0,0,1,0,2,0,0,0
04-14-20,Dekalb,10,0,10,0,0,0,10,0,236,0,246,0,0,0,0,4,0,6,0,0,0
04-14-20,Dickson,33,4,33,4,0,0,32,3,296,5,328,8,0,0,4,8,0,25,2,7,0
04-14-20,Dyer,23,0,23,0,0,0,22,0,255,5,277,5,0,0,0,9,0,14,0,4,0
04-14-20,Fayette,37,2,37,2,0,0,40,3,382,13,422,16,0,0,0,11,2,26,1,9,1
04-14-20,Fentress,3,0,3,0,0,0,3,0,114,0,117,0,0,0,-1,0,1,3,0,0,0
04-14-20,Franklin,23,0,23,0,0,0,25,0,227,1,252,1,0,1,0,2,0,20,0,4,1
04-14-20,Gibson,22,3,22,3,0,0,23,1,341,4,364,5,0,0,3,2,0,20,1,3,0
04-14-20,Giles,4,1,4,1,0,0,4,1,136,1,140,2,0,0,0,0,1,4,0,0,0
04-14-20,Grainger,4,0,4,0,0,0,3,0,85,4,88,4,0,0,0,1,0,3,0,1,0
04-14-20,Greene,28,1,28,1,0,0,23,0,237,0,260,0,1,2,-2,0,2,26,0,6,2
04-14-20,Grundy,22,0,22,0,0,0,24,1,177,0,201,1,1,1,-2,6,1,15,0,9,1
04-14-20,Hamblen,6,0,6,0,0,0,6,0,234,11,240,11,0,1,0,2,0,3,0,2,1
04-14-20,Hamilton,109,0,109,0,0,0,120,2,1474,31,1594,33,1,11,-2,13,1,85,0,34,13
04-14-20,Hancock,0,0,0,0,0,0,0,0,18,0,18,0,0,0,0,0,0,0,0,0,0
04-14-20,Hardeman,9,0,9,0,0,0,10,0,148,3,158,3,0,0,0,3,0,6,0,3,0
04-14-20,Hardin,3,1,3,1,0,0,1,0,238,0,239,0,0,0,1,1,0,2,0,0,0
04-14-20,Hawkins,25,1,25,1,0,0,26,2,196,5,222,7,0,2,1,6,0,17,0,5,2
04-14-20,Haywood,13,0,13,0,0,0,14,0,117,2,131,2,0,1,0,2,0,10,0,6,1
04-14-20,Henderson,2,0,2,0,0,0,2,0,190,2,192,2,0,0,0,-1,0,3,0,0,0
04-14-20,Henry,8,0,8,0,0,0,8,0,170,0,178,0,0,0,0,3,0,5,0,3,0
04-14-20,Hickman,2,0,2,0,0,0,2,0,118,1,120,1,0,0,-1,0,1,2,0,1,0
04-14-20,Houston,5,0,5,0,0,0,5,0,97,1,102,1,0,0,0,0,0,5,0,3,0
04-14-20,Humphreys,4,0,4,0,0,0,3,0,114,2,117,2,0,0,0,0,0,4,0,0,0
04-14-20,Jackson,6,0,6,0,0,0,9,0,128,0,137,0,0,0,-2,1,2,5,0,0,0
04-14-20,Jefferson,12,0,12,0,0,0,10,0,205,7,215,7,0,0,0,3,0,9,0,0,0
04-14-20,Johnson,2,0,2,0,0,0,2,0,30,0,32,0,0,0,0,0,0,2,0,0,0
04-14-20,Knox,175,4,175,4,0,0,172,5,2407,102,2579,107,0,4,1,27,3,144,1,22,4
04-14-20,Lake,2,0,2,0,0,0,2,0,454,1,456,1,0,0,0,1,0,1,0,0,0
04-14-20,Lauderdale,12,2,12,2,0,0,12,2,134,0,146,2,0,0,2,5,0,7,1,3,0
04-14-20,Lawrence,14,2,14,2,0,0,12,2,284,2,296,4,0,0,2,5,0,9,1,3,0
04-14-20,Lewis,3,0,3,0,0,0,3,0,30,0,33,0,0,0,0,1,0,2,0,0,0
04-14-20,Lincoln,9,0,9,0,0,0,10,0,103,0,113,0,0,0,-1,2,1,7,0,2,0
04-14-20,Loudon,17,0,17,0,0,0,16,0,266,6,282,6,0,0,-1,1,1,16,0,2,0
04-14-20,Macon,30,0,30,0,0,0,35,0,403,1,438,1,0,2,-1,15,1,13,0,9,3
04-14-20,Madison,74,2,74,2,0,0,73,6,693,20,766,26,0,0,-1,38,3,36,0,10,0
04-14-20,Marion,28,0,27,0,1,0,31,0,133,1,164,1,0,1,0,5,0,22,0,11,2
04-14-20,Marshall,9,1,9,1,0,0,9,1,202,4,211,5,0,1,0,1,1,7,0,3,1
04-14-20,Maury,33,0,33,0,0,0,34,0,646,5,680,5,0,0,0,4,0,29,0,5,0
04-14-20,McMinn,5,0,5,0,0,0,5,0,354,6,359,6,0,0,0,1,0,4,0,1,0
04-14-20,McNairy,9,0,9,0,0,0,9,0,119,0,128,0,0,0,0,2,0,7,0,1,0
04-14-20,Meigs,4,0,4,0,0,0,3,0,69,0,72,0,0,0,0,2,0,2,0,2,0
04-14-20,Monroe,9,0,9,0,0,0,9,0,204,3,213,3,0,0,0,5,0,4,0,2,0
04-14-20,Montgomery,104,2,104,2,0,0,106,4,1322,23,1428,27,0,2,-4,22,6,80,1,15,2
04-14-20,Moore,1,1,1,1,0,0,0,0,41,0,41,0,0,0,1,1,0,0,0,0,0
04-14-20,Morgan,5,0,5,0,0,0,7,0,109,1,116,1,0,0,0,1,0,4,0,0,0
04-14-20,Obion,9,0,9,0,0,0,8,0,134,2,142,2,0,1,-1,5,1,3,0,1,1
04-14-20,Out of State,114,2,114,2,0,0,122,3,9101,250,9223,253,0,1,1,16,1,97,1,9,0
04-14-20,Overton,7,1,7,1,0,0,7,1,330,0,337,1,0,0,0,2,1,5,0,1,0
04-14-20,Pending,0,0,0,0,0,0,0,0,10007,90,10007,90,0,0,0,-1,0,1,0,0,0
04-14-20,Perry,5,1,5,1,0,0,5,1,37,0,42,1,0,0,1,2,0,3,0,0,0
04-14-20,Pickett,0,0,0,0,0,0,0,0,40,0,40,0,0,0,0,0,0,0,0,0,0
04-14-20,Polk,5,0,5,0,0,0,6,0,44,0,50,0,0,0,0,1,0,4,0,1,0
04-14-20,Putnam,89,0,89,0,0,0,107,1,790,3,897,4,0,0,-23,16,23,73,0,2,3
04-14-20,Rhea,0,0,0,0,0,0,0,0,226,2,226,2,0,0,0,0,0,0,0,0,0
04-14-20,Roane,7,0,7,0,0,0,10,0,387,11,397,11,0,0,0,0,0,7,0,2,0
04-14-20,Robertson,91,4,91,4,0,0,90,4,732,9,822,13,0,0,2,25,2,66,0,16,1
04-14-20,Rutherford,276,8,276,8,0,0,267,8,1934,24,2201,32,0,6,-3,52,11,218,0,39,6
04-14-20,Scott,10,1,10,1,0,0,10,1,102,0,112,1,0,0,-1,4,2,6,0,0,0
04-14-20,Sequatchie,5,0,5,0,0,0,5,0,103,2,108,2,0,0,0,3,0,2,0,1,0
04-14-20,Sevier,26,0,26,0,0,0,26,0,525,22,551,22,0,0,0,5,0,21,0,5,1
04-14-20,Shelby,1415,63,1411,63,4,0,1456,68,7280,432,8736,500,5,26,1,481,57,908,10,237,38
04-14-20,Smith,9,0,9,0,0,0,9,0,192,1,201,1,0,0,0,6,0,3,0,1,1
04-14-20,Stewart,3,0,3,0,0,0,3,0,99,1,102,1,0,0,0,-2,0,5,0,0,0
04-14-20,Sullivan,42,0,42,0,0,0,38,0,376,14,414,14,0,1,-2,11,2,30,0,5,1
04-14-20,Sumner,486,5,483,5,3,0,551,14,1727,17,2278,31,1,27,-13,82,17,377,1,175,28
04-14-20,Tipton,52,1,51,1,1,0,53,2,548,16,601,18,0,0,-3,6,4,46,0,9,0
04-14-20,Trousdale,23,0,22,0,1,0,22,0,94,2,116,2,0,1,-1,10,1,12,0,6,1
04-14-20,Unicoi,1,0,1,0,0,0,1,0,53,0,54,0,0,0,0,0,0,1,0,0,0
04-14-20,Union,3,0,3,0,0,0,2,0,65,1,67,1,0,0,0,1,0,2,0,0,0
04-14-20,Van Buren,1,0,1,0,0,0,1,0,45,0,46,0,0,0,0,1,0,0,0,0,0
04-14-20,Warren,4,0,4,0,0,0,3,0,232,2,235,2,0,0,0,2,0,2,0,0,0
04-14-20,Washington,43,0,43,0,0,0,46,1,499,3,545,4,0,0,-2,11,2,32,0,4,0
04-14-20,Wayne,2,0,2,0,0,0,3,0,81,2,84,2,0,0,0,0,0,2,0,1,0
04-14-20,Weakley,7,0,7,0,0,0,6,0,162,1,168,1,0,0,-2,2,2,5,0,0,0
04-14-20,White,5,0,4,0,1,0,4,0,264,0,268,0,0,0,0,3,0,2,0,1,0
04-14-20,Williamson,319,5,319,5,0,0,326,6,2495,33,2821,39,1,5,0,34,4,280,0,39,6
04-14-20,Wilson,157,10,157,10,0,0,159,10,1334,15,1493,25,0,1,7,49,3,107,0,13,1
04-13-20,Anderson,13,1,13,1,0,0,15,1,486,40,501,41,0,1,0,2,1,10,0,2,1
04-13-20,Bedford,24,2,24,2,0,0,24,2,281,10,305,12,0,1,1,14,1,9,0,5,2
04-13-20,Benton,4,0,4,0,0,0,4,0,86,1,90,1,0,0,0,0,0,4,0,1,1
04-13-20,Bledsoe,8,3,8,3,0,0,8,3,730,10,738,13,0,0,3,5,0,3,1,2,0
04-13-20,Blount,45,0,45,0,0,0,50,1,548,55,598,56,0,3,0,4,0,38,0,5,3
04-13-20,Bradley,33,1,33,1,0,0,31,0,345,23,376,23,0,0,1,4,0,29,0,6,1
04-13-20,Campbell,12,0,12,0,0,0,11,0,153,15,164,15,0,0,-4,3,4,9,0,1,1
04-13-20,Cannon,6,0,6,0,0,0,7,0,120,5,127,5,0,0,0,3,0,3,0,1,0
04-13-20,Carroll,10,0,10,0,0,0,10,0,225,5,235,5,0,0,0,2,0,8,0,1,0
04-13-20,Carter,4,0,4,0,0,0,4,0,151,13,155,13,0,0,0,1,0,3,0,2,1
04-13-20,Cheatham,20,0,20,0,0,0,21,0,400,18,421,18,0,0,-2,3,2,17,0,3,0
04-13-20,Chester,5,0,5,0,0,0,6,0,127,7,133,7,0,0,0,0,0,5,0,1,0
04-13-20,Claiborne,5,1,5,1,0,0,5,1,110,9,115,10,0,0,0,1,1,4,0,0,0
04-13-20,Clay,4,0,4,0,0,0,5,1,131,0,136,1,0,0,0,3,0,1,0,0,0
04-13-20,Cocke,7,2,7,2,0,0,6,1,87,10,93,11,0,0,1,4,1,3,1,1,0
04-13-20,Coffee,12,0,11,0,1,0,12,1,332,19,344,20,0,0,0,7,0,5,0,2,0
04-13-20,Crockett,0,0,0,0,0,0,0,0,75,4,75,4,0,0,0,0,0,0,0,0,0
04-13-20,Cumberland,52,4,52,4,0,0,57,5,819,49,876,54,0,0,2,22,2,30,0,7,0
04-13-20,Davidson,1293,59,1292,58,1,1,1326,65,13165,478,14491,543,3,16,4,320,52,957,8,161,17
04-13-20,Decatur,3,0,3,0,0,0,3,0,73,6,76,6,0,0,-1,1,1,2,0,0,0
04-13-20,Dekalb,10,1,10,1,0,0,10,1,236,8,246,9,0,0,1,4,0,6,0,0,0
04-13-20,Dickson,29,0,29,0,0,0,29,1,291,8,320,9,0,0,-1,4,1,25,0,5,0
04-13-20,Dyer,23,1,23,1,0,0,22,1,250,17,272,18,0,0,-1,9,2,14,0,4,0
04-13-20,Fayette,35,4,35,4,0,0,37,4,369,22,406,26,0,0,2,11,2,24,1,8,0
04-13-20,Fentress,3,1,3,1,0,0,3,1,114,7,117,8,0,0,1,1,0,2,0,0,0
04-13-20,Franklin,23,1,23,1,0,0,25,1,226,5,251,6,0,1,1,2,0,20,0,4,1
04-13-20,Gibson,19,0,19,0,0,0,22,0,337,12,359,12,0,0,-1,-1,1,20,0,2,0
04-13-20,Giles,3,0,3,0,0,0,3,0,135,9,138,9,0,0,0,0,0,3,0,0,0
04-13-20,Grainger,4,0,4,0,0,0,3,0,81,5,84,5,0,0,0,1,0,3,0,1,0
04-13-20,Greene,27,1,27,1,0,0,23,1,237,44,260,45,0,1,1,2,0,24,0,6,2
04-13-20,Grundy,22,1,22,1,0,0,23,1,177,1,200,2,0,0,1,8,0,14,0,9,1
04-13-20,Hamblen,6,1,6,1,0,0,6,1,223,20,229,21,0,1,1,2,0,3,0,2,1
04-13-20,Hamilton,109,2,109,2,0,0,118,4,1443,111,1561,115,0,10,-2,15,4,84,1,34,13
04-13-20,Hancock,0,0,0,0,0,0,0,0,18,3,18,3,0,0,0,0,0,0,0,0,0
04-13-20,Hardeman,9,0,9,0,0,0,10,0,145,8,155,8,0,0,0,3,0,6,0,3,0
04-13-20,Hardin,2,0,2,0,0,0,1,0,238,8,239,8,0,0,0,0,0,2,0,0,0
04-13-20,Hawkins,24,1,24,1,0,0,24,3,191,26,215,29,0,2,-3,5,4,17,0,5,2
04-13-20,Haywood,13,0,13,0,0,0,14,1,115,9,129,10,0,1,0,2,0,10,0,6,1
04-13-20,Henderson,2,0,2,0,0,0,2,0,188,7,190,7,0,0,-1,-1,1,3,0,0,0
04-13-20,Henry,8,0,8,0,0,0,8,0,170,5,178,5,0,0,-1,3,1,5,0,3,0
04-13-20,Hickman,2,0,2,0,0,0,2,0,117,4,119,4,0,0,0,1,0,1,0,1,0
04-13-20,Houston,5,0,5,0,0,0,5,0,96,1,101,1,0,0,0,0,0,5,0,3,0
04-13-20,Humphreys,4,0,4,0,0,0,3,0,112,4,115,4,0,0,0,0,0,4,0,0,0
04-13-20,Jackson,6,0,6,0,0,0,9,2,128,4,137,6,0,0,-1,3,1,3,0,0,0
04-13-20,Jefferson,12,0,12,0,0,0,10,0,198,19,208,19,0,0,0,3,0,9,0,0,0
04-13-20,Johnson,2,0,2,0,0,0,2,0,30,2,32,2,0,0,0,0,0,2,0,0,0
04-13-20,Knox,171,4,171,4,0,0,167,8,2305,255,2472,263,0,4,-2,26,6,141,1,21,4
04-13-20,Lake,2,0,2,0,0,0,2,0,453,10,455,10,0,0,0,1,0,1,0,0,0
04-13-20,Lauderdale,10,2,10,2,0,0,10,2,134,4,144,6,0,0,1,3,1,7,1,2,0
04-13-20,Lawrence,12,1,12,1,0,0,10,1,282,8,292,9,0,0,1,3,0,9,1,2,0
04-13-20,Lewis,3,0,3,0,0,0,3,0,30,0,33,0,0,0,0,1,0,2,0,0,0
04-13-20,Lincoln,9,1,9,1,0,0,10,1,103,4,113,5,0,0,0,3,1,6,0,2,0
04-13-20,Loudon,17,0,17,0,0,0,16,1,260,21,276,22,0,0,-1,2,1,15,0,2,0
04-13-20,Macon,30,2,30,2,0,0,35,2,402,6,437,8,0,2,2,16,0,12,1,9,2
04-13-20,Madison,72,5,72,5,0,0,67,4,673,51,740,55,0,0,3,39,2,33,0,10,0
04-13-20,Marion,28,0,27,0,1,0,31,2,132,10,163,12,0,1,0,5,0,22,0,11,2
04-13-20,Marshall,8,0,8,0,0,0,8,0,198,5,206,5,0,1,0,1,0,6,0,3,1
04-13-20,Maury,33,0,33,0,0,0,34,1,641,9,675,10,0,0,-4,4,4,29,0,5,0
04-13-20,McMinn,5,1,5,1,0,0,5,1,348,41,353,42,0,0,1,1,0,4,0,1,0
04-13-20,McNairy,9,0,9,0,0,0,9,0,119,7,128,7,0,0,-1,2,1,7,0,1,0
04-13-20,Meigs,4,0,4,0,0,0,3,0,69,5,72,5,0,0,0,2,0,2,0,2,0
04-13-20,Monroe,9,1,9,1,0,0,9,1,201,13,210,14,0,0,1,5,0,4,1,2,0
04-13-20,Montgomery,102,2,102,2,0,0,102,3,1299,89,1401,92,0,2,-6,26,8,74,1,14,2
04-13-20,Moore,0,0,0,0,0,0,0,0,41,5,41,5,0,0,0,0,0,0,0,0,0
04-13-20,Morgan,5,0,5,0,0,0,7,0,108,6,115,6,0,0,-2,1,2,4,0,0,0
04-13-20,Obion,9,0,9,0,0,0,8,1,132,5,140,6,0,1,0,6,0,2,0,1,1
04-13-20,Out of State,112,3,112,3,0,0,119,2,8851,897,8970,899,0,1,3,15,0,96,0,8,0
04-13-20,Overton,6,1,6,1,0,0,6,1,330,21,336,22,0,0,1,2,0,4,0,1,0
04-13-20,Pending,0,0,0,0,0,0,0,0,9917,409,9917,409,0,0,0,-1,0,1,0,0,0
04-13-20,Perry,4,0,4,0,0,0,4,0,37,2,41,2,0,0,0,1,0,3,0,0,0
04-13-20,Pickett,0,0,0,0,0,0,0,0,40,6,40,6,0,0,0,0,0,0,0,0,0
04-13-20,Polk,5,0,5,0,0,0,6,0,44,2,50,2,0,0,0,1,0,4,0,1,0
04-13-20,Putnam,89,2,89,2,0,0,106,4,787,42,893,46,0,0,2,39,0,50,0,2,2
04-13-20,Rhea,0,0,0,0,0,0,0,0,224,26,224,26,0,0,0,0,0,0,0,0,0
04-13-20,Roane,7,0,7,0,0,0,10,0,376,37,386,37,0,0,-1,0,1,7,0,2,0
04-13-20,Robertson,87,5,87,5,0,0,86,5,723,33,809,38,0,0,1,23,4,64,1,16,1
04-13-20,Rutherford,268,8,268,8,0,0,259,8,1910,106,2169,114,0,6,-5,55,13,207,0,39,6
04-13-20,Scott,9,0,9,0,0,0,9,0,102,4,111,4,0,0,0,5,0,4,0,0,0
04-13-20,Sequatchie,5,1,5,1,0,0,5,1,101,22,106,23,0,0,1,3,0,2,0,1,0
04-13-20,Sevier,26,0,26,0,0,0,26,0,503,33,529,33,0,0,-1,5,1,21,0,5,0
04-13-20,Shelby,1352,65,1348,65,4,0,1388,85,6848,582,8236,667,1,21,7,480,57,851,12,227,36
04-13-20,Smith,9,0,9,0,0,0,9,0,191,10,200,10,0,0,0,6,0,3,0,1,0
04-13-20,Stewart,3,0,3,0,0,0,3,0,98,1,101,1,0,0,0,-2,0,5,0,0,0
04-13-20,Sullivan,42,4,42,4,0,0,38,4,362,36,400,40,0,1,2,13,2,28,1,5,1
04-13-20,Sumner,481,11,478,11,3,0,537,24,1710,79,2247,103,4,26,-7,95,14,360,3,174,27
04-13-20,Tipton,51,3,50,3,1,0,51,3,532,50,583,53,0,0,0,9,3,42,1,9,0
04-13-20,Trousdale,23,0,22,0,1,0,22,0,92,1,114,1,0,1,0,11,0,11,0,6,1
04-13-20,Unicoi,1,0,1,0,0,0,1,0,53,2,54,2,0,0,0,0,0,1,0,0,0
04-13-20,Union,3,0,3,0,0,0,2,0,64,9,66,9,0,0,0,1,0,2,0,0,0
04-13-20,Van Buren,1,0,1,0,0,0,1,0,45,2,46,2,0,0,0,1,0,0,0,0,0
04-13-20,Warren,4,0,4,0,0,0,3,0,230,26,233,26,0,0,0,2,0,2,0,0,0
04-13-20,Washington,43,2,43,2,0,0,45,3,496,39,541,42,0,0,1,13,1,30,1,4,0
04-13-20,Wayne,2,0,2,0,0,0,3,0,79,4,82,4,0,0,0,0,0,2,0,1,0
04-13-20,Weakley,7,0,7,0,0,0,6,0,161,14,167,14,0,0,-1,4,1,3,0,0,0
04-13-20,White,5,0,4,0,1,0,4,0,264,37,268,37,0,0,0,3,0,2,0,1,0
04-13-20,Williamson,314,1,314,1,0,0,320,1,2462,52,2782,53,0,4,-11,34,12,276,0,39,5
04-13-20,Wilson,147,5,147,5,0,0,149,5,1319,43,1468,48,0,1,4,42,1,104,1,13,1
04-12-20,Anderson,12,2,12,2,0,0,14,2,446,33,460,35,0,1,2,2,0,9,0,2,1
04-12-20,Bedford,22,1,22,1,0,0,22,1,271,26,293,27,0,1,-1,13,2,8,0,5,2
04-12-20,Benton,4,0,4,0,0,0,4,0,85,3,89,3,0,0,0,0,0,4,0,1,1
04-12-20,Bledsoe,5,2,5,2,0,0,5,2,720,677,725,679,0,0,2,2,0,3,0,1,0
04-12-20,Blount,45,0,45,0,0,0,49,0,493,8,542,8,0,3,-2,4,2,38,0,5,3
04-12-20,Bradley,32,1,32,1,0,0,31,1,322,25,353,26,0,0,0,3,1,29,0,6,1
04-12-20,Campbell,12,2,12,2,0,0,11,1,138,10,149,11,0,0,2,7,0,5,0,1,0
04-12-20,Cannon,6,0,6,0,0,0,7,0,115,6,122,6,0,0,0,3,0,3,0,1,0
04-12-20,Carroll,10,0,10,0,0,0,10,0,220,13,230,13,0,0,0,2,0,8,0,1,0
04-12-20,Carter,4,0,4,0,0,0,4,0,138,19,142,19,0,0,0,1,0,3,0,2,0
04-12-20,Cheatham,20,2,20,2,0,0,21,2,382,14,403,16,0,0,2,5,0,15,0,3,0
04-12-20,Chester,5,0,5,0,0,0,6,0,120,9,126,9,0,0,0,0,0,5,0,1,0
04-12-20,Claiborne,4,0,4,0,0,0,4,0,101,1,105,1,0,0,0,1,0,3,0,0,0
04-12-20,Clay,4,2,4,2,0,0,4,2,131,8,135,10,0,0,2,3,0,1,0,0,0
04-12-20,Cocke,5,1,5,1,0,0,5,1,77,5,82,6,0,0,1,3,0,2,0,0,0
04-12-20,Coffee,12,0,11,0,1,0,11,0,313,19,324,19,0,0,0,7,0,5,0,2,0
04-12-20,Crockett,0,0,0,0,0,0,0,0,71,5,71,5,0,0,0,0,0,0,0,0,0
04-12-20,Cumberland,48,5,48,5,0,0,52,4,770,74,822,78,0,0,5,20,0,28,0,7,0
04-12-20,Davidson,1234,35,1234,35,0,0,1261,38,12687,335,13948,373,0,13,12,316,23,905,5,153,15
04-12-20,Decatur,3,0,3,0,0,0,3,1,67,1,70,2,0,0,0,2,0,1,0,0,0
04-12-20,Dekalb,9,0,9,0,0,0,9,0,228,18,237,18,0,0,0,3,0,6,0,0,0
04-12-20,Dickson,29,0,29,0,0,0,28,0,283,6,311,6,0,0,-1,5,1,24,0,5,0
04-12-20,Dyer,22,3,22,3,0,0,21,3,233,31,254,34,0,0,2,10,1,12,0,4,0
04-12-20,Fayette,31,0,31,0,0,0,33,1,347,38,380,39,0,0,-1,9,1,22,0,7,0
04-12-20,Fentress,2,0,2,0,0,0,2,0,107,7,109,7,0,0,0,0,0,2,0,0,0
04-12-20,Franklin,22,0,22,0,0,0,24,1,221,19,245,20,0,1,-1,1,1,20,0,4,1
04-12-20,Gibson,19,1,19,1,0,0,22,2,325,34,347,36,0,0,-1,0,2,19,0,2,0
04-12-20,Giles,3,0,3,0,0,0,3,0,126,4,129,4,0,0,0,0,0,3,0,0,0
04-12-20,Grainger,4,0,4,0,0,0,3,0,76,7,79,7,0,0,0,1,0,3,0,1,0
04-12-20,Greene,26,0,26,0,0,0,22,1,193,24,215,25,0,1,0,1,0,24,0,6,2
04-12-20,Grundy,21,0,21,0,0,0,22,0,176,18,198,18,0,0,0,7,0,14,0,9,1
04-12-20,Hamblen,5,0,5,0,0,0,5,0,203,8,208,8,0,1,0,1,0,3,0,2,1
04-12-20,Hamilton,107,2,107,2,0,0,114,2,1332,37,1446,39,0,10,2,17,0,80,0,33,11
04-12-20,Hancock,0,0,0,0,0,0,0,0,15,0,15,0,0,0,0,0,0,0,0,0,0
04-12-20,Hardeman,9,0,9,0,0,0,10,0,137,14,147,14,0,0,0,3,0,6,0,3,0
04-12-20,Hardin,2,0,2,0,0,0,1,0,230,21,231,21,0,0,0,0,0,2,0,0,0
04-12-20,Hawkins,23,1,23,1,0,0,21,0,165,33,186,33,0,2,1,8,0,13,0,5,2
04-12-20,Haywood,13,0,13,0,0,0,13,0,106,18,119,18,0,1,0,2,0,10,0,6,1
04-12-20,Henderson,2,0,2,0,0,0,2,0,181,14,183,14,0,0,0,0,0,2,0,0,0
04-12-20,Henry,8,2,8,2,0,0,8,2,165,9,173,11,0,0,2,4,0,4,0,3,0
04-12-20,Hickman,2,0,2,0,0,0,2,0,113,5,115,5,0,0,0,1,0,1,0,1,0
04-12-20,Houston,5,0,5,0,0,0,5,0,95,5,100,5,0,0,0,0,0,5,0,3,0
04-12-20,Humphreys,4,0,4,0,0,0,3,0,108,7,111,7,0,0,0,0,0,4,0,0,0
04-12-20,Jackson,6,1,6,1,0,0,7,1,124,12,131,13,0,0,1,4,0,2,0,0,0
04-12-20,Jefferson,12,0,12,0,0,0,10,0,179,13,189,13,0,0,-1,3,1,9,0,0,0
04-12-20,Johnson,2,0,2,0,0,0,2,0,28,1,30,1,0,0,0,0,0,2,0,0,0
04-12-20,Knox,167,5,167,5,0,0,159,6,2050,131,2209,137,0,4,1,28,4,135,0,20,4
04-12-20,Lake,2,2,2,2,0,0,2,2,443,418,445,420,0,0,1,1,1,1,0,0,0
04-12-20,Lauderdale,8,0,8,0,0,0,8,0,130,9,138,9,0,0,0,2,0,6,0,1,0
04-12-20,Lawrence,11,0,11,0,0,0,9,2,274,28,283,30,0,0,0,2,0,9,0,1,0
04-12-20,Lewis,3,0,3,0,0,0,3,0,30,2,33,2,0,0,0,1,0,2,0,0,0
04-12-20,Lincoln,8,0,8,0,0,0,9,0,99,9,108,9,0,0,0,3,0,5,0,2,0
04-12-20,Loudon,17,0,17,0,0,0,15,0,239,8,254,8,0,0,0,3,0,14,0,2,0
04-12-20,Macon,28,3,28,3,0,0,33,4,396,53,429,57,0,2,3,14,0,12,1,8,2
04-12-20,Madison,67,5,67,5,0,0,63,6,622,55,685,61,0,0,0,36,5,31,0,10,0
04-12-20,Marion,28,1,27,1,1,0,29,1,122,13,151,14,0,1,0,5,1,22,0,11,2
04-12-20,Marshall,8,0,8,0,0,0,8,0,193,13,201,13,0,1,-1,1,1,6,0,3,1
04-12-20,Maury,33,1,33,1,0,0,33,0,632,24,665,24,0,0,1,8,0,25,0,5,0
04-12-20,McMinn,4,0,4,0,0,0,4,0,307,20,311,20,0,0,0,0,0,4,0,1,0
04-12-20,McNairy,9,0,9,0,0,0,9,0,112,3,121,3,0,0,0,3,0,6,0,1,0
04-12-20,Meigs,4,0,4,0,0,0,3,0,64,2,67,2,0,0,0,2,0,2,0,2,0
04-12-20,Monroe,8,0,8,0,0,0,8,0,188,12,196,12,0,0,0,4,0,4,0,1,0
04-12-20,Montgomery,100,6,100,6,0,0,99,6,1210,37,1309,43,0,2,5,32,1,66,0,13,2
04-12-20,Moore,0,0,0,0,0,0,0,0,36,3,36,3,0,0,0,0,0,0,0,0,0
04-12-20,Morgan,5,0,5,0,0,0,7,0,102,7,109,7,0,0,0,3,0,2,0,0,0
04-12-20,Obion,9,2,9,2,0,0,7,1,127,11,134,12,0,1,2,6,0,2,0,1,1
04-12-20,Out of State,109,0,109,0,0,0,117,0,7954,464,8071,464,0,1,-1,12,1,96,0,8,0
04-12-20,Overton,5,0,5,0,0,0,5,0,309,32,314,32,0,0,0,1,0,4,0,1,0
04-12-20,Pending,0,0,0,0,0,0,0,0,9508,251,9508,251,0,0,0,-1,0,1,0,0,0
04-12-20,Perry,4,1,4,1,0,0,4,1,35,1,39,2,0,0,1,1,0,3,0,0,0
04-12-20,Pickett,0,0,0,0,0,0,0,0,34,4,34,4,0,0,0,0,0,0,0,0,0
04-12-20,Polk,5,0,5,0,0,0,6,0,42,5,48,5,0,0,-1,1,1,4,0,1,0
04-12-20,Putnam,87,1,87,1,0,0,102,1,745,53,847,54,0,0,1,37,0,50,0,2,2
04-12-20,Rhea,0,0,0,0,0,0,0,0,198,28,198,28,0,0,0,0,0,0,0,0,0
04-12-20,Roane,7,0,7,0,0,0,10,1,339,38,349,39,0,0,-1,1,1,6,0,2,0
04-12-20,Robertson,82,1,82,1,0,0,81,1,690,38,771,39,0,0,-1,22,2,60,0,15,1
04-12-20,Rutherford,260,10,260,10,0,0,251,11,1804,59,2055,70,0,6,-4,60,14,194,1,39,6
04-12-20,Scott,9,1,9,1,0,0,9,1,98,10,107,11,0,0,1,5,0,4,0,0,0
04-12-20,Sequatchie,4,2,4,2,0,0,4,2,79,21,83,23,0,0,2,2,0,2,0,1,0
04-12-20,Sevier,26,3,26,3,0,0,26,3,470,24,496,27,0,0,2,6,1,20,0,5,0
04-12-20,Shelby,1287,84,1283,83,4,1,1303,82,6266,716,7569,798,0,20,39,473,45,794,19,215,34
04-12-20,Smith,9,0,9,0,0,0,9,0,181,10,190,10,0,0,0,6,0,3,0,1,0
04-12-20,Stewart,3,0,3,0,0,0,3,0,97,2,100,2,0,0,0,-2,0,5,0,0,0
04-12-20,Sullivan,38,1,38,1,0,0,34,1,326,37,360,38,0,1,1,11,0,26,0,4,1
04-12-20,Sumner,470,15,467,15,3,0,513,16,1631,43,2144,59,0,22,0,102,15,346,4,171,27
04-12-20,Tipton,48,1,47,1,1,0,48,1,482,55,530,56,0,0,-1,9,2,39,0,8,0
04-12-20,Trousdale,23,1,22,1,1,0,22,1,91,6,113,7,0,1,-1,11,2,11,0,6,1
04-12-20,Unicoi,1,0,1,0,0,0,1,0,51,7,52,7,0,0,0,0,0,1,0,0,0
04-12-20,Union,3,0,3,0,0,0,2,0,55,3,57,3,0,0,0,1,0,2,0,0,0
04-12-20,Van Buren,1,1,1,1,0,0,1,1,43,8,44,9,0,0,1,1,0,0,0,0,0
04-12-20,Warren,4,0,4,0,0,0,3,0,204,20,207,20,0,0,0,2,0,2,0,0,0
04-12-20,Washington,41,3,41,3,0,0,42,5,457,45,499,50,0,0,3,12,0,29,1,3,0
04-12-20,Wayne,2,0,2,0,0,0,3,0,75,9,78,9,0,0,0,0,0,2,0,1,0
04-12-20,Weakley,7,1,7,1,0,0,6,1,147,5,153,6,0,0,1,5,0,2,0,0,0
04-12-20,White,5,2,4,1,1,1,4,1,227,28,231,29,0,0,2,3,0,2,0,1,0
04-12-20,Williamson,313,2,313,2,0,0,319,2,2410,48,2729,50,0,4,-3,45,5,264,1,39,5
04-12-20,Wilson,142,6,142,6,0,0,144,6,1276,23,1420,29,0,1,1,38,5,103,0,12,1
04-11-20,Anderson,10,0,10,0,0,0,12,0,413,75,425,75,0,1,0,0,0,9,0,2,1
04-11-20,Bedford,21,3,21,3,0,0,21,3,245,30,266,33,0,1,2,14,1,6,0,5,1
04-11-20,Benton,4,0,4,0,0,0,4,0,82,6,86,6,0,0,0,0,0,4,0,1,1
04-11-20,Bledsoe,3,0,3,0,0,0,3,0,43,5,46,5,0,0,0,0,0,3,0,1,0
04-11-20,Blount,45,0,45,0,0,0,49,4,485,48,534,52,0,3,-2,6,2,36,0,5,3
04-11-20,Bradley,31,0,31,0,0,0,30,0,297,29,327,29,0,0,-1,3,1,28,0,6,0
04-11-20,Campbell,10,0,10,0,0,0,10,0,128,10,138,10,0,0,0,5,0,5,0,1,0
04-11-20,Cannon,6,0,6,0,0,0,7,0,109,8,116,8,0,0,0,3,0,3,0,1,0
04-11-20,Carroll,10,1,10,1,0,0,10,1,207,18,217,19,0,0,0,2,1,8,1,1,0
04-11-20,Carter,4,0,4,0,0,0,4,0,119,12,123,12,0,0,0,1,0,3,0,2,0
04-11-20,Cheatham,18,1,18,1,0,0,19,0,368,25,387,25,0,0,1,3,0,15,0,3,0
04-11-20,Chester,5,0,5,0,0,0,6,0,111,12,117,12,0,0,0,0,0,5,0,1,0
04-11-20,Claiborne,4,1,4,1,0,0,4,2,100,12,104,14,0,0,1,1,0,3,0,0,0
04-11-20,Clay,2,0,2,0,0,0,2,0,123,5,125,5,0,0,0,1,0,1,0,0,0
04-11-20,Cocke,4,1,4,1,0,0,4,1,72,6,76,7,0,0,1,2,0,2,0,0,0
04-11-20,Coffee,12,1,11,1,1,0,11,0,294,32,305,32,0,0,1,7,0,5,0,2,0
04-11-20,Crockett,0,0,0,0,0,0,0,0,66,3,66,3,0,0,0,0,0,0,0,0,0
04-11-20,Cumberland,43,3,43,3,0,0,48,4,696,51,744,55,0,0,3,15,0,28,0,7,0
04-11-20,Davidson,1199,76,1199,76,0,0,1223,80,12352,717,13575,797,0,13,42,304,34,882,10,148,14
04-11-20,Decatur,3,1,3,1,0,0,2,0,66,8,68,8,0,0,1,2,0,1,0,0,0
04-11-20,Dekalb,9,0,9,0,0,0,9,0,210,18,219,18,0,0,0,3,0,6,0,0,0
04-11-20,Dickson,29,1,29,1,0,0,28,1,277,10,305,11,0,0,1,6,0,23,0,5,0
04-11-20,Dyer,19,3,19,3,0,0,18,3,202,29,220,32,0,0,1,8,2,11,1,4,0
04-11-20,Fayette,31,0,31,0,0,0,32,1,309,36,341,37,0,0,0,10,0,21,0,7,0
04-11-20,Fentress,2,0,2,0,0,0,2,0,100,6,102,6,0,0,0,0,0,2,0,0,0
04-11-20,Franklin,22,3,22,3,0,0,23,6,202,32,225,38,0,1,0,2,3,19,0,4,1
04-11-20,Gibson,18,1,18,1,0,0,20,2,291,19,311,21,0,0,-2,1,3,17,1,2,0
04-11-20,Giles,3,0,3,0,0,0,3,0,122,9,125,9,0,0,0,0,0,3,0,0,0
04-11-20,Grainger,4,0,4,0,0,0,3,1,69,13,72,14,0,0,0,1,0,3,0,1,0
04-11-20,Greene,26,0,26,0,0,0,21,1,169,28,190,29,0,1,-1,1,1,24,0,6,2
04-11-20,Grundy,21,1,21,1,0,0,22,4,158,53,180,57,0,0,-2,7,3,14,0,9,1
04-11-20,Hamblen,5,1,5,1,0,0,5,1,195,32,200,33,0,1,1,1,0,3,0,2,1
04-11-20,Hamilton,105,3,105,3,0,0,112,9,1295,94,1407,103,0,10,-4,15,7,80,1,33,11
04-11-20,Hancock,0,0,0,0,0,0,0,0,15,2,15,2,0,0,0,0,0,0,0,0,0
04-11-20,Hardeman,9,1,9,1,0,0,10,2,123,13,133,15,0,0,1,3,0,6,0,3,0
04-11-20,Hardin,2,0,2,0,0,0,1,0,209,11,210,11,0,0,0,0,0,2,0,0,0
04-11-20,Hawkins,22,0,22,0,0,0,21,0,132,23,153,23,1,2,-1,7,0,13,0,5,2
04-11-20,Haywood,13,0,13,0,0,0,13,1,88,7,101,8,0,1,0,2,0,10,0,6,1
04-11-20,Henderson,2,0,2,0,0,0,2,0,167,18,169,18,0,0,0,0,0,2,0,0,0
04-11-20,Henry,6,0,6,0,0,0,6,0,156,11,162,11,0,0,-1,2,1,4,0,3,0
04-11-20,Hickman,2,0,2,0,0,0,2,0,108,5,110,5,0,0,0,1,0,1,0,1,0
04-11-20,Houston,5,0,5,0,0,0,5,0,90,6,95,6,0,0,-1,0,1,5,0,3,0
04-11-20,Humphreys,4,0,4,0,0,0,3,0,101,10,104,10,0,0,0,0,0,4,0,0,0
04-11-20,Jackson,5,0,5,0,0,0,6,0,112,5,118,5,0,0,0,3,0,2,0,0,0
04-11-20,Jefferson,12,0,12,0,0,0,10,0,166,21,176,21,0,0,0,4,0,8,0,0,0
04-11-20,Johnson,2,0,2,0,0,0,2,0,27,4,29,4,0,0,0,0,0,2,0,0,0
04-11-20,Knox,162,5,162,5,0,0,153,9,1919,319,2072,328,1,4,-4,27,8,131,1,20,4
04-11-20,Lake,0,0,0,0,0,0,0,0,25,3,25,3,0,0,0,0,0,0,0,0,0
04-11-20,Lauderdale,8,0,8,0,0,0,8,1,121,12,129,13,0,0,-2,2,2,6,0,1,0
04-11-20,Lawrence,11,0,11,0,0,0,7,1,246,19,253,20,0,0,-1,2,1,9,0,1,0
04-11-20,Lewis,3,0,3,0,0,0,3,1,28,2,31,3,0,0,0,1,0,2,0,0,0
04-11-20,Lincoln,8,0,8,0,0,0,9,0,90,2,99,2,0,0,0,3,0,5,0,2,0
04-11-20,Loudon,17,1,17,1,0,0,15,2,231,36,246,38,0,0,1,3,0,14,0,2,0
04-11-20,Macon,25,1,25,1,0,0,29,3,343,10,372,13,0,2,-1,11,2,12,0,7,2
04-11-20,Madison,62,5,62,5,0,0,57,5,567,75,624,80,0,0,1,36,4,26,1,10,0
04-11-20,Marion,27,2,26,2,1,0,28,4,109,20,137,24,0,1,1,5,1,21,0,11,2
04-11-20,Marshall,8,0,8,0,0,0,8,0,180,6,188,6,0,1,0,2,0,5,0,3,1
04-11-20,Maury,32,1,32,1,0,0,33,2,608,19,641,21,0,0,0,7,1,25,0,5,0
04-11-20,McMinn,4,0,4,0,0,0,4,0,287,13,291,13,0,0,-1,0,1,4,0,1,0
04-11-20,McNairy,9,0,9,0,0,0,9,0,109,7,118,7,0,0,0,3,0,6,0,1,0
04-11-20,Meigs,4,1,4,1,0,0,3,0,62,5,65,5,0,0,1,2,0,2,0,2,0
04-11-20,Monroe,8,0,8,0,0,0,8,1,176,20,184,21,0,0,0,4,0,4,0,1,0
04-11-20,Montgomery,94,10,94,10,0,0,93,10,1173,110,1266,120,0,2,8,27,2,65,1,13,2
04-11-20,Moore,0,0,0,0,0,0,0,0,33,3,33,3,0,0,0,0,0,0,0,0,0
04-11-20,Morgan,5,0,5,0,0,0,7,0,95,12,102,12,0,0,0,3,0,2,0,0,0
04-11-20,Obion,7,0,7,0,0,0,6,0,116,11,122,11,0,1,0,4,0,2,0,1,1
04-11-20,Out of State,109,3,109,3,0,0,117,3,7490,641,7607,644,0,1,1,13,2,95,0,8,0
04-11-20,Overton,5,0,5,0,0,0,5,0,277,62,282,62,0,0,-1,1,1,4,0,1,0
04-11-20,Pending,0,0,0,0,0,0,0,0,9257,300,9257,300,0,0,0,-1,0,1,0,0,0
04-11-20,Perry,3,0,3,0,0,0,3,0,34,2,37,2,0,0,0,0,0,3,0,0,0
04-11-20,Pickett,0,0,0,0,0,0,0,0,30,3,30,3,0,0,0,0,0,0,0,0,0
04-11-20,Polk,5,1,5,1,0,0,6,1,37,0,43,1,0,0,0,2,1,3,1,1,0
04-11-20,Putnam,86,1,86,1,0,0,101,4,692,61,793,65,0,0,-4,36,5,50,0,2,2
04-11-20,Rhea,0,0,0,0,0,0,0,0,170,12,170,12,0,0,0,0,0,0,0,0,0
04-11-20,Roane,7,1,7,1,0,0,9,1,301,52,310,53,0,0,0,2,1,5,0,2,0
04-11-20,Robertson,81,4,81,4,0,0,80,10,652,49,732,59,0,0,-1,23,5,58,0,15,1
04-11-20,Rutherford,250,11,250,11,0,0,240,18,1745,124,1985,142,0,6,2,64,9,180,1,38,6
04-11-20,Scott,8,0,8,0,0,0,8,0,88,8,96,8,0,0,0,4,0,4,0,0,0
04-11-20,Sequatchie,2,0,2,0,0,0,2,0,58,6,60,6,0,0,0,0,0,2,0,1,0
04-11-20,Sevier,23,1,23,1,0,0,23,2,446,56,469,58,0,0,1,4,0,19,1,5,0
04-11-20,Shelby,1203,93,1200,93,3,0,1221,118,5550,593,6771,711,0,20,47,434,46,749,18,196,33
04-11-20,Smith,9,3,9,3,0,0,9,3,171,11,180,14,0,0,3,6,0,3,0,1,0
04-11-20,Stewart,3,1,3,1,0,0,3,1,95,12,98,13,0,0,1,-2,0,5,0,0,0
04-11-20,Sullivan,37,1,37,1,0,0,33,1,289,32,322,33,0,1,-1,10,2,26,0,4,1
04-11-20,Sumner,455,21,452,21,3,0,497,36,1588,87,2085,123,1,22,-64,102,84,331,1,167,23
04-11-20,Tipton,47,4,46,4,1,0,47,4,427,39,474,43,0,0,3,10,1,37,0,8,0
04-11-20,Trousdale,22,4,21,4,1,0,21,4,85,7,106,11,0,1,1,12,3,9,0,6,1
04-11-20,Unicoi,1,0,1,0,0,0,1,0,44,4,45,4,0,0,0,0,0,1,0,0,0
04-11-20,Union,3,0,3,0,0,0,2,0,52,7,54,7,0,0,0,1,0,2,0,0,0
04-11-20,Van Buren,0,0,0,0,0,0,0,0,35,0,35,0,0,0,0,0,0,0,0,0,0
04-11-20,Warren,4,1,4,1,0,0,3,1,184,5,187,6,0,0,1,2,0,2,0,0,0
04-11-20,Washington,38,2,38,2,0,0,37,3,412,25,449,28,0,0,0,9,2,29,1,2,0
04-11-20,Wayne,2,0,2,0,0,0,3,0,66,4,69,4,0,0,0,0,0,2,0,1,0
04-11-20,Weakley,6,0,6,0,0,0,5,0,142,13,147,13,0,0,-1,4,1,2,0,0,0
04-11-20,White,3,0,3,0,0,0,3,0,199,21,202,21,0,0,0,1,0,2,0,1,0
04-11-20,Williamson,311,8,311,8,0,0,317,9,2362,86,2679,95,0,4,0,48,8,259,2,38,5
04-11-20,Wilson,136,4,136,4,0,0,138,4,1253,58,1391,62,0,1,-6,37,10,98,0,12,1
04-10-20,Anderson,10,0,10,0,0,0,12,0,338,18,350,18,0,1,0,0,0,9,0,2,1
04-10-20,Bedford,18,3,18,3,0,0,18,3,215,22,233,25,1,1,1,12,1,5,1,5,1
04-10-20,Benton,4,0,4,0,0,0,4,0,76,5,80,5,0,0,0,0,0,4,0,1,1
04-10-20,Bledsoe,3,0,3,0,0,0,3,0,38,0,41,0,0,0,0,0,0,3,0,1,0
04-10-20,Blount,45,1,45,1,0,0,45,2,437,33,482,35,0,3,-2,8,3,34,0,5,3
04-10-20,Bradley,31,1,31,1,0,0,30,1,268,12,298,13,0,0,-1,4,2,27,0,6,0
04-10-20,Campbell,10,0,10,0,0,0,10,1,118,8,128,9,0,0,0,5,0,5,0,1,0
04-10-20,Cannon,6,0,6,0,0,0,7,0,101,10,108,10,0,0,0,3,0,3,0,1,0
04-10-20,Carroll,9,0,9,0,0,0,9,0,189,14,198,14,0,0,0,2,0,7,0,0,0
04-10-20,Carter,4,0,4,0,0,0,4,0,107,1,111,1,0,0,0,1,0,3,0,2,0
04-10-20,Cheatham,17,0,17,0,0,0,19,0,343,17,362,17,0,0,-1,2,1,15,0,3,0
04-10-20,Chester,5,0,5,0,0,0,6,0,99,6,105,6,0,0,0,0,0,5,0,1,0
04-10-20,Claiborne,3,0,3,0,0,0,2,0,88,7,90,7,0,0,0,0,0,3,0,0,0
04-10-20,Clay,2,0,2,0,0,0,2,0,118,12,120,12,0,0,0,1,0,1,0,0,0
04-10-20,Cocke,3,0,3,0,0,0,3,0,66,1,69,1,0,0,0,1,0,2,0,0,0
04-10-20,Coffee,11,0,10,0,1,0,11,0,262,16,273,16,0,0,0,6,0,5,0,2,0
04-10-20,Crockett,0,0,0,0,0,0,0,0,63,2,63,2,0,0,0,0,0,0,0,0,0
04-10-20,Cumberland,40,1,40,1,0,0,44,2,645,4,689,6,0,0,-1,12,2,28,1,7,0
04-10-20,Davidson,1123,28,1123,28,0,0,1143,30,11635,300,12778,330,0,13,-17,262,45,848,4,138,13
04-10-20,Decatur,2,0,2,0,0,0,2,0,58,3,60,3,0,0,0,1,0,1,0,0,0
04-10-20,Dekalb,9,2,9,2,0,0,9,2,192,29,201,31,0,0,2,3,0,6,0,0,0
04-10-20,Dickson,28,0,28,0,0,0,27,0,267,16,294,16,0,0,-3,5,3,23,0,5,0
04-10-20,Dyer,16,2,16,2,0,0,15,2,173,18,188,20,0,0,2,7,0,9,0,3,0
04-10-20,Fayette,31,1,31,1,0,0,31,1,273,22,304,23,0,0,0,10,1,21,0,7,0
04-10-20,Fentress,2,0,2,0,0,0,2,0,94,0,96,0,0,0,-1,0,1,2,0,0,0
04-10-20,Franklin,19,3,19,3,0,0,17,1,170,13,187,14,0,1,2,2,1,16,0,4,1
04-10-20,Gibson,17,2,17,2,0,0,18,1,272,20,290,21,0,0,1,3,1,14,0,1,0
04-10-20,Giles,3,0,3,0,0,0,3,0,113,2,116,2,0,0,0,0,0,3,0,0,0
04-10-20,Grainger,4,1,4,1,0,0,2,0,56,0,58,0,0,0,1,1,0,3,0,1,0
04-10-20,Greene,26,3,26,3,0,0,20,1,141,0,161,1,0,1,-2,2,5,23,1,6,1
04-10-20,Grundy,20,2,20,2,0,0,18,0,105,29,123,29,0,0,2,9,0,11,0,9,0
04-10-20,Hamblen,4,0,4,0,0,0,4,0,163,6,167,6,0,1,0,0,0,3,0,2,1
04-10-20,Hamilton,102,3,102,3,0,0,103,1,1201,39,1304,40,0,10,0,19,3,73,2,32,11
04-10-20,Hancock,0,0,0,0,0,0,0,0,13,0,13,0,0,0,0,0,0,0,0,0,0
04-10-20,Hardeman,8,0,8,0,0,0,8,1,110,4,118,5,0,0,-2,2,2,6,0,3,0
04-10-20,Hardin,2,0,2,0,0,0,1,0,198,12,199,12,0,0,0,0,0,2,0,0,0
04-10-20,Hawkins,22,0,22,0,0,0,21,0,109,1,130,1,0,1,-2,8,2,13,0,5,1
04-10-20,Haywood,13,0,13,0,0,0,12,0,81,9,93,9,0,1,-1,2,1,10,0,6,1
04-10-20,Henderson,2,0,2,0,0,0,2,0,149,9,151,9,0,0,0,0,0,2,0,0,0
04-10-20,Henry,6,0,6,0,0,0,6,0,145,4,151,4,0,0,0,3,0,3,0,3,0
04-10-20,Hickman,2,0,2,0,0,0,2,0,103,6,105,6,0,0,0,1,0,1,0,1,0
04-10-20,Houston,5,1,5,1,0,0,5,1,84,1,89,2,0,0,1,1,0,4,0,3,0
04-10-20,Humphreys,4,0,4,0,0,0,3,0,91,6,94,6,0,0,-1,0,1,4,0,0,0
04-10-20,Jackson,5,0,5,0,0,0,6,0,107,18,113,18,0,0,0,3,0,2,0,0,0
04-10-20,Jefferson,12,0,12,0,0,0,10,0,145,9,155,9,0,0,0,4,0,8,0,0,0
04-10-20,Johnson,2,0,2,0,0,0,2,0,23,0,25,0,0,0,0,0,0,2,0,0,0
04-10-20,Knox,157,4,157,4,0,0,144,6,1600,124,1744,130,0,3,0,31,4,123,0,19,4
04-10-20,Lake,0,0,0,0,0,0,0,0,22,0,22,0,0,0,0,0,0,0,0,0,0
04-10-20,Lauderdale,8,1,8,1,0,0,7,1,109,6,116,7,0,0,0,4,1,4,0,1,0
04-10-20,Lawrence,11,0,11,0,0,0,6,0,227,18,233,18,0,0,0,3,0,8,0,1,0
04-10-20,Lewis,3,0,3,0,0,0,2,0,26,2,28,2,0,0,0,1,0,2,0,0,0
04-10-20,Lincoln,8,0,8,0,0,0,9,0,88,4,97,4,0,0,0,3,0,5,0,2,0
04-10-20,Loudon,16,0,16,0,0,0,13,0,195,8,208,8,0,0,0,2,0,14,0,2,0
04-10-20,Macon,24,4,24,4,0,0,26,4,333,70,359,74,1,2,2,12,1,10,0,7,2
04-10-20,Madison,57,2,57,2,0,0,52,2,492,16,544,18,0,0,-1,35,3,22,0,9,0
04-10-20,Marion,25,1,24,1,1,0,24,0,89,7,113,7,0,1,-2,4,3,20,0,11,2
04-10-20,Marshall,8,0,8,0,0,0,8,0,174,9,182,9,0,1,-1,2,1,5,0,3,1
04-10-20,Maury,31,0,31,0,0,0,31,0,589,22,620,22,0,0,-1,7,1,24,0,5,0
04-10-20,McMinn,4,0,4,0,0,0,4,0,274,9,278,9,0,0,0,1,0,3,0,1,0
04-10-20,McNairy,9,0,9,0,0,0,9,0,102,4,111,4,0,0,0,3,0,6,0,1,0
04-10-20,Meigs,3,0,3,0,0,0,3,0,57,0,60,0,0,0,-1,1,1,2,0,2,0
04-10-20,Monroe,8,1,8,1,0,0,7,0,156,8,163,8,0,0,1,4,0,4,0,1,0
04-10-20,Montgomery,84,1,84,1,0,0,83,1,1063,12,1146,13,0,2,-3,19,4,63,0,12,2
04-10-20,Moore,0,0,0,0,0,0,0,0,30,0,30,0,0,0,0,0,0,0,0,0,0
04-10-20,Morgan,5,0,5,0,0,0,7,0,83,3,90,3,0,0,0,3,0,2,0,0,0
04-10-20,Obion,7,3,7,3,0,0,6,2,105,9,111,11,0,1,3,4,0,2,0,1,1
04-10-20,Out of State,106,1,106,1,0,0,114,1,6849,261,6963,262,0,1,1,12,0,93,0,8,0
04-10-20,Overton,5,0,5,0,0,0,5,0,215,4,220,4,0,0,0,2,0,3,0,1,0
04-10-20,Pending,0,0,0,0,0,0,0,0,8957,145,8957,145,0,0,0,-1,0,1,0,0,0
04-10-20,Perry,3,0,3,0,0,0,3,0,32,0,35,0,0,0,-1,0,1,3,0,0,0
04-10-20,Pickett,0,0,0,0,0,0,0,0,27,2,27,2,0,0,0,0,0,0,0,0,0
04-10-20,Polk,4,0,4,0,0,0,5,0,37,2,42,2,0,0,0,2,0,2,0,0,0
04-10-20,Putnam,85,2,85,2,0,0,97,3,631,9,728,12,0,0,-1,40,3,45,0,2,0
04-10-20,Rhea,0,0,0,0,0,0,0,0,158,2,158,2,0,0,0,0,0,0,0,0,0
04-10-20,Roane,6,0,6,0,0,0,8,0,249,7,257,7,0,0,0,2,0,4,0,2,0
04-10-20,Robertson,77,6,77,6,0,0,70,1,603,8,673,9,0,0,1,24,5,53,0,15,1
04-10-20,Rutherford,239,10,239,10,0,0,222,3,1621,15,1843,18,0,6,-3,62,13,171,0,37,6
04-10-20,Scott,8,0,8,0,0,0,8,0,80,3,88,3,0,0,0,4,0,4,0,0,0
04-10-20,Sequatchie,2,0,2,0,0,0,2,0,52,2,54,2,0,0,0,0,0,2,0,1,0
04-10-20,Sevier,22,0,22,0,0,0,21,0,390,20,411,20,0,0,-1,3,1,19,0,4,0
04-10-20,Shelby,1110,76,1107,75,3,1,1103,77,4957,387,6060,464,0,20,16,387,60,703,12,178,33
04-10-20,Smith,6,0,6,0,0,0,6,0,160,2,166,2,0,0,0,3,0,3,0,1,0
04-10-20,Stewart,2,0,2,0,0,0,2,0,83,1,85,1,0,0,-1,-3,1,5,0,0,0
04-10-20,Sullivan,36,2,36,2,0,0,32,1,257,1,289,2,0,1,1,11,1,24,0,4,1
04-10-20,Sumner,434,10,431,10,3,0,461,11,1501,47,1962,58,1,21,-13,166,22,247,0,166,23
04-10-20,Tipton,43,2,42,2,1,0,43,3,388,15,431,18,0,0,1,7,1,36,0,8,0
04-10-20,Trousdale,18,1,17,1,1,0,17,1,78,11,95,12,0,1,1,11,0,6,0,6,1
04-10-20,Unicoi,1,0,1,0,0,0,1,0,40,0,41,0,0,0,0,0,0,1,0,0,0
04-10-20,Union,3,0,3,0,0,0,2,0,45,4,47,4,0,0,0,1,0,2,0,0,0
04-10-20,Van Buren,0,0,0,0,0,0,0,0,35,1,35,1,0,0,0,0,0,0,0,0,0
04-10-20,Warren,3,0,3,0,0,0,2,0,179,0,181,0,0,0,0,1,0,2,0,0,0
04-10-20,Washington,36,4,36,4,0,0,34,3,387,5,421,8,0,0,2,9,2,27,0,1,0
04-10-20,Wayne,2,0,2,0,0,0,3,0,62,2,65,2,0,0,-1,0,1,2,0,1,0
04-10-20,Weakley,6,0,6,0,0,0,5,0,129,5,134,5,0,0,0,5,0,1,0,0,0
04-10-20,White,3,0,3,0,0,0,3,0,178,1,181,1,0,0,0,1,0,2,0,1,0
04-10-20,Williamson,303,5,303,5,0,0,308,5,2276,39,2584,44,1,4,-3,48,7,251,1,36,4
04-10-20,Wilson,132,5,132,5,0,0,134,6,1195,23,1329,29,0,1,-3,43,8,88,0,12,1
04-09-20,Anderson,10,0,10,0,0,0,12,0,320,25,332,25,0,1,0,0,0,9,0,2,1
04-09-20,Bedford,15,2,15,2,0,0,15,2,193,16,208,18,0,0,1,11,1,4,0,4,1
04-09-20,Benton,4,0,4,0,0,0,4,0,71,4,75,4,0,0,0,0,0,4,0,1,1
04-09-20,Bledsoe,3,0,3,0,0,0,3,0,38,2,41,2,0,0,0,0,0,3,0,1,0
04-09-20,Blount,44,0,44,0,0,0,43,0,404,10,447,10,1,3,-1,10,0,31,0,5,3
04-09-20,Bradley,30,2,30,2,0,0,29,2,256,24,285,26,0,0,0,5,2,25,0,6,0
04-09-20,Campbell,10,1,10,1,0,0,9,2,110,7,119,9,0,0,1,5,0,5,0,1,0
04-09-20,Cannon,6,0,6,0,0,0,7,0,91,4,98,4,0,0,0,3,0,3,0,1,0
04-09-20,Carroll,9,0,9,0,0,0,9,0,175,19,184,19,0,0,-1,2,1,7,0,0,0
04-09-20,Carter,4,0,4,0,0,0,4,0,106,3,110,3,0,0,-1,1,1,3,0,2,0
04-09-20,Cheatham,17,0,17,0,0,0,19,2,326,11,345,13,0,0,-2,3,2,14,0,3,0
04-09-20,Chester,5,0,5,0,0,0,6,0,93,8,99,8,0,0,0,0,0,5,0,1,0
04-09-20,Claiborne,3,1,3,1,0,0,2,1,81,3,83,4,0,0,1,0,0,3,0,0,0
04-09-20,Clay,2,0,2,0,0,0,2,0,106,9,108,9,0,0,0,1,0,1,0,0,0
04-09-20,Cocke,3,1,3,1,0,0,3,1,65,1,68,2,0,0,1,1,0,2,0,0,0
04-09-20,Coffee,11,2,10,2,1,0,11,3,246,27,257,30,0,0,2,6,0,5,0,2,0
04-09-20,Crockett,0,0,0,0,0,0,0,0,61,10,61,10,0,0,0,0,0,0,0,0,0
04-09-20,Cumberland,39,3,39,3,0,0,42,2,641,58,683,60,0,0,3,13,0,26,0,6,0
04-09-20,Davidson,1095,65,1095,65,0,0,1113,69,11335,510,12448,579,0,13,30,279,35,803,8,134,13
04-09-20,Decatur,2,0,2,0,0,0,2,0,55,3,57,3,0,0,0,1,0,1,0,0,0
04-09-20,Dekalb,7,0,7,0,0,0,7,0,163,12,170,12,0,0,0,1,0,6,0,0,0
04-09-20,Dickson,28,0,28,0,0,0,27,0,251,8,278,8,0,0,0,8,0,20,0,5,0
04-09-20,Dyer,14,0,14,0,0,0,13,0,155,17,168,17,0,0,0,5,0,9,0,3,0
04-09-20,Fayette,30,3,30,3,0,0,30,6,251,34,281,40,0,0,2,10,1,20,0,7,0
04-09-20,Fentress,2,0,2,0,0,0,2,0,94,7,96,7,0,0,0,1,0,1,0,0,0
04-09-20,Franklin,16,0,16,0,0,0,16,1,157,20,173,21,0,1,0,0,0,15,0,4,1
04-09-20,Gibson,15,0,15,0,0,0,17,2,252,19,269,21,0,0,0,2,0,13,0,1,0
04-09-20,Giles,3,0,3,0,0,0,3,0,111,10,114,10,0,0,0,0,0,3,0,0,0
04-09-20,Grainger,3,0,3,0,0,0,2,0,56,5,58,5,0,0,0,0,0,3,0,1,0
04-09-20,Greene,23,1,23,1,0,0,19,1,141,24,160,25,0,1,0,4,1,18,0,5,1
04-09-20,Grundy,18,1,18,1,0,0,18,1,76,13,94,14,0,0,0,7,1,11,0,9,0
04-09-20,Hamblen,4,0,4,0,0,0,4,0,157,12,161,12,1,1,-1,0,0,3,0,2,1
04-09-20,Hamilton,99,1,99,1,0,0,102,0,1162,25,1264,25,1,10,-3,19,3,70,1,30,11
04-09-20,Hancock,0,0,0,0,0,0,0,0,13,1,13,1,0,0,0,0,0,0,0,0,0
04-09-20,Hardeman,8,2,8,2,0,0,7,0,106,2,113,2,0,0,2,4,0,4,0,3,0
04-09-20,Hardin,2,0,2,0,0,0,1,0,186,16,187,16,0,0,0,0,0,2,0,0,0
04-09-20,Hawkins,22,1,22,1,0,0,21,4,108,5,129,9,0,1,0,10,1,11,0,5,1
04-09-20,Haywood,13,4,13,4,0,0,12,3,72,9,84,12,1,1,2,3,1,9,2,6,1
04-09-20,Henderson,2,0,2,0,0,0,2,0,140,18,142,18,0,0,0,0,0,2,0,0,0
04-09-20,Henry,6,0,6,0,0,0,6,0,141,10,147,10,0,0,0,3,0,3,0,3,0
04-09-20,Hickman,2,0,2,0,0,0,2,0,97,3,99,3,0,0,0,1,0,1,0,1,0
04-09-20,Houston,4,0,4,0,0,0,4,0,83,10,87,10,0,0,0,0,0,4,0,3,0
04-09-20,Humphreys,4,0,4,0,0,0,3,0,85,4,88,4,0,0,-1,1,1,3,0,0,0
04-09-20,Jackson,5,0,5,0,0,0,6,1,89,10,95,11,0,0,-1,3,1,2,0,0,0
04-09-20,Jefferson,12,1,12,1,0,0,10,0,136,6,146,6,0,0,1,4,0,8,0,0,0
04-09-20,Johnson,2,0,2,0,0,0,2,0,23,4,25,4,0,0,0,0,0,2,0,0,0
04-09-20,Knox,153,1,153,1,0,0,138,2,1476,62,1614,64,0,3,-2,31,3,119,0,19,4
04-09-20,Lake,0,0,0,0,0,0,0,0,22,1,22,1,0,0,0,0,0,0,0,0,0
04-09-20,Lauderdale,7,0,7,0,0,0,6,0,103,12,109,12,0,0,0,4,0,3,0,1,0
04-09-20,Lawrence,11,1,11,1,0,0,6,0,209,9,215,9,0,0,0,3,1,8,0,1,0
04-09-20,Lewis,3,1,3,1,0,0,2,0,24,1,26,1,0,0,1,1,0,2,0,0,0
04-09-20,Lincoln,8,1,8,1,0,0,9,1,84,11,93,12,0,0,1,3,0,5,0,2,0
04-09-20,Loudon,16,1,16,1,0,0,13,1,187,11,200,12,0,0,0,2,1,14,0,2,0
04-09-20,Macon,20,2,20,2,0,0,22,2,263,45,285,47,0,1,2,10,0,9,1,7,2
04-09-20,Madison,55,10,55,10,0,0,50,10,476,50,526,60,0,0,5,36,5,19,1,9,0
04-09-20,Marion,24,1,23,1,1,0,24,1,82,4,106,5,0,1,-1,6,2,17,1,11,2
04-09-20,Marshall,8,0,8,0,0,0,8,0,165,9,173,9,1,1,-3,3,2,4,0,3,1
04-09-20,Maury,31,3,31,3,0,0,31,1,567,14,598,15,0,0,1,8,2,23,1,5,0
04-09-20,McMinn,4,1,4,1,0,0,4,1,265,19,269,20,0,0,1,1,0,3,0,1,0
04-09-20,McNairy,9,0,9,0,0,0,9,0,98,6,107,6,0,0,0,3,0,6,0,1,0
04-09-20,Meigs,3,0,3,0,0,0,3,0,57,6,60,6,0,0,0,2,0,1,0,2,0
04-09-20,Monroe,7,0,7,0,0,0,7,1,148,12,155,13,0,0,0,3,0,4,0,1,0
04-09-20,Montgomery,83,7,83,7,0,0,82,7,1051,60,1133,67,0,2,-3,22,10,59,2,12,2
04-09-20,Moore,0,0,0,0,0,0,0,0,30,3,30,3,0,0,0,0,0,0,0,0,0
04-09-20,Morgan,5,0,5,0,0,0,7,0,80,12,87,12,0,0,0,3,0,2,0,0,0
04-09-20,Obion,4,0,4,0,0,0,4,0,96,6,100,6,0,1,0,1,0,2,0,1,1
04-09-20,Out of State,105,2,105,2,0,0,113,9,6588,376,6701,385,1,1,-1,11,2,93,1,8,0
04-09-20,Overton,5,0,5,0,0,0,5,0,211,13,216,13,0,0,0,2,0,3,0,1,0
04-09-20,Pending,0,0,0,0,0,0,0,0,8812,179,8812,179,0,0,0,-1,0,1,0,0,0
04-09-20,Perry,3,0,3,0,0,0,3,0,32,0,35,0,0,0,0,1,0,2,0,0,0
04-09-20,Pickett,0,0,0,0,0,0,0,0,25,2,25,2,0,0,0,0,0,0,0,0,0
04-09-20,Polk,4,1,4,1,0,0,5,1,35,3,40,4,0,0,1,2,0,2,0,0,0
04-09-20,Putnam,83,1,83,1,0,0,94,6,622,26,716,32,0,0,-1,41,2,42,0,2,0
04-09-20,Rhea,0,0,0,0,0,0,0,0,156,5,156,5,0,0,0,0,0,0,0,0,0
04-09-20,Roane,6,0,6,0,0,0,8,0,242,17,250,17,0,0,0,2,0,4,0,2,0
04-09-20,Robertson,71,7,71,7,0,0,69,8,595,59,664,67,0,0,1,23,6,48,0,15,1
04-09-20,Rutherford,229,16,229,16,0,0,219,19,1606,84,1825,103,3,6,0,65,13,158,2,37,6
04-09-20,Scott,8,3,8,3,0,0,8,3,77,3,85,6,0,0,3,4,0,4,0,0,0
04-09-20,Sequatchie,2,0,2,0,0,0,2,0,50,4,52,4,0,0,0,0,0,2,0,1,0
04-09-20,Sevier,22,0,22,0,0,0,21,1,370,10,391,11,0,0,0,4,0,18,0,4,0
04-09-20,Shelby,1034,86,1032,86,2,0,1026,71,4570,465,5596,536,3,20,17,371,66,643,17,166,32
04-09-20,Smith,6,2,6,2,0,0,6,2,158,11,164,13,0,0,2,3,0,3,1,1,0
04-09-20,Stewart,2,0,2,0,0,0,2,0,82,2,84,2,0,0,-1,-2,1,4,0,0,0
04-09-20,Sullivan,34,4,34,4,0,0,31,4,256,4,287,8,0,1,1,10,3,23,0,4,1
04-09-20,Sumner,424,20,421,20,3,0,450,22,1454,99,1904,121,2,20,1,179,17,225,2,166,22
04-09-20,Tipton,41,2,40,2,1,0,40,1,373,39,413,40,0,0,1,6,1,35,1,8,0
04-09-20,Trousdale,17,1,16,1,1,0,16,0,67,6,83,6,0,1,1,10,0,6,0,6,1
04-09-20,Unicoi,1,0,1,0,0,0,1,0,40,3,41,3,0,0,0,0,0,1,0,0,0
04-09-20,Union,3,1,3,1,0,0,2,1,41,0,43,1,0,0,1,1,0,2,0,0,0
04-09-20,Van Buren,0,0,0,0,0,0,0,0,34,2,34,2,0,0,0,0,0,0,0,0,0
04-09-20,Warren,3,0,3,0,0,0,2,0,179,17,181,17,0,0,0,1,0,2,0,0,0
04-09-20,Washington,32,1,32,1,0,0,31,1,382,10,413,11,0,0,-2,7,3,25,0,1,0
04-09-20,Wayne,2,0,2,0,0,0,3,0,60,8,63,8,0,0,0,1,0,1,0,1,0
04-09-20,Weakley,6,0,6,0,0,0,5,0,124,3,129,3,0,0,0,5,0,1,0,0,0
04-09-20,White,3,1,3,1,0,0,3,1,177,19,180,20,0,0,1,1,0,2,1,1,0
04-09-20,Williamson,298,5,298,5,0,0,303,6,2237,66,2540,72,0,3,-8,51,13,244,0,35,4
04-09-20,Wilson,127,7,127,7,0,0,128,6,1172,66,1300,72,1,1,-2,46,8,80,0,12,1
04-08-20,Anderson,10,0,10,0,0,0,12,0,295,13,307,13,1,1,-1,0,0,9,0,2,1
04-08-20,Bedford,13,0,13,0,0,0,13,1,177,14,190,15,0,0,-1,10,1,3,0,4,0
04-08-20,Benton,4,0,4,0,0,0,4,0,67,6,71,6,0,0,0,0,0,4,0,1,1
04-08-20,Bledsoe,3,0,3,0,0,0,3,0,36,1,39,1,0,0,0,0,0,3,0,1,0
04-08-20,Blount,44,2,44,2,0,0,43,2,394,14,437,16,0,2,0,11,2,31,0,5,3
04-08-20,Bradley,28,0,28,0,0,0,27,2,232,4,259,6,0,0,-2,5,2,23,0,6,0
04-08-20,Campbell,9,3,9,3,0,0,7,1,103,0,110,1,0,0,2,4,1,5,1,1,0
04-08-20,Cannon,6,0,6,0,0,0,7,1,87,4,94,5,0,0,0,3,0,3,0,1,0
04-08-20,Carroll,9,1,9,1,0,0,9,1,156,4,165,5,0,0,1,3,0,6,0,0,0
04-08-20,Carter,4,0,4,0,0,0,4,0,103,6,107,6,0,0,0,2,0,2,0,2,0
04-08-20,Cheatham,17,1,17,1,0,0,17,1,315,17,332,18,0,0,0,5,1,12,0,3,0
04-08-20,Chester,5,0,5,0,0,0,6,0,85,2,91,2,0,0,0,0,0,5,0,1,0
04-08-20,Claiborne,2,0,2,0,0,0,1,0,78,0,79,0,0,0,0,-1,0,3,0,0,0
04-08-20,Clay,2,0,2,0,0,0,2,0,97,8,99,8,0,0,0,1,0,1,0,0,0
04-08-20,Cocke,2,0,2,0,0,0,2,0,64,1,66,1,0,0,0,0,0,2,0,0,0
04-08-20,Coffee,9,1,8,1,1,0,8,0,219,3,227,3,0,0,1,4,0,5,1,2,0
04-08-20,Crockett,0,0,0,0,0,0,0,0,51,0,51,0,0,0,0,0,0,0,0,0,0
04-08-20,Cumberland,36,3,36,3,0,0,40,3,583,22,623,25,0,0,-1,10,4,26,2,6,0
04-08-20,Davidson,1030,40,1030,40,0,0,1044,48,10825,463,11869,511,4,13,-12,249,48,768,5,126,13
04-08-20,Decatur,2,0,2,0,0,0,2,0,52,2,54,2,0,0,-1,1,1,1,0,0,0
04-08-20,Dekalb,7,0,7,0,0,0,7,0,151,8,158,8,0,0,-1,1,1,6,0,0,0
04-08-20,Dickson,28,3,28,3,0,0,27,3,243,20,270,23,0,0,1,8,2,20,1,5,0
04-08-20,Dyer,14,4,14,4,0,0,13,3,138,6,151,9,0,0,3,5,1,9,0,3,0
04-08-20,Fayette,27,3,27,3,0,0,24,0,217,14,241,14,0,0,-1,8,4,19,2,7,0
04-08-20,Fentress,2,0,2,0,0,0,2,0,87,6,89,6,0,0,-1,1,1,1,0,0,0
04-08-20,Franklin,16,1,16,1,0,0,15,0,137,2,152,2,0,1,1,0,0,15,0,4,1
04-08-20,Gibson,15,3,15,3,0,0,15,1,233,5,248,6,0,0,2,2,1,13,0,1,0
04-08-20,Giles,3,0,3,0,0,0,3,0,101,1,104,1,0,0,0,0,0,3,0,0,0
04-08-20,Grainger,3,0,3,0,0,0,2,0,51,1,53,1,0,0,0,0,0,3,0,1,0
04-08-20,Greene,22,3,22,3,0,0,18,3,117,12,135,15,0,1,2,4,1,17,1,5,1
04-08-20,Grundy,17,1,17,1,0,0,17,1,63,2,80,3,0,0,-1,7,2,10,1,9,0
04-08-20,Hamblen,4,0,4,0,0,0,4,0,145,5,149,5,0,0,-1,1,1,3,0,2,1
04-08-20,Hamilton,98,3,98,3,0,0,102,3,1137,33,1239,36,0,9,2,22,1,67,1,29,11
04-08-20,Hancock,0,0,0,0,0,0,0,0,12,1,12,1,0,0,0,0,0,0,0,0,0
04-08-20,Hardeman,6,0,6,0,0,0,7,0,104,6,111,6,0,0,0,2,0,4,0,3,0
04-08-20,Hardin,2,0,2,0,0,0,1,0,170,6,171,6,0,0,0,0,0,2,0,0,0
04-08-20,Hawkins,21,3,21,3,0,0,17,3,103,14,120,17,0,1,1,10,2,10,0,5,1
04-08-20,Haywood,9,2,9,2,0,0,9,2,63,4,72,6,0,0,-1,1,3,8,0,4,1
04-08-20,Henderson,2,0,2,0,0,0,2,0,122,3,124,3,0,0,0,0,0,2,0,0,0
04-08-20,Henry,6,0,6,0,0,0,6,0,131,1,137,1,0,0,0,3,0,3,0,3,0
04-08-20,Hickman,2,0,2,0,0,0,2,0,94,5,96,5,0,0,0,1,0,1,0,1,0
04-08-20,Houston,4,0,4,0,0,0,4,0,73,3,77,3,0,0,0,0,0,4,0,3,0
04-08-20,Humphreys,4,0,4,0,0,0,3,0,81,4,84,4,0,0,0,2,0,2,0,0,0
04-08-20,Jackson,5,1,5,1,0,0,5,1,79,11,84,12,0,0,0,4,1,1,0,0,0
04-08-20,Jefferson,11,1,11,1,0,0,10,0,130,7,140,7,0,0,1,3,0,8,0,0,0
04-08-20,Johnson,2,0,2,0,0,0,2,0,19,3,21,3,0,0,0,0,0,2,0,0,0
04-08-20,Knox,152,8,152,8,0,0,136,5,1414,64,1550,69,0,3,-3,33,11,116,1,19,4
04-08-20,Lake,0,0,0,0,0,0,0,0,21,0,21,0,0,0,0,0,0,0,0,0,0
04-08-20,Lauderdale,7,1,7,1,0,0,6,0,91,16,97,16,0,0,-1,4,2,3,0,1,0
04-08-20,Lawrence,10,2,10,2,0,0,6,2,200,10,206,12,0,0,2,3,0,7,0,1,0
04-08-20,Lewis,2,0,2,0,0,0,2,0,23,0,25,0,0,0,0,0,0,2,0,0,0
04-08-20,Lincoln,7,0,7,0,0,0,8,0,73,0,81,0,0,0,-1,2,1,5,0,2,0
04-08-20,Loudon,15,0,15,0,0,0,12,1,176,12,188,13,0,0,0,2,0,13,0,2,0
04-08-20,Macon,18,2,18,2,0,0,20,2,218,28,238,30,0,1,2,8,0,9,0,6,2
04-08-20,Madison,45,2,45,2,0,0,40,2,426,15,466,17,0,0,1,31,1,14,1,8,0
04-08-20,Marion,23,0,22,0,1,0,23,0,78,3,101,3,0,1,-2,7,2,15,0,10,2
04-08-20,Marshall,8,0,8,0,0,0,8,0,156,2,164,2,0,0,0,6,0,2,0,3,1
04-08-20,Maury,28,2,28,2,0,0,30,2,553,17,583,19,0,0,0,7,2,21,0,4,0
04-08-20,McMinn,3,0,3,0,0,0,3,0,246,6,249,6,0,0,0,0,0,3,0,1,0
04-08-20,McNairy,9,2,9,2,0,0,9,2,92,2,101,4,0,0,2,3,0,6,1,1,0
04-08-20,Meigs,3,0,3,0,0,0,3,0,51,2,54,2,0,0,0,2,0,1,0,2,0
04-08-20,Monroe,7,1,7,1,0,0,6,0,136,4,142,4,0,0,1,3,0,4,0,1,0
04-08-20,Montgomery,76,7,76,7,0,0,75,6,991,78,1066,84,0,2,4,25,3,49,0,10,2
04-08-20,Moore,0,0,0,0,0,0,0,0,27,3,27,3,0,0,0,0,0,0,0,0,0
04-08-20,Morgan,5,0,5,0,0,0,7,0,68,6,75,6,0,0,0,3,0,2,0,0,0
04-08-20,Obion,4,0,4,0,0,0,4,0,90,2,94,2,0,1,0,1,0,2,0,1,1
04-08-20,Out of State,103,2,103,2,0,0,104,1,6212,434,6316,435,-2,0,-1,12,5,91,0,7,0
04-08-20,Overton,5,0,5,0,0,0,5,0,198,21,203,21,0,0,0,2,0,3,0,1,0
04-08-20,Pending,0,0,0,0,0,0,0,0,8633,95,8633,95,-1,0,1,-1,0,1,0,0,0
04-08-20,Perry,3,0,3,0,0,0,3,0,32,1,35,1,0,0,0,1,0,2,0,0,0
04-08-20,Pickett,0,0,0,0,0,0,0,0,23,3,23,3,0,0,0,0,0,0,0,0,0
04-08-20,Polk,3,0,3,0,0,0,4,0,32,1,36,1,0,0,0,1,0,2,0,0,0
04-08-20,Putnam,82,0,82,0,0,0,88,0,596,37,684,37,0,0,-5,42,5,40,0,2,0
04-08-20,Rhea,0,0,0,0,0,0,0,0,151,4,151,4,0,0,0,0,0,0,0,0,0
04-08-20,Roane,6,0,6,0,0,0,8,1,225,8,233,9,0,0,0,2,0,4,0,2,0
04-08-20,Robertson,64,2,64,2,0,0,61,1,536,41,597,42,0,0,-1,22,3,42,0,15,1
04-08-20,Rutherford,213,14,213,14,0,0,200,8,1522,72,1722,80,0,3,1,65,13,145,0,35,6
04-08-20,Scott,5,0,5,0,0,0,5,0,74,0,79,0,0,0,-1,1,1,4,0,0,0
04-08-20,Sequatchie,2,0,2,0,0,0,2,0,46,1,48,1,0,0,0,0,0,2,0,1,0
04-08-20,Sevier,22,3,22,3,0,0,20,1,360,13,380,14,0,0,2,4,1,18,1,4,0
04-08-20,Shelby,948,41,946,41,2,0,955,55,4105,277,5060,332,2,17,-31,354,70,577,5,149,31
04-08-20,Smith,4,1,4,1,0,0,4,1,147,3,151,4,0,0,1,1,0,3,0,0,0
04-08-20,Stewart,2,0,2,0,0,0,2,0,80,1,82,1,0,0,-1,-1,1,3,0,0,0
04-08-20,Sullivan,30,4,30,4,0,0,27,2,252,16,279,18,0,1,3,9,1,20,0,4,1
04-08-20,Sumner,404,17,401,17,3,0,428,25,1355,60,1783,85,3,18,-5,178,19,208,5,164,21
04-08-20,Tipton,39,1,38,1,1,0,39,1,334,24,373,25,0,0,-2,5,3,34,0,7,0
04-08-20,Trousdale,16,0,15,0,1,0,16,1,61,11,77,12,0,1,0,9,0,6,0,6,1
04-08-20,Unicoi,1,0,1,0,0,0,1,0,37,0,38,0,0,0,0,0,0,1,0,0,0
04-08-20,Union,2,1,2,1,0,0,1,0,41,2,42,2,0,0,0,0,1,2,0,0,0
04-08-20,Van Buren,0,0,0,0,0,0,0,0,32,0,32,0,0,0,0,0,0,0,0,0,0
04-08-20,Warren,3,0,3,0,0,0,2,0,162,20,164,20,0,0,0,1,0,2,0,0,0
04-08-20,Washington,31,2,31,2,0,0,30,3,372,15,402,18,0,0,1,9,1,22,0,1,0
04-08-20,Wayne,2,0,2,0,0,0,3,0,52,2,55,2,0,0,0,1,0,1,0,1,0
04-08-20,Weakley,6,1,6,1,0,0,5,1,121,1,126,2,0,0,1,5,0,1,0,0,0
04-08-20,White,2,0,2,0,0,0,2,0,158,2,160,2,0,0,0,0,0,2,0,0,0
04-08-20,Williamson,293,6,293,6,0,0,297,7,2171,111,2468,118,0,3,-6,59,12,231,0,35,3
04-08-20,Wilson,120,4,120,4,0,0,122,3,1106,73,1228,76,0,0,-1,48,5,72,1,12,0
04-07-20,Anderson,10,1,10,1,0,0,12,1,282,39,294,40,0,0,1,1,0,9,0,2,0
04-07-20,Bedford,13,2,13,2,0,0,12,1,163,9,175,10,0,0,2,11,0,2,0,4,0
04-07-20,Benton,4,0,4,0,0,0,4,0,61,7,65,7,0,0,0,0,0,4,0,1,1
04-07-20,Bledsoe,3,0,3,0,0,0,3,1,35,4,38,5,0,0,0,0,0,3,0,1,0
04-07-20,Blount,42,3,42,3,0,0,41,4,380,38,421,42,0,2,1,11,2,29,1,5,2
04-07-20,Bradley,28,4,28,4,0,0,25,5,228,24,253,29,0,0,3,7,1,21,1,6,0
04-07-20,Campbell,6,1,6,1,0,0,6,1,103,13,109,14,0,0,0,2,1,4,0,0,0
04-07-20,Cannon,6,0,6,0,0,0,6,0,83,8,89,8,0,0,-2,3,2,3,0,1,0
04-07-20,Carroll,8,0,8,0,0,0,8,0,152,27,160,27,0,0,0,2,0,6,0,0,0
04-07-20,Carter,4,0,4,0,0,0,4,0,97,20,101,20,0,0,0,2,0,2,0,2,0
04-07-20,Cheatham,16,0,16,0,0,0,16,0,298,29,314,29,0,0,-2,5,2,11,0,3,0
04-07-20,Chester,5,0,5,0,0,0,6,0,83,12,89,12,0,0,0,0,0,5,0,1,0
04-07-20,Claiborne,2,0,2,0,0,0,1,0,78,14,79,14,0,0,0,-1,0,3,0,0,0
04-07-20,Clay,2,1,2,1,0,0,2,1,89,11,91,12,0,0,1,1,0,1,0,0,0
04-07-20,Cocke,2,1,2,1,0,0,2,1,63,4,65,5,0,0,1,0,0,2,0,0,0
04-07-20,Coffee,8,0,7,0,1,0,8,0,216,10,224,10,0,0,0,3,0,5,0,1,0
04-07-20,Crockett,0,0,0,0,0,0,0,0,51,13,51,13,0,0,0,0,0,0,0,0,0
04-07-20,Cumberland,33,3,33,3,0,0,37,4,561,45,598,49,0,0,0,11,3,22,0,4,0
04-07-20,Davidson,990,44,990,44,0,0,996,49,10362,483,11358,532,2,9,-5,261,47,720,10,121,13
04-07-20,Decatur,2,0,2,0,0,0,2,0,50,8,52,8,0,0,0,2,0,0,0,0,0
04-07-20,Dekalb,7,0,7,0,0,0,7,0,143,33,150,33,0,0,0,2,0,5,0,0,0
04-07-20,Dickson,25,1,25,1,0,0,24,1,223,25,247,26,0,0,-6,7,7,18,0,4,0
04-07-20,Dyer,10,0,10,0,0,0,10,0,132,30,142,30,0,0,-1,2,1,8,0,3,0
04-07-20,Fayette,24,0,24,0,0,0,24,1,203,23,227,24,0,0,-3,9,3,15,0,5,0
04-07-20,Fentress,2,0,2,0,0,0,2,0,81,14,83,14,0,0,0,2,0,0,0,0,0
04-07-20,Franklin,15,2,15,2,0,0,15,2,135,7,150,9,0,1,-1,-1,3,15,0,4,1
04-07-20,Gibson,12,0,12,0,0,0,14,1,228,40,242,41,0,0,-1,0,1,12,0,1,0
04-07-20,Giles,3,0,3,0,0,0,3,0,100,23,103,23,0,0,0,0,0,3,0,0,0
04-07-20,Grainger,3,0,3,0,0,0,2,0,50,3,52,3,0,0,-2,0,2,3,0,1,0
04-07-20,Greene,19,1,19,1,0,0,15,2,105,16,120,18,0,1,0,2,1,16,0,4,1
04-07-20,Grundy,16,0,16,0,0,0,16,0,61,4,77,4,0,0,0,8,0,8,0,8,0
04-07-20,Hamblen,4,0,4,0,0,0,4,0,140,24,144,24,0,0,0,2,0,2,0,2,0
04-07-20,Hamilton,95,4,95,4,0,0,99,7,1104,78,1203,85,0,9,-1,20,5,66,1,28,11
04-07-20,Hancock,0,0,0,0,0,0,0,0,11,0,11,0,0,0,0,0,0,0,0,0,0
04-07-20,Hardeman,6,0,6,0,0,0,7,1,98,7,105,8,0,0,0,2,0,4,0,3,0
04-07-20,Hardin,2,1,2,1,0,0,1,0,164,17,165,17,0,0,1,0,0,2,0,0,0
04-07-20,Hawkins,18,3,18,3,0,0,14,6,89,22,103,28,0,1,0,9,3,8,1,5,1
04-07-20,Haywood,7,3,7,3,0,0,7,3,59,10,66,13,0,0,3,2,0,5,2,4,1
04-07-20,Henderson,2,0,2,0,0,0,2,0,119,19,121,19,0,0,-1,0,1,2,0,0,0
04-07-20,Henry,6,0,6,0,0,0,6,1,130,25,136,26,0,0,-1,3,1,3,0,3,0
04-07-20,Hickman,2,0,2,0,0,0,2,0,89,5,91,5,0,0,0,1,0,1,0,1,0
04-07-20,Houston,4,0,4,0,0,0,4,0,70,0,74,0,0,0,0,0,0,4,0,3,0
04-07-20,Humphreys,4,0,4,0,0,0,3,0,77,5,80,5,0,0,0,2,0,2,0,0,0
04-07-20,Jackson,4,1,4,1,0,0,4,1,68,18,72,19,0,0,1,4,0,0,0,0,0
04-07-20,Jefferson,10,3,10,3,0,0,10,3,123,14,133,17,0,0,3,2,0,8,0,0,0
04-07-20,Johnson,2,0,2,0,0,0,2,0,16,4,18,4,0,0,-1,0,1,2,0,0,0
04-07-20,Knox,144,20,144,20,0,0,131,22,1350,325,1481,347,0,3,11,36,9,105,2,18,3
04-07-20,Lake,0,0,0,0,0,0,0,0,21,2,21,2,0,0,0,0,0,0,0,0,0
04-07-20,Lauderdale,6,1,6,1,0,0,6,1,75,5,81,6,0,0,1,5,0,1,1,1,0
04-07-20,Lawrence,8,3,8,3,0,0,4,2,190,24,194,26,0,0,2,1,1,7,0,1,0
04-07-20,Lewis,2,0,2,0,0,0,2,0,23,2,25,2,0,0,-1,0,1,2,0,0,0
04-07-20,Lincoln,7,1,7,1,0,0,8,1,73,7,81,8,0,0,1,3,0,4,0,2,0
04-07-20,Loudon,15,3,15,3,0,0,11,0,164,17,175,17,0,0,3,2,0,13,0,2,0
04-07-20,Macon,16,0,16,0,0,0,18,0,190,22,208,22,0,1,-1,6,1,9,0,6,1
04-07-20,Madison,43,13,43,13,0,0,38,9,411,128,449,137,0,0,11,30,2,13,1,7,0
04-07-20,Marion,23,0,22,0,1,0,23,0,75,6,98,6,0,1,-1,9,1,13,0,10,2
04-07-20,Marshall,8,0,8,0,0,0,8,0,154,5,162,5,0,0,0,6,0,2,0,3,0
04-07-20,Maury,26,1,26,1,0,0,28,2,536,23,564,25,0,0,0,7,1,19,0,4,0
04-07-20,McMinn,3,0,3,0,0,0,3,0,240,21,243,21,0,0,0,0,0,3,0,1,0
04-07-20,McNairy,7,1,7,1,0,0,7,2,90,7,97,9,0,0,0,1,1,6,0,0,0
04-07-20,Meigs,3,1,3,1,0,0,3,1,49,5,52,6,0,0,1,2,0,1,1,2,0
04-07-20,Monroe,6,0,6,0,0,0,6,0,132,10,138,10,0,0,0,2,0,4,0,1,0
04-07-20,Montgomery,69,9,69,9,0,0,69,9,913,102,982,111,1,2,2,21,6,46,3,10,2
04-07-20,Moore,0,0,0,0,0,0,0,0,24,2,24,2,0,0,0,0,0,0,0,0,0
04-07-20,Morgan,5,0,5,0,0,0,7,0,62,7,69,7,0,0,-1,3,1,2,0,0,0
04-07-20,Obion,4,1,4,1,0,0,4,2,88,12,92,14,0,1,0,1,1,2,0,1,1
04-07-20,Out of State,101,3,101,3,0,0,103,5,5778,716,5881,721,2,2,-3,13,4,86,1,7,0
04-07-20,Overton,5,1,5,1,0,0,5,1,177,33,182,34,0,0,1,2,0,3,0,1,0
04-07-20,Pending,0,0,0,0,0,0,0,0,8538,299,8538,299,-1,1,0,-2,1,1,0,0,0
04-07-20,Perry,3,0,3,0,0,0,3,0,31,1,34,1,0,0,-1,1,1,2,0,0,0
04-07-20,Pickett,0,0,0,0,0,0,0,0,20,2,20,2,0,0,0,0,0,0,0,0,0
04-07-20,Polk,3,0,3,0,0,0,4,0,31,1,35,1,0,0,0,1,0,2,0,0,0
04-07-20,Putnam,82,24,82,24,0,0,88,24,559,83,647,107,0,0,21,47,3,35,0,2,0
04-07-20,Rhea,0,0,0,0,0,0,0,0,147,9,147,9,0,0,0,0,0,0,0,0,0
04-07-20,Roane,6,0,6,0,0,0,7,0,217,14,224,14,0,0,0,2,0,4,0,2,0
04-07-20,Robertson,62,2,62,2,0,0,60,3,495,23,555,26,0,0,-5,23,7,39,1,15,1
04-07-20,Rutherford,199,25,199,25,0,0,192,21,1450,113,1642,134,0,3,16,64,9,132,5,35,4
04-07-20,Scott,5,1,5,1,0,0,5,2,74,12,79,14,0,0,1,2,0,3,0,0,0
04-07-20,Sequatchie,2,0,2,0,0,0,2,0,45,6,47,6,0,0,-1,0,1,2,0,1,0
04-07-20,Sevier,19,2,19,2,0,0,19,3,347,56,366,59,0,0,1,2,1,17,0,3,0
04-07-20,Shelby,907,66,905,66,2,0,900,62,3828,460,4728,522,2,15,2,385,62,507,3,144,26
04-07-20,Smith,3,0,3,0,0,0,3,0,144,13,147,13,0,0,0,0,0,3,0,0,0
04-07-20,Stewart,2,0,2,0,0,0,2,0,79,6,81,6,0,0,-1,0,1,2,0,0,0
04-07-20,Sullivan,26,0,26,0,0,0,25,2,236,45,261,47,0,1,-3,6,3,19,0,4,1
04-07-20,Sumner,387,17,384,17,3,0,403,20,1295,95,1698,115,0,15,10,183,7,189,5,159,18
04-07-20,Tipton,38,0,37,0,1,0,38,0,310,35,348,35,0,0,-1,7,1,31,0,7,0
04-07-20,Trousdale,16,2,15,2,1,0,15,2,50,6,65,8,0,1,0,9,2,6,1,6,1
04-07-20,Unicoi,1,0,1,0,0,0,1,0,37,2,38,2,0,0,0,0,0,1,0,0,0
04-07-20,Union,1,0,1,0,0,0,1,0,39,5,40,5,0,0,-1,0,1,1,0,0,0
04-07-20,Van Buren,0,0,0,0,0,0,0,0,32,4,32,4,0,0,0,0,0,0,0,0,0
04-07-20,Warren,3,2,3,2,0,0,2,2,142,6,144,8,0,0,2,1,0,2,0,0,0
04-07-20,Washington,29,5,29,5,0,0,27,5,357,46,384,51,0,0,3,8,2,21,0,1,0
04-07-20,Wayne,2,0,2,0,0,0,3,0,50,7,53,7,0,0,0,1,0,1,0,1,0
04-07-20,Weakley,5,0,5,0,0,0,4,2,120,21,124,23,0,0,0,4,0,1,0,0,0
04-07-20,White,2,0,2,0,0,0,2,0,156,2,158,2,0,0,0,0,0,2,0,0,0
04-07-20,Williamson,287,12,287,12,0,0,290,12,2060,91,2350,103,1,3,-6,65,17,219,3,35,3
04-07-20,Wilson,116,10,116,10,0,0,119,12,1033,48,1152,60,0,0,6,49,4,67,0,11,0
04-06-20,Anderson,9,0,9,0,0,0,11,0,243,14,254,14,0,0,-1,0,1,9,0,2,0
04-06-20,Bedford,11,2,11,2,0,0,11,2,154,14,165,16,0,0,2,9,0,2,1,4,0
04-06-20,Benton,4,0,4,0,0,0,4,0,54,2,58,2,0,0,0,0,0,4,0,1,1
04-06-20,Bledsoe,3,0,3,0,0,0,2,1,31,7,33,8,0,0,0,0,0,3,0,1,0
04-06-20,Blount,39,3,39,3,0,0,37,1,342,55,379,56,1,2,0,10,2,27,0,4,2
04-06-20,Bradley,24,2,24,2,0,0,20,1,204,21,224,22,0,0,-2,4,4,20,1,5,0
04-06-20,Campbell,5,0,5,0,0,0,5,0,90,4,95,4,0,0,0,2,0,3,0,0,0
04-06-20,Cannon,6,0,6,0,0,0,6,0,75,8,81,8,0,0,0,5,0,1,0,1,0
04-06-20,Carroll,8,0,8,0,0,0,8,0,125,4,133,4,0,0,-1,2,1,6,0,0,0
04-06-20,Carter,4,0,4,0,0,0,4,0,77,4,81,4,0,0,0,2,0,2,0,2,0
04-06-20,Cheatham,16,0,16,0,0,0,16,0,269,34,285,34,0,0,0,7,0,9,0,3,0
04-06-20,Chester,5,0,5,0,0,0,6,0,71,7,77,7,0,0,-1,0,1,5,0,1,0
04-06-20,Claiborne,2,0,2,0,0,0,1,0,64,8,65,8,0,0,0,-1,0,3,0,0,0
04-06-20,Clay,1,0,1,0,0,0,1,0,78,21,79,21,0,0,0,0,0,1,0,0,0
04-06-20,Cocke,1,0,1,0,0,0,1,0,59,2,60,2,0,0,0,-1,0,2,0,0,0
04-06-20,Coffee,8,0,7,0,1,0,8,1,206,12,214,13,0,0,0,3,0,5,0,1,0
04-06-20,Crockett,0,0,0,0,0,0,0,0,38,1,38,1,0,0,0,0,0,0,0,0,0
04-06-20,Cumberland,30,4,30,4,0,0,33,5,516,70,549,75,0,0,1,11,3,19,0,4,0
04-06-20,Davidson,946,46,946,46,0,0,947,52,9879,755,10826,807,1,7,-17,266,62,673,7,111,11
04-06-20,Decatur,2,0,2,0,0,0,2,0,42,2,44,2,0,0,0,2,0,0,0,0,0
04-06-20,Dekalb,7,0,7,0,0,0,7,0,110,6,117,6,0,0,-1,2,1,5,0,0,0
04-06-20,Dickson,24,2,24,2,0,0,23,2,198,7,221,9,0,0,1,13,1,11,0,4,0
04-06-20,Dyer,10,1,10,1,0,0,10,1,102,4,112,5,0,0,0,3,1,7,1,3,0
04-06-20,Fayette,24,1,24,1,0,0,23,1,180,9,203,10,0,0,0,12,1,12,1,5,0
04-06-20,Fentress,2,0,2,0,0,0,2,0,67,6,69,6,0,0,0,2,0,0,0,0,0
04-06-20,Franklin,13,0,13,0,0,0,13,1,128,7,141,8,0,1,-3,0,3,12,0,4,1
04-06-20,Gibson,12,1,12,1,0,0,13,2,188,7,201,9,0,0,-1,1,2,11,0,1,0
04-06-20,Giles,3,0,3,0,0,0,3,0,77,5,80,5,0,0,-1,0,1,3,0,0,0
04-06-20,Grainger,3,0,3,0,0,0,2,0,47,2,49,2,0,0,0,2,0,1,0,1,0
04-06-20,Greene,18,1,18,1,0,0,13,0,89,13,102,13,0,1,0,2,1,15,0,4,1
04-06-20,Grundy,16,1,16,1,0,0,16,2,57,11,73,13,0,0,1,8,0,8,0,8,0
04-06-20,Hamblen,4,0,4,0,0,0,4,0,116,8,120,8,0,0,0,2,0,2,0,2,0
04-06-20,Hamilton,91,11,91,11,0,0,92,14,1026,125,1118,139,5,9,-1,21,7,61,3,27,10
04-06-20,Hancock,0,0,0,0,0,0,0,0,11,0,11,0,0,0,0,0,0,0,0,0,0
04-06-20,Hardeman,6,0,6,0,0,0,6,0,91,7,97,7,0,0,-1,2,1,4,0,3,0
04-06-20,Hardin,1,0,1,0,0,0,1,0,147,6,148,6,0,0,-1,-1,1,2,0,0,0
04-06-20,Hawkins,15,2,15,2,0,0,8,0,67,3,75,3,0,1,2,9,0,5,0,4,1
04-06-20,Haywood,4,0,4,0,0,0,4,0,49,3,53,3,0,0,-1,-1,1,5,0,2,1
04-06-20,Henderson,2,1,2,1,0,0,2,1,100,5,102,6,0,0,1,1,0,1,0,0,0
04-06-20,Henry,6,1,6,1,0,0,5,0,105,8,110,8,0,0,1,4,0,2,0,3,0
04-06-20,Hickman,2,0,2,0,0,0,2,0,84,2,86,2,0,0,0,1,0,1,0,1,0
04-06-20,Houston,4,0,4,0,0,0,4,0,70,3,74,3,0,0,0,0,0,4,0,3,0
04-06-20,Humphreys,4,1,4,1,0,0,3,1,72,3,75,4,0,0,1,2,0,2,0,0,0
04-06-20,Jackson,3,0,3,0,0,0,3,0,50,3,53,3,0,0,0,3,0,0,0,0,0
04-06-20,Jefferson,7,1,7,1,0,0,7,1,109,3,116,4,0,0,0,-1,1,8,0,0,0
04-06-20,Johnson,2,0,2,0,0,0,2,0,12,0,14,0,0,0,0,1,0,1,0,0,0
04-06-20,Knox,124,8,124,8,0,0,109,12,1025,54,1134,66,2,3,-2,25,8,96,1,16,3
04-06-20,Lake,0,0,0,0,0,0,0,0,19,1,19,1,0,0,0,0,0,0,0,0,0
04-06-20,Lauderdale,5,0,5,0,0,0,5,0,70,8,75,8,0,0,-1,4,1,1,0,0,0
04-06-20,Lawrence,5,1,5,1,0,0,2,0,166,12,168,12,0,0,0,-1,1,6,1,1,0
04-06-20,Lewis,2,0,2,0,0,0,2,0,21,2,23,2,0,0,0,1,0,1,0,0,0
04-06-20,Lincoln,6,1,6,1,0,0,7,1,66,2,73,3,0,0,1,2,0,4,0,2,0
04-06-20,Loudon,12,0,12,0,0,0,11,0,147,4,158,4,0,0,0,-1,0,13,0,2,0
04-06-20,Macon,16,4,16,4,0,0,18,4,168,4,186,8,1,1,1,7,2,8,1,6,1
04-06-20,Madison,30,8,30,8,0,0,29,8,283,37,312,45,0,0,4,19,4,11,1,6,0
04-06-20,Marion,23,0,22,0,1,0,23,4,69,7,92,11,0,1,0,10,0,12,0,10,2
04-06-20,Marshall,8,2,8,2,0,0,8,3,149,5,157,8,0,0,2,6,0,2,1,3,0
04-06-20,Maury,25,1,25,1,0,0,26,3,513,19,539,22,0,0,-3,7,4,18,0,4,0
04-06-20,McMinn,3,0,3,0,0,0,3,0,219,26,222,26,0,0,0,0,0,3,0,1,0
04-06-20,McNairy,6,1,6,1,0,0,5,1,83,7,88,8,0,0,1,1,0,5,0,0,0
04-06-20,Meigs,2,0,2,0,0,0,2,0,44,4,46,4,0,0,0,1,0,1,0,1,0
04-06-20,Monroe,6,0,6,0,0,0,6,0,122,12,128,12,0,0,-1,2,1,4,0,1,0
04-06-20,Montgomery,60,7,60,7,0,0,60,7,811,97,871,104,0,1,1,19,6,40,0,7,1
04-06-20,Moore,0,0,0,0,0,0,0,0,22,5,22,5,0,0,0,0,0,0,0,0,0
04-06-20,Morgan,5,1,5,1,0,0,7,1,55,8,62,9,0,0,1,4,0,1,0,0,0
04-06-20,Obion,3,1,3,1,0,0,2,0,76,1,78,1,0,1,1,1,0,1,0,1,1
04-06-20,Out of State,98,9,98,9,0,0,98,8,5062,498,5160,506,0,0,4,16,5,82,1,6,0
04-06-20,Overton,4,0,4,0,0,0,4,1,144,25,148,26,0,0,0,1,0,3,0,1,0
04-06-20,Pending,0,0,0,0,0,0,0,0,8239,536,8239,536,2,2,-2,-2,0,0,0,0,0
04-06-20,Perry,3,0,3,0,0,0,3,0,30,0,33,0,0,0,0,2,0,1,0,0,0
04-06-20,Pickett,0,0,0,0,0,0,0,0,18,3,18,3,0,0,0,0,0,0,0,0,0
04-06-20,Polk,3,0,3,0,0,0,4,0,30,7,34,7,0,0,0,1,0,2,0,0,0
04-06-20,Putnam,58,2,58,2,0,0,64,4,476,50,540,54,0,0,-1,26,3,32,0,2,0
04-06-20,Rhea,0,0,0,0,0,0,0,0,138,21,138,21,0,0,0,0,0,0,0,0,0
04-06-20,Roane,6,0,6,0,0,0,7,0,203,12,210,12,0,0,-1,2,1,4,0,2,0
04-06-20,Robertson,60,3,60,3,0,0,57,3,472,45,529,48,0,0,-1,28,4,32,1,14,1
04-06-20,Rutherford,174,9,174,9,0,0,171,9,1337,69,1508,78,0,3,-4,48,13,123,4,30,4
04-06-20,Scott,4,1,4,1,0,0,3,0,62,3,65,3,0,0,1,1,0,3,0,0,0
04-06-20,Sequatchie,2,1,2,1,0,0,2,1,39,10,41,11,0,0,1,1,0,1,0,1,0
04-06-20,Sevier,17,3,17,3,0,0,16,3,291,10,307,13,0,0,0,1,3,16,0,3,0
04-06-20,Shelby,841,39,839,39,2,0,838,38,3368,93,4206,131,4,13,-25,383,60,445,10,141,25
04-06-20,Smith,3,0,3,0,0,0,3,0,131,8,134,8,0,0,0,0,0,3,0,0,0
04-06-20,Stewart,2,0,2,0,0,0,2,0,73,12,75,12,0,0,-1,1,1,1,0,0,0
04-06-20,Sullivan,26,2,26,2,0,0,23,2,191,7,214,9,0,1,2,9,0,16,0,4,1
04-06-20,Sumner,370,19,367,19,3,0,383,20,1200,99,1583,119,5,15,-13,173,27,182,8,154,16
04-06-20,Tipton,38,2,37,2,1,0,38,2,275,13,313,15,0,0,-2,8,4,30,0,7,0
04-06-20,Trousdale,14,2,13,2,1,0,13,0,44,1,57,1,0,1,1,9,1,4,1,5,1
04-06-20,Unicoi,1,0,1,0,0,0,1,0,35,5,36,5,0,0,0,0,0,1,0,0,0
04-06-20,Union,1,0,1,0,0,0,1,0,34,4,35,4,0,0,0,1,0,0,0,0,0
04-06-20,Van Buren,0,0,0,0,0,0,0,0,28,5,28,5,0,0,0,0,0,0,0,0,0
04-06-20,Warren,1,0,1,0,0,0,0,0,136,18,136,18,0,0,0,-1,0,2,0,0,0
04-06-20,Washington,24,2,24,2,0,0,22,1,311,11,333,12,0,0,1,5,1,19,0,1,0
04-06-20,Wayne,2,0,2,0,0,0,3,0,43,5,46,5,0,0,0,1,0,1,0,1,0
04-06-20,Weakley,5,0,5,0,0,0,2,0,99,7,101,7,0,0,0,4,0,1,0,0,0
04-06-20,White,2,0,2,0,0,0,2,0,154,32,156,32,0,0,-1,0,1,2,0,0,0
04-06-20,Williamson,275,11,275,11,0,0,278,10,1969,114,2247,124,0,2,-7,71,18,202,2,32,3
04-06-20,Wilson,106,7,106,7,0,0,107,5,985,42,1092,47,0,0,-6,43,13,63,1,11,0
04-05-20,Anderson,9,0,9,0,0,0,11,0,229,29,240,29,0,0,0,1,0,8,0,2,0
04-05-20,Bedford,9,0,9,0,0,0,9,0,140,8,149,8,0,0,-2,7,2,2,0,3,0
04-05-20,Benton,4,0,4,0,0,0,4,0,52,5,56,5,0,0,0,0,0,4,0,1,1
04-05-20,Bledsoe,3,0,3,0,0,0,1,1,24,2,25,3,0,0,0,0,0,3,0,1,0
04-05-20,Blount,36,1,36,1,0,0,36,2,287,23,323,25,1,1,-1,10,1,25,0,4,2
04-05-20,Bradley,22,2,22,2,0,0,19,1,183,11,202,12,0,0,-1,6,3,16,0,4,0
04-05-20,Campbell,5,0,5,0,0,0,5,0,86,11,91,11,0,0,0,2,0,3,0,0,0
04-05-20,Cannon,6,3,6,3,0,0,6,3,67,5,73,8,0,0,3,5,0,1,1,1,0
04-05-20,Carroll,8,1,8,1,0,0,8,0,121,9,129,9,0,0,0,3,1,5,0,0,0
04-05-20,Carter,4,0,4,0,0,0,4,0,73,1,77,1,0,0,0,2,0,2,0,2,0
04-05-20,Cheatham,16,2,16,2,0,0,16,2,235,14,251,16,0,0,2,7,0,9,0,3,0
04-05-20,Chester,5,0,5,0,0,0,6,2,64,8,70,10,0,0,0,1,0,4,0,1,0
04-05-20,Claiborne,2,0,2,0,0,0,1,0,56,7,57,7,0,0,0,-1,0,3,0,0,0
04-05-20,Clay,1,0,1,0,0,0,1,0,57,4,58,4,0,0,0,0,0,1,0,0,0
04-05-20,Cocke,1,0,1,0,0,0,1,0,57,4,58,4,0,0,0,-1,0,2,0,0,0
04-05-20,Coffee,8,2,7,2,1,0,7,1,194,5,201,6,0,0,0,3,2,5,1,1,0
04-05-20,Crockett,0,0,0,0,0,0,0,0,37,3,37,3,0,0,0,0,0,0,0,0,0
04-05-20,Cumberland,26,0,26,0,0,0,28,2,446,23,474,25,0,0,0,10,0,16,0,4,0
04-05-20,Davidson,900,94,900,94,0,0,895,104,9124,1023,10019,1127,0,6,49,283,45,611,7,104,10
04-05-20,Decatur,2,0,2,0,0,0,2,0,40,1,42,1,0,0,0,2,0,0,0,0,0
04-05-20,Dekalb,7,2,7,2,0,0,7,2,104,4,111,6,0,0,1,3,1,4,0,0,0
04-05-20,Dickson,22,0,22,0,0,0,21,0,191,14,212,14,0,0,-1,12,1,10,0,4,0
04-05-20,Dyer,9,2,9,2,0,0,9,2,98,10,107,12,0,0,2,3,0,6,1,2,0
04-05-20,Fayette,23,3,23,3,0,0,22,2,171,2,193,4,0,0,1,12,2,11,1,4,0
04-05-20,Fentress,2,0,2,0,0,0,2,0,61,5,63,5,0,0,0,2,0,0,0,0,0
04-05-20,Franklin,13,2,13,2,0,0,12,1,121,7,133,8,0,1,2,3,0,9,0,4,1
04-05-20,Gibson,11,1,11,1,0,0,11,1,181,12,192,13,0,0,-1,2,2,9,0,1,0
04-05-20,Giles,3,0,3,0,0,0,3,0,72,0,75,0,0,0,0,1,0,2,0,0,0
04-05-20,Grainger,3,0,3,0,0,0,2,0,45,2,47,2,0,0,-1,2,1,1,0,1,0
04-05-20,Greene,17,0,17,0,0,0,13,0,76,1,89,1,0,1,-2,2,2,14,0,4,1
04-05-20,Grundy,15,2,15,2,0,0,14,2,46,4,60,6,0,0,1,7,1,8,1,8,0
04-05-20,Hamblen,4,0,4,0,0,0,4,0,108,20,112,20,0,0,0,2,0,2,0,2,0
04-05-20,Hamilton,80,5,80,5,0,0,78,4,901,47,979,51,0,4,3,22,2,54,0,24,10
04-05-20,Hancock,0,0,0,0,0,0,0,0,11,1,11,1,0,0,0,0,0,0,0,0,0
04-05-20,Hardeman,6,0,6,0,0,0,6,0,84,5,90,5,0,0,0,3,0,3,0,3,0
04-05-20,Hardin,1,0,1,0,0,0,1,0,141,4,142,4,0,0,0,0,0,1,0,0,0
04-05-20,Hawkins,13,3,13,3,0,0,8,2,64,2,72,4,0,1,2,7,1,5,0,4,1
04-05-20,Haywood,4,2,4,2,0,0,4,2,46,4,50,6,0,0,2,0,0,4,1,2,1
04-05-20,Henderson,1,1,1,1,0,0,1,1,95,2,96,3,0,0,1,0,0,1,0,0,0
04-05-20,Henry,5,1,5,1,0,0,5,1,97,6,102,7,0,0,1,3,0,2,1,3,0
04-05-20,Hickman,2,0,2,0,0,0,2,0,82,5,84,5,0,0,0,1,0,1,0,1,0
04-05-20,Houston,4,0,4,0,0,0,4,0,67,1,71,1,0,0,-1,0,1,4,0,3,0
04-05-20,Humphreys,3,0,3,0,0,0,2,0,69,5,71,5,0,0,0,1,0,2,0,0,0
04-05-20,Jackson,3,0,3,0,0,0,3,0,47,2,50,2,0,0,0,3,0,0,0,0,0
04-05-20,Jefferson,6,0,6,0,0,0,6,0,106,9,112,9,0,0,0,-1,0,7,0,0,0
04-05-20,Johnson,2,0,2,0,0,0,2,1,12,2,14,3,0,0,0,1,0,1,0,0,0
04-05-20,Knox,116,4,116,4,0,0,97,9,971,74,1068,83,0,1,-2,27,6,88,0,15,3
04-05-20,Lake,0,0,0,0,0,0,0,0,18,1,18,1,0,0,0,0,0,0,0,0,0
04-05-20,Lauderdale,5,3,5,3,0,0,5,3,62,2,67,5,0,0,3,5,0,0,0,0,0
04-05-20,Lawrence,4,1,4,1,0,0,2,0,154,10,156,10,0,0,1,-1,0,5,0,0,0
04-05-20,Lewis,2,0,2,0,0,0,2,0,19,0,21,0,0,0,0,1,0,1,0,0,0
04-05-20,Lincoln,5,0,5,0,0,0,6,0,64,0,70,0,0,0,0,1,0,4,0,2,0
04-05-20,Loudon,12,0,12,0,0,0,11,1,143,11,154,12,0,0,-2,-1,2,13,0,2,0
04-05-20,Macon,12,3,12,3,0,0,14,3,164,11,178,14,0,0,0,6,3,6,2,5,1
04-05-20,Madison,22,1,22,1,0,0,21,1,246,34,267,35,0,0,1,15,0,7,1,5,0
04-05-20,Marion,23,4,22,4,1,0,19,0,62,5,81,5,0,1,2,10,2,12,0,10,2
04-05-20,Marshall,6,3,6,3,0,0,5,2,144,6,149,8,0,0,3,4,0,2,0,2,0
04-05-20,Maury,24,3,24,3,0,0,23,1,494,20,517,21,0,0,2,10,1,14,0,4,0
04-05-20,McMinn,3,0,3,0,0,0,3,0,193,11,196,11,0,0,0,0,0,3,0,1,0
04-05-20,McNairy,5,2,5,2,0,0,4,1,76,3,80,4,0,0,1,0,1,5,0,0,0
04-05-20,Meigs,2,0,2,0,0,0,2,0,40,1,42,1,0,0,0,1,0,1,0,1,0
04-05-20,Monroe,6,0,6,0,0,0,6,0,110,7,116,7,0,0,0,3,0,3,0,1,0
04-05-20,Montgomery,53,3,53,3,0,0,53,4,714,58,767,62,0,1,-1,18,4,34,0,7,1
04-05-20,Moore,0,0,0,0,0,0,0,0,17,1,17,1,0,0,0,0,0,0,0,0,0
04-05-20,Morgan,4,0,4,0,0,0,6,1,47,7,53,8,0,0,0,3,0,1,0,0,0
04-05-20,Obion,2,0,2,0,0,0,2,0,75,4,77,4,0,1,0,0,0,1,0,1,1
04-05-20,Out of State,89,7,89,7,0,0,90,7,4564,338,4654,345,-1,0,2,12,6,77,0,5,0
04-05-20,Overton,4,1,4,1,0,0,3,0,119,13,122,13,0,0,1,1,0,3,1,1,0
04-05-20,Pending,0,0,0,0,0,0,0,0,7703,587,7703,587,0,0,0,0,0,0,0,0,0
04-05-20,Perry,3,0,3,0,0,0,3,0,30,4,33,4,0,0,0,2,0,1,0,0,0
04-05-20,Pickett,0,0,0,0,0,0,0,0,15,2,15,2,0,0,0,0,0,0,0,0,0
04-05-20,Polk,3,0,3,0,0,0,4,0,23,1,27,1,0,0,0,1,0,2,0,0,0
04-05-20,Putnam,56,1,56,1,0,0,60,2,426,37,486,39,0,0,-1,27,2,29,0,2,0
04-05-20,Rhea,0,0,0,0,0,0,0,0,117,5,117,5,0,0,0,0,0,0,0,0,0
04-05-20,Roane,6,0,6,0,0,0,7,1,191,16,198,17,0,0,-1,3,1,3,0,2,0
04-05-20,Robertson,57,3,57,3,0,0,54,2,427,30,481,32,0,0,-2,29,5,28,0,13,1
04-05-20,Rutherford,165,14,165,14,0,0,162,19,1268,117,1430,136,0,3,1,52,13,110,3,26,3
04-05-20,Scott,3,0,3,0,0,0,3,0,59,1,62,1,0,0,0,0,0,3,0,0,0
04-05-20,Sequatchie,1,0,1,0,0,0,1,0,29,0,30,0,0,0,0,0,0,1,0,1,0
04-05-20,Sevier,14,1,14,1,0,0,13,2,281,24,294,26,0,0,-1,1,2,13,0,3,0
04-05-20,Shelby,802,56,800,55,2,1,800,50,3275,155,4075,205,1,9,16,408,39,385,8,131,21
04-05-20,Smith,3,0,3,0,0,0,3,0,123,3,126,3,0,0,0,0,0,3,0,0,0
04-05-20,Stewart,2,0,2,0,0,0,2,0,61,6,63,6,0,0,0,2,0,0,0,0,0
04-05-20,Sullivan,24,6,24,6,0,0,21,5,184,11,205,16,0,1,5,7,1,16,2,4,1
04-05-20,Sumner,351,27,348,27,3,0,363,47,1101,75,1464,122,0,10,16,186,11,155,12,146,16
04-05-20,Tipton,36,3,35,3,1,0,36,3,262,33,298,36,0,0,0,10,3,26,0,7,0
04-05-20,Trousdale,12,2,11,2,1,0,13,5,43,3,56,8,0,1,1,8,1,3,1,4,1
04-05-20,Unicoi,1,0,1,0,0,0,1,0,30,0,31,0,0,0,-1,0,1,1,0,0,0
04-05-20,Union,1,0,1,0,0,0,1,0,30,0,31,0,0,0,0,1,0,0,0,0,0
04-05-20,Van Buren,0,0,0,0,0,0,0,0,23,1,23,1,0,0,0,0,0,0,0,0,0
04-05-20,Warren,1,0,1,0,0,0,0,0,118,1,118,1,0,0,0,-1,0,2,0,0,0
04-05-20,Washington,22,0,22,0,0,0,21,0,300,6,321,6,-2,0,2,4,0,18,0,1,0
04-05-20,Wayne,2,0,2,0,0,0,3,0,38,4,41,4,0,0,0,1,0,1,0,1,0
04-05-20,Weakley,5,0,5,0,0,0,2,1,92,12,94,13,0,0,-1,4,1,1,0,0,0
04-05-20,White,2,0,2,0,0,0,2,0,122,7,124,7,0,0,0,1,0,1,0,0,0
04-05-20,Williamson,264,25,264,25,0,0,268,24,1855,135,2123,159,2,2,17,78,6,184,2,30,2
04-05-20,Wilson,99,10,99,10,0,0,102,10,943,85,1045,95,0,0,5,49,5,50,0,10,0
04-04-20,Anderson,9,0,9,0,0,0,11,0,200,27,211,27,0,0,0,1,0,8,0,2,0
04-04-20,Bedford,9,0,9,0,0,0,9,0,132,19,141,19,0,0,0,9,0,0,0,3,0
04-04-20,Benton,4,0,4,0,0,0,4,0,47,5,51,5,0,0,-1,0,1,4,0,1,1
04-04-20,Bledsoe,3,1,3,1,0,0,0,0,22,0,22,0,0,0,1,0,0,3,1,1,0
04-04-20,Blount,35,2,35,2,0,0,34,3,264,97,298,100,0,0,0,11,2,24,0,4,2
04-04-20,Bradley,20,1,20,1,0,0,18,1,172,7,190,8,0,0,1,7,0,13,0,4,0
04-04-20,Campbell,5,0,5,0,0,0,5,0,75,5,80,5,0,0,0,2,0,3,0,0,0
04-04-20,Cannon,3,0,3,0,0,0,3,0,62,3,65,3,0,0,-1,2,1,1,0,0,0
04-04-20,Carroll,7,1,7,1,0,0,8,1,112,7,120,8,0,0,1,3,0,4,0,0,0
04-04-20,Carter,4,0,4,0,0,0,4,1,72,8,76,9,0,0,0,2,0,2,0,2,0
04-04-20,Cheatham,14,1,14,1,0,0,14,2,221,26,235,28,0,0,0,5,1,9,0,3,0
04-04-20,Chester,5,0,5,0,0,0,4,0,56,3,60,3,0,0,-1,1,1,4,0,1,0
04-04-20,Claiborne,2,0,2,0,0,0,1,0,49,7,50,7,0,0,0,-1,0,3,0,0,0
04-04-20,Clay,1,0,1,0,0,0,1,0,53,6,54,6,0,0,0,0,0,1,0,0,0
04-04-20,Cocke,1,0,1,0,0,0,1,0,53,7,54,7,0,0,0,-1,0,2,0,0,0
04-04-20,Coffee,6,1,5,1,1,0,6,1,189,20,195,21,0,0,1,3,0,3,0,0,0
04-04-20,Crockett,0,0,0,0,0,0,0,0,34,2,34,2,0,0,0,0,0,0,0,0,0
04-04-20,Cumberland,26,3,26,3,0,0,26,3,423,67,449,70,0,0,1,10,2,16,0,4,0
04-04-20,Davidson,806,39,806,39,0,0,791,44,8101,672,8892,716,0,6,-4,234,43,566,4,97,9
04-04-20,Decatur,2,1,2,1,0,0,2,1,39,4,41,5,0,0,1,2,0,0,0,0,0
04-04-20,Dekalb,5,0,5,0,0,0,5,0,100,17,105,17,0,0,-1,2,1,3,0,0,0
04-04-20,Dickson,22,1,22,1,0,0,21,1,177,13,198,14,0,0,1,13,0,9,1,4,0
04-04-20,Dyer,7,0,7,0,0,0,7,0,88,4,95,4,0,0,-1,1,1,6,0,1,0
04-04-20,Fayette,20,0,20,0,0,0,20,1,169,4,189,5,0,0,-3,11,3,9,0,3,0
04-04-20,Fentress,2,1,2,1,0,0,2,1,56,8,58,9,0,0,1,2,0,0,0,0,0
04-04-20,Franklin,11,0,11,0,0,0,11,2,114,7,125,9,0,1,-1,1,1,9,0,4,1
04-04-20,Gibson,10,3,10,3,0,0,10,3,169,13,179,16,0,0,1,3,2,7,0,1,0
04-04-20,Giles,3,0,3,0,0,0,3,0,72,2,75,2,0,0,-2,1,2,2,0,0,0
04-04-20,Grainger,3,0,3,0,0,0,2,0,43,3,45,3,0,0,0,3,0,0,0,1,0
04-04-20,Greene,17,1,17,1,0,0,13,1,75,0,88,1,0,1,0,4,1,12,1,4,1
04-04-20,Grundy,13,0,13,0,0,0,12,1,42,5,54,6,0,0,-1,6,1,7,0,7,0
04-04-20,Hamblen,4,1,4,1,0,0,4,1,88,12,92,13,0,0,1,2,0,2,1,2,0
04-04-20,Hamilton,75,5,75,5,0,0,74,6,854,58,928,64,1,4,-1,19,5,52,0,24,10
04-04-20,Hancock,0,0,0,0,0,0,0,0,10,4,10,4,0,0,0,0,0,0,0,0,0
04-04-20,Hardeman,6,0,6,0,0,0,6,0,79,5,85,5,0,0,-1,3,1,3,0,3,0
04-04-20,Hardin,1,0,1,0,0,0,1,0,137,10,138,10,0,0,0,0,0,1,0,0,0
04-04-20,Hawkins,10,1,10,1,0,0,6,1,62,1,68,2,0,1,1,5,0,4,1,4,1
04-04-20,Haywood,2,0,2,0,0,0,2,0,42,1,44,1,0,0,-2,-2,2,4,0,1,1
04-04-20,Henderson,0,0,0,0,0,0,0,0,93,4,93,4,0,0,0,-1,0,1,0,0,0
04-04-20,Henry,4,0,4,0,0,0,4,0,91,3,95,3,0,0,0,2,0,2,0,2,0
04-04-20,Hickman,2,1,2,1,0,0,2,1,77,5,79,6,0,0,1,1,0,1,1,1,0
04-04-20,Houston,4,0,4,0,0,0,4,0,66,0,70,0,0,0,0,1,0,3,0,3,0
04-04-20,Humphreys,3,0,3,0,0,0,2,0,64,2,66,2,0,0,0,1,0,2,0,0,0
04-04-20,Jackson,3,0,3,0,0,0,3,0,45,2,48,2,0,0,0,3,0,0,0,0,0
04-04-20,Jefferson,6,0,6,0,0,0,6,0,97,7,103,7,0,0,-1,-1,1,7,0,0,0
04-04-20,Johnson,2,0,2,0,0,0,1,0,10,0,11,0,0,0,-1,1,1,1,0,0,0
04-04-20,Knox,112,15,112,15,0,0,88,6,897,116,985,122,0,1,4,29,11,82,1,15,2
04-04-20,Lake,0,0,0,0,0,0,0,0,17,2,17,2,0,0,0,0,0,0,0,0,0
04-04-20,Lauderdale,2,0,2,0,0,0,2,0,60,1,62,1,0,0,0,2,0,0,0,0,0
04-04-20,Lawrence,3,0,3,0,0,0,2,0,144,11,146,11,0,0,0,-2,0,5,0,0,0
04-04-20,Lewis,2,0,2,0,0,0,2,0,19,0,21,0,0,0,0,1,0,1,0,0,0
04-04-20,Lincoln,5,0,5,0,0,0,6,1,64,7,70,8,0,0,0,1,0,4,0,2,0
04-04-20,Loudon,12,0,12,0,0,0,10,0,132,8,142,8,0,0,0,1,0,11,0,2,0
04-04-20,Macon,9,0,9,0,0,0,11,0,153,11,164,11,0,0,-1,6,1,3,0,3,1
04-04-20,Madison,21,0,21,0,0,0,20,1,212,20,232,21,0,0,-1,14,1,7,0,4,0
04-04-20,Marion,19,1,18,1,1,0,19,1,57,3,76,4,0,1,1,8,0,10,0,10,2
04-04-20,Marshall,3,0,3,0,0,0,3,0,138,9,141,9,0,0,0,1,0,2,0,2,0
04-04-20,Maury,21,0,21,0,0,0,22,2,474,26,496,28,0,0,-1,8,1,13,0,4,0
04-04-20,McMinn,3,0,3,0,0,0,3,0,182,16,185,16,0,0,0,0,0,3,0,1,0
04-04-20,McNairy,3,0,3,0,0,0,3,0,73,4,76,4,0,0,0,-1,0,4,0,0,0
04-04-20,Meigs,2,0,2,0,0,0,2,0,39,1,41,1,0,0,0,1,0,1,0,1,0
04-04-20,Monroe,6,0,6,0,0,0,6,0,103,22,109,22,0,0,0,3,0,3,0,1,0
04-04-20,Montgomery,50,4,50,4,0,0,49,3,656,51,705,54,1,1,-1,19,4,30,2,7,1
04-04-20,Moore,0,0,0,0,0,0,0,0,16,0,16,0,0,0,0,0,0,0,0,0,0
04-04-20,Morgan,4,1,4,1,0,0,5,2,40,3,45,5,0,0,1,3,0,1,0,0,0
04-04-20,Obion,2,0,2,0,0,0,2,0,71,0,73,0,0,1,0,0,0,1,0,1,1
04-04-20,Out of State,82,4,82,4,0,0,83,5,4226,699,4309,704,0,1,2,10,2,71,1,5,0
04-04-20,Overton,3,1,3,1,0,0,3,1,106,6,109,7,0,0,1,0,0,3,0,0,0
04-04-20,Pending,0,0,0,0,0,0,0,0,7116,396,7116,396,0,0,0,0,0,0,0,0,0
04-04-20,Perry,3,0,3,0,0,0,3,0,26,0,29,0,0,0,0,2,0,1,0,0,0
04-04-20,Pickett,0,0,0,0,0,0,0,0,13,0,13,0,0,0,0,0,0,0,0,0,0
04-04-20,Polk,3,0,3,0,0,0,4,0,22,1,26,1,0,0,0,1,0,2,0,0,0
04-04-20,Putnam,55,4,55,4,0,0,58,5,389,39,447,44,0,0,-2,28,6,27,0,2,0
04-04-20,Rhea,0,0,0,0,0,0,0,0,112,6,112,6,0,0,0,0,0,0,0,0,0
04-04-20,Roane,6,2,6,2,0,0,6,2,175,24,181,26,0,0,1,4,1,2,0,2,0
04-04-20,Robertson,54,6,54,6,0,0,52,6,397,52,449,58,0,0,5,31,1,23,0,13,1
04-04-20,Rutherford,151,10,151,10,0,0,143,10,1151,65,1294,75,0,3,3,51,7,97,0,23,3
04-04-20,Scott,3,0,3,0,0,0,3,0,58,5,61,5,0,0,0,0,0,3,0,0,0
04-04-20,Sequatchie,1,0,1,0,0,0,1,0,29,2,30,2,0,0,-1,0,1,1,0,1,0
04-04-20,Sevier,13,0,13,0,0,0,11,1,257,31,268,32,0,0,-3,2,3,11,0,3,0
04-04-20,Shelby,746,29,745,29,1,0,750,28,3120,83,3870,111,2,8,-18,392,45,346,5,123,19
04-04-20,Smith,3,0,3,0,0,0,3,0,120,12,123,12,0,0,-1,0,1,3,0,0,0
04-04-20,Stewart,2,1,2,1,0,0,2,1,55,7,57,8,0,0,1,2,0,0,0,0,0
04-04-20,Sullivan,18,0,18,0,0,0,16,0,173,9,189,9,0,1,-2,2,2,15,0,2,1
04-04-20,Sumner,324,20,321,20,3,0,316,27,1026,115,1342,142,2,10,0,170,18,144,4,134,10
04-04-20,Tipton,33,2,32,2,1,0,33,4,229,6,262,10,0,0,0,10,2,23,0,7,0
04-04-20,Trousdale,10,1,9,1,1,0,8,1,40,6,48,7,0,1,1,7,0,2,0,3,1
04-04-20,Unicoi,1,0,1,0,0,0,1,0,30,1,31,1,0,0,0,1,0,0,0,0,0
04-04-20,Union,1,0,1,0,0,0,1,0,30,1,31,1,0,0,0,1,0,0,0,0,0
04-04-20,Van Buren,0,0,0,0,0,0,0,0,22,2,22,2,0,0,0,0,0,0,0,0,0
04-04-20,Warren,1,0,1,0,0,0,0,0,117,11,117,11,0,0,-2,-1,2,2,0,0,0
04-04-20,Washington,22,1,22,1,0,0,21,1,294,15,315,16,2,2,-4,2,3,18,0,1,0
04-04-20,Wayne,2,0,2,0,0,0,3,0,34,3,37,3,0,0,0,1,0,1,0,1,0
04-04-20,Weakley,5,4,5,4,0,0,1,0,80,7,81,7,0,0,4,5,0,0,0,0,0
04-04-20,White,2,0,2,0,0,0,2,0,115,17,117,17,0,0,0,1,0,1,0,0,0
04-04-20,Williamson,239,19,239,19,0,0,244,19,1720,126,1964,145,-2,0,5,61,16,178,2,28,2
04-04-20,Wilson,89,12,89,12,0,0,92,13,858,82,950,95,0,0,4,44,8,45,1,10,0
04-03-20,Anderson,9,0,9,0,0,0,11,0,173,13,184,13,0,0,-2,1,2,8,0,2,0
04-03-20,Bedford,9,3,9,3,0,0,9,3,113,1,122,4,0,0,3,9,0,0,0,3,0
04-03-20,Benton,4,0,4,0,0,0,4,0,42,5,46,5,0,0,0,1,0,3,0,1,1
04-03-20,Bledsoe,2,0,2,0,0,0,0,0,22,0,22,0,0,0,0,-1,0,3,0,0,0
04-03-20,Blount,33,1,33,1,0,0,31,1,167,16,198,17,0,0,-1,11,2,22,0,4,2
04-03-20,Bradley,19,1,19,1,0,0,17,1,165,12,182,13,0,0,0,6,1,13,0,4,0
04-03-20,Campbell,5,1,5,1,0,0,5,1,70,5,75,6,0,0,1,2,0,3,0,0,0
04-03-20,Cannon,3,0,3,0,0,0,3,0,59,2,62,2,0,0,0,3,0,0,0,0,0
04-03-20,Carroll,6,1,6,1,0,0,7,1,105,4,112,5,0,0,0,2,1,4,0,0,0
04-03-20,Carter,4,0,4,0,0,0,3,0,64,1,67,1,0,0,0,2,0,2,0,2,0
04-03-20,Cheatham,13,1,13,1,0,0,12,1,195,8,207,9,0,0,1,5,0,8,0,3,0
04-03-20,Chester,5,3,5,3,0,0,4,1,53,2,57,3,0,0,3,2,0,3,0,1,0
04-03-20,Claiborne,2,0,2,0,0,0,1,0,42,3,43,3,0,0,-1,-1,1,3,0,0,0
04-03-20,Clay,1,0,1,0,0,0,1,0,47,1,48,1,0,0,0,0,0,1,0,0,0
04-03-20,Cocke,1,0,1,0,0,0,1,0,46,1,47,1,0,0,0,-1,0,2,0,0,0
04-03-20,Coffee,5,1,4,0,1,1,5,0,169,18,174,18,0,0,1,2,0,3,0,0,0
04-03-20,Crockett,0,0,0,0,0,0,0,0,32,1,32,1,0,0,0,0,0,0,0,0,0
04-03-20,Cumberland,23,2,23,2,0,0,23,2,356,16,379,18,0,0,2,9,0,14,0,4,0
04-03-20,Davidson,767,73,767,73,0,0,747,66,7429,453,8176,519,0,6,2,238,71,523,17,93,8
04-03-20,Decatur,1,0,1,0,0,0,1,0,35,5,36,5,0,0,0,1,0,0,0,0,0
04-03-20,Dekalb,5,0,5,0,0,0,5,0,83,3,88,3,0,0,0,3,0,2,0,0,0
04-03-20,Dickson,21,1,21,1,0,0,20,2,164,10,184,12,0,0,0,12,1,9,0,3,0
04-03-20,Dyer,7,2,7,2,0,0,7,2,84,11,91,13,0,0,2,2,0,5,1,1,0
04-03-20,Fayette,20,4,20,4,0,0,19,5,165,17,184,22,0,0,4,14,0,6,0,3,0
04-03-20,Fentress,1,0,1,0,0,0,1,0,48,4,49,4,0,0,0,1,0,0,0,0,0
04-03-20,Franklin,11,2,11,2,0,0,9,0,107,4,116,4,1,1,-2,2,3,8,2,4,1
04-03-20,Gibson,7,1,7,1,0,0,7,0,156,15,163,15,0,0,1,2,0,5,0,1,0
04-03-20,Giles,3,0,3,0,0,0,3,0,70,1,73,1,0,0,0,3,0,0,0,0,0
04-03-20,Grainger,3,0,3,0,0,0,2,0,40,1,42,1,0,0,0,3,0,0,0,1,0
04-03-20,Greene,16,0,16,0,0,0,12,0,75,2,87,2,0,1,0,4,0,11,0,3,1
04-03-20,Grundy,13,2,13,2,0,0,11,2,37,6,48,8,0,0,2,7,0,6,1,7,0
04-03-20,Hamblen,3,0,3,0,0,0,3,0,76,3,79,3,0,0,0,1,0,2,0,1,0
04-03-20,Hamilton,70,3,70,3,0,0,68,2,796,55,864,57,0,3,-2,20,5,47,1,24,10
04-03-20,Hancock,0,0,0,0,0,0,0,0,6,0,6,0,0,0,0,0,0,0,0,0,0
04-03-20,Hardeman,6,0,6,0,0,0,6,1,74,20,80,21,0,0,-1,4,1,2,0,3,0
04-03-20,Hardin,1,0,1,0,0,0,1,0,127,15,128,15,0,0,0,0,0,1,0,0,0
04-03-20,Hawkins,9,2,9,2,0,0,5,0,61,2,66,2,1,1,-1,4,2,4,0,3,1
04-03-20,Haywood,2,0,2,0,0,0,2,0,41,1,43,1,0,0,0,0,0,2,0,1,1
04-03-20,Henderson,0,0,0,0,0,0,0,0,89,4,89,4,0,0,0,-1,0,1,0,0,0
04-03-20,Henry,4,0,4,0,0,0,4,0,88,7,92,7,0,0,-1,2,1,2,0,2,0
04-03-20,Hickman,1,0,1,0,0,0,1,0,72,2,73,2,0,0,0,0,0,1,0,0,0
04-03-20,Houston,4,0,4,0,0,0,4,1,66,3,70,4,0,0,-2,1,2,3,0,3,0
04-03-20,Humphreys,3,0,3,0,0,0,2,0,62,11,64,11,0,0,0,1,0,2,0,0,0
04-03-20,Jackson,3,0,3,0,0,0,3,0,43,2,46,2,0,0,0,3,0,0,0,0,0
04-03-20,Jefferson,6,0,6,0,0,0,6,0,90,10,96,10,0,0,0,0,0,6,0,0,0
04-03-20,Johnson,2,0,2,0,0,0,1,0,10,0,11,0,0,0,0,2,0,0,0,0,0
04-03-20,Knox,97,4,97,4,0,0,82,3,781,55,863,58,0,1,-8,25,12,71,1,14,1
04-03-20,Lake,0,0,0,0,0,0,0,0,15,0,15,0,0,0,0,0,0,0,0,0,0
04-03-20,Lauderdale,2,0,2,0,0,0,2,0,59,16,61,16,0,0,0,2,0,0,0,0,0
04-03-20,Lawrence,3,1,3,1,0,0,2,1,133,4,135,5,0,0,0,-2,1,5,0,0,0
04-03-20,Lewis,2,0,2,0,0,0,2,0,19,0,21,0,0,0,0,1,0,1,0,0,0
04-03-20,Lincoln,5,1,5,1,0,0,5,1,57,2,62,3,0,0,1,1,0,4,0,2,0
04-03-20,Loudon,12,0,12,0,0,0,10,0,124,10,134,10,0,0,-2,1,2,11,0,2,0
04-03-20,Macon,9,1,9,1,0,0,11,1,142,1,153,2,0,0,-1,7,2,2,0,3,0
04-03-20,Madison,21,2,21,2,0,0,19,2,192,4,211,6,0,0,1,15,1,6,0,4,0
04-03-20,Marion,18,1,17,1,1,0,18,2,54,8,72,10,0,1,1,7,0,10,0,10,1
04-03-20,Marshall,3,1,3,1,0,0,3,1,129,1,132,2,0,0,0,1,1,2,0,2,0
04-03-20,Maury,21,3,21,3,0,0,20,1,448,21,468,22,0,0,1,9,2,12,0,4,0
04-03-20,McMinn,3,0,3,0,0,0,3,0,166,18,169,18,0,0,0,0,0,3,0,1,0
04-03-20,McNairy,3,0,3,0,0,0,3,0,69,7,72,7,0,0,0,-1,0,4,0,0,0
04-03-20,Meigs,2,0,2,0,0,0,2,0,38,3,40,3,0,0,0,1,0,1,0,1,0
04-03-20,Monroe,6,1,6,1,0,0,6,1,81,2,87,3,0,0,1,3,0,3,0,1,0
04-03-20,Montgomery,46,3,46,3,0,0,46,5,605,28,651,33,0,0,1,20,2,26,0,5,1
04-03-20,Moore,0,0,0,0,0,0,0,0,16,0,16,0,0,0,0,0,0,0,0,0,0
04-03-20,Morgan,3,1,3,1,0,0,3,1,37,5,40,6,0,0,1,2,0,1,0,0,0
04-03-20,Obion,2,0,2,0,0,0,2,0,71,2,73,2,0,1,0,0,0,1,0,1,1
04-03-20,Out of State,78,3,78,3,0,0,78,3,3527,146,3605,149,0,1,-11,8,14,69,0,4,0
04-03-20,Overton,2,0,2,0,0,0,2,0,100,1,102,1,0,0,0,-1,0,3,0,0,0
04-03-20,Pending,0,0,0,0,0,0,0,0,6720,509,6720,509,0,0,0,0,0,0,0,0,0
04-03-20,Perry,3,1,3,1,0,0,3,1,26,0,29,1,0,0,1,2,0,1,0,0,0
04-03-20,Pickett,0,0,0,0,0,0,0,0,13,0,13,0,0,0,0,0,0,0,0,0,0
04-03-20,Polk,3,1,3,1,0,0,4,1,21,1,25,2,0,0,1,1,0,2,0,0,0
04-03-20,Putnam,51,1,51,1,0,0,53,5,350,8,403,13,0,0,-5,30,6,21,0,2,0
04-03-20,Rhea,0,0,0,0,0,0,0,0,106,11,106,11,0,0,0,0,0,0,0,0,0
04-03-20,Roane,4,0,4,0,0,0,4,0,151,13,155,13,0,0,0,3,0,1,0,2,0
04-03-20,Robertson,48,2,48,2,0,0,46,3,345,12,391,15,0,0,1,26,1,22,1,13,1
04-03-20,Rutherford,141,12,141,12,0,0,133,17,1086,82,1219,99,2,3,-3,48,13,90,0,23,3
04-03-20,Scott,3,0,3,0,0,0,3,0,53,3,56,3,0,0,0,0,0,3,0,0,0
04-03-20,Sequatchie,1,0,1,0,0,0,1,0,27,1,28,1,0,0,0,1,0,0,0,1,0
04-03-20,Sevier,13,0,13,0,0,0,10,0,226,14,236,14,0,0,0,5,0,8,0,3,0
04-03-20,Shelby,717,65,716,65,1,0,722,62,3037,227,3759,289,1,6,14,410,50,301,10,118,19
04-03-20,Smith,3,0,3,0,0,0,3,0,108,12,111,12,0,0,-1,1,1,2,0,0,0
04-03-20,Stewart,1,1,1,1,0,0,1,1,48,2,49,3,0,0,1,1,0,0,0,0,0
04-03-20,Sullivan,18,1,18,1,0,0,16,1,164,2,180,3,0,1,-4,4,5,13,0,2,1
04-03-20,Sumner,304,13,301,13,3,0,289,10,911,37,1200,47,1,8,-3,170,15,126,5,130,10
04-03-20,Tipton,31,3,30,3,1,0,29,2,223,26,252,28,0,0,1,10,2,21,0,7,0
04-03-20,Trousdale,9,1,8,1,1,0,7,0,34,2,41,2,0,1,0,6,1,2,0,3,1
04-03-20,Unicoi,1,0,1,0,0,0,1,0,29,0,30,0,0,0,0,1,0,0,0,0,0
04-03-20,Union,1,0,1,0,0,0,1,0,29,2,30,2,0,0,0,1,0,0,0,0,0
04-03-20,Van Buren,0,0,0,0,0,0,0,0,20,0,20,0,0,0,0,0,0,0,0,0,0
04-03-20,Warren,1,0,1,0,0,0,0,0,106,10,106,10,0,0,0,1,0,0,0,0,0
04-03-20,Washington,21,2,21,2,0,0,20,1,279,2,299,3,0,0,1,6,1,15,0,1,0
04-03-20,Wayne,2,0,2,0,0,0,3,1,31,2,34,3,0,0,0,1,0,1,0,1,0
04-03-20,Weakley,1,0,1,0,0,0,1,0,73,1,74,1,0,0,0,1,0,0,0,0,0
04-03-20,White,2,0,2,0,0,0,2,0,98,1,100,1,0,0,0,1,0,1,0,0,0
04-03-20,Williamson,220,16,220,16,0,0,225,17,1594,115,1819,132,-1,2,-1,56,18,162,2,26,2
04-03-20,Wilson,77,8,77,8,0,0,79,8,776,48,855,56,0,0,6,40,2,37,1,9,0
04-02-20,Anderson,9,0,9,0,0,0,11,0,160,15,171,15,0,0,,3,0,6,0,2,0
04-02-20,Bedford,6,0,6,0,0,0,6,3,112,12,118,15,0,0,,6,0,0,0,3,0
04-02-20,Benton,4,0,4,0,0,0,4,0,37,1,41,1,0,0,,1,0,3,0,1,1
04-02-20,Bledsoe,2,0,2,0,0,0,0,0,22,8,22,8,0,0,,-1,1,3,0,0,0
04-02-20,Blount,32,0,32,0,0,0,30,0,151,14,181,14,0,0,,12,2,20,0,4,1
04-02-20,Bradley,18,6,18,6,0,0,16,5,153,19,169,24,0,0,,6,0,12,1,4,0
04-02-20,Campbell,4,0,4,0,0,0,4,0,65,6,69,6,0,0,,1,0,3,0,0,0
04-02-20,Cannon,3,0,3,0,0,0,3,0,57,5,60,5,0,0,,3,0,0,0,0,0
04-02-20,Carroll,5,0,5,0,0,0,6,0,101,15,107,15,0,0,,2,0,3,0,0,0
04-02-20,Carter,4,2,4,2,0,0,3,1,63,2,66,3,0,0,,2,1,2,1,2,0
04-02-20,Cheatham,12,0,12,0,0,0,11,0,187,19,198,19,0,0,,4,0,8,0,3,0
04-02-20,Chester,2,0,2,0,0,0,3,0,51,6,54,6,0,0,,-1,0,3,0,1,0
04-02-20,Claiborne,2,0,2,0,0,0,1,0,39,9,40,9,0,0,,0,0,2,0,0,0
04-02-20,Clay,1,0,1,0,0,0,1,0,46,19,47,19,0,0,,0,0,1,0,0,0
04-02-20,Cocke,1,0,1,0,0,0,1,0,45,7,46,7,0,0,,-1,0,2,0,0,0
04-02-20,Coffee,4,0,4,0,0,0,5,1,151,34,156,35,0,0,,1,0,3,0,0,0
04-02-20,Crockett,0,0,0,0,0,0,0,0,31,6,31,6,0,0,,0,0,0,0,0,0
04-02-20,Cumberland,21,7,21,7,0,0,21,7,340,61,361,68,0,0,,7,2,14,1,4,0
04-02-20,Davidson,694,43,694,43,0,0,681,51,6976,611,7657,662,2,6,,236,50,452,6,76,7
04-02-20,Decatur,1,0,1,0,0,0,1,0,30,5,31,5,0,0,,1,0,0,0,0,0
04-02-20,Dekalb,5,0,5,0,0,0,5,0,80,11,85,11,0,0,,3,1,2,0,0,0
04-02-20,Dickson,20,0,20,0,0,0,18,0,154,14,172,14,0,0,,12,0,8,0,3,0
04-02-20,Dyer,5,0,5,0,0,0,5,1,73,10,78,11,0,0,,0,2,5,0,0,0
04-02-20,Fayette,16,2,16,2,0,0,14,0,148,7,162,7,0,0,,10,1,6,0,3,0
04-02-20,Fentress,1,0,1,0,0,0,1,0,44,3,45,3,0,0,,1,0,0,0,0,0
04-02-20,Franklin,9,2,9,2,0,0,9,2,103,11,112,13,0,0,,4,0,5,0,2,1
04-02-20,Gibson,6,1,6,1,0,0,7,0,141,14,148,14,0,0,,1,0,5,1,1,0
04-02-20,Giles,3,0,3,0,0,0,3,0,69,5,72,5,0,0,,3,0,0,0,0,0
04-02-20,Grainger,3,0,3,0,0,0,2,0,39,4,41,4,0,0,,3,0,0,0,1,0
04-02-20,Greene,16,0,16,0,0,0,12,0,73,3,85,3,0,1,,4,0,11,0,3,1
04-02-20,Grundy,11,3,11,3,0,0,9,2,31,3,40,5,0,0,,5,3,6,3,6,0
04-02-20,Hamblen,3,0,3,0,0,0,3,0,73,5,76,5,0,0,,1,0,2,0,1,0
04-02-20,Hamilton,67,7,67,7,0,0,66,7,741,80,807,87,1,3,,22,8,42,0,23,8
04-02-20,Hancock,0,0,0,0,0,0,0,0,6,0,6,0,0,0,,0,0,0,0,0,0
04-02-20,Hardeman,6,1,6,1,0,0,5,0,54,11,59,11,0,0,,5,0,1,0,3,0
04-02-20,Hardin,1,0,1,0,0,0,1,0,112,12,113,12,0,0,,0,0,1,0,0,0
04-02-20,Hawkins,7,2,7,2,0,0,5,2,59,0,64,2,0,0,,5,1,2,1,3,1
04-02-20,Haywood,2,0,2,0,0,0,2,0,40,6,42,6,0,0,,0,0,2,0,1,0
04-02-20,Henderson,0,0,0,0,0,0,0,0,85,5,85,5,0,0,,-1,0,1,0,0,0
04-02-20,Henry,4,1,4,1,0,0,4,1,81,10,85,11,0,0,,3,1,1,1,2,0
04-02-20,Hickman,1,0,1,0,0,0,1,0,70,7,71,7,0,0,,0,1,1,0,0,0
04-02-20,Houston,4,1,4,1,0,0,3,1,63,8,66,9,0,0,,3,0,1,1,3,0
04-02-20,Humphreys,3,1,3,1,0,0,2,1,51,9,53,10,0,0,,1,1,2,0,0,0
04-02-20,Jackson,3,2,3,2,0,0,3,2,41,13,44,15,0,0,,3,0,0,0,0,0
04-02-20,Jefferson,6,0,6,0,0,0,6,0,80,11,86,11,0,0,,0,1,6,0,0,0
04-02-20,Johnson,2,0,2,0,0,0,1,0,10,3,11,3,0,0,,2,0,0,0,0,0
04-02-20,Knox,93,7,93,7,0,0,79,8,726,84,805,92,0,1,,33,8,59,0,13,1
04-02-20,Lake,0,0,0,0,0,0,0,0,15,1,15,1,0,0,,0,0,0,0,0,0
04-02-20,Lauderdale,2,0,2,0,0,0,2,0,43,3,45,3,0,0,,2,0,0,0,0,0
04-02-20,Lawrence,2,0,2,0,0,0,1,0,129,14,130,14,0,0,,-2,1,4,0,0,0
04-02-20,Lewis,2,0,2,0,0,0,2,0,19,3,21,3,0,0,,1,0,1,0,0,0
04-02-20,Lincoln,4,2,4,2,0,0,4,2,55,4,59,6,0,0,,0,2,4,1,2,0
04-02-20,Loudon,12,3,12,3,0,0,10,4,114,26,124,30,0,0,,3,1,9,0,2,0
04-02-20,Macon,8,2,8,2,0,0,10,5,141,52,151,57,0,0,,8,0,0,1,3,0
04-02-20,Madison,19,5,19,5,0,0,17,4,188,20,205,24,0,0,,14,2,5,2,4,0
04-02-20,Marion,17,3,16,3,1,0,16,3,46,4,62,7,0,1,,6,2,10,0,10,1
04-02-20,Marshall,2,0,2,0,0,0,2,1,128,11,130,12,0,0,,1,1,1,0,2,0
04-02-20,Maury,18,1,18,1,0,0,19,2,427,31,446,33,0,0,,8,4,10,0,4,0
04-02-20,McMinn,3,0,3,0,0,0,3,0,148,23,151,23,0,0,,0,0,3,0,1,0
04-02-20,McNairy,3,1,3,1,0,0,3,1,62,8,65,9,0,0,,-1,0,4,0,0,0
04-02-20,Meigs,2,1,2,1,0,0,2,1,35,4,37,5,0,0,,1,0,1,0,1,0
04-02-20,Monroe,5,0,5,0,0,0,5,1,79,11,84,12,0,0,,2,1,3,0,1,0
04-02-20,Montgomery,43,7,43,7,0,0,41,7,577,47,618,54,0,0,,19,4,24,1,5,0
04-02-20,Moore,0,0,0,0,0,0,0,0,16,1,16,1,0,0,,0,0,0,0,0,0
04-02-20,Morgan,2,1,2,1,0,0,2,1,32,5,34,6,0,0,,1,1,1,0,0,0
04-02-20,Obion,2,0,2,0,0,0,2,0,69,5,71,5,1,1,,0,1,1,0,1,1
04-02-20,Out of State,75,6,75,6,0,0,75,5,3381,375,3456,380,0,1,,19,8,55,1,4,0
04-02-20,Overton,2,0,2,0,0,0,2,0,99,25,101,25,0,0,,-1,1,3,0,0,0
04-02-20,Pending,0,0,0,0,0,0,0,0,6211,852,6211,852,0,0,,0,0,0,0,0,0
04-02-20,Perry,2,0,2,0,0,0,2,0,26,2,28,2,0,0,,1,1,1,0,0,0
04-02-20,Pickett,0,0,0,0,0,0,0,0,13,2,13,2,0,0,,0,0,0,0,0,0
04-02-20,Polk,2,1,2,1,0,0,3,2,20,1,23,3,0,0,,0,0,2,0,0,0
04-02-20,Putnam,50,15,50,15,0,0,48,12,342,80,390,92,0,0,,35,3,15,0,2,0
04-02-20,Rhea,0,0,0,0,0,0,0,0,95,19,95,19,0,0,,0,0,0,0,0,0
04-02-20,Roane,4,1,4,1,0,0,4,2,138,24,142,26,0,0,,3,0,1,1,2,0
04-02-20,Robertson,46,10,46,10,0,0,43,10,333,11,376,21,0,0,,25,1,21,1,12,1
04-02-20,Rutherford,129,19,129,19,0,0,116,19,1004,63,1120,82,0,1,,51,12,77,0,23,3
04-02-20,Scott,3,0,3,0,0,0,3,0,50,6,53,6,0,0,,0,0,3,0,0,0
04-02-20,Sequatchie,1,0,1,0,0,0,1,0,26,4,27,4,0,0,,1,0,0,0,1,0
04-02-20,Sevier,13,4,13,4,0,0,10,3,212,40,222,43,0,0,,5,1,8,0,3,0
04-02-20,Shelby,652,31,651,31,1,0,660,47,2810,144,3470,191,2,5,,396,45,251,5,108,12
04-02-20,Smith,3,0,3,0,0,0,3,0,96,8,99,8,0,0,,2,0,1,0,0,0
04-02-20,Stewart,0,0,0,0,0,0,0,0,46,3,46,3,0,0,,0,0,0,0,0,0
04-02-20,Sullivan,17,0,17,0,0,0,15,0,162,11,177,11,1,1,,8,1,8,0,2,1
04-02-20,Sumner,291,48,288,48,3,0,279,49,874,135,1153,184,0,7,,173,18,111,28,125,7
04-02-20,Tipton,28,4,27,4,1,0,27,3,197,13,224,16,0,0,,9,3,19,0,7,0
04-02-20,Trousdale,8,0,7,0,1,0,7,0,32,3,39,3,0,1,,6,0,1,0,3,1
04-02-20,Unicoi,1,0,1,0,0,0,1,0,29,3,30,3,0,0,,1,0,0,0,0,0
04-02-20,Union,1,0,1,0,0,0,1,0,27,5,28,5,0,0,,1,0,0,0,0,0
04-02-20,Van Buren,0,0,0,0,0,0,0,0,20,2,20,2,0,0,,0,0,0,0,0,0
04-02-20,Warren,1,0,1,0,0,0,0,0,96,20,96,20,0,0,,1,0,0,0,0,0
04-02-20,Washington,19,0,19,0,0,0,19,1,277,15,296,16,0,0,,5,3,14,0,1,0
04-02-20,Wayne,2,0,2,0,0,0,2,1,29,4,31,5,0,0,,1,0,1,0,1,0
04-02-20,Weakley,1,0,1,0,0,0,1,0,72,6,73,6,0,0,,1,0,0,0,0,0
04-02-20,White,2,0,2,0,0,0,2,0,97,27,99,27,0,0,,1,0,1,0,0,0
04-02-20,Williamson,204,11,204,11,0,0,208,16,1479,111,1687,127,1,3,,57,18,144,1,24,2
04-02-20,Wilson,69,6,69,6,0,0,71,6,728,73,799,79,0,0,,34,6,35,0,8,0
04-01-20,Anderson,9,0,9,0,0,0,11,0,145,16,156,16,,,,,0,6,0,2,0
04-01-20,Bedford,6,4,6,4,0,0,3,2,100,10,103,12,,,,,0,0,2,3,0
04-01-20,Benton,4,0,4,0,0,0,4,0,36,3,40,3,,,,,0,3,0,1,1
04-01-20,Bledsoe,2,0,2,0,0,0,0,0,14,6,14,6,,,,,0,2,0,0,0
04-01-20,Blount,32,5,32,5,0,0,30,5,137,11,167,16,,,,,6,18,0,4,1
04-01-20,Bradley,12,1,12,1,0,0,11,2,134,15,145,17,,,,,0,12,0,3,0
04-01-20,Campbell,4,0,4,0,0,0,4,0,59,7,63,7,,,,,0,3,0,0,0
04-01-20,Cannon,3,1,3,1,0,0,3,1,52,3,55,4,,,,,0,0,0,0,0
04-01-20,Carroll,5,0,5,0,0,0,6,1,86,3,92,4,,,,,0,3,0,0,0
04-01-20,Carter,2,0,2,0,0,0,2,0,61,8,63,8,,,,,0,1,0,1,0
04-01-20,Cheatham,12,0,12,0,0,0,11,0,168,15,179,15,,,,,0,8,0,3,0
04-01-20,Chester,2,0,2,0,0,0,3,0,45,2,48,2,,,,,0,3,0,1,0
04-01-20,Claiborne,2,0,2,0,0,0,1,0,30,5,31,5,,,,,0,2,0,0,0
04-01-20,Clay,1,0,1,0,0,0,1,0,27,2,28,2,,,,,0,1,0,0,0
04-01-20,Cocke,1,0,1,0,0,0,1,0,38,4,39,4,,,,,0,2,0,0,0
04-01-20,Coffee,4,2,4,2,0,0,4,2,117,2,121,4,,,,,2,3,0,0,0
04-01-20,Crockett,0,0,0,0,0,0,0,0,25,5,25,5,,,,,0,0,0,0,0
04-01-20,Cumberland,14,1,14,1,0,0,14,1,279,8,293,9,,,,,3,12,1,3,0
04-01-20,Davidson,651,82,651,82,0,0,630,78,6365,590,6995,668,,,,,63,402,10,70,7
04-01-20,Decatur,1,0,1,0,0,0,1,0,25,2,26,2,,,,,0,0,0,0,0
04-01-20,Dekalb,5,0,5,0,0,0,5,0,69,6,74,6,,,,,0,1,0,0,0
04-01-20,Dickson,20,2,20,2,0,0,18,3,140,12,158,15,,,,,3,8,0,3,0
04-01-20,Dyer,5,2,5,2,0,0,4,1,63,5,67,6,,,,,0,3,0,0,0
04-01-20,Fayette,14,2,14,2,0,0,14,2,141,17,155,19,,,,,2,5,1,3,0
04-01-20,Fentress,1,0,1,0,0,0,1,0,41,3,42,3,,,,,0,0,0,0,0
04-01-20,Franklin,7,2,7,2,0,0,7,2,92,19,99,21,,,,,1,5,0,2,1
04-01-20,Gibson,5,0,5,0,0,0,7,1,127,14,134,15,,,,,2,5,0,0,0
04-01-20,Giles,3,0,3,0,0,0,3,0,64,5,67,5,,,,,0,0,0,0,0
04-01-20,Grainger,3,2,3,2,0,0,2,2,35,3,37,5,,,,,0,0,0,1,0
04-01-20,Greene,16,2,16,2,0,0,12,2,70,11,82,13,,,,,2,11,0,3,1
04-01-20,Grundy,8,2,8,2,0,0,7,4,28,8,35,12,,,,,0,3,0,3,0
04-01-20,Hamblen,3,1,3,1,0,0,3,1,68,11,71,12,,,,,0,2,1,1,0
04-01-20,Hamilton,60,9,60,9,0,0,59,9,661,90,720,99,,,,,4,34,4,23,6
04-01-20,Hancock,0,0,0,0,0,0,0,0,6,1,6,1,,,,,0,0,0,0,0
04-01-20,Hardeman,5,2,5,2,0,0,5,2,43,5,48,7,,,,,0,1,1,3,0
04-01-20,Hardin,1,0,1,0,0,0,1,0,100,18,101,18,,,,,0,1,0,0,0
04-01-20,Hawkins,5,0,5,0,0,0,3,1,59,9,62,10,,,,,0,1,0,2,1
04-01-20,Haywood,2,0,2,0,0,0,2,0,34,8,36,8,,,,,0,2,0,1,0
04-01-20,Henderson,0,0,0,0,0,0,0,0,80,5,80,5,,,,,1,1,0,0,0
04-01-20,Henry,3,2,3,2,0,0,3,2,71,9,74,11,,,,,0,0,1,1,0
04-01-20,Hickman,1,1,1,1,0,0,1,1,63,4,64,5,,,,,0,0,0,0,0
04-01-20,Houston,3,0,3,0,0,0,2,0,55,4,57,4,,,,,1,1,0,2,0
04-01-20,Humphreys,2,0,2,0,0,0,1,0,42,5,43,5,,,,,0,1,0,0,0
04-01-20,Jackson,1,1,1,1,0,0,1,1,28,0,29,1,,,,,0,0,0,0,0
04-01-20,Jefferson,6,0,6,0,0,0,6,0,69,7,75,7,,,,,1,5,0,0,0
04-01-20,Johnson,2,0,2,0,0,0,1,0,7,2,8,2,,,,,0,0,0,0,0
04-01-20,Knox,86,15,86,15,0,0,71,10,642,94,713,104,,,,,7,51,1,13,1
04-01-20,Lake,0,0,0,0,0,0,0,0,14,3,14,3,,,,,0,0,0,0,0
04-01-20,Lauderdale,2,1,2,1,0,0,2,1,40,4,42,5,,,,,0,0,0,0,0
04-01-20,Lawrence,2,0,2,0,0,0,1,0,115,15,116,15,,,,,0,3,0,0,0
04-01-20,Lewis,2,0,2,0,0,0,2,0,16,2,18,2,,,,,1,1,0,0,0
04-01-20,Lincoln,2,1,2,1,0,0,2,1,51,5,53,6,,,,,0,2,1,1,0
04-01-20,Loudon,9,1,9,1,0,0,6,1,88,13,94,14,,,,,4,8,0,2,0
04-01-20,Macon,6,1,6,1,0,0,5,1,89,7,94,8,,,,,0,0,0,2,0
04-01-20,Madison,14,5,14,5,0,0,13,5,168,23,181,28,,,,,0,3,0,2,0
04-01-20,Marion,14,4,13,4,1,0,13,6,42,6,55,12,,,,,3,8,2,10,1
04-01-20,Marshall,2,1,2,1,0,0,1,0,117,6,118,6,,,,,0,0,1,2,0
04-01-20,Maury,17,1,17,1,0,0,17,1,396,22,413,23,,,,,2,6,0,4,0
04-01-20,McMinn,3,0,3,0,0,0,3,0,125,12,128,12,,,,,0,3,0,1,0
04-01-20,McNairy,2,1,2,1,0,0,2,1,54,4,56,5,,,,,2,4,0,0,0
04-01-20,Meigs,1,0,1,0,0,0,1,0,31,9,32,9,,,,,0,1,0,1,0
04-01-20,Monroe,5,0,5,0,0,0,4,0,68,2,72,2,,,,,0,2,0,1,0
04-01-20,Montgomery,36,8,36,8,0,0,34,9,530,51,564,60,,,,,4,20,1,4,0
04-01-20,Moore,0,0,0,0,0,0,0,0,15,3,15,3,,,,,0,0,0,0,0
04-01-20,Morgan,1,0,1,0,0,0,1,0,27,5,28,5,,,,,0,0,0,0,0
04-01-20,Obion,2,1,2,1,0,0,2,1,64,3,66,4,,,,,0,0,1,1,1
04-01-20,Out of State,69,4,69,4,0,0,70,3,3006,281,3076,284,,,,,4,47,0,3,0
04-01-20,Overton,2,0,2,0,0,0,2,0,74,1,76,1,,,,,1,2,0,0,0
04-01-20,Pending,0,0,0,0,0,0,0,0,5359,656,5359,656,,,,,0,0,0,0,0
04-01-20,Perry,2,0,2,0,0,0,2,0,24,1,26,1,,,,,0,0,0,0,0
04-01-20,Pickett,0,0,0,0,0,0,0,0,11,0,11,0,,,,,0,0,0,0,0
04-01-20,Polk,1,1,1,1,0,0,1,1,19,2,20,3,,,,,1,2,0,0,0
04-01-20,Putnam,35,2,35,2,0,0,36,3,262,4,298,7,,,,,1,12,0,2,0
04-01-20,Rhea,0,0,0,0,0,0,0,0,76,17,76,17,,,,,0,0,0,0,0
04-01-20,Roane,3,1,3,1,0,0,2,0,114,19,116,19,,,,,0,1,0,1,0
04-01-20,Robertson,36,4,36,4,0,0,33,3,322,21,355,24,,,,,3,20,1,11,1
04-01-20,Rutherford,110,20,110,20,0,0,97,18,941,97,1038,115,,,,,12,65,4,23,2
04-01-20,Scott,3,1,3,1,0,0,3,1,44,7,47,8,,,,,1,3,0,0,0
04-01-20,Sequatchie,1,1,1,1,0,0,1,1,22,7,23,8,,,,,0,0,1,1,0
04-01-20,Sevier,9,1,9,1,0,0,7,1,172,21,179,22,,,,,1,7,0,3,0
04-01-20,Shelby,621,95,620,95,1,0,613,89,2666,227,3279,316,,,,,41,206,15,103,9
04-01-20,Smith,3,0,3,0,0,0,3,0,88,4,91,4,,,,,1,1,0,0,0
04-01-20,Stewart,0,0,0,0,0,0,0,0,43,1,43,1,,,,,0,0,0,0,0
04-01-20,Sullivan,17,3,17,3,0,0,15,3,151,23,166,26,,,,,1,7,0,2,1
04-01-20,Sumner,243,24,240,24,3,0,230,23,739,67,969,90,,,,,13,93,6,97,7
04-01-20,Tipton,24,2,23,2,1,0,24,2,184,18,208,20,,,,,1,16,0,7,0
04-01-20,Trousdale,8,3,7,3,1,0,7,3,29,5,36,8,,,,,0,1,2,3,1
04-01-20,Unicoi,1,0,1,0,0,0,1,0,26,4,27,4,,,,,0,0,0,0,0
04-01-20,Union,1,0,1,0,0,0,1,0,22,2,23,2,,,,,0,0,0,0,0
04-01-20,Van Buren,0,0,0,0,0,0,0,0,18,2,18,2,,,,,0,0,0,0,0
04-01-20,Warren,1,0,1,0,0,0,0,0,76,16,76,16,,,,,0,0,0,0,0
04-01-20,Washington,19,3,19,3,0,0,18,5,262,35,280,40,,,,,2,11,0,1,0
04-01-20,Wayne,2,1,2,1,0,0,1,0,25,2,26,2,,,,,0,1,0,1,0
04-01-20,Weakley,1,0,1,0,0,0,1,0,66,4,67,4,,,,,0,0,0,0,0
04-01-20,White,2,0,2,0,0,0,2,0,70,5,72,5,,,,,0,1,0,0,0
04-01-20,Williamson,193,19,193,19,0,0,192,18,1368,104,1560,122,,,,,21,126,1,23,2
04-01-20,Wilson,63,6,63,6,0,0,65,11,655,87,720,98,,,,,4,29,0,8,0
03-31-20,Anderson,9,1,9,1,0,0,11,1,129,15,140,16,,,,,1,6,0,2,0
03-31-20,Bedford,2,1,2,1,0,0,1,0,90,22,91,22,,,,,0,0,1,1,0
03-31-20,Benton,4,1,4,1,0,0,4,1,33,1,37,2,,,,,0,3,0,1,1
03-31-20,Bledsoe,2,0,2,0,0,0,0,0,8,0,8,0,,,,,1,2,0,0,0
03-31-20,Blount,27,13,27,13,0,0,25,14,126,10,151,24,,,,,3,12,1,4,1
03-31-20,Bradley,11,3,11,3,0,0,9,2,119,8,128,10,,,,,3,12,1,3,0
03-31-20,Campbell,4,0,4,0,0,0,4,0,52,11,56,11,,,,,0,3,0,0,0
03-31-20,Cannon,2,1,2,1,0,0,2,1,49,5,51,6,,,,,0,0,0,0,0
03-31-20,Carroll,5,0,5,0,0,0,5,0,83,4,88,4,,,,,0,3,0,0,0
03-31-20,Carter,2,0,2,0,0,0,2,0,53,2,55,2,,,,,0,1,0,1,0
03-31-20,Cheatham,12,0,12,0,0,0,11,0,153,13,164,13,,,,,1,8,0,3,0
03-31-20,Chester,2,0,2,0,0,0,3,0,43,0,46,0,,,,,1,3,0,1,0
03-31-20,Claiborne,2,0,2,0,0,0,1,0,25,1,26,1,,,,,0,2,0,0,0
03-31-20,Clay,1,1,1,1,0,0,1,1,25,2,26,3,,,,,1,1,0,0,0
03-31-20,Cocke,1,0,1,0,0,0,1,0,34,3,35,3,,,,,1,2,0,0,0
03-31-20,Coffee,2,0,2,0,0,0,2,0,115,3,117,3,,,,,1,1,0,0,0
03-31-20,Crockett,0,0,0,0,0,0,0,0,20,0,20,0,,,,,0,0,0,0,0
03-31-20,Cumberland,13,1,13,1,0,0,13,1,271,15,284,16,,,,,2,9,0,2,0
03-31-20,Davidson,569,74,569,74,0,0,552,76,5775,662,6327,738,,,,,59,339,4,60,5
03-31-20,Decatur,1,0,1,0,0,0,1,0,23,1,24,1,,,,,0,0,0,0,0
03-31-20,Dekalb,5,1,5,1,0,0,5,1,63,6,68,7,,,,,0,1,0,0,0
03-31-20,Dickson,18,3,18,3,0,0,15,3,128,5,143,8,,,,,1,5,1,3,0
03-31-20,Dyer,3,0,3,0,0,0,3,0,58,9,61,9,,,,,0,3,0,0,0
03-31-20,Fayette,12,0,12,0,0,0,12,0,124,5,136,5,,,,,0,3,0,2,0
03-31-20,Fentress,1,0,1,0,0,0,1,0,38,2,39,2,,,,,0,0,0,0,0
03-31-20,Franklin,5,1,5,1,0,0,5,1,73,6,78,7,,,,,0,4,1,2,1
03-31-20,Gibson,5,0,5,0,0,0,6,0,113,7,119,7,,,,,0,3,0,0,0
03-31-20,Giles,3,1,3,1,0,0,3,1,59,3,62,4,,,,,0,0,0,0,0
03-31-20,Grainger,1,1,1,1,0,0,0,0,32,0,32,0,,,,,0,0,1,1,0
03-31-20,Greene,14,2,14,2,0,0,10,1,59,2,69,3,,,,,2,9,0,3,1
03-31-20,Grundy,6,3,6,3,0,0,3,1,20,1,23,2,,,,,0,3,2,3,0
03-31-20,Hamblen,2,0,2,0,0,0,2,0,57,3,59,3,,,,,1,2,0,0,0
03-31-20,Hamilton,51,10,51,10,0,0,50,12,571,46,621,58,,,,,3,30,4,19,5
03-31-20,Hancock,0,0,0,0,0,0,0,0,5,0,5,0,,,,,0,0,0,0,0
03-31-20,Hardeman,3,1,3,1,0,0,3,1,38,3,41,4,,,,,0,1,1,2,0
03-31-20,Hardin,1,0,1,0,0,0,1,0,82,4,83,4,,,,,0,1,0,0,0
03-31-20,Hawkins,5,1,5,1,0,0,2,1,50,4,52,5,,,,,0,1,0,2,1
03-31-20,Haywood,2,0,2,0,0,0,2,0,26,2,28,2,,,,,0,2,0,1,0
03-31-20,Henderson,0,0,0,0,0,0,0,0,75,4,75,4,,,,,0,0,0,0,0
03-31-20,Henry,1,0,1,0,0,0,1,0,62,4,63,4,,,,,0,0,0,0,0
03-31-20,Hickman,0,0,0,0,0,0,0,0,59,3,59,3,,,,,0,0,0,0,0
03-31-20,Houston,3,1,3,1,0,0,2,0,51,2,53,2,,,,,0,0,1,2,0
03-31-20,Humphreys,2,1,2,1,0,0,1,1,37,3,38,4,,,,,1,1,0,0,0
03-31-20,Jackson,0,0,0,0,0,0,0,0,28,1,28,1,,,,,0,0,0,0,0
03-31-20,Jefferson,6,0,6,0,0,0,6,1,62,4,68,5,,,,,1,4,0,0,0
03-31-20,Johnson,2,0,2,0,0,0,1,0,5,0,6,0,,,,,0,0,0,0,0
03-31-20,Knox,71,8,71,8,0,0,61,12,548,58,609,70,,,,,12,44,1,12,1
03-31-20,Lake,0,0,0,0,0,0,0,0,11,0,11,0,,,,,0,0,0,0,0
03-31-20,Lauderdale,1,1,1,1,0,0,1,1,36,8,37,9,,,,,0,0,0,0,0
03-31-20,Lawrence,2,0,2,0,0,0,1,0,100,6,101,6,,,,,2,3,0,0,0
03-31-20,Lewis,2,0,2,0,0,0,2,0,14,1,16,1,,,,,0,0,0,0,0
03-31-20,Lincoln,1,0,1,0,0,0,1,0,46,5,47,5,,,,,1,2,0,0,0
03-31-20,Loudon,8,0,8,0,0,0,5,1,75,17,80,18,,,,,2,4,0,2,0
03-31-20,Macon,5,1,5,1,0,0,4,1,82,20,86,21,,,,,0,0,0,2,0
03-31-20,Madison,9,2,9,2,0,0,8,1,145,10,153,11,,,,,0,3,0,2,0
03-31-20,Marion,10,3,9,3,1,0,7,1,36,2,43,3,,,,,2,5,2,8,1
03-31-20,Marshall,1,0,1,0,0,0,1,0,111,12,112,12,,,,,0,0,0,1,0
03-31-20,Maury,16,2,16,2,0,0,16,2,374,52,390,54,,,,,0,4,1,4,0
03-31-20,McMinn,3,0,3,0,0,0,3,0,113,15,116,15,,,,,0,3,0,1,0
03-31-20,McNairy,1,0,1,0,0,0,1,0,50,4,51,4,,,,,0,2,0,0,0
03-31-20,Meigs,1,0,1,0,0,0,1,0,22,0,23,0,,,,,0,1,0,1,0
03-31-20,Monroe,5,1,5,1,0,0,4,1,66,3,70,4,,,,,0,2,0,1,0
03-31-20,Montgomery,28,7,28,7,0,0,25,5,479,76,504,81,,,,,5,16,1,3,0
03-31-20,Moore,0,0,0,0,0,0,0,0,12,1,12,1,,,,,0,0,0,0,0
03-31-20,Morgan,1,0,1,0,0,0,1,0,22,5,23,5,,,,,0,0,0,0,0
03-31-20,Obion,1,0,1,0,0,0,1,0,61,4,62,4,,,,,0,0,0,0,1
03-31-20,Out of State,65,6,65,6,0,0,67,8,2725,290,2792,298,,,,,7,43,0,3,0
03-31-20,Overton,2,0,2,0,0,0,2,0,73,10,75,10,,,,,0,1,0,0,0
03-31-20,Pending,0,0,0,0,0,0,0,0,4703,453,4703,453,,,,,0,0,0,0,0
03-31-20,Perry,2,0,2,0,0,0,2,0,23,4,25,4,,,,,0,0,0,0,0
03-31-20,Pickett,0,0,0,0,0,0,0,0,11,4,11,4,,,,,0,0,0,0,0
03-31-20,Polk,0,0,0,0,0,0,0,0,17,0,17,0,,,,,0,1,0,0,0
03-31-20,Putnam,33,5,33,5,0,0,33,5,258,46,291,51,,,,,5,11,0,2,0
03-31-20,Rhea,0,0,0,0,0,0,0,0,59,14,59,14,,,,,0,0,0,0,0
03-31-20,Roane,2,0,2,0,0,0,2,0,95,15,97,15,,,,,0,1,0,1,0
03-31-20,Robertson,32,4,32,4,0,0,30,5,301,29,331,34,,,,,2,17,1,10,1
03-31-20,Rutherford,90,16,90,16,0,0,79,16,844,85,923,101,,,,,14,53,5,19,1
03-31-20,Scott,2,0,2,0,0,0,2,0,37,4,39,4,,,,,0,2,0,0,0
03-31-20,Sequatchie,0,0,0,0,0,0,0,0,15,1,15,1,,,,,0,0,0,0,0
03-31-20,Sevier,8,1,8,1,0,0,6,2,151,24,157,26,,,,,1,6,1,3,0
03-31-20,Shelby,526,56,525,56,1,0,524,71,2439,146,2963,217,,,,,37,165,11,88,8
03-31-20,Smith,3,1,3,1,0,0,3,1,84,15,87,16,,,,,0,0,0,0,0
03-31-20,Stewart,0,0,0,0,0,0,0,0,42,5,42,5,,,,,0,0,0,0,0
03-31-20,Sullivan,14,1,14,1,0,0,12,0,128,2,140,2,,,,,1,6,0,2,0
03-31-20,Sumner,219,14,216,14,3,0,207,16,672,64,879,80,,,,,15,80,0,91,6
03-31-20,Tipton,22,4,21,4,1,0,22,5,166,13,188,18,,,,,0,15,1,7,0
03-31-20,Trousdale,5,1,4,1,1,0,4,1,24,3,28,4,,,,,0,1,1,1,0
03-31-20,Unicoi,1,0,1,0,0,0,1,0,22,0,23,0,,,,,0,0,0,0,0
03-31-20,Union,1,0,1,0,0,0,1,0,20,1,21,1,,,,,0,0,0,0,0
03-31-20,Van Buren,0,0,0,0,0,0,0,0,16,1,16,1,,,,,0,0,0,0,0
03-31-20,Warren,1,0,1,0,0,0,0,0,60,1,60,1,,,,,0,0,0,0,0
03-31-20,Washington,16,3,16,3,0,0,13,2,227,10,240,12,,,,,2,9,0,1,0
03-31-20,Wayne,1,0,1,0,0,0,1,0,23,2,24,2,,,,,0,1,0,1,0
03-31-20,Weakley,1,0,1,0,0,0,1,0,62,8,63,8,,,,,0,0,0,0,0
03-31-20,White,2,0,2,0,0,0,2,0,65,5,67,5,,,,,0,1,0,0,0
03-31-20,Williamson,174,20,174,20,0,0,174,26,1264,156,1438,182,,,,,13,105,1,22,2
03-31-20,Wilson,57,8,57,8,0,0,54,8,568,91,622,99,,,,,3,25,2,8,0
03-30-20,Anderson,8,1,8,1,0,0,10,1,114,39,124,40,,,,,1,5,0,2,0
03-30-20,Bedford,1,0,1,0,0,0,1,0,68,8,69,8,,,,,0,0,0,0,0
03-30-20,Benton,3,0,3,0,0,0,3,0,32,4,35,4,,,,,0,3,0,1,1
03-30-20,Bledsoe,2,0,2,0,0,0,0,0,8,0,8,0,,,,,0,1,0,0,0
03-30-20,Blount,14,4,14,4,0,0,11,3,116,12,127,15,,,,,2,9,2,3,1
03-30-20,Bradley,8,0,8,0,0,0,7,0,111,13,118,13,,,,,3,9,0,2,0
03-30-20,Campbell,4,0,4,0,0,0,4,0,41,9,45,9,,,,,1,3,0,0,0
03-30-20,Cannon,1,0,1,0,0,0,1,0,44,7,45,7,,,,,0,0,0,0,0
03-30-20,Carroll,5,0,5,0,0,0,5,0,79,11,84,11,,,,,0,3,0,0,0
03-30-20,Carter,2,0,2,0,0,0,2,0,51,3,53,3,,,,,0,1,0,1,0
03-30-20,Cheatham,12,3,12,3,0,0,11,3,140,19,151,22,,,,,0,7,0,3,0
03-30-20,Chester,2,0,2,0,0,0,3,0,43,4,46,4,,,,,1,2,0,1,0
03-30-20,Claiborne,2,0,2,0,0,0,1,0,24,8,25,8,,,,,0,2,0,0,0
03-30-20,Clay,0,0,0,0,0,0,0,0,23,3,23,3,,,,,0,0,0,0,0
03-30-20,Cocke,1,0,1,0,0,0,1,0,31,4,32,4,,,,,0,1,0,0,0
03-30-20,Coffee,2,0,2,0,0,0,2,0,112,12,114,12,,,,,0,0,0,0,0
03-30-20,Crockett,0,0,0,0,0,0,0,0,20,3,20,3,,,,,0,0,0,0,0
03-30-20,Cumberland,12,2,12,2,0,0,12,2,256,49,268,51,,,,,2,7,1,2,0
03-30-20,Davidson,495,105,495,105,0,0,476,102,5113,1106,5589,1208,,,,,66,280,9,56,5
03-30-20,Decatur,1,0,1,0,0,0,1,0,22,2,23,2,,,,,0,0,0,0,0
03-30-20,Dekalb,4,0,4,0,0,0,4,1,57,9,61,10,,,,,0,1,0,0,0
03-30-20,Dickson,15,3,15,3,0,0,12,2,123,15,135,17,,,,,0,4,0,2,0
03-30-20,Dyer,3,0,3,0,0,0,3,0,49,10,52,10,,,,,0,3,0,0,0
03-30-20,Fayette,12,2,12,2,0,0,12,2,119,12,131,14,,,,,1,3,0,2,0
03-30-20,Fentress,1,1,1,1,0,0,1,1,36,3,37,4,,,,,0,0,0,0,0
03-30-20,Franklin,4,0,4,0,0,0,4,0,67,5,71,5,,,,,1,4,0,1,0
03-30-20,Gibson,5,3,5,3,0,0,6,3,106,16,112,19,,,,,2,3,0,0,0
03-30-20,Giles,2,1,2,1,0,0,2,1,56,9,58,10,,,,,0,0,0,0,0
03-30-20,Grainger,0,0,0,0,0,0,0,0,32,4,32,4,,,,,0,0,0,0,0
03-30-20,Greene,12,1,12,1,0,0,9,0,57,4,66,4,,,,,3,7,0,3,0
03-30-20,Grundy,3,1,3,1,0,0,2,0,19,4,21,4,,,,,1,3,0,1,0
03-30-20,Hamblen,2,0,2,0,0,0,2,0,54,9,56,9,,,,,0,1,0,0,0
03-30-20,Hamilton,41,4,41,4,0,0,38,2,525,60,563,62,,,,,6,27,0,15,5
03-30-20,Hancock,0,0,0,0,0,0,0,0,5,0,5,0,,,,,0,0,0,0,0
03-30-20,Hardeman,2,1,2,1,0,0,2,1,35,3,37,4,,,,,0,1,1,1,0
03-30-20,Hardin,1,0,1,0,0,0,1,0,78,10,79,10,,,,,0,1,0,0,0
03-30-20,Hawkins,4,2,4,2,0,0,1,0,46,2,47,2,,,,,0,1,1,2,1
03-30-20,Haywood,2,0,2,0,0,0,2,0,24,3,26,3,,,,,0,2,0,1,0
03-30-20,Henderson,0,0,0,0,0,0,0,0,71,6,71,6,,,,,0,0,0,0,0
03-30-20,Henry,1,0,1,0,0,0,1,0,58,6,59,6,,,,,0,0,0,0,0
03-30-20,Hickman,0,0,0,0,0,0,0,0,56,10,56,10,,,,,0,0,0,0,0
03-30-20,Houston,2,0,2,0,0,0,2,1,49,2,51,3,,,,,0,0,0,1,0
03-30-20,Humphreys,1,1,1,1,0,0,0,0,34,3,34,3,,,,,0,0,0,0,0
03-30-20,Jackson,0,0,0,0,0,0,0,0,27,2,27,2,,,,,0,0,0,0,0
03-30-20,Jefferson,6,1,6,1,0,0,5,0,58,10,63,10,,,,,0,3,0,0,0
03-30-20,Johnson,2,0,2,0,0,0,1,0,5,2,6,2,,,,,0,0,0,0,0
03-30-20,Knox,63,13,63,13,0,0,49,11,490,89,539,100,,,,,9,32,2,11,1
03-30-20,Lake,0,0,0,0,0,0,0,0,11,2,11,2,,,,,0,0,0,0,0
03-30-20,Lauderdale,0,0,0,0,0,0,0,0,28,1,28,1,,,,,0,0,0,0,0
03-30-20,Lawrence,2,0,2,0,0,0,1,1,94,15,95,16,,,,,0,1,0,0,0
03-30-20,Lewis,2,0,2,0,0,0,2,0,13,1,15,1,,,,,0,0,0,0,0
03-30-20,Lincoln,1,0,1,0,0,0,1,1,41,7,42,8,,,,,0,1,0,0,0
03-30-20,Loudon,8,0,8,0,0,0,4,0,58,11,62,11,,,,,0,2,0,2,0
03-30-20,Macon,4,1,4,1,0,0,3,1,62,14,65,15,,,,,0,0,1,2,0
03-30-20,Madison,7,2,7,2,0,0,7,2,135,26,142,28,,,,,1,3,1,2,0
03-30-20,Marion,7,0,6,0,1,0,6,0,34,3,40,3,,,,,1,3,0,6,1
03-30-20,Marshall,1,0,1,0,0,0,1,1,99,9,100,10,,,,,0,0,0,1,0
03-30-20,Maury,14,4,14,4,0,0,14,6,322,43,336,49,,,,,0,4,2,3,0
03-30-20,McMinn,3,0,3,0,0,0,3,0,98,9,101,9,,,,,0,3,0,1,0
03-30-20,McNairy,1,0,1,0,0,0,1,0,46,5,47,5,,,,,0,2,0,0,0
03-30-20,Meigs,1,0,1,0,0,0,1,0,22,2,23,2,,,,,0,1,0,1,0
03-30-20,Monroe,4,1,4,1,0,0,3,0,63,8,66,8,,,,,0,2,1,1,0
03-30-20,Montgomery,21,7,21,7,0,0,20,7,403,74,423,81,,,,,2,11,0,2,0
03-30-20,Moore,0,0,0,0,0,0,0,0,11,3,11,3,,,,,0,0,0,0,0
03-30-20,Morgan,1,0,1,0,0,0,1,0,17,7,18,7,,,,,0,0,0,0,0
03-30-20,Obion,1,0,1,0,0,0,1,0,57,3,58,3,,,,,0,0,0,0,0
03-30-20,Out of State,59,11,59,11,0,0,59,12,2435,391,2494,403,,,,,7,36,0,3,0
03-30-20,Overton,2,0,2,0,0,0,2,0,63,12,65,12,,,,,0,1,0,0,0
03-30-20,Pending,0,0,0,0,0,0,0,0,4250,856,4250,856,,,,,0,0,0,0,0
03-30-20,Perry,2,0,2,0,0,0,2,0,19,0,21,0,,,,,0,0,0,0,0
03-30-20,Pickett,0,0,0,0,0,0,0,0,7,0,7,0,,,,,0,0,0,0,0
03-30-20,Polk,0,0,0,0,0,0,0,0,17,2,17,2,,,,,1,1,0,0,0
03-30-20,Putnam,28,3,28,3,0,0,28,5,212,16,240,21,,,,,3,6,1,2,0
03-30-20,Rhea,0,0,0,0,0,0,0,0,45,12,45,12,,,,,0,0,0,0,0
03-30-20,Roane,2,0,2,0,0,0,2,1,80,20,82,21,,,,,0,1,0,1,0
03-30-20,Robertson,28,5,28,5,0,0,25,4,272,21,297,25,,,,,2,15,2,9,1
03-30-20,Rutherford,74,15,74,15,0,0,63,18,759,101,822,119,,,,,13,39,2,14,1
03-30-20,Scott,2,0,2,0,0,0,2,0,33,9,35,9,,,,,0,2,0,0,0
03-30-20,Sequatchie,0,0,0,0,0,0,0,0,14,3,14,3,,,,,0,0,0,0,0
03-30-20,Sevier,7,1,7,1,0,0,4,0,127,22,131,22,,,,,0,5,0,2,0
03-30-20,Shelby,470,104,469,104,1,0,453,93,2293,348,2746,441,,,,,32,128,19,77,4
03-30-20,Smith,2,1,2,1,0,0,2,1,69,11,71,12,,,,,0,0,0,0,0
03-30-20,Stewart,0,0,0,0,0,0,0,0,37,2,37,2,,,,,0,0,0,0,0
03-30-20,Sullivan,13,3,13,3,0,0,12,3,126,9,138,12,,,,,2,5,1,2,0
03-30-20,Sumner,205,69,202,69,3,0,191,70,608,186,799,256,,,,,13,65,26,91,5
03-30-20,Tipton,18,2,17,2,1,0,17,3,153,21,170,24,,,,,2,15,1,6,0
03-30-20,Trousdale,4,2,3,2,1,0,3,2,21,6,24,8,,,,,0,1,0,0,0
03-30-20,Unicoi,1,0,1,0,0,0,1,0,22,3,23,3,,,,,0,0,0,0,0
03-30-20,Union,1,0,1,0,0,0,1,0,19,3,20,3,,,,,0,0,0,0,0
03-30-20,Van Buren,0,0,0,0,0,0,0,0,15,1,15,1,,,,,0,0,0,0,0
03-30-20,Warren,1,1,1,1,0,0,0,0,59,12,59,12,,,,,0,0,0,0,0
03-30-20,Washington,13,0,13,0,0,0,11,0,217,14,228,14,,,,,2,7,0,1,0
03-30-20,Wayne,1,1,1,1,0,0,1,1,21,3,22,4,,,,,0,1,1,1,0
03-30-20,Weakley,1,0,1,0,0,0,1,0,54,11,55,11,,,,,0,0,0,0,0
03-30-20,White,2,1,2,1,0,0,2,1,60,22,62,23,,,,,1,1,0,0,0
03-30-20,Williamson,154,41,154,41,0,0,148,37,1108,211,1256,248,,,,,16,92,6,21,2
03-30-20,Wilson,49,15,49,15,0,0,46,16,477,124,523,140,,,,,10,22,3,6,0
03-29-20,Anderson,7,0,7,0,0,0,9,0,75,6,84,6,,,,,0,4,0,2,0
03-29-20,Bedford,1,0,1,0,0,0,1,0,60,3,61,3,,,,,0,0,0,0,0
03-29-20,Benton,3,0,3,0,0,0,3,0,28,4,31,4,,,,,0,3,0,1,1
03-29-20,Bledsoe,2,0,2,0,0,0,0,0,8,1,8,1,,,,,0,1,0,0,0
03-29-20,Blount,10,1,10,1,0,0,8,0,104,3,112,3,,,,,2,7,0,1,1
03-29-20,Bradley,8,0,8,0,0,0,7,0,98,0,105,0,,,,,1,6,0,2,0
03-29-20,Campbell,4,0,4,0,0,0,4,0,32,0,36,0,,,,,0,2,0,0,0
03-29-20,Cannon,1,0,1,0,0,0,1,0,37,5,38,5,,,,,0,0,0,0,0
03-29-20,Carroll,5,1,5,1,0,0,5,1,68,1,73,2,,,,,1,3,0,0,0
03-29-20,Carter,2,0,2,0,0,0,2,0,48,0,50,0,,,,,0,1,0,1,0
03-29-20,Cheatham,9,0,9,0,0,0,8,0,121,2,129,2,,,,,3,7,0,3,0
03-29-20,Chester,2,0,2,0,0,0,3,0,39,1,42,1,,,,,0,1,0,1,0
03-29-20,Claiborne,2,0,2,0,0,0,1,0,16,0,17,0,,,,,0,2,0,0,0
03-29-20,Clay,0,0,0,0,0,0,0,0,20,3,20,3,,,,,0,0,0,0,0
03-29-20,Cocke,1,0,1,0,0,0,1,0,27,0,28,0,,,,,0,1,0,0,0
03-29-20,Coffee,2,0,2,0,0,0,2,0,100,4,102,4,,,,,0,0,0,0,0
03-29-20,Crockett,0,0,0,0,0,0,0,0,17,2,17,2,,,,,0,0,0,0,0
03-29-20,Cumberland,10,0,10,0,0,0,10,0,207,2,217,2,,,,,4,5,0,1,0
03-29-20,Davidson,390,15,390,15,0,0,374,16,4007,39,4381,55,,,,,43,214,4,47,4
03-29-20,Decatur,1,0,1,0,0,0,1,0,20,0,21,0,,,,,0,0,0,0,0
03-29-20,Dekalb,4,1,4,1,0,0,3,0,48,9,51,9,,,,,0,1,0,0,0
03-29-20,Dickson,12,0,12,0,0,0,10,1,108,0,118,1,,,,,0,4,0,2,0
03-29-20,Dyer,3,0,3,0,0,0,3,0,39,3,42,3,,,,,1,3,0,0,0
03-29-20,Fayette,10,4,10,4,0,0,10,5,107,13,117,18,,,,,0,2,1,2,0
03-29-20,Fentress,0,0,0,0,0,0,0,0,33,1,33,1,,,,,0,0,0,0,0
03-29-20,Franklin,4,0,4,0,0,0,4,0,62,4,66,4,,,,,1,3,0,1,0
03-29-20,Gibson,2,0,2,0,0,0,3,0,90,3,93,3,,,,,0,1,0,0,0
03-29-20,Giles,1,1,1,1,0,0,1,1,47,1,48,2,,,,,0,0,0,0,0
03-29-20,Grainger,0,0,0,0,0,0,0,0,28,1,28,1,,,,,0,0,0,0,0
03-29-20,Greene,11,2,11,2,0,0,9,2,53,1,62,3,,,,,3,4,1,3,0
03-29-20,Grundy,2,0,2,0,0,0,2,0,15,1,17,1,,,,,0,2,0,1,0
03-29-20,Hamblen,2,0,2,0,0,0,2,0,45,5,47,5,,,,,1,1,0,0,0
03-29-20,Hamilton,37,2,37,2,0,0,36,1,465,13,501,14,,,,,3,21,0,15,3
03-29-20,Hancock,0,0,0,0,0,0,0,0,5,0,5,0,,,,,0,0,0,0,0
03-29-20,Hardeman,1,0,1,0,0,0,1,0,32,3,33,3,,,,,1,1,0,0,0
03-29-20,Hardin,1,0,1,0,0,0,1,0,68,3,69,3,,,,,0,1,0,0,0
03-29-20,Hawkins,2,0,2,0,0,0,1,0,44,1,45,1,,,,,0,1,0,1,1
03-29-20,Haywood,2,1,2,1,0,0,2,1,21,0,23,1,,,,,0,2,1,1,0
03-29-20,Henderson,0,0,0,0,0,0,0,0,65,0,65,0,,,,,0,0,0,0,0
03-29-20,Henry,1,0,1,0,0,0,1,0,52,1,53,1,,,,,0,0,0,0,0
03-29-20,Hickman,0,0,0,0,0,0,0,0,46,0,46,0,,,,,0,0,0,0,0
03-29-20,Houston,2,0,2,0,0,0,1,0,47,1,48,1,,,,,0,0,0,1,0
03-29-20,Humphreys,0,0,0,0,0,0,0,0,31,0,31,0,,,,,0,0,0,0,0
03-29-20,Jackson,0,0,0,0,0,0,0,0,25,1,25,1,,,,,0,0,0,0,0
03-29-20,Jefferson,5,0,5,0,0,0,5,0,48,3,53,3,,,,,1,3,0,0,0
03-29-20,Johnson,2,0,2,0,0,0,1,0,3,0,4,0,,,,,0,0,0,0,0
03-29-20,Knox,50,8,50,8,0,0,38,3,401,15,439,18,,,,,6,23,1,9,1
03-29-20,Lake,0,0,0,0,0,0,0,0,9,1,9,1,,,,,0,0,0,0,0
03-29-20,Lauderdale,0,0,0,0,0,0,0,0,27,2,27,2,,,,,0,0,0,0,0
03-29-20,Lawrence,2,2,2,2,0,0,0,0,79,0,79,0,,,,,0,1,0,0,0
03-29-20,Lewis,2,0,2,0,0,0,2,0,12,0,14,0,,,,,0,0,0,0,0
03-29-20,Lincoln,1,0,1,0,0,0,0,0,34,0,34,0,,,,,0,1,0,0,0
03-29-20,Loudon,8,0,8,0,0,0,4,0,47,3,51,3,,,,,0,2,0,2,0
03-29-20,Macon,3,0,3,0,0,0,2,0,48,1,50,1,,,,,0,0,0,1,0
03-29-20,Madison,5,1,5,1,0,0,5,1,109,5,114,6,,,,,0,2,0,1,0
03-29-20,Marion,7,1,6,1,1,0,6,1,31,0,37,1,,,,,0,2,1,6,1
03-29-20,Marshall,1,1,1,1,0,0,0,0,90,1,90,1,,,,,0,0,1,1,0
03-29-20,Maury,10,2,10,2,0,0,8,1,279,1,287,2,,,,,1,4,0,1,0
03-29-20,McMinn,3,0,3,0,0,0,3,0,89,1,92,1,,,,,1,3,0,1,0
03-29-20,McNairy,1,0,1,0,0,0,1,0,41,2,42,2,,,,,0,2,0,0,0
03-29-20,Meigs,1,0,1,0,0,0,1,0,20,0,21,0,,,,,0,1,0,1,0
03-29-20,Monroe,3,0,3,0,0,0,3,0,55,2,58,2,,,,,1,2,0,0,0
03-29-20,Montgomery,14,1,14,1,0,0,13,1,329,8,342,9,,,,,3,9,0,2,0
03-29-20,Moore,0,0,0,0,0,0,0,0,8,0,8,0,,,,,0,0,0,0,0
03-29-20,Morgan,1,0,1,0,0,0,1,0,10,0,11,0,,,,,0,0,0,0,0
03-29-20,Obion,1,0,1,0,0,0,1,0,54,4,55,4,,,,,0,0,0,0,0
03-29-20,Out of State,48,0,48,0,0,0,47,0,2044,58,2091,58,,,,,4,29,0,3,0
03-29-20,Overton,2,0,2,0,0,0,2,0,51,0,53,0,,,,,1,1,0,0,0
03-29-20,Pending,0,0,0,0,0,0,0,0,3394,31,3394,31,,,,,0,0,0,0,0
03-29-20,Perry,2,0,2,0,0,0,2,0,19,1,21,1,,,,,0,0,0,0,0
03-29-20,Pickett,0,0,0,0,0,0,0,0,7,0,7,0,,,,,0,0,0,0,0
03-29-20,Polk,0,0,0,0,0,0,0,0,15,0,15,0,,,,,0,0,0,0,0
03-29-20,Putnam,25,2,25,2,0,0,23,2,196,3,219,5,,,,,0,3,0,1,0
03-29-20,Rhea,0,0,0,0,0,0,0,0,33,0,33,0,,,,,0,0,0,0,0
03-29-20,Roane,2,0,2,0,0,0,1,0,60,5,61,5,,,,,0,1,0,1,0
03-29-20,Robertson,23,0,23,0,0,0,21,0,251,5,272,5,,,,,3,13,0,7,1
03-29-20,Rutherford,59,5,59,5,0,0,45,2,658,7,703,9,,,,,8,26,2,12,1
03-29-20,Scott,2,0,2,0,0,0,2,0,24,1,26,1,,,,,1,2,0,0,0
03-29-20,Sequatchie,0,0,0,0,0,0,0,0,11,1,11,1,,,,,0,0,0,0,0
03-29-20,Sevier,6,0,6,0,0,0,4,0,105,9,109,9,,,,,2,5,0,2,0
03-29-20,Shelby,366,18,365,18,1,0,360,15,1945,202,2305,217,,,,,23,96,2,58,3
03-29-20,Smith,1,0,1,0,0,0,1,0,58,0,59,0,,,,,0,0,0,0,0
03-29-20,Stewart,0,0,0,0,0,0,0,0,35,0,35,0,,,,,0,0,0,0,0
03-29-20,Sullivan,10,2,10,2,0,0,9,2,117,1,126,3,,,,,0,3,0,1,0
03-29-20,Sumner,136,28,133,28,3,0,121,26,422,18,543,44,,,,,9,52,20,65,4
03-29-20,Tipton,16,1,15,1,1,0,14,1,132,7,146,8,,,,,1,13,0,5,0
03-29-20,Trousdale,2,0,1,0,1,0,1,0,15,0,16,0,,,,,0,1,0,0,0
03-29-20,Unicoi,1,0,1,0,0,0,1,0,19,1,20,1,,,,,0,0,0,0,0
03-29-20,Union,1,0,1,0,0,0,1,0,16,2,17,2,,,,,0,0,0,0,0
03-29-20,Van Buren,0,0,0,0,0,0,0,0,14,0,14,0,,,,,0,0,0,0,0
03-29-20,Warren,0,0,0,0,0,0,0,0,47,2,47,2,,,,,0,0,0,0,0
03-29-20,Washington,13,0,13,0,0,0,11,0,203,4,214,4,,,,,1,5,0,1,0
03-29-20,Wayne,0,0,0,0,0,0,0,0,18,0,18,0,,,,,0,1,0,0,0
03-29-20,Weakley,1,0,1,0,0,0,1,0,43,1,44,1,,,,,0,0,0,0,0
03-29-20,White,1,0,1,0,0,0,1,0,38,1,39,1,,,,,0,0,0,0,0
03-29-20,Williamson,113,2,113,2,0,0,111,2,897,13,1008,15,,,,,15,76,1,15,1
03-29-20,Wilson,34,0,34,0,0,0,30,0,353,5,383,5,,,,,3,12,0,3,0
03-28-20,Anderson,7,3,7,3,0,0,9,3,69,17,78,20,,,,,0,4,1,2,0
03-28-20,Bedford,1,0,1,0,0,0,1,0,57,7,58,7,,,,,0,0,0,0,0
03-28-20,Benton,3,0,3,0,0,0,3,1,24,4,27,5,,,,,0,3,0,1,0
03-28-20,Bledsoe,2,0,2,0,0,0,0,0,7,1,7,1,,,,,0,1,0,0,0
03-28-20,Blount,9,2,9,2,0,0,8,2,101,8,109,10,,,,,2,5,0,1,1
03-28-20,Bradley,8,2,8,2,0,0,7,2,98,22,105,24,,,,,0,5,0,2,0
03-28-20,Campbell,4,0,4,0,0,0,4,0,32,8,36,8,,,,,0,2,0,0,0
03-28-20,Cannon,1,0,1,0,0,0,1,0,32,10,33,10,,,,,0,0,0,0,0
03-28-20,Carroll,4,0,4,0,0,0,4,1,67,3,71,4,,,,,1,2,0,0,0
03-28-20,Carter,2,0,2,0,0,0,2,1,48,5,50,6,,,,,1,1,0,1,0
03-28-20,Cheatham,9,1,9,1,0,0,8,0,119,18,127,18,,,,,0,4,0,3,0
03-28-20,Chester,2,0,2,0,0,0,3,0,38,5,41,5,,,,,0,1,0,1,0
03-28-20,Claiborne,2,0,2,0,0,0,1,0,16,2,17,2,,,,,1,2,0,0,0
03-28-20,Clay,0,0,0,0,0,0,0,0,17,3,17,3,,,,,0,0,0,0,0
03-28-20,Cocke,1,0,1,0,0,0,1,0,27,2,28,2,,,,,0,1,0,0,0
03-28-20,Coffee,2,1,2,1,0,0,2,1,96,26,98,27,,,,,0,0,0,0,0
03-28-20,Crockett,0,0,0,0,0,0,0,0,15,3,15,3,,,,,0,0,0,0,0
03-28-20,Cumberland,10,4,10,4,0,0,10,4,205,72,215,76,,,,,0,1,1,1,0
03-28-20,Davidson,375,54,375,54,0,0,358,51,3968,361,4326,412,,,,,40,171,15,43,4
03-28-20,Decatur,1,1,1,1,0,0,1,1,20,2,21,3,,,,,0,0,0,0,0
03-28-20,Dekalb,3,0,3,0,0,0,3,0,39,4,42,4,,,,,0,1,0,0,0
03-28-20,Dickson,12,1,12,1,0,0,9,1,108,11,117,12,,,,,2,4,0,2,0
03-28-20,Dyer,3,0,3,0,0,0,3,0,36,1,39,1,,,,,0,2,0,0,0
03-28-20,Fayette,6,3,6,3,0,0,5,2,94,10,99,12,,,,,0,2,1,1,0
03-28-20,Fentress,0,0,0,0,0,0,0,0,32,8,32,8,,,,,0,0,0,0,0
03-28-20,Franklin,4,2,4,2,0,0,4,2,58,12,62,14,,,,,1,2,0,1,0
03-28-20,Gibson,2,1,2,1,0,0,3,1,87,9,90,10,,,,,1,1,0,0,0
03-28-20,Giles,0,0,0,0,0,0,0,0,46,4,46,4,,,,,0,0,0,0,0
03-28-20,Grainger,0,0,0,0,0,0,0,0,27,4,27,4,,,,,0,0,0,0,0
03-28-20,Greene,9,1,9,1,0,0,7,1,52,10,59,11,,,,,0,1,1,2,0
03-28-20,Grundy,2,0,2,0,0,0,2,0,14,8,16,8,,,,,1,2,0,1,0
03-28-20,Hamblen,2,0,2,0,0,0,2,0,40,6,42,6,,,,,0,0,0,0,0
03-28-20,Hamilton,35,2,35,2,0,0,35,2,452,63,487,65,,,,,3,18,1,15,2
03-28-20,Hancock,0,0,0,0,0,0,0,0,5,3,5,3,,,,,0,0,0,0,0
03-28-20,Hardeman,1,0,1,0,0,0,1,0,29,0,30,0,,,,,0,0,0,0,0
03-28-20,Hardin,1,0,1,0,0,0,1,0,65,12,66,12,,,,,0,1,0,0,0
03-28-20,Hawkins,2,0,2,0,0,0,1,0,43,8,44,8,,,,,0,1,0,1,1
03-28-20,Haywood,1,1,1,1,0,0,1,1,21,2,22,3,,,,,0,2,0,0,0
03-28-20,Henderson,0,0,0,0,0,0,0,0,65,1,65,1,,,,,0,0,0,0,0
03-28-20,Henry,1,1,1,1,0,0,1,1,51,5,52,6,,,,,0,0,0,0,0
03-28-20,Hickman,0,0,0,0,0,0,0,0,46,2,46,2,,,,,0,0,0,0,0
03-28-20,Houston,2,0,2,0,0,0,1,0,46,5,47,5,,,,,0,0,0,1,0
03-28-20,Humphreys,0,0,0,0,0,0,0,0,31,5,31,5,,,,,0,0,0,0,0
03-28-20,Jackson,0,0,0,0,0,0,0,0,24,5,24,5,,,,,0,0,0,0,0
03-28-20,Jefferson,5,0,5,0,0,0,5,0,45,5,50,5,,,,,1,2,0,0,0
03-28-20,Johnson,2,1,2,1,0,0,1,1,3,1,4,2,,,,,0,0,0,0,0
03-28-20,Knox,42,7,42,7,0,0,35,6,386,48,421,54,,,,,1,17,1,8,0
03-28-20,Lake,0,0,0,0,0,0,0,0,8,2,8,2,,,,,0,0,0,0,0
03-28-20,Lauderdale,0,0,0,0,0,0,0,0,25,2,25,2,,,,,0,0,0,0,0
03-28-20,Lawrence,0,0,0,0,0,0,0,0,79,10,79,10,,,,,1,1,0,0,0
03-28-20,Lewis,2,0,2,0,0,0,2,0,12,1,14,1,,,,,0,0,0,0,0
03-28-20,Lincoln,1,0,1,0,0,0,0,0,34,2,34,2,,,,,0,1,0,0,0
03-28-20,Loudon,8,2,8,2,0,0,4,1,44,5,48,6,,,,,0,2,0,2,0
03-28-20,Macon,3,1,3,1,0,0,2,1,47,8,49,9,,,,,0,0,1,1,0
03-28-20,Madison,4,0,4,0,0,0,4,0,104,10,108,10,,,,,2,2,0,1,0
03-28-20,Marion,6,1,5,1,1,0,5,1,31,7,36,8,,,,,1,2,1,5,0
03-28-20,Marshall,0,0,0,0,0,0,0,0,89,9,89,9,,,,,0,0,0,0,0
03-28-20,Maury,8,0,8,0,0,0,7,0,278,20,285,20,,,,,1,3,0,1,0
03-28-20,McMinn,3,0,3,0,0,0,3,0,88,11,91,11,,,,,0,2,0,1,0
03-28-20,McNairy,1,1,1,1,0,0,1,1,39,5,40,6,,,,,0,2,0,0,0
03-28-20,Meigs,1,0,1,0,0,0,1,0,20,3,21,3,,,,,1,1,0,1,0
03-28-20,Monroe,3,0,3,0,0,0,3,1,53,9,56,10,,,,,0,1,0,0,0
03-28-20,Montgomery,13,2,13,2,0,0,12,2,321,50,333,52,,,,,0,6,0,2,0
03-28-20,Moore,0,0,0,0,0,0,0,0,8,2,8,2,,,,,0,0,0,0,0
03-28-20,Morgan,1,1,1,1,0,0,1,1,10,2,11,3,,,,,0,0,0,0,0
03-28-20,Obion,1,1,1,1,0,0,1,1,50,6,51,7,,,,,0,0,0,0,0
03-28-20,Out of State,48,0,48,0,0,0,47,0,1986,259,2033,259,,,,,7,25,0,3,0
03-28-20,Overton,2,0,2,0,0,0,2,1,51,9,53,10,,,,,0,0,0,0,0
03-28-20,Pending,0,0,0,0,0,0,0,0,3363,126,3363,126,,,,,0,0,0,0,0
03-28-20,Perry,2,0,2,0,0,0,2,0,18,1,20,1,,,,,0,0,0,0,0
03-28-20,Pickett,0,0,0,0,0,0,0,0,7,1,7,1,,,,,0,0,0,0,0
03-28-20,Polk,0,0,0,0,0,0,0,0,15,1,15,1,,,,,0,0,0,0,0
03-28-20,Putnam,23,5,23,5,0,0,21,6,193,38,214,44,,,,,1,3,0,1,0
03-28-20,Rhea,0,0,0,0,0,0,0,0,33,6,33,6,,,,,0,0,0,0,0
03-28-20,Roane,2,1,2,1,0,0,1,0,55,7,56,7,,,,,0,1,0,1,0
03-28-20,Robertson,23,1,23,1,0,0,21,2,246,49,267,51,,,,,3,10,0,7,1
03-28-20,Rutherford,54,11,54,11,0,0,43,11,651,85,694,96,,,,,6,18,1,10,1
03-28-20,Scott,2,0,2,0,0,0,2,0,23,5,25,5,,,,,0,1,0,0,0
03-28-20,Sequatchie,0,0,0,0,0,0,0,0,10,1,10,1,,,,,0,0,0,0,0
03-28-20,Sevier,6,0,6,0,0,0,4,0,96,12,100,12,,,,,1,3,0,2,0
03-28-20,Shelby,348,22,347,22,1,0,345,24,1743,220,2088,244,,,,,12,73,3,56,3
03-28-20,Smith,1,0,1,0,0,0,1,0,58,13,59,13,,,,,0,0,0,0,0
03-28-20,Stewart,0,0,0,0,0,0,0,0,35,2,35,2,,,,,0,0,0,0,0
03-28-20,Sullivan,8,2,8,2,0,0,7,2,116,18,123,20,,,,,0,3,1,1,0
03-28-20,Sumner,108,25,105,22,3,3,95,20,404,53,499,73,,,,,6,43,7,45,3
03-28-20,Tipton,15,4,14,3,1,1,13,2,125,11,138,13,,,,,1,12,1,5,0
03-28-20,Trousdale,2,1,1,0,1,1,1,0,15,2,16,2,,,,,0,1,0,0,0
03-28-20,Unicoi,1,0,1,0,0,0,1,0,18,4,19,4,,,,,0,0,0,0,0
03-28-20,Union,1,1,1,1,0,0,1,1,14,3,15,4,,,,,0,0,0,0,0
03-28-20,Van Buren,0,0,0,0,0,0,0,0,14,1,14,1,,,,,0,0,0,0,0
03-28-20,Warren,0,0,0,0,0,0,0,0,45,7,45,7,,,,,0,0,0,0,0
03-28-20,Washington,13,1,13,1,0,0,11,3,199,26,210,29,,,,,0,4,1,1,0
03-28-20,Wayne,0,0,0,0,0,0,0,0,18,5,18,5,,,,,0,1,0,0,0
03-28-20,Weakley,1,0,1,0,0,0,1,1,42,8,43,9,,,,,0,0,0,0,0
03-28-20,White,1,0,1,0,0,0,1,0,37,7,38,7,,,,,0,0,0,0,0
03-28-20,Williamson,111,14,111,14,0,0,109,15,884,86,993,101,,,,,8,61,2,14,0
03-28-20,Wilson,34,11,34,11,0,0,30,9,348,61,378,70,,,,,1,9,0,3,0
03-27-20,Anderson,4,1,4,1,0,0,6,1,52,6,58,7,,,,,3,4,0,1,0
03-27-20,Bedford,1,0,1,0,0,0,1,0,50,4,51,4,,,,,0,0,0,0,0
03-27-20,Benton,3,1,3,1,0,0,2,0,20,2,22,2,,,,,2,3,0,1,0
03-27-20,Bledsoe,2,2,2,2,0,0,0,0,6,1,6,1,,,,,0,1,0,0,0
03-27-20,Blount,7,2,7,2,0,0,6,2,93,4,99,6,,,,,1,3,0,1,1
03-27-20,Bradley,6,1,6,1,0,0,5,0,76,11,81,11,,,,,1,5,0,2,0
03-27-20,Campbell,4,0,4,0,0,0,4,0,24,3,28,3,,,,,1,2,0,0,0
03-27-20,Cannon,1,0,1,0,0,0,1,1,22,3,23,4,,,,,0,0,0,0,0
03-27-20,Carroll,4,0,4,0,0,0,3,1,64,8,67,9,,,,,1,1,0,0,0
03-27-20,Carter,2,2,2,2,0,0,1,1,43,14,44,15,,,,,0,0,1,1,0
03-27-20,Cheatham,8,0,8,0,0,0,8,0,101,13,109,13,,,,,1,4,0,3,0
03-27-20,Chester,2,0,2,0,0,0,3,0,33,4,36,4,,,,,0,1,0,1,0
03-27-20,Claiborne,2,0,2,0,0,0,1,0,14,2,15,2,,,,,0,1,0,0,0
03-27-20,Clay,0,0,0,0,0,0,0,0,14,0,14,0,,,,,0,0,0,0,0
03-27-20,Cocke,1,0,1,0,0,0,1,0,25,1,26,1,,,,,0,1,0,0,0
03-27-20,Coffee,1,0,1,0,0,0,1,0,70,9,71,9,,,,,0,0,0,0,0
03-27-20,Crockett,0,0,0,0,0,0,0,0,12,2,12,2,,,,,0,0,0,0,0
03-27-20,Cumberland,6,0,6,0,0,0,6,0,133,13,139,13,,,,,0,1,0,0,0
03-27-20,Davidson,321,49,321,49,0,0,307,47,3607,383,3914,430,,,,,33,131,6,28,3
03-27-20,Decatur,0,0,0,0,0,0,0,0,18,1,18,1,,,,,0,0,0,0,0
03-27-20,Dekalb,3,0,3,0,0,0,3,0,35,2,38,2,,,,,1,1,0,0,0
03-27-20,Dickson,11,3,11,3,0,0,8,2,97,10,105,12,,,,,0,2,0,2,0
03-27-20,Dyer,3,0,3,0,0,0,3,0,35,4,38,4,,,,,0,2,0,0,0
03-27-20,Fayette,3,0,3,0,0,0,3,0,84,17,87,17,,,,,0,2,0,0,0
03-27-20,Fentress,0,0,0,0,0,0,0,0,24,2,24,2,,,,,0,0,0,0,0
03-27-20,Franklin,2,0,2,0,0,0,2,0,46,10,48,10,,,,,0,1,0,1,0
03-27-20,Gibson,1,0,1,0,0,0,2,0,78,15,80,15,,,,,0,0,0,0,0
03-27-20,Giles,0,0,0,0,0,0,0,0,42,5,42,5,,,,,0,0,0,0,0
03-27-20,Grainger,0,0,0,0,0,0,0,0,23,1,23,1,,,,,0,0,0,0,0
03-27-20,Greene,8,0,8,0,0,0,6,0,42,10,48,10,,,,,0,1,0,1,0
03-27-20,Grundy,2,1,2,1,0,0,2,1,6,0,8,1,,,,,1,1,1,1,0
03-27-20,Hamblen,2,0,2,0,0,0,2,0,34,4,36,4,,,,,0,0,0,0,0
03-27-20,Hamilton,33,4,33,4,0,0,33,5,389,82,422,87,,,,,1,15,2,14,2
03-27-20,Hancock,0,0,0,0,0,0,0,0,2,0,2,0,,,,,0,0,0,0,0
03-27-20,Hardeman,1,1,1,1,0,0,1,1,29,3,30,4,,,,,0,0,0,0,0
03-27-20,Hardin,1,0,1,0,0,0,1,0,53,10,54,10,,,,,1,1,0,0,0
03-27-20,Hawkins,2,1,2,1,0,0,1,0,35,5,36,5,,,,,0,1,1,1,1
03-27-20,Haywood,0,0,0,0,0,0,0,0,19,3,19,3,,,,,1,2,0,0,0
03-27-20,Henderson,0,0,0,0,0,0,0,0,64,9,64,9,,,,,0,0,0,0,0
03-27-20,Henry,0,0,0,0,0,0,0,0,46,10,46,10,,,,,0,0,0,0,0
03-27-20,Hickman,0,0,0,0,0,0,0,0,44,6,44,6,,,,,0,0,0,0,0
03-27-20,Houston,2,0,2,0,0,0,1,0,41,2,42,2,,,,,0,0,0,1,0
03-27-20,Humphreys,0,0,0,0,0,0,0,0,26,5,26,5,,,,,0,0,0,0,0
03-27-20,Jackson,0,0,0,0,0,0,0,0,19,1,19,1,,,,,0,0,0,0,0
03-27-20,Jefferson,5,0,5,0,0,0,5,0,40,3,45,3,,,,,0,1,0,0,0
03-27-20,Johnson,1,1,1,1,0,0,0,0,2,0,2,0,,,,,0,0,0,0,0
03-27-20,Knox,35,2,35,2,0,0,29,1,338,16,367,17,,,,,5,16,1,7,0
03-27-20,Lake,0,0,0,0,0,0,0,0,6,2,6,2,,,,,0,0,0,0,0
03-27-20,Lauderdale,0,0,0,0,0,0,0,0,23,6,23,6,,,,,0,0,0,0,0
03-27-20,Lawrence,0,0,0,0,0,0,0,0,69,6,69,6,,,,,0,0,0,0,0
03-27-20,Lewis,2,0,2,0,0,0,2,0,11,2,13,2,,,,,0,0,0,0,0
03-27-20,Lincoln,1,0,1,0,0,0,0,0,32,7,32,7,,,,,0,1,0,0,0
03-27-20,Loudon,6,0,6,0,0,0,3,0,39,3,42,3,,,,,1,2,0,2,0
03-27-20,Macon,2,1,2,1,0,0,1,0,39,7,40,7,,,,,0,0,0,0,0
03-27-20,Madison,4,1,4,1,0,0,4,1,94,9,98,10,,,,,0,0,0,1,0
03-27-20,Marion,5,1,4,1,1,0,4,1,24,6,28,7,,,,,0,1,1,4,0
03-27-20,Marshall,0,0,0,0,0,0,0,0,80,12,80,12,,,,,0,0,0,0,0
03-27-20,Maury,8,1,8,1,0,0,7,1,258,19,265,20,,,,,0,2,1,1,0
03-27-20,McMinn,3,0,3,0,0,0,3,0,77,14,80,14,,,,,0,2,0,1,0
03-27-20,McNairy,0,0,0,0,0,0,0,0,34,4,34,4,,,,,0,2,0,0,0
03-27-20,Meigs,1,0,1,0,0,0,1,0,17,2,18,2,,,,,0,0,0,1,0
03-27-20,Monroe,3,1,3,1,0,0,2,0,44,7,46,7,,,,,1,1,0,0,0
03-27-20,Montgomery,11,5,11,5,0,0,10,5,271,37,281,42,,,,,2,6,0,2,0
03-27-20,Moore,0,0,0,0,0,0,0,0,6,4,6,4,,,,,0,0,0,0,0
03-27-20,Morgan,0,0,0,0,0,0,0,0,8,2,8,2,,,,,0,0,0,0,0
03-27-20,Obion,0,0,0,0,0,0,0,0,44,10,44,10,,,,,0,0,0,0,0
03-27-20,Out of State,48,2,48,2,0,0,47,1,1727,292,1774,293,,,,,9,18,1,3,0
03-27-20,Overton,2,1,2,1,0,0,1,0,42,4,43,4,,,,,0,0,0,0,0
03-27-20,Pending,0,0,0,0,0,0,0,0,3237,195,3237,195,,,,,0,0,0,0,0
03-27-20,Perry,2,0,2,0,0,0,2,0,17,3,19,3,,,,,0,0,0,0,0
03-27-20,Pickett,0,0,0,0,0,0,0,0,6,0,6,0,,,,,0,0,0,0,0
03-27-20,Polk,0,0,0,0,0,0,0,0,14,4,14,4,,,,,0,0,0,0,0
03-27-20,Putnam,18,4,18,4,0,0,15,3,155,11,170,14,,,,,2,2,1,1,0
03-27-20,Rhea,0,0,0,0,0,0,0,0,27,7,27,7,,,,,0,0,0,0,0
03-27-20,Roane,1,0,1,0,0,0,1,0,48,4,49,4,,,,,0,1,0,1,0
03-27-20,Robertson,22,3,22,3,0,0,19,1,197,25,216,26,,,,,1,7,2,7,1
03-27-20,Rutherford,43,11,43,11,0,0,32,5,566,72,598,77,,,,,2,12,4,9,0
03-27-20,Scott,2,0,2,0,0,0,2,0,18,5,20,5,,,,,0,1,0,0,0
03-27-20,Sequatchie,0,0,0,0,0,0,0,0,9,0,9,0,,,,,0,0,0,0,0
03-27-20,Sevier,6,0,6,0,0,0,4,0,84,5,88,5,,,,,1,2,0,2,0
03-27-20,Shelby,326,55,325,55,1,0,321,59,1523,517,1844,576,,,,,13,61,8,53,2
03-27-20,Smith,1,0,1,0,0,0,1,0,45,10,46,10,,,,,0,0,0,0,0
03-27-20,Stewart,0,0,0,0,0,0,0,0,33,3,33,3,,,,,0,0,0,0,0
03-27-20,Sullivan,6,2,6,2,0,0,5,2,98,25,103,27,,,,,0,3,0,0,0
03-27-20,Sumner,83,23,83,23,0,0,75,21,351,67,426,88,,,,,5,37,12,38,2
03-27-20,Tipton,11,1,11,1,0,0,11,2,114,36,125,38,,,,,2,11,0,4,0
03-27-20,Trousdale,1,1,1,1,0,0,1,1,13,1,14,2,,,,,0,1,0,0,0
03-27-20,Unicoi,1,0,1,0,0,0,1,1,14,5,15,6,,,,,0,0,0,0,0
03-27-20,Union,0,0,0,0,0,0,0,0,11,0,11,0,,,,,0,0,0,0,0
03-27-20,Van Buren,0,0,0,0,0,0,0,0,13,3,13,3,,,,,0,0,0,0,0
03-27-20,Warren,0,0,0,0,0,0,0,0,38,7,38,7,,,,,0,0,0,0,0
03-27-20,Washington,12,2,12,2,0,0,8,0,173,43,181,43,,,,,2,4,0,0,0
03-27-20,Wayne,0,0,0,0,0,0,0,0,13,2,13,2,,,,,0,1,0,0,0
03-27-20,Weakley,1,1,1,1,0,0,0,0,34,6,34,6,,,,,0,0,0,0,0
03-27-20,White,1,0,1,0,0,0,1,0,30,2,31,2,,,,,0,0,0,0,0
03-27-20,Williamson,97,16,97,16,0,0,94,17,798,91,892,108,,,,,10,53,0,12,0
03-27-20,Wilson,23,4,23,4,0,0,21,5,287,65,308,70,,,,,4,8,0,3,0
03-26-20,Anderson,3,1,3,1,0,0,5,1,46,15,51,16,,,,,0,1,1,1,0
03-26-20,Bedford,1,0,1,0,0,0,1,0,46,14,47,14,,,,,0,0,0,0,0
03-26-20,Benton,2,1,2,1,0,0,2,1,18,3,20,4,,,,,1,1,1,1,0
03-26-20,Bledsoe,0,0,0,0,0,0,0,0,5,0,5,0,,,,,0,1,0,0,0
03-26-20,Blount,5,1,5,1,0,0,4,1,89,31,93,32,,,,,0,2,1,1,1
03-26-20,Bradley,5,0,5,0,0,0,5,3,65,16,70,19,,,,,1,4,0,2,0
03-26-20,Campbell,4,2,4,2,0,0,4,2,21,2,25,4,,,,,0,1,0,0,0
03-26-20,Cannon,1,1,1,1,0,0,0,0,19,0,19,0,,,,,0,0,0,0,0
03-26-20,Carroll,4,1,4,1,0,0,2,0,56,10,58,10,,,,,0,0,0,0,0
03-26-20,Carter,0,0,0,0,0,0,0,0,29,11,29,11,,,,,0,0,0,0,0
03-26-20,Cheatham,8,0,8,0,0,0,8,0,88,13,96,13,,,,,1,3,0,3,0
03-26-20,Chester,2,0,2,0,0,0,3,1,29,11,32,12,,,,,0,1,0,1,0
03-26-20,Claiborne,2,1,2,1,0,0,1,0,12,2,13,2,,,,,0,1,0,0,0
03-26-20,Clay,0,0,0,0,0,0,0,0,14,0,14,0,,,,,0,0,0,0,0
03-26-20,Cocke,1,0,1,0,0,0,1,0,24,2,25,2,,,,,0,1,0,0,0
03-26-20,Coffee,1,0,1,0,0,0,1,0,61,14,62,14,,,,,0,0,0,0,0
03-26-20,Crockett,0,0,0,0,0,0,0,0,10,5,10,5,,,,,0,0,0,0,0
03-26-20,Cumberland,6,1,6,1,0,0,6,1,120,10,126,11,,,,,0,1,0,0,0
03-26-20,Davidson,272,26,272,26,0,0,260,26,3224,320,3484,346,,,,,21,98,2,22,3
03-26-20,Decatur,0,0,0,0,0,0,0,0,17,5,17,5,,,,,0,0,0,0,0
03-26-20,Dekalb,3,1,3,1,0,0,3,2,33,4,36,6,,,,,0,0,0,0,0
03-26-20,Dickson,8,1,8,1,0,0,6,2,87,14,93,16,,,,,1,2,1,2,0
03-26-20,Dyer,3,0,3,0,0,0,3,0,31,12,34,12,,,,,0,2,0,0,0
03-26-20,Fayette,3,0,3,0,0,0,3,0,67,23,70,23,,,,,0,2,0,0,0
03-26-20,Fentress,0,0,0,0,0,0,0,0,22,4,22,4,,,,,0,0,0,0,0
03-26-20,Franklin,2,0,2,0,0,0,2,0,36,11,38,11,,,,,0,1,0,1,0
03-26-20,Gibson,1,0,1,0,0,0,2,0,63,22,65,22,,,,,0,0,0,0,0
03-26-20,Giles,0,0,0,0,0,0,0,0,37,13,37,13,,,,,0,0,0,0,0
03-26-20,Grainger,0,0,0,0,0,0,0,0,22,8,22,8,,,,,0,0,0,0,0
03-26-20,Greene,8,1,8,1,0,0,6,1,32,11,38,12,,,,,0,1,0,1,0
03-26-20,Grundy,1,0,1,0,0,0,1,1,6,2,7,3,,,,,0,0,0,0,0
03-26-20,Hamblen,2,0,2,0,0,0,2,0,30,10,32,10,,,,,0,0,0,0,0
03-26-20,Hamilton,29,2,29,2,0,0,28,5,307,59,335,64,,,,,5,14,0,12,2
03-26-20,Hancock,0,0,0,0,0,0,0,0,2,0,2,0,,,,,0,0,0,0,0
03-26-20,Hardeman,0,0,0,0,0,0,0,0,26,7,26,7,,,,,0,0,0,0,0
03-26-20,Hardin,1,0,1,0,0,0,1,0,43,12,44,12,,,,,0,0,0,0,0
03-26-20,Hawkins,1,0,1,0,0,0,1,1,30,11,31,12,,,,,0,1,0,0,1
03-26-20,Haywood,0,0,0,0,0,0,0,0,16,4,16,4,,,,,0,1,0,0,0
03-26-20,Henderson,0,0,0,0,0,0,0,0,55,18,55,18,,,,,0,0,0,0,0
03-26-20,Henry,0,0,0,0,0,0,0,0,36,5,36,5,,,,,0,0,0,0,0
03-26-20,Hickman,0,0,0,0,0,0,0,0,38,9,38,9,,,,,0,0,0,0,0
03-26-20,Houston,2,0,2,0,0,0,1,0,39,5,40,5,,,,,0,0,0,1,0
03-26-20,Humphreys,0,0,0,0,0,0,0,0,21,3,21,3,,,,,0,0,0,0,0
03-26-20,Jackson,0,0,0,0,0,0,0,0,18,3,18,3,,,,,0,0,0,0,0
03-26-20,Jefferson,5,1,5,1,0,0,5,0,37,16,42,16,,,,,0,1,0,0,0
03-26-20,Johnson,0,0,0,0,0,0,0,0,2,1,2,1,,,,,0,0,0,0,0
03-26-20,Knox,33,7,33,7,0,0,28,8,322,81,350,89,,,,,3,11,2,6,0
03-26-20,Lake,0,0,0,0,0,0,0,0,4,1,4,1,,,,,0,0,0,0,0
03-26-20,Lauderdale,0,0,0,0,0,0,0,0,17,7,17,7,,,,,0,0,0,0,0
03-26-20,Lawrence,0,0,0,0,0,0,0,0,63,14,63,14,,,,,0,0,0,0,0
03-26-20,Lewis,2,1,2,1,0,0,2,1,9,0,11,1,,,,,0,0,0,0,0
03-26-20,Lincoln,1,0,1,0,0,0,0,0,25,3,25,3,,,,,0,1,0,0,0
03-26-20,Loudon,6,2,6,2,0,0,3,0,36,6,39,6,,,,,0,1,0,2,0
03-26-20,Macon,1,1,1,1,0,0,1,1,32,8,33,9,,,,,0,0,0,0,0
03-26-20,Madison,3,1,3,1,0,0,3,1,85,30,88,31,,,,,0,0,0,1,0
03-26-20,Marion,4,0,3,0,1,0,3,0,18,3,21,3,,,,,1,1,0,3,0
03-26-20,Marshall,0,0,0,0,0,0,0,0,68,6,68,6,,,,,0,0,0,0,0
03-26-20,Maury,7,0,7,0,0,0,6,0,239,27,245,27,,,,,1,2,0,0,0
03-26-20,McMinn,3,0,3,0,0,0,3,1,63,22,66,23,,,,,1,2,0,1,0
03-26-20,McNairy,0,0,0,0,0,0,0,0,30,9,30,9,,,,,1,2,0,0,0
03-26-20,Meigs,1,0,1,0,0,0,1,0,15,9,16,9,,,,,0,0,0,1,0
03-26-20,Monroe,2,0,2,0,0,0,2,0,37,13,39,13,,,,,0,0,0,0,0
03-26-20,Montgomery,6,0,6,0,0,0,5,0,234,56,239,56,,,,,2,4,0,2,0
03-26-20,Moore,0,0,0,0,0,0,0,0,2,0,2,0,,,,,0,0,0,0,0
03-26-20,Morgan,0,0,0,0,0,0,0,0,6,2,6,2,,,,,0,0,0,0,0
03-26-20,Obion,0,0,0,0,0,0,0,0,34,15,34,15,,,,,0,0,0,0,0
03-26-20,Out of State,46,2,46,2,0,0,46,3,1435,348,1481,351,,,,,3,9,1,2,0
03-26-20,Overton,1,0,1,0,0,0,1,0,38,0,39,0,,,,,0,0,0,0,0
03-26-20,Pending,0,0,0,0,0,0,0,0,3042,182,3042,182,,,,,0,0,0,0,0
03-26-20,Perry,2,1,2,1,0,0,2,1,14,2,16,3,,,,,0,0,0,0,0
03-26-20,Pickett,0,0,0,0,0,0,0,0,6,2,6,2,,,,,0,0,0,0,0
03-26-20,Polk,0,0,0,0,0,0,0,0,10,1,10,1,,,,,0,0,0,0,0
03-26-20,Putnam,14,2,14,2,0,0,12,3,144,12,156,15,,,,,0,0,0,0,0
03-26-20,Rhea,0,0,0,0,0,0,0,0,20,1,20,1,,,,,0,0,0,0,0
03-26-20,Roane,1,0,1,0,0,0,1,0,44,12,45,12,,,,,0,1,0,1,0
03-26-20,Robertson,19,1,19,1,0,0,18,3,172,48,190,51,,,,,3,6,0,5,1
03-26-20,Rutherford,32,7,32,7,0,0,27,5,494,105,521,110,,,,,1,10,1,5,0
03-26-20,Scott,2,1,2,1,0,0,2,1,13,7,15,8,,,,,1,1,0,0,0
03-26-20,Sequatchie,0,0,0,0,0,0,0,0,9,1,9,1,,,,,0,0,0,0,0
03-26-20,Sevier,6,4,6,4,0,0,4,3,79,13,83,16,,,,,0,1,1,2,0
03-26-20,Shelby,271,60,270,59,1,1,262,59,1006,475,1268,534,,,,,13,48,12,45,1
03-26-20,Smith,1,1,1,1,0,0,1,1,35,17,36,18,,,,,0,0,0,0,0
03-26-20,Stewart,0,0,0,0,0,0,0,0,30,8,30,8,,,,,0,0,0,0,0
03-26-20,Sullivan,4,1,4,1,0,0,3,1,73,31,76,32,,,,,2,3,0,0,0
03-26-20,Sumner,60,15,60,15,0,0,54,13,284,69,338,82,,,,,5,32,4,26,1
03-26-20,Tipton,10,2,10,2,0,0,9,2,78,26,87,28,,,,,1,9,1,4,0
03-26-20,Trousdale,0,0,0,0,0,0,0,0,12,0,12,0,,,,,0,1,0,0,0
03-26-20,Unicoi,1,1,1,1,0,0,0,0,9,4,9,4,,,,,0,0,0,0,0
03-26-20,Union,0,0,0,0,0,0,0,0,11,5,11,5,,,,,0,0,0,0,0
03-26-20,Van Buren,0,0,0,0,0,0,0,0,10,2,10,2,,,,,0,0,0,0,0
03-26-20,Warren,0,0,0,0,0,0,0,0,31,10,31,10,,,,,0,0,0,0,0
03-26-20,Washington,10,2,10,2,0,0,8,2,130,51,138,53,,,,,1,2,0,0,0
03-26-20,Wayne,0,0,0,0,0,0,0,0,11,1,11,1,,,,,0,1,0,0,0
03-26-20,Weakley,0,0,0,0,0,0,0,0,28,12,28,12,,,,,0,0,0,0,0
03-26-20,White,1,0,1,0,0,0,1,0,28,6,29,6,,,,,0,0,0,0,0
03-26-20,Williamson,81,9,81,9,0,0,77,9,707,95,784,104,,,,,13,43,1,12,0
03-26-20,Wilson,19,5,19,5,0,0,16,2,222,57,238,59,,,,,1,4,1,3,0
03-25-20,Anderson,2,1,2,1,0,0,4,2,31,9,35,11,,,,,1,1,0,0,0
03-25-20,Bedford,1,1,1,1,0,0,1,1,32,2,33,3,,,,,0,0,0,0,0
03-25-20,Benton,1,1,1,1,0,0,1,1,15,1,16,2,,,,,0,0,0,0,0
03-25-20,Bledsoe,0,0,0,0,0,0,0,0,5,1,5,1,,,,,0,1,0,0,0
03-25-20,Blount,4,2,4,2,0,0,3,1,58,8,61,9,,,,,1,2,0,0,1
03-25-20,Bradley,5,2,5,2,0,0,2,0,49,5,51,5,,,,,1,3,0,2,0
03-25-20,Campbell,2,0,2,0,0,0,2,0,19,1,21,1,,,,,1,1,0,0,0
03-25-20,Cannon,0,0,0,0,0,0,0,0,19,3,19,3,,,,,0,0,0,0,0
03-25-20,Carroll,3,0,3,0,0,0,2,0,46,2,48,2,,,,,0,0,0,0,0
03-25-20,Carter,0,0,0,0,0,0,0,0,18,4,18,4,,,,,0,0,0,0,0
03-25-20,Cheatham,8,0,8,0,0,0,8,2,75,10,83,12,,,,,1,2,0,3,0
03-25-20,Chester,2,1,2,1,0,0,2,1,18,0,20,1,,,,,0,1,0,1,0
03-25-20,Claiborne,1,0,1,0,0,0,1,0,10,1,11,1,,,,,1,1,0,0,0
03-25-20,Clay,0,0,0,0,0,0,0,0,14,2,14,2,,,,,0,0,0,0,0
03-25-20,Cocke,1,0,1,0,0,0,1,0,22,9,23,9,,,,,1,1,0,0,0
03-25-20,Coffee,1,1,1,1,0,0,1,1,47,5,48,6,,,,,0,0,0,0,0
03-25-20,Crockett,0,0,0,0,0,0,0,0,5,0,5,0,,,,,0,0,0,0,0
03-25-20,Cumberland,5,2,5,2,0,0,5,2,110,47,115,49,,,,,0,1,0,0,0
03-25-20,Davidson,246,25,246,25,0,0,234,24,2904,227,3138,251,,,,,29,77,3,20,1
03-25-20,Decatur,0,0,0,0,0,0,0,0,12,5,12,5,,,,,0,0,0,0,0
03-25-20,Dekalb,2,1,2,1,0,0,1,0,29,5,30,5,,,,,0,0,0,0,0
03-25-20,Dickson,7,2,7,2,0,0,4,0,73,11,77,11,,,,,0,1,1,1,0
03-25-20,Dyer,3,1,3,1,0,0,3,1,19,3,22,4,,,,,0,2,0,0,0
03-25-20,Fayette,3,0,3,0,0,0,3,0,44,6,47,6,,,,,2,2,0,0,0
03-25-20,Fentress,0,0,0,0,0,0,0,0,18,2,18,2,,,,,0,0,0,0,0
03-25-20,Franklin,2,0,2,0,0,0,2,0,25,3,27,3,,,,,0,1,0,1,0
03-25-20,Gibson,1,0,1,0,0,0,2,0,41,3,43,3,,,,,0,0,0,0,0
03-25-20,Giles,0,0,0,0,0,0,0,0,24,1,24,1,,,,,0,0,0,0,0
03-25-20,Grainger,0,0,0,0,0,0,0,0,14,7,14,7,,,,,0,0,0,0,0
03-25-20,Greene,7,0,7,0,0,0,5,1,21,4,26,5,,,,,1,1,0,1,0
03-25-20,Grundy,1,0,1,0,0,0,0,0,4,1,4,1,,,,,0,0,0,0,0
03-25-20,Hamblen,2,0,2,0,0,0,2,0,20,8,22,8,,,,,0,0,0,0,0
03-25-20,Hamilton,27,14,27,14,0,0,23,11,248,34,271,45,,,,,3,9,8,12,1
03-25-20,Hancock,0,0,0,0,0,0,0,0,2,0,2,0,,,,,0,0,0,0,0
03-25-20,Hardeman,0,0,0,0,0,0,0,0,19,5,19,5,,,,,0,0,0,0,0
03-25-20,Hardin,1,0,1,0,0,0,1,0,31,3,32,3,,,,,0,0,0,0,0
03-25-20,Hawkins,1,0,1,0,0,0,0,0,19,2,19,2,,,,,0,1,0,0,1
03-25-20,Haywood,0,0,0,0,0,0,0,0,12,1,12,1,,,,,0,1,0,0,0
03-25-20,Henderson,0,0,0,0,0,0,0,0,37,5,37,5,,,,,0,0,0,0,0
03-25-20,Henry,0,0,0,0,0,0,0,0,31,5,31,5,,,,,0,0,0,0,0
03-25-20,Hickman,0,0,0,0,0,0,0,0,29,2,29,2,,,,,0,0,0,0,0
03-25-20,Houston,2,1,2,1,0,0,1,0,34,3,35,3,,,,,0,0,1,1,0
03-25-20,Humphreys,0,0,0,0,0,0,0,0,18,6,18,6,,,,,0,0,0,0,0
03-25-20,Jackson,0,0,0,0,0,0,0,0,15,2,15,2,,,,,0,0,0,0,0
03-25-20,Jefferson,4,0,4,0,0,0,5,1,21,7,26,8,,,,,1,1,0,0,0
03-25-20,Johnson,0,0,0,0,0,0,0,0,1,0,1,0,,,,,0,0,0,0,0
03-25-20,Knox,26,6,26,6,0,0,20,7,241,67,261,74,,,,,3,8,1,4,0
03-25-20,Lake,0,0,0,0,0,0,0,0,3,1,3,1,,,,,0,0,0,0,0
03-25-20,Lauderdale,0,0,0,0,0,0,0,0,10,2,10,2,,,,,0,0,0,0,0
03-25-20,Lawrence,0,0,0,0,0,0,0,0,49,12,49,12,,,,,0,0,0,0,0
03-25-20,Lewis,1,1,1,1,0,0,1,1,9,2,10,3,,,,,0,0,0,0,0
03-25-20,Lincoln,1,0,1,0,0,0,0,0,22,0,22,0,,,,,0,1,0,0,0
03-25-20,Loudon,4,1,4,1,0,0,3,1,30,11,33,12,,,,,0,1,0,2,0
03-25-20,Macon,0,0,0,0,0,0,0,0,24,11,24,11,,,,,0,0,0,0,0
03-25-20,Madison,2,1,2,1,0,0,2,1,55,4,57,5,,,,,0,0,1,1,0
03-25-20,Marion,4,1,3,1,1,0,3,1,15,3,18,4,,,,,0,0,1,3,0
03-25-20,Marshall,0,0,0,0,0,0,0,0,62,6,62,6,,,,,0,0,0,0,0
03-25-20,Maury,7,0,7,0,0,0,6,0,212,9,218,9,,,,,0,1,0,0,0
03-25-20,McMinn,3,1,3,1,0,0,2,0,41,5,43,5,,,,,0,1,1,1,0
03-25-20,McNairy,0,0,0,0,0,0,0,0,21,1,21,1,,,,,0,1,0,0,0
03-25-20,Meigs,1,1,1,1,0,0,1,1,6,0,7,1,,,,,0,0,1,1,0
03-25-20,Monroe,2,0,2,0,0,0,2,0,24,8,26,8,,,,,0,0,0,0,0
03-25-20,Montgomery,6,0,6,0,0,0,5,0,178,58,183,58,,,,,0,2,0,2,0
03-25-20,Moore,0,0,0,0,0,0,0,0,2,0,2,0,,,,,0,0,0,0,0
03-25-20,Morgan,0,0,0,0,0,0,0,0,4,0,4,0,,,,,0,0,0,0,0
03-25-20,Obion,0,0,0,0,0,0,0,0,19,2,19,2,,,,,0,0,0,0,0
03-25-20,Out of State,44,1,44,1,0,0,43,1,1087,235,1130,236,,,,,3,6,1,1,0
03-25-20,Overton,1,0,1,0,0,0,1,0,38,19,39,19,,,,,0,0,0,0,0
03-25-20,Pending,0,0,0,0,0,0,0,0,2860,592,2860,592,,,,,0,0,0,0,0
03-25-20,Perry,1,0,1,0,0,0,1,0,12,4,13,4,,,,,0,0,0,0,0
03-25-20,Pickett,0,0,0,0,0,0,0,0,4,2,4,2,,,,,0,0,0,0,0
03-25-20,Polk,0,0,0,0,0,0,0,0,9,4,9,4,,,,,0,0,0,0,0
03-25-20,Putnam,12,2,12,2,0,0,9,1,132,37,141,38,,,,,0,0,0,0,0
03-25-20,Rhea,0,0,0,0,0,0,0,0,19,2,19,2,,,,,0,0,0,0,0
03-25-20,Roane,1,0,1,0,0,0,1,0,32,10,33,10,,,,,0,1,0,1,0
03-25-20,Robertson,18,5,18,5,0,0,15,3,124,38,139,41,,,,,1,3,1,5,1
03-25-20,Rutherford,25,5,25,5,0,0,22,5,389,89,411,94,,,,,4,9,0,4,0
03-25-20,Scott,1,0,1,0,0,0,1,0,6,1,7,1,,,,,0,0,0,0,0
03-25-20,Sequatchie,0,0,0,0,0,0,0,0,8,1,8,1,,,,,0,0,0,0,0
03-25-20,Sevier,2,0,2,0,0,0,1,0,66,19,67,19,,,,,1,1,0,1,0
03-25-20,Shelby,211,56,211,56,0,0,203,47,531,72,734,119,,,,,7,35,9,33,0
03-25-20,Smith,0,0,0,0,0,0,0,0,18,3,18,3,,,,,0,0,0,0,0
03-25-20,Stewart,0,0,0,0,0,0,0,0,22,4,22,4,,,,,0,0,0,0,0
03-25-20,Sullivan,3,1,3,1,0,0,2,1,42,2,44,3,,,,,0,1,0,0,0
03-25-20,Sumner,45,11,45,11,0,0,41,9,215,26,256,35,,,,,4,27,4,22,1
03-25-20,Tipton,8,2,8,2,0,0,7,1,52,10,59,11,,,,,2,8,2,3,0
03-25-20,Trousdale,0,0,0,0,0,0,0,0,12,3,12,3,,,,,0,1,0,0,0
03-25-20,Unicoi,0,0,0,0,0,0,0,0,5,0,5,0,,,,,0,0,0,0,0
03-25-20,Union,0,0,0,0,0,0,0,0,6,4,6,4,,,,,0,0,0,0,0
03-25-20,Van Buren,0,0,0,0,0,0,0,0,8,0,8,0,,,,,0,0,0,0,0
03-25-20,Warren,0,0,0,0,0,0,0,0,21,3,21,3,,,,,0,0,0,0,0
03-25-20,Washington,8,1,8,1,0,0,6,0,79,18,85,18,,,,,0,1,0,0,0
03-25-20,Wayne,0,0,0,0,0,0,0,0,10,2,10,2,,,,,0,1,0,0,0
03-25-20,Weakley,0,0,0,0,0,0,0,0,16,2,16,2,,,,,0,0,0,0,0
03-25-20,White,1,1,1,1,0,0,1,1,22,3,23,4,,,,,0,0,0,0,0
03-25-20,Williamson,72,3,72,3,0,0,68,2,612,38,680,40,,,,,9,30,0,11,0
03-25-20,Wilson,14,2,14,2,0,0,14,3,165,17,179,20,,,,,1,3,0,2,0
03-24-20,Anderson,1,0,1,0,0,0,2,0,22,7,24,7,,,,,0,0,0,0,0
03-24-20,Bedford,0,0,0,0,0,0,0,0,30,1,30,1,,,,,0,0,0,0,0
03-24-20,Benton,0,0,0,0,0,0,0,0,14,0,14,0,,,,,0,0,0,0,0
03-24-20,Bledsoe,0,0,0,0,0,0,0,0,4,0,4,0,,,,,0,1,0,0,0
03-24-20,Blount,2,0,2,0,0,0,2,1,50,7,52,8,,,,,1,1,0,0,1
03-24-20,Bradley,3,1,3,1,0,0,2,0,44,2,46,2,,,,,0,2,1,2,0
03-24-20,Campbell,2,0,2,0,0,0,2,0,18,1,20,1,,,,,0,0,0,0,0
03-24-20,Cannon,0,0,0,0,0,0,0,0,16,0,16,0,,,,,0,0,0,0,0
03-24-20,Carroll,3,0,3,0,0,0,2,0,44,0,46,0,,,,,0,0,0,0,0
03-24-20,Carter,0,0,0,0,0,0,0,0,14,0,14,0,,,,,0,0,0,0,0
03-24-20,Cheatham,8,2,8,2,0,0,6,0,65,3,71,3,,,,,0,1,2,3,0
03-24-20,Chester,1,0,1,0,0,0,1,0,18,1,19,1,,,,,1,1,0,1,0
03-24-20,Claiborne,1,0,1,0,0,0,1,0,9,3,10,3,,,,,0,0,0,0,0
03-24-20,Clay,0,0,0,0,0,0,0,0,12,1,12,1,,,,,0,0,0,0,0
03-24-20,Cocke,1,0,1,0,0,0,1,0,13,4,14,4,,,,,0,0,0,0,0
03-24-20,Coffee,0,0,0,0,0,0,0,0,42,3,42,3,,,,,0,0,0,0,0
03-24-20,Crockett,0,0,0,0,0,0,0,0,5,0,5,0,,,,,0,0,0,0,0
03-24-20,Cumberland,3,0,3,0,0,0,3,0,63,13,66,13,,,,,0,1,0,0,0
03-24-20,Davidson,221,8,221,8,0,0,210,7,2677,133,2887,140,,,,,20,48,1,17,1
03-24-20,Decatur,0,0,0,0,0,0,0,0,7,0,7,0,,,,,0,0,0,0,0
03-24-20,Dekalb,1,0,1,0,0,0,1,0,24,1,25,1,,,,,0,0,0,0,0
03-24-20,Dickson,5,0,5,0,0,0,4,0,62,5,66,5,,,,,0,1,0,0,0
03-24-20,Dyer,2,0,2,0,0,0,2,0,16,2,18,2,,,,,0,2,0,0,0
03-24-20,Fayette,3,1,3,1,0,0,3,1,38,3,41,4,,,,,0,0,0,0,0
03-24-20,Fentress,0,0,0,0,0,0,0,0,16,1,16,1,,,,,0,0,0,0,0
03-24-20,Franklin,2,0,2,0,0,0,2,0,22,1,24,1,,,,,0,1,0,1,0
03-24-20,Gibson,1,0,1,0,0,0,2,0,38,7,40,7,,,,,0,0,0,0,0
03-24-20,Giles,0,0,0,0,0,0,0,0,23,0,23,0,,,,,0,0,0,0,0
03-24-20,Grainger,0,0,0,0,0,0,0,0,7,0,7,0,,,,,0,0,0,0,0
03-24-20,Greene,7,3,7,3,0,0,4,0,17,1,21,1,,,,,0,0,0,1,0
03-24-20,Grundy,1,0,1,0,0,0,0,0,3,0,3,0,,,,,0,0,0,0,0
03-24-20,Hamblen,2,0,2,0,0,0,2,0,12,3,14,3,,,,,0,0,0,0,0
03-24-20,Hamilton,13,5,13,5,0,0,12,4,214,14,226,18,,,,,2,6,3,4,0
03-24-20,Hancock,0,0,0,0,0,0,0,0,2,0,2,0,,,,,0,0,0,0,0
03-24-20,Hardeman,0,0,0,0,0,0,0,0,14,3,14,3,,,,,0,0,0,0,0
03-24-20,Hardin,1,0,1,0,0,0,1,0,28,4,29,4,,,,,0,0,0,0,0
03-24-20,Hawkins,1,1,1,1,0,0,0,0,17,3,17,3,,,,,0,1,0,0,1
03-24-20,Haywood,0,0,0,0,0,0,0,0,11,0,11,0,,,,,0,1,0,0,0
03-24-20,Henderson,0,0,0,0,0,0,0,0,32,2,32,2,,,,,0,0,0,0,0
03-24-20,Henry,0,0,0,0,0,0,0,0,26,1,26,1,,,,,0,0,0,0,0
03-24-20,Hickman,0,0,0,0,0,0,0,0,27,1,27,1,,,,,0,0,0,0,0
03-24-20,Houston,1,0,1,0,0,0,1,0,31,9,32,9,,,,,0,0,0,0,0
03-24-20,Humphreys,0,0,0,0,0,0,0,0,12,0,12,0,,,,,0,0,0,0,0
03-24-20,Jackson,0,0,0,0,0,0,0,0,13,1,13,1,,,,,0,0,0,0,0
03-24-20,Jefferson,4,1,4,1,0,0,4,1,14,3,18,4,,,,,0,0,0,0,0
03-24-20,Johnson,0,0,0,0,0,0,0,0,1,0,1,0,,,,,0,0,0,0,0
03-24-20,Knox,20,7,20,7,0,0,13,7,174,45,187,52,,,,,2,5,0,3,0
03-24-20,Lake,0,0,0,0,0,0,0,0,2,0,2,0,,,,,0,0,0,0,0
03-24-20,Lauderdale,0,0,0,0,0,0,0,0,8,2,8,2,,,,,0,0,0,0,0
03-24-20,Lawrence,0,0,0,0,0,0,0,0,37,1,37,1,,,,,0,0,0,0,0
03-24-20,Lewis,0,0,0,0,0,0,0,0,7,0,7,0,,,,,0,0,0,0,0
03-24-20,Lincoln,1,0,1,0,0,0,0,0,22,2,22,2,,,,,0,1,0,0,0
03-24-20,Loudon,3,1,3,1,0,0,2,1,19,2,21,3,,,,,1,1,1,2,0
03-24-20,Macon,0,0,0,0,0,0,0,0,13,3,13,3,,,,,0,0,0,0,0
03-24-20,Madison,1,1,1,1,0,0,1,1,51,16,52,17,,,,,0,0,0,0,0
03-24-20,Marion,3,0,2,0,1,0,2,0,12,0,14,0,,,,,0,0,0,2,0
03-24-20,Marshall,0,0,0,0,0,0,0,0,56,2,56,2,,,,,0,0,0,0,0
03-24-20,Maury,7,1,7,1,0,0,6,2,203,13,209,15,,,,,0,1,0,0,0
03-24-20,McMinn,2,0,2,0,0,0,2,0,36,1,38,1,,,,,1,1,0,0,0
03-24-20,McNairy,0,0,0,0,0,0,0,0,20,1,20,1,,,,,0,1,0,0,0
03-24-20,Meigs,0,0,0,0,0,0,0,0,6,1,6,1,,,,,0,0,0,0,0
03-24-20,Monroe,2,0,2,0,0,0,2,0,16,0,18,0,,,,,0,0,0,0,0
03-24-20,Montgomery,6,2,6,2,0,0,5,1,120,4,125,5,,,,,1,2,1,2,0
03-24-20,Moore,0,0,0,0,0,0,0,0,2,1,2,1,,,,,0,0,0,0,0
03-24-20,Morgan,0,0,0,0,0,0,0,0,4,1,4,1,,,,,0,0,0,0,0
03-24-20,Obion,0,0,0,0,0,0,0,0,17,3,17,3,,,,,0,0,0,0,0
03-24-20,Out of State,43,1,43,1,0,0,42,1,852,151,894,152,,,,,0,3,0,0,0
03-24-20,Overton,1,0,1,0,0,0,1,0,19,3,20,3,,,,,0,0,0,0,0
03-24-20,Pending,0,0,0,0,0,0,0,0,2268,267,2268,267,,,,,0,0,0,0,0
03-24-20,Perry,1,0,1,0,0,0,1,0,8,0,9,0,,,,,0,0,0,0,0
03-24-20,Pickett,0,0,0,0,0,0,0,0,2,0,2,0,,,,,0,0,0,0,0
03-24-20,Polk,0,0,0,0,0,0,0,0,5,1,5,1,,,,,0,0,0,0,0
03-24-20,Putnam,10,1,10,1,0,0,8,0,95,4,103,4,,,,,0,0,0,0,0
03-24-20,Rhea,0,0,0,0,0,0,0,0,17,3,17,3,,,,,0,0,0,0,0
03-24-20,Roane,1,0,1,0,0,0,1,0,22,9,23,9,,,,,0,1,0,1,0
03-24-20,Robertson,13,2,13,2,0,0,12,1,86,12,98,13,,,,,2,2,0,4,1
03-24-20,Rutherford,20,3,20,3,0,0,17,3,300,24,317,27,,,,,2,5,1,4,0
03-24-20,Scott,1,0,1,0,0,0,1,0,5,0,6,0,,,,,0,0,0,0,0
03-24-20,Sequatchie,0,0,0,0,0,0,0,0,7,0,7,0,,,,,0,0,0,0,0
03-24-20,Sevier,2,0,2,0,0,0,1,0,47,18,48,18,,,,,0,0,0,1,0
03-24-20,Shelby,155,36,155,36,0,0,156,34,459,130,615,164,,,,,8,28,8,24,0
03-24-20,Smith,0,0,0,0,0,0,0,0,15,1,15,1,,,,,0,0,0,0,0
03-24-20,Stewart,0,0,0,0,0,0,0,0,18,3,18,3,,,,,0,0,0,0,0
03-24-20,Sullivan,2,0,2,0,0,0,1,0,40,6,41,6,,,,,0,1,0,0,0
03-24-20,Sumner,34,1,34,1,0,0,32,0,189,25,221,25,,,,,7,23,1,18,1
03-24-20,Tipton,6,0,6,0,0,0,6,0,42,3,48,3,,,,,2,6,0,1,0
03-24-20,Trousdale,0,0,0,0,0,0,0,0,9,1,9,1,,,,,0,1,0,0,0
03-24-20,Unicoi,0,0,0,0,0,0,0,0,5,1,5,1,,,,,0,0,0,0,0
03-24-20,Union,0,0,0,0,0,0,0,0,2,1,2,1,,,,,0,0,0,0,0
03-24-20,Van Buren,0,0,0,0,0,0,0,0,8,4,8,4,,,,,0,0,0,0,0
03-24-20,Warren,0,0,0,0,0,0,0,0,18,0,18,0,,,,,0,0,0,0,0
03-24-20,Washington,7,0,7,0,0,0,6,0,61,4,67,4,,,,,0,1,0,0,0
03-24-20,Wayne,0,0,0,0,0,0,0,0,8,2,8,2,,,,,0,1,0,0,0
03-24-20,Weakley,0,0,0,0,0,0,0,0,14,1,14,1,,,,,0,0,0,0,0
03-24-20,White,0,0,0,0,0,0,0,0,19,0,19,0,,,,,0,0,0,0,0
03-24-20,Williamson,69,4,69,4,0,0,66,3,574,26,640,29,,,,,5,21,1,11,0
03-24-20,Wilson,12,3,12,3,0,0,11,2,148,6,159,8,,,,,0,2,1,2,0
03-23-20,Anderson,1,0,1,0,0,0,2,0,15,5,17,5,,,,,0,0,0,0,0
03-23-20,Bedford,0,0,0,0,0,0,0,0,29,4,29,4,,,,,0,0,0,0,0
03-23-20,Benton,0,0,0,0,0,0,0,0,14,4,14,4,,,,,0,0,0,0,0
03-23-20,Bledsoe,0,0,0,0,0,0,0,0,4,1,4,1,,,,,1,1,0,0,0
03-23-20,Blount,2,1,2,1,0,0,1,0,43,3,44,3,,,,,0,0,0,0,1
03-23-20,Bradley,2,0,2,0,0,0,2,0,42,8,44,8,,,,,0,2,0,1,0
03-23-20,Campbell,2,0,2,0,0,0,2,0,17,4,19,4,,,,,0,0,0,0,0
03-23-20,Cannon,0,0,0,0,0,0,0,0,16,0,16,0,,,,,0,0,0,0,0
03-23-20,Carroll,3,0,3,0,0,0,2,0,44,7,46,7,,,,,0,0,0,0,0
03-23-20,Carter,0,0,0,0,0,0,0,0,14,1,14,1,,,,,0,0,0,0,0
03-23-20,Cheatham,6,1,6,1,0,0,6,1,62,11,68,12,,,,,0,1,0,1,0
03-23-20,Chester,1,0,1,0,0,0,1,0,17,2,18,2,,,,,0,0,0,1,0
03-23-20,Claiborne,1,1,1,1,0,0,1,1,6,2,7,3,,,,,0,0,0,0,0
03-23-20,Clay,0,0,0,0,0,0,0,0,11,3,11,3,,,,,0,0,0,0,0
03-23-20,Cocke,1,0,1,0,0,0,1,0,9,4,10,4,,,,,0,0,0,0,0
03-23-20,Coffee,0,0,0,0,0,0,0,0,39,12,39,12,,,,,0,0,0,0,0
03-23-20,Crockett,0,0,0,0,0,0,0,0,5,2,5,2,,,,,0,0,0,0,0
03-23-20,Cumberland,3,1,3,1,0,0,3,1,50,14,53,15,,,,,0,1,0,0,0
03-23-20,Davidson,213,25,213,25,0,0,203,22,2544,236,2747,258,,,,,10,28,2,16,1
03-23-20,Decatur,0,0,0,0,0,0,0,0,7,0,7,0,,,,,0,0,0,0,0
03-23-20,Dekalb,1,1,1,1,0,0,1,1,23,4,24,5,,,,,0,0,0,0,0
03-23-20,Dickson,5,0,5,0,0,0,4,0,57,19,61,19,,,,,0,1,0,0,0
03-23-20,Dyer,2,0,2,0,0,0,2,0,14,3,16,3,,,,,0,2,0,0,0
03-23-20,Fayette,2,0,2,0,0,0,2,0,35,5,37,5,,,,,0,0,0,0,0
03-23-20,Fentress,0,0,0,0,0,0,0,0,15,5,15,5,,,,,0,0,0,0,0
03-23-20,Franklin,2,2,2,2,0,0,2,2,21,3,23,5,,,,,0,1,1,1,0
03-23-20,Gibson,1,1,1,1,0,0,2,1,31,12,33,13,,,,,0,0,0,0,0
03-23-20,Giles,0,0,0,0,0,0,0,0,23,2,23,2,,,,,0,0,0,0,0
03-23-20,Grainger,0,0,0,0,0,0,0,0,7,1,7,1,,,,,0,0,0,0,0
03-23-20,Greene,4,1,4,1,0,0,4,1,16,7,20,8,,,,,0,0,0,1,0
03-23-20,Grundy,1,1,1,1,0,0,0,0,3,0,3,0,,,,,0,0,0,0,0
03-23-20,Hamblen,2,0,2,0,0,0,2,0,9,4,11,4,,,,,0,0,0,0,0
03-23-20,Hamilton,8,0,8,0,0,0,8,0,200,27,208,27,,,,,2,4,0,1,0
03-23-20,Hancock,0,0,0,0,0,0,0,0,2,1,2,1,,,,,0,0,0,0,0
03-23-20,Hardeman,0,0,0,0,0,0,0,0,11,2,11,2,,,,,0,0,0,0,0
03-23-20,Hardin,1,0,1,0,0,0,1,0,24,10,25,10,,,,,0,0,0,0,0
03-23-20,Hawkins,0,0,0,0,0,0,0,0,14,3,14,3,,,,,0,1,0,0,1
03-23-20,Haywood,0,0,0,0,0,0,0,0,11,1,11,1,,,,,1,1,0,0,0
03-23-20,Henderson,0,0,0,0,0,0,0,0,30,7,30,7,,,,,0,0,0,0,0
03-23-20,Henry,0,0,0,0,0,0,0,0,25,3,25,3,,,,,0,0,0,0,0
03-23-20,Hickman,0,0,0,0,0,0,0,0,26,7,26,7,,,,,0,0,0,0,0
03-23-20,Houston,1,0,1,0,0,0,1,1,22,4,23,5,,,,,0,0,0,0,0
03-23-20,Humphreys,0,0,0,0,0,0,0,0,12,2,12,2,,,,,0,0,0,0,0
03-23-20,Jackson,0,0,0,0,0,0,0,0,12,5,12,5,,,,,0,0,0,0,0
03-23-20,Jefferson,3,0,3,0,0,0,3,0,11,2,14,2,,,,,0,0,0,0,0
03-23-20,Johnson,0,0,0,0,0,0,0,0,1,0,1,0,,,,,0,0,0,0,0
03-23-20,Knox,13,4,13,4,0,0,6,1,129,22,135,23,,,,,3,3,2,3,0
03-23-20,Lake,0,0,0,0,0,0,0,0,2,1,2,1,,,,,0,0,0,0,0
03-23-20,Lauderdale,0,0,0,0,0,0,0,0,6,4,6,4,,,,,0,0,0,0,0
03-23-20,Lawrence,0,0,0,0,0,0,0,0,36,10,36,10,,,,,0,0,0,0,0
03-23-20,Lewis,0,0,0,0,0,0,0,0,7,0,7,0,,,,,0,0,0,0,0
03-23-20,Lincoln,1,0,1,0,0,0,0,0,20,4,20,4,,,,,0,1,0,0,0
03-23-20,Loudon,2,1,2,1,0,0,1,0,17,1,18,1,,,,,0,0,1,1,0
03-23-20,Macon,0,0,0,0,0,0,0,0,10,3,10,3,,,,,0,0,0,0,0
03-23-20,Madison,0,0,0,0,0,0,0,0,35,6,35,6,,,,,0,0,0,0,0
03-23-20,Marion,3,0,2,0,1,0,2,0,12,1,14,1,,,,,0,0,0,2,0
03-23-20,Marshall,0,0,0,0,0,0,0,0,54,6,54,6,,,,,0,0,0,0,0
03-23-20,Maury,6,2,6,2,0,0,4,2,190,25,194,27,,,,,0,1,0,0,0
03-23-20,McMinn,2,1,2,1,0,0,2,1,35,8,37,9,,,,,0,0,0,0,0
03-23-20,McNairy,0,0,0,0,0,0,0,0,19,1,19,1,,,,,0,1,0,0,0
03-23-20,Meigs,0,0,0,0,0,0,0,0,5,0,5,0,,,,,0,0,0,0,0
03-23-20,Monroe,2,0,2,0,0,0,2,0,16,2,18,2,,,,,0,0,0,0,0
03-23-20,Montgomery,4,1,4,1,0,0,4,1,116,27,120,28,,,,,0,1,0,1,0
03-23-20,Moore,0,0,0,0,0,0,0,0,1,0,1,0,,,,,0,0,0,0,0
03-23-20,Morgan,0,0,0,0,0,0,0,0,3,0,3,0,,,,,0,0,0,0,0
03-23-20,Obion,0,0,0,0,0,0,0,0,14,7,14,7,,,,,0,0,0,0,0
03-23-20,Out of State,42,2,42,2,0,0,41,2,701,166,742,168,,,,,1,3,0,0,0
03-23-20,Overton,1,1,1,1,0,0,1,1,16,5,17,6,,,,,0,0,0,0,0
03-23-20,Pending,0,0,0,0,0,0,0,0,2001,283,2001,283,,,,,0,0,0,0,0
03-23-20,Perry,1,0,1,0,0,0,1,0,8,3,9,3,,,,,0,0,0,0,0
03-23-20,Pickett,0,0,0,0,0,0,0,0,2,0,2,0,,,,,0,0,0,0,0
03-23-20,Polk,0,0,0,0,0,0,0,0,4,1,4,1,,,,,0,0,0,0,0
03-23-20,Putnam,9,2,9,2,0,0,8,2,91,42,99,44,,,,,0,0,0,0,0
03-23-20,Rhea,0,0,0,0,0,0,0,0,14,0,14,0,,,,,0,0,0,0,0
03-23-20,Roane,1,0,1,0,0,0,1,0,13,5,14,5,,,,,0,1,0,1,0
03-23-20,Robertson,11,4,11,4,0,0,11,4,74,18,85,22,,,,,0,0,0,4,1
03-23-20,Rutherford,17,9,17,9,0,0,14,8,276,65,290,73,,,,,2,3,1,3,0
03-23-20,Scott,1,0,1,0,0,0,1,0,5,1,6,1,,,,,0,0,0,0,0
03-23-20,Sequatchie,0,0,0,0,0,0,0,0,7,1,7,1,,,,,0,0,0,0,0
03-23-20,Sevier,2,1,2,1,0,0,1,0,29,7,30,7,,,,,0,0,1,1,0
03-23-20,Shelby,119,30,119,30,0,0,122,32,329,90,451,122,,,,,6,20,0,16,0
03-23-20,Smith,0,0,0,0,0,0,0,0,14,2,14,2,,,,,0,0,0,0,0
03-23-20,Stewart,0,0,0,0,0,0,0,0,15,6,15,6,,,,,0,0,0,0,0
03-23-20,Sullivan,2,0,2,0,0,0,1,0,34,0,35,0,,,,,1,1,0,0,0
03-23-20,Sumner,33,8,33,8,0,0,32,8,164,27,196,35,,,,,4,16,2,17,0
03-23-20,Tipton,6,0,6,0,0,0,6,1,39,11,45,12,,,,,1,4,0,1,0
03-23-20,Trousdale,0,0,0,0,0,0,0,0,8,2,8,2,,,,,0,1,0,0,0
03-23-20,Unicoi,0,0,0,0,0,0,0,0,4,1,4,1,,,,,0,0,0,0,0
03-23-20,Union,0,0,0,0,0,0,0,0,1,0,1,0,,,,,0,0,0,0,0
03-23-20,Van Buren,0,0,0,0,0,0,0,0,4,2,4,2,,,,,0,0,0,0,0
03-23-20,Warren,0,0,0,0,0,0,0,0,18,3,18,3,,,,,0,0,0,0,0
03-23-20,Washington,7,5,7,5,0,0,6,4,57,5,63,9,,,,,0,1,0,0,0
03-23-20,Wayne,0,0,0,0,0,0,0,0,6,1,6,1,,,,,1,1,0,0,0
03-23-20,Weakley,0,0,0,0,0,0,0,0,13,4,13,4,,,,,0,0,0,0,0
03-23-20,White,0,0,0,0,0,0,0,0,19,2,19,2,,,,,0,0,0,0,0
03-23-20,Williamson,65,13,65,13,0,0,63,13,548,96,611,109,,,,,4,16,2,10,0
03-23-20,Wilson,9,3,9,3,0,0,9,5,142,19,151,24,,,,,1,2,1,1,0
03-22-20,Anderson,1,0,1,0,0,0,2,0,10,3,12,3,,,,,0,0,0,0,0
03-22-20,Bedford,0,0,0,0,0,0,0,0,25,2,25,2,,,,,0,0,0,0,0
03-22-20,Benton,0,0,0,0,0,0,0,0,10,3,10,3,,,,,0,0,0,0,0
03-22-20,Bledsoe,0,0,0,0,0,0,0,0,3,0,3,0,,,,,0,0,0,0,0
03-22-20,Blount,1,0,1,0,0,0,1,0,40,0,41,0,,,,,0,0,0,0,1
03-22-20,Bradley,2,1,2,1,0,0,2,0,34,6,36,6,,,,,1,2,0,1,0
03-22-20,Campbell,2,0,2,0,0,0,2,0,13,3,15,3,,,,,0,0,0,0,0
03-22-20,Cannon,0,0,0,0,0,0,0,0,16,9,16,9,,,,,0,0,0,0,0
03-22-20,Carroll,3,1,3,1,0,0,2,0,37,3,39,3,,,,,0,0,0,0,0
03-22-20,Carter,0,0,0,0,0,0,0,0,13,2,13,2,,,,,0,0,0,0,0
03-22-20,Cheatham,5,1,5,1,0,0,5,1,51,21,56,22,,,,,1,1,0,1,0
03-22-20,Chester,1,0,1,0,0,0,1,0,15,3,16,3,,,,,0,0,0,1,0
03-22-20,Claiborne,0,0,0,0,0,0,0,0,4,1,4,1,,,,,0,0,0,0,0
03-22-20,Clay,0,0,0,0,0,0,0,0,8,4,8,4,,,,,0,0,0,0,0
03-22-20,Cocke,1,0,1,0,0,0,1,0,5,2,6,2,,,,,0,0,0,0,0
03-22-20,Coffee,0,0,0,0,0,0,0,0,27,6,27,6,,,,,0,0,0,0,0
03-22-20,Crockett,0,0,0,0,0,0,0,0,3,0,3,0,,,,,0,0,0,0,0
03-22-20,Cumberland,2,0,2,0,0,0,2,0,36,11,38,11,,,,,0,1,0,0,0
03-22-20,Davidson,188,40,188,40,0,0,181,34,2308,295,2489,329,,,,,8,18,4,14,1
03-22-20,Decatur,0,0,0,0,0,0,0,0,7,1,7,1,,,,,0,0,0,0,0
03-22-20,Dekalb,0,0,0,0,0,0,0,0,19,1,19,1,,,,,0,0,0,0,0
03-22-20,Dickson,5,1,5,1,0,0,4,1,38,12,42,13,,,,,1,1,0,0,0
03-22-20,Dyer,2,0,2,0,0,0,2,0,11,3,13,3,,,,,1,2,0,0,0
03-22-20,Fayette,2,0,2,0,0,0,2,0,30,12,32,12,,,,,0,0,0,0,0
03-22-20,Fentress,0,0,0,0,0,0,0,0,10,5,10,5,,,,,0,0,0,0,0
03-22-20,Franklin,0,0,0,0,0,0,0,0,18,5,18,5,,,,,1,1,0,0,0
03-22-20,Gibson,0,0,0,0,0,0,1,0,19,5,20,5,,,,,0,0,0,0,0
03-22-20,Giles,0,0,0,0,0,0,0,0,21,4,21,4,,,,,0,0,0,0,0
03-22-20,Grainger,0,0,0,0,0,0,0,0,6,0,6,0,,,,,0,0,0,0,0
03-22-20,Greene,3,2,3,2,0,0,3,2,9,2,12,4,,,,,0,0,1,1,0
03-22-20,Grundy,0,0,0,0,0,0,0,0,3,0,3,0,,,,,0,0,0,0,0
03-22-20,Hamblen,2,0,2,0,0,0,2,0,5,0,7,0,,,,,0,0,0,0,0
03-22-20,Hamilton,8,0,8,0,0,0,8,0,173,12,181,12,,,,,0,2,0,1,0
03-22-20,Hancock,0,0,0,0,0,0,0,0,1,0,1,0,,,,,0,0,0,0,0
03-22-20,Hardeman,0,0,0,0,0,0,0,0,9,1,9,1,,,,,0,0,0,0,0
03-22-20,Hardin,1,0,1,0,0,0,1,0,14,7,15,7,,,,,0,0,0,0,0
03-22-20,Hawkins,0,0,0,0,0,0,0,0,11,1,11,1,,,,,1,1,0,0,1
03-22-20,Haywood,0,0,0,0,0,0,0,0,10,2,10,2,,,,,0,0,0,0,0
03-22-20,Henderson,0,0,0,0,0,0,0,0,23,5,23,5,,,,,0,0,0,0,0
03-22-20,Henry,0,0,0,0,0,0,0,0,22,5,22,5,,,,,0,0,0,0,0
03-22-20,Hickman,0,0,0,0,0,0,0,0,19,7,19,7,,,,,0,0,0,0,0
03-22-20,Houston,1,1,1,1,0,0,0,0,18,14,18,14,,,,,0,0,0,0,0
03-22-20,Humphreys,0,0,0,0,0,0,0,0,10,5,10,5,,,,,0,0,0,0,0
03-22-20,Jackson,0,0,0,0,0,0,0,0,7,4,7,4,,,,,0,0,0,0,0
03-22-20,Jefferson,3,0,3,0,0,0,3,0,9,3,12,3,,,,,0,0,0,0,0
03-22-20,Johnson,0,0,0,0,0,0,0,0,1,0,1,0,,,,,0,0,0,0,0
03-22-20,Knox,9,2,9,2,0,0,5,0,107,8,112,8,,,,,0,0,1,1,0
03-22-20,Lake,0,0,0,0,0,0,0,0,1,0,1,0,,,,,0,0,0,0,0
03-22-20,Lauderdale,0,0,0,0,0,0,0,0,2,0,2,0,,,,,0,0,0,0,0
03-22-20,Lawrence,0,0,0,0,0,0,0,0,26,4,26,4,,,,,0,0,0,0,0
03-22-20,Lewis,0,0,0,0,0,0,0,0,7,1,7,1,,,,,0,0,0,0,0
03-22-20,Lincoln,1,1,1,1,0,0,0,0,16,2,16,2,,,,,0,1,0,0,0
03-22-20,Loudon,1,1,1,1,0,0,1,1,16,7,17,8,,,,,0,0,0,0,0
03-22-20,Macon,0,0,0,0,0,0,0,0,7,1,7,1,,,,,0,0,0,0,0
03-22-20,Madison,0,0,0,0,0,0,0,0,29,5,29,5,,,,,0,0,0,0,0
03-22-20,Marion,3,2,2,1,1,1,2,1,11,2,13,3,,,,,0,0,2,2,0
03-22-20,Marshall,0,0,0,0,0,0,0,0,48,8,48,8,,,,,0,0,0,0,0
03-22-20,Maury,4,0,4,0,0,0,2,0,165,25,167,25,,,,,0,1,0,0,0
03-22-20,McMinn,1,1,1,1,0,0,1,0,27,4,28,4,,,,,0,0,0,0,0
03-22-20,McNairy,0,0,0,0,0,0,0,0,18,3,18,3,,,,,0,1,0,0,0
03-22-20,Meigs,0,0,0,0,0,0,0,0,5,2,5,2,,,,,0,0,0,0,0
03-22-20,Monroe,2,0,2,0,0,0,2,0,14,2,16,2,,,,,0,0,0,0,0
03-22-20,Montgomery,3,0,3,0,0,0,3,0,89,28,92,28,,,,,0,1,0,1,0
03-22-20,Moore,0,0,0,0,0,0,0,0,1,0,1,0,,,,,0,0,0,0,0
03-22-20,Morgan,0,0,0,0,0,0,0,0,3,0,3,0,,,,,0,0,0,0,0
03-22-20,Obion,0,0,0,0,0,0,0,0,7,1,7,1,,,,,0,0,0,0,0
03-22-20,Out of State,40,4,40,4,0,0,39,4,535,130,574,134,,,,,1,2,0,0,0
03-22-20,Overton,0,0,0,0,0,0,0,0,11,5,11,5,,,,,0,0,0,0,0
03-22-20,Pending,0,0,0,0,0,0,0,0,1718,325,1718,325,,,,,0,0,0,0,0
03-22-20,Perry,1,1,1,1,0,0,1,1,5,1,6,2,,,,,0,0,0,0,0
03-22-20,Pickett,0,0,0,0,0,0,0,0,2,2,2,2,,,,,0,0,0,0,0
03-22-20,Polk,0,0,0,0,0,0,0,0,3,1,3,1,,,,,0,0,0,0,0
03-22-20,Putnam,7,0,7,0,0,0,6,0,49,10,55,10,,,,,0,0,0,0,0
03-22-20,Rhea,0,0,0,0,0,0,0,0,14,0,14,0,,,,,0,0,0,0,0
03-22-20,Roane,1,0,1,0,0,0,1,0,8,2,9,2,,,,,0,1,0,1,0
03-22-20,Robertson,7,4,7,4,0,0,7,3,56,14,63,17,,,,,0,0,2,4,1
03-22-20,Rutherford,8,3,8,3,0,0,6,1,211,33,217,34,,,,,0,1,0,2,0
03-22-20,Scott,1,0,1,0,0,0,1,0,4,0,5,0,,,,,0,0,0,0,0
03-22-20,Sequatchie,0,0,0,0,0,0,0,0,6,0,6,0,,,,,0,0,0,0,0
03-22-20,Sevier,1,0,1,0,0,0,1,0,22,4,23,4,,,,,0,0,0,0,0
03-22-20,Shelby,89,43,89,43,0,0,90,15,239,56,329,71,,,,,3,14,11,16,0
03-22-20,Smith,0,0,0,0,0,0,0,0,12,5,12,5,,,,,0,0,0,0,0
03-22-20,Stewart,0,0,0,0,0,0,0,0,9,4,9,4,,,,,0,0,0,0,0
03-22-20,Sullivan,2,1,2,1,0,0,1,0,34,9,35,9,,,,,0,0,0,0,0
03-22-20,Sumner,25,11,25,11,0,0,24,13,137,47,161,60,,,,,2,12,3,15,0
03-22-20,Tipton,6,2,6,2,0,0,5,2,28,12,33,14,,,,,1,3,1,1,0
03-22-20,Trousdale,0,0,0,0,0,0,0,0,6,1,6,1,,,,,0,1,0,0,0
03-22-20,Unicoi,0,0,0,0,0,0,0,0,3,0,3,0,,,,,0,0,0,0,0
03-22-20,Union,0,0,0,0,0,0,0,0,1,0,1,0,,,,,0,0,0,0,0
03-22-20,Van Buren,0,0,0,0,0,0,0,0,2,0,2,0,,,,,0,0,0,0,0
03-22-20,Warren,0,0,0,0,0,0,0,0,15,2,15,2,,,,,0,0,0,0,0
03-22-20,Washington,2,0,2,0,0,0,2,0,52,10,54,10,,,,,0,1,0,0,0
03-22-20,Wayne,0,0,0,0,0,0,0,0,5,0,5,0,,,,,0,0,0,0,0
03-22-20,Weakley,0,0,0,0,0,0,0,0,9,3,9,3,,,,,0,0,0,0,0
03-22-20,White,0,0,0,0,0,0,0,0,17,6,17,6,,,,,0,0,0,0,0
03-22-20,Williamson,52,8,52,8,0,0,50,7,452,91,502,98,,,,,2,12,2,8,0
03-22-20,Wilson,6,2,6,2,0,0,4,2,123,31,127,33,,,,,1,1,0,0,0
03-21-20,Anderson,1,0,1,0,0,0,2,0,7,0,9,0,,,,,0,0,0,0,0
03-21-20,Bedford,0,0,0,0,0,0,0,0,23,6,23,6,,,,,0,0,0,0,0
03-21-20,Benton,0,0,0,0,0,0,0,0,7,3,7,3,,,,,0,0,0,0,0
03-21-20,Bledsoe,0,0,0,0,0,0,0,0,3,2,3,2,,,,,0,0,0,0,0
03-21-20,Blount,1,0,1,0,0,0,1,0,40,8,41,8,,,,,0,0,0,0,0
03-21-20,Bradley,1,0,1,0,0,0,2,1,28,10,30,11,,,,,1,1,0,1,0
03-21-20,Campbell,2,1,2,1,0,0,2,1,10,3,12,4,,,,,0,0,0,0,0
03-21-20,Cannon,0,0,0,0,0,0,0,0,7,5,7,5,,,,,0,0,0,0,0
03-21-20,Carroll,2,1,2,1,0,0,2,1,34,17,36,18,,,,,0,0,0,0,0
03-21-20,Carter,0,0,0,0,0,0,0,0,11,2,11,2,,,,,0,0,0,0,0
03-21-20,Cheatham,4,2,4,2,0,0,4,1,30,8,34,9,,,,,0,0,1,1,0
03-21-20,Chester,1,1,1,1,0,0,1,1,12,3,13,4,,,,,0,0,1,1,0
03-21-20,Claiborne,0,0,0,0,0,0,0,0,3,1,3,1,,,,,0,0,0,0,0
03-21-20,Clay,0,0,0,0,0,0,0,0,4,0,4,0,,,,,0,0,0,0,0
03-21-20,Cocke,1,1,1,1,0,0,1,1,3,0,4,1,,,,,0,0,0,0,0
03-21-20,Coffee,0,0,0,0,0,0,0,0,21,3,21,3,,,,,0,0,0,0,0
03-21-20,Crockett,0,0,0,0,0,0,0,0,3,0,3,0,,,,,0,0,0,0,0
03-21-20,Cumberland,2,1,2,1,0,0,2,1,25,8,27,9,,,,,0,1,0,0,0
03-21-20,Davidson,148,55,148,55,0,0,147,32,2013,427,2160,459,,,,,4,10,4,10,1
03-21-20,Decatur,0,0,0,0,0,0,0,0,6,1,6,1,,,,,0,0,0,0,0
03-21-20,Dekalb,0,0,0,0,0,0,0,0,18,4,18,4,,,,,0,0,0,0,0
03-21-20,Dickson,4,2,4,2,0,0,3,1,26,4,29,5,,,,,0,0,0,0,0
03-21-20,Dyer,2,0,2,0,0,0,2,0,8,5,10,5,,,,,0,1,0,0,0
03-21-20,Fayette,2,1,2,1,0,0,2,2,18,16,20,18,,,,,0,0,0,0,0
03-21-20,Fentress,0,0,0,0,0,0,0,0,5,2,5,2,,,,,0,0,0,0,0
03-21-20,Franklin,0,0,0,0,0,0,0,0,13,1,13,1,,,,,0,0,0,0,0
03-21-20,Gibson,0,0,0,0,0,0,1,0,14,7,15,7,,,,,0,0,0,0,0
03-21-20,Giles,0,0,0,0,0,0,0,0,17,1,17,1,,,,,0,0,0,0,0
03-21-20,Grainger,0,0,0,0,0,0,0,0,6,4,6,4,,,,,0,0,0,0,0
03-21-20,Greene,1,0,1,0,0,0,1,0,7,1,8,1,,,,,0,0,0,0,0
03-21-20,Grundy,0,0,0,0,0,0,0,0,3,0,3,0,,,,,0,0,0,0,0
03-21-20,Hamblen,2,0,2,0,0,0,2,0,5,2,7,2,,,,,0,0,0,0,0
03-21-20,Hamilton,8,3,8,3,0,0,8,0,161,90,169,90,,,,,1,2,1,1,0
03-21-20,Hancock,0,0,0,0,0,0,0,0,1,0,1,0,,,,,0,0,0,0,0
03-21-20,Hardeman,0,0,0,0,0,0,0,0,8,4,8,4,,,,,0,0,0,0,0
03-21-20,Hardin,1,1,1,1,0,0,1,0,7,3,8,3,,,,,0,0,0,0,0
03-21-20,Hawkins,0,0,0,0,0,0,0,0,10,3,10,3,,,,,0,0,0,0,1
03-21-20,Haywood,0,0,0,0,0,0,0,0,8,5,8,5,,,,,0,0,0,0,0
03-21-20,Henderson,0,0,0,0,0,0,0,0,18,6,18,6,,,,,0,0,0,0,0
03-21-20,Henry,0,0,0,0,0,0,0,0,17,7,17,7,,,,,0,0,0,0,0
03-21-20,Hickman,0,0,0,0,0,0,0,0,12,3,12,3,,,,,0,0,0,0,0
03-21-20,Houston,0,0,0,0,0,0,0,0,4,1,4,1,,,,,0,0,0,0,0
03-21-20,Humphreys,0,0,0,0,0,0,0,0,5,2,5,2,,,,,0,0,0,0,0
03-21-20,Jackson,0,0,0,0,0,0,0,0,3,1,3,1,,,,,0,0,0,0,0
03-21-20,Jefferson,3,1,3,1,0,0,3,1,6,2,9,3,,,,,0,0,0,0,0
03-21-20,Johnson,0,0,0,0,0,0,0,0,1,1,1,1,,,,,0,0,0,0,0
03-21-20,Knox,7,1,7,1,0,0,5,2,99,17,104,19,,,,,0,0,0,0,0
03-21-20,Lake,0,0,0,0,0,0,0,0,1,1,1,1,,,,,0,0,0,0,0
03-21-20,Lauderdale,0,0,0,0,0,0,0,0,2,1,2,1,,,,,0,0,0,0,0
03-21-20,Lawrence,0,0,0,0,0,0,0,0,22,8,22,8,,,,,0,0,0,0,0
03-21-20,Lewis,0,0,0,0,0,0,0,0,6,0,6,0,,,,,0,0,0,0,0
03-21-20,Lincoln,0,0,0,0,0,0,0,0,14,8,14,8,,,,,0,1,0,0,0
03-21-20,Loudon,0,0,0,0,0,0,0,0,9,2,9,2,,,,,0,0,0,0,0
03-21-20,Macon,0,0,0,0,0,0,0,0,6,0,6,0,,,,,0,0,0,0,0
03-21-20,Madison,0,0,0,0,0,0,0,0,24,7,24,7,,,,,0,0,0,0,0
03-21-20,Marion,1,1,1,1,0,0,1,1,9,1,10,2,,,,,0,0,0,0,0
03-21-20,Marshall,0,0,0,0,0,0,0,0,40,14,40,14,,,,,0,0,0,0,0
03-21-20,Maury,4,1,4,1,0,0,2,1,140,26,142,27,,,,,1,1,0,0,0
03-21-20,McMinn,0,0,0,0,0,0,1,1,23,17,24,18,,,,,0,0,0,0,0
03-21-20,McNairy,0,0,0,0,0,0,0,0,15,7,15,7,,,,,1,1,0,0,0
03-21-20,Meigs,0,0,0,0,0,0,0,0,3,1,3,1,,,,,0,0,0,0,0
03-21-20,Monroe,2,0,2,0,0,0,2,1,12,10,14,11,,,,,0,0,0,0,0
03-21-20,Montgomery,3,1,3,1,0,0,3,0,61,19,64,19,,,,,0,1,1,1,0
03-21-20,Moore,0,0,0,0,0,0,0,0,1,0,1,0,,,,,0,0,0,0,0
03-21-20,Morgan,0,0,0,0,0,0,0,0,3,1,3,1,,,,,0,0,0,0,0
03-21-20,Obion,0,0,0,0,0,0,0,0,6,4,6,4,,,,,0,0,0,0,0
03-21-20,Out of State,36,10,36,10,0,0,35,4,405,164,440,168,,,,,1,1,0,0,0
03-21-20,Overton,0,0,0,0,0,0,0,0,6,0,6,0,,,,,0,0,0,0,0
03-21-20,Pending,0,0,0,0,0,0,0,0,1393,475,1393,475,,,,,0,0,0,0,0
03-21-20,Perry,0,0,0,0,0,0,0,0,4,0,4,0,,,,,0,0,0,0,0
03-21-20,Pickett,0,0,0,0,0,0,0,0,0,0,0,0,,,,,0,0,0,0,0
03-21-20,Polk,0,0,0,0,0,0,0,0,2,0,2,0,,,,,0,0,0,0,0
03-21-20,Putnam,7,7,7,7,0,0,6,6,39,16,45,22,,,,,0,0,0,0,0
03-21-20,Rhea,0,0,0,0,0,0,0,0,14,5,14,5,,,,,0,0,0,0,0
03-21-20,Roane,1,0,1,0,0,0,1,0,6,4,7,4,,,,,1,1,0,1,0
03-21-20,Robertson,3,1,3,1,0,0,4,2,42,15,46,17,,,,,0,0,0,2,1
03-21-20,Rutherford,5,3,5,3,0,0,5,3,178,77,183,80,,,,,1,1,1,2,0
03-21-20,Scott,1,0,1,0,0,0,1,1,4,0,5,1,,,,,0,0,0,0,0
03-21-20,Sequatchie,0,0,0,0,0,0,0,0,6,3,6,3,,,,,0,0,0,0,0
03-21-20,Sevier,1,0,1,0,0,0,1,0,18,7,19,7,,,,,0,0,0,0,0
03-21-20,Shelby,46,43,46,43,0,0,75,72,183,80,258,152,,,,,5,11,3,5,0
03-21-20,Smith,0,0,0,0,0,0,0,0,7,1,7,1,,,,,0,0,0,0,0
03-21-20,Stewart,0,0,0,0,0,0,0,0,5,3,5,3,,,,,0,0,0,0,0
03-21-20,Sullivan,1,0,1,0,0,0,1,0,25,7,26,7,,,,,0,0,0,0,0
03-21-20,Sumner,14,3,14,3,0,0,11,3,90,40,101,43,,,,,7,10,1,12,0
03-21-20,Tipton,4,2,4,2,0,0,3,1,16,12,19,13,,,,,1,2,0,0,0
03-21-20,Trousdale,0,0,0,0,0,0,0,0,5,4,5,4,,,,,0,1,0,0,0
03-21-20,Unicoi,0,0,0,0,0,0,0,0,3,2,3,2,,,,,0,0,0,0,0
03-21-20,Union,0,0,0,0,0,0,0,0,1,0,1,0,,,,,0,0,0,0,0
03-21-20,Van Buren,0,0,0,0,0,0,0,0,2,0,2,0,,,,,0,0,0,0,0
03-21-20,Warren,0,0,0,0,0,0,0,0,13,2,13,2,,,,,0,0,0,0,0
03-21-20,Washington,2,0,2,0,0,0,2,0,42,11,44,11,,,,,0,1,0,0,0
03-21-20,Wayne,0,0,0,0,0,0,0,0,5,0,5,0,,,,,0,0,0,0,0
03-21-20,Weakley,0,0,0,0,0,0,0,0,6,3,6,3,,,,,0,0,0,0,0
03-21-20,White,0,0,0,0,0,0,0,0,11,5,11,5,,,,,0,0,0,0,0
03-21-20,Williamson,44,8,44,8,0,0,43,6,361,141,404,147,,,,,5,10,1,6,0
03-21-20,Wilson,4,0,4,0,0,0,2,0,92,40,94,40,,,,,0,0,0,0,0
03-20-20,Anderson,1,0,1,0,0,0,2,0,7,2,9,2,,,,,0,0,0,0,0
03-20-20,Bedford,0,0,0,0,0,0,0,0,17,3,17,3,,,,,0,0,0,0,0
03-20-20,Benton,0,0,0,0,0,0,0,0,4,3,4,3,,,,,0,0,0,0,0
03-20-20,Bledsoe,0,0,0,0,0,0,0,0,1,0,1,0,,,,,0,0,0,0,0
03-20-20,Blount,1,1,1,1,0,0,1,1,32,24,33,25,,,,,0,0,0,0,0
03-20-20,Bradley,1,1,1,1,0,0,1,1,18,2,19,3,,,,,0,0,1,1,0
03-20-20,Campbell,1,0,1,0,0,0,1,0,7,2,8,2,,,,,0,0,0,0,0
03-20-20,Cannon,0,0,0,0,0,0,0,0,2,0,2,0,,,,,0,0,0,0,0
03-20-20,Carroll,1,0,1,0,0,0,1,0,17,6,18,6,,,,,0,0,0,0,0
03-20-20,Carter,0,0,0,0,0,0,0,0,9,4,9,4,,,,,0,0,0,0,0
03-20-20,Cheatham,2,2,2,2,0,0,3,1,22,13,25,14,,,,,0,0,0,0,0
03-20-20,Chester,0,0,0,0,0,0,0,0,9,3,9,3,,,,,0,0,0,0,0
03-20-20,Claiborne,0,0,0,0,0,0,0,0,2,0,2,0,,,,,0,0,0,0,0
03-20-20,Clay,0,0,0,0,0,0,0,0,4,0,4,0,,,,,0,0,0,0,0
03-20-20,Cocke,0,0,0,0,0,0,0,0,3,1,3,1,,,,,0,0,0,0,0
03-20-20,Coffee,0,0,0,0,0,0,0,0,18,6,18,6,,,,,0,0,0,0,0
03-20-20,Crockett,0,0,0,0,0,0,0,0,3,0,3,0,,,,,0,0,0,0,0
03-20-20,Cumberland,1,0,1,0,0,0,1,0,17,2,18,2,,,,,1,1,0,0,0
03-20-20,Davidson,93,88,93,88,0,0,115,23,1586,325,1701,348,,,,,3,6,5,6,1
03-20-20,Decatur,0,0,0,0,0,0,0,0,5,0,5,0,,,,,0,0,0,0,0
03-20-20,Dekalb,0,0,0,0,0,0,0,0,14,5,14,5,,,,,0,0,0,0,0
03-20-20,Dickson,2,2,2,2,0,0,2,2,22,6,24,8,,,,,0,0,0,0,0
03-20-20,Dyer,2,0,2,0,0,0,2,0,3,1,5,1,,,,,1,1,0,0,0
03-20-20,Fayette,1,0,1,0,0,0,0,0,2,1,2,1,,,,,0,0,0,0,0
03-20-20,Fentress,0,0,0,0,0,0,0,0,3,2,3,2,,,,,0,0,0,0,0
03-20-20,Franklin,0,0,0,0,0,0,0,0,12,0,12,0,,,,,0,0,0,0,0
03-20-20,Gibson,0,0,0,0,0,0,1,1,7,3,8,4,,,,,0,0,0,0,0
03-20-20,Giles,0,0,0,0,0,0,0,0,16,6,16,6,,,,,0,0,0,0,0
03-20-20,Grainger,0,0,0,0,0,0,0,0,2,0,2,0,,,,,0,0,0,0,0
03-20-20,Greene,1,1,1,1,0,0,1,1,6,2,7,3,,,,,0,0,0,0,0
03-20-20,Grundy,0,0,0,0,0,0,0,0,3,1,3,1,,,,,0,0,0,0,0
03-20-20,Hamblen,2,2,2,2,0,0,2,2,3,2,5,4,,,,,0,0,0,0,0
03-20-20,Hamilton,5,1,5,1,0,0,8,4,71,28,79,32,,,,,1,1,0,0,0
03-20-20,Hancock,0,0,0,0,0,0,0,0,1,0,1,0,,,,,0,0,0,0,0
03-20-20,Hardeman,0,0,0,0,0,0,0,0,4,1,4,1,,,,,0,0,0,0,0
03-20-20,Hardin,0,0,0,0,0,0,1,1,4,2,5,3,,,,,0,0,0,0,0
03-20-20,Hawkins,0,0,0,0,0,0,0,0,7,3,7,3,,,,,0,0,0,0,0
03-20-20,Haywood,0,0,0,0,0,0,0,0,3,1,3,1,,,,,0,0,0,0,0
03-20-20,Henderson,0,0,0,0,0,0,0,0,12,5,12,5,,,,,0,0,0,0,0
03-20-20,Henry,0,0,0,0,0,0,0,0,10,2,10,2,,,,,0,0,0,0,0
03-20-20,Hickman,0,0,0,0,0,0,0,0,9,3,9,3,,,,,0,0,0,0,0
03-20-20,Houston,0,0,0,0,0,0,0,0,3,3,3,3,,,,,0,0,0,0,0
03-20-20,Humphreys,0,0,0,0,0,0,0,0,3,0,3,0,,,,,0,0,0,0,0
03-20-20,Jackson,0,0,0,0,0,0,0,0,2,1,2,1,,,,,0,0,0,0,0
03-20-20,Jefferson,2,1,2,1,0,0,2,1,4,2,6,3,,,,,0,0,0,0,0
03-20-20,Johnson,0,0,0,0,0,0,0,0,0,0,0,0,,,,,0,0,0,0,0
03-20-20,Knox,6,5,6,5,0,0,3,2,82,38,85,40,,,,,0,0,0,0,0
03-20-20,Lake,0,0,0,0,0,0,0,0,0,0,0,0,,,,,0,0,0,0,0
03-20-20,Lauderdale,0,0,0,0,0,0,0,0,1,1,1,1,,,,,0,0,0,0,0
03-20-20,Lawrence,0,0,0,0,0,0,0,0,14,3,14,3,,,,,0,0,0,0,0
03-20-20,Lewis,0,0,0,0,0,0,0,0,6,2,6,2,,,,,0,0,0,0,0
03-20-20,Lincoln,0,0,0,0,0,0,0,0,6,1,6,1,,,,,1,1,0,0,0
03-20-20,Loudon,0,0,0,0,0,0,0,0,7,3,7,3,,,,,0,0,0,0,0
03-20-20,Macon,0,0,0,0,0,0,0,0,6,4,6,4,,,,,0,0,0,0,0
03-20-20,Madison,0,0,0,0,0,0,0,0,17,6,17,6,,,,,0,0,0,0,0
03-20-20,Marion,0,0,0,0,0,0,0,0,8,2,8,2,,,,,0,0,0,0,0
03-20-20,Marshall,0,0,0,0,0,0,0,0,26,4,26,4,,,,,0,0,0,0,0
03-20-20,Maury,3,3,3,3,0,0,1,1,114,21,115,22,,,,,0,0,0,0,0
03-20-20,McMinn,0,0,0,0,0,0,0,0,6,1,6,1,,,,,0,0,0,0,0
03-20-20,McNairy,0,0,0,0,0,0,0,0,8,4,8,4,,,,,0,0,0,0,0
03-20-20,Meigs,0,0,0,0,0,0,0,0,2,1,2,1,,,,,0,0,0,0,0
03-20-20,Monroe,2,2,2,2,0,0,1,1,2,0,3,1,,,,,0,0,0,0,0
03-20-20,Montgomery,2,2,2,2,0,0,3,2,42,24,45,26,,,,,0,1,0,0,0
03-20-20,Moore,0,0,0,0,0,0,0,0,1,0,1,0,,,,,0,0,0,0,0
03-20-20,Morgan,0,0,0,0,0,0,0,0,2,1,2,1,,,,,0,0,0,0,0
03-20-20,Obion,0,0,0,0,0,0,0,0,2,1,2,1,,,,,0,0,0,0,0
03-20-20,Out of State,26,26,26,26,0,0,31,9,241,50,272,59,,,,,0,0,0,0,0
03-20-20,Overton,0,0,0,0,0,0,0,0,6,1,6,1,,,,,0,0,0,0,0
03-20-20,Pending,0,0,0,0,0,0,0,0,918,16,918,16,,,,,0,0,0,0,0
03-20-20,Perry,0,0,0,0,0,0,0,0,4,0,4,0,,,,,0,0,0,0,0
03-20-20,Pickett,0,0,0,0,0,0,0,0,0,0,0,0,,,,,0,0,0,0,0
03-20-20,Polk,0,0,0,0,0,0,0,0,2,0,2,0,,,,,0,0,0,0,0
03-20-20,Putnam,0,0,0,0,0,0,0,0,23,5,23,5,,,,,0,0,0,0,0
03-20-20,Rhea,0,0,0,0,0,0,0,0,9,3,9,3,,,,,0,0,0,0,0
03-20-20,Roane,1,1,1,1,0,0,1,1,2,2,3,3,,,,,0,0,1,1,0
03-20-20,Robertson,2,1,2,1,0,0,2,0,27,21,29,21,,,,,0,0,1,2,0
03-20-20,Rutherford,2,1,2,1,0,0,2,2,101,60,103,62,,,,,0,0,0,1,0
03-20-20,Scott,1,1,1,1,0,0,0,0,4,0,4,0,,,,,0,0,0,0,0
03-20-20,Sequatchie,0,0,0,0,0,0,0,0,3,1,3,1,,,,,0,0,0,0,0
03-20-20,Sevier,1,0,1,0,0,0,1,0,11,7,12,7,,,,,0,0,0,0,0
03-20-20,Shelby,3,0,3,0,0,0,3,1,103,49,106,50,,,,,3,6,0,2,0
03-20-20,Smith,0,0,0,0,0,0,0,0,6,2,6,2,,,,,0,0,0,0,0
03-20-20,Stewart,0,0,0,0,0,0,0,0,2,0,2,0,,,,,0,0,0,0,0
03-20-20,Sullivan,1,0,1,0,0,0,1,0,18,6,19,6,,,,,0,0,0,0,0
03-20-20,Sumner,11,6,11,6,0,0,8,3,50,25,58,28,,,,,3,3,6,11,0
03-20-20,Tipton,2,1,2,1,0,0,2,1,4,2,6,3,,,,,1,1,0,0,0
03-20-20,Trousdale,0,0,0,0,0,0,0,0,1,0,1,0,,,,,1,1,0,0,0
03-20-20,Unicoi,0,0,0,0,0,0,0,0,1,0,1,0,,,,,0,0,0,0,0
03-20-20,Union,0,0,0,0,0,0,0,0,1,0,1,0,,,,,0,0,0,0,0
03-20-20,Van Buren,0,0,0,0,0,0,0,0,2,0,2,0,,,,,0,0,0,0,0
03-20-20,Warren,0,0,0,0,0,0,0,0,11,4,11,4,,,,,0,0,0,0,0
03-20-20,Washington,2,2,2,2,0,0,2,2,31,6,33,8,,,,,1,1,0,0,0
03-20-20,Wayne,0,0,0,0,0,0,0,0,5,0,5,0,,,,,0,0,0,0,0
03-20-20,Weakley,0,0,0,0,0,0,0,0,3,0,3,0,,,,,0,0,0,0,0
03-20-20,White,0,0,0,0,0,0,0,0,6,3,6,3,,,,,0,0,0,0,0
03-20-20,Williamson,36,8,36,8,0,0,37,3,220,129,257,132,,,,,4,5,0,5,0
03-20-20,Wilson,4,4,4,4,0,0,2,1,52,28,54,29,,,,,0,0,0,0,0
03-19-20,Anderson,1,1,1,1,0,0,2,2,5,1,7,3,,,,,0,0,0,0,0
03-19-20,Bedford,0,0,0,0,0,0,0,0,14,0,14,0,,,,,0,0,0,0,0
03-19-20,Benton,0,0,0,0,0,0,0,0,1,0,1,0,,,,,0,0,0,0,0
03-19-20,Bledsoe,0,0,0,0,0,0,0,0,1,0,1,0,,,,,0,0,0,0,0
03-19-20,Blount,0,0,0,0,0,0,0,0,8,2,8,2,,,,,0,0,0,0,0
03-19-20,Bradley,0,0,0,0,0,0,0,0,16,4,16,4,,,,,0,0,0,0,0
03-19-20,Campbell,1,0,1,0,0,0,1,0,5,1,6,1,,,,,0,0,0,0,0
03-19-20,Cannon,0,0,0,0,0,0,0,0,2,1,2,1,,,,,0,0,0,0,0
03-19-20,Carroll,1,1,1,1,0,0,1,1,11,3,12,4,,,,,0,0,0,0,0
03-19-20,Carter,0,0,0,0,0,0,0,0,5,2,5,2,,,,,0,0,0,0,0
03-19-20,Cheatham,0,0,0,0,0,0,2,1,9,2,11,3,,,,,0,0,0,0,0
03-19-20,Chester,0,0,0,0,0,0,0,0,6,0,6,0,,,,,0,0,0,0,0
03-19-20,Claiborne,0,0,0,0,0,0,0,0,2,1,2,1,,,,,0,0,0,0,0
03-19-20,Clay,0,0,0,0,0,0,0,0,4,1,4,1,,,,,0,0,0,0,0
03-19-20,Cocke,0,0,0,0,0,0,0,0,2,0,2,0,,,,,0,0,0,0,0
03-19-20,Coffee,0,0,0,0,0,0,0,0,12,3,12,3,,,,,0,0,0,0,0
03-19-20,Crockett,0,0,0,0,0,0,0,0,3,0,3,0,,,,,0,0,0,0,0
03-19-20,Cumberland,1,0,1,0,0,0,1,0,15,3,16,3,,,,,0,0,0,0,0
03-19-20,Davidson,5,3,5,3,0,0,92,33,1261,294,1353,327,,,,,3,3,1,1,0
03-19-20,Decatur,0,0,0,0,0,0,0,0,5,1,5,1,,,,,0,0,0,0,0
03-19-20,Dekalb,0,0,0,0,0,0,0,0,9,4,9,4,,,,,0,0,0,0,0
03-19-20,Dickson,0,0,0,0,0,0,0,0,16,6,16,6,,,,,0,0,0,0,0
03-19-20,Dyer,2,2,2,2,0,0,2,2,2,0,4,2,,,,,0,0,0,0,0
03-19-20,Fayette,1,1,1,1,0,0,0,0,1,0,1,0,,,,,0,0,0,0,0
03-19-20,Fentress,0,0,0,0,0,0,0,0,1,0,1,0,,,,,0,0,0,0,0
03-19-20,Franklin,0,0,0,0,0,0,0,0,12,3,12,3,,,,,0,0,0,0,0
03-19-20,Gibson,0,0,0,0,0,0,0,0,4,1,4,1,,,,,0,0,0,0,0
03-19-20,Giles,0,0,0,0,0,0,0,0,10,1,10,1,,,,,0,0,0,0,0
03-19-20,Grainger,0,0,0,0,0,0,0,0,2,0,2,0,,,,,0,0,0,0,0
03-19-20,Greene,0,0,0,0,0,0,0,0,4,0,4,0,,,,,0,0,0,0,0
03-19-20,Grundy,0,0,0,0,0,0,0,0,2,0,2,0,,,,,0,0,0,0,0
03-19-20,Hamblen,0,0,0,0,0,0,0,0,1,0,1,0,,,,,0,0,0,0,0
03-19-20,Hamilton,4,2,4,2,0,0,4,2,43,16,47,18,,,,,0,0,0,0,0
03-19-20,Hancock,0,0,0,0,0,0,0,0,1,0,1,0,,,,,0,0,0,0,0
03-19-20,Hardeman,0,0,0,0,0,0,0,0,3,0,3,0,,,,,0,0,0,0,0
03-19-20,Hardin,0,0,0,0,0,0,0,0,2,0,2,0,,,,,0,0,0,0,0
03-19-20,Hawkins,0,0,0,0,0,0,0,0,4,1,4,1,,,,,0,0,0,0,0
03-19-20,Haywood,0,0,0,0,0,0,0,0,2,0,2,0,,,,,0,0,0,0,0
03-19-20,Henderson,0,0,0,0,0,0,0,0,7,4,7,4,,,,,0,0,0,0,0
03-19-20,Henry,0,0,0,0,0,0,0,0,8,2,8,2,,,,,0,0,0,0,0
03-19-20,Hickman,0,0,0,0,0,0,0,0,6,2,6,2,,,,,0,0,0,0,0
03-19-20,Houston,0,0,0,0,0,0,0,0,0,0,0,0,,,,,0,0,0,0,0
03-19-20,Humphreys,0,0,0,0,0,0,0,0,3,0,3,0,,,,,0,0,0,0,0
03-19-20,Jackson,0,0,0,0,0,0,0,0,1,0,1,0,,,,,0,0,0,0,0
03-19-20,Jefferson,1,0,1,0,0,0,1,0,2,1,3,1,,,,,0,0,0,0,0
03-19-20,Johnson,0,0,0,0,0,0,0,0,0,0,0,0,,,,,0,0,0,0,0
03-19-20,Knox,1,0,1,0,0,0,1,0,44,11,45,11,,,,,0,0,0,0,0
03-19-20,Lake,0,0,0,0,0,0,0,0,0,0,0,0,,,,,0,0,0,0,0
03-19-20,Lauderdale,0,0,0,0,0,0,0,0,0,0,0,0,,,,,0,0,0,0,0
03-19-20,Lawrence,0,0,0,0,0,0,0,0,11,7,11,7,,,,,0,0,0,0,0
03-19-20,Lewis,0,0,0,0,0,0,0,0,4,2,4,2,,,,,0,0,0,0,0
03-19-20,Lincoln,0,0,0,0,0,0,0,0,5,2,5,2,,,,,0,0,0,0,0
03-19-20,Loudon,0,0,0,0,0,0,0,0,4,1,4,1,,,,,0,0,0,0,0
03-19-20,Macon,0,0,0,0,0,0,0,0,2,2,2,2,,,,,0,0,0,0,0
03-19-20,Madison,0,0,0,0,0,0,0,0,11,4,11,4,,,,,0,0,0,0,0
03-19-20,Marion,0,0,0,0,0,0,0,0,6,2,6,2,,,,,0,0,0,0,0
03-19-20,Marshall,0,0,0,0,0,0,0,0,22,5,22,5,,,,,0,0,0,0,0
03-19-20,Maury,0,0,0,0,0,0,0,0,93,24,93,24,,,,,0,0,0,0,0
03-19-20,McMinn,0,0,0,0,0,0,0,0,5,2,5,2,,,,,0,0,0,0,0
03-19-20,McNairy,0,0,0,0,0,0,0,0,4,4,4,4,,,,,0,0,0,0,0
03-19-20,Meigs,0,0,0,0,0,0,0,0,1,0,1,0,,,,,0,0,0,0,0
03-19-20,Monroe,0,0,0,0,0,0,0,0,2,1,2,1,,,,,0,0,0,0,0
03-19-20,Montgomery,0,0,0,0,0,0,1,1,18,2,19,3,,,,,1,1,0,0,0
03-19-20,Moore,0,0,0,0,0,0,0,0,1,1,1,1,,,,,0,0,0,0,0
03-19-20,Morgan,0,0,0,0,0,0,0,0,1,1,1,1,,,,,0,0,0,0,0
03-19-20,Obion,0,0,0,0,0,0,0,0,1,1,1,1,,,,,0,0,0,0,0
03-19-20,Out of State,0,0,0,0,0,0,22,8,191,39,213,47,,,,,0,0,0,0,0
03-19-20,Overton,0,0,0,0,0,0,0,0,5,1,5,1,,,,,0,0,0,0,0
03-19-20,Pending,0,0,0,0,0,0,0,0,902,187,902,187,,,,,0,0,0,0,0
03-19-20,Perry,0,0,0,0,0,0,0,0,4,1,4,1,,,,,0,0,0,0,0
03-19-20,Pickett,0,0,0,0,0,0,0,0,0,0,0,0,,,,,0,0,0,0,0
03-19-20,Polk,0,0,0,0,0,0,0,0,2,0,2,0,,,,,0,0,0,0,0
03-19-20,Putnam,0,0,0,0,0,0,0,0,18,7,18,7,,,,,0,0,0,0,0
03-19-20,Rhea,0,0,0,0,0,0,0,0,6,0,6,0,,,,,0,0,0,0,0
03-19-20,Roane,0,0,0,0,0,0,0,0,0,0,0,0,,,,,0,0,0,0,0
03-19-20,Robertson,1,1,1,1,0,0,2,1,6,0,8,1,,,,,0,0,1,1,0
03-19-20,Rutherford,1,0,1,0,0,0,0,0,41,13,41,13,,,,,0,0,0,1,0
03-19-20,Scott,0,0,0,0,0,0,0,0,4,0,4,0,,,,,0,0,0,0,0
03-19-20,Sequatchie,0,0,0,0,0,0,0,0,2,0,2,0,,,,,0,0,0,0,0
03-19-20,Sevier,1,0,1,0,0,0,1,0,4,0,5,0,,,,,0,0,0,0,0
03-19-20,Shelby,3,0,3,0,0,0,2,0,54,15,56,15,,,,,3,3,0,2,0
03-19-20,Smith,0,0,0,0,0,0,0,0,4,2,4,2,,,,,0,0,0,0,0
03-19-20,Stewart,0,0,0,0,0,0,0,0,2,2,2,2,,,,,0,0,0,0,0
03-19-20,Sullivan,1,0,1,0,0,0,1,0,12,5,13,5,,,,,0,0,0,0,0
03-19-20,Sumner,5,5,5,5,0,0,5,3,25,11,30,14,,,,,0,0,5,5,0
03-19-20,Tipton,1,1,1,1,0,0,1,1,2,1,3,2,,,,,0,0,0,0,0
03-19-20,Trousdale,0,0,0,0,0,0,0,0,1,1,1,1,,,,,0,0,0,0,0
03-19-20,Unicoi,0,0,0,0,0,0,0,0,1,0,1,0,,,,,0,0,0,0,0
03-19-20,Union,0,0,0,0,0,0,0,0,1,0,1,0,,,,,0,0,0,0,0
03-19-20,Van Buren,0,0,0,0,0,0,0,0,2,2,2,2,,,,,0,0,0,0,0
03-19-20,Warren,0,0,0,0,0,0,0,0,7,3,7,3,,,,,0,0,0,0,0
03-19-20,Washington,0,0,0,0,0,0,0,0,25,12,25,12,,,,,0,0,0,0,0
03-19-20,Wayne,0,0,0,0,0,0,0,0,5,2,5,2,,,,,0,0,0,0,0
03-19-20,Weakley,0,0,0,0,0,0,0,0,3,0,3,0,,,,,0,0,0,0,0
03-19-20,White,0,0,0,0,0,0,0,0,3,3,3,3,,,,,0,0,0,0,0
03-19-20,Williamson,28,13,28,13,0,0,34,6,91,24,125,30,,,,,1,1,2,5,0
03-19-20,Wilson,0,0,0,0,0,0,1,0,24,10,25,10,,,,,0,0,0,0,0
03-18-20,Anderson,0,0,0,0,0,0,0,0,4,0,4,0,,,,,0,0,0,0,0
03-18-20,Bedford,0,0,0,0,0,0,0,0,14,6,14,6,,,,,0,0,0,0,0
03-18-20,Benton,0,0,0,0,0,0,0,0,1,0,1,0,,,,,0,0,0,0,0
03-18-20,Bledsoe,0,0,0,0,0,0,0,0,1,0,1,0,,,,,0,0,0,0,0
03-18-20,Blount,0,0,0,0,0,0,0,0,6,3,6,3,,,,,0,0,0,0,0
03-18-20,Bradley,0,0,0,0,0,0,0,0,12,1,12,1,,,,,0,0,0,0,0
03-18-20,Campbell,1,0,1,0,0,0,1,0,4,3,5,3,,,,,0,0,0,0,0
03-18-20,Cannon,0,0,0,0,0,0,0,0,1,0,1,0,,,,,0,0,0,0,0
03-18-20,Carroll,0,0,0,0,0,0,0,0,8,3,8,3,,,,,0,0,0,0,0
03-18-20,Carter,0,0,0,0,0,0,0,0,3,1,3,1,,,,,0,0,0,0,0
03-18-20,Cheatham,0,0,0,0,0,0,1,0,7,0,8,0,,,,,0,0,0,0,0
03-18-20,Chester,0,0,0,0,0,0,0,0,6,1,6,1,,,,,0,0,0,0,0
03-18-20,Claiborne,0,0,0,0,0,0,0,0,1,0,1,0,,,,,0,0,0,0,0
03-18-20,Clay,0,0,0,0,0,0,0,0,3,1,3,1,,,,,0,0,0,0,0
03-18-20,Cocke,0,0,0,0,0,0,0,0,2,0,2,0,,,,,0,0,0,0,0
03-18-20,Coffee,0,0,0,0,0,0,0,0,9,2,9,2,,,,,0,0,0,0,0
03-18-20,Crockett,0,0,0,0,0,0,0,0,3,0,3,0,,,,,0,0,0,0,0
03-18-20,Cumberland,1,1,1,1,0,0,1,1,12,3,13,4,,,,,0,0,0,0,0
03-18-20,Davidson,2,1,2,1,0,0,59,17,967,223,1026,240,,,,,0,0,0,0,0
03-18-20,Decatur,0,0,0,0,0,0,0,0,4,1,4,1,,,,,0,0,0,0,0
03-18-20,Dekalb,0,0,0,0,0,0,0,0,5,0,5,0,,,,,0,0,0,0,0
03-18-20,Dickson,0,0,0,0,0,0,0,0,10,4,10,4,,,,,0,0,0,0,0
03-18-20,Dyer,0,0,0,0,0,0,0,0,2,0,2,0,,,,,0,0,0,0,0
03-18-20,Fayette,0,0,0,0,0,0,0,0,1,1,1,1,,,,,0,0,0,0,0
03-18-20,Fentress,0,0,0,0,0,0,0,0,1,0,1,0,,,,,0,0,0,0,0
03-18-20,Franklin,0,0,0,0,0,0,0,0,9,3,9,3,,,,,0,0,0,0,0
03-18-20,Gibson,0,0,0,0,0,0,0,0,3,1,3,1,,,,,0,0,0,0,0
03-18-20,Giles,0,0,0,0,0,0,0,0,9,2,9,2,,,,,0,0,0,0,0
03-18-20,Grainger,0,0,0,0,0,0,0,0,2,1,2,1,,,,,0,0,0,0,0
03-18-20,Greene,0,0,0,0,0,0,0,0,4,3,4,3,,,,,0,0,0,0,0
03-18-20,Grundy,0,0,0,0,0,0,0,0,2,0,2,0,,,,,0,0,0,0,0
03-18-20,Hamblen,0,0,0,0,0,0,0,0,1,0,1,0,,,,,0,0,0,0,0
03-18-20,Hamilton,2,1,2,1,0,0,2,1,27,4,29,5,,,,,0,0,0,0,0
03-18-20,Hancock,0,0,0,0,0,0,0,0,1,0,1,0,,,,,0,0,0,0,0
03-18-20,Hardeman,0,0,0,0,0,0,0,0,3,0,3,0,,,,,0,0,0,0,0
03-18-20,Hardin,0,0,0,0,0,0,0,0,2,1,2,1,,,,,0,0,0,0,0
03-18-20,Hawkins,0,0,0,0,0,0,0,0,3,0,3,0,,,,,0,0,0,0,0
03-18-20,Haywood,0,0,0,0,0,0,0,0,2,0,2,0,,,,,0,0,0,0,0
03-18-20,Henderson,0,0,0,0,0,0,0,0,3,2,3,2,,,,,0,0,0,0,0
03-18-20,Henry,0,0,0,0,0,0,0,0,6,1,6,1,,,,,0,0,0,0,0
03-18-20,Hickman,0,0,0,0,0,0,0,0,4,0,4,0,,,,,0,0,0,0,0
03-18-20,Houston,0,0,0,0,0,0,0,0,0,0,0,0,,,,,0,0,0,0,0
03-18-20,Humphreys,0,0,0,0,0,0,0,0,3,1,3,1,,,,,0,0,0,0,0
03-18-20,Jackson,0,0,0,0,0,0,0,0,1,0,1,0,,,,,0,0,0,0,0
03-18-20,Jefferson,1,0,1,0,0,0,1,0,1,1,2,1,,,,,0,0,0,0,0
03-18-20,Johnson,0,0,0,0,0,0,0,0,0,0,0,0,,,,,0,0,0,0,0
03-18-20,Knox,1,0,1,0,0,0,1,0,33,14,34,14,,,,,0,0,0,0,0
03-18-20,Lake,0,0,0,0,0,0,0,0,0,0,0,0,,,,,0,0,0,0,0
03-18-20,Lauderdale,0,0,0,0,0,0,0,0,0,0,0,0,,,,,0,0,0,0,0
03-18-20,Lawrence,0,0,0,0,0,0,0,0,4,2,4,2,,,,,0,0,0,0,0
03-18-20,Lewis,0,0,0,0,0,0,0,0,2,1,2,1,,,,,0,0,0,0,0
03-18-20,Lincoln,0,0,0,0,0,0,0,0,3,1,3,1,,,,,0,0,0,0,0
03-18-20,Loudon,0,0,0,0,0,0,0,0,3,1,3,1,,,,,0,0,0,0,0
03-18-20,Macon,0,0,0,0,0,0,0,0,0,0,0,0,,,,,0,0,0,0,0
03-18-20,Madison,0,0,0,0,0,0,0,0,7,0,7,0,,,,,0,0,0,0,0
03-18-20,Marion,0,0,0,0,0,0,0,0,4,0,4,0,,,,,0,0,0,0,0
03-18-20,Marshall,0,0,0,0,0,0,0,0,17,2,17,2,,,,,0,0,0,0,0
03-18-20,Maury,0,0,0,0,0,0,0,0,69,18,69,18,,,,,0,0,0,0,0
03-18-20,McMinn,0,0,0,0,0,0,0,0,3,0,3,0,,,,,0,0,0,0,0
03-18-20,McNairy,0,0,0,0,0,0,0,0,0,0,0,0,,,,,0,0,0,0,0
03-18-20,Meigs,0,0,0,0,0,0,0,0,1,0,1,0,,,,,0,0,0,0,0
03-18-20,Monroe,0,0,0,0,0,0,0,0,1,1,1,1,,,,,0,0,0,0,0
03-18-20,Montgomery,0,0,0,0,0,0,0,0,16,0,16,0,,,,,0,0,0,0,0
03-18-20,Moore,0,0,0,0,0,0,0,0,0,0,0,0,,,,,0,0,0,0,0
03-18-20,Morgan,0,0,0,0,0,0,0,0,0,0,0,0,,,,,0,0,0,0,0
03-18-20,Obion,0,0,0,0,0,0,0,0,0,0,0,0,,,,,0,0,0,0,0
03-18-20,Out of State,0,0,0,0,0,0,14,5,152,40,166,45,,,,,0,0,0,0,0
03-18-20,Overton,0,0,0,0,0,0,0,0,4,2,4,2,,,,,0,0,0,0,0
03-18-20,Pending,0,0,0,0,0,0,0,0,715,139,715,139,,,,,0,0,0,0,0
03-18-20,Perry,0,0,0,0,0,0,0,0,3,0,3,0,,,,,0,0,0,0,0
03-18-20,Pickett,0,0,0,0,0,0,0,0,0,0,0,0,,,,,0,0,0,0,0
03-18-20,Polk,0,0,0,0,0,0,0,0,2,0,2,0,,,,,0,0,0,0,0
03-18-20,Putnam,0,0,0,0,0,0,0,0,11,5,11,5,,,,,0,0,0,0,0
03-18-20,Rhea,0,0,0,0,0,0,0,0,6,2,6,2,,,,,0,0,0,0,0
03-18-20,Roane,0,0,0,0,0,0,0,0,0,0,0,0,,,,,0,0,0,0,0
03-18-20,Robertson,0,0,0,0,0,0,1,0,6,3,7,3,,,,,0,0,0,0,0
03-18-20,Rutherford,1,0,1,0,0,0,0,0,28,9,28,9,,,,,0,0,0,1,0
03-18-20,Scott,0,0,0,0,0,0,0,0,4,0,4,0,,,,,0,0,0,0,0
03-18-20,Sequatchie,0,0,0,0,0,0,0,0,2,0,2,0,,,,,0,0,0,0,0
03-18-20,Sevier,1,0,1,0,0,0,1,0,4,1,5,1,,,,,0,0,0,0,0
03-18-20,Shelby,3,2,3,2,0,0,2,1,39,13,41,14,,,,,0,0,2,2,0
03-18-20,Smith,0,0,0,0,0,0,0,0,2,0,2,0,,,,,0,0,0,0,0
03-18-20,Stewart,0,0,0,0,0,0,0,0,0,0,0,0,,,,,0,0,0,0,0
03-18-20,Sullivan,1,0,1,0,0,0,1,0,7,1,8,1,,,,,0,0,0,0,0
03-18-20,Sumner,0,0,0,0,0,0,2,0,14,4,16,4,,,,,0,0,0,0,0
03-18-20,Tipton,0,0,0,0,0,0,0,0,1,0,1,0,,,,,0,0,0,0,0
03-18-20,Trousdale,0,0,0,0,0,0,0,0,0,0,0,0,,,,,0,0,0,0,0
03-18-20,Unicoi,0,0,0,0,0,0,0,0,1,0,1,0,,,,,0,0,0,0,0
03-18-20,Union,0,0,0,0,0,0,0,0,1,0,1,0,,,,,0,0,0,0,0
03-18-20,Van Buren,0,0,0,0,0,0,0,0,0,0,0,0,,,,,0,0,0,0,0
03-18-20,Warren,0,0,0,0,0,0,0,0,4,0,4,0,,,,,0,0,0,0,0
03-18-20,Washington,0,0,0,0,0,0,0,0,13,1,13,1,,,,,0,0,0,0,0
03-18-20,Wayne,0,0,0,0,0,0,0,0,3,0,3,0,,,,,0,0,0,0,0
03-18-20,Weakley,0,0,0,0,0,0,0,0,3,2,3,2,,,,,0,0,0,0,0
03-18-20,White,0,0,0,0,0,0,0,0,0,0,0,0,,,,,0,0,0,0,0
03-18-20,Williamson,15,6,15,6,0,0,28,8,67,17,95,25,,,,,0,0,1,3,0
03-18-20,Wilson,0,0,0,0,0,0,1,1,14,5,15,6,,,,,0,0,0,0,0
03-17-20,Anderson,0,0,0,0,0,0,0,0,4,2,4,2,,,,,0,0,0,0,0
03-17-20,Bedford,0,0,0,0,0,0,0,0,8,7,8,7,,,,,0,0,0,0,0
03-17-20,Benton,0,0,0,0,0,0,0,0,1,0,1,0,,,,,0,0,0,0,0
03-17-20,Bledsoe,0,0,0,0,0,0,0,0,1,0,1,0,,,,,0,0,0,0,0
03-17-20,Blount,0,0,0,0,0,0,0,0,3,0,3,0,,,,,0,0,0,0,0
03-17-20,Bradley,0,0,0,0,0,0,0,0,11,6,11,6,,,,,0,0,0,0,0
03-17-20,Campbell,1,0,1,0,0,0,1,1,1,1,2,2,,,,,0,0,0,0,0
03-17-20,Cannon,0,0,0,0,0,0,0,0,1,1,1,1,,,,,0,0,0,0,0
03-17-20,Carroll,0,0,0,0,0,0,0,0,5,3,5,3,,,,,0,0,0,0,0
03-17-20,Carter,0,0,0,0,0,0,0,0,2,0,2,0,,,,,0,0,0,0,0
03-17-20,Cheatham,0,0,0,0,0,0,1,1,7,3,8,4,,,,,0,0,0,0,0
03-17-20,Chester,0,0,0,0,0,0,0,0,5,2,5,2,,,,,0,0,0,0,0
03-17-20,Claiborne,0,0,0,0,0,0,0,0,1,1,1,1,,,,,0,0,0,0,0
03-17-20,Clay,0,0,0,0,0,0,0,0,2,2,2,2,,,,,0,0,0,0,0
03-17-20,Cocke,0,0,0,0,0,0,0,0,2,1,2,1,,,,,0,0,0,0,0
03-17-20,Coffee,0,0,0,0,0,0,0,0,7,4,7,4,,,,,0,0,0,0,0
03-17-20,Crockett,0,0,0,0,0,0,0,0,3,1,3,1,,,,,0,0,0,0,0
03-17-20,Cumberland,0,0,0,0,0,0,0,0,9,3,9,3,,,,,0,0,0,0,0
03-17-20,Davidson,1,1,1,1,0,0,42,31,744,579,786,610,,,,,0,0,0,0,0
03-17-20,Decatur,0,0,0,0,0,0,0,0,3,1,3,1,,,,,0,0,0,0,0
03-17-20,Dekalb,0,0,0,0,0,0,0,0,5,5,5,5,,,,,0,0,0,0,0
03-17-20,Dickson,0,0,0,0,0,0,0,0,6,3,6,3,,,,,0,0,0,0,0
03-17-20,Dyer,0,0,0,0,0,0,0,0,2,1,2,1,,,,,0,0,0,0,0
03-17-20,Fayette,0,0,0,0,0,0,0,0,0,0,0,0,,,,,0,0,0,0,0
03-17-20,Fentress,0,0,0,0,0,0,0,0,1,1,1,1,,,,,0,0,0,0,0
03-17-20,Franklin,0,0,0,0,0,0,0,0,6,5,6,5,,,,,0,0,0,0,0
03-17-20,Gibson,0,0,0,0,0,0,0,0,2,0,2,0,,,,,0,0,0,0,0
03-17-20,Giles,0,0,0,0,0,0,0,0,7,3,7,3,,,,,0,0,0,0,0
03-17-20,Grainger,0,0,0,0,0,0,0,0,1,1,1,1,,,,,0,0,0,0,0
03-17-20,Greene,0,0,0,0,0,0,0,0,1,0,1,0,,,,,0,0,0,0,0
03-17-20,Grundy,0,0,0,0,0,0,0,0,2,1,2,1,,,,,0,0,0,0,0
03-17-20,Hamblen,0,0,0,0,0,0,0,0,1,0,1,0,,,,,0,0,0,0,0
03-17-20,Hamilton,1,1,1,1,0,0,1,1,23,12,24,13,,,,,0,0,0,0,0
03-17-20,Hancock,0,0,0,0,0,0,0,0,1,0,1,0,,,,,0,0,0,0,0
03-17-20,Hardeman,0,0,0,0,0,0,0,0,3,3,3,3,,,,,0,0,0,0,0
03-17-20,Hardin,0,0,0,0,0,0,0,0,1,0,1,0,,,,,0,0,0,0,0
03-17-20,Hawkins,0,0,0,0,0,0,0,0,3,0,3,0,,,,,0,0,0,0,0
03-17-20,Haywood,0,0,0,0,0,0,0,0,2,0,2,0,,,,,0,0,0,0,0
03-17-20,Henderson,0,0,0,0,0,0,0,0,1,0,1,0,,,,,0,0,0,0,0
03-17-20,Henry,0,0,0,0,0,0,0,0,5,3,5,3,,,,,0,0,0,0,0
03-17-20,Hickman,0,0,0,0,0,0,0,0,4,2,4,2,,,,,0,0,0,0,0
03-17-20,Houston,0,0,0,0,0,0,0,0,0,0,0,0,,,,,0,0,0,0,0
03-17-20,Humphreys,0,0,0,0,0,0,0,0,2,1,2,1,,,,,0,0,0,0,0
03-17-20,Jackson,0,0,0,0,0,0,0,0,1,0,1,0,,,,,0,0,0,0,0
03-17-20,Jefferson,1,0,1,0,0,0,1,0,0,0,1,0,,,,,0,0,0,0,0
03-17-20,Johnson,0,0,0,0,0,0,0,0,0,0,0,0,,,,,0,0,0,0,0
03-17-20,Knox,1,0,1,0,0,0,1,0,19,5,20,5,,,,,0,0,0,0,0
03-17-20,Lake,0,0,0,0,0,0,0,0,0,0,0,0,,,,,0,0,0,0,0
03-17-20,Lauderdale,0,0,0,0,0,0,0,0,0,0,0,0,,,,,0,0,0,0,0
03-17-20,Lawrence,0,0,0,0,0,0,0,0,2,0,2,0,,,,,0,0,0,0,0
03-17-20,Lewis,0,0,0,0,0,0,0,0,1,1,1,1,,,,,0,0,0,0,0
03-17-20,Lincoln,0,0,0,0,0,0,0,0,2,0,2,0,,,,,0,0,0,0,0
03-17-20,Loudon,0,0,0,0,0,0,0,0,2,1,2,1,,,,,0,0,0,0,0
03-17-20,Macon,0,0,0,0,0,0,0,0,0,0,0,0,,,,,0,0,0,0,0
03-17-20,Madison,0,0,0,0,0,0,0,0,7,1,7,1,,,,,0,0,0,0,0
03-17-20,Marion,0,0,0,0,0,0,0,0,4,0,4,0,,,,,0,0,0,0,0
03-17-20,Marshall,0,0,0,0,0,0,0,0,15,11,15,11,,,,,0,0,0,0,0
03-17-20,Maury,0,0,0,0,0,0,0,0,51,37,51,37,,,,,0,0,0,0,0
03-17-20,McMinn,0,0,0,0,0,0,0,0,3,1,3,1,,,,,0,0,0,0,0
03-17-20,McNairy,0,0,0,0,0,0,0,0,0,0,0,0,,,,,0,0,0,0,0
03-17-20,Meigs,0,0,0,0,0,0,0,0,1,0,1,0,,,,,0,0,0,0,0
03-17-20,Monroe,0,0,0,0,0,0,0,0,0,0,0,0,,,,,0,0,0,0,0
03-17-20,Montgomery,0,0,0,0,0,0,0,0,16,2,16,2,,,,,0,0,0,0,0
03-17-20,Moore,0,0,0,0,0,0,0,0,0,0,0,0,,,,,0,0,0,0,0
03-17-20,Morgan,0,0,0,0,0,0,0,0,0,0,0,0,,,,,0,0,0,0,0
03-17-20,Obion,0,0,0,0,0,0,0,0,0,0,0,0,,,,,0,0,0,0,0
03-17-20,Out of State,0,0,0,0,0,0,9,9,112,62,121,71,,,,,0,0,0,0,0
03-17-20,Overton,0,0,0,0,0,0,0,0,2,0,2,0,,,,,0,0,0,0,0
03-17-20,Pending,0,0,0,0,0,0,0,0,576,451,576,451,,,,,0,0,0,0,0
03-17-20,Perry,0,0,0,0,0,0,0,0,3,3,3,3,,,,,0,0,0,0,0
03-17-20,Pickett,0,0,0,0,0,0,0,0,0,0,0,0,,,,,0,0,0,0,0
03-17-20,Polk,0,0,0,0,0,0,0,0,2,1,2,1,,,,,0,0,0,0,0
03-17-20,Putnam,0,0,0,0,0,0,0,0,6,4,6,4,,,,,0,0,0,0,0
03-17-20,Rhea,0,0,0,0,0,0,0,0,4,0,4,0,,,,,0,0,0,0,0
03-17-20,Roane,0,0,0,0,0,0,0,0,0,0,0,0,,,,,0,0,0,0,0
03-17-20,Robertson,0,0,0,0,0,0,1,1,3,0,4,1,,,,,0,0,0,0,0
03-17-20,Rutherford,1,0,1,0,0,0,0,0,19,12,19,12,,,,,0,0,0,1,0
03-17-20,Scott,0,0,0,0,0,0,0,0,4,1,4,1,,,,,0,0,0,0,0
03-17-20,Sequatchie,0,0,0,0,0,0,0,0,2,0,2,0,,,,,0,0,0,0,0
03-17-20,Sevier,1,0,1,0,0,0,1,0,3,1,4,1,,,,,0,0,0,0,0
03-17-20,Shelby,1,1,1,1,0,0,1,1,26,12,27,13,,,,,0,0,0,0,0
03-17-20,Smith,0,0,0,0,0,0,0,0,2,0,2,0,,,,,0,0,0,0,0
03-17-20,Stewart,0,0,0,0,0,0,0,0,0,0,0,0,,,,,0,0,0,0,0
03-17-20,Sullivan,1,0,1,0,0,0,1,0,6,1,7,1,,,,,0,0,0,0,0
03-17-20,Sumner,0,0,0,0,0,0,2,1,10,3,12,4,,,,,0,0,0,0,0
03-17-20,Tipton,0,0,0,0,0,0,0,0,1,1,1,1,,,,,0,0,0,0,0
03-17-20,Trousdale,0,0,0,0,0,0,0,0,0,0,0,0,,,,,0,0,0,0,0
03-17-20,Unicoi,0,0,0,0,0,0,0,0,1,0,1,0,,,,,0,0,0,0,0
03-17-20,Union,0,0,0,0,0,0,0,0,1,0,1,0,,,,,0,0,0,0,0
03-17-20,Van Buren,0,0,0,0,0,0,0,0,0,0,0,0,,,,,0,0,0,0,0
03-17-20,Warren,0,0,0,0,0,0,0,0,4,3,4,3,,,,,0,0,0,0,0
03-17-20,Washington,0,0,0,0,0,0,0,0,12,1,12,1,,,,,0,0,0,0,0
03-17-20,Wayne,0,0,0,0,0,0,0,0,3,2,3,2,,,,,0,0,0,0,0
03-17-20,Weakley,0,0,0,0,0,0,0,0,1,0,1,0,,,,,0,0,0,0,0
03-17-20,White,0,0,0,0,0,0,0,0,0,0,0,0,,,,,0,0,0,0,0
03-17-20,Williamson,9,1,9,1,0,0,20,12,50,23,70,35,,,,,0,0,0,2,0
03-17-20,Wilson,0,0,0,0,0,0,0,0,9,4,9,4,,,,,0,0,0,0,0
03-16-20,Anderson,0,0,0,0,0,0,0,0,2,1,2,1,,,,,0,0,0,0,0
03-16-20,Bedford,0,0,0,0,0,0,0,0,1,0,1,0,,,,,0,0,0,0,0
03-16-20,Benton,0,0,0,0,0,0,0,0,1,0,1,0,,,,,0,0,0,0,0
03-16-20,Bledsoe,0,0,0,0,0,0,0,0,1,1,1,1,,,,,0,0,0,0,0
03-16-20,Blount,0,0,0,0,0,0,0,0,3,0,3,0,,,,,0,0,0,0,0
03-16-20,Bradley,0,0,0,0,0,0,0,0,5,2,5,2,,,,,0,0,0,0,0
03-16-20,Campbell,1,0,1,0,0,0,0,0,0,0,0,0,,,,,0,0,0,0,0
03-16-20,Cannon,0,0,0,0,0,0,0,0,0,0,0,0,,,,,0,0,0,0,0
03-16-20,Carroll,0,0,0,0,0,0,0,0,2,1,2,1,,,,,0,0,0,0,0
03-16-20,Carter,0,0,0,0,0,0,0,0,2,1,2,1,,,,,0,0,0,0,0
03-16-20,Cheatham,0,0,0,0,0,0,0,0,4,1,4,1,,,,,0,0,0,0,0
03-16-20,Chester,0,0,0,0,0,0,0,0,3,1,3,1,,,,,0,0,0,0,0
03-16-20,Claiborne,0,0,0,0,0,0,0,0,0,0,0,0,,,,,0,0,0,0,0
03-16-20,Clay,0,0,0,0,0,0,0,0,0,0,0,0,,,,,0,0,0,0,0
03-16-20,Cocke,0,0,0,0,0,0,0,0,1,1,1,1,,,,,0,0,0,0,0
03-16-20,Coffee,0,0,0,0,0,0,0,0,3,1,3,1,,,,,0,0,0,0,0
03-16-20,Crockett,0,0,0,0,0,0,0,0,2,0,2,0,,,,,0,0,0,0,0
03-16-20,Cumberland,0,0,0,0,0,0,0,0,6,3,6,3,,,,,0,0,0,0,0
03-16-20,Davidson,0,0,0,0,0,0,11,0,165,43,176,43,,,,,0,0,0,0,0
03-16-20,Decatur,0,0,0,0,0,0,0,0,2,1,2,1,,,,,0,0,0,0,0
03-16-20,Dekalb,0,0,0,0,0,0,0,0,0,0,0,0,,,,,0,0,0,0,0
03-16-20,Dickson,0,0,0,0,0,0,0,0,3,2,3,2,,,,,0,0,0,0,0
03-16-20,Dyer,0,0,0,0,0,0,0,0,1,0,1,0,,,,,0,0,0,0,0
03-16-20,Fayette,0,0,0,0,0,0,0,0,0,0,0,0,,,,,0,0,0,0,0
03-16-20,Fentress,0,0,0,0,0,0,0,0,0,0,0,0,,,,,0,0,0,0,0
03-16-20,Franklin,0,0,0,0,0,0,0,0,1,1,1,1,,,,,0,0,0,0,0
03-16-20,Gibson,0,0,0,0,0,0,0,0,2,0,2,0,,,,,0,0,0,0,0
03-16-20,Giles,0,0,0,0,0,0,0,0,4,2,4,2,,,,,0,0,0,0,0
03-16-20,Grainger,0,0,0,0,0,0,0,0,0,0,0,0,,,,,0,0,0,0,0
03-16-20,Greene,0,0,0,0,0,0,0,0,1,1,1,1,,,,,0,0,0,0,0
03-16-20,Grundy,0,0,0,0,0,0,0,0,1,1,1,1,,,,,0,0,0,0,0
03-16-20,Hamblen,0,0,0,0,0,0,0,0,1,0,1,0,,,,,0,0,0,0,0
03-16-20,Hamilton,0,0,0,0,0,0,0,0,11,6,11,6,,,,,0,0,0,0,0
03-16-20,Hancock,0,0,0,0,0,0,0,0,1,0,1,0,,,,,0,0,0,0,0
03-16-20,Hardeman,0,0,0,0,0,0,0,0,0,0,0,0,,,,,0,0,0,0,0
03-16-20,Hardin,0,0,0,0,0,0,0,0,1,0,1,0,,,,,0,0,0,0,0
03-16-20,Hawkins,0,0,0,0,0,0,0,0,3,1,3,1,,,,,0,0,0,0,0
03-16-20,Haywood,0,0,0,0,0,0,0,0,2,0,2,0,,,,,0,0,0,0,0
03-16-20,Henderson,0,0,0,0,0,0,0,0,1,0,1,0,,,,,0,0,0,0,0
03-16-20,Henry,0,0,0,0,0,0,0,0,2,0,2,0,,,,,0,0,0,0,0
03-16-20,Hickman,0,0,0,0,0,0,0,0,2,0,2,0,,,,,0,0,0,0,0
03-16-20,Houston,0,0,0,0,0,0,0,0,0,0,0,0,,,,,0,0,0,0,0
03-16-20,Humphreys,0,0,0,0,0,0,0,0,1,1,1,1,,,,,0,0,0,0,0
03-16-20,Jackson,0,0,0,0,0,0,0,0,1,1,1,1,,,,,0,0,0,0,0
03-16-20,Jefferson,1,0,1,0,0,0,1,0,0,0,1,0,,,,,0,0,0,0,0
03-16-20,Johnson,0,0,0,0,0,0,0,0,0,0,0,0,,,,,0,0,0,0,0
03-16-20,Knox,1,1,1,1,0,0,1,1,14,3,15,4,,,,,0,0,0,0,0
03-16-20,Lake,0,0,0,0,0,0,0,0,0,0,0,0,,,,,0,0,0,0,0
03-16-20,Lauderdale,0,0,0,0,0,0,0,0,0,0,0,0,,,,,0,0,0,0,0
03-16-20,Lawrence,0,0,0,0,0,0,0,0,2,1,2,1,,,,,0,0,0,0,0
03-16-20,Lewis,0,0,0,0,0,0,0,0,0,0,0,0,,,,,0,0,0,0,0
03-16-20,Lincoln,0,0,0,0,0,0,0,0,2,0,2,0,,,,,0,0,0,0,0
03-16-20,Loudon,0,0,0,0,0,0,0,0,1,0,1,0,,,,,0,0,0,0,0
03-16-20,Macon,0,0,0,0,0,0,0,0,0,0,0,0,,,,,0,0,0,0,0
03-16-20,Madison,0,0,0,0,0,0,0,0,6,5,6,5,,,,,0,0,0,0,0
03-16-20,Marion,0,0,0,0,0,0,0,0,4,1,4,1,,,,,0,0,0,0,0
03-16-20,Marshall,0,0,0,0,0,0,0,0,4,0,4,0,,,,,0,0,0,0,0
03-16-20,Maury,0,0,0,0,0,0,0,0,14,5,14,5,,,,,0,0,0,0,0
03-16-20,McMinn,0,0,0,0,0,0,0,0,2,0,2,0,,,,,0,0,0,0,0
03-16-20,McNairy,0,0,0,0,0,0,0,0,0,0,0,0,,,,,0,0,0,0,0
03-16-20,Meigs,0,0,0,0,0,0,0,0,1,0,1,0,,,,,0,0,0,0,0
03-16-20,Monroe,0,0,0,0,0,0,0,0,0,0,0,0,,,,,0,0,0,0,0
03-16-20,Montgomery,0,0,0,0,0,0,0,0,14,3,14,3,,,,,0,0,0,0,0
03-16-20,Moore,0,0,0,0,0,0,0,0,0,0,0,0,,,,,0,0,0,0,0
03-16-20,Morgan,0,0,0,0,0,0,0,0,0,0,0,0,,,,,0,0,0,0,0
03-16-20,Obion,0,0,0,0,0,0,0,0,0,0,0,0,,,,,0,0,0,0,0
03-16-20,Out of State,0,0,0,0,0,0,0,0,50,13,50,13,,,,,0,0,0,0,0
03-16-20,Overton,0,0,0,0,0,0,0,0,2,2,2,2,,,,,0,0,0,0,0
03-16-20,Pending,0,0,0,0,0,0,0,0,125,11,125,11,,,,,0,0,0,0,0
03-16-20,Perry,0,0,0,0,0,0,0,0,0,0,0,0,,,,,0,0,0,0,0
03-16-20,Pickett,0,0,0,0,0,0,0,0,0,0,0,0,,,,,0,0,0,0,0
03-16-20,Polk,0,0,0,0,0,0,0,0,1,0,1,0,,,,,0,0,0,0,0
03-16-20,Putnam,0,0,0,0,0,0,0,0,2,1,2,1,,,,,0,0,0,0,0
03-16-20,Rhea,0,0,0,0,0,0,0,0,4,3,4,3,,,,,0,0,0,0,0
03-16-20,Roane,0,0,0,0,0,0,0,0,0,0,0,0,,,,,0,0,0,0,0
03-16-20,Robertson,0,0,0,0,0,0,0,0,3,3,3,3,,,,,0,0,0,0,0
03-16-20,Rutherford,1,1,1,1,0,0,0,0,7,2,7,2,,,,,0,0,1,1,0
03-16-20,Scott,0,0,0,0,0,0,0,0,3,3,3,3,,,,,0,0,0,0,0
03-16-20,Sequatchie,0,0,0,0,0,0,0,0,2,2,2,2,,,,,0,0,0,0,0
03-16-20,Sevier,1,1,1,1,0,0,1,1,2,2,3,3,,,,,0,0,0,0,0
03-16-20,Shelby,0,0,0,0,0,0,0,0,14,4,14,4,,,,,0,0,0,0,0
03-16-20,Smith,0,0,0,0,0,0,0,0,2,1,2,1,,,,,0,0,0,0,0
03-16-20,Stewart,0,0,0,0,0,0,0,0,0,0,0,0,,,,,0,0,0,0,0
03-16-20,Sullivan,1,0,1,0,0,0,1,0,5,0,6,0,,,,,0,0,0,0,0
03-16-20,Sumner,0,0,0,0,0,0,1,1,7,1,8,2,,,,,0,0,0,0,0
03-16-20,Tipton,0,0,0,0,0,0,0,0,0,0,0,0,,,,,0,0,0,0,0
03-16-20,Trousdale,0,0,0,0,0,0,0,0,0,0,0,0,,,,,0,0,0,0,0
03-16-20,Unicoi,0,0,0,0,0,0,0,0,1,1,1,1,,,,,0,0,0,0,0
03-16-20,Union,0,0,0,0,0,0,0,0,1,0,1,0,,,,,0,0,0,0,0
03-16-20,Van Buren,0,0,0,0,0,0,0,0,0,0,0,0,,,,,0,0,0,0,0
03-16-20,Warren,0,0,0,0,0,0,0,0,1,0,1,0,,,,,0,0,0,0,0
03-16-20,Washington,0,0,0,0,0,0,0,0,11,5,11,5,,,,,0,0,0,0,0
03-16-20,Wayne,0,0,0,0,0,0,0,0,1,0,1,0,,,,,0,0,0,0,0
03-16-20,Weakley,0,0,0,0,0,0,0,0,1,0,1,0,,,,,0,0,0,0,0
03-16-20,White,0,0,0,0,0,0,0,0,0,0,0,0,,,,,0,0,0,0,0
03-16-20,Williamson,8,1,8,1,0,0,8,0,27,7,35,7,,,,,0,0,1,2,0
03-16-20,Wilson,0,0,0,0,0,0,0,0,5,4,5,4,,,,,0,0,0,0,0
03-15-20,Anderson,0,0,0,0,0,0,0,0,1,0,1,0,,,,,0,0,0,0,0
03-15-20,Bedford,0,0,0,0,0,0,0,0,1,0,1,0,,,,,0,0,0,0,0
03-15-20,Benton,0,0,0,0,0,0,0,0,1,0,1,0,,,,,0,0,0,0,0
03-15-20,Bledsoe,0,0,0,0,0,0,0,0,0,0,0,0,,,,,0,0,0,0,0
03-15-20,Blount,0,0,0,0,0,0,0,0,3,1,3,1,,,,,0,0,0,0,0
03-15-20,Bradley,0,0,0,0,0,0,0,0,3,0,3,0,,,,,0,0,0,0,0
03-15-20,Campbell,1,0,1,0,0,0,0,0,0,0,0,0,,,,,0,0,0,0,0
03-15-20,Cannon,0,0,0,0,0,0,0,0,0,0,0,0,,,,,0,0,0,0,0
03-15-20,Carroll,0,0,0,0,0,0,0,0,1,0,1,0,,,,,0,0,0,0,0
03-15-20,Carter,0,0,0,0,0,0,0,0,1,0,1,0,,,,,0,0,0,0,0
03-15-20,Cheatham,0,0,0,0,0,0,0,0,3,0,3,0,,,,,0,0,0,0,0
03-15-20,Chester,0,0,0,0,0,0,0,0,2,0,2,0,,,,,0,0,0,0,0
03-15-20,Claiborne,0,0,0,0,0,0,0,0,0,0,0,0,,,,,0,0,0,0,0
03-15-20,Clay,0,0,0,0,0,0,0,0,0,0,0,0,,,,,0,0,0,0,0
03-15-20,Cocke,0,0,0,0,0,0,0,0,0,0,0,0,,,,,0,0,0,0,0
03-15-20,Coffee,0,0,0,0,0,0,0,0,2,0,2,0,,,,,0,0,0,0,0
03-15-20,Crockett,0,0,0,0,0,0,0,0,2,0,2,0,,,,,0,0,0,0,0
03-15-20,Cumberland,0,0,0,0,0,0,0,0,3,0,3,0,,,,,0,0,0,0,0
03-15-20,Davidson,0,0,0,0,0,0,11,0,122,5,133,5,,,,,0,0,0,0,0
03-15-20,Decatur,0,0,0,0,0,0,0,0,1,0,1,0,,,,,0,0,0,0,0
03-15-20,Dekalb,0,0,0,0,0,0,0,0,0,0,0,0,,,,,0,0,0,0,0
03-15-20,Dickson,0,0,0,0,0,0,0,0,1,0,1,0,,,,,0,0,0,0,0
03-15-20,Dyer,0,0,0,0,0,0,0,0,1,0,1,0,,,,,0,0,0,0,0
03-15-20,Fayette,0,0,0,0,0,0,0,0,0,0,0,0,,,,,0,0,0,0,0
03-15-20,Fentress,0,0,0,0,0,0,0,0,0,0,0,0,,,,,0,0,0,0,0
03-15-20,Franklin,0,0,0,0,0,0,0,0,0,0,0,0,,,,,0,0,0,0,0
03-15-20,Gibson,0,0,0,0,0,0,0,0,2,0,2,0,,,,,0,0,0,0,0
03-15-20,Giles,0,0,0,0,0,0,0,0,2,0,2,0,,,,,0,0,0,0,0
03-15-20,Grainger,0,0,0,0,0,0,0,0,0,0,0,0,,,,,0,0,0,0,0
03-15-20,Greene,0,0,0,0,0,0,0,0,0,0,0,0,,,,,0,0,0,0,0
03-15-20,Grundy,0,0,0,0,0,0,0,0,0,0,0,0,,,,,0,0,0,0,0
03-15-20,Hamblen,0,0,0,0,0,0,0,0,1,0,1,0,,,,,0,0,0,0,0
03-15-20,Hamilton,0,0,0,0,0,0,0,0,5,0,5,0,,,,,0,0,0,0,0
03-15-20,Hancock,0,0,0,0,0,0,0,0,1,0,1,0,,,,,0,0,0,0,0
03-15-20,Hardeman,0,0,0,0,0,0,0,0,0,0,0,0,,,,,0,0,0,0,0
03-15-20,Hardin,0,0,0,0,0,0,0,0,1,0,1,0,,,,,0,0,0,0,0
03-15-20,Hawkins,0,0,0,0,0,0,0,0,2,0,2,0,,,,,0,0,0,0,0
03-15-20,Haywood,0,0,0,0,0,0,0,0,2,0,2,0,,,,,0,0,0,0,0
03-15-20,Henderson,0,0,0,0,0,0,0,0,1,0,1,0,,,,,0,0,0,0,0
03-15-20,Henry,0,0,0,0,0,0,0,0,2,1,2,1,,,,,0,0,0,0,0
03-15-20,Hickman,0,0,0,0,0,0,0,0,2,0,2,0,,,,,0,0,0,0,0
03-15-20,Houston,0,0,0,0,0,0,0,0,0,0,0,0,,,,,0,0,0,0,0
03-15-20,Humphreys,0,0,0,0,0,0,0,0,0,0,0,0,,,,,0,0,0,0,0
03-15-20,Jackson,0,0,0,0,0,0,0,0,0,0,0,0,,,,,0,0,0,0,0
03-15-20,Jefferson,1,0,1,0,0,0,1,0,0,0,1,0,,,,,0,0,0,0,0
03-15-20,Johnson,0,0,0,0,0,0,0,0,0,0,0,0,,,,,0,0,0,0,0
03-15-20,Knox,0,0,0,0,0,0,0,0,11,1,11,1,,,,,0,0,0,0,0
03-15-20,Lake,0,0,0,0,0,0,0,0,0,0,0,0,,,,,0,0,0,0,0
03-15-20,Lauderdale,0,0,0,0,0,0,0,0,0,0,0,0,,,,,0,0,0,0,0
03-15-20,Lawrence,0,0,0,0,0,0,0,0,1,0,1,0,,,,,0,0,0,0,0
03-15-20,Lewis,0,0,0,0,0,0,0,0,0,0,0,0,,,,,0,0,0,0,0
03-15-20,Lincoln,0,0,0,0,0,0,0,0,2,0,2,0,,,,,0,0,0,0,0
03-15-20,Loudon,0,0,0,0,0,0,0,0,1,0,1,0,,,,,0,0,0,0,0
03-15-20,Macon,0,0,0,0,0,0,0,0,0,0,0,0,,,,,0,0,0,0,0
03-15-20,Madison,0,0,0,0,0,0,0,0,1,0,1,0,,,,,0,0,0,0,0
03-15-20,Marion,0,0,0,0,0,0,0,0,3,0,3,0,,,,,0,0,0,0,0
03-15-20,Marshall,0,0,0,0,0,0,0,0,4,0,4,0,,,,,0,0,0,0,0
03-15-20,Maury,0,0,0,0,0,0,0,0,9,0,9,0,,,,,0,0,0,0,0
03-15-20,McMinn,0,0,0,0,0,0,0,0,2,0,2,0,,,,,0,0,0,0,0
03-15-20,McNairy,0,0,0,0,0,0,0,0,0,0,0,0,,,,,0,0,0,0,0
03-15-20,Meigs,0,0,0,0,0,0,0,0,1,0,1,0,,,,,0,0,0,0,0
03-15-20,Monroe,0,0,0,0,0,0,0,0,0,0,0,0,,,,,0,0,0,0,0
03-15-20,Montgomery,0,0,0,0,0,0,0,0,11,1,11,1,,,,,0,0,0,0,0
03-15-20,Moore,0,0,0,0,0,0,0,0,0,0,0,0,,,,,0,0,0,0,0
03-15-20,Morgan,0,0,0,0,0,0,0,0,0,0,0,0,,,,,0,0,0,0,0
03-15-20,Obion,0,0,0,0,0,0,0,0,0,0,0,0,,,,,0,0,0,0,0
03-15-20,Out of State,0,0,0,0,0,0,0,0,37,8,37,8,,,,,0,0,0,0,0
03-15-20,Overton,0,0,0,0,0,0,0,0,0,0,0,0,,,,,0,0,0,0,0
03-15-20,Pending,0,0,0,0,0,0,0,0,114,0,114,0,,,,,0,0,0,0,0
03-15-20,Perry,0,0,0,0,0,0,0,0,0,0,0,0,,,,,0,0,0,0,0
03-15-20,Pickett,0,0,0,0,0,0,0,0,0,0,0,0,,,,,0,0,0,0,0
03-15-20,Polk,0,0,0,0,0,0,0,0,1,0,1,0,,,,,0,0,0,0,0
03-15-20,Putnam,0,0,0,0,0,0,0,0,1,0,1,0,,,,,0,0,0,0,0
03-15-20,Rhea,0,0,0,0,0,0,0,0,1,0,1,0,,,,,0,0,0,0,0
03-15-20,Roane,0,0,0,0,0,0,0,0,0,0,0,0,,,,,0,0,0,0,0
03-15-20,Robertson,0,0,0,0,0,0,0,0,0,0,0,0,,,,,0,0,0,0,0
03-15-20,Rutherford,0,0,0,0,0,0,0,0,5,1,5,1,,,,,0,0,0,0,0
03-15-20,Scott,0,0,0,0,0,0,0,0,0,0,0,0,,,,,0,0,0,0,0
03-15-20,Sequatchie,0,0,0,0,0,0,0,0,0,0,0,0,,,,,0,0,0,0,0
03-15-20,Sevier,0,0,0,0,0,0,0,0,0,0,0,0,,,,,0,0,0,0,0
03-15-20,Shelby,0,0,0,0,0,0,0,0,10,3,10,3,,,,,0,0,0,0,0
03-15-20,Smith,0,0,0,0,0,0,0,0,1,0,1,0,,,,,0,0,0,0,0
03-15-20,Stewart,0,0,0,0,0,0,0,0,0,0,0,0,,,,,0,0,0,0,0
03-15-20,Sullivan,1,0,1,0,0,0,1,0,5,1,6,1,,,,,0,0,0,0,0
03-15-20,Sumner,0,0,0,0,0,0,0,0,6,0,6,0,,,,,0,0,0,0,0
03-15-20,Tipton,0,0,0,0,0,0,0,0,0,0,0,0,,,,,0,0,0,0,0
03-15-20,Trousdale,0,0,0,0,0,0,0,0,0,0,0,0,,,,,0,0,0,0,0
03-15-20,Unicoi,0,0,0,0,0,0,0,0,0,0,0,0,,,,,0,0,0,0,0
03-15-20,Union,0,0,0,0,0,0,0,0,1,0,1,0,,,,,0,0,0,0,0
03-15-20,Van Buren,0,0,0,0,0,0,0,0,0,0,0,0,,,,,0,0,0,0,0
03-15-20,Warren,0,0,0,0,0,0,0,0,1,1,1,1,,,,,0,0,0,0,0
03-15-20,Washington,0,0,0,0,0,0,0,0,6,0,6,0,,,,,0,0,0,0,0
03-15-20,Wayne,0,0,0,0,0,0,0,0,1,0,1,0,,,,,0,0,0,0,0
03-15-20,Weakley,0,0,0,0,0,0,0,0,1,0,1,0,,,,,0,0,0,0,0
03-15-20,White,0,0,0,0,0,0,0,0,0,0,0,0,,,,,0,0,0,0,0
03-15-20,Williamson,7,4,7,4,0,0,8,2,20,3,28,5,,,,,0,0,0,1,0
03-15-20,Wilson,0,0,0,0,0,0,0,0,1,0,1,0,,,,,0,0,0,0,0
03-14-20,Anderson,0,0,0,0,0,0,0,0,1,0,1,0,,,,,0,0,0,0,0
03-14-20,Bedford,0,0,0,0,0,0,0,0,1,1,1,1,,,,,0,0,0,0,0
03-14-20,Benton,0,0,0,0,0,0,0,0,1,0,1,0,,,,,0,0,0,0,0
03-14-20,Bledsoe,0,0,0,0,0,0,0,0,0,0,0,0,,,,,0,0,0,0,0
03-14-20,Blount,0,0,0,0,0,0,0,0,2,1,2,1,,,,,0,0,0,0,0
03-14-20,Bradley,0,0,0,0,0,0,0,0,3,3,3,3,,,,,0,0,0,0,0
03-14-20,Campbell,1,1,1,1,0,0,0,0,0,0,0,0,,,,,0,0,0,0,0
03-14-20,Cannon,0,0,0,0,0,0,0,0,0,0,0,0,,,,,0,0,0,0,0
03-14-20,Carroll,0,0,0,0,0,0,0,0,1,1,1,1,,,,,0,0,0,0,0
03-14-20,Carter,0,0,0,0,0,0,0,0,1,0,1,0,,,,,0,0,0,0,0
03-14-20,Cheatham,0,0,0,0,0,0,0,0,3,2,3,2,,,,,0,0,0,0,0
03-14-20,Chester,0,0,0,0,0,0,0,0,2,0,2,0,,,,,0,0,0,0,0
03-14-20,Claiborne,0,0,0,0,0,0,0,0,0,0,0,0,,,,,0,0,0,0,0
03-14-20,Clay,0,0,0,0,0,0,0,0,0,0,0,0,,,,,0,0,0,0,0
03-14-20,Cocke,0,0,0,0,0,0,0,0,0,0,0,0,,,,,0,0,0,0,0
03-14-20,Coffee,0,0,0,0,0,0,0,0,2,0,2,0,,,,,0,0,0,0,0
03-14-20,Crockett,0,0,0,0,0,0,0,0,2,1,2,1,,,,,0,0,0,0,0
03-14-20,Cumberland,0,0,0,0,0,0,0,0,3,0,3,0,,,,,0,0,0,0,0
03-14-20,Davidson,0,0,0,0,0,0,11,11,117,107,128,118,,,,,0,0,0,0,0
03-14-20,Decatur,0,0,0,0,0,0,0,0,1,0,1,0,,,,,0,0,0,0,0
03-14-20,Dekalb,0,0,0,0,0,0,0,0,0,0,0,0,,,,,0,0,0,0,0
03-14-20,Dickson,0,0,0,0,0,0,0,0,1,0,1,0,,,,,0,0,0,0,0
03-14-20,Dyer,0,0,0,0,0,0,0,0,1,0,1,0,,,,,0,0,0,0,0
03-14-20,Fayette,0,0,0,0,0,0,0,0,0,0,0,0,,,,,0,0,0,0,0
03-14-20,Fentress,0,0,0,0,0,0,0,0,0,0,0,0,,,,,0,0,0,0,0
03-14-20,Franklin,0,0,0,0,0,0,0,0,0,0,0,0,,,,,0,0,0,0,0
03-14-20,Gibson,0,0,0,0,0,0,0,0,2,0,2,0,,,,,0,0,0,0,0
03-14-20,Giles,0,0,0,0,0,0,0,0,2,2,2,2,,,,,0,0,0,0,0
03-14-20,Grainger,0,0,0,0,0,0,0,0,0,0,0,0,,,,,0,0,0,0,0
03-14-20,Greene,0,0,0,0,0,0,0,0,0,0,0,0,,,,,0,0,0,0,0
03-14-20,Grundy,0,0,0,0,0,0,0,0,0,0,0,0,,,,,0,0,0,0,0
03-14-20,Hamblen,0,0,0,0,0,0,0,0,1,1,1,1,,,,,0,0,0,0,0
03-14-20,Hamilton,0,0,0,0,0,0,0,0,5,0,5,0,,,,,0,0,0,0,0
03-14-20,Hancock,0,0,0,0,0,0,0,0,1,0,1,0,,,,,0,0,0,0,0
03-14-20,Hardeman,0,0,0,0,0,0,0,0,0,0,0,0,,,,,0,0,0,0,0
03-14-20,Hardin,0,0,0,0,0,0,0,0,1,0,1,0,,,,,0,0,0,0,0
03-14-20,Hawkins,0,0,0,0,0,0,0,0,2,0,2,0,,,,,0,0,0,0,0
03-14-20,Haywood,0,0,0,0,0,0,0,0,2,2,2,2,,,,,0,0,0,0,0
03-14-20,Henderson,0,0,0,0,0,0,0,0,1,0,1,0,,,,,0,0,0,0,0
03-14-20,Henry,0,0,0,0,0,0,0,0,1,1,1,1,,,,,0,0,0,0,0
03-14-20,Hickman,0,0,0,0,0,0,0,0,2,2,2,2,,,,,0,0,0,0,0
03-14-20,Houston,0,0,0,0,0,0,0,0,0,0,0,0,,,,,0,0,0,0,0
03-14-20,Humphreys,0,0,0,0,0,0,0,0,0,0,0,0,,,,,0,0,0,0,0
03-14-20,Jackson,0,0,0,0,0,0,0,0,0,0,0,0,,,,,0,0,0,0,0
03-14-20,Jefferson,1,1,1,1,0,0,1,1,0,0,1,1,,,,,0,0,0,0,0
03-14-20,Johnson,0,0,0,0,0,0,0,0,0,0,0,0,,,,,0,0,0,0,0
03-14-20,Knox,0,0,0,0,0,0,0,0,10,8,10,8,,,,,0,0,0,0,0
03-14-20,Lake,0,0,0,0,0,0,0,0,0,0,0,0,,,,,0,0,0,0,0
03-14-20,Lauderdale,0,0,0,0,0,0,0,0,0,0,0,0,,,,,0,0,0,0,0
03-14-20,Lawrence,0,0,0,0,0,0,0,0,1,0,1,0,,,,,0,0,0,0,0
03-14-20,Lewis,0,0,0,0,0,0,0,0,0,0,0,0,,,,,0,0,0,0,0
03-14-20,Lincoln,0,0,0,0,0,0,0,0,2,1,2,1,,,,,0,0,0,0,0
03-14-20,Loudon,0,0,0,0,0,0,0,0,1,0,1,0,,,,,0,0,0,0,0
03-14-20,Macon,0,0,0,0,0,0,0,0,0,0,0,0,,,,,0,0,0,0,0
03-14-20,Madison,0,0,0,0,0,0,0,0,1,1,1,1,,,,,0,0,0,0,0
03-14-20,Marion,0,0,0,0,0,0,0,0,3,1,3,1,,,,,0,0,0,0,0
03-14-20,Marshall,0,0,0,0,0,0,0,0,4,4,4,4,,,,,0,0,0,0,0
03-14-20,Maury,0,0,0,0,0,0,0,0,9,5,9,5,,,,,0,0,0,0,0
03-14-20,McMinn,0,0,0,0,0,0,0,0,2,1,2,1,,,,,0,0,0,0,0
03-14-20,McNairy,0,0,0,0,0,0,0,0,0,0,0,0,,,,,0,0,0,0,0
03-14-20,Meigs,0,0,0,0,0,0,0,0,1,1,1,1,,,,,0,0,0,0,0
03-14-20,Monroe,0,0,0,0,0,0,0,0,0,0,0,0,,,,,0,0,0,0,0
03-14-20,Montgomery,0,0,0,0,0,0,0,0,10,7,10,7,,,,,0,0,0,0,0
03-14-20,Moore,0,0,0,0,0,0,0,0,0,0,0,0,,,,,0,0,0,0,0
03-14-20,Morgan,0,0,0,0,0,0,0,0,0,0,0,0,,,,,0,0,0,0,0
03-14-20,Obion,0,0,0,0,0,0,0,0,0,0,0,0,,,,,0,0,0,0,0
03-14-20,Out of State,0,0,0,0,0,0,0,0,29,23,29,23,,,,,0,0,0,0,0
03-14-20,Overton,0,0,0,0,0,0,0,0,0,0,0,0,,,,,0,0,0,0,0
03-14-20,Pending,0,0,0,0,0,0,0,0,114,103,114,103,,,,,0,0,0,0,0
03-14-20,Perry,0,0,0,0,0,0,0,0,0,0,0,0,,,,,0,0,0,0,0
03-14-20,Pickett,0,0,0,0,0,0,0,0,0,0,0,0,,,,,0,0,0,0,0
03-14-20,Polk,0,0,0,0,0,0,0,0,1,1,1,1,,,,,0,0,0,0,0
03-14-20,Putnam,0,0,0,0,0,0,0,0,1,1,1,1,,,,,0,0,0,0,0
03-14-20,Rhea,0,0,0,0,0,0,0,0,1,1,1,1,,,,,0,0,0,0,0
03-14-20,Roane,0,0,0,0,0,0,0,0,0,0,0,0,,,,,0,0,0,0,0
03-14-20,Robertson,0,0,0,0,0,0,0,0,0,0,0,0,,,,,0,0,0,0,0
03-14-20,Rutherford,0,0,0,0,0,0,0,0,4,4,4,4,,,,,0,0,0,0,0
03-14-20,Scott,0,0,0,0,0,0,0,0,0,0,0,0,,,,,0,0,0,0,0
03-14-20,Sequatchie,0,0,0,0,0,0,0,0,0,0,0,0,,,,,0,0,0,0,0
03-14-20,Sevier,0,0,0,0,0,0,0,0,0,0,0,0,,,,,0,0,0,0,0
03-14-20,Shelby,0,0,0,0,0,0,0,0,7,5,7,5,,,,,0,0,0,0,0
03-14-20,Smith,0,0,0,0,0,0,0,0,1,1,1,1,,,,,0,0,0,0,0
03-14-20,Stewart,0,0,0,0,0,0,0,0,0,0,0,0,,,,,0,0,0,0,0
03-14-20,Sullivan,1,0,1,0,0,0,1,0,4,2,5,2,,,,,0,0,0,0,0
03-14-20,Sumner,0,0,0,0,0,0,0,0,6,3,6,3,,,,,0,0,0,0,0
03-14-20,Tipton,0,0,0,0,0,0,0,0,0,0,0,0,,,,,0,0,0,0,0
03-14-20,Trousdale,0,0,0,0,0,0,0,0,0,0,0,0,,,,,0,0,0,0,0
03-14-20,Unicoi,0,0,0,0,0,0,0,0,0,0,0,0,,,,,0,0,0,0,0
03-14-20,Union,0,0,0,0,0,0,0,0,1,1,1,1,,,,,0,0,0,0,0
03-14-20,Van Buren,0,0,0,0,0,0,0,0,0,0,0,0,,,,,0,0,0,0,0
03-14-20,Warren,0,0,0,0,0,0,0,0,0,0,0,0,,,,,0,0,0,0,0
03-14-20,Washington,0,0,0,0,0,0,0,0,6,5,6,5,,,,,0,0,0,0,0
03-14-20,Wayne,0,0,0,0,0,0,0,0,1,1,1,1,,,,,0,0,0,0,0
03-14-20,Weakley,0,0,0,0,0,0,0,0,1,1,1,1,,,,,0,0,0,0,0
03-14-20,White,0,0,0,0,0,0,0,0,0,0,0,0,,,,,0,0,0,0,0
03-14-20,Williamson,3,3,3,3,0,0,6,5,17,10,23,15,,,,,0,0,1,1,0
03-14-20,Wilson,0,0,0,0,0,0,0,0,1,1,1,1,,,,,0,0,0,0,0
03-13-20,Anderson,0,0,0,0,0,0,0,0,1,1,1,1,,,,,0,0,0,0,0
03-13-20,Bedford,0,0,0,0,0,0,0,0,0,0,0,0,,,,,0,0,0,0,0
03-13-20,Benton,0,0,0,0,0,0,0,0,1,1,1,1,,,,,0,0,0,0,0
03-13-20,Bledsoe,0,0,0,0,0,0,0,0,0,0,0,0,,,,,0,0,0,0,0
03-13-20,Blount,0,0,0,0,0,0,0,0,1,1,1,1,,,,,0,0,0,0,0
03-13-20,Bradley,0,0,0,0,0,0,0,0,0,0,0,0,,,,,0,0,0,0,0
03-13-20,Campbell,0,0,0,0,0,0,0,0,0,0,0,0,,,,,0,0,0,0,0
03-13-20,Cannon,0,0,0,0,0,0,0,0,0,0,0,0,,,,,0,0,0,0,0
03-13-20,Carroll,0,0,0,0,0,0,0,0,0,0,0,0,,,,,0,0,0,0,0
03-13-20,Carter,0,0,0,0,0,0,0,0,1,1,1,1,,,,,0,0,0,0,0
03-13-20,Cheatham,0,0,0,0,0,0,0,0,1,1,1,1,,,,,0,0,0,0,0
03-13-20,Chester,0,0,0,0,0,0,0,0,2,2,2,2,,,,,0,0,0,0,0
03-13-20,Claiborne,0,0,0,0,0,0,0,0,0,0,0,0,,,,,0,0,0,0,0
03-13-20,Clay,0,0,0,0,0,0,0,0,0,0,0,0,,,,,0,0,0,0,0
03-13-20,Cocke,0,0,0,0,0,0,0,0,0,0,0,0,,,,,0,0,0,0,0
03-13-20,Coffee,0,0,0,0,0,0,0,0,2,0,2,0,,,,,0,0,0,0,0
03-13-20,Crockett,0,0,0,0,0,0,0,0,1,1,1,1,,,,,0,0,0,0,0
03-13-20,Cumberland,0,0,0,0,0,0,0,0,3,2,3,2,,,,,0,0,0,0,0
03-13-20,Davidson,0,0,0,0,0,0,0,0,10,5,10,5,,,,,0,0,0,0,0
03-13-20,Decatur,0,0,0,0,0,0,0,0,1,0,1,0,,,,,0,0,0,0,0
03-13-20,Dekalb,0,0,0,0,0,0,0,0,0,0,0,0,,,,,0,0,0,0,0
03-13-20,Dickson,0,0,0,0,0,0,0,0,1,0,1,0,,,,,0,0,0,0,0
03-13-20,Dyer,0,0,0,0,0,0,0,0,1,0,1,0,,,,,0,0,0,0,0
03-13-20,Fayette,0,0,0,0,0,0,0,0,0,0,0,0,,,,,0,0,0,0,0
03-13-20,Fentress,0,0,0,0,0,0,0,0,0,0,0,0,,,,,0,0,0,0,0
03-13-20,Franklin,0,0,0,0,0,0,0,0,0,0,0,0,,,,,0,0,0,0,0
03-13-20,Gibson,0,0,0,0,0,0,0,0,2,1,2,1,,,,,0,0,0,0,0
03-13-20,Giles,0,0,0,0,0,0,0,0,0,0,0,0,,,,,0,0,0,0,0
03-13-20,Grainger,0,0,0,0,0,0,0,0,0,0,0,0,,,,,0,0,0,0,0
03-13-20,Greene,0,0,0,0,0,0,0,0,0,0,0,0,,,,,0,0,0,0,0
03-13-20,Grundy,0,0,0,0,0,0,0,0,0,0,0,0,,,,,0,0,0,0,0
03-13-20,Hamblen,0,0,0,0,0,0,0,0,0,0,0,0,,,,,0,0,0,0,0
03-13-20,Hamilton,0,0,0,0,0,0,0,0,5,4,5,4,,,,,0,0,0,0,0
03-13-20,Hancock,0,0,0,0,0,0,0,0,1,0,1,0,,,,,0,0,0,0,0
03-13-20,Hardeman,0,0,0,0,0,0,0,0,0,0,0,0,,,,,0,0,0,0,0
03-13-20,Hardin,0,0,0,0,0,0,0,0,1,1,1,1,,,,,0,0,0,0,0
03-13-20,Hawkins,0,0,0,0,0,0,0,0,2,1,2,1,,,,,0,0,0,0,0
03-13-20,Haywood,0,0,0,0,0,0,0,0,0,0,0,0,,,,,0,0,0,0,0
03-13-20,Henderson,0,0,0,0,0,0,0,0,1,1,1,1,,,,,0,0,0,0,0
03-13-20,Henry,0,0,0,0,0,0,0,0,0,0,0,0,,,,,0,0,0,0,0
03-13-20,Hickman,0,0,0,0,0,0,0,0,0,0,0,0,,,,,0,0,0,0,0
03-13-20,Houston,0,0,0,0,0,0,0,0,0,0,0,0,,,,,0,0,0,0,0
03-13-20,Humphreys,0,0,0,0,0,0,0,0,0,0,0,0,,,,,0,0,0,0,0
03-13-20,Jackson,0,0,0,0,0,0,0,0,0,0,0,0,,,,,0,0,0,0,0
03-13-20,Jefferson,0,0,0,0,0,0,0,0,0,0,0,0,,,,,0,0,0,0,0
03-13-20,Johnson,0,0,0,0,0,0,0,0,0,0,0,0,,,,,0,0,0,0,0
03-13-20,Knox,0,0,0,0,0,0,0,0,2,0,2,0,,,,,0,0,0,0,0
03-13-20,Lake,0,0,0,0,0,0,0,0,0,0,0,0,,,,,0,0,0,0,0
03-13-20,Lauderdale,0,0,0,0,0,0,0,0,0,0,0,0,,,,,0,0,0,0,0
03-13-20,Lawrence,0,0,0,0,0,0,0,0,1,0,1,0,,,,,0,0,0,0,0
03-13-20,Lewis,0,0,0,0,0,0,0,0,0,0,0,0,,,,,0,0,0,0,0
03-13-20,Lincoln,0,0,0,0,0,0,0,0,1,0,1,0,,,,,0,0,0,0,0
03-13-20,Loudon,0,0,0,0,0,0,0,0,1,1,1,1,,,,,0,0,0,0,0
03-13-20,Macon,0,0,0,0,0,0,0,0,0,0,0,0,,,,,0,0,0,0,0
03-13-20,Madison,0,0,0,0,0,0,0,0,0,0,0,0,,,,,0,0,0,0,0
03-13-20,Marion,0,0,0,0,0,0,0,0,2,0,2,0,,,,,0,0,0,0,0
03-13-20,Marshall,0,0,0,0,0,0,0,0,0,0,0,0,,,,,0,0,0,0,0
03-13-20,Maury,0,0,0,0,0,0,0,0,4,3,4,3,,,,,0,0,0,0,0
03-13-20,McMinn,0,0,0,0,0,0,0,0,1,0,1,0,,,,,0,0,0,0,0
03-13-20,McNairy,0,0,0,0,0,0,0,0,0,0,0,0,,,,,0,0,0,0,0
03-13-20,Meigs,0,0,0,0,0,0,0,0,0,0,0,0,,,,,0,0,0,0,0
03-13-20,Monroe,0,0,0,0,0,0,0,0,0,0,0,0,,,,,0,0,0,0,0
03-13-20,Montgomery,0,0,0,0,0,0,0,0,3,0,3,0,,,,,0,0,0,0,0
03-13-20,Moore,0,0,0,0,0,0,0,0,0,0,0,0,,,,,0,0,0,0,0
03-13-20,Morgan,0,0,0,0,0,0,0,0,0,0,0,0,,,,,0,0,0,0,0
03-13-20,Obion,0,0,0,0,0,0,0,0,0,0,0,0,,,,,0,0,0,0,0
03-13-20,Out of State,0,0,0,0,0,0,0,0,6,2,6,2,,,,,0,0,0,0,0
03-13-20,Overton,0,0,0,0,0,0,0,0,0,0,0,0,,,,,0,0,0,0,0
03-13-20,Pending,0,0,0,0,0,0,0,0,11,7,11,7,,,,,0,0,0,0,0
03-13-20,Perry,0,0,0,0,0,0,0,0,0,0,0,0,,,,,0,0,0,0,0
03-13-20,Pickett,0,0,0,0,0,0,0,0,0,0,0,0,,,,,0,0,0,0,0
03-13-20,Polk,0,0,0,0,0,0,0,0,0,0,0,0,,,,,0,0,0,0,0
03-13-20,Putnam,0,0,0,0,0,0,0,0,0,0,0,0,,,,,0,0,0,0,0
03-13-20,Rhea,0,0,0,0,0,0,0,0,0,0,0,0,,,,,0,0,0,0,0
03-13-20,Roane,0,0,0,0,0,0,0,0,0,0,0,0,,,,,0,0,0,0,0
03-13-20,Robertson,0,0,0,0,0,0,0,0,0,0,0,0,,,,,0,0,0,0,0
03-13-20,Rutherford,0,0,0,0,0,0,0,0,0,0,0,0,,,,,0,0,0,0,0
03-13-20,Scott,0,0,0,0,0,0,0,0,0,0,0,0,,,,,0,0,0,0,0
03-13-20,Sequatchie,0,0,0,0,0,0,0,0,0,0,0,0,,,,,0,0,0,0,0
03-13-20,Sevier,0,0,0,0,0,0,0,0,0,0,0,0,,,,,0,0,0,0,0
03-13-20,Shelby,0,0,0,0,0,0,0,0,2,1,2,1,,,,,0,0,0,0,0
03-13-20,Smith,0,0,0,0,0,0,0,0,0,0,0,0,,,,,0,0,0,0,0
03-13-20,Stewart,0,0,0,0,0,0,0,0,0,0,0,0,,,,,0,0,0,0,0
03-13-20,Sullivan,1,0,1,0,0,0,1,0,2,1,3,1,,,,,0,0,0,0,0
03-13-20,Sumner,0,0,0,0,0,0,0,0,3,0,3,0,,,,,0,0,0,0,0
03-13-20,Tipton,0,0,0,0,0,0,0,0,0,0,0,0,,,,,0,0,0,0,0
03-13-20,Trousdale,0,0,0,0,0,0,0,0,0,0,0,0,,,,,0,0,0,0,0
03-13-20,Unicoi,0,0,0,0,0,0,0,0,0,0,0,0,,,,,0,0,0,0,0
03-13-20,Union,0,0,0,0,0,0,0,0,0,0,0,0,,,,,0,0,0,0,0
03-13-20,Van Buren,0,0,0,0,0,0,0,0,0,0,0,0,,,,,0,0,0,0,0
03-13-20,Warren,0,0,0,0,0,0,0,0,0,0,0,0,,,,,0,0,0,0,0
03-13-20,Washington,0,0,0,0,0,0,0,0,1,1,1,1,,,,,0,0,0,0,0
03-13-20,Wayne,0,0,0,0,0,0,0,0,0,0,0,0,,,,,0,0,0,0,0
03-13-20,Weakley,0,0,0,0,0,0,0,0,0,0,0,0,,,,,0,0,0,0,0
03-13-20,White,0,0,0,0,0,0,0,0,0,0,0,0,,,,,0,0,0,0,0
03-13-20,Williamson,0,0,0,0,0,0,1,0,7,3,8,3,,,,,0,0,0,0,0
03-13-20,Wilson,0,0,0,0,0,0,0,0,0,0,0,0,,,,,0,0,0,0,0
03-12-20,Anderson,0,0,0,0,0,0,0,0,0,0,0,0,,,,,0,0,0,0,0
03-12-20,Bedford,0,0,0,0,0,0,0,0,0,0,0,0,,,,,0,0,0,0,0
03-12-20,Benton,0,0,0,0,0,0,0,0,0,0,0,0,,,,,0,0,0,0,0
03-12-20,Bledsoe,0,0,0,0,0,0,0,0,0,0,0,0,,,,,0,0,0,0,0
03-12-20,Blount,0,0,0,0,0,0,0,0,0,0,0,0,,,,,0,0,0,0,0
03-12-20,Bradley,0,0,0,0,0,0,0,0,0,0,0,0,,,,,0,0,0,0,0
03-12-20,Campbell,0,0,0,0,0,0,0,0,0,0,0,0,,,,,0,0,0,0,0
03-12-20,Cannon,0,0,0,0,0,0,0,0,0,0,0,0,,,,,0,0,0,0,0
03-12-20,Carroll,0,0,0,0,0,0,0,0,0,0,0,0,,,,,0,0,0,0,0
03-12-20,Carter,0,0,0,0,0,0,0,0,0,0,0,0,,,,,0,0,0,0,0
03-12-20,Cheatham,0,0,0,0,0,0,0,0,0,0,0,0,,,,,0,0,0,0,0
03-12-20,Chester,0,0,0,0,0,0,0,0,0,0,0,0,,,,,0,0,0,0,0
03-12-20,Claiborne,0,0,0,0,0,0,0,0,0,0,0,0,,,,,0,0,0,0,0
03-12-20,Clay,0,0,0,0,0,0,0,0,0,0,0,0,,,,,0,0,0,0,0
03-12-20,Cocke,0,0,0,0,0,0,0,0,0,0,0,0,,,,,0,0,0,0,0
03-12-20,Coffee,0,0,0,0,0,0,0,0,2,2,2,2,,,,,0,0,0,0,0
03-12-20,Crockett,0,0,0,0,0,0,0,0,0,0,0,0,,,,,0,0,0,0,0
03-12-20,Cumberland,0,0,0,0,0,0,0,0,1,1,1,1,,,,,0,0,0,0,0
03-12-20,Davidson,0,0,0,0,0,0,0,0,5,5,5,5,,,,,0,0,0,0,0
03-12-20,Decatur,0,0,0,0,0,0,0,0,1,1,1,1,,,,,0,0,0,0,0
03-12-20,Dekalb,0,0,0,0,0,0,0,0,0,0,0,0,,,,,0,0,0,0,0
03-12-20,Dickson,0,0,0,0,0,0,0,0,1,1,1,1,,,,,0,0,0,0,0
03-12-20,Dyer,0,0,0,0,0,0,0,0,1,1,1,1,,,,,0,0,0,0,0
03-12-20,Fayette,0,0,0,0,0,0,0,0,0,0,0,0,,,,,0,0,0,0,0
03-12-20,Fentress,0,0,0,0,0,0,0,0,0,0,0,0,,,,,0,0,0,0,0
03-12-20,Franklin,0,0,0,0,0,0,0,0,0,0,0,0,,,,,0,0,0,0,0
03-12-20,Gibson,0,0,0,0,0,0,0,0,1,1,1,1,,,,,0,0,0,0,0
03-12-20,Giles,0,0,0,0,0,0,0,0,0,0,0,0,,,,,0,0,0,0,0
03-12-20,Grainger,0,0,0,0,0,0,0,0,0,0,0,0,,,,,0,0,0,0,0
03-12-20,Greene,0,0,0,0,0,0,0,0,0,0,0,0,,,,,0,0,0,0,0
03-12-20,Grundy,0,0,0,0,0,0,0,0,0,0,0,0,,,,,0,0,0,0,0
03-12-20,Hamblen,0,0,0,0,0,0,0,0,0,0,0,0,,,,,0,0,0,0,0
03-12-20,Hamilton,0,0,0,0,0,0,0,0,1,1,1,1,,,,,0,0,0,0,0
03-12-20,Hancock,0,0,0,0,0,0,0,0,1,1,1,1,,,,,0,0,0,0,0
03-12-20,Hardeman,0,0,0,0,0,0,0,0,0,0,0,0,,,,,0,0,0,0,0
03-12-20,Hardin,0,0,0,0,0,0,0,0,0,0,0,0,,,,,0,0,0,0,0
03-12-20,Hawkins,0,0,0,0,0,0,0,0,1,1,1,1,,,,,0,0,0,0,0
03-12-20,Haywood,0,0,0,0,0,0,0,0,0,0,0,0,,,,,0,0,0,0,0
03-12-20,Henderson,0,0,0,0,0,0,0,0,0,0,0,0,,,,,0,0,0,0,0
03-12-20,Henry,0,0,0,0,0,0,0,0,0,0,0,0,,,,,0,0,0,0,0
03-12-20,Hickman,0,0,0,0,0,0,0,0,0,0,0,0,,,,,0,0,0,0,0
03-12-20,Houston,0,0,0,0,0,0,0,0,0,0,0,0,,,,,0,0,0,0,0
03-12-20,Humphreys,0,0,0,0,0,0,0,0,0,0,0,0,,,,,0,0,0,0,0
03-12-20,Jackson,0,0,0,0,0,0,0,0,0,0,0,0,,,,,0,0,0,0,0
03-12-20,Jefferson,0,0,0,0,0,0,0,0,0,0,0,0,,,,,0,0,0,0,0
03-12-20,Johnson,0,0,0,0,0,0,0,0,0,0,0,0,,,,,0,0,0,0,0
03-12-20,Knox,0,0,0,0,0,0,0,0,2,2,2,2,,,,,0,0,0,0,0
03-12-20,Lake,0,0,0,0,0,0,0,0,0,0,0,0,,,,,0,0,0,0,0
03-12-20,Lauderdale,0,0,0,0,0,0,0,0,0,0,0,0,,,,,0,0,0,0,0
03-12-20,Lawrence,0,0,0,0,0,0,0,0,1,1,1,1,,,,,0,0,0,0,0
03-12-20,Lewis,0,0,0,0,0,0,0,0,0,0,0,0,,,,,0,0,0,0,0
03-12-20,Lincoln,0,0,0,0,0,0,0,0,1,1,1,1,,,,,0,0,0,0,0
03-12-20,Loudon,0,0,0,0,0,0,0,0,0,0,0,0,,,,,0,0,0,0,0
03-12-20,Macon,0,0,0,0,0,0,0,0,0,0,0,0,,,,,0,0,0,0,0
03-12-20,Madison,0,0,0,0,0,0,0,0,0,0,0,0,,,,,0,0,0,0,0
03-12-20,Marion,0,0,0,0,0,0,0,0,2,2,2,2,,,,,0,0,0,0,0
03-12-20,Marshall,0,0,0,0,0,0,0,0,0,0,0,0,,,,,0,0,0,0,0
03-12-20,Maury,0,0,0,0,0,0,0,0,1,1,1,1,,,,,0,0,0,0,0
03-12-20,McMinn,0,0,0,0,0,0,0,0,1,1,1,1,,,,,0,0,0,0,0
03-12-20,McNairy,0,0,0,0,0,0,0,0,0,0,0,0,,,,,0,0,0,0,0
03-12-20,Meigs,0,0,0,0,0,0,0,0,0,0,0,0,,,,,0,0,0,0,0
03-12-20,Monroe,0,0,0,0,0,0,0,0,0,0,0,0,,,,,0,0,0,0,0
03-12-20,Montgomery,0,0,0,0,0,0,0,0,3,3,3,3,,,,,0,0,0,0,0
03-12-20,Moore,0,0,0,0,0,0,0,0,0,0,0,0,,,,,0,0,0,0,0
03-12-20,Morgan,0,0,0,0,0,0,0,0,0,0,0,0,,,,,0,0,0,0,0
03-12-20,Obion,0,0,0,0,0,0,0,0,0,0,0,0,,,,,0,0,0,0,0
03-12-20,Out of State,0,0,0,0,0,0,0,0,4,4,4,4,,,,,0,0,0,0,0
03-12-20,Overton,0,0,0,0,0,0,0,0,0,0,0,0,,,,,0,0,0,0,0
03-12-20,Pending,0,0,0,0,0,0,0,0,4,4,4,4,,,,,0,0,0,0,0
03-12-20,Perry,0,0,0,0,0,0,0,0,0,0,0,0,,,,,0,0,0,0,0
03-12-20,Pickett,0,0,0,0,0,0,0,0,0,0,0,0,,,,,0,0,0,0,0
03-12-20,Polk,0,0,0,0,0,0,0,0,0,0,0,0,,,,,0,0,0,0,0
03-12-20,Putnam,0,0,0,0,0,0,0,0,0,0,0,0,,,,,0,0,0,0,0
03-12-20,Rhea,0,0,0,0,0,0,0,0,0,0,0,0,,,,,0,0,0,0,0
03-12-20,Roane,0,0,0,0,0,0,0,0,0,0,0,0,,,,,0,0,0,0,0
03-12-20,Robertson,0,0,0,0,0,0,0,0,0,0,0,0,,,,,0,0,0,0,0
03-12-20,Rutherford,0,0,0,0,0,0,0,0,0,0,0,0,,,,,0,0,0,0,0
03-12-20,Scott,0,0,0,0,0,0,0,0,0,0,0,0,,,,,0,0,0,0,0
03-12-20,Sequatchie,0,0,0,0,0,0,0,0,0,0,0,0,,,,,0,0,0,0,0
03-12-20,Sevier,0,0,0,0,0,0,0,0,0,0,0,0,,,,,0,0,0,0,0
03-12-20,Shelby,0,0,0,0,0,0,0,0,1,1,1,1,,,,,0,0,0,0,0
03-12-20,Smith,0,0,0,0,0,0,0,0,0,0,0,0,,,,,0,0,0,0,0
03-12-20,Stewart,0,0,0,0,0,0,0,0,0,0,0,0,,,,,0,0,0,0,0
03-12-20,Sullivan,1,1,1,1,0,0,1,1,1,1,2,2,,,,,0,0,0,0,0
03-12-20,Sumner,0,0,0,0,0,0,0,0,3,3,3,3,,,,,0,0,0,0,0
03-12-20,Tipton,0,0,0,0,0,0,0,0,0,0,0,0,,,,,0,0,0,0,0
03-12-20,Trousdale,0,0,0,0,0,0,0,0,0,0,0,0,,,,,0,0,0,0,0
03-12-20,Unicoi,0,0,0,0,0,0,0,0,0,0,0,0,,,,,0,0,0,0,0
03-12-20,Union,0,0,0,0,0,0,0,0,0,0,0,0,,,,,0,0,0,0,0
03-12-20,Van Buren,0,0,0,0,0,0,0,0,0,0,0,0,,,,,0,0,0,0,0
03-12-20,Warren,0,0,0,0,0,0,0,0,0,0,0,0,,,,,0,0,0,0,0
03-12-20,Washington,0,0,0,0,0,0,0,0,0,0,0,0,,,,,0,0,0,0,0
03-12-20,Wayne,0,0,0,0,0,0,0,0,0,0,0,0,,,,,0,0,0,0,0
03-12-20,Weakley,0,0,0,0,0,0,0,0,0,0,0,0,,,,,0,0,0,0,0
03-12-20,White,0,0,0,0,0,0,0,0,0,0,0,0,,,,,0,0,0,0,0
03-12-20,Williamson,0,0,0,0,0,0,1,1,4,4,5,5,,,,,0,0,0,0,0
03-12-20,Wilson,0,0,0,0,0,0,0,0,0,0,0,0,,,,,0,0,0,0,0
