DATE,COUNTY,TOTAL_CASES,NEW_CASES,TOTAL_CONFIRMED,NEW_CONFIRMED,TOTAL_PROBABLE,NEW_PROBABLE,POS_TESTS,NEW_POS_TESTS,NEG_TESTS,NEW_NEG_TESTS,TOTAL_TESTS,NEW_TESTS,NEW_DEATHS,TOTAL_DEATHS,NEW_ACTIVE,TOTAL_ACTIVE,NEW_INACTIVE_RECOVERED,TOTAL_INACTIVE_RECOVERED,NEW_HOSPITALIZED,TOTAL_HOSPITALIZED,TOTAL_DEATHS_BY_DOD
05-24-21,Anderson,8821,8,6528,3,2293,5,7330,3,65581,58,72911,61,0,172,1,53,7,8596,0,223,172
05-24-21,Bedford,6545,0,5118,0,1427,0,5905,0,33241,16,39146,16,0,130,-3,24,3,6391,0,138,130
05-24-21,Benton,1682,0,1311,0,371,0,1452,0,9431,5,10883,5,0,40,-4,7,4,1635,0,41,40
05-24-21,Bledsoe,2178,0,1953,0,225,0,2072,0,16823,10,18895,10,0,11,-2,24,2,2143,0,33,11
05-24-21,Blount,15608,1,13228,0,2380,1,14612,0,80146,72,94758,72,0,196,-14,70,15,15342,0,362,196
05-24-21,Bradley,15182,6,12344,6,2838,0,14033,8,71481,163,85514,171,0,152,-11,84,17,14946,1,683,152
05-24-21,Campbell,4197,4,2286,2,1911,2,2564,2,25640,16,28204,18,0,63,3,23,1,4111,0,128,63
05-24-21,Cannon,1933,0,1536,0,397,0,1710,0,9821,4,11531,4,0,31,0,8,0,1894,0,39,31
05-24-21,Carroll,3646,1,2363,0,1283,1,2806,0,20288,10,23094,10,0,84,-1,21,2,3541,0,85,84
05-24-21,Carter,6693,2,5800,2,893,0,6375,2,41023,22,47398,24,0,158,-3,41,5,6494,0,235,158
05-24-21,Cheatham,4605,5,3488,3,1117,2,3941,3,29076,19,33017,22,0,56,0,27,5,4522,0,90,56
05-24-21,Chester,2170,1,1542,0,628,1,1836,0,12472,3,14308,3,0,51,-1,20,2,2099,0,45,51
05-24-21,Claiborne,3194,2,2038,1,1156,1,2188,1,25226,19,27414,20,0,74,-1,5,3,3115,0,95,74
05-24-21,Clay,1104,0,757,0,347,0,874,0,5798,5,6672,5,0,30,0,1,0,1073,0,25,30
05-24-21,Cocke,4537,3,2971,1,1566,2,3279,1,23450,17,26729,18,0,100,-3,16,6,4421,0,120,100
05-24-21,Coffee,6939,5,4774,2,2165,3,5835,2,47506,25,53341,27,1,125,0,33,4,6781,0,126,125
05-24-21,Crockett,2039,0,1224,0,815,0,1431,0,7590,2,9021,2,0,49,0,8,0,1982,0,32,49
05-24-21,Cumberland,6810,2,5576,2,1234,0,6410,3,50340,15,56750,18,0,133,-3,50,5,6627,0,168,133
05-24-21,Davidson,90039,31,84045,28,5994,3,102146,31,1055858,1325,1158004,1356,1,948,-31,483,61,88608,0,2007,947
05-24-21,Decatur,1601,0,1180,0,421,0,1403,0,11205,3,12608,3,0,39,-1,10,1,1552,0,40,39
05-24-21,Dekalb,2816,1,2069,1,747,0,2387,1,17732,15,20119,16,0,54,1,14,0,2748,0,57,54
05-24-21,Dickson,6889,3,4981,1,1908,2,5878,1,37737,46,43615,47,0,114,-3,25,6,6750,0,122,114
05-24-21,Dyer,5455,2,3579,0,1876,2,4041,0,22573,8,26614,8,0,106,-2,20,4,5329,0,115,106
05-24-21,Fayette,5145,2,4351,1,794,1,5393,2,40108,35,45501,37,0,79,-6,31,8,5035,0,137,79
05-24-21,Fentress,2440,0,2095,0,345,0,2391,0,13875,19,16266,19,0,47,-2,11,2,2382,0,64,47
05-24-21,Franklin,5171,2,4287,1,884,1,5020,1,39905,24,44925,25,0,90,0,12,2,5069,0,110,90
05-24-21,Gibson,6604,9,3948,6,2656,3,4776,6,30900,7,35676,13,0,147,3,65,6,6392,0,117,147
05-24-21,Giles,4022,3,3295,3,727,0,3790,3,23859,11,27649,14,0,101,-4,18,7,3903,0,111,100
05-24-21,Grainger,2653,2,1947,0,706,2,2183,0,14562,6,16745,6,0,50,-1,13,3,2590,0,76,50
05-24-21,Greene,7955,3,6342,3,1613,0,7064,3,56522,37,63586,40,0,157,-9,32,12,7766,0,201,157
05-24-21,Grundy,1793,0,1498,0,295,0,1717,0,9619,5,11336,5,0,35,0,2,0,1756,0,62,35
05-24-21,Hamblen,8637,1,5976,0,2661,1,6717,0,47572,20,54289,20,0,174,-5,17,6,8446,0,268,174
05-24-21,Hamilton,44870,28,38320,24,6550,4,43027,32,336214,500,379241,532,0,499,-18,318,46,44053,0,1191,499
05-24-21,Hancock,602,0,411,0,191,0,437,0,4116,1,4553,1,0,12,-1,10,1,580,0,24,12
05-24-21,Hardeman,3550,0,2843,0,707,0,3323,0,26437,10,29760,10,0,64,-5,16,5,3470,0,105,64
05-24-21,Hardin,3588,0,2416,0,1172,0,2872,0,24256,7,27128,7,0,68,-7,6,7,3514,0,70,68
05-24-21,Hawkins,6249,15,5021,9,1228,6,5372,10,38633,28,44005,38,0,110,2,89,13,6050,1,170,110
05-24-21,Haywood,2715,0,2273,0,442,0,2593,0,14144,11,16737,11,0,62,0,5,0,2648,0,84,62
05-24-21,Henderson,3821,2,2632,1,1189,1,3283,1,16457,3,19740,4,0,76,-1,17,3,3728,0,80,76
05-24-21,Henry,3229,3,2469,2,760,1,2857,2,18472,8,21329,10,0,76,2,29,1,3124,0,80,76
05-24-21,Hickman,2863,3,2303,1,560,2,2652,1,17287,18,19939,19,0,46,1,16,2,2801,0,59,46
05-24-21,Houston,1102,0,828,0,274,0,948,0,10891,3,11839,3,0,33,-1,4,1,1065,0,40,33
05-24-21,Humphreys,1851,6,1162,0,689,6,1356,0,12278,19,13634,19,0,28,5,40,1,1783,0,38,28
05-24-21,Jackson,1326,0,1032,0,294,0,1204,0,5738,5,6942,5,0,36,-1,6,1,1284,0,41,36
05-24-21,Jefferson,6278,4,4262,0,2016,4,4821,1,40375,13,45196,14,0,125,-2,32,6,6121,0,200,125
05-24-21,Johnson,2433,2,2097,1,336,1,2234,1,16699,5,18933,6,0,39,-2,12,4,2382,1,60,39
05-24-21,Knox,51465,22,42866,19,8599,3,46917,22,341970,426,388887,448,0,639,-13,232,35,50594,0,1401,639
05-24-21,Lake,1710,1,1517,1,193,0,1787,1,10351,2,12138,3,0,26,0,7,1,1677,0,28,26
05-24-21,Lauderdale,3225,0,2507,0,718,0,2877,0,21896,12,24773,12,1,47,-2,24,1,3154,0,86,46
05-24-21,Lawrence,6018,7,4673,3,1345,4,5155,3,30713,43,35868,46,0,92,-6,50,13,5876,0,156,92
05-24-21,Lewis,1589,0,1181,0,408,0,1278,0,10224,3,11502,3,0,26,0,7,0,1556,0,43,26
05-24-21,Lincoln,4373,1,3369,1,1004,0,3830,2,18352,6,22182,8,1,64,-1,9,1,4300,0,89,63
05-24-21,Loudon,6215,1,4707,1,1508,0,5158,1,32597,21,37755,22,0,70,-2,38,3,6107,0,144,70
05-24-21,Macon,3639,0,2811,0,828,0,3307,0,17685,21,20992,21,0,78,-2,12,2,3549,0,129,78
05-24-21,Madison,11344,12,6347,4,4997,8,7650,3,57976,33,65626,36,0,241,3,46,9,11057,0,340,241
05-24-21,Marion,3146,3,2680,1,466,2,2999,2,20464,15,23463,17,0,47,2,17,1,3082,0,115,47
05-24-21,Marshall,4211,1,3279,1,932,0,3720,1,23921,12,27641,13,0,58,-3,15,4,4138,0,92,58
05-24-21,Maury,13596,4,11859,3,1737,1,13094,2,77981,59,91075,61,0,173,-5,70,9,13353,0,298,172
05-24-21,McMinn,6575,3,5802,2,773,1,6399,2,44352,59,50751,61,0,99,-7,46,10,6430,0,168,99
05-24-21,McNairy,2855,0,1998,0,857,0,2425,0,19121,1,21546,1,0,54,-2,13,2,2788,0,67,54
05-24-21,Meigs,1401,1,1250,1,151,0,1389,1,8436,7,9825,8,0,25,1,9,0,1367,0,46,25
05-24-21,Monroe,5911,0,4639,0,1272,0,5202,1,28560,27,33762,28,0,96,-7,38,7,5777,0,162,96
05-24-21,Montgomery,20659,14,15099,8,5560,6,16599,11,126521,195,143120,206,0,228,-10,212,24,20219,0,312,228
05-24-21,Moore,1019,0,783,0,236,0,884,0,5013,2,5897,2,0,17,-1,5,1,997,0,18,17
05-24-21,Morgan,2524,0,1837,0,687,0,1997,0,15934,10,17931,10,0,39,-3,10,3,2475,0,46,39
05-24-21,Obion,4578,4,3372,3,1206,1,3824,4,23657,25,27481,29,0,96,1,29,3,4453,0,104,96
05-24-21,Out of State,17858,14,14151,11,3707,3,16003,13,664088,683,680091,696,0,100,5,168,9,17590,0,219,100
05-24-21,Overton,3032,1,2265,0,767,1,2667,0,15578,11,18245,11,0,61,-1,10,2,2961,0,64,61
05-24-21,Pending,16929,41,10877,26,6052,15,12082,13,440466,439,452548,452,0,134,31,106,10,16689,0,139,133
05-24-21,Perry,1073,0,920,0,153,0,1037,0,6292,2,7329,2,0,28,-1,2,1,1043,0,28,28
05-24-21,Pickett,763,0,505,0,258,0,608,0,4053,2,4661,2,0,24,0,7,0,732,0,28,24
05-24-21,Polk,2103,2,1882,0,221,2,2090,0,10090,13,12180,13,0,25,1,25,1,2053,0,92,25
05-24-21,Putnam,11467,6,9302,3,2165,3,11143,3,75317,40,86460,43,0,175,-1,46,7,11246,0,213,175
05-24-21,Rhea,4374,0,3776,0,598,0,4228,0,28109,23,32337,23,0,75,0,16,0,4283,0,86,75
05-24-21,Roane,6345,2,4858,0,1487,2,5412,0,45176,29,50588,29,0,105,-4,24,6,6216,0,154,105
05-24-21,Robertson,9832,3,7672,1,2160,2,8654,1,46446,54,55100,55,0,132,-2,50,5,9650,0,444,132
05-24-21,Rutherford,43406,9,36919,6,6487,3,42898,7,256125,288,299023,295,2,442,-28,237,35,42727,1,599,442
05-24-21,Scott,3183,2,1720,0,1463,2,1840,0,12084,7,13924,7,0,45,0,35,2,3103,0,69,45
05-24-21,Sequatchie,1736,4,1339,1,397,3,1463,1,12212,6,13675,7,0,29,-1,22,5,1685,0,41,29
05-24-21,Sevier,13477,3,11436,3,2041,0,12610,3,70474,95,83084,98,0,176,-1,48,4,13253,0,286,176
05-24-21,Shelby,97354,69,89849,48,7505,21,110653,61,1069360,1190,1180013,1251,2,1658,-72,1037,139,94659,2,3817,1658
05-24-21,Smith,2789,2,2080,1,709,1,2601,1,14290,17,16891,18,0,39,1,10,1,2740,0,59,39
05-24-21,Stewart,1354,1,1016,0,338,1,1151,0,7315,8,8466,8,0,28,-1,27,2,1299,0,26,28
05-24-21,Sullivan,17127,18,14877,17,2250,1,15999,21,100840,84,116839,105,0,302,-18,212,36,16613,0,791,301
05-24-21,Sumner,24271,21,21329,20,2942,1,24153,9,130475,167,154628,176,0,349,-9,156,30,23766,0,721,348
05-24-21,Tipton,7440,3,5130,2,2310,1,6188,2,51323,54,57511,56,-1,103,-3,58,7,7279,0,163,102
05-24-21,Trousdale,2509,0,2347,0,162,0,2515,0,9655,3,12170,3,0,22,-1,5,1,2482,0,41,22
05-24-21,Unicoi,2050,0,1543,0,507,0,1697,0,14351,9,16048,9,0,49,0,11,0,1990,0,71,49
05-24-21,Union,1941,6,1622,3,319,3,1747,3,11058,15,12805,18,0,34,6,18,0,1889,0,60,34
05-24-21,Van Buren,858,0,706,0,152,0,783,0,5462,2,6245,2,0,23,-1,4,1,831,0,24,23
05-24-21,Warren,5552,2,4716,0,836,2,5362,0,34735,13,40097,13,0,82,1,15,1,5455,0,86,82
05-24-21,Washington,14767,8,12626,7,2141,1,13877,8,91555,93,105432,101,0,248,2,110,6,14409,0,379,248
05-24-21,Wayne,2975,0,2384,0,591,0,2622,0,11633,9,14255,9,0,34,-1,9,1,2932,0,61,34
05-24-21,Weakley,4189,3,3051,0,1138,3,3495,0,22490,11,25985,11,0,67,2,30,1,4092,0,79,67
05-24-21,White,3707,1,3004,1,703,0,3662,3,23837,17,27499,20,0,71,-3,35,4,3601,0,118,71
05-24-21,Williamson,28228,6,23652,5,4576,1,26254,7,196829,283,223083,290,0,217,-15,133,21,27878,0,294,217
05-24-21,Wilson,18991,11,17028,10,1963,1,19325,11,115271,157,134596,168,0,238,0,134,11,18619,0,342,238
05-23-21,Anderson,8813,0,6525,0,2288,0,7327,0,65523,29,72850,29,0,172,-3,52,3,8589,0,223,172
05-23-21,Bedford,6545,0,5118,0,1427,0,5905,0,33225,16,39130,16,0,130,-1,27,1,6388,0,138,130
05-23-21,Benton,1682,0,1311,0,371,0,1452,0,9426,3,10878,3,0,40,0,11,0,1631,0,41,40
05-23-21,Bledsoe,2178,0,1953,0,225,0,2072,1,16813,57,18885,58,0,11,0,26,0,2141,0,33,11
05-23-21,Blount,15607,6,13228,3,2379,3,14612,4,80074,54,94686,58,0,196,-1,84,7,15327,1,362,196
05-23-21,Bradley,15176,2,12338,1,2838,1,14025,2,71318,58,85343,60,0,152,-5,95,7,14929,0,682,152
05-23-21,Campbell,4193,2,2284,0,1909,2,2562,0,25624,2,28186,2,0,63,-2,20,4,4110,0,128,63
05-23-21,Cannon,1933,1,1536,1,397,0,1710,1,9817,3,11527,4,0,31,-1,8,2,1894,0,39,31
05-23-21,Carroll,3645,0,2363,0,1282,0,2806,0,20278,6,23084,6,0,84,0,22,0,3539,0,85,84
05-23-21,Carter,6691,2,5798,2,893,0,6373,2,41001,20,47374,22,0,158,-5,44,7,6489,0,235,158
05-23-21,Cheatham,4600,0,3485,0,1115,0,3938,0,29057,22,32995,22,0,56,-3,27,3,4517,0,90,56
05-23-21,Chester,2169,2,1542,1,627,1,1836,1,12469,5,14305,6,0,51,2,21,0,2097,0,45,51
05-23-21,Claiborne,3192,0,2037,0,1155,0,2187,0,25207,4,27394,4,0,74,0,6,0,3112,0,95,74
05-23-21,Clay,1104,0,757,0,347,0,874,0,5793,0,6667,0,0,30,0,1,0,1073,0,25,30
05-23-21,Cocke,4534,0,2970,0,1564,0,3278,0,23433,10,26711,10,0,100,-1,19,1,4415,0,120,100
05-23-21,Coffee,6934,0,4772,0,2162,0,5833,0,47481,17,53314,17,0,124,-1,33,1,6777,0,126,125
05-23-21,Crockett,2039,0,1224,0,815,0,1431,0,7588,4,9019,4,0,49,0,8,0,1982,0,32,49
05-23-21,Cumberland,6808,1,5574,0,1234,1,6407,0,50325,21,56732,21,0,133,-1,53,2,6622,0,168,133
05-23-21,Davidson,90008,17,84017,15,5991,2,102115,20,1054533,868,1156648,888,1,947,-16,514,32,88547,0,2007,947
05-23-21,Decatur,1601,2,1180,2,421,0,1403,2,11202,5,12605,7,0,39,1,11,1,1551,0,40,39
05-23-21,Dekalb,2815,1,2068,0,747,1,2386,0,17717,8,20103,8,0,54,1,13,0,2748,0,57,54
05-23-21,Dickson,6886,2,4980,2,1906,0,5877,2,37691,17,43568,19,0,114,1,28,1,6744,0,122,114
05-23-21,Dyer,5453,0,3579,0,1874,0,4041,0,22565,11,26606,11,0,106,-1,22,1,5325,0,115,106
05-23-21,Fayette,5143,2,4350,0,793,2,5391,0,40073,26,45464,26,1,79,-4,37,5,5027,0,137,79
05-23-21,Fentress,2440,0,2095,0,345,0,2391,0,13856,2,16247,2,0,47,-1,13,1,2380,0,64,47
05-23-21,Franklin,5169,1,4286,0,883,1,5019,0,39881,12,44900,12,0,90,-1,12,2,5067,0,110,90
05-23-21,Gibson,6595,3,3942,2,2653,1,4770,2,30893,23,35663,25,0,147,-1,62,4,6386,0,117,147
05-23-21,Giles,4019,0,3292,0,727,0,3787,0,23848,11,27635,11,0,101,-2,22,2,3896,0,111,100
05-23-21,Grainger,2651,1,1947,0,704,1,2183,1,14556,5,16739,6,0,50,1,14,0,2587,0,76,50
05-23-21,Greene,7952,1,6339,1,1613,0,7061,1,56485,32,63546,33,0,157,-6,41,7,7754,0,201,157
05-23-21,Grundy,1793,0,1498,0,295,0,1717,0,9614,1,11331,1,0,35,0,2,0,1756,0,62,35
05-23-21,Hamblen,8636,0,5976,0,2660,0,6717,0,47552,15,54269,15,0,174,-6,22,6,8440,0,268,174
05-23-21,Hamilton,44842,14,38296,9,6546,5,42995,21,335714,230,378709,251,1,499,-21,336,34,44007,0,1191,499
05-23-21,Hancock,602,0,411,0,191,0,437,0,4115,0,4552,0,0,12,0,11,0,579,0,24,12
05-23-21,Hardeman,3550,2,2843,0,707,2,3323,0,26427,15,29750,15,0,64,-1,21,3,3465,0,105,64
05-23-21,Hardin,3588,0,2416,0,1172,0,2872,0,24249,9,27121,9,0,68,0,13,0,3507,0,70,68
05-23-21,Hawkins,6234,4,5012,4,1222,0,5362,6,38605,13,43967,19,0,110,-10,87,14,6037,0,169,110
05-23-21,Haywood,2715,0,2273,0,442,0,2593,0,14133,5,16726,5,0,62,0,5,0,2648,0,84,62
05-23-21,Henderson,3819,1,2631,0,1188,1,3282,0,16454,3,19736,3,0,76,0,18,1,3725,0,80,76
05-23-21,Henry,3226,2,2467,2,759,0,2855,2,18464,14,21319,16,0,76,-2,27,4,3123,0,80,76
05-23-21,Hickman,2860,0,2302,0,558,0,2651,0,17269,9,19920,9,0,46,-1,15,1,2799,0,59,46
05-23-21,Houston,1102,0,828,0,274,0,948,0,10888,4,11836,4,0,33,-1,5,1,1064,0,40,33
05-23-21,Humphreys,1845,6,1162,3,683,3,1356,3,12259,7,13615,10,0,28,4,35,2,1782,0,38,28
05-23-21,Jackson,1326,2,1032,2,294,0,1204,2,5733,4,6937,6,0,36,2,7,0,1283,0,41,36
05-23-21,Jefferson,6274,2,4262,2,2012,0,4820,1,40362,15,45182,16,0,125,-5,34,7,6115,0,200,125
05-23-21,Johnson,2431,0,2096,0,335,0,2233,0,16694,6,18927,6,0,39,-1,14,1,2378,0,59,39
05-23-21,Knox,51443,15,42847,7,8596,8,46895,9,341544,226,388439,235,1,639,-6,245,20,50559,0,1401,639
05-23-21,Lake,1709,1,1516,1,193,0,1786,1,10349,6,12135,7,0,26,0,7,1,1676,0,28,26
05-23-21,Lauderdale,3225,0,2507,0,718,0,2877,0,21884,15,24761,15,0,46,0,26,0,3153,0,86,46
05-23-21,Lawrence,6011,6,4670,6,1341,0,5152,6,30670,22,35822,28,0,92,4,56,2,5863,0,156,92
05-23-21,Lewis,1589,0,1181,0,408,0,1278,0,10221,4,11499,4,0,26,0,7,0,1556,0,43,26
05-23-21,Lincoln,4372,1,3368,1,1004,0,3828,1,18346,18,22174,19,0,63,0,10,1,4299,0,89,63
05-23-21,Loudon,6214,1,4706,0,1508,1,5157,1,32576,19,37733,20,1,70,-5,40,5,6104,0,144,70
05-23-21,Macon,3639,1,2811,1,828,0,3307,1,17664,11,20971,12,0,78,0,14,1,3547,0,129,78
05-23-21,Madison,11332,1,6343,0,4989,1,7647,0,57943,44,65590,44,0,241,-1,43,2,11048,0,340,241
05-23-21,Marion,3143,0,2679,0,464,0,2997,0,20449,9,23446,9,0,47,-1,15,1,3081,0,115,47
05-23-21,Marshall,4210,0,3278,0,932,0,3719,1,23909,11,27628,12,0,58,0,18,0,4134,0,92,58
05-23-21,Maury,13592,3,11856,3,1736,0,13092,4,77922,60,91014,64,0,173,-1,75,4,13344,0,298,172
05-23-21,McMinn,6572,0,5800,0,772,0,6397,1,44293,18,50690,19,0,99,-4,53,4,6420,0,168,99
05-23-21,McNairy,2855,0,1998,0,857,0,2425,0,19120,15,21545,15,0,54,-2,15,2,2786,0,67,54
05-23-21,Meigs,1400,0,1249,0,151,0,1388,0,8429,6,9817,6,0,25,0,8,0,1367,0,46,25
05-23-21,Monroe,5911,1,4639,1,1272,0,5201,2,28533,10,33734,12,0,96,-5,45,6,5770,0,162,96
05-23-21,Montgomery,20645,5,15091,5,5554,0,16588,6,126326,123,142914,129,0,228,-5,222,10,20195,0,312,228
05-23-21,Moore,1019,0,783,0,236,0,884,0,5011,1,5895,1,0,17,0,6,0,996,0,18,17
05-23-21,Morgan,2524,0,1837,0,687,0,1997,0,15924,11,17921,11,0,39,0,13,0,2472,0,46,39
05-23-21,Obion,4574,0,3369,0,1205,0,3820,0,23632,12,27452,12,0,96,-1,28,1,4450,0,104,96
05-23-21,Out of State,17844,14,14140,9,3704,5,15990,8,663405,327,679395,335,0,100,1,163,13,17581,1,219,100
05-23-21,Overton,3031,0,2265,0,766,0,2667,0,15567,3,18234,3,0,61,-3,11,3,2959,0,64,61
05-23-21,Pending,16888,7,10851,5,6037,2,12069,6,440027,391,452096,397,0,134,4,75,3,16679,0,139,133
05-23-21,Perry,1073,0,920,0,153,0,1037,0,6290,1,7327,1,0,28,0,3,0,1042,0,28,28
05-23-21,Pickett,763,0,505,0,258,0,608,0,4051,0,4659,0,0,24,0,7,0,732,0,28,24
05-23-21,Polk,2101,0,1882,0,219,0,2090,1,10077,8,12167,9,0,25,-1,24,1,2052,0,92,25
05-23-21,Putnam,11461,1,9299,1,2162,0,11140,1,75277,23,86417,24,0,175,-1,47,2,11239,0,213,175
05-23-21,Rhea,4374,0,3776,0,598,0,4228,0,28086,12,32314,12,0,75,0,16,0,4283,0,86,75
05-23-21,Roane,6343,0,4858,0,1485,0,5412,0,45147,21,50559,21,0,105,-6,28,6,6210,0,154,105
05-23-21,Robertson,9829,4,7671,3,2158,1,8653,6,46392,46,55045,52,0,132,-3,52,7,9645,0,444,132
05-23-21,Rutherford,43397,6,36913,4,6484,2,42891,7,255837,249,298728,256,0,440,-13,265,19,42692,0,598,442
05-23-21,Scott,3181,2,1720,0,1461,2,1840,1,12077,6,13917,7,0,45,1,35,1,3101,0,69,45
05-23-21,Sequatchie,1732,2,1338,1,394,1,1462,1,12206,5,13668,6,0,29,0,23,2,1680,0,41,29
05-23-21,Sevier,13474,0,11433,0,2041,0,12607,0,70379,39,82986,39,0,176,-12,49,12,13249,0,286,176
05-23-21,Shelby,97285,66,89801,53,7484,13,110592,70,1068170,1038,1178762,1108,-2,1656,-14,1109,82,94520,0,3815,1658
05-23-21,Smith,2787,0,2079,0,708,0,2600,0,14273,8,16873,8,0,39,-2,9,2,2739,0,59,39
05-23-21,Stewart,1353,0,1016,0,337,0,1151,0,7307,3,8458,3,0,28,-1,28,1,1297,0,26,28
05-23-21,Sullivan,17109,11,14860,11,2249,0,15978,13,100756,64,116734,77,0,302,-5,230,16,16577,1,791,301
05-23-21,Sumner,24250,5,21309,3,2941,2,24144,3,130308,106,154452,109,0,349,-12,165,17,23736,0,721,348
05-23-21,Tipton,7437,1,5128,1,2309,0,6186,1,51269,47,57455,48,1,104,-3,61,3,7272,0,163,102
05-23-21,Trousdale,2509,0,2347,0,162,0,2515,0,9652,12,12167,12,0,22,0,6,0,2481,0,41,22
05-23-21,Unicoi,2050,0,1543,0,507,0,1697,0,14342,11,16039,11,0,49,-2,11,2,1990,0,71,49
05-23-21,Union,1935,0,1619,0,316,0,1744,0,11043,2,12787,2,0,34,-2,12,2,1889,0,60,34
05-23-21,Van Buren,858,1,706,1,152,0,783,1,5460,1,6243,2,0,23,0,5,1,830,0,24,23
05-23-21,Warren,5550,0,4716,0,834,0,5362,0,34722,12,40084,12,0,82,-2,14,2,5454,0,86,82
05-23-21,Washington,14759,6,12619,6,2140,0,13869,6,91462,46,105331,52,0,248,-8,108,14,14403,1,379,248
05-23-21,Wayne,2975,1,2384,1,591,0,2622,1,11624,12,14246,13,0,34,0,10,1,2931,0,61,34
05-23-21,Weakley,4186,0,3051,0,1135,0,3495,1,22479,8,25974,9,0,67,-7,28,7,4091,0,79,67
05-23-21,White,3706,2,3003,1,703,1,3659,1,23820,11,27479,12,0,71,-4,38,6,3597,0,118,71
05-23-21,Williamson,28222,7,23647,5,4575,2,26247,4,196546,203,222793,207,0,217,-7,148,14,27857,0,294,217
05-23-21,Wilson,18980,8,17018,7,1962,1,19314,11,115114,119,134428,130,2,238,0,134,6,18608,0,342,238
05-22-21,Anderson,8813,5,6525,2,2288,3,7327,2,65494,40,72821,42,0,172,-3,55,8,8586,0,223,172
05-22-21,Bedford,6545,0,5118,0,1427,0,5905,1,33209,35,39114,36,0,130,-1,28,1,6387,0,138,130
05-22-21,Benton,1682,0,1311,0,371,0,1452,0,9423,5,10875,5,0,40,-2,11,2,1631,0,41,40
05-22-21,Bledsoe,2178,1,1953,1,225,0,2071,1,16756,17,18827,18,0,11,-1,26,2,2141,0,33,11
05-22-21,Blount,15601,6,13225,3,2376,3,14608,4,80020,82,94628,86,0,196,-3,85,9,15320,0,361,196
05-22-21,Bradley,15174,2,12337,2,2837,0,14023,4,71260,91,85283,95,0,152,-3,100,5,14922,1,682,152
05-22-21,Campbell,4191,0,2284,0,1907,0,2562,0,25622,18,28184,18,0,63,-1,22,1,4106,0,128,63
05-22-21,Cannon,1932,0,1535,0,397,0,1709,0,9814,10,11523,10,0,31,0,9,0,1892,0,39,31
05-22-21,Carroll,3645,1,2363,0,1282,1,2806,0,20272,13,23078,13,0,84,0,22,1,3539,0,85,84
05-22-21,Carter,6689,1,5796,1,893,0,6371,1,40981,32,47352,33,0,158,0,49,1,6482,1,235,158
05-22-21,Cheatham,4600,0,3485,0,1115,0,3938,0,29035,20,32973,20,0,56,-4,30,4,4514,0,90,56
05-22-21,Chester,2167,1,1541,0,626,1,1835,1,12464,6,14299,7,0,51,-1,19,2,2097,0,45,51
05-22-21,Claiborne,3192,0,2037,0,1155,0,2187,0,25203,11,27390,11,0,74,-2,6,2,3112,0,95,74
05-22-21,Clay,1104,0,757,0,347,0,874,0,5793,1,6667,1,0,30,0,1,0,1073,0,25,30
05-22-21,Cocke,4534,0,2970,0,1564,0,3278,0,23423,10,26701,10,0,100,-1,20,1,4414,0,120,100
05-22-21,Coffee,6934,2,4772,1,2162,1,5833,1,47464,37,53297,38,0,124,1,34,1,6776,0,126,124
05-22-21,Crockett,2039,0,1224,0,815,0,1431,0,7584,5,9015,5,0,49,0,8,0,1982,0,32,49
05-22-21,Cumberland,6807,0,5574,0,1233,0,6407,1,50304,33,56711,34,0,133,-5,54,5,6620,0,168,133
05-22-21,Davidson,89991,28,84002,21,5989,7,102095,27,1053665,862,1155760,889,0,946,1,530,27,88515,1,2007,947
05-22-21,Decatur,1599,2,1178,2,421,0,1401,2,11197,5,12598,7,0,39,2,10,0,1550,0,40,39
05-22-21,Dekalb,2814,0,2068,0,746,0,2386,0,17709,14,20095,14,0,54,-3,12,3,2748,0,57,54
05-22-21,Dickson,6884,0,4978,0,1906,0,5875,0,37674,20,43549,20,0,114,-3,27,3,6743,0,122,114
05-22-21,Dyer,5453,1,3579,1,1874,0,4041,1,22554,14,26595,15,0,106,-1,23,2,5324,0,115,106
05-22-21,Fayette,5141,2,4350,2,791,0,5391,5,40047,41,45438,46,-1,78,-3,41,6,5022,0,137,79
05-22-21,Fentress,2440,2,2095,0,345,2,2391,0,13854,1,16245,1,0,47,0,14,2,2379,0,64,47
05-22-21,Franklin,5168,0,4286,0,882,0,5019,1,39869,16,44888,17,0,90,-3,13,3,5065,0,110,90
05-22-21,Gibson,6592,2,3940,2,2652,0,4768,2,30870,23,35638,25,0,147,1,63,1,6382,0,117,147
05-22-21,Giles,4019,1,3292,1,727,0,3787,1,23837,14,27624,15,0,101,1,24,0,3894,0,111,100
05-22-21,Grainger,2650,2,1947,2,703,0,2182,2,14551,4,16733,6,0,50,2,13,0,2587,0,76,50
05-22-21,Greene,7951,0,6338,0,1613,0,7060,1,56453,60,63513,61,0,157,-10,47,10,7747,0,201,157
05-22-21,Grundy,1793,0,1498,0,295,0,1717,0,9613,5,11330,5,0,35,0,2,0,1756,0,62,35
05-22-21,Hamblen,8636,0,5976,0,2660,0,6717,0,47537,15,54254,15,0,174,-1,28,1,8434,0,268,174
05-22-21,Hamilton,44828,19,38287,10,6541,9,42974,16,335484,376,378458,392,0,498,-9,357,28,43973,0,1191,498
05-22-21,Hancock,602,0,411,0,191,0,437,0,4115,2,4552,2,0,12,0,11,0,579,0,24,12
05-22-21,Hardeman,3548,2,2843,2,705,0,3323,2,26412,119,29735,121,0,64,1,22,1,3462,0,105,64
05-22-21,Hardin,3588,0,2416,0,1172,0,2872,0,24240,12,27112,12,0,68,-2,13,2,3507,0,70,68
05-22-21,Hawkins,6230,2,5008,1,1222,1,5356,2,38592,37,43948,39,0,110,-9,97,11,6023,0,169,110
05-22-21,Haywood,2715,2,2273,0,442,2,2593,0,14128,8,16721,8,0,62,0,5,2,2648,0,84,62
05-22-21,Henderson,3818,0,2631,0,1187,0,3282,0,16451,4,19733,4,0,76,-2,18,2,3724,0,80,76
05-22-21,Henry,3224,1,2465,0,759,1,2853,0,18450,9,21303,9,0,76,-1,29,2,3119,0,80,76
05-22-21,Hickman,2860,2,2302,2,558,0,2651,2,17260,9,19911,11,0,46,2,16,0,2798,0,59,46
05-22-21,Houston,1102,1,828,0,274,1,948,0,10884,10,11832,10,0,33,1,6,0,1063,0,40,33
05-22-21,Humphreys,1839,0,1159,0,680,0,1353,0,12252,2,13605,2,0,28,-2,31,2,1780,0,38,28
05-22-21,Jackson,1324,0,1030,0,294,0,1202,0,5729,2,6931,2,0,36,-1,5,1,1283,0,41,36
05-22-21,Jefferson,6272,1,4260,0,2012,1,4819,0,40347,26,45166,26,0,125,-5,39,6,6108,0,200,125
05-22-21,Johnson,2431,1,2096,0,335,1,2233,0,16688,8,18921,8,0,39,1,15,0,2377,0,59,39
05-22-21,Knox,51428,9,42840,4,8588,5,46886,3,341318,269,388204,272,0,638,-5,251,14,50539,0,1401,639
05-22-21,Lake,1708,0,1515,0,193,0,1785,0,10343,6,12128,6,0,26,0,7,0,1675,0,28,26
05-22-21,Lauderdale,3225,1,2507,1,718,0,2877,1,21869,20,24746,21,0,46,0,26,1,3153,0,86,45
05-22-21,Lawrence,6005,2,4664,0,1341,2,5146,3,30648,27,35794,30,0,92,-3,52,5,5861,0,156,92
05-22-21,Lewis,1589,0,1181,0,408,0,1278,0,10217,5,11495,5,0,26,0,7,0,1556,0,43,26
05-22-21,Lincoln,4371,1,3367,1,1004,0,3827,1,18328,22,22155,23,0,63,-4,10,5,4298,0,89,63
05-22-21,Loudon,6213,6,4706,4,1507,2,5156,5,32557,23,37713,28,0,69,5,45,1,6099,1,144,70
05-22-21,Macon,3638,1,2810,1,828,0,3306,1,17653,5,20959,6,0,78,-2,14,3,3546,0,129,78
05-22-21,Madison,11331,2,6343,2,4988,0,7647,2,57899,55,65546,57,0,241,1,44,1,11046,0,340,241
05-22-21,Marion,3143,1,2679,1,464,0,2997,2,20440,17,23437,19,0,47,1,16,0,3080,0,115,47
05-22-21,Marshall,4210,1,3278,0,932,1,3718,1,23898,14,27616,15,0,58,0,18,1,4134,0,92,58
05-22-21,Maury,13589,5,11853,5,1736,0,13088,4,77862,68,90950,72,0,173,3,76,2,13340,0,298,172
05-22-21,McMinn,6572,2,5800,1,772,1,6396,1,44275,23,50671,24,0,99,1,57,1,6416,1,168,99
05-22-21,McNairy,2855,1,1998,0,857,1,2425,0,19105,23,21530,23,0,54,-4,17,5,2784,0,67,54
05-22-21,Meigs,1400,0,1249,0,151,0,1388,0,8423,10,9811,10,0,25,0,8,0,1367,0,46,25
05-22-21,Monroe,5910,0,4638,0,1272,0,5199,0,28523,14,33722,14,0,96,-7,50,7,5764,0,162,96
05-22-21,Montgomery,20640,14,15086,10,5554,4,16582,10,126203,187,142785,197,0,228,-6,227,20,20185,1,312,228
05-22-21,Moore,1019,0,783,0,236,0,884,0,5010,2,5894,2,0,17,0,6,0,996,0,18,17
05-22-21,Morgan,2524,0,1837,0,687,0,1997,0,15913,13,17910,13,0,39,-1,13,1,2472,0,46,39
05-22-21,Obion,4574,0,3369,0,1205,0,3820,0,23620,22,27440,22,0,96,-5,29,5,4449,0,104,96
05-22-21,Out of State,17830,10,14131,3,3699,7,15982,4,663078,423,679060,427,0,100,1,162,9,17568,0,218,100
05-22-21,Overton,3031,1,2265,1,766,0,2667,1,15564,8,18231,9,0,61,1,14,0,2956,0,64,61
05-22-21,Pending,16881,8,10846,5,6035,3,12063,6,439636,512,451699,518,0,134,4,71,4,16676,0,139,133
05-22-21,Perry,1073,0,920,0,153,0,1037,0,6289,9,7326,9,0,28,0,3,0,1042,0,28,28
05-22-21,Pickett,763,0,505,0,258,0,608,0,4051,1,4659,1,0,24,0,7,0,732,0,28,24
05-22-21,Polk,2101,2,1882,2,219,0,2089,2,10069,13,12158,15,0,25,1,25,1,2051,0,92,25
05-22-21,Putnam,11460,3,9298,3,2162,0,11139,4,75254,37,86393,41,0,175,-5,48,8,11237,0,213,175
05-22-21,Rhea,4374,0,3776,0,598,0,4228,0,28074,24,32302,24,0,75,-2,16,2,4283,0,86,75
05-22-21,Roane,6343,0,4858,0,1485,0,5412,0,45126,31,50538,31,0,105,-2,34,2,6204,0,154,105
05-22-21,Robertson,9825,2,7668,1,2157,1,8647,3,46346,46,54993,49,0,132,-1,55,3,9638,0,444,132
05-22-21,Rutherford,43391,18,36909,12,6482,6,42884,16,255588,400,298472,416,0,440,-3,278,21,42673,0,598,441
05-22-21,Scott,3179,1,1720,1,1459,0,1839,2,12071,10,13910,12,0,45,-1,34,2,3100,0,69,45
05-22-21,Sequatchie,1730,1,1337,1,393,0,1461,1,12201,4,13662,5,0,29,1,23,0,1678,0,41,29
05-22-21,Sevier,13474,0,11433,0,2041,0,12607,0,70340,34,82947,34,0,176,-5,61,5,13237,0,286,176
05-22-21,Shelby,97219,94,89748,82,7471,12,110522,113,1067132,1797,1177654,1910,5,1658,17,1123,72,94438,3,3815,1658
05-22-21,Smith,2787,0,2079,0,708,0,2600,0,14265,7,16865,7,0,39,0,11,0,2737,0,59,39
05-22-21,Stewart,1353,3,1016,0,337,3,1151,0,7304,9,8455,9,0,28,3,29,0,1296,0,26,28
05-22-21,Sullivan,17098,8,14849,8,2249,0,15965,9,100692,128,116657,137,0,302,-19,235,27,16561,4,790,301
05-22-21,Sumner,24245,4,21306,3,2939,1,24141,4,130202,106,154343,110,0,349,-11,177,15,23719,0,721,348
05-22-21,Tipton,7436,4,5127,3,2309,1,6185,3,51222,65,57407,68,-1,103,-2,64,7,7269,0,163,102
05-22-21,Trousdale,2509,0,2347,0,162,0,2515,0,9640,10,12155,10,0,22,0,6,0,2481,0,41,22
05-22-21,Unicoi,2050,2,1543,1,507,1,1697,1,14331,7,16028,8,0,49,-1,13,3,1988,0,71,49
05-22-21,Union,1935,0,1619,0,316,0,1744,0,11041,7,12785,7,0,34,-1,14,1,1887,0,60,34
05-22-21,Van Buren,857,0,705,0,152,0,782,0,5459,4,6241,4,0,23,0,5,0,829,0,24,23
05-22-21,Warren,5550,1,4716,1,834,0,5362,1,34710,37,40072,38,0,82,1,16,0,5452,0,86,82
05-22-21,Washington,14753,2,12613,2,2140,0,13863,3,91416,100,105279,103,0,248,-17,116,19,14389,0,378,248
05-22-21,Wayne,2974,2,2383,2,591,0,2621,2,11612,7,14233,9,0,34,0,10,2,2930,0,61,34
05-22-21,Weakley,4186,5,3051,3,1135,2,3494,3,22471,14,25965,17,0,67,3,35,2,4084,0,79,67
05-22-21,White,3704,1,3002,0,702,1,3658,0,23809,17,27467,17,0,71,-1,42,2,3591,0,118,71
05-22-21,Williamson,28215,5,23642,3,4573,2,26243,8,196343,193,222586,201,0,217,-15,155,20,27843,0,294,217
05-22-21,Wilson,18972,4,17011,4,1961,0,19303,4,114995,121,134298,125,0,236,-5,134,9,18602,0,342,238
05-21-21,Anderson,8808,2,6523,0,2285,2,7325,1,65454,70,72779,71,0,172,-7,58,9,8578,0,223,172
05-21-21,Bedford,6545,2,5118,1,1427,1,5904,1,33174,34,39078,35,1,130,-2,29,3,6386,0,138,130
05-21-21,Benton,1682,0,1311,0,371,0,1452,0,9418,6,10870,6,0,40,-2,13,2,1629,0,41,40
05-21-21,Bledsoe,2177,4,1952,4,225,0,2070,4,16739,20,18809,24,0,11,1,27,3,2139,1,33,11
05-21-21,Blount,15595,2,13222,0,2373,2,14604,0,79938,117,94542,117,0,196,-2,88,4,15311,0,361,196
05-21-21,Bradley,15172,9,12335,9,2837,0,14019,8,71169,130,85188,138,0,152,-7,103,16,14917,0,681,152
05-21-21,Campbell,4191,5,2284,3,1907,2,2562,3,25604,24,28166,27,0,63,-1,23,6,4105,0,128,63
05-21-21,Cannon,1932,1,1535,0,397,1,1709,0,9804,12,11513,12,0,31,0,9,1,1892,0,39,31
05-21-21,Carroll,3644,0,2363,0,1281,0,2806,0,20259,20,23065,20,1,84,-3,22,2,3538,0,85,84
05-21-21,Carter,6688,4,5795,3,893,1,6370,4,40949,33,47319,37,0,158,1,49,3,6481,0,234,158
05-21-21,Cheatham,4600,3,3485,0,1115,3,3938,1,29015,33,32953,34,0,56,1,34,2,4510,0,90,56
05-21-21,Chester,2166,3,1541,1,625,2,1834,1,12458,12,14292,13,0,51,-1,20,4,2095,0,45,51
05-21-21,Claiborne,3192,1,2037,0,1155,1,2187,0,25192,35,27379,35,0,74,0,8,1,3110,0,95,74
05-21-21,Clay,1104,0,757,0,347,0,874,0,5792,7,6666,7,0,30,0,1,0,1073,0,25,30
05-21-21,Cocke,4534,3,2970,1,1564,2,3278,1,23413,26,26691,27,0,100,-7,21,10,4413,0,120,100
05-21-21,Coffee,6932,4,4771,1,2161,3,5832,2,47427,44,53259,46,0,124,0,33,4,6775,0,126,124
05-21-21,Crockett,2039,1,1224,1,815,0,1431,1,7579,5,9010,6,0,49,1,8,0,1982,0,32,49
05-21-21,Cumberland,6807,11,5574,8,1233,3,6406,8,50271,29,56677,37,0,133,5,59,6,6615,0,168,133
05-21-21,Davidson,89963,45,83981,34,5982,11,102068,33,1052803,1286,1154871,1319,0,946,-20,529,65,88488,0,2006,946
05-21-21,Decatur,1597,2,1176,2,421,0,1399,3,11192,14,12591,17,0,39,1,8,1,1550,0,40,39
05-21-21,Dekalb,2814,1,2068,0,746,1,2386,0,17695,33,20081,33,0,54,-1,15,2,2745,0,57,54
05-21-21,Dickson,6884,4,4978,1,1906,3,5875,1,37654,48,43529,49,0,114,2,30,2,6740,0,122,114
05-21-21,Dyer,5452,2,3578,1,1874,1,4040,1,22540,22,26580,23,0,106,2,24,0,5322,1,115,106
05-21-21,Fayette,5139,7,4348,5,791,2,5386,7,40006,59,45392,66,0,79,2,44,5,5016,0,137,79
05-21-21,Fentress,2438,1,2095,1,343,0,2391,1,13853,12,16244,13,0,47,-1,14,2,2377,0,64,47
05-21-21,Franklin,5168,3,4286,2,882,1,5018,2,39853,24,44871,26,0,90,0,16,3,5062,0,110,90
05-21-21,Gibson,6590,12,3938,2,2652,10,4766,1,30847,37,35613,38,0,147,8,62,4,6381,0,117,147
05-21-21,Giles,4018,0,3291,0,727,0,3786,0,23823,17,27609,17,0,101,0,23,0,3894,0,111,100
05-21-21,Grainger,2648,2,1945,1,703,1,2180,1,14547,16,16727,17,0,50,0,11,2,2587,1,76,50
05-21-21,Greene,7951,4,6338,4,1613,0,7059,5,56393,77,63452,82,0,157,-2,57,6,7737,0,201,157
05-21-21,Grundy,1793,0,1498,0,295,0,1717,0,9608,8,11325,8,0,35,0,2,0,1756,0,62,35
05-21-21,Hamblen,8636,1,5976,1,2660,0,6717,1,47522,42,54239,43,0,174,-2,29,3,8433,0,268,174
05-21-21,Hamilton,44809,34,38277,21,6532,13,42958,26,335108,487,378066,513,0,498,4,366,30,43945,0,1191,498
05-21-21,Hancock,602,3,411,2,191,1,437,2,4113,8,4550,10,0,12,2,11,1,579,0,24,12
05-21-21,Hardeman,3546,2,2841,0,705,2,3321,1,26293,22,29614,23,0,64,1,21,1,3461,0,105,64
05-21-21,Hardin,3588,1,2416,0,1172,1,2872,0,24228,23,27100,23,0,68,-1,15,2,3505,0,70,68
05-21-21,Hawkins,6228,4,5007,4,1221,0,5354,3,38555,102,43909,105,0,110,-11,106,15,6012,1,169,110
05-21-21,Haywood,2713,0,2273,0,440,0,2593,0,14120,14,16713,14,0,62,0,5,0,2646,0,84,62
05-21-21,Henderson,3818,0,2631,0,1187,0,3282,0,16447,11,19729,11,0,76,-6,20,6,3722,0,80,76
05-21-21,Henry,3223,0,2465,0,758,0,2853,3,18441,23,21294,26,0,76,-1,30,1,3117,0,80,76
05-21-21,Hickman,2858,3,2300,2,558,1,2649,2,17251,17,19900,19,0,46,0,14,3,2798,0,59,46
05-21-21,Houston,1101,1,828,1,273,0,948,1,10874,14,11822,15,0,33,0,5,1,1063,0,40,33
05-21-21,Humphreys,1839,4,1159,0,680,4,1353,0,12250,13,13603,13,0,28,0,33,4,1778,0,38,28
05-21-21,Jackson,1324,0,1030,0,294,0,1202,0,5727,4,6929,4,0,36,-1,6,1,1282,0,41,36
05-21-21,Jefferson,6271,1,4260,1,2011,0,4819,1,40321,24,45140,25,0,125,-3,44,4,6102,0,200,125
05-21-21,Johnson,2430,2,2096,2,334,0,2233,2,16680,18,18913,20,0,39,1,14,1,2377,0,59,39
05-21-21,Knox,51419,17,42836,13,8583,4,46883,13,341049,377,387932,390,0,638,-17,256,34,50525,0,1401,639
05-21-21,Lake,1708,0,1515,0,193,0,1785,0,10337,6,12122,6,0,26,0,7,0,1675,0,28,26
05-21-21,Lauderdale,3224,4,2506,3,718,1,2876,3,21849,12,24725,15,0,46,4,26,0,3152,0,86,45
05-21-21,Lawrence,6003,5,4664,3,1339,2,5143,3,30621,43,35764,46,0,92,-1,55,6,5856,0,156,92
05-21-21,Lewis,1589,1,1181,1,408,0,1278,1,10212,8,11490,9,0,26,-1,7,2,1556,0,43,26
05-21-21,Lincoln,4370,2,3366,2,1004,0,3826,2,18306,27,22132,29,0,63,0,14,2,4293,0,89,63
05-21-21,Loudon,6207,6,4702,1,1505,5,5151,2,32534,30,37685,32,0,69,2,40,4,6098,0,143,70
05-21-21,Macon,3637,0,2809,0,828,0,3305,1,17648,39,20953,40,0,78,-2,16,2,3543,0,129,78
05-21-21,Madison,11329,15,6341,6,4988,9,7645,6,57844,81,65489,87,0,241,7,43,8,11045,1,340,241
05-21-21,Marion,3142,5,2678,3,464,2,2995,3,20423,20,23418,23,0,47,4,15,1,3080,0,115,47
05-21-21,Marshall,4209,1,3278,0,931,1,3717,0,23884,16,27601,16,0,58,0,18,1,4133,0,92,58
05-21-21,Maury,13584,2,11848,2,1736,0,13084,2,77794,84,90878,86,0,173,-3,73,5,13338,0,298,172
05-21-21,McMinn,6570,2,5799,2,771,0,6395,2,44252,38,50647,40,0,99,-1,56,3,6415,0,167,99
05-21-21,McNairy,2854,3,1998,2,856,1,2425,2,19082,18,21507,20,0,54,2,21,1,2779,0,67,54
05-21-21,Meigs,1400,0,1249,0,151,0,1388,0,8413,13,9801,13,0,25,0,8,0,1367,0,46,25
05-21-21,Monroe,5910,8,4638,1,1272,7,5199,2,28509,21,33708,23,0,96,4,57,4,5757,0,162,96
05-21-21,Montgomery,20626,17,15076,7,5550,10,16572,11,126016,244,142588,255,0,228,-14,233,31,20165,0,311,228
05-21-21,Moore,1019,0,783,0,236,0,884,0,5008,7,5892,7,0,17,0,6,0,996,0,18,17
05-21-21,Morgan,2524,1,1837,0,687,1,1997,0,15900,10,17897,10,0,39,-1,14,2,2471,0,46,39
05-21-21,Obion,4574,4,3369,1,1205,3,3820,1,23598,29,27418,30,0,96,4,34,0,4444,0,104,96
05-21-21,Out of State,17820,24,14128,16,3692,8,15978,12,662655,853,678633,865,0,100,12,161,12,17559,0,218,100
05-21-21,Overton,3030,2,2264,2,766,0,2666,2,15556,11,18222,13,0,61,0,13,2,2956,0,64,61
05-21-21,Pending,16873,9,10841,5,6032,4,12057,4,439124,722,451181,726,0,134,-5,67,14,16672,0,139,133
05-21-21,Perry,1073,0,920,0,153,0,1037,0,6280,8,7317,8,0,28,-1,3,1,1042,0,28,28
05-21-21,Pickett,763,3,505,2,258,1,608,2,4050,0,4658,2,0,24,3,7,0,732,0,28,24
05-21-21,Polk,2099,3,1880,3,219,0,2087,2,10056,24,12143,26,0,25,1,24,2,2050,1,92,25
05-21-21,Putnam,11457,2,9295,1,2162,1,11135,2,75217,85,86352,87,0,175,-2,53,4,11229,0,213,175
05-21-21,Rhea,4374,1,3776,1,598,0,4228,1,28050,39,32278,40,0,75,-2,18,3,4281,0,86,75
05-21-21,Roane,6343,1,4858,1,1485,0,5412,1,45095,52,50507,53,0,105,-4,36,5,6202,0,154,105
05-21-21,Robertson,9823,4,7667,3,2156,1,8644,3,46300,56,54944,59,0,132,-1,56,5,9635,1,444,132
05-21-21,Rutherford,43373,21,36897,13,6476,8,42868,13,255188,409,298056,422,0,440,-2,281,23,42652,0,598,441
05-21-21,Scott,3178,7,1719,0,1459,7,1837,0,12061,8,13898,8,0,45,6,35,1,3098,0,69,45
05-21-21,Sequatchie,1729,2,1336,2,393,0,1460,2,12197,11,13657,13,0,29,-1,22,3,1678,0,41,29
05-21-21,Sevier,13474,2,11433,1,2041,1,12607,1,70306,65,82913,66,0,176,-8,66,10,13232,0,286,176
05-21-21,Shelby,97125,88,89666,79,7459,9,110409,101,1065335,2061,1175744,2162,2,1653,-40,1106,126,94366,2,3812,1658
05-21-21,Smith,2787,0,2079,0,708,0,2600,0,14258,16,16858,16,0,39,-2,11,2,2737,0,59,39
05-21-21,Stewart,1350,4,1016,3,334,1,1151,3,7295,14,8446,17,0,28,4,26,0,1296,0,26,28
05-21-21,Sullivan,17090,9,14841,9,2249,0,15956,11,100564,156,116520,167,0,302,-15,254,24,16534,0,786,301
05-21-21,Sumner,24241,16,21303,8,2938,8,24137,9,130096,160,154233,169,0,349,-6,188,22,23704,0,721,348
05-21-21,Tipton,7432,8,5124,5,2308,3,6182,5,51157,82,57339,87,0,104,-1,66,9,7262,1,163,102
05-21-21,Trousdale,2509,1,2347,1,162,0,2515,1,9630,11,12145,12,0,22,0,6,1,2481,0,41,22
05-21-21,Unicoi,2048,0,1542,0,506,0,1696,2,14324,26,16020,28,0,49,-3,14,3,1985,0,71,49
05-21-21,Union,1935,0,1619,0,316,0,1744,0,11034,7,12778,7,0,34,0,15,0,1886,0,60,34
05-21-21,Van Buren,857,1,705,1,152,0,782,2,5455,7,6237,9,0,23,0,5,1,829,0,24,23
05-21-21,Warren,5549,0,4715,0,834,0,5361,0,34673,40,40034,40,0,82,-1,15,1,5452,0,86,82
05-21-21,Washington,14751,12,12611,9,2140,3,13860,10,91316,132,105176,142,0,248,-4,133,16,14370,0,378,248
05-21-21,Wayne,2972,2,2381,2,591,0,2619,2,11605,10,14224,12,0,34,2,10,0,2928,0,61,34
05-21-21,Weakley,4181,2,3048,0,1133,2,3491,0,22457,23,25948,23,0,67,-4,32,6,4082,0,79,67
05-21-21,White,3703,2,3002,2,701,0,3658,3,23792,22,27450,25,0,71,-2,43,4,3589,0,118,71
05-21-21,Williamson,28210,12,23639,7,4571,5,26235,5,196150,290,222385,295,0,217,-3,170,15,27823,0,294,217
05-21-21,Wilson,18968,5,17007,3,1961,2,19299,3,114874,186,134173,189,0,236,-11,139,16,18593,0,342,238
05-20-21,Anderson,8806,2,6523,2,2283,0,7324,2,65384,119,72708,121,0,172,-1,65,3,8569,0,223,172
05-20-21,Bedford,6543,4,5117,1,1426,3,5903,1,33140,43,39043,44,0,129,-1,31,5,6383,0,138,130
05-20-21,Benton,1682,0,1311,0,371,0,1452,0,9412,14,10864,14,0,40,-2,15,2,1627,0,41,40
05-20-21,Bledsoe,2173,1,1948,1,225,0,2066,2,16719,34,18785,36,0,11,-1,26,2,2136,0,32,11
05-20-21,Blount,15593,4,13222,4,2371,0,14604,6,79821,143,94425,149,0,196,-10,90,14,15307,0,361,196
05-20-21,Bradley,15163,6,12326,3,2837,3,14011,5,71039,183,85050,188,0,152,-5,110,11,14901,0,681,152
05-20-21,Campbell,4186,3,2281,0,1905,3,2559,1,25580,22,28139,23,0,63,1,24,2,4099,0,128,63
05-20-21,Cannon,1931,0,1535,0,396,0,1709,0,9792,23,11501,23,0,31,-1,9,1,1891,0,39,31
05-20-21,Carroll,3644,2,2363,2,1281,0,2806,3,20239,20,23045,23,0,83,-4,25,6,3536,0,85,84
05-20-21,Carter,6684,3,5792,3,892,0,6366,3,40916,768,47282,771,0,158,-5,48,8,6478,0,234,158
05-20-21,Cheatham,4597,1,3485,1,1112,0,3937,1,28982,65,32919,66,0,56,-6,33,7,4508,0,90,56
05-20-21,Chester,2163,3,1540,2,623,1,1833,2,12446,10,14279,12,0,51,2,21,1,2091,0,45,51
05-20-21,Claiborne,3191,0,2037,0,1154,0,2187,1,25157,30,27344,31,1,74,-2,8,1,3109,0,95,74
05-20-21,Clay,1104,0,757,0,347,0,874,0,5785,3,6659,3,0,30,0,1,0,1073,0,25,30
05-20-21,Cocke,4531,2,2969,2,1562,0,3277,2,23387,65,26664,67,0,100,-2,28,4,4403,0,120,100
05-20-21,Coffee,6928,0,4770,0,2158,0,5830,0,47383,44,53213,44,0,124,-5,33,5,6771,0,126,124
05-20-21,Crockett,2038,1,1223,0,815,1,1430,0,7574,8,9004,8,0,49,1,7,0,1982,0,32,49
05-20-21,Cumberland,6796,5,5566,1,1230,4,6398,1,50242,37,56640,38,0,133,-4,54,9,6609,1,168,133
05-20-21,Davidson,89918,47,83947,38,5971,9,102035,50,1051517,1625,1153552,1675,0,946,-5,549,52,88423,2,2006,946
05-20-21,Decatur,1595,1,1174,0,421,1,1396,0,11178,7,12574,7,0,39,-1,7,2,1549,0,40,39
05-20-21,Dekalb,2813,3,2068,1,745,2,2386,1,17662,15,20048,16,0,54,0,16,3,2743,0,57,54
05-20-21,Dickson,6880,12,4977,5,1903,7,5874,7,37606,64,43480,71,0,114,10,28,2,6738,0,122,114
05-20-21,Dyer,5450,2,3577,1,1873,1,4039,2,22518,37,26557,39,0,106,-2,22,4,5322,0,114,106
05-20-21,Fayette,5132,4,4343,3,789,1,5379,3,39947,57,45326,60,1,79,-8,42,11,5011,1,137,79
05-20-21,Fentress,2437,1,2094,1,343,0,2390,1,13841,9,16231,10,0,47,-2,15,3,2375,0,64,47
05-20-21,Franklin,5165,0,4284,0,881,0,5016,1,39829,55,44845,56,0,90,-1,16,1,5059,0,110,90
05-20-21,Gibson,6578,13,3936,5,2642,8,4765,6,30810,44,35575,50,0,147,8,54,5,6377,0,117,147
05-20-21,Giles,4018,1,3291,1,727,0,3786,5,23806,45,27592,50,0,101,-1,23,2,3894,0,111,100
05-20-21,Grainger,2646,0,1944,0,702,0,2179,0,14531,23,16710,23,0,50,-3,11,3,2585,0,75,50
05-20-21,Greene,7947,4,6334,3,1613,1,7054,4,56316,2551,63370,2555,0,157,-8,59,12,7731,0,201,157
05-20-21,Grundy,1793,0,1498,0,295,0,1717,0,9600,13,11317,13,0,35,0,2,0,1756,0,62,35
05-20-21,Hamblen,8635,1,5975,0,2660,1,6716,0,47480,79,54196,79,0,174,-1,31,2,8430,0,268,174
05-20-21,Hamilton,44775,49,38256,31,6519,18,42932,44,334621,672,377553,716,0,498,17,362,32,43915,2,1191,498
05-20-21,Hancock,599,0,409,0,190,0,435,0,4105,20,4540,20,0,12,-1,9,1,578,0,24,12
05-20-21,Hardeman,3544,1,2841,1,703,0,3320,1,26271,35,29591,36,0,64,0,20,1,3460,0,105,64
05-20-21,Hardin,3587,0,2416,0,1171,0,2872,0,24205,26,27077,26,0,68,-2,16,2,3503,0,70,68
05-20-21,Hawkins,6224,3,5003,2,1221,1,5351,2,38453,1452,43804,1454,1,110,-18,117,20,5997,0,168,110
05-20-21,Haywood,2713,1,2273,1,440,0,2593,1,14106,10,16699,11,0,62,1,5,0,2646,0,84,62
05-20-21,Henderson,3818,1,2631,1,1187,0,3282,1,16436,15,19718,16,1,76,-3,26,3,3716,1,80,76
05-20-21,Henry,3223,2,2465,1,758,1,2850,2,18418,26,21268,28,0,76,-7,31,9,3116,0,80,76
05-20-21,Hickman,2855,1,2298,0,557,1,2647,0,17234,9,19881,9,0,46,-1,14,2,2795,0,59,46
05-20-21,Houston,1100,0,827,0,273,0,947,0,10860,8,11807,8,0,33,-2,5,2,1062,0,40,33
05-20-21,Humphreys,1835,3,1159,3,676,0,1353,7,12237,15,13590,22,0,28,0,33,3,1774,0,38,28
05-20-21,Jackson,1324,0,1030,0,294,0,1202,0,5723,2,6925,2,0,36,-2,7,2,1281,0,41,36
05-20-21,Jefferson,6270,3,4259,0,2011,3,4818,0,40297,51,45115,51,0,125,-2,47,5,6098,0,200,125
05-20-21,Johnson,2428,2,2094,2,334,0,2231,2,16662,80,18893,82,0,39,-1,13,3,2376,0,59,39
05-20-21,Knox,51402,34,42823,26,8579,8,46870,28,340672,593,387542,621,0,638,5,273,29,50491,1,1401,638
05-20-21,Lake,1708,1,1515,0,193,1,1785,0,10331,3,12116,3,0,26,1,7,0,1675,1,28,26
05-20-21,Lauderdale,3220,2,2503,1,717,1,2873,1,21837,28,24710,29,1,46,-6,22,7,3152,0,86,45
05-20-21,Lawrence,5998,2,4661,1,1337,1,5140,2,30578,52,35718,54,1,92,-8,56,9,5850,1,156,92
05-20-21,Lewis,1588,2,1180,0,408,2,1277,0,10204,6,11481,6,0,26,2,8,0,1554,0,43,26
05-20-21,Lincoln,4368,0,3364,0,1004,0,3824,0,18279,16,22103,16,0,63,-1,14,1,4291,0,89,63
05-20-21,Loudon,6201,5,4701,4,1500,1,5149,5,32504,55,37653,60,0,69,-3,38,8,6094,1,143,69
05-20-21,Macon,3637,0,2809,0,828,0,3304,0,17609,23,20913,23,0,78,-2,18,2,3541,0,129,78
05-20-21,Madison,11314,14,6335,13,4979,1,7639,14,57763,76,65402,90,0,241,8,36,6,11037,0,339,241
05-20-21,Marion,3137,2,2675,1,462,1,2992,1,20403,31,23395,32,0,47,0,11,2,3079,0,115,47
05-20-21,Marshall,4208,2,3278,1,930,1,3717,2,23868,25,27585,27,0,58,2,18,0,4132,0,92,58
05-20-21,Maury,13582,7,11846,7,1736,0,13082,7,77710,99,90792,106,0,173,-7,76,14,13333,0,298,172
05-20-21,McMinn,6568,2,5797,2,771,0,6393,2,44214,59,50607,61,0,99,-3,57,5,6412,0,167,99
05-20-21,McNairy,2851,0,1996,0,855,0,2423,1,19064,24,21487,25,0,54,-1,19,1,2778,0,67,54
05-20-21,Meigs,1400,0,1249,0,151,0,1388,0,8400,9,9788,9,0,25,0,8,0,1367,0,46,25
05-20-21,Monroe,5902,4,4637,3,1265,1,5197,3,28488,33,33685,36,0,96,0,53,4,5753,0,162,96
05-20-21,Montgomery,20609,26,15069,10,5540,16,16561,9,125772,258,142333,267,0,228,-2,247,28,20134,0,311,228
05-20-21,Moore,1019,0,783,0,236,0,884,1,5001,4,5885,5,0,17,-1,6,1,996,0,18,17
05-20-21,Morgan,2523,1,1837,1,686,0,1997,1,15890,23,17887,24,0,39,-5,15,6,2469,0,46,39
05-20-21,Obion,4570,6,3368,3,1202,3,3819,3,23569,39,27388,42,0,96,2,30,4,4444,1,104,96
05-20-21,Out of State,17796,20,14112,14,3684,6,15966,11,661802,1295,677768,1306,0,100,-1,149,21,17547,0,218,100
05-20-21,Overton,3028,1,2262,0,766,1,2664,0,15545,6,18209,6,0,61,1,13,0,2954,0,64,61
05-20-21,Pending,16864,5,10836,0,6028,5,12053,1,438402,1462,450455,1463,0,134,-5,72,10,16658,0,139,133
05-20-21,Perry,1073,0,920,0,153,0,1037,0,6272,7,7309,7,0,28,-2,4,2,1041,0,28,28
05-20-21,Pickett,760,3,503,3,257,0,606,3,4050,0,4656,3,0,24,3,4,0,732,0,28,24
05-20-21,Polk,2096,0,1877,0,219,0,2085,0,10032,18,12117,18,0,25,0,23,0,2048,0,91,25
05-20-21,Putnam,11455,8,9294,4,2161,4,11133,4,75132,47,86265,51,0,175,-3,55,11,11225,1,213,175
05-20-21,Rhea,4373,2,3775,2,598,0,4227,2,28011,40,32238,42,0,75,1,20,1,4278,0,86,75
05-20-21,Roane,6342,5,4857,4,1485,1,5411,6,45043,70,50454,76,0,105,1,40,4,6197,0,154,105
05-20-21,Robertson,9819,3,7664,3,2155,0,8641,5,46244,77,54885,82,0,132,-3,57,6,9630,0,443,132
05-20-21,Rutherford,43352,17,36884,12,6468,5,42855,14,254779,507,297634,521,2,440,-14,283,29,42629,0,598,439
05-20-21,Scott,3171,1,1719,0,1452,1,1837,0,12053,23,13890,23,0,45,-6,29,7,3097,0,69,45
05-20-21,Sequatchie,1727,2,1334,2,393,0,1458,2,12186,17,13644,19,0,29,-2,23,4,1675,0,41,29
05-20-21,Sevier,13472,5,11432,5,2040,0,12606,6,70241,105,82847,111,0,176,-11,74,16,13222,0,286,176
05-20-21,Shelby,97037,103,89587,86,7450,17,110308,104,1063274,2081,1173582,2185,7,1651,-25,1146,121,94240,3,3810,1657
05-20-21,Smith,2787,0,2079,0,708,0,2600,0,14242,9,16842,9,0,39,-1,13,1,2735,0,59,39
05-20-21,Stewart,1346,0,1013,0,333,0,1148,0,7281,16,8429,16,0,28,0,22,0,1296,0,26,28
05-20-21,Sullivan,17081,16,14832,12,2249,4,15945,15,100408,4708,116353,4723,0,302,-5,269,21,16510,0,786,301
05-20-21,Sumner,24225,8,21295,7,2930,1,24128,7,129936,169,154064,176,0,349,-18,194,26,23682,0,721,348
05-20-21,Tipton,7424,5,5119,2,2305,3,6177,2,51075,90,57252,92,0,104,-4,67,9,7253,0,162,102
05-20-21,Trousdale,2508,1,2346,1,162,0,2514,1,9619,11,12133,12,0,22,1,6,0,2480,0,41,22
05-20-21,Unicoi,2048,3,1542,3,506,0,1694,3,14298,81,15992,84,0,49,2,17,1,1982,0,71,49
05-20-21,Union,1935,0,1619,0,316,0,1744,0,11027,18,12771,18,0,34,-3,15,3,1886,0,60,34
05-20-21,Van Buren,856,0,704,0,152,0,780,0,5448,5,6228,5,0,23,0,5,0,828,0,24,23
05-20-21,Warren,5549,0,4715,0,834,0,5361,0,34633,25,39994,25,0,82,-3,16,3,5451,0,86,82
05-20-21,Washington,14739,12,12602,12,2137,0,13850,15,91184,1994,105034,2009,1,248,-5,137,16,14354,0,378,248
05-20-21,Wayne,2970,1,2379,0,591,1,2617,0,11595,10,14212,10,0,34,1,8,0,2928,0,61,34
05-20-21,Weakley,4179,5,3048,3,1131,2,3491,2,22434,10,25925,12,0,67,2,36,3,4076,0,79,67
05-20-21,White,3701,4,3000,1,701,3,3655,1,23770,30,27425,31,0,71,-1,45,5,3585,0,118,71
05-20-21,Williamson,28198,10,23632,4,4566,6,26230,5,195860,347,222090,352,0,217,-8,173,18,27808,0,294,217
05-20-21,Wilson,18963,13,17004,11,1959,2,19296,12,114688,182,133984,194,0,236,-5,150,18,18577,0,342,237
05-19-21,Anderson,8804,7,6521,5,2283,2,7322,6,65265,120,72587,126,0,172,4,66,3,8566,0,223,172
05-19-21,Bedford,6539,5,5116,5,1423,0,5902,7,33097,38,38999,45,0,129,2,32,3,6378,0,138,129
05-19-21,Benton,1682,0,1311,0,371,0,1452,0,9398,11,10850,11,0,40,-1,17,1,1625,0,41,40
05-19-21,Bledsoe,2172,4,1947,2,225,2,2064,2,16685,20,18749,22,0,11,4,27,0,2134,0,32,11
05-19-21,Blount,15589,4,13218,2,2371,2,14598,2,79678,195,94276,197,0,196,-5,100,9,15293,0,361,196
05-19-21,Bradley,15157,17,12323,11,2834,6,14006,12,70856,105,84862,117,0,152,4,115,13,14890,1,681,152
05-19-21,Campbell,4183,3,2281,3,1902,0,2558,3,25558,24,28116,27,0,63,1,23,2,4097,1,128,63
05-19-21,Cannon,1931,2,1535,2,396,0,1709,2,9769,15,11478,17,0,31,1,10,1,1890,0,39,31
05-19-21,Carroll,3642,3,2361,1,1281,2,2803,3,20219,18,23022,21,0,83,-2,29,5,3530,0,85,83
05-19-21,Carter,6681,5,5789,5,892,0,6363,6,40148,53,46511,59,0,158,-1,53,6,6470,0,234,158
05-19-21,Cheatham,4596,1,3484,1,1112,0,3936,1,28917,41,32853,42,0,56,-1,39,2,4501,0,90,56
05-19-21,Chester,2160,2,1538,1,622,1,1831,1,12436,24,14267,25,0,51,-1,19,3,2090,0,45,51
05-19-21,Claiborne,3191,1,2037,1,1154,0,2186,1,25127,29,27313,30,0,73,-1,10,2,3108,0,95,74
05-19-21,Clay,1104,0,757,0,347,0,874,0,5782,5,6656,5,0,30,0,1,0,1073,0,25,30
05-19-21,Cocke,4529,2,2967,0,1562,2,3275,0,23322,54,26597,54,0,100,-2,30,4,4399,0,120,100
05-19-21,Coffee,6928,3,4770,1,2158,2,5830,2,47339,61,53169,63,0,124,-2,38,5,6766,0,126,124
05-19-21,Crockett,2037,0,1223,0,814,0,1430,0,7566,11,8996,11,0,49,0,6,0,1982,0,32,49
05-19-21,Cumberland,6791,11,5565,6,1226,5,6397,6,50205,66,56602,72,0,133,9,58,2,6600,0,167,133
05-19-21,Davidson,89871,46,83909,38,5962,8,101985,48,1049892,1579,1151877,1627,1,946,-16,554,61,88371,2,2004,945
05-19-21,Decatur,1594,1,1174,1,420,0,1396,1,11171,12,12567,13,0,39,1,8,0,1547,0,40,39
05-19-21,Dekalb,2810,3,2067,1,743,2,2385,1,17647,28,20032,29,0,54,1,16,2,2740,0,57,54
05-19-21,Dickson,6868,7,4972,2,1896,5,5867,2,37542,39,43409,41,0,114,4,18,3,6736,0,122,114
05-19-21,Dyer,5448,4,3576,2,1872,2,4037,2,22481,21,26518,23,0,106,0,24,4,5318,0,114,106
05-19-21,Fayette,5128,3,4340,3,788,0,5376,3,39890,82,45266,85,0,78,-1,50,4,5000,0,136,79
05-19-21,Fentress,2436,0,2093,0,343,0,2389,0,13832,14,16221,14,0,47,-2,17,2,2372,0,64,47
05-19-21,Franklin,5165,2,4284,2,881,0,5015,2,39774,17,44789,19,0,90,-3,17,5,5058,0,110,90
05-19-21,Gibson,6565,3,3931,3,2634,0,4759,5,30766,46,35525,51,0,147,-1,46,4,6372,0,117,147
05-19-21,Giles,4017,5,3290,2,727,3,3781,2,23761,40,27542,42,0,101,2,24,3,3892,0,111,100
05-19-21,Grainger,2646,3,1944,3,702,0,2179,3,14508,33,16687,36,0,50,1,14,2,2582,0,75,50
05-19-21,Greene,7943,8,6331,8,1612,0,7050,10,53765,199,60815,209,0,157,3,67,5,7719,0,201,157
05-19-21,Grundy,1793,1,1498,1,295,0,1717,1,9587,5,11304,6,0,35,0,2,1,1756,0,62,35
05-19-21,Hamblen,8634,2,5975,2,2659,0,6716,3,47401,57,54117,60,0,174,-2,32,4,8428,0,268,174
05-19-21,Hamilton,44726,28,38225,21,6501,7,42888,24,333949,605,376837,629,1,498,-31,345,58,43883,7,1189,498
05-19-21,Hancock,599,1,409,1,190,0,435,1,4085,11,4520,12,0,12,1,10,0,577,0,24,12
05-19-21,Hardeman,3543,0,2840,0,703,0,3319,0,26236,60,29555,60,0,64,-6,20,6,3459,0,105,64
05-19-21,Hardin,3587,1,2416,1,1171,0,2872,1,24179,34,27051,35,0,68,-2,18,3,3501,0,70,68
05-19-21,Hawkins,6221,15,5001,14,1220,1,5349,15,37001,101,42350,116,0,109,-2,135,17,5977,0,168,110
05-19-21,Haywood,2712,0,2272,0,440,0,2592,0,14096,29,16688,29,0,62,-2,4,2,2646,0,84,62
05-19-21,Henderson,3817,1,2630,0,1187,1,3281,0,16421,16,19702,16,-1,75,0,29,2,3713,0,79,76
05-19-21,Henry,3221,2,2464,0,757,2,2848,1,18392,28,21240,29,0,76,-3,38,5,3107,0,80,76
05-19-21,Hickman,2854,1,2298,1,556,0,2647,1,17225,15,19872,16,0,46,-2,15,3,2793,0,59,46
05-19-21,Houston,1100,1,827,1,273,0,947,1,10852,17,11799,18,0,33,1,7,0,1060,0,40,33
05-19-21,Humphreys,1832,2,1156,2,676,0,1346,2,12222,14,13568,16,0,28,0,33,2,1771,0,38,28
05-19-21,Jackson,1324,1,1030,0,294,1,1202,0,5721,5,6923,5,0,36,1,9,0,1279,0,41,36
05-19-21,Jefferson,6267,3,4259,2,2008,1,4818,4,40246,41,45064,45,0,125,-5,49,8,6093,1,200,125
05-19-21,Johnson,2426,1,2092,0,334,1,2229,0,16582,32,18811,32,0,39,0,14,1,2373,0,59,39
05-19-21,Knox,51368,13,42797,5,8571,8,46842,6,340079,544,386921,550,0,638,-28,268,41,50462,1,1400,638
05-19-21,Lake,1707,1,1515,0,192,1,1785,0,10328,6,12113,6,0,26,1,6,0,1675,0,27,26
05-19-21,Lauderdale,3218,2,2502,2,716,0,2872,3,21809,22,24681,25,0,45,-2,28,4,3145,0,86,44
05-19-21,Lawrence,5996,5,4660,4,1336,1,5138,5,30526,55,35664,60,0,91,-4,64,9,5841,0,155,91
05-19-21,Lewis,1586,1,1180,1,406,0,1277,1,10198,4,11475,5,0,26,0,6,1,1554,0,43,26
05-19-21,Lincoln,4368,0,3364,0,1004,0,3824,0,18263,24,22087,24,0,63,-4,15,4,4290,0,89,62
05-19-21,Loudon,6196,6,4697,2,1499,4,5144,2,32449,62,37593,64,0,69,-3,41,9,6086,1,142,69
05-19-21,Macon,3637,5,2809,3,828,2,3304,4,17586,34,20890,38,0,78,3,20,2,3539,0,129,78
05-19-21,Madison,11300,14,6322,5,4978,9,7625,7,57687,138,65312,145,0,241,8,28,6,11031,1,339,241
05-19-21,Marion,3135,4,2674,1,461,3,2991,1,20372,19,23363,20,0,47,3,11,1,3077,0,115,47
05-19-21,Marshall,4206,1,3277,0,929,1,3715,1,23843,33,27558,34,0,58,-4,16,5,4132,0,92,58
05-19-21,Maury,13575,2,11839,2,1736,0,13075,5,77611,113,90686,118,1,173,-9,83,10,13319,0,298,172
05-19-21,McMinn,6566,5,5795,4,771,1,6391,4,44155,73,50546,77,0,99,2,60,3,6407,0,167,99
05-19-21,McNairy,2851,2,1996,2,855,0,2422,2,19040,51,21462,53,0,54,-2,20,4,2777,1,67,54
05-19-21,Meigs,1400,4,1249,3,151,1,1388,3,8391,14,9779,17,0,25,4,8,0,1367,0,46,25
05-19-21,Monroe,5898,4,4634,4,1264,0,5194,4,28455,44,33649,48,0,96,3,53,1,5749,0,162,96
05-19-21,Montgomery,20583,26,15059,19,5524,7,16552,20,125514,291,142066,311,0,228,-13,249,39,20106,2,311,228
05-19-21,Moore,1019,1,783,1,236,0,883,1,4997,10,5880,11,0,17,0,7,1,995,0,18,17
05-19-21,Morgan,2522,0,1836,0,686,0,1996,0,15867,27,17863,27,0,39,-5,20,5,2463,0,46,39
05-19-21,Obion,4564,1,3365,0,1199,1,3816,1,23530,35,27346,36,0,96,-1,28,2,4440,0,103,96
05-19-21,Out of State,17776,22,14098,16,3678,6,15955,13,660507,1191,676462,1204,1,100,9,150,12,17526,0,218,100
05-19-21,Overton,3027,0,2262,0,765,0,2664,0,15539,21,18203,21,0,61,0,12,0,2954,0,64,61
05-19-21,Pending,16859,14,10836,8,6023,6,12052,12,436940,890,448992,902,0,134,-5,77,19,16648,0,139,133
05-19-21,Perry,1073,1,920,0,153,1,1037,0,6265,7,7302,7,0,28,1,6,0,1039,0,28,28
05-19-21,Pickett,757,1,500,0,257,1,603,0,4050,2,4653,2,0,24,0,1,1,732,0,28,24
05-19-21,Polk,2096,2,1877,2,219,0,2085,2,10014,14,12099,16,0,25,1,23,1,2048,0,91,25
05-19-21,Putnam,11447,2,9290,2,2157,0,11129,2,75085,101,86214,103,0,175,-7,58,9,11214,0,212,175
05-19-21,Rhea,4371,3,3773,1,598,2,4225,1,27971,34,32196,35,0,75,-4,19,7,4277,0,86,75
05-19-21,Roane,6337,4,4853,4,1484,0,5405,4,44973,101,50378,105,0,105,2,39,2,6193,0,154,105
05-19-21,Robertson,9816,5,7661,3,2155,2,8636,3,46167,71,54803,74,0,132,2,60,3,9624,0,443,132
05-19-21,Rutherford,43335,34,36872,23,6463,11,42841,23,254272,567,297113,590,0,438,-4,297,38,42600,0,598,439
05-19-21,Scott,3170,3,1719,1,1451,2,1837,1,12030,22,13867,23,0,45,-6,35,9,3090,0,69,45
05-19-21,Sequatchie,1725,1,1332,1,393,0,1456,1,12169,18,13625,19,0,29,1,25,0,1671,0,41,29
05-19-21,Sevier,13467,5,11427,4,2040,1,12600,5,70136,80,82736,85,0,176,-8,85,13,13206,0,286,176
05-19-21,Shelby,96934,114,89501,97,7433,17,110204,128,1061193,3090,1171397,3218,7,1644,-45,1171,152,94119,3,3807,1656
05-19-21,Smith,2787,3,2079,3,708,0,2600,3,14233,25,16833,28,0,39,2,14,1,2734,0,59,39
05-19-21,Stewart,1346,3,1013,2,333,1,1148,2,7265,15,8413,17,0,28,3,22,0,1296,0,26,28
05-19-21,Sullivan,17065,33,14820,32,2245,1,15930,32,95700,278,111630,310,0,302,17,274,16,16489,0,786,301
05-19-21,Sumner,24217,22,21288,12,2929,10,24121,14,129767,182,153888,196,0,349,-7,212,29,23656,0,721,348
05-19-21,Tipton,7419,11,5117,2,2302,9,6175,7,50985,109,57160,116,0,104,7,71,4,7244,1,162,102
05-19-21,Trousdale,2507,0,2345,0,162,0,2513,0,9608,8,12121,8,0,22,-1,5,1,2480,0,41,22
05-19-21,Unicoi,2045,0,1539,0,506,0,1691,0,14217,22,15908,22,0,49,-2,15,2,1981,0,71,49
05-19-21,Union,1935,1,1619,1,316,0,1744,1,11009,9,12753,10,0,34,0,18,1,1883,0,60,34
05-19-21,Van Buren,856,1,704,1,152,0,780,1,5443,5,6223,6,0,23,0,5,1,828,0,24,23
05-19-21,Warren,5549,0,4715,0,834,0,5361,2,34608,46,39969,48,1,82,-3,19,2,5448,0,86,82
05-19-21,Washington,14727,13,12590,12,2137,1,13835,12,89190,184,103025,196,0,247,-3,142,16,14338,1,378,247
05-19-21,Wayne,2969,1,2379,1,590,0,2617,1,11585,14,14202,15,0,34,0,7,1,2928,0,61,34
05-19-21,Weakley,4174,0,3045,0,1129,0,3489,1,22424,19,25913,20,0,67,-3,34,3,4073,0,79,67
05-19-21,White,3697,2,2999,1,698,1,3654,2,23740,38,27394,40,0,71,-6,46,8,3580,0,118,71
05-19-21,Williamson,28188,17,23628,9,4560,8,26225,11,195513,328,221738,339,0,217,-12,181,29,27790,0,294,217
05-19-21,Wilson,18950,9,16993,8,1957,1,19284,8,114506,242,133790,250,0,236,-5,155,14,18559,0,342,236
05-18-21,Anderson,8797,4,6516,0,2281,4,7316,0,65145,90,72461,90,0,172,0,62,4,8563,1,223,172
05-18-21,Bedford,6534,1,5111,0,1423,1,5895,0,33059,42,38954,42,0,129,0,30,1,6375,0,138,129
05-18-21,Benton,1682,1,1311,1,371,0,1452,1,9387,8,10839,9,0,40,-3,18,4,1624,0,41,40
05-18-21,Bledsoe,2168,1,1945,1,223,0,2062,1,16665,31,18727,32,0,11,-3,23,4,2134,0,32,11
05-18-21,Blount,15585,18,13216,15,2369,3,14596,15,79483,157,94079,172,0,196,-1,105,19,15284,1,361,196
05-18-21,Bradley,15140,16,12312,14,2828,2,13994,15,70751,155,84745,170,1,152,8,111,7,14877,1,680,152
05-18-21,Campbell,4180,1,2278,1,1902,0,2555,1,25534,20,28089,21,0,63,-1,22,2,4095,0,127,63
05-18-21,Cannon,1929,1,1533,1,396,0,1707,1,9754,12,11461,13,0,31,-1,9,2,1889,0,39,31
05-18-21,Carroll,3639,6,2360,1,1279,5,2800,0,20201,20,23001,20,0,83,3,31,3,3525,1,85,83
05-18-21,Carter,6676,9,5784,7,892,2,6357,7,40095,46,46452,53,0,158,0,54,9,6464,0,234,158
05-18-21,Cheatham,4595,2,3483,2,1112,0,3935,2,28876,43,32811,45,0,56,-2,40,4,4499,0,90,56
05-18-21,Chester,2158,1,1537,0,621,1,1830,0,12412,9,14242,9,0,51,0,20,1,2087,0,45,51
05-18-21,Claiborne,3190,3,2036,1,1154,2,2185,1,25098,23,27283,24,0,73,-1,11,4,3106,0,95,74
05-18-21,Clay,1104,0,757,0,347,0,874,0,5777,4,6651,4,0,30,0,1,0,1073,0,25,30
05-18-21,Cocke,4527,3,2967,1,1560,2,3275,1,23268,38,26543,39,1,100,-4,32,6,4395,0,120,100
05-18-21,Coffee,6925,6,4769,5,2156,1,5828,4,47278,53,53106,57,0,124,5,40,1,6761,0,126,124
05-18-21,Crockett,2037,1,1223,0,814,1,1430,0,7555,7,8985,7,0,49,-1,6,2,1982,0,32,49
05-18-21,Cumberland,6780,3,5559,2,1221,1,6391,3,50139,36,56530,39,0,133,-2,49,5,6598,0,167,133
05-18-21,Davidson,89825,54,83871,45,5954,9,101937,53,1048313,1450,1150250,1503,1,945,1,570,52,88310,1,2002,944
05-18-21,Decatur,1593,0,1173,0,420,0,1395,0,11159,7,12554,7,0,39,0,7,0,1547,0,40,39
05-18-21,Dekalb,2807,1,2066,1,741,0,2384,1,17619,17,20003,18,0,54,0,15,1,2738,0,57,54
05-18-21,Dickson,6861,3,4970,2,1891,1,5865,2,37503,56,43368,58,0,114,3,14,0,6733,0,122,114
05-18-21,Dyer,5444,0,3574,0,1870,0,4035,0,22460,22,26495,22,0,106,-4,24,4,5314,0,114,106
05-18-21,Fayette,5125,1,4337,1,788,0,5373,2,39808,54,45181,56,1,78,-9,51,9,4996,0,136,79
05-18-21,Fentress,2436,1,2093,1,343,0,2389,1,13818,26,16207,27,0,47,-1,19,2,2370,0,64,47
05-18-21,Franklin,5163,0,4282,0,881,0,5013,1,39757,21,44770,22,0,90,-5,20,5,5053,0,110,90
05-18-21,Gibson,6562,3,3928,2,2634,1,4754,2,30720,33,35474,35,1,147,-1,47,3,6368,0,117,147
05-18-21,Giles,4012,2,3288,2,724,0,3779,2,23721,19,27500,21,1,101,1,22,0,3889,0,111,100
05-18-21,Grainger,2643,2,1941,2,702,0,2176,2,14475,6,16651,8,0,50,-1,13,3,2580,0,75,50
05-18-21,Greene,7935,4,6323,4,1612,0,7040,5,53566,59,60606,64,0,157,-7,64,11,7714,0,201,157
05-18-21,Grundy,1792,0,1497,0,295,0,1716,1,9582,11,11298,12,0,35,-1,2,1,1755,0,62,35
05-18-21,Hamblen,8632,3,5973,0,2659,3,6713,0,47344,29,54057,29,0,174,-1,34,4,8424,0,268,174
05-18-21,Hamilton,44698,34,38204,18,6494,16,42864,22,333344,403,376208,425,1,497,-5,376,38,43825,0,1182,498
05-18-21,Hancock,598,1,408,0,190,1,434,0,4074,5,4508,5,0,12,1,9,0,577,1,24,12
05-18-21,Hardeman,3543,0,2840,0,703,0,3319,0,26176,9,29495,9,0,64,-5,26,5,3453,0,105,64
05-18-21,Hardin,3586,2,2415,2,1171,0,2871,3,24145,21,27016,24,0,68,2,20,0,3498,1,70,68
05-18-21,Hawkins,6206,13,4987,9,1219,4,5334,9,36900,33,42234,42,1,109,-5,137,17,5960,2,168,109
05-18-21,Haywood,2712,0,2272,0,440,0,2592,0,14067,23,16659,23,0,62,0,6,0,2644,0,84,62
05-18-21,Henderson,3816,5,2630,1,1186,4,3281,1,16405,7,19686,8,0,76,3,29,2,3711,0,79,76
05-18-21,Henry,3219,6,2464,5,755,1,2847,4,18364,18,21211,22,0,76,2,41,4,3102,2,80,76
05-18-21,Hickman,2853,0,2297,0,556,0,2646,0,17210,20,19856,20,0,46,-1,17,1,2790,0,59,46
05-18-21,Houston,1099,0,826,0,273,0,946,0,10835,8,11781,8,0,33,0,6,0,1060,0,40,33
05-18-21,Humphreys,1830,1,1154,1,676,0,1344,1,12208,19,13552,20,0,28,-3,33,4,1769,0,38,28
05-18-21,Jackson,1323,1,1030,0,293,1,1202,0,5716,6,6918,6,0,36,-1,8,2,1279,0,41,36
05-18-21,Jefferson,6264,10,4257,2,2007,8,4814,2,40205,21,45019,23,0,125,0,54,10,6085,1,199,125
05-18-21,Johnson,2425,1,2092,1,333,0,2229,1,16550,16,18779,17,0,39,-2,14,3,2372,0,59,39
05-18-21,Knox,51355,24,42792,14,8563,10,46836,14,339535,445,386371,459,1,638,-23,296,46,50421,0,1399,638
05-18-21,Lake,1706,2,1515,1,191,1,1785,1,10322,6,12107,7,0,26,2,5,0,1675,0,27,26
05-18-21,Lauderdale,3216,4,2500,3,716,1,2869,3,21787,35,24656,38,1,45,-2,30,5,3141,0,86,44
05-18-21,Lawrence,5991,3,4656,3,1335,0,5133,4,30471,29,35604,33,0,91,-11,68,14,5832,0,155,91
05-18-21,Lewis,1585,0,1179,0,406,0,1276,0,10194,6,11470,6,0,26,0,6,0,1553,0,43,26
05-18-21,Lincoln,4368,2,3364,1,1004,1,3824,2,18239,11,22063,13,0,63,0,19,2,4286,0,89,62
05-18-21,Loudon,6190,5,4695,3,1495,2,5142,5,32387,29,37529,34,0,69,1,44,4,6077,0,141,69
05-18-21,Macon,3632,1,2806,1,826,0,3300,1,17552,42,20852,43,0,78,0,17,1,3537,0,129,78
05-18-21,Madison,11286,2,6317,0,4969,2,7618,0,57549,70,65167,70,0,241,-2,20,4,11025,0,338,241
05-18-21,Marion,3131,4,2673,2,458,2,2990,2,20353,17,23343,19,0,47,3,8,1,3076,0,115,47
05-18-21,Marshall,4205,1,3277,0,928,1,3714,0,23810,18,27524,18,0,58,-4,20,5,4127,0,92,58
05-18-21,Maury,13573,7,11837,6,1736,1,13070,7,77498,80,90568,87,0,172,-5,92,12,13309,0,298,172
05-18-21,McMinn,6561,3,5791,2,770,1,6387,3,44082,39,50469,42,0,99,-4,58,7,6404,1,167,99
05-18-21,McNairy,2849,1,1994,1,855,0,2420,1,18989,21,21409,22,0,54,-2,22,3,2773,0,66,54
05-18-21,Meigs,1396,2,1246,1,150,1,1385,1,8377,11,9762,12,0,25,1,4,1,1367,0,46,25
05-18-21,Monroe,5894,5,4630,3,1264,2,5190,2,28411,32,33601,34,0,96,0,50,5,5748,0,162,96
05-18-21,Montgomery,20557,15,15040,8,5517,7,16532,9,125223,239,141755,248,0,228,-26,262,41,20067,0,309,228
05-18-21,Moore,1018,0,782,0,236,0,882,0,4987,6,5869,6,0,17,0,7,0,994,0,18,17
05-18-21,Morgan,2522,2,1836,0,686,2,1996,0,15840,15,17836,15,0,39,0,25,2,2458,0,46,39
05-18-21,Obion,4563,8,3365,4,1198,4,3815,5,23495,42,27310,47,0,96,7,29,1,4438,0,103,96
05-18-21,Out of State,17754,15,14082,11,3672,4,15942,11,659316,1013,675258,1024,0,99,0,141,15,17514,0,218,100
05-18-21,Overton,3027,4,2262,2,765,2,2664,2,15518,10,18182,12,0,61,-1,12,5,2954,0,64,61
05-18-21,Pending,16845,7,10828,6,6017,1,12040,5,436050,724,448090,729,0,134,-9,82,16,16629,0,139,133
05-18-21,Perry,1072,0,920,0,152,0,1037,0,6258,5,7295,5,0,28,-1,5,1,1039,0,28,28
05-18-21,Pickett,756,0,500,0,256,0,603,0,4048,5,4651,5,0,24,0,1,0,731,0,28,24
05-18-21,Polk,2094,1,1875,0,219,1,2083,0,10000,28,12083,28,0,25,-5,22,6,2047,0,91,25
05-18-21,Putnam,11445,3,9288,3,2157,0,11127,4,74984,78,86111,82,0,175,-9,65,12,11205,1,212,175
05-18-21,Rhea,4368,1,3772,1,596,0,4224,2,27937,47,32161,49,0,75,-4,23,5,4270,1,86,75
05-18-21,Roane,6333,3,4849,1,1484,2,5401,1,44872,50,50273,51,0,105,-3,37,6,6191,0,154,105
05-18-21,Robertson,9811,7,7658,3,2153,4,8633,3,46096,67,54729,70,0,132,2,58,5,9621,0,443,132
05-18-21,Rutherford,43301,17,36849,13,6452,4,42818,15,253705,450,296523,465,1,438,-15,301,31,42562,0,598,438
05-18-21,Scott,3167,2,1718,1,1449,1,1836,2,12008,21,13844,23,0,45,-2,41,4,3081,0,69,45
05-18-21,Sequatchie,1724,1,1331,0,393,1,1455,0,12151,7,13606,7,0,29,-2,24,3,1671,0,41,29
05-18-21,Sevier,13462,5,11423,1,2039,4,12595,1,70056,89,82651,90,0,176,-13,93,18,13193,0,286,176
05-18-21,Shelby,96820,95,89404,76,7416,19,110076,93,1058103,2213,1168179,2306,-3,1637,-38,1216,136,93967,1,3804,1654
05-18-21,Smith,2784,0,2076,0,708,0,2597,0,14208,5,16805,5,0,39,-1,12,1,2733,0,59,39
05-18-21,Stewart,1343,6,1011,1,332,5,1146,1,7250,7,8396,8,0,28,6,19,0,1296,0,26,28
05-18-21,Sullivan,17032,15,14788,14,2244,1,15898,14,95422,123,111320,137,1,302,-15,257,29,16473,1,786,301
05-18-21,Sumner,24195,18,21276,12,2919,6,24107,14,129585,174,153692,188,0,349,-3,219,21,23627,0,721,348
05-18-21,Tipton,7408,8,5115,5,2293,3,6168,3,50876,92,57044,95,1,104,-2,64,9,7240,0,161,102
05-18-21,Trousdale,2507,0,2345,0,162,0,2513,0,9600,4,12113,4,0,22,-1,6,1,2479,0,41,22
05-18-21,Unicoi,2045,0,1539,0,506,0,1691,0,14195,15,15886,15,0,49,-2,17,2,1979,0,71,49
05-18-21,Union,1934,3,1618,3,316,0,1743,4,11000,8,12743,12,0,34,-1,18,4,1882,0,60,34
05-18-21,Van Buren,855,0,703,0,152,0,779,0,5438,0,6217,0,0,23,-1,5,1,827,0,24,23
05-18-21,Warren,5549,1,4715,1,834,0,5359,1,34562,27,39921,28,0,81,-2,22,3,5446,0,86,81
05-18-21,Washington,14714,12,12578,11,2136,1,13823,12,89006,93,102829,105,2,247,-9,145,19,14322,2,377,247
05-18-21,Wayne,2968,0,2378,0,590,0,2616,0,11571,5,14187,5,0,34,0,7,0,2927,0,61,34
05-18-21,Weakley,4174,4,3045,0,1129,4,3488,1,22405,14,25893,15,1,67,-1,37,4,4070,0,79,67
05-18-21,White,3695,2,2998,2,697,0,3652,1,23702,17,27354,18,1,71,-5,52,6,3572,0,118,71
05-18-21,Williamson,28171,17,23619,10,4552,7,26214,10,195185,266,221399,276,0,217,-9,193,26,27761,0,294,217
05-18-21,Wilson,18941,10,16985,9,1956,1,19276,10,114264,144,133540,154,0,236,-18,160,28,18545,0,342,236
05-17-21,Anderson,8793,6,6516,5,2277,1,7316,5,65055,59,72371,64,1,172,1,62,4,8559,0,222,172
05-17-21,Bedford,6533,9,5111,3,1422,6,5895,4,33017,14,38912,18,0,129,-1,30,10,6374,0,138,129
05-17-21,Benton,1681,5,1310,1,371,4,1451,1,9379,0,10830,1,0,40,4,21,1,1620,1,41,40
05-17-21,Bledsoe,2167,4,1944,1,223,3,2061,1,16634,1,18695,2,0,11,-2,26,6,2130,0,32,11
05-17-21,Blount,15567,1,13201,1,2366,0,14581,2,79326,72,93907,74,0,196,-11,106,12,15265,0,360,196
05-17-21,Bradley,15124,9,12298,7,2826,2,13979,8,70596,64,84575,72,0,151,-9,103,18,14870,0,679,152
05-17-21,Campbell,4179,3,2277,0,1902,3,2554,0,25514,14,28068,14,0,63,1,23,2,4093,0,127,63
05-17-21,Cannon,1928,0,1532,0,396,0,1706,0,9742,8,11448,8,0,31,-1,10,1,1887,0,39,31
05-17-21,Carroll,3633,2,2359,0,1274,2,2800,0,20181,13,22981,13,0,83,1,28,1,3522,0,84,83
05-17-21,Carter,6667,4,5777,3,890,1,6350,4,40049,30,46399,34,0,158,-1,54,5,6455,0,234,158
05-17-21,Cheatham,4593,10,3481,1,1112,9,3933,1,28833,44,32766,45,0,56,5,42,5,4495,0,90,56
05-17-21,Chester,2157,2,1537,1,620,1,1830,1,12403,10,14233,11,0,51,0,20,2,2086,0,45,51
05-17-21,Claiborne,3187,1,2035,0,1152,1,2184,0,25075,8,27259,8,0,73,-2,12,3,3102,0,95,74
05-17-21,Clay,1104,1,757,1,347,0,874,1,5773,4,6647,5,0,30,0,1,1,1073,0,25,30
05-17-21,Cocke,4524,1,2966,0,1558,1,3274,0,23230,22,26504,22,0,99,-5,36,6,4389,0,120,99
05-17-21,Coffee,6919,3,4764,1,2155,2,5824,1,47225,14,53049,15,1,124,-1,35,3,6760,0,126,124
05-17-21,Crockett,2036,2,1223,1,813,1,1430,1,7548,1,8978,2,0,49,2,7,0,1980,0,32,49
05-17-21,Cumberland,6777,10,5557,6,1220,4,6388,6,50103,23,56491,29,0,133,2,51,8,6593,0,167,133
05-17-21,Davidson,89771,63,83826,54,5945,9,101884,65,1046863,1507,1148747,1572,2,944,-16,569,77,88258,2,2001,944
05-17-21,Decatur,1593,1,1173,0,420,1,1395,0,11152,5,12547,5,0,39,0,7,1,1547,0,40,39
05-17-21,Dekalb,2806,2,2065,0,741,2,2383,0,17602,13,19985,13,0,54,1,15,1,2737,0,57,54
05-17-21,Dickson,6858,3,4968,3,1890,0,5863,3,37447,93,43310,96,1,114,-5,11,7,6733,0,122,114
05-17-21,Dyer,5444,4,3574,3,1870,1,4035,2,22438,8,26473,10,0,106,2,28,2,5310,1,114,106
05-17-21,Fayette,5124,4,4336,1,788,3,5371,1,39754,34,45125,35,-1,77,-6,60,11,4987,0,136,79
05-17-21,Fentress,2435,1,2092,1,343,0,2388,2,13792,10,16180,12,0,47,-2,20,3,2368,0,64,47
05-17-21,Franklin,5163,2,4282,0,881,2,5012,0,39736,17,44748,17,0,90,-2,25,4,5048,0,110,90
05-17-21,Gibson,6559,6,3926,5,2633,1,4752,5,30687,22,35439,27,0,146,1,48,5,6365,0,117,147
05-17-21,Giles,4010,1,3286,1,724,0,3777,0,23702,14,27479,14,0,100,-2,21,3,3889,0,111,100
05-17-21,Grainger,2641,3,1939,0,702,3,2174,0,14469,9,16643,9,0,50,0,14,3,2577,0,75,50
05-17-21,Greene,7931,3,6319,3,1612,0,7035,3,53507,76,60542,79,1,157,-7,71,9,7703,1,201,157
05-17-21,Grundy,1792,0,1497,0,295,0,1715,0,9571,4,11286,4,1,35,-1,3,0,1754,0,62,35
05-17-21,Hamblen,8629,5,5973,1,2656,4,6713,1,47315,24,54028,25,1,174,1,35,3,8420,1,268,174
05-17-21,Hamilton,44664,32,38186,14,6478,18,42842,20,332941,265,375783,285,0,496,-28,381,60,43787,0,1182,497
05-17-21,Hancock,597,2,408,0,189,2,434,0,4069,0,4503,0,0,12,2,8,0,577,0,23,12
05-17-21,Hardeman,3543,1,2840,1,703,0,3319,2,26167,9,29486,11,0,64,0,31,1,3448,0,105,64
05-17-21,Hardin,3584,1,2413,1,1171,0,2868,1,24124,8,26992,9,0,68,1,18,0,3498,0,69,68
05-17-21,Hawkins,6193,9,4978,3,1215,6,5325,2,36867,29,42192,31,1,108,-5,142,13,5943,2,166,109
05-17-21,Haywood,2712,0,2272,0,440,0,2592,0,14044,5,16636,5,0,62,-1,6,1,2644,0,84,62
05-17-21,Henderson,3811,1,2629,1,1182,0,3280,1,16398,5,19678,6,0,76,0,26,1,3709,0,79,76
05-17-21,Henry,3213,5,2459,3,754,2,2843,3,18346,20,21189,23,0,76,3,39,2,3098,0,78,76
05-17-21,Hickman,2853,1,2297,1,556,0,2646,1,17190,20,19836,21,0,46,0,18,1,2789,0,59,46
05-17-21,Houston,1099,1,826,1,273,0,946,1,10827,9,11773,10,0,33,0,6,1,1060,0,40,33
05-17-21,Humphreys,1829,5,1153,1,676,4,1343,1,12189,20,13532,21,0,28,1,36,4,1765,0,38,28
05-17-21,Jackson,1322,0,1030,0,292,0,1202,0,5710,1,6912,1,0,36,-1,9,1,1277,0,41,36
05-17-21,Jefferson,6254,6,4255,3,1999,3,4812,4,40184,27,44996,31,0,125,-1,54,7,6075,0,198,125
05-17-21,Johnson,2424,3,2091,0,333,3,2228,1,16534,6,18762,7,0,39,-3,16,6,2369,0,59,39
05-17-21,Knox,51331,15,42778,7,8553,8,46822,8,339090,422,385912,430,0,637,-18,319,33,50375,0,1399,637
05-17-21,Lake,1704,0,1514,0,190,0,1784,0,10316,3,12100,3,0,26,-2,3,2,1675,0,27,26
05-17-21,Lauderdale,3212,2,2497,1,715,1,2866,2,21752,9,24618,11,0,44,2,32,0,3136,0,86,44
05-17-21,Lawrence,5988,6,4653,3,1335,3,5129,3,30442,43,35571,46,0,91,-6,79,12,5818,0,155,91
05-17-21,Lewis,1585,0,1179,0,406,0,1276,0,10188,6,11464,6,0,26,0,6,0,1553,0,43,26
05-17-21,Lincoln,4366,1,3363,0,1003,1,3822,1,18228,10,22050,11,0,63,-3,19,4,4284,0,89,62
05-17-21,Loudon,6185,3,4692,1,1493,2,5137,1,32358,26,37495,27,0,69,-2,43,5,6073,0,141,69
05-17-21,Macon,3631,2,2805,1,826,1,3299,1,17510,30,20809,31,0,78,1,17,1,3536,0,129,78
05-17-21,Madison,11284,15,6317,8,4967,7,7618,9,57479,64,65097,73,0,241,8,22,7,11021,0,338,241
05-17-21,Marion,3127,0,2671,0,456,0,2988,0,20336,9,23324,9,0,47,-2,5,2,3075,0,115,47
05-17-21,Marshall,4204,3,3277,0,927,3,3714,0,23792,16,27506,16,0,58,-3,24,6,4122,0,92,58
05-17-21,Maury,13566,13,11831,7,1735,6,13063,7,77418,91,90481,98,0,172,-7,97,20,13297,0,298,172
05-17-21,McMinn,6558,8,5789,4,769,4,6384,5,44043,22,50427,27,1,99,2,62,5,6397,1,166,99
05-17-21,McNairy,2848,2,1993,1,855,1,2419,1,18968,10,21387,11,0,54,-1,24,3,2770,0,66,54
05-17-21,Meigs,1394,1,1245,0,149,1,1384,0,8366,6,9750,6,0,25,0,3,1,1366,0,46,25
05-17-21,Monroe,5889,3,4627,1,1262,2,5188,1,28379,19,33567,20,0,96,-4,50,7,5743,1,162,96
05-17-21,Montgomery,20542,77,15032,55,5510,22,16523,60,124984,926,141507,986,0,228,36,288,41,20026,0,309,228
05-17-21,Moore,1018,0,782,0,236,0,882,0,4981,3,5863,3,0,17,-1,7,1,994,0,18,17
05-17-21,Morgan,2520,2,1836,1,684,1,1996,2,15825,13,17821,15,0,39,0,25,2,2456,0,46,39
05-17-21,Obion,4555,1,3361,0,1194,1,3810,1,23453,15,27263,16,0,96,0,22,1,4437,0,103,96
05-17-21,Out of State,17739,13,14071,10,3668,3,15931,11,658303,843,674234,854,0,99,-10,141,23,17499,0,218,100
05-17-21,Overton,3023,0,2260,0,763,0,2662,0,15508,5,18170,5,0,61,-2,13,2,2949,0,64,61
05-17-21,Pending,16838,15,10822,6,6016,9,12035,7,435326,540,447361,547,0,134,3,91,12,16613,0,139,133
05-17-21,Perry,1072,0,920,0,152,0,1037,0,6253,10,7290,10,0,28,-2,6,2,1038,0,28,28
05-17-21,Pickett,756,0,500,0,256,0,603,0,4043,0,4646,0,0,24,0,1,0,731,0,28,24
05-17-21,Polk,2093,1,1875,0,218,1,2083,0,9972,1,12055,1,0,25,-2,27,3,2041,0,91,25
05-17-21,Putnam,11442,4,9285,1,2157,3,11123,2,74906,30,86029,32,0,175,-7,74,11,11193,0,211,175
05-17-21,Rhea,4367,7,3771,5,596,2,4222,5,27890,28,32112,33,0,75,7,27,0,4265,0,85,75
05-17-21,Roane,6330,3,4848,0,1482,3,5400,0,44822,28,50222,28,0,105,-1,40,4,6185,0,154,105
05-17-21,Robertson,9804,2,7655,1,2149,1,8630,2,46029,62,54659,64,0,132,-7,56,9,9616,0,443,132
05-17-21,Rutherford,43284,22,36836,15,6448,7,42803,16,253255,322,296058,338,0,437,-14,316,36,42531,0,598,438
05-17-21,Scott,3165,5,1717,0,1448,5,1834,0,11987,5,13821,5,0,45,1,43,4,3077,0,69,45
05-17-21,Sequatchie,1723,7,1331,0,392,7,1455,0,12144,5,13599,5,0,29,5,26,2,1668,0,41,29
05-17-21,Sevier,13457,7,11422,3,2035,4,12594,3,69967,67,82561,70,0,176,-7,106,14,13175,0,286,176
05-17-21,Shelby,96725,70,89328,54,7397,16,109983,75,1055890,1313,1165873,1388,2,1640,-110,1254,178,93831,7,3803,1653
05-17-21,Smith,2784,1,2076,0,708,1,2597,0,14203,12,16800,12,0,39,-3,13,4,2732,0,59,39
05-17-21,Stewart,1337,3,1010,1,327,2,1145,1,7243,31,8388,32,0,28,1,13,2,1296,0,26,28
05-17-21,Sullivan,17017,28,14774,23,2243,5,15884,25,95299,99,111183,124,1,301,-5,272,32,16444,1,785,301
05-17-21,Sumner,24177,19,21264,15,2913,4,24093,18,129411,166,153504,184,0,349,-16,222,35,23606,0,721,348
05-17-21,Tipton,7400,6,5110,0,2290,6,6165,0,50784,71,56949,71,-1,103,-8,66,15,7231,0,161,102
05-17-21,Trousdale,2507,1,2345,1,162,0,2513,1,9596,10,12109,11,0,22,1,7,0,2478,0,41,22
05-17-21,Unicoi,2045,3,1539,0,506,3,1691,0,14180,12,15871,12,0,49,-1,19,4,1977,0,71,49
05-17-21,Union,1931,1,1615,0,316,1,1739,0,10992,9,12731,9,0,34,-1,19,2,1878,0,60,34
05-17-21,Van Buren,855,0,703,0,152,0,779,0,5438,1,6217,1,0,23,-1,6,1,826,0,24,23
05-17-21,Warren,5548,0,4714,0,834,0,5358,0,34535,23,39893,23,0,81,-3,24,3,5443,0,86,81
05-17-21,Washington,14702,13,12567,10,2135,3,13811,11,88913,85,102724,96,0,245,-12,154,25,14303,1,375,247
05-17-21,Wayne,2968,0,2378,0,590,0,2616,0,11566,6,14182,6,0,34,-3,7,3,2927,0,61,34
05-17-21,Weakley,4170,3,3045,1,1125,2,3487,3,22391,10,25878,13,1,66,-8,38,10,4066,0,79,67
05-17-21,White,3693,7,2996,4,697,3,3651,6,23685,10,27336,16,0,70,-2,57,9,3566,0,118,71
05-17-21,Williamson,28154,15,23609,7,4545,8,26204,9,194919,249,221123,258,0,217,-10,202,25,27735,0,294,217
05-17-21,Wilson,18931,13,16976,11,1955,2,19266,14,114120,217,133386,231,0,236,-8,178,21,18517,0,342,236
05-16-21,Anderson,8787,2,6511,1,2276,1,7311,1,64996,36,72307,37,0,171,-5,61,7,8555,0,222,172
05-16-21,Bedford,6524,0,5108,0,1416,0,5891,0,33003,14,38894,14,0,129,-1,31,1,6364,0,138,129
05-16-21,Benton,1676,0,1309,0,367,0,1450,1,9379,6,10829,7,0,40,-2,17,2,1619,0,40,40
05-16-21,Bledsoe,2163,0,1943,0,220,0,2060,0,16633,9,18693,9,0,11,-1,28,1,2124,0,32,11
05-16-21,Blount,15566,5,13200,4,2366,1,14579,4,79254,52,93833,56,0,196,-2,117,7,15253,0,360,196
05-16-21,Bradley,15115,7,12291,5,2824,2,13971,7,70532,134,84503,141,0,151,-5,112,12,14852,1,679,151
05-16-21,Campbell,4176,0,2277,0,1899,0,2554,0,25500,13,28054,13,0,63,-1,22,1,4091,0,127,63
05-16-21,Cannon,1928,1,1532,1,396,0,1706,1,9734,8,11440,9,0,31,0,11,1,1886,0,39,31
05-16-21,Carroll,3631,1,2359,1,1272,0,2800,1,20168,18,22968,19,0,83,1,27,0,3521,0,84,83
05-16-21,Carter,6663,0,5774,0,889,0,6346,0,40019,18,46365,18,0,158,-8,55,8,6450,0,234,158
05-16-21,Cheatham,4583,1,3480,1,1103,0,3932,2,28789,11,32721,13,0,56,-1,37,2,4490,0,90,56
05-16-21,Chester,2155,0,1536,0,619,0,1829,0,12393,7,14222,7,0,51,-1,20,1,2084,0,45,51
05-16-21,Claiborne,3186,1,2035,1,1151,0,2184,1,25067,8,27251,9,0,73,-1,14,2,3099,0,95,74
05-16-21,Clay,1103,0,756,0,347,0,873,0,5769,1,6642,1,0,30,0,1,0,1072,0,25,30
05-16-21,Cocke,4523,0,2966,0,1557,0,3274,1,23208,9,26482,10,0,99,-1,41,1,4383,0,120,99
05-16-21,Coffee,6916,1,4763,1,2153,0,5823,2,47211,23,53034,25,0,123,0,36,1,6757,0,126,123
05-16-21,Crockett,2034,0,1222,0,812,0,1429,0,7547,2,8976,2,0,49,0,5,0,1980,0,32,49
05-16-21,Cumberland,6767,0,5551,0,1216,0,6382,4,50080,18,56462,22,0,133,-7,49,7,6585,0,167,133
05-16-21,Davidson,89708,16,83772,12,5936,4,101819,18,1045356,604,1147175,622,0,942,-18,585,34,88181,1,1999,944
05-16-21,Decatur,1592,0,1173,0,419,0,1395,0,11147,2,12542,2,0,39,0,7,0,1546,0,40,39
05-16-21,Dekalb,2804,0,2065,0,739,0,2383,0,17589,12,19972,12,0,54,0,14,0,2736,0,57,54
05-16-21,Dickson,6855,0,4965,0,1890,0,5860,0,37354,14,43214,14,0,113,-2,16,2,6726,0,122,114
05-16-21,Dyer,5440,1,3571,0,1869,1,4033,1,22430,5,26463,6,0,106,-1,26,2,5308,0,113,106
05-16-21,Fayette,5120,0,4335,0,785,0,5370,0,39720,26,45090,26,0,78,-5,66,5,4976,0,136,79
05-16-21,Fentress,2434,0,2091,0,343,0,2386,1,13782,7,16168,8,0,47,-1,22,1,2365,0,64,47
05-16-21,Franklin,5161,0,4282,0,879,0,5012,0,39719,12,44731,12,0,90,-1,27,1,5044,0,110,90
05-16-21,Gibson,6553,0,3921,0,2632,0,4747,0,30665,18,35412,18,0,146,-2,47,2,6360,0,117,147
05-16-21,Giles,4009,1,3285,1,724,0,3777,1,23688,13,27465,14,0,100,-2,23,3,3886,0,111,100
05-16-21,Grainger,2638,1,1939,0,699,1,2174,0,14460,6,16634,6,0,50,-1,14,2,2574,0,75,50
05-16-21,Greene,7928,1,6316,1,1612,0,7032,3,53431,40,60463,43,0,156,-10,78,11,7694,0,200,157
05-16-21,Grundy,1792,0,1497,0,295,0,1715,0,9567,3,11282,3,0,34,0,4,0,1754,0,62,35
05-16-21,Hamblen,8624,1,5972,0,2652,1,6712,1,47291,17,54003,18,0,173,-4,34,5,8417,0,267,174
05-16-21,Hamilton,44632,21,38172,19,6460,2,42822,21,332676,345,375498,366,0,496,-7,409,28,43727,0,1182,497
05-16-21,Hancock,595,0,408,0,187,0,434,0,4069,2,4503,2,0,12,0,6,0,577,0,23,12
05-16-21,Hardeman,3542,1,2839,0,703,1,3317,0,26158,119,29475,119,0,64,0,31,1,3447,0,105,64
05-16-21,Hardin,3583,0,2412,0,1171,0,2867,0,24116,13,26983,13,0,68,0,17,0,3498,0,69,68
05-16-21,Hawkins,6184,1,4975,1,1209,0,5323,1,36838,20,42161,21,0,107,-6,147,7,5930,0,164,108
05-16-21,Haywood,2712,1,2272,1,440,0,2592,1,14039,2,16631,3,0,62,-2,7,3,2643,0,84,62
05-16-21,Henderson,3810,0,2628,0,1182,0,3279,0,16393,7,19672,7,0,76,-2,26,2,3708,0,79,76
05-16-21,Henry,3208,0,2456,0,752,0,2840,0,18326,10,21166,10,0,76,0,36,0,3096,0,78,76
05-16-21,Hickman,2852,2,2296,2,556,0,2645,2,17170,9,19815,11,0,46,2,18,0,2788,1,59,46
05-16-21,Houston,1098,0,825,0,273,0,945,0,10818,3,11763,3,0,33,0,6,0,1059,0,40,33
05-16-21,Humphreys,1824,2,1152,2,672,0,1342,2,12169,9,13511,11,0,28,0,35,2,1761,0,38,28
05-16-21,Jackson,1322,0,1030,0,292,0,1202,0,5709,1,6911,1,0,36,0,10,0,1276,0,41,36
05-16-21,Jefferson,6248,3,4252,1,1996,2,4808,1,40157,19,44965,20,0,125,-3,55,6,6068,0,198,125
05-16-21,Johnson,2421,0,2091,0,330,0,2227,0,16528,6,18755,6,0,39,0,19,0,2363,0,59,39
05-16-21,Knox,51316,22,42771,13,8545,9,46814,12,338668,273,385482,285,1,637,-10,337,31,50342,1,1399,637
05-16-21,Lake,1704,0,1514,0,190,0,1784,0,10313,3,12097,3,0,26,0,5,0,1673,0,27,26
05-16-21,Lauderdale,3210,2,2496,2,714,0,2864,2,21743,19,24607,21,0,44,-1,30,3,3136,1,86,44
05-16-21,Lawrence,5982,1,4650,1,1332,0,5126,1,30399,12,35525,13,0,91,-5,85,6,5806,0,155,91
05-16-21,Lewis,1585,0,1179,0,406,0,1276,0,10182,2,11458,2,0,26,-1,6,1,1553,0,43,26
05-16-21,Lincoln,4365,0,3363,0,1002,0,3821,0,18218,7,22039,7,0,63,-1,22,1,4280,0,89,62
05-16-21,Loudon,6182,1,4691,0,1491,1,5136,0,32332,16,37468,16,0,69,-4,45,5,6068,0,141,69
05-16-21,Macon,3629,0,2804,0,825,0,3298,0,17480,2,20778,2,0,78,-1,16,1,3535,0,129,78
05-16-21,Madison,11269,1,6309,1,4960,0,7609,1,57415,76,65024,77,0,241,-2,14,3,11014,0,338,241
05-16-21,Marion,3127,0,2671,0,456,0,2988,0,20327,14,23315,14,0,47,0,7,0,3073,0,115,47
05-16-21,Marshall,4201,0,3277,0,924,0,3714,0,23776,15,27490,15,0,58,-5,27,5,4116,0,92,58
05-16-21,Maury,13553,7,11824,6,1729,1,13056,6,77327,55,90383,61,0,172,-1,104,8,13277,0,298,172
05-16-21,McMinn,6550,4,5785,4,765,0,6379,5,44021,32,50400,37,0,98,-1,60,5,6392,0,165,99
05-16-21,McNairy,2846,2,1992,0,854,2,2418,0,18958,11,21376,11,0,54,-1,25,3,2767,0,66,54
05-16-21,Meigs,1393,0,1245,0,148,0,1384,0,8360,4,9744,4,0,25,-1,3,1,1365,0,46,25
05-16-21,Monroe,5886,0,4626,0,1260,0,5187,0,28360,18,33547,18,0,96,-3,54,3,5736,0,161,96
05-16-21,Montgomery,20465,12,14977,8,5488,4,16463,11,124058,104,140521,115,0,228,-2,252,14,19985,0,309,228
05-16-21,Moore,1018,0,782,0,236,0,882,0,4978,0,5860,0,0,17,0,8,0,993,0,18,17
05-16-21,Morgan,2518,1,1835,0,683,1,1994,0,15812,8,17806,8,0,39,0,25,1,2454,0,46,39
05-16-21,Obion,4554,0,3361,0,1193,0,3809,0,23438,20,27247,20,0,96,-1,22,1,4436,0,103,96
05-16-21,Out of State,17726,4,14061,3,3665,1,15920,1,657460,248,673380,249,0,99,-2,151,6,17476,1,218,100
05-16-21,Overton,3023,0,2260,0,763,0,2662,0,15503,7,18165,7,0,61,-2,15,2,2947,0,64,61
05-16-21,Pending,16823,5,10816,4,6007,1,12028,4,434786,370,446814,374,0,134,-3,88,8,16601,0,139,133
05-16-21,Perry,1072,0,920,0,152,0,1037,0,6243,5,7280,5,0,28,-1,8,1,1036,0,28,28
05-16-21,Pickett,756,0,500,0,256,0,603,0,4043,1,4646,1,0,24,0,1,0,731,0,28,24
05-16-21,Polk,2092,2,1875,2,217,0,2083,2,9971,19,12054,21,0,25,0,29,2,2038,0,91,25
05-16-21,Putnam,11438,1,9284,1,2154,0,11121,2,74876,21,85997,23,0,175,-11,81,12,11182,0,211,175
05-16-21,Rhea,4360,0,3766,0,594,0,4217,0,27862,24,32079,24,0,75,0,20,0,4265,0,85,75
05-16-21,Roane,6327,3,4848,0,1479,3,5400,0,44794,31,50194,31,0,105,-4,41,7,6181,0,154,105
05-16-21,Robertson,9802,2,7654,2,2148,0,8628,2,45967,26,54595,28,0,132,-5,63,7,9607,0,443,132
05-16-21,Rutherford,43262,15,36821,10,6441,5,42787,12,252933,158,295720,170,0,437,1,330,14,42495,0,598,437
05-16-21,Scott,3160,0,1717,0,1443,0,1834,0,11982,5,13816,5,0,45,-2,42,2,3073,0,69,45
05-16-21,Sequatchie,1716,0,1331,0,385,0,1455,0,12139,6,13594,6,0,29,0,21,0,1666,0,41,29
05-16-21,Sevier,13450,3,11419,2,2031,1,12591,3,69900,85,82491,88,0,176,-6,113,9,13161,1,286,176
05-16-21,Shelby,96655,65,89274,47,7381,18,109908,64,1054577,993,1164485,1057,1,1638,-31,1364,95,93653,5,3796,1651
05-16-21,Smith,2783,2,2076,2,707,0,2597,2,14191,7,16788,9,0,39,2,16,0,2728,0,59,39
05-16-21,Stewart,1334,2,1009,1,325,1,1144,1,7212,5,8356,6,0,28,2,12,0,1294,0,26,28
05-16-21,Sullivan,16989,15,14751,14,2238,1,15859,14,95200,79,111059,93,2,300,-11,277,24,16412,0,784,300
05-16-21,Sumner,24158,8,21249,6,2909,2,24075,8,129245,85,153320,93,0,349,-7,238,15,23571,1,721,348
05-16-21,Tipton,7394,2,5110,2,2284,0,6165,3,50713,53,56878,56,0,104,-5,74,7,7216,0,161,102
05-16-21,Trousdale,2506,0,2344,0,162,0,2512,0,9586,2,12098,2,0,22,0,6,0,2478,0,41,22
05-16-21,Unicoi,2042,1,1539,1,503,0,1691,1,14168,15,15859,16,0,49,0,20,1,1973,0,71,49
05-16-21,Union,1930,0,1615,0,315,0,1739,0,10983,13,12722,13,0,34,0,20,0,1876,0,60,34
05-16-21,Van Buren,855,0,703,0,152,0,779,0,5437,3,6216,3,0,23,0,7,0,825,0,24,23
05-16-21,Warren,5548,4,4714,2,834,2,5358,2,34512,11,39870,13,0,81,4,27,0,5440,1,86,81
05-16-21,Washington,14689,6,12557,5,2132,1,13800,5,88828,67,102628,72,0,245,-14,166,20,14278,0,374,246
05-16-21,Wayne,2968,0,2378,0,590,0,2616,0,11560,7,14176,7,0,34,-3,10,3,2924,0,61,34
05-16-21,Weakley,4167,0,3044,0,1123,0,3484,1,22381,16,25865,17,0,65,-6,46,6,4056,0,79,66
05-16-21,White,3686,0,2992,0,694,0,3645,0,23675,17,27320,17,0,70,-3,59,3,3557,0,118,71
05-16-21,Williamson,28139,7,23602,4,4537,3,26195,7,194670,154,220865,161,0,217,-6,212,13,27710,0,294,217
05-16-21,Wilson,18918,6,16965,3,1953,3,19252,3,113903,86,133155,89,0,236,-4,186,10,18496,1,342,236
05-15-21,Anderson,8785,5,6510,2,2275,3,7310,3,64960,65,72270,68,0,171,1,66,4,8548,0,222,172
05-15-21,Bedford,6524,0,5108,0,1416,0,5891,0,32989,48,38880,48,0,129,-3,32,3,6363,0,138,129
05-15-21,Benton,1676,0,1309,0,367,0,1449,0,9373,4,10822,4,0,40,0,19,0,1617,0,40,40
05-15-21,Bledsoe,2163,1,1943,1,220,0,2060,1,16624,32,18684,33,0,11,0,29,1,2123,0,32,11
05-15-21,Blount,15561,7,13196,6,2365,1,14575,7,79202,76,93777,83,0,196,-10,119,17,15246,1,360,196
05-15-21,Bradley,15108,3,12286,3,2822,0,13964,6,70398,102,84362,108,0,151,-10,117,13,14840,0,678,151
05-15-21,Campbell,4176,2,2277,1,1899,1,2554,1,25487,21,28041,22,0,63,-1,23,3,4090,0,127,63
05-15-21,Cannon,1927,0,1531,0,396,0,1705,0,9726,19,11431,19,0,31,0,11,0,1885,0,39,31
05-15-21,Carroll,3630,0,2358,0,1272,0,2799,0,20150,19,22949,19,0,83,-2,26,2,3521,0,84,83
05-15-21,Carter,6663,2,5774,2,889,0,6346,2,40001,67,46347,69,0,158,-7,63,9,6442,0,234,158
05-15-21,Cheatham,4582,1,3479,0,1103,1,3930,0,28778,33,32708,33,0,56,-4,38,5,4488,0,90,56
05-15-21,Chester,2155,0,1536,0,619,0,1829,0,12386,11,14215,11,0,51,-2,21,2,2083,0,45,51
05-15-21,Claiborne,3185,0,2034,0,1151,0,2183,0,25059,13,27242,13,0,73,-4,15,4,3097,0,95,74
05-15-21,Clay,1103,0,756,0,347,0,873,0,5768,1,6641,1,0,30,0,1,0,1072,0,25,30
05-15-21,Cocke,4523,1,2966,1,1557,0,3273,4,23199,21,26472,25,0,99,-2,42,3,4382,0,120,99
05-15-21,Coffee,6915,1,4762,0,2153,1,5821,1,47188,43,53009,44,0,123,0,36,1,6756,0,126,123
05-15-21,Crockett,2034,0,1222,0,812,0,1429,0,7545,3,8974,3,0,49,-1,5,1,1980,0,32,49
05-15-21,Cumberland,6767,2,5551,2,1216,0,6378,2,50062,22,56440,24,0,133,-2,56,4,6578,0,167,133
05-15-21,Davidson,89692,58,83760,51,5932,7,101801,62,1044752,1039,1146553,1101,0,942,11,603,47,88147,3,1998,943
05-15-21,Decatur,1592,1,1173,0,419,1,1395,0,11145,3,12540,3,0,39,0,7,1,1546,0,40,39
05-15-21,Dekalb,2804,0,2065,0,739,0,2383,0,17577,10,19960,10,0,54,-1,14,1,2736,0,57,54
05-15-21,Dickson,6855,2,4965,1,1890,1,5860,1,37340,32,43200,33,0,113,0,18,2,6724,0,122,114
05-15-21,Dyer,5439,0,3571,0,1868,0,4032,0,22425,24,26457,24,0,106,-1,27,1,5306,0,113,106
05-15-21,Fayette,5120,3,4335,2,785,1,5370,2,39694,63,45064,65,0,78,-7,71,10,4971,0,136,78
05-15-21,Fentress,2434,1,2091,1,343,0,2385,1,13775,31,16160,32,0,47,0,23,1,2364,0,64,47
05-15-21,Franklin,5161,0,4282,0,879,0,5012,0,39707,10,44719,10,0,90,-3,28,3,5043,0,110,90
05-15-21,Gibson,6553,2,3921,0,2632,2,4747,0,30647,27,35394,27,0,146,-2,49,4,6358,0,117,146
05-15-21,Giles,4008,2,3284,0,724,2,3776,0,23675,20,27451,20,0,100,0,25,2,3883,0,111,100
05-15-21,Grainger,2637,2,1939,1,698,1,2174,1,14454,10,16628,11,0,50,-1,15,3,2572,1,75,50
05-15-21,Greene,7927,0,6315,0,1612,0,7029,0,53391,91,60420,91,0,156,-6,88,6,7683,0,200,156
05-15-21,Grundy,1792,0,1497,0,295,0,1715,0,9564,4,11279,4,0,34,0,4,0,1754,0,62,34
05-15-21,Hamblen,8623,1,5972,0,2651,1,6711,0,47274,32,53985,32,0,173,-5,38,6,8412,0,267,173
05-15-21,Hamilton,44611,13,38153,11,6458,2,42801,20,332331,451,375132,471,0,496,-22,416,35,43699,0,1182,497
05-15-21,Hancock,595,0,408,0,187,0,434,0,4067,4,4501,4,0,12,-1,6,1,577,0,23,12
05-15-21,Hardeman,3541,1,2839,1,702,0,3317,2,26039,19,29356,21,0,64,0,31,1,3446,0,105,64
05-15-21,Hardin,3583,0,2412,0,1171,0,2867,0,24103,14,26970,14,0,68,-2,17,2,3498,0,69,68
05-15-21,Hawkins,6183,4,4974,2,1209,2,5322,6,36818,39,42140,45,0,107,-12,153,16,5923,0,164,108
05-15-21,Haywood,2711,0,2271,0,440,0,2591,0,14037,13,16628,13,0,62,0,9,0,2640,0,84,62
05-15-21,Henderson,3810,0,2628,0,1182,0,3279,0,16386,16,19665,16,0,76,0,28,0,3706,0,79,76
05-15-21,Henry,3208,0,2456,0,752,0,2840,0,18316,16,21156,16,0,76,-3,36,3,3096,0,78,76
05-15-21,Hickman,2850,0,2294,0,556,0,2643,0,17161,10,19804,10,0,46,0,16,0,2788,0,58,46
05-15-21,Houston,1098,0,825,0,273,0,945,0,10815,1,11760,1,0,33,0,6,0,1059,0,40,33
05-15-21,Humphreys,1822,1,1150,0,672,1,1340,1,12160,9,13500,10,0,28,-1,35,2,1759,0,38,28
05-15-21,Jackson,1322,0,1030,0,292,0,1202,0,5708,2,6910,2,0,36,0,10,0,1276,0,41,36
05-15-21,Jefferson,6245,1,4251,1,1994,0,4807,1,40138,24,44945,25,0,125,-7,58,8,6062,0,198,125
05-15-21,Johnson,2421,0,2091,0,330,0,2227,0,16522,9,18749,9,0,39,-5,19,5,2363,0,59,39
05-15-21,Knox,51294,23,42758,13,8536,10,46802,17,338395,340,385197,357,0,636,-10,347,33,50311,1,1398,637
05-15-21,Lake,1704,0,1514,0,190,0,1784,0,10310,4,12094,4,0,26,0,5,0,1673,0,27,26
05-15-21,Lauderdale,3208,2,2494,2,714,0,2862,2,21724,36,24586,38,0,44,0,31,2,3133,0,85,44
05-15-21,Lawrence,5981,3,4649,3,1332,0,5125,4,30387,12,35512,16,0,91,-2,90,5,5800,0,155,91
05-15-21,Lewis,1585,1,1179,0,406,1,1276,0,10180,1,11456,1,0,26,1,7,0,1552,0,43,26
05-15-21,Lincoln,4365,0,3363,0,1002,0,3821,0,18211,20,22032,20,0,63,-1,23,1,4279,0,89,62
05-15-21,Loudon,6181,2,4691,1,1490,1,5136,1,32316,27,37452,28,0,69,-6,49,8,6063,1,141,69
05-15-21,Macon,3629,0,2804,0,825,0,3298,0,17478,8,20776,8,0,78,-1,17,1,3534,0,129,78
05-15-21,Madison,11268,14,6308,8,4960,6,7608,9,57339,50,64947,59,0,241,12,16,2,11011,0,338,241
05-15-21,Marion,3127,1,2671,1,456,0,2988,1,20313,21,23301,22,0,47,0,7,1,3073,0,115,47
05-15-21,Marshall,4201,1,3277,1,924,0,3714,2,23761,12,27475,14,0,58,-1,32,2,4111,0,92,58
05-15-21,Maury,13546,11,11818,8,1728,3,13050,10,77272,71,90322,81,0,172,-3,105,14,13269,0,298,172
05-15-21,McMinn,6546,1,5781,1,765,0,6374,1,43989,31,50363,32,0,98,-3,61,4,6387,0,165,99
05-15-21,McNairy,2844,1,1992,0,852,1,2418,0,18947,18,21365,18,0,54,-1,26,2,2764,0,66,54
05-15-21,Meigs,1393,0,1245,0,148,0,1384,1,8356,5,9740,6,0,25,-1,4,1,1364,0,46,25
05-15-21,Monroe,5886,5,4626,3,1260,2,5187,4,28342,24,33529,28,0,96,-2,57,7,5733,0,161,96
05-15-21,Montgomery,20453,15,14969,6,5484,9,16452,10,123954,159,140406,169,0,228,3,254,12,19971,0,309,228
05-15-21,Moore,1018,0,782,0,236,0,882,0,4978,6,5860,6,0,17,-1,8,1,993,0,18,17
05-15-21,Morgan,2517,0,1835,0,682,0,1994,0,15804,20,17798,20,0,39,-4,25,4,2453,0,46,39
05-15-21,Obion,4554,0,3361,0,1193,0,3809,0,23418,27,27227,27,0,96,0,23,0,4435,0,103,96
05-15-21,Out of State,17722,4,14058,3,3664,1,15919,5,657212,521,673131,526,0,99,-9,153,13,17470,0,217,99
05-15-21,Overton,3023,0,2260,0,763,0,2662,0,15496,7,18158,7,0,61,-3,17,3,2945,0,64,61
05-15-21,Pending,16818,2,10812,2,6006,0,12024,4,434416,579,446440,583,0,134,-2,91,4,16593,0,139,133
05-15-21,Perry,1072,0,920,0,152,0,1037,0,6238,2,7275,2,0,28,-1,9,1,1035,0,28,28
05-15-21,Pickett,756,0,500,0,256,0,603,0,4042,11,4645,11,0,24,0,1,0,731,0,28,24
05-15-21,Polk,2090,3,1873,3,217,0,2081,4,9952,11,12033,15,0,25,1,29,2,2036,0,91,25
05-15-21,Putnam,11437,4,9283,3,2154,1,11119,4,74855,49,85974,53,0,175,-1,92,5,11170,0,211,175
05-15-21,Rhea,4360,3,3766,2,594,1,4217,2,27838,36,32055,38,0,75,0,20,3,4265,0,85,75
05-15-21,Roane,6324,3,4848,2,1476,1,5400,2,44763,61,50163,63,0,105,1,45,2,6174,0,154,105
05-15-21,Robertson,9800,3,7652,2,2148,1,8626,2,45941,53,54567,55,0,132,0,68,3,9600,1,443,132
05-15-21,Rutherford,43247,18,36811,12,6436,6,42775,17,252775,539,295550,556,0,437,-5,329,23,42481,0,598,437
05-15-21,Scott,3160,1,1717,1,1443,0,1834,1,11977,16,13811,17,0,45,-3,44,4,3071,0,69,45
05-15-21,Sequatchie,1716,0,1331,0,385,0,1455,0,12133,11,13588,11,0,29,0,21,0,1666,0,41,29
05-15-21,Sevier,13447,4,11417,4,2030,0,12588,4,69815,60,82403,64,0,176,-11,119,15,13152,0,285,176
05-15-21,Shelby,96590,94,89227,84,7363,10,109844,110,1053584,1841,1163428,1951,1,1637,-14,1395,107,93558,3,3791,1650
05-15-21,Smith,2781,0,2074,0,707,0,2595,0,14184,8,16779,8,0,39,0,14,0,2728,0,59,39
05-15-21,Stewart,1332,0,1008,0,324,0,1143,0,7207,1,8350,1,0,28,-4,10,4,1294,0,26,28
05-15-21,Sullivan,16974,12,14737,12,2237,0,15845,14,95121,143,110966,157,0,298,-7,288,19,16388,0,784,299
05-15-21,Sumner,24150,15,21243,5,2907,10,24067,5,129160,124,153227,129,0,349,0,245,15,23556,0,720,348
05-15-21,Tipton,7392,6,5108,2,2284,4,6162,3,50660,87,56822,90,0,104,2,79,4,7209,0,161,102
05-15-21,Trousdale,2506,0,2344,0,162,0,2512,0,9584,6,12096,6,0,22,0,6,0,2478,0,41,22
05-15-21,Unicoi,2041,0,1538,0,503,0,1690,0,14153,9,15843,9,0,49,-2,20,2,1972,0,71,49
05-15-21,Union,1930,1,1615,1,315,0,1739,1,10970,6,12709,7,0,34,0,20,1,1876,0,60,34
05-15-21,Van Buren,855,0,703,0,152,0,779,0,5434,3,6213,3,0,23,0,7,0,825,0,24,23
05-15-21,Warren,5544,4,4712,2,832,2,5356,2,34501,31,39857,33,0,81,3,23,1,5440,0,85,81
05-15-21,Washington,14683,5,12552,4,2131,1,13795,7,88761,118,102556,125,0,245,-10,180,15,14258,0,374,246
05-15-21,Wayne,2968,2,2378,1,590,1,2616,1,11553,8,14169,9,0,34,2,13,0,2921,0,61,34
05-15-21,Weakley,4167,1,3044,1,1123,0,3483,2,22365,24,25848,26,0,65,-7,52,8,4050,0,79,66
05-15-21,White,3686,3,2992,2,694,1,3645,3,23658,14,27303,17,0,70,-3,62,6,3554,0,118,71
05-15-21,Williamson,28132,10,23598,2,4534,8,26188,4,194516,181,220704,185,0,217,-3,218,13,27697,0,294,217
05-15-21,Wilson,18912,4,16962,4,1950,0,19249,5,113817,157,133066,162,0,236,-6,190,10,18486,0,341,236
05-14-21,Anderson,8780,8,6508,3,2272,5,7307,5,64895,87,72202,92,0,171,3,65,5,8544,0,222,172
05-14-21,Bedford,6524,3,5108,2,1416,1,5891,4,32941,40,38832,44,1,129,2,35,0,6360,0,138,129
05-14-21,Benton,1676,3,1309,3,367,0,1449,3,9369,5,10818,8,0,40,0,19,3,1617,0,40,40
05-14-21,Bledsoe,2162,4,1942,3,220,1,2059,3,16592,25,18651,28,0,11,0,29,4,2122,0,32,11
05-14-21,Blount,15554,16,13190,11,2364,5,14568,12,79126,109,93694,121,0,196,-3,129,19,15229,0,359,196
05-14-21,Bradley,15105,15,12283,9,2822,6,13958,9,70296,145,84254,154,0,151,-13,127,28,14827,1,678,151
05-14-21,Campbell,4174,2,2276,1,1898,1,2553,1,25466,20,28019,21,0,63,-4,24,6,4087,0,127,63
05-14-21,Cannon,1927,0,1531,0,396,0,1705,0,9707,11,11412,11,0,31,-4,11,4,1885,0,39,31
05-14-21,Carroll,3630,3,2358,3,1272,0,2799,3,20131,30,22930,33,0,83,1,28,2,3519,0,84,83
05-14-21,Carter,6661,5,5772,5,889,0,6344,7,39934,57,46278,64,0,158,-3,70,8,6433,0,234,158
05-14-21,Cheatham,4581,4,3479,2,1102,2,3930,3,28745,48,32675,51,0,56,1,42,3,4483,0,90,56
05-14-21,Chester,2155,2,1536,1,619,1,1829,1,12375,13,14204,14,0,51,1,23,1,2081,0,45,51
05-14-21,Claiborne,3185,0,2034,0,1151,0,2183,0,25046,33,27229,33,0,73,-3,19,3,3093,0,95,74
05-14-21,Clay,1103,0,756,0,347,0,873,0,5767,3,6640,3,0,30,0,1,0,1072,0,25,30
05-14-21,Cocke,4522,4,2965,3,1557,1,3269,2,23178,38,26447,40,0,99,3,44,1,4379,0,120,99
05-14-21,Coffee,6914,3,4762,2,2152,1,5820,1,47145,43,52965,44,0,123,-1,36,4,6755,0,126,123
05-14-21,Crockett,2034,1,1222,1,812,0,1429,2,7542,8,8971,10,0,49,1,6,0,1979,0,32,49
05-14-21,Cumberland,6765,6,5549,2,1216,4,6376,3,50040,56,56416,59,0,133,-5,58,11,6574,0,167,133
05-14-21,Davidson,89634,60,83709,49,5925,11,101739,63,1043713,1486,1145452,1549,0,942,-11,592,71,88100,2,1995,943
05-14-21,Decatur,1591,0,1173,0,418,0,1395,0,11142,9,12537,9,0,39,-1,7,1,1545,0,40,39
05-14-21,Dekalb,2804,0,2065,0,739,0,2383,0,17567,24,19950,24,0,54,-3,15,3,2735,0,57,54
05-14-21,Dickson,6853,3,4964,0,1889,3,5859,0,37308,76,43167,76,0,113,-1,18,4,6722,0,122,113
05-14-21,Dyer,5439,4,3571,4,1868,0,4032,4,22401,17,26433,21,0,106,0,28,4,5305,0,113,106
05-14-21,Fayette,5117,4,4333,4,784,0,5368,7,39631,63,44999,70,0,78,-3,78,7,4961,0,136,78
05-14-21,Fentress,2433,3,2090,3,343,0,2384,3,13744,46,16128,49,0,47,3,23,0,2363,0,64,47
05-14-21,Franklin,5161,2,4282,2,879,0,5012,3,39697,30,44709,33,0,90,1,31,1,5040,0,110,90
05-14-21,Gibson,6551,14,3921,7,2630,7,4747,7,30620,35,35367,42,0,146,10,51,4,6354,1,117,146
05-14-21,Giles,4006,2,3284,0,722,2,3776,0,23655,35,27431,35,0,100,0,25,2,3881,0,111,100
05-14-21,Grainger,2635,2,1938,2,697,0,2173,2,14444,15,16617,17,0,50,-1,16,3,2569,1,74,50
05-14-21,Greene,7927,11,6315,8,1612,3,7029,10,53300,111,60329,121,0,156,3,94,8,7677,0,200,156
05-14-21,Grundy,1792,0,1497,0,295,0,1715,0,9560,4,11275,4,0,34,-1,4,1,1754,0,62,34
05-14-21,Hamblen,8622,2,5972,1,2650,1,6711,1,47242,58,53953,59,0,173,-5,43,7,8406,1,267,173
05-14-21,Hamilton,44598,55,38142,47,6456,8,42781,60,331880,479,374661,539,0,496,37,438,18,43664,1,1182,497
05-14-21,Hancock,595,2,408,0,187,2,434,0,4063,8,4497,8,0,12,2,7,0,576,0,23,12
05-14-21,Hardeman,3540,5,2838,3,702,2,3315,2,26020,26,29335,28,0,64,2,31,3,3445,0,105,64
05-14-21,Hardin,3583,0,2412,0,1171,0,2867,0,24089,33,26956,33,0,68,-1,19,1,3496,0,69,68
05-14-21,Hawkins,6179,21,4972,16,1207,5,5316,16,36779,65,42095,81,0,107,11,165,10,5907,2,164,108
05-14-21,Haywood,2711,1,2271,1,440,0,2591,1,14024,18,16615,19,0,62,-1,9,2,2640,0,84,62
05-14-21,Henderson,3810,3,2628,1,1182,2,3279,1,16370,13,19649,14,0,76,3,28,0,3706,0,79,76
05-14-21,Henry,3208,3,2456,1,752,2,2840,1,18300,35,21140,36,0,76,2,39,1,3093,0,78,76
05-14-21,Hickman,2850,1,2294,1,556,0,2643,1,17151,25,19794,26,0,46,-1,16,2,2788,0,58,46
05-14-21,Houston,1098,1,825,0,273,1,945,0,10814,8,11759,8,0,33,0,6,1,1059,0,40,33
05-14-21,Humphreys,1821,6,1150,4,671,2,1339,5,12151,20,13490,25,0,28,5,36,1,1757,1,38,28
05-14-21,Jackson,1322,1,1030,1,292,0,1202,1,5706,17,6908,18,0,36,-1,10,2,1276,0,41,36
05-14-21,Jefferson,6244,4,4250,2,1994,2,4806,2,40114,52,44920,54,0,125,-6,65,10,6054,0,198,125
05-14-21,Johnson,2421,3,2091,3,330,0,2227,3,16513,21,18740,24,0,39,-4,24,7,2358,0,59,39
05-14-21,Knox,51271,36,42745,25,8526,11,46785,26,338055,497,384840,523,0,636,5,357,31,50278,4,1397,636
05-14-21,Lake,1704,0,1514,0,190,0,1784,0,10306,4,12090,4,0,26,-1,5,1,1673,0,27,26
05-14-21,Lauderdale,3206,4,2492,3,714,1,2860,3,21688,19,24548,22,0,44,3,31,1,3131,0,85,44
05-14-21,Lawrence,5978,3,4646,3,1332,0,5121,3,30375,39,35496,42,0,91,-1,92,4,5795,0,155,91
05-14-21,Lewis,1584,1,1179,0,405,1,1276,0,10179,7,11455,7,0,26,0,6,1,1552,0,43,26
05-14-21,Lincoln,4365,1,3363,1,1002,0,3821,1,18191,19,22012,20,0,63,-2,24,3,4278,0,89,62
05-14-21,Loudon,6179,4,4690,2,1489,2,5135,3,32289,42,37424,45,0,69,1,55,3,6055,0,140,69
05-14-21,Macon,3629,1,2804,1,825,0,3298,1,17470,45,20768,46,0,78,0,18,1,3533,0,129,78
05-14-21,Madison,11254,9,6300,7,4954,2,7599,8,57289,76,64888,84,0,241,9,4,0,11009,0,338,241
05-14-21,Marion,3126,1,2670,1,456,0,2987,1,20292,22,23279,23,0,47,-1,7,2,3072,0,115,47
05-14-21,Marshall,4200,1,3276,0,924,1,3712,2,23749,25,27461,27,0,58,-3,33,4,4109,0,92,58
05-14-21,Maury,13535,6,11810,6,1725,0,13040,5,77201,79,90241,84,0,172,-2,108,8,13255,0,298,172
05-14-21,McMinn,6545,13,5780,9,765,4,6373,9,43958,64,50331,73,0,98,10,64,3,6383,0,165,99
05-14-21,McNairy,2843,0,1992,0,851,0,2418,2,18929,23,21347,25,0,54,-3,27,3,2762,0,66,54
05-14-21,Meigs,1393,2,1245,2,148,0,1383,1,8351,9,9734,10,0,25,2,5,0,1363,0,46,25
05-14-21,Monroe,5881,9,4623,7,1258,2,5183,9,28318,58,33501,67,0,96,6,59,3,5726,1,161,96
05-14-21,Montgomery,20438,46,14963,20,5475,26,16442,22,123795,211,140237,233,1,228,28,251,17,19959,0,309,228
05-14-21,Moore,1018,0,782,0,236,0,882,0,4972,4,5854,4,0,17,-1,9,1,992,0,18,17
05-14-21,Morgan,2517,4,1835,2,682,2,1994,1,15784,24,17778,25,0,39,4,29,0,2449,0,46,39
05-14-21,Obion,4554,4,3361,4,1193,0,3809,4,23391,29,27200,33,0,96,2,23,2,4435,0,103,96
05-14-21,Out of State,17718,21,14055,17,3663,4,15914,18,656691,893,672605,911,0,99,13,162,8,17457,0,217,99
05-14-21,Overton,3023,0,2260,0,763,0,2662,0,15489,15,18151,15,0,61,-2,20,2,2942,0,64,61
05-14-21,Pending,16816,12,10810,4,6006,8,12020,5,433837,759,445857,764,0,134,0,93,12,16589,0,139,133
05-14-21,Perry,1072,1,920,1,152,0,1037,1,6236,7,7273,8,0,28,1,10,0,1034,0,28,28
05-14-21,Pickett,756,0,500,0,256,0,603,0,4031,16,4634,16,0,24,0,1,0,731,0,28,24
05-14-21,Polk,2087,5,1870,5,217,0,2077,4,9941,20,12018,24,0,25,0,28,5,2034,0,91,25
05-14-21,Putnam,11433,4,9280,2,2153,2,11115,2,74806,104,85921,106,0,175,-13,93,17,11165,0,211,175
05-14-21,Rhea,4357,5,3764,5,593,0,4215,4,27802,62,32017,66,0,75,4,20,1,4262,0,85,75
05-14-21,Roane,6321,3,4846,1,1475,2,5398,1,44702,32,50100,33,0,105,-1,44,4,6172,0,154,105
05-14-21,Robertson,9797,13,7650,9,2147,4,8624,10,45888,94,54512,104,0,132,8,68,5,9597,1,442,132
05-14-21,Rutherford,43229,37,36799,28,6430,9,42758,31,252236,477,294994,508,0,437,9,334,28,42458,0,598,437
05-14-21,Scott,3159,7,1716,0,1443,7,1833,0,11961,12,13794,12,0,45,1,47,6,3067,0,69,45
05-14-21,Sequatchie,1716,1,1331,1,385,0,1455,1,12122,7,13577,8,0,29,-1,21,2,1666,0,41,29
05-14-21,Sevier,13443,11,11413,6,2030,5,12584,7,69755,125,82339,132,1,176,-6,130,16,13137,0,285,176
05-14-21,Shelby,96496,138,89143,113,7353,25,109734,142,1051743,2517,1161477,2659,7,1636,-10,1409,141,93451,8,3788,1649
05-14-21,Smith,2781,0,2074,0,707,0,2595,0,14176,15,16771,15,0,39,-4,14,4,2728,0,59,39
05-14-21,Stewart,1332,3,1008,3,324,0,1143,4,7206,9,8349,13,0,28,3,14,0,1290,0,26,28
05-14-21,Sullivan,16962,24,14725,19,2237,5,15831,20,94978,143,110809,163,0,298,2,295,22,16369,0,784,298
05-14-21,Sumner,24135,17,21238,14,2897,3,24062,16,129036,239,153098,255,0,349,-6,245,23,23541,1,720,348
05-14-21,Tipton,7386,3,5106,1,2280,2,6159,0,50573,101,56732,101,0,104,-4,77,7,7205,0,161,102
05-14-21,Trousdale,2506,0,2344,0,162,0,2512,0,9578,10,12090,10,0,22,0,6,0,2478,0,41,22
05-14-21,Unicoi,2041,1,1538,0,503,1,1690,0,14144,22,15834,22,0,49,-5,22,6,1970,0,71,49
05-14-21,Union,1929,8,1614,5,315,3,1738,5,10964,10,12702,15,0,34,5,20,3,1875,1,60,34
05-14-21,Van Buren,855,0,703,0,152,0,779,0,5431,6,6210,6,0,23,0,7,0,825,0,24,23
05-14-21,Warren,5540,2,4710,2,830,0,5354,2,34470,41,39824,43,0,81,-2,20,4,5439,0,85,81
05-14-21,Washington,14678,12,12548,10,2130,2,13788,12,88643,165,102431,177,0,245,2,190,10,14243,0,374,246
05-14-21,Wayne,2966,0,2377,0,589,0,2615,0,11545,16,14160,16,0,34,-10,11,10,2921,0,61,34
05-14-21,Weakley,4166,5,3043,4,1123,1,3481,5,22341,30,25822,35,0,65,1,59,4,4042,0,79,66
05-14-21,White,3683,10,2990,9,693,1,3642,11,23644,50,27286,61,0,70,3,65,7,3548,0,118,71
05-14-21,Williamson,28122,14,23596,7,4526,7,26184,7,194335,298,220519,305,0,217,-1,221,15,27684,0,294,217
05-14-21,Wilson,18908,16,16958,11,1950,5,19244,11,113660,224,132904,235,0,236,5,196,11,18476,0,341,236
05-13-21,Anderson,8772,4,6505,2,2267,2,7302,2,64808,103,72110,105,0,171,-2,62,6,8539,2,222,172
05-13-21,Bedford,6521,3,5106,1,1415,2,5887,1,32901,49,38788,50,0,128,0,33,3,6360,0,138,128
05-13-21,Benton,1673,2,1306,1,367,1,1446,1,9364,12,10810,13,0,40,-1,19,3,1614,0,40,40
05-13-21,Bledsoe,2158,2,1939,1,219,1,2056,1,16567,23,18623,24,0,11,-1,29,3,2118,0,32,11
05-13-21,Blount,15538,11,13179,8,2359,3,14556,10,79017,107,93573,117,0,196,-8,132,19,15210,1,359,196
05-13-21,Bradley,15090,4,12274,3,2816,1,13949,6,70151,102,84100,108,0,151,-23,140,27,14799,0,677,151
05-13-21,Campbell,4172,0,2275,0,1897,0,2552,0,25446,24,27998,24,0,63,-5,28,5,4081,0,127,63
05-13-21,Cannon,1927,1,1531,0,396,1,1705,0,9696,13,11401,13,0,31,-1,15,2,1881,0,39,31
05-13-21,Carroll,3627,4,2355,2,1272,2,2796,2,20101,20,22897,22,0,83,2,27,2,3517,0,84,83
05-13-21,Carter,6656,2,5767,1,889,1,6337,4,39877,40,46214,44,0,158,-7,73,9,6425,0,234,158
05-13-21,Cheatham,4577,5,3477,5,1100,0,3927,4,28697,48,32624,52,0,56,0,41,5,4480,0,90,56
05-13-21,Chester,2153,3,1535,1,618,2,1828,1,12362,13,14190,14,0,51,2,22,1,2080,0,45,51
05-13-21,Claiborne,3185,0,2034,0,1151,0,2183,0,25013,27,27196,27,0,73,0,22,0,3090,0,95,74
05-13-21,Clay,1103,0,756,0,347,0,873,0,5764,0,6637,0,0,30,0,1,0,1072,0,25,30
05-13-21,Cocke,4518,1,2962,0,1556,1,3267,0,23140,34,26407,34,0,99,-2,41,3,4378,0,120,99
05-13-21,Coffee,6911,2,4760,1,2151,1,5819,1,47102,44,52921,45,1,123,0,37,1,6751,0,126,123
05-13-21,Crockett,2033,0,1221,0,812,0,1427,0,7534,12,8961,12,0,49,-1,5,1,1979,0,32,49
05-13-21,Cumberland,6759,5,5547,4,1212,1,6373,4,49984,36,56357,40,0,133,-3,63,8,6563,0,167,133
05-13-21,Davidson,89574,66,83660,47,5914,19,101676,49,1042227,1363,1143903,1412,1,942,-6,603,71,88029,0,1993,942
05-13-21,Decatur,1591,0,1173,0,418,0,1395,1,11133,10,12528,11,0,39,-1,8,1,1544,0,40,39
05-13-21,Dekalb,2804,1,2065,0,739,1,2383,0,17543,21,19926,21,0,54,-2,18,3,2732,0,57,54
05-13-21,Dickson,6850,3,4964,3,1886,0,5859,3,37232,64,43091,67,0,113,0,19,3,6718,0,122,113
05-13-21,Dyer,5435,1,3567,1,1868,0,4028,1,22384,16,26412,17,0,106,-5,28,6,5301,1,113,106
05-13-21,Fayette,5113,6,4329,5,784,1,5361,7,39568,86,44929,93,1,78,-6,81,11,4954,0,136,78
05-13-21,Fentress,2430,3,2087,3,343,0,2381,3,13698,14,16079,17,0,47,0,20,3,2363,0,64,47
05-13-21,Franklin,5159,1,4280,1,879,0,5009,1,39667,22,44676,23,0,90,0,30,1,5039,0,110,90
05-13-21,Gibson,6537,12,3914,0,2623,12,4740,2,30585,78,35325,80,0,146,7,41,5,6350,0,116,146
05-13-21,Giles,4004,1,3284,1,720,0,3776,1,23620,21,27396,22,0,100,-6,25,7,3879,0,111,100
05-13-21,Grainger,2633,0,1936,0,697,0,2171,0,14429,12,16600,12,0,50,0,17,0,2566,0,73,50
05-13-21,Greene,7916,6,6307,4,1609,2,7019,3,53189,138,60208,141,0,156,-1,91,7,7669,0,200,156
05-13-21,Grundy,1792,0,1497,0,295,0,1715,0,9556,6,11271,6,0,34,0,5,0,1753,0,62,34
05-13-21,Hamblen,8620,1,5971,0,2649,1,6710,0,47184,56,53894,56,0,173,-3,48,4,8399,0,266,173
05-13-21,Hamilton,44543,40,38095,26,6448,14,42721,29,331401,533,374122,562,0,496,-12,401,52,43646,1,1181,497
05-13-21,Hancock,593,0,408,0,185,0,434,0,4055,3,4489,3,0,12,0,5,0,576,0,23,12
05-13-21,Hardeman,3535,9,2835,5,700,4,3313,5,25994,29,29307,34,0,64,4,29,5,3442,0,105,64
05-13-21,Hardin,3583,2,2412,0,1171,2,2867,1,24056,17,26923,18,0,68,-3,20,5,3495,0,69,68
05-13-21,Hawkins,6158,13,4956,9,1202,4,5300,10,36714,115,42014,125,0,107,-5,154,18,5897,0,162,107
05-13-21,Haywood,2710,0,2270,0,440,0,2590,0,14006,15,16596,15,0,62,-5,10,5,2638,0,84,62
05-13-21,Henderson,3807,7,2627,5,1180,2,3278,5,16357,6,19635,11,0,76,6,25,1,3706,0,79,76
05-13-21,Henry,3205,4,2455,2,750,2,2839,2,18265,19,21104,21,0,76,-5,37,9,3092,0,78,76
05-13-21,Hickman,2849,2,2293,1,556,1,2642,1,17126,21,19768,22,0,46,1,17,1,2786,0,58,46
05-13-21,Houston,1097,0,825,0,272,0,945,0,10806,11,11751,11,0,33,-2,6,2,1058,0,40,33
05-13-21,Humphreys,1815,4,1146,2,669,2,1334,3,12131,6,13465,9,0,28,2,31,2,1756,0,37,28
05-13-21,Jackson,1321,1,1029,0,292,1,1201,0,5689,4,6890,4,0,36,1,11,0,1274,0,41,36
05-13-21,Jefferson,6240,4,4248,3,1992,1,4804,3,40062,29,44866,32,0,125,-4,71,8,6044,1,198,125
05-13-21,Johnson,2418,3,2088,1,330,2,2224,1,16492,54,18716,55,0,39,-1,28,4,2351,0,59,39
05-13-21,Knox,51235,31,42720,16,8515,15,46759,17,337558,376,384317,393,0,636,-17,352,48,50247,0,1393,636
05-13-21,Lake,1704,0,1514,0,190,0,1784,0,10302,7,12086,7,0,26,0,6,0,1672,0,27,26
05-13-21,Lauderdale,3202,2,2489,0,713,2,2857,1,21669,21,24526,22,0,44,-1,28,3,3130,0,85,43
05-13-21,Lawrence,5975,6,4643,5,1332,1,5118,5,30336,34,35454,39,2,91,-4,93,8,5791,0,155,91
05-13-21,Lewis,1583,1,1179,1,404,0,1276,1,10172,10,11448,11,0,26,1,6,0,1551,0,43,26
05-13-21,Lincoln,4364,3,3362,3,1002,0,3820,3,18172,21,21992,24,0,63,0,26,3,4275,1,89,62
05-13-21,Loudon,6175,6,4688,2,1487,4,5132,1,32247,44,37379,45,0,69,-5,54,11,6052,0,140,69
05-13-21,Macon,3628,1,2803,0,825,1,3297,0,17425,41,20722,41,0,78,0,18,1,3532,0,129,78
05-13-21,Madison,11245,25,6293,13,4952,12,7591,16,57213,130,64804,146,0,241,22,-5,3,11009,0,338,241
05-13-21,Marion,3125,1,2669,0,456,1,2986,0,20270,10,23256,10,0,47,0,8,1,3070,0,115,47
05-13-21,Marshall,4199,3,3276,0,923,3,3710,0,23724,14,27434,14,0,58,1,36,2,4105,0,92,58
05-13-21,Maury,13529,9,11804,9,1725,0,13035,9,77122,82,90157,91,0,172,-13,110,22,13247,0,298,171
05-13-21,McMinn,6532,9,5771,5,761,4,6364,6,43894,53,50258,59,0,98,-1,54,10,6380,0,165,99
05-13-21,McNairy,2843,1,1992,0,851,1,2416,0,18906,29,21322,29,0,54,1,30,0,2759,0,66,54
05-13-21,Meigs,1391,1,1243,0,148,1,1382,1,8342,8,9724,9,0,25,-2,3,3,1363,0,46,25
05-13-21,Monroe,5872,4,4616,2,1256,2,5174,1,28260,20,33434,21,0,96,1,53,3,5723,0,160,96
05-13-21,Montgomery,20392,14,14943,8,5449,6,16420,12,123584,263,140004,275,0,227,-21,223,35,19942,1,309,227
05-13-21,Moore,1018,3,782,2,236,1,882,2,4968,5,5850,7,0,17,3,10,0,991,0,18,17
05-13-21,Morgan,2513,1,1833,0,680,1,1993,0,15760,22,17753,22,0,39,-1,25,2,2449,0,46,39
05-13-21,Obion,4550,2,3357,1,1193,1,3805,1,23362,31,27167,32,0,96,0,21,2,4433,0,103,96
05-13-21,Out of State,17697,10,14038,7,3659,3,15896,9,655798,1069,671694,1078,0,99,-4,149,14,17449,1,217,99
05-13-21,Overton,3023,1,2260,1,763,0,2662,1,15474,9,18136,10,0,61,-1,22,2,2940,0,64,61
05-13-21,Pending,16804,8,10806,4,5998,4,12015,4,433078,858,445093,862,0,134,-5,93,13,16577,0,139,133
05-13-21,Perry,1071,1,919,0,152,1,1036,1,6229,10,7265,11,0,28,-1,9,2,1034,0,28,28
05-13-21,Pickett,756,0,500,0,256,0,603,0,4015,2,4618,2,0,24,0,1,0,731,0,28,24
05-13-21,Polk,2082,2,1865,1,217,1,2073,2,9921,19,11994,21,1,25,-4,28,5,2029,0,91,25
05-13-21,Putnam,11429,8,9278,2,2151,6,11113,3,74702,43,85815,46,0,175,-7,106,15,11148,0,211,175
05-13-21,Rhea,4352,0,3759,0,593,0,4211,1,27740,27,31951,28,0,75,-5,16,5,4261,0,85,75
05-13-21,Roane,6318,4,4845,0,1473,4,5397,0,44670,80,50067,80,0,105,-6,45,10,6168,1,154,105
05-13-21,Robertson,9784,9,7641,6,2143,3,8614,6,45794,78,54408,84,0,132,4,60,5,9592,0,441,132
05-13-21,Rutherford,43192,40,36771,24,6421,16,42727,29,251759,544,294486,573,0,437,7,325,33,42430,0,598,437
05-13-21,Scott,3152,3,1716,1,1436,2,1833,1,11949,26,13782,27,0,45,0,46,3,3061,1,69,45
05-13-21,Sequatchie,1715,1,1330,1,385,0,1454,2,12115,9,13569,11,0,29,-1,22,2,1664,0,41,29
05-13-21,Sevier,13432,6,11407,3,2025,3,12577,6,69630,152,82207,158,0,175,1,136,5,13121,0,285,176
05-13-21,Shelby,96358,138,89030,117,7328,21,109592,150,1049226,2815,1158818,2965,1,1629,13,1419,124,93310,2,3780,1648
05-13-21,Smith,2781,0,2074,0,707,0,2595,0,14161,19,16756,19,0,39,-2,18,2,2724,0,59,39
05-13-21,Stewart,1329,3,1005,2,324,1,1139,2,7197,7,8336,9,0,28,2,11,1,1290,0,26,28
05-13-21,Sullivan,16938,35,14706,33,2232,2,15811,34,94835,274,110646,308,0,298,1,293,34,16347,1,784,297
05-13-21,Sumner,24118,15,21224,8,2894,7,24046,13,128797,205,152843,218,0,349,-15,251,30,23518,0,719,348
05-13-21,Tipton,7383,8,5105,4,2278,4,6159,3,50472,99,56631,102,0,104,2,81,6,7198,0,161,102
05-13-21,Trousdale,2506,0,2344,0,162,0,2512,0,9568,13,12080,13,0,22,-1,6,1,2478,0,41,22
05-13-21,Unicoi,2040,0,1538,0,502,0,1690,0,14122,18,15812,18,0,49,-4,27,4,1964,0,71,49
05-13-21,Union,1921,3,1609,3,312,0,1733,3,10954,12,12687,15,0,34,1,15,2,1872,0,59,34
05-13-21,Van Buren,855,2,703,1,152,1,779,1,5425,7,6204,8,0,23,2,7,0,825,0,24,23
05-13-21,Warren,5538,5,4708,4,830,1,5352,4,34429,35,39781,39,0,81,4,22,1,5435,0,85,81
05-13-21,Washington,14666,11,12538,6,2128,5,13776,8,88478,152,102254,160,0,245,-11,188,22,14233,0,374,245
05-13-21,Wayne,2966,2,2377,1,589,1,2615,1,11529,7,14144,8,0,34,2,21,0,2911,0,61,34
05-13-21,Weakley,4161,7,3039,3,1122,4,3476,2,22311,31,25787,33,0,65,-1,58,8,4038,0,79,65
05-13-21,White,3673,2,2981,2,692,0,3631,2,23594,28,27225,30,0,70,-7,62,9,3541,0,118,70
05-13-21,Williamson,28108,17,23589,15,4519,2,26177,16,194037,264,220214,280,0,217,-9,222,26,27669,0,294,217
05-13-21,Wilson,18892,7,16947,6,1945,1,19233,7,113436,232,132669,239,0,236,-5,191,12,18465,0,341,236
05-12-21,Anderson,8768,13,6503,7,2265,6,7300,6,64705,104,72005,110,0,171,8,64,5,8533,2,220,172
05-12-21,Bedford,6518,4,5105,2,1413,2,5886,2,32852,59,38738,61,-1,128,3,33,2,6357,0,138,128
05-12-21,Benton,1671,2,1305,2,366,0,1445,3,9352,25,10797,28,0,40,1,20,1,1611,1,40,40
05-12-21,Bledsoe,2156,4,1938,3,218,1,2055,2,16544,12,18599,14,0,11,3,30,1,2115,0,32,11
05-12-21,Blount,15527,16,13171,13,2356,3,14546,13,78910,167,93456,180,1,196,-15,140,30,15191,1,358,196
05-12-21,Bradley,15086,7,12271,5,2815,2,13943,9,70049,150,83992,159,0,151,-8,163,15,14772,0,677,151
05-12-21,Campbell,4172,4,2275,2,1897,2,2552,2,25422,21,27974,23,0,63,2,33,2,4076,0,127,63
05-12-21,Cannon,1926,2,1531,0,395,2,1705,0,9683,17,11388,17,0,31,2,16,0,1879,0,39,31
05-12-21,Carroll,3623,3,2353,2,1270,1,2794,2,20081,26,22875,28,0,83,-9,25,12,3515,0,84,83
05-12-21,Carter,6654,10,5766,7,888,3,6333,6,39837,87,46170,93,0,158,0,80,10,6416,0,234,158
05-12-21,Cheatham,4572,6,3472,6,1100,0,3923,7,28649,55,32572,62,0,56,-1,41,7,4475,0,90,56
05-12-21,Chester,2150,2,1534,0,616,2,1827,0,12349,25,14176,25,0,51,-4,20,6,2079,0,45,51
05-12-21,Claiborne,3185,2,2034,1,1151,1,2183,2,24986,21,27169,23,0,73,0,22,2,3090,0,95,74
05-12-21,Clay,1103,1,756,1,347,0,873,1,5764,10,6637,11,0,30,1,1,0,1072,0,25,30
05-12-21,Cocke,4517,5,2962,0,1555,5,3267,1,23106,66,26373,67,0,99,4,43,1,4375,0,120,99
05-12-21,Coffee,6909,2,4759,1,2150,1,5818,1,47058,66,52876,67,0,122,-4,37,6,6750,0,126,123
05-12-21,Crockett,2033,1,1221,1,812,0,1427,1,7522,17,8949,18,0,49,-2,6,3,1978,1,32,49
05-12-21,Cumberland,6754,7,5543,5,1211,2,6369,7,49948,85,56317,92,0,133,5,66,2,6555,1,167,133
05-12-21,Davidson,89508,49,83613,38,5895,11,101627,51,1040864,2022,1142491,2073,1,941,-28,609,76,87958,1,1993,942
05-12-21,Decatur,1591,0,1173,0,418,0,1394,0,11123,13,12517,13,0,39,-2,9,2,1543,0,40,39
05-12-21,Dekalb,2803,1,2065,1,738,0,2383,1,17522,32,19905,33,0,54,-2,20,3,2729,0,57,54
05-12-21,Dickson,6847,0,4961,0,1886,0,5856,0,37168,79,43024,79,0,113,-6,19,6,6715,0,122,113
05-12-21,Dyer,5434,5,3566,2,1868,3,4027,2,22368,25,26395,27,0,106,3,33,2,5295,1,112,106
05-12-21,Fayette,5107,15,4324,14,783,1,5354,23,39482,109,44836,132,0,77,2,87,13,4943,0,136,78
05-12-21,Fentress,2427,4,2084,4,343,0,2378,4,13684,33,16062,37,0,47,4,20,0,2360,0,64,47
05-12-21,Franklin,5158,4,4279,3,879,1,5008,4,39645,94,44653,98,0,90,2,30,2,5038,0,110,90
05-12-21,Gibson,6525,4,3914,2,2611,2,4738,3,30507,44,35245,47,0,146,-4,34,8,6345,0,116,146
05-12-21,Giles,4003,3,3283,3,720,0,3775,3,23599,43,27374,46,0,100,-3,31,6,3872,0,111,100
05-12-21,Grainger,2633,1,1936,1,697,0,2171,1,14417,19,16588,20,0,50,-2,17,3,2566,0,73,50
05-12-21,Greene,7910,11,6303,10,1607,1,7016,10,53051,221,60067,231,0,156,5,92,6,7662,0,200,156
05-12-21,Grundy,1792,2,1497,1,295,1,1715,1,9550,41,11265,42,0,34,1,5,1,1753,0,62,34
05-12-21,Hamblen,8619,3,5971,1,2648,2,6710,1,47128,56,53838,57,0,173,-2,51,5,8395,0,266,173
05-12-21,Hamilton,44503,48,38069,42,6434,6,42692,53,330868,782,373560,835,1,496,1,413,46,43594,0,1180,497
05-12-21,Hancock,593,2,408,0,185,2,434,0,4052,4,4486,4,0,12,1,5,1,576,0,23,12
05-12-21,Hardeman,3526,2,2830,2,696,0,3308,3,25965,31,29273,34,0,64,-1,25,3,3437,0,105,64
05-12-21,Hardin,3581,2,2412,2,1169,0,2866,2,24039,30,26905,32,0,68,-1,23,3,3490,0,69,68
05-12-21,Hawkins,6145,24,4947,15,1198,9,5290,19,36599,234,41889,253,0,107,-3,159,27,5879,2,162,107
05-12-21,Haywood,2710,2,2270,2,440,0,2590,2,13991,45,16581,47,0,62,2,15,0,2633,0,84,62
05-12-21,Henderson,3800,5,2622,1,1178,4,3273,2,16351,28,19624,30,0,76,-3,19,8,3705,0,79,76
05-12-21,Henry,3201,7,2453,4,748,3,2837,5,18246,39,21083,44,0,76,5,42,2,3083,0,78,76
05-12-21,Hickman,2847,1,2292,1,555,0,2641,1,17105,21,19746,22,0,46,-1,16,2,2785,0,58,46
05-12-21,Houston,1097,2,825,2,272,0,945,2,10795,7,11740,9,0,33,1,8,1,1056,0,40,33
05-12-21,Humphreys,1811,3,1144,2,667,1,1331,2,12125,30,13456,32,0,28,1,29,2,1754,1,37,28
05-12-21,Jackson,1320,1,1029,1,291,0,1201,1,5685,10,6886,11,0,36,1,10,0,1274,0,41,36
05-12-21,Jefferson,6236,8,4245,5,1991,3,4801,8,40033,43,44834,51,0,125,0,75,8,6036,1,197,125
05-12-21,Johnson,2415,0,2087,0,328,0,2223,2,16438,81,18661,83,0,39,-4,29,4,2347,0,59,39
05-12-21,Knox,51204,34,42704,27,8500,7,46742,29,337182,508,383924,537,0,636,-15,369,49,50199,0,1393,636
05-12-21,Lake,1704,3,1514,3,190,0,1784,3,10295,1,12079,4,0,26,2,6,1,1672,0,27,26
05-12-21,Lauderdale,3200,4,2489,3,711,1,2856,3,21648,32,24504,35,0,44,1,29,3,3127,0,85,43
05-12-21,Lawrence,5969,7,4638,5,1331,2,5113,7,30302,55,35415,62,1,89,-1,97,7,5783,0,155,90
05-12-21,Lewis,1582,0,1178,0,404,0,1275,0,10162,19,11437,19,0,26,0,5,0,1551,0,43,26
05-12-21,Lincoln,4361,2,3359,2,1002,0,3817,2,18151,32,21968,34,0,63,0,26,2,4272,1,88,62
05-12-21,Loudon,6169,5,4686,1,1483,4,5131,1,32203,42,37334,43,0,69,-1,59,6,6041,0,140,69
05-12-21,Macon,3627,1,2803,0,824,1,3297,0,17384,38,20681,38,0,78,0,18,1,3531,0,129,78
05-12-21,Madison,11220,33,6280,19,4940,14,7575,22,57083,103,64658,125,0,241,26,-27,7,11006,1,338,241
05-12-21,Marion,3124,1,2669,1,455,0,2986,1,20260,48,23246,49,0,47,1,8,0,3069,0,115,47
05-12-21,Marshall,4196,2,3276,1,920,1,3710,3,23710,39,27420,42,0,58,-3,35,5,4103,0,92,58
05-12-21,Maury,13520,9,11795,5,1725,4,13026,6,77040,119,90066,125,0,172,-5,123,14,13225,0,298,171
05-12-21,McMinn,6523,4,5766,2,757,2,6358,5,43841,58,50199,63,0,98,-4,55,8,6370,0,165,98
05-12-21,McNairy,2842,12,1992,0,850,12,2416,0,18877,90,21293,90,0,54,11,29,1,2759,0,66,54
05-12-21,Meigs,1390,0,1243,0,147,0,1381,0,8334,22,9715,22,0,25,-3,5,3,1360,0,46,25
05-12-21,Monroe,5868,7,4614,5,1254,2,5173,5,28240,46,33413,51,0,96,-1,52,8,5720,0,160,96
05-12-21,Montgomery,20378,32,14935,18,5443,14,16408,19,123321,331,139729,350,0,227,19,244,13,19907,0,308,227
05-12-21,Moore,1015,1,780,0,235,1,880,0,4963,11,5843,11,0,17,1,7,0,991,0,18,17
05-12-21,Morgan,2512,6,1833,4,679,2,1993,5,15738,14,17731,19,0,39,4,26,2,2447,0,46,39
05-12-21,Obion,4548,2,3356,1,1192,1,3804,1,23331,35,27135,36,0,96,-2,21,4,4431,0,103,96
05-12-21,Out of State,17687,18,14031,14,3656,4,15887,16,654729,1330,670616,1346,0,99,5,153,13,17435,0,216,99
05-12-21,Overton,3022,1,2259,1,763,0,2661,1,15465,49,18126,50,0,61,0,23,1,2938,0,64,61
05-12-21,Pending,16796,11,10802,4,5994,7,12011,4,432220,938,444231,942,0,134,-6,98,17,16564,0,139,133
05-12-21,Perry,1070,1,919,1,151,0,1035,1,6219,13,7254,14,0,28,1,10,0,1032,0,28,28
05-12-21,Pickett,756,0,500,0,256,0,603,1,4013,9,4616,10,0,24,0,1,0,731,0,28,24
05-12-21,Polk,2080,3,1864,3,216,0,2071,2,9902,35,11973,37,0,24,-2,32,5,2024,0,91,25
05-12-21,Putnam,11421,18,9276,15,2145,3,11110,16,74659,348,85769,364,0,175,10,113,8,11133,0,211,175
05-12-21,Rhea,4352,0,3759,0,593,0,4210,1,27713,62,31923,63,0,75,-2,21,2,4256,0,85,75
05-12-21,Roane,6314,6,4845,2,1469,4,5397,3,44590,65,49987,68,0,105,2,51,4,6158,0,153,105
05-12-21,Robertson,9775,6,7635,1,2140,5,8608,1,45716,113,54324,114,1,132,-2,56,7,9587,0,441,132
05-12-21,Rutherford,43152,23,36747,18,6405,5,42698,26,251215,490,293913,516,1,437,-32,318,54,42397,1,598,437
05-12-21,Scott,3149,5,1715,2,1434,3,1832,2,11923,29,13755,31,0,45,1,46,4,3058,0,68,45
05-12-21,Sequatchie,1714,6,1329,3,385,3,1452,3,12106,14,13558,17,0,29,4,23,2,1662,0,41,29
05-12-21,Sevier,13426,12,11404,6,2022,6,12571,9,69478,138,82049,147,0,175,-2,135,14,13116,0,285,175
05-12-21,Shelby,96220,184,88913,169,7307,15,109442,225,1046411,3812,1155853,4037,3,1628,29,1406,152,93186,12,3778,1646
05-12-21,Smith,2781,3,2074,1,707,2,2595,1,14142,16,16737,17,0,39,-2,20,5,2722,0,59,39
05-12-21,Stewart,1326,1,1003,0,323,1,1137,1,7190,12,8327,13,0,28,1,9,0,1289,0,26,28
05-12-21,Sullivan,16903,22,14673,21,2230,1,15777,27,94561,500,110338,527,1,298,-18,292,39,16313,1,783,297
05-12-21,Sumner,24103,26,21216,16,2887,10,24033,26,128592,280,152625,306,0,349,-4,266,30,23488,1,719,348
05-12-21,Tipton,7375,2,5101,2,2274,0,6156,4,50373,143,56529,147,0,104,-11,79,13,7192,0,161,102
05-12-21,Trousdale,2506,3,2344,2,162,1,2512,1,9555,12,12067,13,0,22,3,7,0,2477,0,41,22
05-12-21,Unicoi,2040,2,1538,2,502,0,1690,2,14104,38,15794,40,0,49,-2,31,4,1960,0,71,49
05-12-21,Union,1918,2,1606,1,312,1,1730,0,10942,14,12672,14,0,34,0,14,2,1870,0,59,34
05-12-21,Van Buren,853,0,702,0,151,0,778,0,5418,7,6196,7,0,23,-1,5,1,825,0,24,23
05-12-21,Warren,5533,3,4704,3,829,0,5348,5,34394,54,39742,59,0,81,2,18,1,5434,0,85,81
05-12-21,Washington,14655,29,12532,20,2123,9,13768,22,88326,302,102094,324,0,245,8,199,21,14211,0,374,245
05-12-21,Wayne,2964,1,2376,0,588,1,2614,0,11522,18,14136,18,0,34,0,19,1,2911,0,61,34
05-12-21,Weakley,4154,1,3036,0,1118,1,3474,3,22280,33,25754,36,0,65,-13,59,14,4030,0,79,65
05-12-21,White,3671,9,2979,8,692,1,3629,8,23566,80,27195,88,0,70,7,69,2,3532,0,118,70
05-12-21,Williamson,28091,17,23574,14,4517,3,26161,14,193773,360,219934,374,0,217,-5,231,22,27643,0,294,217
05-12-21,Wilson,18885,17,16941,17,1944,0,19226,9,113204,230,132430,239,0,236,7,196,10,18453,0,341,236
05-11-21,Anderson,8755,8,6496,1,2259,7,7294,2,64601,42,71895,44,0,171,3,56,5,8528,0,218,172
05-11-21,Bedford,6514,5,5103,1,1411,4,5884,2,32793,33,38677,35,0,129,2,30,3,6355,0,138,128
05-11-21,Benton,1669,0,1303,0,366,0,1442,0,9327,4,10769,4,0,40,-3,19,3,1610,0,39,40
05-11-21,Bledsoe,2152,6,1935,4,217,2,2053,4,16532,15,18585,19,0,11,4,27,2,2114,0,32,11
05-11-21,Blount,15511,21,13158,14,2353,7,14533,13,78743,128,93276,141,0,195,-2,155,23,15161,2,357,196
05-11-21,Bradley,15079,21,12266,15,2813,6,13934,14,69899,162,83833,176,0,151,0,171,21,14757,2,677,151
05-11-21,Campbell,4168,2,2273,0,1895,2,2550,0,25401,16,27951,16,0,63,-1,31,3,4074,0,127,63
05-11-21,Cannon,1924,1,1531,0,393,1,1705,0,9666,9,11371,9,0,31,-1,14,2,1879,0,39,31
05-11-21,Carroll,3620,3,2351,1,1269,2,2792,2,20055,10,22847,12,0,83,3,34,0,3503,1,84,83
05-11-21,Carter,6644,9,5759,6,885,3,6327,5,39750,64,46077,69,0,158,-4,80,13,6406,1,234,158
05-11-21,Cheatham,4566,4,3466,4,1100,0,3916,4,28594,29,32510,33,0,56,2,42,2,4468,0,90,56
05-11-21,Chester,2148,3,1534,2,614,1,1827,2,12324,8,14151,10,0,51,0,24,3,2073,0,45,51
05-11-21,Claiborne,3183,2,2033,0,1150,2,2181,0,24965,14,27146,14,0,73,1,22,1,3088,0,95,74
05-11-21,Clay,1102,0,755,0,347,0,872,0,5754,3,6626,3,-1,30,1,0,0,1072,0,25,30
05-11-21,Cocke,4512,0,2962,0,1550,0,3266,0,23040,21,26306,21,0,99,-1,39,1,4374,0,120,99
05-11-21,Coffee,6907,6,4758,1,2149,5,5817,2,46992,72,52809,74,0,122,2,41,4,6744,0,126,123
05-11-21,Crockett,2032,1,1220,0,812,1,1426,0,7505,7,8931,7,0,49,-2,8,3,1975,0,31,49
05-11-21,Cumberland,6747,4,5538,3,1209,1,6362,3,49863,30,56225,33,0,133,-7,61,11,6553,0,166,133
05-11-21,Davidson,89459,86,83575,69,5884,17,101576,75,1038842,1385,1140418,1460,0,940,13,637,73,87882,2,1992,941
05-11-21,Decatur,1591,2,1173,2,418,0,1394,2,11110,5,12504,7,0,39,2,11,0,1541,0,40,39
05-11-21,Dekalb,2802,0,2064,0,738,0,2382,0,17490,8,19872,8,0,54,0,22,0,2726,0,57,54
05-11-21,Dickson,6847,6,4961,6,1886,0,5856,6,37089,50,42945,56,0,113,-2,25,8,6709,0,122,113
05-11-21,Dyer,5429,4,3564,1,1865,3,4025,1,22343,26,26368,27,0,106,0,30,4,5293,0,111,106
05-11-21,Fayette,5092,3,4310,1,782,2,5331,2,39373,52,44704,54,0,77,-14,85,17,4930,0,136,78
05-11-21,Fentress,2423,1,2080,0,343,1,2374,0,13651,12,16025,12,0,47,-1,16,2,2360,0,64,47
05-11-21,Franklin,5154,3,4276,3,878,0,5004,4,39551,32,44555,36,0,90,1,28,2,5036,0,110,90
05-11-21,Gibson,6521,3,3912,1,2609,2,4735,1,30463,34,35198,35,0,146,-1,38,4,6337,0,116,146
05-11-21,Giles,4000,3,3280,3,720,0,3772,4,23556,16,27328,20,0,100,0,34,3,3866,0,111,100
05-11-21,Grainger,2632,0,1935,0,697,0,2170,0,14398,7,16568,7,0,50,-1,19,1,2563,0,73,50
05-11-21,Greene,7899,14,6293,10,1606,4,7006,12,52830,89,59836,101,0,156,10,87,4,7656,2,200,156
05-11-21,Grundy,1790,0,1496,0,294,0,1714,0,9509,18,11223,18,0,34,-1,4,1,1752,0,62,34
05-11-21,Hamblen,8616,8,5970,2,2646,6,6709,2,47072,34,53781,36,0,173,-4,53,12,8390,0,266,173
05-11-21,Hamilton,44455,68,38027,55,6428,13,42639,67,330086,668,372725,735,0,495,4,412,64,43548,1,1180,496
05-11-21,Hancock,591,0,408,0,183,0,434,0,4048,2,4482,2,0,12,-3,4,3,575,0,23,12
05-11-21,Hardeman,3524,1,2828,0,696,1,3305,0,25934,15,29239,15,0,64,-4,26,5,3434,0,105,64
05-11-21,Hardin,3579,3,2410,3,1169,0,2864,3,24009,23,26873,26,0,68,-1,24,4,3487,0,69,68
05-11-21,Hawkins,6121,15,4932,9,1189,6,5271,10,36365,38,41636,48,0,107,-4,162,19,5852,0,160,107
05-11-21,Haywood,2708,0,2268,0,440,0,2588,0,13946,11,16534,11,0,62,-3,13,3,2633,0,84,62
05-11-21,Henderson,3795,1,2621,1,1174,0,3271,0,16323,2,19594,2,0,76,-1,22,2,3697,0,79,76
05-11-21,Henry,3194,1,2449,0,745,1,2832,0,18207,12,21039,12,0,76,-6,37,7,3081,0,78,76
05-11-21,Hickman,2846,1,2291,1,555,0,2640,1,17084,19,19724,20,0,46,-3,17,4,2783,0,58,46
05-11-21,Houston,1095,1,823,1,272,0,943,1,10788,1,11731,2,0,33,1,7,0,1055,0,40,33
05-11-21,Humphreys,1808,4,1142,0,666,4,1329,0,12095,14,13424,14,0,28,0,28,4,1752,0,36,28
05-11-21,Jackson,1319,0,1028,0,291,0,1200,0,5675,7,6875,7,0,36,-1,9,1,1274,0,41,36
05-11-21,Jefferson,6228,6,4240,5,1988,1,4793,5,39990,31,44783,36,0,125,-1,75,7,6028,0,196,125
05-11-21,Johnson,2415,3,2087,0,328,3,2221,0,16357,67,18578,67,0,39,0,33,3,2343,0,59,39
05-11-21,Knox,51170,36,42677,30,8493,6,46713,31,336674,553,383387,584,0,636,-12,384,48,50150,4,1393,636
05-11-21,Lake,1701,0,1511,0,190,0,1781,0,10294,1,12075,1,0,26,0,4,0,1671,0,27,26
05-11-21,Lauderdale,3196,1,2486,1,710,0,2853,1,21616,23,24469,24,0,44,-4,28,5,3124,0,85,43
05-11-21,Lawrence,5962,11,4633,9,1329,2,5106,7,30247,30,35353,37,0,88,7,98,4,5776,1,155,89
05-11-21,Lewis,1582,1,1178,1,404,0,1275,1,10143,5,11418,6,0,26,-2,5,3,1551,0,43,26
05-11-21,Lincoln,4359,1,3357,1,1002,0,3815,1,18119,16,21934,17,0,63,-4,26,5,4270,1,87,62
05-11-21,Loudon,6164,7,4685,2,1479,5,5130,2,32161,28,37291,30,0,69,2,60,5,6035,0,140,69
05-11-21,Macon,3626,2,2803,1,823,1,3297,1,17346,46,20643,47,0,78,0,18,2,3530,0,129,78
05-11-21,Madison,11187,5,6261,4,4926,1,7553,4,56980,65,64533,69,-1,241,-1,-53,7,10999,0,337,241
05-11-21,Marion,3123,0,2668,0,455,0,2985,0,20212,52,23197,52,0,47,-1,7,1,3069,0,115,47
05-11-21,Marshall,4194,0,3275,0,919,0,3707,0,23671,22,27378,22,0,58,-5,38,5,4098,0,92,58
05-11-21,Maury,13511,5,11790,5,1721,0,13020,5,76921,86,89941,91,0,172,-10,128,15,13211,1,298,171
05-11-21,McMinn,6519,7,5764,7,755,0,6353,8,43783,56,50136,64,0,98,2,59,5,6362,0,165,98
05-11-21,McNairy,2830,6,1992,4,838,2,2416,4,18787,18,21203,22,0,54,4,18,2,2758,0,66,54
05-11-21,Meigs,1390,0,1243,0,147,0,1381,0,8312,10,9693,10,0,25,-3,8,3,1357,0,46,25
05-11-21,Monroe,5861,4,4609,3,1252,1,5168,3,28194,27,33362,30,0,96,-1,53,5,5712,0,160,96
05-11-21,Montgomery,20346,24,14917,12,5429,12,16389,11,122990,196,139379,207,0,227,-7,225,31,19894,0,308,227
05-11-21,Moore,1014,2,780,1,234,1,880,1,4952,1,5832,2,0,17,2,6,0,991,0,18,17
05-11-21,Morgan,2506,3,1829,0,677,3,1988,1,15724,14,17712,15,0,39,1,22,2,2445,0,46,39
05-11-21,Obion,4546,2,3355,2,1191,0,3803,1,23296,37,27099,38,0,96,-1,23,3,4427,0,103,96
05-11-21,Out of State,17669,20,14017,17,3652,3,15871,15,653399,968,669270,983,1,99,3,148,16,17422,2,216,99
05-11-21,Overton,3021,3,2258,0,763,3,2660,0,15416,8,18076,8,0,61,3,23,0,2937,0,64,61
05-11-21,Pending,16785,11,10798,8,5987,3,12007,9,431282,801,443289,810,0,134,-7,104,18,16547,0,139,133
05-11-21,Perry,1069,2,918,2,151,0,1034,2,6206,7,7240,9,0,28,1,9,1,1032,0,28,28
05-11-21,Pickett,756,0,500,0,256,0,602,0,4004,1,4606,1,0,24,0,1,0,731,0,28,24
05-11-21,Polk,2077,2,1861,1,216,1,2069,3,9867,13,11936,16,0,24,-5,34,7,2019,0,91,25
05-11-21,Putnam,11403,7,9261,6,2142,1,11094,5,74311,55,85405,60,0,175,-5,103,12,11125,0,211,175
05-11-21,Rhea,4352,5,3759,4,593,1,4209,5,27651,42,31860,47,0,75,1,23,4,4254,1,85,75
05-11-21,Roane,6308,4,4843,3,1465,1,5394,3,44525,46,49919,49,0,105,-3,49,7,6154,0,153,105
05-11-21,Robertson,9769,5,7634,5,2135,0,8607,5,45603,64,54210,69,0,131,-3,58,8,9580,0,441,132
05-11-21,Rutherford,43129,39,36729,28,6400,11,42672,26,250725,437,293397,463,0,436,3,350,36,42343,0,597,437
05-11-21,Scott,3144,4,1713,2,1431,2,1830,2,11894,12,13724,14,0,45,-4,45,8,3054,0,68,45
05-11-21,Sequatchie,1708,2,1326,1,382,1,1449,0,12092,10,13541,10,0,29,-3,19,5,1660,0,41,29
05-11-21,Sevier,13414,11,11398,9,2016,2,12562,9,69340,100,81902,109,0,175,2,137,9,13102,0,285,175
05-11-21,Shelby,96036,107,88744,91,7292,16,109217,106,1042599,2378,1151816,2484,3,1625,-72,1377,176,93034,2,3766,1641
05-11-21,Smith,2778,2,2073,2,705,0,2594,2,14126,15,16720,17,0,39,0,22,2,2717,0,59,39
05-11-21,Stewart,1325,2,1003,2,322,0,1136,1,7178,6,8314,7,0,28,1,8,1,1289,0,26,28
05-11-21,Sullivan,16881,31,14652,27,2229,4,15750,25,94061,124,109811,149,1,297,-3,310,33,16274,3,782,296
05-11-21,Sumner,24077,34,21200,24,2877,10,24007,25,128312,281,152319,306,0,349,3,270,31,23458,2,718,348
05-11-21,Tipton,7373,6,5099,4,2274,2,6152,4,50230,85,56382,89,1,104,1,90,4,7179,0,161,102
05-11-21,Trousdale,2503,1,2342,0,161,1,2511,0,9543,8,12054,8,0,22,-1,4,2,2477,0,41,22
05-11-21,Unicoi,2038,1,1536,0,502,1,1688,0,14066,22,15754,22,0,49,-3,33,4,1956,0,71,49
05-11-21,Union,1916,3,1605,3,311,0,1730,3,10928,15,12658,18,0,34,2,14,1,1868,0,59,34
05-11-21,Van Buren,853,0,702,0,151,0,778,1,5411,3,6189,4,0,23,0,6,0,824,0,24,23
05-11-21,Warren,5530,1,4701,0,829,1,5343,0,34340,42,39683,42,0,81,0,16,1,5433,0,85,81
05-11-21,Washington,14626,14,12512,11,2114,3,13746,10,88024,141,101770,151,0,245,-9,191,23,14190,0,374,245
05-11-21,Wayne,2963,1,2376,1,587,0,2614,1,11504,15,14118,16,0,34,1,19,0,2910,0,61,34
05-11-21,Weakley,4153,4,3036,1,1117,3,3471,1,22247,37,25718,38,0,65,-2,72,6,4016,0,79,65
05-11-21,White,3662,5,2971,2,691,3,3621,2,23486,17,27107,19,0,70,-4,62,9,3530,0,118,70
05-11-21,Williamson,28074,28,23560,20,4514,8,26147,18,193413,263,219560,281,0,217,-11,236,39,27621,0,294,217
05-11-21,Wilson,18868,42,16924,37,1944,5,19217,23,112974,187,132191,210,0,236,27,189,15,18443,0,341,236
05-10-21,Anderson,8747,5,6495,0,2252,5,7292,0,64559,88,71851,88,-1,171,-4,53,10,8523,0,218,172
05-10-21,Bedford,6509,0,5102,0,1407,0,5882,0,32760,19,38642,19,0,129,-11,28,11,6352,0,138,128
05-10-21,Benton,1669,4,1303,1,366,3,1442,0,9323,3,10765,3,0,40,0,22,4,1607,0,39,40
05-10-21,Bledsoe,2146,1,1931,1,215,0,2049,1,16517,11,18566,12,0,11,-1,23,2,2112,0,32,11
05-10-21,Blount,15490,5,13144,1,2346,4,14520,1,78615,57,93135,58,2,195,-21,157,24,15138,0,355,196
05-10-21,Bradley,15058,10,12251,7,2807,3,13920,7,69737,83,83657,90,1,151,-15,171,24,14736,3,675,151
05-10-21,Campbell,4166,11,2273,7,1893,4,2550,7,25385,13,27935,20,0,63,4,32,7,4071,0,127,63
05-10-21,Cannon,1923,1,1531,0,392,1,1705,0,9657,4,11362,4,0,31,-4,15,5,1877,0,39,31
05-10-21,Carroll,3617,2,2350,0,1267,2,2790,0,20045,8,22835,8,0,83,2,31,0,3503,0,83,83
05-10-21,Carter,6635,4,5753,4,882,0,6322,4,39686,26,46008,30,0,158,-7,84,11,6393,0,233,158
05-10-21,Cheatham,4562,4,3462,2,1100,2,3912,2,28565,36,32477,38,0,56,1,40,3,4466,0,90,56
05-10-21,Chester,2145,2,1532,0,613,2,1825,0,12316,5,14141,5,0,51,-1,24,3,2070,0,45,51
05-10-21,Claiborne,3181,5,2033,5,1148,0,2181,5,24951,14,27132,19,0,73,-5,21,10,3087,0,95,74
05-10-21,Clay,1102,0,755,0,347,0,872,0,5751,2,6623,2,0,31,-1,-1,1,1072,0,25,30
05-10-21,Cocke,4512,6,2962,4,1550,2,3266,2,23019,13,26285,15,0,99,3,40,3,4373,1,120,99
05-10-21,Coffee,6901,3,4757,0,2144,3,5815,0,46920,13,52735,13,0,122,0,39,3,6740,0,126,123
05-10-21,Crockett,2031,1,1220,0,811,1,1426,1,7498,3,8924,4,1,49,0,10,0,1972,0,31,49
05-10-21,Cumberland,6743,4,5535,4,1208,0,6359,4,49833,20,56192,24,0,133,-8,68,12,6542,0,166,133
05-10-21,Davidson,89373,37,83506,29,5867,8,101501,46,1037457,1296,1138958,1342,2,940,-91,624,126,87809,0,1990,940
05-10-21,Decatur,1589,1,1171,0,418,1,1392,0,11105,0,12497,0,0,39,1,9,0,1541,0,40,39
05-10-21,Dekalb,2802,2,2064,2,738,0,2382,2,17482,9,19864,11,0,54,-1,22,3,2726,0,57,54
05-10-21,Dickson,6841,3,4955,2,1886,1,5850,2,37039,60,42889,62,1,113,-5,27,7,6701,1,122,113
05-10-21,Dyer,5425,3,3563,0,1862,3,4024,0,22317,13,26341,13,0,106,0,30,3,5289,0,111,106
05-10-21,Fayette,5089,6,4309,4,780,2,5329,3,39321,40,44650,43,1,77,-4,99,9,4913,0,136,77
05-10-21,Fentress,2422,0,2080,0,342,0,2374,0,13639,8,16013,8,0,47,-5,17,5,2358,0,64,47
05-10-21,Franklin,5151,3,4273,3,878,0,5000,3,39519,7,44519,10,0,90,-6,27,9,5034,0,110,90
05-10-21,Gibson,6518,2,3911,1,2607,1,4734,0,30429,11,35163,11,0,146,-4,39,6,6333,0,116,146
05-10-21,Giles,3997,5,3277,3,720,2,3768,0,23540,15,27308,15,0,100,4,34,1,3863,0,111,100
05-10-21,Grainger,2632,4,1935,1,697,3,2170,1,14391,10,16561,11,0,50,3,20,1,2562,0,73,50
05-10-21,Greene,7885,13,6283,9,1602,4,6994,10,52741,68,59735,78,0,156,7,77,6,7652,1,198,156
05-10-21,Grundy,1790,0,1496,0,294,0,1714,0,9491,1,11205,1,0,34,-1,5,1,1751,0,62,34
05-10-21,Hamblen,8608,5,5968,4,2640,1,6707,4,47038,21,53745,25,0,173,1,57,4,8378,0,266,173
05-10-21,Hamilton,44387,42,37972,32,6415,10,42572,39,329418,304,371990,343,0,495,-10,408,52,43484,1,1179,495
05-10-21,Hancock,591,0,408,0,183,0,434,0,4046,2,4480,2,0,12,-1,7,1,572,0,23,12
05-10-21,Hardeman,3523,0,2828,0,695,0,3305,0,25919,7,29224,7,0,64,-3,30,3,3429,0,105,64
05-10-21,Hardin,3576,5,2407,1,1169,4,2861,1,23986,15,26847,16,0,68,2,25,3,3483,1,69,68
05-10-21,Hawkins,6106,6,4923,3,1183,3,5261,3,36327,33,41588,36,0,107,-12,166,18,5833,1,160,107
05-10-21,Haywood,2708,1,2268,0,440,1,2588,0,13935,3,16523,3,0,62,1,16,0,2630,0,84,62
05-10-21,Henderson,3794,0,2620,0,1174,0,3271,0,16321,7,19592,7,0,76,-6,23,6,3695,0,79,76
05-10-21,Henry,3193,3,2449,3,744,0,2832,4,18195,7,21027,11,0,76,-4,43,7,3074,0,78,76
05-10-21,Hickman,2845,2,2290,2,555,0,2639,1,17065,20,19704,21,0,46,1,20,1,2779,0,58,46
05-10-21,Houston,1094,0,822,0,272,0,942,0,10787,6,11729,6,0,33,0,6,0,1055,0,40,33
05-10-21,Humphreys,1804,3,1142,0,662,3,1329,0,12081,16,13410,16,1,28,1,28,1,1748,0,36,28
05-10-21,Jackson,1319,0,1028,0,291,0,1200,0,5668,1,6868,1,0,36,-1,10,1,1273,0,41,36
05-10-21,Jefferson,6222,8,4235,2,1987,6,4788,2,39959,22,44747,24,1,125,-6,76,13,6021,0,196,125
05-10-21,Johnson,2412,4,2087,2,325,2,2221,1,16290,5,18511,6,0,39,-7,33,11,2340,1,59,39
05-10-21,Knox,51134,21,42647,13,8487,8,46682,13,336121,277,382803,290,1,636,-27,396,47,50102,1,1389,636
05-10-21,Lake,1701,0,1511,0,190,0,1781,0,10293,1,12074,1,0,26,0,4,0,1671,0,27,26
05-10-21,Lauderdale,3195,0,2485,0,710,0,2852,0,21593,18,24445,18,0,44,-5,32,5,3119,0,85,43
05-10-21,Lawrence,5951,12,4624,8,1327,4,5099,8,30217,43,35316,51,1,88,3,91,8,5772,1,154,89
05-10-21,Lewis,1581,0,1177,0,404,0,1274,0,10138,6,11412,6,0,26,-2,7,2,1548,0,43,26
05-10-21,Lincoln,4358,1,3356,1,1002,0,3814,3,18103,13,21917,16,0,63,-2,30,3,4265,0,86,62
05-10-21,Loudon,6157,3,4683,1,1474,2,5128,1,32133,24,37261,25,0,69,-10,58,13,6030,1,140,69
05-10-21,Macon,3624,4,2802,2,822,2,3296,2,17300,19,20596,21,0,78,0,18,4,3528,0,129,78
05-10-21,Madison,11182,12,6257,11,4925,1,7549,11,56915,78,64464,89,0,242,-5,-52,17,10992,0,337,241
05-10-21,Marion,3123,0,2668,0,455,0,2985,0,20160,9,23145,9,0,47,0,8,0,3068,0,115,47
05-10-21,Marshall,4194,3,3275,1,919,2,3707,1,23649,12,27356,13,0,58,-5,43,8,4093,0,92,58
05-10-21,Maury,13506,6,11785,4,1721,2,13015,4,76835,64,89850,68,0,172,-16,138,22,13196,0,297,171
05-10-21,McMinn,6512,4,5757,1,755,3,6345,1,43727,22,50072,23,0,98,-4,57,8,6357,1,165,98
05-10-21,McNairy,2824,1,1988,0,836,1,2412,0,18769,8,21181,8,0,54,-3,14,4,2756,0,66,54
05-10-21,Meigs,1390,0,1243,0,147,0,1381,0,8302,10,9683,10,0,25,-3,11,3,1354,0,46,25
05-10-21,Monroe,5857,5,4606,2,1251,3,5165,3,28167,19,33332,22,1,96,-4,54,8,5707,0,160,96
05-10-21,Montgomery,20322,19,14905,15,5417,4,16378,19,122794,145,139172,164,0,227,-13,232,32,19863,1,308,227
05-10-21,Moore,1012,0,779,0,233,0,879,0,4951,2,5830,2,0,17,-2,4,2,991,0,18,17
05-10-21,Morgan,2503,2,1829,1,674,1,1987,1,15710,9,17697,10,0,39,-6,21,8,2443,0,46,39
05-10-21,Obion,4544,5,3353,3,1191,2,3802,3,23259,20,27061,23,0,96,2,24,3,4424,0,103,96
05-10-21,Out of State,17649,13,14000,11,3649,2,15856,12,652431,714,668287,726,0,98,-11,145,24,17406,0,214,99
05-10-21,Overton,3018,3,2258,1,760,2,2660,1,15408,8,18068,9,0,61,1,20,2,2937,0,64,61
05-10-21,Pending,16774,10,10790,3,5984,7,11998,3,430481,449,442479,452,0,134,-12,111,22,16529,0,139,133
05-10-21,Perry,1067,1,916,1,151,0,1032,1,6199,7,7231,8,0,28,1,8,0,1031,0,28,28
05-10-21,Pickett,756,0,500,0,256,0,602,0,4003,6,4605,6,0,24,-1,1,1,731,0,28,24
05-10-21,Polk,2075,1,1860,0,215,1,2066,1,9854,4,11920,5,0,24,-5,39,6,2012,0,91,24
05-10-21,Putnam,11396,10,9255,6,2141,4,11089,7,74256,47,85345,54,0,175,-4,108,14,11113,0,211,175
05-10-21,Rhea,4347,0,3755,0,592,0,4204,0,27609,16,31813,16,0,75,-1,22,1,4250,0,84,75
05-10-21,Roane,6304,5,4840,2,1464,3,5391,1,44479,38,49870,39,0,105,-1,52,6,6147,1,153,105
05-10-21,Robertson,9764,8,7629,4,2135,4,8602,6,45539,44,54141,50,0,131,-2,61,10,9572,2,441,132
05-10-21,Rutherford,43090,17,36701,9,6389,8,42646,16,250288,245,292934,261,1,436,-42,347,58,42307,0,597,437
05-10-21,Scott,3140,7,1711,0,1429,7,1828,0,11882,4,13710,4,0,45,2,49,5,3046,0,68,45
05-10-21,Sequatchie,1706,6,1325,2,381,4,1449,2,12082,5,13531,7,0,29,1,22,5,1655,0,41,29
05-10-21,Sevier,13403,11,11389,1,2014,10,12553,1,69240,53,81793,54,0,175,5,135,6,13093,1,285,175
05-10-21,Shelby,95929,87,88653,68,7276,19,109111,80,1040221,1414,1149332,1494,0,1622,-69,1449,156,92858,7,3764,1639
05-10-21,Smith,2776,3,2071,1,705,2,2592,1,14111,12,16703,13,0,39,2,22,1,2715,0,59,39
05-10-21,Stewart,1323,0,1001,0,322,0,1135,0,7172,5,8307,5,0,28,-1,7,1,1288,0,26,28
05-10-21,Sullivan,16850,17,14625,14,2225,3,15725,19,93937,94,109662,113,1,296,-39,313,55,16241,0,779,296
05-10-21,Sumner,24043,18,21176,7,2867,11,23982,8,128031,119,152013,127,0,349,-37,267,55,23427,0,716,348
05-10-21,Tipton,7367,11,5095,4,2272,7,6148,5,50145,68,56293,73,1,103,1,89,9,7175,0,161,102
05-10-21,Trousdale,2502,0,2342,0,160,0,2511,1,9535,4,12046,5,0,22,-1,5,1,2475,0,41,22
05-10-21,Unicoi,2037,2,1536,0,501,2,1688,0,14044,15,15732,15,0,49,-6,36,8,1952,0,71,49
05-10-21,Union,1913,1,1602,1,311,0,1727,1,10913,13,12640,14,0,34,-3,12,4,1867,0,59,34
05-10-21,Van Buren,853,5,702,4,151,1,777,4,5408,0,6185,4,0,23,3,6,2,824,1,24,23
05-10-21,Warren,5529,2,4701,1,828,1,5343,1,34298,15,39641,16,0,81,1,16,1,5432,1,85,81
05-10-21,Washington,14612,22,12501,11,2111,11,13736,12,87883,119,101619,131,0,245,-3,200,25,14167,0,374,245
05-10-21,Wayne,2962,3,2375,1,587,2,2613,1,11489,2,14102,3,0,34,2,18,1,2910,0,61,34
05-10-21,Weakley,4149,3,3035,1,1114,2,3470,1,22210,6,25680,7,0,65,-3,74,6,4010,0,79,65
05-10-21,White,3657,7,2969,5,688,2,3619,6,23469,13,27088,19,0,70,3,66,4,3521,2,118,70
05-10-21,Williamson,28046,25,23540,17,4506,8,26129,12,193150,193,219279,205,0,217,-17,247,42,27582,0,294,217
05-10-21,Wilson,18826,7,16887,3,1939,4,19194,6,112787,124,131981,130,1,236,-18,162,24,18428,0,341,236
05-09-21,Anderson,8742,1,6495,0,2247,1,7292,1,64471,28,71763,29,0,172,-4,57,5,8513,0,218,172
05-09-21,Bedford,6509,2,5102,0,1407,2,5882,0,32741,17,38623,17,1,129,-5,39,6,6341,0,138,128
05-09-21,Benton,1665,0,1302,0,363,0,1442,0,9320,7,10762,7,0,40,-3,22,3,1603,0,39,40
05-09-21,Bledsoe,2145,1,1930,1,215,0,2048,1,16506,12,18554,13,0,11,-1,24,2,2110,0,32,11
05-09-21,Blount,15485,5,13143,4,2342,1,14519,6,78558,53,93077,59,0,193,-6,178,11,15114,0,355,196
05-09-21,Bradley,15048,8,12244,7,2804,1,13913,12,69654,101,83567,113,0,150,-14,186,22,14712,0,672,151
05-09-21,Campbell,4155,0,2266,0,1889,0,2543,0,25372,11,27915,11,0,63,-5,28,5,4064,0,127,63
05-09-21,Cannon,1922,1,1531,1,391,0,1705,1,9653,11,11358,12,0,31,0,19,1,1872,0,39,31
05-09-21,Carroll,3615,0,2350,0,1265,0,2790,0,20037,15,22827,15,0,83,-1,29,1,3503,0,83,83
05-09-21,Carter,6631,1,5749,1,882,0,6318,2,39660,34,45978,36,0,158,-6,91,7,6382,1,233,158
05-09-21,Cheatham,4558,3,3460,2,1098,1,3910,2,28529,18,32439,20,1,56,-1,39,3,4463,0,90,56
05-09-21,Chester,2143,0,1532,0,611,0,1825,0,12311,5,14136,5,0,51,-2,25,2,2067,0,45,51
05-09-21,Claiborne,3176,0,2028,0,1148,0,2176,0,24937,10,27113,10,0,73,-3,26,3,3077,0,95,74
05-09-21,Clay,1102,0,755,0,347,0,872,0,5749,0,6621,0,0,31,0,0,0,1071,0,25,30
05-09-21,Cocke,4506,1,2958,1,1548,0,3264,1,23006,6,26270,7,0,99,-3,37,4,4370,0,119,99
05-09-21,Coffee,6898,3,4757,1,2141,2,5815,1,46907,14,52722,15,1,122,1,39,1,6737,0,126,122
05-09-21,Crockett,2030,0,1220,0,810,0,1425,0,7495,6,8920,6,0,48,0,10,0,1972,0,31,49
05-09-21,Cumberland,6739,5,5531,4,1208,1,6355,7,49813,31,56168,38,1,133,2,76,2,6530,1,166,133
05-09-21,Davidson,89336,19,83477,15,5859,4,101455,21,1036161,1422,1137616,1443,4,938,-26,715,41,87683,1,1990,939
05-09-21,Decatur,1588,0,1171,0,417,0,1392,0,11105,6,12497,6,0,39,-1,8,1,1541,0,40,39
05-09-21,Dekalb,2800,3,2062,3,738,0,2380,3,17473,13,19853,16,0,54,2,23,1,2723,1,57,54
05-09-21,Dickson,6838,1,4953,0,1885,1,5848,0,36979,11,42827,11,2,112,-6,32,5,6694,0,121,113
05-09-21,Dyer,5422,0,3563,0,1859,0,4024,0,22304,9,26328,9,0,106,-1,30,1,5286,0,111,106
05-09-21,Fayette,5083,1,4305,1,778,0,5326,2,39281,31,44607,33,-1,76,-2,103,4,4904,0,136,77
05-09-21,Fentress,2422,0,2080,0,342,0,2374,0,13631,1,16005,1,0,47,0,22,0,2353,0,64,47
05-09-21,Franklin,5148,2,4270,2,878,0,4997,2,39512,15,44509,17,0,90,0,33,2,5025,0,110,90
05-09-21,Gibson,6516,2,3910,1,2606,1,4734,1,30418,17,35152,18,0,146,0,43,2,6327,0,116,146
05-09-21,Giles,3992,1,3274,1,718,0,3768,1,23525,11,27293,12,0,100,0,30,1,3862,0,111,100
05-09-21,Grainger,2628,0,1934,0,694,0,2169,0,14381,9,16550,9,0,50,-1,17,1,2561,0,73,50
05-09-21,Greene,7872,4,6274,4,1598,0,6984,6,52673,79,59657,85,1,156,-5,70,8,7646,1,197,156
05-09-21,Grundy,1790,0,1496,0,294,0,1714,0,9490,1,11204,1,0,34,0,6,0,1750,0,62,34
05-09-21,Hamblen,8603,2,5964,0,2639,2,6703,0,47017,17,53720,17,0,173,-3,56,5,8374,0,266,173
05-09-21,Hamilton,44345,39,37940,28,6405,11,42533,27,329114,382,371647,409,1,495,-11,418,49,43432,0,1178,495
05-09-21,Hancock,591,0,408,0,183,0,434,0,4044,2,4478,2,0,12,-3,8,3,571,0,23,12
05-09-21,Hardeman,3523,0,2828,0,695,0,3305,1,25912,121,29217,122,0,64,-5,33,5,3426,0,105,64
05-09-21,Hardin,3571,1,2406,0,1165,1,2860,0,23971,20,26831,20,1,68,-1,23,1,3480,0,68,68
05-09-21,Hawkins,6100,4,4920,3,1180,1,5258,2,36294,31,41552,33,0,107,-13,178,17,5815,1,159,107
05-09-21,Haywood,2707,1,2268,1,439,0,2588,1,13932,9,16520,10,0,62,0,15,1,2630,1,84,62
05-09-21,Henderson,3794,5,2620,2,1174,3,3271,2,16314,3,19585,5,0,76,3,29,2,3689,0,79,76
05-09-21,Henry,3190,4,2446,1,744,3,2828,1,18188,9,21016,10,0,76,-1,47,5,3067,1,78,76
05-09-21,Hickman,2843,0,2288,0,555,0,2638,0,17045,11,19683,11,0,46,-2,19,2,2778,0,58,46
05-09-21,Houston,1094,0,822,0,272,0,942,0,10781,3,11723,3,0,33,0,6,0,1055,0,40,33
05-09-21,Humphreys,1801,1,1142,1,659,0,1329,1,12065,7,13394,8,0,27,-1,27,2,1747,0,36,28
05-09-21,Jackson,1319,0,1028,0,291,0,1200,0,5667,2,6867,2,0,36,0,11,0,1272,0,41,36
05-09-21,Jefferson,6214,5,4233,4,1981,1,4786,4,39937,39,44723,43,0,124,3,82,2,6008,0,196,125
05-09-21,Johnson,2408,0,2085,0,323,0,2220,0,16285,9,18505,9,0,39,-4,40,4,2329,0,58,39
05-09-21,Knox,51113,17,42634,14,8479,3,46669,17,335844,369,382513,386,0,635,-22,423,39,50055,1,1388,635
05-09-21,Lake,1701,0,1511,0,190,0,1781,0,10292,2,12073,2,0,26,0,4,0,1671,0,27,26
05-09-21,Lauderdale,3195,1,2485,0,710,1,2852,1,21575,12,24427,13,0,44,1,37,0,3114,0,85,43
05-09-21,Lawrence,5939,0,4616,0,1323,0,5091,0,30174,25,35265,25,0,87,-6,88,6,5764,0,153,89
05-09-21,Lewis,1581,0,1177,0,404,0,1274,0,10132,7,11406,7,0,26,-3,9,3,1546,0,43,26
05-09-21,Lincoln,4357,3,3355,3,1002,0,3811,2,18090,12,21901,14,0,63,0,32,3,4262,0,86,62
05-09-21,Loudon,6154,1,4682,0,1472,1,5127,1,32109,16,37236,17,0,69,-8,68,9,6017,0,139,69
05-09-21,Macon,3620,0,2800,0,820,0,3294,0,17281,8,20575,8,0,78,0,18,0,3524,0,129,78
05-09-21,Madison,11170,1,6246,1,4924,0,7538,1,56837,44,64375,45,0,242,-4,-47,5,10975,0,337,241
05-09-21,Marion,3123,2,2668,2,455,0,2985,2,20151,16,23136,18,0,47,0,8,2,3068,0,115,47
05-09-21,Marshall,4191,1,3274,0,917,1,3706,0,23637,8,27343,8,0,58,-1,48,2,4085,0,92,58
05-09-21,Maury,13500,4,11781,2,1719,2,13011,2,76771,55,89782,57,0,172,-9,154,13,13174,0,297,171
05-09-21,McMinn,6508,4,5756,4,752,0,6344,4,43705,33,50049,37,0,98,-4,61,8,6349,0,164,98
05-09-21,McNairy,2823,2,1988,0,835,2,2412,0,18761,7,21173,7,0,54,-1,17,3,2752,0,66,54
05-09-21,Meigs,1390,0,1243,0,147,0,1381,0,8292,9,9673,9,0,25,-1,14,1,1351,0,46,25
05-09-21,Monroe,5852,5,4604,3,1248,2,5162,3,28148,14,33310,17,0,95,-1,58,6,5699,0,160,96
05-09-21,Montgomery,20303,7,14890,6,5413,1,16359,6,122649,130,139008,136,2,227,-11,245,16,19831,0,307,227
05-09-21,Moore,1012,0,779,0,233,0,879,0,4949,1,5828,1,0,17,-1,6,1,989,0,18,17
05-09-21,Morgan,2501,1,1828,0,673,1,1986,0,15701,6,17687,6,0,39,0,27,1,2435,0,46,39
05-09-21,Obion,4539,0,3350,0,1189,0,3799,0,23239,20,27038,20,0,96,-2,22,2,4421,0,103,96
05-09-21,Out of State,17636,5,13989,4,3647,1,15844,5,651717,328,667561,333,1,98,-2,156,6,17382,0,214,98
05-09-21,Overton,3015,2,2257,0,758,2,2659,0,15400,11,18059,11,0,61,2,19,0,2935,0,64,61
05-09-21,Pending,16764,1,10787,0,5977,1,11995,0,430032,376,442027,376,0,134,-8,123,9,16507,0,139,133
05-09-21,Perry,1066,0,915,0,151,0,1031,0,6192,1,7223,1,0,28,-1,7,1,1031,0,28,28
05-09-21,Pickett,756,0,500,0,256,0,602,0,3997,1,4599,1,0,24,0,2,0,730,0,28,24
05-09-21,Polk,2074,2,1860,2,214,0,2065,3,9850,7,11915,10,0,24,-1,44,3,2006,0,91,24
05-09-21,Putnam,11386,1,9249,1,2137,0,11082,1,74209,44,85291,45,0,175,-4,112,5,11099,0,211,175
05-09-21,Rhea,4347,0,3755,0,592,0,4204,0,27593,30,31797,30,0,75,-1,23,1,4249,0,84,75
05-09-21,Roane,6299,2,4838,2,1461,0,5390,2,44441,23,49831,25,0,105,-5,53,7,6141,0,152,105
05-09-21,Robertson,9756,5,7625,3,2131,2,8596,4,45495,43,54091,47,0,131,0,63,5,9562,1,439,132
05-09-21,Rutherford,43073,16,36692,13,6381,3,42630,14,250043,232,292673,246,1,435,-22,389,37,42249,0,597,436
05-09-21,Scott,3133,0,1711,0,1422,0,1828,0,11878,1,13706,1,0,45,-6,47,6,3041,0,68,45
05-09-21,Sequatchie,1700,0,1323,0,377,0,1447,0,12077,6,13524,6,0,29,0,21,0,1650,0,41,29
05-09-21,Sevier,13392,14,11388,12,2004,2,12552,13,69187,76,81739,89,0,175,4,130,10,13087,0,284,175
05-09-21,Shelby,95842,83,88585,73,7257,10,109031,85,1038807,1071,1147838,1156,2,1622,-19,1518,100,92702,4,3757,1635
05-09-21,Smith,2773,0,2070,0,703,0,2591,0,14099,11,16690,11,0,39,-1,20,1,2714,0,59,39
05-09-21,Stewart,1323,0,1001,0,322,0,1135,0,7167,6,8302,6,0,28,-1,8,1,1287,0,26,28
05-09-21,Sullivan,16833,12,14611,10,2222,2,15706,10,93843,134,109549,144,1,295,-14,352,25,16186,0,779,296
05-09-21,Sumner,24025,13,21169,8,2856,5,23974,12,127912,121,151886,133,0,349,-15,304,28,23372,0,716,348
05-09-21,Tipton,7356,5,5091,4,2265,1,6143,5,50077,52,56220,57,-1,102,1,88,5,7166,0,161,101
05-09-21,Trousdale,2502,0,2342,0,160,0,2510,0,9531,4,12041,4,0,22,0,6,0,2474,0,41,22
05-09-21,Unicoi,2035,1,1536,1,499,0,1688,1,14029,7,15717,8,0,49,-4,42,5,1944,1,71,49
05-09-21,Union,1912,0,1601,0,311,0,1726,0,10900,12,12626,12,0,34,-2,15,2,1863,0,59,34
05-09-21,Van Buren,848,0,698,0,150,0,773,0,5408,1,6181,1,0,23,-1,3,1,822,0,23,23
05-09-21,Warren,5527,1,4700,1,827,0,5342,1,34283,13,39625,14,0,81,-1,15,2,5431,0,84,81
05-09-21,Washington,14590,9,12490,7,2100,2,13724,7,87764,104,101488,111,0,245,-12,203,21,14142,4,374,245
05-09-21,Wayne,2959,0,2374,0,585,0,2612,0,11487,9,14099,9,0,34,0,16,0,2909,0,61,34
05-09-21,Weakley,4146,6,3034,1,1112,5,3469,2,22204,9,25673,11,0,65,-1,77,7,4004,0,79,65
05-09-21,White,3650,1,2964,1,686,0,3613,1,23456,17,27069,18,0,70,-5,63,6,3517,0,116,70
05-09-21,Williamson,28021,14,23523,9,4498,5,26117,8,192957,178,219074,186,0,217,-10,264,24,27540,0,294,217
05-09-21,Wilson,18819,8,16884,7,1935,1,19188,6,112663,139,131851,145,1,235,-3,180,10,18404,1,341,236
05-08-21,Anderson,8741,6,6495,3,2246,3,7291,2,64443,70,71734,72,0,172,-6,61,12,8508,1,218,172
05-08-21,Bedford,6507,4,5102,4,1405,0,5882,5,32724,24,38606,29,0,128,1,44,3,6335,0,138,128
05-08-21,Benton,1665,1,1302,1,363,0,1442,1,9313,10,10755,11,0,40,0,25,1,1600,0,39,40
05-08-21,Bledsoe,2144,2,1929,0,215,2,2047,0,16494,24,18541,24,0,11,0,25,2,2108,0,32,11
05-08-21,Blount,15480,10,13139,5,2341,5,14513,5,78505,125,93018,130,0,193,-4,184,14,15103,0,355,196
05-08-21,Bradley,15040,12,12237,6,2803,6,13901,8,69553,94,83454,102,0,150,-6,200,18,14690,2,672,151
05-08-21,Campbell,4155,3,2266,0,1889,3,2543,0,25361,11,27904,11,0,63,-1,33,4,4059,0,127,63
05-08-21,Cannon,1921,0,1530,0,391,0,1704,0,9642,13,11346,13,0,31,-1,19,1,1871,0,39,31
05-08-21,Carroll,3615,1,2350,1,1265,0,2790,1,20022,15,22812,16,0,83,0,30,1,3502,0,83,83
05-08-21,Carter,6630,0,5748,0,882,0,6316,0,39626,87,45942,87,0,158,-5,97,5,6375,0,232,158
05-08-21,Cheatham,4555,1,3458,1,1097,0,3908,1,28511,43,32419,44,0,55,0,40,1,4460,0,90,56
05-08-21,Chester,2143,1,1532,1,611,0,1825,1,12306,7,14131,8,0,51,-3,27,4,2065,0,45,51
05-08-21,Claiborne,3176,0,2028,0,1148,0,2176,0,24927,18,27103,18,0,73,-4,29,4,3074,0,95,74
05-08-21,Clay,1102,0,755,0,347,0,872,0,5749,5,6621,5,0,31,0,0,0,1071,0,25,30
05-08-21,Cocke,4505,5,2957,1,1548,4,3263,1,23000,20,26263,21,0,99,2,40,3,4366,0,119,99
05-08-21,Coffee,6895,1,4756,1,2139,0,5814,1,46893,55,52707,56,0,121,-2,38,3,6736,0,126,122
05-08-21,Crockett,2030,0,1220,0,810,0,1425,0,7489,3,8914,3,0,48,0,10,0,1972,0,31,48
05-08-21,Cumberland,6734,5,5527,2,1207,3,6348,2,49782,23,56130,25,0,132,3,74,2,6528,0,165,133
05-08-21,Davidson,89317,53,83462,44,5855,9,101434,66,1034739,1803,1136173,1869,0,934,1,741,52,87642,1,1989,938
05-08-21,Decatur,1588,0,1171,0,417,0,1392,0,11099,3,12491,3,0,39,0,9,0,1540,0,40,39
05-08-21,Dekalb,2797,4,2059,3,738,1,2377,3,17460,18,19837,21,0,54,3,21,1,2722,0,56,54
05-08-21,Dickson,6837,1,4953,1,1884,0,5848,1,36968,37,42816,38,0,110,-2,38,3,6689,0,121,113
05-08-21,Dyer,5422,0,3563,0,1859,0,4024,1,22295,16,26319,17,0,106,-2,31,2,5285,0,111,106
05-08-21,Fayette,5082,7,4304,4,778,3,5324,9,39250,73,44574,82,0,77,2,105,5,4900,0,136,77
05-08-21,Fentress,2422,0,2080,0,342,0,2374,0,13630,39,16004,39,0,47,-3,22,3,2353,0,64,47
05-08-21,Franklin,5146,2,4268,1,878,1,4995,1,39497,24,44492,25,0,90,0,33,2,5023,0,110,90
05-08-21,Gibson,6514,3,3909,3,2605,0,4733,3,30401,34,35134,37,0,146,-3,43,6,6325,0,116,146
05-08-21,Giles,3991,0,3273,0,718,0,3767,4,23514,34,27281,38,0,100,-1,30,1,3861,0,111,100
05-08-21,Grainger,2628,2,1934,1,694,1,2169,1,14372,15,16541,16,0,50,1,18,1,2560,0,73,50
05-08-21,Greene,7868,6,6270,6,1598,0,6978,6,52594,53,59572,59,0,155,3,75,3,7638,0,196,156
05-08-21,Grundy,1790,0,1496,0,294,0,1714,0,9489,4,11203,4,0,34,-1,6,1,1750,0,62,34
05-08-21,Hamblen,8601,2,5964,0,2637,2,6703,1,47000,22,53703,23,0,173,-4,59,6,8369,0,266,173
05-08-21,Hamilton,44306,21,37912,11,6394,10,42506,14,328732,379,371238,393,0,494,-7,429,28,43383,0,1178,495
05-08-21,Hancock,591,0,408,0,183,0,434,0,4042,2,4476,2,0,12,-3,11,3,568,0,23,12
05-08-21,Hardeman,3523,0,2828,0,695,0,3304,0,25791,30,29095,30,0,64,-3,38,3,3421,0,105,64
05-08-21,Hardin,3570,2,2406,1,1164,1,2860,1,23951,27,26811,28,0,67,-1,24,3,3479,0,68,68
05-08-21,Hawkins,6096,12,4917,10,1179,2,5256,10,36263,33,41519,43,0,107,6,191,6,5798,0,158,107
05-08-21,Haywood,2706,1,2267,1,439,0,2587,1,13923,9,16510,10,0,62,-2,15,3,2629,0,83,62
05-08-21,Henderson,3789,0,2618,0,1171,0,3269,0,16311,10,19580,10,0,76,-1,26,1,3687,0,79,76
05-08-21,Henry,3186,4,2445,3,741,1,2827,5,18179,8,21006,13,0,76,4,48,0,3062,0,77,76
05-08-21,Hickman,2843,2,2288,2,555,0,2638,3,17034,15,19672,18,0,46,2,21,0,2776,0,58,46
05-08-21,Houston,1094,0,822,0,272,0,942,0,10778,6,11720,6,0,33,0,6,0,1055,0,40,33
05-08-21,Humphreys,1800,1,1141,0,659,1,1328,0,12058,10,13386,10,0,27,0,28,1,1745,0,36,28
05-08-21,Jackson,1319,1,1028,0,291,1,1200,0,5665,6,6865,6,0,36,0,11,1,1272,0,41,36
05-08-21,Jefferson,6209,6,4229,3,1980,3,4782,3,39898,26,44680,29,0,124,-3,79,9,6006,0,196,124
05-08-21,Johnson,2408,0,2085,0,323,0,2220,1,16276,22,18496,23,0,39,-3,44,3,2325,0,58,39
05-08-21,Knox,51096,20,42620,11,8476,9,46652,14,335475,315,382127,329,0,635,-19,445,39,50016,1,1387,635
05-08-21,Lake,1701,0,1511,0,190,0,1781,0,10290,2,12071,2,0,26,0,4,0,1671,0,27,26
05-08-21,Lauderdale,3194,2,2485,1,709,1,2851,1,21563,31,24414,32,0,44,1,36,1,3114,0,85,43
05-08-21,Lawrence,5939,6,4616,4,1323,2,5091,4,30149,27,35240,31,0,87,3,94,3,5758,0,153,89
05-08-21,Lewis,1581,0,1177,0,404,0,1274,0,10125,5,11399,5,0,26,0,12,0,1543,0,43,26
05-08-21,Lincoln,4354,2,3352,1,1002,1,3809,1,18078,19,21887,20,0,63,0,32,2,4259,0,86,62
05-08-21,Loudon,6153,3,4682,1,1471,2,5126,1,32093,37,37219,38,0,69,-1,76,4,6008,0,139,69
05-08-21,Macon,3620,2,2800,1,820,1,3294,1,17273,28,20567,29,0,78,-1,18,3,3524,0,129,78
05-08-21,Madison,11169,8,6245,7,4924,1,7537,7,56793,61,64330,68,0,242,4,-43,4,10970,0,337,241
05-08-21,Marion,3121,2,2666,2,455,0,2983,2,20135,12,23118,14,0,47,1,8,1,3066,0,115,47
05-08-21,Marshall,4190,3,3274,3,916,0,3706,5,23629,17,27335,22,0,58,2,49,1,4083,0,92,58
05-08-21,Maury,13496,5,11779,4,1717,1,13009,4,76716,78,89725,82,0,172,-9,163,14,13161,0,297,171
05-08-21,McMinn,6504,0,5752,0,752,0,6340,0,43672,19,50012,19,0,98,-5,65,5,6341,0,164,98
05-08-21,McNairy,2821,2,1988,0,833,2,2412,0,18754,83,21166,83,0,54,0,18,2,2749,0,66,54
05-08-21,Meigs,1390,0,1243,0,147,0,1381,0,8283,7,9664,7,0,25,-2,15,2,1350,0,46,25
05-08-21,Monroe,5847,1,4601,1,1246,0,5159,1,28134,18,33293,19,0,95,-4,59,5,5693,0,160,96
05-08-21,Montgomery,20296,32,14884,22,5412,10,16353,25,122519,158,138872,183,0,225,9,256,23,19815,0,307,227
05-08-21,Moore,1012,1,779,1,233,0,879,1,4948,3,5827,4,0,17,1,7,0,988,0,18,17
05-08-21,Morgan,2500,3,1828,2,672,1,1986,2,15695,18,17681,20,0,39,3,27,0,2434,0,46,39
05-08-21,Obion,4539,0,3350,0,1189,0,3799,1,23219,17,27018,18,0,96,0,24,0,4419,0,103,96
05-08-21,Out of State,17631,14,13985,8,3646,6,15839,14,651389,590,667228,604,0,97,1,158,13,17376,1,214,98
05-08-21,Overton,3013,1,2257,1,756,0,2659,1,15389,9,18048,10,0,61,1,17,0,2935,0,64,61
05-08-21,Pending,16763,11,10787,5,5976,6,11995,5,429656,688,441651,693,0,134,3,131,8,16498,0,139,133
05-08-21,Perry,1066,1,915,1,151,0,1031,1,6191,5,7222,6,0,28,1,8,0,1030,0,28,28
05-08-21,Pickett,756,0,500,0,256,0,602,0,3996,1,4598,1,0,24,-1,2,1,730,0,28,24
05-08-21,Polk,2072,1,1858,1,214,0,2062,1,9843,13,11905,14,0,24,1,45,0,2003,0,91,24
05-08-21,Putnam,11385,4,9248,3,2137,1,11081,4,74165,38,85246,42,0,175,-2,116,6,11094,0,211,175
05-08-21,Rhea,4347,0,3755,0,592,0,4204,0,27563,9,31767,9,0,75,-2,24,2,4248,0,84,75
05-08-21,Roane,6297,7,4836,5,1461,2,5388,5,44418,55,49806,60,0,105,0,58,7,6134,0,152,105
05-08-21,Robertson,9751,2,7622,2,2129,0,8592,3,45452,44,54044,47,0,131,-2,63,4,9557,0,438,131
05-08-21,Rutherford,43057,26,36679,20,6378,6,42616,25,249811,431,292427,456,0,434,-11,411,37,42212,0,597,435
05-08-21,Scott,3133,2,1711,0,1422,2,1828,0,11877,13,13705,13,0,45,-3,53,5,3035,0,68,45
05-08-21,Sequatchie,1700,1,1323,0,377,1,1447,0,12071,9,13518,9,0,29,1,21,0,1650,0,41,29
05-08-21,Sevier,13378,4,11376,3,2002,1,12539,5,69111,56,81650,61,0,175,-6,126,10,13077,0,284,175
05-08-21,Shelby,95759,119,88512,99,7247,20,108946,129,1037736,2250,1146682,2379,0,1620,12,1537,107,92602,4,3753,1634
05-08-21,Smith,2773,0,2070,0,703,0,2591,0,14088,13,16679,13,0,39,0,21,0,2713,0,59,39
05-08-21,Stewart,1323,0,1001,0,322,0,1135,0,7161,6,8296,6,0,28,0,9,0,1286,0,26,28
05-08-21,Sullivan,16821,13,14601,8,2220,5,15696,10,93709,116,109405,126,0,294,-6,366,19,16161,0,779,295
05-08-21,Sumner,24012,13,21161,9,2851,4,23962,14,127791,185,151753,199,0,349,-9,319,22,23344,0,716,348
05-08-21,Tipton,7351,4,5087,3,2264,1,6138,2,50025,70,56163,72,0,103,-1,87,5,7161,0,161,101
05-08-21,Trousdale,2502,0,2342,0,160,0,2510,0,9527,13,12037,13,0,22,0,6,0,2474,0,41,22
05-08-21,Unicoi,2034,4,1535,3,499,1,1687,3,14022,69,15709,72,0,49,-1,46,5,1939,0,70,49
05-08-21,Union,1912,2,1601,2,311,0,1726,2,10888,9,12614,11,0,34,1,17,1,1861,0,59,34
05-08-21,Van Buren,848,0,698,0,150,0,773,0,5407,3,6180,3,0,23,0,4,0,821,0,23,23
05-08-21,Warren,5526,0,4699,0,827,0,5341,0,34270,35,39611,35,0,81,-2,16,2,5429,0,84,81
05-08-21,Washington,14581,17,12483,16,2098,1,13717,16,87660,134,101377,150,0,245,-12,215,29,14121,1,370,245
05-08-21,Wayne,2959,0,2374,0,585,0,2612,0,11478,4,14090,4,0,34,0,16,0,2909,0,61,34
05-08-21,Weakley,4140,5,3033,4,1107,1,3467,4,22195,20,25662,24,0,65,-1,78,6,3997,1,79,65
05-08-21,White,3649,5,2963,1,686,4,3612,1,23439,23,27051,24,0,70,5,68,0,3511,0,116,70
05-08-21,Williamson,28007,11,23514,4,4493,7,26109,11,192779,279,218888,290,0,217,-3,274,14,27516,0,294,217
05-08-21,Wilson,18811,18,16877,16,1934,2,19182,21,112524,223,131706,244,0,234,13,183,5,18394,0,340,236
05-07-21,Anderson,8735,5,6492,2,2243,3,7289,3,64373,121,71662,124,0,172,-4,67,9,8496,0,217,172
05-07-21,Bedford,6503,6,5098,5,1405,1,5877,6,32700,74,38577,80,0,128,2,43,4,6332,0,138,128
05-07-21,Benton,1664,2,1301,1,363,1,1441,1,9303,12,10744,13,0,40,-1,25,3,1599,0,39,40
05-07-21,Bledsoe,2142,1,1929,0,213,1,2047,4,16470,43,18517,47,0,11,0,25,1,2106,0,32,11
05-07-21,Blount,15470,11,13134,9,2336,2,14508,10,78380,159,92888,169,0,193,-2,188,13,15089,0,355,196
05-07-21,Bradley,15028,21,12231,15,2797,6,13893,21,69459,131,83352,152,0,150,-7,206,28,14672,1,670,150
05-07-21,Campbell,4152,1,2266,0,1886,1,2543,0,25350,37,27893,37,0,63,-1,34,2,4055,0,127,63
05-07-21,Cannon,1921,2,1530,2,391,0,1704,2,9629,18,11333,20,0,31,1,20,1,1870,0,39,31
05-07-21,Carroll,3614,6,2349,0,1265,6,2789,1,20007,39,22796,40,0,83,4,30,2,3501,0,83,83
05-07-21,Carter,6630,11,5748,10,882,1,6316,10,39539,75,45855,85,0,158,-1,102,12,6370,0,232,158
05-07-21,Cheatham,4554,4,3457,4,1097,0,3907,4,28468,47,32375,51,0,55,-3,40,7,4459,0,90,56
05-07-21,Chester,2142,5,1531,2,611,3,1824,2,12299,20,14123,22,0,51,3,30,2,2061,0,45,51
05-07-21,Claiborne,3176,1,2028,0,1148,1,2176,0,24909,71,27085,71,0,73,-12,33,13,3070,0,95,74
05-07-21,Clay,1102,2,755,1,347,1,872,2,5744,7,6616,9,0,31,2,0,0,1071,0,25,30
05-07-21,Cocke,4500,7,2956,0,1544,7,3262,0,22980,72,26242,72,0,99,-2,38,9,4363,0,119,99
05-07-21,Coffee,6894,7,4755,3,2139,4,5813,3,46838,63,52651,66,0,121,4,40,3,6733,0,126,122
05-07-21,Crockett,2030,0,1220,0,810,0,1425,0,7486,9,8911,9,0,48,-2,10,2,1972,0,31,48
05-07-21,Cumberland,6729,8,5525,3,1204,5,6346,5,49759,128,56105,133,0,132,0,71,8,6526,0,165,133
05-07-21,Davidson,89264,78,83418,66,5846,12,101368,87,1032936,2230,1134304,2317,1,934,-20,740,97,87590,3,1988,938
05-07-21,Decatur,1588,2,1171,0,417,2,1392,0,11096,12,12488,12,0,39,2,9,0,1540,0,40,39
05-07-21,Dekalb,2793,1,2056,1,737,0,2374,1,17442,48,19816,49,0,54,0,18,1,2721,0,56,54
05-07-21,Dickson,6836,3,4952,3,1884,0,5847,4,36931,98,42778,102,0,110,1,40,2,6686,0,121,113
05-07-21,Dyer,5422,3,3563,2,1859,1,4023,1,22279,43,26302,44,0,106,-2,33,5,5283,0,111,106
05-07-21,Fayette,5075,16,4300,9,775,7,5315,12,39177,78,44492,90,0,77,10,103,6,4895,0,136,77
05-07-21,Fentress,2422,8,2080,7,342,1,2374,7,13591,78,15965,85,0,47,2,25,6,2350,1,64,47
05-07-21,Franklin,5144,2,4267,2,877,0,4994,1,39473,26,44467,27,0,90,1,33,1,5021,0,110,90
05-07-21,Gibson,6511,4,3906,3,2605,1,4730,2,30367,53,35097,55,0,146,-3,46,7,6319,0,116,146
05-07-21,Giles,3991,3,3273,2,718,1,3763,4,23480,52,27243,56,0,100,1,31,2,3860,0,111,100
05-07-21,Grainger,2626,2,1933,1,693,1,2168,1,14357,28,16525,29,0,50,0,17,2,2559,1,73,50
05-07-21,Greene,7862,13,6264,11,1598,2,6972,13,52541,165,59513,178,0,155,4,72,9,7635,0,196,156
05-07-21,Grundy,1790,0,1496,0,294,0,1714,0,9485,10,11199,10,0,34,0,7,0,1749,0,62,34
05-07-21,Hamblen,8599,5,5964,2,2635,3,6702,1,46978,65,53680,66,0,173,1,63,4,8363,0,266,173
05-07-21,Hamilton,44285,55,37901,37,6384,18,42492,41,328353,500,370845,541,0,494,16,436,39,43355,1,1178,494
05-07-21,Hancock,591,2,408,2,183,0,434,2,4040,6,4474,8,0,12,-2,14,4,565,0,23,12
05-07-21,Hardeman,3523,8,2828,7,695,1,3304,7,25761,33,29065,40,0,64,7,41,1,3418,0,105,64
05-07-21,Hardin,3568,4,2405,2,1163,2,2859,4,23924,40,26783,44,0,67,-1,25,5,3476,0,68,68
05-07-21,Hawkins,6084,28,4907,18,1177,10,5246,19,36230,104,41476,123,0,107,15,185,13,5792,0,158,107
05-07-21,Haywood,2705,0,2266,0,439,0,2586,1,13914,10,16500,11,0,62,-1,17,1,2626,0,83,62
05-07-21,Henderson,3789,1,2618,0,1171,1,3269,0,16301,18,19570,18,0,76,-1,27,2,3686,0,79,76
05-07-21,Henry,3182,5,2442,2,740,3,2822,2,18171,32,20993,34,0,76,-1,44,6,3062,0,77,76
05-07-21,Hickman,2841,3,2286,2,555,1,2635,2,17019,34,19654,36,0,46,-2,19,5,2776,0,58,46
05-07-21,Houston,1094,2,822,0,272,2,942,0,10772,21,11714,21,0,33,2,6,0,1055,0,40,33
05-07-21,Humphreys,1799,2,1141,0,658,2,1328,0,12048,30,13376,30,0,27,-2,28,4,1744,0,36,28
05-07-21,Jackson,1318,4,1028,0,290,4,1200,0,5659,8,6859,8,0,36,4,11,0,1271,0,41,36
05-07-21,Jefferson,6203,4,4226,1,1977,3,4779,2,39872,58,44651,60,0,124,-3,82,7,5997,0,196,124
05-07-21,Johnson,2408,2,2085,1,323,1,2219,1,16254,36,18473,37,0,39,-1,47,3,2322,0,58,39
05-07-21,Knox,51076,43,42609,29,8467,14,46638,33,335160,572,381798,605,0,635,3,464,40,49977,0,1386,635
05-07-21,Lake,1701,1,1511,1,190,0,1781,1,10288,5,12069,6,0,26,-2,4,3,1671,1,27,26
05-07-21,Lauderdale,3192,8,2484,6,708,2,2850,7,21532,44,24382,51,0,44,3,35,5,3113,1,85,43
05-07-21,Lawrence,5933,11,4612,7,1321,4,5087,8,30122,48,35209,56,0,87,5,91,6,5755,0,153,88
05-07-21,Lewis,1581,1,1177,1,404,0,1274,1,10120,16,11394,17,0,26,-1,12,2,1543,0,43,26
05-07-21,Lincoln,4352,6,3351,3,1001,3,3808,3,18059,28,21867,31,0,63,1,32,5,4257,0,86,62
05-07-21,Loudon,6150,7,4681,3,1469,4,5125,5,32056,65,37181,70,0,69,0,77,7,6004,0,139,69
05-07-21,Macon,3618,3,2799,1,819,2,3293,1,17245,21,20538,22,0,78,2,19,1,3521,0,129,78
05-07-21,Madison,11161,19,6238,11,4923,8,7530,11,56732,133,64262,144,0,242,10,-47,9,10966,0,337,241
05-07-21,Marion,3119,2,2664,2,455,0,2981,2,20123,23,23104,25,0,47,-2,7,4,3065,0,115,47
05-07-21,Marshall,4187,6,3271,3,916,3,3701,3,23612,25,27313,28,0,58,3,47,3,4082,0,92,58
05-07-21,Maury,13491,12,11775,8,1716,4,13005,8,76638,132,89643,140,0,172,7,172,5,13147,1,297,171
05-07-21,McMinn,6504,10,5752,9,752,1,6340,9,43653,77,49993,86,0,98,0,70,10,6336,0,164,98
05-07-21,McNairy,2819,4,1988,2,831,2,2412,2,18671,38,21083,40,0,54,0,18,4,2747,0,66,54
05-07-21,Meigs,1390,1,1243,1,147,0,1381,1,8276,15,9657,16,0,25,-3,17,4,1348,0,46,25
05-07-21,Monroe,5846,12,4600,10,1246,2,5158,10,28116,76,33274,86,0,95,5,63,7,5688,2,160,96
05-07-21,Montgomery,20264,30,14862,23,5402,7,16328,26,122361,242,138689,268,0,225,-12,247,42,19792,0,307,227
05-07-21,Moore,1011,0,778,0,233,0,878,0,4945,7,5823,7,0,17,-1,6,1,988,0,18,17
05-07-21,Morgan,2497,3,1826,3,671,0,1984,3,15677,43,17661,46,0,39,1,24,2,2434,0,46,39
05-07-21,Obion,4539,4,3350,3,1189,1,3798,3,23202,38,27000,41,0,96,1,24,3,4419,0,103,96
05-07-21,Out of State,17617,16,13977,11,3640,5,15825,13,650799,1034,666624,1047,0,97,-2,157,18,17363,0,213,98
05-07-21,Overton,3012,3,2256,2,756,1,2658,2,15380,19,18038,21,0,61,3,16,0,2935,0,64,61
05-07-21,Pending,16752,21,10782,13,5970,8,11990,14,428968,1275,440958,1289,0,134,4,128,17,16490,0,139,133
05-07-21,Perry,1065,0,914,0,151,0,1030,0,6186,8,7216,8,0,28,-1,7,1,1030,0,28,28
05-07-21,Pickett,756,0,500,0,256,0,602,0,3995,2,4597,2,0,24,0,3,0,729,0,28,24
05-07-21,Polk,2071,1,1857,1,214,0,2061,1,9830,21,11891,22,0,24,-6,44,7,2003,0,91,24
05-07-21,Putnam,11381,17,9245,15,2136,2,11077,17,74127,113,85204,130,0,175,6,118,11,11088,1,211,175
05-07-21,Rhea,4347,4,3755,3,592,1,4204,5,27554,56,31758,61,0,75,4,26,0,4246,0,84,75
05-07-21,Roane,6290,12,4831,7,1459,5,5383,7,44363,110,49746,117,0,105,9,58,3,6127,0,152,105
05-07-21,Robertson,9749,6,7620,5,2129,1,8589,5,45408,97,53997,102,0,131,-6,65,12,9553,0,438,131
05-07-21,Rutherford,43031,32,36659,20,6372,12,42591,26,249380,582,291971,608,0,434,-13,422,45,42175,1,597,434
05-07-21,Scott,3131,8,1711,2,1420,6,1828,2,11864,14,13692,16,0,45,4,56,4,3030,1,68,45
05-07-21,Sequatchie,1699,3,1323,1,376,2,1447,1,12062,26,13509,27,0,29,3,20,0,1650,0,41,29
05-07-21,Sevier,13374,15,11373,4,2001,11,12534,3,69055,101,81589,104,0,175,3,132,12,13067,1,284,175
05-07-21,Shelby,95640,166,88413,148,7227,18,108817,179,1035486,2437,1144303,2616,1,1620,24,1525,141,92495,6,3749,1631
05-07-21,Smith,2773,2,2070,2,703,0,2591,2,14075,25,16666,27,0,39,1,21,1,2713,0,59,39
05-07-21,Stewart,1323,1,1001,1,322,0,1135,1,7155,8,8290,9,0,28,1,9,0,1286,0,26,28
05-07-21,Sullivan,16808,47,14593,36,2215,11,15686,34,93593,179,109279,213,0,294,11,372,36,16142,1,779,294
05-07-21,Sumner,23999,34,21152,23,2847,11,23948,26,127606,226,151554,252,0,349,-4,328,38,23322,0,716,348
05-07-21,Tipton,7347,8,5084,3,2263,5,6136,3,49955,110,56091,113,0,103,3,88,5,7156,0,161,101
05-07-21,Trousdale,2502,1,2342,1,160,0,2510,1,9514,15,12024,16,0,22,0,6,1,2474,0,41,22
05-07-21,Unicoi,2030,2,1532,1,498,1,1684,2,13953,42,15637,44,0,49,-5,47,7,1934,0,70,49
05-07-21,Union,1910,3,1599,1,311,2,1724,1,10879,14,12603,15,0,34,2,16,1,1860,0,59,34
05-07-21,Van Buren,848,1,698,0,150,1,773,0,5404,5,6177,5,0,23,1,4,0,821,0,23,23
05-07-21,Warren,5526,2,4699,2,827,0,5341,3,34235,67,39576,70,0,81,0,18,2,5427,0,84,81
05-07-21,Washington,14564,18,12467,14,2097,4,13701,16,87526,225,101227,241,0,245,-7,227,25,14092,0,369,245
05-07-21,Wayne,2959,0,2374,0,585,0,2612,0,11474,5,14086,5,0,34,-1,16,1,2909,0,61,34
05-07-21,Weakley,4135,10,3029,6,1106,4,3463,6,22175,25,25638,31,0,65,8,79,2,3991,1,78,65
05-07-21,White,3644,12,2962,11,682,1,3611,12,23416,42,27027,54,0,70,8,63,4,3511,1,116,70
05-07-21,Williamson,27996,25,23510,18,4486,7,26098,21,192500,316,218598,337,0,217,-9,277,34,27502,0,294,217
05-07-21,Wilson,18793,22,16861,18,1932,4,19161,21,112301,258,131462,279,0,234,2,170,20,18389,0,340,236
05-06-21,Anderson,8730,4,6490,3,2240,1,7286,6,64252,52,71538,58,0,172,-6,71,10,8487,0,217,172
05-06-21,Bedford,6497,2,5093,2,1404,0,5871,3,32626,29,38497,32,0,128,-1,41,3,6328,0,138,128
05-06-21,Benton,1662,0,1300,0,362,0,1440,1,9291,6,10731,7,0,40,-2,26,2,1596,0,39,40
05-06-21,Bledsoe,2141,5,1929,4,212,1,2043,2,16427,46,18470,48,0,11,-3,25,8,2105,0,32,11
05-06-21,Blount,15459,9,13125,6,2334,3,14498,6,78221,101,92719,107,0,193,-13,190,22,15076,0,355,196
05-06-21,Bradley,15007,19,12216,12,2791,7,13872,12,69328,110,83200,122,1,150,-15,213,33,14644,1,669,150
05-06-21,Campbell,4151,1,2266,1,1885,0,2543,1,25313,14,27856,15,0,63,1,35,0,4053,0,127,63
05-06-21,Cannon,1919,0,1528,0,391,0,1702,0,9611,8,11313,8,0,31,-2,19,2,1869,0,39,31
05-06-21,Carroll,3608,4,2349,0,1259,4,2788,0,19968,18,22756,18,0,83,3,26,1,3499,0,83,83
05-06-21,Carter,6619,7,5738,5,881,2,6306,7,39464,57,45770,64,0,158,-2,103,9,6358,0,232,158
05-06-21,Cheatham,4550,4,3453,1,1097,3,3903,1,28421,30,32324,31,0,55,-5,43,9,4452,0,90,56
05-06-21,Chester,2137,2,1529,2,608,0,1822,2,12279,12,14101,14,0,51,-1,27,3,2059,1,45,51
05-06-21,Claiborne,3175,5,2028,1,1147,4,2176,3,24838,22,27014,25,0,73,-5,45,10,3057,0,95,74
05-06-21,Clay,1100,0,754,0,346,0,870,0,5737,2,6607,2,0,31,0,-2,0,1071,0,25,30
05-06-21,Cocke,4493,5,2956,1,1537,4,3262,2,22908,18,26170,20,0,99,3,40,2,4354,0,119,99
05-06-21,Coffee,6887,4,4752,4,2135,0,5810,5,46775,27,52585,32,0,121,-7,36,11,6730,0,126,122
05-06-21,Crockett,2030,0,1220,0,810,0,1425,1,7477,4,8902,5,0,48,-2,12,2,1970,0,31,48
05-06-21,Cumberland,6721,4,5522,1,1199,3,6341,5,49631,38,55972,43,0,132,-12,71,16,6518,0,165,133
05-06-21,Davidson,89186,56,83352,43,5834,13,101281,53,1030706,1421,1131987,1474,0,933,-44,760,100,87493,3,1985,936
05-06-21,Decatur,1586,0,1171,0,415,0,1392,0,11084,11,12476,11,0,39,0,7,0,1540,0,40,39
05-06-21,Dekalb,2792,2,2055,1,737,1,2373,1,17394,14,19767,15,0,54,0,18,2,2720,0,56,54
05-06-21,Dickson,6833,4,4949,3,1884,1,5843,3,36833,60,42676,63,0,110,0,39,4,6684,0,121,113
05-06-21,Dyer,5419,4,3561,3,1858,1,4022,3,22236,14,26258,17,0,106,-2,35,6,5278,2,111,106
05-06-21,Fayette,5059,10,4291,8,768,2,5303,11,39099,59,44402,70,0,77,8,93,2,4889,1,136,77
05-06-21,Fentress,2414,1,2073,0,341,1,2367,1,13513,6,15880,7,0,47,1,23,0,2344,0,63,47
05-06-21,Franklin,5142,2,4265,0,877,2,4993,0,39447,26,44440,26,0,90,-2,32,4,5020,0,110,90
05-06-21,Gibson,6507,3,3903,2,2604,1,4728,4,30314,71,35042,75,1,146,-5,49,7,6312,0,116,146
05-06-21,Giles,3988,2,3271,0,717,2,3759,0,23428,14,27187,14,0,100,0,30,2,3858,0,111,100
05-06-21,Grainger,2624,1,1932,0,692,1,2167,0,14329,9,16496,9,0,50,-1,17,2,2557,0,72,50
05-06-21,Greene,7849,11,6253,11,1596,0,6959,11,52376,157,59335,168,0,155,4,68,7,7626,1,196,156
05-06-21,Grundy,1790,1,1496,1,294,0,1714,1,9475,14,11189,15,0,34,1,7,0,1749,0,62,34
05-06-21,Hamblen,8594,5,5962,1,2632,4,6701,1,46913,30,53614,31,0,173,1,62,4,8359,1,266,173
05-06-21,Hamilton,44230,53,37864,39,6366,14,42451,43,327853,470,370304,513,2,494,2,420,49,43316,1,1177,494
05-06-21,Hancock,589,0,406,0,183,0,432,0,4034,4,4466,4,0,12,-3,16,3,561,0,23,12
05-06-21,Hardeman,3515,4,2821,1,694,3,3297,1,25728,31,29025,32,0,64,-2,34,6,3417,0,105,64
05-06-21,Hardin,3564,0,2403,0,1161,0,2855,0,23884,14,26739,14,0,67,-3,26,3,3471,0,68,68
05-06-21,Hawkins,6056,15,4889,8,1167,7,5227,7,36126,55,41353,62,0,107,-6,170,21,5779,0,158,107
05-06-21,Haywood,2705,1,2266,1,439,0,2585,1,13904,22,16489,23,0,62,-1,18,2,2625,0,83,62
05-06-21,Henderson,3788,1,2618,0,1170,1,3269,1,16283,14,19552,15,0,76,-3,28,4,3684,0,79,76
05-06-21,Henry,3177,3,2440,0,737,3,2820,0,18139,18,20959,18,0,76,-2,45,5,3056,0,77,76
05-06-21,Hickman,2838,3,2284,2,554,1,2633,2,16985,15,19618,17,0,46,0,21,3,2771,0,58,46
05-06-21,Houston,1092,1,822,0,270,1,942,0,10751,1,11693,1,0,33,0,4,1,1055,0,40,33
05-06-21,Humphreys,1797,3,1141,0,656,3,1328,0,12018,17,13346,17,1,27,-1,30,3,1740,0,36,27
05-06-21,Jackson,1314,0,1028,0,286,0,1200,1,5651,3,6851,4,0,36,-1,7,1,1271,0,41,36
05-06-21,Jefferson,6199,9,4225,6,1974,3,4777,6,39814,30,44591,36,0,124,7,85,2,5990,0,196,124
05-06-21,Johnson,2406,1,2084,1,322,0,2218,1,16218,39,18436,40,0,39,-5,48,6,2319,0,58,39
05-06-21,Knox,51033,39,42580,25,8453,14,46605,27,334588,337,381193,364,1,635,-9,461,47,49937,0,1386,635
05-06-21,Lake,1700,1,1510,1,190,0,1780,1,10283,10,12063,11,0,26,0,6,1,1668,0,26,26
05-06-21,Lauderdale,3184,1,2478,1,706,0,2843,1,21488,23,24331,24,0,44,-3,32,4,3108,0,84,43
05-06-21,Lawrence,5922,9,4605,6,1317,3,5079,6,30074,36,35153,42,0,87,0,86,9,5749,0,153,88
05-06-21,Lewis,1580,1,1176,1,404,0,1273,1,10104,3,11377,4,0,26,0,13,1,1541,0,43,26
05-06-21,Lincoln,4346,3,3348,2,998,1,3805,2,18031,19,21836,21,0,63,-3,31,6,4252,0,86,62
05-06-21,Loudon,6143,6,4678,4,1465,2,5120,8,31991,25,37111,33,0,69,3,77,3,5997,0,139,69
05-06-21,Macon,3615,2,2798,2,817,0,3292,2,17224,23,20516,25,0,78,1,17,1,3520,0,129,78
05-06-21,Madison,11142,20,6227,13,4915,7,7519,9,56599,84,64118,93,0,242,15,-57,5,10957,0,337,241
05-06-21,Marion,3117,0,2662,0,455,0,2979,0,20100,26,23079,26,0,47,-2,9,2,3061,0,115,47
05-06-21,Marshall,4181,2,3268,0,913,2,3698,1,23587,19,27285,20,0,58,-2,44,4,4079,0,92,58
05-06-21,Maury,13479,6,11767,5,1712,1,12997,5,76506,61,89503,66,0,172,-13,165,19,13142,0,296,171
05-06-21,McMinn,6494,1,5743,1,751,0,6331,1,43576,29,49907,30,0,98,-13,70,14,6326,0,164,98
05-06-21,McNairy,2815,1,1986,0,829,1,2410,0,18633,14,21043,14,0,54,-1,18,2,2743,0,66,54
05-06-21,Meigs,1389,1,1242,0,147,1,1380,0,8261,9,9641,9,0,25,0,20,1,1344,0,46,25
05-06-21,Monroe,5834,2,4590,1,1244,1,5148,1,28040,24,33188,25,0,95,-7,58,9,5681,0,158,96
05-06-21,Montgomery,20234,25,14839,13,5395,12,16302,16,122119,302,138421,318,0,225,-31,259,56,19750,0,307,226
05-06-21,Moore,1011,1,778,1,233,0,878,1,4938,3,5816,4,0,17,0,7,1,987,0,18,17
05-06-21,Morgan,2494,0,1823,0,671,0,1981,0,15634,13,17615,13,0,39,0,23,0,2432,0,46,39
05-06-21,Obion,4535,1,3347,0,1188,1,3795,1,23164,20,26959,21,0,96,-1,23,2,4416,0,103,96
05-06-21,Out of State,17601,19,13966,13,3635,6,15812,16,649765,1085,665577,1101,0,97,2,159,17,17345,0,213,97
05-06-21,Overton,3009,3,2254,2,755,1,2656,3,15361,11,18017,14,0,61,1,13,2,2935,0,64,61
05-06-21,Pending,16731,14,10769,4,5962,10,11976,5,427693,681,439669,686,0,134,-8,124,22,16473,0,139,133
05-06-21,Perry,1065,2,914,2,151,0,1030,2,6178,6,7208,8,0,28,1,8,1,1029,0,28,28
05-06-21,Pickett,756,1,500,0,256,1,602,0,3993,8,4595,8,0,24,0,3,1,729,0,28,24
05-06-21,Polk,2070,3,1856,3,214,0,2060,3,9809,10,11869,13,0,24,-1,50,4,1996,1,91,24
05-06-21,Putnam,11364,10,9230,7,2134,3,11060,8,74014,124,85074,132,0,175,-5,112,15,11077,0,210,175
05-06-21,Rhea,4343,6,3752,5,591,1,4199,4,27498,20,31697,24,0,75,3,22,3,4246,0,84,75
05-06-21,Roane,6278,2,4824,1,1454,1,5376,2,44253,61,49629,63,0,105,-1,49,3,6124,0,152,105
05-06-21,Robertson,9743,1,7615,1,2128,0,8584,2,45311,86,53895,88,0,131,-10,71,11,9541,0,438,131
05-06-21,Rutherford,42999,33,36639,23,6360,10,42565,23,248798,386,291363,409,0,434,-18,435,51,42130,0,596,434
05-06-21,Scott,3123,7,1709,2,1414,5,1826,2,11850,17,13676,19,0,45,0,52,7,3026,2,67,45
05-06-21,Sequatchie,1696,0,1322,0,374,0,1446,0,12036,4,13482,4,0,29,-2,17,2,1650,0,41,29
05-06-21,Sevier,13359,21,11369,14,1990,7,12531,15,68954,99,81485,114,0,175,8,129,13,13055,0,283,175
05-06-21,Shelby,95474,128,88265,111,7209,17,108638,130,1033049,2696,1141687,2826,3,1619,-24,1501,149,92354,7,3743,1630
05-06-21,Smith,2771,3,2068,0,703,3,2589,0,14050,19,16639,19,0,39,2,20,1,2712,0,59,39
05-06-21,Stewart,1322,0,1000,0,322,0,1134,0,7147,4,8281,4,0,28,-2,8,2,1286,0,26,28
05-06-21,Sullivan,16761,26,14557,23,2204,3,15652,36,93414,289,109066,325,0,294,-16,361,42,16106,1,778,294
05-06-21,Sumner,23965,27,21129,18,2836,9,23922,21,127380,152,151302,173,0,349,-4,332,31,23284,0,716,348
05-06-21,Tipton,7339,8,5081,2,2258,6,6133,3,49845,89,55978,92,0,103,1,85,7,7151,0,161,101
05-06-21,Trousdale,2501,2,2341,1,160,1,2509,1,9499,5,12008,6,0,22,1,6,1,2473,0,41,22
05-06-21,Unicoi,2028,2,1531,2,497,0,1682,2,13911,46,15593,48,0,49,-3,52,5,1927,0,70,49
05-06-21,Union,1907,0,1598,0,309,0,1723,0,10865,14,12588,14,0,34,-5,14,5,1859,0,59,34
05-06-21,Van Buren,847,0,698,0,149,0,773,0,5399,9,6172,9,0,23,-1,3,1,821,0,23,23
05-06-21,Warren,5524,1,4697,1,827,0,5338,1,34168,74,39506,75,0,81,-1,18,2,5425,0,84,81
05-06-21,Washington,14546,11,12453,11,2093,0,13685,12,87301,160,100986,172,0,245,-9,234,20,14067,0,369,245
05-06-21,Wayne,2959,0,2374,0,585,0,2612,0,11469,5,14081,5,0,34,0,17,0,2908,0,61,34
05-06-21,Weakley,4125,8,3023,3,1102,5,3457,3,22150,15,25607,18,1,65,-2,71,9,3989,1,77,65
05-06-21,White,3632,5,2951,4,681,1,3599,4,23374,23,26973,27,0,70,0,55,5,3507,1,115,70
05-06-21,Williamson,27971,32,23492,23,4479,9,26077,24,192184,261,218261,285,0,217,0,286,32,27468,0,294,217
05-06-21,Wilson,18771,21,16843,16,1928,5,19140,19,112043,168,131183,187,1,234,-2,168,22,18369,0,340,235
05-05-21,Anderson,8726,8,6487,4,2239,4,7280,2,64200,117,71480,119,0,172,-4,77,12,8477,0,217,172
05-05-21,Bedford,6495,2,5091,1,1404,1,5868,1,32597,34,38465,35,0,128,-3,42,5,6325,0,138,128
05-05-21,Benton,1662,7,1300,3,362,4,1439,2,9285,23,10724,25,0,40,6,28,1,1594,0,39,40
05-05-21,Bledsoe,2136,6,1925,3,211,3,2041,4,16381,15,18422,19,0,11,3,28,3,2097,0,32,11
05-05-21,Blount,15450,18,13119,9,2331,9,14492,15,78120,249,92612,264,0,193,-3,203,21,15054,0,355,195
05-05-21,Bradley,14988,15,12204,10,2784,5,13860,12,69218,136,83078,148,0,149,-10,228,25,14611,0,668,149
05-05-21,Campbell,4150,3,2265,3,1885,0,2542,3,25299,22,27841,25,0,63,-3,34,6,4053,0,127,63
05-05-21,Cannon,1919,2,1528,0,391,2,1702,1,9603,16,11305,17,0,31,1,21,1,1867,0,39,31
05-05-21,Carroll,3604,1,2349,0,1255,1,2788,0,19950,12,22738,12,0,83,-3,23,4,3498,0,83,83
05-05-21,Carter,6612,24,5733,12,879,12,6299,14,39407,201,45706,215,2,158,10,105,12,6349,0,232,158
05-05-21,Cheatham,4546,4,3452,2,1094,2,3902,2,28391,52,32293,54,0,55,3,48,1,4443,0,90,56
05-05-21,Chester,2135,2,1527,1,608,1,1820,1,12267,13,14087,14,0,51,0,28,2,2056,0,44,51
05-05-21,Claiborne,3170,2,2027,2,1143,0,2173,2,24816,41,26989,43,0,73,-4,50,6,3047,0,95,74
05-05-21,Clay,1100,0,754,0,346,0,870,0,5735,11,6605,11,0,31,0,-2,0,1071,0,25,30
05-05-21,Cocke,4488,5,2955,3,1533,2,3260,3,22890,116,26150,119,0,99,0,37,5,4352,0,119,99
05-05-21,Coffee,6883,4,4748,1,2135,3,5805,2,46748,71,52553,73,0,121,-2,43,6,6719,0,126,122
05-05-21,Crockett,2030,2,1220,1,810,1,1424,1,7473,19,8897,20,0,48,0,14,2,1968,0,31,48
05-05-21,Cumberland,6717,16,5521,9,1196,7,6336,10,49593,80,55929,90,3,132,2,83,11,6502,0,165,133
05-05-21,Davidson,89130,57,83309,40,5821,17,101228,56,1029285,2220,1130513,2276,1,933,-34,804,90,87393,2,1982,935
05-05-21,Decatur,1586,1,1171,0,415,1,1392,0,11073,7,12465,7,0,39,1,7,0,1540,0,40,39
05-05-21,Dekalb,2790,0,2054,0,736,0,2372,0,17380,25,19752,25,0,54,-6,18,6,2718,0,56,54
05-05-21,Dickson,6829,4,4946,3,1883,1,5840,3,36773,98,42613,101,0,110,-3,39,7,6680,0,121,112
05-05-21,Dyer,5415,6,3558,4,1857,2,4019,5,22222,27,26241,32,0,106,4,37,2,5272,0,109,106
05-05-21,Fayette,5049,19,4283,16,766,3,5292,19,39040,86,44332,105,2,77,7,85,10,4887,0,135,77
05-05-21,Fentress,2413,4,2073,1,340,3,2366,1,13507,29,15873,30,0,47,3,22,1,2344,0,63,47
05-05-21,Franklin,5140,10,4265,4,875,6,4993,6,39421,137,44414,143,0,90,6,34,4,5016,1,110,90
05-05-21,Gibson,6504,4,3901,0,2603,4,4724,0,30243,46,34967,46,0,145,-7,54,11,6305,0,116,146
05-05-21,Giles,3986,1,3271,1,715,0,3759,1,23414,27,27173,28,0,100,-1,30,2,3856,0,111,100
05-05-21,Grainger,2623,5,1932,1,691,4,2167,2,14320,27,16487,29,0,50,5,18,0,2555,0,72,50
05-05-21,Greene,7838,20,6242,19,1596,1,6948,19,52219,261,59167,280,0,155,14,64,6,7619,1,195,156
05-05-21,Grundy,1789,2,1495,0,294,2,1713,0,9461,40,11174,40,0,34,1,6,1,1749,0,62,34
05-05-21,Hamblen,8589,9,5961,2,2628,7,6700,2,46883,62,53583,64,0,173,0,61,9,8355,0,265,173
05-05-21,Hamilton,44177,30,37825,25,6352,5,42408,26,327383,559,369791,585,0,492,-12,418,42,43267,1,1176,494
05-05-21,Hancock,589,1,406,1,183,0,432,1,4030,7,4462,8,0,12,-2,19,3,558,0,23,12
05-05-21,Hardeman,3511,4,2820,1,691,3,3296,1,25697,62,28993,63,0,64,0,36,4,3411,0,105,64
05-05-21,Hardin,3564,3,2403,1,1161,2,2855,2,23870,33,26725,35,0,67,-5,29,8,3468,1,68,68
05-05-21,Hawkins,6041,43,4881,31,1160,12,5220,31,36071,106,41291,137,0,107,37,176,6,5758,0,158,107
05-05-21,Haywood,2704,5,2265,3,439,2,2584,3,13882,34,16466,37,0,62,4,19,1,2623,0,83,62
05-05-21,Henderson,3787,4,2618,1,1169,3,3268,1,16269,10,19537,11,0,76,-1,31,5,3680,0,79,76
05-05-21,Henry,3174,7,2440,4,734,3,2820,6,18121,30,20941,36,0,76,6,47,1,3051,0,77,76
05-05-21,Hickman,2835,2,2282,2,553,0,2631,2,16970,43,19601,45,0,46,0,21,2,2768,0,58,46
05-05-21,Houston,1091,0,822,0,269,0,942,0,10750,13,11692,13,0,33,-1,4,1,1054,0,40,33
05-05-21,Humphreys,1794,8,1141,3,653,5,1328,3,12001,40,13329,43,0,26,5,31,3,1737,0,36,27
05-05-21,Jackson,1314,1,1028,1,286,0,1199,2,5648,16,6847,18,1,36,-2,8,2,1270,0,41,36
05-05-21,Jefferson,6190,15,4219,3,1971,12,4771,5,39784,39,44555,44,0,124,6,78,9,5988,2,196,124
05-05-21,Johnson,2405,15,2083,5,322,10,2217,6,16179,133,18396,139,0,39,13,53,2,2313,0,58,39
05-05-21,Knox,50994,52,42555,32,8439,20,46578,41,334251,586,380829,627,0,634,8,470,44,49890,4,1386,634
05-05-21,Lake,1699,0,1509,0,190,0,1779,0,10273,8,12052,8,0,26,0,6,0,1667,0,26,26
05-05-21,Lauderdale,3183,10,2477,7,706,3,2842,7,21465,36,24307,43,0,44,9,35,1,3104,0,84,43
05-05-21,Lawrence,5913,22,4599,13,1314,9,5073,13,30038,70,35111,83,1,87,15,86,6,5740,0,153,87
05-05-21,Lewis,1579,0,1175,0,404,0,1272,0,10101,10,11373,10,0,26,0,13,0,1540,0,43,26
05-05-21,Lincoln,4343,9,3346,5,997,4,3803,6,18012,40,21815,46,0,63,6,34,3,4246,1,86,62
05-05-21,Loudon,6137,9,4674,4,1463,5,5112,4,31966,65,37078,69,0,69,1,74,8,5994,1,139,69
05-05-21,Macon,3613,1,2796,1,817,0,3290,2,17201,49,20491,51,0,78,-4,16,5,3519,0,129,78
05-05-21,Madison,11122,13,6214,10,4908,3,7510,10,56515,160,64025,170,1,242,2,-72,10,10952,0,337,241
05-05-21,Marion,3117,1,2662,1,455,0,2979,1,20074,67,23053,68,0,47,1,11,0,3059,0,115,47
05-05-21,Marshall,4179,5,3268,1,911,4,3697,3,23568,30,27265,33,0,58,-2,46,7,4075,0,92,58
05-05-21,Maury,13473,25,11762,17,1711,8,12992,18,76445,131,89437,149,1,172,8,178,16,13123,0,296,171
05-05-21,McMinn,6493,8,5742,7,751,1,6330,8,43547,82,49877,90,0,98,4,83,4,6312,2,164,98
05-05-21,McNairy,2814,6,1986,1,828,5,2410,1,18619,34,21029,35,0,54,4,19,2,2741,0,66,54
05-05-21,Meigs,1388,2,1242,0,146,2,1380,0,8252,7,9632,7,0,25,2,20,0,1343,0,46,25
05-05-21,Monroe,5832,16,4589,11,1243,5,5147,11,28016,130,33163,141,0,95,11,65,5,5672,0,158,96
05-05-21,Montgomery,20209,68,14826,40,5383,28,16286,40,121817,296,138103,336,0,225,17,290,51,19694,1,307,226
05-05-21,Moore,1010,0,777,0,233,0,877,1,4935,3,5812,4,0,17,0,7,0,986,0,18,17
05-05-21,Morgan,2494,5,1823,2,671,3,1981,2,15621,39,17602,41,0,39,1,23,4,2432,1,46,39
05-05-21,Obion,4534,4,3347,2,1187,2,3794,2,23144,27,26938,29,0,96,3,24,1,4414,0,103,96
05-05-21,Out of State,17582,18,13953,13,3629,5,15796,14,648680,1283,664476,1297,0,97,1,157,17,17328,0,213,97
05-05-21,Overton,3006,2,2252,1,754,1,2653,1,15350,50,18003,51,0,61,-2,12,4,2933,0,64,61
05-05-21,Pending,16717,22,10765,11,5952,11,11971,13,427012,1136,438983,1149,0,134,11,132,11,16451,0,139,133
05-05-21,Perry,1063,3,912,3,151,0,1028,3,6172,11,7200,14,0,28,3,7,0,1028,0,28,28
05-05-21,Pickett,755,0,500,0,255,0,602,0,3985,13,4587,13,0,24,0,3,0,728,0,28,24
05-05-21,Polk,2067,8,1853,7,214,1,2057,8,9799,14,11856,22,0,24,4,51,4,1992,1,90,24
05-05-21,Putnam,11354,19,9223,10,2131,9,11052,11,73890,271,84942,282,1,175,2,117,16,11062,0,210,175
05-05-21,Rhea,4337,2,3747,1,590,1,4195,1,27478,71,31673,72,0,75,-1,19,3,4243,0,84,75
05-05-21,Roane,6276,9,4823,3,1453,6,5374,5,44192,142,49566,147,0,105,4,50,5,6121,0,152,105
05-05-21,Robertson,9742,15,7614,8,2128,7,8582,9,45225,79,53807,88,0,131,5,81,10,9530,2,438,131
05-05-21,Rutherford,42966,35,36616,21,6350,14,42542,24,248412,564,290954,588,0,434,-9,453,44,42079,0,596,434
05-05-21,Scott,3116,6,1707,4,1409,2,1824,4,11833,30,13657,34,0,45,5,52,1,3019,1,65,45
05-05-21,Sequatchie,1696,3,1322,1,374,2,1446,1,12032,18,13478,19,0,29,0,19,3,1648,0,41,29
05-05-21,Sevier,13338,17,11355,9,1983,8,12516,11,68855,122,81371,133,0,175,6,121,11,13042,0,283,175
05-05-21,Shelby,95346,168,88154,137,7192,31,108508,165,1030353,3758,1138861,3923,-2,1616,16,1525,154,92205,7,3736,1627
05-05-21,Smith,2768,2,2068,1,700,1,2589,1,14031,15,16620,16,0,39,0,18,2,2711,0,59,39
05-05-21,Stewart,1322,1,1000,0,322,1,1134,0,7143,6,8277,6,0,28,1,10,0,1284,0,26,28
05-05-21,Sullivan,16735,50,14534,37,2201,13,15616,32,93125,265,108741,297,0,294,11,377,39,16064,4,777,294
05-05-21,Sumner,23938,28,21111,19,2827,9,23901,26,127228,350,151129,376,1,349,-6,336,33,23253,2,716,348
05-05-21,Tipton,7331,22,5079,8,2252,14,6130,9,49756,137,55886,146,3,103,13,84,6,7144,0,161,101
05-05-21,Trousdale,2499,0,2340,0,159,0,2508,0,9494,17,12002,17,0,22,0,5,0,2472,0,41,22
05-05-21,Unicoi,2026,8,1529,5,497,3,1680,5,13865,72,15545,77,0,49,3,55,5,1922,0,70,49
05-05-21,Union,1907,1,1598,1,309,0,1723,1,10851,17,12574,18,0,34,-2,19,3,1854,0,59,34
05-05-21,Van Buren,847,1,698,0,149,1,773,0,5390,4,6163,4,0,23,0,4,1,820,0,23,23
05-05-21,Warren,5523,4,4696,4,827,0,5337,4,34094,59,39431,63,0,81,3,19,1,5423,0,84,81
05-05-21,Washington,14535,37,12442,24,2093,13,13673,24,87141,270,100814,294,0,245,16,243,21,14047,0,369,245
05-05-21,Wayne,2959,4,2374,2,585,2,2612,2,11464,7,14076,9,0,34,2,17,2,2908,0,61,34
05-05-21,Weakley,4117,18,3020,8,1097,10,3454,10,22135,27,25589,37,0,64,12,73,6,3980,1,76,65
05-05-21,White,3627,9,2947,5,680,4,3595,6,23351,53,26946,59,1,70,7,55,1,3502,0,114,70
05-05-21,Williamson,27939,20,23469,12,4470,8,26053,17,191923,378,217976,395,0,217,-4,286,24,27436,0,294,217
05-05-21,Wilson,18750,19,16827,14,1923,5,19121,18,111875,186,130996,204,0,233,9,170,10,18347,0,340,235
05-04-21,Anderson,8718,2,6483,0,2235,2,7278,1,64083,76,71361,77,0,172,-10,81,12,8465,0,217,172
05-04-21,Bedford,6493,2,5090,0,1403,2,5867,0,32563,27,38430,27,0,128,-5,45,7,6320,0,138,128
05-04-21,Benton,1655,1,1297,1,358,0,1437,2,9262,5,10699,7,0,40,0,22,1,1593,0,39,40
05-04-21,Bledsoe,2130,4,1922,3,208,1,2037,3,16366,38,18403,41,0,11,4,25,0,2094,0,32,11
05-04-21,Blount,15432,22,13110,16,2322,6,14477,17,77871,137,92348,154,0,193,4,206,18,15033,1,355,193
05-04-21,Bradley,14973,15,12194,10,2779,5,13848,17,69082,162,82930,179,0,149,-16,238,31,14586,1,668,149
05-04-21,Campbell,4147,3,2262,0,1885,3,2539,0,25277,10,27816,10,0,63,2,37,1,4047,0,127,63
05-04-21,Cannon,1917,1,1528,1,389,0,1701,1,9587,13,11288,14,0,31,0,20,1,1866,0,39,31
05-04-21,Carroll,3603,4,2349,0,1254,4,2788,1,19938,15,22726,16,0,83,1,26,3,3494,0,83,83
05-04-21,Carter,6588,6,5721,3,867,3,6285,4,39206,34,45491,38,0,156,-4,95,10,6337,0,232,156
05-04-21,Cheatham,4542,2,3450,1,1092,1,3900,1,28339,37,32239,38,0,55,-4,45,6,4442,0,90,56
05-04-21,Chester,2133,1,1526,1,607,0,1819,2,12254,6,14073,8,0,51,-3,28,4,2054,1,44,51
05-04-21,Claiborne,3168,5,2025,4,1143,1,2171,5,24775,18,26946,23,0,73,-7,54,12,3041,0,95,74
05-04-21,Clay,1100,0,754,0,346,0,870,0,5724,6,6594,6,0,31,-3,-2,3,1071,0,25,30
05-04-21,Cocke,4483,4,2952,1,1531,3,3257,1,22774,20,26031,21,0,99,0,37,4,4347,0,119,99
05-04-21,Coffee,6879,3,4747,3,2132,0,5803,3,46677,25,52480,28,0,121,-4,45,7,6713,1,126,121
05-04-21,Crockett,2028,3,1219,3,809,0,1423,3,7454,12,8877,15,0,48,1,14,2,1966,0,31,48
05-04-21,Cumberland,6701,6,5512,6,1189,0,6326,6,49513,31,55839,37,1,129,-5,81,10,6491,0,165,133
05-04-21,Davidson,89073,73,83269,56,5804,17,101172,69,1027065,1942,1128237,2011,0,932,-61,838,134,87303,1,1980,935
05-04-21,Decatur,1585,2,1171,0,414,2,1392,0,11066,2,12458,2,0,39,1,6,1,1540,0,40,39
05-04-21,Dekalb,2790,0,2054,0,736,0,2372,0,17355,9,19727,9,0,54,-1,24,1,2712,0,56,54
05-04-21,Dickson,6825,5,4943,5,1882,0,5837,6,36675,17,42512,23,0,110,-10,42,15,6673,0,121,112
05-04-21,Dyer,5409,1,3554,0,1855,1,4014,2,22195,21,26209,23,1,106,-5,33,5,5270,0,109,106
05-04-21,Fayette,5030,5,4267,4,763,1,5273,5,38954,64,44227,69,-1,75,-1,78,7,4877,0,135,77
05-04-21,Fentress,2409,0,2072,0,337,0,2365,0,13478,13,15843,13,0,47,0,19,0,2343,0,63,47
05-04-21,Franklin,5130,3,4261,3,869,0,4987,2,39284,8,44271,10,0,90,-5,28,8,5012,0,109,90
05-04-21,Gibson,6500,3,3901,2,2599,1,4724,4,30197,22,34921,26,0,145,-1,61,4,6294,0,116,145
05-04-21,Giles,3985,2,3270,2,715,0,3758,3,23387,19,27145,22,0,100,-1,31,3,3854,0,111,100
05-04-21,Grainger,2618,3,1931,1,687,2,2165,2,14293,11,16458,13,0,50,-4,13,7,2555,1,72,50
05-04-21,Greene,7818,2,6223,1,1595,1,6929,2,51958,74,58887,76,0,155,-6,50,8,7613,0,194,156
05-04-21,Grundy,1787,1,1495,1,292,0,1713,1,9421,10,11134,11,0,34,1,5,0,1748,0,62,34
05-04-21,Hamblen,8580,4,5959,1,2621,3,6698,2,46821,31,53519,33,0,173,-5,61,9,8346,1,265,173
05-04-21,Hamilton,44147,77,37800,45,6347,32,42382,51,326824,404,369206,455,1,492,20,430,56,43225,0,1175,493
05-04-21,Hancock,588,1,405,0,183,1,431,0,4023,5,4454,5,0,12,-3,21,4,555,0,23,12
05-04-21,Hardeman,3507,2,2819,1,688,1,3295,1,25635,15,28930,16,0,64,-3,36,5,3407,0,105,64
05-04-21,Hardin,3561,0,2402,0,1159,0,2853,0,23837,20,26690,20,0,67,-4,34,4,3460,0,67,68
05-04-21,Hawkins,5998,10,4850,10,1148,0,5189,8,35965,69,41154,77,0,107,-9,139,19,5752,0,158,107
05-04-21,Haywood,2699,1,2262,1,437,0,2581,1,13848,11,16429,12,0,62,0,15,1,2622,0,83,62
05-04-21,Henderson,3783,1,2617,1,1166,0,3267,1,16259,3,19526,4,0,76,-2,32,3,3675,0,79,76
05-04-21,Henry,3167,1,2436,1,731,0,2814,1,18091,10,20905,11,0,76,0,41,1,3050,0,77,76
05-04-21,Hickman,2833,1,2280,0,553,1,2629,0,16927,15,19556,15,0,46,-5,21,6,2766,0,58,46
05-04-21,Houston,1091,2,822,2,269,0,942,2,10737,11,11679,13,0,33,1,5,1,1053,0,40,33
05-04-21,Humphreys,1786,2,1138,2,648,0,1325,1,11961,8,13286,9,0,26,-2,26,4,1734,0,36,26
05-04-21,Jackson,1313,1,1027,1,286,0,1197,1,5632,8,6829,9,0,35,0,10,1,1268,0,41,36
05-04-21,Jefferson,6175,8,4216,6,1959,2,4766,7,39745,26,44511,33,0,124,-1,72,9,5979,0,194,124
05-04-21,Johnson,2390,3,2078,3,312,0,2211,3,16046,20,18257,23,0,39,-7,40,10,2311,0,58,39
05-04-21,Knox,50942,50,42523,32,8419,18,46537,34,333665,536,380202,570,0,634,6,462,44,49846,0,1382,634
05-04-21,Lake,1699,0,1509,0,190,0,1779,0,10265,16,12044,16,0,26,0,6,0,1667,0,26,26
05-04-21,Lauderdale,3173,1,2470,1,703,0,2835,2,21429,22,24264,24,0,44,0,26,1,3103,1,84,43
05-04-21,Lawrence,5891,6,4586,5,1305,1,5060,7,29968,38,35028,45,0,86,-5,71,11,5734,0,153,87
05-04-21,Lewis,1579,0,1175,0,404,0,1272,0,10091,3,11363,3,0,26,-2,13,2,1540,0,43,26
05-04-21,Lincoln,4334,0,3341,0,993,0,3797,0,17972,6,21769,6,0,63,-5,28,5,4243,0,85,62
05-04-21,Loudon,6128,10,4670,7,1458,3,5108,7,31901,21,37009,28,0,69,4,73,6,5986,0,138,69
05-04-21,Macon,3612,3,2795,1,817,2,3288,1,17152,46,20440,47,0,78,0,20,3,3514,0,129,78
05-04-21,Madison,11109,18,6204,8,4905,10,7500,8,56355,45,63855,53,0,241,11,-74,7,10942,0,337,241
05-04-21,Marion,3116,2,2661,2,455,0,2978,3,20007,29,22985,32,0,47,0,10,2,3059,1,115,47
05-04-21,Marshall,4174,2,3267,0,907,2,3694,0,23538,9,27232,9,0,58,-6,48,8,4068,0,92,58
05-04-21,Maury,13448,21,11745,8,1703,13,12974,13,76314,88,89288,101,0,171,1,170,20,13107,0,296,171
05-04-21,McMinn,6485,11,5735,10,750,1,6322,11,43465,51,49787,62,0,98,5,79,6,6308,0,162,98
05-04-21,McNairy,2808,2,1985,2,823,0,2409,2,18585,32,20994,34,0,54,-2,15,4,2739,0,66,54
05-04-21,Meigs,1386,3,1242,1,144,2,1380,1,8245,9,9625,10,0,25,0,18,3,1343,0,46,25
05-04-21,Monroe,5816,2,4578,2,1238,0,5136,2,27886,24,33022,26,0,95,-10,54,12,5667,0,158,96
05-04-21,Montgomery,20141,30,14786,16,5355,14,16246,17,121521,203,137767,220,0,225,-39,273,69,19643,1,306,226
05-04-21,Moore,1010,0,777,0,233,0,876,0,4932,4,5808,4,0,17,0,7,0,986,0,18,17
05-04-21,Morgan,2489,1,1821,1,668,0,1979,1,15582,22,17561,23,0,39,-2,22,3,2428,0,45,39
05-04-21,Obion,4530,2,3345,2,1185,0,3792,2,23117,43,26909,45,0,96,1,21,1,4413,0,103,96
05-04-21,Out of State,17564,15,13940,12,3624,3,15782,13,647397,1061,663179,1074,0,97,-8,156,23,17311,0,213,97
05-04-21,Overton,3004,0,2251,0,753,0,2652,0,15300,13,17952,13,0,61,-6,14,6,2929,0,64,61
05-04-21,Pending,16695,7,10754,5,5941,2,11958,7,425876,843,437834,850,0,134,-11,121,18,16440,0,139,133
05-04-21,Perry,1060,0,909,0,151,0,1025,1,6161,3,7186,4,0,28,-1,4,1,1028,0,28,28
05-04-21,Pickett,755,0,500,0,255,0,602,0,3972,1,4574,1,0,24,0,3,0,728,0,28,24
05-04-21,Polk,2059,5,1846,4,213,1,2049,5,9785,21,11834,26,0,24,0,47,5,1988,1,89,24
05-04-21,Putnam,11335,12,9213,5,2122,7,11041,5,73619,90,84660,95,0,174,-4,115,16,11046,0,210,175
05-04-21,Rhea,4335,2,3746,2,589,0,4194,2,27407,25,31601,27,0,75,0,20,2,4240,0,84,75
05-04-21,Roane,6267,3,4820,3,1447,0,5369,4,44050,73,49419,77,0,105,0,46,3,6116,0,152,105
05-04-21,Robertson,9727,6,7606,2,2121,4,8573,4,45146,73,53719,77,0,131,-6,76,12,9520,1,436,131
05-04-21,Rutherford,42931,38,36595,25,6336,13,42518,27,247848,417,290366,444,1,434,-12,462,49,42035,0,596,434
05-04-21,Scott,3110,1,1703,1,1407,0,1820,1,11803,17,13623,18,0,45,0,47,1,3018,0,64,45
05-04-21,Sequatchie,1693,1,1321,0,372,1,1445,0,12014,4,13459,4,0,29,-2,19,3,1645,0,41,29
05-04-21,Sevier,13321,15,11346,10,1975,5,12505,11,68733,132,81238,143,0,175,-3,115,18,13031,0,283,175
05-04-21,Shelby,95178,160,88017,140,7161,20,108343,166,1026595,2742,1134938,2908,5,1618,1,1509,154,92051,13,3729,1624
05-04-21,Smith,2766,3,2067,2,699,1,2588,2,14016,17,16604,19,0,39,2,18,1,2709,0,59,39
05-04-21,Stewart,1321,1,1000,1,321,0,1134,1,7137,5,8271,6,0,28,0,9,1,1284,0,26,28
05-04-21,Sullivan,16685,16,14497,13,2188,3,15584,15,92860,99,108444,114,4,294,-22,366,34,16025,1,773,294
05-04-21,Sumner,23910,23,21092,14,2818,9,23875,15,126878,222,150753,237,0,348,-4,342,27,23220,0,714,348
05-04-21,Tipton,7309,12,5071,5,2238,7,6121,5,49619,115,55740,120,-1,100,0,71,13,7138,0,161,101
05-04-21,Trousdale,2499,0,2340,0,159,0,2508,0,9477,20,11985,20,0,22,-1,5,1,2472,0,41,22
05-04-21,Unicoi,2018,3,1524,1,494,2,1675,1,13793,26,15468,27,0,49,-5,52,8,1917,0,70,49
05-04-21,Union,1906,0,1597,0,309,0,1722,0,10834,18,12556,18,0,34,-2,21,2,1851,0,59,34
05-04-21,Van Buren,846,0,698,0,148,0,773,0,5386,3,6159,3,0,23,0,4,0,819,0,23,23
05-04-21,Warren,5519,2,4692,2,827,0,5333,2,34035,40,39368,42,0,81,0,16,2,5422,1,84,81
05-04-21,Washington,14498,20,12418,20,2080,0,13649,21,86871,139,100520,160,1,245,-3,227,22,14026,2,369,245
05-04-21,Wayne,2955,1,2372,1,583,0,2610,1,11457,5,14067,6,-1,34,1,15,1,2906,0,61,34
05-04-21,Weakley,4099,4,3012,4,1087,0,3444,3,22108,14,25552,17,0,64,2,61,2,3974,0,75,65
05-04-21,White,3618,2,2942,1,676,1,3589,1,23298,16,26887,17,0,69,-7,48,9,3501,0,114,70
05-04-21,Williamson,27919,24,23457,13,4462,11,26036,16,191545,260,217581,276,0,217,-6,290,30,27412,0,294,217
05-04-21,Wilson,18731,15,16813,12,1918,3,19103,12,111689,171,130792,183,0,233,-3,161,18,18337,0,340,234
05-03-21,Anderson,8716,10,6483,5,2233,5,7277,5,64007,107,71284,112,0,172,-3,91,13,8453,0,217,172
05-03-21,Bedford,6491,2,5090,2,1401,0,5867,3,32536,22,38403,25,-1,128,-7,50,10,6313,0,138,128
05-03-21,Benton,1654,0,1296,0,358,0,1435,0,9257,8,10692,8,0,40,-2,22,2,1592,0,39,40
05-03-21,Bledsoe,2126,4,1919,2,207,2,2034,3,16328,8,18362,11,0,11,4,21,0,2094,0,32,11
05-03-21,Blount,15410,10,13094,4,2316,6,14460,4,77734,71,92194,75,0,193,-10,202,20,15015,2,354,193
05-03-21,Bradley,14958,12,12184,9,2774,3,13831,11,68920,53,82751,64,0,149,-30,254,42,14555,1,667,149
05-03-21,Campbell,4144,5,2262,0,1882,5,2539,0,25267,15,27806,15,0,63,4,35,1,4046,0,127,63
05-03-21,Cannon,1916,1,1527,1,389,0,1700,0,9574,9,11274,9,0,31,-3,20,4,1865,0,39,31
05-03-21,Carroll,3599,2,2349,2,1250,0,2787,2,19923,18,22710,20,0,83,-2,25,4,3491,0,83,83
05-03-21,Carter,6582,7,5718,7,864,0,6281,7,39172,34,45453,41,0,156,-4,99,11,6327,0,232,156
05-03-21,Cheatham,4540,4,3449,3,1091,1,3899,5,28302,38,32201,43,0,55,-10,49,14,4436,0,90,56
05-03-21,Chester,2132,1,1525,1,607,0,1817,1,12248,6,14065,7,0,51,-4,31,5,2050,0,43,51
05-03-21,Claiborne,3163,4,2021,2,1142,2,2166,3,24757,16,26923,19,0,73,-2,61,6,3029,0,95,74
05-03-21,Clay,1100,0,754,0,346,0,870,0,5718,3,6588,3,0,31,-3,1,3,1068,0,25,30
05-03-21,Cocke,4479,3,2951,1,1528,2,3256,1,22754,17,26010,18,1,99,-4,37,6,4343,0,119,99
05-03-21,Coffee,6876,2,4744,2,2132,0,5800,3,46652,21,52452,24,0,121,-1,49,3,6706,0,125,121
05-03-21,Crockett,2025,0,1216,0,809,0,1420,0,7442,6,8862,6,0,48,-1,13,1,1964,0,31,48
05-03-21,Cumberland,6695,3,5506,2,1189,1,6320,3,49482,25,55802,28,0,128,-16,86,19,6481,0,165,132
05-03-21,Davidson,89000,55,83213,38,5787,17,101103,57,1025123,1407,1126226,1464,1,932,-63,899,117,87169,1,1979,935
05-03-21,Decatur,1583,1,1171,0,412,1,1392,0,11064,2,12456,2,0,39,1,5,0,1539,0,40,39
05-03-21,Dekalb,2790,3,2054,3,736,0,2372,3,17346,16,19718,19,0,54,0,25,3,2711,0,56,54
05-03-21,Dickson,6820,2,4938,1,1882,1,5831,2,36658,29,42489,31,0,110,-4,52,6,6658,0,121,112
05-03-21,Dyer,5408,2,3554,2,1854,0,4012,2,22174,14,26186,16,0,105,-5,38,7,5265,0,109,106
05-03-21,Fayette,5025,2,4263,2,762,0,5268,4,38890,47,44158,51,0,76,-10,79,12,4870,0,135,77
05-03-21,Fentress,2409,0,2072,0,337,0,2365,0,13465,2,15830,2,0,47,-1,19,1,2343,0,63,47
05-03-21,Franklin,5127,1,4258,1,869,0,4985,1,39276,10,44261,11,0,90,-5,33,6,5004,0,109,90
05-03-21,Gibson,6497,4,3899,2,2598,2,4720,2,30175,27,34895,29,0,145,-11,62,15,6290,0,116,145
05-03-21,Giles,3983,2,3268,2,715,0,3755,1,23368,22,27123,23,0,100,-3,32,5,3851,0,111,100
05-03-21,Grainger,2615,0,1930,0,685,0,2163,0,14282,6,16445,6,0,50,-2,17,2,2548,0,71,50
05-03-21,Greene,7816,4,6222,4,1594,0,6927,3,51884,52,58811,55,0,155,-8,56,12,7605,1,194,156
05-03-21,Grundy,1786,0,1494,0,292,0,1712,0,9411,8,11123,8,0,34,-1,4,1,1748,0,62,34
05-03-21,Hamblen,8576,2,5958,1,2618,1,6696,1,46790,26,53486,27,1,173,-9,66,10,8337,0,264,173
05-03-21,Hamilton,44070,38,37755,17,6315,21,42331,18,326420,227,368751,245,0,491,-33,410,71,43169,3,1175,491
05-03-21,Hancock,587,0,405,0,182,0,431,0,4018,1,4449,1,0,12,0,24,0,551,0,23,12
05-03-21,Hardeman,3505,0,2818,0,687,0,3294,1,25620,18,28914,19,0,64,-4,39,4,3402,0,105,64
05-03-21,Hardin,3561,0,2402,0,1159,0,2853,0,23817,7,26670,7,0,67,-9,38,9,3456,0,67,68
05-03-21,Hawkins,5988,4,4840,3,1148,1,5181,2,35896,31,41077,33,0,107,-11,148,15,5733,0,158,107
05-03-21,Haywood,2698,0,2261,0,437,0,2580,0,13837,8,16417,8,0,62,-1,15,1,2621,0,83,62
05-03-21,Henderson,3782,2,2616,1,1166,1,3266,1,16256,12,19522,13,0,76,-2,34,4,3672,0,79,76
05-03-21,Henry,3166,4,2435,3,731,1,2813,3,18081,4,20894,7,0,76,0,41,4,3049,0,77,76
05-03-21,Hickman,2832,0,2280,0,552,0,2629,1,16912,10,19541,11,0,46,-1,26,1,2760,0,58,46
05-03-21,Houston,1089,0,820,0,269,0,940,0,10726,13,11666,13,0,33,0,4,0,1052,0,40,33
05-03-21,Humphreys,1784,1,1136,0,648,1,1324,0,11953,3,13277,3,1,26,-11,28,11,1730,0,36,26
05-03-21,Jackson,1312,1,1026,1,286,0,1196,1,5624,9,6820,10,0,35,-1,10,2,1267,0,41,36
05-03-21,Jefferson,6167,9,4210,3,1957,6,4759,3,39719,21,44478,24,0,124,2,73,7,5970,0,194,124
05-03-21,Johnson,2387,2,2075,2,312,0,2208,2,16026,7,18234,9,1,39,-10,47,11,2301,0,58,39
05-03-21,Knox,50892,24,42491,9,8401,15,46503,7,333129,311,379632,318,1,634,-37,456,60,49802,1,1382,634
05-03-21,Lake,1699,1,1509,0,190,1,1779,0,10249,1,12028,1,0,26,1,6,0,1667,1,26,26
05-03-21,Lauderdale,3172,1,2469,1,703,0,2833,1,21407,12,24240,13,0,44,-5,26,6,3102,0,83,43
05-03-21,Lawrence,5885,14,4581,9,1304,5,5053,11,29930,29,34983,40,0,86,4,76,10,5723,3,153,87
05-03-21,Lewis,1579,0,1175,0,404,0,1272,0,10088,11,11360,11,0,26,-2,15,2,1538,0,43,26
05-03-21,Lincoln,4334,2,3341,2,993,0,3797,2,17966,16,21763,18,0,63,1,33,1,4238,0,85,62
05-03-21,Loudon,6118,4,4663,1,1455,3,5101,2,31880,36,36981,38,0,69,1,69,3,5980,0,138,69
05-03-21,Macon,3609,2,2794,0,815,2,3287,0,17106,39,20393,39,0,78,-1,20,3,3511,0,129,78
05-03-21,Madison,11091,26,6196,16,4895,10,7492,18,56310,55,63802,73,0,241,10,-85,16,10935,0,337,241
05-03-21,Marion,3114,2,2659,2,455,0,2975,2,19978,21,22953,23,0,47,0,10,2,3057,1,114,47
05-03-21,Marshall,4172,3,3267,2,905,1,3694,3,23529,27,27223,30,0,58,0,54,3,4060,0,92,58
05-03-21,Maury,13427,11,11737,11,1690,0,12961,12,76226,109,89187,121,0,171,-8,169,19,13087,0,296,171
05-03-21,McMinn,6474,1,5725,1,749,0,6311,2,43414,32,49725,34,0,98,-16,74,17,6302,0,162,98
05-03-21,McNairy,2806,1,1983,1,823,0,2407,1,18553,15,20960,16,0,54,-2,17,3,2735,0,66,54
05-03-21,Meigs,1383,1,1241,1,142,0,1379,1,8236,12,9615,13,0,25,-7,18,8,1340,1,46,25
05-03-21,Monroe,5814,3,4576,2,1238,1,5134,3,27862,15,32996,18,0,95,-2,64,5,5655,1,158,95
05-03-21,Montgomery,20111,26,14770,9,5341,17,16229,14,121318,176,137547,190,0,225,-43,312,69,19574,0,305,226
05-03-21,Moore,1010,0,777,0,233,0,876,0,4928,1,5804,1,0,17,-1,7,1,986,0,18,17
05-03-21,Morgan,2488,2,1820,1,668,1,1978,1,15560,9,17538,10,0,39,0,24,2,2425,0,45,39
05-03-21,Obion,4528,1,3343,1,1185,0,3790,1,23074,21,26864,22,0,96,-1,20,2,4412,0,103,96
05-03-21,Out of State,17549,16,13928,11,3621,5,15769,8,646336,671,662105,679,0,97,-6,164,22,17288,0,213,97
05-03-21,Overton,3004,1,2251,0,753,1,2652,0,15287,8,17939,8,0,61,-4,20,5,2923,0,64,61
05-03-21,Pending,16688,7,10749,6,5939,1,11951,7,425033,668,436984,675,0,134,-19,132,26,16422,0,139,133
05-03-21,Perry,1060,1,909,0,151,1,1024,0,6158,6,7182,6,0,28,1,5,0,1027,0,28,28
05-03-21,Pickett,755,0,500,0,255,0,602,0,3971,2,4573,2,0,24,0,3,0,728,0,28,24
05-03-21,Polk,2054,3,1842,0,212,3,2044,1,9764,12,11808,13,0,24,-4,47,7,1983,0,88,24
05-03-21,Putnam,11323,8,9208,7,2115,1,11036,7,73529,65,84565,72,0,174,-7,119,15,11030,0,210,175
05-03-21,Rhea,4333,2,3744,1,589,1,4192,2,27382,27,31574,29,0,75,-1,20,3,4238,0,84,75
05-03-21,Roane,6264,3,4817,2,1447,1,5365,3,43977,45,49342,48,1,105,-5,46,7,6113,1,152,105
05-03-21,Robertson,9721,2,7604,1,2117,1,8569,1,45073,46,53642,47,0,131,-10,82,12,9508,0,435,131
05-03-21,Rutherford,42893,27,36570,23,6323,4,42491,27,247431,336,289922,363,3,433,-30,474,54,41986,0,596,434
05-03-21,Scott,3109,0,1702,0,1407,0,1819,0,11786,11,13605,11,0,45,-5,47,5,3017,0,64,45
05-03-21,Sequatchie,1692,2,1321,1,371,1,1445,1,12010,15,13455,16,0,29,1,21,1,1642,0,41,29
05-03-21,Sevier,13306,16,11336,1,1970,15,12494,1,68601,48,81095,49,0,175,1,118,15,13013,1,283,175
05-03-21,Shelby,95018,129,87877,111,7141,18,108177,116,1023853,1451,1132030,1567,3,1613,-27,1508,153,91897,8,3716,1622
05-03-21,Smith,2763,1,2065,1,698,0,2586,2,13999,12,16585,14,0,39,-2,16,3,2708,0,59,39
05-03-21,Stewart,1320,0,999,0,321,0,1133,0,7132,5,8265,5,0,28,-4,9,4,1283,0,26,28
05-03-21,Sullivan,16669,11,14484,9,2185,2,15569,10,92761,83,108330,93,0,290,-38,388,49,15991,2,772,292
05-03-21,Sumner,23887,24,21078,17,2809,7,23860,17,126656,178,150516,195,1,348,-23,346,46,23193,0,714,348
05-03-21,Tipton,7297,3,5066,3,2231,0,6116,3,49504,71,55620,74,0,101,-4,71,7,7125,0,161,101
05-03-21,Trousdale,2499,0,2340,0,159,0,2508,0,9457,6,11965,6,0,22,-1,6,1,2471,0,41,22
05-03-21,Unicoi,2015,1,1523,1,492,0,1674,1,13767,15,15441,16,0,49,-7,57,8,1909,0,70,49
05-03-21,Union,1906,0,1597,0,309,0,1722,1,10816,17,12538,18,0,34,-4,23,4,1849,0,59,34
05-03-21,Van Buren,846,1,698,1,148,0,773,1,5383,2,6156,3,0,23,0,4,1,819,0,23,23
05-03-21,Warren,5517,1,4690,1,827,0,5331,1,33995,31,39326,32,0,81,-1,16,2,5420,0,83,81
05-03-21,Washington,14478,21,12398,19,2080,2,13628,19,86732,97,100360,116,0,244,2,230,19,14004,0,367,245
05-03-21,Wayne,2954,1,2371,1,583,0,2609,1,11452,5,14061,6,0,35,1,14,0,2905,0,61,34
05-03-21,Weakley,4095,2,3008,0,1087,2,3441,0,22094,14,25535,14,0,64,-1,59,3,3972,1,75,64
05-03-21,White,3616,2,2941,2,675,0,3588,2,23282,19,26870,21,0,69,-1,55,3,3492,0,114,70
05-03-21,Williamson,27895,22,23444,19,4451,3,26020,35,191285,263,217305,298,0,217,-9,296,31,27382,0,294,217
05-03-21,Wilson,18716,14,16801,13,1915,1,19091,15,111518,168,130609,183,0,233,-24,164,38,18319,0,340,234
05-02-21,Anderson,8706,3,6478,1,2228,2,7272,1,63900,50,71172,51,0,172,-7,94,10,8440,0,217,172
05-02-21,Bedford,6489,1,5088,0,1401,1,5864,1,32514,25,38378,26,0,129,-3,57,4,6303,0,138,128
05-02-21,Benton,1654,1,1296,1,358,0,1435,1,9249,7,10684,8,0,40,1,24,0,1590,0,39,40
05-02-21,Bledsoe,2122,1,1917,1,205,0,2031,1,16320,21,18351,22,0,11,0,17,1,2094,0,32,11
05-02-21,Blount,15400,12,13090,8,2310,4,14456,6,77663,64,92119,70,0,193,-4,212,16,14995,0,352,193
05-02-21,Bradley,14946,10,12175,9,2771,1,13820,11,68867,81,82687,92,0,149,-18,284,28,14513,3,666,149
05-02-21,Campbell,4139,3,2262,0,1877,3,2539,0,25252,8,27791,8,0,63,-1,31,4,4045,0,127,63
05-02-21,Cannon,1915,0,1526,0,389,0,1700,0,9565,9,11265,9,0,31,-1,23,1,1861,0,39,31
05-02-21,Carroll,3597,1,2347,0,1250,1,2785,0,19905,13,22690,13,0,83,1,27,0,3487,0,83,83
05-02-21,Carter,6575,2,5711,2,864,0,6274,3,39138,34,45412,37,0,156,-2,103,4,6316,0,232,156
05-02-21,Cheatham,4536,2,3446,2,1090,0,3894,3,28264,29,32158,32,0,55,-6,59,8,4422,0,90,56
05-02-21,Chester,2131,0,1524,0,607,0,1816,0,12242,65,14058,65,0,51,-3,35,3,2045,0,43,51
05-02-21,Claiborne,3159,0,2019,0,1140,0,2163,0,24741,13,26904,13,0,73,-5,63,5,3023,0,95,74
05-02-21,Clay,1100,0,754,0,346,0,870,0,5715,1,6585,1,0,31,-1,4,1,1065,0,25,30
05-02-21,Cocke,4476,0,2950,0,1526,0,3255,0,22737,10,25992,10,0,98,-2,41,2,4337,0,119,99
05-02-21,Coffee,6874,1,4742,1,2132,0,5797,1,46631,31,52428,32,0,121,0,50,1,6703,0,125,121
05-02-21,Crockett,2025,0,1216,0,809,0,1420,1,7436,1,8856,2,0,48,0,14,0,1963,0,31,48
05-02-21,Cumberland,6692,3,5504,1,1188,2,6317,1,49457,15,55774,16,0,128,-2,102,5,6462,0,165,132
05-02-21,Davidson,88945,57,83175,44,5770,13,101046,55,1023716,1543,1124762,1598,0,931,-28,962,85,87052,2,1978,934
05-02-21,Decatur,1582,0,1171,0,411,0,1392,0,11062,0,12454,0,0,39,0,4,0,1539,0,40,39
05-02-21,Dekalb,2787,0,2051,0,736,0,2369,0,17330,12,19699,12,0,54,-1,25,1,2708,0,56,54
05-02-21,Dickson,6818,2,4937,2,1881,0,5829,2,36629,31,42458,33,0,110,0,56,2,6652,0,121,112
05-02-21,Dyer,5406,0,3552,0,1854,0,4010,0,22160,11,26170,11,0,105,-1,43,1,5258,0,109,106
05-02-21,Fayette,5023,7,4261,6,762,1,5264,8,38843,22,44107,30,0,76,2,89,5,4858,0,135,77
05-02-21,Fentress,2409,0,2072,0,337,0,2365,0,13463,2,15828,2,0,47,-1,20,1,2342,0,63,47
05-02-21,Franklin,5126,1,4257,1,869,0,4984,1,39266,23,44250,24,0,90,-2,38,3,4998,0,109,90
05-02-21,Gibson,6493,1,3897,1,2596,0,4718,1,30148,18,34866,19,0,145,-9,73,10,6275,0,116,145
05-02-21,Giles,3981,3,3266,1,715,2,3754,1,23346,11,27100,12,0,100,2,35,1,3846,0,111,100
05-02-21,Grainger,2615,0,1930,0,685,0,2163,0,14276,7,16439,7,0,50,-1,19,1,2546,0,71,50
05-02-21,Greene,7812,2,6218,2,1594,0,6924,2,51832,67,58756,69,1,155,-2,64,3,7593,0,193,155
05-02-21,Grundy,1786,0,1494,0,292,0,1712,0,9403,5,11115,5,0,34,-1,5,1,1747,0,62,34
05-02-21,Hamblen,8574,3,5957,1,2617,2,6695,1,46764,33,53459,34,0,172,-1,75,4,8327,0,264,173
05-02-21,Hamilton,44032,31,37738,24,6294,7,42313,27,326193,262,368506,289,0,491,-1,443,32,43098,0,1172,491
05-02-21,Hancock,587,0,405,0,182,0,431,0,4017,2,4448,2,0,12,-2,24,2,551,0,23,12
05-02-21,Hardeman,3505,3,2818,2,687,1,3293,2,25602,28,28895,30,0,64,3,43,0,3398,0,105,64
05-02-21,Hardin,3561,2,2402,1,1159,1,2853,1,23810,12,26663,13,0,67,-2,47,4,3447,0,67,67
05-02-21,Hawkins,5984,6,4837,5,1147,1,5179,5,35865,26,41044,31,0,107,-3,159,9,5718,1,158,107
05-02-21,Haywood,2698,0,2261,0,437,0,2580,0,13829,12,16409,12,0,62,-1,16,1,2620,0,83,62
05-02-21,Henderson,3780,2,2615,0,1165,2,3265,0,16244,3,19509,3,0,76,-1,36,3,3668,0,79,76
05-02-21,Henry,3162,1,2432,1,730,0,2810,1,18077,13,20887,14,0,76,1,41,0,3045,0,77,76
05-02-21,Hickman,2832,1,2280,1,552,0,2628,1,16902,11,19530,12,0,46,0,27,1,2759,0,58,46
05-02-21,Houston,1089,0,820,0,269,0,940,0,10713,3,11653,3,0,33,-1,4,1,1052,0,40,33
05-02-21,Humphreys,1783,0,1136,0,647,0,1324,0,11950,15,13274,15,0,25,0,39,0,1719,0,36,26
05-02-21,Jackson,1311,0,1025,0,286,0,1195,0,5615,5,6810,5,0,35,-2,11,2,1265,0,41,36
05-02-21,Jefferson,6158,4,4207,2,1951,2,4756,2,39698,21,44454,23,0,124,1,71,3,5963,0,194,124
05-02-21,Johnson,2385,1,2073,1,312,0,2206,1,16019,7,18225,8,0,38,-3,57,4,2290,0,58,39
05-02-21,Knox,50868,25,42482,18,8386,7,46496,19,332818,288,379314,307,0,633,-17,493,42,49742,1,1381,634
05-02-21,Lake,1698,0,1509,0,189,0,1779,0,10248,0,12027,0,0,26,0,5,0,1667,0,25,26
05-02-21,Lauderdale,3171,1,2468,1,703,0,2832,1,21395,13,24227,14,0,44,-2,31,3,3096,0,83,43
05-02-21,Lawrence,5871,1,4572,1,1299,0,5042,0,29901,24,34943,24,0,86,-3,72,4,5713,0,150,87
05-02-21,Lewis,1579,2,1175,0,404,2,1272,0,10077,1,11349,1,0,26,1,17,1,1536,0,43,26
05-02-21,Lincoln,4332,1,3339,1,993,0,3795,2,17950,8,21745,10,0,63,-3,32,4,4237,0,85,62
05-02-21,Loudon,6114,3,4662,2,1452,1,5099,2,31844,18,36943,20,0,69,2,68,1,5977,0,138,69
05-02-21,Macon,3607,1,2794,1,813,0,3287,2,17067,7,20354,9,0,78,-2,21,3,3508,0,129,78
05-02-21,Madison,11065,5,6180,3,4885,2,7474,3,56255,51,63729,54,0,241,-2,-95,7,10919,0,337,241
05-02-21,Marion,3112,0,2657,0,455,0,2973,0,19957,10,22930,10,0,47,-1,10,1,3055,0,113,47
05-02-21,Marshall,4169,3,3265,0,904,3,3691,0,23502,19,27193,19,0,58,1,54,2,4057,0,92,58
05-02-21,Maury,13416,8,11726,5,1690,3,12949,6,76117,56,89066,62,0,171,-1,177,9,13068,0,296,171
05-02-21,McMinn,6473,7,5724,6,749,1,6309,6,43382,37,49691,43,0,98,-2,90,9,6285,1,162,98
05-02-21,McNairy,2805,1,1982,0,823,1,2406,0,18538,83,20944,83,0,54,0,19,1,2732,0,66,54
05-02-21,Meigs,1382,0,1240,0,142,0,1378,1,8224,9,9602,10,0,25,-1,25,1,1332,0,45,25
05-02-21,Monroe,5811,5,4574,4,1237,1,5131,4,27847,17,32978,21,0,95,-3,66,8,5650,0,157,95
05-02-21,Montgomery,20085,15,14761,13,5324,2,16215,13,121142,155,137357,168,0,225,-17,355,32,19505,0,305,226
05-02-21,Moore,1010,1,777,0,233,1,876,0,4927,3,5803,3,0,17,1,8,0,985,0,18,17
05-02-21,Morgan,2486,4,1819,0,667,4,1977,0,15551,5,17528,5,0,39,1,24,3,2423,1,45,39
05-02-21,Obion,4527,1,3342,1,1185,0,3789,0,23053,16,26842,16,0,96,1,21,0,4410,0,103,96
05-02-21,Out of State,17533,11,13917,9,3616,2,15761,9,645665,414,661426,423,0,97,1,170,10,17266,1,213,97
05-02-21,Overton,3003,2,2251,2,752,0,2652,2,15279,6,17931,8,0,61,-2,24,4,2918,0,64,61
05-02-21,Pending,16681,5,10743,4,5938,1,11944,4,424365,439,436309,443,0,134,-7,151,12,16396,0,139,133
05-02-21,Perry,1059,0,909,0,150,0,1024,0,6152,4,7176,4,0,28,0,4,0,1027,0,28,28
05-02-21,Pickett,755,0,500,0,255,0,602,0,3969,3,4571,3,0,24,0,3,0,728,0,28,24
05-02-21,Polk,2051,0,1842,0,209,0,2043,0,9752,5,11795,5,0,24,-3,51,3,1976,0,88,24
05-02-21,Putnam,11315,2,9201,1,2114,1,11029,1,73464,33,84493,34,0,174,-6,126,8,11015,0,210,175
05-02-21,Rhea,4331,0,3743,0,588,0,4190,0,27355,18,31545,18,0,75,-1,21,1,4235,0,84,75
05-02-21,Roane,6261,2,4815,0,1446,2,5362,0,43932,29,49294,29,0,104,-1,51,3,6106,0,151,105
05-02-21,Robertson,9719,5,7603,4,2116,1,8568,4,45027,68,53595,72,0,131,0,92,5,9496,1,435,131
05-02-21,Rutherford,42866,22,36547,16,6319,6,42464,23,247095,265,289559,288,0,430,-17,504,39,41932,0,596,433
05-02-21,Scott,3109,3,1702,1,1407,2,1819,1,11775,1,13594,2,0,45,2,52,1,3012,0,64,45
05-02-21,Sequatchie,1690,0,1320,0,370,0,1444,0,11995,7,13439,7,0,29,-1,20,1,1641,0,41,29
05-02-21,Sevier,13290,5,11335,3,1955,2,12493,4,68553,47,81046,51,0,175,-9,117,14,12998,1,282,175
05-02-21,Shelby,94889,85,87766,77,7123,8,108061,101,1022402,1276,1130463,1377,0,1610,-11,1535,96,91744,7,3708,1621
05-02-21,Smith,2762,0,2064,0,698,0,2584,0,13987,10,16571,10,0,39,0,18,0,2705,0,59,39
05-02-21,Stewart,1320,3,999,1,321,2,1133,1,7127,5,8260,6,0,28,3,13,0,1279,0,26,28
05-02-21,Sullivan,16658,26,14475,25,2183,1,15559,21,92678,136,108237,157,0,290,1,426,25,15942,0,770,292
05-02-21,Sumner,23863,17,21061,14,2802,3,23843,20,126478,133,150321,153,0,347,-7,369,24,23147,0,714,348
05-02-21,Tipton,7294,1,5063,0,2231,1,6113,1,49433,53,55546,54,0,101,-2,75,3,7118,0,161,101
05-02-21,Trousdale,2499,0,2340,0,159,0,2508,0,9451,6,11959,6,0,22,0,7,0,2470,0,41,22
05-02-21,Unicoi,2014,2,1522,1,492,1,1673,1,13752,14,15425,15,0,49,0,64,2,1901,0,70,49
05-02-21,Union,1906,1,1597,1,309,0,1721,1,10799,9,12520,10,0,34,0,27,1,1845,0,59,34
05-02-21,Van Buren,845,0,697,0,148,0,772,0,5381,1,6153,1,0,23,-1,4,1,818,0,23,23
05-02-21,Warren,5516,0,4689,0,827,0,5330,0,33964,19,39294,19,0,81,-1,17,1,5418,0,83,81
05-02-21,Washington,14457,11,12379,10,2078,1,13609,10,86635,94,100244,104,0,244,-3,228,14,13985,1,367,244
05-02-21,Wayne,2953,1,2370,1,583,0,2608,1,11447,6,14055,7,0,35,1,13,0,2905,0,61,34
05-02-21,Weakley,4093,7,3008,2,1085,5,3441,2,22080,12,25521,14,0,64,2,60,5,3969,1,74,64
05-02-21,White,3614,3,2939,3,675,0,3586,5,23263,12,26849,17,0,69,0,56,3,3489,0,114,70
05-02-21,Williamson,27873,21,23425,13,4448,8,25985,14,191022,208,217007,222,0,217,-1,305,22,27351,0,294,217
05-02-21,Wilson,18702,13,16788,8,1914,5,19076,11,111350,87,130426,98,0,233,-5,188,18,18281,0,340,234
05-01-21,Anderson,8703,5,6477,3,2226,2,7271,3,63850,63,71121,66,0,172,-1,101,6,8430,1,217,172
05-01-21,Bedford,6488,1,5088,0,1400,1,5863,0,32489,37,38352,37,0,129,-4,60,5,6299,0,138,127
05-01-21,Benton,1653,2,1295,1,358,1,1434,1,9242,16,10676,17,0,40,1,23,1,1590,0,39,40
05-01-21,Bledsoe,2121,0,1916,0,205,0,2030,0,16299,18,18329,18,0,11,0,17,0,2093,0,32,11
05-01-21,Blount,15388,23,13082,14,2306,9,14450,15,77599,150,92049,165,0,193,13,216,10,14979,0,352,193
05-01-21,Bradley,14936,24,12166,18,2770,6,13809,19,68786,139,82595,158,0,149,5,302,19,14485,3,663,149
05-01-21,Campbell,4136,0,2262,0,1874,0,2539,0,25244,16,27783,16,0,63,-2,32,2,4041,0,127,63
05-01-21,Cannon,1915,3,1526,3,389,0,1700,3,9556,11,11256,14,0,31,2,24,1,1860,0,39,31
05-01-21,Carroll,3596,2,2347,1,1249,1,2785,1,19892,11,22677,12,0,83,-1,26,3,3487,1,83,83
05-01-21,Carter,6573,2,5709,2,864,0,6271,2,39104,105,45375,107,0,156,-2,105,4,6312,0,232,156
05-01-21,Cheatham,4534,8,3444,3,1090,5,3891,4,28235,27,32126,31,0,55,5,65,3,4414,0,90,56
05-01-21,Chester,2131,3,1524,2,607,1,1816,2,12177,9,13993,11,0,51,1,38,2,2042,0,43,51
05-01-21,Claiborne,3159,1,2019,1,1140,0,2163,1,24728,24,26891,25,0,73,-7,68,8,3018,1,95,74
05-01-21,Clay,1100,0,754,0,346,0,870,0,5714,1,6584,1,0,31,-2,5,2,1064,0,25,30
05-01-21,Cocke,4476,2,2950,1,1526,1,3255,2,22727,16,25982,18,0,98,0,43,2,4335,0,119,98
05-01-21,Coffee,6873,2,4741,2,2132,0,5796,2,46600,40,52396,42,0,121,-2,50,4,6702,0,125,121
05-01-21,Crockett,2025,1,1216,0,809,1,1419,0,7435,3,8854,3,0,48,-2,14,3,1963,0,31,48
05-01-21,Cumberland,6689,2,5503,1,1186,1,6316,1,49442,96,55758,97,0,128,-5,104,7,6457,0,165,131
05-01-21,Davidson,88888,53,83131,43,5757,10,100991,51,1022173,1796,1123164,1847,0,931,-27,990,80,86967,0,1976,934
05-01-21,Decatur,1582,4,1171,1,411,3,1392,1,11062,6,12454,7,0,39,3,4,1,1539,0,40,39
05-01-21,Dekalb,2787,3,2051,1,736,2,2369,1,17318,18,19687,19,0,54,2,26,1,2707,0,56,54
05-01-21,Dickson,6816,1,4935,1,1881,0,5827,1,36598,28,42425,29,0,110,-1,56,2,6650,0,121,111
05-01-21,Dyer,5406,3,3552,2,1854,1,4010,3,22149,11,26159,14,0,105,0,44,3,5257,0,109,105
05-01-21,Fayette,5016,4,4255,0,761,4,5256,3,38821,83,44077,86,0,76,-5,87,9,4853,1,135,77
05-01-21,Fentress,2409,0,2072,0,337,0,2365,0,13461,5,15826,5,0,47,-4,21,4,2341,0,63,47
05-01-21,Franklin,5125,3,4256,1,869,2,4983,1,39243,8,44226,9,0,90,0,40,3,4995,0,109,90
05-01-21,Gibson,6492,4,3896,0,2596,4,4717,0,30130,28,34847,28,0,145,2,82,2,6265,0,116,145
05-01-21,Giles,3978,2,3265,0,713,2,3753,0,23335,12,27088,12,0,100,-1,33,3,3845,0,111,100
05-01-21,Grainger,2615,0,1930,0,685,0,2163,0,14269,8,16432,8,0,50,-1,20,1,2545,0,71,50
05-01-21,Greene,7810,2,6216,2,1594,0,6922,3,51765,62,58687,65,0,154,-8,66,10,7590,1,193,155
05-01-21,Grundy,1786,0,1494,0,292,0,1712,0,9398,6,11110,6,0,34,-2,6,2,1746,0,62,34
05-01-21,Hamblen,8571,3,5956,1,2615,2,6694,1,46731,25,53425,26,0,172,-7,76,10,8323,0,264,172
05-01-21,Hamilton,44001,33,37714,27,6287,6,42286,33,325931,411,368217,444,0,491,-1,444,34,43066,0,1172,491
05-01-21,Hancock,587,2,405,0,182,2,431,0,4015,4,4446,4,0,12,0,26,2,549,0,23,12
05-01-21,Hardeman,3502,4,2816,3,686,1,3291,4,25574,42,28865,46,0,64,3,40,1,3398,0,105,64
05-01-21,Hardin,3559,3,2401,2,1158,1,2852,2,23798,32,26650,34,0,67,-3,49,6,3443,0,67,67
05-01-21,Hawkins,5978,4,4832,3,1146,1,5174,3,35839,66,41013,69,0,107,0,162,4,5709,0,157,107
05-01-21,Haywood,2698,1,2261,1,437,0,2580,2,13817,14,16397,16,0,62,1,17,0,2619,0,83,62
05-01-21,Henderson,3778,1,2615,1,1163,0,3265,1,16241,8,19506,9,0,76,0,37,1,3665,0,79,76
05-01-21,Henry,3161,1,2431,0,730,1,2809,1,18064,18,20873,19,0,76,-1,40,2,3045,0,77,76
05-01-21,Hickman,2831,0,2279,0,552,0,2627,0,16891,29,19518,29,0,46,-2,27,2,2758,0,58,46
05-01-21,Houston,1089,0,820,0,269,0,940,0,10710,9,11650,9,0,33,-1,5,1,1051,0,40,33
05-01-21,Humphreys,1783,0,1136,0,647,0,1324,0,11935,8,13259,8,0,25,-2,39,2,1719,0,36,26
05-01-21,Jackson,1311,1,1025,0,286,1,1195,0,5610,1,6805,1,0,35,-1,13,2,1263,0,41,36
05-01-21,Jefferson,6154,3,4205,3,1949,0,4754,3,39677,26,44431,29,-1,124,-2,70,6,5960,0,194,124
05-01-21,Johnson,2384,1,2072,1,312,0,2205,1,16012,22,18217,23,0,38,-2,60,3,2286,0,58,38
05-01-21,Knox,50843,45,42464,35,8379,10,46477,37,332530,450,379007,487,0,633,7,510,38,49700,2,1380,634
05-01-21,Lake,1698,0,1509,0,189,0,1779,0,10248,4,12027,4,0,26,0,5,0,1667,0,25,26
05-01-21,Lauderdale,3170,1,2467,1,703,0,2831,1,21382,23,24213,24,0,44,0,33,1,3093,0,83,43
05-01-21,Lawrence,5870,3,4571,2,1299,1,5042,2,29877,17,34919,19,0,86,2,75,1,5709,0,150,87
05-01-21,Lewis,1577,0,1175,0,402,0,1272,0,10076,5,11348,5,0,26,-1,16,1,1535,0,43,26
05-01-21,Lincoln,4331,3,3338,3,993,0,3793,2,17942,18,21735,20,0,63,-2,35,5,4233,0,85,62
05-01-21,Loudon,6111,6,4660,3,1451,3,5097,3,31826,28,36923,31,0,69,4,66,2,5976,1,138,69
05-01-21,Macon,3606,0,2793,0,813,0,3285,0,17060,19,20345,19,0,78,-2,23,2,3505,0,129,78
05-01-21,Madison,11060,1,6177,0,4883,1,7471,0,56204,90,63675,90,0,241,0,-93,1,10912,0,337,241
05-01-21,Marion,3112,0,2657,0,455,0,2973,0,19947,10,22920,10,0,47,-3,11,3,3054,0,113,47
05-01-21,Marshall,4166,2,3265,0,901,2,3691,0,23483,22,27174,22,0,58,0,53,2,4055,0,92,58
05-01-21,Maury,13408,5,11721,4,1687,1,12943,4,76061,62,89004,66,0,171,-13,178,18,13059,0,296,171
05-01-21,McMinn,6466,8,5718,6,748,2,6303,6,43345,42,49648,48,0,98,1,92,7,6276,2,161,98
05-01-21,McNairy,2804,2,1982,1,822,1,2406,1,18455,20,20861,21,0,54,1,19,1,2731,0,66,54
05-01-21,Meigs,1382,2,1240,2,142,0,1377,3,8215,10,9592,13,0,25,-3,26,5,1331,0,45,25
05-01-21,Monroe,5806,1,4570,1,1236,0,5127,1,27830,19,32957,20,0,95,-2,69,3,5642,0,157,95
05-01-21,Montgomery,20070,6,14748,3,5322,3,16202,3,120987,89,137189,92,0,225,-15,372,21,19473,0,305,226
05-01-21,Moore,1009,1,777,1,232,0,876,1,4924,5,5800,6,0,17,1,7,0,985,0,18,17
05-01-21,Morgan,2482,1,1819,1,663,0,1977,1,15546,29,17523,30,0,39,0,23,1,2420,0,44,39
05-01-21,Obion,4526,3,3341,2,1185,1,3789,1,23037,24,26826,25,0,96,1,20,2,4410,0,103,96
05-01-21,Out of State,17522,10,13908,6,3614,4,15752,8,645251,571,661003,579,0,97,-12,169,22,17256,0,212,97
05-01-21,Overton,3001,1,2249,0,752,1,2650,0,15273,7,17923,7,0,61,-2,26,3,2914,0,64,61
05-01-21,Pending,16676,1,10739,0,5937,1,11940,1,423926,780,435866,781,0,134,-15,158,16,16384,0,139,133
05-01-21,Perry,1059,0,909,0,150,0,1024,0,6148,3,7172,3,0,28,0,4,0,1027,0,28,28
05-01-21,Pickett,755,0,500,0,255,0,602,0,3966,2,4568,2,0,24,0,3,0,728,0,28,24
05-01-21,Polk,2051,3,1842,3,209,0,2043,4,9747,16,11790,20,0,24,2,54,1,1973,1,88,24
05-01-21,Putnam,11313,7,9200,6,2113,1,11028,7,73431,52,84459,59,0,174,1,132,6,11007,0,210,175
05-01-21,Rhea,4331,1,3743,0,588,1,4190,0,27337,24,31527,24,0,75,1,22,0,4234,0,84,75
05-01-21,Roane,6259,5,4815,4,1444,1,5362,4,43903,28,49265,32,0,104,0,52,5,6103,0,151,105
05-01-21,Robertson,9714,6,7599,4,2115,2,8564,4,44959,58,53523,62,0,131,-5,92,11,9491,3,434,131
05-01-21,Rutherford,42844,27,36531,18,6313,9,42441,20,246830,366,289271,386,0,430,0,521,27,41893,0,596,431
05-01-21,Scott,3106,1,1701,0,1405,1,1818,0,11774,10,13592,10,0,45,0,50,1,3011,0,64,45
05-01-21,Sequatchie,1690,1,1320,0,370,1,1444,0,11988,7,13432,7,0,29,-1,21,2,1640,0,41,29
05-01-21,Sevier,13285,4,11332,3,1953,1,12489,4,68506,133,80995,137,0,175,-10,126,14,12984,0,281,175
05-01-21,Shelby,94804,128,87689,111,7115,17,107960,124,1021126,2034,1129086,2158,0,1610,12,1546,116,91648,4,3701,1620
05-01-21,Smith,2762,2,2064,2,698,0,2584,2,13977,15,16561,17,0,39,1,18,1,2705,0,59,39
05-01-21,Stewart,1317,1,998,0,319,1,1132,1,7122,6,8254,7,0,28,1,10,0,1279,0,26,28
05-01-21,Sullivan,16632,41,14450,40,2182,1,15538,28,92542,237,108080,265,0,290,19,425,22,15917,1,770,292
05-01-21,Sumner,23846,16,21047,7,2799,9,23823,9,126345,232,150168,241,0,347,3,376,13,23123,0,714,347
05-01-21,Tipton,7293,5,5063,4,2230,1,6112,5,49380,84,55492,89,0,101,1,77,4,7115,0,161,101
05-01-21,Trousdale,2499,0,2340,0,159,0,2508,0,9445,11,11953,11,0,22,0,7,0,2470,0,41,22
05-01-21,Unicoi,2012,2,1521,1,491,1,1672,1,13738,20,15410,21,0,49,-1,64,3,1899,0,70,49
05-01-21,Union,1905,1,1596,0,309,1,1720,0,10790,15,12510,15,0,34,0,27,1,1844,0,59,34
05-01-21,Van Buren,845,0,697,0,148,0,772,0,5380,3,6152,3,0,23,0,5,0,817,0,23,23
05-01-21,Warren,5516,1,4689,1,827,0,5330,1,33945,37,39275,38,0,81,-3,18,4,5417,0,83,81
05-01-21,Washington,14446,6,12369,5,2077,1,13599,9,86541,158,100140,167,0,244,-18,231,24,13971,0,366,244
05-01-21,Wayne,2952,0,2369,0,583,0,2607,0,11441,6,14048,6,0,35,-1,12,1,2905,0,61,34
05-01-21,Weakley,4086,7,3006,4,1080,3,3439,3,22068,19,25507,22,0,64,3,58,4,3964,0,73,64
05-01-21,White,3611,4,2936,2,675,2,3581,3,23251,14,26832,17,0,69,-2,56,6,3486,0,114,70
05-01-21,Williamson,27852,12,23412,9,4440,3,25971,10,190814,209,216785,219,0,217,-6,306,18,27329,0,294,217
05-01-21,Wilson,18689,8,16780,5,1909,3,19065,6,111263,153,130328,159,0,233,-15,193,23,18263,0,340,234
04-30-21,Anderson,8698,7,6474,3,2224,4,7268,4,63787,122,71055,126,0,172,-2,102,9,8424,0,216,172
04-30-21,Bedford,6487,3,5088,3,1399,0,5863,4,32452,63,38315,67,0,129,-5,64,8,6294,0,138,127
04-30-21,Benton,1651,1,1294,1,357,0,1433,2,9226,12,10659,14,0,40,1,22,0,1589,1,39,40
04-30-21,Bledsoe,2121,3,1916,3,205,0,2030,3,16281,48,18311,51,0,11,1,17,2,2093,0,32,11
04-30-21,Blount,15365,16,13068,7,2297,9,14435,8,77449,155,91884,163,0,193,3,203,13,14969,0,352,193
04-30-21,Bradley,14912,20,12148,17,2764,3,13790,24,68647,221,82437,245,0,149,-9,297,29,14466,2,660,149
04-30-21,Campbell,4136,4,2262,0,1874,4,2539,0,25228,29,27767,29,0,63,-3,34,7,4039,0,127,63
04-30-21,Cannon,1912,3,1523,2,389,1,1697,2,9545,17,11242,19,0,31,3,22,0,1859,0,39,31
04-30-21,Carroll,3594,5,2346,4,1248,1,2784,3,19881,22,22665,25,0,83,2,27,3,3484,0,82,83
04-30-21,Carter,6571,5,5707,4,864,1,6269,5,38999,52,45268,57,0,156,-1,107,6,6308,0,232,156
04-30-21,Cheatham,4526,3,3441,3,1085,0,3887,3,28208,39,32095,42,0,55,-3,60,6,4411,0,90,56
04-30-21,Chester,2128,4,1522,3,606,1,1814,3,12168,25,13982,28,0,51,2,37,2,2040,0,43,51
04-30-21,Claiborne,3158,3,2018,0,1140,3,2162,1,24704,116,26866,117,0,73,-7,75,10,3010,0,94,74
04-30-21,Clay,1100,0,754,0,346,0,870,1,5713,3,6583,4,0,31,0,7,0,1062,0,25,30
04-30-21,Cocke,4474,5,2949,3,1525,2,3253,3,22711,34,25964,37,0,98,3,43,2,4333,2,119,98
04-30-21,Coffee,6871,2,4739,0,2132,2,5794,1,46560,66,52354,67,0,121,-3,52,5,6698,0,125,121
04-30-21,Crockett,2024,1,1216,0,808,1,1419,0,7432,6,8851,6,0,48,-1,16,2,1960,0,31,48
04-30-21,Cumberland,6687,14,5502,6,1185,8,6315,7,49346,80,55661,87,0,128,-3,109,17,6450,2,165,131
04-30-21,Davidson,88835,114,83088,94,5747,20,100940,120,1020377,2033,1121317,2153,0,931,12,1017,102,86887,1,1976,933
04-30-21,Decatur,1578,0,1170,0,408,0,1391,0,11056,8,12447,8,0,39,0,1,0,1538,0,40,39
04-30-21,Dekalb,2784,4,2050,4,734,0,2368,4,17300,31,19668,35,0,54,-1,24,5,2706,0,56,54
04-30-21,Dickson,6815,5,4934,5,1881,0,5826,5,36570,59,42396,64,0,110,-5,57,10,6648,0,121,111
04-30-21,Dyer,5403,3,3550,2,1853,1,4007,1,22138,19,26145,20,0,105,0,44,3,5254,0,109,105
04-30-21,Fayette,5012,18,4255,11,757,7,5253,13,38738,82,43991,95,0,76,7,92,11,4844,1,134,77
04-30-21,Fentress,2409,0,2072,0,337,0,2365,0,13456,10,15821,10,0,47,-3,25,3,2337,0,63,47
04-30-21,Franklin,5122,1,4255,1,867,0,4982,2,39235,189,44217,191,0,90,-4,40,5,4992,0,109,90
04-30-21,Gibson,6488,9,3896,4,2592,5,4717,3,30102,44,34819,47,0,145,3,80,6,6263,0,116,145
04-30-21,Giles,3976,7,3265,4,711,3,3753,3,23323,14,27076,17,0,100,5,34,2,3842,0,111,100
04-30-21,Grainger,2615,2,1930,0,685,2,2163,0,14261,38,16424,38,0,50,-2,21,4,2544,1,71,50
04-30-21,Greene,7808,9,6214,8,1594,1,6919,9,51703,115,58622,124,1,154,0,74,8,7580,0,192,155
04-30-21,Grundy,1786,1,1494,1,292,0,1712,1,9392,38,11104,39,0,34,1,8,0,1744,0,62,34
04-30-21,Hamblen,8568,7,5955,2,2613,5,6693,2,46706,67,53399,69,0,172,-3,83,10,8313,0,264,172
04-30-21,Hamilton,43968,58,37687,36,6281,22,42253,35,325520,387,367773,422,0,491,9,445,49,43032,0,1172,491
04-30-21,Hancock,585,3,405,2,180,1,431,2,4011,8,4442,10,0,12,-1,26,4,547,0,23,12
04-30-21,Hardeman,3498,3,2813,3,685,0,3287,5,25532,39,28819,44,0,64,1,37,2,3397,0,105,64
04-30-21,Hardin,3556,3,2399,3,1157,0,2850,3,23766,44,26616,47,1,67,-5,52,7,3437,1,67,67
04-30-21,Hawkins,5974,20,4829,15,1145,5,5171,15,35773,152,40944,167,0,107,8,162,12,5705,0,157,107
04-30-21,Haywood,2697,3,2260,3,437,0,2578,2,13803,26,16381,28,1,62,-1,16,3,2619,0,83,62
04-30-21,Henderson,3777,1,2614,1,1163,0,3264,1,16233,22,19497,23,0,76,-3,37,4,3664,0,79,76
04-30-21,Henry,3160,5,2431,4,729,1,2808,4,18046,23,20854,27,1,76,1,41,3,3043,0,77,76
04-30-21,Hickman,2831,2,2279,1,552,1,2627,1,16862,28,19489,29,0,46,-1,29,3,2756,0,58,46
04-30-21,Houston,1089,2,820,0,269,2,940,1,10701,9,11641,10,0,33,2,6,0,1050,0,40,33
04-30-21,Humphreys,1783,4,1136,4,647,0,1324,4,11927,16,13251,20,1,25,0,41,3,1717,1,36,26
04-30-21,Jackson,1310,1,1025,0,285,1,1195,0,5609,7,6804,7,0,35,1,14,0,1261,0,41,36
04-30-21,Jefferson,6151,7,4202,0,1949,7,4751,1,39651,55,44402,56,0,125,-2,72,9,5954,0,194,124
04-30-21,Johnson,2383,7,2071,5,312,2,2204,5,15990,36,18194,41,0,38,-1,62,8,2283,0,58,38
04-30-21,Knox,50798,58,42429,29,8369,29,46440,29,332080,565,378520,594,0,633,-9,503,67,49662,3,1378,634
04-30-21,Lake,1698,0,1509,0,189,0,1779,0,10244,12,12023,12,0,26,-1,5,1,1667,0,25,26
04-30-21,Lauderdale,3169,2,2466,2,703,0,2830,2,21359,23,24189,25,0,44,2,33,0,3092,0,83,43
04-30-21,Lawrence,5867,9,4569,6,1298,3,5040,7,29860,40,34900,47,0,86,-1,73,10,5708,0,150,87
04-30-21,Lewis,1577,0,1175,0,402,0,1272,0,10071,10,11343,10,0,26,0,17,0,1534,0,43,26
04-30-21,Lincoln,4328,2,3335,1,993,1,3791,2,17924,17,21715,19,0,63,-5,37,7,4228,0,85,62
04-30-21,Loudon,6105,8,4657,3,1448,5,5094,3,31798,43,36892,46,0,69,8,62,0,5974,0,137,69
04-30-21,Macon,3606,2,2793,2,813,0,3285,3,17041,65,20326,68,0,78,1,25,1,3503,1,129,78
04-30-21,Madison,11059,2,6177,1,4882,1,7471,4,56114,107,63585,111,0,241,-5,-93,7,10911,0,337,241
04-30-21,Marion,3112,1,2657,1,455,0,2973,1,19937,46,22910,47,0,47,0,14,1,3051,0,113,47
04-30-21,Marshall,4164,7,3265,3,899,4,3691,5,23461,33,27152,38,0,58,2,53,5,4053,0,92,58
04-30-21,Maury,13403,19,11717,17,1686,2,12939,18,75999,130,88938,148,0,171,7,191,12,13041,0,296,170
04-30-21,McMinn,6458,4,5712,3,746,1,6297,3,43303,63,49600,66,0,98,-7,91,11,6269,2,159,98
04-30-21,McNairy,2802,4,1981,3,821,1,2405,2,18435,40,20840,42,0,54,1,18,3,2730,0,66,54
04-30-21,Meigs,1380,3,1238,3,142,0,1374,3,8205,12,9579,15,0,25,2,29,1,1326,0,45,25
04-30-21,Monroe,5805,4,4569,2,1236,2,5126,2,27811,47,32937,49,0,95,-1,71,5,5639,0,157,95
04-30-21,Montgomery,20064,13,14745,10,5319,3,16199,13,120898,140,137097,153,1,225,-24,387,36,19452,0,305,226
04-30-21,Moore,1008,0,776,0,232,0,875,0,4919,8,5794,8,0,17,-1,6,1,985,0,18,17
04-30-21,Morgan,2481,2,1818,1,663,1,1976,1,15517,58,17493,59,0,39,0,23,2,2419,0,44,39
04-30-21,Obion,4523,1,3339,1,1184,0,3788,1,23013,25,26801,26,0,96,-1,19,2,4408,0,103,96
04-30-21,Out of State,17512,11,13902,9,3610,2,15744,11,644680,1080,660424,1091,0,97,-9,181,20,17234,0,212,97
04-30-21,Overton,3000,3,2249,2,751,1,2650,2,15266,21,17916,23,0,61,0,28,3,2911,0,64,61
04-30-21,Pending,16675,20,10739,12,5936,8,11939,14,423146,1070,435085,1084,0,134,2,173,18,16368,0,139,133
04-30-21,Perry,1059,0,909,0,150,0,1024,0,6145,4,7169,4,0,28,0,4,0,1027,0,28,28
04-30-21,Pickett,755,0,500,0,255,0,602,0,3964,1,4566,1,0,24,0,3,0,728,0,28,24
04-30-21,Polk,2048,3,1839,2,209,1,2039,3,9731,23,11770,26,0,24,0,52,3,1972,0,87,24
04-30-21,Putnam,11306,14,9194,10,2112,4,11021,13,73379,101,84400,114,0,174,2,131,12,11001,0,210,175
04-30-21,Rhea,4330,3,3743,2,587,1,4190,2,27313,39,31503,41,0,75,2,21,1,4234,0,84,75
04-30-21,Roane,6254,6,4811,4,1443,2,5358,4,43875,94,49233,98,0,104,-1,52,7,6098,1,151,105
04-30-21,Robertson,9708,9,7595,6,2113,3,8560,7,44901,84,53461,91,0,131,-7,97,16,9480,0,431,131
04-30-21,Rutherford,42817,72,36513,51,6304,21,42421,56,246464,511,288885,567,2,430,14,521,56,41866,0,596,430
04-30-21,Scott,3105,5,1701,1,1404,4,1818,1,11764,26,13582,27,0,45,2,50,3,3010,0,64,45
04-30-21,Sequatchie,1689,3,1320,3,369,0,1444,4,11981,12,13425,16,0,29,3,22,0,1638,0,41,29
04-30-21,Sevier,13281,12,11329,4,1952,8,12485,5,68373,107,80858,112,0,175,4,136,8,12970,0,281,175
04-30-21,Shelby,94676,154,87578,142,7098,12,107836,163,1019092,2954,1126928,3117,0,1610,-15,1534,169,91532,5,3697,1617
04-30-21,Smith,2760,3,2062,3,698,0,2582,4,13962,27,16544,31,0,39,-2,17,5,2704,0,59,39
04-30-21,Stewart,1316,1,998,1,318,0,1131,1,7116,5,8247,6,0,28,0,9,1,1279,0,26,28
04-30-21,Sullivan,16591,33,14410,29,2181,4,15510,29,92305,183,107815,212,0,290,4,406,29,15895,1,769,292
04-30-21,Sumner,23830,52,21040,42,2790,10,23814,44,126113,285,149927,329,0,347,15,373,37,23110,1,714,346
04-30-21,Tipton,7288,11,5059,6,2229,5,6107,7,49296,106,55403,113,0,101,3,76,8,7111,0,161,101
04-30-21,Trousdale,2499,2,2340,2,159,0,2508,2,9434,18,11942,20,0,22,0,7,2,2470,0,41,22
04-30-21,Unicoi,2010,5,1520,3,490,2,1671,3,13718,35,15389,38,0,49,1,65,4,1896,0,70,49
04-30-21,Union,1904,8,1596,6,308,2,1720,6,10775,21,12495,27,0,34,5,27,3,1843,0,59,34
04-30-21,Van Buren,845,1,697,1,148,0,772,1,5377,8,6149,9,0,23,0,5,1,817,0,23,23
04-30-21,Warren,5515,3,4688,2,827,1,5329,2,33908,31,39237,33,0,81,0,21,3,5413,0,83,81
04-30-21,Washington,14440,25,12364,20,2076,5,13590,20,86383,178,99973,198,-1,244,1,249,25,13947,0,366,244
04-30-21,Wayne,2952,9,2369,1,583,8,2607,1,11435,12,14042,13,0,35,9,13,0,2904,0,61,34
04-30-21,Weakley,4079,9,3002,8,1077,1,3436,7,22049,34,25485,41,0,64,6,55,3,3960,1,73,64
04-30-21,White,3607,11,2934,8,673,3,3578,8,23237,33,26815,41,0,69,7,58,4,3480,0,114,70
04-30-21,Williamson,27840,36,23403,22,4437,14,25961,22,190605,372,216566,394,0,217,11,312,25,27311,1,294,217
04-30-21,Wilson,18681,10,16775,8,1906,2,19059,11,111110,430,130169,441,0,233,-11,208,21,18240,0,340,234
04-29-21,Anderson,8691,6,6471,2,2220,4,7264,3,63665,149,70929,152,0,172,-2,104,8,8415,0,216,172
04-29-21,Bedford,6484,9,5085,5,1399,4,5859,5,32389,53,38248,58,0,129,-3,69,12,6286,1,138,127
04-29-21,Benton,1650,0,1293,0,357,0,1431,0,9214,16,10645,16,0,40,-1,21,1,1589,0,38,40
04-29-21,Bledsoe,2118,2,1913,2,205,0,2027,2,16233,29,18260,31,0,11,0,16,2,2091,0,32,11
04-29-21,Blount,15349,28,13061,21,2288,7,14427,21,77294,216,91721,237,0,193,8,200,20,14956,1,352,193
04-29-21,Bradley,14892,19,12131,14,2761,5,13766,19,68426,130,82192,149,0,149,-14,306,33,14437,1,658,149
04-29-21,Campbell,4132,4,2262,1,1870,3,2539,1,25199,24,27738,25,0,63,1,37,3,4032,0,127,63
04-29-21,Cannon,1909,3,1521,2,388,1,1695,2,9528,13,11223,15,0,31,2,19,1,1859,1,39,31
04-29-21,Carroll,3589,7,2342,0,1247,7,2781,0,19859,20,22640,20,0,83,6,25,1,3481,0,82,83
04-29-21,Carter,6566,5,5703,3,863,2,6264,4,38947,69,45211,73,0,156,-4,108,9,6302,0,232,156
04-29-21,Cheatham,4523,3,3438,1,1085,2,3884,1,28169,39,32053,40,0,55,-12,63,15,4405,0,90,56
04-29-21,Chester,2124,5,1519,2,605,3,1811,3,12143,18,13954,21,0,51,4,35,1,2038,0,43,51
04-29-21,Claiborne,3155,10,2018,9,1137,1,2161,9,24588,48,26749,57,0,73,0,82,10,3000,1,94,74
04-29-21,Clay,1100,1,754,0,346,1,869,0,5710,3,6579,3,0,31,1,7,0,1062,0,25,30
04-29-21,Cocke,4469,0,2946,0,1523,0,3250,0,22677,58,25927,58,0,98,-5,40,5,4331,0,117,98
04-29-21,Coffee,6869,2,4739,1,2130,1,5793,2,46494,31,52287,33,0,121,1,55,1,6693,0,125,121
04-29-21,Crockett,2023,5,1216,0,807,5,1419,0,7426,5,8845,5,0,48,4,17,1,1958,0,31,48
04-29-21,Cumberland,6673,8,5496,6,1177,2,6308,6,49266,38,55574,44,0,128,-1,112,9,6433,1,163,131
04-29-21,Davidson,88721,73,82994,50,5727,23,100820,59,1018344,2165,1119164,2224,0,931,-55,1005,128,86785,2,1975,931
04-29-21,Decatur,1578,0,1170,0,408,0,1391,0,11048,7,12439,7,0,39,-1,1,1,1538,0,40,39
04-29-21,Dekalb,2780,5,2046,4,734,1,2364,4,17269,23,19633,27,0,54,2,25,3,2701,0,56,54
04-29-21,Dickson,6810,12,4929,10,1881,2,5821,12,36511,96,42332,108,1,110,1,62,10,6638,0,121,110
04-29-21,Dyer,5400,5,3548,1,1852,4,4006,1,22119,16,26125,17,0,105,1,44,4,5251,0,109,105
04-29-21,Fayette,4994,8,4244,5,750,3,5240,8,38656,68,43896,76,0,76,1,85,7,4833,0,133,76
04-29-21,Fentress,2409,4,2072,4,337,0,2365,4,13446,7,15811,11,0,47,1,28,3,2334,0,63,47
04-29-21,Franklin,5121,2,4254,1,867,1,4980,1,39046,15,44026,16,0,90,-1,44,3,4987,0,109,90
04-29-21,Gibson,6479,13,3892,6,2587,7,4714,6,30058,72,34772,78,0,145,1,77,12,6257,0,116,145
04-29-21,Giles,3969,4,3261,2,708,2,3750,2,23309,18,27059,20,1,100,1,29,2,3840,0,111,100
04-29-21,Grainger,2613,2,1930,1,683,1,2163,2,14223,17,16386,19,1,50,-3,23,4,2540,0,70,50
04-29-21,Greene,7799,4,6206,4,1593,0,6910,4,51588,127,58498,131,0,153,-1,74,5,7572,0,192,154
04-29-21,Grundy,1785,0,1493,0,292,0,1711,0,9354,9,11065,9,0,34,-1,7,1,1744,0,62,34
04-29-21,Hamblen,8561,7,5953,1,2608,6,6691,1,46639,47,53330,48,0,172,1,86,6,8303,0,264,172
04-29-21,Hamilton,43910,66,37651,37,6259,29,42218,39,325133,476,367351,515,0,491,15,436,51,42983,2,1172,491
04-29-21,Hancock,582,3,403,0,179,3,429,0,4003,16,4432,16,0,12,-2,27,5,543,0,23,12
04-29-21,Hardeman,3495,3,2810,2,685,1,3282,3,25493,77,28775,80,0,64,0,36,3,3395,1,105,64
04-29-21,Hardin,3553,7,2396,5,1157,2,2847,6,23722,33,26569,39,0,66,5,57,2,3430,1,66,67
04-29-21,Hawkins,5954,18,4814,16,1140,2,5156,16,35621,43,40777,59,0,107,11,154,7,5693,1,157,107
04-29-21,Haywood,2694,6,2257,4,437,2,2576,5,13777,27,16353,32,0,61,6,17,0,2616,0,83,62
04-29-21,Henderson,3776,10,2613,5,1163,5,3263,5,16211,15,19474,20,0,76,5,40,5,3660,0,79,76
04-29-21,Henry,3155,6,2427,2,728,4,2804,2,18023,16,20827,18,0,75,3,40,3,3040,0,77,76
04-29-21,Hickman,2829,1,2278,1,551,0,2626,2,16834,20,19460,22,0,46,-1,30,2,2753,0,58,46
04-29-21,Houston,1087,0,820,0,267,0,939,0,10692,7,11631,7,0,33,-1,4,1,1050,0,40,33
04-29-21,Humphreys,1779,3,1132,2,647,1,1320,2,11911,18,13231,20,2,24,-3,41,4,1714,0,35,25
04-29-21,Jackson,1309,0,1025,0,284,0,1195,0,5602,10,6797,10,0,35,-2,13,2,1261,0,41,36
04-29-21,Jefferson,6144,9,4202,4,1942,5,4750,4,39596,38,44346,42,0,125,0,74,9,5945,2,194,124
04-29-21,Johnson,2376,2,2066,1,310,1,2199,1,15954,15,18153,16,0,38,-4,63,6,2275,0,58,38
04-29-21,Knox,50740,54,42400,33,8340,21,46411,35,331515,572,377926,607,0,633,-2,512,56,49595,2,1375,633
04-29-21,Lake,1698,0,1509,0,189,0,1779,0,10232,10,12011,10,0,26,0,6,0,1666,0,25,26
04-29-21,Lauderdale,3167,3,2464,2,703,1,2828,2,21336,30,24164,32,0,44,2,31,1,3092,0,83,43
04-29-21,Lawrence,5858,3,4563,1,1295,2,5033,1,29820,37,34853,38,0,86,-4,74,7,5698,0,150,86
04-29-21,Lewis,1577,2,1175,0,402,2,1272,0,10061,7,11333,7,0,26,-1,17,3,1534,0,43,26
04-29-21,Lincoln,4326,3,3334,2,992,1,3789,2,17907,13,21696,15,1,63,0,42,2,4221,1,85,62
04-29-21,Loudon,6097,10,4654,3,1443,7,5091,5,31755,41,36846,46,0,69,1,54,9,5974,1,137,69
04-29-21,Macon,3604,3,2791,3,813,0,3282,3,16976,46,20258,49,0,78,1,24,2,3502,0,128,78
04-29-21,Madison,11057,19,6176,3,4881,16,7467,4,56007,61,63474,65,0,241,11,-88,8,10904,0,337,241
04-29-21,Marion,3111,1,2656,1,455,0,2972,1,19891,16,22863,17,0,47,-2,14,3,3050,0,113,47
04-29-21,Marshall,4157,8,3262,3,895,5,3686,4,23428,19,27114,23,0,58,1,51,7,4048,0,92,58
04-29-21,Maury,13384,31,11700,12,1684,19,12921,11,75869,97,88790,108,0,171,18,184,13,13029,0,296,170
04-29-21,McMinn,6454,9,5709,5,745,4,6294,5,43240,43,49534,48,0,98,0,98,9,6258,0,157,98
04-29-21,McNairy,2798,1,1978,1,820,0,2403,1,18395,35,20798,36,0,54,1,17,0,2727,0,66,54
04-29-21,Meigs,1377,0,1235,0,142,0,1371,0,8193,9,9564,9,0,25,-1,27,1,1325,0,45,25
04-29-21,Monroe,5801,5,4567,3,1234,2,5124,4,27764,34,32888,38,0,95,-9,72,14,5634,0,157,95
04-29-21,Montgomery,20051,28,14735,7,5316,21,16186,8,120758,252,136944,260,0,224,-21,411,49,19416,0,305,226
04-29-21,Moore,1008,0,776,0,232,0,875,0,4911,2,5786,2,0,17,-2,7,2,984,0,18,17
04-29-21,Morgan,2479,1,1817,0,662,1,1975,0,15459,9,17434,9,0,39,-1,23,2,2417,0,44,39
04-29-21,Obion,4522,1,3338,1,1184,0,3787,2,22988,52,26775,54,0,96,-3,20,4,4406,0,103,96
04-29-21,Out of State,17501,13,13893,6,3608,7,15733,8,643600,1195,659333,1203,0,97,-11,190,24,17214,0,212,97
04-29-21,Overton,2997,1,2247,1,750,0,2648,3,15245,17,17893,20,0,61,-3,28,4,2908,0,64,61
04-29-21,Pending,16655,21,10727,16,5928,5,11925,19,422076,1267,434001,1286,0,134,8,171,13,16350,0,139,133
04-29-21,Perry,1059,2,909,1,150,1,1024,1,6141,7,7165,8,0,28,2,4,0,1027,0,28,28
04-29-21,Pickett,755,0,500,0,255,0,602,0,3963,2,4565,2,0,24,0,3,0,728,0,28,24
04-29-21,Polk,2045,4,1837,4,208,0,2036,5,9708,15,11744,20,0,24,0,52,4,1969,0,87,24
04-29-21,Putnam,11292,10,9184,8,2108,2,11008,8,73278,159,84286,167,0,174,-2,129,12,10989,0,210,175
04-29-21,Rhea,4327,3,3741,1,586,2,4188,1,27274,26,31462,27,0,75,0,19,3,4233,0,84,75
04-29-21,Roane,6248,9,4807,4,1441,5,5354,4,43781,75,49135,79,0,104,4,53,5,6091,0,150,105
04-29-21,Robertson,9699,5,7589,2,2110,3,8553,4,44817,64,53370,68,0,131,-7,104,12,9464,0,431,131
04-29-21,Rutherford,42745,36,36462,21,6283,15,42365,22,245953,413,288318,435,1,428,-20,507,55,41810,0,596,430
04-29-21,Scott,3100,4,1700,4,1400,0,1817,5,11738,26,13555,31,0,45,-1,48,5,3007,0,64,45
04-29-21,Sequatchie,1686,2,1317,1,369,1,1440,1,11969,19,13409,20,0,29,1,19,1,1638,0,41,29
04-29-21,Sevier,13269,10,11325,10,1944,0,12480,12,68266,117,80746,129,0,175,-7,132,17,12962,0,281,175
04-29-21,Shelby,94522,164,87436,150,7086,14,107673,170,1016138,3178,1123811,3348,1,1610,13,1549,150,91363,3,3692,1616
04-29-21,Smith,2757,2,2059,1,698,1,2578,1,13935,14,16513,15,0,39,2,19,0,2699,0,59,39
04-29-21,Stewart,1315,0,997,0,318,0,1130,0,7111,12,8241,12,0,28,0,9,0,1278,0,26,28
04-29-21,Sullivan,16558,60,14381,56,2177,4,15481,63,92122,210,107603,273,0,290,18,402,42,15866,3,768,291
04-29-21,Sumner,23778,28,20998,19,2780,9,23770,22,125828,236,149598,258,0,347,0,358,28,23073,0,713,346
04-29-21,Tipton,7277,5,5053,5,2224,0,6100,6,49190,104,55290,110,0,101,-3,73,8,7103,0,161,101
04-29-21,Trousdale,2497,1,2338,1,159,0,2506,1,9416,15,11922,16,0,22,-1,7,2,2468,0,41,22
04-29-21,Unicoi,2005,5,1517,1,488,4,1668,1,13683,27,15351,28,0,49,-1,64,6,1892,0,70,49
04-29-21,Union,1896,6,1590,6,306,0,1714,8,10754,20,12468,28,0,34,6,22,0,1840,0,59,34
04-29-21,Van Buren,844,1,696,0,148,1,771,0,5369,7,6140,7,0,23,1,5,0,816,1,23,23
04-29-21,Warren,5512,1,4686,1,826,0,5327,2,33877,68,39204,70,0,81,-2,21,3,5410,0,83,81
04-29-21,Washington,14415,19,12344,19,2071,0,13570,22,86205,146,99775,168,0,245,-17,248,36,13922,2,366,244
04-29-21,Wayne,2943,1,2368,0,575,1,2606,0,11423,6,14029,6,0,35,1,4,0,2904,0,61,34
04-29-21,Weakley,4070,3,2994,0,1076,3,3429,1,22015,13,25444,14,0,64,-3,49,6,3957,0,72,64
04-29-21,White,3596,7,2926,4,670,3,3570,4,23204,23,26774,27,0,69,4,51,3,3476,1,114,70
04-29-21,Williamson,27804,23,23381,15,4423,8,25939,18,190233,354,216172,372,0,217,-12,301,35,27286,0,293,217
04-29-21,Wilson,18671,11,16767,7,1904,4,19048,10,110680,188,129728,198,1,233,-43,219,53,18219,0,340,234
04-28-21,Anderson,8685,17,6469,11,2216,6,7261,14,63516,139,70777,153,0,172,1,106,16,8407,1,216,172
04-28-21,Bedford,6475,5,5080,4,1395,1,5854,5,32336,65,38190,70,0,129,-1,72,6,6274,0,137,127
04-28-21,Benton,1650,5,1293,5,357,0,1431,6,9198,28,10629,34,0,40,1,22,4,1588,0,38,40
04-28-21,Bledsoe,2116,0,1911,0,205,0,2025,0,16204,57,18229,57,0,11,-1,16,1,2089,0,32,11
04-28-21,Blount,15321,24,13040,16,2281,8,14406,17,77078,159,91484,176,0,193,7,192,17,14936,1,351,193
04-28-21,Bradley,14873,33,12117,20,2756,13,13747,24,68296,117,82043,141,0,149,-4,320,37,14404,4,657,149
04-28-21,Campbell,4128,10,2261,6,1867,4,2538,6,25175,21,27713,27,0,63,4,36,6,4029,0,127,63
04-28-21,Cannon,1906,2,1519,1,387,1,1693,1,9515,16,11208,17,0,31,2,17,0,1858,0,38,31
04-28-21,Carroll,3582,0,2342,0,1240,0,2781,0,19839,28,22620,28,0,83,-4,19,4,3480,0,82,83
04-28-21,Carter,6561,17,5700,13,861,4,6260,14,38878,196,45138,210,0,156,0,112,17,6293,0,232,156
04-28-21,Cheatham,4520,4,3437,2,1083,2,3883,2,28130,56,32013,58,0,55,-10,75,14,4390,0,90,56
04-28-21,Chester,2119,3,1517,3,602,0,1808,3,12125,79,13933,82,0,51,1,31,2,2037,0,43,51
04-28-21,Claiborne,3145,10,2009,8,1136,2,2152,9,24540,45,26692,54,0,73,4,82,6,2990,0,93,74
04-28-21,Clay,1099,0,754,0,345,0,869,1,5707,22,6576,23,0,31,-1,6,1,1062,0,25,30
04-28-21,Cocke,4469,5,2946,1,1523,4,3250,1,22619,81,25869,82,0,98,4,45,1,4326,0,117,98
04-28-21,Coffee,6867,8,4738,5,2129,3,5791,4,46463,93,52254,97,0,121,6,54,2,6692,1,125,121
04-28-21,Crockett,2018,0,1216,0,802,0,1419,1,7421,10,8840,11,0,48,-1,13,1,1957,0,31,48
04-28-21,Cumberland,6665,8,5490,7,1175,1,6302,11,49228,166,55530,177,0,128,-2,113,10,6424,0,162,131
04-28-21,Davidson,88648,84,82944,68,5704,16,100761,82,1016179,4419,1116940,4501,2,931,-53,1060,135,86657,2,1973,931
04-28-21,Decatur,1578,1,1170,0,408,1,1391,1,11041,12,12432,13,0,39,1,2,0,1537,0,40,39
04-28-21,Dekalb,2775,0,2042,0,733,0,2360,0,17246,24,19606,24,0,54,-1,23,1,2698,0,56,54
04-28-21,Dickson,6798,9,4919,6,1879,3,5809,6,36415,77,42224,83,0,109,-10,61,19,6628,0,121,110
04-28-21,Dyer,5395,4,3547,3,1848,1,4005,3,22103,29,26108,32,0,105,3,43,1,5247,0,109,105
04-28-21,Fayette,4986,22,4239,8,747,14,5232,16,38588,93,43820,109,0,76,13,84,9,4826,0,133,76
04-28-21,Fentress,2405,2,2068,2,337,0,2361,2,13439,23,15800,25,0,47,1,27,1,2331,0,63,47
04-28-21,Franklin,5119,4,4253,2,866,2,4979,2,39031,160,44010,162,0,90,2,45,2,4984,0,109,90
04-28-21,Gibson,6466,6,3886,3,2580,3,4708,3,29986,62,34694,65,0,145,-3,76,9,6245,0,116,145
04-28-21,Giles,3965,3,3259,2,706,1,3748,3,23291,44,27039,47,0,99,-2,28,5,3838,0,111,100
04-28-21,Grainger,2611,3,1929,1,682,2,2161,2,14206,30,16367,32,-1,49,-1,26,5,2536,0,70,50
04-28-21,Greene,7795,8,6202,7,1593,1,6906,11,51461,300,58367,311,0,153,-7,75,15,7567,0,192,153
04-28-21,Grundy,1785,2,1493,2,292,0,1711,2,9345,59,11056,61,0,34,1,8,1,1743,0,62,34
04-28-21,Hamblen,8554,14,5952,10,2602,4,6690,13,46592,93,53282,106,1,172,6,85,7,8297,1,264,172
04-28-21,Hamilton,43844,74,37614,59,6230,15,42179,61,324657,452,366836,513,0,491,1,421,73,42932,5,1170,491
04-28-21,Hancock,579,7,403,1,176,6,429,3,3987,4,4416,7,0,12,6,29,1,538,1,23,12
04-28-21,Hardeman,3492,6,2808,5,684,1,3279,3,25416,100,28695,103,0,64,5,36,1,3392,0,104,64
04-28-21,Hardin,3546,4,2391,1,1155,3,2841,1,23689,59,26530,60,0,66,-4,52,8,3428,0,65,66
04-28-21,Hawkins,5936,27,4798,21,1138,6,5140,22,35578,103,40718,125,0,107,16,143,11,5686,1,156,107
04-28-21,Haywood,2688,2,2253,2,435,0,2571,2,13750,23,16321,25,0,61,1,11,1,2616,0,83,62
04-28-21,Henderson,3766,4,2608,2,1158,2,3258,3,16196,16,19454,19,0,76,-1,35,5,3655,0,79,76
04-28-21,Henry,3149,7,2425,6,724,1,2802,6,18007,35,20809,41,0,75,5,37,2,3037,0,77,76
04-28-21,Hickman,2828,2,2277,1,551,1,2624,1,16814,32,19438,33,0,46,-2,31,4,2751,0,58,46
04-28-21,Houston,1087,0,820,0,267,0,939,0,10685,10,11624,10,0,33,0,5,0,1049,0,40,33
04-28-21,Humphreys,1776,3,1130,1,646,2,1318,1,11893,32,13211,33,0,22,-9,44,12,1710,0,35,24
04-28-21,Jackson,1309,0,1025,0,284,0,1195,0,5592,18,6787,18,0,35,0,15,0,1259,0,41,36
04-28-21,Jefferson,6135,10,4198,5,1937,5,4746,4,39558,59,44304,63,1,125,5,74,4,5936,0,192,124
04-28-21,Johnson,2374,11,2065,8,309,3,2198,9,15939,177,18137,186,0,38,3,67,8,2269,0,58,38
04-28-21,Knox,50686,48,42367,28,8319,20,46376,34,330943,541,377319,575,4,633,-36,514,80,49539,1,1373,633
04-28-21,Lake,1698,1,1509,1,189,0,1779,1,10222,5,12001,6,0,26,1,6,0,1666,0,25,26
04-28-21,Lauderdale,3164,2,2462,1,702,1,2826,2,21306,36,24132,38,0,44,1,29,1,3091,0,83,43
04-28-21,Lawrence,5855,7,4562,5,1293,2,5032,6,29783,185,34815,191,0,86,4,78,3,5691,0,150,86
04-28-21,Lewis,1575,4,1175,1,400,3,1272,1,10054,17,11326,18,0,26,3,18,1,1531,0,43,26
04-28-21,Lincoln,4323,2,3332,2,991,0,3787,2,17894,31,21681,33,0,62,1,42,1,4219,0,84,62
04-28-21,Loudon,6087,7,4651,3,1436,4,5086,3,31714,64,36800,67,0,69,4,53,3,5965,0,136,69
04-28-21,Macon,3601,1,2788,1,813,0,3279,4,16930,82,20209,86,1,78,-3,23,3,3500,0,128,78
04-28-21,Madison,11038,26,6173,15,4865,11,7463,18,55946,110,63409,128,0,241,15,-99,11,10896,0,337,241
04-28-21,Marion,3110,2,2655,2,455,0,2971,2,19875,96,22846,98,0,47,-3,16,5,3047,0,113,47
04-28-21,Marshall,4149,4,3259,4,890,0,3682,4,23409,46,27091,50,0,58,0,50,4,4041,0,92,58
04-28-21,Maury,13353,15,11688,10,1665,5,12910,12,75772,208,88682,220,0,171,0,166,15,13016,0,296,170
04-28-21,McMinn,6445,12,5704,10,741,2,6289,11,43197,60,49486,71,0,98,6,98,6,6249,1,157,98
04-28-21,McNairy,2797,5,1977,2,820,3,2402,2,18360,34,20762,36,0,54,1,16,4,2727,1,66,54
04-28-21,Meigs,1377,4,1235,3,142,1,1371,3,8184,19,9555,22,0,25,2,28,2,1324,0,45,25
04-28-21,Monroe,5796,6,4564,3,1232,3,5120,3,27730,20,32850,23,0,95,-3,81,9,5620,0,157,95
04-28-21,Montgomery,20023,41,14728,20,5295,21,16178,26,120506,348,136684,374,0,224,-12,432,53,19367,1,305,226
04-28-21,Moore,1008,1,776,1,232,0,875,1,4909,7,5784,8,0,17,-1,9,2,982,0,18,17
04-28-21,Morgan,2478,4,1817,4,661,0,1975,5,15450,25,17425,30,0,39,3,24,1,2415,0,44,39
04-28-21,Obion,4521,5,3337,3,1184,2,3785,4,22936,29,26721,33,0,96,2,23,3,4402,0,103,96
04-28-21,Out of State,17488,21,13887,15,3601,6,15725,15,642405,1400,658130,1415,0,97,1,201,20,17190,1,212,97
04-28-21,Overton,2996,0,2246,0,750,0,2645,0,15228,48,17873,48,0,61,-5,31,5,2904,0,64,61
04-28-21,Pending,16634,16,10711,8,5923,8,11906,8,420809,1158,432715,1166,0,134,3,163,13,16337,0,139,133
04-28-21,Perry,1057,0,908,0,149,0,1023,0,6134,5,7157,5,0,28,0,2,0,1027,0,28,28
04-28-21,Pickett,755,0,500,0,255,0,602,0,3961,8,4563,8,0,24,0,3,0,728,0,28,24
04-28-21,Polk,2041,11,1833,10,208,1,2031,11,9693,37,11724,48,0,24,7,52,4,1965,1,87,24
04-28-21,Putnam,11282,26,9176,17,2106,9,11000,22,73119,292,84119,314,0,174,13,131,13,10977,0,210,175
04-28-21,Rhea,4324,1,3740,1,584,0,4187,1,27248,80,31435,81,0,75,-4,19,5,4230,0,84,75
04-28-21,Roane,6239,10,4803,5,1436,5,5350,4,43706,82,49056,86,0,104,6,49,4,6086,0,150,105
04-28-21,Robertson,9694,7,7587,6,2107,1,8549,8,44753,129,53302,137,1,131,-3,111,9,9452,0,431,131
04-28-21,Rutherford,42709,45,36441,32,6268,13,42343,38,245540,597,287883,635,2,427,-10,527,53,41755,3,596,427
04-28-21,Scott,3096,11,1696,7,1400,4,1812,7,11712,43,13524,50,0,45,7,49,4,3002,0,64,45
04-28-21,Sequatchie,1684,3,1316,2,368,1,1439,2,11950,11,13389,13,0,29,2,18,1,1637,0,41,29
04-28-21,Sevier,13259,11,11315,6,1944,5,12468,7,68149,163,80617,170,0,175,-13,139,24,12945,1,281,175
04-28-21,Shelby,94358,190,87286,176,7072,14,107503,211,1012960,3400,1120463,3611,2,1609,38,1536,150,91213,14,3689,1615
04-28-21,Smith,2755,2,2058,1,697,1,2577,1,13921,21,16498,22,0,39,-1,17,3,2699,0,59,39
04-28-21,Stewart,1315,0,997,0,318,0,1130,1,7099,10,8229,11,0,28,-2,9,2,1278,0,26,28
04-28-21,Sullivan,16498,32,14325,28,2173,4,15418,27,91912,248,107330,275,1,290,-29,384,60,15824,0,765,290
04-28-21,Sumner,23750,18,20979,14,2771,4,23748,17,125592,375,149340,392,0,347,-27,358,45,23045,0,713,346
04-28-21,Tipton,7272,8,5048,4,2224,4,6094,5,49086,123,55180,128,0,101,-1,76,9,7095,0,161,101
04-28-21,Trousdale,2496,1,2337,1,159,0,2505,1,9401,24,11906,25,0,22,1,8,0,2466,0,41,22
04-28-21,Unicoi,2000,13,1516,9,484,4,1667,9,13656,89,15323,98,0,49,10,65,3,1886,2,70,49
04-28-21,Union,1890,4,1584,2,306,2,1706,2,10734,35,12440,37,0,34,2,16,2,1840,0,59,34
04-28-21,Van Buren,843,1,696,1,147,0,771,1,5362,7,6133,8,0,23,1,4,0,816,0,22,23
04-28-21,Warren,5511,5,4685,4,826,1,5325,5,33809,61,39134,66,0,81,-1,23,6,5407,0,83,81
04-28-21,Washington,14396,34,12325,28,2071,6,13548,32,86059,322,99607,354,0,245,-6,265,40,13886,1,364,244
04-28-21,Wayne,2942,1,2368,1,574,0,2606,1,11417,20,14023,21,0,35,0,3,1,2904,0,61,34
04-28-21,Weakley,4067,7,2994,2,1073,5,3428,2,22002,23,25430,25,0,64,2,52,5,3951,1,72,64
04-28-21,White,3589,4,2922,1,667,3,3566,1,23181,50,26747,51,1,69,-3,47,6,3473,0,113,69
04-28-21,Williamson,27781,26,23366,16,4415,10,25921,18,189879,438,215800,456,1,217,-27,313,52,27251,0,293,217
04-28-21,Wilson,18660,19,16760,14,1900,5,19038,16,110492,325,129530,341,1,232,-22,262,40,18166,0,340,233
04-27-21,Anderson,8668,10,6458,6,2210,4,7247,6,63377,68,70624,74,0,172,-3,105,13,8391,0,215,172
04-27-21,Bedford,6470,4,5076,0,1394,4,5849,1,32271,30,38120,31,0,129,-6,73,10,6268,0,137,127
04-27-21,Benton,1645,4,1288,4,357,0,1425,3,9170,2,10595,5,0,40,1,21,3,1584,0,38,40
04-27-21,Bledsoe,2116,5,1911,2,205,3,2025,2,16147,6,18172,8,0,11,3,17,2,2088,0,32,11
04-27-21,Blount,15297,16,13024,9,2273,7,14389,12,76919,154,91308,166,0,193,1,185,15,14919,0,350,193
04-27-21,Bradley,14840,28,12097,11,2743,17,13723,12,68179,229,81902,241,0,149,-8,324,36,14367,2,653,149
04-27-21,Campbell,4118,2,2255,1,1863,1,2532,2,25154,18,27686,20,0,63,-1,32,3,4023,0,127,63
04-27-21,Cannon,1904,1,1518,1,386,0,1692,1,9499,14,11191,15,0,31,-1,15,2,1858,0,38,31
04-27-21,Carroll,3582,1,2342,0,1240,1,2781,0,19811,22,22592,22,0,83,-3,23,4,3476,0,82,83
04-27-21,Carter,6544,14,5687,6,857,8,6246,7,38682,64,44928,71,0,156,8,112,6,6276,1,232,156
04-27-21,Cheatham,4516,2,3435,2,1081,0,3881,2,28074,31,31955,33,0,55,-7,85,9,4376,0,90,56
04-27-21,Chester,2116,8,1514,2,602,6,1805,1,12046,10,13851,11,0,51,6,30,2,2035,0,43,51
04-27-21,Claiborne,3135,14,2001,7,1134,7,2143,8,24495,26,26638,34,0,73,11,78,3,2984,0,93,74
04-27-21,Clay,1099,0,754,0,345,0,868,0,5685,6,6553,6,0,31,-3,7,3,1061,0,25,30
04-27-21,Cocke,4464,4,2945,1,1519,3,3249,2,22538,28,25787,30,0,98,0,41,4,4325,1,117,98
04-27-21,Coffee,6859,4,4733,2,2126,2,5787,2,46370,60,52157,62,0,121,-6,48,10,6690,0,124,121
04-27-21,Crockett,2018,1,1216,1,802,0,1418,1,7411,13,8829,14,0,48,1,14,0,1956,0,31,48
04-27-21,Cumberland,6657,9,5483,2,1174,7,6291,2,49062,37,55353,39,0,128,-4,115,13,6414,0,162,131
04-27-21,Davidson,88564,93,82876,73,5688,20,100679,93,1011760,2172,1112439,2265,0,929,-6,1113,99,86522,5,1971,930
04-27-21,Decatur,1577,0,1170,0,407,0,1390,0,11029,3,12419,3,0,39,0,1,0,1537,0,40,39
04-27-21,Dekalb,2775,2,2042,2,733,0,2360,2,17222,15,19582,17,1,54,-3,24,4,2697,0,56,54
04-27-21,Dickson,6789,7,4913,4,1876,3,5803,8,36338,83,42141,91,0,109,-5,71,12,6609,0,121,110
04-27-21,Dyer,5391,6,3544,1,1847,5,4002,1,22074,46,26076,47,0,105,4,40,2,5246,0,109,105
04-27-21,Fayette,4964,6,4231,3,733,3,5216,5,38495,73,43711,78,0,76,-6,71,12,4817,1,133,76
04-27-21,Fentress,2403,3,2066,1,337,2,2359,2,13416,102,15775,104,0,47,3,26,0,2330,0,63,47
04-27-21,Franklin,5115,8,4251,7,864,1,4977,9,38871,27,43848,36,1,90,3,43,4,4982,0,109,90
04-27-21,Gibson,6460,14,3883,3,2577,11,4705,3,29924,36,34629,39,0,145,7,79,7,6236,1,116,145
04-27-21,Giles,3962,2,3257,1,705,1,3745,1,23247,30,26992,31,0,99,-2,30,4,3833,0,111,100
04-27-21,Grainger,2608,4,1928,3,680,1,2159,3,14176,10,16335,13,0,50,-3,27,7,2531,0,70,50
04-27-21,Greene,7787,10,6195,9,1592,1,6895,9,51161,83,58056,92,0,153,-2,82,12,7552,3,192,153
04-27-21,Grundy,1783,0,1491,0,292,0,1709,0,9286,10,10995,10,0,34,0,7,0,1742,0,62,34
04-27-21,Hamblen,8540,5,5942,2,2598,3,6677,2,46499,52,53176,54,0,171,-3,79,8,8290,0,263,171
04-27-21,Hamilton,43770,39,37555,30,6215,9,42118,34,324205,376,366323,410,1,491,-25,420,63,42859,1,1165,491
04-27-21,Hancock,572,2,402,1,170,1,426,1,3983,4,4409,5,0,12,1,23,1,537,0,22,12
04-27-21,Hardeman,3486,2,2803,1,683,1,3276,1,25316,20,28592,21,0,64,-1,31,3,3391,1,104,64
04-27-21,Hardin,3542,9,2390,2,1152,7,2840,2,23630,24,26470,26,0,66,5,56,4,3420,0,65,66
04-27-21,Hawkins,5909,20,4777,10,1132,10,5118,12,35475,120,40593,132,0,107,4,127,16,5675,3,155,107
04-27-21,Haywood,2686,2,2251,2,435,0,2569,2,13727,19,16296,21,0,61,-1,10,3,2615,0,83,62
04-27-21,Henderson,3762,5,2606,3,1156,2,3255,4,16180,8,19435,12,0,76,-2,36,7,3650,0,79,76
04-27-21,Henry,3142,9,2419,2,723,7,2796,2,17972,11,20768,13,0,75,8,32,1,3035,0,77,76
04-27-21,Hickman,2826,5,2276,2,550,3,2623,2,16782,21,19405,23,0,46,0,33,5,2747,1,58,46
04-27-21,Houston,1087,0,820,0,267,0,939,0,10675,10,11614,10,0,33,0,5,0,1049,0,40,33
04-27-21,Humphreys,1773,4,1129,2,644,2,1317,2,11861,23,13178,25,0,22,-6,53,10,1698,0,35,24
04-27-21,Jackson,1309,1,1025,0,284,1,1195,0,5574,3,6769,3,0,35,-2,15,3,1259,0,41,36
04-27-21,Jefferson,6125,12,4193,5,1932,7,4742,5,39499,25,44241,30,0,124,3,69,9,5932,3,192,123
04-27-21,Johnson,2363,3,2057,1,306,2,2189,1,15762,15,17951,16,0,38,-1,64,4,2261,0,58,38
04-27-21,Knox,50638,41,42339,17,8299,24,46342,20,330402,392,376744,412,1,629,-30,550,70,49459,2,1372,631
04-27-21,Lake,1697,3,1508,3,189,0,1778,3,10217,56,11995,59,0,26,3,5,0,1666,0,25,26
04-27-21,Lauderdale,3162,4,2461,2,701,2,2824,4,21270,31,24094,35,0,44,-1,28,5,3090,0,83,43
04-27-21,Lawrence,5848,4,4557,2,1291,2,5026,3,29598,36,34624,39,0,86,-10,74,14,5688,1,150,86
04-27-21,Lewis,1571,1,1174,1,397,0,1271,1,10037,5,11308,6,0,26,-2,15,3,1530,0,43,26
04-27-21,Lincoln,4321,5,3330,2,991,3,3785,2,17863,16,21648,18,0,62,0,41,5,4218,0,84,62
04-27-21,Loudon,6080,14,4648,3,1432,11,5083,2,31650,39,36733,41,0,69,9,49,5,5962,0,136,69
04-27-21,Macon,3600,1,2787,0,813,1,3275,0,16848,36,20123,36,0,77,-7,26,8,3497,0,128,78
04-27-21,Madison,11012,68,6158,39,4854,29,7445,40,55836,98,63281,138,0,241,57,-114,11,10885,0,337,241
04-27-21,Marion,3108,3,2653,3,455,0,2969,3,19779,34,22748,37,0,47,2,19,1,3042,0,113,47
04-27-21,Marshall,4145,4,3255,1,890,3,3678,1,23363,42,27041,43,0,58,1,50,3,4037,0,92,58
04-27-21,Maury,13338,17,11678,11,1660,6,12898,10,75564,110,88462,120,0,171,-2,166,19,13001,0,296,170
04-27-21,McMinn,6433,6,5694,4,739,2,6278,4,43137,42,49415,46,0,98,-4,92,10,6243,0,156,98
04-27-21,McNairy,2792,1,1975,1,817,0,2400,1,18326,22,20726,23,0,54,-1,15,2,2723,0,65,54
04-27-21,Meigs,1373,1,1232,1,141,0,1368,1,8165,9,9533,10,0,25,-1,26,2,1322,0,45,25
04-27-21,Monroe,5790,11,4561,9,1229,2,5117,9,27710,26,32827,35,0,95,-3,84,14,5611,0,157,95
04-27-21,Montgomery,19982,35,14708,26,5274,9,16152,26,120158,303,136310,329,0,224,-11,444,46,19314,0,304,225
04-27-21,Moore,1007,2,775,1,232,1,874,1,4902,5,5776,6,0,17,1,10,1,980,0,18,17
04-27-21,Morgan,2474,3,1813,1,661,2,1970,1,15425,26,17395,27,0,39,0,21,3,2414,0,44,39
04-27-21,Obion,4516,7,3334,3,1182,4,3781,3,22907,45,26688,48,0,96,2,21,5,4399,0,103,96
04-27-21,Out of State,17467,25,13872,17,3595,8,15710,22,641005,1245,656715,1267,0,97,-2,200,27,17170,0,211,97
04-27-21,Overton,2996,1,2246,0,750,1,2645,0,15180,15,17825,15,0,61,-2,36,3,2899,0,64,61
04-27-21,Pending,16618,22,10703,9,5915,13,11898,9,419651,1022,431549,1031,0,134,1,160,21,16324,0,139,133
04-27-21,Perry,1057,0,908,0,149,0,1023,0,6129,3,7152,3,0,28,0,2,0,1027,0,28,28
04-27-21,Pickett,755,0,500,0,255,0,602,0,3953,5,4555,5,0,24,-1,3,1,728,0,28,24
04-27-21,Polk,2030,7,1823,3,207,4,2020,4,9656,16,11676,20,0,24,3,45,4,1961,0,86,24
04-27-21,Putnam,11256,9,9159,4,2097,5,10978,5,72827,52,83805,57,0,174,-5,118,14,10964,0,210,175
04-27-21,Rhea,4323,2,3739,2,584,0,4186,2,27168,39,31354,41,0,75,-2,23,4,4225,1,84,75
04-27-21,Roane,6229,5,4798,1,1431,4,5346,1,43624,44,48970,45,0,104,-6,43,11,6082,0,150,104
04-27-21,Robertson,9687,15,7581,9,2106,6,8541,10,44624,68,53165,78,0,130,4,114,11,9443,2,431,131
04-27-21,Rutherford,42664,43,36409,29,6255,14,42305,35,244943,449,287248,484,0,425,4,537,39,41702,1,593,427
04-27-21,Scott,3085,8,1689,3,1396,5,1805,3,11669,18,13474,21,0,45,6,42,2,2998,0,64,45
04-27-21,Sequatchie,1681,2,1314,1,367,1,1437,1,11939,5,13376,6,0,29,-2,16,4,1636,1,41,29
04-27-21,Sevier,13248,15,11309,5,1939,10,12461,5,67986,69,80447,74,0,175,-5,152,20,12921,0,280,175
04-27-21,Shelby,94168,180,87110,146,7058,34,107292,172,1009560,3057,1116852,3229,0,1607,9,1498,171,91063,10,3675,1615
04-27-21,Smith,2753,2,2057,1,696,1,2576,1,13900,17,16476,18,0,39,-1,18,3,2696,0,59,39
04-27-21,Stewart,1315,2,997,1,318,1,1129,1,7089,12,8218,13,0,28,2,11,0,1276,0,26,28
04-27-21,Sullivan,16466,45,14297,28,2169,17,15391,27,91664,132,107055,159,0,289,-11,413,56,15764,1,765,290
04-27-21,Sumner,23732,40,20965,33,2767,7,23731,36,125217,206,148948,242,1,347,0,385,39,23000,1,713,346
04-27-21,Tipton,7264,6,5044,6,2220,0,6089,5,48963,125,55052,130,1,101,2,77,3,7086,1,161,101
04-27-21,Trousdale,2495,0,2336,0,159,0,2504,0,9377,7,11881,7,0,22,-1,7,1,2466,0,41,22
04-27-21,Unicoi,1987,9,1507,2,480,7,1658,2,13567,16,15225,18,0,49,5,55,4,1883,1,68,49
04-27-21,Union,1886,1,1582,1,304,0,1704,1,10699,18,12403,19,0,34,-2,14,3,1838,0,59,34
04-27-21,Van Buren,842,0,695,0,147,0,770,0,5355,2,6125,2,0,23,-1,3,1,816,0,22,23
04-27-21,Warren,5506,0,4681,0,825,0,5320,0,33748,49,39068,49,0,81,-4,24,4,5401,0,83,81
04-27-21,Washington,14362,22,12297,14,2065,8,13516,14,85737,128,99253,142,1,245,-9,271,30,13846,0,363,244
04-27-21,Wayne,2941,0,2367,0,574,0,2605,0,11397,6,14002,6,1,35,-1,3,0,2903,0,61,34
04-27-21,Weakley,4060,9,2992,3,1068,6,3426,3,21979,16,25405,19,0,64,4,50,5,3946,0,71,64
04-27-21,White,3585,4,2921,1,664,3,3565,1,23131,23,26696,24,0,68,-1,50,5,3467,0,113,69
04-27-21,Williamson,27755,46,23350,28,4405,18,25903,27,189441,329,215344,356,0,216,7,340,39,27199,0,293,216
04-27-21,Wilson,18641,8,16746,6,1895,2,19022,6,110167,176,129189,182,0,231,-35,284,43,18126,0,340,232
04-26-21,Anderson,8658,9,6452,4,2206,5,7241,3,63309,75,70550,78,0,172,2,108,7,8378,0,215,172
04-26-21,Bedford,6466,10,5076,4,1390,6,5848,7,32241,17,38089,24,0,129,-2,79,12,6258,0,137,127
04-26-21,Benton,1641,2,1284,0,357,2,1422,0,9168,5,10590,5,0,40,-1,20,3,1581,0,38,40
04-26-21,Bledsoe,2111,0,1909,0,202,0,2023,0,16141,4,18164,4,0,11,-2,14,2,2086,0,32,11
04-26-21,Blount,15281,28,13015,22,2266,6,14377,22,76765,144,91142,166,0,193,-2,184,30,14904,0,350,193
04-26-21,Bradley,14812,21,12086,14,2726,7,13711,19,67950,107,81661,126,0,149,-36,332,57,14331,0,651,149
04-26-21,Campbell,4116,4,2254,2,1862,2,2530,2,25136,19,27666,21,0,63,-4,33,8,4020,0,127,63
04-26-21,Cannon,1903,3,1517,1,386,2,1691,1,9485,15,11176,16,0,31,1,16,2,1856,0,38,31
04-26-21,Carroll,3581,1,2342,1,1239,0,2781,1,19789,14,22570,15,0,83,-1,26,2,3472,0,82,83
04-26-21,Carter,6530,10,5681,7,849,3,6239,8,38618,35,44857,43,0,156,-4,104,14,6270,1,231,156
04-26-21,Cheatham,4514,5,3433,4,1081,1,3879,4,28043,36,31922,40,0,55,-4,92,9,4367,0,90,56
04-26-21,Chester,2108,3,1512,0,596,3,1804,0,12036,2,13840,2,0,51,2,24,1,2033,0,43,51
04-26-21,Claiborne,3121,14,1994,8,1127,6,2135,8,24469,9,26604,17,0,73,8,67,6,2981,0,93,74
04-26-21,Clay,1099,0,754,0,345,0,868,0,5679,1,6547,1,0,31,-1,10,1,1058,0,25,30
04-26-21,Cocke,4460,4,2944,2,1516,2,3247,1,22510,28,25757,29,0,98,-1,41,5,4321,0,116,98
04-26-21,Coffee,6855,0,4731,0,2124,0,5785,0,46310,23,52095,23,0,121,-10,54,10,6680,0,124,121
04-26-21,Crockett,2017,0,1215,0,802,0,1417,0,7398,6,8815,6,0,48,-1,13,1,1956,0,31,48
04-26-21,Cumberland,6648,6,5481,2,1167,4,6289,2,49025,27,55314,29,0,128,-8,119,14,6401,0,162,131
04-26-21,Davidson,88471,97,82803,84,5668,13,100586,97,1009588,1498,1110174,1595,0,929,-25,1119,122,86423,1,1966,929
04-26-21,Decatur,1577,0,1170,0,407,0,1390,0,11026,2,12416,2,0,39,-1,1,1,1537,0,40,39
04-26-21,Dekalb,2773,2,2040,1,733,1,2358,1,17207,9,19565,10,0,53,1,27,1,2693,0,56,54
04-26-21,Dickson,6782,2,4909,1,1873,1,5795,1,36255,63,42050,64,0,109,-5,76,7,6597,0,121,110
04-26-21,Dyer,5385,4,3543,3,1842,1,4001,2,22028,13,26029,15,0,105,1,36,3,5244,0,109,105
04-26-21,Fayette,4958,11,4228,6,730,5,5211,9,38422,38,43633,47,0,76,-1,77,12,4805,1,132,76
04-26-21,Fentress,2400,4,2065,1,335,3,2357,1,13314,7,15671,8,0,47,2,23,2,2330,0,63,47
04-26-21,Franklin,5107,0,4244,0,863,0,4968,0,38844,30,43812,30,0,89,-7,40,7,4978,0,109,89
04-26-21,Gibson,6446,6,3880,1,2566,5,4702,1,29888,16,34590,17,0,145,2,72,4,6229,0,115,145
04-26-21,Giles,3960,1,3256,0,704,1,3744,0,23217,26,26961,26,0,99,-5,32,6,3829,0,111,100
04-26-21,Grainger,2604,1,1925,1,679,0,2156,2,14166,3,16322,5,0,50,-3,30,4,2524,0,70,50
04-26-21,Greene,7777,4,6186,3,1591,1,6886,5,51078,64,57964,69,1,153,-3,84,6,7540,1,189,153
04-26-21,Grundy,1783,1,1491,0,292,1,1709,1,9276,5,10985,6,0,34,1,7,0,1742,0,62,34
04-26-21,Hamblen,8535,4,5940,2,2595,2,6675,2,46447,22,53122,24,0,171,-5,82,9,8282,0,263,171
04-26-21,Hamilton,43731,46,37525,33,6206,13,42084,41,323829,338,365913,379,0,490,-26,445,72,42796,3,1164,491
04-26-21,Hancock,570,3,401,2,169,1,425,2,3979,3,4404,5,0,12,1,22,2,536,1,22,12
04-26-21,Hardeman,3484,2,2802,1,682,1,3275,1,25296,14,28571,15,0,64,0,32,2,3388,0,103,64
04-26-21,Hardin,3533,3,2388,1,1145,2,2838,1,23606,11,26444,12,0,66,-3,51,6,3416,0,65,66
04-26-21,Hawkins,5889,15,4767,11,1122,4,5106,10,35355,34,40461,44,0,107,-1,123,16,5659,1,152,107
04-26-21,Haywood,2684,1,2249,1,435,0,2567,1,13708,3,16275,4,0,61,1,11,0,2612,0,83,62
04-26-21,Henderson,3757,1,2603,0,1154,1,3251,0,16172,1,19423,1,0,76,-1,38,2,3643,0,79,76
04-26-21,Henry,3133,2,2417,1,716,1,2794,0,17961,9,20755,9,0,75,0,24,2,3034,0,77,76
04-26-21,Hickman,2821,3,2274,3,547,0,2621,3,16761,12,19382,15,0,46,2,33,1,2742,0,57,46
04-26-21,Houston,1087,0,820,0,267,0,939,0,10665,10,11604,10,0,33,-1,5,1,1049,0,40,33
04-26-21,Humphreys,1769,3,1127,1,642,2,1315,2,11838,9,13153,11,0,22,-2,59,5,1688,1,35,24
04-26-21,Jackson,1308,1,1025,0,283,1,1195,0,5571,2,6766,2,0,35,-1,17,2,1256,0,41,36
04-26-21,Jefferson,6113,6,4188,2,1925,4,4737,1,39474,25,44211,26,0,124,3,66,3,5923,1,189,123
04-26-21,Johnson,2360,9,2056,1,304,8,2188,1,15747,5,17935,6,0,38,-2,65,11,2257,0,58,38
04-26-21,Knox,50597,69,42322,36,8275,33,46322,40,330010,480,376332,520,1,628,3,580,65,49389,0,1370,630
04-26-21,Lake,1694,0,1505,0,189,0,1775,0,10161,2,11936,2,0,26,0,2,0,1666,0,25,26
04-26-21,Lauderdale,3158,6,2459,3,699,3,2820,2,21239,15,24059,17,0,44,5,29,1,3085,0,83,43
04-26-21,Lawrence,5844,14,4555,7,1289,7,5023,8,29562,28,34585,36,0,86,5,84,9,5674,1,149,86
04-26-21,Lewis,1570,3,1173,0,397,3,1270,0,10032,5,11302,5,0,26,2,17,1,1527,0,43,26
04-26-21,Lincoln,4316,1,3328,0,988,1,3783,0,17847,10,21630,10,-1,62,-3,41,5,4213,0,84,62
04-26-21,Loudon,6066,6,4645,3,1421,3,5081,3,31611,43,36692,46,0,69,4,40,2,5957,1,136,69
04-26-21,Macon,3599,9,2787,4,812,5,3275,4,16812,31,20087,35,0,77,-2,33,11,3489,0,128,77
04-26-21,Madison,10944,35,6119,16,4825,19,7405,16,55738,127,63143,143,0,241,28,-171,7,10874,0,337,241
04-26-21,Marion,3105,2,2650,2,455,0,2966,2,19745,23,22711,25,0,47,-3,17,5,3041,0,113,47
04-26-21,Marshall,4141,3,3254,2,887,1,3677,2,23321,26,26998,28,0,58,-8,49,11,4034,0,92,58
04-26-21,Maury,13321,23,11667,12,1654,11,12888,14,75454,136,88342,150,0,171,-6,168,29,12982,0,296,170
04-26-21,McMinn,6427,10,5690,8,737,2,6274,7,43095,37,49369,44,0,98,-4,96,14,6233,0,156,98
04-26-21,McNairy,2791,4,1974,1,817,3,2399,1,18304,13,20703,14,0,54,1,16,3,2721,0,65,54
04-26-21,Meigs,1372,2,1231,2,141,0,1367,4,8156,10,9523,14,1,25,-5,27,6,1320,0,45,25
04-26-21,Monroe,5779,11,4552,8,1227,3,5108,9,27684,39,32792,48,0,95,-1,87,12,5597,1,157,95
04-26-21,Montgomery,19947,34,14682,21,5265,13,16126,21,119855,257,135981,278,0,224,-15,455,49,19268,0,304,225
04-26-21,Moore,1005,2,774,1,231,1,873,0,4897,2,5770,2,0,17,1,9,1,979,0,18,17
04-26-21,Morgan,2471,2,1812,0,659,2,1969,0,15399,13,17368,13,0,39,-3,21,5,2411,0,44,39
04-26-21,Obion,4509,3,3331,2,1178,1,3778,3,22862,28,26640,31,0,96,-2,19,5,4394,1,103,96
04-26-21,Out of State,17442,17,13855,10,3587,7,15688,11,639760,901,655448,912,0,97,-13,202,30,17143,0,211,97
04-26-21,Overton,2995,0,2246,0,749,0,2645,2,15165,7,17810,9,0,61,-3,38,3,2896,0,64,61
04-26-21,Pending,16596,18,10694,9,5902,9,11889,10,418629,697,430518,707,1,134,-16,159,33,16303,0,139,133
04-26-21,Perry,1057,0,908,0,149,0,1023,0,6126,2,7149,2,0,28,0,2,0,1027,0,28,28
04-26-21,Pickett,755,2,500,1,255,1,602,1,3948,1,4550,2,0,24,2,4,0,727,0,28,24
04-26-21,Polk,2023,2,1820,1,203,1,2016,2,9640,10,11656,12,0,24,-4,42,6,1957,0,86,24
04-26-21,Putnam,11247,14,9155,4,2092,10,10973,4,72775,39,83748,43,0,174,-1,123,15,10950,0,210,175
04-26-21,Rhea,4321,2,3737,1,584,1,4184,1,27129,24,31313,25,0,75,0,25,2,4221,0,83,75
04-26-21,Roane,6224,5,4797,4,1427,1,5345,4,43580,48,48925,52,1,104,-4,49,8,6071,0,150,104
04-26-21,Robertson,9672,5,7572,3,2100,2,8531,3,44556,58,53087,61,0,130,-9,110,14,9432,0,429,131
04-26-21,Rutherford,42621,62,36380,51,6241,11,42270,52,244494,448,286764,500,0,425,-26,533,88,41663,0,592,425
04-26-21,Scott,3077,8,1686,1,1391,7,1802,1,11651,7,13453,8,0,45,4,36,4,2996,0,64,45
04-26-21,Sequatchie,1679,2,1313,0,366,2,1436,2,11934,4,13370,6,0,29,0,18,2,1632,0,40,29
04-26-21,Sevier,13233,14,11304,7,1929,7,12456,7,67917,63,80373,70,0,175,-11,157,25,12901,0,280,175
04-26-21,Shelby,93988,124,86964,84,7024,40,107120,106,1006503,1315,1113623,1421,5,1607,-101,1489,220,90892,7,3665,1612
04-26-21,Smith,2751,1,2056,0,695,1,2575,1,13883,9,16458,10,0,39,-4,19,5,2693,0,59,39
04-26-21,Stewart,1313,1,996,1,317,0,1128,2,7077,6,8205,8,0,28,1,9,0,1276,0,26,28
04-26-21,Sullivan,16421,36,14269,31,2152,5,15364,20,91532,112,106896,132,2,289,-17,424,51,15708,2,764,288
04-26-21,Sumner,23692,61,20932,51,2760,10,23695,54,125011,239,148706,293,0,346,14,385,47,22961,0,712,345
04-26-21,Tipton,7258,10,5038,5,2220,5,6084,5,48838,54,54922,59,-1,100,7,75,4,7083,0,160,101
04-26-21,Trousdale,2495,0,2336,0,159,0,2504,0,9370,9,11874,9,0,22,0,8,0,2465,0,41,22
04-26-21,Unicoi,1978,3,1505,0,473,3,1656,0,13551,10,15207,10,0,49,-3,50,6,1879,0,67,49
04-26-21,Union,1885,1,1581,1,304,0,1703,1,10681,13,12384,14,0,34,-2,16,3,1835,0,59,34
04-26-21,Van Buren,842,0,695,0,147,0,770,0,5353,2,6123,2,0,23,-1,4,1,815,0,22,23
04-26-21,Warren,5506,2,4681,2,825,0,5320,2,33699,28,39019,30,0,81,-1,28,3,5397,1,83,81
04-26-21,Washington,14340,31,12283,22,2057,9,13502,22,85609,102,99111,124,0,244,-16,280,47,13816,1,363,244
04-26-21,Wayne,2941,0,2367,0,574,0,2605,0,11391,7,13996,7,0,34,0,4,0,2903,0,61,34
04-26-21,Weakley,4051,7,2989,3,1062,4,3423,2,21963,8,25386,10,0,64,1,46,6,3941,0,71,64
04-26-21,White,3581,8,2920,7,661,1,3564,7,23108,13,26672,20,0,68,3,51,5,3462,0,113,69
04-26-21,Williamson,27709,29,23322,25,4387,4,25876,29,189112,336,214988,365,0,216,-21,333,50,27160,0,293,216
04-26-21,Wilson,18633,35,16740,30,1893,5,19016,33,109991,305,129007,338,1,231,-10,319,44,18083,1,340,232
04-25-21,Anderson,8649,4,6448,2,2201,2,7238,2,63234,40,70472,42,0,172,0,106,4,8371,0,215,171
04-25-21,Bedford,6456,2,5072,1,1384,1,5841,3,32224,37,38065,40,0,129,-7,81,9,6246,0,137,127
04-25-21,Benton,1639,0,1284,0,355,0,1422,1,9163,13,10585,14,0,40,-3,21,3,1578,0,38,40
04-25-21,Bledsoe,2111,6,1909,5,202,1,2023,5,16137,85,18160,90,0,11,6,16,0,2084,0,32,11
04-25-21,Blount,15253,4,12993,1,2260,3,14355,2,76621,70,90976,72,0,193,-6,186,10,14874,0,350,193
04-25-21,Bradley,14791,31,12072,25,2719,6,13692,23,67843,87,81535,110,1,149,16,368,14,14274,5,651,149
04-25-21,Campbell,4112,0,2252,0,1860,0,2528,0,25117,12,27645,12,0,63,-3,37,3,4012,0,127,63
04-25-21,Cannon,1900,2,1516,1,384,1,1690,1,9470,15,11160,16,0,31,2,15,0,1854,0,38,31
04-25-21,Carroll,3580,4,2341,3,1239,1,2780,3,19775,15,22555,18,0,83,1,27,3,3470,1,82,83
04-25-21,Carter,6520,5,5674,5,846,0,6231,5,38583,30,44814,35,0,156,-13,108,18,6256,2,230,156
04-25-21,Cheatham,4509,4,3429,4,1080,0,3875,4,28007,45,31882,49,0,55,0,96,4,4358,0,90,56
04-25-21,Chester,2105,0,1512,0,593,0,1804,0,12034,74,13838,74,0,51,0,22,0,2032,0,43,51
04-25-21,Claiborne,3107,0,1986,0,1121,0,2127,0,24460,9,26587,9,0,73,-3,59,3,2975,0,93,74
04-25-21,Clay,1099,0,754,0,345,0,868,0,5678,3,6546,3,0,31,0,11,0,1057,0,25,30
04-25-21,Cocke,4456,1,2942,0,1514,1,3246,0,22482,13,25728,13,0,98,-5,42,6,4316,0,116,98
04-25-21,Coffee,6855,3,4731,0,2124,3,5785,1,46287,33,52072,34,0,121,0,64,3,6670,0,124,121
04-25-21,Crockett,2017,0,1215,0,802,0,1417,0,7392,4,8809,4,0,48,-2,14,2,1955,0,31,48
04-25-21,Cumberland,6642,2,5479,2,1163,0,6287,2,48998,38,55285,40,0,128,-10,127,12,6387,1,162,131
04-25-21,Davidson,88374,54,82719,45,5655,9,100489,56,1008090,1738,1108579,1794,1,929,-8,1144,61,86301,0,1965,928
04-25-21,Decatur,1577,0,1170,0,407,0,1390,0,11024,2,12414,2,0,39,-2,2,2,1536,0,40,39
04-25-21,Dekalb,2771,4,2039,2,732,2,2357,2,17198,7,19555,9,0,53,3,26,1,2692,0,56,53
04-25-21,Dickson,6780,2,4908,2,1872,0,5794,2,36192,42,41986,44,0,109,-9,81,11,6590,0,121,110
04-25-21,Dyer,5381,0,3540,0,1841,0,3999,1,22015,13,26014,14,0,105,-4,35,4,5241,0,109,105
04-25-21,Fayette,4947,3,4222,1,725,2,5202,2,38384,40,43586,42,0,76,-3,78,6,4793,0,131,75
04-25-21,Fentress,2396,2,2064,2,332,0,2356,2,13307,4,15663,6,0,47,-1,21,3,2328,0,63,47
04-25-21,Franklin,5107,2,4244,2,863,0,4968,2,38814,13,43782,15,0,89,-3,47,5,4971,0,109,89
04-25-21,Gibson,6440,3,3879,2,2561,1,4701,2,29872,29,34573,31,0,145,0,70,3,6225,0,115,145
04-25-21,Giles,3959,1,3256,0,703,1,3744,0,23191,11,26935,11,0,99,0,37,1,3823,0,111,100
04-25-21,Grainger,2603,0,1924,0,679,0,2154,0,14163,12,16317,12,0,50,-3,33,3,2520,0,70,50
04-25-21,Greene,7773,5,6183,4,1590,1,6881,4,51014,55,57895,59,0,152,-1,87,6,7534,0,188,152
04-25-21,Grundy,1782,0,1491,0,291,0,1708,0,9271,3,10979,3,0,34,-2,6,2,1742,0,62,34
04-25-21,Hamblen,8531,7,5938,3,2593,4,6673,4,46425,20,53098,24,0,171,-4,87,11,8273,1,263,171
04-25-21,Hamilton,43685,28,37492,20,6193,8,42043,21,323491,288,365534,309,2,490,-7,471,33,42724,1,1161,491
04-25-21,Hancock,567,0,399,0,168,0,423,1,3976,0,4399,1,0,12,-4,21,4,534,0,21,12
04-25-21,Hardeman,3482,1,2801,1,681,0,3274,1,25282,20,28556,21,0,64,1,32,0,3386,0,103,64
04-25-21,Hardin,3530,1,2387,1,1143,0,2837,1,23595,13,26432,14,0,66,0,54,1,3410,0,65,66
04-25-21,Hawkins,5874,6,4756,5,1118,1,5096,7,35321,26,40417,33,0,107,-7,124,13,5643,1,151,107
04-25-21,Haywood,2683,0,2248,0,435,0,2566,0,13705,10,16271,10,0,61,0,10,0,2612,0,83,62
04-25-21,Henderson,3756,6,2603,5,1153,1,3251,5,16171,15,19422,20,0,76,-1,39,7,3641,0,79,76
04-25-21,Henry,3131,2,2416,0,715,2,2794,1,17952,15,20746,16,0,75,-3,24,5,3032,0,77,76
04-25-21,Hickman,2818,0,2271,0,547,0,2618,1,16749,15,19367,16,0,46,-2,31,2,2741,0,57,46
04-25-21,Houston,1087,0,820,0,267,0,939,0,10655,4,11594,4,0,33,-2,6,2,1048,0,40,33
04-25-21,Humphreys,1766,0,1126,0,640,0,1313,0,11829,15,13142,15,0,22,-5,61,5,1683,0,34,23
04-25-21,Jackson,1307,0,1025,0,282,0,1195,0,5569,2,6764,2,0,35,-2,18,2,1254,0,41,35
04-25-21,Jefferson,6107,2,4186,1,1921,1,4736,2,39449,34,44185,36,0,124,-5,63,7,5920,0,188,123
04-25-21,Johnson,2351,1,2055,1,296,0,2187,1,15742,3,17929,4,0,38,-1,67,2,2246,0,58,38
04-25-21,Knox,50528,38,42286,25,8242,13,46282,26,329530,341,375812,367,0,627,-6,577,44,49324,3,1370,629
04-25-21,Lake,1694,0,1505,0,189,0,1775,0,10159,12,11934,12,0,26,0,2,0,1666,0,25,26
04-25-21,Lauderdale,3152,3,2456,2,696,1,2818,2,21224,14,24042,16,0,44,2,24,1,3084,0,83,43
04-25-21,Lawrence,5830,0,4548,0,1282,0,5015,1,29534,30,34549,31,0,86,-4,79,4,5665,0,148,86
04-25-21,Lewis,1567,1,1173,0,394,1,1270,0,10027,4,11297,4,0,26,0,15,1,1526,0,43,26
04-25-21,Lincoln,4315,1,3328,0,987,1,3783,1,17837,11,21620,12,0,63,0,44,1,4208,0,84,61
04-25-21,Loudon,6060,0,4642,0,1418,0,5078,0,31568,22,36646,22,0,69,-7,36,7,5955,0,135,69
04-25-21,Macon,3590,0,2783,0,807,0,3271,0,16781,11,20052,11,0,77,0,35,0,3478,0,128,77
04-25-21,Madison,10909,7,6103,5,4806,2,7389,5,55611,60,63000,65,0,241,-1,-199,8,10867,0,337,241
04-25-21,Marion,3103,0,2648,0,455,0,2964,0,19722,14,22686,14,0,47,0,20,0,3036,0,113,47
04-25-21,Marshall,4138,2,3252,1,886,1,3675,1,23295,23,26970,24,0,58,2,57,0,4023,0,92,58
04-25-21,Maury,13298,9,11655,8,1643,1,12874,8,75318,82,88192,90,0,171,-4,174,13,12953,1,296,170
04-25-21,McMinn,6417,5,5682,4,735,1,6267,4,43058,23,49325,27,1,98,-9,100,13,6219,0,156,98
04-25-21,McNairy,2787,0,1973,0,814,0,2398,0,18291,8,20689,8,0,54,0,15,0,2718,0,65,54
04-25-21,Meigs,1370,1,1229,1,141,0,1363,0,8146,13,9509,13,0,24,0,32,1,1314,0,45,25
04-25-21,Monroe,5768,3,4544,3,1224,0,5099,2,27645,29,32744,31,0,95,-5,88,8,5585,0,156,95
04-25-21,Montgomery,19913,31,14661,30,5252,1,16105,33,119598,166,135703,199,0,224,1,470,30,19219,0,304,225
04-25-21,Moore,1003,0,773,0,230,0,873,0,4895,0,5768,0,0,17,-1,8,1,978,0,18,17
04-25-21,Morgan,2469,0,1812,0,657,0,1969,0,15386,25,17355,25,0,39,-3,24,3,2406,0,44,39
04-25-21,Obion,4506,1,3329,0,1177,1,3775,0,22834,16,26609,16,0,96,-2,21,3,4389,0,102,96
04-25-21,Out of State,17425,8,13845,6,3580,2,15677,7,638859,482,654536,489,0,97,-1,215,9,17113,0,211,97
04-25-21,Overton,2995,0,2246,0,749,0,2643,0,15158,7,17801,7,0,61,-2,41,2,2893,0,64,61
04-25-21,Pending,16578,4,10685,2,5893,2,11879,3,417932,429,429811,432,0,133,-16,175,20,16270,0,139,133
04-25-21,Perry,1057,1,908,1,149,0,1023,1,6124,3,7147,4,0,28,1,2,0,1027,0,28,28
04-25-21,Pickett,753,0,499,0,254,0,601,0,3947,0,4548,0,0,24,0,2,0,727,0,28,24
04-25-21,Polk,2021,2,1819,2,202,0,2014,3,9630,8,11644,11,0,24,-3,46,5,1951,0,86,24
04-25-21,Putnam,11233,6,9151,5,2082,1,10969,5,72736,22,83705,27,1,174,1,124,4,10935,0,210,175
04-25-21,Rhea,4319,3,3736,1,583,2,4183,1,27105,20,31288,21,0,75,2,25,1,4219,0,83,75
04-25-21,Roane,6219,2,4793,1,1426,1,5341,1,43532,26,48873,27,0,103,0,53,2,6063,0,150,104
04-25-21,Robertson,9667,7,7569,5,2098,2,8528,7,44498,67,53026,74,0,130,-2,119,9,9418,0,429,130
04-25-21,Rutherford,42559,24,36329,14,6230,10,42218,16,244046,301,286264,317,0,425,-19,559,43,41575,0,592,425
04-25-21,Scott,3069,0,1685,0,1384,0,1801,1,11644,5,13445,6,0,45,-2,32,2,2992,0,64,45
04-25-21,Sequatchie,1677,0,1313,0,364,0,1434,1,11930,8,13364,9,0,29,-3,18,3,1630,0,40,29
04-25-21,Sevier,13219,9,11297,6,1922,3,12449,8,67854,87,80303,95,0,175,-2,168,11,12876,0,280,175
04-25-21,Shelby,93864,104,86880,87,6984,17,107014,122,1005188,1379,1112202,1501,0,1602,-21,1590,125,90672,7,3658,1612
04-25-21,Smith,2750,1,2056,1,694,0,2574,1,13874,17,16448,18,0,39,1,23,0,2688,0,59,39
04-25-21,Stewart,1312,0,995,0,317,0,1126,0,7071,5,8197,5,0,28,0,8,0,1276,0,26,28
04-25-21,Sullivan,16385,11,14238,11,2147,0,15344,13,91420,126,106764,139,0,287,-26,441,37,15657,1,762,288
04-25-21,Sumner,23631,20,20881,14,2750,6,23641,19,124772,129,148413,148,0,346,0,371,20,22914,1,712,345
04-25-21,Tipton,7248,0,5033,0,2215,0,6079,2,48784,68,54863,70,0,101,-4,68,4,7079,0,160,101
04-25-21,Trousdale,2495,0,2336,0,159,0,2504,0,9361,9,11865,9,0,22,-2,8,2,2465,0,41,22
04-25-21,Unicoi,1975,2,1505,1,470,1,1656,1,13541,11,15197,12,0,49,1,53,1,1873,0,67,49
04-25-21,Union,1884,0,1580,0,304,0,1702,0,10668,7,12370,7,0,34,-5,18,5,1832,0,59,34
04-25-21,Van Buren,842,1,695,1,147,0,770,1,5351,5,6121,6,0,23,1,5,0,814,0,22,23
04-25-21,Warren,5504,0,4679,0,825,0,5318,1,33671,30,38989,31,0,81,0,29,0,5394,0,82,81
04-25-21,Washington,14309,21,12261,19,2048,2,13480,22,85507,81,98987,103,0,244,-4,296,25,13769,0,362,243
04-25-21,Wayne,2941,0,2367,0,574,0,2605,0,11384,6,13989,6,0,34,0,4,0,2903,0,61,34
04-25-21,Weakley,4044,1,2986,0,1058,1,3421,0,21955,18,25376,18,0,64,0,45,1,3935,0,71,64
04-25-21,White,3573,6,2913,5,660,1,3557,5,23095,16,26652,21,0,68,2,48,4,3457,0,113,69
04-25-21,Williamson,27680,12,23297,11,4383,1,25847,11,188776,258,214623,269,0,216,-13,354,25,27110,0,293,216
04-25-21,Wilson,18598,7,16710,7,1888,0,18983,10,109686,127,128669,137,0,230,-14,329,21,18039,0,339,232
04-24-21,Anderson,8645,14,6446,8,2199,6,7236,8,63194,67,70430,75,0,172,10,106,4,8367,1,215,171
04-24-21,Bedford,6454,3,5071,3,1383,0,5838,3,32187,47,38025,50,0,129,-3,88,6,6237,0,137,127
04-24-21,Benton,1639,3,1284,1,355,2,1421,0,9150,4,10571,4,0,40,2,24,1,1575,0,38,40
04-24-21,Bledsoe,2105,3,1904,3,201,0,2018,3,16052,44,18070,47,0,11,1,10,2,2084,0,32,11
04-24-21,Blount,15249,19,12992,13,2257,6,14353,12,76551,141,90904,153,0,193,9,192,10,14864,0,350,193
04-24-21,Bradley,14760,17,12047,14,2713,3,13669,17,67756,266,81425,283,0,148,-17,352,34,14260,1,646,148
04-24-21,Campbell,4112,2,2252,1,1860,1,2528,1,25105,18,27633,19,0,63,-1,40,3,4009,0,127,63
04-24-21,Cannon,1898,0,1515,0,383,0,1689,0,9455,12,11144,12,0,31,0,13,0,1854,0,38,31
04-24-21,Carroll,3576,4,2338,3,1238,1,2777,3,19760,14,22537,17,0,83,3,26,1,3467,0,81,83
04-24-21,Carter,6515,8,5669,8,846,0,6226,8,38553,150,44779,158,0,156,-7,121,15,6238,0,228,156
04-24-21,Cheatham,4505,5,3425,2,1080,3,3871,2,27962,46,31833,48,0,55,2,96,3,4354,0,90,56
04-24-21,Chester,2105,0,1512,0,593,0,1804,0,11960,15,13764,15,0,51,0,22,0,2032,0,43,51
04-24-21,Claiborne,3107,0,1986,0,1121,0,2127,1,24451,23,26578,24,0,73,-7,62,7,2972,0,93,74
04-24-21,Clay,1099,0,754,0,345,0,868,0,5675,2,6543,2,0,31,-1,11,1,1057,0,25,30
04-24-21,Cocke,4455,2,2942,2,1513,0,3246,2,22469,27,25715,29,0,98,-1,47,3,4310,1,116,98
04-24-21,Coffee,6852,4,4731,4,2121,0,5784,3,46254,74,52038,77,0,121,-2,64,6,6667,0,124,121
04-24-21,Crockett,2017,0,1215,0,802,0,1417,0,7388,4,8805,4,0,48,-2,16,2,1953,0,31,48
04-24-21,Cumberland,6640,6,5477,6,1163,0,6285,5,48960,26,55245,31,0,128,1,137,5,6375,0,161,130
04-24-21,Davidson,88320,65,82674,58,5646,7,100433,71,1006352,2607,1106785,2678,0,928,-15,1152,80,86240,5,1965,928
04-24-21,Decatur,1577,0,1170,0,407,0,1390,0,11022,6,12412,6,0,39,0,4,0,1534,0,40,39
04-24-21,Dekalb,2767,1,2037,0,730,1,2355,0,17191,14,19546,14,0,53,-1,23,2,2691,0,56,53
04-24-21,Dickson,6778,2,4906,1,1872,1,5792,1,36150,48,41942,49,0,109,-6,90,8,6579,0,121,110
04-24-21,Dyer,5381,2,3540,1,1841,1,3998,1,22002,11,26000,12,0,105,0,39,2,5237,0,109,105
04-24-21,Fayette,4944,2,4221,1,723,1,5200,3,38344,61,43544,64,0,76,-3,81,5,4787,0,131,75
04-24-21,Fentress,2394,2,2062,0,332,2,2354,0,13303,4,15657,4,0,47,1,22,1,2325,0,63,47
04-24-21,Franklin,5105,1,4242,0,863,1,4966,2,38801,240,43767,242,0,89,-3,50,4,4966,0,109,89
04-24-21,Gibson,6437,4,3877,1,2560,3,4699,1,29843,37,34542,38,0,145,-5,70,9,6222,0,115,145
04-24-21,Giles,3958,1,3256,1,702,0,3744,1,23180,39,26924,40,0,99,-3,37,4,3822,0,111,100
04-24-21,Grainger,2603,1,1924,1,679,0,2154,0,14151,18,16305,18,0,50,-6,36,7,2517,0,70,50
04-24-21,Greene,7768,4,6179,4,1589,0,6877,3,50959,96,57836,99,0,152,-8,88,12,7528,0,188,152
04-24-21,Grundy,1782,0,1491,0,291,0,1708,0,9268,41,10976,41,0,34,0,8,0,1740,0,62,34
04-24-21,Hamblen,8524,4,5935,1,2589,3,6669,1,46405,39,53074,40,0,171,-4,91,8,8262,1,262,171
04-24-21,Hamilton,43657,41,37472,32,6185,9,42022,35,323203,439,365225,474,0,488,-5,478,46,42691,0,1160,490
04-24-21,Hancock,567,0,399,0,168,0,422,0,3976,6,4398,6,0,12,-1,25,1,530,0,21,12
04-24-21,Hardeman,3481,3,2800,3,681,0,3273,3,25262,28,28535,31,0,64,3,31,0,3386,0,103,64
04-24-21,Hardin,3529,2,2386,2,1143,0,2836,3,23582,37,26418,40,0,66,-1,54,3,3409,0,65,66
04-24-21,Hawkins,5868,9,4751,8,1117,1,5089,7,35295,111,40384,118,0,107,-2,131,11,5630,1,150,107
04-24-21,Haywood,2683,0,2248,0,435,0,2566,0,13695,9,16261,9,0,61,0,10,0,2612,0,83,62
04-24-21,Henderson,3750,0,2598,0,1152,0,3246,0,16156,14,19402,14,0,76,-6,40,6,3634,0,79,76
04-24-21,Henry,3129,2,2416,2,713,0,2793,2,17937,3,20730,5,0,75,2,27,0,3027,0,77,76
04-24-21,Hickman,2818,0,2271,0,547,0,2617,0,16734,17,19351,17,0,46,0,33,0,2739,0,57,46
04-24-21,Houston,1087,0,820,0,267,0,939,0,10651,7,11590,7,0,33,-2,8,2,1046,0,40,33
04-24-21,Humphreys,1766,1,1126,0,640,1,1313,0,11814,14,13127,14,0,22,-1,66,2,1678,0,34,23
04-24-21,Jackson,1307,1,1025,0,282,1,1195,0,5567,6,6762,6,0,35,0,20,1,1252,0,41,35
04-24-21,Jefferson,6105,5,4185,1,1920,4,4734,2,39415,42,44149,44,0,124,-5,68,10,5913,0,188,123
04-24-21,Johnson,2350,1,2054,1,296,0,2186,1,15739,20,17925,21,0,38,1,68,0,2244,0,58,38
04-24-21,Knox,50490,34,42261,21,8229,13,46256,27,329189,510,375445,537,0,627,-29,583,63,49280,3,1367,629
04-24-21,Lake,1694,0,1505,0,189,0,1775,0,10147,0,11922,0,0,26,0,2,0,1666,0,25,26
04-24-21,Lauderdale,3149,0,2454,0,695,0,2816,0,21210,20,24026,20,0,44,-4,22,4,3083,0,83,43
04-24-21,Lawrence,5830,6,4548,6,1282,0,5014,7,29504,43,34518,50,0,86,4,83,2,5661,0,148,86
04-24-21,Lewis,1566,0,1173,0,393,0,1270,0,10023,6,11293,6,0,26,-1,15,1,1525,0,43,26
04-24-21,Lincoln,4314,6,3328,6,986,0,3782,5,17826,32,21608,37,0,63,3,44,3,4207,0,84,61
04-24-21,Loudon,6060,1,4642,1,1418,0,5078,1,31546,49,36624,50,0,69,-5,43,6,5948,0,135,69
04-24-21,Macon,3590,1,2783,1,807,0,3271,1,16770,13,20041,14,0,77,-5,35,6,3478,0,128,77
04-24-21,Madison,10902,2,6098,0,4804,2,7384,0,55551,74,62935,74,0,241,-5,-198,7,10859,0,337,241
04-24-21,Marion,3103,2,2648,1,455,1,2964,1,19708,74,22672,75,0,47,0,20,2,3036,0,113,47
04-24-21,Marshall,4136,3,3251,1,885,2,3674,1,23272,18,26946,19,0,58,-1,55,4,4023,0,92,58
04-24-21,Maury,13289,13,11647,12,1642,1,12866,13,75236,115,88102,128,0,171,1,178,12,12940,0,295,170
04-24-21,McMinn,6412,12,5678,6,734,6,6263,6,43035,37,49298,43,0,97,5,109,7,6206,0,156,98
04-24-21,McNairy,2787,1,1973,1,814,0,2398,1,18283,19,20681,20,0,54,1,15,0,2718,0,65,54
04-24-21,Meigs,1369,1,1228,1,141,0,1363,2,8133,15,9496,17,0,24,-1,32,2,1313,0,45,25
04-24-21,Monroe,5765,2,4541,1,1224,1,5097,2,27616,37,32713,39,0,95,-4,93,6,5577,0,156,95
04-24-21,Montgomery,19882,33,14631,27,5251,6,16072,29,119432,248,135504,277,0,224,-16,469,49,19189,0,304,225
04-24-21,Moore,1003,0,773,0,230,0,873,1,4895,5,5768,6,0,17,-2,9,2,977,0,18,17
04-24-21,Morgan,2469,2,1812,2,657,0,1969,2,15361,20,17330,22,0,39,2,27,0,2403,0,44,39
04-24-21,Obion,4505,1,3329,1,1176,0,3775,1,22818,19,26593,20,0,96,-3,23,4,4386,1,102,96
04-24-21,Out of State,17417,16,13839,12,3578,4,15670,14,638377,801,654047,815,0,97,8,216,8,17104,0,211,97
04-24-21,Overton,2995,1,2246,1,749,0,2643,1,15151,10,17794,11,0,61,0,43,1,2891,0,64,61
04-24-21,Pending,16574,12,10683,8,5891,4,11876,7,417503,851,429379,858,0,133,1,191,11,16250,0,139,132
04-24-21,Perry,1056,1,907,1,149,0,1022,1,6121,3,7143,4,0,28,1,1,0,1027,0,28,28
04-24-21,Pickett,753,0,499,0,254,0,601,0,3947,1,4548,1,0,24,0,2,0,727,0,28,24
04-24-21,Polk,2019,3,1817,3,202,0,2011,3,9622,20,11633,23,0,24,3,49,0,1946,0,86,24
04-24-21,Putnam,11227,4,9146,1,2081,3,10964,1,72714,52,83678,53,0,173,-3,123,7,10931,0,210,174
04-24-21,Rhea,4316,3,3735,1,581,2,4182,1,27085,24,31267,25,0,75,1,23,2,4218,1,83,75
04-24-21,Roane,6217,1,4792,1,1425,0,5340,2,43506,35,48846,37,0,103,-4,53,5,6061,0,150,104
04-24-21,Robertson,9660,8,7564,8,2096,0,8521,9,44431,113,52952,122,0,130,2,121,6,9409,0,429,130
04-24-21,Rutherford,42535,35,36315,29,6220,6,42202,32,243745,500,285947,532,0,425,-4,578,39,41532,0,592,425
04-24-21,Scott,3069,4,1685,1,1384,3,1800,1,11639,12,13439,13,0,45,2,34,2,2990,0,64,45
04-24-21,Sequatchie,1677,1,1313,1,364,0,1433,1,11922,6,13355,7,0,29,0,21,1,1627,1,40,29
04-24-21,Sevier,13210,12,11291,9,1919,3,12441,9,67767,110,80208,119,0,175,-10,170,22,12865,0,280,175
04-24-21,Shelby,93760,166,86793,125,6967,41,106892,147,1003809,1982,1110701,2129,0,1602,42,1611,124,90547,9,3651,1611
04-24-21,Smith,2749,0,2055,0,694,0,2573,0,13857,13,16430,13,0,39,-4,22,4,2688,0,59,39
04-24-21,Stewart,1312,0,995,0,317,0,1126,0,7066,8,8192,8,0,28,0,8,0,1276,0,26,28
04-24-21,Sullivan,16374,32,14227,29,2147,3,15331,31,91294,291,106625,322,0,287,-1,467,33,15620,3,761,288
04-24-21,Sumner,23611,24,20867,19,2744,5,23622,22,124643,229,148265,251,0,346,-6,371,30,22894,0,711,345
04-24-21,Tipton,7248,1,5033,1,2215,0,6077,4,48716,81,54793,85,0,101,-5,72,6,7075,0,160,100
04-24-21,Trousdale,2495,0,2336,0,159,0,2504,0,9352,11,11856,11,0,22,-1,10,1,2463,0,41,22
04-24-21,Unicoi,1973,1,1504,0,469,1,1655,0,13530,19,15185,19,0,49,-3,52,4,1872,0,67,49
04-24-21,Union,1884,1,1580,1,304,0,1702,1,10661,18,12363,19,0,34,-1,23,2,1827,0,59,34
04-24-21,Van Buren,841,0,694,0,147,0,769,0,5346,5,6115,5,0,23,-1,4,1,814,0,22,23
04-24-21,Warren,5504,1,4679,1,825,0,5317,2,33641,33,38958,35,0,81,1,29,0,5394,0,82,81
04-24-21,Washington,14288,14,12242,8,2046,6,13458,12,85426,182,98884,194,0,244,-34,300,48,13744,1,362,243
04-24-21,Wayne,2941,0,2367,0,574,0,2605,0,11378,3,13983,3,0,34,0,4,0,2903,0,61,34
04-24-21,Weakley,4043,2,2986,0,1057,2,3421,1,21937,12,25358,13,0,64,-1,45,3,3934,0,71,64
04-24-21,White,3567,3,2908,2,659,1,3552,2,23079,17,26631,19,0,68,0,46,3,3453,0,113,69
04-24-21,Williamson,27668,25,23286,16,4382,9,25836,19,188518,360,214354,379,0,216,-12,367,37,27085,0,293,216
04-24-21,Wilson,18591,17,16703,12,1888,5,18973,15,109559,250,128532,265,0,230,-3,343,20,18018,1,339,232
04-23-21,Anderson,8631,10,6438,5,2193,5,7228,6,63127,166,70355,172,0,172,8,96,2,8363,0,214,171
04-23-21,Bedford,6451,1,5068,0,1383,1,5835,2,32140,46,37975,48,0,129,-7,91,8,6231,0,137,127
04-23-21,Benton,1636,4,1283,4,353,0,1421,6,9146,34,10567,40,0,40,1,22,3,1574,0,38,40
04-23-21,Bledsoe,2102,0,1901,0,201,0,2015,0,16008,69,18023,69,0,11,-3,9,3,2082,0,32,11
04-23-21,Blount,15230,30,12979,16,2251,14,14341,18,76410,123,90751,141,0,193,18,183,12,14854,0,350,193
04-23-21,Bradley,14743,31,12033,22,2710,9,13652,26,67490,97,81142,123,0,148,4,369,27,14226,2,645,148
04-23-21,Campbell,4110,5,2251,0,1859,5,2527,0,25087,27,27614,27,0,63,-2,41,7,4006,0,127,63
04-23-21,Cannon,1898,1,1515,1,383,0,1689,1,9443,16,11132,17,0,31,-2,13,3,1854,0,38,31
04-23-21,Carroll,3572,0,2335,0,1237,0,2774,1,19746,52,22520,53,0,83,-3,23,3,3466,0,81,83
04-23-21,Carter,6507,16,5661,13,846,3,6218,13,38403,76,44621,89,0,156,-1,128,17,6223,0,228,156
04-23-21,Cheatham,4500,5,3423,2,1077,3,3869,3,27916,84,31785,87,0,55,-10,94,15,4351,0,90,56
04-23-21,Chester,2105,3,1512,2,593,1,1804,3,11945,14,13749,17,0,51,3,22,0,2032,0,43,51
04-23-21,Claiborne,3107,10,1986,8,1121,2,2126,8,24428,111,26554,119,0,73,6,69,4,2965,0,93,74
04-23-21,Clay,1099,1,754,1,345,0,868,1,5673,5,6541,6,0,31,1,12,0,1056,0,25,30
04-23-21,Cocke,4453,9,2940,6,1513,3,3244,6,22442,40,25686,46,0,98,8,48,1,4307,0,115,98
04-23-21,Coffee,6848,10,4727,6,2121,4,5781,6,46180,56,51961,62,0,121,5,66,5,6661,0,124,121
04-23-21,Crockett,2017,3,1215,2,802,1,1417,3,7384,13,8801,16,0,48,1,18,2,1951,0,31,48
04-23-21,Cumberland,6634,14,5471,11,1163,3,6280,16,48934,64,55214,80,0,128,5,136,9,6370,0,161,129
04-23-21,Davidson,88255,92,82616,78,5639,14,100362,98,1003745,1683,1104107,1781,-1,928,-39,1167,132,86160,1,1960,928
04-23-21,Decatur,1577,0,1170,0,407,0,1390,0,11016,12,12406,12,0,39,-2,4,2,1534,0,40,39
04-23-21,Dekalb,2766,1,2037,0,729,1,2355,0,17177,28,19532,28,0,53,-3,24,4,2689,0,56,53
04-23-21,Dickson,6776,7,4905,7,1871,0,5791,9,36102,112,41893,121,0,109,-10,96,17,6571,0,121,110
04-23-21,Dyer,5379,3,3539,1,1840,2,3997,3,21991,26,25988,29,0,105,-4,39,7,5235,0,109,105
04-23-21,Fayette,4942,1,4220,0,722,1,5197,3,38283,88,43480,91,-2,76,-3,84,6,4782,0,131,75
04-23-21,Fentress,2392,2,2062,2,330,0,2354,2,13299,25,15653,27,0,47,0,21,2,2324,0,63,47
04-23-21,Franklin,5104,5,4242,4,862,1,4964,3,38561,31,43525,34,1,89,-1,53,5,4962,0,109,89
04-23-21,Gibson,6433,9,3876,4,2557,5,4698,6,29806,55,34504,61,0,145,2,75,7,6213,1,115,145
04-23-21,Giles,3957,4,3255,1,702,3,3743,1,23141,40,26884,41,0,99,0,40,4,3818,0,111,100
04-23-21,Grainger,2602,1,1923,0,679,1,2154,2,14133,22,16287,24,0,50,-1,42,2,2510,0,70,50
04-23-21,Greene,7764,7,6175,5,1589,2,6874,6,50863,116,57737,122,0,152,-2,96,9,7516,0,188,152
04-23-21,Grundy,1782,0,1491,0,291,0,1708,0,9227,16,10935,16,0,34,-2,8,2,1740,0,62,34
04-23-21,Hamblen,8520,9,5934,5,2586,4,6668,5,46366,55,53034,60,0,171,-1,95,10,8254,1,261,171
04-23-21,Hamilton,43616,38,37440,32,6176,6,41987,38,322764,393,364751,431,0,488,-28,483,66,42645,0,1160,489
04-23-21,Hancock,567,3,399,2,168,1,422,2,3970,45,4392,47,0,12,1,26,2,529,0,21,12
04-23-21,Hardeman,3478,5,2797,2,681,3,3270,2,25234,26,28504,28,0,64,3,28,2,3386,0,103,64
04-23-21,Hardin,3527,0,2384,0,1143,0,2833,0,23545,51,26378,51,0,66,-4,55,4,3406,0,65,66
04-23-21,Hawkins,5859,13,4743,9,1116,4,5082,8,35184,99,40266,107,0,107,-2,133,15,5619,0,149,107
04-23-21,Haywood,2683,2,2248,2,435,0,2566,2,13686,12,16252,14,0,61,0,10,2,2612,1,83,62
04-23-21,Henderson,3750,1,2598,1,1152,0,3246,1,16142,21,19388,22,0,76,-6,46,7,3628,0,79,76
04-23-21,Henry,3127,2,2414,1,713,1,2791,1,17934,26,20725,27,0,75,-2,25,4,3027,0,77,76
04-23-21,Hickman,2818,6,2271,4,547,2,2617,4,16717,32,19334,36,0,46,5,33,1,2739,0,57,46
04-23-21,Houston,1087,1,820,1,267,0,939,1,10644,18,11583,19,0,33,-1,10,2,1044,0,40,33
04-23-21,Humphreys,1765,6,1126,4,639,2,1313,4,11800,26,13113,30,0,22,1,67,5,1676,0,34,22
04-23-21,Jackson,1306,2,1025,2,281,0,1195,2,5561,9,6756,11,0,35,2,20,0,1251,0,41,35
04-23-21,Jefferson,6100,10,4184,6,1916,4,4732,6,39373,64,44105,70,0,124,0,73,10,5903,0,188,123
04-23-21,Johnson,2349,7,2053,5,296,2,2185,5,15719,58,17904,63,0,38,3,67,4,2244,0,58,38
04-23-21,Knox,50456,43,42240,31,8216,12,46229,37,328679,554,374908,591,0,627,-3,612,46,49217,2,1364,629
04-23-21,Lake,1694,2,1505,2,189,0,1775,2,10147,23,11922,25,0,26,2,2,0,1666,0,25,26
04-23-21,Lauderdale,3149,6,2454,6,695,0,2816,6,21190,55,24006,61,0,44,4,26,2,3079,0,83,43
04-23-21,Lawrence,5824,2,4542,1,1282,1,5007,2,29461,46,34468,48,0,86,-10,79,12,5659,0,148,86
04-23-21,Lewis,1566,1,1173,0,393,1,1270,0,10017,13,11287,13,0,26,-1,16,2,1524,0,43,26
04-23-21,Lincoln,4308,3,3322,1,986,2,3777,1,17794,14,21571,15,0,63,1,41,2,4204,1,84,61
04-23-21,Loudon,6059,7,4641,3,1418,4,5077,3,31497,64,36574,67,0,69,-2,48,9,5942,0,135,69
04-23-21,Macon,3589,1,2782,1,807,0,3270,1,16757,56,20027,57,0,77,0,40,1,3472,0,128,77
04-23-21,Madison,10900,5,6098,5,4802,0,7384,8,55477,93,62861,101,0,241,-7,-193,12,10852,0,337,241
04-23-21,Marion,3101,1,2647,1,454,0,2963,1,19634,46,22597,47,0,47,0,20,1,3034,0,113,47
04-23-21,Marshall,4133,5,3250,3,883,2,3673,4,23254,49,26927,53,0,58,4,56,1,4019,0,92,58
04-23-21,Maury,13276,8,11635,4,1641,4,12853,5,75121,126,87974,131,0,171,-9,177,17,12928,0,295,170
04-23-21,McMinn,6400,7,5672,6,728,1,6257,9,42998,46,49255,55,0,97,-4,104,11,6199,0,156,98
04-23-21,McNairy,2786,4,1972,2,814,2,2397,2,18264,34,20661,36,0,54,2,14,2,2718,0,65,54
04-23-21,Meigs,1368,2,1227,1,141,1,1361,2,8118,9,9479,11,0,24,-1,33,3,1311,0,45,24
04-23-21,Monroe,5763,10,4540,8,1223,2,5095,8,27579,38,32674,46,0,95,3,97,7,5571,0,156,95
04-23-21,Montgomery,19849,42,14604,28,5245,14,16043,30,119184,264,135227,294,0,224,6,485,36,19140,0,304,225
04-23-21,Moore,1003,0,773,0,230,0,872,0,4890,7,5762,7,0,17,0,11,0,975,0,18,17
04-23-21,Morgan,2467,3,1810,3,657,0,1967,2,15341,50,17308,52,0,39,-2,25,5,2403,0,44,39
04-23-21,Obion,4504,3,3328,2,1176,1,3774,2,22799,50,26573,52,0,96,0,26,3,4382,0,101,96
04-23-21,Out of State,17401,14,13827,10,3574,4,15656,10,637576,1122,653232,1132,0,97,2,208,12,17096,0,211,97
04-23-21,Overton,2994,3,2245,2,749,1,2642,3,15141,18,17783,21,0,61,-2,43,5,2890,0,64,61
04-23-21,Pending,16562,10,10675,7,5887,3,11869,9,416652,1494,428521,1503,0,133,-10,190,20,16239,0,139,132
04-23-21,Perry,1055,1,906,1,149,0,1021,1,6118,4,7139,5,0,28,1,0,0,1027,0,28,28
04-23-21,Pickett,753,0,499,0,254,0,601,0,3946,7,4547,7,0,24,-1,2,1,727,0,28,24
04-23-21,Polk,2016,9,1814,7,202,2,2008,8,9602,23,11610,31,0,24,8,46,1,1946,1,86,24
04-23-21,Putnam,11223,13,9145,6,2078,7,10963,9,72662,93,83625,102,0,173,6,126,7,10924,1,210,174
04-23-21,Rhea,4313,2,3734,1,579,1,4181,1,27061,47,31242,48,0,75,1,22,1,4216,0,82,75
04-23-21,Roane,6216,4,4791,2,1425,2,5338,2,43471,75,48809,77,0,103,-2,57,6,6056,0,150,103
04-23-21,Robertson,9652,13,7556,6,2096,7,8512,7,44318,69,52830,76,0,130,-2,119,15,9403,1,429,130
04-23-21,Rutherford,42500,43,36286,28,6214,15,42170,38,243245,545,285415,583,1,425,-17,582,59,41493,0,592,425
04-23-21,Scott,3065,5,1684,3,1381,2,1799,3,11627,17,13426,20,0,45,3,32,2,2988,0,64,45
04-23-21,Sequatchie,1676,2,1312,2,364,0,1432,2,11916,21,13348,23,0,29,1,21,1,1626,0,39,29
04-23-21,Sevier,13198,5,11282,3,1916,2,12432,4,67657,117,80089,121,0,175,-16,180,21,12843,0,280,175
04-23-21,Shelby,93594,120,86668,97,6926,23,106745,142,1001827,2820,1108572,2962,6,1602,-69,1569,183,90423,6,3642,1609
04-23-21,Smith,2749,3,2055,0,694,3,2573,0,13844,25,16417,25,0,39,-1,26,4,2684,0,59,39
04-23-21,Stewart,1312,2,995,2,317,0,1126,2,7058,10,8184,12,0,28,0,8,2,1276,0,26,28
04-23-21,Sullivan,16342,41,14198,36,2144,5,15300,39,91003,243,106303,282,0,287,-1,468,42,15587,2,758,288
04-23-21,Sumner,23587,21,20848,17,2739,4,23600,24,124414,282,148014,306,1,346,-12,377,32,22864,0,711,345
04-23-21,Tipton,7247,6,5032,4,2215,2,6073,4,48635,103,54708,107,-3,101,4,77,5,7069,0,160,100
04-23-21,Trousdale,2495,1,2336,0,159,1,2504,0,9341,22,11845,22,0,22,0,11,1,2462,0,41,22
04-23-21,Unicoi,1972,7,1504,4,468,3,1655,4,13511,28,15166,32,0,49,4,55,3,1868,0,67,49
04-23-21,Union,1883,3,1579,2,304,1,1701,2,10643,34,12344,36,0,34,2,24,1,1825,0,59,34
04-23-21,Van Buren,841,0,694,0,147,0,769,1,5341,3,6110,4,0,23,-3,5,3,813,0,22,23
04-23-21,Warren,5503,4,4678,3,825,1,5315,3,33608,58,38923,61,0,81,2,28,2,5394,0,82,81
04-23-21,Washington,14274,24,12234,21,2040,3,13446,21,85244,181,98690,202,0,244,-15,334,39,13696,0,361,243
04-23-21,Wayne,2941,1,2367,1,574,0,2605,1,11375,8,13980,9,0,34,1,4,0,2903,0,61,34
04-23-21,Weakley,4041,3,2986,3,1055,0,3420,3,21925,30,25345,33,0,64,-4,46,7,3931,0,71,64
04-23-21,White,3564,8,2906,8,658,0,3550,9,23062,33,26612,42,0,68,6,46,2,3450,2,113,69
04-23-21,Williamson,27643,29,23270,20,4373,9,25817,21,188158,373,213975,394,1,216,-5,379,33,27048,0,293,216
04-23-21,Wilson,18574,12,16691,9,1883,3,18958,10,109309,242,128267,252,0,230,-18,346,30,17998,0,338,232
04-22-21,Anderson,8621,18,6433,6,2188,12,7222,7,62961,144,70183,151,0,172,12,88,6,8361,0,214,171
04-22-21,Bedford,6450,18,5068,6,1382,12,5833,9,32094,80,37927,89,0,129,10,98,8,6223,0,137,127
04-22-21,Benton,1632,2,1279,0,353,2,1415,0,9112,23,10527,23,0,40,0,21,2,1571,0,38,40
04-22-21,Bledsoe,2102,2,1901,0,201,2,2015,0,15939,40,17954,40,0,11,1,12,1,2079,0,32,11
04-22-21,Blount,15200,14,12963,11,2237,3,14323,12,76287,176,90610,188,-1,193,-2,165,17,14842,0,350,193
04-22-21,Bradley,14712,47,12011,36,2701,11,13626,43,67393,154,81019,197,0,148,16,365,31,14199,6,643,148
04-22-21,Campbell,4105,4,2251,1,1854,3,2527,1,25060,38,27587,39,1,63,1,43,2,3999,0,127,63
04-22-21,Cannon,1897,4,1514,1,383,3,1688,1,9427,24,11115,25,0,31,1,15,3,1851,0,38,31
04-22-21,Carroll,3572,10,2335,2,1237,8,2773,2,19694,31,22467,33,1,83,7,26,2,3463,0,81,83
04-22-21,Carter,6491,20,5648,7,843,13,6205,11,38327,61,44532,72,0,156,3,129,17,6206,0,228,156
04-22-21,Cheatham,4495,30,3421,5,1074,25,3866,5,27832,65,31698,70,0,55,21,104,9,4336,0,90,55
04-22-21,Chester,2102,9,1510,2,592,7,1801,3,11931,19,13732,22,0,51,8,19,1,2032,2,43,51
04-22-21,Claiborne,3097,14,1978,8,1119,6,2118,9,24317,51,26435,60,0,73,9,63,5,2961,0,93,74
04-22-21,Clay,1098,2,753,0,345,2,867,0,5668,8,6535,8,0,31,1,11,1,1056,0,25,30
04-22-21,Cocke,4444,8,2934,4,1510,4,3238,4,22402,44,25640,48,0,98,-2,40,10,4306,0,115,98
04-22-21,Coffee,6838,19,4721,5,2117,14,5775,5,46124,52,51899,57,0,121,10,61,9,6656,0,124,121
04-22-21,Crockett,2014,1,1213,1,801,0,1414,1,7371,13,8785,14,0,48,1,17,0,1949,1,31,48
04-22-21,Cumberland,6620,25,5460,12,1160,13,6264,13,48870,42,55134,55,0,128,14,131,11,6361,1,161,129
04-22-21,Davidson,88163,118,82538,90,5625,28,100264,112,1002062,4660,1102326,4772,2,929,-28,1206,144,86028,2,1959,928
04-22-21,Decatur,1577,1,1170,1,407,0,1390,1,11004,8,12394,9,0,39,1,6,0,1532,0,40,39
04-22-21,Dekalb,2765,10,2037,1,728,9,2355,1,17149,27,19504,28,0,53,9,27,1,2685,0,56,53
04-22-21,Dickson,6769,31,4898,27,1871,4,5782,32,35990,214,41772,246,0,109,19,106,12,6554,0,121,110
04-22-21,Dyer,5376,11,3538,3,1838,8,3994,3,21965,43,25959,46,1,105,10,43,0,5228,0,109,105
04-22-21,Fayette,4941,12,4220,6,721,6,5194,8,38195,95,43389,103,2,78,6,87,4,4776,0,131,75
04-22-21,Fentress,2390,6,2060,2,330,4,2352,2,13274,33,15626,35,0,47,5,21,1,2322,0,63,47
04-22-21,Franklin,5099,14,4238,5,861,9,4961,5,38530,53,43491,58,0,88,6,54,8,4957,0,109,89
04-22-21,Gibson,6424,29,3872,11,2552,18,4692,12,29751,94,34443,106,0,145,24,73,5,6206,0,114,145
04-22-21,Giles,3953,0,3254,0,699,0,3742,0,23101,31,26843,31,0,99,-3,40,3,3814,0,111,100
04-22-21,Grainger,2601,7,1923,1,678,6,2152,1,14111,26,16263,27,1,50,-2,43,8,2508,0,70,50
04-22-21,Greene,7757,22,6170,21,1587,1,6868,21,50747,286,57615,307,0,152,-1,98,23,7507,0,188,152
04-22-21,Grundy,1782,2,1491,1,291,1,1708,1,9211,7,10919,8,0,34,0,10,2,1738,0,62,34
04-22-21,Hamblen,8511,11,5929,3,2582,8,6663,3,46311,67,52974,70,0,171,5,96,6,8244,0,260,171
04-22-21,Hamilton,43578,69,37408,52,6170,17,41949,56,322371,652,364320,708,0,488,8,511,61,42579,0,1160,489
04-22-21,Hancock,564,5,397,3,167,2,420,2,3925,9,4345,11,0,12,3,25,2,527,0,21,12
04-22-21,Hardeman,3473,9,2795,2,678,7,3268,3,25208,97,28476,100,0,64,7,25,2,3384,0,103,64
04-22-21,Hardin,3527,18,2384,5,1143,13,2833,4,23494,47,26327,51,0,66,16,59,2,3402,1,65,66
04-22-21,Hawkins,5846,36,4734,14,1112,22,5074,18,35085,179,40159,197,1,107,17,135,18,5604,0,149,107
04-22-21,Haywood,2681,3,2246,2,435,1,2564,2,13674,14,16238,16,0,61,2,10,1,2610,0,82,62
04-22-21,Henderson,3749,14,2597,3,1152,11,3245,2,16121,19,19366,21,0,76,6,52,8,3621,0,79,76
04-22-21,Henry,3125,5,2413,1,712,4,2790,1,17908,23,20698,24,0,75,1,27,4,3023,0,77,76
04-22-21,Hickman,2812,5,2267,2,545,3,2613,4,16685,48,19298,52,0,46,4,28,1,2738,0,57,46
04-22-21,Houston,1086,2,819,1,267,1,938,1,10626,193,11564,194,0,33,1,11,1,1042,0,40,33
04-22-21,Humphreys,1759,11,1122,2,637,9,1309,2,11774,42,13083,44,0,22,3,66,8,1671,0,34,22
04-22-21,Jackson,1304,1,1023,1,281,0,1193,1,5552,9,6745,10,0,35,1,18,0,1251,0,41,35
04-22-21,Jefferson,6090,9,4178,3,1912,6,4726,3,39309,59,44035,62,0,124,1,73,8,5893,0,188,123
04-22-21,Johnson,2342,10,2048,4,294,6,2180,4,15661,128,17841,132,0,38,7,64,3,2240,0,58,38
04-22-21,Knox,50413,79,42209,62,8204,17,46192,66,328125,787,374317,853,1,627,18,615,60,49171,1,1362,629
04-22-21,Lake,1692,0,1503,0,189,0,1773,0,10124,8,11897,8,0,26,0,0,0,1666,0,25,26
04-22-21,Lauderdale,3143,5,2448,2,695,3,2810,2,21135,59,23945,61,0,44,4,22,1,3077,0,83,43
04-22-21,Lawrence,5822,16,4541,9,1281,7,5005,7,29415,35,34420,42,0,86,11,89,5,5647,0,148,86
04-22-21,Lewis,1565,1,1173,0,392,1,1270,0,10004,11,11274,11,0,26,0,17,1,1522,0,43,26
04-22-21,Lincoln,4305,11,3321,2,984,9,3776,2,17780,25,21556,27,0,63,8,40,3,4202,0,83,61
04-22-21,Loudon,6052,12,4638,6,1414,6,5074,6,31433,48,36507,54,0,69,7,50,5,5933,0,135,69
04-22-21,Macon,3588,4,2781,2,807,2,3269,2,16701,38,19970,40,0,77,-2,40,6,3471,0,128,77
04-22-21,Madison,10895,57,6093,29,4802,28,7376,30,55384,134,62760,164,0,241,45,-186,12,10840,0,337,241
04-22-21,Marion,3100,1,2646,1,454,0,2962,1,19588,35,22550,36,0,47,1,20,0,3033,0,113,47
04-22-21,Marshall,4128,12,3247,3,881,9,3669,3,23205,26,26874,29,0,58,6,52,6,4018,0,92,58
04-22-21,Maury,13268,19,11631,8,1637,11,12848,10,74995,157,87843,167,1,171,-7,186,25,12911,0,295,170
04-22-21,McMinn,6393,21,5666,10,727,11,6248,8,42952,59,49200,67,0,97,12,108,9,6188,0,156,98
04-22-21,McNairy,2782,13,1970,1,812,12,2395,2,18230,38,20625,40,0,54,9,12,4,2716,1,65,54
04-22-21,Meigs,1366,11,1226,5,140,6,1359,5,8109,11,9468,16,0,24,8,34,3,1308,0,45,24
04-22-21,Monroe,5753,32,4532,19,1221,13,5087,21,27541,100,32628,121,0,95,22,94,10,5564,2,156,95
04-22-21,Montgomery,19807,63,14576,40,5231,23,16013,45,118920,389,134933,434,0,224,1,479,62,19104,0,304,224
04-22-21,Moore,1003,0,773,0,230,0,872,0,4883,4,5755,4,0,17,0,11,0,975,0,18,17
04-22-21,Morgan,2464,3,1807,2,657,1,1965,2,15291,21,17256,23,0,39,-1,27,4,2398,0,44,39
04-22-21,Obion,4501,2,3326,1,1175,1,3772,2,22749,57,26521,59,0,96,-2,26,4,4379,0,101,96
04-22-21,Out of State,17387,25,13817,15,3570,10,15646,19,636454,1782,652100,1801,2,97,10,206,13,17084,0,211,97
04-22-21,Overton,2991,8,2243,3,748,5,2639,3,15123,24,17762,27,0,61,6,45,2,2885,0,64,61
04-22-21,Pending,16552,54,10668,13,5884,41,11860,12,415158,1690,427018,1702,0,133,2,200,52,16219,0,139,132
04-22-21,Perry,1054,0,905,0,149,0,1020,0,6114,2,7134,2,0,28,0,-1,0,1027,0,28,28
04-22-21,Pickett,753,1,499,1,254,0,601,1,3939,8,4540,9,0,24,1,3,0,726,0,28,24
04-22-21,Polk,2007,6,1807,5,200,1,2000,4,9579,24,11579,28,0,24,-2,38,8,1945,0,85,24
04-22-21,Putnam,11210,25,9139,10,2071,15,10954,10,72569,101,83523,111,0,173,7,120,18,10917,0,209,174
04-22-21,Rhea,4311,1,3733,1,578,0,4180,2,27014,24,31194,26,0,75,-2,21,3,4215,0,82,75
04-22-21,Roane,6212,9,4789,3,1423,6,5336,4,43396,87,48732,91,0,103,2,59,7,6050,0,150,103
04-22-21,Robertson,9639,28,7550,12,2089,16,8505,14,44249,123,52754,137,0,130,9,121,19,9388,1,428,130
04-22-21,Rutherford,42457,73,36258,45,6199,28,42132,55,242700,720,284832,775,0,424,7,599,66,41434,1,592,425
04-22-21,Scott,3060,9,1681,0,1379,9,1796,0,11610,20,13406,20,0,45,6,29,3,2986,0,64,45
04-22-21,Sequatchie,1674,4,1310,1,364,3,1430,1,11895,14,13325,15,1,29,1,20,2,1625,0,39,29
04-22-21,Sevier,13193,23,11279,16,1914,7,12428,18,67540,152,79968,170,0,175,9,196,14,12822,0,280,175
04-22-21,Shelby,93474,227,86571,180,6903,47,106603,201,999007,3468,1105610,3669,-4,1596,68,1638,163,90240,10,3636,1609
04-22-21,Smith,2746,1,2055,0,691,1,2573,0,13819,24,16392,24,0,39,-5,27,6,2680,0,59,39
04-22-21,Stewart,1310,1,993,1,317,0,1124,1,7048,23,8172,24,0,28,0,8,1,1274,0,26,28
04-22-21,Sullivan,16301,59,14162,48,2139,11,15261,74,90760,428,106021,502,0,287,16,469,43,15545,3,756,287
04-22-21,Sumner,23566,45,20831,26,2735,19,23576,32,124132,290,147708,322,0,345,19,389,26,22832,1,711,345
04-22-21,Tipton,7241,20,5028,2,2213,18,6069,3,48532,105,54601,108,3,104,13,73,4,7064,0,160,99
04-22-21,Trousdale,2494,2,2336,1,158,1,2504,1,9319,19,11823,20,0,22,0,11,2,2461,0,41,22
04-22-21,Unicoi,1965,12,1500,6,465,6,1651,7,13483,48,15134,55,0,49,3,51,9,1865,0,67,49
04-22-21,Union,1880,8,1577,3,303,5,1699,3,10609,28,12308,31,0,34,5,22,3,1824,0,59,34
04-22-21,Van Buren,841,4,694,1,147,3,768,2,5338,7,6106,9,0,23,3,8,1,810,0,22,23
04-22-21,Warren,5499,8,4675,1,824,7,5312,1,33550,74,38862,75,0,81,6,26,2,5392,0,82,81
04-22-21,Washington,14250,33,12213,23,2037,10,13425,21,85063,221,98488,242,0,244,-8,349,41,13657,0,361,243
04-22-21,Wayne,2940,0,2366,0,574,0,2604,0,11367,14,13971,14,0,34,-1,3,1,2903,0,61,34
04-22-21,Weakley,4038,9,2983,2,1055,7,3417,2,21895,37,25312,39,0,64,7,50,2,3924,0,71,64
04-22-21,White,3556,5,2898,0,658,5,3541,0,23029,30,26570,30,0,68,2,40,3,3448,0,111,69
04-22-21,Williamson,27614,31,23250,20,4364,11,25796,27,187785,490,213581,517,0,215,-14,384,45,27015,0,293,216
04-22-21,Wilson,18562,37,16682,26,1880,11,18948,28,109067,546,128015,574,0,230,2,364,35,17968,0,338,231
04-21-21,Anderson,8603,11,6427,5,2176,6,7215,6,62817,156,70032,162,1,172,-3,76,13,8355,0,214,171
04-21-21,Bedford,6432,10,5062,5,1370,5,5824,6,32014,74,37838,80,0,129,1,88,9,6215,1,137,127
04-21-21,Benton,1630,3,1279,2,351,1,1415,3,9089,18,10504,21,0,40,1,21,2,1569,0,38,40
04-21-21,Bledsoe,2100,1,1901,1,199,0,2015,0,15899,13,17914,13,0,11,0,11,1,2078,0,32,11
04-21-21,Blount,15186,22,12952,7,2234,15,14311,7,76111,209,90422,216,0,194,0,167,22,14825,0,350,193
04-21-21,Bradley,14665,32,11975,19,2690,13,13583,21,67239,190,80822,211,0,148,1,349,31,14168,1,637,148
04-21-21,Campbell,4101,5,2250,1,1851,4,2526,1,25022,28,27548,29,0,62,3,42,2,3997,0,127,63
04-21-21,Cannon,1893,4,1513,3,380,1,1687,3,9403,18,11090,21,0,31,3,14,1,1848,1,38,31
04-21-21,Carroll,3562,2,2333,1,1229,1,2771,1,19663,27,22434,28,0,82,1,19,1,3461,0,81,83
04-21-21,Carter,6471,8,5641,6,830,2,6194,7,38266,162,44460,169,0,156,-11,126,19,6189,0,228,156
04-21-21,Cheatham,4465,10,3416,8,1049,2,3861,9,27767,50,31628,59,1,55,-7,83,16,4327,0,90,54
04-21-21,Chester,2093,7,1508,4,585,3,1798,4,11912,82,13710,86,0,51,6,11,1,2031,0,41,51
04-21-21,Claiborne,3083,16,1970,11,1113,5,2109,10,24266,33,26375,43,0,73,9,54,7,2956,0,93,74
04-21-21,Clay,1096,3,753,3,343,0,867,3,5660,14,6527,17,0,31,2,10,1,1055,0,25,30
04-21-21,Cocke,4436,5,2930,0,1506,5,3234,0,22358,70,25592,70,0,98,-2,42,7,4296,0,115,98
04-21-21,Coffee,6819,4,4716,1,2103,3,5770,1,46072,90,51842,91,0,121,0,51,4,6647,0,124,121
04-21-21,Crockett,2013,4,1212,3,801,1,1413,3,7358,14,8771,17,0,48,3,16,1,1949,0,30,48
04-21-21,Cumberland,6595,25,5448,22,1147,3,6251,24,48828,87,55079,111,0,128,8,117,17,6350,1,160,129
04-21-21,Davidson,88045,127,82448,108,5597,19,100152,124,997402,2018,1097554,2142,1,927,10,1234,116,85884,1,1957,928
04-21-21,Decatur,1576,1,1169,1,407,0,1389,1,10996,13,12385,14,1,39,0,5,0,1532,0,40,39
04-21-21,Dekalb,2755,3,2036,2,719,1,2354,3,17122,27,19476,30,0,53,2,18,1,2684,0,56,53
04-21-21,Dickson,6738,9,4871,7,1867,2,5750,8,35776,87,41526,95,0,109,-2,87,11,6542,0,121,109
04-21-21,Dyer,5365,5,3535,3,1830,2,3991,3,21922,47,25913,50,0,104,3,33,2,5228,0,109,105
04-21-21,Fayette,4929,13,4214,9,715,4,5186,13,38100,102,43286,115,-2,76,13,81,2,4772,0,131,75
04-21-21,Fentress,2384,2,2058,0,326,2,2350,0,13241,25,15591,25,1,47,0,16,1,2321,0,63,47
04-21-21,Franklin,5085,6,4233,5,852,1,4956,7,38477,215,43433,222,0,88,3,48,3,4949,0,109,88
04-21-21,Gibson,6395,9,3861,6,2534,3,4680,10,29657,65,34337,75,1,145,6,49,2,6201,0,114,145
04-21-21,Giles,3953,7,3254,6,699,1,3742,6,23070,50,26812,56,0,99,-2,43,9,3811,0,111,99
04-21-21,Grainger,2594,2,1922,1,672,1,2151,2,14085,30,16236,32,0,49,1,45,1,2500,0,70,50
04-21-21,Greene,7735,22,6149,21,1586,1,6847,21,50461,250,57308,271,0,152,13,99,9,7484,0,188,152
04-21-21,Grundy,1780,0,1490,0,290,0,1707,0,9204,64,10911,64,1,34,-4,10,3,1736,0,62,34
04-21-21,Hamblen,8500,9,5926,6,2574,3,6660,6,46244,52,52904,58,0,171,-6,91,15,8238,1,260,171
04-21-21,Hamilton,43509,69,37356,40,6153,29,41893,45,321719,481,363612,526,0,488,8,503,61,42518,0,1160,489
04-21-21,Hancock,559,4,394,4,165,0,418,4,3916,10,4334,14,0,12,3,22,1,525,0,21,12
04-21-21,Hardeman,3464,4,2793,2,671,2,3265,2,25111,103,28376,105,0,64,2,18,2,3382,0,103,64
04-21-21,Hardin,3509,13,2379,6,1130,7,2829,11,23447,49,26276,60,0,66,11,43,2,3400,0,64,66
04-21-21,Hawkins,5810,23,4720,18,1090,5,5056,17,34906,100,39962,117,0,106,13,118,10,5586,0,149,107
04-21-21,Haywood,2678,1,2244,1,434,0,2562,1,13660,24,16222,25,0,61,0,8,1,2609,0,82,61
04-21-21,Henderson,3735,6,2594,2,1141,4,3243,3,16102,27,19345,30,0,76,3,46,3,3613,0,79,76
04-21-21,Henry,3120,5,2412,2,708,3,2789,2,17885,23,20674,25,0,75,3,26,2,3019,0,77,76
04-21-21,Hickman,2807,3,2265,3,542,0,2609,3,16637,33,19246,36,0,46,0,24,3,2737,0,57,46
04-21-21,Houston,1084,1,818,1,266,0,937,1,10433,51,11370,52,0,33,-1,10,2,1041,0,40,33
04-21-21,Humphreys,1748,8,1120,7,628,1,1307,7,11732,23,13039,30,0,22,-1,63,9,1663,0,34,22
04-21-21,Jackson,1303,8,1022,8,281,0,1192,8,5543,22,6735,30,0,35,7,17,1,1251,2,41,35
04-21-21,Jefferson,6081,10,4175,5,1906,5,4723,5,39250,62,43973,67,0,124,6,72,4,5885,0,188,123
04-21-21,Johnson,2332,13,2044,12,288,1,2176,13,15533,107,17709,120,0,38,4,57,9,2237,0,58,38
04-21-21,Knox,50334,61,42147,33,8187,28,46126,34,327338,478,373464,512,1,626,-2,597,62,49111,1,1361,628
04-21-21,Lake,1692,0,1503,0,189,0,1773,0,10116,52,11889,52,0,26,0,0,0,1666,0,25,26
04-21-21,Lauderdale,3138,3,2446,3,692,0,2808,4,21076,43,23884,47,0,44,0,18,3,3076,0,83,43
04-21-21,Lawrence,5806,10,4532,8,1274,2,4998,10,29380,51,34378,61,0,86,8,78,2,5642,0,148,86
04-21-21,Lewis,1564,0,1173,0,391,0,1270,0,9993,13,11263,13,0,26,-2,17,2,1521,0,43,26
04-21-21,Lincoln,4294,7,3319,2,975,5,3774,2,17755,31,21529,33,0,63,6,32,1,4199,0,83,61
04-21-21,Loudon,6040,6,4632,2,1408,4,5068,4,31385,41,36453,45,0,69,1,43,5,5928,0,135,69
04-21-21,Macon,3584,3,2779,2,805,1,3267,4,16663,59,19930,63,0,77,2,42,1,3465,0,128,77
04-21-21,Madison,10838,34,6064,17,4774,17,7346,17,55250,174,62596,191,0,241,25,-231,9,10828,0,337,241
04-21-21,Marion,3099,1,2645,1,454,0,2961,3,19553,99,22514,102,1,47,-1,19,1,3033,0,113,47
04-21-21,Marshall,4116,8,3244,3,872,5,3666,6,23179,38,26845,44,0,58,2,46,6,4012,0,92,58
04-21-21,Maury,13249,19,11623,14,1626,5,12838,14,74838,171,87676,185,0,170,-9,193,28,12886,0,295,170
04-21-21,McMinn,6372,8,5656,4,716,4,6240,4,42893,41,49133,45,0,97,-6,96,14,6179,0,156,98
04-21-21,McNairy,2769,4,1969,4,800,0,2393,4,18192,43,20585,47,0,54,4,3,0,2712,0,64,54
04-21-21,Meigs,1355,6,1221,5,134,1,1354,6,8098,10,9452,16,0,24,3,26,3,1305,1,45,24
04-21-21,Monroe,5721,7,4513,5,1208,2,5066,5,27441,41,32507,46,0,95,-3,72,10,5554,0,154,95
04-21-21,Montgomery,19744,47,14536,31,5208,16,15968,36,118531,401,134499,437,0,224,2,478,45,19042,0,304,224
04-21-21,Moore,1003,2,773,2,230,0,872,2,4879,8,5751,10,0,17,2,11,0,975,0,18,17
04-21-21,Morgan,2461,4,1805,2,656,2,1963,3,15270,20,17233,23,0,39,3,28,1,2394,0,44,39
04-21-21,Obion,4499,3,3325,3,1174,0,3770,3,22692,32,26462,35,0,96,0,28,3,4375,0,101,96
04-21-21,Out of State,17362,32,13802,25,3560,7,15627,28,634672,1386,650299,1414,0,95,-5,196,37,17071,0,211,97
04-21-21,Overton,2983,6,2240,4,743,2,2636,4,15099,54,17735,58,0,61,6,39,0,2883,0,64,61
04-21-21,Pending,16498,18,10655,7,5843,11,11848,7,413468,923,425316,930,0,133,-39,198,57,16167,0,139,132
04-21-21,Perry,1054,0,905,0,149,0,1020,1,6112,5,7132,6,0,28,-2,-1,2,1027,0,28,28
04-21-21,Pickett,752,0,498,0,254,0,600,0,3931,8,4531,8,0,24,0,2,0,726,0,28,24
04-21-21,Polk,2001,4,1802,4,199,0,1996,4,9555,27,11551,31,0,24,-2,40,6,1937,0,85,24
04-21-21,Putnam,11185,22,9129,17,2056,5,10944,18,72468,294,83412,312,0,173,12,113,10,10899,2,209,174
04-21-21,Rhea,4310,3,3732,2,578,1,4178,2,26990,85,31168,87,0,75,-2,23,5,4212,0,82,75
04-21-21,Roane,6203,14,4786,8,1417,6,5332,8,43309,89,48641,97,1,103,3,57,10,6043,0,150,103
04-21-21,Robertson,9611,6,7538,3,2073,3,8491,4,44126,88,52617,92,1,130,-5,112,10,9369,0,427,130
04-21-21,Rutherford,42384,48,36213,26,6171,22,42077,29,241980,633,284057,662,1,424,-29,592,76,41368,0,591,424
04-21-21,Scott,3051,4,1681,0,1370,4,1796,0,11590,26,13386,26,0,45,1,23,3,2983,0,64,45
04-21-21,Sequatchie,1670,2,1309,1,361,1,1429,2,11881,16,13310,18,0,28,2,19,0,1623,0,39,29
04-21-21,Sevier,13170,21,11263,11,1907,10,12410,9,67388,130,79798,139,0,175,4,187,17,12808,1,280,175
04-21-21,Shelby,93247,192,86391,155,6856,37,106402,183,995539,3590,1101941,3773,9,1600,21,1570,162,90077,7,3626,1606
04-21-21,Smith,2745,2,2055,0,690,2,2573,0,13795,32,16368,32,1,39,-2,32,3,2674,0,59,39
04-21-21,Stewart,1309,1,992,1,317,0,1123,1,7025,10,8148,11,0,28,-2,8,3,1273,0,26,28
04-21-21,Sullivan,16242,39,14114,34,2128,5,15187,29,90332,258,105519,287,0,287,6,453,33,15502,0,753,286
04-21-21,Sumner,23521,38,20805,24,2716,14,23544,29,123842,442,147386,471,0,345,5,370,33,22806,0,710,344
04-21-21,Tipton,7221,9,5026,5,2195,4,6066,4,48427,150,54493,154,-3,101,3,60,9,7060,0,160,99
04-21-21,Trousdale,2492,2,2335,2,157,0,2503,2,9300,26,11803,28,0,22,1,11,1,2459,0,41,22
04-21-21,Unicoi,1953,10,1494,5,459,5,1644,5,13435,50,15079,55,0,49,4,48,6,1856,0,67,49
04-21-21,Union,1872,6,1574,5,298,1,1696,5,10581,16,12277,21,0,34,5,17,1,1821,0,59,34
04-21-21,Van Buren,837,1,693,1,144,0,766,1,5331,3,6097,4,1,23,-1,5,1,809,0,22,23
04-21-21,Warren,5491,4,4674,3,817,1,5311,4,33476,61,38787,65,0,81,1,20,3,5390,0,82,81
04-21-21,Washington,14217,41,12190,28,2027,13,13404,28,84842,333,98246,361,0,244,-8,357,49,13616,0,361,243
04-21-21,Wayne,2940,2,2366,1,574,1,2604,1,11353,8,13957,9,0,34,2,4,0,2902,0,61,34
04-21-21,Weakley,4029,3,2981,3,1048,0,3415,4,21858,37,25273,41,1,64,-3,43,5,3922,0,71,64
04-21-21,White,3551,9,2898,7,653,2,3541,7,22999,52,26540,59,-1,68,6,38,4,3445,0,111,69
04-21-21,Williamson,27583,35,23230,21,4353,14,25769,27,187295,454,213064,481,0,215,-4,398,39,26970,0,293,216
04-21-21,Wilson,18525,20,16656,11,1869,9,18920,13,108521,255,127441,268,1,230,-3,362,22,17933,1,338,231
04-20-21,Anderson,8592,6,6422,3,2170,3,7209,3,62661,98,69870,101,0,171,-1,79,7,8342,0,214,171
04-20-21,Bedford,6422,6,5057,4,1365,2,5818,5,31940,42,37758,47,0,129,-14,87,20,6206,1,136,127
04-20-21,Benton,1627,1,1277,1,350,0,1412,1,9071,6,10483,7,0,40,-2,20,3,1567,1,38,40
04-20-21,Bledsoe,2099,4,1900,4,199,0,2015,4,15886,47,17901,51,0,11,1,11,3,2077,0,32,11
04-20-21,Blount,15164,18,12945,18,2219,0,14304,21,75902,158,90206,179,0,194,0,167,18,14803,1,350,193
04-20-21,Bradley,14633,31,11956,25,2677,6,13562,26,67049,165,80611,191,0,148,-4,348,35,14137,2,636,148
04-20-21,Campbell,4096,4,2249,1,1847,3,2525,0,24994,17,27519,17,0,62,0,39,4,3995,1,127,63
04-20-21,Cannon,1889,0,1510,0,379,0,1684,0,9385,20,11069,20,0,31,-7,11,7,1847,0,37,31
04-20-21,Carroll,3560,3,2332,3,1228,0,2770,3,19636,19,22406,22,0,82,0,18,3,3460,0,81,83
04-20-21,Carter,6463,11,5635,11,828,0,6187,11,38104,53,44291,64,0,156,-9,137,20,6170,1,228,156
04-20-21,Cheatham,4455,6,3408,5,1047,1,3852,5,27717,82,31569,87,0,54,-9,90,15,4311,0,90,54
04-20-21,Chester,2086,1,1504,0,582,1,1794,0,11830,13,13624,13,0,51,0,5,1,2030,0,41,51
04-20-21,Claiborne,3067,10,1959,5,1108,5,2099,4,24233,18,26332,22,0,73,7,45,3,2949,0,93,74
04-20-21,Clay,1093,1,750,0,343,1,864,1,5646,5,6510,6,0,31,0,8,1,1054,0,25,30
04-20-21,Cocke,4431,2,2930,0,1501,2,3234,0,22288,67,25522,67,0,98,-3,44,5,4289,0,115,98
04-20-21,Coffee,6815,2,4715,1,2100,1,5769,1,45982,88,51751,89,0,121,-11,51,13,6643,0,124,121
04-20-21,Crockett,2009,1,1209,0,800,1,1410,0,7344,7,8754,7,0,48,-2,13,3,1948,0,30,48
04-20-21,Cumberland,6570,10,5426,9,1144,1,6227,10,48741,51,54968,61,0,128,-4,109,14,6333,1,159,129
04-20-21,Davidson,87918,147,82340,142,5578,5,100028,167,995384,2426,1095412,2593,2,926,37,1224,108,85768,1,1956,928
04-20-21,Decatur,1575,2,1168,1,407,1,1388,1,10983,3,12371,4,0,38,1,5,1,1532,1,40,38
04-20-21,Dekalb,2752,0,2034,0,718,0,2351,0,17095,20,19446,20,0,53,0,16,0,2683,0,56,53
04-20-21,Dickson,6729,3,4864,1,1865,2,5742,3,35689,39,41431,42,0,109,-11,89,14,6531,0,121,109
04-20-21,Dyer,5360,5,3532,2,1828,3,3988,2,21875,15,25863,17,0,104,4,30,1,5226,0,109,104
04-20-21,Fayette,4916,10,4205,8,711,2,5173,9,37998,64,43171,73,1,78,-4,68,13,4770,0,131,75
04-20-21,Fentress,2382,0,2058,0,324,0,2350,0,13216,8,15566,8,0,46,-2,16,2,2320,0,63,47
04-20-21,Franklin,5079,2,4228,2,851,0,4949,2,38262,31,43211,33,0,88,-8,45,10,4946,0,109,88
04-20-21,Gibson,6386,5,3855,2,2531,3,4670,3,29592,24,34262,27,0,144,4,43,1,6199,1,114,145
04-20-21,Giles,3946,2,3248,1,698,1,3736,1,23020,21,26756,22,0,99,-2,45,4,3802,0,111,99
04-20-21,Grainger,2592,1,1921,0,671,1,2149,0,14055,9,16204,9,0,49,-6,44,7,2499,0,70,50
04-20-21,Greene,7713,2,6128,2,1585,0,6826,2,50211,73,57037,75,0,152,-12,86,14,7475,1,188,152
04-20-21,Grundy,1780,1,1490,1,290,0,1707,1,9140,6,10847,7,0,33,-3,14,4,1733,0,62,34
04-20-21,Hamblen,8491,9,5920,3,2571,6,6654,3,46192,27,52846,30,0,171,-3,97,12,8223,0,259,171
04-20-21,Hamilton,43440,58,37316,43,6124,15,41848,54,321238,416,363086,470,1,488,-4,495,61,42457,2,1160,488
04-20-21,Hancock,555,4,390,2,165,2,414,1,3906,36,4320,37,0,12,3,19,1,524,1,21,12
04-20-21,Hardeman,3460,3,2791,0,669,3,3263,0,25008,20,28271,20,0,64,0,16,3,3380,1,103,64
04-20-21,Hardin,3496,7,2373,6,1123,1,2818,6,23398,32,26216,38,0,66,-5,32,12,3398,0,64,66
04-20-21,Hawkins,5787,10,4702,9,1085,1,5039,6,34806,30,39845,36,0,106,-9,105,19,5576,0,149,106
04-20-21,Haywood,2677,1,2243,0,434,1,2561,0,13636,7,16197,7,0,61,1,8,0,2608,0,82,61
04-20-21,Henderson,3729,2,2592,1,1137,1,3240,1,16075,12,19315,13,1,76,-3,43,4,3610,1,79,76
04-20-21,Henry,3115,1,2410,1,705,0,2787,1,17862,11,20649,12,0,75,-1,23,2,3017,0,77,75
04-20-21,Hickman,2804,1,2262,1,542,0,2606,2,16604,22,19210,24,0,46,-5,24,6,2734,0,57,46
04-20-21,Houston,1083,1,817,1,266,0,936,1,10382,7,11318,8,0,33,0,11,1,1039,0,40,33
04-20-21,Humphreys,1740,3,1113,1,627,2,1300,2,11709,8,13009,10,0,22,-4,64,7,1654,0,34,22
04-20-21,Jackson,1295,1,1014,1,281,0,1184,1,5521,2,6705,3,0,35,1,10,0,1250,0,39,35
04-20-21,Jefferson,6071,6,4170,1,1901,5,4718,1,39188,33,43906,34,1,124,-5,66,10,5881,0,188,123
04-20-21,Johnson,2319,4,2032,2,287,2,2163,2,15426,36,17589,38,0,38,-6,53,10,2228,0,58,38
04-20-21,Knox,50273,38,42114,34,8159,4,46092,40,326860,474,372952,514,1,625,-34,599,71,49049,1,1360,627
04-20-21,Lake,1692,0,1503,0,189,0,1773,0,10064,3,11837,3,0,26,0,0,0,1666,0,25,26
04-20-21,Lauderdale,3135,1,2443,1,692,0,2804,1,21033,17,23837,18,0,44,-1,18,2,3073,0,83,43
04-20-21,Lawrence,5796,8,4524,7,1272,1,4988,7,29329,47,34317,54,0,86,2,70,6,5640,0,148,86
04-20-21,Lewis,1564,4,1173,1,391,3,1270,1,9980,4,11250,5,0,26,3,19,1,1519,0,43,26
04-20-21,Lincoln,4287,2,3317,2,970,0,3772,2,17724,17,21496,19,0,63,0,26,2,4198,0,83,61
04-20-21,Loudon,6034,4,4630,2,1404,2,5064,2,31344,39,36408,41,0,69,-10,42,14,5923,0,135,69
04-20-21,Macon,3581,3,2777,3,804,0,3263,3,16604,22,19867,25,0,77,-1,40,4,3464,1,128,77
04-20-21,Madison,10804,28,6047,16,4757,12,7329,17,55076,55,62405,72,0,241,19,-256,9,10819,0,337,241
04-20-21,Marion,3098,3,2644,2,454,1,2958,3,19454,35,22412,38,0,46,2,20,1,3032,1,113,46
04-20-21,Marshall,4108,2,3241,1,867,1,3660,1,23141,15,26801,16,0,58,-5,44,7,4006,1,92,58
04-20-21,Maury,13230,13,11609,8,1621,5,12824,8,74667,131,87491,139,1,170,-12,202,24,12858,1,295,169
04-20-21,McMinn,6364,7,5652,7,712,0,6236,9,42852,37,49088,46,0,97,-4,102,11,6165,1,156,98
04-20-21,McNairy,2765,2,1965,2,800,0,2389,2,18149,21,20538,23,0,54,-1,-1,3,2712,1,64,54
04-20-21,Meigs,1349,3,1216,3,133,0,1348,3,8088,10,9436,13,0,24,2,23,1,1302,2,44,24
04-20-21,Monroe,5714,6,4508,4,1206,2,5061,4,27400,24,32461,28,0,95,1,75,5,5544,0,154,95
04-20-21,Montgomery,19697,76,14505,41,5192,35,15932,41,118130,307,134062,348,0,224,26,476,50,18997,0,304,224
04-20-21,Moore,1001,1,771,1,230,0,870,1,4871,2,5741,3,0,17,-1,9,2,975,0,18,17
04-20-21,Morgan,2457,2,1803,2,654,0,1960,2,15250,15,17210,17,0,39,-4,25,6,2393,0,44,39
04-20-21,Obion,4496,0,3322,0,1174,0,3767,2,22660,35,26427,37,0,96,-5,28,5,4372,0,101,96
04-20-21,Out of State,17330,23,13777,21,3553,2,15599,21,633286,1232,648885,1253,0,95,-2,201,25,17034,1,211,97
04-20-21,Overton,2977,7,2236,7,741,0,2632,8,15045,15,17677,23,0,61,6,33,1,2883,0,64,61
04-20-21,Pending,16480,13,10648,13,5832,0,11841,13,412545,748,424386,761,0,133,-21,237,34,16110,0,139,132
04-20-21,Perry,1054,0,905,0,149,0,1019,0,6107,4,7126,4,0,28,0,1,0,1025,0,28,28
04-20-21,Pickett,752,0,498,0,254,0,600,0,3923,0,4523,0,0,24,0,2,0,726,0,28,24
04-20-21,Polk,1997,3,1798,3,199,0,1992,3,9528,22,11520,25,0,24,-3,42,6,1931,0,85,24
04-20-21,Putnam,11163,8,9112,7,2051,1,10926,9,72174,73,83100,82,0,173,-4,101,12,10889,0,207,173
04-20-21,Rhea,4307,1,3730,1,577,0,4176,1,26905,41,31081,42,0,75,0,25,1,4207,0,82,75
04-20-21,Roane,6189,2,4778,1,1411,1,5324,1,43220,32,48544,33,0,102,-3,54,5,6033,0,150,102
04-20-21,Robertson,9605,12,7535,11,2070,1,8487,11,44038,89,52525,100,0,129,3,117,9,9359,0,427,129
04-20-21,Rutherford,42336,55,36187,46,6149,9,42048,50,241347,688,283395,738,1,423,-25,621,79,41292,0,591,424
04-20-21,Scott,3047,1,1681,1,1366,0,1796,1,11564,15,13360,16,0,45,-1,22,2,2980,0,64,45
04-20-21,Sequatchie,1668,1,1308,1,360,0,1427,1,11865,11,13292,12,0,28,-1,17,2,1623,0,39,29
04-20-21,Sevier,13149,17,11252,10,1897,7,12401,12,67258,96,79659,108,0,175,-3,183,20,12791,0,279,175
04-20-21,Shelby,93055,137,86236,131,6819,6,106219,154,991949,2740,1098168,2894,0,1591,-19,1549,156,89915,13,3619,1603
04-20-21,Smith,2743,2,2055,1,688,1,2573,3,13763,14,16336,17,0,38,1,34,1,2671,0,59,39
04-20-21,Stewart,1308,3,991,2,317,1,1122,2,7015,7,8137,9,0,28,1,10,2,1270,0,26,28
04-20-21,Sullivan,16203,34,14080,31,2123,3,15158,18,90074,146,105232,164,0,287,-5,447,39,15469,1,753,286
04-20-21,Sumner,23483,35,20781,33,2702,2,23515,35,123400,256,146915,291,3,345,-18,365,50,22773,0,710,344
04-20-21,Tipton,7212,7,5021,5,2191,2,6062,5,48277,101,54339,106,1,104,-1,57,7,7051,0,160,99
04-20-21,Trousdale,2490,0,2333,0,157,0,2501,0,9274,9,11775,9,0,22,-1,10,1,2458,0,41,22
04-20-21,Unicoi,1943,3,1489,3,454,0,1639,3,13385,12,15024,15,0,49,1,44,2,1850,0,67,49
04-20-21,Union,1866,1,1569,0,297,1,1691,0,10565,6,12256,6,0,34,-2,12,3,1820,0,59,34
04-20-21,Van Buren,836,1,692,1,144,0,765,1,5328,3,6093,4,1,22,-1,6,1,808,0,22,23
04-20-21,Warren,5487,1,4671,1,816,0,5307,1,33415,47,38722,48,0,81,-8,19,9,5387,0,82,81
04-20-21,Washington,14176,38,12162,35,2014,3,13376,31,84509,106,97885,137,1,244,-13,365,50,13567,2,361,243
04-20-21,Wayne,2938,0,2365,0,573,0,2603,0,11345,12,13948,12,0,34,0,2,0,2902,0,61,34
04-20-21,Weakley,4026,4,2978,4,1048,0,3411,4,21821,13,25232,17,0,63,-1,46,5,3917,0,71,64
04-20-21,White,3542,1,2891,1,651,0,3534,1,22947,20,26481,21,1,69,-8,32,8,3441,0,111,69
04-20-21,Williamson,27548,27,23209,24,4339,3,25742,23,186841,384,212583,407,-1,215,-27,402,55,26931,0,293,216
04-20-21,Wilson,18505,48,16645,45,1860,3,18907,47,108266,352,127173,399,0,229,20,365,28,17911,1,337,230
04-19-21,Anderson,8586,6,6419,3,2167,3,7206,3,62563,23,69769,26,0,171,-6,80,12,8335,0,214,171
04-19-21,Bedford,6416,3,5053,1,1363,2,5813,1,31898,21,37711,22,0,129,-16,101,19,6186,0,135,127
04-19-21,Benton,1626,0,1276,0,350,0,1411,0,9065,3,10476,3,0,40,-5,22,5,1564,0,37,40
04-19-21,Bledsoe,2095,0,1896,0,199,0,2011,0,15839,4,17850,4,0,11,-3,10,3,2074,0,32,11
04-19-21,Blount,15146,25,12927,16,2219,9,14283,16,75744,131,90027,147,0,194,-1,167,26,14785,2,349,193
04-19-21,Bradley,14602,30,11931,17,2671,13,13536,18,66884,80,80420,98,1,148,-7,352,36,14102,2,634,148
04-19-21,Campbell,4092,3,2248,0,1844,3,2525,0,24977,6,27502,6,0,62,-4,39,7,3991,0,126,63
04-19-21,Cannon,1889,0,1510,0,379,0,1684,0,9365,15,11049,15,0,31,-3,18,3,1840,0,37,31
04-19-21,Carroll,3557,0,2329,0,1228,0,2767,0,19617,6,22384,6,0,82,-2,18,2,3457,0,81,83
04-19-21,Carter,6452,6,5624,6,828,0,6176,7,38051,25,44227,32,0,156,-15,146,21,6150,0,227,156
04-19-21,Cheatham,4449,3,3403,3,1046,0,3847,3,27635,45,31482,48,0,54,-9,99,12,4296,0,90,54
04-19-21,Chester,2085,0,1504,0,581,0,1794,0,11817,3,13611,3,0,51,-2,5,2,2029,0,41,51
04-19-21,Claiborne,3057,1,1954,0,1103,1,2095,0,24215,8,26310,8,0,73,-10,38,11,2946,0,93,74
04-19-21,Clay,1092,2,750,0,342,2,863,0,5641,1,6504,1,0,31,1,8,1,1053,0,25,30
04-19-21,Cocke,4429,6,2930,0,1499,6,3234,0,22221,8,25455,8,0,98,-3,47,9,4284,0,115,98
04-19-21,Coffee,6813,0,4714,0,2099,0,5768,0,45894,37,51662,37,0,121,-14,62,14,6630,0,124,121
04-19-21,Crockett,2008,3,1209,2,799,1,1410,2,7337,3,8747,5,0,48,3,15,0,1945,0,30,48
04-19-21,Cumberland,6560,10,5417,4,1143,6,6217,5,48690,24,54907,29,1,128,-7,113,16,6319,1,158,129
04-19-21,Davidson,87771,72,82198,55,5573,17,99861,62,992958,2196,1092819,2258,0,924,-95,1187,167,85660,5,1955,926
04-19-21,Decatur,1573,1,1167,0,406,1,1387,0,10980,3,12367,3,0,38,0,4,1,1531,0,39,38
04-19-21,Dekalb,2752,0,2034,0,718,0,2351,0,17075,15,19426,15,0,53,-4,16,4,2683,0,56,53
04-19-21,Dickson,6726,0,4863,0,1863,0,5739,0,35650,23,41389,23,0,109,-25,100,25,6517,0,121,109
04-19-21,Dyer,5355,4,3530,1,1825,3,3986,1,21860,1,25846,2,0,104,2,26,2,5225,1,109,104
04-19-21,Fayette,4906,7,4197,6,709,1,5164,6,37934,40,43098,46,-1,77,0,72,8,4757,0,131,75
04-19-21,Fentress,2382,0,2058,0,324,0,2350,0,13208,3,15558,3,0,46,-4,18,4,2318,0,63,47
04-19-21,Franklin,5077,4,4226,4,851,0,4947,3,38231,208,43178,211,0,88,-1,53,5,4936,0,109,88
04-19-21,Gibson,6381,3,3853,2,2528,1,4667,1,29568,11,34235,12,0,144,-9,39,12,6198,1,113,145
04-19-21,Giles,3944,4,3247,2,697,2,3735,2,22999,20,26734,22,0,99,-3,47,7,3798,0,111,99
04-19-21,Grainger,2591,3,1921,1,670,2,2149,1,14046,9,16195,10,0,49,2,50,1,2492,0,70,50
04-19-21,Greene,7711,1,6126,1,1585,0,6824,2,50138,38,56962,40,0,152,-11,98,12,7461,0,187,152
04-19-21,Grundy,1779,3,1489,2,290,1,1706,2,9134,30,10840,32,0,33,1,17,2,1729,0,62,33
04-19-21,Hamblen,8482,14,5917,3,2565,11,6651,3,46165,22,52816,25,0,171,7,100,7,8211,1,259,171
04-19-21,Hamilton,43382,36,37273,27,6109,9,41794,31,320822,270,362616,301,2,487,-46,499,80,42396,4,1158,487
04-19-21,Hancock,551,2,388,0,163,2,413,0,3870,0,4283,0,0,12,2,16,0,523,0,20,12
04-19-21,Hardeman,3457,0,2791,0,666,0,3263,1,24988,10,28251,11,0,64,-5,16,5,3377,0,102,64
04-19-21,Hardin,3489,0,2367,0,1122,0,2812,0,23366,4,26178,4,0,66,-4,37,4,3386,0,64,66
04-19-21,Hawkins,5777,5,4693,2,1084,3,5033,2,34776,21,39809,23,0,106,-15,114,20,5557,0,149,106
04-19-21,Haywood,2676,0,2243,0,433,0,2561,0,13629,4,16190,4,0,61,0,7,0,2608,0,82,61
04-19-21,Henderson,3727,0,2591,0,1136,0,3239,0,16063,0,19302,0,0,75,-3,46,3,3606,0,78,76
04-19-21,Henry,3114,1,2409,1,705,0,2786,1,17851,16,20637,17,0,75,-1,24,2,3015,0,77,75
04-19-21,Hickman,2803,2,2261,2,542,0,2604,2,16582,14,19186,16,0,46,-1,29,3,2728,1,57,46
04-19-21,Houston,1082,0,816,0,266,0,935,0,10375,5,11310,5,0,33,-2,11,2,1038,0,40,33
04-19-21,Humphreys,1737,2,1112,0,625,2,1298,0,11701,6,12999,6,1,22,-12,68,13,1647,0,34,22
04-19-21,Jackson,1294,1,1013,0,281,1,1183,0,5519,4,6702,4,0,35,1,9,0,1250,0,39,35
04-19-21,Jefferson,6065,8,4169,3,1896,5,4717,4,39155,21,43872,25,2,123,-3,71,9,5871,1,188,123
04-19-21,Johnson,2315,2,2030,2,285,0,2161,2,15390,4,17551,6,0,38,-8,59,10,2218,0,58,38
04-19-21,Knox,50235,65,42080,40,8155,25,46052,38,326386,342,372438,380,0,624,-3,633,68,48978,0,1359,626
04-19-21,Lake,1692,0,1503,0,189,0,1773,0,10061,2,11834,2,0,26,0,0,0,1666,0,25,26
04-19-21,Lauderdale,3134,0,2442,0,692,0,2803,0,21016,13,23819,13,0,44,-1,19,1,3071,0,83,43
04-19-21,Lawrence,5788,4,4517,3,1271,1,4981,5,29282,25,34263,30,0,86,0,68,4,5634,0,148,86
04-19-21,Lewis,1560,4,1172,1,388,3,1269,1,9976,6,11245,7,0,26,1,16,3,1518,0,43,26
04-19-21,Lincoln,4285,0,3315,0,970,0,3770,0,17707,12,21477,12,0,63,-8,26,8,4196,0,83,61
04-19-21,Loudon,6030,1,4628,0,1402,1,5062,0,31305,15,36367,15,0,69,-11,52,12,5909,0,135,69
04-19-21,Macon,3578,3,2774,0,804,3,3260,1,16582,20,19842,21,0,77,-9,41,12,3460,1,127,77
04-19-21,Madison,10776,23,6031,18,4745,5,7312,17,55021,39,62333,56,0,241,13,-275,10,10810,0,337,241
04-19-21,Marion,3095,6,2642,2,453,4,2955,2,19419,67,22374,69,0,46,5,18,1,3031,1,112,46
04-19-21,Marshall,4106,7,3240,4,866,3,3659,3,23126,18,26785,21,0,58,0,49,7,3999,0,91,58
04-19-21,Maury,13217,35,11601,13,1616,22,12816,12,74536,85,87352,97,0,169,2,214,33,12834,0,294,169
04-19-21,McMinn,6357,10,5645,9,712,1,6227,8,42815,10,49042,18,0,97,2,106,8,6154,0,155,98
04-19-21,McNairy,2763,0,1963,0,800,0,2387,0,18128,5,20515,5,0,54,-2,0,2,2709,0,63,54
04-19-21,Meigs,1346,2,1213,2,133,0,1345,3,8078,6,9423,9,1,24,1,21,0,1301,0,42,24
04-19-21,Monroe,5708,2,4504,0,1204,2,5057,0,27376,19,32433,19,0,95,-5,74,7,5539,0,154,95
04-19-21,Montgomery,19621,46,14464,34,5157,12,15891,36,117823,262,133714,298,0,224,-7,450,53,18947,0,304,224
04-19-21,Moore,1000,0,770,0,230,0,869,0,4869,3,5738,3,0,17,-2,10,2,973,0,18,17
04-19-21,Morgan,2455,1,1801,0,654,1,1958,0,15235,1,17193,1,0,39,-5,29,6,2387,0,44,39
04-19-21,Obion,4496,1,3322,0,1174,1,3765,0,22625,11,26390,11,0,96,-1,33,2,4367,0,101,96
04-19-21,Out of State,17307,18,13756,10,3551,8,15578,12,632054,910,647632,922,0,95,-12,203,30,17009,2,210,97
04-19-21,Overton,2970,5,2229,4,741,1,2624,5,15030,9,17654,14,0,61,4,27,1,2882,0,64,61
04-19-21,Pending,16467,14,10635,10,5832,4,11828,11,411797,466,423625,477,1,133,-13,258,26,16076,0,139,132
04-19-21,Perry,1054,0,905,0,149,0,1019,0,6103,0,7122,0,0,28,0,1,0,1025,0,28,28
04-19-21,Pickett,752,1,498,1,254,0,600,1,3923,2,4523,3,0,24,1,2,0,726,0,28,24
04-19-21,Polk,1994,1,1795,1,199,0,1989,1,9506,5,11495,6,0,24,-7,45,8,1925,0,85,24
04-19-21,Putnam,11155,15,9105,10,2050,5,10917,12,72101,60,83018,72,0,173,2,105,13,10877,0,207,173
04-19-21,Rhea,4306,1,3729,1,577,0,4175,2,26864,26,31039,28,0,75,-2,25,3,4206,0,82,75
04-19-21,Roane,6187,3,4777,1,1410,2,5323,1,43188,15,48511,16,0,102,-3,57,6,6028,0,150,102
04-19-21,Robertson,9593,8,7524,7,2069,1,8476,7,43949,63,52425,70,-1,129,-3,114,12,9350,3,427,129
04-19-21,Rutherford,42281,44,36141,33,6140,11,41998,35,240659,325,282657,360,2,422,-41,646,83,41213,1,591,423
04-19-21,Scott,3046,0,1680,0,1366,0,1795,0,11549,5,13344,5,0,45,-3,23,3,2978,0,64,45
04-19-21,Sequatchie,1667,1,1307,1,360,0,1426,1,11854,4,13280,5,0,28,-2,18,3,1621,0,39,29
04-19-21,Sevier,13132,18,11242,3,1890,15,12389,6,67162,44,79551,50,0,175,6,186,12,12771,0,279,175
04-19-21,Shelby,92918,82,86105,65,6813,17,106065,84,989209,1216,1095274,1300,4,1591,-89,1568,167,89759,6,3606,1602
04-19-21,Smith,2741,3,2054,0,687,3,2570,0,13749,9,16319,9,0,38,0,33,3,2670,0,59,39
04-19-21,Stewart,1305,0,989,0,316,0,1120,0,7008,10,8128,10,0,28,-1,9,1,1268,0,26,28
04-19-21,Sullivan,16169,30,14049,22,2120,8,15140,25,89928,132,105068,157,0,287,-22,452,52,15430,0,752,286
04-19-21,Sumner,23448,26,20748,19,2700,7,23480,20,123144,168,146624,188,1,342,-30,383,55,22723,2,710,344
04-19-21,Tipton,7205,3,5016,1,2189,2,6057,3,48176,58,54233,61,-1,103,-1,58,5,7044,1,160,99
04-19-21,Trousdale,2490,0,2333,0,157,0,2501,0,9265,8,11766,8,0,22,-4,11,4,2457,0,41,22
04-19-21,Unicoi,1940,4,1486,3,454,1,1636,3,13373,6,15009,9,0,49,-1,43,5,1848,0,67,49
04-19-21,Union,1865,3,1569,3,296,0,1691,3,10559,6,12250,9,0,34,1,14,2,1817,0,59,34
04-19-21,Van Buren,835,1,691,1,144,0,764,1,5325,1,6089,2,0,21,-3,7,4,807,0,22,23
04-19-21,Warren,5486,1,4670,0,816,1,5306,0,33368,32,38674,32,0,81,-5,27,6,5378,0,82,81
04-19-21,Washington,14138,22,12127,19,2011,3,13345,22,84403,83,97748,105,1,243,-35,378,56,13517,0,359,243
04-19-21,Wayne,2938,0,2365,0,573,0,2603,0,11333,4,13936,4,0,34,0,2,0,2902,0,61,34
04-19-21,Weakley,4022,6,2974,1,1048,5,3407,1,21808,7,25215,8,1,63,-4,47,9,3912,1,71,64
04-19-21,White,3541,5,2890,2,651,3,3533,3,22927,13,26460,16,0,68,-1,40,6,3433,0,111,69
04-19-21,Williamson,27521,22,23185,15,4336,7,25719,20,186457,246,212176,266,0,216,-29,429,51,26876,0,293,216
04-19-21,Wilson,18457,21,16600,21,1857,0,18860,28,107914,333,126774,361,0,229,-25,345,46,17883,0,336,230
04-18-21,Anderson,8580,8,6416,7,2164,1,7203,7,62540,45,69743,52,0,171,1,86,7,8323,0,214,170
04-18-21,Bedford,6413,7,5052,7,1361,0,5812,9,31877,30,37689,39,2,129,-1,117,6,6167,1,135,127
04-18-21,Benton,1626,0,1276,0,350,0,1411,0,9062,11,10473,11,0,40,-3,27,3,1559,0,37,40
04-18-21,Bledsoe,2095,0,1896,0,199,0,2011,0,15835,10,17846,10,0,11,0,13,0,2071,0,32,11
04-18-21,Blount,15121,7,12911,6,2210,1,14267,7,75613,77,89880,84,0,194,-11,168,18,14759,0,347,193
04-18-21,Bradley,14572,24,11914,24,2658,0,13518,28,66804,130,80322,158,0,147,6,359,18,14066,2,632,148
04-18-21,Campbell,4089,0,2248,0,1841,0,2525,0,24971,9,27496,9,0,62,-4,43,4,3984,0,126,63
04-18-21,Cannon,1889,0,1510,0,379,0,1684,1,9350,7,11034,8,0,31,-1,21,1,1837,0,37,31
04-18-21,Carroll,3557,1,2329,1,1228,0,2767,2,19611,6,22378,8,0,82,0,20,1,3455,1,81,83
04-18-21,Carter,6446,3,5618,3,828,0,6169,3,38026,31,44195,34,0,156,-8,161,11,6129,0,227,156
04-18-21,Cheatham,4446,3,3400,3,1046,0,3844,3,27590,34,31434,37,0,54,1,108,2,4284,0,90,54
04-18-21,Chester,2085,0,1504,0,581,0,1794,0,11814,4,13608,4,0,51,0,7,0,2027,0,41,51
04-18-21,Claiborne,3056,2,1954,1,1102,1,2095,1,24207,15,26302,16,0,73,-1,48,3,2935,0,93,74
04-18-21,Clay,1090,0,750,0,340,0,863,0,5640,1,6503,1,0,31,0,7,0,1052,0,25,30
04-18-21,Cocke,4423,1,2930,0,1493,1,3234,0,22213,10,25447,10,0,98,-1,50,2,4275,0,115,98
04-18-21,Coffee,6813,1,4714,1,2099,0,5768,1,45857,22,51625,23,0,121,0,76,1,6616,0,124,121
04-18-21,Crockett,2005,1,1207,1,798,0,1408,1,7334,2,8742,3,0,48,1,12,0,1945,0,30,48
04-18-21,Cumberland,6550,4,5413,4,1137,0,6212,6,48666,41,54878,47,0,127,-6,120,10,6303,0,157,129
04-18-21,Davidson,87699,68,82143,55,5556,13,99799,65,990762,1947,1090561,2012,1,924,4,1282,63,85493,1,1950,926
04-18-21,Decatur,1572,0,1167,0,405,0,1387,0,10977,2,12364,2,0,38,-1,4,1,1530,0,39,38
04-18-21,Dekalb,2752,1,2034,1,718,0,2351,1,17060,11,19411,12,0,53,1,20,0,2679,1,56,53
04-18-21,Dickson,6726,3,4863,3,1863,0,5739,6,35627,34,41366,40,0,109,-2,125,5,6492,0,121,109
04-18-21,Dyer,5351,1,3529,1,1822,0,3985,1,21859,8,25844,9,0,104,-3,24,4,5223,0,108,104
04-18-21,Fayette,4899,2,4191,2,708,0,5158,3,37894,33,43052,36,0,78,-3,72,5,4749,0,131,75
04-18-21,Fentress,2382,3,2058,3,324,0,2350,3,13205,6,15555,9,0,46,2,22,1,2314,0,63,47
04-18-21,Franklin,5073,0,4222,0,851,0,4944,0,38023,14,42967,14,0,88,0,54,0,4931,0,109,88
04-18-21,Gibson,6378,2,3851,2,2527,0,4666,3,29557,20,34223,23,0,144,-6,48,8,6186,0,112,145
04-18-21,Giles,3940,1,3245,1,695,0,3733,1,22979,19,26712,20,1,99,-1,50,1,3791,0,111,99
04-18-21,Grainger,2588,0,1920,0,668,0,2148,0,14037,9,16185,9,0,49,0,48,0,2491,0,70,50
04-18-21,Greene,7710,4,6125,4,1585,0,6822,4,50100,49,56922,53,0,152,-3,109,7,7449,0,187,152
04-18-21,Grundy,1776,0,1487,0,289,0,1704,0,9104,4,10808,4,0,33,-1,16,1,1727,0,62,33
04-18-21,Hamblen,8468,2,5914,1,2554,1,6648,3,46143,18,52791,21,1,171,-3,93,4,8204,1,258,171
04-18-21,Hamilton,43346,38,37246,33,6100,5,41763,36,320552,335,362315,371,2,485,9,545,27,42316,0,1154,487
04-18-21,Hancock,549,0,388,0,161,0,413,0,3870,3,4283,3,0,12,-1,14,1,523,0,20,12
04-18-21,Hardeman,3457,1,2791,1,666,0,3262,1,24978,18,28240,19,0,64,-1,21,2,3372,0,102,64
04-18-21,Hardin,3489,0,2367,0,1122,0,2812,0,23362,14,26174,14,0,66,-5,41,5,3382,0,64,66
04-18-21,Hawkins,5772,3,4691,3,1081,0,5031,3,34755,29,39786,32,0,106,-5,129,8,5537,0,149,106
04-18-21,Haywood,2676,0,2243,0,433,0,2561,0,13625,3,16186,3,0,61,0,7,0,2608,0,82,61
04-18-21,Henderson,3727,0,2591,0,1136,0,3239,0,16063,9,19302,9,0,75,-1,49,1,3603,0,78,76
04-18-21,Henry,3113,1,2408,1,705,0,2785,1,17835,13,20620,14,0,75,-2,25,3,3013,0,77,75
04-18-21,Hickman,2801,2,2259,2,542,0,2602,2,16568,14,19170,16,0,46,-2,30,4,2725,1,56,46
04-18-21,Houston,1082,0,816,0,266,0,935,0,10370,8,11305,8,0,33,-1,13,1,1036,0,40,33
04-18-21,Humphreys,1735,1,1112,1,623,0,1298,3,11695,12,12993,15,0,21,0,80,1,1634,0,34,21
04-18-21,Jackson,1293,0,1013,0,280,0,1183,0,5515,5,6698,5,0,35,-1,8,1,1250,0,39,35
04-18-21,Jefferson,6057,4,4166,2,1891,2,4713,2,39134,45,43847,47,0,121,0,74,4,5862,0,187,123
04-18-21,Johnson,2313,2,2028,2,285,0,2159,2,15386,16,17545,18,0,38,-1,67,3,2208,0,58,38
04-18-21,Knox,50170,37,42040,26,8130,11,46014,31,326044,362,372058,393,0,624,-15,636,52,48910,1,1359,626
04-18-21,Lake,1692,0,1503,0,189,0,1773,0,10059,3,11832,3,0,26,0,0,0,1666,0,25,26
04-18-21,Lauderdale,3134,0,2442,0,692,0,2803,1,21003,7,23806,8,0,44,-1,20,1,3070,0,83,43
04-18-21,Lawrence,5784,1,4514,1,1270,0,4976,1,29257,19,34233,20,0,86,-2,68,3,5630,0,148,86
04-18-21,Lewis,1556,1,1171,1,385,0,1268,1,9970,4,11238,5,0,26,-1,15,2,1515,0,43,26
04-18-21,Lincoln,4285,2,3315,2,970,0,3770,3,17695,15,21465,18,0,63,0,34,2,4188,0,83,61
04-18-21,Loudon,6029,0,4628,0,1401,0,5062,0,31290,23,36352,23,0,69,-6,63,6,5897,0,135,69
04-18-21,Macon,3575,0,2774,0,801,0,3259,0,16562,12,19821,12,0,77,-1,50,1,3448,0,126,77
04-18-21,Madison,10753,1,6013,1,4740,0,7295,3,54982,38,62277,41,0,241,-2,-288,3,10800,0,337,241
04-18-21,Marion,3089,2,2640,2,449,0,2953,2,19352,20,22305,22,0,46,1,13,1,3030,0,111,46
04-18-21,Marshall,4099,1,3236,1,863,0,3656,2,23108,17,26764,19,0,58,-2,49,3,3992,0,91,58
04-18-21,Maury,13182,11,11588,9,1594,2,12804,8,74451,87,87255,95,0,169,-3,212,14,12801,0,294,169
04-18-21,McMinn,6347,5,5636,3,711,2,6219,4,42805,36,49024,40,2,97,-6,104,9,6146,0,155,98
04-18-21,McNairy,2763,0,1963,0,800,0,2387,0,18123,12,20510,12,0,54,-1,2,1,2707,0,63,54
04-18-21,Meigs,1344,0,1211,0,133,0,1342,0,8072,10,9414,10,0,23,-1,20,1,1301,0,42,24
04-18-21,Monroe,5706,2,4504,2,1202,0,5057,3,27357,20,32414,23,0,95,-3,79,5,5532,0,154,95
04-18-21,Montgomery,19575,17,14430,17,5145,0,15855,20,117561,156,133416,176,0,224,-2,457,19,18894,0,304,224
04-18-21,Moore,1000,1,770,0,230,1,869,0,4866,4,5735,4,0,17,1,12,0,971,1,18,17
04-18-21,Morgan,2454,1,1801,1,653,0,1958,1,15234,14,17192,15,0,39,-1,34,2,2381,0,44,39
04-18-21,Obion,4495,0,3322,0,1173,0,3765,0,22614,15,26379,15,0,96,-5,34,5,4365,0,101,96
04-18-21,Out of State,17289,18,13746,9,3543,9,15566,12,631144,442,646710,454,0,95,11,215,7,16979,1,208,96
04-18-21,Overton,2965,1,2225,0,740,1,2619,0,15021,10,17640,10,1,61,0,23,0,2881,0,64,61
04-18-21,Pending,16453,3,10625,3,5828,0,11817,4,411331,370,423148,374,-1,132,-4,271,8,16050,0,139,132
04-18-21,Perry,1054,0,905,0,149,0,1019,0,6103,5,7122,5,0,28,0,1,0,1025,0,28,28
04-18-21,Pickett,751,0,497,0,254,0,599,0,3921,0,4520,0,0,24,0,1,0,726,0,28,24
04-18-21,Polk,1993,0,1794,0,199,0,1988,1,9501,18,11489,19,0,24,-4,52,4,1917,0,85,24
04-18-21,Putnam,11140,2,9095,2,2045,0,10905,2,72041,25,82946,27,0,173,-6,103,8,10864,0,207,173
04-18-21,Rhea,4305,1,3728,1,577,0,4173,1,26838,15,31011,16,0,75,-4,27,5,4203,0,82,75
04-18-21,Roane,6184,5,4776,2,1408,3,5322,2,43173,29,48495,31,0,102,3,60,2,6022,1,150,102
04-18-21,Robertson,9585,1,7517,1,2068,0,8469,1,43886,40,52355,41,0,130,0,117,1,9338,0,424,129
04-18-21,Rutherford,42237,27,36108,18,6129,9,41963,26,240334,265,282297,291,0,420,-18,687,45,41130,0,590,422
04-18-21,Scott,3046,0,1680,0,1366,0,1795,0,11544,5,13339,5,0,45,-6,26,6,2975,0,64,45
04-18-21,Sequatchie,1666,2,1306,0,360,2,1425,0,11850,5,13275,5,0,28,1,20,1,1618,0,39,29
04-18-21,Sevier,13114,9,11239,7,1875,2,12383,8,67118,91,79501,99,1,175,-4,180,12,12759,0,279,175
04-18-21,Shelby,92836,91,86040,84,6796,7,105981,112,987993,1233,1093974,1345,0,1587,7,1657,84,89592,3,3600,1600
04-18-21,Smith,2738,1,2054,1,684,0,2570,1,13740,13,16310,14,0,38,-2,33,3,2667,0,59,39
04-18-21,Stewart,1305,0,989,0,316,0,1120,0,6998,51,8118,51,0,28,-2,10,2,1267,0,26,28
04-18-21,Sullivan,16139,46,14027,45,2112,1,15115,42,89796,138,104911,180,0,287,9,474,37,15378,1,752,286
04-18-21,Sumner,23422,17,20729,16,2693,1,23460,19,122976,156,146436,175,3,341,-7,413,21,22668,1,708,342
04-18-21,Tipton,7202,1,5015,1,2187,0,6054,1,48118,49,54172,50,1,104,-3,59,3,7039,0,159,99
04-18-21,Trousdale,2490,1,2333,1,157,0,2501,1,9257,10,11758,11,0,22,1,15,0,2453,0,41,22
04-18-21,Unicoi,1936,0,1483,0,453,0,1633,0,13367,10,15000,10,0,49,-4,44,4,1843,0,67,49
04-18-21,Union,1862,0,1566,0,296,0,1688,0,10553,16,12241,16,0,34,-2,13,2,1815,0,59,34
04-18-21,Van Buren,834,0,690,0,144,0,763,0,5324,0,6087,0,0,21,0,10,0,803,0,22,21
04-18-21,Warren,5485,2,4670,2,815,0,5306,2,33336,30,38642,32,0,81,1,32,1,5372,0,82,81
04-18-21,Washington,14116,8,12108,8,2008,0,13323,9,84320,107,97643,116,0,242,-22,413,30,13461,0,359,242
04-18-21,Wayne,2938,0,2365,0,573,0,2603,0,11329,6,13932,6,0,34,0,2,0,2902,0,61,34
04-18-21,Weakley,4016,3,2973,3,1043,0,3406,3,21801,7,25207,10,0,62,-3,51,6,3903,0,70,64
04-18-21,White,3536,2,2888,2,648,0,3530,2,22914,16,26444,18,0,68,0,41,2,3427,0,111,69
04-18-21,Williamson,27499,23,23170,19,4329,4,25699,21,186211,230,211910,251,2,216,5,458,16,26825,0,293,216
04-18-21,Wilson,18436,13,16579,12,1857,1,18832,17,107581,159,126413,176,1,229,-5,370,17,17837,0,336,230
04-17-21,Anderson,8572,5,6409,3,2163,2,7196,4,62495,66,69691,70,0,171,0,85,5,8316,0,214,170
04-17-21,Bedford,6406,3,5045,2,1361,1,5803,2,31847,43,37650,45,0,127,-3,118,6,6161,0,134,127
04-17-21,Benton,1626,2,1276,2,350,0,1411,2,9051,5,10462,7,0,40,1,30,1,1556,0,37,40
04-17-21,Bledsoe,2095,0,1896,0,199,0,2011,0,15825,36,17836,36,0,11,-1,13,1,2071,0,32,11
04-17-21,Blount,15114,7,12905,5,2209,2,14260,6,75536,115,89796,121,0,194,-7,179,14,14741,0,347,193
04-17-21,Bradley,14548,20,11890,14,2658,6,13490,16,66674,80,80164,96,0,147,5,353,15,14048,1,630,147
04-17-21,Campbell,4089,1,2248,0,1841,1,2525,0,24962,16,27487,16,0,62,-1,47,2,3980,0,126,63
04-17-21,Cannon,1889,0,1510,0,379,0,1683,1,9343,17,11026,18,0,31,-3,22,3,1836,0,37,31
04-17-21,Carroll,3556,0,2328,0,1228,0,2765,0,19605,13,22370,13,0,82,-2,20,2,3454,0,80,82
04-17-21,Carter,6443,10,5615,10,828,0,6166,10,37995,104,44161,114,0,156,1,169,9,6118,1,227,156
04-17-21,Cheatham,4443,5,3397,4,1046,1,3841,4,27556,33,31397,37,0,54,-2,107,7,4282,0,90,54
04-17-21,Chester,2085,0,1504,0,581,0,1794,0,11810,6,13604,6,0,51,-1,7,1,2027,0,41,51
04-17-21,Claiborne,3054,4,1953,2,1101,2,2094,2,24192,36,26286,38,0,73,2,49,2,2932,0,93,73
04-17-21,Clay,1090,1,750,1,340,0,863,1,5639,4,6502,5,0,31,0,7,1,1052,0,25,30
04-17-21,Cocke,4422,2,2930,2,1492,0,3234,2,22203,9,25437,11,0,98,-1,51,3,4273,0,115,98
04-17-21,Coffee,6812,4,4713,2,2099,2,5767,1,45835,45,51602,46,0,121,0,76,4,6615,1,124,121
04-17-21,Crockett,2004,0,1206,0,798,0,1407,0,7332,4,8739,4,0,48,0,11,0,1945,0,30,48
04-17-21,Cumberland,6546,6,5409,6,1137,0,6206,6,48625,106,54831,112,0,127,-3,126,9,6293,0,157,129
04-17-21,Davidson,87631,91,82088,80,5543,11,99734,95,988815,2498,1088549,2593,0,923,18,1278,73,85430,0,1949,926
04-17-21,Decatur,1572,0,1167,0,405,0,1387,0,10975,4,12362,4,0,38,-2,5,2,1529,0,39,38
04-17-21,Dekalb,2751,3,2033,3,718,0,2350,3,17049,16,19399,19,0,53,3,19,0,2679,0,55,53
04-17-21,Dickson,6723,1,4860,1,1863,0,5733,2,35593,51,41326,53,0,109,-7,127,8,6487,0,121,109
04-17-21,Dyer,5350,0,3528,0,1822,0,3984,0,21851,14,25835,14,0,104,0,27,0,5219,0,108,104
04-17-21,Fayette,4897,3,4189,3,708,0,5155,3,37861,67,43016,70,1,78,-2,75,4,4744,0,131,75
04-17-21,Fentress,2379,0,2055,0,324,0,2347,0,13199,3,15546,3,0,46,0,20,0,2313,0,63,47
04-17-21,Franklin,5073,2,4222,1,851,1,4944,1,38009,23,42953,24,0,88,-2,54,4,4931,0,109,88
04-17-21,Gibson,6376,8,3849,7,2527,1,4663,8,29537,32,34200,40,0,144,2,54,6,6178,0,112,145
04-17-21,Giles,3939,0,3244,0,695,0,3732,0,22960,17,26692,17,0,98,-5,51,5,3790,0,111,99
04-17-21,Grainger,2588,3,1920,1,668,2,2148,1,14028,17,16176,18,0,49,0,48,3,2491,0,70,50
04-17-21,Greene,7706,3,6121,3,1585,0,6818,4,50051,72,56869,76,0,152,-7,112,10,7442,0,187,152
04-17-21,Grundy,1776,1,1487,1,289,0,1704,1,9100,10,10804,11,0,33,0,17,1,1726,1,62,33
04-17-21,Hamblen,8466,8,5913,5,2553,3,6645,5,46125,39,52770,44,0,170,6,96,2,8200,1,257,171
04-17-21,Hamilton,43308,26,37213,17,6095,9,41727,22,320217,354,361944,376,0,483,-6,536,32,42289,0,1154,486
04-17-21,Hancock,549,0,388,0,161,0,413,0,3867,3,4280,3,0,12,0,15,0,522,0,20,12
04-17-21,Hardeman,3456,1,2790,1,666,0,3261,1,24960,31,28221,32,0,64,1,22,0,3370,0,102,64
04-17-21,Hardin,3489,0,2367,0,1122,0,2812,0,23348,31,26160,31,0,66,-3,46,3,3377,0,64,66
04-17-21,Hawkins,5769,2,4688,2,1081,0,5028,3,34726,60,39754,63,0,106,-8,134,10,5529,0,149,106
04-17-21,Haywood,2676,1,2243,1,433,0,2561,1,13622,5,16183,6,0,61,1,7,0,2608,0,82,61
04-17-21,Henderson,3727,1,2591,1,1136,0,3239,1,16054,13,19293,14,0,75,-3,50,4,3602,0,78,76
04-17-21,Henry,3112,2,2407,2,705,0,2784,2,17822,12,20606,14,0,75,-2,27,4,3010,0,77,75
04-17-21,Hickman,2799,2,2257,1,542,1,2600,1,16554,23,19154,24,0,46,2,32,0,2721,0,55,46
04-17-21,Houston,1082,0,816,0,266,0,935,0,10362,4,11297,4,0,33,0,14,0,1035,0,40,33
04-17-21,Humphreys,1734,1,1111,1,623,0,1295,2,11683,21,12978,23,0,21,-4,80,5,1633,0,34,21
04-17-21,Jackson,1293,2,1013,2,280,0,1183,2,5510,5,6693,7,0,35,2,9,0,1249,0,39,35
04-17-21,Jefferson,6053,2,4164,0,1889,2,4711,2,39089,41,43800,43,0,121,-6,74,8,5858,0,187,123
04-17-21,Johnson,2311,4,2026,4,285,0,2157,4,15370,21,17527,25,0,38,-3,68,7,2205,0,58,38
04-17-21,Knox,50133,36,42014,17,8119,19,45983,22,325682,333,371665,355,0,624,-24,651,60,48858,1,1358,625
04-17-21,Lake,1692,0,1503,0,189,0,1773,0,10056,3,11829,3,0,26,0,0,0,1666,0,25,26
04-17-21,Lauderdale,3134,0,2442,0,692,0,2802,0,20996,21,23798,21,0,44,-1,21,1,3069,0,83,43
04-17-21,Lawrence,5783,4,4513,4,1270,0,4975,4,29238,42,34213,46,0,86,2,70,2,5627,0,148,86
04-17-21,Lewis,1555,0,1170,0,385,0,1267,0,9966,6,11233,6,0,26,-2,16,2,1513,0,43,26
04-17-21,Lincoln,4283,4,3313,4,970,0,3767,3,17680,16,21447,19,0,63,0,34,4,4186,0,83,61
04-17-21,Loudon,6029,2,4628,1,1401,1,5062,2,31267,19,36329,21,0,69,-4,69,6,5891,0,135,69
04-17-21,Macon,3575,1,2774,1,801,0,3259,1,16550,35,19809,36,0,77,-1,51,2,3447,0,126,77
04-17-21,Madison,10752,4,6012,4,4740,0,7292,5,54944,68,62236,73,0,241,-1,-286,5,10797,0,337,241
04-17-21,Marion,3087,1,2638,1,449,0,2951,1,19332,14,22283,15,0,46,0,12,1,3029,0,111,46
04-17-21,Marshall,4098,3,3235,2,863,1,3654,1,23091,17,26745,18,0,58,-3,51,6,3989,1,91,58
04-17-21,Maury,13171,11,11579,10,1592,1,12796,11,74364,77,87160,88,0,169,1,215,10,12787,1,294,168
04-17-21,McMinn,6342,5,5633,4,709,1,6215,3,42769,42,48984,45,0,95,1,110,4,6137,0,155,98
04-17-21,McNairy,2763,0,1963,0,800,0,2387,0,18111,10,20498,10,0,54,0,3,0,2706,0,63,54
04-17-21,Meigs,1344,1,1211,1,133,0,1342,1,8062,7,9404,8,0,23,1,21,0,1300,0,42,24
04-17-21,Monroe,5704,2,4502,2,1202,0,5054,2,27337,25,32391,27,0,95,-7,82,9,5527,0,154,95
04-17-21,Montgomery,19558,30,14413,26,5145,4,15835,26,117405,223,133240,249,0,224,-8,459,38,18875,1,304,224
04-17-21,Moore,999,1,770,1,229,0,869,1,4862,2,5731,3,0,17,1,11,0,971,0,17,17
04-17-21,Morgan,2453,1,1800,1,653,0,1957,1,15220,8,17177,9,0,39,-1,35,2,2379,0,44,39
04-17-21,Obion,4495,1,3322,1,1173,0,3765,2,22599,29,26364,31,0,96,-2,39,3,4360,0,101,96
04-17-21,Out of State,17271,12,13737,9,3534,3,15554,9,630702,759,646256,768,0,95,0,204,12,16972,0,207,96
04-17-21,Overton,2964,0,2225,0,739,0,2619,0,15011,10,17630,10,0,60,-2,23,2,2881,0,64,61
04-17-21,Pending,16450,4,10622,3,5828,1,11813,4,410961,603,422774,607,-1,133,-10,275,15,16042,0,139,132
04-17-21,Perry,1054,0,905,0,149,0,1019,0,6098,5,7117,5,0,28,0,1,0,1025,0,28,28
04-17-21,Pickett,751,0,497,0,254,0,599,0,3921,3,4520,3,0,24,0,1,0,726,0,28,24
04-17-21,Polk,1993,6,1794,4,199,2,1987,4,9483,13,11470,17,0,24,5,56,1,1913,0,85,24
04-17-21,Putnam,11138,1,9093,1,2045,0,10903,1,72016,30,82919,31,0,173,-4,109,5,10856,0,207,173
04-17-21,Rhea,4304,1,3727,1,577,0,4172,1,26823,42,30995,43,0,75,-2,31,3,4198,0,82,75
04-17-21,Roane,6179,0,4774,0,1405,0,5320,1,43144,40,48464,41,0,102,-2,57,2,6020,0,149,102
04-17-21,Robertson,9584,9,7516,8,2068,1,8468,8,43846,76,52314,84,0,130,0,117,9,9337,0,424,129
04-17-21,Rutherford,42210,60,36090,36,6120,24,41937,42,240069,474,282006,516,0,420,14,705,46,41085,0,590,422
04-17-21,Scott,3046,1,1680,1,1366,0,1795,1,11539,11,13334,12,0,45,-5,32,6,2969,0,64,45
04-17-21,Sequatchie,1664,0,1306,0,358,0,1425,0,11845,11,13270,11,0,28,-2,19,2,1617,0,39,29
04-17-21,Sevier,13105,6,11232,4,1873,2,12375,4,67027,76,79402,80,0,174,-1,184,7,12747,0,279,175
04-17-21,Shelby,92745,156,85956,142,6789,14,105869,174,986760,2357,1092629,2531,-1,1587,73,1650,84,89508,6,3597,1598
04-17-21,Smith,2737,1,2053,1,684,0,2569,1,13727,14,16296,15,0,38,0,35,1,2664,0,59,38
04-17-21,Stewart,1305,0,989,0,316,0,1120,0,6947,10,8067,10,0,28,0,12,0,1265,0,26,28
04-17-21,Sullivan,16093,19,13982,19,2111,0,15073,22,89658,265,104731,287,0,287,0,465,19,15341,0,751,286
04-17-21,Sumner,23405,19,20713,15,2692,4,23441,22,122820,263,146261,285,0,338,-8,420,27,22647,1,707,342
04-17-21,Tipton,7201,6,5014,6,2187,0,6053,6,48069,78,54122,84,1,103,-4,62,9,7036,0,159,99
04-17-21,Trousdale,2489,0,2332,0,157,0,2500,0,9247,8,11747,8,0,22,-3,14,3,2453,0,41,22
04-17-21,Unicoi,1936,0,1483,0,453,0,1633,0,13357,10,14990,10,0,49,-5,48,5,1839,0,67,49
04-17-21,Union,1862,3,1566,2,296,1,1688,2,10537,7,12225,9,0,34,0,15,3,1813,1,59,34
04-17-21,Van Buren,834,0,690,0,144,0,763,0,5324,2,6087,2,0,21,-1,10,1,803,0,22,21
04-17-21,Warren,5483,0,4668,0,815,0,5304,0,33306,29,38610,29,0,81,-1,31,1,5371,0,82,81
04-17-21,Washington,14108,15,12100,15,2008,0,13314,17,84213,145,97527,162,0,242,-11,435,26,13431,0,359,241
04-17-21,Wayne,2938,0,2365,0,573,0,2603,0,11323,4,13926,4,0,34,0,2,0,2902,0,61,34
04-17-21,Weakley,4013,2,2970,2,1043,0,3403,4,21794,25,25197,29,0,62,-3,54,5,3897,0,70,63
04-17-21,White,3534,0,2886,0,648,0,3528,0,22898,20,26426,20,0,68,-1,41,1,3425,0,111,69
04-17-21,Williamson,27476,20,23151,19,4325,1,25678,18,185981,311,211659,329,0,214,-17,453,37,26809,0,293,216
04-17-21,Wilson,18423,20,16567,16,1856,4,18815,21,107422,213,126237,234,1,228,1,375,18,17820,0,336,230
04-16-21,Anderson,8567,14,6406,12,2161,2,7192,14,62429,152,69621,166,0,171,6,85,8,8311,0,214,170
04-16-21,Bedford,6403,10,5043,10,1360,0,5801,12,31804,83,37605,95,0,127,3,121,7,6155,0,134,127
04-16-21,Benton,1624,0,1274,0,350,0,1409,0,9046,23,10455,23,0,40,-3,29,3,1555,0,37,40
04-16-21,Bledsoe,2095,3,1896,3,199,0,2011,3,15789,23,17800,26,0,11,-1,14,4,2070,0,32,11
04-16-21,Blount,15107,197,12900,193,2207,4,14254,258,75421,1361,89675,1619,0,194,185,186,12,14727,2,347,193
04-16-21,Bradley,14528,39,11876,33,2652,6,13474,37,66594,261,80068,298,0,147,16,348,23,14033,7,629,147
04-16-21,Campbell,4088,11,2248,3,1840,8,2525,3,24946,38,27471,41,0,62,6,48,5,3978,0,126,63
04-16-21,Cannon,1889,1,1510,1,379,0,1682,1,9326,22,11008,23,0,31,-3,25,4,1833,0,37,31
04-16-21,Carroll,3556,3,2328,1,1228,2,2765,1,19592,59,22357,60,0,82,2,22,1,3452,0,80,82
04-16-21,Carter,6433,9,5605,9,828,0,6156,11,37891,137,44047,148,0,156,-5,168,14,6109,0,226,156
04-16-21,Cheatham,4438,18,3393,18,1045,0,3837,19,27523,136,31360,155,0,54,10,109,8,4275,0,90,54
04-16-21,Chester,2085,1,1504,1,581,0,1794,2,11804,5,13598,7,0,51,-1,8,2,2026,0,41,51
04-16-21,Claiborne,3050,2,1951,1,1099,1,2092,1,24156,97,26248,98,0,73,-2,47,4,2930,1,93,73
04-16-21,Clay,1089,0,749,0,340,0,862,0,5635,4,6497,4,0,31,0,7,0,1051,0,25,30
04-16-21,Cocke,4420,3,2928,2,1492,1,3232,3,22194,44,25426,47,0,98,-2,52,5,4270,0,115,98
04-16-21,Coffee,6808,5,4711,5,2097,0,5766,7,45790,85,51556,92,0,121,-5,76,10,6611,0,123,121
04-16-21,Crockett,2004,0,1206,0,798,0,1407,0,7328,5,8735,5,0,48,0,11,0,1945,0,30,48
04-16-21,Cumberland,6540,4,5403,3,1137,1,6200,10,48519,59,54719,69,0,127,-3,129,7,6284,0,157,129
04-16-21,Davidson,87540,562,82008,550,5532,12,99639,668,986317,4232,1085956,4900,0,923,463,1260,99,85357,0,1949,926
04-16-21,Decatur,1572,0,1167,0,405,0,1387,0,10971,16,12358,16,0,38,0,7,0,1527,0,39,38
04-16-21,Dekalb,2748,3,2030,3,718,0,2347,3,17033,37,19380,40,0,53,3,16,0,2679,0,55,53
04-16-21,Dickson,6722,10,4859,9,1863,1,5731,9,35542,99,41273,108,0,109,1,134,9,6479,1,121,109
04-16-21,Dyer,5350,2,3528,0,1822,2,3984,0,21837,32,25821,32,0,104,-4,27,6,5219,0,108,104
04-16-21,Fayette,4894,6,4186,6,708,0,5152,7,37794,84,42946,91,0,77,3,77,3,4740,0,131,75
04-16-21,Fentress,2379,1,2055,1,324,0,2347,1,13196,15,15543,16,0,46,1,20,0,2313,0,63,46
04-16-21,Franklin,5071,1,4221,1,850,0,4943,1,37986,33,42929,34,0,88,-3,56,4,4927,0,109,88
04-16-21,Gibson,6368,6,3842,4,2526,2,4655,4,29505,44,34160,48,0,144,2,52,4,6172,0,112,145
04-16-21,Giles,3939,15,3244,14,695,1,3732,18,22943,68,26675,86,0,98,10,56,5,3785,0,111,98
04-16-21,Grainger,2585,8,1919,7,666,1,2147,6,14011,39,16158,45,0,49,7,48,1,2488,0,70,50
04-16-21,Greene,7703,19,6118,17,1585,2,6814,17,49979,124,56793,141,0,152,8,119,11,7432,0,187,152
04-16-21,Grundy,1775,6,1486,6,289,0,1703,7,9090,15,10793,22,1,33,5,17,0,1725,0,61,33
04-16-21,Hamblen,8458,14,5908,10,2550,4,6640,9,46086,92,52726,101,0,170,8,90,6,8198,0,256,171
04-16-21,Hamilton,43282,88,37196,76,6086,12,41705,175,319863,1440,361568,1615,2,483,40,542,46,42257,2,1154,486
04-16-21,Hancock,549,2,388,0,161,2,413,0,3864,9,4277,9,0,12,1,15,1,522,0,20,12
04-16-21,Hardeman,3455,3,2789,2,666,1,3260,4,24929,33,28189,37,1,64,-1,21,3,3370,1,102,64
04-16-21,Hardin,3489,6,2367,6,1122,0,2812,8,23317,36,26129,44,0,66,4,49,2,3374,0,64,66
04-16-21,Hawkins,5767,15,4686,13,1081,2,5025,15,34666,86,39691,101,0,106,9,142,6,5519,0,149,106
04-16-21,Haywood,2675,0,2242,0,433,0,2560,0,13617,17,16177,17,0,61,-1,6,1,2608,0,82,61
04-16-21,Henderson,3726,7,2590,7,1136,0,3238,7,16041,30,19279,37,0,75,5,53,2,3598,0,78,76
04-16-21,Henry,3110,4,2405,3,705,1,2782,3,17810,29,20592,32,0,75,3,29,1,3006,1,77,75
04-16-21,Hickman,2797,4,2256,4,541,0,2599,4,16531,26,19130,30,1,46,-2,30,5,2721,0,55,46
04-16-21,Houston,1082,1,816,1,266,0,935,2,10358,21,11293,23,0,33,-1,14,2,1035,0,40,33
04-16-21,Humphreys,1733,3,1110,3,623,0,1293,4,11662,24,12955,28,0,21,-2,84,5,1628,0,34,21
04-16-21,Jackson,1291,1,1011,1,280,0,1181,1,5505,15,6686,16,0,35,1,7,0,1249,0,39,35
04-16-21,Jefferson,6051,11,4164,8,1887,3,4709,9,39048,60,43757,69,0,121,3,80,8,5850,0,187,122
04-16-21,Johnson,2307,8,2022,8,285,0,2153,9,15349,42,17502,51,0,38,7,71,1,2198,0,58,38
04-16-21,Knox,50097,347,41997,331,8100,16,45961,377,325349,2101,371310,2478,1,624,284,675,62,48798,4,1357,625
04-16-21,Lake,1692,0,1503,0,189,0,1773,0,10053,5,11826,5,0,26,-1,0,1,1666,0,25,26
04-16-21,Lauderdale,3134,3,2442,3,692,0,2802,3,20975,29,23777,32,0,44,0,22,3,3068,0,83,43
04-16-21,Lawrence,5779,16,4509,10,1270,6,4971,11,29196,70,34167,81,0,86,10,68,6,5625,0,148,86
04-16-21,Lewis,1555,0,1170,0,385,0,1267,1,9960,11,11227,12,0,26,-1,18,1,1511,0,43,26
04-16-21,Lincoln,4279,7,3309,7,970,0,3764,8,17664,60,21428,68,0,63,2,34,5,4182,0,83,61
04-16-21,Loudon,6027,13,4627,13,1400,0,5060,13,31248,100,36308,113,0,69,7,73,6,5885,0,135,69
04-16-21,Macon,3574,4,2773,3,801,1,3258,4,16515,53,19773,57,1,77,1,52,2,3445,1,126,77
04-16-21,Madison,10748,13,6008,9,4740,4,7287,9,54876,76,62163,85,1,241,7,-285,5,10792,0,337,241
04-16-21,Marion,3086,11,2637,11,449,0,2950,23,19318,107,22268,130,0,46,10,12,1,3028,0,111,46
04-16-21,Marshall,4095,5,3233,4,862,1,3653,5,23074,66,26727,71,0,58,3,54,2,3983,0,90,58
04-16-21,Maury,13160,168,11569,168,1591,0,12785,187,74287,825,87072,1012,1,169,144,214,23,12777,1,293,168
04-16-21,McMinn,6337,11,5629,9,708,2,6212,11,42727,59,48939,70,0,95,6,109,5,6133,0,155,98
04-16-21,McNairy,2763,1,1963,1,800,0,2387,2,18101,34,20488,36,0,54,0,3,1,2706,0,63,54
04-16-21,Meigs,1343,3,1210,1,133,2,1341,1,8055,8,9396,9,0,23,3,20,0,1300,0,42,24
04-16-21,Monroe,5702,7,4500,6,1202,1,5052,6,27312,75,32364,81,0,95,-2,89,9,5518,0,154,95
04-16-21,Montgomery,19528,496,14387,483,5141,13,15809,530,117182,2300,132991,2830,0,224,466,467,30,18837,0,303,224
04-16-21,Moore,998,2,769,1,229,1,868,1,4860,8,5728,9,0,17,2,10,0,971,1,17,17
04-16-21,Morgan,2452,2,1799,1,653,1,1956,1,15212,21,17168,22,0,39,0,36,2,2377,0,44,39
04-16-21,Obion,4494,1,3321,1,1173,0,3763,2,22570,34,26333,36,0,96,-1,41,2,4357,0,101,96
04-16-21,Out of State,17259,20,13728,14,3531,6,15545,25,629943,1511,645488,1536,-3,95,5,204,18,16960,0,207,96
04-16-21,Overton,2964,4,2225,3,739,1,2619,4,15001,29,17620,33,0,60,2,25,2,2879,0,64,61
04-16-21,Pending,16446,133,10619,126,5827,7,11809,145,410358,2149,422167,2294,0,134,120,285,13,16027,0,139,131
04-16-21,Perry,1054,0,905,0,149,0,1019,0,6093,9,7112,9,0,28,0,1,0,1025,0,28,28
04-16-21,Pickett,751,0,497,0,254,0,599,0,3918,32,4517,32,0,24,0,1,0,726,0,28,24
04-16-21,Polk,1987,5,1790,5,197,0,1983,6,9470,25,11453,31,0,24,3,51,2,1912,1,85,24
04-16-21,Putnam,11137,16,9092,16,2045,0,10902,20,71986,141,82888,161,0,173,7,113,9,10851,0,207,173
04-16-21,Rhea,4303,7,3726,7,577,0,4171,8,26781,54,30952,62,0,75,4,33,3,4195,0,82,75
04-16-21,Roane,6179,12,4774,11,1405,1,5319,12,43104,80,48423,92,0,102,11,59,1,6018,0,149,102
04-16-21,Robertson,9575,31,7508,24,2067,7,8460,27,43770,148,52230,175,3,130,16,117,12,9328,0,424,129
04-16-21,Rutherford,42150,409,36054,390,6096,19,41895,447,239595,2356,281490,2803,0,420,348,691,61,41039,0,590,421
04-16-21,Scott,3045,0,1679,0,1366,0,1794,0,11528,39,13322,39,0,45,-3,37,3,2963,0,64,45
04-16-21,Sequatchie,1664,2,1306,2,358,0,1425,2,11834,20,13259,22,0,28,-3,21,5,1615,1,39,29
04-16-21,Sevier,13099,33,11228,23,1871,10,12371,26,66951,164,79322,190,0,174,19,185,14,12740,0,279,175
04-16-21,Shelby,92589,146,85814,123,6775,23,105695,154,984403,2812,1090098,2966,3,1588,47,1577,96,89424,6,3591,1597
04-16-21,Smith,2736,4,2052,4,684,0,2568,5,13713,41,16281,46,0,38,1,35,3,2663,0,59,38
04-16-21,Stewart,1305,8,989,7,316,1,1120,10,6937,38,8057,48,0,28,7,12,1,1265,0,26,28
04-16-21,Sullivan,16074,46,13963,44,2111,2,15051,42,89393,303,104444,345,0,287,4,465,42,15322,3,751,286
04-16-21,Sumner,23386,304,20698,296,2688,8,23419,340,122557,1207,145976,1547,-1,338,265,428,40,22620,2,706,340
04-16-21,Tipton,7195,5,5008,3,2187,2,6047,3,47991,111,54038,114,0,102,3,66,2,7027,0,159,99
04-16-21,Trousdale,2489,4,2332,4,157,0,2500,5,9239,21,11739,26,0,22,4,17,0,2450,0,41,22
04-16-21,Unicoi,1936,4,1483,4,453,0,1633,4,13347,32,14980,36,0,49,-1,53,5,1834,0,67,49
04-16-21,Union,1859,2,1564,2,295,0,1686,2,10530,20,12216,22,0,34,-2,15,4,1810,0,58,34
04-16-21,Van Buren,834,0,690,0,144,0,763,0,5322,7,6085,7,0,21,-1,11,1,802,0,22,21
04-16-21,Warren,5483,4,4668,4,815,0,5304,4,33277,71,38581,75,0,81,-1,32,5,5370,0,82,81
04-16-21,Washington,14093,32,12085,32,2008,0,13297,32,84068,267,97365,299,0,242,2,446,30,13405,0,359,241
04-16-21,Wayne,2938,2,2365,2,573,0,2603,2,11319,9,13922,11,0,34,0,2,2,2902,0,61,34
04-16-21,Weakley,4011,3,2968,3,1043,0,3399,4,21769,20,25168,24,0,62,0,57,3,3892,1,70,63
04-16-21,White,3534,2,2886,2,648,0,3528,3,22878,29,26406,32,0,68,-2,42,4,3424,0,111,69
04-16-21,Williamson,27456,274,23132,266,4324,8,25660,301,185670,1707,211330,2008,0,214,236,470,38,26772,0,293,215
04-16-21,Wilson,18403,466,16551,459,1852,7,18794,494,107209,1959,126003,2453,3,227,439,374,24,17802,1,336,229
04-15-21,Anderson,8553,9,6394,5,2159,4,7178,5,62277,81,69455,86,0,171,5,79,4,8303,0,214,170
04-15-21,Bedford,6393,16,5033,11,1360,5,5789,12,31721,61,37510,73,1,127,0,118,15,6148,1,134,126
04-15-21,Benton,1624,1,1274,0,350,1,1409,0,9023,6,10432,6,0,40,-5,32,6,1552,0,37,40
04-15-21,Bledsoe,2092,2,1893,2,199,0,2008,2,15766,14,17774,16,0,11,0,15,2,2066,0,32,11
04-15-21,Blount,14910,23,12707,17,2203,6,13996,17,74060,147,88056,164,0,194,2,1,21,14715,2,345,193
04-15-21,Bradley,14489,47,11843,32,2646,15,13437,38,66333,175,79770,213,0,147,13,332,34,14010,3,622,147
04-15-21,Campbell,4077,2,2245,2,1832,0,2522,2,24908,18,27430,20,0,62,-6,42,8,3973,0,126,63
04-15-21,Cannon,1888,3,1509,2,379,1,1681,2,9304,28,10985,30,0,31,1,28,2,1829,0,37,31
04-15-21,Carroll,3553,2,2327,1,1226,1,2764,1,19533,21,22297,22,0,82,-2,20,4,3451,0,80,82
04-15-21,Carter,6424,14,5596,8,828,6,6145,10,37754,65,43899,75,0,156,8,173,6,6095,0,226,156
04-15-21,Cheatham,4420,7,3375,5,1045,2,3818,6,27387,69,31205,75,1,54,-2,99,8,4267,0,90,54
04-15-21,Chester,2084,1,1503,1,581,0,1792,2,11799,71,13591,73,0,51,1,9,0,2024,0,41,51
04-15-21,Claiborne,3048,7,1950,1,1098,6,2091,1,24059,29,26150,30,0,73,2,49,5,2926,0,92,73
04-15-21,Clay,1089,0,749,0,340,0,862,0,5631,4,6493,4,0,31,-1,7,1,1051,0,25,30
04-15-21,Cocke,4417,2,2926,1,1491,1,3229,1,22150,39,25379,40,0,98,-1,54,3,4265,0,115,98
04-15-21,Coffee,6803,3,4706,3,2097,0,5759,3,45705,46,51464,49,0,121,-7,81,10,6601,1,123,121
04-15-21,Crockett,2004,2,1206,1,798,1,1407,1,7323,9,8730,10,0,48,2,11,0,1945,0,30,48
04-15-21,Cumberland,6536,18,5400,9,1136,9,6190,11,48460,107,54650,118,0,127,4,132,14,6277,1,157,129
04-15-21,Davidson,86978,120,81458,103,5520,17,98971,111,982085,4476,1081056,4587,-1,923,-25,797,146,85258,1,1949,926
04-15-21,Decatur,1572,1,1167,0,405,1,1387,0,10955,3,12342,3,0,38,-1,7,2,1527,0,39,38
04-15-21,Dekalb,2745,2,2027,1,718,1,2344,1,16996,19,19340,20,0,53,1,13,1,2679,0,55,53
04-15-21,Dickson,6712,17,4850,13,1862,4,5722,12,35443,69,41165,81,0,109,0,133,17,6470,1,120,109
04-15-21,Dyer,5348,6,3528,1,1820,5,3984,1,21805,33,25789,34,0,104,5,31,1,5213,0,108,104
04-15-21,Fayette,4888,13,4180,4,708,9,5145,9,37710,62,42855,71,-1,77,8,74,6,4737,0,131,75
04-15-21,Fentress,2378,3,2054,3,324,0,2346,3,13181,7,15527,10,0,46,0,19,3,2313,0,63,46
04-15-21,Franklin,5070,8,4220,7,850,1,4942,7,37953,31,42895,38,0,88,6,59,2,4923,1,109,88
04-15-21,Gibson,6362,4,3838,2,2524,2,4651,3,29461,75,34112,78,0,144,1,50,3,6168,1,112,144
04-15-21,Giles,3924,2,3230,1,694,1,3714,2,22875,28,26589,30,0,98,-7,46,9,3780,0,111,98
04-15-21,Grainger,2577,6,1912,4,665,2,2141,4,13972,3,16113,7,0,49,3,41,3,2487,1,70,50
04-15-21,Greene,7684,12,6101,10,1583,2,6797,8,49855,169,56652,177,0,152,-6,111,18,7421,0,187,152
04-15-21,Grundy,1769,1,1480,1,289,0,1696,1,9075,11,10771,12,0,32,-2,12,3,1725,0,61,33
04-15-21,Hamblen,8444,9,5898,1,2546,8,6631,2,45994,37,52625,39,0,170,-2,82,11,8192,0,256,171
04-15-21,Hamilton,43194,92,37120,58,6074,34,41530,63,318423,583,359953,646,1,481,43,502,48,42211,1,1152,486
04-15-21,Hancock,547,1,388,1,159,0,413,0,3855,2,4268,2,0,12,1,14,0,521,0,20,12
04-15-21,Hardeman,3452,2,2787,1,665,1,3256,1,24896,97,28152,98,0,63,-3,22,5,3367,0,101,64
04-15-21,Hardin,3483,4,2361,1,1122,3,2804,1,23281,36,26085,37,0,66,-2,45,6,3372,0,64,66
04-15-21,Hawkins,5752,10,4673,10,1079,0,5010,6,34580,63,39590,69,0,106,-2,133,12,5513,0,149,106
04-15-21,Haywood,2675,2,2242,0,433,2,2560,0,13600,11,16160,11,0,61,0,7,2,2607,1,82,61
04-15-21,Henderson,3719,2,2583,2,1136,0,3231,2,16011,19,19242,21,0,75,2,48,0,3596,0,78,76
04-15-21,Henry,3106,0,2402,0,704,0,2779,0,17781,28,20560,28,0,75,-2,26,2,3005,0,76,75
04-15-21,Hickman,2793,2,2252,2,541,0,2595,2,16505,21,19100,23,0,45,-1,32,3,2716,0,55,46
04-15-21,Houston,1081,0,815,0,266,0,933,0,10337,212,11270,212,0,33,0,15,0,1033,0,40,33
04-15-21,Humphreys,1730,9,1107,7,623,2,1289,6,11638,22,12927,28,0,21,6,86,3,1623,0,34,21
04-15-21,Jackson,1290,2,1010,2,280,0,1180,2,5490,8,6670,10,0,35,2,6,0,1249,0,39,35
04-15-21,Jefferson,6040,8,4156,3,1884,5,4700,2,38988,54,43688,56,0,121,0,77,8,5842,2,187,122
04-15-21,Johnson,2299,5,2014,5,285,0,2144,9,15307,83,17451,92,0,38,2,64,3,2197,0,58,38
04-15-21,Knox,49750,86,41666,54,8084,32,45584,55,323248,576,368832,631,1,623,15,391,70,48736,0,1353,624
04-15-21,Lake,1692,0,1503,0,189,0,1773,0,10048,1,11821,1,0,26,0,1,0,1665,0,25,26
04-15-21,Lauderdale,3131,2,2439,0,692,2,2799,0,20946,18,23745,18,0,44,2,22,0,3065,0,83,43
04-15-21,Lawrence,5763,10,4499,5,1264,5,4960,6,29126,29,34086,35,0,86,1,58,9,5619,0,148,86
04-15-21,Lewis,1555,1,1170,0,385,1,1266,0,9949,8,11215,8,0,26,-1,19,2,1510,0,43,26
04-15-21,Lincoln,4272,2,3302,0,970,2,3756,0,17604,22,21360,22,0,63,0,32,2,4177,0,83,61
04-15-21,Loudon,6014,5,4614,4,1400,1,5047,4,31148,40,36195,44,0,69,0,66,5,5879,0,135,69
04-15-21,Macon,3570,5,2770,4,800,1,3254,4,16462,31,19716,35,0,76,-5,51,10,3443,0,125,76
04-15-21,Madison,10735,31,5999,19,4736,12,7278,18,54800,102,62078,120,0,240,26,-292,5,10787,0,337,241
04-15-21,Marion,3075,1,2626,1,449,0,2927,2,19211,16,22138,18,0,46,1,2,0,3027,0,111,46
04-15-21,Marshall,4090,5,3229,1,861,4,3648,1,23008,28,26656,29,0,58,4,51,1,3981,0,90,58
04-15-21,Maury,12992,12,11401,10,1591,2,12598,12,73462,119,86060,131,0,168,-12,70,24,12754,0,292,168
04-15-21,McMinn,6326,11,5620,10,706,1,6201,10,42668,97,48869,107,0,95,1,103,10,6128,0,155,98
04-15-21,McNairy,2762,2,1962,2,800,0,2385,2,18067,13,20452,15,0,54,0,3,2,2705,0,63,54
04-15-21,Meigs,1340,3,1209,3,131,0,1340,3,8047,19,9387,22,0,23,0,17,3,1300,0,42,24
04-15-21,Monroe,5695,17,4494,12,1201,5,5046,11,27237,52,32283,63,0,95,13,91,4,5509,1,154,95
04-15-21,Montgomery,19032,41,13904,30,5128,11,15279,33,114882,324,130161,357,0,224,-5,1,46,18807,0,303,224
04-15-21,Moore,996,4,768,4,228,0,867,4,4852,1,5719,5,0,17,4,8,0,971,0,16,17
04-15-21,Morgan,2450,1,1798,1,652,0,1955,1,15191,11,17146,12,0,39,-4,36,5,2375,0,44,39
04-15-21,Obion,4493,6,3320,3,1173,3,3761,5,22536,38,26297,43,0,96,3,42,3,4355,0,101,96
04-15-21,Out of State,17239,20,13714,19,3525,1,15520,24,628432,1378,643952,1402,-1,98,-8,199,29,16942,0,207,96
04-15-21,Overton,2960,5,2222,4,738,1,2615,4,14972,18,17587,22,0,60,4,23,1,2877,1,64,61
04-15-21,Pending,16313,18,10493,11,5820,7,11664,14,408209,1060,419873,1074,1,134,-7,165,24,16014,0,139,131
04-15-21,Perry,1054,0,905,0,149,0,1019,0,6084,4,7103,4,0,28,-1,1,1,1025,0,28,28
04-15-21,Pickett,751,1,497,1,254,0,599,1,3886,2,4485,3,0,24,0,1,1,726,0,28,24
04-15-21,Polk,1982,7,1785,7,197,0,1977,8,9445,26,11422,34,0,24,4,48,3,1910,2,84,24
04-15-21,Putnam,11121,11,9076,8,2045,3,10882,8,71845,70,82727,78,0,173,-7,106,18,10842,0,207,173
04-15-21,Rhea,4296,2,3719,2,577,0,4163,2,26727,32,30890,34,0,75,-4,29,6,4192,0,82,75
04-15-21,Roane,6167,7,4763,3,1404,4,5307,3,43024,55,48331,58,0,102,-1,48,8,6017,0,149,102
04-15-21,Robertson,9544,16,7484,10,2060,6,8433,11,43622,111,52055,122,0,127,3,101,13,9316,2,424,129
04-15-21,Rutherford,41741,64,35664,45,6077,19,41448,52,237239,732,278687,784,0,420,-3,343,67,40978,0,590,421
04-15-21,Scott,3045,6,1679,1,1366,5,1794,1,11489,18,13283,19,0,45,3,40,3,2960,0,64,45
04-15-21,Sequatchie,1662,5,1304,4,358,1,1423,5,11814,13,13237,18,0,28,0,24,5,1610,0,38,29
04-15-21,Sevier,13066,22,11205,13,1861,9,12345,15,66787,111,79132,126,0,174,3,166,19,12726,1,279,175
04-15-21,Shelby,92443,169,85691,148,6752,21,105541,173,981591,2799,1087132,2972,5,1585,34,1530,130,89328,5,3585,1597
04-15-21,Smith,2732,3,2048,3,684,0,2563,3,13672,19,16235,22,0,38,1,34,2,2660,0,59,38
04-15-21,Stewart,1297,0,982,0,315,0,1110,0,6899,13,8009,13,0,28,-2,5,2,1264,0,26,28
04-15-21,Sullivan,16028,56,13919,46,2109,10,15009,42,89090,195,104099,237,0,287,15,461,41,15280,1,748,286
04-15-21,Sumner,23082,41,20402,31,2680,10,23079,42,121350,275,144429,317,0,339,-10,163,51,22580,0,704,339
04-15-21,Tipton,7190,11,5005,8,2185,3,6044,8,47880,89,53924,97,-1,102,7,63,5,7025,1,159,99
04-15-21,Trousdale,2485,0,2328,0,157,0,2495,0,9218,13,11713,13,0,22,-3,13,3,2450,0,41,22
04-15-21,Unicoi,1932,7,1479,4,453,3,1629,5,13315,25,14944,30,0,49,6,54,1,1829,0,67,49
04-15-21,Union,1857,2,1562,2,295,0,1684,2,10510,21,12194,23,0,34,1,17,1,1806,0,58,34
04-15-21,Van Buren,834,0,690,0,144,0,763,0,5315,2,6078,2,0,21,-1,12,1,801,0,22,21
04-15-21,Warren,5479,4,4664,3,815,1,5300,3,33206,51,38506,54,0,81,1,33,3,5365,0,82,81
04-15-21,Washington,14061,37,12053,33,2008,4,13265,36,83801,184,97066,220,0,242,4,444,33,13375,1,359,241
04-15-21,Wayne,2936,0,2363,0,573,0,2601,0,11310,7,13911,7,0,34,-2,2,2,2900,0,61,34
04-15-21,Weakley,4008,5,2965,4,1043,1,3395,5,21749,22,25144,27,0,62,-1,57,6,3889,0,69,63
04-15-21,White,3532,10,2884,4,648,6,3525,4,22849,27,26374,31,0,68,9,44,1,3420,0,111,69
04-15-21,Williamson,27182,49,22866,39,4316,10,25359,40,183963,444,209322,484,1,214,10,234,38,26734,0,293,215
04-15-21,Wilson,17937,50,16092,39,1845,11,18300,43,105250,562,123550,605,1,224,20,-65,29,17778,1,335,228
04-14-21,Anderson,8544,14,6389,9,2155,5,7173,11,62196,138,69369,149,0,171,6,74,8,8299,0,214,170
04-14-21,Bedford,6377,9,5022,8,1355,1,5777,12,31660,73,37437,85,0,126,1,118,8,6133,0,133,126
04-14-21,Benton,1623,7,1274,2,349,5,1409,2,9017,23,10426,25,0,40,3,37,4,1546,0,37,40
04-14-21,Bledsoe,2090,3,1891,0,199,3,2006,0,15752,36,17758,36,0,11,1,15,2,2064,0,32,11
04-14-21,Blount,14887,22,12690,12,2197,10,13979,14,73913,267,87892,281,0,194,4,-1,18,14694,1,343,193
04-14-21,Bradley,14442,47,11811,41,2631,6,13399,47,66158,269,79557,316,0,147,6,319,41,13976,5,619,147
04-14-21,Campbell,4075,8,2243,2,1832,6,2520,2,24890,37,27410,39,0,62,1,48,7,3965,0,126,63
04-14-21,Cannon,1885,3,1507,3,378,0,1679,3,9276,31,10955,34,0,31,3,27,0,1827,0,37,31
04-14-21,Carroll,3551,4,2326,1,1225,3,2763,1,19512,25,22275,26,0,82,3,22,1,3447,1,80,82
04-14-21,Carter,6410,16,5588,14,822,2,6135,15,37689,157,43824,172,0,156,9,165,7,6089,0,226,156
04-14-21,Cheatham,4413,16,3370,12,1043,4,3812,12,27318,74,31130,86,0,53,7,101,9,4259,0,90,54
04-14-21,Chester,2083,1,1502,0,581,1,1790,0,11728,16,13518,16,0,51,0,8,1,2024,0,41,51
04-14-21,Claiborne,3041,10,1949,3,1092,7,2090,3,24030,42,26120,45,0,73,8,47,2,2921,0,92,73
04-14-21,Clay,1089,5,749,3,340,2,862,3,5627,16,6489,19,0,31,5,8,0,1050,0,25,30
04-14-21,Cocke,4415,5,2925,5,1490,0,3228,8,22111,86,25339,94,0,98,2,55,3,4262,0,115,98
04-14-21,Coffee,6800,12,4703,8,2097,4,5756,10,45659,105,51415,115,0,121,7,88,5,6591,0,122,121
04-14-21,Crockett,2002,2,1205,2,797,0,1406,2,7314,10,8720,12,0,48,2,9,0,1945,0,30,48
04-14-21,Cumberland,6518,25,5391,16,1127,9,6179,21,48353,102,54532,123,0,127,19,128,6,6263,0,156,129
04-14-21,Davidson,86858,134,81355,112,5503,22,98860,137,977609,4612,1076469,4749,2,924,-13,822,145,85112,2,1948,925
04-14-21,Decatur,1571,4,1167,2,404,2,1387,2,10952,16,12339,18,0,38,4,8,0,1525,0,39,38
04-14-21,Dekalb,2743,0,2026,0,717,0,2343,0,16977,34,19320,34,0,53,0,12,0,2678,0,55,53
04-14-21,Dickson,6695,15,4837,12,1858,3,5710,13,35374,124,41084,137,1,109,3,133,11,6453,0,119,109
04-14-21,Dyer,5342,3,3527,1,1815,2,3983,2,21772,51,25755,53,0,104,1,26,2,5212,0,108,104
04-14-21,Fayette,4875,17,4176,15,699,2,5136,14,37648,127,42784,141,2,78,13,66,2,4731,0,131,75
04-14-21,Fentress,2375,2,2051,2,324,0,2343,2,13174,23,15517,25,0,46,1,19,1,2310,0,63,46
04-14-21,Franklin,5062,7,4213,6,849,1,4935,7,37922,213,42857,220,0,88,-2,53,9,4921,0,108,88
04-14-21,Gibson,6358,12,3836,9,2522,3,4648,9,29386,54,34034,63,0,144,4,49,8,6165,1,111,144
04-14-21,Giles,3922,3,3229,1,693,2,3712,3,22847,65,26559,68,0,98,-3,53,6,3771,0,111,98
04-14-21,Grainger,2571,6,1908,5,663,1,2137,6,13969,31,16106,37,0,49,5,38,1,2484,0,69,50
04-14-21,Greene,7672,12,6091,12,1581,0,6789,12,49686,244,56475,256,0,152,-5,117,17,7403,0,187,152
04-14-21,Grundy,1768,1,1479,1,289,0,1695,1,9064,62,10759,63,1,32,-4,14,4,1722,1,61,33
04-14-21,Hamblen,8435,16,5897,9,2538,7,6629,8,45957,98,52586,106,0,170,10,84,6,8181,0,256,171
04-14-21,Hamilton,43102,74,37062,53,6040,21,41467,61,317840,652,359307,713,0,480,27,459,47,42163,2,1151,484
04-14-21,Hancock,546,4,387,3,159,1,413,3,3853,10,4266,13,0,12,2,13,2,521,0,20,12
04-14-21,Hardeman,3450,2,2786,2,664,0,3255,2,24799,50,28054,52,0,63,1,25,1,3362,0,101,64
04-14-21,Hardin,3479,5,2360,3,1119,2,2803,5,23245,88,26048,93,0,66,0,47,5,3366,0,64,66
04-14-21,Hawkins,5742,19,4663,14,1079,5,5004,14,34517,167,39521,181,0,106,10,135,9,5501,1,149,106
04-14-21,Haywood,2673,2,2242,2,431,0,2560,3,13589,31,16149,34,1,61,0,7,1,2605,0,81,61
04-14-21,Henderson,3717,13,2581,7,1136,6,3229,7,15992,37,19221,44,0,75,13,46,0,3596,0,78,76
04-14-21,Henry,3106,7,2402,5,704,2,2779,5,17753,24,20532,29,0,75,6,28,1,3003,0,76,75
04-14-21,Hickman,2791,7,2250,6,541,1,2593,6,16484,39,19077,45,0,45,7,33,0,2713,0,55,45
04-14-21,Houston,1081,3,815,3,266,0,933,3,10125,16,11058,19,0,33,2,15,1,1033,0,40,33
04-14-21,Humphreys,1721,16,1100,5,621,11,1283,9,11616,45,12899,54,0,21,11,80,5,1620,0,34,21
04-14-21,Jackson,1288,2,1008,1,280,1,1178,1,5482,16,6660,17,0,35,0,4,2,1249,0,39,35
04-14-21,Jefferson,6032,8,4153,4,1879,4,4698,4,38934,77,43632,81,0,121,4,77,4,5834,1,185,121
04-14-21,Johnson,2294,13,2009,10,285,3,2135,11,15224,73,17359,84,0,38,11,62,2,2194,0,58,38
04-14-21,Knox,49664,84,41612,58,8052,26,45529,61,322672,686,368201,747,0,622,-2,376,86,48666,3,1353,623
04-14-21,Lake,1692,0,1503,0,189,0,1773,0,10047,39,11820,39,0,26,-2,1,2,1665,0,25,26
04-14-21,Lauderdale,3129,4,2439,4,690,0,2799,4,20928,39,23727,43,0,44,4,20,0,3065,0,83,43
04-14-21,Lawrence,5753,12,4494,10,1259,2,4954,10,29097,44,34051,54,0,86,11,57,1,5610,1,148,86
04-14-21,Lewis,1554,2,1170,0,384,2,1266,0,9941,20,11207,20,0,26,0,20,2,1508,0,43,26
04-14-21,Lincoln,4270,4,3302,2,968,2,3756,2,17582,32,21338,34,0,63,4,32,0,4175,0,83,61
04-14-21,Loudon,6009,10,4610,5,1399,5,5043,5,31108,77,36151,82,0,69,5,66,5,5874,0,135,69
04-14-21,Macon,3565,7,2766,3,799,4,3250,7,16431,70,19681,77,0,76,0,56,7,3433,1,125,76
04-14-21,Madison,10704,38,5980,19,4724,19,7260,21,54698,111,61958,132,0,240,34,-318,4,10782,0,337,241
04-14-21,Marion,3074,7,2625,7,449,0,2925,7,19195,118,22120,125,0,46,5,1,2,3027,0,111,46
04-14-21,Marshall,4085,9,3228,6,857,3,3647,7,22980,42,26627,49,0,58,2,47,7,3980,0,90,58
04-14-21,Maury,12980,22,11391,17,1589,5,12586,19,73343,195,85929,214,0,168,2,82,20,12730,0,292,168
04-14-21,McMinn,6315,23,5610,19,705,4,6191,21,42571,100,48762,121,0,95,14,102,9,6118,0,155,98
04-14-21,McNairy,2760,3,1960,1,800,2,2383,2,18054,55,20437,57,0,54,2,3,1,2703,0,63,54
04-14-21,Meigs,1337,5,1206,4,131,1,1337,3,8028,27,9365,30,0,23,3,17,2,1297,0,42,24
04-14-21,Monroe,5678,10,4482,8,1196,2,5035,8,27185,65,32220,73,0,95,0,78,10,5505,0,153,95
04-14-21,Montgomery,18991,63,13874,46,5117,17,15246,49,114558,489,129804,538,0,224,9,6,54,18761,1,303,224
04-14-21,Moore,992,0,764,0,228,0,863,0,4851,8,5714,8,0,17,-1,4,1,971,0,16,17
04-14-21,Morgan,2449,13,1797,10,652,3,1954,10,15180,26,17134,36,0,39,4,40,9,2370,0,44,39
04-14-21,Obion,4487,5,3317,1,1170,4,3756,2,22498,62,26254,64,0,96,2,39,3,4352,0,101,96
04-14-21,Out of State,17219,32,13695,20,3524,12,15496,26,627054,1802,642550,1828,1,99,15,207,16,16913,0,207,96
04-14-21,Overton,2955,7,2218,4,737,3,2611,3,14954,37,17565,40,0,60,2,19,5,2876,0,63,61
04-14-21,Pending,16295,21,10482,13,5813,8,11650,19,407149,1272,418799,1291,0,133,-5,172,26,15990,0,139,131
04-14-21,Perry,1054,0,905,0,149,0,1019,0,6080,13,7099,13,0,28,0,2,0,1024,0,28,28
04-14-21,Pickett,750,0,496,0,254,0,598,0,3884,7,4482,7,0,24,-1,1,1,725,0,28,24
04-14-21,Polk,1975,5,1778,5,197,0,1969,5,9419,45,11388,50,0,24,0,44,5,1907,0,82,24
04-14-21,Putnam,11110,15,9068,13,2042,2,10874,14,71775,323,82649,337,0,173,6,113,9,10824,0,207,173
04-14-21,Rhea,4294,5,3717,4,577,1,4161,4,26695,87,30856,91,0,75,-2,33,7,4186,0,82,75
04-14-21,Roane,6160,10,4760,7,1400,3,5304,7,42969,83,48273,90,0,102,5,49,5,6009,1,149,102
04-14-21,Robertson,9528,15,7474,10,2054,5,8422,11,43511,140,51933,151,0,127,0,98,15,9303,0,422,128
04-14-21,Rutherford,41677,75,35619,44,6058,31,41396,47,236507,761,277903,808,0,420,-1,346,76,40911,0,590,421
04-14-21,Scott,3039,6,1678,1,1361,5,1793,1,11471,21,13264,22,0,45,5,37,1,2957,0,64,45
04-14-21,Sequatchie,1657,2,1300,0,357,2,1418,0,11801,26,13219,26,0,28,-1,24,3,1605,0,38,29
04-14-21,Sevier,13044,43,11192,24,1852,19,12330,27,66676,190,79006,217,0,174,30,163,13,12707,0,278,175
04-14-21,Shelby,92274,262,85543,242,6731,20,105368,290,978792,5252,1084160,5542,-3,1580,162,1496,103,89198,7,3580,1596
04-14-21,Smith,2729,5,2045,1,684,4,2560,1,13653,28,16213,29,0,38,3,33,2,2658,0,59,38
04-14-21,Stewart,1297,2,982,0,315,2,1110,0,6886,6,7996,6,0,28,0,7,2,1262,0,26,28
04-14-21,Sullivan,15972,79,13873,71,2099,8,14967,90,88895,406,103862,496,0,287,49,446,30,15239,3,747,286
04-14-21,Sumner,23041,60,20371,43,2670,17,23037,44,121075,461,144112,505,1,339,19,173,40,22529,0,704,338
04-14-21,Tipton,7179,9,4997,5,2182,4,6036,6,47791,170,53827,176,3,103,1,56,5,7020,0,158,99
04-14-21,Trousdale,2485,1,2328,1,157,0,2495,1,9205,12,11700,13,0,22,-2,16,3,2447,0,41,22
04-14-21,Unicoi,1925,4,1475,4,450,0,1624,3,13290,16,14914,19,0,49,-1,48,5,1828,0,67,49
04-14-21,Union,1855,2,1560,1,295,1,1682,2,10489,26,12171,28,0,34,2,16,0,1805,0,58,34
04-14-21,Van Buren,834,1,690,1,144,0,763,1,5313,7,6076,8,0,21,1,13,0,800,0,22,21
04-14-21,Warren,5475,2,4661,2,814,0,5297,2,33155,135,38452,137,0,81,-5,32,7,5362,0,82,81
04-14-21,Washington,14024,73,12020,62,2004,11,13229,64,83617,368,96846,432,0,242,31,440,42,13342,1,358,241
04-14-21,Wayne,2936,0,2363,0,573,0,2601,0,11303,20,13904,20,0,34,0,4,0,2898,0,61,34
04-14-21,Weakley,4003,10,2961,6,1042,4,3390,6,21727,39,25117,45,0,62,3,58,7,3883,0,69,62
04-14-21,White,3522,8,2880,5,642,3,3521,6,22822,59,26343,65,0,68,0,35,8,3419,1,111,68
04-14-21,Williamson,27133,62,22827,41,4306,21,25319,43,183519,439,208838,482,0,213,19,224,43,26696,2,293,215
04-14-21,Wilson,17887,50,16053,41,1834,9,18257,43,104688,269,122945,312,0,223,24,-85,26,17749,0,334,227
04-13-21,Anderson,8530,10,6380,5,2150,5,7162,6,62058,61,69220,67,5,171,-7,68,12,8291,0,214,170
04-13-21,Bedford,6368,7,5014,4,1354,3,5765,4,31587,41,37352,45,0,126,-14,117,21,6125,0,133,125
04-13-21,Benton,1616,0,1272,0,344,0,1407,1,8994,10,10401,11,0,40,-4,34,4,1542,0,37,40
04-13-21,Bledsoe,2087,1,1891,1,196,0,2006,1,15716,27,17722,28,0,11,-1,14,2,2062,0,32,11
04-13-21,Blount,14865,26,12678,19,2187,7,13965,19,73646,135,87611,154,0,194,13,-5,13,14676,1,342,193
04-13-21,Bradley,14395,23,11770,13,2625,10,13352,13,65889,44,79241,57,0,147,-9,313,32,13935,2,614,147
04-13-21,Campbell,4067,1,2241,1,1826,0,2518,1,24853,17,27371,18,0,62,-1,47,2,3958,0,126,63
04-13-21,Cannon,1882,2,1504,1,378,1,1676,1,9245,14,10921,15,0,31,1,24,1,1827,0,37,31
04-13-21,Carroll,3547,4,2325,2,1222,2,2762,4,19487,11,22249,15,0,82,2,19,2,3446,0,79,82
04-13-21,Carter,6394,20,5574,16,820,4,6120,17,37532,46,43652,63,0,156,11,156,9,6082,0,226,156
04-13-21,Cheatham,4397,10,3358,3,1039,7,3800,3,27244,72,31044,75,0,53,3,94,7,4250,0,90,54
04-13-21,Chester,2082,1,1502,0,580,1,1790,0,11712,7,13502,7,0,51,0,8,1,2023,0,41,51
04-13-21,Claiborne,3031,2,1946,2,1085,0,2087,3,23988,19,26075,22,0,73,-5,39,7,2919,0,92,73
04-13-21,Clay,1084,0,746,0,338,0,859,0,5611,5,6470,5,0,31,0,3,0,1050,0,25,30
04-13-21,Cocke,4410,1,2920,0,1490,1,3220,0,22025,23,25245,23,0,98,-3,53,4,4259,0,115,98
04-13-21,Coffee,6788,6,4695,2,2093,4,5746,2,45554,74,51300,76,0,121,4,81,2,6586,0,122,121
04-13-21,Crockett,2000,2,1203,0,797,2,1404,0,7304,4,8708,4,0,48,2,7,0,1945,0,30,48
04-13-21,Cumberland,6493,14,5375,5,1118,9,6158,6,48251,32,54409,38,0,127,-7,109,21,6257,0,156,128
04-13-21,Davidson,86724,105,81243,86,5481,19,98723,111,972997,1463,1071720,1574,3,922,-51,835,153,84967,2,1946,923
04-13-21,Decatur,1567,4,1165,4,402,0,1385,4,10936,3,12321,7,0,38,3,4,1,1525,0,39,38
04-13-21,Dekalb,2743,3,2026,0,717,3,2343,0,16943,21,19286,21,0,53,0,12,3,2678,0,55,53
04-13-21,Dickson,6680,23,4825,19,1855,4,5697,19,35250,90,40947,109,0,108,15,130,8,6442,2,119,109
04-13-21,Dyer,5339,3,3526,1,1813,2,3981,1,21721,25,25702,26,0,104,1,25,2,5210,0,108,104
04-13-21,Fayette,4858,9,4161,7,697,2,5122,8,37521,50,42643,58,-2,76,5,53,6,4729,0,131,75
04-13-21,Fentress,2373,3,2049,2,324,1,2341,2,13151,10,15492,12,0,46,-4,18,7,2309,0,63,46
04-13-21,Franklin,5055,8,4207,5,848,3,4928,6,37709,26,42637,32,0,88,7,55,1,4912,0,108,88
04-13-21,Gibson,6346,2,3827,1,2519,1,4639,2,29332,31,33971,33,0,144,-5,45,7,6157,0,110,144
04-13-21,Giles,3919,9,3228,5,691,4,3709,5,22782,31,26491,36,0,98,8,56,1,3765,1,111,98
04-13-21,Grainger,2565,6,1903,0,662,6,2131,0,13938,3,16069,3,1,49,2,33,3,2483,0,69,50
04-13-21,Greene,7660,5,6079,5,1581,0,6777,6,49442,90,56219,96,0,152,-11,122,16,7386,0,187,152
04-13-21,Grundy,1767,1,1478,1,289,0,1694,1,9002,10,10696,11,0,31,1,18,0,1718,0,60,32
04-13-21,Hamblen,8419,5,5888,4,2531,1,6621,5,45859,27,52480,32,-1,170,-2,74,8,8175,0,256,171
04-13-21,Hamilton,43028,60,37009,38,6019,22,41406,36,317188,313,358594,349,0,480,4,432,56,42116,2,1149,484
04-13-21,Hancock,542,2,384,1,158,1,410,1,3843,0,4253,1,0,12,2,11,0,519,0,20,12
04-13-21,Hardeman,3448,0,2784,0,664,0,3253,1,24749,13,28002,14,0,63,-2,24,2,3361,0,101,64
04-13-21,Hardin,3474,7,2357,5,1117,2,2798,5,23157,40,25955,45,0,66,3,47,4,3361,0,64,66
04-13-21,Hawkins,5723,7,4649,2,1074,5,4990,3,34350,63,39340,66,0,106,0,125,7,5492,0,148,106
04-13-21,Haywood,2671,1,2240,0,431,1,2557,0,13558,8,16115,8,0,60,0,7,1,2604,0,81,61
04-13-21,Henderson,3704,7,2574,3,1130,4,3222,4,15955,10,19177,14,0,75,5,33,2,3596,0,78,76
04-13-21,Henry,3099,3,2397,1,702,2,2774,3,17729,9,20503,12,0,75,-2,22,5,3002,0,76,75
04-13-21,Hickman,2784,1,2244,1,540,0,2587,1,16445,14,19032,15,0,45,-3,26,4,2713,0,55,45
04-13-21,Houston,1078,3,812,3,266,0,930,4,10109,8,11039,12,0,33,3,13,0,1032,0,40,33
04-13-21,Humphreys,1705,5,1095,2,610,3,1274,3,11571,21,12845,24,0,21,-1,69,6,1615,0,34,21
04-13-21,Jackson,1286,0,1007,0,279,0,1177,0,5466,8,6643,8,0,35,-1,4,1,1247,0,39,35
04-13-21,Jefferson,6024,8,4149,5,1875,3,4694,5,38857,17,43551,22,0,121,1,73,7,5830,0,184,121
04-13-21,Johnson,2281,1,1999,0,282,1,2124,0,15151,8,17275,8,0,38,-3,51,4,2192,0,58,38
04-13-21,Knox,49580,68,41554,38,8026,30,45468,43,321986,340,367454,383,-5,622,-7,378,80,48580,1,1350,623
04-13-21,Lake,1692,0,1503,0,189,0,1773,0,10008,3,11781,3,0,26,0,3,0,1663,0,25,26
04-13-21,Lauderdale,3125,2,2435,1,690,1,2795,1,20889,17,23684,18,0,44,2,16,0,3065,0,83,43
04-13-21,Lawrence,5741,9,4484,4,1257,5,4944,4,29053,24,33997,28,0,86,5,46,4,5609,1,147,86
04-13-21,Lewis,1552,2,1170,0,382,2,1266,0,9921,12,11187,12,0,26,1,20,1,1506,0,43,26
04-13-21,Lincoln,4266,6,3300,1,966,5,3754,2,17550,13,21304,15,0,63,2,28,4,4175,0,83,61
04-13-21,Loudon,5999,4,4605,2,1394,2,5038,2,31031,24,36069,26,-1,69,1,61,4,5869,0,135,69
04-13-21,Macon,3558,8,2763,2,795,6,3243,1,16361,62,19604,63,0,76,-3,56,11,3426,0,124,76
04-13-21,Madison,10666,25,5961,16,4705,9,7239,18,54587,63,61826,81,0,240,23,-352,2,10778,0,337,240
04-13-21,Marion,3067,3,2618,3,449,0,2918,3,19077,12,21995,15,0,46,-4,-4,7,3025,0,111,46
04-13-21,Marshall,4076,5,3222,0,854,5,3640,0,22938,45,26578,45,0,58,-1,45,6,3973,0,90,58
04-13-21,Maury,12958,19,11374,8,1584,11,12567,7,73148,157,85715,164,1,168,-14,80,32,12710,0,292,167
04-13-21,McMinn,6292,8,5591,8,701,0,6170,6,42471,54,48641,60,0,95,-3,88,11,6109,0,155,98
04-13-21,McNairy,2757,4,1959,4,798,0,2381,4,17999,4,20380,8,0,54,4,1,0,2702,0,63,54
04-13-21,Meigs,1332,3,1202,1,130,2,1334,1,8001,3,9335,4,0,23,2,14,1,1295,0,42,24
04-13-21,Monroe,5668,7,4474,5,1194,2,5027,5,27120,42,32147,47,0,95,2,78,5,5495,0,153,95
04-13-21,Montgomery,18928,34,13828,23,5100,11,15197,24,114069,234,129266,258,1,224,-23,-3,56,18707,0,302,224
04-13-21,Moore,992,0,764,0,228,0,863,0,4843,7,5706,7,0,17,-1,5,1,970,0,16,17
04-13-21,Morgan,2436,2,1787,1,649,1,1944,1,15154,9,17098,10,0,39,0,36,2,2361,0,44,39
04-13-21,Obion,4482,5,3316,4,1166,1,3754,4,22436,28,26190,32,0,96,0,37,5,4349,0,101,96
04-13-21,Out of State,17187,20,13675,14,3512,6,15470,13,625252,1192,640722,1205,-3,98,-3,192,26,16897,1,207,96
04-13-21,Overton,2948,2,2214,0,734,2,2608,0,14917,13,17525,13,0,60,-1,17,3,2871,0,63,61
04-13-21,Pending,16274,25,10469,7,5805,18,11631,7,405877,718,417508,725,1,133,0,177,24,15964,0,139,131
04-13-21,Perry,1054,0,905,0,149,0,1019,0,6067,5,7086,5,0,28,0,2,0,1024,0,28,28
04-13-21,Pickett,750,0,496,0,254,0,598,0,3877,2,4475,2,0,24,0,2,0,724,0,28,24
04-13-21,Polk,1970,4,1773,2,197,2,1964,3,9374,13,11338,16,0,24,0,44,4,1902,1,82,24
04-13-21,Putnam,11095,13,9055,7,2040,6,10860,8,71452,40,82312,48,0,173,-2,107,15,10815,0,207,173
04-13-21,Rhea,4289,2,3713,1,576,1,4157,1,26608,45,30765,46,0,75,-1,35,3,4179,0,82,75
04-13-21,Roane,6150,5,4753,4,1397,1,5297,4,42886,38,48183,42,2,102,-6,44,9,6004,0,148,102
04-13-21,Robertson,9513,19,7464,9,2049,10,8411,10,43371,77,51782,87,0,127,1,98,18,9288,0,422,127
04-13-21,Rutherford,41602,50,35575,22,6027,28,41349,28,235746,348,277095,376,1,420,-21,347,70,40835,0,590,421
04-13-21,Scott,3033,2,1677,1,1356,1,1792,1,11450,29,13242,30,0,45,-4,32,6,2956,0,64,45
04-13-21,Sequatchie,1655,2,1300,1,355,1,1418,1,11775,7,13193,8,0,28,0,25,2,1602,0,38,29
04-13-21,Sevier,13001,3,11168,2,1833,1,12303,2,66486,70,78789,72,0,174,-21,133,24,12694,0,278,175
04-13-21,Shelby,92012,179,85301,128,6711,51,105078,123,973540,2087,1078618,2210,7,1583,53,1334,119,89095,15,3573,1594
04-13-21,Smith,2724,2,2044,1,680,1,2559,1,13625,6,16184,7,0,38,-1,30,3,2656,0,59,38
04-13-21,Stewart,1295,0,982,0,313,0,1110,0,6880,8,7990,8,0,28,0,7,0,1260,0,26,28
04-13-21,Sullivan,15893,30,13802,23,2091,7,14877,25,88489,325,103366,350,2,287,-10,397,38,15209,2,744,286
04-13-21,Sumner,22981,27,20328,16,2653,11,22993,16,120614,199,143607,215,0,338,-17,154,44,22489,0,704,338
04-13-21,Tipton,7170,1,4992,0,2178,1,6030,1,47621,92,53651,93,-4,100,2,55,3,7015,0,158,99
04-13-21,Trousdale,2484,1,2327,1,157,0,2494,1,9193,14,11687,15,0,22,-2,18,3,2444,0,41,22
04-13-21,Unicoi,1921,3,1471,2,450,1,1621,1,13274,16,14895,17,0,49,2,49,1,1823,0,67,49
04-13-21,Union,1853,1,1559,1,294,0,1680,1,10463,3,12143,4,0,34,-1,14,2,1805,0,58,34
04-13-21,Van Buren,833,1,689,0,144,1,762,0,5306,2,6068,2,0,21,0,12,1,800,1,22,21
04-13-21,Warren,5473,4,4659,0,814,4,5295,1,33020,62,38315,63,1,81,-7,37,10,5355,0,82,81
04-13-21,Washington,13951,42,11958,28,1993,14,13165,26,83249,111,96414,137,0,242,12,409,30,13300,1,357,241
04-13-21,Wayne,2936,1,2363,1,573,0,2601,1,11283,5,13884,6,0,34,-1,4,2,2898,0,61,34
04-13-21,Weakley,3993,3,2955,1,1038,2,3384,1,21688,17,25072,18,1,62,1,55,1,3876,0,69,62
04-13-21,White,3514,3,2875,1,639,2,3515,1,22763,18,26278,19,0,68,-1,35,4,3411,0,110,68
04-13-21,Williamson,27071,39,22786,22,4285,17,25276,22,183080,282,208356,304,0,213,-1,205,40,26653,0,291,215
04-13-21,Wilson,17837,19,16012,15,1825,4,18214,14,104419,161,122633,175,0,223,-15,-109,34,17723,0,334,226
04-12-21,Anderson,8520,3,6375,3,2145,0,7156,5,61997,69,69153,74,0,166,-7,75,10,8279,0,214,170
04-12-21,Bedford,6361,6,5010,2,1351,4,5761,2,31546,14,37307,16,0,126,-6,131,12,6104,0,133,125
04-12-21,Benton,1616,5,1272,2,344,3,1406,2,8984,2,10390,4,0,40,-3,38,8,1538,0,37,40
04-12-21,Bledsoe,2086,0,1890,0,196,0,2005,0,15689,3,17694,3,0,11,0,15,0,2060,0,32,11
04-12-21,Blount,14839,7,12659,5,2180,2,13946,7,73511,75,87457,82,0,194,-15,-18,22,14663,1,341,193
04-12-21,Bradley,14372,64,11757,45,2615,19,13339,44,65845,119,79184,163,0,147,38,322,26,13903,3,612,147
04-12-21,Campbell,4066,14,2240,2,1826,12,2517,2,24836,20,27353,22,0,62,11,48,3,3956,1,126,63
04-12-21,Cannon,1880,0,1503,0,377,0,1675,1,9231,4,10906,5,0,31,-6,23,6,1826,0,37,31
04-12-21,Carroll,3543,2,2323,1,1220,1,2758,1,19476,10,22234,11,0,82,2,17,0,3444,1,79,82
04-12-21,Carter,6374,27,5558,19,816,8,6103,20,37486,34,43589,54,0,156,12,145,15,6073,0,226,156
04-12-21,Cheatham,4387,8,3355,6,1032,2,3797,6,27172,28,30969,34,1,53,-4,91,11,4243,0,90,54
04-12-21,Chester,2081,1,1502,0,579,1,1790,0,11705,3,13495,3,0,51,0,8,1,2022,0,41,51
04-12-21,Claiborne,3029,2,1944,0,1085,2,2084,0,23969,19,26053,19,0,73,-3,44,5,2912,0,92,73
04-12-21,Clay,1084,0,746,0,338,0,859,0,5606,0,6465,0,0,31,-2,3,2,1050,0,25,30
04-12-21,Cocke,4409,12,2920,6,1489,6,3220,4,22002,73,25222,77,0,98,8,56,4,4255,0,115,98
04-12-21,Coffee,6782,11,4693,8,2089,3,5744,9,45480,26,51224,35,0,121,0,77,11,6584,0,122,121
04-12-21,Crockett,1998,3,1203,0,795,3,1404,0,7300,6,8704,6,0,48,2,5,1,1945,0,30,48
04-12-21,Cumberland,6479,3,5370,2,1109,1,6152,3,48219,17,54371,20,0,127,-15,116,18,6236,0,156,128
04-12-21,Davidson,86619,140,81157,125,5462,15,98612,152,971534,1543,1070146,1695,0,919,-24,886,164,84814,2,1944,922
04-12-21,Decatur,1563,0,1161,0,402,0,1381,0,10933,2,12314,2,0,38,0,1,0,1524,0,39,38
04-12-21,Dekalb,2740,2,2026,1,714,1,2343,1,16922,6,19265,7,0,53,0,12,2,2675,0,55,53
04-12-21,Dickson,6657,11,4806,8,1851,3,5678,7,35160,72,40838,79,0,108,-9,115,20,6434,0,117,109
04-12-21,Dyer,5336,3,3525,1,1811,2,3980,1,21696,12,25676,13,0,104,-1,24,4,5208,0,108,104
04-12-21,Fayette,4849,9,4154,4,695,5,5114,6,37471,46,42585,52,0,78,4,48,5,4723,1,131,75
04-12-21,Fentress,2370,7,2047,7,323,0,2339,7,13141,2,15480,9,0,46,4,22,3,2302,0,63,46
04-12-21,Franklin,5047,1,4202,0,845,1,4922,0,37683,23,42605,23,0,88,-8,48,9,4911,0,108,88
04-12-21,Gibson,6344,7,3826,2,2518,5,4637,4,29301,15,33938,19,0,144,-4,50,11,6150,0,110,144
04-12-21,Giles,3910,4,3223,2,687,2,3704,2,22751,19,26455,21,0,98,-2,48,6,3764,0,110,98
04-12-21,Grainger,2559,5,1903,3,656,2,2131,3,13935,8,16066,11,0,48,-2,31,7,2480,0,69,50
04-12-21,Greene,7655,9,6074,6,1581,3,6771,7,49352,50,56123,57,1,152,0,133,8,7370,0,187,152
04-12-21,Grundy,1766,0,1477,0,289,0,1693,0,8992,2,10685,2,0,31,-3,17,3,1718,0,60,31
04-12-21,Hamblen,8414,11,5884,5,2530,6,6616,4,45832,22,52448,26,0,171,3,76,8,8167,0,256,171
04-12-21,Hamilton,42968,58,36971,51,5997,7,41370,59,316875,367,358245,426,0,480,-10,428,68,42060,0,1147,483
04-12-21,Hancock,540,2,383,1,157,1,409,1,3843,1,4252,2,0,12,1,9,1,519,0,20,12
04-12-21,Hardeman,3448,0,2784,0,664,0,3252,1,24736,8,27988,9,0,63,-1,26,1,3359,0,101,63
04-12-21,Hardin,3467,0,2352,0,1115,0,2793,0,23117,2,25910,2,0,66,-7,44,7,3357,0,64,66
04-12-21,Hawkins,5716,17,4647,6,1069,11,4987,5,34287,19,39274,24,0,106,1,125,16,5485,0,148,106
04-12-21,Haywood,2670,1,2240,1,430,0,2557,2,13550,9,16107,11,0,60,1,7,0,2603,0,81,60
04-12-21,Henderson,3697,5,2571,3,1126,2,3218,3,15945,8,19163,11,0,75,4,28,1,3594,0,78,75
04-12-21,Henry,3096,2,2396,2,700,0,2771,2,17720,14,20491,16,0,75,0,24,2,2997,0,76,75
04-12-21,Hickman,2783,1,2243,0,540,1,2586,0,16431,13,19017,13,0,45,-3,29,4,2709,0,55,45
04-12-21,Houston,1075,2,809,2,266,0,926,3,10101,2,11027,5,0,33,2,10,0,1032,0,40,33
04-12-21,Humphreys,1700,4,1093,1,607,3,1271,2,11550,15,12821,17,0,21,0,70,4,1609,1,34,21
04-12-21,Jackson,1286,1,1007,0,279,1,1177,0,5458,4,6635,4,0,35,0,5,1,1246,0,39,35
04-12-21,Jefferson,6016,8,4144,3,1872,5,4689,3,38840,32,43529,35,0,121,2,72,6,5823,0,184,121
04-12-21,Johnson,2280,9,1999,3,281,6,2124,1,15143,6,17267,7,0,38,7,54,2,2188,0,58,38
04-12-21,Knox,49512,63,41516,43,7996,20,45425,51,321646,362,367071,413,1,627,-23,385,85,48500,0,1349,623
04-12-21,Lake,1692,0,1503,0,189,0,1773,0,10005,5,11778,5,0,26,-1,3,1,1663,0,25,26
04-12-21,Lauderdale,3123,1,2434,1,689,0,2794,2,20872,12,23666,14,0,44,0,14,1,3065,1,83,43
04-12-21,Lawrence,5732,7,4480,6,1252,1,4940,6,29029,28,33969,34,0,86,4,41,3,5605,0,146,86
04-12-21,Lewis,1550,1,1170,0,380,1,1266,0,9909,1,11175,1,0,26,-3,19,4,1505,0,43,26
04-12-21,Lincoln,4260,2,3299,1,961,1,3752,0,17537,7,21289,7,0,63,-3,26,5,4171,0,83,61
04-12-21,Loudon,5995,7,4603,4,1392,3,5036,5,31007,39,36043,44,0,70,1,60,6,5865,1,135,69
04-12-21,Macon,3550,3,2761,1,789,2,3242,1,16299,28,19541,29,0,76,-6,59,9,3415,0,124,76
04-12-21,Madison,10641,18,5945,10,4696,8,7221,11,54524,68,61745,79,0,240,10,-375,8,10776,1,337,240
04-12-21,Marion,3064,0,2615,0,449,0,2915,0,19065,10,21980,10,0,46,-2,0,2,3018,0,111,46
04-12-21,Marshall,4071,2,3222,1,849,1,3640,1,22893,21,26533,22,0,58,0,46,2,3967,0,90,58
04-12-21,Maury,12939,33,11366,19,1573,14,12560,22,72991,91,85551,113,1,167,15,94,17,12678,2,292,167
04-12-21,McMinn,6284,7,5583,6,701,1,6164,8,42417,34,48581,42,0,95,-1,91,8,6098,0,155,98
04-12-21,McNairy,2753,2,1955,2,798,0,2377,2,17995,3,20372,5,0,54,-3,-3,5,2702,0,63,54
04-12-21,Meigs,1329,4,1201,4,128,0,1333,4,7998,9,9331,13,0,23,3,12,1,1294,0,42,23
04-12-21,Monroe,5661,13,4469,11,1192,2,5022,14,27078,41,32100,55,0,95,4,76,9,5490,0,153,95
04-12-21,Montgomery,18894,62,13805,51,5089,11,15173,51,113835,340,129008,391,0,223,16,20,46,18651,0,302,224
04-12-21,Moore,992,1,764,1,228,0,863,1,4836,1,5699,2,0,17,-1,6,2,969,0,16,17
04-12-21,Morgan,2434,5,1786,2,648,3,1943,2,15145,6,17088,8,0,39,3,36,2,2359,2,44,39
04-12-21,Obion,4477,4,3312,2,1165,2,3750,2,22408,10,26158,12,0,96,3,37,1,4344,0,101,96
04-12-21,Out of State,17167,15,13661,8,3506,7,15457,11,624060,832,639517,843,0,101,-17,195,32,16871,1,206,96
04-12-21,Overton,2946,1,2214,1,732,0,2608,1,14904,12,17512,13,0,60,-4,18,5,2868,0,63,61
04-12-21,Pending,16249,36,10462,12,5787,24,11624,13,405159,532,416783,545,0,132,4,177,32,15940,0,139,131
04-12-21,Perry,1054,0,905,0,149,0,1019,0,6062,4,7081,4,0,28,0,2,0,1024,0,28,28
04-12-21,Pickett,750,0,496,0,254,0,598,0,3875,3,4473,3,0,24,0,2,0,724,0,28,24
04-12-21,Polk,1966,1,1771,1,195,0,1961,0,9361,16,11322,16,0,24,-6,44,7,1898,0,81,24
04-12-21,Putnam,11082,12,9048,9,2034,3,10852,12,71412,72,82264,84,0,173,-1,109,13,10800,0,207,173
04-12-21,Rhea,4287,6,3712,4,575,2,4156,4,26563,28,30719,32,0,75,4,36,2,4176,0,82,75
04-12-21,Roane,6145,11,4749,7,1396,4,5293,6,42848,22,48141,28,0,100,7,50,4,5995,0,148,102
04-12-21,Robertson,9494,8,7455,6,2039,2,8401,8,43294,52,51695,60,0,127,-19,97,27,9270,0,422,127
04-12-21,Rutherford,41552,61,35553,48,5999,13,41321,52,235398,312,276719,364,1,419,-39,368,99,40765,0,590,420
04-12-21,Scott,3031,2,1676,0,1355,2,1791,0,11421,6,13212,6,0,45,-3,36,5,2950,0,64,45
04-12-21,Sequatchie,1653,0,1299,0,354,0,1417,0,11768,9,13185,9,0,28,-2,25,2,1600,0,38,29
04-12-21,Sevier,12998,14,11166,11,1832,3,12301,13,66416,77,78717,90,0,174,-5,154,19,12670,0,278,175
04-12-21,Shelby,91833,121,85173,101,6660,20,104955,137,971453,1397,1076408,1534,1,1576,-5,1281,125,88976,5,3558,1593
04-12-21,Smith,2722,5,2043,4,679,1,2558,4,13619,13,16177,17,0,38,3,31,2,2653,0,59,38
04-12-21,Stewart,1295,1,982,1,313,0,1110,2,6872,3,7982,5,0,28,-3,7,4,1260,0,26,28
04-12-21,Sullivan,15863,36,13779,34,2084,2,14852,26,88164,87,103016,113,1,285,-8,407,43,15171,2,742,286
04-12-21,Sumner,22954,36,20312,27,2642,9,22977,32,120415,176,143392,208,0,338,0,171,36,22445,2,704,338
04-12-21,Tipton,7169,10,4992,6,2177,4,6029,6,47529,55,53558,61,0,104,1,53,9,7012,4,158,99
04-12-21,Trousdale,2483,2,2326,2,157,0,2493,2,9179,9,11672,11,0,22,-3,20,5,2441,0,41,22
04-12-21,Unicoi,1918,6,1469,1,449,5,1620,2,13258,6,14878,8,0,49,3,47,3,1822,0,67,49
04-12-21,Union,1852,7,1558,4,294,3,1679,4,10460,14,12139,18,0,34,6,15,1,1803,0,58,34
04-12-21,Van Buren,832,3,689,1,143,2,762,1,5304,3,6066,4,0,21,0,12,3,799,0,21,21
04-12-21,Warren,5469,0,4659,0,810,0,5294,0,32958,17,38252,17,0,80,-8,44,8,5345,0,82,81
04-12-21,Washington,13909,30,11930,28,1979,2,13139,30,83138,80,96277,110,0,242,-17,397,47,13270,0,356,241
04-12-21,Wayne,2935,0,2362,0,573,0,2600,0,11278,3,13878,3,0,34,-1,5,1,2896,0,61,34
04-12-21,Weakley,3990,4,2954,0,1036,4,3383,1,21671,12,25054,13,0,61,-3,54,7,3875,0,69,62
04-12-21,White,3511,3,2874,0,637,3,3514,0,22745,27,26259,27,0,68,-1,36,4,3407,0,110,68
04-12-21,Williamson,27032,37,22764,27,4268,10,25254,29,182798,285,208052,314,0,213,-11,206,48,26613,0,291,215
04-12-21,Wilson,17818,41,15997,35,1821,6,18200,35,104258,256,122458,291,0,223,-8,-94,49,17689,0,334,224
04-11-21,Anderson,8517,7,6372,5,2145,2,7151,5,61928,44,69079,49,-1,166,0,82,8,8269,0,214,170
04-11-21,Bedford,6355,5,5008,3,1347,2,5759,4,31532,27,37291,31,0,126,-5,137,10,6092,0,133,125
04-11-21,Benton,1611,2,1270,2,341,0,1404,2,8982,11,10386,13,0,40,-1,41,3,1530,0,37,40
04-11-21,Bledsoe,2086,0,1890,0,196,0,2005,0,15686,24,17691,24,0,11,0,15,0,2060,0,32,11
04-11-21,Blount,14832,10,12654,7,2178,3,13939,10,73436,82,87375,92,0,194,0,-3,10,14641,3,340,193
04-11-21,Bradley,14308,11,11712,7,2596,4,13295,10,65726,69,79021,79,0,147,-6,284,17,13877,1,609,147
04-11-21,Campbell,4052,2,2238,0,1814,2,2515,0,24816,11,27331,11,0,62,-3,37,5,3953,1,125,63
04-11-21,Cannon,1880,1,1503,0,377,1,1674,0,9227,5,10901,5,0,31,1,29,0,1820,0,37,31
04-11-21,Carroll,3541,3,2322,0,1219,3,2757,0,19466,17,22223,17,0,82,2,15,1,3444,0,78,82
04-11-21,Carter,6347,7,5539,7,808,0,6083,8,37452,44,43535,52,0,156,-1,133,8,6058,0,226,156
04-11-21,Cheatham,4379,4,3349,3,1030,1,3791,3,27144,30,30935,33,0,52,-12,95,16,4232,0,90,53
04-11-21,Chester,2080,1,1502,1,578,0,1790,1,11702,10,13492,11,0,51,-2,8,3,2021,0,41,51
04-11-21,Claiborne,3027,5,1944,2,1083,3,2084,2,23950,23,26034,25,0,73,2,47,3,2907,0,92,73
04-11-21,Clay,1084,0,746,0,338,0,859,0,5606,3,6465,3,0,31,0,5,0,1048,0,25,30
04-11-21,Cocke,4397,8,2914,4,1483,4,3216,4,21929,23,25145,27,0,98,2,48,6,4251,0,115,98
04-11-21,Coffee,6771,2,4685,2,2086,0,5735,2,45454,28,51189,30,0,121,-4,77,6,6573,0,122,121
04-11-21,Crockett,1995,0,1203,0,792,0,1404,0,7294,4,8698,4,0,48,0,3,0,1944,0,30,48
04-11-21,Cumberland,6476,13,5368,8,1108,5,6149,6,48202,96,54351,102,0,127,9,131,4,6218,0,156,128
04-11-21,Davidson,86479,62,81032,50,5447,12,98460,60,969991,1582,1068451,1642,0,919,-18,910,80,84650,1,1942,918
04-11-21,Decatur,1563,0,1161,0,402,0,1381,0,10931,3,12312,3,0,38,0,1,0,1524,0,39,38
04-11-21,Dekalb,2738,1,2025,0,713,1,2342,0,16916,4,19258,4,0,53,0,12,1,2673,0,55,53
04-11-21,Dickson,6646,8,4798,6,1848,2,5671,6,35088,32,40759,38,0,108,3,124,5,6414,0,117,108
04-11-21,Dyer,5333,1,3524,0,1809,1,3979,0,21684,6,25663,6,0,104,-2,25,3,5204,0,108,104
04-11-21,Fayette,4840,1,4150,1,690,0,5108,1,37425,37,42533,38,0,78,-6,44,7,4718,0,130,75
04-11-21,Fentress,2363,1,2040,0,323,1,2332,1,13139,4,15471,5,0,46,0,18,1,2299,0,63,46
04-11-21,Franklin,5046,1,4202,1,844,0,4922,1,37660,21,42582,22,1,88,-10,56,10,4902,0,108,88
04-11-21,Gibson,6337,3,3824,3,2513,0,4633,2,29286,10,33919,12,0,144,0,54,3,6139,1,110,144
04-11-21,Giles,3906,1,3221,1,685,0,3702,2,22732,28,26434,30,0,98,-3,50,4,3758,0,110,98
04-11-21,Grainger,2554,1,1900,1,654,0,2128,1,13927,8,16055,9,0,48,-1,33,2,2473,1,69,50
04-11-21,Greene,7646,5,6068,5,1578,0,6764,5,49302,95,56066,100,0,151,-4,133,9,7362,0,187,151
04-11-21,Grundy,1766,1,1477,1,289,0,1693,2,8990,6,10683,8,0,31,1,20,0,1715,1,60,31
04-11-21,Hamblen,8403,4,5879,3,2524,1,6612,3,45810,50,52422,53,0,171,-2,73,6,8159,0,256,171
04-11-21,Hamilton,42910,23,36920,10,5990,13,41311,14,316508,262,357819,276,0,480,-33,438,56,41992,0,1147,482
04-11-21,Hancock,538,0,382,0,156,0,408,0,3842,0,4250,0,0,12,0,8,0,518,0,20,12
04-11-21,Hardeman,3448,3,2784,3,664,0,3251,5,24728,26,27979,31,0,63,3,27,0,3358,0,101,63
04-11-21,Hardin,3467,3,2352,2,1115,1,2793,1,23115,19,25908,20,0,66,-1,51,4,3350,0,64,66
04-11-21,Hawkins,5699,6,4641,6,1058,0,4982,7,34268,38,39250,45,0,106,-7,124,13,5469,0,148,106
04-11-21,Haywood,2669,0,2239,0,430,0,2555,0,13541,6,16096,6,0,60,0,6,0,2603,0,81,60
04-11-21,Henderson,3692,4,2568,2,1124,2,3215,2,15937,6,19152,8,0,75,-1,24,5,3593,1,78,75
04-11-21,Henry,3094,0,2394,0,700,0,2769,0,17706,9,20475,9,0,75,-1,24,1,2995,0,76,75
04-11-21,Hickman,2782,0,2243,0,539,0,2586,0,16418,13,19004,13,0,45,-1,32,1,2705,0,55,45
04-11-21,Houston,1073,0,807,0,266,0,923,0,10099,27,11022,27,0,33,-2,8,2,1032,0,40,33
04-11-21,Humphreys,1696,4,1092,3,604,1,1269,1,11535,10,12804,11,0,21,1,70,3,1605,0,33,21
04-11-21,Jackson,1285,0,1007,0,278,0,1177,0,5454,0,6631,0,0,35,-1,5,1,1245,0,39,35
04-11-21,Jefferson,6008,4,4141,3,1867,1,4686,3,38808,46,43494,49,0,121,0,70,4,5817,0,184,121
04-11-21,Johnson,2271,1,1996,0,275,1,2123,0,15137,8,17260,8,0,38,1,47,0,2186,0,58,38
04-11-21,Knox,49449,26,41473,14,7976,12,45374,15,321284,299,366658,314,2,626,-25,408,49,48415,0,1349,622
04-11-21,Lake,1692,0,1503,0,189,0,1773,0,10000,6,11773,6,0,26,-1,4,1,1662,0,25,26
04-11-21,Lauderdale,3122,1,2433,0,689,1,2792,0,20860,28,23652,28,0,44,0,14,1,3064,0,82,43
04-11-21,Lawrence,5725,2,4474,1,1251,1,4934,1,29001,16,33935,17,0,86,-4,37,6,5602,0,146,86
04-11-21,Lewis,1549,0,1170,0,379,0,1266,0,9908,8,11174,8,0,26,-2,22,2,1501,0,43,26
04-11-21,Lincoln,4258,0,3298,0,960,0,3752,1,17530,10,21282,11,0,63,-2,29,2,4166,0,83,61
04-11-21,Loudon,5988,4,4599,0,1389,4,5031,0,30968,26,35999,26,0,70,2,59,2,5859,0,134,69
04-11-21,Macon,3547,2,2760,2,787,0,3241,2,16271,10,19512,12,0,76,-4,65,6,3406,0,124,76
04-11-21,Madison,10623,6,5935,3,4688,3,7210,3,54456,29,61666,32,0,240,-3,-385,9,10768,0,336,240
04-11-21,Marion,3064,1,2615,1,449,0,2915,1,19055,13,21970,14,0,46,0,2,1,3016,1,111,46
04-11-21,Marshall,4069,1,3221,0,848,1,3639,0,22872,19,26511,19,0,58,1,46,0,3965,0,90,58
04-11-21,Maury,12906,10,11347,6,1559,4,12538,7,72900,124,85438,131,0,166,-1,79,11,12661,0,290,167
04-11-21,McMinn,6277,10,5577,6,700,4,6156,6,42383,32,48539,38,0,95,3,92,7,6090,0,155,98
04-11-21,McNairy,2751,0,1953,0,798,0,2375,0,17992,9,20367,9,0,54,-1,0,1,2697,0,63,54
04-11-21,Meigs,1325,2,1197,0,128,2,1329,1,7989,4,9318,5,0,23,2,9,0,1293,0,42,23
04-11-21,Monroe,5648,4,4458,3,1190,1,5008,3,27037,21,32045,24,0,95,0,72,4,5481,0,153,95
04-11-21,Montgomery,18832,18,13754,9,5078,9,15122,9,113495,159,128617,168,0,223,-9,4,27,18605,0,302,224
04-11-21,Moore,991,0,763,0,228,0,862,0,4835,0,5697,0,0,17,0,7,0,967,0,16,17
04-11-21,Morgan,2429,1,1784,1,645,0,1941,1,15139,14,17080,15,0,39,0,33,1,2357,0,42,39
04-11-21,Obion,4473,0,3310,0,1163,0,3748,0,22398,17,26146,17,0,96,-2,34,2,4343,0,101,96
04-11-21,Out of State,17152,8,13653,2,3499,6,15446,2,623228,444,638674,446,0,101,-6,212,14,16839,1,205,96
04-11-21,Overton,2945,1,2213,0,732,1,2607,0,14892,2,17499,2,0,60,-1,22,2,2863,0,63,61
04-11-21,Pending,16213,5,10450,2,5763,3,11611,3,404627,395,416238,398,0,132,-6,173,11,15908,0,139,131
04-11-21,Perry,1054,0,905,0,149,0,1019,0,6058,2,7077,2,0,28,0,2,0,1024,0,28,28
04-11-21,Pickett,750,0,496,0,254,0,598,0,3872,0,4470,0,0,24,0,2,0,724,0,28,24
04-11-21,Polk,1965,2,1770,2,195,0,1961,2,9345,13,11306,15,0,24,-1,50,3,1891,1,81,24
04-11-21,Putnam,11070,7,9039,4,2031,3,10840,5,71340,38,82180,43,0,173,4,110,3,10787,0,207,173
04-11-21,Rhea,4281,3,3708,2,573,1,4152,2,26535,19,30687,21,0,75,1,32,2,4174,0,82,75
04-11-21,Roane,6134,4,4742,2,1392,2,5287,2,42826,43,48113,45,0,100,2,43,2,5991,0,148,101
04-11-21,Robertson,9486,4,7449,3,2037,1,8393,4,43242,45,51635,49,0,127,-3,116,7,9243,1,422,127
04-11-21,Rutherford,41491,29,35505,16,5986,13,41269,19,235086,236,276355,255,0,418,-23,407,52,40666,0,590,419
04-11-21,Scott,3029,1,1676,0,1353,1,1791,0,11415,2,13206,2,0,45,-5,39,6,2945,0,64,45
04-11-21,Sequatchie,1653,0,1299,0,354,0,1417,0,11759,5,13176,5,0,28,-2,27,2,1598,0,38,29
04-11-21,Sevier,12984,7,11155,5,1829,2,12288,6,66339,50,78627,56,0,174,-11,159,18,12651,0,278,175
04-11-21,Shelby,91712,133,85072,117,6640,16,104818,135,970056,1281,1074874,1416,0,1575,45,1286,88,88851,5,3553,1593
04-11-21,Smith,2717,0,2039,0,678,0,2554,0,13606,18,16160,18,0,38,-3,28,3,2651,0,59,38
04-11-21,Stewart,1294,0,981,0,313,0,1108,0,6869,1,7977,1,0,28,-1,10,1,1256,0,26,28
04-11-21,Sullivan,15827,40,13745,38,2082,2,14826,38,88077,128,102903,166,0,284,7,415,33,15128,0,740,284
04-11-21,Sumner,22918,19,20285,15,2633,4,22945,16,120239,127,143184,143,0,338,-21,171,40,22409,0,702,338
04-11-21,Tipton,7159,3,4986,2,2173,1,6023,2,47474,45,53497,47,0,104,0,52,3,7003,1,154,99
04-11-21,Trousdale,2481,1,2324,1,157,0,2491,1,9170,6,11661,7,0,22,1,23,0,2436,0,41,22
04-11-21,Unicoi,1912,2,1468,1,444,1,1618,1,13252,14,14870,15,0,49,2,44,0,1819,0,67,49
04-11-21,Union,1845,1,1554,1,291,0,1675,2,10446,9,12121,11,0,34,-1,9,2,1802,0,58,34
04-11-21,Van Buren,829,1,688,1,141,0,761,1,5301,1,6062,2,0,21,1,12,0,796,0,21,21
04-11-21,Warren,5469,0,4659,0,810,0,5294,0,32941,13,38235,13,0,80,-1,52,1,5337,0,82,81
04-11-21,Washington,13879,21,11902,19,1977,2,13109,22,83058,118,96167,140,1,242,-17,414,37,13223,0,356,240
04-11-21,Wayne,2935,0,2362,0,573,0,2600,0,11275,13,13875,13,0,34,0,6,0,2895,0,61,34
04-11-21,Weakley,3986,3,2954,3,1032,0,3382,3,21659,14,25041,17,0,61,0,57,3,3868,0,69,62
04-11-21,White,3508,1,2874,1,634,0,3514,1,22718,17,26232,18,0,68,1,37,0,3403,1,110,68
04-11-21,Williamson,26995,28,22737,9,4258,19,25225,12,182513,173,207738,185,0,213,2,217,26,26565,0,291,215
04-11-21,Wilson,17777,22,15962,17,1815,5,18165,18,104002,124,122167,142,0,223,-4,-86,26,17640,0,334,223
04-10-21,Anderson,8510,7,6367,7,2143,0,7146,6,61884,72,69030,78,0,167,-4,82,11,8261,0,214,170
04-10-21,Bedford,6350,4,5005,3,1345,1,5755,4,31505,42,37260,46,0,126,-4,142,8,6082,0,133,125
04-10-21,Benton,1609,1,1268,1,341,0,1402,1,8971,9,10373,10,0,40,-1,42,2,1527,0,37,40
04-10-21,Bledsoe,2086,3,1890,2,196,1,2005,2,15662,22,17667,24,0,11,3,15,0,2060,0,32,11
04-10-21,Blount,14822,15,12647,10,2175,5,13929,11,73354,122,87283,133,0,194,5,-3,10,14631,1,337,193
04-10-21,Bradley,14297,17,11705,14,2592,3,13285,20,65657,167,78942,187,0,147,-8,290,25,13860,1,608,147
04-10-21,Campbell,4050,4,2238,2,1812,2,2515,2,24805,18,27320,20,0,62,1,40,3,3948,1,124,63
04-10-21,Cannon,1879,3,1503,2,376,1,1674,2,9222,11,10896,13,0,31,3,28,0,1820,0,37,31
04-10-21,Carroll,3538,0,2322,0,1216,0,2757,0,19449,14,22206,14,0,82,-1,13,1,3443,0,78,82
04-10-21,Carter,6340,8,5532,6,808,2,6075,8,37408,123,43483,131,0,156,-1,134,9,6050,0,226,156
04-10-21,Cheatham,4375,4,3346,2,1029,2,3788,5,27114,28,30902,33,1,52,-2,107,5,4216,0,90,53
04-10-21,Chester,2079,0,1501,0,578,0,1789,0,11692,5,13481,5,0,51,-2,10,2,2018,0,41,51
04-10-21,Claiborne,3022,3,1942,1,1080,2,2082,1,23927,24,26009,25,0,73,-5,45,8,2904,0,92,73
04-10-21,Clay,1084,0,746,0,338,0,859,0,5603,3,6462,3,0,31,0,5,0,1048,0,25,30
04-10-21,Cocke,4389,3,2910,1,1479,2,3212,2,21906,30,25118,32,0,98,-1,46,4,4245,0,115,98
04-10-21,Coffee,6769,4,4683,1,2086,3,5733,1,45426,34,51159,35,0,121,0,81,4,6567,0,122,121
04-10-21,Crockett,1995,0,1203,0,792,0,1404,1,7290,6,8694,7,0,48,-1,3,1,1944,0,30,48
04-10-21,Cumberland,6463,7,5360,5,1103,2,6143,5,48106,24,54249,29,0,127,2,122,5,6214,0,156,128
04-10-21,Davidson,86417,72,80982,55,5435,17,98400,78,968409,2379,1066809,2457,1,919,-8,928,79,84570,3,1941,918
04-10-21,Decatur,1563,0,1161,0,402,0,1381,0,10928,5,12309,5,0,38,0,1,0,1524,0,39,38
04-10-21,Dekalb,2737,0,2025,0,712,0,2342,0,16912,9,19254,9,0,53,-1,12,1,2672,0,55,53
04-10-21,Dickson,6638,4,4792,2,1846,2,5665,4,35056,31,40721,35,0,108,-1,121,5,6409,0,117,108
04-10-21,Dyer,5332,1,3524,1,1808,0,3979,3,21678,16,25657,19,0,104,0,27,1,5201,0,108,104
04-10-21,Fayette,4839,6,4149,3,690,3,5107,3,37388,86,42495,89,0,78,4,50,2,4711,0,130,75
04-10-21,Fentress,2362,0,2040,0,322,0,2331,0,13135,2,15466,2,0,46,0,18,0,2298,0,63,46
04-10-21,Franklin,5045,5,4201,4,844,1,4921,4,37639,22,42560,26,0,87,-2,66,7,4892,0,108,87
04-10-21,Gibson,6334,2,3821,1,2513,1,4631,1,29276,31,33907,32,0,144,-1,54,3,6136,0,109,144
04-10-21,Giles,3905,6,3220,2,685,4,3700,2,22704,20,26404,22,0,98,3,53,3,3754,0,110,98
04-10-21,Grainger,2553,2,1899,1,654,1,2127,1,13919,11,16046,12,0,48,0,34,2,2471,0,68,50
04-10-21,Greene,7641,6,6063,5,1578,1,6759,5,49207,80,55966,85,0,151,0,137,6,7353,0,187,151
04-10-21,Grundy,1765,1,1476,1,289,0,1691,1,8984,7,10675,8,0,31,1,19,0,1715,0,59,31
04-10-21,Hamblen,8399,7,5876,2,2523,5,6609,4,45760,30,52369,34,0,171,6,75,1,8153,0,256,170
04-10-21,Hamilton,42887,54,36910,39,5977,15,41297,48,316246,537,357543,585,0,480,20,471,34,41936,0,1147,482
04-10-21,Hancock,538,0,382,0,156,0,408,0,3842,2,4250,2,0,12,-2,8,2,518,0,20,12
04-10-21,Hardeman,3445,2,2781,2,664,0,3246,2,24702,27,27948,29,0,63,0,24,2,3358,0,101,63
04-10-21,Hardin,3464,2,2350,1,1114,1,2792,1,23096,20,25888,21,0,66,1,52,1,3346,0,64,66
04-10-21,Hawkins,5693,4,4635,1,1058,3,4975,1,34230,40,39205,41,1,106,-4,131,7,5456,0,148,106
04-10-21,Haywood,2669,0,2239,0,430,0,2555,0,13535,15,16090,15,0,60,0,6,0,2603,0,81,60
04-10-21,Henderson,3688,5,2566,3,1122,2,3213,3,15931,6,19144,9,0,75,5,25,0,3588,0,77,75
04-10-21,Henry,3094,1,2394,0,700,1,2769,0,17697,7,20466,7,0,75,0,25,1,2994,1,76,75
04-10-21,Hickman,2782,1,2243,0,539,1,2586,0,16405,14,18991,14,0,45,1,33,0,2704,0,55,45
04-10-21,Houston,1073,0,807,0,266,0,923,0,10072,62,10995,62,0,33,-2,10,2,1030,0,40,33
04-10-21,Humphreys,1692,2,1089,1,603,1,1268,1,11525,19,12793,20,0,21,-2,69,4,1602,0,33,21
04-10-21,Jackson,1285,0,1007,0,278,0,1177,0,5454,6,6631,6,0,35,0,6,0,1244,0,39,35
04-10-21,Jefferson,6004,4,4138,2,1866,2,4683,2,38762,42,43445,44,0,121,-1,70,5,5813,0,184,120
04-10-21,Johnson,2270,0,1996,0,274,0,2123,0,15129,25,17252,25,0,38,-1,46,1,2186,0,58,38
04-10-21,Knox,49423,47,41459,30,7964,17,45359,40,320985,571,366344,611,0,624,4,433,43,48366,1,1349,622
04-10-21,Lake,1692,0,1503,0,189,0,1773,0,9994,5,11767,5,0,26,0,5,0,1661,0,25,26
04-10-21,Lauderdale,3121,0,2433,0,688,0,2792,0,20832,14,23624,14,0,44,-1,14,1,3063,0,82,43
04-10-21,Lawrence,5723,2,4473,2,1250,0,4933,2,28985,17,33918,19,0,86,-5,41,7,5596,1,146,86
04-10-21,Lewis,1549,1,1170,0,379,1,1266,0,9900,6,11166,6,0,26,-3,24,4,1499,0,43,26
04-10-21,Lincoln,4258,0,3298,0,960,0,3751,2,17520,16,21271,18,0,63,-4,31,4,4164,0,83,61
04-10-21,Loudon,5984,7,4599,2,1385,5,5031,3,30942,34,35973,37,0,70,1,57,6,5857,0,134,69
04-10-21,Macon,3545,0,2758,0,787,0,3239,0,16261,29,19500,29,1,76,-2,69,1,3400,0,124,76
04-10-21,Madison,10617,7,5932,1,4685,6,7207,1,54427,44,61634,45,0,240,5,-382,2,10759,0,336,240
04-10-21,Marion,3063,0,2614,0,449,0,2914,0,19042,12,21956,12,0,46,-3,2,3,3015,0,110,46
04-10-21,Marshall,4068,3,3221,3,847,0,3639,3,22853,25,26492,28,0,58,0,45,3,3965,1,90,58
04-10-21,Maury,12896,14,11341,9,1555,5,12531,12,72776,82,85307,94,0,166,-4,80,18,12650,0,290,167
04-10-21,McMinn,6267,20,5571,14,696,6,6150,13,42351,65,48501,78,0,95,11,89,9,6083,1,155,98
04-10-21,McNairy,2751,0,1953,0,798,0,2375,0,17983,9,20358,9,0,54,-2,1,2,2696,0,63,54
04-10-21,Meigs,1323,2,1197,1,126,1,1328,1,7985,19,9313,20,0,23,1,7,1,1293,0,42,23
04-10-21,Monroe,5644,1,4455,1,1189,0,5005,1,27016,36,32021,37,0,95,-2,72,3,5477,0,153,95
04-10-21,Montgomery,18814,25,13745,16,5069,9,15113,21,113336,141,128449,162,0,223,-5,13,30,18578,1,302,224
04-10-21,Moore,991,0,763,0,228,0,862,0,4835,1,5697,1,0,17,-2,7,2,967,0,16,17
04-10-21,Morgan,2428,1,1783,1,645,0,1940,1,15125,6,17065,7,0,39,-3,33,4,2356,0,42,39
04-10-21,Obion,4473,3,3310,1,1163,2,3748,2,22381,17,26129,19,0,96,0,36,3,4341,0,101,96
04-10-21,Out of State,17144,14,13651,4,3493,10,15444,7,622784,748,638228,755,0,101,-4,218,18,16825,0,204,96
04-10-21,Overton,2944,1,2213,1,731,0,2607,1,14890,7,17497,8,0,60,-2,23,3,2861,0,63,61
04-10-21,Pending,16208,15,10448,6,5760,9,11608,6,404232,655,415840,661,0,132,6,179,9,15897,0,139,131
04-10-21,Perry,1054,0,905,0,149,0,1019,0,6056,1,7075,1,0,28,0,2,0,1024,0,28,28
04-10-21,Pickett,750,0,496,0,254,0,598,0,3872,2,4470,2,0,24,0,2,0,724,0,28,24
04-10-21,Polk,1963,4,1768,3,195,1,1959,3,9332,27,11291,30,0,24,0,51,4,1888,2,80,24
04-10-21,Putnam,11063,2,9035,1,2028,1,10835,3,71302,44,82137,47,0,173,-2,106,4,10784,0,207,173
04-10-21,Rhea,4278,2,3706,1,572,1,4150,2,26516,26,30666,28,0,75,2,31,0,4172,0,82,75
04-10-21,Roane,6130,3,4740,1,1390,2,5285,1,42783,43,48068,44,0,100,-3,41,6,5989,0,148,101
04-10-21,Robertson,9482,13,7446,7,2036,6,8389,6,43197,63,51586,69,0,127,8,119,5,9236,0,421,127
04-10-21,Rutherford,41462,60,35489,42,5973,18,41250,55,234850,528,276100,583,3,418,25,430,32,40614,1,590,419
04-10-21,Scott,3028,0,1676,0,1352,0,1791,0,11413,11,13204,11,0,45,-4,44,4,2939,0,64,45
04-10-21,Sequatchie,1653,1,1299,1,354,0,1417,0,11754,6,13171,6,0,28,0,29,1,1596,0,38,29
04-10-21,Sevier,12977,24,11150,20,1827,4,12282,23,66289,141,78571,164,0,174,5,170,19,12633,1,278,174
04-10-21,Shelby,91579,192,84955,143,6624,49,104683,167,968775,2307,1073458,2474,0,1575,122,1241,70,88763,7,3548,1592
04-10-21,Smith,2717,1,2039,1,678,0,2554,2,13588,11,16142,13,1,38,-2,31,2,2648,0,59,38
04-10-21,Stewart,1294,3,981,2,313,1,1108,1,6868,0,7976,1,0,28,3,11,0,1255,0,26,28
04-10-21,Sullivan,15787,18,13707,14,2080,4,14788,15,87949,186,102737,201,0,284,-9,408,27,15095,0,740,284
04-10-21,Sumner,22899,22,20270,20,2629,2,22929,25,120112,239,143041,264,0,338,-1,192,23,22369,1,702,338
04-10-21,Tipton,7156,0,4984,0,2172,0,6021,0,47429,89,53450,89,0,104,-5,52,5,7000,0,153,99
04-10-21,Trousdale,2480,2,2323,2,157,0,2490,2,9164,13,11654,15,0,22,-3,22,5,2436,0,41,22
04-10-21,Unicoi,1910,4,1467,4,443,0,1617,4,13238,30,14855,34,0,49,2,42,2,1819,0,67,49
04-10-21,Union,1844,0,1553,0,291,0,1673,0,10437,18,12110,18,0,34,0,10,0,1800,0,58,34
04-10-21,Van Buren,828,0,687,0,141,0,760,0,5300,3,6060,3,0,21,-2,11,2,796,0,21,21
04-10-21,Warren,5469,0,4659,0,810,0,5294,0,32928,52,38222,52,0,80,-4,53,4,5336,0,82,81
04-10-21,Washington,13858,28,11883,26,1975,2,13087,30,82940,189,96027,219,0,241,3,431,25,13186,0,356,240
04-10-21,Wayne,2935,1,2362,1,573,0,2600,1,11262,8,13862,9,0,34,0,6,1,2895,0,61,34
04-10-21,Weakley,3983,1,2951,1,1032,0,3379,2,21645,10,25024,12,0,61,-7,57,8,3865,0,69,62
04-10-21,White,3507,1,2873,1,634,0,3513,1,22701,22,26214,23,0,68,-2,36,3,3403,0,109,68
04-10-21,Williamson,26967,33,22728,24,4239,9,25213,25,182340,310,207553,335,0,213,14,215,19,26539,0,291,215
04-10-21,Wilson,17755,24,15945,15,1810,9,18147,18,103878,260,122025,278,0,223,-4,-82,28,17614,0,334,223
04-09-21,Anderson,8503,8,6360,6,2143,2,7140,9,61812,86,68952,95,-4,167,8,86,4,8250,0,214,170
04-09-21,Bedford,6346,16,5002,11,1344,5,5751,14,31463,87,37214,101,0,126,1,146,15,6074,0,133,125
04-09-21,Benton,1608,3,1267,1,341,2,1401,3,8962,27,10363,30,0,40,1,43,2,1525,1,37,40
04-09-21,Bledsoe,2083,3,1888,3,195,0,2003,3,15640,53,17643,56,0,11,2,12,1,2060,0,32,11
04-09-21,Blount,14807,16,12637,11,2170,5,13918,12,73232,163,87150,175,0,194,-7,-8,23,14621,0,336,193
04-09-21,Bradley,14280,33,11691,22,2589,11,13265,24,65490,188,78755,212,0,147,6,298,27,13835,2,607,147
04-09-21,Campbell,4046,0,2236,0,1810,0,2513,0,24787,16,27300,16,0,62,-6,39,6,3945,0,123,63
04-09-21,Cannon,1876,1,1501,1,375,0,1672,1,9211,17,10883,18,0,31,-1,25,2,1820,0,37,31
04-09-21,Carroll,3538,0,2322,0,1216,0,2757,0,19435,22,22192,22,0,82,0,14,0,3442,0,78,82
04-09-21,Carter,6332,28,5526,25,806,3,6067,24,37285,74,43352,98,0,156,14,135,14,6041,0,226,156
04-09-21,Cheatham,4371,12,3344,10,1027,2,3783,10,27086,106,30869,116,0,51,-3,109,15,4211,0,90,52
04-09-21,Chester,2079,2,1501,2,578,0,1789,2,11687,6,13476,8,0,51,0,12,2,2016,0,41,51
04-09-21,Claiborne,3019,6,1941,3,1078,3,2081,3,23903,79,25984,82,0,73,-2,50,8,2896,0,92,73
04-09-21,Clay,1084,2,746,2,338,0,859,2,5600,11,6459,13,0,31,2,5,0,1048,0,25,30
04-09-21,Cocke,4386,4,2909,4,1477,0,3210,4,21876,57,25086,61,0,98,1,47,3,4241,0,115,98
04-09-21,Coffee,6765,5,4682,3,2083,2,5732,3,45392,73,51124,76,0,121,1,81,4,6563,0,122,121
04-09-21,Crockett,1995,2,1203,1,792,1,1403,0,7284,13,8687,13,0,48,2,4,0,1943,0,30,48
04-09-21,Cumberland,6456,14,5355,11,1101,3,6138,14,48082,100,54220,114,0,127,5,120,9,6209,1,156,128
04-09-21,Davidson,86345,132,80927,105,5418,27,98322,116,966030,2512,1064352,2628,0,918,16,936,116,84491,0,1938,918
04-09-21,Decatur,1563,0,1161,0,402,0,1381,0,10923,6,12304,6,0,38,0,1,0,1524,0,39,38
04-09-21,Dekalb,2737,2,2025,0,712,2,2342,0,16903,23,19245,23,0,53,0,13,2,2671,0,55,53
04-09-21,Dickson,6634,10,4790,8,1844,2,5661,8,35025,76,40686,84,0,108,3,122,7,6404,0,117,108
04-09-21,Dyer,5331,1,3523,1,1808,0,3976,1,21662,44,25638,45,0,104,-3,27,4,5200,0,108,104
04-09-21,Fayette,4833,6,4146,3,687,3,5104,2,37302,45,42406,47,0,78,4,46,2,4709,0,130,75
04-09-21,Fentress,2362,0,2040,0,322,0,2331,0,13133,16,15464,16,0,46,0,18,0,2298,0,63,46
04-09-21,Franklin,5040,6,4197,6,843,0,4917,4,37617,185,42534,189,0,87,1,68,5,4885,0,108,87
04-09-21,Gibson,6332,4,3820,4,2512,0,4630,4,29245,57,33875,61,0,144,-1,55,5,6133,0,109,144
04-09-21,Giles,3899,4,3218,4,681,0,3698,5,22684,39,26382,44,0,98,-1,50,5,3751,0,110,98
04-09-21,Grainger,2551,7,1898,7,653,0,2126,7,13908,31,16034,38,-1,48,3,34,5,2469,0,68,50
04-09-21,Greene,7635,17,6058,15,1577,2,6754,14,49127,240,55881,254,0,151,6,137,11,7347,0,187,151
04-09-21,Grundy,1764,3,1475,2,289,1,1690,2,8977,49,10667,51,0,31,2,18,1,1715,0,59,31
04-09-21,Hamblen,8392,12,5874,6,2518,6,6605,4,45730,88,52335,92,2,171,5,69,5,8152,1,256,170
04-09-21,Hamilton,42833,76,36871,64,5962,12,41249,68,315709,798,356958,866,0,480,23,451,53,41902,10,1147,481
04-09-21,Hancock,538,1,382,0,156,1,408,1,3840,8,4248,9,0,12,0,10,1,516,0,20,12
04-09-21,Hardeman,3443,3,2779,2,664,1,3244,2,24675,33,27919,35,0,63,3,24,0,3356,0,101,63
04-09-21,Hardin,3462,9,2349,4,1113,5,2791,5,23076,40,25867,45,0,66,6,51,3,3345,0,64,66
04-09-21,Hawkins,5689,19,4634,13,1055,6,4974,13,34190,103,39164,116,0,105,7,135,12,5449,0,148,106
04-09-21,Haywood,2669,1,2239,1,430,0,2555,1,13520,12,16075,13,0,60,1,6,0,2603,0,81,60
04-09-21,Henderson,3683,2,2563,2,1120,0,3210,3,15925,13,19135,16,0,75,2,20,0,3588,0,77,75
04-09-21,Henry,3093,5,2394,1,699,4,2769,2,17690,25,20459,27,0,75,5,25,0,2993,0,75,75
04-09-21,Hickman,2781,2,2243,1,538,1,2586,1,16391,32,18977,33,0,45,-3,32,5,2704,0,55,45
04-09-21,Houston,1073,2,807,2,266,0,923,2,10010,11,10933,13,0,33,1,12,1,1028,0,40,33
04-09-21,Humphreys,1690,12,1088,8,602,4,1267,8,11506,26,12773,34,0,21,5,71,7,1598,1,33,21
04-09-21,Jackson,1285,1,1007,1,278,0,1177,1,5448,11,6625,12,0,35,-1,6,2,1244,0,39,35
04-09-21,Jefferson,6000,6,4136,4,1864,2,4681,10,38720,89,43401,99,0,121,2,71,4,5808,0,184,120
04-09-21,Johnson,2270,5,1996,4,274,1,2123,4,15104,47,17227,51,0,38,4,47,1,2185,0,58,38
04-09-21,Knox,49376,81,41429,61,7947,20,45319,67,320414,615,365733,682,5,624,10,429,66,48323,1,1348,621
04-09-21,Lake,1692,0,1503,0,189,0,1773,0,9989,11,11762,11,0,26,-1,5,1,1661,0,25,26
04-09-21,Lauderdale,3121,2,2433,2,688,0,2792,2,20818,40,23610,42,0,44,1,15,1,3062,0,82,43
04-09-21,Lawrence,5721,10,4471,6,1250,4,4931,7,28968,48,33899,55,0,86,6,46,4,5589,1,145,86
04-09-21,Lewis,1548,3,1170,1,378,2,1266,1,9894,8,11160,9,0,26,-3,27,6,1495,0,43,26
04-09-21,Lincoln,4258,1,3298,1,960,0,3749,0,17504,35,21253,35,0,63,-3,35,4,4160,0,83,61
04-09-21,Loudon,5977,10,4597,5,1380,5,5028,4,30908,63,35936,67,1,70,6,56,3,5851,0,134,69
04-09-21,Macon,3545,4,2758,3,787,1,3239,3,16232,18,19471,21,0,75,-4,71,8,3399,0,124,76
04-09-21,Madison,10610,17,5931,9,4679,8,7206,11,54383,94,61589,105,0,240,8,-387,9,10757,0,336,239
04-09-21,Marion,3063,2,2614,2,449,0,2914,1,19030,44,21944,45,0,46,1,5,1,3012,0,110,46
04-09-21,Marshall,4065,4,3218,4,847,0,3636,4,22828,19,26464,23,0,58,0,45,4,3962,0,89,58
04-09-21,Maury,12882,17,11332,14,1550,3,12519,13,72694,135,85213,148,0,166,-10,84,27,12632,0,290,167
04-09-21,McMinn,6247,6,5557,6,690,0,6137,8,42286,64,48423,72,0,95,-2,78,8,6074,0,154,96
04-09-21,McNairy,2751,2,1953,0,798,2,2375,0,17974,28,20349,28,0,54,0,3,2,2694,0,63,54
04-09-21,Meigs,1321,1,1196,1,125,0,1327,1,7966,9,9293,10,0,23,1,6,0,1292,0,42,23
04-09-21,Monroe,5643,6,4454,4,1189,2,5004,5,26980,38,31984,43,0,95,-7,74,13,5474,1,153,95
04-09-21,Montgomery,18789,47,13729,42,5060,5,15092,46,113195,334,128287,380,0,223,9,18,38,18548,1,301,223
04-09-21,Moore,991,0,763,0,228,0,862,0,4834,9,5696,9,0,17,-3,9,3,965,0,16,17
04-09-21,Morgan,2427,5,1782,0,645,5,1939,2,15119,12,17058,14,0,39,2,36,3,2352,0,42,39
04-09-21,Obion,4470,5,3309,2,1161,3,3746,2,22364,61,26110,63,0,96,3,36,2,4338,0,101,96
04-09-21,Out of State,17130,19,13647,14,3483,5,15437,15,622036,1123,637473,1138,0,101,-6,222,25,16807,0,204,96
04-09-21,Overton,2943,3,2212,1,731,2,2606,1,14883,18,17489,19,0,60,3,25,0,2858,0,63,61
04-09-21,Pending,16193,87,10442,74,5751,13,11602,75,403577,990,415179,1065,0,132,62,173,25,15888,0,139,131
04-09-21,Perry,1054,0,905,0,149,0,1019,0,6055,2,7074,2,0,28,0,2,0,1024,0,28,28
04-09-21,Pickett,750,0,496,0,254,0,598,0,3870,2,4468,2,0,24,0,2,0,724,0,28,24
04-09-21,Polk,1959,10,1765,10,194,0,1956,11,9305,19,11261,30,0,24,7,51,3,1884,0,78,24
04-09-21,Putnam,11061,18,9034,18,2027,0,10832,23,71258,173,82090,196,0,173,12,108,6,10780,0,207,173
04-09-21,Rhea,4276,4,3705,4,571,0,4148,4,26490,45,30638,49,0,75,-3,29,7,4172,0,82,75
04-09-21,Roane,6127,9,4739,3,1388,6,5284,3,42740,94,48024,97,-1,100,5,44,5,5983,1,148,101
04-09-21,Robertson,9469,5,7439,2,2030,3,8383,3,43134,106,51517,109,0,127,-9,111,14,9231,0,421,127
04-09-21,Rutherford,41402,66,35447,51,5955,15,41195,59,234322,544,275517,603,0,415,-16,405,82,40582,0,589,418
04-09-21,Scott,3028,3,1676,1,1352,2,1791,1,11402,20,13193,21,0,45,3,48,0,2935,1,64,45
04-09-21,Sequatchie,1652,3,1298,2,354,1,1417,2,11748,16,13165,18,0,28,1,29,2,1595,0,38,29
04-09-21,Sevier,12953,15,11130,11,1823,4,12259,11,66148,146,78407,157,0,174,-3,165,18,12614,1,277,174
04-09-21,Shelby,91387,151,84812,138,6575,13,104516,165,966468,2788,1070984,2953,0,1575,40,1119,111,88693,7,3541,1592
04-09-21,Smith,2716,7,2038,4,678,3,2552,4,13577,26,16129,30,0,37,4,33,3,2646,0,59,38
04-09-21,Stewart,1291,1,979,1,312,0,1107,1,6868,12,7975,13,0,28,-2,8,3,1255,0,26,28
04-09-21,Sullivan,15769,49,13693,45,2076,4,14773,46,87763,203,102536,249,1,284,14,417,34,15068,1,740,284
04-09-21,Sumner,22877,33,20250,24,2627,9,22904,25,119873,241,142777,266,0,338,-8,193,41,22346,0,701,337
04-09-21,Tipton,7156,9,4984,9,2172,0,6021,9,47340,111,53361,120,0,104,2,57,7,6995,1,153,99
04-09-21,Trousdale,2478,1,2321,1,157,0,2488,1,9151,21,11639,22,0,22,-2,25,3,2431,0,41,22
04-09-21,Unicoi,1906,4,1463,3,443,1,1613,3,13208,31,14821,34,0,49,2,40,2,1817,0,67,49
04-09-21,Union,1844,2,1553,0,291,2,1673,0,10419,22,12092,22,0,34,1,10,1,1800,0,58,34
04-09-21,Van Buren,828,2,687,1,141,1,760,1,5297,4,6057,5,0,21,2,13,0,794,0,21,21
04-09-21,Warren,5469,5,4659,2,810,3,5294,2,32876,64,38170,66,-1,80,2,57,4,5332,0,82,81
04-09-21,Washington,13830,39,11857,35,1973,4,13057,38,82751,217,95808,255,1,241,3,428,35,13161,2,356,240
04-09-21,Wayne,2934,0,2361,0,573,0,2599,0,11254,9,13853,9,0,34,0,6,0,2894,0,61,34
04-09-21,Weakley,3982,4,2950,3,1032,1,3377,4,21635,78,25012,82,0,61,-3,64,7,3857,0,69,62
04-09-21,White,3506,5,2872,2,634,3,3512,3,22679,35,26191,38,0,68,3,38,2,3400,1,109,68
04-09-21,Williamson,26934,37,22704,20,4230,17,25188,22,182030,370,207218,392,0,213,-18,201,55,26520,0,291,214
04-09-21,Wilson,17731,22,15930,18,1801,4,18129,19,103618,282,121747,301,0,223,-8,-78,30,17586,1,334,223
04-08-21,Anderson,8495,3,6354,2,2141,1,7131,3,61726,91,68857,94,5,171,-18,78,16,8246,1,214,170
04-08-21,Bedford,6330,16,4991,11,1339,5,5737,11,31376,49,37113,60,0,126,-5,145,21,6059,0,133,125
04-08-21,Benton,1605,6,1266,3,339,3,1398,2,8935,19,10333,21,0,40,4,42,2,1523,1,36,40
04-08-21,Bledsoe,2080,1,1885,0,195,1,2000,0,15587,105,17587,105,0,11,1,10,0,2059,0,32,11
04-08-21,Blount,14791,19,12626,13,2165,6,13906,12,73069,131,86975,143,-1,194,5,-1,15,14598,0,336,193
04-08-21,Bradley,14247,28,11669,17,2578,11,13241,19,65302,123,78543,142,0,147,13,292,15,13808,1,605,147
04-08-21,Campbell,4046,4,2236,0,1810,4,2513,2,24771,23,27284,25,0,62,-2,45,6,3939,1,123,63
04-08-21,Cannon,1875,2,1500,2,375,0,1671,2,9194,16,10865,18,0,31,1,26,1,1818,0,37,31
04-08-21,Carroll,3538,1,2322,1,1216,0,2757,1,19413,18,22170,19,0,82,-3,14,4,3442,0,78,82
04-08-21,Carter,6304,13,5501,12,803,1,6043,15,37211,63,43254,78,0,156,0,121,13,6027,0,226,156
04-08-21,Cheatham,4359,18,3334,5,1025,13,3773,5,26980,46,30753,51,0,51,0,112,18,4196,0,90,51
04-08-21,Chester,2077,1,1499,1,578,0,1787,1,11681,5,13468,6,1,51,-1,12,1,2014,0,41,51
04-08-21,Claiborne,3013,7,1938,2,1075,5,2078,2,23824,23,25902,25,-1,73,6,52,2,2888,0,92,73
04-08-21,Clay,1082,0,744,0,338,0,857,0,5589,3,6446,3,0,31,-2,3,2,1048,0,25,30
04-08-21,Cocke,4382,5,2905,1,1477,4,3206,1,21819,26,25025,27,0,98,-1,46,6,4238,0,115,98
04-08-21,Coffee,6760,12,4679,3,2081,9,5729,4,45319,62,51048,66,0,121,-5,80,17,6559,0,122,121
04-08-21,Crockett,1993,0,1202,0,791,0,1403,0,7271,6,8674,6,0,48,0,2,0,1943,0,30,48
04-08-21,Cumberland,6442,3,5344,2,1098,1,6124,3,47982,33,54106,36,1,127,-10,115,12,6200,0,155,128
04-08-21,Davidson,86213,111,80822,98,5391,13,98206,124,963518,2161,1061724,2285,1,918,-29,920,139,84375,2,1938,917
04-08-21,Decatur,1563,0,1161,0,402,0,1381,0,10917,7,12298,7,0,38,-1,1,1,1524,0,39,38
04-08-21,Dekalb,2735,0,2025,0,710,0,2342,0,16880,12,19222,12,0,53,-3,13,3,2669,0,55,53
04-08-21,Dickson,6624,12,4782,8,1842,4,5653,11,34949,92,40602,103,0,108,1,119,11,6397,0,117,108
04-08-21,Dyer,5330,4,3522,3,1808,1,3975,3,21618,42,25593,45,0,104,2,30,2,5196,0,108,104
04-08-21,Fayette,4827,12,4143,5,684,7,5102,6,37257,64,42359,70,0,78,8,42,4,4707,0,130,75
04-08-21,Fentress,2362,0,2040,0,322,0,2331,0,13117,12,15448,12,0,46,0,18,0,2298,0,63,46
04-08-21,Franklin,5034,1,4191,1,843,0,4913,1,37432,39,42345,40,0,87,-8,67,9,4880,0,108,87
04-08-21,Gibson,6328,7,3816,5,2512,2,4626,5,29188,65,33814,70,0,144,2,56,5,6128,0,109,144
04-08-21,Giles,3895,3,3214,1,681,2,3693,3,22645,29,26338,32,0,98,-1,51,4,3746,0,110,98
04-08-21,Grainger,2544,2,1891,0,653,2,2119,0,13877,14,15996,14,1,49,-1,31,2,2464,0,68,50
04-08-21,Greene,7618,12,6043,10,1575,2,6740,9,48887,124,55627,133,0,151,2,131,10,7336,1,187,151
04-08-21,Grundy,1761,1,1473,0,288,1,1688,0,8928,15,10616,15,0,31,0,16,1,1714,0,59,31
04-08-21,Hamblen,8380,4,5868,1,2512,3,6601,2,45642,42,52243,44,-1,169,2,64,3,8147,0,255,170
04-08-21,Hamilton,42757,51,36807,26,5950,25,41181,27,314911,581,356092,608,0,480,10,428,41,41849,3,1137,480
04-08-21,Hancock,537,4,382,3,155,1,407,3,3832,5,4239,8,0,12,3,10,1,515,0,20,12
04-08-21,Hardeman,3440,5,2777,4,663,1,3242,4,24642,21,27884,25,0,63,4,21,1,3356,0,101,63
04-08-21,Hardin,3453,3,2345,2,1108,1,2786,2,23036,26,25822,28,0,66,-2,45,5,3342,0,64,66
04-08-21,Hawkins,5670,10,4621,5,1049,5,4961,4,34087,116,39048,120,0,105,6,128,4,5437,0,148,106
04-08-21,Haywood,2668,0,2238,0,430,0,2554,0,13508,5,16062,5,0,60,-1,5,1,2603,0,81,60
04-08-21,Henderson,3681,4,2561,1,1120,3,3207,1,15912,10,19119,11,0,75,0,18,4,3588,0,77,75
04-08-21,Henry,3088,1,2393,0,695,1,2767,0,17665,13,20432,13,0,75,-3,20,4,2993,0,75,75
04-08-21,Hickman,2779,4,2242,3,537,1,2585,3,16359,32,18944,35,0,45,0,35,4,2699,0,55,45
04-08-21,Houston,1071,2,805,1,266,1,921,2,9999,89,10920,91,0,33,2,11,0,1027,0,40,33
04-08-21,Humphreys,1678,7,1080,5,598,2,1259,6,11480,18,12739,24,0,21,5,66,2,1591,0,32,21
04-08-21,Jackson,1284,0,1006,0,278,0,1176,0,5437,2,6613,2,0,35,0,7,0,1242,0,39,35
04-08-21,Jefferson,5994,12,4132,8,1862,4,4671,7,38631,62,43302,69,0,121,7,69,5,5804,0,184,120
04-08-21,Johnson,2265,1,1992,0,273,1,2119,0,15057,32,17176,32,0,38,-3,43,4,2184,0,58,38
04-08-21,Knox,49295,49,41368,26,7927,23,45252,25,319799,467,365051,492,-6,619,-22,419,77,48257,0,1347,621
04-08-21,Lake,1692,2,1503,1,189,1,1773,1,9978,5,11751,6,0,26,2,6,0,1660,0,25,26
04-08-21,Lauderdale,3119,0,2431,0,688,0,2790,0,20778,21,23568,21,0,44,0,14,0,3061,0,82,43
04-08-21,Lawrence,5711,3,4465,2,1246,1,4924,3,28920,33,33844,36,0,86,-6,40,9,5585,0,144,86
04-08-21,Lewis,1545,1,1169,1,376,0,1265,2,9886,12,11151,14,1,26,-2,30,2,1489,0,43,26
04-08-21,Lincoln,4257,4,3297,4,960,0,3749,4,17469,36,21218,40,0,63,-2,38,6,4156,0,83,61
04-08-21,Loudon,5967,5,4592,0,1375,5,5024,1,30845,41,35869,42,0,69,3,50,2,5848,0,134,69
04-08-21,Macon,3541,4,2755,4,786,0,3236,4,16214,23,19450,27,0,75,-2,75,6,3391,1,124,75
04-08-21,Madison,10593,25,5922,16,4671,9,7195,18,54289,93,61484,111,0,240,16,-395,9,10748,0,336,239
04-08-21,Marion,3061,0,2612,0,449,0,2913,1,18986,12,21899,13,0,46,-2,4,2,3011,0,110,46
04-08-21,Marshall,4061,4,3214,1,847,3,3632,2,22809,31,26441,33,0,58,2,45,2,3958,1,89,58
04-08-21,Maury,12865,7,11318,4,1547,3,12506,10,72559,128,85065,138,0,166,-17,94,24,12605,0,290,166
04-08-21,McMinn,6241,3,5551,2,690,1,6129,1,42222,61,48351,62,0,95,-3,80,6,6066,0,154,96
04-08-21,McNairy,2749,1,1953,0,796,1,2375,0,17946,13,20321,13,0,54,1,3,0,2692,0,63,54
04-08-21,Meigs,1320,0,1195,0,125,0,1326,0,7957,10,9283,10,0,23,-1,5,1,1292,0,42,23
04-08-21,Monroe,5637,11,4450,6,1187,5,4999,7,26942,60,31941,67,0,95,7,81,4,5461,0,152,95
04-08-21,Montgomery,18742,45,13687,25,5055,20,15046,22,112861,334,127907,356,0,223,10,9,35,18510,0,300,223
04-08-21,Moore,991,0,763,0,228,0,862,0,4825,4,5687,4,0,17,-1,12,1,962,0,16,17
04-08-21,Morgan,2422,0,1782,0,640,0,1937,0,15107,8,17044,8,0,39,-1,34,1,2349,0,42,39
04-08-21,Obion,4465,4,3307,2,1158,2,3744,2,22303,20,26047,22,0,96,-1,33,5,4336,0,101,96
04-08-21,Out of State,17111,28,13633,24,3478,4,15422,32,620913,1347,636335,1379,-1,101,8,228,21,16782,0,204,96
04-08-21,Overton,2940,0,2211,0,729,0,2605,0,14865,7,17470,7,0,60,-2,22,2,2858,0,63,60
04-08-21,Pending,16106,28,10368,9,5738,19,11527,10,402587,913,414114,923,0,132,7,111,21,15863,0,139,131
04-08-21,Perry,1054,2,905,1,149,1,1019,0,6053,5,7072,5,0,28,2,2,0,1024,0,28,28
04-08-21,Pickett,750,0,496,0,254,0,598,0,3868,6,4466,6,0,24,-1,2,1,724,0,28,24
04-08-21,Polk,1949,6,1755,6,194,0,1945,8,9286,12,11231,20,0,24,1,44,5,1881,0,78,24
04-08-21,Putnam,11043,7,9016,3,2027,4,10809,6,71085,70,81894,76,0,173,-8,96,15,10774,0,207,173
04-08-21,Rhea,4272,2,3701,1,571,1,4144,2,26445,32,30589,34,0,75,-3,32,5,4165,0,82,75
04-08-21,Roane,6118,5,4736,2,1382,3,5281,2,42646,55,47927,57,1,101,3,39,1,5978,0,147,101
04-08-21,Robertson,9464,15,7437,10,2027,5,8380,12,43028,88,51408,100,0,127,1,120,14,9217,1,421,127
04-08-21,Rutherford,41336,61,35396,40,5940,21,41136,45,233778,711,274914,756,0,415,-38,421,99,40500,0,589,415
04-08-21,Scott,3025,3,1675,0,1350,3,1790,0,11382,16,13172,16,0,45,-2,45,5,2935,0,63,45
04-08-21,Sequatchie,1649,1,1296,0,353,1,1415,0,11732,11,13147,11,0,28,-1,28,2,1593,0,38,29
04-08-21,Sevier,12938,20,11119,5,1819,15,12248,6,66002,58,78250,64,0,174,-1,168,21,12596,0,276,174
04-08-21,Shelby,91236,155,84674,139,6562,16,104351,146,963680,3030,1068031,3176,1,1575,23,1079,131,88582,6,3534,1591
04-08-21,Smith,2709,4,2034,1,675,3,2548,1,13551,16,16099,17,0,37,-1,29,5,2643,0,59,37
04-08-21,Stewart,1290,3,978,3,312,0,1106,3,6856,17,7962,20,0,28,1,10,2,1252,0,26,28
04-08-21,Sullivan,15720,61,13648,56,2072,5,14727,76,87560,332,102287,408,0,283,23,403,38,15034,2,739,284
04-08-21,Sumner,22844,31,20226,25,2618,6,22879,25,119632,241,142511,266,0,338,-20,201,51,22305,0,701,337
04-08-21,Tipton,7147,5,4975,2,2172,3,6012,2,47229,97,53241,99,0,104,-2,55,7,6988,0,152,99
04-08-21,Trousdale,2477,2,2320,1,157,1,2487,1,9130,7,11617,8,0,22,0,27,2,2428,0,41,22
04-08-21,Unicoi,1902,5,1460,2,442,3,1610,2,13177,26,14787,28,0,49,2,38,3,1815,0,67,49
04-08-21,Union,1842,3,1553,2,289,1,1673,2,10397,12,12070,14,0,34,3,9,0,1799,0,58,34
04-08-21,Van Buren,826,1,686,1,140,0,759,1,5293,9,6052,10,0,21,0,11,1,794,0,21,21
04-08-21,Warren,5464,1,4657,0,807,1,5292,0,32812,67,38104,67,1,81,-3,55,3,5328,0,82,81
04-08-21,Washington,13791,52,11822,43,1969,9,13019,43,82534,218,95553,261,0,240,16,425,36,13126,0,354,240
04-08-21,Wayne,2934,0,2361,0,573,0,2599,0,11245,12,13844,12,1,34,-2,6,1,2894,0,61,34
04-08-21,Weakley,3978,8,2947,2,1031,6,3373,3,21557,26,24930,29,0,61,2,67,6,3850,1,69,61
04-08-21,White,3501,3,2870,1,631,2,3509,1,22644,21,26153,22,0,68,1,35,2,3398,0,108,68
04-08-21,Williamson,26897,36,22684,27,4213,9,25166,27,181660,329,206826,356,0,213,-13,219,49,26465,0,291,213
04-08-21,Wilson,17709,20,15912,16,1797,4,18110,20,103336,392,121446,412,0,223,-12,-70,32,17556,0,333,223
04-07-21,Anderson,8492,20,6352,13,2140,7,7128,14,61635,159,68763,173,0,166,10,96,10,8230,2,213,170
04-07-21,Bedford,6314,17,4980,11,1334,6,5726,12,31327,73,37053,85,0,126,3,150,14,6038,0,133,125
04-07-21,Benton,1599,5,1263,3,336,2,1396,3,8916,21,10312,24,0,40,2,38,3,1521,0,35,40
04-07-21,Bledsoe,2079,2,1885,1,194,1,2000,1,15482,11,17482,12,0,11,0,9,2,2059,0,32,11
04-07-21,Blount,14772,27,12613,21,2159,6,13894,19,72938,218,86832,237,1,195,15,-6,11,14583,1,336,193
04-07-21,Bradley,14219,30,11652,24,2567,6,13222,34,65179,249,78401,283,0,147,1,279,29,13793,3,604,147
04-07-21,Campbell,4042,8,2236,4,1806,4,2511,2,24748,31,27259,33,0,62,1,47,7,3933,0,122,63
04-07-21,Cannon,1873,2,1498,1,375,1,1669,1,9178,23,10847,24,0,31,2,25,0,1817,0,37,31
04-07-21,Carroll,3537,3,2321,3,1216,0,2756,3,19395,17,22151,20,0,82,1,17,2,3438,0,78,82
04-07-21,Carter,6291,23,5489,15,802,8,6028,18,37148,144,43176,162,0,156,13,121,10,6014,1,226,156
04-07-21,Cheatham,4341,18,3329,12,1012,6,3768,12,26934,67,30702,79,0,51,7,112,11,4178,0,90,51
04-07-21,Chester,2076,2,1498,2,578,0,1786,2,11676,14,13462,16,0,50,-1,13,3,2013,0,41,50
04-07-21,Claiborne,3006,5,1936,0,1070,5,2076,0,23801,38,25877,38,0,74,-1,46,6,2886,0,92,73
04-07-21,Clay,1082,0,744,0,338,0,857,0,5586,10,6443,10,0,31,0,5,0,1046,0,25,30
04-07-21,Cocke,4377,10,2904,6,1473,4,3205,5,21793,108,24998,113,0,98,0,47,10,4232,1,115,98
04-07-21,Coffee,6748,13,4676,9,2072,4,5725,10,45257,64,50982,74,0,121,2,85,11,6542,0,122,121
04-07-21,Crockett,1993,0,1202,0,791,0,1403,0,7265,15,8668,15,0,48,0,2,0,1943,0,30,48
04-07-21,Cumberland,6439,28,5342,21,1097,7,6121,23,47949,106,54070,129,1,126,23,125,4,6188,1,155,128
04-07-21,Davidson,86102,114,80724,104,5378,10,98082,120,961357,2859,1059439,2979,1,917,-70,949,183,84236,3,1936,917
04-07-21,Decatur,1563,0,1161,0,402,0,1381,0,10910,6,12291,6,0,38,-2,2,2,1523,0,39,38
04-07-21,Dekalb,2735,0,2025,0,710,0,2342,0,16868,28,19210,28,0,53,-2,16,2,2666,0,55,53
04-07-21,Dickson,6612,14,4774,10,1838,4,5642,10,34857,114,40499,124,0,108,8,118,6,6386,0,117,108
04-07-21,Dyer,5326,2,3519,2,1807,0,3972,1,21576,33,25548,34,1,104,-2,28,3,5194,0,108,104
04-07-21,Fayette,4815,3,4138,3,677,0,5096,3,37193,119,42289,122,1,78,-2,34,4,4703,0,130,75
04-07-21,Fentress,2362,2,2040,1,322,1,2331,2,13105,19,15436,21,0,46,2,18,0,2298,1,63,46
04-07-21,Franklin,5033,11,4190,6,843,5,4912,6,37393,52,42305,58,0,87,6,75,5,4871,0,108,87
04-07-21,Gibson,6321,11,3811,8,2510,3,4621,9,29123,42,33744,51,0,144,7,54,4,6123,1,109,144
04-07-21,Giles,3892,4,3213,0,679,4,3690,1,22616,40,26306,41,0,98,1,52,3,3742,0,110,98
04-07-21,Grainger,2542,6,1891,4,651,2,2119,4,13863,23,15982,27,0,48,3,32,3,2462,0,68,50
04-07-21,Greene,7606,21,6033,20,1573,1,6731,22,48763,308,55494,330,0,151,6,129,15,7326,1,186,151
04-07-21,Grundy,1760,5,1473,4,287,1,1688,4,8913,41,10601,45,0,31,1,16,4,1713,0,59,31
04-07-21,Hamblen,8376,11,5867,4,2509,7,6599,5,45600,93,52199,98,0,170,3,62,8,8144,0,255,170
04-07-21,Hamilton,42706,78,36781,61,5925,17,41154,68,314330,803,355484,871,0,480,25,418,53,41808,0,1134,480
04-07-21,Hancock,533,3,379,3,154,0,404,3,3827,10,4231,13,0,12,-1,7,4,514,0,20,12
04-07-21,Hardeman,3435,1,2773,1,662,0,3238,0,24621,62,27859,62,0,63,-1,17,2,3355,0,101,63
04-07-21,Hardin,3450,11,2343,9,1107,2,2784,9,23010,48,25794,57,0,66,4,47,7,3337,0,64,66
04-07-21,Hawkins,5660,39,4616,34,1044,5,4957,34,33971,88,38928,122,0,105,26,122,13,5433,0,148,105
04-07-21,Haywood,2668,1,2238,1,430,0,2554,1,13503,23,16057,24,0,60,0,6,1,2602,0,81,60
04-07-21,Henderson,3677,3,2560,1,1117,2,3206,1,15902,18,19108,19,0,75,-2,18,5,3584,0,77,75
04-07-21,Henry,3087,5,2393,2,694,3,2767,2,17652,24,20419,26,0,75,3,23,2,2989,0,75,75
04-07-21,Hickman,2775,9,2239,7,536,2,2582,7,16327,41,18909,48,0,45,6,35,3,2695,0,55,45
04-07-21,Houston,1069,0,804,0,265,0,919,0,9910,128,10829,128,0,33,-1,9,1,1027,0,40,33
04-07-21,Humphreys,1671,11,1075,9,596,2,1253,8,11462,40,12715,48,0,21,8,61,3,1589,0,32,21
04-07-21,Jackson,1284,0,1006,0,278,0,1176,0,5435,19,6611,19,0,35,0,7,0,1242,0,39,35
04-07-21,Jefferson,5982,16,4124,8,1858,8,4664,9,38569,70,43233,79,0,121,6,62,10,5799,1,184,120
04-07-21,Johnson,2264,18,1992,11,272,7,2119,15,15025,75,17144,90,0,38,17,46,1,2180,0,58,38
04-07-21,Knox,49246,77,41342,54,7904,23,45227,61,319332,769,364559,830,2,625,10,441,65,48180,1,1347,621
04-07-21,Lake,1690,1,1502,1,188,0,1772,1,9973,35,11745,36,0,26,0,4,1,1660,0,25,26
04-07-21,Lauderdale,3119,4,2431,2,688,2,2790,1,20757,33,23547,34,0,44,3,14,1,3061,0,82,43
04-07-21,Lawrence,5708,7,4463,7,1245,0,4921,7,28887,52,33808,59,0,86,4,46,3,5576,0,144,86
04-07-21,Lewis,1544,1,1168,1,376,0,1263,1,9874,14,11137,15,0,25,-5,32,6,1487,0,43,26
04-07-21,Lincoln,4253,2,3293,0,960,2,3745,0,17433,47,21178,47,0,63,-2,40,4,4150,0,83,61
04-07-21,Loudon,5962,15,4592,11,1370,4,5023,12,30804,56,35827,68,0,69,7,47,8,5846,0,134,69
04-07-21,Macon,3537,11,2751,10,786,1,3232,10,16191,86,19423,96,0,75,5,77,6,3385,1,123,75
04-07-21,Madison,10568,18,5906,12,4662,6,7177,14,54196,146,61373,160,1,240,4,-411,13,10739,0,336,239
04-07-21,Marion,3061,1,2612,1,449,0,2912,2,18974,84,21886,86,0,46,-2,6,3,3009,0,110,46
04-07-21,Marshall,4057,7,3213,2,844,5,3630,4,22778,33,26408,37,0,58,-2,43,9,3956,0,88,58
04-07-21,Maury,12858,33,11314,27,1544,6,12496,29,72431,160,84927,189,0,166,13,111,20,12581,0,290,166
04-07-21,McMinn,6238,13,5549,13,689,0,6128,15,42161,90,48289,105,0,95,7,83,6,6060,0,154,96
04-07-21,McNairy,2748,2,1953,1,795,1,2375,1,17933,36,20308,37,0,54,0,2,2,2692,0,63,54
04-07-21,Meigs,1320,0,1195,0,125,0,1326,0,7947,20,9273,20,0,23,-3,6,3,1291,0,42,23
04-07-21,Monroe,5626,16,4444,9,1182,7,4992,11,26882,62,31874,73,0,95,8,74,8,5457,0,152,95
04-07-21,Montgomery,18697,52,13662,37,5035,15,15024,40,112527,410,127551,450,0,223,6,-1,46,18475,0,300,223
04-07-21,Moore,991,1,763,1,228,0,862,1,4821,10,5683,11,0,17,-4,13,5,961,0,16,17
04-07-21,Morgan,2422,8,1782,5,640,3,1937,6,15099,28,17036,34,0,39,1,35,7,2348,0,42,39
04-07-21,Obion,4461,5,3305,1,1156,4,3742,1,22283,41,26025,42,0,96,2,34,3,4331,0,101,96
04-07-21,Out of State,17083,36,13609,24,3474,12,15390,23,619566,1742,634956,1765,1,102,10,220,25,16761,1,204,96
04-07-21,Overton,2940,1,2211,1,729,0,2605,1,14858,53,17463,54,0,60,-1,24,2,2856,0,63,60
04-07-21,Pending,16078,26,10359,16,5719,10,11517,21,401674,1020,413191,1041,0,132,13,104,13,15842,1,139,131
04-07-21,Perry,1052,0,904,0,148,0,1019,1,6048,8,7067,9,0,28,0,0,0,1024,0,28,28
04-07-21,Pickett,750,0,496,0,254,0,598,0,3862,6,4460,6,0,24,-1,3,1,723,0,28,24
04-07-21,Polk,1943,5,1749,3,194,2,1937,4,9274,24,11211,28,0,24,-1,43,6,1876,0,78,24
04-07-21,Putnam,11036,11,9013,7,2023,4,10803,10,71015,332,81818,342,0,173,-5,104,16,10759,0,207,173
04-07-21,Rhea,4270,4,3700,3,570,1,4142,3,26413,82,30555,85,0,75,1,35,3,4160,0,82,75
04-07-21,Roane,6113,6,4734,2,1379,4,5279,3,42591,139,47870,142,0,100,1,36,5,5977,0,147,101
04-07-21,Robertson,9449,11,7427,4,2022,7,8368,4,42940,108,51308,112,0,127,-4,119,15,9203,0,420,127
04-07-21,Rutherford,41275,86,35356,68,5919,18,41091,77,233067,692,274158,769,2,415,-12,459,96,40401,1,589,414
04-07-21,Scott,3022,9,1675,6,1347,3,1790,6,11366,26,13156,32,0,45,5,47,4,2930,0,63,45
04-07-21,Sequatchie,1648,4,1296,3,352,1,1415,3,11721,23,13136,26,0,28,4,29,0,1591,0,38,29
04-07-21,Sevier,12918,19,11114,10,1804,9,12242,13,65944,199,78186,212,1,174,2,169,16,12575,1,276,174
04-07-21,Shelby,91081,177,84535,156,6546,21,104205,172,960650,4505,1064855,4677,9,1574,66,1056,102,88451,7,3528,1591
04-07-21,Smith,2705,2,2033,1,672,1,2547,1,13535,30,16082,31,0,37,-7,30,9,2638,0,59,37
04-07-21,Stewart,1287,1,975,0,312,1,1103,0,6839,12,7942,12,0,28,0,9,1,1250,0,26,28
04-07-21,Sullivan,15659,39,13592,32,2067,7,14651,32,87228,202,101879,234,0,283,-5,380,44,14996,0,737,283
04-07-21,Sumner,22813,55,20201,42,2612,13,22854,46,119391,399,142245,445,0,338,22,221,33,22254,0,701,337
04-07-21,Tipton,7142,8,4973,6,2169,2,6010,5,47132,134,53142,139,0,104,4,57,4,6981,2,152,99
04-07-21,Trousdale,2475,7,2319,0,156,7,2486,0,9123,22,11609,22,0,22,4,27,3,2426,0,41,22
04-07-21,Unicoi,1897,8,1458,6,439,2,1608,6,13151,39,14759,45,0,49,5,36,3,1812,0,67,49
04-07-21,Union,1839,3,1551,3,288,0,1671,3,10385,19,12056,22,0,34,3,6,0,1799,0,58,34
04-07-21,Van Buren,825,2,685,2,140,0,758,3,5284,4,6042,7,0,21,2,11,0,793,0,21,21
04-07-21,Warren,5463,11,4657,9,806,2,5292,9,32745,95,38037,104,0,80,5,58,6,5325,0,82,81
04-07-21,Washington,13739,66,11779,56,1960,10,12976,58,82316,322,95292,380,0,240,25,409,41,13090,2,354,239
04-07-21,Wayne,2934,0,2361,0,573,0,2599,1,11233,15,13832,16,0,33,0,8,0,2893,0,61,34
04-07-21,Weakley,3970,10,2945,6,1025,4,3370,5,21531,38,24901,43,0,61,6,65,4,3844,1,68,61
04-07-21,White,3498,8,2869,2,629,6,3508,2,22623,48,26131,50,0,68,6,34,2,3396,0,108,68
04-07-21,Williamson,26861,46,22657,36,4204,10,25139,40,181331,487,206470,527,0,213,-6,232,52,26416,0,291,213
04-07-21,Wilson,17689,35,15896,28,1793,7,18090,29,102944,296,121034,325,0,223,6,-58,29,17524,0,333,223
04-06-21,Anderson,8472,5,6339,4,2133,1,7114,5,61476,42,68590,47,0,166,2,86,3,8220,0,211,170
04-06-21,Bedford,6297,4,4969,1,1328,3,5714,2,31254,33,36968,35,0,126,-25,147,29,6024,0,133,125
04-06-21,Benton,1594,2,1260,1,334,1,1393,1,8895,4,10288,5,0,40,-4,36,6,1518,0,35,40
04-06-21,Bledsoe,2077,3,1884,2,193,1,1999,2,15471,16,17470,18,0,11,2,9,1,2057,0,32,11
04-06-21,Blount,14745,26,12592,17,2153,9,13875,19,72720,138,86595,157,0,194,5,-21,21,14572,0,335,193
04-06-21,Bradley,14189,30,11628,15,2561,15,13188,14,64930,66,78118,80,0,147,-1,278,31,13764,2,601,147
04-06-21,Campbell,4034,10,2232,5,1802,5,2509,5,24717,16,27226,21,0,62,4,46,6,3926,0,122,63
04-06-21,Cannon,1871,4,1497,1,374,3,1668,1,9155,6,10823,7,0,31,0,23,4,1817,0,37,31
04-06-21,Carroll,3534,3,2318,2,1216,1,2753,2,19378,14,22131,16,0,82,2,16,1,3436,0,78,82
04-06-21,Carter,6268,15,5474,11,794,4,6010,12,37004,40,43014,52,0,156,2,108,13,6004,0,225,156
04-06-21,Cheatham,4323,8,3317,7,1006,1,3756,9,26867,71,30623,80,0,51,3,105,5,4167,0,90,51
04-06-21,Chester,2074,2,1496,0,578,2,1784,0,11662,5,13446,5,1,50,0,14,1,2010,0,41,50
04-06-21,Claiborne,3001,6,1936,2,1065,4,2076,2,23763,19,25839,21,0,74,4,47,2,2880,0,92,73
04-06-21,Clay,1082,2,744,1,338,1,857,1,5576,4,6433,5,0,31,2,5,0,1046,1,25,30
04-06-21,Cocke,4367,2,2898,1,1469,1,3200,1,21685,15,24885,16,0,98,-11,47,13,4222,0,114,98
04-06-21,Coffee,6735,9,4667,3,2068,6,5715,3,45193,78,50908,81,0,121,-1,83,10,6531,0,122,121
04-06-21,Crockett,1993,0,1202,0,791,0,1403,0,7250,4,8653,4,0,48,0,2,0,1943,0,30,48
04-06-21,Cumberland,6411,7,5321,4,1090,3,6098,5,47843,28,53941,33,0,125,0,102,7,6184,0,154,128
04-06-21,Davidson,85988,192,80620,163,5368,29,97962,192,958498,3426,1056460,3618,1,916,38,1019,153,84053,1,1933,914
04-06-21,Decatur,1563,0,1161,0,402,0,1381,0,10904,5,12285,5,0,38,-1,4,1,1521,0,39,38
04-06-21,Dekalb,2735,3,2025,2,710,1,2342,2,16840,20,19182,22,0,53,-2,18,5,2664,0,55,53
04-06-21,Dickson,6598,22,4764,18,1834,4,5632,18,34743,72,40375,90,0,108,11,110,11,6380,0,117,108
04-06-21,Dyer,5324,6,3517,2,1807,4,3971,2,21543,17,25514,19,0,103,3,30,3,5191,1,108,104
04-06-21,Fayette,4812,8,4135,4,677,4,5093,5,37074,77,42167,82,0,77,6,36,2,4699,0,130,75
04-06-21,Fentress,2360,4,2039,3,321,1,2329,3,13086,5,15415,8,1,46,2,16,1,2298,0,62,46
04-06-21,Franklin,5022,6,4184,5,838,1,4906,7,37341,25,42247,32,0,87,4,69,2,4866,0,108,87
04-06-21,Gibson,6310,7,3803,2,2507,5,4612,1,29081,24,33693,25,0,144,4,47,3,6119,0,108,144
04-06-21,Giles,3888,12,3213,5,675,7,3689,4,22576,27,26265,31,0,98,7,51,5,3739,0,110,98
04-06-21,Grainger,2536,3,1887,3,649,0,2115,3,13840,12,15955,15,0,48,-2,29,5,2459,0,68,50
04-06-21,Greene,7585,15,6013,13,1572,2,6709,16,48455,52,55164,68,0,151,1,123,14,7311,0,185,151
04-06-21,Grundy,1755,3,1469,2,286,1,1684,3,8872,7,10556,10,0,31,2,15,1,1709,1,59,31
04-06-21,Hamblen,8365,11,5863,6,2502,5,6594,6,45507,31,52101,37,0,170,2,59,9,8136,1,255,170
04-06-21,Hamilton,42628,52,36720,29,5908,23,41086,29,313527,369,354613,398,0,480,-6,393,58,41755,1,1134,480
04-06-21,Hancock,530,1,376,1,154,0,401,1,3817,2,4218,3,0,12,1,8,0,510,0,20,12
04-06-21,Hardeman,3434,4,2772,2,662,2,3238,1,24559,6,27797,7,0,63,3,18,1,3353,0,101,63
04-06-21,Hardin,3439,5,2334,2,1105,3,2775,2,22962,18,25737,20,0,66,0,43,5,3330,1,64,66
04-06-21,Hawkins,5621,14,4582,7,1039,7,4923,10,33883,52,38806,62,0,105,-4,96,18,5420,0,148,105
04-06-21,Haywood,2667,0,2237,0,430,0,2553,1,13480,5,16033,6,0,60,0,6,0,2601,0,81,60
04-06-21,Henderson,3674,3,2559,0,1115,3,3205,0,15884,6,19089,6,0,75,2,20,1,3579,0,77,75
04-06-21,Henry,3082,2,2391,2,691,0,2765,2,17628,7,20393,9,0,75,2,20,0,2987,1,75,75
04-06-21,Hickman,2766,4,2232,2,534,2,2575,2,16286,31,18861,33,0,45,3,29,1,2692,0,55,45
04-06-21,Houston,1069,1,804,0,265,1,919,0,9782,4,10701,4,0,33,0,10,1,1026,0,40,33
04-06-21,Humphreys,1660,4,1066,0,594,4,1245,2,11422,15,12667,17,0,21,3,53,1,1586,0,32,21
04-06-21,Jackson,1284,0,1006,0,278,0,1176,0,5416,8,6592,8,0,35,0,7,0,1242,0,39,35
04-06-21,Jefferson,5966,8,4116,1,1850,7,4655,2,38499,26,43154,28,0,121,2,56,6,5789,0,183,120
04-06-21,Johnson,2246,11,1981,4,265,7,2104,2,14950,8,17054,10,0,38,11,29,0,2179,0,58,38
04-06-21,Knox,49169,75,41288,41,7881,34,45166,46,318563,426,363729,472,2,623,-6,431,79,48115,0,1346,621
04-06-21,Lake,1689,0,1501,0,188,0,1771,0,9938,4,11709,4,0,26,0,4,0,1659,0,25,26
04-06-21,Lauderdale,3115,2,2429,2,686,0,2789,2,20724,38,23513,40,0,44,1,11,1,3060,0,82,43
04-06-21,Lawrence,5701,0,4456,0,1245,0,4914,0,28835,23,33749,23,0,86,-4,42,4,5573,0,144,86
04-06-21,Lewis,1543,2,1167,1,376,1,1262,1,9860,12,11122,13,0,25,2,37,0,1481,1,43,26
04-06-21,Lincoln,4251,5,3293,5,958,0,3745,5,17386,16,21131,21,0,63,1,42,4,4146,0,83,61
04-06-21,Loudon,5947,7,4581,2,1366,5,5011,2,30748,36,35759,38,0,69,0,40,7,5838,0,134,69
04-06-21,Macon,3526,5,2741,1,785,4,3222,1,16105,34,19327,35,0,75,1,72,4,3379,0,122,75
04-06-21,Madison,10550,10,5894,7,4656,3,7163,8,54050,47,61213,55,0,239,5,-415,5,10726,0,336,239
04-06-21,Marion,3060,3,2611,2,449,1,2910,2,18890,20,21800,22,0,46,2,8,1,3006,0,110,46
04-06-21,Marshall,4050,12,3211,4,839,8,3626,1,22745,43,26371,44,0,58,8,45,4,3947,1,88,58
04-06-21,Maury,12825,35,11287,25,1538,10,12467,26,72271,134,84738,160,0,166,11,98,24,12561,1,290,165
04-06-21,McMinn,6225,3,5536,2,689,1,6113,1,42071,25,48184,26,-1,95,-4,76,8,6054,0,154,96
04-06-21,McNairy,2746,3,1952,3,794,0,2374,3,17897,4,20271,7,0,54,0,2,3,2690,0,63,54
04-06-21,Meigs,1320,2,1195,1,125,1,1326,1,7927,9,9253,10,0,23,-1,9,3,1288,0,42,23
04-06-21,Monroe,5610,3,4435,3,1175,0,4981,4,26820,39,31801,43,0,95,-5,66,8,5449,0,152,95
04-06-21,Montgomery,18645,39,13625,20,5020,19,14984,22,112117,284,127101,306,0,223,-20,-7,59,18429,0,300,223
04-06-21,Moore,990,0,762,0,228,0,861,0,4811,6,5672,6,0,17,-3,17,3,956,0,16,17
04-06-21,Morgan,2414,4,1777,2,637,2,1931,2,15071,9,17002,11,0,39,-4,34,8,2341,0,42,39
04-06-21,Obion,4456,3,3304,2,1152,1,3741,2,22242,36,25983,38,0,96,1,32,2,4328,1,101,96
04-06-21,Out of State,17047,30,13585,16,3462,14,15367,20,617824,1418,633191,1438,0,101,9,210,21,16736,0,203,96
04-06-21,Overton,2939,1,2210,1,729,0,2604,1,14805,11,17409,12,0,60,-2,25,3,2854,0,63,60
04-06-21,Pending,16052,26,10343,14,5709,12,11496,14,400654,874,412150,888,1,132,9,91,16,15829,0,138,131
04-06-21,Perry,1052,0,904,0,148,0,1018,0,6040,5,7058,5,0,28,-1,0,1,1024,0,28,28
04-06-21,Pickett,750,1,496,1,254,0,598,1,3856,1,4454,2,0,24,1,4,0,722,0,28,24
04-06-21,Polk,1938,4,1746,3,192,1,1933,3,9250,15,11183,18,0,24,0,44,4,1870,1,78,24
04-06-21,Putnam,11025,13,9006,9,2019,4,10793,11,70683,98,81476,109,0,173,-6,109,19,10743,0,207,173
04-06-21,Rhea,4266,3,3697,2,569,1,4139,2,26331,30,30470,32,0,75,-3,34,6,4157,0,82,75
04-06-21,Roane,6107,8,4732,3,1375,5,5276,3,42452,24,47728,27,0,100,7,35,1,5972,1,147,101
04-06-21,Robertson,9438,13,7423,8,2015,5,8364,9,42832,75,51196,84,0,127,1,123,12,9188,1,420,127
04-06-21,Rutherford,41189,98,35288,71,5901,27,41014,78,232375,472,273389,550,1,413,7,471,90,40305,0,588,413
04-06-21,Scott,3013,6,1669,1,1344,5,1784,1,11340,26,13124,27,0,45,0,42,6,2926,0,63,45
04-06-21,Sequatchie,1644,0,1293,0,351,0,1412,0,11698,10,13110,10,0,28,-2,25,2,1591,0,38,29
04-06-21,Sevier,12899,15,11104,2,1795,13,12229,2,65745,70,77974,72,1,173,-4,167,18,12559,0,275,174
04-06-21,Shelby,90904,113,84379,95,6525,18,104033,113,956145,2634,1060178,2747,0,1565,-9,990,122,88349,5,3521,1589
04-06-21,Smith,2703,4,2032,3,671,1,2546,3,13505,19,16051,22,0,37,-5,37,9,2629,0,59,37
04-06-21,Stewart,1286,0,975,0,311,0,1103,0,6827,16,7930,16,0,28,-1,9,1,1249,0,26,28
04-06-21,Sullivan,15620,32,13560,28,2060,4,14619,48,87026,281,101645,329,0,283,-7,385,39,14952,1,737,283
04-06-21,Sumner,22758,59,20159,39,2599,20,22808,40,118992,245,141800,285,1,338,1,199,57,22221,0,701,337
04-06-21,Tipton,7134,10,4967,4,2167,6,6005,5,46998,97,53003,102,0,104,6,53,4,6977,0,150,99
04-06-21,Trousdale,2468,1,2319,1,149,0,2486,2,9101,16,11587,18,0,22,-1,23,2,2423,0,41,22
04-06-21,Unicoi,1889,4,1452,0,437,4,1602,1,13112,16,14714,17,0,49,3,31,1,1809,0,67,49
04-06-21,Union,1836,5,1548,3,288,2,1668,3,10366,14,12034,17,0,34,1,3,4,1799,1,58,34
04-06-21,Van Buren,823,0,683,0,140,0,755,0,5280,3,6035,3,0,21,0,9,0,793,0,21,21
04-06-21,Warren,5452,3,4648,2,804,1,5283,2,32650,41,37933,43,0,80,-1,53,4,5319,0,82,81
04-06-21,Washington,13673,39,11723,29,1950,10,12918,35,81994,130,94912,165,1,240,4,384,34,13049,0,352,239
04-06-21,Wayne,2934,0,2361,0,573,0,2598,0,11218,5,13816,5,0,33,-2,8,2,2893,0,61,34
04-06-21,Weakley,3960,3,2939,1,1021,2,3365,2,21493,18,24858,20,0,61,-3,59,6,3840,0,67,61
04-06-21,White,3490,4,2867,4,623,0,3506,6,22575,18,26081,24,0,68,-5,28,9,3394,1,108,68
04-06-21,Williamson,26815,51,22621,32,4194,19,25099,35,180844,368,205943,403,-1,213,8,238,44,26364,0,291,213
04-06-21,Wilson,17654,37,15868,33,1786,4,18061,38,102648,304,120709,342,1,223,0,-64,36,17495,1,333,222
04-05-21,Anderson,8467,14,6335,3,2132,11,7109,2,61434,59,68543,61,0,166,5,84,9,8217,2,211,170
04-05-21,Bedford,6293,18,4968,6,1325,12,5712,5,31221,19,36933,24,1,126,-8,172,25,5995,0,133,125
04-05-21,Benton,1592,3,1259,2,333,1,1392,3,8891,5,10283,8,0,40,1,40,2,1512,0,35,40
04-05-21,Bledsoe,2074,2,1882,1,192,1,1997,1,15455,3,17452,4,0,11,-3,7,5,2056,0,32,11
04-05-21,Blount,14719,8,12575,6,2144,2,13856,3,72582,87,86438,90,0,194,-10,-26,18,14551,0,335,193
04-05-21,Bradley,14159,39,11613,15,2546,24,13174,14,64864,43,78038,57,2,147,-4,279,41,13733,1,599,147
04-05-21,Campbell,4024,6,2227,1,1797,5,2504,1,24701,10,27205,11,0,62,-1,42,7,3920,0,122,63
04-05-21,Cannon,1867,3,1496,0,371,3,1667,2,9149,2,10816,4,0,31,-2,23,5,1813,0,37,31
04-05-21,Carroll,3531,2,2316,0,1215,2,2751,0,19364,13,22115,13,0,82,1,14,1,3435,0,78,82
04-05-21,Carter,6253,21,5463,18,790,3,5998,20,36964,27,42962,47,0,156,9,106,12,5991,0,225,156
04-05-21,Cheatham,4315,1,3310,0,1005,1,3747,3,26796,21,30543,24,1,51,-15,102,15,4162,0,90,51
04-05-21,Chester,2072,0,1496,0,576,0,1784,0,11657,4,13441,4,1,49,-1,14,0,2009,0,41,50
04-05-21,Claiborne,2995,5,1934,2,1061,3,2074,2,23744,8,25818,10,0,74,1,43,4,2878,0,92,73
04-05-21,Clay,1080,1,743,1,337,0,856,1,5572,1,6428,2,0,31,1,3,0,1046,0,24,30
04-05-21,Cocke,4365,6,2897,3,1468,3,3199,3,21670,70,24869,73,0,98,-6,58,12,4209,0,114,98
04-05-21,Coffee,6726,7,4664,2,2062,5,5712,3,45115,24,50827,27,1,121,-4,84,10,6521,0,122,121
04-05-21,Crockett,1993,15,1202,15,791,0,1403,16,7246,1,8649,17,0,48,14,2,1,1943,0,30,48
04-05-21,Cumberland,6404,10,5317,1,1087,9,6093,1,47815,15,53908,16,0,125,-2,102,12,6177,0,154,128
04-05-21,Davidson,85796,67,80457,53,5339,14,97770,62,955072,730,1052842,792,8,915,-84,981,143,83900,5,1932,913
04-05-21,Decatur,1563,1,1161,0,402,1,1381,1,10899,2,12280,3,0,38,1,5,0,1520,0,39,38
04-05-21,Dekalb,2732,1,2023,0,709,1,2340,0,16820,14,19160,14,0,53,1,20,0,2659,0,55,53
04-05-21,Dickson,6576,12,4746,9,1830,3,5614,8,34671,53,40285,61,1,108,-3,99,14,6369,0,117,108
04-05-21,Dyer,5318,3,3515,2,1803,1,3969,3,21526,8,25495,11,0,103,2,27,1,5188,1,107,103
04-05-21,Fayette,4804,2,4131,0,673,2,5088,1,36997,37,42085,38,0,77,-3,30,5,4697,0,130,75
04-05-21,Fentress,2356,3,2036,0,320,3,2326,0,13081,6,15407,6,0,45,3,14,0,2297,0,62,46
04-05-21,Franklin,5016,8,4179,7,837,1,4899,8,37316,39,42215,47,0,87,-8,65,16,4864,0,108,87
04-05-21,Gibson,6303,5,3801,0,2502,5,4611,0,29057,9,33668,9,1,144,-3,43,7,6116,0,108,144
04-05-21,Giles,3876,10,3208,3,668,7,3685,1,22549,21,26234,22,0,98,5,44,5,3734,0,110,98
04-05-21,Grainger,2533,0,1884,0,649,0,2112,0,13828,5,15940,5,0,48,-1,31,1,2454,0,68,50
04-05-21,Greene,7570,17,6000,4,1570,13,6693,5,48403,52,55096,57,0,151,9,122,8,7297,1,185,151
04-05-21,Grundy,1752,1,1467,1,285,0,1681,1,8865,7,10546,8,0,31,0,13,1,1708,0,58,31
04-05-21,Hamblen,8354,1,5857,1,2497,0,6588,1,45476,12,52064,13,0,170,-11,57,12,8127,0,254,170
04-05-21,Hamilton,42576,52,36691,42,5885,10,41057,39,313158,150,354215,189,1,480,-23,399,74,41697,6,1133,480
04-05-21,Hancock,529,0,375,0,154,0,400,0,3815,2,4215,2,0,12,0,7,0,510,0,20,12
04-05-21,Hardeman,3430,3,2770,1,660,2,3237,1,24553,5,27790,6,0,63,0,15,3,3352,0,101,63
04-05-21,Hardin,3434,3,2332,0,1102,3,2773,0,22944,7,25717,7,0,66,0,43,3,3325,0,63,66
04-05-21,Hawkins,5607,9,4575,6,1032,3,4913,4,33831,24,38744,28,1,105,-3,100,11,5402,1,148,105
04-05-21,Haywood,2667,2,2237,2,430,0,2552,2,13475,1,16027,3,0,60,2,6,0,2601,0,81,60
04-05-21,Henderson,3671,2,2559,2,1112,0,3205,2,15878,4,19083,6,1,75,1,18,0,3578,0,77,75
04-05-21,Henry,3080,5,2389,3,691,2,2763,3,17621,15,20384,18,0,75,2,18,3,2987,0,74,75
04-05-21,Hickman,2762,3,2230,2,532,1,2573,2,16255,14,18828,16,2,45,0,26,1,2691,0,55,45
04-05-21,Houston,1068,4,804,3,264,1,919,3,9778,4,10697,7,0,33,3,10,1,1025,1,40,33
04-05-21,Humphreys,1656,10,1066,0,590,10,1243,0,11407,9,12650,9,0,21,8,50,2,1585,0,32,21
04-05-21,Jackson,1284,0,1006,0,278,0,1176,0,5408,6,6584,6,0,35,-2,7,2,1242,0,39,35
04-05-21,Jefferson,5958,5,4115,5,1843,0,4653,4,38473,18,43126,22,0,121,0,54,5,5783,1,183,120
04-05-21,Johnson,2235,3,1977,0,258,3,2102,0,14942,8,17044,8,0,38,2,18,1,2179,0,58,38
04-05-21,Knox,49094,45,41247,33,7847,12,45120,34,318137,264,363257,298,0,621,-64,437,109,48036,3,1346,621
04-05-21,Lake,1689,0,1501,0,188,0,1771,0,9934,1,11705,1,0,26,0,4,0,1659,0,25,26
04-05-21,Lauderdale,3113,1,2427,0,686,1,2787,1,20686,35,23473,36,0,44,0,10,1,3059,0,82,43
04-05-21,Lawrence,5701,6,4456,4,1245,2,4914,4,28812,22,33726,26,0,86,0,46,6,5569,1,144,86
04-05-21,Lewis,1541,3,1166,0,375,3,1261,0,9848,5,11109,5,0,25,3,35,0,1481,0,42,25
04-05-21,Lincoln,4246,4,3288,1,958,3,3740,1,17370,9,21110,10,0,63,-2,41,6,4142,0,83,61
04-05-21,Loudon,5940,9,4579,1,1361,8,5009,1,30712,13,35721,14,0,69,2,40,7,5831,0,134,69
04-05-21,Macon,3521,6,2740,0,781,6,3221,0,16071,15,19292,15,1,75,-1,71,6,3375,1,122,75
04-05-21,Madison,10540,4,5887,2,4653,2,7155,3,54003,34,61158,37,1,239,-5,-420,8,10721,0,336,239
04-05-21,Marion,3057,1,2609,1,448,0,2908,0,18870,5,21778,5,0,46,-5,6,6,3005,0,110,46
04-05-21,Marshall,4038,1,3207,0,831,1,3625,0,22702,20,26327,20,1,58,-10,37,10,3943,0,87,58
04-05-21,Maury,12790,22,11262,4,1528,18,12441,4,72137,69,84578,73,4,166,-10,87,28,12537,1,289,165
04-05-21,McMinn,6222,8,5534,4,688,4,6112,4,42046,24,48158,28,0,96,-2,80,10,6046,0,154,96
04-05-21,McNairy,2743,3,1949,3,794,0,2371,3,17893,3,20264,6,0,54,2,2,1,2687,0,63,54
04-05-21,Meigs,1318,1,1194,1,124,0,1325,1,7918,3,9243,4,0,23,-4,10,5,1285,0,42,23
04-05-21,Monroe,5607,13,4432,6,1175,7,4977,6,26781,26,31758,32,0,95,8,71,5,5441,0,152,95
04-05-21,Montgomery,18606,28,13605,18,5001,10,14962,19,111833,106,126795,125,2,223,-32,13,58,18370,0,300,223
04-05-21,Moore,990,2,762,0,228,2,861,0,4805,3,5666,3,0,17,-2,20,4,953,0,16,17
04-05-21,Morgan,2410,8,1775,0,635,8,1929,0,15062,1,16991,1,0,39,3,38,5,2333,1,42,39
04-05-21,Obion,4453,5,3302,0,1151,5,3739,0,22206,12,25945,12,0,96,3,31,2,4326,0,100,96
04-05-21,Out of State,17017,14,13569,8,3448,6,15347,9,616406,661,631753,670,0,101,-15,201,29,16715,1,203,96
04-05-21,Overton,2938,1,2209,0,729,1,2603,0,14794,6,17397,6,0,60,0,27,1,2851,0,63,60
04-05-21,Pending,16026,17,10329,10,5697,7,11482,11,399780,374,411262,385,0,131,-6,82,23,15813,0,138,131
04-05-21,Perry,1052,0,904,0,148,0,1018,0,6035,2,7053,2,0,28,0,1,0,1023,0,28,28
04-05-21,Pickett,749,0,495,0,254,0,597,0,3855,1,4452,1,0,24,0,3,0,722,0,28,24
04-05-21,Polk,1934,2,1743,1,191,1,1930,2,9235,2,11165,4,0,24,-1,44,3,1866,0,77,24
04-05-21,Putnam,11012,13,8997,8,2015,5,10782,8,70585,40,81367,48,0,173,-8,115,21,10724,0,207,173
04-05-21,Rhea,4263,1,3695,1,568,0,4137,1,26301,21,30438,22,0,75,-2,37,3,4151,0,82,75
04-05-21,Roane,6099,8,4729,0,1370,8,5273,0,42428,19,47701,19,0,100,3,28,5,5971,1,146,101
04-05-21,Robertson,9425,3,7415,2,2010,1,8355,4,42757,30,51112,34,0,127,-26,122,29,9176,1,419,127
04-05-21,Rutherford,41091,26,35217,22,5874,4,40936,29,231903,193,272839,222,1,412,-88,464,113,40215,1,588,413
04-05-21,Scott,3007,3,1668,0,1339,3,1783,0,11314,4,13097,4,0,45,0,42,3,2920,0,63,45
04-05-21,Sequatchie,1644,5,1293,1,351,4,1412,2,11688,7,13100,9,-1,28,4,27,2,1589,0,38,29
04-05-21,Sevier,12884,9,11102,6,1782,3,12227,8,65675,47,77902,55,0,172,-14,171,23,12541,0,275,174
04-05-21,Shelby,90791,53,84284,42,6507,11,103920,56,953511,1229,1057431,1285,1,1565,-86,999,138,88227,5,3516,1589
04-05-21,Smith,2699,4,2029,0,670,4,2543,0,13486,11,16029,11,0,37,-4,42,8,2620,0,59,37
04-05-21,Stewart,1286,0,975,0,311,0,1103,0,6811,4,7914,4,1,28,-2,10,1,1248,0,26,28
04-05-21,Sullivan,15588,56,13532,47,2056,9,14571,34,86745,74,101316,108,2,283,-11,392,65,14913,4,736,283
04-05-21,Sumner,22699,17,20120,13,2579,4,22768,16,118747,99,141515,115,0,337,-41,198,58,22164,1,701,336
04-05-21,Tipton,7124,2,4963,2,2161,0,6000,2,46901,71,52901,73,0,104,-2,47,4,6973,0,150,99
04-05-21,Trousdale,2467,0,2318,0,149,0,2484,0,9085,4,11569,4,0,22,-2,24,2,2421,0,41,22
04-05-21,Unicoi,1885,7,1452,2,433,5,1601,2,13096,10,14697,12,0,49,5,28,2,1808,0,67,49
04-05-21,Union,1831,2,1545,0,286,2,1665,0,10352,8,12017,8,0,34,-1,2,3,1795,0,57,34
04-05-21,Van Buren,823,3,683,1,140,2,755,1,5277,1,6032,2,0,21,3,9,0,793,0,21,21
04-05-21,Warren,5449,3,4646,0,803,3,5281,0,32609,12,37890,12,0,80,-3,54,6,5315,0,82,81
04-05-21,Washington,13634,38,11694,23,1940,15,12883,22,81864,106,94747,128,0,239,7,380,31,13015,2,352,238
04-05-21,Wayne,2934,1,2361,0,573,1,2598,1,11213,4,13811,5,0,33,-2,10,3,2891,0,61,34
04-05-21,Weakley,3957,8,2938,3,1019,5,3363,2,21475,6,24838,8,0,61,0,62,8,3834,0,67,61
04-05-21,White,3486,1,2863,1,623,0,3500,2,22557,11,26057,13,0,68,-5,33,6,3385,0,107,68
04-05-21,Williamson,26764,23,22589,19,4175,4,25064,25,180476,145,205540,170,1,214,-50,230,72,26320,0,291,213
04-05-21,Wilson,17617,9,15835,4,1782,5,18023,3,102344,98,120367,101,3,222,-29,-64,35,17459,0,332,222
04-04-21,Anderson,8453,3,6332,2,2121,1,7107,2,61375,37,68482,39,0,166,-4,79,7,8208,0,209,170
04-04-21,Bedford,6275,4,4962,4,1313,0,5707,5,31202,20,36909,25,0,125,-4,180,8,5970,0,133,125
04-04-21,Benton,1589,1,1257,1,332,0,1389,1,8886,8,10275,9,0,40,-1,39,2,1510,0,35,40
04-04-21,Bledsoe,2072,0,1881,0,191,0,1996,0,15452,57,17448,57,0,11,-1,10,1,2051,0,32,11
04-04-21,Blount,14711,7,12569,5,2142,2,13853,6,72495,67,86348,73,0,194,-6,-16,13,14533,0,335,193
04-04-21,Bradley,14120,12,11598,7,2522,5,13160,9,64821,89,77981,98,0,145,-15,283,27,13692,1,598,147
04-04-21,Campbell,4018,0,2226,0,1792,0,2503,0,24691,19,27194,19,1,62,-4,43,3,3913,0,122,63
04-04-21,Cannon,1864,1,1496,1,368,0,1665,0,9147,8,10812,8,0,31,0,25,1,1808,0,37,31
04-04-21,Carroll,3529,0,2316,0,1213,0,2751,0,19351,15,22102,15,0,82,0,13,0,3434,0,78,82
04-04-21,Carter,6232,2,5445,2,787,0,5978,2,36937,30,42915,32,1,156,-8,97,9,5979,0,225,156
04-04-21,Cheatham,4314,5,3310,4,1004,1,3744,4,26775,29,30519,33,0,50,-1,117,6,4147,0,90,50
04-04-21,Chester,2072,0,1496,0,576,0,1784,0,11653,4,13437,4,0,48,-1,15,1,2009,0,41,49
04-04-21,Claiborne,2990,0,1932,0,1058,0,2072,0,23736,18,25808,18,0,74,-6,42,6,2874,0,92,73
04-04-21,Clay,1079,0,742,0,337,0,855,0,5571,4,6426,4,0,31,0,2,0,1046,0,24,30
04-04-21,Cocke,4359,1,2894,1,1465,0,3196,1,21600,21,24796,22,0,98,-11,64,12,4197,0,114,98
04-04-21,Coffee,6719,0,4662,0,2057,0,5709,1,45091,13,50800,14,0,120,-12,88,12,6511,0,122,121
04-04-21,Crockett,1978,0,1187,0,791,0,1387,0,7245,7,8632,7,0,48,0,-12,0,1942,0,30,48
04-04-21,Cumberland,6394,3,5316,3,1078,0,6092,3,47800,21,53892,24,0,125,-7,104,10,6165,0,154,127
04-04-21,Davidson,85729,76,80404,62,5325,14,97708,75,954342,3554,1052050,3629,1,907,3,1065,72,83757,1,1927,913
04-04-21,Decatur,1562,0,1161,0,401,0,1380,1,10897,5,12277,6,0,38,-1,4,1,1520,0,39,38
04-04-21,Dekalb,2731,0,2023,0,708,0,2340,0,16806,4,19146,4,0,53,-1,19,1,2659,0,55,53
04-04-21,Dickson,6564,4,4737,4,1827,0,5606,4,34618,23,40224,27,0,107,3,102,1,6355,0,117,108
04-04-21,Dyer,5315,1,3513,1,1802,0,3966,1,21518,14,25484,15,0,103,0,25,1,5187,0,106,103
04-04-21,Fayette,4802,3,4131,3,671,0,5087,4,36960,23,42047,27,0,77,-5,33,8,4692,1,130,75
04-04-21,Fentress,2353,1,2036,1,317,0,2326,1,13075,3,15401,4,0,45,1,11,0,2297,0,62,46
04-04-21,Franklin,5008,1,4172,0,836,1,4891,1,37277,42,42168,43,0,87,-4,73,5,4848,0,108,87
04-04-21,Gibson,6298,2,3801,1,2497,1,4611,3,29048,21,33659,24,0,143,-3,46,5,6109,0,108,144
04-04-21,Giles,3866,0,3205,0,661,0,3684,0,22528,9,26212,9,0,98,-1,39,1,3729,0,110,98
04-04-21,Grainger,2533,1,1884,0,649,1,2112,0,13823,12,15935,12,0,48,1,32,0,2453,0,68,50
04-04-21,Greene,7553,6,5996,3,1557,3,6688,3,48351,74,55039,77,0,151,0,113,6,7289,0,184,151
04-04-21,Grundy,1751,1,1466,1,285,0,1680,1,8858,4,10538,5,0,31,0,13,1,1707,0,58,31
04-04-21,Hamblen,8353,2,5856,0,2497,2,6587,0,45464,23,52051,23,0,170,-4,68,6,8115,0,254,170
04-04-21,Hamilton,42524,24,36649,13,5875,11,41018,15,313008,246,354026,261,1,479,-34,422,57,41623,0,1127,480
04-04-21,Hancock,529,0,375,0,154,0,400,0,3813,4,4213,4,0,12,0,7,0,510,0,20,12
04-04-21,Hardeman,3427,0,2769,0,658,0,3236,0,24548,8,27784,8,0,63,0,15,0,3349,0,101,63
04-04-21,Hardin,3431,1,2332,1,1099,0,2773,1,22937,6,25710,7,0,66,-5,43,6,3322,0,63,66
04-04-21,Hawkins,5598,2,4569,1,1029,1,4909,1,33807,14,38716,15,0,104,-7,103,9,5391,0,147,105
04-04-21,Haywood,2665,0,2235,0,430,0,2550,0,13474,0,16024,0,0,60,-1,4,1,2601,0,81,60
04-04-21,Henderson,3669,0,2557,0,1112,0,3203,0,15874,5,19077,5,0,74,0,17,0,3578,0,77,75
04-04-21,Henry,3075,0,2386,0,689,0,2760,0,17606,8,20366,8,0,75,-3,16,3,2984,0,74,75
04-04-21,Hickman,2759,0,2228,0,531,0,2571,0,16241,15,18812,15,0,43,-1,26,1,2690,0,55,45
04-04-21,Houston,1064,0,801,0,263,0,916,0,9774,3,10690,3,0,33,0,7,0,1024,0,39,33
04-04-21,Humphreys,1646,3,1066,3,580,0,1243,3,11398,7,12641,10,0,21,1,42,2,1583,0,32,21
04-04-21,Jackson,1284,0,1006,0,278,0,1176,0,5402,3,6578,3,0,35,-1,9,1,1240,0,39,35
04-04-21,Jefferson,5953,1,4110,0,1843,1,4649,0,38455,29,43104,29,0,121,-4,54,5,5778,0,182,120
04-04-21,Johnson,2232,1,1977,1,255,0,2102,1,14934,22,17036,23,0,38,-3,16,4,2178,0,58,38
04-04-21,Knox,49049,48,41214,31,7835,17,45086,41,317873,339,362959,380,3,621,-24,501,69,47927,0,1343,620
04-04-21,Lake,1689,0,1501,0,188,0,1771,0,9933,2,11704,2,0,26,0,4,0,1659,0,25,26
04-04-21,Lauderdale,3112,1,2427,1,685,0,2786,1,20651,19,23437,20,0,44,1,10,0,3058,0,82,43
04-04-21,Lawrence,5695,0,4452,0,1243,0,4910,0,28790,21,33700,21,0,86,-2,46,2,5563,0,143,86
04-04-21,Lewis,1538,1,1166,1,372,0,1261,1,9843,5,11104,6,0,25,1,32,0,1481,0,42,25
04-04-21,Lincoln,4242,2,3287,2,955,0,3739,3,17361,18,21100,21,0,63,1,43,1,4136,0,83,61
04-04-21,Loudon,5931,1,4578,1,1353,0,5008,1,30699,26,35707,27,0,69,-5,38,6,5824,0,134,69
04-04-21,Macon,3515,0,2740,0,775,0,3221,0,16056,10,19277,10,0,74,-2,72,2,3369,0,121,75
04-04-21,Madison,10536,8,5885,5,4651,3,7152,7,53969,30,61121,37,0,238,5,-415,3,10713,0,336,239
04-04-21,Marion,3056,0,2608,0,448,0,2908,1,18865,24,21773,25,0,46,-1,11,1,2999,0,110,46
04-04-21,Marshall,4037,2,3207,2,830,0,3625,4,22682,9,26307,13,0,57,0,47,2,3933,0,87,58
04-04-21,Maury,12768,9,11258,8,1510,1,12437,12,72068,80,84505,92,0,162,-1,97,10,12509,0,288,165
04-04-21,McMinn,6214,6,5530,6,684,0,6108,7,42022,36,48130,43,0,96,3,82,3,6036,0,154,96
04-04-21,McNairy,2740,0,1946,0,794,0,2368,0,17890,5,20258,5,0,54,-2,0,2,2686,0,63,54
04-04-21,Meigs,1317,0,1193,0,124,0,1324,1,7915,7,9239,8,0,23,0,14,0,1280,0,42,23
04-04-21,Monroe,5594,1,4426,1,1168,0,4971,1,26755,15,31726,16,0,95,-5,63,6,5436,0,152,95
04-04-21,Montgomery,18578,27,13587,20,4991,7,14943,21,111727,157,126670,178,0,221,6,45,21,18312,0,300,222
04-04-21,Moore,988,0,762,0,226,0,861,0,4802,1,5663,1,0,17,-2,22,2,949,0,16,17
04-04-21,Morgan,2402,2,1775,2,627,0,1929,3,15061,13,16990,16,0,39,1,35,1,2328,0,41,39
04-04-21,Obion,4448,1,3302,1,1146,0,3739,1,22194,9,25933,10,0,96,-1,28,2,4324,0,100,96
04-04-21,Out of State,17003,10,13561,5,3442,5,15338,7,615745,518,631083,525,0,101,-5,216,15,16686,0,202,96
04-04-21,Overton,2937,0,2209,0,728,0,2603,0,14788,10,17391,10,0,60,0,27,0,2850,0,63,60
04-04-21,Pending,16009,10,10319,6,5690,4,11471,7,399406,414,410877,421,0,131,0,88,10,15790,0,138,131
04-04-21,Perry,1052,0,904,0,148,0,1018,0,6033,2,7051,2,0,28,0,1,0,1023,0,28,28
04-04-21,Pickett,749,0,495,0,254,0,597,0,3854,0,4451,0,0,24,0,3,0,722,0,28,24
04-04-21,Polk,1932,0,1742,0,190,0,1928,1,9233,13,11161,14,0,24,-3,45,3,1863,0,77,24
04-04-21,Putnam,10999,7,8989,6,2010,1,10774,6,70545,40,81319,46,0,173,-1,123,8,10703,0,207,173
04-04-21,Rhea,4262,4,3694,4,568,0,4136,4,26280,20,30416,24,0,75,4,39,0,4148,0,82,75
04-04-21,Roane,6091,0,4729,0,1362,0,5273,1,42409,30,47682,31,0,100,-2,25,2,5966,0,145,101
04-04-21,Robertson,9422,11,7413,8,2009,3,8351,9,42727,48,51078,57,0,127,5,148,6,9147,1,418,127
04-04-21,Rutherford,41065,43,35195,29,5870,14,40907,37,231710,309,272617,346,0,411,-8,552,51,40102,0,587,412
04-04-21,Scott,3004,1,1668,0,1336,1,1783,0,11310,10,13093,10,0,45,-2,42,3,2917,0,63,45
04-04-21,Sequatchie,1639,3,1292,3,347,0,1410,3,11681,9,13091,12,0,29,3,23,0,1587,0,38,29
04-04-21,Sevier,12875,5,11096,4,1779,1,12219,6,65628,94,77847,100,0,172,-9,185,14,12518,0,275,173
04-04-21,Shelby,90738,59,84242,45,6496,14,103864,59,952282,1032,1056146,1091,0,1564,-22,1085,81,88089,2,3511,1587
04-04-21,Smith,2695,0,2029,0,666,0,2543,0,13475,12,16018,12,0,37,-2,46,2,2612,0,59,37
04-04-21,Stewart,1286,0,975,0,311,0,1103,0,6807,8,7910,8,0,27,-1,12,1,1247,0,26,28
04-04-21,Sullivan,15532,23,13485,23,2047,0,14537,24,86671,77,101208,101,0,281,-11,403,34,14848,1,732,283
04-04-21,Sumner,22682,28,20107,21,2575,7,22752,25,118648,139,141400,164,0,337,-13,239,41,22106,0,700,336
04-04-21,Tipton,7122,4,4961,4,2161,0,5998,4,46830,64,52828,68,0,104,-2,49,6,6969,1,150,99
04-04-21,Trousdale,2467,0,2318,0,149,0,2484,0,9081,12,11565,12,0,22,-3,26,3,2419,0,41,22
04-04-21,Unicoi,1878,1,1450,1,428,0,1599,1,13086,12,14685,13,0,49,0,23,1,1806,0,67,49
04-04-21,Union,1829,1,1545,0,284,1,1665,0,10344,7,12009,7,0,34,0,3,1,1792,1,57,34
04-04-21,Van Buren,820,0,682,0,138,0,754,0,5276,4,6030,4,0,21,0,6,0,793,0,21,21
04-04-21,Warren,5446,0,4646,0,800,0,5281,1,32597,29,37878,30,0,80,-1,57,1,5309,0,82,81
04-04-21,Washington,13596,13,11671,11,1925,2,12861,11,81758,81,94619,92,0,239,-3,373,16,12984,1,350,238
04-04-21,Wayne,2933,1,2361,1,572,0,2597,1,11209,9,13806,10,0,33,0,12,1,2888,0,61,33
04-04-21,Weakley,3949,0,2935,0,1014,0,3361,0,21469,8,24830,8,0,61,-5,62,5,3826,0,67,61
04-04-21,White,3485,0,2862,0,623,0,3498,0,22546,16,26044,16,0,68,-2,38,2,3379,0,107,68
04-04-21,Williamson,26741,33,22570,22,4171,11,25039,22,180331,265,205370,287,0,213,4,280,29,26248,0,291,213
04-04-21,Wilson,17608,16,15831,15,1777,1,18020,17,102246,355,120266,372,0,219,-7,-35,23,17424,0,332,222
04-03-21,Anderson,8450,6,6330,5,2120,1,7105,6,61338,50,68443,56,0,166,-9,83,15,8201,0,209,170
04-03-21,Bedford,6271,7,4958,7,1313,0,5702,8,31182,50,36884,58,0,125,-2,184,9,5962,0,133,125
04-03-21,Benton,1588,3,1256,2,332,1,1388,2,8878,9,10266,11,0,40,0,40,3,1508,0,35,40
04-03-21,Bledsoe,2072,1,1881,0,191,1,1996,0,15395,40,17391,40,0,11,-1,11,2,2050,0,32,11
04-03-21,Blount,14704,18,12564,11,2140,7,13847,11,72428,110,86275,121,0,194,-2,-10,20,14520,1,335,193
04-03-21,Bradley,14108,28,11591,25,2517,3,13151,29,64732,121,77883,150,0,145,2,298,26,13665,1,597,147
04-03-21,Campbell,4018,2,2226,0,1792,2,2503,0,24672,25,27175,25,0,61,-3,47,5,3910,0,122,63
04-03-21,Cannon,1863,1,1495,0,368,1,1665,0,9139,14,10804,14,0,31,1,25,0,1807,0,37,31
04-03-21,Carroll,3529,1,2316,0,1213,1,2751,0,19336,11,22087,11,0,82,-1,13,2,3434,0,78,82
04-03-21,Carter,6230,3,5443,3,787,0,5976,3,36907,35,42883,38,0,155,-7,105,10,5970,0,225,156
04-03-21,Cheatham,4309,7,3306,5,1003,2,3740,5,26746,41,30486,46,0,50,0,118,7,4141,3,90,50
04-03-21,Chester,2072,1,1496,1,576,0,1784,1,11649,3,13433,4,0,48,1,16,0,2008,0,41,49
04-03-21,Claiborne,2990,4,1932,1,1058,3,2072,1,23718,22,25790,23,0,74,0,48,4,2868,1,92,73
04-03-21,Clay,1079,0,742,0,337,0,855,0,5567,5,6422,5,0,31,0,2,0,1046,0,24,30
04-03-21,Cocke,4358,3,2893,1,1465,2,3195,2,21579,15,24774,17,0,98,-4,75,7,4185,0,114,98
04-03-21,Coffee,6719,8,4662,6,2057,2,5708,6,45078,64,50786,70,0,120,3,100,5,6499,0,122,120
04-03-21,Crockett,1978,0,1187,0,791,0,1387,0,7238,8,8625,8,0,48,-1,-12,1,1942,0,30,48
04-03-21,Cumberland,6391,5,5313,2,1078,3,6089,3,47779,38,53868,41,0,125,-2,111,7,6155,0,154,126
04-03-21,Davidson,85653,111,80342,92,5311,19,97633,104,950788,2337,1048421,2441,0,906,26,1062,85,83685,1,1926,911
04-03-21,Decatur,1562,1,1161,0,401,1,1379,0,10892,10,12271,10,0,38,1,5,0,1519,0,39,38
04-03-21,Dekalb,2731,0,2023,0,708,0,2340,0,16802,11,19142,11,0,53,-2,20,2,2658,0,55,53
04-03-21,Dickson,6560,6,4733,5,1827,1,5602,6,34595,47,40197,53,0,107,0,99,6,6354,0,117,108
04-03-21,Dyer,5314,0,3512,0,1802,0,3965,1,21504,12,25469,13,0,103,-2,25,2,5186,0,106,103
04-03-21,Fayette,4799,3,4128,0,671,3,5083,1,36937,52,42020,53,0,77,-2,38,5,4684,0,129,75
04-03-21,Fentress,2352,0,2035,0,317,0,2325,0,13072,3,15397,3,0,45,-3,10,3,2297,0,62,46
04-03-21,Franklin,5007,5,4172,2,835,3,4890,1,37235,143,42125,144,0,87,-2,77,7,4843,0,108,87
04-03-21,Gibson,6296,3,3800,3,2496,0,4608,4,29027,36,33635,40,0,143,-1,49,4,6104,0,108,143
04-03-21,Giles,3866,2,3205,2,661,0,3684,6,22519,10,26203,16,0,98,-4,40,6,3728,0,110,98
04-03-21,Grainger,2532,3,1884,2,648,1,2112,2,13811,19,15923,21,0,48,1,31,2,2453,0,68,50
04-03-21,Greene,7547,8,5993,7,1554,1,6685,5,48277,74,54962,79,0,151,2,113,6,7283,0,184,151
04-03-21,Grundy,1750,5,1465,4,285,1,1679,4,8854,22,10533,26,0,31,5,13,0,1706,1,58,31
04-03-21,Hamblen,8351,7,5856,2,2495,5,6587,2,45441,32,52028,34,0,170,-4,72,11,8109,0,254,170
04-03-21,Hamilton,42500,40,36636,24,5864,16,41003,31,312762,407,353765,438,0,478,-5,456,45,41566,0,1127,480
04-03-21,Hancock,529,1,375,1,154,0,400,1,3809,4,4209,5,0,12,-2,7,3,510,0,20,12
04-03-21,Hardeman,3427,0,2769,0,658,0,3236,0,24540,10,27776,10,0,63,0,15,0,3349,0,101,63
04-03-21,Hardin,3430,2,2331,1,1099,1,2772,1,22931,16,25703,17,0,66,-1,48,3,3316,0,63,66
04-03-21,Hawkins,5596,6,4568,3,1028,3,4908,2,33793,33,38701,35,0,104,-2,110,8,5382,0,147,104
04-03-21,Haywood,2665,1,2235,1,430,0,2550,0,13474,4,16024,4,0,60,0,5,1,2600,0,81,60
04-03-21,Henderson,3669,1,2557,1,1112,0,3203,1,15869,10,19072,11,0,74,-1,17,2,3578,0,77,75
04-03-21,Henry,3075,3,2386,1,689,2,2760,1,17598,9,20358,10,0,75,0,19,3,2981,0,74,75
04-03-21,Hickman,2759,2,2228,2,531,0,2571,2,16226,16,18797,18,0,43,2,27,0,2689,0,55,45
04-03-21,Houston,1064,0,801,0,263,0,916,0,9771,3,10687,3,0,33,0,7,0,1024,0,39,33
04-03-21,Humphreys,1643,1,1063,1,580,0,1240,2,11391,13,12631,15,0,21,-1,41,2,1581,0,32,21
04-03-21,Jackson,1284,0,1006,0,278,0,1176,0,5399,4,6575,4,0,35,-1,10,1,1239,0,39,35
04-03-21,Jefferson,5952,11,4110,3,1842,8,4649,4,38426,37,43075,41,0,121,0,58,11,5773,0,182,120
04-03-21,Johnson,2231,1,1976,0,255,1,2101,0,14912,11,17013,11,0,38,-3,19,4,2174,0,58,38
04-03-21,Knox,49001,81,41183,64,7818,17,45045,75,317534,591,362579,666,0,618,4,525,77,47858,0,1343,619
04-03-21,Lake,1689,0,1501,0,188,0,1771,0,9931,6,11702,6,0,26,0,4,0,1659,0,25,26
04-03-21,Lauderdale,3111,1,2426,1,685,0,2785,1,20632,9,23417,10,0,44,-2,9,3,3058,0,82,43
04-03-21,Lawrence,5695,5,4452,5,1243,0,4910,6,28769,34,33679,40,0,86,1,48,4,5561,0,143,86
04-03-21,Lewis,1537,4,1165,1,372,3,1260,1,9838,3,11098,4,0,25,0,31,4,1481,0,42,25
04-03-21,Lincoln,4240,4,3285,1,955,3,3736,1,17343,16,21079,17,0,63,-5,42,9,4135,1,83,61
04-03-21,Loudon,5930,3,4577,1,1353,2,5007,1,30673,26,35680,27,0,69,-5,43,8,5818,0,134,69
04-03-21,Macon,3515,3,2740,1,775,2,3221,2,16046,32,19267,34,0,74,2,74,1,3367,0,121,75
04-03-21,Madison,10528,3,5880,2,4648,1,7145,2,53939,60,61084,62,0,238,1,-420,2,10710,0,336,239
04-03-21,Marion,3056,1,2608,1,448,0,2907,1,18841,31,21748,32,0,46,0,12,1,2998,0,110,46
04-03-21,Marshall,4035,1,3205,0,830,1,3621,0,22673,17,26294,17,0,57,-1,47,2,3931,0,87,58
04-03-21,Maury,12759,10,11250,5,1509,5,12425,5,71988,52,84413,57,0,162,-4,98,14,12499,0,288,165
04-03-21,McMinn,6208,9,5524,8,684,1,6101,8,41986,89,48087,97,0,96,2,79,7,6033,0,154,96
04-03-21,McNairy,2740,0,1946,0,794,0,2368,0,17885,12,20253,12,0,54,-2,2,2,2684,0,63,54
04-03-21,Meigs,1317,1,1193,1,124,0,1323,1,7908,18,9231,19,0,23,0,14,1,1280,1,42,23
04-03-21,Monroe,5593,7,4425,3,1168,4,4970,4,26740,24,31710,28,0,95,2,68,5,5430,1,152,95
04-03-21,Montgomery,18551,47,13567,22,4984,25,14922,24,111570,201,126492,225,0,221,25,39,22,18291,0,300,221
04-03-21,Moore,988,1,762,1,226,0,861,1,4801,6,5662,7,0,17,0,24,1,947,0,16,17
04-03-21,Morgan,2400,6,1773,5,627,1,1926,5,15048,28,16974,33,0,39,-1,34,7,2327,0,41,39
04-03-21,Obion,4447,5,3301,2,1146,3,3738,2,22185,21,25923,23,0,96,3,29,2,4322,0,100,96
04-03-21,Out of State,16993,21,13556,17,3437,4,15331,20,615227,570,630558,590,0,101,15,221,6,16671,0,202,96
04-03-21,Overton,2937,1,2209,1,728,0,2603,1,14778,10,17381,11,0,60,1,27,0,2850,0,63,60
04-03-21,Pending,15999,14,10313,12,5686,2,11464,13,398992,446,410456,459,0,131,3,88,11,15780,0,138,131
04-03-21,Perry,1052,0,904,0,148,0,1018,0,6031,4,7049,4,0,28,0,1,0,1023,0,28,28
04-03-21,Pickett,749,0,495,0,254,0,597,0,3854,1,4451,1,0,24,0,3,0,722,0,28,24
04-03-21,Polk,1932,3,1742,3,190,0,1927,4,9220,17,11147,21,0,24,-1,48,4,1860,0,77,24
04-03-21,Putnam,10992,5,8983,4,2009,1,10768,4,70505,55,81273,59,0,173,-5,124,10,10695,0,207,173
04-03-21,Rhea,4258,2,3690,2,568,0,4132,2,26260,15,30392,17,0,75,-3,35,5,4148,0,82,75
04-03-21,Roane,6091,2,4729,0,1362,2,5272,0,42379,44,47651,44,0,100,1,27,1,5964,0,145,101
04-03-21,Robertson,9411,12,7405,4,2006,8,8342,6,42679,55,51021,61,0,127,3,143,9,9141,1,417,127
04-03-21,Rutherford,41022,53,35166,27,5856,26,40870,32,231401,435,272271,467,0,411,4,560,49,40051,0,587,412
04-03-21,Scott,3003,2,1668,0,1335,2,1783,0,11300,6,13083,6,0,45,0,44,2,2914,1,63,45
04-03-21,Sequatchie,1636,2,1289,2,347,0,1407,2,11672,7,13079,9,0,29,0,20,2,1587,0,38,29
04-03-21,Sevier,12870,21,11092,18,1778,3,12213,18,65534,118,77747,136,0,172,-4,194,25,12504,0,275,173
04-03-21,Shelby,90679,89,84197,78,6482,11,103805,97,951250,1479,1055055,1576,0,1564,23,1107,66,88008,3,3509,1583
04-03-21,Smith,2695,0,2029,0,666,0,2543,0,13463,12,16006,12,0,37,-5,48,5,2610,0,59,37
04-03-21,Stewart,1286,3,975,3,311,0,1103,3,6799,5,7902,8,0,27,3,13,0,1246,0,26,27
04-03-21,Sullivan,15509,28,13462,26,2047,2,14513,29,86594,139,101107,168,0,281,3,414,25,14814,1,731,283
04-03-21,Sumner,22654,31,20086,19,2568,12,22727,19,118509,248,141236,267,0,337,4,252,27,22065,0,700,336
04-03-21,Tipton,7118,6,4957,3,2161,3,5994,3,46766,52,52760,55,0,104,0,51,6,6963,0,149,99
04-03-21,Trousdale,2467,1,2318,1,149,0,2484,1,9069,12,11553,13,0,22,0,29,1,2416,0,41,22
04-03-21,Unicoi,1877,2,1449,1,428,1,1598,2,13074,12,14672,14,0,49,-3,23,5,1805,0,67,49
04-03-21,Union,1828,1,1545,1,283,0,1665,1,10337,21,12002,22,0,34,-6,3,7,1791,0,56,34
04-03-21,Van Buren,820,0,682,0,138,0,754,0,5272,2,6026,2,0,21,-2,6,2,793,0,21,21
04-03-21,Warren,5446,3,4646,3,800,0,5280,4,32568,30,37848,34,0,80,3,58,0,5308,0,82,81
04-03-21,Washington,13583,28,11660,25,1923,3,12850,25,81677,91,94527,116,0,239,-3,376,31,12968,0,349,238
04-03-21,Wayne,2932,0,2360,0,572,0,2596,0,11200,4,13796,4,0,33,-1,12,1,2887,0,61,33
04-03-21,Weakley,3949,9,2935,7,1014,2,3361,7,21461,13,24822,20,0,61,6,67,3,3821,0,67,61
04-03-21,White,3485,0,2862,0,623,0,3498,0,22530,14,26028,14,0,68,-2,40,2,3377,0,107,68
04-03-21,Williamson,26708,25,22548,15,4160,10,25017,17,180066,268,205083,285,0,213,-18,276,43,26219,0,291,213
04-03-21,Wilson,17592,18,15816,14,1776,4,18003,14,101891,199,119894,213,0,219,-3,-28,21,17401,0,332,219
04-02-21,Anderson,8444,8,6325,6,2119,2,7099,6,61288,70,68387,76,0,166,-3,92,11,8186,0,209,170
04-02-21,Bedford,6264,5,4951,3,1313,2,5694,4,31132,70,36826,74,0,125,-9,186,14,5953,0,133,124
04-02-21,Benton,1585,8,1254,3,331,5,1386,3,8869,11,10255,14,0,40,5,40,3,1505,0,35,40
04-02-21,Bledsoe,2071,1,1881,0,190,1,1996,0,15355,41,17351,41,0,11,-1,12,2,2048,0,32,11
04-02-21,Blount,14686,14,12553,11,2133,3,13836,10,72318,148,86154,158,0,194,0,-8,14,14500,0,334,193
04-02-21,Bradley,14080,16,11566,13,2514,3,13122,14,64611,117,77733,131,0,145,-12,296,28,13639,1,596,146
04-02-21,Campbell,4016,7,2226,3,1790,4,2503,3,24647,23,27150,26,0,61,4,50,3,3905,1,122,63
04-02-21,Cannon,1862,4,1495,2,367,2,1665,2,9125,18,10790,20,0,31,1,24,3,1807,0,37,31
04-02-21,Carroll,3528,0,2316,0,1212,0,2751,0,19325,15,22076,15,0,82,0,14,0,3432,0,78,82
04-02-21,Carter,6227,7,5440,6,787,1,5973,7,36872,70,42845,77,0,155,-2,112,9,5960,0,225,155
04-02-21,Cheatham,4302,5,3301,5,1001,0,3735,5,26705,88,30440,93,0,50,-4,118,9,4134,0,87,50
04-02-21,Chester,2071,0,1495,0,576,0,1783,0,11646,5,13429,5,0,48,-1,15,1,2008,0,41,49
04-02-21,Claiborne,2986,7,1931,3,1055,4,2071,4,23696,90,25767,94,0,74,2,48,5,2864,0,91,73
04-02-21,Clay,1079,1,742,0,337,1,855,0,5562,9,6417,9,0,31,0,2,1,1046,0,24,30
04-02-21,Cocke,4355,4,2892,3,1463,1,3193,3,21564,36,24757,39,0,98,-6,79,10,4178,0,114,98
04-02-21,Coffee,6711,10,4656,5,2055,5,5702,8,45014,70,50716,78,0,120,-3,97,13,6494,0,122,120
04-02-21,Crockett,1978,0,1187,0,791,0,1387,0,7230,1,8617,1,0,48,-1,-11,1,1941,0,30,48
04-02-21,Cumberland,6386,13,5311,9,1075,4,6086,10,47741,91,53827,101,0,125,0,113,13,6148,1,154,126
04-02-21,Davidson,85542,112,80250,101,5292,11,97529,135,948451,1965,1045980,2100,1,906,-8,1036,119,83600,1,1925,910
04-02-21,Decatur,1561,1,1161,0,400,1,1379,0,10882,9,12261,9,0,38,0,4,1,1519,0,39,38
04-02-21,Dekalb,2731,1,2023,1,708,0,2340,2,16791,29,19131,31,0,53,-1,22,2,2656,0,55,53
04-02-21,Dickson,6554,15,4728,13,1826,2,5596,14,34548,85,40144,99,0,107,12,99,3,6348,0,117,108
04-02-21,Dyer,5314,3,3512,2,1802,1,3964,2,21492,23,25456,25,0,103,2,27,1,5184,0,106,103
04-02-21,Fayette,4796,5,4128,4,668,1,5082,5,36885,55,41967,60,-1,77,5,40,1,4679,1,129,75
04-02-21,Fentress,2352,1,2035,1,317,0,2325,1,13069,13,15394,14,0,45,0,13,1,2294,0,62,46
04-02-21,Franklin,5002,5,4170,4,832,1,4889,4,37092,122,41981,126,0,87,-6,79,11,4836,0,108,87
04-02-21,Gibson,6293,3,3797,1,2496,2,4604,1,28991,18,33595,19,0,143,2,50,1,6100,0,108,143
04-02-21,Giles,3864,7,3203,4,661,3,3678,4,22509,37,26187,41,0,98,3,44,4,3722,0,110,98
04-02-21,Grainger,2529,3,1882,3,647,0,2110,3,13792,22,15902,25,0,48,0,30,3,2451,0,68,50
04-02-21,Greene,7539,17,5986,16,1553,1,6680,18,48203,199,54883,217,0,151,8,111,9,7277,0,184,151
04-02-21,Grundy,1745,3,1461,3,284,0,1675,3,8832,23,10507,26,0,31,2,8,1,1706,0,57,31
04-02-21,Hamblen,8344,6,5854,2,2490,4,6585,3,45409,56,51994,59,0,170,-4,76,10,8098,1,254,170
04-02-21,Hamilton,42460,34,36612,18,5848,16,40972,26,312355,447,353327,473,0,478,-53,461,87,41521,0,1127,479
04-02-21,Hancock,528,1,374,0,154,1,399,0,3805,10,4204,10,0,12,1,9,0,507,0,20,12
04-02-21,Hardeman,3427,2,2769,0,658,2,3236,0,24530,27,27766,27,0,63,1,15,1,3349,0,101,63
04-02-21,Hardin,3428,4,2330,3,1098,1,2771,3,22915,26,25686,29,0,66,-1,49,5,3313,0,63,66
04-02-21,Hawkins,5590,10,4565,8,1025,2,4906,9,33760,68,38666,77,0,104,-7,112,17,5374,0,147,104
04-02-21,Haywood,2664,0,2234,0,430,0,2550,0,13470,9,16020,9,0,60,0,5,0,2599,0,81,60
04-02-21,Henderson,3668,4,2556,1,1112,3,3202,1,15859,6,19061,7,0,74,3,18,1,3576,0,77,75
04-02-21,Henry,3072,1,2385,0,687,1,2759,0,17589,14,20348,14,0,75,1,19,0,2978,0,74,75
04-02-21,Hickman,2757,4,2226,4,531,0,2569,4,16210,34,18779,38,0,43,0,25,4,2689,0,55,44
04-02-21,Houston,1064,2,801,0,263,2,916,0,9768,7,10684,7,0,33,1,7,1,1024,0,39,33
04-02-21,Humphreys,1642,5,1062,0,580,5,1238,0,11378,7,12616,7,0,21,3,42,2,1579,0,32,21
04-02-21,Jackson,1284,0,1006,0,278,0,1176,0,5395,14,6571,14,0,35,0,11,0,1238,0,39,35
04-02-21,Jefferson,5941,3,4107,1,1834,2,4645,2,38389,217,43034,219,0,121,-7,58,10,5762,0,182,120
04-02-21,Johnson,2230,1,1976,0,254,1,2101,0,14901,15,17002,15,0,38,-4,22,5,2170,0,58,38
04-02-21,Knox,48920,75,41119,44,7801,31,44970,41,316943,534,361913,575,0,618,4,521,71,47781,2,1343,616
04-02-21,Lake,1689,0,1501,0,188,0,1771,0,9925,33,11696,33,0,26,-1,4,1,1659,0,25,26
04-02-21,Lauderdale,3110,1,2425,1,685,0,2784,1,20623,27,23407,28,0,44,1,11,0,3055,0,82,43
04-02-21,Lawrence,5690,4,4447,3,1243,1,4904,4,28735,41,33639,45,0,86,0,47,4,5557,0,143,86
04-02-21,Lewis,1533,3,1164,2,369,1,1259,2,9835,10,11094,12,0,25,0,31,3,1477,0,42,25
04-02-21,Lincoln,4236,2,3284,0,952,2,3735,0,17327,23,21062,23,0,63,-1,47,3,4126,0,82,61
04-02-21,Loudon,5927,8,4576,3,1351,5,5006,3,30647,32,35653,35,0,69,3,48,5,5810,0,134,69
04-02-21,Macon,3512,11,2739,11,773,0,3219,11,16014,21,19233,32,0,74,3,72,8,3366,0,121,74
04-02-21,Madison,10525,10,5878,10,4647,0,7143,10,53879,68,61022,78,0,238,1,-421,9,10708,0,336,239
04-02-21,Marion,3055,2,2607,2,448,0,2906,2,18810,41,21716,43,0,46,-2,12,4,2997,0,110,46
04-02-21,Marshall,4034,1,3205,1,829,0,3621,1,22656,23,26277,24,0,57,-5,48,6,3929,0,87,57
04-02-21,Maury,12749,21,11245,16,1504,5,12420,19,71936,131,84356,150,0,162,3,102,18,12485,1,288,163
04-02-21,McMinn,6199,7,5516,6,683,1,6093,8,41897,52,47990,60,0,96,-1,77,8,6026,0,154,96
04-02-21,McNairy,2740,3,1946,3,794,0,2368,3,17873,18,20241,21,0,54,2,4,1,2682,0,63,54
04-02-21,Meigs,1316,0,1192,0,124,0,1322,0,7890,9,9212,9,0,23,-2,14,2,1279,0,41,23
04-02-21,Monroe,5586,5,4422,4,1164,1,4966,6,26716,31,31682,37,0,95,0,66,5,5425,0,151,95
04-02-21,Montgomery,18504,46,13545,42,4959,4,14898,46,111369,243,126267,289,0,221,11,14,35,18269,0,300,221
04-02-21,Moore,987,0,761,0,226,0,860,0,4795,12,5655,12,0,17,0,24,0,946,0,16,17
04-02-21,Morgan,2394,1,1768,1,626,0,1921,1,15020,15,16941,16,0,39,-2,35,3,2320,0,41,39
04-02-21,Obion,4442,3,3299,1,1143,2,3736,1,22164,39,25900,40,0,96,-3,26,6,4320,0,100,96
04-02-21,Out of State,16972,25,13539,21,3433,4,15311,21,614657,1091,629968,1112,0,101,8,206,17,16665,0,202,96
04-02-21,Overton,2936,6,2208,5,728,1,2602,5,14768,12,17370,17,0,60,0,26,6,2850,0,63,60
04-02-21,Pending,15985,25,10301,19,5684,6,11451,20,398546,880,409997,900,1,131,10,85,14,15769,0,138,131
04-02-21,Perry,1052,0,904,0,148,0,1018,0,6027,8,7045,8,0,28,-1,1,1,1023,0,28,28
04-02-21,Pickett,749,0,495,0,254,0,597,0,3853,4,4450,4,0,24,0,3,0,722,0,28,24
04-02-21,Polk,1929,2,1739,2,190,0,1923,2,9203,17,11126,19,0,24,-3,49,5,1856,0,77,24
04-02-21,Putnam,10987,11,8979,9,2008,2,10764,10,70450,137,81214,147,0,173,-1,129,12,10685,0,207,173
04-02-21,Rhea,4256,3,3688,3,568,0,4130,4,26245,44,30375,48,0,75,2,38,1,4143,0,82,75
04-02-21,Roane,6089,5,4729,4,1360,1,5272,4,42335,41,47607,45,0,100,3,26,2,5963,0,145,101
04-02-21,Robertson,9399,11,7401,5,1998,6,8336,8,42624,100,50960,108,0,127,-7,140,18,9132,0,416,127
04-02-21,Rutherford,40969,74,35139,59,5830,15,40838,77,230966,690,271804,767,0,411,-25,556,99,40002,0,587,412
04-02-21,Scott,3001,6,1668,1,1333,5,1783,1,11294,11,13077,12,0,45,-3,44,9,2912,0,62,45
04-02-21,Sequatchie,1634,5,1287,1,347,4,1405,1,11665,11,13070,12,0,29,2,20,3,1585,0,38,29
04-02-21,Sevier,12849,13,11074,6,1775,7,12195,6,65416,104,77611,110,0,172,-15,198,28,12479,0,275,173
04-02-21,Shelby,90590,106,84119,94,6471,12,103708,126,949771,2495,1053479,2621,0,1564,17,1084,89,87942,6,3506,1582
04-02-21,Smith,2695,2,2029,2,666,0,2543,3,13451,78,15994,81,0,37,-1,53,3,2605,1,59,37
04-02-21,Stewart,1283,1,972,1,311,0,1100,1,6794,12,7894,13,0,27,1,10,0,1246,0,26,27
04-02-21,Sullivan,15481,21,13436,14,2045,7,14484,15,86455,161,100939,176,0,281,-10,411,31,14789,0,730,283
04-02-21,Sumner,22623,44,20067,36,2556,8,22708,39,118261,232,140969,271,0,337,10,248,34,22038,1,700,336
04-02-21,Tipton,7112,3,4954,2,2158,1,5991,2,46714,81,52705,83,0,104,-2,51,5,6957,0,149,99
04-02-21,Trousdale,2466,0,2317,0,149,0,2483,1,9057,8,11540,9,0,22,-2,29,2,2415,0,41,22
04-02-21,Unicoi,1875,3,1448,2,427,1,1596,2,13062,30,14658,32,0,49,1,26,2,1800,0,67,49
04-02-21,Union,1827,1,1544,1,283,0,1664,1,10316,13,11980,14,0,34,-1,9,2,1784,0,56,34
04-02-21,Van Buren,820,2,682,2,138,0,754,2,5270,11,6024,13,0,21,2,8,0,791,0,21,21
04-02-21,Warren,5443,8,4643,6,800,2,5276,6,32538,66,37814,72,0,80,2,55,6,5308,0,82,81
04-02-21,Washington,13555,44,11635,36,1920,8,12825,37,81586,189,94411,226,0,239,14,379,30,12937,0,349,238
04-02-21,Wayne,2932,0,2360,0,572,0,2596,0,11196,9,13792,9,0,33,-1,13,1,2886,0,61,33
04-02-21,Weakley,3940,5,2928,4,1012,1,3354,4,21448,59,24802,63,0,61,-6,61,11,3818,0,67,61
04-02-21,White,3485,4,2862,2,623,2,3498,2,22516,30,26014,32,0,68,2,42,2,3375,0,107,68
04-02-21,Williamson,26683,43,22533,37,4150,6,25000,44,179798,448,204798,492,0,213,12,294,31,26176,0,291,213
04-02-21,Wilson,17574,27,15802,24,1772,3,17989,32,101692,245,119681,277,0,219,-8,-25,35,17380,1,332,219
04-01-21,Anderson,8436,9,6319,3,2117,6,7093,4,61218,57,68311,61,0,166,-11,95,20,8175,0,209,170
04-01-21,Bedford,6259,25,4948,6,1311,19,5690,7,31062,64,36752,71,0,125,3,195,22,5939,0,133,124
04-01-21,Benton,1577,5,1251,2,326,3,1383,2,8858,16,10241,18,0,40,4,35,1,1502,0,35,40
04-01-21,Bledsoe,2070,1,1881,1,189,0,1996,1,15314,61,17310,62,0,11,-5,13,6,2046,0,32,11
04-01-21,Blount,14672,12,12542,9,2130,3,13826,13,72170,128,85996,141,0,194,-21,-8,33,14486,0,334,192
04-01-21,Bradley,14064,31,11553,22,2511,9,13108,25,64494,120,77602,145,0,145,-6,308,37,13611,2,595,145
04-01-21,Campbell,4009,8,2223,1,1786,7,2500,1,24624,17,27124,18,0,61,1,46,7,3902,0,121,62
04-01-21,Cannon,1858,4,1493,2,365,2,1663,2,9107,13,10770,15,0,31,-1,23,5,1804,0,37,31
04-01-21,Carroll,3528,3,2316,1,1212,2,2751,1,19310,9,22061,10,0,82,2,14,1,3432,0,78,82
04-01-21,Carter,6220,10,5434,10,786,0,5966,14,36802,72,42768,86,-1,155,-7,114,18,5951,0,225,155
04-01-21,Cheatham,4297,18,3296,5,1001,13,3730,5,26617,38,30347,43,0,50,6,122,12,4125,0,87,50
04-01-21,Chester,2071,4,1495,3,576,1,1783,3,11641,15,13424,18,0,48,2,16,2,2007,1,41,48
04-01-21,Claiborne,2979,7,1928,6,1051,1,2067,6,23606,43,25673,49,0,74,3,46,4,2859,0,91,73
04-01-21,Clay,1078,0,742,0,336,0,855,0,5553,6,6408,6,0,31,0,2,0,1045,0,24,30
04-01-21,Cocke,4351,3,2889,2,1462,1,3190,2,21528,40,24718,42,0,98,-12,85,15,4168,0,114,98
04-01-21,Coffee,6701,8,4651,4,2050,4,5694,3,44944,43,50638,46,0,120,-3,100,11,6481,0,122,120
04-01-21,Crockett,1978,0,1187,0,791,0,1387,0,7229,9,8616,9,0,48,-1,-10,1,1940,0,30,48
04-01-21,Cumberland,6373,14,5302,9,1071,5,6076,9,47650,28,53726,37,0,125,3,113,11,6135,0,153,126
04-01-21,Davidson,85430,119,80149,108,5281,11,97394,137,946486,2169,1043880,2306,3,905,-49,1044,165,83481,1,1924,908
04-01-21,Decatur,1560,0,1161,0,399,0,1379,0,10873,4,12252,4,0,38,0,4,0,1518,0,39,38
04-01-21,Dekalb,2730,2,2022,0,708,2,2338,0,16762,14,19100,14,0,53,-2,23,4,2654,0,55,53
04-01-21,Dickson,6539,24,4715,18,1824,6,5582,20,34463,52,40045,72,0,107,9,87,15,6345,0,117,108
04-01-21,Dyer,5311,0,3510,0,1801,0,3962,1,21469,26,25431,27,0,103,-3,25,3,5183,0,106,103
04-01-21,Fayette,4791,8,4124,6,667,2,5077,6,36830,75,41907,81,0,78,2,35,6,4678,0,128,75
04-01-21,Fentress,2351,0,2034,0,317,0,2324,0,13056,9,15380,9,0,45,-4,13,4,2293,0,62,46
04-01-21,Franklin,4997,6,4166,2,831,4,4885,6,36970,24,41855,30,0,87,-3,85,9,4825,0,108,87
04-01-21,Gibson,6290,12,3796,7,2494,5,4603,7,28973,42,33576,49,0,143,8,48,4,6099,0,108,143
04-01-21,Giles,3857,11,3199,7,658,4,3674,7,22472,22,26146,29,0,98,6,41,5,3718,0,110,98
04-01-21,Grainger,2526,3,1879,1,647,2,2107,1,13770,7,15877,8,0,48,0,30,3,2448,0,68,50
04-01-21,Greene,7522,14,5970,8,1552,6,6662,8,48004,145,54666,153,0,151,3,103,11,7268,0,184,151
04-01-21,Grundy,1742,2,1458,2,284,0,1672,1,8809,9,10481,10,0,31,2,6,0,1705,1,57,31
04-01-21,Hamblen,8338,13,5852,6,2486,7,6582,5,45353,26,51935,31,0,170,-4,80,17,8088,0,253,170
04-01-21,Hamilton,42426,60,36594,45,5832,15,40946,50,311908,637,352854,687,0,478,-15,514,75,41434,1,1127,479
04-01-21,Hancock,527,1,374,1,153,0,399,1,3795,7,4194,8,0,12,-1,8,2,507,0,20,12
04-01-21,Hardeman,3425,3,2769,1,656,2,3236,1,24503,33,27739,34,0,63,-1,14,4,3348,0,101,63
04-01-21,Hardin,3424,3,2327,2,1097,1,2768,1,22889,34,25657,35,0,66,-7,50,10,3308,0,63,66
04-01-21,Hawkins,5580,14,4557,10,1023,4,4897,10,33692,39,38589,49,0,104,-9,119,23,5357,0,147,104
04-01-21,Haywood,2664,3,2234,1,430,2,2550,1,13461,19,16011,20,0,60,2,5,1,2599,0,81,60
04-01-21,Henderson,3664,1,2555,1,1109,0,3201,1,15853,14,19054,15,0,74,-1,15,2,3575,0,77,75
04-01-21,Henry,3071,1,2385,0,686,1,2759,0,17575,12,20334,12,0,75,1,18,0,2978,0,74,75
04-01-21,Hickman,2753,2,2222,2,531,0,2565,2,16176,26,18741,28,0,43,-2,25,4,2685,0,55,44
04-01-21,Houston,1062,1,801,0,261,1,916,1,9761,151,10677,152,0,33,-1,6,2,1023,0,39,33
04-01-21,Humphreys,1637,4,1062,3,575,1,1238,3,11371,30,12609,33,0,21,2,39,2,1577,0,32,21
04-01-21,Jackson,1284,1,1006,1,278,0,1176,1,5381,2,6557,3,0,35,-4,11,5,1238,0,39,35
04-01-21,Jefferson,5938,5,4106,1,1832,4,4643,1,38172,43,42815,44,0,121,-10,65,15,5752,0,182,120
04-01-21,Johnson,2229,1,1976,1,253,0,2101,2,14886,10,16987,12,0,38,1,26,0,2165,0,58,38
04-01-21,Knox,48845,75,41075,63,7770,12,44929,64,316409,577,361338,641,1,618,-19,517,93,47710,1,1341,615
04-01-21,Lake,1689,4,1501,2,188,2,1771,2,9892,5,11663,7,0,26,4,5,0,1658,0,25,26
04-01-21,Lauderdale,3109,1,2424,0,685,1,2783,0,20596,20,23379,20,0,44,1,10,0,3055,0,82,43
04-01-21,Lawrence,5686,4,4444,1,1242,3,4900,1,28694,37,33594,38,0,86,-5,47,9,5553,0,143,86
04-01-21,Lewis,1530,4,1162,0,368,4,1257,1,9825,4,11082,5,0,25,-3,31,7,1474,0,42,25
04-01-21,Lincoln,4234,3,3284,3,950,0,3735,5,17304,17,21039,22,0,63,1,48,2,4123,0,82,61
04-01-21,Loudon,5919,5,4573,4,1346,1,5003,4,30615,36,35618,40,1,69,-3,45,7,5805,0,134,69
04-01-21,Macon,3501,10,2728,4,773,6,3208,4,15993,8,19201,12,0,74,3,69,7,3358,0,121,74
04-01-21,Madison,10515,29,5868,10,4647,19,7133,12,53811,125,60944,137,0,238,21,-422,8,10699,0,336,238
04-01-21,Marion,3053,3,2605,2,448,1,2904,2,18769,27,21673,29,0,46,-2,14,5,2993,0,110,46
04-01-21,Marshall,4033,7,3204,2,829,5,3620,2,22633,17,26253,19,0,57,5,53,2,3923,0,87,57
04-01-21,Maury,12728,23,11229,17,1499,6,12401,18,71805,117,84206,135,0,162,-9,99,32,12467,0,287,162
04-01-21,McMinn,6192,8,5510,6,682,2,6085,6,41845,62,47930,68,0,96,-4,78,12,6018,0,154,96
04-01-21,McNairy,2737,1,1943,0,794,1,2365,1,17855,12,20220,13,0,54,-1,2,2,2681,0,63,54
04-01-21,Meigs,1316,4,1192,4,124,0,1322,4,7881,10,9203,14,0,23,2,16,2,1277,0,41,23
04-01-21,Monroe,5581,9,4418,6,1163,3,4960,3,26685,55,31645,58,0,95,5,66,4,5420,1,151,95
04-01-21,Montgomery,18458,54,13503,44,4955,10,14852,44,111126,320,125978,364,0,221,10,3,44,18234,0,300,221
04-01-21,Moore,987,1,761,1,226,0,860,1,4783,6,5643,7,0,17,-3,24,4,946,0,16,17
04-01-21,Morgan,2393,1,1767,1,626,0,1920,0,15005,16,16925,16,0,39,-8,37,9,2317,0,41,39
04-01-21,Obion,4439,3,3298,1,1141,2,3735,1,22125,35,25860,36,0,96,1,29,2,4314,0,100,96
04-01-21,Out of State,16947,17,13518,14,3429,3,15290,16,613566,1303,628856,1319,-5,101,-7,198,29,16648,0,202,96
04-01-21,Overton,2930,1,2203,1,727,0,2597,2,14756,18,17353,20,0,60,-3,26,4,2844,0,63,60
04-01-21,Pending,15960,22,10282,14,5678,8,11431,16,397666,937,409097,953,0,130,7,75,15,15755,0,138,131
04-01-21,Perry,1052,2,904,1,148,1,1018,1,6019,1,7037,2,0,28,1,2,1,1022,0,28,28
04-01-21,Pickett,749,1,495,1,254,0,597,1,3849,2,4446,3,0,24,1,3,0,722,0,28,24
04-01-21,Polk,1927,4,1737,2,190,2,1921,2,9186,12,11107,14,0,24,-5,52,9,1851,0,77,24
04-01-21,Putnam,10976,8,8970,6,2006,2,10754,8,70313,188,81067,196,0,173,-1,130,9,10673,0,207,173
04-01-21,Rhea,4253,6,3685,2,568,4,4126,1,26201,33,30327,34,0,75,5,36,1,4142,0,82,75
04-01-21,Roane,6084,11,4725,5,1359,6,5268,5,42294,47,47562,52,0,100,5,23,6,5961,1,145,101
04-01-21,Robertson,9388,16,7396,10,1992,6,8328,10,42524,87,50852,97,0,127,4,147,12,9114,0,416,127
04-01-21,Rutherford,40895,63,35080,47,5815,16,40761,57,230276,541,271037,598,2,411,-27,581,88,39903,0,587,412
04-01-21,Scott,2995,4,1667,0,1328,4,1782,0,11283,10,13065,10,0,45,-3,47,7,2903,0,62,45
04-01-21,Sequatchie,1629,5,1286,3,343,2,1404,3,11654,9,13058,12,0,29,2,18,3,1582,1,38,29
04-01-21,Sevier,12836,16,11068,11,1768,5,12189,16,65312,96,77501,112,0,172,-18,213,34,12451,2,275,173
04-01-21,Shelby,90484,109,84025,103,6459,6,103582,112,947276,2795,1050858,2907,4,1564,8,1067,97,87853,2,3500,1580
04-01-21,Smith,2693,4,2027,2,666,2,2540,2,13373,20,15913,22,0,37,2,54,2,2602,1,58,37
04-01-21,Stewart,1282,3,971,3,311,0,1099,4,6782,17,7881,21,0,27,2,9,1,1246,0,26,27
04-01-21,Sullivan,15460,44,13422,38,2038,6,14469,35,86294,171,100763,206,0,281,3,421,41,14758,0,730,283
04-01-21,Sumner,22579,50,20031,44,2548,6,22669,49,118029,221,140698,270,0,337,-1,238,51,22004,2,699,336
04-01-21,Tipton,7109,2,4952,1,2157,1,5989,2,46633,84,52622,86,0,104,-5,53,7,6952,0,149,99
04-01-21,Trousdale,2466,2,2317,0,149,2,2482,1,9049,9,11531,10,0,22,1,31,1,2413,0,41,22
04-01-21,Unicoi,1872,3,1446,0,426,3,1594,0,13032,25,14626,25,0,49,2,25,1,1798,0,67,49
04-01-21,Union,1826,1,1543,1,283,0,1663,1,10303,18,11966,19,0,34,-2,10,3,1782,0,56,34
04-01-21,Van Buren,818,1,680,1,138,0,752,1,5259,8,6011,9,0,21,-1,6,2,791,0,21,21
04-01-21,Warren,5435,13,4637,7,798,6,5270,8,32472,81,37742,89,0,80,4,53,9,5302,0,82,81
04-01-21,Washington,13511,45,11599,35,1912,10,12788,37,81397,138,94185,175,0,239,9,365,36,12907,0,349,238
04-01-21,Wayne,2932,2,2360,2,572,0,2596,2,11187,17,13783,19,0,33,2,14,0,2885,0,61,33
04-01-21,Weakley,3935,9,2924,7,1011,2,3350,7,21389,27,24739,34,1,61,1,67,7,3807,0,67,61
04-01-21,White,3481,2,2860,0,621,2,3496,0,22486,22,25982,22,0,68,-2,40,4,3373,0,107,68
04-01-21,Williamson,26640,31,22496,24,4144,7,24956,24,179350,311,204306,335,0,213,-34,282,65,26145,0,291,213
04-01-21,Wilson,17547,27,15778,22,1769,5,17957,24,101447,207,119404,231,0,219,-17,-17,44,17345,1,331,219
03-31-21,Anderson,8427,22,6316,13,2111,9,7089,15,61161,164,68250,179,1,166,8,106,13,8155,1,209,170
03-31-21,Bedford,6234,27,4942,17,1292,10,5683,19,30998,93,36681,112,0,125,-3,192,30,5917,1,133,124
03-31-21,Benton,1572,8,1249,3,323,5,1381,3,8842,7,10223,10,0,40,7,31,1,1501,0,35,40
03-31-21,Bledsoe,2069,3,1880,2,189,1,1995,2,15253,30,17248,32,0,11,1,18,2,2040,0,32,11
03-31-21,Blount,14660,13,12533,7,2127,6,13813,11,72042,250,85855,261,0,194,-20,13,33,14453,0,334,192
03-31-21,Bradley,14033,34,11531,26,2502,8,13083,33,64374,204,77457,237,0,145,-4,314,38,13574,1,593,145
03-31-21,Campbell,4001,6,2222,1,1779,5,2499,1,24607,31,27106,32,0,61,0,45,6,3895,0,121,62
03-31-21,Cannon,1854,7,1491,1,363,6,1661,1,9094,20,10755,21,0,31,3,24,4,1799,0,37,31
03-31-21,Carroll,3525,2,2315,0,1210,2,2750,1,19301,26,22051,27,0,82,-2,12,4,3431,0,78,82
03-31-21,Carter,6210,18,5424,13,786,5,5952,15,36730,123,42682,138,0,156,14,121,4,5933,0,225,155
03-31-21,Cheatham,4279,18,3291,9,988,9,3725,10,26579,62,30304,72,0,50,5,116,13,4113,0,87,50
03-31-21,Chester,2067,2,1492,1,575,1,1780,2,11626,7,13406,9,0,48,1,14,1,2005,0,40,48
03-31-21,Claiborne,2972,5,1922,5,1050,0,2061,5,23563,39,25624,44,0,74,4,43,1,2855,0,91,73
03-31-21,Clay,1078,3,742,0,336,3,855,0,5547,12,6402,12,0,31,1,2,2,1045,0,24,30
03-31-21,Cocke,4348,11,2887,3,1461,8,3188,5,21488,123,24676,128,0,98,-4,97,15,4153,0,114,98
03-31-21,Coffee,6693,17,4647,4,2046,13,5691,5,44901,132,50592,137,0,120,3,103,14,6470,0,122,120
03-31-21,Crockett,1978,2,1187,2,791,0,1387,2,7220,13,8607,15,0,48,1,-9,1,1939,0,30,48
03-31-21,Cumberland,6359,35,5293,25,1066,10,6067,26,47622,91,53689,117,0,125,29,110,6,6124,0,153,126
03-31-21,Davidson,85311,184,80041,142,5270,42,97257,174,944317,4196,1041574,4370,6,902,24,1093,154,83316,2,1923,905
03-31-21,Decatur,1560,0,1161,0,399,0,1379,0,10869,13,12248,13,0,38,-1,4,1,1518,0,39,38
03-31-21,Dekalb,2728,6,2022,2,706,4,2338,2,16748,40,19086,42,0,53,6,25,0,2650,0,55,53
03-31-21,Dickson,6515,25,4697,18,1818,7,5562,18,34411,144,39973,162,0,107,20,78,5,6330,0,117,108
03-31-21,Dyer,5311,9,3510,4,1801,5,3961,4,21443,48,25404,52,0,103,7,28,2,5180,0,106,103
03-31-21,Fayette,4783,8,4118,3,665,5,5071,7,36755,102,41826,109,0,78,5,33,3,4672,0,128,75
03-31-21,Fentress,2351,7,2034,2,317,5,2324,2,13047,151,15371,153,0,45,5,17,2,2289,0,62,45
03-31-21,Franklin,4991,18,4164,11,827,7,4879,13,36946,332,41825,345,0,87,8,88,10,4816,0,108,87
03-31-21,Gibson,6278,16,3789,7,2489,9,4596,7,28931,67,33527,74,0,143,9,40,7,6095,0,108,143
03-31-21,Giles,3846,4,3192,2,654,2,3667,2,22450,25,26117,27,0,98,1,35,3,3713,0,110,98
03-31-21,Grainger,2523,11,1878,7,645,4,2106,7,13763,39,15869,46,-1,48,10,30,2,2445,0,68,50
03-31-21,Greene,7508,32,5962,25,1546,7,6654,26,47859,315,54513,341,0,151,20,100,12,7257,1,184,151
03-31-21,Grundy,1740,1,1456,1,284,0,1671,1,8800,70,10471,71,1,31,-1,4,1,1705,0,56,31
03-31-21,Hamblen,8325,7,5846,2,2479,5,6577,3,45327,74,51904,77,0,170,-3,84,10,8071,0,253,170
03-31-21,Hamilton,42366,86,36549,60,5817,26,40896,78,311271,806,352167,884,1,478,29,529,56,41359,4,1126,479
03-31-21,Hancock,526,3,373,2,153,1,398,1,3788,3,4186,4,0,12,3,9,0,505,0,20,12
03-31-21,Hardeman,3422,4,2768,0,654,4,3235,0,24470,22,27705,22,0,63,3,15,1,3344,0,101,63
03-31-21,Hardin,3421,11,2325,3,1096,8,2767,3,22855,33,25622,36,0,66,4,57,7,3298,0,63,66
03-31-21,Hawkins,5566,20,4547,14,1019,6,4887,14,33653,124,38540,138,0,104,10,128,10,5334,0,147,104
03-31-21,Haywood,2661,0,2233,0,428,0,2549,1,13442,44,15991,45,0,60,-1,3,1,2598,0,81,60
03-31-21,Henderson,3663,6,2554,3,1109,3,3200,4,15839,13,19039,17,0,74,6,16,0,3573,0,77,75
03-31-21,Henry,3070,4,2385,2,685,2,2759,3,17563,22,20322,25,0,75,1,17,3,2978,0,74,75
03-31-21,Hickman,2751,8,2220,4,531,4,2563,5,16150,28,18713,33,0,43,6,27,2,2681,0,55,44
03-31-21,Houston,1061,2,801,2,260,0,915,2,9610,72,10525,74,0,33,2,7,0,1021,0,39,33
03-31-21,Humphreys,1633,11,1059,4,574,7,1235,3,11341,37,12576,40,0,21,8,37,3,1575,1,32,21
03-31-21,Jackson,1283,4,1005,3,278,1,1175,4,5379,16,6554,20,0,35,4,15,0,1233,0,39,35
03-31-21,Jefferson,5933,11,4105,3,1828,8,4642,4,38129,99,42771,103,0,121,0,75,11,5737,0,182,120
03-31-21,Johnson,2228,8,1975,2,253,6,2099,2,14876,32,16975,34,0,38,3,25,5,2165,0,58,38
03-31-21,Knox,48770,87,41012,65,7758,22,44865,70,315832,773,360697,843,3,617,-15,536,99,47617,2,1340,615
03-31-21,Lake,1685,1,1499,1,186,0,1769,3,9887,43,11656,46,0,26,1,1,0,1658,0,25,26
03-31-21,Lauderdale,3108,1,2424,0,684,1,2783,0,20576,28,23359,28,0,44,1,9,0,3055,0,82,43
03-31-21,Lawrence,5682,8,4443,6,1239,2,4899,8,28657,52,33556,60,0,86,4,52,4,5544,0,143,86
03-31-21,Lewis,1526,8,1162,4,364,4,1256,3,9821,16,11077,19,0,25,7,34,1,1467,0,42,25
03-31-21,Lincoln,4231,10,3281,3,950,7,3730,4,17287,31,21017,35,0,63,9,47,1,4121,0,82,61
03-31-21,Loudon,5914,6,4569,3,1345,3,4999,4,30579,70,35578,74,0,68,0,48,6,5798,0,134,69
03-31-21,Macon,3491,13,2724,8,767,5,3204,10,15985,66,19189,76,0,74,6,66,7,3351,0,121,74
03-31-21,Madison,10486,26,5858,11,4628,15,7121,12,53686,82,60807,94,0,238,22,-443,4,10691,0,336,238
03-31-21,Marion,3050,7,2603,5,447,2,2902,5,18742,119,21644,124,0,46,5,16,2,2988,0,110,46
03-31-21,Marshall,4026,7,3202,5,824,2,3618,4,22616,37,26234,41,0,57,4,48,3,3921,0,87,57
03-31-21,Maury,12705,28,11212,16,1493,12,12383,16,71688,168,84071,184,0,162,12,108,16,12435,1,287,162
03-31-21,McMinn,6184,18,5504,12,680,6,6079,14,41783,106,47862,120,1,96,11,82,6,6006,1,154,96
03-31-21,McNairy,2736,3,1943,1,793,2,2364,1,17843,24,20207,25,0,54,1,3,2,2679,0,63,54
03-31-21,Meigs,1312,3,1188,3,124,0,1318,3,7871,24,9189,27,0,23,-1,14,4,1275,0,41,23
03-31-21,Monroe,5572,15,4412,9,1160,6,4957,9,26630,88,31587,97,0,95,6,61,9,5416,0,150,95
03-31-21,Montgomery,18404,51,13459,30,4945,21,14808,33,110806,484,125614,517,0,221,7,-7,44,18190,0,300,221
03-31-21,Moore,986,3,760,3,226,0,859,3,4777,15,5636,18,0,17,2,27,1,942,0,16,17
03-31-21,Morgan,2392,5,1766,3,626,2,1920,3,14989,49,16909,52,0,39,4,45,1,2308,1,41,39
03-31-21,Obion,4436,4,3297,3,1139,1,3734,5,22090,58,25824,63,0,96,-2,28,6,4312,0,100,96
03-31-21,Out of State,16930,32,13504,20,3426,12,15274,24,612263,1533,627537,1557,0,106,3,205,29,16619,0,202,96
03-31-21,Overton,2929,6,2202,1,727,5,2595,3,14738,31,17333,34,0,60,6,29,0,2840,0,63,60
03-31-21,Pending,15938,53,10268,19,5670,34,11415,21,396729,1319,408144,1340,1,130,30,68,22,15740,1,138,131
03-31-21,Perry,1050,0,903,0,147,0,1017,0,6018,6,7035,6,0,28,0,1,0,1021,0,28,28
03-31-21,Pickett,748,0,494,0,254,0,596,0,3847,14,4443,14,0,24,0,2,0,722,0,28,24
03-31-21,Polk,1923,10,1735,8,188,2,1919,9,9174,28,11093,37,0,24,-3,57,13,1842,0,77,24
03-31-21,Putnam,10968,23,8964,13,2004,10,10746,19,70125,261,80871,280,0,173,10,131,13,10664,0,207,173
03-31-21,Rhea,4247,6,3683,6,564,0,4125,9,26168,75,30293,84,0,75,5,31,1,4141,0,82,75
03-31-21,Roane,6073,11,4720,6,1353,5,5263,7,42247,125,47510,132,0,100,9,18,2,5955,0,144,101
03-31-21,Robertson,9372,35,7386,12,1986,23,8318,12,42437,125,50755,137,0,127,24,143,11,9102,1,416,127
03-31-21,Rutherford,40832,88,35033,64,5799,24,40704,76,229735,727,270439,803,0,409,7,608,81,39815,0,587,411
03-31-21,Scott,2991,12,1667,4,1324,8,1782,4,11273,28,13055,32,0,45,6,50,6,2896,0,62,45
03-31-21,Sequatchie,1624,2,1283,1,341,1,1401,1,11645,22,13046,23,0,29,-1,16,3,1579,0,37,29
03-31-21,Sevier,12820,37,11057,24,1763,13,12173,30,65216,242,77389,272,-1,172,9,231,29,12417,0,273,173
03-31-21,Shelby,90375,176,83922,142,6453,34,103470,169,944481,3739,1047951,3908,-1,1560,86,1059,91,87756,9,3498,1579
03-31-21,Smith,2689,7,2025,2,664,5,2538,2,13353,26,15891,28,0,37,4,52,3,2600,0,57,37
03-31-21,Stewart,1279,2,968,1,311,1,1095,0,6765,9,7860,9,0,27,2,7,0,1245,0,26,27
03-31-21,Sullivan,15416,53,13384,40,2032,13,14434,37,86123,232,100557,269,0,281,14,418,39,14717,1,730,282
03-31-21,Sumner,22529,40,19987,27,2542,13,22620,37,117808,472,140428,509,0,337,-5,239,45,21953,0,697,336
03-31-21,Tipton,7107,14,4951,6,2156,8,5987,8,46549,131,52536,139,0,104,12,58,2,6945,0,149,99
03-31-21,Trousdale,2464,7,2317,4,147,3,2481,4,9040,11,11521,15,0,22,2,30,5,2412,0,41,22
03-31-21,Unicoi,1869,4,1446,3,423,1,1594,3,13007,40,14601,43,0,49,-2,23,6,1797,0,67,49
03-31-21,Union,1825,2,1542,1,283,1,1662,1,10285,25,11947,26,0,34,-1,12,3,1779,0,56,34
03-31-21,Van Buren,817,2,679,1,138,1,751,3,5251,5,6002,8,0,21,0,7,2,789,0,21,21
03-31-21,Warren,5422,15,4630,13,792,2,5262,14,32391,80,37653,94,0,80,8,49,7,5293,0,82,81
03-31-21,Washington,13466,57,11564,36,1902,21,12751,37,81259,284,94010,321,0,239,33,356,24,12871,1,349,238
03-31-21,Wayne,2930,2,2358,0,572,2,2594,0,11170,12,13764,12,0,33,1,12,1,2885,0,61,33
03-31-21,Weakley,3926,16,2917,3,1009,13,3343,2,21362,31,24705,33,0,60,5,66,11,3800,0,67,61
03-31-21,White,3479,9,2860,9,619,0,3496,10,22464,49,25960,59,0,68,6,42,3,3369,0,107,68
03-31-21,Williamson,26609,61,22472,46,4137,15,24932,52,179039,539,203971,591,0,213,9,316,52,26080,0,291,213
03-31-21,Wilson,17520,42,15756,32,1764,10,17933,35,101240,503,119173,538,0,219,-4,0,46,17301,0,330,219
03-30-21,Anderson,8405,5,6303,3,2102,2,7074,4,60997,58,68071,62,1,165,-10,98,14,8142,0,208,170
03-30-21,Bedford,6207,10,4925,3,1282,7,5664,3,30905,37,36569,40,0,125,-6,195,16,5887,1,132,124
03-30-21,Benton,1564,1,1246,0,318,1,1378,0,8835,4,10213,4,0,40,-4,24,5,1500,0,35,40
03-30-21,Bledsoe,2066,0,1878,0,188,0,1993,0,15223,20,17216,20,0,11,-6,17,6,2038,0,32,11
03-30-21,Blount,14647,18,12526,13,2121,5,13802,15,71792,155,85594,170,1,194,-8,33,25,14420,2,334,192
03-30-21,Bradley,13999,19,11505,9,2494,10,13050,11,64170,105,77220,116,0,145,-33,318,52,13536,3,592,145
03-30-21,Campbell,3995,7,2221,1,1774,6,2498,2,24576,24,27074,26,0,61,-2,45,9,3889,0,121,62
03-30-21,Cannon,1847,0,1490,0,357,0,1660,0,9074,13,10734,13,0,31,-3,21,3,1795,0,37,31
03-30-21,Carroll,3523,1,2315,0,1208,1,2749,0,19275,24,22024,24,0,82,-1,14,2,3427,0,78,82
03-30-21,Carter,6192,10,5411,6,781,4,5937,6,36607,47,42544,53,0,156,-8,107,18,5929,0,225,155
03-30-21,Cheatham,4261,10,3282,7,979,3,3715,8,26517,29,30232,37,0,50,-3,111,13,4100,0,87,50
03-30-21,Chester,2065,4,1491,0,574,4,1778,0,11619,7,13397,7,0,48,2,13,2,2004,0,40,48
03-30-21,Claiborne,2967,8,1917,5,1050,3,2056,5,23524,17,25580,22,0,74,3,39,5,2854,0,91,73
03-30-21,Clay,1075,0,742,0,333,0,855,0,5535,7,6390,7,0,31,0,1,0,1043,0,24,30
03-30-21,Cocke,4337,8,2884,4,1453,4,3183,5,21365,40,24548,45,0,98,-14,101,22,4138,0,114,98
03-30-21,Coffee,6676,3,4643,3,2033,0,5686,3,44769,74,50455,77,0,120,-7,100,10,6456,0,122,120
03-30-21,Crockett,1976,0,1185,0,791,0,1385,0,7207,10,8592,10,0,48,0,-10,0,1938,0,30,48
03-30-21,Cumberland,6324,4,5268,4,1056,0,6041,4,47531,30,53572,34,0,125,-10,81,14,6118,0,153,126
03-30-21,Davidson,85127,164,79899,155,5228,9,97083,189,940121,3217,1037204,3406,0,896,23,1069,141,83162,2,1921,903
03-30-21,Decatur,1560,0,1161,0,399,0,1379,0,10856,6,12235,6,0,38,-1,5,1,1517,0,39,38
03-30-21,Dekalb,2722,0,2020,0,702,0,2336,0,16708,15,19044,15,0,53,-4,19,4,2650,0,55,53
03-30-21,Dickson,6490,8,4679,6,1811,2,5544,8,34267,39,39811,47,0,107,-8,58,16,6325,0,117,108
03-30-21,Dyer,5302,3,3506,3,1796,0,3957,3,21395,12,25352,15,0,103,1,21,2,5178,0,106,103
03-30-21,Fayette,4775,5,4115,5,660,0,5064,5,36653,73,41717,78,0,78,2,28,3,4669,1,128,75
03-30-21,Fentress,2344,0,2032,0,312,0,2322,0,12896,30,15218,30,0,45,-3,12,3,2287,0,62,45
03-30-21,Franklin,4973,5,4153,3,820,2,4866,2,36614,18,41480,20,0,87,-14,80,19,4806,1,108,87
03-30-21,Gibson,6262,1,3782,1,2480,0,4589,0,28864,21,33453,21,0,143,1,31,0,6088,0,108,143
03-30-21,Giles,3842,4,3190,2,652,2,3665,2,22425,25,26090,27,0,98,3,34,1,3710,0,110,98
03-30-21,Grainger,2512,1,1871,0,641,1,2099,0,13724,7,15823,7,0,49,-4,20,5,2443,0,68,50
03-30-21,Greene,7476,8,5937,6,1539,2,6628,5,47544,64,54172,69,0,151,0,80,8,7245,1,183,151
03-30-21,Grundy,1739,0,1455,0,284,0,1670,0,8730,37,10400,37,0,30,-2,5,2,1704,0,56,31
03-30-21,Hamblen,8318,5,5844,2,2474,3,6574,6,45253,46,51827,52,0,170,-7,87,12,8061,0,253,170
03-30-21,Hamilton,42280,56,36489,41,5791,15,40818,56,310465,425,351283,481,1,477,-7,500,62,41303,3,1122,478
03-30-21,Hancock,523,0,371,0,152,0,397,1,3785,1,4182,2,0,12,-1,6,1,505,0,20,12
03-30-21,Hardeman,3418,0,2768,0,650,0,3235,0,24448,11,27683,11,0,63,-2,12,2,3343,0,101,63
03-30-21,Hardin,3410,6,2322,6,1088,0,2764,6,22822,21,25586,27,1,66,-1,53,6,3291,0,63,66
03-30-21,Hawkins,5546,9,4533,7,1013,2,4873,7,33529,58,38402,65,0,104,-5,118,14,5324,1,147,104
03-30-21,Haywood,2661,2,2233,0,428,2,2548,1,13398,8,15946,9,0,60,2,4,0,2597,0,81,60
03-30-21,Henderson,3657,1,2551,1,1106,0,3196,1,15826,7,19022,8,0,74,1,10,0,3573,1,77,74
03-30-21,Henry,3066,1,2383,0,683,1,2756,1,17541,12,20297,13,0,75,1,16,0,2975,0,74,75
03-30-21,Hickman,2743,1,2216,1,527,0,2558,1,16122,18,18680,19,0,43,0,21,1,2679,0,55,44
03-30-21,Houston,1059,0,799,0,260,0,913,1,9538,18,10451,19,0,33,-2,5,2,1021,0,39,33
03-30-21,Humphreys,1622,4,1055,3,567,1,1232,3,11304,10,12536,13,0,21,2,29,2,1572,0,31,21
03-30-21,Jackson,1279,1,1002,1,277,0,1171,1,5363,6,6534,7,0,35,-5,11,6,1233,0,39,35
03-30-21,Jefferson,5922,4,4102,3,1820,1,4638,3,38030,50,42668,53,0,121,-6,75,10,5726,0,182,120
03-30-21,Johnson,2220,0,1973,0,247,0,2097,0,14844,22,16941,22,0,38,-2,22,2,2160,0,58,38
03-30-21,Knox,48683,57,40947,33,7736,24,44795,36,315059,463,359854,499,1,614,-21,551,77,47518,2,1338,613
03-30-21,Lake,1684,1,1498,1,186,0,1766,1,9844,10,11610,11,0,26,0,0,1,1658,0,25,26
03-30-21,Lauderdale,3107,0,2424,0,683,0,2783,0,20548,22,23331,22,0,44,-1,8,1,3055,0,82,43
03-30-21,Lawrence,5674,6,4437,4,1237,2,4891,4,28605,54,33496,58,0,86,1,48,5,5540,0,143,86
03-30-21,Lewis,1518,1,1158,0,360,1,1253,0,9805,11,11058,11,0,25,1,27,0,1466,0,42,25
03-30-21,Lincoln,4221,6,3278,3,943,3,3726,3,17256,33,20982,36,0,63,2,38,4,4120,1,82,61
03-30-21,Loudon,5908,2,4566,1,1342,1,4995,1,30509,30,35504,31,0,68,-7,48,9,5792,0,134,69
03-30-21,Macon,3478,13,2716,2,762,11,3194,3,15919,14,19113,17,0,74,7,60,6,3344,2,121,74
03-30-21,Madison,10460,39,5847,8,4613,31,7109,9,53604,52,60713,61,0,238,34,-465,5,10687,0,336,238
03-30-21,Marion,3043,2,2598,1,445,1,2897,1,18623,59,21520,60,0,46,-1,11,3,2986,0,110,46
03-30-21,Marshall,4019,6,3197,3,822,3,3614,3,22579,27,26193,30,0,57,-6,44,12,3918,1,87,57
03-30-21,Maury,12677,20,11196,16,1481,4,12367,17,71520,87,83887,104,0,162,3,96,17,12419,1,286,162
03-30-21,McMinn,6166,4,5492,3,674,1,6065,1,41677,29,47742,30,0,95,-4,71,8,6000,0,153,96
03-30-21,McNairy,2733,3,1942,3,791,0,2363,3,17819,20,20182,23,0,54,2,2,1,2677,0,63,54
03-30-21,Meigs,1309,0,1185,0,124,0,1315,0,7847,12,9162,12,0,23,-2,15,2,1271,0,41,23
03-30-21,Monroe,5557,6,4403,5,1154,1,4948,7,26542,25,31490,32,0,95,-2,55,8,5407,0,150,95
03-30-21,Montgomery,18353,41,13429,23,4924,18,14775,26,110322,242,125097,268,0,221,2,-14,39,18146,1,300,221
03-30-21,Moore,983,0,757,0,226,0,856,0,4762,5,5618,5,0,17,-3,25,3,941,0,16,17
03-30-21,Morgan,2387,4,1763,1,624,3,1917,1,14940,15,16857,16,0,39,3,41,1,2307,0,40,39
03-30-21,Obion,4432,1,3294,1,1138,0,3729,0,22032,30,25761,30,0,96,0,30,1,4306,0,100,96
03-30-21,Out of State,16898,28,13484,21,3414,7,15250,24,610730,1309,625980,1333,1,106,-2,202,29,16590,0,202,96
03-30-21,Overton,2923,1,2201,1,722,0,2592,1,14707,14,17299,15,0,60,-4,23,5,2840,0,63,60
03-30-21,Pending,15885,12,10249,12,5636,0,11394,12,395410,766,406804,778,0,129,-13,38,25,15718,0,137,131
03-30-21,Perry,1050,0,903,0,147,0,1017,0,6012,4,7029,4,0,28,-1,1,1,1021,0,28,28
03-30-21,Pickett,748,0,494,0,254,0,596,0,3833,2,4429,2,0,24,0,2,0,722,0,28,24
03-30-21,Polk,1913,6,1727,6,186,0,1910,6,9146,8,11056,14,0,24,5,60,1,1829,0,77,24
03-30-21,Putnam,10945,12,8951,12,1994,0,10727,13,69864,53,80591,66,0,173,-2,121,14,10651,2,207,173
03-30-21,Rhea,4241,2,3677,2,564,0,4116,4,26093,54,30209,58,0,75,1,26,1,4140,0,82,75
03-30-21,Roane,6062,3,4714,1,1348,2,5256,2,42122,36,47378,38,0,100,0,9,3,5953,0,144,101
03-30-21,Robertson,9337,14,7374,12,1963,2,8306,12,42312,64,50618,76,0,127,1,119,13,9091,1,415,127
03-30-21,Rutherford,40744,107,34969,76,5775,31,40628,79,229008,485,269636,564,1,409,17,601,89,39734,2,587,409
03-30-21,Scott,2979,6,1663,0,1316,6,1778,0,11245,20,13023,20,1,45,5,44,0,2890,0,62,45
03-30-21,Sequatchie,1622,0,1282,0,340,0,1400,0,11623,13,13023,13,0,29,-1,17,1,1576,0,37,29
03-30-21,Sevier,12783,26,11033,11,1750,15,12143,11,64974,102,77117,113,0,173,-8,222,34,12388,0,273,173
03-30-21,Shelby,90199,111,83780,89,6419,22,103301,101,940742,2607,1044043,2708,2,1561,19,973,90,87665,2,3489,1577
03-30-21,Smith,2682,2,2023,2,659,0,2536,3,13327,14,15863,17,0,37,-3,48,5,2597,0,57,37
03-30-21,Stewart,1277,2,967,2,310,0,1095,2,6756,16,7851,18,0,27,1,5,1,1245,0,26,27
03-30-21,Sullivan,15363,43,13344,41,2019,2,14397,71,85891,299,100288,370,0,281,11,404,32,14678,1,729,282
03-30-21,Sumner,22489,47,19960,39,2529,8,22583,43,117336,208,139919,251,0,337,4,244,43,21908,0,697,336
03-30-21,Tipton,7093,1,4945,1,2148,0,5979,1,46418,88,52397,89,0,104,-8,46,9,6943,0,149,99
03-30-21,Trousdale,2457,3,2313,2,144,1,2477,3,9029,13,11506,16,0,22,2,28,1,2407,1,41,22
03-30-21,Unicoi,1865,0,1443,0,422,0,1591,0,12967,12,14558,12,0,49,-5,25,5,1791,0,67,49
03-30-21,Union,1823,2,1541,2,282,0,1661,2,10260,9,11921,11,0,34,-7,13,9,1776,0,56,34
03-30-21,Van Buren,815,1,678,1,137,0,748,1,5246,2,5994,3,0,21,1,7,0,787,1,21,21
03-30-21,Warren,5407,5,4617,5,790,0,5248,7,32311,51,37559,58,0,80,-1,41,6,5286,0,82,81
03-30-21,Washington,13409,50,11528,47,1881,3,12714,50,80975,125,93689,175,0,239,28,323,22,12847,0,348,238
03-30-21,Wayne,2928,3,2358,1,570,2,2594,1,11158,6,13752,7,0,33,0,11,3,2884,0,61,33
03-30-21,Weakley,3910,4,2914,2,996,2,3341,2,21331,11,24672,13,0,60,3,61,1,3789,0,67,60
03-30-21,White,3470,4,2851,3,619,1,3486,3,22415,10,25901,13,0,68,2,36,2,3366,0,107,68
03-30-21,Williamson,26548,48,22426,37,4122,11,24880,40,178500,333,203380,373,0,213,-5,307,53,26028,0,291,213
03-30-21,Wilson,17478,41,15724,39,1754,2,17898,42,100737,267,118635,309,0,219,0,4,41,17255,0,330,219
03-29-21,Anderson,8400,16,6300,4,2100,12,7070,4,60939,86,68009,90,1,164,-13,108,28,8128,0,208,170
03-29-21,Bedford,6197,19,4922,5,1275,14,5661,8,30868,31,36529,39,1,125,-4,201,22,5871,0,131,124
03-29-21,Benton,1563,6,1246,2,317,4,1378,2,8831,4,10209,6,0,40,1,28,5,1495,0,35,40
03-29-21,Bledsoe,2066,0,1878,0,188,0,1993,0,15203,7,17196,7,0,11,-4,23,4,2032,0,32,11
03-29-21,Blount,14629,11,12513,5,2116,6,13787,6,71637,87,85424,93,0,193,-9,41,20,14395,0,332,192
03-29-21,Bradley,13980,47,11496,25,2484,22,13039,30,64065,84,77104,114,2,145,6,351,39,13484,3,589,145
03-29-21,Campbell,3988,4,2220,0,1768,4,2496,0,24552,20,27048,20,1,61,-4,47,7,3880,0,121,62
03-29-21,Cannon,1847,0,1490,0,357,0,1660,0,9061,11,10721,11,0,31,-4,24,4,1792,0,37,31
03-29-21,Carroll,3522,6,2315,2,1207,4,2749,3,19251,11,22000,14,0,82,5,15,1,3425,0,78,82
03-29-21,Carter,6182,17,5405,15,777,2,5931,15,36560,41,42491,56,1,156,9,115,7,5911,1,225,155
03-29-21,Cheatham,4251,29,3275,9,976,20,3707,12,26488,77,30195,89,1,50,8,114,20,4087,0,87,50
03-29-21,Chester,2061,2,1491,0,570,2,1778,0,11612,3,13390,3,0,48,2,11,0,2002,0,40,48
03-29-21,Claiborne,2959,6,1912,2,1047,4,2051,1,23507,12,25558,13,0,74,5,36,1,2849,0,91,73
03-29-21,Clay,1075,0,742,0,333,0,855,0,5528,3,6383,3,0,31,0,1,0,1043,0,24,30
03-29-21,Cocke,4329,8,2880,2,1449,6,3178,5,21325,76,24503,81,1,98,-8,115,15,4116,1,114,98
03-29-21,Coffee,6673,15,4640,1,2033,14,5683,4,44695,21,50378,25,0,120,0,107,15,6446,0,122,120
03-29-21,Crockett,1976,2,1185,0,791,2,1385,0,7197,5,8582,5,0,48,2,-10,0,1938,0,30,48
03-29-21,Cumberland,6320,12,5264,2,1056,10,6037,4,47501,16,53538,20,0,125,-2,91,14,6104,0,153,126
03-29-21,Davidson,84963,76,79744,51,5219,25,96894,75,936904,1217,1033798,1292,2,896,-125,1046,199,83021,0,1919,901
03-29-21,Decatur,1560,2,1161,0,399,2,1379,0,10850,6,12229,6,0,38,0,6,2,1516,0,39,38
03-29-21,Dekalb,2722,2,2020,0,702,2,2336,0,16693,6,19029,6,1,53,1,23,0,2646,0,55,53
03-29-21,Dickson,6482,12,4673,7,1809,5,5536,9,34228,82,39764,91,0,107,7,66,5,6309,0,117,107
03-29-21,Dyer,5299,1,3503,0,1796,1,3954,0,21383,6,25337,6,0,103,-1,20,2,5176,0,106,103
03-29-21,Fayette,4770,1,4110,1,660,0,5059,2,36580,40,41639,42,0,78,-5,26,6,4666,0,127,75
03-29-21,Fentress,2344,3,2032,3,312,0,2322,3,12866,9,15188,12,0,45,0,15,3,2284,0,62,45
03-29-21,Franklin,4968,12,4150,6,818,6,4864,9,36596,35,41460,44,0,87,-6,94,18,4787,0,107,87
03-29-21,Gibson,6261,10,3781,0,2480,10,4589,2,28843,13,33432,15,0,143,4,30,6,6088,0,108,143
03-29-21,Giles,3838,5,3188,0,650,5,3663,0,22400,11,26063,11,0,98,1,31,4,3709,0,110,98
03-29-21,Grainger,2511,3,1871,0,640,3,2099,0,13717,11,15816,11,1,49,-2,24,4,2438,0,68,50
03-29-21,Greene,7468,8,5931,4,1537,4,6623,4,47480,60,54103,64,2,151,1,80,5,7237,0,182,151
03-29-21,Grundy,1739,2,1455,1,284,1,1670,2,8693,11,10363,13,0,30,1,7,1,1702,0,56,31
03-29-21,Hamblen,8313,8,5842,3,2471,5,6568,2,45207,15,51775,17,0,170,-3,94,11,8049,0,253,170
03-29-21,Hamilton,42224,82,36448,53,5776,29,40762,63,310040,400,350802,463,1,476,1,507,80,41241,4,1119,477
03-29-21,Hancock,523,1,371,1,152,0,396,1,3784,2,4180,3,0,12,1,7,0,504,0,20,12
03-29-21,Hardeman,3418,0,2768,0,650,0,3235,0,24437,7,27672,7,0,63,-1,14,1,3341,0,101,63
03-29-21,Hardin,3404,8,2316,1,1088,7,2758,1,22801,6,25559,7,0,65,1,54,7,3285,0,63,66
03-29-21,Hawkins,5537,11,4526,7,1011,4,4866,7,33471,19,38337,26,1,104,2,123,8,5310,0,146,104
03-29-21,Haywood,2659,0,2233,0,426,0,2547,1,13390,6,15937,7,0,60,0,2,0,2597,0,81,60
03-29-21,Henderson,3656,0,2550,0,1106,0,3195,0,15819,7,19014,7,0,74,-2,9,2,3573,0,76,74
03-29-21,Henry,3065,2,2383,0,682,2,2755,0,17529,15,20284,15,0,75,2,15,0,2975,0,74,75
03-29-21,Hickman,2742,4,2215,3,527,1,2557,3,16104,24,18661,27,0,43,-5,21,9,2678,0,55,44
03-29-21,Houston,1059,3,799,3,260,0,912,4,9520,7,10432,11,0,33,3,7,0,1019,0,39,33
03-29-21,Humphreys,1618,11,1052,3,566,8,1229,4,11294,11,12523,15,0,21,10,27,1,1570,0,31,21
03-29-21,Jackson,1278,0,1001,0,277,0,1170,1,5357,3,6527,4,0,35,0,16,0,1227,0,39,35
03-29-21,Jefferson,5918,3,4099,0,1819,3,4635,2,37980,27,42615,29,0,121,-4,81,7,5716,0,182,120
03-29-21,Johnson,2220,3,1973,2,247,1,2097,1,14822,3,16919,4,0,38,0,24,3,2158,0,58,38
03-29-21,Knox,48626,42,40914,21,7712,21,44759,25,314596,407,359355,432,5,613,-59,572,96,47441,0,1336,612
03-29-21,Lake,1683,2,1497,2,186,0,1765,2,9834,1,11599,3,0,26,2,0,0,1657,0,25,26
03-29-21,Lauderdale,3107,3,2424,2,683,1,2783,2,20526,17,23309,19,0,44,3,9,0,3054,0,82,43
03-29-21,Lawrence,5668,9,4433,3,1235,6,4887,3,28551,38,33438,41,0,86,4,47,5,5535,0,143,86
03-29-21,Lewis,1517,3,1158,1,359,2,1253,1,9794,6,11047,7,0,25,1,26,2,1466,0,42,25
03-29-21,Lincoln,4215,9,3275,2,940,7,3723,2,17223,4,20946,6,0,63,7,36,2,4116,0,81,61
03-29-21,Loudon,5906,7,4565,3,1341,4,4994,4,30479,33,35473,37,0,68,1,55,6,5783,0,134,69
03-29-21,Macon,3465,4,2714,1,751,3,3191,1,15905,34,19096,35,0,74,-2,53,6,3338,0,119,74
03-29-21,Madison,10421,39,5839,20,4582,19,7100,22,53552,48,60652,70,0,238,17,-499,22,10682,0,336,238
03-29-21,Marion,3041,3,2597,3,444,0,2896,2,18564,15,21460,17,0,46,3,12,0,2983,0,110,46
03-29-21,Marshall,4013,4,3194,1,819,3,3611,3,22552,15,26163,18,0,57,-5,50,9,3906,0,86,57
03-29-21,Maury,12657,22,11180,11,1477,11,12350,10,71433,103,83783,113,0,162,-2,93,24,12402,0,285,162
03-29-21,McMinn,6162,7,5489,5,673,2,6064,6,41648,43,47712,49,0,95,-3,75,10,5992,1,153,96
03-29-21,McNairy,2730,1,1939,0,791,1,2360,0,17799,6,20159,6,0,54,0,0,1,2676,0,63,54
03-29-21,Meigs,1309,1,1185,1,124,0,1315,1,7835,3,9150,4,0,23,0,17,1,1269,0,41,23
03-29-21,Monroe,5551,5,4398,3,1153,2,4941,4,26517,63,31458,67,0,95,-2,57,7,5399,0,150,95
03-29-21,Montgomery,18312,46,13406,29,4906,17,14749,29,110080,184,124829,213,1,221,-4,-16,49,18107,0,299,221
03-29-21,Moore,983,4,757,1,226,3,856,1,4757,3,5613,4,0,17,4,28,0,938,0,16,17
03-29-21,Morgan,2383,6,1762,0,621,6,1916,1,14925,8,16841,9,0,39,3,38,3,2306,1,40,39
03-29-21,Obion,4431,8,3293,4,1138,4,3729,4,22002,16,25731,20,0,96,7,30,1,4305,1,100,96
03-29-21,Out of State,16870,22,13463,13,3407,9,15226,16,609421,1032,624647,1048,0,105,7,204,15,16561,0,202,96
03-29-21,Overton,2922,5,2200,3,722,2,2591,4,14693,6,17284,10,0,60,3,27,2,2835,0,63,60
03-29-21,Pending,15873,24,10237,9,5636,15,11382,10,394644,647,406026,657,0,129,-5,51,29,15693,0,137,131
03-29-21,Perry,1050,0,903,0,147,0,1017,0,6008,0,7025,0,0,28,0,2,0,1020,0,28,28
03-29-21,Pickett,748,0,494,0,254,0,596,0,3831,2,4427,2,0,24,-1,2,1,722,0,28,24
03-29-21,Polk,1907,7,1721,6,186,1,1904,7,9138,4,11042,11,0,24,1,55,6,1828,1,77,24
03-29-21,Putnam,10933,12,8939,8,1994,4,10714,9,69811,35,80525,44,0,173,-3,123,15,10637,0,205,173
03-29-21,Rhea,4239,4,3675,3,564,1,4112,3,26039,27,30151,30,0,75,1,25,3,4139,0,82,75
03-29-21,Roane,6059,5,4713,3,1346,2,5254,3,42086,32,47340,35,0,100,1,9,4,5950,0,144,101
03-29-21,Robertson,9323,12,7362,5,1961,7,8294,4,42248,40,50542,44,0,127,-2,118,14,9078,0,414,127
03-29-21,Rutherford,40637,52,34893,21,5744,31,40549,31,228523,253,269072,284,1,408,-67,584,118,39645,2,585,409
03-29-21,Scott,2973,3,1663,0,1310,3,1778,0,11225,4,13003,4,0,44,-1,39,4,2890,0,62,45
03-29-21,Sequatchie,1622,3,1282,0,340,3,1400,0,11610,13,13010,13,1,29,2,18,0,1575,0,37,29
03-29-21,Sevier,12757,19,11022,7,1735,12,12132,9,64872,65,77004,74,1,173,-21,230,39,12354,0,273,173
03-29-21,Shelby,90088,103,83691,81,6397,22,103200,101,938135,1398,1041335,1499,2,1559,-8,954,109,87575,5,3487,1575
03-29-21,Smith,2680,6,2021,1,659,5,2533,1,13313,9,15846,10,0,37,-1,51,7,2592,0,57,37
03-29-21,Stewart,1275,3,965,1,310,2,1093,1,6740,6,7833,7,1,27,1,4,1,1244,0,26,26
03-29-21,Sullivan,15320,49,13303,26,2017,23,14326,22,85592,84,99918,106,0,281,11,393,38,14646,0,728,282
03-29-21,Sumner,22442,45,19921,22,2521,23,22540,27,117128,139,139668,166,0,337,0,240,45,21865,0,697,336
03-29-21,Tipton,7092,7,4944,5,2148,2,5978,5,46330,52,52308,57,0,104,-1,54,8,6934,0,149,99
03-29-21,Trousdale,2454,3,2311,0,143,3,2474,0,9016,6,11490,6,0,22,-1,26,4,2406,0,40,22
03-29-21,Unicoi,1865,2,1443,1,422,1,1591,1,12955,11,14546,12,0,49,0,30,2,1786,0,67,49
03-29-21,Union,1821,2,1539,1,282,1,1659,1,10251,15,11910,16,0,34,-3,20,5,1767,0,56,34
03-29-21,Van Buren,814,1,677,0,137,1,747,0,5244,3,5991,3,0,21,1,6,0,787,0,20,21
03-29-21,Warren,5402,2,4612,1,790,1,5241,1,32260,26,37501,27,0,80,1,42,1,5280,0,82,81
03-29-21,Washington,13359,35,11481,24,1878,11,12664,27,80850,92,93514,119,1,239,3,295,31,12825,2,348,237
03-29-21,Wayne,2925,1,2357,0,568,1,2593,0,11152,5,13745,5,0,33,-8,11,9,2881,0,61,33
03-29-21,Weakley,3906,8,2912,2,994,6,3339,3,21320,16,24659,19,0,60,4,58,4,3788,1,67,60
03-29-21,White,3466,3,2848,2,618,1,3483,2,22405,8,25888,10,0,68,-2,34,5,3364,0,107,68
03-29-21,Williamson,26500,33,22389,17,4111,16,24840,20,178167,265,203007,285,0,213,-6,312,39,25975,2,291,213
03-29-21,Wilson,17437,24,15685,18,1752,6,17856,19,100470,119,118326,138,0,219,-38,4,62,17214,0,330,219
03-28-21,Anderson,8384,3,6296,0,2088,3,7066,2,60853,29,67919,31,1,163,-12,121,14,8100,0,208,169
03-28-21,Bedford,6178,11,4917,7,1261,4,5653,8,30837,30,36490,38,0,124,6,205,5,5849,0,131,124
03-28-21,Benton,1557,1,1244,1,313,0,1376,1,8827,8,10203,9,0,40,0,27,1,1490,0,35,40
03-28-21,Bledsoe,2066,0,1878,0,188,0,1993,0,15196,36,17189,36,0,11,-1,27,1,2028,0,32,11
03-28-21,Blount,14618,14,12508,10,2110,4,13781,10,71550,81,85331,91,0,193,-2,50,16,14375,2,332,192
03-28-21,Bradley,13933,23,11471,19,2462,4,13009,28,63981,122,76990,150,0,143,-15,345,38,13445,2,586,145
03-28-21,Campbell,3984,2,2220,0,1764,2,2496,0,24532,18,27028,18,0,60,-7,51,9,3873,0,121,62
03-28-21,Cannon,1847,1,1490,1,357,0,1660,1,9050,13,10710,14,0,31,1,28,0,1788,0,37,31
03-28-21,Carroll,3516,2,2313,0,1203,2,2746,0,19240,13,21986,13,0,82,2,10,0,3424,0,78,82
03-28-21,Carter,6165,4,5390,4,775,0,5916,5,36519,23,42435,28,0,155,-1,106,5,5904,1,224,155
03-28-21,Cheatham,4222,14,3266,3,956,11,3695,6,26411,20,30106,26,0,49,4,106,10,4067,0,87,49
03-28-21,Chester,2059,1,1491,1,568,0,1778,1,11609,4,13387,5,0,48,-1,9,2,2002,0,40,48
03-28-21,Claiborne,2953,1,1910,1,1043,0,2050,1,23495,16,25545,17,0,74,-2,31,3,2848,0,91,73
03-28-21,Clay,1075,0,742,0,333,0,855,0,5525,5,6380,5,0,31,0,1,0,1043,0,24,30
03-28-21,Cocke,4321,7,2878,3,1443,4,3173,4,21249,31,24422,35,0,97,2,123,5,4101,0,113,98
03-28-21,Coffee,6658,5,4639,4,2019,1,5679,7,44674,40,50353,47,2,120,-5,107,8,6431,0,122,120
03-28-21,Crockett,1974,0,1185,0,789,0,1385,1,7192,3,8577,4,0,48,0,-12,0,1938,0,30,48
03-28-21,Cumberland,6308,8,5262,4,1046,4,6033,5,47485,24,53518,29,0,125,-1,93,9,6090,0,153,126
03-28-21,Davidson,84887,98,79693,71,5194,27,96819,77,935687,3706,1032506,3783,2,894,13,1171,83,82822,2,1919,900
03-28-21,Decatur,1558,1,1161,0,397,1,1379,0,10844,6,12223,6,0,38,0,6,1,1514,0,39,38
03-28-21,Dekalb,2720,0,2020,0,700,0,2336,0,16687,6,19023,6,0,52,-3,22,3,2646,0,55,52
03-28-21,Dickson,6470,10,4666,10,1804,0,5527,10,34146,53,39673,63,0,107,7,59,3,6304,0,117,107
03-28-21,Dyer,5298,1,3503,0,1795,1,3954,0,21377,10,25331,10,0,103,-1,21,2,5174,0,106,103
03-28-21,Fayette,4769,3,4109,3,660,0,5057,4,36540,35,41597,39,0,78,-5,31,8,4660,1,127,75
03-28-21,Fentress,2341,0,2029,0,312,0,2319,0,12857,2,15176,2,0,45,-1,15,1,2281,0,62,45
03-28-21,Franklin,4956,3,4144,3,812,0,4855,5,36561,19,41416,24,0,87,-6,100,9,4769,0,107,87
03-28-21,Gibson,6251,3,3781,2,2470,1,4587,2,28830,17,33417,19,0,143,0,26,3,6082,0,108,143
03-28-21,Giles,3833,2,3188,1,645,1,3663,2,22389,28,26052,30,0,98,-4,30,6,3705,0,110,98
03-28-21,Grainger,2508,1,1871,0,637,1,2099,0,13706,12,15805,12,0,48,-1,26,2,2434,0,68,50
03-28-21,Greene,7460,5,5927,5,1533,0,6619,5,47420,69,54039,74,0,149,-2,79,7,7232,0,182,151
03-28-21,Grundy,1737,1,1454,0,283,1,1668,0,8682,7,10350,7,0,30,1,6,0,1701,0,56,31
03-28-21,Hamblen,8305,3,5839,3,2466,0,6566,2,45192,34,51758,36,0,170,-4,97,7,8038,0,253,170
03-28-21,Hamilton,42142,53,36395,41,5747,12,40699,44,309640,373,350339,417,2,475,6,506,45,41161,1,1115,476
03-28-21,Hancock,522,0,370,0,152,0,395,0,3782,1,4177,1,0,12,0,6,0,504,0,20,12
03-28-21,Hardeman,3418,2,2768,1,650,1,3235,1,24430,17,27665,18,0,63,2,15,0,3340,0,101,63
03-28-21,Hardin,3396,2,2315,0,1081,2,2757,0,22795,10,25552,10,0,65,-2,53,4,3278,0,63,66
03-28-21,Hawkins,5526,10,4519,7,1007,3,4859,6,33452,84,38311,90,0,103,-2,121,12,5302,0,146,104
03-28-21,Haywood,2659,0,2233,0,426,0,2546,0,13384,2,15930,2,0,60,0,2,0,2597,0,81,60
03-28-21,Henderson,3656,2,2550,1,1106,1,3195,1,15812,5,19007,6,0,74,1,11,1,3571,0,76,74
03-28-21,Henry,3063,3,2383,2,680,1,2755,3,17514,6,20269,9,0,75,-1,13,4,2975,0,74,75
03-28-21,Hickman,2738,2,2212,1,526,1,2554,0,16080,22,18634,22,0,43,0,26,2,2669,0,55,44
03-28-21,Houston,1056,0,796,0,260,0,908,0,9513,3,10421,3,0,33,0,4,0,1019,0,39,33
03-28-21,Humphreys,1607,3,1049,3,558,0,1225,3,11283,12,12508,15,0,21,3,17,0,1569,0,31,21
03-28-21,Jackson,1278,0,1001,0,277,0,1169,0,5354,2,6523,2,0,35,-1,16,1,1227,0,39,35
03-28-21,Jefferson,5915,3,4099,2,1816,1,4633,1,37953,50,42586,51,0,121,-4,85,7,5709,0,182,120
03-28-21,Johnson,2217,2,1971,0,246,2,2096,0,14819,14,16915,14,0,38,0,24,2,2155,0,58,38
03-28-21,Knox,48584,79,40893,45,7691,34,44734,45,314189,476,358923,521,2,608,13,631,64,47345,5,1336,611
03-28-21,Lake,1681,1,1495,1,186,0,1763,1,9833,9,11596,10,0,26,1,-2,0,1657,0,25,26
03-28-21,Lauderdale,3104,0,2422,0,682,0,2781,0,20509,11,23290,11,0,44,0,6,0,3054,0,82,43
03-28-21,Lawrence,5659,4,4430,4,1229,0,4884,2,28513,28,33397,30,0,86,-1,43,5,5530,0,143,86
03-28-21,Lewis,1514,1,1157,1,357,0,1252,1,9788,4,11040,5,0,25,0,25,1,1464,0,42,25
03-28-21,Lincoln,4206,3,3273,2,933,1,3721,2,17219,11,20940,13,0,63,2,29,1,4114,0,81,61
03-28-21,Loudon,5899,8,4562,4,1337,4,4990,4,30446,29,35436,33,0,68,5,54,3,5777,0,134,69
03-28-21,Macon,3461,1,2713,1,748,0,3190,3,15871,10,19061,13,0,74,-1,55,2,3332,0,119,74
03-28-21,Madison,10382,8,5819,6,4563,2,7078,5,53504,50,60582,55,0,238,7,-516,1,10660,0,336,238
03-28-21,Marion,3038,0,2594,0,444,0,2894,0,18549,18,21443,18,0,46,-4,9,4,2983,0,110,46
03-28-21,Marshall,4009,4,3193,0,816,4,3608,0,22537,17,26145,17,0,57,-2,55,6,3897,0,86,57
03-28-21,Maury,12635,10,11169,10,1466,0,12340,11,71330,76,83670,87,0,162,0,95,10,12378,0,285,162
03-28-21,McMinn,6155,14,5484,14,671,0,6058,15,41605,60,47663,75,0,95,6,78,8,5982,1,152,96
03-28-21,McNairy,2729,0,1939,0,790,0,2360,0,17793,5,20153,5,0,54,0,0,0,2675,0,63,54
03-28-21,Meigs,1308,0,1184,0,124,0,1314,1,7832,8,9146,9,0,23,-1,17,1,1268,0,41,23
03-28-21,Monroe,5546,12,4395,11,1151,1,4937,12,26454,54,31391,66,0,95,7,59,5,5392,0,150,95
03-28-21,Montgomery,18266,24,13377,15,4889,9,14720,17,109896,162,124616,179,0,220,6,-12,18,18058,1,299,221
03-28-21,Moore,979,2,756,1,223,1,855,1,4754,2,5609,3,0,17,2,24,0,938,0,16,17
03-28-21,Morgan,2377,1,1762,0,615,1,1915,0,14917,23,16832,23,0,39,-1,35,2,2303,0,39,39
03-28-21,Obion,4423,2,3289,1,1134,1,3725,1,21986,13,25711,14,0,96,0,23,2,4304,0,99,96
03-28-21,Out of State,16848,11,13450,7,3398,4,15210,12,608389,573,623599,585,0,105,3,197,8,16546,0,202,96
03-28-21,Overton,2917,2,2197,2,720,0,2587,3,14687,10,17274,13,0,60,2,24,0,2833,0,63,60
03-28-21,Pending,15849,12,10228,9,5621,3,11372,10,393997,438,405369,448,0,129,4,56,8,15664,0,137,131
03-28-21,Perry,1050,0,903,0,147,0,1017,0,6008,9,7025,9,0,28,-2,2,2,1020,0,28,28
03-28-21,Pickett,748,0,494,0,254,0,596,0,3829,1,4425,1,0,24,0,3,0,721,0,28,24
03-28-21,Polk,1900,3,1715,3,185,0,1897,4,9134,12,11031,16,0,24,-3,54,6,1822,0,76,24
03-28-21,Putnam,10921,6,8931,3,1990,3,10705,3,69776,29,80481,32,0,173,-1,126,7,10622,1,205,173
03-28-21,Rhea,4235,2,3672,1,563,1,4109,2,26012,18,30121,20,0,75,1,24,1,4136,0,82,75
03-28-21,Roane,6054,1,4710,1,1344,0,5251,1,42054,31,47305,32,0,100,-6,8,7,5946,0,144,101
03-28-21,Robertson,9311,11,7357,8,1954,3,8290,8,42208,33,50498,41,1,127,1,120,9,9064,0,414,127
03-28-21,Rutherford,40585,41,34872,18,5713,23,40518,24,228270,483,268788,507,0,407,-14,651,55,39527,0,583,409
03-28-21,Scott,2970,4,1663,1,1307,3,1778,1,11221,7,12999,8,0,44,0,40,4,2886,1,62,45
03-28-21,Sequatchie,1619,0,1282,0,337,0,1400,0,11597,4,12997,4,0,28,-1,16,1,1575,0,37,29
03-28-21,Sevier,12738,13,11015,11,1723,2,12123,11,64807,93,76930,104,0,172,-5,251,18,12315,0,273,173
03-28-21,Shelby,89985,70,83610,58,6375,12,103099,79,936737,1238,1039836,1317,0,1557,0,962,70,87466,4,3482,1575
03-28-21,Smith,2674,2,2020,1,654,1,2532,1,13304,15,15836,16,0,37,-2,52,4,2585,0,57,37
03-28-21,Stewart,1272,1,964,1,308,0,1092,1,6734,8,7826,9,0,26,1,3,0,1243,0,26,26
03-28-21,Sullivan,15271,16,13277,13,1994,3,14304,16,85508,118,99812,134,0,281,-11,382,27,14608,0,728,282
03-28-21,Sumner,22397,33,19899,23,2498,10,22513,26,116989,121,139502,147,2,337,-1,240,32,21820,0,697,336
03-28-21,Tipton,7085,10,4939,8,2146,2,5973,8,46278,40,52251,48,0,104,8,55,2,6926,1,149,99
03-28-21,Trousdale,2451,5,2311,5,140,0,2474,5,9010,7,11484,12,0,22,4,27,1,2402,0,40,22
03-28-21,Unicoi,1863,0,1442,0,421,0,1590,1,12944,8,14534,9,0,49,-2,30,2,1784,0,67,49
03-28-21,Union,1819,0,1538,0,281,0,1658,0,10236,6,11894,6,0,34,-4,23,4,1762,0,56,34
03-28-21,Van Buren,813,0,677,0,136,0,747,0,5241,2,5988,2,0,21,0,5,0,787,0,20,21
03-28-21,Warren,5400,3,4611,3,789,0,5240,4,32234,28,37474,32,0,80,2,41,1,5279,0,82,81
03-28-21,Washington,13324,24,11457,15,1867,9,12637,13,80758,85,93395,98,0,238,3,292,21,12794,0,346,237
03-28-21,Wayne,2924,0,2357,0,567,0,2593,0,11147,2,13740,2,0,33,-1,19,1,2872,0,61,33
03-28-21,Weakley,3898,5,2910,5,988,0,3336,4,21304,19,24640,23,0,60,1,54,4,3784,1,66,60
03-28-21,White,3463,2,2846,2,617,0,3481,2,22397,15,25878,17,0,68,1,36,1,3359,0,107,68
03-28-21,Williamson,26467,29,22372,18,4095,11,24820,20,177902,242,202722,262,0,213,-7,318,36,25936,0,289,213
03-28-21,Wilson,17413,25,15667,20,1746,5,17837,23,100351,294,118188,317,1,219,-19,42,43,17152,0,330,219
03-27-21,Anderson,8381,4,6296,4,2085,0,7064,5,60824,64,67888,69,1,162,-12,133,15,8086,2,208,168
03-27-21,Bedford,6167,13,4910,9,1257,4,5645,11,30807,58,36452,69,0,124,5,199,8,5844,0,131,124
03-27-21,Benton,1556,1,1243,1,313,0,1375,1,8819,8,10194,9,1,40,-1,27,1,1489,0,35,40
03-27-21,Bledsoe,2066,0,1878,0,188,0,1993,0,15160,7,17153,7,0,11,-1,28,1,2027,0,32,11
03-27-21,Blount,14604,5,12498,5,2106,0,13771,6,71469,106,85240,112,0,193,-15,52,20,14359,0,330,192
03-27-21,Bradley,13910,9,11452,1,2458,8,12981,6,63859,85,76840,91,0,143,-24,360,33,13407,0,584,145
03-27-21,Campbell,3982,0,2220,0,1762,0,2496,0,24514,23,27010,23,1,60,-3,58,2,3864,0,121,62
03-27-21,Cannon,1846,0,1489,0,357,0,1659,0,9037,13,10696,13,0,31,-4,27,4,1788,0,37,31
03-27-21,Carroll,3514,1,2313,1,1201,0,2746,1,19227,15,21973,16,1,82,-1,8,1,3424,0,78,82
03-27-21,Carter,6161,6,5386,5,775,1,5911,6,36496,49,42407,55,0,155,2,107,4,5899,0,223,155
03-27-21,Cheatham,4208,11,3263,10,945,1,3689,10,26391,39,30080,49,0,49,5,102,6,4057,0,87,49
03-27-21,Chester,2058,0,1490,0,568,0,1777,0,11605,9,13382,9,0,48,-1,10,1,2000,0,40,48
03-27-21,Claiborne,2952,3,1909,2,1043,1,2049,2,23479,31,25528,33,0,74,1,33,2,2845,0,91,73
03-27-21,Clay,1075,0,742,0,333,0,855,0,5520,3,6375,3,0,31,0,1,0,1043,0,24,30
03-27-21,Cocke,4314,6,2875,5,1439,1,3169,4,21218,26,24387,30,0,97,-6,121,12,4096,0,113,98
03-27-21,Coffee,6653,6,4635,6,2018,0,5672,8,44634,72,50306,80,0,118,-1,112,7,6423,0,122,120
03-27-21,Crockett,1974,0,1185,0,789,0,1384,0,7189,8,8573,8,0,48,0,-12,0,1938,0,30,48
03-27-21,Cumberland,6300,8,5258,8,1042,0,6028,8,47461,40,53489,48,0,125,3,94,5,6081,2,153,126
03-27-21,Davidson,84789,128,79622,126,5167,2,96742,159,931981,2351,1028723,2510,0,892,61,1158,67,82739,4,1917,900
03-27-21,Decatur,1557,1,1161,1,396,0,1379,1,10838,6,12217,7,0,38,1,6,0,1513,0,39,38
03-27-21,Dekalb,2720,0,2020,0,700,0,2336,0,16681,28,19017,28,0,52,-1,25,1,2643,0,55,52
03-27-21,Dickson,6460,2,4656,2,1804,0,5517,3,34093,37,39610,40,0,107,-6,52,8,6301,0,117,107
03-27-21,Dyer,5297,1,3503,1,1794,0,3954,1,21367,21,25321,22,0,103,-2,22,3,5172,0,106,103
03-27-21,Fayette,4766,4,4106,3,660,1,5053,2,36505,71,41558,73,0,78,2,36,2,4652,0,126,75
03-27-21,Fentress,2341,0,2029,0,312,0,2319,0,12855,6,15174,6,0,45,-2,16,2,2280,0,62,45
03-27-21,Franklin,4953,1,4141,1,812,0,4850,1,36542,27,41392,28,0,87,-6,106,7,4760,0,107,87
03-27-21,Gibson,6248,3,3779,3,2469,0,4585,3,28813,51,33398,54,0,143,-3,26,6,6079,0,108,143
03-27-21,Giles,3831,4,3187,4,644,0,3661,4,22361,18,26022,22,0,98,3,34,1,3699,0,110,98
03-27-21,Grainger,2507,3,1871,1,636,2,2099,1,13694,11,15793,12,0,48,-2,27,5,2432,0,68,50
03-27-21,Greene,7455,10,5922,10,1533,0,6614,12,47351,193,53965,205,0,149,5,81,5,7225,0,182,149
03-27-21,Grundy,1736,1,1454,0,282,1,1668,0,8675,7,10343,7,0,30,-2,5,3,1701,0,56,31
03-27-21,Hamblen,8302,4,5836,3,2466,1,6564,6,45158,46,51722,52,0,170,-8,101,12,8031,0,253,170
03-27-21,Hamilton,42089,19,36354,18,5735,1,40655,21,309267,410,349922,431,0,473,-29,500,48,41116,1,1114,475
03-27-21,Hancock,522,1,370,1,152,0,395,1,3781,6,4176,7,0,12,1,6,0,504,0,20,12
03-27-21,Hardeman,3416,1,2767,0,649,1,3234,0,24413,20,27647,20,0,63,0,13,1,3340,0,101,63
03-27-21,Hardin,3394,0,2315,0,1079,0,2757,0,22785,23,25542,23,0,65,-1,55,1,3274,0,63,66
03-27-21,Hawkins,5516,6,4512,6,1004,0,4853,6,33368,51,38221,57,0,103,0,123,6,5290,0,146,104
03-27-21,Haywood,2659,0,2233,0,426,0,2546,1,13382,9,15928,10,0,60,-1,2,1,2597,0,81,60
03-27-21,Henderson,3654,2,2549,1,1105,1,3194,1,15807,13,19001,14,0,74,2,10,0,3570,0,76,74
03-27-21,Henry,3060,1,2381,1,679,0,2752,1,17508,8,20260,9,0,75,1,14,0,2971,0,74,75
03-27-21,Hickman,2736,3,2211,3,525,0,2554,3,16058,28,18612,31,0,43,2,26,1,2667,0,55,44
03-27-21,Houston,1056,1,796,1,260,0,908,1,9510,120,10418,121,0,33,0,4,1,1019,0,39,33
03-27-21,Humphreys,1604,0,1046,0,558,0,1222,0,11271,11,12493,11,0,21,0,14,0,1569,0,31,21
03-27-21,Jackson,1278,0,1001,0,277,0,1169,0,5352,3,6521,3,0,35,0,17,0,1226,0,39,35
03-27-21,Jefferson,5912,7,4097,6,1815,1,4632,6,37903,211,42535,217,0,121,4,89,3,5702,0,182,120
03-27-21,Johnson,2215,0,1971,0,244,0,2096,0,14805,25,16901,25,0,38,-2,24,2,2153,0,58,38
03-27-21,Knox,48505,44,40848,41,7657,3,44689,44,313713,446,358402,490,0,606,-14,618,58,47281,2,1331,610
03-27-21,Lake,1680,0,1494,0,186,0,1762,0,9824,6,11586,6,0,26,0,-3,0,1657,0,25,26
03-27-21,Lauderdale,3104,1,2422,1,682,0,2781,1,20498,17,23279,18,0,44,1,6,0,3054,0,82,43
03-27-21,Lawrence,5655,7,4426,7,1229,0,4882,9,28485,55,33367,64,0,86,3,44,4,5525,0,143,86
03-27-21,Lewis,1513,1,1156,1,357,0,1251,1,9784,6,11035,7,0,25,1,25,0,1463,0,42,25
03-27-21,Lincoln,4203,1,3271,1,932,0,3719,1,17208,17,20927,18,0,63,-1,27,2,4113,0,81,61
03-27-21,Loudon,5891,3,4558,2,1333,1,4986,2,30417,30,35403,32,0,68,-2,49,5,5774,1,134,69
03-27-21,Macon,3460,7,2712,7,748,0,3187,7,15861,18,19048,25,0,74,6,56,1,3330,0,119,74
03-27-21,Madison,10374,4,5813,3,4561,1,7073,3,53454,63,60527,66,-1,238,3,-523,2,10659,0,336,238
03-27-21,Marion,3038,2,2594,2,444,0,2894,2,18531,16,21425,18,0,46,1,13,1,2979,0,110,46
03-27-21,Marshall,4005,2,3193,1,812,1,3608,1,22520,27,26128,28,0,57,2,57,0,3891,0,86,57
03-27-21,Maury,12625,22,11159,22,1466,0,12329,25,71254,126,83583,151,0,162,10,95,12,12368,1,285,162
03-27-21,McMinn,6141,2,5470,2,671,0,6043,3,41545,33,47588,36,0,95,-6,72,8,5974,1,151,96
03-27-21,McNairy,2729,1,1939,1,790,0,2360,1,17788,16,20148,17,0,54,0,0,1,2675,0,63,54
03-27-21,Meigs,1308,0,1184,0,124,0,1313,1,7824,6,9137,7,0,23,-2,18,2,1267,0,41,23
03-27-21,Monroe,5534,4,4384,4,1150,0,4925,4,26400,43,31325,47,0,95,-3,52,7,5387,0,150,95
03-27-21,Montgomery,18242,35,13362,22,4880,13,14703,25,109734,268,124437,293,3,220,9,-18,23,18040,0,298,221
03-27-21,Moore,977,1,755,1,222,0,854,2,4752,4,5606,6,0,17,1,22,0,938,0,16,17
03-27-21,Morgan,2376,0,1762,0,614,0,1915,1,14894,10,16809,11,0,39,0,36,0,2301,0,39,39
03-27-21,Obion,4421,1,3288,1,1133,0,3724,1,21973,19,25697,20,0,96,0,23,1,4302,0,99,96
03-27-21,Out of State,16837,20,13443,17,3394,3,15198,16,607816,861,623014,877,2,105,2,194,16,16538,0,202,96
03-27-21,Overton,2915,0,2195,0,720,0,2584,0,14677,16,17261,16,0,60,0,22,0,2833,0,63,60
03-27-21,Pending,15837,18,10219,17,5618,1,11362,20,393559,589,404921,609,0,129,6,52,12,15656,0,137,130
03-27-21,Perry,1050,0,903,0,147,0,1017,0,5999,2,7016,2,0,28,-1,4,1,1018,0,28,28
03-27-21,Pickett,748,0,494,0,254,0,596,0,3828,2,4424,2,1,24,-1,3,0,721,0,28,24
03-27-21,Polk,1897,2,1712,2,185,0,1893,3,9122,12,11015,15,0,24,0,57,2,1816,0,76,24
03-27-21,Putnam,10915,6,8928,6,1987,0,10702,7,69747,76,80449,83,0,173,-4,127,10,10615,0,204,173
03-27-21,Rhea,4233,3,3671,2,562,1,4107,3,25994,30,30101,33,0,75,1,23,2,4135,0,82,75
03-27-21,Roane,6053,1,4709,1,1344,0,5250,1,42023,36,47273,37,0,100,-3,14,4,5939,0,144,101
03-27-21,Robertson,9300,7,7349,7,1951,0,8282,10,42175,66,50457,76,0,126,-8,119,15,9055,0,414,127
03-27-21,Rutherford,40544,69,34854,62,5690,7,40494,82,227787,548,268281,630,0,407,21,665,48,39472,1,583,408
03-27-21,Scott,2966,0,1662,0,1304,0,1777,1,11214,18,12991,19,0,44,-7,40,7,2882,0,61,44
03-27-21,Sequatchie,1619,1,1282,1,337,0,1400,1,11593,15,12993,16,0,28,-1,17,2,1574,0,37,29
03-27-21,Sevier,12725,4,11004,3,1721,1,12112,2,64714,69,76826,71,0,172,-20,256,24,12297,0,273,173
03-27-21,Shelby,89915,113,83552,111,6363,2,103020,151,935499,2590,1038519,2741,1,1557,47,962,65,87396,6,3478,1575
03-27-21,Smith,2672,2,2019,2,653,0,2531,3,13289,83,15820,86,0,37,-1,54,3,2581,0,57,37
03-27-21,Stewart,1271,1,963,1,308,0,1091,1,6726,11,7817,12,0,26,1,2,0,1243,0,26,26
03-27-21,Sullivan,15255,28,13264,28,1991,0,14288,33,85390,253,99678,286,0,281,-4,393,32,14581,0,728,282
03-27-21,Sumner,22364,30,19876,30,2488,0,22487,33,116868,255,139355,288,1,335,6,241,23,21788,0,697,336
03-27-21,Tipton,7075,4,4931,4,2144,0,5965,4,46238,95,52203,99,0,104,2,47,2,6924,0,148,99
03-27-21,Trousdale,2446,3,2306,3,140,0,2469,4,9003,12,11472,16,0,22,2,23,1,2401,0,40,22
03-27-21,Unicoi,1863,1,1442,1,421,0,1589,1,12936,21,14525,22,0,49,-1,32,2,1782,0,67,49
03-27-21,Union,1819,2,1538,1,281,1,1658,2,10230,5,11888,7,0,34,1,27,1,1758,0,56,34
03-27-21,Van Buren,813,0,677,0,136,0,747,0,5239,5,5986,5,0,21,0,5,0,787,0,20,21
03-27-21,Warren,5397,0,4608,0,789,0,5236,1,32206,75,37442,76,0,80,-1,39,1,5278,0,82,81
03-27-21,Washington,13300,16,11442,15,1858,1,12624,18,80673,129,93297,147,0,238,-16,289,32,12773,1,346,237
03-27-21,Wayne,2924,0,2357,0,567,0,2593,0,11145,9,13738,9,0,33,-1,20,1,2871,0,61,33
03-27-21,Weakley,3893,4,2905,4,988,0,3332,5,21285,17,24617,22,0,60,-2,53,6,3780,0,65,60
03-27-21,White,3461,1,2844,1,617,0,3479,1,22382,27,25861,28,0,68,0,35,1,3358,0,107,68
03-27-21,Williamson,26438,38,22354,31,4084,7,24800,34,177660,304,202460,338,0,213,10,325,28,25900,0,289,213
03-27-21,Wilson,17388,26,15647,26,1741,0,17814,33,100057,199,117871,232,0,218,2,61,24,17109,0,330,219
03-26-21,Anderson,8377,18,6292,13,2085,5,7059,12,60760,66,67819,78,0,161,0,145,18,8071,0,206,168
03-26-21,Bedford,6154,8,4901,8,1253,0,5634,10,30749,70,36383,80,0,124,-14,194,22,5836,0,131,124
03-26-21,Benton,1555,2,1242,2,313,0,1374,2,8811,12,10185,14,0,39,-1,28,3,1488,0,35,40
03-26-21,Bledsoe,2066,0,1878,0,188,0,1993,0,15153,50,17146,50,0,11,0,29,0,2026,0,32,11
03-26-21,Blount,14599,10,12493,9,2106,1,13765,9,71363,124,85128,133,1,193,-17,67,26,14339,0,330,192
03-26-21,Bradley,13901,25,11451,20,2450,5,12975,28,63774,157,76749,185,0,143,-16,384,41,13374,2,584,144
03-26-21,Campbell,3982,2,2220,2,1762,0,2496,2,24491,20,26987,22,0,59,-3,61,5,3862,0,121,62
03-26-21,Cannon,1846,1,1489,1,357,0,1659,1,9024,18,10683,19,0,31,-1,31,2,1784,0,37,31
03-26-21,Carroll,3513,3,2312,1,1201,2,2745,1,19212,8,21957,9,0,81,1,9,2,3423,0,78,82
03-26-21,Carter,6155,18,5381,17,774,1,5905,17,36447,63,42352,80,0,155,11,105,7,5895,0,223,155
03-26-21,Cheatham,4197,9,3253,8,944,1,3679,8,26352,46,30031,54,0,49,-7,97,16,4051,0,87,49
03-26-21,Chester,2058,0,1490,0,568,0,1777,0,11596,8,13373,8,0,48,-2,11,2,1999,0,40,48
03-26-21,Claiborne,2949,3,1907,3,1042,0,2047,3,23448,61,25495,64,1,74,-2,32,4,2843,0,91,73
03-26-21,Clay,1075,0,742,0,333,0,855,0,5517,3,6372,3,0,31,0,1,0,1043,0,24,30
03-26-21,Cocke,4308,4,2870,2,1438,2,3165,2,21192,38,24357,40,0,97,-11,127,15,4084,0,113,98
03-26-21,Coffee,6647,5,4629,4,2018,1,5664,5,44562,42,50226,47,1,118,-7,113,11,6416,0,122,120
03-26-21,Crockett,1974,1,1185,1,789,0,1384,1,7181,11,8565,12,0,48,1,-12,0,1938,0,30,48
03-26-21,Cumberland,6292,4,5250,2,1042,2,6020,4,47421,41,53441,45,0,125,-3,91,7,6076,0,151,126
03-26-21,Davidson,84661,103,79496,85,5165,18,96583,90,929630,1338,1026213,1428,2,892,-50,1097,151,82672,1,1913,900
03-26-21,Decatur,1556,0,1160,0,396,0,1378,0,10832,2,12210,2,0,38,0,5,0,1513,0,39,38
03-26-21,Dekalb,2720,6,2020,6,700,0,2336,6,16653,52,18989,58,0,52,6,26,0,2642,0,55,52
03-26-21,Dickson,6458,5,4654,4,1804,1,5514,4,34056,32,39570,36,0,107,0,58,5,6293,0,117,107
03-26-21,Dyer,5296,1,3502,1,1794,0,3953,1,21346,14,25299,15,0,103,-2,24,3,5169,0,106,103
03-26-21,Fayette,4762,3,4103,3,659,0,5051,4,36434,80,41485,84,0,78,-5,34,8,4650,0,126,75
03-26-21,Fentress,2341,0,2029,0,312,0,2319,0,12849,3,15168,3,0,45,-1,18,1,2278,0,62,45
03-26-21,Franklin,4952,4,4140,4,812,0,4849,3,36515,48,41364,51,0,87,-4,112,8,4753,0,107,87
03-26-21,Gibson,6245,4,3776,1,2469,3,4582,1,28762,27,33344,28,0,143,-1,29,5,6073,0,108,143
03-26-21,Giles,3827,1,3183,1,644,0,3657,1,22343,31,26000,32,0,98,-5,31,6,3698,0,110,98
03-26-21,Grainger,2504,3,1870,2,634,1,2098,3,13683,19,15781,22,0,48,-1,29,4,2427,0,68,50
03-26-21,Greene,7445,6,5912,5,1533,1,6602,5,47158,89,53760,94,0,149,-1,76,7,7220,0,182,149
03-26-21,Grundy,1735,0,1454,0,281,0,1668,0,8668,9,10336,9,0,30,-1,7,1,1698,0,56,31
03-26-21,Hamblen,8298,11,5833,5,2465,6,6558,6,45112,76,51670,82,0,170,3,109,8,8019,0,253,169
03-26-21,Hamilton,42070,51,36336,42,5734,9,40634,49,308857,431,349491,480,0,473,-32,529,83,41068,2,1113,475
03-26-21,Hancock,521,1,369,1,152,0,394,1,3775,10,4169,11,0,12,1,5,0,504,0,20,12
03-26-21,Hardeman,3415,2,2767,2,648,0,3234,2,24393,30,27627,32,0,63,2,13,0,3339,0,101,63
03-26-21,Hardin,3394,2,2315,2,1079,0,2757,2,22762,30,25519,32,0,65,-3,56,5,3273,0,63,66
03-26-21,Hawkins,5510,9,4506,8,1004,1,4847,9,33317,104,38164,113,0,103,-1,123,10,5284,0,146,103
03-26-21,Haywood,2659,1,2233,1,426,0,2545,0,13373,7,15918,7,0,60,1,3,0,2596,0,81,60
03-26-21,Henderson,3652,1,2548,0,1104,1,3193,0,15794,7,18987,7,0,74,-2,8,3,3570,0,76,74
03-26-21,Henry,3059,1,2380,1,679,0,2751,2,17500,17,20251,19,0,75,-1,13,2,2971,0,74,75
03-26-21,Hickman,2733,0,2208,0,525,0,2551,1,16030,33,18581,34,0,43,-2,24,2,2666,0,55,44
03-26-21,Houston,1055,0,795,0,260,0,907,0,9390,4,10297,4,0,33,0,4,0,1018,0,39,33
03-26-21,Humphreys,1604,2,1046,2,558,0,1222,3,11260,13,12482,16,0,21,0,14,2,1569,0,31,21
03-26-21,Jackson,1278,1,1001,1,277,0,1169,1,5349,5,6518,6,0,35,-1,17,2,1226,0,39,35
03-26-21,Jefferson,5905,7,4091,5,1814,2,4626,5,37692,47,42318,52,0,121,-1,85,8,5699,0,182,120
03-26-21,Johnson,2215,3,1971,3,244,0,2096,3,14780,28,16876,31,0,38,0,26,3,2151,0,58,38
03-26-21,Knox,48461,79,40807,54,7654,25,44645,59,313267,414,357912,473,0,606,0,632,79,47223,2,1329,609
03-26-21,Lake,1680,0,1494,0,186,0,1762,0,9818,7,11580,7,0,26,0,-3,0,1657,0,25,26
03-26-21,Lauderdale,3103,1,2421,1,682,0,2780,1,20481,35,23261,36,0,44,1,5,0,3054,0,82,43
03-26-21,Lawrence,5648,2,4419,1,1229,1,4873,1,28430,40,33303,41,0,86,0,41,2,5521,0,143,86
03-26-21,Lewis,1512,1,1155,0,357,1,1250,0,9778,6,11028,6,0,25,-1,24,2,1463,0,42,25
03-26-21,Lincoln,4202,0,3270,0,932,0,3718,0,17191,24,20909,24,1,63,-2,28,1,4111,0,81,61
03-26-21,Loudon,5888,4,4556,2,1332,2,4984,2,30387,37,35371,39,0,68,0,51,4,5769,0,133,69
03-26-21,Macon,3453,4,2705,3,748,1,3180,2,15843,105,19023,107,0,74,3,50,1,3329,0,119,74
03-26-21,Madison,10370,2,5810,2,4560,0,7070,3,53391,50,60461,53,2,239,-4,-526,4,10657,0,336,238
03-26-21,Marion,3036,1,2592,1,444,0,2892,1,18515,18,21407,19,0,46,-5,12,6,2978,0,110,46
03-26-21,Marshall,4003,3,3192,3,811,0,3607,3,22493,33,26100,36,0,57,1,55,2,3891,0,86,57
03-26-21,Maury,12603,13,11137,10,1466,3,12304,10,71128,80,83432,90,0,162,-15,85,28,12356,0,284,162
03-26-21,McMinn,6139,3,5468,3,671,0,6040,4,41512,54,47552,58,1,95,-6,78,8,5966,0,150,96
03-26-21,McNairy,2728,1,1938,0,790,1,2359,1,17772,11,20131,12,1,54,-1,0,1,2674,0,63,54
03-26-21,Meigs,1308,3,1184,3,124,0,1312,3,7818,9,9130,12,0,23,3,20,0,1265,0,41,23
03-26-21,Monroe,5530,2,4380,1,1150,1,4921,1,26357,19,31278,20,0,95,-4,55,6,5380,0,150,95
03-26-21,Montgomery,18207,33,13340,15,4867,18,14678,19,109466,397,124144,416,0,217,2,-27,31,18017,0,298,221
03-26-21,Moore,976,3,754,3,222,0,852,4,4748,10,5600,14,0,17,1,21,2,938,0,16,17
03-26-21,Morgan,2376,11,1762,7,614,4,1914,7,14884,21,16798,28,0,39,11,36,0,2301,1,39,39
03-26-21,Obion,4420,1,3287,1,1133,0,3723,2,21954,30,25677,32,0,96,-4,23,5,4301,0,99,96
03-26-21,Out of State,16817,13,13426,10,3391,3,15182,18,606955,966,622137,984,0,103,-6,192,19,16522,0,202,96
03-26-21,Overton,2915,2,2195,2,720,0,2584,2,14661,16,17245,18,0,60,1,22,1,2833,0,63,60
03-26-21,Pending,15819,7,10202,2,5617,5,11342,3,392970,591,404312,594,0,129,-14,46,21,15644,0,137,130
03-26-21,Perry,1050,0,903,0,147,0,1017,0,5997,10,7014,10,0,28,-1,5,1,1017,0,28,28
03-26-21,Pickett,748,0,494,0,254,0,596,0,3826,0,4422,0,0,23,0,4,0,721,0,28,24
03-26-21,Polk,1895,4,1710,4,185,0,1890,4,9110,16,11000,20,0,24,-2,57,6,1814,0,76,24
03-26-21,Putnam,10909,12,8922,12,1987,0,10695,18,69671,127,80366,145,0,173,0,131,12,10605,0,204,173
03-26-21,Rhea,4230,4,3669,4,561,0,4104,4,25964,60,30068,64,0,75,3,22,1,4133,0,82,75
03-26-21,Roane,6052,7,4708,4,1344,3,5249,5,41987,48,47236,53,0,100,3,17,4,5935,0,144,101
03-26-21,Robertson,9293,14,7342,13,1951,1,8272,12,42109,52,50381,64,1,126,1,127,12,9040,0,414,126
03-26-21,Rutherford,40475,91,34792,70,5683,21,40412,62,227239,574,267651,636,2,407,-8,644,97,39424,2,582,408
03-26-21,Scott,2966,0,1662,0,1304,0,1776,0,11196,24,12972,24,0,44,-5,47,5,2875,0,61,44
03-26-21,Sequatchie,1618,0,1281,0,337,0,1399,0,11578,9,12977,9,0,28,-2,18,2,1572,0,37,29
03-26-21,Sevier,12721,20,11001,13,1720,7,12110,18,64645,140,76755,158,1,172,-17,276,36,12273,0,273,173
03-26-21,Shelby,89802,94,83441,92,6361,2,102869,97,932909,2021,1035778,2118,6,1556,-12,915,100,87331,3,3472,1573
03-26-21,Smith,2670,8,2017,4,653,4,2528,4,13206,28,15734,32,0,37,3,55,5,2578,0,57,37
03-26-21,Stewart,1270,2,962,2,308,0,1090,2,6715,9,7805,11,0,26,-2,1,4,1243,0,26,26
03-26-21,Sullivan,15227,51,13236,44,1991,7,14255,31,85137,152,99392,183,1,281,24,397,26,14549,0,728,281
03-26-21,Sumner,22334,30,19846,24,2488,6,22454,26,116613,275,139067,301,0,334,-9,235,39,21765,0,697,335
03-26-21,Tipton,7071,5,4927,5,2144,0,5961,5,46143,73,52104,78,0,104,2,45,3,6922,0,148,99
03-26-21,Trousdale,2443,0,2303,0,140,0,2465,0,8991,22,11456,22,0,22,-2,21,2,2400,0,40,22
03-26-21,Unicoi,1862,3,1441,2,421,1,1588,2,12915,24,14503,26,0,49,-1,33,4,1780,0,67,49
03-26-21,Union,1817,0,1537,0,280,0,1656,0,10225,13,11881,13,0,34,-1,26,1,1757,0,56,34
03-26-21,Van Buren,813,0,677,0,136,0,747,0,5234,4,5981,4,0,21,-2,5,2,787,0,20,21
03-26-21,Warren,5397,8,4608,7,789,1,5235,8,32131,78,37366,86,0,80,4,40,4,5277,0,82,81
03-26-21,Washington,13284,41,11427,40,1857,1,12606,40,80544,158,93150,198,2,238,19,305,20,12741,0,345,237
03-26-21,Wayne,2924,0,2357,0,567,0,2593,0,11136,7,13729,7,0,33,-4,21,4,2870,0,61,33
03-26-21,Weakley,3889,2,2901,1,988,1,3327,1,21268,47,24595,48,0,60,-1,55,3,3774,0,65,60
03-26-21,White,3460,2,2843,2,617,0,3478,3,22355,35,25833,38,0,68,-2,35,4,3357,0,107,68
03-26-21,Williamson,26400,47,22323,36,4077,11,24766,37,177356,257,202122,294,2,213,-3,315,48,25872,1,289,213
03-26-21,Wilson,17362,19,15621,16,1741,3,17781,14,99858,214,117639,228,0,218,-19,59,38,17085,0,330,219
03-25-21,Anderson,8359,10,6279,5,2080,5,7047,6,60694,101,67741,107,0,161,-10,145,20,8053,0,206,167
03-25-21,Bedford,6146,24,4893,20,1253,4,5624,23,30679,103,36303,126,0,124,8,208,16,5814,1,131,124
03-25-21,Benton,1553,1,1240,1,313,0,1372,1,8799,11,10171,12,0,39,-2,29,3,1485,0,35,40
03-25-21,Bledsoe,2066,3,1878,2,188,1,1993,2,15103,16,17096,18,0,11,3,29,0,2026,0,32,11
03-25-21,Blount,14589,16,12484,10,2105,6,13756,13,71239,154,84995,167,2,192,-9,84,23,14313,0,330,192
03-25-21,Bradley,13876,34,11431,27,2445,7,12947,32,63617,155,76564,187,0,143,-5,400,39,13333,2,582,144
03-25-21,Campbell,3980,5,2218,2,1762,3,2494,2,24471,17,26965,19,0,59,-1,64,6,3857,2,121,61
03-25-21,Cannon,1845,2,1488,2,357,0,1658,2,9006,26,10664,28,0,31,-2,32,4,1782,0,37,31
03-25-21,Carroll,3510,0,2311,0,1199,0,2744,1,19204,23,21948,24,0,81,-1,8,1,3421,0,78,82
03-25-21,Carter,6137,15,5364,12,773,3,5888,12,36384,71,42272,83,0,155,10,94,5,5888,2,223,155
03-25-21,Cheatham,4188,8,3245,6,943,2,3671,6,26306,107,29977,113,0,49,-9,104,17,4035,0,87,49
03-25-21,Chester,2058,1,1490,1,568,0,1777,1,11588,8,13365,9,0,48,1,13,0,1997,0,40,48
03-25-21,Claiborne,2946,8,1904,7,1042,1,2044,8,23387,43,25431,51,0,73,3,34,5,2839,0,91,73
03-25-21,Clay,1075,0,742,0,333,0,855,0,5514,4,6369,4,0,31,0,1,0,1043,0,24,30
03-25-21,Cocke,4304,5,2868,4,1436,1,3163,2,21154,25,24317,27,0,97,-8,138,13,4069,0,113,98
03-25-21,Coffee,6642,10,4625,7,2017,3,5659,10,44520,70,50179,80,0,117,-8,120,18,6405,1,122,118
03-25-21,Crockett,1973,0,1184,0,789,0,1383,0,7170,16,8553,16,0,48,0,-13,0,1938,0,30,48
03-25-21,Cumberland,6288,2,5248,2,1040,0,6016,3,47380,27,53396,30,0,125,-6,94,8,6069,0,151,126
03-25-21,Davidson,84558,164,79411,135,5147,29,96493,150,928292,2805,1024785,2955,2,890,14,1147,148,82521,0,1912,898
03-25-21,Decatur,1556,0,1160,0,396,0,1378,0,10830,4,12208,4,0,38,-1,5,1,1513,0,39,38
03-25-21,Dekalb,2714,1,2014,1,700,0,2330,1,16601,52,18931,53,0,52,-1,20,2,2642,0,55,52
03-25-21,Dickson,6453,3,4650,2,1803,1,5510,2,34024,47,39534,49,0,107,-3,58,6,6288,0,117,107
03-25-21,Dyer,5295,2,3501,2,1794,0,3952,2,21332,23,25284,25,0,103,-1,26,3,5166,0,106,103
03-25-21,Fayette,4759,3,4100,3,659,0,5047,7,36354,64,41401,71,2,78,-7,39,8,4642,1,126,75
03-25-21,Fentress,2341,1,2029,1,312,0,2319,1,12846,118,15165,119,0,45,-3,19,4,2277,1,62,45
03-25-21,Franklin,4948,10,4136,7,812,3,4846,5,36467,254,41313,259,0,87,7,116,3,4745,0,107,87
03-25-21,Gibson,6241,5,3775,4,2466,1,4581,3,28735,60,33316,63,1,143,1,30,3,6068,1,108,143
03-25-21,Giles,3826,4,3182,3,644,1,3656,5,22312,31,25968,36,0,98,-3,36,7,3692,0,110,98
03-25-21,Grainger,2501,0,1868,0,633,0,2095,0,13664,15,15759,15,0,48,-5,30,5,2423,0,68,50
03-25-21,Greene,7439,11,5907,10,1532,1,6597,10,47069,132,53666,142,0,149,4,77,7,7213,1,182,149
03-25-21,Grundy,1735,1,1454,1,281,0,1668,2,8659,42,10327,44,0,30,0,8,1,1697,1,56,30
03-25-21,Hamblen,8287,10,5828,3,2459,7,6552,3,45036,52,51588,55,0,170,1,106,9,8011,0,253,169
03-25-21,Hamilton,42019,49,36294,38,5725,11,40585,45,308426,567,349011,612,1,473,-11,561,59,40985,0,1111,474
03-25-21,Hancock,520,1,368,1,152,0,393,1,3765,4,4158,5,0,12,1,4,0,504,0,20,12
03-25-21,Hardeman,3413,0,2765,0,648,0,3232,0,24363,36,27595,36,0,63,0,11,0,3339,0,101,63
03-25-21,Hardin,3392,4,2313,1,1079,3,2755,1,22732,25,25487,26,0,65,2,59,2,3268,0,63,65
03-25-21,Hawkins,5501,17,4498,17,1003,0,4838,12,33213,32,38051,44,1,103,9,124,7,5274,2,146,103
03-25-21,Haywood,2658,1,2232,1,426,0,2545,1,13366,16,15911,17,0,60,0,2,1,2596,0,81,60
03-25-21,Henderson,3651,1,2548,1,1103,0,3193,1,15787,12,18980,13,0,74,0,10,1,3567,0,76,74
03-25-21,Henry,3058,3,2379,1,679,2,2749,2,17483,25,20232,27,0,75,0,14,3,2969,0,74,75
03-25-21,Hickman,2733,2,2208,2,525,0,2550,2,15997,30,18547,32,0,43,-1,26,3,2664,0,55,44
03-25-21,Houston,1055,1,795,1,260,0,907,1,9386,48,10293,49,0,33,0,4,1,1018,0,39,33
03-25-21,Humphreys,1602,1,1044,0,558,1,1219,0,11247,19,12466,19,0,21,-5,14,6,1567,0,31,21
03-25-21,Jackson,1277,1,1000,1,277,0,1168,1,5344,3,6512,4,0,35,-2,18,3,1224,0,39,35
03-25-21,Jefferson,5898,10,4086,6,1812,4,4621,8,37645,74,42266,82,0,121,1,86,9,5691,2,182,120
03-25-21,Johnson,2212,0,1968,0,244,0,2093,0,14752,20,16845,20,0,38,-1,26,1,2148,0,58,38
03-25-21,Knox,48382,85,40753,61,7629,24,44586,62,312853,571,357439,633,0,606,4,632,81,47144,4,1327,607
03-25-21,Lake,1680,0,1494,0,186,0,1762,0,9811,12,11573,12,0,26,0,-3,0,1657,0,25,26
03-25-21,Lauderdale,3102,0,2420,0,682,0,2779,0,20446,29,23225,29,0,44,-1,4,1,3054,0,82,43
03-25-21,Lawrence,5646,2,4418,2,1228,0,4872,3,28390,26,33262,29,0,86,-2,41,4,5519,0,143,86
03-25-21,Lewis,1511,1,1155,0,356,1,1250,0,9772,8,11022,8,0,25,1,25,0,1461,0,42,25
03-25-21,Lincoln,4202,1,3270,1,932,0,3718,2,17167,34,20885,36,0,62,-2,30,3,4110,0,81,60
03-25-21,Loudon,5884,6,4554,2,1330,4,4982,2,30350,47,35332,49,0,68,1,51,5,5765,0,133,69
03-25-21,Macon,3449,4,2702,3,747,1,3178,3,15738,48,18916,51,0,74,-1,47,5,3328,0,119,74
03-25-21,Madison,10368,7,5808,4,4560,3,7067,6,53341,81,60408,87,0,237,3,-522,4,10653,0,336,238
03-25-21,Marion,3035,2,2591,2,444,0,2891,2,18497,85,21388,87,0,46,-1,17,3,2972,0,110,46
03-25-21,Marshall,4000,4,3189,2,811,2,3604,2,22460,23,26064,25,0,57,2,54,2,3889,0,86,57
03-25-21,Maury,12590,16,11127,13,1463,3,12294,14,71048,103,83342,117,0,162,-7,100,23,12328,0,284,161
03-25-21,McMinn,6136,3,5465,3,671,0,6036,2,41458,53,47494,55,0,94,-10,84,13,5958,0,150,96
03-25-21,McNairy,2727,3,1938,3,789,0,2358,3,17761,19,20119,22,0,53,2,1,1,2673,0,63,54
03-25-21,Meigs,1305,2,1181,2,124,0,1309,2,7809,9,9118,11,0,23,1,17,1,1265,1,41,23
03-25-21,Monroe,5528,4,4379,4,1149,0,4920,7,26338,48,31258,55,1,95,-4,59,7,5374,0,150,95
03-25-21,Montgomery,18174,50,13325,32,4849,18,14659,35,109069,304,123728,339,0,217,21,-29,29,17986,0,298,221
03-25-21,Moore,973,4,751,0,222,4,848,0,4738,12,5586,12,0,17,2,20,2,936,0,16,17
03-25-21,Morgan,2365,4,1755,2,610,2,1907,2,14863,22,16770,24,1,39,0,25,3,2301,0,38,39
03-25-21,Obion,4419,2,3286,2,1133,0,3721,2,21924,49,25645,51,0,96,-1,27,3,4296,0,99,96
03-25-21,Out of State,16804,30,13416,22,3388,8,15164,29,605989,1425,621153,1454,-1,103,10,198,21,16503,0,202,96
03-25-21,Overton,2913,2,2193,1,720,1,2582,1,14645,13,17227,14,1,60,-1,21,2,2832,0,63,60
03-25-21,Pending,15812,10,10200,7,5612,3,11339,8,392379,812,403718,820,0,129,-21,60,31,15623,0,137,130
03-25-21,Perry,1050,0,903,0,147,0,1017,0,5987,2,7004,2,0,28,0,6,0,1016,0,28,28
03-25-21,Pickett,748,2,494,1,254,1,596,1,3826,5,4422,6,0,23,1,4,1,721,0,28,24
03-25-21,Polk,1891,8,1706,7,185,1,1886,7,9094,17,10980,24,0,24,1,59,7,1808,1,76,24
03-25-21,Putnam,10897,11,8910,8,1987,3,10677,11,69544,78,80221,89,0,173,0,131,11,10593,0,204,173
03-25-21,Rhea,4226,3,3665,3,561,0,4100,2,25904,34,30004,36,0,75,-2,19,5,4132,0,82,75
03-25-21,Roane,6045,2,4704,2,1341,0,5244,2,41939,61,47183,63,1,100,-10,14,11,5931,0,144,101
03-25-21,Robertson,9279,14,7329,10,1950,4,8260,12,42057,90,50317,102,0,125,-1,126,15,9028,0,414,126
03-25-21,Rutherford,40384,98,34722,61,5662,37,40350,65,226665,793,267015,858,3,405,-4,652,99,39327,0,580,408
03-25-21,Scott,2966,0,1662,0,1304,0,1776,0,11172,20,12948,20,0,44,-5,52,5,2870,0,61,44
03-25-21,Sequatchie,1618,0,1281,0,337,0,1399,0,11569,15,12968,15,1,28,-2,20,1,1570,0,37,29
03-25-21,Sevier,12701,15,10988,9,1713,6,12092,12,64505,102,76597,114,1,171,-14,293,28,12237,0,273,173
03-25-21,Shelby,89708,103,83349,92,6359,11,102772,111,930888,3062,1033660,3173,2,1550,0,927,101,87231,7,3469,1573
03-25-21,Smith,2662,6,2013,4,649,2,2524,4,13178,86,15702,90,0,37,-1,52,7,2573,0,57,37
03-25-21,Stewart,1268,3,960,3,308,0,1088,3,6706,22,7794,25,0,26,2,3,1,1239,1,26,26
03-25-21,Sullivan,15176,40,13192,37,1984,3,14224,37,84985,197,99209,234,0,280,11,373,29,14523,2,728,281
03-25-21,Sumner,22304,39,19822,32,2482,7,22428,37,116338,247,138766,284,1,334,-4,244,42,21726,0,697,334
03-25-21,Tipton,7066,1,4922,1,2144,0,5956,1,46070,87,52026,88,0,104,-3,43,4,6919,0,148,99
03-25-21,Trousdale,2443,1,2303,1,140,0,2465,1,8969,24,11434,25,0,22,-3,23,4,2398,0,40,22
03-25-21,Unicoi,1859,4,1439,3,420,1,1586,3,12891,35,14477,38,0,49,4,34,0,1776,2,67,49
03-25-21,Union,1817,2,1537,0,280,2,1656,0,10212,13,11868,13,0,34,-1,27,3,1756,0,56,34
03-25-21,Van Buren,813,0,677,0,136,0,747,0,5230,7,5977,7,0,21,0,7,0,785,0,20,21
03-25-21,Warren,5389,1,4601,1,788,0,5227,1,32053,46,37280,47,0,80,-1,36,2,5273,0,82,81
03-25-21,Washington,13243,21,11387,21,1856,0,12566,20,80386,135,92952,155,0,236,3,286,18,12721,0,345,237
03-25-21,Wayne,2924,0,2357,0,567,0,2593,1,11129,15,13722,16,0,33,-3,25,3,2866,0,61,33
03-25-21,Weakley,3887,3,2900,2,987,1,3326,4,21221,28,24547,32,0,60,-3,56,6,3771,0,65,60
03-25-21,White,3458,2,2841,2,617,0,3475,1,22320,20,25795,21,0,68,1,37,1,3353,0,107,68
03-25-21,Williamson,26353,47,22287,28,4066,19,24729,31,177099,378,201828,409,0,211,8,318,39,25824,0,288,213
03-25-21,Wilson,17343,27,15605,24,1738,3,17767,25,99644,316,117411,341,0,218,-38,78,65,17047,0,330,218
03-24-21,Anderson,8349,8,6274,7,2075,1,7041,7,60593,122,67634,129,1,161,-10,155,17,8033,0,206,167
03-24-21,Bedford,6122,25,4873,14,1249,11,5601,11,30576,116,36177,127,0,124,7,200,18,5798,0,130,124
03-24-21,Benton,1552,6,1239,5,313,1,1371,6,8788,19,10159,25,0,39,5,31,1,1482,0,35,40
03-24-21,Bledsoe,2063,9,1876,8,187,1,1991,8,15087,44,17078,52,0,11,6,26,3,2026,0,32,11
03-24-21,Blount,14573,21,12474,15,2099,6,13743,14,71085,206,84828,220,0,190,-11,93,32,14290,0,330,192
03-24-21,Bradley,13842,55,11404,43,2438,12,12915,47,63462,257,76377,304,0,143,-3,405,58,13294,2,580,144
03-24-21,Campbell,3975,4,2216,3,1759,1,2492,5,24454,36,26946,41,0,59,-2,65,6,3851,0,119,61
03-24-21,Cannon,1843,5,1486,5,357,0,1656,5,8980,26,10636,31,0,31,0,34,5,1778,0,37,31
03-24-21,Carroll,3510,2,2311,1,1199,1,2743,0,19181,25,21924,25,0,81,1,9,1,3420,0,78,82
03-24-21,Carter,6122,13,5352,12,770,1,5876,12,36313,139,42189,151,0,155,5,84,8,5883,1,221,155
03-24-21,Cheatham,4180,8,3239,5,941,3,3665,6,26199,70,29864,76,1,49,-11,113,18,4018,0,87,49
03-24-21,Chester,2057,2,1489,2,568,0,1776,3,11580,14,13356,17,0,48,-1,12,3,1997,0,40,48
03-24-21,Claiborne,2938,5,1897,3,1041,2,2036,7,23344,34,25380,41,0,73,-1,31,6,2834,0,91,73
03-24-21,Clay,1075,0,742,0,333,0,855,0,5510,23,6365,23,0,31,0,1,0,1043,0,24,30
03-24-21,Cocke,4299,17,2864,12,1435,5,3161,13,21129,105,24290,118,0,97,4,146,13,4056,0,113,98
03-24-21,Coffee,6632,19,4618,15,2014,4,5649,16,44450,103,50099,119,0,117,6,128,13,6387,1,121,117
03-24-21,Crockett,1973,0,1184,0,789,0,1383,0,7154,8,8537,8,0,48,0,-13,0,1938,0,30,48
03-24-21,Cumberland,6286,17,5246,14,1040,3,6013,18,47353,88,53366,106,0,125,11,100,6,6061,0,151,126
03-24-21,Davidson,84394,170,79276,146,5118,24,96343,156,925487,3516,1021830,3672,1,888,17,1133,152,82373,3,1912,898
03-24-21,Decatur,1556,2,1160,2,396,0,1378,3,10826,24,12204,27,0,38,1,6,1,1512,0,39,38
03-24-21,Dekalb,2713,3,2013,3,700,0,2329,3,16549,42,18878,45,0,52,3,21,0,2640,0,55,52
03-24-21,Dickson,6450,10,4648,8,1802,2,5508,10,33977,73,39485,83,0,107,3,61,7,6282,0,117,107
03-24-21,Dyer,5293,2,3499,2,1794,0,3950,3,21309,56,25259,59,0,103,-1,27,3,5163,0,106,103
03-24-21,Fayette,4756,5,4097,5,659,0,5040,7,36290,95,41330,102,0,76,2,46,3,4634,0,125,74
03-24-21,Fentress,2340,2,2028,2,312,0,2318,2,12728,21,15046,23,0,45,1,22,1,2273,0,61,45
03-24-21,Franklin,4938,18,4129,11,809,7,4841,12,36213,67,41054,79,0,87,10,109,8,4742,1,107,87
03-24-21,Gibson,6236,1,3771,1,2465,0,4578,3,28675,48,33253,51,0,142,-1,29,2,6065,0,107,143
03-24-21,Giles,3822,5,3179,5,643,0,3651,5,22281,42,25932,47,0,98,2,39,3,3685,0,110,98
03-24-21,Grainger,2501,2,1868,2,633,0,2095,2,13649,50,15744,52,1,48,0,35,1,2418,0,68,50
03-24-21,Greene,7428,13,5897,11,1531,2,6587,10,46937,327,53524,337,0,149,2,73,11,7206,2,181,149
03-24-21,Grundy,1734,0,1453,0,281,0,1666,0,8617,41,10283,41,0,30,-2,8,2,1696,0,55,30
03-24-21,Hamblen,8277,8,5825,1,2452,7,6549,4,44984,92,51533,96,0,170,-5,105,13,8002,0,253,169
03-24-21,Hamilton,41970,83,36256,69,5714,14,40540,69,307859,693,348399,762,0,472,17,572,66,40926,0,1111,473
03-24-21,Hancock,519,0,367,0,152,0,392,0,3761,8,4153,8,0,12,-1,3,1,504,0,20,12
03-24-21,Hardeman,3413,3,2765,2,648,1,3232,2,24327,29,27559,31,0,63,3,11,0,3339,0,101,63
03-24-21,Hardin,3388,8,2312,8,1076,0,2754,9,22707,42,25461,51,0,65,8,57,0,3266,0,63,65
03-24-21,Hawkins,5484,16,4481,13,1003,3,4826,14,33181,121,38007,135,0,102,3,115,13,5267,0,144,103
03-24-21,Haywood,2657,1,2231,1,426,0,2544,1,13350,17,15894,18,0,60,0,2,1,2595,0,81,60
03-24-21,Henderson,3650,0,2547,0,1103,0,3192,0,15775,21,18967,21,0,74,0,10,0,3566,0,76,74
03-24-21,Henry,3055,4,2378,2,677,2,2747,2,17458,32,20205,34,0,75,4,14,0,2966,0,74,75
03-24-21,Hickman,2731,3,2206,3,525,0,2548,2,15967,43,18515,45,0,43,1,27,2,2661,0,55,44
03-24-21,Houston,1054,0,794,0,260,0,906,0,9338,82,10244,82,0,33,0,4,0,1017,0,39,33
03-24-21,Humphreys,1601,3,1044,1,557,2,1219,1,11228,18,12447,19,0,21,0,19,3,1561,0,31,21
03-24-21,Jackson,1276,1,999,1,277,0,1167,1,5341,16,6508,17,0,35,1,20,0,1221,0,39,35
03-24-21,Jefferson,5888,8,4080,4,1808,4,4613,3,37571,98,42184,101,0,121,-2,85,10,5682,0,180,120
03-24-21,Johnson,2212,2,1968,2,244,0,2093,2,14732,38,16825,40,0,38,1,27,1,2147,0,58,38
03-24-21,Knox,48297,124,40692,90,7605,34,44524,97,312282,776,356806,873,1,606,41,628,82,47063,3,1323,606
03-24-21,Lake,1680,0,1494,0,186,0,1762,0,9799,36,11561,36,0,26,0,-3,0,1657,0,25,26
03-24-21,Lauderdale,3102,3,2420,2,682,1,2779,2,20417,24,23196,26,0,44,2,5,1,3053,0,82,43
03-24-21,Lawrence,5644,6,4416,5,1228,1,4869,4,28364,36,33233,40,0,86,3,43,3,5515,0,143,86
03-24-21,Lewis,1510,8,1155,3,355,5,1250,3,9764,11,11014,14,0,25,8,24,0,1461,1,42,25
03-24-21,Lincoln,4201,3,3269,1,932,2,3716,1,17133,33,20849,34,0,62,-2,32,5,4107,0,81,60
03-24-21,Loudon,5878,2,4552,1,1326,1,4980,1,30303,59,35283,60,0,68,-7,50,9,5760,0,133,69
03-24-21,Macon,3445,7,2699,5,746,2,3175,6,15690,89,18865,95,0,74,5,48,2,3323,0,119,74
03-24-21,Madison,10361,24,5804,14,4557,10,7061,13,53260,95,60321,108,0,237,21,-525,3,10649,0,336,238
03-24-21,Marion,3033,5,2589,4,444,1,2889,5,18412,74,21301,79,0,46,-2,18,7,2969,0,110,46
03-24-21,Marshall,3996,4,3187,2,809,2,3602,3,22437,30,26039,33,0,57,1,52,3,3887,0,86,57
03-24-21,Maury,12574,30,11114,25,1460,5,12280,27,70945,164,83225,191,0,162,12,107,18,12305,1,284,161
03-24-21,McMinn,6133,15,5462,12,671,3,6034,16,41405,153,47439,169,0,94,5,94,10,5945,0,150,96
03-24-21,McNairy,2724,1,1935,1,789,0,2355,2,17742,21,20097,23,0,53,0,-1,1,2672,0,63,54
03-24-21,Meigs,1303,6,1179,5,124,1,1307,4,7800,25,9107,29,0,23,4,16,2,1264,0,40,23
03-24-21,Monroe,5524,7,4375,5,1149,2,4913,5,26290,66,31203,71,0,94,2,63,5,5367,0,150,95
03-24-21,Montgomery,18124,47,13293,41,4831,6,14624,36,108765,412,123389,448,0,217,14,-50,33,17957,0,298,221
03-24-21,Moore,969,6,751,6,218,0,848,6,4726,16,5574,22,0,17,5,18,1,934,0,16,17
03-24-21,Morgan,2361,3,1753,0,608,3,1905,0,14841,35,16746,35,0,38,2,25,1,2298,0,38,39
03-24-21,Obion,4417,5,3284,5,1133,0,3719,6,21875,29,25594,35,0,96,2,28,3,4293,0,99,96
03-24-21,Out of State,16774,25,13394,18,3380,7,15135,23,604564,1689,619699,1712,-1,104,1,188,25,16482,0,202,96
03-24-21,Overton,2911,4,2192,3,719,1,2581,4,14632,49,17213,53,0,59,1,22,3,2830,0,63,60
03-24-21,Pending,15802,13,10193,12,5609,1,11331,13,391567,1077,402898,1090,0,129,0,81,13,15592,0,137,130
03-24-21,Perry,1050,1,903,1,147,0,1017,1,5985,8,7002,9,0,28,1,6,0,1016,0,28,28
03-24-21,Pickett,746,0,493,0,253,0,595,0,3821,5,4416,5,0,23,0,3,0,720,0,28,24
03-24-21,Polk,1883,7,1699,7,184,0,1879,8,9077,34,10956,42,0,24,6,58,1,1801,1,75,24
03-24-21,Putnam,10886,25,8902,21,1984,4,10666,21,69466,348,80132,369,0,173,14,131,11,10582,0,204,173
03-24-21,Rhea,4223,3,3662,3,561,0,4098,3,25870,88,29968,91,0,75,-1,21,4,4127,0,82,75
03-24-21,Roane,6043,7,4702,2,1341,5,5242,2,41878,132,47120,134,0,99,3,24,4,5920,0,144,101
03-24-21,Robertson,9265,17,7319,10,1946,7,8248,10,41967,90,50215,100,0,125,4,127,13,9013,0,414,126
03-24-21,Rutherford,40286,113,34661,96,5625,17,40285,94,225872,849,266157,943,0,402,21,656,92,39228,0,580,407
03-24-21,Scott,2966,6,1662,1,1304,5,1776,1,11152,32,12928,33,0,44,1,57,5,2865,0,61,44
03-24-21,Sequatchie,1618,5,1281,5,337,0,1399,6,11554,24,12953,30,-1,27,-1,22,7,1569,0,37,28
03-24-21,Sevier,12686,29,10979,18,1707,11,12080,21,64403,215,76483,236,1,170,-4,307,32,12209,1,273,173
03-24-21,Shelby,89605,126,83257,114,6348,12,102661,124,927826,3427,1030487,3551,0,1548,19,927,107,87130,3,3462,1573
03-24-21,Smith,2656,4,2009,3,647,1,2520,3,13092,45,15612,48,0,37,1,53,3,2566,0,57,37
03-24-21,Stewart,1265,0,957,0,308,0,1085,1,6684,18,7769,19,0,26,-1,1,1,1238,0,25,26
03-24-21,Sullivan,15136,40,13155,33,1981,7,14187,34,84788,288,98975,322,0,280,15,362,25,14494,2,726,281
03-24-21,Sumner,22265,63,19790,54,2475,9,22391,59,116091,404,138482,463,0,333,16,248,47,21684,1,697,334
03-24-21,Tipton,7065,7,4921,5,2144,2,5955,6,45983,143,51938,149,0,104,2,46,5,6915,1,148,99
03-24-21,Trousdale,2442,3,2302,2,140,1,2464,2,8945,23,11409,25,0,22,2,26,1,2394,0,40,22
03-24-21,Unicoi,1855,4,1436,4,419,0,1583,4,12856,27,14439,31,0,49,2,30,2,1776,0,65,49
03-24-21,Union,1815,2,1537,2,278,0,1656,2,10199,23,11855,25,0,34,1,28,1,1753,0,56,34
03-24-21,Van Buren,813,1,677,1,136,0,747,1,5223,8,5970,9,0,21,0,7,1,785,0,20,21
03-24-21,Warren,5388,5,4600,4,788,1,5226,5,32007,74,37233,79,0,80,-1,37,6,5271,0,82,81
03-24-21,Washington,13222,55,11366,49,1856,6,12546,50,80251,260,92797,310,0,236,37,283,18,12703,2,345,237
03-24-21,Wayne,2924,6,2357,2,567,4,2592,2,11114,25,13706,27,0,33,4,28,2,2863,0,61,33
03-24-21,Weakley,3884,9,2898,6,986,3,3322,7,21193,38,24515,45,0,60,3,59,6,3765,0,65,60
03-24-21,White,3456,3,2839,2,617,1,3474,4,22300,46,25774,50,0,68,-2,36,5,3352,0,107,68
03-24-21,Williamson,26306,90,22259,66,4047,24,24698,66,176721,543,201419,609,0,211,43,310,47,25785,1,288,213
03-24-21,Wilson,17316,40,15581,38,1735,2,17742,40,99328,505,117070,545,0,218,2,116,38,16982,1,330,218
03-23-21,Anderson,8341,6,6267,1,2074,5,7034,1,60471,42,67505,43,0,160,-15,165,21,8016,0,206,167
03-23-21,Bedford,6097,22,4859,7,1238,15,5590,6,30460,74,36050,80,1,124,16,193,5,5780,0,130,124
03-23-21,Benton,1546,4,1234,0,312,4,1365,0,8769,1,10134,1,0,39,1,26,3,1481,0,35,40
03-23-21,Bledsoe,2054,2,1868,1,186,1,1983,1,15043,12,17026,13,0,11,-1,20,3,2023,0,32,11
03-23-21,Blount,14552,22,12459,7,2093,15,13729,7,70879,143,84608,150,1,190,-1,104,22,14258,0,330,192
03-23-21,Bradley,13787,27,11361,14,2426,13,12868,15,63205,82,76073,97,1,143,-8,408,34,13236,1,578,143
03-23-21,Campbell,3971,18,2213,4,1758,14,2487,3,24418,15,26905,18,0,59,8,67,10,3845,2,119,61
03-23-21,Cannon,1838,3,1481,3,357,0,1651,3,8954,7,10605,10,0,31,-2,34,5,1773,0,37,31
03-23-21,Carroll,3508,2,2310,0,1198,2,2743,2,19156,18,21899,20,0,81,0,8,2,3419,0,78,82
03-23-21,Carter,6109,6,5340,5,769,1,5864,7,36174,67,42038,74,0,155,-1,79,7,5875,0,220,154
03-23-21,Cheatham,4172,4,3234,3,938,1,3659,3,26129,32,29788,35,0,48,-8,124,12,4000,0,87,48
03-23-21,Chester,2055,3,1487,2,568,1,1773,2,11566,5,13339,7,0,48,0,13,3,1994,1,40,48
03-23-21,Claiborne,2933,1,1894,0,1039,1,2029,0,23310,18,25339,18,1,73,-8,32,8,2828,0,91,73
03-23-21,Clay,1075,0,742,0,333,0,855,0,5487,4,6342,4,0,31,0,1,0,1043,0,24,30
03-23-21,Cocke,4282,14,2852,9,1430,5,3148,8,21024,70,24172,78,0,97,-10,142,24,4043,0,113,98
03-23-21,Coffee,6613,4,4603,3,2010,1,5633,5,44347,88,49980,93,0,117,-7,122,11,6374,0,120,117
03-23-21,Crockett,1973,0,1184,0,789,0,1383,0,7146,9,8529,9,0,48,0,-13,0,1938,0,30,48
03-23-21,Cumberland,6269,5,5232,5,1037,0,5995,7,47265,48,53260,55,0,125,-10,89,15,6055,0,151,126
03-23-21,Davidson,84224,114,79130,101,5094,13,96187,135,921971,2809,1018158,2944,3,887,-15,1116,126,82221,3,1909,897
03-23-21,Decatur,1554,0,1158,0,396,0,1375,0,10802,4,12177,4,1,38,-2,5,1,1511,0,39,38
03-23-21,Dekalb,2710,2,2010,1,700,1,2326,1,16507,9,18833,10,0,52,1,18,1,2640,0,55,52
03-23-21,Dickson,6440,11,4640,9,1800,2,5498,11,33904,66,39402,77,0,107,0,58,11,6275,0,117,107
03-23-21,Dyer,5291,5,3497,1,1794,4,3947,1,21253,24,25200,25,0,103,3,28,2,5160,0,106,103
03-23-21,Fayette,4751,5,4092,3,659,2,5033,6,36195,47,41228,53,1,76,-2,44,6,4631,0,125,74
03-23-21,Fentress,2338,1,2026,0,312,1,2316,1,12707,7,15023,8,0,45,1,21,0,2272,0,61,45
03-23-21,Franklin,4920,1,4118,1,802,0,4829,1,36146,243,40975,244,0,87,-6,99,7,4734,0,106,87
03-23-21,Gibson,6235,6,3770,2,2465,4,4575,2,28627,45,33202,47,1,142,4,30,1,6063,1,107,143
03-23-21,Giles,3817,11,3174,3,643,8,3646,3,22239,32,25885,35,0,98,7,37,4,3682,0,110,98
03-23-21,Grainger,2499,3,1866,1,633,2,2093,1,13599,13,15692,14,0,47,2,35,1,2417,0,68,50
03-23-21,Greene,7415,4,5886,3,1529,1,6577,4,46610,67,53187,71,0,149,-1,71,5,7195,1,179,149
03-23-21,Grundy,1734,3,1453,3,281,0,1666,4,8576,48,10242,52,0,30,0,10,3,1694,0,55,30
03-23-21,Hamblen,8269,6,5824,2,2445,4,6545,4,44892,65,51437,69,0,170,-4,110,10,7989,0,253,169
03-23-21,Hamilton,41887,54,36187,38,5700,16,40471,38,307166,417,347637,455,1,472,-15,555,68,40860,1,1111,473
03-23-21,Hancock,519,0,367,0,152,0,392,1,3753,3,4145,4,0,12,-4,4,4,503,0,20,12
03-23-21,Hardeman,3410,2,2763,1,647,1,3230,1,24298,10,27528,11,0,63,2,8,0,3339,0,101,63
03-23-21,Hardin,3380,5,2304,1,1076,4,2745,0,22665,19,25410,19,0,65,4,49,1,3266,0,63,65
03-23-21,Hawkins,5468,11,4468,9,1000,2,4812,10,33060,41,37872,51,0,102,0,112,11,5254,1,144,103
03-23-21,Haywood,2656,0,2230,0,426,0,2543,0,13333,17,15876,17,0,60,0,2,0,2594,0,81,60
03-23-21,Henderson,3650,2,2547,0,1103,2,3192,0,15754,11,18946,11,0,74,0,10,2,3566,0,76,74
03-23-21,Henry,3051,0,2376,0,675,0,2745,0,17426,19,20171,19,0,75,-4,10,4,2966,0,74,75
03-23-21,Hickman,2728,0,2203,0,525,0,2546,0,15924,29,18470,29,0,43,-5,26,5,2659,0,55,44
03-23-21,Houston,1054,1,794,0,260,1,906,0,9256,6,10162,6,0,33,-2,4,3,1017,0,39,33
03-23-21,Humphreys,1598,1,1043,1,555,0,1218,1,11210,19,12428,20,0,21,0,19,1,1558,0,31,21
03-23-21,Jackson,1275,1,998,0,277,1,1166,0,5325,5,6491,5,0,35,0,19,1,1221,0,39,35
03-23-21,Jefferson,5880,14,4076,7,1804,7,4610,7,37473,36,42083,43,0,121,6,87,8,5672,1,180,120
03-23-21,Johnson,2210,2,1966,1,244,1,2091,1,14694,10,16785,11,0,38,0,26,2,2146,0,58,38
03-23-21,Knox,48173,87,40602,56,7571,31,44427,59,311506,526,355933,585,1,605,16,587,70,46981,3,1320,605
03-23-21,Lake,1680,0,1494,0,186,0,1762,0,9763,11,11525,11,0,26,-1,-3,1,1657,0,25,26
03-23-21,Lauderdale,3099,0,2418,0,681,0,2777,0,20393,18,23170,18,0,44,0,3,0,3052,0,82,43
03-23-21,Lawrence,5638,6,4411,4,1227,2,4865,5,28328,54,33193,59,0,86,-4,40,10,5512,0,143,86
03-23-21,Lewis,1502,1,1152,1,350,0,1247,1,9753,5,11000,6,0,25,-3,16,4,1461,0,41,25
03-23-21,Lincoln,4198,6,3268,3,930,3,3715,3,17100,28,20815,31,0,62,4,34,2,4102,0,81,60
03-23-21,Loudon,5876,6,4551,0,1325,6,4979,0,30244,40,35223,40,0,68,-1,57,7,5751,0,133,69
03-23-21,Macon,3438,2,2694,1,744,1,3169,1,15601,54,18770,55,0,74,1,43,1,3321,0,119,74
03-23-21,Madison,10337,25,5790,11,4547,14,7048,11,53165,62,60213,73,1,237,17,-546,7,10646,0,336,238
03-23-21,Marion,3028,2,2585,0,443,2,2884,0,18338,52,21222,52,1,46,-5,20,6,2962,0,110,46
03-23-21,Marshall,3992,3,3185,2,807,1,3599,2,22407,29,26006,31,0,57,-2,51,5,3884,0,86,57
03-23-21,Maury,12544,23,11089,10,1455,13,12253,9,70781,109,83034,118,0,162,6,95,17,12287,1,283,161
03-23-21,McMinn,6118,8,5450,5,668,3,6018,6,41252,56,47270,62,0,94,-2,89,10,5935,0,150,96
03-23-21,McNairy,2723,7,1934,4,789,3,2353,5,17721,21,20074,26,0,53,6,-1,1,2671,0,63,54
03-23-21,Meigs,1297,2,1174,2,123,0,1303,2,7775,5,9078,7,0,23,1,12,1,1262,0,40,23
03-23-21,Monroe,5517,9,4370,5,1147,4,4908,4,26224,47,31132,51,1,94,-6,61,14,5362,1,150,94
03-23-21,Montgomery,18077,44,13252,34,4825,10,14588,43,108353,228,122941,271,2,217,4,-64,38,17924,0,298,221
03-23-21,Moore,963,0,745,0,218,0,842,0,4710,28,5552,28,0,17,-3,13,3,933,0,16,17
03-23-21,Morgan,2358,3,1753,1,605,2,1905,2,14806,11,16711,13,0,38,0,23,3,2297,0,38,39
03-23-21,Obion,4412,3,3279,1,1133,2,3713,1,21846,32,25559,33,1,96,1,26,1,4290,0,99,96
03-23-21,Out of State,16749,20,13376,14,3373,6,15112,17,602875,1531,617987,1548,1,105,-12,187,31,16457,0,202,96
03-23-21,Overton,2907,0,2189,0,718,0,2577,0,14583,12,17160,12,1,59,-4,21,3,2827,0,63,60
03-23-21,Pending,15789,25,10181,10,5608,15,11318,11,390490,948,401808,959,0,129,6,81,19,15579,1,137,130
03-23-21,Perry,1049,0,902,0,147,0,1016,0,5977,3,6993,3,0,28,-2,5,2,1016,0,28,28
03-23-21,Pickett,746,0,493,0,253,0,595,0,3816,4,4411,4,0,23,0,3,0,720,0,28,24
03-23-21,Polk,1876,3,1692,2,184,1,1871,1,9043,10,10914,11,0,24,-1,52,4,1800,1,74,24
03-23-21,Putnam,10861,7,8881,3,1980,4,10645,3,69118,68,79763,71,0,173,-7,117,14,10571,0,204,173
03-23-21,Rhea,4220,5,3659,5,561,0,4095,5,25782,31,29877,36,0,75,0,22,5,4123,0,82,75
03-23-21,Roane,6036,2,4700,0,1336,2,5240,0,41746,36,46986,36,2,99,-4,21,4,5916,1,144,101
03-23-21,Robertson,9248,21,7309,13,1939,8,8238,15,41877,50,50115,65,0,125,5,123,16,9000,1,414,126
03-23-21,Rutherford,40173,78,34565,46,5608,32,40191,42,225023,428,265214,470,2,402,-12,635,88,39136,1,580,407
03-23-21,Scott,2960,5,1661,2,1299,3,1775,2,11120,20,12895,22,0,44,-1,56,6,2860,0,61,44
03-23-21,Sequatchie,1613,5,1276,3,337,2,1393,3,11530,8,12923,11,2,28,1,23,2,1562,0,37,28
03-23-21,Sevier,12657,42,10961,13,1696,29,12059,12,64188,86,76247,98,1,169,4,311,37,12177,0,272,173
03-23-21,Shelby,89479,106,83143,96,6336,10,102537,118,924399,2926,1026936,3044,10,1548,-9,908,105,87023,3,3459,1573
03-23-21,Smith,2652,11,2006,0,646,11,2517,0,13047,16,15564,16,1,37,5,52,5,2563,0,57,37
03-23-21,Stewart,1265,1,957,1,308,0,1084,1,6666,16,7750,17,0,26,1,2,0,1237,1,25,26
03-23-21,Sullivan,15096,27,13122,24,1974,3,14153,21,84500,145,98653,166,0,280,-11,347,38,14469,0,724,281
03-23-21,Sumner,22202,53,19736,34,2466,19,22332,35,115687,179,138019,214,3,333,-3,232,53,21637,1,696,334
03-23-21,Tipton,7058,2,4916,1,2142,1,5949,0,45840,125,51789,125,0,104,-3,44,5,6910,0,147,99
03-23-21,Trousdale,2439,3,2300,2,139,1,2462,2,8922,13,11384,15,0,22,1,24,2,2393,0,40,22
03-23-21,Unicoi,1851,3,1432,1,419,2,1579,1,12829,10,14408,11,1,49,-2,28,4,1774,0,65,49
03-23-21,Union,1813,3,1535,1,278,2,1654,1,10176,14,11830,15,0,34,-6,27,9,1752,0,56,34
03-23-21,Van Buren,812,0,676,0,136,0,746,0,5215,1,5961,1,0,21,-1,7,1,784,0,20,21
03-23-21,Warren,5383,6,4596,3,787,3,5221,5,31933,52,37154,57,0,80,1,38,5,5265,0,82,81
03-23-21,Washington,13167,32,11317,21,1850,11,12496,21,79991,129,92487,150,0,236,14,246,18,12685,2,343,237
03-23-21,Wayne,2918,1,2355,1,563,0,2590,1,11089,6,13679,7,0,33,1,24,0,2861,0,61,33
03-23-21,Weakley,3875,6,2892,5,983,1,3315,4,21155,16,24470,20,0,60,3,56,3,3759,2,65,60
03-23-21,White,3453,9,2837,1,616,8,3470,1,22254,21,25724,22,0,68,9,38,0,3347,0,107,68
03-23-21,Williamson,26216,34,22193,17,4023,17,24632,19,176178,331,200810,350,1,211,-13,267,46,25738,1,287,213
03-23-21,Wilson,17276,16,15543,11,1733,5,17702,13,98823,168,116525,181,2,218,-45,114,59,16944,1,329,218
03-22-21,Anderson,8335,6,6266,1,2069,5,7033,4,60429,66,67462,70,0,160,-7,180,13,7995,1,206,166
03-22-21,Bedford,6075,16,4852,9,1223,7,5584,9,30386,21,35970,30,0,123,0,177,16,5775,1,130,123
03-22-21,Benton,1542,2,1234,0,308,2,1365,1,8768,8,10133,9,0,39,2,25,0,1478,0,35,40
03-22-21,Bledsoe,2052,0,1867,0,185,0,1982,0,15031,7,17013,7,1,11,-2,21,1,2020,0,32,11
03-22-21,Blount,14530,15,12452,6,2078,9,13722,4,70736,88,84458,92,0,189,-6,105,21,14236,2,330,192
03-22-21,Bradley,13760,42,11347,34,2413,8,12853,40,63123,112,75976,152,0,142,1,416,41,13202,2,577,143
03-22-21,Campbell,3953,1,2209,0,1744,1,2484,0,24403,20,26887,20,0,59,-8,59,9,3835,0,117,61
03-22-21,Cannon,1835,1,1478,0,357,1,1648,0,8947,7,10595,7,0,31,-4,36,5,1768,0,37,31
03-22-21,Carroll,3506,1,2310,0,1196,1,2741,0,19138,8,21879,8,0,81,0,8,1,3417,0,78,82
03-22-21,Carter,6103,15,5335,9,768,6,5857,9,36107,19,41964,28,0,155,9,80,6,5868,0,220,154
03-22-21,Cheatham,4168,10,3231,5,937,5,3656,6,26097,40,29753,46,1,48,-1,132,10,3988,1,87,48
03-22-21,Chester,2052,0,1485,0,567,0,1771,0,11561,9,13332,9,0,48,-1,13,1,1991,0,39,48
03-22-21,Claiborne,2932,6,1894,4,1038,2,2029,4,23292,17,25321,21,1,72,-3,40,8,2820,0,91,73
03-22-21,Clay,1075,1,742,0,333,1,855,0,5483,4,6338,4,0,31,1,1,0,1043,0,24,30
03-22-21,Cocke,4268,14,2843,8,1425,6,3140,7,20954,21,24094,28,1,97,-12,152,25,4019,0,113,98
03-22-21,Coffee,6609,10,4600,0,2009,10,5628,2,44259,24,49887,26,0,117,-1,129,11,6363,0,120,117
03-22-21,Crockett,1973,0,1184,0,789,0,1383,0,7137,1,8520,1,0,48,0,-13,0,1938,0,30,48
03-22-21,Cumberland,6264,6,5227,2,1037,4,5988,2,47217,21,53205,23,2,125,-5,99,9,6040,0,151,126
03-22-21,Davidson,84110,140,79029,114,5081,26,96052,135,919162,1329,1015214,1464,4,884,-13,1131,149,82095,3,1906,897
03-22-21,Decatur,1554,0,1158,0,396,0,1375,0,10798,7,12173,7,0,37,-1,7,1,1510,0,39,38
03-22-21,Dekalb,2708,1,2009,0,699,1,2325,0,16498,14,18823,14,0,52,-2,17,3,2639,0,55,52
03-22-21,Dickson,6429,11,4631,9,1798,2,5487,13,33838,43,39325,56,0,107,1,58,10,6264,0,117,107
03-22-21,Dyer,5286,0,3496,0,1790,0,3946,1,21229,14,25175,15,0,103,-2,25,2,5158,0,106,103
03-22-21,Fayette,4746,6,4089,4,657,2,5027,4,36148,51,41175,55,0,75,0,46,6,4625,0,125,74
03-22-21,Fentress,2337,1,2026,1,311,0,2315,2,12700,10,15015,12,0,45,1,20,0,2272,0,61,45
03-22-21,Franklin,4919,8,4117,8,802,0,4828,8,35903,26,40731,34,0,87,-1,105,9,4727,1,106,87
03-22-21,Gibson,6229,4,3768,2,2461,2,4573,3,28582,12,33155,15,0,141,1,26,3,6062,0,106,142
03-22-21,Giles,3806,6,3171,2,635,4,3643,4,22207,13,25850,17,0,98,1,30,5,3678,0,110,98
03-22-21,Grainger,2496,0,1865,0,631,0,2092,0,13586,11,15678,11,0,47,-6,33,6,2416,0,68,50
03-22-21,Greene,7411,8,5883,6,1528,2,6573,6,46543,38,53116,44,0,149,3,72,5,7190,0,178,149
03-22-21,Grundy,1731,2,1450,2,281,0,1662,2,8528,7,10190,9,0,30,-1,10,3,1691,0,55,30
03-22-21,Hamblen,8263,11,5822,2,2441,9,6541,4,44827,28,51368,32,1,170,1,114,9,7979,1,253,169
03-22-21,Hamilton,41833,100,36149,86,5684,14,40433,89,306749,398,347182,487,3,471,14,570,83,40792,3,1110,473
03-22-21,Hancock,519,1,367,0,152,1,391,0,3750,0,4141,0,0,12,0,8,1,499,0,20,12
03-22-21,Hardeman,3408,0,2762,0,646,0,3229,0,24288,7,27517,7,0,63,0,6,0,3339,0,101,63
03-22-21,Hardin,3375,7,2303,1,1072,6,2745,1,22646,9,25391,10,1,65,0,45,6,3265,0,63,65
03-22-21,Hawkins,5457,7,4459,3,998,4,4802,4,33019,42,37821,46,0,102,0,112,7,5243,0,143,103
03-22-21,Haywood,2656,0,2230,0,426,0,2543,0,13316,6,15859,6,0,60,-2,2,2,2594,0,81,60
03-22-21,Henderson,3648,1,2547,0,1101,1,3192,0,15743,7,18935,7,0,74,-2,10,3,3564,0,76,74
03-22-21,Henry,3051,1,2376,0,675,1,2745,0,17407,12,20152,12,-1,75,1,14,1,2962,0,74,75
03-22-21,Hickman,2728,3,2203,2,525,1,2546,2,15895,31,18441,33,0,43,-3,31,6,2654,0,55,44
03-22-21,Houston,1053,0,794,0,259,0,906,0,9250,2,10156,2,0,33,-1,6,1,1014,0,39,33
03-22-21,Humphreys,1597,4,1042,3,555,1,1217,3,11191,20,12408,23,0,21,0,19,4,1557,0,31,21
03-22-21,Jackson,1274,4,998,2,276,2,1166,2,5320,1,6486,3,0,35,4,19,0,1220,0,39,35
03-22-21,Jefferson,5866,14,4069,9,1797,5,4603,7,37437,32,42040,39,0,121,-2,81,16,5664,1,179,120
03-22-21,Johnson,2208,6,1965,0,243,6,2090,0,14684,11,16774,11,0,38,5,26,1,2144,0,58,38
03-22-21,Knox,48086,116,40546,78,7540,38,44368,82,310980,520,355348,602,2,604,34,571,80,46911,1,1317,604
03-22-21,Lake,1680,0,1494,0,186,0,1762,1,9752,2,11514,3,0,26,-1,-2,1,1656,0,25,26
03-22-21,Lauderdale,3099,1,2418,0,681,1,2777,0,20375,19,23152,19,0,44,1,3,0,3052,0,82,43
03-22-21,Lawrence,5632,9,4407,5,1225,4,4860,5,28274,49,33134,54,0,86,8,44,1,5502,0,143,86
03-22-21,Lewis,1501,2,1151,0,350,2,1246,0,9748,6,10994,6,0,25,2,19,0,1457,0,41,25
03-22-21,Lincoln,4192,6,3265,3,927,3,3712,2,17072,7,20784,9,0,62,3,30,3,4100,1,81,60
03-22-21,Loudon,5870,6,4551,3,1319,3,4979,5,30204,38,35183,43,0,68,-1,58,7,5744,1,133,69
03-22-21,Macon,3436,4,2693,2,743,2,3168,2,15547,34,18715,36,0,74,3,42,1,3320,1,119,74
03-22-21,Madison,10312,21,5779,6,4533,15,7037,6,53103,26,60140,32,0,236,16,-563,5,10639,0,336,238
03-22-21,Marion,3026,2,2585,1,441,1,2884,1,18286,10,21170,11,0,45,-2,25,4,2956,1,110,46
03-22-21,Marshall,3989,6,3183,0,806,6,3597,0,22378,16,25975,16,0,57,-1,53,7,3879,0,86,57
03-22-21,Maury,12521,19,11079,8,1442,11,12244,12,70672,83,82916,95,0,162,3,89,16,12270,1,282,161
03-22-21,McMinn,6110,12,5445,9,665,3,6012,10,41196,50,47208,60,0,94,2,91,10,5925,0,150,96
03-22-21,McNairy,2716,2,1930,0,786,2,2348,0,17700,9,20048,9,0,53,1,-7,1,2670,0,63,54
03-22-21,Meigs,1295,2,1172,2,123,0,1301,2,7770,15,9071,17,0,23,-2,11,4,1261,0,40,23
03-22-21,Monroe,5508,6,4365,1,1143,5,4904,1,26177,47,31081,48,0,93,-2,67,8,5348,0,149,94
03-22-21,Montgomery,18033,37,13218,19,4815,18,14545,19,108125,140,122670,159,1,215,-14,-68,50,17886,0,298,221
03-22-21,Moore,963,1,745,0,218,1,842,0,4682,3,5524,3,0,17,1,16,0,930,0,16,17
03-22-21,Morgan,2355,2,1752,0,603,2,1903,0,14795,6,16698,6,0,38,0,23,2,2294,0,38,39
03-22-21,Obion,4409,3,3278,2,1131,1,3712,2,21814,25,25526,27,0,95,1,25,2,4289,0,99,96
03-22-21,Out of State,16729,18,13362,14,3367,4,15095,19,601344,1036,616439,1055,1,104,-4,199,21,16426,0,202,96
03-22-21,Overton,2907,4,2189,1,718,3,2577,2,14571,4,17148,6,0,58,1,25,3,2824,0,63,60
03-22-21,Pending,15764,13,10171,7,5593,6,11307,9,389542,636,400849,645,0,129,-19,75,32,15560,0,136,130
03-22-21,Perry,1049,1,902,0,147,1,1016,0,5974,3,6990,3,0,28,1,7,0,1014,0,28,28
03-22-21,Pickett,746,0,493,0,253,0,595,0,3812,2,4407,2,0,23,0,3,0,720,0,28,24
03-22-21,Polk,1873,1,1690,1,183,0,1870,1,9033,12,10903,13,0,24,-4,53,5,1796,0,73,24
03-22-21,Putnam,10854,27,8878,12,1976,15,10642,12,69050,31,79692,43,1,173,0,124,26,10557,0,204,173
03-22-21,Rhea,4215,4,3654,2,561,2,4090,2,25751,15,29841,17,0,75,-2,22,6,4118,0,82,75
03-22-21,Roane,6034,0,4700,0,1334,0,5240,0,41710,57,46950,57,0,97,-7,25,7,5912,0,143,101
03-22-21,Robertson,9227,16,7296,4,1931,12,8223,5,41827,48,50050,53,1,125,6,118,9,8984,0,413,126
03-22-21,Rutherford,40095,71,34519,60,5576,11,40149,65,224595,279,264744,344,2,400,-24,647,93,39048,4,579,407
03-22-21,Scott,2955,8,1659,1,1296,7,1773,1,11100,12,12873,13,0,44,5,57,3,2854,0,61,44
03-22-21,Sequatchie,1608,1,1273,1,335,0,1390,1,11522,2,12912,3,-1,26,-4,22,6,1560,0,37,27
03-22-21,Sevier,12615,37,10948,21,1667,16,12047,25,64102,138,76149,163,1,168,15,307,21,12140,0,272,172
03-22-21,Shelby,89373,76,83047,59,6326,17,102419,86,921473,1749,1023892,1835,2,1538,-13,917,87,86918,4,3456,1571
03-22-21,Smith,2641,7,2006,1,635,6,2517,1,13031,11,15548,12,0,36,1,47,6,2558,0,57,37
03-22-21,Stewart,1264,0,956,0,308,0,1083,0,6650,10,7733,10,1,26,-3,1,2,1237,0,24,26
03-22-21,Sullivan,15069,52,13098,38,1971,14,14132,38,84355,167,98487,205,1,280,-3,358,54,14431,1,724,281
03-22-21,Sumner,22149,45,19702,30,2447,15,22297,34,115508,137,137805,171,3,330,6,235,36,21584,0,695,333
03-22-21,Tipton,7056,4,4915,0,2141,4,5949,2,45715,80,51664,82,0,104,-4,47,8,6905,0,147,99
03-22-21,Trousdale,2436,3,2298,2,138,1,2460,2,8909,3,11369,5,0,22,-2,23,5,2391,0,40,22
03-22-21,Unicoi,1848,1,1431,0,417,1,1578,0,12819,12,14397,12,1,48,-1,30,1,1770,0,65,49
03-22-21,Union,1810,2,1534,1,276,1,1653,1,10162,7,11815,8,0,34,-2,33,4,1743,0,56,34
03-22-21,Van Buren,812,1,676,1,136,0,746,2,5214,2,5960,4,1,21,-1,8,1,783,0,20,21
03-22-21,Warren,5377,2,4593,1,784,1,5216,1,31881,30,37097,31,0,80,-1,37,3,5260,0,82,81
03-22-21,Washington,13135,22,11296,11,1839,11,12475,14,79862,70,92337,84,0,236,1,232,21,12667,1,341,235
03-22-21,Wayne,2917,2,2354,1,563,1,2589,1,11083,13,13672,14,0,33,-2,23,4,2861,1,61,33
03-22-21,Weakley,3869,9,2887,2,982,7,3311,3,21139,10,24450,13,0,60,7,53,2,3756,1,63,60
03-22-21,White,3444,7,2836,2,608,5,3469,2,22233,21,25702,23,1,68,0,29,6,3347,1,107,68
03-22-21,Williamson,26182,48,22176,32,4006,16,24613,37,175847,229,200460,266,0,210,3,280,45,25692,0,286,212
03-22-21,Wilson,17260,35,15532,30,1728,5,17689,32,98655,183,116344,215,2,216,-15,159,48,16885,0,328,218
03-21-21,Anderson,8329,10,6265,6,2064,4,7029,6,60363,64,67392,70,0,160,-5,187,15,7982,0,205,166
03-21-21,Bedford,6059,10,4843,9,1216,1,5575,9,30365,38,35940,47,0,123,3,177,7,5759,0,129,122
03-21-21,Benton,1540,2,1234,0,306,2,1364,0,8760,7,10124,7,0,39,-1,23,3,1478,0,35,40
03-21-21,Bledsoe,2052,4,1867,4,185,0,1982,4,15024,95,17006,99,0,10,4,23,0,2019,0,32,11
03-21-21,Blount,14515,18,12446,16,2069,2,13718,18,70648,109,84366,127,0,189,-1,111,19,14215,0,328,191
03-21-21,Bradley,13718,18,11313,10,2405,8,12813,11,63011,70,75824,81,0,142,-14,415,32,13161,0,575,143
03-21-21,Campbell,3952,3,2209,2,1743,1,2484,2,24383,13,26867,15,0,59,-2,67,5,3826,0,117,61
03-21-21,Cannon,1834,2,1478,2,356,0,1648,2,8940,10,10588,12,0,31,1,40,1,1763,0,37,31
03-21-21,Carroll,3505,2,2310,2,1195,0,2741,4,19130,12,21871,16,0,81,2,8,0,3416,0,78,82
03-21-21,Carter,6088,8,5326,5,762,3,5848,6,36088,31,41936,37,0,155,7,71,1,5862,0,220,154
03-21-21,Cheatham,4158,9,3226,7,932,2,3650,7,26057,32,29707,39,0,47,1,133,8,3978,0,86,48
03-21-21,Chester,2052,0,1485,0,567,0,1771,0,11552,4,13323,4,0,48,-2,14,2,1990,0,39,48
03-21-21,Claiborne,2926,3,1890,1,1036,2,2025,1,23275,13,25300,14,0,71,-2,43,5,2812,0,91,72
03-21-21,Clay,1074,0,742,0,332,0,855,0,5479,1,6334,1,0,31,-1,0,1,1043,0,24,30
03-21-21,Cocke,4254,8,2835,6,1419,2,3133,6,20933,41,24066,47,0,96,1,164,7,3994,1,113,97
03-21-21,Coffee,6599,2,4600,1,1999,1,5626,1,44235,23,49861,24,0,117,-4,130,6,6352,0,120,117
03-21-21,Crockett,1973,1,1184,1,789,0,1383,1,7136,2,8519,3,0,48,1,-13,0,1938,0,30,48
03-21-21,Cumberland,6258,8,5225,4,1033,4,5986,3,47196,33,53182,36,0,123,2,104,6,6031,0,151,126
03-21-21,Davidson,83970,80,78915,60,5055,20,95917,64,917833,2100,1013750,2164,0,880,11,1144,69,81946,1,1903,895
03-21-21,Decatur,1554,0,1158,0,396,0,1375,0,10791,4,12166,4,0,37,-1,8,1,1509,0,39,38
03-21-21,Dekalb,2707,1,2009,1,698,0,2325,1,16484,12,18809,13,0,52,0,19,1,2636,0,55,52
03-21-21,Dickson,6418,0,4622,0,1796,0,5474,0,33795,32,39269,32,0,107,-6,57,6,6254,0,117,107
03-21-21,Dyer,5286,0,3496,0,1790,0,3945,0,21215,3,25160,3,0,103,-3,27,3,5156,0,106,103
03-21-21,Fayette,4740,1,4085,0,655,1,5023,0,36097,42,41120,42,0,75,-2,46,3,4619,0,125,74
03-21-21,Fentress,2336,2,2025,1,311,1,2313,1,12690,1,15003,2,0,45,2,19,0,2272,0,61,45
03-21-21,Franklin,4911,6,4109,6,802,0,4820,7,35877,30,40697,37,0,87,-4,106,10,4718,0,105,87
03-21-21,Gibson,6225,1,3766,1,2459,0,4570,2,28570,23,33140,25,0,141,0,25,1,6059,0,106,142
03-21-21,Giles,3800,6,3169,6,631,0,3639,5,22194,16,25833,21,0,98,3,29,3,3673,0,110,98
03-21-21,Grainger,2496,0,1865,0,631,0,2092,0,13575,6,15667,6,0,47,-2,39,2,2410,0,68,49
03-21-21,Greene,7403,6,5877,5,1526,1,6567,5,46505,89,53072,94,0,149,0,69,6,7185,0,178,149
03-21-21,Grundy,1729,2,1448,1,281,1,1660,1,8521,14,10181,15,0,30,1,11,1,1688,0,55,30
03-21-21,Hamblen,8252,11,5820,8,2432,3,6537,5,44799,34,51336,39,0,169,5,113,6,7970,0,252,169
03-21-21,Hamilton,41733,31,36063,21,5670,10,40344,32,306351,165,346695,197,0,468,-19,556,50,40709,0,1107,473
03-21-21,Hancock,518,0,367,0,151,0,391,0,3750,1,4141,1,0,12,0,8,0,498,0,20,12
03-21-21,Hardeman,3408,1,2762,1,646,0,3229,1,24281,18,27510,19,0,63,1,6,0,3339,0,101,63
03-21-21,Hardin,3368,0,2302,0,1066,0,2744,2,22637,18,25381,20,0,64,-1,45,1,3259,0,63,65
03-21-21,Hawkins,5450,5,4456,3,994,2,4798,4,32977,39,37775,43,0,102,-5,112,10,5236,0,143,103
03-21-21,Haywood,2656,0,2230,0,426,0,2543,0,13310,5,15853,5,0,60,0,4,0,2592,0,81,60
03-21-21,Henderson,3647,1,2547,1,1100,0,3192,0,15736,7,18928,7,0,74,1,12,0,3561,0,76,74
03-21-21,Henry,3050,0,2376,0,674,0,2745,0,17395,5,20140,5,0,76,-1,13,1,2961,0,74,75
03-21-21,Hickman,2725,2,2201,2,524,0,2544,2,15864,34,18408,36,0,43,-2,34,4,2648,0,55,44
03-21-21,Houston,1053,0,794,0,259,0,906,0,9248,5,10154,5,0,33,0,7,0,1013,0,39,33
03-21-21,Humphreys,1593,2,1039,1,554,1,1214,2,11171,10,12385,12,0,21,2,19,0,1553,0,31,21
03-21-21,Jackson,1270,1,996,1,274,0,1164,1,5319,6,6483,7,0,35,1,15,0,1220,0,39,35
03-21-21,Jefferson,5852,3,4060,0,1792,3,4596,2,37405,40,42001,42,0,121,-3,83,6,5648,0,178,120
03-21-21,Johnson,2202,3,1965,3,237,0,2090,3,14673,11,16763,14,0,38,3,21,0,2143,0,58,38
03-21-21,Knox,47970,50,40468,32,7502,18,44286,33,310460,336,354746,369,0,602,4,537,46,46831,1,1316,604
03-21-21,Lake,1680,0,1494,0,186,0,1761,0,9750,2,11511,2,0,26,0,-1,0,1655,0,25,26
03-21-21,Lauderdale,3098,0,2418,0,680,0,2777,0,20356,10,23133,10,0,44,0,2,0,3052,0,82,43
03-21-21,Lawrence,5623,2,4402,2,1221,0,4855,2,28225,19,33080,21,0,86,1,36,1,5501,0,143,86
03-21-21,Lewis,1499,0,1151,0,348,0,1246,0,9742,7,10988,7,0,25,-1,17,1,1457,0,41,25
03-21-21,Lincoln,4186,2,3262,0,924,2,3710,0,17065,6,20775,6,0,62,0,27,2,4097,0,80,60
03-21-21,Loudon,5864,11,4548,7,1316,4,4974,6,30166,25,35140,31,0,68,2,59,9,5737,0,132,69
03-21-21,Macon,3432,1,2691,1,741,0,3166,1,15513,4,18679,5,0,74,0,39,1,3319,0,118,74
03-21-21,Madison,10291,4,5773,4,4518,0,7031,5,53077,39,60108,44,0,236,2,-579,2,10634,0,336,237
03-21-21,Marion,3024,1,2584,1,440,0,2883,1,18276,13,21159,14,0,45,-3,27,4,2952,0,109,46
03-21-21,Marshall,3983,4,3183,2,800,2,3597,1,22362,16,25959,17,0,57,3,54,1,3872,0,86,57
03-21-21,Maury,12502,13,11071,12,1431,1,12232,10,70589,74,82821,84,0,162,-6,86,19,12254,0,281,161
03-21-21,McMinn,6098,6,5436,3,662,3,6002,3,41146,54,47148,57,0,94,2,89,4,5915,0,150,96
03-21-21,McNairy,2714,1,1930,1,784,0,2348,1,17691,5,20039,6,0,53,0,-8,1,2669,0,63,54
03-21-21,Meigs,1293,1,1170,1,123,0,1299,1,7755,8,9054,9,0,23,0,13,1,1257,1,40,23
03-21-21,Monroe,5502,3,4364,3,1138,0,4903,2,26130,36,31033,38,0,93,-3,69,6,5340,0,149,94
03-21-21,Montgomery,17996,15,13199,12,4797,3,14526,15,107985,141,122511,156,0,214,1,-54,14,17836,0,298,221
03-21-21,Moore,962,0,745,0,217,0,842,0,4679,0,5521,0,0,17,0,15,0,930,0,16,17
03-21-21,Morgan,2353,5,1752,3,601,2,1903,3,14789,30,16692,33,0,38,2,23,3,2292,0,38,39
03-21-21,Obion,4406,1,3276,1,1130,0,3710,1,21789,16,25499,17,0,95,-1,24,2,4287,0,99,96
03-21-21,Out of State,16711,11,13348,10,3363,1,15076,10,600308,601,615384,611,0,103,-1,203,12,16405,0,202,96
03-21-21,Overton,2903,1,2188,0,715,1,2575,0,14567,6,17142,6,0,58,-2,24,3,2821,0,63,60
03-21-21,Pending,15751,10,10164,6,5587,4,11298,9,388906,519,400204,528,0,129,-4,94,14,15528,0,136,130
03-21-21,Perry,1048,2,902,2,146,0,1016,2,5971,8,6987,10,0,28,2,6,0,1014,0,28,28
03-21-21,Pickett,746,0,493,0,253,0,595,0,3810,0,4405,0,0,23,0,3,0,720,0,28,24
03-21-21,Polk,1872,1,1689,1,183,0,1869,1,9021,11,10890,12,0,24,-1,57,2,1791,0,73,24
03-21-21,Putnam,10827,3,8866,1,1961,2,10630,0,69019,41,79649,41,0,172,-1,124,4,10531,0,204,173
03-21-21,Rhea,4211,3,3652,2,559,1,4088,2,25736,10,29824,12,0,75,-2,24,5,4112,0,82,75
03-21-21,Roane,6034,1,4700,1,1334,0,5240,2,41653,62,46893,64,0,97,-3,32,4,5905,0,143,101
03-21-21,Robertson,9211,9,7292,8,1919,1,8218,9,41779,53,49997,62,0,124,0,112,9,8975,0,413,126
03-21-21,Rutherford,40024,54,34459,41,5565,13,40084,47,224316,288,264400,335,0,398,-13,671,67,38955,0,575,407
03-21-21,Scott,2947,1,1658,0,1289,1,1772,0,11088,6,12860,6,0,44,-2,52,3,2851,0,61,44
03-21-21,Sequatchie,1607,1,1272,1,335,0,1389,1,11520,8,12909,9,0,27,1,26,0,1554,0,37,27
03-21-21,Sevier,12578,15,10927,11,1651,4,12022,10,63964,74,75986,84,0,167,-8,292,23,12119,1,272,170
03-21-21,Shelby,89297,94,82988,73,6309,21,102333,92,919724,1231,1022057,1323,0,1536,22,930,72,86831,2,3452,1570
03-21-21,Smith,2634,1,2005,1,629,0,2516,1,13020,13,15536,14,0,36,0,46,1,2552,0,57,37
03-21-21,Stewart,1264,1,956,1,308,0,1083,1,6640,5,7723,6,0,25,-1,4,2,1235,0,24,26
03-21-21,Sullivan,15017,27,13060,21,1957,6,14094,25,84188,181,98282,206,0,279,16,361,11,14377,0,723,281
03-21-21,Sumner,22104,16,19672,10,2432,6,22263,12,115371,131,137634,143,0,327,-9,229,25,21548,0,695,332
03-21-21,Tipton,7052,9,4915,6,2137,3,5947,7,45635,27,51582,34,0,104,3,51,6,6897,0,147,99
03-21-21,Trousdale,2433,1,2296,1,137,0,2458,1,8906,15,11364,16,0,22,1,25,0,2386,0,40,22
03-21-21,Unicoi,1847,2,1431,2,416,0,1578,2,12807,8,14385,10,0,47,2,31,0,1769,0,65,49
03-21-21,Union,1808,4,1533,1,275,3,1652,1,10155,6,11807,7,0,34,4,35,0,1739,0,56,34
03-21-21,Van Buren,811,0,675,0,136,0,744,0,5212,1,5956,1,0,20,0,9,0,782,0,20,21
03-21-21,Warren,5375,3,4592,1,783,2,5215,1,31851,22,37066,23,0,80,2,38,1,5257,0,82,81
03-21-21,Washington,13113,11,11285,11,1828,0,12461,11,79792,103,92253,114,0,236,-2,231,13,12646,0,340,235
03-21-21,Wayne,2915,0,2353,0,562,0,2588,0,11070,23,13658,23,0,33,-1,25,1,2857,0,60,33
03-21-21,Weakley,3860,7,2885,5,975,2,3308,5,21129,13,24437,18,0,60,1,46,6,3754,0,62,60
03-21-21,White,3437,2,2834,1,603,1,3467,1,22212,16,25679,17,0,67,1,29,1,3341,0,106,68
03-21-21,Williamson,26134,44,22144,36,3990,8,24576,36,175618,242,200194,278,0,210,24,277,20,25647,0,286,211
03-21-21,Wilson,17225,30,15502,25,1723,5,17657,26,98472,327,116129,353,0,214,-4,174,34,16837,0,328,218
03-20-21,Anderson,8319,12,6259,5,2060,7,7023,7,60299,37,67322,44,0,160,3,192,9,7967,1,205,166
03-20-21,Bedford,6049,11,4834,11,1215,0,5566,11,30327,56,35893,67,0,123,1,174,10,5752,0,129,122
03-20-21,Benton,1538,2,1234,0,304,2,1364,0,8753,4,10117,4,0,39,1,24,1,1475,0,35,40
03-20-21,Bledsoe,2048,0,1863,0,185,0,1978,0,14929,14,16907,14,0,10,-1,19,1,2019,0,32,11
03-20-21,Blount,14497,13,12430,9,2067,4,13700,12,70539,101,84239,113,0,189,-6,112,19,14196,1,328,189
03-20-21,Bradley,13700,20,11303,10,2397,10,12802,15,62941,130,75743,145,0,142,3,429,17,13129,1,575,143
03-20-21,Campbell,3949,5,2207,1,1742,4,2482,1,24370,19,26852,20,0,59,0,69,5,3821,0,117,61
03-20-21,Cannon,1832,3,1476,3,356,0,1646,3,8930,13,10576,16,0,31,2,39,1,1762,0,37,31
03-20-21,Carroll,3503,0,2308,0,1195,0,2737,0,19118,10,21855,10,0,81,-2,6,2,3416,0,78,82
03-20-21,Carter,6080,5,5321,5,759,0,5842,5,36057,39,41899,44,0,155,2,64,3,5861,1,220,154
03-20-21,Cheatham,4149,3,3219,1,930,2,3643,1,26025,27,29668,28,0,47,-3,132,6,3970,0,86,48
03-20-21,Chester,2052,1,1485,0,567,1,1771,0,11548,5,13319,5,0,48,0,16,1,1988,0,39,48
03-20-21,Claiborne,2923,1,1889,1,1034,0,2024,1,23262,19,25286,20,0,71,-1,45,2,2807,0,91,72
03-20-21,Clay,1074,0,742,0,332,0,855,0,5478,4,6333,4,0,31,0,1,0,1042,0,24,30
03-20-21,Cocke,4246,3,2829,3,1417,0,3127,3,20892,38,24019,41,0,96,-3,163,6,3987,0,112,97
03-20-21,Coffee,6597,12,4599,12,1998,0,5625,12,44212,49,49837,61,0,117,2,134,10,6346,0,120,117
03-20-21,Crockett,1972,0,1183,0,789,0,1382,0,7134,9,8516,9,0,48,0,-14,0,1938,0,30,48
03-20-21,Cumberland,6250,9,5221,6,1029,3,5983,6,47163,35,53146,41,0,123,7,102,2,6025,0,151,126
03-20-21,Davidson,83890,91,78855,74,5035,17,95853,79,915733,1252,1011586,1331,-1,880,10,1133,82,81877,1,1902,895
03-20-21,Decatur,1554,0,1158,0,396,0,1375,0,10787,5,12162,5,0,37,0,9,0,1508,0,39,38
03-20-21,Dekalb,2706,3,2008,1,698,2,2324,1,16472,16,18796,17,0,52,0,19,3,2635,0,55,52
03-20-21,Dickson,6418,5,4622,0,1796,5,5474,0,33763,25,39237,25,0,107,1,63,4,6248,0,117,107
03-20-21,Dyer,5286,1,3496,1,1790,0,3945,1,21212,14,25157,15,0,103,-2,30,3,5153,0,106,103
03-20-21,Fayette,4739,1,4085,0,654,1,5023,4,36055,73,41078,77,0,75,0,48,1,4616,0,125,74
03-20-21,Fentress,2334,1,2024,0,310,1,2312,1,12689,29,15001,30,0,45,1,17,0,2272,0,61,45
03-20-21,Franklin,4905,4,4103,3,802,1,4813,3,35847,22,40660,25,0,87,0,110,4,4708,0,105,87
03-20-21,Gibson,6224,0,3765,0,2459,0,4568,0,28547,32,33115,32,0,141,-3,25,3,6058,0,106,142
03-20-21,Giles,3794,0,3163,0,631,0,3634,0,22178,18,25812,18,0,98,-2,26,2,3670,0,110,98
03-20-21,Grainger,2496,3,1865,1,631,2,2092,1,13569,10,15661,11,0,47,1,41,2,2408,1,68,49
03-20-21,Greene,7397,1,5872,1,1525,0,6562,1,46416,81,52978,82,0,149,-4,69,5,7179,0,178,149
03-20-21,Grundy,1727,0,1447,0,280,0,1659,0,8507,5,10166,5,0,30,-2,10,2,1687,0,55,30
03-20-21,Hamblen,8241,6,5812,1,2429,5,6532,1,44765,37,51297,38,0,169,0,108,6,7964,0,252,168
03-20-21,Hamilton,41702,43,36042,25,5660,18,40312,29,306186,331,346498,360,-1,468,-20,575,64,40659,0,1107,473
03-20-21,Hancock,518,2,367,1,151,1,391,1,3749,2,4140,3,0,12,0,8,2,498,0,20,12
03-20-21,Hardeman,3407,0,2761,0,646,0,3228,0,24263,24,27491,24,0,63,-1,5,1,3339,0,101,63
03-20-21,Hardin,3368,3,2302,2,1066,1,2742,2,22619,29,25361,31,0,64,1,46,2,3258,1,63,64
03-20-21,Hawkins,5445,6,4453,5,992,1,4794,5,32938,97,37732,102,0,102,-6,117,12,5226,0,143,103
03-20-21,Haywood,2656,0,2230,0,426,0,2543,0,13305,6,15848,6,0,60,0,4,0,2592,0,81,60
03-20-21,Henderson,3646,1,2546,0,1100,1,3192,0,15729,16,18921,16,0,74,1,11,0,3561,0,76,74
03-20-21,Henry,3050,4,2376,2,674,2,2745,2,17390,7,20135,9,0,76,4,14,0,2960,0,74,75
03-20-21,Hickman,2723,2,2199,2,524,0,2542,2,15830,20,18372,22,0,43,0,36,2,2644,0,55,43
03-20-21,Houston,1053,1,794,0,259,1,906,0,9243,5,10149,5,0,33,1,7,0,1013,0,39,33
03-20-21,Humphreys,1591,1,1038,1,553,0,1212,1,11161,5,12373,6,0,21,-1,17,2,1553,0,31,21
03-20-21,Jackson,1269,1,995,1,274,0,1163,1,5313,1,6476,2,0,35,1,14,0,1220,0,39,35
03-20-21,Jefferson,5849,6,4060,3,1789,3,4594,1,37365,50,41959,51,0,121,-1,86,7,5642,1,178,120
03-20-21,Johnson,2199,3,1962,3,237,0,2087,3,14662,26,16749,29,0,38,2,18,1,2143,0,58,38
03-20-21,Knox,47920,59,40436,29,7484,30,44253,32,310124,308,354377,340,0,602,4,533,55,46785,4,1315,603
03-20-21,Lake,1680,0,1494,0,186,0,1761,0,9748,6,11509,6,0,26,0,-1,0,1655,0,25,26
03-20-21,Lauderdale,3098,0,2418,0,680,0,2777,0,20346,25,23123,25,0,44,-1,2,1,3052,0,82,43
03-20-21,Lawrence,5621,3,4400,2,1221,1,4853,2,28206,28,33059,30,0,86,1,35,2,5500,0,143,86
03-20-21,Lewis,1499,3,1151,0,348,3,1246,1,9735,9,10981,10,0,25,2,18,1,1456,0,41,25
03-20-21,Lincoln,4184,6,3262,2,922,4,3710,2,17059,23,20769,25,0,62,6,27,0,4095,0,80,60
03-20-21,Loudon,5853,5,4541,2,1312,3,4968,2,30141,26,35109,28,0,68,-3,57,8,5728,0,132,69
03-20-21,Macon,3431,2,2690,1,741,1,3165,0,15509,26,18674,26,0,74,0,39,2,3318,0,118,74
03-20-21,Madison,10287,6,5769,4,4518,2,7026,4,53038,40,60064,44,0,236,-1,-581,7,10632,0,336,237
03-20-21,Marion,3023,2,2583,2,440,0,2882,2,18263,52,21145,54,0,45,1,30,1,2948,0,109,46
03-20-21,Marshall,3979,4,3181,2,798,2,3596,3,22346,24,25942,27,0,57,-1,51,5,3871,0,86,57
03-20-21,Maury,12489,10,11059,10,1430,0,12222,10,70515,79,82737,89,0,162,-2,92,12,12235,0,281,161
03-20-21,McMinn,6092,1,5433,1,659,0,5999,1,41092,56,47091,57,0,94,-3,87,4,5911,1,150,96
03-20-21,McNairy,2713,0,1929,0,784,0,2347,0,17686,17,20033,17,0,53,0,-8,0,2668,0,63,54
03-20-21,Meigs,1292,0,1169,0,123,0,1298,0,7747,7,9045,7,0,23,-2,13,2,1256,0,39,23
03-20-21,Monroe,5499,1,4361,1,1138,0,4901,1,26094,20,30995,21,0,93,-4,72,5,5334,0,149,94
03-20-21,Montgomery,17981,25,13187,17,4794,8,14511,18,107844,166,122355,184,0,214,8,-55,17,17822,0,298,221
03-20-21,Moore,962,3,745,2,217,1,842,2,4679,3,5521,5,0,17,2,15,1,930,0,16,17
03-20-21,Morgan,2348,5,1749,3,599,2,1900,3,14759,14,16659,17,0,38,4,21,1,2289,0,38,39
03-20-21,Obion,4405,4,3275,3,1130,1,3709,3,21773,24,25482,27,0,95,1,25,3,4285,0,99,96
03-20-21,Out of State,16700,14,13338,13,3362,1,15066,15,599707,976,614773,991,0,103,-1,204,15,16393,0,202,96
03-20-21,Overton,2902,1,2188,1,714,0,2575,1,14561,17,17136,18,0,58,-2,26,3,2818,0,63,60
03-20-21,Pending,15741,9,10158,3,5583,6,11289,4,388387,512,399676,516,0,129,-7,98,16,15514,1,136,130
03-20-21,Perry,1046,0,900,0,146,0,1014,0,5963,6,6977,6,0,28,0,4,0,1014,0,28,28
03-20-21,Pickett,746,0,493,0,253,0,595,0,3810,3,4405,3,0,23,0,3,0,720,0,28,24
03-20-21,Polk,1871,0,1688,0,183,0,1868,1,9010,21,10878,22,0,24,-4,58,4,1789,0,73,24
03-20-21,Putnam,10824,4,8865,2,1959,2,10630,2,68978,73,79608,75,0,172,-11,125,15,10527,0,204,173
03-20-21,Rhea,4208,1,3650,0,558,1,4086,0,25726,19,29812,19,0,75,-4,26,5,4107,0,82,75
03-20-21,Roane,6033,1,4699,0,1334,1,5238,0,41591,22,46829,22,0,97,-2,35,3,5901,0,143,100
03-20-21,Robertson,9202,8,7284,6,1918,2,8209,8,41726,37,49935,45,0,124,-3,112,11,8966,0,413,126
03-20-21,Rutherford,39970,59,34418,37,5552,22,40037,35,224028,404,264065,439,0,398,16,684,43,38888,0,575,406
03-20-21,Scott,2946,1,1658,1,1288,0,1772,1,11082,12,12854,13,0,44,0,54,1,2848,0,61,44
03-20-21,Sequatchie,1606,1,1271,1,335,0,1388,1,11512,16,12900,17,1,27,-4,25,4,1554,0,37,27
03-20-21,Sevier,12563,8,10916,6,1647,2,12012,5,63890,92,75902,97,1,167,-13,300,20,12096,0,271,169
03-20-21,Shelby,89203,91,82915,75,6288,16,102241,83,918493,1940,1020734,2023,0,1536,30,908,61,86759,1,3450,1567
03-20-21,Smith,2633,0,2004,0,629,0,2515,0,13007,69,15522,69,0,36,-4,46,4,2551,0,57,37
03-20-21,Stewart,1263,1,955,1,308,0,1082,1,6635,12,7717,13,0,25,0,5,1,1233,0,24,26
03-20-21,Sullivan,14990,27,13039,21,1951,6,14069,19,84007,238,98076,257,0,279,12,345,15,14366,0,723,281
03-20-21,Sumner,22088,21,19662,17,2426,4,22251,14,115240,194,137491,208,0,327,1,238,20,21523,2,695,332
03-20-21,Tipton,7043,3,4909,2,2134,1,5940,3,45608,59,51548,62,0,104,-1,48,4,6891,0,147,99
03-20-21,Trousdale,2432,1,2295,1,137,0,2457,1,8891,13,11348,14,0,22,0,24,1,2386,0,40,22
03-20-21,Unicoi,1845,2,1429,2,416,0,1576,1,12799,16,14375,17,0,47,1,29,1,1769,0,65,49
03-20-21,Union,1804,6,1532,2,272,4,1651,2,10149,15,11800,17,0,34,6,31,0,1739,0,56,34
03-20-21,Van Buren,811,1,675,1,136,0,744,1,5211,4,5955,5,0,20,0,9,1,782,0,20,21
03-20-21,Warren,5372,0,4591,0,781,0,5214,0,31829,38,37043,38,1,80,-7,36,6,5256,0,82,81
03-20-21,Washington,13102,16,11274,16,1828,0,12450,19,79689,118,92139,137,1,236,0,233,15,12633,0,340,235
03-20-21,Wayne,2915,1,2353,1,562,0,2588,1,11047,10,13635,11,2,33,-2,26,1,2856,0,60,33
03-20-21,Weakley,3853,2,2880,1,973,1,3303,1,21116,13,24419,14,0,60,0,45,2,3748,0,62,60
03-20-21,White,3435,2,2833,1,602,1,3466,1,22196,24,25662,25,0,67,0,28,2,3340,0,106,68
03-20-21,Williamson,26090,26,22108,16,3982,10,24540,16,175376,218,199916,234,0,210,3,253,23,25627,0,286,211
03-20-21,Wilson,17195,19,15477,15,1718,4,17631,16,98145,148,115776,164,0,214,-27,178,46,16803,0,328,217
03-19-21,Anderson,8307,25,6254,15,2053,10,7016,11,60262,119,67278,130,0,160,13,189,12,7958,1,204,166
03-19-21,Bedford,6038,34,4823,16,1215,18,5555,16,30271,98,35826,114,1,123,20,173,13,5742,0,129,122
03-19-21,Benton,1536,2,1234,1,302,1,1364,1,8749,24,10113,25,0,39,2,23,0,1474,0,35,40
03-19-21,Bledsoe,2048,1,1863,0,185,1,1978,0,14915,26,16893,26,0,10,-3,20,4,2018,0,32,11
03-19-21,Blount,14484,54,12421,32,2063,22,13688,35,70438,200,84126,235,3,189,31,118,20,14177,0,327,188
03-19-21,Bradley,13680,47,11293,36,2387,11,12787,42,62811,179,75598,221,0,142,3,426,44,13112,3,574,143
03-19-21,Campbell,3944,6,2206,6,1738,0,2481,6,24351,40,26832,46,0,59,-8,69,14,3816,0,117,61
03-19-21,Cannon,1829,5,1473,4,356,1,1643,4,8917,33,10560,37,0,31,3,37,2,1761,0,37,31
03-19-21,Carroll,3503,1,2308,1,1195,0,2737,1,19108,25,21845,26,0,81,-2,8,3,3414,0,78,82
03-19-21,Carter,6075,11,5316,6,759,5,5837,5,36018,101,41855,106,0,155,5,62,6,5858,1,219,154
03-19-21,Cheatham,4146,22,3218,11,928,11,3642,14,25998,88,29640,102,0,47,9,135,13,3964,0,86,48
03-19-21,Chester,2051,3,1485,0,566,3,1771,0,11543,17,13314,17,0,48,3,16,0,1987,0,39,48
03-19-21,Claiborne,2922,4,1888,3,1034,1,2023,3,23243,98,25266,101,0,71,-5,46,9,2805,0,91,72
03-19-21,Clay,1074,2,742,2,332,0,855,3,5474,6,6329,9,0,31,2,1,0,1042,0,24,30
03-19-21,Cocke,4243,22,2826,8,1417,14,3124,8,20854,96,23978,104,0,96,11,166,11,3981,1,112,97
03-19-21,Coffee,6585,17,4587,10,1998,7,5613,7,44163,82,49776,89,0,117,5,132,12,6336,0,120,117
03-19-21,Crockett,1972,0,1183,0,789,0,1382,0,7125,11,8507,11,0,48,0,-14,0,1938,0,30,48
03-19-21,Cumberland,6241,15,5215,4,1026,11,5977,8,47128,151,53105,159,0,123,11,95,4,6023,1,151,126
03-19-21,Davidson,83799,207,78781,153,5018,54,95774,181,914481,3922,1010255,4103,4,881,57,1123,146,81795,3,1901,895
03-19-21,Decatur,1554,1,1158,0,396,1,1375,0,10782,10,12157,10,0,37,1,9,0,1508,0,39,38
03-19-21,Dekalb,2703,4,2007,1,696,3,2323,3,16456,33,18779,36,0,52,0,19,4,2632,0,55,52
03-19-21,Dickson,6413,19,4622,9,1791,10,5474,10,33738,81,39212,91,0,107,10,62,9,6244,0,117,107
03-19-21,Dyer,5285,5,3495,3,1790,2,3944,4,21198,33,25142,37,0,103,2,32,3,5150,0,106,103
03-19-21,Fayette,4738,9,4085,7,653,2,5019,8,35982,86,41001,94,0,75,7,48,2,4615,1,125,74
03-19-21,Fentress,2333,7,2024,6,309,1,2311,6,12660,158,14971,164,0,45,4,16,3,2272,2,61,45
03-19-21,Franklin,4901,25,4100,14,801,11,4810,13,35825,64,40635,77,0,87,14,110,11,4704,0,105,87
03-19-21,Gibson,6224,4,3765,1,2459,3,4568,1,28515,52,33083,53,0,141,2,28,2,6055,0,106,142
03-19-21,Giles,3794,2,3163,2,631,0,3634,3,22160,44,25794,47,1,98,-3,28,4,3668,0,110,98
03-19-21,Grainger,2493,9,1864,4,629,5,2091,6,13559,57,15650,63,0,47,7,40,2,2406,0,67,49
03-19-21,Greene,7396,19,5871,13,1525,6,6561,13,46335,273,52896,286,0,149,13,73,6,7174,1,178,149
03-19-21,Grundy,1727,2,1447,1,280,1,1659,1,8502,24,10161,25,0,30,-3,12,5,1685,0,55,30
03-19-21,Hamblen,8235,20,5811,6,2424,14,6531,7,44728,98,51259,105,0,169,13,108,7,7958,0,252,168
03-19-21,Hamilton,41659,125,36017,92,5642,33,40283,94,305855,806,346138,900,4,469,53,595,68,40595,2,1107,473
03-19-21,Hancock,516,2,366,1,150,1,390,0,3747,12,4137,12,0,12,1,8,1,496,0,20,12
03-19-21,Hardeman,3407,3,2761,1,646,2,3228,1,24239,32,27467,33,0,63,0,6,3,3338,0,101,63
03-19-21,Hardin,3365,14,2300,7,1065,7,2740,9,22590,50,25330,59,0,64,13,45,1,3256,0,62,64
03-19-21,Hawkins,5439,34,4448,27,991,7,4789,28,32841,171,37630,199,1,102,18,123,15,5214,0,143,103
03-19-21,Haywood,2656,1,2230,1,426,0,2543,1,13299,25,15842,26,0,60,1,4,0,2592,0,81,60
03-19-21,Henderson,3645,2,2546,2,1099,0,3192,2,15713,17,18905,19,0,74,2,10,0,3561,0,76,74
03-19-21,Henry,3046,4,2374,2,672,2,2743,2,17383,32,20126,34,1,76,-1,10,4,2960,0,74,75
03-19-21,Hickman,2721,3,2197,2,524,1,2540,3,15810,36,18350,39,0,43,-1,36,4,2642,0,55,43
03-19-21,Houston,1052,5,794,5,258,0,906,5,9238,13,10144,18,0,33,4,6,1,1013,0,39,33
03-19-21,Humphreys,1590,4,1037,3,553,1,1211,3,11156,19,12367,22,0,21,4,18,0,1551,0,31,21
03-19-21,Jackson,1268,3,994,0,274,3,1162,0,5312,11,6474,11,1,35,1,13,1,1220,0,39,35
03-19-21,Jefferson,5843,11,4057,8,1786,3,4593,8,37315,201,41908,209,0,121,5,87,6,5635,0,177,120
03-19-21,Johnson,2196,4,1959,1,237,3,2084,1,14636,42,16720,43,0,38,2,16,2,2142,0,58,38
03-19-21,Knox,47861,146,40407,102,7454,44,44221,113,309816,954,354037,1067,3,602,48,529,95,46730,2,1311,603
03-19-21,Lake,1680,0,1494,0,186,0,1761,0,9742,12,11503,12,0,26,0,-1,0,1655,0,25,26
03-19-21,Lauderdale,3098,0,2418,0,680,0,2777,0,20321,44,23098,44,0,44,-1,3,1,3051,0,82,43
03-19-21,Lawrence,5618,11,4398,9,1220,2,4851,9,28178,47,33029,56,0,86,7,34,4,5498,0,143,86
03-19-21,Lewis,1496,5,1151,0,345,5,1245,0,9726,5,10971,5,0,25,5,16,0,1455,0,41,25
03-19-21,Lincoln,4178,2,3260,2,918,0,3708,3,17036,29,20744,32,0,62,-2,21,4,4095,0,80,60
03-19-21,Loudon,5848,9,4539,8,1309,1,4966,8,30115,65,35081,73,0,68,6,60,3,5720,0,132,69
03-19-21,Macon,3429,16,2689,6,740,10,3165,6,15483,64,18648,70,0,74,14,39,2,3316,0,118,74
03-19-21,Madison,10281,10,5765,6,4516,4,7022,6,52998,106,60020,112,0,236,2,-580,8,10625,0,336,237
03-19-21,Marion,3021,7,2581,2,440,5,2880,1,18211,34,21091,35,0,45,3,29,4,2947,0,109,46
03-19-21,Marshall,3975,5,3179,0,796,5,3593,0,22322,46,25915,46,0,57,0,52,5,3866,0,86,57
03-19-21,Maury,12479,35,11049,17,1430,18,12212,19,70436,186,82648,205,0,162,18,94,17,12223,1,281,161
03-19-21,McMinn,6091,15,5432,13,659,2,5998,14,41036,187,47034,201,1,94,10,90,4,5907,0,149,96
03-19-21,McNairy,2713,4,1929,0,784,4,2347,1,17669,39,20016,40,0,53,4,-8,0,2668,0,63,54
03-19-21,Meigs,1292,6,1169,5,123,1,1298,5,7740,26,9038,31,0,23,5,15,1,1254,0,39,23
03-19-21,Monroe,5498,7,4360,6,1138,1,4900,8,26074,83,30974,91,1,93,-2,76,8,5329,0,149,94
03-19-21,Montgomery,17956,45,13170,29,4786,16,14493,32,107678,311,122171,343,1,214,12,-63,32,17805,0,298,221
03-19-21,Moore,959,2,743,0,216,2,840,0,4676,3,5516,3,0,17,2,13,0,929,0,16,17
03-19-21,Morgan,2343,2,1746,1,597,1,1897,1,14745,38,16642,39,0,38,-2,17,4,2288,0,38,39
03-19-21,Obion,4401,5,3272,4,1129,1,3706,4,21749,51,25455,55,0,95,4,24,1,4282,1,99,96
03-19-21,Out of State,16686,45,13325,33,3361,12,15051,37,598731,1854,613782,1891,0,103,28,205,17,16378,0,202,96
03-19-21,Overton,2901,6,2187,5,714,1,2574,6,14544,24,17118,30,0,58,3,28,3,2815,0,63,60
03-19-21,Pending,15732,24,10155,8,5577,16,11285,8,387875,1322,399160,1330,1,129,-6,105,29,15498,0,135,130
03-19-21,Perry,1046,1,900,1,146,0,1014,1,5957,5,6971,6,0,28,1,4,0,1014,0,28,28
03-19-21,Pickett,746,0,493,0,253,0,595,0,3807,11,4402,11,0,23,-2,3,2,720,0,28,24
03-19-21,Polk,1871,20,1688,17,183,3,1867,17,8989,29,10856,46,0,24,16,62,4,1785,2,73,24
03-19-21,Putnam,10820,10,8863,8,1957,2,10628,9,68905,219,79533,228,0,172,-9,136,19,10512,0,204,173
03-19-21,Rhea,4207,0,3650,0,557,0,4086,0,25707,30,29793,30,1,75,-3,30,2,4102,0,82,75
03-19-21,Roane,6032,8,4699,3,1333,5,5238,4,41569,84,46807,88,1,97,-1,37,8,5898,0,143,100
03-19-21,Robertson,9194,15,7278,14,1916,1,8201,14,41689,85,49890,99,0,124,4,115,11,8955,2,413,126
03-19-21,Rutherford,39911,117,34381,67,5530,50,40002,76,223624,834,263626,910,0,398,24,668,93,38845,0,575,404
03-19-21,Scott,2945,15,1657,2,1288,13,1771,2,11070,31,12841,33,0,44,13,54,2,2847,0,61,44
03-19-21,Sequatchie,1605,2,1270,1,335,1,1387,1,11496,24,12883,25,-1,26,0,29,3,1550,0,37,26
03-19-21,Sevier,12555,52,10910,37,1645,15,12007,39,63798,249,75805,288,0,166,34,313,18,12076,0,271,169
03-19-21,Shelby,89112,132,82840,115,6272,17,102158,134,916553,3679,1018711,3813,2,1536,41,878,89,86698,3,3449,1566
03-19-21,Smith,2633,5,2004,5,629,0,2515,9,12938,46,15453,55,0,36,3,50,2,2547,0,57,37
03-19-21,Stewart,1262,0,954,0,308,0,1081,0,6623,19,7704,19,0,25,-1,5,1,1232,0,24,25
03-19-21,Sullivan,14963,42,13018,31,1945,11,14050,32,83769,262,97819,294,0,279,18,333,24,14351,1,723,281
03-19-21,Sumner,22067,65,19645,44,2422,21,22237,48,115046,238,137283,286,0,327,38,237,27,21503,1,693,331
03-19-21,Tipton,7040,8,4907,3,2133,5,5937,4,45549,133,51486,137,0,104,4,49,4,6887,0,147,99
03-19-21,Trousdale,2431,4,2294,4,137,0,2456,4,8878,35,11334,39,0,22,3,24,1,2385,0,40,22
03-19-21,Unicoi,1843,4,1427,1,416,3,1575,0,12783,40,14358,40,0,47,2,28,2,1768,0,65,49
03-19-21,Union,1798,6,1530,6,268,0,1649,5,10134,16,11783,21,0,34,3,25,3,1739,0,56,34
03-19-21,Van Buren,810,3,674,3,136,0,743,3,5207,5,5950,8,0,20,2,9,1,781,0,20,21
03-19-21,Warren,5372,13,4591,10,781,3,5214,12,31791,63,37005,75,0,79,7,43,6,5250,1,82,81
03-19-21,Washington,13086,42,11258,32,1828,10,12431,35,79571,241,92002,276,0,235,27,233,15,12618,0,340,235
03-19-21,Wayne,2914,3,2352,0,562,3,2587,0,11037,20,13624,20,0,31,1,28,2,2855,0,60,33
03-19-21,Weakley,3851,4,2879,2,972,2,3302,1,21103,98,24405,99,0,60,4,45,0,3746,0,62,60
03-19-21,White,3433,2,2832,0,601,2,3465,1,22172,58,25637,59,0,67,-6,28,8,3338,0,106,68
03-19-21,Williamson,26064,83,22092,51,3972,32,24524,50,175158,381,199682,431,2,210,44,250,37,25604,0,286,211
03-19-21,Wilson,17176,59,15462,47,1714,12,17615,54,97997,461,115612,515,0,214,7,205,52,16757,2,328,217
03-18-21,Anderson,8282,17,6239,13,2043,4,7005,17,60143,81,67148,98,1,160,0,176,16,7946,0,203,166
03-18-21,Bedford,6004,30,4807,21,1197,9,5539,20,30173,87,35712,107,0,122,21,153,9,5729,0,129,122
03-18-21,Benton,1534,1,1233,0,301,1,1363,0,8725,18,10088,18,0,39,1,21,0,1474,0,35,40
03-18-21,Bledsoe,2047,7,1863,3,184,4,1978,3,14889,35,16867,38,0,10,7,23,0,2014,0,32,11
03-18-21,Blount,14430,24,12389,19,2041,5,13653,20,70238,179,83891,199,0,186,1,87,23,14157,0,327,188
03-18-21,Bradley,13633,66,11257,44,2376,22,12745,45,62632,134,75377,179,0,142,26,423,40,13068,6,571,143
03-18-21,Campbell,3938,1,2200,1,1738,0,2475,1,24311,15,26786,16,0,59,-1,77,2,3802,0,117,61
03-18-21,Cannon,1824,2,1469,2,355,0,1639,3,8884,13,10523,16,0,31,-7,34,9,1759,0,37,31
03-18-21,Carroll,3502,0,2307,0,1195,0,2736,0,19083,22,21819,22,0,81,-1,10,1,3411,0,78,82
03-18-21,Carter,6064,13,5310,12,754,1,5832,13,35917,71,41749,84,0,155,9,57,4,5852,0,218,154
03-18-21,Cheatham,4124,12,3207,9,917,3,3628,11,25910,81,29538,92,0,47,0,126,12,3951,0,86,48
03-18-21,Chester,2048,3,1485,3,563,0,1771,3,11526,76,13297,79,0,48,3,13,0,1987,0,39,48
03-18-21,Claiborne,2918,3,1885,0,1033,3,2020,0,23145,23,25165,23,0,71,-2,51,5,2796,0,91,72
03-18-21,Clay,1072,0,740,0,332,0,852,0,5468,3,6320,3,0,31,-1,-1,1,1042,0,24,30
03-18-21,Cocke,4221,17,2818,4,1403,13,3116,5,20758,82,23874,87,0,96,13,155,4,3970,0,111,97
03-18-21,Coffee,6568,16,4577,13,1991,3,5606,16,44081,108,49687,124,0,117,8,127,8,6324,1,120,117
03-18-21,Crockett,1972,1,1183,1,789,0,1382,1,7114,8,8496,9,0,48,1,-14,0,1938,0,30,48
03-18-21,Cumberland,6226,8,5211,1,1015,7,5969,1,46977,68,52946,69,0,123,-1,84,9,6019,0,150,126
03-18-21,Davidson,83592,143,78628,114,4964,29,95593,142,910559,3334,1006152,3476,3,877,22,1066,118,81649,3,1898,892
03-18-21,Decatur,1553,2,1158,1,395,1,1375,1,10772,8,12147,9,0,37,1,8,1,1508,0,39,38
03-18-21,Dekalb,2699,5,2006,4,693,1,2320,6,16423,35,18743,41,0,52,2,19,3,2628,0,55,52
03-18-21,Dickson,6394,19,4613,18,1781,1,5464,19,33657,66,39121,85,0,107,10,52,9,6235,0,117,107
03-18-21,Dyer,5280,5,3492,2,1788,3,3940,2,21165,36,25105,38,0,103,3,30,2,5147,0,106,103
03-18-21,Fayette,4729,5,4078,4,651,1,5011,4,35896,103,40907,107,0,75,3,41,2,4613,1,124,74
03-18-21,Fentress,2326,2,2018,2,308,0,2305,2,12502,12,14807,14,1,45,-2,12,3,2269,0,59,45
03-18-21,Franklin,4876,13,4086,11,790,2,4797,12,35761,344,40558,356,1,87,6,96,6,4693,0,105,87
03-18-21,Gibson,6220,4,3764,1,2456,3,4567,1,28463,45,33030,46,0,141,1,26,3,6053,0,106,142
03-18-21,Giles,3792,5,3161,3,631,2,3631,4,22116,58,25747,62,0,97,3,31,2,3664,0,110,98
03-18-21,Grainger,2484,9,1860,4,624,5,2085,4,13502,18,15587,22,0,47,6,33,3,2404,0,67,48
03-18-21,Greene,7377,9,5858,8,1519,1,6548,8,46062,142,52610,150,0,149,0,60,9,7168,0,177,149
03-18-21,Grundy,1725,3,1446,2,279,1,1658,6,8478,65,10136,71,0,30,3,15,0,1680,0,55,30
03-18-21,Hamblen,8215,10,5805,2,2410,8,6524,2,44630,51,51154,53,0,169,-3,95,13,7951,0,252,168
03-18-21,Hamilton,41534,101,35925,70,5609,31,40189,73,305049,719,345238,792,0,465,21,542,80,40527,7,1105,471
03-18-21,Hancock,514,1,365,0,149,1,390,0,3735,7,4125,7,0,12,1,7,0,495,0,20,12
03-18-21,Hardeman,3404,2,2760,2,644,0,3227,2,24207,42,27434,44,0,63,-1,6,3,3335,0,101,63
03-18-21,Hardin,3351,5,2293,2,1058,3,2731,2,22540,31,25271,33,0,64,3,32,2,3255,0,62,64
03-18-21,Hawkins,5405,11,4421,7,984,4,4761,8,32670,115,37431,123,1,101,0,105,10,5199,0,143,103
03-18-21,Haywood,2655,2,2229,1,426,1,2542,1,13274,14,15816,15,0,60,0,3,2,2592,0,81,60
03-18-21,Henderson,3643,0,2544,0,1099,0,3190,0,15696,8,18886,8,0,74,-2,8,2,3561,0,76,74
03-18-21,Henry,3042,2,2372,0,670,2,2741,1,17351,16,20092,17,0,75,1,11,1,2956,0,74,75
03-18-21,Hickman,2718,3,2195,2,523,1,2537,2,15774,23,18311,25,0,43,1,37,2,2638,0,55,43
03-18-21,Houston,1047,0,789,0,258,0,901,0,9225,12,10126,12,0,33,0,2,0,1012,0,39,33
03-18-21,Humphreys,1586,1,1034,1,552,0,1208,1,11137,17,12345,18,0,21,-1,14,2,1551,0,31,21
03-18-21,Jackson,1265,1,994,1,271,0,1162,1,5301,7,6463,8,0,34,1,12,0,1219,0,39,35
03-18-21,Jefferson,5832,7,4049,3,1783,4,4585,4,37114,54,41699,58,0,121,-4,82,11,5629,1,177,120
03-18-21,Johnson,2192,2,1958,1,234,1,2083,1,14594,30,16677,31,0,38,2,14,0,2140,1,58,38
03-18-21,Knox,47715,67,40305,49,7410,18,44108,66,308862,630,352970,696,2,599,-15,481,80,46635,1,1309,602
03-18-21,Lake,1680,1,1494,1,186,0,1761,2,9730,12,11491,14,0,26,1,-1,0,1655,0,25,26
03-18-21,Lauderdale,3098,1,2418,0,680,1,2777,0,20277,36,23054,36,0,44,-1,4,2,3050,0,82,43
03-18-21,Lawrence,5607,6,4389,5,1218,1,4842,7,28131,45,32973,52,2,86,2,27,2,5494,1,143,86
03-18-21,Lewis,1491,3,1151,0,340,3,1245,0,9721,16,10966,16,0,25,3,11,0,1455,0,41,25
03-18-21,Lincoln,4176,3,3258,2,918,1,3705,2,17007,20,20712,22,0,62,-1,23,4,4091,0,80,60
03-18-21,Loudon,5839,5,4531,3,1308,2,4958,3,30050,55,35008,58,1,68,-7,54,11,5717,1,132,69
03-18-21,Macon,3413,4,2683,2,730,2,3159,2,15419,61,18578,63,0,74,-5,25,9,3314,0,118,74
03-18-21,Madison,10271,4,5759,2,4512,2,7016,2,52892,120,59908,122,1,236,-6,-582,9,10617,0,336,237
03-18-21,Marion,3014,9,2579,2,435,7,2879,3,18177,71,21056,74,0,45,5,26,4,2943,1,109,46
03-18-21,Marshall,3970,10,3179,7,791,3,3593,8,22276,47,25869,55,0,57,8,52,2,3861,0,86,57
03-18-21,Maury,12444,22,11032,14,1412,8,12193,16,70250,165,82443,181,0,162,15,76,7,12206,0,280,161
03-18-21,McMinn,6076,10,5419,2,657,8,5984,4,40849,70,46833,74,0,93,-5,80,15,5903,0,149,96
03-18-21,McNairy,2709,1,1929,1,780,0,2346,1,17630,47,19976,48,0,53,1,-12,0,2668,0,63,54
03-18-21,Meigs,1286,1,1164,1,122,0,1293,1,7714,20,9007,21,0,23,1,10,0,1253,0,39,23
03-18-21,Monroe,5491,10,4354,10,1137,0,4892,12,25991,52,30883,64,0,92,-3,78,13,5321,1,149,94
03-18-21,Montgomery,17911,38,13141,23,4770,15,14461,25,107367,278,121828,303,0,213,15,-75,23,17773,0,298,220
03-18-21,Moore,957,0,743,0,214,0,840,0,4673,6,5513,6,0,17,0,11,0,929,0,16,17
03-18-21,Morgan,2341,2,1745,0,596,2,1896,0,14707,35,16603,35,0,38,0,19,2,2284,0,38,39
03-18-21,Obion,4396,4,3268,2,1128,2,3702,3,21698,35,25400,38,0,95,4,20,0,4281,0,98,96
03-18-21,Out of State,16641,31,13292,24,3349,7,15014,34,596877,1545,611891,1579,0,103,3,177,28,16361,0,202,94
03-18-21,Overton,2895,0,2182,0,713,0,2568,0,14520,23,17088,23,0,58,-7,25,7,2812,0,63,60
03-18-21,Pending,15708,27,10147,9,5561,18,11277,10,386553,1255,397830,1265,0,128,3,111,24,15469,0,135,130
03-18-21,Perry,1045,1,899,1,146,0,1013,1,5952,9,6965,10,0,28,1,3,0,1014,0,28,28
03-18-21,Pickett,746,0,493,0,253,0,595,0,3796,4,4391,4,0,23,0,5,0,718,0,28,24
03-18-21,Polk,1851,10,1671,5,180,5,1850,7,8960,20,10810,27,0,24,4,46,6,1781,0,71,24
03-18-21,Putnam,10810,18,8855,12,1955,6,10619,11,68686,76,79305,87,1,172,-1,145,18,10493,0,204,173
03-18-21,Rhea,4207,3,3650,1,557,2,4086,1,25677,25,29763,26,1,74,-2,33,4,4100,0,82,75
03-18-21,Roane,6024,5,4696,2,1328,3,5234,1,41485,61,46719,62,0,96,-3,38,8,5890,1,143,100
03-18-21,Robertson,9179,15,7264,10,1915,5,8187,10,41604,108,49791,118,1,124,1,111,13,8944,0,411,125
03-18-21,Rutherford,39794,78,34314,59,5480,19,39926,65,222790,617,262716,682,1,398,6,644,71,38752,0,575,404
03-18-21,Scott,2930,5,1655,2,1275,3,1769,2,11039,26,12808,28,0,44,0,41,5,2845,1,61,44
03-18-21,Sequatchie,1603,2,1269,0,334,2,1386,0,11472,10,12858,10,0,27,1,29,1,1547,0,37,26
03-18-21,Sevier,12503,37,10873,18,1630,19,11968,21,63549,127,75517,148,0,166,18,279,19,12058,1,271,169
03-18-21,Shelby,88980,121,82725,104,6255,17,102024,121,912874,3792,1014898,3913,4,1534,31,837,86,86609,6,3446,1566
03-18-21,Smith,2628,9,1999,4,629,5,2506,4,12892,20,15398,24,0,36,3,47,6,2545,0,57,37
03-18-21,Stewart,1262,2,954,2,308,0,1081,1,6604,11,7685,12,0,25,0,6,2,1231,0,24,25
03-18-21,Sullivan,14921,32,12987,25,1934,7,14018,26,83507,178,97525,204,0,279,4,315,28,14327,3,722,281
03-18-21,Sumner,22002,47,19601,30,2401,17,22189,30,114808,228,136997,258,2,327,5,199,40,21476,1,692,331
03-18-21,Tipton,7032,5,4904,3,2128,2,5933,4,45416,104,51349,108,0,104,-3,45,8,6883,0,147,99
03-18-21,Trousdale,2427,3,2290,1,137,2,2452,1,8843,16,11295,17,0,22,2,21,1,2384,0,40,22
03-18-21,Unicoi,1839,4,1426,3,413,1,1575,3,12743,19,14318,22,0,47,2,26,2,1766,0,65,49
03-18-21,Union,1792,8,1524,8,268,0,1644,8,10118,18,11762,26,0,34,5,22,3,1736,0,56,34
03-18-21,Van Buren,807,1,671,0,136,1,740,0,5202,6,5942,6,0,20,1,7,0,780,0,20,21
03-18-21,Warren,5359,3,4581,1,778,2,5202,2,31728,42,36930,44,0,79,2,36,1,5244,0,81,81
03-18-21,Washington,13044,37,11226,23,1818,14,12396,26,79330,147,91726,173,0,235,27,206,10,12603,4,340,235
03-18-21,Wayne,2911,2,2352,2,559,0,2587,3,11017,14,13604,17,0,31,-6,27,8,2853,0,60,33
03-18-21,Weakley,3847,7,2877,5,970,2,3301,6,21005,23,24306,29,0,60,3,41,4,3746,0,62,60
03-18-21,White,3431,4,2832,3,599,1,3464,4,22114,34,25578,38,0,67,1,34,3,3330,0,106,68
03-18-21,Williamson,25981,58,22041,39,3940,19,24474,45,174777,407,199251,452,0,208,19,206,39,25567,0,286,211
03-18-21,Wilson,17117,46,15415,33,1702,13,17561,46,97536,291,115097,337,0,214,-8,198,54,16705,0,326,217
03-17-21,Anderson,8265,17,6226,11,2039,6,6988,11,60062,87,67050,98,0,159,-5,176,22,7930,0,203,166
03-17-21,Bedford,5974,5,4786,3,1188,2,5519,4,30086,46,35605,50,0,122,-1,132,6,5720,0,129,122
03-17-21,Benton,1533,10,1233,9,300,1,1363,9,8707,11,10070,20,0,39,10,20,0,1474,0,35,40
03-17-21,Bledsoe,2040,7,1860,6,180,1,1975,7,14854,36,16829,43,0,10,6,16,1,2014,0,32,11
03-17-21,Blount,14406,11,12370,8,2036,3,13633,9,70059,159,83692,168,0,186,-13,86,24,14134,0,327,187
03-17-21,Bradley,13567,23,11213,22,2354,1,12700,25,62498,165,75198,190,1,142,-8,397,30,13028,3,565,143
03-17-21,Campbell,3937,9,2199,1,1738,8,2474,1,24296,24,26770,25,0,59,-4,78,13,3800,0,117,61
03-17-21,Cannon,1822,3,1467,2,355,1,1636,2,8871,18,10507,20,0,31,-3,41,6,1750,1,37,31
03-17-21,Carroll,3502,1,2307,1,1195,0,2736,1,19061,15,21797,16,0,81,1,11,0,3410,0,78,82
03-17-21,Carter,6051,10,5298,9,753,1,5819,10,35846,112,41665,122,0,155,4,48,6,5848,1,218,154
03-17-21,Cheatham,4112,16,3198,11,914,5,3617,11,25829,66,29446,77,0,47,3,126,13,3939,3,86,48
03-17-21,Chester,2045,1,1482,1,563,0,1768,1,11450,9,13218,10,0,48,1,10,0,1987,0,39,48
03-17-21,Claiborne,2915,1,1885,0,1030,1,2020,0,23122,44,25142,44,0,71,-8,53,9,2791,0,91,72
03-17-21,Clay,1072,0,740,0,332,0,852,0,5465,10,6317,10,0,31,0,0,0,1041,0,24,30
03-17-21,Cocke,4204,13,2814,6,1390,7,3111,5,20676,46,23787,51,0,96,3,142,10,3966,0,111,97
03-17-21,Coffee,6552,10,4564,6,1988,4,5590,8,43973,55,49563,63,0,117,2,119,8,6316,0,119,117
03-17-21,Crockett,1971,0,1182,0,789,0,1381,0,7106,12,8487,12,0,48,-1,-15,1,1938,0,30,48
03-17-21,Cumberland,6218,9,5210,9,1008,0,5968,10,46909,172,52877,182,0,123,8,85,1,6010,0,150,126
03-17-21,Davidson,83449,126,78514,111,4935,15,95451,140,907225,1880,1002676,2020,2,874,-11,1044,135,81531,3,1895,891
03-17-21,Decatur,1551,1,1157,1,394,0,1374,1,10764,6,12138,7,0,37,-1,7,2,1507,0,39,38
03-17-21,Dekalb,2694,1,2002,0,692,1,2314,1,16388,22,18702,23,0,52,-2,17,3,2625,0,55,52
03-17-21,Dickson,6375,6,4595,5,1780,1,5445,6,33591,56,39036,62,0,107,-5,42,11,6226,0,117,107
03-17-21,Dyer,5275,6,3490,6,1785,0,3938,6,21129,28,25067,34,0,103,0,27,6,5145,0,106,103
03-17-21,Fayette,4724,4,4074,3,650,1,5007,4,35793,70,40800,74,0,75,2,38,2,4611,1,123,74
03-17-21,Fentress,2324,2,2016,1,308,1,2303,2,12490,90,14793,92,0,44,0,14,2,2266,0,59,45
03-17-21,Franklin,4863,10,4075,6,788,4,4785,5,35417,47,40202,52,1,86,4,90,5,4687,0,105,87
03-17-21,Gibson,6216,1,3763,0,2453,1,4566,0,28418,41,32984,41,0,141,-1,25,2,6050,0,106,142
03-17-21,Giles,3787,4,3158,2,629,2,3627,1,22058,30,25685,31,0,97,0,28,4,3662,0,110,98
03-17-21,Grainger,2475,2,1856,2,619,0,2081,2,13484,40,15565,42,0,47,-1,27,3,2401,0,67,48
03-17-21,Greene,7368,10,5850,7,1518,3,6540,9,45920,201,52460,210,0,149,-3,60,13,7159,0,177,149
03-17-21,Grundy,1722,5,1444,4,278,1,1652,2,8413,40,10065,42,0,30,4,12,1,1680,0,55,30
03-17-21,Hamblen,8205,19,5803,11,2402,8,6522,12,44579,90,51101,102,0,169,11,98,8,7938,0,252,168
03-17-21,Hamilton,41433,44,35855,32,5578,12,40116,36,304330,382,344446,418,-2,465,-16,521,62,40447,0,1098,471
03-17-21,Hancock,513,0,365,0,148,0,390,0,3728,5,4118,5,0,12,0,6,0,495,0,20,12
03-17-21,Hardeman,3402,0,2758,0,644,0,3225,0,24165,34,27390,34,0,63,-1,7,1,3332,0,101,63
03-17-21,Hardin,3346,8,2291,4,1055,4,2729,4,22509,41,25238,45,0,64,7,29,1,3253,0,62,64
03-17-21,Hawkins,5394,16,4414,14,980,2,4753,14,32555,76,37308,90,0,100,9,105,7,5189,0,143,101
03-17-21,Haywood,2653,0,2228,0,425,0,2541,0,13260,8,15801,8,0,60,0,3,0,2590,0,81,60
03-17-21,Henderson,3643,2,2544,1,1099,1,3190,1,15688,19,18878,20,0,74,1,10,1,3559,0,76,74
03-17-21,Henry,3040,3,2372,1,668,2,2740,0,17335,18,20075,18,0,75,2,10,1,2955,0,74,75
03-17-21,Hickman,2715,2,2193,2,522,0,2535,2,15751,28,18286,30,1,43,0,36,1,2636,1,55,43
03-17-21,Houston,1047,0,789,0,258,0,901,0,9213,8,10114,8,0,33,-2,2,2,1012,0,39,33
03-17-21,Humphreys,1585,1,1033,1,552,0,1207,1,11120,10,12327,11,0,21,-3,15,4,1549,0,31,21
03-17-21,Jackson,1264,2,993,2,271,0,1161,3,5294,16,6455,19,0,34,1,11,1,1219,0,39,35
03-17-21,Jefferson,5825,10,4046,3,1779,7,4581,2,37060,64,41641,66,0,121,-3,86,13,5618,1,176,120
03-17-21,Johnson,2190,6,1957,3,233,3,2082,5,14564,82,16646,87,0,38,5,12,1,2140,0,57,38
03-17-21,Knox,47648,45,40256,35,7392,10,44042,39,308232,492,352274,531,1,597,-42,496,86,46555,2,1308,602
03-17-21,Lake,1679,0,1493,0,186,0,1759,0,9718,31,11477,31,0,26,0,-2,0,1655,0,25,26
03-17-21,Lauderdale,3097,0,2418,0,679,0,2777,0,20241,29,23018,29,0,44,0,5,0,3048,0,82,43
03-17-21,Lawrence,5601,3,4384,0,1217,3,4835,0,28086,28,32921,28,0,84,2,25,1,5492,0,142,86
03-17-21,Lewis,1488,0,1151,0,337,0,1245,0,9705,4,10950,4,0,25,0,8,0,1455,0,41,25
03-17-21,Lincoln,4173,0,3256,0,917,0,3703,0,16987,28,20690,28,0,62,-4,24,4,4087,0,80,60
03-17-21,Loudon,5834,9,4528,8,1306,1,4955,8,29995,69,34950,77,0,67,3,61,6,5706,0,131,69
03-17-21,Macon,3409,3,2681,2,728,1,3157,2,15358,95,18515,97,0,74,0,30,3,3305,0,118,74
03-17-21,Madison,10267,9,5757,4,4510,5,7014,5,52772,77,59786,82,0,235,7,-576,2,10608,0,336,237
03-17-21,Marion,3005,1,2577,1,428,0,2876,2,18106,70,20982,72,0,45,-3,21,4,2939,0,108,46
03-17-21,Marshall,3960,6,3172,2,788,4,3585,2,22229,26,25814,28,0,57,2,44,4,3859,0,86,57
03-17-21,Maury,12422,13,11018,7,1404,6,12177,6,70085,88,82262,94,0,162,3,61,10,12199,0,280,161
03-17-21,McMinn,6066,12,5417,12,649,0,5980,13,40779,118,46759,131,0,93,2,85,10,5888,0,149,96
03-17-21,McNairy,2708,1,1928,0,780,1,2345,0,17583,29,19928,29,0,53,1,-13,0,2668,0,63,53
03-17-21,Meigs,1285,2,1163,2,122,0,1292,2,7694,20,8986,22,0,23,2,9,0,1253,0,39,23
03-17-21,Monroe,5481,9,4344,6,1137,3,4880,6,25939,60,30819,66,0,92,-4,81,13,5308,0,148,94
03-17-21,Montgomery,17873,35,13118,25,4755,10,14436,26,107089,321,121525,347,0,213,0,-90,35,17750,1,298,220
03-17-21,Moore,957,4,743,4,214,0,840,4,4667,5,5507,9,0,17,3,11,1,929,0,16,17
03-17-21,Morgan,2339,3,1745,1,594,2,1896,1,14672,38,16568,39,0,38,0,19,3,2282,0,38,39
03-17-21,Obion,4392,2,3266,1,1126,1,3699,2,21663,40,25362,42,0,95,1,16,1,4281,0,98,96
03-17-21,Out of State,16610,28,13268,26,3342,2,14980,23,595332,1359,610312,1382,0,103,7,174,21,16333,1,202,94
03-17-21,Overton,2895,2,2182,2,713,0,2568,2,14497,46,17065,48,0,58,-2,32,4,2805,0,63,60
03-17-21,Pending,15681,17,10138,10,5543,7,11267,11,385298,763,396565,774,0,128,-24,108,41,15445,0,135,129
03-17-21,Perry,1044,0,898,0,146,0,1012,0,5943,4,6955,4,0,28,-3,2,3,1014,0,28,28
03-17-21,Pickett,746,1,493,0,253,1,595,0,3792,36,4387,36,0,23,1,5,0,718,0,28,24
03-17-21,Polk,1841,3,1666,2,175,1,1843,3,8940,15,10783,18,0,24,-3,42,6,1775,1,71,24
03-17-21,Putnam,10792,15,8843,12,1949,3,10608,13,68610,301,79218,314,0,171,6,146,9,10475,0,204,173
03-17-21,Rhea,4204,4,3649,3,555,1,4085,3,25652,102,29737,105,0,73,-1,35,5,4096,0,82,75
03-17-21,Roane,6019,4,4694,3,1325,1,5233,4,41424,136,46657,140,0,96,-2,41,6,5882,0,142,99
03-17-21,Robertson,9164,8,7254,4,1910,4,8177,4,41496,53,49673,57,0,123,-3,110,11,8931,0,411,125
03-17-21,Rutherford,39716,76,34255,47,5461,29,39861,53,222173,472,262034,525,1,397,-4,638,79,38681,0,575,402
03-17-21,Scott,2925,4,1653,0,1272,4,1767,0,11013,30,12780,30,0,44,0,41,4,2840,0,60,44
03-17-21,Sequatchie,1601,0,1269,0,332,0,1386,1,11462,12,12848,13,1,27,-2,28,1,1546,0,37,26
03-17-21,Sevier,12466,28,10855,23,1611,5,11947,23,63422,124,75369,147,0,166,1,261,27,12039,2,270,169
03-17-21,Shelby,88859,68,82621,66,6238,2,101903,74,909082,3124,1010985,3198,1,1530,-17,806,84,86523,3,3440,1565
03-17-21,Smith,2619,3,1995,3,624,0,2502,3,12872,32,15374,35,0,36,-2,44,5,2539,0,57,37
03-17-21,Stewart,1260,0,952,0,308,0,1080,0,6593,9,7673,9,0,25,-4,6,4,1229,0,24,25
03-17-21,Sullivan,14889,52,12962,50,1927,2,13992,48,83329,291,97321,339,1,279,13,311,38,14299,0,719,280
03-17-21,Sumner,21955,35,19571,28,2384,7,22159,29,114580,299,136739,328,0,325,-5,194,40,21436,0,691,330
03-17-21,Tipton,7027,1,4901,1,2126,0,5929,2,45312,97,51241,99,0,104,-1,48,2,6875,0,147,99
03-17-21,Trousdale,2424,2,2289,2,135,0,2451,2,8827,17,11278,19,0,22,-2,19,4,2383,0,40,22
03-17-21,Unicoi,1835,8,1423,7,412,1,1572,7,12724,35,14296,42,0,47,6,24,2,1764,0,65,49
03-17-21,Union,1784,3,1516,3,268,0,1636,3,10100,21,11736,24,0,34,2,17,1,1733,0,56,34
03-17-21,Van Buren,806,1,671,1,135,0,740,1,5196,7,5936,8,0,20,1,6,0,780,0,20,21
03-17-21,Warren,5356,5,4580,5,776,0,5200,5,31686,87,36886,92,0,79,-4,34,9,5243,0,81,81
03-17-21,Washington,13007,30,11203,29,1804,1,12370,30,79183,228,91553,258,0,235,12,179,18,12593,0,336,234
03-17-21,Wayne,2909,3,2350,1,559,2,2584,1,11003,32,13587,33,0,31,0,33,3,2845,0,60,33
03-17-21,Weakley,3840,4,2872,1,968,3,3295,3,20982,27,24277,30,0,60,-1,38,5,3742,0,62,60
03-17-21,White,3427,4,2829,3,598,1,3460,5,22080,34,25540,39,0,67,-4,33,8,3327,0,106,68
03-17-21,Williamson,25923,27,22002,20,3921,7,24429,21,174370,283,198799,304,0,208,-9,187,36,25528,0,286,210
03-17-21,Wilson,17071,41,15382,36,1689,5,17515,35,97245,276,114760,311,0,214,-3,206,44,16651,0,326,217
03-16-21,Anderson,8248,33,6215,13,2033,20,6977,15,59975,93,66952,108,0,159,-1,181,34,7908,2,203,165
03-16-21,Bedford,5969,24,4783,12,1186,12,5515,13,30040,49,35555,62,0,122,18,133,6,5714,2,129,122
03-16-21,Benton,1523,1,1224,1,299,0,1354,1,8696,10,10050,11,0,39,1,10,0,1474,0,35,40
03-16-21,Bledsoe,2033,2,1854,1,179,1,1968,1,14818,29,16786,30,0,10,2,10,0,2013,0,32,11
03-16-21,Blount,14395,36,12362,21,2033,15,13624,22,69900,171,83524,193,0,186,11,99,25,14110,2,327,187
03-16-21,Bradley,13544,77,11191,58,2353,19,12675,64,62333,136,75008,200,0,141,37,405,40,12998,12,562,143
03-16-21,Campbell,3928,14,2198,4,1730,10,2473,7,24272,32,26745,39,0,59,6,82,8,3787,0,117,61
03-16-21,Cannon,1819,7,1465,3,354,4,1634,4,8853,14,10487,18,0,31,-1,44,8,1744,0,36,31
03-16-21,Carroll,3501,6,2306,4,1195,2,2735,6,19046,28,21781,34,0,81,6,10,0,3410,0,78,82
03-16-21,Carter,6041,8,5289,6,752,2,5809,6,35734,79,41543,85,0,155,0,44,8,5842,0,217,154
03-16-21,Cheatham,4096,26,3187,10,909,16,3606,10,25763,47,29369,57,0,47,9,123,17,3926,0,83,48
03-16-21,Chester,2044,3,1481,0,563,3,1767,1,11441,16,13208,17,0,48,1,9,2,1987,0,39,48
03-16-21,Claiborne,2914,14,1885,10,1029,4,2020,9,23078,56,25098,65,0,71,6,61,8,2782,0,91,72
03-16-21,Clay,1072,0,740,0,332,0,852,0,5455,2,6307,2,0,31,0,0,0,1041,0,24,30
03-16-21,Cocke,4191,27,2808,8,1383,19,3106,10,20630,70,23736,80,0,96,14,139,13,3956,0,111,96
03-16-21,Coffee,6542,13,4558,6,1984,7,5582,9,43918,98,49500,107,1,117,2,117,10,6308,0,119,117
03-16-21,Crockett,1971,0,1182,0,789,0,1381,1,7094,13,8475,14,0,48,-1,-14,1,1937,0,30,48
03-16-21,Cumberland,6209,16,5201,11,1008,5,5958,9,46737,47,52695,56,0,123,5,77,11,6009,1,150,126
03-16-21,Davidson,83323,249,78403,203,4920,46,95311,246,905345,4057,1000656,4303,0,872,125,1055,124,81396,3,1892,891
03-16-21,Decatur,1550,5,1156,4,394,1,1373,4,10758,3,12131,7,0,37,1,8,4,1505,1,39,38
03-16-21,Dekalb,2693,1,2002,1,691,0,2313,1,16366,23,18679,24,0,52,-7,19,8,2622,0,55,52
03-16-21,Dickson,6369,13,4590,10,1779,3,5439,12,33535,84,38974,96,0,107,8,47,5,6215,0,117,107
03-16-21,Dyer,5269,2,3484,1,1785,1,3932,2,21101,22,25033,24,1,103,-1,27,2,5139,0,106,103
03-16-21,Fayette,4720,10,4071,7,649,3,5003,7,35723,78,40726,85,0,75,6,36,4,4609,0,122,74
03-16-21,Fentress,2322,4,2015,1,307,3,2301,1,12400,12,14701,13,0,44,3,14,1,2264,1,59,45
03-16-21,Franklin,4853,17,4069,9,784,8,4780,9,35370,64,40150,73,0,85,7,86,10,4682,0,105,86
03-16-21,Gibson,6215,11,3763,3,2452,8,4566,4,28377,46,32943,50,0,141,5,26,6,6048,1,106,142
03-16-21,Giles,3783,4,3156,3,627,1,3626,4,22028,30,25654,34,0,97,2,28,2,3658,0,110,98
03-16-21,Grainger,2473,3,1854,2,619,1,2079,2,13444,11,15523,13,1,47,-2,28,4,2398,1,67,48
03-16-21,Greene,7358,10,5843,7,1515,3,6531,7,45719,87,52250,94,1,149,6,63,3,7146,0,177,149
03-16-21,Grundy,1717,0,1440,0,277,0,1650,0,8373,9,10023,9,0,30,-4,8,4,1679,0,55,30
03-16-21,Hamblen,8186,19,5792,5,2394,14,6510,6,44489,51,50999,57,0,169,10,87,9,7930,1,252,168
03-16-21,Hamilton,41389,110,35823,91,5566,19,40080,105,303948,584,344028,689,1,467,41,537,68,40385,2,1098,471
03-16-21,Hancock,513,0,365,0,148,0,390,0,3723,7,4113,7,0,12,-2,6,2,495,0,20,12
03-16-21,Hardeman,3402,6,2758,1,644,5,3225,1,24131,24,27356,25,0,63,5,8,1,3331,0,101,63
03-16-21,Hardin,3338,7,2287,2,1051,5,2725,2,22468,23,25193,25,0,64,4,22,3,3252,0,62,64
03-16-21,Hawkins,5378,12,4400,6,978,6,4739,6,32479,109,37218,115,0,100,5,96,7,5182,0,143,101
03-16-21,Haywood,2653,2,2228,2,425,0,2541,5,13252,14,15793,19,0,60,1,3,1,2590,0,81,60
03-16-21,Henderson,3641,1,2543,0,1098,1,3189,2,15669,11,18858,13,0,74,0,9,1,3558,0,76,74
03-16-21,Henry,3037,4,2371,3,666,1,2740,3,17317,17,20057,20,0,75,4,8,0,2954,0,74,75
03-16-21,Hickman,2713,7,2191,6,522,1,2533,8,15723,33,18256,41,0,42,2,36,5,2635,0,54,43
03-16-21,Houston,1047,0,789,0,258,0,901,1,9205,5,10106,6,0,33,-1,4,1,1010,0,39,33
03-16-21,Humphreys,1584,4,1032,2,552,2,1206,2,11110,15,12316,17,0,21,1,18,3,1545,0,31,21
03-16-21,Jackson,1262,2,991,1,271,1,1158,1,5278,7,6436,8,0,34,-1,10,3,1218,0,39,35
03-16-21,Jefferson,5815,7,4043,4,1772,3,4579,5,36996,52,41575,57,0,121,-2,89,9,5605,1,175,120
03-16-21,Johnson,2184,1,1954,1,230,0,2077,0,14482,12,16559,12,0,38,-2,7,3,2139,0,57,38
03-16-21,Knox,47603,126,40221,82,7382,44,44003,100,307740,702,351743,802,0,596,48,538,78,46469,3,1306,600
03-16-21,Lake,1679,0,1493,0,186,0,1759,0,9687,15,11446,15,0,26,0,-2,0,1655,0,25,26
03-16-21,Lauderdale,3097,1,2418,1,679,0,2777,1,20212,29,22989,30,0,44,-1,5,2,3048,0,82,43
03-16-21,Lawrence,5598,5,4384,1,1214,4,4835,1,28058,64,32893,65,0,84,3,23,2,5491,0,142,86
03-16-21,Lewis,1488,4,1151,0,337,4,1245,0,9701,7,10946,7,0,25,3,8,1,1455,0,41,25
03-16-21,Lincoln,4173,4,3256,1,917,3,3703,1,16959,22,20662,23,0,62,1,28,3,4083,0,80,60
03-16-21,Loudon,5825,5,4520,4,1305,1,4947,5,29926,54,34873,59,0,67,-3,58,8,5700,1,131,69
03-16-21,Macon,3406,8,2679,1,727,7,3155,2,15263,38,18418,40,0,74,5,30,3,3302,0,118,74
03-16-21,Madison,10258,28,5753,11,4505,17,7009,15,52695,73,59704,88,1,235,21,-583,6,10606,1,336,235
03-16-21,Marion,3004,2,2576,0,428,2,2874,0,18036,21,20910,21,0,45,1,24,1,2935,0,108,46
03-16-21,Marshall,3954,6,3170,2,784,4,3583,2,22203,28,25786,30,0,57,4,42,2,3855,0,86,57
03-16-21,Maury,12409,31,11011,10,1398,21,12171,12,69997,113,82168,125,0,162,19,58,12,12189,0,280,161
03-16-21,McMinn,6054,12,5405,9,649,3,5967,9,40661,65,46628,74,0,93,2,83,10,5878,1,149,94
03-16-21,McNairy,2707,3,1928,2,779,1,2345,3,17554,6,19899,9,0,53,1,-14,2,2668,0,63,53
03-16-21,Meigs,1283,1,1161,1,122,0,1290,1,7674,10,8964,11,0,23,0,7,1,1253,0,39,23
03-16-21,Monroe,5472,11,4338,8,1134,3,4874,8,25879,59,30753,67,0,92,-2,85,13,5295,0,148,94
03-16-21,Montgomery,17838,45,13093,28,4745,17,14410,33,106768,258,121178,291,0,213,10,-90,35,17715,0,297,220
03-16-21,Moore,953,3,739,0,214,3,836,0,4662,7,5498,7,0,17,3,8,0,928,0,16,17
03-16-21,Morgan,2336,2,1744,1,592,1,1895,3,14634,25,16529,28,0,38,0,19,2,2279,0,38,39
03-16-21,Obion,4390,6,3265,3,1125,3,3697,2,21623,51,25320,53,0,95,5,15,1,4280,0,98,96
03-16-21,Out of State,16582,26,13242,19,3340,7,14957,21,593973,1890,608930,1911,0,103,-9,167,35,16312,0,201,94
03-16-21,Overton,2893,2,2180,1,713,1,2566,1,14451,14,17017,15,0,58,-1,34,3,2801,0,63,60
03-16-21,Pending,15664,53,10128,16,5536,37,11256,21,384535,1139,395791,1160,0,128,15,132,38,15404,0,135,129
03-16-21,Perry,1044,1,898,0,146,1,1012,0,5939,6,6951,6,0,28,1,5,0,1011,0,28,28
03-16-21,Pickett,745,0,493,0,252,0,595,0,3756,3,4351,3,0,23,0,4,0,718,0,28,24
03-16-21,Polk,1838,10,1664,7,174,3,1840,6,8925,23,10765,29,0,24,-2,45,12,1769,0,70,24
03-16-21,Putnam,10777,24,8831,15,1946,9,10595,15,68309,76,78904,91,0,171,11,140,13,10466,0,204,173
03-16-21,Rhea,4200,5,3646,4,554,1,4082,4,25550,31,29632,35,0,73,-1,36,6,4091,0,82,75
03-16-21,Roane,6015,15,4691,5,1324,10,5229,7,41288,37,46517,44,0,96,5,43,10,5876,0,142,98
03-16-21,Robertson,9156,26,7250,16,1906,10,8173,17,41443,77,49616,94,0,123,13,113,13,8920,5,411,125
03-16-21,Rutherford,39640,126,34208,91,5432,35,39808,101,221701,569,261509,670,3,396,54,642,69,38602,0,575,402
03-16-21,Scott,2921,3,1653,0,1268,3,1767,0,10983,19,12750,19,0,44,1,41,2,2836,0,60,44
03-16-21,Sequatchie,1601,3,1269,3,332,0,1385,2,11450,7,12835,9,-1,26,-3,30,7,1545,0,37,26
03-16-21,Sevier,12438,41,10832,30,1606,11,11924,33,63298,148,75222,181,0,166,16,260,25,12012,2,268,169
03-16-21,Shelby,88791,162,82555,129,6236,33,101829,164,905958,3677,1007787,3841,0,1529,79,823,83,86439,5,3437,1563
03-16-21,Smith,2616,1,1992,1,624,0,2499,2,12840,12,15339,14,0,36,-5,46,6,2534,0,57,36
03-16-21,Stewart,1260,3,952,2,308,1,1080,2,6584,8,7664,10,0,25,3,10,0,1225,0,24,25
03-16-21,Sullivan,14837,38,12912,27,1925,11,13944,23,83038,288,96982,311,0,278,-12,298,50,14261,0,719,280
03-16-21,Sumner,21920,61,19543,40,2377,21,22130,51,114281,267,136411,318,0,325,25,199,36,21396,0,691,328
03-16-21,Tipton,7026,18,4900,4,2126,14,5927,6,45215,130,51142,136,0,104,4,49,14,6873,0,147,99
03-16-21,Trousdale,2422,2,2287,2,135,0,2449,1,8810,26,11259,27,0,22,1,21,1,2379,0,40,22
03-16-21,Unicoi,1827,3,1416,2,411,1,1565,2,12689,21,14254,23,0,47,-3,18,6,1762,0,65,48
03-16-21,Union,1781,2,1513,2,268,0,1633,2,10079,13,11712,15,0,34,-5,15,7,1732,0,56,34
03-16-21,Van Buren,805,0,670,0,135,0,739,0,5189,1,5928,1,0,20,0,5,0,780,0,20,21
03-16-21,Warren,5351,3,4575,3,776,0,5195,5,31599,63,36794,68,1,79,-1,38,3,5234,0,81,81
03-16-21,Washington,12977,28,11174,18,1803,10,12340,19,78955,142,91295,161,1,235,11,167,16,12575,1,336,234
03-16-21,Wayne,2906,11,2349,2,557,9,2583,2,10971,12,13554,14,1,31,8,33,2,2842,1,60,32
03-16-21,Weakley,3836,8,2871,1,965,7,3292,0,20955,31,24247,31,0,60,6,39,2,3737,0,62,60
03-16-21,White,3423,3,2826,1,597,2,3455,2,22046,12,25501,14,0,67,0,37,3,3319,0,106,67
03-16-21,Williamson,25896,53,21982,28,3914,25,24408,29,174087,431,198495,460,0,208,17,196,36,25492,0,286,210
03-16-21,Wilson,17030,85,15346,69,1684,16,17480,72,96969,292,114449,364,1,214,50,209,34,16607,0,326,216
03-15-21,Anderson,8215,18,6202,5,2013,13,6962,6,59882,33,66844,39,0,159,-8,182,26,7874,1,201,165
03-15-21,Bedford,5945,9,4771,3,1174,6,5502,3,29991,30,35493,33,0,122,5,115,4,5708,0,127,122
03-15-21,Benton,1522,0,1223,0,299,0,1353,0,8686,4,10039,4,0,39,0,9,0,1474,0,35,40
03-15-21,Bledsoe,2031,2,1853,1,178,1,1967,1,14789,5,16756,6,0,10,1,8,1,2013,0,32,11
03-15-21,Blount,14359,24,12341,10,2018,14,13602,11,69729,76,83331,87,0,186,-4,88,28,14085,2,325,187
03-15-21,Bradley,13467,47,11133,32,2334,15,12611,34,62197,49,74808,83,0,141,9,368,38,12958,6,550,143
03-15-21,Campbell,3914,13,2194,2,1720,11,2466,3,24240,15,26706,18,0,59,2,76,11,3779,1,117,61
03-15-21,Cannon,1812,0,1462,0,350,0,1630,0,8839,4,10469,4,0,31,-7,45,7,1736,0,36,31
03-15-21,Carroll,3495,2,2302,1,1193,1,2729,0,19018,1,21747,1,0,81,0,4,2,3410,0,78,82
03-15-21,Carter,6033,10,5283,10,750,0,5803,12,35655,21,41458,33,0,155,2,44,8,5834,1,217,154
03-15-21,Cheatham,4070,5,3177,2,893,3,3596,2,25716,13,29312,15,1,47,-12,114,16,3909,0,83,47
03-15-21,Chester,2041,0,1481,0,560,0,1766,0,11425,0,13191,0,0,48,-2,8,2,1985,0,39,48
03-15-21,Claiborne,2900,4,1875,3,1025,1,2011,3,23022,7,25033,10,0,71,-5,55,9,2774,0,91,72
03-15-21,Clay,1072,0,740,0,332,0,852,0,5453,4,6305,4,0,31,0,0,0,1041,0,24,30
03-15-21,Cocke,4164,13,2800,6,1364,7,3096,7,20560,20,23656,27,0,96,2,125,11,3943,0,111,96
03-15-21,Coffee,6529,8,4552,2,1977,6,5573,2,43820,12,49393,14,1,116,3,115,4,6298,1,119,117
03-15-21,Crockett,1971,0,1182,0,789,0,1380,0,7081,1,8461,1,0,48,0,-13,0,1936,0,30,48
03-15-21,Cumberland,6193,3,5190,2,1003,1,5949,2,46690,10,52639,12,0,123,-1,72,4,5998,0,149,126
03-15-21,Davidson,83074,91,78200,71,4874,20,95065,68,901288,1178,996353,1246,1,872,-26,930,116,81272,3,1889,888
03-15-21,Decatur,1545,1,1152,0,393,1,1369,1,10755,2,12124,3,0,37,1,7,0,1501,0,38,38
03-15-21,Dekalb,2692,0,2001,0,691,0,2312,0,16343,9,18655,9,1,52,-4,26,3,2614,0,55,52
03-15-21,Dickson,6356,2,4580,0,1776,2,5427,0,33451,17,38878,17,0,107,-15,39,17,6210,0,117,107
03-15-21,Dyer,5267,2,3483,1,1784,1,3930,1,21079,10,25009,11,0,102,-1,28,3,5137,0,106,103
03-15-21,Fayette,4710,3,4064,0,646,3,4996,0,35645,15,40641,15,0,75,-3,30,6,4605,0,122,73
03-15-21,Fentress,2318,2,2014,0,304,2,2300,0,12388,2,14688,2,0,44,-1,11,3,2263,0,58,45
03-15-21,Franklin,4836,3,4060,3,776,0,4771,3,35306,5,40077,8,0,85,0,79,3,4672,0,105,86
03-15-21,Gibson,6204,4,3760,1,2444,3,4562,2,28331,8,32893,10,0,141,3,21,1,6042,0,105,142
03-15-21,Giles,3779,1,3153,0,626,1,3622,0,21998,12,25620,12,0,97,-4,26,5,3656,0,110,98
03-15-21,Grainger,2470,1,1852,0,618,1,2077,0,13433,6,15510,6,0,46,-4,30,5,2394,0,66,48
03-15-21,Greene,7348,2,5836,2,1512,0,6524,2,45632,40,52156,42,0,148,-3,57,5,7143,0,177,149
03-15-21,Grundy,1717,0,1440,0,277,0,1650,0,8364,1,10014,1,0,30,-6,12,6,1675,0,55,30
03-15-21,Hamblen,8167,16,5787,3,2380,13,6504,3,44438,21,50942,24,0,169,-8,77,24,7921,0,251,168
03-15-21,Hamilton,41279,36,35732,9,5547,27,39975,15,303364,157,343339,172,1,466,-27,496,62,40317,1,1096,471
03-15-21,Hancock,513,0,365,0,148,0,390,0,3716,0,4106,0,0,12,-2,8,2,493,0,20,12
03-15-21,Hardeman,3396,0,2757,0,639,0,3224,0,24107,6,27331,6,0,63,-1,3,1,3330,0,101,63
03-15-21,Hardin,3331,2,2285,0,1046,2,2723,0,22445,3,25168,3,0,64,1,18,1,3249,0,62,64
03-15-21,Hawkins,5366,6,4394,5,972,1,4733,6,32370,17,37103,23,0,100,-3,91,9,5175,0,143,101
03-15-21,Haywood,2651,0,2226,0,425,0,2536,0,13238,3,15774,3,0,60,-2,2,2,2589,0,81,60
03-15-21,Henderson,3640,1,2543,1,1097,0,3187,2,15658,7,18845,9,0,74,1,9,0,3557,0,76,74
03-15-21,Henry,3033,3,2368,3,665,0,2737,3,17300,11,20037,14,0,75,2,4,1,2954,0,74,75
03-15-21,Hickman,2706,3,2185,1,521,2,2525,1,15690,6,18215,7,0,42,2,34,1,2630,0,54,43
03-15-21,Houston,1047,1,789,1,258,0,900,1,9200,2,10100,3,0,33,0,5,1,1009,0,39,33
03-15-21,Humphreys,1580,2,1030,1,550,1,1204,1,11095,7,12299,8,0,21,0,17,2,1542,0,31,21
03-15-21,Jackson,1260,1,990,0,270,1,1157,0,5271,4,6428,4,0,34,1,11,0,1215,0,39,35
03-15-21,Jefferson,5808,7,4039,2,1769,5,4574,2,36944,37,41518,39,0,121,-10,91,17,5596,0,174,120
03-15-21,Johnson,2183,1,1953,0,230,1,2077,0,14470,1,16547,1,0,38,-1,9,2,2136,0,57,38
03-15-21,Knox,47477,44,40139,27,7338,17,43903,40,307038,288,350941,328,1,596,-65,490,108,46391,1,1303,599
03-15-21,Lake,1679,0,1493,0,186,0,1759,0,9672,1,11431,1,0,26,-1,-2,1,1655,0,25,26
03-15-21,Lauderdale,3096,0,2417,0,679,0,2776,0,20183,7,22959,7,0,44,-3,6,3,3046,0,82,43
03-15-21,Lawrence,5593,5,4383,3,1210,2,4834,3,27994,29,32828,32,0,84,4,20,1,5489,0,142,86
03-15-21,Lewis,1484,0,1151,0,333,0,1245,0,9694,3,10939,3,0,25,-1,5,1,1454,0,41,25
03-15-21,Lincoln,4169,1,3255,0,914,1,3702,0,16937,8,20639,8,0,62,-2,27,3,4080,0,80,60
03-15-21,Loudon,5820,5,4516,2,1304,3,4942,2,29872,11,34814,13,0,67,-8,61,13,5692,0,130,69
03-15-21,Macon,3398,2,2678,2,720,0,3153,1,15225,30,18378,31,0,74,-3,25,5,3299,0,118,74
03-15-21,Madison,10230,29,5742,8,4488,21,6994,9,52622,14,59616,23,0,234,25,-604,4,10600,0,335,235
03-15-21,Marion,3002,5,2576,2,426,3,2874,1,18015,7,20889,8,0,45,4,23,1,2934,0,108,46
03-15-21,Marshall,3948,4,3168,0,780,4,3581,0,22175,6,25756,6,0,57,0,38,4,3853,0,86,57
03-15-21,Maury,12378,17,11001,14,1377,3,12159,15,69884,56,82043,71,0,162,1,39,16,12177,0,280,161
03-15-21,McMinn,6042,7,5396,6,646,1,5958,6,40596,24,46554,30,0,93,-3,81,10,5868,0,148,94
03-15-21,McNairy,2704,4,1926,4,778,0,2342,4,17548,2,19890,6,0,53,2,-15,2,2666,0,63,53
03-15-21,Meigs,1282,1,1160,1,122,0,1289,1,7664,4,8953,5,0,23,0,7,1,1252,1,39,23
03-15-21,Monroe,5461,4,4330,3,1131,1,4866,3,25820,38,30686,41,0,92,-13,87,17,5282,0,148,94
03-15-21,Montgomery,17793,23,13065,10,4728,13,14377,6,106510,93,120887,99,0,213,-7,-100,30,17680,0,297,219
03-15-21,Moore,950,0,739,0,211,0,836,0,4655,1,5491,1,0,17,-1,5,1,928,0,16,17
03-15-21,Morgan,2334,1,1743,1,591,0,1892,3,14609,5,16501,8,0,38,-2,19,3,2277,0,38,39
03-15-21,Obion,4384,1,3262,1,1122,0,3695,1,21572,5,25267,6,0,95,-1,10,2,4279,0,98,96
03-15-21,Out of State,16556,16,13223,8,3333,8,14936,7,592083,392,607019,399,1,103,-17,176,32,16277,2,201,94
03-15-21,Overton,2891,2,2179,0,712,2,2565,0,14437,4,17002,4,0,58,-2,35,4,2798,0,63,60
03-15-21,Pending,15611,20,10112,9,5499,11,11235,9,383396,293,394631,302,0,128,0,117,20,15366,0,135,129
03-15-21,Perry,1043,1,898,0,145,1,1012,0,5933,2,6945,2,0,28,1,4,0,1011,0,28,28
03-15-21,Pickett,745,0,493,0,252,0,595,0,3753,1,4348,1,0,23,0,4,0,718,0,28,24
03-15-21,Polk,1828,5,1657,1,171,4,1834,2,8902,8,10736,10,0,24,2,47,3,1757,0,70,24
03-15-21,Putnam,10753,14,8816,4,1937,10,10580,6,68233,35,78813,41,0,171,4,129,10,10453,0,204,173
03-15-21,Rhea,4195,2,3642,1,553,1,4078,2,25519,10,29597,12,0,73,-2,37,4,4085,0,82,75
03-15-21,Roane,6000,6,4686,4,1314,2,5222,6,41251,40,46473,46,0,96,1,38,5,5866,0,142,98
03-15-21,Robertson,9130,9,7234,5,1896,4,8156,5,41366,20,49522,25,0,123,-3,100,12,8907,1,406,125
03-15-21,Rutherford,39514,76,34117,55,5397,21,39707,58,221132,242,260839,300,0,393,14,588,62,38533,0,575,401
03-15-21,Scott,2918,4,1653,0,1265,4,1767,0,10964,5,12731,5,0,44,1,40,3,2834,0,60,44
03-15-21,Sequatchie,1598,5,1266,1,332,4,1383,1,11443,3,12826,4,0,27,3,33,2,1538,1,37,26
03-15-21,Sevier,12397,33,10802,13,1595,20,11891,13,63150,54,75041,67,0,166,9,244,24,11987,0,266,169
03-15-21,Shelby,88629,68,82426,45,6203,23,101665,58,902281,534,1003946,592,0,1529,-32,744,100,86356,0,3432,1562
03-15-21,Smith,2615,3,1991,2,624,1,2497,1,12828,4,15325,5,0,36,2,51,1,2528,0,57,36
03-15-21,Stewart,1257,0,950,0,307,0,1078,1,6576,8,7654,9,0,25,-2,7,2,1225,0,24,25
03-15-21,Sullivan,14799,15,12885,14,1914,1,13921,16,82750,89,96671,105,2,278,-22,310,35,14211,1,719,280
03-15-21,Sumner,21859,32,19503,15,2356,17,22079,15,114014,91,136093,106,0,325,14,174,18,21360,0,691,328
03-15-21,Tipton,7008,3,4896,0,2112,3,5921,0,45085,24,51006,24,0,104,-1,45,4,6859,0,147,99
03-15-21,Trousdale,2420,3,2285,2,135,1,2448,2,8784,11,11232,13,0,22,1,20,2,2378,0,40,22
03-15-21,Unicoi,1824,1,1414,0,410,1,1563,0,12668,12,14231,12,0,47,-1,21,2,1756,0,65,48
03-15-21,Union,1779,3,1511,3,268,0,1631,3,10066,8,11697,11,0,34,-2,20,5,1725,0,56,34
03-15-21,Van Buren,805,0,670,0,135,0,739,0,5188,1,5927,1,0,20,0,5,0,780,0,20,21
03-15-21,Warren,5348,4,4572,0,776,4,5190,0,31536,16,36726,16,0,78,2,39,2,5231,1,81,81
03-15-21,Washington,12949,17,11156,12,1793,5,12321,12,78813,70,91134,82,0,234,-2,156,19,12559,0,335,234
03-15-21,Wayne,2895,0,2347,0,548,0,2581,0,10959,1,13540,1,0,30,-1,25,1,2840,0,59,32
03-15-21,Weakley,3828,5,2870,4,958,1,3292,5,20924,5,24216,10,0,60,4,33,1,3735,0,62,60
03-15-21,White,3420,7,2825,2,595,5,3453,1,22034,7,25487,8,0,67,6,37,1,3316,0,106,67
03-15-21,Williamson,25843,34,21954,23,3889,11,24379,24,173656,149,198035,173,1,208,2,179,31,25456,0,286,210
03-15-21,Wilson,16945,13,15277,8,1668,5,17408,7,96677,67,114085,74,1,213,-26,159,38,16573,0,326,216
03-14-21,Anderson,8197,6,6197,4,2000,2,6956,6,59849,36,66805,42,0,159,-13,190,19,7848,1,200,165
03-14-21,Bedford,5936,12,4768,10,1168,2,5499,10,29961,27,35460,37,0,122,3,110,9,5704,0,127,122
03-14-21,Benton,1522,0,1223,0,299,0,1353,0,8682,5,10035,5,0,39,-2,9,2,1474,0,35,40
03-14-21,Bledsoe,2029,0,1852,0,177,0,1966,0,14784,26,16750,26,0,10,-3,7,3,2012,0,32,11
03-14-21,Blount,14335,14,12331,10,2004,4,13591,15,69653,87,83244,102,0,186,-9,92,23,14057,0,323,187
03-14-21,Bradley,13420,26,11101,20,2319,6,12577,19,62148,113,74725,132,0,141,-5,359,31,12920,1,544,143
03-14-21,Campbell,3901,1,2192,1,1709,0,2463,3,24225,10,26688,13,0,59,0,74,1,3768,1,116,61
03-14-21,Cannon,1812,2,1462,1,350,1,1630,1,8835,3,10465,4,0,31,-1,52,3,1729,0,36,31
03-14-21,Carroll,3493,0,2301,0,1192,0,2729,0,19017,9,21746,9,0,81,-2,4,2,3408,0,78,82
03-14-21,Carter,6023,1,5273,1,750,0,5791,1,35634,29,41425,30,0,155,-3,42,4,5826,0,216,154
03-14-21,Cheatham,4065,7,3175,6,890,1,3594,9,25703,39,29297,48,0,46,5,126,2,3893,2,83,47
03-14-21,Chester,2041,1,1481,1,560,0,1766,1,11425,64,13191,65,0,48,0,10,1,1983,0,39,48
03-14-21,Claiborne,2896,2,1872,1,1024,1,2008,1,23015,34,25023,35,0,71,1,60,1,2765,0,91,72
03-14-21,Clay,1072,0,740,0,332,0,852,1,5449,6,6301,7,0,31,0,0,0,1041,0,24,30
03-14-21,Cocke,4151,14,2794,2,1357,12,3089,2,20540,23,23629,25,0,96,9,123,5,3932,0,111,96
03-14-21,Coffee,6521,12,4550,7,1971,5,5571,7,43808,35,49379,42,0,115,5,112,7,6294,1,118,117
03-14-21,Crockett,1971,0,1182,0,789,0,1380,0,7080,1,8460,1,0,48,0,-13,0,1936,0,30,48
03-14-21,Cumberland,6190,1,5188,0,1002,1,5947,0,46680,20,52627,20,0,123,0,73,1,5994,0,149,126
03-14-21,Davidson,82983,64,78129,50,4854,14,94997,61,900110,1797,995107,1858,0,871,5,956,59,81156,1,1886,887
03-14-21,Decatur,1544,1,1152,0,392,1,1368,0,10753,4,12121,4,0,37,0,6,1,1501,0,38,38
03-14-21,Dekalb,2692,1,2001,0,691,1,2312,0,16334,10,18646,10,0,51,-2,30,3,2611,0,55,52
03-14-21,Dickson,6354,5,4580,3,1774,2,5427,4,33434,30,38861,34,0,107,-3,54,8,6193,0,117,107
03-14-21,Dyer,5265,2,3482,0,1783,2,3929,1,21069,4,24998,5,0,102,2,29,0,5134,0,106,103
03-14-21,Fayette,4707,2,4064,1,643,1,4996,1,35630,38,40626,39,0,75,-1,33,3,4599,0,122,72
03-14-21,Fentress,2316,1,2014,1,302,0,2300,1,12386,2,14686,3,0,44,-2,12,3,2260,0,58,45
03-14-21,Franklin,4833,8,4057,6,776,2,4768,6,35301,25,40069,31,0,85,-1,79,9,4669,0,105,86
03-14-21,Gibson,6200,0,3759,0,2441,0,4560,0,28323,16,32883,16,0,141,-3,18,3,6041,0,105,142
03-14-21,Giles,3778,1,3153,1,625,0,3622,1,21986,11,25608,12,0,97,-1,30,2,3651,0,110,98
03-14-21,Grainger,2469,0,1852,0,617,0,2077,0,13427,17,15504,17,0,46,-4,34,4,2389,0,66,47
03-14-21,Greene,7346,4,5834,4,1512,0,6522,5,45592,36,52114,41,0,148,0,60,4,7138,0,177,149
03-14-21,Grundy,1717,1,1440,1,277,0,1650,1,8363,6,10013,7,0,30,-2,18,3,1669,0,55,30
03-14-21,Hamblen,8151,5,5784,0,2367,5,6501,0,44417,18,50918,18,0,169,-4,85,9,7897,1,251,168
03-14-21,Hamilton,41243,54,35723,45,5520,9,39960,56,303207,507,343167,563,0,465,20,523,34,40255,1,1095,470
03-14-21,Hancock,513,0,365,0,148,0,390,0,3716,2,4106,2,0,12,-1,10,1,491,0,20,12
03-14-21,Hardeman,3396,0,2757,0,639,0,3224,0,24101,15,27325,15,0,63,-1,4,1,3329,0,101,63
03-14-21,Hardin,3329,0,2285,0,1044,0,2723,0,22442,19,25165,19,0,64,-1,17,1,3248,0,62,64
03-14-21,Hawkins,5360,8,4389,5,971,3,4727,5,32353,24,37080,29,0,100,-2,94,10,5166,0,143,101
03-14-21,Haywood,2651,0,2226,0,425,0,2536,0,13235,4,15771,4,0,60,0,4,0,2587,0,81,60
03-14-21,Henderson,3639,1,2542,1,1097,0,3185,1,15651,4,18836,5,0,74,1,8,0,3557,0,76,74
03-14-21,Henry,3030,0,2365,0,665,0,2734,0,17289,8,20023,8,0,75,-1,2,1,2953,0,74,75
03-14-21,Hickman,2703,3,2184,1,519,2,2524,1,15684,14,18208,15,0,42,1,32,2,2629,1,54,43
03-14-21,Houston,1046,0,788,0,258,0,899,0,9198,4,10097,4,0,33,0,5,0,1008,0,39,33
03-14-21,Humphreys,1578,0,1029,0,549,0,1203,0,11088,6,12291,6,0,21,-2,17,2,1540,0,31,21
03-14-21,Jackson,1259,1,990,0,269,1,1157,0,5267,3,6424,3,0,34,1,10,0,1215,0,39,35
03-14-21,Jefferson,5801,5,4037,1,1764,4,4572,2,36907,26,41479,28,0,121,0,101,5,5579,0,174,120
03-14-21,Johnson,2182,1,1953,1,229,0,2077,1,14469,5,16546,6,0,38,1,10,0,2134,0,57,38
03-14-21,Knox,47433,60,40112,38,7321,22,43863,46,306750,407,350613,453,0,595,-10,555,70,46283,0,1302,598
03-14-21,Lake,1679,0,1493,0,186,0,1759,0,9671,3,11430,3,0,26,0,-1,0,1654,0,25,26
03-14-21,Lauderdale,3096,0,2417,0,679,0,2776,0,20176,14,22952,14,0,44,-1,9,1,3043,0,82,43
03-14-21,Lawrence,5588,1,4380,1,1208,0,4831,2,27965,34,32796,36,0,84,-3,16,4,5488,0,142,86
03-14-21,Lewis,1484,0,1151,0,333,0,1245,0,9691,4,10936,4,0,25,-2,6,2,1453,0,41,25
03-14-21,Lincoln,4168,1,3255,1,913,0,3702,3,16929,16,20631,19,0,62,-1,29,2,4077,0,80,60
03-14-21,Loudon,5815,2,4514,1,1301,1,4940,2,29861,20,34801,22,0,67,-9,69,11,5679,0,130,69
03-14-21,Macon,3396,1,2676,0,720,1,3152,0,15195,8,18347,8,0,74,-1,28,2,3294,0,118,74
03-14-21,Madison,10201,4,5734,3,4467,1,6985,3,52608,31,59593,34,0,234,-2,-629,6,10596,0,335,235
03-14-21,Marion,2997,2,2574,2,423,0,2873,2,18008,32,20881,34,0,45,-2,19,4,2933,0,108,46
03-14-21,Marshall,3944,1,3168,0,776,1,3581,0,22169,13,25750,13,0,57,-1,38,2,3849,0,86,57
03-14-21,Maury,12361,6,10987,5,1374,1,12144,5,69828,43,81972,48,0,162,-5,38,11,12161,0,280,161
03-14-21,McMinn,6035,7,5390,6,645,1,5952,6,40572,81,46524,87,0,93,3,84,4,5858,0,148,94
03-14-21,McNairy,2700,1,1922,1,778,0,2338,1,17546,8,19884,9,0,53,0,-17,1,2664,0,63,53
03-14-21,Meigs,1281,1,1159,1,122,0,1288,1,7660,6,8948,7,0,23,-1,7,2,1251,0,38,23
03-14-21,Monroe,5457,3,4327,2,1130,1,4863,4,25782,26,30645,30,0,92,-2,100,5,5265,0,148,94
03-14-21,Montgomery,17770,22,13055,14,4715,8,14371,15,106417,121,120788,136,0,213,6,-93,16,17650,0,297,219
03-14-21,Moore,950,2,739,1,211,1,836,1,4654,3,5490,4,0,17,2,6,0,927,0,16,17
03-14-21,Morgan,2333,0,1742,0,591,0,1889,0,14604,14,16493,14,0,38,-4,21,4,2274,0,38,38
03-14-21,Obion,4383,1,3261,1,1122,0,3694,2,21567,10,25261,12,0,95,1,11,0,4277,0,98,96
03-14-21,Out of State,16540,14,13215,11,3325,3,14929,13,591691,524,606620,537,0,102,-1,193,15,16245,0,199,94
03-14-21,Overton,2889,0,2179,0,710,0,2565,1,14433,10,16998,11,0,58,-1,37,1,2794,0,63,60
03-14-21,Pending,15591,12,10103,6,5488,6,11226,7,383103,366,394329,373,0,128,-4,117,16,15346,0,135,129
03-14-21,Perry,1042,0,898,0,144,0,1012,0,5931,4,6943,4,0,28,0,3,0,1011,0,28,28
03-14-21,Pickett,745,0,493,0,252,0,595,0,3752,0,4347,0,0,23,0,4,0,718,0,28,24
03-14-21,Polk,1823,1,1656,1,167,0,1832,1,8894,6,10726,7,0,24,0,45,1,1754,0,70,24
03-14-21,Putnam,10739,2,8812,0,1927,2,10574,0,68198,38,78772,38,0,171,-11,125,13,10443,0,204,173
03-14-21,Rhea,4193,0,3641,0,552,0,4076,1,25509,15,29585,16,0,73,-2,39,2,4081,0,82,75
03-14-21,Roane,5994,3,4682,1,1312,2,5216,1,41211,20,46427,21,0,96,-1,37,4,5861,0,142,98
03-14-21,Robertson,9121,13,7229,10,1892,3,8151,10,41346,37,49497,47,0,123,-5,103,18,8895,0,405,125
03-14-21,Rutherford,39438,42,34062,29,5376,13,39649,34,220890,261,260539,295,0,393,-3,574,45,38471,0,575,400
03-14-21,Scott,2914,2,1653,0,1261,2,1767,0,10959,1,12726,1,0,44,1,39,1,2831,0,60,44
03-14-21,Sequatchie,1593,1,1265,1,328,0,1382,1,11440,11,12822,12,0,27,1,30,0,1536,0,36,26
03-14-21,Sevier,12364,11,10789,8,1575,3,11878,7,63096,64,74974,71,0,166,-6,235,17,11963,2,266,169
03-14-21,Shelby,88561,65,82381,54,6180,11,101607,68,901747,1077,1003354,1145,0,1529,3,776,62,86256,4,3432,1562
03-14-21,Smith,2612,2,1989,2,623,0,2496,2,12824,17,15320,19,0,36,0,49,2,2527,0,57,36
03-14-21,Stewart,1257,0,950,0,307,0,1077,1,6568,5,7645,6,0,25,0,9,0,1223,0,24,25
03-14-21,Sullivan,14784,22,12871,16,1913,6,13905,20,82661,97,96566,117,0,276,12,332,10,14176,1,718,280
03-14-21,Sumner,21827,25,19488,16,2339,9,22064,20,113923,119,135987,139,0,325,-2,160,27,21342,0,691,328
03-14-21,Tipton,7005,2,4896,0,2109,2,5921,1,45061,36,50982,37,0,104,-3,46,5,6855,0,147,99
03-14-21,Trousdale,2417,2,2283,2,134,0,2446,3,8773,13,11219,16,0,22,1,19,1,2376,0,40,22
03-14-21,Unicoi,1823,0,1414,0,409,0,1563,0,12656,5,14219,5,0,47,-5,22,5,1754,0,65,48
03-14-21,Union,1776,1,1508,0,268,1,1628,0,10058,11,11686,11,0,34,-2,22,3,1720,0,56,34
03-14-21,Van Buren,805,1,670,1,135,0,739,1,5187,1,5926,2,0,20,1,5,0,780,0,20,21
03-14-21,Warren,5344,0,4572,0,772,0,5190,0,31520,27,36710,27,0,78,-5,37,5,5229,0,80,81
03-14-21,Washington,12932,5,11144,5,1788,0,12309,7,78743,70,91052,77,0,234,-6,158,11,12540,0,335,234
03-14-21,Wayne,2895,1,2347,1,548,0,2581,1,10958,15,13539,16,0,30,-1,26,2,2839,0,59,32
03-14-21,Weakley,3823,2,2866,2,957,0,3287,2,20919,8,24206,10,0,60,1,29,1,3734,0,62,60
03-14-21,White,3413,1,2823,0,590,1,3452,0,22027,13,25479,13,0,67,-2,31,3,3315,0,106,67
03-14-21,Williamson,25809,29,21931,15,3878,14,24355,15,173507,203,197862,218,0,207,4,177,25,25425,0,286,210
03-14-21,Wilson,16932,21,15269,17,1663,4,17401,22,96610,294,114011,316,0,212,-8,185,29,16535,0,326,215
03-13-21,Anderson,8191,11,6193,4,1998,7,6950,5,59813,76,66763,81,0,159,2,203,9,7829,1,199,165
03-13-21,Bedford,5924,15,4758,14,1166,1,5489,16,29934,68,35423,84,0,122,12,107,3,5695,0,127,122
03-13-21,Benton,1522,2,1223,1,299,1,1353,2,8677,10,10030,12,0,39,2,11,0,1472,0,35,40
03-13-21,Bledsoe,2029,1,1852,1,177,0,1966,2,14758,35,16724,37,0,10,0,10,1,2009,0,32,11
03-13-21,Blount,14321,29,12321,14,2000,15,13576,17,69566,145,83142,162,0,186,10,101,19,14034,1,323,187
03-13-21,Bradley,13394,42,11081,18,2313,24,12558,24,62035,118,74593,142,-1,141,12,364,31,12889,3,543,143
03-13-21,Campbell,3900,3,2191,1,1709,2,2460,1,24215,35,26675,36,0,59,-1,74,4,3767,0,115,61
03-13-21,Cannon,1810,3,1461,1,349,2,1629,3,8832,21,10461,24,0,31,2,53,1,1726,0,36,31
03-13-21,Carroll,3493,1,2301,0,1192,1,2729,2,19008,28,21737,30,0,81,0,6,1,3406,0,78,82
03-13-21,Carter,6022,5,5272,4,750,1,5790,7,35605,102,41395,109,0,155,2,45,3,5822,0,216,154
03-13-21,Cheatham,4058,30,3169,10,889,20,3585,11,25664,71,29249,82,0,46,28,121,2,3891,0,81,47
03-13-21,Chester,2040,1,1480,1,560,0,1765,2,11361,12,13126,14,0,48,0,10,1,1982,0,39,48
03-13-21,Claiborne,2894,5,1871,4,1023,1,2007,5,22981,31,24988,36,0,71,-1,59,6,2764,0,91,72
03-13-21,Clay,1072,0,740,0,332,0,851,1,5443,6,6294,7,0,31,-1,0,1,1041,0,24,30
03-13-21,Cocke,4137,19,2792,4,1345,15,3087,6,20517,54,23604,60,0,96,5,114,14,3927,2,111,96
03-13-21,Coffee,6509,23,4543,11,1966,12,5564,13,43773,76,49337,89,0,115,9,107,14,6287,0,117,116
03-13-21,Crockett,1971,0,1182,0,789,0,1380,1,7079,3,8459,4,-1,48,1,-13,0,1936,0,30,48
03-13-21,Cumberland,6189,10,5188,7,1001,3,5947,8,46660,51,52607,59,0,123,4,73,6,5993,0,149,126
03-13-21,Davidson,82919,212,78079,123,4840,89,94936,145,898313,2817,993249,2962,-12,871,144,951,80,81097,0,1885,885
03-13-21,Decatur,1543,1,1152,0,391,1,1368,0,10749,6,12117,6,0,37,1,6,0,1500,0,38,38
03-13-21,Dekalb,2691,4,2001,2,690,2,2312,2,16324,23,18636,25,0,51,0,32,4,2608,1,55,51
03-13-21,Dickson,6349,4,4577,2,1772,2,5423,2,33404,43,38827,45,0,107,-5,57,9,6185,0,117,107
03-13-21,Dyer,5263,2,3482,2,1781,0,3928,3,21065,26,24993,29,0,102,0,27,2,5134,0,106,103
03-13-21,Fayette,4705,6,4063,3,642,3,4995,5,35592,109,40587,114,0,75,4,34,2,4596,0,122,72
03-13-21,Fentress,2315,1,2013,0,302,1,2299,0,12384,87,14683,87,0,44,0,14,1,2257,0,58,44
03-13-21,Franklin,4825,13,4051,8,774,5,4762,8,35276,183,40038,191,0,85,10,80,3,4660,0,105,86
03-13-21,Gibson,6200,4,3759,2,2441,2,4560,2,28307,40,32867,42,0,141,3,21,1,6038,0,105,142
03-13-21,Giles,3777,6,3152,4,625,2,3621,6,21975,38,25596,44,0,97,4,31,2,3649,0,110,98
03-13-21,Grainger,2469,3,1852,0,617,3,2077,0,13410,11,15487,11,0,46,1,38,2,2385,0,66,47
03-13-21,Greene,7342,12,5830,10,1512,2,6517,12,45556,126,52073,138,0,148,10,60,2,7134,1,177,149
03-13-21,Grundy,1716,2,1439,0,277,2,1649,0,8357,62,10006,62,0,30,0,20,2,1666,0,55,30
03-13-21,Hamblen,8146,15,5784,3,2362,12,6501,3,44399,47,50900,50,0,169,7,89,8,7888,0,250,168
03-13-21,Hamilton,41189,78,35678,37,5511,41,39904,47,302700,626,342604,673,1,465,14,503,63,40221,2,1094,470
03-13-21,Hancock,513,1,365,0,148,1,390,0,3714,2,4104,2,0,12,-1,11,2,490,0,20,12
03-13-21,Hardeman,3396,1,2757,1,639,0,3224,1,24086,24,27310,25,-2,63,3,5,0,3328,0,101,63
03-13-21,Hardin,3329,0,2285,0,1044,0,2723,0,22423,33,25146,33,0,64,0,18,0,3247,0,62,64
03-13-21,Hawkins,5352,8,4384,4,968,4,4722,4,32329,123,37051,127,0,100,-1,96,9,5156,0,143,101
03-13-21,Haywood,2651,1,2226,1,425,0,2536,2,13231,11,15767,13,0,60,1,4,0,2587,0,81,60
03-13-21,Henderson,3638,1,2541,0,1097,1,3184,0,15647,17,18831,17,0,74,1,7,0,3557,0,76,74
03-13-21,Henry,3030,2,2365,1,665,1,2734,2,17281,17,20015,19,0,75,2,3,0,2952,0,74,75
03-13-21,Hickman,2700,2,2183,2,517,0,2523,2,15670,23,18193,25,0,42,-3,31,5,2627,0,53,42
03-13-21,Houston,1046,2,788,1,258,1,899,1,9194,4,10093,5,0,33,1,5,1,1008,0,39,33
03-13-21,Humphreys,1578,4,1029,4,549,0,1203,4,11082,11,12285,15,0,21,1,19,3,1538,0,31,21
03-13-21,Jackson,1258,1,990,1,268,0,1157,2,5264,15,6421,17,0,34,0,9,1,1215,0,39,35
03-13-21,Jefferson,5796,7,4036,2,1760,5,4570,7,36881,47,41451,54,1,121,-7,101,13,5574,0,174,120
03-13-21,Johnson,2181,0,1952,0,229,0,2076,0,14464,94,16540,94,0,38,-1,9,1,2134,0,57,38
03-13-21,Knox,47373,73,40074,36,7299,37,43817,42,306343,620,350160,662,1,595,-10,565,82,46213,1,1302,598
03-13-21,Lake,1679,1,1493,1,186,0,1759,1,9668,30,11427,31,0,26,1,-1,0,1654,0,25,26
03-13-21,Lauderdale,3096,0,2417,0,679,0,2776,0,20162,20,22938,20,0,44,-2,10,2,3042,0,82,43
03-13-21,Lawrence,5587,2,4379,2,1208,0,4829,3,27931,46,32760,49,0,84,-3,19,5,5484,0,142,85
03-13-21,Lewis,1484,1,1151,1,333,0,1245,1,9687,15,10932,16,0,25,0,8,1,1451,0,41,25
03-13-21,Lincoln,4167,1,3254,0,913,1,3699,1,16913,35,20612,36,0,62,-3,30,4,4075,0,80,60
03-13-21,Loudon,5813,7,4513,0,1300,7,4938,0,29841,54,34779,54,0,67,-1,78,8,5668,0,130,68
03-13-21,Macon,3395,3,2676,3,719,0,3152,4,15187,28,18339,32,0,74,-4,29,7,3292,0,118,74
03-13-21,Madison,10197,4,5731,2,4466,2,6982,2,52577,75,59559,77,0,234,0,-627,4,10590,0,335,235
03-13-21,Marion,2995,6,2572,5,423,1,2871,5,17976,76,20847,81,0,45,3,21,3,2929,0,108,46
03-13-21,Marshall,3943,2,3168,2,775,0,3581,2,22156,37,25737,39,0,57,1,39,1,3847,0,86,57
03-13-21,Maury,12355,14,10982,11,1373,3,12139,11,69785,140,81924,151,0,162,8,43,6,12150,0,280,161
03-13-21,McMinn,6028,8,5384,7,644,1,5946,9,40491,109,46437,118,0,93,-5,81,13,5854,1,148,94
03-13-21,McNairy,2699,1,1921,0,778,1,2337,0,17538,22,19875,22,0,53,0,-17,1,2663,0,63,53
03-13-21,Meigs,1280,4,1158,2,122,2,1287,2,7654,13,8941,15,0,23,0,8,4,1249,0,38,23
03-13-21,Monroe,5454,12,4325,7,1129,5,4859,5,25756,70,30615,75,0,92,5,102,7,5260,0,148,94
03-13-21,Montgomery,17748,65,13041,23,4707,42,14356,29,106296,224,120652,253,0,213,28,-99,37,17634,1,297,219
03-13-21,Moore,948,1,738,0,210,1,835,0,4651,5,5486,5,0,17,0,4,1,927,0,16,17
03-13-21,Morgan,2333,0,1742,0,591,0,1889,1,14590,33,16479,34,0,38,-2,25,2,2270,0,38,38
03-13-21,Obion,4382,4,3260,2,1122,2,3692,2,21557,42,25249,44,0,95,4,10,0,4277,0,98,96
03-13-21,Out of State,16526,33,13204,16,3322,17,14916,16,591167,1510,606083,1526,-1,102,21,194,13,16230,0,199,94
03-13-21,Overton,2889,2,2179,0,710,2,2564,0,14423,26,16987,26,0,58,2,38,0,2793,0,63,60
03-13-21,Pending,15579,31,10097,12,5482,19,11219,13,382737,893,393956,906,0,128,-4,121,35,15330,0,135,129
03-13-21,Perry,1042,0,898,0,144,0,1012,0,5927,6,6939,6,0,28,0,3,0,1011,0,28,28
03-13-21,Pickett,745,2,493,1,252,1,595,1,3752,28,4347,29,0,23,2,4,0,718,0,28,24
03-13-21,Polk,1822,2,1655,1,167,1,1831,2,8888,23,10719,25,0,24,1,45,1,1753,0,70,24
03-13-21,Putnam,10737,13,8812,3,1925,10,10574,4,68160,92,78734,96,0,171,1,136,12,10430,0,204,173
03-13-21,Rhea,4193,4,3641,4,552,0,4075,4,25494,48,29569,52,0,73,0,41,4,4079,0,82,74
03-13-21,Roane,5991,7,4681,2,1310,5,5215,4,41191,101,46406,105,0,96,4,38,3,5857,0,142,98
03-13-21,Robertson,9108,20,7219,9,1889,11,8141,9,41309,73,49450,82,0,123,12,108,8,8877,0,405,125
03-13-21,Rutherford,39396,146,34033,77,5363,69,39615,82,220629,604,260244,686,0,393,83,577,63,38426,1,575,400
03-13-21,Scott,2912,3,1653,2,1259,1,1767,2,10958,25,12725,27,0,44,0,38,3,2830,0,60,44
03-13-21,Sequatchie,1592,3,1264,0,328,3,1381,1,11429,18,12810,19,1,27,1,29,1,1536,0,36,26
03-13-21,Sevier,12353,22,10781,8,1572,14,11871,8,63032,101,74903,109,0,166,1,241,21,11946,2,264,169
03-13-21,Shelby,88496,135,82327,101,6169,34,101539,113,900670,2844,1002209,2957,1,1529,65,773,69,86194,2,3428,1560
03-13-21,Smith,2610,6,1987,3,623,3,2494,2,12807,16,15301,18,0,36,5,49,1,2525,0,57,36
03-13-21,Stewart,1257,3,950,0,307,3,1076,0,6563,12,7639,12,0,25,3,9,0,1223,0,24,25
03-13-21,Sullivan,14762,21,12855,10,1907,11,13885,30,82564,308,96449,338,0,276,1,320,20,14166,0,717,278
03-13-21,Sumner,21802,46,19472,26,2330,20,22044,22,113804,326,135848,348,0,325,21,162,25,21315,0,691,328
03-13-21,Tipton,7003,7,4896,4,2107,3,5920,1,45025,103,50945,104,0,104,-1,49,8,6850,0,147,99
03-13-21,Trousdale,2415,1,2281,1,134,0,2443,1,8760,12,11203,13,0,22,0,18,1,2375,0,40,22
03-13-21,Unicoi,1823,2,1414,1,409,1,1563,2,12651,25,14214,27,0,47,1,27,1,1749,0,65,48
03-13-21,Union,1775,2,1508,1,267,1,1628,2,10047,24,11675,26,0,34,-2,24,4,1717,0,56,34
03-13-21,Van Buren,804,2,669,1,135,1,738,1,5186,7,5924,8,0,20,2,4,0,780,0,20,21
03-13-21,Warren,5344,5,4572,2,772,3,5190,3,31493,63,36683,66,0,78,0,42,5,5224,0,80,81
03-13-21,Washington,12927,26,11139,18,1788,8,12302,17,78673,265,90975,282,0,234,11,164,15,12529,3,335,233
03-13-21,Wayne,2894,3,2346,0,548,3,2580,0,10943,9,13523,9,0,30,2,27,1,2837,0,59,32
03-13-21,Weakley,3821,5,2864,3,957,2,3285,4,20911,19,24196,23,0,60,4,28,1,3733,0,62,60
03-13-21,White,3412,4,2823,1,589,3,3452,1,22014,39,25466,40,0,67,-2,33,6,3312,0,106,67
03-13-21,Williamson,25780,70,21916,40,3864,30,24340,38,173304,536,197644,574,0,207,47,173,23,25400,0,286,210
03-13-21,Wilson,16911,58,15252,43,1659,15,17379,47,96316,256,113695,303,0,212,29,193,29,16506,0,326,214
03-12-21,Anderson,8180,20,6189,17,1991,3,6945,21,59737,106,66682,127,0,159,8,201,12,7820,0,198,165
03-12-21,Bedford,5909,8,4744,6,1165,2,5473,9,29866,32,35339,41,1,122,-4,95,11,5692,0,127,122
03-12-21,Benton,1520,3,1222,3,298,0,1351,3,8667,13,10018,16,0,39,3,9,0,1472,0,35,40
03-12-21,Bledsoe,2028,3,1851,2,177,1,1964,2,14723,39,16687,41,0,10,-1,10,4,2008,0,32,11
03-12-21,Blount,14292,10,12307,9,1985,1,13559,11,69421,174,82980,185,0,186,-16,91,26,14015,0,322,186
03-12-21,Bradley,13352,56,11063,51,2289,5,12534,59,61917,144,74451,203,0,142,22,352,34,12858,2,540,143
03-12-21,Campbell,3897,5,2190,1,1707,4,2459,1,24180,31,26639,32,0,59,-3,75,8,3763,0,115,61
03-12-21,Cannon,1807,3,1460,1,347,2,1626,1,8811,10,10437,11,0,31,1,51,2,1725,0,36,31
03-12-21,Carroll,3492,3,2301,2,1191,1,2727,2,18980,20,21707,22,0,81,2,6,1,3405,0,78,82
03-12-21,Carter,6017,3,5268,3,749,0,5783,5,35503,49,41286,54,0,155,-7,43,10,5819,0,216,154
03-12-21,Cheatham,4028,13,3159,4,869,9,3574,5,25593,37,29167,42,0,46,9,93,4,3889,0,81,46
03-12-21,Chester,2039,6,1479,2,560,4,1763,1,11349,13,13112,14,0,48,4,10,2,1981,0,39,48
03-12-21,Claiborne,2889,3,1867,3,1022,0,2002,4,22950,36,24952,40,0,71,-1,60,4,2758,0,91,72
03-12-21,Clay,1072,0,740,0,332,0,850,0,5437,10,6287,10,0,31,0,1,0,1040,0,24,30
03-12-21,Cocke,4118,16,2788,4,1330,12,3081,6,20463,38,23544,44,0,96,5,109,11,3913,0,109,96
03-12-21,Coffee,6486,4,4532,4,1954,0,5551,6,43697,53,49248,59,0,115,-5,98,9,6273,0,117,115
03-12-21,Crockett,1971,0,1182,0,789,0,1379,0,7076,6,8455,6,0,49,-1,-14,1,1936,0,30,48
03-12-21,Cumberland,6179,7,5181,6,998,1,5939,9,46609,52,52548,61,0,123,3,69,4,5987,0,149,125
03-12-21,Davidson,82707,129,77956,107,4751,22,94791,120,895496,2658,990287,2778,0,883,-2,807,131,81017,1,1885,884
03-12-21,Decatur,1542,0,1152,0,390,0,1368,0,10743,9,12111,9,0,37,-3,5,3,1500,0,38,38
03-12-21,Dekalb,2687,3,1999,2,688,1,2310,4,16301,30,18611,34,0,51,-4,32,7,2604,0,54,51
03-12-21,Dickson,6345,3,4575,0,1770,3,5421,1,33361,58,38782,59,0,107,-6,62,9,6176,0,117,107
03-12-21,Dyer,5261,1,3480,0,1781,1,3925,0,21039,28,24964,28,0,102,0,27,1,5132,0,106,103
03-12-21,Fayette,4699,4,4060,3,639,1,4990,7,35483,49,40473,56,1,75,1,30,2,4594,1,122,72
03-12-21,Fentress,2314,5,2013,4,301,1,2299,4,12297,12,14596,16,0,44,4,14,1,2256,0,58,44
03-12-21,Franklin,4812,9,4043,7,769,2,4754,9,35093,37,39847,46,0,85,7,70,2,4657,1,105,86
03-12-21,Gibson,6196,5,3757,4,2439,1,4558,4,28267,33,32825,37,0,141,3,18,2,6037,1,105,142
03-12-21,Giles,3771,5,3148,0,623,5,3615,2,21937,20,25552,22,0,97,-5,27,10,3647,0,110,98
03-12-21,Grainger,2466,4,1852,2,614,2,2077,3,13399,39,15476,42,0,46,1,37,3,2383,0,66,47
03-12-21,Greene,7330,4,5820,4,1510,0,6505,5,45430,130,51935,135,0,148,-1,50,5,7132,1,176,148
03-12-21,Grundy,1714,3,1439,0,275,3,1649,0,8295,25,9944,25,0,30,-2,20,5,1664,0,55,30
03-12-21,Hamblen,8131,15,5781,4,2350,11,6498,6,44352,87,50850,93,1,169,5,82,9,7880,0,250,168
03-12-21,Hamilton,41111,60,35641,51,5470,9,39857,63,302074,609,341931,672,1,464,-10,489,69,40158,0,1092,469
03-12-21,Hancock,512,2,365,1,147,1,390,1,3712,8,4102,9,0,12,2,12,0,488,0,20,12
03-12-21,Hardeman,3395,1,2756,1,639,0,3223,1,24062,39,27285,40,0,65,1,2,0,3328,0,101,63
03-12-21,Hardin,3329,1,2285,1,1044,0,2723,1,22390,23,25113,24,0,64,1,18,0,3247,0,62,64
03-12-21,Hawkins,5344,16,4380,13,964,3,4718,14,32206,47,36924,61,2,100,5,97,9,5147,1,143,101
03-12-21,Haywood,2650,1,2225,1,425,0,2534,1,13220,13,15754,14,0,60,-1,3,2,2587,0,81,60
03-12-21,Henderson,3637,2,2541,1,1096,1,3184,1,15630,18,18814,19,0,74,2,6,0,3557,0,76,74
03-12-21,Henry,3028,3,2364,1,664,2,2732,1,17264,18,19996,19,0,75,0,1,3,2952,0,74,75
03-12-21,Hickman,2698,1,2181,1,517,0,2521,3,15647,35,18168,38,0,42,-4,34,5,2622,0,53,42
03-12-21,Houston,1044,0,787,0,257,0,898,0,9190,3,10088,3,0,33,0,4,0,1007,0,39,33
03-12-21,Humphreys,1574,1,1025,0,549,1,1199,0,11071,11,12270,11,0,21,-2,18,3,1535,0,31,21
03-12-21,Jackson,1257,2,989,2,268,0,1155,2,5249,8,6404,10,0,34,1,9,1,1214,0,39,35
03-12-21,Jefferson,5789,14,4034,9,1755,5,4563,9,36834,224,41397,233,0,120,0,108,14,5561,0,174,120
03-12-21,Johnson,2181,1,1952,1,229,0,2076,1,14370,26,16446,27,0,38,-1,10,2,2133,0,57,38
03-12-21,Knox,47300,62,40038,59,7262,3,43775,67,305723,699,349498,766,0,594,-53,575,115,46131,1,1301,596
03-12-21,Lake,1678,0,1492,0,186,0,1758,0,9638,6,11396,6,0,26,0,-2,0,1654,0,25,26
03-12-21,Lauderdale,3096,0,2417,0,679,0,2776,2,20142,13,22918,15,0,44,0,12,0,3040,0,82,43
03-12-21,Lawrence,5585,0,4377,0,1208,0,4826,0,27885,28,32711,28,0,84,-4,22,4,5479,0,142,85
03-12-21,Lewis,1483,1,1150,0,333,1,1244,0,9672,4,10916,4,0,25,0,8,1,1450,0,41,25
03-12-21,Lincoln,4166,6,3254,3,912,3,3698,3,16878,24,20576,27,0,62,-4,33,10,4071,0,80,60
03-12-21,Loudon,5806,1,4513,0,1293,1,4938,1,29787,46,34725,47,1,67,-12,79,12,5660,0,130,68
03-12-21,Macon,3392,3,2673,1,719,2,3148,2,15159,36,18307,38,1,74,0,33,2,3285,0,118,74
03-12-21,Madison,10193,8,5729,4,4464,4,6980,9,52502,56,59482,65,0,234,2,-627,6,10586,0,335,235
03-12-21,Marion,2989,5,2567,5,422,0,2866,5,17900,38,20766,43,0,45,1,18,4,2926,0,108,46
03-12-21,Marshall,3941,0,3166,0,775,0,3579,0,22119,28,25698,28,0,57,-4,38,4,3846,0,86,57
03-12-21,Maury,12341,7,10971,7,1370,0,12128,10,69645,72,81773,82,0,162,-7,35,14,12144,0,280,161
03-12-21,McMinn,6020,16,5377,16,643,0,5937,16,40382,78,46319,94,0,93,9,86,7,5841,0,147,94
03-12-21,McNairy,2698,2,1921,2,777,0,2337,2,17516,23,19853,25,0,53,0,-17,2,2662,0,63,53
03-12-21,Meigs,1276,0,1156,0,120,0,1285,0,7641,14,8926,14,0,23,-2,8,2,1245,0,38,23
03-12-21,Monroe,5442,7,4318,6,1124,1,4854,8,25686,45,30540,53,0,92,0,97,7,5253,0,148,94
03-12-21,Montgomery,17683,20,13018,7,4665,13,14327,7,106072,164,120399,171,0,213,-15,-127,35,17597,1,296,219
03-12-21,Moore,947,1,738,1,209,0,835,1,4646,7,5481,8,0,17,0,4,1,926,0,16,17
03-12-21,Morgan,2333,4,1742,4,591,0,1888,4,14557,16,16445,20,0,38,3,27,1,2268,1,38,38
03-12-21,Obion,4378,0,3258,0,1120,0,3690,0,21515,43,25205,43,0,95,-1,6,1,4277,0,98,96
03-12-21,Out of State,16493,34,13188,23,3305,11,14900,28,589657,959,604557,987,0,103,11,173,23,16217,0,199,94
03-12-21,Overton,2887,6,2179,6,708,0,2564,7,14397,34,16961,41,0,58,5,36,1,2793,0,63,60
03-12-21,Pending,15548,23,10085,15,5463,8,11206,15,381844,724,393050,739,0,128,2,125,21,15295,0,135,129
03-12-21,Perry,1042,1,898,1,144,0,1012,1,5921,6,6933,7,0,28,1,3,0,1011,0,28,28
03-12-21,Pickett,743,0,492,0,251,0,594,1,3724,3,4318,4,0,23,0,2,0,718,0,28,24
03-12-21,Polk,1820,8,1654,7,166,1,1829,5,8865,21,10694,26,0,24,2,44,6,1752,1,70,24
03-12-21,Putnam,10724,13,8809,11,1915,2,10570,19,68068,150,78638,169,0,171,5,135,8,10418,0,204,173
03-12-21,Rhea,4189,8,3637,6,552,2,4071,6,25446,44,29517,50,0,73,2,41,6,4075,0,82,74
03-12-21,Roane,5984,7,4679,5,1305,2,5211,6,41090,63,46301,69,0,96,0,34,7,5854,0,142,98
03-12-21,Robertson,9088,8,7210,6,1878,2,8132,7,41236,61,49368,68,0,123,1,96,7,8869,0,405,124
03-12-21,Rutherford,39250,57,33956,40,5294,17,39533,46,220025,423,259558,469,1,393,-25,494,81,38363,0,574,399
03-12-21,Scott,2909,2,1651,1,1258,1,1765,1,10933,25,12698,26,0,44,-4,38,6,2827,0,60,44
03-12-21,Sequatchie,1589,2,1264,1,325,1,1380,1,11411,32,12791,33,-1,26,-3,28,6,1535,0,36,26
03-12-21,Sevier,12331,41,10773,22,1558,19,11863,26,62931,155,74794,181,0,166,25,240,16,11925,0,262,169
03-12-21,Shelby,88361,113,82226,96,6135,17,101426,127,897826,2138,999252,2265,5,1528,29,708,79,86125,1,3426,1560
03-12-21,Smith,2604,9,1984,5,620,4,2492,6,12791,28,15283,34,0,36,6,44,3,2524,0,57,36
03-12-21,Stewart,1254,2,950,0,304,2,1076,0,6551,7,7627,7,0,25,2,6,0,1223,0,24,25
03-12-21,Sullivan,14741,31,12845,26,1896,5,13855,23,82256,93,96111,116,0,276,20,319,11,14146,0,717,278
03-12-21,Sumner,21756,48,19446,42,2310,6,22022,44,113478,184,135500,228,0,325,16,141,32,21290,0,691,328
03-12-21,Tipton,6996,6,4892,1,2104,5,5919,1,44922,85,50841,86,0,104,-6,50,12,6842,0,147,99
03-12-21,Trousdale,2414,1,2280,1,134,0,2442,1,8748,18,11190,19,0,22,1,18,0,2374,0,40,22
03-12-21,Unicoi,1821,1,1413,1,408,0,1561,1,12626,22,14187,23,0,47,0,26,1,1748,0,65,48
03-12-21,Union,1773,7,1507,6,266,1,1626,8,10023,16,11649,24,0,34,0,26,7,1713,0,56,34
03-12-21,Van Buren,802,1,668,0,134,1,737,0,5179,7,5916,7,0,20,1,2,0,780,0,20,21
03-12-21,Warren,5339,6,4570,6,769,0,5187,7,31430,46,36617,53,0,78,2,42,4,5219,0,80,80
03-12-21,Washington,12901,20,11121,19,1780,1,12285,23,78408,154,90693,177,0,234,7,153,13,12514,0,332,233
03-12-21,Wayne,2891,1,2346,0,545,1,2580,0,10934,19,13514,19,0,30,1,25,0,2836,0,59,32
03-12-21,Weakley,3816,2,2861,1,955,1,3281,2,20892,54,24173,56,0,60,1,24,1,3732,0,62,60
03-12-21,White,3408,4,2822,1,586,3,3451,2,21975,42,25426,44,0,67,-4,35,8,3306,0,106,67
03-12-21,Williamson,25710,29,21876,20,3834,9,24302,25,172768,439,197070,464,3,207,-29,126,55,25377,0,286,210
03-12-21,Wilson,16853,19,15209,16,1644,3,17332,19,96060,199,113392,218,0,212,-14,164,33,16477,0,326,214
03-11-21,Anderson,8160,24,6172,10,1988,14,6924,8,59631,97,66555,105,0,159,2,193,22,7808,1,198,165
03-11-21,Bedford,5901,16,4738,11,1163,5,5464,11,29834,74,35298,85,0,121,11,99,5,5681,0,127,122
03-11-21,Benton,1517,1,1219,0,298,1,1348,0,8654,7,10002,7,0,39,-2,6,3,1472,0,35,40
03-11-21,Bledsoe,2025,3,1849,3,176,0,1962,3,14684,33,16646,36,0,10,-3,11,6,2004,0,32,11
03-11-21,Blount,14282,24,12298,15,1984,9,13548,15,69247,148,82795,163,1,186,2,107,21,13989,0,322,185
03-11-21,Bradley,13296,55,11012,33,2284,22,12475,35,61773,183,74248,218,1,142,36,330,18,12824,1,538,143
03-11-21,Campbell,3892,14,2189,2,1703,12,2458,2,24149,18,26607,20,0,59,12,78,2,3755,0,115,61
03-11-21,Cannon,1804,1,1459,0,345,1,1625,0,8801,25,10426,25,0,31,-1,50,2,1723,0,36,31
03-11-21,Carroll,3489,3,2299,2,1190,1,2725,4,18960,17,21685,21,0,81,2,4,1,3404,0,78,82
03-11-21,Carter,6014,7,5265,6,749,1,5778,6,35454,63,41232,69,0,155,1,50,6,5809,1,216,154
03-11-21,Cheatham,4015,14,3155,8,860,6,3569,8,25556,51,29125,59,1,46,-1,84,14,3885,0,81,46
03-11-21,Chester,2033,2,1477,2,556,0,1762,3,11336,7,13098,10,0,48,2,6,0,1979,0,39,48
03-11-21,Claiborne,2886,10,1864,6,1022,4,1998,7,22914,21,24912,28,0,71,0,61,10,2754,0,91,72
03-11-21,Clay,1072,0,740,0,332,0,850,0,5427,11,6277,11,0,31,-2,1,2,1040,0,24,30
03-11-21,Cocke,4102,10,2784,1,1318,9,3075,4,20425,24,23500,28,0,96,6,104,4,3902,0,109,96
03-11-21,Coffee,6482,13,4528,9,1954,4,5545,8,43644,72,49189,80,0,115,2,103,11,6264,1,117,115
03-11-21,Crockett,1971,0,1182,0,789,0,1379,0,7070,12,8449,12,1,49,-1,-13,0,1935,0,30,48
03-11-21,Cumberland,6172,4,5175,1,997,3,5930,2,46557,46,52487,48,0,123,-6,66,10,5983,0,149,125
03-11-21,Davidson,82578,158,77849,131,4729,27,94671,148,892838,4626,987509,4774,2,883,18,809,138,80886,2,1884,883
03-11-21,Decatur,1542,0,1152,0,390,0,1368,0,10734,9,12102,9,0,37,0,8,0,1497,0,38,38
03-11-21,Dekalb,2684,1,1997,0,687,1,2306,1,16271,26,18577,27,0,51,-4,36,5,2597,0,54,51
03-11-21,Dickson,6342,13,4575,8,1767,5,5420,8,33303,71,38723,79,0,107,2,68,11,6167,0,117,107
03-11-21,Dyer,5260,5,3480,3,1780,2,3925,2,21011,25,24936,27,0,102,2,27,3,5131,0,106,103
03-11-21,Fayette,4695,5,4057,3,638,2,4983,3,35434,83,40417,86,0,74,-2,29,7,4592,0,121,72
03-11-21,Fentress,2309,3,2009,1,300,2,2295,1,12285,13,14580,14,0,44,2,10,1,2255,0,58,44
03-11-21,Franklin,4803,4,4036,3,767,1,4745,4,35056,52,39801,56,0,85,-8,63,12,4655,0,104,85
03-11-21,Gibson,6191,2,3753,2,2438,0,4554,4,28234,86,32788,90,0,141,1,15,1,6035,0,104,142
03-11-21,Giles,3766,6,3148,6,618,0,3613,6,21917,21,25530,27,0,97,4,32,2,3637,0,110,98
03-11-21,Grainger,2462,2,1850,2,612,0,2074,3,13360,16,15434,19,0,46,-3,36,5,2380,0,66,47
03-11-21,Greene,7326,6,5816,5,1510,1,6500,6,45300,151,51800,157,0,148,0,51,6,7127,0,175,148
03-11-21,Grundy,1711,1,1439,1,272,0,1649,2,8270,18,9919,20,0,30,-2,22,3,1659,0,55,30
03-11-21,Hamblen,8116,4,5777,0,2339,4,6492,2,44265,39,50757,41,0,168,-7,77,11,7871,0,250,168
03-11-21,Hamilton,41051,57,35590,37,5461,20,39794,44,301465,548,341259,592,-1,463,-3,499,61,40089,0,1092,469
03-11-21,Hancock,510,2,364,2,146,0,389,1,3704,7,4093,8,0,12,2,10,0,488,1,20,12
03-11-21,Hardeman,3394,3,2755,2,639,1,3222,2,24023,22,27245,24,0,65,-1,1,4,3328,0,101,63
03-11-21,Hardin,3328,1,2284,0,1044,1,2722,0,22367,25,25089,25,0,64,0,17,1,3247,0,62,64
03-11-21,Hawkins,5328,5,4367,3,961,2,4704,4,32159,102,36863,106,0,98,-3,92,8,5138,1,142,100
03-11-21,Haywood,2649,1,2224,1,425,0,2533,1,13207,10,15740,11,0,60,1,4,0,2585,0,81,60
03-11-21,Henderson,3635,1,2540,0,1095,1,3183,0,15612,11,18795,11,0,74,0,4,1,3557,0,76,74
03-11-21,Henry,3025,6,2363,4,662,2,2731,5,17246,16,19977,21,0,75,5,1,1,2949,0,74,75
03-11-21,Hickman,2697,6,2180,4,517,2,2518,4,15612,26,18130,30,0,42,-2,38,8,2617,0,53,42
03-11-21,Houston,1044,3,787,3,257,0,898,5,9187,8,10085,13,0,33,3,4,0,1007,0,39,33
03-11-21,Humphreys,1573,4,1025,1,548,3,1199,2,11060,12,12259,14,0,21,-2,20,6,1532,0,31,21
03-11-21,Jackson,1255,1,987,1,268,0,1153,1,5241,9,6394,10,0,34,0,8,1,1213,0,39,35
03-11-21,Jefferson,5775,13,4025,5,1750,8,4554,4,36610,53,41164,57,0,120,-1,108,14,5547,0,174,120
03-11-21,Johnson,2180,2,1951,1,229,1,2075,0,14344,20,16419,20,0,38,-3,11,5,2131,0,57,38
03-11-21,Knox,47238,85,39979,58,7259,27,43708,67,305024,613,348732,680,2,594,-18,628,101,46016,0,1300,594
03-11-21,Lake,1678,0,1492,0,186,0,1758,0,9632,9,11390,9,0,26,-1,-2,1,1654,0,25,26
03-11-21,Lauderdale,3096,2,2417,0,679,2,2774,0,20129,31,22903,31,0,44,1,12,1,3040,0,82,43
03-11-21,Lawrence,5585,7,4377,5,1208,2,4826,5,27857,39,32683,44,0,84,0,26,7,5475,1,142,85
03-11-21,Lewis,1482,0,1150,0,332,0,1244,0,9668,6,10912,6,0,25,-3,8,3,1449,0,41,25
03-11-21,Lincoln,4160,3,3251,1,909,2,3695,1,16854,28,20549,29,0,62,0,37,3,4061,0,80,60
03-11-21,Loudon,5805,13,4513,8,1292,5,4937,10,29741,38,34678,48,0,66,5,91,8,5648,0,130,67
03-11-21,Macon,3389,2,2672,2,717,0,3146,2,15123,36,18269,38,0,73,0,33,2,3283,0,118,74
03-11-21,Madison,10185,14,5725,7,4460,7,6971,8,52446,70,59417,78,0,234,10,-629,4,10580,0,335,234
03-11-21,Marion,2984,6,2562,4,422,2,2861,4,17862,24,20723,28,0,45,2,17,4,2922,0,108,46
03-11-21,Marshall,3941,7,3166,1,775,6,3579,2,22091,21,25670,23,0,57,3,42,4,3842,0,86,57
03-11-21,Maury,12334,21,10964,20,1370,1,12118,19,69573,90,81691,109,0,162,9,42,12,12130,3,280,161
03-11-21,McMinn,6004,11,5361,6,643,5,5921,6,40304,141,46225,147,0,93,-2,77,13,5834,0,147,94
03-11-21,McNairy,2696,2,1919,2,777,0,2335,2,17493,9,19828,11,0,53,0,-17,2,2660,0,63,53
03-11-21,Meigs,1276,0,1156,0,120,0,1285,0,7627,21,8912,21,0,23,-1,10,1,1243,0,38,23
03-11-21,Monroe,5435,8,4312,7,1123,1,4846,7,25641,46,30487,53,0,92,-4,97,12,5246,0,148,94
03-11-21,Montgomery,17663,30,13011,19,4652,11,14320,22,105908,200,120228,222,0,213,-2,-112,32,17562,0,295,218
03-11-21,Moore,946,0,737,0,209,0,834,0,4639,9,5473,9,0,17,-1,4,1,925,0,16,17
03-11-21,Morgan,2329,4,1738,3,591,1,1884,4,14541,15,16425,19,0,38,2,24,2,2267,0,37,38
03-11-21,Obion,4378,3,3258,2,1120,1,3690,2,21472,40,25162,42,0,95,2,7,1,4276,0,98,96
03-11-21,Out of State,16459,32,13165,27,3294,5,14872,35,588698,1857,603570,1892,3,103,8,162,21,16194,0,199,94
03-11-21,Overton,2881,2,2173,0,708,2,2557,0,14363,22,16920,22,0,58,-2,31,4,2792,0,63,59
03-11-21,Pending,15525,36,10070,21,5455,15,11191,23,381120,1110,392311,1133,-1,128,2,123,35,15274,0,135,129
03-11-21,Perry,1041,2,897,0,144,2,1011,0,5915,3,6926,3,0,28,2,2,0,1011,0,28,28
03-11-21,Pickett,743,0,492,0,251,0,593,0,3721,6,4314,6,0,23,0,2,0,718,0,28,24
03-11-21,Polk,1812,2,1647,2,165,0,1824,2,8844,25,10668,27,1,24,-5,42,6,1746,0,69,24
03-11-21,Putnam,10711,13,8798,6,1913,7,10551,8,67918,102,78469,110,0,171,3,130,10,10410,0,204,172
03-11-21,Rhea,4181,2,3631,2,550,0,4065,2,25402,39,29467,41,0,73,1,39,1,4069,0,82,74
03-11-21,Roane,5977,5,4674,4,1303,1,5205,4,41027,65,46232,69,0,96,-5,34,10,5847,0,142,98
03-11-21,Robertson,9080,14,7204,8,1876,6,8125,9,41175,87,49300,96,1,123,0,95,13,8862,1,405,124
03-11-21,Rutherford,39193,92,33916,56,5277,36,39487,61,219602,600,259089,661,1,392,15,519,76,38282,0,574,397
03-11-21,Scott,2907,5,1650,1,1257,4,1764,1,10908,11,12672,12,0,44,0,42,5,2821,0,60,44
03-11-21,Sequatchie,1587,2,1263,0,324,2,1379,0,11379,7,12758,7,1,27,-6,31,7,1529,0,36,26
03-11-21,Sevier,12290,36,10751,18,1539,18,11837,21,62776,135,74613,156,1,166,23,215,12,11909,0,262,167
03-11-21,Shelby,88248,112,82130,101,6118,11,101299,124,895688,3757,996987,3881,1,1523,9,679,102,86046,1,3425,1560
03-11-21,Smith,2595,4,1979,4,616,0,2486,4,12763,23,15249,27,0,36,-1,38,5,2521,0,57,36
03-11-21,Stewart,1252,3,950,2,302,1,1076,2,6544,6,7620,8,0,25,3,4,0,1223,0,24,25
03-11-21,Sullivan,14710,92,12819,84,1891,8,13832,74,82163,374,95995,448,0,276,60,299,32,14135,0,717,277
03-11-21,Sumner,21708,52,19404,31,2304,21,21978,34,113294,284,135272,318,2,325,10,125,40,21258,1,691,328
03-11-21,Tipton,6990,4,4891,1,2099,3,5918,2,44837,111,50755,113,0,104,-8,56,12,6830,0,147,99
03-11-21,Trousdale,2413,3,2279,2,134,1,2441,2,8730,14,11171,16,0,22,-1,17,4,2374,0,40,22
03-11-21,Unicoi,1820,0,1412,0,408,0,1560,1,12604,19,14164,20,0,47,-1,26,1,1747,0,65,48
03-11-21,Union,1766,3,1501,3,265,0,1618,2,10007,10,11625,12,0,34,0,26,3,1706,0,56,34
03-11-21,Van Buren,801,0,668,0,133,0,737,0,5172,5,5909,5,0,20,-3,1,3,780,0,20,21
03-11-21,Warren,5333,6,4564,4,769,2,5180,4,31384,49,36564,53,0,78,0,40,6,5215,0,80,79
03-11-21,Washington,12881,21,11102,8,1779,13,12262,8,78254,152,90516,160,0,234,6,146,15,12501,0,332,233
03-11-21,Wayne,2890,3,2346,2,544,1,2580,3,10915,10,13495,13,0,30,1,24,2,2836,0,59,31
03-11-21,Weakley,3814,5,2860,3,954,2,3279,4,20838,21,24117,25,0,60,4,23,1,3731,0,62,60
03-11-21,White,3404,1,2821,0,583,1,3449,1,21933,26,25382,27,0,67,-7,39,8,3298,0,106,67
03-11-21,Williamson,25681,46,21856,25,3825,21,24277,27,172329,580,196606,607,0,204,0,155,46,25322,0,286,209
03-11-21,Wilson,16834,34,15193,25,1641,9,17313,26,95861,209,113174,235,0,212,0,178,34,16444,0,326,214
03-10-21,Anderson,8136,22,6162,13,1974,9,6916,16,59534,157,66450,173,0,159,11,191,11,7786,1,197,164
03-10-21,Bedford,5885,22,4727,14,1158,8,5453,13,29760,99,35213,112,0,121,19,88,3,5676,0,127,122
03-10-21,Benton,1516,4,1219,2,297,2,1348,2,8647,12,9995,14,0,39,4,8,0,1469,0,35,40
03-10-21,Bledsoe,2022,3,1846,2,176,1,1959,2,14651,38,16610,40,0,10,-1,14,4,1998,0,32,10
03-10-21,Blount,14258,35,12283,26,1975,9,13533,25,69099,221,82632,246,0,185,-9,105,44,13968,2,322,184
03-10-21,Bradley,13241,46,10979,33,2262,13,12440,35,61590,181,74030,216,0,141,19,294,27,12806,1,537,143
03-10-21,Campbell,3878,10,2187,5,1691,5,2456,9,24131,31,26587,40,0,59,2,66,8,3753,0,115,61
03-10-21,Cannon,1803,5,1459,4,344,1,1625,4,8776,23,10401,27,0,31,1,51,4,1721,1,36,31
03-10-21,Carroll,3486,2,2297,2,1189,0,2721,2,18943,19,21664,21,0,81,1,2,1,3403,0,78,82
03-10-21,Carter,6007,6,5259,5,748,1,5772,5,35391,129,41163,134,0,155,-3,49,9,5803,0,215,154
03-10-21,Cheatham,4001,9,3147,7,854,2,3561,9,25505,63,29066,72,0,45,-1,85,10,3871,0,81,46
03-10-21,Chester,2031,2,1475,2,556,0,1759,2,11329,72,13088,74,0,48,1,4,1,1979,0,39,48
03-10-21,Claiborne,2876,7,1858,7,1018,0,1991,7,22893,98,24884,105,0,71,-16,61,23,2744,0,91,72
03-10-21,Clay,1072,1,740,1,332,0,850,2,5416,14,6266,16,0,31,-1,3,2,1038,0,24,30
03-10-21,Cocke,4092,26,2783,14,1309,12,3071,14,20401,106,23472,120,0,96,22,98,4,3898,0,109,96
03-10-21,Coffee,6469,11,4519,4,1950,7,5537,4,43572,155,49109,159,0,115,-2,101,13,6253,0,116,115
03-10-21,Crockett,1971,0,1182,0,789,0,1379,0,7058,9,8437,9,1,48,-2,-12,1,1935,0,30,48
03-10-21,Cumberland,6168,21,5174,13,994,8,5928,15,46511,115,52439,130,0,123,19,72,2,5973,1,149,125
03-10-21,Davidson,82420,152,77718,124,4702,28,94523,148,888212,3912,982735,4060,0,881,-3,791,155,80748,3,1882,883
03-10-21,Decatur,1542,0,1152,0,390,0,1368,0,10725,13,12093,13,0,37,0,8,0,1497,0,38,38
03-10-21,Dekalb,2683,4,1997,3,686,1,2305,3,16245,42,18550,45,0,51,3,40,1,2592,0,54,51
03-10-21,Dickson,6329,5,4567,5,1762,0,5412,8,33232,91,38644,99,0,107,-7,66,12,6156,0,117,107
03-10-21,Dyer,5255,4,3477,3,1778,1,3923,5,20986,39,24909,44,0,102,1,25,3,5128,1,106,103
03-10-21,Fayette,4690,8,4054,4,636,4,4980,5,35351,105,40331,110,0,74,2,31,6,4585,1,121,72
03-10-21,Fentress,2306,1,2008,1,298,0,2294,1,12272,101,14566,102,0,44,-2,8,3,2254,0,58,44
03-10-21,Franklin,4799,15,4033,13,766,2,4741,13,35004,204,39745,217,0,85,12,71,3,4643,0,104,85
03-10-21,Gibson,6189,2,3751,2,2438,0,4550,2,28148,40,32698,42,0,141,0,14,2,6034,0,104,142
03-10-21,Giles,3760,4,3142,4,618,0,3607,5,21896,43,25503,48,0,97,3,28,1,3635,0,110,97
03-10-21,Grainger,2460,4,1848,3,612,1,2071,3,13344,48,15415,51,0,46,3,39,1,2375,0,66,47
03-10-21,Greene,7320,10,5811,7,1509,3,6494,7,45149,345,51643,352,1,148,-1,51,10,7121,1,175,148
03-10-21,Grundy,1710,0,1438,0,272,0,1647,0,8252,66,9899,66,0,30,-4,24,4,1656,0,55,30
03-10-21,Hamblen,8112,16,5777,8,2335,8,6490,9,44226,126,50716,135,1,168,2,84,13,7860,0,250,168
03-10-21,Hamilton,40994,98,35553,77,5441,21,39750,83,300917,865,340667,948,0,464,28,502,70,40028,6,1092,467
03-10-21,Hancock,508,4,362,1,146,3,388,1,3697,7,4085,8,0,12,3,8,1,488,0,19,12
03-10-21,Hardeman,3391,2,2753,1,638,1,3220,1,24001,25,27221,26,0,65,-1,2,3,3324,0,101,63
03-10-21,Hardin,3327,3,2284,3,1043,0,2722,3,22342,30,25064,33,0,64,2,17,1,3246,0,62,64
03-10-21,Hawkins,5323,23,4364,20,959,3,4700,21,32057,196,36757,217,0,98,7,95,16,5130,1,141,100
03-10-21,Haywood,2648,2,2223,2,425,0,2532,2,13197,25,15729,27,0,60,0,3,2,2585,0,81,60
03-10-21,Henderson,3634,4,2540,4,1094,0,3183,4,15601,17,18784,21,0,74,0,4,4,3556,1,76,74
03-10-21,Henry,3019,4,2359,4,660,0,2726,4,17230,34,19956,38,0,75,2,-4,2,2948,0,74,75
03-10-21,Hickman,2691,10,2176,5,515,5,2514,5,15586,48,18100,53,0,42,4,40,6,2609,0,53,42
03-10-21,Houston,1041,2,784,2,257,0,893,1,9179,9,10072,10,1,33,0,1,1,1007,0,39,33
03-10-21,Humphreys,1569,3,1024,0,545,3,1197,0,11048,21,12245,21,0,21,1,22,2,1526,0,31,21
03-10-21,Jackson,1254,1,986,1,268,0,1152,1,5232,38,6384,39,-1,34,2,8,0,1212,0,39,35
03-10-21,Jefferson,5762,17,4020,7,1742,10,4550,9,36557,130,41107,139,1,120,1,109,15,5533,0,174,120
03-10-21,Johnson,2178,3,1950,3,228,0,2075,3,14324,102,16399,105,0,38,3,14,0,2126,0,57,38
03-10-21,Knox,47153,94,39921,71,7232,23,43641,80,304411,999,348052,1079,2,592,25,646,67,45915,1,1300,593
03-10-21,Lake,1678,0,1492,0,186,0,1758,0,9623,25,11381,25,0,26,0,-1,0,1653,0,25,26
03-10-21,Lauderdale,3094,0,2417,0,677,0,2774,2,20098,33,22872,35,1,44,-2,11,1,3039,0,82,43
03-10-21,Lawrence,5578,7,4372,6,1206,1,4821,7,27818,68,32639,75,0,84,6,26,1,5468,1,141,84
03-10-21,Lewis,1482,2,1150,0,332,2,1244,0,9662,7,10906,7,0,25,1,11,1,1446,0,41,25
03-10-21,Lincoln,4157,6,3250,3,907,3,3694,5,16826,53,20520,58,0,62,-1,37,7,4058,0,80,60
03-10-21,Loudon,5792,7,4505,5,1287,2,4927,8,29703,62,34630,70,0,66,-3,86,10,5640,0,130,67
03-10-21,Macon,3387,4,2670,3,717,1,3144,3,15087,69,18231,72,0,73,4,33,0,3281,0,118,74
03-10-21,Madison,10171,14,5718,12,4453,2,6963,12,52376,87,59339,99,2,234,3,-639,9,10576,0,335,234
03-10-21,Marion,2978,5,2558,4,420,1,2857,4,17838,128,20695,132,0,45,-3,15,8,2918,0,108,46
03-10-21,Marshall,3934,6,3165,3,769,3,3577,5,22070,47,25647,52,0,57,1,39,5,3838,0,86,57
03-10-21,Maury,12313,29,10944,13,1369,16,12099,14,69483,135,81582,149,0,162,16,33,13,12118,0,277,161
03-10-21,McMinn,5993,12,5355,9,638,3,5915,11,40163,159,46078,170,0,93,1,79,11,5821,1,147,94
03-10-21,McNairy,2694,4,1917,3,777,1,2333,3,17484,26,19817,29,0,53,2,-17,2,2658,0,63,53
03-10-21,Meigs,1276,2,1156,2,120,0,1285,2,7606,22,8891,24,0,23,0,11,2,1242,0,38,23
03-10-21,Monroe,5427,5,4305,4,1122,1,4839,5,25595,116,30434,121,0,92,-7,101,12,5234,0,148,94
03-10-21,Montgomery,17633,50,12992,38,4641,12,14298,39,105708,345,120006,384,0,213,-6,-110,56,17530,0,295,218
03-10-21,Moore,946,0,737,0,209,0,834,0,4630,17,5464,17,0,17,-2,5,2,924,0,16,17
03-10-21,Morgan,2325,8,1735,6,590,2,1880,6,14526,31,16406,37,0,38,7,22,1,2265,0,37,38
03-10-21,Obion,4375,1,3256,0,1119,1,3688,3,21432,44,25120,47,0,95,1,5,0,4275,0,98,96
03-10-21,Out of State,16427,38,13138,18,3289,20,14837,23,586841,1979,601678,2002,1,100,-17,154,54,16173,0,199,94
03-10-21,Overton,2879,3,2173,2,706,1,2557,2,14341,56,16898,58,0,58,2,33,1,2788,0,63,59
03-10-21,Pending,15489,28,10049,17,5440,11,11168,22,380010,1160,391178,1182,2,129,6,121,20,15239,0,135,129
03-10-21,Perry,1039,2,897,1,142,1,1011,2,5912,7,6923,9,0,28,2,0,0,1011,0,28,28
03-10-21,Pickett,743,0,492,0,251,0,593,0,3715,53,4308,53,0,23,0,2,0,718,0,28,24
03-10-21,Polk,1810,3,1645,2,165,1,1822,3,8819,35,10641,38,1,23,0,47,2,1740,1,69,24
03-10-21,Putnam,10698,20,8792,15,1906,5,10543,19,67816,392,78359,411,1,171,16,127,3,10400,0,204,172
03-10-21,Rhea,4179,8,3629,8,550,0,4063,9,25363,93,29426,102,0,73,1,38,7,4068,0,82,73
03-10-21,Roane,5972,9,4670,4,1302,5,5201,5,40962,141,46163,146,0,96,-2,39,11,5837,0,142,98
03-10-21,Robertson,9066,12,7196,6,1870,6,8116,6,41088,73,49204,79,0,122,3,95,9,8849,0,404,124
03-10-21,Rutherford,39101,105,33860,72,5241,33,39426,78,219002,676,258428,754,0,391,23,504,82,38206,0,574,397
03-10-21,Scott,2902,5,1649,3,1253,2,1763,5,10897,26,12660,31,0,44,1,42,4,2816,0,60,44
03-10-21,Sequatchie,1585,3,1263,2,322,1,1379,2,11372,36,12751,38,0,26,-3,37,6,1522,0,36,26
03-10-21,Sevier,12254,44,10733,25,1521,19,11816,26,62641,226,74457,252,0,165,19,192,25,11897,1,262,167
03-10-21,Shelby,88136,124,82029,102,6107,22,101175,122,891931,4192,993106,4314,3,1522,-9,670,130,85944,1,3424,1559
03-10-21,Smith,2591,6,1975,4,616,2,2482,5,12740,48,15222,53,0,36,5,39,1,2516,0,57,36
03-10-21,Stewart,1249,0,948,0,301,0,1074,2,6538,22,7612,24,0,25,0,1,0,1223,0,24,25
03-10-21,Sullivan,14618,66,12735,55,1883,11,13758,52,81789,184,95547,236,1,276,40,239,25,14103,0,717,277
03-10-21,Sumner,21656,49,19373,27,2283,22,21944,26,113010,402,134954,428,0,323,6,115,43,21218,0,690,327
03-10-21,Tipton,6986,9,4890,5,2096,4,5916,6,44726,159,50642,165,0,104,4,64,5,6818,0,147,99
03-10-21,Trousdale,2410,1,2277,1,133,0,2439,1,8716,10,11155,11,0,22,-1,18,2,2370,0,40,22
03-10-21,Unicoi,1820,7,1412,3,408,4,1559,4,12585,40,14144,44,0,47,6,27,1,1746,0,65,48
03-10-21,Union,1763,5,1498,5,265,0,1616,5,9997,25,11613,30,0,34,-1,26,6,1703,0,56,34
03-10-21,Van Buren,801,1,668,0,133,1,737,1,5167,32,5904,33,0,20,1,4,0,777,0,20,21
03-10-21,Warren,5327,9,4560,5,767,4,5176,9,31335,143,36511,152,0,78,5,40,4,5209,0,80,79
03-10-21,Washington,12860,17,11094,11,1766,6,12254,13,78102,290,90356,303,0,234,0,140,17,12486,0,332,233
03-10-21,Wayne,2887,3,2344,2,543,1,2577,2,10905,19,13482,21,0,30,1,23,2,2834,0,59,30
03-10-21,Weakley,3809,6,2857,3,952,3,3275,6,20817,23,24092,29,0,60,3,19,3,3730,1,62,60
03-10-21,White,3403,6,2821,6,582,0,3448,7,21907,65,25355,72,0,67,-1,46,7,3290,1,106,67
03-10-21,Williamson,25635,49,21831,29,3804,20,24250,34,171749,629,195999,663,0,204,4,155,45,25276,0,286,209
03-10-21,Wilson,16800,71,15168,56,1632,15,17287,53,95652,427,112939,480,0,212,16,178,55,16410,1,326,214
03-09-21,Anderson,8114,21,6149,8,1965,13,6900,9,59377,65,66277,74,0,159,3,180,18,7775,3,196,164
03-09-21,Bedford,5863,13,4713,9,1150,4,5440,10,29661,61,35101,71,1,121,6,69,6,5673,0,127,121
03-09-21,Benton,1512,2,1217,1,295,1,1346,1,8635,11,9981,12,0,39,2,4,0,1469,0,35,40
03-09-21,Bledsoe,2019,4,1844,2,175,2,1957,2,14613,25,16570,27,0,10,3,15,1,1994,0,32,10
03-09-21,Blount,14223,20,12257,11,1966,9,13508,13,68878,152,82386,165,0,185,-12,114,32,13924,0,320,183
03-09-21,Bradley,13195,39,10946,26,2249,13,12405,28,61409,83,73814,111,0,141,0,275,39,12779,1,536,143
03-09-21,Campbell,3868,27,2182,3,1686,24,2447,3,24100,25,26547,28,0,59,23,64,4,3745,1,115,61
03-09-21,Cannon,1798,5,1455,0,343,5,1621,0,8753,15,10374,15,1,31,-2,50,6,1717,0,35,31
03-09-21,Carroll,3484,2,2295,2,1189,0,2719,2,18924,14,21643,16,0,81,-1,1,3,3402,0,78,82
03-09-21,Carter,6001,6,5254,2,747,4,5767,4,35262,55,41029,59,0,155,-3,52,9,5794,0,215,154
03-09-21,Cheatham,3992,5,3140,5,852,0,3552,7,25442,58,28994,65,1,45,-7,86,11,3861,0,81,46
03-09-21,Chester,2029,3,1473,3,556,0,1757,4,11257,7,13014,11,0,48,2,3,1,1978,0,39,48
03-09-21,Claiborne,2869,4,1851,3,1018,1,1984,4,22795,18,24779,22,2,71,-5,77,7,2721,0,91,72
03-09-21,Clay,1071,0,739,0,332,0,848,0,5402,9,6250,9,0,31,-4,4,4,1036,0,24,30
03-09-21,Cocke,4066,16,2769,6,1297,10,3057,4,20295,40,23352,44,0,96,14,76,2,3894,0,109,96
03-09-21,Coffee,6458,11,4515,2,1943,9,5533,3,43417,94,48950,97,0,115,-8,103,19,6240,0,116,115
03-09-21,Crockett,1971,0,1182,0,789,0,1379,0,7049,11,8428,11,0,47,0,-10,0,1934,0,30,48
03-09-21,Cumberland,6147,13,5161,5,986,8,5913,5,46396,31,52309,36,0,123,-5,53,18,5971,0,148,125
03-09-21,Davidson,82268,159,77594,130,4674,29,94375,156,884300,3754,978675,3910,3,881,8,794,148,80593,1,1879,879
03-09-21,Decatur,1542,0,1152,0,390,0,1368,0,10712,3,12080,3,0,37,0,8,0,1497,0,38,38
03-09-21,Dekalb,2679,3,1994,1,685,2,2302,1,16203,24,18505,25,0,51,0,37,3,2591,0,54,51
03-09-21,Dickson,6324,20,4562,18,1762,2,5404,21,33141,102,38545,123,1,107,8,73,11,6144,0,117,107
03-09-21,Dyer,5251,6,3474,1,1777,5,3918,1,20947,26,24865,27,1,102,3,24,2,5125,1,105,103
03-09-21,Fayette,4682,5,4050,4,632,1,4975,4,35246,95,40221,99,1,74,-2,29,6,4579,0,120,72
03-09-21,Fentress,2305,1,2007,1,298,0,2293,1,12171,17,14464,18,0,44,-1,10,2,2251,0,58,44
03-09-21,Franklin,4784,6,4020,4,764,2,4728,5,34800,38,39528,43,0,85,1,59,5,4640,0,104,85
03-09-21,Gibson,6187,1,3749,1,2438,0,4548,3,28108,23,32656,26,0,141,-1,14,2,6032,0,104,142
03-09-21,Giles,3756,5,3138,2,618,3,3602,2,21853,26,25455,28,0,97,0,25,5,3634,0,110,97
03-09-21,Grainger,2456,3,1845,1,611,2,2068,1,13296,8,15364,9,0,46,-3,36,6,2374,0,66,47
03-09-21,Greene,7310,7,5804,3,1506,4,6487,6,44804,85,51291,91,2,147,-3,52,8,7111,0,174,148
03-09-21,Grundy,1710,4,1438,1,272,3,1647,1,8186,15,9833,16,0,30,-1,28,5,1652,0,55,30
03-09-21,Hamblen,8096,15,5769,4,2327,11,6481,5,44100,48,50581,53,1,167,2,82,12,7847,0,250,167
03-09-21,Hamilton,40896,80,35476,53,5420,27,39667,58,300052,560,339719,618,1,464,16,474,63,39958,3,1086,465
03-09-21,Hancock,504,3,361,0,143,3,387,0,3690,1,4077,1,0,12,3,5,0,487,0,19,12
03-09-21,Hardeman,3389,1,2752,1,637,0,3219,1,23976,19,27195,20,0,65,1,3,0,3321,0,101,63
03-09-21,Hardin,3324,3,2281,1,1043,2,2719,2,22312,11,25031,13,1,64,-1,15,3,3245,0,62,64
03-09-21,Hawkins,5300,15,4344,7,956,8,4679,7,31861,42,36540,49,0,98,4,88,11,5114,0,140,100
03-09-21,Haywood,2646,2,2221,2,425,0,2530,3,13172,12,15702,15,0,60,1,3,1,2583,0,81,60
03-09-21,Henderson,3630,0,2536,0,1094,0,3179,0,15584,9,18763,9,0,74,-4,4,4,3552,0,75,74
03-09-21,Henry,3015,3,2355,1,660,2,2722,1,17196,14,19918,15,0,75,-2,-6,5,2946,0,74,75
03-09-21,Hickman,2681,2,2171,2,510,0,2509,2,15538,42,18047,44,1,42,-4,36,5,2603,0,53,42
03-09-21,Houston,1039,1,782,1,257,0,892,1,9170,10,10062,11,0,32,1,1,0,1006,0,39,33
03-09-21,Humphreys,1566,6,1024,3,542,3,1197,3,11027,15,12224,18,0,21,1,21,5,1524,0,31,21
03-09-21,Jackson,1253,1,985,0,268,1,1151,0,5194,3,6345,3,1,35,-2,6,2,1212,0,39,34
03-09-21,Jefferson,5745,11,4013,1,1732,10,4541,2,36427,46,40968,48,0,119,-5,108,16,5518,0,174,119
03-09-21,Johnson,2175,1,1947,0,228,1,2072,0,14222,17,16294,17,0,38,-4,11,5,2126,0,57,38
03-09-21,Knox,47059,81,39850,51,7209,30,43561,56,303412,596,346973,652,0,590,-4,621,85,45848,2,1299,593
03-09-21,Lake,1678,1,1492,0,186,1,1758,0,9598,4,11356,4,0,26,1,-1,0,1653,0,25,26
03-09-21,Lauderdale,3094,2,2417,1,677,1,2772,1,20065,25,22837,26,0,43,0,13,2,3038,0,82,43
03-09-21,Lawrence,5571,1,4366,1,1205,0,4814,1,27750,42,32564,43,0,84,1,20,0,5467,0,140,84
03-09-21,Lewis,1480,3,1150,1,330,2,1244,1,9655,3,10899,4,0,25,-1,10,4,1445,0,41,25
03-09-21,Lincoln,4151,2,3247,1,904,1,3689,1,16773,28,20462,29,0,62,-2,38,4,4051,0,80,60
03-09-21,Loudon,5785,8,4500,0,1285,8,4919,0,29641,41,34560,41,0,66,-2,89,10,5630,0,130,67
03-09-21,Macon,3383,0,2667,0,716,0,3141,2,15018,29,18159,31,0,73,-3,29,3,3281,0,118,74
03-09-21,Madison,10157,13,5706,10,4451,3,6951,12,52289,67,59240,79,0,232,4,-642,9,10567,2,335,233
03-09-21,Marion,2973,5,2554,0,419,5,2853,0,17710,15,20563,15,0,45,-5,18,10,2910,0,108,46
03-09-21,Marshall,3928,9,3162,2,766,7,3572,2,22023,22,25595,24,0,57,6,38,3,3833,0,86,57
03-09-21,Maury,12284,16,10931,12,1353,4,12085,15,69348,94,81433,109,0,162,0,17,16,12105,0,277,161
03-09-21,McMinn,5981,6,5346,5,635,1,5904,7,40004,34,45908,41,0,93,-7,78,13,5810,0,146,94
03-09-21,McNairy,2690,4,1914,2,776,2,2330,2,17458,3,19788,5,0,53,4,-19,0,2656,0,63,53
03-09-21,Meigs,1274,2,1154,0,120,2,1283,0,7584,10,8867,10,0,23,2,11,0,1240,0,38,23
03-09-21,Monroe,5422,11,4301,1,1121,10,4834,1,25479,25,30313,26,0,92,-6,108,17,5222,0,148,93
03-09-21,Montgomery,17583,21,12954,16,4629,5,14259,21,105363,211,119622,232,0,213,-13,-104,34,17474,0,295,218
03-09-21,Moore,946,1,737,0,209,1,834,0,4613,9,5447,9,1,17,0,7,0,922,0,16,17
03-09-21,Morgan,2317,3,1729,2,588,1,1874,3,14495,20,16369,23,0,38,2,15,1,2264,0,37,38
03-09-21,Obion,4374,6,3256,4,1118,2,3685,4,21388,43,25073,47,0,95,6,4,0,4275,0,98,96
03-09-21,Out of State,16389,26,13120,14,3269,12,14814,17,584862,1619,599676,1636,2,99,-14,171,38,16119,0,199,94
03-09-21,Overton,2876,4,2171,1,705,3,2555,1,14285,14,16840,15,0,58,1,31,3,2787,0,63,59
03-09-21,Pending,15461,31,10032,16,5429,15,11146,18,378850,1136,389996,1154,1,127,5,115,25,15219,0,135,129
03-09-21,Perry,1037,3,896,3,141,0,1009,4,5905,6,6914,10,0,28,3,-2,0,1011,0,28,28
03-09-21,Pickett,743,0,492,0,251,0,593,0,3662,3,4255,3,0,23,0,2,0,718,0,28,24
03-09-21,Polk,1807,7,1643,6,164,1,1819,7,8784,7,10603,14,0,22,-3,47,10,1738,1,68,24
03-09-21,Putnam,10678,19,8777,5,1901,14,10524,5,67424,49,77948,54,0,170,-3,111,22,10397,0,204,172
03-09-21,Rhea,4171,8,3621,4,550,4,4054,4,25270,37,29324,41,0,73,3,37,5,4061,0,82,73
03-09-21,Roane,5963,10,4666,5,1297,5,5196,6,40821,51,46017,57,0,96,0,41,10,5826,0,142,98
03-09-21,Robertson,9054,11,7190,8,1864,3,8110,11,41015,89,49125,100,1,122,-7,92,17,8840,0,404,124
03-09-21,Rutherford,38996,107,33788,68,5208,39,39348,73,218326,529,257674,602,2,391,16,481,89,38124,2,574,394
03-09-21,Scott,2897,6,1646,1,1251,5,1758,2,10871,18,12629,20,0,44,4,41,2,2812,0,60,44
03-09-21,Sequatchie,1582,5,1261,1,321,4,1377,1,11336,12,12713,13,-1,26,5,40,1,1516,0,36,26
03-09-21,Sevier,12210,33,10708,10,1502,23,11790,14,62415,92,74205,106,0,165,5,173,28,11872,0,261,167
03-09-21,Shelby,88012,108,81927,87,6085,21,101053,110,887739,3798,988792,3908,1,1519,-26,679,133,85814,2,3423,1555
03-09-21,Smith,2585,5,1971,1,614,4,2477,1,12692,11,15169,12,0,36,-2,34,7,2515,0,57,36
03-09-21,Stewart,1249,2,948,2,301,0,1072,2,6516,14,7588,16,0,25,2,1,0,1223,0,24,25
03-09-21,Sullivan,14552,50,12680,44,1872,6,13706,47,81605,164,95311,211,0,275,16,199,34,14078,2,717,275
03-09-21,Sumner,21607,33,19346,16,2261,17,21918,21,112608,208,134526,229,3,323,-21,109,51,21175,0,690,326
03-09-21,Tipton,6977,7,4885,0,2092,7,5910,2,44567,128,50477,130,1,104,2,60,4,6813,0,147,99
03-09-21,Trousdale,2409,5,2276,3,133,2,2438,3,8706,12,11144,15,0,22,-1,19,6,2368,0,40,22
03-09-21,Unicoi,1813,0,1409,0,404,0,1555,0,12545,21,14100,21,0,47,-3,21,3,1745,0,65,48
03-09-21,Union,1758,9,1493,8,265,1,1611,9,9972,9,11583,18,0,34,4,27,5,1697,0,56,34
03-09-21,Van Buren,800,0,668,0,132,0,736,0,5135,2,5871,2,0,20,-1,3,1,777,0,20,21
03-09-21,Warren,5318,2,4555,1,763,1,5167,1,31192,51,36359,52,1,78,-3,35,4,5205,0,80,79
03-09-21,Washington,12843,17,11083,10,1760,7,12241,14,77812,138,90053,152,0,234,-3,140,20,12469,2,332,233
03-09-21,Wayne,2884,2,2342,0,542,2,2575,0,10886,12,13461,12,0,30,2,22,0,2832,0,59,30
03-09-21,Weakley,3803,5,2854,0,949,5,3269,1,20794,13,24063,14,0,60,4,16,1,3727,0,61,60
03-09-21,White,3397,2,2815,1,582,1,3441,2,21842,26,25283,28,1,67,-12,47,13,3283,0,105,67
03-09-21,Williamson,25586,41,21802,25,3784,16,24216,30,171120,510,195336,540,0,204,-3,151,44,25231,1,286,207
03-09-21,Wilson,16729,42,15112,26,1617,16,17234,29,95225,217,112459,246,1,212,-12,162,53,16355,0,325,214
03-08-21,Anderson,8093,17,6141,7,1952,10,6891,10,59312,77,66203,87,1,159,-3,177,19,7757,0,193,163
03-08-21,Bedford,5850,7,4704,5,1146,2,5430,8,29600,24,35030,32,0,120,-5,63,12,5667,0,127,121
03-08-21,Benton,1510,0,1216,0,294,0,1345,1,8624,3,9969,4,0,39,0,2,0,1469,0,35,40
03-08-21,Bledsoe,2015,1,1842,0,173,1,1955,0,14588,1,16543,1,0,10,0,12,1,1993,0,32,10
03-08-21,Blount,14203,19,12246,12,1957,7,13495,10,68726,55,82221,65,0,185,-3,126,22,13892,1,320,183
03-08-21,Bradley,13156,50,10920,25,2236,25,12377,27,61326,92,73703,119,0,141,5,275,45,12740,1,535,143
03-08-21,Campbell,3841,12,2179,4,1662,8,2444,3,24075,18,26519,21,0,59,7,41,5,3741,1,114,61
03-08-21,Cannon,1793,4,1455,2,338,2,1621,3,8738,4,10359,7,0,30,4,52,0,1711,0,35,31
03-08-21,Carroll,3482,3,2293,0,1189,3,2717,1,18910,7,21627,8,0,81,1,2,2,3399,0,78,82
03-08-21,Carter,5995,6,5252,6,743,0,5763,6,35207,25,40970,31,0,155,-3,55,9,5785,0,215,154
03-08-21,Cheatham,3987,4,3135,3,852,1,3545,3,25384,21,28929,24,0,44,-13,93,17,3850,0,81,46
03-08-21,Chester,2026,4,1470,4,556,0,1753,4,11250,3,13003,7,0,48,3,1,1,1977,0,39,48
03-08-21,Claiborne,2865,15,1848,11,1017,4,1980,13,22777,30,24757,43,0,69,-6,82,21,2714,0,91,71
03-08-21,Clay,1071,0,739,0,332,0,848,0,5393,2,6241,2,0,31,-2,8,2,1032,0,24,30
03-08-21,Cocke,4050,10,2763,7,1287,3,3053,7,20255,20,23308,27,0,96,6,62,4,3892,0,109,96
03-08-21,Coffee,6447,11,4513,5,1934,6,5530,5,43323,16,48853,21,0,115,-7,111,18,6221,1,116,115
03-08-21,Crockett,1971,0,1182,0,789,0,1379,0,7038,2,8417,2,0,47,-1,-10,1,1934,0,30,48
03-08-21,Cumberland,6134,2,5156,1,978,1,5908,1,46365,9,52273,10,0,123,-7,58,9,5953,0,148,124
03-08-21,Davidson,82109,120,77464,94,4645,26,94219,107,880546,1998,974765,2105,4,878,-96,786,212,80445,2,1878,878
03-08-21,Decatur,1542,1,1152,0,390,1,1368,0,10709,3,12077,3,0,37,1,8,0,1497,0,38,38
03-08-21,Dekalb,2676,0,1993,0,683,0,2301,0,16179,12,18480,12,0,51,0,37,0,2588,0,54,51
03-08-21,Dickson,6304,10,4544,8,1760,2,5383,9,33039,54,38422,63,0,106,-8,65,18,6133,1,117,107
03-08-21,Dyer,5245,1,3473,0,1772,1,3917,1,20921,5,24838,6,0,101,-1,21,2,5123,0,104,103
03-08-21,Fayette,4677,1,4046,1,631,0,4971,0,35151,16,40122,16,0,73,-3,31,4,4573,0,120,72
03-08-21,Fentress,2304,2,2006,2,298,0,2292,2,12154,1,14446,3,0,44,0,11,2,2249,1,58,44
03-08-21,Franklin,4778,11,4016,7,762,4,4723,7,34762,18,39485,25,0,85,2,58,9,4635,0,104,85
03-08-21,Gibson,6186,4,3748,2,2438,2,4545,2,28085,7,32630,9,0,141,-1,15,5,6030,0,104,142
03-08-21,Giles,3751,7,3136,3,615,4,3600,3,21827,15,25427,18,0,97,-1,25,8,3629,0,110,97
03-08-21,Grainger,2453,3,1844,1,609,2,2067,1,13288,5,15355,6,0,46,1,39,2,2368,0,66,47
03-08-21,Greene,7303,4,5801,3,1502,1,6481,4,44719,52,51200,56,0,145,-1,55,5,7103,1,174,147
03-08-21,Grundy,1706,5,1437,1,269,4,1646,1,8171,2,9817,3,0,30,1,29,4,1647,0,55,30
03-08-21,Hamblen,8081,8,5765,4,2316,4,6476,6,44052,37,50528,43,0,166,-5,80,13,7835,0,250,166
03-08-21,Hamilton,40816,85,35423,68,5393,17,39609,67,299492,220,339101,287,0,463,-19,458,104,39895,2,1083,465
03-08-21,Hancock,501,0,361,0,140,0,387,0,3689,6,4076,6,0,12,0,2,0,487,0,19,12
03-08-21,Hardeman,3388,0,2751,0,637,0,3218,0,23957,3,27175,3,0,65,-1,2,1,3321,0,101,63
03-08-21,Hardin,3321,2,2280,1,1041,1,2717,1,22301,3,25018,4,0,63,-5,16,7,3242,0,62,64
03-08-21,Hawkins,5285,2,4337,1,948,1,4672,1,31819,14,36491,15,0,98,-12,84,14,5103,0,140,99
03-08-21,Haywood,2644,0,2219,0,425,0,2527,0,13160,4,15687,4,0,60,-2,2,2,2582,0,81,60
03-08-21,Henderson,3630,0,2536,0,1094,0,3179,0,15575,9,18754,9,0,74,-3,8,3,3548,0,75,74
03-08-21,Henry,3012,4,2354,2,658,2,2721,2,17182,13,19903,15,0,75,4,-4,0,2941,0,74,75
03-08-21,Hickman,2679,3,2169,2,510,1,2507,2,15496,11,18003,13,0,41,-2,40,5,2598,0,53,42
03-08-21,Houston,1038,1,781,1,257,0,891,1,9160,1,10051,2,0,32,-2,0,3,1006,0,39,33
03-08-21,Humphreys,1560,3,1021,1,539,2,1194,1,11012,7,12206,8,0,21,1,20,2,1519,0,31,21
03-08-21,Jackson,1252,1,985,1,267,0,1151,1,5191,2,6342,3,0,34,0,8,1,1210,0,39,34
03-08-21,Jefferson,5734,14,4012,4,1722,10,4539,6,36381,39,40920,45,0,119,4,113,10,5502,1,174,119
03-08-21,Johnson,2174,0,1947,0,227,0,2072,0,14205,6,16277,6,0,38,-1,15,1,2121,0,57,38
03-08-21,Knox,46978,85,39799,57,7179,28,43505,64,302816,437,346321,501,1,590,-30,625,114,45763,0,1297,589
03-08-21,Lake,1677,0,1492,0,185,0,1758,0,9594,2,11352,2,0,26,-2,-2,2,1653,0,25,26
03-08-21,Lauderdale,3092,0,2416,0,676,0,2771,0,20040,2,22811,2,0,43,-4,13,4,3036,0,82,43
03-08-21,Lawrence,5570,5,4365,4,1205,1,4813,4,27708,28,32521,32,1,84,-1,19,5,5467,0,140,84
03-08-21,Lewis,1477,1,1149,1,328,0,1243,1,9652,3,10895,4,0,25,-3,11,4,1441,0,41,25
03-08-21,Lincoln,4149,1,3246,1,903,0,3688,1,16745,7,20433,8,0,62,-4,40,5,4047,0,80,60
03-08-21,Loudon,5777,10,4500,5,1277,5,4919,6,29600,20,34519,26,0,66,-1,91,11,5620,1,130,67
03-08-21,Macon,3383,7,2667,5,716,2,3139,5,14989,64,18128,69,0,73,5,32,2,3278,0,118,74
03-08-21,Madison,10144,4,5696,1,4448,3,6939,2,52222,27,59161,29,0,232,-17,-646,21,10558,0,333,233
03-08-21,Marion,2968,9,2554,2,414,7,2853,2,17695,7,20548,9,0,45,4,23,5,2900,0,108,46
03-08-21,Marshall,3919,0,3160,0,759,0,3570,0,22001,11,25571,11,0,57,-6,32,6,3830,0,86,57
03-08-21,Maury,12268,11,10919,4,1349,7,12070,6,69254,72,81324,78,0,162,-1,17,12,12089,0,277,161
03-08-21,McMinn,5975,10,5341,7,634,3,5897,9,39970,51,45867,60,0,93,-12,85,22,5797,0,146,94
03-08-21,McNairy,2686,0,1912,0,774,0,2328,0,17455,4,19783,4,0,53,-5,-23,5,2656,0,63,53
03-08-21,Meigs,1272,3,1154,0,118,3,1283,1,7574,18,8857,19,0,23,3,9,0,1240,0,38,23
03-08-21,Monroe,5411,11,4300,10,1111,1,4833,12,25454,38,30287,50,1,92,-3,114,13,5205,0,148,93
03-08-21,Montgomery,17562,17,12938,11,4624,6,14238,17,105152,115,119390,132,0,213,-41,-91,58,17440,1,295,218
03-08-21,Moore,945,0,737,0,208,0,834,0,4604,1,5438,1,0,16,0,7,0,922,0,16,17
03-08-21,Morgan,2314,3,1727,2,587,1,1871,2,14475,9,16346,11,0,38,-1,13,4,2263,0,37,38
03-08-21,Obion,4368,1,3252,0,1116,1,3681,0,21345,21,25026,21,0,95,-1,-2,2,4275,0,98,96
03-08-21,Out of State,16363,14,13106,7,3257,7,14797,8,583243,602,598040,610,0,97,-26,185,40,16081,0,199,92
03-08-21,Overton,2872,3,2170,3,702,0,2554,3,14271,8,16825,11,0,58,-2,30,5,2784,0,63,59
03-08-21,Pending,15430,36,10016,14,5414,22,11128,18,377714,455,388842,473,0,126,2,110,34,15194,0,135,129
03-08-21,Perry,1034,0,893,0,141,0,1005,0,5899,0,6904,0,0,28,0,-5,0,1011,0,28,28
03-08-21,Pickett,743,0,492,0,251,0,593,0,3659,3,4252,3,0,23,0,2,0,718,0,28,24
03-08-21,Polk,1800,6,1637,4,163,2,1812,5,8777,7,10589,12,0,22,-1,50,7,1728,0,67,23
03-08-21,Putnam,10659,8,8772,7,1887,1,10519,8,67375,44,77894,52,0,170,-8,114,16,10375,0,204,172
03-08-21,Rhea,4163,6,3617,3,546,3,4050,3,25233,17,29283,20,0,73,1,34,5,4056,0,82,73
03-08-21,Roane,5953,2,4661,1,1292,1,5190,2,40770,68,45960,70,0,96,-13,41,15,5816,0,142,98
03-08-21,Robertson,9043,16,7182,8,1861,8,8099,8,40926,22,49025,30,0,121,1,99,15,8823,1,404,124
03-08-21,Rutherford,38889,84,33720,50,5169,34,39275,52,217797,266,257072,318,1,389,-27,465,110,38035,0,572,394
03-08-21,Scott,2891,4,1645,1,1246,3,1756,1,10853,3,12609,4,0,44,1,37,3,2810,0,60,44
03-08-21,Sequatchie,1577,5,1260,2,317,3,1376,3,11324,5,12700,8,0,27,4,35,1,1515,0,36,26
03-08-21,Sevier,12177,24,10698,20,1479,4,11776,24,62323,92,74099,116,0,165,-2,168,26,11844,0,261,167
03-08-21,Shelby,87904,77,81840,55,6064,22,100943,77,883941,573,984884,650,0,1518,-94,705,171,85681,0,3421,1549
03-08-21,Smith,2580,0,1970,0,610,0,2476,0,12681,12,15157,12,0,36,-7,36,7,2508,0,57,36
03-08-21,Stewart,1247,3,946,1,301,2,1070,1,6502,9,7572,10,0,25,2,-1,1,1223,0,24,25
03-08-21,Sullivan,14502,15,12636,10,1866,5,13659,10,81441,91,95100,101,0,275,-16,183,31,14044,0,715,275
03-08-21,Sumner,21574,25,19330,12,2244,13,21897,16,112400,116,134297,132,0,320,-23,130,48,21124,0,690,326
03-08-21,Tipton,6970,11,4885,1,2085,10,5908,2,44439,28,50347,30,0,103,2,58,9,6809,0,147,99
03-08-21,Trousdale,2404,0,2273,0,131,0,2435,0,8694,7,11129,7,0,22,-3,20,3,2362,0,40,22
03-08-21,Unicoi,1813,0,1409,0,404,0,1555,0,12524,22,14079,22,0,47,-2,24,2,1742,0,65,48
03-08-21,Union,1749,1,1485,0,264,1,1602,1,9963,4,11565,5,0,34,-14,23,15,1692,0,56,34
03-08-21,Van Buren,800,1,668,0,132,1,736,0,5133,2,5869,2,0,20,0,4,1,776,0,20,21
03-08-21,Warren,5316,1,4554,0,762,1,5166,0,31141,14,36307,14,0,77,-5,38,6,5201,0,80,79
03-08-21,Washington,12826,21,11073,15,1753,6,12227,15,77674,59,89901,74,0,234,4,143,17,12449,0,330,233
03-08-21,Wayne,2882,0,2342,0,540,0,2575,0,10874,4,13449,4,0,30,-1,20,1,2832,0,59,30
03-08-21,Weakley,3798,4,2854,3,944,1,3268,2,20781,5,24049,7,0,60,3,12,1,3726,0,61,60
03-08-21,White,3395,3,2814,1,581,2,3439,2,21816,16,25255,18,0,66,-3,59,6,3270,0,105,67
03-08-21,Williamson,25545,34,21777,14,3768,20,24186,14,170610,257,194796,271,0,204,-21,154,55,25187,0,285,206
03-08-21,Wilson,16687,48,15086,35,1601,13,17205,39,95008,152,112213,191,0,211,-15,174,63,16302,0,325,214
03-07-21,Anderson,8076,6,6134,3,1942,3,6881,3,59235,39,66116,42,0,158,-9,180,15,7738,0,193,163
03-07-21,Bedford,5843,6,4699,3,1144,3,5422,3,29576,25,34998,28,0,120,2,68,4,5655,0,127,121
03-07-21,Benton,1510,1,1216,0,294,1,1344,0,8621,3,9965,3,0,39,1,2,0,1469,0,35,40
03-07-21,Bledsoe,2014,0,1842,0,172,0,1955,0,14587,50,16542,50,0,10,0,12,0,1992,0,32,10
03-07-21,Blount,14184,13,12234,6,1950,7,13485,8,68671,59,82156,67,1,185,-15,129,27,13870,0,319,183
03-07-21,Bradley,13106,20,10895,12,2211,8,12350,12,61234,73,73584,85,0,141,2,270,18,12695,0,534,143
03-07-21,Campbell,3829,1,2175,1,1654,0,2441,1,24057,14,26498,15,0,59,-5,34,6,3736,0,113,61
03-07-21,Cannon,1789,2,1453,2,336,0,1618,3,8734,5,10352,8,0,30,1,48,1,1711,0,35,31
03-07-21,Carroll,3479,0,2293,0,1186,0,2716,0,18903,7,21619,7,0,81,-1,1,1,3397,0,78,82
03-07-21,Carter,5989,4,5246,4,743,0,5757,5,35182,32,40939,37,0,155,-1,58,5,5776,0,215,154
03-07-21,Cheatham,3983,6,3132,6,851,0,3542,7,25363,30,28905,37,0,44,0,106,6,3833,0,81,46
03-07-21,Chester,2022,2,1466,1,556,1,1749,2,11247,65,12996,67,0,48,0,-2,2,1976,0,39,48
03-07-21,Claiborne,2850,3,1837,1,1013,2,1967,2,22747,14,24714,16,0,69,-6,88,9,2693,0,91,71
03-07-21,Clay,1071,0,739,0,332,0,848,0,5391,1,6239,1,0,31,-1,10,1,1030,0,24,30
03-07-21,Cocke,4040,10,2756,5,1284,5,3046,6,20235,16,23281,22,0,96,9,56,1,3888,0,109,96
03-07-21,Coffee,6436,9,4508,2,1928,7,5525,4,43307,40,48832,44,0,115,3,118,6,6203,0,115,115
03-07-21,Crockett,1971,0,1182,0,789,0,1379,0,7036,6,8415,6,0,47,0,-9,0,1933,0,30,48
03-07-21,Cumberland,6132,3,5155,3,977,0,5907,3,46356,25,52263,28,0,123,0,65,3,5944,0,148,124
03-07-21,Davidson,81989,73,77370,45,4619,28,94112,62,878548,809,972660,871,0,874,-38,882,111,80233,1,1876,874
03-07-21,Decatur,1541,1,1152,1,389,0,1368,2,10706,3,12074,5,0,37,1,7,0,1497,0,38,38
03-07-21,Dekalb,2676,0,1993,0,683,0,2301,0,16167,8,18468,8,0,51,0,37,0,2588,0,54,51
03-07-21,Dickson,6294,5,4536,2,1758,3,5374,2,32985,28,38359,30,0,106,-1,73,6,6115,0,116,107
03-07-21,Dyer,5244,4,3473,0,1771,4,3916,1,20916,9,24832,10,0,101,4,22,0,5121,0,104,103
03-07-21,Fayette,4676,4,4045,0,631,4,4971,0,35135,38,40106,38,0,73,2,34,2,4569,0,120,72
03-07-21,Fentress,2302,1,2004,1,298,0,2290,2,12153,6,14443,8,0,44,-1,11,2,2247,0,57,44
03-07-21,Franklin,4767,9,4009,6,758,3,4716,7,34744,64,39460,71,0,85,6,56,3,4626,0,104,85
03-07-21,Gibson,6182,4,3746,2,2436,2,4543,2,28078,21,32621,23,0,141,-3,16,7,6025,0,104,142
03-07-21,Giles,3744,0,3133,0,611,0,3597,0,21812,13,25409,13,0,97,-5,26,5,3621,0,110,97
03-07-21,Grainger,2450,3,1843,3,607,0,2066,3,13283,4,15349,7,0,46,-1,38,4,2366,0,66,47
03-07-21,Greene,7299,3,5798,3,1501,0,6477,2,44667,70,51144,72,0,145,1,56,2,7098,0,173,146
03-07-21,Grundy,1701,1,1436,1,265,0,1645,1,8169,17,9814,18,0,30,-1,28,2,1643,0,55,30
03-07-21,Hamblen,8073,13,5761,4,2312,9,6470,5,44015,37,50485,42,0,166,10,85,3,7822,0,250,166
03-07-21,Hamilton,40731,33,35355,28,5376,5,39542,36,299272,388,338814,424,0,463,-33,477,66,39791,0,1081,464
03-07-21,Hancock,501,0,361,0,140,0,387,0,3683,1,4070,1,0,12,0,2,0,487,0,19,12
03-07-21,Hardeman,3388,1,2751,1,637,0,3218,1,23954,19,27172,20,0,65,-1,3,2,3320,0,101,63
03-07-21,Hardin,3319,0,2279,0,1040,0,2716,1,22298,11,25014,12,0,63,-3,21,3,3235,0,62,64
03-07-21,Hawkins,5283,4,4336,4,947,0,4671,8,31805,74,36476,82,0,98,-3,96,7,5089,0,140,99
03-07-21,Haywood,2644,0,2219,0,425,0,2527,0,13156,9,15683,9,0,60,-2,4,2,2580,0,81,60
03-07-21,Henderson,3630,0,2536,0,1094,0,3179,0,15566,12,18745,12,0,74,-1,11,1,3545,0,75,74
03-07-21,Henry,3008,0,2352,0,656,0,2719,0,17169,12,19888,12,0,75,0,-8,0,2941,0,74,75
03-07-21,Hickman,2676,2,2167,0,509,2,2505,1,15485,13,17990,14,0,41,-1,42,3,2593,0,53,42
03-07-21,Houston,1037,1,780,1,257,0,890,1,9159,3,10049,4,0,32,0,2,1,1003,0,39,33
03-07-21,Humphreys,1557,2,1020,1,537,1,1193,2,11005,5,12198,7,0,21,1,19,1,1517,0,31,21
03-07-21,Jackson,1251,0,984,0,267,0,1150,0,5189,4,6339,4,0,34,0,8,0,1209,0,39,34
03-07-21,Jefferson,5720,5,4008,1,1712,4,4533,4,36342,30,40875,34,0,119,-6,109,11,5492,1,173,119
03-07-21,Johnson,2174,0,1947,0,227,0,2072,0,14199,24,16271,24,0,38,0,16,0,2120,0,57,38
03-07-21,Knox,46893,63,39742,38,7151,25,43441,45,302379,314,345820,359,0,589,-7,655,70,45649,0,1297,587
03-07-21,Lake,1677,0,1492,0,185,0,1758,0,9592,6,11350,6,0,26,0,0,0,1651,0,25,26
03-07-21,Lauderdale,3092,0,2416,0,676,0,2771,0,20038,32,22809,32,1,43,-2,17,1,3032,0,82,42
03-07-21,Lawrence,5565,2,4361,0,1204,2,4809,0,27680,22,32489,22,0,83,1,20,1,5462,0,140,84
03-07-21,Lewis,1476,1,1148,1,328,0,1242,1,9649,7,10891,8,0,25,0,14,1,1437,0,41,25
03-07-21,Lincoln,4148,4,3245,2,903,2,3687,3,16738,25,20425,28,0,62,2,44,2,4042,0,80,60
03-07-21,Loudon,5767,9,4495,6,1272,3,4913,6,29580,14,34493,20,0,66,-4,92,13,5609,0,129,67
03-07-21,Macon,3376,2,2662,1,714,1,3134,1,14925,9,18059,10,0,73,-3,27,5,3276,0,118,73
03-07-21,Madison,10140,8,5695,8,4445,0,6937,10,52195,41,59132,51,0,232,1,-629,7,10537,0,333,233
03-07-21,Marion,2959,4,2552,3,407,1,2851,3,17688,41,20539,44,0,45,-1,19,5,2895,0,108,46
03-07-21,Marshall,3919,1,3160,1,759,0,3570,1,21990,18,25560,19,0,57,0,38,1,3824,0,86,57
03-07-21,Maury,12257,5,10915,4,1342,1,12064,6,69182,69,81246,75,0,162,-4,18,9,12077,0,277,161
03-07-21,McMinn,5965,3,5334,2,631,1,5888,2,39919,32,45807,34,0,93,-1,97,4,5775,0,146,94
03-07-21,McNairy,2686,3,1912,3,774,0,2328,3,17451,5,19779,8,0,53,2,-18,1,2651,0,63,53
03-07-21,Meigs,1269,1,1154,1,115,0,1282,1,7556,4,8838,5,0,23,0,6,1,1240,0,38,23
03-07-21,Monroe,5400,2,4290,1,1110,1,4821,1,25416,19,30237,20,0,91,-14,117,16,5192,0,148,92
03-07-21,Montgomery,17545,17,12927,17,4618,0,14221,21,105037,129,119258,150,0,213,-8,-50,25,17382,0,294,218
03-07-21,Moore,945,0,737,0,208,0,834,0,4603,1,5437,1,0,16,0,7,0,922,0,16,17
03-07-21,Morgan,2311,1,1725,0,586,1,1869,0,14466,26,16335,26,0,38,0,14,1,2259,1,37,38
03-07-21,Obion,4367,1,3252,0,1115,1,3681,0,21324,5,25005,5,0,95,0,-1,1,4273,0,98,96
03-07-21,Out of State,16349,17,13099,11,3250,6,14789,14,582641,522,597430,536,1,97,1,211,15,16041,0,199,92
03-07-21,Overton,2869,2,2167,1,702,1,2551,1,14263,13,16814,14,0,58,2,32,0,2779,0,63,59
03-07-21,Pending,15394,24,10002,18,5392,6,11110,20,377259,334,388369,354,0,126,10,108,14,15160,0,135,129
03-07-21,Perry,1034,1,893,0,141,1,1005,0,5899,3,6904,3,0,28,1,-5,0,1011,0,28,28
03-07-21,Pickett,743,0,492,0,251,0,593,0,3656,3,4249,3,0,23,0,2,0,718,0,28,24
03-07-21,Polk,1794,1,1633,1,161,0,1807,3,8770,8,10577,11,0,22,-1,51,2,1721,0,67,23
03-07-21,Putnam,10651,9,8765,7,1886,2,10511,7,67331,38,77842,45,0,170,1,122,8,10359,0,204,171
03-07-21,Rhea,4157,4,3614,2,543,2,4047,2,25216,32,29263,34,0,73,-1,33,5,4051,0,82,73
03-07-21,Roane,5951,7,4660,4,1291,3,5188,4,40702,24,45890,28,0,96,-1,54,8,5801,0,142,98
03-07-21,Robertson,9027,9,7174,4,1853,5,8091,3,40904,49,48995,52,0,121,-2,98,11,8808,0,403,123
03-07-21,Rutherford,38805,63,33670,33,5135,30,39223,41,217531,251,256754,292,0,388,-22,492,85,37925,2,572,393
03-07-21,Scott,2887,0,1644,0,1243,0,1755,0,10850,3,12605,3,0,44,-1,36,1,2807,0,60,44
03-07-21,Sequatchie,1572,1,1258,0,314,1,1373,0,11319,11,12692,11,0,27,-2,31,3,1514,0,36,26
03-07-21,Sevier,12153,9,10678,4,1475,5,11752,5,62231,47,73983,52,0,165,-9,170,18,11818,0,261,166
03-07-21,Shelby,87827,82,81785,57,6042,25,100866,79,883368,1192,984234,1271,1,1518,-30,799,111,85510,0,3421,1543
03-07-21,Smith,2580,2,1970,2,610,0,2476,2,12669,14,15145,16,0,36,-2,43,4,2501,0,57,36
03-07-21,Stewart,1244,0,945,0,299,0,1069,0,6493,12,7562,12,0,25,-1,-3,1,1222,0,24,25
03-07-21,Sullivan,14487,7,12626,5,1861,2,13649,5,81350,86,94999,91,0,275,-9,199,16,14013,0,715,274
03-07-21,Sumner,21549,33,19318,15,2231,18,21881,15,112284,107,134165,122,0,320,11,153,22,21076,1,690,325
03-07-21,Tipton,6959,10,4884,2,2075,8,5906,3,44411,42,50317,45,0,103,4,56,6,6800,1,147,99
03-07-21,Trousdale,2404,1,2273,1,131,0,2435,1,8687,20,11122,21,0,22,0,23,1,2359,0,40,22
03-07-21,Unicoi,1813,0,1409,0,404,0,1555,0,12502,17,14057,17,0,47,-5,26,5,1740,0,65,47
03-07-21,Union,1748,1,1485,1,263,0,1601,2,9959,5,11560,7,0,34,0,37,1,1677,0,56,34
03-07-21,Van Buren,799,1,668,1,131,0,736,1,5131,5,5867,6,0,20,1,4,0,775,0,20,20
03-07-21,Warren,5315,4,4554,4,761,0,5166,4,31127,63,36293,67,0,77,4,43,0,5195,0,80,79
03-07-21,Washington,12805,17,11058,13,1747,4,12212,13,77615,79,89827,92,0,234,-5,139,22,12432,0,330,233
03-07-21,Wayne,2882,0,2342,0,540,0,2575,0,10870,14,13445,14,0,30,-1,21,1,2831,0,59,30
03-07-21,Weakley,3794,0,2851,0,943,0,3266,0,20776,7,24042,7,0,60,-1,9,1,3725,0,61,60
03-07-21,White,3392,1,2813,1,579,0,3437,1,21800,16,25237,17,0,66,-2,62,3,3264,0,105,66
03-07-21,Williamson,25511,26,21763,17,3748,9,24172,17,170353,214,194525,231,0,204,-17,175,43,25132,0,285,206
03-07-21,Wilson,16639,38,15051,27,1588,11,17166,27,94856,276,112022,303,0,211,9,189,29,16239,2,325,214
03-06-21,Anderson,8070,10,6131,5,1939,5,6878,9,59196,90,66074,99,0,158,-1,189,11,7723,0,193,163
03-06-21,Bedford,5837,9,4696,7,1141,2,5419,6,29551,68,34970,74,0,120,6,66,3,5651,0,127,120
03-06-21,Benton,1509,0,1216,0,293,0,1344,0,8618,12,9962,12,0,39,-1,1,1,1469,0,35,40
03-06-21,Bledsoe,2014,1,1842,1,172,0,1955,1,14537,21,16492,22,0,10,-1,12,2,1992,0,32,10
03-06-21,Blount,14171,22,12228,14,1943,8,13477,14,68612,126,82089,140,0,184,7,144,15,13843,0,319,183
03-06-21,Bradley,13086,39,10883,29,2203,10,12338,30,61161,190,73499,220,0,141,16,268,23,12677,2,534,143
03-06-21,Campbell,3828,6,2174,4,1654,2,2440,4,24043,22,26483,26,0,59,0,39,6,3730,1,113,61
03-06-21,Cannon,1787,1,1451,1,336,0,1615,1,8729,14,10344,15,0,30,0,47,1,1710,0,35,31
03-06-21,Carroll,3479,2,2293,0,1186,2,2716,0,18896,21,21612,21,0,81,-1,2,3,3396,0,78,82
03-06-21,Carter,5985,3,5242,3,743,0,5752,4,35150,104,40902,108,0,155,-2,59,5,5771,0,215,154
03-06-21,Cheatham,3977,12,3126,6,851,6,3535,8,25333,65,28868,73,0,44,9,106,3,3827,1,81,45
03-06-21,Chester,2020,2,1465,2,555,0,1747,2,11182,14,12929,16,0,48,2,-2,0,1974,0,39,48
03-06-21,Claiborne,2847,7,1836,4,1011,3,1965,6,22733,60,24698,66,0,69,-2,94,9,2684,0,91,70
03-06-21,Clay,1071,0,739,0,332,0,848,0,5390,4,6238,4,0,31,-1,11,1,1029,0,24,30
03-06-21,Cocke,4030,9,2751,4,1279,5,3040,3,20219,26,23259,29,0,96,5,47,4,3887,0,109,96
03-06-21,Coffee,6427,12,4506,4,1921,8,5521,6,43267,77,48788,83,0,115,5,115,7,6197,0,115,115
03-06-21,Crockett,1971,0,1182,0,789,0,1379,0,7030,10,8409,10,0,47,-2,-9,2,1933,0,30,48
03-06-21,Cumberland,6129,3,5152,1,977,2,5904,1,46331,45,52235,46,0,123,-4,65,7,5941,0,148,124
03-06-21,Davidson,81916,156,77325,116,4591,40,94050,145,877739,3522,971789,3667,1,874,40,920,115,80122,2,1875,872
03-06-21,Decatur,1540,3,1151,1,389,2,1366,1,10703,13,12069,14,0,37,3,6,0,1497,0,38,37
03-06-21,Dekalb,2676,6,1993,3,683,3,2301,3,16159,30,18460,33,0,51,5,37,1,2588,0,54,51
03-06-21,Dickson,6289,9,4534,6,1755,3,5372,6,32957,51,38329,57,0,106,2,74,7,6109,0,116,107
03-06-21,Dyer,5240,6,3473,3,1767,3,3915,3,20907,34,24822,37,0,101,5,18,1,5121,0,104,103
03-06-21,Fayette,4672,3,4045,3,627,0,4971,4,35097,73,40068,77,0,73,2,32,1,4567,0,120,72
03-06-21,Fentress,2301,1,2003,1,298,0,2288,2,12147,72,14435,74,0,44,0,12,1,2245,0,57,44
03-06-21,Franklin,4758,5,4003,3,755,2,4709,5,34680,54,39389,59,0,85,0,50,5,4623,0,104,85
03-06-21,Gibson,6178,7,3744,2,2434,5,4541,6,28057,38,32598,44,0,141,-1,19,8,6018,0,104,142
03-06-21,Giles,3744,4,3133,2,611,2,3597,2,21799,47,25396,49,0,97,1,31,3,3616,0,110,97
03-06-21,Grainger,2447,2,1840,1,607,1,2063,1,13279,25,15342,26,0,46,1,39,1,2362,0,66,47
03-06-21,Greene,7296,5,5795,2,1501,3,6475,3,44597,151,51072,154,0,145,-3,55,8,7096,0,173,146
03-06-21,Grundy,1700,2,1435,1,265,1,1644,1,8152,40,9796,41,0,30,-2,29,4,1641,0,55,30
03-06-21,Hamblen,8060,4,5757,2,2303,2,6465,4,43978,82,50443,86,1,166,-4,75,7,7819,2,250,166
03-06-21,Hamilton,40698,76,35327,57,5371,19,39506,60,298884,835,338390,895,0,463,-5,510,81,39725,0,1081,464
03-06-21,Hancock,501,0,361,0,140,0,387,0,3682,5,4069,5,0,12,0,2,0,487,0,19,12
03-06-21,Hardeman,3387,4,2750,2,637,2,3217,2,23935,26,27152,28,0,65,3,4,1,3318,0,101,63
03-06-21,Hardin,3319,3,2279,1,1040,2,2715,1,22287,24,25002,25,0,63,1,24,2,3232,0,62,63
03-06-21,Hawkins,5279,7,4332,6,947,1,4663,7,31731,178,36394,185,0,98,-8,99,15,5082,0,140,99
03-06-21,Haywood,2644,1,2219,0,425,1,2527,0,13147,18,15674,18,0,60,1,6,0,2578,0,81,60
03-06-21,Henderson,3630,3,2536,2,1094,1,3179,2,15554,16,18733,18,0,74,0,12,3,3544,0,75,74
03-06-21,Henry,3008,2,2352,2,656,0,2719,2,17157,23,19876,25,0,75,-3,-8,5,2941,0,74,75
03-06-21,Hickman,2674,4,2167,3,507,1,2504,3,15472,34,17976,37,0,41,3,43,1,2590,0,53,41
03-06-21,Houston,1036,0,779,0,257,0,889,0,9156,13,10045,13,0,32,-1,2,1,1002,0,39,33
03-06-21,Humphreys,1555,2,1019,1,536,1,1191,1,11000,16,12191,17,0,21,-1,18,3,1516,0,31,21
03-06-21,Jackson,1251,0,984,0,267,0,1150,0,5185,6,6335,6,0,34,-1,8,1,1209,0,39,33
03-06-21,Jefferson,5715,7,4007,6,1708,1,4529,10,36312,108,40841,118,0,119,-1,115,8,5481,0,172,119
03-06-21,Johnson,2174,0,1947,0,227,0,2072,0,14175,79,16247,79,0,38,-3,16,3,2120,0,57,38
03-06-21,Knox,46830,123,39704,84,7126,39,43396,95,302065,843,345461,938,0,589,40,662,83,45579,0,1297,587
03-06-21,Lake,1677,0,1492,0,185,0,1758,0,9586,26,11344,26,0,26,0,0,0,1651,0,25,26
03-06-21,Lauderdale,3092,1,2416,1,676,0,2771,1,20006,52,22777,53,0,42,0,19,1,3031,0,82,42
03-06-21,Lawrence,5563,2,4361,2,1202,0,4809,5,27658,84,32467,89,0,83,-1,19,3,5461,0,140,84
03-06-21,Lewis,1475,0,1147,0,328,0,1241,1,9642,10,10883,11,0,25,-6,14,6,1436,0,41,25
03-06-21,Lincoln,4144,4,3243,1,901,3,3684,1,16713,38,20397,39,0,62,1,42,3,4040,0,80,60
03-06-21,Loudon,5758,13,4489,7,1269,6,4907,8,29566,55,34473,63,-1,66,7,96,7,5596,0,129,67
03-06-21,Macon,3374,4,2661,3,713,1,3133,4,14916,36,18049,40,0,73,0,30,4,3271,0,118,73
03-06-21,Madison,10132,12,5687,6,4445,6,6927,9,52154,98,59081,107,1,232,7,-630,4,10530,0,333,232
03-06-21,Marion,2955,2,2549,2,406,0,2848,3,17647,69,20495,72,0,45,-6,20,8,2890,0,108,46
03-06-21,Marshall,3918,5,3159,2,759,3,3569,2,21972,28,25541,30,0,57,4,38,1,3823,0,86,57
03-06-21,Maury,12252,14,10911,10,1341,4,12058,14,69113,131,81171,145,0,162,2,22,12,12068,0,277,161
03-06-21,McMinn,5962,6,5332,4,630,2,5886,5,39887,104,45773,109,0,93,-5,98,11,5771,0,146,94
03-06-21,McNairy,2683,2,1909,2,774,0,2325,2,17446,25,19771,27,0,53,-2,-20,4,2650,0,63,53
03-06-21,Meigs,1268,1,1153,1,115,0,1281,1,7552,22,8833,23,0,23,1,6,0,1239,0,38,23
03-06-21,Monroe,5398,12,4289,7,1109,5,4820,9,25397,61,30217,70,1,91,-6,131,17,5176,0,148,92
03-06-21,Montgomery,17528,21,12910,21,4618,0,14200,30,104908,385,119108,415,0,213,-17,-42,38,17357,0,294,218
03-06-21,Moore,945,0,737,0,208,0,834,0,4602,3,5436,3,0,16,0,7,0,922,0,16,17
03-06-21,Morgan,2310,2,1725,1,585,1,1869,1,14440,36,16309,37,0,38,0,14,2,2258,0,36,38
03-06-21,Obion,4366,0,3252,0,1114,0,3681,0,21319,38,25000,38,0,95,-3,-1,3,4272,0,98,95
03-06-21,Out of State,16332,26,13088,20,3244,6,14775,24,582119,1364,596894,1388,1,96,2,210,23,16026,0,199,91
03-06-21,Overton,2867,2,2166,1,701,1,2550,1,14250,26,16800,27,0,58,-3,30,5,2779,0,63,59
03-06-21,Pending,15370,31,9984,17,5386,14,11090,20,376925,992,388015,1012,0,126,14,98,17,15146,1,135,129
03-06-21,Perry,1033,0,893,0,140,0,1005,0,5896,8,6901,8,0,28,-2,-6,2,1011,0,28,28
03-06-21,Pickett,743,1,492,0,251,1,593,0,3653,27,4246,27,0,23,0,2,1,718,0,28,24
03-06-21,Polk,1793,7,1632,7,161,0,1804,7,8762,20,10566,27,0,22,6,52,1,1719,0,67,23
03-06-21,Putnam,10642,6,8758,1,1884,5,10504,4,67293,106,77797,110,0,170,-2,121,8,10351,0,204,171
03-06-21,Rhea,4153,6,3612,3,541,3,4045,3,25184,30,29229,33,0,73,4,34,2,4046,0,82,73
03-06-21,Roane,5944,7,4656,5,1288,2,5184,7,40678,102,45862,109,0,96,-12,55,19,5793,0,142,97
03-06-21,Robertson,9018,13,7170,5,1848,8,8088,6,40855,77,48943,83,0,121,-1,100,14,8797,1,403,122
03-06-21,Rutherford,38742,82,33637,55,5105,27,39182,65,217280,621,256462,686,1,388,6,514,75,37840,0,570,392
03-06-21,Scott,2887,3,1644,0,1243,3,1755,0,10847,17,12602,17,0,44,1,37,2,2806,0,60,44
03-06-21,Sequatchie,1571,2,1258,1,313,1,1373,1,11308,19,12681,20,0,27,2,33,0,1511,0,36,26
03-06-21,Sevier,12144,29,10674,19,1470,10,11747,20,62184,155,73931,175,0,165,17,179,12,11800,1,261,164
03-06-21,Shelby,87745,127,81728,98,6017,29,100787,125,882176,2983,982963,3108,4,1517,19,829,104,85399,8,3421,1539
03-06-21,Smith,2578,1,1968,1,610,0,2474,1,12655,17,15129,18,0,36,-1,45,2,2497,0,57,36
03-06-21,Stewart,1244,4,945,4,299,0,1069,4,6481,12,7550,16,0,25,4,-2,0,1221,0,24,25
03-06-21,Sullivan,14480,31,12621,27,1859,4,13644,42,81264,312,94908,354,0,275,17,208,14,13997,0,715,274
03-06-21,Sumner,21516,39,19303,21,2213,18,21866,30,112177,303,134043,333,0,320,18,142,21,21054,0,689,323
03-06-21,Tipton,6949,8,4882,4,2067,4,5903,5,44369,131,50272,136,0,103,2,52,6,6794,0,146,99
03-06-21,Trousdale,2403,3,2272,2,131,1,2434,2,8667,22,11101,24,0,22,3,23,0,2358,1,40,22
03-06-21,Unicoi,1813,1,1409,1,404,0,1555,1,12485,27,14040,28,0,47,-2,31,3,1735,0,65,47
03-06-21,Union,1747,5,1484,5,263,0,1599,5,9954,12,11553,17,0,34,2,37,3,1676,0,56,34
03-06-21,Van Buren,798,0,667,0,131,0,735,0,5126,2,5861,2,0,20,0,3,0,775,0,20,20
03-06-21,Warren,5311,5,4550,4,761,1,5162,5,31064,54,36226,59,0,77,3,39,2,5195,0,80,79
03-06-21,Washington,12788,10,11045,9,1743,1,12199,12,77536,287,89735,299,0,234,-2,144,12,12410,0,330,233
03-06-21,Wayne,2882,1,2342,0,540,1,2575,1,10856,15,13431,16,0,30,-2,22,3,2830,0,59,30
03-06-21,Weakley,3794,4,2851,2,943,2,3266,2,20769,29,24035,31,0,60,1,10,3,3724,0,61,60
03-06-21,White,3391,6,2812,4,579,2,3436,6,21784,42,25220,48,0,66,0,64,6,3261,0,105,66
03-06-21,Williamson,25485,54,21746,33,3739,21,24155,36,170139,435,194294,471,0,204,-12,192,66,25089,0,285,206
03-06-21,Wilson,16601,36,15024,27,1577,9,17139,32,94580,287,111719,319,0,211,3,180,33,16210,0,323,214
03-05-21,Anderson,8060,33,6126,17,1934,16,6869,22,59106,133,65975,155,0,158,18,190,15,7712,2,193,163
03-05-21,Bedford,5828,11,4689,2,1139,9,5413,3,29483,31,34896,34,0,120,5,60,6,5648,0,127,120
03-05-21,Benton,1509,0,1216,0,293,0,1344,0,8606,13,9950,13,0,39,-1,2,1,1468,0,35,40
03-05-21,Bledsoe,2013,2,1841,0,172,2,1954,0,14516,26,16470,26,0,10,-1,13,3,1990,0,32,10
03-05-21,Blount,14149,26,12214,18,1935,8,13463,20,68486,150,81949,170,1,184,-6,137,31,13828,2,319,183
03-05-21,Bradley,13047,41,10854,19,2193,22,12308,22,60971,167,73279,189,0,141,8,252,33,12654,2,532,143
03-05-21,Campbell,3822,4,2170,1,1652,3,2436,3,24021,29,26457,32,0,59,-1,39,5,3724,1,112,60
03-05-21,Cannon,1786,11,1450,7,336,4,1614,7,8715,25,10329,32,0,30,7,47,4,1709,0,35,30
03-05-21,Carroll,3477,1,2293,1,1184,0,2716,1,18875,22,21591,23,0,81,-1,3,2,3393,0,78,82
03-05-21,Carter,5982,6,5239,5,743,1,5748,6,35046,67,40794,73,0,155,3,61,3,5766,0,215,154
03-05-21,Cheatham,3965,8,3120,4,845,4,3527,4,25268,40,28795,44,0,44,-3,97,11,3824,0,80,45
03-05-21,Chester,2018,0,1463,0,555,0,1745,0,11168,12,12913,12,0,48,0,-4,0,1974,0,39,48
03-05-21,Claiborne,2840,7,1832,6,1008,1,1959,7,22673,103,24632,110,0,69,-9,96,16,2675,0,91,70
03-05-21,Clay,1071,1,739,1,332,0,848,2,5386,18,6234,20,1,31,-1,12,1,1028,0,24,30
03-05-21,Cocke,4021,8,2747,3,1274,5,3037,4,20193,32,23230,36,1,96,-3,42,10,3883,0,109,96
03-05-21,Coffee,6415,7,4502,4,1913,3,5515,5,43190,55,48705,60,0,115,-7,110,14,6190,0,115,115
03-05-21,Crockett,1971,0,1182,0,789,0,1379,0,7020,7,8399,7,0,47,-3,-7,3,1931,0,30,48
03-05-21,Cumberland,6126,9,5151,5,975,4,5903,6,46286,47,52189,53,1,123,1,69,7,5934,0,148,124
03-05-21,Davidson,81760,114,77209,87,4551,27,93905,109,874217,1686,968122,1795,2,873,-20,880,132,80007,0,1873,871
03-05-21,Decatur,1537,0,1150,0,387,0,1365,0,10690,8,12055,8,0,37,0,3,0,1497,0,38,37
03-05-21,Dekalb,2670,6,1990,4,680,2,2298,4,16129,39,18427,43,0,51,5,32,1,2587,0,54,51
03-05-21,Dickson,6280,15,4528,2,1752,13,5366,3,32906,61,38272,64,0,106,6,72,9,6102,0,116,107
03-05-21,Dyer,5234,0,3470,0,1764,0,3912,2,20873,28,24785,30,0,101,-2,13,2,5120,0,104,103
03-05-21,Fayette,4669,4,4042,4,627,0,4967,7,35024,83,39991,90,1,73,-4,30,7,4566,0,120,72
03-05-21,Fentress,2300,4,2002,3,298,1,2286,3,12075,7,14361,10,0,44,4,12,0,2244,0,57,44
03-05-21,Franklin,4753,13,4000,9,753,4,4704,13,34626,226,39330,239,0,85,0,50,13,4618,0,104,85
03-05-21,Gibson,6171,1,3742,1,2429,0,4535,2,28019,32,32554,34,0,141,-5,20,6,6010,0,104,142
03-05-21,Giles,3740,3,3131,3,609,0,3595,3,21752,28,25347,31,0,97,-6,30,9,3613,0,110,97
03-05-21,Grainger,2445,4,1839,4,606,0,2062,5,13254,42,15316,47,0,46,0,38,4,2361,0,66,47
03-05-21,Greene,7291,4,5793,4,1498,0,6472,4,44446,164,50918,168,0,145,0,58,4,7088,0,173,146
03-05-21,Grundy,1698,2,1434,2,264,0,1643,3,8112,54,9755,57,0,30,-1,31,3,1637,0,55,30
03-05-21,Hamblen,8056,16,5755,7,2301,9,6461,9,43896,99,50357,108,0,165,5,79,11,7812,0,248,165
03-05-21,Hamilton,40622,64,35270,44,5352,20,39446,60,298049,670,337495,730,0,463,-38,515,102,39644,0,1081,464
03-05-21,Hancock,501,0,361,0,140,0,387,0,3677,6,4064,6,0,12,0,2,0,487,0,19,12
03-05-21,Hardeman,3383,4,2748,3,635,1,3215,3,23909,29,27124,32,1,65,1,1,2,3317,0,101,63
03-05-21,Hardin,3316,4,2278,2,1038,2,2714,3,22263,38,24977,41,0,63,1,23,3,3230,1,62,63
03-05-21,Hawkins,5272,11,4326,6,946,5,4656,6,31553,78,36209,84,3,98,-9,107,17,5067,0,140,99
03-05-21,Haywood,2643,1,2219,0,424,1,2527,0,13129,12,15656,12,0,60,0,5,1,2578,0,81,60
03-05-21,Henderson,3627,3,2534,3,1093,0,3177,3,15538,16,18715,19,1,74,-3,12,5,3541,0,75,74
03-05-21,Henry,3006,4,2350,2,656,2,2717,3,17134,23,19851,26,0,75,4,-5,0,2936,0,74,75
03-05-21,Hickman,2670,5,2164,2,506,3,2501,2,15438,26,17939,28,0,41,5,40,0,2589,0,53,41
03-05-21,Houston,1036,1,779,0,257,1,889,0,9143,9,10032,9,0,32,1,3,0,1001,0,39,33
03-05-21,Humphreys,1553,3,1018,1,535,2,1190,1,10984,8,12174,9,0,21,2,19,1,1513,0,31,21
03-05-21,Jackson,1251,1,984,1,267,0,1150,2,5179,12,6329,14,0,34,0,9,1,1208,0,39,33
03-05-21,Jefferson,5708,14,4001,12,1707,2,4519,11,36204,216,40723,227,0,119,6,116,8,5473,0,172,118
03-05-21,Johnson,2174,3,1947,3,227,0,2072,3,14096,36,16168,39,0,38,-5,19,8,2117,0,57,38
03-05-21,Knox,46707,70,39620,42,7087,28,43301,49,301222,515,344523,564,2,589,-17,622,85,45496,2,1297,587
03-05-21,Lake,1677,0,1492,0,185,0,1758,0,9560,4,11318,4,0,26,-2,0,2,1651,0,25,26
03-05-21,Lauderdale,3091,2,2415,1,676,1,2770,3,19954,29,22724,32,0,42,2,19,0,3030,0,82,41
03-05-21,Lawrence,5561,1,4359,0,1202,1,4804,0,27574,36,32378,36,0,83,-5,20,6,5458,0,140,83
03-05-21,Lewis,1475,1,1147,0,328,1,1240,0,9632,8,10872,8,0,25,-1,20,2,1430,0,41,25
03-05-21,Lincoln,4140,4,3242,2,898,2,3683,2,16675,23,20358,25,0,62,-2,41,6,4037,0,80,60
03-05-21,Loudon,5745,7,4482,2,1263,5,4899,2,29511,56,34410,58,1,67,-13,89,19,5589,1,129,67
03-05-21,Macon,3370,3,2658,3,712,0,3129,3,14880,50,18009,53,0,73,-2,30,5,3267,0,118,73
03-05-21,Madison,10120,5,5681,4,4439,1,6918,4,52056,50,58974,54,1,231,-7,-637,11,10526,0,333,232
03-05-21,Marion,2953,5,2547,4,406,1,2845,5,17578,49,20423,54,1,45,-3,26,7,2882,0,108,45
03-05-21,Marshall,3913,5,3157,2,756,3,3567,2,21944,25,25511,27,1,57,0,34,4,3822,0,86,57
03-05-21,Maury,12238,6,10901,6,1337,0,12044,7,68982,81,81026,88,-1,162,-3,20,10,12056,0,277,161
03-05-21,McMinn,5956,10,5328,9,628,1,5881,14,39783,80,45664,94,1,93,2,103,7,5760,1,146,94
03-05-21,McNairy,2681,5,1907,4,774,1,2323,4,17421,21,19744,25,0,53,2,-18,3,2646,0,63,53
03-05-21,Meigs,1267,0,1152,0,115,0,1280,2,7530,16,8810,18,1,23,-3,5,2,1239,0,38,23
03-05-21,Monroe,5386,17,4282,16,1104,1,4811,15,25336,42,30147,57,0,90,2,137,15,5159,1,148,92
03-05-21,Montgomery,17507,31,12889,22,4618,9,14170,21,104523,208,118693,229,0,213,-14,-25,45,17319,0,294,216
03-05-21,Moore,945,1,737,1,208,0,834,1,4599,8,5433,9,0,16,0,7,1,922,0,16,17
03-05-21,Morgan,2308,2,1724,1,584,1,1868,2,14404,25,16272,27,0,38,1,14,1,2256,0,36,38
03-05-21,Obion,4366,0,3252,0,1114,0,3681,0,21281,40,24962,40,0,95,-5,2,5,4269,0,98,95
03-05-21,Out of State,16306,25,13068,15,3238,10,14751,20,580755,1166,595506,1186,1,95,-2,208,26,16003,0,199,91
03-05-21,Overton,2865,9,2165,7,700,2,2549,7,14224,36,16773,43,1,58,5,33,3,2774,0,63,59
03-05-21,Pending,15339,45,9967,21,5372,24,11070,25,375933,991,387003,1016,-1,126,24,84,22,15129,0,134,129
03-05-21,Perry,1033,1,893,1,140,0,1005,1,5888,11,6893,12,1,28,0,-4,0,1009,0,28,28
03-05-21,Pickett,742,1,492,0,250,1,593,0,3626,4,4219,4,0,23,1,2,0,717,0,28,24
03-05-21,Polk,1786,7,1625,6,161,1,1797,7,8742,25,10539,32,0,22,1,46,6,1718,0,67,22
03-05-21,Putnam,10636,18,8757,11,1879,7,10500,14,67187,182,77687,196,0,170,11,123,7,10343,0,204,170
03-05-21,Rhea,4147,6,3609,4,538,2,4042,4,25154,51,29196,55,0,73,2,30,4,4044,0,82,73
03-05-21,Roane,5937,11,4651,8,1286,3,5177,10,40576,74,45753,84,0,96,-7,67,18,5774,0,142,97
03-05-21,Robertson,9005,11,7165,6,1840,5,8082,6,40778,49,48860,55,0,121,-10,101,21,8783,0,402,122
03-05-21,Rutherford,38660,79,33582,43,5078,36,39117,47,216659,445,255776,492,1,387,9,508,69,37765,0,570,391
03-05-21,Scott,2884,4,1644,0,1240,4,1755,0,10830,25,12585,25,0,44,1,36,3,2804,0,60,44
03-05-21,Sequatchie,1569,5,1257,3,312,2,1372,6,11289,26,12661,32,0,27,3,31,2,1511,0,36,26
03-05-21,Sevier,12115,24,10655,20,1460,4,11727,23,62029,154,73756,177,1,165,8,162,15,11788,0,260,164
03-05-21,Shelby,87618,102,81630,71,5988,31,100662,90,879193,2385,979855,2475,4,1513,-5,810,103,85295,1,3413,1538
03-05-21,Smith,2577,3,1967,2,610,1,2473,2,12638,15,15111,17,0,36,2,46,1,2495,0,57,36
03-05-21,Stewart,1240,2,941,0,299,2,1065,0,6469,3,7534,3,0,25,1,-6,1,1221,0,24,25
03-05-21,Sullivan,14449,21,12594,21,1855,0,13602,12,80952,154,94554,166,1,275,-8,191,28,13983,0,715,274
03-05-21,Sumner,21477,46,19282,23,2195,23,21836,25,111874,177,133710,202,2,320,7,124,37,21033,0,689,321
03-05-21,Tipton,6941,8,4878,1,2063,7,5898,3,44238,97,50136,100,0,103,0,50,8,6788,0,146,99
03-05-21,Trousdale,2400,2,2270,2,130,0,2432,2,8645,21,11077,23,0,22,2,20,0,2358,0,39,22
03-05-21,Unicoi,1812,6,1408,4,404,2,1554,5,12458,45,14012,50,0,47,3,33,3,1732,0,65,47
03-05-21,Union,1742,6,1479,4,263,2,1594,3,9942,18,11536,21,1,34,-4,35,9,1673,0,56,34
03-05-21,Van Buren,798,0,667,0,131,0,735,0,5124,7,5859,7,0,20,-1,3,1,775,0,20,20
03-05-21,Warren,5306,4,4546,4,760,0,5157,3,31010,68,36167,71,1,77,0,36,3,5193,0,80,78
03-05-21,Washington,12778,15,11036,13,1742,2,12187,15,77249,255,89436,270,0,234,-2,146,17,12398,0,330,233
03-05-21,Wayne,2881,9,2342,7,539,2,2574,8,10841,20,13415,28,0,30,7,24,2,2827,0,59,30
03-05-21,Weakley,3790,4,2849,3,941,1,3264,3,20740,50,24004,53,1,60,1,9,2,3721,0,61,60
03-05-21,White,3385,4,2808,3,577,1,3430,4,21742,41,25172,45,0,66,-3,64,7,3255,0,105,66
03-05-21,Williamson,25431,40,21713,23,3718,17,24119,22,169704,285,193823,307,0,204,-11,204,51,25023,0,285,206
03-05-21,Wilson,16565,55,14997,34,1568,21,17107,35,94293,243,111400,278,0,211,12,177,43,16177,0,323,211
03-04-21,Anderson,8027,25,6109,13,1918,12,6847,17,58973,165,65820,182,0,158,13,172,12,7697,0,191,163
03-04-21,Bedford,5817,17,4687,13,1130,4,5410,13,29452,88,34862,101,0,120,11,55,6,5642,1,127,119
03-04-21,Benton,1509,1,1216,1,293,0,1344,1,8593,13,9937,14,0,39,-1,3,2,1467,0,35,40
03-04-21,Bledsoe,2011,0,1841,0,170,0,1954,4,14490,71,16444,75,0,10,-2,14,2,1987,0,32,10
03-04-21,Blount,14123,36,12196,30,1927,6,13443,33,68336,248,81779,281,1,183,13,143,22,13797,1,317,183
03-04-21,Bradley,13006,56,10835,36,2171,20,12286,41,60804,228,73090,269,1,141,18,244,37,12621,1,530,143
03-04-21,Campbell,3818,10,2169,3,1649,7,2433,3,23992,29,26425,32,0,59,2,40,8,3719,0,111,60
03-04-21,Cannon,1775,10,1443,6,332,4,1607,6,8690,28,10297,34,0,30,9,40,1,1705,0,35,30
03-04-21,Carroll,3476,2,2292,2,1184,0,2715,2,18853,33,21568,35,0,81,0,4,2,3391,0,78,82
03-04-21,Carter,5976,6,5234,5,742,1,5742,6,34979,85,40721,91,2,155,-6,58,10,5763,0,215,154
03-04-21,Cheatham,3957,26,3116,14,841,12,3523,14,25228,88,28751,102,0,44,21,100,5,3813,2,80,45
03-04-21,Chester,2018,3,1463,3,555,0,1745,3,11156,75,12901,78,0,48,3,-4,0,1974,0,39,48
03-04-21,Claiborne,2833,13,1826,6,1007,7,1952,6,22570,86,24522,92,1,69,-6,105,18,2659,0,91,69
03-04-21,Clay,1070,0,738,0,332,0,846,0,5368,6,6214,6,0,30,0,13,0,1027,0,24,30
03-04-21,Cocke,4013,12,2744,3,1269,9,3033,3,20161,89,23194,92,2,95,5,45,5,3873,0,109,96
03-04-21,Coffee,6408,61,4498,7,1910,54,5510,7,43135,136,48645,143,0,115,55,117,6,6176,0,115,115
03-04-21,Crockett,1971,1,1182,0,789,1,1379,0,7013,18,8392,18,0,47,-1,-4,2,1928,0,30,48
03-04-21,Cumberland,6117,5,5146,4,971,1,5897,4,46239,67,52136,71,1,122,-1,68,5,5927,0,148,124
03-04-21,Davidson,81646,140,77122,113,4524,27,93796,144,872531,5424,966327,5568,1,871,44,900,95,79875,1,1873,870
03-04-21,Decatur,1537,3,1150,3,387,0,1365,3,10682,7,12047,10,0,37,3,3,0,1497,0,38,37
03-04-21,Dekalb,2664,4,1986,2,678,2,2294,3,16090,26,18384,29,2,51,1,27,1,2586,0,54,51
03-04-21,Dickson,6265,20,4526,9,1739,11,5363,12,32845,112,38208,124,0,106,16,66,4,6093,0,116,107
03-04-21,Dyer,5234,2,3470,1,1764,1,3910,2,20845,49,24755,51,0,101,0,15,2,5118,0,104,103
03-04-21,Fayette,4665,7,4038,5,627,2,4960,6,34941,112,39901,118,1,72,1,34,5,4559,0,120,71
03-04-21,Fentress,2296,2,1999,0,297,2,2283,0,12068,17,14351,17,0,44,0,8,2,2244,0,57,44
03-04-21,Franklin,4740,8,3991,6,749,2,4691,6,34400,78,39091,84,0,85,2,50,6,4605,0,104,85
03-04-21,Gibson,6170,4,3741,2,2429,2,4533,3,27987,107,32520,110,0,141,1,25,3,6004,0,104,141
03-04-21,Giles,3737,3,3128,1,609,2,3592,2,21724,57,25316,59,1,97,1,36,1,3604,0,110,97
03-04-21,Grainger,2441,4,1835,2,606,2,2057,2,13212,30,15269,32,0,46,-2,38,6,2357,0,66,47
03-04-21,Greene,7287,8,5789,1,1498,7,6468,2,44282,182,50750,184,0,145,-1,58,9,7084,0,173,146
03-04-21,Grundy,1696,3,1432,2,264,1,1640,2,8058,67,9698,69,0,30,-1,32,4,1634,0,55,30
03-04-21,Hamblen,8040,13,5748,5,2292,8,6452,7,43797,79,50249,86,1,165,1,74,11,7801,0,248,165
03-04-21,Hamilton,40558,92,35226,73,5332,19,39386,83,297379,733,336765,816,1,463,-10,553,101,39542,4,1081,464
03-04-21,Hancock,501,2,361,0,140,2,387,0,3671,5,4058,5,0,12,1,2,1,487,0,19,12
03-04-21,Hardeman,3379,2,2745,1,634,1,3212,1,23880,41,27092,42,0,64,2,0,0,3315,0,101,63
03-04-21,Hardin,3312,2,2276,2,1036,0,2711,3,22225,22,24936,25,0,63,2,22,0,3227,0,61,63
03-04-21,Hawkins,5261,5,4320,4,941,1,4650,7,31475,62,36125,69,1,95,-12,116,16,5050,0,140,99
03-04-21,Haywood,2642,2,2219,1,423,1,2527,1,13117,24,15644,25,0,60,2,5,0,2577,0,81,60
03-04-21,Henderson,3624,1,2531,1,1093,0,3174,1,15522,20,18696,21,0,73,-3,15,4,3536,0,75,74
03-04-21,Henry,3002,0,2348,0,654,0,2714,1,17111,21,19825,22,0,75,-3,-9,3,2936,0,74,75
03-04-21,Hickman,2665,5,2162,1,503,4,2499,1,15412,44,17911,45,0,41,1,35,4,2589,0,53,41
03-04-21,Houston,1035,1,779,1,256,0,889,3,9134,4,10023,7,0,32,1,2,0,1001,0,39,33
03-04-21,Humphreys,1550,6,1017,1,533,5,1189,1,10976,25,12165,26,0,21,5,17,1,1512,0,31,21
03-04-21,Jackson,1250,0,983,0,267,0,1148,0,5167,10,6315,10,0,34,0,9,0,1207,0,39,33
03-04-21,Jefferson,5694,20,3989,9,1705,11,4508,10,35988,113,40496,123,0,119,8,110,12,5465,0,172,118
03-04-21,Johnson,2171,1,1944,1,227,0,2069,1,14060,31,16129,32,0,38,-2,24,3,2109,0,57,38
03-04-21,Knox,46637,111,39578,85,7059,26,43252,102,300707,1108,343959,1210,5,587,-2,639,108,45411,1,1295,585
03-04-21,Lake,1677,0,1492,0,185,0,1758,0,9556,6,11314,6,0,26,0,2,0,1649,0,25,26
03-04-21,Lauderdale,3089,2,2414,1,675,1,2767,1,19925,78,22692,79,0,42,0,17,2,3030,0,82,41
03-04-21,Lawrence,5560,4,4359,2,1201,2,4804,2,27538,66,32342,68,0,83,1,25,3,5452,1,140,83
03-04-21,Lewis,1474,3,1147,2,327,1,1240,2,9624,17,10864,19,0,25,-1,21,4,1428,0,41,25
03-04-21,Lincoln,4136,5,3240,4,896,1,3681,7,16652,29,20333,36,0,62,1,43,4,4031,0,80,60
03-04-21,Loudon,5738,15,4480,7,1258,8,4897,9,29455,67,34352,76,0,66,-4,102,19,5570,1,128,67
03-04-21,Macon,3367,2,2655,1,712,1,3126,1,14830,55,17956,56,0,73,2,32,0,3262,0,118,73
03-04-21,Madison,10115,8,5677,5,4438,3,6914,5,52006,101,58920,106,1,230,4,-630,3,10515,1,333,231
03-04-21,Marion,2948,3,2543,2,405,1,2840,3,17529,103,20369,106,0,44,-2,29,5,2875,0,108,45
03-04-21,Marshall,3908,5,3155,3,753,2,3565,4,21919,43,25484,47,0,56,1,34,4,3818,0,86,57
03-04-21,Maury,12232,15,10895,10,1337,5,12037,16,68901,163,80938,179,0,163,7,23,8,12046,0,277,161
03-04-21,McMinn,5946,16,5319,10,627,6,5867,13,39703,180,45570,193,0,92,7,101,9,5753,1,145,94
03-04-21,McNairy,2676,1,1903,1,773,0,2319,2,17400,92,19719,94,0,53,-2,-20,3,2643,0,63,53
03-04-21,Meigs,1267,2,1152,2,115,0,1278,1,7514,21,8792,22,1,22,1,8,0,1237,0,38,23
03-04-21,Monroe,5369,17,4266,11,1103,6,4796,13,25294,102,30090,115,0,90,8,135,9,5144,1,147,92
03-04-21,Montgomery,17476,36,12867,28,4609,8,14149,33,104315,483,118464,516,0,213,18,-11,18,17274,0,294,216
03-04-21,Moore,944,1,736,1,208,0,833,1,4591,9,5424,10,0,16,-1,7,2,921,0,16,17
03-04-21,Morgan,2306,7,1723,5,583,2,1866,5,14379,24,16245,29,0,38,6,13,1,2255,0,36,38
03-04-21,Obion,4366,1,3252,1,1114,0,3681,1,21241,39,24922,40,0,95,0,7,1,4264,0,98,95
03-04-21,Out of State,16281,41,13053,28,3228,13,14731,48,579589,1896,594320,1944,0,94,24,210,17,15977,1,199,90
03-04-21,Overton,2856,5,2158,2,698,3,2542,2,14188,26,16730,28,0,57,3,28,2,2771,0,63,59
03-04-21,Pending,15294,51,9946,29,5348,22,11045,28,374942,1431,385987,1459,1,127,33,60,17,15107,0,134,128
03-04-21,Perry,1032,1,892,1,140,0,1004,1,5877,4,6881,5,0,27,1,-4,0,1009,0,28,28
03-04-21,Pickett,741,0,492,0,249,0,593,0,3622,5,4215,5,0,23,0,1,0,717,0,28,24
03-04-21,Polk,1779,12,1619,9,160,3,1790,12,8717,43,10507,55,0,22,6,45,6,1712,1,67,22
03-04-21,Putnam,10618,13,8746,4,1872,9,10486,6,67005,94,77491,100,1,170,2,112,10,10336,0,204,170
03-04-21,Rhea,4141,5,3605,3,536,2,4038,5,25103,61,29141,66,0,73,0,28,5,4040,0,82,73
03-04-21,Roane,5926,6,4643,3,1283,3,5167,6,40502,113,45669,119,0,96,-8,74,14,5756,0,142,97
03-04-21,Robertson,8994,22,7159,14,1835,8,8076,14,40729,134,48805,148,0,121,13,111,9,8762,1,402,122
03-04-21,Rutherford,38581,94,33539,62,5042,32,39070,74,216214,768,255284,842,2,386,60,499,32,37696,1,570,388
03-04-21,Scott,2880,9,1644,2,1236,7,1755,1,10805,18,12560,19,0,44,5,35,4,2801,0,60,44
03-04-21,Sequatchie,1564,1,1254,1,310,0,1366,1,11263,18,12629,19,0,27,-4,28,5,1509,0,36,26
03-04-21,Sevier,12091,25,10635,16,1456,9,11704,17,61875,253,73579,270,0,164,-2,154,27,11773,0,260,164
03-04-21,Shelby,87516,170,81559,147,5957,23,100572,199,876808,4906,977380,5105,7,1509,108,815,55,85192,3,3412,1535
03-04-21,Smith,2574,8,1965,3,609,5,2471,3,12623,23,15094,26,0,36,4,44,4,2494,0,57,36
03-04-21,Stewart,1238,1,941,0,297,1,1065,0,6466,16,7531,16,1,25,-1,-7,1,1220,0,24,25
03-04-21,Sullivan,14428,47,12573,44,1855,3,13590,45,80798,226,94388,271,1,274,16,199,30,13955,1,715,274
03-04-21,Sumner,21431,48,19259,34,2172,14,21811,36,111697,373,133508,409,3,318,28,117,17,20996,0,689,320
03-04-21,Tipton,6933,9,4877,4,2056,5,5895,2,44141,148,50036,150,0,103,5,50,4,6780,0,146,99
03-04-21,Trousdale,2398,1,2268,1,130,0,2430,1,8624,19,11054,20,0,22,1,18,0,2358,0,39,22
03-04-21,Unicoi,1806,1,1404,0,402,1,1549,0,12413,43,13962,43,0,47,-5,30,6,1729,0,65,47
03-04-21,Union,1736,4,1475,4,261,0,1591,4,9924,20,11515,24,0,33,1,39,3,1664,0,56,33
03-04-21,Van Buren,798,0,667,0,131,0,735,0,5117,30,5852,30,0,20,0,4,0,774,0,20,20
03-04-21,Warren,5302,7,4542,5,760,2,5154,5,30942,106,36096,111,1,76,3,36,3,5190,0,80,78
03-04-21,Washington,12763,22,11023,14,1740,8,12172,20,76994,243,89166,263,0,234,5,148,17,12381,2,330,233
03-04-21,Wayne,2872,3,2335,2,537,1,2566,2,10821,18,13387,20,0,30,1,17,2,2825,0,59,30
03-04-21,Weakley,3786,4,2846,3,940,1,3261,4,20690,26,23951,30,0,59,4,8,0,3719,0,61,60
03-04-21,White,3381,4,2805,2,576,2,3426,4,21701,45,25127,49,0,66,-4,67,8,3248,0,105,66
03-04-21,Williamson,25391,51,21690,25,3701,26,24097,28,169419,623,193516,651,1,204,12,215,38,24972,0,285,205
03-04-21,Wilson,16510,46,14963,30,1547,16,17072,33,94050,436,111122,469,1,211,24,165,21,16134,1,323,211
03-03-21,Anderson,8002,31,6096,19,1906,12,6830,23,58808,114,65638,137,1,158,11,159,19,7685,0,191,163
03-03-21,Bedford,5800,7,4674,5,1126,2,5397,5,29364,64,34761,69,0,120,1,44,6,5636,0,126,119
03-03-21,Benton,1508,1,1215,0,293,1,1343,0,8580,19,9923,19,0,39,1,4,0,1465,0,35,40
03-03-21,Bledsoe,2011,9,1841,9,170,0,1950,7,14419,153,16369,160,0,10,6,16,3,1985,0,32,10
03-03-21,Blount,14087,25,12166,13,1921,12,13410,17,68088,143,81498,160,1,182,1,130,23,13775,1,316,183
03-03-21,Bradley,12950,20,10799,12,2151,8,12245,14,60576,150,72821,164,1,140,-28,226,47,12584,3,529,142
03-03-21,Campbell,3808,9,2166,3,1642,6,2430,3,23963,30,26393,33,0,59,1,38,8,3711,0,111,60
03-03-21,Cannon,1765,5,1437,4,328,1,1601,4,8662,23,10263,27,1,30,2,31,2,1704,0,35,30
03-03-21,Carroll,3474,1,2290,0,1184,1,2713,0,18820,20,21533,20,0,81,0,4,1,3389,0,78,82
03-03-21,Carter,5970,8,5229,7,741,1,5736,7,34894,124,40630,131,1,153,-3,64,10,5753,0,215,154
03-03-21,Cheatham,3931,8,3102,7,829,1,3509,7,25140,63,28649,70,0,44,4,79,4,3808,0,78,45
03-03-21,Chester,2015,2,1460,1,555,1,1742,1,11081,16,12823,17,0,48,0,-7,2,1974,0,39,48
03-03-21,Claiborne,2820,19,1820,6,1000,13,1946,13,22484,33,24430,46,0,68,0,111,19,2641,0,91,69
03-03-21,Clay,1070,0,738,0,332,0,846,1,5362,17,6208,18,0,30,0,13,0,1027,0,24,30
03-03-21,Cocke,4001,12,2741,6,1260,6,3030,7,20072,50,23102,57,0,93,8,40,4,3868,0,109,96
03-03-21,Coffee,6347,8,4491,5,1856,3,5503,7,42999,50,48502,57,0,115,-3,62,11,6170,0,115,115
03-03-21,Crockett,1970,2,1182,2,788,0,1379,2,6995,9,8374,11,0,47,1,-3,1,1926,0,30,48
03-03-21,Cumberland,6112,11,5142,10,970,1,5893,14,46172,108,52065,122,0,121,4,69,7,5922,0,148,124
03-03-21,Davidson,81506,141,77009,113,4497,28,93652,138,867107,2410,960759,2548,1,870,24,856,116,79780,1,1872,866
03-03-21,Decatur,1534,0,1147,0,387,0,1362,0,10675,17,12037,17,0,37,0,0,0,1497,0,38,37
03-03-21,Dekalb,2660,4,1984,2,676,2,2291,2,16064,52,18355,54,0,49,4,26,0,2585,0,54,51
03-03-21,Dickson,6245,17,4517,10,1728,7,5351,9,32733,81,38084,90,0,106,6,50,11,6089,0,116,106
03-03-21,Dyer,5232,1,3469,1,1763,0,3908,1,20796,28,24704,29,0,101,-2,15,3,5116,1,104,102
03-03-21,Fayette,4658,8,4033,6,625,2,4954,7,34829,90,39783,97,0,71,6,33,2,4554,0,120,71
03-03-21,Fentress,2294,2,1999,2,295,0,2283,2,12051,83,14334,85,0,44,0,8,2,2242,0,57,44
03-03-21,Franklin,4732,13,3985,9,747,4,4685,12,34322,65,39007,77,0,85,0,48,13,4599,0,104,85
03-03-21,Gibson,6166,1,3739,1,2427,0,4530,2,27880,41,32410,43,0,141,1,24,0,6001,0,104,141
03-03-21,Giles,3734,4,3127,4,607,0,3590,5,21667,32,25257,37,0,96,-2,35,6,3603,0,110,97
03-03-21,Grainger,2437,7,1833,4,604,3,2055,5,13182,43,15237,48,0,46,3,40,4,2351,1,66,47
03-03-21,Greene,7279,6,5788,5,1491,1,6466,6,44100,247,50566,253,0,145,-5,59,11,7075,0,173,146
03-03-21,Grundy,1693,2,1430,1,263,1,1638,2,7991,21,9629,23,0,30,-4,33,6,1630,0,55,30
03-03-21,Hamblen,8027,14,5743,6,2284,8,6445,6,43718,122,50163,128,0,164,-5,73,19,7790,0,248,165
03-03-21,Hamilton,40466,46,35153,34,5313,12,39303,39,296646,531,335949,570,0,462,-77,563,123,39441,3,1077,464
03-03-21,Hancock,499,2,361,0,138,2,387,1,3666,7,4053,8,0,12,0,1,2,486,0,19,12
03-03-21,Hardeman,3377,5,2744,5,633,0,3211,5,23839,78,27050,83,0,64,3,-2,2,3315,0,101,63
03-03-21,Hardin,3310,3,2274,2,1036,1,2708,3,22203,77,24911,80,0,63,2,20,1,3227,0,61,63
03-03-21,Hawkins,5256,17,4316,13,940,4,4643,14,31413,217,36056,231,0,94,4,128,13,5034,0,140,99
03-03-21,Haywood,2640,1,2218,1,422,0,2526,1,13093,22,15619,23,0,60,-2,3,3,2577,0,81,60
03-03-21,Henderson,3623,2,2530,2,1093,0,3173,3,15502,21,18675,24,0,73,2,18,0,3532,0,75,74
03-03-21,Henry,3002,3,2348,2,654,1,2713,2,17090,43,19803,45,0,75,-2,-6,5,2933,0,74,75
03-03-21,Hickman,2660,6,2161,5,499,1,2498,6,15368,34,17866,40,0,41,4,34,2,2585,0,53,41
03-03-21,Houston,1034,2,778,0,256,2,886,0,9130,10,10016,10,0,32,0,1,2,1001,0,39,32
03-03-21,Humphreys,1544,5,1016,1,528,4,1188,1,10951,23,12139,24,0,21,4,12,1,1511,0,31,21
03-03-21,Jackson,1250,4,983,3,267,1,1148,4,5157,6,6305,10,0,34,4,9,0,1207,1,39,33
03-03-21,Jefferson,5674,11,3980,5,1694,6,4498,6,35875,88,40373,94,0,119,-2,102,13,5453,0,172,118
03-03-21,Johnson,2170,6,1943,5,227,1,2068,5,14029,97,16097,102,0,38,3,26,3,2106,0,57,38
03-03-21,Knox,46526,75,39493,33,7033,42,43150,41,299599,495,342749,536,1,582,-47,641,121,45303,4,1294,583
03-03-21,Lake,1677,1,1492,1,185,0,1758,2,9550,27,11308,29,0,26,0,2,1,1649,0,25,26
03-03-21,Lauderdale,3087,2,2413,2,674,0,2766,3,19847,43,22613,46,0,42,0,17,2,3028,0,82,41
03-03-21,Lawrence,5556,3,4357,3,1199,0,4802,3,27472,34,32274,37,0,83,2,24,1,5449,1,139,83
03-03-21,Lewis,1471,1,1145,1,326,0,1238,1,9607,11,10845,12,0,25,-2,22,3,1424,0,41,25
03-03-21,Lincoln,4131,11,3236,11,895,0,3674,11,16623,41,20297,52,0,62,9,42,2,4027,0,80,60
03-03-21,Loudon,5723,7,4473,4,1250,3,4888,6,29388,40,34276,46,1,66,-13,106,19,5551,0,127,67
03-03-21,Macon,3365,2,2654,1,711,1,3125,3,14775,66,17900,69,0,73,-2,30,4,3262,0,118,73
03-03-21,Madison,10107,10,5672,9,4435,1,6909,10,51905,139,58814,149,1,229,4,-634,5,10512,0,332,230
03-03-21,Marion,2945,5,2541,5,404,0,2837,5,17426,36,20263,41,0,44,1,31,4,2870,0,108,45
03-03-21,Marshall,3903,3,3152,2,751,1,3561,2,21876,45,25437,47,0,56,0,33,3,3814,0,86,57
03-03-21,Maury,12217,8,10885,5,1332,3,12021,5,68738,132,80759,137,0,163,-1,16,9,12038,0,277,161
03-03-21,McMinn,5930,5,5309,3,621,2,5854,3,39523,52,45377,55,1,92,-4,94,8,5744,0,144,94
03-03-21,McNairy,2675,2,1902,2,773,0,2317,2,17308,48,19625,50,0,53,-3,-18,5,2640,0,63,53
03-03-21,Meigs,1265,0,1150,0,115,0,1277,1,7493,17,8770,18,0,21,-2,7,2,1237,0,38,22
03-03-21,Monroe,5352,15,4255,10,1097,5,4783,14,25192,49,29975,63,0,90,0,127,15,5135,0,146,91
03-03-21,Montgomery,17440,24,12839,13,4601,11,14116,13,103832,277,117948,290,0,213,-7,-29,31,17256,0,294,215
03-03-21,Moore,943,0,735,0,208,0,832,0,4582,7,5414,7,0,16,-2,8,2,919,0,16,17
03-03-21,Morgan,2299,3,1718,2,581,1,1861,3,14355,60,16216,63,0,38,0,7,3,2254,0,36,38
03-03-21,Obion,4365,4,3251,2,1114,2,3680,2,21202,23,24882,25,0,95,1,7,3,4263,0,98,95
03-03-21,Out of State,16240,35,13025,26,3215,9,14683,35,577693,1734,592376,1769,0,94,10,186,25,15960,0,198,90
03-03-21,Overton,2851,3,2156,1,695,2,2540,2,14162,45,16702,47,0,57,-3,25,6,2769,0,63,58
03-03-21,Pending,15243,43,9917,17,5326,26,11017,19,373511,984,384528,1003,1,126,24,27,18,15090,0,134,128
03-03-21,Perry,1031,1,891,0,140,1,1003,0,5873,7,6876,7,0,27,1,-5,0,1009,0,28,28
03-03-21,Pickett,741,0,492,0,249,0,593,0,3617,45,4210,45,0,23,-1,1,1,717,0,28,24
03-03-21,Polk,1767,3,1610,2,157,1,1778,3,8674,17,10452,20,0,22,-4,39,7,1706,0,66,22
03-03-21,Putnam,10605,18,8742,11,1863,7,10480,12,66911,371,77391,383,0,169,10,110,8,10326,0,204,170
03-03-21,Rhea,4136,6,3602,3,534,3,4033,3,25042,120,29075,123,0,73,-7,28,13,4035,0,82,73
03-03-21,Roane,5920,9,4640,7,1280,2,5161,8,40389,215,45550,223,0,96,-12,82,21,5742,0,142,97
03-03-21,Robertson,8972,10,7145,5,1827,5,8062,6,40595,93,48657,99,0,121,-3,98,13,8753,0,401,122
03-03-21,Rutherford,38487,80,33477,59,5010,21,38996,58,215446,678,254442,736,2,384,15,439,63,37664,1,569,387
03-03-21,Scott,2871,1,1642,1,1229,0,1754,3,10787,37,12541,40,0,44,-3,30,4,2797,0,60,44
03-03-21,Sequatchie,1563,8,1253,5,310,3,1365,6,11245,31,12610,37,0,27,1,32,7,1504,0,36,26
03-03-21,Sevier,12066,29,10619,11,1447,18,11687,11,61622,140,73309,151,1,164,12,156,16,11746,0,260,164
03-03-21,Shelby,87346,119,81412,78,5934,41,100373,94,871902,2883,972275,2977,10,1502,32,707,77,85137,1,3409,1534
03-03-21,Smith,2566,8,1962,6,604,2,2468,8,12600,36,15068,44,0,36,5,40,3,2490,0,57,36
03-03-21,Stewart,1237,2,941,1,296,1,1065,1,6450,14,7515,15,0,24,2,-6,0,1219,0,24,25
03-03-21,Sullivan,14381,42,12529,38,1852,4,13545,39,80572,259,94117,298,-1,273,17,183,26,13925,2,714,274
03-03-21,Sumner,21383,28,19225,16,2158,12,21775,25,111324,331,133099,356,0,315,-9,89,37,20979,1,689,319
03-03-21,Tipton,6924,10,4873,7,2051,3,5893,8,43993,111,49886,119,0,103,-6,45,16,6776,0,146,99
03-03-21,Trousdale,2397,6,2267,5,130,1,2429,5,8605,41,11034,46,0,22,6,17,0,2358,0,39,22
03-03-21,Unicoi,1805,3,1404,2,401,1,1549,4,12370,39,13919,43,0,47,-3,35,6,1723,0,65,47
03-03-21,Union,1732,5,1471,3,261,2,1587,3,9904,23,11491,26,0,33,-2,38,7,1661,0,56,33
03-03-21,Van Buren,798,0,667,0,131,0,735,0,5087,4,5822,4,0,20,0,4,0,774,0,20,20
03-03-21,Warren,5295,7,4537,3,758,4,5149,7,30836,81,35985,88,0,75,4,33,3,5187,0,80,78
03-03-21,Washington,12741,20,11009,19,1732,1,12152,18,76751,219,88903,237,0,234,2,143,18,12364,0,328,233
03-03-21,Wayne,2869,4,2333,3,536,1,2564,3,10803,11,13367,14,0,30,1,16,3,2823,0,59,30
03-03-21,Weakley,3782,1,2843,1,939,0,3257,1,20664,19,23921,20,0,59,-1,4,2,3719,0,61,60
03-03-21,White,3377,7,2803,4,574,3,3422,5,21656,69,25078,74,0,66,0,71,7,3240,0,105,66
03-03-21,Williamson,25340,69,21665,55,3675,14,24069,60,168796,587,192865,647,0,203,11,203,58,24934,1,285,205
03-03-21,Wilson,16464,39,14933,34,1531,5,17039,37,93614,388,110653,425,0,210,9,141,30,16113,0,322,211
03-02-21,Anderson,7971,23,6077,11,1894,12,6807,11,58694,116,65501,127,1,157,-2,148,24,7666,1,191,162
03-02-21,Bedford,5793,4,4669,4,1124,0,5392,4,29300,21,34692,25,1,120,-4,43,7,5630,0,126,119
03-02-21,Benton,1507,1,1215,1,292,0,1343,1,8561,3,9904,4,0,39,1,3,0,1465,0,35,39
03-02-21,Bledsoe,2002,0,1832,0,170,0,1943,0,14266,10,16209,10,0,10,-3,10,3,1982,0,32,10
03-02-21,Blount,14062,30,12153,19,1909,11,13393,23,67945,158,81338,181,0,181,2,129,28,13752,1,315,183
03-02-21,Bradley,12930,56,10787,30,2143,26,12231,37,60426,167,72657,204,0,139,19,254,37,12537,2,526,142
03-02-21,Campbell,3799,4,2163,2,1636,2,2427,3,23933,19,26360,22,0,59,-3,37,7,3703,0,111,60
03-02-21,Cannon,1760,11,1433,8,327,3,1597,10,8639,13,10236,23,0,29,11,29,0,1702,0,35,29
03-02-21,Carroll,3473,3,2290,1,1183,2,2713,1,18800,14,21513,15,0,81,3,4,0,3388,0,78,82
03-02-21,Carter,5962,5,5222,5,740,0,5729,9,34770,56,40499,65,0,152,-3,67,8,5743,1,215,154
03-02-21,Cheatham,3923,17,3095,8,828,9,3502,8,25077,29,28579,37,1,44,14,75,2,3804,0,78,45
03-02-21,Chester,2013,2,1459,1,554,1,1741,1,11065,9,12806,10,0,48,1,-7,1,1972,0,39,48
03-02-21,Claiborne,2801,12,1814,10,987,2,1933,20,22451,95,24384,115,1,68,-5,111,16,2622,2,91,69
03-02-21,Clay,1070,0,738,0,332,0,845,0,5345,2,6190,2,0,30,0,13,0,1027,0,24,30
03-02-21,Cocke,3989,5,2735,1,1254,4,3023,2,20022,39,23045,41,0,93,-1,32,6,3864,0,109,96
03-02-21,Coffee,6339,38,4486,3,1853,35,5496,4,42949,82,48445,86,1,115,32,65,5,6159,1,115,115
03-02-21,Crockett,1968,0,1180,0,788,0,1377,0,6986,3,8363,3,0,47,-1,-4,1,1925,0,30,48
03-02-21,Cumberland,6101,11,5132,9,969,2,5879,9,46064,31,51943,40,0,121,1,65,10,5915,1,148,124
03-02-21,Davidson,81365,169,76896,134,4469,35,93514,168,864697,2905,958211,3073,2,869,91,832,76,79664,1,1871,863
03-02-21,Decatur,1534,0,1147,0,387,0,1362,0,10658,4,12020,4,0,37,-1,0,1,1497,0,38,37
03-02-21,Dekalb,2656,9,1982,4,674,5,2289,5,16012,19,18301,24,0,49,7,22,2,2585,0,54,51
03-02-21,Dickson,6228,20,4507,6,1721,14,5342,7,32652,62,37994,69,0,106,9,44,11,6078,0,116,106
03-02-21,Dyer,5231,4,3468,1,1763,3,3907,1,20768,19,24675,20,0,101,1,17,3,5113,0,103,102
03-02-21,Fayette,4650,5,4027,3,623,2,4947,2,34739,75,39686,77,0,71,3,27,2,4552,0,120,70
03-02-21,Fentress,2292,2,1997,0,295,2,2281,0,11968,14,14249,14,0,44,1,8,1,2240,0,57,44
03-02-21,Franklin,4719,9,3976,7,743,2,4673,9,34257,362,38930,371,0,85,-6,48,15,4586,0,104,84
03-02-21,Gibson,6165,5,3738,3,2427,2,4528,6,27839,17,32367,23,1,141,2,23,2,6001,1,104,141
03-02-21,Giles,3730,6,3123,4,607,2,3585,5,21635,24,25220,29,0,96,6,37,0,3597,0,110,97
03-02-21,Grainger,2430,3,1829,0,601,3,2050,0,13139,11,15189,11,0,46,0,37,3,2347,1,65,47
03-02-21,Greene,7273,5,5783,2,1490,3,6460,2,43853,73,50313,75,0,145,-10,64,15,7064,0,173,146
03-02-21,Grundy,1691,5,1429,4,262,1,1636,4,7970,56,9606,60,0,30,2,37,3,1624,0,55,30
03-02-21,Hamblen,8013,15,5737,5,2276,10,6439,5,43596,49,50035,54,1,164,2,78,12,7771,0,248,165
03-02-21,Hamilton,40420,98,35119,71,5301,27,39264,75,296115,781,335379,856,1,462,21,640,76,39318,1,1074,464
03-02-21,Hancock,497,2,361,0,136,2,386,0,3659,1,4045,1,0,12,1,1,1,484,0,19,12
03-02-21,Hardeman,3372,1,2739,1,633,0,3206,1,23761,17,26967,18,0,64,1,-5,0,3313,0,101,63
03-02-21,Hardin,3307,4,2272,2,1035,2,2705,1,22126,7,24831,8,0,63,1,18,3,3226,1,61,63
03-02-21,Hawkins,5239,12,4303,10,936,2,4629,10,31196,107,35825,117,0,94,-3,124,15,5021,0,140,98
03-02-21,Haywood,2639,1,2217,1,422,0,2525,1,13071,11,15596,12,0,60,1,5,0,2574,1,81,60
03-02-21,Henderson,3621,0,2528,0,1093,0,3170,0,15481,9,18651,9,0,73,-3,16,3,3532,0,75,74
03-02-21,Henry,2999,1,2346,1,653,0,2711,1,17047,10,19758,11,0,75,-2,-4,3,2928,0,74,75
03-02-21,Hickman,2654,6,2156,3,498,3,2492,3,15334,33,17826,36,0,41,5,30,1,2583,0,53,41
03-02-21,Houston,1032,3,778,2,254,1,886,3,9120,2,10006,5,0,32,3,1,0,999,0,39,32
03-02-21,Humphreys,1539,4,1015,3,524,1,1187,3,10928,11,12115,14,0,21,1,8,3,1510,0,31,21
03-02-21,Jackson,1246,0,980,0,266,0,1144,1,5151,8,6295,9,0,34,-1,5,1,1207,0,38,33
03-02-21,Jefferson,5663,16,3975,9,1688,7,4492,10,35787,41,40279,51,1,119,3,104,12,5440,0,172,118
03-02-21,Johnson,2164,3,1938,1,226,2,2063,1,13932,18,15995,19,0,38,2,23,1,2103,0,57,38
03-02-21,Knox,46451,133,39460,91,6991,42,43109,98,299104,800,342213,898,-1,581,8,688,126,45182,2,1290,582
03-02-21,Lake,1676,0,1491,0,185,0,1756,0,9523,5,11279,5,0,26,0,2,0,1648,0,25,26
03-02-21,Lauderdale,3085,2,2411,2,674,0,2763,2,19804,17,22567,19,0,42,2,17,0,3026,0,82,41
03-02-21,Lawrence,5553,3,4354,1,1199,2,4799,3,27438,42,32237,45,0,83,0,22,3,5448,0,138,83
03-02-21,Lewis,1470,3,1144,1,326,2,1237,1,9596,7,10833,8,0,25,2,24,1,1421,0,41,25
03-02-21,Lincoln,4120,2,3225,1,895,1,3663,2,16582,21,20245,23,0,62,-4,33,6,4025,0,80,60
03-02-21,Loudon,5716,17,4469,7,1247,10,4882,9,29348,53,34230,62,0,65,-3,119,20,5532,1,127,67
03-02-21,Macon,3363,4,2653,2,710,2,3122,2,14709,43,17831,45,0,73,4,32,0,3258,0,118,73
03-02-21,Madison,10097,8,5663,7,4434,1,6899,9,51766,68,58665,77,-1,228,4,-638,5,10507,0,332,230
03-02-21,Marion,2940,6,2536,5,404,1,2832,6,17390,80,20222,86,0,44,2,30,4,2866,0,108,45
03-02-21,Marshall,3900,6,3150,1,750,5,3559,1,21831,18,25390,19,0,56,4,33,2,3811,0,86,57
03-02-21,Maury,12209,28,10880,6,1329,22,12016,6,68606,135,80622,141,0,163,21,17,7,12029,1,277,161
03-02-21,McMinn,5925,6,5306,2,619,4,5851,5,39471,62,45322,67,0,91,-19,98,25,5736,0,144,94
03-02-21,McNairy,2673,4,1900,3,773,1,2315,4,17260,10,19575,14,0,53,3,-15,1,2635,0,63,53
03-02-21,Meigs,1265,2,1150,1,115,1,1276,1,7476,12,8752,13,0,21,0,9,2,1235,0,38,22
03-02-21,Monroe,5337,12,4245,5,1092,7,4769,5,25143,46,29912,51,0,90,-3,127,15,5120,1,146,91
03-02-21,Montgomery,17416,28,12826,18,4590,10,14103,20,103555,216,117658,236,0,213,15,-22,13,17225,0,294,213
03-02-21,Moore,943,1,735,1,208,0,832,1,4575,7,5407,8,0,16,1,10,0,917,0,16,16
03-02-21,Morgan,2296,5,1716,2,580,3,1858,2,14295,9,16153,11,1,38,-1,7,5,2251,0,36,38
03-02-21,Obion,4361,2,3249,2,1112,0,3678,3,21179,32,24857,35,1,95,-1,6,2,4260,0,98,95
03-02-21,Out of State,16205,43,12999,29,3206,14,14648,37,575959,1611,590607,1648,0,94,11,176,32,15935,0,198,88
03-02-21,Overton,2848,1,2155,1,693,0,2538,2,14117,13,16655,15,0,57,-2,28,3,2763,0,63,58
03-02-21,Pending,15200,50,9900,25,5300,25,10998,26,372527,876,383525,902,0,125,35,3,15,15072,1,134,127
03-02-21,Perry,1030,1,891,1,139,0,1003,2,5866,2,6869,4,0,27,1,-6,0,1009,0,28,28
03-02-21,Pickett,741,0,492,0,249,0,593,0,3572,3,4165,3,0,23,0,2,0,716,0,28,23
03-02-21,Polk,1764,7,1608,6,156,1,1775,5,8657,23,10432,28,0,22,-7,43,14,1699,1,66,22
03-02-21,Putnam,10587,16,8731,5,1856,11,10468,6,66540,47,77008,53,0,169,12,100,4,10318,0,204,170
03-02-21,Rhea,4130,8,3599,5,531,3,4030,5,24922,36,28952,41,0,73,-2,35,10,4022,1,82,73
03-02-21,Roane,5911,10,4633,3,1278,7,5153,6,40174,40,45327,46,0,96,-6,94,16,5721,0,142,97
03-02-21,Robertson,8962,18,7140,8,1822,10,8056,8,40502,55,48558,63,1,121,7,101,10,8740,1,401,121
03-02-21,Rutherford,38407,95,33418,60,4989,35,38938,68,214768,453,253706,521,0,382,60,424,35,37601,0,568,386
03-02-21,Scott,2870,1,1641,0,1229,1,1751,0,10750,8,12501,8,1,44,-2,33,2,2793,0,60,44
03-02-21,Sequatchie,1555,2,1248,0,307,2,1359,0,11214,11,12573,11,0,27,-4,31,6,1497,0,36,26
03-02-21,Sevier,12037,41,10608,27,1429,14,11676,27,61482,132,73158,159,0,163,14,144,27,11730,0,260,164
03-02-21,Shelby,87227,130,81334,106,5893,24,100279,146,869019,2677,969298,2823,1,1492,92,675,37,85060,2,3408,1531
03-02-21,Smith,2558,3,1956,2,602,1,2460,2,12564,11,15024,13,0,36,1,35,2,2487,0,57,36
03-02-21,Stewart,1235,2,940,2,295,0,1064,2,6436,7,7500,9,0,24,1,-8,1,1219,0,24,25
03-02-21,Sullivan,14339,41,12491,24,1848,17,13506,27,80313,162,93819,189,1,274,7,166,33,13899,3,712,274
03-02-21,Sumner,21355,41,19209,27,2146,14,21750,31,110993,232,132743,263,0,315,19,98,22,20942,2,688,319
03-02-21,Tipton,6914,11,4866,7,2048,4,5885,9,43882,96,49767,105,0,103,7,51,4,6760,0,146,98
03-02-21,Trousdale,2391,1,2262,1,129,0,2424,1,8564,7,10988,8,0,22,1,11,0,2358,0,39,22
03-02-21,Unicoi,1802,7,1402,4,400,3,1545,4,12331,23,13876,27,0,47,0,38,7,1717,0,65,47
03-02-21,Union,1727,4,1468,4,259,0,1584,5,9881,19,11465,24,0,33,-1,40,5,1654,0,56,33
03-02-21,Van Buren,798,1,667,1,131,0,735,1,5083,45,5818,46,0,20,1,4,0,774,1,20,20
03-02-21,Warren,5288,4,4534,3,754,1,5142,5,30755,65,35897,70,0,75,1,29,3,5184,0,80,78
03-02-21,Washington,12721,18,10990,16,1731,2,12134,18,76532,168,88666,186,0,234,0,141,18,12346,0,328,233
03-02-21,Wayne,2865,3,2330,1,535,2,2561,0,10792,12,13353,12,0,30,3,15,0,2820,0,59,30
03-02-21,Weakley,3781,3,2842,2,939,1,3256,4,20645,17,23901,21,0,59,3,5,0,3717,0,61,60
03-02-21,White,3370,4,2799,4,571,0,3417,4,21587,38,25004,42,0,66,1,71,3,3233,0,105,66
03-02-21,Williamson,25271,29,21610,18,3661,11,24009,24,168209,372,192218,396,0,203,-5,192,34,24876,0,284,205
03-02-21,Wilson,16425,54,14899,43,1526,11,17002,50,93226,270,110228,320,0,210,45,132,9,16083,0,322,211
03-01-21,Anderson,7948,8,6066,5,1882,3,6796,7,58578,36,65374,43,0,156,-11,150,19,7642,0,190,162
03-01-21,Bedford,5789,5,4665,5,1124,0,5388,5,29279,10,34667,15,0,119,2,47,3,5623,0,126,118
03-01-21,Benton,1506,0,1214,0,292,0,1342,0,8558,2,9900,2,0,39,-2,2,2,1465,0,35,39
03-01-21,Bledsoe,2002,1,1832,1,170,0,1943,2,14256,7,16199,9,0,10,-2,13,3,1979,0,32,10
03-01-21,Blount,14032,19,12134,12,1898,7,13370,12,67787,25,81157,37,0,181,-8,127,27,13724,0,314,183
03-01-21,Bradley,12874,24,10757,15,2117,9,12194,15,60259,51,72453,66,0,139,-24,235,48,12500,2,524,141
03-01-21,Campbell,3795,1,2161,1,1634,0,2424,0,23914,9,26338,9,0,59,-8,40,9,3696,0,111,60
03-01-21,Cannon,1749,4,1425,4,324,0,1587,4,8626,3,10213,7,0,29,1,18,3,1702,0,35,29
03-01-21,Carroll,3470,4,2289,1,1181,3,2712,1,18786,10,21498,11,0,81,4,1,0,3388,0,78,82
03-01-21,Carter,5957,12,5217,10,740,2,5720,9,34714,15,40434,24,0,152,10,70,2,5735,1,214,154
03-01-21,Cheatham,3906,2,3087,2,819,0,3494,2,25048,10,28542,12,0,43,-2,61,4,3802,0,78,44
03-01-21,Chester,2011,1,1458,1,553,0,1740,1,11056,6,12796,7,0,48,0,-8,1,1971,0,39,48
03-01-21,Claiborne,2789,7,1804,5,985,2,1913,6,22356,5,24269,11,0,67,-17,116,24,2606,0,89,69
03-01-21,Clay,1070,0,738,0,332,0,845,0,5343,2,6188,2,0,30,-1,13,1,1027,0,24,30
03-01-21,Cocke,3984,5,2734,3,1250,2,3021,3,19983,16,23004,19,0,93,1,33,4,3858,0,109,96
03-01-21,Coffee,6301,3,4483,2,1818,1,5492,3,42867,11,48359,14,0,114,-3,33,6,6154,0,114,115
03-01-21,Crockett,1968,0,1180,0,788,0,1377,0,6983,1,8360,1,0,47,-3,-3,3,1924,0,30,48
03-01-21,Cumberland,6090,1,5123,1,967,0,5870,1,46033,4,51903,5,0,121,-3,64,4,5905,0,147,124
03-01-21,Davidson,81196,49,76762,36,4434,13,93346,44,861792,777,955138,821,6,867,9,741,34,79588,4,1870,862
03-01-21,Decatur,1534,1,1147,1,387,0,1362,0,10654,1,12016,1,0,37,0,1,1,1496,1,38,37
03-01-21,Dekalb,2647,4,1978,4,669,0,2284,4,15993,7,18277,11,0,49,3,15,1,2583,0,54,51
03-01-21,Dickson,6208,8,4501,6,1707,2,5335,9,32590,25,37925,34,0,106,5,35,3,6067,0,116,106
03-01-21,Dyer,5227,1,3467,1,1760,0,3906,0,20749,3,24655,3,0,101,0,16,1,5110,0,103,102
03-01-21,Fayette,4645,3,4024,1,621,2,4945,1,34664,18,39609,19,0,71,2,24,1,4550,0,120,70
03-01-21,Fentress,2290,1,1997,1,293,0,2281,1,11954,3,14235,4,0,44,-1,7,2,2239,0,57,44
03-01-21,Franklin,4710,4,3969,4,741,0,4664,3,33895,26,38559,29,0,85,-2,54,6,4571,0,104,84
03-01-21,Gibson,6160,1,3735,1,2425,0,4522,1,27822,10,32344,11,0,140,-3,21,4,5999,0,103,141
03-01-21,Giles,3724,3,3119,1,605,2,3580,1,21611,8,25191,9,0,96,0,31,3,3597,0,110,97
03-01-21,Grainger,2427,3,1829,1,598,2,2050,1,13128,4,15178,5,0,46,-5,37,8,2344,0,64,47
03-01-21,Greene,7268,3,5781,2,1487,1,6458,2,43780,42,50238,44,0,145,-6,74,9,7049,0,173,145
03-01-21,Grundy,1686,4,1425,3,261,1,1632,4,7914,8,9546,12,0,30,-1,35,5,1621,0,55,30
03-01-21,Hamblen,7998,11,5732,1,2266,10,6434,1,43547,23,49981,24,1,163,-17,76,27,7759,0,248,165
03-01-21,Hamilton,40322,25,35048,17,5274,8,39189,19,295334,111,334523,130,2,461,-83,619,106,39242,1,1073,464
03-01-21,Hancock,495,0,361,0,134,0,386,0,3658,1,4044,1,0,12,-2,0,2,483,0,19,12
03-01-21,Hardeman,3371,0,2738,0,633,0,3205,0,23744,2,26949,2,0,64,-1,-6,1,3313,0,101,63
03-01-21,Hardin,3303,0,2270,0,1033,0,2704,0,22119,1,24823,1,0,63,-3,17,3,3223,0,60,63
03-01-21,Hawkins,5227,2,4293,2,934,0,4619,2,31089,10,35708,12,0,94,-21,127,23,5006,0,140,98
03-01-21,Haywood,2638,0,2216,0,422,0,2524,0,13060,4,15584,4,0,60,0,4,0,2574,0,80,60
03-01-21,Henderson,3621,0,2528,0,1093,0,3170,1,15472,4,18642,5,0,73,-3,19,3,3529,0,75,74
03-01-21,Henry,2998,0,2345,0,653,0,2710,0,17037,12,19747,12,0,75,-2,-2,2,2925,0,74,75
03-01-21,Hickman,2648,1,2153,1,495,0,2489,1,15301,7,17790,8,0,41,-1,25,2,2582,0,53,41
03-01-21,Houston,1029,2,776,1,253,1,883,0,9118,0,10001,0,0,32,2,-2,0,999,0,39,32
03-01-21,Humphreys,1535,2,1012,1,523,1,1184,1,10917,7,12101,8,0,21,0,7,2,1507,0,31,21
03-01-21,Jackson,1246,0,980,0,266,0,1143,0,5143,0,6286,0,0,34,0,6,0,1206,0,38,33
03-01-21,Jefferson,5647,5,3966,2,1681,3,4482,2,35746,12,40228,14,0,118,-9,101,14,5428,0,172,118
03-01-21,Johnson,2161,0,1937,0,224,0,2062,0,13914,8,15976,8,0,38,-2,21,2,2102,0,57,38
03-01-21,Knox,46318,59,39369,33,6949,26,43011,36,298304,167,341315,203,1,582,-60,680,118,45056,2,1288,579
03-01-21,Lake,1676,0,1491,0,185,0,1756,0,9518,0,11274,0,0,26,0,2,0,1648,0,25,26
03-01-21,Lauderdale,3083,0,2409,0,674,0,2761,0,19787,1,22548,1,0,42,-1,15,1,3026,0,82,41
03-01-21,Lawrence,5550,3,4353,3,1197,0,4796,3,27396,24,32192,27,0,83,0,22,3,5445,0,138,83
03-01-21,Lewis,1467,0,1143,0,324,0,1236,0,9589,1,10825,1,0,25,0,22,0,1420,0,41,25
03-01-21,Lincoln,4118,1,3224,1,894,0,3661,1,16561,7,20222,8,0,62,-2,37,3,4019,0,80,60
03-01-21,Loudon,5699,3,4462,0,1237,3,4873,0,29295,9,34168,9,0,65,-19,122,22,5512,0,126,67
03-01-21,Macon,3359,0,2651,0,708,0,3120,0,14666,22,17786,22,0,73,-6,28,6,3258,0,118,73
03-01-21,Madison,10089,7,5656,5,4433,2,6890,5,51698,6,58588,11,0,229,5,-642,2,10502,0,332,229
03-01-21,Marion,2934,3,2531,3,403,0,2826,6,17310,7,20136,13,0,44,-8,28,11,2862,0,108,45
03-01-21,Marshall,3894,1,3149,1,745,0,3558,2,21813,5,25371,7,0,56,-3,29,4,3809,0,86,57
03-01-21,Maury,12181,2,10874,2,1307,0,12010,4,68471,44,80481,48,0,163,-6,-4,8,12022,0,276,161
03-01-21,McMinn,5919,4,5304,3,615,1,5846,4,39409,20,45255,24,0,91,-17,117,21,5711,0,144,94
03-01-21,McNairy,2669,4,1897,3,772,1,2311,2,17250,4,19561,6,0,53,0,-18,4,2634,1,63,53
03-01-21,Meigs,1263,1,1149,1,114,0,1275,1,7464,5,8739,6,0,21,0,9,1,1233,0,38,22
03-01-21,Monroe,5325,6,4240,2,1085,4,4764,1,25097,14,29861,15,0,90,-9,130,15,5105,0,145,91
03-01-21,Montgomery,17388,16,12808,12,4580,4,14083,11,103339,89,117422,100,1,213,-2,-37,17,17212,0,294,213
03-01-21,Moore,942,0,734,0,208,0,831,0,4568,2,5399,2,0,16,-1,9,1,917,0,16,16
03-01-21,Morgan,2291,1,1714,0,577,1,1856,0,14286,3,16142,3,0,37,-2,8,3,2246,0,36,38
03-01-21,Obion,4359,0,3247,0,1112,0,3675,0,21147,7,24822,7,0,94,-3,7,3,4258,0,98,95
03-01-21,Out of State,16162,10,12970,7,3192,3,14611,7,574348,355,588959,362,0,94,-3,165,13,15903,0,198,88
03-01-21,Overton,2847,0,2154,0,693,0,2536,0,14104,6,16640,6,0,57,-3,30,3,2760,0,63,58
03-01-21,Pending,15150,15,9875,8,5275,7,10972,10,371651,262,382623,272,0,125,-2,-32,17,15057,0,133,127
03-01-21,Perry,1029,0,890,0,139,0,1001,0,5864,1,6865,1,0,27,0,-7,0,1009,0,28,28
03-01-21,Pickett,741,0,492,0,249,0,593,0,3569,0,4162,0,0,23,-2,2,2,716,0,28,23
03-01-21,Polk,1757,4,1602,4,155,0,1770,1,8634,5,10404,6,0,22,-3,50,7,1685,0,65,22
03-01-21,Putnam,10571,16,8726,8,1845,8,10462,8,66493,29,76955,37,0,169,13,88,3,10314,1,204,170
03-01-21,Rhea,4122,1,3594,1,528,0,4025,1,24886,13,28911,14,0,73,-5,37,6,4012,0,81,73
03-01-21,Roane,5901,9,4630,4,1271,5,5147,5,40134,20,45281,25,0,96,-11,100,20,5705,0,142,97
03-01-21,Robertson,8944,8,7132,3,1812,5,8048,5,40447,15,48495,20,0,120,0,94,8,8730,0,400,121
03-01-21,Rutherford,38312,30,33358,17,4954,13,38870,17,214315,130,253185,147,-1,382,-3,364,34,37566,0,568,385
03-01-21,Scott,2869,4,1641,0,1228,4,1751,0,10742,4,12493,4,0,43,3,35,1,2791,0,60,44
03-01-21,Sequatchie,1553,0,1248,0,305,0,1359,1,11203,4,12562,5,0,27,-7,35,7,1491,0,36,26
03-01-21,Sevier,11996,10,10581,5,1415,5,11649,8,61350,68,72999,76,0,163,-20,130,30,11703,0,260,164
03-01-21,Shelby,87097,51,81228,38,5869,13,100133,47,866342,403,966475,450,0,1491,6,583,45,85023,0,3406,1530
03-01-21,Smith,2555,2,1954,0,601,2,2458,0,12553,4,15011,4,0,36,0,34,2,2485,0,57,36
03-01-21,Stewart,1233,2,938,1,295,1,1062,0,6429,2,7491,2,0,24,1,-9,1,1218,0,24,25
03-01-21,Sullivan,14298,5,12467,5,1831,0,13479,5,80151,36,93630,41,0,273,-34,159,39,13866,0,709,274
03-01-21,Sumner,21314,14,19182,6,2132,8,21719,6,110761,38,132480,44,0,315,4,79,10,20920,0,686,319
03-01-21,Tipton,6903,3,4859,1,2044,2,5876,2,43786,10,49662,12,0,103,-1,44,4,6756,0,146,98
03-01-21,Trousdale,2390,1,2261,1,129,0,2423,1,8557,3,10980,4,0,22,1,10,0,2358,0,39,22
03-01-21,Unicoi,1795,0,1398,0,397,0,1541,0,12308,10,13849,10,0,47,-3,38,3,1710,0,65,47
03-01-21,Union,1723,1,1464,1,259,0,1579,1,9862,2,11441,3,0,33,0,41,1,1649,0,56,33
03-01-21,Van Buren,797,0,666,0,131,0,734,0,5038,0,5772,0,0,20,0,3,0,774,0,19,20
03-01-21,Warren,5284,2,4531,1,753,1,5137,2,30690,8,35827,10,0,75,-2,28,4,5181,0,80,78
03-01-21,Washington,12703,5,10974,5,1729,0,12116,5,76364,51,88480,56,0,234,-13,141,18,12328,1,328,233
03-01-21,Wayne,2862,0,2329,0,533,0,2561,0,10780,2,13341,2,0,30,-1,12,1,2820,0,59,30
03-01-21,Weakley,3778,2,2840,2,938,0,3252,2,20628,15,23880,17,0,59,2,2,0,3717,1,61,60
03-01-21,White,3366,7,2795,4,571,3,3413,4,21549,4,24962,8,0,66,3,70,4,3230,0,105,66
03-01-21,Williamson,25242,17,21592,8,3650,9,23985,8,167837,89,191822,97,0,203,-11,197,28,24842,1,284,205
03-01-21,Wilson,16371,8,14856,5,1515,3,16952,6,92956,44,109908,50,0,210,-2,87,10,16074,0,322,211
02-28-21,Anderson,7940,13,6061,9,1879,4,6789,8,58542,70,65331,78,0,156,-1,161,14,7623,0,190,162
02-28-21,Bedford,5784,7,4660,6,1124,1,5383,7,29269,28,34652,35,0,119,3,45,4,5620,0,126,118
02-28-21,Benton,1506,1,1214,1,292,0,1342,1,8556,7,9898,8,0,39,1,4,0,1463,0,35,39
02-28-21,Bledsoe,2001,3,1831,2,170,1,1941,2,14249,6,16190,8,0,10,0,15,3,1976,0,32,10
02-28-21,Blount,14013,19,12122,13,1891,6,13358,13,67762,78,81120,91,0,181,4,135,15,13697,2,314,183
02-28-21,Bradley,12850,22,10742,17,2108,5,12179,20,60208,121,72387,141,1,139,5,259,16,12452,1,522,141
02-28-21,Campbell,3794,2,2160,1,1634,1,2424,1,23905,13,26329,14,0,59,-2,48,4,3687,0,111,60
02-28-21,Cannon,1745,1,1421,1,324,0,1583,0,8623,8,10206,8,0,29,1,17,0,1699,0,35,29
02-28-21,Carroll,3466,6,2288,5,1178,1,2711,5,18776,19,21487,24,0,81,2,-3,4,3388,0,78,82
02-28-21,Carter,5945,2,5207,2,738,0,5711,2,34699,45,40410,47,0,152,-4,60,6,5733,0,213,153
02-28-21,Cheatham,3904,5,3085,5,819,0,3492,5,25038,22,28530,27,-1,43,1,63,5,3798,0,78,44
02-28-21,Chester,2010,5,1457,4,553,1,1739,4,11050,65,12789,69,1,48,3,-8,1,1970,0,39,48
02-28-21,Claiborne,2782,4,1799,2,983,2,1907,4,22351,40,24258,44,0,67,-12,133,16,2582,0,89,69
02-28-21,Clay,1070,1,738,1,332,0,845,1,5341,5,6186,6,0,30,1,14,0,1026,1,24,30
02-28-21,Cocke,3979,10,2731,9,1248,1,3018,9,19967,17,22985,26,1,93,6,32,3,3854,0,109,96
02-28-21,Coffee,6298,3,4481,2,1817,1,5489,2,42856,31,48345,33,0,114,-3,36,6,6148,0,114,115
02-28-21,Crockett,1968,1,1180,0,788,1,1377,0,6982,2,8359,2,0,47,-1,0,2,1921,0,30,48
02-28-21,Cumberland,6089,3,5122,3,967,0,5869,3,46029,40,51898,43,1,121,-6,67,8,5901,0,147,124
02-28-21,Davidson,81147,66,76726,50,4421,16,93302,66,861015,2997,954317,3063,4,861,-17,732,79,79554,0,1866,861
02-28-21,Decatur,1533,2,1146,1,387,1,1362,1,10653,7,12015,8,0,37,2,1,0,1495,0,37,37
02-28-21,Dekalb,2643,4,1974,3,669,1,2280,3,15986,15,18266,18,0,49,3,12,1,2582,0,54,51
02-28-21,Dickson,6200,8,4495,8,1705,0,5326,12,32565,25,37891,37,0,106,1,30,7,6064,0,116,106
02-28-21,Dyer,5226,1,3466,1,1760,0,3906,1,20746,9,24652,10,0,101,-2,16,3,5109,0,103,102
02-28-21,Fayette,4642,2,4023,2,619,0,4944,2,34646,36,39590,38,0,71,0,22,2,4549,0,120,70
02-28-21,Fentress,2289,0,1996,0,293,0,2280,0,11951,2,14231,2,0,44,0,8,0,2237,0,57,44
02-28-21,Franklin,4706,3,3965,1,741,2,4661,2,33869,28,38530,30,0,85,-6,56,9,4565,0,104,84
02-28-21,Gibson,6159,0,3734,0,2425,0,4521,1,27812,16,32333,17,0,140,-1,24,1,5995,0,103,140
02-28-21,Giles,3721,7,3118,6,603,1,3579,7,21603,53,25182,60,0,96,-3,31,10,3594,0,110,97
02-28-21,Grainger,2424,1,1828,1,596,0,2049,1,13124,18,15173,19,0,46,-6,42,7,2336,0,64,47
02-28-21,Greene,7265,9,5779,5,1486,4,6456,7,43738,91,50194,98,0,145,1,80,8,7040,0,173,145
02-28-21,Grundy,1682,3,1422,2,260,1,1628,1,7906,6,9534,7,0,30,1,36,2,1616,0,55,30
02-28-21,Hamblen,7987,9,5731,4,2256,5,6433,4,43524,29,49957,33,0,162,-4,93,13,7732,0,248,165
02-28-21,Hamilton,40297,51,35031,40,5266,11,39170,46,295223,436,334393,482,0,459,-13,702,64,39136,0,1072,463
02-28-21,Hancock,495,0,361,0,134,0,386,0,3657,2,4043,2,0,12,0,2,0,481,0,19,12
02-28-21,Hardeman,3371,1,2738,0,633,1,3205,0,23742,14,26947,14,0,64,0,-5,1,3312,0,101,63
02-28-21,Hardin,3303,1,2270,1,1033,0,2704,1,22118,16,24822,17,0,63,0,20,1,3220,0,60,63
02-28-21,Hawkins,5225,6,4291,4,934,2,4617,4,31079,41,35696,45,0,94,-1,148,7,4983,0,140,98
02-28-21,Haywood,2638,0,2216,0,422,0,2524,0,13056,8,15580,8,0,60,0,4,0,2574,0,80,60
02-28-21,Henderson,3621,2,2528,2,1093,0,3169,2,15468,9,18637,11,0,73,1,22,1,3526,0,75,74
02-28-21,Henry,2998,3,2345,2,653,1,2710,2,17025,17,19735,19,0,75,3,0,0,2923,0,74,75
02-28-21,Hickman,2647,2,2152,0,495,2,2488,0,15294,25,17782,25,0,41,0,26,2,2580,0,53,41
02-28-21,Houston,1027,1,775,1,252,0,883,1,9118,4,10001,5,0,32,0,-4,1,999,0,39,32
02-28-21,Humphreys,1533,5,1011,2,522,3,1183,2,10910,4,12093,6,0,21,4,7,1,1505,0,31,21
02-28-21,Jackson,1246,1,980,1,266,0,1143,1,5143,3,6286,4,0,34,1,6,0,1206,0,38,33
02-28-21,Jefferson,5642,10,3964,6,1678,4,4480,7,35734,61,40214,68,0,118,0,110,10,5414,0,172,118
02-28-21,Johnson,2161,0,1937,0,224,0,2062,0,13906,15,15968,15,0,38,-1,23,1,2100,0,57,38
02-28-21,Knox,46259,77,39336,53,6923,24,42975,61,298137,560,341112,621,2,581,-18,740,93,44938,2,1286,579
02-28-21,Lake,1676,0,1491,0,185,0,1756,0,9518,2,11274,2,0,26,-2,2,2,1648,0,25,26
02-28-21,Lauderdale,3083,0,2409,0,674,0,2761,1,19786,16,22547,17,0,42,-3,16,3,3025,0,82,41
02-28-21,Lawrence,5547,2,4350,2,1197,0,4793,5,27372,35,32165,40,0,83,-2,22,4,5442,0,138,83
02-28-21,Lewis,1467,0,1143,0,324,0,1236,0,9588,3,10824,3,0,25,-2,22,2,1420,0,41,25
02-28-21,Lincoln,4117,6,3223,4,894,2,3660,4,16554,25,20214,29,0,62,4,39,2,4016,0,80,60
02-28-21,Loudon,5696,4,4462,0,1234,4,4873,2,29286,30,34159,32,0,65,-12,141,16,5490,0,126,67
02-28-21,Macon,3359,2,2651,1,708,1,3120,1,14644,5,17764,6,0,73,-1,34,3,3252,0,118,73
02-28-21,Madison,10082,5,5651,4,4431,1,6885,6,51692,39,58577,45,1,229,-1,-647,5,10500,0,332,229
02-28-21,Marion,2931,5,2528,5,403,0,2820,6,17303,35,20123,41,0,44,0,36,5,2851,0,108,45
02-28-21,Marshall,3893,2,3148,2,745,0,3556,2,21808,11,25364,13,0,56,-2,32,4,3805,0,86,57
02-28-21,Maury,12179,4,10872,2,1307,2,12006,2,68427,66,80433,68,0,163,-10,2,14,12014,0,276,161
02-28-21,McMinn,5915,14,5301,14,614,0,5842,14,39389,77,45231,91,0,91,8,134,6,5690,0,144,93
02-28-21,McNairy,2665,3,1894,1,771,2,2309,1,17246,6,19555,7,1,53,-1,-18,3,2630,0,62,53
02-28-21,Meigs,1262,8,1148,5,114,3,1274,5,7459,11,8733,16,0,21,7,9,1,1232,0,38,22
02-28-21,Monroe,5319,5,4238,4,1081,1,4763,4,25083,30,29846,34,0,90,-2,139,7,5090,2,145,91
02-28-21,Montgomery,17372,12,12796,10,4576,2,14072,12,103250,230,117322,242,0,212,-1,-35,13,17195,0,294,213
02-28-21,Moore,942,0,734,0,208,0,831,0,4566,2,5397,2,0,16,-2,10,2,916,0,16,16
02-28-21,Morgan,2290,2,1714,0,576,2,1856,0,14283,7,16139,7,0,37,0,10,2,2243,0,36,38
02-28-21,Obion,4359,0,3247,0,1112,0,3675,0,21140,13,24815,13,0,94,-1,10,1,4255,0,98,94
02-28-21,Out of State,16152,14,12963,9,3189,5,14604,11,573993,462,588597,473,0,94,8,168,6,15890,1,198,88
02-28-21,Overton,2847,1,2154,1,693,0,2536,1,14098,7,16634,8,0,57,0,33,1,2757,0,63,58
02-28-21,Pending,15135,16,9867,9,5268,7,10962,9,371389,460,382351,469,-1,125,3,-30,14,15040,0,133,126
02-28-21,Perry,1029,0,890,0,139,0,1001,1,5863,4,6864,5,0,27,0,-7,0,1009,0,28,28
02-28-21,Pickett,741,0,492,0,249,0,593,0,3569,1,4162,1,0,23,0,4,0,714,0,28,23
02-28-21,Polk,1753,4,1598,4,155,0,1769,4,8629,18,10398,22,0,22,-4,53,8,1678,0,65,22
02-28-21,Putnam,10555,6,8718,2,1837,4,10454,2,66464,54,76918,56,1,169,-1,75,6,10311,0,203,170
02-28-21,Rhea,4121,9,3593,7,528,2,4024,7,24873,29,28897,36,0,73,8,42,1,4006,0,81,73
02-28-21,Roane,5892,12,4626,9,1266,3,5142,12,40114,77,45256,89,0,96,1,111,11,5685,0,142,97
02-28-21,Robertson,8936,11,7129,3,1807,8,8043,3,40432,45,48475,48,0,120,-9,94,20,8722,0,400,121
02-28-21,Rutherford,38282,67,33341,42,4941,25,38853,43,214185,321,253038,364,1,383,1,367,65,37532,0,568,384
02-28-21,Scott,2865,1,1641,0,1224,1,1751,0,10738,5,12489,5,0,43,1,32,0,2790,0,60,44
02-28-21,Sequatchie,1553,5,1248,5,305,0,1358,5,11199,16,12557,21,0,27,5,42,0,1484,0,36,26
02-28-21,Sevier,11986,14,10576,12,1410,2,11641,15,61282,128,72923,143,0,163,-8,150,22,11673,0,260,164
02-28-21,Shelby,87046,73,81190,49,5856,24,100086,66,865939,1092,966025,1158,3,1491,7,577,63,84978,1,3406,1525
02-28-21,Smith,2553,1,1954,0,599,1,2458,0,12549,10,15007,10,0,36,0,34,1,2483,0,57,36
02-28-21,Stewart,1231,1,937,0,294,1,1062,1,6427,4,7489,5,0,24,1,-10,0,1217,0,24,25
02-28-21,Sullivan,14293,26,12462,25,1831,1,13474,28,80115,238,93589,266,0,273,8,193,18,13827,0,709,273
02-28-21,Sumner,21300,30,19176,14,2124,16,21713,19,110723,108,132436,127,0,315,2,75,28,20910,1,686,319
02-28-21,Tipton,6900,7,4858,2,2042,5,5874,3,43776,33,49650,36,2,103,4,45,1,6752,0,146,98
02-28-21,Trousdale,2389,0,2260,0,129,0,2422,0,8554,5,10976,5,0,22,-1,9,1,2358,0,39,22
02-28-21,Unicoi,1795,1,1398,0,397,1,1541,0,12298,12,13839,12,0,47,-4,41,5,1707,0,65,47
02-28-21,Union,1722,2,1463,2,259,0,1578,2,9860,10,11438,12,0,33,-3,41,5,1648,0,56,33
02-28-21,Van Buren,797,1,666,1,131,0,734,1,5038,1,5772,2,0,20,1,3,0,774,0,19,20
02-28-21,Warren,5282,1,4530,1,752,0,5135,2,30682,69,35817,71,0,75,-1,30,2,5177,0,80,78
02-28-21,Washington,12698,16,10969,14,1729,2,12111,17,76313,135,88424,152,0,234,-3,154,19,12310,0,327,233
02-28-21,Wayne,2862,0,2329,0,533,0,2561,0,10778,6,13339,6,0,30,-2,13,2,2819,0,59,30
02-28-21,Weakley,3776,1,2838,0,938,1,3250,0,20613,14,23863,14,0,59,1,0,0,3717,0,60,60
02-28-21,White,3359,6,2791,5,568,1,3409,4,21545,17,24954,21,0,66,3,67,3,3226,0,105,66
02-28-21,Williamson,25225,32,21584,17,3641,15,23977,20,167748,221,191725,241,1,203,-14,208,45,24814,0,283,205
02-28-21,Wilson,16363,26,14851,16,1512,10,16946,18,92912,119,109858,137,0,210,6,89,20,16064,0,322,211
02-27-21,Anderson,7927,9,6052,7,1875,2,6781,6,58472,93,65253,99,0,156,-6,162,15,7609,0,190,162
02-27-21,Bedford,5777,10,4654,8,1123,2,5376,9,29241,65,34617,74,1,119,7,42,2,5616,0,126,118
02-27-21,Benton,1505,3,1213,1,292,2,1341,1,8549,7,9890,8,0,39,3,3,0,1463,0,35,39
02-27-21,Bledsoe,1998,3,1829,2,169,1,1939,2,14243,19,16182,21,0,10,2,15,1,1973,0,32,10
02-27-21,Blount,13994,23,12109,14,1885,9,13345,14,67684,199,81029,213,2,181,3,131,18,13682,1,312,183
02-27-21,Bradley,12828,24,10725,12,2103,12,12159,16,60087,194,72246,210,0,138,1,254,23,12436,2,521,141
02-27-21,Campbell,3792,3,2159,2,1633,1,2423,2,23892,32,26315,34,0,59,-4,50,7,3683,0,111,60
02-27-21,Cannon,1744,6,1420,3,324,3,1583,3,8615,21,10198,24,0,29,5,16,1,1699,0,35,29
02-27-21,Carroll,3460,6,2283,4,1177,2,2706,4,18757,22,21463,26,0,81,4,-5,2,3384,0,78,82
02-27-21,Carter,5943,6,5205,5,738,1,5709,4,34654,112,40363,116,0,152,-5,64,11,5727,0,213,153
02-27-21,Cheatham,3899,7,3080,7,819,0,3487,8,25016,33,28503,41,0,44,0,62,7,3793,0,78,44
02-27-21,Chester,2005,4,1453,3,552,1,1735,3,10985,7,12720,10,0,47,4,-11,0,1969,0,39,48
02-27-21,Claiborne,2778,12,1797,7,981,5,1903,9,22311,192,24214,201,0,67,6,145,6,2566,0,89,69
02-27-21,Clay,1069,0,737,0,332,0,844,0,5336,10,6180,10,0,30,-1,13,1,1026,0,23,30
02-27-21,Cocke,3969,6,2722,0,1247,6,3009,0,19950,39,22959,39,0,92,0,26,6,3851,0,109,94
02-27-21,Coffee,6295,13,4479,7,1816,6,5487,7,42825,155,48312,162,0,114,1,39,12,6142,0,114,115
02-27-21,Crockett,1967,1,1180,0,787,1,1377,0,6980,12,8357,12,0,47,0,1,1,1919,0,30,48
02-27-21,Cumberland,6086,2,5119,1,967,1,5866,3,45989,61,51855,64,0,120,2,73,0,5893,0,147,123
02-27-21,Davidson,81081,154,76676,124,4405,30,93236,152,858018,3367,951254,3519,3,857,52,749,99,79475,3,1866,861
02-27-21,Decatur,1531,1,1145,1,386,0,1361,1,10646,2,12007,3,0,37,0,-1,1,1495,0,37,37
02-27-21,Dekalb,2639,19,1971,2,668,17,2277,3,15971,26,18248,29,0,49,16,9,3,2581,0,54,50
02-27-21,Dickson,6192,11,4487,4,1705,7,5314,3,32540,49,37854,52,0,106,4,29,7,6057,0,116,106
02-27-21,Dyer,5225,4,3465,2,1760,2,3905,4,20737,35,24642,39,0,101,1,18,3,5106,0,103,102
02-27-21,Fayette,4640,5,4021,3,619,2,4942,6,34610,85,39552,91,0,71,3,22,2,4547,0,120,70
02-27-21,Fentress,2289,2,1996,2,293,0,2280,2,11949,95,14229,97,0,44,1,8,1,2237,0,57,44
02-27-21,Franklin,4703,6,3964,5,739,1,4659,6,33841,54,38500,60,0,85,3,62,3,4556,0,104,84
02-27-21,Gibson,6159,4,3734,3,2425,1,4520,3,27796,47,32316,50,0,140,1,25,3,5994,0,103,140
02-27-21,Giles,3714,2,3112,2,602,0,3572,3,21550,64,25122,67,0,96,-1,34,3,3584,0,110,97
02-27-21,Grainger,2423,4,1827,1,596,3,2048,1,13106,29,15154,30,0,46,2,48,2,2329,0,64,47
02-27-21,Greene,7256,9,5774,8,1482,1,6449,10,43647,87,50096,97,0,145,0,79,9,7032,1,173,145
02-27-21,Grundy,1679,3,1420,2,259,1,1627,2,7900,43,9527,45,0,30,0,35,3,1614,0,55,30
02-27-21,Hamblen,7978,18,5727,3,2251,15,6429,6,43495,49,49924,55,0,162,4,97,14,7719,3,248,164
02-27-21,Hamilton,40246,61,34991,36,5255,25,39124,62,294787,756,333911,818,-3,459,-6,715,70,39072,0,1072,462
02-27-21,Hancock,495,0,361,0,134,0,386,0,3655,8,4041,8,0,12,0,2,0,481,0,19,12
02-27-21,Hardeman,3370,2,2738,2,632,0,3205,2,23728,41,26933,43,0,64,2,-5,0,3311,0,101,63
02-27-21,Hardin,3302,3,2269,2,1033,1,2703,2,22102,35,24805,37,0,63,1,20,2,3219,0,60,63
02-27-21,Hawkins,5219,8,4287,4,932,4,4613,4,31038,118,35651,122,0,94,1,149,7,4976,0,140,98
02-27-21,Haywood,2638,2,2216,2,422,0,2524,3,13048,65,15572,68,0,60,1,4,1,2574,0,80,60
02-27-21,Henderson,3619,3,2526,2,1093,1,3167,2,15459,13,18626,15,0,73,0,21,3,3525,0,75,74
02-27-21,Henry,2995,5,2343,4,652,1,2708,6,17008,23,19716,29,0,75,3,-3,2,2923,0,74,75
02-27-21,Hickman,2645,7,2152,2,493,5,2488,2,15269,42,17757,44,0,41,1,26,6,2578,1,53,41
02-27-21,Houston,1026,3,774,3,252,0,882,3,9114,9,9996,12,1,32,2,-4,0,998,1,39,32
02-27-21,Humphreys,1528,7,1009,1,519,6,1181,1,10906,9,12087,10,0,21,3,3,4,1504,0,31,21
02-27-21,Jackson,1245,2,979,1,266,1,1142,1,5140,5,6282,6,0,34,2,5,0,1206,0,38,33
02-27-21,Jefferson,5632,11,3958,5,1674,6,4473,6,35673,149,40146,155,1,118,2,110,8,5404,0,172,117
02-27-21,Johnson,2161,0,1937,0,224,0,2062,0,13891,81,15953,81,0,38,-3,24,3,2099,0,57,38
02-27-21,Knox,46182,82,39283,46,6899,36,42914,59,297577,688,340491,747,1,579,-33,758,114,44845,3,1284,578
02-27-21,Lake,1676,1,1491,1,185,0,1756,2,9516,23,11272,25,0,26,1,4,0,1646,0,25,26
02-27-21,Lauderdale,3083,1,2409,1,674,0,2760,1,19770,22,22530,23,0,42,1,19,0,3022,0,82,41
02-27-21,Lawrence,5545,5,4348,4,1197,1,4788,5,27337,75,32125,80,1,83,-1,24,5,5438,0,138,83
02-27-21,Lewis,1467,0,1143,0,324,0,1236,0,9585,13,10821,13,0,25,-5,24,5,1418,0,41,25
02-27-21,Lincoln,4111,9,3219,5,892,4,3656,4,16529,27,20185,31,0,62,8,35,1,4014,0,80,60
02-27-21,Loudon,5692,13,4462,6,1230,7,4871,7,29256,57,34127,64,0,65,1,153,12,5474,0,126,67
02-27-21,Macon,3357,5,2650,1,707,4,3119,1,14639,33,17758,34,0,73,3,35,2,3249,0,118,73
02-27-21,Madison,10077,7,5647,6,4430,1,6879,8,51653,71,58532,79,0,228,-3,-646,10,10495,0,332,229
02-27-21,Marion,2926,5,2523,5,403,0,2814,5,17268,33,20082,38,2,44,-1,36,4,2846,0,108,45
02-27-21,Marshall,3891,4,3146,4,745,0,3554,6,21797,39,25351,45,1,56,-3,34,6,3801,0,86,57
02-27-21,Maury,12175,24,10870,17,1305,7,12004,20,68361,173,80365,193,1,163,9,12,14,12000,0,276,161
02-27-21,McMinn,5901,9,5287,6,614,3,5828,7,39312,178,45140,185,1,91,1,126,7,5684,0,144,93
02-27-21,McNairy,2662,3,1893,3,769,0,2308,3,17240,97,19548,100,0,52,2,-17,1,2627,0,62,53
02-27-21,Meigs,1254,0,1143,0,111,0,1269,0,7448,22,8717,22,0,21,0,2,0,1231,0,38,22
02-27-21,Monroe,5314,8,4234,3,1080,5,4759,4,25053,70,29812,74,0,90,0,141,8,5083,0,143,91
02-27-21,Montgomery,17360,51,12786,22,4574,29,14060,26,103020,248,117080,274,0,212,14,-34,37,17182,0,294,213
02-27-21,Moore,942,1,734,0,208,1,831,0,4564,5,5395,5,0,16,1,12,0,914,0,16,16
02-27-21,Morgan,2288,2,1714,1,574,1,1856,2,14276,23,16132,25,0,37,-2,10,4,2241,1,36,38
02-27-21,Obion,4359,1,3247,1,1112,0,3675,1,21127,30,24802,31,0,94,0,11,1,4254,0,98,94
02-27-21,Out of State,16138,37,12954,21,3184,16,14593,25,573531,1335,588124,1360,1,94,18,160,18,15884,0,197,88
02-27-21,Overton,2846,5,2153,3,693,2,2535,3,14091,33,16626,36,0,57,3,33,2,2756,0,63,58
02-27-21,Pending,15119,66,9858,31,5261,35,10953,35,370929,881,381882,916,-1,126,50,-33,17,15026,0,133,126
02-27-21,Perry,1029,1,890,1,139,0,1000,1,5859,10,6859,11,0,27,1,-7,0,1009,0,28,28
02-27-21,Pickett,741,0,492,0,249,0,593,0,3568,31,4161,31,0,23,0,4,0,714,0,28,23
02-27-21,Polk,1749,2,1594,2,155,0,1765,2,8611,29,10376,31,0,22,0,57,2,1670,0,65,22
02-27-21,Putnam,10549,8,8716,2,1833,6,10452,5,66410,137,76862,142,0,168,-1,76,9,10305,0,203,170
02-27-21,Rhea,4112,6,3586,5,526,1,4017,7,24844,82,28861,89,0,73,4,34,2,4005,0,81,73
02-27-21,Roane,5880,14,4617,5,1263,9,5130,7,40037,114,45167,121,0,96,3,110,11,5674,0,142,97
02-27-21,Robertson,8925,13,7126,5,1799,8,8040,4,40387,59,48427,63,1,120,3,103,9,8702,0,400,121
02-27-21,Rutherford,38215,112,33299,59,4916,53,38810,65,213864,732,252674,797,0,382,29,366,83,37467,0,568,383
02-27-21,Scott,2864,8,1641,3,1223,5,1751,2,10733,17,12484,19,1,43,2,31,5,2790,0,60,44
02-27-21,Sequatchie,1548,3,1243,1,305,2,1353,2,11183,19,12536,21,2,27,-6,37,7,1484,0,36,26
02-27-21,Sevier,11972,22,10564,9,1408,13,11626,10,61154,136,72780,146,0,163,11,158,11,11651,1,260,164
02-27-21,Shelby,86973,149,81141,120,5832,29,100020,164,864847,3186,964867,3350,0,1488,49,570,100,84915,5,3405,1523
02-27-21,Smith,2552,8,1954,0,598,8,2458,0,12539,13,14997,13,0,36,6,34,2,2482,0,57,36
02-27-21,Stewart,1230,0,937,0,293,0,1061,0,6423,6,7484,6,0,24,-2,-11,2,1217,0,24,25
02-27-21,Sullivan,14267,26,12437,11,1830,15,13446,11,79877,173,93323,184,0,273,9,185,17,13809,0,709,273
02-27-21,Sumner,21270,47,19162,29,2108,18,21694,34,110615,263,132309,297,0,315,15,73,32,20882,0,685,318
02-27-21,Tipton,6893,18,4856,11,2037,7,5871,11,43743,109,49614,120,0,101,9,41,9,6751,0,146,98
02-27-21,Trousdale,2389,2,2260,2,129,0,2422,2,8549,20,10971,22,0,22,1,10,1,2357,0,39,22
02-27-21,Unicoi,1794,3,1398,2,396,1,1541,2,12286,42,13827,44,0,47,-4,45,7,1702,1,65,47
02-27-21,Union,1720,3,1461,1,259,2,1576,1,9850,15,11426,16,2,33,0,44,1,1643,0,56,33
02-27-21,Van Buren,796,0,665,0,131,0,733,0,5037,8,5770,8,0,20,0,2,0,774,0,19,20
02-27-21,Warren,5281,14,4529,5,752,9,5133,5,30613,71,35746,76,0,75,14,31,0,5175,0,80,77
02-27-21,Washington,12682,17,10955,11,1727,6,12094,14,76178,247,88272,261,0,234,3,157,14,12291,0,327,233
02-27-21,Wayne,2862,3,2329,1,533,2,2561,1,10772,14,13333,15,0,30,3,15,0,2817,0,59,30
02-27-21,Weakley,3775,2,2838,0,937,2,3250,1,20599,25,23849,26,0,59,1,-1,1,3717,0,60,60
02-27-21,White,3353,9,2786,6,567,3,3405,6,21528,31,24933,37,0,66,7,64,2,3223,0,105,66
02-27-21,Williamson,25193,55,21567,31,3626,24,23957,33,167527,381,191484,414,0,202,0,222,55,24769,0,283,205
02-27-21,Wilson,16337,60,14835,37,1502,23,16928,38,92793,242,109721,280,-2,210,38,83,24,16044,0,322,211
02-26-21,Anderson,7918,11,6045,7,1873,4,6775,8,58379,98,65154,106,0,156,-18,168,29,7594,0,190,162
02-26-21,Bedford,5767,3,4646,1,1121,2,5367,1,29176,29,34543,30,1,118,-3,35,5,5614,1,126,118
02-26-21,Benton,1502,3,1212,3,290,0,1340,5,8542,8,9882,13,0,39,0,0,3,1463,0,35,39
02-26-21,Bledsoe,1995,3,1827,1,168,2,1937,1,14224,22,16161,23,0,10,0,13,3,1972,0,32,10
02-26-21,Blount,13971,28,12095,19,1876,9,13331,22,67485,93,80816,115,1,179,5,128,22,13664,0,311,183
02-26-21,Bradley,12804,24,10713,8,2091,16,12143,10,59893,103,72036,113,0,138,-23,253,47,12413,0,519,141
02-26-21,Campbell,3789,3,2157,0,1632,3,2421,0,23860,17,26281,17,0,59,-6,54,9,3676,0,111,60
02-26-21,Cannon,1738,1,1417,1,321,0,1580,1,8594,16,10174,17,0,29,-1,11,2,1698,0,35,29
02-26-21,Carroll,3454,3,2279,2,1175,1,2702,2,18735,11,21437,13,0,81,-2,-9,5,3382,0,78,82
02-26-21,Carter,5937,12,5200,8,737,4,5705,9,34542,72,40247,81,0,152,-1,69,13,5716,1,213,153
02-26-21,Cheatham,3892,11,3073,7,819,4,3479,7,24983,42,28462,49,0,44,-4,62,15,3786,0,78,43
02-26-21,Chester,2001,1,1450,0,551,1,1732,2,10978,7,12710,9,0,47,-1,-15,2,1969,0,39,48
02-26-21,Claiborne,2766,7,1790,7,976,0,1894,8,22119,29,24013,37,0,67,-13,139,20,2560,0,89,69
02-26-21,Clay,1069,5,737,2,332,3,844,3,5326,12,6170,15,0,30,5,14,0,1025,0,23,30
02-26-21,Cocke,3963,2,2722,1,1241,1,3009,1,19911,49,22920,50,0,92,-3,26,5,3845,0,109,94
02-26-21,Coffee,6282,10,4472,5,1810,5,5480,5,42670,42,48150,47,0,114,-7,38,17,6130,0,114,115
02-26-21,Crockett,1966,0,1180,0,786,0,1377,0,6968,6,8345,6,0,47,0,1,0,1918,0,30,48
02-26-21,Cumberland,6084,10,5118,10,966,0,5863,9,45928,53,51791,62,0,120,4,71,6,5893,0,147,123
02-26-21,Davidson,80927,106,76552,82,4375,24,93084,106,854651,1559,947735,1665,5,854,-81,697,182,79376,0,1863,857
02-26-21,Decatur,1530,2,1144,1,386,1,1360,1,10644,2,12004,3,0,37,1,-1,1,1494,0,37,37
02-26-21,Dekalb,2620,3,1969,3,651,0,2274,4,15945,23,18219,27,0,49,-1,-7,4,2578,1,54,50
02-26-21,Dickson,6181,8,4483,3,1698,5,5311,7,32491,62,37802,69,3,106,-5,25,10,6050,0,116,106
02-26-21,Dyer,5221,3,3463,2,1758,1,3901,2,20702,15,24603,17,0,101,0,17,3,5103,0,103,102
02-26-21,Fayette,4635,8,4018,7,617,1,4936,10,34525,62,39461,72,0,71,6,19,2,4545,0,120,70
02-26-21,Fentress,2287,1,1994,1,293,0,2278,1,11854,21,14132,22,0,44,0,7,1,2236,0,57,44
02-26-21,Franklin,4697,7,3959,6,738,1,4653,6,33787,37,38440,43,1,85,-3,59,9,4553,0,104,84
02-26-21,Gibson,6155,4,3731,0,2424,4,4517,0,27749,24,32266,24,0,140,0,24,4,5991,0,103,140
02-26-21,Giles,3712,6,3110,3,602,3,3569,4,21486,23,25055,27,1,96,-5,35,10,3581,0,110,97
02-26-21,Grainger,2419,2,1826,2,593,0,2047,2,13077,28,15124,30,0,46,-8,46,10,2327,0,64,47
02-26-21,Greene,7247,7,5766,5,1481,2,6439,9,43560,191,49999,200,0,145,1,79,6,7023,0,172,145
02-26-21,Grundy,1676,4,1418,2,258,2,1625,2,7857,10,9482,12,0,30,1,35,3,1611,0,55,30
02-26-21,Hamblen,7960,8,5724,6,2236,2,6423,7,43446,63,49869,70,1,162,-6,93,13,7705,0,245,163
02-26-21,Hamilton,40185,74,34955,57,5230,17,39062,68,294031,534,333093,602,3,462,-27,721,98,39002,3,1072,461
02-26-21,Hancock,495,0,361,0,134,0,386,0,3647,5,4033,5,0,12,0,2,0,481,0,19,12
02-26-21,Hardeman,3368,1,2736,1,632,0,3203,1,23687,13,26890,14,0,64,0,-7,1,3311,0,101,63
02-26-21,Hardin,3299,0,2267,0,1032,0,2701,1,22067,14,24768,15,1,63,-6,19,5,3217,0,60,63
02-26-21,Hawkins,5211,16,4283,13,928,3,4609,14,30920,62,35529,76,0,94,6,148,10,4969,1,140,97
02-26-21,Haywood,2636,1,2214,1,422,0,2521,2,12983,9,15504,11,0,60,-2,3,3,2573,0,80,60
02-26-21,Henderson,3616,0,2524,0,1092,0,3165,1,15446,9,18611,10,0,73,-6,21,6,3522,0,75,74
02-26-21,Henry,2990,6,2339,1,651,5,2702,1,16985,15,19687,16,0,75,2,-6,4,2921,0,74,75
02-26-21,Hickman,2638,4,2150,0,488,4,2486,0,15227,22,17713,22,1,41,-1,25,4,2572,0,52,41
02-26-21,Houston,1023,0,771,0,252,0,879,0,9105,10,9984,10,0,31,0,-6,0,998,0,38,32
02-26-21,Humphreys,1521,1,1008,0,513,1,1180,0,10897,17,12077,17,0,21,-2,0,3,1500,0,31,21
02-26-21,Jackson,1243,1,978,1,265,0,1141,2,5135,9,6276,11,0,34,-2,3,3,1206,0,38,33
02-26-21,Jefferson,5621,15,3953,14,1668,1,4467,14,35524,150,39991,164,0,117,1,108,14,5396,0,172,117
02-26-21,Johnson,2161,3,1937,3,224,0,2062,3,13810,44,15872,47,0,38,1,27,2,2096,0,57,38
02-26-21,Knox,46100,112,39237,75,6863,37,42855,83,296889,492,339744,575,5,578,-10,791,117,44731,1,1281,577
02-26-21,Lake,1675,2,1490,2,185,0,1754,3,9493,5,11247,8,0,26,2,3,0,1646,1,25,26
02-26-21,Lauderdale,3082,2,2408,0,674,2,2759,0,19748,23,22507,23,0,42,0,18,2,3022,0,82,41
02-26-21,Lawrence,5540,1,4344,0,1196,1,4783,2,27262,41,32045,43,1,82,-6,25,6,5433,0,138,83
02-26-21,Lewis,1467,2,1143,2,324,0,1236,2,9572,10,10808,12,0,25,-4,29,6,1413,0,41,25
02-26-21,Lincoln,4102,6,3214,3,888,3,3652,3,16502,24,20154,27,1,62,-3,27,8,4013,0,80,60
02-26-21,Loudon,5679,10,4456,4,1223,6,4864,6,29199,46,34063,52,0,65,-15,152,25,5462,0,126,66
02-26-21,Macon,3352,2,2649,1,703,1,3118,2,14606,73,17724,75,0,73,-1,32,3,3247,0,118,73
02-26-21,Madison,10070,9,5641,5,4429,4,6871,4,51582,45,58453,49,0,228,-2,-643,11,10485,0,332,228
02-26-21,Marion,2921,5,2518,3,403,2,2809,3,17235,16,20044,19,0,42,-1,37,6,2842,0,108,45
02-26-21,Marshall,3887,6,3142,5,745,1,3548,5,21758,15,25306,20,1,55,1,37,4,3795,0,86,57
02-26-21,Maury,12151,7,10853,5,1298,2,11984,7,68188,54,80172,61,2,162,-21,3,26,11986,1,276,161
02-26-21,McMinn,5892,5,5281,2,611,3,5821,2,39134,56,44955,58,0,90,-18,125,23,5677,0,144,93
02-26-21,McNairy,2659,7,1890,7,769,0,2305,7,17143,15,19448,22,0,52,4,-19,3,2626,0,62,53
02-26-21,Meigs,1254,0,1143,0,111,0,1269,0,7426,15,8695,15,0,21,-2,2,2,1231,0,38,22
02-26-21,Monroe,5306,12,4231,5,1075,7,4755,5,24983,61,29738,66,0,90,4,141,8,5075,0,143,91
02-26-21,Montgomery,17309,20,12764,12,4545,8,14034,14,102772,225,116806,239,3,212,-36,-48,53,17145,0,294,213
02-26-21,Moore,941,3,734,1,207,2,831,1,4559,5,5390,6,0,16,3,11,0,914,0,16,16
02-26-21,Morgan,2286,1,1713,1,573,0,1854,2,14253,13,16107,15,0,37,-7,12,8,2237,0,35,37
02-26-21,Obion,4358,3,3246,3,1112,0,3674,3,21097,39,24771,42,0,94,0,11,3,4253,0,98,94
02-26-21,Out of State,16101,28,12933,24,3168,4,14568,28,572196,992,586764,1020,0,93,-7,142,35,15866,1,197,88
02-26-21,Overton,2841,2,2150,1,691,1,2532,2,14058,23,16590,25,0,57,-2,30,4,2754,0,63,58
02-26-21,Pending,15053,23,9827,11,5226,12,10918,14,370048,742,380966,756,2,127,-33,-83,54,15009,0,133,126
02-26-21,Perry,1028,3,889,3,139,0,999,3,5849,4,6848,7,0,27,3,-8,0,1009,0,28,28
02-26-21,Pickett,741,0,492,0,249,0,593,0,3537,3,4130,3,0,23,0,4,0,714,0,28,23
02-26-21,Polk,1747,5,1592,3,155,2,1763,3,8582,15,10345,18,0,22,-4,57,9,1668,0,65,22
02-26-21,Putnam,10541,9,8714,6,1827,3,10447,9,66273,130,76720,139,0,168,-3,77,12,10296,0,203,170
02-26-21,Rhea,4106,2,3581,2,525,0,4010,2,24762,35,28772,37,0,73,-12,30,14,4003,0,81,73
02-26-21,Roane,5866,15,4612,12,1254,3,5123,13,39923,77,45046,90,0,96,5,107,10,5663,0,142,97
02-26-21,Robertson,8912,19,7121,16,1791,3,8036,18,40328,54,48364,72,1,119,3,100,15,8693,0,400,120
02-26-21,Rutherford,38103,83,33240,53,4863,30,38745,59,213132,424,251877,483,5,382,-38,337,116,37384,1,568,383
02-26-21,Scott,2856,5,1638,3,1218,2,1749,3,10716,14,12465,17,0,42,-5,29,10,2785,0,60,44
02-26-21,Sequatchie,1545,3,1242,2,303,1,1351,2,11164,11,12515,13,0,25,1,43,2,1477,0,36,26
02-26-21,Sevier,11950,18,10555,12,1395,6,11616,14,61018,157,72634,171,2,163,-3,147,19,11640,0,259,164
02-26-21,Shelby,86824,102,81021,83,5803,19,99856,105,861661,2055,961517,2160,12,1488,-56,521,146,84815,2,3400,1522
02-26-21,Smith,2544,0,1954,0,590,0,2458,0,12526,12,14984,12,0,36,-4,28,4,2480,0,57,36
02-26-21,Stewart,1230,0,937,0,293,0,1061,0,6417,8,7478,8,0,24,-1,-9,1,1215,0,24,24
02-26-21,Sullivan,14241,23,12426,22,1815,1,13435,19,79704,199,93139,218,0,273,-21,176,44,13792,1,709,273
02-26-21,Sumner,21223,29,19133,17,2090,12,21660,21,110352,186,132012,207,0,315,-18,58,47,20850,0,685,318
02-26-21,Tipton,6875,14,4845,8,2030,6,5860,9,43634,88,49494,97,0,101,7,32,7,6742,0,146,98
02-26-21,Trousdale,2387,0,2258,0,129,0,2420,0,8529,12,10949,12,0,22,-1,9,1,2356,0,39,22
02-26-21,Unicoi,1791,0,1396,0,395,0,1539,0,12244,25,13783,25,0,47,-3,49,3,1695,0,64,47
02-26-21,Union,1717,5,1460,4,257,1,1575,4,9835,15,11410,19,0,31,3,44,2,1642,0,56,33
02-26-21,Van Buren,796,1,665,0,131,1,733,0,5029,5,5762,5,0,20,1,2,0,774,0,19,20
02-26-21,Warren,5267,6,4524,5,743,1,5128,5,30542,56,35670,61,0,75,-4,17,10,5175,0,80,77
02-26-21,Washington,12665,20,10944,17,1721,3,12080,15,75931,227,88011,242,2,234,-1,154,19,12277,1,327,233
02-26-21,Wayne,2859,0,2328,0,531,0,2560,0,10758,8,13318,8,0,30,-2,12,2,2817,0,59,30
02-26-21,Weakley,3773,1,2838,1,935,0,3249,1,20574,41,23823,42,0,59,-1,-2,2,3716,0,60,60
02-26-21,White,3344,8,2780,8,564,0,3399,8,21497,33,24896,41,0,66,7,57,1,3221,0,105,66
02-26-21,Williamson,25138,37,21536,26,3602,11,23924,29,167146,214,191070,243,0,202,-48,222,85,24714,0,283,204
02-26-21,Wilson,16277,26,14798,22,1479,4,16890,22,92551,154,109441,176,1,212,-9,45,34,16020,0,322,211
02-25-21,Anderson,7907,18,6038,9,1869,9,6767,12,58281,127,65048,139,1,156,-3,186,20,7565,0,190,162
02-25-21,Bedford,5764,7,4645,6,1119,1,5366,7,29147,60,34513,67,0,117,-2,38,9,5609,0,125,118
02-25-21,Benton,1499,1,1209,1,290,0,1335,1,8534,15,9869,16,0,39,-1,0,2,1460,0,35,39
02-25-21,Bledsoe,1992,8,1826,4,166,4,1936,4,14202,45,16138,49,0,10,-2,13,10,1969,0,32,10
02-25-21,Blount,13943,23,12076,14,1867,9,13309,15,67392,206,80701,221,0,178,-16,123,39,13642,0,311,183
02-25-21,Bradley,12780,52,10705,43,2075,9,12133,46,59790,229,71923,275,0,138,3,276,49,12366,3,519,141
02-25-21,Campbell,3786,5,2157,1,1629,4,2421,2,23843,33,26264,35,1,59,-6,60,10,3667,0,111,60
02-25-21,Cannon,1737,4,1416,4,321,0,1579,3,8578,25,10157,28,1,29,-1,12,4,1696,0,35,29
02-25-21,Carroll,3451,2,2277,1,1174,1,2700,1,18724,26,21424,27,0,81,0,-7,2,3377,0,78,82
02-25-21,Carter,5925,8,5192,7,733,1,5696,7,34470,82,40166,89,0,152,-3,70,11,5703,0,212,152
02-25-21,Cheatham,3881,20,3066,10,815,10,3472,10,24941,63,28413,73,1,44,8,66,11,3771,1,78,43
02-25-21,Chester,2000,1,1450,1,550,0,1730,1,10971,6,12701,7,0,47,-1,-14,2,1967,0,39,48
02-25-21,Claiborne,2759,17,1783,13,976,4,1886,15,22090,45,23976,60,1,67,-5,152,21,2540,0,89,68
02-25-21,Clay,1064,0,735,0,329,0,841,0,5314,6,6155,6,0,30,0,9,0,1025,0,23,30
02-25-21,Cocke,3961,6,2721,2,1240,4,3008,2,19862,83,22870,85,0,92,-2,29,8,3840,0,109,94
02-25-21,Coffee,6272,19,4467,10,1805,9,5475,11,42628,141,48103,152,0,114,5,45,14,6113,1,114,115
02-25-21,Crockett,1966,1,1180,0,786,1,1377,1,6962,20,8339,21,1,47,-2,1,2,1918,0,30,48
02-25-21,Cumberland,6074,5,5108,4,966,1,5854,5,45875,75,51729,80,3,120,-13,67,15,5887,0,147,123
02-25-21,Davidson,80821,174,76470,132,4351,42,92978,172,853092,3671,946070,3843,8,849,-4,778,170,79194,4,1863,852
02-25-21,Decatur,1528,0,1143,0,385,0,1359,0,10642,16,12001,16,0,37,-3,-2,3,1493,0,37,37
02-25-21,Dekalb,2617,2,1966,0,651,2,2270,0,15922,26,18192,26,1,49,-6,-6,7,2574,0,53,49
02-25-21,Dickson,6173,15,4480,11,1693,4,5304,12,32429,102,37733,114,0,103,6,30,9,6040,0,116,106
02-25-21,Dyer,5218,3,3461,3,1757,0,3899,3,20687,54,24586,57,0,101,-1,17,4,5100,0,103,102
02-25-21,Fayette,4627,11,4011,6,616,5,4926,8,34463,103,39389,111,0,71,5,13,6,4543,0,120,70
02-25-21,Fentress,2286,4,1993,3,293,1,2277,3,11833,11,14110,14,0,44,0,7,4,2235,0,57,44
02-25-21,Franklin,4690,4,3953,1,737,3,4647,2,33750,69,38397,71,0,84,-6,62,10,4544,0,104,84
02-25-21,Gibson,6151,10,3731,4,2420,6,4517,7,27725,87,32242,94,0,140,7,24,3,5987,0,103,140
02-25-21,Giles,3706,5,3107,3,599,2,3565,2,21463,46,25028,48,0,95,-10,40,15,3571,0,110,97
02-25-21,Grainger,2417,7,1824,3,593,4,2045,3,13049,28,15094,31,0,46,1,54,6,2317,0,64,47
02-25-21,Greene,7240,7,5761,4,1479,3,6430,4,43369,139,49799,143,1,145,-4,78,10,7017,1,172,145
02-25-21,Grundy,1672,3,1416,2,256,1,1623,2,7847,16,9470,18,0,30,-3,34,6,1608,0,55,30
02-25-21,Hamblen,7952,12,5718,7,2234,5,6416,8,43383,93,49799,101,0,161,0,99,12,7692,0,245,163
02-25-21,Hamilton,40111,113,34898,91,5213,22,38994,106,293497,888,332491,994,5,459,17,748,91,38904,0,1069,459
02-25-21,Hancock,495,2,361,1,134,1,386,1,3642,8,4028,9,0,12,0,2,2,481,0,19,12
02-25-21,Hardeman,3367,3,2735,3,632,0,3202,3,23674,40,26876,43,1,64,0,-7,2,3310,0,101,63
02-25-21,Hardin,3299,7,2267,1,1032,6,2700,1,22053,28,24753,29,0,62,3,25,4,3212,0,60,63
02-25-21,Hawkins,5195,13,4270,8,925,5,4595,10,30858,157,35453,167,1,94,-8,142,20,4959,0,139,97
02-25-21,Haywood,2635,3,2213,2,422,1,2519,2,12974,23,15493,25,1,60,1,5,1,2570,1,80,60
02-25-21,Henderson,3616,2,2524,2,1092,0,3164,2,15437,24,18601,26,0,73,-2,27,4,3516,0,75,74
02-25-21,Henry,2984,4,2338,3,646,1,2701,3,16970,26,19671,29,0,75,1,-8,3,2917,0,74,75
02-25-21,Hickman,2634,1,2150,0,484,1,2486,0,15205,34,17691,34,0,40,-5,26,6,2568,0,52,41
02-25-21,Houston,1023,0,771,0,252,0,879,0,9095,42,9974,42,1,31,-2,-6,1,998,0,38,32
02-25-21,Humphreys,1520,5,1008,2,512,3,1180,2,10880,36,12060,38,0,21,5,2,0,1497,0,31,21
02-25-21,Jackson,1242,1,977,1,265,0,1139,1,5126,9,6265,10,0,34,-1,5,2,1203,0,38,33
02-25-21,Jefferson,5606,18,3939,10,1667,8,4453,11,35374,177,39827,188,1,117,4,107,13,5382,0,172,117
02-25-21,Johnson,2158,3,1934,3,224,0,2059,4,13766,31,15825,35,0,38,0,26,3,2094,0,57,38
02-25-21,Knox,45988,130,39162,90,6826,40,42772,100,296397,1036,339169,1136,2,573,-10,801,138,44614,5,1280,577
02-25-21,Lake,1673,1,1488,1,185,0,1751,1,9488,28,11239,29,0,26,0,1,1,1646,0,24,26
02-25-21,Lauderdale,3080,3,2408,3,672,0,2759,3,19725,77,22484,80,0,42,2,18,1,3020,1,82,41
02-25-21,Lawrence,5539,5,4344,4,1195,1,4781,5,27221,70,32002,75,0,81,-7,31,12,5427,0,138,83
02-25-21,Lewis,1465,2,1141,1,324,1,1234,1,9562,9,10796,10,1,25,0,33,1,1407,0,41,25
02-25-21,Lincoln,4096,3,3211,3,885,0,3649,3,16478,21,20127,24,0,61,-7,30,10,4005,0,80,60
02-25-21,Loudon,5669,13,4452,8,1217,5,4858,8,29153,51,34011,59,1,65,-1,167,13,5437,2,126,66
02-25-21,Macon,3350,1,2648,1,702,0,3116,3,14533,66,17649,69,0,73,-5,33,6,3244,0,118,73
02-25-21,Madison,10061,12,5636,5,4425,7,6867,8,51537,142,58404,150,2,228,0,-641,10,10474,0,332,228
02-25-21,Marion,2916,6,2515,5,401,1,2806,5,17219,58,20025,63,-2,42,-6,38,14,2836,0,108,45
02-25-21,Marshall,3881,3,3137,3,744,0,3543,4,21743,49,25286,53,0,54,-5,36,8,3791,0,86,57
02-25-21,Maury,12144,17,10848,13,1296,4,11977,14,68134,103,80111,117,1,160,-9,24,25,11960,0,275,161
02-25-21,McMinn,5887,19,5279,12,608,7,5819,14,39078,116,44897,130,1,90,2,143,16,5654,0,144,93
02-25-21,McNairy,2652,4,1883,3,769,1,2298,4,17128,24,19426,28,1,52,-5,-23,8,2623,0,62,53
02-25-21,Meigs,1254,0,1143,0,111,0,1269,0,7411,17,8680,17,0,21,-2,4,2,1229,0,38,22
02-25-21,Monroe,5294,13,4226,10,1068,3,4750,11,24922,66,29672,77,1,90,-6,137,18,5067,0,143,91
02-25-21,Montgomery,17289,48,12752,31,4537,17,14020,36,102547,322,116567,358,2,209,6,-12,40,17092,0,294,213
02-25-21,Moore,938,0,733,0,205,0,830,0,4554,8,5384,8,0,16,0,8,0,914,0,16,16
02-25-21,Morgan,2285,2,1712,0,573,2,1852,0,14240,28,16092,28,0,37,1,19,1,2229,0,35,37
02-25-21,Obion,4355,3,3243,2,1112,1,3671,1,21058,60,24729,61,0,94,3,11,0,4250,0,98,94
02-25-21,Out of State,16073,64,12909,56,3164,8,14540,66,571204,2152,585744,2218,2,93,35,149,27,15831,1,196,88
02-25-21,Overton,2839,2,2149,1,690,1,2530,1,14035,17,16565,18,0,57,-2,32,4,2750,0,63,58
02-25-21,Pending,15030,39,9816,26,5214,13,10904,27,369306,1254,380210,1281,0,125,5,-50,34,14955,0,133,126
02-25-21,Perry,1025,1,886,1,139,0,996,1,5845,8,6841,9,0,27,-1,-11,2,1009,0,28,28
02-25-21,Pickett,741,0,492,0,249,0,593,0,3534,28,4127,28,0,23,-1,4,1,714,0,28,23
02-25-21,Polk,1742,4,1589,2,153,2,1760,2,8567,21,10327,23,1,22,-20,61,23,1659,1,65,22
02-25-21,Putnam,10532,21,8708,12,1824,9,10438,12,66143,101,76581,113,0,168,-6,80,27,10284,0,203,170
02-25-21,Rhea,4104,7,3579,6,525,1,4008,5,24727,55,28735,60,0,73,-7,42,14,3989,0,81,73
02-25-21,Roane,5851,19,4600,16,1251,3,5110,19,39846,74,44956,93,1,96,-2,102,20,5653,0,142,97
02-25-21,Robertson,8893,10,7105,4,1788,6,8018,8,40274,94,48292,102,0,118,-4,97,14,8678,1,400,120
02-25-21,Rutherford,38020,93,33187,69,4833,24,38686,75,212708,761,251394,836,2,377,-11,375,102,37268,1,567,383
02-25-21,Scott,2851,1,1635,0,1216,1,1746,0,10702,16,12448,16,0,42,-10,34,11,2775,0,60,44
02-25-21,Sequatchie,1542,6,1240,0,302,6,1349,2,11153,14,12502,16,-2,25,1,42,7,1475,0,36,26
02-25-21,Sevier,11932,38,10543,29,1389,9,11602,31,60861,256,72463,287,0,161,9,150,29,11621,0,259,164
02-25-21,Shelby,86722,182,80938,155,5784,27,99751,190,859606,4553,959357,4743,4,1476,41,577,137,84669,9,3398,1522
02-25-21,Smith,2544,4,1954,3,590,1,2458,3,12514,27,14972,30,0,36,-1,32,5,2476,0,57,36
02-25-21,Stewart,1230,0,937,0,293,0,1061,0,6409,16,7470,16,0,24,-1,-8,1,1214,0,24,24
02-25-21,Sullivan,14218,36,12404,22,1814,14,13416,23,79505,268,92921,291,0,273,-2,197,38,13748,1,708,273
02-25-21,Sumner,21194,50,19116,28,2078,22,21639,26,110166,269,131805,295,3,315,-24,76,71,20803,1,685,318
02-25-21,Tipton,6861,15,4837,9,2024,6,5851,10,43546,160,49397,170,0,101,5,25,10,6735,2,146,98
02-25-21,Trousdale,2387,3,2258,3,129,0,2420,3,8517,17,10937,20,0,22,1,10,2,2355,0,39,22
02-25-21,Unicoi,1791,4,1396,3,395,1,1539,3,12219,38,13758,41,0,47,1,52,3,1692,1,64,47
02-25-21,Union,1712,9,1456,6,256,3,1571,7,9820,24,11391,31,1,31,2,41,6,1640,0,56,33
02-25-21,Van Buren,795,3,665,1,130,2,733,1,5024,34,5757,35,0,20,2,1,1,774,0,19,20
02-25-21,Warren,5261,4,4519,1,742,3,5123,1,30486,95,35609,96,0,75,-13,21,17,5165,0,80,77
02-25-21,Washington,12645,17,10927,9,1718,8,12065,13,75704,227,87769,240,1,232,-2,155,18,12258,0,326,233
02-25-21,Wayne,2859,0,2328,0,531,0,2560,1,10750,18,13310,19,0,30,-2,14,2,2815,0,59,30
02-25-21,Weakley,3772,4,2837,3,935,1,3248,3,20533,24,23781,27,0,59,0,-1,4,3714,0,60,60
02-25-21,White,3336,8,2772,2,564,6,3391,3,21464,40,24855,43,1,66,-9,50,16,3220,0,105,66
02-25-21,Williamson,25101,76,21510,49,3591,27,23895,54,166932,496,190827,550,0,202,7,270,69,24629,0,283,203
02-25-21,Wilson,16251,48,14776,28,1475,20,16868,30,92397,291,109265,321,2,211,8,54,38,15986,0,322,211
02-24-21,Anderson,7889,32,6029,19,1860,13,6755,23,58154,176,64909,199,0,155,15,189,17,7545,0,190,162
02-24-21,Bedford,5757,15,4639,6,1118,9,5359,6,29087,42,34446,48,0,117,7,40,8,5600,0,125,118
02-24-21,Benton,1498,0,1208,0,290,0,1334,0,8519,9,9853,9,0,39,-2,1,2,1458,0,35,39
02-24-21,Bledsoe,1984,3,1822,2,162,1,1932,2,14157,29,16089,31,0,10,-1,15,4,1959,0,32,10
02-24-21,Blount,13920,39,12062,30,1858,9,13294,34,67186,256,80480,290,2,178,-3,139,40,13603,0,311,181
02-24-21,Bradley,12728,38,10662,28,2066,10,12087,30,59561,218,71648,248,1,138,-19,273,56,12317,0,516,141
02-24-21,Campbell,3781,9,2156,1,1625,8,2419,2,23810,27,26229,29,0,58,-11,66,20,3657,1,111,60
02-24-21,Cannon,1733,1,1412,0,321,1,1576,0,8553,20,10129,20,0,28,-2,13,3,1692,0,35,29
02-24-21,Carroll,3449,0,2276,0,1173,0,2699,2,18698,26,21397,28,1,81,-3,-7,2,3375,0,78,82
02-24-21,Carter,5917,12,5185,11,732,1,5689,14,34388,140,40077,154,0,152,-4,73,16,5692,1,212,151
02-24-21,Cheatham,3861,8,3056,7,805,1,3462,10,24878,47,28340,57,0,43,-1,58,9,3760,0,77,43
02-24-21,Chester,1999,0,1449,0,550,0,1729,1,10965,71,12694,72,1,47,-2,-13,1,1965,0,39,48
02-24-21,Claiborne,2742,18,1770,9,972,9,1871,11,22045,93,23916,104,1,66,-3,157,20,2519,1,89,67
02-24-21,Clay,1064,4,735,4,329,0,841,6,5308,21,6149,27,0,30,3,9,1,1025,0,23,30
02-24-21,Cocke,3955,6,2719,1,1236,5,3006,3,19779,57,22785,60,1,92,1,31,4,3832,0,109,93
02-24-21,Coffee,6253,10,4457,7,1796,3,5464,8,42487,138,47951,146,0,114,1,40,9,6099,0,113,115
02-24-21,Crockett,1965,1,1180,0,785,1,1376,0,6942,8,8318,8,0,46,-2,3,3,1916,0,30,48
02-24-21,Cumberland,6069,20,5104,19,965,1,5849,20,45800,132,51649,152,0,117,13,80,7,5872,0,147,123
02-24-21,Davidson,80647,253,76338,234,4309,19,92806,290,849421,4812,942227,5102,6,841,14,782,233,79024,3,1859,849
02-24-21,Decatur,1528,0,1143,0,385,0,1359,0,10626,8,11985,8,2,37,-3,1,1,1490,0,37,37
02-24-21,Dekalb,2615,3,1966,3,649,0,2270,3,15896,41,18166,44,1,48,0,0,2,2567,0,53,49
02-24-21,Dickson,6158,23,4469,16,1689,7,5292,13,32327,116,37619,129,0,103,6,24,17,6031,1,116,106
02-24-21,Dyer,5215,2,3458,0,1757,2,3896,0,20633,12,24529,12,1,101,-4,18,5,5096,0,103,102
02-24-21,Fayette,4616,7,4005,3,611,4,4918,4,34360,100,39278,104,0,71,1,8,6,4537,0,120,70
02-24-21,Fentress,2282,2,1990,1,292,1,2274,1,11822,140,14096,141,0,44,1,7,1,2231,0,57,44
02-24-21,Franklin,4686,10,3952,9,734,1,4645,11,33681,216,38326,227,1,84,-4,68,13,4534,1,104,84
02-24-21,Gibson,6141,6,3727,6,2414,0,4510,5,27638,39,32148,44,0,140,-2,17,8,5984,0,103,140
02-24-21,Giles,3701,8,3104,7,597,1,3563,9,21417,44,24980,53,0,95,-1,50,9,3556,0,110,96
02-24-21,Grainger,2410,6,1821,6,589,0,2042,7,13021,70,15063,77,0,46,-1,53,7,2311,0,64,47
02-24-21,Greene,7233,11,5757,11,1476,0,6426,11,43230,307,49656,318,0,144,8,82,3,7007,0,171,145
02-24-21,Grundy,1669,11,1414,9,255,2,1621,9,7831,97,9452,106,0,30,4,37,7,1602,0,55,30
02-24-21,Hamblen,7940,15,5711,6,2229,9,6408,11,43290,105,49698,116,1,161,-5,99,19,7680,1,245,163
02-24-21,Hamilton,39998,99,34807,78,5191,21,38888,89,292609,1036,331497,1125,4,454,-5,731,100,38813,2,1069,459
02-24-21,Hancock,493,0,360,0,133,0,385,2,3634,10,4019,12,0,12,-1,2,1,479,0,19,12
02-24-21,Hardeman,3364,1,2732,1,632,0,3199,1,23634,15,26833,16,0,63,-2,-7,3,3308,0,101,63
02-24-21,Hardin,3292,6,2266,6,1026,0,2699,6,22025,25,24724,31,0,62,3,22,3,3208,1,60,63
02-24-21,Hawkins,5182,17,4262,12,920,5,4585,15,30701,221,35286,236,1,93,-8,150,24,4939,0,139,97
02-24-21,Haywood,2632,1,2211,1,421,0,2517,2,12951,17,15468,19,0,59,-3,4,4,2569,0,79,60
02-24-21,Henderson,3614,4,2522,4,1092,0,3162,5,15413,29,18575,34,0,73,0,29,4,3512,0,75,74
02-24-21,Henry,2980,2,2335,1,645,1,2698,2,16944,21,19642,23,1,75,-6,-9,7,2914,0,74,75
02-24-21,Hickman,2633,9,2150,4,483,5,2486,4,15171,41,17657,45,1,40,-1,31,9,2562,0,52,41
02-24-21,Houston,1023,2,771,1,252,1,879,1,9053,156,9932,157,0,30,2,-4,0,997,0,38,32
02-24-21,Humphreys,1515,4,1006,0,509,4,1178,0,10844,24,12022,24,0,21,2,-3,2,1497,0,31,21
02-24-21,Jackson,1241,2,976,2,265,0,1138,3,5117,23,6255,26,1,34,1,6,0,1201,0,38,33
02-24-21,Jefferson,5588,18,3929,10,1659,8,4442,10,35197,121,39639,131,0,116,0,103,18,5369,0,172,117
02-24-21,Johnson,2155,8,1931,6,224,2,2055,7,13735,137,15790,144,1,38,7,26,0,2091,0,57,38
02-24-21,Knox,45858,103,39072,73,6786,30,42672,85,295361,975,338033,1060,2,571,-27,811,128,44476,2,1275,576
02-24-21,Lake,1672,0,1487,0,185,0,1750,0,9460,2,11210,2,0,26,-2,1,2,1645,0,24,26
02-24-21,Lauderdale,3077,1,2405,0,672,1,2756,0,19648,21,22404,21,0,42,-1,16,2,3019,0,81,41
02-24-21,Lawrence,5534,4,4340,4,1194,0,4776,4,27151,58,31927,62,1,81,-10,38,13,5415,0,138,82
02-24-21,Lewis,1463,6,1140,1,323,5,1233,1,9553,25,10786,26,0,24,1,33,5,1406,0,41,24
02-24-21,Lincoln,4093,11,3208,10,885,1,3646,11,16457,62,20103,73,0,61,6,37,5,3995,0,80,60
02-24-21,Loudon,5656,16,4444,9,1212,7,4850,11,29102,138,33952,149,0,64,7,168,9,5424,0,124,66
02-24-21,Macon,3349,8,2647,5,702,3,3113,8,14467,83,17580,91,0,73,3,38,5,3238,0,118,73
02-24-21,Madison,10049,13,5631,9,4418,4,6859,9,51395,90,58254,99,1,226,1,-641,11,10464,2,332,228
02-24-21,Marion,2910,14,2510,13,400,1,2801,13,17161,106,19962,119,0,44,10,44,4,2822,1,108,45
02-24-21,Marshall,3878,9,3134,7,744,2,3539,8,21694,36,25233,44,0,54,1,41,8,3783,0,86,56
02-24-21,Maury,12127,20,10835,11,1292,9,11963,11,68031,136,79994,147,1,159,-7,33,26,11935,0,275,160
02-24-21,McMinn,5868,27,5267,26,601,1,5805,31,38962,167,44767,198,0,89,11,141,16,5638,0,144,93
02-24-21,McNairy,2648,8,1880,8,768,0,2294,10,17104,111,19398,121,0,51,4,-18,4,2615,0,62,53
02-24-21,Meigs,1254,3,1143,2,111,1,1269,3,7394,20,8663,23,1,21,2,6,0,1227,0,38,21
02-24-21,Monroe,5281,25,4216,20,1065,5,4739,19,24856,87,29595,106,1,89,10,143,14,5049,0,143,91
02-24-21,Montgomery,17241,56,12721,41,4520,15,13984,42,102225,438,116209,480,0,207,-11,-18,67,17052,0,294,212
02-24-21,Moore,938,3,733,1,205,2,830,2,4546,11,5376,13,0,16,1,8,2,914,0,16,16
02-24-21,Morgan,2283,2,1712,2,571,0,1852,3,14212,46,16064,49,1,37,-4,18,5,2228,0,35,37
02-24-21,Obion,4352,2,3241,2,1111,0,3670,2,20998,33,24668,35,0,94,-2,8,4,4250,1,98,94
02-24-21,Out of State,16009,36,12853,31,3156,5,14474,31,569052,2145,583526,2176,1,91,-11,114,46,15804,0,195,87
02-24-21,Overton,2837,2,2148,2,689,0,2529,2,14018,54,16547,56,0,57,0,34,2,2746,0,63,58
02-24-21,Pending,14991,32,9790,24,5201,8,10877,27,368052,1401,378929,1428,-1,125,-21,-55,54,14921,0,133,126
02-24-21,Perry,1024,2,885,2,139,0,995,3,5837,10,6832,13,0,27,2,-10,0,1007,0,28,28
02-24-21,Pickett,741,0,492,0,249,0,593,0,3506,46,4099,46,0,23,-1,5,1,713,0,28,23
02-24-21,Polk,1738,9,1587,9,151,0,1758,9,8546,39,10304,48,0,21,0,81,9,1636,0,64,22
02-24-21,Putnam,10511,20,8696,17,1815,3,10426,20,66042,316,76468,336,1,168,7,86,12,10257,0,203,169
02-24-21,Rhea,4097,7,3573,5,524,2,4003,5,24672,157,28675,162,1,73,-1,49,7,3975,0,81,73
02-24-21,Roane,5832,23,4584,18,1248,5,5091,20,39772,257,44863,277,0,95,8,104,15,5633,0,142,97
02-24-21,Robertson,8883,21,7101,18,1782,3,8010,23,40180,110,48190,133,1,118,-4,101,24,8664,1,399,120
02-24-21,Rutherford,37927,112,33118,76,4809,36,38611,84,211947,690,250558,774,4,375,-15,386,123,37166,1,566,383
02-24-21,Scott,2850,4,1635,2,1215,2,1746,5,10686,38,12432,43,0,42,-5,44,9,2764,0,60,43
02-24-21,Sequatchie,1536,2,1240,1,296,1,1347,1,11139,25,12486,26,0,27,-1,41,3,1468,0,36,26
02-24-21,Sevier,11894,45,10514,28,1380,17,11571,27,60605,255,72176,282,1,161,21,141,23,11592,2,259,164
02-24-21,Shelby,86540,222,80783,185,5757,37,99561,235,855053,3002,954614,3237,21,1472,3,536,198,84532,10,3389,1520
02-24-21,Smith,2540,15,1951,6,589,9,2455,9,12487,26,14942,35,0,36,11,33,4,2471,0,57,36
02-24-21,Stewart,1230,2,937,1,293,1,1061,2,6393,10,7454,12,0,24,-3,-7,5,1213,0,24,24
02-24-21,Sullivan,14182,65,12382,55,1800,10,13393,58,79237,418,92630,476,0,273,27,199,38,13710,0,707,273
02-24-21,Sumner,21144,40,19088,25,2056,15,21613,30,109897,405,131510,435,0,312,-22,100,62,20732,1,684,318
02-24-21,Tipton,6846,10,4828,7,2018,3,5841,5,43386,115,49227,120,2,101,-1,20,9,6725,0,144,98
02-24-21,Trousdale,2384,6,2255,4,129,2,2417,4,8500,19,10917,23,0,22,6,9,0,2353,0,39,22
02-24-21,Unicoi,1787,5,1393,4,394,1,1536,4,12181,39,13717,43,0,47,3,51,2,1689,0,63,47
02-24-21,Union,1703,14,1450,11,253,3,1564,12,9796,26,11360,38,0,30,11,39,3,1634,1,56,32
02-24-21,Van Buren,792,0,664,0,128,0,732,1,4990,5,5722,6,0,20,0,-1,0,773,0,19,20
02-24-21,Warren,5257,5,4518,5,739,0,5122,6,30391,88,35513,94,0,75,0,34,5,5148,1,80,77
02-24-21,Washington,12628,29,10918,23,1710,6,12052,27,75477,330,87529,357,0,231,8,157,21,12240,2,326,233
02-24-21,Wayne,2859,2,2328,1,531,1,2559,2,10732,20,13291,22,0,30,-6,16,8,2813,0,59,30
02-24-21,Weakley,3768,3,2834,1,934,2,3245,4,20509,25,23754,29,0,59,-3,-1,6,3710,0,60,60
02-24-21,White,3328,7,2770,7,558,0,3388,7,21424,60,24812,67,0,65,-1,59,8,3204,1,105,66
02-24-21,Williamson,25025,56,21461,39,3564,17,23841,50,166436,448,190277,498,0,202,-38,263,94,24560,0,283,203
02-24-21,Wilson,16203,50,14748,44,1455,6,16838,50,92106,229,108944,279,1,209,2,46,47,15948,1,322,210
02-23-21,Anderson,7857,24,6010,9,1847,15,6732,8,57978,141,64710,149,2,155,-2,174,24,7528,0,190,162
02-23-21,Bedford,5742,8,4633,3,1109,5,5353,3,29045,42,34398,45,0,117,-7,33,15,5592,0,125,118
02-23-21,Benton,1498,2,1208,0,290,2,1334,0,8510,5,9844,5,0,39,-3,3,5,1456,0,35,39
02-23-21,Bledsoe,1981,3,1820,1,161,2,1930,1,14128,16,16058,17,0,10,-8,16,11,1955,0,32,10
02-23-21,Blount,13881,20,12032,13,1849,7,13260,14,66930,151,80190,165,1,176,-18,142,37,13563,1,311,180
02-23-21,Bradley,12690,62,10634,29,2056,33,12057,31,59343,101,71400,132,0,137,6,292,56,12261,3,516,140
02-23-21,Campbell,3772,5,2155,3,1617,2,2417,4,23783,26,26200,30,0,58,-1,77,6,3637,0,110,60
02-23-21,Cannon,1732,3,1412,1,320,2,1576,1,8533,15,10109,16,0,28,0,15,3,1689,1,35,29
02-23-21,Carroll,3449,2,2276,1,1173,1,2697,0,18672,18,21369,18,0,80,-2,-4,4,3373,0,78,82
02-23-21,Carter,5905,6,5174,3,731,3,5675,3,34248,59,39923,62,1,152,-9,77,14,5676,1,211,151
02-23-21,Cheatham,3853,12,3049,6,804,6,3452,7,24831,49,28283,56,0,43,7,59,5,3751,0,77,43
02-23-21,Chester,1999,2,1449,1,550,1,1728,1,10894,9,12622,10,0,46,-4,-11,6,1964,0,39,48
02-23-21,Claiborne,2724,22,1761,11,963,11,1860,7,21952,69,23812,76,1,65,-1,160,22,2499,1,88,66
02-23-21,Clay,1060,3,731,1,329,2,835,1,5287,6,6122,7,0,30,-1,6,4,1024,0,23,30
02-23-21,Cocke,3949,5,2718,0,1231,5,3003,0,19722,107,22725,107,0,91,-4,30,9,3828,0,109,93
02-23-21,Coffee,6243,16,4450,4,1793,12,5456,4,42349,57,47805,61,0,114,-2,39,18,6090,1,113,115
02-23-21,Crockett,1964,3,1180,1,784,2,1376,1,6934,5,8310,6,0,46,-1,5,4,1913,0,30,48
02-23-21,Cumberland,6049,10,5085,2,964,8,5829,2,45668,65,51497,67,1,117,-4,67,13,5865,0,147,123
02-23-21,Davidson,80394,207,76104,148,4290,59,92516,173,844609,3280,937125,3453,2,835,-37,768,242,78791,3,1856,846
02-23-21,Decatur,1528,1,1143,0,385,1,1359,0,10618,4,11977,4,0,35,0,4,1,1489,0,37,37
02-23-21,Dekalb,2612,2,1963,0,649,2,2267,0,15855,14,18122,14,0,47,-7,0,9,2565,0,53,49
02-23-21,Dickson,6135,31,4453,13,1682,18,5279,11,32211,109,37490,120,1,103,13,18,17,6014,0,115,106
02-23-21,Dyer,5213,1,3458,1,1755,0,3896,2,20621,26,24517,28,1,100,-10,22,10,5091,0,103,102
02-23-21,Fayette,4609,3,4002,3,607,0,4914,3,34260,72,39174,75,0,71,-5,7,8,4531,0,120,69
02-23-21,Fentress,2280,0,1989,0,291,0,2273,0,11682,20,13955,20,1,44,-2,6,1,2230,0,57,44
02-23-21,Franklin,4676,4,3943,1,733,3,4634,1,33465,22,38099,23,3,83,-18,72,19,4521,0,103,84
02-23-21,Gibson,6135,9,3721,2,2414,7,4505,4,27599,20,32104,24,1,140,0,19,8,5976,0,103,140
02-23-21,Giles,3693,7,3097,5,596,2,3554,4,21373,31,24927,35,0,95,-8,51,15,3547,0,110,96
02-23-21,Grainger,2404,3,1815,2,589,1,2035,4,12951,20,14986,24,0,46,-2,54,5,2304,0,64,47
02-23-21,Greene,7222,5,5746,1,1476,4,6415,1,42923,92,49338,93,1,144,-15,74,19,7004,0,171,145
02-23-21,Grundy,1658,6,1405,4,253,2,1612,3,7734,5,9346,8,1,30,-13,33,18,1595,0,55,30
02-23-21,Hamblen,7925,25,5705,8,2220,17,6397,6,43185,52,49582,58,0,160,-2,104,27,7661,2,244,163
02-23-21,Hamilton,39899,117,34729,82,5170,35,38799,88,291573,392,330372,480,7,450,33,736,77,38713,2,1067,459
02-23-21,Hancock,493,0,360,0,133,0,383,0,3624,1,4007,1,1,12,-3,3,2,478,0,19,12
02-23-21,Hardeman,3363,0,2731,0,632,0,3198,1,23619,11,26817,12,0,63,-5,-5,5,3305,0,101,63
02-23-21,Hardin,3286,4,2260,1,1026,3,2693,1,22000,12,24693,13,0,62,2,19,2,3205,0,59,63
02-23-21,Hawkins,5165,18,4250,12,915,6,4570,11,30480,111,35050,122,0,92,6,158,12,4915,2,139,96
02-23-21,Haywood,2631,1,2210,1,421,0,2515,1,12934,15,15449,16,0,59,-3,7,4,2565,1,79,60
02-23-21,Henderson,3610,5,2518,2,1092,3,3157,3,15384,9,18541,12,2,73,-4,29,7,3508,0,75,74
02-23-21,Henry,2978,6,2334,4,644,2,2696,4,16923,26,19619,30,1,74,-2,-3,7,2907,0,74,75
02-23-21,Hickman,2624,5,2146,3,478,2,2482,3,15130,28,17612,31,0,39,2,32,3,2553,0,52,41
02-23-21,Houston,1021,2,770,2,251,0,878,1,8897,3,9775,4,0,30,0,-6,2,997,0,38,32
02-23-21,Humphreys,1511,3,1006,1,505,2,1178,1,10820,15,11998,16,0,21,-1,-5,4,1495,0,31,21
02-23-21,Jackson,1239,1,974,1,265,0,1135,1,5094,5,6229,6,0,33,-3,5,4,1201,0,38,33
02-23-21,Jefferson,5570,12,3919,4,1651,8,4432,5,35076,52,39508,57,0,116,-4,103,16,5351,0,172,117
02-23-21,Johnson,2147,7,1925,2,222,5,2048,2,13598,15,15646,17,0,37,7,19,0,2091,0,57,38
02-23-21,Knox,45755,122,38999,68,6756,54,42587,80,294386,741,336973,821,5,569,-31,838,148,44348,6,1273,575
02-23-21,Lake,1672,1,1487,1,185,0,1750,2,9458,2,11208,4,0,26,1,3,0,1643,0,24,26
02-23-21,Lauderdale,3076,6,2405,5,671,1,2756,5,19627,21,22383,26,0,42,-2,17,8,3017,0,81,41
02-23-21,Lawrence,5530,4,4336,3,1194,1,4772,3,27093,48,31865,51,0,80,-20,48,24,5402,0,138,82
02-23-21,Lewis,1457,5,1139,0,318,5,1232,0,9528,13,10760,13,0,24,3,32,2,1401,0,41,24
02-23-21,Lincoln,4082,5,3198,4,884,1,3635,4,16395,12,20030,16,0,61,-3,31,8,3990,0,80,60
02-23-21,Loudon,5640,18,4435,4,1205,14,4839,4,28964,37,33803,41,0,64,-10,161,28,5415,0,124,66
02-23-21,Macon,3341,3,2642,0,699,3,3105,0,14384,31,17489,31,0,73,-5,35,8,3233,0,118,73
02-23-21,Madison,10036,25,5622,11,4414,14,6850,10,51305,38,58155,48,0,225,-5,-642,30,10453,2,330,228
02-23-21,Marion,2896,9,2497,4,399,5,2788,4,17055,38,19843,42,0,44,3,34,6,2818,0,107,45
02-23-21,Marshall,3869,6,3127,2,742,4,3531,2,21658,30,25189,32,0,54,-5,40,11,3775,0,86,54
02-23-21,Maury,12107,21,10824,13,1283,8,11952,15,67895,103,79847,118,0,158,-26,40,47,11909,0,275,160
02-23-21,McMinn,5841,15,5241,13,600,2,5774,12,38795,44,44569,56,0,89,-1,130,16,5622,0,144,93
02-23-21,McNairy,2640,9,1872,7,768,2,2284,7,16993,7,19277,14,1,51,7,-22,1,2611,0,62,53
02-23-21,Meigs,1251,1,1141,1,110,0,1266,1,7374,18,8640,19,0,20,-8,4,9,1227,0,38,21
02-23-21,Monroe,5256,20,4196,8,1060,12,4720,7,24769,32,29489,39,0,88,9,133,11,5035,0,143,91
02-23-21,Montgomery,17185,44,12680,23,4505,21,13942,24,101787,206,115729,230,2,207,-23,-7,65,16985,0,294,212
02-23-21,Moore,935,1,732,1,203,0,828,2,4535,7,5363,9,0,16,-2,7,3,912,0,16,16
02-23-21,Morgan,2281,3,1710,0,571,3,1849,0,14166,14,16015,14,0,36,-1,22,4,2223,0,35,37
02-23-21,Obion,4350,2,3239,2,1111,0,3668,2,20965,39,24633,41,2,94,-7,10,7,4246,0,97,94
02-23-21,Out of State,15973,51,12822,42,3151,9,14443,47,566907,1861,581350,1908,-4,90,10,125,45,15758,2,195,86
02-23-21,Overton,2835,6,2146,2,689,4,2527,3,13964,15,16491,18,0,57,1,34,5,2744,0,63,58
02-23-21,Pending,14959,31,9766,15,5193,16,10850,21,366651,910,377501,931,1,126,-32,-34,62,14867,0,133,126
02-23-21,Perry,1022,2,883,1,139,1,992,1,5827,5,6819,6,0,27,1,-12,1,1007,0,28,28
02-23-21,Pickett,741,1,492,1,249,0,593,1,3460,6,4053,7,0,23,-2,6,3,712,0,28,23
02-23-21,Polk,1729,7,1578,5,151,2,1749,7,8507,16,10256,23,0,21,-2,81,9,1627,1,64,22
02-23-21,Putnam,10491,13,8679,7,1812,6,10406,7,65726,64,76132,71,0,167,-13,79,26,10245,1,203,169
02-23-21,Rhea,4090,6,3568,5,522,1,3998,5,24515,27,28513,32,0,72,-1,50,7,3968,0,81,73
02-23-21,Roane,5809,14,4566,7,1243,7,5071,8,39515,35,44586,43,0,95,-16,96,30,5618,1,142,97
02-23-21,Robertson,8862,21,7083,13,1779,8,7987,12,40070,63,48057,75,2,117,-1,105,20,8640,2,398,120
02-23-21,Rutherford,37815,126,33042,74,4773,52,38527,77,211257,464,249784,541,1,371,12,401,113,37043,1,565,383
02-23-21,Scott,2846,3,1633,1,1213,2,1741,1,10648,26,12389,27,2,42,-13,49,14,2755,0,60,43
02-23-21,Sequatchie,1534,2,1239,2,295,0,1346,2,11114,9,12460,11,0,27,-8,42,10,1465,1,36,26
02-23-21,Sevier,11849,21,10486,11,1363,10,11544,12,60350,97,71894,109,1,160,-15,120,35,11569,3,257,164
02-23-21,Shelby,86318,217,80598,183,5720,34,99326,211,852051,3528,951377,3739,0,1451,-11,533,228,84334,1,3379,1517
02-23-21,Smith,2525,10,1945,2,580,8,2446,2,12461,15,14907,17,0,36,8,22,2,2467,0,57,36
02-23-21,Stewart,1228,2,936,1,292,1,1059,2,6383,16,7442,18,0,24,-1,-4,3,1208,0,24,24
02-23-21,Sullivan,14117,28,12327,19,1790,9,13335,22,78819,158,92154,180,2,273,-10,172,36,13672,2,707,272
02-23-21,Sumner,21104,60,19063,38,2041,22,21583,42,109492,318,131075,360,0,312,12,122,48,20670,1,683,318
02-23-21,Tipton,6836,15,4821,5,2015,10,5836,7,43271,150,49107,157,0,99,-8,21,23,6716,0,144,98
02-23-21,Trousdale,2378,2,2251,1,127,1,2413,1,8481,9,10894,10,1,22,-3,3,4,2353,0,39,22
02-23-21,Unicoi,1782,2,1389,0,393,2,1532,1,12142,14,13674,15,0,47,1,48,1,1687,0,63,47
02-23-21,Union,1689,10,1439,7,250,3,1552,7,9770,12,11322,19,0,30,-1,28,11,1631,0,55,31
02-23-21,Van Buren,792,1,664,0,128,1,731,0,4985,2,5716,2,0,20,1,-1,0,773,0,19,20
02-23-21,Warren,5252,4,4513,1,739,3,5116,2,30303,76,35419,78,0,75,-1,34,5,5143,0,79,77
02-23-21,Washington,12599,16,10895,11,1704,5,12025,12,75147,128,87172,140,1,231,-21,149,36,12219,0,324,233
02-23-21,Wayne,2857,1,2327,1,530,0,2557,1,10712,9,13269,10,0,30,-3,22,4,2805,0,59,30
02-23-21,Weakley,3765,4,2833,4,932,0,3241,7,20484,18,23725,25,0,59,3,2,1,3704,0,60,60
02-23-21,White,3321,8,2763,3,558,5,3381,3,21364,26,24745,29,0,65,3,60,5,3196,0,104,65
02-23-21,Williamson,24969,83,21422,53,3547,30,23791,57,165988,433,189779,490,0,202,-14,301,97,24466,0,283,202
02-23-21,Wilson,16153,64,14704,49,1449,15,16788,53,91877,231,108665,284,0,208,9,44,55,15901,2,321,210
02-22-21,Anderson,7833,5,6001,2,1832,3,6724,5,57837,37,64561,42,1,153,-17,176,21,7504,0,190,160
02-22-21,Bedford,5734,6,4630,3,1104,3,5350,4,29003,22,34353,26,0,117,-3,40,9,5577,0,125,118
02-22-21,Benton,1496,0,1208,0,288,0,1334,0,8505,1,9839,1,0,39,-5,6,5,1451,0,35,39
02-22-21,Bledsoe,1978,1,1819,0,159,1,1929,0,14112,2,16041,2,0,10,-8,24,9,1944,0,32,10
02-22-21,Blount,13861,23,12019,8,1842,15,13246,9,66779,43,80025,52,0,175,-28,160,51,13526,1,310,180
02-22-21,Bradley,12628,16,10605,6,2023,10,12026,11,59242,64,71268,75,0,137,-38,286,54,12205,1,513,140
02-22-21,Campbell,3767,16,2152,2,1615,14,2413,3,23757,13,26170,16,0,58,-2,78,18,3631,0,110,60
02-22-21,Cannon,1729,0,1411,0,318,0,1575,0,8518,7,10093,7,0,28,0,15,0,1686,0,34,28
02-22-21,Carroll,3447,8,2275,1,1172,7,2697,1,18654,5,21351,6,0,80,5,-2,3,3369,0,78,82
02-22-21,Carter,5899,10,5171,9,728,1,5672,11,34189,22,39861,33,1,151,0,86,9,5662,0,210,151
02-22-21,Cheatham,3841,5,3043,4,798,1,3445,4,24782,18,28227,22,0,43,-6,52,11,3746,0,77,43
02-22-21,Chester,1997,0,1448,0,549,0,1727,0,10885,3,12612,3,0,46,-4,-7,4,1958,0,39,48
02-22-21,Claiborne,2702,2,1750,0,952,2,1853,0,21883,11,23736,11,0,64,-17,161,19,2477,0,87,66
02-22-21,Clay,1057,2,730,1,327,1,834,1,5281,1,6115,2,0,30,-3,7,5,1020,0,23,30
02-22-21,Cocke,3944,5,2718,4,1226,1,3003,3,19615,10,22618,13,0,91,-6,34,11,3819,0,109,93
02-22-21,Coffee,6227,12,4446,4,1781,8,5452,4,42292,29,47744,33,0,114,-11,41,23,6072,0,112,115
02-22-21,Crockett,1961,0,1179,0,782,0,1375,0,6929,3,8304,3,0,46,-1,6,1,1909,0,30,48
02-22-21,Cumberland,6039,4,5083,3,956,1,5827,3,45603,12,51430,15,0,116,-7,71,11,5852,1,147,123
02-22-21,Davidson,80187,85,75956,62,4231,23,92343,78,841329,1006,933672,1084,3,833,-207,805,289,78549,0,1853,845
02-22-21,Decatur,1527,0,1143,0,384,0,1359,0,10614,0,11973,0,0,35,-3,4,3,1488,0,37,37
02-22-21,Dekalb,2610,1,1963,1,647,0,2267,2,15841,5,18108,7,0,47,-8,7,9,2556,0,53,49
02-22-21,Dickson,6104,12,4440,5,1664,7,5268,6,32102,24,37370,30,0,102,-6,5,18,5997,0,115,106
02-22-21,Dyer,5212,3,3457,1,1755,2,3894,2,20595,5,24489,7,0,99,-3,32,6,5081,0,103,101
02-22-21,Fayette,4606,2,3999,0,607,2,4911,0,34188,21,39099,21,0,71,-6,12,8,4523,0,120,69
02-22-21,Fentress,2280,1,1989,1,291,0,2273,1,11662,8,13935,9,0,43,-3,8,4,2229,0,57,44
02-22-21,Franklin,4672,10,3942,8,730,2,4633,12,33443,35,38076,47,0,80,-4,90,14,4502,0,103,84
02-22-21,Gibson,6126,4,3719,0,2407,4,4501,1,27579,7,32080,8,0,139,-15,19,19,5968,0,103,140
02-22-21,Giles,3686,8,3092,2,594,6,3550,2,21342,12,24892,14,0,95,-13,59,21,3532,0,110,96
02-22-21,Grainger,2401,3,1813,1,588,2,2031,1,12931,12,14962,13,0,46,-7,56,10,2299,0,64,47
02-22-21,Greene,7217,1,5745,0,1472,1,6414,0,42831,38,49245,38,0,143,-17,89,18,6985,0,171,145
02-22-21,Grundy,1652,5,1401,1,251,4,1609,1,7729,6,9338,7,0,29,-1,46,6,1577,1,55,30
02-22-21,Hamblen,7900,8,5697,3,2203,5,6391,4,43133,27,49524,31,-1,160,-16,106,25,7634,0,242,163
02-22-21,Hamilton,39782,72,34647,56,5135,16,38711,69,291181,338,329892,407,1,443,-31,703,102,38636,2,1065,459
02-22-21,Hancock,493,2,360,0,133,2,383,0,3623,3,4006,3,0,11,2,6,0,476,0,19,12
02-22-21,Hardeman,3363,3,2731,1,632,2,3197,1,23608,7,26805,8,0,63,0,0,3,3300,0,101,63
02-22-21,Hardin,3282,3,2259,1,1023,2,2692,1,21988,12,24680,13,0,62,-4,17,7,3203,0,59,63
02-22-21,Hawkins,5147,11,4238,4,909,7,4559,5,30369,20,34928,25,0,92,-20,152,31,4903,0,137,96
02-22-21,Haywood,2630,1,2209,0,421,1,2514,0,12919,5,15433,5,0,59,-1,10,2,2561,0,78,60
02-22-21,Henderson,3605,3,2516,1,1089,2,3154,1,15375,2,18529,3,0,71,-2,33,5,3501,0,75,74
02-22-21,Henry,2972,3,2330,3,642,0,2692,3,16897,10,19589,13,0,73,-5,-1,8,2900,0,74,75
02-22-21,Hickman,2619,4,2143,2,476,2,2479,2,15102,9,17581,11,0,39,-2,30,6,2550,0,52,41
02-22-21,Houston,1019,0,768,0,251,0,877,0,8894,1,9771,1,0,30,-3,-6,3,995,0,38,31
02-22-21,Humphreys,1508,4,1005,1,503,3,1177,1,10805,2,11982,3,0,21,3,-4,1,1491,0,31,21
02-22-21,Jackson,1238,1,973,1,265,0,1134,1,5089,1,6223,2,0,33,0,8,1,1197,0,38,33
02-22-21,Jefferson,5558,14,3915,3,1643,11,4427,3,35024,23,39451,26,1,116,-5,107,18,5335,1,172,116
02-22-21,Johnson,2140,3,1923,0,217,3,2046,0,13583,3,15629,3,0,37,2,12,1,2091,0,57,38
02-22-21,Knox,45633,60,38931,30,6702,30,42507,36,293645,309,336152,345,3,564,-112,869,169,44200,3,1267,573
02-22-21,Lake,1671,0,1486,0,185,0,1748,0,9456,1,11204,1,0,26,0,2,0,1643,0,24,26
02-22-21,Lauderdale,3070,2,2400,2,670,0,2751,4,19606,10,22357,14,0,42,0,19,2,3009,0,81,41
02-22-21,Lawrence,5526,5,4333,1,1193,4,4769,1,27045,33,31814,34,0,80,-8,68,13,5378,0,138,82
02-22-21,Lewis,1452,7,1139,1,313,6,1232,1,9515,3,10747,4,0,24,0,29,7,1399,0,41,24
02-22-21,Lincoln,4077,4,3194,2,883,2,3631,2,16383,9,20014,11,0,61,-3,34,7,3982,1,80,60
02-22-21,Loudon,5622,13,4431,5,1191,8,4835,3,28927,41,33762,44,0,64,-6,171,19,5387,1,124,66
02-22-21,Macon,3338,17,2642,11,696,6,3105,14,14353,4,17458,18,0,73,13,40,4,3225,1,118,73
02-22-21,Madison,10011,16,5611,6,4400,10,6840,7,51267,19,58107,26,0,225,-1,-637,17,10423,0,328,228
02-22-21,Marion,2887,9,2493,6,394,3,2784,5,17017,15,19801,20,0,44,3,31,6,2812,3,107,45
02-22-21,Marshall,3863,2,3125,2,738,0,3529,2,21628,14,25157,16,0,54,-7,45,9,3764,0,86,54
02-22-21,Maury,12086,20,10811,13,1275,7,11937,13,67792,68,79729,81,1,158,-7,66,26,11862,0,275,159
02-22-21,McMinn,5826,6,5228,5,598,1,5762,3,38751,30,44513,33,0,89,-13,131,19,5606,0,144,93
02-22-21,McNairy,2631,3,1865,3,766,0,2277,3,16986,6,19263,9,1,50,0,-29,2,2610,0,62,53
02-22-21,Meigs,1250,1,1140,1,110,0,1265,1,7356,6,8621,7,0,20,-1,12,2,1218,0,38,21
02-22-21,Monroe,5236,10,4188,9,1048,1,4713,11,24737,32,29450,43,0,88,-13,124,23,5024,0,143,91
02-22-21,Montgomery,17141,19,12657,9,4484,10,13918,9,101581,154,115499,163,0,205,-50,16,69,16920,0,294,210
02-22-21,Moore,934,2,731,2,203,0,826,1,4528,6,5354,7,1,16,0,9,1,909,0,16,16
02-22-21,Morgan,2278,1,1710,0,568,1,1849,1,14152,9,16001,10,0,36,-2,23,3,2219,1,35,37
02-22-21,Obion,4348,1,3237,0,1111,1,3666,0,20926,10,24592,10,0,92,-2,17,3,4239,0,97,94
02-22-21,Out of State,15922,14,12780,11,3142,3,14396,14,565046,517,579442,531,1,94,-41,115,54,15713,1,193,85
02-22-21,Overton,2829,2,2144,0,685,2,2524,0,13949,2,16473,2,0,57,0,33,2,2739,0,63,58
02-22-21,Pending,14928,33,9751,14,5177,19,10829,13,365741,331,376570,344,-1,125,-12,-2,46,14805,3,133,126
02-22-21,Perry,1020,1,882,1,138,0,991,1,5822,2,6813,3,0,27,-2,-13,3,1006,0,28,28
02-22-21,Pickett,740,2,491,0,249,2,592,0,3454,2,4046,2,0,23,1,8,1,709,0,28,23
02-22-21,Polk,1722,3,1573,3,149,0,1742,3,8491,11,10233,14,0,21,-2,83,5,1618,0,63,22
02-22-21,Putnam,10478,22,8672,8,1806,14,10399,11,65662,32,76061,43,0,167,10,92,12,10219,2,202,169
02-22-21,Rhea,4084,4,3563,2,521,2,3993,2,24488,28,28481,30,0,72,-7,51,11,3961,1,81,73
02-22-21,Roane,5795,6,4559,2,1236,4,5063,3,39480,24,44543,27,0,95,-23,112,29,5588,0,141,97
02-22-21,Robertson,8841,14,7070,4,1771,10,7975,3,40007,21,47982,24,1,115,-19,106,32,8620,1,396,120
02-22-21,Rutherford,37689,71,32968,46,4721,25,38450,48,210793,235,249243,283,2,370,-60,389,129,36930,2,564,381
02-22-21,Scott,2843,3,1632,0,1211,3,1740,1,10622,4,12362,5,0,40,-11,62,14,2741,0,60,43
02-22-21,Sequatchie,1532,1,1237,1,295,0,1344,1,11105,4,12449,5,0,27,-2,50,3,1455,0,35,26
02-22-21,Sevier,11828,23,10475,13,1353,10,11532,13,60253,55,71785,68,0,159,-23,135,46,11534,0,254,164
02-22-21,Shelby,86101,120,80415,95,5686,25,99115,119,848523,781,947638,900,0,1451,-143,544,263,84106,6,3378,1514
02-22-21,Smith,2515,3,1943,2,572,1,2444,3,12446,6,14890,9,0,36,-1,14,4,2465,0,57,36
02-22-21,Stewart,1226,0,935,0,291,0,1057,0,6367,4,7424,4,0,24,-7,-3,7,1205,0,24,24
02-22-21,Sullivan,14089,8,12308,3,1781,5,13313,4,78661,50,91974,54,1,271,-28,182,35,13636,1,705,272
02-22-21,Sumner,21044,24,19025,8,2019,16,21541,9,109174,90,130715,99,0,312,-45,110,69,20622,1,682,316
02-22-21,Tipton,6821,7,4816,4,2005,3,5829,4,43121,51,48950,55,0,99,-3,29,10,6693,0,144,98
02-22-21,Trousdale,2376,0,2250,0,126,0,2412,1,8472,3,10884,4,0,21,-1,6,1,2349,0,39,22
02-22-21,Unicoi,1780,3,1389,2,391,1,1531,2,12128,12,13659,14,0,47,0,47,3,1686,0,63,47
02-22-21,Union,1679,1,1432,1,247,0,1545,1,9758,4,11303,5,0,30,-7,29,8,1620,0,55,31
02-22-21,Van Buren,791,1,664,0,127,1,731,0,4983,44,5714,44,0,20,1,-2,0,773,0,19,20
02-22-21,Warren,5248,7,4512,5,736,2,5114,5,30227,15,35341,20,2,75,-1,35,6,5138,0,79,77
02-22-21,Washington,12583,13,10884,9,1699,4,12013,11,75019,85,87032,96,0,230,-14,170,27,12183,2,324,233
02-22-21,Wayne,2856,2,2326,1,530,1,2556,1,10703,8,13259,9,0,30,-1,25,3,2801,0,59,30
02-22-21,Weakley,3761,2,2829,1,932,1,3234,1,20466,6,23700,7,0,59,-7,-1,9,3703,0,60,60
02-22-21,White,3313,10,2760,2,553,8,3378,3,21338,16,24716,19,0,65,4,57,6,3191,0,104,65
02-22-21,Williamson,24886,60,21369,37,3517,23,23734,38,165555,195,189289,233,0,202,-70,315,130,24369,0,283,202
02-22-21,Wilson,16089,17,14655,13,1434,4,16735,14,91646,98,108381,112,2,208,-26,35,41,15846,0,319,209
02-21-21,Anderson,7828,12,5999,7,1829,5,6719,7,57800,65,64519,72,2,152,-1,193,11,7483,1,190,159
02-21-21,Bedford,5728,2,4627,1,1101,1,5346,1,28981,25,34327,26,0,117,1,43,1,5568,0,125,118
02-21-21,Benton,1496,1,1208,1,288,0,1334,1,8504,3,9838,4,0,39,0,11,1,1446,0,35,39
02-21-21,Bledsoe,1977,1,1819,1,158,0,1929,1,14110,16,16039,17,0,10,0,32,1,1935,0,32,10
02-21-21,Blount,13838,14,12011,11,1827,3,13237,12,66736,76,79973,88,0,175,-8,188,22,13475,0,309,179
02-21-21,Bradley,12612,23,10599,16,2013,7,12015,20,59178,121,71193,141,0,137,-3,324,26,12151,0,512,140
02-21-21,Campbell,3751,2,2150,2,1601,0,2410,2,23744,29,26154,31,1,58,-5,80,6,3613,0,110,60
02-21-21,Cannon,1729,1,1411,0,318,1,1575,0,8511,7,10086,7,0,28,1,15,0,1686,0,34,28
02-21-21,Carroll,3439,0,2274,0,1165,0,2696,0,18649,11,21345,11,0,80,-5,-7,5,3366,0,78,82
02-21-21,Carter,5889,4,5162,3,727,1,5661,3,34167,94,39828,97,0,150,-3,86,7,5653,0,210,150
02-21-21,Cheatham,3836,6,3039,5,797,1,3441,5,24764,14,28205,19,0,43,0,58,6,3735,0,77,43
02-21-21,Chester,1997,1,1448,0,549,1,1727,0,10882,2,12609,2,0,46,0,-3,1,1954,0,39,48
02-21-21,Claiborne,2700,12,1750,6,950,6,1853,7,21872,22,23725,29,0,64,5,178,7,2458,0,87,66
02-21-21,Clay,1055,0,729,0,326,0,833,0,5280,3,6113,3,0,30,0,10,0,1015,0,23,30
02-21-21,Cocke,3939,5,2714,3,1225,2,3000,5,19605,31,22605,36,0,91,0,40,5,3808,0,109,93
02-21-21,Coffee,6215,7,4442,4,1773,3,5448,4,42263,23,47711,27,0,114,-4,52,11,6049,0,112,115
02-21-21,Crockett,1961,2,1179,0,782,2,1375,0,6926,3,8301,3,0,46,-3,7,5,1908,0,30,48
02-21-21,Cumberland,6035,4,5080,0,955,4,5824,1,45591,45,51415,46,1,116,-3,78,6,5841,0,146,122
02-21-21,Davidson,80102,104,75894,78,4208,26,92265,101,840323,791,932588,892,1,830,-6,1012,109,78260,0,1853,844
02-21-21,Decatur,1527,0,1143,0,384,0,1359,0,10614,4,11973,4,0,35,-2,7,2,1485,0,37,37
02-21-21,Dekalb,2609,2,1962,1,647,1,2265,1,15836,14,18101,15,0,47,2,15,0,2547,0,53,48
02-21-21,Dickson,6092,2,4435,0,1657,2,5262,2,32078,25,37340,27,0,102,-3,11,5,5979,0,115,106
02-21-21,Dyer,5209,3,3456,0,1753,3,3892,1,20590,6,24482,7,0,99,0,35,3,5075,0,103,101
02-21-21,Fayette,4604,1,3999,0,605,1,4911,0,34167,21,39078,21,0,71,-4,18,5,4515,0,120,69
02-21-21,Fentress,2279,1,1988,0,291,1,2272,0,11654,6,13926,6,0,43,1,11,0,2225,0,57,44
02-21-21,Franklin,4662,5,3934,4,728,1,4621,6,33408,42,38029,48,0,80,0,94,5,4488,0,103,84
02-21-21,Gibson,6122,0,3719,0,2403,0,4500,1,27572,22,32072,23,1,139,-5,34,4,5949,0,103,140
02-21-21,Giles,3678,0,3090,0,588,0,3548,0,21330,9,24878,9,0,95,-10,72,10,3511,0,110,96
02-21-21,Grainger,2398,2,1812,0,586,2,2030,3,12919,13,14949,16,0,46,-1,63,3,2289,0,64,47
02-21-21,Greene,7216,4,5745,1,1471,3,6414,2,42793,68,49207,70,0,143,-2,106,6,6967,0,171,145
02-21-21,Grundy,1647,3,1400,3,247,0,1608,3,7723,13,9331,16,0,29,1,47,2,1571,0,54,30
02-21-21,Hamblen,7892,5,5694,4,2198,1,6387,4,43106,53,49493,57,1,161,-1,122,5,7609,0,242,161
02-21-21,Hamilton,39710,38,34591,25,5119,13,38642,30,290843,307,329485,337,0,442,-29,734,67,38534,1,1063,457
02-21-21,Hancock,491,0,360,0,131,0,383,0,3620,1,4003,1,0,11,-1,4,1,476,0,19,12
02-21-21,Hardeman,3360,1,2730,0,630,1,3196,0,23601,6,26797,6,0,63,-1,0,2,3297,1,101,63
02-21-21,Hardin,3279,2,2258,1,1021,1,2691,1,21976,20,24667,21,0,62,-2,21,4,3196,0,59,63
02-21-21,Hawkins,5136,10,4234,8,902,2,4554,10,30349,36,34903,46,1,92,2,172,7,4872,0,137,96
02-21-21,Haywood,2629,0,2209,0,420,0,2514,0,12914,2,15428,2,0,59,0,11,0,2559,0,78,60
02-21-21,Henderson,3602,2,2515,1,1087,1,3153,1,15373,6,18526,7,0,71,-2,35,4,3496,0,75,74
02-21-21,Henry,2969,2,2327,2,642,0,2689,3,16887,16,19576,19,0,73,-2,4,4,2892,0,74,75
02-21-21,Hickman,2615,0,2141,0,474,0,2477,0,15093,14,17570,14,0,39,-3,32,3,2544,0,52,41
02-21-21,Houston,1019,1,768,0,251,1,877,0,8893,8,9770,8,0,30,1,-3,0,992,0,38,31
02-21-21,Humphreys,1504,1,1004,0,500,1,1176,1,10803,8,11979,9,0,21,0,-7,1,1490,0,31,21
02-21-21,Jackson,1237,0,972,0,265,0,1133,0,5088,3,6221,3,0,33,-1,8,1,1196,0,38,33
02-21-21,Jefferson,5544,12,3912,8,1632,4,4424,8,35001,67,39425,75,0,115,5,112,7,5317,0,171,115
02-21-21,Johnson,2137,1,1923,1,214,0,2046,1,13580,8,15626,9,0,37,1,10,0,2090,0,57,38
02-21-21,Knox,45573,82,38901,41,6672,41,42471,43,293336,506,335807,549,2,561,-31,981,111,44031,3,1264,571
02-21-21,Lake,1671,1,1486,1,185,0,1748,1,9455,4,11203,5,1,26,0,2,0,1643,0,24,26
02-21-21,Lauderdale,3068,0,2398,0,670,0,2747,0,19596,11,22343,11,0,42,-2,19,2,3007,0,81,41
02-21-21,Lawrence,5521,4,4332,4,1189,0,4768,5,27012,10,31780,15,0,80,2,76,2,5365,1,138,82
02-21-21,Lewis,1445,3,1138,0,307,3,1231,0,9512,2,10743,2,0,24,1,29,2,1392,0,41,24
02-21-21,Lincoln,4073,3,3192,3,881,0,3629,3,16374,16,20003,19,0,61,-4,37,7,3975,0,79,60
02-21-21,Loudon,5609,7,4426,4,1183,3,4832,5,28886,20,33718,25,0,64,-1,177,8,5368,0,123,66
02-21-21,Macon,3321,4,2631,2,690,2,3091,3,14349,11,17440,14,0,73,-1,27,5,3221,0,117,73
02-21-21,Madison,9995,6,5605,3,4390,3,6833,2,51248,22,58081,24,0,225,-5,-636,11,10406,0,328,228
02-21-21,Marion,2878,4,2487,3,391,1,2779,4,17002,23,19781,27,0,44,-1,28,5,2806,0,104,44
02-21-21,Marshall,3861,3,3123,2,738,1,3527,3,21614,12,25141,15,0,54,2,52,1,3755,0,86,54
02-21-21,Maury,12066,6,10798,3,1268,3,11924,4,67724,48,79648,52,1,157,-18,73,23,11836,0,275,159
02-21-21,McMinn,5820,6,5223,5,597,1,5759,8,38721,102,44480,110,0,89,-6,144,12,5587,0,144,92
02-21-21,McNairy,2628,3,1862,3,766,0,2274,3,16980,6,19254,9,0,49,3,-29,0,2608,0,62,53
02-21-21,Meigs,1249,2,1139,2,110,0,1264,1,7350,12,8614,13,0,20,-2,13,4,1216,0,38,21
02-21-21,Monroe,5226,12,4179,6,1047,6,4702,7,24705,43,29407,50,0,88,7,137,5,5001,1,143,91
02-21-21,Montgomery,17122,12,12648,9,4474,3,13909,12,101427,68,115336,80,1,205,-33,66,44,16851,0,294,210
02-21-21,Moore,932,0,729,0,203,0,825,0,4522,1,5347,1,0,15,-1,9,1,908,0,16,16
02-21-21,Morgan,2277,3,1710,2,567,1,1848,3,14143,25,15991,28,0,36,2,25,1,2216,1,34,37
02-21-21,Obion,4347,0,3237,0,1110,0,3666,0,20916,12,24582,12,0,92,-3,19,3,4236,0,97,94
02-21-21,Out of State,15908,17,12769,15,3139,2,14382,15,564529,382,578911,397,0,93,1,156,16,15659,1,192,85
02-21-21,Overton,2827,2,2144,2,683,0,2524,2,13947,13,16471,15,0,57,0,33,2,2737,0,63,57
02-21-21,Pending,14895,7,9737,6,5158,1,10816,9,365410,385,376226,394,1,126,-14,10,20,14759,1,130,125
02-21-21,Perry,1019,0,881,0,138,0,990,0,5820,6,6810,6,0,27,0,-11,0,1003,0,28,28
02-21-21,Pickett,738,1,491,1,247,0,592,1,3452,2,4044,3,0,23,1,7,0,708,0,28,23
02-21-21,Polk,1719,1,1570,1,149,0,1739,2,8480,23,10219,25,0,21,-2,85,3,1613,0,63,21
02-21-21,Putnam,10456,13,8664,12,1792,1,10388,12,65630,51,76018,63,0,167,-1,82,14,10207,1,200,169
02-21-21,Rhea,4080,4,3561,2,519,2,3991,2,24460,13,28451,15,0,72,0,58,4,3950,1,80,72
02-21-21,Roane,5789,19,4557,15,1232,4,5060,15,39456,49,44516,64,0,95,7,135,12,5559,0,141,97
02-21-21,Robertson,8827,9,7066,4,1761,5,7972,6,39986,41,47958,47,1,114,-6,125,14,8588,0,395,120
02-21-21,Rutherford,37618,72,32922,42,4696,30,38402,57,210558,238,248960,295,2,368,-16,449,86,36801,0,562,381
02-21-21,Scott,2840,2,1632,0,1208,2,1739,0,10618,8,12357,8,0,40,0,73,2,2727,0,60,43
02-21-21,Sequatchie,1531,4,1236,3,295,1,1343,3,11101,11,12444,14,0,27,1,52,3,1452,0,35,26
02-21-21,Sevier,11805,11,10462,7,1343,4,11519,8,60198,96,71717,104,0,159,-12,158,23,11488,0,254,164
02-21-21,Shelby,85981,94,80320,68,5661,26,98996,81,847742,838,946738,919,1,1451,-14,687,107,83843,2,3372,1510
02-21-21,Smith,2512,4,1941,4,571,0,2441,4,12440,8,14881,12,0,36,1,15,3,2461,0,57,36
02-21-21,Stewart,1226,1,935,1,291,0,1057,1,6363,5,7420,6,0,24,-4,4,5,1198,0,24,24
02-21-21,Sullivan,14081,31,12305,29,1776,2,13309,33,78611,163,91920,196,-1,270,14,210,18,13601,0,704,272
02-21-21,Sumner,21020,20,19017,11,2003,9,21532,18,109084,156,130616,174,1,312,-17,155,36,20553,0,681,316
02-21-21,Tipton,6814,0,4812,0,2002,0,5825,0,43070,20,48895,20,0,99,-5,32,5,6683,0,144,98
02-21-21,Trousdale,2376,0,2250,0,126,0,2411,0,8469,4,10880,4,0,21,-1,7,1,2348,0,39,22
02-21-21,Unicoi,1777,2,1387,1,390,1,1529,1,12116,8,13645,9,0,47,0,47,2,1683,0,63,47
02-21-21,Union,1678,7,1431,7,247,0,1544,7,9754,12,11298,19,0,30,1,36,6,1612,0,55,31
02-21-21,Van Buren,790,0,664,0,126,0,731,0,4939,1,5670,1,0,20,0,-3,0,773,0,19,20
02-21-21,Warren,5241,3,4507,2,734,1,5109,2,30212,52,35321,54,0,73,1,36,2,5132,0,79,77
02-21-21,Washington,12570,6,10875,6,1695,0,12002,11,74934,111,86936,122,0,230,-10,184,16,12156,0,322,233
02-21-21,Wayne,2854,0,2325,0,529,0,2555,0,10695,2,13250,2,0,30,-1,26,1,2798,0,59,30
02-21-21,Weakley,3759,1,2828,0,931,1,3233,0,20460,11,23693,11,0,59,-2,6,3,3694,0,60,60
02-21-21,White,3303,6,2758,6,545,0,3375,5,21322,32,24697,37,0,65,4,53,2,3185,0,104,65
02-21-21,Williamson,24826,54,21332,34,3494,20,23696,36,165360,196,189056,232,0,202,-5,385,59,24239,0,283,202
02-21-21,Wilson,16072,21,14642,14,1430,7,16721,16,91548,88,108269,104,0,206,-11,61,32,15805,0,319,209
02-20-21,Anderson,7816,19,5992,7,1824,12,6712,9,57735,121,64447,130,1,150,2,194,16,7472,0,189,159
02-20-21,Bedford,5726,7,4626,4,1100,3,5345,3,28956,23,34301,26,0,117,0,42,7,5567,2,125,118
02-20-21,Benton,1495,0,1207,0,288,0,1333,1,8501,3,9834,4,0,39,-1,11,1,1445,0,35,39
02-20-21,Bledsoe,1976,3,1818,2,158,1,1928,2,14094,16,16022,18,0,10,-2,32,5,1934,0,32,10
02-20-21,Blount,13824,21,12000,15,1824,6,13225,18,66660,264,79885,282,1,175,-11,196,31,13453,0,309,177
02-20-21,Bradley,12589,35,10583,23,2006,12,11995,24,59057,294,71052,318,2,137,10,327,23,12125,2,512,140
02-20-21,Campbell,3749,14,2148,4,1601,10,2408,6,23715,33,26123,39,2,57,8,85,4,3607,0,110,60
02-20-21,Cannon,1728,4,1411,0,317,4,1575,0,8504,11,10079,11,0,28,1,14,3,1686,0,34,28
02-20-21,Carroll,3439,3,2274,1,1165,2,2696,1,18638,16,21334,17,0,80,-3,-2,6,3361,1,78,82
02-20-21,Carter,5885,7,5159,7,726,0,5658,10,34073,86,39731,96,0,150,1,89,6,5646,1,210,150
02-20-21,Cheatham,3830,13,3034,1,796,12,3436,3,24750,21,28186,24,0,43,9,58,4,3729,0,77,43
02-20-21,Chester,1996,0,1448,0,548,0,1727,0,10880,2,12607,2,1,46,-3,-3,2,1953,0,39,48
02-20-21,Claiborne,2688,22,1744,12,944,10,1846,1,21850,162,23696,163,0,64,18,173,4,2451,0,87,66
02-20-21,Clay,1055,0,729,0,326,0,833,0,5277,6,6110,6,1,30,-4,10,3,1015,0,23,30
02-20-21,Cocke,3934,3,2711,2,1223,1,2995,3,19574,47,22569,50,0,91,-5,40,8,3803,0,109,93
02-20-21,Coffee,6208,10,4438,2,1770,8,5444,2,42240,48,47684,50,2,114,-4,56,12,6038,0,112,115
02-20-21,Crockett,1959,7,1179,0,780,7,1375,0,6923,7,8298,7,0,46,7,10,0,1903,0,30,48
02-20-21,Cumberland,6031,15,5080,9,951,6,5823,10,45546,97,51369,107,2,115,1,81,12,5835,0,146,121
02-20-21,Davidson,79998,98,75816,63,4182,35,92164,67,839532,846,931696,913,6,829,-41,1018,133,78151,0,1853,842
02-20-21,Decatur,1527,0,1143,0,384,0,1359,0,10610,0,11969,0,0,35,-5,9,5,1483,0,37,37
02-20-21,Dekalb,2607,3,1961,2,646,1,2264,3,15822,20,18086,23,0,47,1,13,2,2547,1,53,48
02-20-21,Dickson,6090,11,4435,8,1655,3,5260,5,32053,31,37313,36,0,102,3,14,8,5974,2,115,106
02-20-21,Dyer,5206,1,3456,0,1750,1,3891,0,20584,26,24475,26,0,99,-3,35,4,5072,0,103,100
02-20-21,Fayette,4603,8,3999,3,604,5,4911,4,34146,35,39057,39,0,71,3,22,5,4510,0,120,69
02-20-21,Fentress,2278,2,1988,2,290,0,2272,2,11648,168,13920,170,0,43,1,10,1,2225,0,57,44
02-20-21,Franklin,4657,15,3930,9,727,6,4615,8,33366,192,37981,200,0,80,8,94,7,4483,0,103,84
02-20-21,Gibson,6122,8,3719,3,2403,5,4499,4,27550,9,32049,13,0,138,2,39,6,5945,0,103,140
02-20-21,Giles,3678,7,3090,2,588,5,3548,3,21321,13,24869,16,0,95,-8,82,15,3501,0,110,96
02-20-21,Grainger,2396,9,1812,8,584,1,2027,7,12906,43,14933,50,0,46,6,64,3,2286,1,64,47
02-20-21,Greene,7212,17,5744,14,1468,3,6412,17,42725,91,49137,108,1,143,-3,108,19,6961,0,171,144
02-20-21,Grundy,1644,5,1397,4,247,1,1605,4,7710,91,9315,95,0,29,3,46,2,1569,0,54,30
02-20-21,Hamblen,7887,13,5690,9,2197,4,6383,17,43053,88,49436,105,-1,160,1,123,13,7604,0,242,161
02-20-21,Hamilton,39672,102,34566,75,5106,27,38612,83,290536,821,329148,904,3,442,13,763,86,38467,1,1062,454
02-20-21,Hancock,491,1,360,1,131,0,383,2,3619,6,4002,8,0,11,1,5,0,475,0,19,12
02-20-21,Hardeman,3359,3,2730,1,629,2,3196,1,23595,4,26791,5,2,63,-2,1,3,3295,0,100,63
02-20-21,Hardin,3277,2,2257,1,1020,1,2690,1,21956,4,24646,5,0,62,1,23,1,3192,0,59,63
02-20-21,Hawkins,5126,25,4226,20,900,5,4544,21,30313,170,34857,191,0,91,11,170,14,4865,2,137,94
02-20-21,Haywood,2629,2,2209,2,420,0,2514,2,12912,3,15426,5,0,59,1,11,1,2559,1,78,60
02-20-21,Henderson,3600,10,2514,2,1086,8,3152,1,15367,5,18519,6,0,71,5,37,5,3492,0,75,73
02-20-21,Henry,2967,0,2325,0,642,0,2686,0,16871,12,19557,12,0,73,-3,6,3,2888,0,74,75
02-20-21,Hickman,2615,4,2141,1,474,3,2477,1,15079,19,17556,20,1,39,-3,35,6,2541,0,52,41
02-20-21,Houston,1018,1,768,1,250,0,877,1,8885,2,9762,3,0,30,1,-4,0,992,0,38,31
02-20-21,Humphreys,1503,1,1004,1,499,0,1175,1,10795,7,11970,8,0,21,1,-7,0,1489,1,31,21
02-20-21,Jackson,1237,0,972,0,265,0,1133,0,5085,8,6218,8,0,33,-1,9,1,1195,0,38,33
02-20-21,Jefferson,5532,13,3904,9,1628,4,4416,11,34934,128,39350,139,0,115,8,107,5,5310,0,171,115
02-20-21,Johnson,2136,1,1922,1,214,0,2045,1,13572,85,15617,86,0,37,0,9,1,2090,0,57,38
02-20-21,Knox,45491,137,38860,99,6631,38,42428,110,292830,1004,335258,1114,1,559,7,1012,129,43920,2,1261,568
02-20-21,Lake,1670,0,1485,0,185,0,1747,0,9451,20,11198,20,0,25,0,2,0,1643,0,24,26
02-20-21,Lauderdale,3068,0,2398,0,670,0,2747,0,19585,3,22332,3,2,42,-7,21,5,3005,0,81,41
02-20-21,Lawrence,5517,1,4328,0,1189,1,4763,0,27002,23,31765,23,1,80,-6,74,6,5363,0,137,82
02-20-21,Lewis,1442,4,1138,2,304,2,1231,2,9510,8,10741,10,0,24,1,28,3,1390,0,41,24
02-20-21,Lincoln,4070,4,3189,2,881,2,3626,2,16358,21,19984,23,0,61,2,41,2,3968,0,79,60
02-20-21,Loudon,5602,21,4422,15,1180,6,4827,17,28866,98,33693,115,0,64,13,178,8,5360,2,123,65
02-20-21,Macon,3317,1,2629,0,688,1,3088,1,14338,2,17426,3,0,73,-4,28,5,3216,0,117,73
02-20-21,Madison,9989,6,5602,1,4387,5,6831,1,51226,32,58057,33,0,225,-7,-631,13,10395,0,328,228
02-20-21,Marion,2874,2,2484,2,390,0,2775,3,16979,50,19754,53,0,44,-3,29,5,2801,0,104,44
02-20-21,Marshall,3858,4,3121,2,737,2,3524,2,21602,18,25126,20,0,54,-3,50,7,3754,0,86,54
02-20-21,Maury,12060,10,10795,7,1265,3,11920,6,67676,69,79596,75,1,156,-10,91,19,11813,1,275,159
02-20-21,McMinn,5814,16,5218,15,596,1,5751,18,38619,198,44370,216,0,89,2,150,14,5575,0,144,92
02-20-21,McNairy,2625,2,1859,0,766,2,2271,0,16974,2,19245,2,0,49,1,-32,1,2608,0,62,53
02-20-21,Meigs,1247,1,1137,1,110,0,1263,3,7338,34,8601,37,0,20,1,15,0,1212,1,38,21
02-20-21,Monroe,5214,16,4173,15,1041,1,4695,17,24662,78,29357,95,0,88,-3,130,19,4996,1,142,90
02-20-21,Montgomery,17110,56,12639,26,4471,30,13897,29,101359,263,115256,292,1,204,4,99,51,16807,2,294,210
02-20-21,Moore,932,5,729,0,203,5,825,0,4521,2,5346,2,0,15,5,10,0,907,0,16,16
02-20-21,Morgan,2274,1,1708,0,566,1,1845,0,14118,37,15963,37,2,36,-3,23,2,2215,0,33,37
02-20-21,Obion,4347,5,3237,4,1110,1,3666,4,20904,27,24570,31,0,92,0,22,5,4233,0,97,94
02-20-21,Out of State,15891,25,12754,16,3137,9,14367,17,564147,1151,578514,1168,0,93,-2,155,27,15643,0,191,85
02-20-21,Overton,2825,5,2142,3,683,2,2522,3,13934,18,16456,21,0,57,3,33,2,2735,0,63,57
02-20-21,Pending,14888,21,9731,10,5157,11,10807,14,365025,610,375832,624,0,125,-13,24,34,14739,0,129,125
02-20-21,Perry,1019,0,881,0,138,0,990,0,5814,7,6804,7,0,27,-3,-11,3,1003,0,28,28
02-20-21,Pickett,737,0,490,0,247,0,591,0,3450,4,4041,4,0,23,-1,6,1,708,0,28,23
02-20-21,Polk,1718,8,1569,8,149,0,1737,9,8457,49,10194,58,0,21,4,87,4,1610,0,63,21
02-20-21,Putnam,10443,4,8652,0,1791,4,10376,1,65579,74,75955,75,1,167,-7,83,10,10193,0,199,169
02-20-21,Rhea,4076,6,3559,4,517,2,3989,4,24447,76,28436,80,2,72,2,58,2,3946,0,79,72
02-20-21,Roane,5770,15,4542,7,1228,8,5045,7,39407,117,44452,124,0,95,2,128,13,5547,1,141,96
02-20-21,Robertson,8818,17,7062,5,1756,12,7966,2,39945,28,47911,30,1,113,1,131,15,8574,1,395,118
02-20-21,Rutherford,37546,97,32880,55,4666,42,38345,51,210320,260,248665,311,0,366,11,465,86,36715,0,562,380
02-20-21,Scott,2838,4,1632,2,1206,2,1739,2,10610,17,12349,19,-2,40,-5,73,11,2725,0,60,43
02-20-21,Sequatchie,1527,6,1233,2,294,4,1340,2,11090,17,12430,19,0,27,4,51,2,1449,0,35,26
02-20-21,Sevier,11794,24,10455,23,1339,1,11511,24,60102,201,71613,225,1,159,-5,170,28,11465,0,254,164
02-20-21,Shelby,85887,99,80252,54,5635,45,98915,66,846904,1436,945819,1502,5,1450,-34,701,128,83736,3,3370,1508
02-20-21,Smith,2508,0,1937,0,571,0,2437,0,12432,6,14869,6,0,36,-2,14,2,2458,0,57,36
02-20-21,Stewart,1225,0,934,0,291,0,1056,0,6358,3,7414,3,0,24,-2,8,2,1193,0,24,24
02-20-21,Sullivan,14050,15,12276,13,1774,2,13276,14,78448,156,91724,170,0,271,-5,196,20,13583,0,704,272
02-20-21,Sumner,21000,39,19006,20,1994,19,21514,20,108928,102,130442,122,3,311,-14,172,50,20517,0,681,314
02-20-21,Tipton,6814,6,4812,0,2002,6,5825,2,43050,38,48875,40,2,99,-5,37,9,6678,0,144,98
02-20-21,Trousdale,2376,0,2250,0,126,0,2411,0,8465,6,10876,6,0,21,0,8,0,2347,0,39,22
02-20-21,Unicoi,1775,5,1386,2,389,3,1528,2,12108,44,13636,46,0,47,1,47,4,1681,0,63,47
02-20-21,Union,1671,4,1424,4,247,0,1537,4,9742,25,11279,29,0,30,1,35,3,1606,0,55,30
02-20-21,Van Buren,790,1,664,1,126,0,731,0,4938,10,5669,10,0,20,1,-3,0,773,0,19,20
02-20-21,Warren,5238,2,4505,2,733,0,5107,3,30160,104,35267,107,0,73,-1,35,3,5130,0,79,76
02-20-21,Washington,12564,21,10869,16,1695,5,11991,20,74823,359,86814,379,3,230,0,194,18,12140,1,322,233
02-20-21,Wayne,2854,5,2325,0,529,5,2555,0,10693,6,13248,6,0,30,4,27,1,2797,0,59,30
02-20-21,Weakley,3758,2,2828,0,930,2,3233,0,20449,7,23682,7,0,59,-3,8,5,3691,0,60,60
02-20-21,White,3297,8,2752,5,545,3,3370,5,21290,32,24660,37,1,65,4,49,3,3183,0,104,65
02-20-21,Williamson,24772,50,21298,33,3474,17,23660,34,165164,193,188824,227,2,202,-16,390,64,24180,1,283,202
02-20-21,Wilson,16051,40,14628,29,1423,11,16705,33,91460,221,108165,254,0,206,8,72,32,15773,0,319,207
02-19-21,Anderson,7797,13,5985,10,1812,3,6703,14,57614,46,64317,60,0,149,0,192,13,7456,0,189,158
02-19-21,Bedford,5719,4,4622,2,1097,2,5342,2,28933,21,34275,23,0,117,-1,42,5,5560,0,123,118
02-19-21,Benton,1495,1,1207,1,288,0,1332,1,8498,3,9830,4,0,39,1,12,0,1444,0,35,39
02-19-21,Bledsoe,1973,1,1816,0,157,1,1926,0,14078,13,16004,13,0,10,-5,34,6,1929,0,32,10
02-19-21,Blount,13803,15,11985,9,1818,6,13207,10,66396,69,79603,79,0,174,-29,207,44,13422,0,309,177
02-19-21,Bradley,12554,29,10560,17,1994,12,11971,24,58763,121,70734,145,0,135,-2,317,31,12102,1,510,140
02-19-21,Campbell,3735,5,2144,3,1591,2,2402,3,23682,4,26084,7,0,55,-3,77,8,3603,0,110,60
02-19-21,Cannon,1724,2,1411,0,313,2,1575,0,8493,4,10068,4,0,28,-1,13,3,1683,0,34,28
02-19-21,Carroll,3436,2,2273,1,1163,1,2695,1,18622,9,21317,10,0,80,-2,1,4,3355,0,77,82
02-19-21,Carter,5878,7,5152,6,726,1,5648,7,33987,36,39635,43,0,150,-11,88,18,5640,0,209,150
02-19-21,Cheatham,3817,6,3033,5,784,1,3433,6,24729,25,28162,31,0,43,-4,49,10,3725,0,77,43
02-19-21,Chester,1996,3,1448,3,548,0,1727,3,10878,8,12605,11,0,45,2,0,1,1951,0,39,48
02-19-21,Claiborne,2666,9,1732,2,934,7,1845,2,21688,37,23533,39,0,64,-2,155,11,2447,0,87,66
02-19-21,Clay,1055,1,729,0,326,1,833,0,5271,3,6104,3,0,29,1,14,0,1012,0,23,30
02-19-21,Cocke,3931,6,2709,1,1222,5,2992,1,19527,33,22519,34,0,91,-5,45,11,3795,0,109,92
02-19-21,Coffee,6198,8,4436,6,1762,2,5442,7,42192,38,47634,45,0,112,-17,60,25,6026,2,112,115
02-19-21,Crockett,1952,0,1179,0,773,0,1375,0,6916,0,8291,0,0,46,-4,3,4,1903,0,30,48
02-19-21,Cumberland,6016,3,5071,2,945,1,5813,2,45449,19,51262,21,0,113,-5,80,8,5823,0,146,120
02-19-21,Davidson,79900,96,75753,77,4147,19,92097,91,838686,494,930783,585,0,823,-112,1059,208,78018,4,1853,841
02-19-21,Decatur,1527,0,1143,0,384,0,1359,1,10610,1,11969,2,0,35,-2,14,2,1478,0,37,37
02-19-21,Dekalb,2604,2,1959,2,645,0,2261,2,15802,5,18063,7,0,47,0,12,2,2545,0,52,48
02-19-21,Dickson,6079,24,4427,6,1652,18,5255,7,32022,35,37277,42,0,102,1,11,23,5966,0,113,106
02-19-21,Dyer,5205,2,3456,0,1749,2,3891,0,20558,10,24449,10,0,99,-11,38,13,5068,0,103,100
02-19-21,Fayette,4595,6,3996,3,599,3,4907,4,34111,11,39018,15,0,71,-1,19,7,4505,2,120,69
02-19-21,Fentress,2276,1,1986,1,290,0,2270,2,11480,7,13750,9,0,43,-5,9,6,2224,0,57,44
02-19-21,Franklin,4642,14,3921,10,721,4,4607,12,33174,37,37781,49,0,80,1,86,13,4476,0,103,84
02-19-21,Gibson,6114,2,3716,1,2398,1,4495,1,27541,13,32036,14,0,138,-11,37,13,5939,0,103,140
02-19-21,Giles,3671,4,3088,3,583,1,3545,3,21308,8,24853,11,0,95,-5,90,9,3486,0,110,96
02-19-21,Grainger,2387,2,1804,0,583,2,2020,0,12863,11,14883,11,0,46,-5,58,7,2283,1,63,47
02-19-21,Greene,7195,12,5730,9,1465,3,6395,12,42634,163,49029,175,0,142,-4,111,16,6942,0,171,144
02-19-21,Grundy,1639,2,1393,2,246,0,1601,2,7619,29,9220,31,0,29,-12,43,14,1567,0,54,30
02-19-21,Hamblen,7874,21,5681,12,2193,9,6366,12,42965,60,49331,72,0,161,1,122,20,7591,1,242,161
02-19-21,Hamilton,39570,106,34491,68,5079,38,38529,69,289715,703,328244,772,0,439,3,750,103,38381,2,1061,453
02-19-21,Hancock,490,0,359,0,131,0,381,0,3613,2,3994,2,0,11,-1,4,1,475,0,19,12
02-19-21,Hardeman,3356,0,2729,0,627,0,3195,0,23591,3,26786,3,0,61,-1,3,1,3292,0,100,63
02-19-21,Hardin,3275,0,2256,0,1019,0,2689,0,21952,18,24641,18,0,62,-2,22,2,3191,0,59,63
02-19-21,Hawkins,5101,12,4206,9,895,3,4523,11,30143,126,34666,137,0,91,0,159,12,4851,0,135,94
02-19-21,Haywood,2627,1,2207,0,420,1,2512,1,12909,1,15421,2,0,59,0,10,1,2558,0,77,60
02-19-21,Henderson,3590,0,2512,0,1078,0,3151,0,15362,3,18513,3,0,71,-8,32,8,3487,0,75,73
02-19-21,Henry,2967,1,2325,0,642,1,2686,1,16859,2,19545,3,0,73,-3,9,4,2885,0,74,75
02-19-21,Hickman,2611,3,2140,2,471,1,2476,5,15060,13,17536,18,0,38,-2,38,5,2535,1,52,40
02-19-21,Houston,1017,2,767,2,250,0,876,2,8883,2,9759,4,0,30,0,-5,2,992,0,38,31
02-19-21,Humphreys,1502,7,1003,1,499,6,1174,1,10788,8,11962,9,0,21,7,-8,0,1489,1,30,21
02-19-21,Jackson,1237,0,972,0,265,0,1133,0,5077,2,6210,2,0,33,-3,10,3,1194,0,38,33
02-19-21,Jefferson,5519,10,3895,5,1624,5,4405,7,34806,212,39211,219,0,115,-5,99,15,5305,0,171,115
02-19-21,Johnson,2135,1,1921,0,214,1,2044,0,13487,8,15531,8,0,37,-3,9,4,2089,0,57,38
02-19-21,Knox,45354,94,38761,42,6593,52,42318,48,291826,274,334144,322,1,558,-84,1005,177,43791,2,1259,567
02-19-21,Lake,1670,1,1485,1,185,0,1747,1,9431,6,11178,7,0,25,1,2,0,1643,0,24,26
02-19-21,Lauderdale,3068,1,2398,0,670,1,2747,0,19582,5,22329,5,0,40,-1,28,2,3000,0,81,41
02-19-21,Lawrence,5516,3,4328,2,1188,1,4763,1,26979,6,31742,7,0,79,-3,80,6,5357,1,137,82
02-19-21,Lewis,1438,1,1136,0,302,1,1229,0,9502,4,10731,4,0,24,-2,27,3,1387,0,41,24
02-19-21,Lincoln,4066,3,3187,1,879,2,3624,1,16337,14,19961,15,0,61,0,39,3,3966,1,79,60
02-19-21,Loudon,5581,6,4407,2,1174,4,4810,2,28768,25,33578,27,0,64,-10,165,16,5352,0,121,65
02-19-21,Macon,3316,0,2629,0,687,0,3087,0,14336,12,17423,12,0,73,-9,32,9,3211,0,117,73
02-19-21,Madison,9983,9,5601,7,4382,2,6830,7,51194,26,58024,33,0,225,-12,-624,21,10382,0,328,228
02-19-21,Marion,2872,7,2482,7,390,0,2772,7,16929,42,19701,49,0,44,0,32,7,2796,1,104,44
02-19-21,Marshall,3854,1,3119,1,735,0,3522,1,21584,11,25106,12,0,54,-9,53,10,3747,0,86,54
02-19-21,Maury,12050,4,10788,3,1262,1,11914,5,67607,33,79521,38,0,155,-26,101,30,11794,0,274,158
02-19-21,McMinn,5798,7,5203,6,595,1,5733,4,38421,41,44154,45,1,89,-19,148,25,5561,1,144,91
02-19-21,McNairy,2623,2,1859,2,764,0,2271,2,16972,11,19243,13,0,49,0,-33,2,2607,0,62,53
02-19-21,Meigs,1246,1,1136,1,110,0,1260,1,7304,9,8564,10,0,20,-2,14,3,1212,0,37,21
02-19-21,Monroe,5198,5,4158,4,1040,1,4678,4,24584,16,29262,20,0,88,-9,133,14,4977,1,141,90
02-19-21,Montgomery,17054,13,12613,13,4441,0,13868,14,101096,93,114964,107,0,203,-63,95,76,16756,0,292,209
02-19-21,Moore,927,0,729,0,198,0,825,0,4519,3,5344,3,0,15,0,5,0,907,0,16,16
02-19-21,Morgan,2273,2,1708,2,565,0,1845,5,14081,8,15926,13,0,34,1,26,1,2213,0,33,37
02-19-21,Obion,4342,5,3233,2,1109,3,3662,2,20877,9,24539,11,0,92,2,22,3,4228,0,97,94
02-19-21,Out of State,15866,14,12738,11,3128,3,14350,12,562996,650,577346,662,0,93,-25,157,39,15616,0,191,84
02-19-21,Overton,2820,4,2139,2,681,2,2519,2,13916,8,16435,10,0,57,4,30,0,2733,1,63,57
02-19-21,Pending,14867,17,9721,9,5146,8,10793,9,364415,326,375208,335,0,125,-45,37,62,14705,0,129,125
02-19-21,Perry,1019,0,881,0,138,0,990,0,5807,1,6797,1,0,27,0,-8,0,1000,0,28,28
02-19-21,Pickett,737,0,490,0,247,0,591,0,3446,4,4037,4,0,23,0,7,0,707,0,28,23
02-19-21,Polk,1710,5,1561,3,149,2,1728,5,8408,16,10136,21,0,21,0,83,5,1606,0,63,21
02-19-21,Putnam,10439,4,8652,1,1787,3,10375,1,65505,13,75880,14,0,166,-17,90,21,10183,0,199,169
02-19-21,Rhea,4070,3,3555,3,515,0,3985,3,24371,37,28356,40,0,70,-3,56,6,3944,0,79,72
02-19-21,Roane,5755,15,4535,11,1220,4,5038,10,39290,75,44328,85,0,95,2,126,13,5534,0,140,96
02-19-21,Robertson,8801,16,7057,8,1744,8,7964,9,39917,37,47881,46,0,112,-4,130,20,8559,1,394,117
02-19-21,Rutherford,37449,42,32825,29,4624,13,38294,34,210060,98,248354,132,0,366,-54,454,96,36629,2,562,378
02-19-21,Scott,2834,1,1630,0,1204,1,1737,1,10593,6,12330,7,0,42,-19,78,20,2714,0,60,43
02-19-21,Sequatchie,1521,6,1231,2,290,4,1338,4,11073,22,12411,26,0,27,-1,47,7,1447,0,35,26
02-19-21,Sevier,11770,22,10432,15,1338,7,11487,15,59901,64,71388,79,0,158,0,175,22,11437,0,254,163
02-19-21,Shelby,85788,68,80198,54,5590,14,98849,63,845468,572,944317,635,2,1445,-129,735,195,83608,6,3367,1507
02-19-21,Smith,2508,0,1937,0,571,0,2437,0,12426,3,14863,3,0,36,-3,16,3,2456,0,57,36
02-19-21,Stewart,1225,1,934,1,291,0,1056,2,6355,4,7411,6,0,24,-3,10,4,1191,0,24,24
02-19-21,Sullivan,14035,37,12263,34,1772,3,13262,38,78292,279,91554,317,3,271,6,201,28,13563,0,704,269
02-19-21,Sumner,20961,25,18986,15,1975,10,21494,16,108826,90,130320,106,0,308,-27,186,52,20467,3,681,314
02-19-21,Tipton,6808,14,4812,5,1996,9,5823,5,43012,27,48835,32,0,97,1,42,13,6669,0,144,98
02-19-21,Trousdale,2376,1,2250,0,126,1,2411,0,8459,6,10870,6,0,21,1,8,0,2347,0,39,22
02-19-21,Unicoi,1770,0,1384,0,386,0,1526,1,12064,7,13590,8,0,47,-4,46,4,1677,0,63,47
02-19-21,Union,1667,4,1420,3,247,1,1533,3,9717,11,11250,14,0,30,4,34,0,1603,0,55,30
02-19-21,Van Buren,789,0,663,0,126,0,731,0,4928,24,5659,24,0,20,-1,-4,1,773,0,19,20
02-19-21,Warren,5236,1,4503,1,733,0,5104,1,30056,17,35160,18,0,73,-3,36,4,5127,0,79,75
02-19-21,Washington,12543,17,10853,15,1690,2,11971,17,74464,183,86435,200,0,227,-4,194,21,12122,0,321,233
02-19-21,Wayne,2849,3,2325,0,524,3,2555,0,10687,2,13242,2,0,30,-2,23,5,2796,1,59,30
02-19-21,Weakley,3756,0,2828,0,928,0,3233,0,20442,7,23675,7,0,59,-4,11,4,3686,0,60,60
02-19-21,White,3289,1,2747,1,542,0,3365,1,21258,11,24623,12,0,64,-3,45,4,3180,0,104,65
02-19-21,Williamson,24722,48,21265,31,3457,17,23626,34,164971,124,188597,158,0,200,-46,406,94,24116,0,282,202
02-19-21,Wilson,16011,18,14599,12,1412,6,16672,13,91239,84,107911,97,0,206,-31,64,49,15741,1,319,207
02-18-21,Anderson,7784,24,5975,21,1809,3,6689,26,57568,156,64257,182,0,149,9,192,15,7443,0,189,157
02-18-21,Bedford,5715,9,4620,3,1095,6,5340,3,28912,23,34252,26,0,117,1,43,8,5555,0,123,117
02-18-21,Benton,1494,1,1206,1,288,0,1331,1,8495,3,9826,4,0,39,0,11,1,1444,0,35,39
02-18-21,Bledsoe,1972,3,1816,0,156,3,1926,0,14065,11,15991,11,0,10,0,39,3,1923,0,32,10
02-18-21,Blount,13788,24,11976,17,1812,7,13197,24,66327,215,79524,239,3,174,-22,236,43,13378,1,309,177
02-18-21,Bradley,12525,41,10543,31,1982,10,11947,33,58642,243,70589,276,3,135,-17,319,55,12071,2,509,140
02-18-21,Campbell,3730,15,2141,2,1589,13,2399,3,23678,21,26077,24,1,55,-3,80,17,3595,0,110,60
02-18-21,Cannon,1722,3,1411,0,311,3,1575,0,8489,5,10064,5,0,28,1,14,2,1680,0,34,28
02-18-21,Carroll,3434,0,2272,0,1162,0,2694,0,18613,16,21307,16,0,80,-5,3,5,3351,0,77,82
02-18-21,Carter,5871,12,5146,10,725,2,5641,13,33951,85,39592,98,3,150,-6,99,15,5622,1,209,149
02-18-21,Cheatham,3811,3,3028,3,783,0,3427,3,24704,21,28131,24,0,43,-9,53,12,3715,0,77,43
02-18-21,Chester,1993,2,1445,1,548,1,1724,1,10870,5,12594,6,0,45,-3,-2,5,1950,0,39,48
02-18-21,Claiborne,2657,28,1730,18,927,10,1843,18,21651,54,23494,72,0,64,17,157,11,2436,0,87,66
02-18-21,Clay,1054,0,729,0,325,0,833,1,5268,4,6101,5,0,29,-2,13,2,1012,0,23,30
02-18-21,Cocke,3925,6,2708,3,1217,3,2991,3,19494,42,22485,45,0,91,-2,50,8,3784,0,109,92
02-18-21,Coffee,6190,10,4430,1,1760,9,5435,1,42154,38,47589,39,0,112,-6,77,16,6001,0,110,115
02-18-21,Crockett,1952,1,1179,0,773,1,1375,0,6916,9,8291,9,0,46,0,7,1,1899,0,30,48
02-18-21,Cumberland,6013,13,5069,9,944,4,5811,9,45430,76,51241,85,1,113,1,85,11,5815,0,146,120
02-18-21,Davidson,79804,151,75676,118,4128,33,92006,135,838192,1037,930198,1172,7,823,-84,1171,228,77810,2,1849,838
02-18-21,Decatur,1527,1,1143,0,384,1,1358,0,10609,4,11967,4,0,35,0,16,1,1476,0,37,37
02-18-21,Dekalb,2602,1,1957,0,645,1,2259,0,15797,10,18056,10,0,47,-6,12,7,2543,0,52,48
02-18-21,Dickson,6055,11,4421,5,1634,6,5248,6,31987,32,37235,38,0,102,-7,10,18,5943,0,113,106
02-18-21,Dyer,5203,2,3456,0,1747,2,3891,0,20548,10,24439,10,1,99,-14,49,15,5055,0,103,100
02-18-21,Fayette,4589,3,3993,0,596,3,4903,1,34100,21,39003,22,0,71,-7,20,10,4498,0,118,69
02-18-21,Fentress,2275,3,1985,2,290,1,2268,2,11473,16,13741,18,0,43,0,14,3,2218,1,57,44
02-18-21,Franklin,4628,12,3911,11,717,1,4595,13,33137,160,37732,173,0,80,5,85,7,4463,0,103,84
02-18-21,Gibson,6112,2,3715,0,2397,2,4494,1,27528,14,32022,15,0,138,-8,48,10,5926,0,103,139
02-18-21,Giles,3667,3,3085,1,582,2,3542,1,21300,46,24842,47,0,95,-5,95,8,3477,0,110,96
02-18-21,Grainger,2385,11,1804,8,581,3,2020,6,12852,41,14872,47,1,46,-1,63,11,2276,0,62,47
02-18-21,Greene,7183,10,5721,8,1462,2,6383,9,42471,401,48854,410,0,142,-2,115,12,6926,0,171,144
02-18-21,Grundy,1637,2,1391,1,246,1,1599,1,7590,49,9189,50,1,29,-2,55,3,1553,0,54,30
02-18-21,Hamblen,7853,24,5669,14,2184,10,6354,15,42905,137,49259,152,4,161,3,121,17,7571,0,241,161
02-18-21,Hamilton,39464,136,34423,100,5041,36,38460,101,289012,947,327472,1048,4,439,43,747,89,38278,1,1059,452
02-18-21,Hancock,490,1,359,0,131,1,381,0,3611,5,3992,5,0,11,0,5,1,474,0,19,12
02-18-21,Hardeman,3356,0,2729,0,627,0,3195,0,23588,13,26783,13,0,61,-5,4,5,3291,0,100,62
02-18-21,Hardin,3275,1,2256,1,1019,0,2689,1,21934,4,24623,5,0,62,-4,24,5,3189,0,59,63
02-18-21,Hawkins,5089,29,4197,20,892,9,4512,23,30017,232,34529,255,0,91,13,159,16,4839,0,135,94
02-18-21,Haywood,2626,0,2207,0,419,0,2511,0,12908,4,15419,4,0,59,-2,10,2,2557,0,77,60
02-18-21,Henderson,3590,3,2512,1,1078,2,3151,1,15359,5,18510,6,0,71,-3,40,6,3479,0,75,73
02-18-21,Henry,2966,4,2325,3,641,1,2685,4,16857,8,19542,12,0,73,0,12,4,2881,0,74,74
02-18-21,Hickman,2608,3,2138,1,470,2,2471,1,15047,19,17518,20,0,38,-1,40,4,2530,0,51,39
02-18-21,Houston,1015,2,765,1,250,1,874,1,8881,3,9755,4,0,30,2,-5,0,990,0,38,30
02-18-21,Humphreys,1495,2,1002,0,493,2,1173,0,10780,14,11953,14,0,21,-3,-15,5,1489,0,29,21
02-18-21,Jackson,1237,0,972,0,265,0,1133,0,5075,5,6208,5,0,33,-7,13,7,1191,0,38,33
02-18-21,Jefferson,5509,10,3890,4,1619,6,4398,5,34594,151,38992,156,3,115,-10,104,17,5290,0,171,115
02-18-21,Johnson,2134,1,1921,1,213,0,2044,3,13479,94,15523,97,0,37,-5,12,6,2085,0,57,38
02-18-21,Knox,45260,156,38719,111,6541,45,42270,124,291552,987,333822,1111,4,557,-36,1089,188,43614,6,1257,565
02-18-21,Lake,1669,1,1484,1,185,0,1746,1,9425,4,11171,5,0,25,1,1,0,1643,0,24,26
02-18-21,Lauderdale,3067,2,2398,1,669,1,2747,1,19577,10,22324,11,0,40,-6,29,8,2998,1,81,41
02-18-21,Lawrence,5513,2,4326,1,1187,1,4762,2,26973,32,31735,34,0,79,-18,83,20,5351,0,136,81
02-18-21,Lewis,1437,1,1136,1,301,0,1229,1,9498,6,10727,7,0,24,-2,29,3,1384,0,41,24
02-18-21,Lincoln,4063,4,3186,3,877,1,3623,3,16323,15,19946,18,1,61,-9,39,12,3963,0,78,60
02-18-21,Loudon,5575,22,4405,9,1170,13,4808,8,28743,52,33551,60,2,64,4,175,16,5336,0,121,65
02-18-21,Macon,3316,1,2629,1,687,0,3087,1,14324,10,17411,11,0,73,-6,41,7,3202,0,117,73
02-18-21,Madison,9974,8,5594,6,4380,2,6823,6,51168,57,57991,63,2,225,-20,-612,26,10361,0,328,228
02-18-21,Marion,2865,5,2475,5,390,0,2765,5,16887,91,19652,96,1,44,0,32,4,2789,0,103,44
02-18-21,Marshall,3853,4,3118,1,735,3,3521,0,21573,20,25094,20,1,54,-28,62,31,3737,0,86,54
02-18-21,Maury,12046,10,10785,6,1261,4,11909,9,67574,57,79483,66,1,155,-28,127,37,11764,0,274,158
02-18-21,McMinn,5791,15,5197,13,594,2,5729,17,38380,165,44109,182,0,88,0,167,15,5536,0,143,90
02-18-21,McNairy,2621,4,1857,2,764,2,2269,2,16961,7,19230,9,0,49,0,-33,4,2605,0,62,53
02-18-21,Meigs,1245,3,1135,3,110,0,1259,3,7295,24,8554,27,0,20,3,16,0,1209,0,37,21
02-18-21,Monroe,5193,10,4154,5,1039,5,4674,5,24568,79,29242,84,1,88,-5,142,14,4963,0,140,90
02-18-21,Montgomery,17041,39,12600,22,4441,17,13854,24,101003,232,114857,256,0,203,-41,158,80,16680,1,292,209
02-18-21,Moore,927,0,729,0,198,0,825,0,4516,7,5341,7,0,15,0,5,0,907,0,16,15
02-18-21,Morgan,2271,4,1706,3,565,1,1840,4,14073,24,15913,28,0,34,1,25,3,2212,0,33,37
02-18-21,Obion,4337,1,3231,0,1106,1,3660,1,20868,24,24528,25,1,92,-4,20,4,4225,0,97,94
02-18-21,Out of State,15852,54,12727,40,3125,14,14338,42,562346,1443,576684,1485,0,93,-4,182,58,15577,2,191,84
02-18-21,Overton,2816,6,2137,1,679,5,2517,1,13908,9,16425,10,0,57,-1,26,7,2733,0,62,57
02-18-21,Pending,14850,31,9712,15,5138,16,10784,17,364089,733,374873,750,0,125,-17,82,48,14643,0,129,125
02-18-21,Perry,1019,0,881,0,138,0,990,0,5806,3,6796,3,0,27,-3,-8,3,1000,0,28,28
02-18-21,Pickett,737,0,490,0,247,0,591,1,3442,34,4033,35,0,23,-3,7,3,707,0,28,23
02-18-21,Polk,1705,12,1558,10,147,2,1723,10,8392,36,10115,46,0,21,0,83,12,1601,1,63,21
02-18-21,Putnam,10435,3,8651,1,1784,2,10374,2,65492,28,75866,30,0,166,-21,107,24,10162,0,199,168
02-18-21,Rhea,4067,16,3552,14,515,2,3982,15,24334,128,28316,143,2,70,8,59,6,3938,0,79,72
02-18-21,Roane,5740,28,4524,14,1216,14,5028,17,39215,247,44243,264,0,95,14,124,14,5521,0,140,96
02-18-21,Robertson,8785,12,7049,5,1736,7,7955,5,39880,48,47835,53,0,112,-9,134,21,8539,0,393,117
02-18-21,Rutherford,37407,61,32796,26,4611,35,38260,27,209962,222,248222,249,1,366,-45,508,105,36533,0,560,375
02-18-21,Scott,2833,4,1630,0,1203,4,1736,0,10587,20,12323,20,1,42,-2,97,5,2694,0,60,43
02-18-21,Sequatchie,1515,1,1229,1,286,0,1334,0,11051,13,12385,13,1,27,-4,48,4,1440,1,35,26
02-18-21,Sevier,11748,31,10417,20,1331,11,11472,19,59837,203,71309,222,1,158,1,175,29,11415,0,254,161
02-18-21,Shelby,85720,92,80144,56,5576,36,98786,82,844896,1013,943682,1095,8,1443,-96,864,180,83413,16,3361,1504
02-18-21,Smith,2508,3,1937,0,571,3,2437,0,12423,8,14860,8,0,36,-3,19,6,2453,0,57,36
02-18-21,Stewart,1224,0,933,0,291,0,1054,0,6351,10,7405,10,0,24,-1,13,1,1187,0,24,24
02-18-21,Sullivan,13998,65,12229,49,1769,16,13224,54,78013,351,91237,405,4,268,27,195,34,13535,4,704,269
02-18-21,Sumner,20936,31,18971,12,1965,19,21478,12,108736,111,130214,123,3,308,-44,213,72,20415,0,678,312
02-18-21,Tipton,6794,7,4807,2,1987,5,5818,2,42985,26,48803,28,1,97,-7,41,13,6656,0,144,98
02-18-21,Trousdale,2375,0,2250,0,125,0,2411,0,8453,4,10864,4,0,21,-2,7,2,2347,0,39,22
02-18-21,Unicoi,1770,14,1384,10,386,4,1525,12,12057,49,13582,61,0,47,11,50,3,1673,0,63,47
02-18-21,Union,1663,8,1417,7,246,1,1530,8,9706,24,11236,32,1,30,6,30,1,1603,1,55,30
02-18-21,Van Buren,789,1,663,1,126,0,731,1,4904,4,5635,5,0,20,-4,-3,5,772,0,19,20
02-18-21,Warren,5235,2,4502,2,733,0,5103,2,30039,24,35142,26,0,73,-4,39,6,5123,0,79,75
02-18-21,Washington,12526,14,10838,12,1688,2,11954,17,74281,354,86235,371,2,227,-13,198,25,12101,1,321,232
02-18-21,Wayne,2846,2,2325,1,521,1,2555,1,10685,4,13240,5,0,30,-1,25,3,2791,0,58,30
02-18-21,Weakley,3756,2,2828,2,928,0,3233,2,20435,5,23668,7,-1,59,-5,15,8,3682,0,60,60
02-18-21,White,3288,2,2746,0,542,2,3364,0,21247,16,24611,16,0,64,-6,48,8,3176,0,104,65
02-18-21,Williamson,24674,44,21234,24,3440,20,23592,27,164847,226,188439,253,1,200,-49,452,92,24022,0,282,202
02-18-21,Wilson,15993,25,14587,13,1406,12,16659,15,91155,93,107814,108,1,206,-18,95,42,15692,0,318,207
02-17-21,Anderson,7760,20,5954,13,1806,7,6663,14,57412,108,64075,122,0,149,-7,183,27,7428,0,189,157
02-17-21,Bedford,5706,1,4617,0,1089,1,5337,0,28889,5,34226,5,0,117,-5,42,6,5547,0,123,117
02-17-21,Benton,1493,0,1205,0,288,0,1330,1,8492,3,9822,4,0,39,-1,11,1,1443,0,35,39
02-17-21,Bledsoe,1969,3,1816,3,153,0,1926,3,14054,13,15980,16,0,10,-3,39,6,1920,0,32,10
02-17-21,Blount,13764,28,11959,18,1805,10,13173,17,66112,143,79285,160,2,171,2,258,24,13335,0,308,177
02-17-21,Bradley,12484,34,10512,16,1972,18,11914,18,58399,106,70313,124,0,132,-15,336,49,12016,0,507,139
02-17-21,Campbell,3715,10,2139,4,1576,6,2396,4,23657,19,26053,23,0,54,-2,83,12,3578,0,110,59
02-17-21,Cannon,1719,1,1411,0,308,1,1575,0,8484,7,10059,7,0,28,-1,13,2,1678,0,34,28
02-17-21,Carroll,3434,3,2272,2,1162,1,2694,2,18597,6,21291,8,0,80,-5,8,8,3346,0,77,82
02-17-21,Carter,5859,17,5136,16,723,1,5628,16,33866,108,39494,124,0,147,-2,105,19,5607,0,208,149
02-17-21,Cheatham,3808,3,3025,2,783,1,3424,2,24683,8,28107,10,0,43,-12,62,15,3703,0,77,43
02-17-21,Chester,1991,3,1444,3,547,0,1723,3,10865,1,12588,4,0,45,-2,1,5,1945,0,39,48
02-17-21,Claiborne,2629,22,1712,13,917,9,1825,13,21597,71,23422,84,0,64,12,140,10,2425,0,87,65
02-17-21,Clay,1054,1,729,1,325,0,832,0,5264,3,6096,3,0,29,-1,15,2,1010,0,23,30
02-17-21,Cocke,3919,6,2705,2,1214,4,2988,3,19452,29,22440,32,0,91,-6,52,12,3776,0,109,92
02-17-21,Coffee,6180,4,4429,0,1751,4,5434,0,42116,41,47550,41,0,112,-34,83,38,5985,0,110,113
02-17-21,Crockett,1951,0,1179,0,772,0,1375,0,6907,1,8282,1,0,46,-2,7,2,1898,0,30,48
02-17-21,Cumberland,6000,3,5060,2,940,1,5802,2,45354,16,51156,18,0,112,-4,84,7,5804,0,146,120
02-17-21,Davidson,79653,36,75558,24,4095,12,91871,26,837155,383,929026,409,2,816,-242,1255,276,77582,0,1847,833
02-17-21,Decatur,1526,2,1143,2,383,0,1358,2,10605,1,11963,3,0,35,0,16,2,1475,0,37,36
02-17-21,Dekalb,2601,0,1957,0,644,0,2259,0,15787,9,18046,9,0,47,-10,18,10,2536,0,52,48
02-17-21,Dickson,6044,5,4416,1,1628,4,5242,1,31955,12,37197,13,0,102,-9,17,14,5925,0,113,106
02-17-21,Dyer,5201,2,3456,2,1745,0,3891,2,20538,5,24429,7,0,98,-9,63,11,5040,0,103,100
02-17-21,Fayette,4586,2,3993,2,593,0,4902,2,34079,5,38981,7,0,71,-10,27,12,4488,0,118,69
02-17-21,Fentress,2272,1,1983,1,289,0,2266,2,11457,9,13723,11,0,43,-3,14,4,2215,1,56,43
02-17-21,Franklin,4616,16,3900,8,716,8,4582,10,32977,39,37559,49,1,80,4,80,11,4456,0,103,84
02-17-21,Gibson,6110,1,3715,1,2395,0,4493,3,27514,7,32007,10,0,138,-9,56,10,5916,0,103,139
02-17-21,Giles,3664,7,3084,1,580,6,3541,1,21254,3,24795,4,0,95,-3,100,10,3469,0,110,96
02-17-21,Grainger,2374,4,1796,1,578,3,2014,1,12811,16,14825,17,0,45,0,64,4,2265,0,62,47
02-17-21,Greene,7173,4,5713,4,1460,0,6374,5,42070,76,48444,81,1,142,-9,117,12,6914,0,171,144
02-17-21,Grundy,1635,8,1390,4,245,4,1598,4,7541,13,9139,17,1,28,-2,57,9,1550,0,54,30
02-17-21,Hamblen,7829,17,5655,2,2174,15,6339,2,42768,37,49107,39,1,157,-8,118,24,7554,0,241,161
02-17-21,Hamilton,39328,140,34323,107,5005,33,38359,130,288065,690,326424,820,3,435,27,704,110,38189,2,1058,449
02-17-21,Hancock,489,1,359,1,130,0,381,1,3606,2,3987,3,0,11,0,5,1,473,0,19,11
02-17-21,Hardeman,3356,1,2729,0,627,1,3195,0,23575,22,26770,22,0,61,-4,9,5,3286,0,100,62
02-17-21,Hardin,3274,2,2255,1,1019,1,2688,1,21930,0,24618,1,0,62,-1,28,3,3184,0,59,63
02-17-21,Hawkins,5060,8,4177,6,883,2,4489,8,29785,31,34274,39,0,91,-9,146,17,4823,0,135,94
02-17-21,Haywood,2626,1,2207,1,419,0,2511,2,12904,3,15415,5,1,59,-3,12,3,2555,0,77,60
02-17-21,Henderson,3587,1,2511,1,1076,0,3150,2,15354,2,18504,4,0,71,-3,43,4,3473,0,75,73
02-17-21,Henry,2962,5,2322,4,640,1,2681,4,16849,6,19530,10,0,73,2,12,3,2877,0,74,74
02-17-21,Hickman,2605,0,2137,0,468,0,2470,0,15028,1,17498,1,0,38,-5,41,5,2526,0,51,39
02-17-21,Houston,1013,0,764,0,249,0,873,1,8878,3,9751,4,0,30,-2,-7,2,990,0,38,30
02-17-21,Humphreys,1493,0,1002,0,491,0,1173,0,10766,3,11939,3,0,21,-1,-12,1,1484,0,29,21
02-17-21,Jackson,1237,0,972,0,265,0,1133,0,5070,3,6203,3,0,33,-3,20,3,1184,0,38,33
02-17-21,Jefferson,5499,10,3886,8,1613,2,4393,10,34443,42,38836,52,0,112,5,114,5,5273,2,171,115
02-17-21,Johnson,2133,1,1920,1,213,0,2041,1,13385,9,15426,10,0,37,-1,17,2,2079,0,57,38
02-17-21,Knox,45104,113,38608,67,6496,46,42146,75,290565,893,332711,968,1,553,-49,1125,161,43426,4,1251,559
02-17-21,Lake,1668,0,1483,0,185,0,1745,0,9421,3,11166,3,0,25,-3,0,3,1643,0,24,26
02-17-21,Lauderdale,3065,2,2397,2,668,0,2746,2,19567,6,22313,8,0,40,-2,35,4,2990,0,80,41
02-17-21,Lawrence,5511,4,4325,1,1186,3,4760,1,26941,14,31701,15,0,79,-6,101,10,5331,0,136,81
02-17-21,Lewis,1436,1,1135,0,301,1,1228,0,9492,4,10720,4,0,24,-3,31,4,1381,0,41,24
02-17-21,Lincoln,4059,3,3183,0,876,3,3620,2,16308,3,19928,5,0,60,-4,48,7,3951,0,78,60
02-17-21,Loudon,5553,29,4396,21,1157,8,4800,21,28691,89,33491,110,1,62,11,171,17,5320,0,121,65
02-17-21,Macon,3315,0,2628,0,687,0,3086,0,14314,3,17400,3,0,73,-6,47,6,3195,0,117,73
02-17-21,Madison,9966,5,5588,4,4378,1,6817,6,51111,16,57928,22,0,223,-10,-592,15,10335,0,328,228
02-17-21,Marion,2860,4,2470,4,390,0,2760,4,16796,40,19556,44,0,43,0,32,4,2785,0,103,44
02-17-21,Marshall,3849,4,3117,1,732,3,3521,1,21553,4,25074,5,1,53,-8,90,11,3706,0,86,54
02-17-21,Maury,12036,4,10779,3,1257,1,11900,3,67517,16,79417,19,1,154,-41,155,44,11727,1,274,158
02-17-21,McMinn,5776,8,5184,8,592,0,5712,8,38215,48,43927,56,0,88,-5,167,13,5521,0,143,90
02-17-21,McNairy,2617,10,1855,8,762,2,2267,8,16954,5,19221,13,0,49,7,-33,3,2601,0,62,53
02-17-21,Meigs,1242,2,1132,2,110,0,1256,1,7271,6,8527,7,0,20,-1,13,3,1209,0,37,21
02-17-21,Monroe,5183,17,4149,13,1034,4,4669,14,24489,83,29158,97,0,87,9,147,8,4949,0,140,90
02-17-21,Montgomery,17002,13,12578,7,4424,6,13830,7,100771,57,114601,64,1,203,-77,199,89,16600,0,291,208
02-17-21,Moore,927,0,729,0,198,0,825,0,4509,0,5334,0,0,15,-1,5,1,907,0,16,15
02-17-21,Morgan,2267,10,1703,4,564,6,1836,5,14049,20,15885,25,0,34,5,24,5,2209,0,33,37
02-17-21,Obion,4336,3,3231,1,1105,2,3659,3,20844,19,24503,22,0,91,0,24,3,4221,0,97,94
02-17-21,Out of State,15798,12,12687,8,3111,4,14296,9,560903,630,575199,639,1,93,-44,186,55,15519,0,189,84
02-17-21,Overton,2810,2,2136,2,674,0,2516,2,13899,10,16415,12,0,57,-2,27,4,2726,0,62,57
02-17-21,Pending,14819,16,9697,11,5122,5,10767,11,363356,387,374123,398,1,125,-49,99,64,14595,0,129,125
02-17-21,Perry,1019,0,881,0,138,0,990,0,5803,0,6793,0,1,27,-3,-5,2,997,0,28,28
02-17-21,Pickett,737,0,490,0,247,0,590,0,3408,4,3998,4,1,23,-1,10,0,704,0,28,23
02-17-21,Polk,1693,9,1548,7,145,2,1713,7,8356,28,10069,35,0,21,3,83,6,1589,0,62,21
02-17-21,Putnam,10432,1,8650,1,1782,0,10372,1,65464,22,75836,23,0,166,-26,128,27,10138,0,199,168
02-17-21,Rhea,4051,4,3538,4,513,0,3967,4,24206,31,28173,35,0,68,-10,51,14,3932,0,79,72
02-17-21,Roane,5712,11,4510,11,1202,0,5011,13,38968,58,43979,71,0,95,-2,110,13,5507,0,140,96
02-17-21,Robertson,8773,9,7044,0,1729,9,7950,2,39832,12,47782,14,1,112,-16,143,24,8518,0,393,117
02-17-21,Rutherford,37346,18,32770,11,4576,7,38233,16,209740,83,247973,99,0,365,-83,553,101,36428,1,560,375
02-17-21,Scott,2829,6,1630,0,1199,6,1736,0,10567,5,12303,5,0,41,-9,99,15,2689,0,60,43
02-17-21,Sequatchie,1514,3,1228,1,286,2,1334,1,11038,10,12372,11,0,26,-8,52,11,1436,0,34,26
02-17-21,Sevier,11717,21,10397,13,1320,8,11453,15,59634,67,71087,82,1,157,-6,174,26,11386,0,254,161
02-17-21,Shelby,85628,41,80088,35,5540,6,98704,50,843883,513,942587,563,2,1435,-219,960,258,83233,0,3345,1500
02-17-21,Smith,2505,0,1937,0,568,0,2437,0,12415,2,14852,2,0,36,-8,22,8,2447,0,57,36
02-17-21,Stewart,1224,0,933,0,291,0,1054,0,6341,2,7395,2,0,24,-4,14,4,1186,0,24,24
02-17-21,Sullivan,13933,29,12180,26,1753,3,13170,23,77662,167,90832,190,0,264,-17,168,46,13501,0,700,268
02-17-21,Sumner,20905,16,18959,8,1946,8,21466,10,108625,37,130091,47,2,305,-65,257,79,20343,1,678,312
02-17-21,Tipton,6787,5,4805,0,1982,5,5816,1,42959,18,48775,19,0,96,-10,48,15,6643,0,144,98
02-17-21,Trousdale,2375,0,2250,0,125,0,2411,0,8449,4,10860,4,0,21,-2,9,2,2345,0,39,22
02-17-21,Unicoi,1756,4,1374,1,382,3,1513,1,12008,15,13521,16,1,47,-1,39,4,1670,1,63,47
02-17-21,Union,1655,1,1410,0,245,1,1522,1,9682,20,11204,21,0,29,-4,24,5,1602,0,54,30
02-17-21,Van Buren,788,0,662,0,126,0,730,0,4900,2,5630,2,0,20,0,1,0,767,0,19,20
02-17-21,Warren,5233,1,4500,1,733,0,5101,1,30015,29,35116,30,0,73,-8,43,9,5117,0,79,75
02-17-21,Washington,12512,21,10826,15,1686,6,11937,14,73927,181,85864,195,0,225,5,211,16,12076,1,320,230
02-17-21,Wayne,2844,1,2324,0,520,1,2554,2,10681,2,13235,4,1,30,-1,26,1,2788,0,58,30
02-17-21,Weakley,3754,2,2826,1,928,1,3231,1,20430,7,23661,8,0,60,-2,20,4,3674,0,60,60
02-17-21,White,3286,2,2746,1,540,1,3364,1,21231,29,24595,30,1,64,-5,54,6,3168,0,104,65
02-17-21,Williamson,24630,23,21210,11,3420,12,23565,13,164621,50,188186,63,1,199,-66,501,88,23930,1,282,202
02-17-21,Wilson,15968,8,14574,4,1394,4,16644,5,91062,37,107706,42,0,205,-56,113,64,15650,1,318,207
02-16-21,Anderson,7740,29,5941,14,1799,15,6649,16,57304,85,63953,101,0,149,11,190,18,7401,0,189,155
02-16-21,Bedford,5705,1,4617,0,1088,1,5337,1,28884,15,34221,16,0,117,-13,47,14,5541,0,123,117
02-16-21,Benton,1493,0,1205,0,288,0,1329,0,8489,2,9818,2,0,39,-5,12,5,1442,0,35,39
02-16-21,Bledsoe,1966,2,1813,1,153,1,1923,1,14041,22,15964,23,0,10,-3,42,5,1914,0,32,10
02-16-21,Blount,13736,30,11941,9,1795,21,13156,13,65969,203,79125,216,0,169,4,256,26,13311,0,308,176
02-16-21,Bradley,12450,47,10496,28,1954,19,11896,29,58293,106,70189,135,1,132,6,351,40,11967,2,507,138
02-16-21,Campbell,3705,13,2135,3,1570,10,2392,4,23638,27,26030,31,0,54,3,85,10,3566,0,110,59
02-16-21,Cannon,1718,1,1411,1,307,0,1575,1,8477,9,10052,10,0,28,-6,14,7,1676,0,34,28
02-16-21,Carroll,3431,0,2270,0,1161,0,2692,0,18591,5,21283,5,0,80,-10,13,10,3338,0,77,82
02-16-21,Carter,5842,14,5120,11,722,3,5612,14,33758,44,39370,58,0,147,3,107,11,5588,0,208,149
02-16-21,Cheatham,3805,2,3023,2,782,0,3422,3,24675,16,28097,19,2,43,-7,74,7,3688,0,77,43
02-16-21,Chester,1988,2,1441,1,547,1,1720,2,10864,3,12584,5,0,45,-3,3,5,1940,0,39,48
02-16-21,Claiborne,2607,28,1699,10,908,18,1812,9,21526,67,23338,76,-1,64,20,128,9,2415,0,87,64
02-16-21,Clay,1053,0,728,0,325,0,832,0,5261,5,6093,5,0,29,-6,16,6,1008,0,23,30
02-16-21,Cocke,3913,7,2703,4,1210,3,2985,5,19423,44,22408,49,1,91,-1,58,7,3764,1,109,91
02-16-21,Coffee,6176,13,4429,2,1747,11,5434,3,42075,13,47509,16,0,112,-10,117,23,5947,0,110,113
02-16-21,Crockett,1951,0,1179,0,772,0,1375,0,6906,3,8281,3,0,46,-5,9,5,1896,0,30,48
02-16-21,Cumberland,5997,6,5058,0,939,6,5800,0,45338,47,51138,47,0,112,-6,88,12,5797,0,146,120
02-16-21,Davidson,79617,87,75534,77,4083,10,91845,85,836772,1756,928617,1841,3,814,-169,1497,253,77306,1,1847,829
02-16-21,Decatur,1524,0,1141,0,383,0,1356,0,10604,1,11960,1,0,35,0,16,0,1473,0,37,36
02-16-21,Dekalb,2601,1,1957,0,644,1,2259,0,15778,8,18037,8,0,47,-7,28,8,2526,0,52,47
02-16-21,Dickson,6039,7,4415,2,1624,5,5241,2,31943,10,37184,12,0,102,-10,26,17,5911,0,113,106
02-16-21,Dyer,5199,2,3454,0,1745,2,3889,0,20533,18,24422,18,0,98,-6,72,8,5029,0,103,100
02-16-21,Fayette,4584,3,3991,1,593,2,4900,2,34074,31,38974,33,0,71,-16,37,19,4476,0,118,69
02-16-21,Fentress,2271,0,1982,0,289,0,2264,0,11448,5,13712,5,0,43,-4,17,4,2211,0,55,43
02-16-21,Franklin,4600,4,3892,2,708,2,4572,2,32938,32,37510,34,0,79,-17,76,21,4445,1,103,84
02-16-21,Gibson,6109,2,3714,1,2395,1,4490,1,27507,11,31997,12,0,138,-12,65,14,5906,0,103,139
02-16-21,Giles,3657,1,3083,1,574,0,3540,1,21251,26,24791,27,0,95,-8,103,9,3459,0,110,96
02-16-21,Grainger,2370,6,1795,1,575,5,2013,1,12795,10,14808,11,0,45,-3,64,9,2261,0,62,47
02-16-21,Greene,7169,12,5709,7,1460,5,6369,9,41994,170,48363,179,1,141,-1,126,12,6902,0,171,144
02-16-21,Grundy,1627,6,1386,3,241,3,1594,4,7528,32,9122,36,0,27,-2,59,8,1541,0,54,30
02-16-21,Hamblen,7812,24,5653,3,2159,21,6337,3,42731,42,49068,45,0,156,0,126,24,7530,1,241,161
02-16-21,Hamilton,39188,123,34216,90,4972,33,38229,96,287375,308,325604,404,1,432,-11,677,133,38079,0,1056,449
02-16-21,Hancock,488,0,358,0,130,0,380,0,3604,3,3984,3,0,11,-5,5,5,472,0,19,11
02-16-21,Hardeman,3355,1,2729,1,626,0,3195,1,23553,11,26748,12,0,61,-6,13,7,3281,0,100,62
02-16-21,Hardin,3272,1,2254,1,1018,0,2687,3,21930,7,24617,10,0,62,-6,29,7,3181,0,59,63
02-16-21,Hawkins,5052,21,4171,14,881,7,4481,16,29754,122,34235,138,0,91,0,155,21,4806,1,135,93
02-16-21,Haywood,2625,0,2206,0,419,0,2509,0,12901,2,15410,2,0,58,-2,15,2,2552,0,77,60
02-16-21,Henderson,3586,3,2510,2,1076,1,3148,2,15352,2,18500,4,0,71,-2,46,5,3469,0,75,73
02-16-21,Henry,2957,5,2318,3,639,2,2677,4,16843,14,19520,18,0,73,-7,10,12,2874,0,74,74
02-16-21,Hickman,2605,1,2137,1,468,0,2470,1,15027,8,17497,9,0,38,-4,46,5,2521,0,51,39
02-16-21,Houston,1013,2,764,2,249,0,872,2,8875,1,9747,3,0,30,-2,-5,4,988,0,38,30
02-16-21,Humphreys,1493,1,1002,1,491,0,1173,1,10763,12,11936,13,0,21,-3,-11,4,1483,0,29,21
02-16-21,Jackson,1237,0,972,0,265,0,1133,0,5067,7,6200,7,0,33,-6,23,6,1181,0,38,32
02-16-21,Jefferson,5489,14,3878,8,1611,6,4383,7,34401,54,38784,61,0,112,-2,109,16,5268,1,169,115
02-16-21,Johnson,2132,2,1919,1,213,1,2040,1,13376,86,15416,87,0,37,-2,18,4,2077,0,57,38
02-16-21,Knox,44991,146,38541,88,6450,58,42071,97,289672,818,331743,915,2,552,-39,1174,183,43265,4,1247,556
02-16-21,Lake,1668,2,1483,1,185,1,1745,1,9418,23,11163,24,1,25,1,3,0,1640,0,24,26
02-16-21,Lauderdale,3063,0,2395,0,668,0,2744,0,19561,14,22305,14,0,40,-8,37,8,2986,0,80,41
02-16-21,Lawrence,5507,2,4324,2,1183,0,4759,3,26927,24,31686,27,0,79,-21,107,23,5321,0,136,79
02-16-21,Lewis,1435,1,1135,1,300,0,1228,1,9488,3,10716,4,0,24,-11,34,12,1377,0,41,24
02-16-21,Lincoln,4056,0,3183,0,873,0,3618,0,16305,3,19923,3,0,60,-7,52,7,3944,0,78,60
02-16-21,Loudon,5524,36,4375,11,1149,25,4779,12,28602,48,33381,60,0,61,9,160,27,5303,0,121,64
02-16-21,Macon,3315,0,2628,0,687,0,3086,0,14311,4,17397,4,0,73,-15,53,15,3189,0,117,73
02-16-21,Madison,9961,8,5584,6,4377,2,6811,6,51095,77,57906,83,1,223,-21,-582,28,10320,0,328,225
02-16-21,Marion,2856,4,2466,2,390,2,2756,2,16756,53,19512,55,-1,43,-7,32,12,2781,2,103,44
02-16-21,Marshall,3845,1,3116,1,729,0,3520,1,21549,13,25069,14,0,52,-19,98,20,3695,0,86,54
02-16-21,Maury,12032,5,10776,5,1256,0,11897,7,67501,156,79398,163,0,153,-60,196,65,11683,1,273,158
02-16-21,McMinn,5768,21,5176,16,592,5,5704,16,38167,83,43871,99,0,88,-1,172,22,5508,0,143,90
02-16-21,McNairy,2607,1,1847,1,760,0,2259,1,16949,5,19208,6,0,49,-5,-40,6,2598,0,62,52
02-16-21,Meigs,1240,4,1130,2,110,2,1255,1,7265,14,8520,15,0,20,-1,14,5,1206,0,37,21
02-16-21,Monroe,5166,14,4136,4,1030,10,4655,4,24406,85,29061,89,0,87,-4,138,18,4941,0,140,90
02-16-21,Montgomery,16989,15,12571,9,4418,6,13823,14,100714,97,114537,111,1,202,-73,276,87,16511,0,291,205
02-16-21,Moore,927,1,729,1,198,0,825,1,4509,3,5334,4,0,15,-1,6,2,906,0,16,15
02-16-21,Morgan,2257,5,1699,2,558,3,1831,1,14029,21,15860,22,0,34,-8,19,13,2204,0,33,37
02-16-21,Obion,4333,1,3230,1,1103,0,3656,1,20825,8,24481,9,0,91,-7,24,8,4218,0,97,92
02-16-21,Out of State,15786,21,12679,16,3107,5,14287,14,560273,686,574560,700,1,92,-31,230,51,15464,0,189,84
02-16-21,Overton,2808,1,2134,1,674,0,2514,2,13889,10,16403,12,0,57,-6,29,7,2722,0,62,57
02-16-21,Pending,14803,14,9686,10,5117,4,10756,14,362969,500,373725,514,-6,124,-50,148,70,14531,0,129,125
02-16-21,Perry,1019,1,881,1,138,0,990,1,5803,5,6793,6,0,26,1,-2,0,995,0,28,28
02-16-21,Pickett,737,0,490,0,247,0,590,0,3404,5,3994,5,0,22,-1,11,1,704,0,28,23
02-16-21,Polk,1684,11,1541,5,143,6,1706,5,8328,13,10034,18,0,21,5,80,6,1583,1,62,21
02-16-21,Putnam,10431,4,8649,4,1782,0,10371,4,65442,31,75813,35,0,166,-22,154,26,10111,0,199,168
02-16-21,Rhea,4047,8,3534,5,513,3,3963,7,24175,58,28138,65,0,68,-8,61,16,3918,0,79,72
02-16-21,Roane,5701,18,4499,10,1202,8,4998,12,38910,93,43908,105,0,95,-3,112,21,5494,0,140,96
02-16-21,Robertson,8764,11,7044,7,1720,4,7948,6,39820,58,47768,64,1,111,-26,159,36,8494,1,393,117
02-16-21,Rutherford,37328,55,32759,48,4569,7,38217,58,209657,312,247874,370,2,365,-71,636,124,36327,1,559,373
02-16-21,Scott,2823,6,1630,2,1193,4,1736,2,10562,11,12298,13,0,41,0,108,6,2674,0,60,43
02-16-21,Sequatchie,1511,7,1227,2,284,5,1333,1,11028,6,12361,7,0,26,3,60,4,1425,0,34,26
02-16-21,Sevier,11696,34,10384,17,1312,17,11438,20,59567,131,71005,151,2,156,-15,180,47,11360,1,254,161
02-16-21,Shelby,85587,76,80053,67,5534,9,98654,79,843370,934,942024,1013,1,1433,-170,1179,245,82975,7,3345,1498
02-16-21,Smith,2505,1,1937,1,568,0,2437,1,12413,11,14850,12,0,36,-9,30,10,2439,0,57,36
02-16-21,Stewart,1224,3,933,2,291,1,1054,2,6339,1,7393,3,0,24,-6,18,9,1182,0,24,24
02-16-21,Sullivan,13904,43,12154,28,1750,15,13147,30,77495,191,90642,221,1,264,11,185,31,13455,2,700,266
02-16-21,Sumner,20889,30,18951,23,1938,7,21456,25,108588,138,130044,163,0,303,-48,322,78,20264,0,677,311
02-16-21,Tipton,6782,0,4805,0,1977,0,5815,0,42941,26,48756,26,0,96,-9,58,9,6628,0,144,98
02-16-21,Trousdale,2375,1,2250,1,125,0,2411,1,8445,15,10856,16,0,21,-2,11,3,2343,1,39,22
02-16-21,Unicoi,1752,6,1373,2,379,4,1512,3,11993,23,13505,26,0,46,6,40,0,1666,1,62,47
02-16-21,Union,1654,3,1410,3,244,0,1521,2,9662,17,11183,19,1,29,-4,28,6,1597,0,54,29
02-16-21,Van Buren,788,0,662,0,126,0,730,0,4898,0,5628,0,0,20,-2,1,2,767,0,19,20
02-16-21,Warren,5232,1,4499,0,733,1,5100,1,29986,20,35086,21,0,73,-16,51,17,5108,0,79,75
02-16-21,Washington,12491,30,10811,22,1680,8,11923,26,73746,240,85669,266,0,225,11,206,19,12060,0,319,228
02-16-21,Wayne,2843,0,2324,0,519,0,2552,0,10679,1,13231,1,0,29,-6,27,6,2787,0,58,30
02-16-21,Weakley,3752,2,2825,2,927,0,3230,1,20423,4,23653,5,2,60,-10,22,10,3670,0,60,60
02-16-21,White,3284,3,2745,1,539,2,3363,3,21202,11,24565,14,0,63,-7,59,10,3162,0,104,65
02-16-21,Williamson,24607,35,21199,29,3408,6,23552,36,164571,229,188123,265,0,198,-89,567,124,23842,0,281,202
02-16-21,Wilson,15960,16,14570,14,1390,2,16639,18,91025,164,107664,182,0,205,-31,169,47,15586,0,317,207
02-15-21,Anderson,7711,16,5927,8,1784,8,6633,9,57219,72,63852,81,0,149,-7,179,23,7383,1,189,155
02-15-21,Bedford,5704,2,4617,1,1087,1,5336,1,28869,9,34205,10,0,117,-8,60,10,5527,0,123,117
02-15-21,Benton,1493,0,1205,0,288,0,1329,0,8487,1,9816,1,0,39,-6,17,6,1437,0,35,39
02-15-21,Bledsoe,1964,2,1812,0,152,2,1922,0,14019,2,15941,2,0,10,-8,45,10,1909,0,32,10
02-15-21,Blount,13706,11,11932,4,1774,7,13143,4,65766,45,78909,49,0,169,-44,252,55,13285,0,308,176
02-15-21,Bradley,12403,41,10468,15,1935,26,11867,13,58187,79,70054,92,0,131,-29,345,70,11927,0,505,138
02-15-21,Campbell,3692,2,2132,2,1560,0,2388,1,23611,21,25999,22,0,54,-16,82,18,3556,0,110,58
02-15-21,Cannon,1717,0,1410,0,307,0,1574,0,8468,2,10042,2,0,28,-5,20,5,1669,0,34,28
02-15-21,Carroll,3431,0,2270,0,1161,0,2692,1,18586,6,21278,7,0,80,-11,23,11,3328,0,77,82
02-15-21,Carter,5828,3,5109,3,719,0,5598,3,33714,12,39312,15,0,147,-15,104,18,5577,0,208,149
02-15-21,Cheatham,3803,4,3021,3,782,1,3419,2,24659,25,28078,27,0,41,-15,81,19,3681,0,77,43
02-15-21,Chester,1986,2,1440,1,546,1,1718,1,10861,63,12579,64,0,45,-3,6,5,1935,0,39,48
02-15-21,Claiborne,2579,4,1689,2,890,2,1803,2,21459,8,23262,10,0,65,-8,108,12,2406,0,87,64
02-15-21,Clay,1053,0,728,0,325,0,832,0,5256,0,6088,0,0,29,-3,22,3,1002,0,23,30
02-15-21,Cocke,3906,4,2699,0,1207,4,2980,1,19379,57,22359,58,0,90,-5,59,9,3757,0,108,91
02-15-21,Coffee,6163,3,4427,0,1736,3,5431,0,42062,18,47493,18,0,112,-23,127,26,5924,0,110,113
02-15-21,Crockett,1951,1,1179,0,772,1,1375,0,6903,2,8278,2,0,46,-5,14,6,1891,0,30,48
02-15-21,Cumberland,5991,3,5058,1,933,2,5800,1,45291,10,51091,11,0,112,-12,94,15,5785,0,146,119
02-15-21,Davidson,79530,68,75457,51,4073,17,91760,62,835016,1309,926776,1371,2,811,-232,1666,298,77053,1,1846,826
02-15-21,Decatur,1524,0,1141,0,383,0,1356,0,10603,3,11959,3,0,35,-2,16,2,1473,0,37,36
02-15-21,Dekalb,2600,1,1957,1,643,0,2259,1,15770,4,18029,5,0,47,-12,35,13,2518,0,52,47
02-15-21,Dickson,6032,13,4413,12,1619,1,5239,12,31933,16,37172,28,0,102,-9,36,22,5894,0,113,105
02-15-21,Dyer,5197,3,3454,3,1743,0,3889,3,20515,8,24404,11,1,98,-15,78,17,5021,0,103,100
02-15-21,Fayette,4581,1,3990,1,591,0,4898,3,34043,12,38941,15,0,71,-8,53,9,4457,0,118,69
02-15-21,Fentress,2271,1,1982,1,289,0,2264,2,11443,8,13707,10,0,43,-1,21,2,2207,0,55,43
02-15-21,Franklin,4596,3,3890,3,706,0,4570,6,32906,33,37476,39,0,79,-11,93,14,4424,0,102,83
02-15-21,Gibson,6107,1,3713,0,2394,1,4489,0,27496,15,31985,15,0,138,-11,77,12,5892,0,103,138
02-15-21,Giles,3656,4,3082,0,574,4,3539,1,21225,12,24764,13,0,95,-5,111,9,3450,0,110,96
02-15-21,Grainger,2364,4,1794,1,570,3,2012,2,12785,5,14797,7,0,45,-6,67,10,2252,0,62,47
02-15-21,Greene,7157,5,5702,5,1455,0,6360,4,41824,25,48184,29,0,140,-17,127,22,6890,0,171,143
02-15-21,Grundy,1621,0,1383,0,238,0,1590,3,7496,18,9086,21,0,27,-10,61,10,1533,0,54,29
02-15-21,Hamblen,7788,18,5650,3,2138,15,6334,5,42689,19,49023,24,0,156,-3,126,21,7506,0,240,160
02-15-21,Hamilton,39065,76,34126,60,4939,16,38133,63,287067,159,325200,222,2,431,-71,688,145,37946,1,1056,446
02-15-21,Hancock,488,1,358,0,130,1,380,0,3601,2,3981,2,0,11,1,10,0,467,0,19,11
02-15-21,Hardeman,3354,0,2728,0,626,0,3194,0,23542,76,26736,76,0,61,-9,19,9,3274,0,100,62
02-15-21,Hardin,3271,0,2253,0,1018,0,2684,0,21923,3,24607,3,0,62,-9,35,9,3174,0,59,63
02-15-21,Hawkins,5031,4,4157,2,874,2,4465,2,29632,67,34097,69,0,91,-19,155,23,4785,0,134,93
02-15-21,Haywood,2625,0,2206,0,419,0,2509,0,12899,5,15408,5,0,58,-4,17,4,2550,0,77,60
02-15-21,Henderson,3583,0,2508,0,1075,0,3146,0,15350,7,18496,7,0,71,-5,48,5,3464,0,75,73
02-15-21,Henry,2952,2,2315,2,637,0,2673,2,16829,5,19502,7,0,73,-12,17,14,2862,0,74,74
02-15-21,Hickman,2604,2,2136,2,468,0,2469,2,15019,8,17488,10,0,38,-5,50,7,2516,0,51,39
02-15-21,Houston,1011,2,762,2,249,0,870,3,8874,2,9744,5,0,30,0,-3,2,984,0,38,30
02-15-21,Humphreys,1492,2,1001,1,491,1,1172,1,10751,2,11923,3,0,21,-7,-8,9,1479,0,29,21
02-15-21,Jackson,1237,0,972,0,265,0,1133,0,5060,2,6193,2,0,33,-1,29,1,1175,0,38,32
02-15-21,Jefferson,5475,12,3870,6,1605,6,4376,6,34347,29,38723,35,0,112,-5,111,17,5252,0,168,115
02-15-21,Johnson,2130,1,1918,0,212,1,2039,0,13290,4,15329,4,0,37,-6,20,7,2073,0,57,38
02-15-21,Knox,44845,78,38453,38,6392,40,41974,42,288854,310,330828,352,2,550,-138,1213,214,43082,1,1243,556
02-15-21,Lake,1666,0,1482,0,184,0,1744,0,9395,0,11139,0,0,24,-1,2,1,1640,0,24,25
02-15-21,Lauderdale,3063,1,2395,1,668,0,2744,1,19547,5,22291,6,0,40,-7,45,8,2978,0,80,41
02-15-21,Lawrence,5505,7,4322,1,1183,6,4756,2,26903,27,31659,29,0,79,-6,128,13,5298,0,136,79
02-15-21,Lewis,1434,4,1134,1,300,3,1227,1,9485,4,10712,5,0,24,1,45,3,1365,0,41,24
02-15-21,Lincoln,4056,2,3183,2,873,0,3618,0,16302,5,19920,5,0,60,-6,59,8,3937,0,78,59
02-15-21,Loudon,5488,12,4364,7,1124,5,4767,7,28554,14,33321,21,0,61,-15,151,27,5276,1,121,64
02-15-21,Macon,3315,1,2628,0,687,1,3086,0,14307,7,17393,7,0,73,-7,68,8,3174,0,117,73
02-15-21,Madison,9953,6,5578,3,4375,3,6805,4,51018,70,57823,74,0,222,-19,-561,25,10292,0,328,223
02-15-21,Marion,2852,7,2464,4,388,3,2754,4,16703,18,19457,22,0,44,-1,39,8,2769,0,101,44
02-15-21,Marshall,3844,6,3115,1,729,5,3519,1,21536,4,25055,5,0,52,-4,117,10,3675,0,86,54
02-15-21,Maury,12027,13,10771,5,1256,8,11890,4,67345,49,79235,53,0,153,-35,256,48,11618,0,272,158
02-15-21,McMinn,5747,10,5160,5,587,5,5688,4,38084,39,43772,43,0,88,-10,173,20,5486,0,143,89
02-15-21,McNairy,2606,3,1846,3,760,0,2258,3,16944,69,19202,72,0,49,-4,-35,7,2592,0,62,50
02-15-21,Meigs,1236,0,1128,0,108,0,1254,0,7251,4,8505,4,0,20,-4,15,4,1201,0,37,21
02-15-21,Monroe,5152,6,4132,1,1020,5,4651,2,24321,15,28972,17,0,87,-19,142,25,4923,0,140,90
02-15-21,Montgomery,16974,18,12562,8,4412,10,13809,11,100617,177,114426,188,0,201,-73,349,91,16424,1,291,205
02-15-21,Moore,926,0,728,0,198,0,824,0,4506,1,5330,1,0,15,-3,7,3,904,0,16,15
02-15-21,Morgan,2252,6,1697,5,555,1,1830,5,14008,4,15838,9,0,34,1,27,5,2191,0,33,37
02-15-21,Obion,4332,0,3229,0,1103,0,3655,0,20817,15,24472,15,0,91,-8,31,8,4210,0,97,92
02-15-21,Out of State,15765,15,12663,11,3102,4,14273,14,559587,531,573860,545,0,91,-64,261,79,15413,0,189,84
02-15-21,Overton,2807,1,2133,0,674,1,2512,0,13879,5,16391,5,0,57,-1,35,2,2715,0,62,57
02-15-21,Pending,14789,10,9676,6,5113,4,10742,9,362469,369,373211,378,-6,130,-48,198,64,14461,0,129,125
02-15-21,Perry,1018,0,880,0,138,0,989,1,5798,1,6787,2,0,26,-5,-3,5,995,0,28,27
02-15-21,Pickett,737,0,490,0,247,0,590,0,3399,2,3989,2,0,22,-2,12,2,703,0,28,23
02-15-21,Polk,1673,4,1536,3,137,1,1701,3,8315,10,10016,13,0,21,-5,75,9,1577,0,61,21
02-15-21,Putnam,10427,2,8645,0,1782,2,10367,0,65411,14,75778,14,0,166,-22,176,24,10085,0,199,168
02-15-21,Rhea,4039,5,3529,4,510,1,3956,4,24117,21,28073,25,0,68,-5,69,10,3902,0,79,72
02-15-21,Roane,5683,6,4489,3,1194,3,4986,3,38817,12,43803,15,0,95,-10,115,16,5473,0,140,96
02-15-21,Robertson,8753,6,7037,3,1716,3,7942,4,39762,23,47704,27,1,110,-17,185,22,8458,0,392,116
02-15-21,Rutherford,37273,57,32711,32,4562,25,38159,34,209345,203,247504,237,1,363,-98,707,154,36203,1,558,372
02-15-21,Scott,2817,2,1628,0,1189,2,1734,1,10551,7,12285,8,0,41,-8,108,10,2668,0,60,43
02-15-21,Sequatchie,1504,4,1225,1,279,3,1332,1,11022,3,12354,4,0,26,-2,57,6,1421,0,34,26
02-15-21,Sevier,11662,12,10367,11,1295,1,11418,14,59436,77,70854,91,0,154,-24,195,36,11313,0,253,160
02-15-21,Shelby,85511,61,79986,48,5525,13,98575,64,842436,695,941011,759,0,1432,-221,1349,282,82730,3,3338,1495
02-15-21,Smith,2504,0,1936,0,568,0,2436,0,12402,6,14838,6,0,36,-5,39,5,2429,0,57,36
02-15-21,Stewart,1221,3,931,3,290,0,1052,3,6338,5,7390,8,0,24,2,24,1,1173,0,24,24
02-15-21,Sullivan,13861,10,12126,8,1735,2,13117,8,77304,101,90421,109,0,263,-42,174,52,13424,2,698,265
02-15-21,Sumner,20859,19,18928,7,1931,12,21431,9,108450,101,129881,110,0,303,-105,370,124,20186,0,677,309
02-15-21,Tipton,6782,1,4805,0,1977,1,5815,2,42915,18,48730,20,0,96,-12,67,13,6619,0,144,98
02-15-21,Trousdale,2374,0,2249,0,125,0,2410,0,8430,2,10840,2,0,21,-3,13,3,2340,0,38,22
02-15-21,Unicoi,1746,2,1371,0,375,2,1509,0,11970,6,13479,6,0,46,2,34,0,1666,0,61,47
02-15-21,Union,1651,6,1407,6,244,0,1519,6,9645,7,11164,13,0,28,2,32,4,1591,1,54,29
02-15-21,Van Buren,788,2,662,2,126,0,730,2,4898,18,5628,20,0,20,0,3,2,765,0,19,20
02-15-21,Warren,5231,1,4499,1,732,0,5099,1,29966,38,35065,39,0,73,-7,67,8,5091,0,79,75
02-15-21,Washington,12461,4,10789,3,1672,1,11897,6,73506,51,85403,57,1,225,-27,195,30,12041,0,319,228
02-15-21,Wayne,2843,1,2324,0,519,1,2552,0,10678,2,13230,2,0,29,-5,33,6,2781,0,58,30
02-15-21,Weakley,3750,1,2823,1,927,0,3229,2,20419,23,23648,25,0,58,-15,32,16,3660,0,60,60
02-15-21,White,3281,0,2744,0,537,0,3360,0,21191,8,24551,8,0,63,-5,66,5,3152,0,104,65
02-15-21,Williamson,24572,32,21170,14,3402,18,23516,13,164342,133,187858,146,0,198,-120,656,152,23718,0,281,202
02-15-21,Wilson,15944,10,14556,5,1388,5,16621,10,90861,80,107482,90,0,205,-80,200,90,15539,0,317,207
02-14-21,Anderson,7695,15,5919,11,1776,4,6624,13,57147,62,63771,75,2,149,1,186,12,7360,0,188,154
02-14-21,Bedford,5702,3,4616,1,1086,2,5335,2,28860,36,34195,38,0,117,-6,68,9,5517,0,123,117
02-14-21,Benton,1493,2,1205,2,288,0,1329,2,8486,12,9815,14,0,39,1,23,1,1431,0,35,39
02-14-21,Bledsoe,1962,4,1812,4,150,0,1922,4,14017,21,15939,25,0,10,1,53,3,1899,0,32,10
02-14-21,Blount,13695,25,11928,13,1767,12,13139,13,65721,108,78860,121,0,169,-9,296,34,13230,1,308,175
02-14-21,Bradley,12362,38,10453,34,1909,4,11854,39,58108,148,69962,187,0,131,4,374,34,11857,2,505,138
02-14-21,Campbell,3690,1,2130,1,1560,0,2387,1,23590,11,25977,12,1,54,-3,98,3,3538,0,110,58
02-14-21,Cannon,1717,0,1410,0,307,0,1574,0,8466,13,10040,13,1,28,-7,25,6,1664,0,34,28
02-14-21,Carroll,3431,2,2270,1,1161,1,2691,2,18580,21,21271,23,2,80,-8,34,8,3317,0,77,82
02-14-21,Carter,5825,4,5106,3,719,1,5595,3,33702,53,39297,56,0,147,-7,119,11,5559,0,208,149
02-14-21,Cheatham,3799,10,3018,7,781,3,3417,7,24634,27,28051,34,0,41,3,96,7,3662,0,77,43
02-14-21,Chester,1984,3,1439,3,545,0,1717,3,10798,11,12515,14,0,45,-4,9,7,1930,0,39,47
02-14-21,Claiborne,2575,8,1687,5,888,3,1801,5,21451,38,23252,43,0,65,1,116,7,2394,0,87,64
02-14-21,Clay,1053,0,728,0,325,0,832,0,5256,7,6088,7,0,29,0,25,0,999,0,23,30
02-14-21,Cocke,3902,8,2699,5,1203,3,2979,6,19322,41,22301,47,1,90,1,64,6,3748,0,108,91
02-14-21,Coffee,6160,4,4427,4,1733,0,5431,4,42044,49,47475,53,0,112,-4,150,8,5898,0,110,113
02-14-21,Crockett,1950,0,1179,0,771,0,1375,0,6901,1,8276,1,2,46,-6,19,4,1885,0,30,48
02-14-21,Cumberland,5988,6,5057,4,931,2,5799,5,45281,44,51080,49,1,112,-4,106,9,5770,1,146,118
02-14-21,Davidson,79462,115,75406,86,4056,29,91698,97,833707,3286,925405,3383,1,809,-17,1898,131,76755,1,1845,824
02-14-21,Decatur,1524,2,1141,2,383,0,1356,2,10600,7,11956,9,0,35,2,18,0,1471,0,37,36
02-14-21,Dekalb,2599,6,1956,6,643,0,2258,6,15766,20,18024,26,1,47,-1,47,6,2505,0,52,47
02-14-21,Dickson,6019,3,4401,0,1618,3,5227,0,31917,28,37144,28,0,102,-14,45,17,5872,0,113,105
02-14-21,Dyer,5194,2,3451,0,1743,2,3886,1,20507,18,24393,19,1,97,-5,93,6,5004,0,103,100
02-14-21,Fayette,4580,2,3989,1,591,1,4895,3,34031,56,38926,59,1,71,-5,61,6,4448,0,118,69
02-14-21,Fentress,2270,1,1981,1,289,0,2262,1,11435,5,13697,6,0,43,-2,22,3,2205,1,55,43
02-14-21,Franklin,4593,9,3887,9,706,0,4564,8,32873,35,37437,43,0,79,0,104,9,4410,0,102,83
02-14-21,Gibson,6106,2,3713,1,2393,1,4489,2,27481,29,31970,31,1,138,-10,88,11,5880,0,103,138
02-14-21,Giles,3652,5,3082,4,570,1,3538,4,21213,40,24751,44,3,95,-2,116,4,3441,0,110,96
02-14-21,Grainger,2360,2,1793,1,567,1,2010,1,12780,5,14790,6,0,45,-3,73,5,2242,0,62,47
02-14-21,Greene,7152,7,5697,6,1455,1,6356,7,41799,76,48155,83,0,140,-12,144,19,6868,0,171,141
02-14-21,Grundy,1621,4,1383,2,238,2,1587,2,7478,9,9065,11,0,27,1,71,3,1523,0,54,28
02-14-21,Hamblen,7770,14,5647,3,2123,11,6329,5,42670,43,48999,48,0,156,-4,129,18,7485,0,240,159
02-14-21,Hamilton,38989,97,34066,80,4923,17,38070,97,286908,685,324978,782,1,429,9,759,87,37801,1,1055,445
02-14-21,Hancock,487,1,358,1,129,0,380,0,3599,6,3979,6,0,11,-1,9,2,467,0,19,11
02-14-21,Hardeman,3354,2,2728,1,626,1,3194,1,23466,57,26660,58,0,61,-5,28,7,3265,2,100,62
02-14-21,Hardin,3271,4,2253,1,1018,3,2684,1,21920,15,24604,16,0,62,2,44,2,3165,0,59,63
02-14-21,Hawkins,5027,2,4155,2,872,0,4463,3,29565,28,34028,31,0,91,-16,174,18,4762,0,134,92
02-14-21,Haywood,2625,2,2206,2,419,0,2509,2,12894,7,15403,9,0,58,-1,21,3,2546,0,77,59
02-14-21,Henderson,3583,0,2508,0,1075,0,3146,1,15343,22,18489,23,2,71,-6,53,4,3459,0,75,73
02-14-21,Henry,2950,5,2313,5,637,0,2671,4,16824,22,19495,26,1,73,-2,29,6,2848,0,74,74
02-14-21,Hickman,2602,6,2134,5,468,1,2467,5,15011,33,17478,38,0,38,1,55,5,2509,0,51,39
02-14-21,Houston,1009,0,760,0,249,0,867,0,8872,4,9739,4,0,30,0,-3,0,982,0,38,30
02-14-21,Humphreys,1490,0,1000,0,490,0,1171,0,10749,9,11920,9,0,21,-7,-1,7,1470,0,29,21
02-14-21,Jackson,1237,1,972,1,265,0,1133,1,5058,6,6191,7,0,33,-1,30,2,1174,0,38,32
02-14-21,Jefferson,5463,6,3864,4,1599,2,4370,5,34318,70,38688,75,2,112,-5,116,9,5235,0,168,115
02-14-21,Johnson,2129,0,1918,0,211,0,2039,0,13286,7,15325,7,0,37,-4,26,4,2066,0,57,38
02-14-21,Knox,44767,163,38415,133,6352,30,41932,140,288544,721,330476,861,2,548,18,1351,143,42868,5,1242,556
02-14-21,Lake,1666,0,1482,0,184,0,1744,0,9395,4,11139,4,0,24,0,3,0,1639,0,24,25
02-14-21,Lauderdale,3062,3,2394,1,668,2,2743,2,19542,16,22285,18,0,40,2,52,1,2970,0,80,41
02-14-21,Lawrence,5498,5,4321,3,1177,2,4754,5,26876,43,31630,48,0,79,-7,134,12,5285,0,136,79
02-14-21,Lewis,1430,2,1133,0,297,2,1226,1,9481,6,10707,7,0,24,-3,44,5,1362,0,41,24
02-14-21,Lincoln,4054,4,3181,4,873,0,3618,5,16297,17,19915,22,0,60,1,65,3,3929,0,78,59
02-14-21,Loudon,5476,15,4357,7,1119,8,4760,10,28540,34,33300,44,0,61,-2,166,17,5249,0,120,64
02-14-21,Macon,3314,2,2628,1,686,1,3086,2,14300,8,17386,10,0,73,-5,75,7,3166,0,117,73
02-14-21,Madison,9947,5,5575,4,4372,1,6801,5,50948,45,57749,50,3,222,-9,-542,11,10267,0,328,223
02-14-21,Marion,2845,5,2460,4,385,1,2750,4,16685,18,19435,22,0,44,-5,40,10,2761,0,101,44
02-14-21,Marshall,3838,4,3114,2,724,2,3518,2,21532,18,25050,20,0,52,-2,121,6,3665,0,86,54
02-14-21,Maury,12014,17,10766,16,1248,1,11886,16,67296,95,79182,111,1,153,-6,291,22,11570,0,272,157
02-14-21,McMinn,5737,17,5155,15,582,2,5684,16,38045,70,43729,86,0,88,9,183,8,5466,0,143,89
02-14-21,McNairy,2603,3,1843,3,760,0,2255,3,16875,12,19130,15,0,49,-2,-31,5,2585,0,62,50
02-14-21,Meigs,1236,1,1128,1,108,0,1254,1,7247,22,8501,23,0,20,-4,19,5,1197,0,37,20
02-14-21,Monroe,5146,10,4131,7,1015,3,4649,6,24306,33,28955,39,1,87,-1,161,10,4898,0,140,90
02-14-21,Montgomery,16956,42,12554,32,4402,10,13798,33,100440,188,114238,221,1,201,-17,422,58,16333,1,290,205
02-14-21,Moore,926,0,728,0,198,0,824,0,4505,6,5329,6,0,15,-1,10,1,901,0,16,15
02-14-21,Morgan,2246,1,1692,0,554,1,1825,0,14004,8,15829,8,1,34,-3,26,3,2186,0,33,37
02-14-21,Obion,4332,2,3229,1,1103,1,3655,2,20802,18,24457,20,0,91,-5,39,7,4202,0,97,92
02-14-21,Out of State,15750,19,12652,12,3098,7,14259,15,559056,703,573315,718,0,91,2,325,17,15334,1,189,84
02-14-21,Overton,2806,2,2133,1,673,1,2512,1,13874,11,16386,12,0,57,0,36,2,2713,0,62,57
02-14-21,Pending,14779,24,9670,12,5109,12,10733,14,362100,631,372833,645,-16,136,6,246,34,14397,0,129,124
02-14-21,Perry,1018,1,880,1,138,0,988,2,5797,6,6785,8,0,26,0,2,1,990,0,28,27
02-14-21,Pickett,737,0,490,0,247,0,590,0,3397,2,3987,2,0,22,-2,14,2,701,0,28,22
02-14-21,Polk,1669,6,1533,6,136,0,1698,6,8305,15,10003,21,0,21,0,80,6,1568,0,61,21
02-14-21,Putnam,10425,6,8645,5,1780,1,10367,5,65397,66,75764,71,0,166,-12,198,18,10061,0,199,168
02-14-21,Rhea,4034,6,3525,3,509,3,3952,4,24096,44,28048,48,0,68,-2,74,8,3892,0,79,72
02-14-21,Roane,5677,8,4486,5,1191,3,4983,6,38805,48,43788,54,1,95,0,125,7,5457,0,140,96
02-14-21,Robertson,8747,20,7034,9,1713,11,7938,10,39739,72,47677,82,1,109,-8,202,27,8436,0,392,116
02-14-21,Rutherford,37216,80,32679,45,4537,35,38125,49,209142,474,247267,523,1,362,-18,805,97,36049,1,557,371
02-14-21,Scott,2815,0,1628,0,1187,0,1733,0,10544,7,12277,7,0,41,-9,116,9,2658,0,60,43
02-14-21,Sequatchie,1500,3,1224,1,276,2,1331,0,11019,11,12350,11,0,26,2,59,1,1415,0,34,26
02-14-21,Sevier,11650,24,10356,17,1294,7,11404,21,59359,154,70763,175,1,154,0,219,23,11277,0,253,160
02-14-21,Shelby,85450,124,79938,104,5512,20,98511,156,841741,1693,940252,1849,7,1432,-16,1570,133,82448,2,3335,1490
02-14-21,Smith,2504,1,1936,1,568,0,2436,1,12396,15,14832,16,0,36,-3,44,4,2424,0,57,36
02-14-21,Stewart,1218,0,928,0,290,0,1049,1,6333,10,7382,11,0,24,-1,22,1,1172,0,24,24
02-14-21,Sullivan,13851,28,12118,28,1733,0,13109,32,77203,181,90312,213,0,263,6,216,22,13372,1,696,264
02-14-21,Sumner,20840,38,18921,20,1919,18,21422,23,108349,186,129771,209,0,303,-20,475,58,20062,1,677,309
02-14-21,Tipton,6781,3,4805,1,1976,2,5813,1,42897,81,48710,82,0,96,-7,79,10,6606,0,144,98
02-14-21,Trousdale,2374,0,2249,0,125,0,2410,0,8428,8,10838,8,0,21,-1,16,1,2337,0,38,22
02-14-21,Unicoi,1744,5,1371,0,373,5,1509,1,11964,11,13473,12,0,46,2,32,3,1666,0,61,47
02-14-21,Union,1645,3,1401,2,244,1,1513,2,9638,11,11151,13,0,28,2,30,1,1587,0,53,29
02-14-21,Van Buren,786,0,660,0,126,0,728,0,4880,4,5608,4,1,20,-2,3,1,763,0,19,20
02-14-21,Warren,5230,5,4498,4,732,1,5098,4,29928,34,35026,38,0,73,-5,74,10,5083,0,79,75
02-14-21,Washington,12457,8,10786,7,1671,1,11891,8,73455,183,85346,191,1,224,-13,222,20,12011,1,319,228
02-14-21,Wayne,2842,3,2324,1,518,2,2552,1,10676,7,13228,8,0,29,-1,38,4,2775,0,58,30
02-14-21,Weakley,3749,0,2822,0,927,0,3227,0,20396,19,23623,19,0,58,-9,47,9,3644,0,60,60
02-14-21,White,3281,2,2744,0,537,2,3360,0,21183,23,24543,23,0,63,0,71,2,3147,0,104,64
02-14-21,Williamson,24540,68,21156,38,3384,30,23503,41,164209,350,187712,391,1,198,-33,776,100,23566,1,281,202
02-14-21,Wilson,15934,34,14551,20,1383,14,16611,24,90781,224,107392,248,0,205,-18,280,52,15449,0,317,206
02-13-21,Anderson,7680,25,5908,9,1772,16,6611,9,57085,188,63696,197,0,147,10,185,15,7348,0,188,154
02-13-21,Bedford,5699,12,4615,11,1084,1,5333,12,28824,118,34157,130,0,117,5,74,7,5508,0,123,117
02-13-21,Benton,1491,1,1203,0,288,1,1327,0,8474,12,9801,12,0,39,-1,22,2,1430,0,35,39
02-13-21,Bledsoe,1958,2,1808,2,150,0,1918,3,13996,25,15914,28,0,10,-5,52,7,1896,0,32,10
02-13-21,Blount,13670,33,11915,19,1755,14,13126,19,65613,214,78739,233,1,169,1,305,31,13196,0,307,174
02-13-21,Bradley,12324,30,10419,23,1905,7,11815,30,57960,167,69775,197,0,131,-5,370,35,11823,1,503,137
02-13-21,Campbell,3689,13,2129,3,1560,10,2386,5,23579,48,25965,53,0,53,7,101,6,3535,0,110,58
02-13-21,Cannon,1717,5,1410,3,307,2,1574,3,8453,29,10027,32,1,27,2,32,2,1658,1,34,28
02-13-21,Carroll,3429,5,2269,2,1160,3,2689,3,18559,22,21248,25,0,78,1,42,4,3309,0,77,81
02-13-21,Carter,5821,7,5103,3,718,4,5592,3,33649,181,39241,184,0,147,-5,126,12,5548,0,208,148
02-13-21,Cheatham,3789,20,3011,14,778,6,3410,15,24607,159,28017,174,0,41,8,93,12,3655,0,77,42
02-13-21,Chester,1981,1,1436,1,545,0,1714,1,10787,12,12501,13,0,45,-2,13,3,1923,0,39,47
02-13-21,Claiborne,2567,14,1682,10,885,4,1796,10,21413,70,23209,80,0,65,4,115,10,2387,0,87,64
02-13-21,Clay,1053,0,728,0,325,0,832,0,5249,10,6081,10,0,29,-1,25,1,999,0,23,30
02-13-21,Cocke,3894,2,2694,2,1200,0,2973,1,19281,27,22254,28,0,89,-7,63,9,3742,0,108,91
02-13-21,Coffee,6156,16,4423,8,1733,8,5427,12,41995,182,47422,194,1,112,4,154,11,5890,0,110,113
02-13-21,Crockett,1950,5,1179,2,771,3,1375,3,6900,4,8275,7,0,44,2,25,3,1881,0,30,48
02-13-21,Cumberland,5982,4,5053,1,929,3,5794,1,45237,64,51031,65,0,111,-1,110,5,5761,0,145,118
02-13-21,Davidson,79347,174,75320,145,4027,29,91601,187,830421,2368,922022,2555,2,808,22,1915,150,76624,2,1844,821
02-13-21,Decatur,1522,3,1139,2,383,1,1354,2,10593,8,11947,10,0,35,3,16,0,1471,0,37,36
02-13-21,Dekalb,2593,4,1950,1,643,3,2252,1,15746,23,17998,24,0,46,-1,48,5,2499,0,52,47
02-13-21,Dickson,6016,15,4401,9,1615,6,5227,10,31889,124,37116,134,0,102,-4,59,19,5855,0,113,105
02-13-21,Dyer,5192,2,3451,1,1741,1,3885,1,20489,23,24374,24,0,96,-2,98,4,4998,0,103,100
02-13-21,Fayette,4578,7,3988,3,590,4,4892,3,33975,101,38867,104,0,70,-1,66,8,4442,0,118,69
02-13-21,Fentress,2269,2,1980,0,289,2,2261,0,11430,90,13691,90,1,43,0,24,1,2202,0,54,43
02-13-21,Franklin,4584,8,3878,8,706,0,4556,10,32838,113,37394,123,0,79,0,104,8,4401,0,102,83
02-13-21,Gibson,6104,4,3712,3,2392,1,4487,3,27452,37,31939,40,0,137,-3,98,7,5869,0,103,138
02-13-21,Giles,3647,8,3078,5,569,3,3534,7,21173,66,24707,73,1,92,-3,118,10,3437,0,110,96
02-13-21,Grainger,2358,6,1792,3,566,3,2009,3,12775,29,14784,32,0,45,-1,76,7,2237,0,62,47
02-13-21,Greene,7145,5,5691,3,1454,2,6349,6,41723,94,48072,100,1,140,-10,156,14,6849,0,171,140
02-13-21,Grundy,1617,3,1381,2,236,1,1585,3,7469,26,9054,29,0,27,1,70,2,1520,0,54,28
02-13-21,Hamblen,7756,12,5644,5,2112,7,6324,5,42627,47,48951,52,0,156,-1,133,13,7467,0,240,159
02-13-21,Hamilton,38892,74,33986,58,4906,16,37973,76,286223,805,324196,881,0,428,-39,750,113,37714,0,1054,443
02-13-21,Hancock,486,1,357,1,129,0,380,1,3593,6,3973,7,0,11,1,10,0,465,0,19,11
02-13-21,Hardeman,3352,1,2727,1,625,0,3193,1,23409,25,26602,26,1,61,-2,33,2,3258,0,98,62
02-13-21,Hardin,3267,4,2252,1,1015,3,2683,1,21905,31,24588,32,0,62,2,42,2,3163,0,59,63
02-13-21,Hawkins,5025,20,4153,7,872,13,4460,8,29537,52,33997,60,0,91,6,190,14,4744,1,134,92
02-13-21,Haywood,2623,2,2204,2,419,0,2507,2,12887,16,15394,18,0,58,0,22,2,2543,0,77,58
02-13-21,Henderson,3583,3,2508,0,1075,3,3145,0,15321,17,18466,17,0,69,-3,59,6,3455,0,75,72
02-13-21,Henry,2945,2,2308,2,637,0,2667,2,16802,23,19469,25,0,72,-2,31,4,2842,0,74,74
02-13-21,Hickman,2596,8,2129,2,467,6,2462,2,14978,42,17440,44,0,38,2,54,6,2504,0,51,39
02-13-21,Houston,1009,0,760,0,249,0,867,0,8868,10,9735,10,0,30,0,-3,0,982,0,38,30
02-13-21,Humphreys,1490,2,1000,0,490,2,1171,0,10740,21,11911,21,0,21,-4,6,6,1463,0,29,21
02-13-21,Jackson,1236,1,971,0,265,1,1132,0,5052,12,6184,12,1,33,-1,31,1,1172,0,38,32
02-13-21,Jefferson,5457,8,3860,4,1597,4,4365,5,34248,80,38613,85,1,110,-7,121,14,5226,0,168,115
02-13-21,Johnson,2129,3,1918,1,211,2,2039,1,13279,19,15318,20,0,37,-2,30,5,2062,0,57,37
02-13-21,Knox,44604,135,38282,90,6322,45,41792,104,287823,852,329615,956,4,546,-9,1333,140,42725,7,1237,555
02-13-21,Lake,1666,1,1482,0,184,1,1744,0,9391,7,11135,7,-1,24,2,3,0,1639,0,24,25
02-13-21,Lauderdale,3059,1,2393,1,666,0,2741,1,19526,52,22267,53,0,40,-3,50,4,2969,0,80,41
02-13-21,Lawrence,5493,14,4318,10,1175,4,4749,11,26833,122,31582,133,1,79,8,141,5,5273,1,136,79
02-13-21,Lewis,1428,2,1133,1,295,1,1225,1,9475,28,10700,29,0,24,-1,47,3,1357,0,41,24
02-13-21,Lincoln,4050,3,3177,1,873,2,3613,2,16280,49,19893,51,0,60,-3,64,6,3926,0,78,59
02-13-21,Loudon,5461,16,4350,5,1111,11,4750,5,28506,67,33256,72,0,61,1,168,15,5232,0,120,64
02-13-21,Macon,3312,1,2627,0,685,1,3084,1,14292,27,17376,28,0,73,-11,80,12,3159,0,117,73
02-13-21,Madison,9942,17,5571,3,4371,14,6796,2,50903,53,57699,55,0,219,-2,-533,19,10256,0,328,222
02-13-21,Marion,2840,3,2456,1,384,2,2746,2,16667,37,19413,39,0,44,-2,45,5,2751,0,101,44
02-13-21,Marshall,3834,2,3112,1,722,1,3516,4,21514,49,25030,53,0,52,-4,123,6,3659,0,86,53
02-13-21,Maury,11997,27,10750,21,1247,6,11870,24,67201,258,79071,282,0,152,8,297,19,11548,0,272,157
02-13-21,McMinn,5720,21,5140,16,580,5,5668,18,37975,228,43643,246,1,88,5,174,15,5458,2,143,89
02-13-21,McNairy,2600,1,1840,1,760,0,2252,1,16863,36,19115,37,0,49,1,-29,0,2580,0,62,50
02-13-21,Meigs,1235,0,1127,0,108,0,1253,0,7225,33,8478,33,0,20,-2,23,2,1192,0,37,20
02-13-21,Monroe,5136,18,4124,12,1012,6,4643,15,24273,84,28916,99,1,86,0,162,17,4888,1,140,90
02-13-21,Montgomery,16914,47,12522,27,4392,20,13765,28,100252,456,114017,484,0,200,-15,439,62,16275,1,289,205
02-13-21,Moore,926,0,728,0,198,0,824,0,4499,5,5323,5,0,15,-3,11,3,900,0,16,15
02-13-21,Morgan,2245,10,1692,6,553,4,1825,7,13996,28,15821,35,1,33,7,29,2,2183,0,33,36
02-13-21,Obion,4330,3,3228,2,1102,1,3653,2,20784,79,24437,81,0,91,2,44,1,4195,0,97,92
02-13-21,Out of State,15731,29,12640,27,3091,2,14244,38,558353,1408,572597,1446,0,91,11,323,18,15317,1,188,84
02-13-21,Overton,2804,3,2132,2,672,1,2511,2,13863,33,16374,35,0,57,-3,36,6,2711,0,62,57
02-13-21,Pending,14755,51,9658,36,5097,15,10719,44,361469,1032,372188,1076,-17,152,27,240,41,14363,1,129,124
02-13-21,Perry,1017,0,879,0,138,0,986,0,5791,6,6777,6,0,26,-3,2,3,989,0,28,26
02-13-21,Pickett,737,1,490,1,247,0,590,2,3395,5,3985,7,0,22,1,16,0,699,0,28,22
02-13-21,Polk,1663,3,1527,2,136,1,1692,4,8290,39,9982,43,0,21,-3,80,6,1562,0,61,21
02-13-21,Putnam,10419,10,8640,5,1779,5,10362,8,65331,176,75693,184,1,166,-14,210,23,10043,1,199,168
02-13-21,Rhea,4028,10,3522,7,506,3,3948,6,24052,47,28000,53,0,68,6,76,4,3884,0,79,72
02-13-21,Roane,5669,14,4481,10,1188,4,4977,13,38757,107,43734,120,0,94,2,125,12,5450,0,140,96
02-13-21,Robertson,8727,21,7025,13,1702,8,7928,13,39667,166,47595,179,1,108,-2,210,22,8409,1,392,115
02-13-21,Rutherford,37136,127,32634,76,4502,51,38076,89,208668,938,246744,1027,0,361,33,823,94,35952,1,556,370
02-13-21,Scott,2815,13,1628,5,1187,8,1733,5,10537,22,12270,27,0,41,5,125,8,2649,0,60,42
02-13-21,Sequatchie,1497,4,1223,1,274,3,1331,2,11008,18,12339,20,0,26,4,57,0,1414,0,34,26
02-13-21,Sevier,11626,33,10339,22,1287,11,11383,22,59205,114,70588,136,1,153,8,219,24,11254,0,253,158
02-13-21,Shelby,85326,161,79834,133,5492,28,98355,165,840048,3063,938403,3228,2,1425,-17,1586,176,82315,1,3333,1487
02-13-21,Smith,2503,3,1935,2,568,1,2435,3,12381,31,14816,34,0,36,-1,47,4,2420,0,57,36
02-13-21,Stewart,1218,2,928,2,290,0,1048,1,6323,18,7371,19,0,24,1,23,1,1171,0,24,24
02-13-21,Sullivan,13823,28,12090,18,1733,10,13077,18,77022,241,90099,259,0,263,8,210,20,13350,2,695,264
02-13-21,Sumner,20802,67,18901,47,1901,20,21399,54,108163,425,129562,479,0,303,9,495,58,20004,1,676,308
02-13-21,Tipton,6778,12,4804,2,1974,10,5812,2,42816,113,48628,115,0,96,0,86,12,6596,0,144,97
02-13-21,Trousdale,2374,2,2249,1,125,1,2410,1,8420,26,10830,27,0,21,1,17,1,2336,1,38,22
02-13-21,Unicoi,1739,4,1371,2,368,2,1508,3,11953,39,13461,42,0,46,2,30,2,1663,0,61,47
02-13-21,Union,1642,3,1399,3,243,0,1511,3,9627,15,11138,18,0,28,2,28,1,1586,1,53,29
02-13-21,Van Buren,786,0,660,0,126,0,728,0,4876,6,5604,6,0,19,0,5,0,762,0,19,20
02-13-21,Warren,5225,7,4494,6,731,1,5094,7,29894,67,34988,74,0,73,4,79,3,5073,0,79,75
02-13-21,Washington,12449,23,10779,17,1670,6,11883,18,73272,318,85155,336,1,223,3,235,19,11991,0,318,227
02-13-21,Wayne,2839,2,2323,2,516,0,2551,2,10669,19,13220,21,1,29,-3,39,4,2771,0,58,30
02-13-21,Weakley,3749,6,2822,4,927,2,3227,4,20377,62,23604,66,1,58,-1,56,6,3635,0,60,59
02-13-21,White,3279,8,2744,2,535,6,3360,2,21160,57,24520,59,0,63,6,71,2,3145,1,104,64
02-13-21,Williamson,24472,87,21118,57,3354,30,23462,65,163859,547,187321,612,0,197,-14,809,101,23466,0,280,202
02-13-21,Wilson,15900,45,14531,36,1369,9,16587,41,90557,283,107144,324,0,205,-5,298,50,15397,1,317,206
02-12-21,Anderson,7655,27,5899,15,1756,12,6602,15,56897,196,63499,211,0,147,12,175,15,7333,0,188,154
02-12-21,Bedford,5687,3,4604,2,1083,1,5321,3,28706,64,34027,67,2,117,-11,69,12,5501,0,123,117
02-12-21,Benton,1490,3,1203,1,287,2,1327,1,8462,17,9789,18,0,39,3,23,0,1428,0,35,39
02-12-21,Bledsoe,1956,8,1806,6,150,2,1915,6,13971,47,15886,53,0,10,2,57,6,1889,0,32,10
02-12-21,Blount,13637,38,11896,22,1741,16,13107,28,65399,259,78506,287,2,168,8,304,28,13165,0,307,173
02-12-21,Bradley,12294,46,10396,36,1898,10,11785,40,57793,250,69578,290,0,131,11,375,35,11788,2,502,137
02-12-21,Campbell,3676,11,2126,2,1550,9,2381,3,23531,31,25912,34,1,53,2,94,8,3529,0,110,58
02-12-21,Cannon,1712,4,1407,3,305,1,1571,4,8424,21,9995,25,0,26,1,30,3,1656,0,33,28
02-12-21,Carroll,3424,2,2267,1,1157,1,2686,1,18537,15,21223,16,-1,78,-5,41,8,3305,0,77,81
02-12-21,Carter,5814,14,5100,10,714,4,5589,10,33468,105,39057,115,0,147,-6,131,20,5536,0,208,148
02-12-21,Cheatham,3769,5,2997,1,772,4,3395,3,24448,68,27843,71,1,41,-7,85,11,3643,0,77,41
02-12-21,Chester,1980,3,1435,3,545,0,1713,3,10775,14,12488,17,0,45,-9,15,12,1920,0,39,46
02-12-21,Claiborne,2553,21,1672,11,881,10,1786,12,21343,118,23129,130,3,65,4,111,14,2377,0,87,64
02-12-21,Clay,1053,1,728,1,325,0,832,1,5239,13,6071,14,0,29,0,26,1,998,0,23,30
02-12-21,Cocke,3892,11,2692,2,1200,9,2972,4,19254,46,22226,50,2,89,-2,70,11,3733,0,108,91
02-12-21,Coffee,6140,8,4415,4,1725,4,5415,5,41813,173,47228,178,1,111,-6,150,13,5879,0,110,113
02-12-21,Crockett,1945,0,1177,0,768,0,1372,0,6896,14,8268,14,0,44,-2,23,2,1878,0,30,47
02-12-21,Cumberland,5978,19,5052,17,926,2,5793,20,45173,139,50966,159,2,111,7,111,10,5756,0,145,118
02-12-21,Davidson,79173,186,75175,155,3998,31,91414,183,828053,4745,919467,4928,2,806,-66,1893,250,76474,3,1842,815
02-12-21,Decatur,1519,0,1137,0,382,0,1352,0,10585,4,11937,4,1,35,-3,13,2,1471,0,37,36
02-12-21,Dekalb,2589,9,1949,8,640,1,2251,10,15723,52,17974,62,0,46,3,49,6,2494,0,52,47
02-12-21,Dickson,6001,9,4392,6,1609,3,5217,8,31765,67,36982,75,2,102,-8,63,15,5836,0,113,103
02-12-21,Dyer,5190,2,3450,1,1740,1,3884,1,20466,26,24350,27,0,96,-5,100,7,4994,0,103,100
02-12-21,Fayette,4571,7,3985,7,586,0,4889,6,33874,52,38763,58,1,70,-8,67,14,4434,0,118,69
02-12-21,Fentress,2267,1,1980,0,287,1,2261,0,11340,23,13601,23,0,42,1,24,0,2201,0,54,43
02-12-21,Franklin,4576,9,3870,8,706,1,4546,11,32725,162,37271,173,0,79,-2,104,11,4393,0,102,82
02-12-21,Gibson,6100,8,3709,8,2391,0,4484,10,27415,69,31899,79,0,137,-9,101,17,5862,0,103,138
02-12-21,Giles,3639,16,3073,11,566,5,3527,12,21107,113,24634,125,1,91,10,121,5,3427,0,110,96
02-12-21,Grainger,2352,13,1789,9,563,4,2006,9,12746,47,14752,56,-1,45,9,77,5,2230,0,62,47
02-12-21,Greene,7140,11,5688,11,1452,0,6343,13,41629,181,47972,194,2,139,-12,166,21,6835,0,171,140
02-12-21,Grundy,1614,6,1379,4,235,2,1582,4,7443,39,9025,43,0,27,-3,69,9,1518,0,54,28
02-12-21,Hamblen,7744,20,5639,7,2105,13,6319,8,42580,140,48899,148,3,156,-10,134,27,7454,0,240,159
02-12-21,Hamilton,38818,108,33928,94,4890,14,37897,100,285418,1003,323315,1103,4,428,-8,789,112,37601,3,1054,440
02-12-21,Hancock,485,3,356,3,129,0,379,4,3587,7,3966,11,2,11,0,9,1,465,0,19,11
02-12-21,Hardeman,3351,1,2726,1,625,0,3192,1,23384,27,26576,28,-2,60,0,35,3,3256,0,98,62
02-12-21,Hardin,3263,5,2251,2,1012,3,2682,2,21874,35,24556,37,2,62,-2,40,5,3161,1,59,63
02-12-21,Hawkins,5005,20,4146,16,859,4,4452,18,29485,158,33937,176,1,91,-3,184,22,4730,0,133,92
02-12-21,Haywood,2621,3,2202,3,419,0,2505,3,12871,10,15376,13,0,58,-1,22,4,2541,0,77,58
02-12-21,Henderson,3580,6,2508,3,1072,3,3145,3,15304,14,18449,17,0,69,-1,62,7,3449,0,75,72
02-12-21,Henry,2943,3,2306,3,637,0,2665,3,16779,29,19444,32,0,72,-4,33,7,2838,0,74,74
02-12-21,Hickman,2588,5,2127,2,461,3,2460,3,14936,47,17396,50,0,38,-3,52,8,2498,0,51,39
02-12-21,Houston,1009,1,760,1,249,0,867,2,8858,8,9725,10,0,30,0,-3,1,982,0,38,30
02-12-21,Humphreys,1488,3,1000,1,488,2,1171,1,10719,22,11890,23,0,21,-2,10,5,1457,0,29,21
02-12-21,Jackson,1235,1,971,1,264,0,1132,1,5040,16,6172,17,1,32,-4,32,4,1171,0,38,32
02-12-21,Jefferson,5449,17,3856,11,1593,6,4360,19,34168,266,38528,285,2,109,0,128,15,5212,0,168,115
02-12-21,Johnson,2126,3,1917,3,209,0,2038,3,13260,42,15298,45,0,37,-2,32,5,2057,1,57,37
02-12-21,Knox,44469,180,38192,116,6277,64,41688,129,286971,1000,328659,1129,3,542,18,1342,159,42585,3,1230,551
02-12-21,Lake,1665,1,1482,0,183,1,1744,0,9384,8,11128,8,1,25,-2,1,2,1639,0,24,25
02-12-21,Lauderdale,3058,3,2392,3,666,0,2740,4,19474,20,22214,24,0,40,-1,53,4,2965,0,80,41
02-12-21,Lawrence,5479,6,4308,5,1171,1,4738,6,26711,74,31449,80,0,78,-13,133,19,5268,0,135,79
02-12-21,Lewis,1426,6,1132,1,294,5,1224,1,9447,11,10671,12,0,24,-4,48,10,1354,0,41,24
02-12-21,Lincoln,4047,9,3176,7,871,2,3611,7,16231,38,19842,45,2,60,-1,67,8,3920,0,78,59
02-12-21,Loudon,5445,23,4345,15,1100,8,4745,16,28439,62,33184,78,0,61,-6,167,29,5217,0,120,64
02-12-21,Macon,3311,13,2627,4,684,9,3083,4,14265,83,17348,87,1,73,1,91,11,3147,0,117,73
02-12-21,Madison,9925,11,5568,6,4357,5,6794,12,50850,46,57644,58,2,219,-4,-531,13,10237,0,328,222
02-12-21,Marion,2837,13,2455,12,382,1,2744,11,16630,44,19374,55,0,44,3,47,10,2746,0,101,44
02-12-21,Marshall,3832,10,3111,7,721,3,3512,5,21465,35,24977,40,0,52,2,127,8,3653,0,86,53
02-12-21,Maury,11970,21,10729,10,1241,11,11846,9,66943,70,78789,79,1,152,-15,289,35,11529,1,272,157
02-12-21,McMinn,5699,12,5124,10,575,2,5650,10,37747,109,43397,119,0,87,-2,169,14,5443,0,141,89
02-12-21,McNairy,2599,8,1839,6,760,2,2251,6,16827,10,19078,16,0,49,4,-30,4,2580,0,62,49
02-12-21,Meigs,1235,3,1127,0,108,3,1253,0,7192,31,8445,31,0,20,-1,25,4,1190,0,37,20
02-12-21,Monroe,5118,12,4112,10,1006,2,4628,11,24189,99,28817,110,0,85,-5,162,17,4871,0,139,90
02-12-21,Montgomery,16867,46,12495,35,4372,11,13737,36,99796,229,113533,265,2,200,-35,454,79,16213,1,288,204
02-12-21,Moore,926,2,728,2,198,0,824,2,4494,8,5318,10,0,15,-1,14,3,897,0,16,15
02-12-21,Morgan,2235,8,1686,5,549,3,1818,5,13968,30,15786,35,2,32,2,22,4,2181,0,33,36
02-12-21,Obion,4327,1,3226,1,1101,0,3651,1,20705,33,24356,34,0,91,-8,42,9,4194,0,97,92
02-12-21,Out of State,15702,31,12613,21,3089,10,14206,30,556945,1525,571151,1555,0,91,-3,312,34,15299,1,187,83
02-12-21,Overton,2801,4,2130,4,671,0,2509,5,13830,31,16339,36,0,57,1,39,3,2705,0,62,57
02-12-21,Pending,14704,42,9622,22,5082,20,10675,26,360437,1291,371112,1317,-7,169,1,213,48,14322,0,128,124
02-12-21,Perry,1017,0,879,0,138,0,986,0,5785,9,6771,9,0,26,-3,5,3,986,0,28,26
02-12-21,Pickett,736,0,489,0,247,0,588,1,3390,33,3978,34,0,22,-3,15,3,699,0,28,22
02-12-21,Polk,1660,28,1525,26,135,2,1688,25,8251,46,9939,71,0,21,22,83,6,1556,1,61,21
02-12-21,Putnam,10409,32,8635,26,1774,6,10354,34,65155,228,75509,262,1,165,6,224,25,10020,0,198,167
02-12-21,Rhea,4018,12,3515,8,503,4,3942,10,24005,66,27947,76,2,68,4,70,6,3880,0,79,72
02-12-21,Roane,5655,30,4471,23,1184,7,4964,24,38650,138,43614,162,0,94,12,123,18,5438,0,140,96
02-12-21,Robertson,8706,15,7012,7,1694,8,7915,9,39501,55,47416,64,0,107,-16,212,31,8387,0,391,114
02-12-21,Rutherford,37009,92,32558,63,4451,29,37987,75,207730,754,245717,829,5,361,-50,790,137,35858,0,555,369
02-12-21,Scott,2802,6,1623,3,1179,3,1728,4,10515,24,12243,28,0,41,-2,120,8,2641,0,60,42
02-12-21,Sequatchie,1493,4,1222,3,271,1,1329,5,10990,31,12319,36,0,26,-1,53,5,1414,1,34,26
02-12-21,Sevier,11593,33,10317,21,1276,12,11361,24,59091,216,70452,240,2,152,-3,211,34,11230,0,253,158
02-12-21,Shelby,85165,191,79701,162,5464,29,98190,226,836985,3052,935175,3278,13,1423,-98,1603,276,82139,0,3332,1487
02-12-21,Smith,2500,6,1933,4,567,2,2432,4,12350,14,14782,18,0,36,4,48,2,2416,0,57,36
02-12-21,Stewart,1216,2,926,2,290,0,1047,2,6305,9,7352,11,0,24,1,22,1,1170,0,24,24
02-12-21,Sullivan,13795,30,12072,26,1723,4,13059,30,76781,272,89840,302,1,263,-14,202,43,13330,1,693,262
02-12-21,Sumner,20735,58,18854,33,1881,25,21345,39,107738,283,129083,322,5,303,-26,486,79,19946,0,675,308
02-12-21,Tipton,6766,11,4802,3,1964,8,5810,4,42703,80,48513,84,3,96,-10,86,18,6584,0,144,96
02-12-21,Trousdale,2372,1,2248,0,124,1,2409,0,8394,31,10803,31,0,21,-3,16,4,2335,0,37,22
02-12-21,Unicoi,1735,4,1369,3,366,1,1505,3,11914,32,13419,35,0,46,2,28,2,1661,0,61,46
02-12-21,Union,1639,10,1396,9,243,1,1508,10,9612,28,11120,38,0,28,3,26,7,1585,0,52,29
02-12-21,Van Buren,786,0,660,0,126,0,728,0,4870,10,5598,10,0,19,-3,5,3,762,0,19,20
02-12-21,Warren,5218,22,4488,17,730,5,5087,20,29827,154,34914,174,-1,73,14,75,9,5070,0,79,75
02-12-21,Washington,12426,35,10762,30,1664,5,11865,36,72954,291,84819,327,1,222,12,232,22,11972,0,318,226
02-12-21,Wayne,2837,4,2321,2,516,2,2549,2,10650,22,13199,24,0,28,0,42,4,2767,0,58,30
02-12-21,Weakley,3743,5,2818,4,925,1,3223,4,20315,38,23538,42,2,57,-3,57,6,3629,0,60,58
02-12-21,White,3271,12,2742,10,529,2,3358,12,21103,82,24461,94,2,63,1,65,9,3143,0,103,64
02-12-21,Williamson,24385,80,21061,47,3324,33,23397,54,163312,558,186709,612,3,197,-24,823,101,23365,1,280,202
02-12-21,Wilson,15855,40,14495,32,1360,8,16546,35,90274,258,106820,293,1,205,-16,303,55,15347,1,316,205
02-11-21,Anderson,7628,13,5884,8,1744,5,6587,12,56701,178,63288,190,-1,147,-16,163,30,7318,0,188,154
02-11-21,Bedford,5684,24,4602,18,1082,6,5318,19,28642,137,33960,156,0,115,4,80,20,5489,0,123,117
02-11-21,Benton,1487,4,1202,2,285,2,1326,2,8445,22,9771,24,2,39,-2,20,4,1428,0,35,39
02-11-21,Bledsoe,1948,7,1800,3,148,4,1909,4,13924,53,15833,57,0,10,-2,55,9,1883,0,32,10
02-11-21,Blount,13599,54,11874,34,1725,20,13079,37,65140,254,78219,291,4,166,12,296,38,13137,1,307,172
02-11-21,Bradley,12248,50,10360,32,1888,18,11745,37,57543,203,69288,240,2,131,-1,364,49,11753,1,500,136
02-11-21,Campbell,3665,10,2124,6,1541,4,2378,6,23500,34,25878,40,0,52,-2,92,12,3521,0,110,57
02-11-21,Cannon,1708,1,1404,1,304,0,1567,1,8403,37,9970,38,0,26,-7,29,8,1653,0,33,28
02-11-21,Carroll,3422,9,2266,6,1156,3,2685,7,18522,57,21207,64,0,79,-4,46,13,3297,0,77,81
02-11-21,Carter,5800,11,5090,8,710,3,5579,10,33363,86,38942,96,2,147,-10,137,19,5516,1,208,148
02-11-21,Cheatham,3764,6,2996,3,768,3,3392,5,24380,63,27772,68,1,40,-2,92,7,3632,0,77,41
02-11-21,Chester,1977,5,1432,4,545,1,1710,4,10761,53,12471,57,0,45,0,24,5,1908,0,39,46
02-11-21,Claiborne,2532,25,1661,16,871,9,1774,15,21225,110,22999,125,1,62,7,107,17,2363,0,87,64
02-11-21,Clay,1052,3,727,0,325,3,831,0,5226,4,6057,4,0,29,2,26,1,997,0,23,30
02-11-21,Cocke,3881,10,2690,4,1191,6,2968,6,19208,85,22176,91,2,87,-1,72,9,3722,2,108,91
02-11-21,Coffee,6132,23,4411,13,1721,10,5410,14,41640,165,47050,179,1,110,0,156,22,5866,0,110,113
02-11-21,Crockett,1945,2,1177,0,768,2,1372,0,6882,27,8254,27,1,44,-2,25,3,1876,0,30,47
02-11-21,Cumberland,5959,16,5035,13,924,3,5773,15,45034,113,50807,128,1,109,-4,104,19,5746,1,145,118
02-11-21,Davidson,78987,268,75020,234,3967,34,91231,276,823308,2919,914539,3195,6,804,21,1959,241,76224,1,1839,814
02-11-21,Decatur,1519,1,1137,1,382,0,1352,1,10581,14,11933,15,1,34,-5,16,5,1469,0,37,35
02-11-21,Dekalb,2580,5,1941,2,639,3,2241,2,15671,40,17912,42,0,46,-5,46,10,2488,0,52,47
02-11-21,Dickson,5992,32,4386,10,1606,22,5209,13,31698,112,36907,125,1,100,10,71,21,5821,0,113,103
02-11-21,Dyer,5188,9,3449,4,1739,5,3883,4,20440,37,24323,41,0,96,-7,105,16,4987,0,103,100
02-11-21,Fayette,4564,1,3978,0,586,1,4883,2,33822,114,38705,116,1,69,-16,75,16,4420,0,118,69
02-11-21,Fentress,2266,4,1980,3,286,1,2261,4,11317,133,13578,137,0,42,0,23,4,2201,0,54,43
02-11-21,Franklin,4567,21,3862,16,705,5,4535,19,32563,307,37098,326,1,79,9,106,11,4382,0,102,81
02-11-21,Gibson,6092,10,3701,8,2391,2,4474,9,27346,76,31820,85,7,137,-13,110,16,5845,0,103,138
02-11-21,Giles,3623,23,3062,19,561,4,3515,21,20994,132,24509,153,0,90,13,111,10,3422,1,110,96
02-11-21,Grainger,2339,9,1780,4,559,5,1997,4,12699,36,14696,40,1,46,4,68,4,2225,0,62,47
02-11-21,Greene,7129,12,5677,10,1452,2,6330,14,41448,166,47778,180,0,137,-4,178,16,6814,0,171,140
02-11-21,Grundy,1608,6,1375,4,233,2,1578,4,7404,88,8982,92,0,27,-1,72,7,1509,0,54,28
02-11-21,Hamblen,7724,19,5632,4,2092,15,6311,3,42440,93,48751,96,0,153,-20,144,39,7427,0,240,159
02-11-21,Hamilton,38710,178,33834,135,4876,43,37797,144,284415,1037,322212,1181,6,424,53,797,119,37489,6,1051,440
02-11-21,Hancock,482,3,353,3,129,0,375,3,3580,2,3955,5,0,9,2,9,1,464,0,19,11
02-11-21,Hardeman,3350,5,2725,2,625,3,3191,3,23357,65,26548,68,0,62,-1,35,6,3253,0,98,62
02-11-21,Hardin,3258,6,2249,4,1009,2,2680,5,21839,46,24519,51,0,60,-2,42,8,3156,0,58,63
02-11-21,Hawkins,4985,22,4130,19,855,3,4434,27,29327,140,33761,167,2,90,-14,187,34,4708,3,133,92
02-11-21,Haywood,2618,1,2199,1,419,0,2502,1,12861,19,15363,20,0,58,-7,23,8,2537,0,77,58
02-11-21,Henderson,3574,16,2505,11,1069,5,3142,12,15290,28,18432,40,-1,69,7,63,10,3442,0,75,72
02-11-21,Henry,2940,9,2303,5,637,4,2662,5,16750,32,19412,37,0,72,-6,37,15,2831,0,74,74
02-11-21,Hickman,2583,7,2125,4,458,3,2457,5,14889,48,17346,53,0,38,-3,55,10,2490,0,51,39
02-11-21,Houston,1008,3,759,1,249,2,865,1,8850,76,9715,77,2,30,1,-3,0,981,0,38,30
02-11-21,Humphreys,1485,2,999,1,486,1,1170,1,10697,31,11867,32,0,21,-3,12,5,1452,0,29,21
02-11-21,Jackson,1234,6,970,4,264,2,1131,5,5024,12,6155,17,1,31,1,36,4,1167,0,38,32
02-11-21,Jefferson,5432,9,3845,5,1587,4,4341,6,33902,186,38243,192,6,107,-27,128,30,5197,0,168,115
02-11-21,Johnson,2123,1,1914,0,209,1,2035,0,13218,107,15253,107,0,37,-4,34,5,2052,0,56,37
02-11-21,Knox,44289,162,38076,113,6213,49,41559,117,285971,1130,327530,1247,5,539,-35,1324,192,42426,5,1227,550
02-11-21,Lake,1664,1,1482,1,182,0,1744,1,9376,16,11120,17,1,24,-1,3,1,1637,0,24,25
02-11-21,Lauderdale,3055,9,2389,7,666,2,2736,8,19454,89,22190,97,0,40,5,54,4,2961,0,80,41
02-11-21,Lawrence,5473,27,4303,22,1170,5,4732,24,26637,171,31369,195,1,78,13,146,13,5249,0,135,79
02-11-21,Lewis,1420,4,1131,2,289,2,1223,2,9436,36,10659,38,0,24,1,52,3,1344,0,41,24
02-11-21,Lincoln,4038,12,3169,10,869,2,3604,10,16193,73,19797,83,1,58,0,68,11,3912,1,78,58
02-11-21,Loudon,5422,23,4330,14,1092,9,4729,14,28377,89,33106,103,1,61,-4,173,26,5188,0,120,63
02-11-21,Macon,3298,2,2623,1,675,1,3079,2,14182,62,17261,64,1,72,-6,90,7,3136,0,117,73
02-11-21,Madison,9914,15,5562,12,4352,3,6782,11,50804,194,57586,205,4,217,-4,-527,15,10224,2,328,221
02-11-21,Marion,2824,7,2443,6,381,1,2733,7,16586,116,19319,123,2,44,-7,44,12,2736,0,101,44
02-11-21,Marshall,3822,14,3104,10,718,4,3507,10,21430,113,24937,123,1,52,-3,125,16,3645,0,86,53
02-11-21,Maury,11949,43,10719,38,1230,5,11837,46,66873,323,78710,369,0,151,-21,304,64,11494,0,271,156
02-11-21,McMinn,5687,21,5114,13,573,8,5640,15,37638,90,43278,105,0,87,3,171,18,5429,0,141,88
02-11-21,McNairy,2591,8,1833,7,758,1,2245,8,16817,47,19062,55,1,49,0,-34,7,2576,1,62,49
02-11-21,Meigs,1232,3,1127,3,105,0,1253,3,7161,51,8414,54,-1,20,0,26,4,1186,0,37,20
02-11-21,Monroe,5106,13,4102,7,1004,6,4617,7,24090,40,28707,47,1,85,-4,167,16,4854,0,139,89
02-11-21,Montgomery,16821,47,12460,24,4361,23,13701,28,99567,294,113268,322,8,198,-43,489,82,16134,0,287,203
02-11-21,Moore,924,1,726,1,198,0,822,1,4486,15,5308,16,0,15,-1,15,2,894,0,16,15
02-11-21,Morgan,2227,1,1681,0,546,1,1813,2,13938,23,15751,25,1,30,-7,20,7,2177,0,33,36
02-11-21,Obion,4326,13,3225,10,1101,3,3650,10,20672,53,24322,63,0,91,5,50,8,4185,0,97,92
02-11-21,Out of State,15671,55,12592,44,3079,11,14176,53,555420,1850,569596,1903,-14,91,24,315,45,15265,0,186,83
02-11-21,Overton,2797,7,2126,5,671,2,2504,6,13799,33,16303,39,1,57,-1,38,7,2702,0,62,57
02-11-21,Pending,14662,60,9600,38,5062,22,10649,41,359146,1400,369795,1441,-31,176,34,212,57,14274,0,128,124
02-11-21,Perry,1017,2,879,1,138,1,986,2,5776,8,6762,10,0,26,2,8,0,983,0,28,26
02-11-21,Pickett,736,1,489,1,247,0,587,2,3357,8,3944,10,1,22,-1,18,1,696,0,28,22
02-11-21,Polk,1632,8,1499,7,133,1,1663,8,8205,49,9868,57,0,21,-2,61,10,1550,0,60,21
02-11-21,Putnam,10377,17,8609,13,1768,4,10320,14,64927,263,75247,277,0,164,-14,218,31,9995,0,198,167
02-11-21,Rhea,4006,6,3507,5,499,1,3932,6,23939,128,27871,134,0,66,-3,66,9,3874,0,79,71
02-11-21,Roane,5625,31,4448,13,1177,18,4940,15,38512,114,43452,129,0,94,11,111,20,5420,0,140,96
02-11-21,Robertson,8691,21,7005,17,1686,4,7906,19,39446,188,47352,207,2,107,-12,228,31,8356,0,391,113
02-11-21,Rutherford,36917,166,32495,116,4422,50,37912,117,206976,1105,244888,1222,4,356,13,840,149,35721,3,555,367
02-11-21,Scott,2796,18,1620,5,1176,13,1724,4,10491,27,12215,31,0,41,10,122,8,2633,0,60,42
02-11-21,Sequatchie,1489,8,1219,6,270,2,1324,5,10959,30,12283,35,0,26,1,54,7,1409,0,33,26
02-11-21,Sevier,11560,31,10296,24,1264,7,11337,23,58875,192,70212,215,1,150,-17,214,47,11196,1,253,157
02-11-21,Shelby,84974,222,79539,187,5435,35,97964,242,833933,4317,931897,4559,25,1410,-94,1701,291,81863,1,3332,1482
02-11-21,Smith,2494,3,1929,2,565,1,2428,4,12336,17,14764,21,0,36,-5,44,8,2414,0,57,36
02-11-21,Stewart,1214,7,924,6,290,1,1045,7,6296,23,7341,30,-1,24,5,21,3,1169,0,24,24
02-11-21,Sullivan,13765,45,12046,36,1719,9,13029,46,76509,377,89538,423,2,262,-38,216,81,13287,1,692,262
02-11-21,Sumner,20677,49,18821,32,1856,17,21306,44,107455,397,128761,441,5,298,-33,512,77,19867,0,675,306
02-11-21,Tipton,6755,18,4799,12,1956,6,5806,16,42623,180,48429,196,0,93,-2,96,20,6566,0,144,96
02-11-21,Trousdale,2371,1,2248,0,123,1,2409,0,8363,24,10772,24,0,21,-1,19,2,2331,0,37,22
02-11-21,Unicoi,1731,0,1366,0,365,0,1502,0,11882,11,13384,11,0,46,0,26,0,1659,0,61,46
02-11-21,Union,1629,6,1387,2,242,4,1498,5,9584,30,11082,35,0,28,-3,23,9,1578,0,52,29
02-11-21,Van Buren,786,0,660,0,126,0,728,0,4860,43,5588,43,1,19,-3,8,2,759,0,19,20
02-11-21,Warren,5196,5,4471,4,725,1,5067,5,29673,74,34740,79,3,74,-12,61,14,5061,0,79,75
02-11-21,Washington,12391,34,10732,27,1659,7,11829,30,72663,228,84492,258,-1,221,10,220,25,11950,2,318,226
02-11-21,Wayne,2833,7,2319,3,514,4,2547,4,10628,21,13175,25,1,28,3,42,3,2763,0,58,30
02-11-21,Weakley,3738,5,2814,3,924,2,3219,5,20277,37,23496,42,1,55,1,60,3,3623,0,60,58
02-11-21,White,3259,9,2732,3,527,6,3346,3,21021,45,24367,48,0,61,-1,64,10,3134,1,103,63
02-11-21,Williamson,24305,121,21014,85,3291,36,23343,87,162754,766,186097,853,1,194,9,847,111,23264,0,279,202
02-11-21,Wilson,15815,70,14463,55,1352,15,16511,64,90016,498,106527,562,3,204,-2,319,69,15292,0,315,205
02-10-21,Anderson,7615,25,5876,15,1739,10,6575,19,56523,195,63098,214,1,148,8,179,16,7288,1,188,153
02-10-21,Bedford,5660,5,4584,4,1076,1,5299,5,28505,76,33804,81,3,115,-10,76,12,5469,0,123,116
02-10-21,Benton,1483,4,1200,1,283,3,1324,1,8423,17,9747,18,0,37,-3,22,7,1424,0,35,39
02-10-21,Bledsoe,1941,12,1797,10,144,2,1905,10,13871,32,15776,42,-1,10,2,57,11,1874,0,32,10
02-10-21,Blount,13545,33,11840,24,1705,9,13042,25,64886,208,77928,233,4,162,-8,284,37,13099,0,306,172
02-10-21,Bradley,12198,37,10328,24,1870,13,11708,32,57340,257,69048,289,0,129,-8,365,45,11704,1,499,136
02-10-21,Campbell,3655,7,2118,2,1537,5,2372,3,23466,52,25838,55,0,52,-8,94,15,3509,0,110,56
02-10-21,Cannon,1707,3,1403,3,304,0,1566,5,8366,29,9932,34,0,26,-2,36,5,1645,0,33,28
02-10-21,Carroll,3413,3,2260,2,1153,1,2678,2,18465,30,21143,32,0,79,-9,50,12,3284,0,77,81
02-10-21,Carter,5789,20,5082,18,707,2,5569,23,33277,138,38846,161,5,145,-3,147,18,5497,0,207,146
02-10-21,Cheatham,3758,5,2993,4,765,1,3387,6,24317,92,27704,98,0,39,-12,94,17,3625,0,77,41
02-10-21,Chester,1972,5,1428,3,544,2,1706,4,10708,86,12414,90,1,45,-8,24,12,1903,0,39,46
02-10-21,Claiborne,2507,12,1645,6,862,6,1759,7,21115,41,22874,48,5,61,0,100,7,2346,0,87,64
02-10-21,Clay,1049,5,727,5,322,0,831,5,5222,25,6053,30,-1,29,4,24,2,996,0,23,30
02-10-21,Cocke,3871,17,2686,9,1185,8,2962,9,19123,43,22085,52,0,85,-6,73,23,3713,0,106,91
02-10-21,Coffee,6109,18,4398,5,1711,13,5396,5,41475,102,46871,107,1,109,1,156,16,5844,0,110,113
02-10-21,Crockett,1943,5,1177,4,766,1,1372,4,6855,13,8227,17,0,43,2,27,3,1873,1,30,47
02-10-21,Cumberland,5943,12,5022,7,921,5,5758,7,44921,150,50679,157,2,108,2,108,8,5727,2,144,117
02-10-21,Davidson,78719,223,74786,193,3933,30,90955,230,820389,3562,911344,3792,-2,798,-61,1938,286,75983,2,1838,813
02-10-21,Decatur,1518,4,1136,3,382,1,1351,3,10567,16,11918,19,0,33,4,21,0,1464,0,37,35
02-10-21,Dekalb,2575,11,1939,5,636,6,2239,5,15631,44,17870,49,-2,46,10,51,3,2478,0,52,47
02-10-21,Dickson,5960,29,4376,5,1584,24,5196,6,31586,149,36782,155,1,99,-1,61,29,5800,0,113,103
02-10-21,Dyer,5179,5,3445,3,1734,2,3879,4,20403,51,24282,55,4,96,-9,112,10,4971,0,103,100
02-10-21,Fayette,4563,8,3978,6,585,2,4881,9,33708,143,38589,152,1,68,-6,91,13,4404,0,118,69
02-10-21,Fentress,2262,1,1977,0,285,1,2257,1,11184,34,13441,35,1,42,-4,23,4,2197,0,54,43
02-10-21,Franklin,4546,17,3846,10,700,7,4516,11,32256,162,36772,173,2,78,0,97,15,4371,0,102,80
02-10-21,Gibson,6082,4,3693,2,2389,2,4465,5,27270,35,31735,40,1,130,-10,123,13,5829,0,103,138
02-10-21,Giles,3600,9,3043,7,557,2,3494,8,20862,39,24356,47,1,90,2,98,6,3412,0,109,95
02-10-21,Grainger,2330,10,1776,9,554,1,1993,10,12663,66,14656,76,0,45,2,64,8,2221,0,62,47
02-10-21,Greene,7117,27,5667,25,1450,2,6316,28,41282,387,47598,415,1,137,10,182,16,6798,1,171,139
02-10-21,Grundy,1602,16,1371,13,231,3,1574,13,7316,58,8890,71,-1,27,11,73,6,1502,0,54,28
02-10-21,Hamblen,7705,41,5628,22,2077,19,6308,24,42347,160,48655,184,2,153,23,164,16,7388,2,240,156
02-10-21,Hamilton,38532,140,33699,95,4833,45,37653,98,283378,836,321031,934,1,418,21,744,118,37370,7,1045,437
02-10-21,Hancock,479,0,350,0,129,0,372,1,3578,10,3950,11,0,9,-2,7,2,463,0,19,11
02-10-21,Hardeman,3345,4,2723,3,622,1,3188,4,23292,35,26480,39,0,62,-7,36,11,3247,0,98,61
02-10-21,Hardin,3252,4,2245,3,1007,1,2675,3,21793,64,24468,67,0,60,2,44,2,3148,0,58,63
02-10-21,Hawkins,4963,31,4111,17,852,14,4407,16,29187,245,33594,261,1,88,9,201,21,4674,1,130,92
02-10-21,Haywood,2617,7,2198,6,419,1,2501,7,12842,69,15343,76,0,58,4,30,3,2529,0,77,58
02-10-21,Henderson,3558,4,2494,3,1064,1,3130,3,15262,27,18392,30,0,70,-2,56,6,3432,0,75,72
02-10-21,Henry,2931,17,2298,13,633,4,2657,14,16718,36,19375,50,0,72,8,43,9,2816,0,74,74
02-10-21,Hickman,2576,10,2121,8,455,2,2452,9,14841,73,17293,82,0,38,7,58,3,2480,0,51,39
02-10-21,Houston,1005,1,758,1,247,0,864,1,8774,122,9638,123,0,28,0,-4,1,981,0,38,30
02-10-21,Humphreys,1483,4,998,4,485,0,1169,4,10666,33,11835,37,1,21,3,15,0,1447,0,29,21
02-10-21,Jackson,1228,4,966,1,262,3,1126,1,5012,12,6138,13,0,30,0,35,4,1163,0,38,32
02-10-21,Jefferson,5423,26,3840,17,1583,9,4335,15,33716,118,38051,133,4,101,-2,155,24,5167,1,168,114
02-10-21,Johnson,2122,2,1914,2,208,0,2035,3,13111,60,15146,63,-1,37,-4,38,7,2047,0,56,37
02-10-21,Knox,44127,149,37963,107,6164,42,41442,111,284841,1029,326283,1140,7,534,-44,1359,186,42234,6,1222,548
02-10-21,Lake,1663,1,1481,1,182,0,1743,1,9360,36,11103,37,-1,23,2,4,0,1636,0,24,25
02-10-21,Lauderdale,3046,3,2382,3,664,0,2728,3,19365,77,22093,80,-1,40,0,49,4,2957,0,80,41
02-10-21,Lawrence,5446,10,4281,8,1165,2,4708,8,26466,55,31174,63,-1,77,-5,133,16,5236,0,135,78
02-10-21,Lewis,1416,2,1129,2,287,0,1221,2,9400,17,10621,19,1,24,-8,51,9,1341,0,41,24
02-10-21,Lincoln,4026,3,3159,1,867,2,3594,2,16120,42,19714,44,2,57,-17,68,18,3901,0,77,58
02-10-21,Loudon,5399,15,4316,9,1083,6,4715,10,28288,89,33003,99,-4,60,-5,177,24,5162,0,120,63
02-10-21,Macon,3296,12,2622,7,674,5,3077,9,14120,76,17197,85,4,71,0,96,8,3129,0,117,73
02-10-21,Madison,9899,17,5550,8,4349,9,6771,10,50610,76,57381,86,1,213,-29,-523,45,10209,1,326,221
02-10-21,Marion,2817,7,2437,7,380,0,2726,6,16470,136,19196,142,4,42,-2,51,5,2724,0,101,44
02-10-21,Marshall,3808,5,3094,3,714,2,3497,4,21317,51,24814,55,-2,51,1,128,6,3629,0,86,53
02-10-21,Maury,11906,17,10681,11,1225,6,11791,13,66550,185,78341,198,0,151,-41,325,58,11430,0,271,155
02-10-21,McMinn,5666,14,5101,13,565,1,5625,13,37548,194,43173,207,0,87,-15,168,29,5411,0,141,88
02-10-21,McNairy,2583,6,1826,5,757,1,2237,5,16770,119,19007,124,2,48,-4,-34,8,2569,0,61,49
02-10-21,Meigs,1229,4,1124,4,105,0,1250,4,7110,30,8360,34,2,21,0,26,2,1182,0,37,20
02-10-21,Monroe,5093,17,4095,8,998,9,4610,9,24050,97,28660,106,2,84,-5,171,20,4838,0,139,88
02-10-21,Montgomery,16774,76,12436,42,4338,34,13673,46,99273,560,112946,606,2,190,-56,532,130,16052,0,287,203
02-10-21,Moore,923,3,725,3,198,0,821,3,4471,17,5292,20,0,15,-2,16,5,892,0,16,15
02-10-21,Morgan,2226,5,1681,3,545,2,1811,3,13915,35,15726,38,3,29,-4,27,6,2170,0,33,36
02-10-21,Obion,4313,3,3215,1,1098,2,3640,1,20619,82,24259,83,0,91,-8,45,11,4177,0,97,92
02-10-21,Out of State,15616,34,12548,22,3068,12,14123,33,553570,1903,567693,1936,2,105,-18,291,50,15220,1,186,83
02-10-21,Overton,2790,1,2121,1,669,0,2498,3,13766,47,16264,50,0,56,-5,39,6,2695,0,62,57
02-10-21,Pending,14602,45,9562,22,5040,23,10608,25,357746,1264,368354,1289,4,207,-32,178,73,14217,0,128,124
02-10-21,Perry,1015,3,878,3,137,0,984,4,5768,13,6752,17,1,26,1,6,1,983,0,28,26
02-10-21,Pickett,735,1,488,0,247,1,585,0,3349,39,3934,39,0,21,-3,19,4,695,0,28,22
02-10-21,Polk,1624,5,1492,4,132,1,1655,4,8156,39,9811,43,0,21,-4,63,9,1540,1,60,21
02-10-21,Putnam,10360,29,8596,19,1764,10,10306,27,64664,281,74970,308,0,164,3,232,26,9964,0,198,166
02-10-21,Rhea,4000,5,3502,3,498,2,3926,4,23811,80,27737,84,1,66,-5,69,9,3865,0,79,71
02-10-21,Roane,5594,27,4435,22,1159,5,4925,29,38398,208,43323,237,-1,94,3,100,25,5400,0,140,96
02-10-21,Robertson,8670,23,6988,16,1682,7,7887,17,39258,153,47145,170,-1,105,-1,240,25,8325,0,391,113
02-10-21,Rutherford,36751,99,32379,67,4372,32,37795,73,205871,825,243666,898,5,352,-48,827,142,35572,2,552,367
02-10-21,Scott,2778,19,1615,11,1163,8,1720,11,10464,31,12184,42,2,41,10,112,7,2625,0,60,42
02-10-21,Sequatchie,1481,8,1213,6,268,2,1319,6,10929,37,12248,43,2,26,-4,53,10,1402,0,33,26
02-10-21,Sevier,11529,47,10272,25,1257,22,11314,31,58683,210,69997,241,0,149,5,231,42,11149,1,252,157
02-10-21,Shelby,84752,251,79352,217,5400,34,97722,295,829616,3883,927338,4178,9,1385,-66,1795,308,81572,1,3331,1478
02-10-21,Smith,2491,5,1927,3,564,2,2424,3,12319,50,14743,53,1,36,0,49,4,2406,0,57,36
02-10-21,Stewart,1207,0,918,0,289,0,1038,2,6273,15,7311,17,0,25,-5,16,5,1166,0,24,24
02-10-21,Sullivan,13720,32,12010,24,1710,8,12983,28,76132,380,89115,408,3,260,-18,254,47,13206,2,691,262
02-10-21,Sumner,20628,53,18789,39,1839,14,21262,39,107058,430,128320,469,4,293,-23,545,72,19790,1,675,304
02-10-21,Tipton,6737,17,4787,9,1950,8,5790,15,42443,147,48233,162,1,93,0,98,16,6546,1,144,96
02-10-21,Trousdale,2370,3,2248,2,122,1,2409,3,8339,24,10748,27,2,21,-6,20,7,2329,0,37,22
02-10-21,Unicoi,1731,7,1366,7,365,0,1502,9,11871,34,13373,43,-2,46,5,26,4,1659,0,61,46
02-10-21,Union,1623,10,1385,10,238,0,1493,10,9554,39,11047,49,0,28,4,26,6,1569,0,52,28
02-10-21,Van Buren,786,0,660,0,126,0,728,0,4817,10,5545,10,1,18,-2,11,1,757,0,19,20
02-10-21,Warren,5191,12,4467,7,724,5,5062,13,29599,138,34661,151,1,71,1,73,10,5047,0,79,75
02-10-21,Washington,12357,30,10705,24,1652,6,11799,29,72435,353,84234,382,-2,222,8,210,24,11925,1,316,225
02-10-21,Wayne,2826,0,2316,0,510,0,2543,0,10607,17,13150,17,0,27,-6,39,6,2760,0,58,29
02-10-21,Weakley,3733,4,2811,2,922,2,3214,5,20240,85,23454,90,0,54,-5,59,9,3620,1,60,58
02-10-21,White,3250,6,2729,4,521,2,3343,7,20976,81,24319,88,2,61,-4,65,8,3124,0,102,63
02-10-21,Williamson,24184,87,20929,64,3255,23,23256,64,161988,594,185244,658,2,193,-22,838,107,23153,1,279,202
02-10-21,Wilson,15745,21,14408,16,1337,5,16447,15,89518,216,105965,231,7,201,-50,321,64,15223,0,315,204
02-09-21,Anderson,7590,26,5861,10,1729,16,6556,11,56328,171,62884,182,2,147,-22,171,46,7272,2,187,153
02-09-21,Bedford,5655,6,4580,3,1075,3,5294,4,28429,60,33723,64,2,112,-15,86,19,5457,0,123,116
02-09-21,Benton,1479,5,1199,1,280,4,1323,1,8406,5,9729,6,0,37,-2,25,7,1417,0,35,39
02-09-21,Bledsoe,1929,8,1787,7,142,1,1895,8,13839,21,15734,29,0,11,1,55,7,1863,1,32,10
02-09-21,Blount,13512,40,11816,22,1696,18,13017,25,64678,140,77695,165,0,158,-6,292,46,13062,2,306,172
02-09-21,Bradley,12161,79,10304,50,1857,29,11676,48,57083,169,68759,217,1,129,23,373,55,11659,3,498,135
02-09-21,Campbell,3648,21,2116,3,1532,18,2369,5,23414,36,25783,41,0,52,6,102,15,3494,1,110,56
02-09-21,Cannon,1704,1,1400,1,304,0,1561,1,8337,12,9898,13,1,26,-8,38,8,1640,0,33,28
02-09-21,Carroll,3410,6,2258,1,1152,5,2676,2,18435,30,21111,32,1,79,-16,59,21,3272,0,77,80
02-09-21,Carter,5769,20,5064,12,705,8,5546,11,33139,39,38685,50,1,140,3,150,16,5479,1,207,146
02-09-21,Cheatham,3753,15,2989,7,764,8,3381,10,24225,57,27606,67,1,39,-6,106,20,3608,0,77,40
02-09-21,Chester,1967,5,1425,3,542,2,1702,3,10622,11,12324,14,0,44,-6,32,11,1891,0,39,46
02-09-21,Claiborne,2495,19,1639,7,856,12,1752,9,21074,67,22826,76,2,56,-5,100,22,2339,0,87,64
02-09-21,Clay,1044,2,722,1,322,1,826,1,5197,10,6023,11,0,30,-2,20,4,994,1,23,30
02-09-21,Cocke,3854,16,2677,5,1177,11,2953,4,19080,105,22033,109,0,85,-5,79,21,3690,1,106,91
02-09-21,Coffee,6091,22,4393,10,1698,12,5391,13,41373,130,46764,143,0,108,-2,155,24,5828,1,110,112
02-09-21,Crockett,1938,5,1173,3,765,2,1368,3,6842,13,8210,16,0,43,-1,25,6,1870,0,29,47
02-09-21,Cumberland,5931,12,5015,5,916,7,5751,9,44771,52,50522,61,2,106,-13,106,23,5719,0,142,117
02-09-21,Davidson,78496,332,74593,301,3903,31,90725,383,816827,4267,907552,4650,2,800,26,1999,304,75697,5,1836,812
02-09-21,Decatur,1514,4,1133,1,381,3,1348,1,10551,6,11899,7,0,33,-1,17,5,1464,0,37,35
02-09-21,Dekalb,2564,4,1934,3,630,1,2234,3,15587,23,17821,26,0,48,-11,41,15,2475,0,52,47
02-09-21,Dickson,5931,23,4371,8,1560,15,5190,12,31437,100,36627,112,0,98,5,62,18,5771,0,113,103
02-09-21,Dyer,5174,18,3442,7,1732,11,3875,9,20352,26,24227,35,-1,92,-4,121,23,4961,0,103,100
02-09-21,Fayette,4555,12,3972,8,583,4,4872,10,33565,80,38437,90,0,67,-13,97,25,4391,0,118,69
02-09-21,Fentress,2261,4,1977,2,284,2,2256,2,11150,21,13406,23,0,41,-4,27,8,2193,0,54,43
02-09-21,Franklin,4529,11,3836,7,693,4,4505,8,32094,143,36599,151,0,76,-10,97,21,4356,0,102,79
02-09-21,Gibson,6078,26,3691,9,2387,17,4460,7,27235,37,31695,44,0,129,-2,133,28,5816,0,103,138
02-09-21,Giles,3591,15,3036,10,555,5,3486,10,20823,45,24309,55,0,89,-1,96,16,3406,0,109,94
02-09-21,Grainger,2320,7,1767,4,553,3,1983,4,12597,23,14580,27,0,45,-9,62,16,2213,0,62,47
02-09-21,Greene,7090,20,5642,13,1448,7,6288,12,40895,116,47183,128,0,136,-1,172,21,6782,0,170,139
02-09-21,Grundy,1586,4,1358,0,228,4,1561,2,7258,17,8819,19,0,28,-7,62,11,1496,0,54,27
02-09-21,Hamblen,7664,21,5606,7,2058,14,6284,8,42187,80,48471,88,0,151,-7,141,28,7372,0,238,155
02-09-21,Hamilton,38392,206,33604,145,4788,61,37555,158,282542,962,320097,1120,4,417,73,723,129,37252,6,1038,434
02-09-21,Hancock,479,1,350,1,129,0,371,0,3568,5,3939,5,0,9,1,9,0,461,1,19,10
02-09-21,Hardeman,3341,3,2720,0,621,3,3184,1,23257,29,26441,30,0,62,-10,43,13,3236,0,98,61
02-09-21,Hardin,3248,4,2242,2,1006,2,2672,3,21729,17,24401,20,1,60,-6,42,9,3146,0,58,63
02-09-21,Hawkins,4932,12,4094,10,838,2,4391,9,28942,74,33333,83,-1,87,-19,192,32,4653,1,129,91
02-09-21,Haywood,2610,1,2192,0,418,1,2494,0,12773,28,15267,28,0,58,-12,26,13,2526,0,77,58
02-09-21,Henderson,3554,6,2491,2,1063,4,3127,3,15235,10,18362,13,0,70,-7,58,13,3426,0,75,72
02-09-21,Henry,2914,3,2285,0,629,3,2643,1,16682,22,19325,23,0,72,-4,35,7,2807,0,74,74
02-09-21,Hickman,2566,9,2113,7,453,2,2443,7,14768,58,17211,65,-1,38,-2,51,12,2477,0,51,39
02-09-21,Houston,1004,4,757,2,247,2,863,2,8652,11,9515,13,1,28,0,-4,3,980,0,38,30
02-09-21,Humphreys,1479,4,994,2,485,2,1165,4,10633,20,11798,24,0,20,-1,12,5,1447,0,29,21
02-09-21,Jackson,1224,1,965,0,259,1,1125,1,5000,7,6125,8,3,30,-9,35,7,1159,0,38,32
02-09-21,Jefferson,5397,18,3823,6,1574,12,4320,5,33598,61,37918,66,0,97,-6,157,24,5143,1,167,113
02-09-21,Johnson,2120,2,1912,2,208,0,2032,2,13051,14,15083,16,1,38,-9,42,10,2040,0,56,37
02-09-21,Knox,43978,211,37856,156,6122,55,41331,175,283812,1051,325143,1226,0,527,15,1403,196,42048,6,1216,546
02-09-21,Lake,1662,0,1480,0,182,0,1742,1,9324,13,11066,14,0,24,-46,2,46,1636,0,24,25
02-09-21,Lauderdale,3043,2,2379,0,664,2,2725,1,19288,25,22013,26,0,41,-5,49,7,2953,0,80,41
02-09-21,Lawrence,5436,9,4273,8,1163,1,4700,8,26411,75,31111,83,0,78,-13,138,22,5220,0,135,78
02-09-21,Lewis,1414,10,1127,2,287,8,1219,1,9383,15,10602,16,0,23,3,59,7,1332,1,41,24
02-09-21,Lincoln,4023,9,3158,3,865,6,3592,6,16078,37,19670,43,-1,55,-7,85,17,3883,1,77,58
02-09-21,Loudon,5384,23,4307,9,1077,14,4705,11,28199,59,32904,70,1,64,-14,182,36,5138,0,120,62
02-09-21,Macon,3284,8,2615,6,669,2,3068,6,14044,25,17112,31,0,67,-4,96,12,3121,0,117,73
02-09-21,Madison,9882,39,5542,11,4340,28,6761,13,50534,122,57295,135,5,212,-6,-494,40,10164,0,325,221
02-09-21,Marion,2810,9,2430,2,380,7,2720,4,16334,32,19054,36,0,38,0,53,9,2719,1,101,44
02-09-21,Marshall,3803,9,3091,3,712,6,3493,5,21266,31,24759,36,2,53,-16,127,23,3623,0,86,53
02-09-21,Maury,11889,26,10670,15,1219,11,11778,19,66365,148,78143,167,-1,151,-20,366,47,11372,2,271,154
02-09-21,McMinn,5652,23,5088,20,564,3,5612,20,37354,112,42966,132,2,87,-10,183,31,5382,0,141,88
02-09-21,McNairy,2577,4,1821,3,756,1,2232,3,16651,11,18883,14,0,46,2,-30,2,2561,1,61,49
02-09-21,Meigs,1225,5,1120,5,105,0,1246,6,7080,25,8326,31,0,19,-3,26,8,1180,0,37,20
02-09-21,Monroe,5076,25,4087,12,989,13,4601,14,23953,78,28554,92,0,82,-18,176,43,4818,0,139,87
02-09-21,Montgomery,16698,79,12394,51,4304,28,13627,55,98713,279,112340,334,0,188,-25,588,104,15922,2,287,202
02-09-21,Moore,920,2,722,2,198,0,818,3,4454,2,5272,5,1,15,-2,18,3,887,0,16,15
02-09-21,Morgan,2221,2,1678,0,543,2,1808,0,13880,21,15688,21,1,26,-11,31,12,2164,0,33,36
02-09-21,Obion,4310,6,3214,1,1096,5,3639,2,20537,65,24176,67,1,91,-8,53,13,4166,0,97,92
02-09-21,Out of State,15582,75,12526,66,3056,9,14090,70,551667,2032,565757,2102,2,103,5,309,68,15170,0,185,83
02-09-21,Overton,2789,2,2120,1,669,1,2495,1,13719,19,16214,20,3,56,-10,44,9,2689,0,62,57
02-09-21,Pending,14557,71,9540,37,5017,34,10583,48,356482,1161,367065,1209,1,203,-13,210,83,14144,0,128,123
02-09-21,Perry,1012,3,875,2,137,1,980,2,5755,5,6735,7,0,25,2,5,1,982,0,28,26
02-09-21,Pickett,734,7,488,6,246,1,585,6,3310,10,3895,16,0,21,5,22,2,691,0,28,22
02-09-21,Polk,1619,5,1488,5,131,0,1651,5,8117,33,9768,38,0,21,-10,67,15,1531,1,59,21
02-09-21,Putnam,10331,18,8577,11,1754,7,10279,11,64383,51,74662,62,-2,164,-19,229,39,9938,1,198,166
02-09-21,Rhea,3995,15,3499,10,496,5,3922,12,23731,54,27653,66,-1,65,-4,74,20,3856,0,79,71
02-09-21,Roane,5567,24,4413,7,1154,17,4896,8,38190,63,43086,71,-3,95,0,97,27,5375,1,140,96
02-09-21,Robertson,8647,41,6972,27,1675,14,7870,27,39105,102,46975,129,0,106,1,241,40,8300,2,391,112
02-09-21,Rutherford,36652,131,32312,87,4340,44,37722,113,205046,591,242768,704,3,347,-25,875,153,35430,1,550,363
02-09-21,Scott,2759,20,1604,3,1155,17,1709,3,10433,6,12142,9,0,39,-2,102,22,2618,1,60,42
02-09-21,Sequatchie,1473,3,1207,1,266,2,1313,2,10892,16,12205,18,0,24,-7,57,10,1392,0,33,26
02-09-21,Sevier,11482,68,10247,50,1235,18,11283,54,58473,162,69756,216,3,149,15,226,50,11107,1,251,157
02-09-21,Shelby,84501,251,79135,202,5366,49,97427,291,825733,3439,923160,3730,11,1376,-106,1861,346,81264,1,3330,1472
02-09-21,Smith,2486,3,1924,0,562,3,2421,0,12269,16,14690,16,1,35,-8,49,10,2402,0,57,36
02-09-21,Stewart,1207,8,918,7,289,1,1036,8,6258,18,7294,26,0,25,6,21,2,1161,0,24,24
02-09-21,Sullivan,13688,22,11986,18,1702,4,12955,22,75752,309,88707,331,1,257,-18,272,39,13159,2,689,261
02-09-21,Sumner,20575,82,18750,55,1825,27,21223,65,106628,329,127851,394,1,289,-19,568,100,19718,1,674,303
02-09-21,Tipton,6720,23,4778,5,1942,18,5775,8,42296,114,48071,122,1,92,-8,98,30,6530,0,143,95
02-09-21,Trousdale,2367,1,2246,0,121,1,2406,0,8315,11,10721,11,0,19,-1,26,2,2322,1,37,22
02-09-21,Unicoi,1724,6,1359,2,365,4,1493,1,11837,32,13330,33,0,48,2,21,4,1655,0,61,46
02-09-21,Union,1613,4,1375,4,238,0,1483,4,9515,22,10998,26,1,28,-6,22,9,1563,0,52,28
02-09-21,Van Buren,786,2,660,2,126,0,728,2,4807,1,5535,3,1,17,0,13,1,756,0,19,20
02-09-21,Warren,5179,4,4460,4,719,0,5049,5,29461,56,34510,61,4,70,-23,72,23,5037,0,79,75
02-09-21,Washington,12327,32,10681,17,1646,15,11770,18,72082,155,83852,173,-1,224,-1,202,34,11901,0,315,225
02-09-21,Wayne,2826,1,2316,1,510,0,2543,2,10590,22,13133,24,1,27,-14,45,14,2754,0,58,29
02-09-21,Weakley,3729,8,2809,3,920,5,3209,7,20155,29,23364,36,0,54,-5,64,13,3611,1,59,58
02-09-21,White,3244,6,2725,2,519,4,3336,2,20895,28,24231,30,0,59,-1,69,7,3116,0,102,63
02-09-21,Williamson,24097,120,20865,75,3232,45,23192,91,161394,656,184586,747,4,191,-2,860,118,23046,0,278,202
02-09-21,Wilson,15724,60,14392,51,1332,9,16432,61,89302,347,105734,408,1,194,-6,371,65,15159,2,315,203
02-08-21,Anderson,7564,25,5851,6,1713,19,6545,5,56157,23,62702,28,2,145,-13,193,36,7226,0,185,153
02-08-21,Bedford,5649,3,4577,1,1072,2,5290,1,28369,19,33659,20,1,110,-10,101,12,5438,0,123,116
02-08-21,Benton,1474,1,1198,0,276,1,1322,0,8401,3,9723,3,0,37,-4,27,5,1410,0,35,39
02-08-21,Bledsoe,1921,7,1780,4,141,3,1887,4,13818,2,15705,6,0,11,-2,54,9,1856,0,31,10
02-08-21,Blount,13472,20,11794,13,1678,7,12992,14,64538,56,77530,70,0,158,-48,298,68,13016,0,304,172
02-08-21,Bradley,12082,28,10254,19,1828,9,11628,24,56914,71,68542,95,0,128,-33,350,61,11604,1,495,135
02-08-21,Campbell,3627,20,2113,2,1514,18,2364,2,23378,14,25742,16,1,52,3,96,16,3479,1,109,56
02-08-21,Cannon,1703,0,1399,0,304,0,1560,0,8325,2,9885,2,0,25,-5,46,5,1632,0,33,27
02-08-21,Carroll,3404,5,2257,1,1147,4,2674,3,18405,17,21079,20,0,78,-13,75,18,3251,0,77,80
02-08-21,Carter,5749,8,5052,7,697,1,5535,7,33100,33,38635,40,0,139,-16,147,24,5463,0,206,146
02-08-21,Cheatham,3738,8,2982,6,756,2,3371,7,24168,23,27539,30,0,38,-15,112,23,3588,0,77,40
02-08-21,Chester,1962,2,1422,2,540,0,1699,4,10611,0,12310,4,0,44,-9,38,11,1880,1,39,45
02-08-21,Claiborne,2476,14,1632,5,844,9,1743,7,21007,11,22750,18,2,54,-13,105,25,2317,0,87,64
02-08-21,Clay,1042,2,721,1,321,1,825,1,5187,1,6012,2,1,30,-2,22,3,990,0,22,30
02-08-21,Cocke,3838,7,2672,5,1166,2,2949,6,18975,14,21924,20,1,85,-16,84,22,3669,0,105,91
02-08-21,Coffee,6069,8,4383,2,1686,6,5378,2,41243,16,46621,18,4,108,-26,157,30,5804,0,109,111
02-08-21,Crockett,1933,2,1170,1,763,1,1365,1,6829,1,8194,2,0,43,-3,26,5,1864,0,29,47
02-08-21,Cumberland,5919,3,5010,0,909,3,5742,0,44719,7,50461,7,1,104,-17,119,19,5696,0,142,117
02-08-21,Davidson,78164,94,74292,73,3872,21,90342,89,812560,697,902902,786,8,798,-338,1973,424,75393,3,1831,810
02-08-21,Decatur,1510,0,1132,0,378,0,1347,0,10545,0,11892,0,1,33,-1,18,0,1459,0,37,35
02-08-21,Dekalb,2560,3,1931,1,629,2,2231,0,15564,8,17795,8,0,48,-7,52,10,2460,0,52,47
02-08-21,Dickson,5908,7,4363,5,1545,2,5178,5,31337,27,36515,32,0,98,-27,57,34,5753,0,113,102
02-08-21,Dyer,5156,3,3435,2,1721,1,3866,2,20326,13,24192,15,1,93,-30,125,32,4938,0,103,99
02-08-21,Fayette,4543,5,3964,3,579,2,4862,6,33485,46,38347,52,2,67,-15,110,18,4366,0,118,68
02-08-21,Fentress,2257,2,1975,1,282,1,2254,1,11129,5,13383,6,0,41,-4,31,6,2185,0,54,43
02-08-21,Franklin,4518,7,3829,7,689,0,4497,12,31951,35,36448,47,0,76,-10,107,17,4335,0,102,79
02-08-21,Gibson,6052,2,3682,2,2370,0,4453,3,27198,10,31651,13,0,129,-16,135,18,5788,0,103,137
02-08-21,Giles,3576,13,3026,1,550,12,3476,1,20778,15,24254,16,0,89,-4,97,17,3390,0,109,94
02-08-21,Grainger,2313,3,1763,1,550,2,1979,1,12574,5,14553,6,0,45,-10,71,13,2197,0,62,47
02-08-21,Greene,7070,10,5629,8,1441,2,6276,8,40779,39,47055,47,2,136,-21,173,29,6761,0,170,138
02-08-21,Grundy,1582,2,1358,2,224,0,1559,2,7241,10,8800,12,2,28,-8,69,8,1485,0,54,27
02-08-21,Hamblen,7643,11,5599,3,2044,8,6276,5,42107,17,48383,22,0,151,-7,148,18,7344,0,238,155
02-08-21,Hamilton,38186,89,33459,60,4727,29,37397,60,281580,167,318977,227,3,413,-66,650,152,37123,1,1032,432
02-08-21,Hancock,478,1,349,1,129,0,371,1,3563,2,3934,3,0,9,-2,8,3,461,0,18,10
02-08-21,Hardeman,3338,8,2720,2,618,6,3183,3,23228,5,26411,8,0,62,-7,53,15,3223,0,98,61
02-08-21,Hardin,3244,3,2240,0,1004,3,2669,0,21712,7,24381,7,1,59,-5,48,7,3137,0,58,63
02-08-21,Hawkins,4920,11,4084,7,836,4,4382,6,28868,82,33250,88,0,88,-24,211,35,4621,0,128,90
02-08-21,Haywood,2609,1,2192,1,417,0,2494,2,12745,3,15239,5,0,58,-11,38,12,2513,0,77,58
02-08-21,Henderson,3548,2,2489,2,1059,0,3124,1,15225,1,18349,2,0,70,-12,65,14,3413,0,75,72
02-08-21,Henry,2911,3,2285,0,626,3,2642,1,16660,11,19302,12,2,72,-8,39,9,2800,0,74,73
02-08-21,Hickman,2557,1,2106,1,451,0,2436,2,14710,8,17146,10,0,39,-11,53,12,2465,0,51,39
02-08-21,Houston,1000,1,755,1,245,0,861,2,8641,2,9502,4,0,27,-1,-4,2,977,0,38,30
02-08-21,Humphreys,1475,0,992,0,483,0,1161,0,10613,8,11774,8,0,20,-7,13,7,1442,0,29,21
02-08-21,Jackson,1223,3,965,2,258,1,1124,2,4993,5,6117,7,0,27,3,44,0,1152,0,38,32
02-08-21,Jefferson,5379,8,3817,2,1562,6,4315,3,33537,15,37852,18,2,97,-22,163,28,5119,0,166,113
02-08-21,Johnson,2118,6,1910,2,208,4,2030,4,13037,4,15067,8,0,37,0,51,6,2030,0,56,37
02-08-21,Knox,43767,108,37700,72,6067,36,41156,74,282761,370,323917,444,4,527,-156,1388,260,41852,2,1210,541
02-08-21,Lake,1662,0,1480,0,182,0,1741,0,9311,2,11052,2,0,24,-5,48,5,1590,0,24,25
02-08-21,Lauderdale,3041,2,2379,2,662,0,2724,2,19263,16,21987,18,0,41,-3,54,5,2946,0,80,41
02-08-21,Lawrence,5427,3,4265,0,1162,3,4692,0,26336,34,31028,34,0,78,-20,151,23,5198,0,135,78
02-08-21,Lewis,1404,2,1125,0,279,2,1218,0,9368,3,10586,3,0,23,-6,56,8,1325,0,40,24
02-08-21,Lincoln,4014,8,3155,6,859,2,3586,4,16041,6,19627,10,1,56,-4,92,11,3866,0,76,56
02-08-21,Loudon,5361,12,4298,3,1063,9,4694,3,28140,26,32834,29,1,63,-16,196,27,5102,0,120,62
02-08-21,Macon,3276,16,2609,1,667,15,3062,1,14019,6,17081,7,1,67,-1,100,16,3109,1,117,73
02-08-21,Madison,9843,11,5531,4,4312,7,6748,5,50412,25,57160,30,1,207,-35,-488,45,10124,1,325,221
02-08-21,Marion,2801,1,2428,1,373,0,2716,1,16302,21,19018,22,0,38,-12,53,13,2710,0,100,44
02-08-21,Marshall,3794,7,3088,5,706,2,3488,5,21235,13,24723,18,1,51,-17,143,23,3600,0,86,53
02-08-21,Maury,11863,20,10655,15,1208,5,11759,14,66217,55,77976,69,0,152,-34,386,54,11325,1,269,154
02-08-21,McMinn,5629,7,5068,6,561,1,5592,6,37242,18,42834,24,1,85,-16,193,22,5351,0,141,88
02-08-21,McNairy,2573,3,1818,3,755,0,2229,3,16640,1,18869,4,0,46,-10,-32,13,2559,1,60,49
02-08-21,Meigs,1220,3,1115,3,105,0,1240,3,7055,14,8295,17,0,19,-7,29,10,1172,0,37,20
02-08-21,Monroe,5051,8,4075,1,976,7,4587,2,23875,19,28462,21,2,82,-26,194,32,4775,0,139,87
02-08-21,Montgomery,16619,14,12343,7,4276,7,13572,7,98434,120,112006,127,4,188,-110,613,120,15818,1,285,201
02-08-21,Moore,918,0,720,0,198,0,815,0,4452,1,5267,1,1,14,-5,20,4,884,0,16,15
02-08-21,Morgan,2219,4,1678,2,541,2,1808,3,13859,0,15667,3,2,25,-8,42,10,2152,0,33,36
02-08-21,Obion,4304,2,3213,1,1091,1,3637,1,20472,43,24109,44,0,90,-11,61,13,4153,0,97,92
02-08-21,Out of State,15507,27,12460,20,3047,7,14020,18,549635,551,563655,569,2,101,-57,304,82,15102,3,185,83
02-08-21,Overton,2787,6,2119,0,668,6,2494,0,13700,7,16194,7,0,53,-1,54,7,2680,0,62,57
02-08-21,Pending,14486,15,9503,9,4983,6,10535,12,355321,355,365856,367,4,202,-57,223,68,14061,0,128,122
02-08-21,Perry,1009,0,873,0,136,0,978,0,5750,2,6728,2,0,25,-3,3,3,981,0,28,26
02-08-21,Pickett,727,2,482,1,245,1,579,1,3300,4,3879,5,0,21,-1,17,3,689,0,28,21
02-08-21,Polk,1614,5,1483,5,131,0,1646,6,8084,8,9730,14,0,21,0,77,5,1516,1,58,21
02-08-21,Putnam,10313,7,8566,2,1747,5,10268,4,64332,26,74600,30,1,166,-18,248,24,9899,1,197,165
02-08-21,Rhea,3980,7,3489,4,491,3,3910,4,23677,24,27587,28,1,66,-8,78,14,3836,0,79,71
02-08-21,Roane,5543,6,4406,3,1137,3,4888,4,38127,17,43015,21,1,98,-9,97,14,5348,0,139,96
02-08-21,Robertson,8606,9,6945,4,1661,5,7843,0,39003,33,46846,33,0,106,-39,240,48,8260,0,389,111
02-08-21,Rutherford,36521,73,32225,51,4296,22,37609,55,204455,263,242064,318,7,344,-99,900,165,35277,1,549,363
02-08-21,Scott,2739,6,1601,0,1138,6,1706,0,10427,6,12133,6,0,39,-8,104,14,2596,0,59,42
02-08-21,Sequatchie,1470,3,1206,2,264,1,1311,2,10876,7,12187,9,0,24,-2,64,5,1382,0,33,26
02-08-21,Sevier,11414,32,10197,19,1217,13,11229,20,58311,71,69540,91,0,146,-2,211,34,11057,1,250,156
02-08-21,Shelby,84250,181,78933,152,5317,29,97136,218,822294,1267,919430,1485,8,1365,-247,1967,420,80918,3,3329,1464
02-08-21,Smith,2483,2,1924,1,559,1,2421,1,12253,3,14674,4,1,34,-9,57,10,2392,0,57,36
02-08-21,Stewart,1199,1,911,1,288,0,1028,1,6240,9,7268,10,0,25,-3,15,4,1159,0,24,24
02-08-21,Sullivan,13666,26,11968,21,1698,5,12933,18,75443,100,88376,118,2,256,-19,290,43,13120,1,687,260
02-08-21,Sumner,20493,33,18695,19,1798,14,21158,23,106299,110,127457,133,3,288,-55,587,85,19618,1,673,303
02-08-21,Tipton,6697,4,4773,2,1924,2,5767,4,42182,57,47949,61,0,91,-24,106,28,6500,0,143,95
02-08-21,Trousdale,2366,0,2246,0,120,0,2406,0,8304,4,10710,4,0,19,-2,27,2,2320,0,36,22
02-08-21,Unicoi,1718,2,1357,1,361,1,1492,2,11805,3,13297,5,0,48,0,19,2,1651,0,61,46
02-08-21,Union,1609,2,1371,2,238,0,1479,2,9493,8,10972,10,1,27,-4,28,5,1554,0,52,28
02-08-21,Van Buren,784,1,658,1,126,0,726,1,4806,2,5532,3,1,16,-4,13,4,755,0,19,20
02-08-21,Warren,5175,7,4456,3,719,4,5044,3,29405,10,34449,13,0,66,-5,95,12,5014,0,79,74
02-08-21,Washington,12295,13,10664,10,1631,3,11752,9,71927,90,83679,99,3,225,-34,203,44,11867,0,315,225
02-08-21,Wayne,2825,4,2315,0,510,4,2541,0,10568,8,13109,8,0,26,-11,59,15,2740,2,58,29
02-08-21,Weakley,3721,6,2806,5,915,1,3202,4,20126,12,23328,16,1,54,-16,69,21,3598,0,58,57
02-08-21,White,3238,4,2723,3,515,1,3334,3,20867,8,24201,11,0,59,-4,70,8,3109,0,102,63
02-08-21,Williamson,23977,49,20790,30,3187,19,23101,32,160738,203,183839,235,3,187,-125,862,171,22928,1,278,202
02-08-21,Wilson,15664,23,14341,17,1323,6,16371,18,88955,145,105326,163,2,193,-46,377,67,15094,1,313,201
02-07-21,Anderson,7539,13,5845,7,1694,6,6540,8,56134,104,62674,112,0,143,-11,206,24,7190,0,185,153
02-07-21,Bedford,5646,1,4576,0,1070,1,5289,0,28350,54,33639,54,0,109,-8,111,9,5426,0,123,116
02-07-21,Benton,1473,1,1198,0,275,1,1322,0,8398,7,9720,7,0,37,-5,31,6,1405,0,35,39
02-07-21,Bledsoe,1914,4,1776,3,138,1,1883,3,13816,72,15699,75,0,11,1,56,3,1847,1,31,10
02-07-21,Blount,13452,52,11781,34,1671,18,12978,35,64482,118,77460,153,0,158,10,346,42,12948,0,304,171
02-07-21,Bradley,12054,27,10235,22,1819,5,11604,29,56843,164,68447,193,0,128,1,383,26,11543,1,494,135
02-07-21,Campbell,3607,6,2111,3,1496,3,2362,3,23364,21,25726,24,0,51,-1,93,7,3463,0,108,56
02-07-21,Cannon,1703,1,1399,1,304,0,1560,1,8323,13,9883,14,0,25,-3,51,4,1627,0,33,27
02-07-21,Carroll,3399,5,2256,4,1143,1,2671,5,18388,22,21059,27,0,78,-4,88,9,3233,0,77,80
02-07-21,Carter,5741,4,5045,2,696,2,5528,2,33067,66,38595,68,0,139,-11,163,15,5439,0,206,145
02-07-21,Cheatham,3730,6,2976,6,754,0,3364,6,24145,51,27509,57,0,38,-6,127,12,3565,0,77,39
02-07-21,Chester,1960,1,1420,1,540,0,1695,3,10611,81,12306,84,0,44,-7,47,8,1869,0,38,45
02-07-21,Claiborne,2462,2,1627,1,835,1,1736,1,20996,92,22732,93,1,52,-10,118,11,2292,0,87,63
02-07-21,Clay,1040,1,720,1,320,0,824,1,5186,1,6010,2,0,29,1,24,0,987,0,22,30
02-07-21,Cocke,3831,8,2667,4,1164,4,2943,4,18961,29,21904,33,0,84,1,100,7,3647,0,105,90
02-07-21,Coffee,6061,7,4381,3,1680,4,5376,3,41227,62,46603,65,0,104,-2,183,9,5774,1,109,111
02-07-21,Crockett,1931,4,1169,1,762,3,1364,2,6828,4,8192,6,0,43,2,29,2,1859,0,29,46
02-07-21,Cumberland,5916,5,5010,3,906,2,5742,2,44712,39,50454,41,0,103,-1,136,6,5677,0,142,117
02-07-21,Davidson,78070,111,74219,81,3851,30,90253,82,811863,2572,902116,2654,2,790,-98,2311,207,74969,2,1828,808
02-07-21,Decatur,1510,1,1132,0,378,1,1347,0,10545,7,11892,7,0,32,-2,19,3,1459,0,37,35
02-07-21,Dekalb,2557,3,1930,3,627,0,2231,3,15556,21,17787,24,0,48,3,59,0,2450,0,52,47
02-07-21,Dickson,5901,4,4358,1,1543,3,5173,1,31310,42,36483,43,0,98,-3,84,7,5719,0,113,102
02-07-21,Dyer,5153,4,3433,1,1720,3,3864,2,20313,24,24177,26,0,92,-8,155,12,4906,0,103,99
02-07-21,Fayette,4538,9,3961,6,577,3,4856,5,33439,47,38295,52,0,65,-6,125,15,4348,0,118,68
02-07-21,Fentress,2255,1,1974,1,281,0,2253,1,11124,8,13377,9,0,41,-1,35,2,2179,0,54,43
02-07-21,Franklin,4511,8,3822,7,689,1,4485,5,31916,47,36401,52,0,76,-4,117,12,4318,0,102,79
02-07-21,Gibson,6050,14,3680,7,2370,7,4450,9,27188,58,31638,67,0,129,2,151,12,5770,1,103,137
02-07-21,Giles,3563,8,3025,6,538,2,3475,6,20763,44,24238,50,0,89,-1,101,9,3373,0,109,94
02-07-21,Grainger,2310,4,1762,1,548,3,1978,1,12569,27,14547,28,0,45,-5,81,9,2184,0,62,47
02-07-21,Greene,7060,10,5621,10,1439,0,6268,13,40740,73,47008,86,0,134,-2,194,12,6732,0,170,138
02-07-21,Grundy,1580,9,1356,8,224,1,1557,6,7231,15,8788,21,0,26,5,77,4,1477,0,54,27
02-07-21,Hamblen,7632,13,5596,4,2036,9,6271,6,42090,55,48361,61,0,151,0,155,13,7326,0,238,155
02-07-21,Hamilton,38097,90,33399,69,4698,21,37337,79,281413,601,318750,680,0,410,-11,716,101,36971,0,1031,432
02-07-21,Hancock,477,0,348,0,129,0,370,0,3561,1,3931,1,0,9,-1,10,1,458,0,18,10
02-07-21,Hardeman,3330,7,2718,3,612,4,3180,2,23223,28,26403,30,0,62,3,60,4,3208,0,98,61
02-07-21,Hardin,3241,1,2240,0,1001,1,2669,0,21705,32,24374,32,0,58,-6,53,7,3130,0,58,63
02-07-21,Hawkins,4909,9,4077,6,832,3,4376,7,28786,26,33162,33,0,88,-9,235,18,4586,1,128,89
02-07-21,Haywood,2608,1,2191,1,417,0,2492,1,12742,9,15234,10,0,58,-3,49,4,2501,0,77,58
02-07-21,Henderson,3546,7,2487,3,1059,4,3123,5,15224,13,18347,18,0,70,-1,77,8,3399,0,75,71
02-07-21,Henry,2908,4,2285,3,623,1,2641,4,16649,36,19290,40,0,70,-4,47,8,2791,0,74,73
02-07-21,Hickman,2556,5,2105,3,451,2,2434,3,14702,26,17136,29,0,39,3,64,2,2453,0,51,39
02-07-21,Houston,999,0,754,0,245,0,859,0,8639,8,9498,8,0,27,-1,-3,1,975,0,38,29
02-07-21,Humphreys,1475,1,992,0,483,1,1161,0,10605,9,11766,9,0,20,-3,20,4,1435,0,29,21
02-07-21,Jackson,1220,2,963,1,257,1,1122,1,4988,9,6110,10,0,27,-4,41,6,1152,0,38,31
02-07-21,Jefferson,5371,7,3815,6,1556,1,4312,7,33522,44,37834,51,-1,95,-3,185,11,5091,0,166,112
02-07-21,Johnson,2112,0,1908,0,204,0,2026,0,13033,14,15059,14,0,37,-3,51,3,2024,0,56,37
02-07-21,Knox,43659,109,37628,76,6031,33,41082,81,282391,700,323473,781,1,523,-25,1544,133,41592,2,1208,538
02-07-21,Lake,1662,0,1480,0,182,0,1741,1,9309,1,11050,2,0,24,-3,53,3,1585,0,24,25
02-07-21,Lauderdale,3039,2,2377,2,662,0,2722,3,19247,35,21969,38,0,41,-4,57,6,2941,0,80,41
02-07-21,Lawrence,5424,5,4265,5,1159,0,4692,6,26302,52,30994,58,0,78,0,171,5,5175,2,135,78
02-07-21,Lewis,1402,4,1125,3,277,1,1218,3,9365,16,10583,19,0,23,2,62,2,1317,0,40,24
02-07-21,Lincoln,4006,1,3149,1,857,0,3582,1,16035,28,19617,29,0,55,-12,96,13,3855,0,76,56
02-07-21,Loudon,5349,9,4295,8,1054,1,4691,9,28114,36,32805,45,0,62,-9,212,18,5075,1,120,61
02-07-21,Macon,3260,3,2608,2,652,1,3061,1,14013,15,17074,16,0,66,-2,101,5,3093,0,116,73
02-07-21,Madison,9832,12,5527,4,4305,8,6743,5,50387,68,57130,73,0,206,-5,-453,17,10079,0,324,220
02-07-21,Marion,2800,3,2427,3,373,0,2715,2,16281,19,18996,21,0,38,-5,65,8,2697,0,100,44
02-07-21,Marshall,3787,7,3083,5,704,2,3483,5,21222,33,24705,38,0,50,-3,160,10,3577,0,86,52
02-07-21,Maury,11843,22,10640,15,1203,7,11745,17,66162,126,77907,143,0,152,-12,420,34,11271,1,268,154
02-07-21,McMinn,5622,15,5062,10,560,5,5586,13,37224,103,42810,116,0,84,-10,209,25,5329,0,141,87
02-07-21,McNairy,2570,3,1815,1,755,2,2226,1,16639,14,18865,15,0,46,3,-22,0,2546,0,59,49
02-07-21,Meigs,1217,1,1112,1,105,0,1237,0,7041,15,8278,15,0,19,0,36,1,1162,0,37,20
02-07-21,Monroe,5043,12,4074,4,969,8,4585,6,23856,38,28441,44,0,80,-8,220,20,4743,1,139,87
02-07-21,Montgomery,16605,39,12336,31,4269,8,13565,33,98314,279,111879,312,0,184,-15,723,54,15698,0,284,201
02-07-21,Moore,918,2,720,1,198,1,815,0,4451,4,5266,4,0,13,-2,25,4,880,1,16,15
02-07-21,Morgan,2215,4,1676,3,539,1,1805,4,13859,35,15664,39,0,23,-4,50,8,2142,0,33,36
02-07-21,Obion,4302,2,3212,1,1090,1,3636,1,20429,14,24065,15,0,90,-4,72,6,4140,0,97,92
02-07-21,Out of State,15480,25,12440,16,3040,9,14002,19,549084,693,563086,712,1,99,2,361,22,15020,2,182,83
02-07-21,Overton,2781,2,2119,0,662,2,2494,0,13693,12,16187,12,0,53,-2,55,4,2673,0,62,57
02-07-21,Pending,14471,50,9494,37,4977,13,10523,37,354966,758,365489,795,0,198,17,280,33,13993,0,128,121
02-07-21,Perry,1009,2,873,1,136,1,978,1,5748,13,6726,14,0,25,0,6,2,978,0,28,26
02-07-21,Pickett,725,1,481,1,244,0,578,1,3296,1,3874,2,0,21,1,18,0,686,0,28,21
02-07-21,Polk,1609,6,1478,5,131,1,1640,5,8076,17,9716,22,0,21,-3,77,9,1511,0,57,21
02-07-21,Putnam,10306,13,8564,10,1742,3,10264,12,64306,71,74570,83,0,165,1,266,12,9875,1,196,165
02-07-21,Rhea,3973,9,3485,5,488,4,3906,3,23653,26,27559,29,0,65,0,86,9,3822,0,79,70
02-07-21,Roane,5537,14,4403,8,1134,6,4884,9,38110,63,42994,72,1,97,3,106,10,5334,1,139,96
02-07-21,Robertson,8597,15,6941,8,1656,7,7843,10,38970,105,46813,115,0,106,-8,279,23,8212,2,389,111
02-07-21,Rutherford,36448,70,32174,35,4274,35,37554,38,204192,472,241746,510,1,337,-21,999,90,35112,0,548,361
02-07-21,Scott,2733,4,1601,0,1132,4,1706,0,10421,15,12127,15,0,39,0,112,4,2582,0,59,42
02-07-21,Sequatchie,1467,7,1204,1,263,6,1309,2,10869,5,12178,7,0,24,5,66,2,1377,0,33,26
02-07-21,Sevier,11382,29,10178,18,1204,11,11209,23,58240,97,69449,120,0,146,7,213,22,11023,0,249,156
02-07-21,Shelby,84069,144,78781,120,5288,24,96918,160,821027,1392,917945,1552,1,1357,-39,2214,182,80498,4,3326,1458
02-07-21,Smith,2481,2,1923,0,558,2,2420,0,12250,25,14670,25,0,33,-2,66,4,2382,0,57,36
02-07-21,Stewart,1198,3,910,1,288,2,1027,1,6231,15,7258,16,0,25,1,18,2,1155,0,24,24
02-07-21,Sullivan,13640,23,11947,21,1693,2,12915,23,75343,195,88258,218,0,254,-3,309,26,13077,0,686,259
02-07-21,Sumner,20460,54,18676,41,1784,13,21135,34,106189,235,127324,269,0,285,6,642,48,19533,0,672,302
02-07-21,Tipton,6693,11,4771,4,1922,7,5763,5,42125,54,47888,59,-1,91,-2,130,14,6472,1,143,95
02-07-21,Trousdale,2366,3,2246,3,120,0,2406,3,8300,28,10706,31,0,19,1,29,2,2318,0,36,22
02-07-21,Unicoi,1716,2,1356,0,360,2,1490,0,11802,9,13292,9,0,48,1,19,1,1649,0,61,46
02-07-21,Union,1607,3,1369,2,238,1,1477,2,9485,14,10962,16,0,26,-1,32,4,1549,0,52,28
02-07-21,Van Buren,783,0,657,0,126,0,725,0,4804,7,5529,7,0,15,0,17,0,751,0,19,20
02-07-21,Warren,5168,2,4453,2,715,0,5041,2,29395,65,34436,67,0,66,-5,100,7,5002,0,79,73
02-07-21,Washington,12282,17,10654,13,1628,4,11743,12,71837,126,83580,138,0,222,-5,237,22,11823,0,315,223
02-07-21,Wayne,2821,3,2315,3,506,0,2541,2,10560,20,13101,22,0,26,-1,70,4,2725,0,56,29
02-07-21,Weakley,3715,9,2801,7,914,2,3198,7,20114,40,23312,47,0,53,5,85,4,3577,0,58,57
02-07-21,White,3234,4,2720,4,514,0,3331,4,20859,34,24190,38,0,59,1,74,3,3101,0,102,63
02-07-21,Williamson,23928,71,20760,53,3168,18,23069,57,160535,387,183604,444,0,184,-29,987,100,22757,1,277,201
02-07-21,Wilson,15641,20,14324,18,1317,2,16353,19,88810,205,105163,224,0,191,-31,423,51,15027,0,312,201
02-06-21,Anderson,7526,27,5838,17,1688,10,6532,23,56030,225,62562,248,1,143,9,217,17,7166,0,185,153
02-06-21,Bedford,5645,18,4576,12,1069,6,5289,14,28296,192,33585,206,2,109,3,119,13,5417,0,123,115
02-06-21,Benton,1472,5,1198,5,274,0,1322,5,8391,39,9713,44,0,37,-2,36,7,1399,0,35,39
02-06-21,Bledsoe,1910,9,1773,5,137,4,1880,8,13744,88,15624,96,0,11,9,55,0,1844,0,30,10
02-06-21,Blount,13400,59,11747,34,1653,25,12943,36,64364,336,77307,372,1,158,19,336,39,12906,1,304,170
02-06-21,Bradley,12027,72,10213,47,1814,25,11575,55,56679,421,68254,476,0,128,31,382,41,11517,1,493,135
02-06-21,Campbell,3601,5,2108,3,1493,2,2359,5,23343,90,25702,95,0,51,-3,94,8,3456,0,108,55
02-06-21,Cannon,1702,12,1398,7,304,5,1559,10,8310,44,9869,54,0,25,6,54,6,1623,0,33,27
02-06-21,Carroll,3394,22,2252,9,1142,13,2666,10,18366,59,21032,69,0,78,15,92,7,3224,0,77,80
02-06-21,Carter,5737,19,5043,14,694,5,5526,19,33001,233,38527,252,0,139,8,174,11,5424,2,206,145
02-06-21,Cheatham,3724,27,2970,15,754,12,3358,16,24094,157,27452,173,0,38,18,133,9,3553,0,77,39
02-06-21,Chester,1959,14,1419,8,540,6,1692,12,10530,73,12222,85,0,44,9,54,5,1861,0,38,45
02-06-21,Claiborne,2460,18,1626,10,834,8,1735,10,20904,114,22639,124,0,51,11,128,7,2281,0,87,63
02-06-21,Clay,1039,6,719,6,320,0,823,6,5185,29,6008,35,0,29,3,23,3,987,0,22,30
02-06-21,Cocke,3823,13,2663,5,1160,8,2939,8,18932,63,21871,71,1,84,7,99,5,3640,0,105,90
02-06-21,Coffee,6054,28,4378,17,1676,11,5373,23,41165,265,46538,288,0,104,12,185,16,5765,0,108,111
02-06-21,Crockett,1927,6,1168,4,759,2,1362,5,6824,37,8186,42,0,43,4,27,2,1857,0,29,46
02-06-21,Cumberland,5911,29,5007,23,904,6,5740,25,44673,230,50413,255,1,103,21,137,7,5671,0,142,117
02-06-21,Davidson,77959,400,74138,347,3821,53,90171,458,809291,6453,899462,6911,0,788,222,2409,178,74762,8,1826,807
02-06-21,Decatur,1509,4,1132,1,377,3,1347,1,10538,19,11885,20,0,32,4,21,0,1456,0,37,35
02-06-21,Dekalb,2554,4,1927,4,627,0,2228,6,15535,78,17763,84,0,48,-2,56,6,2450,0,52,47
02-06-21,Dickson,5897,30,4357,15,1540,15,5172,18,31268,139,36440,157,0,98,19,87,11,5712,0,113,102
02-06-21,Dyer,5149,18,3432,6,1717,12,3862,7,20289,80,24151,87,0,92,5,163,13,4894,0,103,98
02-06-21,Fayette,4529,25,3955,18,574,7,4851,25,33392,191,38243,216,0,65,8,131,17,4333,2,118,68
02-06-21,Fentress,2254,8,1973,8,281,0,2252,9,11116,127,13368,136,0,41,4,36,4,2177,0,54,43
02-06-21,Franklin,4503,24,3815,23,688,1,4480,30,31869,292,36349,322,2,76,12,121,10,4306,0,102,79
02-06-21,Gibson,6036,25,3673,12,2363,13,4441,15,27130,127,31571,142,0,129,10,149,15,5758,1,102,137
02-06-21,Giles,3555,15,3019,8,536,7,3469,10,20719,143,24188,153,1,89,5,102,9,3364,0,109,94
02-06-21,Grainger,2306,15,1761,10,545,5,1977,13,12542,63,14519,76,0,45,11,86,4,2175,0,62,47
02-06-21,Greene,7050,36,5611,30,1439,6,6255,36,40667,369,46922,405,2,134,15,196,19,6720,1,170,138
02-06-21,Grundy,1571,20,1348,13,223,7,1551,13,7216,80,8767,93,0,26,18,72,2,1473,0,54,27
02-06-21,Hamblen,7619,54,5592,32,2027,22,6265,39,42035,296,48300,335,2,151,38,155,14,7313,5,238,155
02-06-21,Hamilton,38007,171,33330,138,4677,33,37258,164,280812,1591,318070,1755,6,410,62,727,103,36870,1,1031,431
02-06-21,Hancock,477,6,348,5,129,1,370,5,3560,19,3930,24,0,9,1,11,5,457,0,18,10
02-06-21,Hardeman,3323,5,2715,5,608,0,3178,5,23195,71,26373,76,0,62,-2,57,7,3204,0,98,61
02-06-21,Hardin,3240,7,2240,5,1000,2,2669,7,21673,112,24342,119,0,58,-3,59,10,3123,0,58,62
02-06-21,Hawkins,4900,37,4071,29,829,8,4369,32,28760,270,33129,302,1,88,17,244,19,4568,0,127,89
02-06-21,Haywood,2607,6,2190,5,417,1,2491,7,12733,64,15224,71,0,58,4,52,2,2497,0,77,58
02-06-21,Henderson,3539,15,2484,8,1055,7,3118,8,15211,39,18329,47,0,70,8,78,7,3391,0,75,70
02-06-21,Henry,2904,12,2282,8,622,4,2637,10,16613,55,19250,65,2,70,4,51,6,2783,0,74,73
02-06-21,Hickman,2551,15,2102,5,449,10,2431,7,14676,69,17107,76,0,39,11,61,4,2451,0,51,39
02-06-21,Houston,999,2,754,2,245,0,859,2,8631,15,9490,17,0,27,2,-2,0,974,0,38,29
02-06-21,Humphreys,1474,5,992,2,482,3,1161,4,10596,44,11757,48,0,20,4,23,1,1431,1,29,21
02-06-21,Jackson,1218,6,962,5,256,1,1121,5,4979,31,6100,36,0,27,3,45,3,1146,0,38,31
02-06-21,Jefferson,5364,26,3809,20,1555,6,4305,28,33478,265,37783,293,1,96,3,188,22,5080,0,166,110
02-06-21,Johnson,2112,11,1908,11,204,0,2026,11,13019,119,15045,130,0,37,1,54,10,2021,0,56,37
02-06-21,Knox,43550,304,37552,173,5998,131,41001,205,281691,1417,322692,1622,2,522,137,1569,165,41459,6,1206,537
02-06-21,Lake,1662,2,1480,2,182,0,1740,2,9308,33,11048,35,1,24,1,56,0,1582,0,24,25
02-06-21,Lauderdale,3037,9,2375,9,662,0,2719,11,19212,111,21931,122,0,41,6,61,3,2935,0,80,41
02-06-21,Lawrence,5419,22,4260,20,1159,2,4686,22,26250,189,30936,211,2,78,3,171,17,5170,0,133,78
02-06-21,Lewis,1398,8,1122,3,276,5,1215,3,9349,42,10564,45,0,23,2,60,6,1315,0,40,24
02-06-21,Lincoln,4005,12,3148,12,857,0,3581,15,16007,76,19588,91,0,55,7,108,5,3842,0,76,56
02-06-21,Loudon,5340,53,4287,28,1053,25,4682,33,28078,122,32760,155,1,62,36,221,16,5057,1,119,61
02-06-21,Macon,3257,5,2606,4,651,1,3060,5,13998,62,17058,67,1,66,-3,103,7,3088,0,116,73
02-06-21,Madison,9820,37,5523,18,4297,19,6738,20,50319,265,57057,285,0,206,14,-448,23,10062,1,324,220
02-06-21,Marion,2797,19,2424,17,373,2,2713,15,16262,145,18975,160,0,38,15,70,4,2689,0,100,44
02-06-21,Marshall,3780,26,3078,11,702,15,3478,13,21189,95,24667,108,0,50,14,163,12,3567,1,86,52
02-06-21,Maury,11821,58,10625,40,1196,18,11728,42,66036,384,77764,426,2,152,17,432,39,11237,1,267,154
02-06-21,McMinn,5607,39,5052,32,555,7,5573,34,37121,254,42694,288,0,84,25,219,14,5304,0,141,86
02-06-21,McNairy,2567,7,1814,6,753,1,2225,7,16625,157,18850,164,1,46,-7,-25,13,2546,0,59,49
02-06-21,Meigs,1216,4,1111,4,105,0,1237,4,7026,94,8263,98,1,19,0,36,3,1161,0,37,20
02-06-21,Monroe,5031,28,4070,15,961,13,4579,19,23818,146,28397,165,0,80,8,228,20,4723,0,138,85
02-06-21,Montgomery,16566,123,12305,71,4261,52,13532,103,98035,653,111567,756,2,184,39,738,82,15644,0,284,201
02-06-21,Moore,916,0,719,0,197,0,815,1,4447,24,5262,25,0,13,-2,27,2,876,0,15,15
02-06-21,Morgan,2211,9,1673,6,538,3,1801,7,13824,54,15625,61,0,23,6,54,3,2134,0,33,35
02-06-21,Obion,4300,9,3211,8,1089,1,3635,10,20415,116,24050,126,0,90,3,76,6,4134,0,97,92
02-06-21,Out of State,15455,91,12424,67,3031,24,13983,74,548391,2731,562374,2805,0,98,56,359,35,14998,1,180,83
02-06-21,Overton,2779,7,2119,7,660,0,2494,10,13681,85,16175,95,0,53,4,57,3,2669,0,62,57
02-06-21,Pending,14421,74,9457,43,4964,31,10486,49,354208,2054,364694,2103,2,198,17,263,55,13960,1,128,121
02-06-21,Perry,1007,3,872,2,135,1,977,2,5735,14,6712,16,0,25,-1,6,4,976,0,28,26
02-06-21,Pickett,724,0,480,0,244,0,577,1,3295,32,3872,33,0,21,-2,17,2,686,0,28,21
02-06-21,Polk,1603,7,1473,5,130,2,1635,6,8059,65,9694,71,0,21,0,80,7,1502,0,57,21
02-06-21,Putnam,10293,59,8554,47,1739,12,10252,57,64235,464,74487,521,0,165,24,265,35,9863,0,195,165
02-06-21,Rhea,3964,14,3480,11,484,3,3903,17,23627,149,27530,166,1,65,8,86,5,3813,0,79,70
02-06-21,Roane,5523,27,4395,16,1128,11,4875,19,38047,176,42922,195,0,96,11,103,16,5324,0,138,96
02-06-21,Robertson,8582,35,6933,24,1649,11,7833,30,38865,260,46698,290,0,106,6,287,29,8189,1,387,111
02-06-21,Rutherford,36378,178,32139,127,4239,51,37516,168,203720,1354,241236,1522,0,336,96,1020,82,35022,0,548,361
02-06-21,Scott,2729,19,1601,2,1128,17,1706,3,10406,30,12112,33,1,39,11,112,7,2578,0,59,42
02-06-21,Sequatchie,1460,16,1203,11,257,5,1307,12,10864,76,12171,88,0,24,13,61,3,1375,0,33,26
02-06-21,Sevier,11353,33,10160,24,1193,9,11186,40,58143,327,69329,367,2,146,-5,206,36,11001,0,249,154
02-06-21,Shelby,83925,419,78661,347,5264,72,96758,485,819635,6056,916393,6541,7,1356,186,2253,226,80316,7,3322,1454
02-06-21,Smith,2479,10,1923,6,556,4,2420,6,12225,48,14645,54,0,33,9,68,1,2378,0,57,36
02-06-21,Stewart,1195,6,909,3,286,3,1026,4,6216,28,7242,32,1,25,-1,17,6,1153,0,24,24
02-06-21,Sullivan,13617,37,11926,26,1691,11,12892,35,75148,420,88040,455,3,254,6,312,28,13051,0,686,258
02-06-21,Sumner,20406,107,18635,76,1771,31,21101,99,105954,722,127055,821,2,285,46,636,59,19485,0,672,301
02-06-21,Tipton,6682,33,4767,18,1915,15,5758,26,42071,260,47829,286,1,92,14,132,18,6458,0,142,95
02-06-21,Trousdale,2363,4,2243,4,120,0,2403,4,8272,45,10675,49,0,19,3,28,1,2316,0,36,22
02-06-21,Unicoi,1714,1,1356,1,358,0,1490,1,11793,38,13283,39,0,48,-2,18,3,1648,0,61,46
02-06-21,Union,1604,2,1367,2,237,0,1475,2,9471,41,10946,43,0,26,-6,33,8,1545,0,52,28
02-06-21,Van Buren,783,4,657,3,126,1,725,4,4797,33,5522,37,0,15,3,17,1,751,0,19,20
02-06-21,Warren,5166,21,4451,20,715,1,5039,23,29330,163,34369,186,0,66,11,105,10,4995,0,79,73
02-06-21,Washington,12265,29,10641,23,1624,6,11731,32,71711,395,83442,427,0,222,-9,242,38,11801,1,315,222
02-06-21,Wayne,2818,3,2312,2,506,1,2539,4,10540,42,13079,46,0,26,2,71,1,2721,0,56,29
02-06-21,Weakley,3706,8,2794,4,912,4,3191,6,20074,132,23265,138,0,53,0,80,8,3573,0,58,57
02-06-21,White,3230,13,2716,12,514,1,3327,16,20825,123,24152,139,1,59,2,73,10,3098,0,102,63
02-06-21,Williamson,23857,173,20707,113,3150,60,23012,121,160148,1078,183160,1199,1,184,82,1016,90,22657,0,276,199
02-06-21,Wilson,15621,66,14306,53,1315,13,16334,66,88605,477,104939,543,0,191,28,454,38,14976,0,312,201
02-05-21,Anderson,7499,20,5821,12,1678,8,6509,18,55805,159,62314,177,2,142,-11,208,29,7149,0,185,153
02-05-21,Bedford,5627,8,4564,5,1063,3,5275,7,28104,70,33379,77,1,107,-8,116,15,5404,1,123,113
02-05-21,Benton,1467,1,1193,1,274,0,1317,1,8352,26,9669,27,1,37,-9,38,9,1392,0,35,39
02-05-21,Bledsoe,1901,8,1768,8,133,0,1872,7,13656,45,15528,52,0,11,3,46,5,1844,1,30,10
02-05-21,Blount,13341,21,11713,9,1628,12,12907,16,64028,133,76935,149,7,157,-41,317,55,12867,0,303,167
02-05-21,Bradley,11955,69,10166,46,1789,23,11520,47,56258,161,67778,208,4,128,4,351,61,11476,1,492,133
02-05-21,Campbell,3596,17,2105,6,1491,11,2354,5,23253,29,25607,34,3,51,-2,97,16,3448,1,108,55
02-05-21,Cannon,1690,0,1391,0,299,0,1549,0,8266,23,9815,23,0,25,-3,48,3,1617,0,33,25
02-05-21,Carroll,3372,5,2243,4,1129,1,2656,4,18307,34,20963,38,2,78,-5,77,8,3217,0,77,80
02-05-21,Carter,5718,15,5029,13,689,2,5507,12,32768,85,38275,97,2,139,-11,166,24,5413,0,204,145
02-05-21,Cheatham,3697,12,2955,5,742,7,3342,7,23937,84,27279,91,4,38,-9,115,17,3544,0,77,39
02-05-21,Chester,1945,7,1411,4,534,3,1680,5,10457,16,12137,21,0,44,0,45,7,1856,0,38,45
02-05-21,Claiborne,2442,8,1616,5,826,3,1725,7,20790,34,22515,41,2,51,-5,117,11,2274,1,87,60
02-05-21,Clay,1033,3,713,3,320,0,817,3,5156,22,5973,25,0,29,-1,20,4,984,0,22,30
02-05-21,Cocke,3810,13,2658,5,1152,8,2931,5,18869,58,21800,63,3,83,-16,92,26,3635,1,105,90
02-05-21,Coffee,6026,9,4361,7,1665,2,5350,8,40900,104,46250,112,2,104,-16,173,23,5749,0,108,110
02-05-21,Crockett,1921,2,1164,1,757,1,1357,2,6787,23,8144,25,1,43,-7,23,8,1855,0,29,46
02-05-21,Cumberland,5882,17,4984,13,898,4,5715,15,44443,89,50158,104,5,102,-6,116,18,5664,1,142,116
02-05-21,Davidson,77559,189,73791,160,3768,29,89713,193,802838,3765,892551,3958,17,788,-146,2187,318,74584,1,1818,805
02-05-21,Decatur,1505,1,1131,1,374,0,1346,1,10519,16,11865,17,0,32,-2,17,3,1456,0,37,35
02-05-21,Dekalb,2550,9,1923,6,627,3,2222,10,15457,68,17679,78,1,48,0,58,8,2444,0,52,46
02-05-21,Dickson,5867,7,4342,2,1525,5,5154,4,31129,101,36283,105,6,98,-10,68,11,5701,0,113,102
02-05-21,Dyer,5131,17,3426,11,1705,6,3855,13,20209,62,24064,75,2,92,3,158,12,4881,0,103,98
02-05-21,Fayette,4504,23,3937,22,567,1,4826,21,33201,120,38027,141,1,65,-8,123,30,4316,0,116,68
02-05-21,Fentress,2246,3,1965,2,281,1,2243,2,10989,48,13232,50,1,41,-3,32,5,2173,0,54,43
02-05-21,Franklin,4479,15,3792,14,687,1,4450,17,31577,160,36027,177,0,74,-1,109,16,4296,2,102,79
02-05-21,Gibson,6011,9,3661,4,2350,5,4426,3,27003,93,31429,96,1,129,-15,139,23,5743,0,101,136
02-05-21,Giles,3540,3,3011,3,529,0,3459,7,20576,66,24035,73,3,88,-14,97,14,3355,0,109,90
02-05-21,Grainger,2291,15,1751,12,540,3,1964,13,12479,60,14443,73,2,45,10,75,3,2171,0,62,47
02-05-21,Greene,7014,9,5581,6,1433,3,6219,11,40298,158,46517,169,0,132,-12,181,21,6701,0,169,135
02-05-21,Grundy,1551,8,1335,8,216,0,1538,10,7136,38,8674,48,1,26,2,54,5,1471,0,54,27
02-05-21,Hamblen,7565,32,5560,14,2005,18,6226,18,41739,120,47965,138,1,149,1,117,30,7299,0,233,154
02-05-21,Hamilton,37836,139,33192,98,4644,41,37094,105,279221,603,316315,708,8,404,-9,665,140,36767,8,1030,425
02-05-21,Hancock,471,2,343,2,128,0,365,2,3541,7,3906,9,0,9,-2,10,4,452,0,18,10
02-05-21,Hardeman,3318,12,2710,1,608,11,3173,2,23124,144,26297,146,0,62,-7,59,19,3197,2,98,61
02-05-21,Hardin,3233,5,2235,2,998,3,2662,3,21561,80,24223,83,1,58,-6,62,10,3113,0,58,62
02-05-21,Hawkins,4863,16,4042,14,821,2,4337,14,28490,124,32827,138,0,87,-10,227,26,4549,1,127,88
02-05-21,Haywood,2601,3,2185,3,416,0,2484,4,12669,38,15153,42,0,58,-3,48,6,2495,0,77,58
02-05-21,Henderson,3524,6,2476,4,1048,2,3110,6,15172,32,18282,38,1,70,-1,70,6,3384,0,75,70
02-05-21,Henry,2892,11,2274,3,618,8,2627,4,16558,38,19185,42,1,68,4,47,6,2777,0,74,73
02-05-21,Hickman,2536,4,2097,4,439,0,2424,4,14607,37,17031,41,0,39,1,50,3,2447,0,51,39
02-05-21,Houston,997,2,752,1,245,1,857,2,8616,47,9473,49,0,27,1,-4,1,974,0,38,29
02-05-21,Humphreys,1469,4,990,1,479,3,1157,2,10552,19,11709,21,0,20,1,19,3,1430,0,28,21
02-05-21,Jackson,1212,6,957,6,255,0,1116,6,4948,18,6064,24,0,27,1,42,5,1143,1,38,30
02-05-21,Jefferson,5338,18,3789,8,1549,10,4277,13,33213,60,37490,73,4,95,-15,185,29,5058,1,166,109
02-05-21,Johnson,2101,3,1897,3,204,0,2015,3,12900,62,14915,65,1,37,0,53,2,2011,0,56,37
02-05-21,Knox,43246,174,37379,129,5867,45,40796,150,280274,740,321070,890,8,520,-3,1432,169,41294,4,1200,533
02-05-21,Lake,1660,0,1478,0,182,0,1738,0,9275,11,11013,11,0,23,-5,55,5,1582,0,24,25
02-05-21,Lauderdale,3028,7,2366,6,662,1,2708,9,19101,43,21809,52,0,41,-2,55,9,2932,0,80,41
02-05-21,Lawrence,5397,8,4240,2,1157,6,4664,3,26061,74,30725,77,1,76,-8,168,15,5153,0,133,78
02-05-21,Lewis,1390,1,1119,1,271,0,1212,2,9307,11,10519,13,0,23,-2,58,3,1309,0,40,24
02-05-21,Lincoln,3993,8,3136,5,857,3,3566,6,15931,39,19497,45,1,55,-3,101,10,3837,0,76,56
02-05-21,Loudon,5287,14,4259,9,1028,5,4649,12,27956,73,32605,85,0,61,-3,185,17,5041,1,118,61
02-05-21,Macon,3252,7,2602,6,650,1,3055,7,13936,54,16991,61,3,65,-1,106,5,3081,0,116,73
02-05-21,Madison,9783,27,5505,22,4278,5,6718,31,50054,145,56772,176,4,206,-18,-462,41,10039,0,323,218
02-05-21,Marion,2778,9,2407,5,371,4,2698,6,16117,70,18815,76,0,38,-3,55,12,2685,0,100,44
02-05-21,Marshall,3754,20,3067,6,687,14,3465,11,21094,40,24559,51,4,50,-3,149,19,3555,0,85,50
02-05-21,Maury,11763,21,10585,18,1178,3,11686,18,65652,106,77338,124,1,150,-32,415,52,11198,1,266,154
02-05-21,McMinn,5568,16,5020,10,548,6,5539,15,36867,117,42406,132,2,84,-12,194,26,5290,0,141,85
02-05-21,McNairy,2560,3,1808,1,752,2,2218,1,16468,55,18686,56,0,45,-7,-18,10,2533,0,59,49
02-05-21,Meigs,1212,3,1107,3,105,0,1233,4,6932,39,8165,43,0,18,1,36,2,1158,0,37,20
02-05-21,Monroe,5003,14,4055,8,948,6,4560,9,23672,74,28232,83,5,80,-3,220,12,4703,1,138,85
02-05-21,Montgomery,16443,73,12234,35,4209,38,13429,41,97382,351,110811,392,9,182,-15,699,79,15562,1,284,201
02-05-21,Moore,916,1,719,1,197,0,814,2,4423,8,5237,10,2,13,-4,29,3,874,0,15,15
02-05-21,Morgan,2202,8,1667,5,535,3,1794,8,13770,24,15564,32,0,23,-3,48,11,2131,0,33,35
02-05-21,Obion,4291,4,3203,4,1088,0,3625,4,20299,64,23924,68,-1,90,-3,73,8,4128,0,97,92
02-05-21,Out of State,15364,48,12357,36,3007,12,13909,49,545660,1878,559569,1927,3,98,-13,303,58,14963,0,179,81
02-05-21,Overton,2772,6,2112,5,660,1,2484,5,13596,41,16080,46,1,53,-3,53,8,2666,0,62,57
02-05-21,Pending,14347,58,9414,41,4933,17,10437,46,352154,1209,362591,1255,5,196,-3,246,56,13905,1,127,121
02-05-21,Perry,1004,1,870,0,134,1,975,0,5721,8,6696,8,0,25,1,7,0,972,0,28,26
02-05-21,Pickett,724,1,480,1,244,0,576,2,3263,11,3839,13,0,21,0,19,1,684,0,28,21
02-05-21,Polk,1596,14,1468,10,128,4,1629,11,7994,38,9623,49,0,21,7,80,7,1495,0,57,21
02-05-21,Putnam,10234,39,8507,29,1727,10,10195,34,63771,359,73966,393,2,165,12,241,25,9828,0,195,164
02-05-21,Rhea,3950,14,3469,11,481,3,3886,12,23478,80,27364,92,1,64,5,78,8,3808,0,79,70
02-05-21,Roane,5496,17,4379,14,1117,3,4856,18,37871,111,42727,129,1,96,3,92,13,5308,0,138,96
02-05-21,Robertson,8547,21,6909,11,1638,10,7803,21,38605,101,46408,122,5,106,-16,281,32,8160,1,386,111
02-05-21,Rutherford,36200,98,32012,69,4188,29,37348,83,202366,914,239714,997,3,336,-52,924,147,34940,0,548,360
02-05-21,Scott,2710,11,1599,6,1111,5,1703,6,10376,39,12079,45,-1,38,3,101,9,2571,0,59,42
02-05-21,Sequatchie,1444,3,1192,2,252,1,1295,3,10788,19,12083,22,2,24,-1,48,2,1372,0,33,25
02-05-21,Sevier,11320,43,10136,34,1184,9,11146,42,57816,184,68962,226,2,144,-12,211,53,10965,0,249,151
02-05-21,Shelby,83506,285,78314,237,5192,48,96273,338,813579,4058,909852,4396,23,1349,-84,2067,346,80090,15,3315,1451
02-05-21,Smith,2469,7,1917,3,552,4,2414,4,12177,42,14591,46,1,33,1,59,5,2377,0,57,36
02-05-21,Stewart,1189,2,906,1,283,1,1022,1,6188,14,7210,15,1,24,-11,18,12,1147,0,24,24
02-05-21,Sullivan,13580,22,11900,19,1680,3,12857,16,74728,190,87585,206,2,251,-11,306,31,13023,4,686,257
02-05-21,Sumner,20299,62,18559,50,1740,12,21002,65,105232,337,126234,402,9,283,-11,590,64,19426,0,672,300
02-05-21,Tipton,6649,12,4749,7,1900,5,5732,7,41811,134,47543,141,1,91,-9,118,20,6440,0,142,95
02-05-21,Trousdale,2359,1,2239,1,120,0,2399,2,8227,11,10626,13,1,19,-2,25,2,2315,0,36,22
02-05-21,Unicoi,1713,2,1355,1,358,1,1489,2,11755,14,13244,16,1,48,-2,20,3,1645,0,61,46
02-05-21,Union,1602,12,1365,8,237,4,1473,7,9430,33,10903,40,1,26,4,39,7,1537,0,52,28
02-05-21,Van Buren,779,1,654,1,125,0,721,2,4764,8,5485,10,2,15,-1,14,0,750,0,19,20
02-05-21,Warren,5145,4,4431,4,714,0,5016,6,29167,129,34183,135,1,66,-9,94,12,4985,0,79,72
02-05-21,Washington,12236,16,10618,10,1618,6,11699,11,71316,217,83015,228,1,222,-9,251,24,11763,1,314,222
02-05-21,Wayne,2815,2,2310,0,505,2,2535,1,10498,16,13033,17,0,26,-17,69,19,2720,0,56,29
02-05-21,Weakley,3698,14,2790,10,908,4,3185,12,19942,40,23127,52,0,53,3,80,11,3565,0,58,57
02-05-21,White,3217,12,2704,6,513,6,3311,6,20702,60,24013,66,2,58,6,71,4,3088,0,102,63
02-05-21,Williamson,23684,80,20594,57,3090,23,22891,72,159070,569,181961,641,1,183,-38,934,117,22567,0,276,199
02-05-21,Wilson,15555,52,14253,47,1302,5,16268,57,88128,299,104396,356,2,191,-2,426,52,14938,0,312,201
02-04-21,Anderson,7479,30,5809,14,1670,16,6491,18,55646,321,62137,339,2,140,-5,219,33,7120,0,185,152
02-04-21,Bedford,5619,20,4559,18,1060,2,5268,24,28034,155,33302,179,1,106,-5,124,24,5389,1,122,113
02-04-21,Benton,1466,5,1192,1,274,4,1316,1,8326,22,9642,23,0,36,2,47,3,1383,0,35,39
02-04-21,Bledsoe,1893,11,1760,10,133,1,1865,12,13611,67,15476,79,0,11,3,43,8,1839,0,29,10
02-04-21,Blount,13320,77,11704,58,1616,19,12891,71,63895,331,76786,402,4,150,25,358,48,12812,4,303,167
02-04-21,Bradley,11886,66,10120,34,1766,32,11473,46,56097,299,67570,345,2,124,18,347,46,11415,0,491,133
02-04-21,Campbell,3579,19,2099,2,1480,17,2349,3,23224,69,25573,72,2,48,-11,99,28,3432,0,107,55
02-04-21,Cannon,1690,9,1391,4,299,5,1549,4,8243,23,9792,27,0,25,5,51,4,1614,1,33,25
02-04-21,Carroll,3367,6,2239,3,1128,3,2652,4,18273,70,20925,74,1,76,-14,82,19,3209,0,77,80
02-04-21,Carter,5703,18,5016,12,687,6,5495,13,32683,129,38178,142,1,137,-3,177,20,5389,0,204,145
02-04-21,Cheatham,3685,10,2950,5,735,5,3335,8,23853,82,27188,90,0,34,-3,124,13,3527,0,77,39
02-04-21,Chester,1938,6,1407,5,531,1,1675,3,10441,97,12116,100,0,44,0,45,6,1849,0,38,45
02-04-21,Claiborne,2434,7,1611,5,823,2,1718,9,20756,121,22474,130,4,49,-15,122,18,2263,0,86,60
02-04-21,Clay,1030,2,710,1,320,1,814,1,5134,5,5948,6,1,29,-5,21,6,980,0,22,30
02-04-21,Cocke,3797,11,2653,3,1144,8,2926,3,18811,113,21737,116,2,80,-11,108,20,3609,1,104,90
02-04-21,Coffee,6017,25,4354,14,1663,11,5342,16,40796,164,46138,180,2,102,-1,189,24,5726,0,108,110
02-04-21,Crockett,1919,8,1163,2,756,6,1355,1,6764,13,8119,14,2,42,2,30,4,1847,0,29,46
02-04-21,Cumberland,5865,17,4971,10,894,7,5700,12,44354,135,50054,147,3,97,-20,122,34,5646,2,141,115
02-04-21,Davidson,77370,250,73631,216,3739,34,89520,257,799073,4910,888593,5167,12,771,-114,2333,352,74266,4,1817,798
02-04-21,Decatur,1504,1,1130,0,374,1,1345,0,10503,14,11848,14,1,32,-3,19,3,1453,0,37,35
02-04-21,Dekalb,2541,8,1917,6,624,2,2212,5,15389,45,17601,50,0,47,6,58,2,2436,0,52,46
02-04-21,Dickson,5860,19,4340,13,1520,6,5150,16,31028,114,36178,130,0,92,3,78,16,5690,0,113,102
02-04-21,Dyer,5114,9,3415,5,1699,4,3842,6,20147,76,23989,82,0,90,-8,155,17,4869,0,103,98
02-04-21,Fayette,4481,13,3915,11,566,2,4805,14,33081,150,37886,164,1,64,-18,131,30,4286,0,116,68
02-04-21,Fentress,2243,1,1963,1,280,0,2241,1,10941,134,13182,135,1,40,-4,35,4,2168,0,54,43
02-04-21,Franklin,4464,22,3778,19,686,3,4433,22,31417,521,35850,543,2,74,-11,110,31,4280,0,100,79
02-04-21,Gibson,6002,13,3657,6,2345,7,4423,10,26910,75,31333,85,1,128,-7,154,19,5720,1,101,136
02-04-21,Giles,3537,14,3008,11,529,3,3452,9,20510,94,23962,103,0,85,-4,111,18,3341,0,109,89
02-04-21,Grainger,2276,6,1739,3,537,3,1951,3,12419,47,14370,50,0,43,-15,65,21,2168,0,62,47
02-04-21,Greene,7005,16,5575,11,1430,5,6208,12,40140,321,46348,333,2,132,-11,193,25,6680,1,169,134
02-04-21,Grundy,1543,8,1327,6,216,2,1528,6,7098,82,8626,88,0,25,2,52,6,1466,0,54,27
02-04-21,Hamblen,7533,30,5546,17,1987,13,6208,17,41619,87,47827,104,4,148,-11,116,37,7269,1,233,154
02-04-21,Hamilton,37697,217,33094,178,4603,39,36989,189,278618,1401,315607,1590,11,396,59,674,147,36627,6,1022,422
02-04-21,Hancock,469,0,341,0,128,0,363,0,3534,4,3897,4,0,9,-1,12,1,448,0,18,10
02-04-21,Hardeman,3306,8,2709,6,597,2,3171,7,22980,86,26151,93,1,62,-1,66,8,3178,0,96,60
02-04-21,Hardin,3228,9,2233,8,995,1,2659,6,21481,63,24140,69,0,57,-7,68,16,3103,0,58,62
02-04-21,Hawkins,4847,18,4028,13,819,5,4323,11,28366,221,32689,232,0,87,-4,237,22,4523,0,126,88
02-04-21,Haywood,2598,1,2182,1,416,0,2480,1,12631,87,15111,88,0,58,-2,51,3,2489,1,77,58
02-04-21,Henderson,3518,3,2472,2,1046,1,3104,5,15140,24,18244,29,3,69,-10,71,10,3378,1,75,70
02-04-21,Henry,2881,10,2271,8,610,2,2623,8,16520,29,19143,37,0,67,-7,43,17,2771,0,74,73
02-04-21,Hickman,2532,7,2093,6,439,1,2420,7,14570,46,16990,53,0,39,0,49,7,2444,0,51,39
02-04-21,Houston,995,1,751,0,244,1,855,1,8569,153,9424,154,1,27,-3,-5,3,973,0,38,29
02-04-21,Humphreys,1465,5,989,5,476,0,1155,7,10533,28,11688,35,0,20,0,18,5,1427,0,28,21
02-04-21,Jackson,1206,4,951,2,255,2,1110,3,4930,15,6040,18,0,27,1,41,3,1138,0,37,30
02-04-21,Jefferson,5320,28,3781,17,1539,11,4264,17,33153,221,37417,238,1,91,-2,200,29,5029,3,165,109
02-04-21,Johnson,2098,3,1894,0,204,3,2012,0,12838,79,14850,79,0,36,-1,53,4,2009,0,56,37
02-04-21,Knox,43072,198,37250,147,5822,51,40646,157,279534,1552,320180,1709,2,512,0,1435,196,41125,7,1196,530
02-04-21,Lake,1660,1,1478,0,182,1,1738,0,9264,52,11002,52,0,23,-5,60,6,1577,0,24,25
02-04-21,Lauderdale,3021,5,2360,2,661,3,2699,1,19058,38,21757,39,0,41,-7,57,12,2923,0,80,41
02-04-21,Lawrence,5389,24,4238,19,1151,5,4661,21,25987,168,30648,189,0,75,-19,176,43,5138,0,133,77
02-04-21,Lewis,1389,5,1118,5,271,0,1210,5,9296,33,10506,38,0,23,-4,60,9,1306,0,40,24
02-04-21,Lincoln,3985,8,3131,6,854,2,3560,9,15892,112,19452,121,0,54,-2,104,10,3827,0,76,55
02-04-21,Loudon,5273,28,4250,17,1023,11,4637,19,27883,118,32520,137,1,61,3,188,24,5024,1,117,60
02-04-21,Macon,3245,11,2596,7,649,4,3048,6,13882,36,16930,42,4,62,-2,107,9,3076,1,116,72
02-04-21,Madison,9756,19,5483,10,4273,9,6687,14,49909,239,56596,253,1,202,-33,-444,51,9998,1,323,218
02-04-21,Marion,2769,24,2402,21,367,3,2692,21,16047,190,18739,211,0,38,15,58,9,2673,0,100,44
02-04-21,Marshall,3734,24,3061,14,673,10,3454,17,21054,114,24508,131,0,46,12,152,12,3536,0,85,49
02-04-21,Maury,11742,69,10567,50,1175,19,11668,55,65546,425,77214,480,0,149,-13,447,82,11146,0,265,152
02-04-21,McMinn,5552,14,5010,11,542,3,5524,13,36750,109,42274,122,2,82,-10,206,22,5264,1,141,85
02-04-21,McNairy,2557,8,1807,5,750,3,2217,5,16413,115,18630,120,0,45,-5,-11,13,2523,0,59,49
02-04-21,Meigs,1209,4,1104,3,105,1,1229,4,6893,23,8122,27,0,18,-2,35,6,1156,0,37,20
02-04-21,Monroe,4989,22,4047,10,942,12,4551,15,23598,59,28149,74,3,75,0,223,19,4691,0,137,85
02-04-21,Montgomery,16370,115,12199,77,4171,38,13388,64,97031,640,110419,704,2,173,-2,714,115,15483,2,283,201
02-04-21,Moore,915,6,718,4,197,2,812,3,4415,27,5227,30,0,11,2,33,4,871,1,15,15
02-04-21,Morgan,2194,7,1662,4,532,3,1786,5,13746,35,15532,40,1,23,-3,51,9,2120,0,33,33
02-04-21,Obion,4287,7,3199,4,1088,3,3621,5,20235,125,23856,130,3,91,-8,76,12,4120,0,97,92
02-04-21,Out of State,15316,73,12321,56,2995,17,13860,62,543782,2591,557642,2653,1,95,-7,316,79,14905,0,179,79
02-04-21,Overton,2766,2,2107,1,659,1,2479,2,13555,30,16034,32,2,52,-10,56,10,2658,0,62,57
02-04-21,Pending,14289,94,9373,56,4916,38,10391,61,350945,1802,361336,1863,4,191,5,249,85,13849,0,126,121
02-04-21,Perry,1003,3,870,3,133,0,975,3,5713,15,6688,18,0,25,1,6,2,972,0,28,26
02-04-21,Pickett,723,0,479,0,244,0,574,0,3252,46,3826,46,0,21,-2,19,2,683,0,28,21
02-04-21,Polk,1582,12,1458,12,124,0,1618,12,7956,28,9574,40,2,21,0,73,10,1488,0,57,21
02-04-21,Putnam,10195,20,8478,11,1717,9,10161,14,63412,165,73573,179,1,163,-21,229,40,9803,0,195,164
02-04-21,Rhea,3936,21,3458,18,478,3,3874,13,23398,117,27272,130,0,63,5,73,16,3800,0,79,70
02-04-21,Roane,5479,27,4365,20,1114,7,4838,20,37760,166,42598,186,1,95,6,89,20,5295,1,138,96
02-04-21,Robertson,8526,40,6898,23,1628,17,7782,23,38504,193,46286,216,2,101,-14,297,52,8128,2,385,111
02-04-21,Rutherford,36102,149,31943,97,4159,52,37265,108,201452,963,238717,1071,6,333,0,976,143,34793,3,548,358
02-04-21,Scott,2699,14,1593,7,1106,7,1697,8,10337,38,12034,46,3,39,-2,98,13,2562,0,59,42
02-04-21,Sequatchie,1441,7,1190,2,251,5,1292,3,10769,34,12061,37,0,22,-1,49,8,1370,0,33,25
02-04-21,Sevier,11277,48,10102,36,1175,12,11104,40,57632,236,68736,276,3,142,-10,223,55,10912,2,249,151
02-04-21,Shelby,83221,291,78077,239,5144,52,95935,306,809521,5006,905456,5312,28,1326,-105,2151,368,79744,11,3300,1441
02-04-21,Smith,2462,11,1914,5,548,6,2410,5,12135,26,14545,31,0,32,6,58,5,2372,0,57,36
02-04-21,Stewart,1187,12,905,11,282,1,1021,13,6174,27,7195,40,0,23,2,29,10,1135,1,24,24
02-04-21,Sullivan,13558,59,11881,52,1677,7,12841,64,74538,415,87379,479,2,249,17,317,40,12992,2,682,257
02-04-21,Sumner,20237,71,18509,46,1728,25,20937,45,104895,476,125832,521,9,274,-53,601,115,19362,1,672,299
02-04-21,Tipton,6637,11,4742,9,1895,2,5725,10,41677,139,47402,149,4,90,-17,127,24,6420,0,142,94
02-04-21,Trousdale,2358,4,2238,3,120,1,2397,3,8216,21,10613,24,1,18,-5,27,8,2313,0,36,22
02-04-21,Unicoi,1711,3,1354,2,357,1,1487,2,11741,22,13228,24,0,47,-4,22,7,1642,0,61,46
02-04-21,Union,1590,7,1357,5,233,2,1466,5,9397,34,10863,39,0,25,-6,35,13,1530,0,52,28
02-04-21,Van Buren,778,1,653,0,125,1,719,2,4756,47,5475,49,1,13,-3,15,3,750,0,19,18
02-04-21,Warren,5141,12,4427,5,714,7,5010,5,29038,102,34048,107,2,65,-6,103,16,4973,0,79,71
02-04-21,Washington,12220,29,10608,23,1612,6,11688,25,71099,356,82787,381,0,221,-9,260,38,11739,0,313,221
02-04-21,Wayne,2813,4,2310,3,503,1,2534,5,10482,22,13016,27,0,26,-5,86,9,2701,0,56,29
02-04-21,Weakley,3684,13,2780,6,904,7,3173,7,19902,90,23075,97,1,53,2,77,10,3554,1,58,57
02-04-21,White,3205,2,2698,1,507,1,3305,2,20642,59,23947,61,1,56,-10,65,11,3084,0,102,63
02-04-21,Williamson,23604,128,20537,97,3067,31,22819,105,158501,848,181320,953,5,182,-6,972,129,22450,3,276,196
02-04-21,Wilson,15503,59,14206,44,1297,15,16211,52,87829,416,104040,468,3,189,-5,428,61,14886,1,312,201
02-03-21,Anderson,7449,23,5795,7,1654,16,6473,14,55325,190,61798,204,4,138,2,224,17,7087,0,185,152
02-03-21,Bedford,5599,18,4541,13,1058,5,5244,15,27879,91,33123,106,2,105,-2,129,18,5365,2,121,113
02-03-21,Benton,1461,1,1191,1,270,0,1315,1,8304,14,9619,15,0,36,-5,45,6,1380,0,35,39
02-03-21,Bledsoe,1882,12,1750,8,132,4,1853,8,13544,59,15397,67,0,11,7,40,5,1831,0,29,10
02-03-21,Blount,13243,48,11646,26,1597,22,12820,40,63564,300,76384,340,0,146,-2,333,50,12764,1,299,167
02-03-21,Bradley,11820,66,10086,47,1734,19,11427,42,55798,240,67225,282,2,122,14,329,50,11369,6,491,133
02-03-21,Campbell,3560,15,2097,2,1463,13,2346,3,23155,63,25501,66,1,46,-5,110,19,3404,1,107,55
02-03-21,Cannon,1681,5,1387,3,294,2,1545,3,8220,38,9765,41,1,25,-1,46,5,1610,0,32,25
02-03-21,Carroll,3361,10,2236,1,1125,9,2648,1,18203,23,20851,24,0,75,-8,96,18,3190,1,77,79
02-03-21,Carter,5685,25,5004,20,681,5,5482,28,32554,98,38036,126,3,136,5,180,17,5369,1,204,145
02-03-21,Cheatham,3675,23,2945,17,730,6,3327,17,23771,112,27098,129,0,34,12,127,11,3514,1,77,39
02-03-21,Chester,1932,4,1402,4,530,0,1672,4,10344,14,12016,18,0,44,-7,45,11,1843,0,38,45
02-03-21,Claiborne,2427,15,1606,12,821,3,1709,16,20635,72,22344,88,0,45,-10,137,25,2245,1,86,60
02-03-21,Clay,1028,4,709,1,319,3,813,1,5129,2,5942,3,1,28,2,26,1,974,0,22,29
02-03-21,Cocke,3786,19,2650,9,1136,10,2923,12,18698,56,21621,68,3,78,-1,119,17,3589,1,103,90
02-03-21,Coffee,5992,29,4340,11,1652,18,5326,15,40632,182,45958,197,0,100,15,190,14,5702,0,108,109
02-03-21,Crockett,1911,6,1161,4,750,2,1354,4,6751,23,8105,27,1,40,2,28,3,1843,0,29,46
02-03-21,Cumberland,5848,14,4961,11,887,3,5688,10,44219,117,49907,127,3,94,-6,142,17,5612,1,139,115
02-03-21,Davidson,77120,393,73415,342,3705,51,89263,418,794163,4987,883426,5405,7,759,-68,2447,454,73914,4,1813,794
02-03-21,Decatur,1503,1,1130,0,373,1,1345,0,10489,11,11834,11,0,31,1,22,0,1450,0,37,35
02-03-21,Dekalb,2533,11,1911,4,622,7,2207,5,15344,53,17551,58,1,47,7,52,3,2434,0,52,46
02-03-21,Dickson,5841,51,4327,25,1514,26,5134,29,30914,141,36048,170,2,92,40,75,9,5674,0,113,100
02-03-21,Dyer,5105,14,3410,5,1695,9,3836,8,20071,26,23907,34,0,90,0,163,14,4852,1,103,98
02-03-21,Fayette,4468,16,3904,12,564,4,4791,14,32931,112,37722,126,1,63,-7,149,22,4256,0,116,68
02-03-21,Fentress,2242,2,1962,1,280,1,2240,2,10807,17,13047,19,0,39,-6,39,8,2164,0,54,43
02-03-21,Franklin,4442,12,3759,5,683,7,4411,9,30896,90,35307,99,1,72,-4,121,15,4249,0,100,78
02-03-21,Gibson,5989,18,3651,6,2338,12,4413,9,26835,51,31248,60,1,127,1,161,16,5701,0,100,136
02-03-21,Giles,3523,14,2997,8,526,6,3443,7,20416,56,23859,63,2,85,-5,115,17,3323,0,109,89
02-03-21,Grainger,2270,7,1736,5,534,2,1948,7,12372,39,14320,46,0,43,-8,80,15,2147,0,62,46
02-03-21,Greene,6989,21,5564,18,1425,3,6196,22,39819,178,46015,200,1,130,-9,204,29,6655,1,168,133
02-03-21,Grundy,1535,7,1321,3,214,4,1522,4,7016,28,8538,32,1,25,2,50,4,1460,0,54,27
02-03-21,Hamblen,7503,39,5529,16,1974,23,6191,18,41532,106,47723,124,1,144,15,127,23,7232,2,232,154
02-03-21,Hamilton,37480,259,32916,198,4564,61,36800,213,277217,1163,314017,1376,9,385,77,615,173,36480,5,1016,419
02-03-21,Hancock,469,1,341,1,128,0,363,1,3530,4,3893,5,1,9,-1,13,1,447,0,18,10
02-03-21,Hardeman,3298,8,2703,3,595,5,3164,3,22894,25,26058,28,1,61,1,67,6,3170,0,96,60
02-03-21,Hardin,3219,8,2225,4,994,4,2653,5,21418,106,24071,111,1,57,-4,75,11,3087,0,58,61
02-03-21,Hawkins,4829,26,4015,19,814,7,4312,18,28145,116,32457,134,0,87,3,241,23,4501,0,126,87
02-03-21,Haywood,2597,2,2181,2,416,0,2479,4,12544,56,15023,60,0,58,-5,53,7,2486,0,76,58
02-03-21,Henderson,3515,9,2470,7,1045,2,3099,5,15116,20,18215,25,0,66,0,81,9,3368,0,74,70
02-03-21,Henry,2871,7,2263,4,608,3,2615,4,16491,25,19106,29,2,67,-6,50,11,2754,0,74,73
02-03-21,Hickman,2525,14,2087,6,438,8,2413,6,14524,68,16937,74,0,39,10,49,4,2437,0,51,39
02-03-21,Houston,994,4,751,1,243,3,854,1,8416,11,9270,12,0,26,4,-2,0,970,0,38,29
02-03-21,Humphreys,1460,15,984,7,476,8,1148,7,10505,48,11653,55,1,20,9,18,5,1422,0,28,20
02-03-21,Jackson,1202,4,949,4,253,0,1107,5,4915,7,6022,12,2,27,-5,40,7,1135,1,37,30
02-03-21,Jefferson,5292,18,3764,9,1528,9,4247,9,32932,69,37179,78,1,90,-5,202,22,5000,1,162,108
02-03-21,Johnson,2095,4,1894,3,201,1,2012,2,12759,16,14771,18,0,36,-1,54,5,2005,0,56,37
02-03-21,Knox,42874,230,37103,164,5771,66,40489,181,277982,1625,318471,1806,5,510,-8,1435,233,40929,7,1189,522
02-03-21,Lake,1659,1,1478,0,181,1,1738,1,9212,8,10950,9,0,23,0,65,1,1571,0,24,25
02-03-21,Lauderdale,3016,7,2358,5,658,2,2698,5,19020,49,21718,54,2,41,-3,64,8,2911,0,80,41
02-03-21,Lawrence,5365,9,4219,7,1146,2,4640,8,25819,112,30459,120,1,75,-6,195,14,5095,0,133,77
02-03-21,Lewis,1384,8,1113,2,271,6,1205,3,9263,23,10468,26,0,23,4,64,4,1297,1,40,24
02-03-21,Lincoln,3977,6,3125,4,852,2,3551,5,15780,65,19331,70,0,54,-7,106,13,3817,1,76,55
02-03-21,Loudon,5245,20,4233,9,1012,11,4618,12,27765,111,32383,123,-1,60,0,185,21,5000,2,116,60
02-03-21,Macon,3234,11,2589,5,645,6,3042,6,13846,23,16888,29,0,58,3,109,8,3067,0,115,71
02-03-21,Madison,9737,30,5473,19,4264,11,6673,20,49670,128,56343,148,2,201,-4,-411,32,9947,0,322,218
02-03-21,Marion,2745,14,2381,11,364,3,2671,11,15857,31,18528,42,1,38,-2,43,15,2664,0,100,44
02-03-21,Marshall,3710,14,3047,7,663,7,3437,9,20940,52,24377,61,0,46,-13,140,27,3524,0,85,48
02-03-21,Maury,11673,57,10517,31,1156,26,11613,35,65121,231,76734,266,4,149,1,460,52,11064,2,265,151
02-03-21,McMinn,5538,19,4999,13,539,6,5511,14,36641,196,42152,210,1,80,0,216,18,5242,1,140,85
02-03-21,McNairy,2549,6,1802,3,747,3,2212,3,16298,95,18510,98,0,45,0,-6,6,2510,0,59,48
02-03-21,Meigs,1205,9,1101,7,104,2,1225,7,6870,26,8095,33,0,18,5,37,4,1150,0,37,20
02-03-21,Monroe,4967,26,4037,18,930,8,4536,18,23539,103,28075,121,3,72,7,223,16,4672,2,137,83
02-03-21,Montgomery,16255,108,12122,49,4133,59,13324,48,96391,326,109715,374,5,171,6,716,97,15368,0,281,199
02-03-21,Moore,909,2,714,0,195,2,809,0,4388,7,5197,7,0,11,-2,31,4,867,0,14,15
02-03-21,Morgan,2187,4,1658,2,529,2,1781,2,13711,26,15492,28,2,22,-3,54,5,2111,1,33,32
02-03-21,Obion,4280,5,3195,3,1085,2,3616,5,20110,18,23726,23,0,88,-8,84,13,4108,0,97,92
02-03-21,Out of State,15243,69,12265,58,2978,11,13798,66,541191,2193,554989,2259,0,94,-18,323,87,14826,0,179,79
02-03-21,Overton,2764,2,2106,2,658,0,2477,2,13525,14,16002,16,1,50,-5,66,6,2648,0,62,57
02-03-21,Pending,14195,71,9317,30,4878,41,10330,36,349143,1437,359473,1473,7,187,-25,244,89,13764,1,126,120
02-03-21,Perry,1000,4,867,3,133,1,972,3,5698,22,6670,25,0,25,3,5,1,970,0,28,26
02-03-21,Pickett,723,1,479,1,244,0,574,1,3206,8,3780,9,0,21,-1,21,2,681,0,28,21
02-03-21,Polk,1570,7,1446,6,124,1,1606,6,7928,21,9534,27,0,19,-1,73,8,1478,0,57,21
02-03-21,Putnam,10175,30,8467,15,1708,15,10147,18,63247,86,73394,104,3,162,0,250,27,9763,1,195,164
02-03-21,Rhea,3915,10,3440,6,475,4,3861,6,23281,47,27142,53,-1,63,-4,68,15,3784,1,79,70
02-03-21,Roane,5452,22,4345,11,1107,11,4818,11,37594,89,42412,100,0,94,0,83,22,5275,0,137,96
02-03-21,Robertson,8486,52,6875,24,1611,28,7759,29,38311,157,46070,186,5,99,4,311,43,8076,0,383,111
02-03-21,Rutherford,35953,196,31846,127,4107,69,37157,142,200489,925,237646,1067,4,327,30,976,162,34650,7,545,356
02-03-21,Scott,2685,12,1586,5,1099,7,1689,5,10299,25,11988,30,0,36,-3,100,15,2549,0,59,42
02-03-21,Sequatchie,1434,9,1188,6,246,3,1289,5,10735,22,12024,27,0,22,3,50,6,1362,0,33,25
02-03-21,Sevier,11229,49,10066,32,1163,17,11064,38,57396,187,68460,225,3,139,12,233,34,10857,2,247,150
02-03-21,Shelby,82930,369,77838,292,5092,77,95629,349,804515,4412,900144,4761,20,1298,-58,2256,407,79376,21,3289,1437
02-03-21,Smith,2451,9,1909,4,542,5,2405,3,12109,29,14514,32,1,32,3,52,5,2367,0,57,36
02-03-21,Stewart,1175,2,894,1,281,1,1008,1,6147,15,7155,16,0,23,-19,27,21,1125,0,23,24
02-03-21,Sullivan,13499,54,11829,40,1670,14,12777,42,74123,281,86900,323,3,247,2,300,49,12952,2,680,257
02-03-21,Sumner,20166,126,18463,83,1703,43,20892,87,104419,406,125311,493,0,265,53,654,73,19247,1,671,297
02-03-21,Tipton,6626,11,4733,2,1893,9,5715,4,41538,150,47253,154,1,86,-13,144,23,6396,0,142,94
02-03-21,Trousdale,2354,4,2235,1,119,3,2394,1,8195,35,10589,36,0,17,4,32,0,2305,0,36,21
02-03-21,Unicoi,1708,0,1352,0,356,0,1485,0,11719,13,13204,13,0,47,-5,26,5,1635,0,61,46
02-03-21,Union,1583,2,1352,1,231,1,1461,2,9363,56,10824,58,0,25,-16,41,18,1517,0,52,28
02-03-21,Van Buren,777,4,653,2,124,2,717,2,4709,8,5426,10,0,12,4,18,0,747,0,19,18
02-03-21,Warren,5129,15,4422,8,707,7,5005,10,28936,135,33941,145,0,63,0,109,15,4957,0,79,71
02-03-21,Washington,12191,17,10585,16,1606,1,11663,26,70743,259,82406,285,1,221,-24,269,40,11701,0,313,221
02-03-21,Wayne,2809,9,2307,7,502,2,2529,7,10460,34,12989,41,0,26,-1,91,10,2692,1,56,28
02-03-21,Weakley,3671,7,2774,4,897,3,3166,5,19812,41,22978,46,0,52,-5,75,12,3544,0,57,57
02-03-21,White,3203,11,2697,11,506,0,3303,12,20583,49,23886,61,0,55,8,75,3,3073,2,102,63
02-03-21,Williamson,23476,183,20440,123,3036,60,22714,123,157653,821,180367,944,2,177,54,978,127,22321,0,273,195
02-03-21,Wilson,15444,85,14162,58,1282,27,16159,65,87413,390,103572,455,1,186,30,433,54,14825,0,311,201
02-02-21,Anderson,7426,7,5788,6,1638,1,6459,6,55135,69,61594,75,5,134,-45,222,47,7070,0,185,151
02-02-21,Bedford,5581,2,4528,0,1053,2,5229,0,27788,4,33017,4,2,103,-24,131,24,5347,0,119,113
02-02-21,Benton,1460,4,1190,1,270,3,1314,1,8290,0,9604,1,1,36,-1,50,4,1374,0,35,39
02-02-21,Bledsoe,1870,5,1742,3,128,2,1845,3,13485,2,15330,5,0,11,0,33,5,1826,0,29,10
02-02-21,Blount,13195,14,11620,11,1575,3,12780,14,63264,56,76044,70,2,146,-58,335,70,12714,0,298,167
02-02-21,Bradley,11754,28,10039,20,1715,8,11385,24,55558,33,66943,57,5,120,-44,315,67,11319,1,485,131
02-02-21,Campbell,3545,3,2095,2,1450,1,2343,1,23092,10,25435,11,1,45,-19,115,21,3385,0,106,55
02-02-21,Cannon,1676,0,1384,0,292,0,1542,0,8182,10,9724,10,0,24,-8,47,8,1605,0,32,25
02-02-21,Carroll,3351,3,2235,2,1116,1,2647,2,18180,12,20827,14,3,75,-12,104,12,3172,0,76,79
02-02-21,Carter,5660,17,4984,14,676,3,5454,15,32456,11,37910,26,1,133,-9,175,25,5352,0,203,144
02-02-21,Cheatham,3652,7,2928,3,724,4,3310,4,23659,35,26969,39,0,34,-14,115,21,3503,1,76,39
02-02-21,Chester,1928,5,1398,3,530,2,1668,5,10330,9,11998,14,1,44,-1,52,5,1832,0,38,45
02-02-21,Claiborne,2412,21,1594,8,818,13,1693,8,20563,13,22256,21,0,45,-6,147,27,2220,1,85,59
02-02-21,Clay,1024,0,708,0,316,0,812,0,5127,1,5939,1,0,27,-5,24,5,973,0,22,29
02-02-21,Cocke,3767,10,2641,2,1126,8,2911,2,18642,54,21553,56,2,75,-16,120,24,3572,0,102,90
02-02-21,Coffee,5963,11,4329,7,1634,4,5311,6,40450,10,45761,16,1,100,-22,175,32,5688,0,108,109
02-02-21,Crockett,1905,0,1157,0,748,0,1350,0,6728,5,8078,5,0,39,-3,26,3,1840,0,29,45
02-02-21,Cumberland,5834,3,4950,1,884,2,5678,2,44102,18,49780,20,4,91,-32,148,31,5595,0,138,115
02-02-21,Davidson,76727,88,73073,69,3654,19,88845,89,789176,915,878021,1004,10,752,-419,2515,497,73460,0,1809,791
02-02-21,Decatur,1502,0,1130,0,372,0,1345,0,10478,1,11823,1,2,31,-4,21,2,1450,0,37,35
02-02-21,Dekalb,2522,4,1907,2,615,2,2202,2,15291,8,17493,10,0,46,-6,45,10,2431,0,52,46
02-02-21,Dickson,5790,8,4302,3,1488,5,5105,2,30773,17,35878,19,3,90,-13,35,18,5665,0,113,100
02-02-21,Dyer,5091,9,3405,7,1686,2,3828,7,20045,10,23873,17,3,90,-22,163,28,4838,0,102,96
02-02-21,Fayette,4452,4,3892,1,560,3,4777,1,32819,27,37596,28,2,62,-37,156,39,4234,0,116,68
02-02-21,Fentress,2240,1,1961,0,279,1,2238,0,10790,2,13028,2,0,39,-8,45,9,2156,0,54,43
02-02-21,Franklin,4430,8,3754,6,676,2,4402,7,30806,177,35208,184,1,71,-19,125,26,4234,0,100,78
02-02-21,Gibson,5971,6,3645,0,2326,6,4404,1,26784,7,31188,8,3,126,-7,160,10,5685,0,100,135
02-02-21,Giles,3509,9,2989,2,520,7,3436,3,20360,6,23796,9,2,83,-20,120,27,3306,2,109,89
02-02-21,Grainger,2263,8,1731,4,532,4,1941,3,12333,6,14274,9,0,43,-3,88,11,2132,1,62,46
02-02-21,Greene,6968,13,5546,10,1422,3,6174,8,39641,25,45815,33,2,129,-32,213,43,6626,0,167,133
02-02-21,Grundy,1528,5,1318,4,210,1,1518,3,6988,15,8506,18,0,24,0,48,5,1456,0,54,27
02-02-21,Hamblen,7464,14,5513,6,1951,8,6173,3,41426,9,47599,12,-1,143,-35,112,50,7209,0,230,154
02-02-21,Hamilton,37221,115,32718,82,4503,33,36587,76,276054,175,312641,251,10,376,-62,538,167,36307,3,1011,419
02-02-21,Hancock,468,1,340,0,128,1,362,0,3526,0,3888,0,0,8,-7,14,8,446,1,18,10
02-02-21,Hardeman,3290,4,2700,3,590,1,3161,2,22869,107,26030,109,2,60,-10,66,12,3164,0,96,60
02-02-21,Hardin,3211,0,2221,0,990,0,2648,0,21312,4,23960,4,0,56,-20,79,20,3076,0,58,61
02-02-21,Hawkins,4803,11,3996,7,807,4,4294,7,28029,9,32323,16,3,87,-28,238,36,4478,0,126,87
02-02-21,Haywood,2595,8,2179,7,416,1,2475,7,12488,6,14963,13,0,58,-6,58,14,2479,0,76,58
02-02-21,Henderson,3506,2,2463,0,1043,2,3094,1,15096,5,18190,6,1,66,-13,81,14,3359,0,74,70
02-02-21,Henry,2864,8,2259,2,605,6,2611,2,16466,8,19077,10,2,65,-17,56,23,2743,0,74,73
02-02-21,Hickman,2511,5,2081,0,430,5,2407,2,14456,5,16863,7,1,39,-5,39,9,2433,0,51,39
02-02-21,Houston,990,1,750,0,240,1,853,0,8405,3,9258,3,0,26,-1,-6,2,970,0,38,29
02-02-21,Humphreys,1445,3,977,0,468,3,1141,0,10457,6,11598,6,1,19,-11,9,13,1417,0,28,20
02-02-21,Jackson,1198,1,945,0,253,1,1102,0,4908,0,6010,0,0,25,-4,45,5,1128,0,36,30
02-02-21,Jefferson,5274,8,3755,5,1519,3,4238,6,32863,30,37101,36,3,89,-33,207,38,4978,0,161,108
02-02-21,Johnson,2091,6,1891,2,200,4,2010,2,12743,6,14753,8,0,36,-2,55,8,2000,0,56,37
02-02-21,Knox,42644,92,36939,70,5705,22,40308,74,276357,293,316665,367,7,505,-159,1443,244,40696,1,1182,522
02-02-21,Lake,1658,0,1478,0,180,0,1737,0,9204,2,10941,2,1,23,-12,65,11,1570,0,24,25
02-02-21,Lauderdale,3009,2,2353,0,656,2,2693,0,18971,9,21664,9,2,39,-15,67,15,2903,0,80,41
02-02-21,Lawrence,5356,19,4212,5,1144,14,4632,3,25707,18,30339,21,0,74,-5,201,24,5081,3,133,77
02-02-21,Lewis,1376,11,1111,1,265,10,1202,2,9240,2,10442,4,1,23,4,60,6,1293,0,39,24
02-02-21,Lincoln,3971,5,3121,2,850,3,3546,1,15715,6,19261,7,0,54,-10,113,15,3804,0,75,55
02-02-21,Loudon,5225,17,4224,8,1001,9,4606,9,27654,26,32260,35,3,61,-5,185,19,4979,0,114,60
02-02-21,Macon,3223,9,2584,7,639,2,3036,8,13823,19,16859,27,1,58,-14,106,22,3059,0,115,70
02-02-21,Madison,9707,7,5454,6,4253,1,6653,7,49542,35,56195,42,2,199,-44,-407,49,9915,0,322,217
02-02-21,Marion,2731,2,2370,2,361,0,2660,2,15826,18,18486,20,1,37,-20,45,21,2649,0,100,44
02-02-21,Marshall,3696,6,3040,1,656,5,3428,1,20888,14,24316,15,0,46,-14,153,20,3497,1,85,47
02-02-21,Maury,11616,38,10486,9,1130,29,11578,10,64890,52,76468,62,3,145,-15,459,50,11012,1,263,151
02-02-21,McMinn,5519,15,4986,7,533,8,5497,6,36445,15,41942,21,0,79,-22,216,37,5224,0,139,85
02-02-21,McNairy,2543,13,1799,9,744,4,2209,9,16203,8,18412,17,0,45,-4,-6,17,2504,0,59,48
02-02-21,Meigs,1196,1,1094,1,102,0,1218,2,6844,0,8062,2,0,18,-5,32,6,1146,0,37,19
02-02-21,Monroe,4941,14,4019,4,922,10,4518,4,23436,12,27954,16,1,69,-15,216,28,4656,0,135,83
02-02-21,Montgomery,16147,18,12073,6,4074,12,13276,6,96065,153,109341,159,1,166,-140,710,157,15271,0,281,199
02-02-21,Moore,907,0,714,0,193,0,809,0,4381,1,5190,1,0,11,-8,33,8,863,0,14,15
02-02-21,Morgan,2183,4,1656,0,527,4,1779,1,13685,9,15464,10,2,20,-16,57,18,2106,0,32,31
02-02-21,Obion,4275,1,3192,1,1083,0,3611,0,20092,5,23703,5,1,88,-18,92,18,4095,0,97,92
02-02-21,Out of State,15174,27,12207,25,2967,2,13732,24,538998,542,552730,566,1,94,-56,341,82,14739,0,179,79
02-02-21,Overton,2762,5,2104,4,658,1,2475,4,13511,7,15986,11,1,49,-10,71,14,2642,0,62,57
02-02-21,Pending,14124,32,9287,18,4837,14,10294,17,347706,330,358000,347,6,180,-97,269,123,13675,0,125,119
02-02-21,Perry,996,0,864,0,132,0,969,0,5676,3,6645,3,0,25,-2,2,2,969,0,28,25
02-02-21,Pickett,722,4,478,1,244,3,573,1,3198,4,3771,5,0,21,2,22,2,679,0,28,21
02-02-21,Polk,1563,2,1440,2,123,0,1600,2,7907,3,9507,5,0,19,-13,74,15,1470,0,57,21
02-02-21,Putnam,10145,19,8452,10,1693,9,10129,14,63161,58,73290,72,1,159,-38,250,56,9736,0,194,164
02-02-21,Rhea,3905,2,3434,2,471,0,3855,2,23234,11,27089,13,0,64,-15,72,17,3769,0,78,69
02-02-21,Roane,5430,14,4334,8,1096,6,4807,8,37505,23,42312,31,1,94,-15,83,28,5253,0,137,96
02-02-21,Robertson,8434,11,6851,5,1583,6,7730,7,38154,27,45884,34,0,94,-31,307,42,8033,0,383,110
02-02-21,Rutherford,35757,54,31719,42,4038,12,37015,45,199564,133,236579,178,6,323,-148,946,196,34488,0,538,354
02-02-21,Scott,2673,13,1581,2,1092,11,1684,2,10274,4,11958,6,1,36,-4,103,16,2534,0,59,41
02-02-21,Sequatchie,1425,2,1182,1,243,1,1284,1,10713,0,11997,1,0,22,-12,47,14,1356,0,33,25
02-02-21,Sevier,11180,22,10034,19,1146,3,11026,19,57209,36,68235,55,2,136,-48,221,68,10823,1,245,150
02-02-21,Shelby,82561,116,77546,88,5015,28,95280,112,800103,1228,895383,1340,7,1278,-333,2314,442,78969,4,3268,1429
02-02-21,Smith,2442,3,1905,3,537,0,2402,3,12080,10,14482,13,1,31,-5,49,7,2362,0,57,36
02-02-21,Stewart,1173,1,893,0,280,1,1007,0,6132,4,7139,4,0,23,-9,46,10,1104,0,23,24
02-02-21,Sullivan,13445,28,11789,16,1656,12,12735,14,73842,43,86577,57,1,244,-28,298,55,12903,1,678,255
02-02-21,Sumner,20040,66,18380,48,1660,18,20805,52,104013,155,124818,207,4,265,-36,601,98,19174,0,670,295
02-02-21,Tipton,6615,6,4731,2,1884,4,5711,2,41388,52,47099,54,1,85,-38,157,43,6373,0,142,94
02-02-21,Trousdale,2350,0,2234,0,116,0,2393,0,8160,3,10553,3,0,17,-4,28,4,2305,0,36,21
02-02-21,Unicoi,1708,1,1352,1,356,0,1485,1,11706,4,13191,5,0,47,-4,31,5,1630,0,61,46
02-02-21,Union,1581,2,1351,2,230,0,1459,2,9307,6,10766,8,0,25,-9,57,11,1499,0,52,27
02-02-21,Van Buren,773,1,651,0,122,1,715,0,4701,1,5416,1,0,12,1,14,0,747,0,19,18
02-02-21,Warren,5114,1,4414,1,700,0,4995,1,28801,16,33796,17,0,63,-33,109,34,4942,0,79,71
02-02-21,Washington,12174,25,10569,19,1605,6,11637,19,70484,37,82121,56,1,220,-26,293,50,11661,0,313,221
02-02-21,Wayne,2800,2,2300,2,500,0,2522,1,10426,5,12948,6,0,26,-10,92,12,2682,0,55,28
02-02-21,Weakley,3664,13,2770,6,894,7,3161,5,19771,4,22932,9,0,52,5,80,8,3532,1,57,57
02-02-21,White,3192,4,2686,4,506,0,3291,6,20534,8,23825,14,3,55,-14,67,15,3070,1,100,62
02-02-21,Williamson,23293,39,20317,30,2976,9,22591,35,156832,138,179423,173,3,175,-106,924,142,22194,1,273,195
02-02-21,Wilson,15359,36,14104,32,1255,4,16094,34,87023,123,103117,157,3,185,-43,403,76,14771,0,311,199
02-01-21,Anderson,7419,21,5782,12,1637,9,6453,12,55066,53,61519,65,1,129,-25,267,45,7023,1,185,150
02-01-21,Bedford,5579,20,4528,13,1051,7,5229,13,27784,25,33013,38,1,101,-10,155,29,5323,3,119,112
02-01-21,Benton,1456,2,1189,0,267,2,1313,0,8290,5,9603,5,0,35,-6,51,8,1370,0,35,39
02-01-21,Bledsoe,1865,1,1739,1,126,0,1842,2,13483,2,15325,4,0,11,-4,33,5,1821,0,29,10
02-01-21,Blount,13181,24,11609,14,1572,10,12766,14,63208,60,75974,74,1,144,-58,393,81,12644,1,298,165
02-01-21,Bradley,11726,42,10019,26,1707,16,11361,29,55525,83,66886,112,4,115,-24,359,62,11252,1,484,131
02-01-21,Campbell,3542,10,2093,4,1449,6,2342,4,23082,12,25424,16,0,44,-15,134,25,3364,0,106,55
02-01-21,Cannon,1676,4,1384,2,292,2,1542,2,8172,7,9714,9,0,24,-6,55,10,1597,0,32,25
02-01-21,Carroll,3348,9,2233,3,1115,6,2645,3,18168,21,20813,24,4,72,-12,116,17,3160,0,76,79
02-01-21,Carter,5643,18,4970,17,673,1,5439,18,32445,36,37884,54,0,132,-5,184,23,5327,0,203,144
02-01-21,Cheatham,3645,8,2925,6,720,2,3306,5,23624,16,26930,21,1,34,-24,129,31,3482,0,75,39
02-01-21,Chester,1923,3,1395,2,528,1,1663,2,10321,8,11984,10,1,43,-12,53,14,1827,0,38,45
02-01-21,Claiborne,2391,5,1586,4,805,1,1685,4,20550,14,22235,18,2,45,-30,153,33,2193,0,84,58
02-01-21,Clay,1024,2,708,1,316,1,812,1,5126,5,5938,6,0,27,-2,29,4,968,0,22,29
02-01-21,Cocke,3757,13,2639,3,1118,10,2909,3,18588,28,21497,31,2,73,-2,136,13,3548,0,102,90
02-01-21,Coffee,5952,13,4322,6,1630,7,5305,7,40440,22,45745,29,0,99,-19,197,32,5656,0,108,109
02-01-21,Crockett,1905,2,1157,0,748,2,1350,0,6723,4,8073,4,0,39,-4,29,6,1837,0,29,45
02-01-21,Cumberland,5831,7,4949,3,882,4,5676,4,44084,18,49760,22,1,87,-24,180,30,5564,0,138,115
02-01-21,Davidson,76639,125,73004,88,3635,37,88756,98,788261,1436,877017,1534,11,742,-206,2934,320,72963,2,1809,783
02-01-21,Decatur,1502,1,1130,1,372,0,1345,1,10477,4,11822,5,0,29,-1,25,2,1448,0,37,35
02-01-21,Dekalb,2518,8,1905,2,613,6,2200,2,15283,5,17483,7,0,46,4,51,4,2421,0,52,46
02-01-21,Dickson,5782,7,4299,6,1483,1,5103,7,30756,31,35859,38,0,87,-23,48,30,5647,0,113,98
02-01-21,Dyer,5082,11,3398,5,1684,6,3821,5,20035,12,23856,17,0,87,-18,185,29,4810,0,102,96
02-01-21,Fayette,4448,4,3891,4,557,0,4776,4,32792,42,37568,46,1,60,-19,193,22,4195,0,116,68
02-01-21,Fentress,2239,1,1961,0,278,1,2238,1,10788,4,13026,5,0,39,-5,53,6,2147,0,54,43
02-01-21,Franklin,4422,14,3748,8,674,6,4395,8,30629,31,35024,39,0,70,-8,144,22,4208,0,100,78
02-01-21,Gibson,5965,15,3645,8,2320,7,4403,10,26777,28,31180,38,1,123,-8,167,22,5675,0,100,135
02-01-21,Giles,3500,2,2987,2,513,0,3433,2,20354,13,23787,15,2,81,-21,140,21,3279,0,107,88
02-01-21,Grainger,2255,6,1727,1,528,5,1938,3,12327,8,14265,11,0,43,-4,91,10,2121,0,61,46
02-01-21,Greene,6955,16,5536,10,1419,6,6166,11,39616,56,45782,67,6,127,-17,245,27,6583,0,167,132
02-01-21,Grundy,1523,2,1314,1,209,1,1515,1,6973,10,8488,11,0,24,-1,48,3,1451,0,54,27
02-01-21,Hamblen,7450,17,5507,5,1943,12,6170,7,41417,32,47587,39,0,144,-13,147,30,7159,0,230,154
02-01-21,Hamilton,37106,124,32636,67,4470,57,36511,66,275879,230,312390,296,4,366,-36,600,156,36140,4,1008,416
02-01-21,Hancock,467,1,340,0,127,1,362,0,3526,2,3888,2,1,8,-1,21,1,438,0,17,10
02-01-21,Hardeman,3286,3,2697,1,589,2,3159,2,22762,8,25921,10,1,58,-9,76,11,3152,0,96,60
02-01-21,Hardin,3211,0,2221,0,990,0,2648,0,21308,2,23956,2,1,56,-13,99,12,3056,0,58,61
02-01-21,Hawkins,4792,21,3989,13,803,8,4287,13,28020,19,32307,32,0,84,6,266,15,4442,1,126,87
02-01-21,Haywood,2587,1,2172,1,415,0,2468,1,12482,4,14950,5,1,58,-9,64,9,2465,0,76,58
02-01-21,Henderson,3504,5,2463,2,1041,3,3093,2,15091,10,18184,12,0,65,-1,94,6,3345,0,74,69
02-01-21,Henry,2856,9,2257,6,599,3,2609,6,16458,24,19067,30,0,63,-7,73,16,2720,0,74,73
02-01-21,Hickman,2506,1,2081,1,425,0,2405,1,14451,5,16856,6,0,38,-8,44,9,2424,0,51,39
02-01-21,Houston,989,1,750,0,239,1,853,0,8402,3,9255,3,0,26,1,-5,0,968,0,38,29
02-01-21,Humphreys,1442,4,977,1,465,3,1141,1,10451,16,11592,17,0,18,-1,20,5,1404,1,28,20
02-01-21,Jackson,1197,3,945,0,252,3,1102,0,4908,2,6010,2,0,25,-1,49,4,1123,0,36,30
02-01-21,Jefferson,5266,11,3750,10,1516,1,4232,11,32833,45,37065,56,2,86,-31,240,40,4940,1,161,106
02-01-21,Johnson,2085,5,1889,1,196,4,2008,1,12737,6,14745,7,0,36,2,57,3,1992,0,56,37
02-01-21,Knox,42552,154,36869,81,5683,73,40234,97,276064,425,316298,522,4,498,-125,1602,275,40452,2,1181,520
02-01-21,Lake,1658,1,1478,1,180,0,1737,1,9202,3,10939,4,0,22,-9,77,10,1559,0,24,25
02-01-21,Lauderdale,3007,6,2353,4,654,2,2693,3,18962,33,21655,36,1,37,-3,82,8,2888,0,80,41
02-01-21,Lawrence,5337,3,4207,3,1130,0,4629,3,25689,26,30318,29,1,74,-17,206,19,5057,0,130,77
02-01-21,Lewis,1365,2,1110,1,255,1,1200,0,9238,2,10438,2,1,22,-5,56,6,1287,0,39,24
02-01-21,Lincoln,3966,9,3119,6,847,3,3545,6,15709,6,19254,12,1,54,-9,123,17,3789,0,75,55
02-01-21,Loudon,5208,26,4216,14,992,12,4597,16,27628,19,32225,35,0,58,2,190,24,4960,0,114,60
02-01-21,Macon,3214,7,2577,5,637,2,3028,9,13804,8,16832,17,1,57,2,120,4,3037,1,115,70
02-01-21,Madison,9700,14,5448,9,4252,5,6646,8,49507,62,56153,70,1,197,-35,-363,48,9866,1,322,217
02-01-21,Marion,2729,5,2368,4,361,1,2658,4,15808,32,18466,36,0,36,-7,65,12,2628,0,100,44
02-01-21,Marshall,3690,6,3039,3,651,3,3427,3,20874,7,24301,10,1,46,-18,167,23,3477,2,84,47
02-01-21,Maury,11578,14,10477,9,1101,5,11568,8,64838,68,76406,76,1,142,-36,474,49,10962,2,262,151
02-01-21,McMinn,5504,13,4979,12,525,1,5491,11,36430,43,41921,54,0,79,-10,238,23,5187,0,139,84
02-01-21,McNairy,2530,10,1790,7,740,3,2200,7,16195,3,18395,10,1,45,-15,-2,24,2487,0,59,48
02-01-21,Meigs,1195,1,1093,1,102,0,1216,1,6844,18,8060,19,0,18,-13,37,14,1140,0,37,19
02-01-21,Monroe,4927,20,4015,11,912,9,4514,12,23424,26,27938,38,1,68,-7,231,26,4628,0,135,83
02-01-21,Montgomery,16129,36,12067,29,4062,7,13270,30,95912,118,109182,148,1,165,-63,850,98,15114,1,281,197
02-01-21,Moore,907,0,714,0,193,0,809,0,4380,4,5189,4,0,11,-13,41,13,855,0,14,15
02-01-21,Morgan,2179,8,1656,1,523,7,1778,1,13676,4,15454,5,0,18,-8,73,16,2088,0,32,31
02-01-21,Obion,4274,10,3191,5,1083,5,3611,5,20087,12,23698,17,1,87,-10,110,19,4077,1,97,92
02-01-21,Out of State,15147,20,12182,9,2965,11,13708,12,538456,455,552164,467,0,93,-47,397,67,14657,1,179,79
02-01-21,Overton,2757,3,2100,2,657,1,2471,2,13504,14,15975,16,2,48,-11,81,12,2628,0,62,57
02-01-21,Pending,14092,34,9269,20,4823,14,10277,21,347376,445,357653,466,4,174,-53,366,83,13552,1,125,118
02-01-21,Perry,996,0,864,0,132,0,969,1,5673,4,6642,5,0,25,-4,4,4,967,0,28,25
02-01-21,Pickett,718,1,477,1,241,0,572,1,3194,3,3766,4,0,21,0,20,1,677,0,28,21
02-01-21,Polk,1561,11,1438,11,123,0,1598,11,7904,9,9502,20,0,19,1,87,10,1455,0,57,21
02-01-21,Putnam,10126,17,8442,5,1684,12,10115,5,63103,38,73218,43,0,158,-15,288,32,9680,0,194,164
02-01-21,Rhea,3903,6,3432,3,471,3,3853,4,23223,28,27076,32,1,64,-6,87,11,3752,0,78,69
02-01-21,Roane,5416,7,4326,5,1090,2,4799,5,37482,19,42281,24,2,93,-19,98,24,5225,0,137,96
02-01-21,Robertson,8423,29,6846,18,1577,11,7723,6,38127,41,45850,47,1,94,-18,338,46,7991,1,383,109
02-01-21,Rutherford,35703,99,31677,60,4026,39,36970,69,199431,343,236401,412,2,317,-68,1094,165,34292,2,538,354
02-01-21,Scott,2660,4,1579,0,1081,4,1682,0,10270,3,11952,3,1,35,-11,107,14,2518,0,59,41
02-01-21,Sequatchie,1423,2,1181,2,242,0,1283,2,10713,3,11996,5,0,22,-4,59,6,1342,0,33,24
02-01-21,Sevier,11158,23,10015,18,1143,5,11007,21,57173,110,68180,131,0,134,-14,269,37,10755,0,244,149
02-01-21,Shelby,82445,192,77458,161,4987,31,95168,193,798875,1234,894043,1427,9,1271,-219,2647,402,78527,16,3264,1426
02-01-21,Smith,2439,0,1902,0,537,0,2399,0,12070,4,14469,4,0,30,-11,54,11,2355,0,57,35
02-01-21,Stewart,1172,1,893,1,279,0,1007,1,6128,6,7135,7,0,23,-9,55,10,1094,0,23,24
02-01-21,Sullivan,13417,53,11773,36,1644,17,12721,42,73799,161,86520,203,6,243,-4,326,51,12848,1,677,255
02-01-21,Sumner,19974,33,18332,15,1642,18,20753,21,103858,106,124611,127,3,261,-56,637,86,19076,1,670,293
02-01-21,Tipton,6609,16,4729,5,1880,11,5709,7,41336,40,47045,47,2,84,-13,195,27,6330,0,142,94
02-01-21,Trousdale,2350,2,2234,2,116,0,2393,1,8157,4,10550,5,0,17,0,32,2,2301,0,36,21
02-01-21,Unicoi,1707,1,1351,1,356,0,1484,1,11702,32,13186,33,0,47,-8,35,9,1625,0,61,46
02-01-21,Union,1579,4,1349,0,230,4,1457,1,9301,3,10758,4,0,25,-4,66,8,1488,0,52,27
02-01-21,Van Buren,772,3,651,2,121,1,715,1,4700,1,5415,2,2,12,-7,13,8,747,1,19,18
02-01-21,Warren,5113,1,4413,1,700,0,4994,0,28785,8,33779,8,1,63,-15,142,15,4908,0,79,70
02-01-21,Washington,12149,17,10550,13,1599,4,11618,10,70447,59,82065,69,0,219,-28,319,45,11611,0,313,220
02-01-21,Wayne,2798,6,2298,1,500,5,2521,1,10421,5,12942,6,0,26,-21,102,27,2670,2,55,28
02-01-21,Weakley,3651,9,2764,6,887,3,3156,3,19767,9,22923,12,0,52,1,75,8,3524,0,56,57
02-01-21,White,3188,6,2682,2,506,4,3285,2,20526,9,23811,11,0,52,-11,81,17,3055,0,99,62
02-01-21,Williamson,23254,98,20287,63,2967,35,22556,68,156694,271,179250,339,1,172,-32,1030,129,22052,0,272,192
02-01-21,Wilson,15323,27,14072,22,1251,5,16060,26,86900,101,102960,127,1,182,-61,446,87,14695,0,311,199
01-31-21,Anderson,7398,15,5770,7,1628,8,6441,13,55013,170,61454,183,1,128,-4,292,18,6978,0,184,149
01-31-21,Bedford,5559,8,4515,5,1044,3,5216,6,27759,57,32975,63,2,100,-5,165,11,5294,0,116,111
01-31-21,Benton,1454,2,1189,1,265,1,1313,1,8285,17,9598,18,0,35,-3,57,5,1362,0,35,39
01-31-21,Bledsoe,1864,10,1738,5,126,5,1840,5,13481,36,15321,41,0,11,6,37,4,1816,0,29,10
01-31-21,Blount,13157,25,11595,12,1562,13,12752,12,63148,144,75900,156,0,143,-19,451,44,12563,3,297,165
01-31-21,Bradley,11684,34,9993,25,1691,9,11332,31,55442,155,66774,186,0,111,-2,383,36,11190,7,483,130
01-31-21,Campbell,3532,5,2089,4,1443,1,2338,4,23070,45,25408,49,0,44,-8,149,13,3339,0,106,55
01-31-21,Cannon,1672,8,1382,2,290,6,1540,2,8165,18,9705,20,0,24,0,61,8,1587,0,32,25
01-31-21,Carroll,3339,6,2230,4,1109,2,2642,8,18147,36,20789,44,4,68,-10,128,12,3143,0,76,79
01-31-21,Carter,5625,4,4953,2,672,2,5421,3,32409,97,37830,100,2,132,-10,189,12,5304,0,203,144
01-31-21,Cheatham,3637,15,2919,11,718,4,3301,12,23608,81,26909,93,0,33,1,153,14,3451,1,75,39
01-31-21,Chester,1920,13,1393,8,527,5,1661,8,10313,103,11974,111,1,42,7,65,5,1813,0,38,45
01-31-21,Claiborne,2386,10,1582,7,804,3,1681,8,20536,79,22217,87,0,43,-8,183,18,2160,0,84,57
01-31-21,Clay,1022,0,707,0,315,0,811,0,5121,6,5932,6,0,27,-1,31,1,964,0,22,29
01-31-21,Cocke,3744,15,2636,7,1108,8,2906,8,18560,54,21466,62,0,71,1,138,14,3535,0,102,90
01-31-21,Coffee,5939,16,4316,7,1623,9,5298,9,40418,85,45716,94,0,99,-3,216,19,5624,0,108,108
01-31-21,Crockett,1903,3,1157,0,746,3,1350,0,6719,10,8069,10,0,39,3,33,0,1831,0,29,44
01-31-21,Cumberland,5824,9,4946,7,878,2,5672,7,44066,73,49738,80,4,86,-10,204,15,5534,1,138,112
01-31-21,Davidson,76514,168,72916,127,3598,41,88658,166,786825,1786,875483,1952,3,731,-79,3140,244,72643,1,1807,781
01-31-21,Decatur,1501,4,1129,1,372,3,1344,1,10473,15,11817,16,0,29,4,26,0,1446,0,37,35
01-31-21,Dekalb,2510,6,1903,0,607,6,2198,1,15278,23,17476,24,0,46,3,47,3,2417,1,52,45
01-31-21,Dickson,5775,16,4293,11,1482,5,5096,12,30725,61,35821,73,1,87,1,71,14,5617,0,113,97
01-31-21,Dyer,5071,12,3393,4,1678,8,3816,4,20023,27,23839,31,0,87,6,203,6,4781,0,102,96
01-31-21,Fayette,4444,21,3887,8,557,13,4772,13,32750,101,37522,114,0,59,9,212,12,4173,0,116,68
01-31-21,Fentress,2238,4,1961,2,277,2,2237,2,10784,17,13021,19,0,39,2,58,2,2141,0,54,43
01-31-21,Franklin,4408,9,3740,7,668,2,4387,7,30598,146,34985,153,1,70,-10,152,18,4186,0,100,78
01-31-21,Gibson,5950,21,3637,7,2313,14,4393,9,26749,49,31142,58,0,122,0,175,21,5653,0,100,135
01-31-21,Giles,3498,12,2985,10,513,2,3431,11,20341,71,23772,82,0,79,-4,161,16,3258,1,107,86
01-31-21,Grainger,2249,2,1726,2,523,0,1935,2,12319,29,14254,31,1,43,-5,95,6,2111,0,61,46
01-31-21,Greene,6939,21,5526,13,1413,8,6155,14,39560,145,45715,159,0,121,-3,262,24,6556,0,167,131
01-31-21,Grundy,1521,6,1313,3,208,3,1514,4,6963,19,8477,23,0,24,-6,49,12,1448,0,54,27
01-31-21,Hamblen,7433,21,5502,5,1931,16,6163,10,41385,67,47548,77,0,144,4,160,17,7129,0,230,154
01-31-21,Hamilton,36982,128,32569,88,4413,40,36445,110,275649,749,312094,859,1,362,6,636,121,35984,3,1004,408
01-31-21,Hancock,466,0,340,0,126,0,362,0,3524,3,3886,3,0,7,-3,22,3,437,0,17,10
01-31-21,Hardeman,3283,9,2696,1,587,8,3157,3,22754,47,25911,50,0,57,4,85,5,3141,0,96,60
01-31-21,Hardin,3211,7,2221,4,990,3,2648,4,21306,66,23954,70,0,55,-2,112,9,3044,0,58,61
01-31-21,Hawkins,4771,13,3976,5,795,8,4274,7,28001,37,32275,44,2,84,1,260,10,4427,0,125,86
01-31-21,Haywood,2586,3,2171,2,415,1,2467,2,12478,25,14945,27,2,57,-9,73,10,2456,0,76,58
01-31-21,Henderson,3499,14,2461,5,1038,9,3091,5,15081,28,18172,33,1,65,8,95,5,3339,0,74,68
01-31-21,Henry,2847,10,2251,6,596,4,2603,6,16434,24,19037,30,0,63,2,80,8,2704,0,74,72
01-31-21,Hickman,2505,6,2080,4,425,2,2404,4,14446,40,16850,44,0,38,-2,52,8,2415,0,51,39
01-31-21,Houston,988,2,750,0,238,2,853,0,8399,0,9252,0,0,26,-1,-6,3,968,0,38,29
01-31-21,Humphreys,1438,7,976,3,462,4,1140,3,10435,14,11575,17,0,18,5,21,2,1399,0,27,20
01-31-21,Jackson,1194,3,945,3,249,0,1102,3,4906,9,6008,12,0,25,2,50,1,1119,1,36,30
01-31-21,Jefferson,5255,19,3740,10,1515,9,4221,14,32788,87,37009,101,0,84,3,271,16,4900,0,160,105
01-31-21,Johnson,2080,2,1888,0,192,2,2007,0,12731,14,14738,14,0,36,-2,55,4,1989,0,56,37
01-31-21,Knox,42398,175,36788,121,5610,54,40137,134,275639,953,315776,1087,7,494,13,1727,155,40177,4,1179,517
01-31-21,Lake,1657,2,1477,1,180,1,1736,1,9199,12,10935,13,0,22,0,86,2,1549,0,24,25
01-31-21,Lauderdale,3001,9,2349,4,652,5,2690,3,18929,39,21619,42,0,36,5,85,4,2880,0,80,41
01-31-21,Lawrence,5334,23,4204,11,1130,12,4626,11,25663,67,30289,78,0,73,9,223,14,5038,0,130,77
01-31-21,Lewis,1363,6,1109,4,254,2,1200,4,9236,14,10436,18,0,21,3,61,3,1281,1,39,24
01-31-21,Lincoln,3957,10,3113,7,844,3,3539,7,15703,48,19242,55,0,53,2,132,8,3772,0,75,55
01-31-21,Loudon,5182,20,4202,8,980,12,4581,11,27609,61,32190,72,0,58,1,188,19,4936,1,114,60
01-31-21,Macon,3207,12,2572,2,635,10,3019,2,13796,25,16815,27,0,56,9,118,3,3033,0,114,70
01-31-21,Madison,9686,45,5439,9,4247,36,6638,11,49445,131,56083,142,1,196,23,-328,21,9818,0,321,215
01-31-21,Marion,2724,2,2364,2,360,0,2654,3,15776,52,18430,55,1,36,-8,72,9,2616,0,100,43
01-31-21,Marshall,3684,14,3036,5,648,9,3424,8,20867,48,24291,56,0,45,2,185,12,3454,1,82,47
01-31-21,Maury,11564,28,10468,18,1096,10,11560,20,64770,176,76330,196,0,141,-10,510,38,10913,0,260,150
01-31-21,McMinn,5491,17,4967,13,524,4,5480,17,36387,137,41867,154,0,79,0,248,17,5164,1,139,84
01-31-21,McNairy,2520,3,1783,0,737,3,2193,0,16192,98,18385,98,0,44,-4,13,7,2463,1,59,48
01-31-21,Meigs,1194,5,1092,3,102,2,1215,4,6826,55,8041,59,0,18,0,50,5,1126,0,37,18
01-31-21,Monroe,4907,16,4004,11,903,5,4502,11,23398,85,27900,96,0,67,3,238,13,4602,2,135,83
01-31-21,Montgomery,16093,81,12038,54,4055,27,13240,66,95794,316,109034,382,0,164,16,913,65,15016,1,280,196
01-31-21,Moore,907,1,714,0,193,1,809,0,4376,11,5185,11,0,11,-4,54,5,842,0,14,15
01-31-21,Morgan,2171,3,1655,2,516,1,1777,3,13672,18,15449,21,1,18,-5,81,7,2072,0,32,31
01-31-21,Obion,4264,9,3186,6,1078,3,3606,6,20075,45,23681,51,0,86,3,120,6,4058,0,96,92
01-31-21,Out of State,15127,39,12173,28,2954,11,13696,35,538001,1109,551697,1144,2,93,-16,444,53,14590,0,178,79
01-31-21,Overton,2754,6,2098,2,656,4,2469,2,13490,41,15959,43,0,46,2,92,4,2616,0,62,57
01-31-21,Pending,14058,70,9249,27,4809,43,10256,32,346931,935,357187,967,3,170,10,419,57,13469,0,124,117
01-31-21,Perry,996,3,864,1,132,2,968,2,5669,13,6637,15,0,25,2,8,1,963,0,28,25
01-31-21,Pickett,717,0,476,0,241,0,571,0,3191,4,3762,4,0,21,-1,20,1,676,0,28,21
01-31-21,Polk,1550,4,1427,4,123,0,1587,6,7895,30,9482,36,1,19,-6,86,9,1445,0,57,21
01-31-21,Putnam,10109,15,8437,8,1672,7,10110,9,63065,92,73175,101,1,158,-6,303,20,9648,0,194,164
01-31-21,Rhea,3897,8,3429,6,468,2,3849,7,23195,65,27044,72,1,63,-4,93,11,3741,0,78,68
01-31-21,Roane,5409,14,4321,10,1088,4,4794,11,37463,61,42257,72,0,91,6,117,8,5201,1,137,96
01-31-21,Robertson,8394,32,6828,14,1566,18,7717,20,38086,159,45803,179,2,93,5,356,25,7945,0,382,109
01-31-21,Rutherford,35604,97,31617,65,3987,32,36901,82,199088,750,235989,832,1,315,12,1162,84,34127,0,536,351
01-31-21,Scott,2656,8,1579,4,1077,4,1682,5,10267,30,11949,35,0,34,3,118,5,2504,0,59,41
01-31-21,Sequatchie,1421,5,1179,4,242,1,1281,4,10710,13,11991,17,0,22,-1,63,6,1336,0,33,24
01-31-21,Sevier,11135,23,9997,19,1138,4,10986,25,57063,138,68049,163,1,134,-16,283,38,10718,1,244,149
01-31-21,Shelby,82253,292,77297,257,4956,35,94975,371,797641,3090,892616,3461,14,1262,66,2866,212,78125,7,3248,1422
01-31-21,Smith,2439,4,1902,2,537,2,2399,1,12066,77,14465,78,0,30,2,65,2,2344,0,57,34
01-31-21,Stewart,1171,1,892,1,279,0,1006,1,6122,14,7128,15,1,23,-6,64,6,1084,0,23,24
01-31-21,Sullivan,13364,26,11737,17,1627,9,12679,14,73638,140,86317,154,1,237,-15,330,40,12797,3,676,254
01-31-21,Sumner,19941,77,18317,46,1624,31,20732,58,103752,308,124484,366,2,258,6,693,69,18990,0,669,293
01-31-21,Tipton,6593,27,4724,14,1869,13,5702,15,41296,102,46998,117,3,82,6,208,18,6303,0,142,94
01-31-21,Trousdale,2348,1,2232,0,116,1,2392,0,8153,15,10545,15,0,17,1,32,0,2299,0,36,21
01-31-21,Unicoi,1706,3,1350,0,356,3,1483,0,11670,22,13153,22,0,47,2,43,1,1616,0,61,46
01-31-21,Union,1575,5,1349,5,226,0,1456,6,9298,26,10754,32,0,25,-1,70,6,1480,0,52,27
01-31-21,Van Buren,769,0,649,0,120,0,714,0,4699,27,5413,27,0,10,-1,20,1,739,0,18,18
01-31-21,Warren,5112,11,4412,7,700,4,4994,9,28777,77,33771,86,0,62,0,157,11,4893,1,79,70
01-31-21,Washington,12132,21,10537,16,1595,5,11608,22,70388,210,81996,232,5,219,-1,347,17,11566,2,313,218
01-31-21,Wayne,2792,7,2297,4,495,3,2520,5,10416,30,12936,35,0,26,-1,123,8,2643,0,53,28
01-31-21,Weakley,3642,6,2758,0,884,6,3153,1,19758,88,22911,89,0,52,0,74,6,3516,0,56,56
01-31-21,White,3182,4,2680,3,502,1,3283,5,20517,63,23800,68,0,52,-2,92,6,3038,1,99,62
01-31-21,Williamson,23156,95,20224,58,2932,37,22488,66,156423,485,178911,551,0,171,24,1062,71,21923,1,272,192
01-31-21,Wilson,15296,47,14050,34,1246,13,16034,38,86799,240,102833,278,2,181,0,507,45,14608,0,311,199
01-30-21,Anderson,7383,40,5763,35,1620,5,6428,36,54843,258,61271,294,2,127,0,296,38,6960,2,184,147
01-30-21,Bedford,5551,30,4510,26,1041,4,5210,30,27702,206,32912,236,0,98,18,170,12,5283,0,116,111
01-30-21,Benton,1452,5,1188,5,264,0,1312,7,8268,42,9580,49,0,35,2,60,3,1357,0,35,38
01-30-21,Bledsoe,1854,12,1733,12,121,0,1835,12,13445,106,15280,118,0,11,7,31,5,1812,0,29,10
01-30-21,Blount,13132,51,11583,43,1549,8,12740,52,63004,301,75744,353,2,143,1,470,48,12519,2,294,164
01-30-21,Bradley,11650,55,9968,47,1682,8,11301,62,55287,303,66588,365,4,111,5,385,46,11154,1,476,128
01-30-21,Campbell,3527,16,2085,9,1442,7,2334,11,23025,85,25359,96,0,44,4,157,12,3326,0,106,55
01-30-21,Cannon,1664,8,1380,7,284,1,1538,8,8147,44,9685,52,1,24,0,61,7,1579,0,32,25
01-30-21,Carroll,3333,13,2226,9,1107,4,2634,14,18111,56,20745,70,0,64,-1,138,14,3131,0,76,79
01-30-21,Carter,5621,16,4951,16,670,0,5418,21,32312,210,37730,231,3,130,1,199,12,5292,1,203,144
01-30-21,Cheatham,3622,19,2908,12,714,7,3289,16,23527,126,26816,142,0,33,11,152,8,3437,1,74,39
01-30-21,Chester,1907,10,1385,8,522,2,1653,11,10210,52,11863,63,2,41,3,58,5,1808,0,38,45
01-30-21,Claiborne,2376,20,1575,11,801,9,1673,10,20457,203,22130,213,5,43,-1,191,16,2142,0,84,56
01-30-21,Clay,1022,1,707,1,315,0,811,1,5115,22,5926,23,1,27,-3,32,3,963,0,22,29
01-30-21,Cocke,3729,20,2629,11,1100,9,2898,13,18506,98,21404,111,1,71,10,137,9,3521,1,102,89
01-30-21,Coffee,5923,29,4309,26,1614,3,5289,27,40333,252,45622,279,1,99,12,219,16,5605,2,108,108
01-30-21,Crockett,1900,3,1157,1,743,2,1350,1,6709,32,8059,33,0,39,-4,30,7,1831,0,29,44
01-30-21,Cumberland,5815,19,4939,19,876,0,5665,22,43993,183,49658,205,2,82,3,214,14,5519,0,137,112
01-30-21,Davidson,76346,434,72789,402,3557,32,88492,526,785039,6248,873531,6774,2,728,190,3219,242,72399,3,1806,780
01-30-21,Decatur,1497,1,1128,0,369,1,1343,0,10458,26,11801,26,1,29,-1,22,1,1446,0,37,35
01-30-21,Dekalb,2504,7,1903,6,601,1,2197,6,15255,72,17452,78,1,46,-8,44,14,2414,0,51,44
01-30-21,Dickson,5759,22,4282,15,1477,7,5084,14,30664,160,35748,174,1,86,6,70,15,5603,0,113,97
01-30-21,Dyer,5059,17,3389,16,1670,1,3812,20,19996,94,23808,114,0,87,-4,197,21,4775,0,102,96
01-30-21,Fayette,4423,20,3879,16,544,4,4759,21,32649,220,37408,241,4,59,-1,203,17,4161,0,116,67
01-30-21,Fentress,2234,7,1959,7,275,0,2235,7,10767,109,13002,116,1,39,0,56,6,2139,0,54,43
01-30-21,Franklin,4399,20,3733,13,666,7,4380,19,30452,226,34832,245,0,69,3,162,17,4168,1,100,78
01-30-21,Gibson,5929,13,3630,9,2299,4,4384,9,26700,116,31084,125,0,122,-3,175,16,5632,0,100,134
01-30-21,Giles,3486,12,2975,11,511,1,3420,16,20270,134,23690,150,3,79,-7,165,16,3242,0,106,86
01-30-21,Grainger,2247,11,1724,10,523,1,1933,12,12290,73,14223,85,1,42,-1,100,11,2105,0,61,46
01-30-21,Greene,6918,14,5513,14,1405,0,6141,20,39415,242,45556,262,0,121,-1,265,15,6532,0,167,129
01-30-21,Grundy,1515,5,1310,5,205,0,1510,7,6944,79,8454,86,0,24,3,55,2,1436,0,54,26
01-30-21,Hamblen,7412,26,5497,18,1915,8,6153,20,41318,201,47471,221,2,144,-13,156,37,7112,1,230,153
01-30-21,Hamilton,36854,159,32481,135,4373,24,36335,145,274900,1708,311235,1853,3,361,24,630,132,35863,0,1001,407
01-30-21,Hancock,466,5,340,5,126,0,362,5,3521,13,3883,18,0,7,5,25,0,434,0,17,10
01-30-21,Hardeman,3274,8,2695,8,579,0,3154,12,22707,113,25861,125,0,57,-3,81,11,3136,1,96,60
01-30-21,Hardin,3204,6,2217,6,987,0,2644,6,21240,109,23884,115,1,55,-5,114,10,3035,0,58,61
01-30-21,Hawkins,4758,38,3971,29,787,9,4267,35,27964,331,32231,366,0,82,10,259,28,4417,0,125,86
01-30-21,Haywood,2583,12,2169,10,414,2,2465,16,12453,40,14918,56,0,55,9,82,3,2446,1,76,58
01-30-21,Henderson,3485,9,2456,6,1029,3,3086,6,15053,56,18139,62,1,64,1,87,7,3334,0,74,67
01-30-21,Henry,2837,9,2245,9,592,0,2597,11,16410,89,19007,100,0,63,8,78,1,2696,0,74,72
01-30-21,Hickman,2499,8,2076,7,423,1,2400,8,14406,74,16806,82,0,38,1,54,7,2407,0,51,39
01-30-21,Houston,986,2,750,2,236,0,853,2,8399,21,9252,23,0,26,-1,-5,3,965,0,38,29
01-30-21,Humphreys,1431,4,973,3,458,1,1137,5,10421,59,11558,64,0,18,-6,16,10,1397,0,27,20
01-30-21,Jackson,1191,3,942,3,249,0,1099,3,4897,22,5996,25,1,25,-1,48,3,1118,0,35,30
01-30-21,Jefferson,5236,34,3730,27,1506,7,4207,30,32701,275,36908,305,1,84,16,268,17,4884,1,160,105
01-30-21,Johnson,2078,8,1888,8,190,0,2007,9,12717,104,14724,113,0,36,7,57,1,1985,0,56,37
01-30-21,Knox,42223,270,36667,224,5556,46,40003,240,274686,1504,314689,1744,7,487,86,1714,177,40022,9,1175,515
01-30-21,Lake,1655,47,1476,47,179,0,1735,55,9187,85,10922,140,0,22,45,86,2,1547,0,24,24
01-30-21,Lauderdale,2992,6,2345,5,647,1,2687,9,18890,116,21577,125,1,36,0,80,5,2876,0,80,40
01-30-21,Lawrence,5311,17,4193,15,1118,2,4615,19,25596,177,30211,196,0,73,-4,214,21,5024,0,130,77
01-30-21,Lewis,1357,3,1105,2,252,1,1196,3,9222,32,10418,35,0,21,1,58,2,1278,0,38,24
01-30-21,Lincoln,3947,21,3106,20,841,1,3532,26,15655,95,19187,121,0,53,9,130,12,3764,0,75,54
01-30-21,Loudon,5162,28,4194,23,968,5,4570,28,27548,104,32118,132,1,58,6,187,21,4917,0,113,58
01-30-21,Macon,3195,8,2570,8,625,0,3017,11,13771,47,16788,58,0,56,4,109,4,3030,0,114,69
01-30-21,Madison,9641,30,5430,23,4211,7,6627,26,49314,209,55941,235,2,195,4,-351,24,9797,0,321,215
01-30-21,Marion,2722,12,2362,9,360,3,2651,10,15724,151,18375,161,1,35,-3,80,14,2607,0,100,43
01-30-21,Marshall,3670,28,3031,22,639,6,3416,33,20819,163,24235,196,3,45,9,183,16,3442,0,81,46
01-30-21,Maury,11536,76,10450,65,1086,11,11540,78,64594,391,76134,469,1,141,26,520,49,10875,2,260,150
01-30-21,McMinn,5474,34,4954,33,520,1,5463,38,36250,266,41713,304,2,79,12,248,20,5147,1,138,84
01-30-21,McNairy,2517,10,1783,9,734,1,2193,9,16094,163,18287,172,0,44,-4,17,14,2456,0,58,48
01-30-21,Meigs,1189,6,1089,5,100,1,1211,7,6771,50,7982,57,1,18,-1,50,6,1121,0,37,18
01-30-21,Monroe,4891,23,3993,19,898,4,4491,23,23313,90,27804,113,0,67,-5,235,28,4589,1,133,83
01-30-21,Montgomery,16012,119,11984,82,4028,37,13174,85,95478,541,108652,626,2,164,-6,897,123,14951,0,279,195
01-30-21,Moore,906,6,714,3,192,3,809,4,4365,24,5174,28,1,11,4,58,1,837,0,14,14
01-30-21,Morgan,2168,8,1653,8,515,0,1774,8,13654,49,15428,57,0,17,0,86,8,2065,0,32,31
01-30-21,Obion,4255,5,3180,5,1075,0,3600,6,20030,113,23630,119,0,86,0,117,5,4052,0,96,92
01-30-21,Out of State,15088,50,12145,46,2943,4,13661,65,536892,2759,550553,2824,4,91,3,460,43,14537,0,178,78
01-30-21,Overton,2748,9,2096,9,652,0,2467,11,13449,60,15916,71,0,46,0,90,9,2612,0,62,57
01-30-21,Pending,13988,69,9222,51,4766,18,10224,59,345996,1863,356220,1922,8,167,-45,409,106,13412,0,124,116
01-30-21,Perry,993,2,863,1,130,1,966,2,5656,18,6622,20,0,25,0,6,2,962,0,28,25
01-30-21,Pickett,717,2,476,1,241,1,571,1,3187,31,3758,32,0,21,-1,21,3,675,0,28,21
01-30-21,Polk,1546,14,1423,14,123,0,1581,14,7865,58,9446,72,0,18,5,92,9,1436,1,57,21
01-30-21,Putnam,10094,34,8429,32,1665,2,10101,45,62973,389,73074,434,2,157,6,309,26,9628,0,194,164
01-30-21,Rhea,3889,10,3423,7,466,3,3842,7,23130,138,26972,145,0,62,1,97,9,3730,0,78,67
01-30-21,Roane,5395,24,4311,16,1084,8,4783,18,37402,192,42185,210,0,91,2,111,22,5193,1,136,94
01-30-21,Robertson,8362,44,6814,33,1548,11,7697,38,37927,191,45624,229,0,91,11,351,33,7920,0,382,109
01-30-21,Rutherford,35507,221,31552,154,3955,67,36819,177,198338,1343,235157,1520,2,314,105,1150,114,34043,0,536,348
01-30-21,Scott,2648,10,1575,8,1073,2,1677,9,10237,51,11914,60,0,34,3,115,7,2499,0,59,40
01-30-21,Sequatchie,1416,7,1175,6,241,1,1277,6,10697,40,11974,46,2,22,2,64,3,1330,1,33,24
01-30-21,Sevier,11112,67,9978,51,1134,16,10961,61,56925,361,67886,422,0,133,33,299,34,10680,1,243,148
01-30-21,Shelby,81961,385,77040,337,4921,48,94604,433,794551,5108,889155,5541,11,1248,58,2800,316,77913,8,3241,1416
01-30-21,Smith,2435,6,1900,4,535,2,2398,5,11989,50,14387,55,0,30,1,63,5,2342,0,57,34
01-30-21,Stewart,1170,6,891,5,279,1,1005,7,6108,26,7113,33,0,22,3,70,3,1078,0,23,24
01-30-21,Sullivan,13338,65,11720,63,1618,2,12665,75,73498,593,86163,668,5,236,29,345,31,12757,4,673,253
01-30-21,Sumner,19864,117,18271,96,1593,21,20674,104,103444,596,124118,700,5,256,37,687,75,18921,1,669,293
01-30-21,Tipton,6566,20,4710,14,1856,6,5687,19,41194,202,46881,221,0,79,-5,202,25,6285,1,142,94
01-30-21,Trousdale,2347,6,2232,6,115,0,2392,8,8138,33,10530,41,0,17,5,31,1,2299,0,36,21
01-30-21,Unicoi,1703,2,1350,2,353,0,1483,2,11648,35,13131,37,0,47,-3,41,5,1615,0,61,46
01-30-21,Union,1570,15,1344,10,226,5,1450,9,9272,55,10722,64,0,25,7,71,8,1474,0,52,27
01-30-21,Van Buren,769,1,649,1,120,0,714,2,4672,14,5386,16,1,10,-3,21,3,738,0,18,17
01-30-21,Warren,5101,19,4405,17,696,2,4985,20,28700,148,33685,168,1,62,0,157,18,4882,0,78,70
01-30-21,Washington,12111,28,10521,26,1590,2,11586,30,70178,537,81764,567,1,214,-1,348,28,11549,0,311,218
01-30-21,Wayne,2785,6,2293,4,492,2,2515,3,10386,39,12901,42,0,26,-2,124,8,2635,0,53,28
01-30-21,Weakley,3636,7,2758,6,878,1,3152,8,19670,85,22822,93,0,52,-6,74,13,3510,0,56,55
01-30-21,White,3178,10,2677,10,501,0,3278,10,20454,83,23732,93,1,52,4,94,5,3032,0,98,62
01-30-21,Williamson,23061,152,20166,127,2895,25,22422,145,155938,1005,178360,1150,0,171,47,1038,105,21852,1,271,192
01-30-21,Wilson,15249,78,14016,64,1233,14,15996,72,86559,513,102555,585,1,179,31,507,46,14563,0,311,199
01-29-21,Anderson,7343,13,5728,4,1615,9,6392,4,54585,47,60977,51,1,125,-34,296,46,6922,1,182,146
01-29-21,Bedford,5521,3,4484,3,1037,0,5180,3,27496,40,32676,43,0,98,-23,152,26,5271,0,116,111
01-29-21,Benton,1447,8,1183,6,264,2,1305,5,8226,12,9531,17,0,35,5,58,3,1354,0,35,38
01-29-21,Bledsoe,1842,1,1721,1,121,0,1823,3,13339,12,15162,15,0,11,-10,24,11,1807,0,29,10
01-29-21,Blount,13081,22,11540,10,1541,12,12688,11,62703,82,75391,93,1,141,-42,469,63,12471,1,292,164
01-29-21,Bradley,11595,37,9921,18,1674,19,11239,22,54984,120,66223,142,0,107,-18,380,55,11108,2,475,128
01-29-21,Campbell,3511,11,2076,4,1435,7,2323,4,22940,9,25263,13,0,44,-12,153,23,3314,1,106,54
01-29-21,Cannon,1656,12,1373,10,283,2,1530,10,8103,26,9633,36,0,23,7,61,5,1572,0,32,25
01-29-21,Carroll,3320,12,2217,7,1103,5,2620,7,18055,11,20675,18,0,64,-9,139,21,3117,0,76,79
01-29-21,Carter,5605,10,4935,9,670,1,5397,7,32102,53,37499,60,0,127,-11,198,21,5280,0,202,144
01-29-21,Cheatham,3603,5,2896,4,707,1,3273,5,23401,38,26674,43,0,33,-10,141,15,3429,0,73,38
01-29-21,Chester,1897,4,1377,3,520,1,1642,4,10158,22,11800,26,0,39,-5,55,9,1803,0,38,45
01-29-21,Claiborne,2356,9,1564,4,792,5,1663,5,20254,11,21917,16,2,38,-18,192,25,2126,0,84,56
01-29-21,Clay,1021,2,706,0,315,2,810,1,5093,0,5903,1,0,26,0,35,2,960,0,22,29
01-29-21,Cocke,3709,8,2618,4,1091,4,2885,5,18408,19,21293,24,0,70,-20,127,28,3512,0,101,89
01-29-21,Coffee,5894,6,4283,3,1611,3,5262,5,40081,38,45343,43,1,98,-20,207,25,5589,0,106,108
01-29-21,Crockett,1897,2,1156,1,741,1,1349,2,6677,15,8026,17,0,39,-2,34,4,1824,0,29,44
01-29-21,Cumberland,5796,12,4920,12,876,0,5643,17,43810,31,49453,48,0,80,-18,211,30,5505,0,137,112
01-29-21,Davidson,75912,222,72387,194,3525,28,87966,252,778791,2035,866757,2287,3,726,-254,3029,473,72157,4,1803,774
01-29-21,Decatur,1496,2,1128,1,368,1,1343,1,10432,5,11775,6,0,28,0,23,2,1445,0,37,33
01-29-21,Dekalb,2497,5,1897,2,600,3,2191,2,15183,11,17374,13,0,45,-5,52,10,2400,0,51,44
01-29-21,Dickson,5737,28,4267,13,1470,15,5070,15,30504,31,35574,46,0,85,5,64,23,5588,0,113,97
01-29-21,Dyer,5042,12,3373,10,1669,2,3792,10,19902,56,23694,66,0,87,-2,201,14,4754,1,102,94
01-29-21,Fayette,4403,9,3863,7,540,2,4738,11,32429,50,37167,61,1,55,-9,204,17,4144,0,116,66
01-29-21,Fentress,2227,1,1952,0,275,1,2228,0,10658,32,12886,32,1,38,-9,56,9,2133,0,54,43
01-29-21,Franklin,4379,9,3720,5,659,4,4361,7,30226,47,34587,54,0,69,-14,159,23,4151,1,99,78
01-29-21,Gibson,5916,12,3621,7,2295,5,4375,5,26584,36,30959,41,0,122,-3,178,15,5616,0,100,132
01-29-21,Giles,3474,5,2964,4,510,1,3404,7,20136,39,23540,46,0,76,-14,172,19,3226,0,106,86
01-29-21,Grainger,2236,5,1714,3,522,2,1921,3,12217,14,14138,17,0,41,1,101,4,2094,0,61,46
01-29-21,Greene,6904,24,5499,24,1405,0,6121,28,39173,252,45294,280,0,121,-12,266,36,6517,0,167,127
01-29-21,Grundy,1510,4,1305,3,205,1,1503,3,6865,18,8368,21,0,24,-2,52,6,1434,0,54,26
01-29-21,Hamblen,7386,9,5479,4,1907,5,6133,4,41117,73,47250,77,1,142,-35,169,43,7075,0,229,153
01-29-21,Hamilton,36695,145,32346,86,4349,59,36190,89,273192,683,309382,772,0,358,-62,606,207,35731,4,1001,405
01-29-21,Hancock,461,1,335,0,126,1,357,0,3508,27,3865,27,0,7,-5,20,6,434,0,17,10
01-29-21,Hardeman,3266,4,2687,3,579,1,3142,3,22594,38,25736,41,0,57,-11,84,15,3125,0,95,60
01-29-21,Hardin,3198,2,2211,2,987,0,2638,3,21131,38,23769,41,0,54,-10,119,12,3025,0,58,60
01-29-21,Hawkins,4720,21,3942,16,778,5,4232,13,27633,62,31865,75,1,82,2,249,18,4389,0,125,86
01-29-21,Haywood,2571,8,2159,5,412,3,2449,9,12413,30,14862,39,0,55,-4,73,12,2443,0,75,58
01-29-21,Henderson,3476,6,2450,4,1026,2,3080,4,14997,12,18077,16,0,63,-3,86,9,3327,0,74,67
01-29-21,Henry,2828,3,2236,3,592,0,2586,3,16321,10,18907,13,1,63,0,70,2,2695,0,74,72
01-29-21,Hickman,2491,2,2069,2,422,0,2392,4,14332,20,16724,24,0,38,-14,53,16,2400,1,51,39
01-29-21,Houston,984,1,748,0,236,1,851,0,8378,34,9229,34,0,26,-2,-4,3,962,0,38,29
01-29-21,Humphreys,1427,3,970,0,457,3,1132,0,10362,12,11494,12,0,18,-4,22,7,1387,0,27,20
01-29-21,Jackson,1188,3,939,1,249,2,1096,1,4875,4,5971,5,0,24,-2,49,5,1115,0,35,30
01-29-21,Jefferson,5202,11,3703,4,1499,7,4177,6,32426,86,36603,92,0,83,-26,252,37,4867,0,159,104
01-29-21,Johnson,2070,5,1880,5,190,0,1998,5,12613,42,14611,47,0,36,-1,50,6,1984,0,56,37
01-29-21,Knox,41953,99,36443,49,5510,50,39763,65,273182,380,312945,445,4,480,-142,1628,237,39845,1,1166,509
01-29-21,Lake,1608,1,1429,0,179,1,1680,2,9102,7,10782,9,0,22,-3,41,4,1545,0,24,24
01-29-21,Lauderdale,2986,2,2340,2,646,0,2678,4,18774,55,21452,59,0,35,-2,80,4,2871,0,80,40
01-29-21,Lawrence,5294,5,4178,5,1116,0,4596,5,25419,51,30015,56,0,73,-9,218,14,5003,0,130,76
01-29-21,Lewis,1354,9,1103,5,251,4,1193,4,9190,9,10383,13,0,21,4,57,5,1276,0,38,24
01-29-21,Lincoln,3926,6,3086,4,840,2,3506,5,15560,47,19066,52,0,53,-11,121,17,3752,0,75,53
01-29-21,Loudon,5134,8,4171,3,963,5,4542,3,27444,19,31986,22,0,57,-13,181,21,4896,1,113,56
01-29-21,Macon,3187,14,2562,10,625,4,3006,11,13724,12,16730,23,0,56,6,105,8,3026,1,114,69
01-29-21,Madison,9611,18,5407,13,4204,5,6601,11,49105,71,55706,82,0,193,-28,-355,46,9773,0,321,213
01-29-21,Marion,2710,5,2353,3,357,2,2641,5,15573,26,18214,31,0,34,-12,83,17,2593,0,100,43
01-29-21,Marshall,3642,9,3009,6,633,3,3383,5,20656,25,24039,30,0,42,-26,174,35,3426,0,81,46
01-29-21,Maury,11460,17,10385,13,1075,4,11462,12,64203,61,75665,73,2,140,-28,494,43,10826,0,258,150
01-29-21,McMinn,5440,7,4921,3,519,4,5425,5,35984,30,41409,35,1,77,-11,236,17,5127,2,137,84
01-29-21,McNairy,2507,7,1774,7,733,0,2184,8,15931,76,18115,84,1,44,-8,21,14,2442,0,58,48
01-29-21,Meigs,1183,4,1084,3,99,1,1204,3,6721,8,7925,11,0,17,-5,51,9,1115,0,37,18
01-29-21,Monroe,4868,9,3974,4,894,5,4468,3,23223,15,27691,18,0,67,-18,240,27,4561,0,132,82
01-29-21,Montgomery,15893,48,11902,35,3991,13,13089,45,94937,275,108026,320,2,162,-82,903,128,14828,0,279,195
01-29-21,Moore,900,5,711,5,189,0,805,6,4341,3,5146,9,0,10,1,54,4,836,0,14,13
01-29-21,Morgan,2160,6,1645,5,515,1,1766,5,13605,11,15371,16,0,17,-8,86,14,2057,0,32,31
01-29-21,Obion,4250,4,3175,4,1075,0,3594,3,19917,7,23511,10,0,86,-6,117,10,4047,0,96,92
01-29-21,Out of State,15038,40,12099,34,2939,6,13596,48,534133,954,547729,1002,2,87,-35,457,73,14494,0,178,78
01-29-21,Overton,2739,2,2087,2,652,0,2456,2,13389,19,15845,21,0,46,-10,90,12,2603,1,62,56
01-29-21,Pending,13919,26,9171,18,4748,8,10165,22,344133,664,354298,686,2,159,-73,454,97,13306,1,124,116
01-29-21,Perry,991,2,862,1,129,1,964,1,5638,4,6602,5,0,25,1,6,1,960,0,28,25
01-29-21,Pickett,715,2,475,0,240,2,570,0,3156,4,3726,4,0,21,1,22,1,672,0,28,21
01-29-21,Polk,1532,7,1409,5,123,2,1567,7,7807,18,9374,25,1,18,-3,87,9,1427,1,56,21
01-29-21,Putnam,10060,26,8397,15,1663,11,10056,17,62584,112,72640,129,0,155,-3,303,29,9602,1,194,164
01-29-21,Rhea,3879,11,3416,9,463,2,3835,11,22992,55,26827,66,1,62,-8,96,18,3721,0,78,67
01-29-21,Roane,5371,7,4295,4,1076,3,4765,3,37210,34,41975,37,1,91,-21,109,27,5171,1,135,92
01-29-21,Robertson,8318,15,6781,8,1537,7,7659,9,37736,87,45395,96,1,91,-29,340,43,7887,0,382,109
01-29-21,Rutherford,35286,87,31398,61,3888,26,36642,71,196995,410,233637,481,2,312,-71,1045,156,33929,1,536,345
01-29-21,Scott,2638,2,1567,1,1071,1,1668,1,10186,16,11854,17,1,34,-9,112,10,2492,0,59,40
01-29-21,Sequatchie,1409,1,1169,1,240,0,1271,2,10657,14,11928,16,0,20,-8,62,9,1327,0,32,24
01-29-21,Sevier,11045,36,9927,10,1118,26,10900,11,56564,113,67464,124,1,133,-20,266,55,10646,0,242,148
01-29-21,Shelby,81576,242,76703,220,4873,22,94171,280,789443,3165,883614,3445,2,1237,-190,2742,430,77597,6,3233,1411
01-29-21,Smith,2429,6,1896,1,533,5,2393,3,11939,16,14332,19,0,30,-4,62,10,2337,0,57,34
01-29-21,Stewart,1164,2,886,2,278,0,998,2,6082,12,7080,14,1,22,-6,67,7,1075,0,23,24
01-29-21,Sullivan,13273,22,11657,19,1616,3,12590,22,72905,222,85495,244,1,231,-56,316,77,12726,0,669,252
01-29-21,Sumner,19747,36,18175,22,1572,14,20570,34,102848,174,123418,208,1,251,-55,650,90,18846,1,668,293
01-29-21,Tipton,6546,7,4696,4,1850,3,5668,4,40992,88,46660,92,0,79,-27,207,34,6260,0,141,94
01-29-21,Trousdale,2341,8,2226,6,115,2,2384,5,8105,9,10489,14,0,17,4,26,4,2298,0,36,21
01-29-21,Unicoi,1701,0,1348,0,353,0,1481,0,11613,8,13094,8,0,47,-7,44,7,1610,0,61,46
01-29-21,Union,1555,5,1334,3,221,2,1441,3,9217,7,10658,10,0,25,-1,64,6,1466,0,52,27
01-29-21,Van Buren,768,3,648,2,120,1,712,1,4658,5,5370,6,0,9,-3,24,6,735,0,18,16
01-29-21,Warren,5082,8,4388,5,694,3,4965,5,28552,27,33517,32,1,61,-16,157,23,4864,0,78,70
01-29-21,Washington,12083,20,10495,18,1588,2,11556,23,69641,108,81197,131,0,213,-24,349,44,11521,1,311,218
01-29-21,Wayne,2779,8,2289,1,490,7,2512,4,10347,14,12859,18,1,26,-1,126,8,2627,1,53,28
01-29-21,Weakley,3629,7,2752,5,877,2,3144,6,19585,12,22729,18,0,52,-5,80,12,3497,0,56,55
01-29-21,White,3168,9,2667,6,501,3,3268,7,20371,22,23639,29,0,51,-2,90,11,3027,0,98,62
01-29-21,Williamson,22909,68,20039,47,2870,21,22277,54,154933,320,177210,374,1,171,-51,991,118,21747,0,270,191
01-29-21,Wilson,15171,28,13952,19,1219,9,15924,21,86046,108,101970,129,1,178,-34,476,61,14517,0,311,199
01-28-21,Anderson,7330,87,5724,40,1606,47,6388,48,54538,231,60926,279,4,124,25,330,58,6876,0,181,146
01-28-21,Bedford,5518,23,4481,18,1037,5,5177,20,27456,173,32633,193,0,98,-8,175,31,5245,1,116,110
01-28-21,Benton,1439,17,1177,2,262,15,1300,2,8214,14,9514,16,0,35,12,53,5,1351,0,35,38
01-28-21,Bledsoe,1841,18,1720,13,121,5,1820,14,13327,128,15147,142,0,11,9,34,9,1796,0,29,10
01-28-21,Blount,13059,37,11530,28,1529,9,12677,30,62621,223,75298,253,3,140,-41,511,75,12408,1,291,164
01-28-21,Bradley,11558,61,9903,27,1655,34,11217,24,54864,138,66081,162,1,107,-21,398,81,11053,1,473,127
01-28-21,Campbell,3500,23,2072,1,1428,22,2319,3,22931,46,25250,49,0,44,-4,165,27,3291,0,105,54
01-28-21,Cannon,1644,7,1363,0,281,7,1520,1,8077,24,9597,25,0,23,1,54,6,1567,0,32,25
01-28-21,Carroll,3308,38,2210,11,1098,27,2613,12,18044,59,20657,71,0,64,17,148,21,3096,1,76,79
01-28-21,Carter,5595,31,4926,21,669,10,5390,25,32049,108,37439,133,1,127,1,209,29,5259,2,202,143
01-28-21,Cheatham,3598,45,2892,23,706,22,3268,26,23363,75,26631,101,0,33,26,151,19,3414,0,73,38
01-28-21,Chester,1893,24,1374,11,519,13,1638,9,10136,21,11774,30,0,39,10,60,14,1794,0,38,45
01-28-21,Claiborne,2347,23,1560,10,787,13,1658,12,20243,40,21901,52,0,36,-1,210,24,2101,0,84,53
01-28-21,Clay,1019,6,706,5,313,1,809,5,5093,21,5902,26,0,26,-1,35,7,958,0,22,29
01-28-21,Cocke,3701,29,2614,16,1087,13,2880,19,18389,110,21269,129,1,70,10,147,18,3484,0,101,89
01-28-21,Coffee,5888,57,4280,21,1608,36,5257,22,40043,149,45300,171,3,97,19,227,35,5564,0,106,107
01-28-21,Crockett,1895,5,1155,3,740,2,1347,4,6662,31,8009,35,0,39,2,36,3,1820,0,29,44
01-28-21,Cumberland,5784,32,4908,10,876,22,5626,16,43779,233,49405,249,1,80,-4,229,35,5475,1,137,111
01-28-21,Davidson,75690,177,72193,126,3497,51,87714,134,776756,2208,864470,2342,4,723,-301,3283,474,71684,1,1799,771
01-28-21,Decatur,1494,10,1127,6,367,4,1342,7,10427,21,11769,28,0,28,1,23,9,1443,1,37,33
01-28-21,Dekalb,2492,24,1895,14,597,10,2189,15,15172,66,17361,81,0,45,6,57,18,2390,0,51,44
01-28-21,Dickson,5709,72,4254,22,1455,50,5055,22,30473,88,35528,110,0,85,43,59,29,5565,0,113,97
01-28-21,Dyer,5030,36,3363,9,1667,27,3782,10,19846,52,23628,62,0,87,20,203,16,4740,0,101,94
01-28-21,Fayette,4394,30,3856,18,538,12,4727,21,32379,129,37106,150,1,54,-7,213,36,4127,1,116,66
01-28-21,Fentress,2226,10,1952,9,274,1,2228,10,10626,102,12854,112,0,37,0,65,10,2124,0,54,43
01-28-21,Franklin,4370,33,3715,13,655,20,4354,20,30179,214,34533,234,0,69,4,173,29,4128,0,98,78
01-28-21,Gibson,5904,49,3614,16,2290,33,4370,14,26548,63,30918,77,3,122,20,181,26,5601,2,100,130
01-28-21,Giles,3469,18,2960,5,509,13,3397,9,20097,39,23494,48,0,76,5,186,13,3207,1,106,86
01-28-21,Grainger,2231,20,1711,14,520,6,1918,15,12203,68,14121,83,0,41,0,100,20,2090,0,61,46
01-28-21,Greene,6880,41,5475,24,1405,17,6093,27,38921,238,45014,265,1,121,-8,278,48,6481,1,167,127
01-28-21,Grundy,1506,16,1302,10,204,6,1500,11,6847,38,8347,49,0,24,14,54,2,1428,1,54,26
01-28-21,Hamblen,7377,44,5475,18,1902,26,6129,21,41044,89,47173,110,4,141,-12,204,52,7032,0,229,153
01-28-21,Hamilton,36550,111,32260,58,4290,53,36101,53,272509,375,308610,428,3,358,-70,668,178,35524,5,997,405
01-28-21,Hancock,460,5,335,2,125,3,357,2,3481,9,3838,11,0,7,2,25,3,428,0,17,10
01-28-21,Hardeman,3262,20,2684,10,578,10,3139,12,22556,78,25695,90,1,57,5,95,14,3110,0,95,60
01-28-21,Hardin,3196,23,2209,8,987,15,2635,7,21093,135,23728,142,2,54,12,129,9,3013,0,58,59
01-28-21,Hawkins,4699,70,3926,41,773,29,4219,44,27571,131,31790,175,2,81,36,247,32,4371,0,125,86
01-28-21,Haywood,2563,36,2154,31,409,5,2440,30,12383,63,14823,93,0,55,23,77,13,2431,0,75,57
01-28-21,Henderson,3470,27,2446,11,1024,16,3076,11,14985,33,18061,44,-1,63,15,89,13,3318,1,74,67
01-28-21,Henry,2825,20,2233,13,592,7,2583,15,16311,38,18894,53,1,62,-4,70,23,2693,0,74,72
01-28-21,Hickman,2489,16,2067,3,422,13,2388,3,14312,25,16700,28,0,38,6,67,10,2384,0,50,39
01-28-21,Houston,983,4,748,1,235,3,851,1,8344,64,9195,65,0,26,0,-2,4,959,0,38,29
01-28-21,Humphreys,1424,17,970,8,454,9,1132,8,10350,66,11482,74,0,18,9,26,8,1380,0,27,20
01-28-21,Jackson,1185,9,938,5,247,4,1095,5,4871,14,5966,19,0,24,3,51,6,1110,0,35,30
01-28-21,Jefferson,5191,33,3699,17,1492,16,4171,19,32340,96,36511,115,4,83,-6,278,35,4830,1,159,101
01-28-21,Johnson,2065,19,1875,8,190,11,1993,8,12571,112,14564,120,0,36,9,51,10,1978,0,56,37
01-28-21,Knox,41854,156,36394,114,5460,42,39698,132,272802,660,312500,792,9,476,-75,1770,222,39608,5,1165,504
01-28-21,Lake,1607,12,1429,10,178,2,1678,11,9095,36,10773,47,0,22,7,44,5,1541,0,24,23
01-28-21,Lauderdale,2984,13,2338,4,646,9,2674,6,18719,126,21393,132,0,35,-2,82,15,2867,0,80,40
01-28-21,Lawrence,5289,35,4173,21,1116,14,4591,20,25368,166,29959,186,1,73,7,227,27,4989,1,130,75
01-28-21,Lewis,1345,9,1098,1,247,8,1189,2,9181,9,10370,11,0,21,5,53,4,1271,0,38,23
01-28-21,Lincoln,3920,30,3082,14,838,16,3501,10,15513,33,19014,43,2,53,6,132,22,3735,0,75,53
01-28-21,Loudon,5126,37,4168,13,958,24,4539,22,27425,88,31964,110,0,57,6,194,31,4875,1,112,54
01-28-21,Macon,3173,12,2552,9,621,3,2995,13,13712,66,16707,79,0,56,-2,99,14,3018,0,113,69
01-28-21,Madison,9593,65,5394,14,4199,51,6590,15,49034,83,55624,98,3,193,14,-327,48,9727,1,321,212
01-28-21,Marion,2705,11,2350,8,355,3,2636,13,15547,76,18183,89,0,34,-25,95,36,2576,0,100,43
01-28-21,Marshall,3633,37,3003,9,630,28,3378,9,20631,44,24009,53,0,42,3,200,34,3391,1,81,46
01-28-21,Maury,11443,85,10372,66,1071,19,11450,63,64142,335,75592,398,2,138,24,522,59,10783,0,258,150
01-28-21,McMinn,5433,54,4918,32,515,22,5420,33,35954,118,41374,151,0,76,23,247,31,5110,2,135,84
01-28-21,McNairy,2500,23,1767,9,733,14,2176,9,15855,84,18031,93,-1,43,2,29,22,2428,0,58,48
01-28-21,Meigs,1179,6,1081,4,98,2,1201,4,6713,22,7914,26,0,17,-8,56,14,1106,0,37,18
01-28-21,Monroe,4859,76,3970,28,889,48,4465,37,23208,110,27673,147,2,67,30,258,44,4534,0,132,81
01-28-21,Montgomery,15845,134,11867,51,3978,83,13044,63,94662,396,107706,459,2,160,7,985,125,14700,4,279,191
01-28-21,Moore,895,1,706,0,189,1,799,0,4338,15,5137,15,1,10,-2,53,2,832,0,14,13
01-28-21,Morgan,2154,22,1640,10,514,12,1761,13,13594,50,15355,63,0,17,3,94,19,2043,1,32,30
01-28-21,Obion,4246,40,3171,22,1075,18,3591,25,19910,159,23501,184,0,86,27,123,13,4037,0,96,91
01-28-21,Out of State,14998,68,12065,35,2933,33,13548,37,533179,1529,546727,1566,-1,85,-15,492,84,14421,0,178,78
01-28-21,Overton,2737,22,2085,9,652,13,2454,9,13370,71,15824,80,0,46,2,100,20,2591,0,61,55
01-28-21,Pending,13893,127,9153,23,4740,104,10143,27,343469,941,353612,968,3,157,21,527,103,13209,3,123,115
01-28-21,Perry,989,4,861,0,128,4,963,2,5634,5,6597,7,0,25,1,5,3,959,0,28,25
01-28-21,Pickett,713,3,475,2,238,1,570,2,3152,14,3722,16,0,21,1,21,2,671,0,28,21
01-28-21,Polk,1525,9,1404,6,121,3,1560,5,7789,30,9349,35,0,17,-7,90,16,1418,2,55,21
01-28-21,Putnam,10034,52,8382,30,1652,22,10039,33,62472,300,72511,333,2,155,0,306,50,9573,0,193,163
01-28-21,Rhea,3868,23,3407,10,461,13,3824,13,22937,99,26761,112,1,61,-2,104,24,3703,0,78,67
01-28-21,Roane,5364,29,4291,15,1073,14,4762,24,37176,119,41938,143,2,90,-8,130,35,5144,1,134,92
01-28-21,Robertson,8303,62,6773,19,1530,43,7650,20,37649,100,45299,120,1,90,9,369,52,7844,4,382,109
01-28-21,Rutherford,35199,137,31337,63,3862,74,36571,71,196585,626,233156,697,3,310,-65,1116,199,33773,1,535,343
01-28-21,Scott,2636,33,1566,11,1070,22,1667,10,10170,39,11837,49,1,33,20,121,12,2482,0,59,39
01-28-21,Sequatchie,1408,14,1168,8,240,6,1269,7,10643,22,11912,29,0,20,3,70,11,1318,0,32,24
01-28-21,Sevier,11009,32,9917,27,1092,5,10889,37,56451,180,67340,217,3,132,-62,286,91,10591,1,242,148
01-28-21,Shelby,81334,320,76483,231,4851,89,93891,272,786278,2814,880169,3086,12,1235,-146,2932,454,77167,22,3227,1404
01-28-21,Smith,2423,13,1895,8,528,5,2390,12,11923,40,14313,52,0,30,8,66,5,2327,0,57,34
01-28-21,Stewart,1162,9,884,2,278,7,996,1,6070,18,7066,19,0,21,0,73,9,1068,0,23,24
01-28-21,Sullivan,13251,78,11638,29,1613,49,12568,35,72683,200,85251,235,1,230,12,372,65,12649,1,669,252
01-28-21,Sumner,19711,99,18153,51,1558,48,20536,57,102674,393,123210,450,2,250,-22,705,119,18756,1,667,290
01-28-21,Tipton,6539,58,4692,20,1847,38,5664,29,40904,152,46568,181,2,79,5,234,51,6226,1,141,94
01-28-21,Trousdale,2333,5,2220,2,113,3,2379,3,8096,22,10475,25,0,17,4,22,1,2294,0,36,21
01-28-21,Unicoi,1701,7,1348,4,353,3,1481,4,11605,32,13086,36,0,47,-6,51,13,1603,1,61,46
01-28-21,Union,1550,14,1331,9,219,5,1438,8,9210,31,10648,39,0,25,-3,65,17,1460,1,52,27
01-28-21,Van Buren,765,4,646,0,119,4,711,0,4653,13,5364,13,0,9,-1,27,5,729,0,18,16
01-28-21,Warren,5074,26,4383,8,691,18,4960,12,28525,63,33485,75,1,60,4,173,21,4841,0,78,70
01-28-21,Washington,12063,55,10477,39,1586,16,11533,38,69533,249,81066,287,2,213,-9,373,62,11477,0,310,218
01-28-21,Wayne,2771,17,2288,9,483,8,2508,12,10333,53,12841,65,0,25,11,127,6,2619,1,52,28
01-28-21,Weakley,3622,19,2747,9,875,10,3138,14,19573,87,22711,101,0,52,8,85,11,3485,0,56,55
01-28-21,White,3159,14,2661,8,498,6,3261,5,20349,98,23610,103,0,51,2,92,12,3016,0,98,62
01-28-21,Williamson,22841,137,19992,84,2849,53,22223,84,154613,490,176836,574,4,170,-19,1042,152,21629,3,270,190
01-28-21,Wilson,15143,62,13933,29,1210,33,15903,38,85938,210,101841,248,2,177,-30,510,90,14456,1,311,197
01-27-21,Anderson,7243,17,5684,8,1559,9,6340,9,54307,85,60647,94,4,120,-18,305,31,6818,0,181,145
01-27-21,Bedford,5495,9,4463,8,1032,1,5157,8,27283,71,32440,79,3,98,-14,183,20,5214,0,115,110
01-27-21,Benton,1422,0,1175,0,247,0,1298,0,8200,37,9498,37,0,35,-9,41,9,1346,0,35,38
01-27-21,Bledsoe,1823,5,1707,5,116,0,1806,6,13199,13,15005,19,0,11,0,25,5,1787,0,29,10
01-27-21,Blount,13022,66,11502,49,1520,17,12647,53,62398,162,75045,215,1,137,-2,552,67,12333,1,290,163
01-27-21,Bradley,11497,54,9876,37,1621,17,11193,37,54726,193,65919,230,2,106,-11,419,63,10972,5,472,126
01-27-21,Campbell,3477,17,2071,3,1406,14,2316,5,22885,36,25201,41,2,44,-7,169,22,3264,0,105,53
01-27-21,Cannon,1637,3,1363,1,274,2,1519,1,8053,34,9572,35,0,23,-8,53,11,1561,0,32,25
01-27-21,Carroll,3270,8,2199,4,1071,4,2601,2,17985,25,20586,27,2,64,-14,131,20,3075,0,75,79
01-27-21,Carter,5564,32,4905,28,659,4,5365,31,31941,100,37306,131,2,126,10,208,20,5230,0,200,142
01-27-21,Cheatham,3553,8,2869,7,684,1,3242,6,23288,59,26530,65,1,33,-8,125,15,3395,0,73,38
01-27-21,Chester,1869,12,1363,10,506,2,1629,14,10115,95,11744,109,0,39,6,50,6,1780,0,38,44
01-27-21,Claiborne,2324,22,1550,11,774,11,1646,12,20203,96,21849,108,2,36,-14,211,34,2077,0,84,51
01-27-21,Clay,1013,1,701,0,312,1,804,2,5072,8,5876,10,0,26,-5,36,6,951,0,22,28
01-27-21,Cocke,3672,13,2598,7,1074,6,2861,7,18279,39,21140,46,3,69,-4,137,14,3466,0,101,87
01-27-21,Coffee,5831,15,4259,9,1572,6,5235,8,39894,84,45129,92,6,94,-13,208,22,5529,1,106,106
01-27-21,Crockett,1890,7,1152,1,738,6,1343,2,6631,20,7974,22,0,39,5,34,2,1817,0,29,44
01-27-21,Cumberland,5752,13,4898,13,854,0,5610,11,43546,54,49156,65,0,79,-22,233,35,5440,0,136,109
01-27-21,Davidson,75513,303,72067,277,3446,26,87580,347,774548,2520,862128,2867,3,719,-243,3584,543,71210,1,1798,768
01-27-21,Decatur,1484,1,1121,0,363,1,1335,0,10406,11,11741,11,0,28,-4,22,5,1434,0,36,33
01-27-21,Dekalb,2468,6,1881,3,587,3,2174,3,15106,14,17280,17,0,45,-3,51,9,2372,0,51,44
01-27-21,Dickson,5637,8,4232,8,1405,0,5033,12,30385,69,35418,81,0,85,-26,16,34,5536,0,113,97
01-27-21,Dyer,4994,11,3354,4,1640,7,3772,4,19794,46,23566,50,0,87,-11,183,22,4724,0,101,94
01-27-21,Fayette,4364,15,3838,12,526,3,4706,13,32250,104,36956,117,0,53,-8,220,23,4091,2,115,66
01-27-21,Fentress,2216,5,1943,5,273,0,2218,6,10524,68,12742,74,1,37,0,65,4,2114,0,54,43
01-27-21,Franklin,4337,11,3702,8,635,3,4334,9,29965,77,34299,86,1,69,-13,169,23,4099,1,98,78
01-27-21,Gibson,5855,14,3598,6,2257,8,4356,7,26485,29,30841,36,1,119,-20,161,33,5575,1,98,128
01-27-21,Giles,3451,19,2955,19,496,0,3388,18,20058,81,23446,99,0,76,3,181,16,3194,0,105,86
01-27-21,Grainger,2211,2,1697,1,514,1,1903,1,12135,26,14038,27,0,41,-9,100,11,2070,0,61,46
01-27-21,Greene,6839,6,5451,5,1388,1,6066,9,38683,154,44749,163,0,120,-17,286,23,6433,0,166,127
01-27-21,Grundy,1490,2,1292,1,198,1,1489,1,6809,15,8298,16,2,24,-6,40,6,1426,0,53,25
01-27-21,Hamblen,7333,28,5457,12,1876,16,6108,13,40955,62,47063,75,9,137,-24,216,43,6980,0,229,152
01-27-21,Hamilton,36439,269,32202,234,4237,35,36048,237,272134,910,308182,1147,2,355,65,738,202,35346,6,992,403
01-27-21,Hancock,455,2,333,1,122,1,355,1,3472,4,3827,5,0,7,-4,23,6,425,0,17,10
01-27-21,Hardeman,3242,13,2674,8,568,5,3127,8,22478,28,25605,36,1,56,-1,90,13,3096,0,95,60
01-27-21,Hardin,3173,3,2201,3,972,0,2628,5,20958,80,23586,85,1,52,-9,117,11,3004,1,58,59
01-27-21,Hawkins,4629,15,3885,13,744,2,4175,15,27440,145,31615,160,2,79,-7,211,20,4339,0,125,84
01-27-21,Haywood,2527,5,2123,4,404,1,2410,4,12320,19,14730,23,4,55,-9,54,10,2418,0,75,57
01-27-21,Henderson,3443,3,2435,2,1008,1,3065,2,14952,26,18017,28,2,64,-7,74,8,3305,0,73,67
01-27-21,Henry,2805,4,2220,3,585,1,2568,4,16273,19,18841,23,0,61,-5,74,9,2670,0,74,72
01-27-21,Hickman,2473,14,2064,14,409,0,2385,13,14287,46,16672,59,1,38,-1,61,14,2374,0,50,39
01-27-21,Houston,979,0,747,0,232,0,850,1,8280,99,9130,100,0,26,-2,-2,2,955,0,38,29
01-27-21,Humphreys,1407,2,962,1,445,1,1124,1,10284,26,11408,27,1,18,-6,17,7,1372,0,27,20
01-27-21,Jackson,1176,3,933,3,243,0,1090,3,4857,10,5947,13,0,24,1,48,2,1104,0,35,30
01-27-21,Jefferson,5158,29,3682,16,1476,13,4152,25,32244,82,36396,107,1,79,-14,284,42,4795,4,158,100
01-27-21,Johnson,2046,1,1867,1,179,0,1985,1,12459,28,14444,29,1,36,-3,42,3,1968,0,56,37
01-27-21,Knox,41698,169,36280,124,5418,45,39566,128,272142,892,311708,1020,12,467,-73,1845,230,39386,2,1160,500
01-27-21,Lake,1595,2,1419,2,176,0,1667,0,9059,26,10726,26,0,22,-6,37,8,1536,0,24,23
01-27-21,Lauderdale,2971,4,2334,3,637,1,2668,3,18593,14,21261,17,0,35,-4,84,8,2852,0,80,40
01-27-21,Lawrence,5254,17,4152,11,1102,6,4571,11,25202,72,29773,83,2,72,-5,220,20,4962,0,129,74
01-27-21,Lewis,1336,8,1097,5,239,3,1187,4,9172,42,10359,46,0,21,1,48,7,1267,0,38,23
01-27-21,Lincoln,3890,15,3068,14,822,1,3491,15,15480,93,18971,108,2,51,-6,126,19,3713,0,75,53
01-27-21,Loudon,5089,18,4155,8,934,10,4517,6,27337,90,31854,96,2,57,-11,188,27,4844,0,111,54
01-27-21,Macon,3161,9,2543,6,618,3,2982,6,13646,29,16628,35,2,56,0,101,7,3004,0,113,68
01-27-21,Madison,9528,32,5380,27,4148,5,6575,29,48951,101,55526,130,2,190,-22,-341,52,9679,0,320,212
01-27-21,Marion,2694,4,2342,3,352,1,2623,4,15471,93,18094,97,0,34,-12,120,16,2540,0,100,43
01-27-21,Marshall,3596,4,2994,3,602,1,3369,4,20587,33,23956,37,1,42,-19,197,22,3357,0,80,46
01-27-21,Maury,11358,28,10306,22,1052,6,11387,27,63807,148,75194,175,3,136,-21,498,46,10724,1,258,150
01-27-21,McMinn,5379,12,4886,8,493,4,5387,8,35836,118,41223,126,2,76,-14,224,24,5079,1,133,82
01-27-21,McNairy,2477,5,1758,4,719,1,2167,4,15771,95,17938,99,0,44,-10,27,15,2406,0,58,48
01-27-21,Meigs,1173,5,1077,4,96,1,1197,4,6691,18,7888,22,0,17,-2,64,7,1092,0,37,18
01-27-21,Monroe,4783,10,3942,6,841,4,4428,8,23098,41,27526,49,0,65,-14,228,24,4490,0,132,81
01-27-21,Montgomery,15711,97,11816,35,3895,62,12981,32,94266,263,107247,295,2,158,-18,978,113,14575,0,275,187
01-27-21,Moore,894,7,706,5,188,2,799,7,4323,15,5122,22,0,9,3,55,4,830,0,14,13
01-27-21,Morgan,2132,3,1630,3,502,0,1748,4,13544,19,15292,23,0,17,-9,91,12,2024,0,31,30
01-27-21,Obion,4206,4,3149,2,1057,2,3566,4,19751,61,23317,65,0,86,-7,96,11,4024,1,96,91
01-27-21,Out of State,14930,71,12030,55,2900,16,13511,62,531650,1509,545161,1571,2,86,-23,507,92,14337,3,178,76
01-27-21,Overton,2715,5,2076,5,639,0,2445,6,13299,22,15744,28,0,46,-6,98,11,2571,1,61,54
01-27-21,Pending,13766,70,9130,35,4636,35,10116,40,342528,965,352644,1005,7,154,-37,506,100,13106,0,120,114
01-27-21,Perry,985,3,861,3,124,0,961,1,5629,18,6590,19,0,25,0,4,3,956,0,28,25
01-27-21,Pickett,710,2,473,1,237,1,568,2,3138,30,3706,32,0,21,0,20,2,669,0,28,21
01-27-21,Polk,1516,14,1398,13,118,1,1555,13,7759,46,9314,59,0,17,2,97,12,1402,0,53,21
01-27-21,Putnam,9982,34,8352,20,1630,14,10006,23,62172,208,72178,231,0,153,2,306,32,9523,1,193,162
01-27-21,Rhea,3845,10,3397,7,448,3,3811,8,22838,107,26649,115,2,60,-12,106,20,3679,0,78,67
01-27-21,Roane,5335,11,4276,5,1059,6,4738,6,37057,87,41795,93,3,88,-25,138,33,5109,2,133,91
01-27-21,Robertson,8241,18,6754,10,1487,8,7630,13,37549,129,45179,142,1,89,-29,360,46,7792,0,378,108
01-27-21,Rutherford,35062,176,31274,133,3788,43,36500,142,195959,799,232459,941,8,307,-29,1181,197,33574,2,534,341
01-27-21,Scott,2603,3,1555,1,1048,2,1657,1,10131,36,11788,37,0,32,-13,101,16,2470,0,59,39
01-27-21,Sequatchie,1394,6,1160,5,234,1,1262,5,10621,19,11883,24,0,20,1,67,5,1307,0,32,24
01-27-21,Sevier,10977,35,9890,24,1087,11,10852,22,56271,136,67123,158,1,129,-24,348,58,10500,0,241,148
01-27-21,Shelby,81014,325,76252,277,4762,48,93619,310,783464,3499,877083,3809,12,1223,-136,3078,449,76713,15,3205,1395
01-27-21,Smith,2410,7,1887,4,523,3,2378,4,11883,29,14261,33,0,30,-2,58,9,2322,0,57,34
01-27-21,Stewart,1153,1,882,1,271,0,995,2,6052,11,7047,13,0,21,-3,73,4,1059,0,23,24
01-27-21,Sullivan,13173,33,11609,30,1564,3,12533,39,72483,355,85016,394,0,229,-47,360,80,12584,0,668,250
01-27-21,Sumner,19612,79,18102,64,1510,15,20479,70,102281,323,122760,393,3,248,-10,727,86,18637,1,666,287
01-27-21,Tipton,6481,15,4672,9,1809,6,5635,11,40752,93,46387,104,2,77,-20,229,33,6175,0,140,93
01-27-21,Trousdale,2328,2,2218,1,110,1,2376,2,8074,19,10450,21,0,17,-4,18,6,2293,0,36,21
01-27-21,Unicoi,1694,3,1344,0,350,3,1477,0,11573,17,13050,17,0,47,-1,57,4,1590,0,60,46
01-27-21,Union,1536,2,1322,2,214,0,1430,2,9179,24,10609,26,0,25,-9,68,11,1443,0,51,27
01-27-21,Van Buren,761,2,646,1,115,1,711,1,4640,4,5351,5,0,9,-2,28,4,724,0,18,15
01-27-21,Warren,5048,23,4375,20,673,3,4948,21,28462,117,33410,138,0,59,5,169,18,4820,0,78,69
01-27-21,Washington,12008,31,10438,22,1570,9,11495,27,69284,193,80779,220,2,211,-34,382,63,11415,3,310,217
01-27-21,Wayne,2754,7,2279,4,475,3,2496,6,10280,22,12776,28,0,25,-3,116,10,2613,0,51,28
01-27-21,Weakley,3603,7,2738,3,865,4,3124,14,19486,20,22610,34,2,52,-4,77,9,3474,0,56,55
01-27-21,White,3145,4,2653,2,492,2,3256,3,20251,36,23507,39,1,51,-14,90,17,3004,0,98,61
01-27-21,Williamson,22704,113,19908,91,2796,22,22139,90,154123,593,176262,683,12,166,-2,1061,103,21477,2,267,189
01-27-21,Wilson,15081,67,13904,58,1177,9,15865,57,85728,327,101593,384,5,175,-5,540,67,14366,1,310,194
01-26-21,Anderson,7226,28,5676,21,1550,7,6331,23,54222,163,60553,186,0,116,-36,323,64,6787,1,181,143
01-26-21,Bedford,5486,9,4455,6,1031,3,5149,10,27212,87,32361,97,3,95,-35,197,41,5194,0,115,110
01-26-21,Benton,1422,9,1175,3,247,6,1298,3,8163,13,9461,16,0,35,-2,50,11,1337,0,35,38
01-26-21,Bledsoe,1818,6,1702,6,116,0,1800,6,13186,28,14986,34,0,11,-3,25,9,1782,0,29,10
01-26-21,Blount,12956,38,11453,17,1503,21,12594,18,62236,200,74830,218,0,136,-51,554,89,12266,2,289,162
01-26-21,Bradley,11443,46,9839,31,1604,15,11156,35,54533,167,65689,202,3,104,-63,430,106,10909,3,467,125
01-26-21,Campbell,3460,11,2068,6,1392,5,2311,4,22849,46,25160,50,0,42,-19,176,30,3242,2,105,53
01-26-21,Cannon,1634,6,1362,6,272,0,1518,6,8019,24,9537,30,2,23,-9,61,13,1550,1,32,25
01-26-21,Carroll,3262,22,2195,13,1067,9,2599,11,17960,34,20559,45,0,62,3,145,19,3055,0,75,77
01-26-21,Carter,5532,17,4877,15,655,2,5334,16,31841,75,37175,91,3,124,-27,198,41,5210,0,200,142
01-26-21,Cheatham,3545,15,2862,14,683,1,3236,12,23229,60,26465,72,0,32,-13,133,28,3380,0,73,38
01-26-21,Chester,1857,4,1353,4,504,0,1615,4,10020,7,11635,11,0,39,-6,44,10,1774,0,38,44
01-26-21,Claiborne,2302,8,1539,2,763,6,1634,5,20107,62,21741,67,1,34,-27,225,34,2043,1,84,50
01-26-21,Clay,1012,0,701,0,311,0,802,0,5064,31,5866,31,0,26,-4,41,4,945,0,22,28
01-26-21,Cocke,3659,27,2591,5,1068,22,2854,6,18240,124,21094,130,3,66,-13,141,37,3452,1,101,87
01-26-21,Coffee,5816,13,4250,7,1566,6,5227,6,39810,153,45037,159,4,88,-20,221,29,5507,0,105,106
01-26-21,Crockett,1883,2,1151,1,732,1,1341,1,6611,17,7952,18,1,39,-1,29,2,1815,0,29,44
01-26-21,Cumberland,5739,6,4885,6,854,0,5599,5,43492,110,49091,115,2,79,-41,255,45,5405,0,136,108
01-26-21,Davidson,75210,461,71790,411,3420,50,87233,509,772028,4275,859261,4784,19,716,62,3827,380,70667,4,1797,763
01-26-21,Decatur,1483,1,1121,0,362,1,1335,0,10395,7,11730,7,1,28,-6,26,6,1429,0,36,32
01-26-21,Dekalb,2462,6,1878,6,584,0,2171,6,15092,12,17263,18,2,45,-19,54,23,2363,0,51,44
01-26-21,Dickson,5629,22,4224,21,1405,1,5021,22,30316,86,35337,108,3,85,-9,42,28,5502,1,113,95
01-26-21,Dyer,4983,15,3350,3,1633,12,3768,4,19748,42,23516,46,0,87,-18,194,33,4702,1,101,93
01-26-21,Fayette,4349,15,3826,11,523,4,4693,15,32146,107,36839,122,0,53,-37,228,52,4068,0,113,65
01-26-21,Fentress,2211,2,1938,2,273,0,2212,1,10456,9,12668,10,1,36,-14,65,15,2110,0,54,42
01-26-21,Franklin,4326,18,3694,13,632,5,4325,11,29888,62,34213,73,1,68,-9,182,26,4076,0,97,78
01-26-21,Gibson,5841,10,3592,7,2249,3,4349,8,26456,48,30805,56,1,118,-25,181,34,5542,0,97,128
01-26-21,Giles,3432,7,2936,2,496,5,3370,2,19977,38,23347,40,0,76,-17,178,24,3178,0,105,86
01-26-21,Grainger,2209,9,1696,2,513,7,1902,4,12109,30,14011,34,1,41,-24,109,32,2059,0,61,46
01-26-21,Greene,6833,14,5446,14,1387,0,6057,15,38529,100,44586,115,3,120,-36,303,47,6410,0,166,126
01-26-21,Grundy,1488,9,1291,9,197,0,1488,9,6794,18,8282,27,0,22,5,46,4,1420,0,53,25
01-26-21,Hamblen,7305,37,5445,14,1860,23,6095,15,40893,89,46988,104,9,128,-31,240,59,6937,0,229,152
01-26-21,Hamilton,36170,242,31968,186,4202,56,35811,192,271224,865,307035,1057,6,353,-21,673,257,35144,3,986,401
01-26-21,Hancock,453,4,332,2,121,2,354,2,3468,1,3822,3,0,7,-5,27,9,419,0,17,10
01-26-21,Hardeman,3229,7,2666,6,563,1,3119,6,22450,30,25569,36,1,55,-6,91,12,3083,0,95,60
01-26-21,Hardin,3170,7,2198,7,972,0,2623,8,20878,22,23501,30,1,51,-8,126,14,2993,0,57,59
01-26-21,Hawkins,4614,18,3872,13,742,5,4160,11,27295,73,31455,84,4,77,-42,218,56,4319,0,125,84
01-26-21,Haywood,2522,4,2119,0,403,4,2406,0,12301,15,14707,15,1,51,-20,63,23,2408,1,75,56
01-26-21,Henderson,3440,3,2433,2,1007,1,3063,5,14926,11,17989,16,3,62,-23,81,23,3297,0,73,67
01-26-21,Henry,2801,4,2217,4,584,0,2564,5,16254,38,18818,43,1,61,-29,79,32,2661,1,74,71
01-26-21,Hickman,2459,4,2050,4,409,0,2372,4,14241,45,16613,49,1,37,-11,62,14,2360,1,50,38
01-26-21,Houston,979,3,747,3,232,0,849,2,8181,7,9030,9,0,26,2,0,1,953,0,38,29
01-26-21,Humphreys,1405,5,961,0,444,5,1123,0,10258,21,11381,21,0,17,-5,23,10,1365,0,27,20
01-26-21,Jackson,1173,0,930,0,243,0,1087,0,4847,6,5934,6,0,24,-3,47,3,1102,0,35,29
01-26-21,Jefferson,5129,31,3666,16,1463,15,4127,17,32162,103,36289,120,0,78,-23,298,54,4753,1,154,99
01-26-21,Johnson,2045,4,1866,2,179,2,1984,1,12431,15,14415,16,0,35,-51,45,55,1965,0,56,37
01-26-21,Knox,41529,235,36156,172,5373,63,39438,191,271250,1038,310688,1229,3,455,-28,1918,260,39156,7,1158,496
01-26-21,Lake,1593,5,1417,2,176,3,1667,1,9033,6,10700,7,0,22,-1,43,6,1528,0,24,23
01-26-21,Lauderdale,2967,5,2331,3,636,2,2665,4,18579,34,21244,38,1,35,-20,88,24,2844,0,80,39
01-26-21,Lawrence,5237,16,4141,5,1096,11,4560,5,25130,71,29690,76,1,70,-27,225,42,4942,2,129,74
01-26-21,Lewis,1328,5,1092,1,236,4,1183,2,9130,17,10313,19,0,21,-9,47,14,1260,0,38,23
01-26-21,Lincoln,3875,2,3054,1,821,1,3476,4,15387,39,18863,43,2,49,-41,132,41,3694,0,75,53
01-26-21,Loudon,5071,26,4147,14,924,12,4511,11,27247,55,31758,66,3,55,-8,199,31,4817,0,111,54
01-26-21,Macon,3152,3,2537,2,615,1,2976,2,13617,12,16593,14,3,54,-18,101,18,2997,1,113,68
01-26-21,Madison,9496,33,5353,16,4143,17,6546,18,48850,127,55396,145,2,188,-12,-319,43,9627,1,320,210
01-26-21,Marion,2690,16,2339,11,351,5,2619,10,15378,39,17997,49,1,34,-3,132,18,2524,0,100,43
01-26-21,Marshall,3592,12,2991,4,601,8,3365,4,20554,61,23919,65,1,41,-32,216,43,3335,0,80,46
01-26-21,Maury,11330,65,10284,36,1046,29,11360,37,63659,225,75019,262,2,133,-9,519,72,10678,0,257,147
01-26-21,McMinn,5367,11,4878,10,489,1,5379,14,35718,83,41097,97,0,74,-20,238,31,5055,1,132,81
01-26-21,McNairy,2472,4,1754,3,718,1,2163,3,15676,14,17839,17,2,44,-26,37,28,2391,0,58,48
01-26-21,Meigs,1168,3,1073,2,95,1,1193,3,6673,14,7866,17,1,17,-8,66,10,1085,0,37,18
01-26-21,Monroe,4773,16,3936,13,837,3,4420,16,23057,63,27477,79,1,65,-31,242,46,4466,1,132,81
01-26-21,Montgomery,15614,117,11781,49,3833,68,12949,52,94003,283,106952,335,3,156,-41,996,155,14462,1,275,186
01-26-21,Moore,887,5,701,3,186,2,792,3,4308,3,5100,6,0,9,2,52,3,826,0,14,13
01-26-21,Morgan,2129,2,1627,2,502,0,1744,2,13525,17,15269,19,1,17,-30,100,31,2012,0,31,29
01-26-21,Obion,4202,11,3147,9,1055,2,3562,9,19690,82,23252,91,3,86,-3,103,11,4013,0,95,91
01-26-21,Out of State,14859,63,11975,51,2884,12,13449,55,530141,1845,543590,1900,1,84,-38,530,100,14245,3,175,75
01-26-21,Overton,2710,2,2071,2,639,0,2439,2,13277,28,15716,30,0,46,-20,104,22,2560,0,60,54
01-26-21,Pending,13696,54,9095,34,4601,20,10076,37,341563,1204,351639,1241,7,147,-62,543,109,13006,0,120,114
01-26-21,Perry,982,1,858,1,124,0,960,1,5611,12,6571,13,0,25,-6,4,7,953,0,28,25
01-26-21,Pickett,708,4,472,0,236,4,566,0,3108,3,3674,3,1,21,-4,20,7,667,0,28,21
01-26-21,Polk,1502,13,1385,10,117,3,1542,11,7713,21,9255,32,0,17,-2,95,15,1390,0,53,20
01-26-21,Putnam,9948,16,8332,12,1616,4,9983,11,61964,59,71947,70,1,153,-54,304,69,9491,0,192,162
01-26-21,Rhea,3835,12,3390,11,445,1,3803,11,22731,82,26534,93,0,58,-16,118,28,3659,1,78,67
01-26-21,Roane,5324,17,4271,12,1053,5,4732,13,36970,77,41702,90,2,85,-27,163,42,5076,1,131,89
01-26-21,Robertson,8223,42,6744,30,1479,12,7617,32,37420,127,45037,159,0,88,-19,389,61,7746,3,378,106
01-26-21,Rutherford,34886,170,31141,133,3745,37,36358,152,195160,734,231518,886,1,299,-52,1210,221,33377,3,532,337
01-26-21,Scott,2600,3,1554,3,1046,0,1656,3,10095,21,11751,24,0,32,-19,114,22,2454,0,59,38
01-26-21,Sequatchie,1388,1,1155,1,233,0,1257,1,10602,11,11859,12,0,20,-10,66,11,1302,0,32,24
01-26-21,Sevier,10942,51,9866,40,1076,11,10830,42,56135,154,66965,196,5,128,-65,372,111,10442,0,241,147
01-26-21,Shelby,80689,393,75975,344,4714,49,93309,411,779965,3653,873274,4064,25,1211,-100,3214,468,76264,16,3190,1389
01-26-21,Smith,2403,1,1883,0,520,1,2374,1,11854,18,14228,19,0,30,-12,60,13,2313,0,57,33
01-26-21,Stewart,1152,10,881,6,271,4,993,5,6041,19,7034,24,1,21,5,76,4,1055,0,23,24
01-26-21,Sullivan,13140,32,11579,30,1561,2,12494,31,72128,342,84622,373,8,229,-66,407,90,12504,0,668,250
01-26-21,Sumner,19533,79,18038,67,1495,12,20409,75,101958,290,122367,365,8,245,-72,737,143,18551,2,665,286
01-26-21,Tipton,6466,27,4663,19,1803,8,5624,19,40659,150,46283,169,4,75,-17,249,40,6142,1,140,93
01-26-21,Trousdale,2326,0,2217,0,109,0,2374,0,8055,9,10429,9,0,17,-1,22,1,2287,0,36,21
01-26-21,Unicoi,1691,4,1344,2,347,2,1477,2,11556,19,13033,21,0,47,-23,58,27,1586,0,60,46
01-26-21,Union,1534,10,1320,7,214,3,1428,8,9155,37,10583,45,0,25,-6,77,16,1432,0,51,27
01-26-21,Van Buren,759,0,645,0,114,0,710,0,4636,4,5346,4,1,9,-3,30,2,720,0,18,15
01-26-21,Warren,5025,6,4355,6,670,0,4927,6,28345,59,33272,65,3,59,-26,164,29,4802,1,78,69
01-26-21,Washington,11977,38,10416,28,1561,10,11468,30,69091,166,80559,196,3,209,-54,416,89,11352,0,307,216
01-26-21,Wayne,2747,10,2275,1,472,9,2490,1,10258,20,12748,21,0,25,2,119,8,2603,0,51,28
01-26-21,Weakley,3596,20,2735,16,861,4,3110,4,19466,28,22576,32,2,50,5,81,13,3465,0,56,55
01-26-21,White,3141,2,2651,2,490,0,3253,2,20215,27,23468,29,1,50,-32,104,33,2987,0,98,61
01-26-21,Williamson,22591,167,19817,113,2774,54,22049,124,153530,604,175579,728,4,154,25,1063,138,21374,2,265,188
01-26-21,Wilson,15014,71,13846,60,1168,11,15808,65,85401,266,101209,331,3,170,-13,545,81,14299,1,309,194
01-25-21,Anderson,7198,18,5655,11,1543,7,6308,12,54059,60,60367,72,2,116,-48,359,64,6723,1,180,140
01-25-21,Bedford,5477,20,4449,8,1028,12,5139,11,27125,21,32264,32,1,92,-16,232,35,5153,2,115,110
01-25-21,Benton,1413,2,1172,0,241,2,1295,0,8150,3,9445,3,0,35,-13,52,15,1326,0,35,38
01-25-21,Bledsoe,1812,4,1696,2,116,2,1794,2,13158,9,14952,11,0,11,-8,28,12,1773,0,29,10
01-25-21,Blount,12918,52,11436,21,1482,31,12576,23,62036,83,74612,106,2,136,-37,605,87,12177,2,287,162
01-25-21,Bradley,11397,60,9808,37,1589,23,11121,48,54366,148,65487,196,3,101,-51,493,108,10803,1,464,125
01-25-21,Campbell,3449,6,2062,1,1387,5,2307,1,22803,17,25110,18,1,42,-19,195,24,3212,0,103,53
01-25-21,Cannon,1628,2,1356,1,272,1,1512,1,7995,8,9507,9,1,21,-14,70,15,1537,0,31,25
01-25-21,Carroll,3240,5,2182,4,1058,1,2588,3,17926,5,20514,8,1,62,-26,142,30,3036,0,75,75
01-25-21,Carter,5515,17,4862,13,653,4,5318,13,31766,28,37084,41,2,121,-5,225,20,5169,0,200,142
01-25-21,Cheatham,3530,9,2848,5,682,4,3224,4,23169,24,26393,28,1,32,-14,146,22,3352,1,73,38
01-25-21,Chester,1853,6,1349,6,504,0,1611,5,10013,6,11624,11,0,39,-13,50,19,1764,0,38,43
01-25-21,Claiborne,2294,14,1537,4,757,10,1629,5,20045,9,21674,14,0,33,-10,252,24,2009,0,83,48
01-25-21,Clay,1012,5,701,1,311,4,802,1,5033,4,5835,5,0,26,-6,45,11,941,0,22,28
01-25-21,Cocke,3632,10,2586,2,1046,8,2848,3,18116,25,20964,28,2,63,-19,154,27,3415,1,100,87
01-25-21,Coffee,5803,5,4243,1,1560,4,5221,1,39657,19,44878,20,2,84,-51,241,54,5478,0,105,104
01-25-21,Crockett,1881,5,1150,1,731,4,1340,1,6594,5,7934,6,0,38,-6,30,11,1813,0,29,44
01-25-21,Cumberland,5733,5,4879,5,854,0,5594,6,43382,19,48976,25,1,77,-57,296,61,5360,0,136,107
01-25-21,Davidson,74749,162,71379,127,3370,35,86724,148,767753,3816,854477,3964,4,697,-270,3765,428,70287,1,1793,759
01-25-21,Decatur,1482,1,1121,1,361,0,1335,1,10388,5,11723,6,0,27,-3,32,4,1423,0,36,32
01-25-21,Dekalb,2456,8,1872,7,584,1,2165,6,15080,10,17245,16,1,43,2,73,5,2340,1,51,44
01-25-21,Dickson,5607,8,4203,3,1404,5,4999,4,30230,31,35229,35,0,82,-38,51,46,5474,0,112,94
01-25-21,Dyer,4968,7,3347,2,1621,5,3764,3,19706,8,23470,11,1,87,-27,212,33,4669,0,100,93
01-25-21,Fayette,4334,5,3815,5,519,0,4678,5,32039,48,36717,53,1,53,-34,265,38,4016,0,113,62
01-25-21,Fentress,2209,1,1936,1,273,0,2211,1,10447,3,12658,4,0,35,-21,79,22,2095,0,54,42
01-25-21,Franklin,4308,11,3681,10,627,1,4314,13,29826,29,34140,42,2,67,-16,191,25,4050,0,97,78
01-25-21,Gibson,5831,10,3585,4,2246,6,4341,6,26408,17,30749,23,1,117,-42,206,51,5508,1,97,126
01-25-21,Giles,3425,18,2934,7,491,11,3368,8,19939,15,23307,23,0,76,-10,195,28,3154,0,105,85
01-25-21,Grainger,2200,7,1694,2,506,5,1898,2,12079,3,13977,5,1,40,-6,133,12,2027,0,61,46
01-25-21,Greene,6819,7,5432,6,1387,1,6042,8,38429,24,44471,32,1,117,-48,339,54,6363,0,166,125
01-25-21,Grundy,1479,2,1282,1,197,1,1479,1,6776,8,8255,9,0,22,-6,41,8,1416,0,53,25
01-25-21,Hamblen,7268,17,5431,11,1837,6,6080,13,40804,47,46884,60,1,119,-50,271,66,6878,1,229,152
01-25-21,Hamilton,35928,119,31782,105,4146,14,35619,104,270359,285,305978,389,9,347,-177,694,287,34887,2,983,401
01-25-21,Hancock,449,3,330,1,119,2,352,1,3467,1,3819,2,0,7,-6,32,9,410,0,17,10
01-25-21,Hardeman,3222,5,2660,2,562,3,3113,2,22420,13,25533,15,0,54,-12,97,17,3071,0,95,58
01-25-21,Hardin,3163,7,2191,5,972,2,2615,3,20856,17,23471,20,0,50,-17,134,24,2979,0,57,58
01-25-21,Hawkins,4596,5,3859,4,737,1,4149,4,27222,17,31371,21,1,73,-18,260,22,4263,0,125,83
01-25-21,Haywood,2518,0,2119,0,399,0,2406,1,12286,3,14692,4,2,50,-12,83,10,2385,0,74,56
01-25-21,Henderson,3437,10,2431,7,1006,3,3058,9,14915,26,17973,35,0,59,-11,104,21,3274,0,73,67
01-25-21,Henry,2797,7,2213,7,584,0,2559,9,16216,11,18775,20,1,60,-8,108,14,2629,0,73,69
01-25-21,Hickman,2455,5,2046,3,409,2,2368,2,14196,11,16564,13,1,36,-11,73,15,2346,0,49,38
01-25-21,Houston,976,1,744,1,232,0,847,1,8174,2,9021,3,1,26,-11,-2,11,952,0,38,29
01-25-21,Humphreys,1400,5,961,3,439,2,1123,2,10237,11,11360,13,0,17,-8,28,13,1355,0,27,20
01-25-21,Jackson,1173,7,930,6,243,1,1087,6,4841,4,5928,10,1,24,4,50,2,1099,0,35,28
01-25-21,Jefferson,5098,11,3650,3,1448,8,4110,3,32059,62,36169,65,0,78,-43,321,54,4699,0,153,99
01-25-21,Johnson,2041,6,1864,5,177,1,1983,5,12416,19,14399,24,1,35,-6,96,11,1910,0,56,36
01-25-21,Knox,41294,156,35984,105,5310,51,39247,116,270212,416,309459,532,9,452,-202,1946,349,38896,1,1151,489
01-25-21,Lake,1588,1,1415,1,173,0,1666,2,9027,0,10693,2,1,22,-13,44,13,1522,0,24,23
01-25-21,Lauderdale,2962,4,2328,4,634,0,2661,4,18545,15,21206,19,0,34,-11,108,15,2820,1,80,39
01-25-21,Lawrence,5221,18,4136,5,1085,13,4555,6,25059,28,29614,34,0,69,-11,252,29,4900,1,127,74
01-25-21,Lewis,1323,2,1091,2,232,0,1181,1,9113,3,10294,4,0,21,-4,56,6,1246,0,38,23
01-25-21,Lincoln,3873,4,3053,2,820,2,3472,4,15348,6,18820,10,0,47,-12,173,16,3653,0,75,52
01-25-21,Loudon,5045,22,4133,14,912,8,4500,15,27192,29,31692,44,0,52,-25,207,47,4786,0,111,54
01-25-21,Macon,3149,18,2535,5,614,13,2974,8,13605,7,16579,15,0,51,1,119,17,2979,0,112,67
01-25-21,Madison,9463,17,5337,9,4126,8,6528,11,48723,32,55251,43,3,186,-43,-307,57,9584,1,319,209
01-25-21,Marion,2674,9,2328,7,346,2,2609,9,15339,15,17948,24,0,33,-12,135,21,2506,0,100,43
01-25-21,Marshall,3580,8,2987,6,593,2,3361,6,20493,11,23854,17,1,40,-31,248,38,3292,1,80,46
01-25-21,Maury,11265,25,10248,23,1017,2,11323,26,63434,58,74757,84,0,131,-42,528,67,10606,1,257,146
01-25-21,McMinn,5356,27,4868,23,488,4,5365,26,35635,44,41000,70,0,74,-15,258,42,5024,0,131,81
01-25-21,McNairy,2468,9,1751,7,717,2,2160,6,15662,8,17822,14,0,42,-17,63,26,2363,1,58,48
01-25-21,Meigs,1165,5,1071,3,94,2,1190,3,6659,8,7849,11,0,16,-10,74,15,1075,0,37,18
01-25-21,Monroe,4757,6,3923,4,834,2,4404,7,22994,26,27398,33,1,64,-24,273,29,4420,1,131,80
01-25-21,Montgomery,15497,48,11732,30,3765,18,12897,34,93720,208,106617,242,4,153,-112,1037,156,14307,0,274,185
01-25-21,Moore,882,3,698,3,184,0,789,3,4305,3,5094,6,0,9,-5,50,8,823,0,14,13
01-25-21,Morgan,2127,8,1625,2,502,6,1742,2,13508,8,15250,10,0,16,-22,130,30,1981,0,31,28
01-25-21,Obion,4191,5,3138,3,1053,2,3553,4,19608,28,23161,32,0,83,-23,106,28,4002,0,95,90
01-25-21,Out of State,14796,21,11924,20,2872,1,13394,24,528296,792,541690,816,0,83,-119,568,140,14145,0,172,75
01-25-21,Overton,2708,2,2069,0,639,2,2437,2,13249,3,15686,5,0,46,-25,124,27,2538,0,60,54
01-25-21,Pending,13642,40,9061,28,4581,12,10039,30,340359,663,350398,693,3,140,-116,605,153,12897,0,120,114
01-25-21,Perry,981,4,857,3,124,1,959,4,5599,1,6558,5,0,25,-1,10,5,946,1,28,25
01-25-21,Pickett,704,1,472,0,232,1,566,0,3105,0,3671,0,0,20,-16,24,17,660,0,28,21
01-25-21,Polk,1489,4,1375,3,114,1,1531,3,7692,16,9223,19,0,17,-8,97,12,1375,0,53,20
01-25-21,Putnam,9932,17,8320,6,1612,11,9972,9,61905,28,71877,37,0,152,-39,358,56,9422,1,192,159
01-25-21,Rhea,3823,3,3379,1,444,2,3792,2,22649,21,26441,23,1,58,-27,134,29,3631,0,77,66
01-25-21,Roane,5307,19,4259,14,1048,5,4719,17,36893,40,41612,57,1,83,-20,190,38,5034,0,130,87
01-25-21,Robertson,8181,18,6714,6,1467,12,7585,5,37293,31,44878,36,1,88,-39,408,56,7685,0,375,106
01-25-21,Rutherford,34716,84,31008,56,3708,28,36206,62,194426,290,230632,352,2,298,-171,1262,253,33156,2,529,332
01-25-21,Scott,2597,0,1551,0,1046,0,1653,1,10074,26,11727,27,0,32,-16,133,16,2432,0,59,38
01-25-21,Sequatchie,1387,11,1154,4,233,7,1256,4,10591,15,11847,19,1,20,0,76,10,1291,0,32,24
01-25-21,Sevier,10891,42,9826,35,1065,7,10788,42,55981,81,66769,123,1,123,-33,437,74,10331,1,241,147
01-25-21,Shelby,80296,195,75631,158,4665,37,92898,198,776312,1446,869210,1644,8,1186,-391,3314,578,75796,12,3174,1380
01-25-21,Smith,2402,3,1883,1,519,2,2373,1,11836,16,14209,17,0,30,-8,72,11,2300,0,57,33
01-25-21,Stewart,1142,1,875,1,267,0,988,1,6022,6,7010,7,0,20,-5,71,6,1051,0,23,24
01-25-21,Sullivan,13108,46,11549,44,1559,2,12463,38,71786,114,84249,152,1,221,-66,473,111,12414,8,668,250
01-25-21,Sumner,19454,27,17971,15,1483,12,20334,20,101668,127,122002,147,5,237,-142,809,164,18408,1,663,284
01-25-21,Tipton,6439,12,4644,7,1795,5,5605,8,40509,20,46114,28,2,71,-53,266,63,6102,0,139,91
01-25-21,Trousdale,2326,4,2217,0,109,4,2374,0,8046,4,10420,4,1,17,-7,23,10,2286,0,36,21
01-25-21,Unicoi,1687,0,1342,0,345,0,1475,0,11537,6,13012,6,2,47,-12,81,10,1559,0,60,46
01-25-21,Union,1524,9,1313,7,211,2,1420,9,9118,4,10538,13,0,25,6,83,3,1416,0,51,26
01-25-21,Van Buren,759,1,645,1,114,0,710,1,4632,5,5342,6,0,8,-11,33,12,718,0,18,15
01-25-21,Warren,5019,4,4349,3,670,1,4921,4,28286,7,33207,11,1,56,-33,190,36,4773,0,77,68
01-25-21,Washington,11939,25,10388,15,1551,10,11438,14,68925,69,80363,83,1,206,-55,470,79,11263,1,307,216
01-25-21,Wayne,2737,4,2274,1,463,3,2489,1,10238,8,12727,9,1,25,-4,117,7,2595,0,51,28
01-25-21,Weakley,3576,7,2719,5,857,2,3106,3,19438,22,22544,25,0,48,-10,76,17,3452,0,56,53
01-25-21,White,3139,5,2649,2,490,3,3251,2,20188,11,23439,13,2,49,-9,136,12,2954,0,98,60
01-25-21,Williamson,22424,96,19704,51,2720,45,21925,52,152926,302,174851,354,6,150,-70,1038,160,21236,1,263,185
01-25-21,Wilson,14943,22,13786,14,1157,8,15743,16,85135,97,100878,113,3,167,-84,558,103,14218,2,308,190
01-24-21,Anderson,7180,13,5644,12,1536,1,6296,15,53999,69,60295,84,0,114,-22,407,35,6659,0,179,138
01-24-21,Bedford,5457,9,4441,5,1016,4,5128,5,27104,71,32232,76,0,91,-16,248,25,5118,0,113,109
01-24-21,Benton,1411,2,1172,2,239,0,1295,2,8147,6,9442,8,0,35,-1,65,3,1311,0,35,38
01-24-21,Bledsoe,1808,1,1694,1,114,0,1792,1,13149,11,14941,12,0,11,-4,36,5,1761,0,29,10
01-24-21,Blount,12866,23,11415,17,1451,6,12553,17,61953,109,74506,126,1,134,-40,642,62,12090,0,285,162
01-24-21,Bradley,11337,49,9771,37,1566,12,11073,42,54218,90,65291,132,0,98,-6,544,55,10695,7,463,125
01-24-21,Campbell,3443,3,2061,3,1382,0,2306,3,22786,28,25092,31,1,41,-14,214,16,3188,0,103,53
01-24-21,Cannon,1626,0,1355,0,271,0,1511,0,7987,19,9498,19,0,20,-6,84,6,1522,0,31,25
01-24-21,Carroll,3235,2,2178,2,1057,0,2585,3,17921,32,20506,35,1,61,-9,168,10,3006,0,75,75
01-24-21,Carter,5498,15,4849,15,649,0,5305,14,31738,100,37043,114,3,119,-9,230,21,5149,0,200,141
01-24-21,Cheatham,3521,6,2843,6,678,0,3220,7,23145,56,26365,63,0,31,-14,160,20,3330,0,72,38
01-24-21,Chester,1847,2,1343,2,504,0,1606,2,10007,82,11613,84,0,39,-8,63,10,1745,0,38,43
01-24-21,Claiborne,2280,15,1533,9,747,6,1624,10,20036,105,21660,115,1,33,-11,262,25,1985,2,83,47
01-24-21,Clay,1007,0,700,0,307,0,801,0,5029,4,5830,4,0,26,-1,51,1,930,0,22,28
01-24-21,Cocke,3622,22,2584,20,1038,2,2845,22,18091,47,20936,69,1,61,7,173,14,3388,0,99,86
01-24-21,Coffee,5798,6,4242,5,1556,1,5220,7,39638,55,44858,62,0,82,-17,292,23,5424,1,105,104
01-24-21,Crockett,1876,3,1149,3,727,0,1339,4,6589,11,7928,15,0,38,-6,36,9,1802,0,29,44
01-24-21,Cumberland,5728,8,4874,7,854,1,5588,8,43363,52,48951,60,0,76,-20,353,28,5299,0,136,106
01-24-21,Davidson,74587,161,71252,138,3335,23,86576,170,763937,1316,850513,1486,1,693,-95,4035,255,69859,1,1792,753
01-24-21,Decatur,1481,0,1120,0,361,0,1334,0,10383,10,11717,10,-1,27,-2,35,3,1419,0,36,32
01-24-21,Dekalb,2448,1,1865,1,583,0,2159,1,15070,13,17229,14,0,42,-2,71,3,2335,0,50,44
01-24-21,Dickson,5599,6,4200,5,1399,1,4995,7,30199,40,35194,47,0,82,-21,89,27,5428,1,112,94
01-24-21,Dyer,4961,4,3345,2,1616,2,3761,3,19698,17,23459,20,0,86,-14,239,18,4636,0,100,93
01-24-21,Fayette,4329,17,3810,10,519,7,4673,11,31991,80,36664,91,1,52,-4,299,20,3978,1,113,62
01-24-21,Fentress,2208,3,1935,3,273,0,2210,3,10444,10,12654,13,1,35,-2,100,4,2073,0,54,42
01-24-21,Franklin,4297,9,3671,7,626,2,4301,7,29797,79,34098,86,0,65,-8,207,17,4025,0,97,76
01-24-21,Gibson,5821,6,3581,3,2240,3,4335,3,26391,48,30726,51,0,116,-14,248,20,5457,0,96,126
01-24-21,Giles,3407,6,2927,6,480,0,3360,7,19924,28,23284,35,0,76,-10,205,16,3126,0,105,85
01-24-21,Grainger,2193,9,1692,6,501,3,1896,7,12076,26,13972,33,0,39,-4,139,13,2015,1,61,46
01-24-21,Greene,6812,11,5426,11,1386,0,6034,14,38405,139,44439,153,1,116,-12,387,22,6309,0,166,125
01-24-21,Grundy,1477,5,1281,5,196,0,1478,4,6768,22,8246,26,0,22,0,47,5,1408,0,53,25
01-24-21,Hamblen,7251,11,5420,6,1831,5,6067,8,40757,115,46824,123,1,118,-27,321,37,6812,0,228,149
01-24-21,Hamilton,35809,115,31677,96,4132,19,35515,105,270074,572,305589,677,1,338,-133,871,247,34600,0,981,396
01-24-21,Hancock,446,3,329,3,117,0,351,3,3466,7,3817,10,0,7,-1,38,4,401,0,17,10
01-24-21,Hardeman,3217,3,2658,3,559,0,3111,4,22407,22,25518,26,0,54,-5,109,8,3054,0,95,58
01-24-21,Hardin,3156,2,2186,2,970,0,2612,2,20839,42,23451,44,0,50,-5,151,7,2955,0,57,58
01-24-21,Hawkins,4591,10,3855,10,736,0,4145,11,27205,61,31350,72,0,72,-8,278,18,4241,0,125,81
01-24-21,Haywood,2518,1,2119,1,399,0,2405,3,12283,16,14688,19,1,48,-8,95,8,2375,0,74,55
01-24-21,Henderson,3427,2,2424,2,1003,0,3049,3,14889,24,17938,27,0,59,-8,115,10,3253,0,73,67
01-24-21,Henry,2790,6,2206,6,584,0,2550,6,16205,23,18755,29,1,59,-10,116,15,2615,0,73,66
01-24-21,Hickman,2450,4,2043,4,407,0,2366,5,14185,20,16551,25,0,35,-9,84,13,2331,0,49,38
01-24-21,Houston,975,0,743,0,232,0,846,0,8172,5,9018,5,1,25,-2,9,1,941,0,38,29
01-24-21,Humphreys,1395,2,958,2,437,0,1121,2,10226,10,11347,12,0,17,-7,36,9,1342,0,27,19
01-24-21,Jackson,1166,3,924,3,242,0,1081,3,4837,9,5918,12,0,23,1,46,2,1097,0,35,28
01-24-21,Jefferson,5087,12,3647,9,1440,3,4107,11,31997,65,36104,76,0,78,-11,364,23,4645,1,153,97
01-24-21,Johnson,2035,1,1859,1,176,0,1978,1,12397,21,14375,22,0,34,0,102,1,1899,0,56,36
01-24-21,Knox,41138,155,35879,103,5259,52,39131,108,269796,791,308927,899,4,443,-103,2148,254,38547,2,1150,485
01-24-21,Lake,1587,0,1414,0,173,0,1664,0,9027,8,10691,8,0,21,-1,57,1,1509,0,24,23
01-24-21,Lauderdale,2958,8,2324,7,634,1,2657,7,18530,36,21187,43,0,34,-4,119,12,2805,0,79,37
01-24-21,Lawrence,5203,5,4131,5,1072,0,4549,5,25031,44,29580,49,0,69,-20,263,25,4871,0,126,74
01-24-21,Lewis,1321,0,1089,0,232,0,1180,0,9110,10,10290,10,0,21,-6,60,6,1240,0,38,23
01-24-21,Lincoln,3869,2,3051,2,818,0,3468,3,15342,27,18810,30,1,47,-10,185,11,3637,0,75,51
01-24-21,Loudon,5023,16,4119,6,904,10,4485,6,27163,40,31648,46,1,52,-15,232,30,4739,2,111,53
01-24-21,Macon,3131,2,2530,2,601,0,2966,3,13598,16,16564,19,0,51,-9,118,11,2962,1,112,67
01-24-21,Madison,9446,19,5328,16,4118,3,6517,16,48691,125,55208,141,0,183,-14,-264,33,9527,1,318,208
01-24-21,Marion,2665,5,2321,3,344,2,2600,3,15324,52,17924,55,1,33,-25,147,29,2485,0,100,43
01-24-21,Marshall,3572,8,2981,8,591,0,3355,8,20482,34,23837,42,1,39,-19,279,26,3254,0,79,46
01-24-21,Maury,11240,28,10225,24,1015,4,11297,30,63376,118,74673,148,0,131,-26,570,54,10539,0,256,144
01-24-21,McMinn,5329,18,4845,18,484,0,5339,19,35591,61,40930,80,0,74,-4,273,22,4982,0,131,81
01-24-21,McNairy,2459,1,1744,1,715,0,2154,2,15654,33,17808,35,0,42,-10,80,11,2337,0,57,48
01-24-21,Meigs,1160,3,1068,3,92,0,1187,3,6651,13,7838,16,0,16,1,84,2,1060,0,37,18
01-24-21,Monroe,4751,4,3919,4,832,0,4397,4,22968,25,27365,29,0,63,-21,297,25,4391,0,130,79
01-24-21,Montgomery,15449,39,11702,30,3747,9,12863,32,93512,173,106375,205,0,149,-137,1149,176,14151,2,274,184
01-24-21,Moore,879,2,695,2,184,0,786,2,4302,4,5088,6,0,9,-1,55,3,815,0,14,13
01-24-21,Morgan,2119,4,1623,3,496,1,1740,3,13500,6,15240,9,0,16,-8,152,12,1951,1,31,27
01-24-21,Obion,4186,1,3135,1,1051,0,3549,1,19580,78,23129,79,1,83,-9,129,9,3974,0,95,90
01-24-21,Out of State,14775,26,11904,21,2871,5,13370,29,527504,758,540874,787,0,83,-19,687,45,14005,2,172,75
01-24-21,Overton,2706,3,2069,3,637,0,2435,3,13246,13,15681,16,0,46,-7,149,10,2511,0,60,54
01-24-21,Pending,13602,17,9033,16,4569,1,10009,20,339696,632,349705,652,3,137,-81,721,95,12744,0,120,112
01-24-21,Perry,977,1,854,1,123,0,955,2,5598,9,6553,11,0,25,-1,11,2,941,0,27,25
01-24-21,Pickett,703,0,472,0,231,0,566,1,3105,3,3671,4,0,20,-2,40,2,643,0,28,21
01-24-21,Polk,1485,5,1372,4,113,1,1528,4,7676,10,9204,14,0,17,0,105,5,1363,0,53,20
01-24-21,Putnam,9915,11,8314,10,1601,1,9963,10,61877,69,71840,79,0,152,-9,397,20,9366,0,191,158
01-24-21,Rhea,3820,5,3378,5,442,0,3790,5,22628,45,26418,50,0,57,-10,161,15,3602,0,77,66
01-24-21,Roane,5288,14,4245,10,1043,4,4702,11,36853,59,41555,70,1,82,-8,210,21,4996,0,130,87
01-24-21,Robertson,8163,15,6708,10,1455,5,7580,11,37262,66,44842,77,0,87,-34,447,49,7629,1,375,106
01-24-21,Rutherford,34632,87,30952,68,3680,19,36144,75,194136,519,230280,594,1,296,-87,1433,173,32903,2,527,331
01-24-21,Scott,2597,2,1551,2,1046,0,1652,2,10048,8,11700,10,0,32,-7,149,9,2416,0,59,38
01-24-21,Sequatchie,1376,2,1150,2,226,0,1252,2,10576,19,11828,21,0,19,-2,76,4,1281,0,32,24
01-24-21,Sevier,10849,27,9791,21,1058,6,10746,25,55900,122,66646,147,1,122,-17,470,43,10257,0,240,145
01-24-21,Shelby,80101,236,75473,211,4628,25,92700,275,774866,2136,867566,2411,6,1178,-90,3705,320,75218,4,3162,1371
01-24-21,Smith,2399,0,1882,0,517,0,2372,1,11820,22,14192,23,0,30,-8,80,8,2289,0,57,33
01-24-21,Stewart,1141,1,874,1,267,0,987,2,6016,6,7003,8,0,20,-5,76,6,1045,0,23,24
01-24-21,Sullivan,13062,28,11505,28,1557,0,12425,31,71672,290,84097,321,0,220,-26,539,54,12303,1,660,248
01-24-21,Sumner,19427,46,17956,39,1471,7,20314,44,101541,206,121855,250,0,232,-37,951,83,18244,1,662,283
01-24-21,Tipton,6427,12,4637,6,1790,6,5597,7,40489,94,46086,101,0,69,-11,319,23,6039,0,139,90
01-24-21,Trousdale,2322,0,2217,0,105,0,2374,0,8042,12,10416,12,1,16,-4,30,3,2276,0,36,21
01-24-21,Unicoi,1687,1,1342,1,345,0,1475,1,11531,21,13006,22,0,45,-6,93,7,1549,0,60,46
01-24-21,Union,1515,3,1306,2,209,1,1411,1,9114,21,10525,22,0,25,-2,77,5,1413,0,51,26
01-24-21,Van Buren,758,1,644,1,114,0,709,1,4627,26,5336,27,0,8,-2,44,3,706,1,18,14
01-24-21,Warren,5015,3,4346,3,669,0,4917,4,28279,64,33196,68,0,55,-14,223,17,4737,0,77,67
01-24-21,Washington,11914,12,10373,12,1541,0,11424,17,68856,181,80280,198,1,205,-26,525,37,11184,2,306,215
01-24-21,Wayne,2733,1,2273,1,460,0,2488,4,10230,20,12718,24,0,24,-3,121,4,2588,0,51,28
01-24-21,Weakley,3569,4,2714,4,855,0,3103,5,19416,41,22519,46,0,48,-7,86,11,3435,0,56,53
01-24-21,White,3134,2,2647,0,487,2,3249,1,20177,33,23426,34,1,47,-5,145,6,2942,0,98,59
01-24-21,Williamson,22328,83,19653,66,2675,17,21873,70,152624,389,174497,459,0,144,-62,1108,145,21076,1,262,179
01-24-21,Wilson,14921,39,13772,31,1149,8,15727,37,85038,347,100765,384,0,164,-7,642,46,14115,1,306,189
01-23-21,Anderson,7167,39,5632,14,1535,25,6281,15,53930,259,60211,274,0,114,9,429,30,6624,1,179,136
01-23-21,Bedford,5448,35,4436,26,1012,9,5123,31,27033,179,32156,210,0,91,11,264,24,5093,2,113,109
01-23-21,Benton,1409,6,1170,2,239,4,1293,2,8141,24,9434,26,0,35,4,66,2,1308,0,35,38
01-23-21,Bledsoe,1807,4,1693,3,114,1,1791,3,13138,23,14929,26,0,11,0,40,4,1756,0,29,10
01-23-21,Blount,12843,68,11398,42,1445,26,12536,49,61844,225,74380,274,1,133,3,682,64,12028,1,285,161
01-23-21,Bradley,11288,72,9734,51,1554,21,11031,57,54128,435,65159,492,3,98,10,550,59,10640,2,456,124
01-23-21,Campbell,3440,28,2058,7,1382,21,2303,8,22758,69,25061,77,0,40,11,228,17,3172,1,103,53
01-23-21,Cannon,1626,6,1355,3,271,3,1511,4,7968,25,9479,29,0,20,-3,90,9,1516,0,31,24
01-23-21,Carroll,3233,12,2176,3,1057,9,2582,5,17889,48,20471,53,0,60,-3,177,15,2996,0,75,75
01-23-21,Carter,5483,19,4834,16,649,3,5291,22,31638,217,36929,239,1,116,1,239,17,5128,0,200,140
01-23-21,Cheatham,3515,19,2837,7,678,12,3213,12,23089,116,26302,128,0,31,-9,174,28,3310,0,72,38
01-23-21,Chester,1845,13,1341,7,504,6,1604,7,9925,41,11529,48,0,39,2,71,11,1735,0,38,43
01-23-21,Claiborne,2265,14,1524,8,741,6,1614,9,19931,115,21545,124,0,32,-5,273,19,1960,1,81,47
01-23-21,Clay,1007,7,700,2,307,5,801,2,5025,16,5826,18,0,26,2,52,5,929,0,22,28
01-23-21,Cocke,3600,23,2564,10,1036,13,2823,10,18044,89,20867,99,2,60,1,166,20,3374,1,99,85
01-23-21,Coffee,5792,39,4237,17,1555,22,5213,21,39583,176,44796,197,0,82,23,309,16,5401,0,104,101
01-23-21,Crockett,1873,5,1146,1,727,4,1335,2,6578,23,7913,25,0,38,-1,42,6,1793,0,29,44
01-23-21,Cumberland,5720,26,4867,19,853,7,5580,27,43311,170,48891,197,0,76,-3,373,29,5271,1,136,106
01-23-21,Davidson,74426,429,71114,365,3312,64,86406,521,762621,4350,849027,4871,4,692,143,4130,282,69604,5,1791,747
01-23-21,Decatur,1481,2,1120,0,361,2,1334,0,10373,18,11707,18,0,28,-1,37,3,1416,0,36,32
01-23-21,Dekalb,2447,6,1864,3,583,3,2158,5,15057,39,17215,44,0,42,0,73,6,2332,0,50,44
01-23-21,Dickson,5593,52,4195,17,1398,35,4988,20,30159,125,35147,145,0,82,38,110,14,5401,2,111,92
01-23-21,Dyer,4957,31,3343,15,1614,16,3758,15,19681,71,23439,86,0,86,11,253,20,4618,0,100,92
01-23-21,Fayette,4312,40,3800,22,512,18,4662,35,31911,294,36573,329,0,51,7,303,33,3958,0,112,61
01-23-21,Fentress,2205,11,1932,8,273,3,2207,10,10434,98,12641,108,0,34,3,102,8,2069,0,54,42
01-23-21,Franklin,4288,42,3664,31,624,11,4294,33,29718,225,34012,258,0,65,20,215,22,4008,1,97,76
01-23-21,Gibson,5815,30,3578,11,2237,19,4332,13,26343,111,30675,124,2,116,9,262,19,5437,1,96,126
01-23-21,Giles,3401,19,2921,17,480,2,3353,19,19896,150,23249,169,2,76,3,215,14,3110,0,105,83
01-23-21,Grainger,2184,10,1686,3,498,7,1889,3,12050,43,13939,46,0,39,2,143,8,2002,1,60,46
01-23-21,Greene,6801,37,5415,19,1386,18,6020,23,38266,320,44286,343,0,115,7,399,30,6287,0,166,124
01-23-21,Grundy,1472,1,1276,1,196,0,1474,2,6746,56,8220,58,0,22,-4,47,5,1403,0,53,25
01-23-21,Hamblen,7240,45,5414,13,1826,32,6059,20,40642,125,46701,145,0,117,-6,348,51,6775,1,228,148
01-23-21,Hamilton,35694,240,31581,192,4113,48,35410,229,269502,1594,304912,1823,0,337,11,1004,229,34353,3,981,394
01-23-21,Hancock,443,4,326,2,117,2,348,2,3459,17,3807,19,0,7,4,39,0,397,0,17,10
01-23-21,Hardeman,3214,15,2655,6,559,9,3107,6,22385,67,25492,73,0,54,10,114,5,3046,0,95,57
01-23-21,Hardin,3154,20,2184,9,970,11,2610,10,20797,101,23407,111,0,50,17,156,3,2948,1,57,57
01-23-21,Hawkins,4581,31,3845,22,736,9,4134,25,27144,329,31278,354,0,72,1,286,30,4223,0,125,81
01-23-21,Haywood,2517,11,2118,4,399,7,2402,6,12267,33,14669,39,0,47,2,103,9,2367,0,74,55
01-23-21,Henderson,3425,15,2422,10,1003,5,3046,13,14865,34,17911,47,0,59,5,123,10,3243,1,73,66
01-23-21,Henry,2784,17,2200,6,584,11,2544,9,16182,50,18726,59,0,58,9,126,8,2600,0,73,65
01-23-21,Hickman,2446,15,2039,9,407,6,2361,9,14165,95,16526,104,0,35,11,93,4,2318,1,49,38
01-23-21,Houston,975,4,743,3,232,1,846,5,8167,29,9013,34,0,24,-1,11,5,940,0,38,29
01-23-21,Humphreys,1393,5,956,2,437,3,1119,3,10216,44,11335,47,0,17,-6,43,11,1333,0,27,18
01-23-21,Jackson,1163,5,921,5,242,0,1078,7,4828,11,5906,18,0,23,4,45,1,1095,1,35,28
01-23-21,Jefferson,5075,38,3638,17,1437,21,4096,19,31932,223,36028,242,0,78,11,375,27,4622,1,152,95
01-23-21,Johnson,2034,2,1858,2,176,0,1977,5,12376,65,14353,70,0,34,-6,102,8,1898,1,56,35
01-23-21,Knox,40983,306,35776,219,5207,87,39023,228,269005,1519,308028,1747,7,439,60,2251,239,38293,7,1148,480
01-23-21,Lake,1587,0,1414,0,173,0,1664,1,9019,24,10683,25,0,21,-4,58,4,1508,0,24,23
01-23-21,Lauderdale,2950,8,2317,7,633,1,2650,9,18494,79,21144,88,1,34,1,123,6,2793,0,79,36
01-23-21,Lawrence,5198,37,4126,36,1072,1,4544,38,24987,203,29531,241,0,69,16,283,21,4846,0,126,74
01-23-21,Lewis,1321,8,1089,5,232,3,1180,6,9100,32,10280,38,0,21,4,66,4,1234,0,38,22
01-23-21,Lincoln,3867,15,3049,8,818,7,3465,11,15315,52,18780,63,0,46,4,195,11,3626,0,75,51
01-23-21,Loudon,5007,29,4113,15,894,14,4479,15,27123,144,31602,159,1,51,1,247,27,4709,1,109,53
01-23-21,Macon,3129,7,2528,5,601,2,2963,5,13582,49,16545,54,0,51,-1,127,8,2951,1,111,67
01-23-21,Madison,9427,58,5312,19,4115,39,6501,24,48566,287,55067,311,0,183,28,-250,30,9494,0,317,208
01-23-21,Marion,2660,13,2318,11,342,2,2597,15,15272,125,17869,140,0,32,-6,172,19,2456,0,100,43
01-23-21,Marshall,3564,25,2973,13,591,12,3347,20,20448,100,23795,120,0,38,10,298,15,3228,0,79,44
01-23-21,Maury,11212,91,10201,72,1011,19,11267,92,63258,471,74525,563,3,131,10,596,78,10485,2,256,144
01-23-21,McMinn,5311,38,4827,31,484,7,5320,37,35530,313,40850,350,0,74,12,277,26,4960,2,131,80
01-23-21,McNairy,2458,22,1743,9,715,13,2152,10,15621,234,17773,244,0,42,12,90,10,2326,0,57,48
01-23-21,Meigs,1157,15,1065,14,92,1,1184,14,6638,74,7822,88,0,16,3,83,12,1058,2,37,18
01-23-21,Monroe,4747,35,3915,20,832,15,4393,30,22943,155,27336,185,0,63,21,318,14,4366,0,130,79
01-23-21,Montgomery,15410,159,11672,88,3738,71,12831,105,93339,833,106170,938,0,149,5,1286,154,13975,1,272,183
01-23-21,Moore,877,5,693,3,184,2,784,4,4298,22,5082,26,0,9,3,56,2,812,0,14,13
01-23-21,Morgan,2115,19,1620,16,495,3,1737,29,13494,50,15231,79,0,16,13,160,6,1939,1,30,26
01-23-21,Obion,4185,15,3134,10,1051,5,3548,11,19502,125,23050,136,0,82,2,138,13,3965,1,95,87
01-23-21,Out of State,14749,102,11883,75,2866,27,13341,101,526746,2375,540087,2476,1,83,60,706,41,13960,0,170,74
01-23-21,Overton,2703,9,2066,5,637,4,2432,6,13233,52,15665,58,0,46,-2,156,11,2501,0,60,54
01-23-21,Pending,13585,102,9017,56,4568,46,9989,69,339064,1886,349053,1955,0,134,-3,802,105,12649,0,120,111
01-23-21,Perry,976,4,853,3,123,1,953,4,5589,19,6542,23,0,25,1,12,3,939,0,27,25
01-23-21,Pickett,703,2,472,2,231,0,565,4,3102,33,3667,37,0,20,-1,42,3,641,0,28,21
01-23-21,Polk,1480,18,1368,16,112,2,1524,15,7666,56,9190,71,0,17,4,105,14,1358,0,53,20
01-23-21,Putnam,9904,32,8304,27,1600,5,9953,31,61808,248,71761,279,1,152,-2,406,33,9346,2,191,158
01-23-21,Rhea,3815,15,3373,9,442,6,3785,10,22583,83,26368,93,0,57,-6,171,21,3587,0,77,66
01-23-21,Roane,5274,33,4235,21,1039,12,4691,27,36794,198,41485,225,0,81,4,218,29,4975,3,130,87
01-23-21,Robertson,8148,43,6698,21,1450,22,7569,30,37196,237,44765,267,0,87,3,481,40,7580,0,374,105
01-23-21,Rutherford,34545,211,30884,162,3661,49,36069,195,193617,1175,229686,1370,1,295,47,1520,163,32730,2,525,329
01-23-21,Scott,2595,17,1549,4,1046,13,1650,4,10040,30,11690,34,0,32,13,156,4,2407,1,59,38
01-23-21,Sequatchie,1374,8,1148,4,226,4,1250,4,10557,27,11807,31,0,19,-2,78,10,1277,0,32,24
01-23-21,Sevier,10822,87,9770,72,1052,15,10721,89,55778,407,66499,496,1,121,40,487,46,10214,4,240,143
01-23-21,Shelby,79865,664,75262,583,4603,81,92425,854,772730,7467,865155,8321,4,1172,266,3795,394,74898,18,3158,1357
01-23-21,Smith,2399,9,1882,4,517,5,2371,6,11798,147,14169,153,0,30,2,88,7,2281,0,57,33
01-23-21,Stewart,1140,24,873,13,267,11,985,15,6010,49,6995,64,0,20,19,81,5,1039,0,23,23
01-23-21,Sullivan,13034,47,11477,39,1557,8,12394,45,71382,411,83776,456,2,220,-11,565,56,12249,2,659,247
01-23-21,Sumner,19381,106,17917,81,1464,25,20270,109,101335,673,121605,782,0,232,15,988,91,18161,1,661,281
01-23-21,Tipton,6415,34,4631,16,1784,18,5590,22,40395,251,45985,273,0,69,7,330,27,6016,1,139,90
01-23-21,Trousdale,2322,4,2217,4,105,0,2374,4,8030,36,10404,40,0,15,1,34,3,2273,0,36,21
01-23-21,Unicoi,1686,2,1341,1,345,1,1474,2,11510,29,12984,31,0,45,-2,99,4,1542,0,60,46
01-23-21,Union,1512,10,1304,6,208,4,1410,8,9093,31,10503,39,0,25,7,79,3,1408,1,51,25
01-23-21,Van Buren,757,0,643,0,114,0,708,0,4601,16,5309,16,1,8,-6,46,5,703,0,17,12
01-23-21,Warren,5012,28,4343,25,669,3,4913,31,28215,152,33128,183,1,55,13,237,14,4720,2,77,66
01-23-21,Washington,11902,52,10361,33,1541,19,11407,37,68675,458,80082,495,1,204,9,551,42,11147,1,304,213
01-23-21,Wayne,2732,12,2272,6,460,6,2484,9,10210,59,12694,68,0,24,7,124,5,2584,0,51,28
01-23-21,Weakley,3565,16,2710,7,855,9,3098,10,19375,122,22473,132,0,48,4,93,12,3424,1,56,53
01-23-21,White,3132,12,2647,10,485,2,3248,11,20144,87,23392,98,2,46,1,150,9,2936,0,98,58
01-23-21,Williamson,22245,185,19587,144,2658,41,21803,156,152235,976,174038,1132,0,144,53,1170,132,20931,0,261,179
01-23-21,Wilson,14882,82,13741,67,1141,15,15690,83,84691,470,100381,553,0,164,6,649,76,14069,1,305,188
01-22-21,Anderson,7128,37,5618,18,1510,19,6266,20,53671,146,59937,166,2,114,-18,420,53,6594,0,178,136
01-22-21,Bedford,5413,11,4410,5,1003,6,5092,8,26854,106,31946,114,1,91,-15,253,25,5069,1,111,107
01-22-21,Benton,1403,4,1168,4,235,0,1291,5,8117,46,9408,51,0,35,-5,62,9,1306,0,35,37
01-22-21,Bledsoe,1803,7,1690,7,113,0,1788,6,13115,14,14903,20,0,11,-4,40,11,1752,1,29,10
01-22-21,Blount,12775,20,11356,10,1419,10,12487,13,61619,247,74106,260,1,132,-83,679,102,11964,1,284,157
01-22-21,Bradley,11216,48,9683,33,1533,15,10974,37,53693,180,64667,217,1,95,-55,540,102,10581,2,454,122
01-22-21,Campbell,3412,16,2051,10,1361,6,2295,8,22689,58,24984,66,0,40,-11,217,27,3155,0,102,50
01-22-21,Cannon,1620,8,1352,8,268,0,1507,8,7943,35,9450,43,0,20,0,93,8,1507,1,31,24
01-22-21,Carroll,3221,18,2173,9,1048,9,2577,9,17841,50,20418,59,0,60,1,180,17,2981,0,75,75
01-22-21,Carter,5464,15,4818,12,646,3,5269,12,31421,75,36690,87,0,115,-16,238,31,5111,0,200,140
01-22-21,Cheatham,3496,7,2830,5,666,2,3201,7,22973,130,26174,137,0,31,-18,183,25,3282,0,72,38
01-22-21,Chester,1832,4,1334,3,498,1,1597,4,9884,42,11481,46,0,39,-10,69,14,1724,0,38,43
01-22-21,Claiborne,2251,22,1516,6,735,16,1605,4,19816,83,21421,87,2,32,-5,278,25,1941,1,80,46
01-22-21,Clay,1000,4,698,4,302,0,799,4,5009,10,5808,14,0,26,2,50,2,924,0,22,28
01-22-21,Cocke,3577,14,2554,7,1023,7,2813,9,17955,65,20768,74,1,58,-9,165,22,3354,2,98,84
01-22-21,Coffee,5753,13,4220,8,1533,5,5192,17,39407,211,44599,228,0,82,-21,286,34,5385,0,104,101
01-22-21,Crockett,1868,6,1145,4,723,2,1333,4,6555,33,7888,37,0,38,2,43,4,1787,0,29,44
01-22-21,Cumberland,5694,37,4848,28,846,9,5553,31,43141,147,48694,178,1,76,-6,376,42,5242,0,135,105
01-22-21,Davidson,73997,306,70749,276,3248,30,85885,319,758271,3108,844156,3427,9,688,-300,3987,597,69322,3,1786,741
01-22-21,Decatur,1479,3,1120,1,359,2,1334,0,10355,14,11689,14,0,28,-5,38,8,1413,0,36,32
01-22-21,Dekalb,2441,3,1861,2,580,1,2153,3,15018,62,17171,65,0,42,-4,73,7,2326,0,50,44
01-22-21,Dickson,5541,16,4178,14,1363,2,4968,15,30034,98,35002,113,2,82,-23,72,37,5387,0,109,92
01-22-21,Dyer,4926,11,3328,7,1598,4,3743,10,19610,71,23353,81,-1,86,-19,242,31,4598,0,100,92
01-22-21,Fayette,4272,31,3778,28,494,3,4627,27,31617,114,36244,141,0,51,3,296,28,3925,1,112,60
01-22-21,Fentress,2194,12,1924,11,270,1,2197,12,10336,43,12533,55,1,34,3,99,8,2061,1,54,42
01-22-21,Franklin,4246,7,3633,4,613,3,4261,5,29493,134,33754,139,0,65,-20,195,27,3986,0,96,76
01-22-21,Gibson,5785,6,3567,3,2218,3,4319,5,26232,100,30551,105,0,114,-37,253,43,5418,0,95,126
01-22-21,Giles,3382,6,2904,4,478,2,3334,12,19746,35,23080,47,0,74,-15,212,21,3096,0,105,83
01-22-21,Grainger,2174,15,1683,14,491,1,1886,17,12007,56,13893,73,1,39,-1,141,15,1994,0,59,45
01-22-21,Greene,6764,27,5396,16,1368,11,5997,16,37946,187,43943,203,0,115,-20,392,47,6257,1,166,124
01-22-21,Grundy,1471,5,1275,3,196,2,1472,3,6690,24,8162,27,0,22,0,51,5,1398,0,53,25
01-22-21,Hamblen,7195,34,5401,18,1794,16,6039,20,40517,137,46556,157,2,117,-4,354,36,6724,1,227,148
01-22-21,Hamilton,35454,188,31389,149,4065,39,35181,166,267908,1057,303089,1223,2,337,-71,993,257,34124,7,978,391
01-22-21,Hancock,439,0,324,0,115,0,346,0,3442,25,3788,25,0,7,-4,35,4,397,0,17,10
01-22-21,Hardeman,3199,6,2649,4,550,2,3101,4,22318,115,25419,119,0,54,-8,104,14,3041,0,95,56
01-22-21,Hardin,3134,11,2175,7,959,4,2600,7,20696,120,23296,127,2,50,-11,139,20,2945,0,56,57
01-22-21,Hawkins,4550,20,3823,16,727,4,4109,18,26815,120,30924,138,0,72,-13,285,33,4193,1,125,81
01-22-21,Haywood,2506,10,2114,8,392,2,2396,9,12234,97,14630,106,0,47,-6,101,16,2358,0,74,55
01-22-21,Henderson,3410,5,2412,4,998,1,3033,4,14831,22,17864,26,0,59,-22,118,27,3233,0,72,66
01-22-21,Henry,2767,16,2194,5,573,11,2535,6,16132,51,18667,57,0,58,-15,117,31,2592,0,73,64
01-22-21,Hickman,2431,6,2030,4,401,2,2352,5,14070,50,16422,55,1,35,-11,82,16,2314,0,48,38
01-22-21,Houston,971,0,740,0,231,0,841,0,8138,15,8979,15,2,24,-8,12,6,935,0,38,29
01-22-21,Humphreys,1388,3,954,1,434,2,1116,3,10172,55,11288,58,0,17,-7,49,10,1322,0,27,18
01-22-21,Jackson,1158,2,916,2,242,0,1071,2,4817,23,5888,25,0,23,2,41,0,1094,0,34,28
01-22-21,Jefferson,5037,18,3621,12,1416,6,4077,15,31709,109,35786,124,0,78,-31,364,49,4595,0,151,94
01-22-21,Johnson,2032,5,1856,3,176,2,1972,4,12311,34,14283,38,1,34,3,108,1,1890,0,55,35
01-22-21,Knox,40677,177,35557,142,5120,35,38795,178,267486,1183,306281,1361,3,432,-153,2191,327,38054,7,1141,477
01-22-21,Lake,1587,6,1414,1,173,5,1663,0,8995,5,10658,5,0,21,-2,62,8,1504,2,24,23
01-22-21,Lauderdale,2942,15,2310,15,632,0,2641,15,18415,59,21056,74,2,33,-3,122,16,2787,0,79,35
01-22-21,Lawrence,5161,17,4090,5,1071,12,4506,6,24784,46,29290,52,0,69,-19,267,36,4825,0,126,72
01-22-21,Lewis,1313,2,1084,0,229,2,1174,0,9068,13,10242,13,0,21,-3,62,5,1230,0,38,22
01-22-21,Lincoln,3852,16,3041,11,811,5,3454,12,15263,52,18717,64,2,46,-4,191,18,3615,1,75,50
01-22-21,Loudon,4978,18,4098,15,880,3,4464,20,26979,81,31443,101,0,50,-19,246,37,4682,1,108,53
01-22-21,Macon,3122,8,2523,6,599,2,2958,7,13533,31,16491,38,0,51,-7,128,15,2943,0,110,66
01-22-21,Madison,9369,15,5293,13,4076,2,6477,12,48279,117,54756,129,1,183,-58,-278,72,9464,0,317,204
01-22-21,Marion,2647,12,2307,9,340,3,2582,8,15147,40,17729,48,1,32,-15,178,26,2437,0,100,43
01-22-21,Marshall,3539,19,2960,10,579,9,3327,13,20348,65,23675,78,0,38,-10,288,29,3213,2,79,43
01-22-21,Maury,11121,25,10129,17,992,8,11175,15,62787,119,73962,134,1,128,-76,586,100,10407,0,254,141
01-22-21,McMinn,5273,27,4796,23,477,4,5283,22,35217,116,40500,138,0,74,-20,265,47,4934,0,129,80
01-22-21,McNairy,2436,12,1734,7,702,5,2142,8,15387,44,17529,52,0,42,-8,78,20,2316,1,57,47
01-22-21,Meigs,1142,4,1051,2,91,2,1170,5,6564,37,7734,42,0,16,-5,80,9,1046,0,35,18
01-22-21,Monroe,4712,25,3895,14,817,11,4363,22,22788,84,27151,106,0,63,-6,297,31,4352,1,130,79
01-22-21,Montgomery,15251,43,11584,23,3667,20,12726,23,92506,228,105232,251,0,149,-147,1281,190,13821,0,271,180
01-22-21,Moore,872,1,690,0,182,1,780,0,4276,9,5056,9,0,9,-3,53,4,810,0,14,11
01-22-21,Morgan,2096,9,1604,3,492,6,1708,3,13444,26,15152,29,0,16,-10,147,19,1933,0,29,26
01-22-21,Obion,4170,12,3124,7,1046,5,3537,9,19377,94,22914,103,0,82,-4,136,16,3952,0,94,86
01-22-21,Out of State,14647,65,11808,56,2839,9,13240,67,524371,1649,537611,1716,4,82,-45,646,106,13919,0,170,73
01-22-21,Overton,2694,6,2061,6,633,0,2426,7,13181,34,15607,41,0,46,-11,158,17,2490,0,60,54
01-22-21,Pending,13483,58,8961,32,4522,26,9920,37,337178,1052,347098,1089,5,134,-96,805,149,12544,1,120,110
01-22-21,Perry,972,0,850,0,122,0,949,0,5570,13,6519,13,0,25,-2,11,2,936,0,27,25
01-22-21,Pickett,701,0,470,0,231,0,561,0,3069,2,3630,2,0,20,-4,43,4,638,0,28,21
01-22-21,Polk,1462,8,1352,6,110,2,1509,6,7610,28,9119,34,0,17,-7,101,15,1344,0,53,20
01-22-21,Putnam,9872,37,8277,32,1595,5,9922,45,61560,273,71482,318,2,151,-14,408,49,9313,0,189,158
01-22-21,Rhea,3800,14,3364,11,436,3,3775,14,22500,78,26275,92,1,57,-24,177,37,3566,0,77,66
01-22-21,Roane,5241,14,4214,9,1027,5,4664,13,36596,76,41260,89,2,81,-23,214,35,4946,1,127,86
01-22-21,Robertson,8105,61,6677,37,1428,24,7539,36,36959,147,44498,183,1,87,-1,478,61,7540,3,374,105
01-22-21,Rutherford,34334,121,30722,85,3612,36,35874,97,192442,673,228316,770,0,294,-165,1473,286,32567,4,523,325
01-22-21,Scott,2578,10,1545,3,1033,7,1646,3,10010,27,11656,30,1,32,-1,143,10,2403,0,58,36
01-22-21,Sequatchie,1366,8,1144,5,222,3,1246,5,10530,26,11776,31,1,19,2,80,5,1267,0,32,24
01-22-21,Sevier,10735,40,9698,27,1037,13,10632,37,55371,155,66003,192,4,120,-25,447,61,10168,0,236,143
01-22-21,Shelby,79201,212,74679,196,4522,16,91571,241,765263,2326,856834,2567,12,1168,-336,3529,536,74504,1,3140,1349
01-22-21,Smith,2390,4,1878,3,512,1,2365,7,11651,36,14016,43,2,30,-4,86,6,2274,0,57,32
01-22-21,Stewart,1116,21,860,6,256,15,970,6,5961,60,6931,66,0,20,12,62,9,1034,0,23,23
01-22-21,Sullivan,12987,39,11438,28,1549,11,12349,35,70971,372,83320,407,2,218,-58,576,95,12193,1,657,247
01-22-21,Sumner,19275,87,17836,66,1439,21,20161,63,100662,356,120823,419,0,232,-10,973,97,18070,0,660,281
01-22-21,Tipton,6381,17,4615,9,1766,8,5568,15,40144,144,45712,159,1,69,-32,323,48,5989,0,138,88
01-22-21,Trousdale,2318,4,2213,4,105,0,2370,4,7994,18,10364,22,1,15,-4,33,7,2270,0,36,21
01-22-21,Unicoi,1684,7,1340,5,344,2,1472,5,11481,38,12953,43,0,45,-1,101,8,1538,0,60,46
01-22-21,Union,1502,15,1298,14,204,1,1402,15,9062,58,10464,73,0,25,8,72,7,1405,0,50,25
01-22-21,Van Buren,757,0,643,0,114,0,708,0,4585,20,5293,20,0,7,-2,52,2,698,0,17,12
01-22-21,Warren,4984,41,4318,41,666,0,4882,45,28063,136,32945,181,0,54,19,224,22,4706,0,75,66
01-22-21,Washington,11850,38,10328,28,1522,10,11370,30,68217,354,79587,384,4,203,-42,542,76,11105,0,303,213
01-22-21,Wayne,2720,17,2266,11,454,6,2475,13,10151,40,12626,53,3,24,7,117,7,2579,0,51,28
01-22-21,Weakley,3549,11,2703,5,846,6,3088,11,19253,95,22341,106,0,48,-15,89,26,3412,0,55,53
01-22-21,White,3120,14,2637,14,483,0,3237,16,20057,84,23294,100,0,44,0,149,14,2927,1,98,57
01-22-21,Williamson,22060,99,19443,72,2617,27,21647,80,151259,484,172906,564,2,144,-96,1117,193,20799,1,261,179
01-22-21,Wilson,14800,40,13674,34,1126,6,15607,36,84221,285,99828,321,4,164,-70,643,106,13993,0,304,188
01-21-21,Anderson,7091,56,5600,40,1491,16,6246,37,53525,240,59771,277,5,112,-44,438,95,6541,2,178,133
01-21-21,Bedford,5402,34,4405,32,997,2,5084,40,26748,181,31832,221,0,90,-18,268,52,5044,1,110,105
01-21-21,Benton,1399,13,1164,8,235,5,1286,9,8071,40,9357,49,0,35,1,67,12,1297,0,35,37
01-21-21,Bledsoe,1796,13,1683,13,113,0,1782,12,13101,43,14883,55,0,11,-7,44,20,1741,0,28,10
01-21-21,Blount,12755,89,11346,56,1409,33,12474,65,61372,244,73846,309,4,131,-24,762,109,11862,6,283,156
01-21-21,Bradley,11168,94,9650,77,1518,17,10937,83,53513,266,64450,349,0,94,-35,595,129,10479,2,452,121
01-21-21,Campbell,3396,38,2041,12,1355,26,2287,13,22631,53,24918,66,0,40,5,228,33,3128,0,102,50
01-21-21,Cannon,1612,12,1344,10,268,2,1499,11,7908,31,9407,42,0,20,-1,93,13,1499,1,30,24
01-21-21,Carroll,3203,15,2164,6,1039,9,2568,14,17791,59,20359,73,1,60,-11,179,25,2964,0,75,73
01-21-21,Carter,5449,19,4806,18,643,1,5257,23,31346,153,36603,176,0,115,-32,254,51,5080,0,200,140
01-21-21,Cheatham,3489,24,2825,15,664,9,3194,16,22843,165,26037,181,1,31,-4,201,27,3257,0,72,37
01-21-21,Chester,1828,13,1331,8,497,5,1593,12,9842,59,11435,71,1,39,1,79,11,1710,2,38,42
01-21-21,Claiborne,2229,45,1510,10,719,35,1601,10,19733,62,21334,72,1,30,19,283,25,1916,5,79,45
01-21-21,Clay,996,6,694,5,302,1,795,6,4999,22,5794,28,0,26,-1,48,7,922,0,22,28
01-21-21,Cocke,3563,28,2547,13,1016,15,2804,15,17890,123,20694,138,0,57,-4,174,32,3332,0,96,83
01-21-21,Coffee,5740,35,4212,19,1528,16,5175,26,39196,158,44371,184,0,82,-13,307,48,5351,3,104,101
01-21-21,Crockett,1862,5,1141,2,721,3,1329,4,6522,30,7851,34,0,38,-3,41,8,1783,0,29,44
01-21-21,Cumberland,5657,49,4820,42,837,7,5522,49,42994,252,48516,301,2,75,-25,382,72,5200,0,135,102
01-21-21,Davidson,73691,442,70473,400,3218,42,85566,486,755163,3478,840729,3964,1,679,-182,4287,623,68725,6,1783,740
01-21-21,Decatur,1476,3,1119,2,357,1,1334,3,10341,27,11675,30,1,28,-8,43,10,1405,0,36,32
01-21-21,Dekalb,2438,17,1859,16,579,1,2150,19,14956,67,17106,86,0,42,-14,77,31,2319,0,50,44
01-21-21,Dickson,5525,63,4164,26,1361,37,4953,30,29936,108,34889,138,1,80,5,95,57,5350,1,109,91
01-21-21,Dyer,4915,29,3321,18,1594,11,3733,19,19539,76,23272,95,4,87,-10,261,35,4567,0,100,91
01-21-21,Fayette,4241,42,3750,32,491,10,4600,37,31503,201,36103,238,0,51,-8,293,50,3897,0,111,60
01-21-21,Fentress,2182,14,1913,14,269,0,2185,18,10293,164,12478,182,0,33,-9,96,23,2053,0,53,42
01-21-21,Franklin,4239,36,3629,29,610,7,4256,34,29359,134,33615,168,2,65,-8,215,42,3959,1,96,76
01-21-21,Gibson,5779,43,3564,25,2215,18,4314,27,26132,100,30446,127,2,114,-5,290,46,5375,1,95,125
01-21-21,Giles,3376,44,2900,35,476,9,3322,39,19711,109,23033,148,1,74,-3,227,46,3075,1,105,82
01-21-21,Grainger,2159,20,1669,11,490,9,1869,14,11951,60,13820,74,1,38,-9,142,28,1979,0,59,45
01-21-21,Greene,6737,32,5380,27,1357,5,5981,31,37759,292,43740,323,7,115,-38,412,63,6210,0,165,123
01-21-21,Grundy,1466,19,1272,17,194,2,1469,18,6666,40,8135,58,1,22,2,51,16,1393,0,53,25
01-21-21,Hamblen,7161,63,5383,37,1778,26,6019,40,40380,182,46399,222,3,115,-20,358,80,6688,3,226,147
01-21-21,Hamilton,35266,216,31240,172,4026,44,35015,185,266851,1161,301866,1346,5,335,-66,1064,277,33867,4,971,387
01-21-21,Hancock,439,6,324,6,115,0,346,7,3417,16,3763,23,1,7,-6,39,11,393,0,17,10
01-21-21,Hardeman,3193,24,2645,22,548,2,3097,26,22203,63,25300,89,2,54,8,112,14,3027,1,95,56
01-21-21,Hardin,3123,27,2168,20,955,7,2593,21,20576,112,23169,133,0,48,-4,150,31,2925,1,56,57
01-21-21,Hawkins,4530,34,3807,28,723,6,4091,28,26695,154,30786,182,2,72,-58,298,90,4160,0,124,81
01-21-21,Haywood,2496,24,2106,22,390,2,2387,24,12137,65,14524,89,2,47,0,107,22,2342,1,74,54
01-21-21,Henderson,3405,12,2408,8,997,4,3029,7,14809,47,17838,54,1,59,-12,140,23,3206,0,72,65
01-21-21,Henry,2751,27,2189,17,562,10,2529,20,16081,60,18610,80,0,58,-9,132,36,2561,0,73,63
01-21-21,Hickman,2425,13,2026,5,399,8,2347,5,14020,57,16367,62,0,34,-20,93,33,2298,0,48,38
01-21-21,Houston,971,4,740,4,231,0,841,4,8123,109,8964,113,0,22,-5,20,9,929,0,38,29
01-21-21,Humphreys,1385,14,953,10,432,4,1113,10,10117,41,11230,51,0,17,6,56,8,1312,0,27,18
01-21-21,Jackson,1156,5,914,3,242,2,1069,4,4794,26,5863,30,0,23,-6,39,11,1094,0,34,28
01-21-21,Jefferson,5019,39,3609,24,1410,15,4062,27,31600,158,35662,185,2,78,-27,395,64,4546,1,151,92
01-21-21,Johnson,2027,12,1853,11,174,1,1968,10,12277,95,14245,105,0,33,-6,105,18,1889,0,55,35
01-21-21,Knox,40500,269,35415,196,5085,73,38617,202,266303,1057,304920,1259,11,429,-126,2344,384,37727,5,1134,469
01-21-21,Lake,1581,9,1413,7,168,2,1663,7,8990,25,10653,32,1,21,4,64,4,1496,1,22,23
01-21-21,Lauderdale,2927,13,2295,12,632,1,2626,13,18356,73,20982,86,0,31,-11,125,24,2771,0,79,35
01-21-21,Lawrence,5144,35,4085,28,1059,7,4500,29,24738,176,29238,205,0,69,-18,286,53,4789,0,126,72
01-21-21,Lewis,1311,10,1084,7,227,3,1174,7,9055,38,10229,45,1,21,1,65,8,1225,1,38,22
01-21-21,Lincoln,3836,30,3030,25,806,5,3442,29,15211,89,18653,118,0,44,-10,195,40,3597,1,74,49
01-21-21,Loudon,4960,23,4083,16,877,7,4444,19,26898,120,31342,139,0,50,-19,265,42,4645,0,107,52
01-21-21,Macon,3114,17,2517,10,597,7,2951,10,13502,37,16453,47,1,51,-8,135,24,2928,0,110,66
01-21-21,Madison,9354,49,5280,27,4074,22,6465,26,48162,162,54627,188,2,182,-6,-220,53,9392,0,317,202
01-21-21,Marion,2635,19,2298,19,337,0,2574,20,15107,109,17681,129,0,31,-13,193,32,2411,1,100,43
01-21-21,Marshall,3520,26,2950,17,570,9,3314,27,20283,96,23597,123,0,38,-24,298,50,3184,0,77,42
01-21-21,Maury,11096,68,10112,59,984,9,11160,71,62668,343,73828,414,2,127,-85,662,151,10307,0,254,141
01-21-21,McMinn,5246,31,4773,28,473,3,5261,31,35101,196,40362,227,1,74,-35,285,65,4887,1,129,80
01-21-21,McNairy,2424,20,1727,17,697,3,2134,19,15343,74,17477,93,0,42,-3,86,23,2296,0,56,47
01-21-21,Meigs,1138,9,1049,8,89,1,1165,7,6527,68,7692,75,0,16,4,85,5,1037,0,35,18
01-21-21,Monroe,4687,24,3881,19,806,5,4341,24,22704,109,27045,133,0,63,-27,303,51,4321,0,129,79
01-21-21,Montgomery,15208,200,11561,89,3647,111,12703,90,92278,479,104981,569,0,149,13,1428,187,13631,1,271,179
01-21-21,Moore,871,9,690,7,181,2,780,10,4267,26,5047,36,0,9,0,56,9,806,0,14,11
01-21-21,Morgan,2087,14,1601,12,486,2,1705,13,13418,53,15123,66,1,16,-2,157,15,1914,0,29,25
01-21-21,Obion,4158,13,3117,9,1041,4,3528,13,19283,80,22811,93,2,82,-10,140,21,3936,0,94,86
01-21-21,Out of State,14582,102,11752,82,2830,20,13173,89,522722,1928,535895,2017,-1,78,-30,691,133,13813,1,170,72
01-21-21,Overton,2688,24,2055,16,633,8,2419,18,13147,67,15566,85,1,46,-9,169,32,2473,1,60,53
01-21-21,Pending,13425,150,8929,82,4496,68,9883,90,336126,1665,346009,1755,3,129,-49,901,196,12395,2,119,109
01-21-21,Perry,972,3,850,2,122,1,949,5,5557,7,6506,12,0,25,-9,13,12,934,0,27,25
01-21-21,Pickett,701,3,470,2,231,1,561,2,3067,29,3628,31,0,20,0,47,3,634,0,28,21
01-21-21,Polk,1454,17,1346,16,108,1,1503,17,7582,45,9085,62,0,17,-2,108,19,1329,0,53,20
01-21-21,Putnam,9835,84,8245,69,1590,15,9877,82,61287,373,71164,455,1,149,-20,422,103,9264,0,189,158
01-21-21,Rhea,3786,29,3353,21,433,8,3761,22,22422,151,26183,173,0,56,-14,201,43,3529,0,77,66
01-21-21,Roane,5227,30,4205,23,1022,7,4651,25,36520,150,41171,175,0,79,-19,237,49,4911,1,126,86
01-21-21,Robertson,8044,45,6640,31,1404,14,7503,34,36812,181,44315,215,1,86,-25,479,69,7479,1,371,104
01-21-21,Rutherford,34213,214,30637,149,3576,65,35777,156,191769,1015,227546,1171,6,294,-192,1638,400,32281,3,519,323
01-21-21,Scott,2568,18,1542,4,1026,14,1643,7,9983,47,11626,54,0,31,4,144,14,2393,0,58,36
01-21-21,Sequatchie,1358,18,1139,16,219,2,1241,17,10504,59,11745,76,0,18,-5,78,23,1262,0,32,24
01-21-21,Sevier,10695,83,9671,58,1024,25,10595,70,55216,272,65811,342,6,116,-57,472,134,10107,0,236,142
01-21-21,Shelby,78989,488,74483,428,4506,60,91330,480,762937,5446,854267,5926,14,1156,-104,3865,578,73968,8,3139,1339
01-21-21,Smith,2386,13,1875,9,511,4,2358,10,11615,50,13973,60,0,28,-5,90,18,2268,0,57,32
01-21-21,Stewart,1095,6,854,5,241,1,964,7,5901,30,6865,37,0,20,-5,50,11,1025,0,23,23
01-21-21,Sullivan,12948,74,11410,63,1538,11,12314,70,70599,395,82913,465,4,216,-21,634,91,12098,3,656,247
01-21-21,Sumner,19188,107,17770,85,1418,22,20098,101,100306,386,120404,487,0,232,-85,983,192,17973,3,660,279
01-21-21,Tipton,6364,40,4606,30,1758,10,5553,32,40000,232,45553,264,3,68,-4,355,41,5941,1,138,88
01-21-21,Trousdale,2314,7,2209,4,105,3,2366,4,7976,29,10342,33,0,14,-7,37,14,2263,1,36,21
01-21-21,Unicoi,1677,7,1335,5,342,2,1467,6,11443,46,12910,52,1,45,-10,102,16,1530,0,60,45
01-21-21,Union,1487,23,1284,20,203,3,1387,21,9004,34,10391,55,2,25,10,64,11,1398,0,50,25
01-21-21,Van Buren,757,3,643,1,114,2,708,2,4565,11,5273,13,0,7,-9,54,12,696,0,17,12
01-21-21,Warren,4943,13,4277,6,666,7,4837,9,27927,89,32764,98,1,54,-28,205,40,4684,0,75,66
01-21-21,Washington,11812,45,10300,35,1512,10,11340,46,67863,390,79203,436,6,199,-63,584,102,11029,0,303,212
01-21-21,Wayne,2703,21,2255,18,448,3,2462,19,10111,44,12573,63,1,21,8,110,12,2572,0,51,27
01-21-21,Weakley,3538,16,2698,7,840,9,3077,4,19158,59,22235,63,0,48,-10,104,26,3386,1,55,51
01-21-21,White,3106,23,2623,22,483,1,3221,28,19973,113,23194,141,1,44,12,149,10,2913,0,97,56
01-21-21,Williamson,21961,140,19371,105,2590,35,21567,115,150775,715,172342,830,1,142,-44,1213,183,20606,1,260,178
01-21-21,Wilson,14760,64,13640,53,1120,11,15571,54,83936,312,99507,366,1,160,-74,713,137,13887,1,304,187
01-20-21,Anderson,7035,28,5560,16,1475,12,6209,20,53285,158,59494,178,3,107,-28,482,53,6446,0,176,132
01-20-21,Bedford,5368,16,4373,9,995,7,5044,10,26567,48,31611,58,1,90,-14,286,29,4992,0,109,101
01-20-21,Benton,1386,2,1156,1,230,1,1277,1,8031,10,9308,11,0,35,-8,66,10,1285,0,35,37
01-20-21,Bledsoe,1783,4,1670,2,113,2,1770,3,13058,17,14828,20,1,11,-5,51,8,1721,0,28,10
01-20-21,Blount,12666,57,11290,40,1376,17,12409,39,61128,88,73537,127,1,127,-47,786,103,11753,0,277,155
01-20-21,Bradley,11074,55,9573,45,1501,10,10854,46,53247,171,64101,217,3,94,-48,630,100,10350,2,450,120
01-20-21,Campbell,3358,25,2029,2,1329,23,2274,4,22578,24,24852,28,0,40,-2,223,27,3095,2,102,50
01-20-21,Cannon,1600,2,1334,2,266,0,1488,3,7877,14,9365,17,1,20,-7,94,8,1486,0,29,24
01-20-21,Carroll,3188,11,2158,4,1030,7,2554,5,17732,29,20286,34,0,59,-14,190,25,2939,0,75,73
01-20-21,Carter,5430,18,4788,15,642,3,5234,19,31193,79,36427,98,1,115,-19,286,36,5029,1,200,139
01-20-21,Cheatham,3465,25,2810,16,655,9,3178,18,22678,71,25856,89,0,30,1,205,24,3230,0,72,36
01-20-21,Chester,1815,7,1323,4,492,3,1581,6,9783,77,11364,83,1,38,-7,78,13,1699,0,36,42
01-20-21,Claiborne,2184,19,1500,6,684,13,1591,8,19671,92,21262,100,0,29,3,264,16,1891,1,74,44
01-20-21,Clay,990,1,689,0,301,1,789,1,4977,5,5766,6,0,26,-3,49,4,915,0,22,28
01-20-21,Cocke,3535,17,2534,8,1001,9,2789,9,17767,29,20556,38,1,57,-11,178,27,3300,1,96,81
01-20-21,Coffee,5705,23,4193,14,1512,9,5149,16,39038,73,44187,89,0,82,-19,320,42,5303,1,101,100
01-20-21,Crockett,1857,7,1139,1,718,6,1325,1,6492,17,7817,18,0,38,1,44,6,1775,0,29,44
01-20-21,Cumberland,5608,14,4778,11,830,3,5473,11,42742,66,48215,77,0,73,-31,407,45,5128,2,135,99
01-20-21,Davidson,73249,474,70073,405,3176,69,85080,541,751685,3032,836765,3573,6,678,-241,4469,709,68102,0,1777,733
01-20-21,Decatur,1473,3,1117,2,356,1,1331,2,10314,16,11645,18,1,27,-3,51,5,1395,0,36,32
01-20-21,Dekalb,2421,8,1843,6,578,2,2131,6,14889,16,17020,22,1,42,-5,91,12,2288,0,50,44
01-20-21,Dickson,5462,27,4138,8,1324,19,4923,11,29828,72,34751,83,0,79,-22,90,49,5293,0,108,90
01-20-21,Dyer,4886,15,3303,7,1583,8,3714,9,19463,29,23177,38,1,83,-16,271,30,4532,0,100,90
01-20-21,Fayette,4199,18,3718,13,481,5,4563,17,31302,127,35865,144,0,51,-19,301,37,3847,0,111,59
01-20-21,Fentress,2168,3,1899,3,269,0,2167,4,10129,17,12296,21,2,33,-7,105,8,2030,1,53,41
01-20-21,Franklin,4203,18,3600,15,603,3,4222,16,29225,63,33447,79,1,63,-10,223,27,3917,0,95,75
01-20-21,Gibson,5736,19,3539,10,2197,9,4287,11,26032,63,30319,74,1,112,-17,295,35,5329,0,94,123
01-20-21,Giles,3332,19,2865,7,467,12,3283,8,19602,55,22885,63,1,73,-15,230,33,3029,0,104,79
01-20-21,Grainger,2139,9,1658,4,481,5,1855,6,11891,15,13746,21,1,37,0,151,8,1951,0,59,44
01-20-21,Greene,6705,20,5353,15,1352,5,5950,16,37467,88,43417,104,0,108,-32,450,52,6147,0,165,123
01-20-21,Grundy,1447,2,1255,2,192,0,1451,2,6626,47,8077,49,0,21,-6,49,8,1377,0,53,25
01-20-21,Hamblen,7098,20,5346,5,1752,15,5979,6,40198,40,46177,46,3,112,-60,378,77,6608,0,223,146
01-20-21,Hamilton,35050,197,31068,159,3982,38,34830,182,265690,934,300520,1116,1,330,-176,1130,372,33590,6,967,384
01-20-21,Hancock,433,4,318,2,115,2,339,2,3401,4,3740,6,0,6,2,45,2,382,0,17,10
01-20-21,Hardeman,3169,7,2623,3,546,4,3071,3,22140,68,25211,71,0,52,-15,104,22,3013,0,94,56
01-20-21,Hardin,3096,18,2148,6,948,12,2572,7,20464,33,23036,40,1,48,0,154,17,2894,0,55,56
01-20-21,Hawkins,4496,20,3779,12,717,8,4063,10,26541,103,30604,113,0,70,-20,356,40,4070,0,124,81
01-20-21,Haywood,2472,4,2084,2,388,2,2363,1,12072,25,14435,26,0,45,-5,107,9,2320,0,73,54
01-20-21,Henderson,3393,7,2400,1,993,6,3022,1,14762,18,17784,19,1,58,-9,152,15,3183,0,72,65
01-20-21,Henry,2724,16,2172,10,552,6,2509,10,16021,26,18530,36,0,58,3,141,13,2525,0,73,63
01-20-21,Hickman,2412,4,2021,3,391,1,2342,5,13963,33,16305,38,0,34,-13,113,17,2265,0,48,38
01-20-21,Houston,967,0,736,0,231,0,837,1,8014,82,8851,83,0,22,-4,25,4,920,0,38,29
01-20-21,Humphreys,1371,9,943,5,428,4,1103,7,10076,22,11179,29,0,17,-3,50,12,1304,0,27,18
01-20-21,Jackson,1151,2,911,0,240,2,1065,0,4768,13,5833,13,1,23,-3,45,4,1083,0,34,28
01-20-21,Jefferson,4980,25,3585,10,1395,15,4035,8,31442,157,35477,165,1,76,-18,422,42,4482,0,150,86
01-20-21,Johnson,2015,2,1842,1,173,1,1958,1,12182,44,14140,45,1,33,-3,111,4,1871,0,55,34
01-20-21,Knox,40231,192,35219,131,5012,61,38415,130,265246,729,303661,859,10,418,-155,2470,337,37343,8,1129,464
01-20-21,Lake,1572,7,1406,7,166,0,1656,7,8965,36,10621,43,1,20,0,60,6,1492,0,21,23
01-20-21,Lauderdale,2914,6,2283,3,631,3,2613,3,18283,25,20896,28,0,31,-9,136,15,2747,0,79,34
01-20-21,Lawrence,5109,10,4057,7,1052,3,4471,8,24562,69,29033,77,0,69,-21,304,31,4736,0,126,71
01-20-21,Lewis,1301,4,1077,2,224,2,1167,2,9017,9,10184,11,0,20,-5,64,9,1217,0,37,22
01-20-21,Lincoln,3806,18,3005,16,801,2,3413,16,15122,47,18535,63,0,44,-3,205,21,3557,0,73,49
01-20-21,Loudon,4937,10,4067,5,870,5,4425,5,26778,72,31203,77,0,50,-39,284,49,4603,0,107,51
01-20-21,Macon,3097,17,2507,9,590,8,2941,9,13465,51,16406,60,0,50,5,143,12,2904,0,110,64
01-20-21,Madison,9305,29,5253,18,4052,11,6439,18,48000,246,54439,264,1,180,-26,-214,54,9339,0,317,201
01-20-21,Marion,2616,11,2279,6,337,5,2554,6,14998,120,17552,126,0,31,-27,206,38,2379,0,99,43
01-20-21,Marshall,3494,27,2933,19,561,8,3287,17,20187,67,23474,84,2,38,-4,322,29,3134,0,77,41
01-20-21,Maury,11028,32,10053,21,975,11,11089,21,62325,83,73414,104,2,125,-68,747,98,10156,2,254,138
01-20-21,McMinn,5215,20,4745,13,470,7,5230,13,34905,117,40135,130,0,73,-28,320,48,4822,0,128,80
01-20-21,McNairy,2404,12,1710,6,694,6,2115,6,15269,114,17384,120,0,42,-11,89,23,2273,0,56,47
01-20-21,Meigs,1129,7,1041,4,88,3,1158,4,6459,12,7617,16,0,16,-1,81,8,1032,0,35,18
01-20-21,Monroe,4663,9,3862,3,801,6,4317,3,22595,51,26912,54,1,63,-28,330,36,4270,0,129,78
01-20-21,Montgomery,15008,78,11472,35,3536,43,12613,40,91799,326,104412,366,0,149,-70,1415,148,13444,1,270,179
01-20-21,Moore,862,4,683,3,179,1,770,8,4241,13,5011,21,0,9,-1,56,5,797,0,14,11
01-20-21,Morgan,2073,12,1589,5,484,7,1692,5,13365,20,15057,25,0,15,-18,159,30,1899,0,29,24
01-20-21,Obion,4145,11,3108,10,1037,1,3515,9,19203,43,22718,52,0,80,-10,150,21,3915,0,94,85
01-20-21,Out of State,14480,53,11670,46,2810,7,13084,53,520794,1630,533878,1683,0,79,-84,721,137,13680,1,169,72
01-20-21,Overton,2664,8,2039,4,625,4,2401,5,13080,60,15481,65,2,45,-5,178,11,2441,0,59,53
01-20-21,Pending,13275,65,8847,31,4428,34,9793,32,334461,1019,344254,1051,-1,126,-115,950,181,12199,1,117,108
01-20-21,Perry,969,2,848,2,121,0,944,3,5550,12,6494,15,0,25,-2,22,4,922,0,27,25
01-20-21,Pickett,698,4,468,2,230,2,559,2,3038,11,3597,13,0,20,-1,47,5,631,0,28,21
01-20-21,Polk,1437,5,1330,3,107,2,1486,3,7537,16,9023,19,0,17,-4,110,9,1310,0,53,20
01-20-21,Putnam,9751,28,8176,19,1575,9,9795,19,60914,226,70709,245,8,148,-26,442,46,9161,0,189,158
01-20-21,Rhea,3757,9,3332,8,425,1,3739,7,22271,66,26010,73,0,56,-23,215,32,3486,0,77,65
01-20-21,Roane,5197,27,4182,9,1015,18,4626,11,36370,102,40996,113,0,79,-34,256,61,4862,0,125,84
01-20-21,Robertson,7999,59,6609,26,1390,33,7469,32,36631,126,44100,158,0,85,-21,504,80,7410,0,370,100
01-20-21,Rutherford,33999,156,30488,98,3511,58,35621,128,190754,627,226375,755,1,288,-181,1830,336,31881,2,516,322
01-20-21,Scott,2550,9,1538,3,1012,6,1636,3,9936,29,11572,32,0,31,-7,140,16,2379,1,58,35
01-20-21,Sequatchie,1340,1,1123,1,217,0,1224,2,10445,19,11669,21,0,18,-8,83,9,1239,0,32,24
01-20-21,Sevier,10612,34,9613,26,999,8,10525,28,54944,107,65469,135,2,110,-37,529,69,9973,0,236,139
01-20-21,Shelby,78501,371,74055,284,4446,87,90850,330,757491,2960,848341,3290,14,1142,-355,3969,712,73390,14,3131,1331
01-20-21,Smith,2373,3,1866,1,507,2,2348,2,11565,18,13913,20,1,28,-10,95,12,2250,0,57,31
01-20-21,Stewart,1089,4,849,3,240,1,957,3,5871,9,6828,12,0,20,-4,55,8,1014,1,23,23
01-20-21,Sullivan,12874,61,11347,53,1527,8,12244,59,70204,237,82448,296,1,212,-31,655,91,12007,1,653,242
01-20-21,Sumner,19081,127,17685,70,1396,57,19997,81,99920,430,119917,511,0,232,-24,1068,151,17781,1,657,276
01-20-21,Tipton,6324,29,4576,11,1748,18,5521,11,39768,81,45289,92,0,65,-10,359,39,5900,0,137,85
01-20-21,Trousdale,2307,1,2205,0,102,1,2362,0,7947,10,10309,10,0,14,-6,44,7,2249,0,35,20
01-20-21,Unicoi,1670,6,1330,6,340,0,1461,7,11397,19,12858,26,0,44,-5,112,11,1514,0,60,44
01-20-21,Union,1464,4,1264,1,200,3,1366,0,8970,17,10336,17,0,23,-10,54,14,1387,2,50,25
01-20-21,Van Buren,754,6,642,6,112,0,706,6,4554,23,5260,29,0,7,1,63,5,684,0,17,12
01-20-21,Warren,4930,12,4271,8,659,4,4828,8,27838,33,32666,41,0,53,-14,233,26,4644,0,75,66
01-20-21,Washington,11767,34,10265,26,1502,8,11294,28,67473,164,78767,192,1,193,-57,647,90,10927,1,303,210
01-20-21,Wayne,2682,7,2237,5,445,2,2443,7,10067,16,12510,23,1,20,-11,102,17,2560,0,51,26
01-20-21,Weakley,3522,6,2691,5,831,1,3073,14,19099,33,22172,47,0,48,-8,114,14,3360,0,54,51
01-20-21,White,3083,3,2601,2,482,1,3193,4,19860,37,23053,41,0,43,-10,137,13,2903,0,97,55
01-20-21,Williamson,21821,119,19266,71,2555,48,21452,81,150060,492,171512,573,1,141,-96,1257,214,20423,1,259,178
01-20-21,Wilson,14696,42,13587,30,1109,12,15517,34,83624,339,99141,373,1,159,-85,787,126,13750,3,303,183
01-19-21,Anderson,7007,43,5544,18,1463,25,6189,20,53127,115,59316,135,1,104,-78,510,120,6393,0,176,130
01-19-21,Bedford,5352,27,4364,13,988,14,5034,15,26519,66,31553,81,0,89,-50,300,77,4963,2,109,100
01-19-21,Benton,1384,4,1155,2,229,2,1276,2,8021,11,9297,13,0,35,-8,74,12,1275,0,35,37
01-19-21,Bledsoe,1779,11,1668,5,111,6,1767,6,13041,49,14808,55,0,10,-3,56,14,1713,0,28,10
01-19-21,Blount,12609,93,11250,73,1359,20,12370,85,61040,196,73410,281,1,126,-56,833,148,11650,0,277,152
01-19-21,Bradley,11019,90,9528,57,1491,33,10808,66,53076,207,63884,273,0,91,-13,678,103,10250,4,448,114
01-19-21,Campbell,3333,34,2027,3,1306,31,2270,2,22554,31,24824,33,0,40,-5,225,39,3068,1,100,50
01-19-21,Cannon,1598,9,1332,3,266,6,1485,4,7863,20,9348,24,0,19,-5,101,14,1478,0,29,24
01-19-21,Carroll,3177,31,2154,12,1023,19,2549,23,17703,30,20252,53,0,59,6,204,25,2914,1,75,73
01-19-21,Carter,5412,32,4773,24,639,8,5215,29,31114,66,36329,95,2,114,-24,305,54,4993,0,199,139
01-19-21,Cheatham,3440,52,2794,14,646,38,3160,18,22607,86,25767,104,0,30,11,204,41,3206,1,72,36
01-19-21,Chester,1808,16,1319,3,489,13,1575,5,9706,13,11281,18,0,37,-16,85,32,1686,0,36,42
01-19-21,Claiborne,2165,33,1494,7,671,26,1583,7,19579,37,21162,44,0,29,7,261,26,1875,2,73,44
01-19-21,Clay,989,8,689,2,300,6,788,1,4972,27,5760,28,0,26,-3,52,11,911,0,22,28
01-19-21,Cocke,3518,33,2526,16,992,17,2780,15,17738,71,20518,86,0,56,-18,189,51,3273,1,95,80
01-19-21,Coffee,5682,36,4179,14,1503,22,5133,17,38965,181,44098,198,0,82,-43,339,79,5261,2,100,99
01-19-21,Crockett,1850,4,1138,2,712,2,1324,2,6475,15,7799,17,0,38,-15,43,19,1769,0,29,44
01-19-21,Cumberland,5594,31,4767,10,827,21,5462,13,42676,119,48138,132,1,73,-67,438,97,5083,2,133,97
01-19-21,Davidson,72775,425,69668,360,3107,65,84539,430,748653,3207,833192,3637,7,672,-373,4710,791,67393,11,1777,729
01-19-21,Decatur,1470,2,1115,0,355,2,1329,1,10298,8,11627,9,0,26,-3,54,5,1390,0,36,32
01-19-21,Dekalb,2413,13,1837,6,576,7,2125,6,14873,25,16998,31,0,41,-27,96,40,2276,0,50,44
01-19-21,Dickson,5435,67,4130,11,1305,56,4912,14,29756,126,34668,140,1,79,21,112,45,5244,0,108,89
01-19-21,Dyer,4871,29,3296,11,1575,18,3705,12,19434,47,23139,59,0,82,-14,287,43,4502,0,100,87
01-19-21,Fayette,4181,37,3705,24,476,13,4546,29,31175,92,35721,121,0,51,-23,320,60,3810,1,111,59
01-19-21,Fentress,2165,10,1896,4,269,6,2163,4,10112,11,12275,15,0,31,-8,112,18,2022,0,52,41
01-19-21,Franklin,4185,22,3585,9,600,13,4206,12,29162,52,33368,64,1,62,-25,233,46,3890,0,95,75
01-19-21,Gibson,5717,27,3529,7,2188,20,4276,11,25969,82,30245,93,0,111,-1,312,28,5294,1,94,122
01-19-21,Giles,3313,20,2858,13,455,7,3275,15,19547,34,22822,49,0,72,-29,245,49,2996,2,104,78
01-19-21,Grainger,2130,18,1654,5,476,13,1849,6,11876,25,13725,31,1,36,-19,151,36,1943,0,59,43
01-19-21,Greene,6685,57,5338,26,1347,31,5934,40,37379,193,43313,233,0,108,-65,482,122,6095,0,165,123
01-19-21,Grundy,1445,9,1253,2,192,7,1449,4,6579,10,8028,14,0,21,-15,55,24,1369,0,53,25
01-19-21,Hamblen,7078,71,5341,20,1737,51,5973,21,40158,86,46131,107,0,109,-41,438,112,6531,1,223,144
01-19-21,Hamilton,34853,268,30909,200,3944,68,34648,227,264756,658,299404,885,2,329,-104,1306,370,33218,7,961,382
01-19-21,Hancock,429,1,316,1,113,0,337,1,3397,29,3734,30,0,6,-8,43,9,380,0,17,10
01-19-21,Hardeman,3162,14,2620,7,542,7,3068,7,22072,39,25140,46,0,52,-22,119,36,2991,1,94,56
01-19-21,Hardin,3078,13,2142,4,936,9,2565,6,20431,40,22996,46,0,47,-12,154,25,2877,0,55,55
01-19-21,Hawkins,4476,20,3767,9,709,11,4053,16,26438,64,30491,80,2,70,-73,376,91,4030,0,124,80
01-19-21,Haywood,2468,5,2082,1,386,4,2362,1,12047,29,14409,30,0,45,-19,112,24,2311,0,73,53
01-19-21,Henderson,3386,8,2399,2,987,6,3021,5,14744,20,17765,25,0,57,-21,161,29,3168,0,72,64
01-19-21,Henry,2708,15,2162,10,546,5,2499,13,15995,26,18494,39,0,58,-11,138,26,2512,2,73,63
01-19-21,Hickman,2408,21,2018,5,390,16,2337,5,13930,48,16267,53,0,34,-6,126,27,2248,0,48,37
01-19-21,Houston,967,3,736,1,231,2,836,1,7932,11,8768,12,0,22,-4,29,7,916,0,38,27
01-19-21,Humphreys,1362,17,938,2,424,15,1096,2,10054,31,11150,33,0,17,3,53,14,1292,0,27,18
01-19-21,Jackson,1149,10,911,2,238,8,1065,3,4755,8,5820,11,1,22,-1,48,10,1079,0,34,28
01-19-21,Jefferson,4955,37,3575,13,1380,24,4027,15,31285,81,35312,96,0,75,-57,440,94,4440,2,150,86
01-19-21,Johnson,2013,7,1841,4,172,3,1957,6,12138,14,14095,20,0,32,-20,114,27,1867,1,55,34
01-19-21,Knox,40039,310,35088,195,4951,115,38285,228,264517,1003,302802,1231,8,408,-85,2625,387,37006,14,1121,454
01-19-21,Lake,1565,8,1399,6,166,2,1649,6,8929,20,10578,26,0,19,-2,60,10,1486,0,21,22
01-19-21,Lauderdale,2908,10,2280,5,628,5,2610,7,18258,42,20868,49,0,31,-12,145,22,2732,0,79,34
01-19-21,Lawrence,5099,34,4050,16,1049,18,4463,18,24493,60,28956,78,0,69,-17,325,51,4705,2,126,71
01-19-21,Lewis,1297,10,1075,2,222,8,1165,3,9008,24,10173,27,0,20,-3,69,13,1208,1,37,22
01-19-21,Lincoln,3788,6,2989,4,799,2,3397,6,15075,47,18472,53,0,44,-48,208,54,3536,0,73,49
01-19-21,Loudon,4927,27,4062,9,865,18,4420,10,26706,60,31126,70,0,50,-41,323,68,4554,1,107,50
01-19-21,Macon,3080,20,2498,11,582,9,2932,15,13414,21,16346,36,0,50,0,138,20,2892,0,110,64
01-19-21,Madison,9276,55,5235,16,4041,39,6421,18,47754,180,54175,198,0,179,-28,-188,83,9285,0,317,201
01-19-21,Marion,2605,19,2273,9,332,10,2548,12,14878,41,17426,53,0,31,-26,233,45,2341,0,99,43
01-19-21,Marshall,3467,20,2914,7,553,13,3270,8,20120,55,23390,63,0,36,-28,326,48,3105,0,77,41
01-19-21,Maury,10996,82,10032,36,964,46,11068,45,62242,274,73310,319,0,123,-43,815,125,10058,4,252,138
01-19-21,McMinn,5195,25,4732,14,463,11,5217,16,34788,323,40005,339,0,73,-43,348,68,4774,1,128,80
01-19-21,McNairy,2392,23,1704,14,688,9,2109,14,15155,80,17264,94,0,42,1,100,22,2250,0,56,47
01-19-21,Meigs,1122,12,1037,11,85,1,1154,13,6447,24,7601,37,0,16,1,82,11,1024,0,35,18
01-19-21,Monroe,4654,43,3859,19,795,24,4314,18,22544,44,26858,62,0,62,-34,358,77,4234,0,129,78
01-19-21,Montgomery,14930,213,11437,71,3493,142,12573,81,91473,411,104046,492,0,149,-7,1485,220,13296,1,269,177
01-19-21,Moore,858,5,680,2,178,3,762,4,4228,5,4990,9,0,9,-6,57,11,792,0,14,11
01-19-21,Morgan,2061,22,1584,10,477,12,1687,4,13345,35,15032,39,0,15,-6,177,28,1869,1,29,24
01-19-21,Obion,4134,18,3098,13,1036,5,3506,16,19160,87,22666,103,1,80,-16,160,33,3894,1,94,85
01-19-21,Out of State,14427,78,11624,53,2803,25,13031,63,519164,1956,532195,2019,-1,79,-97,805,176,13543,0,168,70
01-19-21,Overton,2656,15,2035,5,621,10,2396,4,13020,15,15416,19,0,43,-19,183,34,2430,0,59,53
01-19-21,Pending,13210,156,8816,54,4394,102,9761,68,333442,1111,343203,1179,1,127,-30,1065,185,12018,0,116,108
01-19-21,Perry,967,6,846,1,121,5,941,0,5538,10,6479,10,0,25,-2,24,8,918,0,27,25
01-19-21,Pickett,694,3,466,0,228,3,557,0,3027,5,3584,5,1,20,-10,48,12,626,0,28,21
01-19-21,Polk,1432,14,1327,11,105,3,1483,13,7521,22,9004,35,0,17,-9,114,23,1301,0,53,20
01-19-21,Putnam,9723,41,8157,22,1566,19,9776,22,60688,102,70464,124,4,140,-87,468,124,9115,2,189,157
01-19-21,Rhea,3748,20,3324,9,424,11,3732,12,22205,68,25937,80,0,56,-34,238,54,3454,0,77,64
01-19-21,Roane,5170,27,4173,8,997,19,4615,11,36268,43,40883,54,0,79,-44,290,71,4801,2,125,83
01-19-21,Robertson,7940,66,6583,29,1357,37,7437,32,36505,115,43942,147,0,85,-32,525,98,7330,3,370,98
01-19-21,Rutherford,33843,227,30390,169,3453,58,35493,202,190127,836,225620,1038,2,287,-130,2011,355,31545,2,514,321
01-19-21,Scott,2541,17,1535,3,1006,14,1633,2,9907,28,11540,30,0,31,-10,147,27,2363,0,57,35
01-19-21,Sequatchie,1339,8,1122,3,217,5,1222,4,10426,15,11648,19,0,18,-18,91,26,1230,1,32,24
01-19-21,Sevier,10578,62,9587,44,991,18,10497,49,54837,176,65334,225,0,108,-93,566,155,9904,2,236,136
01-19-21,Shelby,78130,439,73771,328,4359,111,90520,470,754531,3527,845051,3997,0,1128,-297,4324,736,72678,11,3117,1321
01-19-21,Smith,2370,17,1865,2,505,15,2346,4,11547,12,13893,16,0,27,-15,105,32,2238,0,57,30
01-19-21,Stewart,1085,10,846,7,239,3,954,9,5862,15,6816,24,0,20,-9,59,19,1006,0,22,23
01-19-21,Sullivan,12813,116,11294,89,1519,27,12185,91,69967,176,82152,267,0,211,-12,686,128,11916,7,652,241
01-19-21,Sumner,18954,142,17615,115,1339,27,19916,127,99490,379,119406,506,0,232,-110,1092,252,17630,2,656,273
01-19-21,Tipton,6295,45,4565,15,1730,30,5510,17,39687,128,45197,145,0,65,-40,369,85,5861,1,137,85
01-19-21,Trousdale,2306,3,2205,3,101,0,2362,3,7937,17,10299,20,0,14,-11,50,14,2242,0,35,19
01-19-21,Unicoi,1664,9,1324,3,340,6,1454,7,11378,41,12832,48,1,44,-15,117,23,1503,0,60,44
01-19-21,Union,1460,8,1263,6,197,2,1366,5,8953,21,10319,26,1,23,-13,64,20,1373,1,48,24
01-19-21,Van Buren,748,6,636,3,112,3,700,3,4531,6,5231,9,0,7,-6,62,12,679,1,17,11
01-19-21,Warren,4918,28,4263,15,655,13,4820,16,27805,54,32625,70,0,53,-33,247,61,4618,2,75,65
01-19-21,Washington,11733,67,10239,37,1494,30,11266,46,67309,221,78575,267,1,192,-57,704,123,10837,1,302,209
01-19-21,Wayne,2675,32,2232,11,443,21,2436,4,10051,30,12487,34,0,19,19,113,13,2543,0,51,25
01-19-21,Weakley,3516,15,2686,6,830,9,3059,7,19066,47,22125,54,0,48,-26,122,41,3346,0,54,51
01-19-21,White,3080,8,2599,4,481,4,3189,4,19823,27,23012,31,0,43,-20,147,28,2890,1,97,55
01-19-21,Williamson,21702,150,19195,91,2507,59,21371,103,149568,698,170939,801,0,140,-79,1353,229,20209,0,258,177
01-19-21,Wilson,14654,144,13557,119,1097,25,15483,141,83285,361,98768,502,1,158,-18,872,161,13624,1,300,182
01-18-21,Anderson,6964,19,5526,8,1438,11,6169,9,53012,93,59181,102,1,103,-67,588,85,6273,0,176,128
01-18-21,Bedford,5325,7,4351,2,974,5,5019,3,26453,30,31472,33,3,89,-63,350,67,4886,0,107,100
01-18-21,Benton,1380,2,1153,1,227,1,1274,0,8010,5,9284,5,0,35,-10,82,12,1263,0,35,37
01-18-21,Bledsoe,1768,2,1663,1,105,1,1761,0,12992,7,14753,7,0,10,-7,59,9,1699,0,28,10
01-18-21,Blount,12516,33,11177,15,1339,18,12285,15,60844,59,73129,74,1,125,-97,889,129,11502,0,277,151
01-18-21,Bradley,10929,42,9471,22,1458,20,10742,25,52869,116,63611,141,1,91,-93,691,134,10147,5,444,114
01-18-21,Campbell,3299,6,2024,3,1275,3,2268,4,22523,17,24791,21,0,40,-34,230,40,3029,0,99,49
01-18-21,Cannon,1589,2,1329,0,260,2,1481,0,7843,6,9324,6,0,19,-22,106,24,1464,0,29,24
01-18-21,Carroll,3146,14,2142,6,1004,8,2526,3,17673,10,20199,13,0,59,-28,198,42,2889,0,74,70
01-18-21,Carter,5380,5,4749,5,631,0,5186,12,31048,50,36234,62,0,112,-80,329,85,4939,0,199,138
01-18-21,Cheatham,3388,10,2780,7,608,3,3142,7,22521,25,25663,32,0,30,-31,193,41,3165,0,71,36
01-18-21,Chester,1792,1,1316,1,476,0,1570,1,9693,2,11263,3,0,37,-13,101,14,1654,0,36,42
01-18-21,Claiborne,2132,11,1487,3,645,8,1576,2,19542,5,21118,7,0,29,-13,254,24,1849,1,71,42
01-18-21,Clay,981,1,687,0,294,1,787,1,4945,3,5732,4,0,26,-7,55,8,900,0,22,28
01-18-21,Cocke,3485,16,2510,1,975,15,2765,0,17667,57,20432,57,0,56,-40,207,56,3222,0,94,79
01-18-21,Coffee,5646,12,4165,3,1481,9,5116,2,38784,19,43900,21,1,82,-41,382,52,5182,0,98,97
01-18-21,Crockett,1846,1,1136,0,710,1,1322,0,6460,8,7782,8,0,38,-21,58,22,1750,0,29,44
01-18-21,Cumberland,5563,10,4757,3,806,7,5449,3,42557,9,48006,12,0,72,-84,505,94,4986,1,131,95
01-18-21,Davidson,72350,167,69308,142,3042,25,84109,151,745446,975,829555,1126,4,665,-880,5083,1043,66602,2,1766,720
01-18-21,Decatur,1468,1,1115,1,353,0,1328,2,10290,4,11618,6,0,26,-16,57,17,1385,0,36,32
01-18-21,Dekalb,2400,1,1831,0,569,1,2119,0,14848,7,16967,7,0,41,-25,123,26,2236,0,50,44
01-18-21,Dickson,5368,15,4119,15,1249,0,4898,16,29630,60,34528,76,0,78,-71,91,86,5199,0,108,86
01-18-21,Dyer,4842,12,3285,2,1557,10,3693,2,19387,18,23080,20,0,82,-36,301,48,4459,0,100,86
01-18-21,Fayette,4144,15,3681,9,463,6,4517,9,31083,25,35600,34,0,51,-32,343,47,3750,0,110,58
01-18-21,Fentress,2155,1,1892,0,263,1,2159,0,10101,4,12260,4,0,31,-16,120,17,2004,0,52,41
01-18-21,Franklin,4163,9,3576,5,587,4,4194,3,29110,14,33304,17,3,61,-44,258,50,3844,0,95,74
01-18-21,Gibson,5690,6,3522,4,2168,2,4265,4,25887,23,30152,27,0,111,-42,313,48,5266,0,93,120
01-18-21,Giles,3293,9,2845,3,448,6,3260,2,19513,9,22773,11,1,72,-56,274,64,2947,0,102,77
01-18-21,Grainger,2112,5,1649,0,463,5,1843,0,11851,10,13694,10,0,35,-22,170,27,1907,0,59,43
01-18-21,Greene,6628,11,5312,8,1316,3,5894,7,37186,39,43080,46,0,108,-88,547,99,5973,0,165,121
01-18-21,Grundy,1436,0,1251,0,185,0,1445,0,6569,14,8014,14,1,21,-18,70,17,1345,0,53,24
01-18-21,Hamblen,7007,31,5321,17,1686,14,5952,19,40072,21,46024,40,0,109,-48,479,79,6419,0,222,141
01-18-21,Hamilton,34585,51,30709,36,3876,15,34421,35,264098,482,298519,517,1,327,-506,1410,556,32848,0,954,377
01-18-21,Hancock,428,1,315,0,113,1,336,0,3368,0,3704,0,0,6,-6,51,7,371,0,17,9
01-18-21,Hardeman,3148,6,2613,2,535,4,3061,3,22033,8,25094,11,0,52,-18,141,24,2955,0,93,56
01-18-21,Hardin,3065,0,2138,0,927,0,2559,0,20391,1,22950,1,0,47,-35,166,35,2852,0,55,53
01-18-21,Hawkins,4456,11,3758,8,698,3,4037,7,26374,86,30411,93,0,68,-42,449,53,3939,1,124,79
01-18-21,Haywood,2463,7,2081,6,382,1,2361,6,12018,8,14379,14,0,45,-13,131,20,2287,0,73,53
01-18-21,Henderson,3378,10,2397,9,981,1,3016,6,14724,8,17740,14,1,57,-26,182,35,3139,0,72,64
01-18-21,Henry,2693,12,2152,10,541,2,2486,11,15969,12,18455,23,0,58,-22,149,34,2486,3,71,61
01-18-21,Hickman,2387,7,2013,6,374,1,2332,9,13882,13,16214,22,0,34,-21,132,28,2221,0,48,36
01-18-21,Houston,964,1,735,0,229,1,835,0,7921,4,8756,4,0,22,-11,33,12,909,0,38,27
01-18-21,Humphreys,1345,5,936,5,409,0,1094,7,10023,10,11117,17,0,17,-8,50,13,1278,0,27,18
01-18-21,Jackson,1139,1,909,1,230,0,1062,1,4747,4,5809,5,0,21,-7,49,8,1069,0,34,28
01-18-21,Jefferson,4918,38,3562,23,1356,15,4012,18,31204,53,35216,71,0,75,-48,497,86,4346,1,148,83
01-18-21,Johnson,2006,2,1837,0,169,2,1951,0,12124,7,14075,7,0,32,-19,134,21,1840,0,54,34
01-18-21,Knox,39729,130,34893,80,4836,50,38057,77,263514,456,301571,533,7,400,-363,2710,486,36619,4,1107,451
01-18-21,Lake,1557,2,1393,2,164,0,1643,2,8909,1,10552,3,0,19,-2,62,4,1476,0,21,20
01-18-21,Lauderdale,2898,5,2275,4,623,1,2603,4,18216,15,20819,19,0,31,-27,157,32,2710,0,79,34
01-18-21,Lawrence,5065,9,4034,2,1031,7,4445,2,24433,24,28878,26,0,69,-46,342,55,4654,0,124,71
01-18-21,Lewis,1287,2,1073,0,214,2,1162,0,8984,4,10146,4,0,20,-12,72,14,1195,0,36,22
01-18-21,Lincoln,3782,5,2985,3,797,2,3391,2,15028,6,18419,8,0,44,-35,256,40,3482,0,73,48
01-18-21,Loudon,4900,9,4053,5,847,4,4410,6,26646,25,31056,31,0,50,-60,364,69,4486,0,106,50
01-18-21,Macon,3060,0,2487,0,573,0,2917,0,13393,13,16310,13,0,50,-32,138,32,2872,0,110,64
01-18-21,Madison,9221,14,5219,11,4002,3,6403,11,47574,48,53977,59,1,179,-99,-160,112,9202,0,317,200
01-18-21,Marion,2586,7,2264,5,322,2,2536,4,14837,34,17373,38,0,31,-44,259,51,2296,1,99,43
01-18-21,Marshall,3447,6,2907,3,540,3,3262,3,20065,14,23327,17,0,36,-22,354,28,3057,0,77,41
01-18-21,Maury,10914,17,9996,15,918,2,11023,12,61968,119,72991,131,0,123,-99,858,116,9933,0,248,138
01-18-21,McMinn,5170,8,4718,3,452,5,5201,5,34465,30,39666,35,0,73,-43,391,51,4706,0,127,80
01-18-21,McNairy,2369,12,1690,8,679,4,2095,8,15075,2,17170,10,0,42,-13,99,25,2228,0,56,47
01-18-21,Meigs,1110,4,1026,4,84,0,1141,3,6423,8,7564,11,0,16,-7,81,11,1013,1,35,18
01-18-21,Monroe,4611,10,3840,3,771,7,4296,5,22500,23,26796,28,0,62,-53,392,63,4157,0,129,77
01-18-21,Montgomery,14717,49,11366,32,3351,17,12492,31,91062,191,103554,222,0,149,-141,1492,190,13076,1,268,174
01-18-21,Moore,853,12,678,10,175,2,758,2,4223,2,4981,4,0,9,2,63,10,781,0,14,11
01-18-21,Morgan,2039,3,1574,2,465,1,1683,1,13310,4,14993,5,1,15,-50,183,52,1841,0,28,22
01-18-21,Obion,4116,8,3085,4,1031,4,3490,5,19073,23,22563,28,1,79,-48,176,55,3861,0,93,85
01-18-21,Out of State,14349,48,11571,13,2778,35,12968,17,517208,485,530176,502,1,80,-174,902,221,13367,1,168,69
01-18-21,Overton,2641,3,2030,1,611,2,2392,1,13005,7,15397,8,1,43,-34,202,36,2396,0,59,53
01-18-21,Pending,13054,40,8762,22,4292,18,9693,21,332331,510,342024,531,0,126,-259,1095,299,11833,1,116,107
01-18-21,Perry,961,0,845,0,116,0,941,1,5528,1,6469,2,0,25,-3,26,3,910,0,27,25
01-18-21,Pickett,691,0,466,0,225,0,557,0,3022,0,3579,0,0,19,-16,58,16,614,0,28,21
01-18-21,Polk,1418,2,1316,2,102,0,1470,3,7499,15,8969,18,0,17,-19,123,21,1278,1,53,20
01-18-21,Putnam,9682,6,8135,3,1547,3,9754,3,60586,25,70340,28,0,136,-106,555,112,8991,0,187,156
01-18-21,Rhea,3728,2,3315,0,413,2,3720,0,22137,8,25857,8,0,56,-45,272,47,3400,0,77,64
01-18-21,Roane,5143,13,4165,8,978,5,4604,8,36225,23,40829,31,0,79,-50,334,63,4730,1,123,83
01-18-21,Robertson,7874,8,6554,6,1320,2,7405,12,36390,34,43795,46,0,85,-87,557,95,7232,3,367,97
01-18-21,Rutherford,33616,75,30221,67,3395,8,35291,76,189291,312,224582,388,2,285,-342,2141,415,31190,2,512,316
01-18-21,Scott,2524,4,1532,0,992,4,1631,0,9879,1,11510,1,0,31,-28,157,32,2336,0,57,35
01-18-21,Sequatchie,1331,4,1119,3,212,1,1218,3,10411,5,11629,8,0,18,-11,109,15,1204,1,31,23
01-18-21,Sevier,10516,28,9543,15,973,13,10448,18,54661,59,65109,77,0,108,-114,659,142,9749,0,234,134
01-18-21,Shelby,77691,235,73443,188,4248,47,90050,194,751004,930,841054,1124,0,1128,-748,4621,983,71942,2,3106,1310
01-18-21,Smith,2353,1,1863,1,490,0,2342,1,11535,6,13877,7,0,27,-24,120,25,2206,0,57,30
01-18-21,Stewart,1075,3,839,2,236,1,945,1,5847,12,6792,13,0,20,-14,68,17,987,1,22,23
01-18-21,Sullivan,12697,28,11205,22,1492,6,12094,25,69791,121,81885,146,0,211,-117,698,145,11788,0,645,240
01-18-21,Sumner,18812,35,17500,31,1312,4,19789,32,99111,139,118900,171,2,232,-182,1202,215,17378,2,654,272
01-18-21,Tipton,6250,12,4550,3,1700,9,5493,4,39559,25,45052,29,0,65,-62,409,74,5776,0,136,85
01-18-21,Trousdale,2303,0,2202,0,101,0,2359,0,7920,3,10279,3,0,14,-15,61,15,2228,0,35,19
01-18-21,Unicoi,1655,2,1321,1,334,1,1447,0,11337,2,12784,2,0,43,-17,132,19,1480,1,60,43
01-18-21,Union,1452,2,1257,2,195,0,1361,2,8932,10,10293,12,1,22,-15,77,16,1353,0,47,23
01-18-21,Van Buren,742,0,633,0,109,0,697,0,4525,1,5222,1,0,7,-15,68,15,667,0,16,11
01-18-21,Warren,4890,5,4248,2,642,3,4804,2,27751,6,32555,8,0,53,-33,280,38,4557,0,73,64
01-18-21,Washington,11666,15,10202,13,1464,2,11220,16,67088,84,78308,100,0,191,-120,761,135,10714,1,301,207
01-18-21,Wayne,2643,4,2221,2,422,2,2432,3,10021,9,12453,12,0,19,-17,94,21,2530,0,51,25
01-18-21,Weakley,3501,9,2680,5,821,4,3052,2,19019,19,22071,21,0,48,-25,148,34,3305,1,54,51
01-18-21,White,3072,1,2595,0,477,1,3185,0,19796,9,22981,9,0,43,-26,167,27,2862,0,96,55
01-18-21,Williamson,21552,52,19104,36,2448,16,21268,33,148870,230,170138,263,2,140,-265,1432,315,19980,0,258,177
01-18-21,Wilson,14510,38,13438,30,1072,8,15342,24,82924,199,98266,223,2,157,-109,890,145,13463,2,299,180
01-17-21,Anderson,6945,37,5518,20,1427,17,6160,23,52919,94,59079,117,0,102,-6,655,43,6188,0,176,127
01-17-21,Bedford,5318,9,4349,9,969,0,5016,10,26423,62,31439,72,0,86,-22,413,31,4819,0,107,99
01-17-21,Benton,1378,4,1152,0,226,4,1274,0,8005,27,9279,27,0,35,-4,92,8,1251,0,35,37
01-17-21,Bledsoe,1766,4,1662,4,104,0,1761,4,12985,23,14746,27,0,10,-1,66,5,1690,0,28,10
01-17-21,Blount,12483,44,11162,38,1321,6,12270,39,60785,99,73055,138,1,124,-55,986,98,11373,2,277,149
01-17-21,Bradley,10887,34,9449,28,1438,6,10717,34,52753,136,63470,170,0,90,-56,784,90,10013,0,439,112
01-17-21,Campbell,3293,6,2021,4,1272,2,2264,4,22506,23,24770,27,0,40,-13,264,19,2989,0,99,49
01-17-21,Cannon,1587,7,1329,2,258,5,1481,3,7837,16,9318,19,0,19,2,128,5,1440,0,29,24
01-17-21,Carroll,3132,19,2136,10,996,9,2523,21,17663,33,20186,54,0,59,-8,226,27,2847,1,74,70
01-17-21,Carter,5375,20,4744,16,631,4,5174,16,30998,72,36172,88,0,112,-6,409,26,4854,0,199,138
01-17-21,Cheatham,3378,11,2773,10,605,1,3135,11,22496,67,25631,78,1,30,-7,224,17,3124,0,71,36
01-17-21,Chester,1791,8,1315,8,476,0,1569,8,9691,85,11260,93,0,37,-4,114,12,1640,1,36,42
01-17-21,Claiborne,2121,27,1484,9,637,18,1574,6,19537,32,21111,38,7,29,5,267,15,1825,3,70,42
01-17-21,Clay,980,3,687,1,293,2,786,1,4942,8,5728,9,0,26,1,62,2,892,1,22,28
01-17-21,Cocke,3469,11,2509,6,960,5,2765,6,17610,29,20375,35,0,56,-10,247,21,3166,0,94,78
01-17-21,Coffee,5634,25,4162,14,1472,11,5114,18,38765,65,43879,83,0,81,-7,423,32,5130,0,98,97
01-17-21,Crockett,1845,6,1136,0,709,6,1322,2,6452,4,7774,6,0,38,-4,79,10,1728,0,29,44
01-17-21,Cumberland,5553,30,4754,25,799,5,5446,29,42548,66,47994,95,0,72,-8,589,38,4892,0,130,92
01-17-21,Davidson,72183,261,69166,238,3017,23,83958,254,744471,1675,828429,1929,5,661,-162,5963,418,65559,3,1764,711
01-17-21,Decatur,1467,2,1114,2,353,0,1326,2,10286,13,11612,15,0,26,-4,73,6,1368,0,36,32
01-17-21,Dekalb,2399,7,1831,6,568,1,2119,7,14841,25,16960,32,0,41,0,148,7,2210,0,50,44
01-17-21,Dickson,5353,6,4104,6,1249,0,4882,11,29570,50,34452,61,1,78,-32,162,37,5113,0,108,85
01-17-21,Dyer,4830,16,3283,2,1547,14,3691,2,19369,18,23060,20,0,82,0,337,16,4411,2,100,86
01-17-21,Fayette,4129,23,3672,22,457,1,4508,21,31058,59,35566,80,0,51,-6,375,29,3703,0,110,58
01-17-21,Fentress,2154,4,1892,2,262,2,2159,3,10097,20,12256,23,0,31,-2,136,6,1987,0,52,40
01-17-21,Franklin,4154,14,3571,7,583,7,4191,13,29096,88,33287,101,0,58,-11,302,25,3794,0,95,72
01-17-21,Gibson,5684,28,3518,7,2166,21,4261,12,25864,62,30125,74,0,111,-3,355,31,5218,0,93,119
01-17-21,Giles,3284,15,2842,11,442,4,3258,15,19504,66,22762,81,0,71,-25,330,40,2883,1,102,77
01-17-21,Grainger,2107,5,1649,3,458,2,1843,3,11841,28,13684,31,0,35,-4,192,9,1880,0,59,43
01-17-21,Greene,6617,24,5304,11,1313,13,5887,11,37147,110,43034,121,0,108,-30,635,54,5874,1,165,120
01-17-21,Grundy,1436,1,1251,1,185,0,1445,1,6555,9,8000,10,0,20,-14,88,15,1328,0,53,24
01-17-21,Hamblen,6976,24,5304,8,1672,16,5933,7,40051,116,45984,123,0,109,-41,527,65,6340,2,222,137
01-17-21,Hamilton,34534,132,30673,105,3861,27,34386,118,263616,769,298002,887,0,326,-194,1916,326,32292,2,954,376
01-17-21,Hancock,427,2,315,0,112,2,336,0,3368,6,3704,6,0,6,-2,57,4,364,0,17,9
01-17-21,Hardeman,3142,12,2611,5,531,7,3058,5,22025,49,25083,54,0,52,-3,159,15,2931,0,93,56
01-17-21,Hardin,3065,10,2138,6,927,4,2559,7,20390,80,22949,87,0,47,-3,201,13,2817,0,55,53
01-17-21,Hawkins,4445,17,3750,12,695,5,4030,9,26288,51,30318,60,0,68,-7,491,24,3886,0,123,78
01-17-21,Haywood,2456,3,2075,1,381,2,2355,2,12010,17,14365,19,0,45,-4,144,7,2267,0,73,53
01-17-21,Henderson,3368,11,2388,5,980,6,3010,5,14716,28,17726,33,0,56,-8,208,19,3104,1,72,64
01-17-21,Henry,2681,7,2142,7,539,0,2475,6,15957,28,18432,34,0,58,-10,171,17,2452,0,68,61
01-17-21,Hickman,2380,8,2007,4,373,4,2323,5,13869,31,16192,36,0,34,-14,153,22,2193,1,48,36
01-17-21,Houston,963,0,735,0,228,0,835,0,7917,37,8752,37,0,22,-6,44,6,897,0,38,27
01-17-21,Humphreys,1340,2,931,1,409,1,1087,1,10013,28,11100,29,0,17,-2,58,4,1265,0,27,18
01-17-21,Jackson,1138,3,908,0,230,3,1061,0,4743,10,5804,10,0,21,-5,56,8,1061,0,34,28
01-17-21,Jefferson,4880,18,3539,9,1341,9,3994,11,31151,67,35145,78,0,75,-10,545,28,4260,0,147,82
01-17-21,Johnson,2004,4,1837,4,167,0,1951,4,12117,48,14068,52,0,32,-2,153,6,1819,1,54,33
01-17-21,Knox,39599,180,34813,137,4786,43,37980,143,263058,657,301038,800,3,393,-207,3073,384,36133,8,1103,442
01-17-21,Lake,1555,3,1391,3,164,0,1641,4,8908,7,10549,11,0,19,0,64,3,1472,0,21,20
01-17-21,Lauderdale,2893,6,2271,6,622,0,2599,7,18201,23,20800,30,0,31,-3,184,9,2678,0,79,34
01-17-21,Lawrence,5056,12,4032,7,1024,5,4443,9,24409,45,28852,54,0,69,-27,388,39,4599,0,124,71
01-17-21,Lewis,1285,5,1073,4,212,1,1162,5,8980,14,10142,19,0,20,2,84,3,1181,0,36,22
01-17-21,Lincoln,3777,13,2982,7,795,6,3389,8,15022,46,18411,54,0,44,-6,291,19,3442,0,73,47
01-17-21,Loudon,4891,19,4048,9,843,10,4404,11,26621,62,31025,73,0,50,-6,424,25,4417,0,106,50
01-17-21,Macon,3060,18,2487,17,573,1,2917,17,13380,23,16297,40,0,50,6,170,12,2840,0,110,64
01-17-21,Madison,9207,59,5208,14,3999,45,6392,18,47526,126,53918,144,0,178,2,-61,57,9090,2,317,200
01-17-21,Marion,2579,8,2259,5,320,3,2532,5,14803,40,17335,45,0,31,-20,303,28,2245,0,98,43
01-17-21,Marshall,3441,22,2904,13,537,9,3259,14,20051,43,23310,57,0,36,-3,376,25,3029,0,77,41
01-17-21,Maury,10897,27,9981,24,916,3,11011,21,61849,154,72860,175,0,123,-29,957,56,9817,1,248,137
01-17-21,McMinn,5162,19,4715,13,447,6,5196,14,34435,121,39631,135,0,73,-12,434,31,4655,1,127,79
01-17-21,McNairy,2357,7,1682,3,675,4,2087,3,15073,183,17160,186,0,42,-7,112,14,2203,0,56,47
01-17-21,Meigs,1106,3,1022,1,84,2,1138,1,6415,16,7553,17,0,16,-2,88,5,1002,0,34,18
01-17-21,Monroe,4601,20,3837,14,764,6,4291,18,22477,25,26768,43,0,62,-23,445,43,4094,0,129,77
01-17-21,Montgomery,14668,105,11334,78,3334,27,12461,81,90871,376,103332,457,1,149,-8,1633,112,12886,2,267,174
01-17-21,Moore,841,4,668,1,173,3,756,1,4221,9,4977,10,0,9,0,61,4,771,0,14,11
01-17-21,Morgan,2036,7,1572,4,464,3,1682,5,13306,22,14988,27,0,14,1,233,6,1789,0,28,22
01-17-21,Obion,4108,3,3081,3,1027,0,3485,5,19050,28,22535,33,0,78,-23,224,26,3806,0,93,84
01-17-21,Out of State,14301,46,11558,35,2743,11,12951,40,516723,791,529674,831,0,79,-30,1076,76,13146,1,167,68
01-17-21,Overton,2638,16,2029,3,609,13,2391,4,12998,30,15389,34,0,42,2,236,14,2360,0,59,53
01-17-21,Pending,13014,74,8740,30,4274,44,9672,36,331821,675,341493,711,-1,126,-89,1354,164,11534,1,115,107
01-17-21,Perry,961,1,845,1,116,0,940,1,5527,7,6467,8,0,25,-1,29,2,907,0,27,25
01-17-21,Pickett,691,3,466,0,225,3,557,0,3022,5,3579,5,0,19,-1,74,4,598,0,28,21
01-17-21,Polk,1416,7,1314,6,102,1,1467,6,7484,18,8951,24,0,17,1,142,6,1257,1,52,20
01-17-21,Putnam,9676,18,8132,12,1544,6,9751,11,60561,120,70312,131,0,136,-35,661,53,8879,0,187,155
01-17-21,Rhea,3726,14,3315,10,411,4,3720,11,22129,59,25849,70,0,56,-5,317,19,3353,0,77,64
01-17-21,Roane,5130,18,4157,11,973,7,4596,12,36202,61,40798,73,1,79,-9,384,26,4667,0,122,83
01-17-21,Robertson,7866,25,6548,22,1318,3,7393,18,36356,102,43749,120,0,85,-22,644,47,7137,0,364,95
01-17-21,Rutherford,33541,108,30154,85,3387,23,35215,87,188979,582,224194,669,1,283,-126,2483,233,30775,1,510,313
01-17-21,Scott,2520,4,1532,2,988,2,1631,5,9878,23,11509,28,0,31,-2,185,6,2304,0,57,35
01-17-21,Sequatchie,1327,4,1116,2,211,2,1215,1,10406,19,11621,20,0,18,-5,120,9,1189,0,30,23
01-17-21,Sevier,10488,33,9528,21,960,12,10430,26,54602,139,65032,165,0,108,-43,773,76,9607,0,234,133
01-17-21,Shelby,77456,329,73255,299,4201,30,89856,356,750074,2137,839930,2493,13,1128,-64,5369,380,70959,5,3104,1297
01-17-21,Smith,2352,8,1862,7,490,1,2341,8,11529,79,13870,87,0,27,-2,144,10,2181,0,57,30
01-17-21,Stewart,1072,6,837,4,235,2,944,5,5835,19,6779,24,0,20,3,82,3,970,0,21,23
01-17-21,Sullivan,12669,44,11183,41,1486,3,12069,44,69670,244,81739,288,1,211,-31,815,74,11643,3,645,239
01-17-21,Sumner,18777,70,17469,60,1308,10,19757,62,98972,259,118729,321,1,230,-53,1384,122,17163,1,652,270
01-17-21,Tipton,6238,20,4547,10,1691,10,5489,11,39534,85,45023,96,0,65,-11,471,31,5702,0,136,83
01-17-21,Trousdale,2303,1,2202,1,101,0,2359,1,7917,17,10276,18,0,14,-3,76,4,2213,0,35,19
01-17-21,Unicoi,1653,4,1320,2,333,2,1447,2,11335,30,12782,32,0,43,-3,149,7,1461,0,59,43
01-17-21,Union,1450,7,1255,4,195,3,1359,3,8922,16,10281,19,0,21,-4,92,11,1337,0,47,23
01-17-21,Van Buren,742,4,633,2,109,2,697,2,4524,4,5221,6,0,7,0,83,4,652,0,16,11
01-17-21,Warren,4885,13,4246,7,639,6,4802,9,27745,62,32547,71,0,53,-6,313,19,4519,0,73,64
01-17-21,Washington,11651,29,10189,22,1462,7,11204,21,67004,225,78208,246,0,191,-24,881,53,10579,0,300,206
01-17-21,Wayne,2639,10,2219,8,420,2,2429,8,10012,21,12441,29,0,19,2,111,8,2509,1,51,23
01-17-21,Weakley,3492,7,2675,2,817,5,3050,2,19000,34,22050,36,0,48,-12,173,19,3271,0,53,51
01-17-21,White,3071,18,2595,14,476,4,3185,14,19787,27,22972,41,0,43,1,193,17,2835,1,96,54
01-17-21,Williamson,21500,89,19068,67,2432,22,21235,61,148640,472,169875,533,0,138,-80,1697,169,19665,1,258,175
01-17-21,Wilson,14472,35,13408,33,1064,2,15318,39,82725,277,98043,316,1,155,-58,999,92,13318,0,297,178
01-16-21,Anderson,6908,66,5498,29,1410,37,6137,34,52825,246,58962,280,1,102,3,661,62,6145,1,176,125
01-16-21,Bedford,5309,60,4340,47,969,13,5006,55,26361,253,31367,308,1,86,12,435,47,4788,0,107,97
01-16-21,Benton,1374,9,1152,8,222,1,1274,8,7978,58,9252,66,0,35,0,96,9,1243,1,35,37
01-16-21,Bledsoe,1762,12,1658,8,104,4,1757,11,12962,41,14719,52,0,10,0,67,12,1685,0,28,10
01-16-21,Blount,12439,112,11124,91,1315,21,12231,103,60686,363,72917,466,1,123,7,1041,104,11275,0,275,147
01-16-21,Bradley,10853,130,9421,104,1432,26,10683,124,52617,396,63300,520,0,90,32,840,98,9923,8,439,110
01-16-21,Campbell,3287,60,2017,13,1270,47,2260,16,22483,85,24743,101,1,40,39,277,20,2970,1,99,48
01-16-21,Cannon,1580,11,1327,7,253,4,1478,7,7821,46,9299,53,0,19,-1,126,12,1435,0,29,23
01-16-21,Carroll,3113,24,2126,20,987,4,2502,27,17630,73,20132,100,0,59,4,234,20,2820,2,73,70
01-16-21,Carter,5355,32,4728,26,627,6,5158,26,30926,226,36084,252,0,112,-11,415,43,4828,0,199,136
01-16-21,Cheatham,3367,19,2763,10,604,9,3124,14,22429,136,25553,150,1,29,-5,231,23,3107,0,71,36
01-16-21,Chester,1783,19,1307,16,476,3,1561,17,9606,48,11167,65,0,37,5,118,14,1628,0,35,41
01-16-21,Claiborne,2094,50,1475,23,619,27,1568,23,19505,293,21073,316,1,22,36,262,13,1810,5,67,42
01-16-21,Clay,977,7,686,4,291,3,785,4,4934,20,5719,24,0,26,1,61,6,890,0,21,28
01-16-21,Cocke,3458,28,2503,14,955,14,2759,16,17581,89,20340,105,0,56,-20,257,48,3145,0,94,78
01-16-21,Coffee,5609,59,4148,42,1461,17,5096,61,38700,269,43796,330,0,81,12,430,47,5098,1,98,96
01-16-21,Crockett,1839,3,1136,2,703,1,1320,3,6448,32,7768,35,0,38,-11,83,14,1718,0,29,44
01-16-21,Cumberland,5523,62,4729,48,794,14,5417,56,42482,278,47899,334,0,72,1,597,61,4854,1,130,89
01-16-21,Davidson,71922,831,68928,767,2994,64,83704,1022,742796,5511,826500,6533,2,656,394,6125,435,65141,7,1761,704
01-16-21,Decatur,1465,10,1112,7,353,3,1324,8,10273,52,11597,60,0,26,-2,77,12,1362,0,36,32
01-16-21,Dekalb,2392,16,1825,7,567,9,2112,10,14816,84,16928,94,1,41,-2,148,17,2203,0,50,44
01-16-21,Dickson,5347,36,4098,22,1249,14,4871,38,29520,156,34391,194,0,77,-42,194,78,5076,2,108,85
01-16-21,Dyer,4814,37,3281,18,1533,19,3689,19,19351,89,23040,108,1,82,8,337,28,4395,2,98,86
01-16-21,Fayette,4106,51,3650,42,456,9,4487,57,30999,279,35486,336,0,51,4,381,47,3674,0,110,58
01-16-21,Fentress,2150,9,1890,8,260,1,2156,9,10077,117,12233,126,0,31,-2,138,11,1981,0,52,39
01-16-21,Franklin,4140,59,3564,39,576,20,4178,43,29008,222,33186,265,2,58,23,313,34,3769,1,95,72
01-16-21,Gibson,5656,29,3511,19,2145,10,4249,22,25802,136,30051,158,0,111,-6,358,35,5187,0,93,117
01-16-21,Giles,3269,27,2831,24,438,3,3243,32,19438,127,22681,159,0,71,-32,355,59,2843,1,101,74
01-16-21,Grainger,2102,25,1646,17,456,8,1840,20,11813,100,13653,120,0,35,9,196,16,1871,0,59,43
01-16-21,Greene,6593,57,5293,39,1300,18,5876,41,37037,403,42913,444,0,108,-3,665,60,5820,1,164,118
01-16-21,Grundy,1435,9,1250,7,185,2,1444,8,6546,51,7990,59,0,20,0,102,9,1313,0,53,24
01-16-21,Hamblen,6952,70,5296,29,1656,41,5926,35,39935,207,45861,242,3,109,13,568,54,6275,0,220,136
01-16-21,Hamilton,34402,407,30568,314,3834,93,34268,375,262847,2420,297115,2795,2,326,-26,2110,431,31966,8,952,372
01-16-21,Hancock,425,7,315,2,110,5,336,2,3362,51,3698,53,0,6,6,59,1,360,0,17,9
01-16-21,Hardeman,3130,13,2606,8,524,5,3053,8,21976,86,25029,94,0,52,-3,162,16,2916,0,93,56
01-16-21,Hardin,3055,17,2132,9,923,8,2552,12,20310,130,22862,142,1,47,-7,204,23,2804,0,55,52
01-16-21,Hawkins,4428,42,3738,26,690,16,4021,33,26237,277,30258,310,0,68,-4,498,46,3862,0,123,78
01-16-21,Haywood,2453,17,2074,15,379,2,2353,17,11993,80,14346,97,0,45,6,148,11,2260,0,73,52
01-16-21,Henderson,3357,9,2383,9,974,0,3005,14,14688,77,17693,91,1,56,-21,216,29,3085,0,71,63
01-16-21,Henry,2674,19,2135,17,539,2,2469,19,15929,64,18398,83,1,58,2,181,16,2435,0,68,61
01-16-21,Hickman,2372,26,2003,18,369,8,2318,22,13838,109,16156,131,0,34,-2,167,28,2171,0,47,36
01-16-21,Houston,963,10,735,7,228,3,835,8,7880,97,8715,105,0,22,5,50,5,891,0,38,27
01-16-21,Humphreys,1338,7,930,5,408,2,1086,8,9985,59,11071,67,0,17,-1,60,8,1261,0,27,18
01-16-21,Jackson,1135,9,908,7,227,2,1061,7,4733,25,5794,32,0,21,0,61,9,1053,0,34,28
01-16-21,Jefferson,4862,66,3530,37,1332,29,3983,47,31084,234,35067,281,0,75,14,555,52,4232,1,147,82
01-16-21,Johnson,2000,7,1833,5,167,2,1947,7,12069,105,14016,112,1,32,-1,155,7,1813,0,53,33
01-16-21,Knox,39419,423,34676,342,4743,81,37837,397,262401,1778,300238,2175,1,390,12,3280,410,35749,7,1095,436
01-16-21,Lake,1552,9,1388,9,164,0,1637,9,8901,36,10538,45,0,19,3,64,6,1469,0,21,20
01-16-21,Lauderdale,2887,16,2265,13,622,3,2592,13,18178,69,20770,82,0,31,6,187,10,2669,1,79,34
01-16-21,Lawrence,5044,33,4025,25,1019,8,4434,36,24364,179,28798,215,0,69,-29,415,62,4560,0,124,71
01-16-21,Lewis,1280,3,1069,3,211,0,1157,6,8966,60,10123,66,0,20,-4,82,7,1178,0,36,22
01-16-21,Lincoln,3764,46,2975,37,789,9,3381,44,14976,99,18357,143,0,44,10,297,36,3423,2,73,47
01-16-21,Loudon,4872,43,4039,26,833,17,4393,27,26559,185,30952,212,0,50,9,430,34,4392,0,106,50
01-16-21,Macon,3042,17,2470,16,572,1,2900,18,13357,93,16257,111,0,50,-3,164,20,2828,0,110,62
01-16-21,Madison,9148,45,5194,35,3954,10,6374,42,47400,284,53774,326,0,178,-11,-63,56,9033,2,315,199
01-16-21,Marion,2571,57,2254,45,317,12,2527,48,14763,162,17290,210,0,31,41,323,16,2217,1,98,42
01-16-21,Marshall,3419,54,2891,36,528,18,3245,38,20008,138,23253,176,0,36,21,379,33,3004,2,77,41
01-16-21,Maury,10870,96,9957,91,913,5,10990,101,61695,460,72685,561,1,123,12,986,83,9761,3,247,136
01-16-21,McMinn,5143,55,4702,48,441,7,5182,53,34314,330,39496,383,0,73,24,446,31,4624,1,126,78
01-16-21,McNairy,2350,31,1679,23,671,8,2084,25,14890,99,16974,124,0,42,2,119,29,2189,0,56,47
01-16-21,Meigs,1103,17,1021,15,82,2,1137,17,6399,54,7536,71,0,16,11,90,6,997,0,34,18
01-16-21,Monroe,4581,61,3823,42,758,19,4273,45,22452,163,26725,208,0,62,28,468,33,4051,2,129,76
01-16-21,Montgomery,14563,227,11256,160,3307,67,12380,180,90495,866,102875,1046,0,148,91,1641,136,12774,4,265,173
01-16-21,Moore,837,2,667,1,170,1,755,5,4212,30,4967,35,1,9,-2,61,3,767,0,14,10
01-16-21,Morgan,2029,24,1568,17,461,7,1677,22,13284,62,14961,84,-1,14,14,232,11,1783,0,28,22
01-16-21,Obion,4105,21,3078,17,1027,4,3480,17,19022,160,22502,177,4,78,-10,247,27,3780,1,93,83
01-16-21,Out of State,14255,152,11523,115,2732,37,12911,142,515932,2765,528843,2907,1,79,50,1106,101,13070,1,166,67
01-16-21,Overton,2622,30,2026,14,596,16,2387,13,12968,86,15355,99,0,42,7,234,23,2346,0,59,53
01-16-21,Pending,12940,183,8710,89,4230,94,9636,111,331146,2406,340782,2517,-1,127,-11,1443,195,11370,2,114,103
01-16-21,Perry,960,9,844,8,116,1,939,8,5520,25,6459,33,0,25,1,30,8,905,0,27,25
01-16-21,Pickett,688,5,466,4,222,1,557,4,3017,36,3574,40,0,19,1,75,4,594,0,28,21
01-16-21,Polk,1409,19,1308,15,101,4,1461,18,7466,60,8927,78,0,17,9,141,10,1251,1,51,20
01-16-21,Putnam,9658,105,8120,84,1538,21,9740,102,60441,475,70181,577,0,136,63,696,42,8826,0,187,155
01-16-21,Rhea,3712,40,3305,30,407,10,3709,33,22070,224,25779,257,1,56,5,322,34,3334,0,77,64
01-16-21,Roane,5112,59,4146,35,966,24,4584,39,36141,269,40725,308,1,78,19,393,39,4641,0,122,83
01-16-21,Robertson,7841,87,6526,49,1315,38,7375,59,36254,315,43629,374,0,85,23,666,64,7090,3,364,95
01-16-21,Rutherford,33433,351,30069,269,3364,82,35128,341,188397,1542,223525,1883,0,282,68,2609,283,30542,4,509,311
01-16-21,Scott,2516,20,1530,9,986,11,1626,15,9855,59,11481,74,0,31,-1,187,21,2298,0,57,35
01-16-21,Sequatchie,1323,14,1114,5,209,9,1214,6,10387,51,11601,57,0,18,-3,125,17,1180,0,30,23
01-16-21,Sevier,10455,118,9507,95,948,23,10404,108,54463,530,64867,638,0,108,60,816,58,9531,2,234,129
01-16-21,Shelby,77127,735,72956,651,4171,84,89500,839,747937,6354,837437,7193,13,1115,215,5433,507,70579,13,3099,1286
01-16-21,Smith,2344,10,1855,6,489,4,2333,7,11450,110,13783,117,0,27,-3,146,13,2171,2,57,29
01-16-21,Stewart,1066,9,833,9,233,0,939,11,5816,49,6755,60,0,20,-4,79,13,967,0,21,21
01-16-21,Sullivan,12625,132,11142,99,1483,33,12025,128,69426,545,81451,673,1,210,12,846,119,11569,12,642,239
01-16-21,Sumner,18707,202,17409,172,1298,30,19695,212,98713,749,118408,961,0,229,68,1437,134,17041,4,651,267
01-16-21,Tipton,6218,59,4537,33,1681,26,5478,42,39449,224,44927,266,1,65,13,482,45,5671,1,136,82
01-16-21,Trousdale,2302,2,2201,1,101,1,2358,7,7900,51,10258,58,0,14,-1,79,3,2209,0,35,19
01-16-21,Unicoi,1649,18,1318,12,331,6,1445,12,11305,59,12750,71,0,43,5,152,13,1454,1,59,43
01-16-21,Union,1443,20,1251,16,192,4,1356,16,8906,52,10262,68,0,21,11,96,9,1326,0,47,23
01-16-21,Van Buren,738,11,631,10,107,1,695,10,4520,19,5215,29,0,7,3,83,8,648,0,16,11
01-16-21,Warren,4872,39,4239,35,633,4,4793,39,27683,158,32476,197,0,53,12,319,27,4500,0,73,62
01-16-21,Washington,11622,96,10167,78,1455,18,11183,84,66779,607,77962,691,0,191,18,905,78,10526,1,300,206
01-16-21,Wayne,2629,8,2211,8,418,0,2421,9,9991,51,12412,60,0,19,-9,109,17,2501,1,50,23
01-16-21,Weakley,3485,17,2673,10,812,7,3048,11,18966,211,22014,222,0,48,-10,185,27,3252,0,53,51
01-16-21,White,3053,26,2581,22,472,4,3171,28,19760,161,22931,189,0,43,16,192,10,2818,1,95,53
01-16-21,Williamson,21411,240,19001,193,2410,47,21174,205,148168,1095,169342,1300,0,138,-16,1777,256,19496,0,257,173
01-16-21,Wilson,14437,149,13375,130,1062,19,15279,163,82448,654,97727,817,0,154,37,1057,112,13226,4,297,178
01-15-21,Anderson,6842,34,5469,20,1373,14,6103,24,52579,155,58682,179,0,101,-19,658,53,6083,1,175,122
01-15-21,Bedford,5249,20,4293,8,956,12,4951,11,26108,48,31059,59,0,85,-13,423,33,4741,0,107,95
01-15-21,Benton,1365,7,1144,2,221,5,1266,2,7920,8,9186,10,1,35,-1,96,7,1234,0,34,37
01-15-21,Bledsoe,1750,2,1650,2,100,0,1746,0,12921,49,14667,49,0,10,1,67,1,1673,0,28,10
01-15-21,Blount,12327,62,11033,47,1294,15,12128,51,60323,164,72451,215,2,122,7,1034,53,11171,0,275,146
01-15-21,Bradley,10723,50,9317,34,1406,16,10559,23,52221,84,62780,107,-1,90,-14,808,65,9825,1,431,108
01-15-21,Campbell,3227,11,2004,5,1223,6,2244,9,22398,43,24642,52,0,39,-16,238,27,2950,0,98,48
01-15-21,Cannon,1569,9,1320,4,249,5,1471,4,7775,25,9246,29,0,19,5,127,4,1423,1,29,23
01-15-21,Carroll,3089,11,2106,4,983,7,2475,3,17557,13,20032,16,0,59,1,230,10,2800,0,71,69
01-15-21,Carter,5323,9,4702,6,621,3,5132,5,30700,79,35832,84,4,112,-17,426,22,4785,1,199,134
01-15-21,Cheatham,3348,29,2753,19,595,10,3110,18,22293,123,25403,141,0,28,13,236,16,3084,1,71,36
01-15-21,Chester,1764,7,1291,2,473,5,1544,3,9558,8,11102,11,1,37,3,113,3,1614,0,35,41
01-15-21,Claiborne,2044,16,1452,11,592,5,1545,12,19212,22,20757,34,0,21,3,226,13,1797,1,62,40
01-15-21,Clay,970,12,682,3,288,9,781,3,4914,3,5695,6,0,26,11,60,1,884,1,21,28
01-15-21,Cocke,3430,14,2489,7,941,7,2743,5,17492,31,20235,36,1,56,-19,277,32,3097,0,94,77
01-15-21,Coffee,5550,11,4106,3,1444,8,5035,2,38431,97,43466,99,0,81,-7,418,18,5051,1,97,96
01-15-21,Crockett,1836,2,1134,2,702,0,1317,2,6416,10,7733,12,0,38,-7,94,9,1704,0,29,44
01-15-21,Cumberland,5461,31,4681,20,780,11,5361,21,42204,56,47565,77,1,72,-7,596,37,4793,0,129,87
01-15-21,Davidson,71091,261,68161,226,2930,35,82682,284,737285,2395,819967,2679,6,654,-38,5731,293,64706,1,1754,701
01-15-21,Decatur,1455,2,1105,2,350,0,1316,2,10221,4,11537,6,2,26,-1,79,1,1350,0,36,31
01-15-21,Dekalb,2376,15,1818,12,558,3,2102,12,14732,20,16834,32,0,40,9,150,6,2186,0,50,44
01-15-21,Dickson,5311,29,4076,15,1235,14,4833,17,29364,88,34197,105,0,77,16,236,13,4998,0,106,84
01-15-21,Dyer,4777,9,3263,6,1514,3,3670,6,19262,32,22932,38,0,81,2,329,7,4367,0,96,85
01-15-21,Fayette,4055,29,3608,25,447,4,4430,34,30720,53,35150,87,0,51,-5,377,34,3627,0,110,58
01-15-21,Fentress,2141,7,1882,5,259,2,2147,5,9960,17,12107,22,1,31,1,140,5,1970,0,52,39
01-15-21,Franklin,4081,28,3525,11,556,17,4135,14,28786,50,32921,64,0,56,17,290,11,3735,1,94,71
01-15-21,Gibson,5627,21,3492,13,2135,8,4227,13,25666,46,29893,59,2,111,-5,364,24,5152,1,93,117
01-15-21,Giles,3242,12,2807,9,435,3,3211,13,19311,45,22522,58,0,71,-7,387,19,2784,0,100,72
01-15-21,Grainger,2077,13,1629,9,448,4,1820,10,11713,30,13533,40,1,35,5,187,7,1855,0,59,43
01-15-21,Greene,6536,15,5254,11,1282,4,5835,9,36634,42,42469,51,0,108,-13,668,28,5760,0,163,118
01-15-21,Grundy,1426,3,1243,1,183,2,1436,1,6495,7,7931,8,0,20,-4,102,7,1304,0,53,24
01-15-21,Hamblen,6882,39,5267,12,1615,27,5891,13,39728,54,45619,67,0,106,12,555,27,6221,2,220,134
01-15-21,Hamilton,33995,131,30254,103,3741,28,33893,106,260427,637,294320,743,2,324,-69,2136,198,31535,4,944,367
01-15-21,Hancock,418,1,313,1,105,0,334,1,3311,0,3645,1,0,6,1,53,0,359,0,17,9
01-15-21,Hardeman,3117,6,2598,2,519,4,3045,1,21890,103,24935,104,1,52,-6,165,11,2900,0,93,56
01-15-21,Hardin,3038,6,2123,1,915,5,2540,2,20180,11,22720,13,0,46,-3,211,9,2781,0,55,52
01-15-21,Hawkins,4386,19,3712,13,674,6,3988,11,25960,84,29948,95,1,68,-11,502,29,3816,0,123,76
01-15-21,Haywood,2436,8,2059,4,377,4,2336,4,11913,29,14249,33,1,45,4,142,3,2249,0,73,52
01-15-21,Henderson,3348,9,2374,4,974,5,2991,4,14611,19,17602,23,2,55,-4,237,11,3056,0,71,62
01-15-21,Henry,2655,19,2118,11,537,8,2450,12,15865,20,18315,32,0,57,13,179,6,2419,0,68,61
01-15-21,Hickman,2346,8,1985,2,361,6,2296,1,13729,27,16025,28,0,34,-2,169,10,2143,0,47,36
01-15-21,Houston,953,1,728,1,225,0,827,1,7783,23,8610,24,0,22,-4,45,5,886,0,38,27
01-15-21,Humphreys,1331,11,925,8,406,3,1078,8,9926,13,11004,21,0,17,10,61,1,1253,0,27,18
01-15-21,Jackson,1126,4,901,3,225,1,1054,5,4708,6,5762,11,1,21,-1,61,4,1044,1,34,28
01-15-21,Jefferson,4796,43,3493,22,1303,21,3936,21,30850,58,34786,79,0,75,2,541,41,4180,1,146,80
01-15-21,Johnson,1993,4,1828,3,165,1,1940,2,11964,16,13904,18,1,31,-8,156,11,1806,0,53,32
01-15-21,Knox,38996,188,34334,150,4662,38,37440,147,260623,743,298063,890,0,389,-92,3268,280,35339,4,1088,428
01-15-21,Lake,1543,4,1379,4,164,0,1628,3,8865,10,10493,13,0,19,4,61,0,1463,0,21,20
01-15-21,Lauderdale,2871,10,2252,4,619,6,2579,4,18109,22,20688,26,0,31,-1,181,11,2659,1,78,34
01-15-21,Lawrence,5011,24,4000,15,1011,9,4398,15,24185,41,28583,56,0,69,7,444,17,4498,0,124,71
01-15-21,Lewis,1277,3,1066,2,211,1,1151,2,8906,2,10057,4,0,20,0,86,3,1171,0,36,22
01-15-21,Lincoln,3718,8,2938,7,780,1,3337,7,14877,12,18214,19,0,44,-4,287,12,3387,0,71,46
01-15-21,Loudon,4829,23,4013,14,816,9,4366,14,26374,59,30740,73,1,50,-4,421,26,4358,2,106,50
01-15-21,Macon,3025,27,2454,19,571,8,2882,22,13264,44,16146,66,0,50,22,167,5,2808,1,110,61
01-15-21,Madison,9103,25,5159,14,3944,11,6332,15,47116,79,53448,94,3,178,-28,-52,50,8977,1,313,198
01-15-21,Marion,2514,16,2209,13,305,3,2479,12,14601,15,17080,27,0,31,2,282,14,2201,1,97,42
01-15-21,Marshall,3365,24,2855,14,510,10,3207,10,19870,24,23077,34,0,36,5,358,19,2971,2,75,41
01-15-21,Maury,10774,46,9866,25,908,21,10889,22,61235,92,72124,114,2,122,-19,974,63,9678,4,244,134
01-15-21,McMinn,5088,16,4654,13,434,3,5129,12,33984,38,39113,50,1,73,-21,422,36,4593,1,125,77
01-15-21,McNairy,2319,12,1656,6,663,6,2059,6,14791,5,16850,11,0,42,6,117,6,2160,0,56,46
01-15-21,Meigs,1086,1,1006,0,80,1,1120,0,6345,7,7465,7,0,16,-7,79,8,991,0,34,18
01-15-21,Monroe,4520,37,3781,26,739,11,4228,29,22289,58,26517,87,0,62,14,440,23,4018,0,127,74
01-15-21,Montgomery,14336,145,11096,60,3240,85,12200,57,89629,152,101829,209,3,148,45,1550,97,12638,0,261,171
01-15-21,Moore,835,4,666,4,169,0,750,1,4182,5,4932,6,0,8,-1,63,5,764,0,14,10
01-15-21,Morgan,2005,11,1551,7,454,4,1655,6,13222,19,14877,25,2,15,2,218,7,1772,0,28,22
01-15-21,Obion,4084,10,3061,7,1023,3,3463,8,18862,32,22325,40,0,74,5,257,5,3753,0,92,82
01-15-21,Out of State,14103,59,11408,45,2695,14,12769,51,513167,1044,525936,1095,1,78,-41,1056,99,12969,0,165,65
01-15-21,Overton,2592,8,2012,5,580,3,2374,7,12882,13,15256,20,0,42,-3,227,11,2323,1,59,52
01-15-21,Pending,12757,76,8621,21,4136,55,9525,25,328740,733,338265,758,3,128,-7,1454,80,11175,0,112,102
01-15-21,Perry,951,1,836,1,115,0,931,2,5495,4,6426,6,1,25,-3,29,3,897,0,27,25
01-15-21,Pickett,683,4,462,0,221,4,553,1,2981,3,3534,4,0,19,0,74,4,590,0,28,21
01-15-21,Polk,1390,11,1293,11,97,0,1443,11,7406,13,8849,24,0,17,6,132,5,1241,0,50,20
01-15-21,Putnam,9553,30,8036,15,1517,15,9638,20,59966,85,69604,105,5,136,8,633,17,8784,1,187,151
01-15-21,Rhea,3672,17,3275,14,397,3,3676,14,21846,28,25522,42,0,55,2,317,15,3300,1,77,63
01-15-21,Roane,5053,20,4111,9,942,11,4545,13,35872,60,40417,73,0,77,-2,374,22,4602,2,122,83
01-15-21,Robertson,7754,61,6477,41,1277,20,7316,45,35939,142,43255,187,0,85,16,643,45,7026,1,361,93
01-15-21,Rutherford,33082,122,29800,89,3282,33,34787,103,186855,535,221642,638,1,282,-54,2541,175,30259,0,505,307
01-15-21,Scott,2496,17,1521,14,975,3,1611,9,9796,25,11407,34,0,31,12,188,5,2277,1,57,35
01-15-21,Sequatchie,1309,12,1109,9,200,3,1208,9,10336,11,11544,20,0,18,7,128,5,1163,0,30,23
01-15-21,Sevier,10337,49,9412,32,925,17,10296,38,53933,68,64229,106,5,108,-36,756,80,9473,1,232,128
01-15-21,Shelby,76392,246,72305,192,4087,54,88661,227,741583,2090,830244,2317,14,1102,-75,5218,307,70072,8,3086,1281
01-15-21,Smith,2334,9,1849,0,485,9,2326,0,11340,15,13666,15,0,27,-2,149,11,2158,0,55,29
01-15-21,Stewart,1057,6,824,2,233,4,928,3,5767,9,6695,12,0,20,1,83,5,954,0,21,21
01-15-21,Sullivan,12493,21,11043,12,1450,9,11897,15,68881,86,80778,101,2,209,-69,834,88,11450,1,630,238
01-15-21,Sumner,18505,61,17237,46,1268,15,19483,53,97964,253,117447,306,1,229,-40,1369,100,16907,1,647,266
01-15-21,Tipton,6159,24,4504,3,1655,21,5436,5,39225,69,44661,74,1,64,-8,469,31,5626,0,135,80
01-15-21,Trousdale,2300,5,2200,5,100,0,2351,6,7849,13,10200,19,0,14,2,80,3,2206,0,35,19
01-15-21,Unicoi,1631,6,1306,3,325,3,1433,2,11246,19,12679,21,0,43,1,147,5,1441,0,58,43
01-15-21,Union,1423,3,1235,3,188,0,1340,3,8854,17,10194,20,0,21,-5,85,8,1317,0,47,22
01-15-21,Van Buren,727,5,621,1,106,4,685,1,4501,2,5186,3,0,7,2,80,3,640,0,16,11
01-15-21,Warren,4833,10,4204,6,629,4,4754,7,27525,36,32279,43,0,53,-14,307,24,4473,0,73,62
01-15-21,Washington,11526,34,10089,24,1437,10,11099,22,66172,162,77271,184,0,191,-7,887,41,10448,2,299,205
01-15-21,Wayne,2621,4,2203,2,418,2,2412,2,9940,17,12352,19,0,19,-2,118,6,2484,0,49,23
01-15-21,Weakley,3468,9,2663,4,805,5,3037,5,18755,38,21792,43,0,48,-1,195,10,3225,0,53,51
01-15-21,White,3027,7,2559,5,468,2,3143,6,19599,12,22742,18,1,43,-5,176,11,2808,0,94,52
01-15-21,Williamson,21171,69,18808,41,2363,28,20969,47,147073,444,168042,491,0,138,-58,1793,127,19240,0,257,171
01-15-21,Wilson,14288,29,13245,20,1043,9,15116,22,81794,150,96910,172,2,154,-60,1020,87,13114,1,293,177
01-14-21,Anderson,6808,98,5449,63,1359,35,6079,77,52424,418,58503,495,5,101,9,677,84,6030,2,174,119
01-14-21,Bedford,5229,59,4285,56,944,3,4940,60,26060,187,31000,247,1,85,15,436,43,4708,2,107,93
01-14-21,Benton,1358,14,1142,9,216,5,1264,13,7912,62,9176,75,0,34,7,97,7,1227,0,34,37
01-14-21,Bledsoe,1748,17,1648,17,100,0,1746,17,12872,82,14618,99,0,10,7,66,10,1672,0,28,10
01-14-21,Blount,12265,108,10986,88,1279,20,12077,99,60159,347,72236,446,3,120,0,1027,105,11118,1,275,144
01-14-21,Bradley,10673,145,9283,120,1390,25,10536,126,52137,376,62673,502,1,91,-4,822,148,9760,5,430,107
01-14-21,Campbell,3216,27,1999,14,1217,13,2235,17,22355,76,24590,93,-1,39,5,254,23,2923,0,98,46
01-14-21,Cannon,1560,19,1316,14,244,5,1467,15,7750,46,9217,61,1,19,4,122,14,1419,1,28,23
01-14-21,Carroll,3078,37,2102,28,976,9,2472,23,17544,82,20016,105,0,59,7,229,30,2790,0,71,69
01-14-21,Carter,5314,45,4696,38,618,7,5127,45,30621,177,35748,222,3,108,-8,443,50,4763,1,198,133
01-14-21,Cheatham,3319,21,2734,16,585,5,3092,13,22170,137,25262,150,0,28,-15,223,36,3068,0,70,35
01-14-21,Chester,1757,14,1289,12,468,2,1541,14,9550,46,11091,60,0,36,-11,110,25,1611,0,35,41
01-14-21,Claiborne,2028,28,1441,21,587,7,1533,27,19190,134,20723,161,0,21,2,223,26,1784,1,61,39
01-14-21,Clay,958,19,679,10,279,9,778,11,4911,40,5689,51,1,26,15,49,3,883,0,20,28
01-14-21,Cocke,3416,33,2482,21,934,12,2738,27,17461,142,20199,169,0,55,-38,296,71,3065,1,94,77
01-14-21,Coffee,5539,41,4103,30,1436,11,5033,31,38334,198,43367,229,1,81,-9,425,49,5033,1,96,96
01-14-21,Crockett,1834,9,1132,5,702,4,1315,4,6406,39,7721,43,0,38,-7,101,16,1695,0,29,44
01-14-21,Cumberland,5430,54,4661,43,769,11,5340,49,42148,309,47488,358,1,71,-20,603,73,4756,0,129,86
01-14-21,Davidson,70830,634,67935,570,2895,64,82398,657,734890,3820,817288,4477,2,648,163,5769,469,64413,4,1753,695
01-14-21,Decatur,1453,9,1103,6,350,3,1314,5,10217,34,11531,39,1,24,0,80,8,1349,0,36,28
01-14-21,Dekalb,2361,26,1806,21,555,5,2090,24,14712,94,16802,118,1,40,5,141,20,2180,0,50,44
01-14-21,Dickson,5282,34,4061,16,1221,18,4816,23,29276,128,34092,151,2,77,-21,220,53,4985,1,106,84
01-14-21,Dyer,4768,37,3257,14,1511,23,3664,19,19230,104,22894,123,0,81,-16,327,53,4360,0,96,85
01-14-21,Fayette,4026,27,3583,22,443,5,4396,30,30667,259,35063,289,0,51,-33,382,60,3593,0,110,57
01-14-21,Fentress,2134,31,1877,29,257,2,2142,34,9943,142,12085,176,0,30,19,139,12,1965,0,52,39
01-14-21,Franklin,4053,29,3514,18,539,11,4121,18,28736,207,32857,225,3,56,-13,273,39,3724,1,93,70
01-14-21,Gibson,5606,41,3479,24,2127,17,4214,30,25620,182,29834,212,1,109,-2,369,42,5128,0,92,117
01-14-21,Giles,3230,28,2798,25,432,3,3198,28,19266,112,22464,140,1,71,-8,394,35,2765,0,100,72
01-14-21,Grainger,2064,28,1620,20,444,8,1810,26,11683,82,13493,108,2,34,16,182,10,1848,0,59,43
01-14-21,Greene,6521,46,5243,38,1278,8,5826,42,36592,268,42418,310,3,108,-14,681,57,5732,0,163,118
01-14-21,Grundy,1423,9,1242,9,181,0,1435,10,6488,60,7923,70,0,20,-9,106,18,1297,0,53,24
01-14-21,Hamblen,6843,95,5255,50,1588,45,5878,53,39674,235,45552,288,3,106,29,543,63,6194,0,218,132
01-14-21,Hamilton,33864,325,30151,279,3713,46,33787,300,259790,1220,293577,1520,2,322,-102,2205,425,31337,13,940,366
01-14-21,Hancock,417,8,312,6,105,2,333,7,3311,17,3644,24,0,6,-6,52,14,359,0,17,8
01-14-21,Hardeman,3111,23,2596,19,515,4,3044,22,21787,65,24831,87,0,51,8,171,15,2889,0,93,56
01-14-21,Hardin,3032,21,2122,15,910,6,2538,21,20169,105,22707,126,1,46,-15,214,35,2772,0,55,52
01-14-21,Hawkins,4367,49,3699,40,668,9,3977,44,25876,279,29853,323,0,67,21,513,28,3787,0,123,76
01-14-21,Haywood,2428,28,2055,23,373,5,2332,24,11884,97,14216,121,0,44,8,138,20,2246,1,73,51
01-14-21,Henderson,3339,22,2370,15,969,7,2987,19,14592,71,17579,90,0,53,-7,241,29,3045,0,71,60
01-14-21,Henry,2636,30,2107,27,529,3,2438,31,15845,76,18283,107,1,57,7,166,22,2413,2,68,61
01-14-21,Hickman,2338,18,1983,11,355,7,2295,12,13702,44,15997,56,0,34,-1,171,19,2133,1,47,36
01-14-21,Houston,952,8,727,6,225,2,826,6,7760,183,8586,189,0,22,-1,49,9,881,0,38,27
01-14-21,Humphreys,1320,12,917,8,403,4,1070,9,9913,82,10983,91,0,17,5,51,7,1252,1,27,18
01-14-21,Jackson,1122,3,898,3,224,0,1049,4,4702,34,5751,38,0,20,-4,62,7,1040,0,33,27
01-14-21,Jefferson,4753,61,3471,43,1282,18,3915,45,30792,242,34707,287,0,75,24,539,37,4139,0,145,79
01-14-21,Johnson,1989,58,1825,57,164,1,1938,55,11948,101,13886,156,0,30,48,164,10,1795,0,53,32
01-14-21,Knox,38808,339,34184,268,4624,71,37293,321,259880,1538,297173,1859,6,389,-91,3360,424,35059,7,1084,418
01-14-21,Lake,1539,10,1375,9,164,1,1625,11,8855,38,10480,49,0,19,1,57,9,1463,0,21,20
01-14-21,Lauderdale,2861,17,2248,14,613,3,2575,18,18087,92,20662,110,0,31,-1,182,18,2648,0,77,34
01-14-21,Lawrence,4987,54,3985,51,1002,3,4383,57,24144,162,28527,219,0,69,13,437,41,4481,1,124,71
01-14-21,Lewis,1274,9,1064,5,210,4,1149,5,8904,22,10053,27,0,20,4,86,5,1168,1,36,21
01-14-21,Lincoln,3710,29,2931,21,779,8,3330,27,14865,82,18195,109,0,44,-1,291,30,3375,0,71,46
01-14-21,Loudon,4806,68,3999,58,807,10,4352,57,26315,122,30667,179,2,49,21,425,45,4332,2,104,49
01-14-21,Macon,2998,9,2435,7,563,2,2860,10,13220,68,16080,78,0,50,-15,145,24,2803,0,109,60
01-14-21,Madison,9078,58,5145,33,3933,25,6317,32,47037,255,53354,287,3,175,-11,-24,66,8927,0,312,197
01-14-21,Marion,2498,27,2196,25,302,2,2467,27,14586,118,17053,145,0,31,-6,280,33,2187,1,96,41
01-14-21,Marshall,3341,38,2841,20,500,18,3197,26,19846,81,23043,107,1,36,-1,353,38,2952,1,73,39
01-14-21,Maury,10728,101,9841,85,887,16,10867,91,61143,422,72010,513,2,120,9,993,90,9615,2,240,134
01-14-21,McMinn,5072,45,4641,36,431,9,5117,42,33946,239,39063,281,0,72,-4,443,49,4557,1,124,77
01-14-21,McNairy,2307,19,1650,13,657,6,2053,15,14786,78,16839,93,0,42,-6,111,25,2154,0,56,46
01-14-21,Meigs,1085,14,1006,14,79,0,1120,16,6338,78,7458,94,0,16,2,86,12,983,0,34,18
01-14-21,Monroe,4483,29,3755,19,728,10,4199,23,22231,106,26430,129,0,62,-8,426,37,3995,0,127,74
01-14-21,Montgomery,14191,213,11036,128,3155,85,12143,130,89477,564,101620,694,0,145,74,1505,139,12541,7,261,170
01-14-21,Moore,831,3,662,3,169,0,749,5,4177,16,4926,21,0,8,-4,64,7,759,1,14,10
01-14-21,Morgan,1994,33,1544,20,450,13,1649,25,13203,53,14852,78,0,13,0,216,33,1765,0,28,21
01-14-21,Obion,4074,30,3054,26,1020,4,3455,30,18830,169,22285,199,0,74,6,252,24,3748,0,92,82
01-14-21,Out of State,14044,158,11363,120,2681,38,12718,133,512123,2651,524841,2784,1,77,-51,1097,208,12870,1,165,63
01-14-21,Overton,2584,24,2007,17,577,7,2367,19,12869,107,15236,126,0,42,0,230,24,2312,0,58,52
01-14-21,Pending,12681,118,8600,57,4081,61,9500,74,328007,1744,337507,1818,4,125,-105,1461,219,11095,0,112,100
01-14-21,Perry,950,7,835,5,115,2,929,6,5491,6,6420,12,0,24,2,32,5,894,0,27,25
01-14-21,Pickett,679,14,462,13,217,1,552,16,2978,43,3530,59,0,19,7,74,7,586,0,28,21
01-14-21,Polk,1379,19,1282,16,97,3,1432,19,7393,62,8825,81,0,17,6,126,13,1236,2,50,19
01-14-21,Putnam,9523,80,8021,68,1502,12,9618,80,59881,531,69499,611,0,131,12,625,68,8767,1,186,151
01-14-21,Rhea,3655,38,3261,35,394,3,3662,38,21818,179,25480,217,0,55,-7,315,45,3285,0,76,61
01-14-21,Roane,5033,43,4102,29,931,14,4532,31,35812,241,40344,272,1,77,-38,376,80,4580,1,120,81
01-14-21,Robertson,7693,68,6436,32,1257,36,7271,40,35797,178,43068,218,1,85,-2,627,69,6981,2,360,92
01-14-21,Rutherford,32960,284,29711,234,3249,50,34684,259,186320,1081,221004,1340,2,281,19,2595,263,30084,2,505,306
01-14-21,Scott,2479,19,1507,15,972,4,1602,14,9771,37,11373,51,-1,31,-8,176,28,2272,0,56,35
01-14-21,Sequatchie,1297,8,1100,6,197,2,1199,6,10325,63,11524,69,0,18,-8,121,16,1158,0,30,23
01-14-21,Sevier,10288,125,9380,106,908,19,10258,121,53865,474,64123,595,4,103,45,792,76,9393,0,231,128
01-14-21,Shelby,76146,611,72113,510,4033,101,88434,694,739493,5408,827927,6102,8,1088,-99,5293,702,69765,11,3078,1273
01-14-21,Smith,2325,19,1849,13,476,6,2326,23,11325,67,13651,90,0,27,2,151,17,2147,0,55,28
01-14-21,Stewart,1051,4,822,4,229,0,925,5,5758,46,6683,51,0,20,-3,82,7,949,0,21,21
01-14-21,Sullivan,12472,107,11031,81,1441,26,11882,90,68795,347,80677,437,1,207,-50,903,156,11362,7,629,236
01-14-21,Sumner,18444,158,17191,115,1253,43,19430,127,97711,575,117141,702,0,228,3,1409,155,16807,3,646,263
01-14-21,Tipton,6135,67,4501,45,1634,22,5431,52,39156,291,44587,343,0,63,16,477,51,5595,2,135,78
01-14-21,Trousdale,2295,3,2195,2,100,1,2345,4,7836,27,10181,31,0,14,-6,78,9,2203,0,35,19
01-14-21,Unicoi,1625,19,1303,18,322,1,1431,21,11227,90,12658,111,0,43,5,146,14,1436,0,58,42
01-14-21,Union,1420,13,1232,13,188,0,1337,17,8837,59,10174,76,1,21,7,90,5,1309,0,47,22
01-14-21,Van Buren,722,6,620,5,102,1,684,6,4499,20,5183,26,0,7,-1,78,7,637,0,16,11
01-14-21,Warren,4823,56,4198,49,625,7,4747,55,27489,178,32236,233,2,53,30,321,24,4449,0,73,62
01-14-21,Washington,11492,89,10065,67,1427,22,11077,82,66010,379,77087,461,2,191,-22,894,109,10407,2,297,202
01-14-21,Wayne,2617,10,2201,6,416,4,2410,9,9923,50,12333,59,1,19,-17,120,26,2478,1,49,23
01-14-21,Weakley,3459,18,2659,14,800,4,3032,17,18717,125,21749,142,0,48,-5,196,23,3215,0,53,50
01-14-21,White,3020,29,2554,24,466,5,3137,27,19587,81,22724,108,0,42,11,181,18,2797,0,94,51
01-14-21,Williamson,21102,168,18767,122,2335,46,20922,143,146629,765,167551,908,1,138,-34,1851,201,19113,0,257,170
01-14-21,Wilson,14259,103,13225,83,1034,20,15094,94,81644,422,96738,516,3,152,-27,1080,127,13027,0,292,174
01-13-21,Anderson,6710,26,5386,17,1324,9,6002,18,52006,86,58008,104,3,96,-43,668,66,5946,0,172,117
01-13-21,Bedford,5170,14,4229,10,941,4,4880,11,25873,56,30753,67,1,84,-48,421,61,4665,0,105,93
01-13-21,Benton,1344,10,1133,3,211,7,1251,2,7850,9,9101,11,2,34,-8,90,16,1220,0,34,37
01-13-21,Bledsoe,1731,5,1631,5,100,0,1729,4,12790,30,14519,34,0,10,-10,59,15,1662,0,28,10
01-13-21,Blount,12157,88,10898,68,1259,20,11978,71,59812,158,71790,229,5,117,-68,1027,151,11013,0,274,142
01-13-21,Bradley,10528,90,9163,47,1365,43,10410,53,51761,224,62171,277,1,90,-25,826,114,9612,1,425,107
01-13-21,Campbell,3189,16,1985,11,1204,5,2218,13,22279,31,24497,44,1,40,-26,249,41,2900,0,98,46
01-13-21,Cannon,1541,9,1302,3,239,6,1452,3,7704,13,9156,16,1,18,-6,118,14,1405,0,27,23
01-13-21,Carroll,3041,17,2074,2,967,15,2449,2,17462,56,19911,58,1,59,2,222,14,2760,1,71,67
01-13-21,Carter,5269,23,4658,21,611,2,5082,23,30444,36,35526,59,1,105,-47,451,69,4713,0,197,131
01-13-21,Cheatham,3298,28,2718,20,580,8,3079,21,22033,83,25112,104,0,28,-17,238,45,3032,0,70,34
01-13-21,Chester,1743,19,1277,14,466,5,1527,16,9504,75,11031,91,0,36,-1,121,20,1586,1,35,41
01-13-21,Claiborne,2000,45,1420,25,580,20,1506,21,19056,105,20562,126,1,21,19,221,25,1758,1,60,39
01-13-21,Clay,939,4,669,2,270,2,767,2,4871,8,5638,10,0,25,0,34,4,880,0,20,28
01-13-21,Cocke,3383,18,2461,9,922,9,2711,9,17319,54,20030,63,0,55,-38,334,56,2994,0,93,76
01-13-21,Coffee,5498,32,4073,9,1425,23,5002,11,38136,105,43138,116,1,80,-24,434,55,4984,1,95,96
01-13-21,Crockett,1825,6,1127,1,698,5,1311,1,6367,10,7678,11,1,38,-12,108,17,1679,0,29,43
01-13-21,Cumberland,5376,42,4618,32,758,10,5291,34,41839,196,47130,230,2,70,-29,623,69,4683,0,129,84
01-13-21,Davidson,70196,335,67365,280,2831,55,81741,313,731070,2692,812811,3005,5,646,-475,5606,805,63944,5,1749,691
01-13-21,Decatur,1444,3,1097,1,347,2,1309,1,10183,6,11492,7,0,23,-3,80,6,1341,0,36,27
01-13-21,Dekalb,2335,4,1785,3,550,1,2066,4,14618,18,16684,22,0,39,-32,136,36,2160,0,50,42
01-13-21,Dickson,5248,54,4045,23,1203,31,4793,27,29148,131,33941,158,0,75,-27,241,81,4932,0,105,83
01-13-21,Dyer,4731,25,3243,7,1488,18,3645,7,19126,35,22771,42,0,81,-20,343,45,4307,0,96,85
01-13-21,Fayette,3999,27,3561,17,438,10,4366,19,30408,145,34774,164,0,51,-16,415,43,3533,0,110,57
01-13-21,Fentress,2103,8,1848,5,255,3,2108,5,9801,65,11909,70,0,30,-10,120,18,1953,0,52,37
01-13-21,Franklin,4024,29,3496,17,528,12,4103,20,28529,81,32632,101,2,53,-19,286,46,3685,2,92,67
01-13-21,Gibson,5565,26,3455,14,2110,12,4184,9,25438,59,29622,68,1,108,-22,371,47,5086,0,92,116
01-13-21,Giles,3202,20,2773,17,429,3,3170,18,19154,73,22324,91,0,70,-36,402,56,2730,0,100,71
01-13-21,Grainger,2036,7,1600,3,436,4,1784,3,11601,26,13385,29,3,32,-21,166,25,1838,0,59,43
01-13-21,Greene,6475,23,5205,11,1270,12,5784,12,36324,159,42108,171,0,105,-64,695,87,5675,0,163,118
01-13-21,Grundy,1414,7,1233,7,181,0,1425,7,6428,27,7853,34,0,20,-15,115,22,1279,0,53,23
01-13-21,Hamblen,6748,49,5205,13,1543,36,5825,17,39439,70,45264,87,1,103,-38,514,86,6131,0,218,130
01-13-21,Hamilton,33539,320,29872,246,3667,74,33487,277,258570,1067,292057,1344,4,320,-198,2307,514,30912,12,927,361
01-13-21,Hancock,409,5,306,2,103,3,326,2,3294,24,3620,26,0,6,4,58,1,345,0,17,8
01-13-21,Hardeman,3088,5,2577,3,511,2,3022,3,21722,18,24744,21,0,51,-23,163,28,2874,0,93,54
01-13-21,Hardin,3011,23,2107,6,904,17,2517,4,20064,74,22581,78,3,45,-10,229,30,2737,0,55,52
01-13-21,Hawkins,4318,19,3659,10,659,9,3933,8,25597,46,29530,54,2,67,-40,492,57,3759,0,123,76
01-13-21,Haywood,2400,9,2032,7,368,2,2308,8,11787,26,14095,34,0,44,-13,130,22,2226,0,72,50
01-13-21,Henderson,3317,10,2355,5,962,5,2968,5,14521,11,17489,16,0,53,-18,248,28,3016,0,71,60
01-13-21,Henry,2606,16,2080,10,526,6,2407,11,15769,18,18176,29,0,56,-1,159,17,2391,0,66,60
01-13-21,Hickman,2320,19,1972,10,348,9,2283,11,13658,67,15941,78,0,34,-12,172,31,2114,0,46,36
01-13-21,Houston,944,3,721,1,223,2,820,2,7577,6,8397,8,0,22,-7,50,10,872,0,38,26
01-13-21,Humphreys,1308,10,909,5,399,5,1061,6,9831,33,10892,39,1,17,0,46,9,1245,1,26,18
01-13-21,Jackson,1119,1,895,1,224,0,1045,2,4668,12,5713,14,0,20,-5,66,6,1033,0,33,27
01-13-21,Jefferson,4692,35,3428,22,1264,13,3870,24,30550,150,34420,174,0,75,-39,515,74,4102,1,145,79
01-13-21,Johnson,1931,6,1768,1,163,5,1883,2,11847,16,13730,18,0,30,-1,116,7,1785,0,53,31
01-13-21,Knox,38469,248,33916,200,4553,48,36972,204,258342,929,295314,1133,12,383,-251,3451,487,34635,6,1077,411
01-13-21,Lake,1529,8,1366,8,163,0,1614,8,8817,28,10431,36,0,19,0,56,8,1454,0,21,20
01-13-21,Lauderdale,2844,9,2234,5,610,4,2557,5,17995,17,20552,22,0,31,-18,183,27,2630,0,77,34
01-13-21,Lawrence,4933,12,3934,10,999,2,4326,9,23982,67,28308,76,1,69,-43,424,54,4440,0,123,71
01-13-21,Lewis,1265,10,1059,3,206,7,1144,3,8882,20,10026,23,0,20,0,82,10,1163,0,35,21
01-13-21,Lincoln,3681,30,2910,24,771,6,3303,33,14783,65,18086,98,3,44,-28,292,55,3345,0,71,46
01-13-21,Loudon,4738,25,3941,15,797,10,4295,15,26193,93,30488,108,0,47,-17,404,42,4287,0,102,49
01-13-21,Macon,2989,9,2428,5,561,4,2850,2,13152,27,16002,29,0,50,-21,160,30,2779,1,109,60
01-13-21,Madison,9020,34,5112,21,3908,13,6285,19,46782,94,53067,113,4,172,-48,-13,78,8861,1,312,197
01-13-21,Marion,2471,19,2171,10,300,9,2440,11,14468,42,16908,53,0,31,-26,286,45,2154,0,95,41
01-13-21,Marshall,3303,34,2821,25,482,9,3171,27,19765,73,22936,100,1,35,-4,354,37,2914,1,72,39
01-13-21,Maury,10627,47,9756,34,871,13,10776,38,60721,177,71497,215,0,118,-68,984,115,9525,0,238,128
01-13-21,McMinn,5027,30,4605,26,422,4,5075,26,33707,160,38782,186,0,72,-34,447,64,4508,2,123,76
01-13-21,McNairy,2288,21,1637,15,651,6,2038,13,14708,109,16746,122,0,42,4,117,17,2129,0,56,46
01-13-21,Meigs,1071,10,992,8,79,2,1104,8,6260,16,7364,24,0,16,-7,84,17,971,0,34,17
01-13-21,Monroe,4454,21,3736,10,718,11,4176,11,22125,55,26301,66,0,62,-23,434,44,3958,0,127,73
01-13-21,Montgomery,13978,163,10908,69,3070,94,12013,71,88913,373,100926,444,3,145,-16,1431,176,12402,1,254,168
01-13-21,Moore,828,5,659,4,169,1,744,3,4161,20,4905,23,2,8,-7,68,10,752,0,13,10
01-13-21,Morgan,1961,19,1524,12,437,7,1624,14,13150,35,14774,49,1,13,-10,216,28,1732,0,28,20
01-13-21,Obion,4044,8,3028,7,1016,1,3425,8,18661,68,22086,76,0,74,-26,246,34,3724,0,92,81
01-13-21,Out of State,13886,115,11243,96,2643,19,12585,107,509472,1556,522057,1663,6,76,-128,1148,237,12662,2,164,63
01-13-21,Overton,2560,14,1990,10,570,4,2348,10,12762,28,15110,38,0,42,-17,230,31,2288,0,58,51
01-13-21,Pending,12563,105,8543,63,4020,42,9426,64,326263,969,335689,1033,5,121,-174,1566,274,10876,0,112,99
01-13-21,Perry,943,7,830,7,113,0,923,8,5485,14,6408,22,0,24,0,30,7,889,0,27,25
01-13-21,Pickett,665,11,449,8,216,3,536,12,2935,13,3471,25,1,19,4,67,6,579,0,28,21
01-13-21,Polk,1360,8,1266,6,94,2,1413,6,7331,35,8744,41,0,17,-16,120,24,1223,0,48,18
01-13-21,Putnam,9443,40,7953,27,1490,13,9538,30,59350,110,68888,140,0,131,-24,613,64,8699,1,185,149
01-13-21,Rhea,3617,23,3226,12,391,11,3624,12,21639,99,25263,111,1,55,-23,322,45,3240,1,76,60
01-13-21,Roane,4990,24,4073,17,917,7,4501,13,35571,89,40072,102,5,76,-56,414,75,4500,1,119,81
01-13-21,Robertson,7625,53,6404,30,1221,23,7231,23,35619,87,42850,110,3,84,-48,629,98,6912,2,358,91
01-13-21,Rutherford,32676,221,29477,156,3199,65,34425,154,185239,724,219664,878,8,279,-185,2576,398,29821,5,503,304
01-13-21,Scott,2460,14,1492,5,968,9,1588,7,9734,43,11322,50,2,32,-12,184,24,2244,0,56,33
01-13-21,Sequatchie,1289,10,1094,8,195,2,1193,9,10262,17,11455,26,0,18,-9,129,19,1142,0,30,22
01-13-21,Sevier,10163,74,9274,56,889,18,10137,57,53391,156,63528,213,0,99,-38,747,112,9317,0,231,128
01-13-21,Shelby,75535,413,71603,359,3932,54,87740,357,734085,2847,821825,3204,25,1080,-452,5392,840,69063,6,3067,1258
01-13-21,Smith,2306,6,1836,1,470,5,2303,1,11258,21,13561,22,1,27,-24,149,29,2130,0,55,28
01-13-21,Stewart,1047,8,818,3,229,5,920,3,5712,15,6632,18,0,20,-6,85,14,942,0,21,21
01-13-21,Sullivan,12365,103,10950,84,1415,19,11792,82,68448,273,80240,355,3,206,-45,953,145,11206,3,622,232
01-13-21,Sumner,18286,110,17076,85,1210,25,19303,87,97136,268,116439,355,2,228,-114,1406,222,16652,1,643,260
01-13-21,Tipton,6068,34,4456,20,1612,14,5379,20,38865,140,44244,160,2,63,-24,461,56,5544,0,133,77
01-13-21,Trousdale,2292,5,2193,5,99,0,2341,5,7809,33,10150,38,1,14,-9,84,13,2194,0,35,19
01-13-21,Unicoi,1606,9,1285,6,321,3,1410,5,11137,20,12547,25,0,43,-9,141,18,1422,1,58,42
01-13-21,Union,1407,8,1219,7,188,1,1320,7,8778,27,10098,34,0,20,2,83,6,1304,0,47,21
01-13-21,Van Buren,716,15,615,14,101,1,678,14,4479,31,5157,45,0,7,11,79,4,630,1,16,10
01-13-21,Warren,4767,13,4149,10,618,3,4692,10,27311,68,32003,78,0,51,-15,291,28,4425,0,73,62
01-13-21,Washington,11403,72,9998,59,1405,13,10995,56,65631,158,76626,214,1,189,-104,916,175,10298,1,295,199
01-13-21,Wayne,2607,3,2195,1,412,2,2401,4,9873,22,12274,26,0,18,-11,137,14,2452,0,48,23
01-13-21,Weakley,3441,12,2645,8,796,4,3015,6,18592,44,21607,50,0,48,-18,201,30,3192,0,53,50
01-13-21,White,2991,12,2530,7,461,5,3110,8,19506,35,22616,43,0,42,-11,170,23,2779,0,94,51
01-13-21,Williamson,20934,147,18645,85,2289,62,20779,94,145864,502,166643,596,-1,137,-179,1885,327,18912,1,257,169
01-13-21,Wilson,14156,79,13142,65,1014,14,15000,66,81222,327,96222,393,2,149,-99,1107,176,12900,1,292,171
01-12-21,Anderson,6684,53,5369,34,1315,19,5984,37,51920,171,57904,208,2,93,-101,711,152,5880,1,172,116
01-12-21,Bedford,5156,30,4219,8,937,22,4869,7,25817,51,30686,58,4,83,-70,469,96,4604,0,105,92
01-12-21,Benton,1334,11,1130,4,204,7,1249,4,7841,18,9090,22,0,32,-13,98,24,1204,0,34,37
01-12-21,Bledsoe,1726,2,1626,1,100,1,1725,2,12760,29,14485,31,0,10,-43,69,45,1647,0,28,10
01-12-21,Blount,12069,74,10830,56,1239,18,11907,58,59654,276,71561,334,1,112,-168,1095,241,10862,2,274,142
01-12-21,Bradley,10438,81,9116,33,1322,48,10357,32,51537,149,61894,181,3,89,-106,851,184,9498,5,424,104
01-12-21,Campbell,3173,32,1974,6,1199,26,2205,5,22248,30,24453,35,0,39,-43,275,75,2859,2,98,46
01-12-21,Cannon,1532,11,1299,6,233,5,1449,6,7691,14,9140,20,1,17,-17,124,27,1391,0,27,21
01-12-21,Carroll,3024,25,2072,8,952,17,2447,5,17406,32,19853,37,1,58,-5,220,29,2746,0,70,67
01-12-21,Carter,5246,47,4637,27,609,20,5059,26,30408,57,35467,83,1,104,-47,498,93,4644,1,197,128
01-12-21,Cheatham,3270,21,2698,10,572,11,3058,13,21950,105,25008,118,0,28,-42,255,63,2987,0,70,34
01-12-21,Chester,1724,9,1263,4,461,5,1511,3,9429,18,10940,21,0,36,-36,122,45,1566,0,34,41
01-12-21,Claiborne,1955,29,1395,16,560,13,1485,13,18951,56,20436,69,0,20,-5,202,34,1733,1,59,37
01-12-21,Clay,935,4,667,3,268,1,765,3,4863,29,5628,32,0,25,-6,34,10,876,1,20,27
01-12-21,Cocke,3365,26,2452,6,913,20,2702,8,17265,80,19967,88,1,55,-55,372,80,2938,0,93,75
01-12-21,Coffee,5466,28,4064,16,1402,12,4991,24,38031,171,43022,195,1,79,-56,458,83,4929,2,94,96
01-12-21,Crockett,1819,8,1126,4,693,4,1310,4,6357,12,7667,16,0,37,-10,120,18,1662,0,29,43
01-12-21,Cumberland,5334,35,4586,14,748,21,5257,15,41643,63,46900,78,6,68,-156,652,185,4614,0,129,83
01-12-21,Davidson,69861,378,67085,333,2776,45,81428,369,728378,2145,809806,2514,13,641,-477,6081,842,63139,4,1744,684
01-12-21,Decatur,1441,6,1096,2,345,4,1308,2,10177,3,11485,5,0,23,-10,83,16,1335,0,36,26
01-12-21,Dekalb,2331,12,1782,3,549,9,2062,4,14600,28,16662,32,1,39,-43,168,54,2124,0,50,42
01-12-21,Dickson,5194,31,4022,13,1172,18,4766,14,29017,129,33783,143,1,75,-16,268,46,4851,0,105,82
01-12-21,Dyer,4706,30,3236,9,1470,21,3638,11,19091,44,22729,55,2,81,-19,363,47,4262,0,96,84
01-12-21,Fayette,3972,30,3544,23,428,7,4347,24,30263,98,34610,122,0,51,-61,431,91,3490,0,110,56
01-12-21,Fentress,2095,8,1843,6,252,2,2103,6,9736,7,11839,13,0,30,-36,130,44,1935,0,52,37
01-12-21,Franklin,3995,21,3479,13,516,8,4083,16,28448,83,32531,99,0,51,-33,305,54,3639,0,90,67
01-12-21,Gibson,5539,42,3441,12,2098,30,4175,14,25379,84,29554,98,3,107,-30,393,69,5039,0,92,116
01-12-21,Giles,3182,18,2756,13,426,5,3152,12,19081,48,22233,60,1,70,-33,438,50,2674,0,100,71
01-12-21,Grainger,2029,13,1597,4,432,9,1781,4,11575,17,13356,21,1,29,-48,187,60,1813,1,59,42
01-12-21,Greene,6452,69,5194,33,1258,36,5772,29,36165,71,41937,100,2,105,-54,759,121,5588,1,163,117
01-12-21,Grundy,1407,9,1226,4,181,5,1418,5,6401,15,7819,20,0,20,-30,130,39,1257,0,53,23
01-12-21,Hamblen,6699,56,5192,22,1507,34,5808,22,39369,85,45177,107,6,102,-124,552,174,6045,1,218,129
01-12-21,Hamilton,33219,401,29626,305,3593,96,33210,330,257503,949,290713,1279,5,316,-27,2505,423,30398,9,915,359
01-12-21,Hancock,404,6,304,2,100,4,324,2,3270,3,3594,5,0,6,-7,54,13,344,0,17,8
01-12-21,Hardeman,3083,18,2574,4,509,14,3019,5,21704,27,24723,32,2,51,-17,186,33,2846,0,93,54
01-12-21,Hardin,2988,11,2101,5,887,6,2513,6,19990,29,22503,35,4,42,-41,239,48,2707,0,55,52
01-12-21,Hawkins,4299,37,3649,18,650,19,3925,19,25551,56,29476,75,2,65,-89,532,124,3702,2,123,75
01-12-21,Haywood,2391,7,2025,3,366,4,2300,3,11761,14,14061,17,1,44,-16,143,22,2204,1,72,50
01-12-21,Henderson,3307,19,2350,5,957,14,2963,5,14510,13,17473,18,2,53,-26,266,43,2988,0,71,58
01-12-21,Henry,2590,18,2070,6,520,12,2396,7,15751,20,18147,27,4,56,-19,160,33,2374,0,66,60
01-12-21,Hickman,2301,12,1962,8,339,4,2272,8,13591,39,15863,47,1,34,-44,184,55,2083,0,46,36
01-12-21,Houston,941,8,720,3,221,5,818,3,7571,11,8389,14,0,22,-19,57,27,862,0,38,26
01-12-21,Humphreys,1298,11,904,6,394,5,1055,5,9798,26,10853,31,0,16,2,46,9,1236,0,25,18
01-12-21,Jackson,1118,4,894,2,224,2,1043,1,4656,11,5699,12,0,20,-17,71,21,1027,1,33,26
01-12-21,Jefferson,4657,80,3406,25,1251,55,3846,25,30400,80,34246,105,1,75,-30,554,109,4028,1,144,79
01-12-21,Johnson,1925,10,1767,2,158,8,1881,2,11831,9,13712,11,0,30,-16,117,26,1778,1,53,30
01-12-21,Knox,38221,336,33716,263,4505,73,36768,259,257413,1135,294181,1394,10,371,-174,3702,500,34148,6,1071,409
01-12-21,Lake,1521,5,1358,4,163,1,1606,5,8789,15,10395,20,0,19,-39,56,44,1446,0,21,20
01-12-21,Lauderdale,2835,11,2229,4,606,7,2552,4,17978,51,20530,55,0,31,-25,201,36,2603,0,77,34
01-12-21,Lawrence,4921,21,3924,13,997,8,4317,12,23915,59,28232,71,1,68,-62,467,82,4386,0,123,71
01-12-21,Lewis,1255,3,1056,1,199,2,1141,1,8862,11,10003,12,0,20,-9,82,12,1153,0,35,21
01-12-21,Lincoln,3651,10,2886,6,765,4,3270,7,14718,31,17988,38,1,41,-62,320,71,3290,0,71,45
01-12-21,Loudon,4713,36,3926,15,787,21,4280,17,26100,75,30380,92,1,47,-55,421,90,4245,0,102,49
01-12-21,Macon,2980,36,2423,17,557,19,2848,12,13125,26,15973,38,2,50,-23,181,57,2749,0,108,60
01-12-21,Madison,8986,70,5091,21,3895,49,6266,24,46688,129,52954,153,2,168,-33,35,101,8783,2,311,196
01-12-21,Marion,2452,24,2161,21,291,3,2429,20,14426,44,16855,64,3,31,-28,312,49,2109,1,95,41
01-12-21,Marshall,3269,47,2796,13,473,34,3144,11,19692,44,22836,55,0,34,-18,358,65,2877,0,71,38
01-12-21,Maury,10580,65,9722,35,858,30,10738,33,60544,186,71282,219,1,118,-143,1052,207,9410,2,238,127
01-12-21,McMinn,4997,22,4579,10,418,12,5049,8,33547,46,38596,54,0,72,-67,481,89,4444,0,121,75
01-12-21,McNairy,2267,17,1622,8,645,9,2025,8,14599,89,16624,97,0,42,-12,113,29,2112,0,56,45
01-12-21,Meigs,1061,9,984,5,77,4,1096,5,6244,14,7340,19,0,16,-5,91,14,954,1,34,17
01-12-21,Monroe,4433,35,3726,25,707,10,4165,32,22070,68,26235,100,0,62,-37,457,72,3914,0,127,72
01-12-21,Montgomery,13815,116,10839,67,2976,49,11942,68,88540,327,100482,395,2,142,-112,1447,226,12226,0,253,166
01-12-21,Moore,823,5,655,5,168,0,741,10,4141,9,4882,19,0,6,-15,75,20,742,0,13,10
01-12-21,Morgan,1942,14,1512,5,430,9,1610,6,13115,14,14725,20,0,12,-38,226,52,1704,0,28,20
01-12-21,Obion,4036,21,3021,17,1015,4,3417,20,18593,79,22010,99,0,74,-42,272,63,3690,0,92,80
01-12-21,Out of State,13771,66,11147,48,2624,18,12478,62,507916,1884,520394,1946,0,70,-195,1276,261,12425,0,162,63
01-12-21,Overton,2546,14,1980,6,566,8,2338,7,12734,19,15072,26,0,42,-30,247,44,2257,0,58,50
01-12-21,Pending,12458,159,8480,51,3978,108,9362,54,325294,1081,334656,1135,2,116,-180,1740,337,10602,3,112,98
01-12-21,Perry,936,4,823,1,113,3,915,1,5471,4,6386,5,0,24,-3,30,7,882,0,27,24
01-12-21,Pickett,654,5,441,2,213,3,524,3,2922,6,3446,9,0,18,-3,63,8,573,0,28,21
01-12-21,Polk,1352,9,1260,7,92,2,1407,9,7296,19,8703,28,0,17,-21,136,30,1199,1,48,18
01-12-21,Putnam,9403,40,7926,17,1477,23,9508,16,59240,67,68748,83,2,131,-128,637,166,8635,0,184,148
01-12-21,Rhea,3594,21,3214,16,380,5,3612,18,21540,46,25152,64,1,54,-71,345,91,3195,0,75,60
01-12-21,Roane,4966,36,4056,11,910,25,4488,15,35482,75,39970,90,0,71,-101,470,137,4425,0,118,81
01-12-21,Robertson,7572,45,6374,21,1198,24,7208,24,35532,74,42740,98,0,81,-60,677,105,6814,0,356,90
01-12-21,Rutherford,32455,235,29321,161,3134,74,34271,177,184515,544,218786,721,3,271,-261,2761,493,29423,5,498,301
01-12-21,Scott,2446,12,1487,3,959,9,1581,1,9691,15,11272,16,1,30,-25,196,36,2220,0,56,33
01-12-21,Sequatchie,1279,7,1086,4,193,3,1184,7,10245,18,11429,25,0,18,-15,138,22,1123,0,30,21
01-12-21,Sevier,10089,51,9218,37,871,14,10080,37,53235,103,63315,140,9,99,-156,785,198,9205,1,231,127
01-12-21,Shelby,75122,604,71244,518,3878,86,87383,607,731238,3807,818621,4414,16,1055,-378,5844,966,68223,8,3061,1249
01-12-21,Smith,2300,16,1835,3,465,13,2302,1,11237,20,13539,21,2,26,-19,173,33,2101,0,55,28
01-12-21,Stewart,1039,12,815,6,224,6,917,6,5697,15,6614,21,0,20,-9,91,21,928,0,21,21
01-12-21,Sullivan,12262,68,10866,56,1396,12,11710,55,68175,184,79885,239,1,203,-97,998,164,11061,0,619,230
01-12-21,Sumner,18176,130,16991,94,1185,36,19216,106,96868,313,116084,419,2,226,-181,1520,309,16430,1,642,258
01-12-21,Tipton,6034,48,4436,14,1598,34,5359,16,38725,114,44084,130,0,61,-51,485,99,5488,1,133,77
01-12-21,Trousdale,2287,7,2188,6,99,1,2336,7,7776,11,10112,18,0,13,-6,93,13,2181,0,35,18
01-12-21,Unicoi,1597,18,1279,6,318,12,1405,5,11117,17,12522,22,2,43,-12,150,28,1404,0,57,42
01-12-21,Union,1399,7,1212,5,187,2,1313,5,8751,12,10064,17,0,20,-17,81,24,1298,1,47,21
01-12-21,Van Buren,701,2,601,1,100,1,664,1,4448,2,5112,3,0,7,-21,68,23,626,0,15,10
01-12-21,Warren,4754,26,4139,11,615,15,4682,11,27243,52,31925,63,0,51,-59,306,85,4397,0,73,61
01-12-21,Washington,11331,72,9939,43,1392,29,10939,40,65473,121,76412,161,1,188,-123,1020,194,10123,0,294,199
01-12-21,Wayne,2604,10,2194,3,410,7,2397,1,9851,18,12248,19,0,18,-21,148,31,2438,1,48,23
01-12-21,Weakley,3429,9,2637,1,792,8,3009,2,18548,35,21557,37,1,48,-34,219,42,3162,0,53,50
01-12-21,White,2979,18,2523,12,456,6,3102,11,19471,52,22573,63,1,42,-38,181,55,2756,1,94,51
01-12-21,Williamson,20787,130,18560,98,2227,32,20685,106,145362,435,166047,541,1,138,-188,2064,317,18585,1,256,167
01-12-21,Wilson,14077,73,13077,51,1000,22,14934,61,80895,231,95829,292,5,147,-132,1206,200,12724,2,291,169
01-11-21,Anderson,6631,34,5335,11,1296,23,5947,14,51749,73,57696,87,1,91,-92,812,125,5728,1,171,116
01-11-21,Bedford,5126,25,4211,17,915,8,4862,20,25766,50,30628,70,3,79,-50,539,72,4508,0,105,90
01-11-21,Benton,1323,2,1126,1,197,1,1245,0,7823,4,9068,4,0,32,-7,111,9,1180,0,34,36
01-11-21,Bledsoe,1724,9,1625,8,99,1,1723,9,12731,7,14454,16,0,10,-8,112,17,1602,0,28,10
01-11-21,Blount,11995,61,10774,48,1221,13,11849,48,59378,139,71227,187,1,111,-155,1263,215,10621,2,272,137
01-11-21,Bradley,10357,105,9083,68,1274,37,10325,82,51388,222,61713,304,0,86,-36,957,141,9314,2,419,104
01-11-21,Campbell,3141,33,1968,11,1173,22,2200,8,22218,6,24418,14,0,39,-37,318,70,2784,0,96,46
01-11-21,Cannon,1521,10,1293,7,228,3,1443,7,7677,11,9120,18,0,16,-8,141,18,1364,1,27,21
01-11-21,Carroll,2999,21,2064,4,935,17,2442,3,17374,11,19816,14,1,57,-24,225,44,2717,0,70,65
01-11-21,Carter,5199,35,4610,34,589,1,5033,40,30351,109,35384,149,0,103,-65,545,100,4551,0,196,126
01-11-21,Cheatham,3249,19,2688,11,561,8,3045,12,21845,51,24890,63,0,28,-32,297,51,2924,0,70,34
01-11-21,Chester,1715,3,1259,2,456,1,1508,5,9411,9,10919,14,0,36,-31,158,34,1521,0,34,40
01-11-21,Claiborne,1926,15,1379,5,547,10,1472,5,18895,18,20367,23,0,20,-31,207,46,1699,0,58,35
01-11-21,Clay,931,3,664,0,267,3,762,1,4834,6,5596,7,0,25,-5,40,8,866,0,19,27
01-11-21,Cocke,3339,24,2446,16,893,8,2694,17,17185,71,19879,88,2,54,-43,427,65,2858,0,93,74
01-11-21,Coffee,5438,10,4048,4,1390,6,4967,4,37860,31,42827,35,2,78,-72,514,80,4846,1,92,95
01-11-21,Crockett,1811,1,1122,0,689,1,1306,0,6345,8,7651,8,0,37,-30,130,31,1644,0,29,43
01-11-21,Cumberland,5299,24,4572,3,727,21,5242,5,41580,18,46822,23,4,62,-79,808,99,4429,1,129,81
01-11-21,Davidson,69483,339,66752,308,2731,31,81059,340,726233,1750,807292,2090,2,628,-674,6558,1011,62297,4,1740,680
01-11-21,Decatur,1435,4,1094,3,341,1,1306,3,10174,17,11480,20,0,23,-14,93,18,1319,0,36,26
01-11-21,Dekalb,2319,7,1779,2,540,5,2058,2,14572,12,16630,14,1,38,-26,211,32,2070,1,50,40
01-11-21,Dickson,5163,31,4009,15,1154,16,4752,16,28888,74,33640,90,0,74,-24,284,55,4805,0,105,79
01-11-21,Dyer,4676,24,3227,6,1449,18,3627,7,19047,14,22674,21,0,79,-31,382,55,4215,1,96,84
01-11-21,Fayette,3942,36,3521,10,421,26,4323,12,30165,80,34488,92,0,51,-14,492,50,3399,0,110,56
01-11-21,Fentress,2087,6,1837,2,250,4,2097,2,9729,6,11826,8,0,30,-25,166,31,1891,0,52,37
01-11-21,Franklin,3974,10,3466,7,508,3,4067,10,28365,53,32432,63,0,51,-58,338,68,3585,0,90,66
01-11-21,Gibson,5497,29,3429,15,2068,14,4161,13,25295,30,29456,43,2,104,-54,423,81,4970,0,92,116
01-11-21,Giles,3164,22,2743,14,421,8,3140,15,19033,31,22173,46,1,69,-37,471,58,2624,1,100,71
01-11-21,Grainger,2016,12,1593,4,423,8,1777,4,11558,24,13335,28,0,28,-13,235,25,1753,0,58,40
01-11-21,Greene,6383,45,5161,32,1222,13,5743,37,36094,88,41837,125,0,103,-63,813,108,5467,1,162,115
01-11-21,Grundy,1398,5,1222,5,176,0,1413,6,6386,9,7799,15,0,20,-17,160,22,1218,0,53,23
01-11-21,Hamblen,6643,45,5170,23,1473,22,5786,24,39284,79,45070,103,0,96,-100,676,145,5871,1,217,128
01-11-21,Hamilton,32818,299,29321,249,3497,50,32880,264,256554,680,289434,944,6,311,-209,2532,502,29975,11,906,356
01-11-21,Hancock,398,3,302,1,96,2,322,0,3267,3,3589,3,0,6,1,61,2,331,0,17,8
01-11-21,Hardeman,3065,7,2570,3,495,4,3014,2,21677,14,24691,16,0,49,-21,203,28,2813,0,93,53
01-11-21,Hardin,2977,8,2096,2,881,6,2507,2,19961,16,22468,18,0,38,-55,280,63,2659,0,55,51
01-11-21,Hawkins,4262,27,3631,17,631,10,3906,14,25495,87,29401,101,0,63,-40,621,67,3578,0,121,73
01-11-21,Haywood,2384,7,2022,5,362,2,2297,6,11747,23,14044,29,2,43,-20,159,25,2182,0,71,49
01-11-21,Henderson,3288,13,2345,6,943,7,2958,7,14497,17,17455,24,0,51,-31,292,44,2945,1,71,57
01-11-21,Henry,2572,13,2064,6,508,7,2389,6,15731,23,18120,29,4,52,-21,179,30,2341,0,66,60
01-11-21,Hickman,2289,5,1954,5,335,0,2264,8,13552,24,15816,32,3,33,-30,228,32,2028,1,46,36
01-11-21,Houston,933,4,717,3,216,1,815,4,7560,32,8375,36,0,22,-13,76,17,835,0,38,26
01-11-21,Humphreys,1287,10,898,2,389,8,1050,2,9772,13,10822,15,0,16,-18,44,28,1227,0,25,18
01-11-21,Jackson,1114,2,892,1,222,1,1042,1,4645,4,5687,5,0,20,-11,88,13,1006,0,32,26
01-11-21,Jefferson,4577,50,3381,35,1196,15,3821,37,30320,103,34141,140,1,74,-40,584,89,3919,2,143,79
01-11-21,Johnson,1915,6,1765,3,150,3,1879,3,11822,3,13701,6,0,30,-7,133,13,1752,0,52,30
01-11-21,Knox,37885,247,33453,199,4432,48,36509,228,256278,729,292787,957,4,361,-396,3876,639,33648,5,1065,404
01-11-21,Lake,1516,1,1354,1,162,0,1601,0,8774,4,10375,4,0,19,-13,95,14,1402,0,21,20
01-11-21,Lauderdale,2824,16,2225,11,599,5,2548,11,17927,36,20475,47,0,31,-14,226,30,2567,0,77,34
01-11-21,Lawrence,4900,17,3911,9,989,8,4305,10,23856,34,28161,44,1,67,-44,529,60,4304,2,123,71
01-11-21,Lewis,1252,7,1055,2,197,5,1140,3,8851,7,9991,10,0,20,-7,91,14,1141,0,35,21
01-11-21,Lincoln,3641,8,2880,6,761,2,3263,6,14687,8,17950,14,1,40,-39,382,46,3219,1,71,45
01-11-21,Loudon,4677,20,3911,12,766,8,4263,12,26025,40,30288,52,0,46,-69,476,89,4155,0,102,49
01-11-21,Macon,2944,17,2406,12,538,5,2836,12,13099,16,15935,28,0,48,-28,204,45,2692,0,108,59
01-11-21,Madison,8916,49,5070,35,3846,14,6242,34,46559,154,52801,188,4,166,-86,68,131,8682,2,309,194
01-11-21,Marion,2428,17,2140,13,288,4,2409,14,14382,54,16791,68,1,28,-39,340,55,2060,1,94,41
01-11-21,Marshall,3222,9,2783,3,439,6,3133,3,19648,16,22781,19,1,34,-34,376,42,2812,1,71,37
01-11-21,Maury,10515,86,9687,34,828,52,10705,36,60358,120,71063,156,1,117,-6,1195,91,9203,0,236,126
01-11-21,McMinn,4975,25,4569,18,406,7,5041,21,33501,69,38542,90,1,72,-38,548,62,4355,0,121,74
01-11-21,McNairy,2250,12,1614,8,636,4,2017,9,14510,15,16527,24,0,42,-21,125,33,2083,0,56,44
01-11-21,Meigs,1052,7,979,6,73,1,1091,7,6230,19,7321,26,0,16,-11,96,18,940,0,33,17
01-11-21,Monroe,4398,17,3701,7,697,10,4133,8,22002,26,26135,34,0,62,-59,494,76,3842,1,127,72
01-11-21,Montgomery,13699,76,10772,40,2927,36,11874,40,88213,220,100087,260,2,140,-137,1559,211,12000,1,253,164
01-11-21,Moore,818,5,650,3,168,2,731,0,4132,7,4863,7,0,6,-3,90,8,722,1,13,10
01-11-21,Morgan,1928,18,1507,9,421,9,1604,3,13101,7,14705,10,0,12,-29,264,47,1652,1,28,19
01-11-21,Obion,4015,18,3004,13,1011,5,3397,13,18514,17,21911,30,0,74,-37,314,55,3627,0,92,78
01-11-21,Out of State,13705,55,11099,42,2606,13,12416,50,506032,846,518448,896,0,70,-246,1471,301,12164,1,162,62
01-11-21,Overton,2532,10,1974,5,558,5,2331,6,12715,12,15046,18,1,42,-27,277,36,2213,0,58,50
01-11-21,Pending,12299,129,8429,41,3870,88,9308,45,324213,699,333521,744,2,114,-243,1920,370,10265,2,109,93
01-11-21,Perry,932,2,822,0,110,2,914,0,5467,9,6381,9,0,24,-12,33,14,875,1,27,24
01-11-21,Pickett,649,5,439,3,210,2,521,3,2916,6,3437,9,0,18,-16,66,21,565,0,28,21
01-11-21,Polk,1343,8,1253,7,90,1,1398,8,7277,25,8675,33,0,17,-12,157,20,1169,0,47,18
01-11-21,Putnam,9363,33,7909,12,1454,21,9492,14,59173,67,68665,81,1,129,-105,765,137,8469,3,184,148
01-11-21,Rhea,3573,20,3198,11,375,9,3594,10,21494,38,25088,48,0,53,-42,416,62,3104,1,75,60
01-11-21,Roane,4930,23,4045,13,885,10,4473,13,35407,49,39880,62,1,71,-60,571,82,4288,1,118,80
01-11-21,Robertson,7527,28,6353,17,1174,11,7184,19,35458,49,42642,68,1,81,-109,737,136,6709,0,356,90
01-11-21,Rutherford,32220,244,29160,211,3060,33,34094,232,183971,626,218065,858,1,268,-204,3022,447,28930,1,493,299
01-11-21,Scott,2434,8,1484,0,950,8,1580,0,9676,3,11256,3,1,29,-39,221,46,2184,0,56,33
01-11-21,Sequatchie,1272,7,1082,7,190,0,1177,8,10227,8,11404,16,0,18,-10,153,17,1101,0,30,21
01-11-21,Sevier,10038,52,9181,38,857,14,10043,39,53132,174,63175,213,2,90,-78,941,128,9007,2,230,124
01-11-21,Shelby,74518,387,70726,342,3792,45,86776,390,727431,2007,814207,2397,10,1039,-581,6222,958,67257,6,3053,1234
01-11-21,Smith,2284,17,1832,5,452,12,2301,6,11217,8,13518,14,0,24,-3,192,20,2068,0,55,28
01-11-21,Stewart,1027,6,809,3,218,3,911,3,5682,10,6593,13,0,20,-12,100,18,907,0,21,21
01-11-21,Sullivan,12194,69,10810,57,1384,12,11655,65,67991,141,79646,206,2,202,-107,1095,174,10897,3,619,227
01-11-21,Sumner,18046,122,16897,95,1149,27,19110,102,96555,274,115665,376,1,224,-151,1701,272,16121,1,641,256
01-11-21,Tipton,5986,23,4422,12,1564,11,5343,13,38611,74,43954,87,1,61,-55,536,77,5389,1,132,76
01-11-21,Trousdale,2280,5,2182,3,98,2,2329,2,7765,9,10094,11,0,13,-5,99,10,2168,1,35,18
01-11-21,Unicoi,1579,9,1273,6,306,3,1400,6,11100,7,12500,13,0,41,-7,162,16,1376,1,57,42
01-11-21,Union,1392,0,1207,0,185,0,1308,0,8739,5,10047,5,0,20,-19,98,19,1274,0,46,21
01-11-21,Van Buren,699,3,600,1,99,2,663,1,4446,4,5109,5,0,7,-9,89,12,603,0,15,10
01-11-21,Warren,4728,13,4128,4,600,9,4671,4,27191,19,31862,23,0,51,-40,365,53,4312,0,73,61
01-11-21,Washington,11259,56,9896,50,1363,6,10899,63,65352,176,76251,239,1,187,-145,1143,200,9929,1,294,198
01-11-21,Wayne,2594,3,2191,1,403,2,2396,0,9833,10,12229,10,0,18,-13,169,16,2407,0,47,22
01-11-21,Weakley,3420,11,2636,8,784,3,3007,8,18513,36,21520,44,0,47,-38,253,49,3120,0,53,50
01-11-21,White,2961,6,2511,1,450,5,3091,1,19419,18,22510,19,0,41,-32,219,38,2701,0,93,51
01-11-21,Williamson,20657,165,18462,126,2195,39,20579,134,144927,496,165506,630,2,137,-217,2252,380,18268,0,255,167
01-11-21,Wilson,14004,93,13026,83,978,10,14873,89,80664,283,95537,372,1,142,-110,1338,202,12524,3,289,166
01-10-21,Anderson,6597,60,5324,25,1273,35,5933,26,51676,95,57609,121,2,90,28,904,30,5603,3,170,114
01-10-21,Bedford,5101,44,4194,22,907,22,4842,24,25716,99,30558,123,0,76,32,589,12,4436,0,105,89
01-10-21,Benton,1321,6,1125,4,196,2,1245,5,7819,21,9064,26,0,32,-1,118,7,1171,0,34,36
01-10-21,Bledsoe,1715,4,1617,4,98,0,1714,4,12724,38,14438,42,0,10,1,120,3,1585,0,28,10
01-10-21,Blount,11934,80,10726,62,1208,18,11801,61,59239,203,71040,264,2,110,-19,1418,97,10406,0,270,136
01-10-21,Bradley,10252,92,9015,73,1237,19,10243,76,51166,236,61409,312,4,86,6,993,82,9173,1,417,102
01-10-21,Campbell,3108,8,1957,2,1151,6,2192,6,22212,39,24404,45,0,39,-21,355,29,2714,0,96,45
01-10-21,Cannon,1511,9,1286,6,225,3,1436,6,7666,37,9102,43,0,16,1,149,8,1346,0,26,20
01-10-21,Carroll,2978,22,2060,11,918,11,2439,15,17363,55,19802,70,0,56,1,249,21,2673,1,70,65
01-10-21,Carter,5164,21,4576,17,588,4,4993,17,30242,125,35235,142,2,103,-8,610,27,4451,0,196,124
01-10-21,Cheatham,3230,39,2677,19,553,20,3033,23,21794,126,24827,149,0,28,16,329,23,2873,0,70,33
01-10-21,Chester,1712,13,1257,6,455,7,1503,6,9402,94,10905,100,0,36,3,189,10,1487,0,34,39
01-10-21,Claiborne,1911,17,1374,9,537,8,1467,10,18877,42,20344,52,0,20,9,238,8,1653,0,58,31
01-10-21,Clay,928,0,664,0,264,0,761,0,4828,13,5589,13,0,25,-1,45,1,858,0,19,27
01-10-21,Cocke,3315,24,2430,7,885,17,2677,6,17114,61,19791,67,0,52,4,470,20,2793,0,93,73
01-10-21,Coffee,5428,28,4044,19,1384,9,4963,26,37829,153,42792,179,0,76,-5,586,33,4766,0,91,94
01-10-21,Crockett,1810,8,1122,0,688,8,1306,0,6337,16,7643,16,1,37,-3,160,10,1613,0,29,43
01-10-21,Cumberland,5275,41,4569,28,706,13,5237,38,41562,107,46799,145,0,58,16,887,25,4330,2,128,79
01-10-21,Davidson,69144,553,66444,474,2700,79,80719,722,724483,3800,805202,4522,6,626,93,7232,454,61286,7,1736,673
01-10-21,Decatur,1431,6,1091,1,340,5,1303,2,10157,14,11460,16,0,23,1,107,5,1301,0,36,26
01-10-21,Dekalb,2312,14,1777,10,535,4,2056,13,14560,35,16616,48,0,37,2,237,12,2038,0,49,40
01-10-21,Dickson,5132,20,3994,16,1138,4,4736,20,28814,117,33550,137,2,74,-47,308,65,4750,1,105,79
01-10-21,Dyer,4652,19,3221,7,1431,12,3620,5,19033,37,22653,42,0,79,-11,413,30,4160,0,95,84
01-10-21,Fayette,3906,34,3511,24,395,10,4311,28,30085,172,34396,200,1,51,15,506,18,3349,1,110,55
01-10-21,Fentress,2081,8,1835,7,246,1,2095,8,9723,100,11818,108,0,30,-7,191,15,1860,0,52,35
01-10-21,Franklin,3964,23,3459,16,505,7,4057,21,28312,165,32369,186,1,51,-9,396,31,3517,0,90,64
01-10-21,Gibson,5468,35,3414,17,2054,18,4148,15,25265,73,29413,88,0,102,0,477,35,4889,0,92,115
01-10-21,Giles,3142,35,2729,26,413,9,3125,32,19002,68,22127,100,0,68,14,508,21,2566,0,99,71
01-10-21,Grainger,2004,11,1589,8,415,3,1773,12,11534,28,13307,40,1,28,1,248,9,1728,0,58,39
01-10-21,Greene,6338,42,5129,18,1209,24,5706,25,36006,312,41712,337,0,103,-8,876,50,5359,1,161,114
01-10-21,Grundy,1393,5,1217,4,176,1,1407,7,6377,41,7784,48,0,20,-1,177,6,1196,0,53,23
01-10-21,Hamblen,6598,48,5147,14,1451,34,5762,14,39205,79,44967,93,0,96,5,776,43,5726,1,216,126
01-10-21,Hamilton,32519,321,29072,257,3447,64,32616,301,255874,1371,288490,1672,5,305,-31,2741,347,29473,7,895,351
01-10-21,Hancock,395,3,301,1,94,2,322,2,3264,11,3586,13,0,6,1,60,2,329,1,17,8
01-10-21,Hardeman,3058,12,2567,10,491,2,3012,9,21663,67,24675,76,0,49,-6,224,18,2785,0,93,52
01-10-21,Hardin,2969,10,2094,5,875,5,2505,5,19945,73,22450,78,0,38,-5,335,15,2596,0,55,50
01-10-21,Hawkins,4235,27,3614,19,621,8,3892,26,25408,185,29300,211,1,63,1,661,25,3511,0,121,72
01-10-21,Haywood,2377,13,2017,8,360,5,2291,11,11724,24,14015,35,0,41,9,179,4,2157,1,71,48
01-10-21,Henderson,3275,26,2339,18,936,8,2951,22,14480,66,17431,88,1,51,2,323,23,2901,0,70,56
01-10-21,Henry,2559,20,2058,9,501,11,2383,10,15708,42,18091,52,0,48,12,200,8,2311,0,66,60
01-10-21,Hickman,2284,11,1949,9,335,2,2256,10,13528,80,15784,90,0,30,-5,258,16,1996,0,45,36
01-10-21,Houston,929,8,714,5,215,3,811,5,7528,77,8339,82,0,22,7,89,1,818,0,38,26
01-10-21,Humphreys,1277,11,896,3,381,8,1048,3,9759,33,10807,36,0,16,5,62,6,1199,0,25,18
01-10-21,Jackson,1112,4,891,3,221,1,1041,4,4641,20,5682,24,0,20,3,99,1,993,0,32,25
01-10-21,Jefferson,4527,30,3346,14,1181,16,3784,23,30217,75,34001,98,2,73,-17,624,45,3830,0,141,79
01-10-21,Johnson,1909,5,1762,5,147,0,1876,7,11819,52,13695,59,1,30,-4,140,8,1739,0,52,30
01-10-21,Knox,37638,330,33254,206,4384,124,36281,239,255549,1015,291830,1254,5,357,-4,4272,329,33009,17,1060,398
01-10-21,Lake,1515,8,1353,5,162,3,1601,4,8770,28,10371,32,1,19,5,108,2,1388,0,21,20
01-10-21,Lauderdale,2808,10,2214,4,594,6,2537,4,17891,44,20428,48,0,31,-3,240,13,2537,0,77,34
01-10-21,Lawrence,4883,42,3902,26,981,16,4295,26,23822,118,28117,144,0,66,17,573,25,4244,0,121,70
01-10-21,Lewis,1245,3,1053,2,192,1,1137,3,8844,27,9981,30,0,20,-3,98,6,1127,0,35,21
01-10-21,Lincoln,3633,27,2874,20,759,7,3257,22,14679,55,17936,77,0,39,5,421,22,3173,0,70,44
01-10-21,Loudon,4657,31,3899,16,758,15,4251,19,25985,74,30236,93,1,46,0,545,30,4066,0,102,49
01-10-21,Macon,2927,9,2394,5,533,4,2824,6,13083,40,15907,46,0,48,1,232,8,2647,0,108,59
01-10-21,Madison,8867,63,5035,30,3832,33,6208,35,46405,152,52613,187,0,162,-17,154,80,8551,0,307,193
01-10-21,Marion,2411,36,2127,19,284,17,2395,18,14328,83,16723,101,1,27,16,379,19,2005,0,93,41
01-10-21,Marshall,3213,29,2780,19,433,10,3130,19,19632,53,22762,72,0,33,13,410,16,2770,1,70,37
01-10-21,Maury,10429,105,9653,83,776,22,10669,108,60238,297,70907,405,1,116,37,1201,67,9112,0,236,123
01-10-21,McMinn,4950,28,4551,25,399,3,5020,27,33432,244,38452,271,1,71,-6,586,33,4293,0,121,74
01-10-21,McNairy,2238,14,1606,4,632,10,2008,5,14495,60,16503,65,0,42,1,146,13,2050,0,56,44
01-10-21,Meigs,1045,12,973,12,72,0,1084,12,6211,21,7295,33,0,16,7,107,5,922,0,33,17
01-10-21,Monroe,4381,23,3694,17,687,6,4125,20,21976,59,26101,79,2,62,-22,553,43,3766,0,126,71
01-10-21,Montgomery,13623,259,10732,142,2891,117,11834,154,87993,704,99827,858,2,138,176,1696,81,11789,5,252,161
01-10-21,Moore,813,4,647,4,166,0,731,2,4125,14,4856,16,0,6,-4,93,8,714,1,12,9
01-10-21,Morgan,1910,21,1498,16,412,5,1601,19,13094,52,14695,71,0,12,12,293,9,1605,1,27,19
01-10-21,Obion,3997,12,2991,5,1006,7,3384,6,18497,57,21881,63,0,74,-2,351,14,3572,1,92,78
01-10-21,Out of State,13650,84,11057,68,2593,16,12366,90,505186,1729,517552,1819,0,70,-12,1717,96,11863,1,161,60
01-10-21,Overton,2522,14,1969,5,553,9,2325,8,12703,66,15028,74,0,41,4,304,10,2177,0,58,50
01-10-21,Pending,12170,147,8388,65,3782,82,9263,77,323514,1467,332777,1544,2,112,9,2163,136,9895,1,107,91
01-10-21,Perry,930,5,822,4,108,1,914,4,5458,17,6372,21,0,24,1,45,4,861,0,26,24
01-10-21,Pickett,644,2,436,2,208,0,518,4,2910,31,3428,35,0,18,2,82,0,544,0,28,21
01-10-21,Polk,1335,15,1246,14,89,1,1390,14,7252,22,8642,36,0,17,0,169,15,1149,0,47,18
01-10-21,Putnam,9330,30,7897,20,1433,10,9478,24,59106,303,68584,327,1,128,-13,870,42,8332,0,181,146
01-10-21,Rhea,3553,34,3187,26,366,8,3584,28,21456,105,25040,133,0,53,18,458,16,3042,0,74,59
01-10-21,Roane,4907,56,4032,28,875,28,4460,31,35358,130,39818,161,1,70,36,631,19,4206,1,117,80
01-10-21,Robertson,7499,69,6336,31,1163,38,7165,40,35409,212,42574,252,1,80,22,846,46,6573,0,356,90
01-10-21,Rutherford,31976,319,28949,225,3027,94,33862,293,183345,1264,217207,1557,1,267,155,3226,163,28483,1,492,295
01-10-21,Scott,2426,12,1484,3,942,9,1580,4,9673,15,11253,19,0,28,-2,260,14,2138,1,56,33
01-10-21,Sequatchie,1265,9,1075,5,190,4,1169,6,10219,28,11388,34,0,18,4,163,5,1084,0,30,21
01-10-21,Sevier,9986,68,9143,53,843,15,10004,62,52958,161,62962,223,2,88,-16,1019,82,8879,2,228,123
01-10-21,Shelby,74131,767,70384,604,3747,163,86386,736,725424,4320,811810,5056,13,1029,407,6803,347,66299,16,3047,1222
01-10-21,Smith,2267,10,1827,4,440,6,2295,4,11209,146,13504,150,0,24,1,195,9,2048,0,55,28
01-10-21,Stewart,1021,9,806,5,215,4,908,5,5672,39,6580,44,0,20,4,112,5,889,0,21,21
01-10-21,Sullivan,12125,92,10753,77,1372,15,11590,84,67850,384,79440,468,2,200,0,1202,90,10723,1,616,223
01-10-21,Sumner,17924,132,16802,75,1122,57,19008,98,96281,516,115289,614,3,223,-6,1852,135,15849,2,640,253
01-10-21,Tipton,5963,59,4410,25,1553,34,5330,32,38537,155,43867,187,3,60,35,591,21,5312,0,131,75
01-10-21,Trousdale,2275,8,2179,8,96,0,2327,9,7756,33,10083,42,0,13,6,104,2,2158,0,34,17
01-10-21,Unicoi,1570,6,1267,3,303,3,1394,3,11093,36,12487,39,0,41,-1,169,7,1360,0,56,42
01-10-21,Union,1392,5,1207,4,185,1,1308,6,8734,21,10042,27,0,20,-5,117,10,1255,0,46,21
01-10-21,Van Buren,696,4,599,3,97,1,662,6,4442,5,5104,11,1,7,2,98,1,591,0,15,10
01-10-21,Warren,4715,26,4124,17,591,9,4667,22,27172,109,31839,131,1,51,6,405,19,4259,0,73,61
01-10-21,Washington,11203,67,9846,54,1357,13,10836,55,65176,351,76012,406,1,186,12,1288,54,9729,1,293,198
01-10-21,Wayne,2591,7,2190,1,401,6,2396,2,9823,36,12219,38,0,18,2,182,5,2391,0,47,22
01-10-21,Weakley,3409,22,2628,14,781,8,2999,15,18477,61,21476,76,0,47,5,291,17,3071,0,53,50
01-10-21,White,2955,19,2510,11,445,8,3090,16,19401,78,22491,94,1,41,5,251,13,2663,0,93,51
01-10-21,Williamson,20492,217,18336,157,2156,60,20445,239,144431,949,164876,1188,2,135,18,2469,197,17888,1,255,166
01-10-21,Wilson,13911,131,12943,104,968,27,14784,139,80381,570,95165,709,0,141,30,1448,101,12322,3,286,163
01-09-21,Anderson,6537,112,5299,70,1238,42,5907,80,51581,438,57488,518,2,88,44,876,66,5573,0,167,113
01-09-21,Bedford,5057,54,4172,42,885,12,4818,53,25617,212,30435,265,1,76,28,557,25,4424,0,105,87
01-09-21,Benton,1315,14,1121,12,194,2,1240,12,7798,53,9038,65,0,32,3,119,11,1164,0,34,36
01-09-21,Bledsoe,1711,19,1613,15,98,4,1710,15,12686,48,14396,63,0,10,16,119,3,1582,0,28,9
01-09-21,Blount,11854,173,10664,155,1190,18,11740,166,59036,402,70776,568,1,108,66,1437,106,10309,2,270,133
01-09-21,Bradley,10160,104,8942,88,1218,16,10167,83,50930,347,61097,430,0,82,16,987,88,9091,6,416,100
01-09-21,Campbell,3100,36,1955,23,1145,13,2186,31,22173,84,24359,115,0,39,7,376,29,2685,0,96,44
01-09-21,Cannon,1502,12,1280,9,222,3,1430,10,7629,40,9059,50,0,16,4,148,8,1338,0,26,20
01-09-21,Carroll,2956,17,2049,9,907,8,2424,9,17308,77,19732,86,1,56,-25,248,41,2652,0,69,65
01-09-21,Carter,5143,27,4559,24,584,3,4976,29,30117,204,35093,233,1,101,-4,618,30,4424,0,196,123
01-09-21,Cheatham,3191,15,2658,11,533,4,3010,12,21668,139,24678,151,0,28,-22,313,37,2850,0,70,32
01-09-21,Chester,1699,27,1251,15,448,12,1497,18,9308,47,10805,65,2,36,11,186,14,1477,2,34,39
01-09-21,Claiborne,1894,26,1365,17,529,9,1457,18,18835,191,20292,209,0,20,8,229,18,1645,0,58,31
01-09-21,Clay,928,7,664,7,264,0,761,10,4815,31,5576,41,1,25,-2,46,8,857,0,19,27
01-09-21,Cocke,3291,55,2423,23,868,32,2671,24,17053,88,19724,112,0,52,28,466,27,2773,1,93,70
01-09-21,Coffee,5400,58,4025,45,1375,13,4937,65,37676,271,42613,336,2,76,13,591,43,4733,1,91,91
01-09-21,Crockett,1802,11,1122,7,680,4,1306,9,6321,25,7627,34,1,36,-6,163,16,1603,0,29,43
01-09-21,Cumberland,5234,82,4541,62,693,20,5199,74,41455,289,46654,363,4,58,50,871,28,4305,1,126,78
01-09-21,Davidson,68591,685,65970,635,2621,50,79997,814,720683,4107,800680,4921,6,620,274,7139,405,60832,6,1729,664
01-09-21,Decatur,1425,13,1090,8,335,5,1301,9,10143,58,11444,67,0,23,3,106,10,1296,0,36,26
01-09-21,Dekalb,2298,28,1767,24,531,4,2043,26,14525,104,16568,130,0,37,18,235,10,2026,0,49,40
01-09-21,Dickson,5112,41,3978,38,1134,3,4716,38,28697,118,33413,156,2,72,-16,355,55,4685,1,104,77
01-09-21,Dyer,4633,34,3214,22,1419,12,3615,24,18996,69,22611,93,0,79,0,424,34,4130,0,95,82
01-09-21,Fayette,3872,47,3487,44,385,3,4283,60,29913,236,34196,296,0,50,11,491,36,3331,0,109,55
01-09-21,Fentress,2073,21,1828,19,245,2,2087,19,9623,62,11710,81,0,30,14,198,7,1845,0,52,35
01-09-21,Franklin,3941,42,3443,29,498,13,4036,36,28147,201,32183,237,0,50,2,405,40,3486,0,90,63
01-09-21,Gibson,5433,48,3397,29,2036,19,4133,37,25192,130,29325,167,5,102,-16,477,59,4854,1,92,114
01-09-21,Giles,3107,37,2703,34,404,3,3093,45,18934,181,22027,226,1,68,7,494,29,2545,0,99,71
01-09-21,Grainger,1993,30,1581,19,412,11,1761,23,11506,93,13267,116,0,27,24,247,6,1719,1,58,39
01-09-21,Greene,6296,67,5111,45,1185,22,5681,46,35694,224,41375,270,1,103,21,884,45,5309,0,160,114
01-09-21,Grundy,1388,9,1213,9,175,0,1400,11,6336,44,7736,55,0,20,-1,178,10,1190,0,53,22
01-09-21,Hamblen,6550,81,5133,49,1417,32,5748,51,39126,269,44874,320,1,96,25,771,55,5683,1,215,126
01-09-21,Hamilton,32198,348,28815,290,3383,58,32315,325,254503,1436,286818,1761,2,300,-50,2772,396,29126,3,888,347
01-09-21,Hancock,392,4,300,3,92,1,320,3,3253,49,3573,52,0,6,3,59,1,327,0,16,8
01-09-21,Hardeman,3046,35,2557,29,489,6,3003,33,21596,118,24599,151,3,49,18,230,14,2767,2,93,51
01-09-21,Hardin,2959,39,2089,19,870,20,2500,23,19872,128,22372,151,1,38,11,340,27,2581,1,55,49
01-09-21,Hawkins,4208,87,3595,74,613,13,3866,73,25223,217,29089,290,0,62,51,660,36,3486,1,121,71
01-09-21,Haywood,2364,18,2009,13,355,5,2280,14,11700,55,13980,69,3,41,4,170,11,2153,1,70,47
01-09-21,Henderson,3249,33,2321,22,928,11,2929,29,14414,55,17343,84,3,50,-5,321,35,2878,0,70,54
01-09-21,Henry,2539,41,2049,23,490,18,2373,25,15666,61,18039,86,1,48,28,188,12,2303,0,66,59
01-09-21,Hickman,2273,33,1940,29,333,4,2246,32,13448,95,15694,127,0,30,10,263,23,1980,0,45,36
01-09-21,Houston,921,9,709,9,212,0,806,10,7451,30,8257,40,0,22,-6,82,15,817,0,38,26
01-09-21,Humphreys,1266,6,893,3,373,3,1045,5,9726,35,10771,40,1,16,0,57,5,1193,1,25,18
01-09-21,Jackson,1108,12,888,12,220,0,1037,13,4621,47,5658,60,0,20,11,96,1,992,0,32,25
01-09-21,Jefferson,4497,70,3332,41,1165,29,3761,45,30142,146,33903,191,2,71,31,641,37,3785,1,141,79
01-09-21,Johnson,1904,10,1757,7,147,3,1869,6,11767,67,13636,73,0,29,7,144,3,1731,0,52,30
01-09-21,Knox,37308,477,33048,395,4260,82,36042,423,254534,1395,290576,1818,5,352,104,4276,368,32680,12,1043,392
01-09-21,Lake,1507,7,1348,5,159,2,1597,4,8742,21,10339,25,2,18,1,103,4,1386,1,21,20
01-09-21,Lauderdale,2798,31,2210,20,588,11,2533,25,17847,89,20380,114,0,31,24,243,7,2524,0,77,34
01-09-21,Lawrence,4841,59,3876,48,965,11,4269,53,23704,222,27973,275,0,66,24,556,35,4219,0,121,69
01-09-21,Lewis,1242,11,1051,9,191,2,1134,10,8817,105,9951,115,0,20,3,101,8,1121,0,35,20
01-09-21,Lincoln,3606,28,2854,22,752,6,3235,29,14624,136,17859,165,0,39,-1,416,29,3151,1,70,44
01-09-21,Loudon,4626,67,3883,38,743,29,4232,41,25911,127,30143,168,0,45,35,545,32,4036,0,102,49
01-09-21,Macon,2918,20,2389,18,529,2,2818,22,13043,67,15861,89,0,48,2,231,18,2639,0,108,59
01-09-21,Madison,8804,65,5005,29,3799,36,6173,33,46253,242,52426,275,0,162,-30,171,95,8471,1,307,191
01-09-21,Marion,2375,36,2108,30,267,6,2377,34,14245,117,16622,151,0,26,16,363,20,1986,0,93,41
01-09-21,Marshall,3184,45,2761,31,423,14,3111,39,19579,132,22690,171,0,33,22,397,23,2754,1,69,35
01-09-21,Maury,10324,205,9570,154,754,51,10561,166,59941,521,70502,687,2,115,114,1164,89,9045,0,236,123
01-09-21,McMinn,4922,87,4526,77,396,10,4993,90,33188,273,38181,363,2,70,49,592,36,4260,0,121,74
01-09-21,McNairy,2224,29,1602,15,622,14,2003,16,14435,210,16438,226,4,42,7,145,18,2037,1,56,44
01-09-21,Meigs,1033,13,961,11,72,2,1072,11,6190,54,7262,65,0,16,2,100,11,917,0,33,17
01-09-21,Monroe,4358,78,3677,59,681,19,4105,67,21917,173,26022,240,0,60,46,575,32,3723,0,126,69
01-09-21,Montgomery,13364,222,10590,119,2774,103,11680,132,87289,660,98969,792,3,136,113,1520,106,11708,1,247,160
01-09-21,Moore,809,13,643,10,166,3,729,11,4111,24,4840,35,0,6,3,97,10,706,0,11,9
01-09-21,Morgan,1889,31,1482,23,407,8,1582,18,13042,64,14624,82,0,12,23,281,8,1596,0,26,17
01-09-21,Obion,3985,19,2986,16,999,3,3378,16,18440,158,21818,174,0,74,-7,353,26,3558,0,91,78
01-09-21,Out of State,13566,158,10989,136,2577,22,12276,163,503457,2041,515733,2204,1,70,-19,1729,176,11767,1,160,60
01-09-21,Overton,2508,33,1964,17,544,16,2317,19,12637,91,14954,110,0,41,22,300,11,2167,0,58,50
01-09-21,Pending,12023,204,8323,109,3700,95,9186,116,322047,1849,331233,1965,-1,110,5,2154,200,9759,0,106,90
01-09-21,Perry,925,13,818,13,107,0,910,13,5441,28,6351,41,0,24,7,44,6,857,0,26,24
01-09-21,Pickett,642,5,434,4,208,1,514,3,2879,19,3393,22,0,18,2,80,3,544,0,28,21
01-09-21,Polk,1320,17,1232,17,88,0,1376,21,7230,40,8606,61,0,17,2,169,15,1134,1,47,18
01-09-21,Putnam,9300,110,7877,99,1423,11,9454,116,58803,462,68257,578,0,127,52,883,58,8290,0,181,145
01-09-21,Rhea,3519,50,3161,41,358,9,3556,44,21351,162,24907,206,1,53,28,440,21,3026,0,74,59
01-09-21,Roane,4851,70,4004,57,847,13,4429,59,35228,198,39657,257,0,69,38,595,32,4187,1,116,77
01-09-21,Robertson,7430,90,6305,71,1125,19,7125,81,35197,303,42322,384,1,79,12,824,77,6527,6,356,89
01-09-21,Rutherford,31657,321,28724,278,2933,43,33569,330,182081,1192,215650,1522,3,266,94,3071,224,28320,2,491,290
01-09-21,Scott,2414,12,1481,2,933,10,1576,2,9658,29,11234,31,1,28,5,262,6,2124,0,55,33
01-09-21,Sequatchie,1256,16,1070,15,186,1,1163,18,10191,86,11354,104,0,18,5,159,11,1079,0,30,21
01-09-21,Sevier,9918,155,9090,135,828,20,9942,150,52797,348,62739,498,1,86,117,1035,37,8797,0,226,117
01-09-21,Shelby,73364,795,69780,741,3584,54,85650,927,721104,5901,806754,6828,7,1016,312,6396,476,65952,9,3031,1207
01-09-21,Smith,2257,13,1823,10,434,3,2291,14,11063,117,13354,131,0,24,11,194,2,2039,0,55,28
01-09-21,Stewart,1012,15,801,11,211,4,903,11,5633,35,6536,46,0,20,10,108,5,884,0,21,21
01-09-21,Sullivan,12033,41,10676,22,1357,19,11506,26,67466,197,78972,223,0,198,-58,1202,99,10633,0,615,222
01-09-21,Sumner,17792,152,16727,138,1065,14,18910,171,95765,660,114675,831,0,220,19,1858,133,15714,4,638,252
01-09-21,Tipton,5904,53,4385,37,1519,16,5298,47,38382,228,43680,275,0,57,2,556,51,5291,2,131,74
01-09-21,Trousdale,2267,15,2171,14,96,1,2318,17,7723,50,10041,67,0,13,10,98,5,2156,0,34,17
01-09-21,Unicoi,1564,11,1264,8,300,3,1391,9,11057,43,12448,52,0,41,0,170,11,1353,0,56,42
01-09-21,Union,1387,12,1203,10,184,2,1302,8,8713,64,10015,72,0,20,8,122,4,1245,0,46,21
01-09-21,Van Buren,692,12,596,9,96,3,656,12,4437,18,5093,30,0,6,8,96,4,590,1,15,10
01-09-21,Warren,4689,43,4107,38,582,5,4645,57,27063,159,31708,216,2,50,16,399,25,4240,0,73,61
01-09-21,Washington,11136,88,9792,72,1344,16,10781,79,64825,356,75606,435,3,185,10,1276,75,9675,0,292,197
01-09-21,Wayne,2584,16,2189,11,395,5,2394,11,9787,55,12181,66,0,18,2,180,14,2386,1,47,20
01-09-21,Weakley,3387,29,2614,16,773,13,2984,17,18416,85,21400,102,0,47,13,286,16,3054,0,53,49
01-09-21,White,2936,20,2499,19,437,1,3074,31,19323,127,22397,158,0,40,7,246,13,2650,1,93,49
01-09-21,Williamson,20275,195,18179,142,2096,53,20206,158,143482,947,163688,1105,0,133,-8,2451,203,17691,1,254,165
01-09-21,Wilson,13780,136,12839,118,941,18,14645,141,79811,604,94456,745,1,141,10,1418,125,12221,7,283,161
01-08-21,Anderson,6425,82,5229,50,1196,32,5827,54,51143,200,56970,254,5,86,60,832,17,5507,2,167,112
01-08-21,Bedford,5003,32,4130,31,873,1,4765,40,25405,148,30170,188,0,75,23,529,9,4399,0,105,85
01-08-21,Benton,1301,6,1109,6,192,0,1228,6,7745,42,8973,48,0,32,4,116,2,1153,1,34,36
01-08-21,Bledsoe,1692,9,1598,7,94,2,1695,7,12638,44,14333,51,0,10,9,103,0,1579,0,28,9
01-08-21,Blount,11681,106,10509,88,1172,18,11574,89,58634,231,70208,320,4,107,68,1371,34,10203,2,268,132
01-08-21,Bradley,10056,107,8854,91,1202,16,10084,104,50583,305,60667,409,1,82,85,971,21,9003,2,410,99
01-08-21,Campbell,3064,16,1932,8,1132,8,2155,7,22089,55,24244,62,0,39,5,369,11,2656,0,96,43
01-08-21,Cannon,1490,10,1271,8,219,2,1420,10,7589,42,9009,52,0,16,7,144,3,1330,1,26,20
01-08-21,Carroll,2939,22,2040,9,899,13,2415,18,17231,77,19646,95,1,55,3,273,18,2611,0,69,65
01-08-21,Carter,5116,52,4535,44,581,8,4947,47,29913,124,34860,171,1,100,44,622,7,4394,0,196,122
01-08-21,Cheatham,3176,32,2647,21,529,11,2998,31,21529,170,24527,201,0,28,14,335,18,2813,0,70,32
01-08-21,Chester,1672,20,1236,15,436,5,1479,17,9261,90,10740,107,0,34,14,175,6,1463,0,32,39
01-08-21,Claiborne,1868,13,1348,8,520,5,1439,9,18644,142,20083,151,0,20,9,221,4,1627,0,58,31
01-08-21,Clay,921,16,657,11,264,5,751,13,4784,24,5535,37,0,24,16,48,0,849,0,19,27
01-08-21,Cocke,3236,35,2400,21,836,14,2647,26,16965,100,19612,126,1,52,24,438,10,2746,1,92,69
01-08-21,Coffee,5342,42,3980,25,1362,17,4872,23,37405,152,42277,175,2,74,28,578,12,4690,1,90,90
01-08-21,Crockett,1791,9,1115,4,676,5,1297,5,6296,10,7593,15,1,35,3,169,5,1587,0,29,43
01-08-21,Cumberland,5152,89,4479,74,673,15,5125,81,41166,213,46291,294,1,54,70,821,18,4277,1,125,77
01-08-21,Davidson,67906,618,65335,580,2571,38,79183,1016,716576,4711,795759,5727,14,614,429,6865,175,60427,4,1723,654
01-08-21,Decatur,1412,2,1082,1,330,1,1292,5,10085,17,11377,22,0,23,1,103,1,1286,0,36,26
01-08-21,Dekalb,2270,31,1743,20,527,11,2017,20,14421,35,16438,55,0,37,27,217,4,2016,0,49,40
01-08-21,Dickson,5071,71,3940,37,1131,34,4678,48,28579,173,33257,221,2,70,60,371,9,4630,0,103,77
01-08-21,Dyer,4599,45,3192,21,1407,24,3591,22,18927,89,22518,111,0,79,30,424,15,4096,0,95,81
01-08-21,Fayette,3825,30,3443,19,382,11,4223,22,29677,96,33900,118,0,50,23,480,7,3295,0,109,54
01-08-21,Fentress,2052,18,1809,14,243,4,2068,16,9561,66,11629,82,0,30,17,184,1,1838,0,52,35
01-08-21,Franklin,3899,40,3414,34,485,6,4000,44,27946,210,31946,254,1,50,29,403,10,3446,1,90,63
01-08-21,Gibson,5385,30,3368,17,2017,13,4096,14,25062,132,29158,146,-1,97,19,493,12,4795,0,91,112
01-08-21,Giles,3070,39,2669,26,401,13,3048,31,18753,72,21801,103,2,67,34,487,3,2516,0,99,71
01-08-21,Grainger,1963,15,1562,8,401,7,1738,8,11413,36,13151,44,0,27,9,223,6,1713,1,57,37
01-08-21,Greene,6229,56,5066,44,1163,12,5635,41,35470,147,41105,188,0,102,42,863,14,5264,0,160,111
01-08-21,Grundy,1379,17,1204,14,175,3,1389,18,6292,40,7681,58,0,20,15,179,2,1180,1,53,22
01-08-21,Hamblen,6469,52,5084,22,1385,30,5697,24,38857,103,44554,127,4,95,34,746,14,5628,0,214,125
01-08-21,Hamilton,31850,489,28525,423,3325,66,31990,469,253067,1923,285057,2392,9,298,365,2822,115,28730,7,885,344
01-08-21,Hancock,388,9,297,4,91,5,317,4,3204,5,3521,9,1,6,8,56,0,326,0,16,8
01-08-21,Hardeman,3011,15,2528,13,483,2,2970,13,21478,169,24448,182,-1,46,14,212,2,2753,0,91,49
01-08-21,Hardin,2920,19,2070,10,850,9,2477,11,19744,90,22221,101,0,37,15,329,4,2554,1,54,48
01-08-21,Hawkins,4121,40,3521,30,600,10,3793,32,25006,95,28799,127,1,62,32,609,7,3450,2,120,70
01-08-21,Haywood,2346,10,1996,8,350,2,2266,8,11645,37,13911,45,-1,38,7,166,4,2142,0,69,47
01-08-21,Henderson,3216,20,2299,11,917,9,2900,12,14359,38,17259,50,1,47,12,326,7,2843,0,70,54
01-08-21,Henry,2498,22,2026,12,472,10,2348,13,15605,51,17953,64,3,47,15,160,4,2291,1,66,57
01-08-21,Hickman,2240,26,1911,15,329,11,2214,18,13353,55,15567,73,1,30,19,253,6,1957,0,45,35
01-08-21,Houston,912,11,700,5,212,6,796,7,7421,82,8217,89,0,22,9,88,2,802,0,38,26
01-08-21,Humphreys,1260,17,890,3,370,14,1040,5,9691,45,10731,50,2,15,14,57,1,1188,0,24,18
01-08-21,Jackson,1096,8,876,5,220,3,1024,5,4574,22,5598,27,0,20,5,85,3,991,0,32,25
01-08-21,Jefferson,4427,46,3291,29,1136,17,3716,31,29996,192,33712,223,0,69,28,610,18,3748,2,140,79
01-08-21,Johnson,1894,7,1750,5,144,2,1863,6,11700,31,13563,37,0,29,4,137,3,1728,0,52,30
01-08-21,Knox,36831,459,32653,371,4178,88,35619,376,253139,1490,288758,1866,7,347,267,4172,185,32312,6,1031,390
01-08-21,Lake,1500,10,1343,7,157,3,1593,9,8721,48,10314,57,0,16,8,102,2,1382,2,20,18
01-08-21,Lauderdale,2767,33,2190,24,577,9,2508,28,17758,108,20266,136,0,31,26,219,7,2517,0,77,34
01-08-21,Lawrence,4782,36,3828,17,954,19,4216,21,23482,103,27698,124,2,66,26,532,8,4184,1,121,68
01-08-21,Lewis,1231,8,1042,6,189,2,1124,5,8712,15,9836,20,0,20,5,98,3,1113,0,35,20
01-08-21,Lincoln,3578,23,2832,18,746,5,3206,17,14488,69,17694,86,0,39,12,417,11,3122,0,69,44
01-08-21,Loudon,4559,45,3845,32,714,13,4191,35,25784,109,29975,144,0,45,38,510,7,4004,1,102,49
01-08-21,Macon,2898,27,2371,18,527,9,2796,21,12976,96,15772,117,1,48,16,229,10,2621,0,108,58
01-08-21,Madison,8739,72,4976,52,3763,20,6140,57,46011,327,52151,384,1,162,27,201,44,8376,3,306,191
01-08-21,Marion,2339,30,2078,25,261,5,2343,29,14128,126,16471,155,0,26,23,347,7,1966,3,93,41
01-08-21,Marshall,3139,25,2730,13,409,12,3072,18,19447,83,22519,101,2,33,18,375,5,2731,0,68,35
01-08-21,Maury,10119,68,9416,44,703,24,10395,82,59420,219,69815,301,3,113,11,1050,54,8956,1,236,121
01-08-21,McMinn,4835,26,4449,20,386,6,4903,27,32915,169,37818,196,1,68,16,543,9,4224,2,121,74
01-08-21,McNairy,2195,13,1587,6,608,7,1987,6,14225,140,16212,146,0,38,7,138,6,2019,1,55,43
01-08-21,Meigs,1020,4,950,3,70,1,1061,5,6136,38,7197,43,0,16,1,98,3,906,0,33,17
01-08-21,Monroe,4280,40,3618,25,662,15,4038,24,21744,101,25782,125,1,60,30,529,9,3691,0,126,69
01-08-21,Montgomery,13142,216,10471,97,2671,119,11548,112,86629,527,98177,639,1,133,173,1407,42,11602,4,246,158
01-08-21,Moore,796,2,633,1,163,1,718,1,4087,23,4805,24,0,6,1,94,1,696,0,11,9
01-08-21,Morgan,1858,15,1459,12,399,3,1564,26,12978,60,14542,86,0,12,9,258,6,1588,0,26,17
01-08-21,Obion,3966,20,2970,15,996,5,3362,15,18282,127,21644,142,0,74,14,360,6,3532,0,91,78
01-08-21,Out of State,13408,145,10853,118,2555,27,12113,168,501416,2246,513529,2414,1,69,103,1748,41,11591,2,159,59
01-08-21,Overton,2475,21,1947,8,528,13,2298,9,12546,65,14844,74,0,41,14,278,7,2156,0,58,50
01-08-21,Pending,11819,180,8214,79,3605,101,9070,127,320198,1633,329268,1760,5,111,141,2149,34,9559,1,106,87
01-08-21,Perry,912,3,805,1,107,2,897,3,5413,13,6310,16,1,24,1,37,1,851,0,26,24
01-08-21,Pickett,637,11,430,8,207,3,511,8,2860,26,3371,34,0,18,9,78,2,541,0,28,20
01-08-21,Polk,1303,21,1215,18,88,3,1355,17,7190,55,8545,72,0,17,17,167,4,1119,0,46,18
01-08-21,Putnam,9190,81,7778,51,1412,30,9338,53,58341,291,67679,344,1,127,55,831,25,8232,0,181,144
01-08-21,Rhea,3469,45,3120,37,349,8,3512,39,21189,215,24701,254,0,52,34,412,11,3005,1,74,57
01-08-21,Roane,4781,42,3947,31,834,11,4370,34,35030,151,39400,185,4,69,30,557,8,4155,2,115,77
01-08-21,Robertson,7340,68,6234,44,1106,24,7044,64,34894,251,41938,315,1,78,48,812,19,6450,4,350,89
01-08-21,Rutherford,31336,289,28446,217,2890,72,33239,307,180889,1144,214128,1451,4,263,226,2977,59,28096,2,489,287
01-08-21,Scott,2402,15,1479,7,923,8,1574,7,9629,30,11203,37,1,27,8,257,6,2118,1,55,33
01-08-21,Sequatchie,1240,10,1055,5,185,5,1145,5,10105,30,11250,35,1,18,4,154,5,1068,0,30,21
01-08-21,Sevier,9763,136,8955,122,808,14,9792,126,52449,350,62241,476,1,85,116,918,19,8760,3,226,114
01-08-21,Shelby,72569,420,69039,375,3530,45,84723,450,715203,2859,799926,3309,13,1009,255,6084,152,65476,13,3022,1201
01-08-21,Smith,2244,31,1813,7,431,24,2277,11,10946,77,13223,88,0,24,31,183,0,2037,1,55,28
01-08-21,Stewart,997,13,790,9,207,4,892,13,5598,25,6490,38,0,20,11,98,2,879,1,21,21
01-08-21,Sullivan,11992,149,10654,129,1338,20,11480,135,67269,343,78749,478,2,198,118,1260,29,10534,5,615,221
01-08-21,Sumner,17640,152,16589,136,1051,16,18739,187,95105,658,113844,845,6,220,113,1839,33,15581,0,634,249
01-08-21,Tipton,5851,32,4348,13,1503,19,5251,21,38154,148,43405,169,1,57,17,554,14,5240,0,129,74
01-08-21,Trousdale,2252,13,2157,8,95,5,2301,10,7673,38,9974,48,1,13,11,88,1,2151,0,34,17
01-08-21,Unicoi,1553,11,1256,6,297,5,1382,7,11014,23,12396,30,1,41,5,170,5,1342,0,56,41
01-08-21,Union,1375,6,1193,3,182,3,1294,5,8649,34,9943,39,1,20,4,114,1,1241,0,46,20
01-08-21,Van Buren,680,7,587,4,93,3,644,4,4419,6,5063,10,0,6,5,88,2,586,0,14,8
01-08-21,Warren,4646,60,4069,55,577,5,4588,57,26904,148,31492,205,0,48,54,383,6,4215,1,73,60
01-08-21,Washington,11048,79,9720,61,1328,18,10702,74,64469,297,75171,371,3,182,57,1266,19,9600,0,292,196
01-08-21,Wayne,2568,4,2178,2,390,2,2383,6,9732,34,12115,40,0,18,0,178,4,2372,0,46,20
01-08-21,Weakley,3358,23,2598,13,760,10,2967,15,18331,117,21298,132,0,47,18,273,5,3038,0,53,49
01-08-21,White,2916,14,2480,8,436,6,3043,7,19196,64,22239,71,1,40,6,239,7,2637,0,92,49
01-08-21,Williamson,20080,196,18037,157,2043,39,20048,369,142535,1085,162583,1454,1,133,129,2459,66,17488,3,253,162
01-08-21,Wilson,13644,98,12721,82,923,16,14504,169,79207,532,93711,701,2,140,66,1408,30,12096,1,276,156
01-07-21,Anderson,6343,106,5179,81,1164,25,5773,92,50943,219,56716,311,1,81,65,772,40,5490,1,165,109
01-07-21,Bedford,4971,75,4099,67,872,8,4725,72,25257,175,29982,247,1,75,51,506,23,4390,1,105,85
01-07-21,Benton,1295,25,1103,20,192,5,1222,21,7703,43,8925,64,0,32,21,112,4,1151,0,33,36
01-07-21,Bledsoe,1683,15,1591,14,92,1,1688,15,12594,59,14282,74,0,10,4,94,11,1579,0,28,9
01-07-21,Blount,11575,68,10421,62,1154,6,11485,65,58403,311,69888,376,2,103,-36,1303,102,10169,0,266,132
01-07-21,Bradley,9949,91,8763,85,1186,6,9980,92,50278,298,60258,390,0,81,20,886,71,8982,3,408,95
01-07-21,Campbell,3048,33,1924,13,1124,20,2148,14,22034,49,24182,63,1,39,-11,364,43,2645,0,96,42
01-07-21,Cannon,1480,14,1263,12,217,2,1410,14,7547,50,8957,64,0,16,6,137,8,1327,2,25,20
01-07-21,Carroll,2917,46,2031,26,886,20,2397,28,17154,59,19551,87,2,54,39,270,5,2593,1,69,65
01-07-21,Carter,5064,54,4491,48,573,6,4900,50,29789,91,34689,141,4,99,22,578,28,4387,0,196,121
01-07-21,Cheatham,3144,36,2626,26,518,10,2967,28,21359,117,24326,145,1,28,8,321,27,2795,0,70,31
01-07-21,Chester,1652,16,1221,10,431,6,1462,13,9171,41,10633,54,2,34,8,161,6,1457,0,32,39
01-07-21,Claiborne,1855,29,1340,16,515,13,1430,16,18502,37,19932,53,0,20,12,212,17,1623,0,58,31
01-07-21,Clay,905,4,646,2,259,2,738,2,4760,5,5498,7,1,24,1,32,2,849,0,19,26
01-07-21,Cocke,3201,39,2379,20,822,19,2621,25,16865,45,19486,70,0,51,23,414,16,2736,0,91,67
01-07-21,Coffee,5300,80,3955,70,1345,10,4849,73,37253,289,42102,362,0,72,50,550,30,4678,0,89,89
01-07-21,Crockett,1782,13,1111,8,671,5,1292,8,6286,24,7578,32,3,34,6,166,4,1582,0,29,42
01-07-21,Cumberland,5063,74,4405,64,658,10,5044,73,40953,228,45997,301,0,53,32,751,42,4259,0,124,75
01-07-21,Davidson,67288,760,64755,725,2533,35,78167,633,711865,5024,790032,5657,0,600,379,6436,381,60252,6,1719,645
01-07-21,Decatur,1410,6,1081,6,329,0,1287,4,10068,31,11355,35,1,23,4,102,1,1285,1,36,26
01-07-21,Dekalb,2239,50,1723,43,516,7,1997,47,14386,109,16383,156,0,37,36,190,14,2012,1,49,40
01-07-21,Dickson,5000,53,3903,50,1097,3,4630,48,28406,165,33036,213,0,68,14,311,39,4621,1,103,76
01-07-21,Dyer,4554,44,3171,30,1383,14,3569,31,18838,85,22407,116,4,79,23,394,17,4081,0,95,81
01-07-21,Fayette,3795,68,3424,64,371,4,4201,65,29581,175,33782,240,1,50,46,457,21,3288,1,109,54
01-07-21,Fentress,2034,26,1795,26,239,0,2052,27,9495,63,11547,90,0,30,20,167,6,1837,0,52,35
01-07-21,Franklin,3859,42,3380,38,479,4,3956,37,27736,147,31692,184,0,49,21,374,21,3436,0,89,62
01-07-21,Gibson,5355,47,3351,24,2004,23,4082,29,24930,129,29012,158,3,98,17,474,27,4783,0,91,111
01-07-21,Giles,3031,47,2643,36,388,11,3017,42,18681,101,21698,143,1,65,31,453,15,2513,1,99,69
01-07-21,Grainger,1948,33,1554,32,394,1,1730,35,11377,107,13107,142,0,27,19,214,14,1707,0,56,37
01-07-21,Greene,6173,99,5022,78,1151,21,5594,84,35323,177,40917,261,0,102,72,821,27,5250,0,160,110
01-07-21,Grundy,1362,27,1190,24,172,3,1371,24,6252,47,7623,71,0,20,17,164,10,1178,0,52,22
01-07-21,Hamblen,6417,110,5062,76,1355,34,5673,82,38754,179,44427,261,0,91,64,712,46,5614,4,214,119
01-07-21,Hamilton,31361,355,28102,331,3259,24,31521,359,251144,1116,282665,1475,4,289,80,2457,271,28615,8,878,338
01-07-21,Hancock,379,7,293,7,86,0,313,8,3199,19,3512,27,0,5,5,48,2,326,0,16,7
01-07-21,Hardeman,2996,26,2515,17,481,9,2957,18,21309,64,24266,82,4,47,11,198,11,2751,0,91,49
01-07-21,Hardin,2901,29,2060,26,841,3,2466,30,19654,78,22120,108,1,37,11,314,17,2550,0,53,46
01-07-21,Hawkins,4081,87,3491,80,590,7,3761,89,24911,212,28672,301,1,61,63,577,23,3443,0,118,70
01-07-21,Haywood,2336,22,1988,21,348,1,2258,24,11608,71,13866,95,1,39,14,159,7,2138,1,69,47
01-07-21,Henderson,3196,46,2288,38,908,8,2888,42,14321,62,17209,104,2,46,25,314,19,2836,1,70,52
01-07-21,Henry,2476,25,2014,22,462,3,2335,28,15554,56,17889,84,0,44,9,145,16,2287,1,65,57
01-07-21,Hickman,2214,23,1896,19,318,4,2196,19,13298,68,15494,87,0,29,2,234,21,1951,0,45,33
01-07-21,Houston,901,26,695,9,206,17,789,10,7339,23,8128,33,0,22,21,79,5,800,0,38,25
01-07-21,Humphreys,1243,14,887,10,356,4,1035,10,9646,41,10681,51,1,13,10,43,3,1187,0,24,18
01-07-21,Jackson,1088,15,871,14,217,1,1019,16,4552,34,5571,50,0,20,11,80,4,988,0,32,24
01-07-21,Jefferson,4381,56,3262,48,1119,8,3685,54,29804,182,33489,236,0,69,18,582,38,3730,0,138,76
01-07-21,Johnson,1887,32,1745,31,142,1,1857,31,11669,66,13526,97,1,29,30,133,1,1725,1,52,30
01-07-21,Knox,36372,387,32282,343,4090,44,35243,354,251649,1264,286892,1618,10,340,72,3905,305,32127,10,1025,382
01-07-21,Lake,1490,9,1336,5,154,4,1584,5,8673,12,10257,17,2,16,4,94,3,1380,0,18,18
01-07-21,Lauderdale,2734,12,2166,10,568,2,2480,11,17650,58,20130,69,2,31,6,193,4,2510,1,77,34
01-07-21,Lawrence,4746,78,3811,66,935,12,4195,68,23379,203,27574,271,0,64,58,506,20,4176,1,120,68
01-07-21,Lewis,1223,10,1036,7,187,3,1119,8,8697,28,9816,36,0,20,3,93,7,1110,0,35,20
01-07-21,Lincoln,3555,52,2814,48,741,4,3189,56,14419,96,17608,152,1,39,31,405,20,3111,1,69,43
01-07-21,Loudon,4514,44,3813,37,701,7,4156,44,25675,125,29831,169,1,45,-1,472,44,3997,2,101,49
01-07-21,Macon,2871,27,2353,16,518,11,2775,17,12880,42,15655,59,0,47,18,213,9,2611,1,108,58
01-07-21,Madison,8667,70,4924,48,3743,22,6083,50,45684,192,51767,242,2,161,3,174,65,8332,5,303,189
01-07-21,Marion,2309,46,2053,40,256,6,2314,38,14002,108,16316,146,0,26,25,324,21,1959,1,90,38
01-07-21,Marshall,3114,49,2717,42,397,7,3054,41,19364,115,22418,156,1,31,25,357,23,2726,2,68,34
01-07-21,Maury,10051,207,9372,160,679,47,10313,149,59201,554,69514,703,3,110,142,1039,62,8902,2,235,119
01-07-21,McMinn,4809,71,4429,65,380,6,4876,60,32746,181,37622,241,1,67,50,527,20,4215,1,119,73
01-07-21,McNairy,2182,23,1581,17,601,6,1981,19,14085,113,16066,132,0,38,8,131,15,2013,0,54,43
01-07-21,Meigs,1016,15,947,14,69,1,1056,13,6098,26,7154,39,0,16,9,97,6,903,1,33,16
01-07-21,Monroe,4240,27,3593,23,647,4,4014,29,21643,84,25657,113,1,59,-1,499,27,3682,0,126,68
01-07-21,Montgomery,12926,95,10374,90,2552,5,11436,91,86102,376,97538,467,1,132,-11,1234,105,11560,1,242,156
01-07-21,Moore,794,12,632,10,162,2,717,11,4064,15,4781,26,0,6,7,93,5,695,0,11,9
01-07-21,Morgan,1843,26,1447,25,396,1,1538,23,12918,55,14456,78,0,12,16,249,10,1582,1,26,17
01-07-21,Obion,3946,27,2955,21,991,6,3347,22,18155,78,21502,100,1,74,5,346,21,3526,0,91,78
01-07-21,Out of State,13263,106,10735,82,2528,24,11945,81,499170,1494,511115,1575,-1,68,-12,1645,119,11550,0,157,58
01-07-21,Overton,2454,48,1939,31,515,17,2289,36,12481,97,14770,133,0,41,29,264,19,2149,1,58,50
01-07-21,Pending,11639,174,8135,107,3504,67,8943,103,318565,1284,327508,1387,2,106,45,2008,127,9525,0,105,85
01-07-21,Perry,909,11,804,9,105,2,894,8,5400,20,6294,28,0,23,3,36,8,850,0,26,24
01-07-21,Pickett,626,9,422,5,204,4,503,5,2834,6,3337,11,1,18,5,69,3,539,0,28,20
01-07-21,Polk,1282,19,1197,18,85,1,1338,19,7135,66,8473,85,0,17,12,150,7,1115,0,46,18
01-07-21,Putnam,9109,164,7727,141,1382,23,9285,158,58050,448,67335,606,1,126,121,776,42,8207,1,181,143
01-07-21,Rhea,3424,45,3083,39,341,6,3473,45,20974,104,24447,149,0,52,17,378,28,2994,0,73,57
01-07-21,Roane,4739,44,3916,23,823,21,4336,27,34879,121,39215,148,0,65,13,527,31,4147,1,113,77
01-07-21,Robertson,7272,70,6190,66,1082,4,6980,67,34643,173,41623,240,1,77,19,764,50,6431,1,346,87
01-07-21,Rutherford,31047,391,28229,364,2818,27,32932,346,179745,1018,212677,1364,5,259,188,2751,198,28037,5,487,286
01-07-21,Scott,2387,27,1472,21,915,6,1567,25,9599,80,11166,105,0,26,17,249,10,2112,0,54,32
01-07-21,Sequatchie,1230,36,1050,34,180,2,1140,36,10075,70,11215,106,0,17,26,150,10,1063,1,30,21
01-07-21,Sevier,9627,85,8833,71,794,14,9666,75,52099,289,61765,364,6,84,8,802,71,8741,1,223,109
01-07-21,Shelby,72149,544,68664,502,3485,42,84273,533,712344,4201,796617,4734,19,996,68,5829,457,65324,9,3009,1191
01-07-21,Smith,2213,40,1806,33,407,7,2266,41,10869,53,13135,94,0,24,28,152,12,2037,1,54,28
01-07-21,Stewart,984,12,781,10,203,2,879,11,5573,32,6452,43,0,20,-3,87,15,877,0,20,21
01-07-21,Sullivan,11843,164,10525,150,1318,14,11345,153,66926,394,78271,547,0,196,103,1142,61,10505,5,610,220
01-07-21,Sumner,17488,188,16453,169,1035,19,18552,170,94447,415,112999,585,1,214,88,1726,99,15548,0,634,246
01-07-21,Tipton,5819,66,4335,58,1484,8,5230,67,38006,164,43236,231,1,56,47,537,18,5226,0,129,72
01-07-21,Trousdale,2239,14,2149,10,90,4,2291,8,7635,34,9926,42,0,12,10,77,4,2150,0,34,17
01-07-21,Unicoi,1542,19,1250,15,292,4,1375,19,10991,97,12366,116,0,40,11,165,8,1337,0,56,41
01-07-21,Union,1369,24,1190,22,179,2,1289,23,8615,44,9904,67,0,19,18,110,6,1240,0,46,20
01-07-21,Van Buren,673,23,583,22,90,1,640,24,4413,58,5053,82,0,6,22,83,1,584,0,14,7
01-07-21,Warren,4586,40,4014,35,572,5,4531,37,26756,91,31287,128,1,48,22,329,17,4209,0,72,59
01-07-21,Washington,10969,179,9659,143,1310,36,10628,151,64172,518,74800,669,0,179,131,1209,48,9581,3,292,193
01-07-21,Wayne,2564,20,2176,16,388,4,2377,17,9698,37,12075,54,0,18,11,178,9,2368,1,46,20
01-07-21,Weakley,3335,42,2585,35,750,7,2952,35,18214,78,21166,113,2,47,17,255,23,3033,0,53,49
01-07-21,White,2902,34,2472,31,430,3,3036,38,19132,104,22168,142,0,39,26,233,8,2630,0,92,49
01-07-21,Williamson,19884,275,17880,246,2004,29,19679,156,141450,803,161129,959,2,132,130,2330,143,17422,1,250,158
01-07-21,Wilson,13546,148,12639,137,907,11,14335,116,78675,433,93010,549,1,138,74,1342,73,12066,2,275,154
01-06-21,Anderson,6237,73,5098,39,1139,34,5681,38,50724,147,56405,185,5,80,-13,707,81,5450,2,164,106
01-06-21,Bedford,4896,43,4032,18,864,25,4653,18,25082,76,29735,94,5,74,-10,455,48,4367,0,104,83
01-06-21,Benton,1270,9,1083,5,187,4,1201,4,7660,18,8861,22,1,32,-2,91,10,1147,1,33,36
01-06-21,Bledsoe,1668,9,1577,9,91,0,1673,11,12535,26,14208,37,1,10,-1,90,9,1568,0,28,9
01-06-21,Blount,11507,163,10359,137,1148,26,11420,137,58092,243,69512,380,1,101,19,1339,143,10067,3,266,131
01-06-21,Bradley,9858,109,8678,86,1180,23,9888,88,49980,284,59868,372,4,81,-13,866,118,8911,5,405,95
01-06-21,Campbell,3015,53,1911,5,1104,48,2134,4,21985,37,24119,41,0,38,13,375,40,2602,0,96,42
01-06-21,Cannon,1466,14,1251,10,215,4,1396,10,7497,18,8893,28,0,16,-1,131,15,1319,0,23,19
01-06-21,Carroll,2871,37,2005,11,866,26,2369,12,17095,53,19464,65,0,52,9,231,28,2588,1,68,65
01-06-21,Carter,5010,44,4443,39,567,5,4850,53,29698,72,34548,125,5,95,-20,556,59,4359,1,196,121
01-06-21,Cheatham,3108,48,2600,27,508,21,2939,29,21242,75,24181,104,0,27,-10,313,58,2768,0,70,31
01-06-21,Chester,1636,19,1211,11,425,8,1449,8,9130,19,10579,27,0,32,3,153,16,1451,0,32,38
01-06-21,Claiborne,1826,39,1324,11,502,28,1414,13,18465,95,19879,108,0,20,15,200,24,1606,1,58,30
01-06-21,Clay,901,9,644,4,257,5,736,5,4755,6,5491,11,0,23,0,31,9,847,0,19,26
01-06-21,Cocke,3162,30,2359,16,803,14,2596,14,16820,57,19416,71,1,51,-14,391,43,2720,1,91,67
01-06-21,Coffee,5220,49,3885,17,1335,32,4776,27,36964,140,41740,167,0,72,-5,500,54,4648,1,89,87
01-06-21,Crockett,1769,21,1103,5,666,16,1284,6,6262,15,7546,21,-1,31,1,160,21,1578,0,29,41
01-06-21,Cumberland,4989,80,4341,55,648,25,4971,57,40725,119,45696,176,0,53,0,719,80,4217,0,124,75
01-06-21,Davidson,66528,838,64030,742,2498,96,77534,848,706841,3538,784375,4386,0,600,231,6057,607,59871,5,1713,638
01-06-21,Decatur,1404,16,1075,3,329,13,1283,3,10037,51,11320,54,0,22,8,98,8,1284,1,35,26
01-06-21,Dekalb,2189,17,1680,11,509,6,1950,10,14277,21,16227,31,1,37,-7,154,23,1998,2,48,40
01-06-21,Dickson,4947,41,3853,22,1094,19,4582,23,28241,143,32823,166,3,68,-29,297,67,4582,2,102,75
01-06-21,Dyer,4510,29,3141,11,1369,18,3538,7,18753,53,22291,60,-2,75,7,371,24,4064,0,95,81
01-06-21,Fayette,3727,36,3360,22,367,14,4136,31,29406,225,33542,256,0,49,-13,411,49,3267,0,108,53
01-06-21,Fentress,2008,12,1769,7,239,5,2025,8,9432,47,11457,55,0,30,-4,147,16,1831,0,52,35
01-06-21,Franklin,3817,41,3342,31,475,10,3919,28,27589,117,31508,145,1,49,-5,353,45,3415,0,89,62
01-06-21,Gibson,5308,51,3327,16,1981,35,4053,19,24801,55,28854,74,0,95,-12,457,63,4756,0,91,109
01-06-21,Giles,2984,39,2607,29,377,10,2975,34,18580,87,21555,121,1,64,-5,422,43,2498,1,98,68
01-06-21,Grainger,1915,11,1522,7,393,4,1695,5,11270,22,12965,27,1,27,-6,195,16,1693,0,56,37
01-06-21,Greene,6074,72,4944,47,1130,25,5510,50,35146,153,40656,203,0,102,3,749,69,5223,3,160,108
01-06-21,Grundy,1335,17,1166,13,169,4,1347,10,6205,21,7552,31,0,20,4,147,13,1168,1,52,22
01-06-21,Hamblen,6307,61,4986,25,1321,36,5591,27,38575,70,44166,97,0,91,10,648,51,5568,1,210,116
01-06-21,Hamilton,31006,412,27771,335,3235,77,31162,368,250028,1385,281190,1753,2,285,5,2377,405,28344,6,870,333
01-06-21,Hancock,372,8,286,5,86,3,305,4,3180,23,3485,27,0,5,3,43,5,324,0,16,7
01-06-21,Hardeman,2970,30,2498,10,472,20,2939,12,21245,39,24184,51,0,43,14,187,16,2740,0,91,49
01-06-21,Hardin,2872,36,2034,15,838,21,2436,15,19576,71,22012,86,0,36,10,303,26,2533,0,53,46
01-06-21,Hawkins,3994,55,3411,40,583,15,3672,32,24699,172,28371,204,0,60,13,514,42,3420,2,118,67
01-06-21,Haywood,2314,14,1967,9,347,5,2234,11,11537,42,13771,53,1,38,-5,145,18,2131,2,68,46
01-06-21,Henderson,3150,35,2250,14,900,21,2846,9,14259,31,17105,40,0,44,4,289,31,2817,0,69,51
01-06-21,Henry,2451,19,1992,10,459,9,2307,8,15498,43,17805,51,1,44,0,136,18,2271,0,64,57
01-06-21,Hickman,2191,33,1877,16,314,17,2177,18,13230,67,15407,85,1,29,-1,232,33,1930,1,45,33
01-06-21,Houston,875,21,686,6,189,15,779,6,7316,99,8095,105,0,22,14,58,7,795,0,38,25
01-06-21,Humphreys,1229,6,877,3,352,3,1025,4,9605,60,10630,64,0,12,-15,33,21,1184,0,24,18
01-06-21,Jackson,1073,6,857,5,216,1,1003,6,4518,14,5521,20,0,20,-2,69,8,984,0,32,24
01-06-21,Jefferson,4325,46,3214,31,1111,15,3631,33,29622,90,33253,123,2,69,-6,564,50,3692,0,138,75
01-06-21,Johnson,1855,14,1714,6,141,8,1826,7,11603,32,13429,39,0,28,11,103,3,1724,0,51,30
01-06-21,Knox,35985,498,31939,363,4046,135,34889,369,250385,1167,285274,1536,9,330,59,3833,430,31822,15,1015,379
01-06-21,Lake,1481,12,1331,8,150,4,1579,7,8661,12,10240,19,-1,14,1,90,12,1377,0,18,18
01-06-21,Lauderdale,2722,22,2156,15,566,7,2469,15,17592,49,20061,64,0,29,2,187,20,2506,0,76,34
01-06-21,Lawrence,4668,42,3745,32,923,10,4127,29,23176,66,27303,95,1,64,-4,448,45,4156,0,119,68
01-06-21,Lewis,1213,16,1029,7,184,9,1111,8,8669,57,9780,65,0,20,10,90,6,1103,0,35,20
01-06-21,Lincoln,3503,54,2766,41,737,13,3133,40,14323,90,17456,130,0,38,10,374,44,3091,3,68,43
01-06-21,Loudon,4470,83,3776,35,694,48,4112,38,25550,73,29662,111,2,44,30,473,51,3953,4,99,49
01-06-21,Macon,2844,42,2337,15,507,27,2758,14,12838,17,15596,31,0,47,17,195,25,2602,2,107,57
01-06-21,Madison,8597,117,4876,38,3721,79,6033,31,45492,149,51525,180,0,159,14,171,103,8267,2,298,187
01-06-21,Marion,2263,39,2013,28,250,11,2276,29,13894,69,16170,98,0,26,13,299,26,1938,0,89,36
01-06-21,Marshall,3065,40,2675,31,390,9,3013,32,19249,137,22262,169,0,30,14,332,26,2703,3,66,33
01-06-21,Maury,9844,87,9212,69,632,18,10164,66,58647,245,68811,311,0,107,11,897,76,8840,2,233,117
01-06-21,McMinn,4738,38,4364,29,374,9,4816,30,32565,108,37381,138,0,66,-17,477,55,4195,1,118,73
01-06-21,McNairy,2159,29,1564,16,595,13,1962,17,13972,111,15934,128,0,38,-8,123,37,1998,0,54,43
01-06-21,Meigs,1001,10,933,5,68,5,1043,7,6072,23,7115,30,0,16,0,88,10,897,0,32,16
01-06-21,Monroe,4213,74,3570,54,643,20,3985,64,21559,62,25544,126,1,58,23,500,50,3655,3,126,67
01-06-21,Montgomery,12831,196,10284,120,2547,76,11345,123,85726,415,97071,538,2,131,59,1245,135,11455,0,241,153
01-06-21,Moore,782,12,622,11,160,1,706,11,4049,13,4755,24,0,6,8,86,4,690,0,11,9
01-06-21,Morgan,1817,22,1422,8,395,14,1515,7,12863,26,14378,33,0,12,-6,233,28,1572,0,25,17
01-06-21,Obion,3919,41,2934,28,985,13,3325,28,18077,77,21402,105,0,73,16,341,25,3505,2,91,78
01-06-21,Out of State,13157,183,10653,130,2504,53,11864,152,497676,2166,509540,2318,2,69,-7,1657,188,11431,0,157,58
01-06-21,Overton,2406,30,1908,18,498,12,2253,19,12384,49,14637,68,0,41,9,235,21,2130,1,57,50
01-06-21,Pending,11465,257,8028,119,3437,138,8840,131,317281,1488,326121,1619,4,104,-3,1963,256,9398,0,105,85
01-06-21,Perry,898,5,795,3,103,2,886,3,5380,22,6266,25,0,23,-2,33,7,842,0,26,24
01-06-21,Pickett,617,9,417,4,200,5,498,4,2828,42,3326,46,0,17,-1,64,10,536,0,28,19
01-06-21,Polk,1263,16,1179,15,84,1,1319,15,7069,47,8388,62,1,17,-3,138,18,1108,1,46,18
01-06-21,Putnam,8945,73,7586,43,1359,30,9127,44,57602,152,66729,196,1,125,16,655,56,8165,2,180,142
01-06-21,Rhea,3379,43,3044,32,335,11,3428,32,20870,93,24298,125,1,52,-8,361,50,2966,2,73,57
01-06-21,Roane,4695,75,3893,41,802,34,4309,42,34758,141,39067,183,1,65,-6,514,80,4116,1,112,76
01-06-21,Robertson,7202,101,6124,62,1078,39,6913,67,34470,142,41383,209,1,76,18,745,82,6381,1,345,85
01-06-21,Rutherford,30656,304,27865,238,2791,66,32586,265,178727,791,211313,1056,2,254,-2,2563,304,27839,6,482,283
01-06-21,Scott,2360,26,1451,12,909,14,1542,13,9519,26,11061,39,1,26,1,232,24,2102,0,54,32
01-06-21,Sequatchie,1194,8,1016,4,178,4,1104,5,10005,22,11109,27,0,17,0,124,8,1053,0,29,21
01-06-21,Sevier,9542,118,8762,103,780,15,9591,108,51810,205,61401,313,2,78,10,794,106,8670,3,222,108
01-06-21,Shelby,71605,746,68162,641,3443,105,83740,715,708143,4439,791883,5154,30,977,45,5761,671,64867,13,3000,1177
01-06-21,Smith,2173,20,1773,8,400,12,2225,10,10816,19,13041,29,0,24,8,124,12,2025,1,53,28
01-06-21,Stewart,972,14,771,9,201,5,868,8,5541,44,6409,52,0,20,-2,90,16,862,0,20,21
01-06-21,Sullivan,11679,109,10375,91,1304,18,11192,98,66532,292,77724,390,4,196,-25,1039,130,10444,4,605,217
01-06-21,Sumner,17300,229,16284,190,1016,39,18382,195,94032,350,112414,545,3,213,22,1638,204,15449,5,634,244
01-06-21,Tipton,5753,39,4277,20,1476,19,5163,23,37842,155,43005,178,0,55,-22,490,61,5208,1,129,71
01-06-21,Trousdale,2225,14,2139,9,86,5,2283,10,7601,21,9884,31,0,12,4,67,10,2146,0,34,17
01-06-21,Unicoi,1523,11,1235,4,288,7,1356,5,10894,13,12250,18,0,40,-9,154,20,1329,0,56,41
01-06-21,Union,1345,13,1168,9,177,4,1266,7,8571,28,9837,35,1,19,6,92,6,1234,1,46,20
01-06-21,Van Buren,650,3,561,2,89,1,616,1,4355,3,4971,4,0,6,-5,61,8,583,0,14,7
01-06-21,Warren,4546,42,3979,28,567,14,4494,31,26665,119,31159,150,1,47,-3,307,44,4192,0,72,57
01-06-21,Washington,10790,89,9516,68,1274,21,10477,76,63654,125,74131,201,7,179,-21,1078,103,9533,0,289,191
01-06-21,Wayne,2544,13,2160,9,384,4,2360,10,9661,42,12021,52,0,18,-1,167,14,2359,1,45,20
01-06-21,Weakley,3293,27,2550,11,743,16,2917,10,18136,55,21053,65,0,45,-5,238,32,3010,0,53,49
01-06-21,White,2868,34,2441,29,427,5,2998,30,19028,64,22026,94,0,39,9,207,25,2622,0,92,49
01-06-21,Williamson,19609,236,17634,155,1975,81,19523,150,140647,684,160170,834,2,130,-10,2200,244,17279,3,249,156
01-06-21,Wilson,13398,135,12502,105,896,30,14219,112,78242,268,92461,380,2,137,-20,1268,153,11993,3,273,153
01-05-21,Anderson,6164,73,5059,31,1105,42,5643,29,50577,118,56220,147,2,75,-49,720,120,5369,2,162,104
01-05-21,Bedford,4853,54,4014,12,839,42,4635,11,25006,38,29641,49,4,69,-25,465,75,4319,1,104,81
01-05-21,Benton,1261,8,1078,3,183,5,1197,4,7642,20,8839,24,0,31,-16,93,24,1137,1,32,36
01-05-21,Bledsoe,1659,9,1568,5,91,4,1662,5,12509,23,14171,28,0,9,-17,91,26,1559,0,28,9
01-05-21,Blount,11344,165,10222,108,1122,57,11283,114,57849,269,69132,383,1,100,-27,1320,191,9924,4,263,130
01-05-21,Bradley,9749,130,8592,81,1157,49,9800,86,49696,206,59496,292,1,77,-10,879,139,8793,1,400,93
01-05-21,Campbell,2962,35,1906,8,1056,27,2130,11,21948,25,24078,36,1,38,-27,362,61,2562,3,96,42
01-05-21,Cannon,1452,13,1241,3,211,10,1386,3,7479,17,8865,20,0,16,-6,132,19,1304,0,23,19
01-05-21,Carroll,2834,40,1994,16,840,24,2357,16,17042,32,19399,48,0,52,-1,222,41,2560,0,67,63
01-05-21,Carter,4966,57,4404,44,562,13,4797,37,29626,45,34423,82,1,90,-35,576,91,4300,0,195,118
01-05-21,Cheatham,3060,42,2573,19,487,23,2910,14,21167,95,24077,109,2,27,-9,323,49,2710,1,70,29
01-05-21,Chester,1617,18,1200,7,417,11,1441,7,9111,15,10552,22,1,32,-6,150,23,1435,0,32,36
01-05-21,Claiborne,1787,16,1313,9,474,7,1401,13,18370,72,19771,85,0,20,-19,185,35,1582,0,57,29
01-05-21,Clay,892,6,640,3,252,3,731,2,4749,19,5480,21,0,23,-14,31,20,838,0,19,26
01-05-21,Cocke,3132,60,2343,24,789,36,2582,27,16763,76,19345,103,3,50,-9,405,66,2677,0,90,66
01-05-21,Coffee,5171,64,3868,26,1303,38,4749,25,36824,135,41573,160,2,72,7,505,55,4594,0,88,86
01-05-21,Crockett,1748,19,1098,10,650,9,1278,8,6247,15,7525,23,2,32,0,159,17,1557,0,29,40
01-05-21,Cumberland,4909,64,4286,30,623,34,4914,30,40606,186,45520,216,0,53,-48,719,112,4137,2,124,71
01-05-21,Davidson,65690,1089,63288,936,2402,153,76686,952,703303,3257,779989,4209,3,600,408,5826,678,59264,4,1708,634
01-05-21,Decatur,1388,11,1072,3,316,8,1280,2,9986,9,11266,11,0,22,-3,90,14,1276,1,34,26
01-05-21,Dekalb,2172,19,1669,6,503,13,1940,6,14256,11,16196,17,3,36,-40,161,56,1975,0,46,38
01-05-21,Dickson,4906,66,3831,42,1075,24,4559,44,28098,128,32657,172,2,65,7,326,57,4515,1,100,74
01-05-21,Dyer,4481,42,3130,21,1351,21,3531,24,18700,45,22231,69,5,77,-5,364,42,4040,0,95,80
01-05-21,Fayette,3691,52,3338,29,353,23,4105,37,29181,126,33286,163,0,49,-22,424,74,3218,1,108,53
01-05-21,Fentress,1996,6,1762,2,234,4,2017,2,9385,14,11402,16,0,30,-46,151,52,1815,0,52,35
01-05-21,Franklin,3776,40,3311,13,465,27,3891,13,27472,50,31363,63,0,48,-29,358,69,3370,0,89,59
01-05-21,Gibson,5257,52,3311,28,1946,24,4034,29,24746,64,28780,93,2,95,-29,469,79,4693,0,91,109
01-05-21,Giles,2945,50,2578,29,367,21,2941,30,18493,34,21434,64,0,63,-17,427,67,2455,1,97,67
01-05-21,Grainger,1904,20,1515,8,389,12,1690,7,11248,25,12938,32,0,26,-23,201,43,1677,0,56,37
01-05-21,Greene,6002,93,4897,62,1105,31,5460,65,34993,120,40453,185,4,102,-18,746,107,5154,1,157,107
01-05-21,Grundy,1318,13,1153,9,165,4,1337,9,6184,12,7521,21,1,20,-14,143,26,1155,1,51,21
01-05-21,Hamblen,6246,75,4961,26,1285,49,5564,27,38505,79,44069,106,1,91,-53,638,127,5517,4,209,115
01-05-21,Hamilton,30594,605,27436,448,3158,157,30794,475,248643,1308,279437,1783,6,283,166,2372,433,27939,6,864,329
01-05-21,Hancock,364,1,281,1,83,0,301,0,3157,2,3458,2,0,5,-12,40,13,319,0,16,7
01-05-21,Hardeman,2940,20,2488,8,452,12,2927,7,21206,24,24133,31,1,43,-15,173,34,2724,0,91,49
01-05-21,Hardin,2836,23,2019,10,817,13,2421,12,19505,37,21926,49,0,36,-20,293,43,2507,1,53,43
01-05-21,Hawkins,3939,46,3371,16,568,30,3640,23,24527,87,28167,110,0,60,-58,501,104,3378,2,116,66
01-05-21,Haywood,2300,14,1958,3,342,11,2223,6,11495,23,13718,29,0,37,-9,150,23,2113,1,66,46
01-05-21,Henderson,3115,30,2236,9,879,21,2837,5,14228,26,17065,31,0,44,-21,285,51,2786,0,69,51
01-05-21,Henry,2432,29,1982,6,450,23,2299,11,15455,37,17754,48,2,43,-12,136,39,2253,0,64,56
01-05-21,Hickman,2158,26,1861,16,297,10,2159,16,13163,59,15322,75,0,28,-7,233,33,1897,0,44,33
01-05-21,Houston,854,8,680,7,174,1,773,7,7217,63,7990,70,0,22,-1,44,9,788,0,38,25
01-05-21,Humphreys,1223,7,874,2,349,5,1021,2,9545,36,10566,38,0,12,-14,48,21,1163,0,24,16
01-05-21,Jackson,1067,8,852,1,215,7,997,0,4504,2,5501,2,0,20,-10,71,18,976,0,32,23
01-05-21,Jefferson,4279,77,3183,23,1096,54,3598,25,29532,87,33130,112,0,67,12,570,65,3642,0,138,74
01-05-21,Johnson,1841,15,1708,1,133,14,1819,3,11571,21,13390,24,0,28,-10,92,25,1721,1,51,30
01-05-21,Knox,35487,519,31576,328,3911,191,34520,343,249218,1187,283738,1530,14,321,30,3774,475,31392,13,1000,370
01-05-21,Lake,1469,2,1323,2,146,0,1572,2,8649,7,10221,9,1,15,-1,89,2,1365,0,18,17
01-05-21,Lauderdale,2700,17,2141,11,559,6,2454,12,17543,38,19997,50,0,29,-7,185,24,2486,0,76,33
01-05-21,Lawrence,4626,42,3713,15,913,27,4098,17,23110,67,27208,84,1,63,-19,452,60,4111,1,119,68
01-05-21,Lewis,1197,8,1022,2,175,6,1103,2,8612,8,9715,10,0,20,-4,80,12,1097,1,35,20
01-05-21,Lincoln,3449,33,2725,19,724,14,3093,19,14233,38,17326,57,1,38,-36,364,68,3047,0,65,42
01-05-21,Loudon,4387,69,3741,32,646,37,4074,33,25477,90,29551,123,0,42,-14,443,83,3902,2,95,49
01-05-21,Macon,2802,12,2322,4,480,8,2744,5,12821,19,15565,24,0,47,-28,178,40,2577,0,105,56
01-05-21,Madison,8480,106,4838,46,3642,60,6002,45,45343,118,51345,163,5,159,2,157,99,8164,1,296,184
01-05-21,Marion,2224,47,1985,27,239,20,2247,29,13825,64,16072,93,0,26,7,286,40,1912,1,89,36
01-05-21,Marshall,3025,42,2644,9,381,33,2981,6,19112,23,22093,29,0,30,-26,318,68,2677,2,63,33
01-05-21,Maury,9757,131,9143,57,614,74,10098,57,58402,172,68500,229,0,107,-45,886,176,8764,3,231,116
01-05-21,McMinn,4700,71,4335,48,365,23,4786,49,32457,112,37243,161,0,66,0,494,71,4140,0,117,72
01-05-21,McNairy,2130,20,1548,12,582,8,1945,12,13861,25,15806,37,0,38,-19,131,39,1961,0,54,42
01-05-21,Meigs,991,13,928,9,63,4,1036,9,6049,23,7085,32,0,16,-11,88,24,887,0,32,16
01-05-21,Monroe,4139,78,3516,32,623,46,3921,34,21497,100,25418,134,0,57,8,477,70,3605,0,123,67
01-05-21,Montgomery,12635,335,10164,101,2471,234,11222,104,85311,264,96533,368,0,129,107,1186,228,11320,7,241,152
01-05-21,Moore,770,8,611,5,159,3,695,5,4036,11,4731,16,0,6,-7,78,15,686,1,11,9
01-05-21,Morgan,1795,33,1414,4,381,29,1508,3,12837,19,14345,22,0,12,-5,239,38,1544,1,25,17
01-05-21,Obion,3878,56,2906,35,972,21,3297,36,18000,82,21297,118,0,73,27,325,29,3480,2,89,78
01-05-21,Out of State,12974,177,10523,113,2451,64,11712,117,495510,1803,507222,1920,0,67,16,1664,161,11243,0,157,57
01-05-21,Overton,2376,34,1890,14,486,20,2234,17,12335,22,14569,39,0,41,-14,226,48,2109,0,56,49
01-05-21,Pending,11208,283,7909,114,3299,169,8709,112,315793,1126,324502,1238,0,100,50,1966,233,9142,1,105,85
01-05-21,Perry,893,3,792,0,101,3,883,0,5358,6,6241,6,0,23,-18,35,21,835,0,26,24
01-05-21,Pickett,608,13,413,8,195,5,494,8,2786,16,3280,24,0,17,8,65,5,526,1,28,19
01-05-21,Polk,1247,14,1164,10,83,4,1304,11,7022,21,8326,32,0,16,-6,141,20,1090,1,45,17
01-05-21,Putnam,8872,57,7543,19,1329,38,9083,21,57450,72,66533,93,1,124,-134,639,190,8109,1,178,142
01-05-21,Rhea,3336,45,3012,22,324,23,3396,24,20777,37,24173,61,0,51,-13,369,58,2916,2,71,57
01-05-21,Roane,4620,38,3852,12,768,26,4267,12,34617,123,38884,135,1,64,-53,520,90,4036,0,111,73
01-05-21,Robertson,7101,111,6062,44,1039,67,6846,45,34328,89,41174,134,0,75,-1,727,112,6299,7,344,85
01-05-21,Rutherford,30352,414,27627,235,2725,179,32321,239,177936,491,210257,730,4,252,-2,2565,412,27535,7,476,281
01-05-21,Scott,2334,30,1439,3,895,27,1529,5,9493,42,11022,47,0,25,-24,231,54,2078,1,54,30
01-05-21,Sequatchie,1186,18,1012,9,174,9,1099,10,9983,16,11082,26,0,17,-16,124,34,1045,1,29,20
01-05-21,Sevier,9424,94,8659,77,765,17,9483,78,51605,193,61088,271,0,76,-119,784,213,8564,2,219,106
01-05-21,Shelby,70859,810,67521,712,3338,98,83025,852,703704,5038,786729,5890,8,947,99,5716,703,64196,12,2987,1167
01-05-21,Smith,2153,20,1765,1,388,19,2215,1,10797,6,13012,7,0,24,-13,116,33,2013,0,52,28
01-05-21,Stewart,958,21,762,3,196,18,860,3,5497,13,6357,16,0,20,1,92,20,846,0,20,20
01-05-21,Sullivan,11570,163,10284,122,1286,41,11094,119,66240,287,77334,406,4,192,41,1064,118,10314,5,601,215
01-05-21,Sumner,17071,186,16094,144,977,42,18187,136,93682,277,111869,413,1,210,-66,1616,251,15245,3,629,237
01-05-21,Tipton,5714,78,4257,34,1457,44,5140,37,37687,183,42827,220,0,55,0,512,78,5147,0,128,69
01-05-21,Trousdale,2211,7,2130,4,81,3,2273,3,7580,6,9853,9,0,12,-11,63,18,2136,0,34,17
01-05-21,Unicoi,1512,21,1231,8,281,13,1351,7,10881,14,12232,21,0,40,-5,163,26,1309,0,56,40
01-05-21,Union,1332,9,1159,6,173,3,1259,6,8543,31,9802,37,1,18,-13,86,21,1228,2,45,20
01-05-21,Van Buren,647,9,559,4,88,5,615,1,4352,9,4967,10,0,6,-7,66,16,575,1,14,7
01-05-21,Warren,4504,25,3951,15,553,10,4463,15,26546,72,31009,87,1,46,-115,310,139,4148,0,72,57
01-05-21,Washington,10701,116,9448,72,1253,44,10401,82,63529,197,73930,279,3,172,-27,1099,140,9430,2,289,191
01-05-21,Wayne,2531,22,2151,5,380,17,2350,3,9619,20,11969,23,1,18,0,168,21,2345,0,44,20
01-05-21,Weakley,3266,35,2539,10,727,25,2907,13,18081,33,20988,46,0,45,10,243,25,2978,0,53,49
01-05-21,White,2834,22,2412,13,422,9,2968,13,18964,34,21932,47,0,39,-30,198,52,2597,0,92,46
01-05-21,Williamson,19373,326,17479,183,1894,143,19373,127,139963,389,159336,516,0,128,-33,2210,359,17035,4,246,153
01-05-21,Wilson,13263,152,12397,121,866,31,14107,100,77974,177,92081,277,2,135,-34,1288,184,11840,1,270,152
01-04-21,Anderson,6091,38,5028,24,1063,14,5614,30,50459,108,56073,138,1,73,-58,769,95,5249,0,160,101
01-04-21,Bedford,4799,22,4002,11,797,11,4624,10,24968,25,29592,35,1,65,-40,490,61,4244,1,103,79
01-04-21,Benton,1253,4,1075,2,178,2,1193,3,7622,4,8815,7,0,31,-7,109,11,1113,0,31,36
01-04-21,Bledsoe,1650,2,1563,2,87,0,1657,2,12486,7,14143,9,0,9,-6,108,8,1533,0,28,9
01-04-21,Blount,11179,68,10114,57,1065,11,11169,63,57580,103,68749,166,0,99,-103,1347,171,9733,0,259,128
01-04-21,Bradley,9619,102,8511,86,1108,16,9714,101,49490,188,59204,289,2,76,-16,889,116,8654,0,399,92
01-04-21,Campbell,2927,5,1898,4,1029,1,2119,6,21923,20,24042,26,0,37,-44,389,49,2501,0,93,42
01-04-21,Cannon,1439,6,1238,4,201,2,1383,3,7462,7,8845,10,1,16,-10,138,15,1285,0,23,19
01-04-21,Carroll,2794,16,1978,6,816,10,2341,5,17010,12,19351,17,0,52,-10,223,26,2519,0,67,61
01-04-21,Carter,4909,51,4360,33,549,18,4760,39,29581,48,34341,87,1,89,-23,611,73,4209,1,195,116
01-04-21,Cheatham,3018,11,2554,11,464,0,2896,9,21072,18,23968,27,1,25,-45,332,55,2661,0,69,29
01-04-21,Chester,1599,4,1193,2,406,2,1434,1,9096,5,10530,6,0,31,-14,156,18,1412,0,32,36
01-04-21,Claiborne,1771,7,1304,5,467,2,1388,5,18298,20,19686,25,1,20,-38,204,44,1547,1,57,27
01-04-21,Clay,886,1,637,0,249,1,729,1,4730,2,5459,3,0,23,-14,45,15,818,0,19,26
01-04-21,Cocke,3072,33,2319,12,753,21,2555,21,16687,64,19242,85,0,47,-33,414,66,2611,1,90,65
01-04-21,Coffee,5107,11,3842,3,1265,8,4724,6,36689,18,41413,24,1,70,-51,498,61,4539,0,88,84
01-04-21,Crockett,1729,18,1088,1,641,17,1270,1,6232,3,7502,4,0,30,-5,159,23,1540,0,29,40
01-04-21,Cumberland,4845,29,4256,21,589,8,4884,22,40420,14,45304,36,0,53,-44,767,73,4025,1,122,69
01-04-21,Davidson,64601,433,62352,385,2249,48,75734,340,700046,1126,775780,1466,21,597,-435,5418,847,58586,6,1704,629
01-04-21,Decatur,1377,3,1069,1,308,2,1278,1,9977,5,11255,6,1,22,-11,93,13,1262,0,33,26
01-04-21,Dekalb,2153,3,1663,1,490,2,1934,1,14245,5,16179,6,0,33,-26,201,29,1919,0,46,38
01-04-21,Dickson,4840,22,3789,19,1051,3,4515,18,27970,74,32485,92,2,63,-49,319,69,4458,2,99,74
01-04-21,Dyer,4439,17,3109,5,1330,12,3507,6,18655,14,22162,20,2,72,-26,369,41,3998,0,95,79
01-04-21,Fayette,3639,20,3309,17,330,3,4068,18,29055,17,33123,35,1,49,-32,446,51,3144,0,107,52
01-04-21,Fentress,1990,3,1760,2,230,1,2015,3,9371,2,11386,5,0,30,-20,197,23,1763,0,52,34
01-04-21,Franklin,3736,20,3298,14,438,6,3878,12,27422,20,31300,32,0,48,-28,387,48,3301,1,89,58
01-04-21,Gibson,5205,24,3283,9,1922,15,4005,11,24682,13,28687,24,0,93,-45,498,69,4614,1,91,108
01-04-21,Giles,2895,30,2549,8,346,22,2911,7,18459,15,21370,22,1,63,-35,444,64,2388,0,96,65
01-04-21,Grainger,1884,9,1507,2,377,7,1683,3,11223,11,12906,14,0,26,-11,224,20,1634,0,56,36
01-04-21,Greene,5909,35,4835,21,1074,14,5395,18,34873,17,40268,35,5,98,-75,764,105,5047,0,156,107
01-04-21,Grundy,1305,22,1144,22,161,0,1328,24,6172,8,7500,32,0,19,4,157,18,1129,0,50,20
01-04-21,Hamblen,6171,57,4935,20,1236,37,5537,20,38426,33,43963,53,1,90,-65,691,121,5390,2,205,113
01-04-21,Hamilton,29989,251,26988,234,3001,17,30319,255,247335,406,277654,661,1,277,-259,2206,509,27506,8,858,326
01-04-21,Hancock,363,13,280,2,83,11,301,2,3155,2,3456,4,0,5,10,52,3,306,1,16,7
01-04-21,Hardeman,2920,8,2480,3,440,5,2920,2,21182,11,24102,13,0,42,-14,188,22,2690,0,91,49
01-04-21,Hardin,2813,18,2009,3,804,15,2409,2,19468,5,21877,7,1,36,-27,313,44,2464,1,52,43
01-04-21,Hawkins,3893,43,3355,28,538,15,3617,26,24440,33,28057,59,3,60,2,559,38,3274,1,114,66
01-04-21,Haywood,2286,7,1955,4,331,3,2217,5,11472,6,13689,11,1,37,-19,159,25,2090,1,65,44
01-04-21,Henderson,3085,17,2227,5,858,12,2832,6,14202,6,17034,12,0,44,-32,306,49,2735,0,69,50
01-04-21,Henry,2403,8,1976,3,427,5,2288,4,15418,11,17706,15,2,41,-22,148,28,2214,0,64,54
01-04-21,Hickman,2132,13,1845,8,287,5,2143,7,13104,19,15247,26,1,28,-12,240,24,1864,0,44,32
01-04-21,Houston,846,0,673,0,173,0,766,0,7154,42,7920,42,0,22,-14,45,14,779,0,38,25
01-04-21,Humphreys,1216,2,872,1,344,1,1019,2,9509,12,10528,14,0,12,-22,62,24,1142,0,24,16
01-04-21,Jackson,1059,5,851,4,208,1,997,4,4502,1,5499,5,1,20,-10,81,14,958,1,32,22
01-04-21,Jefferson,4202,36,3160,6,1042,30,3573,7,29445,46,33018,53,1,67,-39,558,74,3577,1,138,72
01-04-21,Johnson,1826,4,1707,3,119,1,1816,2,11550,7,13366,9,0,28,-5,102,9,1696,0,50,29
01-04-21,Knox,34968,323,31248,229,3720,94,34177,250,248031,661,282208,911,6,307,-222,3744,539,30917,6,987,364
01-04-21,Lake,1467,3,1321,1,146,2,1570,1,8642,4,10212,5,1,14,-12,90,14,1363,0,18,16
01-04-21,Lauderdale,2683,13,2130,7,553,6,2442,7,17505,23,19947,30,0,29,-12,192,25,2462,1,76,33
01-04-21,Lawrence,4584,16,3698,8,886,8,4081,6,23043,16,27124,22,3,62,-44,471,57,4051,0,118,66
01-04-21,Lewis,1189,6,1020,0,169,6,1101,0,8604,3,9705,3,1,20,-5,84,10,1085,0,34,20
01-04-21,Lincoln,3416,12,2706,6,710,6,3074,7,14195,17,17269,24,3,37,-45,400,54,2979,0,65,42
01-04-21,Loudon,4318,23,3709,11,609,12,4041,15,25387,39,29428,54,1,42,-72,457,94,3819,0,93,49
01-04-21,Macon,2790,20,2318,7,472,13,2739,6,12802,12,15541,18,1,47,-30,206,49,2537,0,105,54
01-04-21,Madison,8374,41,4792,14,3582,27,5957,16,45225,42,51182,58,1,154,-56,155,96,8065,0,295,184
01-04-21,Marion,2177,7,1958,6,219,1,2218,6,13761,23,15979,29,0,26,-14,279,21,1872,0,88,35
01-04-21,Marshall,2983,13,2635,7,348,6,2975,4,19089,5,22064,9,0,30,-27,344,40,2609,0,61,32
01-04-21,Maury,9626,42,9086,36,540,6,10041,27,58230,55,68271,82,2,107,-59,931,99,8588,0,228,114
01-04-21,McMinn,4629,22,4287,18,342,4,4737,20,32345,88,37082,108,0,66,-35,494,57,4069,0,117,69
01-04-21,McNairy,2110,4,1536,0,574,4,1933,1,13836,3,15769,4,0,38,-35,150,39,1922,0,54,42
01-04-21,Meigs,978,11,919,9,59,2,1027,11,6026,10,7053,21,0,16,-6,99,17,863,1,32,16
01-04-21,Monroe,4061,22,3484,9,577,13,3887,10,21397,29,25284,39,1,57,-49,469,70,3535,1,123,67
01-04-21,Montgomery,12300,58,10063,29,2237,29,11118,29,85047,113,96165,142,1,129,-124,1079,181,11092,0,234,151
01-04-21,Moore,762,4,606,2,156,2,690,2,4025,0,4715,2,0,6,-12,85,16,671,0,10,9
01-04-21,Morgan,1762,28,1410,23,352,5,1505,11,12818,3,14323,14,1,12,-25,244,52,1506,0,24,17
01-04-21,Obion,3822,11,2871,8,951,3,3261,7,17918,16,21179,23,1,73,-33,298,43,3451,0,87,78
01-04-21,Out of State,12797,83,10410,74,2387,9,11595,77,493707,672,505302,749,4,67,-118,1648,197,11082,0,157,56
01-04-21,Overton,2342,7,1876,2,466,5,2217,2,12313,10,14530,12,0,41,-20,240,27,2061,1,56,49
01-04-21,Pending,10925,128,7795,62,3130,66,8597,56,314667,439,323264,495,6,100,-176,1916,298,8909,0,104,84
01-04-21,Perry,890,3,792,2,98,1,883,1,5352,1,6235,2,0,23,-6,53,9,814,0,26,24
01-04-21,Pickett,595,0,405,0,190,0,486,0,2770,3,3256,3,0,17,-13,57,13,521,0,27,19
01-04-21,Polk,1233,7,1154,7,79,0,1293,8,7001,15,8294,23,0,16,-7,147,14,1070,0,44,17
01-04-21,Putnam,8815,24,7524,20,1291,4,9062,21,57378,50,66440,71,1,123,-57,773,80,7919,1,177,141
01-04-21,Rhea,3291,11,2990,9,301,2,3372,11,20740,20,24112,31,2,51,-50,382,59,2858,0,69,56
01-04-21,Roane,4582,31,3840,15,742,16,4255,16,34494,30,38749,46,5,63,-34,573,60,3946,1,111,73
01-04-21,Robertson,6990,20,6018,16,972,4,6801,15,34239,36,41040,51,0,75,-86,728,106,6187,0,337,84
01-04-21,Rutherford,29938,234,27392,206,2546,28,32082,207,177445,359,209527,566,3,248,-166,2567,397,27123,1,469,277
01-04-21,Scott,2304,10,1436,1,868,9,1524,0,9451,7,10975,7,0,25,-22,255,32,2024,0,53,30
01-04-21,Sequatchie,1168,9,1003,8,165,1,1089,8,9967,4,11056,12,0,17,-10,140,19,1011,0,28,20
01-04-21,Sevier,9330,43,8582,31,748,12,9405,31,51412,104,60817,135,3,76,-106,903,146,8351,0,217,102
01-04-21,Shelby,70049,371,66809,340,3240,31,82173,378,698666,1337,780839,1715,18,939,-498,5617,851,63493,5,2975,1150
01-04-21,Smith,2133,24,1764,6,369,18,2214,6,10791,8,13005,14,0,24,5,129,19,1980,0,52,28
01-04-21,Stewart,937,5,759,2,178,3,857,1,5484,4,6341,5,0,20,-13,91,18,826,0,20,20
01-04-21,Sullivan,11407,130,10162,112,1245,18,10975,119,65953,156,76928,275,7,188,-21,1023,144,10196,3,596,210
01-04-21,Sumner,16885,131,15950,118,935,13,18051,117,93405,176,111456,293,2,209,-78,1682,207,14994,3,626,235
01-04-21,Tipton,5636,34,4223,12,1413,22,5103,13,37504,48,42607,61,0,55,-33,512,67,5069,0,128,68
01-04-21,Trousdale,2204,6,2126,2,78,4,2270,2,7574,4,9844,6,0,12,-4,74,10,2118,0,34,15
01-04-21,Unicoi,1491,6,1223,4,268,2,1344,3,10867,7,12211,10,0,40,-24,168,30,1283,0,56,40
01-04-21,Union,1323,9,1153,7,170,2,1253,7,8512,10,9765,17,0,17,-14,99,23,1207,0,43,19
01-04-21,Van Buren,638,3,555,3,83,0,614,2,4343,1,4957,3,0,6,1,73,2,559,1,13,7
01-04-21,Warren,4479,19,3936,13,543,6,4448,11,26474,13,30922,24,2,45,-31,425,48,4009,0,72,56
01-04-21,Washington,10585,88,9376,73,1209,15,10319,57,63332,102,73651,159,4,169,-71,1126,155,9290,4,287,191
01-04-21,Wayne,2509,7,2146,1,363,6,2347,1,9599,1,11946,2,0,17,-13,168,20,2324,1,44,19
01-04-21,Weakley,3231,11,2529,6,702,5,2894,7,18048,19,20942,26,2,45,-32,233,41,2953,0,53,48
01-04-21,White,2812,6,2399,5,413,1,2955,6,18930,12,21885,18,0,39,-34,228,40,2545,0,92,45
01-04-21,Williamson,19047,234,17296,187,1751,47,19246,115,139574,304,158820,419,4,128,-42,2243,272,16676,3,242,151
01-04-21,Wilson,13111,124,12276,112,835,12,14007,105,77797,171,91804,276,3,133,-55,1322,176,11656,3,269,151
01-03-21,Anderson,6053,25,5004,12,1049,13,5584,16,50351,51,55935,67,0,72,-9,827,34,5154,1,160,97
01-03-21,Bedford,4777,37,3991,13,786,24,4614,13,24943,33,29557,46,1,64,16,530,20,4183,0,102,77
01-03-21,Benton,1249,10,1073,2,176,8,1190,2,7618,12,8808,14,0,31,7,116,3,1102,0,31,36
01-03-21,Bledsoe,1648,2,1561,1,87,1,1655,1,12479,10,14134,11,0,9,-1,114,3,1525,0,28,9
01-03-21,Blount,11111,65,10057,57,1054,8,11106,61,57477,132,68583,193,0,99,-49,1450,114,9562,1,259,125
01-03-21,Bradley,9517,67,8425,48,1092,19,9613,49,49302,153,58915,202,1,74,-16,905,82,8538,1,399,91
01-03-21,Campbell,2922,8,1894,4,1028,4,2113,2,21903,23,24016,25,0,37,-8,433,16,2452,0,93,42
01-03-21,Cannon,1433,6,1234,3,199,3,1380,2,7455,7,8835,9,0,15,4,148,2,1270,0,23,19
01-03-21,Carroll,2778,14,1972,8,806,6,2336,7,16998,20,19334,27,0,52,-10,233,24,2493,0,67,61
01-03-21,Carter,4858,30,4327,27,531,3,4721,26,29533,70,34254,96,1,88,6,634,23,4136,1,194,113
01-03-21,Cheatham,3007,14,2543,6,464,8,2887,8,21054,48,23941,56,0,24,-14,377,28,2606,0,69,28
01-03-21,Chester,1595,14,1191,8,404,6,1433,6,9091,64,10524,70,0,31,-1,170,15,1394,0,32,35
01-03-21,Claiborne,1764,13,1299,5,465,8,1383,5,18278,37,19661,42,0,19,-12,242,25,1503,1,56,26
01-03-21,Clay,885,0,637,0,248,0,728,0,4728,3,5456,3,0,23,-2,59,2,803,0,19,26
01-03-21,Cocke,3039,26,2307,13,732,13,2534,8,16623,43,19157,51,2,47,9,447,15,2545,0,89,65
01-03-21,Coffee,5096,27,3839,11,1257,16,4718,10,36671,66,41389,76,4,69,0,549,23,4478,2,88,82
01-03-21,Crockett,1711,15,1087,4,624,11,1269,4,6229,3,7498,7,1,30,7,164,7,1517,0,29,40
01-03-21,Cumberland,4816,38,4235,20,581,18,4862,18,40406,42,45268,60,2,53,11,811,25,3952,0,121,68
01-03-21,Davidson,64168,226,61967,185,2201,41,75394,174,698920,768,774314,942,4,576,-126,5853,348,57739,1,1698,627
01-03-21,Decatur,1374,12,1068,2,306,10,1277,1,9972,15,11249,16,0,21,7,104,5,1249,0,33,26
01-03-21,Dekalb,2150,2,1662,1,488,1,1933,1,14240,14,16173,15,0,33,-4,227,6,1890,0,46,38
01-03-21,Dickson,4818,34,3770,26,1048,8,4497,28,27896,60,32393,88,0,61,-13,368,47,4389,0,97,73
01-03-21,Dyer,4422,10,3104,3,1318,7,3501,3,18641,10,22142,13,0,70,-8,395,18,3957,0,95,79
01-03-21,Fayette,3619,27,3292,21,327,6,4050,23,29038,47,33088,70,0,48,11,478,16,3093,0,107,51
01-03-21,Fentress,1987,7,1758,7,229,0,2012,7,9369,9,11381,16,1,30,-6,217,12,1740,1,52,34
01-03-21,Franklin,3716,23,3284,13,432,10,3866,19,27402,58,31268,77,0,48,6,415,17,3253,1,88,57
01-03-21,Gibson,5181,36,3274,17,1907,19,3994,14,24669,35,28663,49,0,93,-3,543,39,4545,0,90,108
01-03-21,Giles,2865,37,2541,20,324,17,2904,24,18444,58,21348,82,1,62,13,479,23,2324,0,96,65
01-03-21,Grainger,1875,13,1505,9,370,4,1680,7,11212,13,12892,20,0,26,8,235,5,1614,1,56,35
01-03-21,Greene,5874,58,4814,32,1060,26,5377,29,34856,60,40233,89,0,93,31,839,27,4942,0,156,107
01-03-21,Grundy,1283,7,1122,5,161,2,1304,7,6164,9,7468,16,0,19,0,153,7,1111,1,50,20
01-03-21,Hamblen,6114,53,4915,21,1199,32,5517,21,38393,44,43910,65,0,89,22,756,31,5269,0,203,112
01-03-21,Hamilton,29738,167,26754,123,2984,44,30064,131,246929,1037,276993,1168,2,276,-129,2465,294,26997,2,850,320
01-03-21,Hancock,350,1,278,1,72,0,299,1,3153,3,3452,4,0,5,-3,42,4,303,0,15,7
01-03-21,Hardeman,2912,10,2477,3,435,7,2918,3,21171,14,24089,17,0,42,0,202,10,2668,0,91,49
01-03-21,Hardin,2795,9,2006,4,789,5,2407,6,19463,15,21870,21,0,35,-5,340,14,2420,0,51,42
01-03-21,Hawkins,3850,32,3327,28,523,4,3591,23,24407,54,27998,77,1,57,17,557,14,3236,0,113,66
01-03-21,Haywood,2279,13,1951,13,328,0,2212,13,11466,16,13678,29,0,36,9,178,4,2065,0,64,42
01-03-21,Henderson,3068,15,2222,7,846,8,2826,8,14196,30,17022,38,0,44,-2,338,17,2686,2,69,49
01-03-21,Henry,2395,16,1973,5,422,11,2284,5,15407,14,17691,19,1,39,5,170,10,2186,0,64,53
01-03-21,Hickman,2119,19,1837,10,282,9,2136,10,13085,31,15221,41,1,27,3,252,15,1840,0,44,32
01-03-21,Houston,846,5,673,3,173,2,766,4,7112,6,7878,10,0,22,2,59,3,765,0,38,25
01-03-21,Humphreys,1214,3,871,1,343,2,1017,1,9497,21,10514,22,0,12,-3,84,6,1118,0,24,16
01-03-21,Jackson,1054,1,847,1,207,0,993,1,4501,7,5494,8,0,19,-4,91,5,944,0,31,22
01-03-21,Jefferson,4166,32,3154,18,1012,14,3566,18,29399,47,32965,65,1,66,-13,597,44,3503,0,137,71
01-03-21,Johnson,1822,9,1704,9,118,0,1814,11,11543,29,13357,40,0,28,9,107,0,1687,0,50,29
01-03-21,Knox,34645,285,31019,182,3626,103,33927,196,247370,596,281297,792,2,301,-16,3966,299,30378,10,981,356
01-03-21,Lake,1464,0,1320,0,144,0,1569,0,8638,3,10207,3,0,13,-2,102,2,1349,0,18,16
01-03-21,Lauderdale,2670,7,2123,4,547,3,2435,4,17482,13,19917,17,0,29,4,204,3,2437,0,75,32
01-03-21,Lawrence,4568,46,3690,15,878,31,4075,15,23027,53,27102,68,0,59,21,515,25,3994,0,118,66
01-03-21,Lewis,1183,6,1020,2,163,4,1101,2,8601,9,9702,11,0,19,3,89,3,1075,1,34,20
01-03-21,Lincoln,3404,16,2700,6,704,10,3067,6,14178,16,17245,22,0,34,6,445,10,2925,0,65,42
01-03-21,Loudon,4295,22,3698,17,597,5,4026,15,25348,35,29374,50,2,41,-16,529,36,3725,0,93,49
01-03-21,Macon,2770,14,2311,5,459,9,2733,5,12790,21,15523,26,1,46,9,236,4,2488,0,105,54
01-03-21,Madison,8333,47,4778,18,3555,29,5941,18,45183,99,51124,117,0,153,-22,211,69,7969,0,295,182
01-03-21,Marion,2170,14,1952,10,218,4,2212,12,13738,48,15950,60,0,26,1,293,13,1851,0,88,34
01-03-21,Marshall,2970,21,2628,5,342,16,2971,5,19084,17,22055,22,0,30,3,371,18,2569,0,61,32
01-03-21,Maury,9584,62,9050,53,534,9,10014,55,58175,111,68189,166,0,105,19,990,43,8489,2,228,113
01-03-21,McMinn,4607,19,4269,19,338,0,4717,19,32257,54,36974,73,0,66,-16,529,35,4012,0,117,68
01-03-21,McNairy,2106,9,1536,1,570,8,1932,0,13833,15,15765,15,0,38,-4,185,13,1883,0,54,41
01-03-21,Meigs,967,1,910,1,57,0,1016,1,6016,5,7032,6,0,16,0,105,1,846,0,31,16
01-03-21,Monroe,4039,26,3475,12,564,14,3877,13,21368,31,25245,44,0,56,-7,518,33,3465,1,122,66
01-03-21,Montgomery,12242,102,10034,53,2208,49,11089,55,84934,169,96023,224,2,128,30,1203,70,10911,0,234,147
01-03-21,Moore,758,1,604,1,154,0,688,1,4025,6,4713,7,0,6,-5,97,6,655,0,10,9
01-03-21,Morgan,1734,6,1387,5,347,1,1494,5,12815,13,14309,18,0,11,-1,269,7,1454,0,24,16
01-03-21,Obion,3811,15,2863,6,948,9,3254,6,17902,28,21156,34,1,72,9,331,5,3408,0,87,78
01-03-21,Out of State,12714,154,10336,135,2378,19,11518,134,493035,900,504553,1034,1,63,63,1766,90,10885,1,157,56
01-03-21,Overton,2335,9,1874,3,461,6,2215,4,12303,15,14518,19,0,41,-1,260,10,2034,0,55,48
01-03-21,Pending,10797,130,7733,52,3064,78,8541,50,314228,641,322769,691,3,94,13,2092,114,8611,3,104,83
01-03-21,Perry,887,3,790,0,97,3,882,0,5351,5,6233,5,0,23,1,59,2,805,0,26,24
01-03-21,Pickett,595,0,405,0,190,0,486,0,2767,2,3253,2,0,17,0,70,0,508,0,27,19
01-03-21,Polk,1226,5,1147,5,79,0,1285,5,6986,10,8271,15,0,16,-9,154,14,1056,0,44,17
01-03-21,Putnam,8791,21,7504,12,1287,9,9041,15,57328,66,66369,81,1,122,-8,830,28,7839,0,176,140
01-03-21,Rhea,3280,23,2981,16,299,7,3361,15,20720,19,24081,34,0,49,1,432,22,2799,0,69,55
01-03-21,Roane,4551,33,3825,15,726,18,4239,14,34464,58,38703,72,1,58,6,607,26,3886,1,110,71
01-03-21,Robertson,6970,49,6002,27,968,22,6786,26,34203,51,40989,77,0,75,9,814,40,6081,2,337,84
01-03-21,Rutherford,29704,145,27186,103,2518,42,31875,110,177086,376,208961,486,1,245,-6,2733,150,26726,1,468,273
01-03-21,Scott,2294,6,1435,1,859,5,1524,1,9444,4,10968,5,0,25,-8,277,14,1992,0,53,30
01-03-21,Sequatchie,1159,2,995,0,164,2,1081,0,9963,11,11044,11,0,17,-3,150,5,992,0,28,20
01-03-21,Sevier,9287,67,8551,50,736,17,9374,52,51308,115,60682,167,0,73,-4,1009,71,8205,1,217,97
01-03-21,Shelby,69678,359,66469,327,3209,32,81795,389,697329,1691,779124,2080,10,921,2,6115,347,62642,11,2970,1135
01-03-21,Smith,2109,13,1758,11,351,2,2208,10,10783,22,12991,32,0,24,-1,124,14,1961,0,52,28
01-03-21,Stewart,932,3,757,1,175,2,856,1,5480,5,6336,6,0,20,0,104,3,808,0,20,20
01-03-21,Sullivan,11277,90,10050,83,1227,7,10856,77,65797,316,76653,393,0,181,1,1044,89,10052,1,593,208
01-03-21,Sumner,16754,83,15832,64,922,19,17934,66,93229,112,111163,178,0,207,-22,1760,105,14787,3,623,229
01-03-21,Tipton,5602,23,4211,13,1391,10,5090,13,37456,66,42546,79,1,55,-19,545,41,5002,0,128,66
01-03-21,Trousdale,2198,1,2124,1,74,0,2268,1,7570,11,9838,12,0,12,-2,78,3,2108,0,34,15
01-03-21,Unicoi,1485,11,1219,5,266,6,1341,5,10860,9,12201,14,0,40,5,192,6,1253,0,56,40
01-03-21,Union,1314,8,1146,5,168,3,1246,6,8502,15,9748,21,0,17,5,113,3,1184,0,43,19
01-03-21,Van Buren,635,4,552,2,83,2,612,2,4342,1,4954,3,0,6,2,72,2,557,0,12,7
01-03-21,Warren,4460,11,3923,4,537,7,4437,4,26461,49,30898,53,0,43,3,456,8,3961,0,72,56
01-03-21,Washington,10497,54,9303,47,1194,7,10262,48,63230,137,73492,185,0,165,-2,1197,56,9135,0,283,188
01-03-21,Wayne,2502,8,2145,2,357,6,2346,2,9598,17,11944,19,0,17,-4,181,12,2304,0,43,19
01-03-21,Weakley,3220,11,2523,6,697,5,2887,6,18029,136,20916,142,0,43,-3,265,14,2912,0,53,48
01-03-21,White,2806,9,2394,7,412,2,2949,7,18918,18,21867,25,0,39,6,262,3,2505,0,92,45
01-03-21,Williamson,18813,102,17109,75,1704,27,19131,67,139270,206,158401,273,3,124,-31,2285,130,16404,1,239,148
01-03-21,Wilson,12987,69,12164,57,823,12,13902,48,77626,195,91528,243,2,130,-32,1377,99,11480,1,266,149
01-02-21,Anderson,6028,94,4992,41,1036,53,5568,40,50300,295,55868,335,0,72,49,836,45,5120,2,159,95
01-02-21,Bedford,4740,36,3978,23,762,13,4601,25,24910,99,29511,124,2,63,18,514,16,4163,0,102,76
01-02-21,Benton,1239,4,1071,4,168,0,1188,4,7606,30,8794,34,0,31,2,109,2,1099,0,31,36
01-02-21,Bledsoe,1646,17,1560,11,86,6,1654,11,12469,47,14123,58,0,9,4,115,13,1522,0,28,9
01-02-21,Blount,11046,145,10000,137,1046,8,11045,148,57345,289,68390,437,0,99,43,1499,102,9448,3,258,123
01-02-21,Bradley,9450,111,8377,93,1073,18,9564,95,49149,346,58713,441,0,73,36,921,75,8456,4,398,90
01-02-21,Campbell,2914,38,1890,9,1024,29,2111,11,21880,60,23991,71,1,37,13,441,24,2436,0,93,41
01-02-21,Cannon,1427,17,1231,9,196,8,1378,11,7448,34,8826,45,0,15,12,144,5,1268,0,23,18
01-02-21,Carroll,2764,14,1964,8,800,6,2329,8,16978,42,19307,50,0,52,-6,243,20,2469,0,67,59
01-02-21,Carter,4828,71,4300,69,528,2,4695,75,29463,181,34158,256,0,87,43,628,28,4113,0,193,108
01-02-21,Cheatham,2993,39,2537,32,456,7,2879,32,21006,126,23885,158,0,24,18,391,21,2578,0,69,27
01-02-21,Chester,1581,11,1183,5,398,6,1427,6,9027,26,10454,32,0,31,1,171,10,1379,1,32,35
01-02-21,Claiborne,1751,29,1294,13,457,16,1378,17,18241,160,19619,177,0,19,24,254,5,1478,1,55,25
01-02-21,Clay,885,3,637,2,248,1,728,6,4725,17,5453,23,0,23,-1,61,4,801,0,19,26
01-02-21,Cocke,3013,71,2294,50,719,21,2526,55,16580,132,19106,187,0,45,49,438,22,2530,2,89,64
01-02-21,Coffee,5069,53,3828,26,1241,27,4708,38,36605,132,41313,170,0,65,20,549,33,4455,0,86,81
01-02-21,Crockett,1696,9,1083,6,613,3,1265,6,6226,23,7491,29,0,29,0,157,9,1510,0,29,39
01-02-21,Cumberland,4778,72,4215,42,563,30,4844,52,40364,136,45208,188,0,51,47,800,25,3927,0,121,68
01-02-21,Davidson,63942,639,61782,589,2160,50,75220,687,698152,2104,773372,2791,1,572,262,5979,376,57391,6,1697,621
01-02-21,Decatur,1362,11,1066,10,296,1,1276,10,9957,16,11233,26,1,21,7,97,3,1244,0,33,25
01-02-21,Dekalb,2148,15,1661,8,487,7,1932,8,14226,29,16158,37,0,33,3,231,12,1884,1,46,37
01-02-21,Dickson,4784,62,3744,59,1040,3,4469,66,27836,138,32305,204,1,61,27,381,34,4342,1,97,71
01-02-21,Dyer,4412,34,3101,14,1311,20,3498,16,18631,44,22129,60,0,70,23,403,11,3939,0,95,78
01-02-21,Fayette,3592,67,3271,47,321,20,4027,54,28991,125,33018,179,0,48,40,467,27,3077,0,107,51
01-02-21,Fentress,1980,22,1751,15,229,7,2005,16,9360,46,11365,62,0,29,17,223,5,1728,0,51,34
01-02-21,Franklin,3693,30,3271,18,422,12,3847,19,27344,200,31191,219,0,48,15,409,15,3236,1,87,57
01-02-21,Gibson,5145,35,3257,17,1888,18,3980,19,24634,43,28614,62,1,93,3,546,31,4506,0,90,107
01-02-21,Giles,2828,48,2521,34,307,14,2880,37,18386,68,21266,105,0,61,34,466,14,2301,0,96,65
01-02-21,Grainger,1862,18,1496,10,366,8,1673,12,11199,34,12872,46,0,26,7,227,11,1609,1,55,35
01-02-21,Greene,5816,123,4782,84,1034,39,5348,87,34796,302,40144,389,0,93,85,808,38,4915,1,156,106
01-02-21,Grundy,1276,18,1117,14,159,4,1297,16,6155,47,7452,63,0,19,14,153,4,1104,0,49,19
01-02-21,Hamblen,6061,65,4894,35,1167,30,5496,37,38349,120,43845,157,0,89,32,734,33,5238,0,203,109
01-02-21,Hamilton,29571,520,26631,487,2940,33,29933,533,245892,1133,275825,1666,0,274,211,2594,309,26703,6,848,316
01-02-21,Hancock,349,4,277,4,72,0,298,4,3150,6,3448,10,0,5,2,45,2,299,0,15,7
01-02-21,Hardeman,2902,10,2474,7,428,3,2915,10,21157,39,24072,49,1,42,3,202,6,2658,0,91,48
01-02-21,Hardin,2786,26,2002,17,784,9,2401,17,19448,90,21849,107,0,35,20,345,6,2406,1,51,42
01-02-21,Hawkins,3818,59,3299,36,519,23,3568,37,24353,144,27921,181,0,56,32,540,27,3222,0,113,66
01-02-21,Haywood,2266,15,1938,10,328,5,2199,12,11450,50,13649,62,0,36,8,169,7,2061,0,64,42
01-02-21,Henderson,3053,19,2215,17,838,2,2818,18,14166,43,16984,61,0,44,7,340,12,2669,0,67,49
01-02-21,Henry,2379,11,1968,11,411,0,2279,16,15393,33,17672,49,0,38,-1,165,12,2176,0,64,52
01-02-21,Hickman,2100,30,1827,20,273,10,2126,20,13054,51,15180,71,0,26,19,249,11,1825,0,44,30
01-02-21,Houston,841,9,670,8,171,1,762,8,7106,140,7868,148,0,22,8,57,1,762,0,38,25
01-02-21,Humphreys,1211,9,870,5,341,4,1016,6,9476,33,10492,39,0,12,6,87,3,1112,0,24,16
01-02-21,Jackson,1053,10,846,9,207,1,992,11,4494,16,5486,27,0,19,9,95,1,939,0,31,22
01-02-21,Jefferson,4134,73,3136,47,998,26,3548,51,29352,133,32900,184,1,65,33,610,39,3459,0,137,69
01-02-21,Johnson,1813,18,1695,13,118,5,1803,13,11514,86,13317,99,0,28,16,98,2,1687,1,50,29
01-02-21,Knox,34360,425,30837,320,3523,105,33731,378,246774,1119,280505,1497,0,299,105,3982,320,30079,22,971,347
01-02-21,Lake,1464,21,1320,18,144,3,1569,25,8635,45,10204,70,0,13,20,104,1,1347,0,18,15
01-02-21,Lauderdale,2663,16,2119,14,544,2,2431,16,17469,62,19900,78,1,29,9,200,6,2434,0,75,32
01-02-21,Lawrence,4522,57,3675,25,847,32,4060,29,22974,93,27034,122,1,59,23,494,33,3969,0,118,65
01-02-21,Lewis,1177,9,1018,6,159,3,1099,6,8592,18,9691,24,0,19,1,86,8,1072,0,33,20
01-02-21,Lincoln,3388,42,2694,27,694,15,3061,33,14162,71,17223,104,0,34,29,439,13,2915,0,65,42
01-02-21,Loudon,4273,46,3681,34,592,12,4011,37,25313,85,29324,122,0,39,-1,545,47,3689,0,93,49
01-02-21,Macon,2756,11,2306,9,450,2,2728,10,12769,109,15497,119,0,45,0,227,11,2484,0,105,53
01-02-21,Madison,8286,54,4760,36,3526,18,5923,41,45084,264,51007,305,0,153,-18,233,72,7900,0,295,179
01-02-21,Marion,2156,42,1942,37,214,5,2200,38,13690,122,15890,160,0,26,30,292,12,1838,1,88,32
01-02-21,Marshall,2949,41,2623,19,326,22,2966,20,19067,73,22033,93,0,30,17,368,24,2551,0,61,31
01-02-21,Maury,9522,97,8997,93,525,4,9959,104,58064,359,68023,463,1,105,38,971,58,8446,2,226,111
01-02-21,McMinn,4588,54,4250,47,338,7,4698,54,32203,185,36901,239,0,66,35,545,19,3977,1,117,68
01-02-21,McNairy,2097,16,1535,4,562,12,1932,5,13818,102,15750,107,0,38,-2,189,18,1870,0,54,41
01-02-21,Meigs,966,9,909,7,57,2,1015,6,6011,31,7026,37,0,16,3,105,6,845,0,31,16
01-02-21,Monroe,4013,41,3463,27,550,14,3864,31,21337,71,25201,102,0,56,8,525,33,3432,1,121,66
01-02-21,Montgomery,12140,252,9981,227,2159,25,11034,237,84765,738,95799,975,0,126,165,1173,87,10841,0,234,143
01-02-21,Moore,757,8,603,7,154,1,687,7,4019,18,4706,25,0,6,6,102,2,649,0,10,9
01-02-21,Morgan,1728,22,1382,16,346,6,1489,16,12802,30,14291,46,0,11,13,270,9,1447,0,24,16
01-02-21,Obion,3796,23,2857,12,939,11,3248,13,17874,110,21122,123,0,71,6,322,17,3403,0,87,77
01-02-21,Out of State,12560,194,10201,161,2359,33,11384,183,492135,1456,503519,1639,0,62,103,1703,91,10795,0,156,56
01-02-21,Overton,2326,12,1871,6,455,6,2211,9,12288,58,14499,67,0,41,1,261,11,2024,1,55,48
01-02-21,Pending,10667,219,7681,140,2986,79,8491,149,313587,1514,322078,1663,1,91,112,2079,106,8497,1,101,82
01-02-21,Perry,884,7,790,5,94,2,882,5,5346,16,6228,21,0,23,-3,58,10,803,0,26,24
01-02-21,Pickett,595,3,405,3,190,0,486,3,2765,30,3251,33,0,17,2,70,1,508,0,27,19
01-02-21,Polk,1221,17,1142,17,79,0,1280,16,6976,35,8256,51,0,16,10,163,7,1042,0,44,17
01-02-21,Putnam,8770,82,7492,68,1278,14,9026,77,57262,299,66288,376,0,121,39,838,43,7811,1,176,140
01-02-21,Rhea,3257,58,2965,49,292,9,3346,56,20701,167,24047,223,1,49,32,431,25,2777,0,69,55
01-02-21,Roane,4518,73,3810,40,708,33,4225,45,34406,183,38631,228,1,57,47,601,25,3860,3,109,70
01-02-21,Robertson,6921,74,5975,42,946,32,6760,47,34152,170,40912,217,0,75,13,805,61,6041,5,335,82
01-02-21,Rutherford,29559,342,27083,301,2476,41,31765,361,176710,879,208475,1240,0,244,153,2739,189,26576,0,467,271
01-02-21,Scott,2288,18,1434,8,854,10,1523,9,9440,34,10963,43,0,25,0,285,18,1978,0,53,30
01-02-21,Sequatchie,1157,24,995,15,162,9,1081,19,9952,40,11033,59,0,17,16,153,8,987,1,28,19
01-02-21,Sevier,9220,104,8501,90,719,14,9322,103,51193,243,60515,346,0,73,43,1013,61,8134,4,216,95
01-02-21,Shelby,69319,743,66142,681,3177,62,81406,887,695638,4228,777044,5115,0,911,256,6113,487,62295,11,2959,1125
01-02-21,Smith,2096,7,1747,5,349,2,2198,9,10761,109,12959,118,0,24,-4,125,11,1947,0,52,28
01-02-21,Stewart,929,11,756,10,173,1,855,10,5475,25,6330,35,0,20,6,104,5,805,0,20,20
01-02-21,Sullivan,11187,85,9967,70,1220,15,10779,73,65481,232,76260,305,0,181,5,1043,80,9963,3,592,205
01-02-21,Sumner,16671,174,15768,146,903,28,17868,174,93117,427,110985,601,0,207,73,1782,101,14682,1,620,228
01-02-21,Tipton,5579,59,4198,28,1381,31,5077,37,37390,149,42467,186,0,54,21,564,38,4961,0,128,65
01-02-21,Trousdale,2197,9,2123,8,74,1,2267,11,7559,24,9826,35,0,12,8,80,1,2105,0,34,15
01-02-21,Unicoi,1474,20,1214,12,260,8,1336,14,10851,22,12187,36,0,40,14,187,6,1247,1,56,40
01-02-21,Union,1306,12,1141,5,165,7,1240,5,8487,21,9727,26,0,17,7,108,5,1181,1,43,19
01-02-21,Van Buren,631,13,550,6,81,7,610,6,4341,60,4951,66,0,6,12,70,1,555,0,12,7
01-02-21,Warren,4449,37,3919,33,530,4,4433,33,26412,72,30845,105,0,43,10,453,27,3953,0,72,56
01-02-21,Washington,10443,168,9256,151,1187,17,10214,170,63093,428,73307,598,0,165,100,1199,68,9079,2,283,186
01-02-21,Wayne,2494,22,2143,9,351,13,2344,10,9581,56,11925,66,0,17,18,185,4,2292,0,43,19
01-02-21,Weakley,3209,32,2517,18,692,14,2881,21,17893,40,20774,61,0,43,12,268,20,2898,0,53,47
01-02-21,White,2797,19,2387,18,410,1,2942,20,18900,68,21842,88,0,39,12,256,7,2502,1,92,45
01-02-21,Williamson,18711,253,17034,212,1677,41,19064,233,139064,760,158128,993,0,121,102,2316,151,16274,1,238,146
01-02-21,Wilson,12918,185,12107,163,811,22,13854,180,77431,436,91285,616,0,128,86,1409,99,11381,3,265,147
01-01-21,Anderson,5934,66,4951,42,983,24,5528,56,50005,269,55533,325,0,72,-26,787,92,5075,1,157,93
01-01-21,Bedford,4704,75,3955,24,749,51,4576,23,24811,117,29387,140,0,61,8,496,67,4147,0,102,74
01-01-21,Benton,1235,5,1067,4,168,1,1184,4,7576,19,8760,23,1,31,-2,107,6,1097,0,31,35
01-01-21,Bledsoe,1629,17,1549,11,80,6,1643,11,12422,28,14065,39,0,9,2,111,15,1509,0,28,9
01-01-21,Blount,10901,154,9863,134,1038,20,10897,136,57056,177,67953,313,1,99,-8,1456,161,9346,1,255,121
01-01-21,Bradley,9339,76,8284,59,1055,17,9469,69,48803,311,58272,380,1,73,-74,885,149,8381,2,394,88
01-01-21,Campbell,2876,31,1881,9,995,22,2100,8,21820,61,23920,69,0,36,-16,428,47,2412,0,93,41
01-01-21,Cannon,1410,16,1222,9,188,7,1367,8,7414,20,8781,28,0,15,-6,132,22,1263,1,23,18
01-01-21,Carroll,2750,17,1956,9,794,8,2321,11,16936,29,19257,40,0,52,-11,249,28,2449,0,67,59
01-01-21,Carter,4757,35,4231,25,526,10,4620,29,29282,90,33902,119,1,87,-11,585,45,4085,0,193,104
01-01-21,Cheatham,2954,51,2505,47,449,4,2847,51,20880,135,23727,186,0,24,10,373,41,2557,1,69,26
01-01-21,Chester,1570,13,1178,6,392,7,1421,6,9001,20,10422,26,0,31,-2,170,15,1369,0,31,35
01-01-21,Claiborne,1722,11,1281,8,441,3,1361,7,18081,38,19442,45,1,19,-15,230,25,1473,2,54,23
01-01-21,Clay,882,0,635,0,247,0,722,0,4708,12,5430,12,0,23,-14,62,14,797,0,19,26
01-01-21,Cocke,2942,54,2244,26,698,28,2471,24,16448,110,18919,134,1,45,3,389,50,2508,0,87,64
01-01-21,Coffee,5016,35,3802,16,1214,19,4670,16,36473,197,41143,213,0,65,-43,529,78,4422,0,86,80
01-01-21,Crockett,1687,11,1077,6,610,5,1259,6,6203,25,7462,31,0,29,-13,157,24,1501,0,29,38
01-01-21,Cumberland,4706,58,4173,34,533,24,4792,35,40228,92,45020,127,0,51,2,753,56,3902,0,121,68
01-01-21,Davidson,63303,572,61193,530,2110,42,74533,598,696048,2472,770581,3070,1,571,-9,5717,580,57015,6,1691,619
01-01-21,Decatur,1351,5,1056,3,295,2,1266,4,9941,16,11207,20,0,20,-13,90,18,1241,0,33,24
01-01-21,Dekalb,2133,16,1653,6,480,10,1924,6,14197,24,16121,30,0,33,-5,228,21,1872,0,45,37
01-01-21,Dickson,4722,65,3685,54,1037,11,4403,59,27698,184,32101,243,1,60,6,354,58,4308,0,96,71
01-01-21,Dyer,4378,43,3087,17,1291,26,3482,18,18587,62,22069,80,0,70,11,380,32,3928,0,95,78
01-01-21,Fayette,3525,66,3224,58,301,8,3973,58,28866,138,32839,196,0,48,41,427,25,3050,0,107,51
01-01-21,Fentress,1958,19,1736,17,222,2,1989,20,9314,91,11303,111,0,29,-9,206,28,1723,0,51,33
01-01-21,Franklin,3663,56,3253,47,410,9,3828,51,27144,209,30972,260,0,48,9,394,47,3221,1,86,57
01-01-21,Gibson,5110,32,3240,15,1870,17,3961,19,24591,73,28552,92,1,92,-22,543,53,4475,0,90,106
01-01-21,Giles,2780,47,2487,42,293,5,2843,41,18318,70,21161,111,1,61,-20,432,66,2287,0,96,65
01-01-21,Grainger,1844,13,1486,5,358,8,1661,4,11165,23,12826,27,0,26,-18,220,31,1598,0,54,35
01-01-21,Greene,5693,34,4698,19,995,15,5261,19,34494,245,39755,264,1,93,-57,723,90,4877,0,155,104
01-01-21,Grundy,1258,21,1103,16,155,5,1281,17,6108,53,7389,70,0,19,4,139,17,1100,1,49,19
01-01-21,Hamblen,5996,54,4859,27,1137,27,5459,28,38229,114,43688,142,3,89,-49,702,100,5205,1,203,107
01-01-21,Hamilton,29051,421,26144,368,2907,53,29400,388,244759,1442,274159,1830,1,274,10,2383,410,26394,5,842,311
01-01-21,Hancock,345,1,273,1,72,0,294,2,3144,24,3438,26,0,5,-3,43,4,297,0,15,7
01-01-21,Hardeman,2892,16,2467,11,425,5,2905,11,21118,136,24023,147,0,41,-6,199,22,2652,1,91,48
01-01-21,Hardin,2760,44,1985,27,775,17,2384,28,19358,109,21742,137,0,35,14,325,30,2400,0,50,42
01-01-21,Hawkins,3759,21,3263,14,496,7,3531,14,24209,115,27740,129,0,56,-36,508,57,3195,0,113,65
01-01-21,Haywood,2251,19,1928,9,323,10,2187,11,11400,48,13587,59,0,36,0,161,19,2054,1,64,41
01-01-21,Henderson,3034,27,2198,13,836,14,2800,11,14123,29,16923,40,0,44,-11,333,38,2657,0,67,49
01-01-21,Henry,2368,16,1957,7,411,9,2263,8,15360,31,17623,39,0,38,-8,166,24,2164,0,64,51
01-01-21,Hickman,2070,14,1807,9,263,5,2106,11,13003,61,15109,72,0,26,-25,230,39,1814,0,44,29
01-01-21,Houston,832,21,662,19,170,2,754,18,6966,75,7720,93,0,22,13,49,8,761,0,38,24
01-01-21,Humphreys,1202,14,865,12,337,2,1010,13,9443,25,10453,38,0,12,1,81,13,1109,0,24,16
01-01-21,Jackson,1043,4,837,2,206,2,981,2,4478,14,5459,16,0,19,-5,86,9,938,0,31,22
01-01-21,Jefferson,4061,52,3089,19,972,33,3497,25,29219,75,32716,100,2,64,-13,577,63,3420,1,137,69
01-01-21,Johnson,1795,10,1682,6,113,4,1790,5,11428,26,13218,31,0,28,-4,82,14,1685,0,49,28
01-01-21,Knox,33935,419,30517,351,3418,68,33353,342,245655,1280,279008,1622,2,299,1,3877,416,29759,7,949,343
01-01-21,Lake,1443,26,1302,26,141,0,1544,29,8590,54,10134,83,0,13,22,84,4,1346,1,18,15
01-01-21,Lauderdale,2647,14,2105,9,542,5,2415,9,17407,39,19822,48,0,28,-4,191,18,2428,0,75,32
01-01-21,Lawrence,4465,27,3650,15,815,12,4031,15,22881,74,26912,89,0,58,-29,471,56,3936,0,118,64
01-01-21,Lewis,1168,4,1012,2,156,2,1093,2,8574,8,9667,10,0,19,-2,85,6,1064,0,33,20
01-01-21,Lincoln,3346,35,2667,29,679,6,3028,29,14091,67,17119,96,0,34,-13,410,48,2902,1,65,40
01-01-21,Loudon,4227,52,3647,41,580,11,3974,45,25228,92,29202,137,2,39,-25,546,75,3642,1,93,49
01-01-21,Macon,2745,16,2297,11,448,5,2718,11,12660,72,15378,83,0,45,-21,227,37,2473,0,105,51
01-01-21,Madison,8232,66,4724,29,3508,37,5882,27,44820,150,50702,177,1,153,-30,251,95,7828,0,295,177
01-01-21,Marion,2114,39,1905,35,209,4,2162,36,13568,81,15730,117,0,26,17,262,22,1826,0,87,32
01-01-21,Marshall,2908,14,2604,10,304,4,2946,10,18994,37,21940,47,0,30,-18,351,32,2527,0,61,30
01-01-21,Maury,9425,70,8904,56,521,14,9855,53,57705,179,67560,232,0,104,-42,933,112,8388,2,224,111
01-01-21,McMinn,4534,47,4203,38,331,9,4644,40,32018,146,36662,186,0,66,-16,510,63,3958,0,116,68
01-01-21,McNairy,2081,26,1531,16,550,10,1927,16,13716,146,15643,162,0,38,-4,191,30,1852,0,54,41
01-01-21,Meigs,957,6,902,4,55,2,1009,4,5980,24,6989,28,0,16,-4,102,10,839,0,31,16
01-01-21,Monroe,3972,39,3436,28,536,11,3833,29,21266,144,25099,173,0,56,-34,517,73,3399,0,120,65
01-01-21,Montgomery,11888,186,9754,131,2134,55,10797,140,84027,570,94824,710,0,126,7,1008,179,10754,2,234,142
01-01-21,Moore,749,8,596,3,153,5,680,3,4001,17,4681,20,0,6,3,96,5,647,0,10,9
01-01-21,Morgan,1706,35,1366,29,340,6,1473,29,12772,45,14245,74,0,11,7,257,28,1438,0,24,16
01-01-21,Obion,3773,28,2845,16,928,12,3235,19,17764,67,20999,86,0,71,-7,316,35,3386,0,87,76
01-01-21,Out of State,12366,171,10040,100,2326,71,11201,122,490679,1527,501880,1649,1,62,6,1600,164,10704,1,156,56
01-01-21,Overton,2314,17,1865,6,449,11,2202,8,12230,49,14432,57,0,41,-10,260,27,2013,0,54,48
01-01-21,Pending,10448,190,7541,105,2907,85,8342,103,312073,1191,320415,1294,4,90,8,1967,178,8391,0,100,81
01-01-21,Perry,877,6,785,6,92,0,877,8,5330,5,6207,13,0,23,-7,61,13,793,0,26,24
01-01-21,Pickett,592,11,402,11,190,0,483,11,2735,38,3218,49,0,17,6,68,5,507,1,27,19
01-01-21,Polk,1204,20,1125,20,79,0,1264,22,6941,36,8205,58,0,16,-1,153,21,1035,0,44,17
01-01-21,Putnam,8688,77,7424,54,1264,23,8949,55,56963,249,65912,304,0,121,-23,799,100,7768,0,175,140
01-01-21,Rhea,3199,61,2916,54,283,7,3290,62,20534,154,23824,216,0,48,14,399,47,2752,0,69,54
01-01-21,Roane,4445,70,3770,54,675,16,4180,58,34223,137,38403,195,0,56,12,554,58,3835,0,106,69
01-01-21,Robertson,6847,131,5933,91,914,40,6713,99,33982,226,40695,325,1,75,45,792,85,5980,7,330,81
01-01-21,Rutherford,29217,265,26782,200,2435,65,31404,208,175831,842,207235,1050,2,244,-54,2586,317,26387,1,467,270
01-01-21,Scott,2270,26,1426,10,844,16,1514,10,9406,30,10920,40,2,25,0,285,24,1960,0,53,30
01-01-21,Sequatchie,1133,13,980,8,153,5,1062,6,9912,23,10974,29,0,17,-7,137,20,979,1,27,18
01-01-21,Sevier,9116,126,8411,117,705,9,9219,132,50950,359,60169,491,3,73,-1,970,124,8073,1,212,94
01-01-21,Shelby,68576,969,65461,930,3115,39,80519,1046,691410,4294,771929,5340,8,911,348,5857,613,61808,12,2948,1114
01-01-21,Smith,2089,7,1742,3,347,4,2189,3,10652,23,12841,26,0,24,-20,129,27,1936,0,52,28
01-01-21,Stewart,918,19,746,16,172,3,845,16,5450,29,6295,45,0,20,11,98,8,800,0,20,20
01-01-21,Sullivan,11102,55,9897,36,1205,19,10706,39,65249,108,75955,147,3,181,-72,1038,124,9883,3,589,203
01-01-21,Sumner,16497,161,15622,138,875,23,17694,144,92690,418,110384,562,1,207,-1,1709,161,14581,1,619,228
01-01-21,Tipton,5520,37,4170,28,1350,9,5040,31,37241,116,42281,147,1,54,-25,543,61,4923,0,128,64
01-01-21,Trousdale,2188,7,2115,6,73,1,2256,7,7535,23,9791,30,0,12,-3,72,10,2104,0,34,15
01-01-21,Unicoi,1454,9,1202,3,252,6,1322,4,10829,19,12151,23,0,40,-10,173,19,1241,0,55,40
01-01-21,Union,1294,10,1136,7,158,3,1235,9,8466,21,9701,30,0,17,-7,101,17,1176,0,42,18
01-01-21,Van Buren,618,6,544,4,74,2,604,4,4281,3,4885,7,0,6,2,58,4,554,0,12,7
01-01-21,Warren,4412,22,3886,18,526,4,4400,18,26340,109,30740,127,0,43,-52,443,74,3926,1,72,54
01-01-21,Washington,10275,113,9105,85,1170,28,10044,93,62665,258,72709,351,0,165,-14,1099,127,9011,1,281,185
01-01-21,Wayne,2472,17,2134,9,338,8,2334,11,9525,23,11859,34,0,17,1,167,16,2288,1,43,19
01-01-21,Weakley,3177,20,2499,11,678,9,2860,12,17853,80,20713,92,0,43,-19,256,39,2878,0,53,47
01-01-21,White,2778,20,2369,17,409,3,2922,16,18832,53,21754,69,0,39,-6,244,26,2495,0,91,43
01-01-21,Williamson,18458,270,16822,230,1636,40,18831,239,138304,666,157135,905,0,121,77,2214,193,16123,1,237,142
01-01-21,Wilson,12733,144,11944,125,789,19,13674,133,76995,326,90669,459,0,128,11,1323,133,11282,5,262,145
12-31-20,Anderson,5868,163,4909,101,959,62,5472,102,49736,303,55208,405,6,72,63,813,94,4983,1,156,92
12-31-20,Bedford,4629,105,3931,79,698,26,4553,90,24694,203,29247,293,1,61,52,488,52,4080,0,102,73
12-31-20,Benton,1230,29,1063,17,167,12,1180,17,7557,37,8737,54,0,30,18,109,11,1091,1,31,35
12-31-20,Bledsoe,1612,33,1538,24,74,9,1632,26,12394,39,14026,65,0,9,26,109,7,1494,0,28,9
12-31-20,Blount,10747,215,9729,198,1018,17,10761,218,56879,335,67640,553,1,98,32,1464,182,9185,2,254,119
12-31-20,Bradley,9263,149,8225,134,1038,15,9400,158,48492,353,57892,511,0,72,-10,959,159,8232,1,392,88
12-31-20,Campbell,2845,65,1872,27,973,38,2092,31,21759,65,23851,96,0,36,26,444,39,2365,0,93,40
12-31-20,Cannon,1394,30,1213,25,181,5,1359,25,7394,52,8753,77,0,15,17,138,13,1241,0,22,18
12-31-20,Carroll,2733,19,1947,11,786,8,2310,15,16907,73,19217,88,0,52,-17,260,36,2421,0,67,57
12-31-20,Carter,4722,101,4206,88,516,13,4591,91,29192,209,33783,300,0,86,44,596,57,4040,0,193,101
12-31-20,Cheatham,2903,39,2458,23,445,16,2796,22,20745,88,23541,110,0,24,9,363,30,2516,1,68,26
12-31-20,Chester,1557,52,1172,40,385,12,1415,46,8981,58,10396,104,0,31,27,172,25,1354,0,31,35
12-31-20,Claiborne,1711,35,1273,23,438,12,1354,26,18043,129,19397,155,0,18,1,245,34,1448,0,52,23
12-31-20,Clay,882,8,635,6,247,2,722,10,4696,24,5418,34,0,23,-3,76,11,783,0,19,26
12-31-20,Cocke,2888,51,2218,19,670,32,2447,24,16338,63,18785,87,4,44,-1,386,48,2458,1,87,62
12-31-20,Coffee,4981,77,3786,56,1195,21,4654,66,36276,210,40930,276,0,65,14,572,63,4344,0,86,79
12-31-20,Crockett,1676,17,1071,10,605,7,1253,11,6178,116,7431,127,0,29,2,170,15,1477,0,29,38
12-31-20,Cumberland,4648,216,4139,193,509,23,4757,219,40136,325,44893,544,0,51,135,751,81,3846,2,121,67
12-31-20,Davidson,62731,666,60663,609,2068,57,73935,713,693576,3392,767511,4105,6,570,30,5726,630,56435,3,1685,611
12-31-20,Decatur,1346,19,1053,18,293,1,1262,19,9925,46,11187,65,0,20,-6,103,25,1223,1,33,24
12-31-20,Dekalb,2117,59,1647,41,470,18,1918,42,14173,130,16091,172,1,33,32,233,26,1851,0,45,36
12-31-20,Dickson,4657,55,3631,30,1026,25,4344,35,27514,170,31858,205,0,59,-13,348,68,4250,1,96,71
12-31-20,Dyer,4335,62,3070,34,1265,28,3464,34,18525,79,21989,113,0,70,31,369,31,3896,0,95,77
12-31-20,Fayette,3459,62,3166,51,293,11,3915,57,28728,231,32643,288,0,48,14,386,48,3025,0,107,48
12-31-20,Fentress,1939,43,1719,40,220,3,1969,43,9223,84,11192,127,0,29,22,215,21,1695,0,51,33
12-31-20,Franklin,3607,69,3206,53,401,16,3777,62,26935,199,30712,261,0,48,7,385,62,3174,1,85,56
12-31-20,Gibson,5078,67,3225,42,1853,25,3942,48,24518,220,28460,268,1,91,10,565,56,4422,0,90,106
12-31-20,Giles,2733,69,2445,55,288,14,2802,73,18248,196,21050,269,0,60,18,452,51,2221,0,96,65
12-31-20,Grainger,1831,64,1481,54,350,10,1657,55,11142,87,12799,142,1,26,32,238,31,1567,0,54,34
12-31-20,Greene,5659,144,4679,107,980,37,5242,108,34249,201,39491,309,0,92,54,780,90,4787,1,155,103
12-31-20,Grundy,1237,30,1087,28,150,2,1264,30,6055,52,7319,82,1,19,18,135,11,1083,1,48,19
12-31-20,Hamblen,5942,125,4832,95,1110,30,5431,112,38115,305,43546,417,3,86,33,751,89,5105,1,202,107
12-31-20,Hamilton,28630,326,25776,283,2854,43,29012,317,243317,1074,272329,1391,9,273,-50,2373,367,25984,4,837,309
12-31-20,Hancock,344,13,272,11,72,2,292,11,3120,33,3412,44,0,5,11,46,2,293,0,15,7
12-31-20,Hardeman,2876,45,2456,25,420,20,2894,27,20982,75,23876,102,0,41,23,205,22,2630,0,90,48
12-31-20,Hardin,2716,38,1958,16,758,22,2356,24,19249,104,21605,128,0,35,12,311,26,2370,1,50,41
12-31-20,Hawkins,3738,120,3249,99,489,21,3517,106,24094,248,27611,354,0,56,49,544,71,3138,0,113,64
12-31-20,Haywood,2232,35,1919,22,313,13,2176,22,11352,53,13528,75,0,36,23,161,12,2035,1,63,41
12-31-20,Henderson,3007,43,2185,29,822,14,2789,32,14094,78,16883,110,0,44,4,344,39,2619,0,67,48
12-31-20,Henry,2352,32,1950,30,402,2,2255,32,15329,68,17584,100,2,38,7,174,23,2140,0,64,51
12-31-20,Hickman,2056,44,1798,36,258,8,2095,40,12942,122,15037,162,0,26,16,255,28,1775,0,44,29
12-31-20,Houston,811,7,643,4,168,3,736,6,6891,10,7627,16,0,22,1,36,6,753,0,38,24
12-31-20,Humphreys,1188,13,853,6,335,7,997,6,9418,40,10415,46,0,12,-3,80,16,1096,0,24,16
12-31-20,Jackson,1039,22,835,20,204,2,979,20,4464,31,5443,51,0,19,9,91,13,929,1,31,22
12-31-20,Jefferson,4009,106,3070,83,939,23,3472,84,29144,184,32616,268,2,62,40,590,64,3357,0,136,69
12-31-20,Johnson,1785,20,1676,20,109,0,1785,20,11402,62,13187,82,0,28,2,86,18,1671,0,49,28
12-31-20,Knox,33516,450,30166,311,3350,139,33011,334,244375,933,277386,1267,12,297,3,3876,435,29343,8,942,337
12-31-20,Lake,1417,14,1276,14,141,0,1515,16,8536,20,10051,36,0,13,11,62,3,1342,0,17,15
12-31-20,Lauderdale,2633,47,2096,28,537,19,2406,31,17368,74,19774,105,0,28,37,195,10,2410,0,75,31
12-31-20,Lawrence,4438,73,3635,57,803,16,4016,64,22807,167,26823,231,1,58,19,500,53,3880,0,118,64
12-31-20,Lewis,1164,12,1010,6,154,6,1091,10,8566,54,9657,64,0,19,2,87,10,1058,0,33,20
12-31-20,Lincoln,3311,83,2638,65,673,18,2999,78,14024,107,17023,185,2,34,28,423,53,2854,1,64,38
12-31-20,Loudon,4175,56,3606,44,569,12,3929,45,25136,126,29065,171,1,37,-11,571,66,3567,0,92,46
12-31-20,Macon,2729,57,2286,43,443,14,2707,50,12588,83,15295,133,1,45,30,248,26,2436,0,105,51
12-31-20,Madison,8166,90,4695,60,3471,30,5855,63,44670,255,50525,318,1,152,13,281,76,7733,3,295,176
12-31-20,Marion,2075,43,1870,37,205,6,2126,39,13487,121,15613,160,1,26,11,245,31,1804,0,87,32
12-31-20,Marshall,2894,76,2594,58,300,18,2936,67,18957,159,21893,226,0,30,27,369,49,2495,1,61,30
12-31-20,Maury,9355,186,8848,166,507,20,9802,184,57526,514,67328,698,0,104,80,975,106,8276,1,222,111
12-31-20,McMinn,4487,96,4165,83,322,13,4604,88,31872,203,36476,291,1,66,43,526,52,3895,1,116,68
12-31-20,McNairy,2055,30,1515,20,540,10,1911,22,13570,77,15481,99,0,38,3,195,27,1822,1,54,40
12-31-20,Meigs,951,13,898,12,53,1,1005,14,5956,59,6961,73,1,16,-8,106,20,829,0,31,16
12-31-20,Monroe,3933,35,3408,21,525,14,3804,27,21122,97,24926,124,2,56,-24,551,57,3326,0,120,64
12-31-20,Montgomery,11702,132,9623,124,2079,8,10657,141,83457,511,94114,652,2,126,-33,1001,163,10575,3,232,141
12-31-20,Moore,741,5,593,4,148,1,677,5,3984,31,4661,36,0,6,-11,93,16,642,0,10,9
12-31-20,Morgan,1671,46,1337,36,334,10,1444,37,12727,72,14171,109,0,11,20,250,26,1410,0,24,16
12-31-20,Obion,3745,44,2829,30,916,14,3216,35,17697,74,20913,109,0,71,25,323,19,3351,0,87,76
12-31-20,Out of State,12195,253,9940,180,2255,73,11079,200,489152,2338,500231,2538,-1,61,79,1594,175,10540,1,155,56
12-31-20,Overton,2297,56,1859,35,438,21,2194,41,12181,102,14375,143,0,41,32,270,24,1986,1,54,48
12-31-20,Pending,10258,286,7436,151,2822,135,8239,155,310882,1367,319121,1522,1,86,135,1959,150,8213,1,100,80
12-31-20,Perry,871,13,779,7,92,6,869,13,5325,26,6194,39,0,23,1,68,12,780,0,26,24
12-31-20,Pickett,581,10,391,9,190,1,472,9,2697,17,3169,26,0,17,3,62,7,502,0,26,19
12-31-20,Polk,1184,21,1105,20,79,1,1242,23,6905,49,8147,72,0,16,2,154,19,1014,1,44,17
12-31-20,Putnam,8611,164,7370,158,1241,6,8894,193,56714,586,65608,779,2,121,45,822,117,7668,0,175,138
12-31-20,Rhea,3138,48,2862,44,276,4,3228,52,20380,101,23608,153,0,48,-4,385,52,2705,0,69,52
12-31-20,Roane,4375,121,3716,61,659,60,4122,69,34086,159,38208,228,2,56,37,542,82,3777,2,106,65
12-31-20,Robertson,6716,76,5842,52,874,24,6614,55,33756,143,40370,198,1,74,-24,747,99,5895,1,323,81
12-31-20,Rutherford,28952,403,26582,327,2370,76,31196,374,174989,1008,206185,1382,1,242,69,2640,333,26070,1,466,266
12-31-20,Scott,2244,40,1416,25,828,15,1504,29,9376,96,10880,125,1,23,-1,285,40,1936,1,53,30
12-31-20,Sequatchie,1120,20,972,18,148,2,1056,22,9889,88,10945,110,1,17,2,144,17,959,0,26,18
12-31-20,Sevier,8990,131,8294,109,696,22,9087,123,50591,320,59678,443,0,70,-24,971,155,7949,0,211,93
12-31-20,Shelby,67607,596,64531,516,3076,80,79473,586,687116,3526,766589,4112,14,903,-13,5509,595,61195,14,2936,1101
12-31-20,Smith,2082,35,1739,24,343,11,2186,34,10629,150,12815,184,0,24,9,149,26,1909,0,52,27
12-31-20,Stewart,899,13,730,11,169,2,829,13,5421,23,6250,36,0,20,6,87,7,792,0,20,20
12-31-20,Sullivan,11047,159,9861,127,1186,32,10667,148,65141,418,75808,566,1,178,12,1110,146,9759,2,586,200
12-31-20,Sumner,16336,284,15484,258,852,26,17550,283,92272,462,109822,745,3,206,114,1710,167,14420,1,618,226
12-31-20,Tipton,5483,93,4142,69,1341,24,5009,71,37125,229,42134,300,0,53,35,568,58,4862,0,128,62
12-31-20,Trousdale,2181,12,2109,10,72,2,2249,10,7512,26,9761,36,0,12,-3,75,15,2094,0,34,14
12-31-20,Unicoi,1445,27,1199,24,246,3,1318,21,10810,80,12128,101,0,40,5,183,22,1222,0,55,40
12-31-20,Union,1284,20,1129,17,155,3,1226,18,8445,48,9671,66,3,17,2,108,15,1159,1,42,18
12-31-20,Van Buren,612,19,540,17,72,2,600,17,4278,28,4878,45,0,6,15,56,4,550,0,12,7
12-31-20,Warren,4390,73,3868,61,522,12,4382,77,26231,238,30613,315,2,43,3,495,68,3852,0,71,54
12-31-20,Washington,10162,179,9020,143,1142,36,9951,148,62407,312,72358,460,1,165,46,1113,132,8884,0,280,182
12-31-20,Wayne,2455,28,2125,22,330,6,2323,22,9502,48,11825,70,0,17,20,166,8,2272,0,42,18
12-31-20,Weakley,3157,49,2488,33,669,16,2848,36,17773,83,20621,119,0,43,20,275,29,2839,0,53,47
12-31-20,White,2758,58,2352,54,406,4,2906,59,18779,124,21685,183,0,39,23,250,35,2469,1,91,42
12-31-20,Williamson,18188,304,16592,241,1596,63,18592,252,137638,751,156230,1003,-1,121,117,2137,188,15930,1,236,140
12-31-20,Wilson,12589,192,11819,178,770,14,13541,206,76669,489,90210,695,3,128,36,1312,153,11149,1,257,141
12-30-20,Anderson,5705,35,4808,19,897,16,5370,20,49433,138,54803,158,6,66,-88,750,117,4889,1,155,87
12-30-20,Bedford,4524,53,3852,26,672,27,4463,28,24491,83,28954,111,0,60,9,436,44,4028,0,102,69
12-30-20,Benton,1201,4,1046,1,155,3,1163,0,7520,26,8683,26,0,30,-6,91,10,1080,0,30,35
12-30-20,Bledsoe,1579,13,1514,6,65,7,1606,5,12355,15,13961,20,0,9,-4,83,17,1487,0,28,9
12-30-20,Blount,10532,100,9531,49,1001,51,10543,49,56544,135,67087,184,1,97,-51,1432,150,9003,0,252,116
12-30-20,Bradley,9114,108,8091,79,1023,29,9242,72,48139,145,57381,217,3,72,-37,969,142,8073,3,391,87
12-30-20,Campbell,2780,55,1845,18,935,37,2061,17,21694,61,23755,78,0,36,0,418,55,2326,0,93,40
12-30-20,Cannon,1364,9,1188,5,176,4,1334,5,7342,9,8676,14,4,15,-9,121,14,1228,0,22,18
12-30-20,Carroll,2714,24,1936,9,778,15,2295,8,16834,52,19129,60,1,52,-9,277,32,2385,1,67,57
12-30-20,Carter,4621,62,4118,55,503,7,4500,62,28983,64,33483,126,2,86,-24,552,84,3983,0,193,96
12-30-20,Cheatham,2864,46,2435,26,429,20,2774,30,20657,155,23431,185,0,24,10,354,36,2486,0,67,26
12-30-20,Chester,1505,17,1132,12,373,5,1369,11,8923,76,10292,87,0,31,-7,145,24,1329,0,31,34
12-30-20,Claiborne,1676,22,1250,14,426,8,1328,14,17914,146,19242,160,0,18,-1,244,23,1414,1,52,23
12-30-20,Clay,874,5,629,3,245,2,712,3,4672,13,5384,16,0,23,-2,79,7,772,0,19,26
12-30-20,Cocke,2837,15,2199,7,638,8,2423,7,16275,29,18698,36,1,40,-38,387,52,2410,0,86,61
12-30-20,Coffee,4904,85,3730,31,1174,54,4588,32,36066,142,40654,174,0,65,24,558,61,4281,1,86,79
12-30-20,Crockett,1659,19,1061,10,598,9,1242,10,6062,10,7304,20,0,29,-3,168,22,1462,0,29,38
12-30-20,Cumberland,4432,52,3946,34,486,18,4538,33,39811,96,44349,129,0,51,8,616,44,3765,0,119,67
12-30-20,Davidson,62065,717,60054,614,2011,103,73222,747,690184,2826,763406,3573,8,564,101,5696,608,55805,2,1682,610
12-30-20,Decatur,1327,11,1035,5,292,6,1243,5,9879,12,11122,17,2,20,-17,109,26,1198,0,32,23
12-30-20,Dekalb,2058,14,1606,6,452,8,1876,6,14043,20,15919,26,1,32,-12,201,25,1825,0,45,36
12-30-20,Dickson,4602,32,3601,21,1001,11,4309,28,27344,55,31653,83,0,59,-30,361,62,4182,1,95,71
12-30-20,Dyer,4273,34,3036,15,1237,19,3430,16,18446,31,21876,47,0,70,4,338,30,3865,1,95,74
12-30-20,Fayette,3397,28,3115,23,282,5,3858,25,28497,89,32355,114,1,48,-18,372,45,2977,0,107,48
12-30-20,Fentress,1896,10,1679,9,217,1,1926,9,9139,19,11065,28,1,29,-23,193,32,1674,0,51,33
12-30-20,Franklin,3538,43,3153,21,385,22,3715,20,26736,117,30451,137,0,48,-11,378,54,3112,1,84,54
12-30-20,Gibson,5011,64,3183,25,1828,39,3894,23,24298,42,28192,65,2,90,-4,555,66,4366,0,90,103
12-30-20,Giles,2664,59,2390,40,274,19,2729,40,18052,66,20781,106,0,60,-9,434,68,2170,3,96,65
12-30-20,Grainger,1767,10,1427,4,340,6,1602,5,11055,26,12657,31,0,25,-17,206,27,1536,0,54,33
12-30-20,Greene,5515,52,4572,26,943,26,5134,24,34048,81,39182,105,1,92,-37,726,88,4697,1,154,102
12-30-20,Grundy,1207,14,1059,6,148,8,1234,7,6003,20,7237,27,0,18,3,117,11,1072,0,47,19
12-30-20,Hamblen,5817,88,4737,53,1080,35,5319,52,37810,96,43129,148,3,83,-8,718,93,5016,2,201,105
12-30-20,Hamilton,28304,442,25493,292,2811,150,28695,315,242243,907,270938,1222,0,264,99,2423,343,25617,11,833,305
12-30-20,Hancock,331,3,261,1,70,2,281,1,3087,0,3368,1,0,5,-4,35,7,291,0,15,7
12-30-20,Hardeman,2831,18,2431,6,400,12,2867,4,20907,29,23774,33,0,41,-6,182,24,2608,0,90,47
12-30-20,Hardin,2678,36,1942,21,736,15,2332,21,19145,93,21477,114,0,35,5,299,31,2344,1,49,40
12-30-20,Hawkins,3618,50,3150,37,468,13,3411,34,23846,154,27257,188,1,56,0,495,49,3067,0,113,64
12-30-20,Haywood,2197,12,1897,7,300,5,2154,7,11299,62,13453,69,0,36,-8,138,20,2023,0,62,41
12-30-20,Henderson,2964,45,2156,19,808,26,2757,19,14016,20,16773,39,0,44,15,340,30,2580,1,67,48
12-30-20,Henry,2320,13,1920,7,400,6,2223,10,15261,22,17484,32,0,36,0,167,13,2117,0,64,50
12-30-20,Hickman,2012,23,1762,15,250,8,2055,16,12820,25,14875,41,0,26,-2,239,25,1747,1,44,28
12-30-20,Houston,804,4,639,1,165,3,730,2,6881,7,7611,9,0,22,-4,35,8,747,0,38,24
12-30-20,Humphreys,1175,6,847,1,328,5,991,1,9378,18,10369,19,0,12,-8,83,14,1080,0,24,14
12-30-20,Jackson,1017,10,815,6,202,4,959,6,4433,6,5392,12,0,19,5,82,5,916,0,30,22
12-30-20,Jefferson,3903,41,2987,21,916,20,3388,19,28960,96,32348,115,2,60,-28,550,67,3293,2,136,65
12-30-20,Johnson,1765,7,1656,6,109,1,1765,7,11340,15,13105,22,0,28,-4,84,11,1653,1,49,27
12-30-20,Knox,33066,363,29855,248,3211,115,32677,267,243442,936,276119,1203,6,285,-150,3873,507,28908,9,934,334
12-30-20,Lake,1403,11,1262,9,141,2,1499,10,8516,11,10015,21,0,13,7,51,4,1339,0,17,14
12-30-20,Lauderdale,2586,11,2068,5,518,6,2375,5,17294,30,19669,35,0,28,-2,158,13,2400,0,75,30
12-30-20,Lawrence,4365,52,3578,36,787,16,3952,33,22640,76,26592,109,0,57,-24,481,76,3827,2,118,64
12-30-20,Lewis,1152,5,1004,3,148,2,1081,3,8512,10,9593,13,0,19,-6,85,11,1048,0,33,20
12-30-20,Lincoln,3228,23,2573,8,655,15,2921,9,13917,41,16838,50,0,32,-13,395,36,2801,0,63,38
12-30-20,Loudon,4119,61,3562,29,557,32,3884,28,25010,79,28894,107,0,36,-19,582,80,3501,1,92,45
12-30-20,Macon,2672,23,2243,12,429,11,2657,13,12505,26,15162,39,3,44,-13,218,33,2410,0,105,51
12-30-20,Madison,8076,96,4635,38,3441,58,5792,39,44415,109,50207,148,0,151,3,268,93,7657,1,292,176
12-30-20,Marion,2032,30,1833,18,199,12,2087,18,13366,41,15453,59,0,25,9,234,21,1773,1,87,31
12-30-20,Marshall,2818,27,2536,11,282,16,2869,11,18798,36,21667,47,0,30,-7,342,34,2446,1,60,29
12-30-20,Maury,9169,70,8682,58,487,12,9618,63,57012,155,66630,218,0,104,-39,895,109,8170,2,221,111
12-30-20,McMinn,4391,42,4082,36,309,6,4516,36,31669,63,36185,99,2,65,-20,483,60,3843,1,115,68
12-30-20,McNairy,2025,17,1495,10,530,7,1889,10,13493,146,15382,156,0,38,-7,192,24,1795,0,53,40
12-30-20,Meigs,938,14,886,14,52,0,991,13,5897,19,6888,32,0,15,-6,114,20,809,0,31,16
12-30-20,Monroe,3898,56,3387,42,511,14,3777,44,21025,87,24802,131,0,54,-6,575,62,3269,0,120,64
12-30-20,Montgomery,11570,202,9499,75,2071,127,10516,82,82946,268,93462,350,1,124,33,1034,168,10412,2,229,140
12-30-20,Moore,736,23,589,17,147,6,672,17,3953,19,4625,36,0,6,16,104,7,626,0,10,9
12-30-20,Morgan,1625,26,1301,17,324,9,1407,19,12655,25,14062,44,0,11,-9,230,35,1384,1,24,16
12-30-20,Obion,3701,39,2799,32,902,7,3181,34,17623,81,20804,115,0,71,11,298,28,3332,0,87,76
12-30-20,Out of State,11942,188,9760,148,2182,40,10879,162,486814,1217,497693,1379,-1,62,36,1515,153,10365,0,154,55
12-30-20,Overton,2241,27,1824,20,417,7,2153,20,12079,26,14232,46,0,41,-8,238,35,1962,0,53,47
12-30-20,Pending,9972,245,7285,106,2687,139,8084,122,309515,1034,317599,1156,4,85,53,1824,188,8063,1,99,78
12-30-20,Perry,858,5,772,5,86,0,856,3,5299,13,6155,16,0,23,-10,67,15,768,0,26,24
12-30-20,Pickett,571,3,382,3,189,0,463,3,2680,4,3143,7,0,17,-5,59,8,495,0,26,19
12-30-20,Polk,1163,19,1085,16,78,3,1219,12,6856,11,8075,23,0,16,0,152,19,995,0,43,17
12-30-20,Putnam,8447,96,7212,53,1235,43,8701,57,56128,101,64829,158,0,119,16,777,80,7551,0,175,136
12-30-20,Rhea,3090,38,2818,23,272,15,3176,25,20279,49,23455,74,2,48,-9,389,45,2653,0,69,51
12-30-20,Roane,4254,49,3655,26,599,23,4053,23,33927,50,37980,73,1,54,-38,505,86,3695,0,104,64
12-30-20,Robertson,6640,85,5790,43,850,42,6559,46,33613,142,40172,188,0,73,-5,771,90,5796,0,322,79
12-30-20,Rutherford,28549,300,26255,178,2294,122,30822,193,173981,565,204803,758,3,241,-38,2571,335,25737,2,465,263
12-30-20,Scott,2204,33,1391,26,813,7,1475,28,9280,35,10755,63,1,22,-7,286,39,1896,1,52,30
12-30-20,Sequatchie,1100,11,954,5,146,6,1034,6,9801,16,10835,22,5,16,-11,142,17,942,0,26,18
12-30-20,Sevier,8859,95,8185,82,674,13,8964,83,50271,130,59235,213,3,70,-111,995,203,7794,0,211,90
12-30-20,Shelby,67011,638,64015,570,2996,68,78887,676,683590,3094,762477,3770,14,889,22,5522,602,60600,10,2922,1092
12-30-20,Smith,2047,6,1715,2,332,4,2152,2,10479,37,12631,39,1,24,-15,140,20,1883,1,52,26
12-30-20,Stewart,886,10,719,1,167,9,816,3,5398,10,6214,13,0,20,0,81,10,785,0,20,20
12-30-20,Sullivan,10888,214,9734,209,1154,5,10519,218,64723,483,75242,701,2,177,86,1098,126,9613,3,584,197
12-30-20,Sumner,16052,228,15226,179,826,49,17267,195,91810,301,109077,496,2,203,47,1596,179,14253,1,617,224
12-30-20,Tipton,5390,38,4073,11,1317,27,4938,13,36896,115,41834,128,1,53,-22,533,59,4804,0,128,62
12-30-20,Trousdale,2169,2,2099,2,70,0,2239,2,7486,20,9725,22,0,12,-10,78,12,2079,0,34,14
12-30-20,Unicoi,1418,11,1175,5,243,6,1297,3,10730,15,12027,18,1,40,-5,178,15,1200,0,55,40
12-30-20,Union,1264,14,1112,10,152,4,1208,9,8397,13,9605,22,0,14,-6,106,20,1144,1,41,18
12-30-20,Van Buren,593,3,523,2,70,1,583,2,4250,2,4833,4,0,6,0,41,3,546,0,12,7
12-30-20,Warren,4317,31,3807,28,510,3,4305,29,25993,115,30298,144,3,41,-71,492,99,3784,0,71,51
12-30-20,Washington,9983,101,8877,90,1106,11,9803,98,62095,210,71898,308,2,164,-25,1067,124,8752,0,280,180
12-30-20,Wayne,2427,11,2103,3,324,8,2301,3,9454,38,11755,41,0,17,0,146,11,2264,0,42,18
12-30-20,Weakley,3108,25,2455,12,653,13,2812,15,17690,25,20502,40,0,43,-11,255,36,2810,0,53,46
12-30-20,White,2700,24,2298,19,402,5,2847,20,18655,55,21502,75,1,39,-4,227,27,2434,1,90,41
12-30-20,Williamson,17884,239,16351,142,1533,97,18340,151,136887,466,155227,617,1,122,-2,2020,240,15742,1,235,139
12-30-20,Wilson,12397,107,11641,80,756,27,13335,90,76180,308,89515,398,2,125,-75,1276,180,10996,3,256,139
12-29-20,Anderson,5670,96,4789,52,881,44,5350,47,49295,95,54645,142,2,60,-35,838,129,4772,5,154,84
12-29-20,Bedford,4471,39,3826,9,645,30,4435,10,24408,42,28843,52,1,60,-13,427,51,3984,0,102,66
12-29-20,Benton,1197,10,1045,4,152,6,1163,5,7494,11,8657,16,0,30,2,97,8,1070,0,30,35
12-29-20,Bledsoe,1566,7,1508,5,58,2,1601,6,12340,13,13941,19,0,9,-14,87,21,1470,0,28,9
12-29-20,Blount,10432,146,9482,109,950,37,10494,116,56409,178,66903,294,2,96,-47,1483,191,8853,3,252,114
12-29-20,Bradley,9006,166,8012,109,994,57,9170,126,47994,208,57164,334,4,69,1,1006,161,7931,6,388,84
12-29-20,Campbell,2725,83,1827,12,898,71,2044,11,21633,33,23677,44,1,36,50,418,32,2271,0,93,40
12-29-20,Cannon,1355,13,1183,2,172,11,1329,3,7333,17,8662,20,0,11,-5,130,18,1214,0,22,18
12-29-20,Carroll,2690,40,1927,5,763,35,2287,5,16782,28,19069,33,1,51,4,286,35,2353,0,66,57
12-29-20,Carter,4559,55,4063,26,496,29,4438,21,28919,62,33357,83,2,84,-15,576,68,3899,1,193,95
12-29-20,Cheatham,2818,50,2409,21,409,29,2744,24,20502,121,23246,145,1,24,3,344,46,2450,0,67,26
12-29-20,Chester,1488,18,1120,4,368,14,1358,3,8847,13,10205,16,3,31,5,152,10,1305,0,31,34
12-29-20,Claiborne,1654,35,1236,18,418,17,1314,11,17768,31,19082,42,0,18,2,245,33,1391,1,51,22
12-29-20,Clay,869,13,626,2,243,11,709,2,4659,28,5368,30,0,23,4,81,9,765,0,19,26
12-29-20,Cocke,2822,59,2192,14,630,45,2416,12,16246,55,18662,67,0,39,4,425,55,2358,0,86,58
12-29-20,Coffee,4819,52,3699,21,1120,31,4556,36,35924,111,40480,147,-1,65,-35,534,88,4220,0,85,77
12-29-20,Crockett,1640,26,1051,6,589,20,1232,7,6052,14,7284,21,0,29,10,171,16,1440,0,29,37
12-29-20,Cumberland,4380,63,3912,32,468,31,4505,32,39715,45,44220,77,0,51,-20,608,83,3721,3,119,65
12-29-20,Davidson,61348,965,59440,878,1908,87,72475,1029,687358,3186,759833,4215,7,556,268,5595,690,55197,10,1680,606
12-29-20,Decatur,1316,5,1030,3,286,2,1238,3,9867,12,11105,15,0,18,-21,126,26,1172,0,32,22
12-29-20,Dekalb,2044,26,1600,3,444,23,1870,1,14023,22,15893,23,0,31,-7,213,33,1800,0,45,36
12-29-20,Dickson,4570,69,3580,37,990,32,4281,37,27289,136,31570,173,1,59,13,391,55,4120,1,94,70
12-29-20,Dyer,4239,60,3021,15,1218,45,3414,16,18415,28,21829,44,2,70,26,334,32,3835,1,94,74
12-29-20,Fayette,3369,53,3092,21,277,32,3833,23,28408,93,32241,116,0,47,-3,390,56,2932,1,107,48
12-29-20,Fentress,1886,23,1670,20,216,3,1917,20,9120,41,11037,61,1,28,-9,216,31,1642,1,51,32
12-29-20,Franklin,3495,30,3132,11,363,19,3695,16,26619,40,30314,56,2,48,-29,389,57,3058,0,83,53
12-29-20,Gibson,4947,79,3158,13,1789,66,3871,13,24256,65,28127,78,1,88,33,559,45,4300,0,90,102
12-29-20,Giles,2605,14,2350,12,255,2,2689,11,17986,38,20675,49,0,60,-21,443,35,2102,1,93,65
12-29-20,Grainger,1757,20,1423,10,334,10,1597,9,11029,22,12626,31,1,25,-8,223,27,1509,1,54,33
12-29-20,Greene,5463,51,4546,18,917,33,5110,15,33967,37,39077,52,1,91,-50,763,100,4609,0,153,102
12-29-20,Grundy,1193,6,1053,1,140,5,1227,4,5983,4,7210,8,2,18,-10,114,14,1061,0,47,19
12-29-20,Hamblen,5729,71,4684,15,1045,56,5267,14,37714,68,42981,82,1,80,-7,726,77,4923,3,199,103
12-29-20,Hamilton,27862,559,25201,469,2661,90,28380,501,241336,1207,269716,1708,6,264,126,2324,427,25274,7,822,302
12-29-20,Hancock,328,4,260,1,68,3,280,0,3087,1,3367,1,1,5,-3,39,6,284,0,15,7
12-29-20,Hardeman,2813,25,2425,6,388,19,2863,8,20878,53,23741,61,0,41,2,188,23,2584,0,90,47
12-29-20,Hardin,2642,60,1921,18,721,42,2311,20,19052,35,21363,55,1,35,28,294,31,2313,0,48,40
12-29-20,Hawkins,3568,40,3113,8,455,32,3377,8,23692,34,27069,42,1,55,-29,495,68,3018,0,113,62
12-29-20,Haywood,2185,17,1890,10,295,7,2147,12,11237,23,13384,35,0,36,-6,146,23,2003,0,62,40
12-29-20,Henderson,2919,33,2137,9,782,24,2738,10,13996,27,16734,37,3,44,-2,325,32,2550,1,66,47
12-29-20,Henry,2307,30,1913,6,394,24,2213,7,15239,22,17452,29,2,36,2,167,26,2104,0,64,48
12-29-20,Hickman,1989,38,1747,19,242,19,2039,19,12795,50,14834,69,0,26,1,241,37,1722,0,43,28
12-29-20,Houston,800,5,638,4,162,1,728,4,6874,33,7602,37,0,22,0,39,5,739,0,38,24
12-29-20,Humphreys,1169,21,846,6,323,15,990,7,9360,22,10350,29,0,12,3,91,18,1066,0,24,14
12-29-20,Jackson,1007,4,809,3,198,1,953,3,4427,8,5380,11,0,19,-4,77,8,911,0,30,21
12-29-20,Jefferson,3862,61,2966,26,896,35,3369,17,28864,42,32233,59,1,58,4,578,56,3226,1,134,65
12-29-20,Johnson,1758,4,1650,0,108,4,1758,0,11325,7,13083,7,0,28,-5,88,9,1642,0,48,27
12-29-20,Knox,32703,595,29607,400,3096,195,32410,406,242506,1069,274916,1475,7,279,116,4023,472,28401,14,925,330
12-29-20,Lake,1392,6,1253,5,139,1,1489,5,8505,4,9994,9,1,13,-4,44,9,1335,1,17,14
12-29-20,Lauderdale,2575,37,2063,11,512,26,2370,12,17264,29,19634,41,0,28,21,160,16,2387,0,75,29
12-29-20,Lawrence,4313,54,3542,15,771,39,3919,17,22564,60,26483,77,0,57,0,505,54,3751,1,116,62
12-29-20,Lewis,1147,13,1001,3,146,10,1078,2,8502,12,9580,14,0,19,3,91,10,1037,0,33,20
12-29-20,Lincoln,3205,37,2565,11,640,26,2912,10,13876,30,16788,40,1,32,-24,408,60,2765,0,63,36
12-29-20,Loudon,4058,60,3533,31,525,29,3856,34,24931,67,28787,101,1,36,-4,601,63,3421,0,91,43
12-29-20,Macon,2649,55,2231,14,418,41,2644,9,12479,26,15123,35,0,41,22,231,33,2377,1,105,48
12-29-20,Madison,7980,119,4597,51,3383,68,5753,50,44306,174,50059,224,0,151,13,265,106,7564,0,291,172
12-29-20,Marion,2002,34,1815,25,187,9,2069,25,13325,36,15394,61,0,25,4,225,30,1752,0,86,31
12-29-20,Marshall,2791,35,2525,7,266,28,2858,7,18762,73,21620,80,2,30,-15,349,48,2412,0,59,29
12-29-20,Maury,9099,96,8624,60,475,36,9555,54,56857,161,66412,215,2,104,-35,934,129,8061,3,219,111
12-29-20,McMinn,4349,32,4046,21,303,11,4480,21,31606,57,36086,78,2,63,-19,503,49,3783,0,114,68
12-29-20,McNairy,2008,35,1485,15,523,20,1879,15,13347,71,15226,86,1,38,1,199,33,1771,0,53,40
12-29-20,Meigs,924,11,872,8,52,3,978,9,5878,12,6856,21,0,15,-6,120,17,789,0,31,16
12-29-20,Monroe,3842,83,3345,32,497,51,3733,29,20938,75,24671,104,1,54,17,581,65,3207,1,120,64
12-29-20,Montgomery,11368,160,9424,71,1944,89,10434,71,82678,247,93112,318,2,123,-77,1001,235,10244,3,227,139
12-29-20,Moore,713,6,572,0,141,6,655,2,3934,8,4589,10,0,6,-2,88,8,619,0,10,9
12-29-20,Morgan,1599,36,1284,15,315,21,1388,13,12630,17,14018,30,0,11,0,239,36,1349,0,23,16
12-29-20,Obion,3662,58,2767,22,895,36,3147,23,17542,54,20689,77,3,71,22,287,33,3304,0,87,76
12-29-20,Out of State,11754,199,9612,133,2142,66,10717,146,485597,1543,496314,1689,-1,63,-6,1479,206,10212,0,154,55
12-29-20,Overton,2214,41,1804,11,410,30,2133,13,12053,23,14186,36,0,41,20,246,21,1927,0,53,46
12-29-20,Pending,9727,338,7179,143,2548,195,7962,143,308481,1130,316443,1273,1,81,121,1771,216,7875,4,98,78
12-29-20,Perry,853,8,767,6,86,2,853,6,5286,6,6139,12,0,23,-4,77,12,753,0,26,24
12-29-20,Pickett,568,15,379,14,189,1,460,14,2676,16,3136,30,0,17,8,64,7,487,0,26,19
12-29-20,Polk,1144,28,1069,21,75,7,1207,26,6845,13,8052,39,0,16,11,152,17,976,0,43,16
12-29-20,Putnam,8351,57,7159,32,1192,25,8644,33,56027,53,64671,86,1,119,-41,761,97,7471,1,175,136
12-29-20,Rhea,3052,42,2795,25,257,17,3151,26,20230,33,23381,59,0,46,-10,398,52,2608,0,69,51
12-29-20,Roane,4205,74,3629,31,576,43,4030,31,33877,58,37907,89,4,53,15,543,55,3609,2,104,63
12-29-20,Robertson,6555,112,5747,62,808,50,6513,60,33471,103,39984,163,0,73,20,776,92,5706,7,322,79
12-29-20,Rutherford,28249,300,26077,219,2172,81,30629,251,173416,583,204045,834,3,238,-114,2609,411,25402,4,463,261
12-29-20,Scott,2171,25,1365,2,806,23,1447,2,9245,18,10692,20,1,21,-18,293,42,1857,1,51,28
12-29-20,Sequatchie,1089,11,949,3,140,8,1028,3,9785,20,10813,23,1,11,-7,153,17,925,0,26,18
12-29-20,Sevier,8764,107,8103,68,661,39,8881,64,50141,147,59022,211,3,67,-76,1106,180,7591,2,211,88
12-29-20,Shelby,66373,703,63445,603,2928,100,78211,687,680496,3878,758707,4565,16,875,90,5500,597,59998,7,2912,1077
12-29-20,Smith,2041,8,1713,6,328,2,2150,8,10442,10,12592,18,0,23,-22,155,30,1863,0,51,25
12-29-20,Stewart,876,14,718,5,158,9,813,5,5388,15,6201,20,0,20,-5,81,19,775,0,20,20
12-29-20,Sullivan,10674,114,9525,72,1149,42,10301,73,64240,191,74541,264,3,175,-34,1012,145,9487,8,581,195
12-29-20,Sumner,15824,196,15047,154,777,42,17072,168,91509,324,108581,492,2,201,-30,1549,224,14074,2,616,224
12-29-20,Tipton,5352,82,4062,26,1290,56,4925,28,36781,112,41706,140,0,52,21,555,61,4745,2,128,61
12-29-20,Trousdale,2167,13,2097,8,70,5,2237,8,7466,8,9703,16,0,12,2,88,11,2067,1,34,14
12-29-20,Unicoi,1407,17,1170,2,237,15,1294,4,10715,7,12009,11,0,39,-2,183,19,1185,0,55,40
12-29-20,Union,1250,10,1102,6,148,4,1199,8,8384,16,9583,24,0,14,-16,112,26,1124,0,40,18
12-29-20,Van Buren,590,3,521,3,69,0,581,1,4248,4,4829,5,0,6,-3,41,6,543,0,12,7
12-29-20,Warren,4286,49,3779,21,507,28,4276,23,25878,74,30154,97,4,38,-41,563,86,3685,0,71,49
12-29-20,Washington,9882,111,8787,43,1095,68,9705,34,61885,109,71590,143,5,162,-42,1092,148,8628,2,280,179
12-29-20,Wayne,2416,26,2100,8,316,18,2298,7,9416,21,11714,28,1,17,16,146,9,2253,0,42,18
12-29-20,Weakley,3083,30,2443,6,640,24,2797,6,17665,37,20462,43,1,43,-1,266,30,2774,0,53,46
12-29-20,White,2676,20,2279,6,397,14,2827,2,18600,18,21427,20,1,38,-14,231,33,2407,0,89,41
12-29-20,Williamson,17645,267,16209,185,1436,82,18189,194,136421,426,154610,620,2,121,12,2022,253,15502,0,234,134
12-29-20,Wilson,12290,150,11561,116,729,34,13245,128,75872,273,89117,401,1,123,-16,1351,165,10816,1,253,137
12-28-20,Anderson,5574,48,4737,22,837,26,5303,21,49200,69,54503,90,2,58,-86,873,132,4643,4,149,81
12-28-20,Bedford,4432,12,3817,5,615,7,4425,5,24366,19,28791,24,0,59,-28,440,40,3933,3,102,66
12-28-20,Benton,1187,1,1041,0,146,1,1158,0,7483,0,8641,0,1,30,-19,95,19,1062,0,30,35
12-28-20,Bledsoe,1559,4,1503,4,56,0,1595,3,12327,2,13922,5,0,9,-9,101,13,1449,0,28,9
12-28-20,Blount,10286,131,9373,118,913,13,10378,127,56231,148,66609,275,0,94,-117,1530,248,8662,1,249,113
12-28-20,Bradley,8840,83,7903,60,937,23,9044,65,47786,84,56830,149,0,65,-120,1005,203,7770,1,382,82
12-28-20,Campbell,2642,21,1815,1,827,20,2033,0,21600,9,23633,9,1,35,-53,368,73,2239,0,93,40
12-28-20,Cannon,1342,3,1181,2,161,1,1326,2,7316,7,8642,9,0,11,-35,135,38,1196,0,22,18
12-28-20,Carroll,2650,11,1922,8,728,3,2282,9,16754,5,19036,14,1,50,-31,282,41,2318,0,66,57
12-28-20,Carter,4504,39,4037,22,467,17,4417,24,28857,14,33274,38,1,82,-28,591,66,3831,1,192,93
12-28-20,Cheatham,2768,15,2388,12,380,3,2720,13,20381,27,23101,40,0,23,-50,341,65,2404,2,67,26
12-28-20,Chester,1470,2,1116,2,354,0,1355,3,8834,3,10189,6,0,28,-16,147,18,1295,0,31,33
12-28-20,Claiborne,1619,6,1218,3,401,3,1303,1,17737,28,19040,29,0,18,-23,243,29,1358,0,50,21
12-28-20,Clay,856,1,624,0,232,1,707,0,4631,0,5338,0,0,23,-39,77,40,756,0,19,26
12-28-20,Cocke,2763,25,2178,11,585,14,2404,10,16191,22,18595,32,0,39,-42,421,67,2303,1,86,58
12-28-20,Coffee,4767,20,3678,10,1089,10,4520,9,35813,19,40333,28,1,66,-81,569,100,4132,0,85,77
12-28-20,Crockett,1614,13,1045,5,569,8,1225,5,6038,2,7263,7,0,29,-15,161,28,1424,0,29,37
12-28-20,Cumberland,4317,24,3880,13,437,11,4473,11,39670,15,44143,26,2,51,-123,628,145,3638,1,116,64
12-28-20,Davidson,60383,431,58562,394,1821,37,71446,431,684172,1381,755618,1812,8,549,-401,5327,824,54507,2,1670,597
12-28-20,Decatur,1311,2,1027,2,284,0,1235,1,9855,1,11090,2,0,18,-26,147,28,1146,0,32,21
12-28-20,Dekalb,2018,15,1597,12,421,3,1869,13,14001,5,15870,18,1,31,-31,220,45,1767,0,45,34
12-28-20,Dickson,4501,13,3543,11,958,2,4244,11,27153,24,31397,35,0,58,-80,378,93,4065,0,93,70
12-28-20,Dyer,4179,19,3006,4,1173,15,3398,4,18387,8,21785,12,1,68,-27,308,45,3803,0,93,74
12-28-20,Fayette,3316,13,3071,7,245,6,3810,9,28315,32,32125,41,2,47,-40,393,51,2876,0,106,48
12-28-20,Fentress,1863,5,1650,2,213,3,1897,3,9079,2,10976,5,0,27,-45,225,50,1611,0,50,32
12-28-20,Franklin,3465,17,3121,13,344,4,3679,23,26579,53,30258,76,0,46,-62,418,79,3001,0,83,53
12-28-20,Gibson,4868,25,3145,11,1723,14,3858,12,24191,13,28049,25,0,87,-43,526,68,4255,0,90,101
12-28-20,Giles,2591,15,2338,7,253,8,2678,8,17948,24,20626,32,0,60,-63,464,78,2067,0,92,65
12-28-20,Grainger,1737,7,1413,3,324,4,1588,3,11007,12,12595,15,1,24,-35,231,41,1482,0,53,32
12-28-20,Greene,5412,36,4528,26,884,10,5095,29,33930,22,39025,51,2,90,-108,813,142,4509,0,153,101
12-28-20,Grundy,1187,6,1052,6,135,0,1223,9,5979,14,7202,23,0,16,-18,124,24,1047,0,47,18
12-28-20,Hamblen,5658,33,4669,13,989,20,5253,16,37646,19,42899,35,1,79,-78,733,110,4846,2,196,102
12-28-20,Hamilton,27303,255,24732,228,2571,27,27879,255,240129,370,268008,625,0,258,-237,2198,492,24847,4,815,296
12-28-20,Hancock,324,2,259,0,65,2,280,0,3086,1,3366,1,0,4,-9,42,11,278,1,15,7
12-28-20,Hardeman,2788,2,2419,2,369,0,2855,2,20825,8,23680,10,0,41,-17,186,19,2561,0,90,46
12-28-20,Hardin,2582,10,1903,3,679,7,2291,3,19017,6,21308,9,0,34,-41,266,51,2282,1,48,39
12-28-20,Hawkins,3528,35,3105,13,423,22,3369,12,23658,57,27027,69,1,54,-51,524,85,2950,0,113,62
12-28-20,Haywood,2168,8,1880,5,288,3,2135,7,11214,6,13349,13,1,36,-21,152,28,1980,0,62,39
12-28-20,Henderson,2886,13,2128,9,758,4,2728,10,13969,3,16697,13,0,41,-36,327,49,2518,1,65,47
12-28-20,Henry,2277,7,1907,2,370,5,2206,5,15217,10,17423,15,1,34,-28,165,34,2078,0,64,47
12-28-20,Hickman,1951,4,1728,2,223,2,2020,3,12745,10,14765,13,0,26,-42,240,46,1685,0,43,27
12-28-20,Houston,795,1,634,1,161,0,724,2,6841,2,7565,4,1,22,-9,39,9,734,0,38,24
12-28-20,Humphreys,1148,4,840,2,308,2,983,2,9338,10,10321,12,0,12,-21,88,25,1048,0,24,14
12-28-20,Jackson,1003,0,806,0,197,0,950,0,4419,2,5369,2,1,19,-18,81,17,903,0,30,21
12-28-20,Jefferson,3801,31,2940,15,861,16,3352,16,28822,25,32174,41,0,57,-33,574,64,3170,1,133,65
12-28-20,Johnson,1754,3,1650,2,104,1,1758,2,11318,7,13076,9,0,28,-19,93,22,1633,0,48,27
12-28-20,Knox,32108,249,29207,171,2901,78,32004,184,241437,566,273441,750,4,272,-333,3907,578,27929,4,911,322
12-28-20,Lake,1386,3,1248,3,138,0,1484,4,8501,2,9985,6,0,12,-6,48,9,1326,0,16,14
12-28-20,Lauderdale,2538,6,2052,1,486,5,2358,1,17235,9,19593,10,0,28,-26,139,32,2371,1,75,27
12-28-20,Lawrence,4259,6,3527,5,732,1,3902,5,22504,24,26406,29,0,57,-48,505,54,3697,0,115,62
12-28-20,Lewis,1134,1,998,1,136,0,1076,1,8490,7,9566,8,0,19,-15,88,16,1027,0,33,20
12-28-20,Lincoln,3168,28,2554,6,614,22,2902,5,13846,5,16748,10,0,31,-46,432,74,2705,2,63,34
12-28-20,Loudon,3998,19,3502,11,496,8,3822,12,24864,50,28686,62,0,35,-99,605,118,3358,0,91,43
12-28-20,Macon,2594,23,2217,8,377,15,2635,11,12453,6,15088,17,0,41,-37,209,60,2344,0,104,48
12-28-20,Madison,7861,37,4546,15,3315,22,5703,16,44132,27,49835,43,0,151,-69,252,106,7458,2,291,171
12-28-20,Marion,1968,13,1790,9,178,4,2044,10,13289,27,15333,37,0,25,-21,221,34,1722,0,86,29
12-28-20,Marshall,2756,12,2518,1,238,11,2851,1,18689,10,21540,11,0,28,-54,364,66,2364,1,59,29
12-28-20,Maury,9003,42,8564,33,439,9,9501,34,56696,63,66197,97,0,102,-79,969,121,7932,1,216,109
12-28-20,McMinn,4317,15,4025,13,292,2,4459,17,31549,48,36008,65,0,61,-56,522,71,3734,0,114,68
12-28-20,McNairy,1973,10,1470,6,503,4,1864,6,13276,29,15140,35,0,37,-36,198,46,1738,0,53,40
12-28-20,Meigs,913,3,864,3,49,0,969,4,5866,3,6835,7,1,15,-21,126,23,772,0,31,16
12-28-20,Monroe,3759,17,3313,9,446,8,3704,11,20863,21,24567,32,0,53,-77,564,94,3142,0,119,64
12-28-20,Montgomery,11208,37,9353,33,1855,4,10363,36,82431,103,92794,139,3,121,-169,1078,203,10009,2,224,137
12-28-20,Moore,707,1,572,0,135,1,653,0,3926,3,4579,3,0,6,-19,90,20,611,0,10,9
12-28-20,Morgan,1563,12,1269,3,294,9,1375,3,12613,2,13988,5,0,11,-34,239,46,1313,0,23,16
12-28-20,Obion,3604,13,2745,6,859,7,3124,5,17488,7,20612,12,1,68,-42,265,54,3271,1,87,76
12-28-20,Out of State,11555,70,9479,54,2076,16,10571,60,484054,649,494625,709,3,64,-180,1485,247,10006,1,154,54
12-28-20,Overton,2173,5,1793,1,380,4,2120,3,12030,6,14150,9,0,41,-47,226,52,1906,0,53,46
12-28-20,Pending,9389,98,7036,50,2353,48,7819,53,307351,405,315170,458,4,80,-190,1650,284,7659,0,94,76
12-28-20,Perry,845,4,761,2,84,2,847,2,5280,1,6127,3,0,23,-28,81,32,741,0,26,24
12-28-20,Pickett,553,4,365,0,188,4,446,0,2660,1,3106,1,0,17,-11,56,15,480,0,26,19
12-28-20,Polk,1116,12,1048,12,68,0,1181,14,6832,8,8013,22,0,16,-11,141,23,959,0,43,16
12-28-20,Putnam,8294,21,7127,9,1167,12,8611,9,55974,23,64585,32,3,118,-133,802,151,7374,0,174,135
12-28-20,Rhea,3010,15,2770,15,240,0,3125,14,20197,18,23322,32,0,46,-60,408,75,2556,1,69,50
12-28-20,Roane,4131,33,3598,16,533,17,3999,17,33819,33,37818,50,1,49,-73,528,105,3554,1,102,61
12-28-20,Robertson,6443,34,5685,12,758,22,6453,14,33368,39,39821,53,0,73,-108,756,142,5614,3,315,78
12-28-20,Rutherford,27949,156,25858,140,2091,16,30378,154,172833,357,203211,511,1,235,-328,2723,483,24991,0,459,260
12-28-20,Scott,2146,14,1363,4,783,10,1445,3,9227,8,10672,11,0,20,-32,311,46,1815,1,50,27
12-28-20,Sequatchie,1078,9,946,6,132,3,1025,7,9765,10,10790,17,0,10,-33,160,42,908,0,26,17
12-28-20,Sevier,8657,51,8035,37,622,14,8817,42,49994,106,58811,148,1,64,-174,1182,224,7411,1,209,86
12-28-20,Shelby,65670,325,62842,283,2828,42,77524,332,676618,1080,754142,1412,12,859,-466,5410,779,59401,12,2905,1065
12-28-20,Smith,2033,6,1707,3,326,3,2142,3,10432,12,12574,15,0,23,-42,177,48,1833,1,51,24
12-28-20,Stewart,862,4,713,2,149,2,808,1,5373,6,6181,7,1,20,-4,86,7,756,0,20,20
12-28-20,Sullivan,10560,73,9453,60,1107,13,10228,56,64049,30,74277,86,2,172,-110,1046,181,9342,7,573,192
12-28-20,Sumner,15628,165,14893,145,735,20,16904,146,91185,172,108089,318,1,199,-114,1579,278,13850,3,614,222
12-28-20,Tipton,5270,21,4036,14,1234,7,4897,13,36669,45,41566,58,0,52,-49,534,70,4684,4,126,61
12-28-20,Trousdale,2154,8,2089,7,65,1,2229,6,7458,4,9687,10,0,12,-4,86,12,2056,0,33,14
12-28-20,Unicoi,1390,9,1168,7,222,2,1290,5,10708,5,11998,10,1,39,-15,185,23,1166,0,55,40
12-28-20,Union,1240,5,1096,1,144,4,1191,2,8368,8,9559,10,2,14,-21,128,24,1098,0,40,18
12-28-20,Van Buren,587,0,518,0,69,0,580,0,4244,0,4824,0,0,6,-25,44,25,537,0,12,7
12-28-20,Warren,4237,13,3758,4,479,9,4253,2,25804,18,30057,20,1,34,-122,604,134,3599,0,71,49
12-28-20,Washington,9771,74,8744,51,1027,23,9671,49,61776,33,71447,82,2,157,-109,1134,181,8480,1,278,175
12-28-20,Wayne,2390,5,2092,2,298,3,2291,2,9395,1,11686,3,0,16,-21,130,26,2244,0,42,18
12-28-20,Weakley,3053,7,2437,2,616,5,2791,3,17628,8,20419,11,1,42,-41,267,47,2744,0,53,45
12-28-20,White,2656,3,2273,0,383,3,2825,0,18582,7,21407,7,0,37,-45,245,48,2374,0,89,41
12-28-20,Williamson,17378,160,16024,146,1354,14,17995,150,135995,302,153990,452,0,119,-65,2010,225,15249,1,234,133
12-28-20,Wilson,12140,123,11445,115,695,8,13117,122,75599,324,88716,446,1,122,-89,1367,211,10651,1,252,134
12-27-20,Anderson,5526,59,4715,37,811,22,5282,36,49131,141,54413,177,1,56,28,959,30,4511,5,145,75
12-27-20,Bedford,4420,13,3812,9,608,4,4420,11,24347,28,28767,39,2,59,-13,468,24,3893,2,99,66
12-27-20,Benton,1186,9,1041,2,145,7,1158,5,7483,8,8641,13,1,29,4,114,4,1043,0,30,34
12-27-20,Bledsoe,1555,3,1499,1,56,2,1592,3,12325,22,13917,25,0,9,-7,110,10,1436,0,28,9
12-27-20,Blount,10155,57,9255,40,900,17,10251,42,56083,140,66334,182,1,94,-31,1647,87,8414,2,248,112
12-27-20,Bradley,8757,47,7843,41,914,6,8979,44,47702,99,56681,143,1,65,-26,1125,72,7567,1,381,81
12-27-20,Campbell,2621,15,1814,8,807,7,2033,8,21591,47,23624,55,0,34,-4,421,19,2166,1,93,40
12-27-20,Cannon,1339,4,1179,2,160,2,1324,3,7309,7,8633,10,1,11,-2,170,5,1158,0,22,18
12-27-20,Carroll,2639,34,1914,4,725,30,2273,4,16749,23,19022,27,1,49,14,313,19,2277,1,66,57
12-27-20,Carter,4465,41,4015,38,450,3,4393,38,28843,55,33236,93,2,81,15,619,24,3765,0,191,93
12-27-20,Cheatham,2753,15,2376,9,377,6,2707,9,20354,70,23061,79,1,23,-12,391,26,2339,0,65,24
12-27-20,Chester,1468,12,1114,3,354,9,1352,4,8831,4,10183,8,0,28,1,163,11,1277,0,31,33
12-27-20,Claiborne,1613,9,1215,6,398,3,1302,5,17709,10,19011,15,0,18,0,266,9,1329,0,50,21
12-27-20,Clay,855,1,624,0,231,1,707,0,4631,2,5338,2,0,23,-4,116,5,716,0,19,26
12-27-20,Cocke,2738,33,2167,12,571,21,2394,14,16169,37,18563,51,0,39,20,463,13,2236,3,85,58
12-27-20,Coffee,4747,25,3668,13,1079,12,4511,14,35794,99,40305,113,1,65,8,650,16,4032,0,85,76
12-27-20,Crockett,1601,14,1040,1,561,13,1220,1,6036,10,7256,11,-1,29,4,176,11,1396,0,29,37
12-27-20,Cumberland,4293,17,3867,4,426,13,4462,4,39655,13,44117,17,1,49,-10,751,26,3493,1,115,62
12-27-20,Davidson,59952,221,58168,200,1784,21,71015,242,682791,1208,753806,1450,3,541,-93,5728,311,53683,2,1668,593
12-27-20,Decatur,1309,8,1025,3,284,5,1234,4,9854,12,11088,16,1,18,-4,173,11,1118,1,32,20
12-27-20,Dekalb,2003,4,1585,2,418,2,1856,3,13996,22,15852,25,0,30,-3,251,7,1722,0,45,34
12-27-20,Dickson,4488,20,3532,14,956,6,4233,17,27129,52,31362,69,1,58,-26,458,45,3972,0,93,69
12-27-20,Dyer,4160,21,3002,3,1158,18,3394,2,18379,9,21773,11,0,67,4,335,17,3758,0,93,74
12-27-20,Fayette,3303,14,3064,13,239,1,3801,22,28283,78,32084,100,0,45,2,433,12,2825,0,106,47
12-27-20,Fentress,1858,5,1648,1,210,4,1894,0,9077,3,10971,3,0,27,-3,270,8,1561,0,50,32
12-27-20,Franklin,3448,41,3108,31,340,10,3656,40,26526,88,30182,128,0,46,21,480,20,2922,0,83,53
12-27-20,Gibson,4843,35,3134,5,1709,30,3846,6,24178,36,28024,42,0,87,-3,569,38,4187,0,90,101
12-27-20,Giles,2576,20,2331,15,245,5,2670,17,17924,42,20594,59,0,60,4,527,16,1989,1,92,65
12-27-20,Grainger,1730,10,1410,3,320,7,1585,4,10995,21,12580,25,0,23,7,266,3,1441,0,53,32
12-27-20,Greene,5376,79,4502,54,874,25,5066,63,33908,244,38974,307,0,88,36,921,43,4367,0,153,100
12-27-20,Grundy,1181,8,1046,6,135,2,1214,6,5965,11,7179,17,1,16,7,142,0,1023,0,47,18
12-27-20,Hamblen,5625,37,4656,8,969,29,5237,9,37627,37,42864,46,0,78,14,811,23,4736,2,194,100
12-27-20,Hamilton,27048,213,24504,184,2544,29,27624,213,239759,750,267383,963,5,258,-124,2435,332,24355,5,811,294
12-27-20,Hancock,322,1,259,0,63,1,280,0,3085,1,3365,1,0,4,1,51,0,267,0,14,7
12-27-20,Hardeman,2786,6,2417,2,369,4,2853,4,20817,85,23670,89,0,41,0,203,6,2542,0,90,45
12-27-20,Hardin,2572,15,1900,10,672,5,2288,14,19011,33,21299,47,0,34,10,307,5,2231,0,47,39
12-27-20,Hawkins,3493,17,3092,12,401,5,3357,13,23601,32,26958,45,1,53,3,575,13,2865,0,113,59
12-27-20,Haywood,2160,5,1875,4,285,1,2128,4,11208,29,13336,33,0,35,-6,173,11,1952,0,62,38
12-27-20,Henderson,2873,23,2119,8,754,15,2718,8,13966,35,16684,43,0,41,-5,363,28,2469,1,64,47
12-27-20,Henry,2270,9,1905,6,365,3,2201,6,15207,24,17408,30,-1,33,-2,193,12,2044,0,64,45
12-27-20,Hickman,1947,15,1726,10,221,5,2017,11,12735,43,14752,54,0,26,4,282,11,1639,1,43,27
12-27-20,Houston,794,2,633,2,161,0,722,2,6839,3,7561,5,0,21,-7,48,9,725,0,38,24
12-27-20,Humphreys,1144,5,838,3,306,2,981,3,9328,13,10309,16,0,12,-5,109,10,1023,0,24,14
12-27-20,Jackson,1003,5,806,5,197,0,950,5,4417,6,5367,11,0,18,2,99,3,886,0,30,21
12-27-20,Jefferson,3770,31,2925,7,845,24,3336,10,28797,36,32133,46,1,57,12,607,18,3106,1,132,65
12-27-20,Johnson,1751,6,1648,6,103,0,1756,5,11311,16,13067,21,0,28,3,112,3,1611,0,48,27
12-27-20,Knox,31859,230,29036,156,2823,74,31820,189,240871,517,272691,706,3,268,-75,4240,302,27351,8,907,317
12-27-20,Lake,1383,5,1245,4,138,1,1480,4,8499,4,9979,8,0,12,3,54,2,1317,0,16,14
12-27-20,Lauderdale,2532,3,2051,1,481,2,2357,2,17226,20,19583,22,0,28,-3,165,6,2339,0,74,27
12-27-20,Lawrence,4253,26,3522,16,731,10,3897,20,22480,54,26377,74,2,57,0,553,24,3643,0,115,62
12-27-20,Lewis,1133,4,997,3,136,1,1075,3,8483,14,9558,17,0,19,3,103,1,1011,0,33,20
12-27-20,Lincoln,3140,10,2548,3,592,7,2897,4,13841,22,16738,26,0,31,-4,478,14,2631,0,61,34
12-27-20,Loudon,3979,32,3491,20,488,12,3810,25,24814,42,28624,67,5,35,-5,704,32,3240,1,91,42
12-27-20,Macon,2571,0,2209,0,362,0,2624,2,12447,7,15071,9,0,41,-17,246,17,2284,0,104,46
12-27-20,Madison,7824,67,4531,10,3293,57,5687,14,44105,130,49792,144,1,151,-36,321,102,7352,1,289,169
12-27-20,Marion,1955,15,1781,10,174,5,2034,10,13262,26,15296,36,0,25,5,242,10,1688,0,86,28
12-27-20,Marshall,2744,11,2517,5,227,6,2850,6,18679,30,21529,36,0,28,-1,418,12,2298,0,58,28
12-27-20,Maury,8961,51,8531,47,430,4,9467,54,56633,131,66100,185,2,102,0,1048,49,7811,0,215,108
12-27-20,McMinn,4302,36,4012,30,290,6,4442,36,31501,63,35943,99,0,61,-4,578,40,3663,0,114,67
12-27-20,McNairy,1963,19,1464,8,499,11,1858,9,13247,33,15105,42,0,37,10,234,9,1692,0,53,40
12-27-20,Meigs,910,8,861,4,49,4,965,4,5863,9,6828,13,0,14,0,147,8,749,0,31,16
12-27-20,Monroe,3742,18,3304,15,438,3,3693,18,20842,33,24535,51,1,53,-8,641,25,3048,0,119,64
12-27-20,Montgomery,11171,88,9320,62,1851,26,10327,83,82328,297,92655,380,2,118,-15,1247,101,9806,1,222,136
12-27-20,Moore,706,5,572,3,134,2,653,3,3923,10,4576,13,0,6,0,109,5,591,0,10,9
12-27-20,Morgan,1551,14,1266,5,285,9,1372,9,12611,17,13983,26,0,11,7,273,7,1267,2,23,16
12-27-20,Obion,3591,10,2739,5,852,5,3119,8,17481,18,20600,26,0,67,0,307,10,3217,0,86,75
12-27-20,Out of State,11485,127,9425,46,2060,81,10511,55,483405,683,493916,738,0,61,20,1665,107,9759,2,153,54
12-27-20,Overton,2168,6,1792,0,376,6,2117,0,12024,11,14141,11,0,41,-6,273,12,1854,0,53,46
12-27-20,Pending,9291,77,6986,31,2305,46,7766,40,306946,526,314712,566,4,76,-26,1840,99,7375,0,94,76
12-27-20,Perry,841,4,759,4,82,0,845,3,5279,6,6124,9,0,23,-1,109,5,709,0,26,24
12-27-20,Pickett,549,3,365,0,184,3,446,0,2659,0,3105,0,0,17,2,67,1,465,0,26,19
12-27-20,Polk,1104,10,1036,9,68,1,1167,10,6824,11,7991,21,0,16,-2,152,12,936,0,43,16
12-27-20,Putnam,8273,40,7118,16,1155,24,8602,18,55951,83,64553,101,1,115,15,935,24,7223,0,174,134
12-27-20,Rhea,2995,22,2755,18,240,4,3111,20,20179,45,23290,65,0,46,-4,468,26,2481,0,68,50
12-27-20,Roane,4098,29,3582,16,516,13,3982,18,33786,62,37768,80,0,48,-7,601,36,3449,0,101,57
12-27-20,Robertson,6409,34,5673,16,736,18,6439,18,33329,33,39768,51,2,73,-12,864,44,5472,1,312,78
12-27-20,Rutherford,27793,181,25718,149,2075,32,30224,180,172476,502,202700,682,2,234,1,3051,178,24508,4,459,256
12-27-20,Scott,2132,10,1359,1,773,9,1442,1,9219,10,10661,11,0,20,-4,343,14,1769,1,49,26
12-27-20,Sequatchie,1069,8,940,6,129,2,1018,8,9755,14,10773,22,0,10,-1,193,9,866,0,26,15
12-27-20,Sevier,8606,67,7998,55,608,12,8775,63,49888,108,58663,171,0,63,-5,1356,72,7187,3,208,85
12-27-20,Shelby,65345,365,62559,345,2786,20,77192,454,675538,1837,752730,2291,8,847,-17,5876,374,58622,14,2893,1050
12-27-20,Smith,2027,5,1704,5,323,0,2139,8,10420,15,12559,23,0,23,-6,219,11,1785,0,50,23
12-27-20,Stewart,858,3,711,2,147,1,807,3,5367,11,6174,14,0,19,-3,90,6,749,0,20,20
12-27-20,Sullivan,10487,50,9393,41,1094,9,10172,47,64019,120,74191,167,3,170,-20,1156,67,9161,1,566,189
12-27-20,Sumner,15463,75,14748,47,715,28,16758,69,91013,176,107771,245,2,198,-23,1693,96,13572,0,611,221
12-27-20,Tipton,5249,12,4022,10,1227,2,4884,25,36624,84,41508,109,1,52,-9,583,20,4614,2,122,60
12-27-20,Trousdale,2146,0,2082,0,64,0,2223,2,7454,11,9677,13,0,12,-1,90,1,2044,0,33,14
12-27-20,Unicoi,1381,14,1161,13,220,1,1285,14,10703,24,11988,38,0,38,12,200,2,1143,0,55,40
12-27-20,Union,1235,4,1095,2,140,2,1189,2,8360,13,9549,15,0,12,-2,149,6,1074,1,40,18
12-27-20,Van Buren,587,6,518,2,69,4,580,2,4244,4,4824,6,0,6,4,69,2,512,0,12,7
12-27-20,Warren,4224,21,3754,11,470,10,4251,10,25786,25,30037,35,0,33,-3,726,24,3465,0,71,45
12-27-20,Washington,9697,57,8693,47,1004,10,9622,54,61743,198,71365,252,2,155,-1,1243,56,8299,1,277,174
12-27-20,Wayne,2385,7,2090,5,295,2,2289,5,9394,24,11683,29,0,16,-3,151,10,2218,0,42,18
12-27-20,Weakley,3046,17,2435,6,611,11,2788,8,17620,23,20408,31,0,41,-2,308,19,2697,0,53,45
12-27-20,White,2653,13,2273,3,380,10,2825,3,18575,14,21400,17,0,37,6,290,7,2326,1,89,41
12-27-20,Williamson,17218,111,15878,81,1340,30,17845,92,135693,342,153538,434,1,119,-26,2075,136,15024,0,233,133
12-27-20,Wilson,12017,59,11330,50,687,9,12995,63,75275,133,88270,196,3,121,-19,1456,75,10440,1,251,133
12-26-20,Anderson,5467,54,4678,28,789,26,5246,30,48990,112,54236,142,0,55,3,931,51,4481,2,140,74
12-26-20,Bedford,4407,26,3803,20,604,6,4409,22,24319,89,28728,111,0,57,5,481,21,3869,0,97,64
12-26-20,Benton,1177,11,1039,5,138,6,1153,5,7475,5,8628,10,0,28,3,110,8,1039,0,30,33
12-26-20,Bledsoe,1552,9,1498,9,54,0,1589,9,12303,43,13892,52,0,9,2,117,7,1426,0,28,9
12-26-20,Blount,10098,105,9215,89,883,16,10209,88,55943,176,66152,264,0,93,-3,1678,108,8327,2,246,110
12-26-20,Bradley,8710,72,7802,68,908,4,8935,73,47603,315,56538,388,0,64,-2,1151,74,7495,0,380,80
12-26-20,Campbell,2606,28,1806,9,800,19,2025,10,21544,25,23569,35,0,34,8,425,20,2147,0,92,40
12-26-20,Cannon,1335,15,1177,9,158,6,1321,10,7302,21,8623,31,0,10,-3,172,18,1153,0,22,15
12-26-20,Carroll,2605,13,1910,6,695,7,2269,6,16726,33,18995,39,1,48,-3,299,15,2258,0,65,56
12-26-20,Carter,4424,54,3977,47,447,7,4355,49,28788,176,33143,225,0,79,30,604,24,3741,1,191,92
12-26-20,Cheatham,2738,21,2367,14,371,7,2698,12,20284,65,22982,77,0,22,-9,403,30,2313,2,65,24
12-26-20,Chester,1456,13,1111,10,345,3,1348,10,8827,15,10175,25,0,28,6,162,7,1266,0,31,33
12-26-20,Claiborne,1604,68,1209,29,395,39,1297,24,17699,106,18996,130,0,18,50,266,18,1320,1,50,21
12-26-20,Clay,854,2,624,2,230,0,707,2,4629,5,5336,7,0,23,-11,120,13,711,0,19,26
12-26-20,Cocke,2705,42,2155,27,550,15,2380,26,16132,119,18512,145,0,39,20,443,22,2223,0,82,56
12-26-20,Coffee,4722,34,3655,16,1067,18,4497,17,35695,93,40192,110,0,64,8,642,26,4016,0,85,75
12-26-20,Crockett,1587,6,1039,4,548,2,1219,4,6026,9,7245,13,0,30,-5,172,11,1385,0,29,36
12-26-20,Cumberland,4276,44,3863,28,413,16,4458,28,39642,162,44100,190,0,48,15,761,29,3467,0,114,61
12-26-20,Davidson,59731,275,57968,256,1763,19,70773,304,681583,1732,752356,2036,0,538,-107,5821,382,53372,4,1666,589
12-26-20,Decatur,1301,7,1022,5,279,2,1230,4,9842,19,11072,23,0,17,-6,177,13,1107,0,31,20
12-26-20,Dekalb,1999,13,1583,5,416,8,1853,8,13974,13,15827,21,0,30,-1,254,14,1715,0,45,33
12-26-20,Dickson,4468,29,3518,21,950,8,4216,20,27077,65,31293,85,0,57,-6,484,35,3927,1,93,67
12-26-20,Dyer,4139,24,2999,2,1140,22,3392,3,18370,19,21762,22,0,67,3,331,21,3741,0,93,72
12-26-20,Fayette,3289,42,3051,37,238,5,3779,44,28205,117,31984,161,0,45,17,431,25,2813,1,106,46
12-26-20,Fentress,1853,9,1647,6,206,3,1894,8,9074,30,10968,38,0,27,-5,273,14,1553,0,50,32
12-26-20,Franklin,3407,27,3077,17,330,10,3616,16,26438,193,30054,209,0,46,10,459,17,2902,0,83,52
12-26-20,Gibson,4808,38,3129,10,1679,28,3840,10,24142,36,27982,46,0,87,-10,572,48,4149,0,90,100
12-26-20,Giles,2556,21,2316,10,240,11,2653,12,17882,62,20535,74,0,60,7,523,14,1973,0,91,64
12-26-20,Grainger,1720,12,1407,9,313,3,1581,10,10974,20,12555,30,0,23,0,259,12,1438,0,53,31
12-26-20,Greene,5297,37,4448,24,849,13,5003,28,33664,200,38667,228,0,88,-4,885,41,4324,0,153,100
12-26-20,Grundy,1173,7,1040,3,133,4,1208,4,5954,46,7162,50,0,15,-2,135,9,1023,0,47,18
12-26-20,Hamblen,5588,58,4648,25,940,33,5228,36,37590,73,42818,109,1,78,31,797,26,4713,2,192,100
12-26-20,Hamilton,26835,204,24320,187,2515,17,27411,216,239009,588,266420,804,0,253,-113,2559,317,24023,7,806,292
12-26-20,Hancock,321,1,259,1,62,0,280,1,3084,3,3364,4,0,4,-1,50,2,267,0,14,7
12-26-20,Hardeman,2780,15,2415,5,365,10,2849,4,20732,44,23581,48,0,41,11,203,4,2536,0,90,44
12-26-20,Hardin,2557,28,1890,14,667,14,2274,11,18978,38,21252,49,0,34,13,297,15,2226,1,47,39
12-26-20,Hawkins,3476,50,3080,42,396,8,3344,45,23569,157,26913,202,0,52,27,572,23,2852,0,113,59
12-26-20,Haywood,2155,8,1871,4,284,4,2124,4,11179,15,13303,19,0,35,1,179,7,1941,0,62,38
12-26-20,Henderson,2850,29,2111,9,739,20,2710,8,13931,22,16641,30,0,41,17,368,12,2441,2,63,46
12-26-20,Henry,2261,16,1899,11,362,5,2195,11,15183,24,17378,35,0,34,9,195,7,2032,0,64,44
12-26-20,Hickman,1932,19,1716,9,216,10,2006,10,12692,35,14698,45,0,26,3,278,16,1628,1,42,27
12-26-20,Houston,792,9,631,6,161,3,720,8,6836,253,7556,261,0,21,3,55,6,716,0,38,24
12-26-20,Humphreys,1139,3,835,1,304,2,978,2,9315,16,10293,18,0,12,-15,114,18,1013,0,24,14
12-26-20,Jackson,998,5,801,5,197,0,945,5,4411,10,5356,15,0,18,-1,97,6,883,0,30,21
12-26-20,Jefferson,3739,48,2918,26,821,22,3326,30,28761,103,32087,133,0,56,18,595,30,3088,2,131,63
12-26-20,Johnson,1745,2,1642,2,103,0,1751,2,11295,25,13046,27,0,28,0,109,2,1608,0,48,27
12-26-20,Knox,31629,359,28880,289,2749,70,31631,310,240354,1036,271985,1346,0,265,62,4315,297,27049,9,899,310
12-26-20,Lake,1378,5,1241,3,137,2,1476,4,8495,39,9971,43,0,12,3,51,2,1315,1,16,14
12-26-20,Lauderdale,2529,11,2050,8,479,3,2355,9,17206,35,19561,44,0,28,6,168,5,2333,0,74,26
12-26-20,Lawrence,4227,22,3506,6,721,16,3877,8,22426,47,26303,55,0,55,-6,553,28,3619,0,115,62
12-26-20,Lewis,1129,13,994,4,135,9,1072,4,8469,18,9541,22,0,19,9,100,4,1010,0,33,20
12-26-20,Lincoln,3130,26,2545,11,585,15,2893,12,13819,39,16712,51,0,31,-4,482,30,2617,0,61,34
12-26-20,Loudon,3947,41,3471,25,476,16,3785,23,24772,44,28557,67,0,30,16,709,25,3208,1,90,41
12-26-20,Macon,2571,8,2209,7,362,1,2622,8,12440,29,15062,37,0,41,-6,263,14,2267,0,104,46
12-26-20,Madison,7757,64,4521,38,3236,26,5673,35,43975,123,49648,158,0,150,-4,357,68,7250,0,288,168
12-26-20,Marion,1940,20,1771,14,169,6,2024,15,13236,84,15260,99,0,25,12,237,8,1678,1,86,27
12-26-20,Marshall,2733,27,2512,8,221,19,2844,7,18649,36,21493,43,0,28,20,419,7,2286,0,58,28
12-26-20,Maury,8910,79,8484,51,426,28,9413,50,56502,218,65915,268,0,100,11,1048,68,7762,1,215,108
12-26-20,McMinn,4266,27,3982,22,284,5,4406,21,31438,70,35844,91,0,61,7,582,20,3623,0,114,67
12-26-20,McNairy,1944,25,1456,8,488,17,1849,7,13214,19,15063,26,0,37,12,224,13,1683,0,53,40
12-26-20,Meigs,902,4,857,4,45,0,961,5,5854,26,6815,31,0,14,-5,147,9,741,0,31,16
12-26-20,Monroe,3724,41,3289,21,435,20,3675,21,20809,27,24484,48,0,52,1,649,40,3023,0,119,64
12-26-20,Montgomery,11083,102,9258,86,1825,16,10244,79,82031,582,92275,661,0,116,-7,1262,109,9705,0,221,135
12-26-20,Moore,701,10,569,0,132,10,650,0,3913,8,4563,8,0,6,7,109,3,586,0,10,9
12-26-20,Morgan,1537,11,1261,6,276,5,1363,8,12594,36,13957,44,0,11,-1,266,12,1260,1,21,16
12-26-20,Obion,3581,16,2734,4,847,12,3111,7,17463,67,20574,74,0,67,0,307,16,3207,0,86,74
12-26-20,Out of State,11358,137,9379,92,1979,45,10456,99,482722,970,493178,1069,0,61,13,1645,124,9652,1,151,53
12-26-20,Overton,2162,13,1792,7,370,6,2117,6,12013,37,14130,43,0,41,5,279,8,1842,0,53,46
12-26-20,Pending,9214,198,6955,80,2259,118,7726,82,306420,997,314146,1079,1,72,87,1866,110,7276,0,94,75
12-26-20,Perry,837,7,755,4,82,3,842,4,5273,5,6115,9,0,23,-3,110,10,704,0,26,24
12-26-20,Pickett,546,0,365,0,181,0,446,0,2659,35,3105,35,0,17,-2,65,2,464,0,26,19
12-26-20,Polk,1094,2,1027,2,67,0,1157,3,6813,25,7970,28,0,16,-5,154,7,924,0,43,16
12-26-20,Putnam,8233,65,7102,44,1131,21,8584,53,55868,139,64452,192,0,114,41,920,24,7199,1,174,132
12-26-20,Rhea,2973,28,2737,25,236,3,3091,26,20134,97,23225,123,1,46,7,472,20,2455,0,68,50
12-26-20,Roane,4069,62,3566,34,503,28,3964,33,33724,123,37688,156,0,48,42,608,20,3413,2,101,57
12-26-20,Robertson,6375,53,5657,35,718,18,6421,37,33296,123,39717,160,0,71,-8,876,61,5428,5,311,78
12-26-20,Rutherford,27612,184,25569,144,2043,40,30044,167,171974,588,202018,755,0,232,-5,3050,189,24330,2,455,254
12-26-20,Scott,2122,12,1358,2,764,10,1441,2,9209,15,10650,17,0,20,-1,347,13,1755,0,48,25
12-26-20,Sequatchie,1061,10,934,8,127,2,1010,8,9741,37,10751,45,0,10,0,194,10,857,1,26,15
12-26-20,Sevier,8539,149,7943,131,596,18,8712,137,49780,509,58492,646,0,63,87,1361,62,7115,3,205,83
12-26-20,Shelby,64980,599,62214,520,2766,79,76738,627,673701,3475,750439,4102,2,839,226,5893,371,58248,19,2879,1035
12-26-20,Smith,2022,3,1699,2,323,1,2131,5,10405,90,12536,95,0,23,-4,225,7,1774,0,50,23
12-26-20,Stewart,855,12,709,11,146,1,804,10,5356,17,6160,27,0,19,6,93,6,743,0,20,20
12-26-20,Sullivan,10437,137,9352,122,1085,15,10125,133,63899,446,74024,579,0,167,25,1176,112,9094,3,565,186
12-26-20,Sumner,15388,117,14701,100,687,17,16689,99,90837,327,107526,426,1,196,6,1716,110,13476,1,611,219
12-26-20,Tipton,5237,53,4012,23,1225,30,4859,25,36540,89,41399,114,0,51,25,592,28,4594,0,120,60
12-26-20,Trousdale,2146,5,2082,4,64,1,2221,3,7443,14,9664,17,0,12,1,91,4,2043,0,33,14
12-26-20,Unicoi,1367,16,1148,7,219,9,1271,7,10679,30,11950,37,0,38,12,188,4,1141,0,55,40
12-26-20,Union,1231,11,1093,7,138,4,1187,7,8347,33,9534,40,0,12,6,151,5,1068,0,39,17
12-26-20,Van Buren,581,1,516,1,65,0,578,1,4240,4,4818,5,0,6,-4,65,5,510,0,12,7
12-26-20,Warren,4203,25,3743,20,460,5,4241,22,25761,49,30002,71,0,33,2,729,23,3441,0,71,45
12-26-20,Washington,9640,120,8646,104,994,16,9568,114,61545,494,71113,608,0,153,81,1244,39,8243,1,276,172
12-26-20,Wayne,2378,14,2085,7,293,7,2284,8,9370,36,11654,44,0,16,7,154,7,2208,1,42,18
12-26-20,Weakley,3029,33,2429,13,600,20,2780,16,17597,30,20377,46,0,41,14,310,19,2678,0,53,45
12-26-20,White,2640,16,2270,13,370,3,2822,15,18561,36,21383,51,0,37,11,284,5,2319,0,88,40
12-26-20,Williamson,17107,160,15797,131,1310,29,17753,142,135351,598,153104,740,0,118,35,2101,125,14888,2,233,133
12-26-20,Wilson,11958,80,11280,66,678,14,12932,67,75142,284,88074,351,0,118,-7,1475,87,10365,1,250,130
12-25-20,Anderson,5413,94,4650,78,763,16,5216,92,48878,408,54094,500,0,55,-18,928,112,4430,1,138,72
12-25-20,Bedford,4381,19,3783,15,598,4,4387,16,24230,65,28617,81,0,57,-39,476,58,3848,1,97,63
12-25-20,Benton,1166,14,1034,12,132,2,1148,12,7470,56,8618,68,0,28,6,107,8,1031,0,30,32
12-25-20,Bledsoe,1543,22,1489,19,54,3,1580,19,12260,77,13840,96,0,9,11,115,11,1419,0,28,9
12-25-20,Blount,9993,173,9126,162,867,11,10121,173,55767,444,65888,617,0,93,40,1681,133,8219,1,244,109
12-25-20,Bradley,8638,69,7734,58,904,11,8862,65,47288,278,56150,343,0,64,-58,1153,127,7421,0,380,80
12-25-20,Campbell,2578,39,1797,38,781,1,2015,39,21519,161,23534,200,0,34,-3,417,42,2127,0,92,39
12-25-20,Cannon,1320,19,1168,12,152,7,1311,15,7281,40,8592,55,0,10,-11,175,30,1135,0,22,15
12-25-20,Carroll,2592,17,1904,11,688,6,2263,14,16693,45,18956,59,0,47,3,302,14,2243,0,65,56
12-25-20,Carter,4370,47,3930,41,440,6,4306,44,28612,163,32918,207,0,79,-5,574,52,3717,0,190,91
12-25-20,Cheatham,2717,32,2353,20,364,12,2686,23,20219,124,22905,147,0,22,-9,412,41,2283,1,63,24
12-25-20,Chester,1443,18,1101,17,342,1,1338,17,8812,47,10150,64,0,28,5,156,13,1259,0,31,33
12-25-20,Claiborne,1536,27,1180,23,356,4,1273,24,17593,111,18866,135,0,18,4,216,23,1302,0,49,21
12-25-20,Clay,852,15,622,15,230,0,705,15,4624,40,5329,55,0,23,0,131,15,698,0,19,26
12-25-20,Cocke,2663,27,2128,16,535,11,2354,19,16013,121,18367,140,0,39,-16,423,43,2201,0,82,55
12-25-20,Coffee,4688,34,3639,19,1049,15,4480,21,35602,120,40082,141,0,64,-35,634,69,3990,0,85,75
12-25-20,Crockett,1581,16,1035,13,546,3,1215,13,6017,47,7232,60,0,30,-4,177,20,1374,0,29,33
12-25-20,Cumberland,4232,70,3835,50,397,20,4430,55,39480,209,43910,264,0,48,6,746,64,3438,1,114,61
12-25-20,Davidson,59456,555,57712,511,1744,44,70469,629,679851,3019,750320,3648,1,538,-42,5928,596,52990,2,1662,583
12-25-20,Decatur,1294,11,1017,9,277,2,1226,10,9823,55,11049,65,0,17,-4,183,15,1094,0,31,18
12-25-20,Dekalb,1986,47,1578,37,408,10,1845,39,13961,112,15806,151,0,30,16,255,31,1701,0,45,33
12-25-20,Dickson,4439,48,3497,45,942,3,4196,49,27012,120,31208,169,0,57,-19,490,67,3892,0,92,66
12-25-20,Dyer,4115,23,2997,13,1118,10,3389,14,18351,62,21740,76,0,67,-13,328,36,3720,0,93,71
12-25-20,Fayette,3247,70,3014,55,233,15,3735,66,28088,175,31823,241,0,45,38,414,32,2788,0,105,46
12-25-20,Fentress,1844,15,1641,11,203,4,1886,12,9044,61,10930,73,0,27,-8,278,23,1539,0,50,32
12-25-20,Franklin,3380,70,3060,66,320,4,3600,70,26245,214,29845,284,0,46,17,449,53,2885,0,83,52
12-25-20,Gibson,4770,68,3119,47,1651,21,3830,51,24106,214,27936,265,0,87,-7,582,75,4101,0,90,99
12-25-20,Giles,2535,42,2306,34,229,8,2641,35,17820,80,20461,115,0,60,-1,516,43,1959,0,91,64
12-25-20,Grainger,1708,40,1398,37,310,3,1571,42,10954,118,12525,160,0,23,4,259,36,1426,0,53,30
12-25-20,Greene,5260,86,4424,73,836,13,4975,80,33464,384,38439,464,0,88,8,889,78,4283,0,153,100
12-25-20,Grundy,1166,18,1037,15,129,3,1204,17,5908,42,7112,59,0,15,-2,137,20,1014,0,47,16
12-25-20,Hamblen,5530,97,4623,80,907,17,5192,86,37517,347,42709,433,0,77,9,766,88,4687,2,190,97
12-25-20,Hamilton,26631,345,24133,293,2498,52,27195,316,238421,1501,265616,1817,1,253,-60,2672,404,23706,3,799,287
12-25-20,Hancock,320,14,258,13,62,1,279,14,3081,18,3360,32,0,4,10,51,4,265,0,14,7
12-25-20,Hardeman,2765,30,2410,21,355,9,2845,24,20688,148,23533,172,0,41,1,192,29,2532,0,90,44
12-25-20,Hardin,2529,19,1876,14,653,5,2263,15,18940,125,21203,140,0,34,-13,284,32,2211,0,46,39
12-25-20,Hawkins,3426,76,3038,70,388,6,3299,75,23412,339,26711,414,0,52,21,545,55,2829,0,113,59
12-25-20,Haywood,2147,15,1867,12,280,3,2120,15,11164,72,13284,87,0,35,-13,178,28,1934,0,62,38
12-25-20,Henderson,2821,19,2102,8,719,11,2702,7,13909,38,16611,45,0,41,-15,351,34,2429,0,61,46
12-25-20,Henry,2245,34,1888,25,357,9,2184,27,15159,71,17343,98,0,34,18,186,16,2025,1,64,44
12-25-20,Hickman,1913,22,1707,19,206,3,1996,21,12657,39,14653,60,0,26,-11,275,33,1612,0,41,27
12-25-20,Houston,783,5,625,3,158,2,712,4,6583,9,7295,13,0,21,-4,52,9,710,0,38,24
12-25-20,Humphreys,1136,12,834,11,302,1,976,10,9299,22,10275,32,0,12,-6,129,18,995,1,24,13
12-25-20,Jackson,993,14,796,14,197,0,940,15,4401,46,5341,61,0,18,6,98,8,877,0,30,21
12-25-20,Jefferson,3691,60,2892,36,799,24,3296,39,28658,224,31954,263,0,56,21,577,39,3058,0,129,63
12-25-20,Johnson,1743,21,1640,21,103,0,1749,23,11270,94,13019,117,0,28,10,109,11,1606,0,48,27
12-25-20,Knox,31270,354,28591,288,2679,66,31321,308,239318,1074,270639,1382,1,265,-95,4253,448,26752,5,890,305
12-25-20,Lake,1373,4,1238,2,135,2,1472,2,8456,27,9928,29,0,12,-3,48,7,1313,0,15,14
12-25-20,Lauderdale,2518,20,2042,19,476,1,2346,19,17171,85,19517,104,0,28,8,162,12,2328,0,74,26
12-25-20,Lawrence,4205,27,3500,17,705,10,3869,15,22379,67,26248,82,0,55,-27,559,54,3591,0,115,61
12-25-20,Lewis,1116,1,990,0,126,1,1068,0,8451,9,9519,9,0,19,-16,91,17,1006,0,33,20
12-25-20,Lincoln,3104,43,2534,24,570,19,2881,23,13780,25,16661,48,0,31,-41,486,84,2587,0,61,34
12-25-20,Loudon,3906,72,3446,57,460,15,3762,64,24728,154,28490,218,0,30,17,693,55,3183,0,89,41
12-25-20,Macon,2563,32,2202,29,361,3,2614,29,12411,102,15025,131,0,41,-11,269,43,2253,0,104,45
12-25-20,Madison,7693,71,4483,35,3210,36,5638,39,43852,238,49490,277,0,150,-30,361,101,7182,0,288,166
12-25-20,Marion,1920,29,1757,20,163,9,2009,21,13152,92,15161,113,0,25,-3,225,32,1670,2,85,27
12-25-20,Marshall,2706,21,2504,8,202,13,2837,8,18613,97,21450,105,0,28,-8,399,29,2279,0,58,28
12-25-20,Maury,8831,56,8433,51,398,5,9363,56,56284,187,65647,243,0,100,-50,1037,106,7694,0,214,108
12-25-20,McMinn,4239,56,3960,50,279,6,4385,48,31368,209,35753,257,0,61,-8,575,64,3603,0,114,67
12-25-20,McNairy,1919,16,1448,8,471,8,1842,8,13195,41,15037,49,0,37,-17,212,33,1670,0,53,39
12-25-20,Meigs,898,23,853,23,45,0,956,25,5828,38,6784,63,0,14,10,152,13,732,0,31,16
12-25-20,Monroe,3683,52,3268,40,415,12,3654,45,20782,120,24436,165,0,52,-6,648,58,2983,1,119,63
12-25-20,Montgomery,10981,118,9172,78,1809,40,10165,82,81449,403,91614,485,0,116,-60,1269,178,9596,3,221,132
12-25-20,Moore,691,7,569,6,122,1,650,6,3905,10,4555,16,0,6,-6,102,13,583,0,10,9
12-25-20,Morgan,1526,24,1255,22,271,2,1355,26,12558,48,13913,74,0,11,-44,267,68,1248,0,20,16
12-25-20,Obion,3565,33,2730,20,835,13,3104,21,17396,104,20500,125,0,67,-13,307,46,3191,1,86,72
12-25-20,Out of State,11221,206,9287,131,1934,75,10357,145,481752,2065,492109,2210,-3,61,91,1632,118,9528,2,150,52
12-25-20,Overton,2149,52,1785,39,364,13,2111,48,11976,119,14087,167,0,41,29,274,23,1834,0,53,46
12-25-20,Pending,9016,195,6875,123,2141,72,7644,135,305423,1365,313067,1500,0,71,36,1779,159,7166,0,94,72
12-25-20,Perry,830,9,751,6,79,3,838,8,5268,11,6106,19,0,23,-17,113,26,694,0,26,24
12-25-20,Pickett,546,5,365,4,181,1,446,4,2624,39,3070,43,0,17,-6,67,11,462,0,26,18
12-25-20,Polk,1092,21,1025,21,67,0,1154,20,6788,67,7942,87,1,16,4,159,16,917,0,43,16
12-25-20,Putnam,8168,155,7058,138,1110,17,8531,155,55729,692,64260,847,0,114,45,879,110,7175,1,173,132
12-25-20,Rhea,2945,42,2712,31,233,11,3065,35,20037,117,23102,152,0,45,-22,465,64,2435,1,68,50
12-25-20,Roane,4007,66,3532,46,475,20,3931,51,33601,218,37532,269,0,48,21,566,45,3393,1,99,54
12-25-20,Robertson,6322,70,5622,36,700,34,6384,39,33173,181,39557,220,0,71,-8,884,78,5367,4,306,78
12-25-20,Rutherford,27428,274,25425,219,2003,55,29877,235,171386,892,201263,1127,4,232,-67,3055,337,24141,2,453,249
12-25-20,Scott,2110,17,1356,9,754,8,1439,10,9194,45,10633,55,0,20,-32,348,49,1742,1,48,23
12-25-20,Sequatchie,1051,25,926,22,125,3,1002,27,9704,80,10706,107,0,10,-11,194,36,847,0,25,14
12-25-20,Sevier,8390,112,7812,97,578,15,8575,102,49271,301,57846,403,0,63,-20,1274,132,7053,0,202,79
12-25-20,Shelby,64381,701,61694,643,2687,58,76111,753,670226,4350,746337,5103,0,837,125,5667,576,57877,10,2860,1029
12-25-20,Smith,2019,8,1697,8,322,0,2126,11,10315,73,12441,84,0,23,-17,229,25,1767,0,50,23
12-25-20,Stewart,843,13,698,10,145,3,794,10,5339,15,6133,25,0,19,8,87,5,737,0,20,20
12-25-20,Sullivan,10300,85,9230,75,1070,10,9992,84,63453,508,73445,592,0,167,-38,1151,123,8982,1,562,184
12-25-20,Sumner,15271,136,14601,126,670,10,16590,137,90510,521,107100,658,0,195,-44,1710,180,13366,2,610,217
12-25-20,Tipton,5184,61,3989,44,1195,17,4834,49,36451,229,41285,278,0,51,-1,567,62,4566,0,120,58
12-25-20,Trousdale,2141,10,2078,10,63,0,2218,10,7429,16,9647,26,0,12,-7,90,17,2039,0,33,13
12-25-20,Unicoi,1351,20,1141,17,210,3,1264,19,10649,55,11913,74,0,38,2,176,18,1137,0,55,40
12-25-20,Union,1220,17,1086,15,134,2,1180,16,8314,43,9494,59,0,12,-2,145,19,1063,1,39,17
12-25-20,Van Buren,580,7,515,6,65,1,577,8,4236,6,4813,14,0,6,-5,69,12,505,0,12,6
12-25-20,Warren,4178,115,3723,107,455,8,4219,116,25712,243,29931,359,0,33,26,727,89,3418,0,71,45
12-25-20,Washington,9520,70,8542,62,978,8,9454,69,61051,404,70505,473,0,153,-57,1163,127,8204,0,275,168
12-25-20,Wayne,2364,8,2078,3,286,5,2276,3,9334,30,11610,33,0,16,-13,147,21,2201,0,41,17
12-25-20,Weakley,2996,35,2416,19,580,16,2764,23,17567,92,20331,115,0,41,-15,296,50,2659,0,53,43
12-25-20,White,2624,52,2257,48,367,4,2807,54,18525,143,21332,197,0,37,19,273,33,2314,1,88,40
12-25-20,Williamson,16947,220,15666,191,1281,29,17611,199,134753,709,152364,908,0,118,1,2066,219,14763,1,231,132
12-25-20,Wilson,11878,130,11214,120,664,10,12865,128,74858,318,87723,446,0,118,-25,1482,155,10278,0,249,130
12-24-20,Anderson,5319,59,4572,25,747,34,5124,27,48470,152,53594,179,1,55,-46,946,104,4318,1,137,71
12-24-20,Bedford,4362,96,3768,80,594,16,4371,93,24165,274,28536,367,0,57,27,515,69,3790,0,96,62
12-24-20,Benton,1152,11,1022,5,130,6,1136,4,7414,20,8550,24,0,28,0,101,11,1023,0,30,32
12-24-20,Bledsoe,1521,11,1470,8,51,3,1561,11,12183,36,13744,47,0,9,1,104,10,1408,0,28,9
12-24-20,Blount,9820,150,8964,127,856,23,9948,134,55323,256,65271,390,0,93,12,1641,138,8086,0,243,108
12-24-20,Bradley,8569,96,7676,86,893,10,8797,90,47010,415,55807,505,1,64,-45,1211,140,7294,2,380,79
12-24-20,Campbell,2539,50,1759,16,780,34,1976,18,21358,55,23334,73,0,34,8,420,42,2085,2,92,38
12-24-20,Cannon,1301,9,1156,8,145,1,1296,9,7241,43,8537,52,0,10,-12,186,21,1105,0,22,15
12-24-20,Carroll,2575,40,1893,20,682,20,2249,24,16648,69,18897,93,0,47,7,299,33,2229,0,65,55
12-24-20,Carter,4323,21,3889,12,434,9,4262,12,28449,58,32711,70,0,79,-28,579,49,3665,0,190,91
12-24-20,Cheatham,2685,72,2333,43,352,29,2663,48,20095,131,22758,179,1,22,37,421,34,2242,1,62,24
12-24-20,Chester,1425,17,1084,6,341,11,1321,7,8765,85,10086,92,0,28,1,151,16,1246,1,31,32
12-24-20,Claiborne,1509,18,1157,12,352,6,1249,14,17482,122,18731,136,1,18,0,212,17,1279,0,49,21
12-24-20,Clay,837,2,607,2,230,0,690,2,4584,8,5274,10,0,23,-10,131,12,683,0,19,25
12-24-20,Cocke,2636,39,2112,19,524,20,2335,20,15892,84,18227,104,0,39,-19,439,58,2158,0,82,54
12-24-20,Coffee,4654,60,3620,35,1034,25,4459,43,35482,190,39941,233,3,64,-23,669,80,3921,0,85,74
12-24-20,Crockett,1565,8,1022,1,543,7,1202,1,5970,16,7172,17,0,30,-13,181,21,1354,0,29,33
12-24-20,Cumberland,4162,108,3785,78,377,30,4375,85,39271,238,43646,323,0,48,33,740,75,3374,0,113,59
12-24-20,Davidson,58901,662,57201,607,1700,55,69840,748,676832,4728,746672,5476,8,537,71,5970,583,52394,4,1660,580
12-24-20,Decatur,1283,12,1008,10,275,2,1216,10,9768,18,10984,28,0,17,-3,187,15,1079,0,31,18
12-24-20,Dekalb,1939,21,1541,5,398,16,1806,6,13849,30,15655,36,0,30,-8,239,29,1670,0,45,33
12-24-20,Dickson,4391,54,3452,30,939,24,4147,32,26892,179,31039,211,0,57,0,509,54,3825,0,92,66
12-24-20,Dyer,4092,26,2984,12,1108,14,3375,13,18289,59,21664,72,1,67,-14,341,39,3684,0,93,70
12-24-20,Fayette,3177,28,2959,16,218,12,3669,22,27913,103,31582,125,0,45,-1,376,29,2756,0,105,46
12-24-20,Fentress,1829,54,1630,51,199,3,1874,55,8983,90,10857,145,0,27,29,286,25,1516,0,50,32
12-24-20,Franklin,3310,24,2994,16,316,8,3530,21,26031,101,29561,122,1,46,-23,432,46,2832,0,83,52
12-24-20,Gibson,4702,42,3072,13,1630,29,3779,15,23892,61,27671,76,0,87,-16,589,58,4026,1,90,98
12-24-20,Giles,2493,58,2272,51,221,7,2606,66,17740,187,20346,253,1,60,21,517,36,1916,0,91,62
12-24-20,Grainger,1668,20,1361,11,307,9,1529,10,10836,35,12365,45,0,23,-11,255,31,1390,0,53,29
12-24-20,Greene,5174,40,4351,8,823,32,4895,19,33080,115,37975,134,0,88,-55,881,95,4205,0,153,100
12-24-20,Grundy,1148,21,1022,14,126,7,1187,14,5866,32,7053,46,0,15,11,139,10,994,0,47,16
12-24-20,Hamblen,5433,68,4543,42,890,26,5106,36,37170,65,42276,101,2,77,-12,757,78,4599,2,188,95
12-24-20,Hamilton,26286,350,23840,290,2446,60,26879,331,236920,1608,263799,1939,1,252,-6,2732,355,23302,7,796,286
12-24-20,Hancock,306,4,245,1,61,3,265,1,3063,3,3328,4,0,4,-5,41,9,261,0,14,7
12-24-20,Hardeman,2735,16,2389,11,346,5,2821,13,20540,43,23361,56,0,41,-6,191,22,2503,1,90,44
12-24-20,Hardin,2510,29,1862,15,648,14,2248,15,18815,49,21063,64,0,34,-3,297,32,2179,0,46,39
12-24-20,Hawkins,3350,25,2968,8,382,17,3224,8,23073,113,26297,121,0,52,-32,524,57,2774,0,113,57
12-24-20,Haywood,2132,10,1855,9,277,1,2105,11,11092,37,13197,48,0,35,-9,191,19,1906,0,62,38
12-24-20,Henderson,2802,56,2094,40,708,16,2695,44,13871,96,16566,140,0,41,14,366,42,2395,1,61,46
12-24-20,Henry,2211,17,1863,11,348,6,2157,15,15088,30,17245,45,0,34,-16,168,33,2009,0,63,43
12-24-20,Hickman,1891,49,1688,32,203,17,1975,39,12618,81,14593,120,1,26,21,286,27,1579,2,41,27
12-24-20,Houston,778,5,622,3,156,2,708,4,6574,34,7282,38,0,21,-9,56,14,701,0,38,23
12-24-20,Humphreys,1124,17,823,12,301,5,966,12,9277,39,10243,51,1,12,-6,135,22,977,0,23,13
12-24-20,Jackson,979,11,782,8,197,3,925,8,4355,13,5280,21,0,18,-2,92,13,869,0,30,20
12-24-20,Jefferson,3631,52,2856,22,775,30,3257,26,28434,86,31691,112,0,56,-4,556,56,3019,0,129,62
12-24-20,Johnson,1722,0,1619,0,103,0,1726,0,11176,4,12902,4,0,28,-6,99,6,1595,0,48,27
12-24-20,Knox,30916,351,28303,276,2613,75,31013,309,238244,1269,269257,1578,5,264,-109,4348,455,26304,8,885,298
12-24-20,Lake,1369,7,1236,6,133,1,1470,7,8429,16,9899,23,0,12,-6,51,13,1306,0,15,13
12-24-20,Lauderdale,2498,13,2023,6,475,7,2327,6,17086,30,19413,36,0,28,-4,154,17,2316,0,74,26
12-24-20,Lawrence,4178,65,3483,49,695,16,3854,55,22312,228,26166,283,1,55,27,586,37,3537,0,115,60
12-24-20,Lewis,1115,15,990,8,125,7,1068,8,8442,58,9510,66,0,19,-10,107,25,989,0,33,20
12-24-20,Lincoln,3061,61,2510,44,551,17,2858,45,13755,126,16613,171,0,31,2,527,59,2503,0,61,34
12-24-20,Loudon,3834,62,3389,30,445,32,3698,31,24574,77,28272,108,0,30,5,676,57,3128,1,89,40
12-24-20,Macon,2531,12,2173,10,358,2,2585,9,12309,29,14894,38,0,41,-17,280,29,2210,0,104,45
12-24-20,Madison,7622,79,4448,23,3174,56,5599,24,43614,136,49213,160,1,150,-15,391,93,7081,0,288,164
12-24-20,Marion,1891,33,1737,25,154,8,1988,27,13060,70,15048,97,0,25,11,228,22,1638,0,83,27
12-24-20,Marshall,2685,55,2496,47,189,8,2829,55,18516,226,21345,281,0,28,29,407,26,2250,0,58,28
12-24-20,Maury,8775,159,8382,151,393,8,9307,166,56097,596,65404,762,2,100,88,1087,69,7588,1,214,108
12-24-20,McMinn,4183,60,3910,52,273,8,4337,54,31159,140,35496,194,0,61,-15,583,75,3539,0,114,67
12-24-20,McNairy,1903,33,1440,23,463,10,1834,25,13154,110,14988,135,0,37,10,229,23,1637,0,53,39
12-24-20,Meigs,875,12,830,12,45,0,931,12,5790,17,6721,29,0,14,-4,142,16,719,0,31,16
12-24-20,Monroe,3631,66,3228,42,403,24,3609,47,20662,154,24271,201,0,52,17,654,49,2925,1,118,62
12-24-20,Montgomery,10863,202,9094,180,1769,22,10083,192,81046,562,91129,754,1,116,30,1329,171,9418,0,218,131
12-24-20,Moore,684,15,563,14,121,1,644,14,3895,35,4539,49,1,6,5,108,9,570,0,10,9
12-24-20,Morgan,1502,32,1233,20,269,12,1329,19,12510,52,13839,71,0,11,4,311,28,1180,0,20,16
12-24-20,Obion,3532,13,2710,5,822,8,3083,8,17292,57,20375,65,0,67,-22,320,35,3145,0,85,72
12-24-20,Out of State,11015,122,9156,96,1859,26,10212,117,479687,1701,489899,1818,0,64,-106,1541,228,9410,0,148,51
12-24-20,Overton,2097,21,1746,20,351,1,2063,22,11857,27,13920,49,1,41,-15,245,35,1811,0,53,46
12-24-20,Pending,8821,228,6752,128,2069,100,7509,148,304058,1431,311567,1579,4,71,55,1743,169,7007,0,94,70
12-24-20,Perry,821,18,745,14,76,4,830,16,5257,33,6087,49,0,23,4,130,14,668,0,26,24
12-24-20,Pickett,541,10,361,5,180,5,442,6,2585,1,3027,7,0,17,0,73,10,451,0,26,18
12-24-20,Polk,1071,6,1004,5,67,1,1134,5,6721,50,7855,55,0,15,-15,155,21,901,0,43,16
12-24-20,Putnam,8013,65,6920,51,1093,14,8376,60,55037,317,63413,377,1,114,-27,834,91,7065,0,172,131
12-24-20,Rhea,2903,50,2681,42,222,8,3030,48,19920,178,22950,226,0,45,8,487,42,2371,0,67,49
12-24-20,Roane,3941,41,3486,17,455,24,3880,18,33383,104,37263,122,0,48,-41,545,82,3348,0,98,52
12-24-20,Robertson,6252,132,5586,92,666,40,6345,99,32992,263,39337,362,0,71,36,892,96,5289,3,302,78
12-24-20,Rutherford,27154,411,25206,362,1948,49,29642,398,170494,1313,200136,1711,1,228,14,3122,396,23804,0,451,246
12-24-20,Scott,2093,31,1347,15,746,16,1429,18,9149,76,10578,94,0,20,-21,380,52,1693,0,47,23
12-24-20,Sequatchie,1026,10,904,8,122,2,975,7,9624,39,10599,46,0,10,-19,205,29,811,0,25,14
12-24-20,Sevier,8278,101,7715,82,563,19,8473,84,48970,217,57443,301,3,63,-40,1294,138,6921,1,202,76
12-24-20,Shelby,63680,303,61051,264,2629,39,75358,342,665876,2865,741234,3207,2,837,-300,5542,601,57301,3,2850,1019
12-24-20,Smith,2011,29,1689,25,322,4,2115,32,10242,97,12357,129,0,23,3,246,26,1742,0,50,23
12-24-20,Stewart,830,15,688,12,142,3,784,12,5324,34,6108,46,0,19,10,79,5,732,0,20,20
12-24-20,Sullivan,10215,43,9155,24,1060,19,9908,25,62945,142,72853,167,1,167,-81,1189,123,8859,0,561,183
12-24-20,Sumner,15135,218,14475,191,660,27,16453,215,89989,624,106442,839,2,195,59,1754,157,13186,0,608,215
12-24-20,Tipton,5123,69,3945,22,1178,47,4785,21,36222,118,41007,139,0,51,12,568,57,4504,0,120,57
12-24-20,Trousdale,2131,11,2068,11,63,0,2208,13,7413,34,9621,47,0,12,-1,97,12,2022,0,33,13
12-24-20,Unicoi,1331,9,1124,2,207,7,1245,2,10594,21,11839,23,0,38,-4,174,13,1119,0,55,39
12-24-20,Union,1203,7,1071,5,132,2,1164,4,8271,35,9435,39,0,12,-26,147,33,1044,0,38,16
12-24-20,Van Buren,573,16,509,14,64,2,569,15,4230,18,4799,33,0,6,13,74,3,493,0,12,6
12-24-20,Warren,4063,43,3616,38,447,5,4103,42,25469,101,29572,143,1,33,-29,701,71,3329,0,71,44
12-24-20,Washington,9450,75,8480,39,970,36,9385,39,60647,233,70032,272,0,153,-52,1220,127,8077,0,275,165
12-24-20,Wayne,2356,20,2075,10,281,10,2273,12,9304,31,11577,43,0,16,9,160,11,2180,0,41,17
12-24-20,Weakley,2961,23,2397,10,564,13,2741,11,17475,26,20216,37,0,41,-11,311,34,2609,1,53,43
12-24-20,White,2572,17,2209,13,363,4,2753,14,18382,71,21135,85,0,37,-14,254,31,2281,0,87,39
12-24-20,Williamson,16727,314,15475,279,1252,35,17412,321,134044,1595,151456,1916,1,118,150,2065,163,14544,2,230,131
12-24-20,Wilson,11748,203,11094,178,654,25,12737,210,74540,647,87277,857,0,118,27,1507,176,10123,0,249,128
12-23-20,Anderson,5260,75,4547,42,713,33,5097,44,48318,316,53415,360,2,54,-6,992,79,4214,2,136,66
12-23-20,Bedford,4266,46,3688,21,578,25,4278,24,23891,54,28169,78,2,57,-23,488,67,3721,0,96,61
12-23-20,Benton,1141,7,1017,2,124,5,1132,2,7394,15,8526,17,2,28,-5,101,10,1012,0,30,32
12-23-20,Bledsoe,1510,3,1462,0,48,3,1550,2,12147,33,13697,35,2,9,-20,103,21,1398,0,28,9
12-23-20,Blount,9670,72,8837,51,833,21,9814,58,55067,216,64881,274,3,93,-107,1629,176,7948,0,243,105
12-23-20,Bradley,8473,92,7590,63,883,29,8707,70,46595,155,55302,225,2,63,-44,1256,134,7154,2,378,79
12-23-20,Campbell,2489,52,1743,14,746,38,1958,13,21303,135,23261,148,2,34,14,412,36,2043,1,90,38
12-23-20,Cannon,1292,9,1148,4,144,5,1287,5,7198,25,8485,30,1,10,-17,198,25,1084,0,22,14
12-23-20,Carroll,2535,26,1873,10,662,16,2225,10,16579,28,18804,38,0,47,-23,292,49,2196,0,65,54
12-23-20,Carter,4302,47,3877,33,425,14,4250,36,28391,62,32641,98,0,79,-25,607,72,3616,0,190,90
12-23-20,Cheatham,2613,43,2290,26,323,17,2615,26,19964,92,22579,118,0,21,0,384,43,2208,1,61,24
12-23-20,Chester,1408,13,1078,6,330,7,1314,6,8680,13,9994,19,0,28,-2,150,15,1230,0,30,32
12-23-20,Claiborne,1491,22,1145,10,346,12,1235,6,17360,128,18595,134,1,17,3,212,18,1262,1,49,21
12-23-20,Clay,835,18,605,6,230,12,688,7,4576,19,5264,26,2,23,2,141,14,671,0,19,25
12-23-20,Cocke,2597,18,2093,6,504,12,2315,7,15808,41,18123,48,0,39,-27,458,45,2100,0,82,49
12-23-20,Coffee,4594,64,3585,26,1009,38,4416,36,35292,132,39708,168,1,61,-3,692,66,3841,1,85,73
12-23-20,Crockett,1557,15,1021,8,536,7,1201,9,5954,31,7155,40,0,30,-3,194,18,1333,1,29,33
12-23-20,Cumberland,4054,40,3707,19,347,21,4290,19,39033,125,43323,144,0,48,-19,707,59,3299,0,113,59
12-23-20,Davidson,58239,590,56594,498,1645,92,69092,630,672104,3034,741196,3664,4,529,-8,5899,594,51811,4,1656,566
12-23-20,Decatur,1271,7,998,4,273,3,1206,5,9750,43,10956,48,0,17,-2,190,9,1064,1,31,18
12-23-20,Dekalb,1918,17,1536,8,382,9,1800,9,13819,18,15619,27,2,30,-11,247,26,1641,1,45,31
12-23-20,Dickson,4337,48,3422,44,915,4,4115,46,26713,151,30828,197,4,57,-25,509,69,3771,0,92,65
12-23-20,Dyer,4066,42,2972,13,1094,29,3362,16,18230,27,21592,43,0,66,11,355,31,3645,0,93,70
12-23-20,Fayette,3149,38,2943,30,206,8,3647,29,27810,122,31457,151,0,45,-2,377,40,2727,0,105,46
12-23-20,Fentress,1775,4,1579,2,196,2,1819,2,8893,18,10712,20,0,27,-21,257,25,1491,0,50,32
12-23-20,Franklin,3286,48,2978,39,308,9,3509,43,25930,105,29439,148,0,45,7,455,41,2786,2,83,51
12-23-20,Gibson,4660,44,3059,25,1601,19,3764,27,23831,92,27595,119,0,87,-11,605,55,3968,1,89,96
12-23-20,Giles,2435,42,2221,26,214,16,2540,26,17553,77,20093,103,1,59,5,496,36,1880,0,91,62
12-23-20,Grainger,1648,7,1350,6,298,1,1519,7,10801,28,12320,35,1,23,-24,266,30,1359,0,53,27
12-23-20,Greene,5134,56,4343,37,791,19,4876,43,32965,69,37841,112,0,88,-35,936,91,4110,0,153,98
12-23-20,Grundy,1127,11,1008,5,119,6,1173,4,5834,18,7007,22,0,15,-9,128,20,984,0,47,16
12-23-20,Hamblen,5365,63,4501,42,864,21,5070,46,37105,108,42175,154,1,75,-29,769,91,4521,0,186,94
12-23-20,Hamilton,25936,397,23550,258,2386,139,26548,273,235312,1206,261860,1479,4,251,23,2738,370,22947,8,789,284
12-23-20,Hancock,302,4,244,3,58,1,264,3,3060,3,3324,6,0,4,4,46,0,252,0,14,6
12-23-20,Hardeman,2719,13,2378,9,341,4,2808,9,20497,33,23305,42,0,41,-6,197,19,2481,0,89,44
12-23-20,Hardin,2481,30,1847,15,634,15,2233,15,18766,127,20999,142,0,34,0,300,30,2147,0,46,38
12-23-20,Hawkins,3325,40,2960,27,365,13,3216,30,22960,97,26176,127,0,52,-17,556,57,2717,0,113,56
12-23-20,Haywood,2122,28,1846,10,276,18,2094,10,11055,55,13149,65,1,35,-2,200,29,1887,2,62,37
12-23-20,Henderson,2746,28,2054,12,692,16,2651,12,13775,34,16426,46,0,41,-28,352,56,2353,0,60,45
12-23-20,Henry,2194,18,1852,4,342,14,2142,6,15058,14,17200,20,1,34,-9,184,26,1976,1,63,41
12-23-20,Hickman,1842,15,1656,12,186,3,1936,11,12537,37,14473,48,0,25,-18,265,33,1552,1,39,27
12-23-20,Houston,773,3,619,0,154,3,704,0,6540,2,7244,2,0,21,-9,65,12,687,0,38,23
12-23-20,Humphreys,1107,10,811,2,296,8,954,2,9238,64,10192,66,0,11,-10,141,20,955,0,23,13
12-23-20,Jackson,968,9,774,4,194,5,917,4,4342,4,5259,8,0,18,-13,94,22,856,1,30,20
12-23-20,Jefferson,3579,46,2834,23,745,23,3231,24,28348,65,31579,89,1,56,-1,560,46,2963,0,129,62
12-23-20,Johnson,1722,5,1619,3,103,2,1726,2,11172,9,12898,11,1,28,-2,105,6,1589,0,48,27
12-23-20,Knox,30565,474,28027,351,2538,123,30704,390,236975,1432,267679,1822,6,259,-13,4457,481,25849,8,877,291
12-23-20,Lake,1362,11,1230,5,132,6,1463,5,8413,10,9876,15,0,12,7,57,4,1293,0,15,13
12-23-20,Lauderdale,2485,12,2017,4,468,8,2321,7,17056,33,19377,40,0,28,-4,158,16,2299,0,74,26
12-23-20,Lawrence,4113,56,3434,34,679,22,3799,33,22084,81,25883,114,0,54,7,559,49,3500,2,115,60
12-23-20,Lewis,1100,5,982,2,118,3,1060,2,8384,15,9444,17,0,19,-2,117,7,964,0,33,20
12-23-20,Lincoln,3000,32,2466,16,534,16,2813,16,13629,30,16442,46,1,31,-24,525,55,2444,0,61,33
12-23-20,Loudon,3772,72,3359,19,413,53,3667,20,24497,72,28164,92,1,30,-47,671,118,3071,2,88,39
12-23-20,Macon,2519,11,2163,4,356,7,2576,6,12280,6,14856,12,3,41,-28,297,36,2181,0,104,44
12-23-20,Madison,7543,62,4425,28,3118,34,5575,33,43478,122,49053,155,3,149,-51,406,110,6988,3,288,163
12-23-20,Marion,1858,31,1712,8,146,23,1961,10,12990,57,14951,67,1,25,7,217,23,1616,0,83,27
12-23-20,Marshall,2630,50,2449,20,181,30,2774,18,18290,30,21064,48,0,28,16,378,34,2224,1,58,28
12-23-20,Maury,8616,116,8231,78,385,38,9141,81,55501,154,64642,235,1,98,21,999,94,7519,3,213,106
12-23-20,McMinn,4123,50,3858,43,265,7,4283,48,31019,127,35302,175,1,61,-15,598,64,3464,0,114,66
12-23-20,McNairy,1870,30,1417,18,453,12,1809,17,13044,98,14853,115,0,37,19,219,11,1614,0,53,38
12-23-20,Meigs,863,11,818,9,45,2,919,9,5773,27,6692,36,0,14,-1,146,12,703,0,31,16
12-23-20,Monroe,3565,45,3186,35,379,10,3562,43,20508,81,24070,124,0,52,-12,637,57,2876,0,117,61
12-23-20,Montgomery,10661,141,8914,71,1747,70,9891,72,80484,389,90375,461,3,115,-10,1299,148,9247,3,218,131
12-23-20,Moore,669,10,549,5,120,5,630,5,3860,9,4490,14,1,5,-13,103,22,561,1,10,7
12-23-20,Morgan,1470,22,1213,18,257,4,1310,18,12458,42,13768,60,0,11,-10,307,32,1152,0,20,16
12-23-20,Obion,3519,28,2705,8,814,20,3075,8,17235,51,20310,59,0,67,-9,342,37,3110,1,85,72
12-23-20,Out of State,10893,133,9060,88,1833,45,10095,112,477986,1449,488081,1561,0,64,-107,1647,240,9182,2,148,51
12-23-20,Overton,2076,12,1726,9,350,3,2041,9,11830,29,13871,38,1,40,-15,260,26,1776,0,53,46
12-23-20,Pending,8593,168,6624,67,1969,101,7361,74,302627,1342,309988,1416,3,67,4,1688,161,6838,1,94,69
12-23-20,Perry,803,7,731,5,72,2,814,2,5224,10,6038,12,0,23,-7,126,14,654,0,26,24
12-23-20,Pickett,531,4,356,2,175,2,436,2,2584,7,3020,9,0,17,-2,73,6,441,0,26,18
12-23-20,Polk,1065,14,999,13,66,1,1129,13,6671,26,7800,39,0,15,4,170,10,880,0,43,16
12-23-20,Putnam,7948,56,6869,22,1079,34,8316,22,54720,67,63036,89,4,113,-47,861,99,6974,1,172,131
12-23-20,Rhea,2853,52,2639,37,214,15,2982,41,19742,85,22724,126,1,45,-5,479,56,2329,0,67,49
12-23-20,Roane,3900,44,3469,21,431,23,3862,25,33279,110,37141,135,3,48,-18,586,59,3266,2,98,51
12-23-20,Robertson,6120,79,5494,37,626,42,6246,43,32729,88,38975,131,0,71,-17,856,96,5193,1,299,76
12-23-20,Rutherford,26743,277,24844,160,1899,117,29244,217,169181,762,198425,979,5,227,-106,3108,378,23408,3,451,244
12-23-20,Scott,2062,40,1332,17,730,23,1411,17,9073,39,10484,56,1,20,-4,401,43,1641,0,47,23
12-23-20,Sequatchie,1016,15,896,6,120,9,968,6,9585,22,10553,28,0,10,3,224,12,782,0,25,12
12-23-20,Sevier,8177,77,7633,55,544,22,8389,60,48753,175,57142,235,0,60,-57,1334,134,6783,0,201,75
12-23-20,Shelby,63377,652,60787,576,2590,76,75016,719,663011,5017,738027,5736,11,835,14,5842,627,56700,9,2847,1004
12-23-20,Smith,1982,21,1664,7,318,14,2083,8,10145,26,12228,34,0,23,-8,243,29,1716,0,50,23
12-23-20,Stewart,815,10,676,3,139,7,772,3,5290,43,6062,46,0,19,1,69,9,727,0,20,20
12-23-20,Sullivan,10172,141,9131,114,1041,27,9883,123,62803,517,72686,640,2,166,1,1270,138,8736,4,561,179
12-23-20,Sumner,14917,120,14284,96,633,24,16238,116,89365,338,105603,454,3,193,-78,1695,195,13029,2,608,214
12-23-20,Tipton,5054,45,3923,21,1131,24,4764,29,36104,143,40868,172,1,51,-27,556,71,4447,0,120,57
12-23-20,Trousdale,2120,11,2057,3,63,8,2195,3,7379,12,9574,15,0,12,-1,98,12,2010,0,33,13
12-23-20,Unicoi,1322,11,1122,2,200,9,1243,6,10573,51,11816,57,0,38,-5,178,16,1106,0,55,39
12-23-20,Union,1196,12,1066,8,130,4,1160,10,8236,27,9396,37,3,12,-10,173,19,1011,0,38,16
12-23-20,Van Buren,557,1,495,1,62,0,554,1,4212,67,4766,68,1,6,-12,61,12,490,0,12,6
12-23-20,Warren,4020,35,3578,20,442,15,4061,22,25368,53,29429,75,2,32,-55,730,88,3258,0,71,41
12-23-20,Washington,9375,78,8441,54,934,24,9346,66,60414,164,69760,230,2,153,-66,1272,142,7950,0,275,165
12-23-20,Wayne,2336,12,2065,6,271,6,2261,5,9273,26,11534,31,0,16,-1,151,13,2169,0,41,17
12-23-20,Weakley,2938,20,2387,13,551,7,2730,15,17449,64,20179,79,0,41,-6,322,26,2575,1,52,43
12-23-20,White,2555,22,2196,11,359,11,2739,11,18311,31,21050,42,0,37,-16,268,38,2250,0,87,38
12-23-20,Williamson,16413,224,15196,150,1217,74,17091,164,132449,582,149540,746,3,117,49,1915,172,14381,1,228,130
12-23-20,Wilson,11545,106,10916,60,629,46,12527,75,73893,300,86420,375,3,118,-34,1480,137,9947,2,249,126
12-22-20,Anderson,5185,71,4505,45,680,26,5053,52,48002,114,53055,166,1,52,-29,998,99,4135,2,134,64
12-22-20,Bedford,4220,29,3667,19,553,10,4254,21,23837,72,28091,93,1,55,-35,511,63,3654,2,96,61
12-22-20,Benton,1134,5,1015,1,119,4,1130,2,7379,5,8509,7,0,26,-3,106,8,1002,1,30,31
12-22-20,Bledsoe,1507,7,1462,4,45,3,1548,4,12114,47,13662,51,0,7,-7,123,14,1377,0,28,9
12-22-20,Blount,9598,142,8786,96,812,46,9756,113,54851,195,64607,308,3,90,-13,1736,152,7772,7,243,102
12-22-20,Bradley,8381,113,7527,91,854,22,8637,102,46440,268,55077,370,0,61,-13,1300,126,7020,2,376,79
12-22-20,Campbell,2437,78,1729,9,708,69,1945,7,21168,25,23113,32,0,32,48,398,30,2007,4,89,38
12-22-20,Cannon,1283,15,1144,6,139,9,1282,6,7173,44,8455,50,0,9,-17,215,32,1059,1,22,14
12-22-20,Carroll,2509,18,1863,3,646,15,2215,5,16551,28,18766,33,1,47,-20,315,37,2147,0,65,54
12-22-20,Carter,4255,88,3844,65,411,23,4214,68,28329,87,32543,155,3,79,12,632,73,3544,2,190,89
12-22-20,Cheatham,2570,52,2264,35,306,17,2589,38,19872,91,22461,129,0,21,4,384,48,2165,1,60,24
12-22-20,Chester,1395,15,1072,3,323,12,1308,4,8667,20,9975,24,2,28,0,152,13,1215,0,30,31
12-22-20,Claiborne,1469,21,1135,13,334,8,1229,10,17232,21,18461,31,4,16,-14,209,31,1244,4,48,20
12-22-20,Clay,817,6,599,0,218,6,681,1,4557,11,5238,12,0,21,0,139,6,657,0,19,25
12-22-20,Cocke,2579,71,2087,21,492,50,2308,21,15767,62,18075,83,2,39,20,485,49,2055,1,82,47
12-22-20,Coffee,4530,60,3559,18,971,42,4380,30,35160,147,39540,177,2,60,-36,695,94,3775,2,84,69
12-22-20,Crockett,1542,16,1013,0,529,16,1192,0,5923,15,7115,15,1,30,-8,197,23,1315,0,28,33
12-22-20,Cumberland,4014,40,3688,16,326,24,4271,15,38908,63,43179,78,0,48,-16,726,56,3240,0,113,58
12-22-20,Davidson,57649,700,56096,653,1553,47,68462,768,669070,5540,737532,6308,7,525,115,5907,578,51217,8,1652,560
12-22-20,Decatur,1264,11,994,4,270,7,1201,4,9707,15,10908,19,0,17,-5,192,16,1055,1,30,18
12-22-20,Dekalb,1901,38,1528,15,373,23,1791,17,13801,66,15592,83,0,28,0,258,38,1615,2,44,31
12-22-20,Dickson,4289,69,3378,51,911,18,4069,57,26562,172,30631,229,0,53,-12,534,81,3702,1,92,62
12-22-20,Dyer,4024,31,2959,9,1065,22,3346,10,18203,36,21549,46,1,66,-4,344,34,3614,0,93,69
12-22-20,Fayette,3111,29,2913,18,198,11,3618,24,27688,86,31306,110,0,45,-8,379,37,2687,0,105,46
12-22-20,Fentress,1771,19,1577,12,194,7,1817,13,8875,22,10692,35,0,27,-12,278,31,1466,1,50,32
12-22-20,Franklin,3238,30,2939,19,299,11,3466,23,25825,55,29291,78,1,45,-23,448,52,2745,1,81,51
12-22-20,Gibson,4616,50,3034,9,1582,41,3737,12,23739,48,27476,60,5,87,-20,616,65,3913,0,88,94
12-22-20,Giles,2393,31,2195,16,198,15,2514,17,17476,34,19990,51,1,58,1,491,29,1844,0,91,62
12-22-20,Grainger,1641,15,1344,8,297,7,1512,9,10773,18,12285,27,0,22,-21,290,36,1329,1,53,27
12-22-20,Greene,5078,71,4306,28,772,43,4833,21,32896,123,37729,144,6,88,-12,971,77,4019,0,153,97
12-22-20,Grundy,1116,16,1003,11,113,5,1169,10,5816,18,6985,28,0,15,7,137,9,964,1,47,16
12-22-20,Hamblen,5302,57,4459,15,843,42,5024,15,36997,58,42021,73,2,74,-43,798,98,4430,1,186,93
12-22-20,Hamilton,25539,461,23292,400,2247,61,26275,455,234106,1246,260381,1701,10,247,102,2715,349,22577,8,781,279
12-22-20,Hancock,298,4,241,1,57,3,261,1,3057,0,3318,1,0,4,0,42,4,252,0,14,5
12-22-20,Hardeman,2706,18,2369,7,337,11,2799,7,20464,19,23263,26,1,41,-1,203,18,2462,0,89,43
12-22-20,Hardin,2451,25,1832,6,619,19,2218,9,18639,20,20857,29,1,34,0,300,24,2117,0,46,37
12-22-20,Hawkins,3285,27,2933,17,352,10,3186,12,22863,68,26049,80,4,52,-41,573,64,2660,0,113,56
12-22-20,Haywood,2094,11,1836,9,258,2,2084,9,11000,26,13084,35,0,34,-9,202,20,1858,0,60,37
12-22-20,Henderson,2718,34,2042,14,676,20,2639,11,13741,17,16380,28,1,41,-2,380,35,2297,0,60,43
12-22-20,Henry,2176,19,1848,8,328,11,2136,10,15044,20,17180,30,1,33,-29,193,47,1950,2,62,38
12-22-20,Hickman,1827,27,1644,23,183,4,1925,25,12500,48,14425,73,0,25,2,283,25,1519,1,38,27
12-22-20,Houston,770,10,619,6,151,4,704,6,6538,30,7242,36,0,21,3,74,7,675,0,38,23
12-22-20,Humphreys,1097,19,809,9,288,10,952,10,9174,34,10126,44,0,11,7,151,12,935,0,23,13
12-22-20,Jackson,959,9,770,2,189,7,913,2,4338,5,5251,7,0,18,0,107,9,834,0,29,20
12-22-20,Jefferson,3533,60,2811,31,722,29,3207,33,28283,85,31490,118,0,55,14,561,46,2917,1,129,62
12-22-20,Johnson,1717,10,1616,10,101,0,1724,9,11163,4,12887,13,0,27,-2,107,12,1583,0,48,27
12-22-20,Knox,30091,531,27676,392,2415,139,30314,433,235543,1488,265857,1921,7,253,-23,4470,547,25368,14,869,285
12-22-20,Lake,1351,6,1225,5,126,1,1458,5,8403,21,9861,26,0,12,-3,50,9,1289,1,15,12
12-22-20,Lauderdale,2473,17,2013,6,460,11,2314,7,17023,41,19337,48,1,28,-12,162,28,2283,0,74,26
12-22-20,Lawrence,4057,47,3400,17,657,30,3766,17,22003,58,25769,75,2,54,-12,552,57,3451,1,113,59
12-22-20,Lewis,1095,7,980,0,115,7,1058,0,8369,13,9427,13,0,19,-2,119,9,957,1,33,20
12-22-20,Lincoln,2968,34,2450,6,518,28,2797,6,13599,19,16396,25,2,30,-14,549,46,2389,0,61,33
12-22-20,Loudon,3700,72,3340,45,360,27,3647,50,24425,70,28072,120,0,29,14,718,58,2953,0,86,38
12-22-20,Macon,2508,15,2159,6,349,9,2570,7,12274,13,14844,20,1,38,-16,325,30,2145,0,104,43
12-22-20,Madison,7481,88,4397,34,3084,54,5542,36,43356,108,48898,144,4,146,-17,457,101,6878,1,285,163
12-22-20,Marion,1827,13,1704,7,123,6,1951,8,12933,32,14884,40,1,24,-30,210,42,1593,0,83,27
12-22-20,Marshall,2580,21,2429,11,151,10,2756,12,18260,39,21016,51,0,28,-9,362,30,2190,1,57,28
12-22-20,Maury,8500,52,8153,46,347,6,9060,45,55347,188,64407,233,1,97,-66,978,117,7425,1,210,104
12-22-20,McMinn,4073,45,3815,20,258,25,4235,23,30892,90,35127,113,0,60,-28,613,73,3400,1,114,64
12-22-20,McNairy,1840,28,1399,10,441,18,1792,10,12946,29,14738,39,2,37,0,200,26,1603,0,53,37
12-22-20,Meigs,852,13,809,9,43,4,910,9,5746,19,6656,28,0,14,-6,147,19,691,0,31,15
12-22-20,Monroe,3520,59,3151,21,369,38,3519,20,20427,49,23946,69,1,52,-1,649,59,2819,1,117,59
12-22-20,Montgomery,10520,107,8843,86,1677,21,9819,93,80095,347,89914,440,3,112,-81,1309,185,9099,3,215,128
12-22-20,Moore,659,4,544,1,115,3,625,1,3851,4,4476,5,0,4,-14,116,18,539,1,9,7
12-22-20,Morgan,1448,28,1195,10,253,18,1292,12,12416,29,13708,41,0,11,-13,317,41,1120,0,20,15
12-22-20,Obion,3491,31,2697,19,794,12,3067,21,17184,73,20251,94,0,67,3,351,28,3073,2,84,72
12-22-20,Out of State,10760,130,8972,100,1788,30,9983,106,476537,1556,486520,1662,0,64,-87,1754,217,8942,1,146,51
12-22-20,Overton,2064,9,1717,6,347,3,2032,7,11801,23,13833,30,0,39,-16,275,25,1750,0,53,46
12-22-20,Pending,8425,270,6557,131,1868,139,7287,137,301285,1281,308572,1418,1,64,94,1684,175,6677,2,93,68
12-22-20,Perry,796,6,726,1,70,5,812,3,5214,12,6026,15,0,23,-11,133,17,640,0,26,24
12-22-20,Pickett,527,3,354,0,173,3,434,1,2577,6,3011,7,0,17,0,75,3,435,0,26,18
12-22-20,Polk,1051,13,986,11,65,2,1116,11,6645,22,7761,33,0,15,-5,166,18,870,0,43,15
12-22-20,Putnam,7892,61,6847,31,1045,30,8294,36,54653,78,62947,114,0,109,-40,908,101,6875,0,171,131
12-22-20,Rhea,2801,20,2602,10,199,10,2941,10,19657,53,22598,63,0,44,-21,484,41,2273,0,67,48
12-22-20,Roane,3856,33,3448,11,408,22,3837,11,33169,75,37006,86,0,45,-36,604,69,3207,0,96,51
12-22-20,Robertson,6041,112,5457,64,584,48,6203,74,32641,153,38844,227,1,71,23,873,88,5097,4,298,76
12-22-20,Rutherford,26466,271,24684,225,1782,46,29027,251,168419,785,197446,1036,7,222,-153,3214,417,23030,5,448,239
12-22-20,Scott,2022,41,1315,8,707,33,1394,6,9034,18,10428,24,2,19,-11,405,50,1598,0,47,22
12-22-20,Sequatchie,1001,16,890,7,111,9,962,9,9563,15,10525,24,3,10,-11,221,24,770,0,25,12
12-22-20,Sevier,8100,119,7578,86,522,33,8329,95,48578,208,56907,303,2,60,-72,1391,189,6649,1,201,73
12-22-20,Shelby,62725,666,60211,572,2514,94,74297,693,657994,4329,732291,5022,6,824,32,5828,628,56073,14,2838,995
12-22-20,Smith,1961,24,1657,7,304,17,2075,6,10119,15,12194,21,0,23,-5,251,29,1687,0,50,23
12-22-20,Stewart,805,8,673,5,132,3,769,5,5247,28,6016,33,0,19,-2,68,10,718,0,20,20
12-22-20,Sullivan,10031,140,9017,97,1014,43,9760,104,62286,314,72046,418,3,164,-25,1269,162,8598,1,557,177
12-22-20,Sumner,14797,207,14188,170,609,37,16122,184,89027,557,105149,741,5,190,-2,1773,204,12834,4,606,212
12-22-20,Tipton,5009,46,3902,17,1107,29,4735,21,35961,109,40696,130,0,50,-13,583,59,4376,0,120,56
12-22-20,Trousdale,2109,9,2054,8,55,1,2192,8,7367,32,9559,40,0,12,1,99,8,1998,0,33,13
12-22-20,Unicoi,1311,22,1120,8,191,14,1237,4,10522,10,11759,14,2,38,1,183,19,1090,0,55,39
12-22-20,Union,1184,11,1058,6,126,5,1150,10,8209,27,9359,37,2,9,-28,183,37,992,0,38,16
12-22-20,Van Buren,556,2,494,2,62,0,553,2,4145,3,4698,5,0,5,-10,73,12,478,0,12,6
12-22-20,Warren,3985,72,3558,60,427,12,4039,68,25315,209,29354,277,1,30,-3,785,74,3170,0,71,39
12-22-20,Washington,9297,153,8387,88,910,65,9280,79,60250,144,69530,223,7,151,3,1338,143,7808,0,275,163
12-22-20,Wayne,2324,29,2059,0,265,29,2256,0,9247,15,11503,15,0,16,17,152,12,2156,0,41,17
12-22-20,Weakley,2918,32,2374,12,544,20,2715,13,17385,53,20100,66,1,41,-1,328,32,2549,0,51,43
12-22-20,White,2533,18,2185,10,348,8,2728,13,18280,56,21008,69,1,37,-21,284,38,2212,0,87,38
12-22-20,Williamson,16189,231,15046,205,1143,26,16927,234,131867,1252,148794,1486,3,114,36,1866,192,14209,6,227,129
12-22-20,Wilson,11439,167,10856,146,583,21,12452,163,73593,410,86045,573,0,115,-2,1514,169,9810,1,247,124
12-21-20,Anderson,5114,48,4460,18,654,30,5001,22,47888,221,52889,243,3,51,-82,1027,127,4036,2,132,59
12-21-20,Bedford,4191,27,3648,16,543,11,4233,17,23765,56,27998,73,0,54,-64,546,91,3591,0,94,61
12-21-20,Benton,1129,12,1014,5,115,7,1128,7,7374,38,8502,45,0,26,-10,109,22,994,0,29,31
12-21-20,Bledsoe,1500,6,1458,4,42,2,1544,3,12067,26,13611,29,0,7,-19,130,25,1363,0,28,9
12-21-20,Blount,9456,128,8690,109,766,19,9643,113,54656,293,64299,406,1,87,-119,1749,246,7620,0,236,101
12-21-20,Bradley,8268,103,7436,85,832,18,8535,107,46172,231,54707,338,1,61,-65,1313,167,6894,2,374,76
12-21-20,Campbell,2359,21,1720,9,639,12,1938,13,21143,64,23081,77,0,32,-32,350,53,1977,0,85,37
12-21-20,Cannon,1268,18,1138,14,130,4,1276,18,7129,33,8405,51,1,9,-16,232,33,1027,0,21,13
12-21-20,Carroll,2491,30,1860,15,631,15,2210,14,16523,54,18733,68,0,46,0,335,30,2110,0,65,54
12-21-20,Carter,4167,43,3779,32,388,11,4146,40,28242,181,32388,221,0,76,-59,620,102,3471,1,188,86
12-21-20,Cheatham,2518,32,2229,23,289,9,2551,25,19781,98,22332,123,2,21,-14,380,44,2117,0,59,23
12-21-20,Chester,1380,21,1069,13,311,8,1304,13,8647,91,9951,104,0,26,-2,152,23,1202,0,30,31
12-21-20,Claiborne,1448,19,1122,8,326,11,1219,5,17211,41,18430,46,0,12,-10,223,29,1213,0,44,20
12-21-20,Clay,811,9,599,3,212,6,680,3,4546,7,5226,10,0,21,-5,139,14,651,0,19,25
12-21-20,Cocke,2508,43,2066,17,442,26,2287,19,15705,95,17992,114,0,37,-14,465,57,2006,0,81,46
12-21-20,Coffee,4470,39,3541,29,929,10,4350,35,35013,118,39363,153,2,58,-93,731,130,3681,0,82,68
12-21-20,Crockett,1526,14,1013,9,513,5,1192,8,5908,14,7100,22,0,29,-7,205,21,1292,0,28,33
12-21-20,Cumberland,3974,49,3672,29,302,20,4256,32,38845,118,43101,150,0,48,-30,742,79,3184,1,113,57
12-21-20,Davidson,56949,451,55443,410,1506,41,67694,487,663530,2263,731224,2750,15,518,-393,5792,829,50639,5,1644,549
12-21-20,Decatur,1253,20,990,16,263,4,1197,18,9692,31,10889,49,0,17,10,197,10,1039,0,29,18
12-21-20,Dekalb,1863,17,1513,9,350,8,1774,11,13735,19,15509,30,1,28,-30,258,46,1577,0,42,30
12-21-20,Dickson,4220,54,3327,31,893,23,4012,33,26390,156,30402,189,2,53,-13,546,65,3621,1,91,62
12-21-20,Dyer,3993,20,2950,6,1043,14,3336,7,18167,23,21503,30,0,65,-24,348,44,3580,0,93,69
12-21-20,Fayette,3082,27,2895,24,187,3,3594,29,27602,155,31196,184,1,45,-12,387,38,2650,0,105,46
12-21-20,Fentress,1752,12,1565,7,187,5,1804,8,8853,13,10657,21,0,27,-20,290,32,1435,0,49,31
12-21-20,Franklin,3208,30,2920,24,288,6,3443,25,25770,164,29213,189,0,44,-44,471,74,2693,0,80,50
12-21-20,Gibson,4566,56,3025,26,1541,30,3725,30,23691,66,27416,96,1,82,-11,636,66,3848,0,88,94
12-21-20,Giles,2362,51,2179,37,183,14,2497,40,17442,54,19939,94,1,57,4,490,46,1815,0,91,62
12-21-20,Grainger,1626,24,1336,18,290,6,1503,16,10755,45,12258,61,0,22,-13,311,37,1293,2,52,27
12-21-20,Greene,5007,83,4278,60,729,23,4812,66,32773,245,37585,311,0,82,-29,983,112,3942,1,153,96
12-21-20,Grundy,1100,8,992,3,108,5,1159,3,5798,21,6957,24,0,15,-14,130,22,955,0,46,16
12-21-20,Hamblen,5245,46,4444,28,801,18,5009,30,36939,112,41948,142,1,72,-79,841,124,4332,2,185,92
12-21-20,Hamilton,25078,355,22892,308,2186,47,25820,331,232860,1464,258680,1795,2,237,-64,2613,417,22228,6,773,276
12-21-20,Hancock,294,1,240,0,54,1,260,0,3057,9,3317,9,0,4,-6,42,7,248,0,14,5
12-21-20,Hardeman,2688,12,2362,7,326,5,2792,8,20445,55,23237,63,0,40,-17,204,29,2444,0,89,43
12-21-20,Hardin,2426,29,1826,19,600,10,2209,21,18619,68,20828,89,0,33,-18,300,47,2093,0,46,36
12-21-20,Hawkins,3258,45,2916,28,342,17,3174,33,22795,125,25969,158,0,48,-65,614,110,2596,2,113,55
12-21-20,Haywood,2083,7,1827,5,256,2,2075,5,10974,27,13049,32,0,34,-29,211,36,1838,0,60,37
12-21-20,Henderson,2684,27,2028,18,656,9,2628,21,13724,33,16352,54,0,40,-11,382,38,2262,0,60,41
12-21-20,Henry,2157,19,1840,16,317,3,2126,18,15024,28,17150,46,0,32,-20,222,39,1903,0,60,38
12-21-20,Hickman,1800,24,1621,19,179,5,1900,20,12452,53,14352,73,0,25,-15,281,39,1494,0,37,26
12-21-20,Houston,760,9,613,7,147,2,698,6,6508,110,7206,116,0,21,0,71,9,668,1,38,23
12-21-20,Humphreys,1078,19,800,11,278,8,942,12,9140,49,10082,61,0,11,7,144,12,923,0,23,12
12-21-20,Jackson,950,4,768,3,182,1,911,3,4333,15,5244,18,0,18,-21,107,25,825,0,29,19
12-21-20,Jefferson,3473,56,2780,30,693,26,3174,33,28198,85,31372,118,1,55,-26,547,81,2871,1,128,62
12-21-20,Johnson,1707,9,1606,9,101,0,1715,9,11159,30,12874,39,0,27,-8,109,17,1571,0,48,27
12-21-20,Knox,29560,443,27284,361,2276,82,29881,372,234055,1434,263936,1806,2,246,-139,4493,580,24821,5,855,279
12-21-20,Lake,1345,2,1220,1,125,1,1453,1,8382,7,9835,8,0,12,-7,53,9,1280,0,14,12
12-21-20,Lauderdale,2456,14,2007,10,449,4,2307,11,16982,49,19289,60,0,27,-17,174,31,2255,0,74,26
12-21-20,Lawrence,4010,44,3383,18,627,26,3749,18,21945,64,25694,82,0,52,-20,564,64,3394,1,112,59
12-21-20,Lewis,1088,6,980,3,108,3,1058,3,8356,4,9414,7,0,19,-16,121,22,948,0,32,20
12-21-20,Lincoln,2934,44,2444,33,490,11,2791,39,13580,45,16371,84,1,28,-38,563,81,2343,0,61,33
12-21-20,Loudon,3628,57,3295,41,333,16,3597,40,24355,82,27952,122,0,29,-20,704,77,2895,0,86,36
12-21-20,Macon,2493,31,2153,9,340,22,2563,10,12261,20,14824,30,1,37,-25,341,55,2115,1,104,43
12-21-20,Madison,7393,56,4363,38,3030,18,5506,43,43248,172,48754,215,1,142,-63,474,118,6777,0,284,163
12-21-20,Marion,1814,11,1697,7,117,4,1943,8,12901,56,14844,64,1,23,-46,240,56,1551,0,83,27
12-21-20,Marshall,2559,31,2418,16,141,15,2744,16,18221,52,20965,68,0,28,-23,371,54,2160,0,56,28
12-21-20,Maury,8448,55,8107,38,341,17,9015,44,55159,118,64174,162,1,96,-78,1044,132,7308,4,209,104
12-21-20,McMinn,4028,50,3795,46,233,4,4212,46,30802,135,35014,181,0,60,-41,641,91,3327,0,113,64
12-21-20,McNairy,1812,17,1389,8,423,9,1782,9,12917,52,14699,61,0,35,-14,200,31,1577,0,53,37
12-21-20,Meigs,839,4,800,4,39,0,901,4,5727,31,6628,35,0,14,-24,153,28,672,0,31,15
12-21-20,Monroe,3461,51,3130,29,331,22,3499,29,20378,103,23877,132,0,51,-19,650,70,2760,0,116,59
12-21-20,Montgomery,10413,132,8757,112,1656,20,9726,120,79748,498,89474,618,3,109,-157,1390,286,8914,3,212,127
12-21-20,Moore,655,9,543,2,112,7,624,1,3847,10,4471,11,0,4,-9,130,18,521,0,8,7
12-21-20,Morgan,1420,27,1185,11,235,16,1280,11,12387,29,13667,40,0,11,-26,330,53,1079,1,20,14
12-21-20,Obion,3460,31,2678,17,782,14,3046,19,17111,36,20157,55,0,67,-24,348,55,3045,0,82,71
12-21-20,Out of State,10630,159,8872,71,1758,88,9877,81,474981,1346,484858,1427,0,64,-130,1841,289,8725,0,145,49
12-21-20,Overton,2055,24,1711,13,344,11,2025,13,11778,25,13803,38,0,39,-21,291,45,1725,0,53,45
12-21-20,Pending,8155,170,6426,112,1729,58,7150,111,300004,1378,307154,1489,3,63,-81,1590,248,6502,2,91,65
12-21-20,Perry,790,15,725,13,65,2,809,13,5202,15,6011,28,0,23,-5,144,20,623,0,26,24
12-21-20,Pickett,524,8,354,4,170,4,433,5,2571,4,3004,9,0,17,1,75,7,432,0,26,18
12-21-20,Polk,1038,17,975,17,63,0,1105,20,6623,38,7728,58,0,15,-1,171,18,852,0,43,15
12-21-20,Putnam,7831,42,6816,28,1015,14,8258,31,54575,111,62833,142,1,109,-73,948,114,6774,1,171,129
12-21-20,Rhea,2781,49,2592,42,189,7,2931,43,19604,95,22535,138,0,44,-16,505,65,2232,0,67,48
12-21-20,Roane,3823,70,3437,44,386,26,3826,48,33094,154,36920,202,1,45,-48,640,117,3138,1,96,50
12-21-20,Robertson,5929,74,5393,52,536,22,6129,56,32488,130,38617,186,1,70,-76,850,149,5009,1,294,74
12-21-20,Rutherford,26195,253,24459,208,1736,45,28776,236,167634,834,196410,1070,1,215,-207,3367,459,22613,2,443,235
12-21-20,Scott,1981,26,1307,6,674,20,1388,4,9016,14,10404,18,1,17,-27,416,52,1548,0,47,22
12-21-20,Sequatchie,985,8,883,3,102,5,953,3,9548,14,10501,17,0,7,-23,232,31,746,1,25,12
12-21-20,Sevier,7981,161,7492,141,489,20,8234,153,48370,414,56604,567,0,58,-26,1463,187,6460,4,200,69
12-21-20,Shelby,62059,551,59639,499,2420,52,73604,618,653665,3650,727269,4268,3,818,-196,5796,744,55445,17,2824,978
12-21-20,Smith,1937,15,1650,14,287,1,2069,21,10104,126,12173,147,0,23,-13,256,28,1658,0,50,23
12-21-20,Stewart,797,6,668,3,129,3,764,4,5219,14,5983,18,0,19,-1,70,7,708,0,20,20
12-21-20,Sullivan,9891,137,8920,102,971,35,9656,115,61972,579,71628,694,0,161,-53,1294,190,8436,1,556,173
12-21-20,Sumner,14590,151,14018,132,572,19,15938,150,88470,416,104408,566,3,185,-109,1775,257,12630,1,602,209
12-21-20,Tipton,4963,76,3885,37,1078,39,4714,43,35852,158,40566,201,1,50,8,596,67,4317,0,120,55
12-21-20,Trousdale,2100,5,2046,4,54,1,2184,5,7335,21,9519,26,0,12,-16,98,21,1990,0,33,12
12-21-20,Unicoi,1289,12,1112,5,177,7,1233,5,10512,37,11745,42,0,36,-6,182,18,1071,0,55,39
12-21-20,Union,1173,18,1052,12,121,6,1140,11,8182,30,9322,41,0,7,-19,211,37,955,0,38,16
12-21-20,Van Buren,554,4,492,3,62,1,551,3,4142,17,4693,20,0,5,-8,83,12,466,0,12,6
12-21-20,Warren,3913,39,3498,24,415,15,3971,24,25106,64,29077,88,0,29,-75,788,114,3096,5,71,36
12-21-20,Washington,9144,91,8299,73,845,18,9201,80,60106,367,69307,447,0,144,-103,1335,194,7665,1,275,160
12-21-20,Wayne,2295,11,2059,4,236,7,2256,7,9232,17,11488,24,0,16,2,135,9,2144,1,41,17
12-21-20,Weakley,2886,25,2362,13,524,12,2702,12,17332,82,20034,94,0,40,-20,329,45,2517,0,51,43
12-21-20,White,2515,18,2175,15,340,3,2715,16,18224,36,20939,52,0,36,-28,305,46,2174,0,87,38
12-21-20,Williamson,15958,190,14841,168,1117,22,16693,184,130615,910,147308,1094,2,111,-33,1830,221,14017,2,221,126
12-21-20,Wilson,11272,104,10710,94,562,10,12289,113,73183,333,85472,446,3,115,-123,1516,224,9641,1,246,124
12-20-20,Anderson,5066,141,4442,122,624,19,4979,137,47667,464,52646,601,2,48,83,1109,56,3909,3,130,56
12-20-20,Bedford,4164,109,3632,92,532,17,4216,103,23709,357,27925,460,0,54,78,610,31,3500,1,94,60
12-20-20,Benton,1117,4,1009,2,108,2,1121,4,7336,30,8457,34,0,26,-2,119,6,972,0,29,31
12-20-20,Bledsoe,1494,19,1454,13,40,6,1541,12,12041,93,13582,105,1,7,16,149,2,1338,0,28,9
12-20-20,Blount,9328,342,8581,317,747,25,9530,340,54363,718,63893,1058,2,86,250,1868,90,7374,1,236,100
12-20-20,Bradley,8165,144,7351,117,814,27,8428,140,45941,549,54369,689,0,60,85,1378,59,6727,1,372,74
12-20-20,Campbell,2338,46,1711,22,627,24,1925,22,21079,198,23004,220,2,32,29,382,15,1924,0,85,37
12-20-20,Cannon,1250,28,1124,23,126,5,1258,23,7096,64,8354,87,1,8,17,248,10,994,0,21,13
12-20-20,Carroll,2461,46,1845,23,616,23,2196,23,16469,73,18665,96,0,46,23,335,23,2080,0,65,53
12-20-20,Carter,4124,70,3747,65,377,5,4106,71,28061,302,32167,373,0,76,51,679,19,3369,2,187,86
12-20-20,Cheatham,2486,62,2206,47,280,15,2526,55,19683,251,22209,306,0,19,35,394,27,2073,0,59,23
12-20-20,Chester,1359,26,1056,17,303,9,1291,21,8556,62,9847,83,0,26,15,154,11,1179,0,30,30
12-20-20,Claiborne,1429,26,1114,23,315,3,1214,23,17170,246,18384,269,0,12,16,233,10,1184,0,44,20
12-20-20,Clay,802,8,596,7,206,1,677,7,4539,38,5216,45,0,21,4,144,4,637,0,19,25
12-20-20,Cocke,2465,51,2049,33,416,18,2268,38,15610,189,17878,227,2,37,43,479,6,1949,0,81,45
12-20-20,Coffee,4431,129,3512,120,919,9,4315,155,34895,679,39210,834,2,56,97,824,30,3551,0,82,64
12-20-20,Crockett,1512,25,1004,12,508,13,1184,13,5894,40,7078,53,0,29,14,212,11,1271,1,28,33
12-20-20,Cumberland,3925,80,3643,58,282,22,4224,72,38727,420,42951,492,0,48,52,772,28,3105,0,112,55
12-20-20,Davidson,56498,899,55033,838,1465,61,67207,1029,661267,7393,728474,8422,5,503,589,6185,305,49810,13,1639,541
12-20-20,Decatur,1233,27,974,25,259,2,1179,29,9661,94,10840,123,0,17,25,187,2,1029,0,29,18
12-20-20,Dekalb,1846,33,1504,23,342,10,1763,29,13716,92,15479,121,0,27,19,288,14,1531,0,42,30
12-20-20,Dickson,4166,60,3296,54,870,6,3979,62,26234,259,30213,321,0,51,11,559,49,3556,1,90,60
12-20-20,Dyer,3973,48,2944,31,1029,17,3329,34,18144,104,21473,138,0,65,27,372,21,3536,0,93,68
12-20-20,Fayette,3055,40,2871,36,184,4,3565,42,27447,279,31012,321,0,44,32,399,8,2612,0,105,46
12-20-20,Fentress,1740,53,1558,50,182,3,1796,55,8840,168,10636,223,0,27,50,310,3,1403,0,49,31
12-20-20,Franklin,3178,67,2896,61,282,6,3418,64,25606,339,29024,403,0,44,53,515,14,2619,0,80,49
12-20-20,Gibson,4510,94,2999,51,1511,43,3695,46,23625,133,27320,179,0,81,66,647,28,3782,0,88,89
12-20-20,Giles,2311,87,2142,84,169,3,2457,102,17388,205,19845,307,0,56,74,486,13,1769,1,91,61
12-20-20,Grainger,1602,36,1318,30,284,6,1487,32,10710,79,12197,111,0,22,29,324,7,1256,2,50,27
12-20-20,Greene,4924,93,4218,63,706,30,4746,86,32528,433,37274,519,0,82,60,1012,33,3830,1,152,95
12-20-20,Grundy,1092,18,989,14,103,4,1156,18,5777,96,6933,114,1,15,13,144,4,933,0,46,16
12-20-20,Hamblen,5199,130,4416,99,783,31,4979,116,36827,491,41806,607,0,71,115,920,15,4208,4,183,91
12-20-20,Hamilton,24723,557,22584,449,2139,108,25489,498,231396,2315,256885,2813,1,235,295,2677,261,21811,12,767,273
12-20-20,Hancock,293,2,240,2,53,0,260,2,3048,20,3308,22,0,4,-2,48,4,241,0,14,5
12-20-20,Hardeman,2676,38,2355,16,321,22,2784,20,20390,88,23174,108,0,40,29,221,9,2415,0,89,43
12-20-20,Hardin,2397,25,1807,18,590,7,2188,21,18551,87,20739,108,0,33,13,318,12,2046,0,46,36
12-20-20,Hawkins,3213,85,2888,69,325,16,3141,86,22670,496,25811,582,0,48,65,679,20,2486,0,111,53
12-20-20,Haywood,2076,34,1822,28,254,6,2070,30,10947,76,13017,106,0,34,30,240,4,1802,0,60,36
12-20-20,Henderson,2657,56,2010,33,647,23,2607,37,13691,102,16298,139,0,40,40,393,16,2224,0,60,41
12-20-20,Henry,2138,36,1824,33,314,3,2108,38,14996,96,17104,134,1,32,30,242,5,1864,0,60,38
12-20-20,Hickman,1776,34,1602,33,174,1,1880,35,12399,79,14279,114,1,25,23,296,10,1455,0,37,26
12-20-20,Houston,751,7,606,7,145,0,692,7,6398,91,7090,98,0,21,4,71,3,659,0,37,23
12-20-20,Humphreys,1059,18,789,16,270,2,930,17,9091,75,10021,92,1,11,3,137,14,911,0,23,12
12-20-20,Jackson,946,15,765,12,181,3,908,12,4318,37,5226,49,0,18,13,128,2,800,0,29,19
12-20-20,Jefferson,3417,94,2750,55,667,39,3141,60,28113,219,31254,279,0,54,68,573,26,2790,0,127,61
12-20-20,Johnson,1698,20,1597,20,101,0,1706,21,11129,94,12835,115,0,27,16,117,4,1554,0,48,26
12-20-20,Knox,29117,516,26923,433,2194,83,29509,480,232621,2247,262130,2727,2,244,234,4632,280,24241,7,850,276
12-20-20,Lake,1343,5,1219,3,124,2,1452,3,8375,49,9827,52,1,12,4,60,0,1271,0,14,12
12-20-20,Lauderdale,2442,14,1997,8,445,6,2296,9,16933,75,19229,84,0,27,7,191,7,2224,0,74,26
12-20-20,Lawrence,3966,78,3365,71,601,7,3731,74,21881,395,25612,469,0,52,49,584,29,3330,0,111,58
12-20-20,Lewis,1082,19,977,13,105,6,1055,16,8352,82,9407,98,0,19,17,137,2,926,0,32,20
12-20-20,Lincoln,2890,34,2411,27,479,7,2752,36,13535,119,16287,155,0,27,5,601,29,2262,1,61,32
12-20-20,Loudon,3571,108,3254,72,317,36,3557,75,24273,276,27830,351,1,29,82,724,25,2818,4,86,34
12-20-20,Macon,2462,27,2144,26,318,1,2553,29,12241,73,14794,102,2,36,16,366,9,2060,1,103,42
12-20-20,Madison,7337,120,4325,56,3012,64,5463,58,43076,240,48539,298,1,141,43,537,76,6659,1,284,161
12-20-20,Marion,1803,42,1690,34,113,8,1935,38,12845,268,14780,306,0,22,19,286,23,1495,0,83,26
12-20-20,Marshall,2528,61,2402,55,126,6,2728,69,18169,277,20897,346,1,28,45,394,15,2106,0,56,28
12-20-20,Maury,8393,219,8069,213,324,6,8971,235,55041,924,64012,1159,0,95,174,1122,45,7176,1,205,103
12-20-20,McMinn,3978,72,3749,64,229,8,4166,70,30667,419,34833,489,0,60,52,682,20,3236,1,113,64
12-20-20,McNairy,1795,34,1381,14,414,20,1773,16,12865,138,14638,154,0,35,27,214,7,1546,0,53,37
12-20-20,Meigs,835,26,796,23,39,3,897,24,5696,80,6593,104,0,14,17,177,9,644,1,31,15
12-20-20,Monroe,3410,100,3101,78,309,22,3470,82,20275,250,23745,332,1,51,77,669,22,2690,0,116,56
12-20-20,Montgomery,10281,256,8645,218,1636,38,9606,232,79250,1337,88856,1569,0,106,175,1547,81,8628,1,209,126
12-20-20,Moore,646,18,541,15,105,3,623,16,3837,55,4460,71,0,4,14,139,4,503,0,8,6
12-20-20,Morgan,1393,28,1174,22,219,6,1269,23,12358,93,13627,116,0,11,24,356,4,1026,0,19,14
12-20-20,Obion,3429,44,2661,30,768,14,3027,35,17075,131,20102,166,1,67,36,372,7,2990,0,82,71
12-20-20,Out of State,10471,210,8801,162,1670,48,9796,190,473635,3809,483431,3999,0,64,74,1971,136,8436,0,145,47
12-20-20,Overton,2031,40,1698,37,333,3,2012,41,11753,113,13765,154,0,39,32,312,8,1680,0,53,45
12-20-20,Pending,7985,211,6314,167,1671,44,7039,183,298626,2634,305665,2817,4,60,109,1671,98,6254,1,89,61
12-20-20,Perry,775,12,712,11,63,1,796,12,5187,38,5983,50,0,23,10,149,2,603,0,26,24
12-20-20,Pickett,516,7,350,7,166,0,428,11,2567,43,2995,54,0,17,5,74,2,425,0,26,17
12-20-20,Polk,1021,12,958,10,63,2,1085,20,6585,56,7670,76,0,15,2,172,10,834,0,43,15
12-20-20,Putnam,7789,113,6788,90,1001,23,8227,108,54464,577,62691,685,2,108,80,1021,31,6660,0,170,125
12-20-20,Rhea,2732,49,2550,39,182,10,2888,46,19509,195,22397,241,0,44,31,521,18,2167,0,67,47
12-20-20,Roane,3753,73,3393,54,360,19,3778,59,32940,220,36718,279,0,44,57,688,16,3021,0,95,50
12-20-20,Robertson,5855,129,5341,111,514,18,6073,118,32358,333,38431,451,0,69,86,926,43,4860,7,293,74
12-20-20,Rutherford,25942,563,24251,441,1691,122,28540,511,166800,2234,195340,2745,1,214,413,3574,149,22154,1,441,232
12-20-20,Scott,1955,48,1301,31,654,17,1384,34,9002,87,10386,121,1,16,35,443,12,1496,0,47,20
12-20-20,Sequatchie,977,37,880,30,97,7,950,34,9534,136,10484,170,0,7,29,255,8,715,1,24,11
12-20-20,Sevier,7820,224,7351,193,469,31,8081,214,47956,662,56037,876,1,58,147,1489,76,6273,4,196,68
12-20-20,Shelby,61508,826,59140,780,2368,46,72986,992,650015,7462,723001,8454,7,815,414,5992,405,54701,15,2807,965
12-20-20,Smith,1922,24,1636,16,286,8,2048,18,9978,68,12026,86,0,23,12,269,12,1630,0,50,23
12-20-20,Stewart,791,12,665,9,126,3,760,9,5205,29,5965,38,0,19,6,71,6,701,0,20,20
12-20-20,Sullivan,9754,182,8818,167,936,15,9541,178,61393,694,70934,872,0,161,103,1347,79,8246,6,555,173
12-20-20,Sumner,14439,249,13886,232,553,17,15788,244,88054,1126,103842,1370,1,182,166,1884,82,12373,1,601,205
12-20-20,Tipton,4887,83,3848,48,1039,35,4671,58,35694,201,40365,259,0,49,71,588,12,4250,0,120,54
12-20-20,Trousdale,2095,10,2042,7,53,3,2179,8,7314,32,9493,40,0,12,5,114,5,1969,0,33,12
12-20-20,Unicoi,1277,33,1107,26,170,7,1228,29,10475,101,11703,130,0,36,24,188,9,1053,0,55,38
12-20-20,Union,1155,21,1040,19,115,2,1129,21,8152,76,9281,97,0,7,17,230,4,918,0,38,15
12-20-20,Van Buren,550,3,489,2,61,1,548,3,4125,75,4673,78,0,5,2,91,1,454,0,12,5
12-20-20,Warren,3874,91,3474,80,400,11,3947,90,25042,224,28989,314,1,29,60,863,30,2982,0,66,36
12-20-20,Washington,9053,161,8226,144,827,17,9121,180,59739,933,68860,1113,0,144,109,1438,52,7471,2,274,159
12-20-20,Wayne,2284,19,2055,14,229,5,2249,13,9215,67,11464,80,0,16,8,133,11,2135,0,40,17
12-20-20,Weakley,2861,51,2349,26,512,25,2690,31,17250,103,19940,134,0,40,40,349,11,2472,0,51,43
12-20-20,White,2497,34,2160,27,337,7,2699,30,18188,121,20887,151,0,36,23,333,11,2128,0,87,38
12-20-20,Williamson,15768,323,14673,286,1095,37,16509,309,129705,1587,146214,1896,1,109,226,1863,96,13796,2,219,125
12-20-20,Wilson,11168,263,10616,239,552,24,12176,265,72850,1122,85026,1387,3,112,209,1639,51,9417,5,245,123
12-19-20,Anderson,4925,104,4320,80,605,24,4842,113,47203,276,52045,389,0,46,73,1026,31,3853,1,127,56
12-19-20,Bedford,4055,33,3540,26,515,7,4113,38,23352,156,27465,194,0,54,10,532,23,3469,0,93,59
12-19-20,Benton,1113,14,1007,14,106,0,1117,15,7306,51,8423,66,0,26,13,121,1,966,1,29,31
12-19-20,Bledsoe,1475,18,1441,18,34,0,1529,20,11948,103,13477,123,0,6,14,133,4,1336,0,28,9
12-19-20,Blount,8986,110,8264,102,722,8,9190,114,53645,254,62835,368,2,84,43,1618,65,7284,1,235,98
12-19-20,Bradley,8021,146,7234,133,787,13,8288,147,45392,510,53680,657,3,60,78,1293,65,6668,2,371,74
12-19-20,Campbell,2292,26,1689,21,603,5,1903,24,20881,87,22784,111,0,30,12,353,14,1909,0,85,36
12-19-20,Cannon,1222,5,1101,3,121,2,1235,4,7032,37,8267,41,0,7,-4,231,9,984,0,21,13
12-19-20,Carroll,2415,27,1822,17,593,10,2173,22,16396,66,18569,88,1,46,8,312,18,2057,1,65,51
12-19-20,Carter,4054,69,3682,60,372,9,4035,71,27759,167,31794,238,0,76,42,628,27,3350,1,185,83
12-19-20,Cheatham,2424,28,2159,20,265,8,2471,22,19432,115,21903,137,1,19,-8,359,35,2046,1,59,23
12-19-20,Chester,1333,24,1039,21,294,3,1270,21,8494,71,9764,92,0,26,18,139,6,1168,0,30,30
12-19-20,Claiborne,1403,26,1091,23,312,3,1191,25,16924,122,18115,147,0,12,12,217,14,1174,3,44,19
12-19-20,Clay,794,7,589,5,205,2,670,8,4501,33,5171,41,0,21,4,140,3,633,0,19,25
12-19-20,Cocke,2414,35,2016,27,398,8,2230,40,15421,132,17651,172,0,35,14,436,21,1943,0,81,45
12-19-20,Coffee,4302,51,3392,41,910,10,4160,61,34216,249,38376,310,1,54,12,727,38,3521,0,82,61
12-19-20,Crockett,1487,20,992,11,495,9,1171,15,5854,47,7025,62,0,29,12,198,8,1260,0,27,31
12-19-20,Cumberland,3845,84,3585,74,260,10,4152,91,38307,245,42459,336,1,48,65,720,18,3077,1,112,55
12-19-20,Davidson,55599,722,54195,697,1404,25,66178,868,653874,5758,720052,6626,3,498,353,5596,366,49505,2,1626,536
12-19-20,Decatur,1206,22,949,18,257,4,1150,24,9567,129,10717,153,0,17,14,162,8,1027,0,29,17
12-19-20,Dekalb,1813,9,1481,8,332,1,1734,10,13624,35,15358,45,0,27,-12,269,21,1517,0,42,29
12-19-20,Dickson,4106,58,3242,38,864,20,3917,39,25975,150,29892,189,0,51,38,548,20,3507,0,89,60
12-19-20,Dyer,3925,24,2913,13,1012,11,3295,19,18040,88,21335,107,1,65,3,345,20,3515,0,93,68
12-19-20,Fayette,3015,51,2835,50,180,1,3523,56,27168,181,30691,237,0,44,32,367,19,2604,0,105,46
12-19-20,Fentress,1687,18,1508,17,179,1,1741,23,8672,26,10413,49,0,27,9,260,9,1400,0,49,31
12-19-20,Franklin,3111,53,2835,52,276,1,3354,65,25267,228,28621,293,1,44,29,462,23,2605,1,80,47
12-19-20,Gibson,4416,54,2948,38,1468,16,3649,60,23492,183,27141,243,0,81,28,581,26,3754,0,88,89
12-19-20,Giles,2224,53,2058,52,166,1,2355,63,17183,142,19538,205,0,56,29,412,24,1756,0,90,61
12-19-20,Grainger,1566,26,1288,21,278,5,1455,27,10631,79,12086,106,0,22,18,295,8,1249,0,48,26
12-19-20,Greene,4831,96,4155,75,676,21,4660,89,32095,254,36755,343,0,82,68,952,28,3797,0,151,93
12-19-20,Grundy,1074,5,975,4,99,1,1138,7,5681,35,6819,42,0,14,-2,131,7,929,0,46,16
12-19-20,Hamblen,5069,45,4317,26,752,19,4863,50,36336,189,41199,239,1,71,23,805,21,4193,0,179,91
12-19-20,Hamilton,24166,358,22135,337,2031,21,24991,388,229081,1770,254072,2158,4,234,69,2382,285,21550,1,755,268
12-19-20,Hancock,291,7,238,4,53,3,258,5,3028,21,3286,26,0,4,5,50,2,237,0,14,5
12-19-20,Hardeman,2638,15,2339,12,299,3,2764,12,20302,51,23066,63,0,40,7,192,8,2406,0,89,43
12-19-20,Hardin,2372,25,1789,19,583,6,2167,20,18464,72,20631,92,0,33,15,305,10,2034,0,46,36
12-19-20,Hawkins,3128,63,2819,58,309,5,3055,60,22174,181,25229,241,0,48,37,614,26,2466,0,111,53
12-19-20,Haywood,2042,10,1794,6,248,4,2040,9,10871,39,12911,48,0,34,5,210,5,1798,0,60,36
12-19-20,Henderson,2601,39,1977,36,624,3,2570,39,13589,110,16159,149,1,40,16,353,22,2208,1,60,41
12-19-20,Henry,2102,28,1791,5,311,23,2070,19,14900,45,16970,64,0,31,15,212,13,1859,0,60,38
12-19-20,Hickman,1742,32,1569,31,173,1,1845,37,12320,94,14165,131,0,24,20,273,12,1445,0,37,25
12-19-20,Houston,744,11,599,3,145,8,685,4,6307,137,6992,141,0,21,8,67,3,656,0,37,23
12-19-20,Humphreys,1041,11,773,7,268,4,913,8,9016,47,9929,55,1,10,5,134,5,897,0,23,11
12-19-20,Jackson,931,7,753,7,178,0,896,10,4281,14,5177,24,0,18,2,115,5,798,0,29,18
12-19-20,Jefferson,3323,49,2695,30,628,19,3081,44,27894,141,30975,185,1,54,28,505,20,2764,1,127,61
12-19-20,Johnson,1678,2,1577,0,101,2,1685,1,11035,20,12720,21,0,27,1,101,1,1550,0,48,26
12-19-20,Knox,28601,527,26490,441,2111,86,29029,519,230374,1460,259403,1979,6,242,256,4398,265,23961,13,843,270
12-19-20,Lake,1338,2,1216,2,122,0,1449,4,8326,24,9775,28,0,11,1,56,1,1271,0,14,12
12-19-20,Lauderdale,2428,9,1989,5,439,4,2287,10,16858,48,19145,58,0,27,3,184,6,2217,0,74,26
12-19-20,Lawrence,3888,61,3294,53,594,8,3657,65,21486,249,25143,314,1,52,17,535,43,3301,0,111,58
12-19-20,Lewis,1063,6,964,5,99,1,1039,6,8270,43,9309,49,1,19,-3,120,8,924,0,32,19
12-19-20,Lincoln,2856,60,2384,55,472,5,2716,72,13416,151,16132,223,0,27,36,596,24,2233,0,60,31
12-19-20,Loudon,3463,65,3182,48,281,17,3482,57,23997,134,27479,191,0,28,42,642,23,2793,1,82,34
12-19-20,Macon,2435,22,2118,19,317,3,2524,23,12168,69,14692,92,0,34,13,350,9,2051,0,102,42
12-19-20,Madison,7217,81,4269,41,2948,40,5405,46,42836,287,48241,333,-1,140,1,494,81,6583,1,283,159
12-19-20,Marion,1761,12,1656,9,105,3,1897,15,12577,40,14474,55,0,22,-12,267,24,1472,0,83,26
12-19-20,Marshall,2467,39,2347,36,120,3,2659,42,17892,112,20551,154,0,27,29,349,10,2091,1,56,28
12-19-20,Maury,8174,113,7856,93,318,20,8736,106,54117,547,62853,653,1,95,52,948,60,7131,1,204,101
12-19-20,McMinn,3906,54,3685,45,221,9,4096,51,30248,135,34344,186,0,60,27,630,27,3216,0,112,63
12-19-20,McNairy,1761,16,1367,9,394,7,1757,10,12727,79,14484,89,0,35,12,187,4,1539,0,53,37
12-19-20,Meigs,809,9,773,9,36,0,873,12,5616,28,6489,40,1,14,2,160,6,635,0,30,15
12-19-20,Monroe,3310,70,3023,53,287,17,3388,66,20025,249,23413,315,0,50,44,592,26,2668,0,116,56
12-19-20,Montgomery,10025,160,8427,151,1598,9,9374,208,77913,642,87287,850,0,106,59,1372,101,8547,0,208,125
12-19-20,Moore,628,4,526,3,102,1,607,5,3782,12,4389,17,0,4,-4,125,8,499,0,8,6
12-19-20,Morgan,1365,25,1152,16,213,9,1246,31,12265,74,13511,105,0,11,15,332,10,1022,0,19,13
12-19-20,Obion,3385,22,2631,11,754,11,2992,24,16944,126,19936,150,0,66,0,336,22,2983,0,82,71
12-19-20,Out of State,10261,191,8639,142,1622,49,9606,189,469826,2663,479432,2852,1,64,109,1897,81,8300,0,145,45
12-19-20,Overton,1991,27,1661,21,330,6,1971,27,11640,50,13611,77,0,39,11,280,16,1672,0,53,45
12-19-20,Pending,7774,169,6147,122,1627,47,6856,166,295992,1976,302848,2142,1,56,67,1562,101,6156,2,88,60
12-19-20,Perry,763,19,701,18,62,1,784,24,5149,53,5933,77,0,23,16,139,3,601,0,26,23
12-19-20,Pickett,509,9,343,9,166,0,417,13,2524,14,2941,27,0,17,9,69,0,423,0,26,17
12-19-20,Polk,1009,17,948,16,61,1,1065,19,6529,57,7594,76,0,15,13,170,4,824,1,43,15
12-19-20,Putnam,7676,129,6698,122,978,7,8119,145,53887,535,62006,680,0,106,90,941,39,6629,1,170,123
12-19-20,Rhea,2683,59,2511,56,172,3,2842,62,19314,184,22156,246,1,44,40,490,18,2149,0,67,47
12-19-20,Roane,3680,85,3339,76,341,9,3719,107,32720,198,36439,305,0,44,61,631,24,3005,2,95,49
12-19-20,Robertson,5726,106,5230,77,496,29,5955,91,32025,271,37980,362,2,69,66,840,38,4817,6,286,74
12-19-20,Rutherford,25379,325,23810,294,1569,31,28029,354,164566,1354,192595,1708,1,213,157,3161,167,22005,1,440,227
12-19-20,Scott,1907,32,1270,22,637,10,1350,32,8915,82,10265,114,1,15,17,408,14,1484,0,47,19
12-19-20,Sequatchie,940,12,850,4,90,8,916,4,9398,33,10314,37,0,7,3,226,9,707,1,23,11
12-19-20,Sevier,7596,131,7158,117,438,14,7867,137,47294,254,55161,391,2,57,85,1342,44,6197,2,192,64
12-19-20,Shelby,60682,565,58360,535,2322,30,71994,668,642553,4631,714547,5299,6,808,41,5578,518,54296,10,2792,948
12-19-20,Smith,1898,23,1620,18,278,5,2030,25,9910,120,11940,145,0,23,10,257,13,1618,0,50,23
12-19-20,Stewart,779,11,656,7,123,4,751,9,5176,35,5927,44,0,19,6,65,5,695,0,20,20
12-19-20,Sullivan,9572,132,8651,109,921,23,9363,127,60699,559,70062,686,3,161,34,1244,95,8167,2,549,172
12-19-20,Sumner,14190,207,13654,189,536,18,15544,212,86928,598,102472,810,3,181,87,1718,117,12291,1,600,202
12-19-20,Tipton,4804,42,3800,27,1004,15,4613,33,35493,270,40106,303,1,49,18,517,23,4238,0,120,54
12-19-20,Trousdale,2085,17,2035,17,50,0,2171,18,7282,48,9453,66,0,12,13,109,4,1964,0,33,12
12-19-20,Unicoi,1244,16,1081,12,163,4,1199,12,10374,60,11573,72,0,36,11,164,5,1044,0,55,37
12-19-20,Union,1134,24,1021,22,113,2,1108,25,8076,79,9184,104,0,7,13,213,11,914,0,38,14
12-19-20,Van Buren,547,4,487,4,60,0,545,5,4050,5,4595,10,0,5,-1,89,5,453,0,12,5
12-19-20,Warren,3783,71,3394,64,389,7,3857,79,24818,157,28675,236,1,28,44,803,26,2952,0,66,36
12-19-20,Washington,8892,117,8082,98,810,19,8941,109,58806,410,67747,519,1,144,41,1329,75,7419,1,272,157
12-19-20,Wayne,2265,8,2041,7,224,1,2236,11,9148,57,11384,68,0,16,1,125,7,2124,0,40,17
12-19-20,Weakley,2810,47,2323,13,487,34,2659,18,17147,143,19806,161,0,40,34,309,13,2461,0,51,43
12-19-20,White,2463,24,2133,19,330,5,2669,21,18067,88,20736,109,0,36,8,310,16,2117,0,87,38
12-19-20,Williamson,15445,194,14387,163,1058,31,16200,188,128118,961,144318,1149,0,108,83,1637,111,13700,4,217,121
12-19-20,Wilson,10905,187,10377,170,528,17,11911,193,71728,523,83639,716,2,109,123,1430,62,9366,1,240,118
12-18-20,Anderson,4821,98,4240,76,581,22,4729,80,46927,358,51656,438,1,46,23,953,74,3822,2,126,55
12-18-20,Bedford,4022,55,3514,47,508,8,4075,54,23196,198,27271,252,2,54,-4,522,57,3446,1,93,58
12-18-20,Benton,1099,15,993,14,106,1,1102,22,7255,21,8357,43,0,26,0,108,15,965,0,28,31
12-18-20,Bledsoe,1457,22,1423,20,34,2,1509,21,11845,62,13354,83,0,6,7,119,15,1332,0,28,9
12-18-20,Blount,8876,293,8162,269,714,24,9076,287,53391,513,62467,800,2,82,170,1575,121,7219,4,234,96
12-18-20,Bradley,7875,152,7101,122,774,30,8141,131,44882,311,53023,442,1,57,26,1215,125,6603,3,369,73
12-18-20,Campbell,2266,39,1668,27,598,12,1879,30,20794,149,22673,179,0,30,-3,341,42,1895,0,85,35
12-18-20,Cannon,1217,29,1098,28,119,1,1231,28,6995,75,8226,103,0,7,11,235,18,975,0,21,12
12-18-20,Carroll,2388,48,1805,28,583,20,2151,31,16330,84,18481,115,-2,45,27,304,23,2039,0,64,51
12-18-20,Carter,3985,67,3622,51,363,16,3964,59,27592,134,31556,193,0,76,-10,586,77,3323,1,184,81
12-18-20,Cheatham,2396,55,2139,46,257,9,2449,47,19317,167,21766,214,0,18,16,367,39,2011,0,58,22
12-18-20,Chester,1309,9,1018,6,291,3,1249,7,8423,22,9672,29,0,26,-9,121,18,1162,0,30,30
12-18-20,Claiborne,1377,29,1068,20,309,9,1166,16,16802,183,17968,199,1,12,-10,205,38,1160,0,41,18
12-18-20,Clay,787,14,584,13,203,1,662,13,4468,42,5130,55,0,21,-3,136,17,630,0,19,24
12-18-20,Cocke,2379,67,1989,54,390,13,2190,52,15289,134,17479,186,1,35,30,422,36,1922,0,81,44
12-18-20,Coffee,4251,97,3351,77,900,20,4099,84,33967,279,38066,363,1,53,25,715,71,3483,2,82,59
12-18-20,Crockett,1467,15,981,6,486,9,1156,5,5807,27,6963,32,0,29,4,186,11,1252,0,27,31
12-18-20,Cumberland,3761,61,3511,52,250,9,4061,55,38062,211,42123,266,0,47,23,655,38,3059,0,111,55
12-18-20,Davidson,54877,696,53498,631,1379,65,65310,722,648116,3906,713426,4628,6,495,181,5243,509,49139,4,1624,532
12-18-20,Decatur,1184,20,931,16,253,4,1126,16,9438,42,10564,58,0,17,9,148,11,1019,0,29,17
12-18-20,Dekalb,1804,20,1473,17,331,3,1724,19,13589,77,15313,96,1,27,-15,281,34,1496,0,42,29
12-18-20,Dickson,4048,51,3204,36,844,15,3878,40,25825,188,29703,228,1,51,19,510,31,3487,0,89,58
12-18-20,Dyer,3901,25,2900,16,1001,9,3276,17,17952,42,21228,59,1,64,-6,342,30,3495,0,93,68
12-18-20,Fayette,2964,49,2785,44,179,5,3467,49,26987,326,30454,375,0,44,20,335,29,2585,0,105,46
12-18-20,Fentress,1669,41,1491,35,178,6,1718,36,8646,50,10364,86,0,27,18,251,23,1391,1,49,30
12-18-20,Franklin,3058,66,2783,59,275,7,3289,69,25039,212,28328,281,0,43,24,433,42,2582,1,79,46
12-18-20,Gibson,4362,33,2910,14,1452,19,3589,12,23309,129,26898,141,1,81,-14,553,46,3728,0,88,88
12-18-20,Giles,2171,39,2006,34,165,5,2292,46,17041,145,19333,191,0,56,6,383,33,1732,0,90,60
12-18-20,Grainger,1540,41,1267,40,273,1,1428,41,10552,116,11980,157,1,22,11,277,29,1241,0,48,26
12-18-20,Greene,4735,105,4080,94,655,11,4571,99,31841,279,36412,378,2,82,30,884,73,3769,1,151,90
12-18-20,Grundy,1069,21,971,20,98,1,1131,22,5646,60,6777,82,0,14,11,133,10,922,0,46,15
12-18-20,Hamblen,5024,94,4291,77,733,17,4813,76,36147,229,40960,305,0,70,14,782,80,4172,0,179,90
12-18-20,Hamilton,23808,471,21798,425,2010,46,24603,450,227311,1540,251914,1990,1,230,144,2313,326,21265,8,754,265
12-18-20,Hancock,284,2,234,1,50,1,253,1,3007,38,3260,39,0,4,-1,45,3,235,0,14,5
12-18-20,Hardeman,2623,18,2327,17,296,1,2752,19,20251,154,23003,173,0,40,2,185,16,2398,0,89,43
12-18-20,Hardin,2347,23,1770,20,577,3,2147,20,18392,99,20539,119,0,33,8,290,15,2024,0,46,36
12-18-20,Hawkins,3065,72,2761,65,304,7,2995,59,21993,216,24988,275,2,48,17,577,53,2440,1,111,52
12-18-20,Haywood,2032,17,1788,10,244,7,2031,10,10832,55,12863,65,1,34,-9,205,25,1793,0,60,36
12-18-20,Henderson,2562,31,1941,27,621,4,2531,32,13479,83,16010,115,0,39,6,337,25,2186,1,59,41
12-18-20,Henry,2074,28,1786,16,288,12,2051,12,14855,63,16906,75,3,31,6,197,19,1846,0,60,38
12-18-20,Hickman,1710,29,1538,28,172,1,1808,36,12226,117,14034,153,1,24,10,253,18,1433,0,37,25
12-18-20,Houston,733,10,596,8,137,2,681,9,6170,36,6851,45,0,21,2,59,8,653,0,37,22
12-18-20,Humphreys,1030,26,766,21,264,5,905,23,8969,73,9874,96,1,9,16,129,9,892,0,23,11
12-18-20,Jackson,924,9,746,8,178,1,886,9,4267,23,5153,32,0,18,2,113,7,793,0,29,18
12-18-20,Jefferson,3274,56,2665,39,609,17,3037,41,27753,201,30790,242,2,53,12,477,42,2744,2,126,60
12-18-20,Johnson,1676,7,1577,6,99,1,1684,6,11015,59,12699,65,1,27,-4,100,10,1549,0,48,26
12-18-20,Knox,28074,484,26049,422,2025,62,28510,412,228914,1340,257424,1752,4,236,98,4142,382,23696,11,830,263
12-18-20,Lake,1336,2,1214,0,122,2,1445,0,8302,15,9747,15,0,11,-6,55,8,1270,0,14,11
12-18-20,Lauderdale,2419,15,1984,8,435,7,2277,8,16810,38,19087,46,0,27,-2,181,17,2211,1,74,26
12-18-20,Lawrence,3827,53,3241,46,586,7,3592,51,21237,155,24829,206,0,51,-16,518,69,3258,2,111,56
12-18-20,Lewis,1057,8,959,8,98,0,1033,10,8227,37,9260,47,1,18,-5,123,12,916,0,32,19
12-18-20,Lincoln,2796,59,2329,55,467,4,2644,66,13265,119,15909,185,0,27,-21,560,80,2209,1,60,30
12-18-20,Loudon,3398,51,3134,44,264,7,3425,45,23863,117,27288,162,3,28,5,600,43,2770,0,81,32
12-18-20,Macon,2413,35,2099,31,314,4,2501,32,12099,64,14600,96,0,34,15,337,20,2042,0,102,40
12-18-20,Madison,7136,55,4228,27,2908,28,5359,25,42549,234,47908,259,1,141,-30,493,84,6502,2,282,157
12-18-20,Marion,1749,30,1647,28,102,2,1882,29,12537,73,14419,102,0,22,-8,279,38,1448,0,83,25
12-18-20,Marshall,2428,70,2311,68,117,2,2617,80,17780,263,20397,343,1,27,32,320,37,2081,0,55,27
12-18-20,Maury,8061,120,7763,113,298,7,8630,130,53570,499,62200,629,0,94,7,896,113,7071,0,203,101
12-18-20,McMinn,3852,58,3640,55,212,3,4045,57,30113,190,34158,247,0,60,15,603,43,3189,2,112,63
12-18-20,McNairy,1745,32,1358,27,387,5,1747,26,12648,122,14395,148,1,35,16,175,15,1535,1,53,37
12-18-20,Meigs,800,20,764,18,36,2,861,20,5588,52,6449,72,0,13,11,158,9,629,1,30,14
12-18-20,Monroe,3240,44,2970,42,270,2,3322,41,19776,70,23098,111,0,50,2,548,42,2642,0,116,56
12-18-20,Montgomery,9865,215,8276,144,1589,71,9166,133,77271,637,86437,770,3,106,81,1313,131,8446,2,208,121
12-18-20,Moore,624,22,523,22,101,0,602,26,3770,38,4372,64,0,4,9,129,13,491,1,8,6
12-18-20,Morgan,1340,25,1136,22,204,3,1215,21,12191,56,13406,77,0,11,-10,317,35,1012,0,19,13
12-18-20,Obion,3363,31,2620,22,743,9,2968,21,16818,89,19786,110,1,66,1,336,29,2961,0,82,71
12-18-20,Out of State,10070,195,8497,168,1573,27,9417,173,467163,2997,476580,3170,1,63,23,1788,171,8219,1,145,45
12-18-20,Overton,1964,38,1640,33,324,5,1944,32,11590,86,13534,118,0,39,20,269,18,1656,0,53,44
12-18-20,Pending,7605,208,6025,157,1580,51,6690,172,294016,1804,300706,1976,3,55,41,1495,164,6055,1,86,56
12-18-20,Perry,744,17,683,17,61,0,760,18,5096,35,5856,53,0,23,7,123,10,598,0,26,23
12-18-20,Pickett,500,6,334,6,166,0,404,3,2510,5,2914,8,1,17,0,60,5,423,0,26,17
12-18-20,Polk,992,27,932,26,60,1,1046,21,6472,63,7518,84,0,15,13,157,14,820,0,42,15
12-18-20,Putnam,7547,93,6576,69,971,24,7974,73,53352,265,61326,338,5,106,16,851,72,6590,0,169,119
12-18-20,Rhea,2624,51,2455,44,169,7,2780,45,19130,130,21910,175,1,43,24,450,26,2131,3,67,47
12-18-20,Roane,3595,78,3263,72,332,6,3612,70,32522,228,36134,298,4,44,24,570,50,2981,1,93,48
12-18-20,Robertson,5620,119,5153,85,467,34,5864,88,31754,229,37618,317,1,67,43,774,75,4779,5,280,72
12-18-20,Rutherford,25054,423,23516,318,1538,105,27675,351,163212,1307,190887,1658,4,212,67,3004,352,21838,2,439,224
12-18-20,Scott,1875,67,1248,47,627,20,1318,42,8833,69,10151,111,2,14,25,391,40,1470,0,47,18
12-18-20,Sequatchie,928,20,846,18,82,2,912,18,9365,69,10277,87,1,7,-1,223,20,698,1,22,10
12-18-20,Sevier,7465,170,7041,154,424,16,7730,155,47040,473,54770,628,1,55,68,1257,101,6153,0,190,64
12-18-20,Shelby,60117,670,57825,618,2292,52,71326,711,637922,5632,709248,6343,20,802,80,5537,570,53778,12,2782,943
12-18-20,Smith,1875,40,1602,26,273,14,2005,27,9790,82,11795,109,0,23,26,247,14,1605,0,50,23
12-18-20,Stewart,768,15,649,13,119,2,742,13,5141,19,5883,32,0,19,-2,59,17,690,0,20,20
12-18-20,Sullivan,9440,180,8542,139,898,41,9236,146,60140,421,69376,567,4,158,45,1210,131,8072,3,547,170
12-18-20,Sumner,13983,258,13465,248,518,10,15332,245,86330,584,101662,829,5,178,74,1631,179,12174,2,599,201
12-18-20,Tipton,4762,48,3773,31,989,17,4580,33,35223,202,39803,235,1,48,-6,499,53,4215,0,120,54
12-18-20,Trousdale,2068,5,2018,5,50,0,2153,6,7234,20,9387,26,0,12,0,96,5,1960,0,33,12
12-18-20,Unicoi,1228,20,1069,17,159,3,1187,17,10314,38,11501,55,1,36,6,153,13,1039,0,55,36
12-18-20,Union,1110,12,999,11,111,1,1083,9,7997,38,9080,47,0,7,-16,200,28,903,0,38,14
12-18-20,Van Buren,543,10,483,6,60,4,540,6,4045,6,4585,12,0,5,2,90,8,448,0,12,5
12-18-20,Warren,3712,71,3330,66,382,5,3778,77,24661,226,28439,303,1,27,9,759,61,2926,1,66,35
12-18-20,Washington,8775,199,7984,138,791,61,8832,143,58396,506,67228,649,8,143,54,1288,137,7344,1,271,154
12-18-20,Wayne,2257,9,2034,9,223,0,2225,10,9091,42,11316,52,0,16,0,124,9,2117,0,40,17
12-18-20,Weakley,2763,38,2310,29,453,9,2641,33,17004,72,19645,105,0,40,10,275,28,2448,0,51,43
12-18-20,White,2439,29,2114,24,325,5,2648,33,17979,129,20627,162,2,36,-1,302,28,2101,1,87,38
12-18-20,Williamson,15251,272,14224,230,1027,42,16012,240,127157,1027,143169,1267,1,108,98,1554,173,13589,1,213,119
12-18-20,Wilson,10718,185,10207,174,511,11,11718,186,71205,605,82923,791,1,107,62,1307,122,9304,2,239,117
12-17-20,Anderson,4723,204,4164,177,559,27,4649,175,46569,514,51218,689,2,45,119,930,83,3748,2,124,55
12-17-20,Bedford,3967,55,3467,28,500,27,4021,22,22998,134,27019,156,3,52,-17,526,69,3389,0,92,57
12-17-20,Benton,1084,17,979,16,105,1,1080,18,7234,48,8314,66,1,26,6,108,10,950,0,28,30
12-17-20,Bledsoe,1435,19,1403,17,32,2,1488,19,11783,71,13271,90,0,6,12,112,7,1317,0,28,9
12-17-20,Blount,8583,213,7893,190,690,23,8789,197,52878,429,61667,626,8,80,45,1405,160,7098,0,230,95
12-17-20,Bradley,7723,260,6979,214,744,46,8010,217,44571,541,52581,758,4,56,125,1189,131,6478,6,366,70
12-17-20,Campbell,2227,52,1641,44,586,8,1849,45,20645,186,22494,231,3,30,9,344,40,1853,0,85,34
12-17-20,Cannon,1188,19,1070,16,118,3,1203,16,6920,25,8123,41,2,7,-1,224,18,957,0,21,12
12-17-20,Carroll,2340,43,1777,22,563,21,2120,26,16246,83,18366,109,4,47,12,277,27,2016,0,64,50
12-17-20,Carter,3918,65,3571,57,347,8,3905,61,27458,231,31363,292,1,76,4,596,60,3246,0,183,81
12-17-20,Cheatham,2341,47,2093,22,248,25,2402,20,19150,133,21552,153,0,18,19,351,28,1972,0,58,21
12-17-20,Chester,1300,18,1012,15,288,3,1242,16,8401,36,9643,52,1,26,-1,130,18,1144,0,30,29
12-17-20,Claiborne,1348,42,1048,32,300,10,1150,33,16619,153,17769,186,0,11,25,215,17,1122,0,41,18
12-17-20,Clay,773,15,571,15,202,0,649,16,4426,45,5075,61,2,21,1,139,12,613,0,19,23
12-17-20,Cocke,2312,66,1935,54,377,12,2138,51,15155,141,17293,192,1,34,23,392,42,1886,2,81,44
12-17-20,Coffee,4154,67,3274,43,880,24,4015,62,33688,253,37703,315,0,52,-10,690,77,3412,1,80,59
12-17-20,Crockett,1452,46,975,25,477,21,1151,25,5780,52,6931,77,0,29,29,182,17,1241,0,27,31
12-17-20,Cumberland,3700,99,3459,90,241,9,4006,82,37851,463,41857,545,3,47,48,632,48,3021,1,111,54
12-17-20,Davidson,54181,863,52867,807,1314,56,64588,965,644210,4336,708798,5301,8,489,353,5062,502,48630,8,1620,525
12-17-20,Decatur,1164,30,915,23,249,7,1110,24,9396,64,10506,88,0,17,21,139,9,1008,0,29,17
12-17-20,Dekalb,1784,40,1456,25,328,15,1705,27,13512,86,15217,113,0,26,6,296,34,1462,2,42,29
12-17-20,Dickson,3997,102,3168,75,829,27,3838,78,25637,216,29475,294,2,50,37,491,63,3456,1,89,57
12-17-20,Dyer,3876,48,2884,30,992,18,3259,30,17910,56,21169,86,0,63,3,348,45,3465,0,93,68
12-17-20,Fayette,2915,56,2741,50,174,6,3418,59,26661,196,30079,255,2,44,23,315,31,2556,0,105,46
12-17-20,Fentress,1628,54,1456,51,172,3,1682,49,8596,109,10278,158,0,27,25,233,29,1368,0,48,30
12-17-20,Franklin,2992,89,2724,77,268,12,3220,79,24827,227,28047,306,2,43,46,409,41,2540,0,78,46
12-17-20,Gibson,4329,96,2896,48,1433,48,3577,39,23180,157,26757,196,0,80,63,567,33,3682,2,88,86
12-17-20,Giles,2132,86,1972,77,160,9,2246,79,16896,232,19142,311,0,56,51,377,35,1699,0,90,58
12-17-20,Grainger,1499,31,1227,23,272,8,1387,23,10436,44,11823,67,0,21,2,266,29,1212,0,48,26
12-17-20,Greene,4630,128,3986,92,644,36,4472,100,31562,348,36034,448,0,80,67,854,61,3696,1,150,90
12-17-20,Grundy,1048,21,951,19,97,2,1109,23,5586,70,6695,93,0,14,5,122,16,912,0,46,15
12-17-20,Hamblen,4930,123,4214,87,716,36,4737,75,35918,258,40655,333,2,70,65,768,56,4092,3,179,89
12-17-20,Hamilton,23337,477,21373,352,1964,125,24153,382,225771,1565,249924,1947,6,229,151,2169,320,20939,9,746,260
12-17-20,Hancock,282,14,233,13,49,1,252,13,2969,28,3221,41,0,4,9,46,5,232,1,14,5
12-17-20,Hardeman,2605,32,2310,20,295,12,2733,21,20097,69,22830,90,0,40,4,183,28,2382,0,89,43
12-17-20,Hardin,2324,56,1750,31,574,25,2127,35,18293,178,20420,213,0,33,14,282,42,2009,1,46,34
12-17-20,Hawkins,2993,77,2696,71,297,6,2936,77,21777,298,24713,375,0,46,10,560,67,2387,0,110,51
12-17-20,Haywood,2015,34,1778,25,237,9,2021,26,10777,67,12798,93,2,33,16,214,16,1768,1,60,35
12-17-20,Henderson,2531,34,1914,13,617,21,2499,11,13396,37,15895,48,1,39,-7,331,40,2161,0,58,41
12-17-20,Henry,2046,26,1770,20,276,6,2039,21,14792,87,16831,108,0,28,-18,191,44,1827,0,60,36
12-17-20,Hickman,1681,55,1510,49,171,6,1772,48,12109,117,13881,165,1,23,13,243,41,1415,1,37,25
12-17-20,Houston,723,5,588,1,135,4,672,2,6134,15,6806,17,0,21,-1,57,6,645,0,37,22
12-17-20,Humphreys,1004,19,745,13,259,6,882,16,8896,69,9778,85,0,8,12,113,7,883,0,23,11
12-17-20,Jackson,915,20,738,14,177,6,877,16,4244,50,5121,66,1,18,4,111,15,786,1,29,18
12-17-20,Jefferson,3218,80,2626,58,592,22,2996,54,27552,191,30548,245,8,51,4,465,68,2702,1,124,60
12-17-20,Johnson,1669,31,1571,29,98,2,1678,32,10956,121,12634,153,0,26,11,104,20,1539,0,48,26
12-17-20,Knox,27590,727,25627,627,1963,100,28098,650,227574,1882,255672,2532,11,232,278,4044,438,23314,11,819,257
12-17-20,Lake,1334,12,1214,8,120,4,1445,7,8287,51,9732,58,0,11,-6,61,18,1262,0,14,11
12-17-20,Lauderdale,2404,29,1976,20,428,9,2269,23,16772,112,19041,135,0,27,13,183,16,2194,0,73,26
12-17-20,Lawrence,3774,58,3195,51,579,7,3541,49,21082,179,24623,228,3,51,-8,534,63,3189,0,109,54
12-17-20,Lewis,1049,17,951,11,98,6,1023,16,8190,79,9213,95,0,17,0,128,17,904,0,32,19
12-17-20,Lincoln,2737,70,2274,53,463,17,2578,62,13146,115,15724,177,1,27,13,581,56,2129,1,59,30
12-17-20,Loudon,3347,115,3090,78,257,37,3380,79,23746,152,27126,231,1,25,64,595,50,2727,0,81,31
12-17-20,Macon,2378,50,2068,27,310,23,2469,25,12035,71,14504,96,1,34,32,322,17,2022,2,102,38
12-17-20,Madison,7081,143,4201,47,2880,96,5334,55,42315,161,47649,216,8,140,59,523,76,6418,0,280,154
12-17-20,Marion,1719,37,1619,30,100,7,1853,34,12464,130,14317,164,0,22,-11,287,48,1410,2,83,23
12-17-20,Marshall,2358,47,2243,35,115,12,2537,31,17517,170,20054,201,0,26,17,288,30,2044,1,55,27
12-17-20,Maury,7941,161,7650,152,291,9,8500,160,53071,527,61571,687,0,94,48,889,113,6958,1,203,99
12-17-20,McMinn,3794,100,3585,88,209,12,3988,92,29923,253,33911,345,0,60,48,588,52,3146,3,110,62
12-17-20,McNairy,1713,43,1331,17,382,26,1721,18,12526,172,14247,190,-1,34,29,159,15,1520,1,52,37
12-17-20,Meigs,780,32,746,28,34,4,841,30,5536,61,6377,91,0,13,13,147,19,620,1,29,14
12-17-20,Monroe,3196,106,2928,72,268,34,3281,67,19706,170,22987,237,1,50,52,546,53,2600,1,116,54
12-17-20,Montgomery,9650,227,8132,126,1518,101,9033,114,76634,719,85667,833,1,103,48,1232,178,8315,2,206,119
12-17-20,Moore,602,12,501,8,101,4,576,9,3732,21,4308,30,0,4,-4,120,16,478,0,7,6
12-17-20,Morgan,1315,85,1114,69,201,16,1194,62,12135,76,13329,138,1,11,50,327,34,977,0,19,13
12-17-20,Obion,3332,49,2598,30,734,19,2947,25,16729,129,19676,154,0,65,25,335,24,2932,1,82,70
12-17-20,Out of State,9875,295,8329,180,1546,115,9244,207,464166,3429,473410,3636,4,62,59,1765,232,8048,1,144,45
12-17-20,Overton,1926,29,1607,22,319,7,1912,25,11504,86,13416,111,0,39,13,249,16,1638,0,53,42
12-17-20,Pending,7397,289,5868,206,1529,83,6518,211,292212,1945,298730,2156,5,52,128,1454,156,5891,2,85,54
12-17-20,Perry,727,30,666,28,61,2,742,29,5061,61,5803,90,1,23,25,116,4,588,0,26,23
12-17-20,Pickett,494,9,328,5,166,4,401,5,2505,26,2906,31,0,16,3,60,6,418,0,26,17
12-17-20,Polk,965,30,906,28,59,2,1025,36,6409,81,7434,117,0,15,10,144,20,806,1,42,15
12-17-20,Putnam,7454,100,6507,76,947,24,7901,86,53087,455,60988,541,9,101,5,835,86,6518,0,169,118
12-17-20,Rhea,2573,91,2411,83,162,8,2735,92,19000,248,21735,340,1,42,48,426,42,2105,1,64,47
12-17-20,Roane,3517,71,3191,57,326,14,3542,45,32294,234,35836,279,0,40,17,546,54,2931,1,92,48
12-17-20,Robertson,5501,162,5068,113,433,49,5776,118,31525,225,37301,343,1,66,55,731,106,4704,5,275,70
12-17-20,Rutherford,24631,488,23198,415,1433,73,27324,474,161905,1340,189229,1814,7,208,121,2937,360,21486,3,437,221
12-17-20,Scott,1808,36,1201,23,607,13,1276,21,8764,58,10040,79,0,12,3,366,33,1430,2,47,18
12-17-20,Sequatchie,908,29,828,24,80,5,894,24,9296,79,10190,103,1,6,7,224,21,678,1,21,10
12-17-20,Sevier,7295,250,6887,232,408,18,7575,238,46567,612,54142,850,0,54,108,1189,142,6052,4,190,64
12-17-20,Shelby,59447,644,57207,560,2240,84,70615,694,632290,4842,702905,5536,21,782,78,5457,545,53208,14,2770,930
12-17-20,Smith,1835,40,1576,30,259,10,1978,30,9708,63,11686,93,3,23,13,221,24,1591,0,50,23
12-17-20,Stewart,753,12,636,10,117,2,729,10,5122,35,5851,45,0,19,5,61,7,673,0,20,20
12-17-20,Sullivan,9260,177,8403,164,857,13,9090,171,59719,489,68809,660,4,154,-10,1165,183,7941,1,544,169
12-17-20,Sumner,13725,246,13217,213,508,33,15087,240,85746,671,100833,911,6,173,31,1557,209,11995,2,597,198
12-17-20,Tipton,4714,101,3742,56,972,45,4547,61,35021,269,39568,330,1,47,48,505,52,4162,0,120,54
12-17-20,Trousdale,2063,18,2013,13,50,5,2147,14,7214,45,9361,59,0,12,8,96,10,1955,0,33,12
12-17-20,Unicoi,1208,25,1052,20,156,5,1170,26,10276,97,11446,123,1,35,7,147,17,1026,0,55,36
12-17-20,Union,1098,29,988,26,110,3,1074,24,7959,87,9033,111,0,7,9,216,20,875,0,38,14
12-17-20,Van Buren,533,5,477,3,56,2,534,4,4039,10,4573,14,0,5,0,88,5,440,0,12,5
12-17-20,Warren,3641,70,3264,59,377,11,3701,60,24435,219,28136,279,2,26,-10,750,78,2865,2,65,34
12-17-20,Washington,8576,159,7846,125,730,34,8689,128,57890,377,66579,505,0,135,20,1234,139,7207,1,270,152
12-17-20,Wayne,2248,26,2025,23,223,3,2215,22,9049,53,11264,75,1,16,15,124,10,2108,2,40,17
12-17-20,Weakley,2725,48,2281,33,444,15,2608,31,16932,87,19540,118,-1,40,19,265,30,2420,0,51,42
12-17-20,White,2410,37,2090,30,320,7,2615,34,17850,148,20465,182,6,34,-3,303,34,2073,0,86,36
12-17-20,Williamson,14979,206,13994,164,985,42,15772,177,126130,830,141902,1007,4,107,28,1456,174,13416,0,212,118
12-17-20,Wilson,10533,214,10033,196,500,18,11532,214,70600,613,82132,827,3,106,65,1245,146,9182,1,237,115
12-16-20,Anderson,4519,70,3987,31,532,39,4474,36,46055,321,50529,357,2,43,-17,811,85,3665,4,122,53
12-16-20,Bedford,3912,54,3439,33,473,21,3999,36,22864,68,26863,104,3,49,-32,543,83,3320,1,92,57
12-16-20,Benton,1067,18,963,16,104,2,1062,20,7186,24,8248,44,0,25,1,102,17,940,0,28,28
12-16-20,Bledsoe,1416,19,1386,12,30,7,1469,11,11712,40,13181,51,0,6,6,100,13,1310,1,28,8
12-16-20,Blount,8370,178,7703,132,667,46,8592,146,52449,368,61041,514,1,72,31,1360,146,6938,4,230,94
12-16-20,Bradley,7463,162,6765,116,698,46,7793,128,44030,373,51823,501,2,52,28,1064,132,6347,4,360,65
12-16-20,Campbell,2175,80,1597,36,578,44,1804,37,20459,103,22263,140,0,27,47,335,33,1813,0,85,34
12-16-20,Cannon,1169,35,1054,31,115,4,1187,33,6895,54,8082,87,0,5,-19,225,54,939,0,21,12
12-16-20,Carroll,2297,46,1755,20,542,26,2094,22,16163,57,18257,79,3,43,7,265,36,1989,1,64,50
12-16-20,Carter,3853,64,3514,53,339,11,3844,51,27227,122,31071,173,0,75,-4,592,68,3186,1,183,81
12-16-20,Cheatham,2294,71,2071,49,223,22,2382,54,19017,139,21399,193,0,18,33,332,38,1944,0,58,21
12-16-20,Chester,1282,19,997,12,285,7,1226,15,8365,96,9591,111,0,25,-1,131,20,1126,0,30,29
12-16-20,Claiborne,1306,20,1016,15,290,5,1117,12,16466,111,17583,123,0,11,-4,190,24,1105,0,41,18
12-16-20,Clay,758,38,556,30,202,8,633,30,4381,23,5014,53,0,19,26,138,12,601,0,19,22
12-16-20,Cocke,2246,45,1881,32,365,13,2087,30,15014,89,17101,119,0,33,3,369,42,1844,0,79,43
12-16-20,Coffee,4087,90,3231,27,856,63,3953,21,33435,129,37388,150,0,52,16,700,74,3335,3,79,59
12-16-20,Crockett,1406,21,950,5,456,16,1126,5,5728,18,6854,23,0,29,11,153,10,1224,0,27,30
12-16-20,Cumberland,3601,144,3369,125,232,19,3924,129,37388,240,41312,369,0,44,86,584,58,2973,2,110,53
12-16-20,Davidson,53318,721,52060,638,1258,83,63623,749,639874,3764,703497,4513,1,481,170,4709,550,48128,12,1612,518
12-16-20,Decatur,1134,30,892,18,242,12,1086,15,9332,69,10418,84,0,17,25,118,5,999,0,29,17
12-16-20,Dekalb,1744,46,1431,30,313,16,1678,34,13426,98,15104,132,1,26,20,290,25,1428,0,40,29
12-16-20,Dickson,3895,74,3093,49,802,25,3760,57,25421,231,29181,288,0,48,-10,454,84,3393,0,88,56
12-16-20,Dyer,3828,50,2854,23,974,27,3229,23,17854,89,21083,112,2,63,16,345,32,3420,0,93,67
12-16-20,Fayette,2859,50,2691,36,168,14,3359,48,26465,191,29824,239,0,42,12,292,38,2525,0,105,46
12-16-20,Fentress,1574,16,1405,11,169,5,1633,12,8487,61,10120,73,0,27,-6,208,22,1339,0,48,30
12-16-20,Franklin,2903,34,2647,16,256,18,3141,19,24600,83,27741,102,0,41,-17,363,51,2499,0,78,46
12-16-20,Gibson,4233,99,2848,48,1385,51,3538,50,23023,113,26561,163,1,80,45,504,53,3649,0,86,85
12-16-20,Giles,2046,31,1895,26,151,5,2167,24,16664,78,18831,102,2,56,-13,326,42,1664,1,90,58
12-16-20,Grainger,1468,29,1204,15,264,14,1364,16,10392,60,11756,76,0,21,11,264,18,1183,1,48,26
12-16-20,Greene,4502,105,3894,63,608,42,4372,61,31214,215,35586,276,0,80,44,787,61,3635,3,149,89
12-16-20,Grundy,1027,14,932,7,95,7,1086,6,5516,84,6602,90,0,14,2,117,12,896,0,46,15
12-16-20,Hamblen,4807,98,4127,67,680,31,4662,70,35660,227,40322,297,0,68,-10,703,108,4036,0,176,89
12-16-20,Hamilton,22860,593,21021,362,1839,231,23771,398,224206,1181,247977,1579,-1,223,285,2018,309,20619,6,737,253
12-16-20,Hancock,268,4,220,3,48,1,239,1,2941,4,3180,5,0,4,-2,37,6,227,0,13,5
12-16-20,Hardeman,2573,24,2290,13,283,11,2712,15,20028,92,22740,107,0,40,9,179,15,2354,2,89,43
12-16-20,Hardin,2268,40,1719,25,549,15,2092,27,18115,55,20207,82,1,33,9,268,30,1967,0,45,34
12-16-20,Hawkins,2916,41,2625,26,291,15,2859,28,21479,139,24338,167,1,46,-13,550,53,2320,2,110,50
12-16-20,Haywood,1981,17,1753,14,228,3,1995,17,10710,56,12705,73,0,31,-13,198,30,1752,0,59,35
12-16-20,Henderson,2497,56,1901,41,596,15,2488,45,13359,75,15847,120,0,38,19,338,37,2121,0,58,40
12-16-20,Henry,2020,25,1750,22,270,3,2018,22,14705,67,16723,89,0,28,-2,209,27,1783,0,60,35
12-16-20,Hickman,1626,18,1461,15,165,3,1724,12,11992,58,13716,70,0,22,-13,230,31,1374,0,36,25
12-16-20,Houston,718,15,587,12,131,3,670,11,6119,95,6789,106,0,21,7,58,8,639,2,37,22
12-16-20,Humphreys,985,14,732,9,253,5,866,9,8827,40,9693,49,0,8,2,101,12,876,0,23,11
12-16-20,Jackson,895,14,724,11,171,3,861,13,4194,27,5055,40,0,17,-8,107,22,771,1,28,18
12-16-20,Jefferson,3138,50,2568,26,570,24,2942,31,27361,130,30303,161,0,43,2,461,48,2634,0,123,59
12-16-20,Johnson,1638,3,1542,2,96,1,1646,1,10835,13,12481,14,0,26,-8,93,11,1519,0,48,26
12-16-20,Knox,26863,562,25000,451,1863,111,27448,463,225692,1715,253140,2178,8,221,94,3766,460,22876,11,808,253
12-16-20,Lake,1322,10,1206,6,116,4,1438,8,8236,18,9674,26,0,11,3,67,7,1244,0,14,11
12-16-20,Lauderdale,2375,25,1956,12,419,13,2246,14,16660,80,18906,94,1,27,8,170,16,2178,2,73,25
12-16-20,Lawrence,3716,47,3144,29,572,18,3492,33,20903,72,24395,105,1,48,-12,542,58,3126,0,109,53
12-16-20,Lewis,1032,15,940,9,92,6,1007,4,8111,16,9118,20,0,17,2,128,13,887,1,32,19
12-16-20,Lincoln,2667,47,2221,33,446,14,2516,32,13031,34,15547,66,0,26,-15,568,62,2073,1,58,29
12-16-20,Loudon,3232,80,3012,50,220,30,3301,52,23594,138,26895,190,1,24,40,531,39,2677,0,81,29
12-16-20,Macon,2328,61,2041,40,287,21,2444,45,11964,78,14408,123,0,33,29,290,32,2005,0,100,37
12-16-20,Madison,6938,178,4154,59,2784,119,5279,62,42154,140,47433,202,2,132,87,464,89,6342,3,280,154
12-16-20,Marion,1682,40,1589,21,93,19,1819,25,12334,118,14153,143,1,22,7,298,32,1362,1,81,23
12-16-20,Marshall,2311,21,2208,14,103,7,2506,11,17347,69,19853,80,1,26,-11,271,31,2014,0,54,27
12-16-20,Maury,7780,82,7498,58,282,24,8340,61,52544,192,60884,253,2,94,-27,841,107,6845,1,202,98
12-16-20,McMinn,3694,52,3497,48,197,4,3896,49,29670,250,33566,299,0,60,-17,540,69,3094,0,107,62
12-16-20,McNairy,1670,37,1314,24,356,13,1703,26,12354,134,14057,160,0,35,18,130,19,1505,0,51,37
12-16-20,Meigs,748,10,718,10,30,0,811,11,5475,41,6286,52,0,13,-7,134,17,601,0,28,14
12-16-20,Monroe,3090,65,2856,39,234,26,3214,43,19536,162,22750,205,1,49,13,494,51,2547,0,115,53
12-16-20,Montgomery,9423,274,8006,100,1417,174,8919,111,75915,449,84834,560,0,102,150,1184,124,8137,1,204,117
12-16-20,Moore,590,11,493,3,97,8,567,3,3711,10,4278,13,0,4,4,124,7,462,0,7,5
12-16-20,Morgan,1230,30,1045,16,185,14,1132,17,12059,55,13191,72,0,10,5,277,25,943,1,19,13
12-16-20,Obion,3283,49,2568,30,715,19,2922,32,16600,95,19522,127,1,65,9,310,39,2908,0,81,70
12-16-20,Out of State,9580,238,8149,159,1431,79,9037,167,460737,2295,469774,2462,0,58,1,1706,237,7816,4,143,44
12-16-20,Overton,1897,43,1585,34,312,9,1887,35,11418,66,13305,101,0,39,20,236,23,1622,0,53,42
12-16-20,Pending,7108,229,5662,145,1446,84,6307,149,290267,1714,296574,1863,2,47,56,1326,171,5735,4,83,54
12-16-20,Perry,697,8,638,7,59,1,713,6,5000,15,5713,21,0,22,-7,91,15,584,0,26,23
12-16-20,Pickett,485,14,323,11,162,3,396,12,2479,13,2875,25,0,16,8,57,6,412,1,26,16
12-16-20,Polk,935,14,878,9,57,5,989,10,6328,54,7317,64,0,15,-4,134,18,786,0,41,15
12-16-20,Putnam,7354,189,6431,136,923,53,7815,149,52632,341,60447,490,0,92,115,830,74,6432,2,169,117
12-16-20,Rhea,2482,63,2328,32,154,31,2643,33,18752,152,21395,185,1,41,15,378,47,2063,0,63,47
12-16-20,Roane,3446,65,3134,41,312,24,3497,41,32060,171,35557,212,0,40,10,529,55,2877,1,91,47
12-16-20,Robertson,5339,117,4955,40,384,77,5658,42,31300,129,36958,171,0,65,26,676,91,4598,4,270,70
12-16-20,Rutherford,24143,454,22783,302,1360,152,26850,357,160565,1048,187415,1405,3,201,94,2816,357,21126,4,434,217
12-16-20,Scott,1772,43,1178,21,594,22,1255,21,8706,29,9961,50,0,12,-11,363,54,1397,3,45,18
12-16-20,Sequatchie,879,54,804,30,75,24,870,33,9217,99,10087,132,0,5,42,217,12,657,1,20,10
12-16-20,Sevier,7045,125,6655,97,390,28,7337,100,45955,268,53292,368,0,54,-9,1081,134,5910,1,186,61
12-16-20,Shelby,58803,957,56647,816,2156,141,69921,990,627448,4880,697369,5870,4,761,341,5379,612,52663,23,2756,917
12-16-20,Smith,1795,38,1546,23,249,15,1948,28,9645,117,11593,145,0,20,23,208,15,1567,2,50,23
12-16-20,Stewart,741,8,626,4,115,4,719,4,5087,16,5806,20,0,19,4,56,4,666,0,20,20
12-16-20,Sullivan,9083,169,8239,136,844,33,8919,151,59230,548,68149,699,1,150,15,1175,153,7758,3,543,166
12-16-20,Sumner,13479,221,13004,173,475,48,14847,197,85075,448,99922,645,2,167,12,1526,207,11786,3,595,196
12-16-20,Tipton,4613,78,3686,23,927,55,4486,33,34752,154,39238,187,1,46,27,457,50,4110,0,120,54
12-16-20,Trousdale,2045,5,2000,3,45,2,2133,4,7169,26,9302,30,0,12,0,88,5,1945,0,33,12
12-16-20,Unicoi,1183,11,1032,7,151,4,1144,7,10179,27,11323,34,0,34,3,140,8,1009,0,55,35
12-16-20,Union,1069,20,962,15,107,5,1050,13,7872,53,8922,66,0,7,8,207,12,855,1,38,14
12-16-20,Van Buren,528,32,474,27,54,5,530,25,4029,18,4559,43,0,5,28,88,4,435,0,12,5
12-16-20,Warren,3571,154,3205,130,366,24,3641,144,24216,270,27857,414,0,24,81,760,73,2787,7,63,32
12-16-20,Washington,8417,154,7721,132,696,22,8561,129,57513,329,66074,458,1,135,1,1214,152,7068,2,269,149
12-16-20,Wayne,2222,32,2002,19,220,13,2193,18,8996,34,11189,52,0,15,15,109,17,2098,1,38,17
12-16-20,Weakley,2677,54,2248,38,429,16,2577,35,16845,73,19422,108,0,41,24,246,30,2390,0,51,42
12-16-20,White,2373,60,2060,45,313,15,2581,49,17702,122,20283,171,0,28,27,306,33,2039,1,86,35
12-16-20,Williamson,14773,284,13830,222,943,62,15595,238,125300,953,140895,1191,0,103,90,1428,194,13242,0,212,116
12-16-20,Wilson,10319,198,9837,142,482,56,11318,159,69987,586,81305,745,0,103,21,1180,177,9036,4,236,113
12-15-20,Anderson,4449,136,3956,87,493,49,4438,99,45734,517,50172,616,1,41,40,828,95,3580,4,118,52
12-15-20,Bedford,3858,188,3406,185,452,3,3963,199,22796,619,26759,818,0,46,125,575,63,3237,0,91,56
12-15-20,Benton,1049,16,947,16,102,0,1042,18,7162,49,8204,67,2,25,-6,101,20,923,0,28,28
12-15-20,Bledsoe,1397,18,1374,18,23,0,1458,22,11672,123,13130,145,0,6,4,94,14,1297,0,27,7
12-15-20,Blount,8192,266,7571,229,621,37,8446,239,52081,796,60527,1035,1,71,122,1329,143,6792,3,226,91
12-15-20,Bradley,7301,145,6649,133,652,12,7665,143,43657,619,51322,762,0,50,15,1036,130,6215,7,356,60
12-15-20,Campbell,2095,45,1561,37,534,8,1767,41,20356,238,22123,279,0,27,5,288,40,1780,0,85,32
12-15-20,Cannon,1134,47,1023,45,111,2,1154,49,6841,105,7995,154,0,5,33,244,14,885,0,21,12
12-15-20,Carroll,2251,34,1735,26,516,8,2072,45,16106,102,18178,147,1,40,-11,258,44,1953,0,63,47
12-15-20,Carter,3789,76,3461,72,328,4,3793,83,27105,323,30898,406,0,75,28,596,48,3118,1,182,81
12-15-20,Cheatham,2223,61,2022,50,201,11,2328,54,18878,233,21206,287,0,18,12,299,49,1906,2,58,21
12-15-20,Chester,1263,25,985,16,278,9,1211,17,8269,87,9480,104,0,25,7,132,18,1106,0,30,29
12-15-20,Claiborne,1286,36,1001,20,285,16,1105,22,16355,125,17460,147,0,11,9,194,27,1081,0,41,18
12-15-20,Clay,720,23,526,13,194,10,603,15,4358,37,4961,52,0,19,15,112,8,589,0,19,22
12-15-20,Cocke,2201,85,1849,71,352,14,2057,86,14925,250,16982,336,1,33,51,366,33,1802,3,79,41
12-15-20,Coffee,3997,209,3204,204,793,5,3932,240,33306,871,37238,1111,2,52,144,684,63,3261,0,76,59
12-15-20,Crockett,1385,23,945,8,440,15,1121,8,5710,58,6831,66,0,29,7,142,16,1214,0,27,30
12-15-20,Cumberland,3457,83,3244,74,213,9,3795,79,37148,240,40943,319,0,44,27,498,56,2915,2,108,52
12-15-20,Davidson,52597,970,51422,900,1175,70,62874,1061,636110,6050,698984,7111,-1,480,366,4539,605,47578,13,1600,514
12-15-20,Decatur,1104,28,874,17,230,11,1071,21,9263,90,10334,111,1,17,23,93,4,994,1,29,17
12-15-20,Dekalb,1698,37,1401,30,297,7,1644,35,13328,93,14972,128,0,25,-6,270,43,1403,0,40,29
12-15-20,Dickson,3821,102,3044,80,777,22,3703,85,25190,317,28893,402,1,48,33,464,68,3309,2,88,55
12-15-20,Dyer,3778,62,2831,27,947,35,3206,29,17765,127,20971,156,1,61,33,329,28,3388,1,93,67
12-15-20,Fayette,2809,59,2655,55,154,4,3311,67,26274,334,29585,401,0,42,13,280,46,2487,1,105,46
12-15-20,Fentress,1558,29,1394,26,164,3,1621,30,8426,119,10047,149,0,27,15,214,14,1317,0,48,30
12-15-20,Franklin,2869,82,2631,78,238,4,3122,88,24517,387,27639,475,0,41,35,380,47,2448,0,78,45
12-15-20,Gibson,4134,83,2800,48,1334,35,3488,55,22910,193,26398,248,1,79,15,459,67,3596,0,86,85
12-15-20,Giles,2015,69,1869,59,146,10,2143,77,16586,236,18729,313,1,54,37,339,31,1622,3,89,58
12-15-20,Grainger,1439,42,1189,39,250,3,1348,43,10332,112,11680,155,0,21,22,253,20,1165,0,47,25
12-15-20,Greene,4397,143,3831,86,566,57,4311,104,30999,456,35310,560,0,80,87,743,56,3574,0,146,85
12-15-20,Grundy,1013,30,925,26,88,4,1080,30,5432,90,6512,120,0,14,9,115,21,884,1,46,15
12-15-20,Hamblen,4709,136,4060,86,649,50,4592,92,35433,309,40025,401,0,68,60,713,76,3928,6,176,85
12-15-20,Hamilton,22267,621,20659,570,1608,51,23373,617,223025,2813,246398,3430,7,224,261,1733,353,20310,9,731,251
12-15-20,Hancock,264,8,217,7,47,1,238,8,2937,17,3175,25,0,4,2,39,6,221,0,13,5
12-15-20,Hardeman,2549,35,2277,24,272,11,2697,27,19936,132,22633,159,0,40,1,170,34,2339,0,87,42
12-15-20,Hardin,2228,58,1694,47,534,11,2065,49,18060,157,20125,206,0,32,34,259,24,1937,0,45,34
12-15-20,Hawkins,2875,67,2599,54,276,13,2831,64,21340,468,24171,532,0,45,24,563,43,2267,1,108,48
12-15-20,Haywood,1964,41,1739,35,225,6,1978,36,10654,130,12632,166,0,31,19,211,22,1722,0,59,35
12-15-20,Henderson,2441,50,1860,40,581,10,2443,48,13284,157,15727,205,0,38,-2,319,52,2084,0,58,40
12-15-20,Henry,1995,35,1728,29,267,6,1996,32,14638,110,16634,142,2,28,-2,211,35,1756,1,60,34
12-15-20,Hickman,1608,58,1446,55,162,3,1712,76,11934,154,13646,230,0,22,28,243,30,1343,1,36,25
12-15-20,Houston,703,14,575,14,128,0,659,14,6024,57,6683,71,0,21,9,51,5,631,0,35,22
12-15-20,Humphreys,971,41,723,36,248,5,857,37,8787,80,9644,117,0,8,27,99,14,864,0,23,11
12-15-20,Jackson,881,11,713,10,168,1,848,11,4167,51,5015,62,0,17,4,115,7,749,0,27,18
12-15-20,Jefferson,3088,79,2542,61,546,18,2911,71,27231,258,30142,329,1,43,32,459,46,2586,0,123,57
12-15-20,Johnson,1635,16,1540,14,95,2,1645,14,10822,140,12467,154,0,26,9,101,7,1508,0,48,26
12-15-20,Knox,26301,762,24549,672,1752,90,26985,711,223977,2409,250962,3120,2,213,321,3672,439,22416,15,797,249
12-15-20,Lake,1312,13,1200,10,112,3,1430,10,8218,50,9648,60,1,11,-3,64,15,1237,0,14,11
12-15-20,Lauderdale,2350,21,1944,15,406,6,2232,16,16580,130,18812,146,1,26,4,162,16,2162,1,71,25
12-15-20,Lawrence,3669,132,3115,99,554,33,3459,114,20831,448,24290,562,2,47,66,554,64,3068,3,109,53
12-15-20,Lewis,1017,39,931,25,86,14,1003,35,8095,123,9098,158,0,17,29,126,10,874,0,31,19
12-15-20,Lincoln,2620,144,2188,117,432,27,2484,136,12997,177,15481,313,0,26,87,583,57,2011,0,57,29
12-15-20,Loudon,3152,97,2962,82,190,15,3249,89,23456,253,26705,342,0,23,35,491,62,2638,2,81,29
12-15-20,Macon,2267,63,2001,45,266,18,2399,49,11886,105,14285,154,0,33,42,261,21,1973,1,100,37
12-15-20,Madison,6760,102,4095,62,2665,40,5217,63,42014,312,47231,375,0,130,18,377,84,6253,5,277,153
12-15-20,Marion,1642,47,1568,43,74,4,1794,49,12216,212,14010,261,0,21,8,291,39,1330,2,80,23
12-15-20,Marshall,2290,60,2194,52,96,8,2495,63,17278,242,19773,305,1,25,30,282,29,1983,0,54,27
12-15-20,Maury,7698,245,7440,238,258,7,8279,291,52352,1187,60631,1478,0,92,109,868,136,6738,2,201,97
12-15-20,McMinn,3642,88,3449,84,193,4,3847,91,29420,323,33267,414,0,60,44,557,44,3025,0,107,62
12-15-20,McNairy,1633,31,1290,26,343,5,1677,28,12220,101,13897,129,1,35,12,112,18,1486,0,51,37
12-15-20,Meigs,738,17,708,17,30,0,800,19,5434,75,6234,94,0,13,1,141,16,584,1,28,14
12-15-20,Monroe,3025,78,2817,76,208,2,3171,81,19374,257,22545,338,0,48,31,481,47,2496,0,115,52
12-15-20,Montgomery,9149,258,7906,230,1243,28,8808,241,75466,1410,84274,1651,0,102,119,1034,139,8013,4,203,117
12-15-20,Moore,579,21,490,18,89,3,564,26,3701,62,4265,88,0,4,13,120,8,455,0,7,5
12-15-20,Morgan,1200,50,1029,43,171,7,1115,44,12004,95,13119,139,1,10,21,272,28,918,0,18,13
12-15-20,Obion,3234,44,2538,33,696,11,2890,39,16505,142,19395,181,0,64,-5,301,49,2869,0,81,70
12-15-20,Out of State,9342,357,7990,315,1352,42,8870,369,458442,4183,467312,4552,1,58,105,1705,251,7579,2,139,43
12-15-20,Overton,1854,27,1551,26,303,1,1852,31,11352,136,13204,167,0,39,11,216,16,1599,0,53,41
12-15-20,Pending,6879,272,5517,219,1362,53,6158,250,288553,2865,294711,3115,3,45,58,1270,211,5564,0,79,53
12-15-20,Perry,689,33,631,31,58,2,707,41,4985,43,5692,84,0,22,18,98,15,569,0,26,23
12-15-20,Pickett,471,11,312,8,159,3,384,8,2466,49,2850,57,0,16,9,49,2,406,0,25,16
12-15-20,Polk,921,28,869,24,52,4,979,26,6274,106,7253,132,0,15,9,138,19,768,1,41,15
12-15-20,Putnam,7165,127,6295,115,870,12,7666,127,52291,638,59957,765,0,92,29,715,98,6358,0,167,116
12-15-20,Rhea,2419,83,2296,81,123,2,2610,87,18600,249,21210,336,0,40,55,363,28,2016,2,63,46
12-15-20,Roane,3381,119,3093,92,288,27,3456,96,31889,414,35345,510,1,40,66,519,52,2822,0,90,47
12-15-20,Robertson,5222,152,4915,127,307,25,5616,140,31171,446,36787,586,1,65,45,650,106,4507,6,266,70
12-15-20,Rutherford,23689,640,22481,592,1208,48,26493,670,159517,2349,186010,3019,3,198,252,2722,385,20769,0,430,215
12-15-20,Scott,1729,44,1157,37,572,7,1234,40,8677,116,9911,156,0,12,5,374,39,1343,0,42,16
12-15-20,Sequatchie,825,38,774,26,51,12,837,26,9118,114,9955,140,0,5,21,175,17,645,0,19,9
12-15-20,Sevier,6920,222,6558,191,362,31,7237,209,45687,689,52924,898,4,54,97,1090,121,5776,4,185,61
12-15-20,Shelby,57846,977,55831,928,2015,49,68931,1145,622568,7019,691499,8164,4,757,334,5038,639,52051,20,2733,908
12-15-20,Smith,1757,36,1523,34,234,2,1920,39,9528,137,11448,176,0,20,25,185,11,1552,0,48,23
12-15-20,Stewart,733,15,622,12,111,3,715,11,5071,73,5786,84,0,19,8,52,7,662,0,20,20
12-15-20,Sullivan,8914,244,8103,220,811,24,8768,251,58682,1002,67450,1253,8,149,84,1160,152,7605,6,540,165
12-15-20,Sumner,13258,307,12831,280,427,27,14650,319,84627,1048,99277,1367,1,165,55,1514,251,11579,6,592,190
12-15-20,Tipton,4535,100,3663,76,872,24,4453,87,34598,334,39051,421,2,45,45,430,53,4060,1,120,53
12-15-20,Trousdale,2040,22,1997,21,43,1,2129,23,7143,66,9272,89,0,12,16,88,6,1940,0,33,12
12-15-20,Unicoi,1172,16,1025,14,147,2,1137,20,10152,94,11289,114,1,34,-9,137,24,1001,0,55,35
12-15-20,Union,1049,21,947,19,102,2,1037,19,7819,72,8856,91,1,7,-4,199,24,843,1,37,12
12-15-20,Van Buren,496,14,447,13,49,1,505,15,4011,35,4516,50,1,5,3,60,10,431,0,12,5
12-15-20,Warren,3417,121,3075,108,342,13,3497,122,23946,314,27443,436,0,24,72,679,49,2714,1,56,30
12-15-20,Washington,8263,182,7589,160,674,22,8432,182,57184,849,65616,1031,5,134,33,1213,144,6916,0,267,148
12-15-20,Wayne,2190,28,1983,22,207,6,2175,24,8962,101,11137,125,0,15,20,94,8,2081,0,37,17
12-15-20,Weakley,2623,58,2210,46,413,12,2542,56,16772,178,19314,234,3,41,28,222,27,2360,2,51,42
12-15-20,White,2313,40,2015,38,298,2,2532,44,17580,195,20112,239,0,28,8,279,32,2006,1,85,35
12-15-20,Williamson,14489,349,13608,305,881,44,15357,342,124347,1504,139704,1846,2,103,138,1338,209,13048,4,212,114
12-15-20,Wilson,10121,294,9695,279,426,15,11159,306,69401,945,80560,1251,2,103,129,1159,163,8859,3,232,111
12-14-20,Anderson,4313,115,3869,85,444,30,4339,104,45217,297,49556,401,0,40,-37,788,152,3485,1,114,49
12-14-20,Bedford,3670,30,3221,25,449,5,3764,28,22177,115,25941,143,0,46,-122,450,152,3174,1,91,55
12-14-20,Benton,1033,12,931,11,102,1,1024,14,7113,39,8137,53,1,23,-22,107,33,903,0,28,28
12-14-20,Bledsoe,1379,11,1356,11,23,0,1436,12,11549,155,12985,167,0,6,-13,90,24,1283,0,27,7
12-14-20,Blount,7926,126,7342,110,584,16,8207,117,51285,199,59492,316,2,70,-133,1207,257,6649,3,223,86
12-14-20,Bradley,7156,118,6516,110,640,8,7522,137,43038,418,50560,555,2,50,-94,1021,210,6085,5,349,58
12-14-20,Campbell,2050,44,1524,27,526,17,1726,30,20118,135,21844,165,0,27,-6,283,50,1740,1,85,32
12-14-20,Cannon,1087,37,978,36,109,1,1105,41,6736,62,7841,103,0,5,7,211,30,871,0,21,10
12-14-20,Carroll,2217,32,1709,22,508,10,2027,35,16004,76,18031,111,0,39,-14,269,46,1909,2,63,47
12-14-20,Carter,3713,84,3389,77,324,7,3710,83,26782,253,30492,336,0,75,-2,568,86,3070,2,181,81
12-14-20,Cheatham,2162,59,1972,49,190,10,2274,53,18645,193,20919,246,0,18,10,287,49,1857,0,56,19
12-14-20,Chester,1238,17,969,16,269,1,1194,15,8182,66,9376,81,0,25,1,125,16,1088,0,30,29
12-14-20,Claiborne,1250,25,981,13,269,12,1083,15,16230,124,17313,139,0,11,-31,185,56,1054,0,41,18
12-14-20,Clay,697,19,513,15,184,4,588,14,4321,46,4909,60,0,19,4,97,15,581,0,19,22
12-14-20,Cocke,2116,34,1778,32,338,2,1971,39,14675,87,16646,126,0,32,-23,315,57,1769,1,76,41
12-14-20,Coffee,3788,59,3000,44,788,15,3692,59,32435,192,36127,251,2,50,-54,540,111,3198,0,76,58
12-14-20,Crockett,1362,20,937,11,425,9,1113,12,5652,53,6765,65,0,29,4,135,16,1198,0,27,30
12-14-20,Cumberland,3374,98,3170,92,204,6,3716,104,36908,424,40624,528,0,44,-6,471,104,2859,0,106,52
12-14-20,Davidson,51627,787,50522,748,1105,39,61813,892,630060,4646,691873,5538,6,481,34,4173,747,46973,19,1587,512
12-14-20,Decatur,1076,16,857,12,219,4,1050,11,9173,34,10223,45,0,16,5,70,11,990,0,28,17
12-14-20,Dekalb,1661,29,1371,23,290,6,1609,25,13235,66,14844,91,0,25,-32,276,61,1360,0,40,28
12-14-20,Dickson,3719,68,2964,50,755,18,3618,55,24873,204,28491,259,0,47,-27,431,95,3241,1,86,55
12-14-20,Dyer,3716,30,2804,16,912,14,3177,17,17638,154,20815,171,0,60,-24,296,54,3360,0,92,66
12-14-20,Fayette,2750,31,2600,28,150,3,3244,29,25940,137,29184,166,0,42,-10,267,41,2441,0,104,46
12-14-20,Fentress,1529,31,1368,22,161,9,1591,23,8307,59,9898,82,0,27,-6,199,37,1303,0,48,30
12-14-20,Franklin,2787,47,2553,44,234,3,3034,56,24130,258,27164,314,0,41,-31,345,78,2401,0,78,45
12-14-20,Gibson,4051,74,2752,41,1299,33,3433,48,22717,130,26150,178,1,78,-25,444,98,3529,0,86,85
12-14-20,Giles,1946,66,1810,53,136,13,2066,52,16350,116,18416,168,0,53,29,302,37,1591,3,86,58
12-14-20,Grainger,1397,23,1150,22,247,1,1305,23,10220,94,11525,117,0,21,-17,231,40,1145,0,47,25
12-14-20,Greene,4254,105,3745,88,509,17,4207,91,30543,276,34750,367,1,80,-64,656,168,3518,1,146,84
12-14-20,Grundy,983,5,899,4,84,1,1050,6,5342,80,6392,86,0,14,-26,106,31,863,0,45,15
12-14-20,Hamblen,4573,76,3974,67,599,9,4500,80,35124,368,39624,448,1,68,-73,653,148,3852,0,170,84
12-14-20,Hamilton,21646,389,20089,364,1557,25,22756,406,220212,1567,242968,1973,5,217,-38,1472,422,19957,6,722,250
12-14-20,Hancock,256,6,210,5,46,1,230,8,2920,24,3150,32,0,4,-4,37,10,215,0,13,5
12-14-20,Hardeman,2514,21,2253,17,261,4,2670,20,19804,136,22474,156,0,40,-5,169,26,2305,1,87,42
12-14-20,Hardin,2170,25,1647,21,523,4,2016,23,17903,69,19919,92,1,32,-24,225,48,1913,0,45,34
12-14-20,Hawkins,2808,71,2545,68,263,3,2767,71,20872,253,23639,324,2,45,-23,539,92,2224,1,107,47
12-14-20,Haywood,1923,29,1704,22,219,7,1942,26,10524,74,12466,100,0,31,-5,192,34,1700,0,59,35
12-14-20,Henderson,2391,61,1820,42,571,19,2395,52,13127,99,15522,151,0,38,3,321,58,2032,0,58,40
12-14-20,Henry,1960,30,1699,25,261,5,1964,27,14528,78,16492,105,0,26,-23,213,53,1721,1,59,34
12-14-20,Hickman,1550,48,1391,45,159,3,1636,43,11780,87,13416,130,1,22,7,215,40,1313,0,35,25
12-14-20,Houston,689,10,561,9,128,1,645,9,5967,65,6612,74,0,21,-1,42,11,626,1,35,22
12-14-20,Humphreys,930,19,687,14,243,5,820,15,8707,35,9527,50,0,8,-10,72,29,850,0,23,11
12-14-20,Jackson,870,22,703,17,167,5,837,18,4116,39,4953,57,0,17,2,111,20,742,0,27,17
12-14-20,Jefferson,3009,55,2481,43,528,12,2840,50,26973,194,29813,244,2,42,-33,427,86,2540,0,123,54
12-14-20,Johnson,1619,14,1526,13,93,1,1631,15,10682,81,12313,96,1,26,-26,92,39,1501,0,48,26
12-14-20,Knox,25539,474,23877,413,1662,61,26274,478,221568,1640,247842,2118,6,211,-12,3351,480,21977,7,782,241
12-14-20,Lake,1299,5,1190,3,109,2,1420,3,8168,35,9588,38,0,10,-17,67,22,1222,0,14,11
12-14-20,Lauderdale,2329,23,1929,21,400,2,2216,29,16450,134,18666,163,0,25,-6,158,29,2146,0,70,24
12-14-20,Lawrence,3537,62,3016,44,521,18,3345,34,20383,92,23728,126,1,45,-33,488,94,3004,5,106,53
12-14-20,Lewis,978,16,906,16,72,0,968,10,7972,32,8940,42,1,17,-15,97,30,864,0,31,19
12-14-20,Lincoln,2476,85,2071,63,405,22,2348,60,12820,114,15168,174,0,26,-22,496,107,1954,0,57,28
12-14-20,Loudon,3055,76,2880,68,175,8,3160,74,23203,172,26363,246,0,23,3,456,73,2576,1,79,29
12-14-20,Macon,2204,45,1956,37,248,8,2350,44,11781,107,14131,151,1,33,5,219,39,1952,0,99,37
12-14-20,Madison,6658,99,4033,43,2625,56,5154,51,41702,226,46856,277,2,130,-9,359,106,6169,0,272,153
12-14-20,Marion,1595,29,1525,26,70,3,1745,28,12004,123,13749,151,0,21,-8,283,37,1291,1,78,23
12-14-20,Marshall,2230,41,2142,39,88,2,2432,39,17036,157,19468,196,1,24,-7,252,47,1954,1,54,27
12-14-20,Maury,7453,85,7202,84,251,1,7988,62,51165,223,59153,285,0,92,-101,759,186,6602,2,199,96
12-14-20,McMinn,3554,73,3365,69,189,4,3756,72,29097,254,32853,326,0,60,-58,513,131,2981,0,107,62
12-14-20,McNairy,1602,20,1264,18,338,2,1649,18,12119,88,13768,106,0,34,-14,100,34,1468,0,51,37
12-14-20,Meigs,721,22,691,22,30,0,781,23,5359,45,6140,68,0,13,-2,140,24,568,0,27,14
12-14-20,Monroe,2947,54,2741,39,206,15,3090,47,19117,149,22207,196,0,48,-13,450,67,2449,0,115,52
12-14-20,Montgomery,8891,187,7676,173,1215,14,8567,184,74056,798,82623,982,0,102,-69,915,256,7874,0,199,115
12-14-20,Moore,558,18,472,17,86,1,538,18,3639,29,4177,47,0,4,2,107,16,447,0,7,5
12-14-20,Morgan,1150,34,986,28,164,6,1071,28,11909,133,12980,161,1,9,-22,251,55,890,0,18,13
12-14-20,Obion,3190,35,2505,19,685,16,2851,22,16363,120,19214,142,1,64,-18,306,52,2820,0,81,70
12-14-20,Out of State,8985,255,7675,217,1310,38,8501,284,454259,2776,462760,3060,1,57,-51,1600,305,7328,1,137,42
12-14-20,Overton,1827,50,1525,41,302,9,1821,45,11216,114,13037,159,1,39,22,205,27,1583,0,53,41
12-14-20,Pending,6607,183,5298,131,1309,52,5908,157,285688,1954,291596,2111,1,42,-80,1212,262,5353,1,79,50
12-14-20,Perry,656,28,600,24,56,4,666,17,4942,28,5608,45,0,22,10,80,18,554,0,26,23
12-14-20,Pickett,460,10,304,2,156,8,376,2,2417,7,2793,9,0,16,-1,40,11,404,0,25,16
12-14-20,Polk,893,17,845,17,48,0,953,26,6168,63,7121,89,0,15,-14,129,31,749,0,40,15
12-14-20,Putnam,7038,85,6180,81,858,4,7539,92,51653,450,59192,542,2,92,-62,686,145,6260,0,167,116
12-14-20,Rhea,2336,41,2215,40,121,1,2523,42,18351,165,20874,207,1,40,-40,308,80,1988,1,61,46
12-14-20,Roane,3262,65,3001,31,261,34,3360,32,31475,129,34835,161,0,39,-47,453,112,2770,1,90,47
12-14-20,Robertson,5070,104,4788,92,282,12,5476,103,30725,309,36201,412,0,64,-37,605,141,4401,0,260,67
12-14-20,Rutherford,23049,370,21889,359,1160,11,25823,408,157168,1384,182991,1792,2,195,-227,2470,595,20384,2,430,215
12-14-20,Scott,1685,60,1120,36,565,24,1194,36,8561,68,9755,104,1,12,-21,369,80,1304,1,42,16
12-14-20,Sequatchie,787,18,748,17,39,1,811,21,9004,104,9815,125,0,5,-8,154,26,628,0,19,9
12-14-20,Sevier,6698,147,6367,134,331,13,7028,140,44998,427,52026,567,3,50,-62,993,206,5655,4,181,59
12-14-20,Shelby,56869,654,54903,603,1966,51,67786,726,615549,5134,683335,5860,9,753,-34,4704,679,51412,6,2713,903
12-14-20,Smith,1721,28,1489,19,232,9,1881,21,9391,132,11272,153,0,20,7,160,21,1541,1,48,22
12-14-20,Stewart,718,3,610,3,108,0,704,3,4998,37,5702,40,0,19,-7,44,10,655,0,20,20
12-14-20,Sullivan,8670,165,7883,151,787,14,8517,135,57680,421,66197,556,6,141,-52,1076,211,7453,14,534,164
12-14-20,Sumner,12951,227,12551,217,400,10,14331,269,83579,708,97910,977,4,164,-146,1459,369,11328,2,586,186
12-14-20,Tipton,4435,47,3587,34,848,13,4366,41,34264,242,38630,283,0,43,-31,385,78,4007,0,119,53
12-14-20,Trousdale,2018,15,1976,13,42,2,2106,16,7077,63,9183,79,0,12,8,72,7,1934,0,33,12
12-14-20,Unicoi,1156,20,1011,20,145,0,1117,23,10058,107,11175,130,3,33,-13,146,30,977,1,55,35
12-14-20,Union,1028,29,928,26,100,3,1018,29,7747,94,8765,123,0,6,-2,203,31,819,1,36,11
12-14-20,Van Buren,482,11,434,9,48,2,490,13,3976,79,4466,92,0,4,-1,57,12,421,0,12,5
12-14-20,Warren,3296,139,2967,120,329,19,3375,133,23632,298,27007,431,1,24,16,607,122,2665,0,55,30
12-14-20,Washington,8081,146,7429,105,652,41,8250,112,56335,441,64585,553,0,129,-137,1180,283,6772,2,267,146
12-14-20,Wayne,2162,12,1961,10,201,2,2151,11,8861,49,11012,60,0,15,-20,74,32,2073,1,37,17
12-14-20,Weakley,2565,20,2164,9,401,11,2486,10,16594,81,19080,91,0,38,-26,194,46,2333,0,49,42
12-14-20,White,2273,34,1977,31,296,3,2488,42,17385,155,19873,197,0,28,-35,271,69,1974,0,84,35
12-14-20,Williamson,14140,168,13303,158,837,10,15015,179,122843,776,137858,955,1,101,-73,1200,240,12839,1,208,112
12-14-20,Wilson,9827,160,9416,153,411,7,10853,174,68456,706,79309,880,1,101,-30,1030,189,8696,4,229,111
12-13-20,Anderson,4198,232,3784,183,414,49,4235,202,44920,879,49155,1081,1,40,188,825,43,3333,0,113,48
12-13-20,Bedford,3640,106,3196,96,444,10,3736,112,22062,353,25798,465,0,46,78,572,28,3022,2,90,54
12-13-20,Benton,1021,17,920,16,101,1,1010,18,7074,99,8084,117,0,22,12,129,5,870,0,28,28
12-13-20,Bledsoe,1368,21,1345,21,23,0,1424,25,11394,84,12818,109,0,6,17,103,4,1259,0,27,7
12-13-20,Blount,7800,352,7232,330,568,22,8090,341,51086,885,59176,1226,0,68,241,1340,111,6392,1,220,84
12-13-20,Bradley,7038,189,6406,179,632,10,7385,218,42620,872,50005,1090,0,48,110,1115,79,5875,7,344,57
12-13-20,Campbell,2006,61,1497,36,509,25,1696,34,19983,287,21679,321,1,27,44,289,16,1690,2,84,32
12-13-20,Cannon,1050,41,942,38,108,3,1064,40,6674,91,7738,131,0,5,38,204,3,841,0,21,10
12-13-20,Carroll,2185,55,1687,42,498,13,1992,53,15928,167,17920,220,1,39,38,283,16,1863,1,61,46
12-13-20,Carter,3629,95,3312,86,317,9,3627,101,26529,360,30156,461,1,75,74,570,20,2984,3,179,81
12-13-20,Cheatham,2103,61,1923,52,180,9,2221,57,18452,205,20673,262,0,18,41,277,20,1808,0,56,19
12-13-20,Chester,1221,18,953,15,268,3,1179,19,8116,139,9295,158,0,25,8,124,10,1072,0,30,29
12-13-20,Claiborne,1225,34,968,32,257,2,1068,33,16106,288,17174,321,0,11,23,216,11,998,0,41,18
12-13-20,Clay,678,11,498,9,180,2,574,9,4275,50,4849,59,0,19,8,93,3,566,0,19,22
12-13-20,Cocke,2082,63,1746,58,336,5,1932,61,14588,265,16520,326,0,32,52,338,11,1712,0,75,39
12-13-20,Coffee,3729,104,2956,81,773,23,3633,95,32243,310,35876,405,-1,48,82,594,23,3087,2,76,56
12-13-20,Crockett,1342,26,926,14,416,12,1101,16,5599,58,6700,74,0,29,23,131,3,1182,0,27,30
12-13-20,Cumberland,3276,96,3078,91,198,5,3612,97,36484,381,40096,478,0,44,86,477,10,2755,0,106,52
12-13-20,Davidson,50840,859,49774,808,1066,51,60921,912,625414,5789,686335,6701,5,475,555,4139,299,46226,17,1568,507
12-13-20,Decatur,1060,16,845,14,215,2,1039,18,9139,138,10178,156,1,16,11,65,4,979,0,28,17
12-13-20,Dekalb,1632,65,1348,56,284,9,1584,68,13169,184,14753,252,0,25,62,308,3,1299,1,40,28
12-13-20,Dickson,3651,126,2914,65,737,61,3563,64,24669,286,28232,350,1,47,81,458,44,3146,0,85,54
12-13-20,Dyer,3686,58,2788,33,898,25,3160,33,17484,177,20644,210,-1,60,47,320,12,3306,1,92,66
12-13-20,Fayette,2719,65,2572,55,147,10,3215,70,25803,416,29018,486,2,42,50,277,13,2400,0,104,46
12-13-20,Fentress,1498,54,1346,54,152,0,1568,58,8248,215,9816,273,0,27,48,205,6,1266,1,48,29
12-13-20,Franklin,2740,67,2509,62,231,5,2978,76,23872,384,26850,460,0,41,54,376,13,2323,3,78,44
12-13-20,Gibson,3977,85,2711,47,1266,38,3385,51,22587,262,25972,313,0,77,52,469,33,3431,1,86,85
12-13-20,Giles,1880,26,1757,26,123,0,2014,42,16234,245,18248,287,1,53,10,273,15,1554,1,83,56
12-13-20,Grainger,1374,50,1128,46,246,4,1282,51,10126,128,11408,179,0,21,42,248,8,1105,0,47,25
12-13-20,Greene,4149,106,3657,77,492,29,4116,86,30267,528,34383,614,0,79,75,720,31,3350,0,145,83
12-13-20,Grundy,978,28,895,27,83,1,1044,30,5262,96,6306,126,0,14,24,132,4,832,0,45,15
12-13-20,Hamblen,4497,137,3907,122,590,15,4420,133,34756,483,39176,616,1,67,114,726,22,3704,1,170,82
12-13-20,Hamilton,21257,417,19725,395,1532,22,22350,435,218645,2379,240995,2814,4,212,134,1510,279,19535,7,716,249
12-13-20,Hancock,250,4,205,4,45,0,222,4,2896,58,3118,62,0,4,2,41,2,205,0,13,4
12-13-20,Hardeman,2493,29,2236,24,257,5,2650,26,19668,233,22318,259,0,40,23,174,6,2279,1,86,42
12-13-20,Hardin,2145,49,1626,32,519,17,1993,33,17834,248,19827,281,1,31,36,249,12,1865,0,45,34
12-13-20,Hawkins,2737,106,2477,92,260,14,2696,100,20619,482,23315,582,0,43,87,562,19,2132,2,106,46
12-13-20,Haywood,1894,32,1682,22,212,10,1916,28,10450,148,12366,176,1,31,21,197,10,1666,0,59,34
12-13-20,Henderson,2330,59,1778,37,552,22,2343,43,13028,157,15371,200,1,38,44,318,14,1974,0,58,39
12-13-20,Henry,1930,64,1674,45,256,19,1937,54,14450,187,16387,241,0,26,54,236,10,1668,2,58,34
12-13-20,Hickman,1502,40,1346,31,156,9,1593,30,11693,108,13286,138,1,21,31,208,8,1273,1,35,24
12-13-20,Houston,679,7,552,6,127,1,636,6,5902,149,6538,155,0,21,5,43,2,615,0,34,22
12-13-20,Humphreys,911,19,673,12,238,7,805,14,8672,113,9477,127,0,8,15,82,4,821,0,23,11
12-13-20,Jackson,848,15,686,15,162,0,819,16,4077,48,4896,64,0,17,7,109,8,722,0,27,17
12-13-20,Jefferson,2954,76,2438,72,516,4,2790,81,26779,271,29569,352,0,40,47,460,29,2454,1,123,53
12-13-20,Johnson,1605,12,1513,11,92,1,1616,13,10601,112,12217,125,0,25,9,118,3,1462,1,48,26
12-13-20,Knox,25065,629,23464,574,1601,55,25796,735,219928,2931,245724,3666,2,205,399,3363,228,21497,10,775,234
12-13-20,Lake,1294,10,1187,8,107,2,1417,10,8133,85,9550,95,1,10,7,84,2,1200,0,14,11
12-13-20,Lauderdale,2306,32,1908,25,398,7,2187,24,16316,119,18503,143,0,25,29,164,3,2117,0,70,24
12-13-20,Lawrence,3475,71,2972,62,503,9,3311,79,20291,288,23602,367,1,44,52,521,18,2910,0,101,52
12-13-20,Lewis,962,19,890,19,72,0,958,21,7940,93,8898,114,0,16,13,112,6,834,0,31,19
12-13-20,Lincoln,2391,65,2008,62,383,3,2288,71,12706,176,14994,247,1,26,47,518,17,1847,1,57,28
12-13-20,Loudon,2979,103,2812,95,167,8,3086,104,23031,308,26117,412,0,23,82,453,21,2503,1,78,28
12-13-20,Macon,2159,38,1919,33,240,5,2306,37,11674,144,13980,181,0,32,30,214,8,1913,0,99,37
12-13-20,Madison,6559,142,3990,77,2569,65,5103,76,41476,524,46579,600,2,128,57,368,83,6063,3,272,152
12-13-20,Marion,1566,55,1499,55,67,0,1717,67,11881,227,13598,294,0,21,33,291,22,1254,0,77,23
12-13-20,Marshall,2189,46,2103,44,86,2,2393,53,16879,270,19272,323,0,23,39,259,7,1907,0,53,26
12-13-20,Maury,7368,135,7118,129,250,6,7926,155,50942,668,58868,823,1,92,101,860,33,6416,0,197,95
12-13-20,McMinn,3481,120,3296,115,185,5,3684,122,28843,418,32527,540,0,60,95,571,25,2850,2,107,62
12-13-20,McNairy,1582,22,1246,19,336,3,1631,23,12031,221,13662,244,0,34,17,114,5,1434,0,51,37
12-13-20,Meigs,699,29,669,27,30,2,758,30,5314,119,6072,149,0,13,28,142,1,544,0,27,13
12-13-20,Monroe,2893,111,2702,95,191,16,3043,103,18968,330,22011,433,0,48,89,463,22,2382,1,115,51
12-13-20,Montgomery,8704,276,7503,230,1201,46,8383,238,73258,1196,81641,1434,3,102,194,984,79,7618,0,199,115
12-13-20,Moore,540,29,455,27,85,2,520,27,3610,50,4130,77,0,4,28,105,1,431,0,7,5
12-13-20,Morgan,1116,62,958,53,158,9,1043,56,11776,196,12819,252,0,8,57,273,5,835,2,18,13
12-13-20,Obion,3155,72,2486,49,669,23,2829,50,16243,237,19072,287,2,63,56,324,14,2768,0,81,70
12-13-20,Out of State,8730,373,7458,305,1272,68,8217,302,451483,5660,459700,5962,0,56,241,1651,132,7023,0,136,42
12-13-20,Overton,1777,36,1484,33,293,3,1776,38,11102,148,12878,186,0,38,29,183,7,1556,0,53,41
12-13-20,Pending,6424,239,5167,200,1257,39,5751,213,283734,3176,289485,3389,1,41,159,1292,79,5091,2,78,49
12-13-20,Perry,628,14,576,14,52,0,649,18,4914,56,5563,74,0,22,13,70,1,536,0,26,23
12-13-20,Pickett,450,6,302,2,148,4,374,5,2410,76,2784,81,0,16,5,41,1,393,0,25,16
12-13-20,Polk,876,22,828,21,48,1,927,23,6105,133,7032,156,0,15,19,143,3,718,1,40,15
12-13-20,Putnam,6953,170,6099,162,854,8,7447,181,51203,744,58650,925,2,90,141,748,27,6115,1,167,114
12-13-20,Rhea,2295,87,2175,85,120,2,2481,89,18186,345,20667,434,0,39,70,348,17,1908,0,60,46
12-13-20,Roane,3197,130,2970,114,227,16,3328,123,31346,531,34674,654,0,39,102,500,28,2658,6,89,46
12-13-20,Robertson,4966,111,4696,92,270,19,5373,100,30416,313,35789,413,1,64,69,642,41,4260,1,260,66
12-13-20,Rutherford,22679,516,21530,469,1149,47,25415,519,155784,2120,181199,2639,2,193,335,2697,179,19789,2,428,212
12-13-20,Scott,1625,76,1084,44,541,32,1158,47,8493,148,9651,195,0,11,61,390,15,1224,3,41,15
12-13-20,Sequatchie,769,35,731,29,38,6,790,29,8900,156,9690,185,0,5,30,162,5,602,1,19,9
12-13-20,Sevier,6551,278,6233,267,318,11,6888,295,44571,822,51459,1117,1,47,217,1055,60,5449,3,177,59
12-13-20,Shelby,56215,1054,54300,986,1915,68,67060,1192,610415,8098,677475,9290,7,744,721,4738,326,50733,13,2707,896
12-13-20,Smith,1693,42,1470,31,223,11,1860,36,9259,137,11119,173,0,20,35,153,7,1520,1,47,22
12-13-20,Stewart,715,15,607,12,108,3,701,14,4961,68,5662,82,1,19,9,51,5,645,0,20,20
12-13-20,Sullivan,8505,272,7732,242,773,30,8382,261,57259,909,65641,1170,4,135,172,1128,96,7242,3,520,163
12-13-20,Sumner,12724,307,12334,269,390,38,14062,285,82871,1114,96933,1399,2,160,212,1605,93,10959,2,584,182
12-13-20,Tipton,4388,94,3553,72,835,22,4325,86,34022,420,38347,506,1,43,73,416,20,3929,0,119,53
12-13-20,Trousdale,2003,16,1963,16,40,0,2090,19,7014,45,9104,64,0,12,12,64,4,1927,0,33,12
12-13-20,Unicoi,1136,19,991,15,145,4,1094,15,9951,133,11045,148,0,30,15,159,4,947,0,54,34
12-13-20,Union,999,80,902,66,97,14,989,68,7653,109,8642,177,0,6,70,205,10,788,0,35,9
12-13-20,Van Buren,471,15,425,15,46,0,477,16,3897,21,4374,37,0,4,8,58,7,409,1,12,5
12-13-20,Warren,3157,75,2847,64,310,11,3242,72,23334,377,26576,449,1,23,52,591,22,2543,0,55,29
12-13-20,Washington,7935,171,7324,157,611,14,8138,185,55894,891,64032,1076,0,129,123,1317,48,6489,0,265,143
12-13-20,Wayne,2150,23,1951,15,199,8,2140,20,8812,77,10952,97,1,15,18,94,4,2041,0,36,16
12-13-20,Weakley,2545,61,2155,55,390,6,2476,63,16513,253,18989,316,0,38,42,220,19,2287,0,49,41
12-13-20,White,2239,52,1946,51,293,1,2446,57,17230,203,19676,260,0,28,41,306,11,1905,0,84,35
12-13-20,Williamson,13972,247,13145,220,827,27,14836,241,122067,1229,136903,1470,3,100,134,1273,110,12599,1,207,111
12-13-20,Wilson,9667,273,9263,257,404,16,10679,273,67750,987,78429,1260,1,100,165,1060,107,8507,3,225,110
12-12-20,Anderson,3966,89,3601,61,365,28,4033,66,44041,512,48074,578,0,39,55,637,34,3290,2,113,46
12-12-20,Bedford,3534,53,3100,28,434,25,3624,32,21709,124,25333,156,0,46,22,494,31,2994,4,88,53
12-12-20,Benton,1004,12,904,8,100,4,992,8,6975,25,7967,33,2,22,5,117,5,865,0,28,28
12-12-20,Bledsoe,1347,19,1324,18,23,1,1399,18,11310,71,12709,89,0,6,14,86,5,1255,0,27,7
12-12-20,Blount,7448,194,6902,162,546,32,7749,174,50201,500,57950,674,0,68,118,1099,76,6281,1,219,82
12-12-20,Bradley,6849,151,6227,141,622,10,7167,151,41748,440,48915,591,3,48,75,1005,73,5796,4,337,56
12-12-20,Campbell,1945,42,1461,29,484,13,1662,32,19696,123,21358,155,0,26,29,245,13,1674,0,82,32
12-12-20,Cannon,1009,33,904,22,105,11,1024,22,6583,57,7607,79,0,5,26,166,7,838,0,21,8
12-12-20,Carroll,2130,28,1645,14,485,14,1939,16,15761,78,17700,94,0,38,9,245,19,1847,1,60,46
12-12-20,Carter,3534,98,3226,78,308,20,3526,93,26169,218,29695,311,0,74,71,496,27,2964,0,176,80
12-12-20,Cheatham,2042,56,1871,41,171,15,2164,47,18247,145,20411,192,0,18,31,236,25,1788,1,56,18
12-12-20,Chester,1203,18,938,18,265,0,1160,21,7977,34,9137,55,0,25,8,116,10,1062,0,30,29
12-12-20,Claiborne,1191,23,936,16,255,7,1035,9,15818,88,16853,97,0,11,12,193,11,987,0,41,17
12-12-20,Clay,667,7,489,7,178,0,565,7,4225,53,4790,60,0,19,0,85,7,563,0,19,22
12-12-20,Cocke,2019,34,1688,30,331,4,1871,31,14323,127,16194,158,1,32,23,286,10,1701,0,75,39
12-12-20,Coffee,3625,69,2875,47,750,22,3538,77,31933,189,35471,266,3,49,33,512,33,3064,0,74,54
12-12-20,Crockett,1316,27,912,12,404,15,1085,12,5541,45,6626,57,0,29,22,108,5,1179,0,27,30
12-12-20,Cumberland,3180,80,2987,71,193,9,3515,81,36103,413,39618,494,1,44,56,391,23,2745,0,106,52
12-12-20,Davidson,49981,828,48966,755,1015,73,60009,894,619625,4682,679634,5576,9,470,462,3584,357,45927,8,1551,503
12-12-20,Decatur,1044,4,831,3,213,1,1021,4,9001,34,10022,38,0,15,1,54,3,975,0,28,17
12-12-20,Dekalb,1567,58,1292,43,275,15,1516,49,12985,110,14501,159,0,25,41,246,17,1296,2,39,28
12-12-20,Dickson,3525,83,2849,57,676,26,3499,62,24383,311,27882,373,5,46,59,377,19,3102,0,85,54
12-12-20,Dyer,3628,53,2755,25,873,28,3127,31,17307,175,20434,206,0,61,35,273,18,3294,0,91,66
12-12-20,Fayette,2654,40,2517,36,137,4,3145,42,25387,214,28532,256,0,40,13,227,27,2387,0,104,46
12-12-20,Fentress,1444,23,1292,22,152,1,1510,22,8033,59,9543,81,0,27,19,157,4,1260,0,47,29
12-12-20,Franklin,2673,64,2447,59,226,5,2902,64,23488,228,26390,292,0,41,29,322,35,2310,0,75,44
12-12-20,Gibson,3892,69,2664,30,1228,39,3334,34,22325,144,25659,178,1,77,30,417,38,3398,0,85,85
12-12-20,Giles,1854,22,1731,20,123,2,1972,33,15989,193,17961,226,0,52,12,263,10,1539,1,82,56
12-12-20,Grainger,1324,41,1082,28,242,13,1231,29,9998,121,11229,150,0,21,32,206,9,1097,0,47,25
12-12-20,Greene,4043,115,3580,72,463,43,4030,81,29739,298,33769,379,0,79,71,645,44,3319,1,145,82
12-12-20,Grundy,950,28,868,23,82,5,1014,24,5166,47,6180,71,0,14,23,108,5,828,0,45,15
12-12-20,Hamblen,4360,118,3785,106,575,12,4287,110,34273,304,38560,414,1,66,90,612,27,3682,1,169,81
12-12-20,Hamilton,20840,411,19330,372,1510,39,21915,398,216266,1928,238181,2326,2,208,144,1376,265,19256,16,709,244
12-12-20,Hancock,246,8,201,6,45,2,218,6,2838,21,3056,27,0,4,2,39,6,203,0,13,4
12-12-20,Hardeman,2464,23,2212,18,252,5,2624,17,19435,62,22059,79,0,40,17,151,6,2273,0,85,42
12-12-20,Hardin,2096,50,1594,30,502,20,1960,33,17586,59,19546,92,0,30,32,213,18,1853,2,45,33
12-12-20,Hawkins,2631,106,2385,89,246,17,2596,94,20137,363,22733,457,2,43,81,475,23,2113,2,104,46
12-12-20,Haywood,1862,33,1660,29,202,4,1888,32,10302,74,12190,106,0,30,25,176,8,1656,0,59,34
12-12-20,Henderson,2271,42,1741,28,530,14,2300,29,12871,82,15171,111,0,37,26,274,16,1960,0,58,39
12-12-20,Henry,1866,29,1629,17,237,12,1883,21,14263,60,16146,81,2,26,19,182,8,1658,0,56,33
12-12-20,Hickman,1462,29,1315,24,147,5,1563,28,11585,115,13148,143,0,20,19,177,10,1265,0,34,23
12-12-20,Houston,672,6,546,5,126,1,630,5,5753,109,6383,114,0,21,1,38,5,613,0,34,22
12-12-20,Humphreys,892,13,661,10,231,3,791,13,8559,46,9350,59,0,8,6,67,7,817,0,23,11
12-12-20,Jackson,833,25,671,24,162,1,803,25,4029,37,4832,62,0,17,20,102,5,714,0,27,17
12-12-20,Jefferson,2878,60,2366,53,512,7,2709,59,26508,175,29217,234,1,40,41,413,18,2425,0,122,50
12-12-20,Johnson,1593,15,1502,15,91,0,1603,16,10489,84,12092,100,0,25,11,109,4,1459,0,47,26
12-12-20,Knox,24436,472,22890,395,1546,77,25061,458,216997,2173,242058,2631,3,203,189,2964,280,21269,19,765,228
12-12-20,Lake,1284,4,1179,3,105,1,1407,4,8048,61,9455,65,0,9,1,77,3,1198,0,14,11
12-12-20,Lauderdale,2274,34,1883,24,391,10,2163,25,16197,110,18360,135,0,25,28,135,6,2114,0,70,23
12-12-20,Lawrence,3404,70,2910,17,494,53,3232,29,20003,116,23235,145,2,43,36,469,32,2892,0,101,52
12-12-20,Lewis,943,10,871,10,72,0,937,12,7847,39,8784,51,0,16,-4,99,14,828,0,31,19
12-12-20,Lincoln,2326,66,1946,56,380,10,2217,72,12530,123,14747,195,0,25,50,471,16,1830,0,56,27
12-12-20,Loudon,2876,81,2717,73,159,8,2982,72,22723,170,25705,242,1,23,57,371,23,2482,2,77,28
12-12-20,Macon,2121,34,1886,28,235,6,2269,32,11530,73,13799,105,0,32,24,184,10,1905,0,99,36
12-12-20,Madison,6417,140,3913,40,2504,100,5027,45,40952,186,45979,231,1,126,48,311,91,5980,1,269,151
12-12-20,Marion,1511,52,1444,51,67,1,1650,60,11654,132,13304,192,-1,21,33,258,20,1232,1,77,23
12-12-20,Marshall,2143,26,2059,24,84,2,2340,28,16609,152,18949,180,1,23,9,220,16,1900,0,53,25
12-12-20,Maury,7233,63,6989,57,244,6,7771,88,50274,312,58045,400,8,91,4,759,51,6383,0,197,94
12-12-20,McMinn,3361,96,3181,92,180,4,3562,98,28425,244,31987,342,0,60,62,476,34,2825,1,105,62
12-12-20,McNairy,1560,17,1227,9,333,8,1608,11,11810,38,13418,49,0,34,8,97,9,1429,0,51,37
12-12-20,Meigs,670,24,642,21,28,3,728,22,5195,76,5923,98,0,13,18,114,6,543,1,27,13
12-12-20,Monroe,2782,63,2607,56,175,7,2940,59,18638,204,21578,263,1,48,30,374,32,2360,1,114,50
12-12-20,Montgomery,8428,213,7273,176,1155,37,8145,187,72062,679,80207,866,2,99,136,790,75,7539,4,199,114
12-12-20,Moore,511,10,428,9,83,1,493,9,3560,28,4053,37,0,4,9,77,1,430,0,7,5
12-12-20,Morgan,1054,42,905,25,149,17,987,27,11580,61,12567,88,0,8,32,216,10,830,0,16,12
12-12-20,Obion,3083,56,2437,33,646,23,2779,38,16006,162,18785,200,1,61,33,268,22,2754,1,81,70
12-12-20,Out of State,8357,273,7153,192,1204,81,7915,212,445823,4083,453738,4295,0,56,160,1410,113,6891,2,136,41
12-12-20,Overton,1741,33,1451,27,290,6,1738,26,10954,85,12692,111,0,38,29,154,4,1549,0,53,41
12-12-20,Pending,6185,267,4967,184,1218,83,5538,203,280558,1904,286096,2107,2,40,185,1133,80,5012,0,76,48
12-12-20,Perry,614,16,562,12,52,4,631,13,4858,40,5489,53,0,22,11,57,5,535,0,26,23
12-12-20,Pickett,444,6,300,3,144,3,369,3,2334,11,2703,14,0,16,4,36,2,392,1,25,16
12-12-20,Polk,854,15,807,12,47,3,904,12,5972,47,6876,59,0,15,7,124,8,715,1,39,15
12-12-20,Putnam,6783,103,5937,96,846,7,7266,108,50459,459,57725,567,1,88,73,607,29,6088,0,166,112
12-12-20,Rhea,2208,64,2090,63,118,1,2392,69,17841,211,20233,280,0,39,51,278,13,1891,0,60,46
12-12-20,Roane,3067,82,2856,64,211,18,3205,66,30815,242,34020,308,0,39,51,398,31,2630,1,83,46
12-12-20,Robertson,4855,137,4604,124,251,13,5273,131,30103,258,35376,389,1,63,77,573,59,4219,3,259,65
12-12-20,Rutherford,22163,447,21061,420,1102,27,24896,485,153664,1526,178560,2011,0,191,269,2362,178,19610,4,426,206
12-12-20,Scott,1549,77,1040,39,509,38,1111,40,8345,80,9456,120,1,11,69,329,7,1209,0,38,15
12-12-20,Sequatchie,734,34,702,26,32,8,761,30,8744,118,9505,148,0,5,28,132,6,597,0,18,9
12-12-20,Sevier,6273,127,5966,99,307,28,6593,97,43749,267,50342,364,2,46,89,838,36,5389,1,174,56
12-12-20,Shelby,55161,796,53314,733,1847,63,65868,876,602317,6660,668185,7536,7,737,361,4017,428,50407,19,2694,887
12-12-20,Smith,1651,25,1439,19,212,6,1824,26,9122,76,10946,102,0,20,21,118,4,1513,0,46,21
12-12-20,Stewart,700,11,595,11,105,0,687,11,4893,33,5580,44,0,18,4,42,7,640,1,20,20
12-12-20,Sullivan,8233,181,7490,147,743,34,8121,158,56350,719,64471,877,3,131,91,956,87,7146,6,517,160
12-12-20,Sumner,12417,260,12065,235,352,25,13777,276,81757,793,95534,1069,2,158,112,1393,146,10866,2,582,177
12-12-20,Tipton,4294,80,3481,47,813,33,4239,54,33602,293,37841,347,0,42,44,343,36,3909,2,119,52
12-12-20,Trousdale,1987,12,1947,7,40,5,2071,8,6969,24,9040,32,0,12,11,52,1,1923,0,33,12
12-12-20,Unicoi,1117,38,976,31,141,7,1079,30,9818,124,10897,154,0,30,28,144,10,943,1,54,34
12-12-20,Union,919,25,836,20,83,5,921,20,7544,87,8465,107,0,6,15,135,10,778,0,35,9
12-12-20,Van Buren,456,15,410,13,46,2,461,13,3876,54,4337,67,0,4,14,50,1,402,0,11,5
12-12-20,Warren,3082,145,2783,131,299,14,3170,137,22957,323,26127,460,1,22,132,539,12,2521,6,55,28
12-12-20,Washington,7764,209,7167,176,597,33,7953,203,55003,594,62956,797,0,129,148,1194,61,6441,1,265,141
12-12-20,Wayne,2127,13,1936,5,191,8,2120,9,8735,36,10855,45,0,14,5,76,8,2037,0,36,16
12-12-20,Weakley,2484,41,2100,25,384,16,2413,28,16260,94,18673,122,0,38,26,178,15,2268,0,49,40
12-12-20,White,2187,55,1895,48,292,7,2389,54,17027,128,19416,182,0,28,43,265,12,1894,0,84,35
12-12-20,Williamson,13725,240,12925,206,800,34,14595,229,120838,945,135433,1174,1,97,117,1139,122,12489,1,206,110
12-12-20,Wilson,9394,143,9006,119,388,24,10406,140,66763,483,77169,623,0,99,23,895,120,8400,7,222,108
12-11-20,Anderson,3877,73,3540,53,337,20,3967,47,43529,166,47496,213,1,39,29,582,43,3256,2,111,46
12-11-20,Bedford,3481,42,3072,33,409,9,3592,37,21585,119,25177,156,1,46,9,472,32,2963,2,84,53
12-11-20,Benton,992,8,896,4,96,4,984,5,6950,20,7934,25,1,20,-9,112,16,860,0,28,27
12-11-20,Bledsoe,1328,13,1306,13,22,0,1381,19,11239,45,12620,64,1,6,6,72,6,1250,0,27,7
12-11-20,Blount,7254,76,6740,65,514,11,7575,67,49701,184,57276,251,0,68,-32,981,108,6205,1,218,81
12-11-20,Bradley,6698,91,6086,84,612,7,7016,102,41308,294,48324,396,2,45,-4,930,93,5723,1,333,56
12-11-20,Campbell,1903,26,1432,23,471,3,1630,24,19573,147,21203,171,0,26,7,216,19,1661,0,82,32
12-11-20,Cannon,976,15,882,11,94,4,1002,13,6526,37,7528,50,1,5,-1,140,15,831,0,21,7
12-11-20,Carroll,2102,22,1631,9,471,13,1923,11,15683,53,17606,64,1,38,1,236,20,1828,0,59,45
12-11-20,Carter,3436,31,3148,29,288,2,3433,37,25951,187,29384,224,2,74,-8,425,37,2937,0,176,79
12-11-20,Cheatham,1986,30,1830,26,156,4,2117,29,18102,99,20219,128,0,18,-3,205,33,1763,2,55,18
12-11-20,Chester,1185,13,920,3,265,10,1139,3,7943,33,9082,36,0,25,4,108,9,1052,0,30,29
12-11-20,Claiborne,1168,14,920,9,248,5,1026,8,15730,96,16756,104,0,11,-28,181,42,976,0,41,16
12-11-20,Clay,660,5,482,3,178,2,558,3,4172,12,4730,15,0,19,2,85,3,556,0,19,22
12-11-20,Cocke,1985,33,1658,16,327,17,1840,14,14196,114,16036,128,1,31,17,263,15,1691,0,75,38
12-11-20,Coffee,3556,47,2828,37,728,10,3461,38,31744,149,35205,187,0,46,15,479,32,3031,0,74,53
12-11-20,Crockett,1289,18,900,7,389,11,1073,7,5496,34,6569,41,0,29,14,86,4,1174,0,27,30
12-11-20,Cumberland,3100,29,2916,20,184,9,3434,22,35690,141,39124,163,1,43,2,335,26,2722,0,106,52
12-11-20,Davidson,49153,519,48211,502,942,17,59115,564,614943,3279,674058,3843,5,461,181,3122,333,45570,15,1543,494
12-11-20,Decatur,1040,11,828,9,212,2,1017,10,8967,18,9984,28,1,15,5,53,5,972,1,28,17
12-11-20,Dekalb,1509,23,1249,19,260,4,1467,19,12875,45,14342,64,0,25,8,205,15,1279,1,37,27
12-11-20,Dickson,3442,33,2792,29,650,4,3437,33,24072,150,27509,183,0,41,8,318,25,3083,1,85,54
12-11-20,Dyer,3575,10,2730,6,845,4,3096,8,17132,27,20228,35,2,61,-28,238,36,3276,1,91,66
12-11-20,Fayette,2614,21,2481,19,133,2,3103,24,25173,141,28276,165,0,40,-1,214,22,2360,1,104,46
12-11-20,Fentress,1421,17,1270,16,151,1,1488,18,7974,89,9462,107,0,27,13,138,4,1256,0,47,29
12-11-20,Franklin,2609,27,2388,24,221,3,2838,27,23260,147,26098,174,0,41,-1,293,28,2275,0,75,44
12-11-20,Gibson,3823,56,2634,26,1189,30,3300,23,22181,87,25481,110,1,76,21,387,34,3360,1,85,84
12-11-20,Giles,1832,39,1711,34,121,5,1939,43,15796,108,17735,151,1,52,25,251,13,1529,2,81,55
12-11-20,Grainger,1283,11,1054,9,229,2,1202,8,9877,20,11079,28,0,21,0,174,11,1088,0,47,25
12-11-20,Greene,3928,45,3508,29,420,16,3949,38,29441,244,33390,282,2,79,12,574,31,3275,0,144,81
12-11-20,Grundy,922,13,845,12,77,1,990,11,5119,60,6109,71,0,14,8,85,5,823,0,45,15
12-11-20,Hamblen,4242,27,3679,14,563,13,4177,16,33969,64,38146,80,1,65,-6,522,32,3655,0,168,80
12-11-20,Hamilton,20429,316,18958,304,1471,12,21517,338,214338,1585,235855,1923,2,206,38,1232,276,18991,7,693,242
12-11-20,Hancock,238,1,195,1,43,0,212,1,2817,27,3029,28,0,4,-3,37,4,197,0,13,4
12-11-20,Hardeman,2441,18,2194,13,247,5,2607,12,19373,76,21980,88,0,40,8,134,10,2267,0,85,42
12-11-20,Hardin,2046,7,1564,5,482,2,1927,6,17527,62,19454,68,0,30,-12,181,19,1835,0,43,33
12-11-20,Hawkins,2525,41,2296,37,229,4,2502,44,19774,192,22276,236,2,41,18,394,21,2090,1,102,46
12-11-20,Haywood,1829,15,1631,10,198,5,1856,13,10228,45,12084,58,0,30,6,151,9,1648,0,59,33
12-11-20,Henderson,2229,23,1713,6,516,17,2271,6,12789,59,15060,65,1,37,2,248,20,1944,0,58,39
12-11-20,Henry,1837,7,1612,5,225,2,1862,7,14203,29,16065,36,0,24,-4,163,11,1650,0,56,33
12-11-20,Hickman,1433,14,1291,14,142,0,1535,19,11470,79,13005,98,1,20,-1,158,14,1255,0,34,23
12-11-20,Houston,666,20,541,6,125,14,625,7,5644,24,6269,31,0,21,16,37,4,608,1,34,22
12-11-20,Humphreys,879,18,651,16,228,2,778,17,8513,36,9291,53,0,8,11,61,7,810,0,23,9
12-11-20,Jackson,808,4,647,3,161,1,778,3,3992,31,4770,34,0,17,-4,82,8,709,0,27,17
12-11-20,Jefferson,2818,38,2313,26,505,12,2650,26,26333,172,28983,198,1,39,10,372,27,2407,2,122,47
12-11-20,Johnson,1578,6,1487,6,91,0,1587,6,10405,55,11992,61,0,25,3,98,3,1455,0,47,26
12-11-20,Knox,23964,553,22495,520,1469,33,24603,438,214824,1420,239427,1858,6,200,278,2775,269,20989,9,746,224
12-11-20,Lake,1280,8,1176,7,104,1,1403,4,7987,8,9390,12,1,9,4,76,3,1195,0,14,11
12-11-20,Lauderdale,2240,7,1859,5,381,2,2138,5,16087,22,18225,27,0,25,-7,107,14,2108,0,70,23
12-11-20,Lawrence,3334,46,2893,21,441,25,3203,28,19887,92,23090,120,2,41,17,433,27,2860,2,101,48
12-11-20,Lewis,933,8,861,6,72,2,925,8,7808,33,8733,41,0,16,4,103,4,814,0,31,18
12-11-20,Lincoln,2260,79,1890,69,370,10,2145,72,12407,112,14552,184,1,25,46,421,32,1814,2,56,27
12-11-20,Loudon,2795,42,2644,37,151,5,2910,39,22553,96,25463,135,1,22,17,314,24,2459,2,75,28
12-11-20,Macon,2087,15,1858,8,229,7,2237,9,11457,51,13694,60,0,32,-1,160,16,1895,0,99,36
12-11-20,Madison,6277,105,3873,31,2404,74,4982,31,40766,256,45748,287,0,125,49,263,56,5889,3,268,149
12-11-20,Marion,1459,41,1393,41,66,0,1590,51,11522,133,13112,184,0,22,20,225,21,1212,1,76,23
12-11-20,Marshall,2117,34,2035,32,82,2,2312,34,16457,111,18769,145,0,22,12,211,22,1884,1,53,25
12-11-20,Maury,7170,61,6932,55,238,6,7683,68,49962,201,57645,269,1,83,-9,755,69,6332,2,197,94
12-11-20,McMinn,3265,34,3089,31,176,3,3464,38,28181,132,31645,170,1,60,7,414,26,2791,1,104,61
12-11-20,McNairy,1543,9,1218,7,325,2,1597,6,11772,28,13369,34,0,34,-2,89,11,1420,0,51,36
12-11-20,Meigs,646,5,621,5,25,0,706,5,5119,47,5825,52,0,13,-2,96,7,537,0,26,13
12-11-20,Monroe,2719,44,2551,41,168,3,2881,40,18434,131,21315,171,0,47,8,344,36,2328,1,113,50
12-11-20,Montgomery,8215,141,7097,89,1118,52,7958,96,71383,728,79341,824,0,97,46,654,95,7464,0,195,113
12-11-20,Moore,501,17,419,14,82,3,484,14,3532,13,4016,27,0,4,11,68,6,429,0,7,5
12-11-20,Morgan,1012,18,880,16,132,2,960,15,11519,142,12479,157,0,8,7,184,11,820,0,16,11
12-11-20,Obion,3027,16,2404,15,623,1,2741,16,15844,36,18585,52,0,60,-1,235,17,2732,1,80,70
12-11-20,Out of State,8084,212,6961,176,1123,36,7703,175,441740,1760,449443,1935,-1,56,119,1250,94,6778,2,134,40
12-11-20,Overton,1708,18,1424,14,284,4,1712,17,10869,69,12581,86,1,38,11,125,6,1545,0,53,41
12-11-20,Pending,5918,133,4783,106,1135,27,5335,115,278654,1550,283989,1665,3,38,39,948,91,4932,1,76,47
12-11-20,Perry,598,10,550,9,48,1,618,9,4818,9,5436,18,0,22,4,46,6,530,0,26,23
12-11-20,Pickett,438,2,297,1,141,1,366,3,2323,43,2689,46,0,16,0,32,2,390,0,24,16
12-11-20,Polk,839,11,795,11,44,0,892,13,5925,48,6817,61,0,15,2,117,9,707,0,38,15
12-11-20,Putnam,6680,22,5841,20,839,2,7158,23,50000,204,57158,227,1,87,-16,534,37,6059,1,166,110
12-11-20,Rhea,2144,27,2027,27,117,0,2323,33,17630,118,19953,151,2,39,16,227,9,1878,0,60,45
12-11-20,Roane,2985,44,2792,37,193,7,3139,36,30573,136,33712,172,3,39,20,347,21,2599,0,82,46
12-11-20,Robertson,4718,89,4480,85,238,4,5142,91,29845,266,34987,357,5,62,21,496,63,4160,3,256,65
12-11-20,Rutherford,21716,455,20641,330,1075,125,24411,379,152138,1278,176549,1657,2,191,183,2093,270,19432,9,422,203
12-11-20,Scott,1472,18,1001,10,471,8,1071,12,8265,42,9336,54,1,10,-2,260,19,1202,0,38,15
12-11-20,Sequatchie,700,23,676,22,24,1,731,23,8626,65,9357,88,0,5,15,104,8,591,0,18,8
12-11-20,Sevier,6146,64,5867,50,279,14,6496,54,43482,279,49978,333,2,44,5,749,57,5353,2,173,56
12-11-20,Shelby,54365,797,52581,753,1784,44,64992,892,595657,4844,660649,5736,5,730,322,3656,470,49979,9,2675,878
12-11-20,Smith,1626,23,1420,14,206,9,1798,14,9046,51,10844,65,1,20,13,97,9,1509,0,46,21
12-11-20,Stewart,689,6,584,2,105,4,676,2,4860,38,5536,40,0,18,3,38,3,633,0,19,20
12-11-20,Sullivan,8052,127,7343,107,709,20,7963,123,55631,390,63594,513,2,128,20,865,105,7059,9,511,153
12-11-20,Sumner,12157,167,11830,152,327,15,13501,161,80964,570,94465,731,4,156,3,1281,160,10720,2,580,175
12-11-20,Tipton,4214,38,3434,26,780,12,4185,28,33309,133,37494,161,0,42,0,299,38,3873,1,117,51
12-11-20,Trousdale,1975,10,1940,9,35,1,2063,10,6945,19,9008,29,0,12,5,41,5,1922,0,33,12
12-11-20,Unicoi,1079,10,945,10,134,0,1049,9,9694,36,10743,45,0,30,-13,116,23,933,0,53,33
12-11-20,Union,894,13,816,11,78,2,901,11,7457,34,8358,45,0,6,10,120,3,768,2,35,9
12-11-20,Van Buren,441,2,397,2,44,0,448,2,3822,6,4270,8,0,4,-3,36,5,401,0,11,5
12-11-20,Warren,2937,29,2652,23,285,6,3033,28,22634,69,25667,97,0,21,1,407,28,2509,1,49,28
12-11-20,Washington,7555,70,6991,65,564,5,7750,85,54409,363,62159,448,1,129,-6,1046,75,6380,1,264,141
12-11-20,Wayne,2114,17,1931,8,183,9,2111,8,8699,25,10810,33,1,14,10,71,6,2029,1,36,16
12-11-20,Weakley,2443,12,2075,8,368,4,2385,16,16166,36,18551,52,0,38,-13,152,25,2253,0,49,40
12-11-20,White,2132,19,1847,17,285,2,2335,20,16899,65,19234,85,4,28,-2,222,17,1882,1,84,34
12-11-20,Williamson,13485,193,12719,179,766,14,14366,193,119893,793,134259,986,5,96,69,1022,119,12367,1,205,108
12-11-20,Wilson,9251,169,8887,163,364,6,10266,178,66280,529,76546,707,0,99,47,872,122,8280,3,215,105
12-10-20,Anderson,3804,93,3487,77,317,16,3920,86,43363,539,47283,625,3,38,80,553,10,3213,3,109,46
12-10-20,Bedford,3439,114,3039,102,400,12,3555,110,21466,328,25021,438,2,45,110,463,2,2931,0,82,52
12-10-20,Benton,984,15,892,13,92,2,979,16,6930,66,7909,82,1,19,11,121,3,844,0,28,27
12-10-20,Bledsoe,1315,15,1293,14,22,1,1362,12,11194,63,12556,75,0,5,11,66,4,1244,0,27,7
12-10-20,Blount,7178,155,6675,141,503,14,7508,163,49517,562,57025,725,0,68,117,1013,38,6097,1,217,80
12-10-20,Bradley,6607,194,6002,177,605,17,6914,177,41014,511,47928,688,0,43,176,934,18,5630,4,332,56
12-10-20,Campbell,1877,48,1409,12,468,36,1606,20,19426,121,21032,141,0,26,42,209,6,1642,2,82,31
12-10-20,Cannon,961,32,871,28,90,4,989,34,6489,92,7478,126,0,4,31,141,1,816,0,21,7
12-10-20,Carroll,2080,43,1622,29,458,14,1912,34,15630,105,17542,139,1,37,35,235,7,1808,0,59,45
12-10-20,Carter,3405,80,3119,74,286,6,3396,70,25764,215,29160,285,2,72,73,433,5,2900,1,176,77
12-10-20,Cheatham,1956,81,1804,77,152,4,2088,79,18003,246,20091,325,0,18,75,208,6,1730,0,53,18
12-10-20,Chester,1172,18,917,13,255,5,1136,14,7910,75,9046,89,0,25,18,104,0,1043,0,30,28
12-10-20,Claiborne,1154,42,911,30,243,12,1018,24,15634,95,16652,119,0,11,36,209,6,934,2,41,16
12-10-20,Clay,655,29,479,21,176,8,555,20,4160,50,4715,70,0,19,27,83,2,553,0,19,22
12-10-20,Cocke,1952,49,1642,40,310,9,1826,52,14082,132,15908,184,0,30,44,246,5,1676,1,75,38
12-10-20,Coffee,3509,121,2791,99,718,22,3423,142,31595,539,35018,681,0,46,115,464,6,2999,1,74,52
12-10-20,Crockett,1271,19,893,12,378,7,1066,15,5462,36,6528,51,0,29,17,72,2,1170,0,27,30
12-10-20,Cumberland,3071,61,2896,57,175,4,3412,65,35549,317,38961,382,0,42,52,333,9,2696,0,106,51
12-10-20,Davidson,48634,791,47709,762,925,29,58551,908,611664,5685,670215,6593,2,456,638,2941,151,45237,12,1528,488
12-10-20,Decatur,1029,11,819,10,210,1,1007,8,8949,69,9956,77,0,14,8,48,3,967,0,27,17
12-10-20,Dekalb,1486,46,1230,38,256,8,1448,46,12830,169,14278,215,0,25,45,197,1,1264,1,36,27
12-10-20,Dickson,3409,85,2763,68,646,17,3404,74,23922,307,27326,381,0,41,80,310,5,3058,0,84,53
12-10-20,Dyer,3565,63,2724,46,841,17,3088,48,17105,123,20193,171,4,59,55,266,4,3240,1,90,66
12-10-20,Fayette,2593,53,2462,48,131,5,3079,49,25032,277,28111,326,0,40,45,215,8,2338,3,103,45
12-10-20,Fentress,1404,23,1254,18,150,5,1470,19,7885,37,9355,56,1,27,18,125,4,1252,1,47,29
12-10-20,Franklin,2582,59,2364,55,218,4,2811,59,23113,230,25924,289,0,41,54,294,5,2247,1,75,44
12-10-20,Gibson,3767,67,2608,52,1159,15,3277,52,22094,204,25371,256,0,75,60,366,7,3326,1,84,83
12-10-20,Giles,1793,50,1677,49,116,1,1896,45,15688,200,17584,245,0,51,42,226,8,1516,0,79,54
12-10-20,Grainger,1272,41,1045,32,227,9,1194,32,9857,117,11051,149,0,21,38,174,3,1077,0,47,25
12-10-20,Greene,3883,94,3479,63,404,31,3911,69,29197,302,33108,371,0,77,86,562,8,3244,1,144,81
12-10-20,Grundy,909,16,833,15,76,1,979,16,5059,54,6038,70,0,14,14,77,2,818,0,45,15
12-10-20,Hamblen,4215,91,3665,79,550,12,4161,88,33905,339,38066,427,0,64,87,528,4,3623,0,168,80
12-10-20,Hamilton,20113,446,18654,418,1459,28,21179,450,212753,2036,233932,2486,11,204,319,1194,116,18715,14,686,239
12-10-20,Hancock,237,5,194,5,43,0,211,6,2790,43,3001,49,0,4,3,40,2,193,0,13,4
12-10-20,Hardeman,2423,25,2181,21,242,4,2595,22,19297,112,21892,134,0,40,22,126,3,2257,0,85,42
12-10-20,Hardin,2039,34,1559,26,480,8,1921,26,17465,130,19386,156,0,30,25,193,9,1816,0,43,33
12-10-20,Hawkins,2484,66,2259,58,225,8,2458,57,19582,282,22040,339,1,39,59,376,6,2069,0,101,45
12-10-20,Haywood,1814,29,1621,26,193,3,1843,27,10183,64,12026,91,0,30,26,145,3,1639,0,59,33
12-10-20,Henderson,2206,37,1707,26,499,11,2265,28,12730,130,14995,158,1,36,31,246,5,1924,1,58,39
12-10-20,Henry,1830,37,1607,32,223,5,1855,39,14174,132,16029,171,0,24,33,167,4,1639,0,56,33
12-10-20,Hickman,1419,36,1277,32,142,4,1516,40,11391,125,12907,165,0,19,35,159,1,1241,0,34,22
12-10-20,Houston,646,9,535,6,111,3,618,6,5620,69,6238,75,0,21,6,21,3,604,0,33,22
12-10-20,Humphreys,861,18,635,14,226,4,761,16,8477,106,9238,122,0,8,16,50,2,803,0,23,9
12-10-20,Jackson,804,8,644,8,160,0,775,11,3961,42,4736,53,0,17,6,86,2,701,0,27,17
12-10-20,Jefferson,2780,55,2287,47,493,8,2624,48,26161,186,28785,234,0,38,49,362,6,2380,1,120,45
12-10-20,Johnson,1572,20,1481,20,91,0,1581,22,10350,78,11931,100,1,25,18,95,1,1452,0,47,26
12-10-20,Knox,23411,477,21975,415,1436,62,24165,552,213404,1919,237569,2471,8,194,327,2497,142,20720,9,737,222
12-10-20,Lake,1272,10,1169,9,103,1,1399,8,7979,43,9378,51,0,8,10,72,0,1192,0,14,11
12-10-20,Lauderdale,2233,32,1854,31,379,1,2133,34,16065,109,18198,143,1,25,27,114,4,2094,1,70,23
12-10-20,Lawrence,3288,82,2872,71,416,11,3175,76,19795,346,22970,422,0,39,74,416,8,2833,1,99,48
12-10-20,Lewis,925,24,855,22,70,2,917,20,7775,120,8692,140,0,16,22,99,2,810,0,31,18
12-10-20,Lincoln,2181,68,1821,54,360,14,2073,69,12295,111,14368,180,0,24,57,375,11,1782,0,54,27
12-10-20,Loudon,2753,68,2607,52,146,16,2871,55,22457,195,25328,250,0,21,65,297,3,2435,3,73,27
12-10-20,Macon,2072,41,1850,25,222,16,2228,26,11406,72,13634,98,0,32,36,161,5,1879,0,99,36
12-10-20,Madison,6172,80,3842,40,2330,40,4951,41,40510,276,45461,317,4,125,31,214,45,5833,1,265,147
12-10-20,Marion,1418,50,1352,50,66,0,1539,45,11389,164,12928,209,0,22,46,205,4,1191,1,75,23
12-10-20,Marshall,2083,50,2003,42,80,8,2278,49,16346,226,18624,275,1,22,43,199,6,1862,0,52,25
12-10-20,Maury,7109,166,6877,158,232,8,7615,181,49761,814,57376,995,1,82,153,764,12,6263,2,195,93
12-10-20,McMinn,3231,65,3058,62,173,3,3426,62,28049,306,31475,368,0,59,56,407,9,2765,0,103,61
12-10-20,McNairy,1534,20,1211,18,323,2,1591,20,11744,76,13335,96,0,34,19,91,1,1409,1,51,36
12-10-20,Meigs,641,23,616,22,25,1,701,23,5072,54,5773,77,0,13,21,98,2,530,0,26,13
12-10-20,Monroe,2675,42,2510,35,165,7,2841,36,18303,152,21144,188,0,47,32,336,10,2292,0,112,49
12-10-20,Montgomery,8074,247,7008,196,1066,51,7862,210,70655,1036,78517,1246,0,97,215,608,32,7369,0,195,111
12-10-20,Moore,484,19,405,17,79,2,470,17,3519,39,3989,56,0,4,18,57,1,423,0,7,5
12-10-20,Morgan,994,41,864,35,130,6,945,35,11377,83,12322,118,0,8,34,177,7,809,1,16,11
12-10-20,Obion,3011,44,2389,32,622,12,2725,38,15808,191,18533,229,3,60,33,236,8,2715,1,79,69
12-10-20,Out of State,7872,263,6785,207,1087,56,7528,232,439980,4058,447508,4290,-1,57,232,1131,32,6684,0,132,40
12-10-20,Overton,1690,29,1410,28,280,1,1695,28,10800,74,12495,102,0,37,25,114,4,1539,0,53,41
12-10-20,Pending,5785,192,4677,149,1108,43,5220,169,277104,2386,282324,2555,1,35,170,909,21,4841,2,75,45
12-10-20,Perry,588,16,541,12,47,4,609,14,4809,20,5418,34,0,22,13,42,3,524,0,26,23
12-10-20,Pickett,436,5,296,5,140,0,363,5,2280,12,2643,17,0,16,3,32,2,388,0,24,16
12-10-20,Polk,828,31,784,30,44,1,879,26,5877,66,6756,92,0,15,29,115,2,698,1,38,15
12-10-20,Putnam,6658,114,5821,111,837,3,7135,136,49796,478,56931,614,1,86,103,550,10,6022,0,165,109
12-10-20,Rhea,2117,61,2000,52,117,9,2290,50,17512,203,19802,253,0,37,53,211,8,1869,0,60,45
12-10-20,Roane,2941,76,2755,66,186,10,3103,76,30437,346,33540,422,0,36,64,327,12,2578,1,82,46
12-10-20,Robertson,4629,135,4395,121,234,14,5051,127,29579,348,34630,475,0,57,121,475,14,4097,1,253,65
12-10-20,Rutherford,21261,479,20311,441,950,38,24032,510,150860,1913,174892,2423,4,189,436,1910,39,19162,3,413,202
12-10-20,Scott,1454,55,991,33,463,22,1059,33,8223,71,9282,104,0,9,49,262,6,1183,2,38,14
12-10-20,Sequatchie,677,32,654,28,23,4,708,25,8561,76,9269,101,0,5,32,89,0,583,0,18,8
12-10-20,Sevier,6082,193,5817,173,265,20,6442,190,43203,513,49645,703,1,42,185,744,7,5296,1,171,56
12-10-20,Shelby,53568,674,51828,610,1740,64,64100,732,590813,5088,654913,5820,4,725,546,3334,124,49509,11,2666,869
12-10-20,Smith,1603,28,1406,25,197,3,1784,28,8995,94,10779,122,0,19,27,84,1,1500,0,46,20
12-10-20,Stewart,683,13,582,11,101,2,674,10,4822,37,5496,47,0,18,13,35,0,630,0,19,20
12-10-20,Sullivan,7925,162,7236,149,689,13,7840,177,55241,689,63081,866,1,126,117,845,44,6954,9,502,150
12-10-20,Sumner,11990,340,11678,311,312,29,13340,350,80394,1202,93734,1552,1,152,314,1278,25,10560,6,578,174
12-10-20,Tipton,4176,76,3408,48,768,28,4157,63,33176,300,37333,363,0,42,70,299,6,3835,0,116,51
12-10-20,Trousdale,1965,14,1931,13,34,1,2053,13,6926,59,8979,72,0,12,11,36,3,1917,0,33,12
12-10-20,Unicoi,1069,15,935,14,134,1,1040,16,9658,76,10698,92,1,30,10,129,4,910,0,53,31
12-10-20,Union,881,13,805,12,76,1,890,12,7423,72,8313,84,1,6,11,110,1,765,1,33,7
12-10-20,Van Buren,439,4,395,4,44,0,446,4,3816,12,4262,16,0,4,2,39,2,396,0,11,5
12-10-20,Warren,2908,72,2629,67,279,5,3005,70,22565,247,25570,317,0,21,65,406,7,2481,1,48,27
12-10-20,Washington,7485,154,6926,141,559,13,7665,153,54046,621,61711,774,0,128,143,1052,11,6305,2,263,140
12-10-20,Wayne,2097,18,1923,11,174,7,2103,13,8674,64,10777,77,0,13,15,61,3,2023,1,35,16
12-10-20,Weakley,2431,31,2067,28,364,3,2369,30,16130,227,18499,257,1,38,28,165,2,2228,0,49,40
12-10-20,White,2113,29,1830,29,283,0,2315,31,16834,169,19149,200,1,24,23,224,5,1865,2,83,33
12-10-20,Williamson,13292,234,12540,211,752,23,14173,225,119100,1037,133273,1262,0,91,222,953,12,12248,3,204,104
12-10-20,Wilson,9082,202,8724,190,358,12,10088,209,65751,870,75839,1079,5,99,161,825,36,8158,2,212,102
12-09-20,Anderson,3711,106,3410,93,301,13,3834,103,42824,268,46658,371,0,35,43,473,63,3203,3,106,45
12-09-20,Bedford,3325,70,2937,69,388,1,3445,78,21138,178,24583,256,1,43,21,353,48,2929,0,82,51
12-09-20,Benton,969,17,879,16,90,1,963,19,6864,55,7827,74,1,18,2,110,14,841,0,28,27
12-09-20,Bledsoe,1300,13,1279,12,21,1,1350,9,11131,46,12481,55,0,5,4,55,9,1240,1,27,7
12-09-20,Blount,7023,183,6534,177,489,6,7345,179,48955,414,56300,593,2,68,44,896,137,6059,4,216,78
12-09-20,Bradley,6413,150,5825,136,588,14,6737,157,40503,391,47240,548,2,43,39,758,109,5612,5,328,54
12-09-20,Campbell,1829,41,1397,31,432,10,1586,36,19305,127,20891,163,0,26,1,167,40,1636,0,80,31
12-09-20,Cannon,929,28,843,24,86,4,955,31,6397,37,7352,68,0,4,14,110,14,815,0,21,7
12-09-20,Carroll,2037,53,1593,41,444,12,1878,43,15525,109,17403,152,0,36,22,200,31,1801,0,59,45
12-09-20,Carter,3325,64,3045,57,280,7,3326,65,25549,153,28875,218,2,70,17,360,45,2895,0,175,77
12-09-20,Cheatham,1875,11,1727,10,148,1,2009,10,17757,53,19766,63,0,18,-17,133,28,1724,1,53,18
12-09-20,Chester,1154,22,904,22,250,0,1122,25,7835,59,8957,84,0,25,14,86,8,1043,1,30,28
12-09-20,Claiborne,1112,46,881,22,231,24,994,17,15539,213,16533,230,0,11,16,173,30,928,1,39,16
12-09-20,Clay,626,11,458,7,168,4,535,8,4110,17,4645,25,0,19,4,56,7,551,0,19,22
12-09-20,Cocke,1903,40,1602,36,301,4,1774,39,13950,111,15724,150,0,30,10,202,30,1671,2,74,37
12-09-20,Coffee,3388,67,2692,49,696,18,3281,42,31056,249,34337,291,1,46,9,349,57,2993,4,73,52
12-09-20,Crockett,1252,15,881,6,371,9,1051,6,5426,25,6477,31,0,29,6,55,9,1168,2,27,30
12-09-20,Cumberland,3010,64,2839,63,171,1,3347,72,35232,343,38579,415,0,42,28,281,36,2687,0,106,51
12-09-20,Davidson,47843,372,46947,327,896,45,57643,353,605979,2028,663622,2381,6,454,-64,2303,430,45086,14,1516,482
12-09-20,Decatur,1018,11,809,10,209,1,999,11,8880,55,9879,66,0,14,2,40,9,964,0,27,17
12-09-20,Dekalb,1440,58,1192,49,248,9,1402,53,12661,110,14063,163,0,25,28,152,30,1263,0,35,27
12-09-20,Dickson,3324,17,2695,16,629,1,3330,17,23615,80,26945,97,1,41,-11,230,27,3053,0,84,52
12-09-20,Dyer,3502,30,2678,24,824,6,3040,27,16982,74,20022,101,1,55,-4,211,33,3236,0,89,65
12-09-20,Fayette,2540,36,2414,36,126,0,3030,52,24755,204,27785,256,0,40,-1,170,37,2330,0,100,45
12-09-20,Fentress,1381,26,1236,26,145,0,1451,28,7848,72,9299,100,1,26,11,107,14,1248,0,46,28
12-09-20,Franklin,2523,54,2309,47,214,7,2752,56,22883,268,25635,324,0,41,15,240,39,2242,1,74,44
12-09-20,Gibson,3700,32,2556,23,1144,9,3225,26,21890,72,25115,98,2,75,-21,306,51,3319,0,83,83
12-09-20,Giles,1743,21,1628,19,115,2,1851,18,15488,30,17339,48,0,51,-1,184,22,1508,0,79,52
12-09-20,Grainger,1231,36,1013,28,218,8,1162,32,9740,97,10902,129,0,21,15,136,21,1074,0,47,25
12-09-20,Greene,3789,86,3416,80,373,6,3842,100,28895,245,32737,345,1,77,42,476,43,3236,0,143,81
12-09-20,Grundy,893,10,818,10,75,0,963,10,5005,13,5968,23,0,14,0,63,10,816,0,45,15
12-09-20,Hamblen,4124,128,3586,123,538,5,4073,138,33566,344,37639,482,0,64,66,441,62,3619,1,168,80
12-09-20,Hamilton,19667,131,18236,103,1431,28,20729,107,210717,577,231446,684,2,193,-186,875,315,18599,7,672,237
12-09-20,Hancock,232,2,189,2,43,0,205,2,2747,9,2952,11,0,4,-4,37,6,191,0,13,4
12-09-20,Hardeman,2398,17,2160,15,238,2,2573,20,19185,57,21758,77,1,40,-3,104,19,2254,0,85,42
12-09-20,Hardin,2005,30,1533,14,472,16,1895,12,17335,35,19230,47,0,30,9,168,21,1807,0,43,33
12-09-20,Hawkins,2418,75,2201,71,217,4,2401,71,19300,236,21701,307,1,38,43,317,31,2063,0,101,44
12-09-20,Haywood,1785,23,1595,22,190,1,1816,24,10119,58,11935,82,0,30,14,119,9,1636,1,59,33
12-09-20,Henderson,2169,73,1681,68,488,5,2237,69,12600,171,14837,240,0,35,39,215,34,1919,0,57,39
12-09-20,Henry,1793,38,1575,29,218,9,1816,31,14042,81,15858,112,1,24,7,134,30,1635,0,56,32
12-09-20,Hickman,1383,17,1245,16,138,1,1476,15,11266,44,12742,59,0,19,7,124,10,1240,0,34,22
12-09-20,Houston,637,10,529,5,108,5,612,5,5551,0,6163,5,0,21,-1,15,11,601,0,33,22
12-09-20,Humphreys,843,2,621,2,222,0,745,2,8371,16,9116,18,-1,8,-10,34,13,801,0,23,9
12-09-20,Jackson,796,24,636,24,160,0,764,27,3919,40,4683,67,6,17,11,80,7,699,0,27,17
12-09-20,Jefferson,2725,66,2240,58,485,8,2576,70,25975,207,28551,277,1,38,31,313,34,2374,0,119,44
12-09-20,Johnson,1552,5,1461,4,91,1,1559,5,10272,9,11831,14,0,24,-4,77,9,1451,1,47,26
12-09-20,Knox,22934,407,21560,337,1374,70,23613,350,211485,958,235098,1308,2,186,79,2170,326,20578,13,728,212
12-09-20,Lake,1262,10,1160,8,102,2,1391,9,7936,18,9327,27,0,8,8,62,2,1192,0,14,10
12-09-20,Lauderdale,2201,21,1823,20,378,1,2099,22,15956,78,18055,100,1,24,1,87,19,2090,1,69,23
12-09-20,Lawrence,3206,36,2801,32,405,4,3099,36,19449,96,22548,132,1,39,-13,342,48,2825,0,98,46
12-09-20,Lewis,901,5,833,4,68,1,897,2,7655,7,8552,9,0,16,-14,77,19,808,0,31,18
12-09-20,Lincoln,2113,35,1767,27,346,8,2004,23,12184,24,14188,47,0,24,-4,318,39,1771,1,54,26
12-09-20,Loudon,2685,28,2555,21,130,7,2816,34,22262,177,25078,211,0,21,-16,232,44,2432,0,70,27
12-09-20,Macon,2031,42,1825,38,206,4,2202,43,11334,69,13536,112,1,32,24,125,17,1874,0,99,35
12-09-20,Madison,6092,48,3802,26,2290,22,4910,25,40234,83,45144,108,0,121,-18,183,66,5788,4,264,145
12-09-20,Marion,1368,33,1302,31,66,2,1494,28,11225,45,12719,73,1,22,14,159,18,1187,0,74,23
12-09-20,Marshall,2033,24,1961,16,72,8,2229,14,16120,44,18349,58,-1,21,-5,156,30,1856,2,52,24
12-09-20,Maury,6943,91,6719,88,224,3,7434,88,48947,305,56381,393,0,81,-20,611,111,6251,0,193,91
12-09-20,McMinn,3166,76,2996,76,170,0,3364,86,27743,177,31107,263,0,59,1,351,75,2756,0,103,61
12-09-20,McNairy,1514,16,1193,15,321,1,1571,18,11668,72,13239,90,1,34,5,72,10,1408,0,50,36
12-09-20,Meigs,618,27,594,26,24,1,678,25,5018,38,5696,63,0,13,19,77,8,528,0,26,13
12-09-20,Monroe,2633,69,2475,68,158,1,2805,73,18151,187,20956,260,0,47,11,304,58,2282,0,112,49
12-09-20,Montgomery,7827,45,6812,33,1015,12,7652,37,69619,248,77271,285,0,97,-77,393,122,7337,0,195,110
12-09-20,Moore,465,2,388,0,77,2,453,1,3480,19,3933,20,0,4,-6,39,8,422,0,7,5
12-09-20,Morgan,953,32,829,29,124,3,910,33,11294,89,12204,122,0,8,15,143,17,802,1,15,11
12-09-20,Obion,2967,35,2357,32,610,3,2687,38,15617,137,18304,175,0,57,2,203,33,2707,0,78,68
12-09-20,Out of State,7609,156,6578,124,1031,32,7296,160,435922,1374,443218,1534,0,58,-57,899,213,6652,1,132,40
12-09-20,Overton,1661,16,1382,15,279,1,1667,17,10726,82,12393,99,0,37,14,89,2,1535,0,53,40
12-09-20,Pending,5593,124,4528,101,1065,23,5051,112,274718,1212,279769,1324,3,34,-20,739,141,4820,1,73,45
12-09-20,Perry,572,5,529,4,43,1,595,7,4789,10,5384,17,0,22,-4,29,9,521,0,26,23
12-09-20,Pickett,431,2,291,2,140,0,358,2,2268,6,2626,8,0,16,-2,29,4,386,0,24,16
12-09-20,Polk,797,16,754,16,43,0,853,13,5811,43,6664,56,0,15,6,86,10,696,1,37,15
12-09-20,Putnam,6544,40,5710,35,834,5,6999,32,49318,220,56317,252,0,85,-29,447,69,6012,0,165,108
12-09-20,Rhea,2056,41,1948,38,108,3,2240,41,17309,179,19549,220,1,37,14,158,26,1861,1,60,41
12-09-20,Roane,2865,40,2689,37,176,3,3027,40,30091,174,33118,214,1,36,-18,263,57,2566,0,81,41
12-09-20,Robertson,4494,31,4274,21,220,10,4924,24,29231,99,34155,123,0,57,-50,354,81,4083,1,252,65
12-09-20,Rutherford,20782,153,19870,135,912,18,23522,148,148947,684,172469,832,0,185,-115,1474,268,19123,4,410,202
12-09-20,Scott,1399,37,958,30,441,7,1026,30,8152,76,9178,106,0,9,10,213,27,1177,0,36,14
12-09-20,Sequatchie,645,3,626,2,19,1,683,3,8485,22,9168,25,0,5,-10,57,13,583,0,18,8
12-09-20,Sevier,5889,223,5644,217,245,6,6252,226,42690,470,48942,696,0,41,136,559,87,5289,2,170,56
12-09-20,Shelby,52894,492,51218,461,1676,31,63368,538,585725,3391,649093,3929,5,721,-14,2788,501,49385,14,2655,861
12-09-20,Smith,1575,10,1381,7,194,3,1756,8,8901,54,10657,62,-1,19,-6,57,17,1499,0,46,20
12-09-20,Stewart,670,4,571,1,99,3,664,1,4785,23,5449,24,0,18,-5,22,9,630,0,19,20
12-09-20,Sullivan,7763,104,7087,94,676,10,7663,104,54552,284,62215,388,0,125,-21,728,125,6910,0,493,149
12-09-20,Sumner,11650,122,11367,116,283,6,12990,126,79192,322,92182,448,3,151,-53,964,172,10535,2,572,172
12-09-20,Tipton,4100,60,3360,54,740,6,4094,58,32876,185,36970,243,1,42,13,229,46,3829,0,116,51
12-09-20,Trousdale,1951,4,1918,2,33,2,2040,3,6867,51,8907,54,0,12,-2,25,6,1914,0,33,12
12-09-20,Unicoi,1054,11,921,7,133,4,1024,7,9582,25,10606,32,1,29,-13,119,23,906,0,53,31
12-09-20,Union,868,35,793,34,75,1,878,36,7351,79,8229,115,0,5,22,99,13,764,0,32,6
12-09-20,Van Buren,435,3,391,2,44,1,442,3,3804,42,4246,45,0,4,-2,37,5,394,0,11,5
12-09-20,Warren,2836,114,2562,110,274,4,2935,126,22318,329,25253,455,0,21,81,341,33,2474,1,47,27
12-09-20,Washington,7331,213,6785,210,546,3,7512,225,53425,466,60937,691,4,128,101,909,108,6294,0,261,135
12-09-20,Wayne,2079,17,1912,9,167,8,2090,8,8610,18,10700,26,0,13,-7,46,24,2020,0,34,16
12-09-20,Weakley,2400,28,2039,26,361,2,2339,28,15903,119,18242,147,0,37,7,137,21,2226,0,49,40
12-09-20,White,2084,43,1801,40,283,3,2284,49,16665,153,18949,202,3,23,3,201,37,1860,0,81,33
12-09-20,Williamson,13058,85,12329,72,729,13,13948,74,118063,366,132011,440,3,91,-87,731,169,12236,1,201,102
12-09-20,Wilson,8880,77,8534,65,346,12,9879,79,64881,460,74760,539,0,94,-50,664,127,8122,0,210,102
12-08-20,Anderson,3605,72,3317,50,288,22,3731,60,42556,287,46287,347,1,35,-8,430,79,3140,1,103,44
12-08-20,Bedford,3255,51,2868,44,387,7,3367,50,20960,170,24327,220,1,42,5,332,45,2881,0,82,49
12-08-20,Benton,952,18,863,14,89,4,944,16,6809,23,7753,39,1,17,3,108,14,827,0,28,27
12-08-20,Bledsoe,1287,20,1267,20,20,0,1341,20,11085,66,12426,86,0,5,5,51,15,1231,0,26,7
12-08-20,Blount,6840,157,6357,131,483,26,7166,127,48541,373,55707,500,0,66,0,852,157,5922,7,212,78
12-08-20,Bradley,6263,191,5689,163,574,28,6580,168,40112,226,46692,394,2,41,89,719,100,5503,5,323,53
12-08-20,Campbell,1788,19,1366,12,422,7,1550,11,19178,160,20728,171,0,26,-3,166,22,1596,0,80,30
12-08-20,Cannon,901,30,819,28,82,2,924,20,6360,41,7284,61,0,4,15,96,15,801,1,21,5
12-08-20,Carroll,1984,31,1552,19,432,12,1835,17,15416,59,17251,76,0,36,6,178,25,1770,0,59,42
12-08-20,Carter,3261,58,2988,49,273,9,3261,49,25396,131,28657,180,3,68,21,343,34,2850,0,175,77
12-08-20,Cheatham,1864,38,1717,34,147,4,1999,41,17704,197,19703,238,1,18,7,150,30,1696,1,52,18
12-08-20,Chester,1132,18,882,9,250,9,1097,10,7776,72,8873,82,1,25,6,72,11,1035,1,29,28
12-08-20,Claiborne,1066,15,859,13,207,2,977,11,15326,52,16303,63,1,11,-8,157,22,898,1,38,15
12-08-20,Clay,615,4,451,3,164,1,527,3,4093,11,4620,14,0,19,-2,52,6,544,0,19,22
12-08-20,Cocke,1863,44,1566,36,297,8,1735,32,13839,132,15574,164,0,30,14,192,30,1641,0,72,35
12-08-20,Coffee,3321,55,2643,43,678,12,3239,51,30807,167,34046,218,1,45,8,340,46,2936,0,69,52
12-08-20,Crockett,1237,10,875,6,362,4,1045,10,5401,34,6446,44,0,29,1,49,9,1159,0,25,30
12-08-20,Cumberland,2946,50,2776,36,170,14,3275,38,34889,83,38164,121,1,42,4,253,45,2651,1,106,50
12-08-20,Davidson,47471,712,46620,676,851,36,57290,754,603951,4987,661241,5741,8,448,208,2367,496,44656,13,1502,480
12-08-20,Decatur,1007,6,799,4,208,2,988,5,8825,90,9813,95,1,14,-1,38,6,955,0,27,17
12-08-20,Dekalb,1382,21,1143,9,239,12,1349,8,12551,41,13900,49,0,25,-15,124,36,1233,0,35,27
12-08-20,Dickson,3307,110,2679,85,628,25,3313,90,23535,267,26848,357,0,40,70,241,40,3026,0,84,52
12-08-20,Dyer,3472,31,2654,20,818,11,3013,23,16908,84,19921,107,1,54,5,215,25,3203,0,89,61
12-08-20,Fayette,2504,36,2378,32,126,4,2978,42,24551,251,27529,293,0,40,2,171,34,2293,1,100,45
12-08-20,Fentress,1355,17,1210,12,145,5,1423,13,7776,49,9199,62,0,25,0,96,17,1234,0,46,27
12-08-20,Franklin,2469,36,2262,30,207,6,2696,41,22615,184,25311,225,1,41,-3,225,38,2203,0,73,43
12-08-20,Gibson,3668,85,2533,58,1135,27,3199,70,21818,195,25017,265,1,73,34,327,50,3268,1,83,82
12-08-20,Giles,1722,39,1609,36,113,3,1833,38,15458,197,17291,235,1,51,19,185,19,1486,2,79,52
12-08-20,Grainger,1195,22,985,12,210,10,1130,13,9643,43,10773,56,0,21,4,121,18,1053,0,47,25
12-08-20,Greene,3703,111,3336,78,367,33,3742,87,28650,178,32392,265,0,76,70,434,41,3193,1,143,80
12-08-20,Grundy,883,18,808,17,75,1,953,21,4992,54,5945,75,0,14,10,63,8,806,0,45,14
12-08-20,Hamblen,3996,51,3463,38,533,13,3935,44,33222,84,37157,128,1,64,10,375,40,3557,0,167,80
12-08-20,Hamilton,19536,417,18133,363,1403,54,20622,384,210140,1651,230762,2035,10,191,74,1061,333,18284,3,665,234
12-08-20,Hancock,230,6,187,3,43,3,203,3,2738,19,2941,22,0,4,-1,41,7,185,0,13,4
12-08-20,Hardeman,2381,36,2145,30,236,6,2553,36,19128,110,21681,146,0,39,25,107,11,2235,0,85,42
12-08-20,Hardin,1975,31,1519,24,456,7,1883,25,17300,105,19183,130,0,30,17,159,14,1786,0,43,33
12-08-20,Hawkins,2343,48,2130,32,213,16,2330,32,19064,189,21394,221,1,37,8,274,39,2032,0,101,42
12-08-20,Haywood,1762,30,1573,20,189,10,1792,21,10061,82,11853,103,0,30,22,105,8,1627,0,58,33
12-08-20,Henderson,2096,32,1613,21,483,11,2168,25,12429,86,14597,111,1,35,4,176,27,1885,0,57,39
12-08-20,Henry,1755,45,1546,31,209,14,1785,34,13961,71,15746,105,0,23,28,127,17,1605,0,56,31
12-08-20,Hickman,1366,32,1229,31,137,1,1461,40,11222,84,12683,124,0,19,12,117,20,1230,1,34,22
12-08-20,Houston,627,9,524,7,103,2,607,8,5551,128,6158,136,0,21,2,16,7,590,0,33,22
12-08-20,Humphreys,841,10,619,8,222,2,743,8,8355,94,9098,102,0,9,0,44,10,788,0,23,9
12-08-20,Jackson,772,11,612,10,160,1,737,10,3879,21,4616,31,0,11,-1,69,12,692,0,27,17
12-08-20,Jefferson,2659,42,2182,30,477,12,2506,34,25768,139,28274,173,1,37,6,282,35,2340,1,119,44
12-08-20,Johnson,1547,13,1457,11,90,2,1554,11,10263,55,11817,66,0,24,3,81,10,1442,1,46,26
12-08-20,Knox,22527,498,21223,452,1304,46,23263,530,210527,2054,233790,2584,9,184,129,2091,360,20252,11,715,209
12-08-20,Lake,1252,16,1152,13,100,3,1382,13,7918,51,9300,64,0,8,7,54,9,1190,0,14,10
12-08-20,Lauderdale,2180,13,1803,9,377,4,2077,13,15878,63,17955,76,0,23,-4,86,17,2071,0,68,23
12-08-20,Lawrence,3170,60,2769,45,401,15,3063,52,19353,210,22416,262,0,38,9,355,51,2777,2,98,46
12-08-20,Lewis,896,15,829,15,67,0,895,14,7648,57,8543,71,0,16,5,91,10,789,1,31,18
12-08-20,Lincoln,2078,79,1740,65,338,14,1981,70,12160,119,14141,189,0,24,20,322,59,1732,0,53,25
12-08-20,Loudon,2657,72,2534,64,123,8,2782,62,22085,154,24867,216,0,21,41,248,31,2388,2,70,26
12-08-20,Macon,1989,10,1787,8,202,2,2159,8,11265,46,13424,54,0,31,-6,101,16,1857,0,99,35
12-08-20,Madison,6044,127,3776,47,2268,80,4885,50,40151,413,45036,463,1,121,49,201,77,5722,2,260,145
12-08-20,Marion,1335,44,1271,43,64,1,1466,42,11180,128,12646,170,0,21,23,145,21,1169,0,74,23
12-08-20,Marshall,2009,30,1945,27,64,3,2215,32,16076,194,18291,226,0,22,-6,161,36,1826,0,50,24
12-08-20,Maury,6852,138,6631,135,221,3,7346,147,48642,484,55988,631,4,81,55,631,79,6140,2,193,91
12-08-20,McMinn,3090,90,2920,82,170,8,3278,89,27566,122,30844,211,2,59,46,350,42,2681,2,103,61
12-08-20,McNairy,1498,18,1178,18,320,0,1553,18,11596,66,13149,84,0,33,11,67,7,1398,0,50,36
12-08-20,Meigs,591,21,568,19,23,2,653,19,4980,50,5633,69,0,13,11,58,10,520,0,26,13
12-08-20,Monroe,2564,71,2407,68,157,3,2732,72,17964,182,20696,254,1,47,28,293,42,2224,3,112,49
12-08-20,Montgomery,7782,224,6779,200,1003,24,7615,213,69371,976,76986,1189,2,97,100,470,122,7215,3,195,110
12-08-20,Moore,463,10,388,7,75,3,452,10,3461,27,3913,37,0,4,3,45,7,414,0,7,5
12-08-20,Morgan,921,34,800,24,121,10,877,28,11205,97,12082,125,1,8,17,128,16,785,0,14,11
12-08-20,Obion,2932,33,2325,19,607,14,2649,23,15480,76,18129,99,1,57,-5,201,37,2674,1,78,67
12-08-20,Out of State,7453,305,6454,251,999,54,7136,256,434548,3642,441684,3898,2,58,59,956,244,6439,2,131,40
12-08-20,Overton,1645,23,1367,19,278,4,1650,20,10644,42,12294,62,0,37,18,75,5,1533,0,53,39
12-08-20,Pending,5469,227,4427,178,1042,49,4939,190,273506,2111,278445,2301,1,31,100,759,126,4679,1,72,44
12-08-20,Perry,567,10,525,10,42,0,588,11,4779,17,5367,28,0,22,3,33,7,512,0,26,23
12-08-20,Pickett,429,8,289,3,140,5,356,3,2262,53,2618,56,1,16,4,31,3,382,0,24,16
12-08-20,Polk,781,27,738,25,43,2,840,24,5768,48,6608,72,0,15,17,80,10,686,0,36,15
12-08-20,Putnam,6504,93,5675,85,829,8,6967,89,49098,390,56065,479,0,85,46,476,47,5943,0,165,108
12-08-20,Rhea,2015,49,1910,47,105,2,2199,48,17130,94,19329,142,1,36,17,144,31,1835,0,59,41
12-08-20,Roane,2825,56,2652,48,173,8,2987,55,29917,202,32904,257,0,35,-5,281,61,2509,0,81,41
12-08-20,Robertson,4463,158,4253,140,210,18,4900,146,29132,396,34032,542,0,57,88,404,70,4002,2,251,63
12-08-20,Rutherford,20629,465,19735,454,894,11,23374,511,148263,1863,171637,2374,8,185,167,1589,290,18855,0,406,199
12-08-20,Scott,1362,50,928,37,434,13,996,38,8076,58,9072,96,0,9,19,203,31,1150,0,36,14
12-08-20,Sequatchie,642,14,624,14,18,0,680,12,8463,91,9143,103,0,5,3,67,11,570,0,18,7
12-08-20,Sevier,5666,81,5427,72,239,9,6026,73,42220,169,48246,242,1,41,-9,423,89,5202,2,168,55
12-08-20,Shelby,52402,777,50757,737,1645,40,62830,899,582334,6325,645164,7224,7,716,233,2802,537,48884,10,2641,857
12-08-20,Smith,1565,10,1374,5,191,5,1748,5,8847,42,10595,47,0,20,-6,63,16,1482,0,46,20
12-08-20,Stewart,666,14,570,10,96,4,663,11,4762,42,5425,53,0,18,3,27,11,621,0,19,20
12-08-20,Sullivan,7659,172,6993,165,666,7,7559,176,54268,581,61827,757,5,125,42,749,125,6785,8,493,148
12-08-20,Sumner,11528,269,11251,262,277,7,12864,274,78870,977,91734,1251,3,148,73,1017,193,10363,0,570,171
12-08-20,Tipton,4040,50,3306,34,734,16,4036,45,32691,236,36727,281,0,41,1,216,49,3783,0,116,50
12-08-20,Trousdale,1947,0,1916,0,31,0,2037,1,6816,41,8853,42,0,12,-2,27,2,1908,0,33,12
12-08-20,Unicoi,1043,20,914,19,129,1,1017,18,9557,104,10574,122,0,28,3,132,17,883,0,53,30
12-08-20,Union,833,16,759,16,74,0,842,15,7272,42,8114,57,0,5,6,77,10,751,2,32,6
12-08-20,Van Buren,432,13,389,10,43,3,439,10,3762,66,4201,76,1,4,6,39,6,389,0,11,5
12-08-20,Warren,2722,30,2452,21,270,9,2809,25,21989,212,24798,237,1,21,-12,260,41,2441,0,46,27
12-08-20,Washington,7118,117,6575,95,543,22,7287,84,52959,288,60246,372,4,124,35,808,78,6186,3,261,132
12-08-20,Wayne,2062,12,1903,8,159,4,2082,13,8592,45,10674,58,1,13,-10,53,21,1996,1,34,15
12-08-20,Weakley,2372,27,2013,13,359,14,2311,16,15784,73,18095,89,0,37,2,130,25,2205,0,49,40
12-08-20,White,2041,23,1761,19,280,4,2235,19,16512,69,18747,88,0,20,-18,198,41,1823,1,81,32
12-08-20,Williamson,12973,236,12257,222,716,14,13874,235,117697,967,131571,1202,0,88,63,818,173,12067,1,200,102
12-08-20,Wilson,8803,211,8469,208,334,3,9800,229,64421,671,74221,900,3,94,78,714,130,7995,1,210,99
12-07-20,Anderson,3533,141,3267,125,266,16,3671,133,42269,588,45940,721,2,34,28,438,111,3061,4,102,42
12-07-20,Bedford,3204,123,2824,108,380,15,3317,115,20790,256,24107,371,1,41,65,327,57,2836,0,82,47
12-07-20,Benton,934,17,849,12,85,5,928,20,6786,42,7714,62,0,16,-9,105,26,813,0,28,26
12-07-20,Bledsoe,1267,15,1247,15,20,0,1321,12,11019,47,12340,59,0,5,2,46,13,1216,0,26,7
12-07-20,Blount,6683,223,6226,212,457,11,7039,220,48168,586,55207,806,1,66,65,852,157,5765,2,205,77
12-07-20,Bradley,6072,98,5526,87,546,11,6412,94,39886,478,46298,572,1,39,-58,630,155,5403,5,318,51
12-07-20,Campbell,1769,25,1354,22,415,3,1539,19,19018,102,20557,121,2,26,-24,169,47,1574,2,80,29
12-07-20,Cannon,871,20,791,17,80,3,904,21,6319,54,7223,75,0,4,1,81,19,786,0,20,5
12-07-20,Carroll,1953,31,1533,24,420,7,1818,21,15357,51,17175,72,0,36,-9,172,40,1745,0,59,41
12-07-20,Carter,3203,56,2939,49,264,7,3212,43,25265,222,28477,265,1,65,-20,322,75,2816,0,175,76
12-07-20,Cheatham,1826,44,1683,37,143,7,1958,40,17507,85,19465,125,0,17,14,143,30,1666,0,51,18
12-07-20,Chester,1114,22,873,16,241,6,1087,20,7704,26,8791,46,0,24,9,66,13,1024,1,28,28
12-07-20,Claiborne,1051,33,846,29,205,4,966,35,15274,96,16240,131,0,10,-17,165,50,876,0,37,15
12-07-20,Clay,611,12,448,10,163,2,524,14,4082,47,4606,61,0,19,9,54,3,538,0,19,22
12-07-20,Cocke,1819,48,1530,41,289,7,1703,41,13707,82,15410,123,0,30,16,178,32,1611,0,72,35
12-07-20,Coffee,3266,102,2600,82,666,20,3188,98,30640,460,33828,558,0,44,36,332,66,2890,0,69,50
12-07-20,Crockett,1227,19,869,8,358,11,1035,5,5367,13,6402,18,0,29,9,48,10,1150,0,25,30
12-07-20,Cumberland,2896,91,2740,77,156,14,3237,86,34806,247,38043,333,3,41,28,249,60,2606,0,105,48
12-07-20,Davidson,46759,501,45944,484,815,17,56536,546,598964,3105,655500,3651,2,440,-136,2159,635,44160,9,1489,478
12-07-20,Decatur,1001,4,795,3,206,1,983,3,8735,50,9718,53,0,13,-2,39,6,949,0,27,17
12-07-20,Dekalb,1361,26,1134,23,227,3,1341,25,12510,60,13851,85,0,25,0,139,26,1197,0,35,27
12-07-20,Dickson,3197,48,2594,35,603,13,3223,41,23268,154,26491,195,1,40,-14,171,61,2986,0,84,51
12-07-20,Dyer,3441,24,2634,12,807,12,2990,11,16824,88,19814,99,1,53,-16,210,39,3178,0,89,60
12-07-20,Fayette,2468,26,2346,25,122,1,2936,30,24300,106,27236,136,0,40,-15,169,41,2259,0,99,44
12-07-20,Fentress,1338,46,1198,46,140,0,1410,46,7727,89,9137,135,1,25,27,96,18,1217,0,46,27
12-07-20,Franklin,2433,61,2232,59,201,2,2655,69,22431,143,25086,212,0,40,7,228,54,2165,0,73,43
12-07-20,Gibson,3583,73,2475,44,1108,29,3129,45,21623,118,24752,163,0,72,14,293,59,3218,1,82,80
12-07-20,Giles,1683,55,1573,42,110,13,1795,30,15261,79,17056,109,0,50,31,166,24,1467,2,77,52
12-07-20,Grainger,1173,37,973,28,200,9,1117,31,9600,84,10717,115,2,21,-7,117,42,1035,0,47,25
12-07-20,Greene,3592,116,3258,101,334,15,3655,110,28472,426,32127,536,1,76,47,364,68,3152,1,142,80
12-07-20,Grundy,865,10,791,9,74,1,932,11,4938,64,5870,75,0,14,-2,53,12,798,0,45,14
12-07-20,Hamblen,3945,132,3425,121,520,11,3891,123,33138,378,37029,501,0,63,17,365,115,3517,1,167,80
12-07-20,Hamilton,19119,248,17770,219,1349,29,20238,230,208489,1413,228727,1643,4,181,-163,987,407,17951,4,662,233
12-07-20,Hancock,224,8,184,7,40,1,200,6,2719,35,2919,41,0,4,3,42,5,178,0,13,4
12-07-20,Hardeman,2345,21,2115,11,230,10,2517,8,19018,30,21535,38,1,39,5,82,15,2224,0,85,42
12-07-20,Hardin,1944,30,1495,17,449,13,1858,23,17195,168,19053,191,1,30,8,142,21,1772,0,43,32
12-07-20,Hawkins,2295,43,2098,37,197,6,2298,36,18875,245,21173,281,0,36,4,266,39,1993,0,101,41
12-07-20,Haywood,1732,21,1553,16,179,5,1771,17,9979,72,11750,89,0,30,-3,83,24,1619,0,58,32
12-07-20,Henderson,2064,26,1592,14,472,12,2143,16,12343,36,14486,52,0,34,-14,172,40,1858,0,57,39
12-07-20,Henry,1710,28,1515,17,195,11,1751,18,13890,54,15641,72,0,23,-15,99,43,1588,0,56,31
12-07-20,Hickman,1334,21,1198,18,136,3,1421,19,11138,63,12559,82,0,19,3,105,18,1210,0,33,21
12-07-20,Houston,618,6,517,5,101,1,599,7,5423,44,6022,51,0,21,0,14,6,583,0,33,22
12-07-20,Humphreys,831,32,611,10,220,22,735,12,8261,48,8996,60,0,9,15,44,17,778,0,23,9
12-07-20,Jackson,761,12,602,11,159,1,727,11,3858,26,4585,37,0,11,5,70,7,680,1,27,17
12-07-20,Jefferson,2617,64,2152,48,465,16,2472,53,25629,159,28101,212,1,36,-7,276,70,2305,0,118,44
12-07-20,Johnson,1534,15,1446,14,88,1,1543,15,10208,93,11751,108,0,24,1,78,14,1432,0,45,26
12-07-20,Knox,22029,322,20771,269,1258,53,22733,310,208473,1122,231206,1432,3,175,-130,1962,449,19892,6,704,207
12-07-20,Lake,1236,14,1139,11,97,3,1369,11,7867,49,9236,60,1,8,2,47,11,1181,0,14,10
12-07-20,Lauderdale,2167,8,1794,7,373,1,2064,7,15815,33,17879,40,0,23,-24,90,32,2054,0,68,23
12-07-20,Lawrence,3110,90,2724,72,386,18,3011,71,19143,247,22154,318,0,38,27,346,63,2726,1,96,46
12-07-20,Lewis,881,22,814,22,67,0,881,24,7591,66,8472,90,0,16,3,86,19,779,0,30,17
12-07-20,Lincoln,1999,74,1675,45,324,29,1911,41,12041,83,13952,124,1,24,19,302,54,1673,2,53,25
12-07-20,Loudon,2585,59,2470,52,115,7,2720,52,21931,172,24651,224,0,21,4,207,55,2357,0,68,24
12-07-20,Macon,1979,21,1779,19,200,2,2151,21,11219,71,13370,92,0,31,1,107,20,1841,0,99,34
12-07-20,Madison,5917,101,3729,45,2188,56,4835,39,39738,139,44573,178,3,120,22,152,76,5645,3,258,143
12-07-20,Marion,1291,32,1228,30,63,2,1424,30,11052,97,12476,127,2,21,8,122,22,1148,2,74,23
12-07-20,Marshall,1979,34,1918,32,61,2,2183,38,15882,158,18065,196,0,22,6,167,28,1790,2,50,24
12-07-20,Maury,6714,184,6496,170,218,14,7199,178,48158,495,55357,673,0,77,63,576,121,6061,1,191,90
12-07-20,McMinn,3000,91,2838,88,162,3,3189,91,27444,425,30633,516,0,57,-8,304,99,2639,0,101,61
12-07-20,McNairy,1480,14,1160,10,320,4,1535,13,11530,99,13065,112,0,33,4,56,10,1391,0,50,36
12-07-20,Meigs,570,13,549,11,21,2,634,11,4930,47,5564,58,1,13,-7,47,19,510,0,26,13
12-07-20,Monroe,2493,37,2339,34,154,3,2660,45,17782,136,20442,181,0,46,-35,265,72,2182,2,109,49
12-07-20,Montgomery,7558,81,6579,65,979,16,7402,74,68395,360,75797,434,8,95,-91,370,164,7093,0,192,107
12-07-20,Moore,453,11,381,10,72,1,442,10,3434,22,3876,32,1,4,-2,42,12,407,0,7,4
12-07-20,Morgan,887,44,776,34,111,10,849,31,11108,88,11957,119,0,7,10,111,34,769,0,14,10
12-07-20,Obion,2899,34,2306,24,593,10,2626,27,15404,88,18030,115,0,56,-23,206,57,2637,0,77,66
12-07-20,Out of State,7148,179,6203,128,945,51,6880,135,430906,2659,437786,2794,1,56,-220,897,398,6195,3,129,40
12-07-20,Overton,1622,25,1348,21,274,4,1630,25,10602,63,12232,88,0,37,10,57,15,1528,0,53,39
12-07-20,Pending,5242,187,4249,145,993,42,4749,143,271395,1419,276144,1562,0,30,-16,659,203,4553,0,71,42
12-07-20,Perry,557,21,515,20,42,1,577,17,4762,20,5339,37,0,22,11,30,10,505,0,26,23
12-07-20,Pickett,421,8,286,6,135,2,353,9,2209,15,2562,24,0,15,3,27,5,379,1,24,16
12-07-20,Polk,754,16,713,16,41,0,816,16,5720,61,6536,77,0,15,1,63,15,676,1,36,15
12-07-20,Putnam,6411,150,5590,139,821,11,6878,161,48708,420,55586,581,0,85,68,430,82,5896,2,165,104
12-07-20,Rhea,1966,36,1863,35,103,1,2151,41,17036,172,19187,213,0,35,-41,127,77,1804,0,59,40
12-07-20,Roane,2769,101,2604,85,165,16,2932,91,29715,319,32647,410,2,35,9,286,90,2448,1,81,40
12-07-20,Robertson,4305,58,4113,56,192,2,4754,55,28736,225,33490,280,0,57,-33,316,91,3932,2,249,63
12-07-20,Rutherford,20164,330,19281,316,883,14,22863,366,146400,1130,169263,1496,2,177,-62,1422,390,18565,1,406,192
12-07-20,Scott,1312,49,891,31,421,18,958,33,8018,50,8976,83,1,9,13,184,35,1119,2,36,13
12-07-20,Sequatchie,628,10,610,9,18,1,668,9,8372,31,9040,40,0,5,-9,64,19,559,0,18,7
12-07-20,Sevier,5585,145,5355,134,230,11,5953,141,42051,492,48004,633,1,40,-41,432,185,5113,2,166,55
12-07-20,Shelby,51625,465,50020,427,1605,38,61931,508,576009,3400,637940,3908,4,709,-213,2569,674,48347,4,2631,845
12-07-20,Smith,1555,22,1369,19,186,3,1743,21,8805,49,10548,70,0,20,-2,69,24,1466,0,46,20
12-07-20,Stewart,652,5,560,4,92,1,652,4,4720,14,5372,18,0,18,-3,24,8,610,0,19,20
12-07-20,Sullivan,7487,174,6828,146,659,28,7383,150,53687,423,61070,573,3,120,45,707,126,6660,4,485,144
12-07-20,Sumner,11259,206,10989,186,270,20,12590,191,77893,657,90483,848,1,145,-67,944,272,10170,4,570,169
12-07-20,Tipton,3990,64,3272,46,718,18,3991,52,32455,265,36446,317,2,41,-13,215,75,3734,0,116,50
12-07-20,Trousdale,1947,8,1916,7,31,1,2036,7,6775,35,8811,42,0,12,3,29,5,1906,0,33,12
12-07-20,Unicoi,1023,18,895,15,128,3,999,16,9453,74,10452,90,0,28,7,129,11,866,1,53,30
12-07-20,Union,817,24,743,24,74,0,827,23,7230,61,8057,84,0,5,7,71,17,741,0,30,6
12-07-20,Van Buren,419,6,379,5,40,1,429,6,3696,8,4125,14,0,3,-3,33,9,383,0,11,5
12-07-20,Warren,2692,71,2431,65,261,6,2784,57,21777,149,24561,206,0,20,37,272,34,2400,0,46,26
12-07-20,Washington,7001,155,6480,149,521,6,7203,159,52671,547,59874,706,0,120,10,773,145,6108,1,258,131
12-07-20,Wayne,2050,20,1895,15,155,5,2069,16,8547,84,10616,100,0,12,2,63,18,1975,1,33,15
12-07-20,Weakley,2345,30,2000,19,345,11,2295,25,15711,101,18006,126,0,37,-7,128,37,2180,0,49,40
12-07-20,White,2018,43,1742,37,276,6,2216,45,16443,116,18659,161,0,20,-6,216,49,1782,1,80,31
12-07-20,Williamson,12737,157,12035,136,702,21,13639,150,116730,658,130369,808,1,88,-67,755,223,11894,1,199,102
12-07-20,Wilson,8592,238,8261,217,331,21,9571,248,63750,475,73321,723,2,91,62,636,174,7865,3,209,99
12-06-20,Anderson,3392,37,3142,30,250,7,3538,31,41681,208,45219,239,0,32,11,410,26,2950,2,98,41
12-06-20,Bedford,3081,20,2716,14,365,6,3202,17,20534,49,23736,66,1,40,-7,262,26,2779,0,82,47
12-06-20,Benton,917,14,837,13,80,1,908,14,6744,31,7652,45,0,16,9,114,5,787,0,28,26
12-06-20,Bledsoe,1252,15,1232,15,20,0,1309,15,10972,42,12281,57,0,5,11,44,4,1203,0,26,7
12-06-20,Blount,6460,119,6014,117,446,2,6819,120,47582,227,54401,347,1,65,32,787,86,5608,0,203,77
12-06-20,Bradley,5974,89,5439,76,535,13,6318,81,39408,335,45726,416,0,38,46,688,43,5248,5,313,49
12-06-20,Campbell,1744,26,1332,12,412,14,1520,13,18916,77,20436,90,0,24,11,193,15,1527,2,78,26
12-06-20,Cannon,851,2,774,1,77,1,883,2,6265,6,7148,8,0,4,-1,80,3,767,0,20,5
12-06-20,Carroll,1922,37,1509,33,413,4,1797,31,15306,63,17103,94,0,36,25,181,12,1705,0,59,41
12-06-20,Carter,3147,38,2890,32,257,6,3169,36,25043,39,28212,75,1,64,15,342,22,2741,0,175,76
12-06-20,Cheatham,1782,35,1646,31,136,4,1918,36,17422,92,19340,128,0,17,14,129,21,1636,1,51,18
12-06-20,Chester,1092,12,857,12,235,0,1067,11,7678,35,8745,46,1,24,9,57,2,1011,0,27,28
12-06-20,Claiborne,1018,3,817,1,201,2,931,1,15178,45,16109,46,0,10,-6,182,9,826,0,37,15
12-06-20,Clay,599,1,438,1,161,0,510,1,4035,5,4545,6,0,19,-4,45,5,535,0,19,22
12-06-20,Cocke,1771,5,1489,5,282,0,1662,6,13625,41,15287,47,0,30,1,162,4,1579,0,72,35
12-06-20,Coffee,3164,39,2518,20,646,19,3090,35,30180,97,33270,132,1,44,14,296,24,2824,0,69,50
12-06-20,Crockett,1208,5,861,5,347,0,1030,6,5354,18,6384,24,0,29,1,39,4,1140,0,25,30
12-06-20,Cumberland,2805,4,2663,4,142,0,3151,9,34559,181,37710,190,0,38,-13,221,17,2546,0,105,48
12-06-20,Davidson,46258,322,45460,311,798,11,55990,362,595859,1251,651849,1613,3,438,93,2295,226,43525,2,1480,473
12-06-20,Decatur,997,9,792,9,205,0,980,9,8685,29,9665,38,0,13,6,41,3,943,0,27,17
12-06-20,Dekalb,1335,14,1111,9,224,5,1316,7,12450,16,13766,23,0,25,7,139,7,1171,0,35,27
12-06-20,Dickson,3149,34,2559,19,590,15,3182,25,23114,68,26296,93,0,39,13,185,21,2925,0,84,51
12-06-20,Dyer,3417,38,2622,20,795,18,2979,21,16736,74,19715,95,0,52,25,226,13,3139,0,89,57
12-06-20,Fayette,2442,15,2321,15,121,0,2906,17,24194,114,27100,131,0,40,4,184,11,2218,0,99,43
12-06-20,Fentress,1292,2,1152,2,140,0,1364,1,7638,10,9002,11,0,24,-6,69,8,1199,0,46,27
12-06-20,Franklin,2372,67,2173,65,199,2,2586,65,22288,156,24874,221,0,40,45,221,22,2111,0,73,42
12-06-20,Gibson,3510,31,2431,18,1079,13,3084,18,21505,88,24589,106,0,72,0,279,31,3159,0,81,80
12-06-20,Giles,1628,10,1531,9,97,1,1765,18,15182,71,16947,89,0,50,3,135,7,1443,0,75,51
12-06-20,Grainger,1136,15,945,12,191,3,1086,12,9516,60,10602,72,0,19,5,124,10,993,0,47,25
12-06-20,Greene,3476,38,3157,26,319,12,3545,27,28046,59,31591,86,1,75,15,317,22,3084,0,141,79
12-06-20,Grundy,855,14,782,12,73,2,921,12,4874,26,5795,38,0,14,11,55,3,786,0,45,14
12-06-20,Hamblen,3813,19,3304,15,509,4,3768,16,32760,72,36528,88,0,63,-2,348,21,3402,0,166,79
12-06-20,Hamilton,18871,203,17551,183,1320,20,20008,221,207076,1017,227084,1238,8,177,20,1150,175,17544,4,658,231
12-06-20,Hancock,216,8,177,7,39,1,194,7,2684,17,2878,24,0,4,5,39,3,173,0,13,4
12-06-20,Hardeman,2324,9,2104,1,220,8,2509,2,18988,25,21497,27,0,38,5,77,4,2209,0,85,42
12-06-20,Hardin,1914,20,1478,13,436,7,1835,9,17027,69,18862,78,0,29,12,134,8,1751,0,43,32
12-06-20,Hawkins,2252,55,2061,54,191,1,2262,57,18630,153,20892,210,0,36,40,262,15,1954,1,101,39
12-06-20,Haywood,1711,11,1537,5,174,6,1754,7,9907,23,11661,30,0,30,8,86,3,1595,0,58,32
12-06-20,Henderson,2038,32,1578,24,460,8,2127,27,12307,67,14434,94,0,34,24,186,8,1818,1,57,39
12-06-20,Henry,1682,23,1498,18,184,5,1733,19,13836,44,15569,63,1,23,12,114,10,1545,0,56,30
12-06-20,Hickman,1313,23,1180,22,133,1,1402,24,11075,41,12477,65,0,19,13,102,10,1192,0,33,21
12-06-20,Houston,612,1,512,1,100,0,592,2,5379,4,5971,6,0,21,-4,14,5,577,0,33,22
12-06-20,Humphreys,799,10,601,4,198,6,723,4,8213,15,8936,19,0,9,-6,29,16,761,0,23,9
12-06-20,Jackson,749,4,591,4,158,0,716,4,3832,3,4548,7,0,11,-3,65,7,673,0,26,17
12-06-20,Jefferson,2553,19,2104,13,449,6,2419,13,25470,60,27889,73,0,35,2,283,17,2235,0,118,44
12-06-20,Johnson,1519,22,1432,22,87,0,1528,23,10115,79,11643,102,1,24,20,77,1,1418,0,45,26
12-06-20,Knox,21707,331,20502,289,1205,42,22423,187,207351,664,229774,851,6,172,102,2092,223,19443,5,698,204
12-06-20,Lake,1222,5,1128,2,94,3,1358,2,7818,13,9176,15,0,7,3,45,2,1170,0,14,10
12-06-20,Lauderdale,2159,9,1787,4,372,5,2057,4,15782,46,17839,50,0,23,2,114,7,2022,0,68,22
12-06-20,Lawrence,3020,12,2652,7,368,5,2940,24,18896,75,21836,99,0,38,-3,319,15,2663,0,95,46
12-06-20,Lewis,859,3,792,2,67,1,857,10,7525,43,8382,53,0,16,-3,83,6,760,0,30,17
12-06-20,Lincoln,1925,59,1630,56,295,3,1870,66,11958,67,13828,133,1,23,46,283,12,1619,0,51,24
12-06-20,Loudon,2526,25,2418,22,108,3,2668,22,21759,88,24427,110,0,21,9,203,16,2302,0,68,24
12-06-20,Macon,1958,3,1760,2,198,1,2130,3,11148,5,13278,8,0,31,0,106,3,1821,0,99,34
12-06-20,Madison,5816,80,3684,19,2132,61,4796,21,39599,88,44395,109,0,117,27,130,53,5569,0,255,141
12-06-20,Marion,1259,14,1198,14,61,0,1394,14,10955,54,12349,68,0,19,8,114,6,1126,0,72,23
12-06-20,Marshall,1945,17,1886,17,59,0,2145,20,15724,114,17869,134,0,22,6,161,11,1762,0,48,24
12-06-20,Maury,6530,30,6326,29,204,1,7021,41,47663,105,54684,146,0,77,-8,513,38,5940,0,190,87
12-06-20,McMinn,2909,16,2750,13,159,3,3098,13,27019,66,30117,79,0,57,-12,312,28,2540,0,101,61
12-06-20,McNairy,1466,11,1150,8,316,3,1522,9,11431,24,12953,33,-1,33,9,52,3,1381,1,50,35
12-06-20,Meigs,557,12,538,12,19,0,623,13,4883,29,5506,42,0,12,8,54,4,491,1,26,13
12-06-20,Monroe,2456,25,2305,22,151,3,2615,23,17646,63,20261,86,0,46,3,300,22,2110,0,107,49
12-06-20,Montgomery,7477,125,6514,124,963,1,7328,133,68035,369,75363,502,0,87,61,461,64,6929,0,192,103
12-06-20,Moore,442,7,371,7,71,0,432,6,3412,14,3844,20,1,3,5,44,1,395,0,7,4
12-06-20,Morgan,843,5,742,2,101,3,818,2,11020,10,11838,12,0,7,-4,101,9,735,0,14,10
12-06-20,Obion,2865,38,2282,23,583,15,2599,30,15316,77,17915,107,1,56,20,229,17,2580,0,77,66
12-06-20,Out of State,6969,101,6075,56,894,45,6745,65,428247,1843,434992,1908,1,55,-113,1117,213,5797,0,126,39
12-06-20,Overton,1597,4,1327,2,270,2,1605,0,10539,11,12144,11,0,37,-4,47,8,1513,1,53,39
12-06-20,Pending,5055,86,4104,69,951,17,4606,74,269976,716,274582,790,0,30,15,675,71,4350,2,71,42
12-06-20,Perry,536,11,495,7,41,4,560,11,4742,4,5302,15,0,22,5,19,6,495,0,26,23
12-06-20,Pickett,413,1,280,0,133,1,344,0,2194,3,2538,3,0,15,-4,24,5,374,0,23,16
12-06-20,Polk,738,13,697,13,41,0,800,15,5659,35,6459,50,0,15,10,62,3,661,0,35,15
12-06-20,Putnam,6261,15,5451,12,810,3,6717,11,48288,34,55005,45,0,85,-5,362,20,5814,0,163,101
12-06-20,Rhea,1930,32,1828,31,102,1,2110,31,16864,142,18974,173,-1,35,23,168,10,1727,0,59,38
12-06-20,Roane,2668,33,2519,32,149,1,2841,34,29396,92,32237,126,0,33,23,277,10,2358,1,80,40
12-06-20,Robertson,4247,68,4057,52,190,16,4699,55,28511,88,33210,143,0,57,38,349,30,3841,1,247,61
12-06-20,Rutherford,19834,325,18965,288,869,37,22497,327,145270,708,167767,1035,1,175,204,1484,120,18175,1,405,192
12-06-20,Scott,1263,26,860,12,403,14,925,12,7968,35,8893,47,0,8,19,171,7,1084,0,34,13
12-06-20,Sequatchie,618,22,601,22,17,0,659,24,8341,59,9000,83,0,5,16,73,6,540,0,18,7
12-06-20,Sevier,5440,54,5221,44,219,10,5812,41,41559,138,47371,179,0,39,18,473,36,4928,1,164,53
12-06-20,Shelby,51160,288,49593,253,1567,35,61423,329,572609,2997,634032,3326,4,705,-14,2782,298,47673,8,2627,836
12-06-20,Smith,1533,4,1350,3,183,1,1722,3,8756,10,10478,13,0,20,-2,71,6,1442,0,46,20
12-06-20,Stewart,647,7,556,7,91,0,648,8,4706,17,5354,25,0,18,3,27,4,602,0,19,20
12-06-20,Sullivan,7313,50,6682,38,631,12,7233,48,53264,111,60497,159,1,117,-1,662,50,6534,3,481,143
12-06-20,Sumner,11053,114,10803,109,250,5,12399,131,77236,273,89635,404,-1,144,22,1011,93,9898,0,566,166
12-06-20,Tipton,3926,25,3226,13,700,12,3939,11,32190,127,36129,138,0,39,7,228,18,3659,0,116,49
12-06-20,Trousdale,1939,6,1909,6,30,0,2029,5,6740,10,8769,15,0,12,4,26,2,1901,0,33,12
12-06-20,Unicoi,1005,19,880,18,125,1,983,17,9379,64,10362,81,0,28,13,122,6,855,1,52,30
12-06-20,Union,793,1,719,1,74,0,804,0,7169,14,7973,14,0,5,-2,64,3,724,0,30,5
12-06-20,Van Buren,413,2,374,1,39,1,423,1,3688,5,4111,6,0,3,-2,36,4,374,0,11,4
12-06-20,Warren,2621,6,2366,5,255,1,2727,3,21628,50,24355,53,1,20,-10,235,15,2366,0,46,25
12-06-20,Washington,6846,90,6331,72,515,18,7044,71,52124,137,59168,208,2,120,39,763,49,5963,2,257,130
12-06-20,Wayne,2030,16,1880,12,150,4,2053,14,8463,33,10516,47,0,12,7,61,9,1957,0,32,15
12-06-20,Weakley,2315,16,1981,12,334,4,2270,12,15610,32,17880,44,1,37,1,135,14,2143,0,49,40
12-06-20,White,1975,5,1705,5,270,0,2171,8,16327,13,18498,21,1,20,-7,222,11,1733,0,79,29
12-06-20,Williamson,12580,141,11899,135,681,6,13489,151,116072,603,129561,754,0,87,37,822,104,11671,0,198,100
12-06-20,Wilson,8354,84,8044,81,310,3,9323,95,63275,227,72598,322,1,89,8,574,75,7691,0,206,98
12-05-20,Anderson,3355,31,3112,19,243,12,3507,18,41473,65,44980,83,0,32,1,399,30,2924,0,96,40
12-05-20,Bedford,3061,25,2702,14,359,11,3185,13,20485,54,23670,67,5,39,-10,269,30,2753,1,82,46
12-05-20,Benton,903,7,824,3,79,4,894,3,6713,7,7607,10,0,16,4,105,3,782,0,28,24
12-05-20,Bledsoe,1237,6,1217,6,20,0,1294,7,10930,14,12224,21,0,5,6,33,0,1199,0,26,5
12-05-20,Blount,6341,53,5897,33,444,20,6699,36,47355,125,54054,161,-1,64,-12,755,66,5522,0,203,75
12-05-20,Bradley,5885,45,5363,27,522,18,6237,38,39073,82,45310,120,0,38,10,642,35,5205,0,308,47
12-05-20,Campbell,1718,17,1320,4,398,13,1507,2,18839,31,20346,33,0,24,3,182,14,1512,0,76,26
12-05-20,Cannon,849,22,773,18,76,4,881,19,6259,38,7140,57,0,4,12,81,10,764,0,20,5
12-05-20,Carroll,1885,14,1476,7,409,7,1766,8,15243,10,17009,18,0,36,-1,156,15,1693,0,59,41
12-05-20,Carter,3109,27,2858,21,251,6,3133,22,25004,44,28137,66,0,63,-1,327,28,2719,1,175,72
12-05-20,Cheatham,1747,13,1615,13,132,0,1882,13,17330,43,19212,56,0,17,-7,115,20,1615,0,50,18
12-05-20,Chester,1080,11,845,5,235,6,1056,3,7643,2,8699,5,0,23,7,48,4,1009,0,27,27
12-05-20,Claiborne,1015,16,816,7,199,9,930,6,15133,17,16063,23,0,10,4,188,12,817,0,37,14
12-05-20,Clay,598,12,437,6,161,6,509,6,4030,13,4539,19,0,19,12,49,0,530,0,19,22
12-05-20,Cocke,1766,8,1484,2,282,6,1656,4,13584,41,15240,45,0,30,3,161,5,1575,0,72,34
12-05-20,Coffee,3125,11,2498,8,627,3,3055,10,30083,65,33138,75,0,43,-14,282,25,2800,0,69,49
12-05-20,Crockett,1203,9,856,4,347,5,1024,5,5336,5,6360,10,0,29,7,38,2,1136,0,25,30
12-05-20,Cumberland,2801,42,2659,40,142,2,3142,41,34378,202,37520,243,0,38,22,234,20,2529,0,105,48
12-05-20,Davidson,45936,294,45149,276,787,18,55628,315,594608,3016,650236,3331,1,435,-15,2202,308,43299,11,1478,470
12-05-20,Decatur,988,1,783,0,205,1,971,0,8656,7,9627,7,0,13,-1,35,2,940,0,27,16
12-05-20,Dekalb,1321,36,1102,27,219,9,1309,28,12434,120,13743,148,0,25,23,132,13,1164,0,35,27
12-05-20,Dickson,3115,22,2540,18,575,4,3157,17,23046,121,26203,138,0,39,-13,172,35,2904,0,84,49
12-05-20,Dyer,3379,18,2602,12,777,6,2958,10,16662,7,19620,17,0,52,3,201,15,3126,1,89,57
12-05-20,Fayette,2427,14,2306,9,121,5,2889,7,24080,41,26969,48,0,40,-6,180,20,2207,0,99,43
12-05-20,Fentress,1290,8,1150,8,140,0,1363,8,7628,50,8991,58,0,24,3,75,5,1191,0,46,27
12-05-20,Franklin,2305,6,2108,6,197,0,2521,5,22132,33,24653,38,0,40,-15,176,21,2089,0,73,42
12-05-20,Gibson,3479,36,2413,9,1066,27,3066,13,21417,14,24483,27,0,72,9,279,27,3128,0,81,78
12-05-20,Giles,1618,4,1522,4,96,0,1747,12,15111,44,16858,56,-1,50,-6,132,11,1436,1,75,51
12-05-20,Grainger,1121,6,933,4,188,2,1074,4,9456,16,10530,20,1,19,-5,119,10,983,0,47,24
12-05-20,Greene,3438,34,3131,31,307,3,3518,36,27987,84,31505,120,0,74,16,302,18,3062,1,141,77
12-05-20,Grundy,841,9,770,6,71,3,909,3,4848,6,5757,9,0,14,8,44,1,783,1,45,14
12-05-20,Hamblen,3794,21,3289,16,505,5,3752,16,32688,31,36440,47,0,63,-4,350,25,3381,1,166,78
12-05-20,Hamilton,18668,129,17368,118,1300,11,19787,127,206059,515,225846,642,0,169,-44,1130,173,17369,5,654,226
12-05-20,Hancock,208,1,170,0,38,1,187,0,2667,2,2854,2,0,4,0,34,1,170,0,13,4
12-05-20,Hardeman,2315,5,2103,2,212,3,2507,2,18963,5,21470,7,0,38,0,72,5,2205,0,85,41
12-05-20,Hardin,1894,14,1465,10,429,4,1826,11,16958,17,18784,28,0,29,3,122,11,1743,0,43,32
12-05-20,Hawkins,2197,17,2007,14,190,3,2205,16,18477,60,20682,76,0,36,9,222,8,1939,1,100,39
12-05-20,Haywood,1700,9,1532,5,168,4,1747,4,9884,10,11631,14,0,30,4,78,5,1592,0,58,32
12-05-20,Henderson,2006,13,1554,6,452,7,2100,3,12240,17,14340,20,0,34,2,162,11,1810,0,56,38
12-05-20,Henry,1659,10,1480,5,179,5,1714,7,13792,21,15506,28,0,22,-1,102,11,1535,0,56,28
12-05-20,Hickman,1290,13,1158,13,132,0,1378,15,11034,58,12412,73,0,19,3,89,10,1182,0,33,21
12-05-20,Houston,611,2,511,2,100,0,590,1,5375,4,5965,5,1,21,0,18,1,572,0,33,22
12-05-20,Humphreys,789,6,597,4,192,2,719,4,8198,17,8917,21,0,9,-1,35,7,745,0,23,9
12-05-20,Jackson,745,21,587,20,158,1,712,21,3829,30,4541,51,0,11,19,68,2,666,0,26,17
12-05-20,Jefferson,2534,15,2091,13,443,2,2406,17,25410,51,27816,68,0,35,2,281,13,2218,0,118,43
12-05-20,Johnson,1497,6,1410,6,87,0,1505,5,10036,7,11541,12,0,23,0,57,6,1417,0,45,26
12-05-20,Knox,21376,291,20213,265,1163,26,22236,213,206687,705,228923,918,2,166,52,1990,237,19220,8,693,200
12-05-20,Lake,1217,8,1126,2,91,6,1356,1,7805,4,9161,5,0,7,6,42,2,1168,0,14,10
12-05-20,Lauderdale,2150,9,1783,5,367,4,2053,5,15736,19,17789,24,0,23,6,112,3,2015,0,68,22
12-05-20,Lawrence,3008,7,2645,5,363,2,2916,14,18821,52,21737,66,0,38,-25,322,32,2648,0,95,46
12-05-20,Lewis,856,6,790,2,66,4,847,5,7482,48,8329,53,0,16,3,86,3,754,0,30,17
12-05-20,Lincoln,1866,4,1574,3,292,1,1804,5,11891,23,13695,28,2,22,-12,237,14,1607,0,51,24
12-05-20,Loudon,2501,27,2396,23,105,4,2646,26,21671,68,24317,94,0,21,8,194,19,2286,1,68,24
12-05-20,Macon,1955,5,1758,5,197,0,2127,5,11143,53,13270,58,1,31,-6,106,10,1818,1,99,34
12-05-20,Madison,5736,37,3665,12,2071,25,4775,14,39511,58,44286,72,1,117,-17,103,53,5516,3,255,139
12-05-20,Marion,1245,4,1184,3,61,1,1380,5,10901,14,12281,19,0,19,-8,106,12,1120,0,72,23
12-05-20,Marshall,1928,24,1869,20,59,4,2125,22,15610,36,17735,58,0,22,12,155,12,1751,1,48,23
12-05-20,Maury,6500,29,6297,29,203,0,6980,47,47558,132,54538,179,2,77,-22,521,49,5902,0,190,84
12-05-20,McMinn,2893,26,2737,20,156,6,3085,19,26953,59,30038,78,0,57,-4,324,30,2512,0,101,61
12-05-20,McNairy,1455,13,1142,7,313,6,1513,8,11407,16,12920,24,0,34,6,43,7,1378,0,49,35
12-05-20,Meigs,545,3,526,3,19,0,610,3,4854,10,5464,13,0,12,-1,46,4,487,0,25,13
12-05-20,Monroe,2431,65,2283,45,148,20,2592,46,17583,127,20175,173,0,46,40,297,25,2088,0,107,49
12-05-20,Montgomery,7352,29,6390,20,962,9,7195,25,67666,131,74861,156,0,87,-34,400,63,6865,0,192,103
12-05-20,Moore,435,1,364,1,71,0,426,1,3398,7,3824,8,0,2,-2,39,3,394,0,7,4
12-05-20,Morgan,838,7,740,6,98,1,816,8,11010,12,11826,20,0,7,0,105,7,726,0,14,10
12-05-20,Obion,2827,18,2259,11,568,7,2569,8,15239,17,17808,25,0,55,-6,209,24,2563,0,77,65
12-05-20,Out of State,6868,54,6019,46,849,8,6680,45,426404,1004,433084,1049,0,54,-11,1230,65,5584,0,126,38
12-05-20,Overton,1593,4,1325,4,268,0,1605,4,10528,55,12133,59,0,37,1,51,3,1505,0,52,39
12-05-20,Pending,4969,81,4035,57,934,24,4532,53,269260,543,273792,596,1,30,30,660,50,4279,0,69,39
12-05-20,Perry,525,0,488,0,37,0,549,0,4738,21,5287,21,0,22,-1,14,1,489,0,26,23
12-05-20,Pickett,412,1,280,1,132,0,344,2,2191,6,2535,8,1,15,-2,28,2,369,0,23,16
12-05-20,Polk,725,4,684,3,41,1,785,3,5624,9,6409,12,0,15,1,52,3,658,0,35,15
12-05-20,Putnam,6246,77,5439,57,807,20,6706,60,48254,357,54960,417,0,85,57,367,20,5794,0,163,100
12-05-20,Rhea,1898,4,1797,4,101,0,2079,5,16722,19,18801,24,0,36,-12,145,16,1717,0,59,38
12-05-20,Roane,2635,35,2487,29,148,6,2807,25,29304,44,32111,69,0,33,11,254,24,2348,1,79,39
12-05-20,Robertson,4179,30,4005,30,174,0,4644,31,28423,57,33067,88,0,57,-2,311,32,3811,2,246,60
12-05-20,Rutherford,19509,145,18677,143,832,2,22170,153,144562,481,166732,634,1,174,-1,1280,145,18055,1,404,190
12-05-20,Scott,1237,27,848,16,389,11,913,14,7933,45,8846,59,0,8,15,152,12,1077,0,34,12
12-05-20,Sequatchie,596,2,579,1,17,1,635,1,8282,11,8917,12,0,5,-1,57,3,534,0,18,7
12-05-20,Sevier,5386,39,5177,34,209,5,5771,34,41421,90,47192,124,1,39,9,455,29,4892,2,163,52
12-05-20,Shelby,50872,267,49340,250,1532,17,61094,265,569612,1628,630706,1893,7,701,-155,2796,415,47375,2,2619,828
12-05-20,Smith,1529,12,1347,4,182,8,1719,5,8746,48,10465,53,0,20,7,73,5,1436,0,46,20
12-05-20,Stewart,640,2,549,1,91,1,640,1,4689,7,5329,8,0,18,-4,24,6,598,0,19,20
12-05-20,Sullivan,7263,43,6644,34,619,9,7185,61,53153,257,60338,318,2,116,-17,663,58,6484,1,478,142
12-05-20,Sumner,10939,102,10694,100,245,2,12268,104,76963,254,89231,358,1,145,-6,989,107,9805,1,566,163
12-05-20,Tipton,3901,24,3213,17,688,7,3928,12,32063,54,35991,66,0,39,5,221,19,3641,0,116,48
12-05-20,Trousdale,1933,5,1903,5,30,0,2024,6,6730,12,8754,18,0,12,4,22,1,1899,0,33,12
12-05-20,Unicoi,986,9,862,7,124,2,966,9,9315,15,10281,24,0,28,-2,109,11,849,0,51,29
12-05-20,Union,792,8,718,8,74,0,804,6,7155,17,7959,23,0,5,7,66,1,721,0,30,5
12-05-20,Van Buren,411,8,373,8,38,0,422,8,3683,22,4105,30,0,3,4,38,4,370,0,11,4
12-05-20,Warren,2615,92,2361,87,254,5,2724,93,21578,214,24302,307,0,19,75,245,17,2351,2,46,24
12-05-20,Washington,6756,68,6259,50,497,18,6973,68,51987,144,58960,212,0,118,18,724,50,5914,0,255,126
12-05-20,Wayne,2014,4,1868,4,146,0,2039,4,8430,42,10469,46,1,12,0,54,3,1948,1,32,14
12-05-20,Weakley,2299,14,1969,10,330,4,2258,6,15578,17,17836,23,0,36,-2,134,16,2129,0,49,40
12-05-20,White,1970,49,1700,41,270,8,2163,40,16314,116,18477,156,0,19,35,229,14,1722,0,79,27
12-05-20,Williamson,12439,55,11764,54,675,1,13338,62,115469,304,128807,366,0,87,-57,785,112,11567,0,198,98
12-05-20,Wilson,8270,55,7963,49,307,6,9228,59,63048,201,72276,260,0,88,-31,566,86,7616,0,206,98
12-04-20,Anderson,3324,68,3093,62,231,6,3489,64,41408,156,44897,220,1,32,-25,398,92,2894,1,96,40
12-04-20,Bedford,3036,56,2688,32,348,24,3172,39,20431,97,23603,136,0,34,6,279,50,2723,2,81,45
12-04-20,Benton,896,9,821,5,75,4,891,6,6706,23,7597,29,0,16,-14,101,23,779,1,28,22
12-04-20,Bledsoe,1231,6,1211,6,20,0,1287,6,10916,19,12203,25,0,5,-11,27,17,1199,0,26,5
12-04-20,Blount,6288,80,5864,66,424,14,6663,73,47230,196,53893,269,2,65,-53,767,131,5456,1,203,74
12-04-20,Bradley,5840,90,5336,49,504,41,6199,52,38991,149,45190,201,1,38,-1,632,90,5170,1,308,46
12-04-20,Campbell,1701,30,1316,9,385,21,1505,12,18808,176,20313,188,0,24,4,179,26,1498,0,76,26
12-04-20,Cannon,827,10,755,10,72,0,862,11,6221,32,7083,43,0,4,-10,69,20,754,0,20,5
12-04-20,Carroll,1871,21,1469,6,402,15,1758,11,15233,30,16991,41,0,36,-14,157,35,1678,0,59,41
12-04-20,Carter,3082,59,2837,48,245,11,3111,46,24960,133,28071,179,2,63,14,328,43,2691,1,174,69
12-04-20,Cheatham,1734,25,1602,19,132,6,1869,20,17287,100,19156,120,0,17,-7,122,32,1595,1,50,17
12-04-20,Chester,1069,8,840,1,229,7,1053,3,7641,36,8694,39,1,23,-8,41,15,1005,0,27,27
12-04-20,Claiborne,999,30,809,20,190,10,924,14,15116,40,16040,54,0,10,14,184,16,805,0,37,14
12-04-20,Clay,586,7,431,3,155,4,503,3,4017,12,4520,15,0,19,-8,37,15,530,0,19,22
12-04-20,Cocke,1758,18,1482,10,276,8,1652,9,13543,156,15195,165,0,30,-2,158,20,1570,0,72,34
12-04-20,Coffee,3114,34,2490,27,624,7,3045,29,30018,99,33063,128,0,43,-7,296,41,2775,0,69,48
12-04-20,Crockett,1194,9,852,3,342,6,1019,2,5331,11,6350,13,1,29,-7,31,15,1134,0,25,30
12-04-20,Cumberland,2759,25,2619,15,140,10,3101,14,34176,27,37277,41,1,38,-45,212,69,2509,1,105,48
12-04-20,Davidson,45642,558,44873,523,769,35,55313,608,591592,3129,646905,3737,5,434,127,2217,426,42991,6,1467,465
12-04-20,Decatur,987,8,783,2,204,6,971,3,8649,12,9620,15,0,13,-6,36,14,938,0,27,16
12-04-20,Dekalb,1285,22,1075,10,210,12,1281,10,12314,29,13595,39,1,25,-12,109,33,1151,0,35,26
12-04-20,Dickson,3093,36,2522,30,571,6,3140,34,22925,154,26065,188,2,39,-30,185,64,2869,1,84,48
12-04-20,Dyer,3361,31,2590,5,771,26,2948,10,16655,22,19603,32,0,52,-6,198,37,3111,0,88,57
12-04-20,Fayette,2413,35,2297,32,116,3,2882,35,24039,106,26921,141,0,40,-4,186,39,2187,0,99,42
12-04-20,Fentress,1282,6,1142,4,140,2,1355,3,7578,7,8933,10,0,24,-13,72,19,1186,0,46,26
12-04-20,Franklin,2299,37,2102,35,197,2,2516,34,22099,70,24615,104,2,40,-1,191,36,2068,0,73,42
12-04-20,Gibson,3443,48,2404,11,1039,37,3053,14,21403,63,24456,77,0,72,-22,270,70,3101,1,81,78
12-04-20,Giles,1614,16,1518,13,96,3,1735,14,15067,44,16802,58,2,51,-15,138,29,1425,1,74,51
12-04-20,Grainger,1115,16,929,7,186,9,1070,7,9440,22,10510,29,0,18,-26,124,42,973,0,47,24
12-04-20,Greene,3404,31,3100,30,304,1,3482,37,27903,178,31385,215,0,74,-23,286,54,3044,0,140,77
12-04-20,Grundy,832,5,764,5,68,0,906,4,4842,11,5748,15,0,14,-2,36,7,782,0,44,14
12-04-20,Hamblen,3773,31,3273,11,500,20,3736,12,32657,43,36393,55,1,63,-28,354,58,3356,0,165,78
12-04-20,Hamilton,18539,280,17250,255,1289,25,19660,303,205544,1392,225204,1695,7,169,20,1174,253,17196,5,649,219
12-04-20,Hancock,207,2,170,1,37,1,187,1,2665,1,2852,2,0,4,-1,34,3,169,0,13,4
12-04-20,Hardeman,2310,12,2101,5,209,7,2505,5,18958,26,21463,31,0,38,-9,72,21,2200,0,85,41
12-04-20,Hardin,1880,27,1455,3,425,24,1815,6,16941,18,18756,24,2,29,7,119,18,1732,2,43,32
12-04-20,Hawkins,2180,41,1993,33,187,8,2189,34,18417,222,20606,256,1,36,2,213,38,1931,1,99,39
12-04-20,Haywood,1691,5,1527,1,164,4,1743,7,9874,19,11617,26,0,30,-8,74,13,1587,0,58,31
12-04-20,Henderson,1993,33,1548,13,445,20,2097,13,12223,29,14320,42,0,34,0,160,33,1799,0,56,38
12-04-20,Henry,1649,21,1475,14,174,7,1707,10,13771,79,15478,89,1,22,-15,103,35,1524,1,56,27
12-04-20,Hickman,1277,13,1145,8,132,5,1363,12,10976,35,12339,47,0,19,-8,86,21,1172,0,33,20
12-04-20,Houston,609,2,509,2,100,0,589,2,5371,29,5960,31,0,20,1,18,1,571,0,33,22
12-04-20,Humphreys,783,18,593,8,190,10,715,9,8181,24,8896,33,1,9,4,36,13,738,0,23,9
12-04-20,Jackson,724,3,567,2,157,1,691,3,3799,20,4490,23,1,11,-4,49,6,664,0,26,17
12-04-20,Jefferson,2519,43,2078,19,441,24,2389,13,25359,67,27748,80,0,35,0,279,43,2205,2,118,43
12-04-20,Johnson,1491,13,1404,7,87,6,1500,8,10029,17,11529,25,0,23,-8,57,21,1411,0,45,26
12-04-20,Knox,21085,358,19948,325,1137,33,22023,306,205982,1113,228005,1419,5,164,11,1938,342,18983,11,685,198
12-04-20,Lake,1209,6,1124,3,85,3,1355,2,7801,11,9156,13,1,7,-5,36,10,1166,0,14,10
12-04-20,Lauderdale,2141,10,1778,3,363,7,2048,4,15717,29,17765,33,0,23,-6,106,16,2012,0,68,22
12-04-20,Lawrence,3001,71,2640,47,361,24,2902,37,18769,81,21671,118,1,38,42,347,28,2616,1,95,44
12-04-20,Lewis,850,8,788,1,62,7,842,6,7434,7,8276,13,0,16,-7,83,15,751,0,30,17
12-04-20,Lincoln,1862,29,1571,11,291,18,1799,11,11868,31,13667,42,0,20,-4,249,33,1593,0,51,24
12-04-20,Loudon,2474,13,2373,13,101,0,2620,11,21603,67,24223,78,1,21,-25,186,37,2267,0,67,23
12-04-20,Macon,1950,24,1753,16,197,8,2122,17,11090,39,13212,56,1,30,-10,112,33,1808,0,98,34
12-04-20,Madison,5699,76,3653,16,2046,60,4761,26,39453,135,44214,161,2,116,9,120,65,5463,0,252,139
12-04-20,Marion,1241,25,1181,25,60,0,1375,29,10887,59,12262,88,0,19,4,114,21,1108,0,72,23
12-04-20,Marshall,1904,20,1849,17,55,3,2103,20,15574,39,17677,59,0,22,0,143,20,1739,0,47,23
12-04-20,Maury,6471,65,6268,59,203,6,6933,57,47426,193,54359,250,3,75,-38,543,100,5853,2,190,81
12-04-20,McMinn,2867,26,2717,21,150,5,3066,28,26894,108,29960,136,1,57,-26,328,51,2482,1,101,60
12-04-20,McNairy,1442,8,1135,0,307,8,1505,0,11391,10,12896,10,0,34,3,37,5,1371,0,49,35
12-04-20,Meigs,542,5,523,5,19,0,607,7,4844,20,5451,27,0,12,-1,47,6,483,0,25,13
12-04-20,Monroe,2366,20,2238,16,128,4,2546,20,17456,69,20002,89,0,46,-24,257,44,2063,0,107,49
12-04-20,Montgomery,7323,109,6370,91,953,18,7170,99,67535,574,74705,673,1,87,-19,434,127,6802,1,192,102
12-04-20,Moore,434,4,363,3,71,1,425,3,3391,11,3816,14,0,2,-3,41,7,391,0,7,4
12-04-20,Morgan,831,17,734,5,97,12,808,7,10998,15,11806,22,1,7,-9,105,25,719,0,14,8
12-04-20,Obion,2809,13,2248,3,561,10,2561,6,15222,77,17783,83,2,55,-23,215,34,2539,0,77,63
12-04-20,Out of State,6814,206,5973,153,841,53,6635,165,425400,2142,432035,2307,0,54,79,1241,127,5519,0,126,38
12-04-20,Overton,1589,12,1321,7,268,5,1601,7,10473,26,12074,33,1,37,-1,50,12,1502,1,52,39
12-04-20,Pending,4888,157,3978,114,910,43,4479,116,268717,1270,273196,1386,4,29,53,630,100,4229,1,69,36
12-04-20,Perry,525,6,488,5,37,1,549,6,4717,4,5266,10,0,22,0,15,6,488,0,26,22
12-04-20,Pickett,411,7,279,1,132,6,342,0,2185,2,2527,2,0,14,-1,30,8,367,1,23,15
12-04-20,Polk,721,8,681,6,40,2,782,7,5615,27,6397,34,0,15,2,51,6,655,0,35,15
12-04-20,Putnam,6169,38,5382,24,787,14,6646,30,47897,162,54543,192,1,85,-40,310,77,5774,3,163,99
12-04-20,Rhea,1894,10,1793,10,101,0,2074,9,16703,52,18777,61,0,36,-29,157,39,1701,0,59,37
12-04-20,Roane,2600,18,2458,15,142,3,2782,16,29260,93,32042,109,2,33,-34,243,50,2324,0,78,38
12-04-20,Robertson,4149,81,3975,70,174,11,4613,90,28366,253,32979,343,1,57,24,313,56,3779,3,244,60
12-04-20,Rutherford,19364,278,18534,256,830,22,22017,286,144081,1128,166098,1414,4,173,7,1281,267,17910,1,403,189
12-04-20,Scott,1210,29,832,13,378,16,899,13,7888,36,8787,49,1,8,-14,137,42,1065,2,34,12
12-04-20,Sequatchie,594,13,578,13,16,0,634,13,8271,21,8905,34,0,5,2,58,11,531,0,18,6
12-04-20,Sevier,5347,39,5143,35,204,4,5737,46,41331,182,47068,228,3,38,-64,446,100,4863,2,161,52
12-04-20,Shelby,50605,727,49090,696,1515,31,60829,843,567984,3693,628813,4536,7,694,246,2951,474,46960,26,2617,814
12-04-20,Smith,1517,9,1343,6,174,3,1714,10,8698,51,10412,61,0,20,-19,66,28,1431,0,46,19
12-04-20,Stewart,638,5,548,2,90,3,639,4,4682,28,5321,32,1,18,-6,28,10,592,0,19,20
12-04-20,Sullivan,7220,159,6610,144,610,15,7124,135,52896,457,60020,592,3,114,41,680,115,6426,2,477,137
12-04-20,Sumner,10837,161,10594,153,243,8,12164,193,76709,558,88873,751,2,144,-74,995,233,9698,0,565,162
12-04-20,Tipton,3877,44,3196,28,681,16,3916,38,32009,120,35925,158,0,39,-26,216,70,3622,0,116,48
12-04-20,Trousdale,1928,1,1898,1,30,0,2018,2,6718,42,8736,44,0,12,-2,18,3,1898,0,33,12
12-04-20,Unicoi,977,16,855,13,122,3,957,17,9300,18,10257,35,2,28,-1,111,15,838,0,51,29
12-04-20,Union,784,9,710,9,74,0,798,10,7138,26,7936,36,0,5,-4,59,13,720,0,30,5
12-04-20,Van Buren,403,8,365,6,38,2,414,6,3661,40,4075,46,1,3,-4,34,11,366,0,11,4
12-04-20,Warren,2523,27,2274,19,249,8,2631,21,21364,76,23995,97,0,19,-19,170,46,2334,1,44,24
12-04-20,Washington,6688,107,6209,80,479,27,6905,99,51843,339,58748,438,2,118,23,706,82,5864,1,255,126
12-04-20,Wayne,2010,15,1864,9,146,6,2035,9,8388,16,10423,25,1,11,0,54,14,1945,0,31,13
12-04-20,Weakley,2285,22,1959,6,326,16,2252,10,15561,36,17813,46,0,36,-4,136,26,2113,1,49,40
12-04-20,White,1921,21,1659,9,262,12,2123,10,16198,56,18321,66,0,19,-12,194,33,1708,0,79,26
12-04-20,Williamson,12384,154,11710,139,674,15,13276,145,115165,560,128441,705,1,87,-55,842,208,11455,2,198,98
12-04-20,Wilson,8215,120,7914,113,301,7,9169,131,62847,587,72016,718,4,88,-8,597,124,7530,2,206,96
12-03-20,Anderson,3256,42,3031,30,225,12,3425,32,41252,224,44677,256,1,31,-13,423,54,2802,1,95,40
12-03-20,Bedford,2980,20,2656,19,324,1,3133,21,20334,66,23467,87,0,34,-17,273,37,2673,0,79,41
12-03-20,Benton,887,13,816,10,71,3,885,10,6683,12,7568,22,2,16,5,115,6,756,0,27,22
12-03-20,Bledsoe,1225,10,1205,9,20,1,1281,9,10897,20,12178,29,0,5,-4,38,14,1182,0,26,5
12-03-20,Blount,6208,107,5798,96,410,11,6590,116,47034,202,53624,318,1,63,11,820,95,5325,2,202,70
12-03-20,Bradley,5750,78,5287,73,463,5,6147,78,38842,256,44989,334,0,37,13,633,65,5080,2,307,43
12-03-20,Campbell,1671,27,1307,11,364,16,1493,14,18632,75,20125,89,1,24,16,175,10,1472,0,76,26
12-03-20,Cannon,817,11,745,7,72,4,851,7,6189,39,7040,46,0,4,2,79,9,734,0,20,5
12-03-20,Carroll,1850,15,1463,10,387,5,1747,14,15203,56,16950,70,1,36,-3,171,17,1643,0,59,40
12-03-20,Carter,3023,33,2789,22,234,11,3065,28,24827,160,27892,188,5,61,-6,314,34,2648,0,173,69
12-03-20,Cheatham,1709,17,1583,14,126,3,1849,15,17187,68,19036,83,0,17,-7,129,24,1563,1,49,17
12-03-20,Chester,1061,6,839,6,222,0,1050,6,7605,10,8655,16,1,22,0,49,5,990,0,27,27
12-03-20,Claiborne,969,11,789,4,180,7,910,4,15076,155,15986,159,1,10,-15,170,25,789,0,37,14
12-03-20,Clay,579,5,428,2,151,3,500,2,4005,13,4505,15,1,19,4,45,0,515,0,19,22
12-03-20,Cocke,1740,38,1472,32,268,6,1643,28,13387,77,15030,105,0,30,14,160,24,1550,0,72,32
12-03-20,Coffee,3080,33,2463,21,617,12,3016,28,29919,113,32935,141,1,43,-2,303,34,2734,0,69,48
12-03-20,Crockett,1185,6,849,4,336,2,1017,3,5320,22,6337,25,0,28,0,38,6,1119,0,25,30
12-03-20,Cumberland,2734,15,2604,11,130,4,3087,14,34149,95,37236,109,0,37,-10,257,25,2440,0,104,47
12-03-20,Davidson,45084,469,44350,452,734,17,54705,526,588463,3392,643168,3918,4,429,28,2090,437,42565,12,1461,462
12-03-20,Decatur,979,4,781,1,198,3,968,1,8637,39,9605,40,0,13,-6,42,10,924,0,27,16
12-03-20,Dekalb,1263,17,1065,2,198,15,1271,2,12285,59,13556,61,1,24,8,121,8,1118,0,35,26
12-03-20,Dickson,3057,20,2492,18,565,2,3106,25,22771,132,25877,157,2,37,-32,215,50,2805,0,83,46
12-03-20,Dyer,3330,30,2585,8,745,22,2938,9,16633,41,19571,50,0,52,6,204,24,3074,0,88,57
12-03-20,Fayette,2378,19,2265,18,113,1,2847,17,23933,99,26780,116,1,40,-1,190,19,2148,0,99,42
12-03-20,Fentress,1276,8,1138,3,138,5,1352,5,7571,65,8923,70,3,24,-3,85,8,1167,0,46,26
12-03-20,Franklin,2262,17,2067,16,195,1,2482,22,22029,55,24511,77,0,38,-7,192,24,2032,0,73,41
12-03-20,Gibson,3395,40,2393,23,1002,17,3039,27,21340,78,24379,105,2,72,-5,292,43,3031,0,80,76
12-03-20,Giles,1598,19,1505,13,93,6,1721,19,15023,143,16744,162,0,49,2,153,17,1396,0,73,51
12-03-20,Grainger,1099,14,922,13,177,1,1063,13,9418,31,10481,44,1,18,-1,150,14,931,1,47,24
12-03-20,Greene,3373,31,3070,29,303,2,3445,31,27725,150,31170,181,1,74,1,309,29,2990,0,140,77
12-03-20,Grundy,827,13,759,12,68,1,902,11,4831,45,5733,56,0,14,5,38,8,775,0,44,14
12-03-20,Hamblen,3742,36,3262,26,480,10,3724,28,32614,65,36338,93,0,62,8,382,28,3298,0,165,76
12-03-20,Hamilton,18259,311,16995,278,1264,33,19357,304,204152,1535,223509,1839,5,162,63,1154,243,16943,7,644,214
12-03-20,Hancock,205,7,169,7,36,0,186,8,2664,12,2850,20,0,4,1,35,6,166,0,13,4
12-03-20,Hardeman,2298,10,2096,3,202,7,2500,2,18932,30,21432,32,0,38,4,81,6,2179,0,85,40
12-03-20,Hardin,1853,7,1452,6,401,1,1809,10,16923,62,18732,72,2,27,-4,112,9,1714,0,41,32
12-03-20,Hawkins,2139,28,1960,21,179,7,2155,27,18195,59,20350,86,0,35,2,211,26,1893,0,98,38
12-03-20,Haywood,1686,8,1526,5,160,3,1736,4,9855,24,11591,28,0,30,4,82,4,1574,0,58,31
12-03-20,Henderson,1960,13,1535,8,425,5,2084,6,12194,23,14278,29,0,34,8,160,5,1766,0,56,38
12-03-20,Henry,1628,16,1461,14,167,2,1697,16,13692,33,15389,49,2,21,-5,118,19,1489,0,55,27
12-03-20,Hickman,1264,18,1137,17,127,1,1351,11,10941,43,12292,54,0,19,0,94,18,1151,2,33,20
12-03-20,Houston,607,1,507,1,100,0,587,1,5342,92,5929,93,0,20,-2,17,3,570,0,33,21
12-03-20,Humphreys,765,4,585,2,180,2,706,2,8157,37,8863,39,0,8,-17,32,21,725,0,23,9
12-03-20,Jackson,721,3,565,0,156,3,688,0,3779,13,4467,13,0,10,0,53,3,658,0,26,16
12-03-20,Jefferson,2476,46,2059,33,417,13,2376,31,25292,80,27668,111,1,35,9,279,36,2162,1,116,43
12-03-20,Johnson,1478,5,1397,5,81,0,1492,6,10012,71,11504,77,0,23,-1,65,6,1390,0,45,26
12-03-20,Knox,20727,442,19623,426,1104,16,21717,443,204869,1205,226586,1648,2,159,182,1927,258,18641,10,674,193
12-03-20,Lake,1203,13,1121,5,82,8,1353,8,7790,43,9143,51,0,6,5,41,8,1156,0,14,10
12-03-20,Lauderdale,2131,24,1775,14,356,10,2044,17,15688,78,17732,95,0,23,16,112,8,1996,1,68,22
12-03-20,Lawrence,2930,25,2593,17,337,8,2865,18,18688,41,21553,59,1,37,-9,305,33,2588,0,94,43
12-03-20,Lewis,842,18,787,7,55,11,836,9,7427,35,8263,44,1,16,11,90,6,736,0,30,16
12-03-20,Lincoln,1833,32,1560,27,273,5,1788,33,11837,55,13625,88,2,20,10,253,20,1560,1,51,24
12-03-20,Loudon,2461,43,2360,39,101,4,2609,41,21536,100,24145,141,0,20,22,211,21,2230,1,67,22
12-03-20,Macon,1926,24,1737,6,189,18,2105,3,11051,34,13156,37,0,29,11,122,13,1775,0,98,33
12-03-20,Madison,5623,59,3637,36,1986,23,4735,36,39318,134,44053,170,3,114,-15,111,71,5398,3,252,138
12-03-20,Marion,1216,28,1156,27,60,1,1346,31,10828,92,12174,123,0,19,14,110,14,1087,0,72,23
12-03-20,Marshall,1884,23,1832,23,52,0,2083,24,15535,120,17618,144,0,22,4,143,19,1719,1,47,23
12-03-20,Maury,6406,66,6209,54,197,12,6876,45,47233,143,54109,188,2,72,-7,581,71,5753,1,188,81
12-03-20,McMinn,2841,54,2696,50,145,4,3038,53,26786,104,29824,157,0,56,10,354,44,2431,3,100,58
12-03-20,McNairy,1434,7,1135,5,299,2,1505,2,11381,50,12886,52,1,34,0,34,6,1366,0,49,35
12-03-20,Meigs,537,9,518,9,19,0,600,10,4824,11,5424,21,0,12,0,48,9,477,0,25,13
12-03-20,Monroe,2346,20,2222,20,124,0,2526,24,17387,59,19913,83,1,46,-13,281,32,2019,0,107,48
12-03-20,Montgomery,7214,92,6279,77,935,15,7071,76,66961,496,74032,572,1,86,19,453,72,6675,1,191,101
12-03-20,Moore,430,14,360,13,70,1,422,12,3380,7,3802,19,0,2,7,44,7,384,0,7,3
12-03-20,Morgan,814,15,729,14,85,1,801,15,10983,28,11784,43,0,6,0,114,15,694,0,14,8
12-03-20,Obion,2796,22,2245,19,551,3,2555,19,15145,65,17700,84,2,53,-4,238,24,2505,0,77,61
12-03-20,Out of State,6608,268,5820,201,788,67,6470,284,423258,2793,429728,3077,-1,54,148,1162,121,5392,1,126,38
12-03-20,Overton,1577,5,1314,4,263,1,1594,4,10447,31,12041,35,1,36,-7,51,11,1490,0,51,39
12-03-20,Pending,4731,158,3864,131,867,27,4363,147,267447,1035,271810,1182,1,25,66,577,91,4129,2,68,33
12-03-20,Perry,519,6,483,6,36,0,543,6,4713,7,5256,13,0,22,2,15,4,482,0,26,22
12-03-20,Pickett,404,8,278,2,126,6,342,2,2183,41,2525,43,0,14,2,31,6,359,0,22,14
12-03-20,Polk,713,6,675,6,38,0,775,4,5588,33,6363,37,0,15,-2,49,8,649,0,35,15
12-03-20,Putnam,6131,26,5358,8,773,18,6616,10,47735,146,54351,156,1,84,-2,350,27,5697,0,160,98
12-03-20,Rhea,1884,10,1783,10,101,0,2065,12,16651,78,18716,90,3,36,-11,186,18,1662,0,59,37
12-03-20,Roane,2582,37,2443,32,139,5,2766,36,29167,124,31933,160,0,31,10,277,27,2274,0,78,38
12-03-20,Robertson,4068,45,3905,38,163,7,4523,41,28113,106,32636,147,3,56,-1,289,43,3723,1,241,60
12-03-20,Rutherford,19086,244,18278,226,808,18,21731,243,142953,942,164684,1185,5,169,57,1274,182,17643,1,402,187
12-03-20,Scott,1181,7,819,6,362,1,886,10,7852,23,8738,33,0,7,-35,151,42,1023,0,32,12
12-03-20,Sequatchie,581,12,565,12,16,0,621,12,8250,47,8871,59,0,5,6,56,6,520,0,18,6
12-03-20,Sevier,5308,42,5108,41,200,1,5691,52,41149,161,46840,213,2,35,-31,510,71,4763,1,159,51
12-03-20,Shelby,49878,385,48394,337,1484,48,59986,409,564291,2129,624277,2538,6,687,-74,2705,453,46486,6,2591,802
12-03-20,Smith,1508,13,1337,5,171,8,1704,4,8647,15,10351,19,0,20,2,85,11,1403,1,46,19
12-03-20,Stewart,633,8,546,7,87,1,635,8,4654,40,5289,48,1,17,-5,34,12,582,0,19,20
12-03-20,Sullivan,7061,132,6466,95,595,37,6989,106,52439,308,59428,414,6,111,40,639,86,6311,10,475,135
12-03-20,Sumner,10676,170,10441,148,235,22,11971,155,76151,503,88122,658,4,142,45,1069,121,9465,4,565,160
12-03-20,Tipton,3833,41,3168,11,665,30,3878,10,31889,98,35767,108,0,39,9,242,32,3552,0,116,48
12-03-20,Trousdale,1927,2,1897,2,30,0,2016,2,6676,24,8692,26,0,12,-3,20,5,1895,0,33,12
12-03-20,Unicoi,961,10,842,10,119,0,940,11,9282,36,10222,47,0,26,-7,112,17,823,0,51,29
12-03-20,Union,775,7,701,6,74,1,788,5,7112,28,7900,33,0,5,4,63,3,707,0,30,5
12-03-20,Van Buren,395,2,359,2,36,0,408,2,3621,7,4029,9,0,2,-1,38,3,355,0,11,3
12-03-20,Warren,2496,14,2255,10,241,4,2610,12,21288,54,23898,66,-1,19,0,189,15,2288,1,43,23
12-03-20,Washington,6581,103,6129,72,452,31,6806,90,51504,294,58310,384,2,116,33,683,68,5782,0,254,122
12-03-20,Wayne,1995,8,1855,6,140,2,2026,5,8372,28,10398,33,0,10,-4,54,12,1931,0,31,13
12-03-20,Weakley,2263,16,1953,13,310,3,2242,13,15525,34,17767,47,0,36,3,140,13,2087,1,48,39
12-03-20,White,1900,18,1650,5,250,13,2113,6,16142,26,18255,32,0,19,1,206,17,1675,0,79,26
12-03-20,Williamson,12230,159,11571,140,659,19,13131,144,114605,610,127736,754,3,86,11,897,145,11247,0,196,98
12-03-20,Wilson,8095,127,7801,114,294,13,9038,118,62260,289,71298,407,1,84,9,605,117,7406,1,204,95
12-02-20,Anderson,3214,15,3001,14,213,1,3393,14,41028,108,44421,122,0,30,-40,436,55,2748,0,94,39
12-02-20,Bedford,2960,17,2637,14,323,3,3112,16,20268,20,23380,36,2,34,-40,290,55,2636,0,79,39
12-02-20,Benton,874,8,806,4,68,4,875,0,6671,8,7546,8,0,14,-3,110,11,750,1,27,21
12-02-20,Bledsoe,1215,3,1196,3,19,0,1272,2,10877,26,12149,28,0,5,-9,42,12,1168,0,26,5
12-02-20,Blount,6101,110,5702,90,399,20,6474,90,46832,216,53306,306,0,62,19,809,91,5230,4,200,69
12-02-20,Bradley,5672,40,5214,27,458,13,6069,30,38586,41,44655,71,0,37,-51,620,91,5015,2,305,43
12-02-20,Campbell,1644,15,1296,7,348,8,1479,7,18557,9,20036,16,0,23,-9,159,24,1462,0,76,26
12-02-20,Cannon,806,1,738,0,68,1,844,0,6150,10,6994,10,0,4,-16,77,17,725,0,20,5
12-02-20,Carroll,1835,22,1453,18,382,4,1733,14,15147,27,16880,41,0,35,-6,174,28,1626,0,59,40
12-02-20,Carter,2990,24,2767,22,223,2,3037,19,24667,16,27704,35,-2,56,-9,320,35,2614,0,173,68
12-02-20,Cheatham,1692,3,1569,3,123,0,1834,3,17119,25,18953,28,0,17,-23,136,26,1539,0,48,17
12-02-20,Chester,1055,8,833,7,222,1,1044,4,7595,23,8639,27,0,21,-6,49,14,985,0,27,27
12-02-20,Claiborne,958,16,785,10,173,6,906,13,14921,48,15827,61,0,9,-1,185,17,764,0,37,14
12-02-20,Clay,574,0,426,0,148,0,498,0,3992,3,4490,3,0,18,-8,41,8,515,0,19,22
12-02-20,Cocke,1702,10,1440,7,262,3,1615,6,13310,21,14925,27,0,30,-4,146,14,1526,0,72,32
12-02-20,Coffee,3047,28,2442,23,605,5,2988,14,29806,79,32794,93,0,42,-19,305,47,2700,0,69,48
12-02-20,Crockett,1179,4,845,2,334,2,1014,2,5298,4,6312,6,1,28,-7,38,10,1113,0,25,30
12-02-20,Cumberland,2719,8,2593,7,126,1,3073,7,34054,20,37127,27,0,37,-24,267,32,2415,0,104,45
12-02-20,Davidson,44615,298,43898,278,717,20,54179,330,585071,1717,639250,2047,2,425,-234,2062,530,42128,4,1449,455
12-02-20,Decatur,975,4,780,4,195,0,967,3,8598,5,9565,8,0,13,1,48,3,914,0,27,16
12-02-20,Dekalb,1246,3,1063,1,183,2,1269,1,12226,27,13495,28,1,23,-24,113,26,1110,0,35,26
12-02-20,Dickson,3037,5,2474,5,563,0,3081,5,22639,24,25720,29,0,35,-52,247,57,2755,0,83,46
12-02-20,Dyer,3300,13,2577,12,723,1,2929,9,16592,8,19521,17,0,52,-23,198,36,3050,0,88,56
12-02-20,Fayette,2359,9,2247,8,112,1,2830,9,23834,92,26664,101,0,39,-19,191,28,2129,0,99,42
12-02-20,Fentress,1268,4,1135,3,133,1,1347,3,7506,11,8853,14,1,21,-5,88,8,1159,0,46,26
12-02-20,Franklin,2245,12,2051,9,194,3,2460,13,21974,41,24434,54,2,38,-20,199,30,2008,0,73,40
12-02-20,Gibson,3355,28,2370,25,985,3,3012,26,21262,101,24274,127,2,70,-23,297,49,2988,0,80,76
12-02-20,Giles,1579,22,1492,21,87,1,1702,13,14880,70,16582,83,0,49,2,151,20,1379,0,73,51
12-02-20,Grainger,1085,4,909,2,176,2,1050,2,9387,9,10437,11,0,17,-29,151,33,917,0,46,24
12-02-20,Greene,3342,24,3041,22,301,2,3414,16,27575,153,30989,169,0,73,-28,308,52,2961,2,140,77
12-02-20,Grundy,814,1,747,1,67,0,891,2,4786,18,5677,20,0,14,-10,33,11,767,0,44,14
12-02-20,Hamblen,3706,32,3236,11,470,21,3696,8,32549,20,36245,28,1,62,-22,374,53,3270,2,165,76
12-02-20,Hamilton,17948,221,16717,214,1231,7,19053,207,202617,828,221670,1035,3,157,-26,1091,244,16700,3,637,211
12-02-20,Hancock,198,4,162,3,36,1,178,2,2652,18,2830,20,0,4,-3,34,7,160,0,13,4
12-02-20,Hardeman,2288,2,2093,2,195,0,2498,1,18902,64,21400,65,0,38,-11,77,13,2173,0,85,40
12-02-20,Hardin,1846,9,1446,8,400,1,1799,10,16861,25,18660,35,0,25,-3,116,12,1705,0,41,32
12-02-20,Hawkins,2111,28,1939,26,172,2,2128,24,18136,124,20264,148,0,35,-7,209,35,1867,1,98,38
12-02-20,Haywood,1678,2,1521,1,157,1,1732,1,9831,5,11563,6,0,30,-8,78,10,1570,0,58,31
12-02-20,Henderson,1947,12,1527,9,420,3,2078,6,12171,21,14249,27,0,34,-3,152,15,1761,0,56,38
12-02-20,Henry,1612,2,1447,2,165,0,1681,1,13659,6,15340,7,1,19,-26,123,27,1470,0,55,25
12-02-20,Hickman,1246,11,1120,11,126,0,1340,8,10898,22,12238,30,0,19,-6,94,17,1133,0,31,20
12-02-20,Houston,606,2,506,1,100,1,586,1,5250,98,5836,99,0,20,-2,19,4,567,0,33,21
12-02-20,Humphreys,761,5,583,1,178,4,704,1,8120,10,8824,11,0,8,-9,49,14,704,0,23,9
12-02-20,Jackson,718,4,565,2,153,2,688,2,3766,3,4454,5,0,10,1,53,3,655,0,26,16
12-02-20,Jefferson,2430,9,2026,4,404,5,2345,3,25212,15,27557,18,1,34,-28,270,36,2126,1,115,41
12-02-20,Johnson,1473,16,1392,16,81,0,1486,15,9941,42,11427,57,0,23,6,66,10,1384,0,45,26
12-02-20,Knox,20285,192,19197,170,1088,22,21274,185,203664,601,224938,786,2,157,-151,1745,341,18383,7,664,191
12-02-20,Lake,1190,3,1116,3,74,0,1345,3,7747,3,9092,6,0,6,0,36,3,1148,0,14,10
12-02-20,Lauderdale,2107,6,1761,5,346,1,2027,6,15610,15,17637,21,-1,23,-13,96,20,1988,0,67,22
12-02-20,Lawrence,2905,36,2576,35,329,1,2847,24,18647,136,21494,160,2,36,-4,314,38,2555,0,94,42
12-02-20,Lewis,824,13,780,13,44,0,827,12,7392,16,8219,28,1,15,3,79,9,730,0,30,16
12-02-20,Lincoln,1801,58,1533,47,268,11,1755,49,11782,58,13537,107,0,18,27,243,31,1540,0,50,24
12-02-20,Loudon,2418,12,2321,10,97,2,2568,10,21436,131,24004,141,0,20,-22,189,34,2209,0,66,22
12-02-20,Macon,1902,22,1731,3,171,19,2102,2,11017,9,13119,11,0,29,2,111,20,1762,2,98,32
12-02-20,Madison,5564,24,3601,22,1963,2,4699,22,39184,93,43883,115,0,111,-38,126,62,5327,1,249,138
12-02-20,Marion,1188,10,1129,10,59,0,1315,13,10736,45,12051,58,0,19,-13,96,23,1073,0,72,23
12-02-20,Marshall,1861,27,1809,26,52,1,2059,24,15415,58,17474,82,0,22,-5,139,32,1700,0,46,23
12-02-20,Maury,6340,39,6155,33,185,6,6831,19,47090,64,53921,83,1,70,-35,588,73,5682,0,187,79
12-02-20,McMinn,2787,11,2646,11,141,0,2985,11,26682,65,29667,76,1,56,-32,344,42,2387,0,97,58
12-02-20,McNairy,1427,6,1130,6,297,0,1503,2,11331,34,12834,36,0,33,-1,34,7,1360,0,49,35
12-02-20,Meigs,528,4,509,4,19,0,590,4,4813,17,5403,21,-1,12,-3,48,8,468,0,25,13
12-02-20,Monroe,2326,28,2202,27,124,1,2502,23,17328,25,19830,48,1,45,-7,294,34,1987,1,107,48
12-02-20,Montgomery,7122,67,6202,41,920,26,6995,43,66465,248,73460,291,0,85,-53,434,120,6603,0,190,100
12-02-20,Moore,416,1,347,0,69,1,410,0,3373,14,3783,14,0,2,-7,37,8,377,0,7,3
12-02-20,Morgan,799,5,715,4,84,1,786,4,10955,10,11741,14,0,6,-12,114,17,679,0,14,8
12-02-20,Obion,2774,5,2226,4,548,1,2536,5,15080,16,17616,21,1,51,-39,242,43,2481,0,77,60
12-02-20,Out of State,6340,62,5619,53,721,9,6186,61,420465,891,426651,952,1,55,-58,1014,119,5271,2,125,36
12-02-20,Overton,1572,3,1310,1,262,2,1590,1,10416,14,12006,15,0,35,-13,58,16,1479,0,51,39
12-02-20,Pending,4573,38,3733,34,840,4,4216,38,266412,472,270628,510,2,24,-90,511,126,4038,1,66,33
12-02-20,Perry,513,5,477,4,36,1,537,5,4706,1,5243,6,1,22,1,13,3,478,0,26,22
12-02-20,Pickett,396,2,276,1,120,1,340,2,2142,4,2482,6,0,14,-3,29,5,353,0,22,14
12-02-20,Polk,707,4,669,4,38,0,771,3,5555,16,6326,19,0,15,-3,51,7,641,0,35,15
12-02-20,Putnam,6105,18,5350,11,755,7,6606,11,47589,69,54195,80,0,83,-23,352,41,5670,0,160,95
12-02-20,Rhea,1874,18,1773,10,101,8,2053,8,16573,13,18626,21,-1,33,-14,197,33,1644,0,59,37
12-02-20,Roane,2545,16,2411,14,134,2,2730,16,29043,57,31773,73,2,31,-25,267,39,2247,1,78,37
12-02-20,Robertson,4023,33,3867,32,156,1,4482,34,28007,57,32489,91,0,53,-47,290,80,3680,2,240,60
12-02-20,Rutherford,18842,83,18052,63,790,20,21488,78,142011,272,163499,350,0,164,-145,1217,228,17461,0,401,184
12-02-20,Scott,1174,0,813,0,361,0,876,3,7829,14,8705,17,0,7,-23,186,23,981,0,32,12
12-02-20,Sequatchie,569,6,553,5,16,1,609,6,8203,26,8812,32,0,5,-3,50,9,514,0,18,6
12-02-20,Sevier,5266,24,5067,23,199,1,5639,9,40988,29,46627,38,0,33,-46,541,70,4692,1,158,51
12-02-20,Shelby,49493,82,48057,59,1436,23,59577,102,562162,951,621739,1053,10,681,-405,2779,477,46033,4,2585,789
12-02-20,Smith,1495,2,1332,1,163,1,1700,1,8632,13,10332,14,0,20,-16,83,18,1392,0,45,19
12-02-20,Stewart,625,4,539,2,86,2,627,2,4614,14,5241,16,1,16,-12,39,15,570,0,19,20
12-02-20,Sullivan,6929,52,6371,51,558,1,6883,31,52131,62,59014,93,3,105,-56,599,105,6225,7,465,130
12-02-20,Sumner,10506,100,10293,92,213,8,11816,96,75648,236,87464,332,1,138,-71,1024,170,9344,8,561,155
12-02-20,Tipton,3792,15,3157,9,635,6,3868,15,31791,39,35659,54,0,39,-34,233,49,3520,0,116,48
12-02-20,Trousdale,1925,2,1895,1,30,1,2014,1,6652,15,8666,16,0,12,-1,23,3,1890,0,33,12
12-02-20,Unicoi,951,20,832,20,119,0,929,21,9246,22,10175,43,0,26,2,119,18,806,0,51,28
12-02-20,Union,768,7,695,6,73,1,783,8,7084,18,7867,26,0,5,1,59,6,704,1,30,5
12-02-20,Van Buren,393,1,357,1,36,0,406,1,3614,1,4020,2,0,2,-3,39,4,352,0,11,3
12-02-20,Warren,2482,8,2245,5,237,3,2598,5,21234,16,23832,21,0,20,-14,189,22,2273,0,42,23
12-02-20,Washington,6478,77,6057,66,421,11,6716,54,51210,73,57926,127,5,114,-34,650,106,5714,2,254,120
12-02-20,Wayne,1987,14,1849,13,138,1,2021,14,8344,38,10365,52,0,10,0,58,14,1919,0,31,13
12-02-20,Weakley,2247,14,1940,14,307,0,2229,9,15491,18,17720,27,0,36,-11,137,25,2074,0,47,38
12-02-20,White,1882,6,1645,3,237,3,2107,2,16116,27,18223,29,0,19,-10,205,16,1658,0,79,24
12-02-20,Williamson,12071,85,11431,70,640,15,12987,71,113995,193,126982,264,2,83,-51,886,134,11102,0,196,98
12-02-20,Wilson,7968,27,7687,19,281,8,8920,25,61971,87,70891,112,1,83,-85,596,111,7289,1,203,93
12-01-20,Anderson,3199,75,2987,66,212,9,3379,72,40920,431,44299,503,1,30,14,476,60,2693,5,94,38
12-01-20,Bedford,2943,60,2623,46,320,14,3096,47,20248,203,23344,250,0,32,18,330,42,2581,0,79,39
12-01-20,Benton,866,20,802,19,64,1,875,20,6663,37,7538,57,0,14,9,113,11,739,0,26,21
12-01-20,Bledsoe,1212,17,1193,16,19,1,1270,16,10851,77,12121,93,0,5,9,51,8,1156,0,26,5
12-01-20,Blount,5991,106,5612,90,379,16,6384,95,46616,461,53000,556,1,62,-29,790,134,5139,0,196,69
12-01-20,Bradley,5632,122,5187,101,445,21,6039,119,38545,354,44584,473,2,37,23,671,97,4924,6,303,42
12-01-20,Campbell,1629,12,1289,8,340,4,1472,9,18548,87,20020,96,0,23,-19,168,31,1438,1,76,26
12-01-20,Cannon,805,16,738,12,67,4,844,13,6140,33,6984,46,0,4,-5,93,21,708,0,20,5
12-01-20,Carroll,1813,39,1435,20,378,19,1719,22,15120,44,16839,66,1,35,10,180,28,1598,0,59,40
12-01-20,Carter,2966,77,2745,69,221,8,3018,74,24651,219,27669,293,1,58,38,329,38,2579,1,173,65
12-01-20,Cheatham,1689,33,1566,18,123,15,1831,19,17094,124,18925,143,0,17,5,159,28,1513,0,48,17
12-01-20,Chester,1047,9,826,7,221,2,1040,8,7572,50,8612,58,0,21,-1,55,10,971,0,27,27
12-01-20,Claiborne,942,41,775,32,167,9,893,32,14873,89,15766,121,0,9,32,186,9,747,2,37,12
12-01-20,Clay,574,12,426,5,148,7,498,5,3989,16,4487,21,0,18,9,49,3,507,0,19,22
12-01-20,Cocke,1692,29,1433,24,259,5,1609,21,13289,93,14898,114,0,30,15,150,14,1512,0,72,32
12-01-20,Coffee,3019,61,2419,51,600,10,2974,60,29727,254,32701,314,0,42,16,324,45,2653,0,69,48
12-01-20,Crockett,1175,10,843,6,332,4,1012,7,5294,30,6306,37,1,27,5,45,4,1103,0,25,30
12-01-20,Cumberland,2711,47,2586,47,125,0,3066,48,34034,241,37100,289,1,37,1,291,45,2383,0,104,45
12-01-20,Davidson,44317,582,43620,543,697,39,53849,647,583354,4461,637203,5108,2,423,3,2296,577,41598,7,1445,449
12-01-20,Decatur,971,8,776,7,195,1,964,8,8593,123,9557,131,1,13,-2,47,9,911,0,27,16
12-01-20,Dekalb,1243,29,1062,25,181,4,1268,28,12199,89,13467,117,0,22,4,137,25,1084,0,35,26
12-01-20,Dickson,3032,31,2469,19,563,12,3076,23,22615,59,25691,82,1,35,-25,299,55,2698,0,83,46
12-01-20,Dyer,3287,23,2565,12,722,11,2920,16,16584,55,19504,71,1,52,-4,221,26,3014,0,88,56
12-01-20,Fayette,2350,39,2239,34,111,5,2821,45,23742,106,26563,151,0,39,16,210,23,2101,1,99,42
12-01-20,Fentress,1264,11,1132,10,132,1,1344,10,7495,60,8839,70,0,20,-9,93,20,1151,0,46,26
12-01-20,Franklin,2233,28,2042,24,191,4,2447,34,21933,189,24380,223,1,36,-20,219,47,1978,0,73,40
12-01-20,Gibson,3327,42,2345,25,982,17,2986,26,21161,116,24147,142,3,68,-9,320,48,2939,0,80,75
12-01-20,Giles,1557,31,1471,30,86,1,1689,22,14810,91,16499,113,0,49,15,149,16,1359,3,73,51
12-01-20,Grainger,1081,21,907,16,174,5,1048,20,9378,97,10426,117,0,17,-4,180,25,884,1,46,23
12-01-20,Greene,3318,56,3019,48,299,8,3398,46,27422,221,30820,267,1,73,3,336,52,2909,1,138,77
12-01-20,Grundy,813,10,746,10,67,0,889,10,4768,25,5657,35,0,14,1,43,9,756,0,44,14
12-01-20,Hamblen,3674,63,3225,58,449,5,3688,62,32529,193,36217,255,0,61,14,396,49,3217,2,163,75
12-01-20,Hamilton,17727,327,16503,293,1224,34,18846,304,201789,1521,220635,1825,1,154,53,1117,273,16456,13,634,203
12-01-20,Hancock,194,8,159,4,35,4,176,4,2634,36,2810,40,1,4,1,37,6,153,0,13,4
12-01-20,Hardeman,2286,17,2091,15,195,2,2497,16,18838,53,21335,69,1,38,8,88,8,2160,0,85,40
12-01-20,Hardin,1837,26,1438,17,399,9,1789,11,16836,63,18625,74,0,25,14,119,12,1693,2,41,31
12-01-20,Hawkins,2083,38,1913,35,170,3,2104,34,18012,151,20116,185,1,35,10,216,27,1832,0,97,37
12-01-20,Haywood,1676,32,1520,28,156,4,1731,28,9826,89,11557,117,0,30,17,86,15,1560,0,58,31
12-01-20,Henderson,1935,36,1518,28,417,8,2072,35,12150,91,14222,126,0,34,5,155,31,1746,0,56,38
12-01-20,Henry,1610,31,1445,25,165,6,1680,26,13653,57,15333,83,-1,18,-16,149,48,1443,0,55,23
12-01-20,Hickman,1235,12,1109,12,126,0,1332,7,10876,43,12208,50,0,19,-5,100,17,1116,0,31,20
12-01-20,Houston,604,11,505,10,99,1,585,10,5152,16,5737,26,0,20,4,21,7,563,0,33,21
12-01-20,Humphreys,756,14,582,9,174,5,703,9,8110,40,8813,49,0,8,-3,58,17,690,0,23,8
12-01-20,Jackson,714,16,563,10,151,6,686,12,3763,24,4449,36,0,10,12,52,4,652,0,26,16
12-01-20,Jefferson,2421,41,2022,39,399,2,2342,41,25197,123,27539,164,0,33,3,298,38,2090,0,114,41
12-01-20,Johnson,1457,17,1376,16,81,1,1471,14,9899,75,11370,89,0,23,10,60,7,1374,0,45,26
12-01-20,Knox,20093,404,19027,381,1066,23,21089,411,203063,1816,224152,2227,5,155,87,1896,312,18042,8,657,186
12-01-20,Lake,1187,8,1113,4,74,4,1342,3,7744,14,9086,17,0,6,5,36,3,1145,0,14,8
12-01-20,Lauderdale,2101,20,1756,15,345,5,2021,15,15595,53,17616,68,1,24,4,109,15,1968,0,67,22
12-01-20,Lawrence,2869,44,2541,30,328,14,2823,29,18511,97,21334,126,0,34,18,318,26,2517,3,94,40
12-01-20,Lewis,811,23,767,23,44,0,815,11,7376,52,8191,63,0,14,15,76,8,721,5,30,16
12-01-20,Lincoln,1743,52,1486,27,257,25,1706,29,11724,101,13430,130,1,18,21,216,30,1509,0,50,24
12-01-20,Loudon,2406,37,2311,34,95,3,2558,30,21305,116,23863,146,1,20,-10,211,46,2175,0,66,22
12-01-20,Macon,1880,22,1728,16,152,6,2100,17,11008,52,13108,69,1,29,2,109,19,1742,0,96,32
12-01-20,Madison,5540,70,3579,30,1961,40,4677,33,39091,315,43768,348,0,111,-12,164,82,5265,2,248,138
12-01-20,Marion,1178,17,1119,17,59,0,1302,23,10691,65,11993,88,0,19,4,109,13,1050,1,72,23
12-01-20,Marshall,1834,29,1783,26,51,3,2035,26,15357,118,17392,144,0,22,3,144,26,1668,1,46,23
12-01-20,Maury,6301,121,6122,121,179,0,6812,104,47026,377,53838,481,2,69,38,623,81,5609,6,187,79
12-01-20,McMinn,2776,68,2635,60,141,8,2974,62,26617,188,29591,250,0,55,24,376,44,2345,0,97,58
12-01-20,McNairy,1421,10,1124,9,297,1,1501,12,11297,45,12798,57,0,33,-3,35,13,1353,0,49,35
12-01-20,Meigs,524,12,505,12,19,0,586,14,4796,57,5382,71,0,13,-4,51,16,460,0,25,13
12-01-20,Monroe,2298,58,2175,56,123,2,2479,64,17303,150,19782,214,0,44,37,301,21,1953,1,106,47
12-01-20,Montgomery,7055,124,6161,100,894,24,6952,104,66217,405,73169,509,0,85,0,487,124,6483,1,190,99
12-01-20,Moore,415,6,347,4,68,2,410,4,3359,34,3769,38,-1,2,3,44,4,369,0,7,3
12-01-20,Morgan,794,12,711,9,83,3,782,10,10945,58,11727,68,0,6,-15,126,27,662,0,14,8
12-01-20,Obion,2769,57,2222,36,547,21,2531,40,15064,132,17595,172,-1,50,10,281,48,2438,1,77,58
12-01-20,Out of State,6278,406,5566,378,712,28,6125,336,419574,2044,425699,2380,-2,54,178,1072,230,5152,0,123,36
12-01-20,Overton,1569,6,1309,6,260,0,1589,11,10402,44,11991,55,0,35,-3,71,9,1463,0,51,39
12-01-20,Pending,4535,165,3699,128,836,37,4178,130,265940,1696,270118,1826,0,22,23,601,142,3912,4,65,32
12-01-20,Perry,508,14,473,12,35,2,532,11,4705,22,5237,33,0,21,10,12,4,475,1,26,22
12-01-20,Pickett,394,2,275,2,119,0,338,3,2138,7,2476,10,1,14,-4,32,5,348,0,22,14
12-01-20,Polk,703,7,665,6,38,1,768,10,5539,46,6307,56,0,15,-6,54,13,634,0,35,15
12-01-20,Putnam,6087,78,5339,64,748,14,6595,74,47520,326,54115,400,1,83,29,375,48,5629,0,160,95
12-01-20,Rhea,1856,35,1763,30,93,5,2045,41,16560,133,18605,174,2,34,-10,211,43,1611,0,59,36
12-01-20,Roane,2529,58,2397,48,132,10,2714,56,28986,243,31700,299,0,29,25,292,33,2208,1,77,36
12-01-20,Robertson,3990,70,3835,65,155,5,4448,55,27950,215,32398,270,0,53,11,337,59,3600,0,238,59
12-01-20,Rutherford,18759,439,17989,280,770,159,21410,318,141739,1416,163149,1734,1,164,142,1362,296,17233,5,401,182
12-01-20,Scott,1174,53,813,28,361,25,873,20,7815,71,8688,91,0,7,25,209,28,958,1,32,10
12-01-20,Sequatchie,563,15,548,15,15,0,603,16,8177,91,8780,107,0,5,9,53,6,505,0,18,6
12-01-20,Sevier,5242,94,5044,92,198,2,5630,104,40959,327,46589,431,0,33,9,587,85,4622,1,157,48
12-01-20,Shelby,49411,609,47998,567,1413,42,59475,709,561211,4159,620686,4868,-2,671,144,3184,467,45556,10,2581,784
12-01-20,Smith,1493,10,1331,5,162,5,1699,8,8619,56,10318,64,0,20,-9,99,19,1374,0,45,19
12-01-20,Stewart,621,8,537,5,84,3,625,6,4600,21,5225,27,0,15,-3,51,11,555,0,19,20
12-01-20,Sullivan,6877,159,6320,153,557,6,6852,141,52069,565,58921,706,1,102,43,655,115,6120,2,458,128
12-01-20,Sumner,10406,219,10201,218,205,1,11720,226,75412,585,87132,811,0,137,17,1095,202,9174,7,553,155
12-01-20,Tipton,3777,67,3148,50,629,17,3853,59,31752,278,35605,337,0,39,0,267,67,3471,0,116,47
12-01-20,Trousdale,1923,6,1894,4,29,2,2013,3,6637,21,8650,24,0,12,3,24,3,1887,1,33,12
12-01-20,Unicoi,931,19,812,12,119,7,908,12,9224,95,10132,107,0,26,12,117,7,788,1,51,28
12-01-20,Union,761,20,689,18,72,2,775,19,7066,68,7841,87,0,5,11,58,9,698,0,29,5
12-01-20,Van Buren,392,5,356,5,36,0,405,7,3613,17,4018,24,0,2,-3,42,8,348,0,11,3
12-01-20,Warren,2474,51,2240,40,234,11,2593,43,21218,173,23811,216,0,20,14,203,37,2251,0,42,23
12-01-20,Washington,6401,119,5991,98,410,21,6662,95,51137,366,57799,461,1,109,23,684,95,5608,1,252,120
12-01-20,Wayne,1973,18,1836,10,137,8,2007,10,8306,70,10313,80,0,10,-29,58,47,1905,0,31,12
12-01-20,Weakley,2233,19,1926,18,307,1,2220,20,15473,71,17693,91,-1,36,4,148,16,2049,0,47,38
12-01-20,White,1876,43,1642,29,234,14,2105,29,16089,90,18194,119,1,19,24,215,18,1642,0,79,22
12-01-20,Williamson,11986,186,11361,162,625,24,12916,174,113802,935,126718,1109,1,81,-84,937,269,10968,1,196,96
12-01-20,Wilson,7941,122,7668,108,273,14,8895,124,61884,425,70779,549,2,82,-23,681,143,7178,0,202,92
11-30-20,Anderson,3124,75,2921,71,203,4,3307,77,40489,253,43796,330,0,29,3,462,72,2633,0,89,37
11-30-20,Bedford,2883,65,2577,46,306,19,3049,50,20045,199,23094,249,2,32,13,312,50,2539,2,79,39
11-30-20,Benton,846,24,783,23,63,1,855,26,6626,69,7481,95,0,14,-2,104,26,728,0,26,21
11-30-20,Bledsoe,1195,5,1177,4,18,1,1254,5,10774,121,12028,126,0,5,-6,42,11,1148,0,26,5
11-30-20,Blount,5885,158,5522,139,363,19,6289,143,46155,447,52444,590,0,61,31,819,127,5005,3,196,68
11-30-20,Bradley,5510,119,5086,103,424,16,5920,118,38191,392,44111,510,1,35,13,648,105,4827,2,297,42
11-30-20,Campbell,1617,50,1281,36,336,14,1463,39,18461,74,19924,113,0,23,14,187,36,1407,0,75,26
11-30-20,Cannon,789,11,726,10,63,1,831,10,6107,32,6938,42,1,4,-9,98,19,687,0,20,5
11-30-20,Carroll,1774,24,1415,19,359,5,1697,23,15076,86,16773,109,0,34,-23,170,47,1570,0,59,39
11-30-20,Carter,2889,32,2676,29,213,3,2944,34,24432,172,27376,206,2,57,-43,291,73,2541,1,172,63
11-30-20,Cheatham,1656,22,1548,22,108,0,1812,24,16970,94,18782,118,0,17,-19,154,41,1485,0,48,17
11-30-20,Chester,1038,7,819,7,219,0,1032,9,7522,53,8554,62,0,21,-17,56,24,961,0,27,26
11-30-20,Claiborne,901,32,743,19,158,13,861,23,14784,139,15645,162,0,9,3,154,29,738,0,35,12
11-30-20,Clay,562,2,421,2,141,0,493,2,3973,13,4466,15,0,18,-11,40,13,504,0,19,22
11-30-20,Cocke,1663,26,1409,17,254,9,1588,20,13196,117,14784,137,0,30,6,135,20,1498,0,72,32
11-30-20,Coffee,2958,75,2368,36,590,39,2914,41,29473,280,32387,321,1,42,16,308,58,2608,0,69,48
11-30-20,Crockett,1165,6,837,5,328,1,1005,6,5264,24,6269,30,0,26,-7,40,13,1099,0,25,30
11-30-20,Cumberland,2664,17,2539,11,125,6,3018,11,33793,60,36811,71,0,36,-47,290,64,2338,0,104,45
11-30-20,Davidson,43735,540,43077,527,658,13,53202,621,578893,5599,632095,6220,1,421,-120,2293,659,41021,7,1438,444
11-30-20,Decatur,963,5,769,5,194,0,956,5,8470,56,9426,61,0,12,-32,49,37,902,0,27,16
11-30-20,Dekalb,1214,10,1037,8,177,2,1240,9,12110,116,13350,125,0,22,-18,133,28,1059,0,35,26
11-30-20,Dickson,3001,45,2450,40,551,5,3053,43,22556,212,25609,255,0,34,-16,324,61,2643,2,83,46
11-30-20,Dyer,3264,30,2553,27,711,3,2904,30,16529,99,19433,129,0,51,-15,225,45,2988,1,88,56
11-30-20,Fayette,2311,23,2205,22,106,1,2776,28,23636,137,26412,165,1,39,-9,194,31,2078,0,98,42
11-30-20,Fentress,1253,6,1122,4,131,2,1334,6,7435,93,8769,99,0,20,-9,102,15,1131,0,46,26
11-30-20,Franklin,2205,47,2018,41,187,6,2413,44,21744,184,24157,228,1,35,-9,239,55,1931,0,73,40
11-30-20,Gibson,3285,49,2320,41,965,8,2960,41,21045,157,24005,198,0,65,-11,329,60,2891,0,80,75
11-30-20,Giles,1526,38,1441,37,85,1,1667,29,14719,119,16386,148,0,49,6,134,32,1343,1,70,51
11-30-20,Grainger,1060,24,891,21,169,3,1028,21,9281,79,10309,100,-1,17,-1,184,26,859,1,45,23
11-30-20,Greene,3262,60,2971,55,291,5,3352,64,27201,227,30553,291,0,72,6,333,54,2857,2,137,77
11-30-20,Grundy,803,9,736,8,67,1,879,11,4743,83,5622,94,0,14,-7,42,16,747,0,44,14
11-30-20,Hamblen,3611,38,3167,27,444,11,3626,30,32336,134,35962,164,0,61,-46,382,84,3168,1,161,75
11-30-20,Hamilton,17400,429,16210,394,1190,35,18542,427,200268,2651,218810,3078,1,153,135,1064,293,16183,7,621,199
11-30-20,Hancock,186,6,155,2,31,4,172,2,2598,29,2770,31,0,3,2,36,4,147,1,13,4
11-30-20,Hardeman,2269,12,2076,8,193,4,2481,10,18785,67,21266,77,0,37,-7,80,19,2152,0,85,40
11-30-20,Hardin,1811,20,1421,10,390,10,1778,15,16773,147,18551,162,0,25,-11,105,31,1681,0,39,30
11-30-20,Hawkins,2045,38,1878,35,167,3,2070,34,17861,245,19931,279,0,34,-21,206,59,1805,1,97,36
11-30-20,Haywood,1644,6,1492,6,152,0,1703,5,9737,17,11440,22,0,30,-24,69,30,1545,0,58,31
11-30-20,Henderson,1899,31,1490,30,409,1,2037,29,12059,89,14096,118,0,34,0,150,31,1715,0,56,38
11-30-20,Henry,1579,21,1420,18,159,3,1654,22,13596,144,15250,166,0,19,-20,165,41,1395,0,55,23
11-30-20,Hickman,1223,23,1097,23,126,0,1325,22,10833,93,12158,115,0,19,-2,105,25,1099,0,31,20
11-30-20,Houston,593,2,495,2,98,0,575,2,5136,57,5711,59,0,20,-13,17,15,556,0,33,21
11-30-20,Humphreys,742,10,573,10,169,0,694,11,8070,90,8764,101,0,8,-4,61,14,673,0,23,8
11-30-20,Jackson,698,12,553,6,145,6,674,7,3739,34,4413,41,0,10,-3,40,15,648,0,26,16
11-30-20,Jefferson,2380,46,1983,24,397,22,2301,31,25074,89,27375,120,0,33,-5,295,51,2052,1,114,39
11-30-20,Johnson,1440,14,1360,14,80,0,1457,21,9824,100,11281,121,2,23,1,50,11,1367,0,45,26
11-30-20,Knox,19689,391,18646,376,1043,15,20678,431,201247,1808,221925,2239,1,150,28,1809,362,17730,3,649,183
11-30-20,Lake,1179,4,1109,4,70,0,1339,4,7730,72,9069,76,0,6,-11,31,15,1142,0,14,8
11-30-20,Lauderdale,2081,25,1741,24,340,1,2006,24,15542,49,17548,73,0,23,-4,105,29,1953,0,67,22
11-30-20,Lawrence,2825,116,2511,98,314,18,2794,98,18414,260,21208,358,0,34,50,300,66,2491,0,91,40
11-30-20,Lewis,788,17,744,14,44,3,804,13,7324,78,8128,91,0,14,3,61,14,713,0,25,16
11-30-20,Lincoln,1691,73,1459,67,232,6,1677,66,11623,181,13300,247,1,17,29,195,43,1479,3,50,24
11-30-20,Loudon,2369,39,2277,38,92,1,2528,37,21189,128,23717,165,0,19,2,221,37,2129,0,66,22
11-30-20,Macon,1858,2,1712,2,146,0,2083,2,10956,71,13039,73,0,28,-23,107,25,1723,0,96,32
11-30-20,Madison,5470,76,3549,63,1921,13,4644,58,38776,257,43420,315,1,111,-17,176,92,5183,0,246,138
11-30-20,Marion,1161,46,1102,38,59,8,1279,23,10626,197,11905,220,0,19,23,105,23,1037,0,71,21
11-30-20,Marshall,1805,34,1757,34,48,0,2009,34,15239,146,17248,180,2,22,-1,141,33,1642,1,45,23
11-30-20,Maury,6180,186,6001,177,179,9,6708,193,46649,792,53357,985,0,67,81,585,105,5528,3,181,79
11-30-20,McMinn,2708,57,2575,57,133,0,2912,57,26429,193,29341,250,0,55,-6,352,63,2301,3,97,58
11-30-20,McNairy,1411,10,1115,8,296,2,1489,13,11252,112,12741,125,0,33,-3,38,13,1340,0,49,35
11-30-20,Meigs,512,4,493,3,19,1,572,6,4739,30,5311,36,0,13,-7,55,11,444,0,25,13
11-30-20,Monroe,2240,54,2119,53,121,1,2415,57,17153,153,19568,210,0,44,4,264,50,1932,1,105,47
11-30-20,Montgomery,6931,139,6061,130,870,9,6848,136,65812,791,72660,927,2,85,-30,487,167,6359,2,189,96
11-30-20,Moore,409,13,343,7,66,6,406,9,3325,14,3731,23,0,3,5,41,8,365,0,7,3
11-30-20,Morgan,782,29,702,20,80,9,772,23,10887,70,11659,93,0,6,-7,141,36,635,0,14,8
11-30-20,Obion,2712,19,2186,18,526,1,2491,18,14932,57,17423,75,0,51,-42,271,61,2390,0,76,56
11-30-20,Out of State,5872,216,5188,201,684,15,5789,207,417530,2669,423319,2876,2,56,-22,894,236,4922,0,123,36
11-30-20,Overton,1563,3,1303,2,260,1,1578,2,10358,67,11936,69,0,35,-21,74,24,1454,0,51,38
11-30-20,Pending,4370,107,3571,97,799,10,4048,114,264244,1637,268292,1751,0,22,-80,578,187,3770,2,61,30
11-30-20,Perry,494,8,461,8,33,0,521,8,4683,14,5204,22,0,21,-9,2,17,471,0,25,22
11-30-20,Pickett,392,3,273,2,119,1,335,2,2131,48,2466,50,0,13,-6,36,9,343,1,22,14
11-30-20,Polk,696,13,659,13,37,0,758,16,5493,45,6251,61,0,15,0,60,13,621,0,35,15
11-30-20,Putnam,6009,39,5275,25,734,14,6521,29,47194,400,53715,429,0,82,-63,346,102,5581,0,160,95
11-30-20,Rhea,1821,40,1733,38,88,2,2004,40,16427,125,18431,165,1,32,1,221,38,1568,0,59,36
11-30-20,Roane,2471,56,2349,54,122,2,2658,54,28743,266,31401,320,0,29,1,267,55,2175,0,76,32
11-30-20,Robertson,3920,72,3770,71,150,1,4393,76,27735,314,32128,390,0,53,1,326,71,3541,0,238,59
11-30-20,Rutherford,18320,269,17709,247,611,22,21092,274,140323,1487,161415,1761,2,163,-72,1220,339,16937,0,396,180
11-30-20,Scott,1121,12,785,9,336,3,853,10,7744,55,8597,65,0,7,-44,184,56,930,0,31,9
11-30-20,Sequatchie,548,14,533,12,15,2,587,13,8086,82,8673,95,0,5,4,44,10,499,0,18,6
11-30-20,Sevier,5148,82,4952,76,196,6,5526,95,40632,333,46158,428,2,33,-48,578,128,4537,0,156,48
11-30-20,Shelby,48802,459,47431,444,1371,15,58766,549,557052,3883,615818,4432,13,673,-156,3040,602,45089,12,2571,772
11-30-20,Smith,1483,16,1326,14,157,2,1691,15,8563,53,10254,68,1,20,-5,108,20,1355,0,45,19
11-30-20,Stewart,613,10,532,10,81,0,619,10,4579,57,5198,67,0,15,-6,54,16,544,0,19,19
11-30-20,Sullivan,6718,109,6167,101,551,8,6711,96,51504,192,58215,288,4,101,-74,612,179,6005,18,456,124
11-30-20,Sumner,10187,208,9983,197,204,11,11494,216,74827,785,86321,1001,0,137,-19,1078,227,8972,2,546,154
11-30-20,Tipton,3710,31,3098,25,612,6,3794,29,31474,140,35268,169,0,39,-79,267,110,3404,0,116,45
11-30-20,Trousdale,1917,3,1890,3,27,0,2010,4,6616,35,8626,39,0,12,-2,21,5,1884,0,32,12
11-30-20,Unicoi,912,34,800,30,112,4,896,31,9129,79,10025,110,0,26,9,105,25,781,0,50,27
11-30-20,Union,741,18,671,16,70,2,756,17,6998,58,7754,75,0,5,5,47,13,689,0,29,5
11-30-20,Van Buren,387,4,351,3,36,1,398,3,3596,95,3994,98,0,2,-14,45,18,340,0,11,3
11-30-20,Warren,2423,15,2200,9,223,6,2550,10,21045,94,23595,104,0,20,-40,189,55,2214,0,42,22
11-30-20,Washington,6282,103,5893,101,389,2,6567,107,50771,385,57338,492,2,108,-34,661,135,5513,3,251,118
11-30-20,Wayne,1955,16,1826,14,129,2,1997,12,8236,54,10233,66,0,10,-18,87,34,1858,0,31,12
11-30-20,Weakley,2214,35,1908,26,306,9,2200,29,15402,97,17602,126,0,37,-10,144,45,2033,0,47,38
11-30-20,White,1833,24,1613,12,220,12,2076,15,15999,125,18075,140,0,18,-4,191,28,1624,0,79,20
11-30-20,Williamson,11800,172,11199,161,601,11,12742,176,112867,1112,125609,1288,0,80,-66,1021,238,10699,1,195,95
11-30-20,Wilson,7819,139,7560,137,259,2,8771,148,61459,742,70230,890,2,80,-42,704,179,7035,1,202,90
11-29-20,Anderson,3049,95,2850,93,199,2,3230,108,40236,436,43466,544,0,29,69,459,26,2561,1,89,35
11-29-20,Bedford,2818,67,2531,57,287,10,2999,62,19846,277,22845,339,0,30,44,299,23,2489,2,77,36
11-29-20,Benton,822,12,760,12,62,0,829,9,6557,22,7386,31,0,14,8,106,4,702,0,26,20
11-29-20,Bledsoe,1190,17,1173,16,17,1,1249,17,10653,53,11902,70,0,5,16,48,1,1137,0,26,5
11-29-20,Blount,5727,127,5383,68,344,59,6146,75,45708,481,51854,556,1,61,71,788,55,4878,1,193,68
11-29-20,Bradley,5391,163,4983,155,408,8,5802,166,37799,480,43601,646,-1,34,123,635,41,4722,4,295,41
11-29-20,Campbell,1567,25,1245,22,322,3,1424,23,18387,200,19811,223,0,23,15,173,10,1371,0,75,25
11-29-20,Cannon,778,10,716,10,62,0,821,10,6075,36,6896,46,0,3,7,107,3,668,0,20,5
11-29-20,Carroll,1750,24,1396,15,354,9,1674,14,14990,67,16664,81,0,34,2,193,22,1523,0,59,38
11-29-20,Carter,2857,100,2647,94,210,6,2910,103,24260,278,27170,381,0,55,73,334,27,2468,4,171,63
11-29-20,Cheatham,1634,40,1526,38,108,2,1788,45,16876,206,18664,251,0,17,23,173,17,1444,0,48,17
11-29-20,Chester,1031,9,812,6,219,3,1023,7,7469,38,8492,45,1,21,5,73,3,937,0,27,26
11-29-20,Claiborne,869,27,724,19,145,8,838,19,14645,54,15483,73,0,9,21,151,6,709,0,35,9
11-29-20,Clay,560,4,419,4,141,0,491,5,3960,35,4451,40,0,18,2,51,2,491,0,19,22
11-29-20,Cocke,1637,25,1392,25,245,0,1568,28,13079,107,14647,135,0,30,21,129,4,1478,0,72,31
11-29-20,Coffee,2883,57,2332,53,551,4,2873,58,29193,306,32066,364,0,41,30,292,27,2550,1,69,48
11-29-20,Crockett,1159,7,832,4,327,3,999,7,5240,15,6239,22,0,26,-1,47,8,1086,0,25,30
11-29-20,Cumberland,2647,76,2528,75,119,1,3007,82,33733,473,36740,555,0,36,61,337,15,2274,2,104,45
11-29-20,Davidson,43195,391,42550,379,645,12,52581,466,573294,5282,625875,5748,0,420,132,2413,259,40362,4,1431,440
11-29-20,Decatur,958,4,764,4,194,0,951,5,8414,44,9365,49,-1,12,5,81,0,865,0,27,16
11-29-20,Dekalb,1204,29,1029,22,175,7,1231,21,11994,55,13225,76,0,22,21,151,8,1031,0,35,25
11-29-20,Dickson,2956,27,2410,27,546,0,3010,28,22344,180,25354,208,1,34,-12,340,38,2582,1,81,45
11-29-20,Dyer,3234,30,2526,27,708,3,2874,24,16430,84,19304,108,0,51,14,240,16,2943,0,87,56
11-29-20,Fayette,2288,33,2183,31,105,2,2748,35,23499,114,26247,149,0,38,20,203,13,2047,0,98,42
11-29-20,Fentress,1247,21,1118,21,129,0,1328,22,7342,71,8670,93,0,20,20,111,1,1116,0,46,26
11-29-20,Franklin,2158,50,1977,49,181,1,2369,58,21560,164,23929,222,0,34,31,248,19,1876,1,73,38
11-29-20,Gibson,3236,48,2279,35,957,13,2919,38,20888,96,23807,134,0,65,17,340,31,2831,0,80,74
11-29-20,Giles,1488,13,1404,13,84,0,1638,20,14600,128,16238,148,0,49,0,128,13,1311,0,69,51
11-29-20,Grainger,1036,31,870,29,166,2,1007,29,9202,121,10209,150,1,18,22,185,8,833,0,44,23
11-29-20,Greene,3202,111,2916,97,286,14,3288,99,26974,630,30262,729,0,72,76,327,35,2803,5,135,77
11-29-20,Grundy,794,3,728,2,66,1,868,4,4660,32,5528,36,0,14,-3,49,6,731,0,44,14
11-29-20,Hamblen,3573,101,3140,101,433,0,3596,114,32202,426,35798,540,1,61,79,428,21,3084,1,160,74
11-29-20,Hamilton,16971,218,15816,192,1155,26,18115,204,197617,1393,215732,1597,0,152,39,929,179,15890,7,614,187
11-29-20,Hancock,180,9,153,9,27,0,170,9,2569,32,2739,41,0,3,6,34,3,143,0,12,4
11-29-20,Hardeman,2257,14,2068,13,189,1,2471,14,18718,45,21189,59,0,37,7,87,7,2133,0,85,40
11-29-20,Hardin,1791,14,1411,13,380,1,1763,16,16626,59,18389,75,0,25,7,116,7,1650,0,39,30
11-29-20,Hawkins,2007,49,1843,46,164,3,2036,49,17616,304,19652,353,0,34,26,227,23,1746,0,96,36
11-29-20,Haywood,1638,19,1486,19,152,0,1698,20,9720,54,11418,74,0,30,14,93,5,1515,0,58,31
11-29-20,Henderson,1868,21,1460,13,408,8,2008,14,11970,64,13978,78,1,34,6,150,14,1684,0,56,38
11-29-20,Henry,1558,35,1402,32,156,3,1632,40,13452,64,15084,104,0,19,20,185,15,1354,0,55,23
11-29-20,Hickman,1200,14,1074,13,126,1,1303,17,10740,85,12043,102,0,19,8,107,6,1074,0,31,20
11-29-20,Houston,591,3,493,3,98,0,573,3,5079,26,5652,29,0,20,1,30,2,541,0,33,20
11-29-20,Humphreys,732,18,563,17,169,1,683,16,7980,46,8663,62,0,8,16,65,2,659,0,23,8
11-29-20,Jackson,686,6,547,4,139,2,667,6,3705,19,4372,25,0,10,3,43,3,633,0,26,15
11-29-20,Jefferson,2334,58,1959,58,375,0,2270,61,24985,248,27255,309,1,33,43,300,14,2001,1,113,39
11-29-20,Johnson,1426,17,1346,17,80,0,1436,18,9724,15,11160,33,0,21,16,49,1,1356,1,45,26
11-29-20,Knox,19298,228,18270,219,1028,9,20247,256,199439,1510,219686,1766,0,149,36,1781,192,17368,5,646,180
11-29-20,Lake,1175,0,1105,0,70,0,1335,0,7658,11,8993,11,0,6,0,42,0,1127,0,14,8
11-29-20,Lauderdale,2056,20,1717,17,339,3,1982,17,15493,89,17475,106,0,23,10,109,10,1924,1,67,22
11-29-20,Lawrence,2709,21,2413,19,296,2,2696,24,18154,103,20850,127,0,34,-3,250,24,2425,2,91,39
11-29-20,Lewis,771,4,730,3,41,1,791,5,7246,34,8037,39,0,14,1,58,3,699,0,25,15
11-29-20,Lincoln,1618,15,1392,14,226,1,1611,16,11442,61,13053,77,1,16,-9,166,23,1436,0,47,23
11-29-20,Loudon,2330,38,2239,37,91,1,2491,38,21061,164,23552,202,0,19,21,219,17,2092,0,66,22
11-29-20,Macon,1856,13,1710,12,146,1,2081,18,10885,59,12966,77,0,28,0,130,13,1698,0,96,32
11-29-20,Madison,5394,36,3486,16,1908,20,4586,17,38519,123,43105,140,0,110,-6,193,42,5091,1,246,136
11-29-20,Marion,1115,12,1064,12,51,0,1256,12,10429,55,11685,67,0,19,8,82,4,1014,0,71,21
11-29-20,Marshall,1771,22,1723,22,48,0,1975,28,15093,159,17068,187,0,20,6,142,16,1609,1,44,23
11-29-20,Maury,5994,130,5824,128,170,2,6515,153,45857,500,52372,653,0,67,52,504,78,5423,2,178,77
11-29-20,McMinn,2651,89,2518,89,133,0,2855,93,26236,287,29091,380,0,55,61,358,28,2238,0,94,58
11-29-20,McNairy,1401,6,1107,6,294,0,1476,7,11140,45,12616,52,0,33,3,41,3,1327,0,49,35
11-29-20,Meigs,508,11,490,11,18,0,566,11,4709,54,5275,65,0,13,6,62,5,433,0,25,13
11-29-20,Monroe,2186,28,2066,24,120,4,2358,26,17000,117,19358,143,0,44,16,260,12,1882,0,104,46
11-29-20,Montgomery,6792,160,5931,150,861,10,6712,167,65021,729,71733,896,0,83,89,517,71,6192,0,187,95
11-29-20,Moore,396,3,336,3,60,0,397,4,3311,28,3708,32,0,3,2,36,1,357,0,7,3
11-29-20,Morgan,753,14,682,14,71,0,749,15,10817,53,11566,68,0,6,12,148,2,599,0,14,8
11-29-20,Obion,2693,36,2168,28,525,8,2473,27,14875,72,17348,99,1,51,26,313,9,2329,0,76,56
11-29-20,Out of State,5656,134,4987,111,669,23,5582,110,414861,2356,420443,2466,2,54,30,916,102,4686,0,123,34
11-29-20,Overton,1560,10,1301,10,259,0,1576,11,10291,41,11867,52,0,35,1,95,9,1430,0,51,38
11-29-20,Pending,4263,79,3474,69,789,10,3934,77,262607,1379,266541,1456,0,22,11,658,68,3583,0,59,29
11-29-20,Perry,486,4,453,4,33,0,513,6,4669,21,5182,27,0,21,2,11,2,454,0,25,22
11-29-20,Pickett,389,3,271,1,118,2,333,1,2083,11,2416,12,0,13,2,42,1,334,0,21,13
11-29-20,Polk,683,8,646,8,37,0,742,10,5448,54,6190,64,0,15,7,60,1,608,0,35,15
11-29-20,Putnam,5970,55,5250,48,720,7,6492,58,46794,339,53286,397,0,82,33,409,22,5479,0,160,95
11-29-20,Rhea,1781,69,1695,68,86,1,1964,73,16302,287,18266,360,0,31,56,220,13,1530,0,59,36
11-29-20,Roane,2415,43,2295,43,120,0,2604,45,28477,182,31081,227,0,29,34,266,9,2120,1,76,32
11-29-20,Robertson,3848,74,3699,74,149,0,4317,84,27421,283,31738,367,0,53,37,325,37,3470,1,238,58
11-29-20,Rutherford,18051,219,17462,204,589,15,20818,238,138836,1261,159654,1499,0,161,48,1292,171,16598,0,396,178
11-29-20,Scott,1109,11,776,8,333,3,843,9,7689,62,8532,71,0,7,0,228,11,874,0,31,9
11-29-20,Sequatchie,534,7,521,7,13,0,574,6,8004,36,8578,42,0,5,2,40,5,489,0,18,6
11-29-20,Sevier,5066,199,4876,198,190,1,5431,209,40299,846,45730,1055,0,31,169,626,30,4409,0,156,48
11-29-20,Shelby,48343,417,46987,392,1356,25,58217,442,553169,2868,611386,3310,2,660,97,3196,318,44487,5,2559,765
11-29-20,Smith,1467,30,1312,29,155,1,1676,38,8510,92,10186,130,0,19,20,113,10,1335,0,45,19
11-29-20,Stewart,603,9,522,9,81,0,609,9,4522,42,5131,51,0,15,6,60,3,528,0,19,19
11-29-20,Sullivan,6609,136,6066,127,543,9,6615,139,51312,568,57927,707,1,97,5,686,130,5826,6,438,121
11-29-20,Sumner,9979,196,9786,194,193,2,11278,210,74042,690,85320,900,0,137,91,1097,105,8745,3,544,151
11-29-20,Tipton,3679,76,3073,60,606,16,3765,68,31334,263,35099,331,1,39,50,346,25,3294,0,116,44
11-29-20,Trousdale,1914,9,1887,9,27,0,2006,12,6581,23,8587,35,0,12,4,23,5,1879,0,32,12
11-29-20,Unicoi,878,17,770,16,108,1,865,19,9050,76,9915,95,0,26,10,96,7,756,1,50,27
11-29-20,Union,723,6,655,5,68,1,739,6,6940,24,7679,30,0,5,-1,42,7,676,0,29,5
11-29-20,Van Buren,383,8,348,8,35,0,395,9,3501,29,3896,38,0,2,2,59,6,322,0,11,3
11-29-20,Warren,2408,22,2191,21,217,1,2540,23,20951,123,23491,146,0,20,10,229,12,2159,0,42,22
11-29-20,Washington,6179,159,5792,150,387,9,6460,182,50386,695,56846,877,0,106,80,695,79,5378,4,248,116
11-29-20,Wayne,1939,9,1812,9,127,0,1985,11,8182,45,10167,56,0,10,3,105,6,1824,0,31,12
11-29-20,Weakley,2179,26,1882,21,297,5,2171,23,15305,49,17476,72,0,37,13,154,13,1988,1,47,38
11-29-20,White,1809,40,1601,35,208,5,2061,37,15874,90,17935,127,0,18,33,195,7,1596,0,79,19
11-29-20,Williamson,11628,132,11038,123,590,9,12566,147,111755,1053,124321,1200,0,80,24,1087,108,10461,0,194,91
11-29-20,Wilson,7680,177,7423,175,257,2,8623,190,60717,626,69340,816,0,78,79,746,98,6856,2,201,87
11-28-20,Anderson,2954,33,2757,27,197,6,3122,34,39800,142,42922,176,1,29,7,390,25,2535,2,88,35
11-28-20,Bedford,2751,34,2474,27,277,7,2937,37,19569,124,22506,161,0,30,3,255,31,2466,0,75,36
11-28-20,Benton,810,10,748,6,62,4,820,6,6535,25,7355,31,0,14,2,98,8,698,0,26,19
11-28-20,Bledsoe,1173,6,1157,6,16,0,1232,8,10600,104,11832,112,0,5,5,32,1,1136,0,26,5
11-28-20,Blount,5600,91,5315,78,285,13,6071,81,45227,213,51298,294,0,60,39,717,52,4823,1,192,67
11-28-20,Bradley,5228,85,4828,72,400,13,5636,70,37319,220,42955,290,0,35,26,512,59,4681,4,291,40
11-28-20,Campbell,1542,9,1223,5,319,4,1401,6,18187,39,19588,45,0,23,1,158,8,1361,1,75,25
11-28-20,Cannon,768,23,706,22,62,1,811,22,6039,50,6850,72,0,3,20,100,3,665,0,20,4
11-28-20,Carroll,1726,19,1381,8,345,11,1660,10,14923,34,16583,44,0,34,5,191,14,1501,0,59,37
11-28-20,Carter,2757,46,2553,41,204,5,2807,39,23982,179,26789,218,0,55,23,261,23,2441,2,167,62
11-28-20,Cheatham,1594,26,1488,25,106,1,1743,25,16670,89,18413,114,0,17,7,150,19,1427,0,48,17
11-28-20,Chester,1022,6,806,4,216,2,1016,4,7431,12,8447,16,0,20,-1,68,7,934,0,27,26
11-28-20,Claiborne,842,11,705,10,137,1,819,9,14591,35,15410,44,0,9,7,130,4,703,1,35,9
11-28-20,Clay,556,5,415,5,141,0,486,6,3925,23,4411,29,0,18,2,49,3,489,0,19,22
11-28-20,Cocke,1612,14,1367,6,245,8,1540,9,12972,47,14512,56,0,30,-2,108,16,1474,0,72,31
11-28-20,Coffee,2826,43,2279,25,547,18,2815,31,28887,171,31702,202,0,41,17,262,26,2523,1,68,48
11-28-20,Crockett,1152,11,828,10,324,1,992,14,5225,15,6217,29,0,26,7,48,4,1078,0,25,30
11-28-20,Cumberland,2571,54,2453,54,118,0,2925,58,33260,306,36185,364,0,36,38,276,16,2259,0,102,45
11-28-20,Davidson,42804,442,42171,427,633,15,52115,498,568012,3943,620127,4441,1,420,165,2281,276,40103,7,1427,439
11-28-20,Decatur,954,8,760,5,194,3,946,5,8370,11,9316,16,0,13,-2,76,10,865,0,27,15
11-28-20,Dekalb,1175,26,1007,22,168,4,1210,23,11939,115,13149,138,0,22,15,130,11,1023,0,35,25
11-28-20,Dickson,2929,66,2383,42,546,24,2982,56,22164,223,25146,279,0,33,28,352,38,2544,2,80,45
11-28-20,Dyer,3204,22,2499,8,705,14,2850,13,16346,38,19196,51,0,51,8,226,14,2927,0,87,56
11-28-20,Fayette,2255,36,2152,36,103,0,2713,43,23385,159,26098,202,0,38,30,183,6,2034,2,98,42
11-28-20,Fentress,1226,20,1097,20,129,0,1306,23,7271,53,8577,76,0,20,14,91,6,1115,1,46,26
11-28-20,Franklin,2108,39,1928,32,180,7,2311,33,21396,133,23707,166,0,34,19,217,20,1857,1,72,37
11-28-20,Gibson,3188,42,2244,22,944,20,2881,23,20792,107,23673,130,1,65,5,323,36,2800,3,80,73
11-28-20,Giles,1475,27,1391,23,84,4,1618,27,14472,79,16090,106,0,49,9,128,18,1298,1,69,51
11-28-20,Grainger,1005,7,841,6,164,1,978,6,9081,19,10059,25,1,17,-2,163,8,825,0,44,23
11-28-20,Greene,3091,68,2819,52,272,16,3189,60,26344,226,29533,286,0,72,14,251,54,2768,2,130,77
11-28-20,Grundy,791,11,726,7,65,4,864,9,4628,16,5492,25,0,14,7,52,4,725,0,44,14
11-28-20,Hamblen,3472,38,3039,30,433,8,3482,24,31776,77,35258,101,0,60,19,349,19,3063,1,159,73
11-28-20,Hamilton,16753,209,15624,179,1129,30,17911,199,196224,1208,214135,1407,0,152,17,890,192,15711,7,607,184
11-28-20,Hancock,171,8,144,5,27,3,161,5,2537,14,2698,19,0,3,6,28,2,140,0,12,4
11-28-20,Hardeman,2243,8,2055,4,188,4,2457,6,18673,35,21130,41,0,37,3,80,5,2126,0,85,40
11-28-20,Hardin,1777,13,1398,9,379,4,1747,6,16567,26,18314,32,0,25,1,109,12,1643,0,39,30
11-28-20,Hawkins,1958,37,1797,32,161,5,1987,31,17312,227,19299,258,0,34,18,201,19,1723,0,96,36
11-28-20,Haywood,1619,6,1467,3,152,3,1678,4,9666,27,11344,31,0,30,-2,79,8,1510,0,58,31
11-28-20,Henderson,1847,11,1447,8,400,3,1994,8,11906,24,13900,32,0,33,-1,144,12,1670,0,56,37
11-28-20,Henry,1523,11,1370,9,153,2,1592,13,13388,30,14980,43,2,19,1,165,8,1339,1,55,23
11-28-20,Hickman,1186,17,1061,15,125,2,1286,15,10655,84,11941,99,0,19,5,99,12,1068,0,31,19
11-28-20,Houston,588,0,490,0,98,0,570,0,5053,8,5623,8,0,20,-2,29,2,539,0,33,20
11-28-20,Humphreys,714,15,546,12,168,3,667,13,7934,62,8601,75,0,8,8,49,7,657,1,23,8
11-28-20,Jackson,680,7,543,7,137,0,661,7,3686,30,4347,37,0,10,4,40,3,630,0,26,14
11-28-20,Jefferson,2276,34,1901,16,375,18,2209,16,24737,72,26946,88,0,32,16,257,18,1987,3,112,39
11-28-20,Johnson,1409,1,1329,1,80,0,1418,2,9709,50,11127,52,0,21,-2,33,3,1355,0,44,25
11-28-20,Knox,19070,272,18051,258,1019,14,19991,300,197929,1930,217920,2230,0,149,74,1745,198,17176,8,641,174
11-28-20,Lake,1175,4,1105,3,70,1,1335,3,7647,10,8982,13,0,6,2,42,2,1127,0,14,8
11-28-20,Lauderdale,2036,6,1700,3,336,3,1965,3,15404,36,17369,39,0,23,-7,99,13,1914,0,66,22
11-28-20,Lawrence,2688,24,2394,22,294,2,2672,28,18051,163,20723,191,0,34,1,253,23,2401,1,89,39
11-28-20,Lewis,767,15,727,11,40,4,786,12,7212,38,7998,50,0,14,12,57,3,696,0,25,15
11-28-20,Lincoln,1603,20,1378,16,225,4,1595,18,11381,75,12976,93,1,15,6,175,13,1413,0,47,22
11-28-20,Loudon,2292,25,2202,24,90,1,2453,26,20897,142,23350,168,0,19,9,198,16,2075,0,66,22
11-28-20,Macon,1843,30,1698,30,145,0,2063,39,10826,110,12889,149,0,28,19,130,11,1685,0,96,32
11-28-20,Madison,5358,60,3470,25,1888,35,4569,28,38396,186,42965,214,0,110,-3,199,63,5049,0,245,135
11-28-20,Marion,1103,11,1052,11,51,0,1244,14,10374,77,11618,91,0,19,2,74,9,1010,0,71,20
11-28-20,Marshall,1749,25,1701,19,48,6,1947,23,14934,116,16881,139,0,20,5,136,20,1593,0,43,23
11-28-20,Maury,5864,49,5696,43,168,6,6362,46,45357,183,51719,229,0,67,-12,452,61,5345,1,176,76
11-28-20,McMinn,2562,58,2429,49,133,9,2762,50,25949,113,28711,163,0,55,31,297,27,2210,0,94,58
11-28-20,McNairy,1395,9,1101,4,294,5,1469,3,11095,17,12564,20,0,33,7,38,2,1324,0,49,35
11-28-20,Meigs,497,12,479,9,18,3,555,7,4655,18,5210,25,0,13,9,56,3,428,1,25,13
11-28-20,Monroe,2158,62,2042,32,116,30,2332,38,16883,76,19215,114,0,44,43,244,19,1870,3,104,45
11-28-20,Montgomery,6632,86,5781,84,851,2,6545,88,64292,468,70837,556,0,83,9,428,77,6121,0,187,92
11-28-20,Moore,393,5,333,4,60,1,393,5,3283,14,3676,19,0,3,2,34,3,356,0,7,3
11-28-20,Morgan,739,13,668,10,71,3,734,7,10764,29,11498,36,0,6,10,136,3,597,0,14,8
11-28-20,Obion,2657,29,2140,16,517,13,2446,21,14803,47,17249,68,1,50,5,287,23,2320,1,76,55
11-28-20,Out of State,5522,111,4876,96,646,15,5472,120,412505,2527,417977,2647,1,52,38,886,72,4584,1,123,34
11-28-20,Overton,1550,16,1291,16,259,0,1565,17,10250,63,11815,80,0,35,8,94,8,1421,0,51,38
11-28-20,Pending,4184,105,3405,81,779,24,3857,91,261228,1295,265085,1386,0,22,36,647,69,3515,1,59,29
11-28-20,Perry,482,6,449,6,33,0,507,6,4648,14,5155,20,0,21,5,9,1,452,0,25,22
11-28-20,Pickett,386,7,270,7,116,0,332,7,2072,13,2404,20,0,13,7,40,0,333,0,21,13
11-28-20,Polk,675,18,638,18,37,0,732,15,5394,28,6126,43,0,15,16,53,2,607,0,35,15
11-28-20,Putnam,5915,82,5202,75,713,7,6434,86,46455,460,52889,546,0,82,67,376,15,5457,0,160,92
11-28-20,Rhea,1712,33,1627,31,85,2,1891,35,16015,112,17906,147,0,31,14,164,19,1517,0,59,35
11-28-20,Roane,2372,27,2252,25,120,2,2559,27,28295,127,30854,154,0,29,11,232,16,2111,0,75,32
11-28-20,Robertson,3774,49,3625,48,149,1,4233,52,27138,196,31371,248,1,53,3,288,45,3433,0,237,58
11-28-20,Rutherford,17832,265,17258,255,574,10,20580,272,137575,980,158155,1252,1,161,98,1244,166,16427,1,396,176
11-28-20,Scott,1098,29,768,11,330,18,834,12,7627,58,8461,70,0,7,13,228,16,863,0,31,9
11-28-20,Sequatchie,527,9,514,9,13,0,568,11,7968,47,8536,58,0,5,6,38,3,484,0,18,6
11-28-20,Sevier,4867,34,4678,32,189,2,5222,39,39453,233,44675,272,0,31,-7,457,41,4379,0,156,45
11-28-20,Shelby,47926,422,46595,404,1331,18,57775,483,550301,4096,608076,4579,0,658,132,3099,290,44169,5,2554,756
11-28-20,Smith,1437,9,1283,7,154,2,1638,6,8418,50,10056,56,0,19,-5,93,14,1325,0,45,18
11-28-20,Stewart,594,10,513,10,81,0,600,12,4480,54,5080,66,0,15,8,54,2,525,0,19,18
11-28-20,Sullivan,6473,141,5939,130,534,11,6476,143,50744,795,57220,938,0,96,50,681,91,5696,0,432,119
11-28-20,Sumner,9783,123,9592,120,191,3,11068,139,73352,465,84420,604,1,137,15,1006,107,8640,0,541,151
11-28-20,Tipton,3603,27,3013,18,590,9,3697,18,31071,99,34768,117,0,38,-6,296,33,3269,0,116,44
11-28-20,Trousdale,1905,2,1878,2,27,0,1994,4,6558,34,8552,38,0,12,-1,19,3,1874,0,32,12
11-28-20,Unicoi,861,17,754,16,107,1,846,17,8974,102,9820,119,0,26,9,86,8,749,1,49,27
11-28-20,Union,717,3,650,3,67,0,733,3,6916,20,7649,23,0,5,-1,43,4,669,1,29,5
11-28-20,Van Buren,375,15,340,13,35,2,386,14,3472,66,3858,80,0,2,9,57,6,316,0,11,3
11-28-20,Warren,2386,63,2170,57,216,6,2517,64,20828,288,23345,352,1,20,50,219,12,2147,1,42,22
11-28-20,Washington,6020,135,5642,115,378,20,6278,112,49691,448,55969,560,0,106,77,615,58,5299,3,244,114
11-28-20,Wayne,1930,22,1803,8,127,14,1974,8,8137,42,10111,50,0,10,8,102,14,1818,1,31,12
11-28-20,Weakley,2153,24,1861,16,292,8,2148,14,15256,62,17404,76,1,37,12,141,11,1975,0,46,38
11-28-20,White,1769,45,1566,36,203,9,2024,38,15784,128,17808,166,0,18,37,162,8,1589,0,79,19
11-28-20,Williamson,11496,218,10915,214,581,4,12419,240,110702,1338,123121,1578,1,80,88,1063,129,10353,0,194,90
11-28-20,Wilson,7503,93,7248,87,255,6,8433,92,60091,326,68524,418,0,78,10,667,83,6758,1,199,87
11-27-20,Anderson,2921,98,2730,89,191,9,3088,87,39658,428,42746,515,0,28,54,383,44,2510,3,86,35
11-27-20,Bedford,2717,41,2447,37,270,4,2900,46,19445,101,22345,147,0,30,5,252,36,2435,0,75,33
11-27-20,Benton,800,21,742,18,58,3,814,20,6510,47,7324,67,0,14,-2,96,23,690,0,26,18
11-27-20,Bledsoe,1167,10,1151,10,16,0,1224,10,10496,28,11720,38,0,5,5,27,5,1135,0,26,5
11-27-20,Blount,5509,84,5237,76,272,8,5990,84,45014,316,51004,400,0,60,-55,678,139,4771,3,191,66
11-27-20,Bradley,5143,101,4756,94,387,7,5566,102,37099,424,42665,526,0,35,8,486,93,4622,2,287,39
11-27-20,Campbell,1533,22,1218,19,315,3,1395,19,18148,109,19543,128,0,23,-1,157,23,1353,0,74,25
11-27-20,Cannon,745,20,684,18,61,2,789,21,5989,46,6778,67,0,3,6,80,14,662,2,20,4
11-27-20,Carroll,1707,38,1373,25,334,13,1650,30,14889,80,16539,110,0,34,16,186,22,1487,0,59,37
11-27-20,Carter,2711,71,2512,65,199,6,2768,72,23803,165,26571,237,0,55,8,238,63,2418,5,165,59
11-27-20,Cheatham,1568,21,1463,16,105,5,1718,22,16581,58,18299,80,0,17,5,143,16,1408,0,48,17
11-27-20,Chester,1016,12,802,9,214,3,1012,11,7419,33,8431,44,0,20,-6,69,18,927,0,27,26
11-27-20,Claiborne,831,39,695,38,136,1,810,36,14556,82,15366,118,0,9,23,123,16,699,1,34,8
11-27-20,Clay,551,10,410,9,141,1,480,10,3902,13,4382,23,0,18,-3,47,13,486,0,19,21
11-27-20,Cocke,1598,10,1361,5,237,5,1531,6,12925,108,14456,114,0,30,-2,110,12,1458,1,72,31
11-27-20,Coffee,2783,19,2254,18,529,1,2784,21,28716,70,31500,91,0,41,-23,245,42,2497,0,67,48
11-27-20,Crockett,1141,14,818,11,323,3,978,12,5210,24,6188,36,0,26,6,41,8,1074,0,25,30
11-27-20,Cumberland,2517,50,2399,50,118,0,2867,61,32954,278,35821,339,1,36,11,238,38,2243,0,102,43
11-27-20,Davidson,42362,576,41744,562,618,14,51617,699,564069,4786,615686,5485,0,419,140,2116,436,39827,7,1420,436
11-27-20,Decatur,946,9,755,7,191,2,941,11,8359,44,9300,55,0,13,-5,78,14,855,0,27,15
11-27-20,Dekalb,1149,34,985,29,164,5,1187,30,11824,96,13011,126,0,22,12,115,22,1012,0,35,25
11-27-20,Dickson,2863,49,2341,35,522,14,2926,37,21941,129,24867,166,0,33,7,324,42,2506,0,78,44
11-27-20,Dyer,3182,38,2491,26,691,12,2837,32,16308,83,19145,115,0,51,7,218,31,2913,0,87,56
11-27-20,Fayette,2219,45,2116,42,103,3,2670,53,23226,195,25896,248,0,38,22,153,23,2028,1,96,42
11-27-20,Fentress,1206,14,1077,14,129,0,1283,18,7218,58,8501,76,0,20,-6,77,20,1109,0,45,25
11-27-20,Franklin,2069,42,1896,41,173,1,2278,41,21263,124,23541,165,0,34,-7,198,49,1837,0,71,37
11-27-20,Gibson,3146,54,2222,45,924,9,2858,49,20685,126,23543,175,-1,64,-2,318,57,2764,1,77,71
11-27-20,Giles,1448,25,1368,18,80,7,1591,20,14393,66,15984,86,0,49,0,119,25,1280,0,68,51
11-27-20,Grainger,998,46,835,44,163,2,972,50,9062,110,10034,160,0,16,37,165,9,817,0,44,23
11-27-20,Greene,3023,45,2767,44,256,1,3129,51,26118,180,29247,231,0,72,-5,237,50,2714,1,128,76
11-27-20,Grundy,780,10,719,10,61,0,855,11,4612,18,5467,29,0,14,1,45,9,721,0,44,14
11-27-20,Hamblen,3434,57,3009,50,425,7,3458,54,31699,363,35157,417,0,60,27,330,30,3044,0,158,73
11-27-20,Hamilton,16544,153,15445,144,1099,9,17712,176,195016,1054,212728,1230,0,152,-46,873,199,15519,3,600,180
11-27-20,Hancock,163,8,139,6,24,2,156,7,2523,17,2679,24,0,3,6,22,2,138,0,12,4
11-27-20,Hardeman,2235,14,2051,9,184,5,2451,10,18638,56,21089,66,0,37,1,77,13,2121,0,85,40
11-27-20,Hardin,1764,29,1389,9,375,20,1741,9,16541,36,18282,45,0,25,10,108,19,1631,0,39,30
11-27-20,Hawkins,1921,37,1765,36,156,1,1956,40,17085,184,19041,224,0,34,7,183,30,1704,0,96,35
11-27-20,Haywood,1613,16,1464,15,149,1,1674,17,9639,93,11313,110,0,30,0,81,16,1502,0,58,31
11-27-20,Henderson,1836,36,1439,29,397,7,1986,26,11882,53,13868,79,0,33,12,145,24,1658,0,56,37
11-27-20,Henry,1512,35,1361,26,151,9,1579,29,13358,85,14937,114,0,17,-3,164,38,1331,1,54,23
11-27-20,Hickman,1169,9,1046,7,123,2,1271,9,10571,42,11842,51,1,19,-12,94,20,1056,0,31,19
11-27-20,Houston,588,2,490,1,98,1,570,3,5045,11,5615,14,0,20,-1,31,3,537,0,33,20
11-27-20,Humphreys,699,11,534,4,165,7,654,5,7872,27,8526,32,-1,8,3,41,9,650,0,22,8
11-27-20,Jackson,673,5,536,4,137,1,654,6,3656,26,4310,32,0,10,-1,36,6,627,0,26,14
11-27-20,Jefferson,2242,32,1885,31,357,1,2193,32,24665,159,26858,191,0,32,2,241,30,1969,0,109,38
11-27-20,Johnson,1408,10,1328,9,80,1,1416,8,9659,32,11075,40,0,21,-3,35,13,1352,4,44,25
11-27-20,Knox,18798,241,17793,219,1005,22,19691,247,195999,1244,215690,1491,3,149,2,1671,236,16978,12,633,170
11-27-20,Lake,1171,9,1102,6,69,3,1332,7,7637,8,8969,15,0,6,-3,40,12,1125,0,14,8
11-27-20,Lauderdale,2030,19,1697,13,333,6,1962,20,15368,125,17330,145,0,23,-13,106,32,1901,0,66,22
11-27-20,Lawrence,2664,47,2372,31,292,16,2644,42,17888,104,20532,146,0,34,4,252,43,2378,0,88,38
11-27-20,Lewis,752,11,716,9,36,2,774,6,7174,35,7948,41,0,14,3,45,8,693,0,25,15
11-27-20,Lincoln,1583,42,1362,31,221,11,1577,35,11306,64,12883,99,0,14,5,169,37,1400,2,47,21
11-27-20,Loudon,2267,21,2178,20,89,1,2427,22,20755,132,23182,154,1,19,2,189,18,2059,0,66,22
11-27-20,Macon,1813,24,1668,22,145,2,2024,30,10716,64,12740,94,0,28,-11,111,35,1674,1,96,32
11-27-20,Madison,5298,54,3445,31,1853,23,4541,31,38210,86,42751,117,2,110,-34,202,86,4986,0,245,133
11-27-20,Marion,1092,12,1041,12,51,0,1230,12,10297,37,11527,49,0,19,7,72,5,1001,0,71,20
11-27-20,Marshall,1724,20,1682,19,42,1,1924,24,14818,62,16742,86,0,20,-5,131,25,1573,0,43,22
11-27-20,Maury,5815,26,5653,14,162,12,6316,25,45174,95,51490,120,-1,67,-72,464,99,5284,1,175,75
11-27-20,McMinn,2504,79,2380,65,124,14,2712,73,25836,254,28548,327,0,55,35,266,44,2183,0,94,57
11-27-20,McNairy,1386,8,1097,6,289,2,1466,5,11078,51,12544,56,0,33,-12,31,20,1322,0,49,35
11-27-20,Meigs,485,8,470,8,15,0,548,7,4637,34,5185,41,0,13,-1,47,9,425,0,24,13
11-27-20,Monroe,2096,35,2010,34,86,1,2294,31,16807,127,19101,158,0,44,2,201,33,1851,0,101,45
11-27-20,Montgomery,6546,76,5697,54,849,22,6457,59,63824,205,70281,264,0,83,-29,419,105,6044,0,187,90
11-27-20,Moore,388,4,329,3,59,1,388,5,3269,11,3657,16,0,3,0,32,4,353,0,7,3
11-27-20,Morgan,726,18,658,12,68,6,727,11,10735,48,11462,59,0,6,11,126,7,594,0,14,8
11-27-20,Obion,2628,45,2124,31,504,14,2425,29,14756,74,17181,103,0,49,2,282,43,2297,1,75,55
11-27-20,Out of State,5411,269,4780,237,631,32,5352,230,409978,2001,415330,2231,0,51,122,848,147,4512,1,122,34
11-27-20,Overton,1534,10,1275,8,259,2,1548,10,10187,54,11735,64,0,35,3,86,7,1413,0,51,38
11-27-20,Pending,4079,118,3324,92,755,26,3766,99,259933,1334,263699,1433,0,22,28,611,90,3446,0,58,27
11-27-20,Perry,476,3,443,2,33,1,501,4,4634,13,5135,17,0,21,-9,4,12,451,0,25,22
11-27-20,Pickett,379,2,263,2,116,0,325,2,2059,15,2384,17,0,13,-2,33,4,333,0,21,13
11-27-20,Polk,657,10,620,9,37,1,717,10,5366,47,6083,57,0,15,5,37,5,605,1,35,15
11-27-20,Putnam,5833,68,5127,64,706,4,6348,73,45995,431,52343,504,0,82,22,309,46,5442,0,160,90
11-27-20,Rhea,1679,55,1596,55,83,0,1856,55,15903,198,17759,253,0,31,14,150,41,1498,0,59,34
11-27-20,Roane,2345,43,2227,37,118,6,2532,38,28168,169,30700,207,0,29,5,221,38,2095,1,75,32
11-27-20,Robertson,3725,34,3577,32,148,2,4181,38,26942,140,31123,178,0,52,-28,285,62,3388,0,237,57
11-27-20,Rutherford,17567,242,17003,217,564,25,20308,249,136595,969,156903,1218,1,160,-7,1146,248,16261,2,395,174
11-27-20,Scott,1069,35,757,26,312,9,822,24,7569,58,8391,82,0,7,0,215,35,847,0,31,9
11-27-20,Sequatchie,518,4,505,4,13,0,557,6,7921,38,8478,44,0,5,-5,32,9,481,0,18,6
11-27-20,Sevier,4833,81,4646,81,187,0,5183,82,39220,400,44403,482,0,31,-2,464,83,4338,0,156,44
11-27-20,Shelby,47504,660,46191,635,1313,25,57292,769,546205,4496,603497,5265,0,658,133,2967,527,43879,6,2549,752
11-27-20,Smith,1428,22,1276,21,152,1,1632,29,8368,76,10000,105,0,19,-4,98,26,1311,0,45,18
11-27-20,Stewart,584,5,503,5,81,0,588,6,4426,5,5014,11,0,15,-2,46,7,523,1,19,18
11-27-20,Sullivan,6332,63,5809,53,523,10,6333,60,49949,193,56282,253,0,96,-38,631,101,5605,1,432,117
11-27-20,Sumner,9660,139,9472,136,188,3,10929,159,72887,421,83816,580,0,136,-27,991,166,8533,0,541,148
11-27-20,Tipton,3576,57,2995,50,581,7,3679,58,30972,284,34651,342,0,38,-5,302,62,3236,0,116,44
11-27-20,Trousdale,1903,2,1876,1,27,1,1990,2,6524,16,8514,18,0,12,-4,20,6,1871,1,32,12
11-27-20,Unicoi,844,13,738,13,106,0,829,14,8872,36,9701,50,0,26,-1,77,14,741,2,48,27
11-27-20,Union,714,9,647,8,67,1,730,9,6896,41,7626,50,0,5,2,44,7,665,0,28,5
11-27-20,Van Buren,360,7,327,7,33,0,372,8,3406,29,3778,37,0,2,-5,48,12,310,1,11,3
11-27-20,Warren,2323,45,2113,45,210,0,2453,52,20540,213,22993,265,0,19,9,169,36,2135,0,41,22
11-27-20,Washington,5885,124,5527,118,358,6,6166,146,49243,525,55409,671,0,106,51,538,73,5241,8,241,112
11-27-20,Wayne,1908,28,1795,19,113,9,1966,22,8095,45,10061,67,0,10,9,94,19,1804,1,30,12
11-27-20,Weakley,2129,26,1845,18,284,8,2134,19,15194,86,17328,105,0,36,-14,129,40,1964,0,46,38
11-27-20,White,1724,31,1530,21,194,10,1986,31,15656,107,17642,138,0,18,11,125,20,1581,0,79,19
11-27-20,Williamson,11278,159,10701,143,577,16,12179,171,109364,682,121543,853,1,79,-24,975,182,10224,1,194,89
11-27-20,Wilson,7410,152,7161,143,249,9,8341,161,59765,438,68106,599,0,78,32,657,120,6675,2,198,86
11-26-20,Anderson,2823,45,2641,42,182,3,3001,42,39230,361,42231,403,0,28,-30,329,75,2466,1,83,33
11-26-20,Bedford,2676,84,2410,82,266,2,2854,91,19344,234,22198,325,0,30,15,247,69,2399,1,75,33
11-26-20,Benton,779,3,724,2,55,1,794,7,6463,37,7257,44,-1,14,-14,98,18,667,0,26,18
11-26-20,Bledsoe,1157,13,1141,13,16,0,1214,13,10468,51,11682,64,0,5,3,22,10,1130,1,26,5
11-26-20,Blount,5425,75,5161,66,264,9,5906,97,44698,280,50604,377,1,60,-55,733,129,4632,0,188,65
11-26-20,Bradley,5042,74,4662,70,380,4,5464,77,36675,357,42139,434,0,35,-11,478,85,4529,1,285,39
11-26-20,Campbell,1511,9,1199,4,312,5,1376,9,18039,299,19415,308,0,23,-14,158,23,1330,0,74,25
11-26-20,Cannon,725,8,666,8,59,0,768,8,5943,32,6711,40,0,3,-14,74,22,648,0,18,3
11-26-20,Carroll,1669,22,1348,13,321,9,1620,15,14809,44,16429,59,0,34,-10,170,32,1465,1,59,37
11-26-20,Carter,2640,24,2447,24,193,0,2696,26,23638,190,26334,216,0,55,-33,230,57,2355,0,160,58
11-26-20,Cheatham,1547,39,1447,39,100,0,1696,45,16523,171,18219,216,1,17,19,138,19,1392,0,48,17
11-26-20,Chester,1004,7,793,4,211,3,1001,5,7386,54,8387,59,0,20,-7,75,14,909,0,27,26
11-26-20,Claiborne,792,19,657,16,135,3,774,21,14474,90,15248,111,0,9,-11,100,30,683,0,33,8
11-26-20,Clay,541,2,401,2,140,0,470,2,3889,18,4359,20,0,18,-7,50,9,473,0,19,21
11-26-20,Cocke,1588,18,1356,17,232,1,1525,20,12817,149,14342,169,0,30,-8,112,26,1446,0,71,30
11-26-20,Coffee,2764,73,2236,66,528,7,2763,75,28646,254,31409,329,0,41,23,268,50,2455,0,67,45
11-26-20,Crockett,1127,8,807,3,320,5,966,4,5186,22,6152,26,0,26,-8,35,16,1066,0,25,29
11-26-20,Cumberland,2467,28,2349,28,118,0,2806,30,32676,90,35482,120,0,35,-20,227,48,2205,0,102,43
11-26-20,Davidson,41786,730,41182,720,604,10,50918,846,559283,7372,610201,8218,7,419,216,1976,507,39391,6,1413,433
11-26-20,Decatur,937,4,748,3,189,1,930,7,8315,44,9245,51,0,13,-14,83,18,841,0,27,14
11-26-20,Dekalb,1115,6,956,4,159,2,1157,4,11728,131,12885,135,0,22,-13,103,19,990,0,35,24
11-26-20,Dickson,2814,47,2306,47,508,0,2889,56,21812,190,24701,246,0,33,-19,317,66,2464,0,78,43
11-26-20,Dyer,3144,11,2465,6,679,5,2805,9,16225,48,19030,57,1,51,-34,211,44,2882,0,87,56
11-26-20,Fayette,2174,22,2074,18,100,4,2617,19,23031,217,25648,236,0,38,1,131,21,2005,1,95,41
11-26-20,Fentress,1192,6,1063,6,129,0,1265,6,7160,105,8425,111,0,20,-17,83,23,1089,0,45,24
11-26-20,Franklin,2027,40,1855,36,172,4,2237,44,21139,158,23376,202,1,34,-16,205,55,1788,0,71,37
11-26-20,Gibson,3092,44,2177,23,915,21,2809,25,20559,86,23368,111,0,65,-5,320,49,2707,0,76,70
11-26-20,Giles,1423,24,1350,23,73,1,1571,31,14327,90,15898,121,3,49,-5,119,26,1255,1,68,51
11-26-20,Grainger,952,8,791,7,161,1,922,6,8952,25,9874,31,1,16,-17,128,24,808,0,44,23
11-26-20,Greene,2978,72,2723,64,255,8,3078,69,25938,263,29016,332,1,72,-12,242,83,2664,2,127,75
11-26-20,Grundy,770,9,709,9,61,0,844,13,4594,105,5438,118,0,14,-2,44,11,712,0,44,14
11-26-20,Hamblen,3377,17,2959,13,418,4,3404,15,31336,93,34740,108,1,60,-73,303,89,3014,0,158,72
11-26-20,Hamilton,16391,256,15301,241,1090,15,17536,320,193962,2145,211498,2465,3,152,5,919,248,15320,4,597,177
11-26-20,Hancock,155,4,133,4,22,0,149,4,2506,40,2655,44,0,3,2,16,2,136,0,12,3
11-26-20,Hardeman,2221,5,2042,3,179,2,2441,4,18582,73,21023,77,0,37,-11,76,16,2108,0,85,40
11-26-20,Hardin,1735,4,1380,4,355,0,1732,5,16505,82,18237,87,0,25,-16,98,20,1612,0,39,30
11-26-20,Hawkins,1884,33,1729,28,155,5,1916,30,16901,244,18817,274,0,34,1,176,32,1674,1,96,35
11-26-20,Haywood,1597,3,1449,2,148,1,1657,2,9546,68,11203,70,0,30,-13,81,16,1486,0,58,31
11-26-20,Henderson,1800,9,1410,5,390,4,1960,6,11829,69,13789,75,0,33,-18,133,27,1634,0,56,36
11-26-20,Henry,1477,10,1335,10,142,0,1550,17,13273,102,14823,119,0,17,-35,167,45,1293,0,53,22
11-26-20,Hickman,1160,18,1039,18,121,0,1262,25,10529,103,11791,128,0,18,-3,106,21,1036,1,31,19
11-26-20,Houston,586,4,489,4,97,0,567,5,5034,126,5601,131,0,20,-7,32,11,534,0,33,20
11-26-20,Humphreys,688,12,530,12,158,0,649,13,7845,76,8494,89,2,9,4,38,6,641,0,22,8
11-26-20,Jackson,668,4,532,4,136,0,648,5,3630,27,4278,32,0,10,-6,37,10,621,0,26,13
11-26-20,Jefferson,2210,17,1854,14,356,3,2161,17,24506,172,26667,189,0,32,-20,239,37,1939,0,109,38
11-26-20,Johnson,1398,8,1319,8,79,0,1408,9,9627,94,11035,103,0,21,-6,38,14,1339,0,40,23
11-26-20,Knox,18557,354,17574,351,983,3,19444,449,194755,1490,214199,1939,4,146,58,1669,292,16742,5,621,168
11-26-20,Lake,1162,4,1096,3,66,1,1325,4,7629,75,8954,79,1,6,-6,43,9,1113,0,14,8
11-26-20,Lauderdale,2011,8,1684,7,327,1,1942,7,15243,46,17185,53,1,23,-10,119,17,1869,0,66,22
11-26-20,Lawrence,2617,48,2341,35,276,13,2602,49,17784,179,20386,228,1,34,-6,248,53,2335,0,88,35
11-26-20,Lewis,741,8,707,8,34,0,768,12,7139,58,7907,70,0,14,-7,42,15,685,0,25,15
11-26-20,Lincoln,1541,50,1331,50,210,0,1542,60,11242,100,12784,160,0,14,-3,164,53,1363,0,45,19
11-26-20,Loudon,2246,32,2158,32,88,0,2405,37,20623,220,23028,257,0,18,-8,187,40,2041,1,66,22
11-26-20,Macon,1789,5,1646,5,143,0,1994,6,10652,31,12646,37,0,28,-26,122,31,1639,0,95,32
11-26-20,Madison,5244,65,3414,36,1830,29,4510,41,38124,163,42634,204,0,108,7,236,58,4900,3,245,129
11-26-20,Marion,1080,20,1029,19,51,1,1218,20,10260,99,11478,119,0,19,5,65,15,996,0,71,20
11-26-20,Marshall,1704,38,1663,36,41,2,1900,42,14756,126,16656,168,0,20,7,136,31,1548,0,43,22
11-26-20,Maury,5789,149,5639,139,150,10,6291,169,45079,481,51370,650,2,68,9,536,138,5185,0,174,72
11-26-20,McMinn,2425,52,2315,51,110,1,2639,53,25582,242,28221,295,0,55,18,231,34,2139,0,94,56
11-26-20,McNairy,1378,3,1091,3,287,0,1461,4,11027,74,12488,78,0,33,-7,43,10,1302,0,49,35
11-26-20,Meigs,477,15,462,15,15,0,541,15,4603,45,5144,60,1,13,9,48,5,416,0,24,13
11-26-20,Monroe,2061,16,1976,15,85,1,2263,22,16680,105,18943,127,0,44,-15,199,31,1818,0,101,45
11-26-20,Montgomery,6470,156,5643,144,827,12,6398,148,63619,942,70017,1090,0,83,49,448,107,5939,2,187,89
11-26-20,Moore,384,8,326,8,58,0,383,9,3258,22,3641,31,0,3,1,32,7,349,0,7,3
11-26-20,Morgan,708,19,646,19,62,0,716,21,10687,85,11403,106,0,6,-1,115,20,587,0,14,8
11-26-20,Obion,2583,18,2093,17,490,1,2396,23,14682,62,17078,85,0,49,-18,280,36,2254,0,74,55
11-26-20,Out of State,5142,154,4543,119,599,35,5122,132,407977,3490,413099,3622,0,51,45,726,109,4365,1,121,32
11-26-20,Overton,1524,9,1267,9,257,0,1538,10,10133,71,11671,81,0,35,-11,83,20,1406,0,51,37
11-26-20,Pending,3961,179,3232,149,729,30,3667,177,258599,11567,262266,11744,0,22,52,583,127,3356,2,58,27
11-26-20,Perry,473,6,441,6,32,0,497,7,4621,12,5118,19,0,21,-5,13,11,439,0,25,22
11-26-20,Pickett,377,1,261,1,116,0,323,1,2044,43,2367,44,0,13,-3,35,4,329,0,21,13
11-26-20,Polk,647,5,611,5,36,0,707,6,5319,31,6026,37,0,15,-5,32,10,600,0,34,15
11-26-20,Putnam,5765,12,5063,11,702,1,6275,13,45564,295,51839,308,0,82,-89,287,101,5396,0,160,89
11-26-20,Rhea,1624,33,1541,33,83,0,1801,39,15705,112,17506,151,1,31,3,136,29,1457,1,59,33
11-26-20,Roane,2302,29,2190,27,112,2,2494,31,27999,248,30493,279,1,29,-22,216,50,2057,0,74,32
11-26-20,Robertson,3691,64,3545,50,146,14,4143,53,26802,273,30945,326,1,52,0,313,63,3326,0,237,56
11-26-20,Rutherford,17325,276,16786,267,539,9,20059,323,135626,1430,155685,1753,5,159,6,1153,265,16013,1,393,171
11-26-20,Scott,1034,20,731,15,303,5,798,18,7511,107,8309,125,0,7,-18,215,38,812,1,31,9
11-26-20,Sequatchie,514,10,501,10,13,0,551,11,7883,66,8434,77,0,5,3,37,7,472,0,18,6
11-26-20,Sevier,4752,32,4565,32,187,0,5101,43,38820,235,43921,278,0,31,-66,466,98,4255,0,156,42
11-26-20,Shelby,46844,548,45556,534,1288,14,56523,703,541709,5164,598232,5867,7,658,54,2834,487,43352,17,2543,743
11-26-20,Smith,1406,10,1255,8,151,2,1603,10,8292,43,9895,53,0,19,-19,102,29,1285,0,45,18
11-26-20,Stewart,579,9,498,9,81,0,582,9,4421,39,5003,48,1,15,-4,48,12,516,0,18,18
11-26-20,Sullivan,6269,38,5756,35,513,3,6273,45,49756,159,56029,204,0,96,-54,669,92,5504,0,431,113
11-26-20,Sumner,9521,216,9336,213,185,3,10770,233,72466,612,83236,845,1,136,29,1018,186,8367,0,541,144
11-26-20,Tipton,3519,22,2945,19,574,3,3621,29,30688,152,34309,181,0,38,-46,307,68,3174,0,116,43
11-26-20,Trousdale,1901,2,1875,2,26,0,1988,4,6508,14,8496,18,0,12,-2,24,4,1865,0,31,12
11-26-20,Unicoi,831,14,725,13,106,1,815,17,8836,51,9651,68,0,26,-8,78,22,727,1,46,27
11-26-20,Union,705,5,639,4,66,1,721,3,6855,26,7576,29,0,5,-3,42,8,658,0,28,5
11-26-20,Van Buren,353,3,320,3,33,0,364,3,3377,16,3741,19,0,2,-5,53,8,298,0,10,3
11-26-20,Warren,2278,16,2068,13,210,3,2401,13,20327,135,22728,148,1,19,-37,160,52,2099,0,41,21
11-26-20,Washington,5761,84,5409,81,352,3,6020,90,48718,365,54738,455,4,106,-20,487,100,5168,1,233,110
11-26-20,Wayne,1880,30,1776,23,104,7,1944,25,8050,54,9994,79,0,10,11,85,19,1785,0,29,12
11-26-20,Weakley,2103,13,1827,11,276,2,2115,16,15108,171,17223,187,0,36,-28,143,41,1924,1,46,38
11-26-20,White,1693,16,1509,15,184,1,1955,19,15549,122,17504,141,0,18,-17,114,33,1561,0,79,19
11-26-20,Williamson,11119,243,10558,242,561,1,12008,249,108682,1184,120690,1433,-1,78,49,999,195,10042,0,193,88
11-26-20,Wilson,7258,153,7018,149,240,4,8180,164,59327,490,67507,654,1,78,28,625,124,6555,2,196,85
11-25-20,Anderson,2778,29,2599,22,179,7,2959,21,38869,35,41828,56,1,28,-11,359,39,2391,0,82,32
11-25-20,Bedford,2592,19,2328,10,264,9,2763,6,19110,64,21873,70,2,30,-16,232,33,2330,0,74,33
11-25-20,Benton,776,7,722,4,54,3,787,0,6426,6,7213,6,0,15,-4,112,11,649,0,26,18
11-25-20,Bledsoe,1144,4,1128,2,16,2,1201,1,10417,13,11618,14,0,5,0,19,4,1120,1,25,5
11-25-20,Blount,5350,61,5095,38,255,23,5809,27,44418,33,50227,60,4,59,-36,788,93,4503,4,188,65
11-25-20,Bradley,4968,63,4592,47,376,16,5387,29,36318,150,41705,179,2,35,3,489,58,4444,4,284,39
11-25-20,Campbell,1502,18,1195,6,307,12,1367,6,17740,5,19107,11,1,23,8,172,9,1307,0,74,25
11-25-20,Cannon,717,3,658,3,59,0,760,3,5911,13,6671,16,0,3,-7,88,10,626,0,18,3
11-25-20,Carroll,1647,12,1335,8,312,4,1605,7,14765,20,16370,27,0,34,-14,180,26,1433,0,58,37
11-25-20,Carter,2616,22,2423,15,193,7,2670,12,23448,82,26118,94,2,55,-23,263,43,2298,0,160,57
11-25-20,Cheatham,1508,12,1408,3,100,9,1651,3,16352,53,18003,56,0,16,-11,119,23,1373,0,48,17
11-25-20,Chester,997,5,789,5,208,0,996,5,7332,13,8328,18,1,20,-7,82,11,895,0,27,25
11-25-20,Claiborne,773,4,641,2,132,2,753,2,14384,5,15137,7,0,9,-5,111,9,653,0,33,8
11-25-20,Clay,539,5,399,2,140,3,468,1,3871,1,4339,2,0,18,2,57,3,464,1,19,21
11-25-20,Cocke,1570,12,1339,10,231,2,1505,9,12668,32,14173,41,2,30,-13,120,23,1420,0,71,30
11-25-20,Coffee,2691,16,2170,10,521,6,2688,8,28392,59,31080,67,0,41,-20,245,36,2405,0,67,44
11-25-20,Crockett,1119,2,804,2,315,0,962,3,5164,11,6126,14,1,26,-8,43,9,1050,0,25,28
11-25-20,Cumberland,2439,5,2321,5,118,0,2776,6,32586,178,35362,184,0,35,-26,247,31,2157,0,102,41
11-25-20,Davidson,41056,145,40462,115,594,30,50072,136,551911,2329,601983,2465,3,412,-268,1760,410,38884,2,1407,432
11-25-20,Decatur,933,9,745,9,188,0,923,5,8271,14,9194,19,0,13,0,97,9,823,2,27,14
11-25-20,Dekalb,1109,6,952,2,157,4,1153,2,11597,14,12750,16,1,22,-15,116,20,971,0,35,24
11-25-20,Dickson,2767,22,2259,20,508,2,2833,21,21622,201,24455,222,1,33,-43,336,64,2398,0,78,42
11-25-20,Dyer,3133,17,2459,9,674,8,2796,8,16177,12,18973,20,1,50,-18,245,34,2838,1,87,56
11-25-20,Fayette,2152,4,2056,2,96,2,2598,5,22814,35,25412,40,0,38,-13,130,17,1984,0,94,41
11-25-20,Fentress,1186,4,1057,2,129,2,1259,1,7055,16,8314,17,0,20,-7,100,11,1066,0,45,24
11-25-20,Franklin,1987,29,1819,21,168,8,2193,11,20981,82,23174,93,1,33,-7,221,35,1733,1,71,37
11-25-20,Gibson,3048,15,2154,10,894,5,2784,12,20473,61,23257,73,2,65,-34,325,47,2658,0,76,69
11-25-20,Giles,1399,19,1327,13,72,6,1540,7,14237,110,15777,117,2,46,2,124,15,1229,1,67,51
11-25-20,Grainger,944,6,784,1,160,5,916,1,8927,4,9843,5,0,15,-1,145,7,784,1,44,23
11-25-20,Greene,2906,20,2659,11,247,9,3009,10,25675,161,28684,171,0,71,-18,254,38,2581,0,125,75
11-25-20,Grundy,761,7,700,7,61,0,831,3,4489,9,5320,12,0,14,3,46,4,701,0,44,14
11-25-20,Hamblen,3360,16,2946,15,414,1,3389,17,31243,19,34632,36,1,59,-13,376,28,2925,1,158,72
11-25-20,Hamilton,16135,138,15060,92,1075,46,17216,70,191817,517,209033,587,10,149,-109,914,237,15072,7,593,171
11-25-20,Hancock,151,3,129,1,22,2,145,1,2466,2,2611,3,0,3,2,14,1,134,1,12,3
11-25-20,Hardeman,2216,8,2039,5,177,3,2437,5,18509,24,20946,29,0,37,-6,87,14,2092,0,85,40
11-25-20,Hardin,1731,7,1376,3,355,4,1727,2,16423,6,18150,8,0,25,-15,114,22,1592,0,39,29
11-25-20,Hawkins,1851,14,1701,11,150,3,1886,11,16657,118,18543,129,0,34,-11,175,25,1642,0,95,35
11-25-20,Haywood,1594,3,1447,3,147,0,1655,3,9478,20,11133,23,0,30,-4,94,7,1470,0,58,31
11-25-20,Henderson,1791,15,1405,10,386,5,1954,11,11760,33,13714,44,1,33,0,151,14,1607,0,56,36
11-25-20,Henry,1467,22,1325,19,142,3,1533,9,13171,8,14704,17,0,17,3,202,19,1248,1,53,20
11-25-20,Hickman,1142,11,1021,7,121,4,1237,4,10426,54,11663,58,1,18,-6,109,16,1015,0,30,19
11-25-20,Houston,582,5,485,5,97,0,562,5,4908,17,5470,22,0,20,2,39,3,523,0,33,20
11-25-20,Humphreys,676,9,518,7,158,2,636,7,7769,24,8405,31,0,7,-6,34,15,635,0,22,8
11-25-20,Jackson,664,3,528,1,136,2,643,1,3603,2,4246,3,0,10,1,43,2,611,0,26,13
11-25-20,Jefferson,2193,19,1840,8,353,11,2144,7,24334,16,26478,23,1,32,-1,259,19,1902,3,109,38
11-25-20,Johnson,1390,1,1311,1,79,0,1399,0,9533,25,10932,25,0,21,-9,44,10,1325,0,40,23
11-25-20,Knox,18203,218,17223,192,980,26,18995,127,193265,324,212260,451,0,142,-61,1611,279,16450,3,616,162
11-25-20,Lake,1158,9,1093,2,65,7,1321,3,7554,6,8875,9,0,5,0,49,9,1104,1,14,8
11-25-20,Lauderdale,2003,7,1677,7,326,0,1935,6,15197,12,17132,18,0,22,-13,129,20,1852,0,66,22
11-25-20,Lawrence,2569,45,2306,24,263,21,2553,8,17605,64,20158,72,1,33,6,254,38,2282,3,88,35
11-25-20,Lewis,733,7,699,3,34,4,756,3,7081,7,7837,10,0,14,-1,49,8,670,0,25,15
11-25-20,Lincoln,1491,19,1281,9,210,10,1482,7,11142,36,12624,43,1,14,-3,167,21,1310,0,45,19
11-25-20,Loudon,2214,15,2126,13,88,2,2368,11,20403,23,22771,34,0,18,-3,195,18,2001,1,65,22
11-25-20,Macon,1784,10,1641,4,143,6,1988,5,10621,9,12609,14,1,28,3,148,6,1608,0,95,31
11-25-20,Madison,5179,28,3378,17,1801,11,4469,20,37961,143,42430,163,1,108,-51,229,78,4842,3,242,127
11-25-20,Marion,1060,4,1010,4,50,0,1198,3,10161,31,11359,34,2,19,-5,60,7,981,1,71,19
11-25-20,Marshall,1666,6,1627,5,39,1,1858,4,14630,110,16488,114,2,20,-14,129,18,1517,2,43,22
11-25-20,Maury,5640,40,5500,36,140,4,6122,28,44598,117,50720,145,5,66,-58,527,93,5047,3,174,71
11-25-20,McMinn,2373,15,2264,3,109,12,2586,7,25340,48,27926,55,0,55,-21,213,36,2105,1,94,56
11-25-20,McNairy,1375,5,1088,3,287,2,1457,3,10953,7,12410,10,0,33,0,50,5,1292,0,49,35
11-25-20,Meigs,462,3,447,3,15,0,526,2,4558,15,5084,17,0,12,-4,39,7,411,1,24,13
11-25-20,Monroe,2045,10,1961,10,84,0,2241,5,16575,13,18816,18,2,44,-18,214,26,1787,0,101,45
11-25-20,Montgomery,6314,55,5499,44,815,11,6250,47,62677,182,68927,229,1,83,-33,399,87,5832,1,185,87
11-25-20,Moore,376,3,318,2,58,1,374,1,3236,3,3610,4,1,3,-3,31,5,342,0,7,2
11-25-20,Morgan,689,7,627,5,62,2,695,5,10602,9,11297,14,0,6,-1,116,8,567,0,14,8
11-25-20,Obion,2565,25,2076,13,489,12,2373,11,14620,19,16993,30,0,49,-10,298,35,2218,2,74,55
11-25-20,Out of State,4988,40,4424,38,564,2,4990,47,404487,1428,409477,1475,2,51,-58,681,96,4256,1,120,31
11-25-20,Overton,1515,9,1258,3,257,6,1528,3,10062,2,11590,5,1,35,1,94,7,1386,0,51,37
11-25-20,Pending,3782,56,3083,40,699,16,3490,36,247032,458,250522,494,4,22,-48,531,100,3229,1,56,27
11-25-20,Perry,467,5,435,5,32,0,490,2,4609,30,5099,32,1,21,0,18,4,428,0,25,22
11-25-20,Pickett,376,8,260,2,116,6,322,2,2001,0,2323,2,0,13,7,38,1,325,0,21,13
11-25-20,Polk,642,4,606,4,36,0,701,1,5288,11,5989,12,1,15,-5,37,8,590,1,34,15
11-25-20,Putnam,5753,5,5052,0,701,5,6262,0,45269,58,51531,58,3,82,-39,376,41,5295,0,160,88
11-25-20,Rhea,1591,2,1508,2,83,0,1762,1,15593,34,17355,35,0,30,-21,133,23,1428,0,58,33
11-25-20,Roane,2273,24,2163,11,110,13,2463,10,27751,22,30214,32,2,28,-8,238,30,2007,1,74,32
11-25-20,Robertson,3627,26,3495,23,132,3,4090,16,26529,59,30619,75,0,51,-39,313,65,3263,8,237,55
11-25-20,Rutherford,17049,67,16519,54,530,13,19736,74,134196,369,153932,443,1,154,-187,1147,253,15748,1,392,169
11-25-20,Scott,1014,13,716,8,298,5,780,5,7404,6,8184,11,0,7,-39,233,52,774,1,30,8
11-25-20,Sequatchie,504,2,491,2,13,0,540,1,7817,7,8357,8,0,5,-3,34,5,465,0,18,6
11-25-20,Sevier,4720,20,4533,18,187,2,5058,25,38585,48,43643,73,0,31,-13,532,33,4157,1,156,42
11-25-20,Shelby,46296,126,45022,84,1274,42,55820,120,536545,1109,592365,1229,6,651,-393,2780,513,42865,3,2526,739
11-25-20,Smith,1396,3,1247,1,149,2,1593,1,8249,8,9842,9,0,19,-7,121,10,1256,0,45,18
11-25-20,Stewart,570,2,489,1,81,1,573,1,4382,13,4955,14,0,14,-9,52,11,504,0,18,18
11-25-20,Sullivan,6231,54,5721,51,510,3,6228,55,49597,181,55825,236,5,96,-28,723,77,5412,12,431,113
11-25-20,Sumner,9305,74,9123,71,182,3,10537,78,71854,194,82391,272,1,135,-85,989,158,8181,1,541,143
11-25-20,Tipton,3497,24,2926,9,571,15,3592,3,30536,54,34128,57,0,38,-23,353,47,3106,0,116,43
11-25-20,Trousdale,1899,0,1873,0,26,0,1984,0,6494,7,8478,7,0,12,-8,26,8,1861,0,31,12
11-25-20,Unicoi,817,10,712,8,105,2,798,4,8785,17,9583,21,1,26,-14,86,23,705,0,45,27
11-25-20,Union,700,3,635,3,65,0,718,3,6829,6,7547,9,0,5,-5,45,8,650,0,28,5
11-25-20,Van Buren,350,0,317,0,33,0,361,0,3361,4,3722,4,0,2,-7,58,7,290,0,10,3
11-25-20,Warren,2262,2,2055,1,207,1,2388,1,20192,32,22580,33,0,18,-32,197,34,2047,0,41,21
11-25-20,Washington,5677,61,5328,54,349,7,5930,48,48353,140,54283,188,1,102,-6,507,66,5068,6,232,109
11-25-20,Wayne,1850,34,1753,5,97,29,1919,3,7996,49,9915,52,0,10,0,74,34,1766,0,29,12
11-25-20,Weakley,2090,10,1816,8,274,2,2099,4,14937,26,17036,30,1,36,-12,171,21,1883,1,45,38
11-25-20,White,1677,3,1494,2,183,1,1936,2,15427,20,17363,22,0,18,-10,131,13,1528,0,79,19
11-25-20,Williamson,10876,71,10316,54,560,17,11759,53,107498,228,119257,281,3,79,-114,950,182,9847,0,193,87
11-25-20,Wilson,7105,18,6869,17,236,1,8016,18,58837,111,66853,129,1,77,-114,597,131,6431,0,194,84
11-24-20,Anderson,2749,12,2577,11,172,1,2938,11,38834,153,41772,164,2,27,-33,370,43,2352,0,82,32
11-24-20,Bedford,2573,21,2318,3,255,18,2757,3,19046,10,21803,13,0,28,-32,248,53,2297,0,74,33
11-24-20,Benton,769,8,718,5,51,3,787,4,6420,5,7207,9,1,15,-8,116,15,638,1,26,16
11-24-20,Bledsoe,1140,1,1126,1,14,0,1200,2,10404,19,11604,21,0,5,-2,19,3,1116,0,24,5
11-24-20,Blount,5289,67,5057,59,232,8,5782,61,44385,101,50167,162,-1,55,-49,824,117,4410,1,184,63
11-24-20,Bradley,4905,53,4545,41,360,12,5358,56,36168,131,41526,187,0,33,-35,486,88,4386,6,280,39
11-24-20,Campbell,1484,11,1189,2,295,9,1361,3,17735,30,19096,33,1,22,-8,164,18,1298,1,74,25
11-24-20,Cannon,714,3,655,3,59,0,757,3,5898,8,6655,11,1,3,-9,95,11,616,0,18,3
11-24-20,Carroll,1635,8,1327,6,308,2,1598,6,14745,42,16343,48,2,34,-24,194,30,1407,0,58,36
11-24-20,Carter,2594,37,2408,33,186,4,2658,27,23366,38,26024,65,0,53,-12,286,49,2255,4,160,57
11-24-20,Cheatham,1496,2,1405,2,91,0,1648,2,16299,77,17947,79,0,16,-19,130,21,1350,0,48,17
11-24-20,Chester,992,2,784,1,208,1,991,1,7319,6,8310,7,0,19,-11,89,13,884,0,27,25
11-24-20,Claiborne,769,20,639,14,130,6,751,16,14379,106,15130,122,0,9,7,116,13,644,2,33,8
11-24-20,Clay,534,3,397,0,137,3,467,0,3870,0,4337,0,0,18,-1,55,4,461,0,18,21
11-24-20,Cocke,1558,7,1329,3,229,4,1496,2,12636,11,14132,13,0,28,-16,133,23,1397,0,71,30
11-24-20,Coffee,2675,26,2160,9,515,17,2680,4,28333,27,31013,31,0,41,-9,265,35,2369,1,67,43
11-24-20,Crockett,1117,7,802,2,315,5,959,0,5153,2,6112,2,0,25,-6,51,13,1041,0,25,28
11-24-20,Cumberland,2434,5,2316,2,118,3,2770,3,32408,63,35178,66,0,35,-37,273,42,2126,0,102,40
11-24-20,Davidson,40911,57,40347,52,564,5,49936,57,549582,663,599518,720,2,409,-510,2028,565,38474,6,1405,430
11-24-20,Decatur,924,4,736,4,188,0,918,0,8257,12,9175,12,1,13,-12,97,15,814,0,25,14
11-24-20,Dekalb,1103,8,950,4,153,4,1151,4,11583,16,12734,20,1,21,-16,131,23,951,0,35,24
11-24-20,Dickson,2745,16,2239,15,506,1,2812,19,21421,115,24233,134,5,32,-42,379,53,2334,0,78,40
11-24-20,Dyer,3116,20,2450,8,666,12,2788,6,16165,4,18953,10,0,49,-20,263,40,2804,0,86,55
11-24-20,Fayette,2148,7,2054,6,94,1,2593,7,22779,35,25372,42,1,38,-22,143,28,1967,0,94,41
11-24-20,Fentress,1182,6,1055,3,127,3,1258,2,7039,2,8297,4,1,20,-4,107,9,1055,0,45,24
11-24-20,Franklin,1958,12,1798,8,160,4,2182,11,20899,59,23081,70,0,32,-40,228,52,1698,0,70,37
11-24-20,Gibson,3033,37,2144,19,889,18,2772,13,20412,13,23184,26,2,63,0,359,35,2611,0,76,68
11-24-20,Giles,1380,17,1314,17,66,0,1533,20,14127,25,15660,45,1,44,-9,122,25,1214,2,66,51
11-24-20,Grainger,938,10,783,4,155,6,915,4,8923,18,9838,22,0,15,2,146,8,777,0,43,23
11-24-20,Greene,2886,29,2648,28,238,1,2999,21,25514,20,28513,41,0,71,-26,272,55,2543,1,125,74
11-24-20,Grundy,754,5,693,2,61,3,828,3,4480,6,5308,9,0,14,-3,43,8,697,0,44,14
11-24-20,Hamblen,3344,25,2931,10,413,15,3372,6,31224,108,34596,114,1,58,-12,389,36,2897,1,157,70
11-24-20,Hamilton,15997,145,14968,119,1029,26,17146,116,191300,789,208446,905,3,139,-111,1023,253,14835,6,586,165
11-24-20,Hancock,148,1,128,0,20,1,144,0,2464,14,2608,14,0,3,-1,12,2,133,0,11,3
11-24-20,Hardeman,2208,7,2034,5,174,2,2432,6,18485,2,20917,8,0,37,-9,93,16,2078,1,85,40
11-24-20,Hardin,1724,10,1373,4,351,6,1725,5,16417,10,18142,15,0,25,-6,129,16,1570,0,39,29
11-24-20,Hawkins,1837,23,1690,18,147,5,1875,13,16539,22,18414,35,0,34,-11,186,34,1617,2,95,35
11-24-20,Haywood,1591,2,1444,1,147,1,1652,2,9458,7,11110,9,1,30,-15,98,16,1463,0,58,31
11-24-20,Henderson,1776,4,1395,2,381,2,1943,2,11727,15,13670,17,2,32,-17,151,19,1593,1,56,36
11-24-20,Henry,1445,10,1306,6,139,4,1524,9,13163,11,14687,20,0,17,-44,199,54,1229,0,52,19
11-24-20,Hickman,1131,9,1014,5,117,4,1233,4,10372,16,11605,20,0,17,-21,115,30,999,0,30,19
11-24-20,Houston,577,5,480,3,97,2,557,2,4891,8,5448,10,1,20,1,37,3,520,0,33,20
11-24-20,Humphreys,667,10,511,5,156,5,629,5,7745,11,8374,16,0,7,-1,40,11,620,0,22,8
11-24-20,Jackson,661,1,527,1,134,0,642,1,3601,3,4243,4,0,10,-14,42,15,609,0,26,12
11-24-20,Jefferson,2174,23,1832,6,342,17,2137,6,24318,20,26455,26,0,31,-16,260,39,1883,3,106,37
11-24-20,Johnson,1389,12,1310,9,79,3,1399,2,9508,5,10907,7,0,21,7,53,5,1315,0,40,23
11-24-20,Knox,17985,153,17031,126,954,27,18868,113,192941,670,211809,783,2,142,-114,1672,265,16171,5,613,160
11-24-20,Lake,1149,2,1091,1,58,1,1318,0,7548,3,8866,3,0,5,-7,49,9,1095,0,13,7
11-24-20,Lauderdale,1996,6,1670,3,326,3,1929,2,15185,12,17114,14,1,22,-17,142,22,1832,0,66,22
11-24-20,Lawrence,2524,14,2282,10,242,4,2545,2,17541,11,20086,13,0,32,-40,248,54,2244,0,85,35
11-24-20,Lewis,726,2,696,2,30,0,753,0,7074,0,7827,0,0,14,-17,50,19,662,0,25,15
11-24-20,Lincoln,1472,18,1272,8,200,10,1475,5,11106,7,12581,12,0,13,-17,170,35,1289,1,45,19
11-24-20,Loudon,2199,14,2113,14,86,0,2357,15,20380,51,22737,66,0,18,-22,198,36,1983,2,64,21
11-24-20,Macon,1774,7,1637,1,137,6,1983,2,10612,5,12595,7,0,27,-14,145,21,1602,0,95,30
11-24-20,Madison,5151,33,3361,14,1790,19,4449,10,37818,131,42267,141,2,107,-59,280,90,4764,2,239,125
11-24-20,Marion,1056,7,1006,4,50,3,1195,4,10130,25,11325,29,0,17,-6,65,13,974,0,70,19
11-24-20,Marshall,1660,5,1622,4,38,1,1854,7,14520,11,16374,18,1,18,-18,143,22,1499,1,41,21
11-24-20,Maury,5600,18,5464,15,136,3,6094,3,44481,19,50575,22,3,61,-117,585,132,4954,2,171,70
11-24-20,McMinn,2358,9,2261,9,97,0,2579,11,25292,114,27871,125,0,55,-29,234,38,2069,1,93,56
11-24-20,McNairy,1370,3,1085,2,285,1,1454,1,10946,1,12400,2,1,33,-14,50,16,1287,0,49,35
11-24-20,Meigs,459,2,444,2,15,0,524,4,4543,19,5067,23,0,12,-6,43,8,404,0,23,13
11-24-20,Monroe,2035,28,1951,28,84,0,2236,30,16562,73,18798,103,0,42,-7,232,35,1761,0,101,44
11-24-20,Montgomery,6259,17,5455,13,804,4,6203,14,62495,87,68698,101,1,82,-97,432,113,5745,2,184,85
11-24-20,Moore,373,4,316,2,57,2,373,2,3233,7,3606,9,0,2,-8,34,12,337,0,7,2
11-24-20,Morgan,682,4,622,2,60,2,690,1,10593,23,11283,24,0,6,-7,117,11,559,0,14,8
11-24-20,Obion,2540,28,2063,16,477,12,2362,17,14601,78,16963,95,2,49,-3,308,29,2183,2,72,55
11-24-20,Out of State,4948,30,4386,24,562,6,4943,21,403059,774,408002,795,2,49,-95,739,123,4160,1,119,31
11-24-20,Overton,1506,2,1255,0,251,2,1525,0,10060,12,11585,12,0,34,-6,93,8,1379,0,51,37
11-24-20,Pending,3726,51,3043,33,683,18,3454,26,246574,452,250028,478,4,18,-103,579,150,3129,0,55,27
11-24-20,Perry,462,4,430,4,32,0,488,3,4579,1,5067,4,0,20,-2,18,6,424,0,25,22
11-24-20,Pickett,368,6,258,1,110,5,320,1,2001,5,2321,6,1,13,-3,31,8,324,1,21,13
11-24-20,Polk,638,5,602,4,36,1,700,4,5277,9,5977,13,0,14,-1,42,6,582,0,33,15
11-24-20,Putnam,5748,20,5052,9,696,11,6262,9,45211,47,51473,56,0,79,-58,415,78,5254,2,160,88
11-24-20,Rhea,1589,22,1506,21,83,1,1761,20,15559,36,17320,56,0,30,-4,154,26,1405,2,58,32
11-24-20,Roane,2249,17,2152,17,97,0,2453,18,27729,64,30182,82,2,26,-30,246,45,1977,0,73,31
11-24-20,Robertson,3601,23,3472,16,129,7,4074,17,26470,50,30544,67,0,51,-46,352,69,3198,0,229,55
11-24-20,Rutherford,16982,50,16465,37,517,13,19662,40,133827,411,153489,451,3,153,-219,1334,266,15495,3,391,164
11-24-20,Scott,1001,17,708,4,293,13,775,5,7398,11,8173,16,0,7,-32,272,49,722,1,29,8
11-24-20,Sequatchie,502,2,489,2,13,0,539,3,7810,20,8349,23,0,5,-7,37,9,460,0,18,6
11-24-20,Sevier,4700,16,4515,16,185,0,5033,11,38537,65,43570,76,0,31,-34,545,50,4124,3,155,41
11-24-20,Shelby,46170,261,44938,226,1232,35,55700,268,535436,2027,591136,2295,8,645,-265,3173,518,42352,3,2523,734
11-24-20,Smith,1393,10,1246,6,147,4,1592,6,8241,6,9833,12,0,19,-11,128,21,1246,2,45,18
11-24-20,Stewart,568,10,488,10,80,0,572,10,4369,36,4941,46,0,14,0,61,10,493,0,18,17
11-24-20,Sullivan,6177,55,5670,51,507,4,6173,48,49416,114,55589,162,2,91,-40,751,93,5335,5,419,111
11-24-20,Sumner,9231,38,9052,34,179,4,10459,46,71660,271,82119,317,0,134,-130,1074,168,8023,3,540,142
11-24-20,Tipton,3473,28,2917,4,556,24,3589,3,30482,72,34071,75,2,38,-33,376,59,3059,0,116,42
11-24-20,Trousdale,1899,3,1873,2,26,1,1984,3,6487,4,8471,7,0,12,-1,34,4,1853,0,31,12
11-24-20,Unicoi,807,18,704,17,103,1,794,17,8768,14,9562,31,0,25,-2,100,20,682,0,45,27
11-24-20,Union,697,2,632,2,65,0,715,3,6823,16,7538,19,0,5,-15,50,17,642,1,28,5
11-24-20,Van Buren,350,0,317,0,33,0,361,0,3357,4,3718,4,0,2,-10,65,10,283,0,10,3
11-24-20,Warren,2260,5,2054,2,206,3,2387,2,20160,9,22547,11,0,18,-66,229,71,2013,0,41,21
11-24-20,Washington,5616,59,5274,51,342,8,5882,40,48213,70,54095,110,1,101,-42,513,100,5002,5,226,106
11-24-20,Wayne,1816,3,1748,2,68,1,1916,2,7947,1,9863,3,0,10,-25,74,28,1732,0,29,12
11-24-20,Weakley,2080,12,1808,6,272,6,2095,8,14911,20,17006,28,1,35,-22,183,33,1862,0,44,37
11-24-20,White,1674,7,1492,2,182,5,1934,2,15407,17,17341,19,1,18,-11,141,17,1515,0,79,18
11-24-20,Williamson,10805,67,10262,57,543,10,11706,53,107270,317,118976,370,3,76,-140,1064,204,9665,1,193,85
11-24-20,Wilson,7087,31,6852,23,235,8,7998,25,58726,68,66724,93,2,76,-99,711,128,6300,1,194,82
11-23-20,Anderson,2737,7,2566,6,171,1,2927,6,38681,21,41608,27,0,25,-65,403,72,2309,0,82,32
11-23-20,Bedford,2552,28,2315,12,237,16,2754,12,19036,41,21790,53,0,28,-59,280,87,2244,2,74,33
11-23-20,Benton,761,10,713,8,48,2,783,11,6415,18,7198,29,0,14,-33,124,43,623,2,25,16
11-23-20,Bledsoe,1139,3,1125,2,14,1,1198,1,10385,13,11583,14,0,5,-3,21,6,1113,0,24,5
11-23-20,Blount,5222,44,4998,34,224,10,5721,33,44284,61,50005,94,1,56,-70,873,113,4293,0,183,62
11-23-20,Bradley,4852,33,4504,23,348,10,5302,21,36037,136,41339,157,0,33,-36,521,69,4298,1,274,38
11-23-20,Campbell,1473,8,1187,4,286,4,1358,5,17705,24,19063,29,0,21,-4,172,12,1280,0,73,24
11-23-20,Cannon,711,3,652,3,59,0,754,3,5890,10,6644,13,0,2,-24,104,27,605,0,18,3
11-23-20,Carroll,1627,11,1321,6,306,5,1592,3,14703,3,16295,6,0,32,-36,218,47,1377,0,58,36
11-23-20,Carter,2557,24,2375,23,182,1,2631,25,23328,44,25959,69,2,53,-48,298,70,2206,3,156,55
11-23-20,Cheatham,1494,5,1403,5,91,0,1646,5,16222,39,17868,44,0,16,-25,149,30,1329,0,48,17
11-23-20,Chester,990,3,783,1,207,2,990,0,7313,7,8303,7,0,19,-18,100,21,871,0,27,24
11-23-20,Claiborne,749,0,625,0,124,0,735,1,14273,5,15008,6,0,9,-22,109,22,631,0,31,8
11-23-20,Clay,531,1,397,0,134,1,467,0,3870,4,4337,4,0,18,-11,56,12,457,0,18,21
11-23-20,Cocke,1551,8,1326,7,225,1,1494,8,12625,18,14119,26,0,28,-11,149,19,1374,0,71,30
11-23-20,Coffee,2649,29,2151,11,498,18,2676,7,28306,79,30982,86,0,41,-38,274,67,2334,0,66,42
11-23-20,Crockett,1110,4,800,4,310,0,959,3,5151,1,6110,4,0,25,-9,57,13,1028,0,25,27
11-23-20,Cumberland,2429,10,2314,6,115,4,2767,6,32345,18,35112,24,0,35,-53,310,63,2084,1,102,40
11-23-20,Davidson,40854,155,40295,149,559,6,49879,181,548919,1205,598798,1386,5,407,-469,2538,619,37909,3,1399,426
11-23-20,Decatur,920,2,732,1,188,1,918,1,8245,7,9163,8,0,12,-23,109,25,799,0,25,14
11-23-20,Dekalb,1095,19,946,10,149,9,1147,13,11567,8,12714,21,0,20,-8,147,27,928,0,35,24
11-23-20,Dickson,2729,22,2224,15,505,7,2793,15,21306,61,24099,76,0,27,-39,421,61,2281,0,78,39
11-23-20,Dyer,3096,17,2442,8,654,9,2782,5,16161,13,18943,18,0,49,-36,283,53,2764,0,86,55
11-23-20,Fayette,2141,12,2048,11,93,1,2586,12,22744,42,25330,54,0,37,-9,165,21,1939,0,94,41
11-23-20,Fentress,1176,8,1052,8,124,0,1256,8,7037,12,8293,20,0,19,-10,111,18,1046,0,45,24
11-23-20,Franklin,1946,23,1790,18,156,5,2171,19,20840,29,23011,48,1,32,-32,268,54,1646,1,70,37
11-23-20,Gibson,2996,19,2125,13,871,6,2759,11,20399,29,23158,40,0,61,-43,359,62,2576,0,76,68
11-23-20,Giles,1363,19,1297,18,66,1,1513,9,14102,70,15615,79,1,43,-31,131,49,1189,1,64,51
11-23-20,Grainger,928,12,779,11,149,1,911,11,8905,23,9816,34,1,15,-4,144,15,769,1,43,22
11-23-20,Greene,2857,24,2620,21,237,3,2978,19,25494,71,28472,90,3,71,-62,298,83,2488,1,124,73
11-23-20,Grundy,749,1,691,0,58,1,825,2,4474,1,5299,3,0,14,-19,46,20,689,0,44,14
11-23-20,Hamblen,3319,23,2921,12,398,11,3366,12,31116,32,34482,44,0,57,-51,401,74,2861,0,156,70
11-23-20,Hamilton,15852,113,14849,101,1003,12,17030,90,190511,654,207541,744,1,136,-186,1134,298,14582,5,580,159
11-23-20,Hancock,147,0,128,0,19,0,144,0,2450,7,2594,7,0,3,-4,13,4,131,0,11,3
11-23-20,Hardeman,2201,8,2029,5,172,3,2426,5,18483,14,20909,19,0,37,-7,102,15,2062,1,84,39
11-23-20,Hardin,1714,5,1369,3,345,2,1720,1,16407,20,18127,21,0,25,-22,135,27,1554,0,39,29
11-23-20,Hawkins,1814,23,1672,22,142,1,1862,23,16517,56,18379,79,0,34,-21,197,44,1583,1,93,35
11-23-20,Haywood,1589,4,1443,4,146,0,1650,6,9451,21,11101,27,0,29,-20,113,24,1447,0,58,31
11-23-20,Henderson,1772,2,1393,2,379,0,1941,2,11712,7,13653,9,0,30,-23,168,25,1574,0,55,36
11-23-20,Henry,1435,14,1300,10,135,4,1515,12,13152,29,14667,41,0,17,-57,243,71,1175,1,52,19
11-23-20,Hickman,1122,8,1009,8,113,0,1229,9,10356,34,11585,43,0,17,-21,136,29,969,0,30,19
11-23-20,Houston,572,1,477,1,95,0,555,1,4883,0,5438,1,0,19,-6,36,7,517,0,33,20
11-23-20,Humphreys,657,5,506,3,151,2,624,3,7734,13,8358,16,0,7,-15,41,20,609,0,22,8
11-23-20,Jackson,660,1,526,1,134,0,641,1,3598,7,4239,8,1,10,-18,56,18,594,1,26,12
11-23-20,Jefferson,2151,22,1826,18,325,4,2131,20,24298,85,26429,105,0,31,-35,276,57,1844,3,103,36
11-23-20,Johnson,1377,6,1301,4,76,2,1397,4,9503,9,10900,13,0,21,-7,46,13,1310,0,40,23
11-23-20,Knox,17832,165,16905,144,927,21,18755,98,192271,379,211026,477,3,140,-100,1786,262,15906,7,608,158
11-23-20,Lake,1147,3,1090,1,57,2,1318,2,7545,2,8863,4,0,5,-14,56,17,1086,0,13,6
11-23-20,Lauderdale,1990,4,1667,1,323,3,1927,1,15173,18,17100,19,0,21,-28,159,32,1810,0,66,21
11-23-20,Lawrence,2510,18,2272,15,238,3,2543,8,17530,40,20073,48,0,32,-52,288,70,2190,0,85,34
11-23-20,Lewis,724,14,694,11,30,3,753,8,7074,23,7827,31,3,14,-14,67,25,643,1,25,15
11-23-20,Lincoln,1454,8,1264,7,190,1,1470,6,11099,17,12569,23,0,13,-38,187,46,1254,1,44,18
11-23-20,Loudon,2185,5,2099,4,86,1,2342,2,20329,23,22671,25,1,18,-25,220,29,1947,0,62,20
11-23-20,Macon,1767,0,1636,0,131,0,1981,0,10607,107,12588,107,0,27,-32,159,32,1581,0,95,30
11-23-20,Madison,5118,13,3347,9,1771,4,4439,9,37687,34,42126,43,1,105,-84,339,96,4674,2,237,121
11-23-20,Marion,1049,8,1002,7,47,1,1191,6,10105,13,11296,19,0,17,-4,71,12,961,3,70,19
11-23-20,Marshall,1655,17,1618,16,37,1,1847,18,14509,45,16356,63,0,17,-36,161,53,1477,1,40,20
11-23-20,Maury,5582,86,5449,85,133,1,6091,84,44462,314,50553,398,1,58,-98,702,183,4822,4,169,70
11-23-20,McMinn,2349,2,2252,1,97,1,2568,1,25178,79,27746,80,0,55,-51,263,53,2031,0,92,56
11-23-20,McNairy,1367,4,1083,2,284,2,1453,1,10945,15,12398,16,0,32,-18,64,22,1271,0,49,35
11-23-20,Meigs,457,3,442,1,15,2,520,1,4524,5,5044,6,0,12,-5,49,8,396,0,23,13
11-23-20,Monroe,2007,13,1923,3,84,10,2206,4,16489,10,18695,14,0,42,-15,239,28,1726,0,101,44
11-23-20,Montgomery,6242,44,5442,30,800,14,6189,32,62408,129,68597,161,0,81,-83,529,127,5632,0,182,85
11-23-20,Moore,369,4,314,4,55,0,371,2,3226,5,3597,7,0,2,-3,42,7,325,0,7,2
11-23-20,Morgan,678,5,620,3,58,2,689,3,10570,11,11259,14,0,6,-7,124,12,548,0,14,6
11-23-20,Obion,2512,7,2047,3,465,4,2345,4,14523,7,16868,11,0,47,-48,311,55,2154,0,70,54
11-23-20,Out of State,4918,65,4362,59,556,6,4922,67,402285,786,407207,853,-1,47,-92,834,158,4037,1,118,30
11-23-20,Overton,1504,3,1255,2,249,1,1525,5,10048,12,11573,17,0,34,-20,99,23,1371,0,51,37
11-23-20,Pending,3675,45,3010,38,665,7,3428,32,246122,581,249550,613,0,14,-143,682,188,2979,1,55,26
11-23-20,Perry,458,0,426,0,32,0,485,1,4578,2,5063,3,0,20,-10,20,10,418,0,25,22
11-23-20,Pickett,362,1,257,1,105,0,319,1,1996,0,2315,1,0,12,-6,34,7,316,0,20,13
11-23-20,Polk,633,1,598,1,35,0,696,1,5268,5,5964,6,0,14,-4,43,5,576,0,33,14
11-23-20,Putnam,5728,23,5043,15,685,8,6253,17,45164,24,51417,41,0,79,-54,473,77,5176,0,158,85
11-23-20,Rhea,1567,2,1485,2,82,0,1741,2,15523,47,17264,49,0,30,-40,158,42,1379,0,56,30
11-23-20,Roane,2232,16,2135,14,97,2,2435,14,27665,51,30100,65,1,24,-71,276,86,1932,0,73,29
11-23-20,Robertson,3578,22,3456,18,122,4,4057,17,26420,55,30477,72,1,51,-61,398,82,3129,0,229,55
11-23-20,Rutherford,16932,83,16428,74,504,9,19622,83,133416,243,153038,326,0,150,-254,1553,337,15229,2,388,162
11-23-20,Scott,984,19,704,8,280,11,770,8,7387,42,8157,50,0,7,-31,304,50,673,0,28,8
11-23-20,Sequatchie,500,5,487,5,13,0,536,4,7790,14,8326,18,0,5,-10,44,15,451,0,18,5
11-23-20,Sevier,4684,89,4499,87,185,2,5022,88,38472,308,43494,396,1,31,0,579,88,4074,1,152,41
11-23-20,Shelby,45909,183,44712,169,1197,14,55432,195,533409,1011,588841,1206,3,637,-394,3438,574,41834,5,2520,727
11-23-20,Smith,1383,4,1240,3,143,1,1586,4,8235,12,9821,16,0,19,-30,139,34,1225,0,43,18
11-23-20,Stewart,558,6,478,1,80,5,562,1,4333,4,4895,5,0,14,-9,61,15,483,1,18,17
11-23-20,Sullivan,6122,138,5619,126,503,12,6125,139,49302,600,55427,739,0,89,-1,791,139,5242,4,414,110
11-23-20,Sumner,9193,64,9018,61,175,3,10413,64,71389,187,81802,251,0,134,-156,1204,220,7855,2,537,142
11-23-20,Tipton,3445,24,2913,13,532,11,3586,15,30410,56,33996,71,0,36,-88,409,112,3000,0,116,41
11-23-20,Trousdale,1896,1,1871,1,25,0,1981,1,6483,13,8464,14,0,12,-10,35,11,1849,0,31,12
11-23-20,Unicoi,789,15,687,15,102,0,777,10,8754,73,9531,83,2,25,-26,102,39,662,0,45,25
11-23-20,Union,695,2,630,2,65,0,712,2,6807,15,7519,17,0,5,-8,65,10,625,0,27,5
11-23-20,Van Buren,350,5,317,3,33,2,361,3,3353,0,3714,3,0,2,-4,75,9,273,0,10,3
11-23-20,Warren,2255,4,2052,3,203,1,2385,4,20151,27,22536,31,1,18,-57,295,60,1942,1,41,21
11-23-20,Washington,5557,48,5223,42,334,6,5842,39,48143,123,53985,162,2,100,-98,555,144,4902,1,221,105
11-23-20,Wayne,1813,5,1746,4,67,1,1914,3,7946,14,9860,17,0,10,-21,99,26,1704,2,29,12
11-23-20,Weakley,2068,10,1802,10,266,0,2087,9,14891,35,16978,44,0,34,-45,205,55,1829,1,44,36
11-23-20,White,1667,9,1490,3,177,6,1932,3,15390,8,17322,11,0,17,-26,152,35,1498,0,79,18
11-23-20,Williamson,10738,60,10205,57,533,3,11653,61,106953,370,118606,431,0,73,-202,1204,262,9461,1,192,84
11-23-20,Wilson,7056,39,6829,36,227,3,7973,42,58658,151,66631,193,0,74,-114,810,153,6172,0,193,81
11-22-20,Anderson,2730,56,2560,49,170,7,2921,57,38660,486,41581,543,0,25,42,468,14,2237,2,82,31
11-22-20,Bedford,2524,72,2303,62,221,10,2742,69,18995,197,21737,266,1,28,58,339,13,2157,1,72,32
11-22-20,Benton,751,22,705,22,46,0,772,22,6397,95,7169,117,0,14,9,157,13,580,0,23,15
11-22-20,Bledsoe,1136,6,1123,6,13,0,1197,10,10372,118,11569,128,0,5,5,24,1,1107,0,24,5
11-22-20,Blount,5178,111,4964,110,214,1,5688,145,44223,629,49911,774,0,55,61,943,50,4180,3,183,60
11-22-20,Bradley,4819,78,4481,75,338,3,5281,89,35901,275,41182,364,0,33,38,557,40,4229,7,273,37
11-22-20,Campbell,1465,20,1183,14,282,6,1353,23,17681,176,19034,199,0,21,5,176,15,1268,2,73,23
11-22-20,Cannon,708,26,649,23,59,3,751,24,5880,62,6631,86,0,2,21,128,5,578,0,18,3
11-22-20,Carroll,1616,33,1315,29,301,4,1589,34,14700,114,16289,148,1,32,20,254,12,1330,0,58,36
11-22-20,Carter,2533,33,2352,31,181,2,2606,38,23284,176,25890,214,1,51,0,346,32,2136,2,153,55
11-22-20,Cheatham,1489,38,1398,33,91,5,1641,35,16183,225,17824,260,0,16,23,174,15,1299,0,48,17
11-22-20,Chester,987,18,782,18,205,0,990,21,7306,88,8296,109,0,19,9,118,9,850,0,27,24
11-22-20,Claiborne,749,16,625,13,124,3,734,14,14268,190,15002,204,0,9,9,131,7,609,0,31,8
11-22-20,Clay,530,6,397,6,133,0,467,6,3866,17,4333,23,0,18,5,67,1,445,0,18,21
11-22-20,Cocke,1543,18,1319,15,224,3,1486,22,12607,169,14093,191,2,28,2,160,14,1355,0,71,30
11-22-20,Coffee,2620,32,2140,20,480,12,2669,24,28227,202,30896,226,2,41,8,312,22,2267,2,66,42
11-22-20,Crockett,1106,7,796,2,310,5,956,2,5150,32,6106,34,0,25,5,66,2,1015,0,25,27
11-22-20,Cumberland,2419,46,2308,41,111,5,2761,44,32327,309,35088,353,1,35,31,363,14,2021,2,101,39
11-22-20,Davidson,40699,570,40146,556,553,14,49698,656,547714,6390,597412,7046,2,402,279,3007,289,37290,8,1396,424
11-22-20,Decatur,918,12,731,11,187,1,917,11,8238,132,9155,143,0,12,3,132,9,774,0,25,14
11-22-20,Dekalb,1076,12,936,10,140,2,1134,8,11559,93,12693,101,0,20,8,155,4,901,0,35,22
11-22-20,Dickson,2707,84,2209,47,498,37,2778,50,21245,264,24023,314,1,27,53,460,30,2220,2,78,37
11-22-20,Dyer,3079,42,2434,27,645,15,2777,28,16148,86,18925,114,0,49,26,319,16,2711,0,86,55
11-22-20,Fayette,2129,27,2037,26,92,1,2574,28,22702,129,25276,157,0,37,18,174,9,1918,0,94,40
11-22-20,Fentress,1168,13,1044,13,124,0,1248,13,7025,59,8273,72,0,19,9,121,4,1028,0,45,24
11-22-20,Franklin,1923,49,1772,46,151,3,2152,50,20811,197,22963,247,2,31,13,300,34,1592,0,69,36
11-22-20,Gibson,2977,57,2112,42,865,15,2748,52,20370,266,23118,318,0,61,31,402,26,2514,0,76,68
11-22-20,Giles,1344,14,1279,14,65,0,1504,20,14032,114,15536,134,2,42,3,162,9,1140,0,63,51
11-22-20,Grainger,916,38,768,34,148,4,900,37,8882,110,9782,147,1,14,35,148,2,754,0,42,22
11-22-20,Greene,2833,74,2599,60,234,14,2959,70,25423,187,28382,257,1,68,47,360,26,2405,1,123,72
11-22-20,Grundy,748,15,691,13,57,2,823,16,4473,34,5296,50,0,14,14,65,1,669,0,44,14
11-22-20,Hamblen,3296,75,2909,67,387,8,3354,69,31084,258,34438,327,0,57,64,452,11,2787,4,156,69
11-22-20,Hamilton,15739,186,14748,170,991,16,16940,200,189857,1513,206797,1713,1,135,29,1320,156,14284,5,575,155
11-22-20,Hancock,147,5,128,3,19,2,144,3,2443,21,2587,24,0,3,5,17,0,127,0,11,3
11-22-20,Hardeman,2193,19,2024,17,169,2,2421,17,18469,98,20890,115,1,37,9,109,9,2047,1,83,39
11-22-20,Hardin,1709,20,1366,18,343,2,1719,22,16387,195,18106,217,0,25,17,157,3,1527,0,39,28
11-22-20,Hawkins,1791,22,1650,16,141,6,1839,18,16461,203,18300,221,0,34,-4,218,26,1539,0,92,35
11-22-20,Haywood,1585,13,1439,12,146,1,1644,14,9430,59,11074,73,0,29,10,133,3,1423,0,58,31
11-22-20,Henderson,1770,20,1391,16,379,4,1939,18,11705,123,13644,141,0,30,13,191,7,1549,0,55,36
11-22-20,Henry,1421,39,1290,33,131,6,1503,40,13123,74,14626,114,0,17,31,300,8,1104,0,51,19
11-22-20,Hickman,1114,24,1001,18,113,6,1220,20,10322,83,11542,103,0,17,23,157,1,940,1,30,19
11-22-20,Houston,571,9,476,5,95,4,554,5,4883,69,5437,74,0,19,5,42,4,510,1,33,19
11-22-20,Humphreys,652,14,503,11,149,3,621,15,7721,71,8342,86,0,7,2,56,12,589,0,22,8
11-22-20,Jackson,659,7,525,6,134,1,640,6,3591,52,4231,58,0,9,1,74,6,576,0,25,12
11-22-20,Jefferson,2129,35,1808,30,321,5,2111,30,24213,223,26324,253,1,31,25,311,9,1787,3,100,33
11-22-20,Johnson,1371,12,1297,10,74,2,1393,10,9494,46,10887,56,0,21,10,53,2,1297,0,40,23
11-22-20,Knox,17667,220,16761,212,906,8,18657,265,191892,1771,210549,2036,2,137,84,1886,134,15644,5,601,151
11-22-20,Lake,1144,9,1089,7,55,2,1316,8,7543,46,8859,54,0,5,7,70,2,1069,0,13,6
11-22-20,Lauderdale,1986,30,1666,22,320,8,1926,23,15155,95,17081,118,0,21,29,187,1,1778,0,66,21
11-22-20,Lawrence,2492,40,2257,40,235,0,2535,57,17490,202,20025,259,0,32,10,340,30,2120,1,85,34
11-22-20,Lewis,710,9,683,8,27,1,745,10,7051,40,7796,50,0,11,5,81,4,618,0,24,15
11-22-20,Lincoln,1446,34,1257,33,189,1,1464,31,11082,66,12546,97,2,13,26,225,6,1208,1,43,18
11-22-20,Loudon,2180,47,2095,45,85,2,2340,49,20306,261,22646,310,0,17,42,245,5,1918,0,62,20
11-22-20,Macon,1767,24,1636,24,131,0,1981,26,10500,72,12481,98,0,27,10,191,14,1549,0,95,29
11-22-20,Madison,5105,86,3338,52,1767,34,4430,52,37653,351,42083,403,2,104,24,423,60,4578,1,235,117
11-22-20,Marion,1041,17,995,15,46,2,1185,20,10092,81,11277,101,1,17,11,75,5,949,0,67,19
11-22-20,Marshall,1638,32,1602,32,36,0,1829,35,14464,152,16293,187,0,17,22,197,10,1424,0,39,20
11-22-20,Maury,5496,112,5364,109,132,3,6007,120,44148,471,50155,591,0,57,52,800,60,4639,3,165,68
11-22-20,McMinn,2347,39,2251,31,96,8,2567,36,25099,220,27666,256,1,55,22,314,16,1978,0,92,56
11-22-20,McNairy,1363,9,1081,9,282,0,1452,10,10930,101,12382,111,0,32,2,82,7,1249,0,49,35
11-22-20,Meigs,454,2,441,2,13,0,519,4,4519,47,5038,51,0,12,1,54,1,388,0,23,13
11-22-20,Monroe,1994,29,1920,26,74,3,2202,33,16479,162,18681,195,0,42,21,254,8,1698,0,101,44
11-22-20,Montgomery,6198,97,5412,89,786,8,6157,95,62279,578,68436,673,1,81,8,612,88,5505,2,182,85
11-22-20,Moore,365,6,310,6,55,0,369,4,3221,14,3590,18,0,2,5,45,1,318,1,7,2
11-22-20,Morgan,673,22,617,19,56,3,686,20,10559,93,11245,113,0,6,21,131,1,536,0,14,6
11-22-20,Obion,2505,31,2044,26,461,5,2341,33,14516,114,16857,147,4,47,19,359,8,2099,0,70,53
11-22-20,Out of State,4853,174,4303,145,550,29,4855,142,401499,3920,406354,4062,0,48,135,926,39,3879,1,117,30
11-22-20,Overton,1501,15,1253,14,248,1,1520,16,10036,85,11556,101,1,34,13,119,1,1348,0,51,37
11-22-20,Pending,3630,114,2972,89,658,25,3396,104,245541,1829,248937,1933,1,14,52,825,61,2791,1,54,23
11-22-20,Perry,458,5,426,5,32,0,484,6,4576,21,5060,27,-1,20,3,30,3,408,1,25,22
11-22-20,Pickett,361,2,256,2,105,0,318,3,1996,8,2314,11,0,12,1,40,1,309,0,20,12
11-22-20,Polk,632,7,597,7,35,0,695,8,5263,34,5958,42,0,14,4,47,3,571,0,33,14
11-22-20,Putnam,5705,69,5028,65,677,4,6236,72,45140,532,51376,604,4,79,50,527,15,5099,0,158,85
11-22-20,Rhea,1565,30,1483,29,82,1,1739,31,15476,103,17215,134,1,30,26,198,3,1337,0,56,30
11-22-20,Roane,2216,46,2121,44,95,2,2421,44,27614,356,30035,400,1,23,32,347,13,1846,0,73,29
11-22-20,Robertson,3556,63,3438,63,118,0,4040,68,26365,352,30405,420,0,50,31,459,32,3047,2,229,54
11-22-20,Rutherford,16849,327,16354,312,495,15,19539,344,133173,1717,152712,2061,1,150,165,1807,161,14892,5,386,161
11-22-20,Scott,965,36,696,15,269,21,762,17,7345,89,8107,106,0,7,29,335,7,623,1,28,7
11-22-20,Sequatchie,495,9,482,8,13,1,532,8,7776,54,8308,62,0,5,4,54,5,436,0,18,5
11-22-20,Sevier,4595,88,4412,87,183,1,4934,96,38164,627,43098,723,1,30,64,579,23,3986,3,151,40
11-22-20,Shelby,45726,513,44543,498,1183,15,55237,525,532398,4129,587635,4654,5,634,247,3832,261,41260,9,2515,718
11-22-20,Smith,1379,20,1237,17,142,3,1582,20,8223,96,9805,116,1,19,9,169,10,1191,0,43,18
11-22-20,Stewart,552,10,477,10,75,0,561,12,4329,28,4890,40,0,14,4,70,6,468,0,17,17
11-22-20,Sullivan,5984,56,5493,49,491,7,5986,56,48702,151,54688,207,0,89,-13,792,69,5103,10,410,108
11-22-20,Sumner,9129,212,8957,211,172,1,10349,228,71202,887,81551,1115,2,134,120,1360,90,7635,6,535,141
11-22-20,Tipton,3421,104,2900,99,521,5,3571,109,30354,319,33925,428,1,36,81,497,22,2888,1,116,40
11-22-20,Trousdale,1895,7,1870,5,25,2,1980,6,6470,42,8450,48,0,12,6,45,1,1838,0,31,12
11-22-20,Unicoi,774,15,672,14,102,1,767,17,8681,36,9448,53,0,23,6,128,9,623,0,45,25
11-22-20,Union,693,16,628,16,65,0,710,19,6792,87,7502,106,0,5,13,73,3,615,1,27,5
11-22-20,Van Buren,345,4,314,3,31,1,358,3,3353,79,3711,82,0,2,-1,79,5,264,0,10,3
11-22-20,Warren,2251,27,2049,27,202,0,2381,33,20124,196,22505,229,1,17,17,352,9,1882,2,40,20
11-22-20,Washington,5509,91,5181,78,328,13,5803,79,48020,319,53823,398,2,98,43,653,46,4758,3,220,104
11-22-20,Wayne,1808,17,1742,16,66,1,1911,20,7932,86,9843,106,0,10,6,120,11,1678,0,27,11
11-22-20,Weakley,2058,22,1792,20,266,2,2078,22,14856,104,16934,126,0,34,4,250,18,1774,1,43,36
11-22-20,White,1658,19,1487,19,171,0,1929,27,15382,148,17311,175,0,17,14,178,5,1463,0,79,18
11-22-20,Williamson,10678,231,10148,222,530,9,11592,245,106583,1270,118175,1515,1,73,93,1406,137,9199,1,191,83
11-22-20,Wilson,7017,177,6793,167,224,10,7931,182,58507,813,66438,995,0,74,103,924,74,6019,2,193,79
11-21-20,Anderson,2674,58,2511,50,163,8,2864,53,38174,340,41038,393,0,25,35,426,23,2223,1,80,28
11-21-20,Bedford,2452,22,2241,21,211,1,2673,25,18798,89,21471,114,0,27,2,281,20,2144,0,71,31
11-21-20,Benton,729,10,683,8,46,2,750,8,6302,25,7052,33,0,14,5,148,5,567,1,23,14
11-21-20,Bledsoe,1130,1,1117,0,13,1,1187,0,10254,16,11441,16,0,5,-1,19,2,1106,0,24,5
11-21-20,Blount,5067,90,4854,85,213,5,5543,74,43594,325,49137,399,0,55,45,882,45,4130,2,180,60
11-21-20,Bradley,4741,43,4406,36,335,7,5192,28,35626,374,40818,402,0,33,-3,519,46,4189,3,266,37
11-21-20,Campbell,1445,47,1169,30,276,17,1330,27,17505,127,18835,154,0,21,36,171,11,1253,1,71,23
11-21-20,Cannon,682,5,626,5,56,0,727,4,5818,24,6545,28,0,2,-10,107,15,573,0,18,3
11-21-20,Carroll,1583,29,1286,21,297,8,1555,18,14586,126,16141,144,0,31,13,234,16,1318,0,58,36
11-21-20,Carter,2500,27,2321,24,179,3,2568,26,23108,157,25676,183,0,50,6,346,21,2104,1,151,53
11-21-20,Cheatham,1451,16,1365,11,86,5,1606,14,15958,70,17564,84,0,16,5,151,11,1284,2,48,17
11-21-20,Chester,969,8,764,5,205,3,969,5,7218,31,8187,36,0,19,-2,109,10,841,0,27,23
11-21-20,Claiborne,733,10,612,5,121,5,720,8,14078,128,14798,136,0,9,7,122,3,602,1,31,8
11-21-20,Clay,524,2,391,1,133,1,461,0,3849,14,4310,14,0,18,-6,62,8,444,0,18,21
11-21-20,Cocke,1525,24,1304,20,221,4,1464,23,12438,66,13902,89,0,26,11,158,13,1341,0,71,30
11-21-20,Coffee,2588,25,2120,19,468,6,2645,27,28025,162,30670,189,0,39,15,304,10,2245,1,64,42
11-21-20,Crockett,1099,5,794,3,305,2,954,1,5118,26,6072,27,0,25,4,61,1,1013,0,25,27
11-21-20,Cumberland,2373,9,2267,7,106,2,2717,6,32018,60,34735,66,0,34,-12,332,21,2007,2,99,39
11-21-20,Davidson,40129,165,39590,158,539,7,49042,185,541324,1700,590366,1885,1,400,-116,2728,280,37001,2,1388,420
11-21-20,Decatur,906,10,720,6,186,4,906,6,8106,48,9012,54,0,12,0,129,10,765,1,25,14
11-21-20,Dekalb,1064,15,926,12,138,3,1126,12,11466,124,12592,136,0,20,8,147,7,897,0,35,22
11-21-20,Dickson,2623,15,2162,12,461,3,2728,13,20981,159,23709,172,0,26,-15,407,30,2190,0,76,36
11-21-20,Dyer,3037,31,2407,20,630,11,2749,23,16062,68,18811,91,0,49,10,293,21,2695,1,86,54
11-21-20,Fayette,2102,16,2011,14,91,2,2546,20,22573,122,25119,142,0,37,8,156,8,1909,0,94,40
11-21-20,Fentress,1155,9,1031,8,124,1,1235,9,6966,80,8201,89,0,19,5,112,4,1024,1,45,24
11-21-20,Franklin,1874,17,1726,17,148,0,2102,20,20614,108,22716,128,0,29,7,287,10,1558,0,69,36
11-21-20,Gibson,2920,42,2070,23,850,19,2696,21,20104,49,22800,70,0,61,21,371,21,2488,1,76,68
11-21-20,Giles,1330,15,1265,15,65,0,1484,14,13918,99,15402,113,0,40,11,159,4,1131,0,63,50
11-21-20,Grainger,878,13,734,12,144,1,863,13,8772,74,9635,87,0,13,7,113,6,752,0,42,20
11-21-20,Greene,2759,33,2539,24,220,9,2889,24,25236,160,28125,184,0,67,1,313,32,2379,2,122,71
11-21-20,Grundy,733,5,678,4,55,1,807,5,4439,50,5246,55,0,14,4,51,1,668,0,44,14
11-21-20,Hamblen,3221,43,2842,34,379,9,3285,36,30826,227,34111,263,0,57,28,388,15,2776,2,152,69
11-21-20,Hamilton,15553,126,14578,102,975,24,16740,92,188344,662,205084,754,0,134,-30,1291,156,14128,2,570,152
11-21-20,Hancock,142,1,125,0,17,1,141,0,2422,8,2563,8,0,3,0,12,1,127,0,11,3
11-21-20,Hardeman,2174,3,2007,1,167,2,2404,1,18371,18,20775,19,0,36,1,100,2,2038,0,82,39
11-21-20,Hardin,1689,13,1348,10,341,3,1697,14,16192,52,17889,66,0,25,8,140,5,1524,0,39,28
11-21-20,Hawkins,1769,31,1634,29,135,2,1821,31,16258,149,18079,180,0,34,7,222,24,1513,0,92,35
11-21-20,Haywood,1572,9,1427,9,145,0,1630,11,9371,88,11001,99,0,29,3,123,6,1420,0,58,30
11-21-20,Henderson,1750,19,1375,14,375,5,1921,14,11582,34,13503,48,0,30,12,178,7,1542,0,55,36
11-21-20,Henry,1382,29,1257,26,125,3,1463,30,13049,139,14512,169,0,17,18,269,11,1096,0,51,19
11-21-20,Hickman,1090,7,983,7,107,0,1200,7,10239,41,11439,48,0,17,1,134,6,939,1,29,19
11-21-20,Houston,562,4,471,4,91,0,549,5,4814,80,5363,85,0,19,1,37,3,506,1,32,19
11-21-20,Humphreys,638,3,492,3,146,0,606,3,7650,27,8256,30,0,7,-6,54,9,577,0,22,8
11-21-20,Jackson,652,3,519,3,133,0,634,4,3539,24,4173,28,0,9,-9,73,12,570,0,25,12
11-21-20,Jefferson,2094,30,1778,22,316,8,2081,22,23990,105,26071,127,0,30,21,286,9,1778,0,97,33
11-21-20,Johnson,1359,4,1287,4,72,0,1383,5,9448,64,10831,69,1,21,-3,43,6,1295,0,40,23
11-21-20,Knox,17447,172,16549,167,898,5,18392,196,190121,1488,208513,1684,0,135,2,1802,170,15510,4,596,149
11-21-20,Lake,1135,4,1082,3,53,1,1308,2,7497,6,8805,8,0,5,0,63,4,1067,0,13,6
11-21-20,Lauderdale,1956,4,1644,3,312,1,1903,3,15060,53,16963,56,1,21,-2,158,5,1777,0,66,21
11-21-20,Lawrence,2452,13,2217,13,235,0,2478,16,17288,96,19766,112,0,32,-14,330,27,2090,1,84,33
11-21-20,Lewis,701,7,675,7,26,0,735,6,7011,86,7746,92,0,11,3,76,4,614,0,24,15
11-21-20,Lincoln,1412,27,1224,23,188,4,1433,28,11016,76,12449,104,0,11,18,199,9,1202,2,42,16
11-21-20,Loudon,2133,33,2050,33,83,0,2291,32,20045,162,22336,194,0,17,12,203,21,1913,1,62,19
11-21-20,Macon,1743,2,1612,2,131,0,1955,3,10428,45,12383,48,0,27,-16,181,18,1535,0,95,29
11-21-20,Madison,5019,67,3286,13,1733,54,4378,12,37302,81,41680,93,0,102,3,399,64,4518,1,234,115
11-21-20,Marion,1024,2,980,1,44,1,1165,4,10011,76,11176,80,0,16,1,64,1,944,0,67,19
11-21-20,Marshall,1606,13,1570,13,36,0,1794,11,14312,179,16106,190,0,17,1,175,12,1414,1,39,20
11-21-20,Maury,5384,95,5255,94,129,1,5887,106,43677,523,49564,629,0,57,28,748,67,4579,0,162,68
11-21-20,McMinn,2308,22,2220,20,88,2,2531,26,24879,183,27410,209,0,54,-7,292,29,1962,0,92,56
11-21-20,McNairy,1354,2,1072,2,282,0,1442,2,10829,91,12271,93,0,32,-4,80,6,1242,0,49,34
11-21-20,Meigs,452,2,439,1,13,1,515,3,4472,26,4987,29,0,12,1,53,1,387,0,23,12
11-21-20,Monroe,1965,31,1894,30,71,1,2169,31,16317,168,18486,199,0,42,12,233,19,1690,1,101,44
11-21-20,Montgomery,6101,97,5323,80,778,17,6062,83,61701,600,67763,683,0,80,52,604,45,5417,1,180,85
11-21-20,Moore,359,4,304,3,55,1,365,4,3207,19,3572,23,0,2,1,40,3,317,0,6,2
11-21-20,Morgan,651,17,598,14,53,3,666,14,10466,66,11132,80,0,6,13,110,4,535,0,14,6
11-21-20,Obion,2474,45,2018,22,456,23,2308,23,14402,86,16710,109,0,43,37,340,8,2091,0,70,53
11-21-20,Out of State,4679,91,4158,46,521,45,4713,49,397579,2196,402292,2245,2,48,26,791,63,3840,0,116,30
11-21-20,Overton,1486,8,1239,8,247,0,1504,8,9951,49,11455,57,0,33,4,106,4,1347,0,51,37
11-21-20,Pending,3516,80,2883,60,633,20,3292,66,243712,1224,247004,1290,0,13,27,773,53,2730,1,53,22
11-21-20,Perry,453,1,421,1,32,0,478,0,4555,8,5033,8,0,21,-1,27,2,405,0,24,21
11-21-20,Pickett,359,2,254,2,105,0,315,2,1988,51,2303,53,0,12,0,39,2,308,1,20,12
11-21-20,Polk,625,7,590,7,35,0,687,6,5229,29,5916,35,0,14,5,43,2,568,0,33,14
11-21-20,Putnam,5636,31,4963,30,673,1,6164,31,44608,295,50772,326,0,75,15,477,16,5084,1,158,83
11-21-20,Rhea,1535,16,1454,16,81,0,1708,15,15373,122,17081,137,0,29,8,172,8,1334,0,56,30
11-21-20,Roane,2170,40,2077,38,93,2,2377,43,27258,269,29635,312,0,22,28,315,12,1833,2,73,28
11-21-20,Robertson,3493,53,3375,52,118,1,3972,56,26013,206,29985,262,0,50,15,428,38,3015,2,227,54
11-21-20,Rutherford,16522,194,16042,189,480,5,19195,218,131456,1140,150651,1358,1,149,69,1642,124,14731,3,381,161
11-21-20,Scott,929,19,681,6,248,13,745,7,7256,49,8001,56,0,7,8,306,11,616,0,27,7
11-21-20,Sequatchie,486,1,474,1,12,0,524,1,7722,138,8246,139,0,5,-2,50,3,431,0,18,5
11-21-20,Sevier,4507,68,4325,66,182,2,4838,71,37537,365,42375,436,0,29,49,515,19,3963,1,148,37
11-21-20,Shelby,45213,274,44045,235,1168,39,54712,302,528269,2904,582981,3206,0,629,43,3585,231,40999,9,2506,714
11-21-20,Smith,1359,6,1220,6,139,0,1562,6,8127,27,9689,33,0,18,-6,160,12,1181,0,43,18
11-21-20,Stewart,542,7,467,4,75,3,549,6,4301,23,4850,29,0,14,0,66,7,462,0,17,16
11-21-20,Sullivan,5928,109,5444,103,484,6,5930,94,48551,235,54481,329,0,89,42,805,67,5034,12,400,101
11-21-20,Sumner,8917,121,8746,117,171,4,10121,132,70315,597,80436,729,1,132,8,1240,112,7545,1,529,140
11-21-20,Tipton,3317,57,2801,44,516,13,3462,48,30035,236,33497,284,0,35,37,416,20,2866,1,115,40
11-21-20,Trousdale,1888,0,1865,0,23,0,1974,0,6428,17,8402,17,0,12,-4,39,4,1837,0,31,12
11-21-20,Unicoi,759,8,658,8,101,0,750,9,8645,14,9395,23,1,23,-3,122,10,614,2,45,25
11-21-20,Union,677,5,612,5,65,0,691,5,6705,35,7396,40,0,5,3,60,2,612,0,26,5
11-21-20,Van Buren,341,17,311,17,30,0,355,18,3274,15,3629,33,0,2,16,80,1,259,0,10,3
11-21-20,Warren,2224,51,2022,49,202,2,2348,53,19928,129,22276,182,0,16,31,335,20,1873,0,38,19
11-21-20,Washington,5418,66,5103,48,315,18,5724,58,47701,186,53425,244,1,96,24,610,41,4712,0,217,103
11-21-20,Wayne,1791,11,1726,8,65,3,1891,5,7846,23,9737,28,0,10,7,114,4,1667,0,27,11
11-21-20,Weakley,2036,24,1772,16,264,8,2056,17,14752,109,16808,126,0,34,13,246,11,1756,0,42,35
11-21-20,White,1639,6,1468,6,171,0,1902,8,15234,142,17136,150,0,17,-2,164,8,1458,0,79,18
11-21-20,Williamson,10447,138,9926,122,521,16,11347,118,105313,704,116660,822,-1,72,9,1313,130,9062,2,190,81
11-21-20,Wilson,6840,108,6626,105,214,3,7749,118,57694,405,65443,523,1,74,30,821,77,5945,2,191,78
11-20-20,Anderson,2616,30,2461,27,155,3,2811,30,37834,106,40645,136,0,25,-10,391,40,2200,0,79,28
11-20-20,Bedford,2430,46,2220,33,210,13,2648,33,18709,121,21357,154,-1,27,3,279,44,2124,1,71,31
11-20-20,Benton,719,6,675,5,44,1,742,6,6277,19,7019,25,0,14,-10,143,16,562,0,22,14
11-20-20,Bledsoe,1129,3,1117,3,12,0,1187,3,10238,31,11425,34,0,5,-14,20,17,1104,0,24,5
11-20-20,Blount,4977,36,4769,35,208,1,5469,36,43269,183,48738,219,5,55,-33,837,64,4085,0,178,59
11-20-20,Bradley,4698,53,4370,36,328,17,5164,32,35252,136,40416,168,2,33,3,522,48,4143,2,263,37
11-20-20,Campbell,1398,14,1139,11,259,3,1303,13,17378,162,18681,175,1,21,8,135,5,1242,1,70,23
11-20-20,Cannon,677,16,621,15,56,1,723,15,5794,37,6517,52,0,2,1,117,15,558,1,18,3
11-20-20,Carroll,1554,17,1265,7,289,10,1537,8,14460,21,15997,29,1,31,1,221,15,1302,0,58,34
11-20-20,Carter,2473,29,2297,28,176,1,2542,36,22951,115,25493,151,1,50,-4,340,32,2083,1,150,52
11-20-20,Cheatham,1435,12,1354,12,81,0,1592,13,15888,93,17480,106,0,16,1,146,11,1273,0,46,17
11-20-20,Chester,961,17,759,7,202,10,964,6,7187,8,8151,14,0,19,7,111,10,831,0,27,22
11-20-20,Claiborne,723,10,607,8,116,2,712,6,13950,38,14662,44,0,9,2,115,8,599,0,30,8
11-20-20,Clay,522,3,390,1,132,2,461,4,3835,20,4296,24,0,18,2,68,1,436,0,18,21
11-20-20,Cocke,1501,3,1284,2,217,1,1441,4,12372,35,13813,39,0,26,-19,147,22,1328,0,71,30
11-20-20,Coffee,2563,49,2101,36,462,13,2618,35,27863,100,30481,135,1,39,25,289,23,2235,0,63,42
11-20-20,Crockett,1094,4,791,2,303,2,953,1,5092,14,6045,15,0,25,-5,57,9,1012,0,25,27
11-20-20,Cumberland,2364,41,2260,38,104,3,2711,46,31958,181,34669,227,0,34,8,344,33,1986,1,97,38
11-20-20,Davidson,39964,475,39432,453,532,22,48857,522,539624,2886,588481,3408,6,399,83,2844,386,36721,2,1386,416
11-20-20,Decatur,896,13,714,12,182,1,900,13,8058,17,8958,30,1,12,0,129,12,755,0,24,14
11-20-20,Dekalb,1049,10,914,8,135,2,1114,10,11342,60,12456,70,0,20,-18,139,28,890,0,35,22
11-20-20,Dickson,2608,35,2150,35,458,0,2715,49,20822,139,23537,188,0,26,8,422,27,2160,2,76,33
11-20-20,Dyer,3006,14,2387,7,619,7,2726,8,15994,18,18720,26,1,49,-18,283,31,2674,0,85,54
11-20-20,Fayette,2086,10,1997,8,89,2,2526,11,22451,127,24977,138,0,37,-16,148,26,1901,0,94,40
11-20-20,Fentress,1146,13,1023,13,123,0,1226,13,6886,32,8112,45,0,19,6,107,7,1020,0,44,23
11-20-20,Franklin,1857,24,1709,22,148,2,2082,18,20506,73,22588,91,0,29,-2,280,26,1548,0,69,35
11-20-20,Gibson,2878,23,2047,12,831,11,2675,11,20055,40,22730,51,1,61,-14,350,36,2467,3,75,68
11-20-20,Giles,1315,15,1250,12,65,3,1470,9,13819,73,15289,82,0,40,2,148,13,1127,1,63,48
11-20-20,Grainger,865,10,722,6,143,4,850,6,8698,34,9548,40,1,13,3,106,6,746,0,42,20
11-20-20,Greene,2726,23,2515,14,211,9,2865,22,25076,177,27941,199,0,67,-29,312,52,2347,0,120,69
11-20-20,Grundy,728,5,674,4,54,1,802,4,4389,18,5191,22,0,14,0,47,5,667,0,44,14
11-20-20,Hamblen,3178,29,2808,22,370,7,3249,22,30599,126,33848,148,0,57,-8,360,37,2761,2,150,67
11-20-20,Hamilton,15427,167,14476,136,951,31,16648,147,187682,782,204330,929,0,134,-46,1321,213,13972,5,568,150
11-20-20,Hancock,141,2,125,1,16,1,141,2,2414,18,2555,20,0,3,2,12,0,126,0,11,3
11-20-20,Hardeman,2171,10,2006,8,165,2,2403,10,18353,16,20756,26,0,36,2,99,8,2036,0,82,38
11-20-20,Hardin,1676,13,1338,8,338,5,1683,11,16140,37,17823,48,0,25,-4,132,17,1519,0,39,28
11-20-20,Hawkins,1738,16,1605,15,133,1,1790,19,16109,119,17899,138,0,34,-11,215,27,1489,0,92,35
11-20-20,Haywood,1563,17,1418,16,145,1,1619,14,9283,32,10902,46,0,29,10,120,7,1414,0,58,30
11-20-20,Henderson,1731,13,1361,9,370,4,1907,9,11548,16,13455,25,0,30,-3,166,16,1535,0,55,34
11-20-20,Henry,1353,15,1231,11,122,4,1433,9,12910,36,14343,45,1,17,-21,251,35,1085,0,51,19
11-20-20,Hickman,1083,13,976,13,107,0,1193,15,10198,54,11391,69,0,17,-1,133,14,933,2,28,19
11-20-20,Houston,558,1,467,1,91,0,544,2,4734,19,5278,21,0,19,-6,36,7,503,0,31,19
11-20-20,Humphreys,635,8,489,8,146,0,603,8,7623,28,8226,36,0,7,2,60,6,568,0,22,8
11-20-20,Jackson,649,3,516,3,133,0,630,4,3515,10,4145,14,0,9,-4,82,7,558,0,25,11
11-20-20,Jefferson,2064,22,1756,17,308,5,2059,18,23885,61,25944,79,0,30,-5,265,27,1769,0,97,32
11-20-20,Johnson,1355,4,1283,2,72,2,1378,3,9384,57,10762,60,2,20,-11,46,13,1289,1,40,23
11-20-20,Knox,17275,179,16382,170,893,9,18196,155,188633,750,206829,905,7,135,-16,1800,188,15340,5,592,147
11-20-20,Lake,1131,5,1079,4,52,1,1306,6,7491,15,8797,21,0,5,-10,63,15,1063,0,13,5
11-20-20,Lauderdale,1952,7,1641,4,311,3,1900,6,15007,30,16907,36,0,20,-21,160,28,1772,1,66,21
11-20-20,Lawrence,2439,39,2204,32,235,7,2462,29,17192,138,19654,167,1,32,2,344,36,2063,2,83,33
11-20-20,Lewis,694,7,668,5,26,2,729,3,6925,16,7654,19,1,11,-1,73,7,610,0,24,15
11-20-20,Lincoln,1385,47,1201,34,184,13,1405,35,10940,74,12345,109,0,11,24,181,23,1193,1,40,16
11-20-20,Loudon,2100,17,2017,16,83,1,2259,18,19883,84,22142,102,1,17,-21,191,37,1892,0,61,18
11-20-20,Macon,1741,19,1610,15,131,4,1952,18,10383,66,12335,84,0,27,-1,197,20,1517,1,95,29
11-20-20,Madison,4952,39,3273,18,1679,21,4366,19,37221,68,41587,87,2,102,-32,396,69,4454,0,233,114
11-20-20,Marion,1022,11,979,10,43,1,1161,8,9935,51,11096,59,1,16,2,63,8,943,0,67,19
11-20-20,Marshall,1593,31,1557,30,36,1,1783,32,14133,71,15916,103,0,17,2,174,29,1402,1,38,19
11-20-20,Maury,5289,57,5161,55,128,2,5781,72,43154,207,48935,279,5,57,-36,720,88,4512,2,162,64
11-20-20,McMinn,2286,26,2200,22,86,4,2505,12,24696,125,27201,137,1,54,-6,299,31,1933,0,92,56
11-20-20,McNairy,1352,5,1070,3,282,2,1440,2,10738,42,12178,44,0,32,-6,84,11,1236,1,49,34
11-20-20,Meigs,450,9,438,9,12,0,512,9,4446,19,4958,28,0,12,6,52,3,386,0,23,12
11-20-20,Monroe,1934,12,1864,12,70,0,2138,11,16149,61,18287,72,0,42,-10,221,22,1671,1,100,44
11-20-20,Montgomery,6004,120,5243,81,761,39,5979,87,61101,355,67080,442,3,80,22,552,95,5372,0,179,85
11-20-20,Moore,355,5,301,3,54,2,361,3,3188,6,3549,9,0,2,-1,39,6,314,0,6,2
11-20-20,Morgan,634,27,584,23,50,4,652,22,10400,42,11052,64,0,6,17,97,10,531,0,14,6
11-20-20,Obion,2429,14,1996,6,433,8,2285,7,14316,39,16601,46,3,43,-21,303,32,2083,0,70,52
11-20-20,Out of State,4588,70,4112,67,476,3,4664,69,395383,1788,400047,1857,0,46,-27,765,97,3777,1,116,28
11-20-20,Overton,1478,14,1231,12,247,2,1496,12,9902,40,11398,52,0,33,2,102,12,1343,0,51,37
11-20-20,Pending,3436,89,2823,64,613,25,3226,65,242488,1123,245714,1188,-1,13,4,746,86,2677,1,52,21
11-20-20,Perry,452,4,420,4,32,0,478,3,4547,10,5025,13,0,21,-3,28,7,403,0,24,21
11-20-20,Pickett,357,4,252,2,105,2,313,3,1937,8,2250,11,0,12,3,39,1,306,0,19,12
11-20-20,Polk,618,5,583,4,35,1,681,4,5200,22,5881,26,0,14,3,38,2,566,0,33,14
11-20-20,Putnam,5605,63,4933,56,672,7,6133,63,44313,218,50446,281,1,75,10,462,52,5068,0,157,83
11-20-20,Rhea,1519,18,1438,11,81,7,1693,9,15251,78,16944,87,0,29,1,164,17,1326,0,56,30
11-20-20,Roane,2130,8,2039,6,91,2,2334,7,26989,50,29323,57,1,22,-19,287,26,1821,0,71,27
11-20-20,Robertson,3440,65,3323,60,117,5,3916,60,25807,228,29723,288,1,50,25,413,39,2977,1,225,52
11-20-20,Rutherford,16328,229,15853,219,475,10,18977,248,130316,1001,149293,1249,5,148,-10,1573,234,14607,3,378,157
11-20-20,Scott,910,43,675,33,235,10,738,36,7207,114,7945,150,1,7,27,298,15,605,1,27,7
11-20-20,Sequatchie,485,5,473,5,12,0,523,5,7584,28,8107,33,0,5,4,52,1,428,0,18,5
11-20-20,Sevier,4439,27,4259,24,180,3,4767,20,37172,117,41939,137,1,29,-25,466,51,3944,0,147,35
11-20-20,Shelby,44939,417,43810,395,1129,22,54410,446,525365,3113,579775,3559,4,629,66,3542,347,40768,5,2497,707
11-20-20,Smith,1353,25,1214,20,139,5,1556,20,8100,82,9656,102,1,18,8,166,16,1169,0,43,18
11-20-20,Stewart,535,6,463,6,72,0,543,8,4278,25,4821,33,0,14,-3,66,9,455,0,17,16
11-20-20,Sullivan,5819,150,5341,131,478,19,5836,129,48316,409,54152,538,0,89,63,763,87,4967,3,388,96
11-20-20,Sumner,8796,214,8629,210,167,4,9989,227,69718,703,79707,930,2,131,72,1232,140,7433,3,528,139
11-20-20,Tipton,3260,34,2757,20,503,14,3414,21,29799,239,33213,260,1,35,-16,379,49,2846,0,114,38
11-20-20,Trousdale,1888,5,1865,4,23,1,1974,6,6411,52,8385,58,0,12,2,43,3,1833,0,31,12
11-20-20,Unicoi,751,30,650,29,101,1,741,32,8631,58,9372,90,0,22,17,125,13,604,3,43,24
11-20-20,Union,672,4,607,4,65,0,686,3,6670,19,7356,22,0,5,-2,57,6,610,0,26,5
11-20-20,Van Buren,324,6,294,6,30,0,337,6,3259,13,3596,19,0,2,2,64,4,258,0,10,3
11-20-20,Warren,2173,22,1973,18,200,4,2295,19,19799,83,22094,102,0,16,-19,304,41,1853,0,38,18
11-20-20,Washington,5352,76,5055,64,297,12,5666,79,47515,385,53181,464,3,95,6,586,67,4671,1,217,102
11-20-20,Wayne,1780,21,1718,15,62,6,1886,19,7823,56,9709,75,1,10,15,107,5,1663,0,27,11
11-20-20,Weakley,2012,3,1756,3,256,0,2039,4,14643,43,16682,47,0,34,-14,233,17,1745,0,42,35
11-20-20,White,1633,17,1462,15,171,2,1894,15,15092,74,16986,89,0,17,-4,166,21,1450,0,79,17
11-20-20,Williamson,10309,168,9804,159,505,9,11229,173,104609,969,115838,1142,3,73,-19,1304,184,8932,2,188,79
11-20-20,Wilson,6732,140,6521,135,211,5,7631,154,57289,577,64920,731,2,73,31,791,107,5868,2,189,76
11-19-20,Anderson,2586,59,2434,55,152,4,2781,59,37728,419,40509,478,0,25,20,401,39,2160,1,79,27
11-19-20,Bedford,2384,15,2187,6,197,9,2615,5,18588,44,21203,49,0,28,-19,276,34,2080,0,70,30
11-19-20,Benton,713,20,670,20,43,0,736,21,6258,55,6994,76,1,14,-3,153,22,546,0,22,14
11-19-20,Bledsoe,1126,1,1114,1,12,0,1184,1,10207,22,11391,23,1,5,-3,34,3,1087,0,24,5
11-19-20,Blount,4941,90,4734,76,207,14,5433,88,43086,327,48519,415,1,50,30,870,59,4021,3,178,59
11-19-20,Bradley,4645,33,4334,16,311,17,5132,17,35116,163,40248,180,1,31,-10,519,42,4095,2,261,36
11-19-20,Campbell,1384,13,1128,10,256,3,1290,9,17216,39,18506,48,0,20,-2,127,15,1237,2,69,23
11-19-20,Cannon,661,12,606,12,55,0,708,12,5757,17,6465,29,0,2,-1,116,13,543,0,17,3
11-19-20,Carroll,1537,27,1258,20,279,7,1529,24,14439,103,15968,127,0,30,10,220,17,1287,0,58,33
11-19-20,Carter,2444,21,2269,16,175,5,2506,6,22836,45,25342,51,3,49,-28,344,46,2051,3,149,52
11-19-20,Cheatham,1423,24,1342,18,81,6,1579,19,15795,100,17374,119,0,16,4,145,20,1262,0,46,17
11-19-20,Chester,944,21,752,15,192,6,958,15,7179,34,8137,49,0,19,11,104,10,821,0,27,22
11-19-20,Claiborne,713,20,599,17,114,3,706,14,13912,47,14618,61,0,9,11,113,9,591,0,30,8
11-19-20,Clay,519,10,389,9,130,1,457,10,3815,35,4272,45,1,18,4,66,5,435,0,18,21
11-19-20,Cocke,1498,8,1282,3,216,5,1437,3,12337,79,13774,82,0,26,-14,166,22,1306,0,71,30
11-19-20,Coffee,2514,16,2065,8,449,8,2583,5,27763,87,30346,92,2,38,-18,264,32,2212,0,63,41
11-19-20,Crockett,1090,5,789,4,301,1,952,4,5078,31,6030,35,0,25,3,62,2,1003,0,25,27
11-19-20,Cumberland,2323,59,2222,57,101,2,2665,58,31777,247,34442,305,0,34,8,336,51,1953,0,96,38
11-19-20,Davidson,39489,133,38979,124,510,9,48335,160,536738,1373,585073,1533,2,393,-323,2761,454,36335,7,1384,412
11-19-20,Decatur,883,23,702,17,181,6,887,16,8041,31,8928,47,0,11,11,129,12,743,0,24,13
11-19-20,Dekalb,1039,31,906,17,133,14,1104,17,11282,83,12386,100,0,20,20,157,11,862,0,35,22
11-19-20,Dickson,2573,60,2115,37,458,23,2666,37,20683,117,23349,154,0,26,7,414,53,2133,1,74,32
11-19-20,Dyer,2992,34,2380,16,612,18,2718,14,15976,28,18694,42,0,48,-5,301,39,2643,0,85,54
11-19-20,Fayette,2076,16,1989,14,87,2,2515,20,22324,88,24839,108,0,37,0,164,16,1875,0,94,40
11-19-20,Fentress,1133,14,1010,14,123,0,1213,13,6854,42,8067,55,0,19,3,101,11,1013,0,44,23
11-19-20,Franklin,1833,22,1687,12,146,10,2064,10,20433,53,22497,63,0,29,1,282,21,1522,1,69,33
11-19-20,Gibson,2855,41,2035,26,820,15,2664,27,20015,51,22679,78,0,60,-9,364,50,2431,0,72,66
11-19-20,Giles,1300,7,1238,5,62,2,1461,6,13746,51,15207,57,0,40,-10,146,17,1114,0,62,47
11-19-20,Grainger,855,17,716,16,139,1,844,16,8664,66,9508,82,1,12,10,103,6,740,0,42,19
11-19-20,Greene,2703,23,2501,17,202,6,2843,11,24899,97,27742,108,0,67,-18,341,41,2295,2,120,67
11-19-20,Grundy,723,3,670,2,53,1,798,1,4371,7,5169,8,0,14,-1,47,4,662,0,44,14
11-19-20,Hamblen,3149,45,2786,36,363,9,3227,37,30473,214,33700,251,1,57,7,368,37,2724,0,148,67
11-19-20,Hamilton,15260,122,14340,106,920,16,16501,107,186900,738,203401,845,5,134,-86,1367,203,13759,9,563,144
11-19-20,Hancock,139,1,124,0,15,1,139,0,2396,4,2535,4,0,3,1,10,0,126,0,11,3
11-19-20,Hardeman,2161,13,1998,10,163,3,2393,10,18337,27,20730,37,0,36,0,97,13,2028,0,82,38
11-19-20,Hardin,1663,9,1330,9,333,0,1672,7,16103,38,17775,45,0,25,-2,136,11,1502,0,39,28
11-19-20,Hawkins,1722,20,1590,15,132,5,1771,5,15990,52,17761,57,2,34,-8,226,26,1462,0,92,35
11-19-20,Haywood,1546,19,1402,13,144,6,1605,12,9251,33,10856,45,0,29,11,110,8,1407,0,58,30
11-19-20,Henderson,1718,25,1352,21,366,4,1898,22,11532,43,13430,65,0,30,8,169,17,1519,0,55,33
11-19-20,Henry,1338,38,1220,22,118,16,1424,23,12874,72,14298,95,1,16,4,272,33,1050,1,51,19
11-19-20,Hickman,1070,12,963,7,107,5,1178,6,10144,25,11322,31,0,17,-10,134,22,919,0,26,19
11-19-20,Houston,557,2,466,1,91,1,542,1,4715,6,5257,7,0,19,-8,42,10,496,0,31,19
11-19-20,Humphreys,627,1,481,1,146,0,595,2,7595,6,8190,8,0,7,-6,58,7,562,0,22,8
11-19-20,Jackson,646,13,513,13,133,0,626,17,3505,19,4131,36,0,9,4,86,9,551,0,25,9
11-19-20,Jefferson,2042,23,1739,15,303,8,2041,18,23824,105,25865,123,2,30,-6,270,27,1742,0,97,32
11-19-20,Johnson,1351,5,1281,2,70,3,1375,1,9327,4,10702,5,0,18,-7,57,12,1276,1,39,23
11-19-20,Knox,17096,167,16212,149,884,18,18041,134,187883,698,205924,832,2,128,-27,1816,192,15152,4,587,143
11-19-20,Lake,1126,6,1075,5,51,1,1300,5,7476,11,8776,16,0,5,-2,73,8,1048,0,13,5
11-19-20,Lauderdale,1945,29,1637,18,308,11,1894,20,14977,59,16871,79,0,20,-121,181,150,1744,0,65,21
11-19-20,Lawrence,2400,29,2172,9,228,20,2433,5,17054,28,19487,33,3,31,-17,342,43,2027,0,81,33
11-19-20,Lewis,687,6,663,5,24,1,726,5,6909,2,7635,7,0,10,2,74,4,603,0,24,15
11-19-20,Lincoln,1338,30,1167,13,171,17,1370,13,10866,22,12236,35,0,11,-7,157,37,1170,2,39,15
11-19-20,Loudon,2083,13,2001,7,82,6,2241,8,19799,81,22040,89,0,16,-7,212,20,1855,0,61,17
11-19-20,Macon,1722,15,1595,13,127,2,1934,16,10317,103,12251,119,0,27,-9,198,24,1497,0,94,28
11-19-20,Madison,4913,28,3255,10,1658,18,4347,12,37153,64,41500,76,2,100,-39,428,65,4385,0,233,113
11-19-20,Marion,1011,6,969,4,42,2,1153,4,9884,38,11037,42,0,15,2,61,4,935,0,67,18
11-19-20,Marshall,1562,7,1527,4,35,3,1751,11,14062,20,15813,31,2,17,-20,172,25,1373,0,37,18
11-19-20,Maury,5232,31,5106,30,126,1,5709,27,42947,122,48656,149,2,52,-67,756,96,4424,1,160,60
11-19-20,McMinn,2260,19,2178,10,82,9,2493,13,24571,134,27064,147,3,53,-10,305,26,1902,0,92,56
11-19-20,McNairy,1347,3,1067,1,280,2,1438,1,10696,50,12134,51,1,32,-6,90,8,1225,0,48,34
11-19-20,Meigs,441,3,429,2,12,1,503,4,4427,12,4930,16,2,12,-7,46,8,383,0,23,12
11-19-20,Monroe,1922,28,1852,25,70,3,2127,28,16088,98,18215,126,0,42,7,231,21,1649,0,99,44
11-19-20,Montgomery,5884,92,5162,57,722,35,5892,61,60746,337,66638,398,0,77,-4,530,96,5277,3,179,85
11-19-20,Moore,350,3,298,2,52,1,358,1,3182,7,3540,8,0,2,-3,40,6,308,0,6,2
11-19-20,Morgan,607,6,561,2,46,4,630,2,10358,19,10988,21,0,6,-6,80,12,521,0,14,6
11-19-20,Obion,2415,36,1990,30,425,6,2278,32,14277,68,16555,100,1,40,7,324,28,2051,1,70,52
11-19-20,Out of State,4518,116,4045,53,473,63,4595,43,393595,1213,398190,1256,1,46,27,792,88,3680,0,115,28
11-19-20,Overton,1464,22,1219,21,245,1,1484,25,9862,55,11346,80,-1,33,8,100,15,1331,0,51,37
11-19-20,Pending,3347,71,2759,40,588,31,3161,46,241365,760,244526,806,4,14,-11,742,78,2591,0,51,18
11-19-20,Perry,448,3,416,3,32,0,475,4,4537,23,5012,27,3,21,-9,31,9,396,0,24,21
11-19-20,Pickett,353,4,250,1,103,3,310,2,1929,7,2239,9,0,12,-2,36,6,305,1,19,12
11-19-20,Polk,613,1,579,0,34,1,677,0,5178,23,5855,23,0,14,-7,35,8,564,0,33,14
11-19-20,Putnam,5542,61,4877,51,665,10,6070,57,44095,323,50165,380,0,74,0,452,61,5016,0,157,82
11-19-20,Rhea,1501,8,1427,7,74,1,1684,7,15173,43,16857,50,1,29,-10,163,17,1309,0,56,30
11-19-20,Roane,2122,20,2033,17,89,3,2327,19,26939,123,29266,142,2,21,-35,306,53,1795,1,71,26
11-19-20,Robertson,3375,27,3263,21,112,6,3856,22,25579,83,29435,105,0,49,-18,388,45,2938,0,224,52
11-19-20,Rutherford,16099,81,15634,72,465,9,18729,92,129315,310,148044,402,4,143,-128,1583,205,14373,3,375,156
11-19-20,Scott,867,24,642,8,225,16,702,10,7093,23,7795,33,0,6,-6,271,30,590,0,26,7
11-19-20,Sequatchie,480,2,468,2,12,0,518,3,7556,16,8074,19,0,5,-7,48,9,427,0,18,5
11-19-20,Sevier,4412,65,4235,60,177,5,4747,63,37055,289,41802,352,1,28,1,491,63,3893,1,147,34
11-19-20,Shelby,44522,225,43415,205,1107,20,53964,261,522252,2212,576216,2473,2,625,-138,3476,361,40421,4,2492,701
11-19-20,Smith,1328,19,1194,12,134,7,1536,15,8018,62,9554,77,0,17,0,158,19,1153,1,43,18
11-19-20,Stewart,529,4,457,1,72,3,535,1,4253,6,4788,7,0,14,-1,69,5,446,2,17,15
11-19-20,Sullivan,5669,93,5210,73,459,20,5707,76,47907,322,53614,398,10,89,-7,700,90,4880,10,385,92
11-19-20,Sumner,8582,69,8419,59,163,10,9762,65,69015,226,78777,291,1,129,-43,1160,111,7293,3,525,138
11-19-20,Tipton,3226,46,2737,34,489,12,3393,37,29560,138,32953,175,0,34,-5,395,51,2797,1,114,37
11-19-20,Trousdale,1883,0,1861,0,22,0,1968,0,6359,6,8327,6,1,12,-2,41,1,1830,0,31,12
11-19-20,Unicoi,721,5,621,5,100,0,709,4,8573,6,9282,10,4,22,-9,108,10,591,0,40,23
11-19-20,Union,668,3,603,3,65,0,683,3,6651,33,7334,36,0,5,-4,59,7,604,0,26,5
11-19-20,Van Buren,318,7,288,7,30,0,331,7,3246,20,3577,27,0,2,-1,62,8,254,0,10,3
11-19-20,Warren,2151,24,1955,22,196,2,2276,24,19716,155,21992,179,0,16,-23,323,47,1812,0,38,18
11-19-20,Washington,5276,62,4991,46,285,16,5587,38,47130,113,52717,151,3,92,-30,580,89,4604,5,216,101
11-19-20,Wayne,1759,14,1703,6,56,8,1867,2,7767,23,9634,25,0,9,12,92,2,1658,0,27,11
11-19-20,Weakley,2009,25,1753,22,256,3,2035,25,14600,59,16635,84,0,34,7,247,18,1728,0,42,34
11-19-20,White,1616,24,1447,22,169,2,1879,28,15018,83,16897,111,0,17,11,170,13,1429,1,79,17
11-19-20,Williamson,10141,53,9645,31,496,22,11056,30,103640,193,114696,223,1,70,-115,1323,167,8748,2,186,78
11-19-20,Wilson,6592,38,6386,32,206,6,7477,36,56712,141,64189,177,1,71,-74,760,111,5761,2,187,75
11-18-20,Anderson,2527,29,2379,25,148,4,2722,27,37309,301,40031,328,0,25,-7,381,36,2121,0,78,27
11-18-20,Bedford,2369,23,2181,20,188,3,2610,25,18544,87,21154,112,4,28,-17,295,36,2046,0,70,29
11-18-20,Benton,693,16,650,13,43,3,715,17,6203,24,6918,41,0,13,6,156,10,524,0,22,14
11-18-20,Bledsoe,1125,7,1113,7,12,0,1183,9,10185,69,11368,78,0,4,5,37,2,1084,1,24,5
11-18-20,Blount,4851,120,4658,107,193,13,5345,111,42759,359,48104,470,0,49,55,840,65,3962,2,175,58
11-18-20,Bradley,4612,48,4318,37,294,11,5115,49,34953,209,40068,258,0,30,-10,529,58,4053,6,259,36
11-18-20,Campbell,1371,16,1118,5,253,11,1281,7,17177,58,18458,65,0,20,2,129,14,1222,0,67,23
11-18-20,Cannon,649,5,594,5,55,0,696,6,5740,22,6436,28,0,2,-11,117,16,530,0,17,3
11-18-20,Carroll,1510,36,1238,15,272,21,1505,14,14336,26,15841,40,0,30,20,210,16,1270,0,58,33
11-18-20,Carter,2423,43,2253,14,170,29,2500,21,22791,42,25291,63,1,46,11,372,31,2005,1,146,51
11-18-20,Cheatham,1399,12,1324,8,75,4,1560,9,15695,79,17255,88,0,16,-9,141,21,1242,0,46,17
11-18-20,Chester,923,27,737,13,186,14,943,13,7145,47,8088,60,0,19,18,93,9,811,0,27,22
11-18-20,Claiborne,693,16,582,3,111,13,692,7,13865,63,14557,70,0,9,9,102,7,582,0,30,8
11-18-20,Clay,509,15,380,9,129,6,447,10,3780,7,4227,17,0,17,8,62,7,430,0,18,21
11-18-20,Cocke,1490,11,1279,8,211,3,1434,13,12258,86,13692,99,0,26,-5,180,16,1284,0,71,30
11-18-20,Coffee,2498,22,2057,14,441,8,2578,16,27676,144,30254,160,0,36,-2,282,24,2180,2,63,41
11-18-20,Crockett,1085,16,785,1,300,15,948,2,5047,16,5995,18,0,25,9,59,7,1001,0,25,27
11-18-20,Cumberland,2264,20,2165,18,99,2,2607,21,31530,194,34137,215,1,34,-8,328,27,1902,0,96,37
11-18-20,Davidson,39356,293,38855,275,501,18,48175,341,535365,3200,583540,3541,1,391,-195,3084,487,35881,6,1377,407
11-18-20,Decatur,860,30,685,20,175,10,871,20,8010,29,8881,49,0,11,19,118,11,731,0,24,13
11-18-20,Dekalb,1008,22,889,16,119,6,1087,19,11199,56,12286,75,0,20,-9,137,31,851,0,35,22
11-18-20,Dickson,2513,44,2078,21,435,23,2629,23,20566,164,23195,187,0,26,5,407,39,2080,1,73,31
11-18-20,Dyer,2958,36,2364,11,594,25,2704,12,15948,46,18652,58,1,48,6,306,29,2604,0,85,53
11-18-20,Fayette,2060,28,1975,25,85,3,2495,28,22236,229,24731,257,0,37,8,164,20,1859,0,94,40
11-18-20,Fentress,1119,8,996,3,123,5,1200,4,6812,6,8012,10,0,19,4,98,4,1002,0,44,22
11-18-20,Franklin,1811,23,1675,11,136,12,2054,12,20380,56,22434,68,0,29,-3,281,26,1501,0,68,32
11-18-20,Gibson,2814,99,2009,34,805,65,2637,27,19964,105,22601,132,0,60,68,373,31,2381,0,72,65
11-18-20,Giles,1293,6,1233,4,60,2,1455,8,13695,35,15150,43,0,40,-10,156,16,1097,0,62,44
11-18-20,Grainger,838,9,700,7,138,2,828,9,8598,35,9426,44,1,11,-1,93,9,734,0,42,18
11-18-20,Greene,2680,19,2484,16,196,3,2832,17,24802,146,27634,163,1,67,-22,359,40,2254,0,118,67
11-18-20,Grundy,720,2,668,1,52,1,797,2,4364,17,5161,19,0,14,-5,48,7,658,0,44,14
11-18-20,Hamblen,3104,23,2750,16,354,7,3190,18,30259,259,33449,277,0,56,7,361,16,2687,2,148,65
11-18-20,Hamilton,15138,174,14234,140,904,34,16394,149,186162,861,202556,1010,4,129,-21,1453,191,13556,4,554,142
11-18-20,Hancock,138,2,124,1,14,1,139,1,2392,5,2531,6,0,3,2,9,0,126,0,11,3
11-18-20,Hardeman,2148,18,1988,9,160,9,2383,8,18310,59,20693,67,1,36,3,97,14,2015,0,82,38
11-18-20,Hardin,1654,18,1321,13,333,5,1665,12,16065,33,17730,45,0,25,10,138,8,1491,1,39,28
11-18-20,Hawkins,1702,13,1575,5,127,8,1766,8,15938,92,17704,100,1,32,-8,234,20,1436,0,92,35
11-18-20,Haywood,1527,14,1389,11,138,3,1593,11,9218,30,10811,41,0,29,0,99,14,1399,0,58,30
11-18-20,Henderson,1693,25,1331,6,362,19,1876,8,11489,15,13365,23,0,30,14,161,11,1502,0,55,33
11-18-20,Henry,1300,20,1198,6,102,14,1401,8,12802,27,14203,35,0,15,4,268,16,1017,1,50,18
11-18-20,Hickman,1058,10,956,5,102,5,1172,5,10119,41,11291,46,0,17,-8,144,18,897,0,26,19
11-18-20,Houston,555,5,465,1,90,4,541,0,4709,4,5250,4,0,19,-8,50,13,486,0,31,19
11-18-20,Humphreys,626,5,480,1,146,4,593,2,7589,25,8182,27,0,7,-11,64,16,555,0,22,8
11-18-20,Jackson,633,4,500,3,133,1,609,4,3486,20,4095,24,2,9,-12,82,14,542,0,25,8
11-18-20,Jefferson,2019,38,1724,24,295,14,2023,26,23719,139,25742,165,0,28,14,276,24,1715,0,97,32
11-18-20,Johnson,1346,3,1279,1,67,2,1374,1,9323,7,10697,8,0,18,-3,64,6,1264,0,38,23
11-18-20,Knox,16929,168,16063,161,866,7,17907,180,187185,873,205092,1053,0,126,-12,1843,180,14960,7,583,138
11-18-20,Lake,1120,6,1070,5,50,1,1295,5,7465,15,8760,20,0,5,-2,75,8,1040,1,13,5
11-18-20,Lauderdale,1916,29,1619,21,297,8,1874,21,14918,43,16792,64,0,20,8,302,21,1594,0,65,21
11-18-20,Lawrence,2371,20,2163,17,208,3,2428,9,17026,60,19454,69,2,28,-42,359,60,1984,1,81,32
11-18-20,Lewis,681,2,658,2,23,0,721,2,6907,7,7628,9,1,10,-13,72,14,599,0,24,15
11-18-20,Lincoln,1308,12,1154,12,154,0,1357,11,10844,58,12201,69,1,11,-12,164,23,1133,0,37,15
11-18-20,Loudon,2070,18,1994,15,76,3,2233,15,19718,88,21951,103,0,16,-5,219,23,1835,0,61,17
11-18-20,Macon,1707,46,1582,32,125,14,1918,36,10214,69,12132,105,0,27,29,207,17,1473,0,94,28
11-18-20,Madison,4885,139,3245,16,1640,123,4335,14,37089,118,41424,132,2,98,66,467,71,4320,1,233,113
11-18-20,Marion,1005,9,965,8,40,1,1149,10,9846,39,10995,49,0,15,2,59,7,931,3,67,18
11-18-20,Marshall,1555,12,1523,9,32,3,1740,10,14042,50,15782,60,0,15,-17,192,29,1348,1,37,18
11-18-20,Maury,5201,60,5076,50,125,10,5682,59,42825,168,48507,227,2,50,-52,823,110,4328,1,159,59
11-18-20,McMinn,2241,28,2168,26,73,2,2480,26,24437,132,26917,158,0,50,-2,315,30,1876,0,92,55
11-18-20,McNairy,1344,20,1066,16,278,4,1437,16,10646,15,12083,31,0,31,14,96,6,1217,0,48,34
11-18-20,Meigs,438,8,427,5,11,3,499,5,4415,13,4914,18,0,10,3,53,5,375,0,23,12
11-18-20,Monroe,1894,24,1827,23,67,1,2099,26,15990,100,18089,126,0,42,9,224,15,1628,1,99,43
11-18-20,Montgomery,5792,70,5105,47,687,23,5831,51,60409,307,66240,358,0,77,-3,534,73,5181,3,176,83
11-18-20,Moore,347,1,296,1,51,0,357,2,3175,11,3532,13,0,2,-5,43,6,302,0,6,2
11-18-20,Morgan,601,10,559,7,42,3,628,12,10339,39,10967,51,0,6,-7,86,17,509,0,14,6
11-18-20,Obion,2379,53,1960,27,419,26,2246,29,14209,149,16455,178,1,39,27,317,25,2023,1,69,52
11-18-20,Out of State,4402,79,3992,68,410,11,4552,74,392382,2054,396934,2128,0,45,1,765,78,3592,1,115,28
11-18-20,Overton,1442,8,1198,4,244,4,1459,3,9807,40,11266,43,0,34,-5,92,13,1316,0,51,37
11-18-20,Pending,3276,107,2719,64,557,43,3115,64,240605,808,243720,872,0,10,23,753,84,2513,0,51,17
11-18-20,Perry,445,7,413,7,32,0,471,9,4514,9,4985,18,0,18,0,40,7,387,0,24,21
11-18-20,Pickett,349,8,249,3,100,5,308,2,1922,4,2230,6,0,12,6,38,2,299,0,18,12
11-18-20,Polk,612,4,579,1,33,3,677,3,5155,21,5832,24,0,14,2,42,2,556,0,33,14
11-18-20,Putnam,5481,51,4826,48,655,3,6013,61,43772,251,49785,312,1,74,3,452,47,4955,2,157,82
11-18-20,Rhea,1493,23,1420,23,73,0,1677,26,15130,49,16807,75,0,28,9,173,14,1292,0,56,30
11-18-20,Roane,2102,32,2016,31,86,1,2308,42,26816,215,29124,257,2,19,-15,341,45,1742,3,70,25
11-18-20,Robertson,3348,38,3242,32,106,6,3834,28,25496,125,29330,153,1,49,3,406,34,2893,0,224,52
11-18-20,Rutherford,16018,233,15562,226,456,7,18637,262,129005,1099,147642,1361,5,139,10,1711,218,14168,4,372,149
11-18-20,Scott,843,42,634,31,209,11,692,31,7070,83,7762,114,0,6,17,277,25,560,0,26,7
11-18-20,Sequatchie,478,4,466,3,12,1,515,3,7540,25,8055,28,0,5,-5,55,9,418,0,18,5
11-18-20,Sevier,4347,73,4175,69,172,4,4684,78,36766,373,41450,451,0,27,31,490,42,3830,1,146,33
11-18-20,Shelby,44297,434,43210,386,1087,48,53703,471,520040,3154,573743,3625,7,623,-61,3614,488,40060,6,2488,695
11-18-20,Smith,1309,14,1182,11,127,3,1521,13,7956,55,9477,68,0,17,-7,158,21,1134,1,42,18
11-18-20,Stewart,525,8,456,5,69,3,534,5,4247,20,4781,25,0,14,-1,70,9,441,0,15,15
11-18-20,Sullivan,5576,88,5137,59,439,29,5631,51,47585,98,53216,149,2,79,6,707,80,4790,6,375,92
11-18-20,Sumner,8513,103,8360,91,153,12,9697,104,68789,304,78486,408,2,128,-25,1203,126,7182,7,522,136
11-18-20,Tipton,3180,48,2703,31,477,17,3356,36,29422,148,32778,184,1,34,-6,400,53,2746,0,113,37
11-18-20,Trousdale,1883,6,1861,4,22,2,1968,4,6353,25,8321,29,1,11,-3,43,8,1829,0,31,12
11-18-20,Unicoi,716,9,616,5,100,4,705,6,8567,22,9272,28,0,18,-4,117,13,581,0,40,23
11-18-20,Union,665,6,600,4,65,2,680,4,6618,32,7298,36,0,5,2,63,4,597,0,26,5
11-18-20,Van Buren,311,7,281,7,30,0,324,10,3226,11,3550,21,0,2,5,63,2,246,1,10,2
11-18-20,Warren,2127,45,1933,37,194,8,2252,44,19561,184,21813,228,0,16,9,346,36,1765,1,38,18
11-18-20,Washington,5214,61,4945,40,269,21,5549,36,47017,124,52566,160,1,89,-9,610,69,4515,6,211,99
11-18-20,Wayne,1745,14,1697,10,48,4,1865,9,7744,30,9609,39,1,9,6,80,7,1656,0,27,11
11-18-20,Weakley,1984,26,1731,12,253,14,2010,17,14541,32,16551,49,0,34,14,240,12,1710,1,42,34
11-18-20,White,1592,16,1425,9,167,7,1851,8,14935,41,16786,49,0,17,-1,159,17,1416,2,78,17
11-18-20,Williamson,10088,111,9614,106,474,5,11026,113,103447,495,114473,608,1,69,-59,1438,169,8581,3,184,78
11-18-20,Wilson,6554,126,6354,118,200,8,7441,136,56571,705,64012,841,1,70,47,834,78,5650,4,185,74
11-17-20,Anderson,2498,18,2354,17,144,1,2695,18,37008,191,39703,209,2,25,-35,388,51,2085,1,78,26
11-17-20,Bedford,2346,20,2161,19,185,1,2585,24,18457,85,21042,109,0,24,-26,312,46,2010,0,70,29
11-17-20,Benton,677,18,637,18,40,0,698,22,6179,41,6877,63,0,13,6,150,12,514,1,22,14
11-17-20,Bledsoe,1118,2,1106,2,12,0,1174,3,10116,23,11290,26,0,4,-5,32,7,1082,0,23,5
11-17-20,Blount,4731,72,4551,65,180,7,5234,70,42400,297,47634,367,1,49,3,785,68,3897,3,173,58
11-17-20,Bradley,4564,85,4281,72,283,13,5066,69,34744,183,39810,252,1,30,32,539,52,3995,5,253,35
11-17-20,Campbell,1355,8,1113,6,242,2,1274,6,17119,57,18393,63,0,20,-8,127,16,1208,1,67,23
11-17-20,Cannon,644,12,589,12,55,0,690,12,5718,70,6408,82,0,2,4,128,8,514,0,17,3
11-17-20,Carroll,1474,15,1223,14,251,1,1491,20,14310,68,15801,88,0,30,-4,190,19,1254,0,58,33
11-17-20,Carter,2380,60,2239,47,141,13,2479,60,22749,91,25228,151,1,45,25,361,34,1974,0,145,51
11-17-20,Cheatham,1387,16,1316,14,71,2,1551,14,15616,83,17167,97,0,16,3,150,13,1221,0,46,16
11-17-20,Chester,896,5,724,5,172,0,930,5,7098,34,8028,39,0,19,-8,75,13,802,0,27,21
11-17-20,Claiborne,677,8,579,8,98,0,685,8,13802,30,14487,38,0,9,0,93,8,575,0,30,8
11-17-20,Clay,494,5,371,3,123,2,437,2,3773,6,4210,8,0,17,2,54,3,423,0,18,21
11-17-20,Cocke,1479,11,1271,9,208,2,1421,9,12172,100,13593,109,0,26,4,185,7,1268,0,71,29
11-17-20,Coffee,2476,29,2043,25,433,4,2562,30,27532,158,30094,188,0,36,7,284,22,2156,0,61,40
11-17-20,Crockett,1069,7,784,4,285,3,946,5,5031,14,5977,19,0,25,-8,50,15,994,0,25,27
11-17-20,Cumberland,2244,18,2147,15,97,3,2586,15,31336,75,33922,90,2,33,-24,336,40,1875,2,96,37
11-17-20,Davidson,39063,371,38580,369,483,2,47834,434,532165,2821,579999,3255,3,390,33,3279,335,35394,3,1371,404
11-17-20,Decatur,830,9,665,8,165,1,851,9,7981,18,8832,27,0,11,4,99,5,720,0,24,13
11-17-20,Dekalb,986,8,873,7,113,1,1068,5,11143,23,12211,28,1,20,-4,146,11,820,0,35,22
11-17-20,Dickson,2469,37,2057,29,412,8,2606,30,20402,110,23008,140,2,26,-5,402,40,2041,1,72,30
11-17-20,Dyer,2922,29,2353,18,569,11,2692,18,15902,54,18594,72,0,47,-14,300,43,2575,0,85,53
11-17-20,Fayette,2032,8,1950,7,82,1,2467,8,22007,59,24474,67,1,37,-4,156,11,1839,0,94,40
11-17-20,Fentress,1111,9,993,9,118,0,1196,11,6806,52,8002,63,2,19,-5,94,12,998,0,44,22
11-17-20,Franklin,1788,28,1664,27,124,1,2042,37,20324,115,22366,152,0,29,10,284,18,1475,0,68,32
11-17-20,Gibson,2715,32,1975,13,740,19,2610,12,19859,66,22469,78,1,60,-11,305,42,2350,0,72,65
11-17-20,Giles,1287,16,1229,16,58,0,1447,19,13660,71,15107,90,1,40,0,166,15,1081,0,62,44
11-17-20,Grainger,829,7,693,7,136,0,819,9,8563,38,9382,47,1,10,-4,94,10,725,1,42,17
11-17-20,Greene,2661,62,2468,54,193,8,2815,67,24656,225,27471,292,1,66,26,381,35,2214,0,118,67
11-17-20,Grundy,718,11,667,9,51,2,795,9,4347,27,5142,36,0,14,5,53,6,651,0,44,14
11-17-20,Hamblen,3081,8,2734,7,347,1,3172,7,30000,65,33172,72,0,56,-23,354,31,2671,0,146,65
11-17-20,Hamilton,14964,172,14094,154,870,18,16245,157,185301,1044,201546,1201,1,125,11,1474,160,13365,5,550,141
11-17-20,Hancock,136,1,123,1,13,0,138,1,2387,4,2525,5,0,3,0,7,1,126,0,11,3
11-17-20,Hardeman,2130,8,1979,7,151,1,2375,8,18251,40,20626,48,0,35,-4,94,12,2001,0,82,38
11-17-20,Hardin,1636,14,1308,11,328,3,1653,11,16032,108,17685,119,0,25,3,128,11,1483,0,38,28
11-17-20,Hawkins,1689,32,1570,31,119,1,1758,35,15846,64,17604,99,0,31,14,242,18,1416,1,92,35
11-17-20,Haywood,1513,10,1378,7,135,3,1582,7,9188,26,10770,33,1,29,-4,99,13,1385,0,58,29
11-17-20,Henderson,1668,21,1325,18,343,3,1868,24,11474,46,13342,70,0,30,6,147,15,1491,0,55,32
11-17-20,Henry,1280,32,1192,28,88,4,1393,32,12775,82,14168,114,0,15,12,264,20,1001,2,49,17
11-17-20,Hickman,1048,23,951,21,97,2,1167,22,10078,50,11245,72,0,17,16,152,7,879,0,26,19
11-17-20,Houston,550,11,464,8,86,3,541,8,4705,107,5246,115,0,19,2,58,9,473,0,31,19
11-17-20,Humphreys,621,10,479,8,142,2,591,8,7564,52,8155,60,1,7,3,75,6,539,1,22,8
11-17-20,Jackson,629,3,497,2,132,1,605,1,3466,14,4071,15,0,7,-9,94,12,528,0,25,8
11-17-20,Jefferson,1981,11,1700,10,281,1,1997,10,23580,62,25577,72,1,28,-7,262,17,1691,0,97,31
11-17-20,Johnson,1343,11,1278,11,65,0,1373,12,9316,33,10689,45,1,18,1,67,9,1258,0,38,22
11-17-20,Knox,16761,247,15902,237,859,10,17727,250,186312,989,204039,1239,9,126,84,1855,154,14780,6,576,137
11-17-20,Lake,1114,2,1065,1,49,1,1290,3,7450,14,8740,17,0,5,-9,77,11,1032,0,12,5
11-17-20,Lauderdale,1887,17,1598,16,289,1,1853,16,14875,72,16728,88,0,20,1,294,16,1573,0,65,21
11-17-20,Lawrence,2351,34,2146,28,205,6,2419,31,16966,67,19385,98,0,26,12,401,22,1924,0,80,32
11-17-20,Lewis,679,14,656,14,23,0,719,15,6900,32,7619,47,0,9,2,85,12,585,0,24,15
11-17-20,Lincoln,1296,14,1142,14,154,0,1346,18,10786,56,12132,74,2,10,-17,176,29,1110,0,37,15
11-17-20,Loudon,2052,15,1979,15,73,0,2218,15,19630,93,21848,108,1,16,-5,224,19,1812,0,61,17
11-17-20,Macon,1661,8,1550,6,111,2,1882,7,10145,40,12027,47,1,27,-10,178,17,1456,0,94,28
11-17-20,Madison,4746,41,3229,32,1517,9,4321,35,36971,193,41292,228,2,96,-17,401,56,4249,0,232,113
11-17-20,Marion,996,9,957,9,39,0,1139,10,9807,46,10946,56,0,15,4,57,5,924,0,64,18
11-17-20,Marshall,1543,34,1514,33,29,1,1730,31,13992,94,15722,125,0,15,11,209,23,1319,0,36,17
11-17-20,Maury,5141,41,5026,41,115,0,5623,50,42657,165,48280,215,2,48,-78,875,117,4218,1,158,56
11-17-20,McMinn,2213,28,2142,28,71,0,2454,27,24305,130,26759,157,2,50,3,317,23,1846,0,92,55
11-17-20,McNairy,1324,11,1050,10,274,1,1421,12,10631,54,12052,66,0,31,0,82,11,1211,0,48,34
11-17-20,Meigs,430,4,422,3,8,1,494,4,4402,26,4896,30,0,10,-5,50,9,370,0,23,12
11-17-20,Monroe,1870,5,1804,5,66,0,2073,6,15890,40,17963,46,2,42,-17,215,20,1613,0,98,43
11-17-20,Montgomery,5722,46,5058,36,664,10,5780,37,60102,271,65882,308,0,77,-20,537,66,5108,0,173,82
11-17-20,Moore,346,9,295,7,51,2,355,7,3164,8,3519,15,0,2,6,48,3,296,0,6,2
11-17-20,Morgan,591,6,552,5,39,1,616,5,10300,22,10916,27,0,6,-1,93,7,492,0,14,6
11-17-20,Obion,2326,39,1933,21,393,18,2217,22,14060,28,16277,50,2,38,6,290,31,1998,0,68,50
11-17-20,Out of State,4323,56,3924,42,399,14,4478,42,390328,1355,394806,1397,2,45,-7,764,61,3514,0,114,28
11-17-20,Overton,1434,6,1194,5,240,1,1456,5,9767,30,11223,35,1,34,1,97,4,1303,0,51,37
11-17-20,Pending,3169,68,2655,55,514,13,3051,66,239797,736,242848,802,0,10,1,730,67,2429,2,51,16
11-17-20,Perry,438,3,406,3,32,0,462,3,4505,5,4967,8,0,18,-1,40,4,380,0,24,21
11-17-20,Pickett,341,0,246,0,95,0,306,0,1918,2,2224,2,1,12,-8,32,7,297,0,18,12
11-17-20,Polk,608,4,578,4,30,0,674,6,5134,23,5808,29,0,14,2,40,2,554,0,33,14
11-17-20,Putnam,5430,15,4778,12,652,3,5952,13,43521,77,49473,90,2,73,-36,449,49,4908,1,155,80
11-17-20,Rhea,1470,23,1397,21,73,2,1651,21,15081,99,16732,120,0,28,8,164,15,1278,0,56,30
11-17-20,Roane,2070,29,1985,27,85,2,2266,21,26601,135,28867,156,3,17,-10,356,36,1697,1,67,24
11-17-20,Robertson,3310,45,3210,45,100,0,3806,47,25371,161,29177,208,2,48,15,403,28,2859,4,224,52
11-17-20,Rutherford,15785,221,15336,216,449,5,18375,234,127906,909,146281,1143,3,134,4,1701,214,13950,3,368,148
11-17-20,Scott,801,12,603,6,198,6,661,6,6987,42,7648,48,0,6,-8,260,20,535,0,26,7
11-17-20,Sequatchie,474,12,463,10,11,2,512,9,7515,32,8027,41,0,5,7,60,5,409,1,18,5
11-17-20,Sevier,4274,41,4106,39,168,2,4606,41,36393,199,40999,240,0,27,-4,459,45,3788,0,145,33
11-17-20,Shelby,43863,256,42824,241,1039,15,53232,315,516886,1678,570118,1993,3,616,-118,3675,371,39572,5,2482,689
11-17-20,Smith,1295,14,1171,11,124,3,1508,11,7901,43,9409,54,0,17,2,165,12,1113,1,41,18
11-17-20,Stewart,517,7,451,7,66,0,529,7,4227,43,4756,50,0,14,-3,71,10,432,0,15,15
11-17-20,Sullivan,5488,89,5078,88,410,1,5580,96,47487,235,53067,331,0,77,1,701,88,4710,5,369,89
11-17-20,Sumner,8410,147,8269,147,141,0,9593,160,68485,543,78078,703,2,126,54,1228,91,7056,2,515,136
11-17-20,Tipton,3132,31,2672,25,460,6,3320,33,29274,128,32594,161,1,33,0,406,30,2693,0,113,37
11-17-20,Trousdale,1877,6,1857,6,20,0,1964,6,6328,14,8292,20,0,10,3,46,3,1821,0,31,12
11-17-20,Unicoi,707,20,611,20,96,0,699,24,8545,39,9244,63,1,18,7,121,12,568,0,40,22
11-17-20,Union,659,6,596,6,63,0,676,5,6586,27,7262,32,0,5,2,61,4,593,0,26,5
11-17-20,Van Buren,304,10,274,9,30,1,314,10,3215,13,3529,23,0,2,5,58,5,244,0,9,2
11-17-20,Warren,2082,18,1896,11,186,7,2208,17,19377,117,21585,134,0,16,-17,337,35,1729,0,37,18
11-17-20,Washington,5153,91,4905,89,248,2,5513,112,46893,314,52406,426,1,88,16,619,74,4446,3,205,98
11-17-20,Wayne,1731,16,1687,14,44,2,1856,15,7714,59,9570,74,0,8,12,74,4,1649,0,27,11
11-17-20,Weakley,1958,26,1719,22,239,4,1993,26,14509,55,16502,81,0,34,11,226,15,1698,0,41,34
11-17-20,White,1576,16,1416,14,160,2,1843,15,14894,74,16737,89,0,17,-3,160,19,1399,0,76,17
11-17-20,Williamson,9977,116,9508,105,469,11,10913,113,102952,684,113865,797,2,68,-22,1497,136,8412,2,181,77
11-17-20,Wilson,6428,76,6236,71,192,5,7305,77,55866,286,63171,363,0,69,-11,787,87,5572,2,181,73
11-16-20,Anderson,2480,48,2337,28,143,20,2677,28,36817,286,39494,314,0,23,-8,423,56,2034,1,77,25
11-16-20,Bedford,2326,51,2142,50,184,1,2561,52,18372,179,20933,231,0,24,-4,338,55,1964,1,70,28
11-16-20,Benton,659,8,619,8,40,0,676,6,6138,20,6814,26,0,13,-12,144,20,502,1,21,14
11-16-20,Bledsoe,1116,7,1104,7,12,0,1171,8,10093,85,11264,93,0,4,-4,37,11,1075,1,23,5
11-16-20,Blount,4659,113,4486,112,173,1,5164,123,42103,268,47267,391,1,48,53,782,59,3829,2,170,55
11-16-20,Bradley,4479,78,4209,66,270,12,4997,68,34561,266,39558,334,2,29,19,507,57,3943,1,248,33
11-16-20,Campbell,1347,22,1107,21,240,1,1268,20,17062,101,18330,121,0,20,9,135,13,1192,1,66,22
11-16-20,Cannon,632,3,577,2,55,1,678,2,5648,30,6326,32,0,2,-12,124,15,506,0,17,3
11-16-20,Carroll,1459,11,1209,10,250,1,1471,9,14242,30,15713,39,0,30,-19,194,30,1235,0,58,33
11-16-20,Carter,2320,46,2192,44,128,2,2419,49,22658,265,25077,314,0,44,-6,336,52,1940,1,145,47
11-16-20,Cheatham,1371,18,1302,18,69,0,1537,18,15533,139,17070,157,3,16,-1,147,16,1208,0,46,16
11-16-20,Chester,891,10,719,5,172,5,925,3,7064,17,7989,20,0,19,-8,83,18,789,0,27,21
11-16-20,Claiborne,669,7,571,7,98,0,677,8,13772,77,14449,85,0,9,3,93,4,567,0,30,8
11-16-20,Clay,489,5,368,2,121,3,435,3,3767,11,4202,14,1,17,-4,52,8,420,0,18,21
11-16-20,Cocke,1468,20,1262,16,206,4,1412,18,12072,61,13484,79,0,26,5,181,15,1261,0,71,28
11-16-20,Coffee,2447,53,2018,23,429,30,2532,23,27374,162,29906,185,0,36,17,277,36,2134,0,61,40
11-16-20,Crockett,1062,1,780,1,282,0,941,1,5017,16,5958,17,0,25,-8,58,9,979,0,25,27
11-16-20,Cumberland,2226,19,2132,16,94,3,2571,18,31261,110,33832,128,0,31,-34,360,53,1835,0,94,36
11-16-20,Davidson,38692,518,38211,510,481,8,47400,604,529344,4826,576744,5430,5,387,14,3246,499,35059,11,1368,403
11-16-20,Decatur,821,6,657,5,164,1,842,6,7963,53,8805,59,0,11,-9,95,15,715,0,24,13
11-16-20,Dekalb,978,13,866,6,112,7,1063,6,11120,109,12183,115,0,19,-7,150,20,809,0,35,22
11-16-20,Dickson,2432,47,2028,46,404,1,2576,57,20292,140,22868,197,0,24,-5,407,52,2001,0,71,29
11-16-20,Dyer,2893,12,2335,6,558,6,2674,6,15848,54,18522,60,0,47,-48,314,60,2532,0,85,53
11-16-20,Fayette,2024,11,1943,11,81,0,2459,11,21948,95,24407,106,0,36,-14,160,25,1828,0,94,39
11-16-20,Fentress,1102,8,984,8,118,0,1185,8,6754,85,7939,93,0,17,-5,99,13,986,0,44,21
11-16-20,Franklin,1760,46,1637,36,123,10,2005,33,20209,232,22214,265,0,29,14,274,32,1457,0,68,32
11-16-20,Gibson,2683,20,1962,12,721,8,2598,19,19793,60,22391,79,0,59,-8,316,28,2308,0,72,64
11-16-20,Giles,1271,25,1213,19,58,6,1428,20,13589,148,15017,168,0,39,-1,166,26,1066,1,62,44
11-16-20,Grainger,822,3,686,2,136,1,810,2,8525,19,9335,21,0,9,-6,98,9,715,0,41,16
11-16-20,Greene,2599,68,2414,56,185,12,2748,58,24431,176,27179,234,2,65,12,355,54,2179,0,118,67
11-16-20,Grundy,707,6,658,5,49,1,786,5,4320,48,5106,53,0,14,-3,48,9,645,1,44,14
11-16-20,Hamblen,3073,21,2727,18,346,3,3165,18,29935,82,33100,100,0,56,-7,377,28,2640,1,146,65
11-16-20,Hamilton,14792,243,13940,227,852,16,16088,240,184257,1350,200345,1590,1,124,66,1463,176,13205,6,545,137
11-16-20,Hancock,135,1,122,0,13,1,137,0,2383,15,2520,15,0,3,1,7,0,125,0,11,3
11-16-20,Hardeman,2122,6,1972,6,150,0,2367,9,18211,46,20578,55,0,35,-12,98,18,1989,0,82,37
11-16-20,Hardin,1622,8,1297,8,325,0,1642,8,15924,36,17566,44,0,25,-9,125,17,1472,0,38,27
11-16-20,Hawkins,1657,28,1539,21,118,7,1723,31,15782,264,17505,295,0,31,-2,228,30,1398,0,91,35
11-16-20,Haywood,1503,3,1371,2,132,1,1575,5,9162,13,10737,18,0,28,-11,103,14,1372,0,58,29
11-16-20,Henderson,1647,10,1307,5,340,5,1844,5,11428,65,13272,70,0,30,-6,141,16,1476,0,55,32
11-16-20,Henry,1248,16,1164,16,84,0,1361,13,12693,93,14054,106,0,15,-19,252,35,981,0,47,17
11-16-20,Hickman,1025,13,930,13,95,0,1145,17,10028,88,11173,105,1,17,-7,136,19,872,0,26,19
11-16-20,Houston,539,1,456,1,83,0,533,2,4598,7,5131,9,0,19,-3,56,4,464,0,31,19
11-16-20,Humphreys,611,8,471,8,140,0,583,8,7512,36,8095,44,0,6,-12,72,20,533,0,21,8
11-16-20,Jackson,626,13,495,3,131,10,604,1,3452,22,4056,23,0,7,3,103,10,516,1,25,8
11-16-20,Jefferson,1970,22,1690,17,280,5,1987,18,23518,191,25505,209,0,27,5,269,17,1674,0,97,31
11-16-20,Johnson,1332,10,1267,8,65,2,1361,9,9283,84,10644,93,0,17,2,66,8,1249,0,38,21
11-16-20,Knox,16514,274,15665,262,849,12,17477,286,185323,1426,202800,1712,2,117,80,1771,192,14626,6,570,136
11-16-20,Lake,1112,1,1064,0,48,1,1287,0,7436,64,8723,64,0,5,-11,86,12,1021,0,12,5
11-16-20,Lauderdale,1870,23,1582,21,288,2,1837,24,14803,53,16640,77,0,20,8,293,15,1557,0,65,21
11-16-20,Lawrence,2317,53,2118,37,199,16,2388,42,16899,219,19287,261,1,26,-15,389,67,1902,0,80,31
11-16-20,Lewis,665,14,642,12,23,2,704,14,6868,117,7572,131,0,9,-8,83,22,573,0,24,14
11-16-20,Lincoln,1282,17,1128,17,154,0,1328,20,10730,58,12058,78,0,8,-34,193,51,1081,0,37,14
11-16-20,Loudon,2037,14,1964,14,73,0,2203,16,19537,153,21740,169,0,15,-17,229,31,1793,0,61,17
11-16-20,Macon,1653,9,1544,8,109,1,1875,11,10105,17,11980,28,0,26,-12,188,21,1439,0,94,27
11-16-20,Madison,4705,44,3197,30,1508,14,4286,30,36778,149,41064,179,0,94,-20,418,64,4193,1,232,112
11-16-20,Marion,987,14,948,13,39,1,1129,12,9761,99,10890,111,0,15,1,53,13,919,0,64,17
11-16-20,Marshall,1509,33,1481,33,28,0,1699,39,13898,126,15597,165,0,15,2,198,31,1296,0,36,16
11-16-20,Maury,5100,217,4985,215,115,2,5573,222,42492,982,48065,1204,0,46,99,953,118,4101,6,157,53
11-16-20,McMinn,2185,34,2114,34,71,0,2427,36,24175,182,26602,218,0,48,9,314,25,1823,1,92,55
11-16-20,McNairy,1313,2,1040,2,273,0,1409,2,10577,55,11986,57,0,31,-16,82,18,1200,0,48,34
11-16-20,Meigs,426,8,419,8,7,0,490,9,4376,39,4866,48,0,10,-1,55,9,361,0,23,12
11-16-20,Monroe,1865,35,1799,35,66,0,2067,35,15850,130,17917,165,0,40,10,232,25,1593,0,98,43
11-16-20,Montgomery,5676,92,5022,81,654,11,5743,86,59831,589,65574,675,2,77,-26,557,116,5042,1,173,80
11-16-20,Moore,337,5,288,4,49,1,348,4,3156,18,3504,22,0,2,3,42,2,293,0,6,2
11-16-20,Morgan,585,9,547,9,38,0,611,9,10278,53,10889,62,0,6,-2,94,11,485,2,14,6
11-16-20,Obion,2287,21,1912,11,375,10,2195,11,14032,68,16227,79,0,36,-36,284,57,1967,0,68,49
11-16-20,Out of State,4267,111,3882,82,385,29,4436,88,388973,2731,393409,2819,1,43,8,771,102,3453,1,114,28
11-16-20,Overton,1428,3,1189,3,239,0,1451,4,9737,56,11188,60,0,33,-9,96,12,1299,0,51,36
11-16-20,Pending,3101,112,2600,104,501,8,2985,115,239061,1727,242046,1842,0,10,-29,729,141,2362,2,49,16
11-16-20,Perry,435,4,403,2,32,2,459,2,4500,10,4959,12,0,18,-4,41,8,376,0,24,21
11-16-20,Pickett,341,2,246,1,95,1,306,1,1916,41,2222,42,0,11,-6,40,8,290,0,18,12
11-16-20,Polk,604,5,574,5,30,0,668,5,5111,37,5779,42,1,14,0,38,4,552,1,33,14
11-16-20,Putnam,5415,44,4766,37,649,7,5939,39,43444,276,49383,315,1,71,-11,485,54,4859,2,154,80
11-16-20,Rhea,1447,40,1376,40,71,0,1630,43,14982,161,16612,204,1,28,12,156,27,1263,0,56,30
11-16-20,Roane,2041,33,1958,30,83,3,2245,33,26466,178,28711,211,0,14,-11,366,44,1661,0,66,24
11-16-20,Robertson,3265,50,3165,47,100,3,3759,50,25210,324,28969,374,0,46,14,388,36,2831,1,220,52
11-16-20,Rutherford,15564,205,15120,198,444,7,18141,216,126997,1221,145138,1437,0,131,-5,1697,210,13736,5,365,142
11-16-20,Scott,789,17,597,8,192,9,655,9,6945,42,7600,51,0,6,-11,268,28,515,0,26,7
11-16-20,Sequatchie,462,10,453,10,9,0,503,10,7483,161,7986,171,0,5,3,53,7,404,0,17,5
11-16-20,Sevier,4233,55,4067,47,166,8,4565,51,36194,257,40759,308,0,27,-5,463,60,3743,2,145,32
11-16-20,Shelby,43607,551,42583,542,1024,9,52917,613,515208,4225,568125,4838,1,613,132,3793,418,39201,7,2477,681
11-16-20,Smith,1281,9,1160,4,121,5,1497,4,7858,25,9355,29,0,17,-1,163,10,1101,0,40,18
11-16-20,Stewart,510,17,444,11,66,6,522,12,4184,23,4706,35,1,14,-7,74,23,422,0,15,15
11-16-20,Sullivan,5399,113,4990,110,409,3,5484,120,47252,571,52736,691,0,77,2,700,111,4622,1,364,86
11-16-20,Sumner,8263,139,8122,136,141,3,9433,139,67942,574,77375,713,2,124,2,1174,135,6965,3,513,134
11-16-20,Tipton,3101,20,2647,15,454,5,3287,19,29146,131,32433,150,0,32,-29,406,49,2663,1,113,36
11-16-20,Trousdale,1871,3,1851,3,20,0,1958,3,6314,29,8272,32,0,10,-7,43,10,1818,0,31,12
11-16-20,Unicoi,687,18,591,18,96,0,675,18,8506,64,9181,82,0,17,-9,114,27,556,0,40,21
11-16-20,Union,653,7,590,7,63,0,671,10,6559,49,7230,59,0,5,2,59,5,589,0,26,5
11-16-20,Van Buren,294,3,265,2,29,1,304,2,3202,62,3506,64,0,2,-2,53,5,239,0,9,2
11-16-20,Warren,2064,8,1885,4,179,4,2191,6,19260,155,21451,161,1,16,-39,354,46,1694,0,37,18
11-16-20,Washington,5062,96,4816,95,246,1,5401,112,46579,480,51980,592,0,87,-10,603,106,4372,1,202,97
11-16-20,Wayne,1715,13,1673,12,42,1,1841,10,7655,54,9496,64,0,8,5,62,8,1645,1,27,11
11-16-20,Weakley,1932,12,1697,8,235,4,1967,7,14454,118,16421,125,0,34,-15,215,27,1683,0,41,34
11-16-20,White,1560,7,1402,3,158,4,1828,3,14820,91,16648,94,0,17,-18,163,25,1380,0,76,17
11-16-20,Williamson,9861,233,9403,216,458,17,10800,231,102268,1088,113068,1319,0,66,54,1519,179,8276,1,179,76
11-16-20,Wilson,6352,91,6165,88,187,3,7228,97,55580,387,62808,484,0,69,-4,798,95,5485,2,179,71
11-15-20,Anderson,2432,98,2309,98,123,0,2649,107,36531,589,39180,696,1,23,79,431,18,1978,1,76,25
11-15-20,Bedford,2275,58,2092,49,183,9,2509,53,18193,222,20702,275,0,24,45,342,13,1909,0,69,25
11-15-20,Benton,651,18,611,17,40,1,670,19,6118,58,6788,77,0,13,15,156,3,482,0,20,14
11-15-20,Bledsoe,1109,5,1097,5,12,0,1163,5,10008,76,11171,81,0,4,5,41,0,1064,0,22,5
11-15-20,Blount,4546,165,4374,158,172,7,5041,169,41835,669,46876,838,0,47,137,729,28,3770,3,168,54
11-15-20,Bradley,4401,53,4143,48,258,5,4929,62,34295,225,39224,287,0,27,32,488,21,3886,1,247,33
11-15-20,Campbell,1325,11,1086,7,239,4,1248,11,16961,216,18209,227,1,20,6,126,4,1179,1,65,22
11-15-20,Cannon,629,23,575,20,54,3,676,22,5618,81,6294,103,0,2,18,136,5,491,0,17,3
11-15-20,Carroll,1448,41,1199,36,249,5,1462,42,14212,140,15674,182,0,30,34,213,7,1205,0,58,32
11-15-20,Carter,2274,35,2148,31,126,4,2370,44,22393,220,24763,264,1,44,11,342,23,1888,2,144,47
11-15-20,Cheatham,1353,33,1284,28,69,5,1519,28,15394,223,16913,251,0,13,23,148,10,1192,1,46,16
11-15-20,Chester,881,23,714,22,167,1,922,22,7047,84,7969,106,0,19,14,91,9,771,0,27,21
11-15-20,Claiborne,662,20,564,20,98,0,669,20,13695,155,14364,175,0,9,18,90,2,563,0,30,8
11-15-20,Clay,484,7,366,7,118,0,432,8,3756,26,4188,34,0,16,7,56,0,412,1,18,21
11-15-20,Cocke,1448,27,1246,26,202,1,1394,42,12011,193,13405,235,0,26,17,176,10,1246,0,71,28
11-15-20,Coffee,2394,44,1995,34,399,10,2509,42,27212,286,29721,328,0,36,29,260,15,2098,0,61,40
11-15-20,Crockett,1061,11,779,5,282,6,940,6,5001,41,5941,47,0,25,8,66,3,970,0,25,27
11-15-20,Cumberland,2207,71,2116,71,91,0,2553,76,31151,463,33704,539,0,31,60,394,11,1782,1,94,36
11-15-20,Davidson,38174,574,37701,554,473,20,46796,647,524518,8819,571314,9466,2,382,332,3232,240,34560,9,1357,402
11-15-20,Decatur,815,8,652,7,163,1,836,7,7910,132,8746,139,0,11,8,104,0,700,0,24,13
11-15-20,Dekalb,965,18,860,15,105,3,1057,17,11011,111,12068,128,0,19,14,157,4,789,0,35,22
11-15-20,Dickson,2385,81,1982,61,403,20,2519,72,20152,343,22671,415,1,24,58,412,22,1949,0,71,29
11-15-20,Dyer,2881,60,2329,37,552,23,2668,42,15794,184,18462,226,0,47,46,362,14,2472,0,85,53
11-15-20,Fayette,2013,31,1932,31,81,0,2448,35,21853,294,24301,329,0,36,28,174,3,1803,0,94,39
11-15-20,Fentress,1094,18,976,18,118,0,1177,21,6669,74,7846,95,1,17,14,104,3,973,0,44,21
11-15-20,Franklin,1714,45,1601,38,113,7,1972,56,19977,190,21949,246,0,29,35,260,10,1425,0,68,31
11-15-20,Gibson,2663,55,1950,40,713,15,2579,41,19733,273,22312,314,0,59,47,324,8,2280,1,72,63
11-15-20,Giles,1246,11,1194,11,52,0,1408,20,13441,165,14849,185,0,39,6,167,5,1040,0,61,42
11-15-20,Grainger,819,24,684,19,135,5,808,22,8506,97,9314,119,0,9,22,104,2,706,0,41,16
11-15-20,Greene,2531,56,2358,38,173,18,2690,44,24255,357,26945,401,0,63,29,343,27,2125,1,118,66
11-15-20,Grundy,701,15,653,14,48,1,781,16,4272,46,5053,62,0,14,15,51,0,636,0,43,14
11-15-20,Hamblen,3052,92,2709,83,343,9,3147,88,29853,300,33000,388,0,56,78,384,14,2612,3,145,63
11-15-20,Hamilton,14549,263,13713,238,836,25,15848,272,182907,1575,198755,1847,0,123,158,1397,105,13029,9,539,136
11-15-20,Hancock,134,4,122,4,12,0,137,4,2368,26,2505,30,0,3,4,6,0,125,0,11,3
11-15-20,Hardeman,2116,17,1966,17,150,0,2358,24,18165,110,20523,134,0,35,12,110,5,1971,0,82,37
11-15-20,Hardin,1614,26,1289,18,325,8,1634,20,15888,160,17522,180,0,25,24,134,2,1455,0,38,27
11-15-20,Hawkins,1629,39,1518,37,111,2,1692,39,15518,245,17210,284,0,31,27,230,12,1368,4,91,32
11-15-20,Haywood,1500,23,1369,20,131,3,1570,20,9149,74,10719,94,0,28,19,114,4,1358,0,58,29
11-15-20,Henderson,1637,30,1302,23,335,7,1839,25,11363,108,13202,133,0,30,20,147,10,1460,0,55,32
11-15-20,Henry,1232,58,1148,52,84,6,1348,58,12600,110,13948,168,0,15,51,271,7,946,0,47,17
11-15-20,Hickman,1012,31,917,27,95,4,1128,29,9940,153,11068,182,0,16,30,143,1,853,0,26,18
11-15-20,Houston,538,9,455,8,83,1,531,8,4591,156,5122,164,0,19,4,59,5,460,0,31,19
11-15-20,Humphreys,603,16,463,14,140,2,575,15,7476,86,8051,101,0,6,11,84,5,513,0,21,8
11-15-20,Jackson,613,10,492,10,121,0,603,12,3430,36,4033,48,0,7,6,100,4,506,0,24,7
11-15-20,Jefferson,1948,47,1673,35,275,12,1969,44,23327,221,25296,265,0,27,45,264,2,1657,2,97,30
11-15-20,Johnson,1322,12,1259,11,63,1,1352,15,9199,61,10551,76,0,17,11,64,1,1241,0,38,19
11-15-20,Knox,16240,272,15403,245,837,27,17191,293,183897,2313,201088,2606,2,115,159,1691,111,14434,3,564,134
11-15-20,Lake,1111,14,1064,14,47,0,1287,15,7372,50,8659,65,0,5,12,97,2,1009,0,12,5
11-15-20,Lauderdale,1847,20,1561,15,286,5,1813,17,14750,125,16563,142,0,20,15,285,5,1542,0,65,21
11-15-20,Lawrence,2264,49,2081,40,183,9,2346,47,16680,258,19026,305,0,25,37,404,12,1835,1,80,30
11-15-20,Lewis,651,11,630,7,21,4,690,12,6751,25,7441,37,0,9,6,91,5,551,0,24,12
11-15-20,Lincoln,1265,21,1111,17,154,4,1308,21,10672,105,11980,126,0,8,16,227,5,1030,0,37,14
11-15-20,Loudon,2023,39,1950,39,73,0,2187,44,19384,322,21571,366,0,15,34,246,5,1762,0,61,17
11-15-20,Macon,1644,30,1536,30,108,0,1864,32,10088,137,11952,169,0,26,28,200,2,1418,1,94,26
11-15-20,Madison,4661,89,3167,65,1494,24,4256,67,36629,316,40885,383,0,94,48,438,41,4129,0,231,111
11-15-20,Marion,973,14,935,14,38,0,1117,17,9662,112,10779,129,0,15,6,52,8,906,0,64,17
11-15-20,Marshall,1476,15,1448,12,28,3,1660,16,13772,189,15432,205,0,15,9,196,6,1265,0,36,16
11-15-20,Maury,4883,118,4770,108,113,10,5351,126,41510,402,46861,528,0,46,53,854,65,3983,5,151,52
11-15-20,McMinn,2151,47,2080,42,71,5,2391,46,23993,295,26384,341,0,48,36,305,11,1798,0,91,55
11-15-20,McNairy,1311,12,1038,10,273,2,1407,11,10522,92,11929,103,0,31,7,98,5,1182,0,48,34
11-15-20,Meigs,418,6,411,6,7,0,481,6,4337,41,4818,47,0,10,3,56,3,352,0,23,12
11-15-20,Monroe,1830,35,1764,32,66,3,2032,36,15720,268,17752,304,0,40,25,222,10,1568,1,98,43
11-15-20,Montgomery,5584,153,4941,144,643,9,5657,158,59242,809,64899,967,0,75,105,583,48,4926,7,172,79
11-15-20,Moore,332,6,284,6,48,0,344,6,3138,20,3482,26,0,2,6,39,0,291,0,6,2
11-15-20,Morgan,576,15,538,14,38,1,602,13,10225,109,10827,122,0,6,12,96,3,474,0,12,6
11-15-20,Obion,2266,29,1901,18,365,11,2184,21,13964,148,16148,169,1,36,14,320,14,1910,1,68,47
11-15-20,Out of State,4156,169,3800,145,356,24,4348,158,386242,5222,390590,5380,-1,42,148,763,22,3351,1,113,28
11-15-20,Overton,1425,18,1186,15,239,3,1447,18,9681,79,11128,97,0,33,16,105,2,1287,0,51,35
11-15-20,Pending,2989,165,2496,138,493,27,2870,149,237334,2415,240204,2564,-1,10,123,758,43,2221,2,47,16
11-15-20,Perry,431,10,401,10,30,0,457,11,4490,38,4947,49,0,18,10,45,0,368,0,24,21
11-15-20,Pickett,339,5,245,4,94,1,305,4,1875,8,2180,12,0,11,4,46,1,282,1,18,12
11-15-20,Polk,599,3,569,3,30,0,663,5,5074,37,5737,42,0,13,0,38,3,548,1,32,14
11-15-20,Putnam,5371,95,4729,93,642,2,5900,101,43168,519,49068,620,0,70,73,496,22,4805,1,152,79
11-15-20,Rhea,1407,27,1336,23,71,4,1587,24,14821,114,16408,138,0,27,19,144,8,1236,0,56,30
11-15-20,Roane,2008,95,1928,94,80,1,2212,101,26288,421,28500,522,0,14,84,377,11,1617,3,66,23
11-15-20,Robertson,3215,98,3118,98,97,0,3709,105,24886,324,28595,429,0,46,80,374,18,2795,7,219,52
11-15-20,Rutherford,15359,354,14922,345,437,9,17925,392,125776,2218,143701,2610,2,131,227,1702,125,13526,3,360,142
11-15-20,Scott,772,49,589,29,183,20,646,30,6903,94,7549,124,0,6,37,279,12,487,0,26,7
11-15-20,Sequatchie,452,3,443,3,9,0,493,4,7322,62,7815,66,0,5,-2,50,5,397,0,17,5
11-15-20,Sevier,4178,70,4020,68,158,2,4514,70,35937,478,40451,548,0,27,48,468,22,3683,1,143,32
11-15-20,Shelby,43056,652,42041,615,1015,37,52304,709,510983,6437,563287,7146,1,612,457,3661,194,38783,10,2470,678
11-15-20,Smith,1272,34,1156,32,116,2,1493,34,7833,155,9326,189,0,17,29,164,5,1091,0,40,18
11-15-20,Stewart,493,18,433,17,60,1,510,20,4161,40,4671,60,0,13,13,81,5,399,0,15,15
11-15-20,Sullivan,5286,130,4880,80,406,50,5364,86,46681,507,52045,593,0,77,59,698,71,4511,4,363,85
11-15-20,Sumner,8124,240,7986,232,138,8,9294,253,67368,974,76662,1227,0,122,179,1172,61,6830,9,510,132
11-15-20,Tipton,3081,88,2632,69,449,19,3268,75,29015,406,32283,481,0,32,74,435,14,2614,0,112,36
11-15-20,Trousdale,1868,11,1848,11,20,0,1955,12,6285,53,8240,65,0,10,11,50,0,1808,0,31,12
11-15-20,Unicoi,669,16,573,10,96,6,657,13,8442,46,9099,59,0,17,13,123,3,529,0,40,19
11-15-20,Union,646,15,583,13,63,2,661,15,6510,63,7171,78,0,5,15,57,0,584,1,26,5
11-15-20,Van Buren,291,8,263,8,28,0,302,9,3140,25,3442,34,0,2,7,55,1,234,0,9,2
11-15-20,Warren,2056,62,1881,59,175,3,2185,63,19105,311,21290,374,1,15,52,393,9,1648,0,37,18
11-15-20,Washington,4966,100,4721,93,245,7,5289,98,46099,419,51388,517,2,87,53,613,45,4266,4,201,95
11-15-20,Wayne,1702,11,1661,11,41,0,1831,13,7601,54,9432,67,0,8,10,57,1,1637,1,26,9
11-15-20,Weakley,1920,59,1689,55,231,4,1960,57,14336,201,16296,258,1,34,49,230,9,1656,0,41,34
11-15-20,White,1553,42,1399,42,154,0,1825,47,14729,189,16554,236,0,17,36,181,6,1355,1,76,17
11-15-20,Williamson,9628,262,9187,255,441,7,10569,282,101180,1588,111749,1870,0,66,170,1465,92,8097,0,178,74
11-15-20,Wilson,6261,153,6077,149,184,4,7131,164,55193,799,62324,963,1,69,89,802,63,5390,2,177,70
11-14-20,Anderson,2334,42,2211,41,123,1,2542,47,35942,397,38484,444,1,22,21,352,20,1960,1,75,25
11-14-20,Bedford,2217,45,2043,45,174,0,2456,50,17971,127,20427,177,0,24,38,297,7,1896,1,69,25
11-14-20,Benton,633,17,594,14,39,3,651,16,6060,66,6711,82,0,13,12,141,5,479,0,20,14
11-14-20,Bledsoe,1104,6,1092,6,12,0,1158,7,9932,53,11090,60,0,4,4,36,2,1064,0,22,5
11-14-20,Blount,4381,104,4216,103,165,1,4872,115,41166,431,46038,546,0,47,64,592,40,3742,1,165,53
11-14-20,Bradley,4348,76,4095,70,253,6,4867,73,34070,304,38937,377,0,27,59,456,17,3865,3,246,33
11-14-20,Campbell,1314,16,1079,15,235,1,1237,21,16745,153,17982,174,1,19,4,120,11,1175,0,64,22
11-14-20,Cannon,606,28,555,25,51,3,654,27,5537,51,6191,78,0,2,21,118,7,486,0,17,3
11-14-20,Carroll,1407,30,1163,23,244,7,1420,35,14072,88,15492,123,0,30,19,179,11,1198,0,58,32
11-14-20,Carter,2239,33,2117,31,122,2,2326,39,22173,228,24499,267,0,43,19,331,14,1865,0,142,46
11-14-20,Cheatham,1320,12,1256,11,64,1,1491,11,15171,140,16662,151,0,13,5,125,7,1182,0,45,14
11-14-20,Chester,858,13,692,10,166,3,900,11,6963,48,7863,59,0,19,12,77,1,762,1,27,20
11-14-20,Claiborne,642,16,544,15,98,1,649,14,13540,171,14189,185,0,9,11,72,5,561,0,30,8
11-14-20,Clay,477,5,359,2,118,3,424,4,3730,34,4154,38,0,16,5,49,0,412,0,17,21
11-14-20,Cocke,1421,23,1220,21,201,2,1352,22,11818,103,13170,125,0,26,14,159,9,1236,0,71,28
11-14-20,Coffee,2350,22,1961,17,389,5,2467,19,26926,194,29393,213,0,36,17,231,5,2083,0,61,40
11-14-20,Crockett,1050,19,774,12,276,7,934,13,4960,30,5894,43,0,25,8,58,11,967,0,25,27
11-14-20,Cumberland,2136,45,2045,44,91,1,2477,46,30688,294,33165,340,0,31,38,334,7,1771,0,93,36
11-14-20,Davidson,37600,381,37147,373,453,8,46149,428,515699,4265,561848,4693,1,380,163,2900,217,34320,3,1348,400
11-14-20,Decatur,807,21,645,21,162,0,829,24,7778,106,8607,130,0,11,18,96,3,700,0,24,13
11-14-20,Dekalb,947,35,845,26,102,9,1040,27,10900,124,11940,151,0,19,27,143,8,785,0,35,22
11-14-20,Dickson,2304,51,1921,36,383,15,2447,32,19809,168,22256,200,0,23,31,354,20,1927,0,71,29
11-14-20,Dyer,2821,29,2292,24,529,5,2626,27,15610,95,18236,122,2,47,15,316,12,2458,0,85,53
11-14-20,Fayette,1982,25,1901,25,81,0,2413,28,21559,151,23972,179,0,36,16,146,9,1800,0,94,38
11-14-20,Fentress,1076,13,958,13,118,0,1156,16,6595,118,7751,134,0,16,11,90,2,970,0,44,20
11-14-20,Franklin,1669,40,1563,39,106,1,1916,43,19787,171,21703,214,0,29,31,225,9,1415,1,68,31
11-14-20,Gibson,2608,43,1910,29,698,14,2538,40,19460,140,21998,180,3,59,26,277,14,2272,0,71,63
11-14-20,Giles,1235,19,1183,18,52,1,1388,24,13276,100,14664,124,0,39,11,161,8,1035,0,61,41
11-14-20,Grainger,795,9,665,8,130,1,786,10,8409,74,9195,84,0,9,7,82,2,704,0,41,15
11-14-20,Greene,2475,44,2320,40,155,4,2646,50,23898,181,26544,231,0,63,26,314,18,2098,2,117,64
11-14-20,Grundy,686,4,639,4,47,0,765,5,4226,92,4991,97,0,14,3,36,1,636,0,43,14
11-14-20,Hamblen,2960,31,2626,29,334,2,3059,35,29553,195,32612,230,0,56,25,306,6,2598,0,142,63
11-14-20,Hamilton,14286,170,13475,156,811,14,15576,175,181332,1488,196908,1663,0,123,80,1239,90,12924,8,530,133
11-14-20,Hancock,130,0,118,0,12,0,133,0,2342,6,2475,6,0,3,0,2,0,125,0,11,3
11-14-20,Hardeman,2099,10,1949,10,150,0,2334,14,18055,49,20389,63,0,35,3,98,7,1966,0,82,37
11-14-20,Hardin,1588,20,1271,17,317,3,1614,17,15728,83,17342,100,0,25,19,110,1,1453,0,38,27
11-14-20,Hawkins,1590,24,1481,22,109,2,1653,23,15273,224,16926,247,0,31,14,203,10,1356,0,87,32
11-14-20,Haywood,1477,14,1349,12,128,2,1550,13,9075,116,10625,129,0,28,12,95,2,1354,0,58,29
11-14-20,Henderson,1607,20,1279,14,328,6,1814,18,11255,109,13069,127,0,30,14,127,6,1450,0,55,32
11-14-20,Henry,1174,46,1096,42,78,4,1290,47,12490,162,13780,209,2,15,34,220,10,939,0,47,17
11-14-20,Hickman,981,13,890,8,91,5,1099,8,9787,46,10886,54,0,16,10,113,3,852,1,26,18
11-14-20,Houston,529,5,447,5,82,0,523,5,4435,36,4958,41,0,19,-6,55,11,455,0,31,19
11-14-20,Humphreys,587,11,449,8,138,3,560,9,7390,85,7950,94,0,6,5,73,6,508,0,21,8
11-14-20,Jackson,603,12,482,5,121,7,591,7,3394,41,3985,48,0,7,9,94,3,502,0,24,7
11-14-20,Jefferson,1901,38,1638,36,263,2,1925,41,23106,166,25031,207,0,27,35,219,3,1655,3,95,30
11-14-20,Johnson,1310,3,1248,3,62,0,1337,1,9138,81,10475,82,0,17,-2,53,5,1240,0,38,19
11-14-20,Knox,15968,310,15158,297,810,13,16898,319,181584,1716,198482,2035,0,113,192,1532,118,14323,7,561,130
11-14-20,Lake,1097,9,1050,9,47,0,1272,9,7322,64,8594,73,0,5,5,85,4,1007,0,12,5
11-14-20,Lauderdale,1827,18,1546,16,281,2,1796,17,14625,84,16421,101,0,20,15,270,3,1537,0,65,21
11-14-20,Lawrence,2215,25,2041,16,174,9,2299,17,16422,142,18721,159,0,25,6,367,19,1823,0,79,30
11-14-20,Lewis,640,12,623,12,17,0,678,14,6726,74,7404,88,0,9,0,85,12,546,0,24,12
11-14-20,Lincoln,1244,17,1094,15,150,2,1287,19,10567,59,11854,78,0,8,16,211,1,1025,0,37,13
11-14-20,Loudon,1984,33,1911,31,73,2,2143,31,19062,190,21205,221,0,15,24,212,9,1757,1,61,17
11-14-20,Macon,1614,20,1506,20,108,0,1832,20,9951,80,11783,100,0,26,14,172,6,1416,0,93,26
11-14-20,Madison,4572,63,3102,29,1470,34,4189,31,36313,250,40502,281,0,94,39,390,24,4088,0,231,109
11-14-20,Marion,959,3,921,3,38,0,1100,4,9550,88,10650,92,0,15,-2,46,5,898,0,64,17
11-14-20,Marshall,1461,12,1436,12,25,0,1644,14,13583,69,15227,83,0,15,4,187,8,1259,0,36,16
11-14-20,Maury,4765,115,4662,112,103,3,5225,138,41108,488,46333,626,0,46,74,801,41,3918,1,146,49
11-14-20,McMinn,2104,41,2038,40,66,1,2345,41,23698,184,26043,225,0,48,30,269,11,1787,0,91,55
11-14-20,McNairy,1299,15,1028,15,271,0,1396,17,10430,123,11826,140,0,31,14,91,1,1177,0,48,34
11-14-20,Meigs,412,8,405,8,7,0,475,8,4296,17,4771,25,0,10,7,53,1,349,0,23,12
11-14-20,Monroe,1795,39,1732,39,63,0,1996,45,15452,113,17448,158,1,40,30,197,8,1558,1,97,42
11-14-20,Montgomery,5431,92,4797,63,634,29,5499,68,58433,615,63932,683,1,75,51,478,40,4878,2,165,79
11-14-20,Moore,326,0,278,0,48,0,338,1,3118,11,3456,12,0,2,0,33,0,291,0,6,2
11-14-20,Morgan,561,14,524,14,37,0,589,14,10116,80,10705,94,0,6,13,84,1,471,0,12,6
11-14-20,Obion,2237,56,1883,39,354,17,2163,46,13816,160,15979,206,0,35,48,306,8,1896,1,67,45
11-14-20,Out of State,3987,89,3655,63,332,26,4190,72,381020,3530,385210,3602,0,43,64,615,25,3329,2,112,28
11-14-20,Overton,1407,11,1171,9,236,2,1429,12,9602,82,11031,94,0,33,7,89,4,1285,0,51,35
11-14-20,Pending,2824,103,2358,84,466,19,2721,93,234919,1511,237640,1604,1,11,58,635,44,2178,1,45,14
11-14-20,Perry,421,2,391,2,30,0,446,7,4452,13,4898,20,1,18,0,35,1,368,0,24,20
11-14-20,Pickett,334,8,241,8,93,0,301,11,1867,57,2168,68,0,11,8,42,0,281,0,17,12
11-14-20,Polk,596,6,566,5,30,1,658,4,5037,34,5695,38,0,13,5,38,1,545,0,31,13
11-14-20,Putnam,5276,71,4636,67,640,4,5799,76,42649,517,48448,593,0,70,51,423,20,4783,2,151,79
11-14-20,Rhea,1380,14,1313,14,67,0,1563,18,14707,92,16270,110,0,27,9,125,5,1228,0,56,30
11-14-20,Roane,1913,43,1834,43,79,0,2111,44,25867,326,27978,370,1,14,24,293,18,1606,1,63,22
11-14-20,Robertson,3117,56,3020,55,97,1,3604,57,24562,309,28166,366,0,46,41,294,15,2777,2,212,51
11-14-20,Rutherford,15005,260,14577,247,428,13,17533,291,123558,1608,141091,1899,0,129,158,1475,102,13401,7,357,141
11-14-20,Scott,723,33,560,18,163,15,616,25,6809,92,7425,117,0,6,30,242,3,475,0,26,7
11-14-20,Sequatchie,449,3,440,2,9,1,489,2,7260,120,7749,122,0,5,-1,52,4,392,0,17,5
11-14-20,Sevier,4108,62,3952,59,156,3,4444,69,35459,313,39903,382,0,27,49,420,13,3661,1,142,31
11-14-20,Shelby,42404,592,41426,567,978,25,51595,647,504546,4400,556141,5047,2,611,373,3204,217,38589,10,2460,673
11-14-20,Smith,1238,17,1124,17,114,0,1459,18,7678,79,9137,97,0,17,14,135,3,1086,0,40,17
11-14-20,Stewart,475,9,416,8,59,1,490,10,4121,36,4611,46,0,13,3,68,6,394,0,15,14
11-14-20,Sullivan,5156,82,4800,81,356,1,5278,89,46174,558,51452,647,2,77,32,639,48,4440,6,359,84
11-14-20,Sumner,7884,165,7754,152,130,13,9041,161,66394,710,75435,871,1,122,116,993,48,6769,2,501,130
11-14-20,Tipton,2993,76,2563,68,430,8,3193,74,28609,287,31802,361,0,32,61,361,15,2600,0,112,36
11-14-20,Trousdale,1857,5,1837,5,20,0,1943,7,6232,35,8175,42,0,10,2,39,3,1808,0,31,12
11-14-20,Unicoi,653,17,563,14,90,3,644,9,8396,37,9040,46,1,17,6,110,10,526,1,40,19
11-14-20,Union,631,16,570,15,61,1,646,17,6447,66,7093,83,0,5,11,42,5,584,0,25,5
11-14-20,Van Buren,283,18,255,18,28,0,293,18,3115,13,3408,31,0,2,17,48,1,233,1,9,2
11-14-20,Warren,1994,75,1822,67,172,8,2122,70,18794,194,20916,264,0,14,64,341,11,1639,1,37,17
11-14-20,Washington,4866,83,4628,76,238,7,5191,90,45680,445,50871,535,0,85,45,560,38,4221,2,197,95
11-14-20,Wayne,1691,8,1650,6,41,2,1818,7,7547,61,9365,68,1,8,6,47,1,1636,1,25,9
11-14-20,Weakley,1861,47,1634,42,227,5,1903,45,14135,95,16038,140,2,33,38,181,7,1647,0,41,34
11-14-20,White,1511,25,1357,23,154,2,1778,29,14540,164,16318,193,0,17,12,145,13,1349,1,75,17
11-14-20,Williamson,9366,186,8932,183,434,3,10287,200,99592,778,109879,978,1,66,108,1295,77,8005,2,178,74
11-14-20,Wilson,6108,133,5928,127,180,6,6967,144,54394,504,61361,648,0,68,72,713,61,5327,4,175,70
11-13-20,Anderson,2292,56,2170,53,122,3,2495,58,35545,250,38040,308,2,21,30,331,24,1940,2,74,24
11-13-20,Bedford,2172,39,1998,26,174,13,2406,30,17844,72,20250,102,0,24,7,259,32,1889,0,68,25
11-13-20,Benton,616,3,580,3,36,0,635,2,5994,12,6629,14,0,13,-8,129,11,474,0,20,14
11-13-20,Bledsoe,1098,4,1086,4,12,0,1151,6,9879,12,11030,18,0,4,0,32,4,1062,0,22,5
11-13-20,Blount,4277,57,4113,52,164,5,4757,54,40735,321,45492,375,1,47,18,528,38,3702,1,164,52
11-13-20,Bradley,4272,65,4025,51,247,14,4794,47,33766,219,38560,266,0,27,36,397,29,3848,4,243,30
11-13-20,Campbell,1298,14,1064,11,234,3,1216,12,16592,170,17808,182,1,18,3,116,10,1164,0,64,21
11-13-20,Cannon,578,12,530,11,48,1,627,11,5486,19,6113,30,0,2,7,97,5,479,0,17,3
11-13-20,Carroll,1377,10,1140,7,237,3,1385,6,13984,71,15369,77,0,30,-2,160,12,1187,0,58,32
11-13-20,Carter,2206,49,2086,42,120,7,2287,27,21945,85,24232,112,1,43,11,312,37,1851,2,142,44
11-13-20,Cheatham,1308,18,1245,17,63,1,1480,18,15031,126,16511,144,0,13,-1,120,19,1175,0,45,14
11-13-20,Chester,845,5,682,1,163,4,889,1,6915,19,7804,20,0,19,-3,65,8,761,0,26,20
11-13-20,Claiborne,626,9,529,7,97,2,635,7,13369,68,14004,75,0,9,6,61,3,556,0,30,8
11-13-20,Clay,472,7,357,7,115,0,420,6,3696,14,4116,20,-1,16,6,44,2,412,0,17,20
11-13-20,Cocke,1398,37,1199,35,199,2,1330,28,11715,77,13045,105,2,26,15,145,20,1227,1,71,28
11-13-20,Coffee,2328,25,1944,14,384,11,2448,19,26732,35,29180,54,1,36,-3,214,27,2078,0,61,40
11-13-20,Crockett,1031,4,762,2,269,2,921,3,4930,27,5851,30,0,25,-4,50,8,956,0,25,27
11-13-20,Cumberland,2091,42,2001,39,90,3,2431,42,30394,178,32825,220,1,31,7,296,34,1764,0,93,35
11-13-20,Davidson,37219,443,36774,432,445,11,45721,486,511434,3867,557155,4353,5,379,170,2737,268,34103,10,1345,398
11-13-20,Decatur,786,12,624,10,162,2,805,13,7672,39,8477,52,0,11,7,78,5,697,0,24,12
11-13-20,Dekalb,912,18,819,5,93,13,1013,7,10776,61,11789,68,0,19,16,116,2,777,0,35,22
11-13-20,Dickson,2253,51,1885,31,368,20,2415,36,19641,152,22056,188,0,23,20,323,31,1907,0,71,28
11-13-20,Dyer,2792,23,2268,14,524,9,2599,16,15515,41,18114,57,1,45,0,301,22,2446,0,85,53
11-13-20,Fayette,1957,13,1876,13,81,0,2385,14,21408,100,23793,114,2,36,-7,130,18,1791,0,94,38
11-13-20,Fentress,1063,15,945,15,118,0,1140,17,6477,61,7617,78,2,16,6,79,7,968,0,44,18
11-13-20,Franklin,1629,35,1524,28,105,7,1873,24,19616,66,21489,90,1,29,9,194,25,1406,1,67,30
11-13-20,Gibson,2565,19,1881,8,684,11,2498,8,19320,71,21818,79,1,56,5,251,13,2258,0,71,63
11-13-20,Giles,1216,25,1165,19,51,6,1364,16,13176,126,14540,142,0,39,16,150,9,1027,1,61,41
11-13-20,Grainger,786,18,657,17,129,1,776,19,8335,52,9111,71,1,9,10,75,7,702,1,41,14
11-13-20,Greene,2431,47,2280,41,151,6,2596,36,23717,95,26313,131,0,63,-9,288,56,2080,0,115,64
11-13-20,Grundy,682,10,635,10,47,0,760,9,4134,10,4894,19,-1,14,5,33,6,635,1,43,14
11-13-20,Hamblen,2929,73,2597,61,332,12,3024,68,29358,221,32382,289,1,56,62,281,10,2592,1,142,62
11-13-20,Hamilton,14116,216,13319,186,797,30,15401,188,179844,841,195245,1029,3,123,110,1159,103,12834,5,522,131
11-13-20,Hancock,130,1,118,1,12,0,133,1,2336,5,2469,6,0,3,0,2,1,125,0,11,3
11-13-20,Hardeman,2089,17,1939,15,150,2,2320,11,18006,45,20326,56,0,35,6,95,11,1959,0,82,37
11-13-20,Hardin,1568,17,1254,13,314,4,1597,15,15645,56,17242,71,0,25,8,91,9,1452,0,38,27
11-13-20,Hawkins,1566,23,1459,19,107,4,1630,18,15049,87,16679,105,0,31,-3,189,26,1346,1,87,32
11-13-20,Haywood,1463,20,1337,19,126,1,1537,20,8959,32,10496,52,0,28,11,83,9,1352,0,58,29
11-13-20,Henderson,1587,15,1265,12,322,3,1796,12,11146,38,12942,50,0,30,3,113,12,1444,0,55,31
11-13-20,Henry,1128,8,1054,6,74,2,1243,6,12328,27,13571,33,0,13,-10,186,18,929,0,47,17
11-13-20,Hickman,968,12,882,8,86,4,1091,9,9741,62,10832,71,0,16,7,103,5,849,0,25,18
11-13-20,Houston,524,1,442,1,82,0,518,1,4399,85,4917,86,0,19,-6,61,7,444,0,31,19
11-13-20,Humphreys,576,14,441,5,135,9,551,7,7305,31,7856,38,0,6,6,68,8,502,0,21,7
11-13-20,Jackson,591,1,477,0,114,1,584,0,3353,6,3937,6,0,7,-3,85,4,499,0,24,6
11-13-20,Jefferson,1863,48,1602,47,261,1,1884,46,22940,149,24824,195,1,27,35,184,12,1652,2,92,29
11-13-20,Johnson,1307,2,1245,0,62,2,1336,1,9057,8,10393,9,0,17,-11,55,13,1235,0,38,19
11-13-20,Knox,15658,220,14861,200,797,20,16579,190,179868,931,196447,1121,4,113,74,1340,142,14205,6,554,127
11-13-20,Lake,1088,7,1041,3,47,4,1263,3,7258,6,8521,9,0,5,4,80,3,1003,0,12,5
11-13-20,Lauderdale,1809,14,1530,10,279,4,1779,10,14541,37,16320,47,0,20,6,255,8,1534,0,65,20
11-13-20,Lawrence,2190,40,2025,24,165,16,2282,24,16280,107,18562,131,1,25,10,361,29,1804,0,79,28
11-13-20,Lewis,628,12,611,10,17,2,664,9,6652,43,7316,52,1,9,-1,85,12,534,0,24,12
11-13-20,Lincoln,1227,32,1079,15,148,17,1268,13,10508,54,11776,67,0,8,10,195,22,1024,2,37,12
11-13-20,Loudon,1951,22,1880,22,71,0,2112,23,18872,136,20984,159,2,15,-4,188,24,1748,0,60,17
11-13-20,Macon,1594,18,1486,17,108,1,1812,22,9871,28,11683,50,0,26,2,158,16,1410,0,93,26
11-13-20,Madison,4509,56,3073,24,1436,32,4158,29,36063,103,40221,132,5,94,7,351,44,4064,0,231,107
11-13-20,Marion,956,10,918,7,38,3,1096,5,9462,54,10558,59,0,15,0,48,10,893,1,64,17
11-13-20,Marshall,1449,27,1424,27,25,0,1630,36,13514,149,15144,185,0,15,10,183,17,1251,0,36,15
11-13-20,Maury,4650,52,4550,48,100,4,5087,80,40620,260,45707,340,1,46,-3,727,54,3877,1,145,48
11-13-20,McMinn,2063,39,1998,35,65,4,2304,42,23514,188,25818,230,0,48,15,239,24,1776,0,91,55
11-13-20,McNairy,1284,10,1013,9,271,1,1379,10,10307,56,11686,66,1,31,5,77,4,1176,0,48,34
11-13-20,Meigs,404,2,397,2,7,0,467,5,4279,19,4746,24,0,10,-4,46,6,348,0,23,11
11-13-20,Monroe,1756,23,1693,22,63,1,1951,23,15339,114,17290,137,1,39,7,167,15,1550,0,96,42
11-13-20,Montgomery,5339,110,4734,78,605,32,5431,88,57818,378,63249,466,4,74,32,427,74,4838,0,163,79
11-13-20,Moore,326,6,278,3,48,3,337,3,3107,4,3444,7,0,2,3,33,3,291,0,6,2
11-13-20,Morgan,547,12,510,8,37,4,575,12,10036,54,10611,66,0,6,7,71,5,470,0,12,6
11-13-20,Obion,2181,15,1844,5,337,10,2117,4,13656,18,15773,22,0,35,3,258,12,1888,0,66,45
11-13-20,Out of State,3898,69,3592,61,306,8,4118,61,377490,2265,381608,2326,-1,43,35,551,35,3304,0,110,28
11-13-20,Overton,1396,25,1162,18,234,7,1417,21,9520,60,10937,81,2,33,11,82,12,1281,1,51,35
11-13-20,Pending,2721,99,2274,75,447,24,2628,73,233408,1136,236036,1209,1,10,56,577,42,2134,0,44,12
11-13-20,Perry,419,8,389,8,30,0,439,7,4439,17,4878,24,0,17,0,35,8,367,1,24,20
11-13-20,Pickett,326,2,233,1,93,1,290,1,1810,14,2100,15,0,11,2,34,0,281,0,17,12
11-13-20,Polk,590,8,561,7,29,1,654,5,5003,19,5657,24,0,13,6,33,2,544,1,31,13
11-13-20,Putnam,5205,25,4569,11,636,14,5723,13,42132,120,47855,133,2,70,-12,372,35,4763,0,149,79
11-13-20,Rhea,1366,8,1299,8,67,0,1545,11,14615,96,16160,107,1,27,-2,116,9,1223,0,56,28
11-13-20,Roane,1870,33,1791,32,79,1,2067,40,25541,159,27608,199,2,13,10,269,21,1588,0,62,22
11-13-20,Robertson,3061,51,2965,45,96,6,3547,49,24253,210,27800,259,2,46,19,253,30,2762,0,210,51
11-13-20,Rutherford,14745,306,14330,268,415,38,17242,300,121950,992,139192,1292,0,129,167,1317,139,13299,2,350,140
11-13-20,Scott,690,32,542,21,148,11,591,20,6717,66,7308,86,1,6,23,212,8,472,0,26,7
11-13-20,Sequatchie,446,9,438,8,8,1,487,5,7140,28,7627,33,0,5,0,53,9,388,1,17,5
11-13-20,Sevier,4046,83,3893,81,153,2,4375,83,35146,323,39521,406,0,27,49,371,34,3648,1,141,31
11-13-20,Shelby,41812,300,40859,283,953,17,50948,317,500146,3250,551094,3567,3,609,17,2831,280,38372,1,2450,667
11-13-20,Smith,1221,28,1107,20,114,8,1441,21,7599,71,9040,92,0,17,23,121,5,1083,1,40,17
11-13-20,Stewart,466,9,408,8,58,1,480,8,4085,26,4565,34,0,13,4,65,5,388,0,15,14
11-13-20,Sullivan,5074,106,4719,74,355,32,5189,73,45616,396,50805,469,1,75,27,607,78,4392,5,353,81
11-13-20,Sumner,7719,177,7602,171,117,6,8880,183,65684,618,74564,801,0,121,83,877,94,6721,2,499,129
11-13-20,Tipton,2917,45,2495,34,422,11,3119,33,28322,135,31441,168,1,32,16,300,28,2585,0,112,36
11-13-20,Trousdale,1852,8,1832,7,20,1,1936,6,6197,30,8133,36,0,10,0,37,8,1805,0,31,11
11-13-20,Unicoi,636,17,549,17,87,0,635,18,8359,19,8994,37,0,16,7,104,10,516,4,39,18
11-13-20,Union,615,6,555,6,60,0,629,6,6381,33,7010,39,0,5,-2,31,8,579,0,25,5
11-13-20,Van Buren,265,5,237,4,28,1,275,4,3102,9,3377,13,0,2,-1,31,6,232,0,8,2
11-13-20,Warren,1919,35,1755,32,164,3,2052,32,18600,150,20652,182,0,14,12,277,23,1628,0,36,17
11-13-20,Washington,4783,87,4552,82,231,5,5101,74,45235,287,50336,361,1,85,-3,515,89,4183,3,195,90
11-13-20,Wayne,1683,4,1644,4,39,0,1811,7,7486,18,9297,25,0,7,-6,41,10,1635,0,24,9
11-13-20,Weakley,1814,18,1592,11,222,7,1858,8,14040,51,15898,59,2,31,3,143,13,1640,1,41,34
11-13-20,White,1486,23,1334,16,152,7,1749,18,14376,76,16125,94,0,17,10,133,13,1336,0,74,17
11-13-20,Williamson,9180,237,8749,232,431,5,10087,251,98814,994,108901,1245,1,65,145,1187,91,7928,2,176,74
11-13-20,Wilson,5975,132,5801,123,174,9,6823,143,53890,550,60713,693,0,68,67,641,65,5266,1,171,69
11-12-20,Anderson,2236,8,2117,7,119,1,2437,11,35295,198,37732,209,0,19,-12,301,20,1916,0,72,24
11-12-20,Bedford,2133,28,1972,18,161,10,2376,18,17772,88,20148,106,0,24,15,252,13,1857,0,68,25
11-12-20,Benton,613,45,577,42,36,3,633,43,5982,38,6615,81,0,13,37,137,8,463,0,20,14
11-12-20,Bledsoe,1094,2,1082,2,12,0,1145,2,9867,75,11012,77,0,4,-2,32,4,1058,0,22,5
11-12-20,Blount,4220,59,4061,49,159,10,4703,53,40414,197,45117,250,1,46,18,510,40,3664,0,163,49
11-12-20,Bradley,4207,43,3974,35,233,8,4747,37,33547,109,38294,146,0,27,25,361,18,3819,2,239,30
11-12-20,Campbell,1284,7,1053,0,231,7,1204,1,16422,27,17626,28,0,17,0,113,7,1154,0,64,20
11-12-20,Cannon,566,3,519,2,47,1,616,2,5467,44,6083,46,0,2,-9,90,12,474,0,17,3
11-12-20,Carroll,1367,32,1133,28,234,4,1379,27,13913,51,15292,78,0,30,19,162,13,1175,1,58,32
11-12-20,Carter,2157,22,2044,22,113,0,2260,35,21860,75,24120,110,0,42,-11,301,33,1814,1,140,44
11-12-20,Cheatham,1290,13,1228,9,62,4,1462,10,14905,53,16367,63,0,13,0,121,13,1156,0,45,13
11-12-20,Chester,840,10,681,7,159,3,888,8,6896,54,7784,62,1,19,7,68,2,753,0,26,19
11-12-20,Claiborne,617,3,522,1,95,2,628,1,13301,54,13929,55,0,9,2,55,1,553,0,30,8
11-12-20,Clay,465,6,350,2,115,4,414,2,3682,9,4096,11,0,17,4,38,2,410,0,17,20
11-12-20,Cocke,1361,6,1164,0,197,6,1302,1,11638,43,12940,44,0,24,-9,130,15,1207,0,70,28
11-12-20,Coffee,2303,31,1930,16,373,15,2429,15,26697,85,29126,100,0,35,4,217,27,2051,0,61,39
11-12-20,Crockett,1027,6,760,3,267,3,918,2,4903,8,5821,10,0,25,-4,54,10,948,0,25,26
11-12-20,Cumberland,2049,37,1962,34,87,3,2389,35,30216,192,32605,227,0,30,21,289,16,1730,0,93,35
11-12-20,Davidson,36776,236,36342,223,434,13,45235,259,507567,2860,552802,3119,0,374,-60,2567,296,33835,3,1335,395
11-12-20,Decatur,774,13,614,7,160,6,792,5,7633,12,8425,17,0,11,10,71,3,692,0,24,12
11-12-20,Dekalb,894,3,814,3,80,0,1006,3,10715,79,11721,82,0,19,-7,100,10,775,0,35,22
11-12-20,Dickson,2202,20,1854,19,348,1,2379,19,19489,95,21868,114,0,23,-21,303,41,1876,0,71,28
11-12-20,Dyer,2769,35,2254,11,515,24,2583,10,15474,14,18057,24,0,44,14,301,21,2424,0,85,52
11-12-20,Fayette,1944,16,1863,14,81,2,2371,13,21308,75,23679,88,0,34,9,137,7,1773,0,94,37
11-12-20,Fentress,1048,2,930,2,118,0,1123,2,6416,8,7539,10,0,14,-5,73,7,961,1,44,18
11-12-20,Franklin,1594,36,1496,28,98,8,1849,19,19550,72,21399,91,0,28,22,185,14,1381,2,66,30
11-12-20,Gibson,2546,20,1873,18,673,2,2490,19,19249,63,21739,82,1,55,-1,246,20,2245,0,71,62
11-12-20,Giles,1191,17,1146,15,45,2,1348,18,13050,44,14398,62,0,39,-5,134,22,1018,1,60,41
11-12-20,Grainger,768,4,640,2,128,2,757,1,8283,23,9040,24,3,8,-4,65,5,695,0,40,14
11-12-20,Greene,2384,22,2239,20,145,2,2560,24,23622,115,26182,139,0,63,-18,297,40,2024,0,115,64
11-12-20,Grundy,672,2,625,2,47,0,751,2,4124,14,4875,16,0,15,-3,28,5,629,0,42,14
11-12-20,Hamblen,2856,14,2536,6,320,8,2956,7,29137,28,32093,35,0,55,0,219,14,2582,0,141,60
11-12-20,Hamilton,13900,127,13133,106,767,21,15213,116,179003,904,194216,1020,1,120,6,1049,120,12731,4,517,131
11-12-20,Hancock,129,0,117,0,12,0,132,0,2331,3,2463,3,0,3,0,2,0,124,0,11,3
11-12-20,Hardeman,2072,5,1924,5,148,0,2309,7,17961,37,20270,44,0,35,-7,89,12,1948,0,82,37
11-12-20,Hardin,1551,3,1241,1,310,2,1582,2,15589,16,17171,18,0,25,-5,83,8,1443,0,38,27
11-12-20,Hawkins,1543,26,1440,23,103,3,1612,27,14962,40,16574,67,0,31,5,192,21,1320,1,86,32
11-12-20,Haywood,1443,2,1318,2,125,0,1517,2,8927,12,10444,14,0,28,-3,72,5,1343,0,58,29
11-12-20,Henderson,1572,8,1253,5,319,3,1784,3,11108,19,12892,22,0,30,3,110,5,1432,0,55,31
11-12-20,Henry,1120,38,1048,30,72,8,1237,36,12301,85,13538,121,0,13,22,196,16,911,1,47,16
11-12-20,Hickman,956,10,874,8,82,2,1082,7,9679,31,10761,38,0,16,6,96,4,844,0,25,18
11-12-20,Houston,523,3,441,0,82,3,517,0,4314,2,4831,2,0,19,-4,67,7,437,0,31,19
11-12-20,Humphreys,562,1,436,1,126,0,544,1,7274,38,7818,39,0,6,-9,62,10,494,0,21,7
11-12-20,Jackson,590,33,477,8,113,25,584,9,3347,23,3931,32,0,7,27,88,6,495,2,24,6
11-12-20,Jefferson,1815,12,1555,4,260,8,1838,4,22791,37,24629,41,0,26,-2,149,14,1640,0,90,28
11-12-20,Johnson,1305,6,1245,6,60,0,1335,5,9049,8,10384,13,1,17,-1,66,6,1222,1,38,19
11-12-20,Knox,15438,142,14661,129,777,13,16389,134,178937,948,195326,1082,1,109,-5,1266,146,14063,3,548,126
11-12-20,Lake,1081,4,1038,1,43,3,1260,1,7252,11,8512,12,0,5,-2,76,6,1000,0,12,5
11-12-20,Lauderdale,1795,149,1520,148,275,1,1769,147,14504,106,16273,253,0,20,136,249,13,1526,0,65,20
11-12-20,Lawrence,2150,36,2001,21,149,15,2258,18,16173,80,18431,98,0,24,11,351,25,1775,0,79,26
11-12-20,Lewis,616,10,601,8,15,2,655,4,6609,15,7264,19,0,8,-11,86,21,522,0,24,12
11-12-20,Lincoln,1195,14,1064,9,131,5,1255,9,10454,45,11709,54,0,8,-6,185,20,1002,0,35,11
11-12-20,Loudon,1929,15,1858,14,71,1,2089,17,18736,61,20825,78,0,13,4,192,11,1724,0,60,17
11-12-20,Macon,1576,30,1469,24,107,6,1790,26,9843,74,11633,100,0,26,17,156,13,1394,0,93,26
11-12-20,Madison,4453,42,3049,29,1404,13,4129,25,35960,80,40089,105,0,89,3,344,39,4020,1,231,107
11-12-20,Marion,946,4,911,4,35,0,1091,4,9408,47,10499,51,0,15,-5,48,9,883,0,63,17
11-12-20,Marshall,1422,14,1397,14,25,0,1594,14,13365,65,14959,79,0,15,0,173,14,1234,0,36,14
11-12-20,Maury,4598,62,4502,60,96,2,5007,46,40360,213,45367,259,0,45,-18,730,80,3823,2,144,48
11-12-20,McMinn,2024,19,1963,18,61,1,2262,20,23326,78,25588,98,1,48,-3,224,21,1752,1,91,54
11-12-20,McNairy,1274,10,1004,6,270,4,1369,8,10251,19,11620,27,0,30,6,72,4,1172,0,48,34
11-12-20,Meigs,402,1,395,1,7,0,462,2,4260,18,4722,20,2,10,-4,50,3,342,0,23,11
11-12-20,Monroe,1733,14,1671,14,62,0,1928,14,15225,45,17153,59,3,38,2,160,9,1535,0,96,42
11-12-20,Montgomery,5229,75,4656,34,573,41,5343,36,57440,237,62783,273,0,70,26,395,49,4764,0,163,77
11-12-20,Moore,320,5,275,5,45,0,334,4,3103,4,3437,8,-1,2,3,30,3,288,0,6,2
11-12-20,Morgan,535,2,502,1,33,1,563,1,9982,28,10545,29,0,6,-3,64,5,465,0,12,6
11-12-20,Obion,2166,30,1839,20,327,10,2113,19,13638,63,15751,82,1,35,14,255,15,1876,0,66,43
11-12-20,Out of State,3829,101,3531,58,298,43,4057,57,375225,1495,379282,1552,0,44,64,516,37,3269,0,110,27
11-12-20,Overton,1371,3,1144,3,227,0,1396,4,9460,9,10856,13,0,31,-7,71,10,1269,0,50,35
11-12-20,Pending,2622,65,2199,43,423,22,2555,47,232272,778,234827,825,1,9,5,521,59,2092,2,44,12
11-12-20,Perry,411,10,381,10,30,0,432,8,4422,4,4854,12,1,17,3,35,6,359,0,23,20
11-12-20,Pickett,324,3,232,3,92,0,289,2,1796,0,2085,2,1,11,0,32,2,281,2,17,12
11-12-20,Polk,582,6,554,6,28,0,649,7,4984,20,5633,27,0,13,5,27,1,542,0,30,13
11-12-20,Putnam,5180,72,4558,50,622,22,5710,54,42012,306,47722,360,0,68,47,384,25,4728,0,149,78
11-12-20,Rhea,1358,14,1291,13,67,1,1534,15,14519,51,16053,66,-2,26,-2,118,18,1214,0,56,28
11-12-20,Roane,1837,18,1759,15,78,3,2027,16,25382,90,27409,106,0,11,-8,259,26,1567,0,62,20
11-12-20,Robertson,3010,21,2920,19,90,2,3498,17,24043,91,27541,108,0,44,4,234,17,2732,1,210,51
11-12-20,Rutherford,14439,115,14062,95,377,20,16942,102,120958,508,137900,610,1,129,-31,1150,145,13160,0,348,139
11-12-20,Scott,658,18,521,2,137,16,571,5,6651,32,7222,37,0,5,6,189,12,464,0,26,7
11-12-20,Sequatchie,437,8,430,8,7,0,482,8,7112,27,7594,35,0,5,7,53,1,379,0,16,5
11-12-20,Sevier,3963,29,3812,28,151,1,4292,32,34823,114,39115,146,1,27,-1,322,29,3614,0,140,31
11-12-20,Shelby,41512,330,40576,315,936,15,50631,378,496896,2350,547527,2728,3,606,2,2814,325,38092,5,2449,665
11-12-20,Smith,1193,14,1087,5,106,9,1420,7,7528,34,8948,41,0,17,6,98,8,1078,0,39,17
11-12-20,Stewart,457,4,400,1,57,3,472,1,4059,22,4531,23,0,13,-8,61,12,383,0,15,14
11-12-20,Sullivan,4968,105,4645,95,323,10,5116,105,45220,398,50336,503,0,74,32,580,73,4314,12,348,78
11-12-20,Sumner,7542,114,7431,102,111,12,8697,107,65066,262,73763,369,0,121,50,794,64,6627,3,497,128
11-12-20,Tipton,2872,52,2461,41,411,11,3086,31,28187,152,31273,183,0,31,31,284,21,2557,0,112,35
11-12-20,Trousdale,1844,4,1825,4,19,0,1930,4,6167,25,8097,29,0,10,-5,37,9,1797,0,31,11
11-12-20,Unicoi,619,5,532,5,87,0,617,6,8340,41,8957,47,2,16,-6,97,9,506,0,35,17
11-12-20,Union,609,1,549,0,60,1,623,0,6348,13,6971,13,0,5,1,33,0,571,0,25,5
11-12-20,Van Buren,260,5,233,2,27,3,271,2,3093,22,3364,24,0,2,3,32,2,226,0,8,2
11-12-20,Warren,1884,42,1723,33,161,9,2020,37,18450,107,20470,144,2,14,17,265,23,1605,0,36,16
11-12-20,Washington,4696,41,4470,40,226,1,5027,40,44948,172,49975,212,1,84,-26,518,66,4094,0,192,89
11-12-20,Wayne,1679,8,1640,7,39,1,1804,6,7468,18,9272,24,0,7,4,47,4,1625,0,24,9
11-12-20,Weakley,1796,12,1581,8,215,4,1850,8,13989,35,15839,43,0,29,0,140,12,1627,0,40,34
11-12-20,White,1463,10,1318,8,145,2,1731,11,14300,53,16031,64,0,17,-14,123,24,1323,0,74,17
11-12-20,Williamson,8943,120,8517,111,426,9,9836,110,97820,515,107656,625,0,64,22,1042,98,7837,3,174,74
11-12-20,Wilson,5843,44,5678,40,165,4,6680,44,53340,414,60020,458,1,68,-31,574,74,5201,0,170,69
11-11-20,Anderson,2228,39,2110,36,118,3,2426,41,35097,266,37523,307,1,19,12,313,26,1896,1,72,23
11-11-20,Bedford,2105,35,1954,31,151,4,2358,36,17684,101,20042,137,0,24,12,237,23,1844,0,68,25
11-11-20,Benton,568,18,535,15,33,3,590,16,5944,44,6534,60,1,13,2,100,15,455,1,20,14
11-11-20,Bledsoe,1092,6,1080,6,12,0,1143,6,9792,36,10935,42,0,4,4,34,2,1054,0,22,5
11-11-20,Blount,4161,74,4012,70,149,4,4650,75,40217,332,44867,407,0,45,32,492,42,3624,1,163,47
11-11-20,Bradley,4164,42,3939,38,225,4,4710,48,33438,365,38148,413,0,27,7,336,35,3801,2,237,30
11-11-20,Campbell,1277,22,1053,19,224,3,1203,18,16395,129,17598,147,0,17,13,113,9,1147,1,64,20
11-11-20,Cannon,563,22,517,17,46,5,614,19,5423,67,6037,86,0,2,16,99,6,462,0,17,3
11-11-20,Carroll,1335,21,1105,15,230,6,1352,16,13862,82,15214,98,0,30,8,143,13,1162,0,57,32
11-11-20,Carter,2135,64,2022,56,113,8,2225,56,21785,175,24010,231,1,42,29,312,34,1781,4,139,44
11-11-20,Cheatham,1277,16,1219,14,58,2,1452,16,14852,105,16304,121,1,13,9,121,6,1143,2,45,13
11-11-20,Chester,830,10,674,6,156,4,880,7,6842,38,7722,45,0,18,0,61,10,751,0,26,19
11-11-20,Claiborne,614,18,521,11,93,7,627,12,13247,65,13874,77,1,9,14,53,3,552,0,30,8
11-11-20,Clay,459,4,348,1,111,3,412,1,3673,18,4085,19,0,17,0,34,4,408,0,17,19
11-11-20,Cocke,1355,32,1164,27,191,5,1301,26,11595,186,12896,212,2,24,16,139,14,1192,2,70,28
11-11-20,Coffee,2272,18,1914,15,358,3,2414,16,26612,94,29026,110,3,35,-8,213,23,2024,0,61,39
11-11-20,Crockett,1021,2,757,2,264,0,916,2,4895,23,5811,25,1,25,-11,58,12,938,0,25,26
11-11-20,Cumberland,2012,39,1928,38,84,1,2354,43,30024,195,32378,238,1,30,23,268,15,1714,2,93,35
11-11-20,Davidson,36540,457,36119,442,421,15,44976,530,504707,4564,549683,5094,5,374,114,2627,338,33539,5,1332,393
11-11-20,Decatur,761,6,607,2,154,4,787,2,7621,17,8408,19,0,11,1,61,5,689,0,24,12
11-11-20,Dekalb,891,24,811,20,80,4,1003,20,10636,88,11639,108,0,19,17,107,7,765,0,35,22
11-11-20,Dickson,2182,46,1835,22,347,24,2360,22,19394,153,21754,175,0,23,9,324,37,1835,0,71,28
11-11-20,Dyer,2734,37,2243,21,491,16,2573,22,15460,64,18033,86,2,44,9,287,26,2403,0,85,51
11-11-20,Fayette,1928,16,1849,16,79,0,2358,25,21233,114,23591,139,3,34,9,128,4,1766,0,94,37
11-11-20,Fentress,1046,10,928,9,118,1,1121,11,6408,102,7529,113,0,14,3,78,7,954,0,43,18
11-11-20,Franklin,1558,13,1468,12,90,1,1830,16,19478,117,21308,133,1,28,0,163,12,1367,0,64,30
11-11-20,Gibson,2526,37,1855,23,671,14,2471,26,19186,68,21657,94,1,54,15,247,21,2225,0,71,60
11-11-20,Giles,1174,21,1131,20,43,1,1330,13,13006,97,14336,110,0,39,16,139,5,996,0,59,40
11-11-20,Grainger,764,7,638,2,126,5,756,3,8260,54,9016,57,0,5,-4,69,11,690,2,40,13
11-11-20,Greene,2362,41,2219,33,143,8,2536,39,23507,234,26043,273,0,63,17,315,24,1984,2,115,64
11-11-20,Grundy,670,2,623,2,47,0,749,5,4110,32,4859,37,0,15,-3,31,5,624,0,42,14
11-11-20,Hamblen,2842,49,2530,29,312,20,2949,31,29109,163,32058,194,1,55,23,219,25,2568,2,141,60
11-11-20,Hamilton,13773,180,13027,154,746,26,15097,148,178099,886,193196,1034,1,119,69,1043,110,12611,2,513,128
11-11-20,Hancock,129,0,117,0,12,0,132,0,2328,4,2460,4,0,3,-1,2,1,124,0,11,3
11-11-20,Hardeman,2067,14,1919,13,148,1,2302,17,17924,57,20226,74,0,35,5,96,9,1936,0,82,37
11-11-20,Hardin,1548,21,1240,16,308,5,1580,18,15573,46,17153,64,2,25,14,88,5,1435,0,38,27
11-11-20,Hawkins,1517,28,1417,19,100,9,1585,22,14922,147,16507,169,1,31,16,187,11,1299,2,85,32
11-11-20,Haywood,1441,8,1316,5,125,3,1515,4,8915,28,10430,32,0,28,-2,75,10,1338,0,58,29
11-11-20,Henderson,1564,13,1248,11,316,2,1781,12,11089,64,12870,76,1,30,9,107,3,1427,0,55,31
11-11-20,Henry,1082,38,1018,34,64,4,1201,32,12216,109,13417,141,0,13,30,174,8,895,0,46,16
11-11-20,Hickman,946,11,866,7,80,4,1075,9,9648,50,10723,59,0,16,6,90,5,840,0,25,18
11-11-20,Houston,520,5,441,5,79,0,517,6,4312,10,4829,16,1,19,-1,71,5,430,0,31,19
11-11-20,Humphreys,561,11,435,3,126,8,543,2,7236,37,7779,39,0,6,7,71,4,484,0,21,7
11-11-20,Jackson,557,9,469,7,88,2,575,8,3324,37,3899,45,0,7,0,61,9,489,0,22,6
11-11-20,Jefferson,1803,27,1551,17,252,10,1834,19,22754,110,24588,129,1,26,15,151,11,1626,0,90,28
11-11-20,Johnson,1299,9,1239,9,60,0,1330,12,9041,114,10371,126,1,16,1,67,7,1216,0,37,19
11-11-20,Knox,15296,193,14532,177,764,16,16255,191,177989,1198,194244,1389,3,108,24,1271,166,13917,7,545,124
11-11-20,Lake,1077,3,1037,2,40,1,1259,3,7241,12,8500,15,1,5,0,78,2,994,0,12,5
11-11-20,Lauderdale,1646,26,1372,22,274,4,1622,26,14398,52,16020,78,0,20,18,113,8,1513,0,65,20
11-11-20,Lawrence,2114,37,1980,27,134,10,2240,28,16093,143,18333,171,0,24,5,340,32,1750,0,79,26
11-11-20,Lewis,606,4,593,3,13,1,651,4,6594,52,7245,56,1,8,-8,97,11,501,0,24,12
11-11-20,Lincoln,1181,28,1055,17,126,11,1246,21,10409,66,11655,87,0,8,16,191,12,982,0,35,11
11-11-20,Loudon,1914,45,1844,44,70,1,2072,43,18675,145,20747,188,0,13,31,188,14,1713,1,60,16
11-11-20,Macon,1546,25,1445,25,101,0,1764,27,9769,90,11533,117,0,26,18,139,7,1381,0,93,26
11-11-20,Madison,4411,53,3020,14,1391,39,4104,20,35880,138,39984,158,3,89,8,341,42,3981,0,230,107
11-11-20,Marion,942,5,907,3,35,2,1087,3,9361,75,10448,78,1,15,-6,53,10,874,0,63,17
11-11-20,Marshall,1408,25,1383,19,25,6,1580,14,13300,60,14880,74,1,15,11,173,13,1220,0,36,14
11-11-20,Maury,4536,57,4442,57,94,0,4961,37,40147,142,45108,179,2,45,-15,748,70,3743,3,142,48
11-11-20,McMinn,2005,40,1945,37,60,3,2242,36,23248,103,25490,139,1,47,23,227,16,1731,0,90,53
11-11-20,McNairy,1264,13,998,6,266,7,1361,6,10232,46,11593,52,0,30,9,66,4,1168,0,48,34
11-11-20,Meigs,401,5,394,5,7,0,460,9,4242,19,4702,28,0,8,3,54,2,339,0,23,11
11-11-20,Monroe,1719,22,1657,21,62,1,1914,23,15180,106,17094,129,2,35,4,158,16,1526,0,96,41
11-11-20,Montgomery,5154,58,4622,54,532,4,5307,65,57203,447,62510,512,2,70,3,369,53,4715,0,163,77
11-11-20,Moore,315,2,270,2,45,0,330,4,3099,10,3429,14,0,3,1,27,1,285,0,6,2
11-11-20,Morgan,533,14,501,14,32,0,562,15,9954,47,10516,62,0,6,11,67,3,460,0,12,6
11-11-20,Obion,2136,29,1819,13,317,16,2094,15,13575,62,15669,77,2,34,12,241,15,1861,0,66,41
11-11-20,Out of State,3728,106,3473,77,255,29,4000,87,373730,2345,377730,2432,1,44,58,452,47,3232,1,110,26
11-11-20,Overton,1368,10,1141,8,227,2,1392,9,9451,73,10843,82,1,31,0,78,9,1259,0,50,35
11-11-20,Pending,2557,89,2156,62,401,27,2508,70,231494,1019,234002,1089,2,8,16,516,71,2033,1,42,12
11-11-20,Perry,401,8,371,8,30,0,424,8,4418,19,4842,27,0,16,-1,32,9,353,1,23,20
11-11-20,Pickett,321,2,229,2,92,0,287,4,1796,46,2083,50,0,10,2,32,0,279,0,15,12
11-11-20,Polk,576,5,548,5,28,0,642,4,4964,35,5606,39,0,13,-1,22,6,541,2,30,13
11-11-20,Putnam,5108,71,4508,59,600,12,5656,67,41706,445,47362,512,4,68,27,337,40,4703,1,149,76
11-11-20,Rhea,1344,20,1278,17,66,3,1519,19,14468,59,15987,78,3,28,7,120,10,1196,1,56,27
11-11-20,Roane,1819,37,1744,34,75,3,2011,41,25292,170,27303,211,1,11,-18,267,54,1541,1,62,20
11-11-20,Robertson,2989,23,2901,20,88,3,3481,28,23952,117,27433,145,1,44,14,230,8,2715,0,209,50
11-11-20,Rutherford,14324,195,13967,182,357,13,16840,225,120450,878,137290,1103,1,128,21,1181,173,13015,0,348,139
11-11-20,Scott,640,46,519,20,121,26,566,15,6619,58,7185,73,0,5,25,183,21,452,1,26,7
11-11-20,Sequatchie,429,6,422,6,7,0,474,7,7085,23,7559,30,0,5,0,46,6,378,0,16,5
11-11-20,Sevier,3934,40,3784,38,150,2,4260,40,34709,297,38969,337,0,26,2,323,38,3585,0,140,30
11-11-20,Shelby,41182,338,40261,301,921,37,50253,481,494546,3070,544799,3551,10,603,11,2812,317,37767,8,2444,663
11-11-20,Smith,1179,17,1082,12,97,5,1413,12,7494,63,8907,75,1,17,8,92,8,1070,0,39,17
11-11-20,Stewart,453,5,399,4,54,1,471,4,4037,30,4508,34,0,13,-5,69,10,371,0,15,13
11-11-20,Sullivan,4863,48,4550,28,313,20,5011,30,44822,176,49833,206,3,74,-28,548,73,4241,3,336,77
11-11-20,Sumner,7428,102,7329,99,99,3,8590,112,64804,439,73394,551,0,121,15,744,87,6563,1,494,127
11-11-20,Tipton,2820,33,2420,27,400,6,3055,39,28035,186,31090,225,5,31,-5,253,33,2536,0,112,35
11-11-20,Trousdale,1840,1,1821,1,19,0,1926,1,6142,16,8068,17,0,10,-1,42,2,1788,0,31,11
11-11-20,Unicoi,614,8,527,6,87,2,611,12,8299,64,8910,76,1,14,-4,103,11,497,0,35,17
11-11-20,Union,608,10,549,6,59,4,623,8,6335,33,6958,41,0,5,4,32,6,571,0,25,5
11-11-20,Van Buren,255,2,231,2,24,0,269,3,3071,13,3340,16,0,2,-1,29,3,224,0,8,2
11-11-20,Warren,1842,36,1690,33,152,3,1983,42,18343,167,20326,209,1,12,6,248,29,1582,0,36,16
11-11-20,Washington,4655,79,4430,66,225,13,4987,68,44776,374,49763,442,0,83,3,544,76,4028,5,192,87
11-11-20,Wayne,1671,7,1633,7,38,0,1798,5,7450,38,9248,43,0,7,6,43,1,1621,0,24,8
11-11-20,Weakley,1784,22,1573,13,211,9,1842,18,13954,83,15796,101,0,29,13,140,9,1615,0,40,34
11-11-20,White,1453,27,1310,22,143,5,1720,28,14247,145,15967,173,0,17,6,137,21,1299,0,74,17
11-11-20,Williamson,8823,102,8406,94,417,8,9726,104,97305,572,107031,676,1,64,-3,1020,104,7739,3,171,73
11-11-20,Wilson,5799,127,5638,113,161,14,6636,128,52926,383,59562,511,1,67,73,605,53,5127,1,170,69
11-10-20,Anderson,2189,19,2074,18,115,1,2385,19,34831,191,37216,210,0,18,-17,301,36,1870,1,71,23
11-10-20,Bedford,2070,20,1923,19,147,1,2322,20,17583,81,19905,101,1,24,-6,225,25,1821,0,68,25
11-10-20,Benton,550,6,520,6,30,0,574,6,5900,19,6474,25,1,12,-5,98,10,440,0,19,14
11-10-20,Bledsoe,1086,1,1074,1,12,0,1137,1,9756,14,10893,15,0,4,-6,30,7,1052,0,22,5
11-10-20,Blount,4087,67,3942,65,145,2,4575,84,39885,277,44460,361,-1,45,27,460,41,3582,8,162,47
11-10-20,Bradley,4122,60,3901,48,221,12,4662,50,33073,212,37735,262,2,27,30,329,28,3766,3,235,29
11-10-20,Campbell,1255,5,1034,2,221,3,1185,3,16266,141,17451,144,1,17,-8,100,12,1138,0,63,20
11-10-20,Cannon,541,5,500,5,41,0,595,5,5356,19,5951,24,0,2,-1,83,6,456,0,17,3
11-10-20,Carroll,1314,11,1090,8,224,3,1336,6,13780,75,15116,81,0,30,-1,135,12,1149,0,57,32
11-10-20,Carter,2071,23,1966,20,105,3,2169,22,21610,142,23779,164,2,41,-11,283,32,1747,3,135,43
11-10-20,Cheatham,1261,11,1205,8,56,3,1436,10,14747,137,16183,147,0,12,-1,112,12,1137,0,43,13
11-10-20,Chester,820,5,668,4,152,1,873,4,6804,46,7677,50,0,18,-2,61,7,741,0,26,19
11-10-20,Claiborne,596,4,510,2,86,2,615,2,13182,44,13797,46,0,8,-3,39,7,549,0,30,8
11-10-20,Clay,455,1,347,0,108,1,411,0,3655,6,4066,6,0,17,-3,34,4,404,0,17,19
11-10-20,Cocke,1323,16,1137,8,186,8,1275,6,11409,52,12684,58,0,22,-4,123,20,1178,1,68,28
11-10-20,Coffee,2254,25,1899,17,355,8,2398,18,26518,106,28916,124,1,32,-2,221,26,2001,0,61,39
11-10-20,Crockett,1019,4,755,1,264,3,914,2,4872,17,5786,19,0,24,-8,69,12,926,0,25,26
11-10-20,Cumberland,1973,21,1890,4,83,17,2311,4,29829,103,32140,107,0,29,5,245,16,1699,0,91,35
11-10-20,Davidson,36083,380,35677,364,406,16,44446,419,500143,5925,544589,6344,3,369,51,2513,326,33201,8,1327,391
11-10-20,Decatur,755,10,605,9,150,1,785,9,7604,51,8389,60,0,11,3,60,7,684,0,24,11
11-10-20,Dekalb,867,3,791,1,76,2,983,2,10548,21,11531,23,1,19,-7,90,9,758,0,35,22
11-10-20,Dickson,2136,25,1813,25,323,0,2338,31,19241,107,21579,138,1,23,-3,315,27,1798,0,71,26
11-10-20,Dyer,2697,12,2222,5,475,7,2551,5,15396,27,17947,32,3,42,-20,278,29,2377,0,85,50
11-10-20,Fayette,1912,10,1833,7,79,3,2333,10,21119,74,23452,84,1,31,-8,119,17,1762,1,94,36
11-10-20,Fentress,1036,6,919,3,117,3,1110,3,6306,23,7416,26,0,14,-4,75,10,947,0,43,18
11-10-20,Franklin,1545,20,1456,14,89,6,1814,16,19361,95,21175,111,0,27,3,163,17,1355,0,64,30
11-10-20,Gibson,2489,30,1832,12,657,18,2445,9,19118,38,21563,47,1,53,13,232,16,2204,1,71,60
11-10-20,Giles,1153,19,1111,12,42,7,1317,11,12909,107,14226,118,1,39,6,123,12,991,0,59,40
11-10-20,Grainger,757,2,636,2,121,0,753,3,8206,20,8959,23,0,5,-10,73,12,679,0,38,12
11-10-20,Greene,2321,41,2186,39,135,2,2497,32,23273,191,25770,223,2,63,-9,298,48,1960,0,113,64
11-10-20,Grundy,668,4,621,3,47,1,744,3,4078,23,4822,26,1,15,-6,34,9,619,0,42,14
11-10-20,Hamblen,2793,5,2501,2,292,3,2918,5,28946,50,31864,55,3,54,-28,196,30,2543,0,139,60
11-10-20,Hamilton,13593,193,12873,181,720,12,14949,211,177213,1085,192162,1296,1,118,74,974,118,12501,5,511,127
11-10-20,Hancock,129,0,117,0,12,0,132,0,2324,7,2456,7,0,3,-2,3,2,123,0,11,3
11-10-20,Hardeman,2053,1,1906,1,147,0,2285,1,17867,49,20152,50,0,35,-8,91,9,1927,0,82,37
11-10-20,Hardin,1527,7,1224,7,303,0,1562,5,15527,21,17089,26,0,23,-3,74,10,1430,1,38,27
11-10-20,Hawkins,1489,13,1398,13,91,0,1563,9,14775,42,16338,51,0,30,3,171,10,1288,0,83,32
11-10-20,Haywood,1433,7,1311,4,122,3,1511,6,8887,16,10398,22,0,28,0,77,7,1328,0,58,29
11-10-20,Henderson,1551,14,1237,10,314,4,1769,9,11025,61,12794,70,0,29,5,98,9,1424,0,55,31
11-10-20,Henry,1044,10,984,9,60,1,1169,9,12107,88,13276,97,0,13,-17,144,27,887,0,46,14
11-10-20,Hickman,935,8,859,7,76,1,1066,8,9598,39,10664,47,0,16,-3,84,11,835,0,25,18
11-10-20,Houston,515,6,436,6,79,0,511,7,4302,50,4813,57,0,18,3,72,3,425,0,31,19
11-10-20,Humphreys,550,3,432,3,118,0,541,2,7199,20,7740,22,0,6,1,64,2,480,1,21,7
11-10-20,Jackson,548,7,462,1,86,6,567,1,3287,4,3854,5,0,7,3,61,4,480,0,22,6
11-10-20,Jefferson,1776,16,1534,14,242,2,1815,13,22644,64,24459,77,0,25,2,136,14,1615,1,90,28
11-10-20,Johnson,1290,4,1230,4,60,0,1318,4,8927,13,10245,17,0,15,-13,66,17,1209,1,37,19
11-10-20,Knox,15103,170,14355,163,748,7,16064,185,176791,1208,192855,1393,2,105,22,1247,146,13751,4,538,123
11-10-20,Lake,1074,25,1035,2,39,23,1256,2,7229,5,8485,7,0,4,24,78,1,992,2,12,5
11-10-20,Lauderdale,1620,0,1350,0,270,0,1596,1,14346,12,15942,13,0,20,-19,95,19,1505,0,65,20
11-10-20,Lawrence,2077,46,1953,43,124,3,2212,49,15950,91,18162,140,0,24,28,335,18,1718,1,79,25
11-10-20,Lewis,602,7,590,7,12,0,647,7,6542,95,7189,102,0,7,-10,105,17,490,0,24,11
11-10-20,Lincoln,1153,32,1038,18,115,14,1225,19,10343,45,11568,64,0,8,27,175,5,970,1,35,10
11-10-20,Loudon,1869,12,1800,12,69,0,2029,13,18530,85,20559,98,0,13,-2,157,14,1699,0,59,16
11-10-20,Macon,1521,7,1420,1,101,6,1737,3,9679,28,11416,31,0,26,-6,121,13,1374,0,93,26
11-10-20,Madison,4358,47,3006,15,1352,32,4084,16,35742,260,39826,276,0,86,10,333,37,3939,2,230,106
11-10-20,Marion,937,8,904,8,33,0,1084,9,9286,59,10370,68,0,14,-6,59,14,864,0,63,17
11-10-20,Marshall,1383,22,1364,22,19,0,1566,26,13240,139,14806,165,1,14,5,162,16,1207,0,36,14
11-10-20,Maury,4479,113,4385,106,94,7,4924,107,40005,385,44929,492,1,43,40,763,72,3673,2,139,48
11-10-20,McMinn,1965,34,1908,31,57,3,2206,34,23145,173,25351,207,2,46,15,204,17,1715,1,90,51
11-10-20,McNairy,1251,4,992,3,259,1,1355,4,10186,63,11541,67,0,30,-6,57,10,1164,0,48,34
11-10-20,Meigs,396,9,389,8,7,1,451,14,4223,14,4674,28,0,8,5,51,4,337,1,23,11
11-10-20,Monroe,1697,16,1636,16,61,0,1891,21,15074,97,16965,118,0,33,-8,154,24,1510,1,96,40
11-10-20,Montgomery,5096,62,4568,50,528,12,5242,57,56756,484,61998,541,5,68,2,366,55,4662,0,163,75
11-10-20,Moore,313,5,268,2,45,3,326,1,3089,5,3415,6,1,3,0,26,4,284,0,6,2
11-10-20,Morgan,519,8,487,8,32,0,547,7,9907,18,10454,25,0,6,2,56,6,457,0,12,6
11-10-20,Obion,2107,5,1806,5,301,0,2079,4,13513,30,15592,34,1,32,-9,229,13,1846,0,66,38
11-10-20,Out of State,3622,39,3396,36,226,3,3913,39,371385,1926,375298,1965,0,43,-2,394,41,3185,1,109,26
11-10-20,Overton,1358,10,1133,1,225,9,1383,1,9378,13,10761,14,2,30,-3,78,11,1250,0,50,35
11-10-20,Pending,2468,94,2094,60,374,34,2438,68,230475,1027,232913,1095,-1,6,29,500,66,1962,1,41,11
11-10-20,Perry,393,3,363,3,30,0,416,4,4399,6,4815,10,1,16,-8,33,10,344,1,22,20
11-10-20,Pickett,319,5,227,0,92,5,283,0,1750,4,2033,4,0,10,2,30,3,279,0,15,12
11-10-20,Polk,571,6,543,4,28,2,638,5,4929,22,5567,27,0,13,3,23,3,535,1,28,13
11-10-20,Putnam,5037,96,4449,6,588,90,5589,5,41261,120,46850,125,0,64,50,310,46,4663,0,148,74
11-10-20,Rhea,1324,17,1261,14,63,3,1500,21,14409,94,15909,115,1,25,5,113,11,1186,0,55,27
11-10-20,Roane,1782,18,1710,18,72,0,1970,22,25122,169,27092,191,0,10,-9,285,27,1487,1,61,18
11-10-20,Robertson,2966,45,2881,40,85,5,3453,43,23835,236,27288,279,0,43,24,216,21,2707,2,209,49
11-10-20,Rutherford,14129,134,13785,123,344,11,16615,143,119572,1012,136187,1155,0,127,-26,1160,160,12842,1,348,136
11-10-20,Scott,594,12,499,11,95,1,551,12,6561,91,7112,103,0,5,7,158,5,431,0,25,7
11-10-20,Sequatchie,423,8,416,8,7,0,467,8,7062,102,7529,110,0,5,4,46,4,372,0,16,5
11-10-20,Sevier,3894,23,3746,21,148,2,4220,23,34412,133,38632,156,0,26,-5,321,28,3547,1,140,30
11-10-20,Shelby,40844,221,39960,207,884,14,49772,240,491476,2207,541248,2447,5,593,-90,2801,306,37450,9,2436,658
11-10-20,Smith,1162,20,1070,3,92,17,1401,3,7431,21,8832,24,0,16,17,84,3,1062,0,39,17
11-10-20,Stewart,448,10,395,9,53,1,467,14,4007,47,4474,61,0,13,8,74,2,361,0,15,13
11-10-20,Sullivan,4815,40,4522,38,293,2,4981,38,44646,206,49627,244,6,71,-30,576,64,4168,3,333,75
11-10-20,Sumner,7326,97,7230,96,96,1,8478,105,64365,487,72843,592,1,121,17,729,79,6476,5,493,126
11-10-20,Tipton,2787,12,2393,10,394,2,3016,10,27849,96,30865,106,1,26,-18,258,29,2503,0,112,33
11-10-20,Trousdale,1839,3,1820,2,19,1,1925,2,6126,29,8051,31,0,10,0,43,3,1786,0,31,11
11-10-20,Unicoi,606,8,521,5,85,3,599,5,8235,35,8834,40,1,13,-9,107,16,486,1,35,16
11-10-20,Union,598,4,543,4,55,0,615,4,6302,29,6917,33,0,5,-1,28,5,565,0,25,5
11-10-20,Van Buren,253,5,229,1,24,4,266,1,3058,9,3324,10,0,2,3,30,2,221,0,8,2
11-10-20,Warren,1806,17,1657,11,149,6,1941,13,18176,72,20117,85,0,11,-2,242,19,1553,1,36,15
11-10-20,Washington,4576,63,4364,58,212,5,4919,55,44402,255,49321,310,5,83,-25,541,83,3952,2,187,87
11-10-20,Wayne,1664,5,1626,3,38,2,1793,2,7412,21,9205,23,0,7,4,37,1,1620,0,24,8
11-10-20,Weakley,1762,2,1560,0,202,2,1824,0,13871,27,15695,27,0,29,-9,127,11,1606,0,40,33
11-10-20,White,1426,16,1288,2,138,14,1692,2,14102,42,15794,44,1,17,-2,131,17,1278,0,74,17
11-10-20,Williamson,8721,166,8312,144,409,22,9622,149,96733,864,106355,1013,2,63,59,1023,105,7635,1,168,71
11-10-20,Wilson,5672,42,5525,41,147,1,6508,45,52543,267,59051,312,-1,66,-24,532,67,5074,2,169,69
11-09-20,Anderson,2170,9,2056,7,114,2,2366,10,34640,64,37006,74,0,18,-46,318,55,1834,0,70,23
11-09-20,Bedford,2050,15,1904,10,146,5,2302,12,17502,81,19804,93,0,23,-12,231,27,1796,0,68,25
11-09-20,Benton,544,7,514,6,30,1,568,6,5881,10,6449,16,0,11,1,103,6,430,0,19,14
11-09-20,Bledsoe,1085,1,1073,1,12,0,1136,2,9742,44,10878,46,0,4,-4,36,5,1045,0,22,5
11-09-20,Blount,4020,15,3877,13,143,2,4491,14,39608,92,44099,106,0,46,-22,433,37,3541,0,154,47
11-09-20,Bradley,4062,36,3853,30,209,6,4612,32,32861,105,37473,137,1,25,0,299,35,3738,0,232,29
11-09-20,Campbell,1250,3,1032,0,218,3,1182,2,16125,64,17307,66,1,16,-20,108,22,1126,0,63,20
11-09-20,Cannon,536,8,495,4,41,4,590,3,5337,23,5927,26,0,2,3,84,5,450,0,17,2
11-09-20,Carroll,1303,9,1082,8,221,1,1330,8,13705,29,15035,37,0,30,0,136,9,1137,0,57,32
11-09-20,Carter,2048,29,1946,27,102,2,2147,28,21468,71,23615,99,1,39,-13,294,41,1715,2,132,43
11-09-20,Cheatham,1250,15,1197,14,53,1,1426,20,14610,106,16036,126,0,12,-3,113,18,1125,1,43,13
11-09-20,Chester,815,4,664,4,151,0,869,3,6758,13,7627,16,0,18,-5,63,9,734,0,26,19
11-09-20,Claiborne,592,5,508,1,84,4,613,0,13138,8,13751,8,0,8,2,42,3,542,0,30,8
11-09-20,Clay,454,4,347,2,107,2,411,2,3649,2,4060,4,0,17,-3,37,7,400,0,17,19
11-09-20,Cocke,1307,6,1129,4,178,2,1269,4,11357,34,12626,38,0,22,-29,127,35,1158,0,67,26
11-09-20,Coffee,2229,17,1882,13,347,4,2380,14,26412,56,28792,70,0,31,-17,223,34,1975,0,61,39
11-09-20,Crockett,1015,0,754,0,261,0,912,1,4855,9,5767,10,0,24,-18,77,18,914,0,25,26
11-09-20,Cumberland,1952,16,1886,15,66,1,2307,12,29726,34,32033,46,0,29,-9,240,25,1683,0,91,34
11-09-20,Davidson,35703,228,35313,220,390,8,44027,269,494218,2912,538245,3181,1,366,-100,2462,327,32875,3,1319,386
11-09-20,Decatur,745,3,596,3,149,0,776,3,7553,16,8329,19,0,11,-3,57,6,677,0,24,11
11-09-20,Dekalb,864,9,790,2,74,7,981,2,10527,23,11508,25,0,18,-7,97,16,749,0,35,22
11-09-20,Dickson,2111,37,1788,37,323,0,2307,40,19134,210,21441,250,1,22,9,318,27,1771,1,71,26
11-09-20,Dyer,2685,19,2217,6,468,13,2546,5,15369,28,17915,33,0,39,-15,298,34,2348,0,85,48
11-09-20,Fayette,1902,7,1826,7,76,0,2323,4,21045,209,23368,213,0,30,-15,127,22,1745,0,93,36
11-09-20,Fentress,1030,3,916,2,114,1,1107,2,6283,9,7390,11,0,14,-7,79,10,937,0,43,16
11-09-20,Franklin,1525,18,1442,18,83,0,1798,18,19266,45,21064,63,0,27,2,160,16,1338,0,64,29
11-09-20,Gibson,2459,6,1820,5,639,1,2436,8,19080,103,21516,111,0,52,-19,219,25,2188,0,70,60
11-09-20,Giles,1134,11,1099,7,35,4,1306,7,12802,39,14108,46,0,38,-9,117,20,979,0,59,38
11-09-20,Grainger,755,2,634,1,121,1,750,1,8186,9,8936,10,0,5,-15,83,17,667,0,38,11
11-09-20,Greene,2280,13,2147,13,133,0,2465,14,23082,141,25547,155,1,61,-32,307,44,1912,0,113,63
11-09-20,Grundy,664,2,618,2,46,0,741,3,4055,74,4796,77,0,14,-6,40,8,610,0,42,14
11-09-20,Hamblen,2788,4,2499,4,289,0,2913,5,28896,27,31809,32,0,51,-18,224,22,2513,0,139,60
11-09-20,Hamilton,13400,94,12692,81,708,13,14738,80,176128,747,190866,827,0,117,-44,900,138,12383,0,506,127
11-09-20,Hancock,129,0,117,0,12,0,132,0,2317,0,2449,0,0,3,0,5,0,121,0,11,3
11-09-20,Hardeman,2052,5,1905,3,147,2,2284,4,17818,36,20102,40,0,35,-6,99,11,1918,0,82,36
11-09-20,Hardin,1520,5,1217,3,303,2,1557,2,15506,28,17063,30,0,23,-2,77,7,1420,0,37,27
11-09-20,Hawkins,1476,24,1385,20,91,4,1554,20,14733,156,16287,176,0,30,11,168,13,1278,2,83,32
11-09-20,Haywood,1426,3,1307,3,119,0,1505,4,8871,56,10376,60,0,28,-7,77,10,1321,0,58,29
11-09-20,Henderson,1537,1,1227,1,310,0,1760,3,10964,13,12724,16,0,29,-6,93,7,1415,0,55,31
11-09-20,Henry,1034,6,975,4,59,2,1160,5,12019,15,13179,20,0,13,-10,161,16,860,1,46,14
11-09-20,Hickman,927,14,852,13,75,1,1058,13,9559,45,10617,58,0,16,-2,87,16,824,1,25,17
11-09-20,Houston,509,15,430,9,79,6,504,9,4252,30,4756,39,0,18,8,69,7,422,0,31,19
11-09-20,Humphreys,547,9,429,9,118,0,539,12,7179,55,7718,67,0,6,0,63,9,478,0,20,7
11-09-20,Jackson,541,0,461,0,80,0,566,0,3283,11,3849,11,0,7,-8,58,8,476,0,22,6
11-09-20,Jefferson,1760,7,1520,5,240,2,1802,8,22580,45,24382,53,0,25,-12,134,19,1601,1,89,28
11-09-20,Johnson,1286,9,1226,9,60,0,1314,15,8914,93,10228,108,1,15,0,79,8,1192,0,36,18
11-09-20,Knox,14933,134,14192,120,741,14,15879,128,175583,461,191462,589,1,103,-15,1225,148,13605,2,534,121
11-09-20,Lake,1049,0,1033,0,16,0,1254,0,7224,7,8478,7,0,4,-2,54,2,991,0,10,5
11-09-20,Lauderdale,1620,13,1350,12,270,1,1595,14,14334,49,15929,63,0,20,-6,114,19,1486,0,65,20
11-09-20,Lawrence,2031,64,1910,27,121,37,2163,28,15859,221,18022,249,0,24,43,307,21,1700,0,78,25
11-09-20,Lewis,595,7,583,6,12,1,640,9,6447,19,7087,28,0,7,-15,115,22,473,0,24,10
11-09-20,Lincoln,1121,13,1020,6,101,7,1206,8,10298,38,11504,46,0,8,-12,148,25,965,0,34,10
11-09-20,Loudon,1857,6,1788,5,69,1,2016,6,18445,26,20461,32,0,13,-18,159,24,1685,1,59,15
11-09-20,Macon,1514,12,1419,11,95,1,1734,12,9651,9,11385,21,0,26,3,127,9,1361,1,93,26
11-09-20,Madison,4311,27,2991,24,1320,3,4068,24,35482,129,39550,153,0,86,-15,323,42,3902,1,228,106
11-09-20,Marion,929,3,896,3,33,0,1075,4,9227,84,10302,88,0,14,-9,65,12,850,0,63,16
11-09-20,Marshall,1361,21,1342,21,19,0,1540,19,13101,71,14641,90,1,13,2,157,18,1191,0,36,14
11-09-20,Maury,4366,104,4279,104,87,0,4817,110,39620,460,44437,570,0,42,24,723,80,3601,1,137,48
11-09-20,McMinn,1931,7,1877,7,54,0,2172,7,22972,26,25144,33,0,44,-12,189,19,1698,0,89,50
11-09-20,McNairy,1247,7,989,5,258,2,1351,5,10123,33,11474,38,0,30,-5,63,12,1154,0,48,34
11-09-20,Meigs,387,1,381,1,6,0,437,1,4209,7,4646,8,0,8,-3,46,4,333,0,22,11
11-09-20,Monroe,1681,12,1620,11,61,1,1870,11,14977,47,16847,58,0,33,1,162,11,1486,0,95,39
11-09-20,Montgomery,5034,106,4518,74,516,32,5185,78,56272,575,61457,653,0,63,56,364,50,4607,2,163,74
11-09-20,Moore,308,6,266,6,42,0,325,7,3084,4,3409,11,0,2,2,26,4,280,0,6,2
11-09-20,Morgan,511,4,479,4,32,0,540,4,9889,16,10429,20,0,6,0,54,4,451,0,12,6
11-09-20,Obion,2102,8,1801,6,301,2,2075,10,13483,31,15558,41,0,31,-22,238,30,1833,0,66,38
11-09-20,Out of State,3583,45,3360,35,223,10,3874,34,369459,1827,373333,1861,2,43,-14,396,57,3144,0,108,26
11-09-20,Overton,1348,3,1132,1,216,2,1382,1,9365,16,10747,17,0,28,-10,81,13,1239,0,50,34
11-09-20,Pending,2374,43,2034,35,340,8,2370,46,229448,780,231818,826,0,7,-13,471,56,1896,1,40,11
11-09-20,Perry,390,4,360,4,30,0,412,4,4393,11,4805,15,0,15,-1,41,5,334,0,21,20
11-09-20,Pickett,314,2,227,1,87,1,283,0,1746,3,2029,3,0,10,0,28,2,276,0,15,12
11-09-20,Polk,565,0,539,0,26,0,633,0,4907,10,5540,10,0,13,-7,20,7,532,0,27,13
11-09-20,Putnam,4941,10,4443,5,498,5,5584,6,41141,56,46725,62,0,64,-41,260,51,4617,1,148,73
11-09-20,Rhea,1307,9,1247,9,60,0,1479,11,14315,45,15794,56,0,24,-9,108,18,1175,0,55,25
11-09-20,Roane,1764,17,1692,16,72,1,1948,18,24953,55,26901,73,0,10,-24,294,41,1460,1,60,17
11-09-20,Robertson,2921,23,2841,21,80,2,3410,21,23599,96,27009,117,0,43,-8,192,31,2686,1,207,48
11-09-20,Rutherford,13995,127,13662,122,333,5,16472,135,118560,770,135032,905,1,127,-35,1186,161,12682,2,347,135
11-09-20,Scott,582,14,488,3,94,11,539,4,6470,18,7009,22,0,5,7,151,7,426,0,25,7
11-09-20,Sequatchie,415,3,408,3,7,0,459,3,6960,25,7419,28,0,5,-2,42,5,368,0,16,5
11-09-20,Sevier,3871,20,3725,14,146,6,4197,13,34279,52,38476,65,0,26,-19,326,39,3519,0,139,30
11-09-20,Shelby,40623,287,39753,263,870,24,49532,324,489269,2898,538801,3222,0,588,-36,2891,323,37144,7,2427,653
11-09-20,Smith,1142,13,1067,8,75,5,1398,7,7410,15,8808,22,0,16,0,67,13,1059,0,39,17
11-09-20,Stewart,438,8,386,3,52,5,453,3,3960,44,4413,47,0,13,0,66,8,359,0,15,13
11-09-20,Sullivan,4775,73,4484,66,291,7,4943,71,44440,435,49383,506,1,65,-15,606,87,4104,4,330,74
11-09-20,Sumner,7229,78,7134,75,95,3,8373,78,63878,312,72251,390,0,120,-11,712,89,6397,1,488,124
11-09-20,Tipton,2775,21,2383,16,392,5,3006,22,27753,102,30759,124,0,25,-11,276,32,2474,1,112,32
11-09-20,Trousdale,1836,2,1818,2,18,0,1923,2,6097,36,8020,38,0,10,-1,43,3,1783,0,31,11
11-09-20,Unicoi,598,7,516,6,82,1,594,8,8200,18,8794,26,2,12,-19,116,24,470,0,34,15
11-09-20,Union,594,1,539,0,55,1,611,0,6273,9,6884,9,0,5,-5,29,6,560,0,25,5
11-09-20,Van Buren,248,3,228,2,20,1,265,3,3049,63,3314,66,0,2,2,27,1,219,0,8,2
11-09-20,Warren,1789,7,1646,5,143,2,1928,6,18104,41,20032,47,0,11,-10,244,17,1534,0,35,15
11-09-20,Washington,4513,43,4306,43,207,0,4864,50,44147,274,49011,324,0,78,-65,566,108,3869,0,185,86
11-09-20,Wayne,1659,6,1623,4,36,2,1791,5,7391,37,9182,42,0,7,0,33,6,1619,0,24,8
11-09-20,Weakley,1760,11,1560,8,200,3,1824,13,13844,27,15668,40,0,29,-11,136,22,1595,0,40,32
11-09-20,White,1410,9,1286,4,124,5,1690,5,14060,34,15750,39,0,16,-12,133,21,1261,0,74,17
11-09-20,Williamson,8555,138,8168,131,387,7,9473,142,95869,697,105342,839,0,61,20,964,118,7530,3,167,69
11-09-20,Wilson,5630,49,5484,49,146,0,6463,53,52276,274,58739,327,0,67,-22,556,71,5007,1,167,69
11-08-20,Anderson,2161,54,2049,51,112,3,2356,65,34576,613,36932,678,0,18,40,364,14,1779,1,70,23
11-08-20,Bedford,2035,55,1894,48,141,7,2290,51,17421,259,19711,310,0,23,44,243,11,1769,0,68,25
11-08-20,Benton,537,17,508,15,29,2,562,17,5871,39,6433,56,0,11,14,102,3,424,0,19,13
11-08-20,Bledsoe,1084,10,1072,10,12,0,1134,13,9698,65,10832,78,0,4,8,40,2,1040,1,22,5
11-08-20,Blount,4005,92,3864,84,141,8,4477,87,39516,549,43993,636,0,46,61,455,31,3504,0,154,47
11-08-20,Bradley,4026,72,3823,63,203,9,4580,72,32756,442,37336,514,0,24,48,299,24,3703,1,232,29
11-08-20,Campbell,1247,24,1032,23,215,1,1180,23,16061,267,17241,290,0,15,13,128,11,1104,0,63,20
11-08-20,Cannon,528,20,491,16,37,4,587,16,5314,78,5901,94,0,2,16,81,4,445,0,17,2
11-08-20,Carroll,1294,21,1074,19,220,2,1322,28,13676,170,14998,198,0,30,18,136,3,1128,0,57,31
11-08-20,Carter,2019,63,1919,59,100,4,2119,58,21397,307,23516,365,0,38,39,307,24,1674,1,130,42
11-08-20,Cheatham,1235,23,1183,18,52,5,1406,18,14504,190,15910,208,0,12,6,116,17,1107,0,42,13
11-08-20,Chester,811,13,660,9,151,4,866,11,6745,76,7611,87,0,18,13,68,0,725,1,26,19
11-08-20,Claiborne,587,12,507,10,80,2,613,11,13130,202,13743,213,0,8,12,40,0,539,1,30,8
11-08-20,Clay,450,5,345,5,105,0,409,5,3647,22,4056,27,0,17,4,40,1,393,0,17,19
11-08-20,Cocke,1301,22,1125,14,176,8,1265,15,11323,172,12588,187,1,22,10,156,11,1123,2,67,26
11-08-20,Coffee,2212,45,1869,29,343,16,2366,34,26356,301,28722,335,0,31,20,240,25,1941,1,61,38
11-08-20,Crockett,1015,12,754,9,261,3,911,11,4846,70,5757,81,0,24,5,95,7,896,1,25,26
11-08-20,Cumberland,1936,52,1871,51,65,1,2295,75,29692,523,31987,598,0,29,43,249,9,1658,2,91,34
11-08-20,Davidson,35475,401,35093,389,382,12,43758,428,491306,7055,535064,7483,0,365,218,2562,183,32548,5,1316,383
11-08-20,Decatur,742,18,593,17,149,1,773,18,7537,143,8310,161,0,11,10,60,8,671,0,24,11
11-08-20,Dekalb,855,44,788,32,67,12,979,37,10504,106,11483,143,0,18,41,104,3,733,1,35,22
11-08-20,Dickson,2074,52,1751,36,323,16,2267,37,18924,258,21191,295,0,21,36,309,16,1744,0,70,26
11-08-20,Dyer,2666,69,2211,52,455,17,2541,53,15341,221,17882,274,0,39,47,313,22,2314,2,85,46
11-08-20,Fayette,1895,29,1819,29,76,0,2319,43,20836,291,23155,334,0,30,19,142,10,1723,0,93,36
11-08-20,Fentress,1027,15,914,15,113,0,1105,20,6274,100,7379,120,0,14,14,86,1,927,0,43,16
11-08-20,Franklin,1507,28,1424,25,83,3,1780,31,19221,162,21001,193,0,27,17,158,11,1322,0,64,29
11-08-20,Gibson,2453,72,1815,45,638,27,2428,45,18977,233,21405,278,0,52,64,238,8,2163,0,70,60
11-08-20,Giles,1123,17,1092,17,31,0,1299,27,12763,233,14062,260,0,38,14,126,3,959,0,59,38
11-08-20,Grainger,753,15,633,13,120,2,749,12,8177,84,8926,96,0,5,8,98,7,650,0,38,11
11-08-20,Greene,2267,82,2134,77,133,5,2451,76,22941,404,25392,480,0,60,46,339,36,1868,4,113,63
11-08-20,Grundy,662,4,616,3,46,1,738,6,3981,125,4719,131,0,14,-3,46,7,602,0,42,14
11-08-20,Hamblen,2784,44,2495,39,289,5,2908,37,28869,236,31777,273,0,51,24,242,20,2491,1,139,60
11-08-20,Hamilton,13306,197,12611,187,695,10,14658,226,175381,1943,190039,2169,0,117,94,944,103,12245,7,506,126
11-08-20,Hancock,129,1,117,1,12,0,132,1,2317,22,2449,23,0,3,1,5,0,121,0,11,3
11-08-20,Hardeman,2047,25,1902,25,145,0,2280,31,17782,178,20062,209,0,35,18,105,7,1907,0,82,36
11-08-20,Hardin,1515,16,1214,11,301,5,1555,14,15478,128,17033,142,0,23,11,79,5,1413,0,37,26
11-08-20,Hawkins,1452,40,1365,33,87,7,1534,32,14577,196,16111,228,0,30,30,157,10,1265,0,81,32
11-08-20,Haywood,1423,22,1304,19,119,3,1501,20,8815,152,10316,172,0,28,18,84,4,1311,1,58,29
11-08-20,Henderson,1536,28,1226,24,310,4,1757,25,10951,130,12708,155,0,29,24,99,4,1408,1,55,30
11-08-20,Henry,1028,39,971,32,57,7,1155,34,12004,134,13159,168,0,13,28,171,11,844,0,45,14
11-08-20,Hickman,913,25,839,21,74,4,1045,22,9514,128,10559,150,0,16,19,89,6,808,1,24,17
11-08-20,Houston,494,7,421,6,73,1,495,6,4222,132,4717,138,0,18,4,61,3,415,0,31,19
11-08-20,Humphreys,538,11,420,8,118,3,527,10,7124,112,7651,122,0,6,7,63,4,469,0,20,7
11-08-20,Jackson,541,17,461,11,80,6,566,13,3272,46,3838,59,0,7,14,66,3,468,1,22,6
11-08-20,Jefferson,1753,42,1515,39,238,3,1794,42,22535,262,24329,304,0,25,27,146,15,1582,0,88,28
11-08-20,Johnson,1277,10,1217,10,60,0,1299,10,8821,79,10120,89,0,14,-3,79,13,1184,0,36,18
11-08-20,Knox,14799,219,14072,207,727,12,15751,260,175122,2601,190873,2861,1,102,102,1240,116,13457,3,532,119
11-08-20,Lake,1049,16,1033,16,16,0,1254,16,7217,81,8471,97,0,4,13,56,3,989,0,10,4
11-08-20,Lauderdale,1607,26,1338,18,269,8,1581,23,14285,126,15866,149,0,20,24,120,2,1467,0,65,20
11-08-20,Lawrence,1967,32,1883,30,84,2,2135,36,15638,241,17773,277,0,24,16,264,16,1679,0,78,25
11-08-20,Lewis,588,19,577,18,11,1,631,24,6428,99,7059,123,0,7,6,130,13,451,0,24,9
11-08-20,Lincoln,1108,36,1014,32,94,4,1198,32,10260,127,11458,159,0,8,28,160,8,940,1,34,10
11-08-20,Loudon,1851,29,1783,25,68,4,2010,25,18419,334,20429,359,0,13,20,177,9,1661,0,58,15
11-08-20,Macon,1502,27,1408,26,94,1,1722,29,9642,175,11364,204,0,26,23,124,4,1352,0,92,26
11-08-20,Madison,4284,79,2967,33,1317,46,4044,37,35353,417,39397,454,0,86,48,338,31,3860,3,227,105
11-08-20,Marion,926,15,893,15,33,0,1071,18,9143,139,10214,157,0,14,5,74,10,838,0,63,16
11-08-20,Marshall,1340,34,1321,34,19,0,1521,46,13030,223,14551,269,0,12,27,155,7,1173,0,36,14
11-08-20,Maury,4262,93,4175,93,87,0,4707,108,39160,668,43867,776,0,42,61,699,32,3521,3,136,47
11-08-20,McMinn,1924,30,1870,27,54,3,2165,32,22946,340,25111,372,0,44,19,201,11,1679,0,89,50
11-08-20,McNairy,1240,21,984,15,256,6,1346,18,10090,72,11436,90,0,30,20,68,1,1142,0,48,33
11-08-20,Meigs,386,7,380,7,6,0,436,7,4202,49,4638,56,0,8,7,49,0,329,1,22,11
11-08-20,Monroe,1669,26,1609,25,60,1,1859,29,14930,162,16789,191,1,33,13,161,12,1475,0,95,39
11-08-20,Montgomery,4928,93,4444,79,484,14,5107,82,55697,802,60804,884,0,63,54,308,39,4557,0,161,73
11-08-20,Moore,302,4,260,3,42,1,318,3,3080,22,3398,25,0,2,1,24,3,276,0,6,2
11-08-20,Morgan,507,16,475,16,32,0,536,14,9873,95,10409,109,0,6,12,54,4,447,0,12,6
11-08-20,Obion,2094,52,1795,36,299,16,2065,43,13452,229,15517,272,0,31,40,260,12,1803,0,66,38
11-08-20,Out of State,3538,133,3325,101,213,32,3840,113,367632,5081,371472,5194,0,41,114,410,19,3087,0,108,26
11-08-20,Overton,1345,18,1131,18,214,0,1381,24,9349,64,10730,88,0,28,8,91,10,1226,0,50,33
11-08-20,Pending,2331,110,1999,93,332,17,2324,96,228668,2654,230992,2750,0,7,87,484,23,1840,0,39,10
11-08-20,Perry,386,8,356,7,30,1,408,10,4382,41,4790,51,0,15,5,42,3,329,0,21,20
11-08-20,Pickett,312,7,226,7,86,0,283,9,1743,28,2026,37,0,10,7,28,0,274,0,15,11
11-08-20,Polk,565,5,539,5,26,0,633,7,4897,40,5530,47,0,13,1,27,4,525,1,27,13
11-08-20,Putnam,4931,72,4438,70,493,2,5578,85,41085,429,46663,514,0,64,50,301,22,4566,0,147,73
11-08-20,Rhea,1298,31,1238,29,60,2,1468,31,14270,196,15738,227,0,24,23,117,8,1157,2,55,24
11-08-20,Roane,1747,54,1676,54,71,0,1930,55,24898,581,26828,636,0,10,27,318,27,1419,0,59,16
11-08-20,Robertson,2898,45,2820,43,78,2,3389,46,23503,368,26892,414,0,43,33,200,12,2655,2,206,48
11-08-20,Rutherford,13868,287,13540,283,328,4,16337,310,117790,1839,134127,2149,0,126,178,1221,109,12521,4,345,134
11-08-20,Scott,568,40,485,33,83,7,535,37,6452,158,6987,195,0,5,35,144,5,419,0,25,7
11-08-20,Sequatchie,412,11,405,11,7,0,456,11,6935,114,7391,125,0,5,7,44,4,363,0,16,5
11-08-20,Sevier,3851,55,3711,55,140,0,4184,67,34227,416,38411,483,0,26,33,345,22,3480,3,139,30
11-08-20,Shelby,40336,748,39490,694,846,54,49208,816,486371,6781,535579,7597,2,588,571,2927,175,36821,16,2420,647
11-08-20,Smith,1129,25,1059,21,70,4,1391,28,7395,74,8786,102,0,16,15,67,10,1046,0,39,17
11-08-20,Stewart,430,21,383,19,47,2,450,21,3916,48,4366,69,0,13,16,66,5,351,0,15,13
11-08-20,Sullivan,4702,87,4418,77,284,10,4872,91,44005,633,48877,724,0,64,47,621,40,4017,5,326,71
11-08-20,Sumner,7151,152,7059,149,92,3,8295,160,63566,1025,71861,1185,0,120,109,723,43,6308,5,487,123
11-08-20,Tipton,2754,66,2367,51,387,15,2984,61,27651,420,30635,481,0,25,50,287,16,2442,0,111,31
11-08-20,Trousdale,1834,4,1816,4,18,0,1921,4,6061,32,7982,36,0,10,0,44,4,1780,0,31,10
11-08-20,Unicoi,591,21,510,18,81,3,586,17,8182,67,8768,84,0,10,8,135,13,446,1,34,15
11-08-20,Union,593,10,539,9,54,1,611,8,6264,98,6875,106,0,5,9,34,1,554,1,25,5
11-08-20,Van Buren,245,9,226,9,19,0,262,9,2986,63,3248,72,0,2,9,25,0,218,0,8,2
11-08-20,Warren,1782,73,1641,67,141,6,1922,73,18063,332,19985,405,0,11,67,254,6,1517,1,35,14
11-08-20,Washington,4470,97,4263,88,207,9,4814,107,43873,623,48687,730,0,78,42,631,55,3761,0,185,85
11-08-20,Wayne,1653,6,1619,5,34,1,1786,6,7354,71,9140,77,0,7,4,33,2,1613,0,24,8
11-08-20,Weakley,1749,33,1552,25,197,8,1811,27,13817,141,15628,168,0,29,28,147,5,1573,0,40,32
11-08-20,White,1401,29,1282,29,119,0,1685,34,14026,255,15711,289,0,16,21,145,8,1240,0,74,16
11-08-20,Williamson,8417,144,8037,141,380,3,9331,161,95172,1213,104503,1374,0,61,79,944,65,7412,0,164,68
11-08-20,Wilson,5581,151,5435,147,146,4,6410,165,52002,943,58412,1108,0,67,104,578,47,4936,1,166,69
11-07-20,Anderson,2107,80,1998,77,109,3,2291,76,33963,442,36254,518,0,18,49,324,31,1765,0,69,23
11-07-20,Bedford,1980,27,1846,18,134,9,2239,18,17162,134,19401,152,0,23,16,199,11,1758,0,68,25
11-07-20,Benton,520,18,493,18,27,0,545,23,5832,141,6377,164,1,11,14,88,3,421,0,19,12
11-07-20,Bledsoe,1074,8,1062,8,12,0,1121,9,9633,66,10754,75,0,4,4,32,4,1038,0,21,5
11-07-20,Blount,3913,81,3780,79,133,2,4390,88,38967,529,43357,617,1,46,49,394,31,3473,0,154,47
11-07-20,Bradley,3954,26,3760,24,194,2,4508,26,32314,331,36822,357,0,24,7,251,19,3679,0,231,28
11-07-20,Campbell,1223,17,1009,14,214,3,1157,21,15794,253,16951,274,1,15,-4,115,20,1093,0,63,20
11-07-20,Cannon,508,13,475,12,33,1,571,15,5236,75,5807,90,0,2,11,65,2,441,0,17,2
11-07-20,Carroll,1273,22,1055,17,218,5,1294,31,13506,167,14800,198,0,30,19,118,3,1125,0,57,31
11-07-20,Carter,1956,37,1860,34,96,3,2061,46,21090,281,23151,327,1,38,4,268,32,1650,1,129,41
11-07-20,Cheatham,1212,17,1165,17,47,0,1388,24,14314,172,15702,196,0,12,8,110,9,1090,1,42,12
11-07-20,Chester,798,10,651,6,147,4,855,6,6669,37,7524,43,0,18,7,55,3,725,0,25,19
11-07-20,Claiborne,575,6,497,5,78,1,602,7,12928,107,13530,114,0,8,0,28,6,539,0,29,8
11-07-20,Clay,445,2,340,2,105,0,404,3,3625,19,4029,22,1,17,0,36,1,392,0,17,19
11-07-20,Cocke,1279,23,1111,22,168,1,1250,26,11151,155,12401,181,1,21,12,146,10,1112,0,65,26
11-07-20,Coffee,2167,23,1840,19,327,4,2332,25,26055,346,28387,371,-1,31,11,220,13,1916,0,60,38
11-07-20,Crockett,1003,9,745,8,258,1,900,9,4776,47,5676,56,0,24,2,90,7,889,0,24,26
11-07-20,Cumberland,1884,42,1820,42,64,0,2220,55,29169,410,31389,465,0,29,27,206,15,1649,1,89,34
11-07-20,Davidson,35074,463,34704,456,370,7,43330,523,484251,4994,527581,5517,3,365,282,2344,178,32365,17,1311,381
11-07-20,Decatur,724,11,576,10,148,1,755,12,7394,76,8149,88,0,11,7,50,4,663,0,24,11
11-07-20,Dekalb,811,7,756,7,55,0,942,8,10398,64,11340,72,0,18,2,63,5,730,0,34,22
11-07-20,Dickson,2022,40,1715,33,307,7,2230,33,18666,167,20896,200,0,21,29,273,11,1728,1,70,24
11-07-20,Dyer,2597,44,2159,32,438,12,2488,37,15120,84,17608,121,0,39,21,266,23,2292,0,83,43
11-07-20,Fayette,1866,19,1790,15,76,4,2276,22,20545,169,22821,191,1,30,9,123,9,1713,0,93,36
11-07-20,Fentress,1012,15,899,15,113,0,1085,17,6174,98,7259,115,0,14,10,72,5,926,0,43,16
11-07-20,Franklin,1479,24,1399,24,80,0,1749,41,19059,228,20808,269,0,27,16,141,8,1311,1,64,29
11-07-20,Gibson,2381,30,1770,18,611,12,2383,28,18744,136,21127,164,0,52,20,174,10,2155,0,70,60
11-07-20,Giles,1106,7,1075,6,31,1,1272,8,12530,93,13802,101,0,38,4,112,3,956,0,59,38
11-07-20,Grainger,738,14,620,13,118,1,737,15,8093,81,8830,96,1,5,9,90,4,643,1,38,10
11-07-20,Greene,2185,21,2057,20,128,1,2375,22,22537,220,24912,242,1,60,-3,293,23,1832,1,109,63
11-07-20,Grundy,658,7,613,7,45,0,732,9,3856,76,4588,85,0,14,3,49,4,595,0,42,14
11-07-20,Hamblen,2740,48,2456,42,284,6,2871,48,28633,329,31504,377,0,51,34,218,14,2471,0,138,60
11-07-20,Hamilton,13109,154,12424,129,685,25,14432,131,173438,1229,187870,1360,3,117,70,850,81,12142,6,499,125
11-07-20,Hancock,128,0,116,0,12,0,131,0,2295,23,2426,23,0,3,-1,4,1,121,0,11,3
11-07-20,Hardeman,2022,9,1877,7,145,2,2249,14,17604,59,19853,73,0,35,1,87,8,1900,0,82,36
11-07-20,Hardin,1499,6,1203,4,296,2,1541,8,15350,81,16891,89,0,23,2,68,4,1408,0,37,25
11-07-20,Hawkins,1412,24,1332,23,80,1,1502,29,14381,253,15883,282,0,30,9,127,15,1255,0,81,32
11-07-20,Haywood,1401,11,1285,8,116,3,1481,8,8663,41,10144,49,0,28,0,66,11,1307,0,57,29
11-07-20,Henderson,1508,16,1202,11,306,5,1732,14,10821,80,12553,94,0,29,8,75,8,1404,0,54,30
11-07-20,Henry,989,33,939,31,50,2,1121,33,11870,166,12991,199,0,13,22,143,11,833,0,45,14
11-07-20,Hickman,888,9,818,9,70,0,1023,15,9386,71,10409,86,0,16,6,70,3,802,0,23,17
11-07-20,Houston,487,7,415,3,72,4,489,2,4090,61,4579,63,0,18,2,57,5,412,0,31,19
11-07-20,Humphreys,527,11,412,8,115,3,517,8,7012,54,7529,62,0,6,9,56,2,465,0,20,7
11-07-20,Jackson,524,9,450,7,74,2,553,8,3226,43,3779,51,0,7,7,52,2,465,0,21,6
11-07-20,Jefferson,1711,22,1476,18,235,4,1752,23,22273,222,24025,245,0,25,17,119,5,1567,2,88,28
11-07-20,Johnson,1267,9,1207,9,60,0,1289,5,8742,53,10031,58,0,14,-1,82,10,1171,2,36,18
11-07-20,Knox,14580,170,13865,162,715,8,15491,191,172521,1949,188012,2140,1,101,63,1138,106,13341,5,529,114
11-07-20,Lake,1033,16,1017,16,16,0,1238,18,7136,63,8374,81,0,4,14,43,2,986,0,10,4
11-07-20,Lauderdale,1581,16,1320,14,261,2,1558,17,14159,154,15717,171,0,20,8,96,8,1465,0,65,20
11-07-20,Lawrence,1935,15,1853,14,82,1,2099,15,15397,139,17496,154,0,24,9,248,6,1663,0,78,25
11-07-20,Lewis,569,15,559,14,10,1,607,24,6329,97,6936,121,0,7,3,124,12,438,0,24,8
11-07-20,Lincoln,1072,17,982,12,90,5,1166,14,10133,83,11299,97,0,8,12,132,5,932,0,33,10
11-07-20,Loudon,1822,27,1758,27,64,0,1985,32,18085,249,20070,281,0,13,16,157,11,1652,1,58,15
11-07-20,Macon,1475,8,1382,8,93,0,1693,12,9467,74,11160,86,0,26,1,101,7,1348,0,92,26
11-07-20,Madison,4205,43,2934,17,1271,26,4007,20,34936,238,38943,258,0,86,13,290,30,3829,0,224,102
11-07-20,Marion,911,7,878,7,33,0,1053,9,9004,113,10057,122,0,14,-6,69,13,828,0,63,16
11-07-20,Marshall,1306,6,1287,6,19,0,1475,10,12807,140,14282,150,0,12,-6,128,12,1166,0,36,12
11-07-20,Maury,4169,104,4082,104,87,0,4599,126,38492,577,43091,703,2,42,64,638,38,3489,2,133,47
11-07-20,McMinn,1894,26,1843,25,51,1,2133,28,22606,222,24739,250,3,44,1,182,22,1668,0,89,49
11-07-20,McNairy,1219,14,969,8,250,6,1328,11,10018,129,11346,140,0,30,12,48,2,1141,1,48,33
11-07-20,Meigs,379,6,373,6,6,0,429,8,4153,44,4582,52,0,8,3,42,3,329,0,21,11
11-07-20,Monroe,1643,25,1584,23,59,2,1830,28,14768,147,16598,175,0,32,17,148,8,1463,2,95,39
11-07-20,Montgomery,4835,80,4365,71,470,9,5025,80,54895,639,59920,719,0,63,41,254,39,4518,2,161,73
11-07-20,Moore,298,1,257,1,41,0,315,1,3058,32,3373,33,0,2,1,23,0,273,0,6,2
11-07-20,Morgan,491,6,459,6,32,0,522,6,9778,77,10300,83,0,6,5,42,1,443,0,12,6
11-07-20,Obion,2042,42,1759,28,283,14,2022,42,13223,143,15245,185,2,31,30,220,10,1791,0,66,38
11-07-20,Out of State,3405,57,3224,54,181,3,3727,56,362551,3664,366278,3720,1,41,30,296,26,3068,0,108,26
11-07-20,Overton,1327,8,1113,8,214,0,1357,9,9285,79,10642,88,2,28,-1,83,7,1216,0,50,33
11-07-20,Pending,2221,67,1906,60,315,7,2228,70,226014,2293,228242,2363,1,7,38,397,28,1817,0,39,10
11-07-20,Perry,378,9,349,8,29,1,398,12,4341,25,4739,37,1,15,5,37,3,326,1,21,19
11-07-20,Pickett,305,5,219,5,86,0,274,7,1715,45,1989,52,0,10,3,21,2,274,0,15,11
11-07-20,Polk,560,0,534,0,26,0,626,1,4857,55,5483,56,0,13,-2,26,2,521,0,26,13
11-07-20,Putnam,4859,62,4368,62,491,0,5493,82,40656,514,46149,596,1,64,33,251,28,4544,2,147,73
11-07-20,Rhea,1267,10,1209,4,58,6,1437,8,14074,111,15511,119,0,24,5,94,5,1149,1,53,24
11-07-20,Roane,1693,63,1622,63,71,0,1875,72,24317,516,26192,588,0,10,46,291,17,1392,2,59,14
11-07-20,Robertson,2853,41,2777,32,76,9,3343,39,23135,335,26478,374,0,43,28,167,13,2643,4,204,47
11-07-20,Rutherford,13581,258,13257,253,324,5,16027,287,115951,1753,131978,2040,3,126,135,1043,120,12412,1,341,133
11-07-20,Scott,528,24,452,17,76,7,498,20,6294,144,6792,164,0,5,14,109,10,414,2,25,6
11-07-20,Sequatchie,401,2,394,2,7,0,445,4,6821,150,7266,154,0,5,-3,37,5,359,0,16,5
11-07-20,Sevier,3796,73,3656,72,140,1,4117,72,33811,504,37928,576,2,26,51,312,20,3458,1,136,30
11-07-20,Shelby,39588,448,38796,416,792,32,48392,482,479590,4384,527982,4866,4,586,239,2356,205,36646,6,2404,644
11-07-20,Smith,1104,11,1038,11,66,0,1363,16,7321,75,8684,91,0,16,9,52,2,1036,0,39,17
11-07-20,Stewart,409,5,364,5,45,0,429,7,3868,37,4297,44,0,13,2,50,3,346,0,15,13
11-07-20,Sullivan,4615,182,4341,181,274,1,4781,203,43372,986,48153,1189,3,64,128,574,51,3977,8,321,69
11-07-20,Sumner,6999,161,6910,159,89,2,8135,177,62541,1016,70676,1193,0,120,118,614,43,6265,4,482,123
11-07-20,Tipton,2688,31,2316,19,372,12,2923,23,27231,219,30154,242,1,25,8,237,22,2426,0,111,31
11-07-20,Trousdale,1830,6,1812,6,18,0,1917,6,6029,43,7946,49,0,10,2,44,4,1776,0,31,10
11-07-20,Unicoi,570,14,492,13,78,1,569,19,8115,71,8684,90,0,10,6,127,8,433,1,33,15
11-07-20,Union,583,6,530,6,53,0,603,8,6166,69,6769,77,0,5,4,25,2,553,2,24,5
11-07-20,Van Buren,236,4,217,4,19,0,253,4,2923,10,3176,14,0,2,2,16,2,218,0,8,2
11-07-20,Warren,1709,39,1574,38,135,1,1849,41,17731,174,19580,215,0,11,26,187,13,1511,1,34,13
11-07-20,Washington,4373,76,4175,69,198,7,4707,90,43250,708,47957,798,3,78,16,589,57,3706,1,185,83
11-07-20,Wayne,1647,5,1614,4,33,1,1780,6,7283,61,9063,67,0,7,4,29,1,1611,0,24,8
11-07-20,Weakley,1716,16,1527,13,189,3,1784,18,13676,82,15460,100,2,29,5,119,9,1568,0,40,32
11-07-20,White,1372,23,1253,23,119,0,1651,31,13771,150,15422,181,0,16,14,124,9,1232,0,74,16
11-07-20,Williamson,8273,205,7896,193,377,12,9170,208,93959,1468,103129,1676,2,61,132,865,71,7347,0,164,68
11-07-20,Wilson,5430,102,5288,100,142,2,6245,113,51059,690,57304,803,1,67,37,474,64,4889,3,165,69
11-06-20,Anderson,2027,50,1921,47,106,3,2215,48,33521,355,35736,403,0,18,25,275,25,1734,2,69,23
11-06-20,Bedford,1953,32,1828,28,125,4,2221,30,17028,155,19249,185,0,23,0,183,32,1747,1,68,25
11-06-20,Benton,502,14,475,12,27,2,522,13,5691,28,6213,41,0,10,10,74,4,418,0,19,12
11-06-20,Bledsoe,1066,2,1054,2,12,0,1112,5,9567,63,10679,68,0,4,1,28,1,1034,0,21,5
11-06-20,Blount,3832,57,3701,55,131,2,4302,62,38438,383,42740,445,1,45,9,345,47,3442,1,154,47
11-06-20,Bradley,3928,32,3736,29,192,3,4482,29,31983,99,36465,128,0,24,-3,244,35,3660,2,231,28
11-06-20,Campbell,1206,16,995,11,211,5,1136,11,15541,102,16677,113,0,14,2,119,14,1073,0,63,19
11-06-20,Cannon,495,11,463,8,32,3,556,8,5161,40,5717,48,0,2,7,54,4,439,0,17,2
11-06-20,Carroll,1251,17,1038,16,213,1,1263,13,13339,36,14602,49,2,30,12,99,3,1122,0,57,31
11-06-20,Carter,1919,24,1826,20,93,4,2015,18,20809,86,22824,104,-1,37,-18,264,43,1618,3,128,40
11-06-20,Cheatham,1195,33,1148,29,47,4,1364,31,14142,111,15506,142,0,12,23,102,10,1081,2,41,12
11-06-20,Chester,788,14,645,11,143,3,849,10,6632,19,7481,29,1,18,9,48,4,722,0,25,19
11-06-20,Claiborne,569,6,492,4,77,2,595,2,12821,50,13416,52,0,8,1,28,5,533,0,29,8
11-06-20,Clay,443,7,338,3,105,4,401,3,3606,22,4007,25,0,16,6,36,1,391,0,17,19
11-06-20,Cocke,1256,9,1089,7,167,2,1224,8,10996,100,12220,108,0,20,-21,134,30,1102,2,65,25
11-06-20,Coffee,2144,18,1821,9,323,9,2307,13,25709,183,28016,196,0,32,-13,209,31,1903,0,60,37
11-06-20,Crockett,994,13,737,8,257,5,891,8,4729,38,5620,46,0,24,8,88,5,882,0,24,25
11-06-20,Cumberland,1842,46,1778,46,64,0,2165,46,28759,269,30924,315,0,29,28,179,18,1634,0,88,34
11-06-20,Davidson,34611,392,34248,371,363,21,42807,439,479257,4715,522064,5154,2,362,123,2062,267,32187,7,1294,381
11-06-20,Decatur,713,9,566,9,147,0,743,6,7318,32,8061,38,0,11,5,43,4,659,0,24,11
11-06-20,Dekalb,804,18,749,16,55,2,934,18,10334,106,11268,124,0,18,3,61,15,725,1,34,22
11-06-20,Dickson,1982,55,1682,30,300,25,2197,32,18499,243,20696,275,0,21,23,244,32,1717,0,69,22
11-06-20,Dyer,2553,49,2127,17,426,32,2451,23,15036,50,17487,73,1,39,20,245,28,2269,0,83,43
11-06-20,Fayette,1847,20,1775,19,72,1,2254,23,20376,98,22630,121,0,29,2,114,18,1704,0,93,36
11-06-20,Fentress,997,9,884,7,113,2,1068,8,6076,38,7144,46,1,14,0,62,8,921,0,43,16
11-06-20,Franklin,1455,20,1375,16,80,4,1708,16,18831,77,20539,93,0,27,9,125,11,1303,1,63,29
11-06-20,Gibson,2351,28,1752,13,599,15,2355,11,18608,44,20963,55,2,52,8,154,18,2145,0,70,60
11-06-20,Giles,1099,23,1069,23,30,0,1264,20,12437,99,13701,119,0,38,15,108,8,953,0,59,38
11-06-20,Grainger,724,8,607,4,117,4,722,4,8012,49,8734,53,0,4,-4,81,12,639,0,37,10
11-06-20,Greene,2164,16,2037,15,127,1,2353,23,22317,97,24670,120,1,59,-29,296,44,1809,0,108,62
11-06-20,Grundy,651,5,606,4,45,1,723,5,3780,27,4503,32,0,14,-3,46,8,591,0,42,14
11-06-20,Hamblen,2692,11,2414,8,278,3,2823,17,28304,222,31127,239,0,51,-10,184,21,2457,0,138,60
11-06-20,Hamilton,12955,216,12295,188,660,28,14301,187,172209,1105,186510,1292,0,114,113,780,103,12061,1,493,123
11-06-20,Hancock,128,0,116,0,12,0,131,1,2272,9,2403,10,0,3,-2,5,2,120,0,11,3
11-06-20,Hardeman,2013,12,1870,11,143,1,2235,16,17545,49,19780,65,1,35,5,86,6,1892,0,82,36
11-06-20,Hardin,1493,20,1199,13,294,7,1533,12,15269,52,16802,64,0,23,11,66,9,1404,0,37,24
11-06-20,Hawkins,1388,5,1309,0,79,5,1473,2,14128,71,15601,73,0,30,-16,118,21,1240,0,81,31
11-06-20,Haywood,1390,13,1277,9,113,4,1473,12,8622,36,10095,48,0,28,-3,66,16,1296,0,57,29
11-06-20,Henderson,1492,15,1191,13,301,2,1718,14,10741,36,12459,50,1,29,9,67,5,1396,1,54,30
11-06-20,Henry,956,27,908,19,48,8,1088,20,11704,63,12792,83,0,13,20,121,7,822,0,45,14
11-06-20,Hickman,879,8,809,5,70,3,1008,7,9315,67,10323,74,0,16,-4,64,12,799,0,23,17
11-06-20,Houston,480,17,412,13,68,4,487,13,4029,25,4516,38,0,18,15,55,2,407,0,31,19
11-06-20,Humphreys,516,20,404,11,112,9,509,14,6958,54,7467,68,0,6,16,47,4,463,0,20,7
11-06-20,Jackson,515,14,443,9,72,5,545,12,3183,25,3728,37,0,7,8,45,6,463,0,21,6
11-06-20,Jefferson,1689,14,1458,14,231,0,1729,18,22051,144,23780,162,0,25,-6,102,20,1562,0,86,28
11-06-20,Johnson,1258,3,1198,3,60,0,1284,3,8689,59,9973,62,1,14,-10,83,12,1161,0,34,18
11-06-20,Knox,14410,156,13703,139,707,17,15300,153,170572,1232,185872,1385,0,100,24,1075,132,13235,5,524,114
11-06-20,Lake,1017,6,1001,5,16,1,1220,6,7073,8,8293,14,0,4,3,29,3,984,0,10,4
11-06-20,Lauderdale,1565,16,1306,12,259,4,1541,15,14005,71,15546,86,2,20,3,88,11,1457,0,65,20
11-06-20,Lawrence,1920,53,1839,47,81,6,2084,59,15258,182,17342,241,0,24,32,239,21,1657,2,78,25
11-06-20,Lewis,554,5,545,5,9,0,583,10,6232,38,6815,48,0,7,-6,121,11,426,0,24,8
11-06-20,Lincoln,1055,10,970,3,85,7,1152,3,10050,47,11202,50,1,8,-2,120,11,927,0,33,9
11-06-20,Loudon,1795,20,1731,20,64,0,1953,26,17836,159,19789,185,0,13,5,141,15,1641,0,57,14
11-06-20,Macon,1467,31,1374,28,93,3,1681,29,9393,87,11074,116,0,26,23,100,8,1341,0,92,26
11-06-20,Madison,4162,55,2917,29,1245,26,3987,29,34698,94,38685,123,0,86,26,277,29,3799,2,224,102
11-06-20,Marion,904,18,871,11,33,7,1044,14,8891,75,9935,89,0,14,1,75,17,815,2,63,16
11-06-20,Marshall,1300,31,1281,28,19,3,1465,30,12667,161,14132,191,0,12,14,134,17,1154,0,36,12
11-06-20,Maury,4065,124,3978,124,87,0,4473,136,37915,567,42388,703,1,40,68,574,55,3451,3,131,46
11-06-20,McMinn,1868,24,1818,22,50,2,2105,22,22384,108,24489,130,0,41,4,181,20,1646,0,89,49
11-06-20,McNairy,1205,10,961,9,244,1,1317,15,9889,47,11206,62,0,30,-2,36,12,1139,0,47,33
11-06-20,Meigs,373,12,367,12,6,0,421,13,4109,21,4530,34,0,8,8,39,4,326,0,21,11
11-06-20,Monroe,1618,21,1561,20,57,1,1802,24,14621,169,16423,193,0,32,7,131,14,1455,1,93,39
11-06-20,Montgomery,4755,94,4294,74,461,20,4945,88,54256,367,59201,455,0,63,39,213,55,4479,1,159,72
11-06-20,Moore,297,0,256,0,41,0,314,0,3026,13,3340,13,0,2,-2,22,2,273,0,6,2
11-06-20,Morgan,485,7,453,7,32,0,516,10,9701,63,10217,73,0,6,3,37,4,442,0,12,6
11-06-20,Obion,2000,57,1731,34,269,23,1980,31,13080,51,15060,82,1,29,44,190,12,1781,1,66,38
11-06-20,Out of State,3348,66,3170,44,178,22,3671,48,358887,2492,362558,2540,-1,40,24,266,43,3042,1,108,25
11-06-20,Overton,1319,8,1105,6,214,2,1348,12,9206,38,10554,50,0,26,-1,84,9,1209,1,50,32
11-06-20,Pending,2154,122,1846,82,308,40,2158,81,223721,1246,225879,1327,1,6,92,359,29,1789,0,39,9
11-06-20,Perry,369,2,341,1,28,1,386,1,4316,31,4702,32,2,14,-16,32,16,323,0,20,17
11-06-20,Pickett,300,4,214,1,86,3,267,1,1670,0,1937,1,0,10,3,18,1,272,0,15,10
11-06-20,Polk,560,4,534,4,26,0,625,3,4802,12,5427,15,0,13,-1,28,5,519,0,26,13
11-06-20,Putnam,4797,61,4306,50,491,11,5411,55,40142,454,45553,509,0,63,26,218,35,4516,0,145,73
11-06-20,Rhea,1257,6,1205,4,52,2,1429,4,13963,27,15392,31,1,24,-8,89,13,1144,2,52,24
11-06-20,Roane,1630,27,1559,24,71,3,1803,30,23801,144,25604,174,0,10,-2,245,29,1375,0,57,14
11-06-20,Robertson,2812,27,2745,26,67,1,3304,31,22800,134,26104,165,0,43,11,139,16,2630,1,200,46
11-06-20,Rutherford,13323,192,13004,173,319,19,15740,197,114198,1009,129938,1206,1,123,61,908,130,12292,1,340,131
11-06-20,Scott,504,20,435,15,69,5,478,16,6150,76,6628,92,0,5,12,95,8,404,0,23,6
11-06-20,Sequatchie,399,1,392,1,7,0,441,2,6671,19,7112,21,0,5,-5,40,6,354,0,16,5
11-06-20,Sevier,3723,37,3584,34,139,3,4045,44,33307,307,37352,351,0,24,0,261,37,3438,1,135,29
11-06-20,Shelby,39140,229,38380,210,760,19,47910,229,475206,2689,523116,2918,2,582,-65,2117,292,36441,4,2398,640
11-06-20,Smith,1093,15,1027,7,66,8,1347,11,7246,44,8593,55,0,16,4,43,11,1034,0,39,17
11-06-20,Stewart,404,13,359,11,45,2,422,12,3831,33,4253,45,0,13,5,48,8,343,0,15,13
11-06-20,Sullivan,4433,44,4160,38,273,6,4578,33,42386,336,46964,369,0,61,-23,446,67,3926,4,313,69
11-06-20,Sumner,6838,73,6751,72,87,1,7958,77,61525,470,69483,547,0,120,-5,496,78,6222,1,478,123
11-06-20,Tipton,2657,53,2297,36,360,17,2900,42,27012,152,29912,194,0,24,32,229,21,2404,0,111,30
11-06-20,Trousdale,1824,9,1806,9,18,0,1911,11,5986,25,7897,36,0,10,8,42,1,1772,0,31,10
11-06-20,Unicoi,556,14,479,9,77,5,550,10,8044,61,8594,71,3,10,6,121,5,425,1,32,14
11-06-20,Union,577,3,524,3,53,0,595,3,6097,19,6692,22,1,5,-1,21,3,551,0,22,5
11-06-20,Van Buren,232,6,213,6,19,0,249,6,2913,17,3162,23,0,2,4,14,2,216,0,8,2
11-06-20,Warren,1670,49,1536,46,134,3,1808,49,17557,170,19365,219,0,11,35,161,14,1498,1,33,13
11-06-20,Washington,4297,44,4106,37,191,7,4617,46,42542,232,47159,278,3,75,-44,573,85,3649,3,184,83
11-06-20,Wayne,1642,2,1610,2,32,0,1774,2,7222,38,8996,40,0,7,-9,25,11,1610,0,24,8
11-06-20,Weakley,1700,22,1514,16,186,6,1766,17,13594,69,15360,86,0,27,3,114,19,1559,0,40,32
11-06-20,White,1349,19,1230,15,119,4,1620,19,13621,85,15241,104,0,16,4,110,15,1223,0,74,16
11-06-20,Williamson,8068,137,7703,121,365,16,8962,132,92491,809,101453,941,0,59,59,733,78,7276,0,164,68
11-06-20,Wilson,5328,95,5188,90,140,5,6132,99,50369,584,56501,683,1,66,48,437,46,4825,0,162,68
11-05-20,Anderson,1977,25,1874,19,103,6,2167,20,33166,101,35333,121,0,18,2,250,23,1709,1,67,22
11-05-20,Bedford,1921,3,1800,3,121,0,2191,3,16873,16,19064,19,0,23,-24,183,27,1715,0,67,24
11-05-20,Benton,488,7,463,6,25,1,509,4,5663,7,6172,11,0,10,6,64,1,414,0,19,11
11-05-20,Bledsoe,1064,2,1052,2,12,0,1107,1,9504,4,10611,5,0,4,-11,27,13,1033,0,21,4
11-05-20,Blount,3775,25,3646,22,129,3,4240,30,38055,94,42295,124,1,44,-22,336,46,3395,1,153,46
11-05-20,Bradley,3896,26,3707,21,189,5,4453,22,31884,148,36337,170,0,24,-1,247,27,3625,3,229,26
11-05-20,Campbell,1190,23,984,18,206,5,1125,17,15439,155,16564,172,0,14,-2,117,25,1059,0,63,18
11-05-20,Cannon,484,4,455,3,29,1,548,3,5121,2,5669,5,0,2,-3,47,7,435,0,17,2
11-05-20,Carroll,1234,5,1022,2,212,3,1250,3,13303,16,14553,19,0,28,-2,87,7,1119,0,57,31
11-05-20,Carter,1895,9,1806,7,89,2,1997,6,20723,10,22720,16,1,38,-14,282,22,1575,1,125,39
11-05-20,Cheatham,1162,8,1119,5,43,3,1333,6,14031,32,15364,38,0,12,-4,79,12,1071,0,39,12
11-05-20,Chester,774,0,634,0,140,0,839,0,6613,3,7452,3,0,17,-2,39,2,718,0,25,19
11-05-20,Claiborne,563,4,488,4,75,0,593,4,12771,48,13364,52,0,8,-3,27,7,528,0,29,8
11-05-20,Clay,436,3,335,1,101,2,398,2,3584,13,3982,15,0,16,2,30,1,390,1,17,19
11-05-20,Cocke,1247,6,1082,5,165,1,1216,7,10896,94,12112,101,0,20,-24,155,30,1072,1,63,25
11-05-20,Coffee,2126,6,1812,4,314,2,2294,4,25526,24,27820,28,1,32,-18,222,23,1872,0,60,36
11-05-20,Crockett,981,1,729,0,252,1,883,1,4691,6,5574,7,0,24,-13,80,14,877,0,24,25
11-05-20,Cumberland,1796,9,1732,9,64,0,2119,5,28490,38,30609,43,0,29,-7,151,16,1616,0,88,34
11-05-20,Davidson,34219,96,33877,84,342,12,42368,108,474542,1563,516910,1671,3,360,-185,1939,278,31920,3,1287,379
11-05-20,Decatur,704,3,557,1,147,2,737,2,7286,6,8023,8,0,11,-3,38,6,655,0,24,11
11-05-20,Dekalb,786,9,733,3,53,6,916,2,10228,7,11144,9,0,18,-5,58,14,710,1,33,22
11-05-20,Dickson,1927,11,1652,10,275,1,2165,13,18256,67,20421,80,0,21,-24,221,35,1685,0,69,22
11-05-20,Dyer,2504,7,2110,7,394,0,2428,10,14986,42,17414,52,0,38,-20,225,27,2241,0,83,43
11-05-20,Fayette,1827,8,1756,8,71,0,2231,8,20278,63,22509,71,0,29,-14,112,22,1686,0,93,35
11-05-20,Fentress,988,4,877,3,111,1,1060,3,6038,65,7098,68,0,13,-6,62,10,913,0,43,16
11-05-20,Franklin,1435,10,1359,7,76,3,1692,3,18754,24,20446,27,1,27,-2,116,11,1292,0,62,29
11-05-20,Gibson,2323,7,1739,4,584,3,2344,2,18564,23,20908,25,0,50,-4,146,11,2127,0,70,58
11-05-20,Giles,1076,4,1046,3,30,1,1244,2,12338,17,13582,19,0,38,-6,93,10,945,0,59,38
11-05-20,Grainger,716,3,603,2,113,1,718,4,7963,13,8681,17,0,4,-11,85,14,627,0,37,8
11-05-20,Greene,2148,17,2022,13,126,4,2330,11,22220,88,24550,99,1,58,-26,325,42,1765,0,108,60
11-05-20,Grundy,646,0,602,0,44,0,718,1,3753,31,4471,32,0,14,-5,49,5,583,0,42,14
11-05-20,Hamblen,2681,33,2406,27,275,6,2806,21,28082,39,30888,60,0,51,13,194,20,2436,1,138,60
11-05-20,Hamilton,12739,58,12107,46,632,12,14114,40,171104,370,185218,410,1,114,-64,667,121,11958,4,492,122
11-05-20,Hancock,128,0,116,0,12,0,130,0,2263,3,2393,3,0,3,0,7,0,118,0,11,3
11-05-20,Hardeman,2001,2,1859,1,142,1,2219,4,17496,9,19715,13,0,34,-11,81,13,1886,0,82,36
11-05-20,Hardin,1473,3,1186,3,287,0,1521,2,15217,7,16738,9,0,23,-7,55,10,1395,0,37,24
11-05-20,Hawkins,1383,9,1309,5,74,4,1471,4,14057,160,15528,164,0,30,-7,134,16,1219,0,81,31
11-05-20,Haywood,1377,2,1268,2,109,0,1461,3,8586,10,10047,13,0,28,-13,69,15,1280,0,57,28
11-05-20,Henderson,1477,2,1178,1,299,1,1704,0,10705,10,12409,10,0,28,-4,58,6,1391,0,53,30
11-05-20,Henry,929,6,889,5,40,1,1068,9,11641,13,12709,22,0,13,-6,101,12,815,0,45,14
11-05-20,Hickman,871,3,804,3,67,0,1001,4,9248,21,10249,25,0,16,-2,68,5,787,0,23,17
11-05-20,Houston,463,5,399,0,64,5,474,1,4004,101,4478,102,0,18,0,40,5,405,0,31,19
11-05-20,Humphreys,496,2,393,0,103,2,495,0,6904,15,7399,15,0,6,-5,31,7,459,0,20,6
11-05-20,Jackson,501,3,434,2,67,1,533,2,3158,23,3691,25,0,7,-1,37,4,457,1,21,6
11-05-20,Jefferson,1675,10,1444,7,231,3,1711,9,21907,28,23618,37,0,25,-3,108,13,1542,0,86,27
11-05-20,Johnson,1255,6,1195,3,60,3,1281,4,8630,67,9911,71,3,13,-7,93,10,1149,0,34,17
11-05-20,Knox,14254,153,13564,138,690,15,15147,142,169340,573,184487,715,1,100,28,1051,124,13103,5,519,111
11-05-20,Lake,1011,2,996,1,15,1,1214,1,7065,0,8279,1,0,4,2,26,0,981,1,10,4
11-05-20,Lauderdale,1549,2,1294,2,255,0,1526,4,13934,14,15460,18,0,18,-16,85,18,1446,0,65,20
11-05-20,Lawrence,1867,19,1792,15,75,4,2025,8,15076,42,17101,50,0,24,-7,207,26,1636,0,76,25
11-05-20,Lewis,549,5,540,5,9,0,573,4,6194,16,6767,20,0,7,-8,127,13,415,0,24,8
11-05-20,Lincoln,1045,4,967,1,78,3,1149,1,10003,17,11152,18,1,7,-11,122,14,916,0,33,9
11-05-20,Loudon,1775,16,1711,15,64,1,1927,19,17677,44,19604,63,0,13,0,136,16,1626,1,57,14
11-05-20,Macon,1436,6,1346,4,90,2,1652,4,9306,7,10958,11,0,26,-11,77,17,1333,1,92,26
11-05-20,Madison,4107,36,2888,24,1219,12,3958,28,34604,54,38562,82,1,86,0,251,35,3770,2,222,102
11-05-20,Marion,886,8,860,7,26,1,1030,7,8816,46,9846,53,0,14,-6,74,14,798,0,61,16
11-05-20,Marshall,1269,2,1253,2,16,0,1435,1,12506,17,13941,18,0,12,-6,120,8,1137,0,36,12
11-05-20,Maury,3941,25,3854,22,87,3,4337,17,37348,76,41685,93,0,39,-38,506,63,3396,1,128,46
11-05-20,McMinn,1844,11,1796,8,48,3,2083,8,22276,34,24359,42,0,41,-13,177,24,1626,0,89,49
11-05-20,McNairy,1195,9,952,7,243,2,1302,1,9842,11,11144,12,0,30,0,38,9,1127,0,47,33
11-05-20,Meigs,361,2,355,2,6,0,408,2,4088,8,4496,10,0,8,-7,31,9,322,1,21,11
11-05-20,Monroe,1597,5,1541,5,56,0,1778,5,14452,24,16230,29,0,32,-15,124,20,1441,0,92,37
11-05-20,Montgomery,4661,64,4220,25,441,39,4857,25,53889,246,58746,271,0,63,16,174,48,4424,0,158,72
11-05-20,Moore,297,1,256,0,41,1,314,0,3013,1,3327,1,0,2,-2,24,3,271,0,6,2
11-05-20,Morgan,478,5,446,5,32,0,506,4,9638,9,10144,13,0,6,2,34,3,438,0,12,6
11-05-20,Obion,1943,4,1697,3,246,1,1949,7,13029,21,14978,28,0,28,-14,146,18,1769,0,65,37
11-05-20,Out of State,3282,17,3126,16,156,1,3623,24,356395,942,360018,966,2,41,-17,242,32,2999,0,107,25
11-05-20,Overton,1311,0,1099,0,212,0,1336,2,9168,39,10504,41,0,26,-6,85,6,1200,0,49,32
11-05-20,Pending,2032,12,1764,9,268,3,2077,15,222475,495,224552,510,0,5,-34,267,46,1760,0,39,9
11-05-20,Perry,367,1,340,1,27,0,385,1,4285,6,4670,7,1,12,-33,48,33,307,0,20,17
11-05-20,Pickett,296,1,213,0,83,1,266,0,1670,42,1936,42,0,10,-1,15,2,271,0,15,10
11-05-20,Polk,556,2,530,2,26,0,622,2,4790,15,5412,17,0,13,-2,29,4,514,0,26,13
11-05-20,Putnam,4736,10,4256,7,480,3,5356,10,39688,129,45044,139,-1,63,-38,192,49,4481,0,145,72
11-05-20,Rhea,1251,10,1201,6,50,4,1425,5,13936,50,15361,55,0,23,-4,97,14,1131,0,50,24
11-05-20,Roane,1603,19,1535,16,68,3,1773,13,23657,77,25430,90,1,10,-9,247,27,1346,1,57,14
11-05-20,Robertson,2785,12,2719,10,66,2,3273,8,22666,37,25939,45,0,43,4,128,8,2614,1,199,46
11-05-20,Rutherford,13131,69,12831,49,300,20,15543,52,113189,224,128732,276,1,122,-69,847,137,12162,1,339,127
11-05-20,Scott,484,7,420,4,64,3,462,5,6074,109,6536,114,0,5,-2,83,9,396,0,23,6
11-05-20,Sequatchie,398,3,391,3,7,0,439,3,6652,9,7091,12,0,5,-2,45,5,348,0,16,5
11-05-20,Sevier,3686,34,3550,32,136,2,4001,32,33000,106,37001,138,0,24,-3,261,37,3401,1,134,28
11-05-20,Shelby,38911,156,38170,149,741,7,47681,208,472517,1662,520198,1870,2,580,-125,2182,279,36149,7,2394,636
11-05-20,Smith,1078,4,1020,1,58,3,1336,1,7202,11,8538,12,2,16,-2,39,4,1023,0,39,17
11-05-20,Stewart,391,4,348,4,43,0,410,4,3798,11,4208,15,0,13,0,43,4,335,1,15,13
11-05-20,Sullivan,4389,14,4122,14,267,0,4545,10,42050,38,46595,48,3,61,-69,469,80,3859,2,309,67
11-05-20,Sumner,6765,27,6679,24,86,3,7881,30,61055,187,68936,217,0,120,-44,501,71,6144,0,477,123
11-05-20,Tipton,2604,8,2261,5,343,3,2858,8,26860,78,29718,86,0,24,-17,197,25,2383,0,111,30
11-05-20,Trousdale,1815,1,1797,1,18,0,1900,1,5961,8,7861,9,0,10,-5,34,6,1771,0,31,10
11-05-20,Unicoi,542,1,470,1,72,0,540,0,7983,3,8523,3,0,7,-7,115,8,420,0,31,12
11-05-20,Union,574,1,521,1,53,0,592,1,6078,21,6670,22,0,4,-10,22,11,548,0,22,5
11-05-20,Van Buren,226,0,207,0,19,0,243,0,2896,7,3139,7,0,2,-5,10,5,214,0,8,2
11-05-20,Warren,1621,10,1490,5,131,5,1759,4,17387,11,19146,15,0,11,-3,126,13,1484,2,32,13
11-05-20,Washington,4253,23,4069,15,184,8,4571,10,42310,37,46881,47,5,72,-67,617,85,3564,3,181,83
11-05-20,Wayne,1640,4,1608,2,32,2,1772,2,7184,14,8956,16,0,7,0,34,4,1599,0,24,8
11-05-20,Weakley,1678,9,1498,6,180,3,1749,7,13525,8,15274,15,0,27,-2,111,11,1540,1,40,32
11-05-20,White,1330,4,1215,4,115,0,1601,6,13536,15,15137,21,1,16,-12,106,15,1208,1,74,16
11-05-20,Williamson,7931,39,7582,25,349,14,8830,25,91682,226,100512,251,-1,59,-36,674,76,7198,0,164,66
11-05-20,Wilson,5233,35,5098,26,135,9,6033,30,49785,130,55818,160,0,65,-21,389,56,4779,1,162,67
11-04-20,Anderson,1952,18,1855,15,97,3,2147,18,33065,96,35212,114,2,18,1,248,15,1686,1,66,21
11-04-20,Bedford,1918,22,1797,19,121,3,2188,21,16857,132,19045,153,0,23,6,207,16,1688,0,67,24
11-04-20,Benton,481,14,457,12,24,2,505,12,5656,13,6161,25,0,10,10,58,4,413,0,19,11
11-04-20,Bledsoe,1062,4,1050,3,12,1,1106,3,9500,85,10606,88,0,4,-1,38,5,1020,0,21,4
11-04-20,Blount,3750,41,3624,38,126,3,4210,42,37961,161,42171,203,0,43,-4,358,45,3349,0,152,46
11-04-20,Bradley,3870,21,3686,18,184,3,4431,21,31736,168,36167,189,0,24,-12,248,33,3598,1,226,26
11-04-20,Campbell,1167,9,966,3,201,6,1108,5,15284,47,16392,52,0,14,-18,119,27,1034,1,63,18
11-04-20,Cannon,480,11,452,10,28,1,545,12,5119,40,5664,52,0,2,5,50,6,428,1,17,2
11-04-20,Carroll,1229,16,1020,8,209,8,1247,3,13287,38,14534,41,0,28,7,89,9,1112,0,57,30
11-04-20,Carter,1886,63,1799,60,87,3,1991,53,20713,202,22704,255,0,37,29,296,34,1553,6,124,39
11-04-20,Cheatham,1154,9,1114,8,40,1,1327,10,13999,78,15326,88,0,12,-8,83,17,1059,0,39,12
11-04-20,Chester,774,5,634,0,140,5,839,0,6610,55,7449,55,0,17,4,41,1,716,0,25,19
11-04-20,Claiborne,559,4,484,0,75,4,589,0,12723,28,13312,28,0,8,0,30,4,521,0,29,8
11-04-20,Clay,433,1,334,1,99,0,396,0,3571,10,3967,10,0,16,-4,28,5,389,0,16,19
11-04-20,Cocke,1241,19,1077,15,164,4,1209,16,10802,46,12011,62,2,20,3,179,14,1042,1,62,25
11-04-20,Coffee,2120,21,1808,19,312,2,2290,24,25502,223,27792,247,1,31,-1,240,21,1849,0,60,35
11-04-20,Crockett,980,13,729,4,251,9,882,5,4685,32,5567,37,1,24,2,93,10,863,0,24,25
11-04-20,Cumberland,1787,23,1723,20,64,3,2114,22,28452,118,30566,140,1,29,6,158,16,1600,1,88,33
11-04-20,Davidson,34123,264,33793,260,330,4,42260,310,472979,4292,515239,4602,2,357,-31,2124,293,31642,5,1284,376
11-04-20,Decatur,701,2,556,2,145,0,735,6,7280,41,8015,47,0,11,-1,41,3,649,0,24,11
11-04-20,Dekalb,777,8,730,7,47,1,914,8,10221,32,11135,40,0,18,-3,63,11,696,0,32,22
11-04-20,Dickson,1916,21,1642,17,274,4,2152,19,18189,80,20341,99,0,21,6,245,15,1650,1,69,22
11-04-20,Dyer,2497,27,2103,18,394,9,2418,22,14944,61,17362,83,0,38,-4,245,31,2214,0,83,43
11-04-20,Fayette,1819,16,1748,14,71,2,2223,17,20215,122,22438,139,0,29,-2,126,18,1664,0,93,34
11-04-20,Fentress,984,4,874,4,110,0,1057,5,5973,17,7030,22,0,13,-2,68,6,903,0,43,15
11-04-20,Franklin,1425,16,1352,16,73,0,1689,17,18730,111,20419,128,0,26,-1,118,17,1281,0,62,29
11-04-20,Gibson,2316,24,1735,12,581,12,2342,16,18541,63,20883,79,1,50,9,150,14,2116,2,70,58
11-04-20,Giles,1072,6,1043,5,29,1,1242,14,12321,107,13563,121,0,38,-7,99,13,935,0,59,38
11-04-20,Grainger,713,5,601,4,112,1,714,8,7950,49,8664,57,0,4,-15,96,20,613,1,37,8
11-04-20,Greene,2131,64,2009,61,122,3,2319,61,22132,319,24451,380,0,57,29,351,35,1723,1,108,59
11-04-20,Grundy,646,6,602,6,44,0,717,6,3722,17,4439,23,0,14,4,54,2,578,0,42,14
11-04-20,Hamblen,2648,13,2379,10,269,3,2785,14,28043,68,30828,82,1,51,-6,181,18,2416,0,137,60
11-04-20,Hamilton,12681,110,12061,99,620,11,14074,101,170734,933,184808,1034,0,113,-20,731,130,11837,4,488,122
11-04-20,Hancock,128,0,116,0,12,0,130,0,2260,8,2390,8,0,3,-1,7,1,118,0,11,3
11-04-20,Hardeman,1999,14,1858,12,141,2,2215,12,17487,130,19702,142,1,34,2,92,11,1873,1,82,35
11-04-20,Hardin,1470,3,1183,2,287,1,1519,3,15210,26,16729,29,0,23,-3,62,6,1385,0,37,24
11-04-20,Hawkins,1374,28,1304,28,70,0,1467,22,13897,94,15364,116,0,30,9,141,19,1203,0,81,31
11-04-20,Haywood,1375,5,1266,3,109,2,1458,5,8576,23,10034,28,0,28,-9,82,14,1265,0,57,28
11-04-20,Henderson,1475,11,1177,6,298,5,1704,6,10695,23,12399,29,1,28,4,62,6,1385,1,53,30
11-04-20,Henry,923,9,884,7,39,2,1059,11,11628,21,12687,32,0,13,-6,107,15,803,0,45,14
11-04-20,Hickman,868,4,801,4,67,0,997,5,9227,49,10224,54,1,16,-7,70,10,782,0,23,17
11-04-20,Houston,458,6,399,5,59,1,473,5,3903,21,4376,26,0,18,0,40,6,400,0,31,19
11-04-20,Humphreys,494,6,393,6,101,0,495,6,6889,81,7384,87,0,6,-1,36,7,452,1,20,6
11-04-20,Jackson,498,2,432,0,66,2,531,0,3135,7,3666,7,0,7,-3,38,5,453,0,20,6
11-04-20,Jefferson,1665,4,1437,4,228,0,1702,5,21879,70,23581,75,1,25,-12,111,15,1529,0,86,26
11-04-20,Johnson,1249,8,1192,8,57,0,1277,8,8563,66,9840,74,0,10,2,100,6,1139,0,34,16
11-04-20,Knox,14101,142,13426,129,675,13,15005,147,168767,959,183772,1106,-1,99,16,1023,127,12979,5,514,110
11-04-20,Lake,1009,4,995,3,14,1,1213,2,7065,9,8278,11,0,4,4,24,0,981,0,9,4
11-04-20,Lauderdale,1547,4,1292,4,255,0,1522,6,13920,53,15442,59,0,18,-24,101,28,1428,0,65,20
11-04-20,Lawrence,1848,15,1777,13,71,2,2017,12,15034,97,17051,109,0,24,-9,214,24,1610,0,76,25
11-04-20,Lewis,544,28,535,28,9,0,569,24,6178,127,6747,151,1,7,16,135,11,402,0,24,7
11-04-20,Lincoln,1041,19,966,15,75,4,1148,17,9986,72,11134,89,1,6,0,133,18,902,0,33,9
11-04-20,Loudon,1759,15,1696,12,63,3,1908,9,17633,58,19541,67,0,13,-7,136,22,1610,0,56,14
11-04-20,Macon,1430,5,1342,5,88,0,1648,6,9299,84,10947,90,0,26,-6,88,11,1316,0,91,26
11-04-20,Madison,4071,33,2864,18,1207,15,3930,21,34550,263,38480,284,0,85,12,251,21,3735,2,220,101
11-04-20,Marion,878,7,853,7,25,0,1023,7,8770,67,9793,74,0,14,-2,80,9,784,0,61,16
11-04-20,Marshall,1267,15,1251,15,16,0,1434,12,12489,93,13923,105,0,12,1,126,14,1129,2,36,12
11-04-20,Maury,3916,51,3832,50,84,1,4320,46,37272,383,41592,429,0,39,-10,544,61,3333,3,127,46
11-04-20,McMinn,1833,30,1788,29,45,1,2075,31,22242,170,24317,201,0,41,12,190,18,1602,0,89,48
11-04-20,McNairy,1186,2,945,2,241,0,1301,2,9831,19,11132,21,0,30,-3,38,5,1118,0,47,33
11-04-20,Meigs,359,5,353,5,6,0,406,7,4080,19,4486,26,0,8,2,38,3,313,0,20,10
11-04-20,Monroe,1592,10,1536,10,56,0,1773,14,14428,34,16201,48,1,32,-6,139,15,1421,0,92,37
11-04-20,Montgomery,4597,41,4195,29,402,12,4832,29,53643,327,58475,356,0,63,-18,158,59,4376,1,158,72
11-04-20,Moore,296,3,256,3,40,0,314,3,3012,12,3326,15,0,2,-2,26,5,268,0,6,2
11-04-20,Morgan,473,1,441,1,32,0,502,0,9629,19,10131,19,-1,6,0,32,2,435,0,12,6
11-04-20,Obion,1939,8,1694,5,245,3,1942,6,13008,32,14950,38,0,28,-12,160,20,1751,0,65,37
11-04-20,Out of State,3265,40,3110,39,155,1,3599,39,355453,1576,359052,1615,1,39,-18,259,57,2967,1,107,25
11-04-20,Overton,1311,11,1099,11,212,0,1334,12,9129,24,10463,36,0,26,-1,91,12,1194,0,49,32
11-04-20,Pending,2020,29,1755,28,265,1,2062,31,221980,1001,224042,1032,-1,5,-35,301,65,1714,0,39,9
11-04-20,Perry,366,7,339,7,27,0,384,15,4279,10,4663,25,1,11,-2,81,8,274,0,20,16
11-04-20,Pickett,295,0,213,0,82,0,266,0,1628,2,1894,2,1,10,-5,16,4,269,0,15,10
11-04-20,Polk,554,2,528,2,26,0,620,2,4775,30,5395,32,0,13,-1,31,3,510,0,26,13
11-04-20,Putnam,4726,22,4249,16,477,6,5346,12,39559,87,44905,99,0,64,-29,230,51,4432,0,145,70
11-04-20,Rhea,1241,12,1195,8,46,4,1420,9,13886,92,15306,101,0,23,-6,101,18,1117,1,50,24
11-04-20,Roane,1584,29,1519,28,65,1,1760,32,23580,71,25340,103,0,9,6,256,23,1319,1,56,13
11-04-20,Robertson,2773,19,2709,16,64,3,3265,16,22629,130,25894,146,0,43,4,124,15,2606,1,198,45
11-04-20,Rutherford,13062,145,12782,130,280,15,15491,167,112965,1155,128456,1322,4,121,-10,916,151,12025,0,338,127
11-04-20,Scott,477,15,416,6,61,9,457,4,5965,12,6422,16,0,5,9,85,6,387,0,23,6
11-04-20,Sequatchie,395,11,388,10,7,1,436,11,6643,57,7079,68,2,5,5,47,4,343,0,16,5
11-04-20,Sevier,3652,30,3518,29,134,1,3969,22,32894,141,36863,163,0,24,-4,264,34,3364,2,133,28
11-04-20,Shelby,38755,318,38021,296,734,22,47473,373,470855,2403,518328,2776,0,578,0,2307,318,35870,12,2387,629
11-04-20,Smith,1074,7,1019,5,55,2,1335,7,7191,40,8526,47,0,14,-2,41,9,1019,1,39,16
11-04-20,Stewart,387,17,344,4,43,13,406,5,3787,19,4193,24,0,13,10,43,7,331,0,14,13
11-04-20,Sullivan,4375,57,4108,51,267,6,4535,62,42012,283,46547,345,0,58,-46,538,103,3779,2,307,66
11-04-20,Sumner,6738,54,6655,49,83,5,7851,56,60868,288,68719,344,0,120,-19,545,73,6073,1,477,123
11-04-20,Tipton,2596,18,2256,15,340,3,2850,23,26782,97,29632,120,0,24,-12,214,30,2358,0,111,29
11-04-20,Trousdale,1814,5,1796,4,18,1,1899,4,5953,23,7852,27,0,10,0,39,5,1765,0,31,10
11-04-20,Unicoi,541,11,469,10,72,1,540,8,7980,46,8520,54,0,7,0,122,11,412,0,31,11
11-04-20,Union,573,4,520,2,53,2,591,2,6057,17,6648,19,0,4,-3,32,7,537,0,22,5
11-04-20,Van Buren,226,1,207,1,19,0,243,1,2889,7,3132,8,0,2,0,15,1,209,0,8,2
11-04-20,Warren,1611,11,1485,10,126,1,1755,12,17376,73,19131,85,0,11,-11,129,22,1471,1,30,12
11-04-20,Washington,4230,108,4054,96,176,12,4561,92,42273,491,46834,583,0,67,31,684,77,3479,0,178,80
11-04-20,Wayne,1636,4,1606,3,30,1,1770,5,7170,40,8940,45,0,7,-6,34,10,1595,0,24,8
11-04-20,Weakley,1669,7,1492,5,177,2,1742,6,13517,25,15259,31,0,27,-3,113,10,1529,0,39,31
11-04-20,White,1326,10,1211,10,115,0,1595,10,13521,30,15116,40,0,15,-2,118,12,1193,2,73,16
11-04-20,Williamson,7892,137,7557,133,335,4,8805,122,91456,792,100261,914,1,60,57,710,79,7122,1,164,66
11-04-20,Wilson,5198,69,5072,67,126,2,6003,71,49655,371,55658,442,-1,65,5,410,65,4723,0,161,66
11-03-20,Anderson,1934,26,1840,25,94,1,2129,24,32969,169,35098,193,0,16,5,247,21,1671,0,65,21
11-03-20,Bedford,1896,46,1778,43,118,3,2167,52,16725,173,18892,225,0,23,26,201,20,1672,1,67,24
11-03-20,Benton,467,6,445,6,22,0,493,6,5643,22,6136,28,0,10,3,48,3,409,0,19,11
11-03-20,Bledsoe,1058,4,1047,4,11,0,1103,6,9415,24,10518,30,0,4,-2,39,6,1015,0,21,4
11-03-20,Blount,3709,50,3586,47,123,3,4168,47,37800,180,41968,227,1,43,-2,362,51,3304,0,152,46
11-03-20,Bradley,3849,26,3668,23,181,3,4410,26,31568,224,35978,250,0,24,-12,260,38,3565,1,225,26
11-03-20,Campbell,1158,9,963,7,195,2,1103,8,15237,67,16340,75,1,14,-10,137,18,1007,0,62,18
11-03-20,Cannon,469,8,442,8,27,0,533,7,5079,27,5612,34,0,2,2,45,6,422,0,16,2
11-03-20,Carroll,1213,15,1012,10,201,5,1244,7,13249,28,14493,35,1,28,8,82,6,1103,0,57,30
11-03-20,Carter,1823,30,1739,30,84,0,1938,35,20511,214,22449,249,1,37,-1,267,30,1519,0,118,38
11-03-20,Cheatham,1145,10,1106,10,39,0,1317,12,13921,67,15238,79,0,12,-1,91,11,1042,0,39,12
11-03-20,Chester,769,11,634,8,135,3,839,7,6555,13,7394,20,1,17,5,37,5,715,0,25,19
11-03-20,Claiborne,555,1,484,0,71,1,589,0,12695,29,13284,29,0,8,-5,30,6,517,0,29,8
11-03-20,Clay,432,3,333,0,99,3,396,0,3561,6,3957,6,0,16,0,32,3,384,0,16,19
11-03-20,Cocke,1222,18,1062,16,160,2,1193,18,10756,83,11949,101,1,18,-9,176,26,1028,1,61,24
11-03-20,Coffee,2099,38,1789,35,310,3,2266,42,25279,308,27545,350,0,30,11,241,27,1828,0,60,35
11-03-20,Crockett,967,17,725,12,242,5,877,12,4653,34,5530,46,0,23,10,91,7,853,0,24,25
11-03-20,Cumberland,1764,25,1703,21,61,4,2092,17,28334,81,30426,98,1,28,1,152,23,1584,3,87,32
11-03-20,Davidson,33859,405,33533,402,326,3,41950,505,468687,4798,510637,5303,2,355,167,2155,236,31349,7,1279,372
11-03-20,Decatur,699,7,554,7,145,0,729,4,7239,15,7968,19,0,11,2,42,5,646,0,24,11
11-03-20,Dekalb,769,12,723,8,46,4,906,9,10189,65,11095,74,0,18,6,66,6,685,0,32,22
11-03-20,Dickson,1895,40,1625,39,270,1,2133,43,18109,160,20242,203,1,21,13,239,26,1635,0,68,22
11-03-20,Dyer,2470,24,2085,14,385,10,2396,13,14883,30,17279,43,0,38,-7,249,31,2183,0,83,43
11-03-20,Fayette,1803,6,1734,6,69,0,2206,12,20093,146,22299,158,2,29,-13,128,17,1646,0,93,34
11-03-20,Fentress,980,8,870,7,110,1,1052,6,5956,21,7008,27,1,13,4,70,3,897,1,43,15
11-03-20,Franklin,1409,28,1336,25,73,3,1672,25,18619,92,20291,117,1,26,18,119,9,1264,0,62,29
11-03-20,Gibson,2292,29,1723,16,569,13,2326,14,18478,85,20804,99,0,49,11,141,18,2102,0,68,58
11-03-20,Giles,1066,22,1038,22,28,0,1228,24,12214,127,13442,151,0,38,10,106,12,922,2,59,38
11-03-20,Grainger,708,3,597,2,111,1,706,4,7901,43,8607,47,0,4,-9,111,12,593,0,36,8
11-03-20,Greene,2067,57,1948,57,119,0,2258,61,21813,366,24071,427,1,57,17,322,39,1688,0,107,58
11-03-20,Grundy,640,12,596,12,44,0,711,12,3705,35,4416,47,0,14,0,50,12,576,0,42,14
11-03-20,Hamblen,2635,11,2369,5,266,6,2771,6,27975,145,30746,151,0,50,-14,187,25,2398,0,137,59
11-03-20,Hamilton,12571,143,11962,131,609,12,13973,158,169801,1550,183774,1708,2,113,24,751,117,11707,4,484,120
11-03-20,Hancock,128,0,116,0,12,0,130,0,2252,7,2382,7,0,3,-1,8,1,117,0,11,3
11-03-20,Hardeman,1985,20,1846,17,139,3,2203,18,17357,54,19560,72,0,33,10,90,10,1862,0,81,34
11-03-20,Hardin,1467,8,1181,6,286,2,1516,6,15184,39,16700,45,0,23,-7,65,15,1379,0,37,24
11-03-20,Hawkins,1346,21,1276,17,70,4,1445,27,13803,161,15248,188,1,30,2,132,18,1184,0,81,31
11-03-20,Haywood,1370,12,1263,11,107,1,1453,10,8553,35,10006,45,0,28,4,91,8,1251,1,57,28
11-03-20,Henderson,1464,8,1171,7,293,1,1698,6,10672,31,12370,37,1,27,-3,58,10,1379,0,52,30
11-03-20,Henry,914,25,877,23,37,2,1048,18,11607,46,12655,64,1,13,15,113,9,788,0,45,14
11-03-20,Hickman,864,13,797,13,67,0,992,12,9178,73,10170,85,0,15,5,77,8,772,0,23,17
11-03-20,Houston,452,3,394,2,58,1,468,2,3882,6,4350,8,1,18,-1,40,3,394,0,31,19
11-03-20,Humphreys,488,7,387,6,101,1,489,4,6808,25,7297,29,2,6,0,37,5,445,1,19,6
11-03-20,Jackson,496,6,432,5,64,1,531,6,3128,15,3659,21,-1,7,0,41,7,448,0,20,6
11-03-20,Jefferson,1661,5,1433,4,228,1,1697,10,21809,99,23506,109,0,24,-10,123,15,1514,0,86,26
11-03-20,Johnson,1241,6,1184,6,57,0,1269,7,8497,68,9766,75,1,10,-10,98,15,1133,0,34,14
11-03-20,Knox,13959,197,13297,184,662,13,14858,200,167808,812,182666,1012,3,100,46,1007,148,12852,5,509,108
11-03-20,Lake,1005,7,992,5,13,2,1211,3,7056,5,8267,8,0,4,4,20,3,981,0,9,4
11-03-20,Lauderdale,1543,11,1288,8,255,3,1516,12,13867,42,15383,54,0,18,-12,125,23,1400,0,65,19
11-03-20,Lawrence,1833,53,1764,41,69,12,2005,51,14937,177,16942,228,4,24,25,223,24,1586,0,76,25
11-03-20,Lewis,516,21,507,21,9,0,545,21,6051,60,6596,81,0,6,11,119,10,391,0,24,7
11-03-20,Lincoln,1022,37,951,20,71,17,1131,27,9914,91,11045,118,1,5,24,133,12,884,2,33,8
11-03-20,Loudon,1744,11,1684,11,60,0,1899,13,17575,132,19474,145,0,13,-2,143,13,1588,0,56,13
11-03-20,Macon,1425,28,1337,20,88,8,1642,19,9215,29,10857,48,1,26,20,94,7,1305,0,91,26
11-03-20,Madison,4038,53,2846,31,1192,22,3909,25,34287,112,38196,137,4,85,19,239,30,3714,0,218,99
11-03-20,Marion,871,12,846,11,25,1,1016,13,8703,57,9719,70,0,14,3,82,9,775,0,61,16
11-03-20,Marshall,1252,15,1236,15,16,0,1422,18,12396,136,13818,154,0,12,-2,125,17,1115,1,34,12
11-03-20,Maury,3865,54,3782,54,83,0,4274,58,36889,288,41163,346,0,39,-3,554,57,3272,2,124,45
11-03-20,McMinn,1803,18,1759,18,44,0,2044,19,22072,94,24116,113,1,41,-4,178,21,1584,0,89,48
11-03-20,McNairy,1184,6,943,5,241,1,1299,5,9812,34,11111,39,0,30,-8,41,14,1113,0,47,33
11-03-20,Meigs,354,4,348,4,6,0,399,4,4061,25,4460,29,2,8,-8,36,10,310,0,20,10
11-03-20,Monroe,1582,19,1526,19,56,0,1759,18,14394,55,16153,73,1,31,-14,145,32,1406,1,92,37
11-03-20,Montgomery,4556,34,4166,34,390,0,4803,35,53316,238,58119,273,1,63,-33,176,66,4317,0,157,71
11-03-20,Moore,293,5,253,3,40,2,311,3,3000,18,3311,21,0,2,1,28,4,263,0,6,2
11-03-20,Morgan,472,4,440,4,32,0,502,4,9610,23,10112,27,0,7,2,32,2,433,0,12,6
11-03-20,Obion,1931,13,1689,9,242,4,1936,6,12976,35,14912,41,1,28,-3,172,15,1731,0,65,35
11-03-20,Out of State,3225,28,3071,25,154,3,3560,31,353877,1557,357437,1588,1,38,-9,277,36,2910,0,106,25
11-03-20,Overton,1300,13,1088,8,212,5,1322,9,9105,44,10427,53,1,26,0,92,12,1182,0,49,32
11-03-20,Pending,1991,65,1727,59,264,6,2031,63,220979,1026,223010,1089,0,6,8,336,57,1649,1,39,9
11-03-20,Perry,359,6,332,6,27,0,369,7,4269,17,4638,24,1,10,-8,83,13,266,1,20,13
11-03-20,Pickett,295,7,213,2,82,5,266,3,1626,2,1892,5,0,9,4,21,3,265,0,15,10
11-03-20,Polk,552,9,526,9,26,0,618,9,4745,29,5363,38,0,13,2,32,7,507,1,26,13
11-03-20,Putnam,4704,28,4233,19,471,9,5334,25,39472,205,44806,230,3,64,-30,259,55,4381,1,145,69
11-03-20,Rhea,1229,17,1187,15,42,2,1411,20,13794,86,15205,106,1,23,3,107,13,1099,0,49,23
11-03-20,Roane,1555,25,1491,23,64,2,1728,20,23509,118,25237,138,1,9,-3,250,27,1296,0,55,11
11-03-20,Robertson,2754,24,2693,21,61,3,3249,21,22499,88,25748,109,0,43,9,120,15,2591,1,197,44
11-03-20,Rutherford,12917,181,12652,173,265,8,15324,203,111810,1179,127134,1382,0,117,46,926,135,11874,1,338,124
11-03-20,Scott,462,17,410,15,52,2,453,14,5953,42,6406,56,0,5,9,76,8,381,0,23,6
11-03-20,Sequatchie,384,3,378,3,6,0,425,6,6586,51,7011,57,1,3,-2,42,4,339,0,16,5
11-03-20,Sevier,3622,35,3489,34,133,1,3947,38,32753,242,36700,280,1,24,4,268,30,3330,1,131,28
11-03-20,Shelby,38437,123,37725,114,712,9,47100,123,468452,1414,515552,1537,6,578,-161,2307,278,35552,2,2375,627
11-03-20,Smith,1067,6,1014,3,53,3,1328,13,7151,45,8479,58,0,14,-3,43,9,1010,0,38,14
11-03-20,Stewart,370,10,340,9,30,1,401,9,3768,13,4169,22,0,13,7,33,3,324,0,14,13
11-03-20,Sullivan,4318,110,4057,99,261,11,4473,117,41729,789,46202,906,3,58,-1,584,108,3676,2,305,64
11-03-20,Sumner,6684,74,6606,72,78,2,7795,76,60580,303,68375,379,1,120,6,564,67,6000,3,476,123
11-03-20,Tipton,2578,21,2241,15,337,6,2827,11,26685,112,29512,123,1,24,-12,226,32,2328,0,111,29
11-03-20,Trousdale,1809,0,1792,0,17,0,1895,1,5930,27,7825,28,1,10,-6,39,5,1760,0,31,10
11-03-20,Unicoi,530,9,459,9,71,0,532,15,7934,58,8466,73,1,7,-4,122,12,401,0,31,9
11-03-20,Union,569,3,518,3,51,0,589,3,6040,21,6629,24,0,4,-6,35,9,530,0,22,4
11-03-20,Van Buren,225,4,206,4,19,0,242,4,2882,6,3124,10,0,2,2,15,2,208,0,8,2
11-03-20,Warren,1600,21,1475,20,125,1,1743,21,17303,176,19046,197,0,11,5,140,16,1449,1,29,12
11-03-20,Washington,4122,120,3958,112,164,8,4469,126,41782,710,46251,836,7,67,40,653,73,3402,2,178,76
11-03-20,Wayne,1632,7,1603,6,29,1,1765,8,7130,69,8895,77,0,7,-2,40,9,1585,0,24,8
11-03-20,Weakley,1662,15,1487,10,175,5,1736,10,13492,50,15228,60,0,27,-3,116,18,1519,0,39,31
11-03-20,White,1316,26,1201,16,115,10,1585,18,13491,72,15076,90,0,15,8,120,18,1181,0,71,16
11-03-20,Williamson,7755,83,7424,79,331,4,8683,88,90664,542,99347,630,2,59,6,653,75,7043,3,163,65
11-03-20,Wilson,5129,42,5005,39,124,3,5932,43,49284,251,55216,294,1,66,-3,405,44,4658,1,161,66
11-02-20,Anderson,1908,33,1815,31,93,2,2105,35,32800,266,34905,301,0,16,8,242,25,1650,0,65,20
11-02-20,Bedford,1850,15,1735,14,115,1,2115,15,16552,86,18667,101,0,23,-12,175,27,1652,0,66,24
11-02-20,Benton,461,11,439,11,22,0,487,11,5621,32,6108,43,0,10,7,45,4,406,0,19,11
11-02-20,Bledsoe,1054,1,1043,1,11,0,1097,1,9391,16,10488,17,0,4,-4,41,5,1009,0,21,4
11-02-20,Blount,3659,32,3539,30,120,2,4121,36,37620,270,41741,306,1,42,-25,364,56,3253,0,152,44
11-02-20,Bradley,3823,40,3645,35,178,5,4384,35,31344,121,35728,156,0,24,7,272,33,3527,1,224,26
11-02-20,Campbell,1149,10,956,5,193,5,1095,6,15170,57,16265,63,0,13,-21,147,31,989,0,62,18
11-02-20,Cannon,461,8,434,8,27,0,526,8,5052,28,5578,36,0,2,4,43,4,416,0,16,2
11-02-20,Carroll,1198,12,1002,10,196,2,1237,9,13221,39,14458,48,0,27,0,74,12,1097,0,57,29
11-02-20,Carter,1793,30,1709,29,84,1,1903,25,20297,46,22200,71,0,36,2,268,28,1489,2,118,38
11-02-20,Cheatham,1135,3,1096,3,39,0,1305,4,13854,46,15159,50,0,12,-17,92,20,1031,0,39,12
11-02-20,Chester,758,0,626,0,132,0,832,1,6542,19,7374,20,0,16,-8,32,8,710,0,25,18
11-02-20,Claiborne,554,1,484,1,70,0,589,2,12666,37,13255,39,0,8,-4,35,5,511,0,29,8
11-02-20,Clay,429,1,333,0,96,1,396,0,3555,21,3951,21,0,16,-9,32,10,381,1,16,19
11-02-20,Cocke,1204,10,1046,10,158,0,1175,10,10673,64,11848,74,0,17,-21,185,31,1002,0,60,23
11-02-20,Coffee,2061,27,1754,19,307,8,2224,19,24971,126,27195,145,2,30,3,230,22,1801,0,60,35
11-02-20,Crockett,950,6,713,4,237,2,865,6,4619,22,5484,28,0,23,-14,81,20,846,0,24,25
11-02-20,Cumberland,1739,25,1682,25,57,0,2075,25,28253,105,30328,130,0,27,-5,151,30,1561,0,84,31
11-02-20,Davidson,33454,220,33131,220,323,0,41445,277,463889,2689,505334,2966,1,353,-83,1988,302,31113,4,1272,369
11-02-20,Decatur,692,4,547,4,145,0,725,4,7224,21,7949,25,0,11,-6,40,10,641,0,24,11
11-02-20,Dekalb,757,4,715,3,42,1,897,3,10124,50,11021,53,0,18,-12,60,16,679,1,32,21
11-02-20,Dickson,1855,24,1586,24,269,0,2090,24,17949,63,20039,87,0,20,9,226,15,1609,2,68,22
11-02-20,Dyer,2446,9,2071,7,375,2,2383,7,14853,97,17236,104,0,38,-37,256,46,2152,0,83,40
11-02-20,Fayette,1797,1,1728,1,69,0,2194,5,19947,68,22141,73,0,27,-25,141,26,1629,0,93,34
11-02-20,Fentress,972,12,863,12,109,0,1046,12,5935,35,6981,47,0,12,4,66,8,894,0,42,15
11-02-20,Franklin,1381,11,1311,11,70,0,1647,10,18527,89,20174,99,0,25,-11,101,22,1255,0,62,28
11-02-20,Gibson,2263,10,1707,8,556,2,2312,6,18393,37,20705,43,1,49,-6,130,15,2084,0,68,56
11-02-20,Giles,1044,18,1016,15,28,3,1204,8,12087,44,13291,52,0,38,-8,96,26,910,1,57,38
11-02-20,Grainger,705,4,595,4,110,0,702,4,7858,42,8560,46,0,4,-9,120,13,581,0,36,7
11-02-20,Greene,2010,36,1891,35,119,1,2197,34,21447,113,23644,147,1,56,-5,305,40,1649,3,107,57
11-02-20,Grundy,628,3,584,3,44,0,699,3,3670,8,4369,11,1,14,-7,50,9,564,0,42,14
11-02-20,Hamblen,2624,35,2364,30,260,5,2765,35,27830,162,30595,197,0,50,4,201,31,2373,0,137,59
11-02-20,Hamilton,12428,98,11831,86,597,12,13815,95,168251,669,182066,764,0,111,-17,727,115,11590,6,480,119
11-02-20,Hancock,128,1,116,1,12,0,130,1,2245,4,2375,5,0,3,1,9,0,116,0,11,3
11-02-20,Hardeman,1965,9,1829,9,136,0,2185,10,17303,50,19488,60,0,33,-13,80,22,1852,1,81,33
11-02-20,Hardin,1459,4,1175,4,284,0,1510,7,15145,43,16655,50,0,23,-12,72,16,1364,0,37,24
11-02-20,Hawkins,1325,17,1259,16,66,1,1418,14,13642,38,15060,52,0,29,-7,130,24,1166,0,81,31
11-02-20,Haywood,1358,3,1252,3,106,0,1443,4,8518,23,9961,27,0,28,-14,87,17,1243,0,56,28
11-02-20,Henderson,1456,3,1164,3,292,0,1692,5,10641,65,12333,70,0,26,-10,61,13,1369,0,52,30
11-02-20,Henry,889,26,854,25,35,1,1030,26,11561,113,12591,139,0,12,14,98,12,779,0,45,14
11-02-20,Hickman,851,5,784,4,67,1,980,5,9105,20,10085,25,0,15,-1,72,6,764,0,23,16
11-02-20,Houston,449,2,392,1,57,1,466,1,3876,6,4342,7,0,17,-1,41,3,391,0,31,19
11-02-20,Humphreys,481,1,381,1,100,0,485,1,6783,16,7268,17,0,4,-7,37,8,440,0,18,6
11-02-20,Jackson,490,9,427,8,63,1,525,9,3113,10,3638,19,0,8,3,41,6,441,1,20,6
11-02-20,Jefferson,1656,18,1429,17,227,1,1687,19,21710,143,23397,162,0,24,-8,133,26,1499,2,86,26
11-02-20,Johnson,1235,1,1178,1,57,0,1262,1,8429,16,9691,17,1,9,-8,108,8,1118,0,34,13
11-02-20,Knox,13762,116,13113,110,649,6,14658,109,166996,801,181654,910,1,97,-34,961,149,12704,2,504,107
11-02-20,Lake,998,2,987,2,11,0,1208,2,7051,15,8259,17,0,4,0,16,2,978,0,9,4
11-02-20,Lauderdale,1532,12,1280,11,252,1,1504,14,13825,51,15329,65,0,18,-25,137,37,1377,0,65,18
11-02-20,Lawrence,1780,26,1723,24,57,2,1954,23,14760,101,16714,124,0,20,-7,198,33,1562,0,76,25
11-02-20,Lewis,495,10,486,10,9,0,524,8,5991,16,6515,24,0,6,-1,108,11,381,0,24,7
11-02-20,Lincoln,985,8,931,7,54,1,1104,6,9823,19,10927,25,0,4,-13,109,21,872,0,31,8
11-02-20,Loudon,1733,21,1673,21,60,0,1886,20,17443,103,19329,123,0,13,9,145,12,1575,0,56,13
11-02-20,Macon,1397,6,1317,6,80,0,1623,6,9186,36,10809,42,0,25,-2,74,8,1298,0,91,26
11-02-20,Madison,3985,11,2815,10,1170,1,3884,12,34175,50,38059,62,0,81,-20,220,31,3684,1,218,98
11-02-20,Marion,859,8,835,8,24,0,1003,8,8646,54,9649,62,0,14,-14,79,22,766,0,61,16
11-02-20,Marshall,1237,13,1221,13,16,0,1404,14,12260,62,13664,76,0,12,-8,127,21,1098,0,33,12
11-02-20,Maury,3811,27,3728,25,83,2,4216,23,36601,83,40817,106,0,39,-56,557,83,3215,1,122,45
11-02-20,McMinn,1785,14,1741,11,44,3,2025,9,21978,158,24003,167,1,40,-5,182,18,1563,0,89,47
11-02-20,McNairy,1178,5,938,5,240,0,1294,7,9778,51,11072,58,0,30,-6,49,11,1099,0,47,33
11-02-20,Meigs,350,4,344,4,6,0,395,2,4036,21,4431,23,0,6,2,44,2,300,1,20,10
11-02-20,Monroe,1563,3,1507,3,56,0,1741,7,14339,81,16080,88,1,30,-8,159,10,1374,0,91,37
11-02-20,Montgomery,4522,18,4132,18,390,0,4768,23,53078,178,57846,201,1,62,-62,209,79,4251,0,157,70
11-02-20,Moore,288,2,250,1,38,1,308,1,2982,16,3290,17,0,2,-8,27,10,259,0,6,2
11-02-20,Morgan,468,5,436,5,32,0,498,5,9587,34,10085,39,0,7,2,30,3,431,0,12,6
11-02-20,Obion,1918,6,1680,6,238,0,1930,9,12941,76,14871,85,0,27,-16,175,22,1716,0,65,34
11-02-20,Out of State,3197,10,3046,10,151,0,3529,19,352320,1084,355849,1103,1,37,-44,286,53,2874,0,106,25
11-02-20,Overton,1287,6,1080,6,207,0,1313,7,9061,20,10374,27,0,25,-6,92,12,1170,0,49,32
11-02-20,Pending,1926,23,1668,17,258,6,1968,22,219953,843,221921,865,0,6,-41,328,64,1592,1,38,9
11-02-20,Perry,353,1,326,1,27,0,362,1,4252,7,4614,8,0,9,-11,91,12,253,0,19,13
11-02-20,Pickett,288,1,211,1,77,0,263,0,1624,0,1887,0,0,9,0,17,1,262,0,15,10
11-02-20,Polk,543,1,517,1,26,0,609,1,4716,26,5325,27,0,13,-10,30,11,500,0,25,13
11-02-20,Putnam,4676,24,4214,23,462,1,5309,28,39267,293,44576,321,2,61,-34,289,56,4326,0,144,68
11-02-20,Rhea,1212,9,1172,7,40,2,1391,7,13708,43,15099,50,1,22,-7,104,15,1086,0,49,23
11-02-20,Roane,1530,59,1468,59,62,0,1708,63,23391,192,25099,255,0,8,32,253,27,1269,1,55,10
11-02-20,Robertson,2730,4,2672,4,58,0,3228,5,22411,168,25639,173,0,43,-30,111,34,2576,0,196,44
11-02-20,Rutherford,12736,72,12479,70,257,2,15121,88,110631,638,125752,726,1,117,-89,880,160,11739,3,337,122
11-02-20,Scott,445,18,395,11,50,7,439,9,5911,91,6350,100,0,5,4,67,14,373,0,23,6
11-02-20,Sequatchie,381,8,375,8,6,0,419,9,6535,32,6954,41,0,2,5,44,3,335,0,16,5
11-02-20,Sevier,3587,36,3455,36,132,0,3909,35,32511,206,36420,241,0,23,0,264,36,3300,0,130,28
11-02-20,Shelby,38314,116,37611,108,703,8,46977,128,467038,1276,514015,1404,1,572,-230,2468,345,35274,4,2373,622
11-02-20,Smith,1061,6,1011,6,50,0,1315,8,7106,13,8421,21,0,14,-8,46,14,1001,1,38,14
11-02-20,Stewart,360,1,331,1,29,0,392,1,3755,11,4147,12,0,13,-4,26,5,321,0,14,13
11-02-20,Sullivan,4208,55,3958,48,250,7,4356,38,40940,35,45296,73,2,55,-45,585,98,3568,10,303,64
11-02-20,Sumner,6610,65,6534,65,76,0,7719,70,60277,498,67996,568,2,119,-21,558,84,5933,7,473,121
11-02-20,Tipton,2557,11,2226,10,331,1,2816,15,26573,95,29389,110,0,23,-23,238,34,2296,0,111,28
11-02-20,Trousdale,1809,9,1792,9,17,0,1894,9,5903,22,7797,31,0,9,1,45,8,1755,1,31,10
11-02-20,Unicoi,521,8,450,8,71,0,517,7,7876,28,8393,35,1,6,-6,126,13,389,0,31,9
11-02-20,Union,566,3,515,3,51,0,586,3,6019,21,6605,24,0,4,-5,41,8,521,0,22,4
11-02-20,Van Buren,221,3,202,2,19,1,238,2,2876,13,3114,15,0,2,0,13,3,206,0,8,2
11-02-20,Warren,1579,20,1455,19,124,1,1722,19,17127,117,18849,136,0,11,-1,135,21,1433,0,28,12
11-02-20,Washington,4002,63,3846,55,156,8,4343,55,41072,89,45415,144,1,60,-30,613,92,3329,6,176,75
11-02-20,Wayne,1625,1,1597,1,28,0,1757,0,7061,15,8818,15,0,7,-7,42,8,1576,0,24,8
11-02-20,Weakley,1647,9,1477,9,170,0,1726,9,13442,32,15168,41,1,27,-10,119,18,1501,0,39,30
11-02-20,White,1290,19,1185,19,105,0,1567,25,13419,95,14986,120,0,15,3,112,16,1163,0,71,16
11-02-20,Williamson,7672,31,7345,30,327,1,8595,34,90122,273,98717,307,0,57,-53,647,84,6968,0,160,64
11-02-20,Wilson,5087,41,4966,40,121,1,5889,48,49033,322,54922,370,1,65,-17,408,57,4614,0,160,65
11-01-20,Anderson,1875,5,1784,5,91,0,2070,12,32534,252,34604,264,0,16,-11,234,16,1625,0,65,19
11-01-20,Bedford,1835,18,1721,15,114,3,2100,17,16466,116,18566,133,0,23,3,187,15,1625,1,66,23
11-01-20,Benton,450,11,428,10,22,1,476,10,5589,16,6065,26,0,10,9,38,2,402,0,19,11
11-01-20,Bledsoe,1053,6,1042,5,11,1,1096,4,9375,101,10471,105,0,4,2,45,4,1004,0,21,4
11-01-20,Blount,3627,35,3509,34,118,1,4085,44,37350,323,41435,367,0,41,6,389,29,3197,1,152,44
11-01-20,Bradley,3783,20,3610,14,173,6,4349,19,31223,189,35572,208,0,24,4,265,16,3494,1,223,26
11-01-20,Campbell,1139,6,951,4,188,2,1089,11,15113,210,16202,221,0,13,-9,168,15,958,1,62,18
11-01-20,Cannon,453,5,426,5,27,0,518,5,5024,29,5542,34,0,2,1,39,4,412,1,16,2
11-01-20,Carroll,1186,11,992,7,194,4,1228,11,13182,142,14410,153,0,27,4,74,7,1085,0,57,29
11-01-20,Carter,1763,7,1680,3,83,4,1878,6,20251,78,22129,84,0,36,-4,266,11,1461,0,116,37
11-01-20,Cheatham,1132,12,1093,10,39,2,1301,12,13808,136,15109,148,0,12,0,109,12,1011,2,39,12
11-01-20,Chester,758,7,626,4,132,3,831,4,6523,30,7354,34,0,16,2,40,5,702,0,25,18
11-01-20,Claiborne,553,2,483,1,70,1,587,2,12629,99,13216,101,0,8,-3,39,5,506,0,29,8
11-01-20,Clay,428,2,333,1,95,1,396,1,3534,12,3930,13,0,16,0,41,2,371,0,15,19
11-01-20,Cocke,1194,25,1036,15,158,10,1165,16,10609,119,11774,135,0,17,8,206,17,971,2,60,23
11-01-20,Coffee,2034,17,1735,7,299,10,2205,9,24845,138,27050,147,0,28,7,227,10,1779,0,60,34
11-01-20,Crockett,944,4,709,2,235,2,859,3,4597,16,5456,19,0,23,-4,95,8,826,0,24,25
11-01-20,Cumberland,1714,7,1657,7,57,0,2050,9,28148,108,30198,117,0,27,-1,156,8,1531,0,84,30
11-01-20,Davidson,33234,219,32911,207,323,12,41168,247,461200,5092,502368,5339,0,352,54,2071,165,30811,6,1268,368
11-01-20,Decatur,688,2,543,2,145,0,721,3,7203,15,7924,18,0,11,-4,46,6,631,0,24,11
11-01-20,Dekalb,753,1,712,1,41,0,894,1,10074,40,10968,41,0,18,-6,72,7,663,0,31,21
11-01-20,Dickson,1831,41,1562,26,269,15,2066,25,17886,124,19952,149,0,20,27,217,14,1594,0,66,22
11-01-20,Dyer,2437,37,2064,23,373,14,2376,24,14756,99,17132,123,0,38,24,293,13,2106,0,83,39
11-01-20,Fayette,1796,11,1727,8,69,3,2189,13,19879,224,22068,237,0,27,4,166,7,1603,0,93,34
11-01-20,Fentress,960,1,851,1,109,0,1034,4,5900,21,6934,25,0,12,-5,62,6,886,0,42,15
11-01-20,Franklin,1370,7,1300,4,70,3,1637,7,18438,62,20075,69,0,25,-2,112,9,1233,1,62,28
11-01-20,Gibson,2253,18,1699,10,554,8,2306,7,18356,129,20662,136,0,48,3,136,15,2069,0,68,54
11-01-20,Giles,1026,4,1001,4,25,0,1196,5,12043,134,13239,139,0,38,3,104,1,884,0,56,38
11-01-20,Grainger,701,33,591,7,110,26,698,5,7816,32,8514,37,0,4,17,129,16,568,1,36,7
11-01-20,Greene,1974,12,1856,10,118,2,2163,16,21334,369,23497,385,0,55,-21,310,33,1609,0,104,57
11-01-20,Grundy,625,3,581,3,44,0,696,2,3662,40,4358,42,0,13,-6,57,9,555,0,42,14
11-01-20,Hamblen,2589,7,2334,2,255,5,2730,6,27668,196,30398,202,0,50,-7,197,14,2342,1,137,58
11-01-20,Hamilton,12330,45,11745,42,585,3,13720,57,167582,1044,181302,1101,0,111,-51,744,96,11475,1,474,119
11-01-20,Hancock,127,0,115,0,12,0,129,0,2241,5,2370,5,0,3,-2,8,2,116,0,11,3
11-01-20,Hardeman,1956,6,1820,5,136,1,2175,4,17253,263,19428,267,0,33,-2,93,8,1830,0,80,33
11-01-20,Hardin,1455,7,1171,5,284,2,1503,7,15102,58,16605,65,0,23,-2,84,9,1348,0,37,24
11-01-20,Hawkins,1308,7,1243,3,65,4,1404,4,13604,161,15008,165,0,29,-6,137,13,1142,0,81,31
11-01-20,Haywood,1355,9,1249,7,106,2,1439,9,8495,110,9934,119,0,28,1,101,8,1226,0,56,28
11-01-20,Henderson,1453,7,1161,4,292,3,1687,3,10576,29,12263,32,0,26,0,71,7,1356,0,52,29
11-01-20,Henry,863,4,829,4,34,0,1004,5,11448,31,12452,36,0,12,-3,84,7,767,2,45,13
11-01-20,Hickman,846,1,780,0,66,1,975,0,9085,37,10060,37,0,15,-4,73,5,758,0,23,15
11-01-20,Houston,447,13,391,11,56,2,465,11,3870,176,4335,187,0,17,11,42,2,388,0,31,19
11-01-20,Humphreys,480,10,380,8,100,2,484,8,6767,63,7251,71,0,4,3,44,7,432,0,18,6
11-01-20,Jackson,481,2,419,1,62,1,516,1,3103,7,3619,8,0,8,-1,38,3,435,0,19,6
11-01-20,Jefferson,1638,13,1412,5,226,8,1668,5,21567,90,23235,95,0,24,9,141,4,1473,0,84,26
11-01-20,Johnson,1234,21,1177,15,57,6,1261,16,8413,37,9674,53,0,8,16,116,5,1110,0,34,12
11-01-20,Knox,13646,128,13003,118,643,10,14549,132,166195,1326,180744,1458,0,96,20,995,108,12555,3,502,105
11-01-20,Lake,996,2,985,1,11,1,1206,1,7036,56,8242,57,0,4,-1,16,3,976,0,9,4
11-01-20,Lauderdale,1520,4,1269,3,251,1,1490,6,13774,112,15264,118,0,18,-9,162,13,1340,0,65,18
11-01-20,Lawrence,1754,21,1699,21,55,0,1931,21,14659,179,16590,200,0,20,-1,205,22,1529,2,76,25
11-01-20,Lewis,485,15,476,11,9,4,516,9,5975,27,6491,36,0,6,9,109,6,370,0,24,6
11-01-20,Lincoln,977,14,924,4,53,10,1098,4,9804,40,10902,44,0,4,7,122,7,851,0,31,7
11-01-20,Loudon,1712,6,1652,6,60,0,1866,6,17340,225,19206,231,0,13,-4,136,10,1563,2,56,13
11-01-20,Macon,1391,2,1311,2,80,0,1617,2,9150,49,10767,51,0,25,-2,76,4,1290,0,91,26
11-01-20,Madison,3974,43,2805,15,1169,28,3872,18,34125,219,37997,237,0,81,12,240,31,3653,1,217,97
11-01-20,Marion,851,10,827,6,24,4,995,6,8592,79,9587,85,0,14,1,93,9,744,1,61,16
11-01-20,Marshall,1224,13,1208,13,16,0,1390,13,12198,143,13588,156,0,12,0,135,13,1077,0,33,12
11-01-20,Maury,3784,141,3703,131,81,10,4193,141,36518,797,40711,938,0,39,110,613,31,3132,1,121,45
11-01-20,McMinn,1771,14,1730,13,41,1,2016,22,21820,151,23836,173,0,39,2,187,12,1545,1,89,47
11-01-20,McNairy,1173,6,933,3,240,3,1287,2,9727,113,11014,115,0,30,5,55,1,1088,0,47,33
11-01-20,Meigs,346,5,340,5,6,0,393,5,4015,39,4408,44,0,6,3,42,2,298,0,19,9
11-01-20,Monroe,1560,9,1504,9,56,0,1734,11,14258,110,15992,121,0,29,-8,167,17,1364,0,91,37
11-01-20,Montgomery,4504,40,4114,34,390,6,4745,37,52900,588,57645,625,0,61,16,271,24,4172,1,157,70
11-01-20,Moore,286,2,249,1,37,1,307,1,2966,7,3273,8,0,2,2,35,0,249,0,6,2
11-01-20,Morgan,463,3,431,1,32,2,493,2,9553,57,10046,59,0,7,0,28,3,428,0,12,6
11-01-20,Obion,1912,29,1674,21,238,8,1921,21,12865,144,14786,165,0,27,19,191,10,1694,1,65,33
11-01-20,Out of State,3187,44,3036,40,151,4,3510,49,351236,3133,354746,3182,0,36,29,330,15,2821,1,106,24
11-01-20,Overton,1281,4,1074,3,207,1,1306,4,9041,26,10347,30,0,25,-2,98,6,1158,0,49,31
11-01-20,Pending,1903,64,1651,55,252,9,1946,58,219110,1774,221056,1832,0,6,36,369,28,1528,1,37,9
11-01-20,Perry,352,5,325,5,27,0,361,0,4245,10,4606,10,0,9,-23,102,28,241,0,19,11
11-01-20,Pickett,287,1,210,1,77,0,263,1,1624,26,1887,27,0,9,0,17,1,261,0,15,10
11-01-20,Polk,542,0,516,0,26,0,608,1,4690,15,5298,16,0,13,-3,40,3,489,0,25,13
11-01-20,Putnam,4652,15,4191,11,461,4,5281,11,38974,210,44255,221,0,59,-5,323,20,4270,0,144,68
11-01-20,Rhea,1203,20,1165,8,38,12,1384,7,13665,66,15049,73,0,21,16,111,4,1071,1,49,23
11-01-20,Roane,1471,12,1409,12,62,0,1645,16,23199,194,24844,210,0,8,2,221,10,1242,2,54,10
11-01-20,Robertson,2726,23,2668,22,58,1,3223,25,22243,230,25466,255,0,43,13,141,10,2542,3,196,44
11-01-20,Rutherford,12664,140,12409,126,255,14,15033,144,109993,1154,125026,1298,0,116,54,969,86,11579,1,334,121
11-01-20,Scott,427,7,384,7,43,0,430,9,5820,60,6250,69,0,5,0,63,7,359,0,23,6
11-01-20,Sequatchie,373,2,367,2,6,0,410,3,6503,100,6913,103,0,2,1,39,1,332,0,16,5
11-01-20,Sevier,3551,6,3419,6,132,0,3874,11,32305,228,36179,239,0,23,-16,264,22,3264,1,130,27
11-01-20,Shelby,38198,484,37503,463,695,21,46849,587,465762,5511,512611,6098,0,571,337,2698,147,34929,5,2369,619
11-01-20,Smith,1055,3,1005,3,50,0,1307,5,7093,37,8400,42,0,14,-1,54,4,987,1,37,14
11-01-20,Stewart,359,1,330,1,29,0,391,1,3744,34,4135,35,0,13,-2,30,3,316,0,14,13
11-01-20,Sullivan,4153,11,3910,10,243,1,4318,19,40905,432,45223,451,0,53,-51,630,62,3470,0,293,62
11-01-20,Sumner,6545,103,6469,103,76,0,7649,114,59779,749,67428,863,0,117,57,579,46,5849,3,466,121
11-01-20,Tipton,2546,42,2216,25,330,17,2801,27,26478,182,29279,209,0,23,30,261,12,2262,2,111,28
11-01-20,Trousdale,1800,4,1783,4,17,0,1885,4,5881,36,7766,40,0,9,2,44,2,1747,0,30,10
11-01-20,Unicoi,513,10,442,4,71,6,510,7,7848,26,8358,33,0,5,3,132,7,376,0,31,7
11-01-20,Union,563,2,512,2,51,0,583,3,5998,34,6581,37,0,4,1,46,1,513,0,22,4
11-01-20,Van Buren,218,0,200,0,18,0,236,0,2863,47,3099,47,0,2,0,13,0,203,0,8,2
11-01-20,Warren,1559,6,1436,5,123,1,1703,3,17010,52,18713,55,0,11,-3,136,9,1412,1,28,12
11-01-20,Washington,3939,13,3791,13,148,0,4288,17,40983,284,45271,301,0,59,-49,643,62,3237,1,170,74
11-01-20,Wayne,1624,0,1596,0,28,0,1757,1,7046,21,8803,22,0,7,-5,49,5,1568,0,24,8
11-01-20,Weakley,1638,10,1468,7,170,3,1717,10,13410,61,15127,71,0,26,4,129,6,1483,0,39,30
11-01-20,White,1271,6,1166,6,105,0,1542,6,13324,146,14866,152,0,15,-5,109,11,1147,1,71,15
11-01-20,Williamson,7641,108,7315,101,326,7,8561,107,89849,888,98410,995,0,57,55,700,53,6884,1,160,63
11-01-20,Wilson,5046,89,4926,88,120,1,5841,98,48711,505,54552,603,0,64,56,425,33,4557,5,160,64
10-31-20,Anderson,1870,0,1779,0,91,0,2058,0,32282,1,34340,1,0,16,-10,245,10,1609,0,65,19
10-31-20,Bedford,1817,0,1706,0,111,0,2083,0,16350,2,18433,2,1,23,-16,184,15,1610,0,65,23
10-31-20,Benton,439,1,418,1,21,0,466,1,5573,0,6039,1,0,10,-1,29,2,400,0,19,11
10-31-20,Bledsoe,1047,0,1037,0,10,0,1092,0,9274,0,10366,0,0,4,-1,43,1,1000,0,21,4
10-31-20,Blount,3592,1,3475,1,117,0,4041,0,37027,2,41068,2,0,41,-25,383,26,3168,0,151,44
10-31-20,Bradley,3763,0,3596,0,167,0,4330,0,31034,1,35364,1,1,24,-18,261,17,3478,0,222,25
10-31-20,Campbell,1133,0,947,0,186,0,1078,0,14903,0,15981,0,0,13,-24,177,24,943,0,61,18
10-31-20,Cannon,448,0,421,0,27,0,513,0,4995,1,5508,1,0,2,-3,38,3,408,0,15,2
10-31-20,Carroll,1175,2,985,1,190,1,1217,0,13040,0,14257,0,0,27,-4,70,6,1078,0,57,29
10-31-20,Carter,1756,1,1677,1,79,0,1872,1,20173,0,22045,1,0,36,-16,270,17,1450,0,116,37
10-31-20,Cheatham,1120,3,1083,3,37,0,1289,3,13672,39,14961,42,0,12,-3,109,6,999,0,37,12
10-31-20,Chester,751,0,622,0,129,0,827,0,6493,0,7320,0,0,16,-1,38,1,697,0,25,18
10-31-20,Claiborne,551,0,482,0,69,0,585,0,12530,0,13115,0,0,8,-4,42,4,501,0,29,8
10-31-20,Clay,426,0,332,0,94,0,395,0,3522,0,3917,0,0,16,-2,41,2,369,0,15,18
10-31-20,Cocke,1169,0,1021,0,148,0,1149,0,10490,0,11639,0,1,17,-19,198,18,954,0,58,22
10-31-20,Coffee,2017,0,1728,0,289,0,2196,0,24707,0,26903,0,0,28,-13,220,13,1769,0,60,33
10-31-20,Crockett,940,5,707,0,233,5,856,0,4581,2,5437,2,1,23,1,99,3,818,0,24,25
10-31-20,Cumberland,1707,0,1650,0,57,0,2041,0,28040,0,30081,0,0,27,-11,157,11,1523,0,84,30
10-31-20,Davidson,33015,3,32704,3,311,0,40921,3,456108,26,497029,29,2,352,-169,2017,170,30646,0,1262,368
10-31-20,Decatur,686,0,541,0,145,0,718,0,7188,0,7906,0,0,11,-2,50,2,625,0,24,11
10-31-20,Dekalb,752,0,711,0,41,0,893,0,10034,5,10927,5,0,18,-3,78,3,656,0,31,21
10-31-20,Dickson,1790,1,1536,1,254,0,2041,1,17762,2,19803,3,1,20,-17,190,17,1580,0,66,22
10-31-20,Dyer,2400,7,2041,4,359,3,2352,3,14657,0,17009,3,0,38,-12,269,19,2093,0,83,39
10-31-20,Fayette,1785,1,1719,1,66,0,2176,0,19655,0,21831,0,0,27,-16,162,17,1596,0,93,34
10-31-20,Fentress,959,1,850,1,109,0,1030,1,5879,9,6909,10,0,12,-2,67,3,880,0,42,15
10-31-20,Franklin,1363,0,1296,0,67,0,1630,0,18376,0,20006,0,1,25,-10,114,9,1224,0,61,28
10-31-20,Gibson,2235,3,1689,3,546,0,2299,3,18227,0,20526,3,-1,48,-5,133,9,2054,0,68,54
10-31-20,Giles,1022,0,997,0,25,0,1191,0,11909,0,13100,0,0,38,-5,101,5,883,0,56,37
10-31-20,Grainger,668,0,584,0,84,0,693,0,7784,1,8477,1,0,4,-7,112,7,552,0,35,5
10-31-20,Greene,1962,2,1846,2,116,0,2147,2,20965,4,23112,6,0,55,-16,331,18,1576,0,104,56
10-31-20,Grundy,622,0,578,0,44,0,694,0,3622,0,4316,0,0,13,-1,63,1,546,0,42,14
10-31-20,Hamblen,2582,0,2332,0,250,0,2724,0,27472,0,30196,0,0,50,-18,204,18,2328,0,136,58
10-31-20,Hamilton,12285,0,11703,0,582,0,13663,0,166538,3,180201,3,0,111,-101,795,101,11379,0,473,118
10-31-20,Hancock,127,0,115,0,12,0,129,0,2236,0,2365,0,0,3,0,10,0,114,0,11,3
10-31-20,Hardeman,1950,2,1815,2,135,0,2171,1,16990,0,19161,1,0,33,-8,95,10,1822,0,80,33
10-31-20,Hardin,1448,2,1166,1,282,1,1496,1,15044,0,16540,1,0,23,-9,86,11,1339,0,37,24
10-31-20,Hawkins,1301,0,1240,0,61,0,1400,0,13443,0,14843,0,0,29,-14,143,14,1129,0,81,31
10-31-20,Haywood,1346,7,1242,7,104,0,1430,6,8385,15,9815,21,0,28,4,100,3,1218,1,56,28
10-31-20,Henderson,1446,2,1157,2,289,0,1684,2,10547,0,12231,2,0,26,0,71,2,1349,0,52,28
10-31-20,Henry,859,1,825,1,34,0,999,1,11417,0,12416,1,0,12,-4,87,5,760,0,43,13
10-31-20,Hickman,845,0,780,0,65,0,975,0,9048,0,10023,0,0,15,-6,77,6,753,0,23,15
10-31-20,Houston,434,0,380,0,54,0,454,0,3694,1,4148,1,0,17,-2,31,2,386,0,31,19
10-31-20,Humphreys,470,0,372,0,98,0,476,0,6704,0,7180,0,0,4,-8,41,8,425,0,18,6
10-31-20,Jackson,479,0,418,0,61,0,515,0,3096,0,3611,0,0,8,-1,39,1,432,0,19,6
10-31-20,Jefferson,1625,0,1407,0,218,0,1663,0,21477,0,23140,0,0,24,-8,132,8,1469,0,84,26
10-31-20,Johnson,1213,0,1162,0,51,0,1245,0,8376,1,9621,1,0,8,-4,100,4,1105,0,34,12
10-31-20,Knox,13518,4,12885,4,633,0,14417,6,164869,1,179286,7,0,96,-100,975,104,12447,0,499,103
10-31-20,Lake,994,0,984,0,10,0,1205,0,6980,0,8185,0,0,4,-2,17,2,973,0,9,4
10-31-20,Lauderdale,1516,2,1266,2,250,0,1484,2,13662,2,15146,4,1,18,-5,171,6,1327,0,65,18
10-31-20,Lawrence,1733,0,1678,0,55,0,1910,0,14480,0,16390,0,0,20,-14,206,14,1507,0,74,25
10-31-20,Lewis,470,0,465,0,5,0,507,0,5948,0,6455,0,0,6,-4,100,4,364,0,24,6
10-31-20,Lincoln,963,0,920,0,43,0,1094,0,9764,0,10858,0,0,4,-2,115,2,844,0,31,6
10-31-20,Loudon,1706,1,1646,1,60,0,1860,1,17115,0,18975,1,0,13,-7,140,8,1553,0,54,13
10-31-20,Macon,1389,0,1309,0,80,0,1615,0,9101,0,10716,0,0,25,-7,78,7,1286,0,91,26
10-31-20,Madison,3931,1,2790,0,1141,1,3854,0,33906,0,37760,0,1,81,-25,228,25,3622,0,216,96
10-31-20,Marion,841,0,821,0,20,0,989,0,8513,1,9502,1,1,14,-8,92,7,735,0,60,15
10-31-20,Marshall,1211,1,1195,1,16,0,1377,1,12055,0,13432,1,0,12,-6,135,7,1064,0,33,12
10-31-20,Maury,3643,3,3572,3,71,0,4052,3,35721,6,39773,9,0,39,-20,503,23,3101,0,120,45
10-31-20,McMinn,1757,1,1717,1,40,0,1994,1,21669,0,23663,1,0,39,-16,185,17,1533,0,88,44
10-31-20,McNairy,1167,2,930,1,237,1,1285,1,9614,1,10899,2,0,30,0,50,2,1087,1,47,33
10-31-20,Meigs,341,0,335,0,6,0,388,0,3976,0,4364,0,0,6,-3,39,3,296,0,19,8
10-31-20,Monroe,1551,0,1495,0,56,0,1723,0,14148,0,15871,0,0,29,-14,175,14,1347,0,91,37
10-31-20,Montgomery,4464,19,4080,19,384,0,4708,21,52312,123,57020,144,0,61,-12,255,31,4148,0,156,70
10-31-20,Moore,284,0,248,0,36,0,306,0,2959,0,3265,0,0,2,0,33,0,249,0,6,2
10-31-20,Morgan,460,0,430,0,30,0,491,0,9496,0,9987,0,0,7,-5,28,5,425,0,12,6
10-31-20,Obion,1883,2,1653,2,230,0,1900,3,12721,3,14621,6,0,27,-6,172,8,1684,0,64,33
10-31-20,Out of State,3143,0,2996,0,147,0,3461,0,348103,27,351564,27,0,36,-18,301,18,2806,0,105,24
10-31-20,Overton,1277,0,1071,0,206,0,1302,0,9015,5,10317,5,0,25,-1,100,1,1152,0,49,30
10-31-20,Pending,1839,3,1596,3,243,0,1888,3,217336,29,219224,32,-1,6,-25,333,29,1500,0,36,7
10-31-20,Perry,347,0,320,0,27,0,361,0,4235,0,4596,0,1,9,-6,125,5,213,0,19,11
10-31-20,Pickett,286,0,209,0,77,0,262,0,1598,1,1860,1,0,9,-1,17,1,260,0,15,10
10-31-20,Polk,542,0,516,0,26,0,607,0,4675,0,5282,0,0,13,-3,43,3,486,0,25,13
10-31-20,Putnam,4637,2,4180,2,457,0,5270,2,38764,1,44034,3,0,59,-29,328,31,4250,0,144,68
10-31-20,Rhea,1183,1,1157,1,26,0,1377,1,13599,0,14976,1,0,21,-8,95,9,1067,0,48,22
10-31-20,Roane,1459,1,1397,1,62,0,1629,1,23005,0,24634,1,0,8,-7,219,8,1232,0,52,10
10-31-20,Robertson,2703,0,2646,0,57,0,3198,0,22013,3,25211,3,0,43,-16,128,16,2532,0,193,44
10-31-20,Rutherford,12524,15,12283,15,241,0,14889,17,108839,70,123728,87,0,116,-82,915,97,11493,0,333,120
10-31-20,Scott,420,0,377,0,43,0,421,0,5760,0,6181,0,0,5,-9,63,9,352,0,23,5
10-31-20,Sequatchie,371,0,365,0,6,0,407,0,6403,0,6810,0,0,2,-3,38,3,331,0,16,4
10-31-20,Sevier,3545,0,3413,0,132,0,3863,0,32077,1,35940,1,0,23,-18,280,18,3242,0,129,27
10-31-20,Shelby,37714,0,37040,0,674,0,46262,0,460251,6,506513,6,0,571,-169,2361,169,34782,0,2364,617
10-31-20,Smith,1052,0,1002,0,50,0,1302,1,7056,0,8358,1,0,14,-9,55,9,983,0,36,14
10-31-20,Stewart,358,3,329,3,29,0,390,3,3710,8,4100,11,0,13,3,32,0,313,0,14,13
10-31-20,Sullivan,4142,0,3900,0,242,0,4299,0,40473,2,44772,2,1,53,-67,681,66,3408,0,293,62
10-31-20,Sumner,6442,1,6366,1,76,0,7535,1,59030,7,66565,8,0,117,-50,522,51,5803,0,463,120
10-31-20,Tipton,2504,1,2191,1,313,0,2774,1,26296,2,29070,3,0,23,-19,231,20,2250,0,109,27
10-31-20,Trousdale,1796,2,1779,2,17,0,1881,2,5845,2,7726,4,0,9,-1,42,3,1745,0,30,10
10-31-20,Unicoi,503,0,438,0,65,0,503,0,7822,0,8325,0,0,5,-6,129,6,369,0,31,7
10-31-20,Union,561,2,510,2,51,0,580,1,5964,0,6544,1,0,4,-1,45,3,512,0,22,4
10-31-20,Van Buren,218,0,200,0,18,0,236,0,2816,1,3052,1,0,2,0,13,0,203,0,8,2
10-31-20,Warren,1553,2,1431,2,122,0,1700,3,16958,16,18658,19,0,11,-7,139,9,1403,0,27,12
10-31-20,Washington,3926,0,3778,0,148,0,4271,0,40699,1,44970,1,1,59,-38,692,37,3175,0,169,73
10-31-20,Wayne,1624,0,1596,0,28,0,1756,0,7025,0,8781,0,0,7,-9,54,9,1563,0,24,8
10-31-20,Weakley,1628,1,1461,1,167,0,1707,0,13349,1,15056,1,0,26,-7,125,8,1477,0,39,30
10-31-20,White,1265,0,1160,0,105,0,1536,0,13178,1,14714,1,0,15,-16,114,16,1136,0,70,15
10-31-20,Williamson,7533,30,7214,30,319,0,8454,30,88961,194,97415,224,0,57,-24,645,54,6831,0,159,62
10-31-20,Wilson,4957,4,4838,4,119,0,5743,5,48206,38,53949,43,0,64,-27,369,31,4524,0,155,64
10-30-20,Anderson,1870,40,1779,37,91,3,2058,36,32281,148,34339,184,2,16,23,255,15,1599,1,65,17
10-30-20,Bedford,1817,20,1706,19,111,1,2083,19,16348,155,18431,174,2,22,11,200,7,1595,0,65,23
10-30-20,Benton,438,5,417,5,21,0,465,5,5573,34,6038,39,0,10,1,30,4,398,0,19,11
10-30-20,Bledsoe,1047,5,1037,4,10,1,1092,5,9274,38,10366,43,0,4,-69,44,74,999,0,21,4
10-30-20,Blount,3591,24,3474,23,117,1,4041,19,37025,258,41066,277,5,41,-26,408,45,3142,1,151,44
10-30-20,Bradley,3763,28,3596,26,167,2,4330,32,31033,125,35363,157,0,23,2,279,26,3461,0,222,25
10-30-20,Campbell,1133,12,947,6,186,6,1078,4,14903,87,15981,91,0,13,-14,201,26,919,1,61,18
10-30-20,Cannon,448,2,421,2,27,0,513,2,4994,17,5507,19,0,2,-4,41,6,405,0,15,2
10-30-20,Carroll,1173,13,984,12,189,1,1217,13,13040,64,14257,77,1,27,10,74,2,1072,0,57,29
10-30-20,Carter,1755,36,1676,34,79,2,1871,30,20173,140,22044,170,0,36,21,286,15,1433,4,116,37
10-30-20,Cheatham,1117,9,1080,9,37,0,1286,8,13633,88,14919,96,0,12,-8,112,17,993,0,37,12
10-30-20,Chester,751,10,622,8,129,2,827,8,6493,65,7320,73,1,16,6,39,3,696,0,25,18
10-30-20,Claiborne,551,6,482,5,69,1,585,4,12530,32,13115,36,1,8,0,46,5,497,1,29,8
10-30-20,Clay,426,5,332,4,94,1,395,5,3522,18,3917,23,1,16,2,43,2,367,0,15,18
10-30-20,Cocke,1169,18,1021,13,148,5,1149,12,10490,77,11639,89,2,16,5,217,11,936,0,58,21
10-30-20,Coffee,2017,21,1728,18,289,3,2196,17,24707,91,26903,108,2,28,-1,233,20,1756,1,60,33
10-30-20,Crockett,935,17,707,15,228,2,856,15,4579,31,5435,46,0,22,1,98,16,815,0,24,25
10-30-20,Cumberland,1707,30,1650,29,57,1,2041,32,28040,115,30081,147,0,27,15,168,15,1512,2,84,29
10-30-20,Davidson,33012,203,32701,198,311,5,40918,222,456082,2721,497000,2943,5,350,10,2186,188,30476,5,1262,367
10-30-20,Decatur,686,6,541,5,145,1,718,5,7188,126,7906,131,0,11,2,52,4,623,0,24,11
10-30-20,Dekalb,752,4,711,3,41,1,893,4,10029,84,10922,88,1,18,-3,81,6,653,0,31,21
10-30-20,Dickson,1789,10,1535,9,254,1,2040,10,17760,77,19800,87,0,19,-5,207,15,1563,0,66,21
10-30-20,Dyer,2393,28,2037,27,356,1,2349,30,14657,99,17006,129,0,38,1,281,27,2074,0,83,39
10-30-20,Fayette,1784,10,1718,9,66,1,2176,10,19655,70,21831,80,2,27,-6,178,14,1579,0,93,34
10-30-20,Fentress,958,10,849,9,109,1,1029,11,5870,17,6899,28,1,12,0,69,9,877,1,42,15
10-30-20,Franklin,1363,9,1296,8,67,1,1630,11,18376,79,20006,90,1,24,-2,124,10,1215,0,61,28
10-30-20,Gibson,2232,14,1686,10,546,4,2296,10,18227,110,20523,120,0,49,-2,138,16,2045,0,68,52
10-30-20,Giles,1022,9,997,9,25,0,1191,9,11909,79,13100,88,0,38,-5,106,14,878,0,56,37
10-30-20,Grainger,668,14,584,12,84,2,693,10,7783,48,8476,58,0,4,4,119,10,545,1,35,5
10-30-20,Greene,1960,53,1844,51,116,2,2145,48,20961,259,23106,307,1,55,9,347,43,1558,1,104,56
10-30-20,Grundy,622,10,578,10,44,0,694,11,3622,26,4316,37,1,13,3,64,6,545,1,42,14
10-30-20,Hamblen,2582,25,2332,21,250,4,2724,19,27472,129,30196,148,0,50,9,222,16,2310,0,136,58
10-30-20,Hamilton,12285,86,11703,76,582,10,13663,69,166535,584,180198,653,-1,111,11,896,76,11278,2,473,118
10-30-20,Hancock,127,3,115,1,12,2,129,1,2236,6,2365,7,0,3,3,10,0,114,0,11,3
10-30-20,Hardeman,1948,13,1813,13,135,0,2170,16,16990,192,19160,208,0,33,4,103,9,1812,1,80,33
10-30-20,Hardin,1446,9,1165,8,281,1,1495,8,15044,168,16539,176,1,23,-1,95,9,1328,0,37,24
10-30-20,Hawkins,1301,14,1240,13,61,1,1400,11,13443,76,14843,87,1,29,0,157,13,1115,0,81,31
10-30-20,Haywood,1339,11,1235,10,104,1,1424,12,8370,42,9794,54,0,28,4,96,7,1215,0,55,28
10-30-20,Henderson,1444,11,1155,9,289,2,1682,10,10547,59,12229,69,0,26,0,71,11,1347,0,52,28
10-30-20,Henry,858,12,824,11,34,1,998,15,11417,67,12415,82,0,12,3,91,9,755,0,43,13
10-30-20,Hickman,845,11,780,10,65,1,975,10,9048,38,10023,48,0,15,5,83,6,747,0,23,15
10-30-20,Houston,434,5,380,0,54,5,454,0,3693,4,4147,4,0,17,0,33,5,384,0,31,19
10-30-20,Humphreys,470,1,372,0,98,1,476,0,6704,19,7180,19,0,4,-4,49,5,417,0,18,6
10-30-20,Jackson,479,5,418,4,61,1,515,8,3096,24,3611,32,2,8,-3,40,6,431,0,19,6
10-30-20,Jefferson,1625,24,1407,17,218,7,1663,17,21477,158,23140,175,0,24,11,140,13,1461,0,84,26
10-30-20,Johnson,1213,7,1162,7,51,0,1245,8,8375,40,9620,48,1,8,-1,104,7,1101,1,34,11
10-30-20,Knox,13514,157,12881,148,633,9,14411,149,164868,837,179279,986,1,96,27,1075,129,12343,4,499,102
10-30-20,Lake,994,7,984,6,10,1,1205,5,6980,18,8185,23,0,4,3,19,4,971,1,9,4
10-30-20,Lauderdale,1514,6,1264,4,250,2,1482,4,13660,26,15142,30,0,17,-10,176,16,1321,0,65,18
10-30-20,Lawrence,1733,23,1678,17,55,6,1910,18,14480,87,16390,105,0,20,0,220,23,1493,0,74,25
10-30-20,Lewis,470,20,465,20,5,0,507,21,5948,71,6455,92,1,6,8,104,11,360,0,24,6
10-30-20,Lincoln,963,10,920,10,43,0,1094,9,9764,48,10858,57,1,4,-11,117,20,842,0,31,5
10-30-20,Loudon,1705,18,1645,17,60,1,1859,21,17115,100,18974,121,1,13,8,147,9,1545,0,54,13
10-30-20,Macon,1389,7,1309,7,80,0,1615,8,9101,37,10716,45,0,25,-5,85,12,1279,0,91,26
10-30-20,Madison,3930,24,2790,12,1140,12,3854,15,33906,277,37760,292,0,80,-3,253,27,3597,0,216,95
10-30-20,Marion,841,3,821,3,20,0,989,2,8512,32,9501,34,3,13,-10,100,10,728,1,60,15
10-30-20,Marshall,1210,15,1194,15,16,0,1376,16,12055,82,13431,98,1,12,3,141,11,1057,1,33,12
10-30-20,Maury,3640,162,3569,161,71,1,4049,187,35715,1306,39764,1493,0,39,125,523,37,3078,1,120,44
10-30-20,McMinn,1756,25,1716,24,40,1,1993,26,21669,121,23662,147,1,39,-4,201,28,1516,1,88,44
10-30-20,McNairy,1165,12,929,12,236,0,1284,16,9613,50,10897,66,1,30,1,50,10,1085,1,46,32
10-30-20,Meigs,341,0,335,0,6,0,388,0,3976,21,4364,21,0,6,-3,42,3,293,0,19,8
10-30-20,Monroe,1551,24,1495,23,56,1,1723,24,14148,90,15871,114,0,29,8,189,16,1333,0,91,37
10-30-20,Montgomery,4445,31,4061,12,384,19,4687,16,52189,223,56876,239,1,61,-21,267,51,4117,0,156,69
10-30-20,Moore,284,0,248,0,36,0,306,0,2959,9,3265,9,0,2,-3,33,3,249,0,6,2
10-30-20,Morgan,460,4,430,4,30,0,491,3,9496,21,9987,24,0,7,1,33,3,420,0,12,6
10-30-20,Obion,1881,14,1651,11,230,3,1897,17,12718,58,14615,75,4,27,-2,178,12,1676,1,64,33
10-30-20,Out of State,3143,34,2996,32,147,2,3461,34,348076,1418,351537,1452,0,36,-2,319,36,2788,0,105,23
10-30-20,Overton,1277,12,1071,11,206,1,1302,14,9010,47,10312,61,5,25,-8,101,15,1151,0,49,30
10-30-20,Pending,1836,35,1593,31,243,4,1885,32,217307,1226,219192,1258,1,7,-1,358,35,1471,1,36,6
10-30-20,Perry,347,7,320,7,27,0,361,10,4235,18,4596,28,3,8,0,131,4,208,0,19,10
10-30-20,Pickett,286,2,209,0,77,2,262,1,1597,6,1859,7,0,9,-1,18,3,259,0,15,10
10-30-20,Polk,542,5,516,5,26,0,607,5,4675,22,5282,27,0,13,2,46,3,483,0,25,13
10-30-20,Putnam,4635,39,4178,32,457,7,5268,38,38763,291,44031,329,0,59,-13,357,52,4219,1,144,67
10-30-20,Rhea,1182,16,1156,15,26,1,1376,16,13599,51,14975,67,2,21,0,103,14,1058,0,48,22
10-30-20,Roane,1458,18,1396,18,62,0,1628,21,23005,79,24633,100,0,8,-4,226,22,1224,2,52,10
10-30-20,Robertson,2703,6,2646,4,57,2,3198,4,22010,195,25208,199,0,43,-5,144,11,2516,0,193,44
10-30-20,Rutherford,12509,60,12268,58,241,2,14872,66,108769,540,123641,606,1,116,-46,997,105,11396,1,333,120
10-30-20,Scott,420,7,377,6,43,1,421,10,5760,44,6181,54,0,5,-2,72,9,343,0,23,5
10-30-20,Sequatchie,371,2,365,2,6,0,407,2,6403,65,6810,67,0,2,1,41,1,328,0,16,3
10-30-20,Sevier,3545,34,3413,32,132,2,3863,30,32076,164,35939,194,1,23,3,298,30,3224,1,129,27
10-30-20,Shelby,37714,243,37040,238,674,5,46262,265,460245,2682,506507,2947,1,571,2,2530,240,34613,3,2364,614
10-30-20,Smith,1052,5,1002,4,50,1,1301,6,7056,40,8357,46,0,14,-1,64,6,974,0,36,14
10-30-20,Stewart,355,4,326,2,29,2,387,3,3702,10,4089,13,2,13,-2,29,4,313,0,14,13
10-30-20,Sullivan,4142,57,3900,43,242,14,4299,43,40471,411,44770,454,2,52,-28,748,83,3342,2,293,60
10-30-20,Sumner,6441,33,6365,32,76,1,7534,34,59023,388,66557,422,4,117,-22,572,51,5752,0,463,120
10-30-20,Tipton,2503,23,2190,20,313,3,2773,20,26294,146,29067,166,0,23,4,250,19,2230,0,109,27
10-30-20,Trousdale,1794,2,1777,2,17,0,1879,1,5843,18,7722,19,0,9,-4,43,6,1742,1,30,10
10-30-20,Unicoi,503,19,438,10,65,9,503,9,7822,44,8325,53,0,5,17,135,2,363,2,31,7
10-30-20,Union,559,3,508,3,51,0,579,3,5964,17,6543,20,0,4,-4,46,7,509,0,22,4
10-30-20,Van Buren,218,4,200,4,18,0,236,4,2815,13,3051,17,0,2,3,13,1,203,0,8,2
10-30-20,Warren,1551,24,1429,24,122,0,1697,24,16942,99,18639,123,0,11,17,146,7,1394,1,27,12
10-30-20,Washington,3926,98,3778,92,148,6,4271,92,40698,405,44969,497,5,58,45,730,48,3138,8,169,72
10-30-20,Wayne,1624,4,1596,4,28,0,1756,4,7025,32,8781,36,0,7,-4,63,8,1554,0,24,8
10-30-20,Weakley,1627,20,1460,18,167,2,1707,20,13348,89,15055,109,0,26,11,132,9,1469,1,39,28
10-30-20,White,1265,15,1160,12,105,3,1536,12,13177,163,14713,175,1,15,-2,130,16,1120,3,70,15
10-30-20,Williamson,7503,70,7184,67,319,3,8424,67,88767,614,97191,681,1,57,18,669,51,6777,0,159,62
10-30-20,Wilson,4953,24,4834,23,119,1,5738,27,48168,154,53906,181,1,64,-18,396,41,4493,0,155,63
10-29-20,Anderson,1830,29,1742,21,88,8,2022,19,32133,214,34155,233,0,14,6,232,23,1584,2,64,17
10-29-20,Bedford,1797,19,1687,13,110,6,2064,13,16193,109,18257,122,0,20,2,189,17,1588,0,65,23
10-29-20,Benton,433,3,412,3,21,0,460,4,5539,99,5999,103,1,10,-1,29,3,394,0,19,11
10-29-20,Bledsoe,1042,3,1033,2,9,1,1087,3,9236,39,10323,42,0,4,0,113,3,925,0,21,4
10-29-20,Blount,3567,59,3451,55,116,4,4022,59,36767,240,40789,299,0,36,26,434,33,3097,1,150,42
10-29-20,Bradley,3735,28,3570,26,165,2,4298,29,30908,234,35206,263,0,23,5,277,23,3435,2,222,25
10-29-20,Campbell,1121,26,941,17,180,9,1074,14,14816,148,15890,162,0,13,-3,215,29,893,3,60,16
10-29-20,Cannon,446,6,419,6,27,0,511,8,4977,26,5488,34,0,2,5,45,1,399,0,15,2
10-29-20,Carroll,1160,11,972,10,188,1,1204,8,12976,113,14180,121,0,26,-2,64,13,1070,0,57,29
10-29-20,Carter,1719,52,1642,48,77,4,1841,53,20033,197,21874,250,2,36,35,265,15,1418,4,112,37
10-29-20,Cheatham,1108,18,1071,14,37,4,1278,17,13545,99,14823,116,0,12,3,120,15,976,0,37,12
10-29-20,Chester,741,1,614,1,127,0,819,1,6428,23,7247,24,0,15,-1,33,2,693,0,25,18
10-29-20,Claiborne,545,4,477,3,68,1,581,4,12498,78,13079,82,0,7,3,46,1,492,0,28,8
10-29-20,Clay,421,1,328,0,93,1,390,0,3504,12,3894,12,0,15,-2,41,3,365,0,15,17
10-29-20,Cocke,1151,15,1008,13,143,2,1137,14,10413,87,11550,101,0,14,0,212,15,925,0,58,20
10-29-20,Coffee,1996,34,1710,25,286,9,2179,32,24616,271,26795,303,0,26,6,234,28,1736,0,59,32
10-29-20,Crockett,918,14,692,7,226,7,841,6,4548,18,5389,24,0,22,1,97,13,799,1,24,24
10-29-20,Cumberland,1677,8,1621,7,56,1,2009,8,27925,63,29934,71,0,27,-6,153,14,1497,0,82,29
10-29-20,Davidson,32809,182,32503,174,306,8,40696,207,453361,2210,494057,2417,-1,345,-6,2176,189,30288,2,1257,361
10-29-20,Decatur,680,4,536,4,144,0,713,5,7062,24,7775,29,0,11,1,50,3,619,0,24,11
10-29-20,Dekalb,748,1,708,1,40,0,889,0,9945,121,10834,121,0,17,-8,84,9,647,0,31,21
10-29-20,Dickson,1779,29,1526,20,253,9,2030,21,17683,135,19713,156,0,19,7,212,22,1548,0,66,21
10-29-20,Dyer,2365,30,2010,22,355,8,2319,21,14558,74,16877,95,0,38,6,280,24,2047,1,83,39
10-29-20,Fayette,1774,21,1709,19,65,2,2166,20,19585,99,21751,119,0,25,3,184,18,1565,2,93,34
10-29-20,Fentress,948,1,840,1,108,0,1018,2,5853,100,6871,102,0,11,-10,69,11,868,0,41,15
10-29-20,Franklin,1354,19,1288,12,66,7,1619,16,18297,110,19916,126,0,23,7,126,12,1205,0,61,27
10-29-20,Gibson,2218,11,1676,5,542,6,2286,4,18117,52,20403,56,0,49,-6,140,17,2029,0,68,51
10-29-20,Giles,1013,17,988,17,25,0,1182,21,11830,175,13012,196,0,38,3,111,14,864,0,56,37
10-29-20,Grainger,654,22,572,3,82,19,683,2,7735,39,8418,41,0,4,14,115,8,535,1,34,5
10-29-20,Greene,1907,48,1793,42,114,6,2097,48,20702,280,22799,328,0,54,29,338,19,1515,2,103,55
10-29-20,Grundy,612,14,568,13,44,1,683,15,3596,43,4279,58,1,12,10,61,3,539,0,41,14
10-29-20,Hamblen,2557,15,2311,5,246,10,2705,6,27343,166,30048,172,0,50,-3,213,18,2294,0,136,58
10-29-20,Hamilton,12199,71,11627,62,572,9,13594,67,165951,840,179545,907,1,112,-20,885,90,11202,2,471,118
10-29-20,Hancock,124,0,114,0,10,0,128,0,2230,15,2358,15,0,3,-1,7,1,114,0,11,3
10-29-20,Hardeman,1935,8,1800,6,135,2,2154,5,16798,30,18952,35,0,33,-7,99,15,1803,1,79,33
10-29-20,Hardin,1437,10,1157,2,280,8,1487,2,14876,36,16363,38,0,22,-13,96,23,1319,0,37,24
10-29-20,Hawkins,1287,17,1227,11,60,6,1389,14,13367,178,14756,192,3,28,0,157,14,1102,0,81,31
10-29-20,Haywood,1328,5,1225,3,103,2,1412,6,8328,52,9740,58,0,28,-10,92,15,1208,0,55,28
10-29-20,Henderson,1433,4,1146,4,287,0,1672,4,10488,53,12160,57,0,26,-7,71,11,1336,0,52,28
10-29-20,Henry,846,22,813,16,33,6,983,18,11350,103,12333,121,0,12,10,88,12,746,0,43,12
10-29-20,Hickman,834,14,770,13,64,1,965,12,9010,67,9975,79,0,15,5,78,9,741,0,23,15
10-29-20,Houston,429,2,380,2,49,0,454,2,3689,18,4143,20,0,17,-5,33,7,379,0,31,19
10-29-20,Humphreys,469,6,372,6,97,0,476,5,6685,39,7161,44,0,4,1,53,5,412,0,18,6
10-29-20,Jackson,474,2,414,1,60,1,507,1,3072,25,3579,26,0,6,-3,43,5,425,0,19,6
10-29-20,Jefferson,1601,7,1390,6,211,1,1646,6,21319,200,22965,206,1,24,-4,129,10,1448,1,84,25
10-29-20,Johnson,1206,20,1155,17,51,3,1237,18,8335,115,9572,133,0,7,18,105,2,1094,0,33,11
10-29-20,Knox,13357,149,12733,135,624,14,14262,130,164031,1586,178293,1716,0,95,45,1048,104,12214,4,495,102
10-29-20,Lake,987,1,978,1,9,0,1200,0,6962,39,8162,39,0,4,-5,16,6,967,0,8,4
10-29-20,Lauderdale,1508,19,1260,11,248,8,1478,13,13634,151,15112,164,0,17,-3,186,22,1305,0,65,18
10-29-20,Lawrence,1710,14,1661,10,49,4,1892,13,14393,160,16285,173,0,20,-14,220,28,1470,1,74,25
10-29-20,Lewis,450,16,445,15,5,1,486,19,5877,129,6363,148,0,5,3,96,13,349,0,24,6
10-29-20,Lincoln,953,15,910,13,43,2,1085,16,9716,62,10801,78,0,3,-4,128,19,822,0,31,5
10-29-20,Loudon,1687,13,1628,13,59,0,1838,11,17015,149,18853,160,0,12,-2,139,15,1536,0,54,13
10-29-20,Macon,1382,4,1302,1,80,3,1607,2,9064,36,10671,38,0,25,-4,90,8,1267,0,91,26
10-29-20,Madison,3906,22,2778,14,1128,8,3839,13,33629,84,37468,97,0,80,7,256,15,3570,1,216,95
10-29-20,Marion,838,17,818,17,20,0,987,19,8480,98,9467,117,0,10,4,110,13,718,0,59,15
10-29-20,Marshall,1195,14,1179,14,16,0,1360,15,11973,78,13333,93,0,11,1,138,13,1046,0,32,12
10-29-20,Maury,3478,28,3408,28,70,0,3862,16,34409,269,38271,285,1,39,-14,398,41,3041,1,119,44
10-29-20,McMinn,1731,16,1692,15,39,1,1967,22,21548,120,23515,142,0,38,-8,205,24,1488,0,87,44
10-29-20,McNairy,1153,9,917,4,236,5,1268,4,9563,95,10831,99,0,29,-3,49,12,1075,0,45,32
10-29-20,Meigs,341,5,335,5,6,0,388,5,3955,24,4343,29,0,6,-2,45,7,290,0,19,8
10-29-20,Monroe,1527,13,1472,11,55,2,1699,13,14058,103,15757,116,0,29,-3,181,16,1317,0,91,35
10-29-20,Montgomery,4414,53,4049,39,365,14,4671,44,51966,426,56637,470,0,60,5,288,48,4066,0,156,67
10-29-20,Moore,284,6,248,5,36,1,306,6,2950,23,3256,29,0,2,4,36,2,246,0,6,2
10-29-20,Morgan,456,3,426,3,30,0,488,4,9475,52,9963,56,0,7,-7,32,10,417,0,12,6
10-29-20,Obion,1867,14,1640,11,227,3,1880,9,12660,91,14540,100,0,23,3,180,11,1664,0,63,33
10-29-20,Out of State,3109,38,2964,33,145,5,3427,35,346658,2072,350085,2107,1,36,-7,321,44,2752,0,105,23
10-29-20,Overton,1265,1,1060,1,205,0,1288,1,8963,58,10251,59,2,20,-20,109,19,1136,0,49,30
10-29-20,Pending,1801,25,1562,18,239,7,1853,22,216081,1262,217934,1284,1,6,-17,359,41,1436,1,35,6
10-29-20,Perry,340,4,313,4,27,0,351,1,4217,10,4568,11,0,5,-3,131,7,204,0,19,9
10-29-20,Pickett,284,1,209,1,75,0,261,1,1591,47,1852,48,0,9,-4,19,5,256,0,15,10
10-29-20,Polk,537,2,511,2,26,0,602,2,4653,27,5255,29,0,13,-6,44,8,480,0,25,13
10-29-20,Putnam,4596,25,4146,21,450,4,5230,21,38472,300,43702,321,2,59,-37,370,60,4167,0,143,67
10-29-20,Rhea,1166,15,1141,14,25,1,1360,15,13548,122,14908,137,0,19,1,103,14,1044,1,48,22
10-29-20,Roane,1440,29,1378,28,62,1,1607,27,22926,292,24533,319,0,8,10,230,19,1202,1,50,10
10-29-20,Robertson,2697,21,2642,21,55,0,3194,29,21815,172,25009,201,0,43,8,149,13,2505,1,193,43
10-29-20,Rutherford,12449,110,12210,104,239,6,14806,130,108229,1145,123035,1275,0,115,11,1043,99,11291,1,332,118
10-29-20,Scott,413,8,371,7,42,1,411,6,5716,33,6127,39,0,5,4,74,4,334,0,23,5
10-29-20,Sequatchie,369,7,363,7,6,0,405,7,6338,72,6743,79,0,2,4,40,3,327,0,16,3
10-29-20,Sevier,3511,19,3381,19,130,0,3833,20,31912,150,35745,170,0,22,-12,295,31,3194,1,128,27
10-29-20,Shelby,37471,291,36802,262,669,29,45997,343,457563,3637,503560,3980,0,570,54,2528,237,34373,10,2361,611
10-29-20,Smith,1047,5,998,5,49,0,1295,5,7016,23,8311,28,0,14,-4,65,9,968,0,36,14
10-29-20,Stewart,351,8,324,6,27,2,384,5,3692,39,4076,44,0,11,4,31,4,309,1,14,13
10-29-20,Sullivan,4085,110,3857,109,228,1,4256,103,40060,308,44316,411,1,50,25,776,84,3259,8,291,58
10-29-20,Sumner,6408,67,6333,64,75,3,7500,78,58635,418,66135,496,0,113,7,594,60,5701,3,463,120
10-29-20,Tipton,2480,22,2170,13,310,9,2753,17,26148,164,28901,181,0,23,-3,246,25,2211,2,109,26
10-29-20,Trousdale,1792,3,1775,3,17,0,1878,6,5825,25,7703,31,0,9,-1,47,4,1736,0,29,10
10-29-20,Unicoi,484,6,428,6,56,0,494,6,7778,23,8272,29,2,5,-7,118,11,361,0,29,6
10-29-20,Union,556,4,505,3,51,1,576,3,5947,20,6523,23,1,4,-5,50,8,502,0,22,4
10-29-20,Van Buren,214,0,196,0,18,0,232,0,2802,11,3034,11,0,2,-1,10,1,202,0,8,2
10-29-20,Warren,1527,8,1405,7,122,1,1673,7,16843,124,18516,131,0,11,-18,129,26,1387,1,26,12
10-29-20,Washington,3828,77,3686,65,142,12,4179,83,40293,386,44472,469,0,53,12,685,65,3090,3,161,68
10-29-20,Wayne,1620,1,1592,1,28,0,1752,1,6993,30,8745,31,0,7,-2,67,3,1546,0,24,8
10-29-20,Weakley,1607,8,1442,7,165,1,1687,7,13259,42,14946,49,0,26,0,121,8,1460,0,38,27
10-29-20,White,1250,5,1148,4,102,1,1524,4,13014,134,14538,138,0,14,-14,132,19,1104,0,67,15
10-29-20,Williamson,7433,55,7117,49,316,6,8357,55,88153,479,96510,534,0,56,-19,651,74,6726,0,159,62
10-29-20,Wilson,4929,35,4811,33,118,2,5711,42,48014,299,53725,341,3,63,-22,414,54,4452,0,155,62
10-28-20,Anderson,1801,58,1721,56,80,2,2003,62,31919,417,33922,479,0,14,34,226,24,1561,0,62,17
10-28-20,Bedford,1778,26,1674,22,104,4,2051,27,16084,114,18135,141,0,20,13,187,13,1571,1,65,23
10-28-20,Benton,430,6,409,5,21,1,456,5,5440,13,5896,18,0,9,4,30,2,391,0,19,11
10-28-20,Bledsoe,1039,4,1031,4,8,0,1084,4,9197,40,10281,44,0,4,-3,113,7,922,0,21,4
10-28-20,Blount,3508,50,3396,49,112,1,3963,56,36527,373,40490,429,0,36,17,408,33,3064,0,149,42
10-28-20,Bradley,3707,34,3544,29,163,5,4269,32,30674,118,34943,150,0,23,2,272,32,3412,0,220,25
10-28-20,Campbell,1095,23,924,7,171,16,1060,8,14668,149,15728,157,1,13,-3,218,25,864,0,57,16
10-28-20,Cannon,440,4,413,3,27,1,503,4,4951,22,5454,26,0,2,-6,40,10,398,0,15,2
10-28-20,Carroll,1149,5,962,4,187,1,1196,4,12863,28,14059,32,0,26,-1,66,6,1057,0,57,29
10-28-20,Carter,1667,40,1594,40,73,0,1788,45,19836,136,21624,181,0,34,29,230,11,1403,2,108,37
10-28-20,Cheatham,1090,13,1057,13,33,0,1261,14,13446,90,14707,104,0,12,5,117,8,961,1,37,12
10-28-20,Chester,740,4,613,4,127,0,818,4,6405,14,7223,18,0,15,2,34,2,691,0,25,18
10-28-20,Claiborne,541,4,474,2,67,2,577,2,12420,71,12997,73,1,7,-1,43,4,491,0,28,8
10-28-20,Clay,420,7,328,7,92,0,390,8,3492,38,3882,46,0,15,0,43,7,362,1,15,17
10-28-20,Cocke,1136,26,995,25,141,1,1123,26,10326,142,11449,168,0,14,8,212,18,910,0,58,20
10-28-20,Coffee,1962,22,1685,13,277,9,2147,11,24345,123,26492,134,0,26,-2,228,24,1708,0,59,30
10-28-20,Crockett,904,14,685,11,219,3,835,9,4530,27,5365,36,2,22,-9,96,21,786,0,23,23
10-28-20,Cumberland,1669,15,1614,15,55,0,2001,20,27862,333,29863,353,0,27,3,159,12,1483,0,82,29
10-28-20,Davidson,32627,233,32329,222,298,11,40489,267,451151,2862,491640,3129,5,346,-30,2182,258,30099,8,1255,360
10-28-20,Decatur,676,8,532,6,144,2,708,7,7038,24,7746,31,0,11,1,49,7,616,0,24,11
10-28-20,Dekalb,747,26,707,26,40,0,889,29,9824,96,10713,125,0,17,21,92,5,638,0,31,21
10-28-20,Dickson,1750,22,1506,14,244,8,2009,17,17548,121,19557,138,0,19,12,205,10,1526,0,66,20
10-28-20,Dyer,2335,22,1988,15,347,7,2298,15,14484,45,16782,60,3,38,-25,274,44,2023,0,82,39
10-28-20,Fayette,1753,23,1690,22,63,1,2146,28,19486,131,21632,159,0,25,2,181,21,1547,0,91,34
10-28-20,Fentress,947,17,839,15,108,2,1016,15,5753,57,6769,72,0,11,5,79,12,857,0,41,13
10-28-20,Franklin,1335,13,1276,13,59,0,1603,12,18187,101,19790,113,1,23,-5,119,17,1193,0,61,25
10-28-20,Gibson,2207,14,1671,4,536,10,2282,4,18065,49,20347,53,0,49,-1,146,15,2012,1,68,51
10-28-20,Giles,996,13,971,13,25,0,1161,15,11655,57,12816,72,2,38,-6,108,17,850,0,56,37
10-28-20,Grainger,632,10,569,10,63,0,681,12,7696,76,8377,88,0,4,-1,101,11,527,1,33,5
10-28-20,Greene,1859,30,1751,27,108,3,2049,23,20422,121,22471,144,0,54,15,309,15,1496,1,101,55
10-28-20,Grundy,598,0,555,0,43,0,668,0,3553,7,4221,7,0,11,-12,51,12,536,0,41,14
10-28-20,Hamblen,2542,37,2306,34,236,3,2699,35,27177,322,29876,357,2,50,19,216,16,2276,0,136,57
10-28-20,Hamilton,12128,117,11565,107,563,10,13527,119,165111,1229,178638,1348,1,111,27,905,89,11112,4,469,118
10-28-20,Hancock,124,2,114,2,10,0,128,2,2215,7,2343,9,0,3,0,8,2,113,0,11,3
10-28-20,Hardeman,1927,10,1794,10,133,0,2149,13,16768,33,18917,46,0,33,-4,106,14,1788,0,78,33
10-28-20,Hardin,1427,10,1155,8,272,2,1485,9,14840,96,16325,105,0,22,-6,109,16,1296,0,37,24
10-28-20,Hawkins,1270,23,1216,23,54,0,1375,24,13189,120,14564,144,0,25,7,157,16,1088,0,81,31
10-28-20,Haywood,1323,8,1222,7,101,1,1406,10,8276,61,9682,71,0,28,2,102,6,1193,1,55,28
10-28-20,Henderson,1429,7,1142,4,287,3,1668,5,10435,37,12103,42,0,26,0,78,7,1325,0,52,28
10-28-20,Henry,824,14,797,13,27,1,965,14,11247,33,12212,47,0,12,6,78,8,734,0,43,12
10-28-20,Hickman,820,11,757,8,63,3,953,9,8943,59,9896,68,0,15,2,73,9,732,0,23,15
10-28-20,Houston,427,3,378,2,49,1,452,2,3671,20,4123,22,0,17,1,38,2,372,0,31,19
10-28-20,Humphreys,463,7,366,6,97,1,471,7,6646,19,7117,26,0,4,0,52,7,407,0,18,5
10-28-20,Jackson,472,9,413,9,59,0,506,9,3047,22,3553,31,0,6,4,46,5,420,0,19,6
10-28-20,Jefferson,1594,19,1384,18,210,1,1640,18,21119,192,22759,210,1,23,4,133,14,1438,0,83,25
10-28-20,Johnson,1186,7,1138,4,48,3,1219,3,8220,36,9439,39,0,7,-11,87,18,1092,0,33,9
10-28-20,Knox,13208,101,12598,94,610,7,14132,99,162445,1009,176577,1108,3,95,-50,1003,148,12110,8,491,101
10-28-20,Lake,986,4,977,4,9,0,1200,4,6923,11,8123,15,1,4,2,21,1,961,0,8,4
10-28-20,Lauderdale,1489,28,1249,22,240,6,1465,22,13483,66,14948,88,0,17,8,189,20,1283,0,65,17
10-28-20,Lawrence,1696,28,1651,26,45,2,1879,31,14233,158,16112,189,0,20,1,234,27,1442,0,73,25
10-28-20,Lewis,434,10,430,10,4,0,467,8,5748,14,6215,22,0,5,4,93,6,336,1,24,6
10-28-20,Lincoln,938,10,897,9,41,1,1069,10,9654,76,10723,86,0,3,-1,132,11,803,0,31,5
10-28-20,Loudon,1674,22,1615,22,59,0,1827,27,16866,203,18693,230,1,12,14,141,7,1521,1,54,13
10-28-20,Macon,1378,18,1301,16,77,2,1605,18,9028,85,10633,103,0,25,13,94,5,1259,1,91,26
10-28-20,Madison,3884,21,2764,9,1120,12,3826,6,33545,50,37371,56,0,80,-19,249,40,3555,0,215,93
10-28-20,Marion,821,11,801,9,20,2,968,11,8382,84,9350,95,0,10,-2,106,13,705,3,59,15
10-28-20,Marshall,1181,19,1165,19,16,0,1345,19,11895,100,13240,119,0,11,7,137,12,1033,1,32,12
10-28-20,Maury,3450,36,3380,35,70,1,3846,47,34140,175,37986,222,0,38,-17,412,53,3000,2,118,43
10-28-20,McMinn,1715,24,1677,22,38,2,1945,24,21428,222,23373,246,1,38,-1,213,24,1464,0,87,42
10-28-20,McNairy,1144,3,913,3,231,0,1264,6,9468,40,10732,46,1,29,-10,52,12,1063,0,45,32
10-28-20,Meigs,336,5,330,4,6,1,383,4,3931,21,4314,25,0,6,-3,47,8,283,0,19,8
10-28-20,Monroe,1514,16,1461,15,53,1,1686,16,13955,163,15641,179,0,29,-13,184,29,1301,0,91,35
10-28-20,Montgomery,4361,56,4010,43,351,13,4627,51,51540,360,56167,411,2,60,-9,283,63,4018,0,156,67
10-28-20,Moore,278,3,243,3,35,0,300,3,2927,7,3227,10,0,2,2,32,1,244,0,6,2
10-28-20,Morgan,453,4,423,4,30,0,484,6,9423,58,9907,64,0,7,-2,39,6,407,0,12,6
10-28-20,Obion,1853,19,1629,10,224,9,1871,11,12569,47,14440,58,0,23,-4,177,23,1653,0,63,32
10-28-20,Out of State,3071,29,2931,29,140,0,3392,26,344586,1688,347978,1714,1,35,-22,328,50,2708,1,105,23
10-28-20,Overton,1264,26,1059,23,205,3,1287,26,8905,66,10192,92,0,18,10,129,16,1117,0,49,28
10-28-20,Pending,1776,33,1544,24,232,9,1831,26,214819,1073,216650,1099,-1,5,-17,376,51,1395,2,34,6
10-28-20,Perry,336,9,309,7,27,2,350,8,4207,57,4557,65,0,5,-3,134,12,197,0,19,8
10-28-20,Pickett,283,5,208,4,75,1,260,5,1544,5,1804,10,0,9,-2,23,7,251,0,15,10
10-28-20,Polk,535,6,509,5,26,1,600,5,4626,25,5226,30,0,13,2,50,4,472,0,25,13
10-28-20,Putnam,4571,48,4125,40,446,8,5209,50,38172,342,43381,392,0,57,-5,407,53,4107,0,143,65
10-28-20,Rhea,1151,11,1127,3,24,8,1345,3,13426,40,14771,43,1,19,-6,102,16,1030,2,47,22
10-28-20,Roane,1411,45,1350,44,61,1,1580,48,22634,237,24214,285,1,8,26,220,18,1183,2,49,10
10-28-20,Robertson,2676,24,2621,22,55,2,3165,22,21643,118,24808,140,-1,43,-4,141,29,2492,1,192,43
10-28-20,Rutherford,12339,139,12106,130,233,9,14676,140,107084,715,121760,855,0,115,36,1032,103,11192,1,331,117
10-28-20,Scott,405,11,364,10,41,1,405,11,5683,65,6088,76,0,5,8,70,3,330,0,23,5
10-28-20,Sequatchie,362,3,356,2,6,1,398,3,6266,14,6664,17,0,2,-1,36,4,324,0,16,3
10-28-20,Sevier,3492,53,3362,51,130,2,3813,55,31762,387,35575,442,-1,22,10,307,44,3163,2,127,25
10-28-20,Shelby,37180,120,36540,114,640,6,45654,127,453926,1342,499580,1469,2,570,-117,2474,235,34136,4,2351,608
10-28-20,Smith,1042,21,993,19,49,2,1290,22,6993,74,8283,96,0,14,13,69,8,959,0,36,13
10-28-20,Stewart,343,10,318,10,25,0,379,11,3653,13,4032,24,0,11,8,27,2,305,0,13,13
10-28-20,Sullivan,3975,54,3748,46,227,8,4153,47,39752,238,43905,285,1,49,-6,751,59,3175,5,283,55
10-28-20,Sumner,6341,68,6269,66,72,2,7422,78,58217,565,65639,643,1,113,7,587,60,5641,2,460,120
10-28-20,Tipton,2458,35,2157,30,301,5,2736,33,25984,174,28720,207,0,23,19,249,16,2186,0,107,26
10-28-20,Trousdale,1789,9,1772,9,17,0,1872,10,5800,31,7672,41,1,9,2,48,6,1732,0,29,10
10-28-20,Unicoi,478,24,422,23,56,1,488,22,7755,75,8243,97,0,3,17,125,7,350,0,29,6
10-28-20,Union,552,2,502,2,50,0,573,2,5927,36,6500,38,0,3,-5,55,7,494,0,22,4
10-28-20,Van Buren,214,3,196,3,18,0,232,3,2791,24,3023,27,0,2,-1,11,4,201,0,8,2
10-28-20,Warren,1519,35,1398,32,121,3,1666,36,16719,128,18385,164,1,11,15,147,19,1361,1,25,12
10-28-20,Washington,3751,113,3621,105,130,8,4096,96,39907,296,44003,392,0,53,64,673,49,3025,2,158,67
10-28-20,Wayne,1619,9,1591,8,28,1,1751,9,6963,34,8714,43,0,7,7,69,2,1543,0,24,8
10-28-20,Weakley,1599,16,1435,11,164,5,1680,11,13217,79,14897,90,0,26,4,121,12,1452,0,38,27
10-28-20,White,1245,23,1144,19,101,4,1520,26,12880,70,14400,96,0,14,6,146,17,1085,0,67,15
10-28-20,Williamson,7378,103,7068,91,310,12,8302,99,87674,788,95976,887,0,56,5,670,98,6652,1,159,62
10-28-20,Wilson,4894,83,4778,79,116,4,5669,87,47715,445,53384,532,0,60,29,436,54,4398,3,155,61
10-27-20,Anderson,1743,29,1665,24,78,5,1941,25,31502,155,33443,180,1,14,10,192,18,1537,2,62,17
10-27-20,Bedford,1752,11,1652,7,100,4,2024,8,15970,44,17994,52,0,20,0,174,11,1558,2,64,22
10-27-20,Benton,424,1,404,1,20,0,451,3,5427,5,5878,8,0,9,0,26,1,389,0,19,10
10-27-20,Bledsoe,1035,3,1027,3,8,0,1080,1,9157,30,10237,31,0,4,1,116,2,915,0,21,4
10-27-20,Blount,3458,51,3347,46,111,5,3907,52,36154,206,40061,258,0,36,29,391,22,3031,2,149,41
10-27-20,Bradley,3673,19,3515,15,158,4,4237,17,30556,127,34793,144,0,23,-5,270,24,3380,2,220,24
10-27-20,Campbell,1072,31,917,14,155,17,1052,17,14519,49,15571,66,0,12,6,221,25,839,1,57,16
10-27-20,Cannon,436,3,410,3,26,0,499,3,4929,34,5428,37,0,2,-4,46,7,388,0,15,2
10-27-20,Carroll,1144,4,958,2,186,2,1192,2,12835,28,14027,30,0,26,0,67,4,1051,1,57,29
10-27-20,Carter,1627,24,1554,21,73,3,1743,21,19700,77,21443,98,0,34,10,201,14,1392,2,106,37
10-27-20,Cheatham,1077,14,1044,11,33,3,1247,12,13356,58,14603,70,1,12,7,112,6,953,1,36,12
10-27-20,Chester,736,1,609,1,127,0,814,2,6391,14,7205,16,1,15,-5,32,5,689,0,25,18
10-27-20,Claiborne,537,5,472,5,65,0,575,6,12349,40,12924,46,0,6,3,44,2,487,0,28,8
10-27-20,Clay,413,3,321,0,92,3,382,0,3454,5,3836,5,0,15,-5,43,8,355,0,14,17
10-27-20,Cocke,1110,22,970,13,140,9,1097,21,10184,110,11281,131,0,14,10,204,12,892,3,58,20
10-27-20,Coffee,1940,22,1672,9,268,13,2136,8,24222,125,26358,133,1,26,-7,230,28,1684,0,59,30
10-27-20,Crockett,890,16,674,2,216,14,826,0,4503,12,5329,12,0,20,-1,105,17,765,0,23,23
10-27-20,Cumberland,1654,27,1599,25,55,2,1981,26,27529,161,29510,187,0,27,12,156,15,1471,2,82,29
10-27-20,Davidson,32394,297,32107,289,287,8,40222,341,448289,5453,488511,5794,-2,341,55,2212,244,29841,11,1247,356
10-27-20,Decatur,668,6,526,2,142,4,701,1,7014,4,7715,5,0,11,2,48,4,609,0,24,11
10-27-20,Dekalb,721,8,681,7,40,1,860,11,9728,22,10588,33,0,17,1,71,7,633,0,31,20
10-27-20,Dickson,1728,20,1492,18,236,2,1992,19,17427,100,19419,119,0,19,3,193,17,1516,0,66,20
10-27-20,Dyer,2313,25,1973,12,340,13,2283,13,14439,35,16722,48,3,35,-42,299,64,1979,0,82,39
10-27-20,Fayette,1730,12,1668,11,62,1,2118,13,19355,98,21473,111,0,25,-6,179,18,1526,0,91,33
10-27-20,Fentress,930,4,824,2,106,2,1001,1,5696,13,6697,14,0,11,-4,74,8,845,0,41,13
10-27-20,Franklin,1322,10,1263,6,59,4,1591,8,18086,64,19677,72,2,22,-3,124,11,1176,0,61,25
10-27-20,Gibson,2193,14,1667,2,526,12,2278,2,18016,35,20294,37,5,49,-5,147,14,1997,0,67,51
10-27-20,Giles,983,5,958,5,25,0,1146,6,11598,104,12744,110,0,36,-8,114,13,833,1,56,37
10-27-20,Grainger,622,5,559,3,63,2,669,3,7620,22,8289,25,0,4,0,102,5,516,1,32,4
10-27-20,Greene,1829,11,1724,8,105,3,2026,9,20301,88,22327,97,2,54,-14,294,23,1481,1,100,54
10-27-20,Grundy,598,3,555,3,43,0,668,3,3546,15,4214,18,0,11,-4,63,7,524,0,41,14
10-27-20,Hamblen,2505,11,2272,7,233,4,2664,11,26855,50,29519,61,0,48,-9,197,20,2260,0,136,57
10-27-20,Hamilton,12011,120,11458,104,553,16,13408,111,163882,930,177290,1041,1,110,18,878,101,11023,5,465,117
10-27-20,Hancock,122,0,112,0,10,0,126,0,2208,2,2334,2,0,3,0,8,0,111,0,11,3
10-27-20,Hardeman,1917,8,1784,2,133,6,2136,2,16735,24,18871,26,0,33,-7,110,15,1774,0,78,33
10-27-20,Hardin,1417,7,1147,2,270,5,1476,2,14744,12,16220,14,2,22,-15,115,20,1280,1,37,24
10-27-20,Hawkins,1247,8,1193,7,54,1,1351,9,13069,90,14420,99,0,25,-7,150,15,1072,1,81,31
10-27-20,Haywood,1315,5,1215,0,100,5,1396,0,8215,6,9611,6,0,28,-3,100,8,1187,0,54,28
10-27-20,Henderson,1422,6,1138,3,284,3,1663,3,10398,13,12061,16,0,26,1,78,5,1318,0,52,27
10-27-20,Henry,810,6,784,3,26,3,951,4,11214,11,12165,15,1,12,-3,72,8,726,0,43,12
10-27-20,Hickman,809,8,749,6,60,2,944,6,8884,31,9828,37,0,15,0,71,8,723,0,23,15
10-27-20,Houston,424,1,376,0,48,1,450,3,3651,14,4101,17,0,17,-3,37,4,370,0,31,18
10-27-20,Humphreys,456,1,360,1,96,0,464,3,6627,21,7091,24,0,4,-4,52,5,400,0,18,5
10-27-20,Jackson,463,6,404,6,59,0,497,6,3025,12,3522,18,1,6,1,42,4,415,0,19,6
10-27-20,Jefferson,1575,12,1366,8,209,4,1622,10,20927,118,22549,128,1,22,-4,129,15,1424,2,83,25
10-27-20,Johnson,1179,9,1134,2,45,7,1216,2,8184,5,9400,7,0,7,-3,98,12,1074,0,33,9
10-27-20,Knox,13107,119,12504,112,603,7,14033,131,161436,812,175469,943,1,92,-6,1053,124,11962,3,483,100
10-27-20,Lake,982,1,973,1,9,0,1196,1,6912,9,8108,10,0,3,-2,19,3,960,0,8,4
10-27-20,Lauderdale,1461,8,1227,1,234,7,1443,1,13417,62,14860,63,0,17,-10,181,18,1263,0,65,17
10-27-20,Lawrence,1668,12,1625,9,43,3,1848,10,14075,36,15923,46,0,20,-11,233,23,1415,0,73,25
10-27-20,Lewis,424,2,420,2,4,0,459,0,5734,9,6193,9,0,5,-13,89,15,330,0,23,6
10-27-20,Lincoln,928,6,888,3,40,3,1059,4,9578,22,10637,26,0,3,-7,133,13,792,1,31,4
10-27-20,Loudon,1652,16,1593,15,59,1,1800,13,16663,67,18463,80,0,11,5,127,11,1514,1,53,13
10-27-20,Macon,1360,5,1285,3,75,2,1587,3,8943,14,10530,17,0,25,-3,81,8,1254,0,90,26
10-27-20,Madison,3863,39,2755,12,1108,27,3820,12,33495,99,37315,111,1,80,22,268,16,3515,1,215,92
10-27-20,Marion,810,8,792,8,18,0,957,10,8298,37,9255,47,1,10,-4,108,11,692,1,56,14
10-27-20,Marshall,1162,6,1146,6,16,0,1326,7,11795,174,13121,181,1,11,-8,130,13,1021,1,31,12
10-27-20,Maury,3414,27,3345,27,69,0,3799,21,33965,165,37764,186,0,38,-22,429,49,2947,2,116,42
10-27-20,McMinn,1691,20,1655,16,36,4,1921,15,21206,42,23127,57,0,37,-5,214,25,1440,1,87,42
10-27-20,McNairy,1141,9,910,3,231,6,1258,3,9428,27,10686,30,1,28,1,62,7,1051,0,45,32
10-27-20,Meigs,331,1,326,1,5,0,379,1,3910,18,4289,19,0,6,-6,50,7,275,0,19,8
10-27-20,Monroe,1498,24,1446,23,52,1,1670,24,13792,113,15462,137,1,29,-13,197,36,1272,1,91,33
10-27-20,Montgomery,4305,45,3967,27,338,18,4576,27,51180,234,55756,261,1,58,0,292,44,3955,2,156,66
10-27-20,Moore,275,3,240,2,35,1,297,1,2920,5,3217,6,0,2,1,30,2,243,0,6,2
10-27-20,Morgan,449,3,419,2,30,1,478,3,9365,33,9843,36,0,7,-1,41,4,401,0,12,6
10-27-20,Obion,1834,28,1619,15,215,13,1860,13,12522,66,14382,79,1,23,-7,181,34,1630,1,63,32
10-27-20,Out of State,3042,47,2902,41,140,6,3366,48,342898,1998,346264,2046,-2,34,10,350,39,2658,0,104,22
10-27-20,Overton,1238,9,1036,7,202,2,1261,10,8839,21,10100,31,1,18,-9,119,17,1101,0,49,27
10-27-20,Pending,1743,55,1520,41,223,14,1805,48,213746,1031,215551,1079,1,6,17,393,37,1344,1,32,6
10-27-20,Perry,327,2,302,2,25,0,342,0,4150,3,4492,3,3,5,-3,137,2,185,0,19,6
10-27-20,Pickett,278,2,204,0,74,2,255,0,1539,2,1794,2,1,9,-3,25,4,244,0,15,10
10-27-20,Polk,529,4,504,3,25,1,595,4,4601,13,5196,17,0,13,1,48,3,468,0,25,13
10-27-20,Putnam,4523,42,4085,36,438,6,5159,42,37830,242,42989,284,0,57,-10,412,52,4054,0,143,64
10-27-20,Rhea,1140,8,1124,6,16,2,1342,8,13386,31,14728,39,0,18,-3,108,11,1014,1,45,22
10-27-20,Roane,1366,23,1306,23,60,0,1532,25,22397,102,23929,127,0,7,8,194,15,1165,0,47,10
10-27-20,Robertson,2652,20,2599,19,53,1,3143,19,21525,113,24668,132,2,44,2,145,16,2463,1,191,43
10-27-20,Rutherford,12200,145,11976,138,224,7,14536,163,106369,742,120905,905,0,115,39,996,106,11089,4,330,117
10-27-20,Scott,394,2,354,1,40,1,394,1,5618,35,6012,36,0,5,-6,62,8,327,0,23,5
10-27-20,Sequatchie,359,3,354,3,5,0,395,3,6252,14,6647,17,0,2,-3,37,6,320,0,16,3
10-27-20,Sevier,3439,52,3311,47,128,5,3758,51,31375,144,35133,195,0,23,14,297,38,3119,1,125,24
10-27-20,Shelby,37060,260,36426,245,634,15,45527,288,452584,3004,498111,3292,3,568,-4,2591,261,33901,8,2347,605
10-27-20,Smith,1021,4,974,2,47,2,1268,4,6919,13,8187,17,1,14,-3,56,6,951,1,36,13
10-27-20,Stewart,333,2,308,1,25,1,368,2,3640,16,4008,18,0,11,0,19,2,303,0,13,13
10-27-20,Sullivan,3921,93,3702,89,219,4,4106,93,39514,404,43620,497,2,48,20,757,71,3116,12,278,55
10-27-20,Sumner,6273,67,6203,66,70,1,7344,75,57652,298,64996,373,0,112,6,580,61,5581,6,458,120
10-27-20,Tipton,2423,30,2127,15,296,15,2703,12,25810,115,28513,127,0,23,8,230,22,2170,0,107,25
10-27-20,Trousdale,1780,2,1763,2,17,0,1862,2,5769,13,7631,15,0,8,-2,46,4,1726,0,29,10
10-27-20,Unicoi,454,19,399,5,55,14,466,4,7680,25,8146,29,0,3,13,108,6,343,1,29,6
10-27-20,Union,550,4,500,2,50,2,571,2,5891,17,6462,19,0,3,-5,60,9,487,0,22,3
10-27-20,Van Buren,211,0,193,0,18,0,229,0,2767,5,2996,5,1,2,-5,12,4,197,0,8,2
10-27-20,Warren,1484,12,1366,10,118,2,1630,11,16591,96,18221,107,0,10,-20,132,32,1342,0,24,12
10-27-20,Washington,3638,55,3516,50,122,5,4000,55,39611,245,43611,300,2,53,0,609,53,2976,1,156,64
10-27-20,Wayne,1610,1,1583,1,27,0,1742,1,6929,22,8671,23,0,7,0,62,1,1541,0,24,8
10-27-20,Weakley,1583,9,1424,5,159,4,1669,4,13138,46,14807,50,0,26,-12,117,21,1440,0,38,27
10-27-20,White,1222,26,1125,24,97,2,1494,28,12810,81,14304,109,0,14,16,140,10,1068,5,67,15
10-27-20,Williamson,7275,82,6977,78,298,4,8203,87,86886,506,95089,593,0,56,-3,665,85,6554,1,158,62
10-27-20,Wilson,4811,70,4699,68,112,2,5582,74,47270,437,52852,511,1,60,13,407,56,4344,2,152,60
10-26-20,Anderson,1714,16,1641,15,73,1,1916,17,31347,136,33263,153,-1,13,-11,182,28,1519,1,60,17
10-26-20,Bedford,1741,11,1645,10,96,1,2016,12,15926,32,17942,44,0,20,-10,174,21,1547,0,62,22
10-26-20,Benton,423,5,403,4,20,1,448,5,5422,7,5870,12,0,9,-1,26,6,388,0,19,9
10-26-20,Bledsoe,1032,0,1024,0,8,0,1079,0,9127,27,10206,27,0,4,-7,115,7,913,0,21,4
10-26-20,Blount,3407,15,3301,11,106,4,3855,16,35948,239,39803,255,0,36,-22,362,37,3009,0,147,40
10-26-20,Bradley,3654,17,3500,12,154,5,4220,13,30429,36,34649,49,0,23,-23,275,40,3356,0,218,24
10-26-20,Campbell,1041,5,903,4,138,1,1035,6,14470,22,15505,28,0,12,-27,215,32,814,0,56,15
10-26-20,Cannon,433,6,407,3,26,3,496,4,4895,9,5391,13,0,2,1,50,5,381,0,15,2
10-26-20,Carroll,1140,2,956,2,184,0,1190,3,12807,22,13997,25,0,26,-7,67,9,1047,0,56,29
10-26-20,Carter,1603,11,1533,9,70,2,1722,8,19623,47,21345,55,1,34,-13,191,23,1378,0,104,36
10-26-20,Cheatham,1063,2,1033,2,30,0,1235,5,13298,46,14533,51,0,11,-15,105,17,947,0,35,12
10-26-20,Chester,735,2,608,2,127,0,812,2,6377,8,7189,10,0,14,0,37,2,684,0,25,18
10-26-20,Claiborne,532,4,467,0,65,4,569,0,12309,15,12878,15,0,6,1,41,3,485,0,28,7
10-26-20,Clay,410,3,321,3,89,0,382,3,3449,15,3831,18,2,15,-17,48,18,347,1,14,17
10-26-20,Cocke,1088,11,957,10,131,1,1076,10,10074,67,11150,77,0,14,-2,194,13,880,0,55,18
10-26-20,Coffee,1918,17,1663,9,255,8,2128,11,24097,25,26225,36,0,25,-18,237,35,1656,0,59,30
10-26-20,Crockett,874,5,672,2,202,3,826,2,4491,10,5317,12,0,20,-19,106,24,748,0,23,23
10-26-20,Cumberland,1627,11,1574,11,53,0,1955,15,27368,123,29323,138,2,27,-2,144,11,1456,0,80,28
10-26-20,Davidson,32097,133,31818,130,279,3,39881,139,442836,1508,482717,1647,6,343,-90,2157,217,29597,1,1236,355
10-26-20,Decatur,662,2,524,2,138,0,700,2,7010,9,7710,11,0,11,-6,46,8,605,0,24,11
10-26-20,Dekalb,713,16,674,16,39,0,849,19,9706,43,10555,62,0,17,6,70,10,626,0,31,19
10-26-20,Dickson,1708,18,1474,10,234,8,1973,11,17327,63,19300,74,0,19,-4,190,22,1499,0,66,20
10-26-20,Dyer,2288,34,1961,30,327,4,2270,29,14404,89,16674,118,0,32,-7,341,41,1915,1,82,39
10-26-20,Fayette,1718,19,1657,19,61,0,2105,24,19257,114,21362,138,0,25,-17,185,36,1508,0,91,33
10-26-20,Fentress,926,6,822,6,104,0,1000,7,5683,30,6683,37,0,11,-17,78,23,837,0,41,13
10-26-20,Franklin,1312,1,1257,1,55,0,1583,4,18022,15,19605,19,1,20,-15,127,15,1165,0,61,24
10-26-20,Gibson,2179,14,1665,9,514,5,2276,9,17981,41,20257,50,0,44,-4,152,18,1983,0,67,50
10-26-20,Giles,978,6,953,4,25,2,1140,6,11494,25,12634,31,0,36,-16,122,22,820,0,55,37
10-26-20,Grainger,617,5,556,5,61,0,666,5,7598,37,8264,42,0,4,-6,102,11,511,1,31,4
10-26-20,Greene,1818,15,1716,13,102,2,2017,14,20213,65,22230,79,0,52,-14,308,29,1458,1,99,54
10-26-20,Grundy,595,6,552,6,43,0,665,6,3531,16,4196,22,0,11,-8,67,14,517,0,41,14
10-26-20,Hamblen,2494,19,2265,18,229,1,2653,20,26805,123,29458,143,0,48,-2,206,21,2240,0,136,57
10-26-20,Hamilton,11891,72,11354,62,537,10,13297,66,162952,498,176249,564,0,109,-23,860,95,10922,2,460,114
10-26-20,Hancock,122,0,112,0,10,0,126,0,2206,1,2332,1,0,3,0,8,0,111,0,11,3
10-26-20,Hardeman,1909,7,1782,4,127,3,2134,6,16711,73,18845,79,0,33,-12,117,19,1759,0,78,33
10-26-20,Hardin,1410,11,1145,8,265,3,1474,10,14732,26,16206,36,0,20,-12,130,23,1260,1,36,24
10-26-20,Hawkins,1239,10,1186,9,53,1,1342,8,12979,36,14321,44,0,25,-13,157,23,1057,1,80,31
10-26-20,Haywood,1310,12,1215,10,95,2,1396,9,8209,37,9605,46,1,28,3,103,8,1179,1,54,28
10-26-20,Henderson,1416,4,1135,3,281,1,1660,4,10385,26,12045,30,0,26,-2,77,6,1313,0,52,27
10-26-20,Henry,804,7,781,7,23,0,947,10,11203,38,12150,48,0,11,-10,75,17,718,1,43,12
10-26-20,Hickman,801,3,743,3,58,0,938,5,8853,11,9791,16,0,15,-4,71,7,715,0,23,15
10-26-20,Houston,423,4,376,2,47,2,447,1,3637,2,4084,3,0,17,-2,40,6,366,1,31,18
10-26-20,Humphreys,455,6,359,5,96,1,461,7,6606,19,7067,26,0,4,-4,56,10,395,1,18,5
10-26-20,Jackson,457,4,398,4,59,0,491,4,3013,22,3504,26,0,5,-1,41,5,411,0,19,6
10-26-20,Jefferson,1563,10,1358,10,205,0,1612,11,20809,95,22421,106,0,21,-13,133,23,1409,0,81,25
10-26-20,Johnson,1170,1,1132,1,38,0,1214,1,8179,15,9393,16,0,7,-7,101,8,1062,0,33,9
10-26-20,Knox,12988,82,12392,75,596,7,13902,74,160624,369,174526,443,2,91,-70,1059,150,11838,1,480,98
10-26-20,Lake,981,1,972,1,9,0,1195,1,6903,8,8098,9,0,3,-5,21,6,957,0,8,4
10-26-20,Lauderdale,1453,14,1226,11,227,3,1442,12,13355,46,14797,58,0,17,-14,191,28,1245,0,65,17
10-26-20,Lawrence,1656,15,1616,6,40,9,1838,4,14039,33,15877,37,0,20,-24,244,39,1392,1,73,25
10-26-20,Lewis,422,8,418,7,4,1,459,7,5725,14,6184,21,2,5,-4,102,10,315,1,23,6
10-26-20,Lincoln,922,10,885,8,37,2,1055,9,9556,22,10611,31,0,3,-3,140,13,779,1,30,3
10-26-20,Loudon,1636,7,1578,7,58,0,1787,10,16596,84,18383,94,0,11,-17,122,24,1503,0,52,13
10-26-20,Macon,1355,10,1282,10,73,0,1584,12,8929,53,10513,65,0,25,-1,84,11,1246,0,90,26
10-26-20,Madison,3824,29,2743,17,1081,12,3808,12,33396,39,37204,51,0,79,-16,246,45,3499,1,214,88
10-26-20,Marion,802,4,784,3,18,1,947,4,8261,24,9208,28,0,9,-16,112,20,681,0,55,13
10-26-20,Marshall,1156,5,1140,5,16,0,1319,4,11621,29,12940,33,0,10,-13,138,18,1008,0,30,11
10-26-20,Maury,3387,22,3318,22,69,0,3778,21,33800,123,37578,144,1,38,-41,451,62,2898,0,114,41
10-26-20,McMinn,1671,5,1639,4,32,1,1906,4,21164,44,23070,48,1,37,-28,219,32,1415,1,86,41
10-26-20,McNairy,1132,8,907,4,225,4,1255,5,9401,25,10656,30,0,27,-1,61,9,1044,0,45,32
10-26-20,Meigs,330,1,325,0,5,1,378,2,3892,9,4270,11,0,6,-3,56,4,268,1,19,7
10-26-20,Monroe,1474,6,1423,6,51,0,1646,7,13679,48,15325,55,0,28,-20,210,26,1236,0,90,33
10-26-20,Montgomery,4260,24,3940,11,320,13,4549,10,50946,96,55495,106,1,57,-58,292,81,3911,0,154,65
10-26-20,Moore,272,1,238,0,34,1,296,0,2915,2,3211,2,0,2,-6,29,7,241,0,6,2
10-26-20,Morgan,446,1,417,1,29,0,475,1,9332,20,9807,21,0,7,-6,42,7,397,0,12,6
10-26-20,Obion,1806,10,1604,6,202,4,1847,6,12456,36,14303,42,0,22,-11,188,21,1596,0,62,31
10-26-20,Out of State,2995,7,2861,6,134,1,3318,8,340900,811,344218,819,1,36,-40,340,46,2619,2,104,22
10-26-20,Overton,1229,4,1029,4,200,0,1251,5,8818,39,10069,44,0,17,-18,128,22,1084,0,49,27
10-26-20,Pending,1688,13,1479,8,209,5,1757,9,212715,433,214472,442,2,5,-34,376,45,1307,0,31,6
10-26-20,Perry,325,29,300,29,25,0,342,44,4147,19,4489,63,0,2,25,140,4,183,6,19,6
10-26-20,Pickett,276,0,204,0,72,0,255,1,1537,3,1792,4,1,8,-14,28,13,240,0,15,10
10-26-20,Polk,525,9,501,5,24,4,591,5,4588,6,5179,11,0,13,7,47,2,465,1,25,13
10-26-20,Putnam,4481,39,4049,38,432,1,5117,41,37588,230,42705,271,1,57,-27,422,65,4002,1,143,63
10-26-20,Rhea,1132,4,1118,4,14,0,1334,3,13355,24,14689,27,0,18,-13,111,17,1003,0,44,21
10-26-20,Roane,1343,26,1283,24,60,2,1507,25,22295,89,23802,114,0,7,8,186,18,1150,0,47,10
10-26-20,Robertson,2632,7,2580,4,52,3,3124,5,21412,113,24536,118,1,42,-17,143,23,2447,0,190,43
10-26-20,Rutherford,12055,88,11838,75,217,13,14373,83,105627,347,120000,430,1,115,-37,957,124,10983,1,326,116
10-26-20,Scott,392,7,353,5,39,2,393,6,5583,44,5976,50,0,5,-6,68,13,319,0,23,5
10-26-20,Sequatchie,356,3,351,3,5,0,392,4,6238,9,6630,13,0,2,-9,40,12,314,2,16,3
10-26-20,Sevier,3387,26,3264,24,123,2,3707,27,31231,178,34938,205,1,23,-6,283,31,3081,1,124,24
10-26-20,Shelby,36800,155,36181,154,619,1,45239,164,449580,976,494819,1140,3,565,-109,2595,261,33640,2,2339,602
10-26-20,Smith,1017,9,972,9,45,0,1264,12,6906,45,8170,57,0,13,-11,59,20,945,0,35,13
10-26-20,Stewart,331,0,307,0,24,0,366,0,3624,4,3990,4,0,11,-3,19,3,301,0,13,13
10-26-20,Sullivan,3828,32,3613,30,215,2,4013,29,39110,172,43123,201,0,46,-53,737,85,3045,1,266,51
10-26-20,Sumner,6206,45,6137,44,69,1,7269,48,57354,231,64623,279,2,112,-12,574,55,5520,3,452,119
10-26-20,Tipton,2393,20,2112,17,281,3,2691,19,25695,121,28386,140,0,23,-7,222,27,2148,1,107,25
10-26-20,Trousdale,1778,0,1761,0,17,0,1860,0,5756,10,7616,10,0,8,-9,48,9,1722,0,29,10
10-26-20,Unicoi,435,4,394,2,41,2,462,3,7655,8,8117,11,0,3,-10,95,14,337,1,28,6
10-26-20,Union,546,2,498,2,48,0,569,3,5874,9,6443,12,0,3,-3,65,5,478,0,22,3
10-26-20,Van Buren,211,3,193,3,18,0,229,3,2762,12,2991,15,0,1,-2,17,5,193,0,8,2
10-26-20,Warren,1472,13,1356,13,116,0,1619,16,16495,105,18114,121,0,10,-16,152,29,1310,0,24,12
10-26-20,Washington,3583,26,3466,25,117,1,3945,19,39366,74,43311,93,0,51,-31,609,57,2923,2,155,60
10-26-20,Wayne,1609,2,1582,2,27,0,1741,5,6907,40,8648,45,0,7,-4,62,6,1540,0,24,8
10-26-20,Weakley,1574,8,1419,6,155,2,1665,6,13092,32,14757,38,0,26,-4,129,12,1419,0,38,27
10-26-20,White,1196,10,1101,10,95,0,1466,13,12729,64,14195,77,0,14,-8,124,18,1058,0,62,15
10-26-20,Williamson,7193,31,6899,30,294,1,8116,33,86380,312,94496,345,0,56,-53,668,84,6469,0,157,60
10-26-20,Wilson,4741,34,4631,33,110,1,5508,35,46833,163,52341,198,0,59,-15,394,49,4288,0,150,60
10-25-20,Anderson,1698,17,1626,16,72,1,1899,19,31211,201,33110,220,0,14,0,193,17,1491,4,59,17
10-25-20,Bedford,1730,43,1635,37,95,6,2004,43,15894,192,17898,235,0,20,30,184,13,1526,0,62,22
10-25-20,Benton,418,2,399,1,19,1,443,1,5415,45,5858,46,0,9,-3,27,5,382,0,19,9
10-25-20,Bledsoe,1032,11,1024,11,8,0,1079,12,9100,72,10179,84,0,4,11,122,0,906,0,21,4
10-25-20,Blount,3392,45,3290,44,102,1,3839,52,35709,280,39548,332,0,36,22,384,23,2972,4,147,40
10-25-20,Bradley,3637,33,3488,33,149,0,4207,43,30393,326,34600,369,0,23,18,298,15,3316,1,218,23
10-25-20,Campbell,1036,14,899,11,137,3,1029,14,14448,213,15477,227,1,12,0,242,13,782,2,56,14
10-25-20,Cannon,427,6,404,6,23,0,492,8,4886,45,5378,53,0,2,4,49,2,376,1,15,2
10-25-20,Carroll,1138,7,954,3,184,4,1187,5,12785,54,13972,59,1,26,4,74,2,1038,0,56,29
10-25-20,Carter,1592,41,1524,41,68,0,1714,47,19576,236,21290,283,1,33,29,204,11,1355,2,104,36
10-25-20,Cheatham,1061,15,1031,15,30,0,1230,16,13252,140,14482,156,0,11,7,120,8,930,0,35,12
10-25-20,Chester,733,5,606,5,127,0,810,5,6369,52,7179,57,0,14,-1,37,6,682,0,25,18
10-25-20,Claiborne,528,3,467,2,61,1,569,2,12294,55,12863,57,0,6,-1,40,4,482,0,28,7
10-25-20,Clay,407,2,318,0,89,2,379,0,3434,15,3813,15,0,13,-3,65,5,329,0,13,16
10-25-20,Cocke,1077,23,947,20,130,3,1066,19,10007,103,11073,122,0,14,22,196,1,867,0,55,18
10-25-20,Coffee,1901,35,1654,32,247,3,2117,37,24072,298,26189,335,2,25,14,255,19,1621,0,59,30
10-25-20,Crockett,869,6,670,2,199,4,824,3,4481,31,5305,34,0,20,-5,125,11,724,0,23,23
10-25-20,Cumberland,1616,2,1563,1,53,1,1940,4,27245,100,29185,104,0,25,-15,146,17,1445,0,80,28
10-25-20,Davidson,31964,290,31688,288,276,2,39742,376,441328,4953,481070,5329,1,337,134,2247,155,29380,10,1235,355
10-25-20,Decatur,660,1,522,1,138,0,698,3,7001,17,7699,20,0,11,-3,52,4,597,0,24,11
10-25-20,Dekalb,697,6,658,6,39,0,830,7,9663,52,10493,59,0,17,0,64,6,616,0,31,19
10-25-20,Dickson,1690,21,1464,21,226,0,1962,21,17264,151,19226,172,0,19,-1,194,22,1477,0,66,19
10-25-20,Dyer,2254,13,1931,10,323,3,2241,12,14315,130,16556,142,2,32,-2,348,13,1874,1,81,38
10-25-20,Fayette,1699,16,1638,16,61,0,2081,17,19143,274,21224,291,2,25,-2,202,16,1472,0,91,33
10-25-20,Fentress,920,5,816,5,104,0,993,6,5653,82,6646,88,0,11,-3,95,8,814,1,41,12
10-25-20,Franklin,1311,17,1256,17,55,0,1579,21,18007,173,19586,194,0,19,12,142,5,1150,2,61,24
10-25-20,Gibson,2165,15,1656,11,509,4,2267,12,17940,84,20207,96,1,44,3,156,11,1965,0,67,48
10-25-20,Giles,972,17,949,17,23,0,1134,19,11469,154,12603,173,1,36,6,138,10,798,0,55,37
10-25-20,Grainger,612,2,551,1,61,1,661,1,7561,39,8222,40,0,4,-1,108,3,500,0,30,4
10-25-20,Greene,1803,82,1703,79,100,3,2003,87,20148,333,22151,420,1,52,67,322,14,1429,1,98,53
10-25-20,Grundy,589,6,546,6,43,0,659,6,3515,81,4174,87,0,11,2,75,4,503,1,41,14
10-25-20,Hamblen,2475,15,2247,7,228,8,2633,12,26682,106,29315,118,0,48,5,208,10,2219,0,136,54
10-25-20,Hamilton,11819,120,11292,117,527,3,13231,143,162454,1492,175685,1635,1,109,56,883,63,10827,2,458,113
10-25-20,Hancock,122,2,112,2,10,0,126,1,2205,10,2331,11,0,3,2,8,0,111,0,11,3
10-25-20,Hardeman,1902,14,1778,11,124,3,2128,12,16638,193,18766,205,0,33,9,129,5,1740,0,78,33
10-25-20,Hardin,1399,13,1137,13,262,0,1464,13,14706,60,16170,73,1,20,0,142,12,1237,0,35,24
10-25-20,Hawkins,1229,16,1177,14,52,2,1334,14,12943,119,14277,133,0,25,4,170,12,1034,1,79,29
10-25-20,Haywood,1298,6,1205,4,93,2,1387,5,8172,102,9559,107,0,27,4,100,2,1171,0,53,28
10-25-20,Henderson,1412,13,1132,12,280,1,1656,13,10359,78,12015,91,0,26,6,79,7,1307,1,52,27
10-25-20,Henry,797,8,774,8,23,0,937,9,11165,49,12102,58,1,11,3,85,4,701,0,42,12
10-25-20,Hickman,798,10,740,10,58,0,933,10,8842,57,9775,67,0,15,7,75,3,708,0,23,15
10-25-20,Houston,419,6,374,6,45,0,446,6,3635,124,4081,130,0,17,6,42,0,360,0,30,18
10-25-20,Humphreys,449,5,354,5,95,0,454,5,6587,53,7041,58,0,4,-4,60,9,385,0,17,5
10-25-20,Jackson,453,3,394,3,59,0,487,4,2991,28,3478,32,0,5,-1,42,4,406,0,19,6
10-25-20,Jefferson,1553,14,1348,13,205,1,1601,15,20714,110,22315,125,1,21,9,146,4,1386,1,81,24
10-25-20,Johnson,1169,16,1131,10,38,6,1213,10,8164,144,9377,154,0,7,16,108,0,1054,0,33,9
10-25-20,Knox,12906,132,12317,121,589,11,13828,151,160255,1361,174083,1512,0,89,53,1129,79,11688,3,479,98
10-25-20,Lake,980,2,971,2,9,0,1194,2,6895,20,8089,22,0,3,1,26,1,951,0,8,4
10-25-20,Lauderdale,1439,10,1215,8,224,2,1430,8,13309,124,14739,132,0,17,-1,205,11,1217,0,65,17
10-25-20,Lawrence,1641,35,1610,34,31,1,1834,41,14006,261,15840,302,1,20,15,268,19,1353,0,72,23
10-25-20,Lewis,414,26,411,26,3,0,452,29,5711,117,6163,146,1,3,22,106,3,305,0,22,6
10-25-20,Lincoln,912,21,877,21,35,0,1046,20,9534,120,10580,140,0,3,15,143,6,766,0,29,3
10-25-20,Loudon,1629,19,1571,17,58,2,1777,20,16512,130,18289,150,0,11,9,139,10,1479,2,52,13
10-25-20,Macon,1345,3,1272,3,73,0,1572,3,8876,47,10448,50,0,25,-5,85,8,1235,0,90,26
10-25-20,Madison,3795,43,2726,26,1069,17,3796,30,33357,355,37153,385,0,79,21,262,22,3454,0,213,88
10-25-20,Marion,798,16,781,16,17,0,943,17,8237,154,9180,171,0,9,10,128,6,661,0,55,12
10-25-20,Marshall,1151,20,1135,20,16,0,1315,22,11592,189,12907,211,1,10,4,151,15,990,0,30,11
10-25-20,Maury,3365,129,3296,110,69,19,3757,121,33677,774,37434,895,0,37,111,492,18,2836,2,114,41
10-25-20,McMinn,1666,26,1635,26,31,0,1902,32,21120,324,23022,356,1,36,12,247,13,1383,0,85,41
10-25-20,McNairy,1124,5,903,5,221,0,1250,4,9376,63,10626,67,0,27,1,62,4,1035,0,45,32
10-25-20,Meigs,329,5,325,5,4,0,376,6,3883,48,4259,54,0,6,3,59,2,264,0,18,6
10-25-20,Monroe,1468,16,1417,16,51,0,1639,20,13631,141,15270,161,0,28,8,230,8,1210,0,90,32
10-25-20,Montgomery,4236,69,3929,62,307,7,4539,67,50850,562,55389,629,1,56,30,350,38,3830,5,154,65
10-25-20,Moore,271,2,238,2,33,0,296,3,2913,22,3209,25,0,2,-1,35,3,234,0,6,2
10-25-20,Morgan,445,1,416,1,29,0,474,2,9312,43,9786,45,0,7,-4,48,5,390,0,12,6
10-25-20,Obion,1796,19,1598,16,198,3,1841,18,12420,84,14261,102,1,22,9,199,9,1575,1,62,31
10-25-20,Out of State,2988,43,2855,40,133,3,3310,48,340089,2797,343399,2845,0,35,26,380,17,2573,0,102,22
10-25-20,Overton,1225,3,1025,2,200,1,1246,3,8779,56,10025,59,1,17,-10,146,12,1062,0,49,25
10-25-20,Pending,1675,49,1471,43,204,6,1748,52,212282,1705,214030,1757,-6,3,39,410,16,1262,1,31,5
10-25-20,Perry,296,6,271,6,25,0,298,9,4128,45,4426,54,0,2,4,115,2,179,1,13,5
10-25-20,Pickett,276,1,204,1,72,0,254,2,1534,41,1788,43,0,7,0,42,1,227,0,15,10
10-25-20,Polk,516,5,496,5,20,0,586,7,4582,60,5168,67,0,13,1,40,4,463,0,24,13
10-25-20,Putnam,4442,22,4011,18,431,4,5076,18,37358,257,42434,275,0,56,-5,449,27,3937,0,142,62
10-25-20,Rhea,1128,18,1114,18,14,0,1331,29,13331,216,14662,245,1,18,12,124,5,986,0,44,21
10-25-20,Roane,1317,21,1259,18,58,3,1482,19,22206,208,23688,227,0,7,11,178,10,1132,1,47,10
10-25-20,Robertson,2625,23,2576,23,49,0,3119,28,21299,194,24418,222,0,41,12,160,11,2424,1,190,43
10-25-20,Rutherford,11967,182,11763,175,204,7,14290,213,105280,1346,119570,1559,2,114,110,994,70,10859,2,325,116
10-25-20,Scott,385,6,348,6,37,0,387,6,5539,50,5926,56,0,5,-1,74,7,306,0,23,5
10-25-20,Sequatchie,353,11,348,11,5,0,388,13,6229,83,6617,96,0,2,6,49,5,302,1,14,3
10-25-20,Sevier,3361,21,3240,19,121,2,3680,24,31053,193,34733,217,1,22,-13,289,33,3050,0,123,24
10-25-20,Shelby,36645,485,36027,470,618,15,45075,578,448604,4689,493679,5267,0,562,371,2704,114,33379,10,2337,599
10-25-20,Smith,1008,4,963,4,45,0,1252,4,6861,29,8113,33,0,13,-4,70,8,925,0,35,13
10-25-20,Stewart,331,11,307,11,24,0,366,12,3620,46,3986,58,1,11,6,22,4,298,0,13,13
10-25-20,Sullivan,3796,62,3583,62,213,0,3984,98,38938,443,42922,541,0,46,7,790,55,2960,1,265,51
10-25-20,Sumner,6161,98,6093,97,68,1,7221,117,57123,598,64344,715,1,110,58,586,39,5465,6,449,119
10-25-20,Tipton,2373,25,2095,23,278,2,2672,31,25574,215,28246,246,1,23,9,229,15,2121,0,106,25
10-25-20,Trousdale,1778,1,1761,1,17,0,1860,1,5746,24,7606,25,1,8,-2,57,2,1713,0,29,9
10-25-20,Unicoi,431,20,392,17,39,3,459,17,7647,80,8106,97,0,3,16,105,4,323,3,27,6
10-25-20,Union,544,3,496,2,48,1,566,3,5865,45,6431,48,0,3,1,68,2,473,0,22,3
10-25-20,Van Buren,208,0,190,0,18,0,226,0,2750,12,2976,12,0,1,-1,19,1,188,0,8,2
10-25-20,Warren,1459,10,1343,10,116,0,1603,11,16390,112,17993,123,0,10,-1,168,11,1281,1,24,12
10-25-20,Washington,3557,104,3441,103,116,1,3926,107,39292,518,43218,625,1,51,69,640,34,2866,3,153,59
10-25-20,Wayne,1607,11,1580,10,27,1,1736,10,6867,68,8603,78,0,7,10,66,1,1534,0,24,8
10-25-20,Weakley,1566,17,1413,16,153,1,1659,19,13060,54,14719,73,1,26,12,133,4,1407,0,38,27
10-25-20,White,1186,11,1091,11,95,0,1453,12,12665,82,14118,94,0,14,0,132,11,1040,0,62,15
10-25-20,Williamson,7162,104,6869,98,293,6,8083,116,86068,923,94151,1039,0,56,55,721,49,6385,2,157,60
10-25-20,Wilson,4707,46,4598,46,109,0,5473,64,46670,436,52143,500,3,59,7,409,36,4239,1,150,60
10-24-20,Anderson,1681,30,1610,29,71,1,1880,31,31010,373,32890,404,0,14,17,193,13,1474,2,55,17
10-24-20,Bedford,1687,37,1598,37,89,0,1961,43,15702,228,17663,271,0,20,24,154,13,1513,0,62,21
10-24-20,Benton,416,0,398,0,18,0,442,0,5370,19,5812,19,0,9,-1,30,1,377,0,19,9
10-24-20,Bledsoe,1021,8,1013,8,8,0,1067,9,9028,53,10095,62,0,4,5,111,3,906,0,21,4
10-24-20,Blount,3347,50,3246,49,101,1,3787,58,35429,460,39216,518,2,36,19,362,29,2949,2,143,39
10-24-20,Bradley,3604,55,3455,53,149,2,4164,65,30067,277,34231,342,0,23,32,280,23,3301,2,217,23
10-24-20,Campbell,1022,19,888,19,134,0,1015,21,14235,243,15250,264,2,11,-1,242,18,769,0,54,14
10-24-20,Cannon,421,6,398,5,23,1,484,5,4841,39,5325,44,0,2,0,45,6,374,1,14,2
10-24-20,Carroll,1131,9,951,7,180,2,1182,7,12731,78,13913,85,0,25,6,70,3,1036,0,56,28
10-24-20,Carter,1551,30,1483,30,68,0,1667,31,19340,209,21007,240,0,32,20,175,10,1344,3,102,35
10-24-20,Cheatham,1046,17,1016,16,30,1,1214,19,13112,164,14326,183,0,11,13,113,4,922,0,35,12
10-24-20,Chester,728,4,601,4,127,0,805,4,6317,28,7122,32,0,14,0,38,4,676,0,25,18
10-24-20,Claiborne,525,8,465,7,60,1,567,7,12239,54,12806,61,0,6,4,41,4,478,1,28,7
10-24-20,Clay,405,3,318,0,87,3,379,0,3419,27,3798,27,0,13,0,68,3,324,0,13,15
10-24-20,Cocke,1054,26,927,20,127,6,1047,21,9904,132,10951,153,2,14,17,174,7,866,0,55,18
10-24-20,Coffee,1866,29,1622,25,244,4,2080,29,23774,292,25854,321,0,23,17,241,12,1602,1,59,30
10-24-20,Crockett,863,15,668,7,195,8,821,8,4450,42,5271,50,0,20,3,130,12,713,0,23,23
10-24-20,Cumberland,1614,19,1562,18,52,1,1936,22,27145,162,29081,184,0,25,8,161,11,1428,1,80,28
10-24-20,Davidson,31674,418,31400,413,274,5,39366,496,436375,6237,475741,6733,3,336,260,2113,155,29225,3,1225,354
10-24-20,Decatur,659,8,521,6,138,2,695,6,6984,22,7679,28,0,11,4,55,4,593,0,24,11
10-24-20,Dekalb,691,12,652,9,39,3,823,13,9611,68,10434,81,0,17,7,64,5,610,0,31,19
10-24-20,Dickson,1669,43,1443,34,226,9,1941,38,17113,212,19054,250,0,19,30,195,13,1455,0,66,19
10-24-20,Dyer,2241,31,1921,16,320,15,2229,17,14185,130,16414,147,1,30,2,350,28,1861,0,80,36
10-24-20,Fayette,1683,19,1622,18,61,1,2064,27,18869,125,20933,152,1,23,5,204,13,1456,0,91,33
10-24-20,Fentress,915,11,811,11,104,0,987,12,5571,34,6558,46,1,11,3,98,7,806,0,40,12
10-24-20,Franklin,1294,16,1239,15,55,1,1558,19,17834,150,19392,169,2,19,3,130,11,1145,1,59,23
10-24-20,Gibson,2150,13,1645,6,505,7,2255,6,17856,66,20111,72,1,43,-4,153,16,1954,0,67,46
10-24-20,Giles,955,17,932,17,23,0,1115,23,11315,239,12430,262,0,35,7,132,10,788,0,55,37
10-24-20,Grainger,610,14,550,11,60,3,660,14,7522,84,8182,98,0,4,9,109,5,497,0,30,4
10-24-20,Greene,1721,51,1624,48,97,3,1916,52,19815,346,21731,398,0,51,26,255,25,1415,0,97,52
10-24-20,Grundy,583,6,540,6,43,0,653,7,3434,28,4087,35,0,11,-4,73,10,499,0,40,14
10-24-20,Hamblen,2460,31,2240,28,220,3,2621,30,26576,362,29197,392,0,48,15,203,16,2209,0,136,54
10-24-20,Hamilton,11699,167,11175,159,524,8,13088,186,160962,1818,174050,2004,3,108,87,827,77,10764,3,456,112
10-24-20,Hancock,120,3,110,3,10,0,125,3,2195,11,2320,14,0,3,2,6,1,111,0,11,3
10-24-20,Hardeman,1888,19,1767,14,121,5,2116,14,16445,239,18561,253,0,33,10,120,9,1735,1,78,33
10-24-20,Hardin,1386,9,1124,4,262,5,1451,5,14646,82,16097,87,0,19,3,142,6,1225,0,35,24
10-24-20,Hawkins,1213,26,1163,25,50,1,1320,31,12824,219,14144,250,1,25,7,166,18,1022,1,78,29
10-24-20,Haywood,1292,21,1201,18,91,3,1382,18,8070,67,9452,85,0,27,14,96,7,1169,1,53,28
10-24-20,Henderson,1399,7,1120,7,279,0,1643,7,10281,37,11924,44,1,26,2,73,4,1300,0,51,27
10-24-20,Henry,789,20,766,19,23,1,928,23,11116,51,12044,74,0,10,19,82,1,697,0,42,12
10-24-20,Hickman,788,9,730,8,58,1,923,10,8785,86,9708,96,0,15,7,68,2,705,0,23,15
10-24-20,Houston,413,10,368,10,45,0,440,11,3511,38,3951,49,0,17,5,36,5,360,0,30,18
10-24-20,Humphreys,444,12,349,7,95,5,449,9,6534,48,6983,57,0,4,-1,64,13,376,0,17,5
10-24-20,Jackson,450,3,391,2,59,1,483,2,2963,11,3446,13,0,5,1,43,2,402,0,19,6
10-24-20,Jefferson,1539,15,1335,15,204,0,1586,16,20604,236,22190,252,0,20,5,137,10,1382,1,80,24
10-24-20,Johnson,1153,18,1121,9,32,9,1203,14,8020,93,9223,107,0,7,15,92,3,1054,0,33,9
10-24-20,Knox,12774,174,12196,169,578,5,13677,200,158894,1773,172571,1973,0,89,59,1076,115,11609,5,476,97
10-24-20,Lake,978,1,969,1,9,0,1192,2,6875,23,8067,25,0,3,0,25,1,950,0,8,4
10-24-20,Lauderdale,1429,22,1207,13,222,9,1422,13,13185,63,14607,76,0,17,7,206,15,1206,0,65,17
10-24-20,Lawrence,1606,32,1576,31,30,1,1793,39,13745,204,15538,243,1,19,5,253,26,1334,2,72,23
10-24-20,Lewis,388,9,385,9,3,0,423,10,5594,57,6017,67,0,2,0,84,9,302,0,22,6
10-24-20,Lincoln,891,29,856,27,35,2,1026,30,9414,115,10440,145,0,3,21,128,8,760,1,29,3
10-24-20,Loudon,1610,21,1554,17,56,4,1757,27,16382,148,18139,175,0,11,14,130,7,1469,1,50,13
10-24-20,Macon,1342,22,1269,18,73,4,1569,21,8829,128,10398,149,0,25,17,90,5,1227,0,90,26
10-24-20,Madison,3752,37,2700,20,1052,17,3766,19,33002,209,36768,228,-1,79,17,241,21,3432,1,213,87
10-24-20,Marion,782,22,765,21,17,1,926,25,8083,211,9009,236,0,9,15,118,7,655,2,55,12
10-24-20,Marshall,1131,21,1115,21,16,0,1293,29,11403,226,12696,255,0,9,13,147,8,975,0,30,11
10-24-20,Maury,3236,32,3186,31,50,1,3636,39,32903,299,36539,338,0,37,6,381,26,2818,1,112,40
10-24-20,McMinn,1640,32,1609,32,31,0,1870,37,20796,241,22666,278,1,35,9,235,22,1370,3,85,40
10-24-20,McNairy,1119,8,898,4,221,4,1246,6,9313,65,10559,71,0,27,3,61,5,1031,0,45,32
10-24-20,Meigs,324,15,320,15,4,0,370,17,3835,80,4205,97,0,6,13,56,2,262,1,18,6
10-24-20,Monroe,1452,31,1401,30,51,1,1619,35,13490,190,15109,225,0,28,22,222,9,1202,2,90,32
10-24-20,Montgomery,4167,66,3867,66,300,0,4472,72,50288,621,54760,693,3,55,34,320,29,3792,1,149,63
10-24-20,Moore,269,7,236,6,33,1,293,9,2891,22,3184,31,0,2,5,36,2,231,0,6,2
10-24-20,Morgan,444,5,415,4,29,1,472,6,9269,42,9741,48,0,7,-2,52,7,385,0,12,6
10-24-20,Obion,1777,20,1582,11,195,9,1823,11,12336,70,14159,81,0,21,4,190,16,1566,0,61,30
10-24-20,Out of State,2945,84,2815,71,130,13,3262,76,337292,3355,340554,3431,-1,35,69,354,16,2556,2,102,22
10-24-20,Overton,1222,18,1023,14,199,4,1243,22,8723,45,9966,67,0,16,9,156,9,1050,1,49,23
10-24-20,Pending,1626,84,1428,69,198,15,1696,75,210577,2155,212273,2230,1,9,65,371,18,1246,2,30,4
10-24-20,Perry,290,5,265,4,25,1,289,5,4083,29,4372,34,0,2,1,111,4,177,0,12,3
10-24-20,Pickett,275,3,203,3,72,0,252,4,1493,10,1745,14,0,7,0,42,3,226,0,15,10
10-24-20,Polk,511,10,491,10,20,0,579,9,4522,82,5101,91,0,13,6,39,4,459,2,24,13
10-24-20,Putnam,4420,56,3993,41,427,15,5058,52,37101,339,42159,391,1,56,18,454,37,3910,0,142,60
10-24-20,Rhea,1110,15,1096,15,14,0,1302,19,13115,160,14417,179,0,17,9,112,6,981,0,44,21
10-24-20,Roane,1296,20,1241,20,55,0,1463,19,21998,229,23461,248,0,7,6,167,14,1122,0,46,9
10-24-20,Robertson,2602,13,2553,13,49,0,3091,14,21105,153,24196,167,0,41,0,148,13,2413,0,189,43
10-24-20,Rutherford,11785,206,11588,198,197,8,14077,227,103934,1515,118011,1742,-1,112,136,884,71,10789,4,323,116
10-24-20,Scott,379,9,342,9,37,0,381,9,5489,82,5870,91,0,5,6,75,3,299,0,23,5
10-24-20,Sequatchie,342,4,337,4,5,0,375,4,6146,57,6521,61,-2,2,-5,43,11,297,1,13,2
10-24-20,Sevier,3340,36,3221,36,119,0,3656,36,30860,314,34516,350,0,21,23,302,13,3017,1,123,23
10-24-20,Shelby,36160,326,35557,314,603,12,44497,364,443915,3714,488412,4078,0,562,161,2333,165,33265,5,2327,595
10-24-20,Smith,1004,12,959,11,45,1,1248,15,6832,62,8080,77,0,13,7,74,5,917,0,35,13
10-24-20,Stewart,320,5,296,5,24,0,354,5,3574,35,3928,40,1,10,1,16,3,294,1,13,13
10-24-20,Sullivan,3734,142,3521,138,213,4,3886,138,38495,804,42381,942,0,46,90,783,52,2905,7,264,49
10-24-20,Sumner,6063,114,5996,108,67,6,7104,119,56525,713,63629,832,0,109,75,528,39,5426,5,443,117
10-24-20,Tipton,2348,27,2072,21,276,6,2641,22,25359,205,28000,227,0,22,10,220,17,2106,1,106,24
10-24-20,Trousdale,1777,15,1760,15,17,0,1859,16,5722,70,7581,86,0,7,14,59,1,1711,1,29,9
10-24-20,Unicoi,411,13,375,8,36,5,442,11,7567,104,8009,115,0,3,10,89,3,319,0,24,5
10-24-20,Union,541,16,494,15,47,1,563,15,5820,55,6383,70,0,3,12,67,4,471,1,22,3
10-24-20,Van Buren,208,4,190,4,18,0,226,4,2738,13,2964,17,0,1,-1,20,5,187,0,8,2
10-24-20,Warren,1449,17,1333,13,116,4,1592,16,16278,207,17870,223,0,10,7,169,10,1270,0,23,11
10-24-20,Washington,3453,112,3338,109,115,3,3819,119,38774,762,42593,881,1,50,72,571,39,2832,3,150,59
10-24-20,Wayne,1596,7,1570,7,26,0,1726,6,6799,69,8525,75,0,7,7,56,0,1533,1,24,8
10-24-20,Weakley,1549,22,1397,19,152,3,1640,18,13006,92,14646,110,0,25,18,121,4,1403,0,38,27
10-24-20,White,1175,18,1080,16,95,2,1441,25,12583,77,14024,102,0,14,6,132,12,1029,1,62,15
10-24-20,Williamson,7058,121,6771,114,287,7,7967,133,85145,1127,93112,1260,0,56,66,666,55,6336,1,155,59
10-24-20,Wilson,4661,75,4552,71,109,4,5409,85,46234,614,51643,699,0,56,36,402,39,4203,1,149,60
10-23-20,Anderson,1651,15,1581,14,70,1,1849,16,30637,284,32486,300,0,14,-7,176,22,1461,0,53,15
10-23-20,Bedford,1650,19,1561,18,89,1,1918,19,15474,155,17392,174,0,20,2,130,17,1500,0,62,21
10-23-20,Benton,416,6,398,6,18,0,442,6,5351,49,5793,55,0,9,4,31,2,376,0,19,9
10-23-20,Bledsoe,1013,10,1005,10,8,0,1058,11,8975,109,10033,120,0,4,5,106,5,903,0,21,4
10-23-20,Blount,3297,56,3197,51,100,5,3729,51,34969,302,38698,353,2,34,28,343,26,2920,2,141,39
10-23-20,Bradley,3549,32,3402,32,147,0,4099,30,29790,175,33889,205,0,23,3,248,29,3278,1,215,23
10-23-20,Campbell,1003,30,869,23,134,7,994,25,13992,97,14986,122,1,9,6,243,23,751,0,54,13
10-23-20,Cannon,415,3,393,3,22,0,479,3,4802,23,5281,26,0,2,-2,45,5,368,0,13,2
10-23-20,Carroll,1122,7,944,6,178,1,1175,7,12653,56,13828,63,0,25,3,64,4,1033,0,56,28
10-23-20,Carter,1521,31,1453,28,68,3,1636,26,19131,143,20767,169,0,32,15,155,16,1334,0,99,35
10-23-20,Cheatham,1029,21,1000,21,29,0,1195,21,12948,111,14143,132,0,11,11,100,10,918,0,35,12
10-23-20,Chester,724,3,597,3,127,0,801,3,6289,44,7090,47,0,14,-1,38,4,672,0,25,18
10-23-20,Claiborne,517,5,458,4,59,1,560,4,12185,141,12745,145,0,6,3,37,2,474,0,27,7
10-23-20,Clay,402,10,318,2,84,8,379,4,3392,21,3771,25,-1,13,-3,68,14,321,1,13,15
10-23-20,Cocke,1028,29,907,23,121,6,1026,25,9772,120,10798,145,0,12,20,157,9,859,0,55,16
10-23-20,Coffee,1837,18,1597,16,240,2,2051,18,23482,139,25533,157,3,23,-12,224,27,1590,0,58,29
10-23-20,Crockett,848,6,661,5,187,1,813,5,4408,31,5221,36,0,20,-8,127,14,701,0,23,20
10-23-20,Cumberland,1595,15,1544,14,51,1,1914,16,26983,188,28897,204,1,25,0,153,14,1417,0,79,27
10-23-20,Davidson,31256,232,30987,227,269,5,38870,259,430138,4432,469008,4691,3,333,43,1853,186,29070,8,1222,352
10-23-20,Decatur,651,5,515,3,136,2,689,3,6962,93,7651,96,0,11,-1,51,6,589,0,24,11
10-23-20,Dekalb,679,13,643,8,36,5,810,8,9543,55,10353,63,0,17,8,57,5,605,0,31,18
10-23-20,Dickson,1626,12,1409,11,217,1,1903,13,16901,83,18804,96,0,19,-4,165,16,1442,0,66,19
10-23-20,Dyer,2210,35,1905,34,305,1,2212,35,14055,139,16267,174,2,29,-3,348,36,1833,0,80,34
10-23-20,Fayette,1664,26,1604,26,60,0,2037,33,18744,212,20781,245,0,22,1,199,25,1443,0,91,33
10-23-20,Fentress,904,15,800,9,104,6,975,9,5537,32,6512,41,2,10,0,95,13,799,0,40,12
10-23-20,Franklin,1278,12,1224,11,54,1,1539,16,17684,132,19223,148,1,17,2,127,9,1134,0,58,23
10-23-20,Gibson,2137,16,1639,13,498,3,2249,13,17790,169,20039,182,4,42,-1,157,13,1938,0,67,46
10-23-20,Giles,938,10,915,10,23,0,1092,11,11076,59,12168,70,1,35,-4,125,13,778,0,55,37
10-23-20,Grainger,596,30,539,30,57,0,646,36,7438,137,8084,173,0,4,22,100,8,492,2,30,4
10-23-20,Greene,1670,34,1576,34,94,0,1864,38,19469,383,21333,421,0,51,10,229,24,1390,0,97,52
10-23-20,Grundy,577,8,534,8,43,0,646,8,3406,83,4052,91,0,11,-9,77,17,489,0,40,13
10-23-20,Hamblen,2429,26,2212,21,217,5,2591,23,26214,218,28805,241,5,48,-2,188,23,2193,0,136,54
10-23-20,Hamilton,11532,117,11016,108,516,9,12902,114,159144,1082,172046,1196,0,105,47,740,70,10687,2,453,111
10-23-20,Hancock,117,1,107,1,10,0,122,1,2184,7,2306,8,0,3,1,4,0,110,0,11,3
10-23-20,Hardeman,1869,7,1753,6,116,1,2102,10,16206,61,18308,71,1,33,-3,110,9,1726,0,77,33
10-23-20,Hardin,1377,1,1120,1,257,0,1446,1,14564,266,16010,267,0,19,-19,139,20,1219,0,35,22
10-23-20,Hawkins,1187,26,1138,24,49,2,1289,27,12605,157,13894,184,0,24,5,159,21,1004,0,77,29
10-23-20,Haywood,1271,20,1183,18,88,2,1364,17,8003,55,9367,72,0,27,13,82,7,1162,0,52,28
10-23-20,Henderson,1392,8,1113,6,279,2,1636,6,10244,38,11880,44,0,25,2,71,6,1296,1,51,27
10-23-20,Henry,769,10,747,9,22,1,905,12,11065,51,11970,63,0,10,3,63,7,696,0,42,12
10-23-20,Hickman,779,10,722,10,57,0,913,13,8699,38,9612,51,2,15,0,61,8,703,0,23,15
10-23-20,Houston,403,1,358,1,45,0,429,2,3473,108,3902,110,2,17,-8,31,7,355,0,30,18
10-23-20,Humphreys,432,4,342,3,90,1,440,3,6486,19,6926,22,0,4,-2,65,6,363,0,17,5
10-23-20,Jackson,447,6,389,3,58,3,481,3,2952,16,3433,19,0,5,-4,42,10,400,0,19,6
10-23-20,Jefferson,1524,12,1320,8,204,4,1570,9,20368,198,21938,207,0,20,-3,132,15,1372,0,79,24
10-23-20,Johnson,1135,5,1112,3,23,2,1189,3,7927,104,9116,107,0,7,3,77,2,1051,0,33,9
10-23-20,Knox,12600,158,12027,147,573,11,13477,171,157121,1273,170598,1444,1,89,38,1017,119,11494,5,471,96
10-23-20,Lake,977,2,968,1,9,1,1190,1,6852,19,8042,20,0,3,2,25,0,949,0,8,3
10-23-20,Lauderdale,1407,25,1194,20,213,5,1409,23,13122,63,14531,86,0,17,5,199,20,1191,1,65,17
10-23-20,Lawrence,1574,24,1545,23,29,1,1754,28,13541,114,15295,142,0,18,5,248,19,1308,2,70,23
10-23-20,Lewis,379,10,376,10,3,0,413,14,5537,58,5950,72,0,2,4,84,6,293,0,22,5
10-23-20,Lincoln,862,18,829,17,33,1,996,18,9299,68,10295,86,0,3,7,107,11,752,1,28,3
10-23-20,Loudon,1589,23,1537,23,52,0,1730,24,16234,134,17964,158,1,11,3,116,19,1462,1,49,12
10-23-20,Macon,1320,19,1251,11,69,8,1548,11,8701,38,10249,49,0,25,1,73,18,1222,2,90,26
10-23-20,Madison,3715,20,2680,17,1035,3,3747,16,32793,350,36540,366,1,80,-19,224,38,3411,0,212,87
10-23-20,Marion,760,7,744,7,16,0,901,8,7872,70,8773,78,0,9,1,103,6,648,0,53,10
10-23-20,Marshall,1110,15,1094,15,16,0,1264,19,11177,93,12441,112,0,9,-5,134,20,967,0,30,11
10-23-20,Maury,3204,52,3155,52,49,0,3597,54,32604,424,36201,478,0,37,22,375,30,2792,0,111,39
10-23-20,McMinn,1608,21,1577,20,31,1,1833,20,20555,164,22388,184,1,34,0,226,20,1348,0,82,40
10-23-20,McNairy,1111,4,894,4,217,0,1240,5,9248,45,10488,50,1,27,-5,58,8,1026,0,45,32
10-23-20,Meigs,309,4,305,4,4,0,353,5,3755,18,4108,23,1,6,0,43,3,260,0,17,6
10-23-20,Monroe,1421,19,1371,19,50,0,1584,21,13300,87,14884,108,0,28,7,200,12,1193,0,88,31
10-23-20,Montgomery,4101,39,3801,24,300,15,4400,25,49667,377,54067,402,1,52,-9,286,47,3763,1,148,60
10-23-20,Moore,262,3,230,3,32,0,284,4,2869,18,3153,22,0,2,1,31,2,229,0,6,2
10-23-20,Morgan,439,3,411,3,28,0,466,3,9227,55,9693,58,0,7,-2,54,5,378,0,12,6
10-23-20,Obion,1757,19,1571,19,186,0,1812,22,12266,119,14078,141,1,21,-3,186,21,1550,0,61,29
10-23-20,Out of State,2861,36,2744,30,117,6,3186,35,333937,2742,337123,2777,0,36,9,285,27,2540,0,100,22
10-23-20,Overton,1204,28,1009,14,195,14,1221,16,8678,55,9899,71,4,16,-3,147,27,1041,1,48,23
10-23-20,Pending,1542,39,1359,36,183,3,1621,40,208422,1587,210043,1627,4,8,10,306,25,1228,1,28,4
10-23-20,Perry,285,19,261,18,24,1,284,8,4054,26,4338,34,1,2,16,110,2,173,0,12,3
10-23-20,Pickett,272,12,200,1,72,11,248,2,1483,17,1731,19,0,7,8,42,4,223,0,15,8
10-23-20,Polk,501,4,481,4,20,0,570,5,4440,26,5010,31,0,13,1,33,3,455,0,22,13
10-23-20,Putnam,4364,67,3952,38,412,29,5006,42,36762,323,41768,365,1,55,20,436,46,3873,4,142,60
10-23-20,Rhea,1095,12,1081,12,14,0,1283,8,12955,114,14238,122,1,17,9,103,2,975,1,44,21
10-23-20,Roane,1276,25,1221,24,55,1,1444,25,21769,208,23213,233,0,7,9,161,16,1108,0,46,9
10-23-20,Robertson,2589,20,2540,18,49,2,3077,20,20952,219,24029,239,0,41,3,148,17,2400,3,189,43
10-23-20,Rutherford,11579,114,11390,104,189,10,13850,122,102419,861,116269,983,3,113,22,748,89,10718,5,319,115
10-23-20,Scott,370,12,333,10,37,2,372,11,5407,50,5779,61,1,5,2,69,9,296,0,23,5
10-23-20,Sequatchie,338,5,333,5,5,0,371,5,6089,66,6460,71,0,4,2,48,3,286,0,12,2
10-23-20,Sevier,3304,28,3185,26,119,2,3620,32,30546,282,34166,314,0,21,-3,279,31,3004,1,122,23
10-23-20,Shelby,35834,275,35243,272,591,3,44133,326,440201,3234,484334,3560,4,562,80,2172,191,33100,5,2322,592
10-23-20,Smith,992,9,948,9,44,0,1233,12,6770,36,8003,48,1,13,-7,67,15,912,0,35,13
10-23-20,Stewart,315,1,291,1,24,0,349,2,3539,14,3888,16,1,9,-2,15,2,291,0,12,13
10-23-20,Sullivan,3592,113,3383,113,209,0,3748,114,37691,424,41439,538,0,46,50,693,63,2853,9,257,48
10-23-20,Sumner,5949,53,5888,52,61,1,6985,61,55812,551,62797,612,1,109,1,453,51,5387,1,438,116
10-23-20,Tipton,2321,17,2051,16,270,1,2619,17,25154,212,27773,229,0,22,-8,210,25,2089,2,105,24
10-23-20,Trousdale,1762,4,1745,4,17,0,1843,3,5652,18,7495,21,0,7,3,45,1,1710,0,28,9
10-23-20,Unicoi,398,5,367,4,31,1,431,5,7463,55,7894,60,1,3,0,79,4,316,1,24,5
10-23-20,Union,525,9,479,8,46,1,548,11,5765,46,6313,57,0,3,7,55,2,467,0,21,3
10-23-20,Van Buren,204,4,186,3,18,1,222,3,2725,123,2947,126,0,1,3,21,1,182,0,8,2
10-23-20,Warren,1432,25,1320,24,112,1,1576,28,16071,182,17647,210,0,10,8,162,17,1260,0,23,11
10-23-20,Washington,3341,55,3229,52,112,3,3700,53,38012,400,41712,453,3,49,8,499,44,2793,2,147,55
10-23-20,Wayne,1589,9,1563,8,26,1,1720,8,6730,46,8450,54,0,7,7,49,2,1533,0,23,8
10-23-20,Weakley,1527,8,1378,7,149,1,1622,10,12914,80,14536,90,0,25,1,103,7,1399,0,38,27
10-23-20,White,1157,23,1064,17,93,6,1416,20,12506,176,13922,196,0,14,15,126,8,1017,1,61,14
10-23-20,Williamson,6937,71,6657,64,280,7,7834,69,84018,708,91852,777,1,56,14,600,56,6281,5,154,58
10-23-20,Wilson,4586,50,4481,46,105,4,5324,49,45620,238,50944,287,1,56,1,366,48,4164,1,148,60
10-22-20,Anderson,1636,22,1567,22,69,0,1833,26,30353,327,32186,353,1,14,-3,183,24,1439,0,53,15
10-22-20,Bedford,1631,20,1543,17,88,3,1899,18,15319,88,17218,106,0,20,6,128,14,1483,1,62,21
10-22-20,Benton,410,2,392,2,18,0,436,2,5302,84,5738,86,0,9,-1,27,3,374,0,19,9
10-22-20,Bledsoe,1003,5,995,5,8,0,1047,5,8866,32,9913,37,0,4,4,101,1,898,0,21,4
10-22-20,Blount,3241,53,3146,51,95,2,3678,53,34667,343,38345,396,0,32,25,315,28,2894,2,139,39
10-22-20,Bradley,3517,35,3370,32,147,3,4069,42,29615,273,33684,315,1,23,16,245,18,3249,1,214,23
10-22-20,Campbell,973,61,846,56,127,5,969,58,13895,229,14864,287,1,8,43,237,17,728,2,54,13
10-22-20,Cannon,412,9,390,7,22,2,476,7,4779,44,5255,51,0,2,2,47,7,363,0,13,2
10-22-20,Carroll,1115,10,938,8,177,2,1168,9,12597,125,13765,134,1,25,3,61,6,1029,0,56,28
10-22-20,Carter,1490,27,1425,27,65,0,1610,35,18988,252,20598,287,0,32,11,140,16,1318,2,99,34
10-22-20,Cheatham,1008,19,979,17,29,2,1174,20,12837,140,14011,160,0,11,12,89,7,908,0,35,12
10-22-20,Chester,721,4,594,4,127,0,798,4,6245,24,7043,28,0,14,3,39,1,668,0,25,16
10-22-20,Claiborne,512,5,454,5,58,0,556,5,12044,94,12600,99,0,6,5,34,0,472,0,27,6
10-22-20,Clay,392,5,316,2,76,3,375,2,3371,26,3746,28,1,14,-8,71,12,307,0,12,15
10-22-20,Cocke,999,38,884,28,115,10,1001,27,9652,101,10653,128,0,12,31,137,7,850,2,55,16
10-22-20,Coffee,1819,36,1581,28,238,8,2033,31,23343,407,25376,438,0,20,12,236,24,1563,1,58,29
10-22-20,Crockett,842,13,656,7,186,6,808,8,4377,28,5185,36,-1,20,0,135,14,687,1,23,20
10-22-20,Cumberland,1580,29,1530,26,50,3,1898,30,26795,318,28693,348,0,24,15,153,14,1403,1,79,26
10-22-20,Davidson,31024,215,30760,208,264,7,38611,257,425706,3702,464317,3959,2,330,50,1810,163,28884,7,1214,351
10-22-20,Decatur,646,4,512,4,134,0,686,4,6869,76,7555,80,0,11,1,52,3,583,0,24,11
10-22-20,Dekalb,666,13,635,9,31,4,802,7,9488,97,10290,104,1,17,8,49,4,600,0,31,18
10-22-20,Dickson,1614,30,1398,21,216,9,1890,24,16818,159,18708,183,0,19,18,169,12,1426,0,66,19
10-22-20,Dyer,2175,47,1871,38,304,9,2177,42,13916,99,16093,141,1,27,22,351,24,1797,2,80,34
10-22-20,Fayette,1638,10,1578,9,60,1,2004,15,18532,160,20536,175,0,22,-18,198,28,1418,0,91,32
10-22-20,Fentress,889,13,791,11,98,2,966,13,5505,142,6471,155,0,8,-2,95,15,786,0,40,12
10-22-20,Franklin,1266,25,1213,23,53,2,1523,22,17552,147,19075,169,0,16,15,125,10,1125,1,58,23
10-22-20,Gibson,2121,24,1626,19,495,5,2236,22,17621,135,19857,157,0,38,13,158,11,1925,0,67,46
10-22-20,Giles,928,10,905,10,23,0,1081,13,11017,96,12098,109,0,34,-9,129,19,765,0,55,37
10-22-20,Grainger,566,17,509,13,57,4,610,9,7301,66,7911,75,0,4,13,78,4,484,0,28,4
10-22-20,Greene,1636,40,1542,39,94,1,1826,43,19086,193,20912,236,0,51,10,219,30,1366,0,97,52
10-22-20,Grundy,569,15,526,13,43,2,638,14,3323,56,3961,70,1,11,2,86,12,472,0,40,13
10-22-20,Hamblen,2403,20,2191,15,212,5,2568,20,25996,247,28564,267,0,43,1,190,19,2170,0,136,53
10-22-20,Hamilton,11415,126,10908,111,507,15,12788,116,158062,1149,170850,1265,1,105,51,693,74,10617,2,451,111
10-22-20,Hancock,116,0,106,0,10,0,121,1,2177,15,2298,16,0,3,0,3,0,110,0,11,3
10-22-20,Hardeman,1862,15,1747,12,115,3,2092,13,16145,57,18237,70,0,32,-2,113,17,1717,0,77,33
10-22-20,Hardin,1376,14,1119,7,257,7,1445,7,14298,108,15743,115,0,19,-1,158,15,1199,0,35,22
10-22-20,Hawkins,1161,36,1114,35,47,1,1262,32,12448,223,13710,255,0,24,17,154,19,983,1,77,29
10-22-20,Haywood,1251,16,1165,11,86,5,1347,13,7948,58,9295,71,1,27,13,69,2,1155,1,52,27
10-22-20,Henderson,1384,8,1107,6,277,2,1630,8,10206,83,11836,91,0,25,-2,69,10,1290,0,50,27
10-22-20,Henry,759,5,738,5,21,0,893,6,11014,79,11907,85,0,10,-1,60,6,689,0,42,12
10-22-20,Hickman,769,7,712,5,57,2,900,7,8661,89,9561,96,0,13,4,61,3,695,0,23,15
10-22-20,Houston,402,9,357,7,45,2,427,8,3365,74,3792,82,0,15,6,39,3,348,0,30,18
10-22-20,Humphreys,428,10,339,9,89,1,437,10,6467,45,6904,55,0,4,2,67,8,357,0,17,4
10-22-20,Jackson,441,10,386,6,55,4,478,6,2936,46,3414,52,0,5,5,46,5,390,0,19,6
10-22-20,Jefferson,1512,30,1312,23,200,7,1561,28,20170,195,21731,223,0,20,14,135,16,1357,0,79,24
10-22-20,Johnson,1130,13,1109,13,21,0,1186,10,7823,143,9009,153,0,7,2,74,11,1049,0,33,9
10-22-20,Knox,12442,178,11880,164,562,14,13306,166,155848,1604,169154,1770,1,88,55,979,122,11375,4,466,96
10-22-20,Lake,975,3,967,3,8,0,1189,3,6833,82,8022,85,0,3,2,23,1,949,0,8,3
10-22-20,Lauderdale,1382,35,1174,22,208,13,1386,23,13059,152,14445,175,0,17,16,194,19,1171,0,64,17
10-22-20,Lawrence,1550,36,1522,36,28,0,1726,35,13427,156,15153,191,0,18,16,243,20,1289,1,68,21
10-22-20,Lewis,369,12,366,11,3,1,399,9,5479,64,5878,73,0,2,9,80,3,287,1,22,4
10-22-20,Lincoln,844,16,812,15,32,1,978,17,9231,50,10209,67,1,3,3,100,12,741,0,27,3
10-22-20,Loudon,1566,10,1514,10,52,0,1706,12,16100,179,17806,191,0,10,-16,113,26,1443,0,48,12
10-22-20,Macon,1301,23,1240,19,61,4,1537,23,8663,71,10200,94,1,25,10,72,12,1204,2,88,26
10-22-20,Madison,3695,28,2663,14,1032,14,3731,18,32443,151,36174,169,0,79,4,243,24,3373,0,212,87
10-22-20,Marion,753,18,737,18,16,0,893,19,7802,148,8695,167,0,9,6,102,12,642,0,53,10
10-22-20,Marshall,1095,26,1079,26,16,0,1245,29,11084,135,12329,164,1,9,-2,139,27,947,0,30,11
10-22-20,Maury,3152,31,3103,31,49,0,3543,32,32180,323,35723,355,1,37,-3,353,33,2762,2,111,39
10-22-20,McMinn,1587,18,1557,17,30,1,1813,19,20391,222,22204,241,1,33,3,226,14,1328,0,82,39
10-22-20,McNairy,1107,8,890,5,217,3,1235,7,9203,127,10438,134,0,26,0,63,8,1018,0,45,31
10-22-20,Meigs,305,5,301,5,4,0,348,6,3737,29,4085,35,0,5,-1,43,6,257,0,17,6
10-22-20,Monroe,1402,17,1352,17,50,0,1563,17,13213,142,14776,159,1,28,0,193,16,1181,0,88,31
10-22-20,Montgomery,4062,97,3777,83,285,14,4375,95,49290,786,53665,881,0,51,48,295,49,3716,2,147,60
10-22-20,Moore,259,5,227,5,32,0,280,5,2851,12,3131,17,0,2,3,30,2,227,0,6,2
10-22-20,Morgan,436,9,408,9,28,0,463,9,9172,63,9635,72,0,7,6,56,3,373,0,12,6
10-22-20,Obion,1738,29,1552,19,186,10,1790,21,12147,108,13937,129,0,20,9,189,20,1529,0,61,29
10-22-20,Out of State,2825,36,2714,34,111,2,3151,40,331195,3687,334346,3727,1,36,12,276,23,2513,0,100,22
10-22-20,Overton,1176,12,995,8,181,4,1205,13,8623,104,9828,117,1,12,-20,150,31,1014,1,47,22
10-22-20,Pending,1503,53,1323,35,180,18,1581,45,206835,1790,208416,1835,0,4,31,296,22,1203,1,27,3
10-22-20,Perry,266,15,243,15,23,0,276,17,4028,31,4304,48,0,1,14,94,1,171,1,12,2
10-22-20,Pickett,260,9,199,5,61,4,246,4,1466,70,1712,74,2,7,-4,34,11,219,2,15,8
10-22-20,Polk,497,6,477,5,20,1,565,6,4414,39,4979,45,0,13,3,32,3,452,0,22,13
10-22-20,Putnam,4297,60,3914,49,383,11,4964,60,36439,503,41403,563,0,54,14,416,46,3827,2,138,58
10-22-20,Rhea,1083,16,1069,16,14,0,1275,16,12841,128,14116,144,0,16,9,94,7,973,2,43,20
10-22-20,Roane,1251,28,1197,28,54,0,1419,30,21561,279,22980,309,0,7,13,152,15,1092,2,46,9
10-22-20,Robertson,2569,27,2522,23,47,4,3057,40,20733,280,23790,320,1,41,13,145,13,2383,3,186,43
10-22-20,Rutherford,11465,152,11286,138,179,14,13728,165,101558,1224,115286,1389,3,110,82,726,67,10629,2,314,114
10-22-20,Scott,358,11,323,11,35,0,361,12,5357,55,5718,67,0,4,6,67,5,287,0,23,4
10-22-20,Sequatchie,333,4,328,4,5,0,366,5,6023,70,6389,75,0,4,-4,46,8,283,0,12,2
10-22-20,Sevier,3276,41,3159,40,117,1,3588,46,30264,401,33852,447,0,21,5,282,36,2973,0,121,23
10-22-20,Shelby,35559,303,34971,300,588,3,43807,357,436967,4314,480774,4671,5,558,124,2092,174,32909,10,2317,589
10-22-20,Smith,983,11,939,10,44,1,1221,12,6734,64,7955,76,0,12,2,74,9,897,0,35,13
10-22-20,Stewart,314,5,290,4,24,1,347,5,3525,39,3872,44,0,8,1,17,4,289,0,12,13
10-22-20,Sullivan,3479,99,3270,84,209,15,3634,92,37267,457,40901,549,0,46,36,643,63,2790,7,248,47
10-22-20,Sumner,5896,95,5836,89,60,6,6924,92,55261,818,62185,910,1,108,58,452,36,5336,4,437,114
10-22-20,Tipton,2304,32,2035,29,269,3,2602,37,24942,243,27544,280,0,22,15,218,17,2064,1,103,24
10-22-20,Trousdale,1758,8,1741,7,17,1,1840,14,5634,39,7474,53,0,7,5,42,3,1709,1,28,9
10-22-20,Unicoi,393,17,363,17,30,0,426,17,7408,62,7834,79,0,2,11,79,6,312,2,23,5
10-22-20,Union,516,7,471,7,45,0,537,6,5719,51,6256,57,1,3,-4,48,10,465,1,21,3
10-22-20,Van Buren,200,1,183,0,17,1,219,0,2602,14,2821,14,0,1,0,18,1,181,0,8,2
10-22-20,Warren,1407,20,1296,17,111,3,1548,19,15889,237,17437,256,0,10,-4,154,24,1243,1,23,11
10-22-20,Washington,3286,97,3177,89,109,8,3647,97,37612,483,41259,580,2,46,55,491,40,2749,5,145,55
10-22-20,Wayne,1580,11,1555,9,25,2,1712,9,6684,52,8396,61,0,7,10,42,1,1531,0,23,8
10-22-20,Weakley,1519,26,1371,20,148,6,1612,18,12834,83,14446,101,0,25,11,102,15,1392,1,38,26
10-22-20,White,1134,11,1047,9,87,2,1396,14,12330,159,13726,173,0,14,1,111,10,1009,0,60,14
10-22-20,Williamson,6866,112,6593,103,273,9,7765,113,83310,1120,91075,1233,4,55,37,586,71,6225,1,149,55
10-22-20,Wilson,4536,79,4435,71,101,8,5275,87,45382,526,50657,613,2,55,25,365,52,4116,1,147,60
10-21-20,Anderson,1614,18,1545,18,69,0,1807,21,30026,213,31833,234,0,13,9,186,9,1415,1,53,15
10-21-20,Bedford,1611,14,1526,11,85,3,1881,10,15231,50,17112,60,0,20,-9,122,23,1469,1,61,20
10-21-20,Benton,408,4,390,4,18,0,434,4,5218,25,5652,29,0,9,-1,28,5,371,0,19,9
10-21-20,Bledsoe,998,0,990,0,8,0,1042,1,8834,9,9876,10,0,4,-6,97,6,897,0,21,4
10-21-20,Blount,3188,39,3095,39,93,0,3625,50,34324,254,37949,304,0,32,-4,290,43,2866,1,137,38
10-21-20,Bradley,3482,12,3338,10,144,2,4027,9,29342,54,33369,63,1,22,-10,229,21,3231,0,213,23
10-21-20,Campbell,912,5,790,5,122,0,911,7,13666,47,14577,54,0,7,-38,194,43,711,0,52,12
10-21-20,Cannon,403,4,383,4,20,0,469,4,4735,42,5204,46,0,2,0,45,4,356,0,13,2
10-21-20,Carroll,1105,12,930,9,175,3,1159,12,12472,31,13631,43,0,24,1,58,11,1023,0,56,28
10-21-20,Carter,1463,10,1398,9,65,1,1575,9,18736,38,20311,47,0,32,-7,129,17,1302,1,97,34
10-21-20,Cheatham,989,11,962,11,27,0,1154,13,12697,87,13851,100,0,11,3,77,8,901,0,35,12
10-21-20,Chester,717,1,590,1,127,0,794,1,6221,21,7015,22,0,14,-8,36,9,667,0,25,16
10-21-20,Claiborne,507,4,449,4,58,0,551,4,11950,35,12501,39,0,6,-1,29,5,472,0,27,6
10-21-20,Clay,387,12,314,4,73,8,373,4,3345,26,3718,30,1,13,3,79,8,295,0,12,14
10-21-20,Cocke,961,15,856,12,105,3,974,12,9551,68,10525,80,0,12,5,106,10,843,0,53,16
10-21-20,Coffee,1783,8,1553,3,230,5,2002,4,22936,72,24938,76,0,20,-25,224,33,1539,0,57,29
10-21-20,Crockett,829,12,649,6,180,6,800,8,4349,25,5149,33,0,21,-5,135,17,673,0,22,20
10-21-20,Cumberland,1551,34,1504,32,47,2,1868,44,26477,229,28345,273,0,24,14,138,20,1389,1,78,26
10-21-20,Davidson,30809,148,30552,145,257,3,38354,186,422004,2100,460358,2286,2,328,-17,1760,163,28721,1,1207,349
10-21-20,Decatur,642,8,508,7,134,1,682,8,6793,13,7475,21,0,11,2,51,6,580,2,24,11
10-21-20,Dekalb,653,11,626,11,27,0,795,10,9391,98,10186,108,0,16,4,41,7,596,0,31,18
10-21-20,Dickson,1584,9,1377,5,207,4,1866,10,16659,76,18525,86,1,19,-8,151,16,1414,1,66,19
10-21-20,Dyer,2128,23,1833,19,295,4,2135,20,13817,63,15952,83,0,26,-26,329,49,1773,1,78,34
10-21-20,Fayette,1628,23,1569,22,59,1,1989,25,18372,107,20361,132,0,22,-9,216,32,1390,0,91,32
10-21-20,Fentress,876,4,780,4,96,0,953,4,5363,28,6316,32,0,8,-10,97,14,771,0,40,12
10-21-20,Franklin,1241,1,1190,1,51,0,1501,5,17405,17,18906,22,0,16,-7,110,8,1115,0,57,23
10-21-20,Gibson,2097,8,1607,6,490,2,2214,7,17486,30,19700,37,0,38,-2,145,10,1914,0,67,46
10-21-20,Giles,918,9,895,9,23,0,1068,9,10921,67,11989,76,0,34,0,138,9,746,0,55,37
10-21-20,Grainger,549,8,496,6,53,2,601,6,7235,38,7836,44,0,4,-4,65,12,480,0,28,4
10-21-20,Greene,1596,19,1503,17,93,2,1783,15,18893,45,20676,60,0,51,-21,209,40,1336,1,97,52
10-21-20,Grundy,554,5,513,4,41,1,624,4,3267,7,3891,11,2,10,-6,84,9,460,0,40,13
10-21-20,Hamblen,2383,16,2176,14,207,2,2548,14,25749,132,28297,146,0,43,-13,189,29,2151,1,136,52
10-21-20,Hamilton,11289,55,10797,50,492,5,12672,57,156913,512,169585,569,1,104,-22,642,76,10543,1,449,111
10-21-20,Hancock,116,1,106,1,10,0,120,0,2162,0,2282,0,0,3,1,3,0,110,0,11,3
10-21-20,Hardeman,1847,13,1735,11,112,2,2079,13,16088,42,18167,55,0,32,4,115,9,1700,1,77,32
10-21-20,Hardin,1362,18,1112,13,250,5,1438,14,14190,46,15628,60,0,19,2,159,16,1184,0,35,22
10-21-20,Hawkins,1125,11,1079,9,46,2,1230,11,12225,94,13455,105,0,24,-10,137,21,964,0,76,28
10-21-20,Haywood,1235,4,1154,4,81,0,1334,5,7890,55,9224,60,0,26,-7,56,11,1153,0,51,27
10-21-20,Henderson,1376,8,1101,5,275,3,1622,8,10123,29,11745,37,0,25,-4,71,12,1280,0,50,27
10-21-20,Henry,754,7,733,6,21,1,887,6,10935,28,11822,34,0,10,5,61,2,683,0,42,12
10-21-20,Hickman,762,1,707,0,55,1,893,0,8572,19,9465,19,0,13,-6,57,7,692,0,23,14
10-21-20,Houston,393,3,350,3,43,0,419,3,3291,4,3710,7,0,15,0,33,3,345,0,30,18
10-21-20,Humphreys,418,3,330,1,88,2,427,1,6422,28,6849,29,0,4,-4,65,7,349,0,17,4
10-21-20,Jackson,431,3,380,2,51,1,472,3,2890,19,3362,22,0,5,-2,41,5,385,1,19,6
10-21-20,Jefferson,1482,13,1289,11,193,2,1533,14,19975,77,21508,91,1,20,-10,121,22,1341,1,79,23
10-21-20,Johnson,1117,0,1096,0,21,0,1176,0,7680,6,8856,6,0,7,-8,72,8,1038,0,33,8
10-21-20,Knox,12264,71,11716,67,548,4,13140,74,154244,675,167384,749,0,87,-34,924,105,11253,1,462,96
10-21-20,Lake,972,4,964,4,8,0,1186,7,6751,10,7937,17,0,3,-4,21,8,948,0,8,3
10-21-20,Lauderdale,1347,13,1152,8,195,5,1363,9,12907,51,14270,60,-1,17,4,178,10,1152,1,64,17
10-21-20,Lawrence,1514,15,1486,15,28,0,1691,14,13271,92,14962,106,0,18,-20,227,35,1269,0,67,21
10-21-20,Lewis,357,0,355,0,2,0,390,1,5415,8,5805,9,0,2,-14,71,14,284,0,21,4
10-21-20,Lincoln,828,2,797,1,31,1,961,1,9181,9,10142,10,0,2,-8,97,10,729,0,27,3
10-21-20,Loudon,1556,10,1504,10,52,0,1694,13,15921,92,17615,105,0,10,-18,129,28,1417,0,48,11
10-21-20,Macon,1278,7,1221,4,57,3,1514,6,8592,27,10106,33,0,24,-9,62,16,1192,0,86,26
10-21-20,Madison,3667,28,2649,9,1018,19,3713,9,32292,50,36005,59,0,79,-2,239,30,3349,1,212,87
10-21-20,Marion,735,1,719,1,16,0,874,2,7654,16,8528,18,0,9,-8,96,9,630,0,53,9
10-21-20,Marshall,1069,9,1053,9,16,0,1216,7,10949,39,12165,46,0,8,-17,141,26,920,0,30,10
10-21-20,Maury,3121,20,3072,20,49,0,3511,26,31857,99,35368,125,1,36,-15,356,34,2729,1,109,39
10-21-20,McMinn,1569,17,1540,16,29,1,1794,18,20169,86,21963,104,0,32,-2,223,19,1314,1,82,38
10-21-20,McNairy,1099,5,885,2,214,3,1228,1,9076,33,10304,34,0,26,-2,63,7,1010,0,45,31
10-21-20,Meigs,300,2,296,2,4,0,342,2,3708,7,4050,9,0,5,0,44,2,251,0,17,6
10-21-20,Monroe,1385,18,1335,18,50,0,1546,20,13071,95,14617,115,0,27,7,193,11,1165,2,88,31
10-21-20,Montgomery,3965,23,3694,7,271,16,4280,7,48504,75,52784,82,0,51,-22,247,45,3667,0,145,60
10-21-20,Moore,254,2,222,1,32,1,275,1,2839,5,3114,6,0,2,-3,27,5,225,0,6,2
10-21-20,Morgan,427,4,399,4,28,0,454,5,9109,38,9563,43,1,7,-1,50,4,370,0,12,6
10-21-20,Obion,1709,12,1533,8,176,4,1769,9,12039,45,13808,54,2,20,-15,180,25,1509,1,61,28
10-21-20,Out of State,2789,24,2680,22,109,2,3111,26,327508,1179,330619,1205,0,35,-11,264,35,2490,1,100,22
10-21-20,Overton,1164,15,987,7,177,8,1192,8,8519,35,9711,43,0,11,-10,170,25,983,0,46,21
10-21-20,Pending,1450,28,1288,21,162,7,1536,23,205045,636,206581,659,0,4,7,265,21,1181,1,26,3
10-21-20,Perry,251,7,228,7,23,0,259,40,3997,43,4256,83,0,1,6,80,1,170,1,11,2
10-21-20,Pickett,251,0,194,0,57,0,242,0,1396,6,1638,6,0,5,-8,38,8,208,0,13,8
10-21-20,Polk,491,3,472,2,19,1,559,1,4375,3,4934,4,0,13,0,29,3,449,0,22,13
10-21-20,Putnam,4237,77,3865,59,372,18,4904,66,35936,389,40840,455,1,54,20,402,56,3781,4,136,58
10-21-20,Rhea,1067,4,1053,4,14,0,1259,4,12713,31,13972,35,0,16,1,85,3,966,1,41,18
10-21-20,Roane,1223,17,1169,16,54,1,1389,18,21282,138,22671,156,0,7,-4,139,21,1077,0,44,8
10-21-20,Robertson,2542,23,2499,23,43,0,3017,14,20453,59,23470,73,1,40,2,132,20,2370,0,183,43
10-21-20,Rutherford,11313,66,11148,57,165,9,13563,65,100334,469,113897,534,1,107,-44,644,109,10562,1,312,114
10-21-20,Scott,347,9,312,9,35,0,349,10,5302,24,5651,34,0,4,3,61,6,282,0,23,4
10-21-20,Sequatchie,329,0,324,0,5,0,361,0,5953,9,6314,9,0,4,-5,50,5,275,0,12,2
10-21-20,Sevier,3235,31,3119,30,116,1,3542,38,29863,223,33405,261,0,21,-1,277,32,2937,0,121,23
10-21-20,Shelby,35256,169,34671,150,585,19,43450,185,432653,2044,476103,2229,0,553,-35,1968,204,32735,0,2307,588
10-21-20,Smith,972,7,929,6,43,1,1209,6,6670,15,7879,21,-1,12,0,72,8,888,0,35,13
10-21-20,Stewart,309,1,286,1,23,0,342,3,3486,11,3828,14,1,8,-16,16,16,285,0,12,12
10-21-20,Sullivan,3380,89,3186,86,194,3,3542,72,36810,237,40352,309,1,46,32,607,56,2727,4,241,47
10-21-20,Sumner,5801,34,5747,33,54,1,6832,36,54443,222,61275,258,0,107,0,394,34,5300,2,433,114
10-21-20,Tipton,2272,29,2006,24,266,5,2565,25,24699,148,27264,173,0,22,1,203,28,2047,0,102,23
10-21-20,Trousdale,1750,6,1734,4,16,2,1826,5,5595,21,7421,26,0,7,3,37,3,1706,0,27,9
10-21-20,Unicoi,376,6,346,3,30,3,409,4,7346,13,7755,17,0,2,3,68,3,306,1,21,3
10-21-20,Union,509,6,464,6,45,0,531,7,5668,34,6199,41,0,2,4,52,2,455,0,20,3
10-21-20,Van Buren,199,6,183,5,16,1,219,5,2588,8,2807,13,0,1,6,18,0,180,0,8,2
10-21-20,Warren,1387,21,1279,13,108,8,1529,15,15652,127,17181,142,0,10,6,158,15,1219,0,22,11
10-21-20,Washington,3189,44,3088,41,101,3,3550,41,37129,147,40679,188,0,44,11,436,33,2709,1,140,54
10-21-20,Wayne,1569,3,1546,2,23,1,1703,2,6632,13,8335,15,0,7,1,32,2,1530,0,23,8
10-21-20,Weakley,1493,9,1351,8,142,1,1594,8,12751,53,14345,61,0,25,-2,91,11,1377,0,37,26
10-21-20,White,1123,19,1038,16,85,3,1382,20,12171,79,13553,99,0,14,7,110,12,999,1,60,14
10-21-20,Williamson,6754,50,6490,37,264,13,7652,36,82190,265,89842,301,2,51,-27,549,75,6154,2,148,55
10-21-20,Wilson,4457,21,4364,21,93,0,5188,24,44856,290,50044,314,0,53,-41,340,62,4064,0,146,59
10-20-20,Anderson,1596,27,1527,27,69,0,1786,34,29813,213,31599,247,0,13,6,177,21,1406,0,52,15
10-20-20,Bedford,1597,3,1515,2,82,1,1871,5,15181,47,17052,52,0,20,-9,131,12,1446,0,60,20
10-20-20,Benton,404,4,386,4,18,0,430,4,5193,11,5623,15,0,9,1,29,3,366,0,19,9
10-20-20,Bledsoe,998,71,990,70,8,1,1041,71,8825,111,9866,182,0,4,67,103,4,891,0,21,4
10-20-20,Blount,3149,32,3056,24,93,8,3575,30,34070,188,37645,218,1,32,3,294,28,2823,0,136,36
10-20-20,Bradley,3470,23,3328,20,142,3,4018,33,29288,191,33306,224,0,21,2,239,21,3210,0,213,23
10-20-20,Campbell,907,13,785,12,122,1,904,18,13619,124,14523,142,0,7,2,232,11,668,1,52,12
10-20-20,Cannon,399,1,379,1,20,0,465,5,4693,21,5158,26,0,2,-6,45,7,352,0,13,2
10-20-20,Carroll,1093,3,921,1,172,2,1147,2,12441,18,13588,20,0,24,-6,57,9,1012,0,56,28
10-20-20,Carter,1453,15,1389,13,64,2,1566,16,18698,43,20264,59,0,32,4,136,11,1285,1,96,34
10-20-20,Cheatham,978,9,951,8,27,1,1141,8,12610,60,13751,68,0,11,-4,74,13,893,0,35,12
10-20-20,Chester,716,4,589,4,127,0,793,4,6200,16,6993,20,0,14,0,44,4,658,0,25,16
10-20-20,Claiborne,503,2,445,1,58,1,547,2,11915,85,12462,87,0,6,-2,30,4,467,0,27,6
10-20-20,Clay,375,7,310,3,65,4,369,4,3319,18,3688,22,0,12,0,76,7,287,0,12,14
10-20-20,Cocke,946,19,844,10,102,9,962,10,9483,80,10445,90,0,12,14,101,5,833,2,53,16
10-20-20,Coffee,1775,8,1550,3,225,5,1998,8,22864,59,24862,67,0,20,-9,249,17,1506,0,57,29
10-20-20,Crockett,817,16,643,10,174,6,792,9,4324,41,5116,50,1,21,-3,140,18,656,0,22,20
10-20-20,Cumberland,1517,17,1472,15,45,2,1824,21,26248,172,28072,193,0,24,3,124,14,1369,2,77,26
10-20-20,Davidson,30661,174,30407,167,254,7,38168,232,419904,3571,458072,3803,1,326,-10,1777,183,28558,5,1206,347
10-20-20,Decatur,634,8,501,5,133,3,674,3,6780,10,7454,13,0,11,7,49,1,574,0,22,11
10-20-20,Dekalb,642,3,615,3,27,0,785,3,9293,42,10078,45,0,16,-8,37,11,589,0,31,18
10-20-20,Dickson,1575,23,1372,16,203,7,1856,21,16583,114,18439,135,0,18,11,159,12,1398,0,65,19
10-20-20,Dyer,2105,26,1814,16,291,10,2115,22,13754,45,15869,67,0,26,-11,355,37,1724,0,77,33
10-20-20,Fayette,1605,20,1547,20,58,0,1964,29,18265,138,20229,167,0,22,7,225,13,1358,0,91,31
10-20-20,Fentress,872,8,776,8,96,0,949,9,5335,23,6284,32,1,8,-7,107,14,757,1,40,12
10-20-20,Franklin,1240,9,1189,8,51,1,1496,15,17388,88,18884,103,1,16,-14,117,22,1107,1,57,23
10-20-20,Gibson,2089,12,1601,7,488,5,2207,3,17456,40,19663,43,1,38,-2,147,13,1904,0,67,46
10-20-20,Giles,909,10,886,7,23,3,1059,7,10854,54,11913,61,0,34,3,138,7,737,0,55,36
10-20-20,Grainger,541,3,490,2,51,1,595,5,7197,54,7792,59,0,4,-1,69,4,468,0,28,4
10-20-20,Greene,1577,12,1486,8,91,4,1768,12,18848,86,20616,98,1,51,-8,230,19,1296,1,96,52
10-20-20,Grundy,549,3,509,3,40,0,620,8,3260,28,3880,36,0,8,-11,90,14,451,1,40,12
10-20-20,Hamblen,2367,22,2162,22,205,0,2534,29,25617,142,28151,171,0,43,7,202,15,2122,1,135,51
10-20-20,Hamilton,11234,78,10747,64,487,14,12615,78,156401,617,169016,695,1,103,-7,664,84,10467,0,448,110
10-20-20,Hancock,115,0,105,0,10,0,120,0,2162,11,2282,11,0,3,-1,2,1,110,0,11,3
10-20-20,Hardeman,1834,8,1724,4,110,4,2066,5,16046,44,18112,49,0,32,-9,111,17,1691,0,76,32
10-20-20,Hardin,1344,14,1099,9,245,5,1424,12,14144,36,15568,48,0,19,6,157,8,1168,0,35,22
10-20-20,Hawkins,1114,4,1070,4,44,0,1219,4,12131,30,13350,34,1,24,-8,147,11,943,0,76,26
10-20-20,Haywood,1231,4,1150,3,81,1,1329,2,7835,10,9164,12,1,26,-7,63,10,1142,0,51,27
10-20-20,Henderson,1368,5,1096,4,272,1,1614,3,10094,20,11708,23,0,25,-6,75,11,1268,0,50,27
10-20-20,Henry,747,5,727,5,20,0,881,4,10907,29,11788,33,0,10,0,56,5,681,0,42,12
10-20-20,Hickman,761,5,707,3,54,2,893,2,8553,16,9446,18,0,13,0,63,5,685,0,23,14
10-20-20,Houston,390,1,347,0,43,1,416,0,3287,7,3703,7,1,15,-5,33,5,342,0,30,18
10-20-20,Humphreys,415,8,329,5,86,3,426,4,6394,18,6820,22,0,4,3,69,5,342,2,17,4
10-20-20,Jackson,428,6,378,6,50,0,469,6,2871,20,3340,26,0,5,5,43,1,380,0,18,5
10-20-20,Jefferson,1469,11,1278,8,191,3,1519,9,19898,84,21417,93,1,19,-13,131,23,1319,1,78,22
10-20-20,Johnson,1117,9,1096,1,21,8,1176,0,7674,12,8850,12,1,7,7,80,1,1030,0,33,8
10-20-20,Knox,12193,128,11649,122,544,6,13066,159,153569,856,166635,1015,0,87,12,958,116,11148,7,461,95
10-20-20,Lake,968,0,960,0,8,0,1179,0,6741,4,7920,4,0,3,0,25,0,940,0,8,3
10-20-20,Lauderdale,1334,24,1144,17,190,7,1354,17,12856,40,14210,57,0,18,7,174,17,1142,1,63,17
10-20-20,Lawrence,1499,9,1471,7,28,2,1677,16,13179,85,14856,101,1,18,-12,247,20,1234,1,67,21
10-20-20,Lewis,357,5,355,5,2,0,389,7,5407,32,5796,39,0,2,-2,85,7,270,1,21,4
10-20-20,Lincoln,826,7,796,7,30,0,960,8,9172,16,10132,24,0,2,-6,105,13,719,0,27,3
10-20-20,Loudon,1546,3,1494,3,52,0,1681,5,15829,83,17510,88,0,10,-16,147,19,1389,1,48,11
10-20-20,Macon,1271,7,1217,7,54,0,1508,9,8565,25,10073,34,0,24,-4,71,11,1176,0,86,25
10-20-20,Madison,3639,31,2640,20,999,11,3704,15,32242,87,35946,102,1,79,4,241,26,3319,0,211,86
10-20-20,Marion,734,5,718,5,16,0,872,11,7638,22,8510,33,0,9,-6,104,11,621,0,53,9
10-20-20,Marshall,1060,3,1044,3,16,0,1209,5,10910,34,12119,39,0,8,-9,158,12,894,1,30,10
10-20-20,Maury,3101,21,3052,18,49,3,3485,9,31758,91,35243,100,0,35,-21,371,42,2695,2,108,38
10-20-20,McMinn,1552,13,1524,11,28,2,1776,14,20083,112,21859,126,0,32,-17,225,30,1295,1,81,38
10-20-20,McNairy,1094,5,883,3,211,2,1227,3,9043,18,10270,21,1,26,-8,65,12,1003,0,45,30
10-20-20,Meigs,298,2,294,2,4,0,340,5,3701,20,4041,25,1,5,-1,44,2,249,0,17,5
10-20-20,Monroe,1367,14,1317,14,50,0,1526,16,12976,97,14502,113,4,27,4,186,6,1154,0,86,31
10-20-20,Montgomery,3942,51,3687,30,255,21,4273,39,48429,400,52702,439,0,51,-17,269,68,3622,2,145,58
10-20-20,Moore,252,3,221,2,31,1,274,2,2834,2,3108,4,0,2,-2,30,5,220,0,6,2
10-20-20,Morgan,423,9,395,8,28,1,449,8,9071,49,9520,57,0,6,4,51,5,366,0,12,6
10-20-20,Obion,1697,18,1525,7,172,11,1760,9,11994,32,13754,41,1,18,7,195,10,1484,0,60,28
10-20-20,Out of State,2765,20,2658,18,107,2,3085,22,326329,1600,329414,1622,0,35,-7,275,27,2455,0,99,21
10-20-20,Overton,1149,4,980,4,169,0,1184,6,8484,36,9668,42,0,11,-14,180,18,958,0,46,20
10-20-20,Pending,1422,47,1267,30,155,17,1513,39,204409,731,205922,770,1,4,16,258,30,1160,0,25,3
10-20-20,Perry,244,39,221,38,23,1,219,4,3954,4,4173,8,0,1,37,74,2,169,0,10,1
10-20-20,Pickett,251,1,194,1,57,0,242,1,1390,9,1632,10,0,5,-4,46,5,200,0,13,7
10-20-20,Polk,488,4,470,4,18,0,558,5,4372,14,4930,19,0,13,0,29,4,446,0,22,13
10-20-20,Putnam,4160,53,3806,46,354,7,4838,49,35547,294,40385,343,0,53,13,382,40,3725,1,132,57
10-20-20,Rhea,1063,1,1049,1,14,0,1255,9,12682,71,13937,80,0,16,-8,84,9,963,0,40,17
10-20-20,Roane,1206,17,1153,17,53,0,1371,22,21144,111,22515,133,0,7,-2,143,19,1056,0,44,8
10-20-20,Robertson,2519,11,2476,9,43,2,3003,10,20394,119,23397,129,0,39,-1,130,12,2350,0,183,42
10-20-20,Rutherford,11247,72,11091,63,156,9,13498,83,99865,511,113363,594,0,106,-23,688,95,10453,1,311,114
10-20-20,Scott,338,11,303,10,35,1,339,12,5278,35,5617,47,0,4,4,58,7,276,2,23,4
10-20-20,Sequatchie,329,2,324,2,5,0,361,3,5944,26,6305,29,0,4,-5,55,7,270,0,12,2
10-20-20,Sevier,3204,31,3089,31,115,0,3504,27,29640,171,33144,198,1,21,1,278,29,2905,2,121,23
10-20-20,Shelby,35087,229,34521,222,566,7,43265,263,430609,2209,473874,2472,1,553,74,2003,154,32531,8,2307,586
10-20-20,Smith,965,12,923,11,42,1,1203,16,6655,41,7858,57,0,13,-5,72,17,880,1,35,12
10-20-20,Stewart,308,1,285,0,23,1,339,0,3475,19,3814,19,0,7,0,32,1,269,0,12,12
10-20-20,Sullivan,3291,44,3100,40,191,4,3470,41,36573,58,40043,99,1,45,-13,575,56,2671,1,237,47
10-20-20,Sumner,5767,44,5714,43,53,1,6796,53,54221,252,61017,305,0,107,-12,394,56,5266,1,431,114
10-20-20,Tipton,2243,21,1982,8,261,13,2540,8,24551,124,27091,132,0,22,-3,202,24,2019,1,102,23
10-20-20,Trousdale,1744,3,1730,3,14,0,1821,2,5574,19,7395,21,0,7,1,34,2,1703,1,27,9
10-20-20,Unicoi,370,7,343,4,27,3,405,1,7333,12,7738,13,1,2,5,65,1,303,0,20,3
10-20-20,Union,503,13,458,13,45,0,524,14,5634,54,6158,68,0,2,4,48,9,453,2,20,2
10-20-20,Van Buren,193,0,178,0,15,0,214,0,2580,14,2794,14,0,1,-1,12,1,180,0,8,2
10-20-20,Warren,1366,14,1266,14,100,0,1514,16,15525,114,17039,130,1,10,0,152,13,1204,0,22,11
10-20-20,Washington,3145,31,3047,28,98,3,3509,33,36982,138,40491,171,1,44,-15,425,45,2676,1,139,51
10-20-20,Wayne,1566,2,1544,1,22,1,1701,2,6619,10,8320,12,0,7,-1,31,3,1528,0,23,8
10-20-20,Weakley,1484,11,1343,7,141,4,1586,5,12698,49,14284,54,0,25,-4,93,15,1366,0,37,26
10-20-20,White,1104,29,1022,29,82,0,1362,35,12092,81,13454,116,0,14,18,103,11,987,0,59,14
10-20-20,Williamson,6704,50,6453,39,251,11,7616,48,81925,520,89541,568,1,49,-21,576,70,6079,2,146,54
10-20-20,Wilson,4436,20,4343,19,93,1,5164,28,44566,237,49730,265,0,53,-19,381,39,4002,0,146,58
10-19-20,Anderson,1569,4,1500,4,69,0,1752,5,29600,66,31352,71,0,13,-16,171,20,1385,1,52,15
10-19-20,Bedford,1594,13,1513,13,81,0,1866,13,15134,166,17000,179,0,20,-1,140,14,1434,1,60,20
10-19-20,Benton,400,6,382,6,18,0,426,6,5182,15,5608,21,0,9,1,28,5,363,0,19,9
10-19-20,Bledsoe,927,6,920,6,7,0,970,5,8714,100,9684,105,0,4,0,36,6,887,0,21,4
10-19-20,Blount,3117,22,3032,18,85,4,3545,16,33882,201,37427,217,0,31,-5,291,27,2795,1,136,33
10-19-20,Bradley,3447,28,3308,27,139,1,3985,24,29097,137,33082,161,0,21,4,237,24,3189,3,213,21
10-19-20,Campbell,894,27,773,14,121,13,886,11,13495,31,14381,42,0,7,-2,230,29,657,1,51,10
10-19-20,Cannon,398,4,378,4,20,0,460,6,4672,31,5132,37,0,2,1,51,3,345,0,13,2
10-19-20,Carroll,1090,4,920,3,170,1,1145,3,12423,18,13568,21,0,24,-8,63,12,1003,0,56,26
10-19-20,Carter,1438,23,1376,21,62,2,1550,20,18655,100,20205,120,0,32,10,132,13,1274,0,95,34
10-19-20,Cheatham,969,7,943,6,26,1,1133,6,12550,49,13683,55,0,11,1,78,6,880,1,35,12
10-19-20,Chester,712,2,585,2,127,0,789,2,6184,37,6973,39,0,14,-1,44,3,654,0,25,16
10-19-20,Claiborne,501,7,444,2,57,5,545,3,11830,24,12375,27,0,6,4,32,3,463,0,27,6
10-19-20,Clay,368,4,307,3,61,1,365,3,3301,10,3666,13,3,12,-11,76,12,280,0,12,14
10-19-20,Cocke,927,7,834,6,93,1,952,4,9403,34,10355,38,0,12,-11,87,18,828,1,51,16
10-19-20,Coffee,1767,26,1547,19,220,7,1990,18,22805,132,24795,150,0,20,-5,258,31,1489,1,57,29
10-19-20,Crockett,801,15,633,6,168,9,783,5,4283,19,5066,24,0,20,0,143,15,638,0,22,20
10-19-20,Cumberland,1500,1,1457,1,43,0,1803,1,26076,38,27879,39,0,24,-27,121,28,1355,0,75,26
10-19-20,Davidson,30487,265,30240,262,247,3,37936,248,416333,3181,454269,3429,0,325,70,1787,195,28375,6,1201,345
10-19-20,Decatur,626,3,496,1,130,2,671,1,6770,11,7441,12,0,11,0,42,3,573,0,22,11
10-19-20,Dekalb,639,4,612,4,27,0,782,7,9251,27,10033,34,0,16,-6,45,10,578,2,31,18
10-19-20,Dickson,1552,13,1356,10,196,3,1835,7,16469,52,18304,59,0,18,-1,148,14,1386,1,65,19
10-19-20,Dyer,2079,20,1798,12,281,8,2093,9,13709,46,15802,55,0,26,-10,366,30,1687,0,77,31
10-19-20,Fayette,1585,17,1527,17,58,0,1935,18,18127,110,20062,128,1,22,4,218,12,1345,0,91,31
10-19-20,Fentress,864,8,768,5,96,3,940,7,5312,97,6252,104,0,7,-15,114,23,743,1,39,12
10-19-20,Franklin,1231,20,1181,19,50,1,1481,20,17300,112,18781,132,0,15,4,131,16,1085,0,56,23
10-19-20,Gibson,2077,15,1594,4,483,11,2204,7,17416,52,19620,59,0,37,-3,149,18,1891,0,67,46
10-19-20,Giles,899,10,879,10,20,0,1052,11,10800,68,11852,79,3,34,-12,135,19,730,0,55,36
10-19-20,Grainger,538,9,488,7,50,2,590,7,7143,25,7733,32,0,4,3,70,6,464,0,28,4
10-19-20,Greene,1565,40,1478,40,87,0,1756,34,18762,144,20518,178,1,50,6,238,33,1277,3,95,52
10-19-20,Grundy,546,12,506,12,40,0,612,9,3232,56,3844,65,0,8,3,101,9,437,0,39,11
10-19-20,Hamblen,2345,12,2140,10,205,2,2505,8,25475,67,27980,75,0,43,-14,195,26,2107,1,134,51
10-19-20,Hamilton,11156,109,10683,98,473,11,12537,106,155784,899,168321,1005,0,102,21,671,88,10383,4,448,109
10-19-20,Hancock,115,1,105,0,10,1,120,0,2151,4,2271,4,0,3,1,3,0,109,0,11,3
10-19-20,Hardeman,1826,14,1720,6,106,8,2061,5,16002,154,18063,159,0,32,2,120,12,1674,0,76,32
10-19-20,Hardin,1330,14,1090,11,240,3,1412,10,14108,61,15520,71,0,19,4,151,10,1160,0,35,22
10-19-20,Hawkins,1110,18,1066,18,44,0,1215,18,12101,80,13316,98,0,23,0,155,18,932,2,76,26
10-19-20,Haywood,1227,7,1147,6,80,1,1327,7,7825,138,9152,145,0,25,-2,70,9,1132,0,51,27
10-19-20,Henderson,1363,14,1092,9,271,5,1611,12,10074,38,11685,50,0,25,1,81,13,1257,0,50,27
10-19-20,Henry,742,3,722,3,20,0,877,5,10878,35,11755,40,0,10,-2,56,5,676,0,42,11
10-19-20,Hickman,756,3,704,3,52,0,891,3,8537,34,9428,37,0,13,-3,63,6,680,0,23,14
10-19-20,Houston,389,4,347,3,42,1,416,3,3280,161,3696,164,0,14,-5,38,9,337,0,30,18
10-19-20,Humphreys,407,4,324,4,83,0,422,3,6376,24,6798,27,0,4,-4,66,8,337,0,15,4
10-19-20,Jackson,422,3,372,3,50,0,463,3,2851,36,3314,39,0,5,-1,38,4,379,0,18,5
10-19-20,Jefferson,1458,7,1270,5,188,2,1510,6,19814,61,21324,67,0,18,-19,144,26,1296,1,77,22
10-19-20,Johnson,1108,5,1095,5,13,0,1176,22,7662,172,8838,194,0,6,-6,73,11,1029,1,33,8
10-19-20,Knox,12065,113,11527,108,538,5,12907,104,152713,810,165620,914,1,87,-8,946,120,11032,6,454,94
10-19-20,Lake,968,5,960,5,8,0,1179,6,6737,14,7916,20,0,3,4,25,1,940,0,8,3
10-19-20,Lauderdale,1310,8,1127,8,183,0,1337,11,12816,97,14153,108,0,18,-17,167,25,1125,0,62,17
10-19-20,Lawrence,1490,25,1464,22,26,3,1661,16,13094,79,14755,95,0,17,-1,259,26,1214,1,66,21
10-19-20,Lewis,352,9,350,9,2,0,382,7,5375,27,5757,34,0,2,-5,87,14,263,0,20,4
10-19-20,Lincoln,819,14,789,14,30,0,952,13,9156,29,10108,42,0,2,2,111,12,706,0,27,2
10-19-20,Loudon,1543,13,1491,11,52,2,1676,11,15746,58,17422,69,0,10,-6,163,19,1370,1,47,11
10-19-20,Macon,1264,4,1210,4,54,0,1499,5,8540,26,10039,31,0,24,-15,75,19,1165,0,86,25
10-19-20,Madison,3608,17,2620,10,988,7,3689,13,32155,216,35844,229,0,78,-28,237,45,3293,0,211,86
10-19-20,Marion,729,12,713,11,16,1,861,13,7616,90,8477,103,0,9,2,110,10,610,3,53,9
10-19-20,Marshall,1057,12,1041,12,16,0,1204,14,10876,62,12080,76,0,8,-11,167,23,882,0,29,9
10-19-20,Maury,3080,23,3034,22,46,1,3476,25,31667,174,35143,199,0,35,-8,392,31,2653,1,106,38
10-19-20,McMinn,1539,18,1513,18,26,0,1762,21,19971,94,21733,115,0,32,-1,242,19,1265,1,80,38
10-19-20,McNairy,1089,3,880,2,209,1,1224,3,9025,46,10249,49,0,25,-5,73,8,991,0,45,30
10-19-20,Meigs,296,3,292,3,4,0,335,3,3681,21,4016,24,0,4,-3,45,6,247,1,17,5
10-19-20,Monroe,1353,30,1303,28,50,2,1510,27,12879,102,14389,129,0,23,11,182,19,1148,1,86,30
10-19-20,Montgomery,3891,33,3657,22,234,11,4234,18,48029,215,52263,233,0,51,-33,286,66,3554,0,143,57
10-19-20,Moore,249,1,219,1,30,0,272,0,2832,11,3104,11,0,2,-3,32,4,215,0,6,2
10-19-20,Morgan,414,3,387,3,27,0,441,3,9022,13,9463,16,0,6,-1,47,4,361,0,12,6
10-19-20,Obion,1679,7,1518,7,161,0,1751,6,11962,50,13713,56,0,17,-25,188,32,1474,1,60,26
10-19-20,Out of State,2745,32,2640,28,105,4,3063,30,324729,1811,327792,1841,1,35,4,282,27,2428,1,99,21
10-19-20,Overton,1145,17,976,17,169,0,1178,21,8448,65,9626,86,0,11,-12,194,29,940,0,46,20
10-19-20,Pending,1375,29,1237,24,138,5,1474,20,203678,944,205152,964,0,3,6,242,23,1130,1,25,2
10-19-20,Perry,205,0,183,0,22,0,215,0,3950,8,4165,8,0,1,-2,37,2,167,0,10,1
10-19-20,Pickett,250,7,193,5,57,2,241,5,1381,41,1622,46,0,5,-7,50,14,195,0,13,5
10-19-20,Polk,484,5,466,5,18,0,553,5,4358,14,4911,19,0,13,2,29,3,442,0,22,13
10-19-20,Putnam,4107,30,3760,28,347,2,4789,27,35253,176,40042,203,1,53,-19,369,48,3685,0,131,57
10-19-20,Rhea,1062,20,1048,20,14,0,1246,13,12611,150,13857,163,0,16,6,92,14,954,2,40,17
10-19-20,Roane,1189,16,1136,15,53,1,1349,17,21033,203,22382,220,1,7,-5,145,20,1037,1,44,8
10-19-20,Robertson,2508,12,2467,12,41,0,2993,14,20275,96,23268,110,0,39,-3,131,15,2338,1,183,41
10-19-20,Rutherford,11175,146,11028,142,147,4,13415,149,99354,1100,112769,1249,0,106,33,711,113,10358,3,310,114
10-19-20,Scott,327,5,293,3,34,2,327,2,5243,24,5570,26,0,4,-1,54,6,269,0,21,4
10-19-20,Sequatchie,327,2,322,2,5,0,358,1,5918,33,6276,34,0,4,0,60,2,263,1,12,2
10-19-20,Sevier,3173,21,3058,19,115,2,3477,22,29469,160,32946,182,0,20,-17,277,38,2876,1,119,23
10-19-20,Shelby,34858,190,34299,183,559,7,43002,220,428400,1627,471402,1847,1,552,-21,1929,210,32377,4,2299,584
10-19-20,Smith,953,10,912,10,41,0,1187,11,6614,38,7801,49,0,13,-7,77,17,863,1,34,12
10-19-20,Stewart,307,2,285,2,22,0,339,2,3456,24,3795,26,0,7,-4,32,6,268,0,12,12
10-19-20,Sullivan,3247,88,3060,88,187,0,3429,87,36515,223,39944,310,0,44,20,588,68,2615,16,236,47
10-19-20,Sumner,5723,63,5671,62,52,1,6743,64,53969,364,60712,428,0,107,18,406,45,5210,2,430,111
10-19-20,Tipton,2222,16,1974,15,248,1,2532,17,24427,103,26959,120,0,22,-10,205,26,1995,1,101,23
10-19-20,Trousdale,1741,6,1727,6,14,0,1819,6,5555,36,7374,42,0,7,4,33,2,1701,0,26,9
10-19-20,Unicoi,363,5,339,5,24,0,404,5,7321,47,7725,52,0,1,3,60,2,302,1,20,3
10-19-20,Union,490,0,445,0,45,0,510,0,5580,11,6090,11,0,2,-5,44,5,444,0,18,2
10-19-20,Van Buren,193,0,178,0,15,0,214,0,2566,6,2780,6,0,1,-6,13,6,179,0,8,2
10-19-20,Warren,1352,4,1252,4,100,0,1498,3,15411,92,16909,95,0,9,-13,152,17,1191,0,22,11
10-19-20,Washington,3114,78,3019,74,95,4,3476,68,36844,253,40320,321,0,43,40,440,38,2631,5,138,48
10-19-20,Wayne,1564,9,1543,8,21,1,1699,10,6609,22,8308,32,0,7,4,32,5,1525,1,23,8
10-19-20,Weakley,1473,5,1336,1,137,4,1581,1,12649,34,14230,35,0,25,-1,97,6,1351,0,37,26
10-19-20,White,1075,8,993,8,82,0,1327,8,12011,57,13338,65,0,14,-13,85,21,976,0,59,14
10-19-20,Williamson,6654,88,6414,79,240,9,7568,84,81405,725,88973,809,0,48,12,597,76,6009,1,144,54
10-19-20,Wilson,4416,63,4324,63,92,0,5136,62,44329,337,49465,399,0,53,19,400,44,3963,0,146,56
10-18-20,Anderson,1565,20,1496,20,69,0,1747,23,29534,238,31281,261,0,13,5,187,15,1365,0,51,15
10-18-20,Bedford,1581,16,1500,12,81,4,1853,11,14968,135,16821,146,0,20,8,141,8,1420,0,59,20
10-18-20,Benton,394,2,376,2,18,0,420,2,5167,19,5587,21,0,9,1,27,1,358,0,19,9
10-18-20,Bledsoe,921,4,914,4,7,0,965,4,8614,68,9579,72,0,4,4,36,0,881,0,21,4
10-18-20,Blount,3095,40,3014,40,81,0,3529,46,33681,290,37210,336,0,31,21,296,19,2768,0,135,32
10-18-20,Bradley,3419,44,3281,41,138,3,3961,44,28960,294,32921,338,0,21,30,233,14,3165,1,210,21
10-18-20,Campbell,867,19,759,17,108,2,875,24,13464,279,14339,303,1,7,-16,232,34,628,2,50,10
10-18-20,Cannon,394,4,374,3,20,1,454,3,4641,32,5095,35,0,2,-3,50,7,342,1,13,2
10-18-20,Carroll,1086,5,917,5,169,0,1142,9,12405,90,13547,99,0,24,-3,71,8,991,0,56,25
10-18-20,Carter,1415,15,1355,15,60,0,1530,19,18555,219,20085,238,0,32,0,122,15,1261,0,95,34
10-18-20,Cheatham,962,17,937,13,25,4,1127,13,12501,133,13628,146,0,11,11,77,6,874,0,34,12
10-18-20,Chester,710,1,583,1,127,0,787,1,6147,20,6934,21,0,14,-1,45,2,651,0,25,16
10-18-20,Claiborne,494,3,442,2,52,1,542,2,11806,59,12348,61,0,6,1,28,2,460,1,27,6
10-18-20,Clay,364,0,304,0,60,0,362,1,3291,10,3653,11,0,9,-3,87,3,268,0,12,14
10-18-20,Cocke,920,15,828,6,92,9,948,9,9369,55,10317,64,0,12,6,98,9,810,1,50,16
10-18-20,Coffee,1741,31,1528,26,213,5,1972,30,22673,238,24645,268,0,20,16,263,15,1458,0,56,29
10-18-20,Crockett,786,11,627,5,159,6,778,6,4264,23,5042,29,0,20,-2,143,13,623,0,22,20
10-18-20,Cumberland,1499,18,1456,14,43,4,1802,17,26038,197,27840,214,0,24,10,148,8,1327,2,75,26
10-18-20,Davidson,30222,291,29978,287,244,4,37688,383,413152,7451,450840,7834,0,325,184,1717,107,28180,3,1195,343
10-18-20,Decatur,623,4,495,3,128,1,670,3,6759,26,7429,29,0,11,1,42,3,570,0,22,11
10-18-20,Dekalb,635,3,608,3,27,0,775,4,9224,40,9999,44,0,16,2,51,1,568,0,29,17
10-18-20,Dickson,1539,27,1346,21,193,6,1828,25,16417,200,18245,225,0,18,22,149,5,1372,0,64,18
10-18-20,Dyer,2059,52,1786,38,273,14,2084,39,13663,162,15747,201,0,26,26,376,26,1657,2,77,31
10-18-20,Fayette,1568,16,1510,16,58,0,1917,18,18017,201,19934,219,0,21,6,214,10,1333,2,91,31
10-18-20,Fentress,856,7,763,7,93,0,933,8,5215,27,6148,35,0,7,0,129,7,720,0,38,11
10-18-20,Franklin,1211,15,1162,15,49,0,1461,23,17188,149,18649,172,0,15,5,127,10,1069,1,56,23
10-18-20,Gibson,2062,13,1590,10,472,3,2197,12,17364,89,19561,101,0,37,5,152,8,1873,0,67,46
10-18-20,Giles,889,16,869,16,20,0,1041,29,10732,241,11773,270,0,31,11,147,5,711,0,55,36
10-18-20,Grainger,529,5,481,3,48,2,583,2,7118,32,7701,34,0,4,1,67,4,458,0,28,4
10-18-20,Greene,1525,34,1438,33,87,1,1722,33,18618,258,20340,291,1,49,20,232,13,1244,1,92,52
10-18-20,Grundy,534,5,494,4,40,1,603,5,3176,42,3779,47,0,8,0,98,5,428,0,39,9
10-18-20,Hamblen,2333,12,2130,10,203,2,2497,15,25408,106,27905,121,0,43,-7,209,19,2081,1,133,51
10-18-20,Hamilton,11047,95,10585,90,462,5,12431,106,154885,1681,167316,1787,0,102,29,650,66,10295,4,444,109
10-18-20,Hancock,114,0,105,0,9,0,120,0,2147,12,2267,12,0,3,0,2,0,109,0,11,3
10-18-20,Hardeman,1812,10,1714,7,98,3,2056,8,15848,137,17904,145,0,32,5,118,5,1662,0,76,32
10-18-20,Hardin,1316,10,1079,8,237,2,1402,9,14047,59,15449,68,0,19,6,147,4,1150,0,35,22
10-18-20,Hawkins,1092,11,1048,10,44,1,1197,14,12021,121,13218,135,0,23,1,155,10,914,2,74,26
10-18-20,Haywood,1220,7,1141,6,79,1,1320,6,7687,33,9007,39,0,25,-2,72,9,1123,0,51,27
10-18-20,Henderson,1349,7,1083,5,266,2,1599,7,10036,68,11635,75,0,25,0,80,7,1244,0,50,27
10-18-20,Henry,739,6,719,6,20,0,872,7,10843,31,11715,38,0,10,5,58,1,671,0,42,11
10-18-20,Hickman,753,15,701,15,52,0,888,15,8503,79,9391,94,0,13,13,66,2,674,0,23,14
10-18-20,Houston,385,12,344,11,41,1,413,11,3119,36,3532,47,0,14,8,43,4,328,0,30,18
10-18-20,Humphreys,403,8,320,7,83,1,419,7,6352,54,6771,61,0,4,-1,70,9,329,1,15,4
10-18-20,Jackson,419,2,369,2,50,0,460,2,2815,8,3275,10,0,5,-1,39,3,375,1,18,5
10-18-20,Jefferson,1451,12,1265,8,186,4,1504,14,19753,188,21257,202,0,18,4,163,8,1270,0,76,21
10-18-20,Johnson,1103,23,1090,23,13,0,1154,7,7490,57,8644,64,0,6,19,79,4,1018,0,32,7
10-18-20,Knox,11952,141,11419,136,533,5,12803,170,151903,1464,164706,1634,0,86,53,954,88,10912,7,448,94
10-18-20,Lake,963,1,955,1,8,0,1173,2,6723,11,7896,13,0,3,0,21,1,939,0,8,3
10-18-20,Lauderdale,1302,17,1119,7,183,10,1326,5,12719,72,14045,77,0,18,8,184,9,1100,2,62,17
10-18-20,Lawrence,1465,39,1442,36,23,3,1645,45,13015,394,14660,439,0,17,26,260,13,1188,0,65,21
10-18-20,Lewis,343,14,341,14,2,0,375,17,5348,171,5723,188,0,2,10,92,4,249,0,20,4
10-18-20,Lincoln,805,16,775,16,30,0,939,17,9127,54,10066,71,0,2,14,109,2,694,1,27,2
10-18-20,Loudon,1530,12,1480,12,50,0,1665,12,15688,236,17353,248,0,10,-1,169,13,1351,0,46,11
10-18-20,Macon,1260,5,1206,5,54,0,1494,6,8514,43,10008,49,0,24,-2,90,7,1146,0,86,24
10-18-20,Madison,3591,14,2610,9,981,5,3676,15,31939,313,35615,328,0,78,-3,265,17,3248,0,211,85
10-18-20,Marion,717,11,702,11,15,0,848,18,7526,92,8374,110,0,9,11,108,0,600,0,50,9
10-18-20,Marshall,1045,24,1029,24,16,0,1190,30,10814,197,12004,227,0,8,14,178,10,859,0,29,9
10-18-20,Maury,3057,89,3012,89,45,0,3451,96,31493,692,34944,788,0,35,59,400,30,2622,0,105,36
10-18-20,McMinn,1521,39,1495,39,26,0,1741,47,19877,300,21618,347,0,32,23,243,16,1246,0,79,37
10-18-20,McNairy,1086,11,878,9,208,2,1221,11,8979,84,10200,95,0,25,8,78,3,983,0,45,30
10-18-20,Meigs,293,13,289,13,4,0,332,17,3660,84,3992,101,0,4,11,48,2,241,1,16,5
10-18-20,Monroe,1323,14,1275,14,48,0,1483,16,12777,150,14260,166,0,23,7,171,7,1129,0,85,29
10-18-20,Montgomery,3858,60,3635,57,223,3,4216,59,47814,619,52030,678,0,51,35,319,25,3488,1,143,57
10-18-20,Moore,248,3,218,3,30,0,272,4,2821,19,3093,23,0,2,2,35,1,211,0,6,2
10-18-20,Morgan,411,5,384,5,27,0,438,6,9009,35,9447,41,0,6,2,48,3,357,0,12,6
10-18-20,Obion,1672,13,1511,11,161,2,1745,12,11912,99,13657,111,0,17,5,213,8,1442,0,59,24
10-18-20,Out of State,2713,52,2612,48,101,4,3033,58,322918,3877,325951,3935,0,34,39,278,13,2401,2,98,21
10-18-20,Overton,1128,10,959,9,169,1,1157,9,8383,60,9540,69,0,11,-2,206,12,911,1,46,18
10-18-20,Pending,1346,48,1213,46,133,2,1454,52,202734,2247,204188,2299,0,3,35,236,13,1107,1,24,2
10-18-20,Perry,205,9,183,9,22,0,215,10,3942,24,4157,34,0,1,5,39,4,165,1,10,1
10-18-20,Pickett,243,1,188,1,55,0,236,1,1340,8,1576,9,0,5,-3,57,4,181,0,13,5
10-18-20,Polk,479,9,461,9,18,0,548,11,4344,42,4892,53,0,13,6,27,3,439,0,22,13
10-18-20,Putnam,4077,35,3732,32,345,3,4762,34,35077,319,39839,353,0,52,4,388,31,3637,1,131,57
10-18-20,Rhea,1042,8,1028,8,14,0,1233,9,12461,164,13694,173,0,16,5,86,3,940,1,38,17
10-18-20,Roane,1173,16,1121,16,52,0,1332,20,20830,240,22162,260,0,6,5,150,11,1017,1,43,7
10-18-20,Robertson,2496,24,2455,22,41,2,2979,24,20179,262,23158,286,0,39,17,134,7,2323,3,182,41
10-18-20,Rutherford,11029,100,10886,98,143,2,13266,118,98254,1013,111520,1131,0,106,29,678,71,10245,0,307,113
10-18-20,Scott,322,6,290,6,32,0,325,6,5219,66,5544,72,0,4,5,55,1,263,0,21,4
10-18-20,Sequatchie,325,6,320,6,5,0,357,7,5885,79,6242,86,0,4,4,60,2,261,0,11,2
10-18-20,Sevier,3152,26,3039,25,113,1,3455,26,29309,157,32764,183,0,20,11,294,15,2838,1,118,21
10-18-20,Shelby,34668,327,34116,322,552,5,42782,384,426773,5382,469555,5766,2,551,220,1950,105,32167,9,2295,582
10-18-20,Smith,943,1,902,0,41,1,1176,0,6576,30,7752,30,0,13,-8,84,9,846,0,33,12
10-18-20,Stewart,305,4,283,4,22,0,337,6,3432,56,3769,62,0,7,-2,36,6,262,0,12,11
10-18-20,Sullivan,3159,74,2972,72,187,2,3342,75,36292,535,39634,610,0,44,44,568,30,2547,2,220,45
10-18-20,Sumner,5660,70,5609,68,51,2,6679,77,53605,611,60284,688,1,107,48,388,21,5165,0,428,111
10-18-20,Tipton,2206,22,1959,14,247,8,2515,16,24324,169,26839,185,0,22,10,215,12,1969,0,100,23
10-18-20,Trousdale,1735,10,1721,10,14,0,1813,10,5519,26,7332,36,0,7,8,29,2,1699,0,26,9
10-18-20,Unicoi,358,13,334,11,24,2,399,11,7274,63,7673,74,0,1,12,57,1,300,0,19,3
10-18-20,Union,490,4,445,4,45,0,510,5,5569,30,6079,35,0,2,1,49,3,439,0,18,2
10-18-20,Van Buren,193,0,178,0,15,0,214,0,2560,61,2774,61,0,1,-2,19,2,173,0,8,2
10-18-20,Warren,1348,10,1248,10,100,0,1495,11,15319,117,16814,128,0,9,7,165,3,1174,0,22,11
10-18-20,Washington,3036,47,2945,43,91,4,3408,51,36591,394,39999,445,1,43,27,400,19,2593,0,133,47
10-18-20,Wayne,1555,5,1535,3,20,2,1689,4,6587,53,8276,57,0,7,3,28,2,1520,0,22,8
10-18-20,Weakley,1468,12,1335,10,133,2,1580,10,12615,71,14195,81,0,25,1,98,11,1345,0,37,26
10-18-20,White,1067,5,985,5,82,0,1319,5,11954,89,13273,94,0,14,-2,98,7,955,2,59,14
10-18-20,Williamson,6566,93,6335,85,231,8,7484,99,80680,1015,88164,1114,0,48,29,585,64,5933,6,143,52
10-18-20,Wilson,4353,66,4261,65,92,1,5074,81,43992,433,49066,514,0,53,41,381,25,3919,4,146,56
10-17-20,Anderson,1545,28,1476,27,69,1,1724,30,29296,247,31020,277,0,13,13,182,15,1350,2,51,15
10-17-20,Bedford,1565,5,1488,5,77,0,1842,11,14833,178,16675,189,0,20,-2,133,7,1412,0,59,20
10-17-20,Benton,392,6,374,6,18,0,418,6,5148,33,5566,39,0,9,2,26,4,357,0,19,9
10-17-20,Bledsoe,917,5,910,5,7,0,961,6,8546,80,9507,86,0,4,3,32,2,881,0,21,4
10-17-20,Blount,3055,24,2974,24,81,0,3483,31,33391,472,36874,503,0,31,6,275,18,2749,1,135,32
10-17-20,Bradley,3375,21,3240,19,135,2,3917,20,28666,169,32583,189,0,21,1,203,20,3151,4,209,21
10-17-20,Campbell,848,29,742,25,106,4,851,30,13185,115,14036,145,0,6,0,248,29,594,3,48,10
10-17-20,Cannon,390,9,371,9,19,0,451,9,4609,43,5060,52,0,2,7,53,2,335,1,12,2
10-17-20,Carroll,1081,10,912,9,169,1,1133,11,12315,102,13448,113,0,24,5,74,5,983,0,56,25
10-17-20,Carter,1400,11,1340,11,60,0,1511,11,18336,209,19847,220,0,32,1,122,10,1246,2,95,34
10-17-20,Cheatham,945,7,924,7,21,0,1114,9,12368,81,13482,90,0,11,6,66,1,868,0,34,12
10-17-20,Chester,709,6,582,4,127,2,786,4,6127,61,6913,65,1,14,5,46,0,649,0,25,16
10-17-20,Claiborne,491,2,440,2,51,0,540,2,11747,73,12287,75,0,6,0,27,2,458,1,26,6
10-17-20,Clay,364,8,304,6,60,2,361,6,3281,35,3642,41,2,9,4,90,2,265,0,12,14
10-17-20,Cocke,905,12,822,9,83,3,939,14,9314,155,10253,169,0,12,7,92,5,801,2,49,14
10-17-20,Coffee,1710,29,1502,23,208,6,1942,27,22435,318,24377,345,1,20,8,247,20,1443,1,56,29
10-17-20,Crockett,775,27,622,21,153,6,772,21,4241,50,5013,71,1,20,20,145,6,610,0,22,19
10-17-20,Cumberland,1481,12,1442,12,39,0,1785,14,25841,248,27626,262,0,24,-2,138,14,1319,0,73,26
10-17-20,Davidson,29931,250,29691,247,240,3,37305,280,405701,4243,443006,4523,1,325,144,1533,105,28073,7,1192,343
10-17-20,Decatur,619,10,492,10,127,0,667,11,6733,162,7400,173,0,11,6,41,4,567,0,22,11
10-17-20,Dekalb,632,10,605,10,27,0,771,13,9184,121,9955,134,0,16,7,49,3,567,0,29,17
10-17-20,Dickson,1512,14,1325,8,187,6,1803,9,16217,99,18020,108,0,18,4,127,10,1367,0,64,18
10-17-20,Dyer,2007,63,1748,45,259,18,2045,49,13501,125,15546,174,2,26,33,350,28,1631,2,75,31
10-17-20,Fayette,1552,30,1494,29,58,1,1899,32,17816,245,19715,277,0,21,11,208,19,1323,1,89,31
10-17-20,Fentress,849,21,756,21,93,0,925,27,5188,133,6113,160,1,7,14,129,6,713,1,38,10
10-17-20,Franklin,1196,9,1147,8,49,1,1438,11,17039,149,18477,160,1,15,-1,122,9,1059,0,55,23
10-17-20,Gibson,2049,21,1580,15,469,6,2185,18,17275,209,19460,227,1,37,5,147,15,1865,0,67,45
10-17-20,Giles,873,10,853,10,20,0,1012,17,10491,87,11503,104,0,31,-5,136,15,706,1,55,35
10-17-20,Grainger,524,9,478,9,46,0,581,21,7086,130,7667,151,0,4,6,66,3,454,0,28,4
10-17-20,Greene,1491,25,1405,24,86,1,1689,37,18360,329,20049,366,0,48,10,212,15,1231,1,91,52
10-17-20,Grundy,529,8,490,8,39,0,598,10,3134,109,3732,119,0,8,6,98,2,423,0,39,9
10-17-20,Hamblen,2321,26,2120,25,201,1,2482,31,25302,419,27784,450,0,43,13,216,13,2062,0,132,51
10-17-20,Hamilton,10952,84,10495,82,457,2,12325,87,153204,1095,165529,1182,1,102,-6,621,89,10229,2,440,109
10-17-20,Hancock,114,0,105,0,9,0,120,0,2135,8,2255,8,0,3,0,2,0,109,0,11,3
10-17-20,Hardeman,1802,19,1707,19,95,0,2048,24,15711,220,17759,244,0,32,14,113,5,1657,1,76,32
10-17-20,Hardin,1306,40,1071,32,235,8,1393,39,13988,319,15381,358,0,19,37,141,3,1146,1,35,22
10-17-20,Hawkins,1081,18,1038,18,43,0,1183,21,11900,170,13083,191,0,23,5,154,13,904,1,72,26
10-17-20,Haywood,1213,6,1135,5,78,1,1314,6,7654,112,8968,118,0,25,-2,74,8,1114,0,51,27
10-17-20,Henderson,1342,8,1078,8,264,0,1592,9,9968,91,11560,100,1,25,4,80,3,1237,0,50,27
10-17-20,Henry,733,19,713,19,20,0,865,21,10812,67,11677,88,0,10,16,53,3,670,0,42,11
10-17-20,Hickman,738,6,686,5,52,1,873,8,8424,51,9297,59,0,13,2,53,4,672,0,23,14
10-17-20,Houston,373,2,333,0,40,2,402,1,3083,97,3485,98,0,14,-2,35,4,324,0,30,17
10-17-20,Humphreys,395,10,313,7,82,3,412,10,6298,62,6710,72,0,4,7,71,3,320,0,14,4
10-17-20,Jackson,417,8,367,8,50,0,458,9,2807,24,3265,33,0,5,4,40,4,372,0,17,5
10-17-20,Jefferson,1439,14,1257,14,182,0,1490,21,19565,403,21055,424,0,18,6,159,8,1262,0,76,20
10-17-20,Johnson,1080,13,1067,13,13,0,1147,14,7433,81,8580,95,0,6,9,60,4,1014,1,32,7
10-17-20,Knox,11811,129,11283,125,528,4,12633,154,150439,1470,163072,1624,1,86,46,901,82,10824,3,441,93
10-17-20,Lake,962,7,954,6,8,1,1171,7,6712,55,7883,62,0,3,7,21,0,938,0,8,3
10-17-20,Lauderdale,1285,44,1112,28,173,16,1321,31,12647,118,13968,149,0,18,34,176,10,1091,3,60,17
10-17-20,Lawrence,1426,15,1406,15,20,0,1600,18,12621,102,14221,120,0,17,1,234,14,1175,0,65,21
10-17-20,Lewis,329,8,327,8,2,0,358,9,5177,34,5535,43,0,2,5,82,3,245,0,20,4
10-17-20,Lincoln,789,7,759,7,30,0,922,12,9073,41,9995,53,0,2,0,95,7,692,1,26,2
10-17-20,Loudon,1518,14,1468,14,50,0,1653,18,15452,201,17105,219,0,10,9,170,5,1338,0,46,11
10-17-20,Macon,1255,6,1201,6,54,0,1488,9,8471,141,9959,150,2,24,-7,92,11,1139,0,86,24
10-17-20,Madison,3577,23,2601,17,976,6,3661,16,31626,351,35287,367,0,78,-5,268,28,3231,2,211,85
10-17-20,Marion,706,21,691,18,15,3,830,19,7434,111,8264,130,0,9,16,97,5,600,2,50,9
10-17-20,Marshall,1021,11,1005,11,16,0,1160,16,10617,87,11777,103,0,8,8,164,3,849,0,29,9
10-17-20,Maury,2968,69,2923,69,45,0,3355,90,30801,582,34156,672,0,35,45,341,24,2592,0,105,36
10-17-20,McMinn,1482,27,1456,27,26,0,1694,32,19577,221,21271,253,0,32,18,220,9,1230,2,79,36
10-17-20,McNairy,1075,9,869,5,206,4,1210,5,8895,102,10105,107,1,25,-2,70,10,980,0,45,30
10-17-20,Meigs,280,6,276,6,4,0,315,5,3576,30,3891,35,0,4,4,37,2,239,1,15,4
10-17-20,Monroe,1309,32,1261,32,48,0,1467,37,12627,165,14094,202,1,23,25,164,6,1122,2,85,28
10-17-20,Montgomery,3798,52,3578,45,220,7,4157,51,47195,589,51352,640,0,51,33,284,19,3463,0,142,56
10-17-20,Moore,245,1,215,1,30,0,268,3,2802,17,3070,20,0,2,-3,33,4,210,0,6,2
10-17-20,Morgan,406,4,379,4,27,0,432,6,8974,52,9406,58,0,6,-2,46,6,354,0,12,6
10-17-20,Obion,1659,23,1500,19,159,4,1733,22,11813,120,13546,142,0,17,9,208,14,1434,0,59,23
10-17-20,Out of State,2661,55,2564,52,97,3,2975,55,319041,3329,322016,3384,3,34,39,239,13,2388,1,96,21
10-17-20,Overton,1118,27,950,22,168,5,1148,25,8323,102,9471,127,0,11,16,208,11,899,0,45,17
10-17-20,Pending,1298,43,1167,34,131,9,1402,38,200487,2109,201889,2147,0,3,28,201,15,1094,0,23,2
10-17-20,Perry,196,5,174,5,22,0,205,11,3918,91,4123,102,0,1,5,34,0,161,0,9,1
10-17-20,Pickett,242,13,187,13,55,0,235,13,1332,50,1567,63,1,5,5,60,7,177,2,13,5
10-17-20,Polk,470,2,452,2,18,0,537,3,4302,30,4839,33,0,13,2,21,0,436,0,22,13
10-17-20,Putnam,4042,61,3700,60,342,1,4728,73,34758,485,39486,558,1,52,36,384,24,3606,2,130,56
10-17-20,Rhea,1034,14,1020,14,14,0,1224,22,12297,158,13521,180,0,16,13,81,1,937,0,37,17
10-17-20,Roane,1157,22,1105,22,52,0,1312,28,20590,363,21902,391,0,6,11,145,11,1006,1,42,6
10-17-20,Robertson,2472,15,2433,15,39,0,2955,24,19917,223,22872,247,-1,39,3,117,13,2316,1,179,41
10-17-20,Rutherford,10929,94,10788,85,141,9,13148,92,97241,1059,110389,1151,1,106,24,649,69,10174,0,307,113
10-17-20,Scott,316,5,284,5,32,0,319,8,5153,124,5472,132,1,4,1,50,3,262,0,21,4
10-17-20,Sequatchie,319,5,314,5,5,0,350,5,5806,82,6156,87,0,4,4,56,1,259,0,11,2
10-17-20,Sevier,3126,19,3014,19,112,0,3429,30,29152,411,32581,441,0,20,-2,283,21,2823,0,117,21
10-17-20,Shelby,34341,315,33794,311,547,4,42398,358,421391,4185,463789,4543,1,549,208,1730,106,32062,4,2286,579
10-17-20,Smith,942,12,902,12,40,0,1176,21,6546,92,7722,113,1,13,7,92,4,837,0,33,12
10-17-20,Stewart,301,4,279,3,22,1,331,3,3376,24,3707,27,0,7,0,38,4,256,1,12,11
10-17-20,Sullivan,3085,19,2900,13,185,6,3267,57,35757,423,39024,480,2,44,-14,524,31,2517,0,218,45
10-17-20,Sumner,5590,66,5541,65,49,1,6602,72,52994,873,59596,945,0,106,48,340,18,5144,5,428,110
10-17-20,Tipton,2184,25,1945,20,239,5,2499,25,24155,214,26654,239,0,22,16,205,9,1957,0,100,23
10-17-20,Trousdale,1725,7,1711,6,14,1,1803,7,5493,40,7296,47,0,7,3,21,4,1697,0,26,9
10-17-20,Unicoi,345,9,323,4,22,5,388,6,7211,44,7599,50,0,1,8,45,1,299,0,19,3
10-17-20,Union,486,6,441,6,45,0,505,9,5539,84,6044,93,0,2,1,48,5,436,0,18,2
10-17-20,Van Buren,193,3,178,3,15,0,214,5,2499,89,2713,94,0,1,2,21,1,171,0,8,2
10-17-20,Warren,1338,41,1238,40,100,1,1484,43,15202,270,16686,313,0,9,31,158,10,1171,0,22,11
10-17-20,Washington,2989,62,2902,56,87,6,3357,75,36197,475,39554,550,0,42,33,373,29,2574,3,133,47
10-17-20,Wayne,1550,0,1532,0,18,0,1685,1,6534,95,8219,96,0,7,-2,25,2,1518,0,22,8
10-17-20,Weakley,1456,17,1325,16,131,1,1570,19,12544,93,14114,112,2,25,9,97,6,1334,0,37,26
10-17-20,White,1062,32,980,32,82,0,1314,36,11865,223,13179,259,0,14,23,100,9,948,1,57,14
10-17-20,Williamson,6473,105,6250,93,223,12,7385,102,79665,940,87050,1042,1,48,52,556,52,5869,0,137,52
10-17-20,Wilson,4287,69,4196,59,91,10,4993,64,43559,395,48552,459,1,53,25,340,43,3894,2,142,56
10-16-20,Anderson,1517,8,1449,4,68,4,1694,4,29049,97,30743,101,0,13,-11,169,19,1335,0,49,15
10-16-20,Bedford,1560,15,1483,13,77,2,1831,13,14655,76,16486,89,1,20,7,135,7,1405,0,59,20
10-16-20,Benton,386,1,368,1,18,0,412,1,5115,13,5527,14,0,9,0,24,1,353,0,19,9
10-16-20,Bledsoe,912,6,905,5,7,1,955,5,8466,63,9421,68,0,4,2,29,4,879,0,21,4
10-16-20,Blount,3031,32,2950,29,81,3,3452,25,32919,116,36371,141,0,31,5,269,27,2731,1,134,32
10-16-20,Bradley,3354,28,3221,24,133,4,3897,30,28497,180,32394,210,0,21,7,202,21,3131,0,205,21
10-16-20,Campbell,819,13,717,11,102,2,821,11,13070,26,13891,37,0,6,-5,248,18,565,0,45,9
10-16-20,Cannon,381,3,362,3,19,0,442,4,4566,17,5008,21,0,2,-1,46,4,333,0,11,2
10-16-20,Carroll,1071,2,903,2,168,0,1122,2,12213,18,13335,20,0,24,-2,69,4,978,0,56,25
10-16-20,Carter,1389,14,1329,13,60,1,1500,18,18127,212,19627,230,0,32,3,121,11,1236,0,93,34
10-16-20,Cheatham,938,11,917,9,21,2,1105,10,12287,61,13392,71,1,11,1,60,9,867,1,34,12
10-16-20,Chester,703,2,578,2,125,0,782,2,6066,15,6848,17,0,13,-1,41,3,649,0,25,16
10-16-20,Claiborne,489,0,438,0,51,0,538,0,11674,23,12212,23,0,6,-3,27,3,456,0,25,6
10-16-20,Clay,356,4,298,0,58,4,355,0,3246,5,3601,5,0,7,2,86,2,263,0,12,11
10-16-20,Cocke,893,11,813,7,80,4,925,5,9159,37,10084,42,0,12,1,85,10,796,0,47,14
10-16-20,Coffee,1681,19,1479,14,202,5,1915,14,22117,104,24032,118,0,19,-4,239,23,1423,1,55,28
10-16-20,Crockett,748,8,601,4,147,4,751,5,4191,12,4942,17,0,19,2,125,6,604,0,22,19
10-16-20,Cumberland,1469,3,1430,3,39,0,1771,3,25593,42,27364,45,0,24,-11,140,14,1305,0,73,26
10-16-20,Davidson,29681,171,29444,166,237,5,37025,196,401458,2239,438483,2435,0,324,63,1389,108,27968,5,1185,343
10-16-20,Decatur,609,0,482,0,127,0,656,1,6571,14,7227,15,0,11,-4,35,4,563,0,22,11
10-16-20,Dekalb,622,1,595,1,27,0,758,2,9063,16,9821,18,0,16,-4,42,5,564,0,29,17
10-16-20,Dickson,1498,9,1317,9,181,0,1794,7,16118,111,17912,118,0,18,-3,123,12,1357,1,64,18
10-16-20,Dyer,1944,19,1703,13,241,6,1996,15,13376,32,15372,47,0,24,-3,317,22,1603,1,73,30
10-16-20,Fayette,1522,9,1465,8,57,1,1867,11,17571,66,19438,77,0,21,-5,197,14,1304,1,88,29
10-16-20,Fentress,828,6,735,4,93,2,898,4,5055,24,5953,28,1,6,-5,115,10,707,0,37,9
10-16-20,Franklin,1187,8,1139,8,48,0,1427,11,16890,44,18317,55,0,14,7,123,1,1050,0,55,21
10-16-20,Gibson,2028,10,1565,9,463,1,2167,12,17066,56,19233,68,0,36,-1,142,11,1850,0,67,44
10-16-20,Giles,863,13,843,13,20,0,995,7,10404,118,11399,125,1,31,8,141,4,691,0,54,34
10-16-20,Grainger,515,11,469,11,46,0,560,6,6956,11,7516,17,0,4,3,60,8,451,0,28,4
10-16-20,Greene,1466,15,1381,14,85,1,1652,23,18031,182,19683,205,0,48,0,202,15,1216,0,90,50
10-16-20,Grundy,521,6,482,5,39,1,588,6,3025,20,3613,26,0,8,-4,92,10,421,0,39,9
10-16-20,Hamblen,2295,17,2095,15,200,2,2451,12,24883,38,27334,50,0,43,2,203,15,2049,0,132,51
10-16-20,Hamilton,10868,60,10413,55,455,5,12238,58,152109,511,164347,569,0,101,-18,627,78,10140,2,438,108
10-16-20,Hancock,114,0,105,0,9,0,120,0,2127,6,2247,6,0,3,0,2,0,109,0,11,3
10-16-20,Hardeman,1783,13,1688,12,95,1,2024,12,15491,33,17515,45,0,32,8,99,5,1652,1,75,32
10-16-20,Hardin,1266,10,1039,10,227,0,1354,6,13669,28,15023,34,0,19,-1,104,11,1143,0,34,22
10-16-20,Hawkins,1063,13,1020,13,43,0,1162,12,11730,207,12892,219,0,23,5,149,8,891,0,71,26
10-16-20,Haywood,1207,6,1130,6,77,0,1308,7,7542,21,8850,28,0,25,-12,76,18,1106,0,51,27
10-16-20,Henderson,1334,4,1070,2,264,2,1583,2,9877,7,11460,9,0,24,-2,76,6,1234,0,50,27
10-16-20,Henry,714,8,694,8,20,0,844,11,10745,45,11589,56,0,10,4,37,4,667,1,42,11
10-16-20,Hickman,732,2,681,2,51,0,865,3,8373,38,9238,41,0,13,-5,51,7,668,0,23,14
10-16-20,Houston,371,2,333,2,38,0,401,3,2986,23,3387,26,0,14,-1,37,3,320,0,30,17
10-16-20,Humphreys,385,2,306,2,79,0,402,2,6236,26,6638,28,0,4,-3,64,5,317,0,14,4
10-16-20,Jackson,409,7,359,1,50,6,449,1,2783,16,3232,17,0,5,2,36,5,368,0,17,5
10-16-20,Jefferson,1425,7,1243,5,182,2,1469,7,19162,60,20631,67,0,18,-10,153,17,1254,0,76,20
10-16-20,Johnson,1067,7,1054,7,13,0,1133,9,7352,109,8485,118,0,6,-214,51,221,1010,0,31,7
10-16-20,Knox,11682,73,11158,72,524,1,12479,59,148969,374,161448,433,1,85,-23,855,95,10742,3,438,92
10-16-20,Lake,955,2,948,2,7,0,1164,4,6657,46,7821,50,0,3,-3,14,5,938,0,8,3
10-16-20,Lauderdale,1241,5,1084,5,157,0,1290,8,12529,55,13819,63,1,18,-11,142,15,1081,0,57,17
10-16-20,Lawrence,1411,30,1391,30,20,0,1582,24,12519,84,14101,108,0,17,15,233,15,1161,1,65,19
10-16-20,Lewis,321,14,319,14,2,0,349,15,5143,44,5492,59,0,2,7,77,7,242,0,20,4
10-16-20,Lincoln,782,14,752,11,30,3,910,11,9032,30,9942,41,0,2,8,95,6,685,0,25,2
10-16-20,Loudon,1504,9,1454,9,50,0,1635,8,15251,55,16886,63,0,10,-12,161,21,1333,0,46,11
10-16-20,Macon,1249,9,1195,7,54,2,1479,6,8330,23,9809,29,-1,22,7,99,3,1128,0,86,24
10-16-20,Madison,3554,35,2584,19,970,16,3645,19,31275,82,34920,101,0,78,12,273,23,3203,3,209,85
10-16-20,Marion,685,12,673,12,12,0,811,14,7323,123,8134,137,0,9,4,81,8,595,1,48,9
10-16-20,Marshall,1010,15,994,15,16,0,1144,14,10530,46,11674,60,0,8,6,156,9,846,0,29,9
10-16-20,Maury,2899,18,2854,18,45,0,3265,12,30219,219,33484,231,1,35,-11,296,28,2568,0,105,36
10-16-20,McMinn,1455,19,1429,19,26,0,1662,19,19356,66,21018,85,0,32,-4,202,23,1221,0,77,35
10-16-20,McNairy,1066,8,864,7,202,1,1205,8,8793,20,9998,28,-1,24,6,72,3,970,1,45,29
10-16-20,Meigs,274,1,270,1,4,0,310,1,3546,13,3856,14,0,4,-1,33,2,237,0,14,4
10-16-20,Monroe,1277,12,1229,11,48,1,1430,12,12462,11,13892,23,1,22,5,139,6,1116,2,83,28
10-16-20,Montgomery,3746,31,3533,31,213,0,4106,36,46606,310,50712,346,0,51,-13,251,44,3444,2,142,56
10-16-20,Moore,244,3,214,2,30,1,265,1,2785,13,3050,14,1,2,-2,36,4,206,0,6,2
10-16-20,Morgan,402,7,375,6,27,1,426,6,8922,33,9348,39,0,6,1,48,6,348,0,12,6
10-16-20,Obion,1636,13,1481,5,155,8,1711,6,11693,22,13404,28,-1,17,-24,199,38,1420,0,59,23
10-16-20,Out of State,2606,32,2512,29,94,3,2920,30,315712,1651,318632,1681,-2,31,8,200,26,2375,3,95,21
10-16-20,Overton,1091,20,928,11,163,9,1123,11,8221,46,9344,57,0,11,-3,192,23,888,2,45,17
10-16-20,Pending,1255,20,1133,16,122,4,1364,16,198378,777,199742,793,0,3,3,173,17,1079,2,23,2
10-16-20,Perry,191,13,169,13,22,0,194,3,3827,9,4021,12,0,1,11,29,2,161,0,9,1
10-16-20,Pickett,229,6,174,5,55,1,222,8,1282,28,1504,36,1,4,-7,55,12,170,0,11,5
10-16-20,Polk,468,6,450,5,18,1,534,4,4272,20,4806,24,0,13,2,19,4,436,2,22,13
10-16-20,Putnam,3981,41,3640,12,341,29,4655,16,34273,108,38928,124,0,51,7,348,34,3582,0,128,56
10-16-20,Rhea,1020,5,1006,5,14,0,1202,7,12139,81,13341,88,0,16,-8,68,13,936,0,37,17
10-16-20,Roane,1135,11,1083,11,52,0,1284,9,20227,192,21511,201,0,6,-6,134,17,995,0,41,6
10-16-20,Robertson,2457,14,2418,13,39,1,2931,10,19694,93,22625,103,1,40,6,114,7,2303,0,178,41
10-16-20,Rutherford,10835,81,10703,78,132,3,13056,90,96182,481,109238,571,0,105,1,625,80,10105,1,307,112
10-16-20,Scott,311,9,279,5,32,4,311,2,5029,24,5340,26,0,3,3,49,6,259,0,21,4
10-16-20,Sequatchie,314,6,309,6,5,0,345,8,5724,60,6069,68,0,4,5,52,1,258,0,11,2
10-16-20,Sevier,3107,50,2995,48,112,2,3399,44,28741,143,32140,187,0,20,30,285,20,2802,1,117,21
10-16-20,Shelby,34026,82,33483,78,543,4,42040,97,417206,1867,459246,1964,1,548,-67,1522,148,31956,0,2282,577
10-16-20,Smith,930,11,890,5,40,6,1155,5,6454,18,7609,23,0,12,5,85,6,833,0,33,12
10-16-20,Stewart,297,1,276,0,21,1,328,0,3352,19,3680,19,0,7,-4,38,5,252,0,11,11
10-16-20,Sullivan,3066,114,2887,112,179,2,3210,84,35334,507,38544,591,0,42,74,538,40,2486,3,218,45
10-16-20,Sumner,5524,30,5476,30,48,0,6530,32,52121,292,58651,324,0,106,3,292,27,5126,0,423,110
10-16-20,Tipton,2159,12,1925,7,234,5,2474,8,23941,60,26415,68,0,22,-6,189,18,1948,0,100,23
10-16-20,Trousdale,1718,1,1705,0,13,1,1796,0,5453,22,7249,22,0,7,-4,18,5,1693,0,26,8
10-16-20,Unicoi,336,6,319,6,17,0,382,6,7167,47,7549,53,0,1,5,37,1,298,1,19,3
10-16-20,Union,480,5,435,5,45,0,496,6,5455,9,5951,15,0,2,0,47,5,431,0,18,2
10-16-20,Van Buren,190,0,175,0,15,0,209,0,2410,4,2619,4,0,1,-1,19,1,170,0,8,2
10-16-20,Warren,1297,6,1198,3,99,3,1441,4,14932,33,16373,37,0,9,0,127,6,1161,0,22,11
10-16-20,Washington,2927,62,2846,60,81,2,3282,59,35722,426,39004,485,0,42,40,340,22,2545,1,130,46
10-16-20,Wayne,1550,3,1532,3,18,0,1684,2,6439,29,8123,31,0,7,0,27,3,1516,0,22,8
10-16-20,Weakley,1439,9,1309,9,130,0,1551,10,12451,47,14002,57,0,23,-1,88,10,1328,0,37,26
10-16-20,White,1030,6,948,4,82,2,1278,2,11642,26,12920,28,0,14,-6,77,12,939,0,56,14
10-16-20,Williamson,6368,70,6157,65,211,5,7283,69,78725,509,86008,578,0,47,4,504,66,5817,0,137,52
10-16-20,Wilson,4218,41,4137,41,81,0,4929,48,43164,259,48093,307,0,52,2,315,39,3851,0,140,55
10-15-20,Anderson,1509,22,1445,15,64,7,1690,15,28952,162,30642,177,0,13,3,180,19,1316,1,49,14
10-15-20,Bedford,1545,5,1470,5,75,0,1818,7,14579,73,16397,80,0,19,-4,128,9,1398,0,59,20
10-15-20,Benton,385,4,367,4,18,0,411,4,5102,105,5513,109,0,9,3,24,1,352,0,19,9
10-15-20,Bledsoe,906,4,900,4,6,0,950,4,8403,17,9353,21,0,4,2,27,2,875,0,21,4
10-15-20,Blount,2999,24,2921,19,78,5,3427,24,32803,171,36230,195,0,31,-5,264,29,2704,1,133,32
10-15-20,Bradley,3326,10,3197,10,129,0,3867,13,28317,78,32184,91,1,21,-12,195,21,3110,0,205,21
10-15-20,Campbell,806,22,706,18,100,4,810,17,13044,63,13854,80,1,6,5,253,16,547,0,45,8
10-15-20,Cannon,378,2,359,2,19,0,438,2,4549,10,4987,12,0,2,-1,47,3,329,0,11,2
10-15-20,Carroll,1069,8,901,5,168,3,1120,6,12195,127,13315,133,0,24,0,71,8,974,0,56,25
10-15-20,Carter,1375,9,1316,9,59,0,1482,8,17915,90,19397,98,0,32,-3,118,12,1225,0,93,34
10-15-20,Cheatham,927,1,908,1,19,0,1095,2,12226,20,13321,22,0,10,-5,59,6,858,0,33,12
10-15-20,Chester,701,1,576,1,125,0,780,1,6051,15,6831,16,0,13,-3,42,4,646,0,25,16
10-15-20,Claiborne,489,4,438,3,51,1,538,3,11651,70,12189,73,1,6,3,30,0,453,1,25,6
10-15-20,Clay,352,1,298,1,54,0,355,1,3241,7,3596,8,1,7,-3,84,3,261,0,12,11
10-15-20,Cocke,882,9,806,7,76,2,920,6,9122,42,10042,48,1,12,-2,84,10,786,0,47,13
10-15-20,Coffee,1662,7,1465,4,197,3,1901,15,22013,251,23914,266,1,19,-22,243,28,1400,0,54,27
10-15-20,Crockett,740,10,597,3,143,7,746,3,4179,16,4925,19,0,19,-2,123,12,598,0,22,19
10-15-20,Cumberland,1466,11,1427,11,39,0,1768,14,25551,98,27319,112,0,24,-7,151,18,1291,1,73,26
10-15-20,Davidson,29510,118,29278,112,232,6,36829,139,399219,1900,436048,2039,1,324,-22,1326,139,27860,5,1180,340
10-15-20,Decatur,609,3,482,3,127,0,655,2,6557,19,7212,21,0,11,-1,39,4,559,0,22,11
10-15-20,Dekalb,621,7,594,7,27,0,756,7,9047,44,9803,51,0,16,3,46,4,559,0,29,16
10-15-20,Dickson,1489,15,1308,7,181,8,1787,8,16007,58,17794,66,1,18,0,126,14,1345,1,63,18
10-15-20,Dyer,1925,43,1690,38,235,5,1981,40,13344,97,15325,137,0,24,19,320,24,1581,1,72,28
10-15-20,Fayette,1513,11,1457,11,56,0,1856,12,17505,68,19361,80,0,21,-10,202,21,1290,0,87,28
10-15-20,Fentress,822,8,731,8,91,0,894,8,5031,30,5925,38,0,5,-10,120,18,697,0,37,8
10-15-20,Franklin,1179,4,1131,4,48,0,1416,4,16846,88,18262,92,0,14,1,116,3,1049,0,55,20
10-15-20,Gibson,2018,12,1556,4,462,8,2155,5,17010,94,19165,99,3,36,-12,143,21,1839,0,67,44
10-15-20,Giles,850,10,830,10,20,0,988,12,10286,55,11274,67,-1,30,5,133,6,687,0,54,34
10-15-20,Grainger,504,10,458,9,46,1,554,7,6945,23,7499,30,0,4,6,57,4,443,0,28,4
10-15-20,Greene,1451,14,1367,13,84,1,1629,6,17849,87,19478,93,0,48,0,202,14,1201,0,90,49
10-15-20,Grundy,515,7,477,7,38,0,582,7,3005,11,3587,18,0,8,-3,96,10,411,0,39,9
10-15-20,Hamblen,2278,16,2080,11,198,5,2439,11,24845,257,27284,268,2,43,-4,201,18,2034,0,132,51
10-15-20,Hamilton,10808,48,10358,38,450,10,12180,51,151598,872,163778,923,1,101,-21,645,68,10062,1,436,107
10-15-20,Hancock,114,0,105,0,9,0,120,0,2121,9,2241,9,0,3,0,2,0,109,0,11,3
10-15-20,Hardeman,1770,11,1676,9,94,2,2012,8,15458,15,17470,23,0,32,3,91,8,1647,0,74,32
10-15-20,Hardin,1256,6,1029,5,227,1,1348,4,13641,26,14989,30,0,19,-4,105,10,1132,0,34,22
10-15-20,Hawkins,1050,8,1007,7,43,1,1150,8,11523,40,12673,48,0,23,-8,144,16,883,0,71,26
10-15-20,Haywood,1201,11,1124,7,77,4,1301,6,7521,20,8822,26,0,25,-2,88,13,1088,1,51,26
10-15-20,Henderson,1330,3,1068,2,262,1,1581,2,9870,56,11451,58,0,24,-9,78,12,1228,0,50,27
10-15-20,Henry,706,2,686,2,20,0,833,2,10700,36,11533,38,0,10,-1,33,3,663,1,41,11
10-15-20,Hickman,730,4,679,2,51,2,862,4,8335,16,9197,20,0,13,-3,56,7,661,0,23,14
10-15-20,Houston,369,2,331,1,38,1,398,0,2963,8,3361,8,0,14,-2,38,4,317,1,30,17
10-15-20,Humphreys,383,11,304,7,79,4,400,6,6210,13,6610,19,0,4,4,67,7,312,1,14,4
10-15-20,Jackson,402,0,358,0,44,0,448,0,2767,8,3215,8,0,5,-3,34,3,363,0,17,5
10-15-20,Jefferson,1418,22,1238,19,180,3,1462,18,19102,67,20564,85,1,18,5,163,16,1237,0,76,20
10-15-20,Johnson,1060,7,1047,7,13,0,1124,6,7243,25,8367,31,0,6,-6,265,13,789,0,31,6
10-15-20,Knox,11609,74,11086,62,523,12,12420,70,148595,963,161015,1033,1,84,-56,878,129,10647,2,435,90
10-15-20,Lake,953,1,946,1,7,0,1160,1,6611,10,7771,11,0,3,1,17,0,933,0,8,3
10-15-20,Lauderdale,1236,25,1079,20,157,5,1282,23,12474,114,13756,137,1,17,6,153,18,1066,1,57,17
10-15-20,Lawrence,1381,22,1361,22,20,0,1558,27,12435,35,13993,62,0,17,6,218,16,1146,2,64,18
10-15-20,Lewis,307,13,305,12,2,1,334,8,5099,36,5433,44,0,2,11,70,2,235,1,20,4
10-15-20,Lincoln,768,4,741,3,27,1,899,4,9002,17,9901,21,0,2,-2,87,6,679,0,25,2
10-15-20,Loudon,1495,8,1445,8,50,0,1627,10,15196,61,16823,71,1,10,-12,173,19,1312,1,46,11
10-15-20,Macon,1240,0,1188,0,52,0,1473,0,8307,22,9780,22,0,23,-10,92,10,1125,0,86,24
10-15-20,Madison,3519,36,2565,14,954,22,3626,15,31193,114,34819,129,2,78,10,261,24,3180,3,206,84
10-15-20,Marion,673,4,661,4,12,0,797,6,7200,29,7997,35,0,9,1,77,3,587,0,47,9
10-15-20,Marshall,995,13,979,12,16,1,1130,14,10484,50,11614,64,2,8,4,150,7,837,0,29,9
10-15-20,Maury,2881,14,2836,13,45,1,3253,4,30000,28,33253,32,0,34,-12,307,26,2540,1,105,36
10-15-20,McMinn,1436,16,1410,16,26,0,1643,15,19290,104,20933,119,1,32,6,206,9,1198,0,77,35
10-15-20,McNairy,1058,2,857,1,201,1,1197,3,8773,98,9970,101,1,25,-7,66,8,967,0,44,28
10-15-20,Meigs,273,9,269,9,4,0,309,10,3533,14,3842,24,0,4,7,34,2,235,1,14,4
10-15-20,Monroe,1265,23,1218,22,47,1,1418,21,12451,84,13869,105,0,21,16,134,7,1110,0,81,28
10-15-20,Montgomery,3715,21,3502,19,213,2,4070,19,46296,154,50366,173,1,51,-28,264,48,3400,2,140,56
10-15-20,Moore,241,3,212,2,29,1,264,2,2772,10,3036,12,0,1,0,38,3,202,0,6,2
10-15-20,Morgan,395,2,369,2,26,0,420,1,8889,30,9309,31,0,6,-5,47,7,342,0,12,6
10-15-20,Obion,1623,26,1476,20,147,6,1705,22,11671,131,13376,153,0,18,0,223,26,1382,1,59,23
10-15-20,Out of State,2574,21,2483,21,91,0,2890,22,314061,1428,316951,1450,2,33,0,192,19,2349,0,92,21
10-15-20,Overton,1071,2,917,1,154,1,1112,2,8175,28,9287,30,3,11,-12,195,11,865,0,43,17
10-15-20,Pending,1235,20,1117,17,118,3,1348,18,197601,1088,198949,1106,-3,3,-4,170,27,1062,1,21,2
10-15-20,Perry,178,0,156,0,22,0,191,0,3818,1,4009,1,0,1,-1,18,1,159,0,9,1
10-15-20,Pickett,223,2,169,2,54,0,214,2,1254,1,1468,3,0,3,-6,62,8,158,0,11,5
10-15-20,Polk,462,1,445,1,17,0,530,2,4252,27,4782,29,0,13,-2,17,3,432,0,20,13
10-15-20,Putnam,3940,6,3628,5,312,1,4639,7,34165,155,38804,162,0,51,-22,341,28,3548,0,128,55
10-15-20,Rhea,1015,16,1001,15,14,1,1195,11,12058,51,13253,62,0,16,8,76,8,923,1,37,17
10-15-20,Roane,1124,8,1072,7,52,1,1275,6,20035,86,21310,92,0,6,-4,140,12,978,0,41,6
10-15-20,Robertson,2443,15,2405,15,38,0,2921,17,19601,172,22522,189,0,39,6,108,9,2296,1,178,41
10-15-20,Rutherford,10754,49,10625,45,129,4,12966,52,95701,551,108667,603,1,105,-15,624,63,10025,2,306,112
10-15-20,Scott,302,1,274,0,28,1,309,0,5005,9,5314,9,0,3,-4,46,5,253,0,21,3
10-15-20,Sequatchie,308,8,303,8,5,0,337,8,5664,60,6001,68,1,4,2,47,5,257,0,11,2
10-15-20,Sevier,3057,35,2947,30,110,5,3355,33,28598,217,31953,250,1,20,13,255,21,2782,0,116,21
10-15-20,Shelby,33944,170,33405,160,539,10,41943,182,415339,1952,457282,2134,2,547,10,1589,158,31808,9,2282,575
10-15-20,Smith,919,7,885,7,34,0,1150,10,6436,25,7586,35,0,12,-1,80,8,827,0,33,12
10-15-20,Stewart,296,3,276,2,20,1,328,2,3333,13,3661,15,1,7,-4,42,6,247,0,11,11
10-15-20,Sullivan,2952,36,2775,34,177,2,3126,40,34827,206,37953,246,2,42,3,464,31,2446,2,215,44
10-15-20,Sumner,5494,31,5446,29,48,2,6498,34,51829,377,58327,411,1,106,3,289,27,5099,2,423,110
10-15-20,Tipton,2147,11,1918,11,229,0,2466,11,23881,104,26347,115,0,22,0,195,11,1930,0,100,23
10-15-20,Trousdale,1717,0,1705,0,12,0,1796,0,5431,9,7227,9,0,7,-1,22,1,1688,0,26,8
10-15-20,Unicoi,330,8,313,3,17,5,376,3,7120,20,7496,23,0,1,7,32,1,297,1,18,2
10-15-20,Union,475,3,430,3,45,0,490,2,5446,18,5936,20,0,2,-1,47,4,426,0,18,2
10-15-20,Van Buren,190,0,175,0,15,0,209,1,2406,9,2615,10,0,1,0,20,0,169,0,8,2
10-15-20,Warren,1291,11,1195,10,96,1,1437,11,14899,82,16336,93,0,9,-3,127,14,1155,0,22,11
10-15-20,Washington,2865,25,2786,22,79,3,3223,22,35296,195,38519,217,0,42,-4,300,29,2523,1,129,45
10-15-20,Wayne,1547,4,1529,4,18,0,1682,2,6410,13,8092,15,0,7,3,27,1,1513,0,22,8
10-15-20,Weakley,1430,4,1300,2,130,2,1541,2,12404,31,13945,33,0,23,-12,89,16,1318,0,37,26
10-15-20,White,1024,9,944,8,80,1,1276,10,11616,45,12892,55,1,14,-7,83,15,927,1,56,14
10-15-20,Williamson,6298,25,6092,19,206,6,7214,19,78216,255,85430,274,0,47,-49,500,74,5751,0,137,52
10-15-20,Wilson,4177,11,4096,5,81,6,4881,9,42905,110,47786,119,0,52,-37,313,48,3812,0,140,55
10-14-20,Anderson,1487,22,1430,22,57,0,1675,23,28790,287,30465,310,0,13,12,177,10,1297,0,48,14
10-14-20,Bedford,1540,23,1465,23,75,0,1811,23,14506,102,16317,125,0,19,16,132,7,1389,0,59,20
10-14-20,Benton,381,1,363,1,18,0,407,1,4997,18,5404,19,0,9,-1,21,2,351,0,19,9
10-14-20,Bledsoe,902,1,896,1,6,0,946,1,8386,16,9332,17,0,4,-3,25,4,873,0,21,4
10-14-20,Blount,2975,33,2902,33,73,0,3403,31,32632,353,36035,384,0,31,8,269,25,2675,1,132,32
10-14-20,Bradley,3316,29,3187,26,129,3,3854,26,28239,259,32093,285,0,20,5,207,24,3089,4,205,21
10-14-20,Campbell,784,38,688,19,96,19,793,21,12981,156,13774,177,0,5,19,248,19,531,2,45,8
10-14-20,Cannon,376,8,357,8,19,0,436,8,4539,34,4975,42,0,2,1,48,7,326,0,11,2
10-14-20,Carroll,1061,6,896,6,165,0,1114,9,12068,45,13182,54,0,24,-10,71,16,966,0,56,24
10-14-20,Carter,1366,25,1307,23,59,2,1474,23,17825,238,19299,261,0,32,16,121,9,1213,1,93,33
10-14-20,Cheatham,926,15,907,14,19,1,1093,15,12206,64,13299,79,0,10,9,64,6,852,1,33,12
10-14-20,Chester,700,8,575,8,125,0,779,9,6036,10,6815,19,0,13,5,45,3,642,1,25,16
10-14-20,Claiborne,485,2,435,1,50,1,535,2,11581,26,12116,28,0,5,0,27,2,453,0,24,6
10-14-20,Clay,351,18,297,15,54,3,354,16,3234,28,3588,44,0,6,14,87,4,258,0,12,10
10-14-20,Cocke,873,8,799,8,74,0,914,9,9080,82,9994,91,0,11,2,86,6,776,0,47,13
10-14-20,Coffee,1655,44,1461,39,194,5,1886,37,21762,145,23648,182,0,18,21,265,23,1372,2,54,25
10-14-20,Crockett,730,14,594,12,136,2,743,15,4163,27,4906,42,0,19,0,125,14,586,0,22,19
10-14-20,Cumberland,1455,26,1416,26,39,0,1754,28,25453,148,27207,176,0,24,8,158,18,1273,0,72,26
10-14-20,Davidson,29392,128,29166,123,226,5,36690,128,397319,2502,434009,2630,1,323,3,1348,124,27721,4,1175,336
10-14-20,Decatur,606,10,479,10,127,0,653,10,6538,24,7191,34,0,11,3,40,7,555,0,22,11
10-14-20,Dekalb,614,4,587,4,27,0,749,5,9003,86,9752,91,0,16,-1,43,5,555,0,29,16
10-14-20,Dickson,1474,9,1301,9,173,0,1779,9,15949,68,17728,77,0,17,-1,126,10,1331,0,62,18
10-14-20,Dyer,1882,19,1652,15,230,4,1941,15,13247,94,15188,109,3,24,-11,301,27,1557,0,71,26
10-14-20,Fayette,1502,32,1446,30,56,2,1844,32,17437,119,19281,151,-2,21,26,212,8,1269,0,87,28
10-14-20,Fentress,814,10,723,7,91,3,886,8,5001,174,5887,182,-1,5,-5,130,16,679,0,37,8
10-14-20,Franklin,1175,17,1127,17,48,0,1412,20,16758,96,18170,116,1,14,7,115,9,1046,1,55,18
10-14-20,Gibson,2006,11,1552,8,454,3,2150,10,16916,73,19066,83,4,33,-25,155,32,1818,0,67,42
10-14-20,Giles,840,29,820,28,20,1,976,28,10231,98,11207,126,2,31,-3,128,30,681,1,54,32
10-14-20,Grainger,494,6,449,6,45,0,547,9,6922,57,7469,66,0,4,0,51,6,439,0,28,4
10-14-20,Greene,1437,51,1354,49,83,2,1623,43,17762,189,19385,232,0,48,34,202,17,1187,1,90,49
10-14-20,Grundy,508,19,470,18,38,1,575,22,2994,48,3569,70,0,8,4,99,15,401,2,39,9
10-14-20,Hamblen,2262,22,2069,22,193,0,2428,24,24588,185,27016,209,0,41,0,205,22,2016,0,132,50
10-14-20,Hamilton,10760,57,10320,46,440,11,12129,48,150726,457,162855,505,-2,100,-11,666,70,9994,1,435,106
10-14-20,Hancock,114,0,105,0,9,0,120,0,2112,3,2232,3,0,3,-1,2,1,109,0,11,3
10-14-20,Hardeman,1759,14,1667,14,92,0,2004,17,15443,48,17447,65,2,32,-2,88,14,1639,0,74,32
10-14-20,Hardin,1250,22,1024,19,226,3,1344,21,13615,90,14959,111,0,19,9,109,13,1122,0,34,22
10-14-20,Hawkins,1042,27,1000,24,42,3,1142,22,11483,120,12625,142,1,23,17,152,9,867,2,71,25
10-14-20,Haywood,1190,6,1117,6,73,0,1295,6,7501,36,8796,42,0,25,-4,90,10,1075,0,50,26
10-14-20,Henderson,1327,6,1066,5,261,1,1579,6,9814,29,11393,35,0,24,-3,87,9,1216,0,50,26
10-14-20,Henry,704,10,684,10,20,0,831,11,10664,42,11495,53,0,10,4,34,6,660,0,40,11
10-14-20,Hickman,726,4,677,4,49,0,858,4,8319,27,9177,31,0,13,-8,59,12,654,0,23,13
10-14-20,Houston,367,7,330,7,37,0,398,9,2955,154,3353,163,0,14,-2,40,9,313,0,29,17
10-14-20,Humphreys,372,8,297,7,75,1,394,7,6197,45,6591,52,0,4,3,63,5,305,0,13,4
10-14-20,Jackson,402,5,358,5,44,0,448,5,2759,54,3207,59,0,5,1,37,4,360,0,17,5
10-14-20,Jefferson,1396,13,1219,12,177,1,1444,15,19035,110,20479,125,0,17,-12,158,25,1221,0,76,19
10-14-20,Johnson,1053,5,1040,5,13,0,1118,5,7218,200,8336,205,1,6,-5,271,9,776,0,31,6
10-14-20,Knox,11535,150,11024,144,511,6,12350,147,147632,1053,159982,1200,0,83,60,934,90,10518,5,433,88
10-14-20,Lake,952,5,945,4,7,1,1159,4,6601,41,7760,45,0,3,2,16,3,933,0,8,3
10-14-20,Lauderdale,1211,9,1059,4,152,5,1259,6,12360,54,13619,60,0,16,-2,147,11,1048,1,56,16
10-14-20,Lawrence,1359,39,1339,39,20,0,1531,39,12400,145,13931,184,0,17,27,212,12,1130,2,62,18
10-14-20,Lewis,294,2,293,2,1,0,326,6,5063,16,5389,22,1,2,-4,59,5,233,0,19,4
10-14-20,Lincoln,764,24,738,21,26,3,895,22,8985,37,9880,59,0,2,16,89,8,673,2,25,2
10-14-20,Loudon,1487,29,1437,27,50,2,1617,27,15135,134,16752,161,0,9,14,185,15,1293,0,45,11
10-14-20,Macon,1240,22,1188,21,52,1,1473,22,8285,114,9758,136,1,23,9,102,12,1115,1,86,24
10-14-20,Madison,3483,28,2551,19,932,9,3611,20,31079,94,34690,114,0,76,6,251,22,3156,0,203,84
10-14-20,Marion,669,19,657,19,12,0,791,22,7171,144,7962,166,0,9,14,76,5,584,2,47,9
10-14-20,Marshall,982,22,967,22,15,0,1116,24,10434,93,11550,117,1,6,11,146,10,830,0,29,9
10-14-20,Maury,2867,45,2823,42,44,3,3249,50,29972,243,33221,293,0,34,26,319,19,2514,2,104,36
10-14-20,McMinn,1420,37,1394,37,26,0,1628,36,19186,196,20814,232,0,31,25,200,12,1189,1,77,35
10-14-20,McNairy,1056,12,856,10,200,2,1194,9,8675,34,9869,43,1,24,1,73,10,959,1,44,28
10-14-20,Meigs,264,2,260,2,4,0,299,3,3519,19,3818,22,0,4,-2,27,4,233,0,13,4
10-14-20,Monroe,1242,19,1196,19,46,0,1397,22,12367,83,13764,105,0,21,7,118,12,1103,0,81,27
10-14-20,Montgomery,3694,76,3483,72,211,4,4051,81,46142,437,50193,518,0,50,50,292,26,3352,1,138,56
10-14-20,Moore,238,7,210,7,28,0,262,6,2762,21,3024,27,0,1,3,38,4,199,0,6,2
10-14-20,Morgan,393,8,367,8,26,0,419,8,8859,48,9278,56,0,6,2,52,6,335,0,12,6
10-14-20,Obion,1597,18,1456,7,141,11,1683,9,11540,59,13223,68,3,18,-12,223,27,1356,0,58,23
10-14-20,Out of State,2553,27,2462,26,91,1,2868,27,312633,1985,315501,2012,2,31,7,192,18,2330,0,92,21
10-14-20,Overton,1069,20,916,11,153,9,1110,11,8147,84,9257,95,0,8,2,207,18,854,1,43,17
10-14-20,Pending,1215,18,1100,15,115,3,1330,14,196513,1046,197843,1060,0,6,-2,174,20,1035,0,20,2
10-14-20,Perry,178,5,156,5,22,0,191,6,3817,12,4008,18,0,1,4,19,1,158,1,9,1
10-14-20,Pickett,221,6,167,4,54,2,212,5,1253,105,1465,110,0,3,2,68,4,150,0,11,4
10-14-20,Polk,461,3,444,1,17,2,528,2,4225,23,4753,25,0,13,-1,19,4,429,0,20,13
10-14-20,Putnam,3934,52,3623,42,311,10,4632,43,34010,457,38642,500,0,51,15,363,37,3520,1,128,55
10-14-20,Rhea,999,5,986,5,13,0,1184,8,12007,59,13191,67,0,16,-9,68,14,915,0,36,17
10-14-20,Roane,1116,19,1065,18,51,1,1269,19,19949,384,21218,403,0,6,5,144,14,966,0,41,6
10-14-20,Robertson,2428,17,2390,14,38,3,2904,14,19429,86,22333,100,0,39,1,102,16,2287,1,177,41
10-14-20,Rutherford,10705,83,10580,81,125,2,12914,86,95150,584,108064,670,1,104,5,639,77,9962,1,304,111
10-14-20,Scott,301,11,274,9,27,2,309,9,4996,87,5305,96,0,3,10,50,1,248,1,21,3
10-14-20,Sequatchie,300,11,295,11,5,0,329,11,5604,41,5933,52,2,3,8,45,1,252,0,11,2
10-14-20,Sevier,3022,34,2917,33,105,1,3322,37,28381,260,31703,297,0,19,14,242,20,2761,1,116,21
10-14-20,Shelby,33774,93,33245,78,529,15,41761,81,413387,1771,455148,1852,5,545,-36,1579,124,31650,2,2273,571
10-14-20,Smith,912,17,878,16,34,1,1140,18,6411,66,7551,84,0,12,5,81,12,819,0,33,12
10-14-20,Stewart,293,7,274,7,19,0,326,7,3320,25,3646,32,0,6,5,46,2,241,1,11,9
10-14-20,Sullivan,2916,100,2741,96,175,4,3086,84,34621,201,37707,285,1,40,73,461,26,2415,4,213,43
10-14-20,Sumner,5463,65,5417,63,46,2,6464,66,51452,499,57916,565,0,105,16,286,49,5072,5,421,109
10-14-20,Tipton,2136,18,1907,14,229,4,2455,14,23777,134,26232,148,0,22,4,195,14,1919,0,100,23
10-14-20,Trousdale,1717,4,1705,4,12,0,1796,4,5422,28,7218,32,0,7,3,23,1,1687,0,26,8
10-14-20,Unicoi,322,13,310,9,12,4,373,10,7100,42,7473,52,0,1,13,25,0,296,1,17,2
10-14-20,Union,472,5,427,5,45,0,488,7,5428,25,5916,32,0,2,-3,48,8,422,0,18,2
10-14-20,Van Buren,190,2,175,2,15,0,208,2,2397,54,2605,56,0,1,1,20,1,169,0,8,2
10-14-20,Warren,1280,22,1185,22,95,0,1426,23,14817,154,16243,177,0,9,20,130,2,1141,0,22,11
10-14-20,Washington,2840,62,2764,62,76,0,3201,60,35101,382,38302,442,0,42,25,304,37,2494,3,128,45
10-14-20,Wayne,1543,0,1525,0,18,0,1680,0,6397,16,8077,16,1,7,-3,24,2,1512,0,22,8
10-14-20,Weakley,1426,14,1298,11,128,3,1539,12,12373,60,13912,72,0,23,0,101,14,1302,0,37,25
10-14-20,White,1015,11,936,11,79,0,1266,10,11571,57,12837,67,2,13,0,90,9,912,1,55,14
10-14-20,Williamson,6273,80,6073,74,200,6,7195,79,77961,555,85156,634,0,47,-4,549,84,5677,2,137,50
10-14-20,Wilson,4166,43,4091,39,75,4,4872,41,42795,306,47667,347,0,52,-6,350,49,3764,0,140,54
10-13-20,Anderson,1465,20,1408,18,57,2,1652,18,28503,119,30155,137,0,13,6,165,14,1287,0,48,14
10-13-20,Bedford,1517,2,1442,2,75,0,1788,2,14404,28,16192,30,0,19,-6,116,8,1382,0,59,20
10-13-20,Benton,380,2,362,1,18,1,406,1,4979,13,5385,14,0,9,2,22,0,349,0,19,9
10-13-20,Bledsoe,901,1,895,1,6,0,945,1,8370,15,9315,16,0,4,-1,28,2,869,0,21,4
10-13-20,Blount,2942,25,2869,23,73,2,3372,25,32279,92,35651,117,1,31,-1,261,25,2650,1,131,32
10-13-20,Bradley,3287,19,3161,15,126,4,3828,13,27980,168,31808,181,0,20,9,202,10,3065,1,201,21
10-13-20,Campbell,746,20,669,13,77,7,772,13,12825,35,13597,48,1,5,4,229,15,512,2,43,8
10-13-20,Cannon,368,2,349,2,19,0,428,4,4505,16,4933,20,0,2,0,47,2,319,0,11,2
10-13-20,Carroll,1055,4,890,3,165,1,1105,2,12023,23,13128,25,0,24,-14,81,18,950,0,56,24
10-13-20,Carter,1341,5,1284,5,57,0,1451,5,17587,73,19038,78,0,32,1,105,4,1204,0,92,33
10-13-20,Cheatham,911,5,893,4,18,1,1078,3,12142,35,13220,38,0,10,-5,55,10,846,0,32,12
10-13-20,Chester,692,5,567,3,125,2,770,3,6026,8,6796,11,0,13,4,40,1,639,0,24,15
10-13-20,Claiborne,483,4,434,2,49,2,533,2,11555,31,12088,33,0,5,4,27,0,451,0,24,5
10-13-20,Clay,333,14,282,10,51,4,338,9,3206,30,3544,39,0,6,10,73,4,254,0,12,8
10-13-20,Cocke,865,0,791,0,74,0,905,0,8998,38,9903,38,0,11,-6,84,6,770,0,47,13
10-13-20,Coffee,1611,19,1422,9,189,10,1849,9,21617,66,23466,75,1,18,-4,244,22,1349,2,52,25
10-13-20,Crockett,716,14,582,4,134,10,728,0,4136,21,4864,21,0,19,10,125,4,572,0,22,19
10-13-20,Cumberland,1429,16,1390,16,39,0,1726,16,25305,150,27031,166,1,24,3,150,12,1255,2,72,26
10-13-20,Davidson,29264,132,29043,125,221,7,36562,151,394817,1834,431379,1985,1,322,12,1345,119,27597,5,1171,332
10-13-20,Decatur,596,3,469,2,127,1,643,1,6514,14,7157,15,0,11,-3,37,6,548,0,22,11
10-13-20,Dekalb,610,4,583,4,27,0,744,5,8917,51,9661,56,-1,16,1,44,4,550,0,29,16
10-13-20,Dickson,1465,21,1292,17,173,4,1770,20,15881,97,17651,117,0,17,7,127,14,1321,0,62,18
10-13-20,Dyer,1863,38,1637,17,226,21,1926,15,13153,40,15079,55,0,21,13,312,25,1530,2,71,25
10-13-20,Fayette,1470,10,1416,7,54,3,1812,9,17318,66,19130,75,0,23,2,186,8,1261,0,87,27
10-13-20,Fentress,804,14,716,14,88,0,878,29,4827,114,5705,143,1,6,-4,135,17,663,1,37,7
10-13-20,Franklin,1158,7,1110,6,48,1,1392,6,16662,43,18054,49,1,13,2,108,4,1037,0,54,18
10-13-20,Gibson,1995,27,1544,8,451,19,2140,3,16843,16,18983,19,1,29,13,180,13,1786,0,67,42
10-13-20,Giles,811,3,792,2,19,1,948,2,10133,13,11081,15,1,29,-8,131,10,651,0,53,32
10-13-20,Grainger,488,3,443,2,45,1,538,2,6865,23,7403,25,0,4,-4,51,7,433,1,28,4
10-13-20,Greene,1386,10,1305,10,81,0,1580,8,17573,101,19153,109,0,48,-2,168,12,1170,1,89,49
10-13-20,Grundy,489,6,452,6,37,0,553,6,2946,19,3499,25,0,8,-4,95,10,386,1,37,9
10-13-20,Hamblen,2240,11,2047,9,193,2,2404,7,24403,52,26807,59,1,41,-3,205,13,1994,1,132,49
10-13-20,Hamilton,10703,83,10274,75,429,8,12081,78,150269,768,162350,846,1,102,15,677,67,9924,1,434,106
10-13-20,Hancock,114,0,105,0,9,0,120,0,2109,5,2229,5,0,3,0,3,0,108,0,11,3
10-13-20,Hardeman,1745,5,1653,5,92,0,1987,5,15395,11,17382,16,0,30,-4,90,9,1625,2,74,32
10-13-20,Hardin,1228,9,1005,0,223,9,1323,0,13525,10,14848,10,1,19,-3,100,11,1109,0,34,22
10-13-20,Hawkins,1015,13,976,12,39,1,1120,12,11363,180,12483,192,0,22,4,135,9,858,0,69,25
10-13-20,Haywood,1184,5,1111,2,73,3,1289,2,7465,4,8754,6,0,25,-8,94,13,1065,0,50,25
10-13-20,Henderson,1321,10,1061,2,260,8,1573,2,9785,15,11358,17,0,24,-2,90,12,1207,0,50,24
10-13-20,Henry,694,0,674,0,20,0,820,1,10622,16,11442,17,0,10,-1,30,1,654,0,40,11
10-13-20,Hickman,722,7,673,5,49,2,854,5,8292,45,9146,50,0,13,4,67,3,642,0,23,13
10-13-20,Houston,360,6,323,5,37,1,389,16,2801,251,3190,267,1,14,-2,42,7,304,0,29,16
10-13-20,Humphreys,364,8,290,3,74,5,387,5,6152,31,6539,36,0,4,2,60,6,300,1,13,4
10-13-20,Jackson,397,4,353,3,44,1,443,4,2705,50,3148,54,0,5,-1,36,5,356,0,17,5
10-13-20,Jefferson,1383,10,1207,5,176,5,1429,4,18925,52,20354,56,0,17,-3,170,13,1196,0,76,19
10-13-20,Johnson,1048,2,1035,2,13,0,1113,2,7018,211,8131,213,0,5,-3,276,5,767,0,31,6
10-13-20,Knox,11385,72,10880,69,505,3,12203,65,146579,578,158782,643,1,83,-36,874,107,10428,7,428,88
10-13-20,Lake,947,2,941,1,6,1,1155,1,6560,49,7715,50,0,3,1,14,1,930,0,8,3
10-13-20,Lauderdale,1202,14,1055,10,147,4,1253,9,12306,53,13559,62,0,16,-2,149,16,1037,0,55,16
10-13-20,Lawrence,1320,5,1300,5,20,0,1492,7,12255,33,13747,40,0,17,-4,185,9,1118,1,60,17
10-13-20,Lewis,292,4,291,4,1,0,320,1,5047,15,5367,16,0,1,0,63,4,228,0,19,4
10-13-20,Lincoln,740,1,717,1,23,0,873,1,8948,15,9821,16,0,2,-3,73,4,665,0,23,2
10-13-20,Loudon,1458,12,1410,11,48,1,1590,11,15001,67,16591,78,0,9,-8,171,20,1278,0,45,11
10-13-20,Macon,1218,13,1167,12,51,1,1451,13,8171,60,9622,73,0,22,11,93,2,1103,0,85,24
10-13-20,Madison,3455,20,2532,9,923,11,3591,8,30985,48,34576,56,0,76,0,245,20,3134,0,203,83
10-13-20,Marion,650,10,638,9,12,1,769,9,7027,282,7796,291,0,9,3,62,7,579,0,45,9
10-13-20,Marshall,960,7,945,7,15,0,1092,7,10341,34,11433,41,0,5,-4,135,11,820,0,29,9
10-13-20,Maury,2822,30,2781,30,41,0,3199,28,29729,190,32928,218,1,34,5,293,24,2495,0,102,35
10-13-20,McMinn,1383,10,1357,10,26,0,1592,11,18990,45,20582,56,0,31,1,175,9,1177,1,76,34
10-13-20,McNairy,1044,4,846,2,198,2,1185,2,8641,13,9826,15,0,23,-4,72,8,949,0,43,27
10-13-20,Meigs,262,2,258,2,4,0,296,2,3500,45,3796,47,0,4,2,29,0,229,0,13,4
10-13-20,Monroe,1223,21,1177,21,46,0,1375,20,12284,60,13659,80,0,21,13,111,8,1091,0,81,25
10-13-20,Montgomery,3618,8,3411,7,207,1,3970,10,45705,188,49675,198,1,50,-20,242,27,3326,0,137,54
10-13-20,Moore,231,1,203,0,28,1,256,0,2741,1,2997,1,0,1,-2,35,3,195,0,6,2
10-13-20,Morgan,385,5,359,4,26,1,411,4,8811,20,9222,24,1,6,2,50,2,329,0,12,6
10-13-20,Obion,1579,43,1449,9,130,34,1674,9,11481,36,13155,45,-1,15,13,235,31,1329,0,58,21
10-13-20,Out of State,2526,25,2436,19,90,6,2841,27,310648,1539,313489,1566,0,29,-2,185,27,2312,3,92,21
10-13-20,Overton,1049,21,905,17,144,4,1099,18,8063,93,9162,111,0,8,7,205,14,836,1,42,15
10-13-20,Pending,1197,16,1085,13,112,3,1316,14,195467,735,196783,749,0,6,-3,176,19,1015,1,20,2
10-13-20,Perry,173,3,151,3,22,0,185,2,3805,10,3990,12,0,1,1,15,2,157,0,8,1
10-13-20,Pickett,215,1,163,1,52,0,207,2,1148,31,1355,33,0,3,-5,66,6,146,0,11,3
10-13-20,Polk,458,1,443,1,15,0,526,2,4202,8,4728,10,0,13,-2,20,3,425,0,20,13
10-13-20,Putnam,3882,61,3581,60,301,1,4589,68,33553,489,38142,557,1,51,24,348,36,3483,0,127,55
10-13-20,Rhea,994,5,981,5,13,0,1176,27,11948,156,13124,183,0,16,-4,77,9,901,0,36,17
10-13-20,Roane,1097,12,1047,9,50,3,1250,9,19565,255,20815,264,0,6,2,139,10,952,1,41,6
10-13-20,Robertson,2411,4,2376,4,35,0,2890,6,19343,51,22233,57,0,39,-5,101,9,2271,0,176,41
10-13-20,Rutherford,10622,47,10499,47,123,0,12828,66,94566,400,107394,466,0,103,-10,634,57,9885,2,303,109
10-13-20,Scott,290,4,265,1,25,3,300,1,4909,22,5209,23,0,3,-4,40,8,247,0,20,3
10-13-20,Sequatchie,289,5,284,5,5,0,318,5,5563,16,5881,21,0,1,2,37,3,251,0,11,2
10-13-20,Sevier,2988,27,2884,25,104,2,3285,27,28121,174,31406,201,0,19,12,228,15,2741,1,115,21
10-13-20,Shelby,33681,122,33167,114,514,8,41680,155,411616,1908,453296,2063,2,540,-28,1615,148,31526,3,2271,569
10-13-20,Smith,895,2,862,2,33,0,1122,3,6345,6,7467,9,0,12,-12,76,14,807,0,33,12
10-13-20,Stewart,286,0,267,0,19,0,319,1,3295,8,3614,9,1,6,-11,41,10,239,0,10,9
10-13-20,Sullivan,2816,56,2645,54,171,2,3002,57,34420,271,37422,328,1,39,15,388,40,2389,2,209,42
10-13-20,Sumner,5398,19,5354,19,44,0,6398,22,50953,384,57351,406,0,105,-19,270,38,5023,1,416,109
10-13-20,Tipton,2118,26,1893,9,225,17,2441,12,23643,80,26084,92,0,22,10,191,16,1905,3,100,23
10-13-20,Trousdale,1713,0,1701,0,12,0,1792,0,5394,20,7186,20,0,7,-2,20,2,1686,0,26,8
10-13-20,Unicoi,309,1,301,1,8,0,363,0,7058,15,7421,15,0,1,0,12,1,296,0,16,2
10-13-20,Union,467,6,422,5,45,1,481,5,5403,14,5884,19,0,2,-1,51,7,414,0,18,2
10-13-20,Van Buren,188,5,173,5,15,0,206,5,2343,4,2549,9,0,1,3,19,2,168,0,8,2
10-13-20,Warren,1258,20,1163,20,95,0,1403,21,14663,92,16066,113,0,9,11,110,9,1139,1,22,10
10-13-20,Washington,2778,21,2702,20,76,1,3141,26,34719,212,37860,238,1,42,-9,279,29,2457,0,125,44
10-13-20,Wayne,1543,2,1525,2,18,0,1680,2,6381,16,8061,18,0,6,-1,27,3,1510,0,22,8
10-13-20,Weakley,1412,9,1287,0,125,9,1527,0,12313,12,13840,12,0,23,-5,101,14,1288,0,37,25
10-13-20,White,1004,11,925,11,79,0,1256,14,11514,73,12770,87,1,11,-2,90,12,903,0,54,14
10-13-20,Williamson,6193,51,5999,47,194,4,7116,48,77406,352,84522,400,1,47,3,553,47,5593,0,135,50
10-13-20,Wilson,4123,49,4052,47,71,2,4831,53,42489,305,47320,358,0,52,14,356,35,3715,2,140,54
10-12-20,Anderson,1445,16,1390,15,55,1,1634,16,28384,80,30018,96,0,13,-11,159,27,1273,0,48,14
10-12-20,Bedford,1515,16,1440,14,75,2,1786,13,14376,40,16162,53,0,19,7,122,9,1374,1,59,19
10-12-20,Benton,378,3,361,3,17,0,405,3,4966,25,5371,28,0,9,0,20,3,349,0,19,9
10-12-20,Bledsoe,900,2,894,2,6,0,944,2,8355,6,9299,8,0,4,-1,29,3,867,0,21,4
10-12-20,Blount,2917,18,2846,17,71,1,3347,18,32187,106,35534,124,0,30,-9,262,27,2625,0,130,32
10-12-20,Bradley,3268,7,3146,3,122,4,3815,3,27812,112,31627,115,0,20,-15,193,22,3055,0,200,21
10-12-20,Campbell,726,11,656,3,70,8,759,6,12790,41,13549,47,0,4,-4,225,15,497,1,41,6
10-12-20,Cannon,366,5,347,5,19,0,424,5,4489,19,4913,24,0,2,-4,47,9,317,0,11,2
10-12-20,Carroll,1051,6,887,6,164,0,1103,8,12000,95,13103,103,0,24,-12,95,18,932,2,56,24
10-12-20,Carter,1336,2,1279,2,57,0,1446,1,17514,46,18960,47,1,32,-15,104,16,1200,0,92,33
10-12-20,Cheatham,906,2,889,1,17,1,1075,1,12107,51,13182,52,0,10,-4,60,6,836,0,32,12
10-12-20,Chester,687,2,564,2,123,0,767,3,6018,95,6785,98,0,13,-2,36,4,638,0,24,15
10-12-20,Claiborne,479,3,432,1,47,2,531,1,11524,28,12055,29,0,5,2,23,1,451,0,24,5
10-12-20,Clay,319,2,272,1,47,1,329,2,3176,13,3505,15,0,6,-7,63,9,250,0,12,7
10-12-20,Cocke,865,6,791,6,74,0,905,7,8960,37,9865,44,0,11,-3,90,9,764,0,47,13
10-12-20,Coffee,1592,13,1413,7,179,6,1840,7,21551,55,23391,62,0,17,-15,248,28,1327,0,50,23
10-12-20,Crockett,702,4,578,2,124,2,728,1,4115,10,4843,11,0,19,-6,115,10,568,0,22,19
10-12-20,Cumberland,1413,9,1374,9,39,0,1710,10,25155,129,26865,139,0,23,-8,147,17,1243,0,70,26
10-12-20,Davidson,29132,121,28918,120,214,1,36411,141,392983,3532,429394,3673,0,321,-23,1333,144,27478,5,1166,330
10-12-20,Decatur,593,3,467,3,126,0,642,3,6500,23,7142,26,0,11,-1,40,4,542,0,22,11
10-12-20,Dekalb,606,4,579,4,27,0,739,5,8866,20,9605,25,0,17,-2,43,6,546,0,29,16
10-12-20,Dickson,1444,17,1275,10,169,7,1750,10,15784,90,17534,100,0,17,-1,120,18,1307,1,62,18
10-12-20,Dyer,1825,23,1620,17,205,6,1911,17,13113,153,15024,170,0,21,-8,299,31,1505,0,69,24
10-12-20,Fayette,1460,33,1409,33,51,0,1803,37,17252,103,19055,140,0,23,17,184,16,1253,2,87,26
10-12-20,Fentress,790,3,702,3,88,0,849,5,4713,8,5562,13,0,5,-43,139,46,646,1,36,6
10-12-20,Franklin,1151,3,1104,3,47,0,1386,4,16619,64,18005,68,0,12,-11,106,14,1033,0,54,17
10-12-20,Gibson,1968,10,1536,6,432,4,2137,7,16827,58,18964,65,0,28,-17,167,27,1773,0,67,40
10-12-20,Giles,808,8,790,7,18,1,946,6,10120,40,11066,46,0,28,-2,139,10,641,0,53,30
10-12-20,Grainger,485,3,441,3,44,0,536,3,6842,37,7378,40,0,4,-10,55,13,426,0,27,4
10-12-20,Greene,1376,4,1295,0,81,4,1572,0,17472,31,19044,31,0,48,-10,170,14,1158,0,88,48
10-12-20,Grundy,483,4,446,3,37,1,547,5,2927,13,3474,18,0,8,-17,99,21,376,0,36,9
10-12-20,Hamblen,2229,9,2038,8,191,1,2397,9,24351,53,26748,62,0,40,-22,208,31,1981,1,131,48
10-12-20,Hamilton,10620,60,10199,38,421,22,12003,38,149501,474,161504,512,0,101,-44,662,104,9857,1,433,106
10-12-20,Hancock,114,0,105,0,9,0,120,0,2104,1,2224,1,0,3,-1,3,1,108,0,11,3
10-12-20,Hardeman,1740,9,1648,8,92,1,1982,10,15384,69,17366,79,0,30,-6,94,15,1616,0,72,32
10-12-20,Hardin,1219,7,1005,3,214,4,1323,4,13515,21,14838,25,0,18,-13,103,20,1098,1,34,22
10-12-20,Hawkins,1002,7,964,5,38,2,1108,4,11183,39,12291,43,0,22,-4,131,11,849,0,69,25
10-12-20,Haywood,1179,3,1109,3,70,0,1287,3,7461,132,8748,135,0,25,-24,102,27,1052,1,50,25
10-12-20,Henderson,1311,5,1059,5,252,0,1571,5,9770,28,11341,33,0,24,-4,92,9,1195,0,50,24
10-12-20,Henry,694,2,674,2,20,0,819,2,10606,23,11425,25,0,10,-10,31,12,653,0,40,10
10-12-20,Hickman,715,1,668,0,47,1,849,0,8247,28,9096,28,0,13,-14,63,15,639,0,23,13
10-12-20,Houston,354,3,318,1,36,2,373,2,2550,7,2923,9,0,13,-7,44,10,297,1,29,16
10-12-20,Humphreys,356,7,287,5,69,2,382,4,6121,22,6503,26,0,4,-1,58,8,294,0,12,4
10-12-20,Jackson,393,3,350,3,43,0,439,3,2655,9,3094,12,0,5,-10,37,13,351,0,17,5
10-12-20,Jefferson,1373,13,1202,9,171,4,1425,10,18873,130,20298,140,0,17,-17,173,30,1183,1,76,19
10-12-20,Johnson,1046,0,1033,0,13,0,1111,0,6807,12,7918,12,1,5,-14,279,13,762,0,31,6
10-12-20,Knox,11313,82,10811,68,502,14,12138,87,146001,780,158139,867,0,82,-39,910,121,10321,5,421,87
10-12-20,Lake,945,1,940,1,5,0,1154,1,6511,12,7665,13,0,3,-1,13,2,929,0,8,3
10-12-20,Lauderdale,1188,6,1045,4,143,2,1244,3,12253,31,13497,34,0,16,-7,151,13,1021,0,55,16
10-12-20,Lawrence,1315,14,1295,14,20,0,1485,22,12222,115,13707,137,0,17,4,189,10,1109,1,59,17
10-12-20,Lewis,288,0,287,0,1,0,319,1,5032,16,5351,17,0,1,-7,63,7,224,0,19,4
10-12-20,Lincoln,739,5,716,4,23,1,872,4,8933,22,9805,26,0,2,2,76,3,661,1,23,2
10-12-20,Loudon,1446,5,1399,5,47,0,1579,6,14934,54,16513,60,1,9,-22,179,26,1258,1,45,10
10-12-20,Macon,1205,1,1155,1,50,0,1438,1,8111,7,9549,8,0,22,-14,82,15,1101,1,85,24
10-12-20,Madison,3435,16,2523,8,912,8,3583,9,30937,170,34520,179,0,76,-24,245,40,3114,0,203,83
10-12-20,Marion,640,1,629,1,11,0,760,0,6745,33,7505,33,0,9,-9,59,10,572,0,45,9
10-12-20,Marshall,953,10,938,10,15,0,1085,12,10307,42,11392,54,0,5,-1,139,11,809,0,29,8
10-12-20,Maury,2792,5,2751,5,41,0,3171,6,29539,156,32710,162,0,33,-8,288,13,2471,0,102,34
10-12-20,McMinn,1373,8,1347,8,26,0,1581,10,18945,52,20526,62,0,31,-5,174,13,1168,1,75,34
10-12-20,McNairy,1040,5,844,2,196,3,1183,1,8628,79,9811,80,0,23,-11,76,16,941,0,43,26
10-12-20,Meigs,260,0,256,0,4,0,294,0,3455,11,3749,11,0,4,-1,27,1,229,0,13,4
10-12-20,Monroe,1202,1,1156,1,46,0,1355,4,12224,34,13579,38,0,21,-17,98,18,1083,0,81,25
10-12-20,Montgomery,3610,15,3404,10,206,5,3960,11,45517,208,49477,219,0,49,-28,262,43,3299,2,137,53
10-12-20,Moore,230,4,203,1,27,3,256,1,2740,3,2996,4,0,1,-1,37,5,192,0,6,2
10-12-20,Morgan,380,5,355,4,25,1,407,4,8791,30,9198,34,0,5,1,48,4,327,0,12,6
10-12-20,Obion,1536,16,1440,14,96,2,1665,15,11445,40,13110,55,0,16,-15,222,31,1298,0,58,20
10-12-20,Out of State,2501,12,2417,11,84,1,2814,11,309109,1339,311923,1350,0,29,-8,187,20,2285,1,89,20
10-12-20,Overton,1028,19,888,15,140,4,1081,15,7970,41,9051,56,0,8,5,198,14,822,1,41,14
10-12-20,Pending,1181,16,1072,14,109,2,1302,14,194732,578,196034,592,0,6,-5,179,21,996,0,19,2
10-12-20,Perry,170,0,148,0,22,0,183,0,3795,3,3978,3,0,1,0,14,0,155,0,8,1
10-12-20,Pickett,214,4,162,4,52,0,205,4,1117,12,1322,16,0,3,-5,71,9,140,0,11,3
10-12-20,Polk,457,1,442,1,15,0,524,1,4194,16,4718,17,0,13,-3,22,4,422,0,20,13
10-12-20,Putnam,3821,38,3521,31,300,7,4521,31,33064,204,37585,235,0,50,1,324,37,3447,0,127,53
10-12-20,Rhea,989,3,976,2,13,1,1149,2,11792,25,12941,27,0,16,-17,81,20,892,1,36,17
10-12-20,Roane,1085,8,1038,8,47,0,1241,8,19310,102,20551,110,0,6,-4,137,12,942,1,40,6
10-12-20,Robertson,2407,9,2372,8,35,1,2884,9,19292,72,22176,81,0,39,-6,106,15,2262,0,176,41
10-12-20,Rutherford,10575,53,10452,52,123,1,12762,60,94166,442,106928,502,0,103,-32,644,85,9828,1,301,108
10-12-20,Scott,286,3,264,3,22,0,299,3,4887,7,5186,10,0,3,-5,44,8,239,0,20,3
10-12-20,Sequatchie,284,5,279,2,5,3,313,2,5547,13,5860,15,0,1,3,35,2,248,0,11,2
10-12-20,Sevier,2961,17,2859,14,102,3,3258,19,27947,96,31205,115,0,19,-3,216,20,2726,0,114,21
10-12-20,Shelby,33559,183,33053,169,506,14,41525,212,409708,1681,451233,1893,1,538,36,1643,146,31378,3,2268,567
10-12-20,Smith,893,5,860,5,33,0,1119,9,6339,26,7458,35,0,12,-13,88,18,793,0,33,12
10-12-20,Stewart,286,3,267,3,19,0,318,3,3287,18,3605,21,0,5,1,52,2,229,0,10,8
10-12-20,Sullivan,2760,40,2591,37,169,3,2945,35,34149,124,37094,159,2,38,-1,373,39,2349,3,207,41
10-12-20,Sumner,5379,22,5335,22,44,0,6376,26,50569,202,56945,228,0,105,-13,289,35,4985,0,415,109
10-12-20,Tipton,2092,15,1884,13,208,2,2429,15,23563,111,25992,126,0,22,-3,181,18,1889,0,97,23
10-12-20,Trousdale,1713,0,1701,0,12,0,1792,0,5374,3,7166,3,0,7,-8,22,8,1684,0,26,8
10-12-20,Unicoi,308,1,300,0,8,1,363,0,7043,15,7406,15,0,1,-1,12,2,295,0,16,2
10-12-20,Union,461,1,417,1,44,0,476,1,5389,25,5865,26,0,2,-9,52,10,407,0,18,2
10-12-20,Van Buren,183,1,168,1,15,0,201,1,2339,6,2540,7,0,1,1,16,0,166,0,8,2
10-12-20,Warren,1238,1,1143,1,95,0,1382,1,14571,36,15953,37,0,9,-13,99,14,1130,0,21,10
10-12-20,Washington,2757,11,2682,10,75,1,3115,12,34507,122,37622,134,1,41,-15,288,25,2428,0,125,44
10-12-20,Wayne,1541,0,1523,0,18,0,1678,0,6365,21,8043,21,0,6,-4,28,4,1507,0,22,8
10-12-20,Weakley,1403,11,1287,11,116,0,1527,14,12301,40,13828,54,0,23,-7,106,18,1274,0,37,25
10-12-20,White,993,4,914,3,79,1,1242,4,11441,34,12683,38,0,10,-16,92,20,891,0,54,13
10-12-20,Williamson,6142,34,5952,26,190,8,7068,29,77054,490,84122,519,0,46,-26,550,60,5546,0,135,50
10-12-20,Wilson,4074,20,4005,20,69,0,4778,21,42184,160,46962,181,0,52,-26,342,46,3680,1,138,54
10-11-20,Anderson,1429,28,1375,28,54,0,1618,32,28304,291,29922,323,0,13,18,170,10,1246,0,48,14
10-11-20,Bedford,1499,27,1426,24,73,3,1773,24,14336,181,16109,205,0,19,22,115,5,1365,2,58,19
10-11-20,Benton,375,7,358,6,17,1,402,6,4941,69,5343,75,0,9,6,20,1,346,0,19,9
10-11-20,Bledsoe,898,3,892,3,6,0,942,3,8349,79,9291,82,0,4,2,30,1,864,0,21,4
10-11-20,Blount,2899,49,2829,48,70,1,3329,55,32081,352,35410,407,0,30,32,271,17,2598,2,130,32
10-11-20,Bradley,3261,42,3143,39,118,3,3812,40,27700,439,31512,479,0,20,27,208,15,3033,4,200,21
10-11-20,Campbell,715,17,653,16,62,1,753,20,12749,123,13502,143,0,4,8,229,9,482,0,40,5
10-11-20,Cannon,361,2,342,2,19,0,419,2,4470,31,4889,33,0,2,-3,51,5,308,1,11,2
10-11-20,Carroll,1045,13,881,8,164,5,1095,9,11905,130,13000,139,0,24,1,107,12,914,0,54,24
10-11-20,Carter,1334,26,1277,26,57,0,1445,27,17468,332,18913,359,0,31,20,119,6,1184,2,92,33
10-11-20,Cheatham,904,15,888,14,16,1,1074,14,12056,147,13130,161,0,10,12,64,3,830,1,32,12
10-11-20,Chester,685,4,562,3,123,1,764,3,5923,37,6687,40,0,13,4,38,0,634,0,24,15
10-11-20,Claiborne,476,2,431,1,45,1,530,2,11496,80,12026,82,0,5,1,21,1,450,1,24,5
10-11-20,Clay,317,6,271,5,46,1,327,5,3163,22,3490,27,0,6,-3,70,9,241,0,12,7
10-11-20,Cocke,859,10,785,9,74,1,898,12,8923,129,9821,141,0,11,7,93,3,755,0,47,13
10-11-20,Coffee,1579,45,1406,44,173,1,1833,50,21496,260,23329,310,0,17,27,263,18,1299,1,50,20
10-11-20,Crockett,698,22,576,10,122,12,727,12,4105,36,4832,48,0,19,17,121,5,558,0,22,19
10-11-20,Cumberland,1404,6,1365,6,39,0,1700,9,25026,210,26726,219,0,23,-3,155,9,1226,0,70,26
10-11-20,Davidson,29011,225,28798,218,213,7,36270,269,389451,6715,425721,6984,0,321,141,1356,84,27334,13,1161,329
10-11-20,Decatur,590,2,464,1,126,1,639,3,6477,51,7116,54,0,11,-2,41,4,538,0,22,11
10-11-20,Dekalb,602,7,575,7,27,0,734,7,8846,88,9580,95,0,17,5,45,2,540,1,29,16
10-11-20,Dickson,1427,19,1265,14,162,5,1740,14,15694,182,17434,196,0,17,13,121,6,1289,0,61,18
10-11-20,Dyer,1802,50,1603,44,199,6,1894,53,12960,85,14854,138,0,21,31,307,19,1474,1,69,24
10-11-20,Fayette,1427,33,1376,30,51,3,1766,34,17149,147,18915,181,0,23,32,167,1,1237,0,85,25
10-11-20,Fentress,787,24,699,23,88,1,844,27,4705,190,5549,217,0,5,19,182,5,600,3,35,5
10-11-20,Franklin,1148,19,1101,18,47,1,1382,21,16555,197,17937,218,0,12,8,117,11,1019,0,54,16
10-11-20,Gibson,1958,13,1530,6,428,7,2130,13,16769,130,18899,143,0,28,-1,184,14,1746,0,67,39
10-11-20,Giles,800,20,783,20,17,0,940,27,10080,206,11020,233,2,28,10,141,8,631,0,53,29
10-11-20,Grainger,482,7,438,7,44,0,533,8,6805,44,7338,52,0,4,0,65,7,413,0,27,4
10-11-20,Greene,1372,51,1295,51,77,0,1572,56,17441,434,19013,490,0,48,44,180,7,1144,0,88,48
10-11-20,Grundy,479,29,443,28,36,1,542,31,2914,78,3456,109,0,8,16,116,13,355,0,36,9
10-11-20,Hamblen,2220,36,2030,35,190,1,2388,40,24298,269,26686,309,0,40,24,230,12,1950,2,130,48
10-11-20,Hamilton,10560,113,10161,109,399,4,11965,122,149027,2275,160992,2397,0,101,76,706,37,9753,1,432,106
10-11-20,Hancock,114,2,105,2,9,0,120,2,2103,17,2223,19,0,3,1,4,1,107,0,11,3
10-11-20,Hardeman,1731,13,1640,12,91,1,1972,14,15315,146,17287,160,0,30,10,100,3,1601,0,72,31
10-11-20,Hardin,1212,23,1002,23,210,0,1319,23,13494,96,14813,119,0,18,15,116,8,1078,0,33,22
10-11-20,Hawkins,995,29,959,27,36,2,1104,32,11144,377,12248,409,0,22,23,135,6,838,0,69,24
10-11-20,Haywood,1176,11,1106,9,70,2,1284,10,7329,40,8613,50,0,25,3,126,8,1025,1,49,25
10-11-20,Henderson,1306,12,1054,7,252,5,1566,8,9742,68,11308,76,0,24,5,96,7,1186,0,50,24
10-11-20,Henry,692,6,672,6,20,0,817,6,10583,64,11400,70,0,10,2,41,4,641,0,40,10
10-11-20,Hickman,714,8,668,7,46,1,849,10,8219,58,9068,68,0,13,-1,77,9,624,0,23,13
10-11-20,Houston,351,8,317,8,34,0,371,9,2543,103,2914,112,0,13,4,51,4,287,1,28,15
10-11-20,Humphreys,349,13,282,9,67,4,378,10,6099,50,6477,60,0,4,12,59,1,286,0,12,4
10-11-20,Jackson,390,5,347,5,43,0,436,6,2646,37,3082,43,0,5,2,47,3,338,0,17,5
10-11-20,Jefferson,1360,17,1193,9,167,8,1415,12,18743,167,20158,179,0,17,7,190,10,1153,2,75,19
10-11-20,Johnson,1046,18,1033,18,13,0,1111,20,6795,244,7906,264,0,4,12,293,6,749,1,31,6
10-11-20,Knox,11231,169,10743,160,488,9,12051,178,145221,1632,157272,1810,0,82,93,949,76,10200,8,416,85
10-11-20,Lake,944,5,939,5,5,0,1153,5,6499,52,7652,57,0,3,5,14,0,927,0,8,3
10-11-20,Lauderdale,1182,26,1041,19,141,7,1241,21,12222,152,13463,173,0,16,21,158,5,1008,2,55,16
10-11-20,Lawrence,1301,37,1281,37,20,0,1463,44,12107,234,13570,278,0,17,28,185,9,1099,1,58,17
10-11-20,Lewis,288,13,287,13,1,0,318,16,5016,114,5334,130,0,1,11,70,2,217,2,19,3
10-11-20,Lincoln,734,16,712,16,22,0,868,17,8911,56,9779,73,0,2,10,74,6,658,0,22,2
10-11-20,Loudon,1441,24,1394,24,47,0,1573,28,14880,161,16453,189,-1,8,12,201,13,1232,1,44,10
10-11-20,Macon,1204,27,1154,20,50,7,1437,22,8104,87,9541,109,0,22,16,96,11,1086,0,84,24
10-11-20,Madison,3419,36,2515,18,904,18,3574,23,30767,323,34341,346,0,76,9,269,27,3074,0,203,83
10-11-20,Marion,639,12,628,12,11,0,760,14,6712,214,7472,228,0,9,6,68,6,562,0,45,9
10-11-20,Marshall,943,37,928,36,15,1,1073,52,10265,234,11338,286,0,5,30,140,7,798,1,29,8
10-11-20,Maury,2787,66,2746,66,41,0,3165,72,29383,673,32548,745,0,33,45,296,21,2458,0,102,34
10-11-20,McMinn,1365,26,1339,26,26,0,1571,35,18893,269,20464,304,1,31,15,179,10,1155,0,74,32
10-11-20,McNairy,1035,15,842,14,193,1,1182,13,8549,117,9731,130,0,23,9,87,6,925,0,43,26
10-11-20,Meigs,260,5,256,5,4,0,294,5,3444,44,3738,49,0,4,4,28,1,228,0,13,4
10-11-20,Monroe,1201,14,1155,14,46,0,1351,16,12190,96,13541,112,0,21,8,115,6,1065,2,81,25
10-11-20,Montgomery,3595,89,3394,83,201,6,3949,88,45309,709,49258,797,1,49,75,290,13,3256,2,135,52
10-11-20,Moore,226,6,202,6,24,0,255,6,2737,29,2992,35,0,1,4,38,2,187,0,6,2
10-11-20,Morgan,375,5,351,5,24,0,403,5,8761,85,9164,90,1,5,3,47,1,323,1,12,5
10-11-20,Obion,1520,17,1426,16,94,1,1650,17,11405,100,13055,117,0,16,-1,237,18,1267,0,58,18
10-11-20,Out of State,2489,44,2406,43,83,1,2803,47,307770,4966,310573,5013,0,29,35,195,9,2265,2,88,19
10-11-20,Overton,1009,32,873,18,136,14,1066,17,7929,80,8995,97,0,8,16,193,16,808,0,40,12
10-11-20,Pending,1165,43,1058,42,107,1,1288,45,194154,1970,195442,2015,1,6,34,184,8,975,0,19,2
10-11-20,Perry,170,3,148,2,22,1,183,2,3792,16,3975,18,0,1,2,14,1,155,0,8,1
10-11-20,Pickett,210,1,158,1,52,0,201,1,1105,9,1306,10,0,3,-3,76,4,131,1,11,3
10-11-20,Polk,456,4,441,4,15,0,523,5,4178,78,4701,83,0,13,-1,25,5,418,0,20,13
10-11-20,Putnam,3783,32,3490,30,293,2,4490,36,32860,276,37350,312,0,50,3,323,29,3410,0,127,52
10-11-20,Rhea,986,8,974,8,12,0,1147,12,11767,149,12914,161,0,16,4,98,4,872,0,35,17
10-11-20,Roane,1077,28,1030,27,47,1,1233,31,19208,290,20441,321,0,6,23,141,5,930,3,39,6
10-11-20,Robertson,2398,24,2364,24,34,0,2875,24,19220,265,22095,289,0,39,22,112,2,2247,1,176,41
10-11-20,Rutherford,10522,132,10400,126,122,6,12702,131,93724,1173,106426,1304,0,103,72,676,60,9743,4,300,105
10-11-20,Scott,283,8,261,8,22,0,296,10,4880,112,5176,122,0,3,3,49,5,231,1,20,3
10-11-20,Sequatchie,279,14,277,14,2,0,311,15,5534,77,5845,92,0,1,13,32,1,246,1,11,2
10-11-20,Sevier,2944,33,2845,33,99,0,3239,37,27851,306,31090,343,0,19,20,219,13,2706,0,114,21
10-11-20,Shelby,33376,285,32884,281,492,4,41313,347,408027,4596,449340,4943,4,537,203,1607,78,31232,6,2265,565
10-11-20,Smith,888,14,855,14,33,0,1110,16,6313,79,7423,95,0,12,12,101,2,775,1,33,12
10-11-20,Stewart,283,4,264,4,19,0,315,4,3269,35,3584,39,0,5,3,51,1,227,0,10,8
10-11-20,Sullivan,2720,75,2554,74,166,1,2910,79,34025,483,36935,562,0,36,48,374,27,2310,0,204,40
10-11-20,Sumner,5357,59,5313,59,44,0,6350,68,50367,692,56717,760,0,105,37,302,22,4950,3,415,109
10-11-20,Tipton,2077,29,1871,19,206,10,2414,23,23452,234,25866,257,0,22,19,184,10,1871,1,97,23
10-11-20,Trousdale,1713,1,1701,1,12,0,1792,2,5371,40,7163,42,0,7,-2,30,3,1676,0,26,8
10-11-20,Unicoi,307,3,300,2,7,1,363,2,7028,50,7391,52,0,1,1,13,2,293,1,16,1
10-11-20,Union,460,5,416,5,44,0,475,7,5364,76,5839,83,0,2,-1,61,6,397,0,18,2
10-11-20,Van Buren,182,1,167,1,15,0,200,1,2333,19,2533,20,0,1,1,15,0,166,0,8,2
10-11-20,Warren,1237,27,1142,27,95,0,1381,30,14535,140,15916,170,0,9,23,112,4,1116,1,21,10
10-11-20,Washington,2746,70,2672,70,74,0,3103,79,34385,645,37488,724,0,40,50,303,20,2403,1,125,42
10-11-20,Wayne,1541,2,1523,2,18,0,1678,3,6344,48,8022,51,0,6,2,32,0,1503,0,22,8
10-11-20,Weakley,1392,13,1276,10,116,3,1513,10,12261,55,13774,65,0,23,4,113,9,1256,1,37,25
10-11-20,White,989,9,911,9,78,0,1238,12,11407,175,12645,187,0,10,4,108,5,871,0,54,13
10-11-20,Williamson,6108,109,5926,94,182,15,7039,101,76564,1199,83603,1300,0,46,77,576,32,5486,1,135,49
10-11-20,Wilson,4054,56,3985,56,69,0,4757,68,42024,544,46781,612,0,52,22,368,34,3634,3,137,54
10-10-20,Anderson,1401,16,1347,16,54,0,1586,20,28013,214,29599,234,0,13,3,152,13,1236,1,48,14
10-10-20,Bedford,1472,28,1402,28,70,0,1749,30,14155,131,15904,161,0,19,27,93,1,1360,1,56,19
10-10-20,Benton,368,3,352,3,16,0,396,3,4872,31,5268,34,0,9,3,14,0,345,0,19,9
10-10-20,Bledsoe,895,6,889,6,6,0,939,6,8270,72,9209,78,0,4,6,28,0,863,1,21,4
10-10-20,Blount,2850,26,2781,24,69,2,3274,29,31729,383,35003,412,2,30,9,239,15,2581,0,128,32
10-10-20,Bradley,3219,16,3104,16,115,0,3772,17,27261,227,31033,244,1,20,7,181,8,3018,0,196,21
10-10-20,Campbell,698,37,637,30,61,7,733,35,12626,201,13359,236,0,4,33,221,4,473,1,40,5
10-10-20,Cannon,359,11,340,11,19,0,417,12,4439,56,4856,68,0,2,7,54,4,303,0,10,2
10-10-20,Carroll,1032,9,873,6,159,3,1086,7,11775,107,12861,114,0,24,7,106,2,902,2,54,24
10-10-20,Carter,1308,17,1251,16,57,1,1418,16,17136,161,18554,177,0,31,5,99,12,1178,0,90,32
10-10-20,Cheatham,889,6,874,6,15,0,1060,9,11909,103,12969,112,0,10,2,52,4,827,0,31,12
10-10-20,Chester,681,5,559,4,122,1,761,6,5886,42,6647,48,0,13,4,34,1,634,0,24,15
10-10-20,Claiborne,474,2,430,2,44,0,528,2,11416,181,11944,183,0,5,-2,20,4,449,0,23,5
10-10-20,Clay,311,9,266,7,45,2,322,8,3141,41,3463,49,0,6,4,73,5,232,0,12,7
10-10-20,Cocke,849,3,776,3,73,0,886,5,8794,103,9680,108,0,11,-3,86,6,752,0,47,13
10-10-20,Coffee,1534,24,1362,23,172,1,1783,27,21236,155,23019,182,0,17,15,236,9,1281,1,49,19
10-10-20,Crockett,676,17,566,10,110,7,715,11,4069,25,4784,36,0,19,15,104,2,553,0,22,19
10-10-20,Cumberland,1398,14,1359,14,39,0,1691,18,24816,276,26507,294,0,23,7,158,7,1217,1,70,26
10-10-20,Davidson,28786,170,28580,168,206,2,36001,194,382736,4081,418737,4275,0,321,94,1215,76,27250,4,1148,328
10-10-20,Decatur,588,3,463,3,125,0,636,3,6426,30,7062,33,0,11,-2,43,5,534,1,22,11
10-10-20,Dekalb,595,10,568,10,27,0,727,11,8758,108,9485,119,0,17,6,40,4,538,0,28,16
10-10-20,Dickson,1408,5,1251,5,157,0,1726,5,15512,100,17238,105,0,17,1,108,4,1283,0,61,18
10-10-20,Dyer,1752,35,1559,30,193,5,1841,33,12875,163,14716,196,0,21,15,276,20,1455,0,68,24
10-10-20,Fayette,1394,13,1346,13,48,0,1732,14,17002,94,18734,108,0,23,8,135,5,1236,1,85,25
10-10-20,Fentress,763,8,676,7,87,1,817,7,4515,60,5332,67,0,5,0,163,8,595,1,32,5
10-10-20,Franklin,1129,11,1083,11,46,0,1361,15,16358,125,17719,140,0,12,4,109,7,1008,0,54,14
10-10-20,Gibson,1945,11,1524,8,421,3,2117,9,16639,66,18756,75,0,28,-5,185,16,1732,0,67,39
10-10-20,Giles,780,6,763,6,17,0,913,10,9874,109,10787,119,2,26,0,131,4,623,0,53,29
10-10-20,Grainger,475,8,431,8,44,0,525,11,6761,65,7286,76,0,4,2,65,6,406,0,27,4
10-10-20,Greene,1321,21,1244,19,77,2,1516,21,17007,210,18523,231,0,48,11,136,10,1137,0,88,48
10-10-20,Grundy,450,7,415,7,35,0,511,7,2836,27,3347,34,0,8,-4,100,11,342,0,36,9
10-10-20,Hamblen,2184,15,1995,11,189,4,2348,16,24029,210,26377,226,2,40,5,206,8,1938,2,128,48
10-10-20,Hamilton,10447,73,10052,71,395,2,11843,78,146752,1786,158595,1864,2,101,22,630,49,9716,1,431,105
10-10-20,Hancock,112,0,103,0,9,0,118,0,2086,10,2204,10,0,3,0,3,0,106,0,11,3
10-10-20,Hardeman,1718,9,1628,9,90,0,1958,11,15169,160,17127,171,2,30,3,90,4,1598,0,72,30
10-10-20,Hardin,1189,18,979,11,210,7,1296,12,13398,148,14694,160,1,18,14,101,3,1070,0,33,22
10-10-20,Hawkins,966,6,932,6,34,0,1072,7,10767,142,11839,149,0,22,-5,112,11,832,0,69,24
10-10-20,Haywood,1165,6,1097,6,68,0,1274,6,7289,34,8563,40,1,25,1,123,4,1017,0,48,25
10-10-20,Henderson,1294,10,1047,8,247,2,1558,8,9674,50,11232,58,0,24,6,91,4,1179,2,50,24
10-10-20,Henry,686,0,666,0,20,0,811,0,10519,123,11330,123,0,10,-1,39,1,637,0,40,10
10-10-20,Hickman,706,5,661,5,45,0,839,7,8161,66,9000,73,0,13,3,78,2,615,0,23,13
10-10-20,Houston,343,5,309,5,34,0,362,6,2440,34,2802,40,0,13,3,47,2,283,0,27,15
10-10-20,Humphreys,336,5,273,5,63,0,368,5,6049,27,6417,32,1,4,-1,47,5,285,1,12,4
10-10-20,Jackson,385,5,342,5,43,0,430,6,2609,31,3039,37,0,5,3,45,2,335,0,17,5
10-10-20,Jefferson,1343,15,1184,13,159,2,1403,19,18576,273,19979,292,1,17,5,183,9,1143,1,73,19
10-10-20,Johnson,1028,7,1015,7,13,0,1091,9,6551,47,7642,56,0,4,-2,281,9,743,0,30,4
10-10-20,Knox,11062,130,10583,122,479,8,11873,132,143589,1371,155462,1503,0,82,45,856,85,10124,3,408,85
10-10-20,Lake,939,0,934,0,5,0,1148,1,6447,12,7595,13,0,3,0,9,0,927,0,8,3
10-10-20,Lauderdale,1156,23,1022,19,134,4,1220,19,12070,115,13290,134,0,16,18,137,5,1003,3,53,16
10-10-20,Lawrence,1264,22,1244,22,20,0,1419,27,11873,156,13292,183,0,17,16,157,6,1090,1,57,17
10-10-20,Lewis,275,10,274,10,1,0,302,14,4902,51,5204,65,0,1,4,59,6,215,0,17,3
10-10-20,Lincoln,718,6,696,6,22,0,851,6,8855,31,9706,37,0,2,2,64,4,652,0,22,2
10-10-20,Loudon,1417,28,1370,28,47,0,1545,30,14719,242,16264,272,0,9,14,189,14,1219,0,43,9
10-10-20,Macon,1177,7,1134,7,43,0,1415,8,8017,69,9432,77,0,22,3,80,4,1075,0,84,23
10-10-20,Madison,3383,17,2497,8,886,9,3551,12,30444,349,33995,361,2,76,-15,260,30,3047,1,203,81
10-10-20,Marion,627,4,616,3,11,1,746,4,6498,61,7244,65,0,9,2,62,2,556,0,45,9
10-10-20,Marshall,906,11,892,11,14,0,1021,15,10031,56,11052,71,0,5,6,110,5,791,0,28,8
10-10-20,Maury,2721,13,2680,13,41,0,3093,23,28710,131,31803,154,1,33,-4,251,16,2437,0,102,34
10-10-20,McMinn,1339,28,1313,28,26,0,1536,33,18624,225,20160,258,1,30,23,164,4,1145,0,74,31
10-10-20,McNairy,1020,8,828,8,192,0,1169,7,8432,58,9601,65,0,23,0,78,8,919,0,43,26
10-10-20,Meigs,255,3,251,3,4,0,289,3,3400,62,3689,65,1,4,0,24,2,227,0,13,4
10-10-20,Monroe,1187,13,1141,13,46,0,1335,20,12094,150,13429,170,0,21,10,107,3,1059,0,79,25
10-10-20,Montgomery,3506,45,3311,41,195,4,3861,45,44600,420,48461,465,0,48,30,215,15,3243,1,133,51
10-10-20,Moore,220,4,196,4,24,0,249,4,2708,9,2957,13,0,1,1,34,3,185,0,6,2
10-10-20,Morgan,370,7,346,7,24,0,398,7,8676,58,9074,65,0,4,5,44,2,322,0,11,5
10-10-20,Obion,1503,14,1410,13,93,1,1633,14,11305,265,12938,279,0,16,-12,238,26,1249,0,58,18
10-10-20,Out of State,2445,26,2363,24,82,2,2756,27,302804,2272,305560,2299,-1,29,15,160,12,2256,1,86,18
10-10-20,Overton,977,21,855,15,122,6,1049,15,7849,68,8898,83,0,8,15,177,6,792,1,40,12
10-10-20,Pending,1122,23,1016,22,106,1,1243,23,192184,1606,193427,1629,-1,5,17,150,7,967,0,19,2
10-10-20,Perry,167,0,146,0,21,0,181,0,3776,25,3957,25,0,1,0,12,0,154,0,8,1
10-10-20,Pickett,209,4,157,4,52,0,200,6,1096,13,1296,19,0,3,3,79,1,127,1,10,3
10-10-20,Polk,452,4,437,4,15,0,518,5,4100,27,4618,32,0,13,1,26,3,413,0,20,13
10-10-20,Putnam,3751,36,3460,36,291,0,4454,40,32584,358,37038,398,0,50,12,320,24,3381,0,127,50
10-10-20,Rhea,978,7,966,7,12,0,1135,8,11618,162,12753,170,0,16,4,94,3,868,1,35,17
10-10-20,Roane,1049,12,1003,12,46,0,1202,15,18918,205,20120,220,0,6,6,118,6,925,0,36,6
10-10-20,Robertson,2374,11,2340,11,34,0,2851,11,18955,156,21806,167,0,39,3,90,8,2245,1,175,41
10-10-20,Rutherford,10390,91,10274,90,116,1,12571,100,92551,804,105122,904,1,103,49,604,41,9683,1,296,104
10-10-20,Scott,275,4,253,3,22,1,286,3,4768,42,5054,45,0,3,4,46,0,226,0,19,3
10-10-20,Sequatchie,265,1,263,1,2,0,296,1,5457,46,5753,47,-2,1,2,19,1,245,0,10,2
10-10-20,Sevier,2911,21,2812,21,99,0,3202,22,27545,249,30747,271,0,19,6,199,15,2693,0,114,21
10-10-20,Shelby,33091,182,32603,179,488,3,40966,213,403431,3393,444397,3606,4,533,102,1404,76,31154,4,2259,562
10-10-20,Smith,874,18,841,18,33,0,1094,22,6234,68,7328,90,0,12,12,89,6,773,1,32,12
10-10-20,Stewart,279,15,260,15,19,0,311,14,3234,38,3545,52,0,5,15,48,0,226,0,10,7
10-10-20,Sullivan,2645,32,2480,32,165,0,2831,35,33542,381,36373,416,1,36,9,326,22,2283,2,204,40
10-10-20,Sumner,5298,34,5254,34,44,0,6282,36,49675,429,55957,465,1,105,9,265,24,4928,1,412,109
10-10-20,Tipton,2048,29,1852,22,196,7,2391,23,23218,218,25609,241,0,22,19,165,10,1861,1,96,22
10-10-20,Trousdale,1712,8,1700,8,12,0,1790,8,5331,14,7121,22,0,7,2,32,6,1673,0,26,8
10-10-20,Unicoi,304,3,298,2,6,1,361,3,6978,88,7339,91,0,1,2,12,1,291,0,15,1
10-10-20,Union,455,5,411,5,44,0,468,4,5288,42,5756,46,0,2,1,62,4,391,0,18,2
10-10-20,Van Buren,181,3,166,3,15,0,199,3,2314,62,2513,65,0,1,3,14,0,166,0,8,2
10-10-20,Warren,1210,14,1115,14,95,0,1351,15,14395,131,15746,146,0,9,6,89,8,1112,0,20,9
10-10-20,Washington,2676,37,2602,37,74,0,3024,41,33740,448,36764,489,1,40,18,253,18,2383,2,124,41
10-10-20,Wayne,1539,1,1521,1,18,0,1675,1,6296,30,7971,31,0,6,-1,30,2,1503,0,22,7
10-10-20,Weakley,1379,13,1266,12,113,1,1503,13,12206,98,13709,111,0,23,3,109,10,1247,0,36,25
10-10-20,White,980,8,902,8,78,0,1226,9,11232,175,12458,184,0,10,1,104,7,866,1,54,12
10-10-20,Williamson,5999,39,5832,39,167,0,6938,41,75365,626,82303,667,2,46,-8,499,45,5454,0,134,49
10-10-20,Wilson,3998,55,3929,51,69,4,4689,54,41480,370,46169,424,0,52,23,346,32,3600,2,134,54
10-09-20,Anderson,1385,15,1331,13,54,2,1566,16,27799,187,29365,203,0,13,-3,149,18,1223,0,47,13
10-09-20,Bedford,1444,6,1374,5,70,1,1719,3,14024,127,15743,130,0,19,-1,66,7,1359,0,55,19
10-09-20,Benton,365,2,349,2,16,0,393,3,4841,30,5234,33,0,9,1,11,1,345,0,19,9
10-09-20,Bledsoe,889,0,883,0,6,0,933,0,8198,20,9131,20,0,4,-3,22,3,863,0,20,4
10-09-20,Blount,2824,14,2757,13,67,1,3245,15,31346,231,34591,246,0,28,-5,230,19,2566,1,128,31
10-09-20,Bradley,3203,5,3088,4,115,1,3755,8,27034,79,30789,87,0,19,-12,174,17,3010,1,196,21
10-09-20,Campbell,661,26,607,26,54,0,698,24,12425,108,13123,132,0,4,18,188,8,469,1,39,5
10-09-20,Cannon,348,5,329,3,19,2,405,3,4383,3,4788,6,0,2,3,47,2,299,0,10,2
10-09-20,Carroll,1023,6,867,5,156,1,1079,8,11668,106,12747,114,1,24,-14,99,19,900,1,52,24
10-09-20,Carter,1291,14,1235,14,56,0,1402,15,16975,164,18377,179,0,31,11,94,3,1166,0,90,32
10-09-20,Cheatham,883,2,868,2,15,0,1051,3,11806,78,12857,81,0,10,-1,50,3,823,0,31,12
10-09-20,Chester,676,3,555,3,121,0,755,3,5844,100,6599,103,0,13,2,30,1,633,0,24,15
10-09-20,Claiborne,472,3,428,2,44,1,526,2,11235,45,11761,47,0,5,3,22,0,445,0,23,5
10-09-20,Clay,302,9,259,8,43,1,314,7,3100,5,3414,12,0,6,8,69,1,227,0,12,7
10-09-20,Cocke,846,5,773,2,73,3,881,4,8691,36,9572,40,0,11,2,89,3,746,1,47,13
10-09-20,Coffee,1510,2,1339,1,171,1,1756,1,21081,105,22837,106,0,17,-22,221,24,1272,0,48,19
10-09-20,Crockett,659,16,556,11,103,5,704,11,4044,29,4748,40,0,19,11,89,5,551,1,22,19
10-09-20,Cumberland,1384,6,1345,6,39,0,1673,7,24540,208,26213,215,1,23,-7,151,12,1210,2,69,26
10-09-20,Davidson,28616,124,28412,123,204,1,35807,156,378655,7735,414462,7891,2,321,26,1121,96,27174,0,1144,327
10-09-20,Decatur,585,3,460,3,125,0,633,3,6396,97,7029,100,1,11,-5,45,7,529,0,21,11
10-09-20,Dekalb,585,1,558,1,27,0,716,1,8650,21,9366,22,0,17,-5,34,6,534,0,28,16
10-09-20,Dickson,1403,3,1246,2,157,1,1721,4,15412,55,17133,59,0,17,-4,107,7,1279,0,61,18
10-09-20,Dyer,1717,29,1529,24,188,5,1808,23,12712,77,14520,100,1,21,10,261,18,1435,1,68,23
10-09-20,Fayette,1381,13,1333,13,48,0,1718,14,16908,147,18626,161,0,23,-6,127,19,1231,0,84,25
10-09-20,Fentress,755,21,669,11,86,10,810,14,4455,31,5265,45,0,5,2,163,19,587,0,31,5
10-09-20,Franklin,1118,15,1072,13,46,2,1346,13,16233,65,17579,78,0,12,7,105,8,1001,2,54,14
10-09-20,Gibson,1934,8,1516,6,418,2,2108,9,16573,89,18681,98,0,28,-16,190,24,1716,1,67,38
10-09-20,Giles,774,9,757,7,17,2,903,4,9765,45,10668,49,1,24,0,131,8,619,2,53,27
10-09-20,Grainger,467,6,423,5,44,1,514,7,6696,78,7210,85,0,4,1,63,5,400,0,27,4
10-09-20,Greene,1300,11,1225,10,75,1,1495,10,16797,270,18292,280,0,48,4,125,7,1127,0,88,48
10-09-20,Grundy,443,4,408,2,35,2,504,4,2809,11,3313,15,0,8,-7,104,11,331,0,36,9
10-09-20,Hamblen,2169,37,1984,35,185,2,2332,36,23819,278,26151,314,3,38,21,201,13,1930,1,126,44
10-09-20,Hamilton,10374,78,9981,66,393,12,11765,80,144966,1009,156731,1089,-2,99,35,608,45,9667,2,430,105
10-09-20,Hancock,112,0,103,0,9,0,118,0,2076,7,2194,7,0,3,-1,3,1,106,0,11,3
10-09-20,Hardeman,1709,15,1619,10,90,5,1947,9,15009,47,16956,56,0,28,10,87,5,1594,0,72,30
10-09-20,Hardin,1171,7,968,1,203,6,1284,2,13250,19,14534,21,0,17,-1,87,8,1067,0,33,21
10-09-20,Hawkins,960,16,926,12,34,4,1065,10,10625,43,11690,53,0,22,8,117,8,821,2,69,23
10-09-20,Haywood,1159,11,1091,11,68,0,1268,11,7255,103,8523,114,0,24,-4,122,15,1013,0,48,25
10-09-20,Henderson,1284,6,1039,5,245,1,1550,5,9624,88,11174,93,0,24,-1,85,7,1175,0,48,24
10-09-20,Henry,686,3,666,2,20,1,811,2,10396,65,11207,67,0,10,-2,40,5,636,0,40,10
10-09-20,Hickman,701,3,656,3,45,0,832,2,8095,66,8927,68,1,13,-4,75,6,613,0,23,13
10-09-20,Houston,338,2,304,2,34,0,356,2,2406,8,2762,10,0,13,-15,44,17,281,0,27,15
10-09-20,Humphreys,331,5,268,2,63,3,363,2,6022,17,6385,19,0,3,1,48,4,280,1,11,4
10-09-20,Jackson,380,3,337,2,43,1,424,2,2578,6,3002,8,0,5,1,42,2,333,0,17,5
10-09-20,Jefferson,1328,28,1171,24,157,4,1384,24,18303,167,19687,191,0,16,21,178,7,1134,1,72,19
10-09-20,Johnson,1021,4,1008,4,13,0,1082,2,6504,7,7586,9,0,4,-5,283,9,734,0,30,4
10-09-20,Knox,10932,123,10461,121,471,2,11741,142,142218,1382,153959,1524,0,82,37,811,86,10039,3,405,85
10-09-20,Lake,939,1,934,1,5,0,1147,1,6435,4,7582,5,0,3,-3,9,4,927,0,8,3
10-09-20,Lauderdale,1133,2,1003,1,130,1,1201,1,11955,17,13156,18,0,16,-5,119,7,998,0,50,16
10-09-20,Lawrence,1242,25,1222,21,20,4,1392,13,11717,80,13109,93,1,17,8,141,16,1084,1,56,17
10-09-20,Lewis,265,5,264,5,1,0,288,4,4851,23,5139,27,0,1,0,55,5,209,1,17,3
10-09-20,Lincoln,712,2,690,1,22,1,845,1,8824,12,9669,13,1,2,-8,62,9,648,0,22,2
10-09-20,Loudon,1389,15,1342,15,47,0,1515,15,14477,88,15992,103,1,9,2,175,12,1205,0,43,8
10-09-20,Macon,1170,3,1127,2,43,1,1407,2,7948,13,9355,15,0,22,-8,77,11,1071,1,84,23
10-09-20,Madison,3366,11,2489,8,877,3,3539,8,30095,415,33634,423,1,74,-16,275,26,3017,0,202,81
10-09-20,Marion,623,5,613,5,10,0,742,6,6437,21,7179,27,0,9,-2,60,7,554,0,45,9
10-09-20,Marshall,895,16,881,13,14,3,1006,11,9975,20,10981,31,0,5,11,104,5,786,0,28,8
10-09-20,Maury,2708,33,2667,32,41,1,3070,31,28579,377,31649,408,1,32,4,255,28,2421,0,102,33
10-09-20,McMinn,1311,11,1285,11,26,0,1503,21,18399,97,19902,118,0,29,-3,141,14,1141,0,74,31
10-09-20,McNairy,1012,3,820,3,192,0,1162,4,8374,91,9536,95,2,23,-9,78,10,911,0,43,24
10-09-20,Meigs,252,3,248,3,4,0,286,2,3338,3,3624,5,0,3,1,24,2,225,0,13,4
10-09-20,Monroe,1174,5,1128,4,46,1,1315,3,11944,42,13259,45,0,21,-9,97,14,1056,1,79,23
10-09-20,Montgomery,3461,17,3270,11,191,6,3816,12,44180,204,47996,216,1,48,-5,185,21,3228,1,132,51
10-09-20,Moore,216,1,192,1,24,0,245,2,2699,7,2944,9,0,1,-1,33,2,182,0,6,2
10-09-20,Morgan,363,2,339,2,24,0,391,3,8618,80,9009,83,0,4,-1,39,3,320,0,11,4
10-09-20,Obion,1489,12,1397,11,92,1,1619,12,11040,45,12659,57,0,16,1,250,11,1223,0,58,17
10-09-20,Out of State,2419,12,2339,9,80,3,2729,9,300532,1740,303261,1749,1,30,-8,145,19,2244,1,85,18
10-09-20,Overton,956,16,840,9,116,7,1034,10,7781,48,8815,58,0,8,3,162,13,786,0,39,12
10-09-20,Pending,1099,15,994,10,105,5,1220,11,190578,1020,191798,1031,-4,6,5,133,14,960,0,19,1
10-09-20,Perry,167,0,146,0,21,0,181,0,3751,9,3932,9,0,1,-4,12,4,154,0,8,1
10-09-20,Pickett,205,19,153,12,52,7,194,10,1083,11,1277,21,0,3,15,76,4,126,1,9,3
10-09-20,Polk,448,0,433,0,15,0,513,0,4073,6,4586,6,1,13,-6,25,5,410,0,20,13
10-09-20,Putnam,3715,30,3424,26,291,4,4414,27,32226,241,36640,268,0,50,7,308,23,3357,0,127,50
10-09-20,Rhea,971,2,959,2,12,0,1127,2,11456,25,12583,27,0,16,-8,90,10,865,0,34,16
10-09-20,Roane,1037,10,991,10,46,0,1187,10,18713,97,19900,107,0,6,3,112,7,919,0,36,6
10-09-20,Robertson,2363,3,2329,3,34,0,2840,4,18799,61,21639,65,0,39,-8,87,11,2237,0,174,41
10-09-20,Rutherford,10299,125,10184,121,115,4,12471,141,91747,1185,104218,1326,1,102,70,555,54,9642,0,295,104
10-09-20,Scott,271,7,250,5,21,2,283,5,4726,28,5009,33,0,3,5,42,2,226,0,19,3
10-09-20,Sequatchie,264,2,262,2,2,0,295,2,5411,27,5706,29,2,3,-6,17,6,244,0,10,2
10-09-20,Sevier,2890,19,2791,19,99,0,3180,20,27296,132,30476,152,0,19,-2,193,21,2678,0,114,21
10-09-20,Shelby,32909,61,32424,53,485,8,40753,63,400038,1672,440791,1735,5,529,-53,1302,109,31078,6,2255,560
10-09-20,Smith,856,6,823,6,33,0,1072,7,6166,11,7238,18,0,12,-3,77,9,767,0,31,12
10-09-20,Stewart,264,3,245,3,19,0,297,3,3196,6,3493,9,1,5,0,33,2,226,1,10,7
10-09-20,Sullivan,2613,33,2448,29,165,4,2796,33,33161,214,35957,247,0,35,8,317,25,2261,3,202,38
10-09-20,Sumner,5264,19,5220,18,44,1,6246,25,49246,416,55492,441,0,104,-3,256,22,4904,0,411,109
10-09-20,Tipton,2019,9,1830,7,189,2,2368,8,23000,118,25368,126,0,22,-5,146,14,1851,0,95,22
10-09-20,Trousdale,1704,1,1692,1,12,0,1782,1,5317,8,7099,9,0,7,-2,30,3,1667,0,26,7
10-09-20,Unicoi,301,1,296,1,5,0,358,0,6890,22,7248,22,0,1,1,10,0,290,0,15,1
10-09-20,Union,450,6,406,5,44,1,464,8,5246,37,5710,45,0,2,-2,61,8,387,0,18,2
10-09-20,Van Buren,178,1,163,1,15,0,196,1,2252,15,2448,16,0,1,-1,11,2,166,0,8,2
10-09-20,Warren,1196,4,1101,4,95,0,1336,4,14264,61,15600,65,0,9,-10,83,14,1104,0,20,9
10-09-20,Washington,2639,38,2565,37,74,1,2983,47,33292,459,36275,506,0,39,18,235,20,2365,0,122,41
10-09-20,Wayne,1538,0,1520,0,18,0,1674,0,6266,9,7940,9,0,6,-2,31,2,1501,0,22,7
10-09-20,Weakley,1366,5,1254,3,112,2,1490,3,12108,97,13598,100,1,23,-6,106,10,1237,0,36,25
10-09-20,White,972,9,894,9,78,0,1217,9,11057,161,12274,170,0,10,-3,103,12,859,0,53,12
10-09-20,Williamson,5960,42,5793,33,167,9,6897,41,74739,1327,81636,1368,2,44,2,507,38,5409,0,134,49
10-09-20,Wilson,3943,21,3878,18,65,3,4635,27,41110,235,45745,262,0,52,-7,323,28,3568,0,132,53
10-08-20,Anderson,1370,10,1318,8,52,2,1550,9,27612,223,29162,232,0,13,-3,152,13,1205,1,47,13
10-08-20,Bedford,1438,13,1369,11,69,2,1716,12,13897,91,15613,103,0,19,6,67,7,1352,0,55,19
10-08-20,Benton,363,2,347,2,16,0,390,2,4811,36,5201,38,0,9,-1,10,3,344,0,19,9
10-08-20,Bledsoe,889,7,883,7,6,0,933,7,8178,50,9111,57,0,4,4,25,3,860,0,20,4
10-08-20,Blount,2810,23,2744,21,66,2,3230,24,31115,357,34345,381,0,28,1,235,22,2547,1,127,30
10-08-20,Bradley,3198,25,3084,23,114,2,3747,25,26955,169,30702,194,0,19,-4,186,29,2993,4,195,21
10-08-20,Campbell,635,15,581,12,54,3,674,12,12317,67,12991,79,0,4,3,170,12,461,0,38,4
10-08-20,Cannon,343,4,326,4,17,0,402,4,4380,37,4782,41,0,2,0,44,4,297,0,10,2
10-08-20,Carroll,1017,11,862,9,155,2,1071,8,11562,71,12633,79,0,23,5,113,6,881,0,51,24
10-08-20,Carter,1277,6,1221,5,56,1,1387,5,16811,106,18198,111,0,31,0,83,6,1163,0,90,32
10-08-20,Cheatham,881,7,866,6,15,1,1048,7,11728,93,12776,100,0,10,3,51,4,820,0,31,11
10-08-20,Chester,673,2,552,2,121,0,752,2,5744,27,6496,29,0,13,-3,28,5,632,0,24,14
10-08-20,Claiborne,469,5,426,4,43,1,524,4,11190,42,11714,46,0,5,3,19,2,445,1,23,5
10-08-20,Clay,293,9,251,7,42,2,307,8,3095,23,3402,31,0,6,5,61,4,226,1,12,7
10-08-20,Cocke,841,9,771,9,70,0,877,9,8655,83,9532,92,0,11,9,87,0,743,0,46,13
10-08-20,Coffee,1508,23,1338,16,170,7,1755,20,20976,207,22731,227,1,17,5,243,17,1248,0,48,18
10-08-20,Crockett,643,6,545,3,98,3,693,2,4015,29,4708,31,0,19,2,78,4,546,0,21,19
10-08-20,Cumberland,1378,30,1339,30,39,0,1666,31,24332,292,25998,323,1,22,19,158,10,1198,2,67,26
10-08-20,Davidson,28492,180,28289,174,203,6,35651,191,370920,3313,406571,3504,0,319,85,1095,95,27078,7,1144,327
10-08-20,Decatur,582,4,457,1,125,3,630,1,6299,25,6929,26,0,10,-1,50,5,522,0,21,11
10-08-20,Dekalb,584,5,557,5,27,0,715,7,8629,60,9344,67,0,17,3,39,2,528,1,28,16
10-08-20,Dickson,1400,7,1244,7,156,0,1717,9,15357,123,17074,132,0,17,-6,111,13,1272,1,61,18
10-08-20,Dyer,1688,48,1505,44,183,4,1785,43,12635,143,14420,186,1,20,25,251,22,1417,0,67,22
10-08-20,Fayette,1368,23,1320,23,48,0,1704,25,16761,126,18465,151,1,23,14,133,8,1212,0,84,25
10-08-20,Fentress,734,16,658,16,76,0,796,16,4424,58,5220,74,1,5,-4,161,19,568,0,31,5
10-08-20,Franklin,1103,14,1059,13,44,1,1333,15,16168,127,17501,142,1,12,5,98,8,993,1,52,14
10-08-20,Gibson,1926,16,1510,14,416,2,2099,14,16484,115,18583,129,0,28,0,206,16,1692,0,66,37
10-08-20,Giles,765,10,750,9,15,1,899,7,9720,81,10619,88,1,23,0,131,9,611,0,51,25
10-08-20,Grainger,461,8,418,8,43,0,507,11,6618,60,7125,71,0,4,-2,62,10,395,0,27,4
10-08-20,Greene,1289,18,1215,14,74,4,1485,15,16527,203,18012,218,0,48,9,121,9,1120,1,88,48
10-08-20,Grundy,439,11,406,11,33,0,500,9,2798,36,3298,45,0,8,1,111,10,320,1,36,9
10-08-20,Hamblen,2132,25,1949,15,183,10,2296,18,23541,183,25837,201,1,35,15,180,9,1917,1,125,44
10-08-20,Hamilton,10296,93,9915,82,381,11,11685,89,143957,1167,155642,1256,2,101,18,573,73,9622,2,428,103
10-08-20,Hancock,112,0,103,0,9,0,118,0,2069,9,2187,9,0,3,0,4,0,105,0,11,3
10-08-20,Hardeman,1694,10,1609,9,85,1,1938,10,14962,77,16900,87,0,28,-1,77,11,1589,0,72,30
10-08-20,Hardin,1164,7,967,3,197,4,1282,4,13231,78,14513,82,0,17,-2,88,9,1059,0,33,21
10-08-20,Hawkins,944,20,914,20,30,0,1055,24,10582,137,11637,161,0,22,14,109,6,813,1,67,23
10-08-20,Haywood,1148,10,1080,9,68,1,1257,9,7152,44,8409,53,0,24,-2,126,12,998,0,48,24
10-08-20,Henderson,1278,13,1034,10,244,3,1545,12,9536,41,11081,53,0,24,6,86,7,1168,1,48,24
10-08-20,Henry,683,8,664,8,19,0,809,8,10331,55,11140,63,0,10,7,42,1,631,0,40,10
10-08-20,Hickman,698,4,653,4,45,0,830,8,8029,65,8859,73,1,12,-9,79,12,607,0,23,13
10-08-20,Houston,336,9,302,7,34,2,354,8,2398,18,2752,26,0,13,5,59,4,264,0,27,14
10-08-20,Humphreys,326,5,266,4,60,1,361,7,6005,49,6366,56,0,3,-2,47,7,276,0,10,4
10-08-20,Jackson,377,4,335,4,42,0,422,5,2572,36,2994,41,0,5,-2,41,6,331,0,17,5
10-08-20,Jefferson,1300,18,1147,15,153,3,1360,14,18136,241,19496,255,0,16,-1,157,19,1127,0,71,19
10-08-20,Johnson,1017,9,1004,9,13,0,1080,10,6497,46,7577,56,1,4,-4,288,12,725,0,30,4
10-08-20,Knox,10809,109,10340,100,469,9,11599,99,140836,908,152435,1007,1,82,32,774,76,9953,4,402,85
10-08-20,Lake,938,1,933,1,5,0,1146,1,6431,19,7577,20,0,3,-2,12,3,923,0,8,3
10-08-20,Lauderdale,1131,14,1002,13,129,1,1200,13,11938,79,13138,92,0,16,12,124,2,991,1,50,16
10-08-20,Lawrence,1217,15,1201,14,16,1,1379,10,11637,96,13016,106,0,16,-3,133,18,1068,1,55,17
10-08-20,Lewis,260,3,259,3,1,0,284,5,4828,42,5112,47,0,1,0,55,3,204,0,16,3
10-08-20,Lincoln,710,14,689,11,21,3,844,13,8812,49,9656,62,0,1,9,70,5,639,0,22,2
10-08-20,Loudon,1374,22,1327,21,47,1,1500,22,14389,139,15889,161,0,8,4,173,18,1193,0,43,8
10-08-20,Macon,1167,11,1125,11,42,0,1405,13,7935,70,9340,83,0,22,4,85,7,1060,0,83,23
10-08-20,Madison,3355,31,2481,12,874,19,3531,14,29680,155,33211,169,0,73,-1,291,32,2991,1,202,80
10-08-20,Marion,618,12,608,12,10,0,736,14,6416,80,7152,94,0,9,5,62,7,547,1,45,9
10-08-20,Marshall,879,10,868,8,11,2,995,9,9955,81,10950,90,0,5,1,93,9,781,0,28,8
10-08-20,Maury,2675,38,2635,37,40,1,3039,38,28202,299,31241,337,1,31,12,251,25,2393,1,102,32
10-08-20,McMinn,1300,18,1274,18,26,0,1482,14,18302,133,19784,147,1,29,6,144,11,1127,3,74,30
10-08-20,McNairy,1009,3,817,3,192,0,1158,5,8283,50,9441,55,0,21,-11,87,14,901,0,43,24
10-08-20,Meigs,249,3,245,3,4,0,284,3,3335,26,3619,29,0,3,1,23,2,223,0,13,4
10-08-20,Monroe,1169,8,1124,8,45,0,1312,8,11902,64,13214,72,0,21,2,106,6,1042,0,78,23
10-08-20,Montgomery,3444,48,3259,33,185,15,3804,33,43976,346,47780,379,1,47,17,190,30,3207,1,131,51
10-08-20,Moore,215,6,191,5,24,1,243,5,2692,15,2935,20,0,1,2,34,4,180,1,6,2
10-08-20,Morgan,361,7,337,7,24,0,388,7,8538,49,8926,56,0,4,4,40,3,317,1,11,4
10-08-20,Obion,1477,23,1386,23,91,0,1607,26,10995,55,12602,81,0,16,8,249,15,1212,0,58,16
10-08-20,Out of State,2407,12,2330,12,77,0,2720,14,298792,2462,301512,2476,2,29,-3,153,13,2225,0,84,18
10-08-20,Overton,940,22,831,21,109,1,1024,22,7733,73,8757,95,0,8,7,159,15,773,0,39,11
10-08-20,Pending,1084,16,984,16,100,0,1209,19,189558,1512,190767,1531,0,10,-5,128,21,946,1,19,1
10-08-20,Perry,167,4,146,4,21,0,181,5,3742,12,3923,17,0,1,3,16,1,150,0,8,1
10-08-20,Pickett,186,10,141,10,45,0,184,11,1072,15,1256,26,1,3,4,61,5,122,1,8,3
10-08-20,Polk,448,6,433,5,15,1,513,5,4067,31,4580,36,0,12,1,31,5,405,0,20,13
10-08-20,Putnam,3685,29,3398,27,287,2,4387,28,31985,312,36372,340,1,50,-14,301,42,3334,0,127,50
10-08-20,Rhea,969,31,957,30,12,1,1125,13,11431,103,12556,116,1,16,29,98,1,855,1,34,16
10-08-20,Roane,1027,29,981,28,46,1,1177,28,18616,195,19793,223,0,6,18,109,11,912,0,36,6
10-08-20,Robertson,2360,19,2326,19,34,0,2836,18,18738,208,21574,226,1,39,13,95,5,2226,2,174,40
10-08-20,Rutherford,10174,83,10063,82,111,1,12330,94,90562,680,102892,774,2,101,26,485,55,9588,2,295,103
10-08-20,Scott,264,3,245,3,19,0,278,3,4698,48,4976,51,0,3,-2,37,5,224,0,19,3
10-08-20,Sequatchie,262,0,260,0,2,0,293,0,5384,44,5677,44,0,1,-4,23,4,238,0,10,2
10-08-20,Sevier,2871,45,2772,43,99,2,3160,46,27164,286,30324,332,1,19,19,195,25,2657,3,114,20
10-08-20,Shelby,32848,139,32371,132,477,7,40690,156,398366,3107,439056,3263,33,524,-35,1355,141,30969,4,2249,559
10-08-20,Smith,850,16,817,16,33,0,1065,18,6155,64,7220,82,0,12,1,80,15,758,0,31,12
10-08-20,Stewart,261,3,242,3,19,0,294,3,3190,31,3484,34,1,4,-1,33,3,224,0,9,5
10-08-20,Sullivan,2580,67,2419,62,161,5,2763,62,32947,349,35710,411,0,35,41,309,26,2236,1,199,37
10-08-20,Sumner,5245,46,5202,46,43,0,6221,56,48830,465,55051,521,0,104,27,259,19,4882,2,411,109
10-08-20,Tipton,2010,23,1823,16,187,7,2360,15,22882,166,25242,181,0,22,10,151,13,1837,0,95,22
10-08-20,Trousdale,1703,0,1691,0,12,0,1781,0,5309,33,7090,33,0,7,-7,32,7,1664,0,26,7
10-08-20,Unicoi,300,1,295,1,5,0,358,2,6868,44,7226,46,0,1,1,9,0,290,0,15,1
10-08-20,Union,444,5,401,4,43,1,456,4,5209,50,5665,54,0,2,2,63,3,379,1,18,2
10-08-20,Van Buren,177,2,162,2,15,0,195,2,2237,11,2432,13,0,1,2,12,0,164,0,8,2
10-08-20,Warren,1192,12,1097,12,95,0,1332,12,14203,127,15535,139,0,9,0,93,12,1090,1,20,9
10-08-20,Washington,2601,33,2528,31,73,2,2936,31,32833,379,35769,410,1,39,22,217,10,2345,2,122,41
10-08-20,Wayne,1538,5,1520,4,18,1,1674,4,6257,32,7931,36,0,6,0,33,5,1499,0,22,7
10-08-20,Weakley,1361,10,1251,9,110,1,1487,12,12011,81,13498,93,0,22,-6,112,16,1227,0,36,25
10-08-20,White,963,17,885,16,78,1,1208,16,10896,110,12104,126,0,10,12,106,5,847,0,53,12
10-08-20,Williamson,5918,66,5760,49,158,17,6856,53,73412,866,80268,919,1,42,25,505,40,5371,2,134,49
10-08-20,Wilson,3922,51,3860,50,62,1,4608,53,40875,309,45483,362,2,52,24,330,25,3540,2,132,52
10-07-20,Anderson,1360,7,1310,7,50,0,1541,9,27389,239,28930,248,0,13,0,155,7,1192,0,46,13
10-07-20,Bedford,1425,12,1358,11,67,1,1704,15,13806,79,15510,94,0,19,-3,61,15,1345,0,55,19
10-07-20,Benton,361,1,345,1,16,0,388,1,4775,63,5163,64,1,9,-1,11,1,341,0,19,9
10-07-20,Bledsoe,882,3,876,2,6,1,926,2,8128,66,9054,68,0,4,-1,21,4,857,1,20,4
10-07-20,Blount,2787,30,2723,27,64,3,3206,30,30758,272,33964,302,0,28,6,234,24,2525,2,126,30
10-07-20,Bradley,3173,27,3061,24,112,3,3722,26,26786,174,30508,200,0,19,17,190,10,2964,6,191,20
10-07-20,Campbell,620,38,569,33,51,5,662,34,12250,123,12912,157,0,4,31,167,7,449,4,38,4
10-07-20,Cannon,339,5,322,5,17,0,398,5,4343,65,4741,70,0,2,2,44,3,293,0,10,2
10-07-20,Carroll,1006,12,853,6,153,6,1063,7,11491,182,12554,189,2,23,-4,108,14,875,1,51,24
10-07-20,Carter,1271,24,1216,23,55,1,1382,26,16705,177,18087,203,0,31,15,83,9,1157,0,90,32
10-07-20,Cheatham,874,10,860,8,14,2,1041,10,11635,69,12676,79,0,10,6,48,4,816,0,31,11
10-07-20,Chester,671,1,550,1,121,0,750,3,5717,23,6467,26,0,13,-5,31,6,627,0,24,14
10-07-20,Claiborne,464,3,422,3,42,0,520,4,11148,79,11668,83,0,5,1,16,2,443,1,22,5
10-07-20,Clay,284,11,244,6,40,5,299,6,3072,10,3371,16,0,6,11,56,0,222,1,11,6
10-07-20,Cocke,832,13,762,9,70,4,868,7,8572,46,9440,53,0,11,12,78,1,743,1,46,13
10-07-20,Coffee,1485,36,1322,30,163,6,1735,31,20769,320,22504,351,0,16,20,238,16,1231,0,48,18
10-07-20,Crockett,637,13,542,2,95,11,691,2,3986,28,4677,30,-1,19,7,76,7,542,0,21,19
10-07-20,Cumberland,1348,5,1309,5,39,0,1635,7,24040,61,25675,68,0,21,-5,139,10,1188,1,65,26
10-07-20,Davidson,28312,107,28115,105,197,2,35460,122,367607,2805,403067,2927,2,319,-3,1010,108,26983,9,1137,326
10-07-20,Decatur,578,7,456,6,122,1,629,6,6274,54,6903,60,0,10,1,51,6,517,0,21,11
10-07-20,Dekalb,579,4,552,2,27,2,708,4,8569,103,9277,107,0,17,-3,36,7,526,0,27,16
10-07-20,Dickson,1393,15,1237,10,156,5,1708,11,15234,90,16942,101,0,17,4,117,11,1259,1,60,18
10-07-20,Dyer,1640,22,1461,12,179,10,1742,10,12492,140,14234,150,1,19,2,226,19,1395,1,67,22
10-07-20,Fayette,1345,5,1297,5,48,0,1679,4,16635,61,18314,65,0,22,-3,119,8,1204,0,84,24
10-07-20,Fentress,718,21,642,17,76,4,780,22,4366,64,5146,86,0,4,-6,165,27,549,0,31,5
10-07-20,Franklin,1089,17,1046,16,43,1,1318,19,16041,172,17359,191,1,11,4,93,12,985,0,51,14
10-07-20,Gibson,1910,17,1496,8,414,9,2085,11,16369,68,18454,79,1,28,-19,206,35,1676,0,66,36
10-07-20,Giles,755,24,741,23,14,1,892,26,9639,71,10531,97,0,22,15,131,9,602,2,51,24
10-07-20,Grainger,453,10,410,10,43,0,496,11,6558,81,7054,92,0,4,0,64,10,385,0,27,4
10-07-20,Greene,1271,30,1201,28,70,2,1470,30,16324,170,17794,200,0,48,25,112,5,1111,0,87,48
10-07-20,Grundy,428,10,395,9,33,1,491,13,2762,21,3253,34,0,8,0,110,10,310,2,35,9
10-07-20,Hamblen,2107,11,1934,9,173,2,2278,10,23358,236,25636,246,3,34,-5,165,13,1908,1,124,42
10-07-20,Hamilton,10203,58,9833,44,370,14,11596,44,142790,1105,154386,1149,0,99,-11,555,69,9549,2,426,103
10-07-20,Hancock,112,0,103,0,9,0,118,0,2060,26,2178,26,0,3,0,4,0,105,0,11,3
10-07-20,Hardeman,1684,4,1600,2,84,2,1928,1,14885,23,16813,24,0,28,-5,78,9,1578,0,72,30
10-07-20,Hardin,1157,6,964,4,193,2,1278,3,13153,17,14431,20,1,17,-8,90,13,1050,1,33,21
10-07-20,Hawkins,924,14,894,14,30,0,1031,13,10445,162,11476,175,0,22,3,95,11,807,1,66,23
10-07-20,Haywood,1138,1,1071,0,67,1,1248,1,7108,25,8356,26,1,24,-8,128,8,986,0,48,24
10-07-20,Henderson,1265,4,1024,2,241,2,1533,4,9495,28,11028,32,0,24,-2,80,6,1161,0,47,24
10-07-20,Henry,675,3,656,3,19,0,801,3,10276,60,11077,63,0,10,0,35,3,630,0,40,10
10-07-20,Hickman,694,5,649,5,45,0,822,5,7964,29,8786,34,0,11,-4,88,9,595,0,23,12
10-07-20,Houston,327,5,295,5,32,0,346,5,2380,6,2726,11,0,13,-3,54,8,260,0,27,14
10-07-20,Humphreys,321,1,262,1,59,0,354,1,5956,30,6310,31,0,3,-4,49,5,269,0,10,4
10-07-20,Jackson,373,0,331,0,42,0,417,0,2536,17,2953,17,0,5,-4,43,4,325,0,17,5
10-07-20,Jefferson,1282,13,1132,9,150,4,1346,8,17895,130,19241,138,0,16,4,158,9,1108,0,71,19
10-07-20,Johnson,1008,165,995,165,13,0,1070,167,6451,222,7521,389,0,3,157,292,8,713,0,30,4
10-07-20,Knox,10700,103,10240,87,460,16,11500,92,139928,1680,151428,1772,0,81,15,742,88,9877,5,398,85
10-07-20,Lake,937,0,932,0,5,0,1145,0,6412,12,7557,12,1,3,-1,14,0,920,0,8,3
10-07-20,Lauderdale,1117,23,989,5,128,18,1187,4,11859,107,13046,111,0,16,13,112,10,989,0,49,16
10-07-20,Lawrence,1202,26,1187,26,15,0,1369,28,11541,83,12910,111,2,16,13,136,11,1050,3,54,17
10-07-20,Lewis,257,14,256,14,1,0,279,13,4786,28,5065,41,0,1,9,55,5,201,1,16,3
10-07-20,Lincoln,696,5,678,4,18,1,831,4,8763,80,9594,84,0,1,-1,61,6,634,0,22,1
10-07-20,Loudon,1352,19,1306,18,46,1,1478,20,14250,124,15728,144,0,8,3,169,16,1175,0,43,8
10-07-20,Macon,1156,17,1114,12,42,5,1392,10,7865,17,9257,27,0,22,10,81,7,1053,0,83,23
10-07-20,Madison,3324,37,2469,20,855,17,3517,23,29525,193,33042,216,0,73,13,292,24,2959,1,201,79
10-07-20,Marion,606,5,596,5,10,0,722,6,6336,80,7058,86,0,9,1,57,4,540,0,44,9
10-07-20,Marshall,869,11,860,11,9,0,986,16,9874,79,10860,95,0,5,2,92,9,772,0,28,8
10-07-20,Maury,2637,45,2598,43,39,2,3001,41,27903,306,30904,347,0,30,25,239,20,2368,1,101,32
10-07-20,McMinn,1282,23,1256,15,26,8,1468,17,18169,205,19637,222,0,28,12,138,11,1116,0,71,30
10-07-20,McNairy,1006,15,814,12,192,3,1153,17,8233,122,9386,139,1,21,-5,98,19,887,0,43,23
10-07-20,Meigs,246,2,242,2,4,0,281,2,3309,17,3590,19,0,3,2,22,0,221,1,13,3
10-07-20,Monroe,1161,12,1116,12,45,0,1304,15,11838,93,13142,108,1,21,-7,104,18,1036,2,78,23
10-07-20,Montgomery,3396,35,3226,34,170,1,3771,40,43630,440,47401,480,0,46,16,173,19,3177,1,130,49
10-07-20,Moore,209,3,186,2,23,1,238,3,2677,91,2915,94,0,1,-2,32,5,176,0,5,2
10-07-20,Morgan,354,1,330,1,24,0,381,1,8489,32,8870,33,0,4,-1,36,2,314,0,10,4
10-07-20,Obion,1454,25,1363,13,91,12,1581,13,10940,99,12521,112,1,16,6,241,18,1197,0,58,16
10-07-20,Out of State,2395,30,2318,25,77,5,2706,26,296330,1970,299036,1996,0,27,14,156,16,2212,1,84,17
10-07-20,Overton,918,20,810,14,108,6,1002,18,7660,43,8662,61,0,8,12,152,8,758,1,39,9
10-07-20,Pending,1068,14,968,12,100,2,1190,14,188046,1295,189236,1309,0,10,-5,133,19,925,1,18,1
10-07-20,Perry,163,4,142,3,21,1,176,2,3730,8,3906,10,1,1,3,13,0,149,1,8,1
10-07-20,Pickett,176,5,131,2,45,3,173,3,1057,5,1230,8,0,2,1,57,4,117,0,7,3
10-07-20,Polk,442,5,428,4,14,1,508,6,4036,16,4544,22,0,12,5,30,0,400,0,20,13
10-07-20,Putnam,3656,29,3371,18,285,11,4359,20,31673,171,36032,191,0,49,-6,315,35,3292,1,127,50
10-07-20,Rhea,938,7,927,7,11,0,1112,8,11328,83,12440,91,0,15,1,69,6,854,0,33,16
10-07-20,Roane,998,4,953,3,45,1,1149,5,18421,62,19570,67,0,6,-6,91,10,901,0,36,6
10-07-20,Robertson,2341,8,2307,8,34,0,2818,8,18530,179,21348,187,0,38,-2,82,10,2221,2,172,40
10-07-20,Rutherford,10091,45,9981,42,110,3,12236,52,89882,681,102118,733,0,99,-27,459,72,9533,0,293,103
10-07-20,Scott,261,6,242,2,19,4,275,2,4650,33,4925,35,0,3,4,39,2,219,0,19,3
10-07-20,Sequatchie,262,1,260,1,2,0,293,1,5340,136,5633,137,0,1,-2,27,3,234,0,10,2
10-07-20,Sevier,2826,20,2729,16,97,4,3114,18,26878,150,29992,168,0,18,-2,176,22,2632,3,111,20
10-07-20,Shelby,32709,123,32239,113,470,10,40534,134,395259,1986,435793,2120,0,491,-8,1390,131,30828,3,2245,557
10-07-20,Smith,834,12,801,12,33,0,1047,16,6091,31,7138,47,0,12,5,79,7,743,0,31,12
10-07-20,Stewart,258,6,239,6,19,0,291,7,3159,27,3450,34,0,3,-5,34,11,221,0,9,4
10-07-20,Sullivan,2513,34,2357,34,156,0,2701,40,32598,363,35299,403,-1,35,14,268,21,2210,2,198,37
10-07-20,Sumner,5199,27,5156,26,43,1,6165,33,48365,443,54530,476,0,104,-6,232,33,4863,1,409,109
10-07-20,Tipton,1987,17,1807,12,180,5,2345,12,22716,114,25061,126,0,22,-3,141,20,1824,0,95,22
10-07-20,Trousdale,1703,3,1691,3,12,0,1781,3,5276,18,7057,21,0,7,0,39,3,1657,1,26,7
10-07-20,Unicoi,299,1,294,1,5,0,356,1,6824,57,7180,58,0,1,-1,8,2,290,0,15,1
10-07-20,Union,439,11,397,8,42,3,452,10,5159,63,5611,73,0,2,5,61,6,376,1,17,2
10-07-20,Van Buren,175,0,160,0,15,0,193,0,2226,3,2419,3,0,1,0,10,0,164,0,8,2
10-07-20,Warren,1180,8,1085,8,95,0,1320,9,14076,157,15396,166,1,9,-3,93,10,1078,0,19,9
10-07-20,Washington,2568,36,2497,34,71,2,2905,38,32454,374,35359,412,0,38,4,195,32,2335,0,120,40
10-07-20,Wayne,1533,1,1516,1,17,0,1670,1,6225,19,7895,20,0,6,-1,33,2,1494,0,22,7
10-07-20,Weakley,1351,10,1242,8,109,2,1475,8,11930,61,13405,69,1,22,0,118,9,1211,0,36,23
10-07-20,White,946,3,869,2,77,1,1192,3,10786,31,11978,34,0,10,-7,94,10,842,1,53,12
10-07-20,Williamson,5852,80,5711,76,141,4,6803,79,72546,899,79349,978,1,41,19,480,60,5331,0,132,48
10-07-20,Wilson,3871,21,3810,21,61,0,4555,22,40566,190,45121,212,0,50,-11,306,32,3515,2,130,51
10-06-20,Anderson,1353,28,1303,27,50,1,1532,33,27150,338,28682,371,0,13,15,155,13,1185,1,46,13
10-06-20,Bedford,1413,3,1347,1,66,2,1689,4,13727,73,15416,77,1,19,-6,64,8,1330,0,55,19
10-06-20,Benton,360,5,344,5,16,0,387,5,4712,30,5099,35,0,8,3,12,2,340,1,19,9
10-06-20,Bledsoe,879,4,874,4,5,0,924,4,8062,117,8986,121,0,4,2,22,2,853,0,19,4
10-06-20,Blount,2757,35,2696,32,61,3,3176,34,30486,297,33662,331,0,28,23,228,12,2501,0,124,30
10-06-20,Bradley,3146,17,3037,17,109,0,3696,23,26612,192,30308,215,0,19,3,173,14,2954,1,185,20
10-06-20,Campbell,582,42,536,36,46,6,628,42,12127,185,12755,227,0,4,40,136,2,442,5,34,4
10-06-20,Cannon,334,6,317,6,17,0,393,6,4278,60,4671,66,1,2,5,42,0,290,0,10,2
10-06-20,Carroll,994,8,847,4,147,4,1056,4,11309,59,12365,63,0,21,0,112,8,861,0,50,24
10-06-20,Carter,1247,9,1193,9,54,0,1356,5,16528,138,17884,143,2,31,6,68,1,1148,1,90,32
10-06-20,Cheatham,864,8,852,5,12,3,1031,5,11566,95,12597,100,0,10,-1,42,9,812,0,31,11
10-06-20,Chester,670,4,549,4,121,0,747,4,5694,25,6441,29,0,13,-2,36,6,621,0,24,14
10-06-20,Claiborne,461,3,419,2,42,1,516,2,11069,47,11585,49,0,5,0,15,3,441,0,21,5
10-06-20,Clay,273,7,238,5,35,2,293,6,3062,93,3355,99,0,6,2,45,5,222,2,10,6
10-06-20,Cocke,819,20,753,16,66,4,861,19,8526,75,9387,94,0,11,16,66,4,742,0,45,12
10-06-20,Coffee,1449,28,1292,23,157,5,1704,25,20449,135,22153,160,0,16,1,218,27,1215,2,48,18
10-06-20,Crockett,624,12,540,7,84,5,689,6,3958,47,4647,53,0,20,10,69,2,535,0,21,19
10-06-20,Cumberland,1343,38,1304,38,39,0,1628,43,23979,361,25607,404,0,21,31,144,7,1178,1,64,26
10-06-20,Davidson,28205,142,28010,140,195,2,35338,162,364802,2956,400140,3118,1,317,12,1013,129,26875,5,1128,326
10-06-20,Decatur,571,2,450,0,121,2,623,0,6220,13,6843,13,0,10,-4,50,6,511,0,21,10
10-06-20,Dekalb,575,9,550,7,25,2,704,8,8466,57,9170,65,0,17,3,39,6,519,0,27,16
10-06-20,Dickson,1378,14,1227,11,151,3,1697,13,15144,150,16841,163,0,17,0,113,14,1248,0,59,18
10-06-20,Dyer,1618,33,1449,13,169,20,1732,19,12352,185,14084,204,0,18,8,224,25,1376,0,66,21
10-06-20,Fayette,1340,13,1292,13,48,0,1675,15,16574,135,18249,150,1,22,-7,122,19,1196,0,84,24
10-06-20,Fentress,697,11,625,6,72,5,758,7,4302,14,5060,21,0,4,-6,171,17,522,1,31,4
10-06-20,Franklin,1072,8,1030,7,42,1,1299,10,15869,64,17168,74,0,10,1,89,7,973,1,51,13
10-06-20,Gibson,1893,22,1488,15,405,7,2074,15,16301,183,18375,198,0,27,1,225,21,1641,0,66,34
10-06-20,Giles,731,7,718,7,13,0,866,11,9568,46,10434,57,3,22,-6,116,10,593,0,49,22
10-06-20,Grainger,443,3,400,2,43,1,485,3,6477,40,6962,43,1,4,0,64,2,375,0,27,4
10-06-20,Greene,1241,8,1173,7,68,1,1440,8,16154,31,17594,39,0,48,-2,87,10,1106,0,87,48
10-06-20,Grundy,418,5,386,5,32,0,478,6,2741,15,3219,21,1,8,-3,110,7,300,0,33,9
10-06-20,Hamblen,2096,22,1925,17,171,5,2268,19,23122,160,25390,179,0,31,11,170,11,1895,1,123,41
10-06-20,Hamilton,10145,105,9789,90,356,15,11552,106,141685,1220,153237,1326,3,99,38,566,64,9480,1,424,102
10-06-20,Hancock,112,0,103,0,9,0,118,0,2034,7,2152,7,0,3,0,4,0,105,0,11,3
10-06-20,Hardeman,1680,5,1598,4,82,1,1927,6,14862,51,16789,57,0,28,1,83,4,1569,0,72,30
10-06-20,Hardin,1151,17,960,13,191,4,1275,18,13136,80,14411,98,0,16,1,98,16,1037,0,32,20
10-06-20,Hawkins,910,15,880,13,30,2,1018,12,10283,57,11301,69,0,22,8,92,7,796,1,65,23
10-06-20,Haywood,1137,14,1071,14,66,0,1247,17,7083,63,8330,80,0,23,5,136,9,978,0,48,24
10-06-20,Henderson,1261,14,1022,12,239,2,1529,12,9467,65,10996,77,0,24,5,82,9,1155,4,47,24
10-06-20,Henry,672,5,653,5,19,0,798,6,10216,62,11014,68,0,10,0,35,5,627,0,40,10
10-06-20,Hickman,689,7,644,6,45,1,817,7,7935,123,8752,130,0,11,-5,92,12,586,0,23,12
10-06-20,Houston,322,7,290,6,32,1,341,7,2374,43,2715,50,0,13,4,57,3,252,0,27,14
10-06-20,Humphreys,320,8,261,7,59,1,353,8,5926,129,6279,137,0,3,1,53,7,264,0,10,4
10-06-20,Jackson,373,7,331,7,42,0,417,7,2519,26,2936,33,0,5,2,47,5,321,0,17,5
10-06-20,Jefferson,1269,25,1123,15,146,10,1338,19,17765,165,19103,184,0,16,17,154,8,1099,1,71,18
10-06-20,Johnson,843,60,830,60,13,0,903,62,6229,50,7132,112,0,3,45,135,15,705,0,30,4
10-06-20,Knox,10597,113,10153,100,444,13,11408,111,138248,1399,149656,1510,0,81,2,727,111,9789,4,393,84
10-06-20,Lake,937,2,932,1,5,1,1145,3,6400,102,7545,105,0,2,-5,15,7,920,0,8,3
10-06-20,Lauderdale,1094,24,984,14,110,10,1183,14,11752,155,12935,169,0,16,17,99,7,979,0,49,16
10-06-20,Lawrence,1176,5,1161,5,15,0,1341,6,11458,167,12799,173,0,14,-7,123,12,1039,0,51,17
10-06-20,Lewis,243,2,242,2,1,0,266,3,4758,22,5024,25,0,1,0,46,2,196,0,15,2
10-06-20,Lincoln,691,15,674,12,17,3,827,16,8683,88,9510,104,0,1,6,62,9,628,0,22,1
10-06-20,Loudon,1333,16,1288,12,45,4,1458,13,14126,165,15584,178,0,8,4,166,12,1159,1,43,8
10-06-20,Macon,1139,13,1102,11,37,2,1382,17,7848,169,9230,186,0,22,4,71,9,1046,0,83,23
10-06-20,Madison,3287,31,2449,17,838,14,3494,20,29332,147,32826,167,1,73,5,279,25,2935,3,200,79
10-06-20,Marion,601,4,591,4,10,0,716,3,6256,25,6972,28,0,9,-7,56,11,536,0,44,9
10-06-20,Marshall,858,16,849,15,9,1,970,14,9795,58,10765,72,0,5,6,90,10,763,1,28,6
10-06-20,Maury,2592,19,2555,17,37,2,2960,20,27597,154,30557,174,1,30,1,214,17,2348,3,100,31
10-06-20,McMinn,1259,14,1241,13,18,1,1451,14,17964,172,19415,186,0,28,2,126,12,1105,0,71,29
10-06-20,McNairy,991,11,802,5,189,6,1136,8,8111,41,9247,49,0,20,-7,103,18,868,0,43,23
10-06-20,Meigs,244,4,240,4,4,0,279,4,3292,60,3571,64,0,3,2,20,2,221,0,12,3
10-06-20,Monroe,1149,17,1104,16,45,1,1289,20,11745,163,13034,183,0,20,11,111,6,1018,2,76,23
10-06-20,Montgomery,3361,38,3192,23,169,15,3731,23,43190,370,46921,393,0,46,-1,157,39,3158,1,129,49
10-06-20,Moore,206,1,184,1,22,0,235,1,2586,9,2821,10,0,1,1,34,0,171,0,5,2
10-06-20,Morgan,353,8,329,5,24,3,380,5,8457,50,8837,55,0,4,8,37,0,312,1,10,4
10-06-20,Obion,1429,29,1350,21,79,8,1568,29,10841,89,12409,118,0,15,13,235,16,1179,3,58,16
10-06-20,Out of State,2365,16,2293,13,72,3,2680,16,294360,2581,297040,2597,0,27,-12,142,28,2196,1,83,17
10-06-20,Overton,898,23,796,12,102,11,984,12,7617,35,8601,47,1,8,10,140,12,750,2,38,8
10-06-20,Pending,1054,27,956,18,98,9,1176,19,186751,1218,187927,1237,1,10,8,138,18,906,0,17,1
10-06-20,Perry,159,0,139,0,20,0,174,2,3722,16,3896,18,0,0,-1,10,1,149,0,7,1
10-06-20,Pickett,171,13,129,4,42,9,170,3,1052,7,1222,10,0,2,8,56,5,113,0,7,3
10-06-20,Polk,437,2,424,2,13,0,502,3,4020,27,4522,30,0,12,-8,25,10,400,0,20,13
10-06-20,Putnam,3627,55,3353,48,274,7,4339,61,31502,325,35841,386,1,49,14,321,40,3257,2,126,50
10-06-20,Rhea,931,2,920,2,11,0,1104,3,11245,41,12349,44,0,15,-9,68,11,848,0,33,16
10-06-20,Roane,994,22,950,22,44,0,1144,22,18359,194,19503,216,0,6,18,97,4,891,0,36,6
10-06-20,Robertson,2333,16,2299,14,34,2,2810,13,18351,120,21161,133,0,38,6,84,10,2211,2,170,39
10-06-20,Rutherford,10046,98,9939,95,107,3,12184,102,89201,689,101385,791,1,99,27,486,70,9461,3,293,103
10-06-20,Scott,255,7,240,6,15,1,273,7,4617,44,4890,51,0,3,3,35,4,217,1,19,3
10-06-20,Sequatchie,261,2,259,2,2,0,292,2,5204,14,5496,16,-2,1,3,29,1,231,0,10,2
10-06-20,Sevier,2806,28,2713,24,93,4,3096,25,26728,188,29824,213,1,18,15,178,12,2610,5,108,20
10-06-20,Shelby,32586,180,32126,166,460,14,40400,206,393273,3187,433673,3393,2,491,25,1398,153,30697,7,2242,553
10-06-20,Smith,822,3,789,3,33,0,1031,3,6060,25,7091,28,1,12,-9,74,11,736,0,31,12
10-06-20,Stewart,252,4,233,4,19,0,284,4,3132,22,3416,26,0,3,-4,39,8,210,2,9,4
10-06-20,Sullivan,2479,46,2323,41,156,5,2661,46,32235,375,34896,421,1,36,18,254,27,2189,5,196,37
10-06-20,Sumner,5172,22,5130,22,42,0,6132,20,47922,307,54054,327,0,104,-13,238,35,4830,2,408,109
10-06-20,Tipton,1970,27,1795,19,175,8,2333,30,22602,276,24935,306,0,22,13,144,14,1804,1,95,22
10-06-20,Trousdale,1700,3,1688,3,12,0,1778,3,5258,22,7036,25,0,7,0,39,3,1654,0,25,7
10-06-20,Unicoi,298,1,293,1,5,0,355,3,6767,54,7122,57,0,1,-2,9,3,288,0,15,1
10-06-20,Union,428,9,389,7,39,2,442,7,5096,35,5538,42,0,2,6,56,3,370,2,16,2
10-06-20,Van Buren,175,4,160,4,15,0,193,4,2223,14,2416,18,0,1,2,10,2,164,0,8,2
10-06-20,Warren,1172,22,1077,19,95,3,1311,22,13919,131,15230,153,0,8,11,96,11,1068,0,19,9
10-06-20,Washington,2532,21,2463,19,69,2,2867,24,32080,197,34947,221,0,38,-13,191,34,2303,3,120,40
10-06-20,Wayne,1532,7,1515,6,17,1,1669,8,6206,30,7875,38,0,6,4,34,3,1492,1,22,7
10-06-20,Weakley,1341,14,1234,10,107,4,1467,12,11869,80,13336,92,0,21,-4,118,18,1202,1,36,23
10-06-20,White,943,13,867,13,76,0,1189,18,10755,90,11944,108,0,10,1,101,12,832,0,52,11
10-06-20,Williamson,5772,25,5635,24,137,1,6724,26,71647,372,78371,398,0,40,-19,461,44,5271,2,132,47
10-06-20,Wilson,3850,40,3789,36,61,4,4533,41,40376,556,44909,597,1,50,16,317,23,3483,1,128,50
10-05-20,Anderson,1325,26,1276,25,49,1,1499,26,26812,216,28311,242,0,13,11,140,15,1172,1,45,13
10-05-20,Bedford,1410,5,1346,5,64,0,1685,7,13654,227,15339,234,0,18,-8,70,13,1322,0,55,19
10-05-20,Benton,355,3,339,3,16,0,382,3,4682,92,5064,95,0,8,0,9,3,338,0,18,8
10-05-20,Bledsoe,875,3,870,3,5,0,920,4,7945,86,8865,90,0,4,0,20,3,851,0,19,4
10-05-20,Blount,2722,35,2664,34,58,1,3142,40,30189,343,33331,383,1,28,11,205,23,2489,3,124,30
10-05-20,Bradley,3129,39,3020,33,109,6,3673,43,26420,228,30093,271,0,19,21,170,18,2940,2,184,19
10-05-20,Campbell,540,19,500,15,40,4,586,19,11942,86,12528,105,0,4,15,96,4,440,0,29,4
10-05-20,Cannon,328,9,311,8,17,1,387,9,4218,39,4605,48,0,1,5,37,4,290,1,10,2
10-05-20,Carroll,986,9,843,7,143,2,1052,10,11250,212,12302,222,1,21,-6,112,14,853,1,50,23
10-05-20,Carter,1238,11,1184,11,54,0,1351,12,16390,212,17741,224,0,29,3,62,8,1147,0,89,32
10-05-20,Cheatham,856,10,847,10,9,0,1026,11,11471,132,12497,143,0,10,4,43,6,803,1,31,11
10-05-20,Chester,666,5,545,5,121,0,743,6,5669,116,6412,122,0,13,-9,38,14,615,0,24,14
10-05-20,Claiborne,458,2,417,2,41,0,514,3,11022,63,11536,66,0,5,-1,15,3,438,0,21,5
10-05-20,Clay,266,2,233,2,33,0,287,4,2969,34,3256,38,0,6,-3,43,5,217,0,8,6
10-05-20,Cocke,799,12,737,12,62,0,842,12,8451,83,9293,95,0,11,5,50,7,738,0,45,12
10-05-20,Coffee,1421,31,1269,31,152,0,1679,33,20314,222,21993,255,1,16,-1,217,31,1188,0,46,17
10-05-20,Crockett,612,12,533,10,79,2,683,12,3911,37,4594,49,0,20,4,59,8,533,0,21,19
10-05-20,Cumberland,1305,24,1266,24,39,0,1585,27,23618,325,25203,352,1,21,16,113,7,1171,1,63,25
10-05-20,Davidson,28063,167,27870,165,193,2,35176,183,361846,6016,397022,6199,0,316,46,1001,121,26746,4,1123,326
10-05-20,Decatur,569,6,450,4,119,2,623,6,6207,46,6830,52,1,10,-4,54,9,505,0,21,10
10-05-20,Dekalb,566,2,543,2,23,0,696,3,8409,75,9105,78,1,17,-4,36,5,513,0,27,16
10-05-20,Dickson,1364,23,1216,17,148,6,1684,25,14994,191,16678,216,0,17,6,113,17,1234,0,59,18
10-05-20,Dyer,1585,26,1436,24,149,2,1713,30,12167,139,13880,169,0,18,4,216,22,1351,0,66,20
10-05-20,Fayette,1327,35,1279,33,48,2,1660,37,16439,179,18099,216,0,21,17,129,18,1177,0,84,24
10-05-20,Fentress,686,14,619,11,67,3,751,14,4288,60,5039,74,0,4,-9,177,23,505,3,30,4
10-05-20,Franklin,1064,5,1023,4,41,1,1289,9,15805,114,17094,123,0,10,-9,88,14,966,0,50,11
10-05-20,Gibson,1871,18,1473,11,398,7,2059,23,16118,154,18177,177,1,27,-32,224,49,1620,0,66,34
10-05-20,Giles,724,13,711,10,13,3,855,19,9522,117,10377,136,0,19,6,122,7,583,1,49,22
10-05-20,Grainger,440,7,398,7,42,0,482,8,6437,76,6919,84,0,3,-1,64,8,373,0,27,4
10-05-20,Greene,1233,11,1166,11,67,0,1432,13,16123,204,17555,217,0,48,-2,89,13,1096,0,87,48
10-05-20,Grundy,413,12,381,12,32,0,472,15,2726,37,3198,52,0,7,-2,113,14,293,1,33,9
10-05-20,Hamblen,2074,15,1908,12,166,3,2249,17,22962,255,25211,272,0,31,-5,159,20,1884,2,122,39
10-05-20,Hamilton,10040,111,9699,99,341,12,11446,125,140465,1540,151911,1665,0,96,58,528,53,9416,4,423,102
10-05-20,Hancock,112,0,103,0,9,0,118,0,2027,14,2145,14,0,3,0,4,0,105,0,11,3
10-05-20,Hardeman,1675,16,1594,12,81,4,1921,16,14811,196,16732,212,0,28,3,82,13,1565,1,72,30
10-05-20,Hardin,1134,6,947,4,187,2,1257,7,13056,156,14313,163,0,16,-4,97,10,1021,0,32,20
10-05-20,Hawkins,895,8,867,8,28,0,1006,9,10226,106,11232,115,0,22,-4,84,12,789,0,64,22
10-05-20,Haywood,1123,22,1057,19,66,3,1230,23,7020,62,8250,85,0,23,0,131,22,969,1,48,24
10-05-20,Henderson,1247,8,1010,6,237,2,1517,8,9402,92,10919,100,0,24,-4,77,12,1146,0,43,24
10-05-20,Henry,667,6,648,6,19,0,792,6,10154,105,10946,111,0,10,3,35,3,622,0,40,10
10-05-20,Hickman,682,15,638,13,44,2,810,20,7812,87,8622,107,0,11,0,97,15,574,0,23,11
10-05-20,Houston,315,12,284,12,31,0,334,13,2331,35,2665,48,4,13,-7,53,15,249,0,27,14
10-05-20,Humphreys,312,10,254,7,58,3,345,14,5797,77,6142,91,0,3,2,52,8,257,1,10,4
10-05-20,Jackson,366,5,324,4,42,1,410,6,2493,18,2903,24,0,5,2,45,3,316,0,17,5
10-05-20,Jefferson,1244,20,1108,15,136,5,1319,29,17600,232,18919,261,2,16,7,137,11,1091,4,70,18
10-05-20,Johnson,783,5,770,5,13,0,841,7,6179,86,7020,93,0,3,-5,90,10,690,0,30,3
10-05-20,Knox,10484,118,10053,109,431,9,11297,126,136849,1236,148146,1362,0,81,12,725,106,9678,5,389,84
10-05-20,Lake,935,2,931,2,4,0,1142,2,6298,37,7440,39,0,2,0,20,2,913,0,8,3
10-05-20,Lauderdale,1070,11,970,9,100,2,1169,11,11597,99,12766,110,0,16,-10,82,21,972,0,49,16
10-05-20,Lawrence,1171,27,1156,27,15,0,1335,28,11291,165,12626,193,0,14,-5,130,32,1027,3,51,16
10-05-20,Lewis,241,9,240,9,1,0,263,9,4736,30,4999,39,0,1,4,46,5,194,1,15,1
10-05-20,Lincoln,676,14,662,14,14,0,811,17,8595,62,9406,79,0,1,6,56,8,619,0,22,1
10-05-20,Loudon,1317,32,1276,29,41,3,1445,36,13961,165,15406,201,0,8,19,162,13,1147,0,42,7
10-05-20,Macon,1126,10,1091,6,35,4,1365,10,7679,53,9044,63,0,22,-2,67,12,1037,0,83,23
10-05-20,Madison,3256,37,2432,24,824,13,3474,41,29185,400,32659,441,1,72,19,274,17,2910,4,197,79
10-05-20,Marion,597,11,587,11,10,0,713,15,6231,79,6944,94,0,9,5,63,6,525,0,44,9
10-05-20,Marshall,842,6,834,6,8,0,956,8,9737,96,10693,104,0,5,-12,84,18,753,0,27,6
10-05-20,Maury,2573,17,2538,17,35,0,2940,20,27443,206,30383,226,0,29,-16,213,33,2331,0,97,31
10-05-20,McMinn,1245,22,1228,21,17,1,1437,27,17792,234,19229,261,0,28,8,124,14,1093,2,71,29
10-05-20,McNairy,980,10,797,9,183,1,1128,12,8070,181,9198,193,1,20,-6,110,15,850,0,43,22
10-05-20,Meigs,240,3,236,3,4,0,275,3,3232,36,3507,39,0,3,3,18,0,219,1,12,3
10-05-20,Monroe,1132,12,1088,12,44,0,1269,16,11582,129,12851,145,0,20,0,100,12,1012,0,74,22
10-05-20,Montgomery,3323,36,3169,31,154,5,3708,37,42820,618,46528,655,0,46,7,158,29,3119,2,128,49
10-05-20,Moore,205,4,183,4,22,0,234,4,2577,16,2811,20,0,1,-3,33,7,171,0,5,2
10-05-20,Morgan,345,5,324,5,21,0,375,4,8407,30,8782,34,0,4,2,29,3,312,0,9,4
10-05-20,Obion,1400,41,1329,31,71,10,1539,44,10752,136,12291,180,0,15,16,222,25,1163,0,55,16
10-05-20,Out of State,2349,37,2280,35,69,2,2664,44,291779,4096,294443,4140,0,27,17,154,20,2168,1,82,17
10-05-20,Overton,875,33,784,25,91,8,972,35,7582,74,8554,109,0,7,4,130,29,738,5,36,8
10-05-20,Pending,1027,21,938,18,89,3,1157,21,185533,1676,186690,1697,0,9,-1,130,22,888,1,17,1
10-05-20,Perry,159,2,139,2,20,0,172,1,3706,10,3878,11,0,0,1,11,1,148,0,7,0
10-05-20,Pickett,158,10,125,8,33,2,167,10,1045,12,1212,22,0,2,1,48,9,108,1,7,3
10-05-20,Polk,435,2,422,1,13,1,499,2,3993,49,4492,51,0,12,0,33,2,390,0,20,12
10-05-20,Putnam,3572,42,3305,38,267,4,4278,47,31177,315,35455,362,0,48,-15,307,57,3217,2,124,50
10-05-20,Rhea,929,14,918,13,11,1,1101,14,11204,122,12305,136,0,15,-19,77,33,837,0,33,16
10-05-20,Roane,972,14,928,13,44,1,1122,13,18165,205,19287,218,0,6,0,79,14,887,0,36,6
10-05-20,Robertson,2317,12,2285,11,32,1,2797,11,18231,218,21028,229,0,38,-2,78,14,2201,0,168,38
10-05-20,Rutherford,9948,103,9844,101,104,2,12082,115,88512,1114,100594,1229,0,98,30,459,73,9391,3,290,102
10-05-20,Scott,248,7,234,6,14,1,266,6,4573,37,4839,43,1,3,0,32,6,213,1,18,3
10-05-20,Sequatchie,259,2,257,2,2,0,290,2,5190,58,5480,60,0,3,-3,26,5,230,0,10,2
10-05-20,Sevier,2778,27,2689,24,89,3,3071,28,26540,229,29611,257,0,17,-7,163,34,2598,3,103,20
10-05-20,Shelby,32406,234,31960,218,446,16,40194,283,390086,3706,430280,3989,2,489,90,1373,142,30544,8,2235,551
10-05-20,Smith,819,9,786,9,33,0,1028,15,6035,71,7063,86,0,11,-5,83,14,725,0,31,12
10-05-20,Stewart,248,2,229,2,19,0,280,4,3110,35,3390,39,0,3,-7,43,9,202,0,7,4
10-05-20,Sullivan,2433,43,2282,39,151,4,2615,50,31860,269,34475,319,0,35,25,236,18,2162,4,191,37
10-05-20,Sumner,5150,38,5108,38,42,0,6112,43,47615,719,53727,762,1,104,-10,251,47,4795,2,406,108
10-05-20,Tipton,1943,19,1776,13,167,6,2303,27,22326,212,24629,239,0,22,3,131,16,1790,2,94,22
10-05-20,Trousdale,1697,8,1685,8,12,0,1775,8,5236,57,7011,65,0,7,5,39,3,1651,0,25,7
10-05-20,Unicoi,297,2,292,2,5,0,352,3,6713,38,7065,41,0,1,0,11,2,285,0,15,1
10-05-20,Union,419,7,382,4,37,3,435,8,5061,48,5496,56,0,2,-1,50,8,367,0,14,2
10-05-20,Van Buren,171,1,156,1,15,0,189,1,2209,19,2398,20,1,1,-4,8,4,162,0,8,2
10-05-20,Warren,1150,12,1058,11,92,1,1289,12,13788,154,15077,166,0,8,-2,85,14,1057,1,19,9
10-05-20,Washington,2511,11,2444,11,67,0,2843,13,31883,270,34726,283,0,38,-19,204,30,2269,1,117,40
10-05-20,Wayne,1525,7,1509,7,16,0,1661,7,6176,41,7837,48,0,6,3,30,4,1489,0,21,7
10-05-20,Weakley,1327,24,1224,19,103,5,1455,24,11789,79,13244,103,0,21,11,122,13,1184,0,35,22
10-05-20,White,930,19,854,18,76,1,1171,26,10665,211,11836,237,0,10,9,100,10,820,2,52,11
10-05-20,Williamson,5747,109,5611,93,136,16,6698,117,71275,1165,77973,1282,0,40,62,480,47,5227,1,130,46
10-05-20,Wilson,3810,62,3753,59,57,3,4492,69,39820,530,44312,599,0,49,25,301,37,3460,2,127,50
10-04-20,Anderson,1299,16,1251,14,48,2,1473,17,26596,339,28069,356,0,13,8,129,8,1157,0,44,13
10-04-20,Bedford,1405,7,1341,5,64,2,1678,9,13427,166,15105,175,0,18,4,78,3,1309,0,55,19
10-04-20,Benton,352,0,336,0,16,0,379,0,4590,81,4969,81,0,8,0,9,0,335,0,18,8
10-04-20,Bledsoe,872,2,867,2,5,0,916,2,7859,64,8775,66,0,4,2,20,0,848,0,19,4
10-04-20,Blount,2687,10,2630,10,57,0,3102,14,29846,299,32948,313,0,27,-6,194,16,2466,1,121,29
10-04-20,Bradley,3090,25,2987,21,103,4,3630,29,26192,321,29822,350,1,19,15,149,9,2922,3,182,19
10-04-20,Campbell,521,11,485,10,36,1,567,20,11856,379,12423,399,0,4,10,81,1,436,3,29,4
10-04-20,Cannon,319,4,303,4,16,0,378,4,4179,28,4557,32,0,1,3,32,1,286,0,9,2
10-04-20,Carroll,977,12,836,9,141,3,1042,17,11038,219,12080,236,0,20,3,118,9,839,0,49,22
10-04-20,Carter,1227,10,1173,10,54,0,1339,13,16178,241,17517,254,0,29,0,59,10,1139,0,89,31
10-04-20,Cheatham,846,6,837,6,9,0,1015,6,11339,145,12354,151,1,10,2,39,3,797,0,30,11
10-04-20,Chester,661,2,540,2,121,0,737,4,5553,25,6290,29,1,13,-1,47,2,601,0,24,14
10-04-20,Claiborne,456,2,415,2,41,0,511,3,10959,96,11470,99,0,5,2,16,0,435,1,21,5
10-04-20,Clay,264,11,231,11,33,0,283,15,2935,27,3218,42,0,6,11,46,0,212,0,8,6
10-04-20,Cocke,787,9,725,5,62,4,830,5,8368,103,9198,108,0,11,6,45,3,731,3,45,12
10-04-20,Coffee,1390,30,1238,26,152,4,1646,34,20092,225,21738,259,0,15,13,218,17,1157,2,46,17
10-04-20,Crockett,600,13,523,12,77,1,671,15,3874,41,4545,56,0,20,10,55,3,525,0,21,19
10-04-20,Cumberland,1281,17,1242,16,39,1,1558,21,23293,224,24851,245,0,20,13,97,4,1164,0,62,24
10-04-20,Davidson,27896,181,27705,173,191,8,34993,219,355830,5777,390823,5996,3,316,111,955,67,26625,5,1119,324
10-04-20,Decatur,563,3,446,1,117,2,617,6,6161,42,6778,48,0,9,-2,58,5,496,0,21,9
10-04-20,Dekalb,564,5,541,5,23,0,693,7,8334,58,9027,65,1,16,0,40,4,508,0,27,16
10-04-20,Dickson,1341,19,1199,15,142,4,1659,20,14803,215,16462,235,0,17,12,107,7,1217,1,59,18
10-04-20,Dyer,1559,35,1412,26,147,9,1683,44,12028,325,13711,369,0,18,25,212,10,1329,0,66,20
10-04-20,Fayette,1292,20,1246,19,46,1,1623,26,16260,204,17883,230,0,21,17,112,3,1159,0,84,24
10-04-20,Fentress,672,16,608,16,64,0,737,18,4228,52,4965,70,0,4,8,186,8,482,0,27,4
10-04-20,Franklin,1059,11,1019,10,40,1,1280,15,15691,146,16971,161,0,10,9,97,2,952,2,50,11
10-04-20,Gibson,1853,26,1462,16,391,10,2036,28,15964,148,18000,176,0,26,7,256,19,1571,0,66,34
10-04-20,Giles,711,31,701,31,10,0,836,39,9405,210,10241,249,0,19,26,116,5,576,3,48,21
10-04-20,Grainger,433,6,391,5,42,1,474,9,6361,181,6835,190,0,3,2,65,4,365,1,27,3
10-04-20,Greene,1222,9,1155,9,67,0,1419,13,15919,209,17338,222,0,48,6,91,3,1083,0,87,48
10-04-20,Grundy,401,8,369,8,32,0,457,9,2689,34,3146,43,0,7,-1,115,9,279,0,32,9
10-04-20,Hamblen,2059,17,1896,12,163,5,2232,25,22707,608,24939,633,0,31,12,164,5,1864,1,120,38
10-04-20,Hamilton,9929,57,9600,54,329,3,11321,82,138925,1511,150246,1593,0,96,-1,470,58,9363,1,419,101
10-04-20,Hancock,112,0,103,0,9,0,118,0,2013,23,2131,23,0,3,0,4,0,105,0,11,3
10-04-20,Hardeman,1659,5,1582,3,77,2,1905,6,14615,166,16520,172,0,28,-4,79,9,1552,1,71,30
10-04-20,Hardin,1128,16,943,13,185,3,1250,17,12900,224,14150,241,0,16,10,101,6,1011,0,32,19
10-04-20,Hawkins,887,17,859,17,28,0,997,19,10120,138,11117,157,0,22,8,88,9,777,1,64,22
10-04-20,Haywood,1101,19,1038,17,63,2,1207,22,6958,126,8165,148,0,23,16,131,3,947,0,47,24
10-04-20,Henderson,1239,16,1004,16,235,0,1509,19,9310,108,10819,127,0,24,10,81,6,1134,1,43,24
10-04-20,Henry,661,6,642,6,19,0,786,7,10049,67,10835,74,0,10,4,32,2,619,0,40,10
10-04-20,Hickman,667,9,625,6,42,3,790,11,7725,112,8515,123,1,11,5,97,3,559,0,23,11
10-04-20,Houston,303,11,272,10,31,1,321,13,2296,42,2617,55,3,9,2,60,6,234,1,27,13
10-04-20,Humphreys,302,7,247,6,55,1,331,7,5720,52,6051,59,0,3,5,50,2,249,0,9,4
10-04-20,Jackson,361,7,320,7,41,0,404,8,2475,23,2879,31,0,5,5,43,2,313,0,17,5
10-04-20,Jefferson,1224,12,1093,12,131,0,1290,24,17368,212,18658,236,0,14,7,130,5,1080,1,66,18
10-04-20,Johnson,778,6,765,6,13,0,834,7,6093,75,6927,82,0,3,0,95,6,680,0,30,3
10-04-20,Knox,10366,95,9944,87,422,8,11171,101,135613,1830,146784,1931,1,81,30,713,64,9572,2,384,82
10-04-20,Lake,933,1,929,1,4,0,1140,1,6261,53,7401,54,0,2,1,20,0,911,0,8,3
10-04-20,Lauderdale,1059,13,961,7,98,6,1158,15,11498,248,12656,263,0,16,10,92,3,951,1,49,16
10-04-20,Lawrence,1144,6,1129,6,15,0,1307,9,11126,124,12433,133,0,14,-2,135,8,995,0,48,15
10-04-20,Lewis,232,7,231,7,1,0,254,8,4706,37,4960,45,0,1,4,42,3,189,0,14,1
10-04-20,Lincoln,662,4,648,4,14,0,794,5,8533,177,9327,182,0,1,1,50,3,611,0,22,1
10-04-20,Loudon,1285,9,1247,9,38,0,1409,13,13796,247,15205,260,0,8,-1,143,10,1134,1,42,7
10-04-20,Macon,1116,7,1085,7,31,0,1355,9,7626,47,8981,56,0,22,3,69,4,1025,0,83,23
10-04-20,Madison,3219,35,2408,17,811,18,3433,35,28785,274,32218,309,0,71,19,255,16,2893,1,193,79
10-04-20,Marion,586,3,576,3,10,0,698,4,6152,92,6850,96,0,9,2,58,1,519,1,44,9
10-04-20,Marshall,836,12,828,12,8,0,948,16,9641,185,10589,201,0,5,7,96,5,735,0,27,6
10-04-20,Maury,2556,33,2521,33,35,0,2920,40,27237,433,30157,473,0,29,12,229,21,2298,0,97,30
10-04-20,McMinn,1223,21,1207,20,16,1,1410,23,17558,416,18968,439,0,28,16,116,5,1079,2,69,29
10-04-20,McNairy,970,12,788,8,182,4,1116,17,7889,179,9005,196,0,19,4,116,8,835,0,43,21
10-04-20,Meigs,237,2,233,2,4,0,272,3,3196,48,3468,51,0,3,1,15,1,219,0,11,3
10-04-20,Monroe,1120,5,1076,5,44,0,1253,11,11453,138,12706,149,0,20,-1,100,6,1000,1,74,22
10-04-20,Montgomery,3287,30,3138,28,149,2,3671,32,42202,485,45873,517,0,46,15,151,15,3090,0,126,49
10-04-20,Moore,201,5,179,5,22,0,230,5,2561,119,2791,124,0,1,2,36,3,164,0,5,1
10-04-20,Morgan,340,9,319,8,21,1,371,9,8377,43,8748,52,0,4,7,27,2,309,0,9,4
10-04-20,Obion,1359,33,1298,27,61,6,1495,35,10616,218,12111,253,0,15,24,206,9,1138,1,55,16
10-04-20,Out of State,2312,29,2245,24,67,5,2620,32,287683,2949,290303,2981,1,27,23,137,5,2148,0,81,17
10-04-20,Overton,842,12,759,12,83,0,937,15,7508,84,8445,99,0,7,1,126,11,709,1,31,8
10-04-20,Pending,1006,20,920,15,86,5,1136,20,183857,2264,184993,2284,0,9,12,131,8,866,0,16,1
10-04-20,Perry,157,0,137,0,20,0,171,0,3696,17,3867,17,0,0,0,10,0,147,0,7,0
10-04-20,Pickett,148,1,117,1,31,0,157,2,1033,6,1190,8,0,2,0,47,1,99,0,6,3
10-04-20,Polk,433,5,421,5,12,0,497,8,3944,58,4441,66,0,12,4,33,1,388,0,20,12
10-04-20,Putnam,3530,37,3267,37,263,0,4231,42,30862,382,35093,424,0,48,9,322,28,3160,1,122,50
10-04-20,Rhea,915,6,905,6,10,0,1087,10,11082,163,12169,173,0,15,-7,96,13,804,0,33,16
10-04-20,Roane,958,5,915,5,43,0,1109,12,17960,159,19069,171,0,6,-4,79,9,873,0,36,6
10-04-20,Robertson,2305,11,2274,11,31,0,2786,13,18013,176,20799,189,-3,38,9,80,5,2187,1,168,38
10-04-20,Rutherford,9845,68,9743,68,102,0,11967,75,87398,1189,99365,1264,0,98,22,429,46,9318,2,287,102
10-04-20,Scott,241,1,228,1,13,0,260,1,4536,117,4796,118,0,2,0,32,1,207,0,17,3
10-04-20,Sequatchie,257,6,255,6,2,0,288,6,5132,51,5420,57,0,3,3,29,3,225,0,10,2
10-04-20,Sevier,2751,5,2665,4,86,1,3043,4,26311,175,29354,179,0,17,-4,170,9,2564,0,100,20
10-04-20,Shelby,32172,210,31742,204,430,6,39911,257,386380,4404,426291,4661,4,487,124,1283,82,30402,7,2227,547
10-04-20,Smith,810,11,777,11,33,0,1013,16,5964,134,6977,150,0,11,7,88,4,711,0,31,12
10-04-20,Stewart,246,16,227,16,19,0,276,18,3075,57,3351,75,0,3,12,50,4,193,0,7,4
10-04-20,Sullivan,2390,22,2243,22,147,0,2565,35,31591,657,34156,692,2,35,4,211,16,2144,0,187,36
10-04-20,Sumner,5112,30,5070,30,42,0,6069,35,46896,474,52965,509,0,103,17,261,13,4748,2,404,108
10-04-20,Tipton,1924,13,1763,11,161,2,2276,17,22114,212,24390,229,1,22,2,128,10,1774,1,92,22
10-04-20,Trousdale,1689,2,1677,2,12,0,1767,2,5179,40,6946,42,0,7,2,34,0,1648,0,25,7
10-04-20,Unicoi,295,1,290,1,5,0,349,2,6675,177,7024,179,0,1,0,11,1,283,1,15,1
10-04-20,Union,412,10,378,10,34,0,427,10,5013,141,5440,151,0,2,1,51,9,359,0,14,2
10-04-20,Van Buren,170,0,155,0,15,0,188,0,2190,138,2378,138,0,0,-1,12,1,158,0,8,2
10-04-20,Warren,1138,12,1047,12,91,0,1277,13,13634,129,14911,142,0,8,6,87,6,1043,0,18,9
10-04-20,Washington,2500,31,2433,30,67,1,2830,40,31613,597,34443,637,0,38,15,223,16,2239,1,116,40
10-04-20,Wayne,1518,1,1502,1,16,0,1654,2,6135,51,7789,53,0,6,-1,27,2,1485,0,21,7
10-04-20,Weakley,1303,14,1205,12,98,2,1431,16,11710,184,13141,200,0,21,5,111,9,1171,1,35,22
10-04-20,White,911,18,836,18,75,0,1145,22,10454,199,11599,221,0,10,11,91,7,810,2,50,11
10-04-20,Williamson,5638,75,5518,69,120,6,6581,77,70110,845,76691,922,0,40,52,418,23,5180,2,129,45
10-04-20,Wilson,3748,44,3694,42,54,2,4423,47,39290,402,43713,449,0,49,13,276,31,3423,3,125,50
10-03-20,Anderson,1283,15,1237,15,46,0,1456,25,26257,260,27713,285,0,13,2,121,13,1149,0,44,13
10-03-20,Bedford,1398,10,1336,9,62,1,1669,10,13261,111,14930,121,1,18,6,74,3,1306,0,55,19
10-03-20,Benton,352,1,336,1,16,0,379,1,4509,57,4888,58,0,8,1,9,0,335,0,18,8
10-03-20,Bledsoe,870,1,865,1,5,0,914,2,7795,81,8709,83,0,4,-1,18,2,848,0,19,4
10-03-20,Blount,2677,16,2620,16,57,0,3088,23,29547,331,32635,354,0,27,8,200,8,2450,1,120,28
10-03-20,Bradley,3065,21,2966,20,99,1,3601,23,25871,187,29472,210,1,18,12,134,8,2913,4,179,19
10-03-20,Campbell,510,13,475,13,35,0,547,12,11477,180,12024,192,0,4,6,71,7,435,0,26,4
10-03-20,Cannon,315,1,299,1,16,0,374,2,4151,28,4525,30,0,1,0,29,1,285,0,9,1
10-03-20,Carroll,965,14,827,14,138,0,1025,19,10819,223,11844,242,0,20,12,115,2,830,0,49,22
10-03-20,Carter,1217,6,1163,6,54,0,1326,8,15937,143,17263,151,1,29,3,59,2,1129,0,89,29
10-03-20,Cheatham,840,2,831,2,9,0,1009,2,11194,86,12203,88,0,9,-1,37,3,794,0,30,11
10-03-20,Chester,659,0,538,0,121,0,733,1,5528,113,6261,114,0,12,-9,48,9,599,0,24,14
10-03-20,Claiborne,454,1,413,1,41,0,508,2,10863,91,11371,93,0,5,0,14,1,435,0,20,5
10-03-20,Clay,253,2,220,2,33,0,268,2,2908,16,3176,18,0,6,0,35,2,212,0,8,6
10-03-20,Cocke,778,4,720,3,58,1,825,7,8265,82,9090,89,1,11,1,39,2,728,0,42,12
10-03-20,Coffee,1360,26,1212,21,148,5,1612,30,19867,237,21479,267,1,15,4,205,21,1140,1,44,17
10-03-20,Crockett,587,3,511,1,76,2,656,4,3833,27,4489,31,1,20,-1,45,3,522,0,21,19
10-03-20,Cumberland,1264,11,1226,10,38,1,1537,11,23069,253,24606,264,1,20,2,84,8,1160,0,62,22
10-03-20,Davidson,27715,125,27532,122,183,3,34774,154,350053,3915,384827,4069,0,313,64,844,61,26558,2,1114,323
10-03-20,Decatur,560,5,445,5,115,0,611,4,6119,220,6730,224,2,9,-6,60,9,491,1,21,9
10-03-20,Dekalb,559,6,536,6,23,0,686,7,8276,59,8962,66,1,15,3,40,2,504,0,27,16
10-03-20,Dickson,1322,6,1184,6,138,0,1639,7,14588,90,16227,97,0,17,-5,95,11,1210,0,58,18
10-03-20,Dyer,1524,15,1386,13,138,2,1639,24,11703,166,13342,190,0,18,8,187,7,1319,1,66,19
10-03-20,Fayette,1272,11,1227,10,45,1,1597,14,16056,207,17653,221,0,21,5,95,6,1156,0,84,24
10-03-20,Fentress,656,31,592,29,64,2,719,36,4176,96,4895,132,0,4,23,178,8,474,0,27,3
10-03-20,Franklin,1048,14,1009,12,39,2,1265,18,15545,176,16810,194,0,10,2,88,12,950,0,48,11
10-03-20,Gibson,1827,16,1446,12,381,4,2008,20,15816,225,17824,245,1,26,-5,249,20,1552,0,66,32
10-03-20,Giles,680,9,670,9,10,0,797,12,9195,91,9992,103,0,19,-1,90,10,571,0,45,21
10-03-20,Grainger,427,13,386,13,41,0,465,14,6180,111,6645,125,0,3,10,63,3,361,1,26,3
10-03-20,Greene,1213,15,1146,14,67,1,1406,13,15710,317,17116,330,2,48,4,85,9,1080,2,87,48
10-03-20,Grundy,393,16,361,13,32,3,448,19,2655,44,3103,63,1,7,8,116,7,270,1,32,8
10-03-20,Hamblen,2042,17,1884,16,158,1,2207,31,22099,205,24306,236,0,31,9,152,8,1859,0,119,37
10-03-20,Hamilton,9872,58,9546,56,326,2,11239,51,137414,1268,148653,1319,1,96,9,471,48,9305,3,418,99
10-03-20,Hancock,112,1,103,1,9,0,118,1,1990,10,2108,11,0,3,1,4,0,105,0,11,3
10-03-20,Hardeman,1654,13,1579,12,75,1,1899,13,14449,140,16348,153,1,28,8,83,4,1543,1,70,30
10-03-20,Hardin,1112,6,930,5,182,1,1233,6,12676,130,13909,136,0,16,0,91,6,1005,0,32,19
10-03-20,Hawkins,870,10,842,9,28,1,978,8,9982,82,10960,90,0,22,2,80,8,768,1,63,22
10-03-20,Haywood,1082,23,1021,22,61,1,1185,27,6832,179,8017,206,0,23,16,115,7,944,0,47,23
10-03-20,Henderson,1223,9,988,8,235,1,1490,13,9202,186,10692,199,0,24,1,71,8,1128,0,42,24
10-03-20,Henry,655,6,636,6,19,0,779,7,9982,118,10761,125,0,10,1,28,5,617,1,40,10
10-03-20,Hickman,658,9,619,9,39,0,779,9,7613,49,8392,58,2,10,-1,92,8,556,1,23,11
10-03-20,Houston,292,6,262,6,30,0,308,7,2254,31,2562,38,2,6,0,58,4,228,0,26,13
10-03-20,Humphreys,295,3,241,3,54,0,324,4,5668,69,5992,73,0,3,-1,45,4,247,0,9,4
10-03-20,Jackson,354,1,313,1,41,0,396,1,2452,12,2848,13,0,5,-2,38,3,311,0,17,5
10-03-20,Jefferson,1212,4,1081,4,131,0,1266,11,17156,208,18422,219,0,14,-2,123,6,1075,0,65,17
10-03-20,Johnson,772,9,759,9,13,0,827,9,6018,85,6845,94,0,3,-2,95,11,674,0,30,3
10-03-20,Knox,10271,76,9857,75,414,1,11070,86,133783,1874,144853,1960,0,80,6,683,70,9508,2,382,82
10-03-20,Lake,932,4,928,4,4,0,1139,7,6208,15,7347,22,0,2,1,19,3,911,0,8,3
10-03-20,Lauderdale,1046,9,954,5,92,4,1143,9,11250,70,12393,79,0,16,7,82,2,948,0,48,16
10-03-20,Lawrence,1138,6,1123,6,15,0,1298,8,11002,120,12300,128,0,14,-1,137,7,987,0,48,14
10-03-20,Lewis,225,4,224,4,1,0,246,5,4669,107,4915,112,0,1,2,38,2,186,0,14,1
10-03-20,Lincoln,658,4,644,4,14,0,789,6,8356,97,9145,103,0,1,-1,49,5,608,1,22,1
10-03-20,Loudon,1276,14,1238,14,38,0,1396,15,13549,139,14945,154,1,8,5,144,8,1124,0,41,7
10-03-20,Macon,1109,3,1078,3,31,0,1346,4,7579,20,8925,24,1,22,-3,66,5,1021,0,83,22
10-03-20,Madison,3184,15,2391,10,793,5,3398,19,28511,475,31909,494,2,71,0,236,13,2877,0,192,78
10-03-20,Marion,583,8,573,7,10,1,694,8,6060,42,6754,50,0,9,6,56,2,518,1,43,9
10-03-20,Marshall,824,7,816,6,8,1,932,11,9456,75,10388,86,0,5,1,89,6,730,0,27,6
10-03-20,Maury,2523,28,2488,25,35,3,2880,34,26804,393,29684,427,1,29,11,217,16,2277,0,97,30
10-03-20,McMinn,1202,6,1187,6,15,0,1387,7,17142,97,18529,104,2,28,-3,100,7,1074,2,67,29
10-03-20,McNairy,958,12,780,9,178,3,1099,17,7710,143,8809,160,0,19,-4,112,16,827,1,43,21
10-03-20,Meigs,235,2,231,2,4,0,269,2,3148,22,3417,24,0,3,2,14,0,218,0,11,3
10-03-20,Monroe,1115,9,1071,9,44,0,1242,8,11315,66,12557,74,0,20,1,101,8,994,0,73,21
10-03-20,Montgomery,3257,25,3110,23,147,2,3639,24,41717,351,45356,375,0,46,12,136,13,3075,1,126,49
10-03-20,Moore,196,2,174,2,22,0,225,2,2442,28,2667,30,0,1,2,34,0,161,0,5,1
10-03-20,Morgan,331,0,311,0,20,0,362,2,8334,102,8696,104,0,4,-1,20,1,307,0,9,4
10-03-20,Obion,1326,24,1271,21,55,3,1460,27,10398,64,11858,91,1,15,16,182,7,1129,0,54,16
10-03-20,Out of State,2283,13,2221,11,62,2,2588,17,284734,2541,287322,2558,0,26,9,114,4,2143,0,81,17
10-03-20,Overton,830,18,747,18,83,0,922,21,7424,117,8346,138,0,7,12,125,6,698,1,30,8
10-03-20,Pending,986,13,905,10,81,3,1116,15,181593,1636,182709,1651,2,9,1,119,10,858,1,16,1
10-03-20,Perry,157,1,137,1,20,0,171,1,3679,92,3850,93,0,0,1,10,0,147,0,7,0
10-03-20,Pickett,147,5,116,5,31,0,155,5,1027,19,1182,24,0,2,4,47,1,98,0,6,3
10-03-20,Polk,428,3,416,2,12,1,489,4,3886,30,4375,34,1,12,-2,29,4,387,0,20,12
10-03-20,Putnam,3493,33,3230,26,263,7,4189,37,30480,203,34669,240,0,48,2,313,31,3132,0,121,49
10-03-20,Rhea,909,20,899,17,10,3,1077,23,10919,140,11996,163,0,15,12,103,8,791,0,33,15
10-03-20,Roane,953,10,910,10,43,0,1097,5,17801,139,18898,144,0,6,-1,83,11,864,0,36,6
10-03-20,Robertson,2294,12,2263,12,31,0,2773,13,17837,105,20610,118,2,41,3,71,7,2182,1,167,38
10-03-20,Rutherford,9777,42,9675,38,102,4,11892,48,86209,855,98101,903,2,98,-18,407,58,9272,1,285,100
10-03-20,Scott,240,2,227,2,13,0,259,4,4419,52,4678,56,0,2,2,32,0,206,0,17,3
10-03-20,Sequatchie,251,1,249,1,2,0,282,1,5081,43,5363,44,0,3,0,26,1,222,0,10,1
10-03-20,Sevier,2746,7,2661,7,85,0,3039,9,26136,197,29175,206,1,17,-7,174,13,2555,0,100,20
10-03-20,Shelby,31962,95,31538,86,424,9,39654,119,381976,3050,421630,3169,3,483,-8,1159,100,30320,8,2220,547
10-03-20,Smith,799,17,766,17,33,0,997,20,5830,41,6827,61,0,11,11,81,6,707,0,31,12
10-03-20,Stewart,230,2,211,2,19,0,258,2,3018,27,3276,29,0,3,-1,38,3,189,0,7,4
10-03-20,Sullivan,2368,10,2221,10,147,0,2530,9,30934,222,33464,231,0,33,-3,207,13,2128,0,187,36
10-03-20,Sumner,5082,30,5040,29,42,1,6034,34,46422,407,52456,441,1,103,10,244,19,4735,1,402,108
10-03-20,Tipton,1911,11,1752,7,159,4,2259,10,21902,250,24161,260,1,21,5,126,5,1764,0,91,22
10-03-20,Trousdale,1687,4,1675,3,12,1,1765,4,5139,16,6904,20,0,7,2,32,2,1648,0,25,7
10-03-20,Unicoi,294,1,289,1,5,0,347,1,6498,95,6845,96,0,1,0,11,1,282,0,14,1
10-03-20,Union,402,2,368,2,34,0,417,3,4872,55,5289,58,0,2,-2,50,4,350,0,14,2
10-03-20,Van Buren,170,0,155,0,15,0,188,1,2052,21,2240,22,0,0,0,13,0,157,0,8,2
10-03-20,Warren,1126,16,1035,16,91,0,1264,17,13505,109,14769,126,1,8,7,81,8,1037,1,18,9
10-03-20,Washington,2469,19,2403,16,66,3,2790,26,31016,322,33806,348,0,38,3,208,16,2223,0,115,39
10-03-20,Wayne,1517,3,1501,2,16,1,1652,4,6084,30,7736,34,1,6,-1,28,3,1483,0,21,7
10-03-20,Weakley,1289,5,1193,4,96,1,1415,5,11526,75,12941,80,0,21,0,106,5,1162,1,34,22
10-03-20,White,893,12,818,12,75,0,1123,16,10255,285,11378,301,0,10,3,80,9,803,0,48,10
10-03-20,Williamson,5563,55,5449,49,114,6,6504,60,69265,753,75769,813,2,40,32,366,21,5157,0,127,45
10-03-20,Wilson,3704,32,3652,26,52,6,4376,36,38888,304,43264,340,0,49,12,263,20,3392,0,122,49
10-02-20,Anderson,1268,7,1222,6,46,1,1431,6,25997,89,27428,95,0,13,1,119,6,1136,0,44,13
10-02-20,Bedford,1388,5,1327,5,61,0,1659,9,13150,48,14809,57,0,17,-1,68,6,1303,0,55,19
10-02-20,Benton,351,1,335,1,16,0,378,1,4452,13,4830,14,0,8,0,8,1,335,0,18,8
10-02-20,Bledsoe,869,3,864,3,5,0,912,3,7714,29,8626,32,0,4,2,19,1,846,0,19,4
10-02-20,Blount,2661,38,2604,37,57,1,3065,34,29216,167,32281,201,0,27,26,192,12,2442,1,119,28
10-02-20,Bradley,3044,10,2946,9,98,1,3578,7,25684,82,29262,89,0,17,-9,122,19,2905,2,175,19
10-02-20,Campbell,497,9,462,9,35,0,535,5,11297,45,11832,50,0,4,7,65,2,428,1,26,4
10-02-20,Cannon,314,1,298,1,16,0,372,3,4123,25,4495,28,0,1,-1,29,2,284,0,9,1
10-02-20,Carroll,951,19,813,15,138,4,1006,12,10596,55,11602,67,0,20,8,103,11,828,0,49,22
10-02-20,Carter,1211,6,1157,6,54,0,1318,9,15794,71,17112,80,0,28,-5,56,11,1127,0,89,29
10-02-20,Cheatham,838,5,829,5,9,0,1007,4,11108,148,12115,152,0,9,4,38,1,791,0,30,10
10-02-20,Chester,659,5,538,3,121,2,732,5,5415,12,6147,17,0,12,-7,57,12,590,1,24,14
10-02-20,Claiborne,453,1,412,1,41,0,506,1,10772,86,11278,87,0,5,0,14,1,434,0,20,5
10-02-20,Clay,251,3,218,1,33,2,266,3,2892,3,3158,6,1,6,-22,35,24,210,1,8,6
10-02-20,Cocke,774,1,717,1,57,0,818,1,8183,43,9001,44,0,10,-1,38,2,726,0,42,12
10-02-20,Coffee,1334,16,1191,15,143,1,1582,19,19630,192,21212,211,0,14,-7,201,23,1119,0,43,16
10-02-20,Crockett,584,4,510,2,74,2,652,3,3806,54,4458,57,0,19,-12,46,16,519,0,21,19
10-02-20,Cumberland,1253,8,1216,7,37,1,1526,10,22816,116,24342,126,0,19,-1,82,9,1152,0,62,21
10-02-20,Davidson,27590,50,27410,49,180,1,34620,59,346138,1872,380758,1931,0,313,-51,780,101,26497,2,1112,323
10-02-20,Decatur,555,8,440,4,115,4,607,10,5899,15,6506,25,0,7,-4,66,12,482,2,20,9
10-02-20,Dekalb,553,5,530,5,23,0,679,7,8217,36,8896,43,0,14,0,37,5,502,0,27,16
10-02-20,Dickson,1316,7,1178,7,138,0,1632,11,14498,52,16130,63,0,17,-2,100,9,1199,0,58,18
10-02-20,Dyer,1509,19,1373,14,136,5,1615,21,11537,43,13152,64,0,18,7,179,12,1312,0,65,19
10-02-20,Fayette,1261,3,1217,2,44,1,1583,2,15849,45,17432,47,0,21,-11,90,14,1150,0,84,24
10-02-20,Fentress,625,14,563,12,62,2,683,13,4080,19,4763,32,0,4,1,155,13,466,0,27,3
10-02-20,Franklin,1034,6,997,6,37,0,1247,7,15369,43,16616,50,0,10,-11,86,17,938,0,48,11
10-02-20,Gibson,1811,15,1434,12,377,3,1988,15,15591,56,17579,71,1,25,1,254,13,1532,1,66,32
10-02-20,Giles,671,6,661,5,10,1,785,6,9104,60,9889,66,1,19,-3,91,8,561,1,45,20
10-02-20,Grainger,414,5,373,4,41,1,451,2,6069,26,6520,28,0,3,-1,53,6,358,0,25,3
10-02-20,Greene,1198,8,1132,8,66,0,1393,10,15393,108,16786,118,0,46,-2,81,10,1071,1,85,48
10-02-20,Grundy,377,10,348,10,29,0,429,12,2611,23,3040,35,0,6,1,108,9,263,1,31,8
10-02-20,Hamblen,2025,27,1868,24,157,3,2176,26,21894,67,24070,93,1,31,3,143,23,1851,3,119,35
10-02-20,Hamilton,9814,53,9490,42,324,11,11188,38,136146,495,147334,533,0,95,-10,462,63,9257,2,415,99
10-02-20,Hancock,111,0,102,0,9,0,117,0,1980,6,2097,6,0,3,-1,3,1,105,0,11,3
10-02-20,Hardeman,1641,10,1567,10,74,0,1886,11,14309,66,16195,77,1,27,5,75,4,1539,0,69,30
10-02-20,Hardin,1106,4,925,4,181,0,1227,7,12546,97,13773,104,0,16,-16,91,20,999,0,32,18
10-02-20,Hawkins,860,7,833,7,27,0,970,8,9900,60,10870,68,0,22,-1,78,8,760,0,62,22
10-02-20,Haywood,1059,10,999,9,60,1,1158,10,6653,22,7811,32,0,23,-5,99,15,937,0,47,23
10-02-20,Henderson,1214,7,980,4,234,3,1477,7,9016,41,10493,48,0,24,-9,70,16,1120,0,42,24
10-02-20,Henry,649,1,630,0,19,1,772,1,9864,18,10636,19,0,10,-3,27,4,612,0,39,10
10-02-20,Hickman,649,3,610,1,39,2,770,3,7564,27,8334,30,0,8,-3,93,6,548,0,22,10
10-02-20,Houston,286,1,256,1,30,0,301,3,2223,22,2524,25,0,4,-5,58,6,224,0,26,13
10-02-20,Humphreys,292,5,238,3,54,2,320,5,5599,26,5919,31,0,3,2,46,3,243,1,9,4
10-02-20,Jackson,353,4,312,3,41,1,395,4,2440,16,2835,20,0,5,1,40,3,308,0,17,5
10-02-20,Jefferson,1208,28,1077,26,131,2,1255,22,16948,141,18203,163,0,14,18,125,10,1069,2,65,17
10-02-20,Johnson,763,4,750,4,13,0,818,3,5933,48,6751,51,0,3,-9,97,13,663,0,30,3
10-02-20,Knox,10195,81,9782,78,413,3,10984,80,131909,622,142893,702,0,80,-18,677,99,9438,1,380,82
10-02-20,Lake,928,2,924,2,4,0,1132,0,6193,47,7325,47,0,2,-36,18,38,908,0,8,3
10-02-20,Lauderdale,1037,4,949,4,88,0,1134,5,11180,45,12314,50,0,16,-1,75,5,946,2,48,16
10-02-20,Lawrence,1132,7,1117,7,15,0,1290,10,10882,102,12172,112,0,14,-10,138,17,980,0,48,14
10-02-20,Lewis,221,4,220,4,1,0,241,4,4562,12,4803,16,0,1,1,36,3,184,0,14,1
10-02-20,Lincoln,654,1,640,1,14,0,783,4,8259,99,9042,103,0,1,-2,50,3,603,0,21,1
10-02-20,Loudon,1262,15,1224,15,38,0,1381,14,13410,72,14791,86,0,7,4,139,11,1116,0,41,7
10-02-20,Macon,1106,20,1075,12,31,8,1342,22,7559,62,8901,84,0,21,10,69,10,1016,1,83,22
10-02-20,Madison,3169,27,2381,21,788,6,3379,26,28036,92,31415,118,2,69,-1,236,26,2864,1,192,78
10-02-20,Marion,575,5,566,5,9,0,686,7,6018,56,6704,63,1,9,-2,50,6,516,0,42,9
10-02-20,Marshall,817,12,810,12,7,0,921,15,9381,55,10302,70,0,5,3,88,9,724,1,27,6
10-02-20,Maury,2495,12,2463,12,32,0,2846,13,26411,189,29257,202,1,28,-13,206,24,2261,0,97,29
10-02-20,McMinn,1196,7,1181,7,15,0,1380,10,17045,101,18425,111,0,26,-4,103,11,1067,0,65,28
10-02-20,McNairy,946,6,771,6,175,0,1082,7,7567,40,8649,47,0,19,-5,116,11,811,1,42,21
10-02-20,Meigs,233,1,229,1,4,0,267,2,3126,22,3393,24,0,3,0,12,1,218,0,11,3
10-02-20,Monroe,1106,13,1062,11,44,2,1234,11,11249,117,12483,128,0,20,6,100,7,986,0,73,21
10-02-20,Montgomery,3232,24,3087,24,145,0,3615,26,41366,304,44981,330,0,46,6,124,18,3062,0,125,49
10-02-20,Moore,194,1,172,1,22,0,223,2,2414,14,2637,16,0,1,0,32,1,161,0,5,1
10-02-20,Morgan,331,1,311,0,20,1,360,0,8232,9,8592,9,0,4,-3,21,4,306,0,9,4
10-02-20,Obion,1302,33,1250,22,52,11,1433,32,10334,41,11767,73,1,14,15,166,17,1122,0,54,16
10-02-20,Out of State,2270,17,2210,15,60,2,2571,19,282193,1317,284764,1336,-2,26,9,105,10,2139,1,81,17
10-02-20,Overton,812,9,729,4,83,5,901,10,7307,16,8208,26,1,7,2,113,6,692,0,29,8
10-02-20,Pending,973,12,895,10,78,2,1101,12,179957,944,181058,956,0,7,-2,118,14,848,0,15,1
10-02-20,Perry,156,2,136,1,20,1,170,2,3587,6,3757,8,0,0,0,9,2,147,0,7,0
10-02-20,Pickett,142,7,111,0,31,7,150,7,1008,2,1158,9,0,2,2,43,5,97,1,6,3
10-02-20,Polk,425,0,414,0,11,0,485,0,3856,17,4341,17,0,11,-2,31,2,383,0,20,12
10-02-20,Putnam,3460,27,3204,22,256,5,4152,31,30277,98,34429,129,1,48,-24,311,50,3101,0,121,49
10-02-20,Rhea,889,11,882,10,7,1,1054,12,10779,93,11833,105,0,15,3,91,8,783,0,33,15
10-02-20,Roane,943,10,900,10,43,0,1092,11,17662,64,18754,75,0,6,-4,84,14,853,0,36,6
10-02-20,Robertson,2282,3,2251,3,31,0,2760,4,17732,148,20492,152,0,39,-8,68,11,2175,0,166,38
10-02-20,Rutherford,9735,37,9637,36,98,1,11844,57,85354,439,97198,496,1,96,-23,425,59,9214,3,284,100
10-02-20,Scott,238,7,225,7,13,0,255,7,4367,23,4622,30,0,2,4,30,3,206,0,17,2
10-02-20,Sequatchie,250,1,248,1,2,0,281,2,5038,26,5319,28,0,3,0,26,1,221,0,10,1
10-02-20,Sevier,2739,29,2654,29,85,0,3030,27,25939,126,28969,153,0,16,13,181,16,2542,0,100,20
10-02-20,Shelby,31867,86,31452,76,415,10,39535,109,378926,1876,418461,1985,1,480,-70,1167,155,30220,2,2212,545
10-02-20,Smith,782,10,749,10,33,0,977,10,5789,19,6766,29,0,11,0,70,10,701,0,31,12
10-02-20,Stewart,228,4,209,4,19,0,256,4,2991,39,3247,43,1,3,-7,39,10,186,0,7,4
10-02-20,Sullivan,2358,23,2211,22,147,1,2521,36,30712,280,33233,316,0,33,-8,210,31,2115,1,187,35
10-02-20,Sumner,5052,30,5011,29,41,1,6000,32,46015,382,52015,414,0,102,-9,234,39,4716,3,401,108
10-02-20,Tipton,1900,10,1745,7,155,3,2249,7,21652,81,23901,88,0,20,-10,121,20,1759,0,91,22
10-02-20,Trousdale,1683,5,1672,4,11,1,1761,4,5123,35,6884,39,0,7,3,30,2,1646,0,25,7
10-02-20,Unicoi,293,0,288,0,5,0,346,1,6403,30,6749,31,0,1,-3,11,3,281,0,14,1
10-02-20,Union,400,8,366,8,34,0,414,8,4817,72,5231,80,0,2,5,52,3,346,0,14,2
10-02-20,Van Buren,170,2,155,2,15,0,187,2,2031,5,2218,7,0,0,0,13,2,157,0,8,0
10-02-20,Warren,1110,3,1019,3,91,0,1247,4,13396,44,14643,48,0,7,-5,74,8,1029,0,17,9
10-02-20,Washington,2450,39,2387,38,63,1,2764,36,30694,344,33458,380,0,38,15,205,24,2207,2,115,39
10-02-20,Wayne,1514,3,1499,3,15,0,1648,3,6054,14,7702,17,0,5,2,29,1,1480,0,21,7
10-02-20,Weakley,1284,4,1189,1,95,3,1410,6,11451,60,12861,66,0,21,-8,106,12,1157,0,33,22
10-02-20,White,881,9,806,7,75,2,1107,11,9970,20,11077,31,0,10,-5,77,14,794,1,48,10
10-02-20,Williamson,5508,36,5400,32,108,4,6444,38,68512,534,74956,572,0,38,11,334,25,5136,0,127,43
10-02-20,Wilson,3672,24,3626,23,46,1,4340,26,38584,256,42924,282,1,49,-2,251,25,3372,0,122,49
10-01-20,Anderson,1261,16,1216,14,45,2,1425,14,25908,278,27333,292,0,13,4,118,12,1130,0,44,13
10-01-20,Bedford,1383,3,1322,2,61,1,1650,5,13102,99,14752,104,0,17,-5,69,8,1297,1,55,18
10-01-20,Benton,350,1,334,1,16,0,377,1,4439,20,4816,21,0,8,0,8,1,334,0,18,8
10-01-20,Bledsoe,866,1,861,1,5,0,909,1,7685,14,8594,15,0,4,0,17,1,845,0,19,4
10-01-20,Blount,2623,7,2567,7,56,0,3031,9,29049,139,32080,148,3,27,-12,166,16,2430,0,118,28
10-01-20,Bradley,3034,7,2937,7,97,0,3571,8,25602,63,29173,71,0,17,-6,131,13,2886,0,173,19
10-01-20,Campbell,488,12,453,10,35,2,530,12,11252,51,11782,63,0,4,8,58,4,426,1,25,4
10-01-20,Cannon,313,5,297,3,16,2,369,6,4098,59,4467,65,0,1,1,30,4,282,0,9,1
10-01-20,Carroll,932,9,798,8,134,1,994,8,10541,78,11535,86,0,20,0,95,9,817,0,49,21
10-01-20,Carter,1205,6,1151,5,54,1,1309,4,15723,41,17032,45,0,28,-8,61,14,1116,1,89,29
10-01-20,Cheatham,833,1,824,1,9,0,1003,1,10960,41,11963,42,0,9,-3,34,4,790,0,30,10
10-01-20,Chester,654,0,535,0,119,0,727,1,5403,21,6130,22,1,12,-3,64,2,578,0,23,14
10-01-20,Claiborne,452,1,411,1,41,0,505,1,10686,19,11191,20,0,5,-2,14,3,433,0,20,5
10-01-20,Clay,248,2,217,2,31,0,263,2,2889,20,3152,22,0,5,-2,57,4,186,0,7,5
10-01-20,Cocke,773,10,716,10,57,0,817,7,8140,33,8957,40,0,10,9,39,1,724,1,42,12
10-01-20,Coffee,1318,18,1176,17,142,1,1563,15,19438,324,21001,339,0,14,-1,208,19,1096,2,43,16
10-01-20,Crockett,580,2,508,2,72,0,649,2,3752,20,4401,22,0,19,0,58,2,503,0,21,19
10-01-20,Cumberland,1245,19,1209,18,36,1,1516,22,22700,146,24216,168,0,19,9,83,10,1143,0,62,21
10-01-20,Davidson,27540,43,27361,42,179,1,34561,51,344266,2358,378827,2409,1,313,-32,831,74,26396,1,1110,322
10-01-20,Decatur,547,4,436,3,111,1,597,2,5884,23,6481,25,0,7,-2,70,6,470,0,18,8
10-01-20,Dekalb,548,2,525,2,23,0,672,2,8181,122,8853,124,0,14,0,37,2,497,0,27,16
10-01-20,Dickson,1309,11,1171,4,138,7,1621,11,14446,81,16067,92,1,17,-6,102,16,1190,0,58,18
10-01-20,Dyer,1490,22,1359,21,131,1,1594,22,11494,146,13088,168,1,18,4,172,17,1300,0,65,19
10-01-20,Fayette,1258,7,1215,5,43,2,1581,7,15804,65,17385,72,0,21,-6,101,13,1136,0,84,24
10-01-20,Fentress,611,13,551,7,60,6,670,13,4061,15,4731,28,0,4,-1,154,14,453,0,27,3
10-01-20,Franklin,1028,2,991,1,37,1,1240,7,15326,96,16566,103,0,10,-10,97,12,921,0,48,10
10-01-20,Gibson,1796,9,1422,5,374,4,1973,11,15535,108,17508,119,-1,24,-7,253,17,1519,0,65,31
10-01-20,Giles,665,7,656,5,9,2,779,7,9044,53,9823,60,1,18,0,94,6,553,0,44,20
10-01-20,Grainger,409,5,369,3,40,2,449,3,6043,18,6492,21,0,3,-2,54,7,352,0,25,3
10-01-20,Greene,1190,7,1124,6,66,1,1383,5,15285,15,16668,20,0,46,-2,83,9,1061,1,84,48
10-01-20,Grundy,367,17,338,15,29,2,417,17,2588,24,3005,41,0,6,2,107,15,254,0,30,8
10-01-20,Hamblen,1998,13,1844,9,154,4,2150,10,21827,86,23977,96,2,30,1,140,10,1828,3,116,35
10-01-20,Hamilton,9761,52,9448,48,313,4,11150,52,135651,643,146801,695,0,95,6,472,46,9194,1,413,99
10-01-20,Hancock,111,0,102,0,9,0,117,0,1974,24,2091,24,0,3,0,4,0,104,0,11,3
10-01-20,Hardeman,1631,8,1557,7,74,1,1875,10,14243,19,16118,29,0,26,-2,70,10,1535,1,69,30
10-01-20,Hardin,1102,10,921,5,181,5,1220,8,12449,117,13669,125,0,16,-10,107,20,979,0,32,18
10-01-20,Hawkins,853,4,826,4,27,0,962,3,9840,39,10802,42,2,22,-5,79,7,752,1,62,22
10-01-20,Haywood,1049,17,990,17,59,0,1148,14,6631,46,7779,60,0,23,4,104,13,922,1,47,23
10-01-20,Henderson,1207,1,976,1,231,0,1470,1,8975,17,10445,18,0,24,-12,79,13,1104,0,42,24
10-01-20,Henry,648,4,630,4,18,0,771,3,9846,89,10617,92,0,10,-3,30,7,608,0,39,10
10-01-20,Hickman,646,16,609,12,37,4,767,14,7537,73,8304,87,0,8,4,96,12,542,0,22,10
10-01-20,Houston,285,12,255,10,30,2,298,10,2201,6,2499,16,2,4,8,63,2,218,1,26,13
10-01-20,Humphreys,287,7,235,1,52,6,315,5,5573,29,5888,34,0,3,1,44,6,240,0,8,4
10-01-20,Jackson,349,11,309,11,40,0,391,11,2424,31,2815,42,0,5,6,39,5,305,0,17,5
10-01-20,Jefferson,1180,16,1051,16,129,0,1233,17,16807,66,18040,83,0,14,11,107,5,1059,1,63,16
10-01-20,Johnson,759,3,746,3,13,0,815,2,5885,4,6700,6,0,3,-7,106,10,650,1,30,3
10-01-20,Knox,10114,70,9704,67,410,3,10904,72,131287,677,142191,749,0,80,5,695,65,9339,1,379,82
10-01-20,Lake,926,1,922,1,4,0,1132,1,6146,13,7278,14,0,2,-2,54,3,870,0,8,2
10-01-20,Lauderdale,1033,9,945,7,88,2,1129,9,11135,45,12264,54,0,16,1,76,8,941,0,46,16
10-01-20,Lawrence,1125,2,1110,1,15,1,1280,4,10780,79,12060,83,0,14,-7,148,9,963,0,48,14
10-01-20,Lewis,217,3,216,3,1,0,237,3,4550,17,4787,20,0,1,-5,35,8,181,1,14,1
10-01-20,Lincoln,653,3,639,2,14,1,779,1,8160,30,8939,31,0,1,-2,52,5,600,0,21,1
10-01-20,Loudon,1247,12,1209,11,38,1,1367,13,13338,73,14705,86,0,7,5,135,7,1105,0,41,7
10-01-20,Macon,1086,10,1063,10,23,0,1320,10,7497,63,8817,73,0,21,-1,59,11,1006,0,82,22
10-01-20,Madison,3142,20,2360,19,782,1,3353,22,27944,219,31297,241,1,67,-7,237,26,2838,2,191,78
10-01-20,Marion,570,3,561,2,9,1,679,4,5962,27,6641,31,0,8,-3,52,6,510,1,42,9
10-01-20,Marshall,805,7,798,5,7,2,906,5,9326,73,10232,78,0,5,1,85,6,715,0,26,6
10-01-20,Maury,2483,11,2451,9,32,2,2833,7,26222,273,29055,280,1,27,-18,219,28,2237,0,97,29
10-01-20,McMinn,1189,3,1174,2,15,1,1370,3,16944,95,18314,98,0,26,-14,107,17,1056,1,65,28
10-01-20,McNairy,940,3,765,2,175,1,1075,6,7527,123,8602,129,1,19,-17,121,19,800,0,41,20
10-01-20,Meigs,232,1,228,1,4,0,265,1,3104,11,3369,12,0,3,-1,12,2,217,0,11,3
10-01-20,Monroe,1093,8,1051,8,42,0,1223,9,11132,90,12355,99,1,20,2,94,5,979,1,73,21
10-01-20,Montgomery,3208,10,3063,9,145,1,3589,8,41062,234,44651,242,0,46,-9,118,19,3044,1,125,47
10-01-20,Moore,193,3,171,2,22,1,221,3,2400,18,2621,21,0,1,-1,32,4,160,0,5,1
10-01-20,Morgan,330,2,311,1,19,1,360,0,8223,12,8583,12,1,4,-2,24,3,302,0,9,4
10-01-20,Obion,1269,22,1228,22,41,0,1401,25,10293,188,11694,213,2,13,7,151,13,1105,1,54,16
10-01-20,Out of State,2253,14,2195,14,58,0,2552,17,280876,2268,283428,2285,1,28,-38,96,51,2129,1,80,17
10-01-20,Overton,803,11,725,7,78,4,891,14,7291,42,8182,56,0,6,1,111,10,686,0,29,8
10-01-20,Pending,961,12,885,7,76,5,1089,13,179013,925,180102,938,3,7,-11,120,20,834,0,15,1
10-01-20,Perry,154,0,135,0,19,0,168,0,3581,10,3749,10,0,0,-2,9,2,145,0,7,0
10-01-20,Pickett,135,3,111,2,24,1,143,3,1006,1,1149,4,0,2,3,41,0,92,0,5,3
10-01-20,Polk,425,1,414,1,11,0,485,1,3839,13,4324,14,1,11,-2,33,2,381,0,20,12
10-01-20,Putnam,3433,40,3182,40,251,0,4121,50,30179,508,34300,558,3,47,-7,335,44,3051,0,121,49
10-01-20,Rhea,878,3,872,3,6,0,1042,3,10686,38,11728,41,0,15,-8,88,11,775,1,33,15
10-01-20,Roane,933,11,890,9,43,2,1081,8,17598,95,18679,103,0,6,2,88,9,839,1,36,6
10-01-20,Robertson,2279,7,2248,6,31,1,2756,8,17584,232,20340,240,0,39,-5,76,12,2164,1,166,38
10-01-20,Rutherford,9698,61,9601,54,97,7,11787,65,84915,649,96702,714,3,95,-3,448,61,9155,3,281,100
10-01-20,Scott,231,4,218,4,13,0,248,4,4344,13,4592,17,0,2,2,26,2,203,0,17,2
10-01-20,Sequatchie,249,1,247,1,2,0,279,1,5012,101,5291,102,0,3,-1,26,2,220,0,10,1
10-01-20,Sevier,2710,22,2625,22,85,0,3003,24,25813,122,28816,146,1,16,2,168,19,2526,1,100,19
10-01-20,Shelby,31781,121,31376,112,405,9,39426,144,377050,1972,416476,2116,7,479,-76,1237,190,30065,9,2210,542
10-01-20,Smith,772,3,739,3,33,0,967,3,5770,29,6737,32,0,11,-4,70,7,691,0,31,12
10-01-20,Stewart,224,2,205,1,19,1,252,1,2952,11,3204,12,0,2,1,46,1,176,1,7,4
10-01-20,Sullivan,2335,41,2189,31,146,10,2485,31,30432,168,32917,199,0,33,17,218,24,2084,4,186,33
10-01-20,Sumner,5022,23,4982,22,40,1,5968,24,45633,482,51601,506,4,102,-12,243,31,4677,1,398,105
10-01-20,Tipton,1890,16,1738,13,152,3,2242,18,21571,128,23813,146,1,20,4,131,11,1739,0,91,22
10-01-20,Trousdale,1678,1,1668,1,10,0,1757,2,5088,20,6845,22,0,7,-3,27,4,1644,0,25,7
10-01-20,Unicoi,293,1,288,1,5,0,345,0,6373,75,6718,75,0,1,-4,14,5,278,0,14,1
10-01-20,Union,392,8,358,8,34,0,406,8,4745,24,5151,32,0,2,5,47,3,343,0,14,2
10-01-20,Van Buren,168,1,153,1,15,0,185,1,2026,12,2211,13,0,0,-4,13,5,155,0,8,0
10-01-20,Warren,1107,6,1016,6,91,0,1243,8,13352,185,14595,193,0,7,2,79,4,1021,0,17,8
10-01-20,Washington,2411,17,2349,14,62,3,2728,16,30350,90,33078,106,0,38,-10,190,27,2183,1,113,39
10-01-20,Wayne,1511,4,1496,3,15,1,1645,3,6040,43,7685,46,0,5,1,27,3,1479,0,21,7
10-01-20,Weakley,1280,14,1188,14,92,0,1404,14,11391,190,12795,204,0,21,3,114,11,1145,0,33,22
10-01-20,White,872,13,799,13,73,0,1096,18,9950,77,11046,95,0,10,0,82,13,780,0,47,10
10-01-20,Williamson,5472,11,5368,8,104,3,6406,14,67978,332,74384,346,2,38,-18,323,27,5111,0,127,43
10-01-20,Wilson,3648,30,3603,26,45,4,4314,30,38328,220,42642,250,1,48,-5,253,34,3347,0,122,49
09-30-20,Anderson,1245,13,1202,11,43,2,1411,11,25630,59,27041,70,0,13,4,114,9,1118,0,44,13
09-30-20,Bedford,1380,10,1320,10,60,0,1645,11,13003,66,14648,77,0,17,-1,74,11,1289,0,54,18
09-30-20,Benton,349,1,333,1,16,0,376,1,4419,16,4795,17,0,8,0,8,1,333,0,18,8
09-30-20,Bledsoe,865,1,860,1,5,0,908,1,7671,46,8579,47,0,4,-2,17,3,844,0,19,4
09-30-20,Blount,2616,30,2560,28,56,2,3022,26,28910,143,31932,169,0,24,15,178,15,2414,0,118,28
09-30-20,Bradley,3027,22,2930,22,97,0,3563,23,25539,113,29102,136,0,17,10,137,12,2873,2,173,19
09-30-20,Campbell,476,10,443,10,33,0,518,10,11201,235,11719,245,0,4,8,50,2,422,1,24,4
09-30-20,Cannon,308,6,294,6,14,0,363,6,4039,29,4402,35,1,1,0,29,5,278,0,9,1
09-30-20,Carroll,923,15,790,12,133,3,986,12,10463,58,11449,70,0,20,2,95,13,808,0,49,20
09-30-20,Carter,1199,19,1146,19,53,0,1305,14,15682,129,16987,143,0,28,9,69,10,1102,0,88,29
09-30-20,Cheatham,832,9,823,8,9,1,1002,10,10919,67,11921,77,0,9,6,37,3,786,0,30,10
09-30-20,Chester,654,6,535,6,119,0,726,7,5382,21,6108,28,0,11,-2,67,8,576,0,23,14
09-30-20,Claiborne,451,3,410,2,41,1,504,3,10667,44,11171,47,0,5,-1,16,4,430,0,20,5
09-30-20,Clay,246,8,215,7,31,1,261,8,2869,31,3130,39,0,5,-2,59,10,182,0,7,5
09-30-20,Cocke,763,6,706,6,57,0,810,6,8107,40,8917,46,0,10,3,30,3,723,0,41,12
09-30-20,Coffee,1300,12,1159,7,141,5,1548,12,19114,39,20662,51,1,14,-8,209,19,1077,0,41,16
09-30-20,Crockett,578,18,506,16,72,2,647,17,3732,24,4379,41,0,19,9,58,9,501,0,21,19
09-30-20,Cumberland,1226,4,1191,3,35,1,1494,4,22554,33,24048,37,0,19,-5,74,9,1133,0,62,21
09-30-20,Davidson,27497,58,27319,55,178,3,34510,67,341908,1656,376418,1723,1,312,-49,863,106,26322,0,1109,321
09-30-20,Decatur,543,8,433,5,110,3,595,8,5861,23,6456,31,0,7,-3,72,11,464,0,18,8
09-30-20,Dekalb,546,1,523,1,23,0,670,1,8059,15,8729,16,0,14,-1,37,2,495,0,27,16
09-30-20,Dickson,1298,6,1167,6,131,0,1610,7,14365,60,15975,67,1,16,-5,108,10,1174,0,58,18
09-30-20,Dyer,1468,23,1338,16,130,7,1572,23,11348,38,12920,61,0,17,2,168,21,1283,0,65,18
09-30-20,Fayette,1251,8,1210,7,41,1,1574,10,15739,48,17313,58,2,21,-2,107,8,1123,1,84,23
09-30-20,Fentress,598,33,544,33,54,0,657,34,4046,50,4703,84,1,4,21,155,11,439,2,27,3
09-30-20,Franklin,1026,10,990,10,36,0,1233,12,15230,52,16463,64,0,10,-10,107,20,909,0,48,10
09-30-20,Gibson,1787,36,1417,17,370,19,1962,37,15427,81,17389,118,1,25,7,260,28,1502,0,65,30
09-30-20,Giles,658,14,651,14,7,0,772,15,8991,87,9763,102,0,17,10,94,4,547,2,44,18
09-30-20,Grainger,404,10,366,10,38,0,446,10,6025,32,6471,42,0,3,4,56,6,345,2,25,3
09-30-20,Greene,1183,7,1118,7,65,0,1378,8,15270,41,16648,49,0,46,-1,85,8,1052,0,83,48
09-30-20,Grundy,350,16,323,16,27,0,400,17,2564,15,2964,32,0,6,1,105,15,239,0,30,7
09-30-20,Hamblen,1985,21,1835,18,150,3,2140,20,21741,161,23881,181,0,28,15,139,6,1818,0,113,35
09-30-20,Hamilton,9709,56,9400,48,309,8,11098,47,135008,214,146106,261,0,95,5,466,51,9148,4,412,98
09-30-20,Hancock,111,1,102,1,9,0,117,1,1950,19,2067,20,0,3,1,4,0,104,0,11,3
09-30-20,Hardeman,1623,6,1550,5,73,1,1865,6,14224,33,16089,39,0,26,-9,72,15,1525,0,68,29
09-30-20,Hardin,1092,24,916,21,176,3,1212,26,12332,51,13544,77,0,16,-2,117,26,959,1,32,18
09-30-20,Hawkins,849,20,822,19,27,1,959,19,9801,101,10760,120,0,20,11,84,9,745,1,61,22
09-30-20,Haywood,1032,7,973,4,59,3,1134,8,6585,4,7719,12,2,23,-1,100,6,909,0,46,23
09-30-20,Henderson,1206,14,975,9,231,5,1469,14,8958,42,10427,56,-1,24,-1,91,16,1091,1,42,24
09-30-20,Henry,644,9,626,8,18,1,768,9,9757,45,10525,54,1,10,-1,33,9,601,0,39,10
09-30-20,Hickman,630,6,597,6,33,0,753,6,7464,25,8217,31,0,8,-6,92,12,530,0,22,9
09-30-20,Houston,273,27,245,26,28,1,288,27,2195,27,2483,54,-1,2,22,55,6,216,2,25,13
09-30-20,Humphreys,280,10,234,1,46,9,310,8,5544,21,5854,29,0,3,3,43,7,234,0,8,4
09-30-20,Jackson,338,4,298,3,40,1,380,3,2393,8,2773,11,0,5,2,33,2,300,0,17,5
09-30-20,Jefferson,1164,14,1035,13,129,1,1216,14,16741,84,17957,98,0,14,2,96,12,1054,1,62,15
09-30-20,Johnson,756,21,743,20,13,1,813,21,5881,78,6694,99,0,3,13,113,8,640,1,29,3
09-30-20,Knox,10044,74,9637,70,407,4,10832,69,130610,640,141442,709,1,80,-33,690,106,9274,2,378,82
09-30-20,Lake,925,2,921,2,4,0,1131,2,6133,9,7264,11,0,2,2,56,0,867,0,8,2
09-30-20,Lauderdale,1024,14,938,12,86,2,1120,14,11090,45,12210,59,0,16,6,75,8,933,1,46,16
09-30-20,Lawrence,1123,18,1109,18,14,0,1276,16,10701,71,11977,87,1,14,4,155,13,954,3,48,14
09-30-20,Lewis,214,6,213,6,1,0,234,4,4533,28,4767,32,0,1,4,40,2,173,0,13,1
09-30-20,Lincoln,650,5,637,5,13,0,778,6,8130,38,8908,44,0,1,-3,54,8,595,0,21,1
09-30-20,Loudon,1235,24,1198,23,37,1,1354,23,13265,77,14619,100,1,7,13,130,10,1098,2,41,7
09-30-20,Macon,1076,1,1053,1,23,0,1310,1,7434,64,8744,65,0,21,-2,60,3,995,0,82,22
09-30-20,Madison,3122,23,2341,11,781,12,3331,27,27725,91,31056,118,1,66,-20,244,42,2812,1,189,76
09-30-20,Marion,567,4,559,3,8,1,675,4,5935,24,6610,28,0,8,-5,55,9,504,0,41,8
09-30-20,Marshall,798,9,793,9,5,0,901,9,9253,74,10154,83,0,5,1,84,8,709,0,26,6
09-30-20,Maury,2472,32,2442,29,30,3,2826,29,25949,221,28775,250,1,26,-1,237,32,2209,0,97,29
09-30-20,McMinn,1186,7,1172,7,14,0,1367,11,16849,141,18216,152,1,26,-2,121,8,1039,0,64,28
09-30-20,McNairy,937,8,763,8,174,0,1069,8,7404,55,8473,63,0,18,-3,138,11,781,0,41,20
09-30-20,Meigs,231,0,227,0,4,0,264,0,3093,17,3357,17,0,3,-1,13,1,215,0,11,3
09-30-20,Monroe,1085,9,1043,9,42,0,1214,9,11042,65,12256,74,1,19,3,92,5,974,0,72,21
09-30-20,Montgomery,3198,31,3054,31,144,0,3581,33,40828,259,44409,292,2,46,2,127,27,3025,0,124,47
09-30-20,Moore,190,3,169,2,21,1,218,3,2382,11,2600,14,0,1,-2,33,5,156,0,5,1
09-30-20,Morgan,328,4,310,4,18,0,360,4,8211,22,8571,26,0,3,2,26,2,299,0,9,4
09-30-20,Obion,1247,18,1206,13,41,5,1376,17,10105,42,11481,59,0,11,3,144,15,1092,0,53,15
09-30-20,Out of State,2239,7,2181,5,58,2,2535,10,278608,1078,281143,1088,0,27,-12,134,19,2078,0,79,17
09-30-20,Overton,792,15,718,13,74,2,877,16,7249,104,8126,120,0,6,1,110,14,676,0,29,8
09-30-20,Pending,949,11,878,6,71,5,1076,10,178088,578,179164,588,0,4,-9,131,20,814,0,15,1
09-30-20,Perry,154,0,135,0,19,0,168,0,3571,9,3739,9,0,0,-1,11,1,143,0,7,0
09-30-20,Pickett,132,4,109,4,23,0,140,4,1005,9,1145,13,0,2,2,38,2,92,0,5,2
09-30-20,Polk,424,6,413,6,11,0,484,8,3826,40,4310,48,0,10,3,35,3,379,0,20,12
09-30-20,Putnam,3393,13,3142,11,251,2,4071,15,29671,54,33742,69,3,44,-37,342,47,3007,1,121,49
09-30-20,Rhea,875,14,869,13,6,1,1039,14,10648,60,11687,74,2,15,6,96,6,764,1,32,15
09-30-20,Roane,922,4,881,3,41,1,1073,4,17503,113,18576,117,0,6,-11,86,15,830,0,35,6
09-30-20,Robertson,2272,14,2242,12,30,2,2748,10,17352,67,20100,77,0,39,7,81,7,2152,1,165,38
09-30-20,Rutherford,9637,59,9547,55,90,4,11722,62,84266,455,95988,517,2,92,-8,451,65,9094,1,278,100
09-30-20,Scott,227,3,214,3,13,0,244,3,4331,23,4575,26,0,2,2,24,1,201,0,17,2
09-30-20,Sequatchie,248,3,246,3,2,0,278,2,4911,25,5189,27,2,3,-1,27,2,218,0,10,1
09-30-20,Sevier,2688,14,2603,12,85,2,2979,13,25691,126,28670,139,0,15,6,166,8,2507,0,99,19
09-30-20,Shelby,31660,53,31264,46,396,7,39282,72,375078,1239,414360,1311,6,472,-109,1313,156,29875,1,2201,541
09-30-20,Smith,769,11,736,8,33,3,964,21,5741,58,6705,79,0,11,7,74,4,684,0,31,12
09-30-20,Stewart,222,1,204,0,18,1,251,0,2941,11,3192,11,0,2,-21,45,22,175,0,6,4
09-30-20,Sullivan,2294,35,2158,34,136,1,2454,30,30264,103,32718,133,0,33,18,201,17,2060,0,182,32
09-30-20,Sumner,4999,46,4960,45,39,1,5944,51,45151,295,51095,346,0,98,23,255,23,4646,0,397,104
09-30-20,Tipton,1874,15,1725,7,149,8,2224,15,21443,86,23667,101,0,19,1,127,14,1728,0,91,22
09-30-20,Trousdale,1677,2,1667,2,10,0,1755,2,5068,14,6823,16,0,7,2,30,0,1640,0,25,7
09-30-20,Unicoi,292,0,287,0,5,0,345,4,6298,83,6643,87,0,1,-3,18,3,273,0,14,1
09-30-20,Union,384,4,350,3,34,1,398,2,4721,29,5119,31,0,2,0,42,4,340,0,14,2
09-30-20,Van Buren,167,1,152,1,15,0,184,1,2014,1,2198,2,0,0,-4,17,5,150,0,8,0
09-30-20,Warren,1101,4,1010,4,91,0,1235,5,13167,23,14402,28,0,7,-6,77,10,1017,0,17,8
09-30-20,Washington,2394,22,2335,21,59,1,2712,23,30260,169,32972,192,0,38,-9,200,31,2156,1,112,38
09-30-20,Wayne,1507,3,1493,2,14,1,1642,2,5997,19,7639,21,0,5,-1,26,4,1476,0,21,7
09-30-20,Weakley,1266,13,1174,12,92,1,1390,16,11201,39,12591,55,1,21,-1,111,13,1134,0,33,22
09-30-20,White,859,4,786,2,73,2,1078,4,9873,11,10951,15,0,10,-9,82,13,767,0,47,10
09-30-20,Williamson,5461,60,5360,52,101,8,6392,61,67646,581,74038,642,0,36,29,341,31,5084,0,127,43
09-30-20,Wilson,3618,33,3577,31,41,2,4284,37,38108,249,42392,286,0,47,8,258,25,3313,0,122,49
09-29-20,Anderson,1232,11,1191,10,41,1,1400,10,25571,283,26971,293,0,13,-7,110,18,1109,0,44,13
09-29-20,Bedford,1370,2,1310,2,60,0,1634,2,12937,60,14571,62,0,17,-6,75,8,1278,0,54,18
09-29-20,Benton,348,2,332,1,16,1,375,2,4403,19,4778,21,-1,8,-1,8,4,332,0,18,8
09-29-20,Bledsoe,864,0,859,0,5,0,907,1,7625,19,8532,20,0,4,0,19,0,841,0,19,4
09-29-20,Blount,2586,22,2532,22,54,0,2996,23,28767,284,31763,307,0,24,8,163,14,2399,3,118,28
09-29-20,Bradley,3005,9,2908,6,97,3,3540,9,25426,83,28966,92,0,17,-10,127,19,2861,1,171,19
09-29-20,Campbell,466,5,433,4,33,1,508,4,10966,55,11474,59,0,4,5,42,0,420,0,23,4
09-29-20,Cannon,302,3,288,3,14,0,357,3,4010,33,4367,36,0,0,1,29,2,273,0,9,1
09-29-20,Carroll,908,8,778,6,130,2,974,6,10405,132,11379,138,0,20,-5,93,13,795,0,49,20
09-29-20,Carter,1180,3,1127,2,53,1,1291,3,15553,192,16844,195,0,28,-5,60,8,1092,1,88,29
09-29-20,Cheatham,823,2,815,2,8,0,992,2,10852,52,11844,54,-1,9,0,31,3,783,1,30,10
09-29-20,Chester,648,2,529,2,119,0,719,2,5361,70,6080,72,1,11,-9,69,10,568,1,23,12
09-29-20,Claiborne,448,3,408,2,40,1,501,3,10623,127,11124,130,0,5,-1,17,4,426,0,20,5
09-29-20,Clay,238,4,208,1,30,3,253,4,2838,52,3091,56,0,5,-2,61,6,172,0,7,5
09-29-20,Cocke,757,6,700,4,57,2,804,3,8067,346,8871,349,0,10,4,27,2,720,1,41,12
09-29-20,Coffee,1288,15,1152,12,136,3,1536,17,19075,158,20611,175,0,13,-10,217,25,1058,0,41,16
09-29-20,Crockett,560,2,490,2,70,0,630,2,3708,18,4338,20,0,19,-5,49,7,492,1,21,19
09-29-20,Cumberland,1222,0,1188,0,34,0,1490,1,22521,188,24011,189,1,19,-15,79,14,1124,0,62,21
09-29-20,Davidson,27439,121,27264,115,175,6,34443,148,340252,3052,374695,3200,4,311,4,912,113,26216,2,1109,319
09-29-20,Decatur,535,1,428,1,107,0,587,1,5838,8,6425,9,0,7,-12,75,13,453,0,18,8
09-29-20,Dekalb,545,3,522,3,23,0,669,3,8044,23,8713,26,0,14,1,38,2,493,1,27,16
09-29-20,Dickson,1292,15,1161,9,131,6,1603,16,14305,80,15908,96,0,15,7,113,8,1164,0,58,18
09-29-20,Dyer,1445,17,1322,11,123,6,1549,17,11310,106,12859,123,3,17,-4,166,18,1262,1,65,18
09-29-20,Fayette,1243,7,1203,7,40,0,1564,8,15691,71,17255,79,0,19,-4,109,11,1115,0,83,23
09-29-20,Fentress,565,28,511,27,54,1,623,29,3996,73,4619,102,0,3,21,134,7,428,1,25,3
09-29-20,Franklin,1016,8,980,6,36,2,1221,9,15178,64,16399,73,0,10,-11,117,19,889,0,48,10
09-29-20,Gibson,1751,18,1400,7,351,11,1925,19,15346,218,17271,237,1,24,-5,253,22,1474,2,65,29
09-29-20,Giles,644,2,637,0,7,2,757,1,8904,20,9661,21,0,17,-3,84,5,543,0,42,17
09-29-20,Grainger,394,7,356,4,38,3,436,4,5993,28,6429,32,0,3,2,52,5,339,1,23,3
09-29-20,Greene,1176,12,1111,11,65,1,1370,14,15229,120,16599,134,2,46,3,86,7,1044,1,83,48
09-29-20,Grundy,334,8,307,7,27,1,383,9,2549,10,2932,19,0,6,-2,104,10,224,0,30,7
09-29-20,Hamblen,1964,6,1817,5,147,1,2120,8,21580,89,23700,97,2,28,-6,124,10,1812,2,113,33
09-29-20,Hamilton,9653,60,9352,53,301,7,11051,60,134794,777,145845,837,0,95,15,461,45,9097,1,408,98
09-29-20,Hancock,110,1,101,1,9,0,116,1,1931,6,2047,7,0,3,1,3,0,104,0,11,3
09-29-20,Hardeman,1617,6,1545,4,72,2,1859,6,14191,16,16050,22,0,26,-2,81,8,1510,0,68,27
09-29-20,Hardin,1068,3,895,1,173,2,1186,2,12281,53,13467,55,0,16,-7,119,10,933,0,31,17
09-29-20,Hawkins,829,2,803,2,26,0,940,5,9700,59,10640,64,2,20,-6,73,6,736,0,60,22
09-29-20,Haywood,1025,7,969,6,56,1,1126,10,6581,26,7707,36,0,21,-2,101,9,903,1,46,23
09-29-20,Henderson,1192,3,966,2,226,1,1455,5,8916,116,10371,121,1,25,-9,92,11,1075,0,41,24
09-29-20,Henry,635,7,618,7,17,0,759,9,9712,82,10471,91,0,9,2,34,5,592,0,39,10
09-29-20,Hickman,624,11,591,10,33,1,747,12,7439,67,8186,79,0,8,0,98,11,518,0,22,9
09-29-20,Houston,246,11,219,8,27,3,261,11,2168,15,2429,26,0,3,7,33,4,210,2,23,12
09-29-20,Humphreys,270,5,233,3,37,2,302,5,5523,37,5825,42,0,3,-1,40,6,227,0,8,4
09-29-20,Jackson,334,3,295,2,39,1,377,3,2385,28,2762,31,0,5,-2,31,5,298,0,17,5
09-29-20,Jefferson,1150,9,1022,7,128,2,1202,6,16657,128,17859,134,0,14,-3,94,12,1042,2,61,14
09-29-20,Johnson,735,7,723,7,12,0,792,7,5803,37,6595,44,1,3,-3,100,9,632,1,28,3
09-29-20,Knox,9970,75,9567,70,403,5,10763,83,129970,1122,140733,1205,-1,79,-20,723,96,9168,2,376,82
09-29-20,Lake,923,1,919,1,4,0,1129,1,6124,28,7253,29,0,2,-1,54,2,867,0,8,2
09-29-20,Lauderdale,1010,9,926,2,84,7,1106,9,11045,197,12151,206,0,16,4,69,5,925,0,45,16
09-29-20,Lawrence,1105,8,1091,8,14,0,1260,5,10630,63,11890,68,0,13,1,151,7,941,2,45,14
09-29-20,Lewis,208,0,207,0,1,0,230,0,4505,9,4735,9,0,1,-2,36,2,171,0,13,1
09-29-20,Lincoln,645,1,632,1,13,0,772,2,8092,45,8864,47,0,1,-6,57,7,587,0,21,1
09-29-20,Loudon,1211,12,1175,10,36,2,1331,10,13188,185,14519,195,0,6,-1,117,13,1088,1,39,7
09-29-20,Macon,1075,3,1052,2,23,1,1309,2,7370,95,8679,97,0,21,-3,62,6,992,0,82,22
09-29-20,Madison,3099,70,2330,29,769,41,3304,70,27634,222,30938,292,1,65,32,264,37,2770,1,188,75
09-29-20,Marion,563,10,556,10,7,0,671,11,5911,39,6582,50,0,8,6,60,4,495,1,41,8
09-29-20,Marshall,789,5,784,4,5,1,892,8,9179,67,10071,75,0,5,-5,83,10,701,2,26,6
09-29-20,Maury,2440,13,2413,12,27,1,2797,12,25728,167,28525,179,1,25,-17,238,29,2177,0,97,29
09-29-20,McMinn,1179,6,1165,6,14,0,1356,11,16708,122,18064,133,0,25,0,123,6,1031,1,64,28
09-29-20,McNairy,929,6,755,3,174,3,1061,5,7349,19,8410,24,0,18,-5,141,11,770,2,41,19
09-29-20,Meigs,231,1,227,1,4,0,264,1,3076,17,3340,18,0,3,0,14,1,214,0,11,3
09-29-20,Monroe,1076,19,1034,19,42,0,1205,20,10977,145,12182,165,0,18,11,89,8,969,1,72,20
09-29-20,Montgomery,3167,11,3023,9,144,2,3548,10,40569,204,44117,214,0,44,-14,125,25,2998,0,124,47
09-29-20,Moore,187,4,167,0,20,4,215,4,2371,14,2586,18,0,1,1,35,3,151,0,5,1
09-29-20,Morgan,324,2,306,2,18,0,356,2,8189,45,8545,47,0,3,-1,24,3,297,0,9,4
09-29-20,Obion,1229,12,1193,11,36,1,1359,24,10063,162,11422,186,0,11,0,141,12,1077,0,53,15
09-29-20,Out of State,2232,15,2176,15,56,0,2525,14,277530,1633,280055,1647,0,27,-13,146,28,2059,0,79,17
09-29-20,Overton,777,7,705,7,72,0,861,7,7145,44,8006,51,0,6,-2,109,9,662,1,29,8
09-29-20,Pending,938,14,872,11,66,3,1066,11,177510,1321,178576,1332,-2,4,10,140,6,794,1,15,1
09-29-20,Perry,154,1,135,1,19,0,168,1,3562,29,3730,30,0,0,-2,12,3,142,0,7,0
09-29-20,Pickett,128,1,105,1,23,0,136,1,996,3,1132,4,0,2,1,36,0,90,0,5,2
09-29-20,Polk,418,1,407,1,11,0,476,1,3786,15,4262,16,0,10,-1,32,2,376,0,20,12
09-29-20,Putnam,3380,16,3131,11,249,5,4056,16,29617,91,33673,107,0,41,-28,379,44,2960,1,120,48
09-29-20,Rhea,861,3,856,3,5,0,1025,3,10588,26,11613,29,0,13,-1,90,4,758,1,31,15
09-29-20,Roane,918,7,878,5,40,2,1069,6,17390,100,18459,106,0,6,-3,97,10,815,1,35,6
09-29-20,Robertson,2258,7,2230,6,28,1,2738,17,17285,122,20023,139,4,39,-11,74,14,2145,0,164,38
09-29-20,Rutherford,9578,56,9492,54,86,2,11660,59,83811,582,95471,641,0,90,-12,459,68,9029,4,277,98
09-29-20,Scott,224,5,211,4,13,1,241,4,4308,26,4549,30,0,2,1,22,4,200,0,17,2
09-29-20,Sequatchie,245,2,243,2,2,0,276,2,4886,11,5162,13,0,1,-1,28,3,216,0,10,1
09-29-20,Sevier,2674,15,2591,11,83,4,2966,13,25565,199,28531,212,0,15,-5,160,20,2499,0,99,19
09-29-20,Shelby,31607,116,31218,96,389,20,39210,150,373839,2147,413049,2297,6,466,-53,1422,163,29719,5,2200,536
09-29-20,Smith,758,8,728,8,30,0,943,10,5683,96,6626,106,0,11,-1,67,9,680,0,31,11
09-29-20,Stewart,221,0,204,0,17,0,251,0,2930,17,3181,17,0,2,-6,66,6,153,0,6,4
09-29-20,Sullivan,2259,25,2124,23,135,2,2424,28,30161,235,32585,263,0,33,-2,183,27,2043,2,182,32
09-29-20,Sumner,4953,8,4915,8,38,0,5893,8,44856,231,50749,239,0,98,-17,232,25,4623,0,397,104
09-29-20,Tipton,1859,6,1718,3,141,3,2209,6,21357,214,23566,220,0,19,-11,126,17,1714,0,91,22
09-29-20,Trousdale,1675,7,1665,4,10,3,1753,5,5054,34,6807,39,0,7,7,28,0,1640,0,25,7
09-29-20,Unicoi,292,2,287,2,5,0,341,6,6215,200,6556,206,0,1,1,21,1,270,1,14,1
09-29-20,Union,380,9,347,6,33,3,396,6,4692,35,5088,41,0,2,-4,42,13,336,1,14,2
09-29-20,Van Buren,166,0,151,0,15,0,183,0,2013,6,2196,6,0,0,-5,21,5,145,0,8,0
09-29-20,Warren,1097,4,1006,4,91,0,1230,5,13144,113,14374,118,0,7,-1,83,5,1007,1,17,8
09-29-20,Washington,2372,26,2314,24,58,2,2689,27,30091,357,32780,384,2,38,-5,209,29,2125,2,111,38
09-29-20,Wayne,1504,1,1491,0,13,1,1640,1,5978,32,7618,33,0,5,-2,27,3,1472,0,21,7
09-29-20,Weakley,1253,8,1162,6,91,2,1374,7,11162,110,12536,117,1,20,-22,112,29,1121,0,33,22
09-29-20,White,855,9,784,9,71,0,1074,14,9862,40,10936,54,1,10,-2,91,10,754,1,47,10
09-29-20,Williamson,5401,34,5308,25,93,9,6331,34,67065,416,73396,450,0,36,-4,312,38,5053,1,127,42
09-29-20,Wilson,3585,23,3546,18,39,5,4247,22,37859,410,42106,432,2,47,-2,250,23,3288,0,122,49
09-28-20,Anderson,1221,4,1181,3,40,1,1390,3,25288,39,26678,42,0,13,-6,117,10,1091,0,44,13
09-28-20,Bedford,1368,1,1308,0,60,1,1632,1,12877,14,14509,15,0,17,-8,81,9,1270,0,54,18
09-28-20,Benton,346,2,331,2,15,0,373,1,4384,10,4757,11,0,9,-1,9,3,328,1,18,8
09-28-20,Bledsoe,864,0,859,0,5,0,906,0,7606,3,8512,3,0,4,-1,19,1,841,0,19,4
09-28-20,Blount,2564,16,2510,16,54,0,2973,16,28483,118,31456,134,0,24,-4,155,20,2385,1,115,28
09-28-20,Bradley,2996,7,2902,7,94,0,3531,11,25343,66,28874,77,0,17,-14,137,21,2842,1,170,19
09-28-20,Campbell,461,2,429,1,32,1,504,2,10911,11,11415,13,0,4,-8,37,10,420,0,23,4
09-28-20,Cannon,299,0,285,0,14,0,354,0,3977,7,4331,7,0,0,-5,28,5,271,0,9,1
09-28-20,Carroll,900,5,772,5,128,0,968,6,10273,56,11241,62,0,20,-2,98,7,782,0,49,20
09-28-20,Carter,1177,0,1125,0,52,0,1288,0,15361,28,16649,28,0,28,-14,65,14,1084,0,87,29
09-28-20,Cheatham,821,1,813,1,8,0,990,1,10800,15,11790,16,0,10,-8,31,9,780,0,29,10
09-28-20,Chester,646,1,527,1,119,0,717,2,5291,47,6008,49,0,10,-6,78,7,558,0,22,12
09-28-20,Claiborne,445,3,406,2,39,1,498,3,10496,12,10994,15,0,5,-4,18,7,422,0,20,5
09-28-20,Clay,234,1,207,1,27,0,249,1,2786,3,3035,4,0,5,-6,63,7,166,0,7,5
09-28-20,Cocke,751,0,696,0,55,0,801,1,7721,15,8522,16,1,10,-3,23,2,718,0,40,12
09-28-20,Coffee,1273,16,1140,4,133,12,1519,17,18917,131,20436,148,0,13,-5,227,21,1033,0,41,16
09-28-20,Crockett,558,0,488,0,70,0,628,0,3690,10,4318,10,0,19,-6,54,6,485,0,20,19
09-28-20,Cumberland,1222,3,1188,3,34,0,1489,4,22333,32,23822,36,0,18,-16,94,19,1110,1,62,21
09-28-20,Davidson,27318,41,27149,39,169,2,34295,50,337200,1073,371495,1123,1,307,-127,908,167,26103,2,1107,317
09-28-20,Decatur,534,2,427,1,107,1,586,3,5830,3,6416,6,0,7,-12,87,14,440,0,18,8
09-28-20,Dekalb,542,1,519,1,23,0,666,1,8021,9,8687,10,0,14,-7,37,8,491,0,26,16
09-28-20,Dickson,1277,1,1152,1,125,0,1587,2,14225,71,15812,73,0,15,-13,106,14,1156,0,58,18
09-28-20,Dyer,1428,8,1311,5,117,3,1532,8,11204,48,12736,56,0,14,-18,170,26,1244,0,64,18
09-28-20,Fayette,1236,16,1196,15,40,1,1556,17,15620,107,17176,124,0,19,-2,113,18,1104,0,83,23
09-28-20,Fentress,537,5,484,5,53,0,594,5,3923,8,4517,13,0,3,-20,113,25,421,0,24,3
09-28-20,Franklin,1008,5,974,5,34,0,1212,6,15114,14,16326,20,1,10,-13,128,17,870,0,48,9
09-28-20,Gibson,1733,9,1393,4,340,5,1906,11,15128,45,17034,56,0,23,-21,258,30,1452,1,63,28
09-28-20,Giles,642,9,637,7,5,2,756,5,8884,26,9640,31,0,17,-2,87,11,538,1,42,17
09-28-20,Grainger,387,5,352,1,35,4,432,2,5965,11,6397,13,0,3,-2,50,7,334,1,22,3
09-28-20,Greene,1164,2,1100,1,64,1,1356,0,15109,25,16465,25,0,44,-14,83,16,1037,0,82,48
09-28-20,Grundy,326,4,300,3,26,1,374,4,2539,4,2913,8,1,6,-2,106,5,214,0,30,7
09-28-20,Hamblen,1958,1,1812,0,146,1,2112,4,21491,30,23603,34,0,26,-14,130,15,1802,0,111,33
09-28-20,Hamilton,9593,53,9299,33,294,20,10991,43,134017,345,145008,388,0,95,-10,446,63,9052,3,407,98
09-28-20,Hancock,109,0,100,0,9,0,115,0,1925,1,2040,1,0,3,0,2,0,104,0,11,3
09-28-20,Hardeman,1611,1,1541,1,70,0,1853,1,14175,13,16028,14,0,26,-20,83,21,1502,0,68,27
09-28-20,Hardin,1065,3,894,1,171,2,1184,3,12228,8,13412,11,0,16,-7,126,10,923,1,31,16
09-28-20,Hawkins,827,2,801,2,26,0,935,0,9641,12,10576,12,0,18,-7,79,9,730,0,60,22
09-28-20,Haywood,1018,4,963,4,55,0,1116,4,6555,9,7671,13,0,21,-8,103,12,894,0,45,23
09-28-20,Henderson,1189,0,964,0,225,0,1450,1,8800,6,10250,7,0,24,-9,101,9,1064,0,41,24
09-28-20,Henry,628,1,611,0,17,1,750,1,9630,39,10380,40,0,9,-12,32,13,587,0,39,10
09-28-20,Hickman,613,2,581,2,32,0,735,3,7372,92,8107,95,0,8,-12,98,14,507,0,22,9
09-28-20,Houston,235,5,211,5,24,0,250,3,2153,9,2403,12,0,3,-9,26,14,206,0,21,10
09-28-20,Humphreys,265,1,230,0,35,1,297,3,5486,22,5783,25,0,3,-2,41,3,221,0,8,4
09-28-20,Jackson,331,0,293,0,38,0,374,0,2357,4,2731,4,0,5,-2,33,2,293,0,17,5
09-28-20,Jefferson,1141,5,1015,3,126,2,1196,6,16529,65,17725,71,0,14,-13,97,18,1030,0,59,14
09-28-20,Johnson,728,0,716,0,12,0,785,0,5766,3,6551,3,0,2,-9,103,9,623,0,27,3
09-28-20,Knox,9895,57,9497,51,398,6,10680,47,128848,446,139528,493,1,80,-68,743,124,9072,3,374,81
09-28-20,Lake,922,0,918,0,4,0,1128,0,6096,6,7224,6,0,2,-3,55,3,865,0,8,2
09-28-20,Lauderdale,1001,2,924,2,77,0,1097,3,10848,50,11945,53,0,16,-21,65,23,920,0,45,16
09-28-20,Lawrence,1097,3,1083,3,14,0,1255,3,10567,85,11822,88,0,13,-17,150,20,934,0,43,14
09-28-20,Lewis,208,1,207,1,1,0,230,2,4496,3,4726,5,0,1,-2,38,3,169,0,13,1
09-28-20,Lincoln,644,3,631,1,13,2,770,2,8047,13,8817,15,0,1,-11,63,14,580,1,21,1
09-28-20,Loudon,1199,10,1165,10,34,0,1321,11,13003,190,14324,201,0,6,-7,118,17,1075,1,38,7
09-28-20,Macon,1072,2,1050,2,22,0,1307,4,7275,17,8582,21,0,21,-3,65,5,986,1,82,22
09-28-20,Madison,3029,36,2301,14,728,22,3234,29,27412,33,30646,62,0,64,4,232,32,2733,0,187,75
09-28-20,Marion,553,7,546,7,7,0,660,8,5872,16,6532,24,0,8,0,54,7,491,0,40,8
09-28-20,Marshall,784,1,780,1,4,0,884,1,9112,9,9996,10,0,5,-8,88,9,691,0,24,5
09-28-20,Maury,2427,10,2401,10,26,0,2785,9,25561,40,28346,49,0,24,-21,255,31,2148,3,97,29
09-28-20,McMinn,1173,5,1159,5,14,0,1345,7,16586,47,17931,54,0,25,-14,123,19,1025,0,63,27
09-28-20,McNairy,923,4,752,2,171,2,1056,5,7330,6,8386,11,0,18,-14,146,18,759,0,39,19
09-28-20,Meigs,230,3,226,3,4,0,263,3,3059,4,3322,7,0,3,2,14,1,213,0,11,3
09-28-20,Monroe,1057,4,1015,4,42,0,1185,5,10832,41,12017,46,0,18,-4,78,8,961,1,71,20
09-28-20,Montgomery,3156,15,3014,13,142,2,3538,14,40365,198,43903,212,0,44,-29,139,44,2973,0,124,47
09-28-20,Moore,183,3,167,1,16,2,211,3,2357,1,2568,4,0,1,0,34,3,148,0,5,1
09-28-20,Morgan,322,1,304,1,18,0,354,1,8144,8,8498,9,0,3,-4,25,5,294,0,9,4
09-28-20,Obion,1217,3,1182,3,35,0,1335,3,9901,35,11236,38,1,11,-17,141,19,1065,0,53,15
09-28-20,Out of State,2217,6,2161,4,56,2,2511,6,275897,933,278408,939,0,27,-21,159,27,2031,0,79,17
09-28-20,Overton,770,4,698,4,72,0,854,4,7101,8,7955,12,0,6,-13,111,17,653,0,28,8
09-28-20,Pending,924,5,861,3,63,2,1055,5,176189,507,177244,512,1,6,-12,130,16,788,0,14,1
09-28-20,Perry,153,0,134,0,19,0,167,0,3533,0,3700,0,0,0,-2,14,2,139,0,7,0
09-28-20,Pickett,127,3,104,3,23,0,135,3,993,3,1128,6,0,2,2,35,1,90,0,5,2
09-28-20,Polk,417,0,406,0,11,0,475,0,3771,5,4246,5,0,10,-4,33,4,374,0,20,12
09-28-20,Putnam,3364,15,3120,7,244,8,4040,16,29526,31,33566,47,1,41,-55,407,69,2916,0,119,48
09-28-20,Rhea,858,5,853,5,5,0,1022,5,10562,10,11584,15,1,13,-9,91,13,754,0,30,15
09-28-20,Roane,911,1,873,1,38,0,1063,1,17290,35,18353,36,1,6,-15,100,15,805,0,34,6
09-28-20,Robertson,2251,4,2224,4,27,0,2721,5,17163,33,19884,38,0,35,-10,85,14,2131,0,164,37
09-28-20,Rutherford,9522,49,9438,45,84,4,11601,52,83229,235,94830,287,1,90,-38,471,86,8961,0,273,97
09-28-20,Scott,219,0,207,0,12,0,237,0,4282,5,4519,5,0,2,-2,21,2,196,0,17,2
09-28-20,Sequatchie,243,0,241,0,2,0,274,0,4875,11,5149,11,0,1,-6,29,6,213,0,10,1
09-28-20,Sevier,2659,12,2580,11,79,1,2953,13,25366,46,28319,59,0,15,-6,165,18,2479,1,99,19
09-28-20,Shelby,31491,53,31122,50,369,3,39060,75,371692,943,410752,1018,1,460,-139,1475,191,29556,6,2195,534
09-28-20,Smith,750,3,720,2,30,1,933,3,5587,12,6520,15,0,11,-6,68,9,671,0,31,11
09-28-20,Stewart,221,1,204,1,17,0,251,1,2913,8,3164,9,0,2,-8,72,9,147,0,6,4
09-28-20,Sullivan,2234,13,2101,12,133,1,2396,20,29926,36,32322,56,0,33,-12,185,25,2016,0,180,32
09-28-20,Sumner,4945,11,4907,11,38,0,5885,14,44625,110,50510,124,0,98,-19,249,30,4598,1,397,104
09-28-20,Tipton,1853,4,1715,2,138,2,2203,5,21143,54,23346,59,0,19,-13,137,17,1697,0,91,22
09-28-20,Trousdale,1668,1,1661,0,7,1,1748,1,5020,7,6768,8,0,7,-2,21,3,1640,0,25,7
09-28-20,Unicoi,290,1,285,1,5,0,335,1,6015,1,6350,2,0,1,-2,20,3,269,0,13,1
09-28-20,Union,371,0,341,0,30,0,390,1,4657,8,5047,9,0,2,-13,46,13,323,0,13,2
09-28-20,Van Buren,166,0,151,0,15,0,183,0,2007,90,2190,90,0,0,-2,26,2,140,0,8,0
09-28-20,Warren,1093,1,1002,1,91,0,1225,1,13031,20,14256,21,0,7,-4,84,5,1002,0,16,8
09-28-20,Washington,2346,12,2290,12,56,0,2662,7,29734,33,32396,40,0,36,-15,214,27,2096,0,109,38
09-28-20,Wayne,1503,0,1491,0,12,0,1639,1,5946,7,7585,8,0,5,-7,29,7,1469,0,21,7
09-28-20,Weakley,1245,3,1156,2,89,1,1367,3,11052,42,12419,45,0,19,-13,134,16,1092,0,33,22
09-28-20,White,846,1,775,1,71,0,1060,2,9822,162,10882,164,0,9,-10,93,11,744,0,46,10
09-28-20,Williamson,5367,23,5283,19,84,4,6297,20,66649,220,72946,240,0,36,-24,316,47,5015,0,126,42
09-28-20,Wilson,3562,29,3528,27,34,2,4225,32,37449,130,41674,162,0,45,-6,252,35,3265,1,122,49
09-27-20,Anderson,1217,18,1178,16,39,2,1387,15,25249,206,26636,221,0,13,9,123,9,1081,0,44,13
09-27-20,Bedford,1367,12,1308,11,59,1,1631,14,12863,191,14494,205,0,17,6,89,6,1261,0,54,18
09-27-20,Benton,344,2,329,2,15,0,372,2,4374,76,4746,78,0,9,1,10,1,325,0,17,8
09-27-20,Bledsoe,864,4,859,4,5,0,906,4,7603,42,8509,46,0,4,3,20,1,840,0,19,4
09-27-20,Blount,2548,18,2494,18,54,0,2957,20,28365,312,31322,332,0,24,10,159,8,2365,0,114,28
09-27-20,Bradley,2989,15,2895,13,94,2,3520,16,25277,269,28797,285,0,17,8,151,7,2821,1,169,19
09-27-20,Campbell,459,4,428,4,31,0,502,5,10900,163,11402,168,0,4,1,45,3,410,0,23,4
09-27-20,Cannon,299,6,285,6,14,0,354,7,3970,31,4324,38,0,0,3,33,3,266,0,9,1
09-27-20,Carroll,895,9,767,7,128,2,962,9,10217,234,11179,243,0,20,2,100,7,775,1,49,19
09-27-20,Carter,1177,8,1125,8,52,0,1288,7,15333,163,16621,170,0,28,4,79,4,1070,1,87,29
09-27-20,Cheatham,820,8,812,8,8,0,989,8,10785,102,11774,110,0,10,4,39,4,771,0,29,10
09-27-20,Chester,645,3,526,3,119,0,715,3,5244,75,5959,78,0,10,-1,84,4,551,0,22,12
09-27-20,Claiborne,442,1,404,1,38,0,495,1,10484,51,10979,52,0,5,-2,22,3,415,0,20,5
09-27-20,Clay,233,3,206,3,27,0,248,4,2783,19,3031,23,0,5,0,69,3,159,0,7,5
09-27-20,Cocke,751,5,696,5,55,0,800,6,7706,75,8506,81,0,9,3,26,2,716,0,40,11
09-27-20,Coffee,1257,13,1136,11,121,2,1502,17,18786,133,20288,150,0,13,-2,232,15,1012,1,41,16
09-27-20,Crockett,558,3,488,2,70,1,628,3,3680,29,4308,32,0,19,-2,60,5,479,0,20,19
09-27-20,Cumberland,1219,10,1185,10,34,0,1485,13,22301,255,23786,268,0,18,4,110,6,1091,0,61,20
09-27-20,Davidson,27277,92,27110,91,167,1,34245,114,336127,4988,370372,5102,0,306,32,1035,60,25936,4,1105,316
09-27-20,Decatur,532,7,426,7,106,0,583,8,5827,97,6410,105,0,7,0,99,7,426,0,18,8
09-27-20,Dekalb,541,3,518,3,23,0,665,3,8012,73,8677,76,0,14,3,44,0,483,0,26,16
09-27-20,Dickson,1276,9,1151,9,125,0,1585,10,14154,116,15739,126,0,15,4,119,5,1142,0,58,18
09-27-20,Dyer,1420,25,1306,20,114,5,1524,25,11156,182,12680,207,0,14,15,188,10,1218,0,64,18
09-27-20,Fayette,1220,11,1181,11,39,0,1539,15,15513,108,17052,123,0,19,4,115,7,1086,0,83,23
09-27-20,Fentress,532,6,479,6,53,0,589,8,3915,30,4504,38,0,3,-3,133,9,396,0,24,3
09-27-20,Franklin,1003,10,969,10,34,0,1206,14,15100,118,16306,132,0,9,3,141,7,853,0,48,9
09-27-20,Gibson,1724,20,1389,15,335,5,1895,22,15083,155,16978,177,0,23,6,279,14,1422,0,62,27
09-27-20,Giles,633,21,630,21,3,0,751,21,8858,170,9609,191,0,17,19,89,2,527,3,41,17
09-27-20,Grainger,382,8,351,7,31,1,430,7,5954,49,6384,56,0,3,6,52,2,327,1,21,3
09-27-20,Greene,1162,9,1099,9,63,0,1356,11,15084,159,16440,170,0,44,4,97,5,1021,1,82,47
09-27-20,Grundy,322,11,297,11,25,0,370,12,2535,28,2905,40,0,5,4,108,7,209,1,30,7
09-27-20,Hamblen,1957,17,1812,14,145,3,2108,14,21461,196,23569,210,0,26,7,144,10,1787,2,111,33
09-27-20,Hamilton,9540,44,9266,43,274,1,10948,46,133672,998,144620,1044,1,95,-10,456,53,8989,3,404,98
09-27-20,Hancock,109,1,100,0,9,1,115,0,1924,8,2039,8,0,3,1,2,0,104,0,11,3
09-27-20,Hardeman,1610,9,1540,9,70,0,1852,10,14162,178,16014,188,0,26,4,103,5,1481,1,68,27
09-27-20,Hardin,1062,13,893,12,169,1,1181,15,12220,194,13401,209,0,16,5,133,8,913,1,30,16
09-27-20,Hawkins,825,8,799,7,26,1,935,8,9629,81,10564,89,0,18,0,86,8,721,0,60,22
09-27-20,Haywood,1014,9,959,9,55,0,1112,10,6546,104,7658,114,0,21,5,111,4,882,0,45,22
09-27-20,Henderson,1189,8,964,6,225,2,1449,9,8794,177,10243,186,0,24,2,110,6,1055,0,41,24
09-27-20,Henry,627,2,611,2,16,0,749,5,9591,82,10340,87,0,9,-3,44,5,574,0,39,9
09-27-20,Hickman,611,5,579,5,32,0,732,5,7280,49,8012,54,0,8,-1,110,6,493,0,22,9
09-27-20,Houston,230,5,206,4,24,1,247,5,2144,28,2391,33,0,3,-4,35,9,192,0,21,10
09-27-20,Humphreys,264,3,230,3,34,0,294,3,5464,63,5758,66,0,3,0,43,3,218,0,8,4
09-27-20,Jackson,331,5,293,5,38,0,374,7,2353,18,2727,25,0,5,2,35,3,291,0,17,5
09-27-20,Jefferson,1136,11,1012,8,124,3,1190,10,16464,176,17654,186,0,14,7,110,4,1012,2,59,14
09-27-20,Johnson,728,12,716,12,12,0,785,11,5763,73,6548,84,0,2,8,112,4,614,1,27,3
09-27-20,Knox,9838,72,9446,67,392,5,10633,80,128402,955,139035,1035,0,79,-12,811,84,8948,3,371,79
09-27-20,Lake,922,3,918,3,4,0,1128,3,6090,19,7218,22,0,2,3,58,0,862,0,8,2
09-27-20,Lauderdale,999,5,922,5,77,0,1094,5,10798,106,11892,111,0,16,1,86,4,897,0,45,16
09-27-20,Lawrence,1094,23,1080,23,14,0,1252,24,10482,196,11734,220,0,13,10,167,13,914,0,43,14
09-27-20,Lewis,207,3,206,3,1,0,228,4,4493,38,4721,42,0,1,2,40,1,166,0,13,1
09-27-20,Lincoln,641,15,630,15,11,0,768,18,8034,71,8802,89,0,1,12,74,3,566,1,20,1
09-27-20,Loudon,1189,9,1155,9,34,0,1310,8,12813,103,14123,111,0,6,5,125,4,1058,0,37,7
09-27-20,Macon,1070,5,1048,5,22,0,1303,6,7258,104,8561,110,0,21,2,68,3,981,0,81,22
09-27-20,Madison,2993,26,2287,12,706,14,3205,21,27379,377,30584,398,0,64,3,228,23,2701,0,187,75
09-27-20,Marion,546,4,539,4,7,0,652,4,5856,63,6508,67,0,8,-1,54,5,484,0,40,8
09-27-20,Marshall,783,11,779,11,4,0,883,12,9103,160,9986,172,0,5,3,96,8,682,0,24,5
09-27-20,Maury,2417,33,2391,30,26,3,2776,39,25521,255,28297,294,0,24,13,276,20,2117,1,94,29
09-27-20,McMinn,1168,9,1154,9,14,0,1338,9,16539,178,17877,187,0,25,0,137,9,1006,0,63,26
09-27-20,McNairy,919,23,750,17,169,6,1051,28,7324,213,8375,241,0,18,19,160,4,741,0,39,19
09-27-20,Meigs,227,1,223,1,4,0,260,1,3055,48,3315,49,0,3,0,12,1,212,0,11,3
09-27-20,Monroe,1053,6,1011,4,42,2,1180,5,10791,93,11971,98,0,18,1,82,5,953,0,70,20
09-27-20,Montgomery,3141,24,3001,20,140,4,3524,22,40167,441,43691,463,0,44,13,168,11,2929,0,124,47
09-27-20,Moore,180,0,166,0,14,0,208,1,2356,27,2564,28,0,1,-2,34,2,145,0,5,1
09-27-20,Morgan,321,3,303,3,18,0,353,4,8136,41,8489,45,0,3,2,29,1,289,0,9,4
09-27-20,Obion,1214,13,1179,13,35,0,1332,15,9866,199,11198,214,0,10,5,158,8,1046,3,53,15
09-27-20,Out of State,2211,12,2157,12,54,0,2505,12,274964,3311,277469,3323,0,27,0,180,12,2004,1,79,17
09-27-20,Overton,766,10,694,10,72,0,850,14,7093,113,7943,127,0,6,4,124,6,636,1,28,8
09-27-20,Pending,919,19,858,18,61,1,1050,18,175682,1495,176732,1513,0,5,13,142,6,772,1,14,1
09-27-20,Perry,153,0,134,0,19,0,167,0,3533,88,3700,88,0,0,-2,16,2,137,0,7,0
09-27-20,Pickett,124,5,101,5,23,0,132,5,990,20,1122,25,0,2,5,33,0,89,0,5,2
09-27-20,Polk,417,11,406,9,11,2,475,11,3766,74,4241,85,0,10,10,37,1,370,1,20,12
09-27-20,Putnam,3349,30,3113,29,236,1,4024,38,29495,321,33519,359,0,40,-3,462,33,2847,0,119,46
09-27-20,Rhea,853,5,848,5,5,0,1017,6,10552,143,11569,149,0,12,1,100,4,741,0,30,15
09-27-20,Roane,910,9,872,9,38,0,1062,11,17255,191,18317,202,1,5,-1,115,9,790,0,34,6
09-27-20,Robertson,2247,12,2220,12,27,0,2716,13,17130,158,19846,171,0,35,2,95,10,2117,0,164,37
09-27-20,Rutherford,9473,53,9393,53,80,0,11549,61,82994,938,94543,999,0,89,13,509,40,8875,0,273,97
09-27-20,Scott,219,1,207,1,12,0,237,1,4277,52,4514,53,0,2,0,23,1,194,0,17,2
09-27-20,Sequatchie,243,6,241,6,2,0,274,6,4864,37,5138,43,-1,1,3,35,4,207,0,10,1
09-27-20,Sevier,2647,17,2569,16,78,1,2940,16,25320,178,28260,194,0,15,11,171,6,2461,3,98,19
09-27-20,Shelby,31438,132,31072,131,366,1,38985,186,370749,3069,409734,3255,1,459,33,1614,98,29365,7,2189,528
09-27-20,Smith,747,7,718,7,29,0,930,10,5575,62,6505,72,0,11,1,74,6,662,0,31,11
09-27-20,Stewart,220,4,203,3,17,1,250,3,2905,38,3155,41,0,2,3,80,1,138,0,6,4
09-27-20,Sullivan,2221,31,2089,29,132,2,2376,26,29890,252,32266,278,0,33,18,197,13,1991,7,180,32
09-27-20,Sumner,4934,28,4896,28,38,0,5871,30,44515,485,50386,515,0,98,9,268,19,4568,0,396,104
09-27-20,Tipton,1849,7,1713,5,136,2,2198,11,21089,221,23287,232,0,19,-1,150,8,1680,0,91,22
09-27-20,Trousdale,1667,8,1661,7,6,1,1747,8,5013,32,6760,40,0,7,7,23,1,1637,0,25,7
09-27-20,Unicoi,289,1,284,1,5,0,334,1,6014,42,6348,43,0,1,-2,22,3,266,0,13,1
09-27-20,Union,371,6,341,3,30,3,389,5,4649,44,5038,49,1,2,-1,59,6,310,1,13,2
09-27-20,Van Buren,166,0,151,0,15,0,183,0,1917,13,2100,13,0,0,-1,28,1,138,0,8,0
09-27-20,Warren,1092,14,1001,14,91,0,1224,15,13011,137,14235,152,0,7,6,88,8,997,0,16,8
09-27-20,Washington,2334,18,2278,18,56,0,2655,21,29701,269,32356,290,0,36,2,229,16,2069,0,109,37
09-27-20,Wayne,1503,1,1491,1,12,0,1638,2,5939,32,7577,34,0,5,0,36,1,1462,0,21,7
09-27-20,Weakley,1242,20,1154,19,88,1,1364,22,11010,141,12374,163,0,19,8,147,12,1076,0,33,20
09-27-20,White,845,8,774,8,71,0,1058,15,9660,184,10718,199,0,9,3,103,5,733,0,46,10
09-27-20,Williamson,5344,48,5264,43,80,5,6277,54,66429,691,72706,745,0,36,29,340,19,4968,0,126,39
09-27-20,Wilson,3533,29,3501,29,32,0,4193,34,37319,332,41512,366,0,45,15,258,14,3230,0,121,48
09-26-20,Anderson,1199,13,1162,13,37,0,1372,17,25043,306,26415,323,0,13,6,114,7,1072,0,44,13
09-26-20,Bedford,1355,24,1297,23,58,1,1617,29,12672,168,14289,197,0,17,15,83,9,1255,0,54,18
09-26-20,Benton,342,1,327,1,15,0,370,2,4298,64,4668,66,0,9,0,9,1,324,0,17,8
09-26-20,Bledsoe,860,6,855,6,5,0,902,6,7561,101,8463,107,0,4,3,17,3,839,0,19,4
09-26-20,Blount,2530,14,2476,13,54,1,2937,22,28053,400,30990,422,0,24,5,149,9,2357,1,114,28
09-26-20,Bradley,2974,26,2882,24,92,2,3504,31,25008,310,28512,341,0,17,11,143,15,2814,2,168,19
09-26-20,Campbell,455,7,424,7,31,0,497,9,10737,160,11234,169,0,4,4,44,3,407,0,23,4
09-26-20,Cannon,293,4,279,4,14,0,347,4,3939,77,4286,81,0,0,3,30,1,263,0,9,0
09-26-20,Carroll,886,13,760,12,126,1,953,17,9983,123,10936,140,0,20,1,98,12,768,0,48,19
09-26-20,Carter,1169,7,1117,7,52,0,1281,11,15170,298,16451,309,0,28,-5,75,12,1066,1,86,28
09-26-20,Cheatham,812,5,804,5,8,0,981,5,10683,147,11664,152,0,10,-2,35,7,767,0,29,10
09-26-20,Chester,642,16,523,10,119,6,712,19,5169,67,5881,86,0,10,8,85,8,547,1,22,12
09-26-20,Claiborne,441,0,403,0,38,0,494,0,10433,186,10927,186,0,5,-4,24,4,412,0,20,5
09-26-20,Clay,230,5,203,5,27,0,244,5,2764,31,3008,36,0,5,-2,69,7,156,1,7,5
09-26-20,Cocke,746,3,691,3,55,0,794,3,7631,73,8425,76,0,9,-1,23,4,714,0,40,10
09-26-20,Coffee,1244,26,1125,16,119,10,1485,35,18653,239,20138,274,0,13,15,234,11,997,1,40,15
09-26-20,Crockett,555,3,486,3,69,0,625,3,3651,53,4276,56,0,19,2,62,1,474,0,20,19
09-26-20,Cumberland,1209,10,1175,10,34,0,1472,11,22046,315,23518,326,0,18,6,106,4,1085,0,61,20
09-26-20,Davidson,27185,200,27019,200,166,0,34131,242,331139,6104,365270,6346,3,306,133,1003,64,25876,4,1101,316
09-26-20,Decatur,525,7,419,6,106,1,575,9,5730,46,6305,55,0,7,3,99,4,419,0,18,8
09-26-20,Dekalb,538,6,515,6,23,0,662,6,7939,52,8601,58,0,14,5,41,1,483,0,26,16
09-26-20,Dickson,1267,16,1142,12,125,4,1575,18,14038,195,15613,213,0,15,8,115,8,1137,0,58,18
09-26-20,Dyer,1395,23,1286,19,109,4,1499,25,10974,215,12473,240,0,14,4,173,19,1208,0,64,17
09-26-20,Fayette,1209,10,1170,10,39,0,1524,12,15405,270,16929,282,0,19,4,111,6,1079,0,83,22
09-26-20,Fentress,526,23,473,23,53,0,581,27,3885,69,4466,96,0,3,15,136,8,387,0,24,3
09-26-20,Franklin,993,14,959,14,34,0,1192,21,14982,228,16174,249,0,9,-4,138,18,846,1,48,9
09-26-20,Gibson,1704,56,1374,42,330,14,1873,60,14928,377,16801,437,1,23,40,273,15,1408,0,62,27
09-26-20,Giles,612,17,609,17,3,0,730,24,8688,192,9418,216,0,17,16,70,1,525,0,38,17
09-26-20,Grainger,374,5,344,4,30,1,423,5,5905,104,6328,109,0,3,4,46,1,325,0,20,3
09-26-20,Greene,1153,7,1090,7,63,0,1345,8,14925,209,16270,217,0,44,-1,93,8,1016,1,81,45
09-26-20,Grundy,311,15,286,11,25,4,358,18,2507,49,2865,67,0,5,8,104,7,202,0,29,7
09-26-20,Hamblen,1940,17,1798,13,142,4,2094,19,21265,385,23359,404,0,26,13,137,4,1777,2,109,33
09-26-20,Hamilton,9496,105,9223,101,273,4,10902,117,132674,1932,143576,2049,0,94,44,466,61,8936,5,401,98
09-26-20,Hancock,108,0,100,0,8,0,115,0,1916,39,2031,39,0,3,0,1,0,104,0,11,3
09-26-20,Hardeman,1601,8,1531,8,70,0,1842,9,13984,168,15826,177,0,26,5,99,3,1476,0,67,27
09-26-20,Hardin,1049,20,881,17,168,3,1166,18,12026,171,13192,189,0,16,13,128,7,905,0,29,16
09-26-20,Hawkins,817,11,792,10,25,1,927,14,9548,172,10475,186,0,18,11,86,0,713,0,60,22
09-26-20,Haywood,1005,19,950,15,55,4,1102,21,6442,92,7544,113,2,21,12,106,5,878,0,45,22
09-26-20,Henderson,1181,13,958,11,223,2,1440,14,8617,83,10057,97,0,24,4,108,9,1049,1,41,24
09-26-20,Henry,625,3,609,3,16,0,744,5,9509,73,10253,78,0,9,-2,47,5,569,0,39,9
09-26-20,Hickman,606,21,574,20,32,1,727,23,7231,113,7958,136,0,8,18,111,3,487,0,22,8
09-26-20,Houston,225,6,202,5,23,1,242,7,2116,31,2358,38,0,3,1,39,5,183,0,21,8
09-26-20,Humphreys,261,11,227,11,34,0,291,12,5401,102,5692,114,0,3,8,43,3,215,0,8,4
09-26-20,Jackson,326,3,288,3,38,0,367,4,2335,31,2702,35,0,5,1,33,2,288,0,17,5
09-26-20,Jefferson,1125,10,1004,9,121,1,1180,12,16288,219,17468,231,0,14,7,103,3,1008,0,57,14
09-26-20,Johnson,716,12,704,11,12,1,774,14,5690,84,6464,98,0,2,6,104,6,610,1,26,3
09-26-20,Knox,9766,125,9379,120,387,5,10553,134,127447,2096,138000,2230,4,79,10,823,111,8864,5,368,79
09-26-20,Lake,919,4,915,4,4,0,1125,4,6071,64,7196,68,0,2,4,55,0,862,0,8,2
09-26-20,Lauderdale,994,9,917,7,77,2,1089,10,10692,161,11781,171,0,16,4,85,5,893,1,45,16
09-26-20,Lawrence,1071,28,1057,28,14,0,1228,30,10286,134,11514,164,1,13,12,157,15,901,0,43,14
09-26-20,Lewis,204,3,203,3,1,0,224,5,4455,29,4679,34,0,1,1,38,2,165,1,13,1
09-26-20,Lincoln,626,4,615,4,11,0,750,6,7963,186,8713,192,0,1,0,62,4,563,0,19,1
09-26-20,Loudon,1180,19,1146,19,34,0,1302,20,12710,145,14012,165,0,6,13,120,6,1054,1,37,6
09-26-20,Macon,1065,10,1043,10,22,0,1297,11,7154,84,8451,95,1,21,5,66,4,978,1,81,22
09-26-20,Madison,2967,55,2275,26,692,29,3184,56,27002,413,30186,469,0,64,36,225,19,2678,2,187,74
09-26-20,Marion,542,5,535,5,7,0,648,7,5793,86,6441,93,0,8,0,55,5,479,0,40,8
09-26-20,Marshall,772,14,768,14,4,0,871,17,8943,172,9814,189,0,5,7,93,7,674,0,24,5
09-26-20,Maury,2384,47,2361,46,23,1,2737,50,25266,554,28003,604,1,24,25,263,21,2097,0,93,29
09-26-20,McMinn,1159,28,1145,28,14,0,1329,32,16361,384,17690,416,0,25,11,137,17,997,1,63,26
09-26-20,McNairy,896,17,733,14,163,3,1023,21,7111,139,8134,160,0,18,10,141,7,737,0,39,19
09-26-20,Meigs,226,1,222,1,4,0,259,1,3007,53,3266,54,0,3,0,12,1,211,0,11,3
09-26-20,Monroe,1047,14,1007,14,40,0,1175,20,10698,175,11873,195,0,18,8,81,6,948,1,70,20
09-26-20,Montgomery,3117,34,2981,31,136,3,3502,37,39726,584,43228,621,0,44,15,155,19,2918,1,124,47
09-26-20,Moore,180,4,166,4,14,0,207,4,2329,49,2536,53,0,1,3,36,1,143,0,5,1
09-26-20,Morgan,318,2,300,2,18,0,349,2,8095,108,8444,110,0,3,-2,27,4,288,0,9,4
09-26-20,Obion,1201,26,1166,25,35,1,1317,28,9667,189,10984,217,0,10,12,153,14,1038,1,50,14
09-26-20,Out of State,2199,33,2145,33,54,0,2493,40,271653,4653,274146,4693,1,27,13,180,19,1992,2,78,17
09-26-20,Overton,756,15,684,15,72,0,836,17,6980,117,7816,134,1,6,10,120,4,630,0,27,8
09-26-20,Pending,900,24,840,23,60,1,1032,28,174187,2650,175219,2678,1,5,15,129,8,766,0,13,1
09-26-20,Perry,153,3,134,1,19,2,167,3,3445,17,3612,20,0,0,2,18,1,135,0,7,0
09-26-20,Pickett,119,5,96,5,23,0,127,5,970,15,1097,20,0,2,3,28,2,89,0,5,2
09-26-20,Polk,406,8,397,8,9,0,464,10,3692,54,4156,64,0,10,8,27,0,369,0,19,12
09-26-20,Putnam,3319,38,3084,38,235,0,3986,44,29174,415,33160,459,0,40,6,465,32,2814,1,119,46
09-26-20,Rhea,848,17,843,16,5,1,1011,22,10409,162,11420,184,0,12,16,99,1,737,0,30,15
09-26-20,Roane,901,7,863,6,38,1,1051,11,17064,153,18115,164,0,4,-1,116,8,781,0,34,6
09-26-20,Robertson,2235,12,2208,12,27,0,2703,17,16972,356,19675,373,0,35,3,93,9,2107,0,164,36
09-26-20,Rutherford,9420,85,9340,84,80,1,11488,95,82056,1215,93544,1310,0,89,23,496,62,8835,0,273,96
09-26-20,Scott,218,3,206,2,12,1,236,4,4225,81,4461,85,0,2,-2,23,5,193,0,17,2
09-26-20,Sequatchie,237,6,235,6,2,0,268,6,4827,46,5095,52,0,2,5,32,1,203,0,10,1
09-26-20,Sevier,2630,7,2553,7,77,0,2924,15,25142,242,28066,257,0,15,-2,160,9,2455,0,95,18
09-26-20,Shelby,31306,258,30941,248,365,10,38799,321,367680,5234,406479,5555,3,458,159,1581,96,29267,9,2182,523
09-26-20,Smith,740,11,711,11,29,0,920,11,5513,69,6433,80,0,11,5,73,6,656,0,31,11
09-26-20,Stewart,216,11,200,11,16,0,247,11,2867,79,3114,90,0,2,6,77,5,137,0,6,4
09-26-20,Sullivan,2190,30,2060,30,130,0,2350,35,29638,733,31988,768,0,33,22,179,8,1978,0,173,32
09-26-20,Sumner,4906,52,4868,51,38,1,5841,60,44030,1248,49871,1308,1,98,30,259,21,4549,1,396,104
09-26-20,Tipton,1842,18,1708,16,134,2,2187,20,20868,294,23055,314,0,19,10,151,8,1672,0,91,22
09-26-20,Trousdale,1659,5,1654,5,5,0,1739,5,4981,73,6720,78,0,7,3,16,2,1636,0,25,7
09-26-20,Unicoi,288,2,283,2,5,0,333,2,5972,61,6305,63,0,1,0,24,2,263,0,13,1
09-26-20,Union,365,10,338,10,27,0,384,11,4605,107,4989,118,0,1,3,60,7,304,1,12,2
09-26-20,Van Buren,166,1,151,1,15,0,183,1,1904,18,2087,19,0,0,-1,29,2,137,0,8,0
09-26-20,Warren,1078,13,987,12,91,1,1209,15,12874,112,14083,127,0,7,10,82,3,989,0,16,8
09-26-20,Washington,2316,27,2260,26,56,1,2634,35,29432,645,32066,680,1,36,2,227,24,2053,0,109,36
09-26-20,Wayne,1502,4,1490,4,12,0,1636,7,5907,41,7543,48,0,5,3,36,1,1461,0,21,7
09-26-20,Weakley,1222,12,1135,10,87,2,1342,13,10869,249,12211,262,0,19,1,139,11,1064,0,33,20
09-26-20,White,837,9,766,8,71,1,1043,13,9476,177,10519,190,0,9,2,100,7,728,3,46,10
09-26-20,Williamson,5296,67,5221,67,75,0,6223,72,65738,1263,71961,1335,0,36,44,311,23,4949,5,126,39
09-26-20,Wilson,3504,39,3472,37,32,2,4159,45,36987,424,41146,469,1,45,19,243,19,3216,1,121,47
09-25-20,Anderson,1186,14,1149,13,37,1,1355,13,24737,238,26092,251,1,13,-2,108,15,1065,0,44,13
09-25-20,Bedford,1331,13,1274,13,57,0,1588,16,12504,178,14092,194,0,17,5,68,8,1246,1,54,18
09-25-20,Benton,341,2,326,2,15,0,368,2,4234,63,4602,65,0,9,-4,9,6,323,0,17,8
09-25-20,Bledsoe,854,3,849,3,5,0,896,2,7460,39,8356,41,0,4,0,14,3,836,0,19,4
09-25-20,Blount,2516,20,2463,20,53,0,2915,23,27653,291,30568,314,1,24,9,144,10,2348,0,113,28
09-25-20,Bradley,2948,11,2858,11,90,0,3473,12,24698,87,28171,99,0,17,-5,132,16,2799,0,166,19
09-25-20,Campbell,448,10,417,9,31,1,488,10,10577,108,11065,118,0,4,4,40,6,404,0,23,4
09-25-20,Cannon,289,1,275,1,14,0,343,1,3862,18,4205,19,0,0,-3,27,4,262,0,9,0
09-25-20,Carroll,873,11,748,9,125,2,936,12,9860,138,10796,150,1,20,0,97,10,756,0,48,19
09-25-20,Carter,1162,9,1110,9,52,0,1270,11,14872,91,16142,102,0,28,-2,80,11,1054,1,85,28
09-25-20,Cheatham,807,1,799,1,8,0,976,1,10536,201,11512,202,0,10,-8,37,9,760,0,29,10
09-25-20,Chester,626,8,513,7,113,1,693,8,5102,117,5795,125,0,10,-3,77,11,539,1,21,12
09-25-20,Claiborne,441,2,403,0,38,2,494,3,10247,107,10741,110,0,5,1,28,1,408,0,20,5
09-25-20,Clay,225,3,198,3,27,0,239,3,2733,15,2972,18,0,5,0,71,3,149,0,6,5
09-25-20,Cocke,743,2,688,1,55,1,791,2,7558,50,8349,52,0,9,1,24,1,710,0,40,10
09-25-20,Coffee,1218,15,1109,14,109,1,1450,25,18414,237,19864,262,0,13,-12,219,27,986,1,39,15
09-25-20,Crockett,552,3,483,3,69,0,622,5,3598,41,4220,46,0,19,1,60,2,473,0,20,19
09-25-20,Cumberland,1199,6,1165,6,34,0,1461,6,21731,219,23192,225,0,18,-6,100,12,1081,1,61,20
09-25-20,Davidson,26985,86,26819,84,166,2,33889,106,325035,3460,358924,3566,5,303,-8,870,89,25812,2,1097,314
09-25-20,Decatur,518,3,413,3,105,0,566,7,5684,173,6250,180,0,7,-4,96,7,415,0,18,8
09-25-20,Dekalb,532,5,509,4,23,1,656,6,7887,40,8543,46,1,14,3,36,1,482,0,26,16
09-25-20,Dickson,1251,9,1130,8,121,1,1557,11,13843,105,15400,116,0,15,-1,107,10,1129,0,58,18
09-25-20,Dyer,1372,24,1267,19,105,5,1474,26,10759,174,12233,200,1,14,-2,169,25,1189,0,64,16
09-25-20,Fayette,1199,3,1160,3,39,0,1512,6,15135,75,16647,81,1,19,-8,107,10,1073,0,83,21
09-25-20,Fentress,503,20,450,20,53,0,554,21,3816,42,4370,63,0,3,9,121,11,379,0,24,3
09-25-20,Franklin,979,8,945,7,34,1,1171,14,14754,141,15925,155,1,9,-10,142,17,828,0,47,9
09-25-20,Gibson,1648,17,1332,16,316,1,1813,21,14551,130,16364,151,0,22,-3,233,20,1393,1,62,27
09-25-20,Giles,595,5,592,5,3,0,706,4,8496,52,9202,56,0,17,-1,54,6,524,0,38,17
09-25-20,Grainger,369,1,340,1,29,0,418,4,5801,91,6219,95,0,3,0,42,1,324,0,20,3
09-25-20,Greene,1146,10,1083,10,63,0,1337,13,14716,265,16053,278,1,44,3,94,6,1008,1,80,45
09-25-20,Grundy,296,4,275,4,21,0,340,4,2458,35,2798,39,0,5,-2,96,6,195,0,29,7
09-25-20,Hamblen,1923,12,1785,8,138,4,2075,15,20880,398,22955,413,1,26,6,124,5,1773,2,107,32
09-25-20,Hamilton,9391,67,9122,59,269,8,10785,69,130742,1214,141527,1283,3,94,-12,422,76,8875,3,396,97
09-25-20,Hancock,108,0,100,0,8,0,115,0,1877,10,1992,10,0,3,0,1,0,104,0,11,3
09-25-20,Hardeman,1593,13,1523,12,70,1,1833,14,13816,92,15649,106,0,26,4,94,9,1473,0,67,27
09-25-20,Hardin,1029,13,864,11,165,2,1148,20,11855,163,13003,183,0,16,5,115,8,898,0,29,16
09-25-20,Hawkins,806,14,782,11,24,3,913,9,9376,121,10289,130,2,18,8,75,4,713,0,60,20
09-25-20,Haywood,986,8,935,8,51,0,1081,9,6350,181,7431,190,1,19,4,94,3,873,0,45,22
09-25-20,Henderson,1168,7,947,6,221,1,1426,6,8534,176,9960,182,2,24,-9,104,14,1040,1,40,23
09-25-20,Henry,622,9,606,9,16,0,739,8,9436,92,10175,100,0,9,2,49,7,564,1,39,9
09-25-20,Hickman,585,4,554,4,31,0,704,5,7118,79,7822,84,3,8,-4,93,5,484,0,22,8
09-25-20,Houston,219,4,197,4,22,0,235,5,2085,39,2320,44,0,3,-14,38,18,178,0,21,8
09-25-20,Humphreys,250,4,216,4,34,0,279,4,5299,78,5578,82,0,3,-5,35,9,212,1,8,4
09-25-20,Jackson,323,5,285,4,38,1,363,5,2304,10,2667,15,0,5,1,32,4,286,0,17,5
09-25-20,Jefferson,1115,6,995,6,120,0,1168,16,16069,247,17237,263,0,14,-4,96,10,1005,0,57,14
09-25-20,Johnson,704,23,693,23,11,0,760,25,5606,73,6366,98,0,2,9,98,14,604,1,25,2
09-25-20,Knox,9641,100,9259,99,382,1,10419,102,125351,1472,135770,1574,0,75,-1,813,101,8753,1,363,79
09-25-20,Lake,915,3,911,3,4,0,1121,4,6007,39,7128,43,0,2,2,51,1,862,0,8,2
09-25-20,Lauderdale,985,8,910,6,75,2,1079,13,10531,77,11610,90,1,16,-2,81,9,888,0,44,16
09-25-20,Lawrence,1043,13,1029,13,14,0,1198,14,10152,73,11350,87,1,12,3,145,9,886,0,43,14
09-25-20,Lewis,201,7,200,7,1,0,219,7,4426,92,4645,99,0,1,6,37,1,163,0,12,1
09-25-20,Lincoln,622,9,611,9,11,0,744,10,7777,110,8521,120,0,1,1,62,8,559,0,19,1
09-25-20,Loudon,1161,12,1127,12,34,0,1282,13,12565,102,13847,115,0,6,5,107,7,1048,0,36,6
09-25-20,Macon,1055,9,1033,4,22,5,1286,9,7070,50,8356,59,0,20,4,61,5,974,0,80,22
09-25-20,Madison,2912,33,2249,17,663,16,3128,31,26589,451,29717,482,3,64,-21,189,51,2659,0,185,73
09-25-20,Marion,537,3,530,3,7,0,641,4,5707,45,6348,49,1,8,-9,55,11,474,0,40,8
09-25-20,Marshall,758,7,754,7,4,0,854,6,8771,54,9625,60,0,5,-5,86,12,667,0,24,5
09-25-20,Maury,2337,11,2315,11,22,0,2687,9,24712,292,27399,301,0,23,-4,238,15,2076,0,93,28
09-25-20,McMinn,1131,7,1117,7,14,0,1297,11,15977,109,17274,120,0,25,-5,126,12,980,1,62,26
09-25-20,McNairy,879,14,719,11,160,3,1002,18,6972,174,7974,192,0,18,0,131,14,730,1,39,19
09-25-20,Meigs,225,0,221,0,4,0,258,0,2954,36,3212,36,0,3,-3,12,3,210,0,11,3
09-25-20,Monroe,1033,7,993,7,40,0,1155,6,10523,138,11678,144,1,18,-1,73,7,942,0,69,20
09-25-20,Montgomery,3083,23,2950,20,133,3,3465,23,39142,316,42607,339,0,44,1,140,22,2899,0,123,47
09-25-20,Moore,176,5,162,5,14,0,203,7,2280,72,2483,79,0,1,3,33,2,142,0,5,1
09-25-20,Morgan,316,2,298,2,18,0,347,2,7987,84,8334,86,0,3,1,29,1,284,0,9,4
09-25-20,Obion,1175,18,1141,18,34,0,1289,19,9478,96,10767,115,1,10,-1,141,18,1024,2,49,13
09-25-20,Out of State,2166,15,2112,14,54,1,2453,19,267000,2093,269453,2112,3,26,-7,167,19,1973,0,76,16
09-25-20,Overton,741,8,669,8,72,0,819,10,6863,110,7682,120,0,5,-2,110,10,626,1,27,7
09-25-20,Pending,876,18,817,14,59,4,1004,18,171537,1319,172541,1337,-1,4,10,114,9,758,1,13,1
09-25-20,Perry,150,0,133,0,17,0,164,0,3428,27,3592,27,0,0,0,16,0,134,0,7,0
09-25-20,Pickett,114,2,91,2,23,0,122,2,955,14,1077,16,0,2,1,25,1,87,0,5,2
09-25-20,Polk,398,5,389,5,9,0,454,4,3638,18,4092,22,0,10,5,19,0,369,0,19,12
09-25-20,Putnam,3281,40,3046,36,235,4,3942,46,28759,261,32701,307,1,40,-15,459,54,2782,0,118,45
09-25-20,Rhea,831,12,827,12,4,0,989,10,10247,70,11236,80,0,12,8,83,4,736,1,30,15
09-25-20,Roane,894,14,857,14,37,0,1040,15,16911,145,17951,160,0,4,-2,117,16,773,0,34,5
09-25-20,Robertson,2223,11,2196,11,27,0,2686,8,16616,177,19302,185,0,35,5,90,6,2098,1,164,36
09-25-20,Rutherford,9335,54,9256,52,79,2,11393,62,80841,881,92234,943,1,89,1,473,52,8773,5,273,93
09-25-20,Scott,215,4,204,4,11,0,232,4,4144,45,4376,49,0,2,0,25,4,188,0,17,2
09-25-20,Sequatchie,231,3,229,3,2,0,262,3,4781,37,5043,40,-1,2,-2,27,6,202,0,10,1
09-25-20,Sevier,2623,35,2546,34,77,1,2909,30,24900,150,27809,180,0,15,19,162,16,2446,3,95,18
09-25-20,Shelby,31048,121,30693,115,355,6,38478,150,362446,2674,400924,2824,3,455,-58,1422,176,29171,7,2173,522
09-25-20,Smith,729,8,700,8,29,0,909,10,5444,45,6353,55,1,11,-2,68,9,650,0,31,11
09-25-20,Stewart,205,7,189,7,16,0,236,8,2788,24,3024,32,0,2,4,71,3,132,0,6,4
09-25-20,Sullivan,2160,10,2030,9,130,1,2315,15,28905,267,31220,282,0,33,-5,157,15,1970,2,173,32
09-25-20,Sumner,4854,26,4817,25,37,1,5781,28,42782,361,48563,389,1,97,-3,229,28,4528,0,395,104
09-25-20,Tipton,1824,20,1692,17,132,3,2167,21,20574,217,22741,238,1,19,11,141,8,1664,1,91,22
09-25-20,Trousdale,1654,3,1649,3,5,0,1734,3,4908,30,6642,33,0,7,2,13,1,1634,0,25,7
09-25-20,Unicoi,286,3,281,3,5,0,331,4,5911,47,6242,51,0,1,1,24,2,261,0,13,1
09-25-20,Union,355,6,328,6,27,0,373,6,4498,156,4871,162,0,1,-6,57,12,297,0,11,1
09-25-20,Van Buren,165,2,150,2,15,0,182,2,1886,7,2068,9,0,0,2,30,0,135,1,8,0
09-25-20,Warren,1065,11,975,9,90,2,1194,12,12762,119,13956,131,0,7,4,72,7,986,0,16,8
09-25-20,Washington,2289,23,2234,23,55,0,2599,24,28787,236,31386,260,0,35,-1,225,24,2029,1,109,36
09-25-20,Wayne,1498,1,1486,1,12,0,1629,1,5866,41,7495,42,0,5,-3,33,4,1460,0,21,7
09-25-20,Weakley,1210,17,1125,15,85,2,1329,16,10620,177,11949,193,0,19,7,138,10,1053,0,33,20
09-25-20,White,828,9,758,8,70,1,1030,12,9299,167,10329,179,0,9,-8,98,17,721,1,43,10
09-25-20,Williamson,5229,27,5154,26,75,1,6151,31,64475,558,70626,589,0,36,-7,267,34,4926,0,121,38
09-25-20,Wilson,3465,21,3435,21,30,0,4114,28,36563,288,40677,316,0,44,6,224,15,3197,0,120,47
09-24-20,Anderson,1172,13,1136,13,36,0,1342,14,24499,332,25841,346,1,12,0,110,12,1050,0,44,13
09-24-20,Bedford,1318,4,1261,3,57,1,1572,6,12326,69,13898,75,0,17,-3,63,7,1238,0,53,18
09-24-20,Benton,339,0,324,0,15,0,366,0,4171,65,4537,65,0,9,-4,13,4,317,0,17,8
09-24-20,Bledsoe,851,2,846,2,5,0,894,2,7421,33,8315,35,0,4,-2,14,4,833,0,19,4
09-24-20,Blount,2496,17,2443,17,53,0,2892,13,27362,333,30254,346,0,23,-3,135,20,2338,0,113,28
09-24-20,Bradley,2937,17,2847,16,90,1,3461,13,24611,169,28072,182,0,17,-3,137,20,2783,2,166,19
09-24-20,Campbell,438,4,408,4,30,0,478,2,10469,79,10947,81,1,4,-3,36,6,398,0,23,4
09-24-20,Cannon,288,1,274,1,14,0,342,2,3844,68,4186,70,0,0,-5,30,6,258,0,9,0
09-24-20,Carroll,862,14,739,14,123,0,924,15,9722,159,10646,174,1,19,5,97,8,746,0,48,19
09-24-20,Carter,1153,7,1101,7,52,0,1259,6,14781,86,16040,92,0,28,0,82,7,1043,0,84,28
09-24-20,Cheatham,806,3,798,3,8,0,975,3,10335,87,11310,90,0,10,3,45,0,751,0,29,10
09-24-20,Chester,618,11,506,9,112,2,685,11,4985,32,5670,43,0,10,-5,80,16,528,0,20,12
09-24-20,Claiborne,439,0,403,0,36,0,491,0,10140,86,10631,86,1,5,-5,27,4,407,0,20,5
09-24-20,Clay,222,5,195,4,27,1,236,6,2718,60,2954,66,0,5,0,71,5,146,0,6,5
09-24-20,Cocke,741,1,687,1,54,0,789,1,7508,34,8297,35,0,9,-5,23,6,709,0,40,10
09-24-20,Coffee,1203,40,1095,37,108,3,1425,40,18177,500,19602,540,1,13,11,231,28,959,2,38,15
09-24-20,Crockett,549,5,480,3,69,2,617,4,3557,46,4174,50,0,19,1,59,4,471,0,20,19
09-24-20,Cumberland,1193,15,1159,12,34,3,1455,19,21512,238,22967,257,0,18,0,106,15,1069,1,60,20
09-24-20,Davidson,26899,78,26735,74,164,4,33783,89,321575,3236,355358,3325,1,298,-7,878,84,25723,1,1095,310
09-24-20,Decatur,515,14,410,13,105,1,559,12,5511,100,6070,112,1,7,5,100,8,408,2,18,8
09-24-20,Dekalb,527,7,505,5,22,2,650,7,7847,133,8497,140,0,13,5,33,2,481,0,26,16
09-24-20,Dickson,1242,7,1122,6,120,1,1546,6,13738,116,15284,122,1,15,-2,108,8,1119,1,58,18
09-24-20,Dyer,1348,17,1248,13,100,4,1448,17,10585,197,12033,214,0,13,5,171,12,1164,1,64,16
09-24-20,Fayette,1196,12,1157,12,39,0,1506,13,15060,117,16566,130,0,18,0,115,12,1063,0,83,21
09-24-20,Fentress,483,17,430,16,53,1,533,17,3774,66,4307,83,0,3,5,112,12,368,1,24,3
09-24-20,Franklin,971,11,938,9,33,2,1157,14,14613,162,15770,176,0,8,-16,152,27,811,1,47,9
09-24-20,Gibson,1631,26,1316,21,315,5,1792,30,14421,347,16213,377,2,22,0,236,24,1373,2,61,27
09-24-20,Giles,590,9,587,9,3,0,702,7,8444,74,9146,81,0,17,-3,55,12,518,0,38,17
09-24-20,Grainger,368,6,339,6,29,0,414,5,5710,67,6124,72,0,3,0,42,6,323,0,20,3
09-24-20,Greene,1136,10,1073,10,63,0,1324,9,14451,165,15775,174,4,43,-3,91,9,1002,0,79,45
09-24-20,Grundy,292,15,271,14,21,1,336,18,2423,43,2759,61,0,5,11,98,4,189,0,29,6
09-24-20,Hamblen,1911,10,1777,10,134,0,2060,11,20482,182,22542,193,0,25,0,118,10,1768,0,105,30
09-24-20,Hamilton,9324,55,9063,49,261,6,10716,64,129528,1299,140244,1363,-1,91,-19,434,75,8799,3,393,97
09-24-20,Hancock,108,0,100,0,8,0,115,0,1867,23,1982,23,0,3,-1,1,1,104,0,11,3
09-24-20,Hardeman,1580,4,1511,4,69,0,1819,3,13724,35,15543,38,1,26,-6,90,9,1464,1,67,27
09-24-20,Hardin,1016,12,853,5,163,7,1128,15,11692,59,12820,74,1,16,0,110,11,890,0,29,16
09-24-20,Hawkins,792,9,771,8,21,1,904,8,9255,111,10159,119,0,16,5,67,4,709,2,60,20
09-24-20,Haywood,978,9,927,8,51,1,1072,12,6169,67,7241,79,2,18,-5,90,12,870,0,45,20
09-24-20,Henderson,1161,13,941,7,220,6,1420,9,8358,73,9778,82,1,22,3,113,9,1026,0,39,23
09-24-20,Henry,613,2,597,2,16,0,731,2,9344,94,10075,96,0,9,-3,47,5,557,0,38,9
09-24-20,Hickman,581,9,550,9,31,0,699,9,7039,87,7738,96,0,5,2,97,7,479,0,22,8
09-24-20,Houston,215,7,193,7,22,0,230,7,2046,23,2276,30,2,3,-6,52,11,160,2,21,8
09-24-20,Humphreys,246,0,212,0,34,0,275,0,5221,31,5496,31,0,3,-2,40,2,203,0,7,4
09-24-20,Jackson,318,2,281,1,37,1,358,7,2294,28,2652,35,0,5,0,31,2,282,0,17,5
09-24-20,Jefferson,1109,20,989,18,120,2,1152,17,15822,92,16974,109,0,14,9,100,11,995,0,57,14
09-24-20,Johnson,681,8,670,8,11,0,735,5,5533,39,6268,44,0,2,4,89,4,590,1,24,2
09-24-20,Knox,9541,89,9160,86,381,3,10317,102,123879,1747,134196,1849,0,75,-47,814,136,8652,3,362,76
09-24-20,Lake,912,1,908,1,4,0,1117,1,5968,16,7085,17,0,2,-4,49,5,861,0,8,2
09-24-20,Lauderdale,977,20,904,11,73,9,1066,21,10454,167,11520,188,0,15,12,83,8,879,0,44,16
09-24-20,Lawrence,1030,13,1016,13,14,0,1184,13,10079,77,11263,90,0,11,0,142,13,877,0,43,14
09-24-20,Lewis,194,7,193,7,1,0,212,7,4334,38,4546,45,0,1,5,31,2,162,1,12,1
09-24-20,Lincoln,613,9,602,8,11,1,734,9,7667,46,8401,55,0,1,-5,61,14,551,0,19,1
09-24-20,Loudon,1149,17,1115,17,34,0,1269,15,12463,276,13732,291,0,6,6,102,11,1041,0,36,6
09-24-20,Macon,1046,8,1029,6,17,2,1277,8,7020,87,8297,95,0,20,5,57,3,969,2,80,22
09-24-20,Madison,2879,36,2232,14,647,22,3097,37,26138,420,29235,457,1,61,9,210,26,2608,3,185,73
09-24-20,Marion,534,7,527,7,7,0,637,6,5662,53,6299,59,0,7,-4,64,11,463,2,40,8
09-24-20,Marshall,751,10,747,10,4,0,848,10,8717,64,9565,74,0,5,-2,91,12,655,0,24,5
09-24-20,Maury,2326,23,2304,23,22,0,2678,24,24420,361,27098,385,0,23,3,242,20,2061,0,93,26
09-24-20,McMinn,1124,15,1110,15,14,0,1286,13,15868,138,17154,151,1,25,-2,131,16,968,2,61,26
09-24-20,McNairy,865,29,708,22,157,7,984,34,6798,144,7782,178,0,18,17,131,12,716,1,38,19
09-24-20,Meigs,225,2,221,2,4,0,258,2,2918,25,3176,27,0,3,-4,15,6,207,0,11,3
09-24-20,Monroe,1026,12,986,12,40,0,1149,13,10385,167,11534,180,0,17,7,74,5,935,2,69,20
09-24-20,Montgomery,3060,19,2930,16,130,3,3442,20,38826,350,42268,370,1,44,-17,139,35,2877,0,123,47
09-24-20,Moore,171,4,157,3,14,1,196,3,2208,47,2404,50,0,1,-3,30,7,140,1,5,1
09-24-20,Morgan,314,3,296,3,18,0,345,3,7903,29,8248,32,0,3,0,28,3,283,0,9,4
09-24-20,Obion,1157,9,1123,6,34,3,1270,11,9382,139,10652,150,0,9,-3,142,12,1006,0,47,13
09-24-20,Out of State,2151,12,2098,12,53,0,2434,12,264907,2457,267341,2469,0,23,-3,174,15,1954,1,76,16
09-24-20,Overton,733,20,661,18,72,2,809,19,6753,72,7562,91,0,5,-5,112,25,616,1,26,6
09-24-20,Pending,858,15,803,13,55,2,986,16,170218,1642,171204,1658,-1,5,3,104,13,749,0,12,1
09-24-20,Perry,150,1,133,1,17,0,164,1,3401,18,3565,19,0,0,-1,16,2,134,0,7,0
09-24-20,Pickett,112,6,89,6,23,0,120,6,941,6,1061,12,0,2,6,24,0,86,0,5,2
09-24-20,Polk,393,5,384,5,9,0,450,3,3620,26,4070,29,0,10,5,14,0,369,0,19,12
09-24-20,Putnam,3241,44,3010,27,231,17,3896,51,28498,386,32394,437,1,39,0,474,43,2728,1,118,45
09-24-20,Rhea,819,17,815,17,4,0,979,19,10177,62,11156,81,1,12,10,75,6,732,0,29,15
09-24-20,Roane,880,7,843,7,37,0,1025,11,16766,132,17791,143,1,4,0,119,6,757,0,34,4
09-24-20,Robertson,2212,6,2185,6,27,0,2678,6,16439,108,19117,114,0,35,-12,85,18,2092,1,163,36
09-24-20,Rutherford,9281,65,9204,61,77,4,11331,69,79960,951,91291,1020,0,88,-3,472,68,8721,2,268,93
09-24-20,Scott,211,3,200,3,11,0,228,4,4099,33,4327,37,0,2,2,25,1,184,0,17,2
09-24-20,Sequatchie,228,2,226,2,2,0,259,2,4744,43,5003,45,1,3,1,29,0,196,0,10,1
09-24-20,Sevier,2588,27,2512,27,76,0,2879,26,24750,202,27629,228,0,15,8,143,19,2430,0,92,18
09-24-20,Shelby,30927,62,30578,58,349,4,38328,101,359772,2660,398100,2761,3,452,-70,1480,129,28995,1,2166,519
09-24-20,Smith,721,11,692,8,29,3,899,13,5399,102,6298,115,0,10,2,70,9,641,0,31,11
09-24-20,Stewart,198,12,182,11,16,1,228,12,2764,43,2992,55,0,2,7,67,5,129,0,6,3
09-24-20,Sullivan,2150,30,2021,25,129,5,2300,25,28638,329,30938,354,1,33,11,162,18,1955,1,171,32
09-24-20,Sumner,4828,24,4792,24,36,0,5753,26,42421,413,48174,439,3,96,-3,232,24,4500,1,395,103
09-24-20,Tipton,1804,22,1675,14,129,8,2146,26,20357,300,22503,326,1,18,0,130,21,1656,0,90,22
09-24-20,Trousdale,1651,1,1646,1,5,0,1731,1,4878,36,6609,37,0,7,1,11,0,1633,0,25,7
09-24-20,Unicoi,283,0,278,0,5,0,327,1,5864,49,6191,50,0,1,-2,23,2,259,0,13,1
09-24-20,Union,349,3,322,3,27,0,367,3,4342,35,4709,38,0,1,-4,63,7,285,0,11,1
09-24-20,Van Buren,163,3,148,3,15,0,180,3,1879,48,2059,51,0,0,2,28,1,135,0,7,0
09-24-20,Warren,1054,15,966,14,88,1,1182,15,12643,206,13825,221,0,7,4,68,11,979,0,16,8
09-24-20,Washington,2266,29,2211,29,55,0,2575,27,28551,319,31126,346,1,35,5,226,23,2005,1,108,36
09-24-20,Wayne,1497,5,1485,5,12,0,1628,5,5825,29,7453,34,-1,5,2,36,4,1456,1,21,7
09-24-20,Weakley,1193,8,1110,7,83,1,1313,13,10443,168,11756,181,0,19,1,131,7,1043,0,33,20
09-24-20,White,819,13,750,7,69,6,1018,15,9132,195,10150,210,0,9,-1,106,14,704,0,42,10
09-24-20,Williamson,5202,28,5128,24,74,4,6120,32,63917,385,70037,417,0,36,-10,274,38,4892,0,121,37
09-24-20,Wilson,3444,23,3414,21,30,2,4086,27,36275,297,40361,324,1,44,4,218,18,3182,0,120,46
09-23-20,Anderson,1159,0,1123,0,36,0,1328,0,24167,37,25495,37,0,11,-13,110,13,1038,0,44,13
09-23-20,Bedford,1314,3,1258,3,56,0,1566,3,12257,35,13823,38,0,17,-5,66,8,1231,0,53,18
09-23-20,Benton,339,0,324,0,15,0,366,0,4106,15,4472,15,0,9,-3,17,3,313,0,17,8
09-23-20,Bledsoe,849,3,844,3,5,0,892,3,7388,16,8280,19,0,4,-2,16,5,829,0,19,4
09-23-20,Blount,2479,8,2426,8,53,0,2879,7,27029,57,29908,64,0,23,-9,138,17,2318,0,113,27
09-23-20,Bradley,2920,13,2831,12,89,1,3448,13,24442,121,27890,134,0,17,-4,140,17,2763,0,164,19
09-23-20,Campbell,434,5,404,5,30,0,476,6,10390,37,10866,43,0,3,1,39,4,392,2,23,4
09-23-20,Cannon,287,0,273,0,14,0,340,0,3776,52,4116,52,0,0,-1,35,1,252,0,9,0
09-23-20,Carroll,848,9,725,7,123,2,909,8,9563,37,10472,45,0,18,-4,92,13,738,0,48,19
09-23-20,Carter,1146,7,1094,7,52,0,1253,9,14695,76,15948,85,0,28,-6,82,13,1036,0,84,28
09-23-20,Cheatham,803,3,795,3,8,0,972,3,10248,19,11220,22,0,10,-2,42,5,751,0,29,10
09-23-20,Chester,607,5,497,4,110,1,674,5,4953,15,5627,20,1,10,-5,85,9,512,0,20,12
09-23-20,Claiborne,439,2,403,2,36,0,491,1,10054,19,10545,20,0,4,-1,32,3,403,0,20,5
09-23-20,Clay,217,2,191,2,26,0,230,2,2658,37,2888,39,0,5,-1,71,3,141,0,6,5
09-23-20,Cocke,740,3,686,2,54,1,788,2,7474,17,8262,19,0,9,-3,28,6,703,0,40,10
09-23-20,Coffee,1163,11,1058,10,105,1,1385,12,17677,56,19062,68,0,12,-12,220,23,931,0,36,14
09-23-20,Crockett,544,2,477,0,67,2,613,2,3511,11,4124,13,0,19,-7,58,9,467,0,20,19
09-23-20,Cumberland,1178,5,1147,2,31,3,1436,5,21274,22,22710,27,0,18,-13,106,18,1054,1,59,20
09-23-20,Davidson,26821,57,26661,55,160,2,33694,71,318339,1321,352033,1392,3,297,-52,885,106,25639,1,1094,309
09-23-20,Decatur,501,6,397,5,104,1,547,7,5411,10,5958,17,0,6,-5,95,11,400,0,16,8
09-23-20,Dekalb,520,3,500,2,20,1,643,3,7714,25,8357,28,0,13,1,28,2,479,1,26,16
09-23-20,Dickson,1235,6,1116,6,119,0,1540,5,13622,55,15162,60,0,14,-6,110,12,1111,0,57,18
09-23-20,Dyer,1331,11,1235,10,96,1,1431,11,10388,65,11819,76,1,13,-12,166,22,1152,0,63,15
09-23-20,Fayette,1184,3,1145,2,39,1,1493,4,14943,42,16436,46,0,18,-19,115,22,1051,1,83,21
09-23-20,Fentress,466,4,414,3,52,1,516,4,3708,7,4224,11,0,3,-3,107,7,356,0,23,3
09-23-20,Franklin,960,6,929,6,31,0,1143,5,14451,16,15594,21,1,8,-26,168,31,784,1,46,9
09-23-20,Gibson,1605,24,1295,22,310,2,1762,24,14074,80,15836,104,0,20,1,236,23,1349,0,59,26
09-23-20,Giles,581,3,578,3,3,0,695,4,8370,42,9065,46,0,17,-3,58,6,506,0,38,17
09-23-20,Grainger,362,4,333,3,29,1,409,4,5643,15,6052,19,0,3,-3,42,7,317,0,20,3
09-23-20,Greene,1126,14,1063,14,63,0,1315,16,14286,63,15601,79,2,39,-3,94,15,993,1,79,45
09-23-20,Grundy,277,9,257,9,20,0,318,12,2380,22,2698,34,0,5,7,87,2,185,0,29,6
09-23-20,Hamblen,1901,17,1767,1,134,16,2049,12,20300,27,22349,39,0,25,3,118,14,1758,1,105,29
09-23-20,Hamilton,9269,33,9014,29,255,4,10652,30,128229,161,138881,191,3,92,-32,453,62,8724,0,390,97
09-23-20,Hancock,108,0,100,0,8,0,115,0,1844,7,1959,7,0,3,0,2,0,103,0,11,3
09-23-20,Hardeman,1576,2,1507,1,69,1,1816,2,13689,26,15505,28,0,25,-7,96,9,1455,0,66,27
09-23-20,Hardin,1004,6,848,6,156,0,1113,6,11633,130,12746,136,1,15,-5,110,10,879,1,29,16
09-23-20,Hawkins,783,6,763,6,20,0,896,5,9144,23,10040,28,0,16,4,62,2,705,1,58,20
09-23-20,Haywood,969,16,919,15,50,1,1060,15,6102,26,7162,41,0,16,10,95,6,858,0,45,20
09-23-20,Henderson,1148,4,934,2,214,2,1411,7,8285,22,9696,29,1,21,-6,110,9,1017,0,39,22
09-23-20,Henry,611,2,595,2,16,0,729,3,9250,23,9979,26,0,9,-6,50,8,552,0,38,9
09-23-20,Hickman,572,5,541,5,31,0,690,5,6952,24,7642,29,0,5,-3,95,8,472,1,22,7
09-23-20,Houston,208,9,186,3,22,6,223,8,2023,3,2246,11,0,1,5,58,4,149,0,19,7
09-23-20,Humphreys,246,5,212,5,34,0,275,6,5190,21,5465,27,0,3,0,42,5,201,0,7,4
09-23-20,Jackson,316,3,280,0,36,3,351,2,2266,7,2617,9,0,5,-4,31,7,280,0,17,5
09-23-20,Jefferson,1089,3,971,1,118,2,1135,1,15730,15,16865,16,0,14,-16,91,19,984,1,57,14
09-23-20,Johnson,673,20,662,20,11,0,730,22,5494,66,6224,88,0,2,16,85,4,586,0,23,2
09-23-20,Knox,9452,52,9074,51,378,1,10215,46,122132,418,132347,464,2,75,-115,861,165,8516,2,359,76
09-23-20,Lake,911,1,907,1,4,0,1116,1,5952,18,7068,19,0,2,1,53,0,856,0,8,2
09-23-20,Lauderdale,957,3,893,3,64,0,1045,2,10287,40,11332,42,0,15,-3,71,6,871,0,44,16
09-23-20,Lawrence,1017,20,1003,20,14,0,1171,20,10002,63,11173,83,0,11,10,142,10,864,1,43,14
09-23-20,Lewis,187,5,186,5,1,0,205,6,4296,22,4501,28,0,1,4,26,1,160,0,11,1
09-23-20,Lincoln,604,4,594,1,10,3,725,3,7621,8,8346,11,0,1,0,66,4,537,0,19,1
09-23-20,Loudon,1132,6,1098,5,34,1,1254,5,12187,27,13441,32,0,6,-3,96,9,1030,0,36,6
09-23-20,Macon,1038,1,1023,0,15,1,1269,1,6933,44,8202,45,0,20,-1,52,2,966,0,78,22
09-23-20,Madison,2843,21,2218,7,625,14,3060,23,25718,84,28778,107,0,60,-3,201,24,2582,0,182,72
09-23-20,Marion,527,5,520,5,7,0,631,7,5609,34,6240,41,0,7,-2,68,7,452,0,38,8
09-23-20,Marshall,741,11,737,11,4,0,838,13,8653,48,9491,61,0,5,6,93,5,643,0,24,5
09-23-20,Maury,2303,19,2281,19,22,0,2654,20,24059,157,26713,177,0,23,-8,239,27,2041,1,93,26
09-23-20,McMinn,1109,10,1095,10,14,0,1273,9,15730,129,17003,138,0,24,0,133,10,952,0,59,25
09-23-20,McNairy,836,12,686,9,150,3,950,11,6654,22,7604,33,0,18,-2,114,14,704,1,37,18
09-23-20,Meigs,223,0,219,0,4,0,256,0,2893,18,3149,18,0,3,-4,19,4,201,0,11,3
09-23-20,Monroe,1014,1,974,1,40,0,1136,1,10218,19,11354,20,1,17,-8,67,8,930,0,67,20
09-23-20,Montgomery,3041,3,2914,2,127,1,3422,3,38476,80,41898,83,0,43,-21,156,24,2842,0,123,47
09-23-20,Moore,167,3,154,3,13,0,193,3,2161,7,2354,10,0,1,2,33,1,133,0,4,1
09-23-20,Morgan,311,0,293,0,18,0,342,0,7874,4,8216,4,0,3,-2,28,2,280,0,9,4
09-23-20,Obion,1148,24,1117,24,31,0,1259,22,9243,28,10502,50,0,9,12,145,12,994,0,47,13
09-23-20,Out of State,2139,9,2086,9,53,0,2422,10,262450,508,264872,518,-2,23,-11,177,22,1939,0,75,16
09-23-20,Overton,713,4,643,4,70,0,790,4,6681,52,7471,56,0,5,-13,117,17,591,0,25,5
09-23-20,Pending,843,13,790,12,53,1,970,14,168576,626,169546,640,0,6,5,101,8,736,0,12,1
09-23-20,Perry,149,0,132,0,17,0,163,0,3383,8,3546,8,0,0,0,17,0,132,0,7,0
09-23-20,Pickett,106,0,83,0,23,0,114,0,935,4,1049,4,0,2,-1,18,1,86,0,5,2
09-23-20,Polk,388,1,379,1,9,0,447,1,3594,20,4041,21,-1,10,1,9,1,369,0,19,12
09-23-20,Putnam,3197,30,2983,15,214,15,3845,34,28112,87,31957,121,0,38,-23,474,53,2685,1,117,44
09-23-20,Rhea,802,7,798,6,4,1,960,7,10115,62,11075,69,0,11,-2,65,9,726,0,29,14
09-23-20,Roane,873,6,836,6,37,0,1014,2,16634,37,17648,39,0,3,-6,119,12,751,0,34,4
09-23-20,Robertson,2206,6,2179,5,27,1,2672,5,16331,31,19003,36,1,35,-17,97,22,2074,0,162,36
09-23-20,Rutherford,9216,47,9143,47,73,0,11262,52,79009,366,90271,418,0,88,-18,475,65,8653,1,266,93
09-23-20,Scott,208,1,197,0,11,1,224,1,4066,5,4290,6,0,2,-3,23,4,183,0,17,2
09-23-20,Sequatchie,226,7,224,7,2,0,257,7,4701,26,4958,33,-1,2,5,28,3,196,0,10,1
09-23-20,Sevier,2561,7,2485,7,76,0,2853,8,24548,46,27401,54,0,15,-3,135,10,2411,0,92,18
09-23-20,Shelby,30865,103,30520,97,345,6,38227,110,357112,1136,395339,1246,0,449,-33,1550,136,28866,3,2165,517
09-23-20,Smith,710,1,684,1,26,0,886,2,5297,20,6183,22,0,10,-9,68,10,632,0,31,11
09-23-20,Stewart,186,1,171,1,15,0,216,1,2721,5,2937,6,0,2,0,60,1,124,0,6,3
09-23-20,Sullivan,2120,29,1996,23,124,6,2275,22,28309,241,30584,263,1,32,23,151,5,1937,0,170,32
09-23-20,Sumner,4804,3,4768,3,36,0,5727,3,42008,119,47735,122,0,93,-35,235,38,4476,0,394,102
09-23-20,Tipton,1782,6,1661,5,121,1,2120,6,20057,50,22177,56,0,17,-16,130,22,1635,1,90,22
09-23-20,Trousdale,1650,0,1645,0,5,0,1730,0,4842,7,6572,7,0,7,-1,10,1,1633,0,25,7
09-23-20,Unicoi,283,3,278,2,5,1,326,2,5815,38,6141,40,0,1,-1,25,4,257,0,13,1
09-23-20,Union,346,2,319,2,27,0,364,3,4307,15,4671,18,0,1,-2,67,4,278,0,11,1
09-23-20,Van Buren,160,0,145,0,15,0,177,0,1831,6,2008,6,0,0,-6,26,6,134,0,7,0
09-23-20,Warren,1039,6,952,4,87,2,1167,6,12437,53,13604,59,0,7,0,64,6,968,0,16,8
09-23-20,Washington,2237,21,2182,18,55,3,2548,22,28232,150,30780,172,0,34,-5,221,26,1982,0,107,35
09-23-20,Wayne,1492,0,1480,0,12,0,1623,0,5796,28,7419,28,0,6,-4,34,4,1452,0,20,7
09-23-20,Weakley,1185,11,1103,11,82,0,1300,8,10275,25,11575,33,0,19,-3,130,14,1036,0,33,20
09-23-20,White,806,2,743,2,63,0,1003,5,8937,37,9940,42,0,9,-14,107,16,690,0,42,10
09-23-20,Williamson,5174,20,5104,20,70,0,6088,20,63532,298,69620,318,0,36,-28,284,48,4854,0,121,36
09-23-20,Wilson,3421,8,3393,8,28,0,4059,8,35978,103,40037,111,0,43,-16,214,24,3164,1,120,46
09-22-20,Anderson,1159,14,1123,14,36,0,1328,16,24130,236,25458,252,0,11,0,123,14,1025,1,44,13
09-22-20,Bedford,1311,7,1255,7,56,0,1563,10,12222,146,13785,156,1,17,-9,71,15,1223,0,53,18
09-22-20,Benton,339,1,324,0,15,1,366,1,4091,82,4457,83,0,9,-4,20,5,310,0,17,8
09-22-20,Bledsoe,846,0,841,0,5,0,889,0,7372,30,8261,30,0,4,-5,18,5,824,0,19,4
09-22-20,Blount,2471,16,2418,14,53,2,2872,16,26972,281,29844,297,0,23,-2,147,18,2301,2,113,27
09-22-20,Bradley,2907,15,2819,15,88,0,3435,15,24321,102,27756,117,1,17,-7,144,21,2746,0,164,18
09-22-20,Campbell,429,3,399,3,30,0,470,3,10353,61,10823,64,0,3,-2,38,5,388,0,21,3
09-22-20,Cannon,287,4,273,4,14,0,340,4,3724,33,4064,37,0,0,-1,36,5,251,0,9,0
09-22-20,Carroll,839,5,718,4,121,1,901,6,9526,172,10427,178,1,18,-10,96,14,725,1,48,18
09-22-20,Carter,1139,12,1087,12,52,0,1244,12,14619,213,15863,225,1,28,1,88,10,1023,1,84,28
09-22-20,Cheatham,800,8,792,8,8,0,969,10,10229,74,11198,84,0,10,2,44,6,746,1,29,10
09-22-20,Chester,602,10,493,6,109,4,669,11,4938,119,5607,130,0,9,-6,90,16,503,0,20,12
09-22-20,Claiborne,437,1,401,1,36,0,490,1,10035,186,10525,187,0,4,-1,33,2,400,0,20,5
09-22-20,Clay,215,4,189,4,26,0,228,5,2621,31,2849,36,0,5,0,72,4,138,0,6,5
09-22-20,Cocke,737,1,684,1,53,0,786,1,7457,46,8243,47,0,9,-4,31,5,697,0,40,10
09-22-20,Coffee,1152,35,1048,28,104,7,1373,42,17621,190,18994,232,0,12,11,232,24,908,0,36,14
09-22-20,Crockett,542,15,477,14,65,1,611,15,3500,42,4111,57,0,19,1,65,14,458,0,20,19
09-22-20,Cumberland,1173,14,1145,13,28,1,1431,16,21252,164,22683,180,1,18,-5,119,18,1036,1,58,20
09-22-20,Davidson,26764,127,26606,120,158,7,33623,167,317018,3842,350641,4009,1,294,17,937,109,25533,1,1093,309
09-22-20,Decatur,495,13,392,10,103,3,540,13,5401,22,5941,35,0,6,0,100,13,389,0,16,8
09-22-20,Dekalb,517,2,498,2,19,0,640,2,7689,40,8329,42,2,13,-4,27,4,477,0,25,15
09-22-20,Dickson,1229,24,1110,17,119,7,1535,25,13567,191,15102,216,1,14,12,116,11,1099,1,57,18
09-22-20,Dyer,1320,20,1225,15,95,5,1420,18,10323,33,11743,51,0,12,-9,178,29,1130,0,63,15
09-22-20,Fayette,1181,23,1143,20,38,3,1489,27,14901,124,16390,151,0,18,8,134,15,1029,0,82,21
09-22-20,Fentress,462,17,411,16,51,1,512,20,3701,39,4213,59,0,3,3,110,14,349,0,23,3
09-22-20,Franklin,954,14,923,14,31,0,1138,23,14435,155,15573,178,0,7,-17,194,31,753,0,45,9
09-22-20,Gibson,1581,35,1273,25,308,10,1738,36,13994,102,15732,138,1,20,-2,235,36,1326,1,59,24
09-22-20,Giles,578,8,575,8,3,0,691,9,8328,78,9019,87,0,17,1,61,7,500,0,38,17
09-22-20,Grainger,358,7,330,4,28,3,405,8,5628,42,6033,50,0,3,5,45,2,310,0,20,3
09-22-20,Greene,1112,4,1049,3,63,1,1299,7,14223,125,15522,132,0,37,-13,97,17,978,0,78,44
09-22-20,Grundy,268,6,248,3,20,3,306,6,2358,18,2664,24,0,5,-5,80,11,183,0,29,6
09-22-20,Hamblen,1884,30,1766,14,118,16,2037,30,20273,177,22310,207,0,25,24,115,6,1744,6,104,29
09-22-20,Hamilton,9236,70,8985,60,251,10,10622,74,128068,1018,138690,1092,0,89,-6,485,76,8662,1,390,96
09-22-20,Hancock,108,0,100,0,8,0,115,0,1837,10,1952,10,0,3,-4,2,4,103,0,11,3
09-22-20,Hardeman,1574,11,1506,7,68,4,1814,10,13663,63,15477,73,0,25,-24,103,35,1446,0,66,27
09-22-20,Hardin,998,21,842,15,156,6,1107,23,11503,63,12610,86,0,14,6,115,15,869,0,28,16
09-22-20,Hawkins,777,6,757,6,20,0,891,8,9121,85,10012,93,0,16,1,58,5,703,1,57,19
09-22-20,Haywood,953,6,904,4,49,2,1045,4,6076,20,7121,24,0,16,-7,85,13,852,0,45,20
09-22-20,Henderson,1144,13,932,10,212,3,1404,14,8263,52,9667,66,1,20,-9,116,21,1008,0,39,22
09-22-20,Henry,609,5,593,5,16,0,726,7,9227,103,9953,110,0,9,-7,56,12,544,0,38,9
09-22-20,Hickman,567,7,536,7,31,0,685,9,6928,98,7613,107,0,5,-13,98,20,464,0,21,7
09-22-20,Houston,199,5,183,4,16,1,215,5,2020,36,2235,41,1,1,0,53,4,145,0,19,6
09-22-20,Humphreys,241,3,207,2,34,1,269,2,5169,98,5438,100,0,3,0,42,3,196,0,7,4
09-22-20,Jackson,313,7,280,5,33,2,349,7,2259,27,2608,34,0,5,2,35,5,273,0,17,5
09-22-20,Jefferson,1086,15,970,11,116,4,1134,16,15715,204,16849,220,0,14,3,107,12,965,1,56,14
09-22-20,Johnson,653,5,642,3,11,2,708,7,5428,18,6136,25,0,2,-7,69,12,582,1,23,2
09-22-20,Knox,9400,84,9023,77,377,7,10169,85,121714,1142,131883,1227,1,73,-39,976,122,8351,3,357,76
09-22-20,Lake,910,3,906,3,4,0,1115,3,5934,13,7049,16,0,2,1,52,2,856,0,8,2
09-22-20,Lauderdale,954,8,890,7,64,1,1043,8,10247,38,11290,46,0,15,-2,74,10,865,0,44,16
09-22-20,Lawrence,997,13,983,13,14,0,1151,17,9939,118,11090,135,0,11,-6,132,19,854,0,42,13
09-22-20,Lewis,182,3,181,3,1,0,199,3,4274,62,4473,65,0,1,1,22,2,159,0,11,1
09-22-20,Lincoln,600,17,593,17,7,0,722,18,7613,81,8335,99,0,1,12,66,5,533,1,19,1
09-22-20,Loudon,1126,13,1093,13,33,0,1249,14,12160,149,13409,163,0,6,3,99,10,1021,2,36,6
09-22-20,Macon,1037,12,1023,12,14,0,1268,13,6889,49,8157,62,0,20,6,53,6,964,0,78,21
09-22-20,Madison,2822,31,2211,7,611,24,3037,31,25634,319,28671,350,4,60,-11,204,38,2558,1,182,71
09-22-20,Marion,522,8,515,7,7,1,624,10,5575,45,6199,55,0,7,-7,70,15,445,0,38,8
09-22-20,Marshall,730,10,726,10,4,0,825,10,8605,66,9430,76,0,5,0,87,10,638,3,24,5
09-22-20,Maury,2284,17,2262,17,22,0,2634,17,23902,185,26536,202,0,23,-26,247,43,2014,3,92,26
09-22-20,McMinn,1099,11,1085,11,14,0,1264,11,15601,158,16865,169,0,24,-3,133,14,942,0,59,25
09-22-20,McNairy,824,9,677,7,147,2,939,14,6632,113,7571,127,2,18,-19,116,26,690,1,36,18
09-22-20,Meigs,223,1,219,1,4,0,256,1,2875,39,3131,40,0,3,-1,23,2,197,0,11,3
09-22-20,Monroe,1013,8,973,8,40,0,1135,10,10199,72,11334,82,0,16,-3,75,11,922,0,67,18
09-22-20,Montgomery,3038,44,2912,28,126,16,3419,50,38396,306,41815,356,0,43,15,177,29,2818,0,123,47
09-22-20,Moore,164,7,151,7,13,0,190,7,2154,27,2344,34,0,1,4,31,3,132,0,4,1
09-22-20,Morgan,311,5,293,4,18,1,342,4,7870,66,8212,70,0,3,4,30,1,278,0,9,3
09-22-20,Obion,1124,15,1093,12,31,3,1237,15,9215,31,10452,46,0,9,0,133,15,982,1,47,12
09-22-20,Out of State,2130,10,2077,9,53,1,2412,13,261942,2687,264354,2700,1,25,-16,188,25,1917,0,75,15
09-22-20,Overton,709,28,639,24,70,4,786,29,6629,50,7415,79,0,5,12,130,16,574,1,25,5
09-22-20,Pending,830,12,778,11,52,1,956,14,167950,1274,168906,1288,0,6,1,96,11,728,0,12,1
09-22-20,Perry,149,3,132,2,17,1,163,3,3375,24,3538,27,0,0,-3,17,6,132,1,7,0
09-22-20,Pickett,106,5,83,2,23,3,114,5,931,10,1045,15,0,2,4,19,1,85,0,5,2
09-22-20,Polk,387,2,378,1,9,1,446,2,3574,10,4020,12,0,11,-1,8,3,368,0,19,12
09-22-20,Putnam,3167,76,2968,71,199,5,3811,92,28025,259,31836,351,1,38,40,497,35,2632,1,116,43
09-22-20,Rhea,795,10,792,10,3,0,953,11,10053,47,11006,58,0,11,-1,67,11,717,0,29,14
09-22-20,Roane,867,22,830,20,37,2,1012,20,16597,171,17609,191,-1,3,10,125,13,739,0,34,4
09-22-20,Robertson,2200,16,2174,16,26,0,2667,21,16300,111,18967,132,1,34,-2,114,17,2052,1,162,36
09-22-20,Rutherford,9169,51,9096,50,73,1,11210,65,78643,563,89853,628,1,88,-5,493,55,8588,1,265,92
09-22-20,Scott,207,6,197,6,10,0,223,5,4061,25,4284,30,0,2,6,26,0,179,1,17,2
09-22-20,Sequatchie,219,0,217,0,2,0,250,0,4675,14,4925,14,0,3,-9,23,9,193,0,10,1
09-22-20,Sevier,2554,22,2478,20,76,2,2845,25,24502,270,27347,295,2,15,2,138,18,2401,0,92,18
09-22-20,Shelby,30762,143,30423,126,339,17,38117,187,355976,2979,394093,3166,2,449,-72,1583,213,28730,5,2162,513
09-22-20,Smith,709,15,683,15,26,0,884,20,5277,59,6161,79,0,10,6,77,9,622,1,31,10
09-22-20,Stewart,185,7,170,6,15,1,215,8,2716,58,2931,66,0,2,3,60,4,123,0,6,3
09-22-20,Sullivan,2091,18,1973,13,118,5,2253,24,28068,373,30321,397,0,31,1,128,17,1932,0,170,32
09-22-20,Sumner,4801,30,4765,30,36,0,5724,40,41889,351,47613,391,0,93,0,270,30,4438,1,394,102
09-22-20,Tipton,1776,20,1656,14,120,6,2114,23,20007,180,22121,203,0,17,-2,146,22,1613,0,89,22
09-22-20,Trousdale,1650,1,1645,1,5,0,1730,2,4835,53,6565,55,0,7,-7,11,8,1632,0,25,7
09-22-20,Unicoi,280,0,276,0,4,0,324,1,5777,133,6101,134,0,1,-2,26,2,253,0,13,1
09-22-20,Union,344,5,317,4,27,1,361,6,4292,38,4653,44,0,1,-1,69,6,274,0,11,1
09-22-20,Van Buren,160,6,145,6,15,0,177,6,1825,75,2002,81,0,0,4,32,2,128,0,7,0
09-22-20,Warren,1033,7,948,7,85,0,1161,7,12384,75,13545,82,0,7,-8,64,15,962,0,16,8
09-22-20,Washington,2216,36,2164,35,52,1,2526,36,28082,309,30608,345,1,34,9,226,26,1956,4,107,34
09-22-20,Wayne,1492,10,1480,10,12,0,1623,11,5768,23,7391,34,1,6,6,38,3,1448,0,20,7
09-22-20,Weakley,1174,19,1092,19,82,0,1292,22,10250,87,11542,109,0,19,8,133,11,1022,1,33,20
09-22-20,White,804,16,741,16,63,0,998,30,8900,89,9898,119,0,9,3,121,13,674,1,42,9
09-22-20,Williamson,5154,37,5084,32,70,5,6068,43,63234,541,69302,584,0,36,-12,312,49,4806,1,121,36
09-22-20,Wilson,3413,24,3385,24,28,0,4051,26,35875,542,39926,568,0,43,1,230,23,3140,1,119,45
09-21-20,Anderson,1145,2,1109,2,36,0,1312,3,23894,39,25206,42,0,11,-8,123,10,1011,0,43,13
09-21-20,Bedford,1304,1,1248,1,56,0,1553,2,12076,27,13629,29,0,16,-7,80,8,1208,0,53,18
09-21-20,Benton,338,0,324,0,14,0,365,0,4009,4,4374,4,0,9,-2,24,2,305,0,17,8
09-21-20,Bledsoe,846,0,841,0,5,0,889,0,7342,7,8231,7,0,4,-3,23,3,819,0,19,4
09-21-20,Blount,2455,5,2404,3,51,2,2856,5,26691,62,29547,67,0,23,-6,149,11,2283,0,111,26
09-21-20,Bradley,2892,2,2804,2,88,0,3420,6,24219,78,27639,84,0,16,-19,151,21,2725,0,164,18
09-21-20,Campbell,426,2,396,2,30,0,467,0,10292,10,10759,10,0,3,1,40,1,383,0,21,3
09-21-20,Cannon,283,1,269,1,14,0,336,1,3691,13,4027,14,0,0,1,37,0,246,0,9,0
09-21-20,Carroll,834,6,714,5,120,1,895,5,9354,14,10249,19,0,17,-1,106,7,711,0,47,18
09-21-20,Carter,1127,0,1075,0,52,0,1232,0,14406,39,15638,39,0,27,-4,87,4,1013,0,83,28
09-21-20,Cheatham,792,4,784,3,8,1,959,4,10155,33,11114,37,0,10,-3,42,7,740,0,28,10
09-21-20,Chester,592,3,487,2,105,1,658,2,4819,10,5477,12,0,9,-6,96,9,487,0,20,12
09-21-20,Claiborne,436,4,400,4,36,0,489,4,9849,10,10338,14,0,4,1,34,3,398,0,20,5
09-21-20,Clay,211,2,185,1,26,1,223,3,2590,2,2813,5,0,5,-2,72,4,134,0,6,5
09-21-20,Cocke,736,1,683,1,53,0,785,1,7411,20,8196,21,0,9,0,35,1,692,0,40,9
09-21-20,Coffee,1117,11,1020,6,97,5,1331,12,17431,32,18762,44,0,12,2,221,9,884,0,36,14
09-21-20,Crockett,527,2,463,1,64,1,596,2,3458,5,4054,7,0,19,-5,64,7,444,0,20,19
09-21-20,Cumberland,1159,1,1132,1,27,0,1415,2,21088,72,22503,74,0,17,-6,124,7,1018,0,57,20
09-21-20,Davidson,26637,46,26486,45,151,1,33456,54,313176,802,346632,856,4,293,-28,920,70,25424,4,1092,307
09-21-20,Decatur,482,2,382,1,100,1,527,2,5379,11,5906,13,0,6,-3,100,5,376,1,16,8
09-21-20,Dekalb,515,3,496,3,19,0,638,3,7649,17,8287,20,0,11,0,31,3,473,1,25,15
09-21-20,Dickson,1205,11,1093,7,112,4,1510,12,13376,54,14886,66,1,13,5,104,5,1088,0,56,18
09-21-20,Dyer,1300,6,1210,4,90,2,1402,4,10290,55,11692,59,0,12,-3,187,9,1101,0,63,15
09-21-20,Fayette,1158,4,1123,2,35,2,1462,5,14777,45,16239,50,0,18,-1,126,5,1014,0,82,21
09-21-20,Fentress,445,10,395,6,50,4,492,12,3662,11,4154,23,0,3,2,107,8,335,0,23,3
09-21-20,Franklin,940,9,909,8,31,1,1115,12,14280,13,15395,25,0,7,-8,211,17,722,2,45,7
09-21-20,Gibson,1546,9,1248,4,298,5,1702,10,13892,30,15594,40,0,19,-9,237,18,1290,0,58,24
09-21-20,Giles,570,1,567,1,3,0,682,1,8250,21,8932,22,0,17,-1,60,2,493,0,38,17
09-21-20,Grainger,351,4,326,4,25,0,397,2,5586,10,5983,12,1,3,0,40,3,308,0,20,3
09-21-20,Greene,1108,4,1046,4,62,0,1292,1,14098,32,15390,33,0,37,-5,110,9,961,0,78,42
09-21-20,Grundy,262,7,245,4,17,3,300,10,2340,3,2640,13,0,5,6,85,1,172,0,29,5
09-21-20,Hamblen,1854,2,1752,1,102,1,2007,2,20096,25,22103,27,0,25,-5,91,7,1738,1,98,29
09-21-20,Hamilton,9166,31,8925,22,241,9,10548,29,127050,297,137598,326,1,89,-15,491,45,8586,1,389,96
09-21-20,Hancock,108,0,100,0,8,0,115,0,1827,3,1942,3,0,3,0,6,0,99,0,11,3
09-21-20,Hardeman,1563,6,1499,6,64,0,1804,6,13600,18,15404,24,0,25,3,127,3,1411,0,66,27
09-21-20,Hardin,977,5,827,4,150,1,1084,5,11440,6,12524,11,0,14,-4,109,9,854,0,28,15
09-21-20,Hawkins,771,4,751,4,20,0,883,2,9036,7,9919,9,0,16,0,57,4,698,0,56,19
09-21-20,Haywood,947,3,900,3,47,0,1041,3,6056,15,7097,18,0,16,1,92,2,839,0,45,20
09-21-20,Henderson,1131,3,922,2,209,1,1390,3,8211,15,9601,18,0,19,-3,125,6,987,0,39,22
09-21-20,Henry,604,1,588,0,16,1,719,2,9124,9,9843,11,0,9,-3,63,4,532,1,38,9
09-21-20,Hickman,560,4,529,3,31,1,676,4,6830,43,7506,47,1,5,-2,111,5,444,0,21,7
09-21-20,Houston,194,6,179,4,15,2,210,7,1984,8,2194,15,0,0,0,53,6,141,2,19,4
09-21-20,Humphreys,238,5,205,3,33,2,267,5,5071,18,5338,23,0,3,5,42,0,193,0,7,4
09-21-20,Jackson,306,2,275,0,31,2,342,2,2232,4,2574,6,1,5,-3,33,4,268,0,17,5
09-21-20,Jefferson,1071,4,959,3,112,1,1118,5,15511,90,16629,95,0,14,-4,104,8,953,0,55,14
09-21-20,Johnson,648,1,639,1,9,0,701,0,5410,3,6111,3,0,2,-2,76,3,570,0,22,2
09-21-20,Knox,9316,33,8946,29,370,4,10084,32,120572,362,130656,394,0,72,-92,1015,125,8229,2,354,76
09-21-20,Lake,907,1,903,1,4,0,1112,1,5921,27,7033,28,0,2,-1,51,2,854,0,8,2
09-21-20,Lauderdale,946,5,883,4,63,1,1035,4,10209,15,11244,19,0,15,-4,76,9,855,1,44,16
09-21-20,Lawrence,984,7,970,7,14,0,1134,5,9821,26,10955,31,0,11,-1,138,8,835,0,42,13
09-21-20,Lewis,179,0,178,0,1,0,196,0,4212,4,4408,4,0,1,0,21,0,157,0,11,1
09-21-20,Lincoln,583,1,576,0,7,1,704,1,7532,11,8236,12,0,1,-10,54,11,528,0,18,1
09-21-20,Loudon,1113,2,1080,1,33,1,1235,1,12011,37,13246,38,0,6,1,96,1,1011,0,34,6
09-21-20,Macon,1025,4,1011,4,14,0,1255,4,6840,16,8095,20,1,20,2,47,1,958,0,78,21
09-21-20,Madison,2791,54,2204,15,587,39,3006,56,25315,36,28321,92,0,56,26,215,28,2520,1,181,70
09-21-20,Marion,514,2,508,2,6,0,614,2,5530,12,6144,14,0,7,1,77,1,430,0,38,8
09-21-20,Marshall,720,1,716,1,4,0,815,1,8539,13,9354,14,0,5,-2,87,3,628,0,21,5
09-21-20,Maury,2267,7,2245,6,22,1,2617,7,23717,32,26334,39,0,23,-10,273,17,1971,3,89,26
09-21-20,McMinn,1088,4,1074,4,14,0,1253,7,15443,40,16696,47,0,24,-8,136,12,928,0,59,25
09-21-20,McNairy,815,3,670,3,145,0,925,4,6519,9,7444,13,0,16,-4,135,7,664,0,35,18
09-21-20,Meigs,222,0,218,0,4,0,255,1,2836,5,3091,6,0,3,-3,24,3,195,0,11,3
09-21-20,Monroe,1005,4,965,4,40,0,1125,5,10127,41,11252,46,0,16,0,78,4,911,0,67,18
09-21-20,Montgomery,2994,7,2884,4,110,3,3369,7,38090,147,41459,154,0,43,-29,162,36,2789,0,123,47
09-21-20,Moore,157,0,144,0,13,0,183,0,2127,2,2310,2,0,1,-1,27,1,129,0,4,1
09-21-20,Morgan,306,0,289,0,17,0,338,1,7804,7,8142,8,0,3,-4,26,4,277,0,9,3
09-21-20,Obion,1109,2,1081,2,28,0,1222,3,9184,21,10406,24,0,9,-5,133,7,967,0,46,12
09-21-20,Out of State,2120,10,2068,7,52,3,2399,11,259255,530,261654,541,1,24,-5,204,14,1892,1,75,15
09-21-20,Overton,681,2,615,2,66,0,757,3,6579,8,7336,11,1,5,-1,118,2,558,0,24,5
09-21-20,Pending,818,8,767,7,51,1,942,9,166676,431,167618,440,0,6,4,95,4,717,2,12,1
09-21-20,Perry,146,0,130,0,16,0,160,0,3351,4,3511,4,0,0,0,20,0,126,0,6,0
09-21-20,Pickett,101,4,81,1,20,3,109,4,921,3,1030,7,0,2,2,15,2,84,0,5,2
09-21-20,Polk,385,1,377,1,8,0,444,1,3564,4,4008,5,0,11,0,9,1,365,0,19,12
09-21-20,Putnam,3091,17,2897,9,194,8,3719,17,27766,20,31485,37,0,37,-7,457,24,2597,2,115,42
09-21-20,Rhea,785,3,782,3,3,0,942,2,10006,8,10948,10,0,11,-3,68,6,706,0,29,13
09-21-20,Roane,845,4,810,1,35,3,992,3,16426,24,17418,27,0,4,-3,115,7,726,0,34,4
09-21-20,Robertson,2184,3,2158,3,26,0,2646,4,16189,43,18835,47,0,33,-4,116,7,2035,0,161,36
09-21-20,Rutherford,9118,34,9046,33,72,1,11145,39,78080,281,89225,320,0,87,-21,498,55,8533,0,264,92
09-21-20,Scott,201,2,191,1,10,1,218,2,4036,6,4254,8,0,2,0,20,2,179,0,16,2
09-21-20,Sequatchie,219,1,217,1,2,0,250,1,4661,1,4911,2,0,3,0,32,1,184,0,10,1
09-21-20,Sevier,2532,11,2458,8,74,3,2820,9,24232,41,27052,50,0,13,2,136,9,2383,1,92,17
09-21-20,Shelby,30619,92,30297,84,322,8,37930,111,352997,1083,390927,1194,0,447,-5,1655,97,28517,7,2157,510
09-21-20,Smith,694,4,668,4,26,0,864,4,5218,20,6082,24,0,10,-2,71,6,613,0,30,10
09-21-20,Stewart,178,1,164,0,14,1,207,1,2658,11,2865,12,0,2,-1,57,2,119,0,6,3
09-21-20,Sullivan,2073,17,1960,13,113,4,2229,10,27695,67,29924,77,0,31,1,127,16,1915,3,170,32
09-21-20,Sumner,4771,15,4735,15,36,0,5684,16,41538,131,47222,147,0,93,-7,270,22,4408,0,393,102
09-21-20,Tipton,1756,6,1642,5,114,1,2091,7,19827,107,21918,114,0,17,-1,148,7,1591,0,89,22
09-21-20,Trousdale,1649,0,1644,0,5,0,1728,0,4782,5,6510,5,0,7,-1,18,1,1624,0,25,7
09-21-20,Unicoi,280,1,276,1,4,0,323,1,5644,16,5967,17,0,1,-2,28,3,251,0,13,1
09-21-20,Union,339,1,313,1,26,0,355,1,4254,10,4609,11,0,1,-1,70,2,268,0,11,1
09-21-20,Van Buren,154,0,139,0,15,0,171,0,1750,1,1921,1,0,0,-3,28,3,126,0,7,0
09-21-20,Warren,1026,4,941,3,85,1,1154,4,12309,17,13463,21,0,7,-1,72,5,947,0,16,8
09-21-20,Washington,2180,10,2129,9,51,1,2490,10,27773,55,30263,65,1,33,-14,217,23,1930,1,103,34
09-21-20,Wayne,1482,0,1470,0,12,0,1612,0,5745,13,7357,13,0,5,-4,32,4,1445,0,20,7
09-21-20,Weakley,1155,2,1073,2,82,0,1270,1,10163,11,11433,12,0,19,-4,125,6,1011,0,32,20
09-21-20,White,788,7,725,6,63,1,968,7,8811,19,9779,26,0,9,-4,118,11,661,0,41,9
09-21-20,Williamson,5117,14,5052,14,65,0,6025,16,62693,254,68718,270,0,36,-22,324,36,4757,0,120,36
09-21-20,Wilson,3389,17,3361,17,28,0,4025,18,35333,155,39358,173,2,43,1,229,14,3117,3,118,44
09-20-20,Anderson,1143,8,1107,7,36,1,1309,9,23855,165,25164,174,0,11,2,131,6,1001,0,43,13
09-20-20,Bedford,1303,3,1247,2,56,1,1551,4,12049,96,13600,100,0,16,-3,87,6,1200,0,53,18
09-20-20,Benton,338,0,324,0,14,0,365,0,4005,28,4370,28,0,9,-2,26,2,303,0,17,8
09-20-20,Bledsoe,846,0,841,0,5,0,889,1,7335,23,8224,24,0,4,-2,26,2,816,0,19,4
09-20-20,Blount,2450,9,2401,9,49,0,2851,9,26629,139,29480,148,0,23,-7,155,16,2272,0,111,25
09-20-20,Bradley,2890,14,2802,14,88,0,3414,16,24141,312,27555,328,0,16,0,170,14,2704,1,164,18
09-20-20,Campbell,424,2,394,1,30,1,467,3,10282,179,10749,182,0,3,0,39,2,382,0,21,3
09-20-20,Cannon,282,0,268,0,14,0,335,0,3678,7,4013,7,0,0,-2,36,2,246,0,9,0
09-20-20,Carroll,828,8,709,8,119,0,890,9,9340,71,10230,80,0,17,-2,107,10,704,1,47,18
09-20-20,Carter,1127,12,1075,12,52,0,1232,12,14367,100,15599,112,0,27,2,91,10,1009,0,83,27
09-20-20,Cheatham,788,1,781,1,7,0,955,1,10122,46,11077,47,0,10,0,45,1,733,0,28,10
09-20-20,Chester,589,6,485,5,104,1,656,6,4809,37,5465,43,0,9,0,102,6,478,0,20,12
09-20-20,Claiborne,432,3,396,3,36,0,485,3,9839,131,10324,134,0,4,1,33,2,395,0,20,5
09-20-20,Clay,209,23,184,23,25,0,220,23,2588,25,2808,48,0,5,21,74,2,130,0,6,5
09-20-20,Cocke,735,1,682,1,53,0,784,3,7391,47,8175,50,0,9,0,35,1,691,0,40,9
09-20-20,Coffee,1106,8,1014,3,92,5,1319,8,17399,184,18718,192,0,12,-5,219,13,875,0,36,14
09-20-20,Crockett,525,2,462,2,63,0,594,4,3453,25,4047,29,0,19,0,69,2,437,0,20,19
09-20-20,Cumberland,1158,0,1131,0,27,0,1413,0,21016,195,22429,195,0,17,-3,130,3,1011,0,57,20
09-20-20,Davidson,26591,45,26441,44,150,1,33402,66,312374,2915,345776,2981,0,289,-9,948,54,25354,1,1088,307
09-20-20,Decatur,480,9,381,7,99,2,525,9,5368,36,5893,45,0,6,2,103,7,371,0,15,7
09-20-20,Dekalb,512,1,493,1,19,0,635,1,7632,23,8267,24,0,11,1,31,0,470,0,24,15
09-20-20,Dickson,1194,1,1086,1,108,0,1498,10,13322,77,14820,87,0,12,-7,99,8,1083,0,56,18
09-20-20,Dyer,1294,18,1206,17,88,1,1398,18,10235,108,11633,126,0,12,13,190,5,1092,0,63,14
09-20-20,Fayette,1154,5,1121,5,33,0,1457,5,14732,59,16189,64,0,18,2,127,3,1009,1,82,21
09-20-20,Fentress,435,2,389,2,46,0,480,2,3651,18,4131,20,0,3,-1,105,3,327,0,23,3
09-20-20,Franklin,931,15,901,14,30,1,1103,27,14267,135,15370,162,0,7,4,219,11,705,3,43,7
09-20-20,Gibson,1537,21,1244,19,293,2,1692,24,13862,187,15554,211,0,19,0,246,21,1272,1,58,23
09-20-20,Giles,569,12,566,12,3,0,681,14,8229,96,8910,110,0,17,10,61,2,491,3,38,17
09-20-20,Grainger,347,0,322,0,25,0,395,0,5576,26,5971,26,0,2,-4,40,4,305,0,20,3
09-20-20,Greene,1104,12,1042,12,62,0,1291,15,14066,123,15357,138,1,37,5,115,6,952,0,78,42
09-20-20,Grundy,255,9,241,8,14,1,290,10,2337,20,2627,30,0,5,5,79,4,171,1,29,5
09-20-20,Hamblen,1852,5,1751,4,101,1,2005,5,20071,94,22076,99,0,25,2,96,3,1731,0,97,28
09-20-20,Hamilton,9135,45,8903,42,232,3,10519,49,126753,926,137272,975,0,88,-5,506,50,8541,1,388,95
09-20-20,Hancock,108,0,100,0,8,0,115,0,1824,8,1939,8,0,3,0,6,0,99,0,11,3
09-20-20,Hardeman,1557,2,1493,1,64,1,1798,4,13582,80,15380,84,0,25,-1,124,3,1408,0,66,26
09-20-20,Hardin,972,1,823,1,149,0,1079,2,11434,114,12513,116,0,14,-3,113,4,845,0,28,15
09-20-20,Hawkins,767,10,747,10,20,0,881,12,9029,84,9910,96,0,16,7,57,3,694,1,56,19
09-20-20,Haywood,944,6,897,6,47,0,1038,7,6041,119,7079,126,0,16,1,91,5,837,0,45,20
09-20-20,Henderson,1128,12,920,8,208,4,1387,15,8196,112,9583,127,0,19,10,128,2,981,0,39,22
09-20-20,Henry,603,5,588,5,15,0,717,7,9115,39,9832,46,0,9,3,66,2,528,0,37,9
09-20-20,Hickman,556,11,526,11,30,0,672,16,6787,89,7459,105,0,4,5,113,6,439,1,21,7
09-20-20,Houston,188,1,175,0,13,1,203,0,1976,3,2179,3,0,0,-5,53,6,135,1,17,2
09-20-20,Humphreys,233,4,202,2,31,2,262,4,5053,24,5315,28,0,3,1,37,3,193,0,7,4
09-20-20,Jackson,304,0,275,0,29,0,340,0,2228,4,2568,4,0,4,-4,36,4,264,0,17,4
09-20-20,Jefferson,1067,4,956,3,111,1,1113,3,15421,43,16534,46,0,14,0,108,4,945,1,55,14
09-20-20,Johnson,647,8,638,8,9,0,701,8,5407,49,6108,57,0,2,5,78,3,567,1,22,2
09-20-20,Knox,9283,93,8917,75,366,18,10052,84,120210,706,130262,790,0,72,-11,1107,104,8104,1,352,76
09-20-20,Lake,906,35,902,35,4,0,1111,41,5894,10,7005,51,0,2,35,52,0,852,0,8,2
09-20-20,Lauderdale,941,1,879,1,62,0,1031,0,10194,138,11225,138,0,15,-3,80,4,846,0,43,16
09-20-20,Lawrence,977,18,963,18,14,0,1129,20,9795,116,10924,136,0,11,12,139,6,827,1,42,13
09-20-20,Lewis,179,2,178,2,1,0,196,2,4208,50,4404,52,0,1,-2,21,4,157,0,11,1
09-20-20,Lincoln,582,3,576,3,6,0,703,4,7521,47,8224,51,0,1,0,64,3,517,0,18,1
09-20-20,Loudon,1111,6,1079,6,32,0,1234,9,11974,93,13208,102,0,6,-1,95,7,1010,0,34,6
09-20-20,Macon,1021,3,1007,3,14,0,1251,3,6824,62,8075,65,0,19,-1,45,4,957,0,78,21
09-20-20,Madison,2737,61,2189,17,548,44,2950,62,25279,216,28229,278,0,56,45,189,16,2492,1,180,69
09-20-20,Marion,512,1,506,1,6,0,612,2,5518,76,6130,78,0,7,-4,76,5,429,0,38,8
09-20-20,Marshall,719,10,715,10,4,0,814,10,8526,67,9340,77,0,5,8,89,2,625,1,21,5
09-20-20,Maury,2260,32,2239,27,21,5,2610,33,23685,223,26295,256,0,23,13,283,19,1954,3,86,26
09-20-20,McMinn,1084,8,1070,8,14,0,1246,10,15403,174,16649,184,0,24,-6,144,14,916,0,59,25
09-20-20,McNairy,812,11,667,11,145,0,921,12,6510,125,7431,137,0,16,1,139,10,657,0,35,18
09-20-20,Meigs,222,2,218,2,4,0,254,2,2831,31,3085,33,0,3,-2,27,4,192,0,11,3
09-20-20,Monroe,1001,5,961,5,40,0,1120,5,10086,62,11206,67,0,16,-4,78,9,907,0,67,18
09-20-20,Montgomery,2987,15,2880,15,107,0,3362,16,37943,294,41305,310,0,43,1,191,14,2753,0,123,47
09-20-20,Moore,157,4,144,1,13,3,183,3,2125,48,2308,51,0,1,4,28,0,128,1,4,1
09-20-20,Morgan,306,1,289,1,17,0,337,1,7797,12,8134,13,0,3,-1,30,2,273,0,9,3
09-20-20,Obion,1107,4,1079,4,28,0,1219,5,9163,43,10382,48,0,9,1,138,3,960,0,46,12
09-20-20,Out of State,2110,22,2061,22,49,0,2388,26,258725,2783,261113,2809,0,23,10,209,12,1878,0,74,15
09-20-20,Overton,679,1,613,1,66,0,754,2,6571,49,7325,51,0,4,-4,119,5,556,0,24,5
09-20-20,Pending,810,17,760,17,50,0,933,18,166245,1205,167178,1223,0,6,8,91,9,713,0,10,1
09-20-20,Perry,146,4,130,2,16,2,160,2,3347,94,3507,96,0,0,3,20,1,126,0,6,0
09-20-20,Pickett,97,2,80,2,17,0,105,2,918,7,1023,9,0,2,2,13,0,82,1,5,2
09-20-20,Polk,384,0,376,0,8,0,443,0,3560,63,4003,63,0,11,-1,9,1,364,0,19,11
09-20-20,Putnam,3074,12,2888,12,186,0,3702,12,27746,76,31448,88,0,37,-13,464,25,2573,1,113,41
09-20-20,Rhea,782,8,779,8,3,0,940,10,9998,82,10938,92,0,11,6,71,2,700,0,29,13
09-20-20,Roane,841,8,809,8,32,0,989,6,16402,108,17391,114,0,4,3,118,5,719,2,34,4
09-20-20,Robertson,2181,6,2155,5,26,1,2642,9,16146,91,18788,100,0,33,-4,120,10,2028,0,161,36
09-20-20,Rutherford,9084,31,9013,27,71,4,11106,39,77799,485,88905,524,0,87,-1,519,32,8478,1,264,90
09-20-20,Scott,199,0,190,0,9,0,216,0,4030,22,4246,22,0,2,-1,20,1,177,0,16,2
09-20-20,Sequatchie,218,1,216,1,2,0,249,1,4660,8,4909,9,0,3,1,32,0,183,0,10,1
09-20-20,Sevier,2521,0,2450,0,71,0,2811,1,24191,76,27002,77,0,13,-8,134,8,2374,0,91,17
09-20-20,Shelby,30527,111,30213,109,314,2,37819,146,351914,1890,389733,2036,1,447,17,1660,93,28420,3,2150,508
09-20-20,Smith,690,3,664,3,26,0,860,3,5198,15,6058,18,0,10,0,73,3,607,0,30,10
09-20-20,Stewart,177,2,164,0,13,2,206,2,2647,10,2853,12,0,2,-3,58,5,117,0,6,2
09-20-20,Sullivan,2056,12,1947,12,109,0,2219,13,27628,459,29847,472,0,31,6,126,6,1899,1,167,32
09-20-20,Sumner,4756,26,4720,26,36,0,5668,34,41407,188,47075,222,0,93,6,277,20,4386,0,393,102
09-20-20,Tipton,1750,4,1637,4,113,0,2084,10,19720,109,21804,119,0,17,0,149,4,1584,0,89,21
09-20-20,Trousdale,1649,0,1644,0,5,0,1728,3,4777,27,6505,30,0,7,0,19,0,1623,0,25,7
09-20-20,Unicoi,279,2,275,2,4,0,322,5,5628,79,5950,84,0,1,0,30,2,248,0,13,1
09-20-20,Union,338,4,312,3,26,1,354,3,4244,52,4598,55,0,1,2,71,2,266,0,11,1
09-20-20,Van Buren,154,0,139,0,15,0,171,0,1749,61,1920,61,0,0,-4,31,4,123,0,7,0
09-20-20,Warren,1022,2,938,2,84,0,1150,5,12292,45,13442,50,0,7,-1,73,3,942,0,16,8
09-20-20,Washington,2170,22,2120,22,50,0,2480,26,27718,351,30198,377,0,32,4,231,18,1907,1,102,34
09-20-20,Wayne,1482,3,1470,3,12,0,1612,3,5732,23,7344,26,0,5,1,36,2,1441,0,20,7
09-20-20,Weakley,1153,6,1071,4,82,2,1269,7,10152,97,11421,104,0,19,0,129,6,1005,0,32,20
09-20-20,White,781,4,719,4,62,0,961,4,8792,55,9753,59,0,9,-3,122,7,650,2,41,9
09-20-20,Williamson,5103,16,5038,16,65,0,6009,19,62439,437,68448,456,0,36,-18,346,34,4721,0,120,36
09-20-20,Wilson,3372,21,3344,21,28,0,4007,25,35178,178,39185,203,0,41,9,228,12,3103,0,115,44
09-19-20,Anderson,1135,15,1100,15,35,0,1300,22,23690,278,24990,300,0,11,9,129,6,995,1,43,12
09-19-20,Bedford,1300,16,1245,16,55,0,1547,19,11953,171,13500,190,0,16,5,90,11,1194,0,53,18
09-19-20,Benton,338,2,324,2,14,0,365,3,3977,58,4342,61,0,9,-4,28,6,301,0,17,8
09-19-20,Bledsoe,846,2,841,2,5,0,888,3,7312,68,8200,71,0,4,0,28,2,814,1,19,4
09-19-20,Blount,2441,16,2392,15,49,1,2842,21,26490,448,29332,469,0,23,7,162,9,2256,0,111,25
09-19-20,Bradley,2876,26,2788,24,88,2,3398,27,23829,251,27227,278,0,16,15,170,11,2690,2,163,17
09-19-20,Campbell,422,2,393,1,29,1,464,3,10103,120,10567,123,0,3,1,39,1,380,0,21,3
09-19-20,Cannon,282,8,268,8,14,0,335,11,3671,98,4006,109,0,0,6,38,2,244,0,9,0
09-19-20,Carroll,820,13,701,12,119,1,881,16,9269,229,10150,245,1,17,6,109,6,694,0,46,18
09-19-20,Carter,1115,7,1063,7,52,0,1220,7,14267,259,15487,266,0,27,-4,89,11,999,3,83,27
09-19-20,Cheatham,787,5,780,5,7,0,954,6,10076,202,11030,208,0,10,3,45,2,732,0,28,10
09-19-20,Chester,583,8,480,6,103,2,650,10,4772,81,5422,91,0,9,5,102,3,472,0,20,12
09-19-20,Claiborne,429,6,393,5,36,1,482,8,9708,141,10190,149,0,4,6,32,0,393,0,20,5
09-19-20,Clay,186,9,161,9,25,0,197,10,2563,43,2760,53,0,5,9,53,0,128,0,6,5
09-19-20,Cocke,734,5,681,5,53,0,781,4,7344,92,8125,96,0,9,-1,35,6,690,2,40,9
09-19-20,Coffee,1098,31,1011,30,87,1,1311,41,17215,298,18526,339,0,12,19,224,12,862,1,36,14
09-19-20,Crockett,523,13,460,12,63,1,590,14,3428,57,4018,71,0,19,10,69,3,435,0,20,19
09-19-20,Cumberland,1158,11,1131,11,27,0,1413,18,20821,256,22234,274,1,17,2,133,8,1008,1,57,20
09-19-20,Davidson,26546,157,26397,156,149,1,33336,196,309459,13888,342795,14084,2,289,95,957,60,25300,4,1087,305
09-19-20,Decatur,471,14,374,14,97,0,516,14,5332,110,5848,124,0,6,8,101,6,364,0,15,7
09-19-20,Dekalb,511,3,492,3,19,0,634,3,7609,195,8243,198,1,11,2,30,0,470,0,24,14
09-19-20,Dickson,1193,20,1085,17,108,3,1488,22,13245,182,14733,204,0,12,13,106,7,1075,0,56,15
09-19-20,Dyer,1276,15,1189,15,87,0,1380,16,10127,245,11507,261,-1,12,10,177,6,1087,0,63,13
09-19-20,Fayette,1149,26,1116,24,33,2,1452,31,14673,153,16125,184,1,18,21,125,4,1006,1,81,21
09-19-20,Fentress,433,18,387,18,46,0,478,21,3633,67,4111,88,0,3,14,106,4,324,0,23,3
09-19-20,Franklin,916,34,887,34,29,0,1076,36,14132,227,15208,263,0,7,19,215,15,694,0,40,7
09-19-20,Gibson,1516,32,1225,28,291,4,1668,39,13675,306,15343,345,0,19,20,246,12,1251,0,57,23
09-19-20,Giles,557,5,554,5,3,0,667,8,8133,203,8800,211,0,17,0,51,5,489,1,35,17
09-19-20,Grainger,347,7,322,5,25,2,395,5,5550,93,5945,98,0,2,7,44,0,301,0,20,2
09-19-20,Greene,1092,16,1030,14,62,2,1276,21,13943,216,15219,237,0,36,12,110,4,946,0,78,42
09-19-20,Grundy,246,14,233,14,13,0,280,15,2317,43,2597,58,0,5,14,74,0,167,0,28,5
09-19-20,Hamblen,1847,4,1747,3,100,1,2000,8,19977,343,21977,351,0,25,4,94,0,1728,0,97,27
09-19-20,Hamilton,9090,80,8861,77,229,3,10470,92,125827,1540,136297,1632,-1,88,32,511,49,8491,3,387,93
09-19-20,Hancock,108,1,100,1,8,0,115,1,1816,22,1931,23,1,3,0,6,0,99,0,11,3
09-19-20,Hardeman,1555,15,1492,13,63,2,1794,18,13502,238,15296,256,0,25,11,125,4,1405,0,66,26
09-19-20,Hardin,971,21,822,18,149,3,1077,29,11320,151,12397,180,0,14,13,116,8,841,1,28,15
09-19-20,Hawkins,757,10,737,10,20,0,869,10,8945,102,9814,112,0,16,6,50,4,691,0,55,18
09-19-20,Haywood,938,20,891,20,47,0,1031,22,5922,104,6953,126,0,16,13,90,7,832,0,45,20
09-19-20,Henderson,1116,26,912,24,204,2,1372,29,8084,153,9456,182,0,19,18,118,8,979,0,39,21
09-19-20,Henry,598,7,583,7,15,0,710,10,9076,159,9786,169,0,9,6,63,1,526,0,37,9
09-19-20,Hickman,545,18,515,17,30,1,656,22,6698,85,7354,107,0,4,12,108,6,433,2,20,7
09-19-20,Houston,187,7,175,6,12,1,203,9,1973,40,2176,49,0,0,5,58,2,129,0,16,2
09-19-20,Humphreys,229,2,200,2,29,0,258,4,5029,143,5287,147,0,3,-1,36,3,190,0,7,4
09-19-20,Jackson,304,3,275,3,29,0,340,3,2224,27,2564,30,0,4,2,40,1,260,0,17,4
09-19-20,Jefferson,1063,16,953,13,110,3,1110,19,15378,227,16488,246,0,14,12,108,4,941,1,54,14
09-19-20,Johnson,639,7,630,7,9,0,693,9,5358,40,6051,49,0,2,5,73,2,564,0,21,2
09-19-20,Knox,9190,131,8842,127,348,4,9968,133,119504,1473,129472,1606,1,72,39,1118,91,8000,5,351,74
09-19-20,Lake,871,4,867,3,4,1,1070,4,5884,33,6954,37,0,2,3,17,1,852,1,8,2
09-19-20,Lauderdale,940,12,878,11,62,1,1031,13,10056,109,11087,122,1,15,7,83,4,842,0,43,16
09-19-20,Lawrence,959,15,945,15,14,0,1109,23,9679,157,10788,180,0,11,4,127,11,821,4,41,13
09-19-20,Lewis,177,6,176,6,1,0,194,6,4158,51,4352,57,0,1,4,23,2,153,0,11,1
09-19-20,Lincoln,579,5,573,5,6,0,699,6,7474,145,8173,151,0,1,-2,64,7,514,0,18,1
09-19-20,Loudon,1105,12,1073,12,32,0,1225,14,11881,177,13106,191,0,6,6,96,6,1003,0,34,6
09-19-20,Macon,1018,16,1004,16,14,0,1248,18,6762,150,8010,168,0,19,13,46,3,953,2,78,21
09-19-20,Madison,2676,37,2172,26,504,11,2888,39,25063,494,27951,533,0,56,9,144,28,2476,2,179,69
09-19-20,Marion,511,6,505,6,6,0,610,8,5442,102,6052,110,0,7,-3,80,9,424,0,38,8
09-19-20,Marshall,709,8,705,8,4,0,804,9,8459,185,9263,194,1,5,1,81,6,623,0,20,5
09-19-20,Maury,2228,39,2212,39,16,0,2577,45,23462,363,26039,408,1,23,25,270,13,1935,4,83,24
09-19-20,McMinn,1076,21,1062,20,14,1,1236,21,15229,228,16465,249,0,24,16,150,5,902,0,59,25
09-19-20,McNairy,801,17,656,15,145,2,909,19,6385,174,7294,193,0,16,10,138,7,647,1,35,18
09-19-20,Meigs,220,3,216,3,4,0,252,3,2800,31,3052,34,0,3,0,29,3,188,1,11,3
09-19-20,Monroe,996,6,956,5,40,1,1115,7,10024,165,11139,172,0,16,-10,82,16,898,0,67,17
09-19-20,Montgomery,2972,31,2865,25,107,6,3346,31,37649,509,40995,540,2,43,6,190,23,2739,1,123,47
09-19-20,Moore,153,6,143,6,10,0,180,8,2077,37,2257,45,0,1,2,24,4,128,1,3,1
09-19-20,Morgan,305,4,288,4,17,0,336,4,7785,68,8121,72,0,3,2,31,2,271,1,9,3
09-19-20,Obion,1103,24,1075,24,28,0,1214,26,9120,257,10334,283,0,9,18,137,6,957,3,46,12
09-19-20,Out of State,2088,79,2039,78,49,1,2362,84,255942,4298,258304,4382,0,23,69,199,10,1866,2,74,15
09-19-20,Overton,678,7,612,7,66,0,752,11,6522,161,7274,172,1,4,-1,123,7,551,0,24,4
09-19-20,Pending,793,27,743,24,50,3,915,29,165040,2321,165955,2350,0,6,21,83,6,704,0,10,1
09-19-20,Perry,142,2,128,2,14,0,158,2,3253,116,3411,118,0,0,1,17,1,125,0,6,0
09-19-20,Pickett,95,2,78,2,17,0,103,2,911,17,1014,19,0,2,2,11,0,82,0,4,2
09-19-20,Polk,384,1,376,1,8,0,443,1,3497,58,3940,59,0,11,1,10,0,363,0,19,11
09-19-20,Putnam,3062,52,2876,52,186,0,3690,65,27670,550,31360,615,0,37,23,477,29,2548,1,112,41
09-19-20,Rhea,774,8,771,8,3,0,930,12,9916,127,10846,139,0,11,5,65,3,698,1,29,13
09-19-20,Roane,833,11,801,11,32,0,983,15,16294,266,17277,281,1,4,6,115,4,714,0,32,4
09-19-20,Robertson,2175,17,2150,17,25,0,2633,21,16055,322,18688,343,-1,33,14,124,4,2018,1,161,36
09-19-20,Rutherford,9053,100,8986,98,67,2,11067,113,77314,1126,88381,1239,0,87,64,520,36,8446,3,263,89
09-19-20,Scott,199,0,190,0,9,0,216,3,4008,101,4224,104,0,2,-1,21,1,176,0,16,2
09-19-20,Sequatchie,217,2,215,2,2,0,248,2,4652,55,4900,57,1,3,-2,31,3,183,0,10,1
09-19-20,Sevier,2521,18,2450,16,71,2,2810,18,24115,269,26925,287,0,13,10,142,8,2366,2,91,17
09-19-20,Shelby,30416,307,30104,296,312,11,37673,372,350024,4818,387697,5190,3,446,218,1643,86,28327,12,2147,505
09-19-20,Smith,687,10,661,10,26,0,857,11,5183,68,6040,79,0,10,5,73,5,604,1,30,10
09-19-20,Stewart,175,27,164,27,11,0,204,29,2637,113,2841,142,0,2,26,61,1,112,0,6,2
09-19-20,Sullivan,2044,10,1935,10,109,0,2206,12,27169,325,29375,337,0,31,-6,120,16,1893,0,166,32
09-19-20,Sumner,4730,58,4694,56,36,2,5634,66,41219,793,46853,859,0,93,38,271,20,4366,2,393,102
09-19-20,Tipton,1746,24,1633,12,113,12,2074,36,19611,255,21685,291,0,17,20,149,4,1580,0,89,21
09-19-20,Trousdale,1649,2,1644,2,5,0,1725,2,4750,47,6475,49,0,7,2,19,0,1623,0,25,7
09-19-20,Unicoi,277,6,273,6,4,0,317,5,5549,61,5866,66,0,1,4,30,2,246,0,13,1
09-19-20,Union,334,8,309,8,25,0,351,10,4192,98,4543,108,0,1,5,69,3,264,0,11,1
09-19-20,Van Buren,154,7,139,7,15,0,171,8,1688,19,1859,27,0,0,6,35,1,119,0,7,0
09-19-20,Warren,1020,9,936,9,84,0,1145,12,12247,160,13392,172,0,7,6,74,3,939,0,16,8
09-19-20,Washington,2148,32,2098,32,50,0,2454,39,27367,261,29821,300,0,32,15,227,17,1889,1,101,33
09-19-20,Wayne,1479,2,1467,2,12,0,1609,2,5709,58,7318,60,0,5,1,35,1,1439,0,20,7
09-19-20,Weakley,1147,20,1067,19,80,1,1262,23,10055,213,11317,236,1,19,11,129,8,999,0,32,20
09-19-20,White,777,16,715,16,62,0,957,24,8737,222,9694,246,1,9,11,125,4,643,0,39,9
09-19-20,Williamson,5087,45,5022,45,65,0,5990,54,62002,829,67992,883,0,36,12,364,33,4687,3,120,36
09-19-20,Wilson,3351,33,3323,33,28,0,3982,37,35000,394,38982,431,2,41,11,219,20,3091,3,115,44
09-18-20,Anderson,1120,19,1085,19,35,0,1278,19,23412,215,24690,234,0,11,8,120,11,989,0,42,12
09-18-20,Bedford,1284,6,1229,6,55,0,1528,11,11782,150,13310,161,1,16,-11,85,16,1183,0,53,17
09-18-20,Benton,336,2,322,2,14,0,362,3,3919,91,4281,94,0,9,0,32,2,295,0,17,8
09-18-20,Bledsoe,844,4,839,4,5,0,885,4,7244,76,8129,80,0,4,1,28,3,812,0,18,4
09-18-20,Blount,2425,26,2377,25,48,1,2821,30,26042,409,28863,439,2,23,6,155,18,2247,0,111,25
09-18-20,Bradley,2850,22,2764,22,86,0,3371,23,23578,468,26949,491,0,16,6,155,16,2679,1,161,17
09-18-20,Campbell,420,5,392,4,28,1,461,4,9983,83,10444,87,0,3,2,38,3,379,0,21,3
09-18-20,Cannon,274,8,260,8,14,0,324,8,3573,24,3897,32,0,0,5,32,3,242,0,9,0
09-18-20,Carroll,807,9,689,7,118,2,865,12,9040,138,9905,150,0,16,-1,103,10,688,1,46,18
09-18-20,Carter,1108,16,1056,13,52,3,1213,16,14008,225,15221,241,0,27,11,93,5,988,1,80,27
09-18-20,Cheatham,782,4,775,4,7,0,948,4,9874,165,10822,169,0,10,0,42,4,730,0,28,10
09-18-20,Chester,575,12,474,6,101,6,640,14,4691,84,5331,98,1,9,3,97,8,469,0,20,12
09-18-20,Claiborne,423,3,388,3,35,0,474,4,9567,131,10041,135,0,4,2,26,1,393,0,20,5
09-18-20,Clay,177,0,152,0,25,0,187,2,2520,12,2707,14,0,5,-1,44,1,128,0,6,5
09-18-20,Cocke,729,6,676,2,53,4,777,3,7252,60,8029,63,0,9,3,36,3,684,0,38,9
09-18-20,Coffee,1067,32,981,28,86,4,1270,35,16917,273,18187,308,1,12,19,205,12,850,0,35,14
09-18-20,Crockett,510,5,448,4,62,1,576,4,3371,37,3947,41,0,19,1,59,4,432,0,20,19
09-18-20,Cumberland,1147,26,1120,26,27,0,1395,30,20565,305,21960,335,0,16,18,131,8,1000,1,56,20
09-18-20,Davidson,26389,95,26241,94,148,1,33140,117,295571,4015,328711,4132,3,287,-165,862,257,25240,0,1083,304
09-18-20,Decatur,457,9,360,7,97,2,502,11,5222,194,5724,205,0,6,-4,93,13,358,0,15,7
09-18-20,Dekalb,508,1,489,1,19,0,631,2,7414,54,8045,56,0,10,-1,28,2,470,0,24,13
09-18-20,Dickson,1173,13,1068,10,105,3,1466,14,13063,109,14529,123,0,12,1,93,12,1068,1,56,14
09-18-20,Dyer,1261,27,1174,24,87,3,1364,32,9882,144,11246,176,0,13,15,167,12,1081,0,63,13
09-18-20,Fayette,1123,2,1092,1,31,1,1421,2,14520,210,15941,212,1,17,-4,104,5,1002,0,80,21
09-18-20,Fentress,415,9,369,7,46,2,457,12,3566,37,4023,49,0,3,-2,92,11,320,1,23,3
09-18-20,Franklin,882,20,853,20,29,0,1040,32,13905,152,14945,184,0,7,0,196,20,679,0,40,7
09-18-20,Gibson,1484,35,1197,22,287,13,1629,35,13369,249,14998,284,0,19,18,226,17,1239,0,57,23
09-18-20,Giles,552,4,549,4,3,0,659,3,7930,77,8589,80,0,17,-7,51,11,484,0,34,17
09-18-20,Grainger,340,7,317,4,23,3,390,7,5457,86,5847,93,0,2,5,37,2,301,0,20,2
09-18-20,Greene,1076,15,1016,15,60,0,1255,18,13727,178,14982,196,2,36,1,98,12,942,0,78,42
09-18-20,Grundy,232,11,219,10,13,1,265,13,2274,40,2539,53,0,5,7,60,4,167,1,28,5
09-18-20,Hamblen,1843,12,1744,10,99,2,1992,14,19634,244,21626,258,0,25,7,90,5,1728,2,97,27
09-18-20,Hamilton,9010,70,8784,56,226,14,10378,67,124287,1280,134665,1347,4,89,1,479,65,8442,0,384,93
09-18-20,Hancock,107,0,99,0,8,0,114,0,1794,26,1908,26,0,2,0,6,0,99,0,11,3
09-18-20,Hardeman,1540,8,1479,8,61,0,1776,8,13264,68,15040,76,0,25,-97,114,105,1401,1,66,26
09-18-20,Hardin,950,17,804,14,146,3,1048,19,11169,219,12217,238,0,14,0,103,17,833,1,27,15
09-18-20,Hawkins,747,11,727,9,20,2,859,12,8843,114,9702,126,1,16,5,44,5,687,1,55,18
09-18-20,Haywood,918,5,871,4,47,1,1009,8,5818,144,6827,152,0,16,0,77,5,825,0,45,20
09-18-20,Henderson,1090,13,888,12,202,1,1343,13,7931,150,9274,163,0,19,-7,100,20,971,0,39,21
09-18-20,Henry,591,4,576,3,15,1,700,5,8917,51,9617,56,0,9,2,57,2,525,0,37,9
09-18-20,Hickman,527,15,498,13,29,2,634,12,6613,78,7247,90,0,4,10,96,5,427,0,18,6
09-18-20,Houston,180,13,169,12,11,1,194,10,1933,26,2127,36,0,0,8,53,5,127,3,16,1
09-18-20,Humphreys,227,8,198,8,29,0,254,8,4886,96,5140,104,0,3,6,37,2,187,1,7,4
09-18-20,Jackson,301,6,272,2,29,4,337,6,2197,16,2534,22,1,4,3,38,2,259,1,17,4
09-18-20,Jefferson,1047,5,940,4,107,1,1091,8,15151,223,16242,231,1,14,-19,96,23,937,0,53,14
09-18-20,Johnson,632,12,623,12,9,0,684,15,5318,69,6002,84,0,2,-97,68,109,562,1,21,2
09-18-20,Knox,9059,110,8715,106,344,4,9835,123,118031,1608,127866,1731,3,71,-13,1079,120,7909,3,346,74
09-18-20,Lake,867,4,864,4,3,0,1066,4,5851,323,6917,327,0,2,4,14,0,851,1,7,2
09-18-20,Lauderdale,928,6,867,4,61,2,1018,7,9947,148,10965,155,0,14,-79,76,85,838,0,43,16
09-18-20,Lawrence,944,16,930,15,14,1,1086,15,9522,70,10608,85,0,11,12,123,4,810,0,37,13
09-18-20,Lewis,171,4,170,4,1,0,188,8,4107,75,4295,83,0,1,3,19,1,151,0,11,1
09-18-20,Lincoln,574,9,568,9,6,0,693,11,7329,82,8022,93,0,1,-1,66,10,507,0,18,1
09-18-20,Loudon,1093,4,1061,4,32,0,1211,5,11704,106,12915,111,0,6,0,90,4,997,0,34,6
09-18-20,Macon,1002,3,988,3,14,0,1230,4,6612,24,7842,28,0,19,-3,33,6,950,0,76,20
09-18-20,Madison,2639,47,2146,22,493,25,2849,47,24569,497,27418,544,1,56,13,135,33,2448,0,177,68
09-18-20,Marion,505,13,499,12,6,1,602,14,5340,118,5942,132,0,7,5,83,8,415,3,38,8
09-18-20,Marshall,701,8,697,8,4,0,795,9,8274,49,9069,58,0,4,4,80,4,617,0,20,5
09-18-20,Maury,2189,26,2173,26,16,0,2532,24,23099,365,25631,389,0,22,3,245,23,1922,1,79,23
09-18-20,McMinn,1055,25,1042,24,13,1,1215,23,15001,299,16216,322,0,24,17,134,8,897,1,59,25
09-18-20,McNairy,784,11,641,6,143,5,890,14,6211,109,7101,123,0,16,3,128,8,640,0,34,18
09-18-20,Meigs,217,2,213,2,4,0,249,2,2769,40,3018,42,0,3,-2,29,4,185,0,10,3
09-18-20,Monroe,990,11,951,11,39,0,1108,15,9859,112,10967,127,0,16,4,92,7,882,0,67,17
09-18-20,Montgomery,2941,24,2840,22,101,2,3315,25,37140,466,40455,491,0,41,-18,184,42,2716,0,122,47
09-18-20,Moore,147,2,137,2,10,0,172,2,2040,17,2212,19,0,1,0,22,2,124,0,2,1
09-18-20,Morgan,301,4,284,4,17,0,332,7,7717,153,8049,160,0,3,3,29,1,269,1,8,3
09-18-20,Obion,1079,15,1051,15,28,0,1188,19,8863,148,10051,167,0,9,6,119,9,951,0,43,11
09-18-20,Out of State,2009,21,1961,21,48,0,2278,25,251644,2770,253922,2795,0,23,2,130,19,1856,0,72,14
09-18-20,Overton,671,9,605,4,66,5,741,10,6361,21,7102,31,0,3,4,124,5,544,0,24,4
09-18-20,Pending,766,12,719,11,47,1,886,14,162719,1631,163605,1645,0,6,1,62,11,698,0,10,1
09-18-20,Perry,140,3,126,3,14,0,156,3,3137,28,3293,31,0,0,3,16,0,124,0,6,0
09-18-20,Pickett,93,0,76,0,17,0,101,0,894,9,995,9,0,2,-3,9,3,82,0,4,2
09-18-20,Polk,383,2,375,2,8,0,442,2,3439,37,3881,39,0,11,-1,9,3,363,0,19,11
09-18-20,Putnam,3010,62,2824,48,186,14,3625,72,27120,361,30745,433,1,37,18,454,43,2519,1,111,41
09-18-20,Rhea,766,2,763,2,3,0,918,4,9789,98,10707,102,0,11,-5,60,7,695,1,28,13
09-18-20,Roane,822,15,790,11,32,4,968,12,16028,152,16996,164,0,3,3,109,12,710,0,32,4
09-18-20,Robertson,2158,10,2133,8,25,2,2612,10,15733,138,18345,148,0,34,3,110,7,2014,1,160,36
09-18-20,Rutherford,8953,65,8888,64,65,1,10954,71,76188,1000,87142,1071,1,87,15,456,49,8410,0,260,89
09-18-20,Scott,199,5,190,5,9,0,213,5,3907,55,4120,60,0,2,3,22,2,175,2,16,2
09-18-20,Sequatchie,215,2,213,2,2,0,246,3,4597,49,4843,52,-1,2,-1,33,4,180,0,10,1
09-18-20,Sevier,2503,12,2434,12,69,0,2792,13,23846,160,26638,173,0,13,-6,132,18,2358,2,89,17
09-18-20,Shelby,30109,97,29808,93,301,4,37301,129,345206,2844,382507,2973,3,443,-47,1425,141,28241,6,2135,502
09-18-20,Smith,677,5,651,5,26,0,846,5,5115,32,5961,37,0,10,-3,68,8,599,0,29,10
09-18-20,Stewart,148,8,137,7,11,1,175,8,2524,29,2699,37,0,2,7,35,1,111,0,6,2
09-18-20,Sullivan,2034,18,1925,15,109,3,2194,22,26844,352,29038,374,0,31,-5,126,23,1877,1,166,31
09-18-20,Sumner,4672,16,4638,15,34,1,5568,17,40426,374,45994,391,0,93,-9,233,25,4346,2,391,101
09-18-20,Tipton,1722,11,1621,11,101,0,2038,12,19356,185,21394,197,0,17,-14,129,25,1576,1,89,20
09-18-20,Trousdale,1647,2,1642,1,5,1,1723,2,4703,24,6426,26,0,7,2,17,0,1623,0,25,7
09-18-20,Unicoi,271,3,267,3,4,0,312,4,5488,75,5800,79,0,1,1,26,2,244,1,13,1
09-18-20,Union,326,12,301,9,25,3,341,11,4094,90,4435,101,0,1,6,64,6,261,1,11,1
09-18-20,Van Buren,147,0,132,0,15,0,163,0,1669,19,1832,19,0,0,-4,29,4,118,0,7,0
09-18-20,Warren,1011,3,927,3,84,0,1133,5,12087,71,13220,76,0,7,-9,68,12,936,0,16,8
09-18-20,Washington,2116,29,2066,29,50,0,2415,30,27106,467,29521,497,4,32,0,212,25,1872,0,100,32
09-18-20,Wayne,1477,2,1465,1,12,1,1607,2,5651,38,7258,40,0,5,-2,34,4,1438,1,20,7
09-18-20,Weakley,1127,11,1048,10,79,1,1239,13,9842,126,11081,139,0,18,0,118,11,991,1,32,20
09-18-20,White,761,15,699,13,62,2,933,18,8515,220,9448,238,0,8,7,114,8,639,0,39,9
09-18-20,Williamson,5042,30,4977,28,65,2,5936,39,61173,575,67109,614,1,36,2,352,27,4654,0,117,36
09-18-20,Wilson,3318,26,3290,25,28,1,3945,27,34606,246,38551,273,1,39,1,208,24,3071,0,112,44
09-17-20,Anderson,1101,23,1066,21,35,2,1259,20,23197,434,24456,454,0,11,16,112,7,978,1,42,12
09-17-20,Bedford,1278,14,1223,10,55,4,1517,19,11632,106,13149,125,0,15,9,96,5,1167,2,53,17
09-17-20,Benton,334,5,320,4,14,1,359,7,3828,67,4187,74,0,9,-2,32,7,293,0,17,8
09-17-20,Bledsoe,840,0,835,0,5,0,881,1,7168,52,8049,53,0,4,-4,27,4,809,0,18,4
09-17-20,Blount,2399,16,2352,16,47,0,2791,20,25633,282,28424,302,0,21,0,149,16,2229,0,111,24
09-17-20,Bradley,2828,12,2742,11,86,1,3348,13,23110,144,26458,157,0,16,-1,149,13,2663,0,160,17
09-17-20,Campbell,415,4,388,4,27,0,457,2,9900,229,10357,231,0,3,0,36,4,376,0,21,3
09-17-20,Cannon,266,1,252,1,14,0,316,1,3549,90,3865,91,0,0,-1,27,2,239,0,9,0
09-17-20,Carroll,798,20,682,18,116,2,853,15,8902,184,9755,199,0,16,11,104,9,678,0,45,17
09-17-20,Carter,1092,8,1043,8,49,0,1197,8,13783,73,14980,81,1,27,-2,82,9,983,0,79,27
09-17-20,Cheatham,778,2,771,2,7,0,944,2,9709,91,10653,93,0,10,1,42,1,726,0,28,10
09-17-20,Chester,563,13,468,11,95,2,626,14,4607,42,5233,56,0,8,4,94,9,461,0,20,11
09-17-20,Claiborne,420,3,385,2,35,1,470,3,9436,57,9906,60,0,4,2,24,1,392,0,20,5
09-17-20,Clay,177,12,152,12,25,0,185,12,2508,60,2693,72,0,5,12,45,0,127,0,6,5
09-17-20,Cocke,723,2,674,2,49,0,774,4,7192,64,7966,68,0,9,-5,33,7,681,0,38,9
09-17-20,Coffee,1035,25,953,24,82,1,1235,29,16644,386,17879,415,0,11,13,186,12,838,0,35,12
09-17-20,Crockett,505,10,444,9,61,1,572,12,3334,42,3906,54,0,19,3,58,7,428,0,20,19
09-17-20,Cumberland,1121,22,1094,19,27,3,1365,24,20260,166,21625,190,0,16,14,113,8,992,1,55,19
09-17-20,Davidson,26294,129,26147,129,147,0,33023,152,291556,2359,324579,2511,0,284,-54,1027,183,24983,3,1083,302
09-17-20,Decatur,448,20,353,18,95,2,491,21,5028,46,5519,67,0,6,15,97,5,345,0,15,7
09-17-20,Dekalb,507,3,488,3,19,0,629,3,7360,143,7989,146,1,10,0,29,2,468,1,24,13
09-17-20,Dickson,1160,8,1058,6,102,2,1452,10,12954,153,14406,163,0,12,-5,92,13,1056,0,55,14
09-17-20,Dyer,1234,22,1150,21,84,1,1332,22,9738,201,11070,223,0,13,8,152,14,1069,0,63,13
09-17-20,Fayette,1121,16,1091,16,30,0,1419,18,14310,128,15729,146,0,16,4,108,12,997,0,80,21
09-17-20,Fentress,406,29,362,26,44,3,445,29,3529,58,3974,87,0,3,19,94,10,309,0,22,3
09-17-20,Franklin,862,30,833,29,29,1,1008,32,13753,156,14761,188,0,7,19,196,11,659,1,40,7
09-17-20,Gibson,1449,24,1175,17,274,7,1594,28,13120,167,14714,195,0,19,11,208,13,1222,0,57,23
09-17-20,Giles,548,4,545,4,3,0,656,5,7853,96,8509,101,0,17,0,58,4,473,0,34,17
09-17-20,Grainger,333,5,313,5,20,0,383,5,5371,76,5754,81,1,2,-4,32,8,299,0,20,2
09-17-20,Greene,1061,29,1001,27,60,2,1237,24,13549,188,14786,212,2,34,16,97,11,930,2,78,40
09-17-20,Grundy,221,13,209,11,12,2,252,15,2234,41,2486,56,0,5,11,53,2,163,0,27,5
09-17-20,Hamblen,1831,19,1734,15,97,4,1978,22,19390,138,21368,160,2,25,9,83,8,1723,4,95,27
09-17-20,Hamilton,8940,64,8728,62,212,2,10311,67,123007,1362,133318,1429,0,85,-2,478,66,8377,2,384,92
09-17-20,Hancock,107,0,99,0,8,0,114,0,1768,19,1882,19,0,2,-1,6,1,99,0,11,3
09-17-20,Hardeman,1532,22,1471,21,61,1,1768,25,13196,107,14964,132,0,25,18,211,4,1296,0,65,26
09-17-20,Hardin,933,13,790,10,143,3,1029,15,10950,86,11979,101,0,14,6,103,7,816,0,26,15
09-17-20,Hawkins,736,6,718,6,18,0,847,7,8729,70,9576,77,1,15,3,39,2,682,0,54,18
09-17-20,Haywood,913,14,867,14,46,0,1001,17,5674,77,6675,94,0,16,4,77,10,820,0,45,20
09-17-20,Henderson,1077,10,876,10,201,0,1330,15,7781,82,9111,97,0,19,-4,107,14,951,0,39,20
09-17-20,Henry,587,13,573,13,14,0,695,14,8866,130,9561,144,1,9,8,55,4,523,1,37,9
09-17-20,Hickman,512,7,485,7,27,0,622,9,6535,204,7157,213,0,4,2,86,5,422,0,18,6
09-17-20,Houston,167,6,157,6,10,0,184,6,1907,47,2091,53,0,0,4,45,2,122,1,13,1
09-17-20,Humphreys,219,4,190,3,29,1,246,4,4790,49,5036,53,0,3,-1,31,5,185,0,6,3
09-17-20,Jackson,295,2,270,2,25,0,331,2,2181,17,2512,19,0,3,1,35,1,257,0,16,4
09-17-20,Jefferson,1042,20,936,19,106,1,1083,22,14928,205,16011,227,0,13,6,115,14,914,1,53,14
09-17-20,Johnson,620,6,611,6,9,0,669,6,5249,31,5918,37,0,2,2,165,4,453,1,20,2
09-17-20,Knox,8949,127,8609,120,340,7,9712,128,116423,1541,126135,1669,0,68,-3,1092,130,7789,6,343,74
09-17-20,Lake,863,1,860,1,3,0,1062,1,5528,34,6590,35,0,2,-1,10,2,851,0,6,2
09-17-20,Lauderdale,922,11,863,10,59,1,1011,11,9799,307,10810,318,0,14,8,155,3,753,0,43,16
09-17-20,Lawrence,928,18,915,16,13,2,1071,12,9452,77,10523,89,0,11,3,111,15,806,0,37,13
09-17-20,Lewis,167,6,166,6,1,0,180,3,4032,44,4212,47,0,1,5,16,1,150,0,11,1
09-17-20,Lincoln,565,3,559,3,6,0,682,3,7247,138,7929,141,0,1,-6,67,9,497,0,18,1
09-17-20,Loudon,1089,17,1057,17,32,0,1206,21,11598,149,12804,170,0,6,9,90,8,993,0,34,6
09-17-20,Macon,999,4,985,4,14,0,1226,4,6588,44,7814,48,0,19,-4,36,8,944,0,76,20
09-17-20,Madison,2592,44,2124,30,468,14,2802,50,24072,266,26874,316,0,55,14,122,30,2415,3,177,68
09-17-20,Marion,492,9,487,9,5,0,588,9,5222,55,5810,64,0,7,-1,78,10,407,0,35,7
09-17-20,Marshall,693,11,689,11,4,0,786,13,8225,60,9011,73,0,4,5,76,6,613,0,20,5
09-17-20,Maury,2163,38,2147,38,16,0,2508,41,22734,378,25242,419,0,22,12,242,26,1899,0,78,23
09-17-20,McMinn,1030,14,1018,14,12,0,1192,18,14702,133,15894,151,0,24,3,117,11,889,1,58,25
09-17-20,McNairy,773,11,635,10,138,1,876,12,6102,71,6978,83,0,16,0,125,11,632,0,34,18
09-17-20,Meigs,215,6,211,6,4,0,247,6,2729,40,2976,46,0,3,5,31,1,181,0,10,3
09-17-20,Monroe,979,9,940,9,39,0,1093,10,9747,163,10840,173,0,16,1,88,8,875,0,67,17
09-17-20,Montgomery,2917,24,2818,23,99,1,3290,25,36674,284,39964,309,0,41,-3,202,27,2674,1,122,47
09-17-20,Moore,145,3,135,2,10,1,170,2,2023,46,2193,48,0,1,1,22,2,122,0,2,1
09-17-20,Morgan,297,3,280,3,17,0,325,1,7564,51,7889,52,0,3,1,26,2,268,0,7,3
09-17-20,Obion,1064,15,1036,15,28,0,1169,18,8715,126,9884,144,0,9,3,113,12,942,0,43,11
09-17-20,Out of State,1988,14,1940,14,48,0,2253,15,248874,2294,251127,2309,-1,23,-2,128,17,1837,1,72,14
09-17-20,Overton,662,15,601,15,61,0,731,16,6340,125,7071,141,0,3,9,120,6,539,0,24,4
09-17-20,Pending,754,11,708,9,46,2,872,13,161088,1451,161960,1464,0,6,2,61,9,687,0,10,1
09-17-20,Perry,137,2,123,2,14,0,153,2,3109,48,3262,50,0,0,-1,13,3,124,0,6,0
09-17-20,Pickett,93,1,76,0,17,1,101,2,885,5,986,7,0,2,0,12,1,79,0,4,2
09-17-20,Polk,381,1,373,1,8,0,440,2,3402,40,3842,42,0,11,-3,10,4,360,0,19,11
09-17-20,Putnam,2948,55,2776,38,172,17,3553,63,26759,463,30312,526,0,36,23,436,32,2476,1,110,39
09-17-20,Rhea,764,8,761,8,3,0,914,10,9691,90,10605,100,0,11,6,65,2,688,0,27,13
09-17-20,Roane,807,19,779,18,28,1,956,15,15876,213,16832,228,0,3,13,106,6,698,0,32,4
09-17-20,Robertson,2148,11,2125,10,23,1,2602,11,15595,115,18197,126,1,34,-11,107,21,2007,2,159,35
09-17-20,Rutherford,8888,77,8824,69,64,8,10883,86,75188,805,86071,891,1,86,33,441,43,8361,4,260,89
09-17-20,Scott,194,6,185,5,9,1,208,4,3852,42,4060,46,0,2,5,19,1,173,0,14,2
09-17-20,Sequatchie,213,2,211,2,2,0,243,2,4548,38,4791,40,0,3,0,34,2,176,0,10,1
09-17-20,Sevier,2491,23,2422,23,69,0,2779,22,23686,289,26465,311,0,13,10,138,13,2340,0,87,17
09-17-20,Shelby,30012,173,29715,158,297,15,37172,233,342362,3319,379534,3552,0,440,26,1472,147,28100,6,2129,495
09-17-20,Smith,672,9,646,6,26,3,841,13,5083,92,5924,105,0,10,0,71,9,591,0,29,10
09-17-20,Stewart,140,9,130,8,10,1,167,9,2495,37,2662,46,0,2,7,28,2,110,0,6,2
09-17-20,Sullivan,2016,25,1910,19,106,6,2172,29,26492,334,28664,363,0,31,10,131,15,1854,0,165,31
09-17-20,Sumner,4656,36,4623,36,33,0,5551,46,40052,498,45603,544,1,93,6,242,29,4321,1,389,100
09-17-20,Tipton,1711,19,1610,17,101,2,2026,23,19171,272,21197,295,0,17,12,143,7,1551,1,88,19
09-17-20,Trousdale,1645,1,1641,1,4,0,1721,1,4679,29,6400,30,0,7,0,15,1,1623,0,25,7
09-17-20,Unicoi,268,4,264,4,4,0,308,4,5413,72,5721,76,0,1,1,25,3,242,0,12,1
09-17-20,Union,314,17,292,15,22,2,330,14,4004,58,4334,72,0,1,15,58,2,255,0,10,1
09-17-20,Van Buren,147,2,132,2,15,0,163,2,1650,8,1813,10,0,0,-3,33,5,114,1,7,0
09-17-20,Warren,1008,8,924,8,84,0,1128,9,12016,229,13144,238,-1,7,1,77,8,924,0,16,8
09-17-20,Washington,2087,23,2037,23,50,0,2385,32,26639,385,29024,417,1,28,3,212,19,1847,1,100,32
09-17-20,Wayne,1475,4,1464,4,11,0,1605,5,5613,133,7218,138,0,5,1,36,3,1434,0,19,7
09-17-20,Weakley,1116,38,1038,38,78,0,1226,44,9716,188,10942,232,1,18,24,118,13,980,0,31,20
09-17-20,White,746,22,686,20,60,2,915,28,8295,122,9210,150,0,8,13,107,9,631,0,39,9
09-17-20,Williamson,5012,47,4949,46,63,1,5897,52,60598,619,66495,671,0,35,1,350,46,4627,1,117,36
09-17-20,Wilson,3292,41,3265,40,27,1,3918,47,34360,329,38278,376,1,38,9,207,31,3047,3,112,42
09-16-20,Anderson,1078,9,1045,9,33,0,1239,12,22763,135,24002,147,0,11,-4,96,13,971,0,41,12
09-16-20,Bedford,1264,3,1213,3,51,0,1498,3,11526,43,13024,46,0,15,-8,87,11,1162,0,51,17
09-16-20,Benton,329,1,316,1,13,0,352,1,3761,17,4113,18,0,9,-3,34,4,286,0,17,8
09-16-20,Bledsoe,840,3,835,3,5,0,880,4,7116,27,7996,31,0,4,2,31,1,805,0,18,4
09-16-20,Blount,2383,12,2336,10,47,2,2771,11,25351,191,28122,202,0,21,-1,149,13,2213,0,111,22
09-16-20,Bradley,2816,15,2731,13,85,2,3335,18,22966,99,26301,117,0,16,-4,150,19,2650,2,160,17
09-16-20,Campbell,411,6,384,5,27,1,455,7,9671,19,10126,26,0,3,1,36,5,372,1,21,3
09-16-20,Cannon,265,5,251,5,14,0,315,5,3459,29,3774,34,0,0,0,28,5,237,0,9,0
09-16-20,Carroll,778,4,664,2,114,2,838,3,8718,69,9556,72,0,16,-12,93,16,669,0,45,17
09-16-20,Carter,1084,6,1035,6,49,0,1189,8,13710,58,14899,66,0,26,-4,84,10,974,1,79,27
09-16-20,Cheatham,776,2,769,2,7,0,942,3,9618,39,10560,42,0,10,-3,41,5,725,0,28,10
09-16-20,Chester,550,7,457,3,93,4,612,10,4565,95,5177,105,0,8,4,90,3,452,1,20,11
09-16-20,Claiborne,417,4,383,2,34,2,467,7,9379,44,9846,51,0,4,-4,22,8,391,0,20,5
09-16-20,Clay,165,5,140,2,25,3,173,5,2448,8,2621,13,1,5,3,33,1,127,0,6,5
09-16-20,Cocke,721,0,672,0,49,0,770,0,7128,24,7898,24,0,9,-5,38,5,674,0,38,9
09-16-20,Coffee,1010,10,929,10,81,0,1206,8,16258,93,17464,101,1,11,-5,173,14,826,1,35,12
09-16-20,Crockett,495,2,435,0,60,2,560,2,3292,22,3852,24,0,19,-2,55,4,421,0,20,19
09-16-20,Cumberland,1099,7,1075,5,24,2,1341,11,20094,60,21435,71,1,16,-11,99,17,984,1,54,19
09-16-20,Davidson,26165,70,26018,67,147,3,32871,74,289197,1713,322068,1787,1,284,-8,1081,77,24800,2,1080,302
09-16-20,Decatur,428,2,335,2,93,0,470,2,4982,10,5452,12,0,6,-10,82,12,340,2,15,7
09-16-20,Dekalb,504,0,485,0,19,0,626,0,7217,42,7843,42,0,9,-3,29,3,466,0,23,12
09-16-20,Dickson,1152,6,1052,6,100,0,1442,7,12801,115,14243,122,0,12,-6,97,12,1043,1,55,14
09-16-20,Dyer,1212,18,1129,8,83,10,1310,19,9537,85,10847,104,0,13,2,144,16,1055,0,63,13
09-16-20,Fayette,1105,4,1075,4,30,0,1401,4,14182,114,15583,118,0,16,-4,104,8,985,0,80,21
09-16-20,Fentress,377,6,336,4,41,2,416,6,3471,17,3887,23,0,3,1,75,5,299,0,22,3
09-16-20,Franklin,832,5,804,5,28,0,976,6,13597,36,14573,42,0,7,-15,177,20,648,1,39,7
09-16-20,Gibson,1425,19,1158,16,267,3,1566,22,12953,240,14519,262,0,19,-10,197,29,1209,0,57,21
09-16-20,Giles,544,9,541,9,3,0,651,8,7757,88,8408,96,0,17,2,58,7,469,1,34,17
09-16-20,Grainger,328,1,308,1,20,0,378,1,5295,13,5673,14,0,1,-1,36,2,291,0,20,2
09-16-20,Greene,1032,21,974,21,58,0,1213,22,13361,94,14574,116,0,32,10,81,11,919,1,76,39
09-16-20,Grundy,208,10,198,10,10,0,237,10,2193,19,2430,29,1,5,6,42,3,161,1,27,5
09-16-20,Hamblen,1812,7,1719,6,93,1,1956,6,19252,50,21208,56,1,23,2,74,4,1715,0,91,26
09-16-20,Hamilton,8876,25,8666,21,210,4,10244,24,121645,280,131889,304,0,85,-45,480,70,8311,1,382,91
09-16-20,Hancock,107,0,99,0,8,0,114,0,1749,10,1863,10,0,2,0,7,0,98,0,11,3
09-16-20,Hardeman,1510,5,1450,4,60,1,1743,5,13089,13,14832,18,0,25,2,193,3,1292,0,65,26
09-16-20,Hardin,920,4,780,3,140,1,1014,3,10864,141,11878,144,0,14,-10,97,14,809,0,26,15
09-16-20,Hawkins,730,6,712,6,18,0,840,5,8659,67,9499,72,0,14,5,36,1,680,1,54,17
09-16-20,Haywood,899,4,853,4,46,0,984,7,5597,45,6581,52,1,16,-1,73,4,810,2,45,19
09-16-20,Henderson,1067,5,866,4,201,1,1315,7,7699,68,9014,75,1,19,-8,111,12,937,0,39,20
09-16-20,Henry,574,1,560,1,14,0,681,1,8736,26,9417,27,0,8,-13,47,14,519,1,36,9
09-16-20,Hickman,505,1,478,1,27,0,613,2,6331,30,6944,32,0,4,-8,84,9,417,0,18,6
09-16-20,Houston,161,0,151,0,10,0,178,0,1860,4,2038,4,0,0,-3,41,3,120,0,12,0
09-16-20,Humphreys,215,0,187,0,28,0,242,0,4741,30,4983,30,0,3,-4,32,4,180,0,6,3
09-16-20,Jackson,293,2,268,2,25,0,329,2,2164,15,2493,17,0,3,1,34,1,256,0,16,4
09-16-20,Jefferson,1022,6,917,4,105,2,1061,5,14723,79,15784,84,0,13,-22,109,28,900,1,52,14
09-16-20,Johnson,614,7,605,7,9,0,663,7,5218,40,5881,47,0,2,2,163,5,449,0,19,2
09-16-20,Knox,8822,99,8489,75,333,24,9584,110,114882,754,124466,864,1,68,-73,1095,171,7659,3,337,72
09-16-20,Lake,862,1,859,0,3,1,1061,1,5494,5,6555,6,0,2,-2,11,3,849,0,6,2
09-16-20,Lauderdale,911,5,853,3,58,2,1000,6,9492,103,10492,109,0,14,-2,147,7,750,0,43,16
09-16-20,Lawrence,910,16,899,16,11,0,1059,16,9375,51,10434,67,0,11,9,108,7,791,0,37,13
09-16-20,Lewis,161,0,160,0,1,0,177,0,3988,18,4165,18,0,1,0,11,0,149,0,11,1
09-16-20,Lincoln,562,5,556,5,6,0,679,6,7109,180,7788,186,0,1,-4,73,9,488,0,18,1
09-16-20,Loudon,1072,3,1040,3,32,0,1185,5,11449,214,12634,219,0,6,-14,81,17,985,0,34,6
09-16-20,Macon,995,2,981,2,14,0,1222,3,6544,91,7766,94,0,19,1,40,1,936,0,76,20
09-16-20,Madison,2548,19,2094,10,454,9,2752,21,23806,97,26558,118,1,55,-9,108,27,2385,3,174,68
09-16-20,Marion,483,7,478,7,5,0,579,7,5167,90,5746,97,0,7,2,79,5,397,0,35,7
09-16-20,Marshall,682,19,678,19,4,0,773,20,8165,142,8938,162,0,4,7,71,12,607,0,20,5
09-16-20,Maury,2125,26,2109,25,16,1,2467,31,22356,199,24823,230,1,22,6,230,19,1873,1,78,22
09-16-20,McMinn,1016,30,1004,30,12,0,1174,30,14569,73,15743,103,0,24,19,114,11,878,1,57,24
09-16-20,McNairy,762,10,625,5,137,5,864,11,6031,40,6895,51,1,16,2,125,7,621,0,34,18
09-16-20,Meigs,209,0,205,0,4,0,241,0,2689,25,2930,25,0,3,-5,26,5,180,0,10,3
09-16-20,Monroe,970,3,931,3,39,0,1083,3,9584,62,10667,65,0,16,-13,87,16,867,0,67,17
09-16-20,Montgomery,2893,9,2795,9,98,0,3265,11,36390,299,39655,310,0,41,-9,205,18,2647,0,121,47
09-16-20,Moore,142,2,133,1,9,1,168,2,1977,14,2145,16,0,1,0,21,2,120,0,2,1
09-16-20,Morgan,294,3,277,3,17,0,324,8,7513,41,7837,49,1,3,-3,25,5,266,0,7,3
09-16-20,Obion,1049,6,1021,5,28,1,1151,7,8589,27,9740,34,1,9,-12,110,17,930,0,43,11
09-16-20,Out of State,1974,18,1926,16,48,2,2238,22,246580,1258,248818,1280,-1,24,-16,130,35,1820,0,71,13
09-16-20,Overton,647,6,586,4,61,2,715,6,6215,63,6930,69,0,3,0,111,6,533,0,24,4
09-16-20,Pending,743,11,699,9,44,2,859,11,159637,1151,160496,1162,-1,6,4,59,8,678,0,10,1
09-16-20,Perry,135,0,121,0,14,0,151,0,3061,12,3212,12,0,0,-1,14,1,121,0,6,0
09-16-20,Pickett,92,0,76,0,16,0,99,0,880,1,979,1,0,2,0,12,0,78,0,4,2
09-16-20,Polk,380,2,372,2,8,0,438,1,3362,29,3800,30,0,11,2,13,0,356,1,19,11
09-16-20,Putnam,2893,45,2738,35,155,10,3490,49,26296,162,29786,211,0,36,13,413,32,2444,0,109,39
09-16-20,Rhea,756,5,753,5,3,0,904,5,9601,49,10505,54,2,11,-2,59,5,686,0,27,12
09-16-20,Roane,788,13,761,13,27,0,941,14,15663,142,16604,156,-1,3,3,93,11,692,0,32,4
09-16-20,Robertson,2137,4,2115,4,22,0,2591,4,15480,65,18071,69,1,33,-12,118,15,1986,0,157,35
09-16-20,Rutherford,8811,44,8755,43,56,1,10797,46,74383,548,85180,594,0,85,-6,408,50,8318,0,256,88
09-16-20,Scott,188,2,180,2,8,0,204,2,3810,16,4014,18,0,2,1,14,1,172,0,14,2
09-16-20,Sequatchie,211,7,209,7,2,0,241,8,4510,28,4751,36,1,3,5,34,1,174,0,10,1
09-16-20,Sevier,2468,6,2399,5,69,1,2757,6,23397,99,26154,105,0,13,-3,128,9,2327,0,87,16
09-16-20,Shelby,29839,147,29557,139,282,8,36939,197,339043,3063,375982,3260,7,440,-26,1446,166,27953,3,2123,492
09-16-20,Smith,663,5,640,5,23,0,828,7,4991,73,5819,80,0,10,-3,71,8,582,1,29,10
09-16-20,Stewart,131,4,122,4,9,0,158,4,2458,15,2616,19,0,2,2,21,2,108,0,6,2
09-16-20,Sullivan,1991,16,1891,15,100,1,2143,19,26158,280,28301,299,0,31,-2,121,18,1839,0,165,31
09-16-20,Sumner,4620,12,4587,12,33,0,5505,15,39554,131,45059,146,0,92,-7,236,19,4292,2,388,99
09-16-20,Tipton,1692,7,1593,3,99,4,2003,8,18899,197,20902,205,0,17,-2,131,9,1544,0,87,19
09-16-20,Trousdale,1644,0,1640,0,4,0,1720,0,4650,17,6370,17,0,7,0,15,0,1622,0,25,7
09-16-20,Unicoi,264,2,260,1,4,1,304,2,5341,46,5645,48,0,1,0,24,2,239,0,12,1
09-16-20,Union,297,2,277,0,20,2,316,0,3946,24,4262,24,0,1,-1,43,3,253,0,10,1
09-16-20,Van Buren,145,9,130,8,15,1,161,10,1642,43,1803,53,0,0,4,36,5,109,0,6,0
09-16-20,Warren,1000,5,916,3,84,2,1119,6,11787,56,12906,62,0,8,-5,76,10,916,0,16,8
09-16-20,Washington,2064,26,2014,24,50,2,2353,23,26254,165,28607,188,1,27,6,209,19,1828,2,99,32
09-16-20,Wayne,1471,1,1460,1,11,0,1600,2,5480,36,7080,38,1,5,-2,35,2,1431,0,19,7
09-16-20,Weakley,1078,8,1000,7,78,1,1182,7,9528,65,10710,72,0,17,-7,94,15,967,0,31,19
09-16-20,White,724,9,666,5,58,4,887,10,8173,67,9060,77,0,8,0,94,9,622,0,39,9
09-16-20,Williamson,4965,28,4903,27,62,1,5845,28,59979,406,65824,434,0,35,-7,349,35,4581,2,116,36
09-16-20,Wilson,3251,9,3225,9,26,0,3871,10,34031,186,37902,196,0,37,-21,198,30,3016,0,109,40
09-15-20,Anderson,1069,16,1036,16,33,0,1227,16,22628,223,23855,239,1,11,4,100,11,958,1,41,12
09-15-20,Bedford,1261,15,1210,12,51,3,1495,15,11483,272,12978,287,1,15,2,95,12,1151,2,51,17
09-15-20,Benton,328,8,315,6,13,2,351,9,3744,113,4095,122,0,9,1,37,7,282,0,17,8
09-15-20,Bledsoe,837,2,832,2,5,0,876,1,7089,202,7965,203,0,4,1,29,1,804,0,18,4
09-15-20,Blount,2371,13,2326,10,45,3,2760,19,25160,324,27920,343,0,21,-12,150,25,2200,1,111,22
09-15-20,Bradley,2801,7,2718,7,83,0,3317,7,22867,261,26184,268,0,16,-17,154,24,2631,0,158,17
09-15-20,Campbell,405,5,379,5,26,0,448,5,9652,101,10100,106,0,3,0,35,5,367,0,20,3
09-15-20,Cannon,260,3,246,3,14,0,310,3,3430,51,3740,54,0,0,-2,28,5,232,0,9,0
09-15-20,Carroll,774,16,662,13,112,3,835,17,8649,377,9484,394,1,16,4,105,11,653,0,45,17
09-15-20,Carter,1078,9,1029,9,49,0,1181,8,13652,211,14833,219,0,26,-4,88,13,964,0,78,27
09-15-20,Cheatham,774,13,767,13,7,0,939,13,9579,83,10518,96,0,10,12,44,1,720,0,28,10
09-15-20,Chester,543,16,454,3,89,13,602,25,4470,118,5072,143,0,8,10,86,6,449,0,19,11
09-15-20,Claiborne,413,6,381,4,32,2,460,6,9335,198,9795,204,0,4,1,26,5,383,0,20,4
09-15-20,Clay,160,8,138,6,22,2,168,9,2440,51,2608,60,0,4,7,30,1,126,0,6,5
09-15-20,Cocke,721,7,672,6,49,1,770,6,7104,72,7874,78,0,9,5,43,2,669,0,38,9
09-15-20,Coffee,1000,29,919,26,81,3,1198,35,16165,275,17363,310,1,10,7,178,21,812,0,34,12
09-15-20,Crockett,493,8,435,8,58,0,558,23,3270,474,3828,497,0,19,2,57,6,417,0,20,19
09-15-20,Cumberland,1092,15,1070,15,22,0,1330,18,20034,365,21364,383,3,15,-17,110,29,967,0,53,19
09-15-20,Davidson,26095,156,25951,142,144,14,32797,183,287484,3191,320281,3374,2,283,64,1089,90,24723,1,1078,301
09-15-20,Decatur,426,9,333,8,93,1,468,9,4972,40,5440,49,1,6,0,92,8,328,0,13,7
09-15-20,Dekalb,504,11,485,10,19,1,626,11,7175,43,7801,54,0,9,9,32,2,463,1,23,11
09-15-20,Dickson,1146,9,1046,8,100,1,1435,11,12686,114,14121,125,0,12,-8,103,17,1031,0,54,14
09-15-20,Dyer,1194,22,1121,19,73,3,1291,21,9452,128,10743,149,1,13,1,142,20,1039,0,63,13
09-15-20,Fayette,1101,20,1071,17,30,3,1397,26,14068,118,15465,144,2,16,12,108,6,977,0,80,20
09-15-20,Fentress,371,18,332,16,39,2,410,20,3454,36,3864,56,0,3,7,74,11,294,1,22,3
09-15-20,Franklin,827,29,799,28,28,1,970,34,13561,115,14531,149,0,7,3,192,26,628,2,38,7
09-15-20,Gibson,1406,24,1142,15,264,9,1544,29,12713,309,14257,338,0,19,6,207,18,1180,0,57,21
09-15-20,Giles,535,4,532,4,3,0,643,6,7669,57,8312,63,0,17,-2,56,6,462,0,33,17
09-15-20,Grainger,327,7,307,6,20,1,377,7,5282,65,5659,72,0,1,5,37,2,289,0,20,2
09-15-20,Greene,1011,2,953,2,58,0,1191,7,13267,180,14458,187,2,32,-13,71,13,908,0,75,36
09-15-20,Grundy,198,6,188,3,10,3,227,6,2174,18,2401,24,0,4,5,36,1,158,0,26,5
09-15-20,Hamblen,1805,14,1713,13,92,1,1950,14,19202,351,21152,365,0,22,7,72,7,1711,0,91,24
09-15-20,Hamilton,8851,107,8645,93,206,14,10220,105,121365,1402,131585,1507,0,85,45,525,62,8241,4,381,90
09-15-20,Hancock,107,0,99,0,8,0,114,0,1739,11,1853,11,0,2,0,7,0,98,0,11,3
09-15-20,Hardeman,1505,12,1446,10,59,2,1738,14,13076,59,14814,73,0,25,7,191,5,1289,0,65,26
09-15-20,Hardin,916,14,777,12,139,2,1011,14,10723,83,11734,97,0,14,-4,107,18,795,1,26,15
09-15-20,Hawkins,724,6,706,6,18,0,835,6,8592,96,9427,102,0,14,4,31,2,679,1,53,17
09-15-20,Haywood,895,10,849,9,46,1,977,12,5552,57,6529,69,0,15,6,74,4,806,1,43,18
09-15-20,Henderson,1062,8,862,6,200,2,1308,11,7631,39,8939,50,0,18,1,119,7,925,0,39,20
09-15-20,Henry,573,14,559,14,14,0,680,16,8710,379,9390,395,0,8,4,60,10,505,1,35,8
09-15-20,Hickman,504,16,477,15,27,1,611,16,6301,137,6912,153,0,4,10,92,6,408,0,18,6
09-15-20,Houston,161,9,151,7,10,2,178,10,1856,10,2034,20,0,0,4,44,5,117,0,12,0
09-15-20,Humphreys,215,5,187,4,28,1,242,5,4711,47,4953,52,0,3,3,36,2,176,0,6,3
09-15-20,Jackson,291,7,266,5,25,2,327,7,2149,17,2476,24,1,3,4,33,2,255,0,16,4
09-15-20,Jefferson,1016,6,913,4,103,2,1056,6,14644,239,15700,245,0,13,-10,131,16,872,1,51,14
09-15-20,Johnson,607,6,598,4,9,2,656,9,5178,52,5834,61,0,2,-1,161,7,444,0,19,2
09-15-20,Knox,8723,129,8414,123,309,6,9474,133,114128,1329,123602,1462,0,67,-45,1168,174,7488,3,334,71
09-15-20,Lake,861,1,859,1,2,0,1060,2,5489,59,6549,61,0,2,-1,13,2,846,0,6,2
09-15-20,Lauderdale,906,17,850,17,56,0,994,19,9389,139,10383,158,0,14,6,149,11,743,0,43,16
09-15-20,Lawrence,894,4,883,4,11,0,1043,5,9324,54,10367,59,0,11,-11,99,15,784,0,37,13
09-15-20,Lewis,161,2,160,2,1,0,177,2,3970,19,4147,21,0,1,0,11,2,149,0,11,1
09-15-20,Lincoln,557,15,551,15,6,0,673,15,6929,69,7602,84,0,1,5,77,10,479,2,18,1
09-15-20,Loudon,1069,19,1037,19,32,0,1180,24,11235,151,12415,175,0,6,13,95,6,968,1,34,6
09-15-20,Macon,993,9,979,7,14,2,1219,11,6453,52,7672,63,0,19,5,39,4,935,0,76,20
09-15-20,Madison,2529,43,2084,22,445,21,2731,44,23709,461,26440,505,0,54,5,117,38,2358,3,171,68
09-15-20,Marion,476,4,471,4,5,0,572,5,5077,30,5649,35,0,7,-5,77,9,392,0,35,7
09-15-20,Marshall,663,5,659,5,4,0,753,5,8023,69,8776,74,0,4,1,64,4,595,0,20,5
09-15-20,Maury,2099,14,2084,14,15,0,2436,16,22157,311,24593,327,1,21,-8,224,21,1854,0,77,22
09-15-20,McMinn,986,10,974,10,12,0,1144,14,14496,109,15640,123,0,24,-7,95,17,867,2,56,24
09-15-20,McNairy,752,19,620,12,132,7,853,21,5991,51,6844,72,0,15,-9,123,28,614,1,34,18
09-15-20,Meigs,209,0,205,0,4,0,241,0,2664,29,2905,29,0,3,-1,31,1,175,0,10,3
09-15-20,Monroe,967,10,928,10,39,0,1080,12,9522,104,10602,116,-1,16,-2,100,13,851,0,67,17
09-15-20,Montgomery,2884,30,2786,28,98,2,3254,29,36091,380,39345,409,1,41,2,214,27,2629,0,121,47
09-15-20,Moore,140,7,132,5,8,2,166,7,1963,142,2129,149,0,1,6,21,1,118,0,2,1
09-15-20,Morgan,291,6,274,6,17,0,316,6,7472,45,7788,51,0,2,1,28,5,261,0,7,3
09-15-20,Obion,1043,23,1016,23,27,0,1144,25,8562,105,9706,130,0,8,11,122,12,913,1,43,11
09-15-20,Out of State,1956,25,1910,21,46,4,2216,26,245322,4650,247538,4676,1,25,-6,146,30,1785,0,71,13
09-15-20,Overton,641,29,582,22,59,7,709,32,6152,66,6861,98,0,3,20,111,9,527,3,24,4
09-15-20,Pending,732,15,690,13,42,2,848,18,158486,1744,159334,1762,0,7,3,55,12,670,0,10,1
09-15-20,Perry,135,2,121,2,14,0,151,2,3049,22,3200,24,0,0,1,15,1,120,0,6,0
09-15-20,Pickett,92,2,76,1,16,1,99,2,879,12,978,14,1,2,-4,12,5,78,1,4,2
09-15-20,Polk,378,2,370,2,8,0,437,4,3333,23,3770,27,0,11,-1,11,3,356,0,18,11
09-15-20,Putnam,2848,90,2703,79,145,11,3441,94,26134,315,29575,409,0,36,57,400,33,2412,1,109,37
09-15-20,Rhea,751,3,748,3,3,0,899,9,9552,413,10451,422,1,9,-2,61,4,681,0,27,12
09-15-20,Roane,775,12,748,12,27,0,927,18,15521,317,16448,335,0,4,5,90,7,681,0,32,4
09-15-20,Robertson,2133,14,2111,13,22,1,2587,17,15415,138,18002,155,0,32,0,130,14,1971,4,157,34
09-15-20,Rutherford,8767,60,8712,49,55,11,10751,66,73835,643,84586,709,1,85,-10,414,69,8268,2,256,88
09-15-20,Scott,186,3,178,3,8,0,202,3,3794,66,3996,69,0,2,1,13,2,171,0,14,2
09-15-20,Sequatchie,204,0,202,0,2,0,233,0,4482,111,4715,111,0,2,-3,29,3,173,0,10,1
09-15-20,Sevier,2462,14,2394,12,68,2,2751,15,23298,304,26049,319,0,13,-6,131,20,2318,0,87,16
09-15-20,Shelby,29692,292,29418,266,274,26,36742,457,335980,4598,372722,5055,5,433,127,1472,160,27787,16,2120,490
09-15-20,Smith,658,10,635,9,23,1,821,14,4918,58,5739,72,0,10,3,74,7,574,0,28,10
09-15-20,Stewart,127,0,118,0,9,0,154,0,2443,15,2597,15,0,2,-1,19,1,106,0,6,2
09-15-20,Sullivan,1975,15,1876,15,99,0,2124,16,25878,381,28002,397,0,31,-3,123,18,1821,1,165,31
09-15-20,Sumner,4608,18,4575,17,33,1,5490,22,39423,408,44913,430,1,92,-19,243,36,4273,2,386,98
09-15-20,Tipton,1685,22,1590,20,95,2,1995,29,18702,185,20697,214,0,17,7,133,15,1535,0,87,19
09-15-20,Trousdale,1644,2,1640,1,4,1,1720,2,4633,36,6353,38,0,7,1,15,1,1622,0,25,7
09-15-20,Unicoi,262,4,259,4,3,0,302,4,5295,167,5597,171,0,1,1,24,3,237,0,12,1
09-15-20,Union,295,12,277,10,18,2,316,12,3922,29,4238,41,0,1,8,44,4,250,1,10,1
09-15-20,Van Buren,136,4,122,4,14,0,151,5,1599,124,1750,129,0,0,-3,32,7,104,0,6,0
09-15-20,Warren,995,11,913,9,82,2,1113,14,11731,107,12844,121,0,8,-1,81,12,906,1,16,8
09-15-20,Washington,2038,21,1990,20,48,1,2330,19,26089,262,28419,281,1,26,-4,203,24,1809,1,97,31
09-15-20,Wayne,1470,8,1459,8,11,0,1598,10,5444,44,7042,54,0,4,1,37,7,1429,0,19,7
09-15-20,Weakley,1070,11,993,11,77,0,1175,12,9463,82,10638,94,2,17,-15,101,24,952,0,31,19
09-15-20,White,715,17,661,14,54,3,877,21,8106,272,8983,293,0,8,5,94,12,613,2,39,9
09-15-20,Williamson,4937,57,4876,53,61,4,5817,64,59573,960,65390,1024,0,35,6,356,51,4546,2,114,36
09-15-20,Wilson,3242,22,3216,22,26,0,3861,31,33845,512,37706,543,0,37,1,219,21,2986,0,109,39
09-14-20,Anderson,1053,6,1020,5,33,1,1211,6,22405,106,23616,112,0,10,-7,96,13,947,1,40,11
09-14-20,Bedford,1246,10,1198,10,48,0,1480,13,11211,92,12691,105,0,14,0,93,10,1139,0,49,17
09-14-20,Benton,320,4,309,3,11,1,342,4,3631,22,3973,26,0,9,-1,36,5,275,0,17,8
09-14-20,Bledsoe,835,3,830,3,5,0,875,3,6887,61,7762,64,0,4,0,28,3,803,0,18,4
09-14-20,Blount,2358,10,2316,10,42,0,2741,11,24836,172,27577,183,0,21,-4,162,14,2175,1,110,22
09-14-20,Bradley,2794,24,2711,22,83,2,3310,25,22606,266,25916,291,0,16,-3,171,27,2607,0,158,17
09-14-20,Campbell,400,3,374,3,26,0,443,3,9551,159,9994,162,0,3,-4,35,7,362,0,20,3
09-14-20,Cannon,257,7,243,7,14,0,307,8,3379,46,3686,54,0,0,-3,30,10,227,1,9,0
09-14-20,Carroll,758,13,649,8,109,5,818,12,8272,125,9090,137,0,15,-8,101,21,642,0,45,17
09-14-20,Carter,1069,12,1020,12,49,0,1173,13,13441,167,14614,180,0,26,2,92,10,951,0,78,26
09-14-20,Cheatham,761,10,754,10,7,0,926,11,9496,77,10422,88,0,10,8,32,2,719,0,28,10
09-14-20,Chester,527,9,451,7,76,2,577,7,4352,42,4929,49,0,8,-1,76,10,443,0,19,10
09-14-20,Claiborne,407,4,377,4,30,0,454,5,9137,67,9591,72,0,4,-1,25,5,378,0,20,4
09-14-20,Clay,152,5,132,1,20,4,159,5,2389,11,2548,16,0,4,4,23,1,125,0,6,4
09-14-20,Cocke,714,3,666,2,48,1,764,2,7032,44,7796,46,0,9,-3,38,6,667,1,38,9
09-14-20,Coffee,971,30,893,25,78,5,1163,31,15890,189,17053,220,0,9,23,171,7,791,1,34,12
09-14-20,Crockett,485,4,427,2,58,2,535,5,2796,39,3331,44,0,19,0,55,4,411,1,20,19
09-14-20,Cumberland,1077,2,1055,2,22,0,1312,3,19669,57,20981,60,2,12,-21,127,21,938,0,53,19
09-14-20,Davidson,25939,111,25809,105,130,6,32614,126,284293,1933,316907,2059,2,281,-2,1025,111,24633,5,1077,300
09-14-20,Decatur,417,11,325,10,92,1,459,12,4932,217,5391,229,0,5,-1,92,12,320,1,13,7
09-14-20,Dekalb,493,0,475,0,18,0,615,0,7132,42,7747,42,0,9,-7,23,7,461,0,22,11
09-14-20,Dickson,1137,12,1038,7,99,5,1424,23,12572,120,13996,143,0,12,3,111,9,1014,0,54,14
09-14-20,Dyer,1172,13,1102,11,70,2,1270,14,9324,107,10594,121,0,12,-5,141,18,1019,2,63,13
09-14-20,Fayette,1081,12,1054,11,27,1,1371,14,13950,122,15321,136,0,14,-5,96,17,971,1,80,20
09-14-20,Fentress,353,8,316,8,37,0,390,10,3418,30,3808,40,0,3,-11,67,19,283,0,21,3
09-14-20,Franklin,798,15,771,15,27,0,936,16,13446,104,14382,120,0,7,-13,189,28,602,0,36,7
09-14-20,Gibson,1382,8,1127,4,255,4,1515,10,12404,117,13919,127,0,19,-16,201,24,1162,1,57,21
09-14-20,Giles,531,8,528,8,3,0,637,10,7612,71,8249,81,1,17,4,58,3,456,0,33,17
09-14-20,Grainger,320,4,301,4,19,0,370,4,5217,15,5587,19,0,1,0,32,4,287,1,20,2
09-14-20,Greene,1009,16,951,16,58,0,1184,17,13087,79,14271,96,2,30,-8,84,22,895,0,75,36
09-14-20,Grundy,192,3,185,3,7,0,221,4,2156,27,2377,31,0,4,-1,31,4,157,2,26,5
09-14-20,Hamblen,1791,7,1700,7,91,0,1936,7,18851,49,20787,56,0,22,-2,65,9,1704,1,91,24
09-14-20,Hamilton,8744,79,8552,77,192,2,10115,86,119963,1147,130078,1233,2,85,12,480,65,8179,3,377,90
09-14-20,Hancock,107,2,99,1,8,1,114,1,1728,10,1842,11,0,2,0,7,2,98,0,11,3
09-14-20,Hardeman,1493,12,1436,12,57,0,1724,12,13017,157,14741,169,0,25,0,184,12,1284,1,65,26
09-14-20,Hardin,902,7,765,5,137,2,997,8,10640,183,11637,191,0,14,-16,111,23,777,0,25,15
09-14-20,Hawkins,718,3,700,2,18,1,829,4,8496,62,9325,66,0,14,-2,27,5,677,0,52,16
09-14-20,Haywood,885,3,840,3,45,0,965,4,5495,94,6460,98,0,15,-5,68,8,802,0,42,17
09-14-20,Henderson,1054,13,856,8,198,5,1297,14,7592,150,8889,164,0,18,-6,118,19,918,1,39,20
09-14-20,Henry,559,5,545,5,14,0,664,7,8331,56,8995,63,0,8,-3,56,8,495,0,34,8
09-14-20,Hickman,488,11,462,10,26,1,595,11,6164,73,6759,84,0,4,2,82,9,402,0,18,6
09-14-20,Houston,152,15,144,12,8,3,168,18,1846,29,2014,47,0,0,12,40,3,112,3,12,0
09-14-20,Humphreys,210,4,183,3,27,1,237,5,4664,125,4901,130,0,3,1,33,3,174,0,6,3
09-14-20,Jackson,284,3,261,2,23,1,320,3,2132,9,2452,12,0,2,1,29,2,253,0,16,4
09-14-20,Jefferson,1010,4,909,4,101,0,1050,5,14405,44,15455,49,0,13,-12,141,16,856,0,50,14
09-14-20,Johnson,601,21,594,21,7,0,647,23,5126,138,5773,161,0,2,13,162,8,437,0,19,2
09-14-20,Knox,8594,123,8291,119,303,4,9341,130,112799,870,122140,1000,0,67,-50,1213,173,7314,4,331,71
09-14-20,Lake,860,4,858,4,2,0,1058,4,5430,12,6488,16,0,2,4,14,0,844,0,6,2
09-14-20,Lauderdale,889,5,833,5,56,0,975,5,9250,74,10225,79,0,14,-5,143,10,732,2,43,16
09-14-20,Lawrence,890,18,879,17,11,1,1038,22,9270,145,10308,167,0,11,9,110,9,769,0,37,12
09-14-20,Lewis,159,0,158,0,1,0,175,0,3951,103,4126,103,0,1,-3,11,3,147,0,11,1
09-14-20,Lincoln,542,3,536,3,6,0,658,3,6860,48,7518,51,0,1,-2,72,5,469,0,16,1
09-14-20,Loudon,1050,3,1018,3,32,0,1156,4,11084,88,12240,92,2,6,-10,82,11,962,0,33,6
09-14-20,Macon,984,7,972,7,12,0,1208,7,6401,94,7609,101,0,19,-1,34,8,931,0,76,20
09-14-20,Madison,2486,79,2062,31,424,48,2687,76,23248,257,25935,333,0,54,40,112,39,2320,1,168,68
09-14-20,Marion,472,18,467,18,5,0,567,20,5047,71,5614,91,0,7,8,82,10,383,0,35,7
09-14-20,Marshall,658,13,654,13,4,0,748,16,7954,69,8702,85,0,4,1,63,12,591,0,20,4
09-14-20,Maury,2085,27,2070,27,15,0,2420,29,21846,234,24266,263,0,20,10,232,17,1833,0,77,22
09-14-20,McMinn,976,5,964,5,12,0,1130,6,14387,201,15517,207,0,24,-4,102,9,850,1,54,24
09-14-20,McNairy,733,11,608,7,125,4,832,14,5940,72,6772,86,0,15,-8,132,19,586,0,33,17
09-14-20,Meigs,209,2,205,2,4,0,241,2,2635,31,2876,33,0,3,-3,32,5,174,0,10,3
09-14-20,Monroe,957,2,918,2,39,0,1068,3,9418,106,10486,109,0,17,-18,102,20,838,0,67,17
09-14-20,Montgomery,2854,25,2758,22,96,3,3225,23,35711,285,38936,308,1,40,2,212,22,2602,2,121,46
09-14-20,Moore,133,3,127,3,6,0,159,3,1821,11,1980,14,0,1,2,15,1,117,0,2,1
09-14-20,Morgan,285,0,268,0,17,0,310,1,7427,22,7737,23,0,2,-5,27,5,256,0,7,3
09-14-20,Obion,1020,13,993,11,27,2,1119,13,8457,71,9576,84,0,8,-9,111,22,901,0,42,11
09-14-20,Out of State,1931,31,1889,30,42,1,2190,33,240672,2243,242862,2276,1,24,-2,152,32,1755,3,71,12
09-14-20,Overton,612,16,560,13,52,3,677,15,6086,38,6763,53,0,3,6,91,10,518,1,21,4
09-14-20,Pending,717,10,677,9,40,1,830,12,156742,1425,157572,1437,1,7,-11,52,20,658,0,10,1
09-14-20,Perry,133,1,119,1,14,0,149,1,3027,31,3176,32,0,0,-2,14,3,119,0,6,0
09-14-20,Pickett,90,1,75,1,15,0,97,1,867,2,964,3,0,1,-2,16,3,73,0,3,2
09-14-20,Polk,376,0,368,0,8,0,433,2,3310,33,3743,35,0,11,-2,12,2,353,0,18,11
09-14-20,Putnam,2758,23,2624,14,134,9,3347,25,25819,119,29166,144,0,36,-25,343,48,2379,3,108,37
09-14-20,Rhea,748,13,745,13,3,0,890,14,9139,96,10029,110,0,8,6,63,7,677,2,27,12
09-14-20,Roane,763,4,736,4,27,0,909,7,15204,52,16113,59,0,4,-12,85,16,674,0,32,4
09-14-20,Robertson,2119,25,2098,24,21,1,2570,27,15277,107,17847,134,1,32,17,130,7,1957,3,153,34
09-14-20,Rutherford,8707,57,8663,55,44,2,10685,71,73192,822,83877,893,0,84,4,424,53,8199,0,254,87
09-14-20,Scott,183,2,175,2,8,0,199,2,3728,24,3927,26,0,2,0,12,2,169,1,14,2
09-14-20,Sequatchie,204,6,202,6,2,0,233,6,4371,48,4604,54,0,2,2,32,4,170,0,10,1
09-14-20,Sevier,2448,8,2382,7,66,1,2736,9,22994,116,25730,125,0,13,-16,137,24,2298,1,87,16
09-14-20,Shelby,29400,274,29152,268,248,6,36285,334,331382,3450,367667,3784,1,428,133,1345,140,27627,14,2104,489
09-14-20,Smith,648,9,626,6,22,3,807,8,4860,42,5667,50,0,10,-4,71,13,567,0,28,10
09-14-20,Stewart,127,5,118,5,9,0,154,5,2428,25,2582,30,0,2,3,20,2,105,0,6,2
09-14-20,Sullivan,1960,11,1861,9,99,2,2108,11,25497,194,27605,205,0,31,-9,126,20,1803,0,164,31
09-14-20,Sumner,4590,26,4558,26,32,0,5468,31,39015,308,44483,339,0,91,0,262,26,4237,1,384,97
09-14-20,Tipton,1663,13,1570,8,93,5,1966,13,18517,273,20483,286,1,17,5,126,7,1520,1,87,19
09-14-20,Trousdale,1642,2,1639,2,3,0,1718,2,4597,15,6315,17,0,7,0,14,2,1621,1,25,7
09-14-20,Unicoi,258,4,255,4,3,0,298,4,5128,44,5426,48,0,1,-2,23,6,234,0,12,1
09-14-20,Union,283,7,267,6,16,1,304,5,3893,29,4197,34,0,1,5,36,2,246,1,9,1
09-14-20,Van Buren,132,1,118,0,14,1,146,0,1475,71,1621,71,0,0,-1,35,2,97,0,6,0
09-14-20,Warren,984,7,904,3,80,4,1099,5,11624,89,12723,94,0,8,-15,82,22,894,0,15,8
09-14-20,Washington,2017,36,1970,36,47,0,2311,42,25827,379,28138,421,1,25,15,207,20,1785,2,96,31
09-14-20,Wayne,1462,1,1451,1,11,0,1588,4,5400,47,6988,51,0,4,-16,36,17,1422,0,19,6
09-14-20,Weakley,1059,7,982,7,77,0,1163,6,9381,86,10544,92,0,15,-12,116,19,928,1,31,18
09-14-20,White,698,4,647,3,51,1,856,6,7834,66,8690,72,0,8,-5,89,9,601,1,37,9
09-14-20,Williamson,4880,38,4823,37,57,1,5753,39,58613,653,64366,692,0,35,-5,350,43,4495,1,112,36
09-14-20,Wilson,3220,28,3194,26,26,2,3830,30,33333,329,37163,359,1,37,-1,218,28,2965,3,109,39
09-13-20,Anderson,1047,21,1015,20,32,1,1205,21,22299,255,23504,276,0,10,16,103,5,934,1,39,11
09-13-20,Bedford,1236,7,1188,7,48,0,1467,8,11119,108,12586,116,0,14,5,93,2,1129,0,49,16
09-13-20,Benton,316,9,306,9,10,0,338,10,3609,25,3947,35,0,9,5,37,4,270,0,17,8
09-13-20,Bledsoe,832,3,827,3,5,0,872,3,6826,59,7698,62,0,4,2,28,1,800,0,18,4
09-13-20,Blount,2348,30,2306,30,42,0,2730,36,24664,365,27394,401,1,21,23,166,6,2161,4,109,22
09-13-20,Bradley,2770,15,2689,14,81,1,3285,14,22340,159,25625,173,0,16,7,174,8,2580,0,158,17
09-13-20,Campbell,397,3,371,3,26,0,440,4,9392,87,9832,91,0,3,0,39,3,355,1,20,3
09-13-20,Cannon,250,2,236,2,14,0,299,3,3333,28,3632,31,0,0,-1,33,3,217,0,8,0
09-13-20,Carroll,745,13,641,9,104,4,806,14,8147,123,8953,137,0,15,11,109,2,621,0,45,17
09-13-20,Carter,1057,2,1008,2,49,0,1160,3,13274,101,14434,104,0,26,-6,90,8,941,0,78,26
09-13-20,Cheatham,751,0,744,0,7,0,915,3,9419,63,10334,66,0,10,-5,24,5,717,0,28,10
09-13-20,Chester,518,7,444,5,74,2,570,6,4310,51,4880,57,0,8,-1,77,8,433,0,19,10
09-13-20,Claiborne,403,4,373,4,30,0,449,4,9070,68,9519,72,0,4,1,26,3,373,1,20,4
09-13-20,Clay,147,3,131,3,16,0,154,3,2378,33,2532,36,0,4,2,19,1,124,0,6,4
09-13-20,Cocke,711,1,664,1,47,0,762,1,6988,75,7750,76,0,9,-4,41,5,661,0,37,9
09-13-20,Coffee,941,18,868,18,73,0,1132,20,15701,213,16833,233,0,9,10,148,8,784,1,33,12
09-13-20,Crockett,481,7,425,7,56,0,530,9,2757,127,3287,136,0,19,6,55,1,407,0,19,19
09-13-20,Cumberland,1075,12,1053,12,22,0,1309,16,19612,211,20921,227,0,10,1,148,11,917,0,53,16
09-13-20,Davidson,25828,87,25704,87,124,0,32488,142,282360,2116,314848,2258,2,279,7,1027,78,24522,1,1072,297
09-13-20,Decatur,406,7,315,7,91,0,447,10,4715,45,5162,55,0,5,4,93,3,308,0,12,5
09-13-20,Dekalb,493,1,475,1,18,0,615,1,7090,150,7705,151,0,9,-1,30,2,454,0,22,10
09-13-20,Dickson,1125,11,1031,11,94,0,1401,16,12452,144,13853,160,0,12,2,108,9,1005,0,54,14
09-13-20,Dyer,1159,15,1091,15,68,0,1256,17,9217,134,10473,151,2,12,6,146,7,1001,0,61,13
09-13-20,Fayette,1069,15,1043,15,26,0,1357,17,13828,112,15185,129,0,14,12,101,3,954,0,79,19
09-13-20,Fentress,345,3,308,3,37,0,380,4,3388,32,3768,36,0,3,-2,78,5,264,0,21,3
09-13-20,Franklin,783,21,756,21,27,0,920,22,13342,74,14262,96,0,7,9,202,12,574,0,36,7
09-13-20,Gibson,1374,32,1123,26,251,6,1505,32,12287,232,13792,264,0,19,18,217,14,1138,1,56,21
09-13-20,Giles,523,5,520,5,3,0,627,6,7541,59,8168,65,1,16,2,54,2,453,0,33,17
09-13-20,Grainger,316,7,297,7,19,0,366,7,5202,54,5568,61,0,1,6,32,1,283,0,19,2
09-13-20,Greene,993,17,935,17,58,0,1167,20,13008,100,14175,120,0,28,7,92,10,873,1,75,34
09-13-20,Grundy,189,1,182,1,7,0,217,0,2129,27,2346,27,0,4,-1,32,2,153,0,24,5
09-13-20,Hamblen,1784,9,1693,6,91,3,1929,5,18802,175,20731,180,0,22,5,67,4,1695,3,90,24
09-13-20,Hamilton,8665,50,8475,45,190,5,10029,77,118816,1126,128845,1203,1,83,-18,468,67,8114,2,374,90
09-13-20,Hancock,105,0,98,0,7,0,113,0,1718,14,1831,14,0,2,0,7,0,96,0,11,2
09-13-20,Hardeman,1481,9,1424,9,57,0,1712,18,12860,348,14572,366,0,25,7,184,2,1272,0,64,26
09-13-20,Hardin,895,15,760,14,135,1,989,15,10457,47,11446,62,0,14,2,127,13,754,0,25,15
09-13-20,Hawkins,715,1,698,0,17,1,825,0,8434,41,9259,41,0,14,-1,29,2,672,0,52,15
09-13-20,Haywood,882,15,837,15,45,0,961,15,5401,63,6362,78,0,15,14,73,1,794,1,42,16
09-13-20,Henderson,1041,13,848,12,193,1,1283,14,7442,83,8725,97,0,18,8,124,5,899,0,38,19
09-13-20,Henry,554,14,540,13,14,1,657,16,8275,79,8932,95,0,8,11,59,3,487,0,34,8
09-13-20,Hickman,477,5,452,5,25,0,584,4,6091,52,6675,56,0,4,-2,80,7,393,0,18,5
09-13-20,Houston,137,5,132,5,5,0,150,5,1817,21,1967,26,0,0,4,28,1,109,0,9,0
09-13-20,Humphreys,206,4,180,4,26,0,232,4,4539,36,4771,40,0,3,2,32,2,171,0,6,3
09-13-20,Jackson,281,3,259,3,22,0,317,3,2123,25,2440,28,0,2,-2,28,5,251,0,16,4
09-13-20,Jefferson,1006,7,905,7,101,0,1045,9,14361,115,15406,124,0,13,0,153,7,840,0,50,14
09-13-20,Johnson,580,2,573,1,7,1,624,3,4988,17,5612,20,0,2,-2,149,4,429,0,19,2
09-13-20,Knox,8471,133,8172,126,299,7,9211,139,111929,1069,121140,1208,0,67,-5,1263,138,7141,0,327,71
09-13-20,Lake,856,4,854,4,2,0,1054,4,5418,19,6472,23,0,2,3,10,1,844,0,6,2
09-13-20,Lauderdale,884,13,828,13,56,0,970,16,9176,97,10146,113,0,14,4,148,9,722,0,41,16
09-13-20,Lawrence,872,6,862,6,10,0,1016,10,9125,95,10141,105,0,11,2,101,4,760,0,37,11
09-13-20,Lewis,159,1,158,1,1,0,175,1,3848,104,4023,105,0,1,1,14,0,144,0,11,1
09-13-20,Lincoln,539,6,533,6,6,0,655,7,6812,45,7467,52,0,1,-1,74,7,464,0,16,1
09-13-20,Loudon,1047,14,1015,14,32,0,1152,16,10996,114,12148,130,0,4,11,92,3,951,0,33,6
09-13-20,Macon,977,5,965,5,12,0,1201,8,6307,83,7508,91,0,19,4,35,1,923,0,76,20
09-13-20,Madison,2407,69,2031,33,376,36,2611,68,22991,338,25602,406,0,54,38,72,31,2281,3,167,68
09-13-20,Marion,454,5,449,5,5,0,547,6,4976,38,5523,44,0,7,-1,74,6,373,0,35,7
09-13-20,Marshall,645,4,641,4,4,0,732,5,7885,52,8617,57,0,4,0,62,4,579,0,20,4
09-13-20,Maury,2058,21,2043,21,15,0,2391,23,21612,242,24003,265,1,20,9,222,11,1816,1,77,22
09-13-20,McMinn,971,9,959,9,12,0,1124,10,14186,111,15310,121,0,24,1,106,8,841,0,53,24
09-13-20,McNairy,722,19,601,18,121,1,818,17,5868,102,6686,119,0,15,9,140,10,567,0,33,16
09-13-20,Meigs,207,3,203,3,4,0,239,4,2604,11,2843,15,0,3,0,35,3,169,0,10,3
09-13-20,Monroe,955,11,916,11,39,0,1065,14,9312,127,10377,141,0,17,8,120,3,818,3,67,17
09-13-20,Montgomery,2829,21,2736,21,93,0,3202,25,35426,253,38628,278,0,39,11,210,10,2580,0,119,45
09-13-20,Moore,130,1,124,1,6,0,156,1,1810,5,1966,6,0,1,0,13,1,116,0,2,1
09-13-20,Morgan,285,1,268,1,17,0,309,1,7405,45,7714,46,0,2,-4,32,5,251,0,7,3
09-13-20,Obion,1007,18,982,17,25,1,1106,18,8386,166,9492,184,0,8,13,120,5,879,4,42,11
09-13-20,Out of State,1900,19,1859,18,41,1,2157,24,238429,2839,240586,2863,-1,23,3,154,17,1723,0,68,12
09-13-20,Overton,596,5,547,5,49,0,662,6,6048,69,6710,75,0,3,1,85,4,508,1,20,4
09-13-20,Pending,707,8,668,7,39,1,818,8,155317,1355,156135,1363,0,6,-5,63,13,638,1,10,1
09-13-20,Perry,132,0,118,0,14,0,148,0,2996,97,3144,97,0,0,-2,16,2,116,0,6,0
09-13-20,Pickett,89,1,74,1,15,0,96,1,865,3,961,4,0,1,1,18,0,70,0,3,2
09-13-20,Polk,376,0,368,0,8,0,431,0,3277,11,3708,11,0,11,-1,14,1,351,0,18,11
09-13-20,Putnam,2735,34,2610,34,125,0,3322,44,25700,412,29022,456,0,36,17,368,17,2331,0,105,37
09-13-20,Rhea,735,5,732,5,3,0,876,8,9043,148,9919,156,0,8,0,57,5,670,0,25,12
09-13-20,Roane,759,12,732,12,27,0,902,15,15152,141,16054,156,0,4,5,97,7,658,0,32,4
09-13-20,Robertson,2094,19,2074,19,20,0,2543,19,15170,139,17713,158,0,31,14,113,5,1950,0,150,34
09-13-20,Rutherford,8650,50,8608,49,42,1,10614,61,72370,633,82984,694,0,84,1,420,49,8146,0,254,87
09-13-20,Scott,181,0,173,0,8,0,197,0,3704,50,3901,50,0,2,-2,12,2,167,0,13,2
09-13-20,Sequatchie,198,2,196,2,2,0,227,2,4323,35,4550,37,0,2,1,30,1,166,0,10,1
09-13-20,Sevier,2440,13,2375,13,65,0,2727,25,22878,298,25605,323,0,13,-2,153,15,2274,0,86,15
09-13-20,Shelby,29126,107,28884,107,242,0,35951,150,327932,1925,363883,2075,6,427,17,1212,84,27487,6,2090,489
09-13-20,Smith,639,9,620,9,19,0,799,13,4818,56,5617,69,0,10,6,75,3,554,0,28,10
09-13-20,Stewart,122,0,113,0,9,0,149,1,2403,19,2552,20,0,2,-1,17,1,103,0,6,2
09-13-20,Sullivan,1949,12,1852,12,97,0,2097,12,25303,288,27400,300,0,31,0,135,12,1783,1,164,31
09-13-20,Sumner,4564,44,4532,43,32,1,5437,54,38707,323,44144,377,0,91,22,262,22,4211,3,383,97
09-13-20,Tipton,1650,30,1562,26,88,4,1953,31,18244,131,20197,162,1,16,24,121,5,1513,1,86,19
09-13-20,Trousdale,1640,2,1637,2,3,0,1716,2,4582,31,6298,33,0,7,2,14,0,1619,0,24,7
09-13-20,Unicoi,254,2,251,2,3,0,294,2,5084,54,5378,56,0,1,1,25,1,228,0,12,1
09-13-20,Union,276,5,261,5,15,0,299,5,3864,36,4163,41,0,1,0,31,5,244,1,8,1
09-13-20,Van Buren,131,2,118,2,13,0,146,2,1404,16,1550,18,0,0,0,36,2,95,0,6,0
09-13-20,Warren,977,8,901,8,76,0,1094,10,11535,101,12629,111,0,8,3,97,5,872,0,15,8
09-13-20,Washington,1981,22,1934,21,47,1,2269,25,25448,206,27717,231,0,24,3,192,19,1765,0,94,29
09-13-20,Wayne,1461,4,1450,4,11,0,1584,4,5353,20,6937,24,0,4,-4,52,8,1405,0,19,6
09-13-20,Weakley,1052,18,975,16,77,2,1157,22,9295,115,10452,137,0,15,3,128,15,909,0,30,17
09-13-20,White,694,23,644,23,50,0,850,33,7768,96,8618,129,0,8,20,94,3,592,2,36,8
09-13-20,Williamson,4842,34,4786,32,56,2,5714,42,57960,532,63674,574,0,35,-5,355,39,4452,0,111,36
09-13-20,Wilson,3192,15,3168,15,24,0,3800,18,33004,263,36804,281,0,36,-5,219,20,2937,0,106,38
09-12-20,Anderson,1026,3,995,3,31,0,1184,5,22044,139,23228,144,0,10,-4,87,7,929,0,38,11
09-12-20,Bedford,1229,14,1181,14,48,0,1459,18,11011,165,12470,183,0,14,10,88,4,1127,1,49,16
09-12-20,Benton,307,7,297,7,10,0,328,7,3584,21,3912,28,0,9,6,32,1,266,0,17,8
09-12-20,Bledsoe,829,7,824,7,5,0,869,9,6767,527,7636,536,0,4,5,26,2,799,0,18,4
09-12-20,Blount,2318,7,2276,7,42,0,2694,8,24299,149,26993,157,1,20,-3,143,9,2155,0,105,22
09-12-20,Bradley,2755,24,2675,22,80,2,3271,30,22181,212,25452,242,0,16,18,167,6,2572,2,158,17
09-12-20,Campbell,394,2,368,1,26,1,436,2,9305,48,9741,50,0,3,-1,39,3,352,1,19,3
09-12-20,Cannon,248,3,234,3,14,0,296,3,3305,104,3601,107,0,0,0,34,3,214,1,8,0
09-12-20,Carroll,732,4,632,4,100,0,792,6,8024,55,8816,61,2,15,-2,98,4,619,0,45,17
09-12-20,Carter,1055,12,1006,12,49,0,1157,14,13173,274,14330,288,1,26,3,96,8,933,1,78,26
09-12-20,Cheatham,751,3,744,3,7,0,912,5,9356,130,10268,135,0,10,-1,29,4,712,0,28,10
09-12-20,Chester,511,14,439,9,72,5,564,15,4259,27,4823,42,0,8,14,78,0,425,1,19,10
09-12-20,Claiborne,399,2,369,0,30,2,445,2,9002,59,9447,61,0,4,0,25,2,370,0,19,4
09-12-20,Clay,144,3,128,3,16,0,151,3,2345,40,2496,43,1,4,1,17,1,123,1,6,4
09-12-20,Cocke,710,2,663,2,47,0,761,3,6913,33,7674,36,1,9,-2,45,3,656,1,37,9
09-12-20,Coffee,923,25,850,22,73,3,1112,36,15488,296,16600,332,0,9,21,138,4,776,1,32,12
09-12-20,Crockett,474,4,418,4,56,0,521,5,2630,11,3151,16,1,19,-2,49,5,406,0,19,19
09-12-20,Cumberland,1063,15,1041,15,22,0,1293,17,19401,293,20694,310,0,10,8,147,7,906,0,53,16
09-12-20,Davidson,25741,94,25617,93,124,1,32346,168,280244,3317,312590,3485,3,277,46,1020,45,24444,2,1071,297
09-12-20,Decatur,399,9,308,9,91,0,437,9,4670,39,5107,48,0,5,8,89,1,305,0,12,5
09-12-20,Dekalb,492,0,474,0,18,0,614,0,6940,54,7554,54,0,9,-2,31,2,452,0,22,10
09-12-20,Dickson,1114,9,1020,8,94,1,1385,17,12308,173,13693,190,1,12,-4,106,12,996,0,54,14
09-12-20,Dyer,1144,15,1076,14,68,1,1239,16,9083,98,10322,114,-1,10,9,140,7,994,0,61,13
09-12-20,Fayette,1054,9,1028,5,26,4,1340,9,13716,75,15056,84,0,14,5,89,4,951,1,79,18
09-12-20,Fentress,342,8,305,8,37,0,376,10,3356,35,3732,45,1,3,0,80,7,259,1,21,3
09-12-20,Franklin,762,27,735,26,27,1,898,38,13268,192,14166,230,0,7,17,193,10,562,0,36,7
09-12-20,Gibson,1342,20,1097,17,245,3,1473,18,12055,193,13528,211,0,19,11,199,9,1124,0,55,21
09-12-20,Giles,518,8,515,8,3,0,621,8,7482,154,8103,162,0,15,5,52,3,451,0,33,16
09-12-20,Grainger,309,0,290,0,19,0,359,0,5148,24,5507,24,0,1,-1,26,1,282,0,19,2
09-12-20,Greene,976,3,918,3,58,0,1147,8,12908,219,14055,227,0,28,-5,85,8,863,0,74,33
09-12-20,Grundy,188,12,181,12,7,0,217,13,2102,43,2319,56,0,4,12,33,0,151,2,24,5
09-12-20,Hamblen,1775,8,1687,8,88,0,1924,10,18627,73,20551,83,0,22,5,62,3,1691,0,87,23
09-12-20,Hamilton,8615,58,8430,56,185,2,9952,90,117690,1229,127642,1319,1,82,4,486,53,8047,2,372,90
09-12-20,Hancock,105,0,98,0,7,0,113,0,1704,29,1817,29,0,2,-1,7,1,96,0,11,2
09-12-20,Hardeman,1472,5,1415,4,57,1,1694,7,12512,122,14206,129,0,25,0,177,5,1270,0,64,26
09-12-20,Hardin,880,13,746,7,134,6,974,15,10410,153,11384,168,1,14,7,125,5,741,1,25,15
09-12-20,Hawkins,714,2,698,2,16,0,825,3,8393,96,9218,99,1,14,-3,30,4,670,0,52,15
09-12-20,Haywood,867,2,822,2,45,0,946,3,5338,29,6284,32,2,15,-6,59,6,793,0,41,16
09-12-20,Henderson,1028,6,836,5,192,1,1269,9,7359,69,8628,78,1,18,1,116,4,894,0,38,19
09-12-20,Henry,540,2,527,2,13,0,641,3,8196,59,8837,62,0,8,-6,48,8,484,0,34,8
09-12-20,Hickman,472,12,447,12,25,0,580,15,6039,128,6619,143,0,4,6,82,6,386,0,18,4
09-12-20,Houston,132,0,127,0,5,0,145,0,1796,18,1941,18,0,0,-2,24,2,108,0,9,0
09-12-20,Humphreys,202,3,176,2,26,1,228,3,4503,115,4731,118,0,3,1,30,2,169,0,6,3
09-12-20,Jackson,278,0,256,0,22,0,314,0,2098,10,2412,10,0,2,0,30,0,246,0,16,4
09-12-20,Jefferson,999,24,898,24,101,0,1036,23,14246,84,15282,107,0,13,18,153,6,833,0,50,14
09-12-20,Johnson,578,6,572,6,6,0,621,7,4971,25,5592,32,0,2,4,151,2,425,2,19,2
09-12-20,Knox,8338,117,8046,110,292,7,9072,126,110860,1173,119932,1299,1,67,23,1268,93,7003,1,327,71
09-12-20,Lake,852,0,850,0,2,0,1050,0,5399,11,6449,11,0,2,-1,7,1,843,0,6,2
09-12-20,Lauderdale,871,2,815,2,56,0,954,2,9079,42,10033,44,0,14,1,144,1,713,0,41,15
09-12-20,Lawrence,866,14,856,14,10,0,1006,19,9030,70,10036,89,0,11,9,99,5,756,0,37,11
09-12-20,Lewis,158,2,157,2,1,0,174,3,3744,15,3918,18,0,1,1,13,1,144,0,11,1
09-12-20,Lincoln,533,14,527,14,6,0,648,18,6767,67,7415,85,0,1,10,75,4,457,0,16,1
09-12-20,Loudon,1033,6,1001,6,32,0,1136,5,10882,90,12018,95,0,4,3,81,3,948,0,33,5
09-12-20,Macon,972,0,960,0,12,0,1193,0,6224,45,7417,45,0,19,-1,31,1,922,0,76,20
09-12-20,Madison,2338,28,1998,14,340,14,2543,31,22653,192,25196,223,2,54,-1,34,27,2250,1,164,68
09-12-20,Marion,449,6,444,6,5,0,541,6,4938,61,5479,67,0,7,0,75,6,367,0,35,7
09-12-20,Marshall,641,15,637,15,4,0,727,18,7833,161,8560,179,0,4,11,62,4,575,1,20,4
09-12-20,Maury,2037,21,2022,21,15,0,2368,25,21370,344,23738,369,1,19,4,213,16,1805,0,76,22
09-12-20,McMinn,962,18,950,18,12,0,1114,18,14075,277,15189,295,0,24,12,105,6,833,0,53,24
09-12-20,McNairy,703,8,583,5,120,3,801,8,5766,56,6567,64,1,15,-11,131,18,557,0,33,16
09-12-20,Meigs,204,3,200,3,4,0,235,3,2593,25,2828,28,0,3,-1,35,4,166,0,10,3
09-12-20,Monroe,944,8,905,8,39,0,1051,13,9185,99,10236,112,0,17,-1,112,9,815,1,64,17
09-12-20,Montgomery,2808,34,2715,32,93,2,3177,41,35173,513,38350,554,2,39,26,199,6,2570,0,119,44
09-12-20,Moore,129,2,123,2,6,0,155,2,1805,67,1960,69,0,1,1,13,1,115,0,2,1
09-12-20,Morgan,284,3,267,3,17,0,308,4,7360,184,7668,188,0,2,0,36,3,246,0,7,3
09-12-20,Obion,989,4,965,4,24,0,1088,4,8220,162,9308,166,0,8,0,107,4,874,0,38,11
09-12-20,Out of State,1881,19,1841,17,40,2,2133,24,235590,2574,237723,2598,-2,24,11,151,10,1706,0,68,12
09-12-20,Overton,591,2,542,2,49,0,656,2,5979,28,6635,30,1,3,-7,84,8,504,0,19,4
09-12-20,Pending,699,15,661,15,38,0,810,18,153962,1442,154772,1460,-1,6,10,68,6,625,1,9,1
09-12-20,Perry,132,2,118,2,14,0,148,4,2899,30,3047,34,0,0,-1,18,3,114,0,6,0
09-12-20,Pickett,88,1,73,1,15,0,95,1,862,1,957,2,0,1,-1,17,2,70,0,3,2
09-12-20,Polk,376,1,368,1,8,0,431,1,3266,47,3697,48,0,11,-2,15,3,350,0,18,11
09-12-20,Putnam,2701,42,2576,41,125,1,3278,45,25288,257,28566,302,1,36,31,351,10,2314,3,105,37
09-12-20,Rhea,730,4,727,4,3,0,868,6,8895,126,9763,132,0,8,-3,57,7,665,0,25,11
09-12-20,Roane,747,8,720,8,27,0,887,10,15011,94,15898,104,1,4,0,92,7,651,1,32,4
09-12-20,Robertson,2075,15,2055,14,20,1,2524,18,15031,145,17555,163,0,31,9,99,6,1945,0,150,34
09-12-20,Rutherford,8600,99,8559,99,41,0,10553,120,71737,1192,82290,1312,2,84,80,419,17,8097,0,254,87
09-12-20,Scott,181,1,173,1,8,0,197,2,3654,67,3851,69,0,2,1,14,0,165,0,13,2
09-12-20,Sequatchie,196,2,194,2,2,0,225,4,4288,66,4513,70,0,2,2,29,0,165,0,10,1
09-12-20,Sevier,2427,25,2362,25,65,0,2702,21,22580,188,25282,209,0,13,20,155,5,2259,0,86,15
09-12-20,Shelby,29019,133,28777,128,242,5,35801,153,326007,2715,361808,2868,4,421,22,1195,107,27403,7,2084,486
09-12-20,Smith,630,3,611,3,19,0,786,4,4762,36,5548,40,1,10,-2,69,4,551,0,28,10
09-12-20,Stewart,122,3,113,3,9,0,148,2,2384,43,2532,45,0,2,2,18,1,102,0,6,2
09-12-20,Sullivan,1937,6,1840,5,97,1,2085,6,25015,427,27100,433,1,31,-9,135,14,1771,0,163,31
09-12-20,Sumner,4520,18,4489,18,31,0,5383,24,38384,512,43767,536,1,91,-3,240,20,4189,2,380,97
09-12-20,Tipton,1620,7,1536,7,84,0,1922,8,18113,167,20035,175,0,15,-1,97,8,1508,0,85,19
09-12-20,Trousdale,1638,0,1635,0,3,0,1714,1,4551,32,6265,33,0,7,-1,12,1,1619,0,24,7
09-12-20,Unicoi,252,3,249,3,3,0,292,4,5030,74,5322,78,0,1,2,24,1,227,0,12,1
09-12-20,Union,271,5,256,2,15,3,294,5,3828,27,4122,32,0,1,5,31,0,239,0,7,1
09-12-20,Van Buren,129,2,116,2,13,0,144,3,1388,27,1532,30,0,0,0,36,2,93,0,6,0
09-12-20,Warren,969,9,893,9,76,0,1084,9,11434,134,12518,143,1,8,6,94,2,867,0,15,8
09-12-20,Washington,1959,23,1913,23,46,0,2244,30,25242,446,27486,476,2,24,-4,189,25,1746,2,94,28
09-12-20,Wayne,1457,4,1446,4,11,0,1580,5,5333,31,6913,36,0,4,3,56,1,1397,0,19,6
09-12-20,Weakley,1034,4,959,4,75,0,1135,5,9180,92,10315,97,1,15,-5,125,8,894,0,30,16
09-12-20,White,671,7,621,7,50,0,817,9,7672,43,8489,52,0,8,5,74,2,589,0,34,8
09-12-20,Williamson,4808,37,4754,34,54,3,5672,45,57428,518,63100,563,1,35,11,360,25,4413,0,111,36
09-12-20,Wilson,3177,23,3153,23,24,0,3782,27,32741,410,36523,437,1,36,0,224,22,2917,1,106,38
09-11-20,Anderson,1023,1,992,1,31,0,1179,2,21905,128,23084,130,0,10,-13,91,14,922,0,38,11
09-11-20,Bedford,1215,11,1167,11,48,0,1441,10,10846,50,12287,60,0,14,5,78,6,1123,0,48,16
09-11-20,Benton,300,0,290,0,10,0,321,0,3563,12,3884,12,1,9,-5,26,4,265,0,17,8
09-11-20,Bledsoe,822,3,817,3,5,0,860,3,6240,48,7100,51,0,4,1,21,2,797,0,18,4
09-11-20,Blount,2311,8,2269,7,42,1,2686,10,24150,163,26836,173,0,19,-15,146,23,2146,2,105,22
09-11-20,Bradley,2731,13,2653,12,78,1,3241,14,21969,135,25210,149,0,16,-6,149,19,2566,2,156,17
09-11-20,Campbell,392,5,367,3,25,2,434,5,9257,110,9691,115,0,3,2,40,3,349,0,18,3
09-11-20,Cannon,245,1,231,1,14,0,293,2,3201,12,3494,14,0,0,-2,34,3,211,0,7,0
09-11-20,Carroll,728,10,628,9,100,1,786,8,7969,72,8755,80,0,13,-4,100,14,615,0,45,17
09-11-20,Carter,1043,12,994,10,49,2,1143,11,12899,98,14042,109,1,25,-2,93,13,925,1,77,26
09-11-20,Cheatham,748,2,741,2,7,0,907,1,9226,36,10133,37,0,10,1,30,1,708,0,28,10
09-11-20,Chester,497,11,430,7,67,4,549,11,4232,19,4781,30,0,8,4,64,7,425,1,18,10
09-11-20,Claiborne,397,1,369,1,28,0,443,1,8943,51,9386,52,1,4,-5,25,5,368,0,19,4
09-11-20,Clay,141,4,125,3,16,1,148,4,2305,14,2453,18,0,3,1,16,3,122,0,5,4
09-11-20,Cocke,708,3,661,3,47,0,758,5,6880,41,7638,46,1,8,-6,47,8,653,0,36,9
09-11-20,Coffee,898,8,828,7,70,1,1076,10,15192,62,16268,72,1,9,-9,117,16,772,0,31,12
09-11-20,Crockett,470,5,414,5,56,0,516,6,2619,24,3135,30,1,18,0,51,4,401,0,19,19
09-11-20,Cumberland,1048,10,1026,9,22,1,1276,11,19108,63,20384,74,0,10,-3,139,13,899,2,53,16
09-11-20,Davidson,25647,70,25524,69,123,1,32178,89,276927,1643,309105,1732,0,274,-3,974,73,24399,0,1069,295
09-11-20,Decatur,390,3,299,2,91,1,428,2,4631,11,5059,13,0,5,-3,81,6,304,0,12,5
09-11-20,Dekalb,492,0,474,0,18,0,614,0,6886,39,7500,39,1,9,-7,33,6,450,0,22,10
09-11-20,Dickson,1105,9,1012,9,93,0,1368,10,12135,85,13503,95,0,11,-2,110,11,984,0,54,14
09-11-20,Dyer,1129,17,1062,17,67,0,1223,20,8985,54,10208,74,1,11,9,131,7,987,0,61,12
09-11-20,Fayette,1045,4,1023,4,22,0,1331,5,13641,166,14972,171,1,14,0,84,3,947,0,78,18
09-11-20,Fentress,334,5,297,3,37,2,366,5,3321,20,3687,25,0,2,-3,80,8,252,0,20,3
09-11-20,Franklin,735,12,709,10,26,2,860,12,13076,59,13936,71,0,7,-6,176,18,552,0,36,7
09-11-20,Gibson,1322,26,1080,22,242,4,1455,28,11862,141,13317,169,0,19,15,188,11,1115,2,55,21
09-11-20,Giles,510,3,507,3,3,0,613,4,7328,46,7941,50,0,15,-3,47,6,448,0,33,16
09-11-20,Grainger,309,2,290,2,19,0,359,2,5124,23,5483,25,0,1,1,27,1,281,0,19,2
09-11-20,Greene,973,4,915,4,58,0,1139,4,12689,78,13828,82,5,28,-19,90,18,855,0,74,29
09-11-20,Grundy,176,2,169,2,7,0,204,2,2059,14,2263,16,0,4,1,21,1,151,0,22,5
09-11-20,Hamblen,1767,2,1679,1,88,1,1914,4,18554,46,20468,50,0,22,-2,57,4,1688,1,87,23
09-11-20,Hamilton,8557,58,8374,57,183,1,9862,57,116461,664,126323,721,1,81,-15,482,72,7994,6,370,88
09-11-20,Hancock,105,0,98,0,7,0,113,0,1675,20,1788,20,0,2,0,8,0,95,0,11,2
09-11-20,Hardeman,1467,12,1411,12,56,0,1687,13,12390,173,14077,186,1,25,3,177,8,1265,0,64,26
09-11-20,Hardin,867,4,739,4,128,0,959,4,10257,51,11216,55,0,13,-12,118,16,736,0,24,15
09-11-20,Hawkins,712,1,696,1,16,0,822,2,8297,67,9119,69,0,13,-1,33,2,666,0,52,15
09-11-20,Haywood,865,2,820,1,45,1,943,2,5309,13,6252,15,0,13,-4,65,6,787,0,41,16
09-11-20,Henderson,1022,4,831,3,191,1,1260,4,7290,19,8550,23,1,17,-6,115,9,890,0,38,19
09-11-20,Henry,538,3,525,3,13,0,638,3,8137,52,8775,55,0,8,0,54,3,476,0,34,8
09-11-20,Hickman,460,7,435,5,25,2,565,7,5911,31,6476,38,0,4,5,76,2,380,0,18,4
09-11-20,Houston,132,4,127,4,5,0,145,4,1778,10,1923,14,0,0,3,26,1,106,0,9,0
09-11-20,Humphreys,199,1,174,0,25,1,225,1,4388,30,4613,31,0,3,-2,29,3,167,0,6,3
09-11-20,Jackson,278,4,256,1,22,3,314,5,2088,6,2402,11,0,2,1,30,3,246,0,16,4
09-11-20,Jefferson,975,4,874,4,101,0,1013,4,14162,108,15175,112,0,13,-6,135,10,827,0,50,14
09-11-20,Johnson,572,7,566,7,6,0,614,8,4946,25,5560,33,0,2,0,147,7,423,0,17,2
09-11-20,Knox,8221,98,7936,89,285,9,8946,99,109687,733,118633,832,0,66,-16,1245,114,6910,4,326,69
09-11-20,Lake,852,1,850,1,2,0,1050,2,5388,9,6438,11,0,2,1,8,0,842,0,6,2
09-11-20,Lauderdale,869,6,813,6,56,0,952,6,9037,74,9989,80,0,14,0,143,6,712,0,41,15
09-11-20,Lawrence,852,9,842,9,10,0,987,5,8960,33,9947,38,0,11,7,90,2,751,1,37,11
09-11-20,Lewis,156,2,155,2,1,0,171,2,3729,14,3900,16,0,1,0,12,2,143,0,11,1
09-11-20,Lincoln,519,3,513,3,6,0,630,4,6700,102,7330,106,0,1,-2,65,5,453,0,16,1
09-11-20,Loudon,1027,7,995,6,32,1,1131,8,10792,48,11923,56,0,4,-8,78,15,945,0,33,5
09-11-20,Macon,972,3,960,2,12,1,1193,4,6179,22,7372,26,0,19,-4,32,7,921,0,76,20
09-11-20,Madison,2310,54,1984,25,326,29,2512,53,22461,99,24973,152,2,52,26,35,26,2223,0,163,63
09-11-20,Marion,443,9,438,8,5,1,535,9,4877,37,5412,46,0,7,9,75,0,361,1,35,7
09-11-20,Marshall,626,5,622,5,4,0,709,6,7672,48,8381,54,0,4,-6,51,11,571,1,19,4
09-11-20,Maury,2016,24,2001,24,15,0,2343,23,21026,164,23369,187,0,18,1,209,23,1789,0,76,21
09-11-20,McMinn,944,4,932,4,12,0,1096,4,13798,180,14894,184,0,24,-8,93,12,827,0,53,24
09-11-20,McNairy,695,6,578,4,117,2,793,8,5710,29,6503,37,0,14,-2,142,8,539,1,33,16
09-11-20,Meigs,201,0,197,0,4,0,232,2,2568,17,2800,19,0,3,-1,36,1,162,0,10,3
09-11-20,Monroe,936,11,897,11,39,0,1038,8,9086,111,10124,119,0,17,-6,113,17,806,2,63,17
09-11-20,Montgomery,2774,22,2683,21,91,1,3136,24,34660,219,37796,243,2,37,0,173,20,2564,0,119,42
09-11-20,Moore,127,3,121,3,6,0,153,3,1738,54,1891,57,0,1,2,12,1,114,1,2,1
09-11-20,Morgan,281,3,264,3,17,0,304,6,7176,144,7480,150,0,2,0,36,3,243,0,7,3
09-11-20,Obion,985,5,961,5,24,0,1084,6,8058,16,9142,22,0,8,-7,107,12,870,0,38,11
09-11-20,Out of State,1862,17,1824,13,38,4,2109,19,233016,1236,235125,1255,1,26,6,140,10,1696,0,68,12
09-11-20,Overton,589,16,540,13,49,3,654,17,5951,80,6605,97,0,2,9,91,7,496,0,19,4
09-11-20,Pending,684,5,646,3,38,2,792,6,152520,854,153312,860,0,7,-4,58,9,619,0,8,1
09-11-20,Perry,130,0,116,0,14,0,144,0,2869,82,3013,82,0,0,-3,19,3,111,0,6,0
09-11-20,Pickett,87,0,72,0,15,0,94,0,861,7,955,7,0,1,-1,18,1,68,0,3,1
09-11-20,Polk,375,3,367,1,8,2,430,2,3219,20,3649,22,0,11,1,17,2,347,0,18,11
09-11-20,Putnam,2659,30,2535,24,124,6,3233,36,25031,113,28264,149,1,35,5,320,24,2304,1,102,37
09-11-20,Rhea,726,3,723,3,3,0,862,3,8769,56,9631,59,1,8,-5,60,7,658,0,25,10
09-11-20,Roane,739,2,712,2,27,0,877,2,14917,106,15794,108,0,3,-7,92,9,644,0,31,4
09-11-20,Robertson,2060,11,2041,10,19,1,2506,12,14886,79,17392,91,0,31,1,90,10,1939,2,150,32
09-11-20,Rutherford,8501,23,8460,23,41,0,10433,29,70545,360,80978,389,0,82,-24,339,47,8080,1,254,87
09-11-20,Scott,180,3,172,3,8,0,195,4,3587,63,3782,67,0,2,3,13,0,165,0,13,2
09-11-20,Sequatchie,194,3,192,2,2,1,221,3,4222,20,4443,23,0,2,-1,27,4,165,0,10,1
09-11-20,Sevier,2402,10,2337,10,65,0,2681,15,22392,73,25073,88,0,13,-5,135,15,2254,1,86,15
09-11-20,Shelby,28886,76,28649,75,237,1,35648,91,323292,1890,358940,1981,5,417,-62,1173,133,27296,4,2077,479
09-11-20,Smith,627,9,608,9,19,0,782,9,4726,39,5508,48,0,9,5,71,4,547,1,28,10
09-11-20,Stewart,119,0,110,0,9,0,146,0,2341,5,2487,5,0,2,-4,16,4,101,0,6,2
09-11-20,Sullivan,1931,12,1835,12,96,0,2079,13,24588,218,26667,231,1,30,-44,144,55,1757,0,163,30
09-11-20,Sumner,4502,31,4471,31,31,0,5359,32,37872,207,43231,239,1,90,0,243,30,4169,0,378,96
09-11-20,Tipton,1613,8,1529,3,84,5,1914,9,17946,57,19860,66,0,15,-1,98,9,1500,0,85,19
09-11-20,Trousdale,1638,5,1635,5,3,0,1713,5,4519,245,6232,250,0,7,1,13,4,1618,0,24,7
09-11-20,Unicoi,249,2,246,2,3,0,288,4,4956,93,5244,97,0,1,-2,22,4,226,0,12,1
09-11-20,Union,266,5,254,4,12,1,289,5,3801,57,4090,62,0,1,2,26,3,239,0,7,1
09-11-20,Van Buren,127,1,114,1,13,0,141,3,1361,11,1502,14,0,0,0,36,1,91,0,6,0
09-11-20,Warren,960,5,884,2,76,3,1075,6,11300,46,12375,52,0,7,-10,88,15,865,0,15,8
09-11-20,Washington,1936,17,1890,17,46,0,2214,23,24796,214,27010,237,6,22,-26,193,37,1721,0,92,27
09-11-20,Wayne,1453,1,1442,1,11,0,1575,1,5302,30,6877,31,0,4,-1064,53,1065,1396,0,19,6
09-11-20,Weakley,1030,4,955,4,75,0,1130,5,9088,29,10218,34,0,14,0,130,4,886,1,30,15
09-11-20,White,664,9,614,6,50,3,808,15,7629,39,8437,54,0,8,0,69,9,587,1,34,8
09-11-20,Williamson,4771,30,4720,29,51,1,5627,33,56910,287,62537,320,0,34,-2,349,32,4388,0,111,35
09-11-20,Wilson,3154,14,3130,12,24,2,3755,17,32331,245,36086,262,0,35,-12,224,26,2895,0,105,38
09-10-20,Anderson,1022,27,991,27,31,0,1177,30,21777,385,22954,415,1,10,23,104,3,908,0,38,11
09-10-20,Bedford,1204,21,1156,18,48,3,1431,25,10796,173,12227,198,0,14,14,73,7,1117,2,48,16
09-10-20,Benton,300,2,290,2,10,0,321,2,3551,21,3872,23,0,8,-3,31,5,261,0,17,8
09-10-20,Bledsoe,819,4,814,4,5,0,857,3,6192,106,7049,109,0,4,2,20,2,795,1,18,4
09-10-20,Blount,2303,32,2262,32,41,0,2676,32,23987,281,26663,313,1,19,17,161,14,2123,1,103,22
09-10-20,Bradley,2718,32,2641,28,77,4,3227,34,21834,438,25061,472,0,16,14,155,18,2547,0,154,17
09-10-20,Campbell,387,1,364,1,23,0,429,1,9147,121,9576,122,0,3,-2,38,3,346,0,18,3
09-10-20,Cannon,244,2,230,2,14,0,291,2,3189,79,3480,81,0,0,-2,36,4,208,0,7,0
09-10-20,Carroll,718,14,619,12,99,2,778,14,7897,123,8675,137,3,13,1,104,10,601,2,45,17
09-10-20,Carter,1031,15,984,15,47,0,1132,18,12801,151,13933,169,0,24,4,95,11,912,0,76,26
09-10-20,Cheatham,746,8,739,8,7,0,906,9,9190,133,10096,142,0,10,4,29,4,707,0,28,10
09-10-20,Chester,486,7,423,6,63,1,538,7,4213,61,4751,68,1,8,-1,60,7,418,0,17,10
09-10-20,Claiborne,396,2,368,2,28,0,442,3,8892,134,9334,137,0,3,-1,30,3,363,0,19,4
09-10-20,Clay,137,5,122,1,15,4,144,5,2291,19,2435,24,0,3,4,15,1,119,0,5,4
09-10-20,Cocke,705,11,658,8,47,3,753,11,6839,74,7592,85,0,7,8,53,3,645,4,36,9
09-10-20,Coffee,890,25,821,21,69,4,1066,24,15130,196,16196,220,0,8,19,126,6,756,1,31,11
09-10-20,Crockett,465,10,409,5,56,5,510,11,2595,42,3105,53,2,17,1,51,7,397,0,19,19
09-10-20,Cumberland,1038,23,1017,23,21,0,1265,24,19045,215,20310,239,0,10,-3,142,26,886,1,51,14
09-10-20,Davidson,25577,147,25455,145,122,2,32089,174,275284,3024,307373,3198,5,274,44,977,98,24326,4,1069,292
09-10-20,Decatur,387,10,297,5,90,5,426,9,4620,172,5046,181,0,5,2,84,8,298,0,12,5
09-10-20,Dekalb,492,5,474,1,18,4,614,7,6847,36,7461,43,1,8,-10,40,14,444,0,22,10
09-10-20,Dickson,1096,10,1003,9,93,1,1358,14,12050,189,13408,203,1,11,2,112,7,973,1,54,13
09-10-20,Dyer,1112,18,1045,16,67,2,1203,19,8931,179,10134,198,-1,10,7,122,12,980,2,61,12
09-10-20,Fayette,1041,11,1019,10,22,1,1326,16,13475,95,14801,111,1,13,-2,84,12,944,0,78,18
09-10-20,Fentress,329,7,294,7,35,0,361,9,3301,33,3662,42,2,2,1,83,4,244,0,20,3
09-10-20,Franklin,723,43,699,41,24,2,848,50,13017,197,13865,247,2,7,28,182,13,534,3,36,7
09-10-20,Gibson,1296,19,1058,13,238,6,1427,21,11721,223,13148,244,1,19,-1,173,19,1104,2,53,21
09-10-20,Giles,507,7,504,7,3,0,609,8,7282,83,7891,91,0,15,4,50,3,442,0,33,16
09-10-20,Grainger,307,8,288,7,19,1,357,7,5101,54,5458,61,0,1,4,26,4,280,0,19,2
09-10-20,Greene,969,15,911,14,58,1,1135,10,12611,205,13746,215,1,23,1,109,13,837,2,74,29
09-10-20,Grundy,174,4,167,3,7,1,202,4,2045,29,2247,33,1,4,2,20,1,150,1,22,4
09-10-20,Hamblen,1765,11,1678,10,87,1,1910,10,18508,209,20418,219,1,22,1,59,9,1684,1,86,23
09-10-20,Hamilton,8499,78,8317,64,182,14,9805,85,115797,1401,125602,1486,3,80,-4,497,79,7922,2,364,85
09-10-20,Hancock,105,3,98,3,7,0,113,3,1655,28,1768,31,0,2,3,8,0,95,0,11,2
09-10-20,Hardeman,1455,81,1399,80,56,1,1674,86,12217,197,13891,283,0,24,65,174,16,1257,1,64,26
09-10-20,Hardin,863,13,735,12,128,1,955,17,10206,236,11161,253,1,13,-10,130,22,720,0,24,14
09-10-20,Hawkins,711,7,695,6,16,1,820,8,8230,104,9050,112,0,13,-2,34,9,664,0,52,15
09-10-20,Haywood,863,10,819,10,44,0,941,11,5296,162,6237,173,0,13,5,69,5,781,0,41,15
09-10-20,Henderson,1018,11,828,10,190,1,1256,15,7271,168,8527,183,2,16,-15,121,24,881,0,38,18
09-10-20,Henry,535,7,522,7,13,0,635,9,8085,122,8720,131,0,8,1,54,6,473,0,34,8
09-10-20,Hickman,453,21,430,19,23,2,558,23,5880,118,6438,141,0,4,17,71,4,378,0,18,4
09-10-20,Houston,128,6,123,5,5,1,141,6,1768,23,1909,29,0,0,2,23,4,105,0,9,0
09-10-20,Humphreys,198,4,174,3,24,1,224,4,4358,59,4582,63,0,3,4,31,0,164,1,6,3
09-10-20,Jackson,274,3,255,3,19,0,309,3,2082,17,2391,20,0,2,2,29,1,243,0,16,4
09-10-20,Jefferson,971,20,870,19,101,1,1009,23,14054,301,15063,324,4,13,-2,141,18,817,0,50,13
09-10-20,Johnson,565,9,559,8,6,1,606,14,4921,50,5527,64,1,2,5,147,3,416,1,17,2
09-10-20,Knox,8123,167,7847,164,276,3,8847,167,108954,1591,117801,1758,0,66,68,1261,99,6796,5,322,67
09-10-20,Lake,851,2,849,2,2,0,1048,2,5379,19,6427,21,0,2,-1,7,3,842,0,6,2
09-10-20,Lauderdale,863,24,807,20,56,4,946,30,8963,83,9909,113,0,14,17,143,7,706,0,41,15
09-10-20,Lawrence,843,17,833,17,10,0,982,22,8927,136,9909,158,0,11,9,83,8,749,0,36,11
09-10-20,Lewis,154,2,153,2,1,0,169,2,3715,109,3884,111,0,1,1,12,1,141,0,11,1
09-10-20,Lincoln,516,20,510,20,6,0,626,21,6598,97,7224,118,0,1,14,67,6,448,0,16,1
09-10-20,Loudon,1020,16,989,15,31,1,1123,19,10744,156,11867,175,0,4,11,86,5,930,0,33,4
09-10-20,Macon,969,4,958,4,11,0,1189,5,6157,66,7346,71,1,19,-5,36,8,914,1,76,20
09-10-20,Madison,2256,43,1959,20,297,23,2459,40,22362,448,24821,488,0,50,14,9,29,2197,1,163,62
09-10-20,Marion,434,12,430,12,4,0,526,15,4840,64,5366,79,0,7,8,66,4,361,1,34,7
09-10-20,Marshall,621,14,617,14,4,0,703,16,7624,139,8327,155,0,4,-2,57,16,560,0,18,4
09-10-20,Maury,1992,54,1977,52,15,2,2320,64,20862,412,23182,476,0,18,32,208,22,1766,1,76,20
09-10-20,McMinn,940,18,928,18,12,0,1092,24,13618,230,14710,254,0,24,6,101,12,815,3,53,24
09-10-20,McNairy,689,23,574,12,115,11,785,26,5681,125,6466,151,0,14,13,144,10,531,0,32,16
09-10-20,Meigs,201,10,197,10,4,0,230,8,2551,61,2781,69,0,3,8,37,2,161,0,10,3
09-10-20,Monroe,925,17,886,16,39,1,1030,19,8975,113,10005,132,1,17,4,119,12,789,2,61,17
09-10-20,Montgomery,2752,51,2662,47,90,4,3112,44,34441,528,37553,572,0,35,27,173,24,2544,1,119,42
09-10-20,Moore,124,2,118,1,6,1,150,2,1684,14,1834,16,0,1,-2,10,4,113,0,1,1
09-10-20,Morgan,278,4,261,3,17,1,298,3,7032,69,7330,72,0,2,-2,36,6,240,1,7,2
09-10-20,Obion,980,10,956,9,24,1,1078,11,8042,81,9120,92,0,8,-1,114,11,858,0,38,11
09-10-20,Out of State,1845,24,1811,21,34,3,2090,29,231780,3983,233870,4012,2,25,9,134,13,1686,0,68,12
09-10-20,Overton,573,13,527,10,46,3,637,14,5871,71,6508,85,0,2,1,82,12,489,0,19,4
09-10-20,Pending,679,11,643,11,36,0,786,12,151666,1647,152452,1659,-3,7,5,62,9,610,0,8,1
09-10-20,Perry,130,6,116,6,14,0,144,6,2787,122,2931,128,0,0,3,22,3,108,0,6,0
09-10-20,Pickett,87,2,72,2,15,0,94,2,854,3,948,5,0,1,0,19,2,67,0,3,1
09-10-20,Polk,372,2,366,2,6,0,428,2,3199,45,3627,47,0,11,-2,16,4,345,0,18,11
09-10-20,Putnam,2629,48,2511,44,118,4,3197,57,24918,268,28115,325,1,34,14,315,33,2280,1,101,36
09-10-20,Rhea,723,14,720,14,3,0,859,15,8713,163,9572,178,2,7,8,65,4,651,1,25,10
09-10-20,Roane,737,17,710,16,27,1,875,13,14811,197,15686,210,1,3,6,99,10,635,2,31,4
09-10-20,Robertson,2049,15,2031,15,18,0,2494,21,14807,231,17301,252,0,31,-40,89,55,1929,2,148,32
09-10-20,Rutherford,8478,55,8437,54,41,1,10404,74,70185,937,80589,1011,1,82,-3,363,57,8033,1,253,87
09-10-20,Scott,177,2,169,2,8,0,191,2,3524,48,3715,50,0,2,1,10,1,165,0,13,2
09-10-20,Sequatchie,191,14,190,14,1,0,218,13,4202,57,4420,70,0,2,14,28,0,161,0,10,1
09-10-20,Sevier,2392,12,2327,12,65,0,2666,12,22319,248,24985,260,0,13,-4,140,16,2239,1,85,15
09-10-20,Shelby,28810,125,28574,118,236,7,35557,165,321402,2943,356959,3108,6,412,-38,1235,157,27163,4,2073,477
09-10-20,Smith,618,8,599,5,19,3,773,10,4687,46,5460,56,0,9,5,66,3,543,1,27,10
09-10-20,Stewart,119,5,110,4,9,1,146,5,2336,33,2482,38,1,2,2,20,2,97,0,6,2
09-10-20,Sullivan,1919,21,1823,20,96,1,2066,21,24370,297,26436,318,2,29,-8,188,27,1702,4,163,30
09-10-20,Sumner,4471,52,4440,50,31,2,5327,64,37665,634,42992,698,1,89,28,243,23,4139,4,378,94
09-10-20,Tipton,1605,13,1526,12,79,1,1905,15,17889,193,19794,208,0,15,-5,99,18,1491,0,85,19
09-10-20,Trousdale,1633,2,1630,2,3,0,1708,2,4274,52,5982,54,0,7,2,12,0,1614,0,24,7
09-10-20,Unicoi,247,2,244,2,3,0,284,3,4863,87,5147,90,0,1,0,24,2,222,0,12,1
09-10-20,Union,261,5,250,4,11,1,284,5,3744,34,4028,39,0,1,1,24,4,236,0,7,1
09-10-20,Van Buren,126,6,113,3,13,3,138,6,1350,29,1488,35,0,0,2,36,4,90,0,6,0
09-10-20,Warren,955,14,882,12,73,2,1069,16,11254,142,12323,158,0,7,5,98,9,850,1,15,8
09-10-20,Washington,1919,44,1873,43,46,1,2191,46,24582,364,26773,410,0,16,11,219,33,1684,3,92,26
09-10-20,Wayne,1452,6,1441,6,11,0,1574,9,5272,77,6846,86,0,4,2,1117,4,331,1,19,6
09-10-20,Weakley,1026,10,951,9,75,1,1125,12,9059,165,10184,177,0,14,-4,130,14,882,0,29,15
09-10-20,White,655,10,608,7,47,3,793,11,7590,49,8383,60,1,8,-4,69,13,578,1,33,8
09-10-20,Williamson,4741,67,4691,60,50,7,5594,72,56623,782,62217,854,2,34,27,351,38,4356,0,111,35
09-10-20,Wilson,3140,38,3118,33,22,5,3738,43,32086,433,35824,476,4,35,3,236,31,2869,0,105,37
09-09-20,Anderson,995,9,964,9,31,0,1147,9,21392,232,22539,241,0,9,-3,81,12,905,1,38,11
09-09-20,Bedford,1183,7,1138,7,45,0,1406,9,10623,71,12029,80,0,14,-3,59,10,1110,0,46,15
09-09-20,Benton,298,2,288,2,10,0,319,2,3530,10,3849,12,1,8,-4,34,5,256,0,17,8
09-09-20,Bledsoe,815,5,810,4,5,1,854,5,6086,14,6940,19,0,4,-1,18,6,793,0,17,4
09-09-20,Blount,2271,9,2230,9,41,0,2644,9,23706,333,26350,342,1,18,-18,144,26,2109,0,102,21
09-09-20,Bradley,2686,12,2613,12,73,0,3193,13,21396,69,24589,82,0,16,-4,141,16,2529,2,154,17
09-09-20,Campbell,386,1,363,1,23,0,428,2,9026,47,9454,49,0,3,0,40,1,343,0,18,3
09-09-20,Cannon,242,2,228,1,14,1,289,2,3110,27,3399,29,0,0,-1,38,3,204,0,7,0
09-09-20,Carroll,704,9,607,7,97,2,764,12,7774,27,8538,39,0,10,-8,103,17,591,1,43,16
09-09-20,Carter,1016,6,969,6,47,0,1114,5,12650,25,13764,30,-1,24,-7,91,14,901,1,76,25
09-09-20,Cheatham,738,1,731,1,7,0,897,1,9057,30,9954,31,0,10,-2,25,3,703,0,28,10
09-09-20,Chester,479,5,417,2,62,3,531,5,4152,38,4683,43,1,7,-6,61,10,411,0,17,10
09-09-20,Claiborne,394,0,366,0,28,0,439,1,8758,18,9197,19,0,3,-4,31,4,360,0,19,4
09-09-20,Clay,132,0,121,0,11,0,139,0,2272,20,2411,20,1,3,-2,11,1,118,0,5,4
09-09-20,Cocke,694,2,650,2,44,0,742,3,6765,53,7507,56,0,7,-1,45,3,642,0,32,9
09-09-20,Coffee,865,25,800,25,65,0,1042,28,14934,276,15976,304,1,8,16,107,8,750,0,30,11
09-09-20,Crockett,455,9,404,8,51,1,499,11,2553,38,3052,49,1,15,1,50,7,390,0,19,19
09-09-20,Cumberland,1015,19,994,18,21,1,1241,23,18830,208,20071,231,1,10,-8,145,26,860,1,50,13
09-09-20,Davidson,25430,93,25310,91,120,2,31915,141,272260,2675,304175,2816,2,269,-8,933,99,24228,4,1065,290
09-09-20,Decatur,377,12,292,9,85,3,417,12,4448,25,4865,37,1,5,8,82,3,290,0,12,5
09-09-20,Dekalb,487,5,473,4,14,1,607,5,6811,80,7418,85,1,7,-5,50,9,430,0,22,9
09-09-20,Dickson,1086,9,994,9,92,0,1344,12,11861,101,13205,113,1,10,1,110,7,966,0,53,13
09-09-20,Dyer,1094,11,1029,9,65,2,1184,11,8752,105,9936,116,1,11,-2,115,12,968,0,59,12
09-09-20,Fayette,1030,7,1009,7,21,0,1310,13,13380,66,14690,79,0,12,-5,86,12,932,0,78,18
09-09-20,Fentress,322,16,287,12,35,4,352,15,3268,38,3620,53,0,0,5,82,11,240,2,20,3
09-09-20,Franklin,680,12,658,12,22,0,798,12,12820,80,13618,92,0,5,-3,154,15,521,0,33,7
09-09-20,Gibson,1277,29,1045,19,232,10,1406,31,11498,215,12904,246,1,18,12,174,16,1085,1,51,21
09-09-20,Giles,500,2,497,2,3,0,601,2,7199,10,7800,12,0,15,-1,46,3,439,0,33,16
09-09-20,Grainger,299,0,281,0,18,0,350,0,5047,51,5397,51,0,1,-3,22,3,276,0,19,2
09-09-20,Greene,954,12,897,12,57,0,1125,12,12406,119,13531,131,3,22,-9,108,18,824,0,72,28
09-09-20,Grundy,170,2,164,2,6,0,198,3,2016,13,2214,16,0,3,2,18,0,149,0,21,4
09-09-20,Hamblen,1754,2,1668,1,86,1,1900,1,18299,56,20199,57,0,21,-11,58,13,1675,1,85,23
09-09-20,Hamilton,8421,69,8253,67,168,2,9720,96,114396,982,124116,1078,-1,77,-21,501,91,7843,3,362,85
09-09-20,Hancock,102,0,95,0,7,0,110,0,1627,9,1737,9,0,2,0,5,0,95,0,11,2
09-09-20,Hardeman,1374,49,1319,49,55,0,1588,52,12020,227,13608,279,2,24,39,109,8,1241,0,63,26
09-09-20,Hardin,850,20,723,19,127,1,938,18,9970,46,10908,64,0,12,5,140,15,698,0,24,13
09-09-20,Hawkins,704,1,689,1,15,0,812,1,8126,26,8938,27,0,13,-7,36,8,655,0,52,15
09-09-20,Haywood,853,8,809,6,44,2,930,9,5134,49,6064,58,1,13,3,64,4,776,1,41,15
09-09-20,Henderson,1007,17,818,17,189,0,1241,17,7103,94,8344,111,3,14,6,136,8,857,0,38,18
09-09-20,Henry,528,6,515,6,13,0,626,6,7963,28,8589,34,0,8,-5,53,11,467,0,34,8
09-09-20,Hickman,432,6,411,6,21,0,535,7,5762,48,6297,55,0,4,3,54,3,374,1,18,4
09-09-20,Houston,122,1,118,1,4,0,135,1,1745,10,1880,11,0,0,-2,21,3,101,0,9,0
09-09-20,Humphreys,194,5,171,2,23,3,220,4,4299,22,4519,26,0,3,2,27,3,164,0,5,3
09-09-20,Jackson,271,6,252,5,19,1,306,6,2065,23,2371,29,0,2,1,27,5,242,0,16,4
09-09-20,Jefferson,951,9,851,9,100,0,986,10,13753,93,14739,103,0,9,-7,143,16,799,0,50,13
09-09-20,Johnson,556,2,551,2,5,0,592,3,4871,5,5463,8,0,1,0,142,2,413,1,16,2
09-09-20,Knox,7956,78,7683,69,273,9,8680,81,107363,1674,116043,1755,0,66,-26,1193,104,6697,2,317,67
09-09-20,Lake,849,1,847,1,2,0,1046,1,5360,6,6406,7,0,2,1,8,0,839,0,6,2
09-09-20,Lauderdale,839,2,787,2,52,0,916,2,8880,47,9796,49,2,14,-10,126,10,699,0,41,15
09-09-20,Lawrence,826,6,816,5,10,1,960,7,8791,98,9751,105,0,11,-11,74,17,741,2,36,11
09-09-20,Lewis,152,0,151,0,1,0,167,0,3606,4,3773,4,0,1,-2,11,2,140,0,11,1
09-09-20,Lincoln,496,10,490,10,6,0,605,10,6501,56,7106,66,0,1,6,53,4,442,0,16,1
09-09-20,Loudon,1004,4,974,4,30,0,1104,5,10588,71,11692,76,0,4,-5,75,9,925,0,33,4
09-09-20,Macon,965,7,954,6,11,1,1184,8,6091,75,7275,83,1,18,1,41,5,906,1,75,20
09-09-20,Madison,2213,35,1939,17,274,18,2419,36,21914,122,24333,158,1,50,-3,-5,37,2168,3,162,62
09-09-20,Marion,422,5,418,5,4,0,511,5,4776,29,5287,34,0,7,1,58,4,357,0,33,7
09-09-20,Marshall,607,3,603,3,4,0,687,1,7485,24,8172,25,0,4,-6,59,9,544,0,18,4
09-09-20,Maury,1938,15,1925,14,13,1,2256,11,20450,67,22706,78,0,18,-14,176,29,1744,0,75,20
09-09-20,McMinn,922,7,910,7,12,0,1068,8,13388,78,14456,86,0,24,-1,95,8,803,0,50,24
09-09-20,McNairy,666,16,562,15,104,1,759,17,5556,29,6315,46,0,14,7,131,9,521,0,32,16
09-09-20,Meigs,191,3,187,3,4,0,222,3,2490,12,2712,15,0,3,-2,29,5,159,0,10,3
09-09-20,Monroe,908,10,870,9,38,1,1011,13,8862,97,9873,110,1,16,-7,115,16,777,0,59,17
09-09-20,Montgomery,2701,5,2615,4,86,1,3068,5,33913,214,36981,219,2,35,-14,146,17,2520,1,118,40
09-09-20,Moore,122,1,117,1,5,0,148,1,1670,22,1818,23,0,1,-1,12,2,109,0,1,1
09-09-20,Morgan,274,2,258,2,16,0,295,2,6963,32,7258,34,0,2,2,38,0,234,0,6,2
09-09-20,Obion,970,16,947,15,23,1,1067,17,7961,52,9028,69,0,8,2,115,14,847,0,38,10
09-09-20,Out of State,1821,18,1790,18,31,0,2061,20,227797,1175,229858,1195,0,23,-1,125,19,1673,0,68,12
09-09-20,Overton,560,13,517,8,43,5,623,16,5800,62,6423,78,0,2,-1,81,14,477,0,19,4
09-09-20,Pending,668,5,632,4,36,1,774,5,150019,973,150793,978,1,10,-15,57,19,601,0,8,1
09-09-20,Perry,124,1,110,1,14,0,138,1,2665,19,2803,20,0,0,0,19,1,105,0,6,0
09-09-20,Pickett,85,1,70,1,15,0,92,1,851,3,943,4,0,1,-3,19,4,65,0,3,1
09-09-20,Polk,370,1,364,1,6,0,426,1,3154,13,3580,14,0,11,-1,18,2,341,0,18,10
09-09-20,Putnam,2581,51,2467,39,114,12,3140,58,24650,295,27790,353,1,33,23,301,27,2247,4,100,36
09-09-20,Rhea,709,4,706,4,3,0,844,5,8550,40,9394,45,0,5,0,57,4,647,1,24,8
09-09-20,Roane,720,9,694,9,26,0,862,9,14614,100,15476,109,0,2,-4,93,13,625,0,29,3
09-09-20,Robertson,2034,6,2016,4,18,2,2473,3,14576,54,17049,57,0,31,-2,129,8,1874,2,146,32
09-09-20,Rutherford,8423,27,8383,27,40,0,10330,32,69248,426,79578,458,1,81,-22,366,48,7976,0,252,86
09-09-20,Scott,175,0,167,0,8,0,189,0,3476,19,3665,19,0,2,-2,9,2,164,0,13,2
09-09-20,Sequatchie,177,1,176,1,1,0,205,1,4145,13,4350,14,0,2,1,14,0,161,0,10,1
09-09-20,Sevier,2380,16,2315,16,65,0,2654,15,22071,199,24725,214,0,13,6,144,10,2223,0,84,15
09-09-20,Shelby,28685,106,28456,102,229,4,35392,142,318459,1249,353851,1391,-1,406,-75,1273,182,27006,9,2069,476
09-09-20,Smith,610,8,594,8,16,0,763,9,4641,107,5404,116,0,9,3,61,5,540,0,26,10
09-09-20,Stewart,114,1,106,1,8,0,141,3,2303,15,2444,18,0,1,1,18,0,95,0,6,2
09-09-20,Sullivan,1898,14,1803,13,95,1,2045,13,24073,174,26118,187,0,27,-10,196,24,1675,1,159,30
09-09-20,Sumner,4419,25,4390,25,29,0,5263,29,37031,297,42294,326,1,88,-2,215,26,4116,8,374,93
09-09-20,Tipton,1592,5,1514,4,78,1,1890,8,17696,147,19586,155,0,15,-34,104,39,1473,0,85,19
09-09-20,Trousdale,1631,0,1628,0,3,0,1706,1,4222,166,5928,167,0,7,-8,10,8,1614,0,24,7
09-09-20,Unicoi,245,1,242,1,3,0,281,3,4776,57,5057,60,0,1,0,24,1,220,0,12,1
09-09-20,Union,256,3,246,3,10,0,279,3,3710,43,3989,46,0,1,1,23,2,232,0,7,1
09-09-20,Van Buren,120,5,110,5,10,0,132,5,1321,81,1453,86,0,0,4,34,1,86,0,6,0
09-09-20,Warren,941,8,870,7,71,1,1053,11,11112,122,12165,133,0,7,-16,93,24,841,0,14,8
09-09-20,Washington,1875,9,1830,8,45,1,2145,10,24218,65,26363,75,2,16,-12,208,19,1651,0,89,23
09-09-20,Wayne,1446,2,1435,2,11,0,1565,2,5195,10,6760,12,2,4,-3,1115,3,327,0,18,6
09-09-20,Weakley,1016,13,942,13,74,0,1113,13,8894,74,10007,87,0,14,4,134,9,868,1,29,15
09-09-20,White,645,14,601,11,44,3,782,20,7541,135,8323,155,0,7,-5,73,19,565,1,32,8
09-09-20,Williamson,4674,16,4631,15,43,1,5522,17,55841,379,61363,396,0,32,-22,324,38,4318,0,111,35
09-09-20,Wilson,3102,10,3085,10,17,0,3695,15,31653,241,35348,256,0,31,-4,233,14,2838,0,105,37
09-08-20,Anderson,986,10,955,4,31,6,1138,5,21160,169,22298,174,1,9,5,84,4,893,0,37,10
09-08-20,Bedford,1176,2,1131,2,45,0,1397,4,10552,27,11949,31,0,14,-11,62,13,1100,0,46,15
09-08-20,Benton,296,2,286,2,10,0,317,2,3520,2,3837,4,0,7,-3,38,5,251,0,17,8
09-08-20,Bledsoe,810,3,806,3,4,0,849,4,6072,7,6921,11,0,4,2,19,1,787,0,17,4
09-08-20,Blount,2262,6,2221,6,41,0,2635,9,23373,122,26008,131,0,17,-159,162,165,2083,0,102,20
09-08-20,Bradley,2674,13,2601,11,73,2,3180,15,21327,95,24507,110,0,16,-1,145,14,2513,5,152,17
09-08-20,Campbell,385,3,362,3,23,0,426,3,8979,72,9405,75,0,3,-1,40,4,342,0,18,3
09-08-20,Cannon,240,2,227,2,13,0,287,2,3083,7,3370,9,0,0,-2,39,4,201,1,7,0
09-08-20,Carroll,695,2,600,2,95,0,752,2,7747,31,8499,33,0,10,-12,111,14,574,0,42,14
09-08-20,Carter,1010,10,963,10,47,0,1109,10,12625,148,13734,158,1,25,-6,98,15,887,0,75,25
09-08-20,Cheatham,737,2,730,2,7,0,896,2,9027,38,9923,40,0,10,-2,27,4,700,0,28,10
09-08-20,Chester,474,3,415,1,59,2,526,5,4114,31,4640,36,0,6,-1,67,4,401,0,17,10
09-08-20,Claiborne,394,0,366,0,28,0,438,1,8740,128,9178,129,0,3,-5,35,5,356,0,19,4
09-08-20,Clay,132,0,121,0,11,0,139,0,2252,34,2391,34,0,2,0,13,0,117,0,5,4
09-08-20,Cocke,692,1,648,1,44,0,739,1,6712,30,7451,31,0,7,-5,46,6,639,0,32,9
09-08-20,Coffee,840,4,775,3,65,1,1014,3,14658,209,15672,212,0,7,-8,91,12,742,0,30,11
09-08-20,Crockett,446,2,396,1,50,1,488,2,2515,15,3003,17,0,14,-4,49,6,383,0,19,19
09-08-20,Cumberland,996,1,976,1,20,0,1218,2,18622,99,19840,101,0,9,-16,153,17,834,0,49,13
09-08-20,Davidson,25337,92,25219,92,118,0,31774,97,269585,2298,301359,2395,3,267,-14,941,103,24129,1,1061,287
09-08-20,Decatur,365,5,283,3,82,2,405,5,4423,7,4828,12,0,4,3,74,2,287,1,12,5
09-08-20,Dekalb,482,2,469,2,13,0,602,4,6731,89,7333,93,0,6,-3,55,5,421,0,22,9
09-08-20,Dickson,1077,13,985,10,92,3,1332,11,11760,57,13092,68,0,9,5,109,8,959,2,53,13
09-08-20,Dyer,1083,4,1020,4,63,0,1173,5,8647,37,9820,42,0,10,-17,117,21,956,2,59,12
09-08-20,Fayette,1023,2,1002,2,21,0,1297,2,13314,41,14611,43,1,12,-5,91,6,920,0,78,18
09-08-20,Fentress,306,7,275,7,31,0,337,8,3230,18,3567,26,0,0,-6,77,13,229,2,18,3
09-08-20,Franklin,668,7,646,6,22,1,786,9,12740,43,13526,52,0,5,-6,157,13,506,0,33,7
09-08-20,Gibson,1248,11,1026,10,222,1,1375,11,11283,32,12658,43,0,17,-15,162,26,1069,0,50,21
09-08-20,Giles,498,4,495,4,3,0,599,5,7189,29,7788,34,0,15,3,47,1,436,0,33,16
09-08-20,Grainger,299,0,281,0,18,0,350,1,4996,22,5346,23,0,1,-2,25,2,273,0,19,2
09-08-20,Greene,942,3,885,3,57,0,1113,7,12287,34,13400,41,0,19,-12,117,15,806,0,72,27
09-08-20,Grundy,168,2,162,0,6,2,195,2,2003,4,2198,6,0,3,-2,16,4,149,0,21,4
09-08-20,Hamblen,1752,5,1667,4,85,1,1899,4,18243,50,20142,54,0,21,-7,69,12,1662,0,84,23
09-08-20,Hamilton,8352,39,8186,35,166,4,9624,40,113414,475,123038,515,0,78,-40,522,79,7752,2,359,84
09-08-20,Hancock,102,0,95,0,7,0,110,0,1618,1,1728,1,0,2,0,5,0,95,0,11,2
09-08-20,Hardeman,1325,2,1270,2,55,0,1536,3,11793,16,13329,19,0,22,-4,70,6,1233,0,63,26
09-08-20,Hardin,830,3,704,2,126,1,920,4,9924,10,10844,14,0,12,-4,135,7,683,0,24,13
09-08-20,Hawkins,703,3,688,3,15,0,811,2,8100,76,8911,78,0,13,-2,43,5,647,0,52,15
09-08-20,Haywood,845,2,803,2,42,0,921,3,5085,9,6006,12,0,12,-4,61,6,772,0,40,15
09-08-20,Henderson,990,6,801,0,189,6,1224,7,7009,9,8233,16,0,11,-7,130,13,849,0,38,17
09-08-20,Henry,522,0,509,0,13,0,620,0,7935,13,8555,13,1,8,-17,58,16,456,0,34,8
09-08-20,Hickman,426,6,405,4,21,2,528,6,5714,55,6242,61,0,4,4,51,2,371,0,17,4
09-08-20,Houston,121,0,117,0,4,0,134,0,1735,1,1869,1,0,0,-2,23,2,98,0,9,0
09-08-20,Humphreys,189,6,169,1,20,5,216,7,4277,9,4493,16,0,3,5,25,1,161,1,5,3
09-08-20,Jackson,265,1,247,1,18,0,300,1,2042,5,2342,6,0,2,-3,26,4,237,0,16,3
09-08-20,Jefferson,942,6,842,6,100,0,976,8,13660,57,14636,65,2,9,-1,150,5,783,0,50,13
09-08-20,Johnson,554,7,549,7,5,0,589,3,4866,7,5455,10,0,1,3,142,4,411,1,15,2
09-08-20,Knox,7878,109,7614,107,264,2,8599,114,105689,652,114288,766,1,66,16,1219,92,6593,8,315,67
09-08-20,Lake,848,1,846,1,2,0,1045,1,5354,21,6399,22,0,2,-8,7,9,839,0,6,2
09-08-20,Lauderdale,837,2,785,2,52,0,914,2,8833,36,9747,38,0,12,-4,136,6,689,0,41,14
09-08-20,Lawrence,820,7,811,7,9,0,953,4,8693,47,9646,51,0,11,0,85,7,724,0,34,11
09-08-20,Lewis,152,0,151,0,1,0,167,1,3602,15,3769,16,0,1,-2,13,2,138,0,11,1
09-08-20,Lincoln,486,3,480,3,6,0,595,3,6445,46,7040,49,0,1,-3,47,6,438,0,16,1
09-08-20,Loudon,1000,6,970,5,30,1,1099,4,10517,57,11616,61,0,4,-7,80,13,916,1,33,4
09-08-20,Macon,958,0,948,0,10,0,1176,0,6016,22,7192,22,1,17,-6,40,5,901,0,74,20
09-08-20,Madison,2178,35,1922,17,256,18,2383,32,21792,75,24175,107,1,49,-1,-2,35,2131,0,159,61
09-08-20,Marion,417,1,413,1,4,0,506,1,4747,16,5253,17,0,7,-7,57,8,353,0,33,7
09-08-20,Marshall,604,1,600,1,4,0,686,1,7461,37,8147,38,0,4,-7,65,8,535,0,18,4
09-08-20,Maury,1923,9,1911,9,12,0,2245,10,20383,100,22628,110,0,18,-18,190,27,1715,0,75,20
09-08-20,McMinn,915,8,903,8,12,0,1060,9,13310,128,14370,137,0,24,-8,96,16,795,0,50,24
09-08-20,McNairy,650,10,547,2,103,8,742,9,5527,11,6269,20,0,14,3,124,7,512,0,32,16
09-08-20,Meigs,188,1,184,1,4,0,219,1,2478,16,2697,17,1,3,-3,31,3,154,0,10,3
09-08-20,Monroe,898,7,861,7,37,0,998,7,8765,53,9763,60,0,15,-20,122,27,761,0,59,17
09-08-20,Montgomery,2696,21,2611,13,85,8,3063,11,33699,222,36762,233,2,33,-11,160,30,2503,2,117,40
09-08-20,Moore,121,2,116,2,5,0,147,2,1648,9,1795,11,0,1,0,13,2,107,0,1,1
09-08-20,Morgan,272,0,256,0,16,0,293,0,6931,18,7224,18,0,2,-9,36,9,234,0,6,2
09-08-20,Obion,954,7,932,7,22,0,1050,7,7909,21,8959,28,0,8,-2,113,9,833,0,38,10
09-08-20,Out of State,1803,23,1772,21,31,2,2041,22,226622,1510,228663,1532,-1,23,14,126,10,1654,0,68,12
09-08-20,Overton,547,1,509,1,38,0,607,1,5738,19,6345,20,0,2,-13,82,14,463,0,19,4
09-08-20,Pending,663,5,628,4,35,1,769,5,149046,570,149815,575,2,9,-7,72,10,582,0,8,1
09-08-20,Perry,123,1,109,1,14,0,137,1,2646,5,2783,6,0,0,1,19,0,104,0,6,0
09-08-20,Pickett,84,2,69,2,15,0,91,2,848,1,939,3,0,1,-1,22,3,61,1,3,1
09-08-20,Polk,369,0,363,0,6,0,425,2,3141,35,3566,37,0,11,-2,19,2,339,0,18,10
09-08-20,Putnam,2530,6,2428,5,102,1,3082,6,24355,79,27437,85,1,32,-28,278,33,2220,0,96,36
09-08-20,Rhea,705,10,702,9,3,1,839,9,8510,13,9349,22,0,5,5,57,5,643,0,23,8
09-08-20,Roane,711,5,685,4,26,1,853,4,14514,53,15367,57,0,2,-6,97,11,612,0,29,2
09-08-20,Robertson,2028,3,2012,2,16,1,2470,3,14522,34,16992,37,1,31,-8,131,10,1866,2,144,32
09-08-20,Rutherford,8396,29,8356,29,40,0,10298,39,68822,452,79120,491,0,80,-31,388,60,7928,0,252,85
09-08-20,Scott,175,1,167,0,8,1,189,1,3457,28,3646,29,0,2,0,11,1,162,0,13,2
09-08-20,Sequatchie,176,1,175,1,1,0,204,1,4132,91,4336,92,0,2,1,13,0,161,0,10,1
09-08-20,Sevier,2364,13,2299,12,65,1,2639,13,21872,128,24511,141,0,13,-5,138,18,2213,0,84,15
09-08-20,Shelby,28579,72,28354,61,225,11,35250,80,317210,1437,352460,1517,5,407,-93,1348,160,26824,4,2060,473
09-08-20,Smith,602,2,586,2,16,0,754,2,4534,9,5288,11,1,9,-2,58,3,535,0,26,10
09-08-20,Stewart,113,3,105,1,8,2,138,3,2288,2,2426,5,1,1,2,17,0,95,0,6,2
09-08-20,Sullivan,1884,10,1790,9,94,1,2032,12,23899,165,25931,177,1,27,-13,206,22,1651,4,158,29
09-08-20,Sumner,4394,19,4365,19,29,0,5234,26,36734,147,41968,173,0,87,-10,217,29,4090,1,366,92
09-08-20,Tipton,1587,6,1510,3,77,3,1882,6,17549,60,19431,66,0,15,0,138,6,1434,0,85,19
09-08-20,Trousdale,1631,2,1628,2,3,0,1705,2,4056,11,5761,13,0,7,0,18,2,1606,1,24,7
09-08-20,Unicoi,244,2,241,2,3,0,278,2,4719,118,4997,120,0,1,0,24,2,219,0,12,1
09-08-20,Union,253,2,243,1,10,1,276,0,3667,15,3943,15,0,1,-2,22,4,230,0,7,1
09-08-20,Van Buren,115,0,105,0,10,0,127,0,1240,3,1367,3,0,0,-5,30,5,85,0,6,0
09-08-20,Warren,933,0,863,0,70,0,1042,0,10990,111,12032,111,0,7,-11,109,11,817,0,14,8
09-08-20,Washington,1866,11,1822,11,44,0,2135,12,24153,221,26288,233,0,14,-9,220,20,1632,2,89,22
09-08-20,Wayne,1444,1,1433,1,11,0,1563,1,5185,11,6748,12,0,2,-6,1118,7,324,0,18,6
09-08-20,Weakley,1003,4,929,4,74,0,1100,4,8820,61,9920,65,0,14,-10,130,14,859,0,28,15
09-08-20,White,631,0,590,0,41,0,762,0,7406,19,8168,19,0,7,-25,78,25,546,0,31,8
09-08-20,Williamson,4658,26,4616,21,42,5,5505,28,55462,285,60967,313,1,32,-15,346,40,4280,0,111,34
09-08-20,Wilson,3092,24,3075,23,17,1,3680,23,31412,169,35092,192,0,31,1,237,23,2824,3,105,36
09-07-20,Anderson,976,3,951,3,25,0,1133,6,20991,94,22124,100,0,8,-8,79,11,889,0,37,10
09-07-20,Bedford,1174,4,1129,4,45,0,1393,5,10525,33,11918,38,0,14,-10,73,14,1087,0,46,15
09-07-20,Benton,294,4,284,4,10,0,315,4,3518,11,3833,15,0,7,-1,41,5,246,0,17,8
09-07-20,Bledsoe,807,1,803,1,4,0,845,1,6065,6,6910,7,0,4,-1,17,2,786,0,17,4
09-07-20,Blount,2256,12,2215,11,41,1,2626,19,23251,68,25877,87,0,17,-4,321,16,1918,0,102,20
09-07-20,Bradley,2661,4,2590,4,71,0,3165,5,21232,44,24397,49,0,16,-22,146,26,2499,0,147,17
09-07-20,Campbell,382,0,359,0,23,0,423,0,8907,20,9330,20,0,3,-6,41,6,338,0,18,3
09-07-20,Cannon,238,2,225,2,13,0,285,2,3076,10,3361,12,0,0,-1,41,3,197,0,6,0
09-07-20,Carroll,693,6,598,3,95,3,750,6,7716,40,8466,46,0,10,-21,123,27,560,2,42,14
09-07-20,Carter,1000,2,953,2,47,0,1099,2,12477,46,13576,48,0,24,-29,104,31,872,2,75,25
09-07-20,Cheatham,735,2,728,1,7,1,894,2,8989,61,9883,63,0,10,0,29,2,696,0,28,10
09-07-20,Chester,471,2,414,2,57,0,521,3,4083,12,4604,15,0,6,-9,68,11,397,1,17,10
09-07-20,Claiborne,394,0,366,0,28,0,437,0,8612,8,9049,8,0,3,-4,40,4,351,0,19,4
09-07-20,Clay,132,0,121,0,11,0,139,0,2218,9,2357,9,0,2,-2,13,2,117,0,5,4
09-07-20,Cocke,691,0,647,0,44,0,738,0,6682,20,7420,20,0,7,-10,51,10,633,0,32,9
09-07-20,Coffee,836,4,772,4,64,0,1011,7,14449,84,15460,91,0,7,-11,99,15,730,0,30,11
09-07-20,Crockett,444,1,395,1,49,0,486,2,2500,11,2986,13,0,14,-6,53,7,377,0,19,19
09-07-20,Cumberland,995,1,975,1,20,0,1216,5,18523,21,19739,26,0,9,-27,169,28,817,0,49,13
09-07-20,Davidson,25245,44,25127,43,118,1,31677,63,267287,702,298964,765,0,264,-91,955,135,24026,3,1060,285
09-07-20,Decatur,360,7,280,7,80,0,400,8,4416,29,4816,37,0,4,3,71,4,285,1,11,5
09-07-20,Dekalb,480,0,467,0,13,0,598,1,6642,15,7240,16,0,6,-9,58,9,416,0,22,9
09-07-20,Dickson,1064,59,975,59,89,0,1321,74,11703,62,13024,136,0,9,31,104,28,951,1,51,13
09-07-20,Dyer,1079,1,1016,1,63,0,1168,7,8610,23,9778,30,0,10,-20,134,21,935,0,57,12
09-07-20,Fayette,1021,6,1000,6,21,0,1295,7,13273,35,14568,42,0,11,-10,96,16,914,1,78,18
09-07-20,Fentress,299,2,268,2,31,0,329,2,3212,9,3541,11,0,0,-17,83,19,216,0,16,3
09-07-20,Franklin,661,6,640,4,21,2,777,8,12697,25,13474,33,0,5,-12,163,18,493,1,33,7
09-07-20,Gibson,1237,16,1016,14,221,2,1364,44,11251,61,12615,105,0,17,2,177,14,1043,0,50,19
09-07-20,Giles,494,4,491,4,3,0,594,4,7160,13,7754,17,0,15,1,44,3,435,0,33,16
09-07-20,Grainger,299,0,281,0,18,0,349,0,4974,5,5323,5,0,1,-8,27,8,271,0,19,2
09-07-20,Greene,939,3,882,3,57,0,1106,4,12253,23,13359,27,0,19,-21,129,24,791,0,72,26
09-07-20,Grundy,166,0,162,0,4,0,193,0,1999,4,2192,4,0,3,-2,18,2,145,0,21,4
09-07-20,Hamblen,1747,4,1663,3,84,1,1895,3,18193,21,20088,24,0,21,-8,76,12,1650,0,84,23
09-07-20,Hamilton,8313,29,8151,28,162,1,9584,30,112939,267,122523,297,1,78,-54,562,82,7673,4,357,83
09-07-20,Hancock,102,0,95,0,7,0,110,0,1617,2,1727,2,0,2,0,5,0,95,0,11,2
09-07-20,Hardeman,1323,2,1268,2,55,0,1533,3,11777,15,13310,18,0,22,-10,74,12,1227,0,63,26
09-07-20,Hardin,827,8,702,6,125,2,916,8,9914,23,10830,31,0,12,-7,139,15,676,0,24,13
09-07-20,Hawkins,700,1,685,1,15,0,809,1,8024,26,8833,27,0,13,-2,45,3,642,0,52,15
09-07-20,Haywood,843,11,801,10,42,1,918,17,5076,47,5994,64,0,12,2,65,9,766,2,40,14
09-07-20,Henderson,984,4,801,4,183,0,1217,7,7000,27,8217,34,0,11,-9,137,13,836,0,38,17
09-07-20,Henry,522,1,509,1,13,0,620,1,7922,23,8542,24,0,7,-9,75,10,440,0,34,8
09-07-20,Hickman,420,3,401,2,19,1,522,3,5659,17,6181,20,0,4,-7,47,10,369,0,17,4
09-07-20,Houston,121,1,117,0,4,1,134,1,1734,2,1868,3,0,0,-2,25,3,96,0,9,0
09-07-20,Humphreys,183,1,168,1,15,0,209,1,4268,44,4477,45,0,3,-4,20,5,160,0,4,3
09-07-20,Jackson,264,0,246,0,18,0,299,2,2037,4,2336,6,0,2,-3,29,3,233,0,16,3
09-07-20,Jefferson,936,4,836,4,100,0,968,4,13603,32,14571,36,0,7,-14,151,18,778,0,50,13
09-07-20,Johnson,547,1,542,1,5,0,586,1,4859,2,5445,3,0,1,-3,139,4,407,0,14,1
09-07-20,Knox,7769,80,7507,77,262,3,8485,85,105037,417,113522,502,1,65,0,1203,79,6501,0,307,67
09-07-20,Lake,847,0,845,0,2,0,1044,0,5333,12,6377,12,0,2,-2,15,2,830,0,6,2
09-07-20,Lauderdale,835,2,783,2,52,0,912,3,8797,26,9709,29,0,12,-11,140,13,683,0,41,13
09-07-20,Lawrence,813,1,804,1,9,0,949,2,8646,42,9595,44,0,11,-9,85,10,717,0,34,11
09-07-20,Lewis,152,0,151,0,1,0,166,0,3587,79,3753,79,0,1,-2,15,2,136,0,11,1
09-07-20,Lincoln,483,1,477,1,6,0,592,2,6399,11,6991,13,0,1,-1,50,2,432,0,16,1
09-07-20,Loudon,994,3,965,3,29,0,1095,7,10460,40,11555,47,0,4,-10,87,13,903,0,32,4
09-07-20,Macon,958,1,948,1,10,0,1176,7,5994,35,7170,42,0,16,-2,46,3,896,0,74,20
09-07-20,Madison,2143,28,1905,22,238,6,2351,35,21717,113,24068,148,0,48,-22,-1,50,2096,2,159,61
09-07-20,Marion,416,5,412,5,4,0,505,5,4731,11,5236,16,0,7,-1,64,6,345,0,33,7
09-07-20,Marshall,603,2,599,2,4,0,685,2,7424,11,8109,13,0,4,-19,72,21,527,0,18,4
09-07-20,Maury,1914,4,1902,4,12,0,2235,8,20283,56,22518,64,0,18,-27,208,31,1688,0,75,19
09-07-20,McMinn,907,5,895,5,12,0,1051,6,13182,40,14233,46,0,24,-7,104,12,779,0,50,24
09-07-20,McNairy,640,4,545,3,95,1,733,4,5516,37,6249,41,0,14,-8,121,12,505,0,32,16
09-07-20,Meigs,187,6,183,6,4,0,218,6,2462,8,2680,14,0,2,2,34,4,151,2,10,3
09-07-20,Monroe,891,3,854,2,37,1,991,5,8712,25,9703,30,0,15,-31,142,34,734,0,59,17
09-07-20,Montgomery,2675,24,2598,23,77,1,3052,30,33477,65,36529,95,0,31,-1,171,25,2473,1,115,40
09-07-20,Moore,119,0,114,0,5,0,145,0,1639,4,1784,4,0,1,0,13,0,105,0,1,1
09-07-20,Morgan,272,0,256,0,16,0,293,0,6913,14,7206,14,0,2,-7,45,7,225,0,6,2
09-07-20,Obion,947,4,925,4,22,0,1043,4,7888,94,8931,98,0,8,-16,115,20,824,0,38,10
09-07-20,Out of State,1780,7,1751,6,29,1,2019,10,225112,576,227131,586,0,24,-13,112,20,1644,1,68,12
09-07-20,Overton,546,7,508,6,38,1,606,7,5719,57,6325,64,0,2,-7,95,14,449,0,19,4
09-07-20,Pending,658,7,624,7,34,0,764,8,148476,423,149240,431,0,7,-7,79,14,572,0,8,1
09-07-20,Perry,122,1,108,1,14,0,136,1,2641,8,2777,9,0,0,-1,18,2,104,1,6,0
09-07-20,Pickett,82,1,67,1,15,0,89,1,847,6,936,7,0,1,-3,23,4,58,0,2,1
09-07-20,Polk,369,0,363,0,6,0,423,0,3106,5,3529,5,1,11,-7,21,6,337,0,18,10
09-07-20,Putnam,2524,8,2423,6,101,2,3076,24,24276,26,27352,50,0,31,-31,306,39,2187,0,96,34
09-07-20,Rhea,695,2,693,2,2,0,830,2,8497,6,9327,8,0,5,-7,52,9,638,1,23,8
09-07-20,Roane,706,2,681,2,25,0,849,2,14461,24,15310,26,0,2,-13,103,15,601,0,29,2
09-07-20,Robertson,2025,18,2010,18,15,0,2467,28,14488,34,16955,62,0,30,4,139,14,1856,0,142,31
09-07-20,Rutherford,8367,62,8327,62,40,0,10259,115,68370,397,78629,512,0,80,0,419,62,7868,2,252,84
09-07-20,Scott,174,0,167,0,7,0,188,0,3429,7,3617,7,0,2,-3,11,3,161,0,13,2
09-07-20,Sequatchie,175,1,174,1,1,0,203,4,4041,10,4244,14,0,2,-1,12,2,161,0,10,1
09-07-20,Sevier,2351,3,2287,3,64,0,2626,6,21744,50,24370,56,0,13,-16,143,19,2195,0,84,15
09-07-20,Shelby,28507,130,28293,126,214,4,35170,186,315773,1175,350943,1361,0,402,-49,1441,179,26664,1,2056,469
09-07-20,Smith,600,4,584,4,16,0,752,23,4525,19,5277,42,0,8,0,60,4,532,0,26,9
09-07-20,Stewart,110,1,104,0,6,1,135,1,2286,3,2421,4,0,0,0,15,1,95,0,6,1
09-07-20,Sullivan,1874,11,1781,11,93,0,2020,12,23734,76,25754,88,0,26,-11,219,22,1629,1,154,28
09-07-20,Sumner,4375,17,4346,17,29,0,5208,29,36587,283,41795,312,0,87,-20,227,37,4061,2,365,92
09-07-20,Tipton,1581,6,1507,6,74,0,1876,20,17489,58,19365,78,0,15,-13,138,19,1428,0,85,19
09-07-20,Trousdale,1629,0,1626,0,3,0,1703,3,4045,8,5748,11,0,7,-4,18,4,1604,0,23,7
09-07-20,Unicoi,242,2,239,2,3,0,276,4,4601,8,4877,12,0,1,0,24,2,217,0,12,1
09-07-20,Union,251,0,242,0,9,0,276,0,3652,6,3928,6,0,1,-3,24,3,226,0,7,1
09-07-20,Van Buren,115,1,105,0,10,1,127,2,1237,2,1364,4,0,0,-5,35,6,80,0,6,0
09-07-20,Warren,933,5,863,5,70,0,1042,6,10879,24,11921,30,0,7,-15,120,20,806,0,14,8
09-07-20,Washington,1855,7,1811,7,44,0,2123,8,23932,43,26055,51,0,14,-13,229,20,1612,1,87,19
09-07-20,Wayne,1443,1,1432,1,11,0,1562,1,5174,12,6736,13,0,2,-5,1124,6,317,0,18,6
09-07-20,Weakley,999,5,925,1,74,4,1096,7,8759,25,9855,32,0,14,-22,140,27,845,0,28,15
09-07-20,White,631,4,590,3,41,1,762,9,7387,11,8149,20,0,7,-28,103,32,521,0,31,8
09-07-20,Williamson,4632,20,4595,17,37,3,5477,21,55177,139,60654,160,1,31,-27,361,46,4240,0,111,34
09-07-20,Wilson,3068,11,3052,11,16,0,3657,13,31243,110,34900,123,0,31,-14,236,25,2801,0,102,35
09-06-20,Anderson,973,2,948,2,25,0,1127,2,20897,76,22024,78,0,8,-1,87,3,878,0,37,10
09-06-20,Bedford,1170,2,1125,2,45,0,1388,3,10492,17,11880,20,0,14,-4,83,6,1073,0,46,15
09-06-20,Benton,290,1,280,0,10,1,311,1,3507,9,3818,10,0,7,-2,42,3,241,0,17,7
09-06-20,Bledsoe,806,0,802,0,4,0,844,0,6059,10,6903,10,0,4,-2,18,2,784,0,17,4
09-06-20,Blount,2244,6,2204,6,40,0,2607,7,23183,93,25790,100,0,17,-5,325,11,1902,0,102,20
09-06-20,Bradley,2657,10,2586,4,71,6,3160,11,21188,107,24348,118,0,16,-2,168,12,2473,1,147,17
09-06-20,Campbell,382,3,359,3,23,0,423,3,8887,126,9310,129,0,3,1,47,2,332,0,18,3
09-06-20,Cannon,236,2,223,2,13,0,283,3,3066,9,3349,12,0,0,2,42,0,194,0,6,0
09-06-20,Carroll,687,7,595,5,92,2,744,7,7676,128,8420,135,0,10,-1,144,8,533,0,40,14
09-06-20,Carter,998,7,951,7,47,0,1097,9,12431,61,13528,70,0,24,-5,133,12,841,1,73,25
09-06-20,Cheatham,733,2,727,2,6,0,892,2,8928,26,9820,28,0,10,0,29,2,694,0,28,10
09-06-20,Chester,469,6,412,5,57,1,518,5,4071,46,4589,51,0,6,5,77,1,386,0,16,10
09-06-20,Claiborne,394,1,366,1,28,0,437,1,8604,56,9041,57,0,3,-1,44,2,347,0,19,4
09-06-20,Clay,132,0,121,0,11,0,139,0,2209,10,2348,10,0,2,-1,15,1,115,0,5,4
09-06-20,Cocke,691,3,647,2,44,1,738,2,6662,31,7400,33,0,7,-1,61,4,623,1,32,9
09-06-20,Coffee,832,5,768,5,64,0,1004,4,14365,50,15369,54,0,7,-6,110,11,715,0,30,10
09-06-20,Crockett,443,1,394,1,49,0,484,1,2489,7,2973,8,0,14,-4,59,5,370,0,19,19
09-06-20,Cumberland,994,0,974,0,20,0,1211,1,18502,30,19713,31,0,9,-12,196,12,789,0,49,13
09-06-20,Davidson,25201,106,25084,103,117,3,31614,113,266585,855,298199,968,0,264,26,1046,80,23891,1,1057,284
09-06-20,Decatur,353,8,273,8,80,0,392,8,4387,86,4779,94,0,4,4,68,4,281,1,10,5
09-06-20,Dekalb,480,0,467,0,13,0,597,0,6627,77,7224,77,0,6,-1,67,1,407,0,22,9
09-06-20,Dickson,1005,3,916,3,89,0,1247,4,11641,83,12888,87,0,9,-4,73,7,923,1,50,13
09-06-20,Dyer,1078,6,1015,5,63,1,1161,7,8587,64,9748,71,0,10,0,154,6,914,1,57,12
09-06-20,Fayette,1015,7,994,7,21,0,1288,9,13238,47,14526,56,0,11,2,106,5,898,2,77,17
09-06-20,Fentress,297,1,266,0,31,1,327,0,3203,11,3530,11,0,0,-4,100,5,197,0,16,3
09-06-20,Franklin,655,4,636,4,19,0,769,7,12672,32,13441,39,0,5,-1,175,5,475,0,32,7
09-06-20,Gibson,1221,21,1002,13,219,8,1320,22,11190,103,12510,125,0,17,12,175,9,1029,0,50,19
09-06-20,Giles,490,12,487,12,3,0,590,12,7147,59,7737,71,0,15,10,43,2,432,0,33,16
09-06-20,Grainger,299,3,281,1,18,2,349,2,4969,13,5318,15,0,1,0,35,3,263,0,19,2
09-06-20,Greene,936,14,879,13,57,1,1102,14,12230,50,13332,64,0,19,-1,150,15,767,1,72,26
09-06-20,Grundy,166,0,162,0,4,0,193,0,1995,4,2188,4,0,3,-1,20,1,143,0,21,4
09-06-20,Hamblen,1743,2,1660,1,83,1,1892,1,18172,46,20064,47,0,21,-5,84,7,1638,0,84,23
09-06-20,Hamilton,8284,49,8123,49,161,0,9554,45,112672,771,122226,816,0,77,-7,616,56,7591,0,353,81
09-06-20,Hancock,102,1,95,1,7,0,110,1,1615,4,1725,5,0,2,1,5,0,95,0,11,2
09-06-20,Hardeman,1321,6,1266,6,55,0,1530,8,11762,107,13292,115,0,22,3,84,3,1215,0,63,26
09-06-20,Hardin,819,4,696,4,123,0,908,3,9891,52,10799,55,0,12,-2,146,6,661,0,24,13
09-06-20,Hawkins,699,3,684,3,15,0,808,3,7998,19,8806,22,0,13,-1,47,4,639,0,52,15
09-06-20,Haywood,832,5,791,4,41,1,901,6,5029,97,5930,103,0,12,2,63,3,757,1,38,14
09-06-20,Henderson,980,3,797,2,183,1,1210,3,6973,122,8183,125,0,11,-6,146,9,823,1,38,17
09-06-20,Henry,521,0,508,0,13,0,619,1,7899,34,8518,35,0,7,-2,84,2,430,0,34,8
09-06-20,Hickman,417,2,399,2,18,0,519,2,5642,17,6161,19,0,4,-9,54,11,359,0,17,4
09-06-20,Houston,120,1,117,1,3,0,133,1,1732,3,1865,4,0,0,-4,27,5,93,0,9,0
09-06-20,Humphreys,182,3,167,3,15,0,208,3,4224,29,4432,32,0,3,0,24,3,155,0,4,3
09-06-20,Jackson,264,1,246,1,18,0,297,2,2033,7,2330,9,0,2,-2,32,3,230,1,16,3
09-06-20,Jefferson,932,4,832,4,100,0,964,5,13571,33,14535,38,0,7,0,165,4,760,1,50,13
09-06-20,Johnson,546,4,541,4,5,0,585,5,4857,3,5442,8,0,1,2,142,2,403,0,14,1
09-06-20,Knox,7689,89,7430,85,259,4,8400,85,104620,472,113020,557,0,64,14,1203,75,6422,1,307,67
09-06-20,Lake,847,1,845,1,2,0,1044,1,5321,16,6365,17,0,2,1,17,0,828,0,6,2
09-06-20,Lauderdale,833,3,781,3,52,0,909,4,8771,29,9680,33,0,12,-2,151,5,670,0,41,13
09-06-20,Lawrence,812,8,803,8,9,0,947,9,8604,63,9551,72,1,11,2,94,5,707,2,34,11
09-06-20,Lewis,152,1,151,1,1,0,166,2,3508,104,3674,106,0,1,-1,17,2,134,0,11,1
09-06-20,Lincoln,482,3,476,3,6,0,590,4,6388,23,6978,27,0,1,1,51,2,430,0,16,1
09-06-20,Loudon,991,2,962,2,29,0,1088,3,10420,51,11508,54,0,4,-1,97,3,890,0,32,4
09-06-20,Macon,957,1,947,1,10,0,1169,2,5959,22,7128,24,0,16,-3,48,4,893,0,74,19
09-06-20,Madison,2115,20,1883,15,232,5,2316,23,21604,174,23920,197,0,48,-4,21,24,2046,1,157,61
09-06-20,Marion,411,5,407,5,4,0,500,5,4720,30,5220,35,0,7,4,65,1,339,0,33,7
09-06-20,Marshall,601,8,597,8,4,0,683,10,7413,44,8096,54,0,4,3,91,5,506,0,18,4
09-06-20,Maury,1910,19,1898,19,12,0,2227,19,20227,152,22454,171,0,18,3,235,16,1657,0,75,19
09-06-20,McMinn,902,10,890,10,12,0,1045,10,13142,143,14187,153,0,24,1,111,9,767,0,50,24
09-06-20,McNairy,636,1,542,1,94,0,729,1,5479,34,6208,35,0,14,-3,129,4,493,0,32,16
09-06-20,Meigs,181,0,177,0,4,0,212,1,2454,10,2666,11,0,2,-2,32,2,147,0,8,3
09-06-20,Monroe,888,5,852,5,36,0,986,8,8687,79,9673,87,0,15,-3,173,8,700,1,59,16
09-06-20,Montgomery,2651,20,2575,20,76,0,3022,22,33412,228,36434,250,0,31,10,172,10,2448,1,114,40
09-06-20,Moore,119,0,114,0,5,0,145,0,1635,1,1780,1,0,1,0,13,0,105,0,1,1
09-06-20,Morgan,272,2,256,1,16,1,293,1,6899,21,7192,22,0,2,-2,52,4,218,0,6,2
09-06-20,Obion,943,9,921,9,22,0,1039,10,7794,47,8833,57,0,8,3,131,6,804,0,38,10
09-06-20,Out of State,1773,13,1745,12,28,1,2009,14,224536,1456,226545,1470,0,24,5,125,8,1624,1,67,12
09-06-20,Overton,539,1,502,1,37,0,599,1,5662,62,6261,63,0,2,-5,102,6,435,0,19,3
09-06-20,Pending,651,6,617,6,34,0,756,8,148053,844,148809,852,0,7,5,86,1,558,0,8,1
09-06-20,Perry,121,0,107,0,14,0,135,0,2633,10,2768,10,0,0,-2,19,2,102,0,5,0
09-06-20,Pickett,81,0,66,0,15,0,88,0,841,2,929,2,0,1,0,26,0,54,0,2,1
09-06-20,Polk,369,1,363,1,6,0,423,1,3101,8,3524,9,0,10,-1,28,2,331,0,18,10
09-06-20,Putnam,2516,14,2417,14,99,0,3052,15,24250,182,27302,197,0,31,-1,337,15,2148,4,96,33
09-06-20,Rhea,693,1,691,1,2,0,828,2,8491,30,9319,32,0,5,-5,59,6,629,0,22,7
09-06-20,Roane,704,3,679,2,25,1,847,3,14437,49,15284,52,0,2,-4,116,7,586,1,29,2
09-06-20,Robertson,2007,5,1992,5,15,0,2439,5,14454,43,16893,48,0,30,-6,135,11,1842,0,142,31
09-06-20,Rutherford,8305,20,8265,19,40,1,10144,21,67973,381,78117,402,0,80,-15,419,35,7806,0,250,84
09-06-20,Scott,174,0,167,0,7,0,188,1,3422,24,3610,25,0,2,0,14,0,158,0,13,2
09-06-20,Sequatchie,174,2,173,2,1,0,199,2,4031,24,4230,26,0,2,2,13,0,159,0,10,1
09-06-20,Sevier,2348,1,2284,1,64,0,2620,3,21694,60,24314,63,0,13,-9,159,10,2176,0,84,15
09-06-20,Shelby,28377,114,28167,110,210,4,34984,153,314598,1784,349582,1937,2,402,15,1490,97,26485,6,2055,463
09-06-20,Smith,596,4,580,3,16,1,729,7,4506,18,5235,25,0,8,4,60,0,528,1,26,9
09-06-20,Stewart,109,0,104,0,5,0,134,0,2283,7,2417,7,0,0,0,15,0,94,0,6,1
09-06-20,Sullivan,1863,6,1770,6,93,0,2008,7,23658,98,25666,105,0,26,-12,230,18,1607,1,153,28
09-06-20,Sumner,4358,15,4329,14,29,1,5179,17,36304,142,41483,159,0,87,-4,247,19,4024,1,363,92
09-06-20,Tipton,1575,2,1501,2,74,0,1856,4,17431,58,19287,62,0,15,-11,151,13,1409,0,85,19
09-06-20,Trousdale,1629,0,1626,0,3,0,1700,0,4037,8,5737,8,0,7,0,22,0,1600,0,23,7
09-06-20,Unicoi,240,2,237,2,3,0,272,0,4593,31,4865,31,0,1,1,24,1,215,0,12,1
09-06-20,Union,251,1,242,1,9,0,276,2,3646,22,3922,24,0,1,0,27,1,223,0,7,1
09-06-20,Van Buren,114,0,105,0,9,0,125,0,1235,1,1360,1,0,0,-3,40,3,74,0,6,0
09-06-20,Warren,928,2,858,2,70,0,1036,2,10855,17,11891,19,0,7,-8,135,10,786,0,14,8
09-06-20,Washington,1848,17,1804,17,44,0,2115,13,23889,54,26004,67,0,14,2,242,15,1592,0,86,19
09-06-20,Wayne,1442,1,1431,0,11,1,1561,1,5162,23,6723,24,0,2,-3,1129,4,311,0,18,6
09-06-20,Weakley,994,5,924,4,70,1,1089,6,8734,42,9823,48,0,14,-8,162,13,818,1,28,15
09-06-20,White,627,0,587,0,40,0,753,0,7376,32,8129,32,0,7,-7,131,7,489,0,31,8
09-06-20,Williamson,4612,34,4578,32,34,2,5456,36,55038,286,60494,322,0,30,16,388,18,4194,1,111,34
09-06-20,Wilson,3057,20,3041,20,16,0,3644,20,31133,135,34777,155,0,31,-2,250,22,2776,1,102,35
09-05-20,Anderson,971,19,946,19,25,0,1125,21,20821,242,21946,263,0,8,16,88,3,875,1,37,10
09-05-20,Bedford,1168,17,1123,17,45,0,1385,17,10475,118,11860,135,0,14,12,87,5,1067,1,46,15
09-05-20,Benton,289,6,280,5,9,1,310,6,3498,46,3808,52,1,7,1,44,4,238,0,17,7
09-05-20,Bledsoe,806,6,802,6,4,0,844,7,6049,75,6893,82,0,4,4,20,2,782,0,17,4
09-05-20,Blount,2238,25,2198,24,40,1,2600,30,23090,1063,25690,1093,0,17,17,330,8,1891,1,102,20
09-05-20,Bradley,2647,43,2582,42,65,1,3149,47,21081,338,24230,385,0,16,22,170,21,2461,1,146,17
09-05-20,Campbell,379,9,356,9,23,0,420,9,8761,147,9181,156,0,3,6,46,3,330,1,18,3
09-05-20,Cannon,234,3,221,3,13,0,280,3,3057,66,3337,69,0,0,2,40,1,194,0,6,0
09-05-20,Carroll,680,13,590,13,90,0,737,17,7548,168,8285,185,1,10,-1,145,13,525,0,40,14
09-05-20,Carter,991,27,944,27,47,0,1088,30,12370,193,13458,223,0,24,17,138,10,829,1,72,24
09-05-20,Cheatham,731,6,725,6,6,0,890,6,8902,94,9792,100,0,10,2,29,4,692,0,28,10
09-05-20,Chester,463,5,407,4,56,1,513,5,4025,58,4538,63,0,6,0,72,5,385,0,16,10
09-05-20,Claiborne,393,10,365,10,28,0,436,10,8548,111,8984,121,0,3,8,45,2,345,0,19,4
09-05-20,Clay,132,1,121,1,11,0,139,1,2199,45,2338,46,0,2,-2,16,3,114,0,5,4
09-05-20,Cocke,688,7,645,6,43,1,736,7,6631,94,7367,101,0,7,5,62,2,619,0,31,9
09-05-20,Coffee,827,25,763,24,64,1,1000,28,14315,298,15315,326,1,7,14,116,10,704,1,30,9
09-05-20,Crockett,442,12,393,10,49,2,483,15,2482,43,2965,58,0,14,5,63,7,365,0,19,17
09-05-20,Cumberland,994,14,974,14,20,0,1210,20,18472,194,19682,214,0,9,0,208,14,777,0,49,12
09-05-20,Davidson,25095,331,24981,330,114,1,31501,391,265730,4262,297231,4653,3,264,240,1020,88,23811,4,1056,283
09-05-20,Decatur,345,7,265,3,80,4,384,8,4301,109,4685,117,0,4,4,64,3,277,0,9,5
09-05-20,Dekalb,480,4,467,4,13,0,597,5,6550,86,7147,91,0,6,-1,68,5,406,0,22,9
09-05-20,Dickson,1002,21,913,17,89,4,1243,25,11558,195,12801,220,0,9,15,77,6,916,0,49,12
09-05-20,Dyer,1072,26,1010,24,62,2,1154,33,8523,236,9677,269,0,10,17,154,9,908,0,56,12
09-05-20,Fayette,1008,16,987,14,21,2,1279,18,13191,195,14470,213,0,11,9,104,7,893,0,75,16
09-05-20,Fentress,296,13,266,13,30,0,327,16,3192,41,3519,57,0,0,9,104,4,192,0,16,2
09-05-20,Franklin,651,41,632,40,19,1,762,42,12640,323,13402,365,1,5,27,176,13,470,3,32,7
09-05-20,Gibson,1200,23,989,19,211,4,1298,24,11087,252,12385,276,1,17,7,163,15,1020,1,50,19
09-05-20,Giles,478,6,475,6,3,0,578,6,7088,113,7666,119,0,15,4,33,2,430,0,33,15
09-05-20,Grainger,296,5,280,5,16,0,347,4,4956,41,5303,45,0,1,3,35,2,260,1,19,2
09-05-20,Greene,922,26,866,25,56,1,1088,39,12180,177,13268,216,1,19,18,151,7,752,1,71,24
09-05-20,Grundy,166,8,162,8,4,0,193,8,1991,43,2184,51,0,3,8,21,0,142,0,21,4
09-05-20,Hamblen,1741,8,1659,8,82,0,1891,9,18126,183,20017,192,-1,21,-8,89,17,1631,1,84,23
09-05-20,Hamilton,8235,127,8074,120,161,7,9509,138,111901,1861,121410,1999,0,77,40,623,87,7535,2,353,79
09-05-20,Hancock,101,2,94,2,7,0,109,2,1611,23,1720,25,0,2,2,4,0,95,0,11,2
09-05-20,Hardeman,1315,2,1260,2,55,0,1522,5,11655,222,13177,227,0,22,-2,81,4,1212,0,63,26
09-05-20,Hardin,815,23,692,22,123,1,905,25,9839,107,10744,132,0,12,11,148,12,655,1,24,13
09-05-20,Hawkins,696,7,681,7,15,0,805,8,7979,95,8784,103,0,13,5,48,2,635,1,52,15
09-05-20,Haywood,827,8,787,8,40,0,895,9,4932,47,5827,56,0,12,5,61,3,754,0,37,13
09-05-20,Henderson,977,27,795,20,182,7,1207,31,6851,125,8058,156,1,11,23,152,3,814,0,37,17
09-05-20,Henry,521,7,508,6,13,1,618,13,7865,101,8483,114,0,7,4,86,3,428,0,34,8
09-05-20,Hickman,415,5,397,5,18,0,517,7,5625,220,6142,227,0,4,2,63,3,348,0,17,4
09-05-20,Houston,119,4,116,4,3,0,132,4,1729,41,1861,45,0,0,2,31,2,88,0,9,0
09-05-20,Humphreys,179,2,164,2,15,0,205,2,4195,60,4400,62,0,3,1,24,1,152,0,4,3
09-05-20,Jackson,263,1,245,1,18,0,295,2,2026,19,2321,21,0,2,0,34,1,227,0,15,3
09-05-20,Jefferson,928,51,828,50,100,1,959,50,13538,207,14497,257,0,7,39,165,12,756,1,49,13
09-05-20,Johnson,542,109,537,109,5,0,580,112,4854,156,5434,268,0,1,106,140,3,401,0,14,1
09-05-20,Knox,7600,257,7345,256,255,1,8315,264,104148,1438,112463,1702,0,64,188,1189,69,6347,4,306,64
09-05-20,Lake,846,3,844,3,2,0,1043,4,5305,78,6348,82,0,2,2,16,1,828,0,6,2
09-05-20,Lauderdale,830,91,778,89,52,2,905,96,8742,266,9647,362,0,12,86,153,5,665,0,41,13
09-05-20,Lawrence,804,19,795,19,9,0,938,20,8541,76,9479,96,1,10,8,92,10,702,0,32,11
09-05-20,Lewis,151,1,150,1,1,0,164,2,3404,37,3568,39,0,1,-4,18,5,132,0,11,1
09-05-20,Lincoln,479,16,473,16,6,0,586,18,6365,118,6951,136,0,1,13,50,3,428,0,16,1
09-05-20,Loudon,989,19,960,19,29,0,1085,22,10369,148,11454,170,0,4,14,98,5,887,0,32,4
09-05-20,Macon,956,10,946,10,10,0,1167,11,5937,83,7104,94,0,16,10,51,0,889,0,74,19
09-05-20,Madison,2095,35,1868,24,227,11,2293,40,21430,320,23723,360,2,48,14,25,19,2022,6,156,60
09-05-20,Marion,406,23,402,23,4,0,495,27,4690,130,5185,157,0,7,19,61,4,338,0,33,7
09-05-20,Marshall,593,11,589,11,4,0,673,12,7369,189,8042,201,0,4,1,88,10,501,0,18,4
09-05-20,Maury,1891,42,1879,42,12,0,2208,49,20075,350,22283,399,1,18,23,232,18,1641,2,75,19
09-05-20,McMinn,892,19,880,19,12,0,1035,22,12999,222,14034,244,1,24,3,110,15,758,0,50,24
09-05-20,McNairy,635,15,541,15,94,0,728,18,5445,147,6173,165,1,14,6,132,8,489,0,32,16
09-05-20,Meigs,181,9,177,9,4,0,211,8,2444,38,2655,46,0,2,4,34,5,145,0,8,3
09-05-20,Monroe,883,10,847,10,36,0,978,14,8608,221,9586,235,0,15,-1,176,11,692,1,58,15
09-05-20,Montgomery,2631,34,2555,33,76,1,3000,38,33184,427,36184,465,1,31,21,162,12,2438,0,113,38
09-05-20,Moore,119,1,114,1,5,0,145,1,1634,15,1779,16,0,1,1,13,0,105,0,1,1
09-05-20,Morgan,270,10,255,10,15,0,292,11,6878,187,7170,198,0,2,5,54,5,214,0,6,2
09-05-20,Obion,934,12,912,12,22,0,1029,12,7747,121,8776,133,0,8,7,128,5,798,0,38,10
09-05-20,Out of State,1760,36,1733,36,27,0,1995,35,223080,4360,225075,4395,0,24,26,120,10,1616,0,66,12
09-05-20,Overton,538,4,501,4,37,0,598,5,5600,48,6198,53,0,2,0,107,4,429,0,19,3
09-05-20,Pending,645,11,611,10,34,1,748,16,147209,1900,147957,1916,0,7,6,81,5,557,1,8,1
09-05-20,Perry,121,2,107,2,14,0,135,4,2623,25,2758,29,0,0,1,21,1,100,0,5,0
09-05-20,Pickett,81,3,66,3,15,0,88,5,839,8,927,13,0,1,2,26,1,54,0,2,1
09-05-20,Polk,368,7,362,7,6,0,422,7,3093,29,3515,36,0,10,2,29,5,329,0,18,9
09-05-20,Putnam,2502,44,2403,43,99,1,3037,55,24068,332,27105,387,2,31,23,338,19,2133,1,92,32
09-05-20,Rhea,692,16,690,16,2,0,826,16,8461,155,9287,171,0,5,14,64,2,623,0,22,7
09-05-20,Roane,701,23,677,22,24,1,844,26,14388,220,15232,246,0,2,20,120,3,579,1,28,2
09-05-20,Robertson,2002,29,1987,29,15,0,2434,33,14411,185,16845,218,1,30,22,141,6,1831,0,142,31
09-05-20,Rutherford,8285,78,8246,78,39,0,10123,102,67592,1031,77715,1133,3,80,39,434,36,7771,0,250,82
09-05-20,Scott,174,2,167,2,7,0,187,2,3398,34,3585,36,0,2,2,14,0,158,0,13,2
09-05-20,Sequatchie,172,3,171,3,1,0,197,3,4007,56,4204,59,0,2,0,11,3,159,0,10,1
09-05-20,Sevier,2347,18,2283,18,64,0,2617,17,21634,280,24251,297,0,13,12,168,6,2166,1,84,15
09-05-20,Shelby,28263,152,28057,149,206,3,34831,197,312814,2590,347645,2787,2,400,39,1475,111,26388,6,2049,458
09-05-20,Smith,592,18,577,18,15,0,722,21,4488,62,5210,83,0,8,15,56,3,528,0,25,9
09-05-20,Stewart,109,2,104,2,5,0,134,2,2276,21,2410,23,0,0,1,15,1,94,0,6,1
09-05-20,Sullivan,1857,29,1764,29,93,0,2001,30,23560,429,25561,459,0,26,19,242,10,1589,2,152,28
09-05-20,Sumner,4343,42,4315,42,28,0,5162,52,36162,583,41324,635,0,87,18,251,24,4005,0,362,92
09-05-20,Tipton,1573,28,1499,27,74,1,1852,32,17373,151,19225,183,0,15,16,162,12,1396,0,85,19
09-05-20,Trousdale,1629,0,1626,0,3,0,1700,0,4029,46,5729,46,0,7,-3,22,3,1600,0,23,7
09-05-20,Unicoi,238,2,235,2,3,0,272,5,4562,36,4834,41,0,1,-2,23,4,214,0,12,1
09-05-20,Union,250,0,241,0,9,0,274,2,3624,52,3898,54,0,1,-2,27,2,222,0,7,1
09-05-20,Van Buren,114,7,105,7,9,0,125,7,1234,28,1359,35,0,0,6,43,1,71,0,6,0
09-05-20,Warren,926,17,856,16,70,1,1034,19,10838,126,11872,145,0,7,8,143,9,776,0,14,8
09-05-20,Washington,1831,34,1787,34,44,0,2102,44,23835,328,25937,372,0,14,19,240,15,1577,0,86,16
09-05-20,Wayne,1441,5,1431,5,10,0,1560,5,5139,24,6699,29,0,2,0,1132,5,307,0,18,6
09-05-20,Weakley,989,20,920,19,69,1,1083,22,8692,113,9775,135,1,14,6,170,13,805,0,27,15
09-05-20,White,627,14,587,13,40,1,753,20,7344,150,8097,170,0,7,4,138,10,482,0,31,7
09-05-20,Williamson,4578,72,4546,72,32,0,5420,83,54752,795,60172,878,0,30,47,372,25,4176,0,110,34
09-05-20,Wilson,3037,48,3021,47,16,1,3624,53,30998,391,34622,444,0,31,29,252,19,2754,0,101,35
09-04-20,Anderson,952,9,927,8,25,1,1104,10,20579,194,21683,204,0,8,6,72,3,872,0,36,9
09-04-20,Bedford,1151,2,1106,2,45,0,1368,3,10357,59,11725,62,0,14,-10,75,12,1062,0,45,15
09-04-20,Benton,283,5,275,5,8,0,304,5,3452,19,3756,24,0,6,-1,43,6,234,0,17,7
09-04-20,Bledsoe,800,2,796,2,4,0,837,2,5974,53,6811,55,0,4,1,16,1,780,0,17,4
09-04-20,Blount,2213,15,2174,15,39,0,2570,18,22027,151,24597,169,0,17,0,313,15,1883,0,101,18
09-04-20,Bradley,2604,7,2540,7,64,0,3102,10,20743,105,23845,115,0,16,-14,148,21,2440,0,145,17
09-04-20,Campbell,370,3,347,3,23,0,411,2,8614,48,9025,50,0,3,0,40,3,327,0,17,3
09-04-20,Cannon,231,2,218,2,13,0,277,2,2991,25,3268,27,0,0,1,38,1,193,0,6,0
09-04-20,Carroll,667,13,577,13,90,0,720,15,7380,55,8100,70,0,9,-4,146,17,512,0,40,14
09-04-20,Carter,964,4,917,4,47,0,1058,3,12177,98,13235,101,5,24,-13,121,12,819,1,71,24
09-04-20,Cheatham,725,1,719,1,6,0,884,1,8808,56,9692,57,0,10,-2,27,3,688,0,28,10
09-04-20,Chester,458,16,403,14,55,2,508,17,3967,31,4475,48,1,6,10,72,5,380,0,16,10
09-04-20,Claiborne,383,4,355,4,28,0,426,5,8437,41,8863,46,0,3,1,37,3,343,0,19,4
09-04-20,Clay,131,0,120,0,11,0,138,0,2154,16,2292,16,0,2,-2,18,2,111,0,5,4
09-04-20,Cocke,681,8,639,4,42,4,729,6,6537,59,7266,65,0,7,5,57,3,617,0,31,9
09-04-20,Coffee,802,9,739,7,63,2,972,9,14017,166,14989,175,0,6,0,102,9,694,0,29,9
09-04-20,Crockett,430,5,383,5,47,0,468,5,2439,14,2907,19,0,14,-2,58,7,358,0,19,17
09-04-20,Cumberland,980,20,960,18,20,2,1190,23,18278,194,19468,217,0,9,-2,208,22,763,0,49,11
09-04-20,Davidson,24764,55,24651,55,113,0,31110,64,261468,974,292578,1038,2,261,-34,780,87,23723,0,1052,281
09-04-20,Decatur,338,10,262,10,76,0,376,11,4192,73,4568,84,0,4,7,60,3,274,1,9,4
09-04-20,Dekalb,476,5,463,5,13,0,592,6,6464,70,7056,76,0,6,3,69,2,401,0,22,9
09-04-20,Dickson,981,5,896,5,85,0,1218,6,11363,25,12581,31,0,9,-4,62,9,910,0,49,12
09-04-20,Dyer,1046,14,986,14,60,0,1121,10,8287,66,9408,76,0,10,3,137,11,899,0,56,12
09-04-20,Fayette,992,5,973,5,19,0,1261,4,12996,67,14257,71,0,11,-1,95,6,886,0,75,16
09-04-20,Fentress,283,13,253,13,30,0,311,14,3151,63,3462,77,0,0,3,95,10,188,1,16,2
09-04-20,Franklin,610,20,592,20,18,0,720,20,12317,67,13037,87,0,4,14,149,6,457,0,29,7
09-04-20,Gibson,1177,18,970,14,207,4,1274,19,10835,81,12109,100,0,16,-3,156,21,1005,0,49,19
09-04-20,Giles,472,3,469,3,3,0,572,5,6975,62,7547,67,0,15,-1,29,4,428,1,33,15
09-04-20,Grainger,291,6,275,6,16,0,343,7,4915,35,5258,42,0,1,3,32,3,258,0,18,2
09-04-20,Greene,896,9,841,9,55,0,1049,6,12003,95,13052,101,0,18,2,133,7,745,1,70,23
09-04-20,Grundy,158,0,154,0,4,0,185,0,1948,7,2133,7,0,3,0,13,0,142,0,21,4
09-04-20,Hamblen,1733,7,1651,6,82,1,1882,6,17943,141,19825,147,0,22,-3,97,10,1614,0,83,23
09-04-20,Hamilton,8108,50,7954,50,154,0,9371,31,110040,296,119411,327,0,77,-18,583,68,7448,2,351,79
09-04-20,Hancock,99,0,92,0,7,0,107,0,1588,3,1695,3,0,2,0,2,0,95,0,11,2
09-04-20,Hardeman,1313,11,1258,11,55,0,1517,13,11433,36,12950,49,0,22,3,83,8,1208,2,63,25
09-04-20,Hardin,792,7,670,5,122,2,880,10,9732,150,10612,160,0,12,-11,137,18,643,0,23,13
09-04-20,Hawkins,689,4,674,3,15,1,797,3,7884,30,8681,33,0,13,0,43,4,633,0,51,15
09-04-20,Haywood,819,8,779,6,40,2,886,8,4885,27,5771,35,1,12,-3,56,10,751,2,37,13
09-04-20,Henderson,950,15,775,12,175,3,1176,16,6726,79,7902,95,1,10,0,129,14,811,1,37,16
09-04-20,Henry,514,17,502,16,12,1,605,16,7764,81,8369,97,0,7,0,82,17,425,0,34,8
09-04-20,Hickman,410,3,392,2,18,1,510,3,5405,62,5915,65,0,4,-2,61,5,345,0,17,4
09-04-20,Houston,115,0,112,0,3,0,128,0,1688,6,1816,6,0,0,-2,29,2,86,0,9,0
09-04-20,Humphreys,177,1,162,0,15,1,203,1,4135,15,4338,16,0,3,0,23,1,151,0,4,3
09-04-20,Jackson,262,2,244,2,18,0,293,2,2007,20,2300,22,0,2,2,34,0,226,0,15,3
09-04-20,Jefferson,877,10,778,9,99,1,909,10,13331,98,14240,108,0,7,5,126,5,744,0,48,12
09-04-20,Johnson,433,3,428,3,5,0,468,1,4698,11,5166,12,0,1,1,34,2,398,0,14,1
09-04-20,Knox,7343,92,7089,88,254,4,8051,94,102710,584,110761,678,1,64,14,1001,77,6278,0,302,64
09-04-20,Lake,843,1,841,1,2,0,1039,2,5227,11,6266,13,0,2,0,14,1,827,0,6,2
09-04-20,Lauderdale,739,6,689,6,50,0,809,7,8476,44,9285,51,0,12,-3,67,9,660,0,41,13
09-04-20,Lawrence,785,6,776,4,9,2,918,3,8465,28,9383,31,0,9,-4,84,10,692,0,32,11
09-04-20,Lewis,150,1,149,1,1,0,162,0,3367,22,3529,22,0,1,-3,22,4,127,0,11,1
09-04-20,Lincoln,463,2,457,2,6,0,568,2,6247,26,6815,28,0,1,-7,37,9,425,0,16,1
09-04-20,Loudon,970,8,941,8,29,0,1063,11,10221,79,11284,90,0,4,-6,84,14,882,0,32,4
09-04-20,Macon,946,1,936,1,10,0,1156,1,5854,47,7010,48,0,16,-1,41,2,889,0,74,19
09-04-20,Madison,2060,43,1844,21,216,22,2253,34,21110,138,23363,172,0,46,14,11,29,2003,2,150,59
09-04-20,Marion,383,3,379,3,4,0,468,3,4560,17,5028,20,0,7,-6,42,9,334,1,33,7
09-04-20,Marshall,582,2,578,2,4,0,661,2,7180,48,7841,50,0,4,-16,87,18,491,0,18,4
09-04-20,Maury,1849,6,1837,6,12,0,2159,6,19725,54,21884,60,1,17,-17,209,22,1623,0,73,19
09-04-20,McMinn,873,9,861,9,12,0,1013,8,12777,93,13790,101,0,23,3,107,6,743,0,50,24
09-04-20,McNairy,620,25,526,24,94,1,710,25,5298,57,6008,82,0,13,22,126,3,481,1,32,15
09-04-20,Meigs,172,1,168,1,4,0,203,1,2406,19,2609,20,0,2,-2,30,3,140,0,8,3
09-04-20,Monroe,873,14,837,14,36,0,964,14,8387,99,9351,113,0,15,-7,177,21,681,1,57,15
09-04-20,Montgomery,2597,6,2522,2,75,4,2962,4,32757,175,35719,179,0,30,-20,141,26,2426,0,113,38
09-04-20,Moore,118,0,113,0,5,0,144,1,1619,10,1763,11,0,1,-1,12,1,105,0,1,1
09-04-20,Morgan,260,0,245,0,15,0,281,0,6691,26,6972,26,0,2,-4,49,4,209,0,6,2
09-04-20,Obion,922,20,900,20,22,0,1017,25,7626,108,8643,133,0,8,10,121,10,793,0,38,9
09-04-20,Out of State,1724,13,1697,13,27,0,1960,13,218720,821,220680,834,0,24,-2,94,15,1606,1,66,12
09-04-20,Overton,534,12,497,12,37,0,593,18,5552,49,6145,67,0,2,2,107,10,425,2,19,2
09-04-20,Pending,634,9,601,7,33,2,732,12,145309,823,146041,835,-3,7,5,75,7,552,0,7,1
09-04-20,Perry,119,1,105,0,14,1,131,1,2598,9,2729,10,0,0,1,20,0,99,0,5,0
09-04-20,Pickett,78,4,63,3,15,1,83,4,831,6,914,10,0,1,1,24,3,53,1,2,1
09-04-20,Polk,361,1,355,1,6,0,415,2,3064,17,3479,19,0,10,-3,27,4,324,0,18,9
09-04-20,Putnam,2458,56,2360,51,98,5,2982,63,23736,269,26718,332,0,29,32,315,24,2114,4,91,32
09-04-20,Rhea,676,3,674,3,2,0,810,5,8306,49,9116,54,0,5,-1,50,4,621,1,22,7
09-04-20,Roane,678,8,655,8,23,0,818,8,14168,58,14986,66,0,2,2,100,6,576,0,27,2
09-04-20,Robertson,1973,3,1958,2,15,1,2401,2,14226,29,16627,31,0,29,-16,119,19,1825,0,142,31
09-04-20,Rutherford,8207,28,8168,27,39,1,10021,33,66561,460,76582,493,4,77,-33,395,57,7735,1,250,81
09-04-20,Scott,172,1,165,1,7,0,185,1,3364,16,3549,17,0,2,0,12,1,158,0,13,2
09-04-20,Sequatchie,169,2,168,2,1,0,194,2,3951,30,4145,32,0,2,1,11,1,156,1,10,1
09-04-20,Sevier,2329,9,2265,9,64,0,2600,10,21354,128,23954,138,0,13,-2,156,11,2160,0,83,15
09-04-20,Shelby,28111,128,27908,127,203,1,34634,160,310224,2131,344858,2291,5,398,-11,1436,134,26277,10,2043,454
09-04-20,Smith,574,6,559,6,15,0,701,7,4426,27,5127,34,0,8,3,41,3,525,0,25,9
09-04-20,Stewart,107,3,102,0,5,3,132,1,2255,20,2387,21,0,0,3,14,0,93,0,6,1
09-04-20,Sullivan,1828,11,1735,11,93,0,1971,12,23131,164,25102,176,0,26,-17,223,28,1579,1,150,28
09-04-20,Sumner,4301,11,4273,11,28,0,5110,12,35579,140,40689,152,1,87,-20,233,30,3981,2,362,91
09-04-20,Tipton,1545,10,1472,9,73,1,1820,12,17222,112,19042,124,0,15,0,146,10,1384,0,85,19
09-04-20,Trousdale,1629,1,1626,1,3,0,1700,1,3983,12,5683,13,1,7,-2,25,2,1597,0,23,7
09-04-20,Unicoi,236,5,233,5,3,0,267,3,4526,37,4793,40,0,1,3,25,2,210,0,12,1
09-04-20,Union,250,3,241,3,9,0,272,2,3572,40,3844,42,0,1,1,29,2,220,0,7,1
09-04-20,Van Buren,107,4,98,4,9,0,118,5,1206,21,1324,26,0,0,3,37,1,70,0,6,0
09-04-20,Warren,909,17,840,17,69,0,1015,20,10712,146,11727,166,0,7,4,135,13,767,0,14,8
09-04-20,Washington,1797,29,1753,29,44,0,2058,27,23507,332,25565,359,1,14,12,221,16,1562,2,86,16
09-04-20,Wayne,1436,4,1426,3,10,1,1555,4,5115,26,6670,30,0,2,-3,1132,7,302,0,18,6
09-04-20,Weakley,969,12,901,12,68,0,1061,13,8579,53,9640,66,0,13,-8,164,20,792,0,27,15
09-04-20,White,613,6,574,5,39,1,733,13,7194,56,7927,69,0,7,-11,134,17,472,2,31,7
09-04-20,Williamson,4506,24,4474,24,32,0,5337,26,53957,236,59294,262,1,30,3,325,20,4151,1,110,34
09-04-20,Wilson,2989,22,2974,21,15,1,3571,24,30607,143,34178,167,0,31,-9,223,31,2735,0,101,35
09-03-20,Anderson,943,16,919,15,24,1,1094,17,20385,328,21479,345,0,8,10,66,6,869,0,36,9
09-03-20,Bedford,1149,11,1104,7,45,4,1365,14,10298,149,11663,163,0,14,-2,85,13,1050,0,45,15
09-03-20,Benton,278,10,270,10,8,0,299,11,3433,80,3732,91,0,6,2,44,8,228,0,17,7
09-03-20,Bledsoe,798,3,794,3,4,0,835,4,5921,117,6756,121,0,4,1,15,2,779,0,17,4
09-03-20,Blount,2198,24,2159,23,39,1,2552,23,21876,374,24428,397,0,17,-5,313,29,1868,2,101,18
09-03-20,Bradley,2597,14,2533,13,64,1,3092,18,20638,295,23730,313,0,16,-8,162,22,2419,0,145,17
09-03-20,Campbell,367,6,344,6,23,0,409,7,8566,139,8975,146,0,3,2,40,4,324,0,17,3
09-03-20,Cannon,229,6,216,6,13,0,275,6,2966,46,3241,52,0,0,3,37,3,192,0,6,0
09-03-20,Carroll,654,14,564,12,90,2,705,17,7325,141,8030,158,0,9,0,150,14,495,1,40,14
09-03-20,Carter,960,5,913,5,47,0,1055,6,12079,129,13134,135,0,19,-16,134,21,807,0,70,24
09-03-20,Cheatham,724,4,718,4,6,0,883,6,8752,139,9635,145,0,10,2,29,2,685,0,28,10
09-03-20,Chester,442,4,389,4,53,0,491,4,3936,46,4427,50,-1,5,-9,62,14,375,1,16,9
09-03-20,Claiborne,379,5,351,4,28,1,421,5,8396,164,8817,169,0,3,3,36,2,340,1,19,4
09-03-20,Clay,131,0,120,0,11,0,138,0,2138,19,2276,19,0,2,0,20,0,109,0,5,4
09-03-20,Cocke,673,7,635,7,38,0,723,9,6478,83,7201,92,0,7,2,52,5,614,0,31,9
09-03-20,Coffee,793,13,732,10,61,3,963,15,13851,209,14814,224,0,6,-4,102,17,685,2,29,9
09-03-20,Crockett,425,8,378,6,47,2,463,10,2425,32,2888,42,0,14,3,60,5,351,0,19,17
09-03-20,Cumberland,960,15,942,14,18,1,1167,20,18084,209,19251,229,1,9,-2,210,16,741,1,49,11
09-03-20,Davidson,24709,66,24596,64,113,2,31046,79,260494,1632,291540,1711,-1,259,-60,814,127,23636,1,1052,279
09-03-20,Decatur,328,11,252,8,76,3,365,11,4119,121,4484,132,0,4,5,53,6,271,0,8,4
09-03-20,Dekalb,471,1,458,1,13,0,586,1,6394,111,6980,112,0,6,-1,66,2,399,0,22,7
09-03-20,Dickson,976,23,891,18,85,5,1212,24,11338,187,12550,211,0,9,13,66,10,901,0,49,12
09-03-20,Dyer,1032,24,972,24,60,0,1111,20,8221,112,9332,132,0,10,2,134,22,888,0,56,12
09-03-20,Fayette,987,11,968,10,19,1,1257,13,12929,125,14186,138,1,11,1,96,9,880,0,75,15
09-03-20,Fentress,270,3,240,3,30,0,297,3,3088,44,3385,47,0,0,-5,92,8,178,1,15,2
09-03-20,Franklin,590,17,572,16,18,1,700,19,12250,246,12950,265,0,4,14,135,3,451,1,29,7
09-03-20,Gibson,1159,24,956,15,203,9,1255,26,10754,184,12009,210,0,16,-1,159,25,984,0,49,19
09-03-20,Giles,469,5,466,5,3,0,567,4,6913,60,7480,64,0,15,3,30,2,424,0,32,15
09-03-20,Grainger,285,1,269,1,16,0,336,2,4880,130,5216,132,0,1,-2,29,3,255,0,18,2
09-03-20,Greene,887,17,832,13,55,4,1043,12,11908,197,12951,209,1,18,-8,131,24,738,2,69,23
09-03-20,Grundy,158,1,154,0,4,1,185,1,1941,24,2126,25,0,3,0,13,1,142,0,21,4
09-03-20,Hamblen,1726,13,1645,12,81,1,1876,13,17802,248,19678,261,0,22,6,100,7,1604,0,83,23
09-03-20,Hamilton,8058,70,7904,65,154,5,9340,73,109744,1330,119084,1403,0,77,-4,601,74,7380,2,349,79
09-03-20,Hancock,99,0,92,0,7,0,107,0,1585,12,1692,12,0,2,-1,2,1,95,0,11,2
09-03-20,Hardeman,1302,12,1247,11,55,1,1504,16,11397,73,12901,89,0,22,6,80,6,1200,0,61,25
09-03-20,Hardin,785,33,665,28,120,5,870,33,9582,118,10452,151,2,12,19,148,12,625,0,23,13
09-03-20,Hawkins,685,1,671,0,14,1,794,2,7854,151,8648,153,0,13,-2,43,3,629,0,51,15
09-03-20,Haywood,811,10,773,9,38,1,878,15,4858,103,5736,118,0,11,-7,59,17,741,0,35,13
09-03-20,Henderson,935,14,763,8,172,6,1160,16,6647,192,7807,208,1,9,0,129,13,797,0,36,15
09-03-20,Henry,497,21,486,20,11,1,589,22,7683,119,8272,141,0,7,3,82,18,408,2,34,8
09-03-20,Hickman,407,8,390,8,17,0,507,13,5343,110,5850,123,0,4,3,63,5,340,2,17,4
09-03-20,Houston,115,4,112,4,3,0,128,5,1682,43,1810,48,0,0,0,31,4,84,0,9,0
09-03-20,Humphreys,176,6,162,6,14,0,202,6,4120,85,4322,91,0,3,4,23,2,150,0,4,3
09-03-20,Jackson,260,6,242,6,18,0,291,6,1987,22,2278,28,0,2,1,32,5,226,0,15,3
09-03-20,Jefferson,867,13,769,12,98,1,899,14,13233,288,14132,302,0,7,3,121,10,739,1,48,12
09-03-20,Johnson,430,2,425,2,5,0,467,2,4687,8,5154,10,0,1,-4,33,6,396,0,14,1
09-03-20,Knox,7251,183,7001,177,250,6,7957,193,102126,1787,110083,1980,2,63,102,987,79,6201,6,302,64
09-03-20,Lake,842,0,840,0,2,0,1037,0,5216,34,6253,34,0,2,-6,14,6,826,0,6,2
09-03-20,Lauderdale,733,8,683,6,50,2,802,9,8432,123,9234,132,0,12,-3,70,11,651,1,41,13
09-03-20,Lawrence,779,9,772,9,7,0,915,8,8437,88,9352,96,0,9,5,88,4,682,2,32,10
09-03-20,Lewis,149,3,148,3,1,0,162,3,3345,100,3507,103,0,1,1,25,2,123,0,11,1
09-03-20,Lincoln,461,11,455,11,6,0,566,11,6221,43,6787,54,0,1,3,44,8,416,0,16,1
09-03-20,Loudon,962,10,933,10,29,0,1052,10,10142,176,11194,186,1,4,-9,90,18,868,2,32,4
09-03-20,Macon,945,4,935,4,10,0,1155,5,5807,74,6962,79,1,16,1,42,2,887,0,74,19
09-03-20,Madison,2017,55,1823,36,194,19,2219,49,20972,289,23191,338,2,46,26,-3,27,1974,3,148,55
09-03-20,Marion,380,5,376,5,4,0,465,5,4543,48,5008,53,0,7,1,48,4,325,0,32,7
09-03-20,Marshall,580,1,576,1,4,0,659,2,7132,73,7791,75,0,4,-17,103,18,473,0,18,4
09-03-20,Maury,1843,19,1831,19,12,0,2153,24,19671,287,21824,311,1,16,-11,226,29,1601,1,73,18
09-03-20,McMinn,864,8,852,8,12,0,1005,9,12684,238,13689,247,0,23,-5,104,13,737,0,50,24
09-03-20,McNairy,595,30,502,25,93,5,685,32,5241,119,5926,151,1,13,22,104,7,478,1,31,15
09-03-20,Meigs,171,2,167,2,4,0,202,2,2387,18,2589,20,0,2,1,32,1,137,0,8,3
09-03-20,Monroe,859,25,823,23,36,2,950,26,8288,203,9238,229,0,15,6,184,19,660,0,56,15
09-03-20,Montgomery,2591,33,2520,29,71,4,2958,35,32582,332,35540,367,0,30,8,161,25,2400,1,113,37
09-03-20,Moore,118,2,113,2,5,0,143,2,1609,22,1752,24,0,1,0,13,2,104,0,1,1
09-03-20,Morgan,260,9,245,8,15,1,281,8,6665,66,6946,74,0,2,7,53,2,205,1,6,2
09-03-20,Obion,902,26,880,25,22,1,992,30,7518,104,8510,134,0,8,14,111,12,783,1,38,9
09-03-20,Out of State,1711,20,1684,19,27,1,1947,21,217899,3200,219846,3221,-5,24,16,96,9,1591,0,65,12
09-03-20,Overton,522,10,485,8,37,2,575,11,5503,57,6078,68,0,2,-5,105,15,415,1,17,2
09-03-20,Pending,625,28,594,27,31,1,720,29,144486,1576,145206,1605,3,10,15,70,10,545,0,7,1
09-03-20,Perry,118,4,105,3,13,1,130,3,2589,117,2719,120,0,0,2,19,2,99,0,5,0
09-03-20,Pickett,74,2,60,1,14,1,79,2,825,4,904,6,0,1,0,23,2,50,0,1,1
09-03-20,Polk,360,2,354,2,6,0,413,2,3047,20,3460,22,0,10,0,30,2,320,0,18,9
09-03-20,Putnam,2402,23,2309,17,93,6,2919,25,23467,169,26386,194,-1,29,-3,283,27,2090,1,87,31
09-03-20,Rhea,673,3,671,3,2,0,805,2,8257,61,9062,63,0,5,-5,51,8,617,0,21,7
09-03-20,Roane,670,11,647,11,23,0,810,17,14110,231,14920,248,0,2,9,98,2,570,0,27,2
09-03-20,Robertson,1970,17,1956,16,14,1,2399,20,14197,181,16596,201,3,29,-7,135,21,1806,1,142,31
09-03-20,Rutherford,8179,47,8141,45,38,2,9988,60,66101,830,76089,890,3,73,-14,428,58,7678,2,249,81
09-03-20,Scott,171,3,164,3,7,0,184,4,3348,37,3532,41,0,2,3,12,0,157,1,13,2
09-03-20,Sequatchie,167,1,166,1,1,0,192,1,3921,52,4113,53,1,2,-1,10,1,155,0,9,1
09-03-20,Sevier,2320,14,2256,14,64,0,2590,20,21226,196,23816,216,1,13,4,158,9,2149,1,83,14
09-03-20,Shelby,27983,173,27781,168,202,5,34474,213,308093,3547,342567,3760,4,393,-1,1447,170,26143,4,2033,451
09-03-20,Smith,568,4,553,4,15,0,694,4,4399,37,5093,41,0,8,1,38,3,522,0,25,9
09-03-20,Stewart,104,2,102,2,2,0,131,3,2235,28,2366,31,0,0,2,11,0,93,0,6,1
09-03-20,Sullivan,1817,45,1724,38,93,7,1959,90,22967,542,24926,632,0,26,-137,240,182,1551,2,149,28
09-03-20,Sumner,4290,46,4262,45,28,1,5098,48,35439,508,40537,556,-1,86,18,253,29,3951,2,360,90
09-03-20,Tipton,1535,13,1463,13,72,0,1808,16,17110,240,18918,256,0,15,0,146,13,1374,0,85,19
09-03-20,Trousdale,1628,1,1625,1,3,0,1699,2,3971,33,5670,35,0,6,0,27,1,1595,0,23,7
09-03-20,Unicoi,231,1,228,1,3,0,264,1,4489,35,4753,36,0,1,-2,22,3,208,0,12,1
09-03-20,Union,247,8,238,8,9,0,270,10,3532,87,3802,97,0,1,7,28,1,218,0,7,1
09-03-20,Van Buren,103,2,94,2,9,0,113,2,1185,27,1298,29,0,0,0,34,2,69,0,6,0
09-03-20,Warren,892,4,823,3,69,1,995,7,10566,64,11561,71,0,7,-19,131,23,754,0,14,8
09-03-20,Washington,1768,12,1724,11,44,1,2031,20,23175,287,25206,307,0,13,2,209,10,1546,0,84,16
09-03-20,Wayne,1432,29,1423,29,9,0,1551,35,5089,194,6640,229,-1,2,17,1135,13,295,1,18,6
09-03-20,Weakley,957,35,889,33,68,2,1048,37,8526,170,9574,207,0,13,17,172,18,772,0,27,15
09-03-20,White,607,6,569,5,38,1,720,11,7138,96,7858,107,0,7,-13,145,19,455,0,29,7
09-03-20,Williamson,4482,43,4450,39,32,4,5311,50,53721,572,59032,622,-1,29,5,322,39,4131,0,109,33
09-03-20,Wilson,2967,24,2953,22,14,2,3547,25,30464,327,34011,352,0,31,-5,232,29,2704,1,101,35
09-02-20,Anderson,927,8,904,6,23,2,1077,9,20057,315,21134,324,0,8,5,56,3,863,0,36,8
09-02-20,Bedford,1138,3,1097,3,41,0,1351,2,10149,24,11500,26,0,14,-8,87,11,1037,0,45,15
09-02-20,Benton,268,2,260,2,8,0,288,2,3353,9,3641,11,0,6,-5,42,7,220,0,17,6
09-02-20,Bledsoe,795,5,791,5,4,0,831,6,5804,94,6635,100,0,4,3,14,2,777,0,17,4
09-02-20,Blount,2174,15,2136,15,38,0,2529,19,21502,256,24031,275,0,17,-13,318,28,1839,1,99,18
09-02-20,Bradley,2583,18,2520,18,63,0,3074,19,20343,277,23417,296,0,16,-6,170,24,2397,2,145,17
09-02-20,Campbell,361,5,338,5,23,0,402,4,8427,99,8829,103,0,3,5,38,0,320,0,17,3
09-02-20,Cannon,223,13,210,12,13,1,269,13,2920,26,3189,39,0,0,11,34,2,189,0,6,0
09-02-20,Carroll,640,10,552,10,88,0,688,7,7184,31,7872,38,1,9,-6,150,15,481,0,39,13
09-02-20,Carter,955,10,908,8,47,2,1049,9,11950,12,12999,21,1,19,-10,150,19,786,1,70,24
09-02-20,Cheatham,720,1,714,1,6,0,877,1,8613,43,9490,44,0,10,-7,27,8,683,0,28,10
09-02-20,Chester,438,12,385,12,53,0,487,12,3890,21,4377,33,0,6,4,71,8,361,0,15,9
09-02-20,Claiborne,374,2,347,2,27,0,416,3,8232,212,8648,215,0,3,-3,33,5,338,0,18,4
09-02-20,Clay,131,4,120,1,11,3,138,3,2119,22,2257,25,0,2,3,20,1,109,0,5,3
09-02-20,Cocke,666,4,628,4,38,0,714,5,6395,69,7109,74,0,7,-2,50,6,609,0,31,8
09-02-20,Coffee,780,6,722,4,58,2,948,6,13642,200,14590,206,0,6,-4,106,10,668,1,27,9
09-02-20,Crockett,417,3,372,3,45,0,453,3,2393,8,2846,11,0,14,-6,57,9,346,1,19,17
09-02-20,Cumberland,945,43,928,41,17,2,1147,49,17875,293,19022,342,0,8,31,212,12,725,2,48,11
09-02-20,Davidson,24643,56,24532,52,111,4,30967,79,258862,2178,289829,2257,1,260,-76,874,131,23509,2,1051,277
09-02-20,Decatur,317,1,244,0,73,1,354,1,3998,15,4352,16,0,4,-5,48,6,265,0,8,4
09-02-20,Dekalb,470,3,457,3,13,0,585,7,6283,125,6868,132,0,6,-2,67,5,397,0,22,7
09-02-20,Dickson,953,10,873,5,80,5,1188,10,11151,50,12339,60,0,9,-3,53,13,891,0,49,12
09-02-20,Dyer,1008,8,948,8,60,0,1091,8,8109,80,9200,88,0,10,-13,132,21,866,0,56,12
09-02-20,Fayette,976,3,958,3,18,0,1244,6,12804,41,14048,47,0,10,-3,95,6,871,0,75,15
09-02-20,Fentress,267,18,237,17,30,1,294,18,3044,38,3338,56,0,0,12,97,6,170,0,14,2
09-02-20,Franklin,573,14,556,11,17,3,681,15,12004,79,12685,94,0,4,7,121,7,448,0,28,7
09-02-20,Gibson,1135,8,941,4,194,4,1229,12,10570,61,11799,73,0,16,-9,160,17,959,0,49,18
09-02-20,Giles,464,2,461,2,3,0,563,3,6853,51,7416,54,1,15,0,27,1,422,0,32,15
09-02-20,Grainger,284,2,268,1,16,1,334,2,4750,32,5084,34,0,1,0,31,2,252,0,18,2
09-02-20,Greene,870,13,819,11,51,2,1031,9,11711,22,12742,31,1,17,-5,139,17,714,0,67,23
09-02-20,Grundy,157,3,154,3,3,0,184,3,1917,17,2101,20,0,3,1,13,2,141,0,21,4
09-02-20,Hamblen,1713,4,1633,4,80,0,1863,4,17554,51,19417,55,0,22,-6,94,10,1597,0,83,23
09-02-20,Hamilton,7988,54,7839,50,149,4,9267,52,108414,431,117681,483,1,77,-31,605,84,7306,3,347,79
09-02-20,Hancock,99,0,92,0,7,0,107,0,1573,22,1680,22,0,2,-1,3,1,94,0,11,2
09-02-20,Hardeman,1290,6,1236,5,54,1,1488,7,11324,18,12812,25,0,22,-10,74,16,1194,1,61,25
09-02-20,Hardin,752,3,637,3,115,0,837,4,9464,141,10301,145,0,10,-12,129,15,613,0,23,13
09-02-20,Hawkins,684,4,671,4,13,0,792,3,7703,17,8495,20,0,13,-4,45,8,626,0,51,15
09-02-20,Haywood,801,5,764,5,37,0,863,8,4755,32,5618,40,0,11,-7,66,12,724,0,35,13
09-02-20,Henderson,921,8,755,2,166,6,1144,7,6455,26,7599,33,0,8,-4,129,12,784,1,36,14
09-02-20,Henry,476,2,466,1,10,1,567,2,7564,48,8131,50,1,7,-6,79,7,390,0,32,8
09-02-20,Hickman,399,5,382,2,17,3,494,5,5233,11,5727,16,0,4,-5,60,10,335,0,15,4
09-02-20,Houston,111,0,108,0,3,0,123,0,1639,4,1762,4,0,0,0,31,0,80,0,9,0
09-02-20,Humphreys,170,0,156,0,14,0,196,1,4035,12,4231,13,0,3,-1,19,1,148,0,4,3
09-02-20,Jackson,254,4,236,2,18,2,285,4,1965,14,2250,18,1,2,-4,31,7,221,1,15,3
09-02-20,Jefferson,854,9,757,4,97,5,885,2,12945,57,13830,59,1,7,-10,118,18,729,0,47,12
09-02-20,Johnson,428,1,423,1,5,0,465,1,4679,6,5144,7,0,1,-5,37,6,390,0,14,1
09-02-20,Knox,7068,110,6824,105,244,5,7764,105,100339,1487,108103,1592,2,61,28,885,80,6122,4,296,63
09-02-20,Lake,842,1,840,1,2,0,1037,2,5182,17,6219,19,0,2,-6,20,7,820,0,6,2
09-02-20,Lauderdale,725,1,677,1,48,0,793,3,8309,32,9102,35,0,12,-4,73,5,640,0,40,13
09-02-20,Lawrence,770,7,763,7,7,0,907,7,8349,44,9256,51,0,9,2,83,5,678,0,30,10
09-02-20,Lewis,146,3,145,3,1,0,159,5,3245,32,3404,37,0,1,-4,24,7,121,0,11,1
09-02-20,Lincoln,450,3,444,3,6,0,555,3,6178,20,6733,23,0,1,-2,41,5,408,0,16,1
09-02-20,Loudon,952,2,923,1,29,1,1042,3,9966,99,11008,102,0,3,-15,99,17,850,0,30,4
09-02-20,Macon,941,2,931,2,10,0,1150,2,5733,57,6883,59,0,15,0,41,2,885,0,74,19
09-02-20,Madison,1962,30,1787,17,175,13,2170,33,20683,146,22853,179,0,44,6,-29,24,1947,3,145,54
09-02-20,Marion,375,8,371,7,4,1,460,9,4495,27,4955,36,0,7,-2,47,10,321,1,32,7
09-02-20,Marshall,579,15,575,15,4,0,657,16,7059,58,7716,74,0,4,-1,120,16,455,0,18,4
09-02-20,Maury,1824,25,1812,25,12,0,2129,27,19384,219,21513,246,0,15,-3,237,28,1572,0,72,17
09-02-20,McMinn,856,14,844,14,12,0,996,16,12446,131,13442,147,0,23,-4,109,18,724,1,50,24
09-02-20,McNairy,565,7,477,7,88,0,653,7,5122,70,5775,77,0,12,3,82,4,471,0,30,15
09-02-20,Meigs,169,3,165,3,4,0,200,3,2369,20,2569,23,0,2,-2,31,5,136,0,8,3
09-02-20,Monroe,834,12,800,10,34,2,924,11,8085,142,9009,153,0,15,-5,178,17,641,0,56,15
09-02-20,Montgomery,2558,5,2491,5,67,0,2923,5,32250,148,35173,153,0,30,-28,153,33,2375,0,112,36
09-02-20,Moore,116,0,111,0,5,0,141,0,1587,11,1728,11,1,1,-1,13,0,102,0,1,1
09-02-20,Morgan,251,8,237,8,14,0,273,8,6599,46,6872,54,0,2,3,46,5,203,0,5,2
09-02-20,Obion,876,13,855,13,21,0,962,10,7414,50,8376,60,0,8,7,97,6,771,0,37,9
09-02-20,Out of State,1691,26,1665,25,26,1,1926,31,214699,1156,216625,1187,1,29,9,80,16,1582,0,65,11
09-02-20,Overton,512,19,477,17,35,2,564,20,5446,112,6010,132,0,2,3,110,16,400,1,16,2
09-02-20,Pending,597,6,567,6,30,0,691,7,142910,912,143601,919,0,7,0,55,6,535,0,7,1
09-02-20,Perry,114,1,102,1,12,0,127,0,2472,6,2599,6,0,0,0,17,1,97,0,5,0
09-02-20,Pickett,72,2,59,2,13,0,77,2,821,11,898,13,0,1,0,23,2,48,0,1,1
09-02-20,Polk,358,0,352,0,6,0,411,0,3027,19,3438,19,0,10,-3,30,3,318,0,18,9
09-02-20,Putnam,2379,41,2292,32,87,9,2894,49,23298,270,26192,319,0,30,10,286,31,2063,1,86,31
09-02-20,Rhea,670,13,668,13,2,0,803,12,8196,66,8999,78,0,5,10,56,3,609,1,21,7
09-02-20,Roane,659,6,636,6,23,0,793,7,13879,102,14672,109,0,2,-2,89,8,568,1,27,2
09-02-20,Robertson,1953,4,1940,3,13,1,2379,5,14016,114,16395,119,0,26,-29,142,33,1785,0,141,31
09-02-20,Rutherford,8132,73,8096,72,36,1,9928,50,65271,665,75199,715,0,70,22,442,51,7620,7,247,80
09-02-20,Scott,168,2,161,1,7,1,180,0,3311,24,3491,24,0,2,1,9,1,157,0,12,2
09-02-20,Sequatchie,166,2,165,2,1,0,191,2,3869,32,4060,34,0,1,0,11,2,154,0,9,1
09-02-20,Sevier,2306,22,2242,22,64,0,2570,18,21030,194,23600,212,0,12,10,154,12,2140,0,82,14
09-02-20,Shelby,27810,107,27613,105,197,2,34261,143,304546,1531,338807,1674,2,389,-114,1448,219,25973,10,2029,446
09-02-20,Smith,564,10,549,10,15,0,690,12,4362,37,5052,49,0,8,6,37,4,519,1,25,8
09-02-20,Stewart,102,2,100,2,2,0,128,2,2207,17,2335,19,0,0,1,9,1,93,0,6,1
09-02-20,Sullivan,1772,55,1686,53,86,2,1869,11,22425,44,24294,55,1,26,29,377,25,1369,1,147,28
09-02-20,Sumner,4244,7,4217,7,27,0,5050,8,34931,226,39981,234,0,87,-14,235,21,3922,0,358,90
09-02-20,Tipton,1522,8,1450,6,72,2,1792,9,16870,112,18662,121,0,15,-1,146,9,1361,1,85,19
09-02-20,Trousdale,1627,0,1624,0,3,0,1697,0,3938,15,5635,15,0,6,0,27,0,1594,0,23,7
09-02-20,Unicoi,230,4,227,4,3,0,263,4,4454,22,4717,26,0,1,2,24,2,205,0,12,1
09-02-20,Union,239,1,230,1,9,0,260,1,3445,27,3705,28,0,1,-3,21,4,217,0,7,1
09-02-20,Van Buren,101,9,92,7,9,2,111,11,1158,17,1269,28,0,0,6,34,3,67,0,6,0
09-02-20,Warren,888,14,820,11,68,3,988,16,10502,156,11490,172,0,7,3,150,11,731,0,14,8
09-02-20,Washington,1756,20,1713,20,43,0,2011,29,22888,140,24899,169,0,13,11,207,9,1536,2,84,16
09-02-20,Wayne,1403,7,1394,7,9,0,1516,10,4895,18,6411,28,0,3,-4,1118,11,282,0,17,5
09-02-20,Weakley,922,10,856,9,66,1,1011,10,8356,126,9367,136,0,13,-3,155,13,754,0,27,15
09-02-20,White,601,14,564,12,37,2,709,19,7042,75,7751,94,0,7,-9,158,23,436,2,29,7
09-02-20,Williamson,4439,22,4411,20,28,2,5261,26,53149,277,58410,303,0,30,-12,317,34,4092,0,109,33
09-02-20,Wilson,2943,4,2931,4,12,0,3522,6,30137,159,33659,165,0,31,-19,237,23,2675,0,100,35
09-01-20,Anderson,919,7,898,6,21,1,1068,6,19742,107,20810,113,0,8,0,51,7,860,0,36,8
09-01-20,Bedford,1135,9,1094,8,41,1,1349,13,10125,110,11474,123,0,14,0,95,9,1026,0,45,15
09-01-20,Benton,266,3,258,3,8,0,286,3,3344,17,3630,20,1,6,-3,47,5,213,0,17,6
09-01-20,Bledsoe,790,2,786,1,4,1,825,2,5710,85,6535,87,0,4,1,11,1,775,0,17,4
09-01-20,Blount,2159,18,2121,18,38,0,2510,22,21246,194,23756,216,0,17,-11,331,29,1811,1,98,18
09-01-20,Bradley,2565,18,2502,17,63,1,3055,19,20066,159,23121,178,0,16,-13,176,31,2373,1,143,17
09-01-20,Campbell,356,4,333,4,23,0,398,4,8328,47,8726,51,1,3,1,33,2,320,0,17,3
09-01-20,Cannon,210,2,198,2,12,0,256,2,2894,66,3150,68,0,0,-2,23,4,187,0,6,0
09-01-20,Carroll,630,18,542,13,88,5,681,18,7153,42,7834,60,0,8,-1,156,19,466,1,39,13
09-01-20,Carter,945,21,900,21,45,0,1040,23,11938,249,12978,272,0,18,1,160,20,767,1,69,23
09-01-20,Cheatham,719,6,713,6,6,0,876,6,8570,96,9446,102,0,10,1,34,5,675,0,28,10
09-01-20,Chester,426,13,373,11,53,2,475,14,3869,22,4344,36,1,6,-1,67,13,353,0,15,7
09-01-20,Claiborne,372,5,345,4,27,1,413,3,8020,40,8433,43,0,3,2,36,3,333,0,18,4
09-01-20,Clay,127,4,119,4,8,0,135,4,2097,63,2232,67,2,2,2,17,0,108,0,5,3
09-01-20,Cocke,662,6,624,4,38,2,709,7,6326,75,7035,82,0,7,-1,52,7,603,0,31,8
09-01-20,Coffee,774,16,718,15,56,1,942,20,13442,111,14384,131,0,6,4,110,12,658,0,26,9
09-01-20,Crockett,414,4,369,3,45,1,450,6,2385,28,2835,34,0,14,0,63,4,337,0,18,17
09-01-20,Cumberland,902,30,887,30,15,0,1098,33,17582,137,18680,170,0,8,18,181,12,713,2,46,10
09-01-20,Davidson,24587,117,24480,114,107,3,30888,183,256684,3577,287572,3760,0,259,-20,950,137,23378,3,1049,276
09-01-20,Decatur,316,13,244,10,72,3,353,14,3983,35,4336,49,0,4,9,53,4,259,0,8,4
09-01-20,Dekalb,467,6,454,6,13,0,578,6,6158,81,6736,87,1,6,0,69,5,392,1,22,7
09-01-20,Dickson,943,18,868,8,75,10,1178,21,11101,143,12279,164,0,9,9,56,9,878,1,49,12
09-01-20,Dyer,1000,13,940,11,60,2,1083,13,8029,60,9112,73,0,10,4,145,9,845,1,56,11
09-01-20,Fayette,973,21,955,18,18,3,1238,31,12763,115,14001,146,0,10,9,98,12,865,2,75,15
09-01-20,Fentress,249,16,220,13,29,3,276,17,3006,31,3282,48,0,0,12,85,4,164,1,14,2
09-01-20,Franklin,559,25,545,24,14,1,666,28,11925,120,12591,148,0,4,16,114,9,441,1,28,7
09-01-20,Gibson,1127,21,937,12,190,9,1217,18,10509,146,11726,164,2,16,-1,169,20,942,0,49,16
09-01-20,Giles,462,3,459,3,3,0,560,3,6802,55,7362,58,0,14,1,27,2,421,0,32,15
09-01-20,Grainger,282,4,267,4,15,0,332,4,4718,137,5050,141,0,1,1,31,3,250,0,18,2
09-01-20,Greene,857,15,808,14,49,1,1022,25,11689,100,12711,125,0,16,-1,144,16,697,0,67,22
09-01-20,Grundy,154,0,151,0,3,0,181,1,1900,13,2081,14,1,3,-3,12,2,139,0,21,4
09-01-20,Hamblen,1709,8,1629,8,80,0,1859,10,17503,121,19362,131,0,22,-14,100,22,1587,1,83,23
09-01-20,Hamilton,7934,127,7789,110,145,17,9215,139,107983,1683,117198,1822,2,76,46,636,79,7222,6,344,79
09-01-20,Hancock,99,0,92,0,7,0,107,0,1551,12,1658,12,0,2,0,4,0,93,0,11,2
09-01-20,Hardeman,1284,12,1231,12,53,0,1481,15,11306,47,12787,62,1,22,-20,84,31,1178,2,60,25
09-01-20,Hardin,749,24,634,10,115,14,833,27,9323,58,10156,85,0,10,8,141,16,598,0,23,13
09-01-20,Hawkins,680,3,667,3,13,0,789,4,7686,71,8475,75,0,13,-1,49,4,618,0,51,15
09-01-20,Haywood,796,4,759,3,37,1,855,5,4723,37,5578,42,0,11,-7,73,11,712,0,35,12
09-01-20,Henderson,913,18,753,14,160,4,1137,24,6429,80,7566,104,1,8,8,133,9,772,0,35,14
09-01-20,Henry,474,12,465,11,9,1,565,14,7516,63,8081,77,1,6,-5,85,16,383,0,32,8
09-01-20,Hickman,394,12,380,12,14,0,489,16,5222,78,5711,94,1,4,6,65,5,325,1,15,4
09-01-20,Houston,111,9,108,9,3,0,123,9,1635,47,1758,56,0,0,7,31,2,80,0,9,0
09-01-20,Humphreys,170,3,156,2,14,1,195,4,4023,34,4218,38,0,3,2,20,1,147,0,4,3
09-01-20,Jackson,250,4,234,3,16,1,281,5,1951,28,2232,33,0,1,0,35,4,214,0,14,2
09-01-20,Jefferson,845,11,753,11,92,0,883,12,12888,131,13771,143,0,6,-3,128,14,711,1,47,12
09-01-20,Johnson,427,12,422,10,5,2,464,12,4673,57,5137,69,0,1,10,42,2,384,1,14,1
09-01-20,Knox,6958,136,6719,129,239,7,7659,141,98852,652,106511,793,2,59,48,857,86,6042,4,292,62
09-01-20,Lake,841,8,839,8,2,0,1035,9,5165,15,6200,24,0,2,0,26,8,813,0,6,2
09-01-20,Lauderdale,724,7,676,6,48,1,790,5,8277,54,9067,59,0,12,-7,77,14,635,0,40,13
09-01-20,Lawrence,763,1,756,1,7,0,900,2,8305,85,9205,87,0,9,-9,81,10,673,0,30,10
09-01-20,Lewis,143,0,142,0,1,0,154,1,3213,22,3367,23,0,1,-1,28,1,114,0,11,1
09-01-20,Lincoln,447,13,441,13,6,0,552,15,6158,105,6710,120,0,1,1,43,12,403,0,16,1
09-01-20,Loudon,950,12,922,11,28,1,1039,10,9867,119,10906,129,0,3,4,114,8,833,0,30,4
09-01-20,Macon,939,7,929,7,10,0,1148,8,5676,75,6824,83,0,15,7,41,0,883,1,74,19
09-01-20,Madison,1932,42,1770,21,162,21,2137,43,20537,148,22674,191,4,44,-3,-35,41,1923,0,142,54
09-01-20,Marion,367,8,364,8,3,0,451,8,4468,55,4919,63,0,7,-2,49,10,311,1,31,7
09-01-20,Marshall,564,12,560,12,4,0,641,12,7001,90,7642,102,0,4,-6,121,18,439,0,18,4
09-01-20,Maury,1799,16,1787,16,12,0,2102,19,19165,175,21267,194,0,15,-6,240,22,1544,3,72,17
09-01-20,McMinn,842,6,830,5,12,1,980,8,12315,101,13295,109,0,23,-11,113,17,706,0,49,24
09-01-20,McNairy,558,24,470,22,88,2,646,25,5052,45,5698,70,1,12,15,79,8,467,0,30,15
09-01-20,Meigs,166,4,162,4,4,0,197,4,2349,34,2546,38,0,2,2,33,2,131,0,8,3
09-01-20,Monroe,822,24,790,20,32,4,913,23,7943,77,8856,100,0,15,5,183,19,624,0,56,14
09-01-20,Montgomery,2553,15,2486,14,67,1,2918,15,32102,200,35020,215,0,30,-14,181,29,2342,1,112,36
09-01-20,Moore,116,3,111,2,5,1,141,3,1576,24,1717,27,0,0,3,14,0,102,0,1,1
09-01-20,Morgan,243,3,229,3,14,0,265,3,6553,41,6818,44,0,2,-6,43,9,198,0,5,2
09-01-20,Obion,863,6,842,6,21,0,952,6,7364,37,8316,43,0,8,-4,90,10,765,1,37,9
09-01-20,Out of State,1665,24,1640,24,25,0,1895,25,213543,2197,215438,2222,1,28,4,71,19,1566,1,65,11
09-01-20,Overton,493,10,460,9,33,1,544,11,5334,66,5878,77,0,2,-3,107,13,384,0,15,2
09-01-20,Pending,591,11,561,8,30,3,684,10,141998,883,142682,893,0,7,-2,55,13,529,0,7,1
09-01-20,Perry,113,3,101,2,12,1,127,4,2466,22,2593,26,0,0,3,17,0,96,0,5,0
09-01-20,Pickett,70,2,57,1,13,1,75,3,810,8,885,11,0,1,1,23,1,46,0,1,1
09-01-20,Polk,358,5,352,4,6,1,411,6,3008,39,3419,45,0,10,2,33,3,315,1,18,9
09-01-20,Putnam,2338,39,2260,36,78,3,2845,45,23028,297,25873,342,0,30,4,276,35,2032,2,85,31
09-01-20,Rhea,657,6,655,6,2,0,791,9,8130,77,8921,86,1,5,-4,46,9,606,0,20,7
09-01-20,Roane,653,11,630,11,23,0,786,11,13777,104,14563,115,0,2,5,91,6,560,2,26,2
09-01-20,Robertson,1949,18,1937,18,12,0,2374,23,13902,109,16276,132,0,26,7,171,11,1752,4,141,31
09-01-20,Rutherford,8059,66,8024,65,35,1,9878,89,64606,655,74484,744,0,70,15,420,51,7569,1,240,79
09-01-20,Scott,166,4,160,2,6,2,180,3,3287,19,3467,22,0,2,0,8,4,156,0,12,2
09-01-20,Sequatchie,164,1,163,1,1,0,189,1,3837,33,4026,34,0,1,-2,11,3,152,0,9,1
09-01-20,Sevier,2284,35,2220,35,64,0,2552,39,20836,385,23388,424,0,12,25,144,10,2128,2,82,14
09-01-20,Shelby,27703,117,27508,111,195,6,34118,143,303015,2624,337133,2767,0,387,-54,1562,171,25754,4,2019,442
09-01-20,Smith,554,8,539,8,15,0,678,11,4325,39,5003,50,0,8,3,31,5,515,0,24,8
09-01-20,Stewart,100,0,98,0,2,0,126,2,2190,17,2316,19,0,0,-2,8,2,92,0,6,1
09-01-20,Sullivan,1717,10,1633,10,84,0,1858,10,22381,117,24239,127,0,25,-11,348,21,1344,3,146,27
09-01-20,Sumner,4237,33,4210,32,27,1,5042,35,34705,396,39747,431,1,87,-13,249,45,3901,1,358,90
09-01-20,Tipton,1514,15,1444,8,70,7,1783,17,16758,132,18541,149,0,15,3,147,12,1352,0,84,18
09-01-20,Trousdale,1627,4,1624,4,3,0,1697,4,3923,43,5620,47,0,6,3,27,1,1594,0,23,7
09-01-20,Unicoi,226,3,223,3,3,0,259,3,4432,126,4691,129,0,1,0,22,3,203,0,12,1
09-01-20,Union,238,3,229,3,9,0,259,3,3418,23,3677,26,0,1,-1,24,4,213,0,7,1
09-01-20,Van Buren,92,9,85,9,7,0,100,9,1141,44,1241,53,0,0,6,28,3,64,0,6,0
09-01-20,Warren,874,20,809,18,65,2,972,22,10346,158,11318,180,0,7,-6,147,26,720,0,14,8
09-01-20,Washington,1736,35,1693,35,43,0,1982,53,22748,265,24730,318,0,13,0,196,35,1527,0,82,15
09-01-20,Wayne,1396,12,1387,12,9,0,1506,14,4877,34,6383,48,0,3,8,1122,4,271,1,17,4
09-01-20,Weakley,912,17,847,16,65,1,1001,21,8230,76,9231,97,0,13,1,158,16,741,1,27,15
09-01-20,White,587,16,552,14,35,2,690,19,6967,83,7657,102,0,7,-1,167,17,413,3,27,7
09-01-20,Williamson,4417,56,4391,56,26,0,5235,62,52872,516,58107,578,2,30,14,329,40,4058,0,109,32
09-01-20,Wilson,2939,43,2927,42,12,1,3516,49,29978,357,33494,406,0,31,25,256,18,2652,1,100,35
08-31-20,Anderson,912,2,892,2,20,0,1062,2,19635,59,20697,61,0,8,-16,51,18,853,0,36,8
08-31-20,Bedford,1126,11,1086,11,40,0,1336,14,10015,107,11351,121,0,14,2,95,9,1017,0,45,15
08-31-20,Benton,263,2,255,1,8,1,283,1,3327,16,3610,17,0,5,-2,50,4,208,0,17,6
08-31-20,Bledsoe,788,1,785,1,3,0,823,1,5625,24,6448,25,0,4,0,10,1,774,0,17,4
08-31-20,Blount,2141,7,2103,7,38,0,2488,10,21052,100,23540,110,0,17,-24,342,31,1782,0,97,17
08-31-20,Bradley,2547,26,2485,25,62,1,3036,32,19907,234,22943,266,0,16,5,189,21,2342,0,142,17
08-31-20,Campbell,352,1,329,1,23,0,394,3,8281,70,8675,73,0,2,-1,32,2,318,0,17,3
08-31-20,Cannon,208,3,196,3,12,0,254,3,2828,22,3082,25,0,0,0,25,3,183,0,6,0
08-31-20,Carroll,612,9,529,9,83,0,663,9,7111,43,7774,52,0,8,-6,157,15,447,0,38,13
08-31-20,Carter,924,17,879,17,45,0,1017,18,11689,73,12706,91,0,18,7,159,10,747,0,68,23
08-31-20,Cheatham,713,3,707,3,6,0,870,3,8474,53,9344,56,0,10,-4,33,7,670,1,28,10
08-31-20,Chester,413,3,362,3,51,0,461,3,3847,18,4308,21,0,5,-3,68,6,340,0,15,7
08-31-20,Claiborne,367,5,341,3,26,2,410,4,7980,62,8390,66,0,3,-3,34,8,330,1,18,4
08-31-20,Clay,123,0,115,0,8,0,131,0,2034,36,2165,36,0,0,-2,15,2,108,0,5,3
08-31-20,Cocke,656,2,620,2,36,0,702,4,6251,31,6953,35,0,7,-12,53,14,596,0,31,8
08-31-20,Coffee,758,8,703,8,55,0,922,8,13331,97,14253,105,0,6,-7,106,15,646,0,26,9
08-31-20,Crockett,410,3,366,3,44,0,444,3,2357,17,2801,20,0,14,2,63,1,333,0,18,17
08-31-20,Cumberland,872,7,857,5,15,2,1065,7,17445,35,18510,42,0,8,-27,163,34,701,0,44,10
08-31-20,Davidson,24470,87,24366,85,104,2,30705,118,253107,1656,283812,1774,1,259,-38,970,124,23241,1,1046,273
08-31-20,Decatur,303,2,234,1,69,1,339,2,3948,14,4287,16,0,4,-1,44,3,255,0,8,4
08-31-20,Dekalb,461,4,448,2,13,2,572,5,6077,60,6649,65,0,5,-7,69,11,387,0,21,6
08-31-20,Dickson,925,2,860,2,65,0,1157,4,10958,136,12115,140,0,9,-35,47,37,869,0,48,12
08-31-20,Dyer,987,11,929,9,58,2,1070,12,7969,25,9039,37,0,10,-13,141,24,836,0,55,11
08-31-20,Fayette,952,2,937,2,15,0,1207,2,12648,38,13855,40,0,10,-7,89,9,853,0,73,15
08-31-20,Fentress,233,8,207,5,26,3,259,10,2975,15,3234,25,0,0,-4,73,12,160,0,13,2
08-31-20,Franklin,534,19,521,18,13,1,638,22,11805,103,12443,125,0,4,9,98,10,432,0,27,7
08-31-20,Gibson,1106,17,925,13,181,4,1199,15,10363,67,11562,82,0,14,0,170,17,922,0,49,16
08-31-20,Giles,459,4,456,4,3,0,557,8,6747,86,7304,94,0,14,3,26,1,419,2,32,15
08-31-20,Grainger,278,2,263,1,15,1,328,1,4581,11,4909,12,0,1,-4,30,6,247,0,18,2
08-31-20,Greene,842,21,794,17,48,4,997,22,11589,73,12586,95,0,16,2,145,19,681,4,67,22
08-31-20,Grundy,154,2,151,2,3,0,180,3,1887,12,2067,15,0,2,2,15,0,137,1,21,4
08-31-20,Hamblen,1701,0,1621,0,80,0,1849,1,17382,28,19231,29,0,22,-9,114,9,1565,0,82,23
08-31-20,Hamilton,7807,89,7679,88,128,1,9076,115,106300,1316,115376,1431,1,74,-7,590,95,7143,1,338,78
08-31-20,Hancock,99,0,92,0,7,0,107,0,1539,2,1646,2,0,2,-1,4,1,93,0,11,2
08-31-20,Hardeman,1272,3,1219,3,53,0,1466,4,11259,20,12725,24,0,21,-10,104,13,1147,0,58,25
08-31-20,Hardin,725,6,624,4,101,2,806,3,9265,28,10071,31,0,10,-4,133,10,582,0,23,12
08-31-20,Hawkins,677,5,664,5,13,0,785,7,7615,38,8400,45,0,13,-7,50,12,614,2,51,15
08-31-20,Haywood,792,5,756,5,36,0,850,5,4686,19,5536,24,0,11,-8,80,13,701,0,35,12
08-31-20,Henderson,895,4,739,3,156,1,1113,3,6349,26,7462,29,0,7,-12,125,16,763,0,35,14
08-31-20,Henry,462,5,454,5,8,0,551,8,7453,20,8004,28,0,5,-5,90,10,367,0,32,7
08-31-20,Hickman,382,4,368,1,14,3,473,3,5144,27,5617,30,0,3,2,59,2,320,1,14,4
08-31-20,Houston,102,0,99,0,3,0,114,0,1588,17,1702,17,0,0,0,24,0,78,0,9,0
08-31-20,Humphreys,167,0,154,0,13,0,191,0,3989,25,4180,25,0,3,-1,18,1,146,0,4,3
08-31-20,Jackson,246,1,231,1,15,0,276,1,1923,4,2199,5,0,1,-11,35,12,210,1,14,2
08-31-20,Jefferson,834,6,742,4,92,2,871,4,12757,42,13628,46,0,6,-3,131,9,697,0,46,10
08-31-20,Johnson,415,5,412,5,3,0,452,5,4616,6,5068,11,0,1,3,32,2,382,0,13,1
08-31-20,Knox,6822,97,6590,91,232,6,7518,91,98200,424,105718,515,0,57,16,809,81,5956,3,288,59
08-31-20,Lake,833,1,831,1,2,0,1026,8,5150,6,6176,14,0,2,-2,26,3,805,0,6,2
08-31-20,Lauderdale,717,5,670,4,47,1,785,7,8223,24,9008,31,0,12,-5,84,10,621,2,40,13
08-31-20,Lawrence,762,8,755,8,7,0,898,9,8220,79,9118,88,0,9,0,90,8,663,0,30,10
08-31-20,Lewis,143,2,142,2,1,0,153,1,3191,32,3344,33,0,1,-5,29,7,113,0,11,1
08-31-20,Lincoln,434,6,428,6,6,0,537,6,6053,29,6590,35,0,1,0,42,6,391,0,16,1
08-31-20,Loudon,938,10,911,10,27,0,1029,11,9748,62,10777,73,0,3,-3,110,13,825,0,30,4
08-31-20,Macon,932,2,922,2,10,0,1140,2,5601,20,6741,22,0,15,1,34,1,883,1,73,19
08-31-20,Madison,1890,35,1749,25,141,10,2094,37,20389,177,22483,214,-1,40,0,-32,36,1882,3,142,53
08-31-20,Marion,359,4,356,4,3,0,443,4,4413,39,4856,43,0,7,1,51,3,301,0,30,7
08-31-20,Marshall,552,12,548,12,4,0,629,15,6911,54,7540,69,0,4,2,127,10,421,0,18,4
08-31-20,Maury,1783,27,1771,27,12,0,2083,31,18990,224,21073,255,0,15,10,246,17,1522,2,69,16
08-31-20,McMinn,836,7,825,6,11,1,972,7,12214,107,13186,114,0,23,-8,124,15,689,0,49,24
08-31-20,McNairy,534,2,448,2,86,0,621,2,5007,18,5628,20,0,11,-10,64,12,459,0,30,14
08-31-20,Meigs,162,2,158,2,4,0,193,2,2315,25,2508,27,0,2,0,31,2,129,0,8,3
08-31-20,Monroe,798,9,770,7,28,2,890,8,7866,51,8756,59,0,15,-2,178,11,605,1,56,14
08-31-20,Montgomery,2538,10,2472,10,66,0,2903,14,31902,199,34805,213,0,30,-10,195,20,2313,0,111,36
08-31-20,Moore,113,0,109,0,4,0,138,0,1552,7,1690,7,0,0,-2,11,2,102,0,1,1
08-31-20,Morgan,240,5,226,1,14,4,262,2,6512,24,6774,26,0,2,-5,49,10,189,0,5,2
08-31-20,Obion,857,5,836,4,21,1,946,5,7327,18,8273,23,0,8,-10,94,15,755,0,36,9
08-31-20,Out of State,1641,9,1616,9,25,0,1870,11,211346,940,213216,951,2,27,-6,67,13,1547,1,64,10
08-31-20,Overton,483,4,451,3,32,1,533,4,5268,39,5801,43,0,2,-6,110,10,371,0,15,2
08-31-20,Pending,580,4,553,4,27,0,674,4,141115,723,141789,727,1,7,-6,57,9,516,0,7,1
08-31-20,Perry,110,2,99,2,11,0,123,4,2444,25,2567,29,0,0,0,14,2,96,0,5,0
08-31-20,Pickett,68,2,56,1,12,1,72,3,802,2,874,5,0,1,1,22,1,45,0,1,1
08-31-20,Polk,353,3,348,3,5,0,405,5,2969,29,3374,34,0,10,0,31,3,312,0,17,9
08-31-20,Putnam,2299,9,2224,9,75,0,2800,11,22731,45,25531,56,0,30,-32,272,41,1997,0,83,31
08-31-20,Rhea,651,7,649,7,2,0,782,8,8053,83,8835,91,1,4,0,50,6,597,0,20,7
08-31-20,Roane,642,5,619,3,23,2,775,4,13673,40,14448,44,0,2,1,86,4,554,0,24,2
08-31-20,Robertson,1931,7,1919,7,12,0,2351,8,13793,53,16144,61,0,26,-7,164,14,1741,1,137,31
08-31-20,Rutherford,7993,36,7959,36,34,0,9789,50,63951,538,73740,588,0,70,-17,405,53,7518,1,239,78
08-31-20,Scott,162,0,158,0,4,0,177,0,3268,32,3445,32,0,2,-2,8,2,152,0,12,2
08-31-20,Sequatchie,163,2,162,2,1,0,188,2,3804,37,3992,39,0,1,0,13,2,149,0,9,1
08-31-20,Sevier,2249,4,2185,4,64,0,2513,4,20451,71,22964,75,0,12,-19,119,23,2118,0,80,14
08-31-20,Shelby,27586,82,27397,82,189,0,33975,107,300391,908,334366,1015,2,387,-118,1616,198,25583,1,2015,440
08-31-20,Smith,546,0,531,0,15,0,667,0,4286,16,4953,16,0,8,-2,28,2,510,0,24,8
08-31-20,Stewart,100,2,98,2,2,0,124,1,2173,11,2297,12,0,0,1,10,1,90,0,6,1
08-31-20,Sullivan,1707,25,1623,25,84,0,1848,28,22264,98,24112,126,0,25,-20,359,45,1323,4,143,25
08-31-20,Sumner,4204,21,4178,20,26,1,5007,22,34309,201,39316,223,0,86,-21,262,42,3856,1,357,90
08-31-20,Tipton,1499,8,1436,7,63,1,1766,9,16626,49,18392,58,0,15,-2,144,10,1340,0,84,18
08-31-20,Trousdale,1623,1,1620,1,3,0,1693,1,3880,10,5573,11,0,6,1,24,0,1593,0,23,7
08-31-20,Unicoi,223,0,220,0,3,0,256,0,4306,10,4562,10,0,1,-4,22,4,200,0,12,1
08-31-20,Union,235,1,226,1,9,0,256,2,3395,8,3651,10,0,1,-6,25,7,209,0,7,1
08-31-20,Van Buren,83,2,76,1,7,1,91,2,1097,12,1188,14,0,0,0,22,2,61,0,6,0
08-31-20,Warren,854,4,791,4,63,0,950,4,10188,59,11138,63,0,7,-7,153,11,694,0,14,8
08-31-20,Washington,1701,33,1658,32,43,1,1929,37,22483,205,24412,242,0,13,17,196,16,1492,0,82,15
08-31-20,Wayne,1384,214,1375,214,9,0,1492,223,4843,45,6335,268,0,3,205,1114,9,267,0,16,4
08-31-20,Weakley,895,12,831,11,64,1,980,10,8154,41,9134,51,0,13,-5,157,17,725,0,26,15
08-31-20,White,571,4,538,3,33,1,671,5,6884,36,7555,41,0,7,-11,168,15,396,0,24,7
08-31-20,Williamson,4361,45,4335,45,26,0,5173,49,52356,327,57529,376,0,28,7,315,38,4018,2,109,32
08-31-20,Wilson,2896,26,2885,26,11,0,3467,26,29621,195,33088,221,0,31,-3,231,29,2634,1,99,35
08-30-20,Anderson,910,16,890,16,20,0,1060,16,19576,91,20636,107,0,8,8,67,8,835,0,36,8
08-30-20,Bedford,1115,4,1075,3,40,1,1322,4,9908,27,11230,31,0,14,-2,93,6,1008,0,45,15
08-30-20,Benton,261,4,254,4,7,0,282,5,3311,17,3593,22,0,5,3,52,1,204,0,17,6
08-30-20,Bledsoe,787,0,784,0,3,0,822,1,5601,7,6423,8,1,4,-1,10,0,773,0,17,4
08-30-20,Blount,2134,11,2096,11,38,0,2478,12,20952,74,23430,86,0,17,-15,366,26,1751,0,97,17
08-30-20,Bradley,2521,4,2460,4,61,0,3004,4,19673,28,22677,32,0,16,-10,184,14,2321,2,142,17
08-30-20,Campbell,351,2,328,2,23,0,391,4,8211,47,8602,51,0,2,-3,33,5,316,0,17,3
08-30-20,Cannon,205,2,193,2,12,0,251,2,2806,12,3057,14,0,0,1,25,1,180,0,6,0
08-30-20,Carroll,603,6,520,5,83,1,654,6,7068,15,7722,21,0,8,-14,163,20,432,0,38,11
08-30-20,Carter,907,9,862,8,45,1,999,8,11616,26,12615,34,0,18,2,152,7,737,3,68,22
08-30-20,Cheatham,710,0,704,0,6,0,867,0,8421,39,9288,39,0,10,-5,37,5,663,0,27,10
08-30-20,Chester,410,0,359,0,51,0,458,0,3829,18,4287,18,0,5,-3,71,3,334,0,15,7
08-30-20,Claiborne,362,0,338,0,24,0,406,0,7918,115,8324,115,0,3,-2,37,2,322,0,17,4
08-30-20,Clay,123,1,115,1,8,0,131,1,1998,6,2129,7,0,0,1,17,0,106,0,5,2
08-30-20,Cocke,654,0,618,0,36,0,698,1,6220,23,6918,24,0,7,-2,65,2,582,0,31,8
08-30-20,Coffee,750,1,695,0,55,1,914,1,13234,38,14148,39,0,6,-11,113,12,631,0,26,8
08-30-20,Crockett,407,2,363,1,44,1,441,2,2340,5,2781,7,0,14,-2,61,4,332,0,18,17
08-30-20,Cumberland,865,10,852,10,13,0,1058,13,17410,37,18468,50,0,8,-1,190,11,667,0,44,10
08-30-20,Davidson,24383,26,24281,26,102,0,30587,33,251451,444,282038,477,3,258,-52,1008,75,23117,3,1045,273
08-30-20,Decatur,301,1,233,1,68,0,337,1,3934,8,4271,9,0,4,-1,45,2,252,0,8,4
08-30-20,Dekalb,457,0,446,0,11,0,567,0,6017,14,6584,14,0,5,-1,76,1,376,0,21,6
08-30-20,Dickson,923,6,858,6,65,0,1153,5,10822,26,11975,31,0,9,-2,82,8,832,0,48,12
08-30-20,Dyer,976,9,920,9,56,0,1058,9,7944,20,9002,29,0,10,0,154,9,812,2,55,11
08-30-20,Fayette,950,2,935,2,15,0,1205,3,12610,56,13815,59,0,10,-4,96,6,844,0,73,15
08-30-20,Fentress,225,2,202,2,23,0,249,2,2960,7,3209,9,0,0,-2,77,4,148,0,13,2
08-30-20,Franklin,515,3,503,3,12,0,616,0,11702,161,12318,161,0,4,0,89,3,422,0,27,7
08-30-20,Gibson,1089,9,912,5,177,4,1184,11,10296,33,11480,44,0,14,-5,170,14,905,1,49,15
08-30-20,Giles,455,1,452,1,3,0,549,1,6661,5,7210,6,0,14,-2,23,3,418,0,30,14
08-30-20,Grainger,276,1,262,1,14,0,327,1,4570,13,4897,14,0,1,0,34,1,241,0,18,2
08-30-20,Greene,821,4,777,4,44,0,975,4,11516,44,12491,48,0,16,-8,143,12,662,0,63,20
08-30-20,Grundy,152,0,149,0,3,0,177,1,1875,4,2052,5,0,2,-1,13,1,137,0,20,3
08-30-20,Hamblen,1701,10,1621,10,80,0,1848,11,17354,100,19202,111,1,22,2,123,7,1556,1,82,23
08-30-20,Hamilton,7718,28,7591,27,127,1,8961,23,104984,191,113945,214,0,73,-20,597,48,7048,1,337,78
08-30-20,Hancock,99,1,92,1,7,0,107,1,1537,6,1644,7,0,2,1,5,0,92,0,11,2
08-30-20,Hardeman,1269,7,1216,6,53,1,1462,10,11239,24,12701,34,0,21,5,114,2,1134,0,58,25
08-30-20,Hardin,719,13,620,13,99,0,803,13,9237,49,10040,62,0,10,2,137,11,572,0,23,12
08-30-20,Hawkins,672,2,659,2,13,0,778,1,7577,32,8355,33,0,13,-4,57,6,602,0,49,15
08-30-20,Haywood,787,2,751,2,36,0,845,3,4667,10,5512,13,0,11,-6,88,8,688,0,35,11
08-30-20,Henderson,891,3,736,2,155,1,1110,3,6323,24,7433,27,0,7,0,137,3,747,0,35,13
08-30-20,Henry,457,2,449,2,8,0,543,2,7433,13,7976,15,0,5,-4,95,6,357,0,32,6
08-30-20,Hickman,378,5,367,5,11,0,470,5,5117,8,5587,13,0,3,2,57,3,318,1,13,4
08-30-20,Houston,102,0,99,0,3,0,114,0,1571,0,1685,0,0,0,0,24,0,78,0,9,0
08-30-20,Humphreys,167,0,154,0,13,0,191,0,3964,9,4155,9,0,3,0,19,0,145,0,4,3
08-30-20,Jackson,245,0,230,0,15,0,275,0,1919,2,2194,2,0,1,-5,46,5,198,0,13,2
08-30-20,Jefferson,828,15,738,12,90,3,867,13,12715,32,13582,45,0,6,5,134,10,688,0,46,10
08-30-20,Johnson,410,0,407,0,3,0,447,0,4610,4,5057,4,0,1,-3,29,3,380,0,13,1
08-30-20,Knox,6725,74,6499,73,226,1,7427,78,97776,449,105203,527,1,57,7,793,66,5875,1,285,59
08-30-20,Lake,832,2,830,2,2,0,1018,2,5144,23,6162,25,0,2,0,28,2,802,0,6,2
08-30-20,Lauderdale,712,0,666,0,46,0,778,1,8199,24,8977,25,0,12,-4,89,4,611,0,38,13
08-30-20,Lawrence,754,3,747,3,7,0,889,4,8141,10,9030,14,0,9,-3,90,6,655,1,30,10
08-30-20,Lewis,141,0,140,0,1,0,152,0,3159,4,3311,4,0,1,-7,34,7,106,0,11,1
08-30-20,Lincoln,428,1,422,1,6,0,531,1,6024,10,6555,11,0,1,-3,42,4,385,0,16,1
08-30-20,Loudon,928,6,901,6,27,0,1018,8,9686,78,10704,86,0,3,-2,113,8,812,1,30,4
08-30-20,Macon,930,0,920,0,10,0,1138,0,5581,10,6719,10,0,15,-4,33,4,882,0,72,19
08-30-20,Madison,1855,15,1724,6,131,9,2057,17,20212,73,22269,90,0,41,-12,-32,27,1846,2,139,51
08-30-20,Marion,355,0,352,0,3,0,439,0,4374,4,4813,4,1,7,-5,50,4,298,0,30,7
08-30-20,Marshall,540,0,536,0,4,0,614,1,6857,11,7471,12,0,4,-9,125,9,411,0,18,4
08-30-20,Maury,1756,11,1744,11,12,0,2052,10,18766,64,20818,74,1,15,-2,236,12,1505,0,67,16
08-30-20,McMinn,829,2,819,2,10,0,965,1,12107,19,13072,20,2,23,-8,132,8,674,0,49,24
08-30-20,McNairy,532,5,446,5,86,0,619,5,4989,30,5608,35,0,11,0,74,5,447,1,30,13
08-30-20,Meigs,160,0,156,0,4,0,191,0,2290,3,2481,3,0,2,-1,31,1,127,0,8,3
08-30-20,Monroe,789,7,763,7,26,0,882,7,7815,28,8697,35,0,15,1,180,6,594,0,55,14
08-30-20,Montgomery,2528,4,2462,3,66,1,2889,4,31703,78,34592,82,2,30,-18,205,20,2293,0,111,36
08-30-20,Moore,113,0,109,0,4,0,138,0,1545,0,1683,0,0,0,-1,13,1,100,0,1,1
08-30-20,Morgan,235,1,225,1,10,0,260,1,6488,24,6748,25,1,2,0,54,0,179,0,5,2
08-30-20,Obion,852,6,832,4,20,2,941,6,7309,41,8250,47,0,8,-5,104,11,740,0,36,9
08-30-20,Out of State,1632,5,1607,5,25,0,1859,6,210406,555,212265,561,0,25,-3,73,8,1534,0,63,10
08-30-20,Overton,479,2,448,2,31,0,529,2,5229,20,5758,22,0,2,-1,116,3,361,0,15,2
08-30-20,Pending,576,3,549,3,27,0,670,4,140392,406,141062,410,0,6,-1,63,4,507,0,7,1
08-30-20,Perry,108,2,97,2,11,0,119,1,2419,4,2538,5,0,0,1,14,1,94,0,5,0
08-30-20,Pickett,66,0,55,0,11,0,69,0,800,11,869,11,0,1,-2,21,2,44,0,1,1
08-30-20,Polk,350,0,345,0,5,0,400,0,2940,6,3340,6,0,10,-3,31,3,309,0,17,9
08-30-20,Putnam,2290,7,2215,6,75,1,2789,7,22686,26,25475,33,0,30,-10,304,17,1956,0,83,31
08-30-20,Rhea,644,1,642,1,2,0,774,2,7970,15,8744,17,0,3,-2,50,3,591,0,20,7
08-30-20,Roane,637,9,616,6,21,3,771,8,13633,65,14404,73,0,2,3,85,6,550,0,24,2
08-30-20,Robertson,1924,1,1912,1,12,0,2343,1,13740,31,16083,32,0,26,-10,171,11,1727,0,136,31
08-30-20,Rutherford,7957,21,7923,21,34,0,9739,21,63413,297,73152,318,2,70,-15,422,34,7465,2,238,78
08-30-20,Scott,162,1,158,1,4,0,177,1,3236,42,3413,43,0,2,0,10,1,150,0,12,2
08-30-20,Sequatchie,161,0,160,0,1,0,186,0,3767,0,3953,0,0,1,-1,13,1,147,0,9,1
08-30-20,Sevier,2245,3,2181,3,64,0,2509,8,20380,81,22889,89,0,12,-4,138,7,2095,0,80,14
08-30-20,Shelby,27504,87,27315,87,189,0,33868,131,299483,1674,333351,1805,5,385,-14,1734,96,25385,4,2014,438
08-30-20,Smith,546,1,531,1,15,0,667,1,4270,11,4937,12,0,8,-1,30,2,508,0,24,8
08-30-20,Stewart,98,0,96,0,2,0,123,0,2162,8,2285,8,0,0,0,9,0,89,0,6,1
08-30-20,Sullivan,1682,26,1598,25,84,1,1820,30,22166,165,23986,195,0,25,5,379,21,1278,0,139,25
08-30-20,Sumner,4183,16,4158,16,25,0,4985,19,34108,101,39093,120,0,86,-11,283,27,3814,3,356,89
08-30-20,Tipton,1491,3,1429,3,62,0,1757,3,16577,77,18334,80,0,15,-5,146,8,1330,0,84,18
08-30-20,Trousdale,1622,0,1619,0,3,0,1692,0,3870,5,5562,5,0,6,-4,23,4,1593,0,23,6
08-30-20,Unicoi,223,3,220,3,3,0,256,3,4296,7,4552,10,0,1,1,26,2,196,1,12,1
08-30-20,Union,234,2,225,2,9,0,254,2,3387,15,3641,17,0,1,2,31,0,202,0,7,1
08-30-20,Van Buren,81,0,75,0,6,0,89,1,1085,2,1174,3,0,0,0,22,0,59,0,6,0
08-30-20,Warren,850,0,787,0,63,0,946,0,10129,22,11075,22,0,7,-10,160,10,683,0,14,8
08-30-20,Washington,1668,17,1626,16,42,1,1892,12,22278,78,24170,90,1,13,4,179,12,1476,3,82,13
08-30-20,Wayne,1170,864,1161,864,9,0,1269,929,4798,234,6067,1163,0,3,863,909,1,258,1,16,4
08-30-20,Weakley,883,2,820,2,63,0,970,3,8113,26,9083,29,0,13,-5,162,7,708,0,26,14
08-30-20,White,567,2,535,2,32,0,666,2,6848,17,7514,19,0,7,-1,179,3,381,0,24,7
08-30-20,Williamson,4316,13,4290,13,26,0,5124,15,52029,116,57153,131,1,28,-13,308,25,3980,0,107,31
08-30-20,Wilson,2870,10,2859,10,11,0,3441,11,29426,59,32867,70,0,31,-2,234,12,2605,0,98,35
08-29-20,Anderson,894,9,874,8,20,1,1044,8,19485,260,20529,268,0,8,3,59,6,827,0,36,8
08-29-20,Bedford,1111,7,1072,7,39,0,1318,7,9881,98,11199,105,0,14,-1,95,8,1002,0,45,15
08-29-20,Benton,257,7,250,7,7,0,277,8,3294,44,3571,52,0,5,0,49,7,203,0,17,6
08-29-20,Bledsoe,787,1,784,1,3,0,821,1,5594,47,6415,48,0,3,-2,11,3,773,0,17,4
08-29-20,Blount,2123,29,2085,29,38,0,2466,44,20878,289,23344,333,0,17,12,381,17,1725,1,97,17
08-29-20,Bradley,2517,23,2456,23,61,0,3000,24,19645,162,22645,186,0,16,0,194,23,2307,1,140,17
08-29-20,Campbell,349,4,326,3,23,1,387,2,8164,224,8551,226,0,2,-1,36,5,311,0,17,3
08-29-20,Cannon,203,2,191,1,12,1,249,2,2794,47,3043,49,0,0,0,24,2,179,0,6,0
08-29-20,Carroll,597,19,515,14,82,5,648,21,7053,138,7701,159,0,8,5,177,14,412,5,38,11
08-29-20,Carter,898,10,854,9,44,1,991,15,11590,184,12581,199,0,18,3,150,7,730,0,65,22
08-29-20,Cheatham,710,6,704,6,6,0,867,6,8382,129,9249,135,0,10,2,42,4,658,0,27,10
08-29-20,Chester,410,6,359,3,51,3,458,6,3811,43,4269,49,1,5,3,74,2,331,0,15,6
08-29-20,Claiborne,362,10,338,9,24,1,406,12,7803,155,8209,167,0,3,10,39,0,320,0,17,4
08-29-20,Clay,122,2,114,2,8,0,130,2,1992,14,2122,16,0,0,1,16,1,106,0,5,2
08-29-20,Cocke,654,9,618,9,36,0,697,9,6197,78,6894,87,0,7,3,67,6,580,1,31,8
08-29-20,Coffee,749,2,695,2,54,0,913,3,13196,67,14109,70,0,6,-9,124,11,619,0,26,8
08-29-20,Crockett,405,10,362,5,43,5,439,8,2335,20,2774,28,0,14,8,63,2,328,0,18,17
08-29-20,Cumberland,855,13,842,13,13,0,1045,16,17373,252,18418,268,0,8,1,191,12,656,0,44,10
08-29-20,Davidson,24357,64,24255,64,102,0,30554,79,251007,1296,281561,1375,1,255,-79,1060,142,23042,2,1042,271
08-29-20,Decatur,300,8,232,6,68,2,336,11,3926,124,4262,135,0,4,6,46,2,250,1,8,4
08-29-20,Dekalb,457,18,446,18,11,0,567,18,6003,94,6570,112,0,5,14,77,4,375,1,21,6
08-29-20,Dickson,917,5,852,5,65,0,1148,7,10796,89,11944,96,0,9,-1,84,6,824,0,48,11
08-29-20,Dyer,967,6,911,5,56,1,1049,9,7924,116,8973,125,0,10,-12,154,18,803,1,53,11
08-29-20,Fayette,948,7,933,7,15,0,1202,8,12554,135,13756,143,0,10,0,100,7,838,0,73,15
08-29-20,Fentress,223,14,200,14,23,0,247,15,2953,51,3200,66,0,0,10,79,4,144,0,13,2
08-29-20,Franklin,512,8,500,8,12,0,616,8,11541,399,12157,407,0,4,1,89,7,419,0,27,7
08-29-20,Gibson,1080,26,907,21,173,5,1173,25,10263,163,11436,188,1,14,11,175,14,891,2,48,15
08-29-20,Giles,454,4,451,4,3,0,548,4,6656,135,7204,139,0,14,0,25,4,415,0,30,14
08-29-20,Grainger,275,2,261,2,14,0,326,2,4557,44,4883,46,0,1,-2,34,4,240,0,18,2
08-29-20,Greene,817,6,773,6,44,0,971,9,11472,133,12443,142,0,16,-13,151,19,650,0,63,20
08-29-20,Grundy,152,3,149,3,3,0,176,3,1871,27,2047,30,0,2,3,14,0,136,0,20,3
08-29-20,Hamblen,1691,6,1611,3,80,3,1837,3,17254,106,19091,109,1,21,-2,121,7,1549,0,81,23
08-29-20,Hamilton,7690,35,7564,35,126,0,8938,35,104793,672,113731,707,0,73,-42,617,77,7000,1,336,78
08-29-20,Hancock,98,0,91,0,7,0,106,0,1531,10,1637,10,0,2,0,4,0,92,0,11,2
08-29-20,Hardeman,1262,6,1210,5,52,1,1452,13,11215,210,12667,223,0,21,-2,109,8,1132,0,58,24
08-29-20,Hardin,706,14,607,13,99,1,790,17,9188,190,9978,207,0,10,9,135,5,561,0,23,12
08-29-20,Hawkins,670,10,657,10,13,0,777,11,7545,98,8322,109,0,13,1,61,9,596,0,49,15
08-29-20,Haywood,785,8,749,7,36,1,842,10,4657,46,5499,56,0,11,4,94,4,680,1,35,11
08-29-20,Henderson,888,29,734,26,154,3,1107,37,6299,167,7406,204,1,7,19,137,9,744,1,35,13
08-29-20,Henry,455,11,447,11,8,0,541,14,7420,139,7961,153,1,5,5,99,5,351,0,32,6
08-29-20,Hickman,373,1,362,1,11,0,465,4,5109,49,5574,53,0,3,-8,55,9,315,0,12,3
08-29-20,Houston,102,7,99,7,3,0,114,7,1571,70,1685,77,0,0,6,24,1,78,0,9,0
08-29-20,Humphreys,167,2,154,2,13,0,191,3,3955,91,4146,94,0,3,2,19,0,145,0,4,3
08-29-20,Jackson,245,3,230,3,15,0,275,5,1917,21,2192,26,0,1,3,51,0,193,0,13,2
08-29-20,Jefferson,813,15,726,14,87,1,854,15,12683,221,13537,236,0,6,10,129,5,678,1,46,10
08-29-20,Johnson,410,0,407,0,3,0,447,0,4606,29,5053,29,0,1,-8,32,8,377,0,13,1
08-29-20,Knox,6651,113,6426,107,225,6,7349,119,97327,1380,104676,1499,5,56,33,786,75,5809,3,284,57
08-29-20,Lake,830,2,828,2,2,0,1016,2,5121,27,6137,29,1,2,0,28,1,800,0,6,2
08-29-20,Lauderdale,712,14,666,11,46,3,777,13,8175,74,8952,87,0,12,5,93,9,607,0,38,12
08-29-20,Lawrence,751,10,744,10,7,0,885,13,8131,101,9016,114,0,9,4,93,6,649,0,29,10
08-29-20,Lewis,141,2,140,2,1,0,152,2,3155,89,3307,91,0,1,0,41,2,99,0,11,1
08-29-20,Lincoln,427,5,421,5,6,0,530,5,6014,71,6544,76,0,1,-1,45,6,381,0,16,1
08-29-20,Loudon,922,11,895,10,27,1,1010,10,9608,168,10618,178,0,3,6,115,5,804,0,29,4
08-29-20,Macon,930,5,920,5,10,0,1138,8,5571,45,6709,53,0,15,4,37,1,878,0,72,19
08-29-20,Madison,1840,47,1718,22,122,25,2040,49,20139,310,22179,359,4,41,20,-20,23,1819,2,137,48
08-29-20,Marion,355,4,352,4,3,0,439,5,4370,33,4809,38,0,6,4,55,0,294,0,30,7
08-29-20,Marshall,540,15,536,15,4,0,613,16,6846,171,7459,187,0,4,3,134,12,402,0,18,4
08-29-20,Maury,1745,17,1733,17,12,0,2042,17,18702,160,20744,177,0,14,7,238,10,1493,1,67,16
08-29-20,McMinn,827,17,817,17,10,0,964,20,12088,211,13052,231,0,21,5,140,12,666,0,49,23
08-29-20,McNairy,527,11,441,7,86,4,614,15,4959,74,5573,89,0,11,7,74,4,442,0,29,12
08-29-20,Meigs,160,4,156,4,4,0,191,5,2287,35,2478,40,0,2,2,32,2,126,1,8,3
08-29-20,Monroe,782,16,756,16,26,0,875,27,7787,303,8662,330,1,15,6,179,9,588,1,55,14
08-29-20,Montgomery,2524,28,2459,27,65,1,2885,29,31625,468,34510,497,0,28,5,223,23,2273,1,111,36
08-29-20,Moore,113,1,109,1,4,0,138,1,1545,17,1683,18,0,0,0,14,1,99,0,1,0
08-29-20,Morgan,234,5,224,5,10,0,259,6,6464,78,6723,84,0,1,1,54,4,179,0,5,2
08-29-20,Obion,846,17,828,14,18,3,935,21,7268,116,8203,137,1,8,11,109,5,729,0,36,9
08-29-20,Out of State,1627,10,1602,10,25,0,1853,13,209851,2648,211704,2661,-1,25,2,76,9,1526,0,63,10
08-29-20,Overton,477,13,446,13,31,0,527,13,5209,64,5736,77,0,2,9,117,4,358,0,15,2
08-29-20,Pending,573,9,546,6,27,3,666,10,139986,1335,140652,1345,0,6,0,64,9,503,0,7,1
08-29-20,Perry,106,3,95,1,11,2,118,3,2415,23,2533,26,0,0,1,13,2,93,0,5,0
08-29-20,Pickett,66,3,55,3,11,0,69,3,789,7,858,10,0,1,3,23,0,42,0,1,1
08-29-20,Polk,350,5,345,5,5,0,400,5,2934,26,3334,31,0,10,-12,34,17,306,0,17,9
08-29-20,Putnam,2283,32,2209,32,74,0,2782,37,22660,376,25442,413,2,30,9,314,21,1939,0,83,31
08-29-20,Rhea,643,8,641,8,2,0,772,7,7955,122,8727,129,0,3,5,52,3,588,2,20,7
08-29-20,Roane,628,13,610,13,18,0,763,21,13568,196,14331,217,0,2,8,82,5,544,1,24,2
08-29-20,Robertson,1923,94,1911,93,12,1,2342,98,13709,444,16051,542,0,26,82,181,12,1716,1,136,31
08-29-20,Rutherford,7936,54,7902,54,34,0,9718,73,63116,833,72834,906,0,68,-3,437,57,7431,3,236,78
08-29-20,Scott,161,1,157,1,4,0,176,2,3194,67,3370,69,0,2,1,10,0,149,1,12,2
08-29-20,Sequatchie,161,0,160,0,1,0,186,0,3767,90,3953,90,0,1,-2,14,2,146,0,9,1
08-29-20,Sevier,2242,18,2178,18,64,0,2501,20,20299,200,22800,220,1,12,8,142,9,2088,0,80,14
08-29-20,Shelby,27417,181,27228,173,189,8,33737,223,297809,3161,331546,3384,2,380,53,1748,126,25289,7,2010,438
08-29-20,Smith,545,5,530,5,15,0,666,7,4259,27,4925,34,0,8,0,31,5,506,0,24,8
08-29-20,Stewart,98,2,96,1,2,1,123,2,2154,28,2277,30,0,0,2,9,0,89,0,6,1
08-29-20,Sullivan,1656,20,1573,18,83,2,1790,24,22001,272,23791,296,0,25,9,374,11,1257,1,139,25
08-29-20,Sumner,4167,33,4142,33,25,0,4966,38,34007,481,38973,519,0,86,9,294,24,3787,2,353,89
08-29-20,Tipton,1488,15,1426,8,62,7,1754,19,16500,163,18254,182,0,15,11,151,4,1322,0,84,18
08-29-20,Trousdale,1622,14,1619,14,3,0,1692,16,3865,56,5557,72,0,6,13,27,1,1589,2,23,6
08-29-20,Unicoi,220,2,217,2,3,0,253,3,4289,19,4542,22,0,1,-2,25,4,194,0,11,1
08-29-20,Union,232,0,223,0,9,0,252,0,3372,57,3624,57,0,1,-4,29,4,202,0,7,1
08-29-20,Van Buren,81,2,75,2,6,0,88,2,1083,18,1171,20,0,0,0,22,2,59,0,6,0
08-29-20,Warren,850,19,787,18,63,1,946,20,10107,174,11053,194,0,7,12,170,7,673,0,14,8
08-29-20,Washington,1651,29,1610,29,41,0,1880,46,22200,403,24080,449,0,12,14,175,15,1464,1,79,13
08-29-20,Wayne,306,3,297,3,9,0,340,4,4564,35,4904,39,0,3,-3,46,6,257,1,15,4
08-29-20,Weakley,881,26,818,22,63,4,967,30,8087,185,9054,215,2,13,19,167,5,701,0,26,14
08-29-20,White,565,13,533,13,32,0,664,14,6831,99,7495,113,0,7,8,180,5,378,0,24,7
08-29-20,Williamson,4303,37,4277,36,26,1,5109,43,51913,477,57022,520,0,27,-4,321,41,3955,0,107,31
08-29-20,Wilson,2860,39,2849,39,11,0,3430,41,29367,374,32797,415,0,31,22,236,17,2593,1,98,34
08-28-20,Anderson,885,0,866,0,19,0,1036,0,19225,34,20261,34,0,8,-20,56,20,821,0,36,8
08-28-20,Bedford,1104,2,1065,2,39,0,1311,3,9783,62,11094,65,0,14,-7,96,9,994,0,45,15
08-28-20,Benton,250,6,243,6,7,0,269,6,3250,18,3519,24,1,5,-2,49,7,196,0,17,5
08-28-20,Bledsoe,786,1,783,1,3,0,820,1,5547,14,6367,15,0,3,-2,13,3,770,0,17,4
08-28-20,Blount,2094,6,2056,6,38,0,2422,3,20589,76,23011,79,0,17,-24,369,30,1708,0,96,17
08-28-20,Bradley,2494,9,2433,9,61,0,2976,12,19483,84,22459,96,0,16,-21,194,30,2284,0,139,17
08-28-20,Campbell,345,2,323,2,22,0,385,3,7940,31,8325,34,0,2,-3,37,5,306,0,17,3
08-28-20,Cannon,201,3,190,3,11,0,247,3,2747,34,2994,37,0,0,1,24,2,177,0,6,0
08-28-20,Carroll,578,18,501,10,77,8,627,18,6915,45,7542,63,1,8,5,172,12,398,0,33,10
08-28-20,Carter,888,13,845,13,43,0,976,9,11406,96,12382,105,0,18,3,147,10,723,0,65,19
08-28-20,Cheatham,704,1,698,1,6,0,861,2,8253,59,9114,61,0,10,-11,40,12,654,0,27,10
08-28-20,Chester,404,3,356,2,48,1,452,5,3768,18,4220,23,0,4,-6,71,9,329,0,15,6
08-28-20,Claiborne,352,1,329,1,23,0,394,3,7648,48,8042,51,0,3,-5,29,6,320,0,17,4
08-28-20,Clay,120,0,112,0,8,0,128,0,1978,13,2106,13,0,0,-1,15,1,105,0,5,2
08-28-20,Cocke,645,5,609,3,36,2,688,3,6119,27,6807,30,0,7,-6,64,11,574,1,30,8
08-28-20,Coffee,747,10,693,10,54,0,910,11,13129,115,14039,126,0,6,-1,133,11,608,0,26,8
08-28-20,Crockett,395,6,357,5,38,1,431,7,2315,20,2746,27,0,14,-2,55,8,326,0,18,17
08-28-20,Cumberland,842,17,829,17,13,0,1029,21,17121,118,18150,139,0,8,-1,190,18,644,0,44,10
08-28-20,Davidson,24293,113,24191,112,102,1,30475,150,249711,1703,280186,1853,3,254,-28,1139,138,22900,5,1040,270
08-28-20,Decatur,292,4,226,4,66,0,325,3,3802,9,4127,12,0,4,-1,40,5,248,0,7,4
08-28-20,Dekalb,439,13,428,13,11,0,549,14,5909,45,6458,59,0,5,9,63,4,371,0,20,6
08-28-20,Dickson,912,3,847,3,65,0,1141,5,10707,75,11848,80,0,9,-9,85,12,818,0,48,10
08-28-20,Dyer,961,19,906,18,55,1,1040,18,7808,57,8848,75,1,10,1,166,17,785,1,52,11
08-28-20,Fayette,941,6,926,5,15,1,1194,6,12419,45,13613,51,0,10,-1,100,7,831,0,73,15
08-28-20,Fentress,209,8,186,8,23,0,232,8,2902,41,3134,49,0,0,5,69,3,140,0,13,2
08-28-20,Franklin,504,9,492,9,12,0,608,9,11142,77,11750,86,0,4,0,88,9,412,0,27,7
08-28-20,Gibson,1054,15,886,13,168,2,1148,15,10100,75,11248,90,0,13,-8,164,23,877,1,46,14
08-28-20,Giles,450,1,447,1,3,0,544,2,6521,10,7065,12,0,14,1,25,0,411,0,30,14
08-28-20,Grainger,273,3,259,3,14,0,324,3,4513,53,4837,56,0,1,-3,36,6,236,0,18,2
08-28-20,Greene,811,9,767,5,44,4,962,4,11339,34,12301,38,5,16,-16,164,20,631,2,63,20
08-28-20,Grundy,149,0,146,0,3,0,173,0,1844,11,2017,11,0,2,-1,11,1,136,0,20,3
08-28-20,Hamblen,1685,8,1608,7,77,1,1834,7,17148,62,18982,69,0,20,-6,123,14,1542,0,81,23
08-28-20,Hamilton,7655,52,7529,51,126,1,8903,65,104121,619,113024,684,3,73,-34,659,83,6923,1,335,76
08-28-20,Hancock,98,0,91,0,7,0,106,0,1521,20,1627,20,0,2,-1,4,1,92,0,11,2
08-28-20,Hardeman,1256,16,1205,15,51,1,1439,22,11005,53,12444,75,-1,21,-5,111,22,1124,0,58,24
08-28-20,Hardin,692,5,594,5,98,0,773,3,8998,26,9771,29,1,10,-6,126,10,556,0,23,12
08-28-20,Hawkins,660,4,647,4,13,0,766,4,7447,39,8213,43,1,13,-3,60,6,587,0,49,15
08-28-20,Haywood,777,4,742,4,35,0,832,5,4611,15,5443,20,1,11,-8,90,11,676,0,34,11
08-28-20,Henderson,859,13,708,11,151,2,1070,12,6132,43,7202,55,0,6,0,118,13,735,2,34,11
08-28-20,Henry,444,5,436,5,8,0,527,4,7281,24,7808,28,0,4,-4,94,9,346,0,32,6
08-28-20,Hickman,372,4,361,3,11,1,461,2,5060,36,5521,38,0,3,1,63,3,306,0,12,3
08-28-20,Houston,95,0,92,0,3,0,107,0,1501,6,1608,6,0,0,-2,18,2,77,0,9,0
08-28-20,Humphreys,165,2,152,1,13,1,188,2,3864,14,4052,16,0,3,0,17,2,145,0,4,3
08-28-20,Jackson,242,3,227,3,15,0,270,3,1896,16,2166,19,0,1,-2,48,5,193,1,13,2
08-28-20,Jefferson,798,6,712,5,86,1,839,5,12462,68,13301,73,0,6,-4,119,10,673,0,45,9
08-28-20,Johnson,410,4,407,4,3,0,447,4,4577,13,5024,17,0,1,0,40,4,369,0,13,1
08-28-20,Knox,6538,84,6319,80,219,4,7230,83,95947,303,103177,386,0,51,-8,753,92,5734,3,281,57
08-28-20,Lake,828,8,826,8,2,0,1014,6,5094,36,6108,42,0,1,8,28,0,799,0,6,2
08-28-20,Lauderdale,698,5,655,5,43,0,764,6,8101,17,8865,23,0,12,-4,88,9,598,0,38,12
08-28-20,Lawrence,741,2,734,2,7,0,872,2,8030,9,8902,11,0,9,-6,89,8,643,0,29,10
08-28-20,Lewis,139,1,138,1,1,0,150,1,3066,2,3216,3,0,1,-2,41,3,97,0,11,1
08-28-20,Lincoln,422,2,416,2,6,0,525,3,5943,153,6468,156,0,1,-2,46,4,375,0,16,1
08-28-20,Loudon,911,4,885,4,26,0,1000,3,9440,21,10440,24,0,3,-8,109,12,799,0,29,4
08-28-20,Macon,925,6,915,5,10,1,1130,6,5526,19,6656,25,0,15,3,33,3,877,0,72,19
08-28-20,Madison,1793,24,1696,21,97,3,1991,25,19829,120,21820,145,1,37,-25,-40,48,1796,3,135,47
08-28-20,Marion,351,3,348,3,3,0,434,3,4337,26,4771,29,0,6,-2,51,5,294,0,30,7
08-28-20,Marshall,525,1,521,1,4,0,597,1,6675,20,7272,21,0,4,-14,131,15,390,0,18,4
08-28-20,Maury,1728,11,1716,10,12,1,2025,9,18542,61,20567,70,0,14,-15,231,26,1483,0,66,15
08-28-20,McMinn,810,8,800,8,10,0,944,7,11877,81,12821,88,0,21,-3,135,11,654,0,49,23
08-28-20,McNairy,516,4,434,4,82,0,599,4,4885,11,5484,15,1,11,-6,67,9,438,0,29,12
08-28-20,Meigs,156,4,152,4,4,0,186,4,2252,17,2438,21,0,2,0,30,4,124,0,7,2
08-28-20,Monroe,766,14,740,11,26,3,848,9,7484,63,8332,72,0,14,-1,173,15,579,0,54,14
08-28-20,Montgomery,2496,11,2432,11,64,0,2856,14,31157,108,34013,122,0,28,-12,218,23,2250,0,110,36
08-28-20,Moore,112,2,108,2,4,0,137,2,1528,8,1665,10,0,0,0,14,2,98,0,1,0
08-28-20,Morgan,229,2,219,2,10,0,253,2,6386,10,6639,12,0,1,-1,53,3,175,0,5,2
08-28-20,Obion,829,9,814,9,15,0,914,7,7152,28,8066,35,0,7,0,98,9,724,0,36,9
08-28-20,Out of State,1617,12,1592,12,25,0,1840,13,207203,885,209043,898,0,26,-13,74,25,1517,2,63,9
08-28-20,Overton,464,6,433,6,31,0,514,7,5145,51,5659,58,0,2,-11,108,17,354,0,15,2
08-28-20,Pending,564,7,540,7,24,0,656,7,138651,859,139307,866,2,6,-13,64,18,494,0,7,1
08-28-20,Perry,103,0,94,0,9,0,115,0,2392,7,2507,7,0,0,0,12,0,91,0,5,0
08-28-20,Pickett,63,1,52,1,11,0,66,1,782,7,848,8,0,1,-1,20,2,42,0,1,1
08-28-20,Polk,345,0,340,0,5,0,395,0,2908,11,3303,11,0,10,-6,46,6,289,0,17,9
08-28-20,Putnam,2251,17,2177,17,74,0,2745,28,22284,202,25029,230,1,28,-5,305,21,1918,0,83,30
08-28-20,Rhea,635,4,633,4,2,0,765,4,7833,45,8598,49,0,3,-4,47,8,585,1,18,6
08-28-20,Roane,615,11,597,11,18,0,742,10,13372,42,14114,52,0,2,5,74,6,539,0,23,2
08-28-20,Robertson,1829,3,1818,3,11,0,2244,4,13265,42,15509,46,0,26,-13,99,16,1704,0,135,31
08-28-20,Rutherford,7882,25,7848,25,34,0,9645,31,62283,334,71928,365,1,68,-53,440,77,7374,2,233,77
08-28-20,Scott,160,0,156,0,4,0,174,0,3127,17,3301,17,0,2,-1,9,1,149,0,11,2
08-28-20,Sequatchie,161,2,160,2,1,0,186,2,3677,18,3863,20,0,1,0,16,2,144,0,9,1
08-28-20,Sevier,2224,8,2160,7,64,1,2481,8,20099,115,22580,123,0,11,-7,134,15,2079,0,80,14
08-28-20,Shelby,27236,225,27055,223,181,2,33514,282,294648,2146,328162,2428,1,378,31,1695,193,25163,13,2003,436
08-28-20,Smith,540,3,525,3,15,0,659,3,4232,25,4891,28,0,8,-2,31,5,501,0,24,8
08-28-20,Stewart,96,0,95,0,1,0,121,1,2126,9,2247,10,0,0,-1,7,1,89,0,6,1
08-28-20,Sullivan,1636,20,1555,17,81,3,1766,18,21729,149,23495,167,0,25,-2,365,22,1246,2,138,25
08-28-20,Sumner,4134,36,4109,36,25,0,4928,38,33526,193,38454,231,0,86,14,285,22,3763,1,351,89
08-28-20,Tipton,1473,7,1418,7,55,0,1735,12,16337,124,18072,136,1,15,-3,140,9,1318,1,84,18
08-28-20,Trousdale,1608,1,1605,1,3,0,1676,1,3809,17,5485,18,0,6,0,14,1,1588,0,21,6
08-28-20,Unicoi,218,1,215,1,3,0,250,2,4270,33,4520,35,0,1,-1,27,2,190,0,11,1
08-28-20,Union,232,2,223,2,9,0,252,2,3315,26,3567,28,0,1,-3,33,5,198,0,7,1
08-28-20,Van Buren,79,2,73,2,6,0,86,3,1065,15,1151,18,0,0,2,22,0,57,0,6,0
08-28-20,Warren,831,7,769,4,62,3,926,7,9933,45,10859,52,0,7,-15,158,22,666,0,14,8
08-28-20,Washington,1622,25,1581,25,41,0,1834,21,21797,142,23631,163,3,12,4,161,18,1449,0,78,12
08-28-20,Wayne,303,12,294,9,9,3,336,14,4529,14,4865,28,1,3,11,49,0,251,0,14,3
08-28-20,Weakley,855,9,796,8,59,1,937,7,7902,36,8839,43,0,11,-35,148,44,696,1,26,13
08-28-20,White,552,17,520,17,32,0,650,26,6732,61,7382,87,0,7,2,172,15,373,0,24,7
08-28-20,Williamson,4266,17,4241,17,25,0,5066,24,51436,226,56502,250,0,27,-21,325,38,3914,0,107,31
08-28-20,Wilson,2821,11,2810,11,11,0,3389,12,28993,188,32382,200,0,31,-15,214,26,2576,0,97,34
08-27-20,Anderson,885,3,866,3,19,0,1036,3,19191,408,20227,411,0,8,-16,76,19,801,0,36,8
08-27-20,Bedford,1102,27,1063,26,39,1,1308,30,9721,280,11029,310,0,14,20,103,7,985,1,45,15
08-27-20,Benton,244,7,237,7,7,0,263,7,3232,38,3495,45,0,4,3,51,4,189,0,17,5
08-27-20,Bledsoe,785,0,782,0,3,0,819,0,5533,54,6352,54,0,3,-2,15,2,767,0,17,4
08-27-20,Blount,2088,179,2050,179,38,0,2419,189,20513,831,22932,1020,0,17,147,393,32,1678,3,96,17
08-27-20,Bradley,2485,31,2424,30,61,1,2964,37,19399,581,22363,618,0,16,9,215,22,2254,2,139,17
08-27-20,Campbell,343,4,321,2,22,2,382,2,7909,167,8291,169,0,2,1,40,3,301,0,17,3
08-27-20,Cannon,198,7,187,7,11,0,244,7,2713,81,2957,88,0,0,6,23,1,175,0,6,0
08-27-20,Carroll,560,35,491,32,69,3,609,37,6870,136,7479,173,0,7,27,167,8,386,0,33,10
08-27-20,Carter,875,19,832,17,43,2,967,22,11310,139,12277,161,1,18,8,144,10,713,1,65,19
08-27-20,Cheatham,703,3,697,3,6,0,859,5,8194,109,9053,114,0,10,-4,51,7,642,0,27,10
08-27-20,Chester,401,18,354,18,47,0,447,21,3750,89,4197,110,0,4,2,77,16,320,0,15,6
08-27-20,Claiborne,351,7,328,7,23,0,391,7,7600,132,7991,139,0,3,6,34,1,314,0,17,4
08-27-20,Clay,120,3,112,1,8,2,128,4,1965,21,2093,25,0,0,2,16,1,104,1,5,2
08-27-20,Cocke,640,7,606,7,34,0,685,6,6092,106,6777,112,0,7,6,70,1,563,0,29,7
08-27-20,Coffee,737,10,683,7,54,3,899,12,13014,249,13913,261,0,6,4,134,6,597,1,26,7
08-27-20,Crockett,389,11,352,9,37,2,424,14,2295,45,2719,59,1,14,5,57,5,318,0,18,17
08-27-20,Cumberland,825,29,812,29,13,0,1008,37,17003,284,18011,321,0,8,-12,191,41,626,3,44,9
08-27-20,Davidson,24180,161,24079,159,101,2,30325,221,248008,3572,278333,3793,1,251,34,1167,126,22762,4,1035,268
08-27-20,Decatur,288,3,222,2,66,1,322,3,3793,76,4115,79,0,4,2,41,1,243,0,7,4
08-27-20,Dekalb,426,7,415,6,11,1,535,8,5864,91,6399,99,0,5,5,54,2,367,0,20,5
08-27-20,Dickson,909,20,844,15,65,5,1136,23,10632,193,11768,216,0,9,6,94,14,806,1,48,9
08-27-20,Dyer,942,34,888,32,54,2,1022,35,7751,197,8773,232,0,9,24,165,10,768,1,51,11
08-27-20,Fayette,935,19,921,19,14,0,1188,22,12374,236,13562,258,0,10,9,101,10,824,2,73,15
08-27-20,Fentress,201,13,178,11,23,2,224,14,2861,122,3085,136,0,0,1,64,12,137,0,13,2
08-27-20,Franklin,495,16,483,16,12,0,599,18,11065,742,11664,760,0,4,14,88,2,403,0,27,6
08-27-20,Gibson,1039,30,873,23,166,7,1133,34,10025,212,11158,246,0,13,13,172,17,854,0,45,13
08-27-20,Giles,449,1,446,1,3,0,542,1,6511,79,7053,80,0,14,0,24,1,411,0,30,14
08-27-20,Grainger,270,3,256,3,14,0,321,3,4460,52,4781,55,0,1,0,39,3,230,0,18,2
08-27-20,Greene,802,38,762,38,40,0,958,48,11305,353,12263,401,0,11,31,180,7,611,5,61,19
08-27-20,Grundy,149,3,146,3,3,0,173,3,1833,21,2006,24,0,2,2,12,1,135,0,20,3
08-27-20,Hamblen,1677,14,1601,13,76,1,1827,14,17086,181,18913,195,0,20,2,129,12,1528,0,81,23
08-27-20,Hamilton,7603,140,7478,137,125,3,8838,149,103502,1807,112340,1956,1,70,76,693,63,6840,4,334,76
08-27-20,Hancock,98,0,91,0,7,0,106,1,1501,10,1607,11,0,2,0,5,0,91,0,11,2
08-27-20,Hardeman,1240,15,1190,15,50,0,1417,21,10952,106,12369,127,0,22,1,116,14,1102,0,58,24
08-27-20,Hardin,687,22,589,18,98,4,770,23,8972,201,9742,224,0,9,6,132,16,546,0,23,12
08-27-20,Hawkins,656,9,643,9,13,0,762,17,7408,170,8170,187,0,12,-2,63,11,581,0,49,14
08-27-20,Haywood,773,11,738,10,35,1,827,14,4596,115,5423,129,0,10,-3,98,14,665,2,34,11
08-27-20,Henderson,846,20,697,19,149,1,1058,24,6089,159,7147,183,0,6,8,118,12,722,1,32,10
08-27-20,Henry,439,13,431,13,8,0,523,17,7257,159,7780,176,0,4,9,98,4,337,1,32,6
08-27-20,Hickman,368,7,358,7,10,0,459,9,5024,109,5483,118,1,3,3,62,3,303,1,12,3
08-27-20,Houston,95,8,92,8,3,0,107,8,1495,44,1602,52,0,0,6,20,2,75,0,9,0
08-27-20,Humphreys,163,6,151,6,12,0,186,6,3850,37,4036,43,0,3,6,17,0,143,0,4,3
08-27-20,Jackson,239,7,224,6,15,1,267,7,1880,26,2147,33,0,1,2,50,5,188,0,12,2
08-27-20,Jefferson,792,30,707,27,85,3,834,31,12394,259,13228,290,0,6,27,123,3,663,3,45,9
08-27-20,Johnson,406,6,403,6,3,0,443,6,4564,56,5007,62,0,1,0,40,6,365,0,13,1
08-27-20,Knox,6454,109,6239,105,215,4,7147,124,95644,1979,102791,2103,0,51,16,761,93,5642,2,278,57
08-27-20,Lake,820,2,818,2,2,0,1008,3,5058,29,6066,32,0,1,-1,20,3,799,0,6,2
08-27-20,Lauderdale,693,13,650,13,43,0,758,17,8084,172,8842,189,0,12,-20,92,33,589,0,38,12
08-27-20,Lawrence,739,25,732,25,7,0,870,25,8021,134,8891,159,0,9,19,95,6,635,0,29,10
08-27-20,Lewis,138,6,137,6,1,0,149,6,3064,51,3213,57,0,1,5,43,1,94,0,11,1
08-27-20,Lincoln,420,4,414,4,6,0,522,6,5790,81,6312,87,0,1,0,48,4,371,0,16,1
08-27-20,Loudon,907,22,881,22,26,0,997,23,9419,222,10416,245,0,3,17,117,5,787,1,29,4
08-27-20,Macon,919,13,910,13,9,0,1124,17,5507,63,6631,80,0,15,11,30,2,874,0,72,19
08-27-20,Madison,1769,61,1675,31,94,30,1966,66,19709,282,21675,348,2,36,29,-15,30,1748,5,132,46
08-27-20,Marion,348,7,345,7,3,0,431,9,4311,101,4742,110,0,6,3,53,4,289,0,30,6
08-27-20,Marshall,524,23,520,23,4,0,596,28,6655,186,7251,214,0,4,11,145,12,375,1,18,4
08-27-20,Maury,1717,46,1706,46,11,0,2016,49,18481,637,20497,686,1,14,28,246,17,1457,2,66,15
08-27-20,McMinn,802,18,792,18,10,0,937,19,11796,221,12733,240,0,21,8,138,10,643,0,49,23
08-27-20,McNairy,512,12,430,11,82,1,595,12,4874,90,5469,102,0,10,6,73,6,429,1,29,12
08-27-20,Meigs,152,7,148,6,4,1,182,6,2235,38,2417,44,0,2,7,30,0,120,0,7,2
08-27-20,Monroe,752,43,729,43,23,0,839,43,7421,255,8260,298,1,14,25,174,17,564,2,54,14
08-27-20,Montgomery,2485,50,2421,49,64,1,2842,57,31049,571,33891,628,0,28,35,230,15,2227,0,110,36
08-27-20,Moore,110,3,106,3,4,0,135,3,1520,20,1655,23,0,0,3,14,0,96,0,1,0
08-27-20,Morgan,227,14,217,14,10,0,251,17,6376,97,6627,114,0,1,11,54,3,172,0,5,2
08-27-20,Obion,820,22,805,22,15,0,907,22,7124,106,8031,128,1,7,2,98,19,715,0,36,9
08-27-20,Out of State,1605,21,1580,20,25,1,1827,29,206318,3735,208145,3764,1,26,13,87,7,1492,0,61,8
08-27-20,Overton,458,9,427,9,31,0,507,9,5094,105,5601,114,1,2,-9,119,17,337,1,15,2
08-27-20,Pending,557,20,533,18,24,2,649,23,137792,1896,138441,1919,0,4,12,77,8,476,0,7,1
08-27-20,Perry,103,2,94,2,9,0,115,3,2385,125,2500,128,0,0,2,12,0,91,0,5,0
08-27-20,Pickett,62,5,51,5,11,0,65,5,775,11,840,16,0,1,5,21,0,40,0,1,1
08-27-20,Polk,345,6,340,6,5,0,395,8,2897,43,3292,51,0,10,6,52,0,283,0,17,9
08-27-20,Putnam,2234,40,2160,37,74,3,2717,48,22082,318,24799,366,1,27,15,310,24,1897,2,83,30
08-27-20,Rhea,631,7,629,7,2,0,761,14,7788,191,8549,205,1,3,5,51,1,577,0,17,5
08-27-20,Roane,604,16,586,16,18,0,732,17,13330,209,14062,226,0,2,8,69,8,533,0,23,2
08-27-20,Robertson,1826,8,1815,8,11,0,2240,12,13223,182,15463,194,1,26,-5,112,12,1688,0,135,31
08-27-20,Rutherford,7857,78,7823,73,34,5,9614,100,61949,1075,71563,1175,0,67,18,493,60,7297,0,231,75
08-27-20,Scott,160,0,156,0,4,0,174,2,3110,54,3284,56,0,2,-2,10,2,148,0,11,2
08-27-20,Sequatchie,159,2,158,2,1,0,184,2,3659,30,3843,32,0,1,2,16,0,142,0,9,1
08-27-20,Sevier,2216,24,2153,24,63,0,2473,27,19984,293,22457,320,0,11,-1,141,25,2064,1,80,14
08-27-20,Shelby,27011,175,26832,166,179,9,33232,210,292502,3917,325734,4127,3,377,-12,1664,184,24970,5,1990,433
08-27-20,Smith,537,4,522,3,15,1,656,8,4207,63,4863,71,0,8,-2,33,6,496,0,24,8
08-27-20,Stewart,96,2,95,2,1,0,120,3,2117,20,2237,23,0,0,0,8,2,88,1,6,1
08-27-20,Sullivan,1616,41,1538,41,78,0,1748,59,21580,494,23328,553,3,25,19,367,19,1224,1,136,25
08-27-20,Sumner,4098,26,4073,26,25,0,4890,36,33333,580,38223,616,3,86,-7,271,30,3741,0,350,88
08-27-20,Tipton,1466,52,1411,43,55,9,1723,59,16213,283,17936,342,0,14,46,143,6,1309,1,83,18
08-27-20,Trousdale,1607,6,1604,6,3,0,1675,5,3792,37,5467,42,0,6,6,14,0,1587,1,21,6
08-27-20,Unicoi,217,5,214,5,3,0,248,5,4237,50,4485,55,0,1,0,28,5,188,1,11,1
08-27-20,Union,230,5,221,5,9,0,250,5,3289,93,3539,98,0,1,5,36,0,193,0,7,1
08-27-20,Van Buren,77,6,71,6,6,0,83,6,1050,35,1133,41,0,0,4,20,2,57,0,6,0
08-27-20,Warren,824,38,765,37,59,1,919,40,9888,175,10807,215,0,7,24,173,14,644,0,14,7
08-27-20,Washington,1597,15,1556,15,41,0,1813,21,21655,350,23468,371,1,9,-27,157,41,1431,0,78,12
08-27-20,Wayne,291,7,285,7,6,0,322,8,4515,50,4837,58,0,2,2,38,5,251,0,14,3
08-27-20,Weakley,846,27,788,25,58,2,930,29,7866,159,8796,188,0,11,8,183,19,652,1,25,13
08-27-20,White,535,37,503,36,32,1,624,41,6671,140,7295,181,0,7,25,170,12,358,1,24,7
08-27-20,Williamson,4249,51,4224,50,25,1,5042,58,51210,801,56252,859,0,27,19,346,32,3876,0,107,31
08-27-20,Wilson,2810,43,2799,42,11,1,3377,55,28805,447,32182,502,0,31,15,229,28,2550,0,97,34
08-26-20,Anderson,882,6,863,6,19,0,1033,6,18783,188,19816,194,0,8,-15,92,21,782,0,36,8
08-26-20,Bedford,1075,5,1037,5,38,0,1278,5,9441,52,10719,57,0,14,-11,83,16,978,0,44,14
08-26-20,Benton,237,6,230,6,7,0,256,7,3194,40,3450,47,0,4,5,48,1,185,0,17,4
08-26-20,Bledsoe,785,3,782,3,3,0,819,3,5479,12,6298,15,0,3,-4,17,7,765,0,17,4
08-26-20,Blount,1909,27,1871,27,38,0,2230,33,19682,168,21912,201,1,17,-4,246,30,1646,1,93,17
08-26-20,Bradley,2454,15,2394,15,60,0,2927,15,18818,136,21745,151,0,16,-19,206,34,2232,0,137,17
08-26-20,Campbell,339,7,319,5,20,2,380,9,7742,81,8122,90,0,2,2,39,5,298,0,17,3
08-26-20,Cannon,191,1,180,1,11,0,237,1,2632,27,2869,28,0,0,-2,17,3,174,0,6,0
08-26-20,Carroll,525,24,459,16,66,8,572,26,6734,129,7306,155,0,7,12,140,12,378,0,33,9
08-26-20,Carter,856,11,815,6,41,5,945,10,11171,50,12116,60,1,17,-7,136,17,703,0,64,19
08-26-20,Cheatham,700,3,694,3,6,0,854,3,8085,98,8939,101,0,10,-3,55,6,635,0,27,10
08-26-20,Chester,383,7,336,6,47,1,426,7,3661,48,4087,55,0,4,-7,75,14,304,0,15,4
08-26-20,Claiborne,344,4,321,4,23,0,384,5,7468,239,7852,244,0,3,0,28,4,313,0,17,4
08-26-20,Clay,117,3,111,3,6,0,124,3,1944,57,2068,60,0,0,0,14,3,103,0,4,2
08-26-20,Cocke,633,3,599,2,34,1,679,2,5986,39,6665,41,1,7,-7,64,9,562,0,29,7
08-26-20,Coffee,727,21,676,20,51,1,887,24,12765,327,13652,351,0,6,11,130,10,591,0,25,7
08-26-20,Crockett,378,11,343,5,35,6,410,12,2250,39,2660,51,0,13,10,52,1,313,0,18,17
08-26-20,Cumberland,796,12,783,11,13,1,971,15,16719,264,17690,279,0,8,-13,203,25,585,0,41,9
08-26-20,Davidson,24019,124,23920,124,99,0,30104,150,244436,2276,274540,2426,1,250,-43,1133,166,22636,7,1031,267
08-26-20,Decatur,285,5,220,3,65,2,319,5,3717,28,4036,33,0,4,3,39,2,242,0,7,4
08-26-20,Dekalb,419,11,409,9,10,2,527,13,5773,114,6300,127,0,5,7,49,4,365,1,20,5
08-26-20,Dickson,889,7,829,7,60,0,1113,7,10439,132,11552,139,1,9,-11,88,17,792,0,47,9
08-26-20,Dyer,908,18,856,15,52,3,987,19,7554,146,8541,165,0,9,1,141,17,758,1,50,11
08-26-20,Fayette,916,10,902,10,14,0,1166,10,12138,43,13304,53,0,10,-6,92,16,814,0,71,15
08-26-20,Fentress,188,6,167,2,21,4,210,7,2739,33,2949,40,0,0,1,63,5,125,0,13,1
08-26-20,Franklin,479,11,467,11,12,0,581,11,10323,347,10904,358,0,4,3,74,8,401,0,27,6
08-26-20,Gibson,1009,18,850,10,159,8,1099,22,9813,115,10912,137,0,13,2,159,16,837,0,45,13
08-26-20,Giles,448,4,445,4,3,0,541,5,6432,33,6973,38,0,14,0,24,4,410,0,30,14
08-26-20,Grainger,267,10,253,10,14,0,318,12,4408,84,4726,96,0,1,6,39,4,227,1,18,2
08-26-20,Greene,764,3,724,3,40,0,910,4,10952,88,11862,92,0,11,-8,149,11,604,1,56,17
08-26-20,Grundy,146,2,143,1,3,1,170,2,1812,14,1982,16,0,2,0,10,2,134,0,20,3
08-26-20,Hamblen,1663,12,1588,10,75,2,1813,11,16905,96,18718,107,0,20,-10,127,22,1516,0,81,23
08-26-20,Hamilton,7463,40,7341,38,122,2,8689,49,101695,635,110384,684,0,69,-36,617,76,6777,2,330,75
08-26-20,Hancock,98,0,91,0,7,0,105,0,1491,21,1596,21,0,2,0,5,0,91,0,11,2
08-26-20,Hardeman,1225,7,1175,6,50,1,1396,8,10846,36,12242,44,0,22,-23,115,30,1088,0,58,24
08-26-20,Hardin,665,12,571,11,94,1,747,13,8771,104,9518,117,0,9,1,126,11,530,0,23,12
08-26-20,Hawkins,647,5,634,5,13,0,745,2,7238,51,7983,53,0,12,-10,65,15,570,1,49,14
08-26-20,Haywood,762,8,728,6,34,2,813,11,4481,23,5294,34,0,10,-12,101,20,651,0,32,10
08-26-20,Henderson,826,8,678,5,148,3,1034,10,5930,38,6964,48,0,6,-5,110,13,710,0,31,10
08-26-20,Henry,426,7,418,7,8,0,506,8,7098,121,7604,129,0,4,0,89,7,333,0,31,5
08-26-20,Hickman,361,12,351,12,10,0,450,14,4915,26,5365,40,1,2,2,59,9,300,1,11,3
08-26-20,Houston,87,0,84,0,3,0,99,0,1451,4,1550,4,0,0,-2,14,2,73,0,9,0
08-26-20,Humphreys,157,2,145,2,12,0,180,2,3813,24,3993,26,0,3,2,11,0,143,0,4,3
08-26-20,Jackson,232,4,218,3,14,1,260,4,1854,38,2114,42,0,1,-6,48,10,183,0,12,2
08-26-20,Jefferson,762,7,680,6,82,1,803,7,12135,58,12938,65,0,6,-1,96,8,660,1,42,9
08-26-20,Johnson,400,1,397,1,3,0,437,1,4508,2,4945,3,0,1,-11,40,12,359,0,13,1
08-26-20,Knox,6345,76,6134,75,211,1,7023,92,93665,846,100688,938,0,51,-15,745,91,5549,3,276,56
08-26-20,Lake,818,0,816,0,2,0,1005,0,5029,31,6034,31,0,1,-2,21,2,796,0,6,1
08-26-20,Lauderdale,680,19,637,12,43,7,741,15,7912,90,8653,105,0,12,14,112,5,556,2,38,12
08-26-20,Lawrence,714,4,707,3,7,1,845,4,7887,63,8732,67,0,9,-11,76,15,629,0,29,9
08-26-20,Lewis,132,5,131,5,1,0,143,4,3013,23,3156,27,0,1,1,38,4,93,0,11,1
08-26-20,Lincoln,416,0,410,0,6,0,516,1,5709,18,6225,19,0,1,-4,48,4,367,0,16,1
08-26-20,Loudon,885,5,859,5,26,0,974,6,9197,77,10171,83,0,3,-7,100,12,782,0,28,4
08-26-20,Macon,906,2,897,2,9,0,1107,2,5444,71,6551,73,0,15,1,19,1,872,1,72,19
08-26-20,Madison,1708,40,1644,36,64,4,1900,41,19427,184,21327,225,0,34,-3,-44,43,1718,7,127,43
08-26-20,Marion,341,4,338,4,3,0,422,3,4210,22,4632,25,1,6,-4,50,7,285,0,30,6
08-26-20,Marshall,501,7,497,7,4,0,568,4,6469,45,7037,49,0,4,-2,134,9,363,0,17,4
08-26-20,Maury,1671,34,1660,34,11,0,1967,36,17844,227,19811,263,0,13,4,218,30,1440,1,64,15
08-26-20,McMinn,784,14,774,12,10,2,918,13,11575,136,12493,149,1,21,-5,130,18,633,0,49,23
08-26-20,McNairy,500,6,419,4,81,2,583,6,4784,66,5367,72,2,10,-6,67,10,423,0,28,12
08-26-20,Meigs,145,6,142,5,3,1,176,7,2197,14,2373,21,0,2,5,23,1,120,0,7,2
08-26-20,Monroe,709,16,686,10,23,6,796,10,7166,82,7962,92,1,13,10,149,5,547,0,52,14
08-26-20,Montgomery,2435,7,2372,6,63,1,2785,13,30478,195,33263,208,0,28,-17,195,24,2212,0,110,36
08-26-20,Moore,107,1,103,1,4,0,132,2,1500,16,1632,18,0,0,-2,11,3,96,0,1,0
08-26-20,Morgan,213,2,203,2,10,0,234,3,6279,50,6513,53,0,1,-4,43,6,169,0,5,2
08-26-20,Obion,798,9,783,8,15,1,885,10,7018,52,7903,62,0,6,-3,96,12,696,0,36,9
08-26-20,Out of State,1584,8,1560,8,24,0,1798,11,202583,1449,204381,1460,2,25,-8,74,14,1485,1,61,8
08-26-20,Overton,449,24,418,24,31,0,498,27,4989,131,5487,158,0,1,8,128,16,320,2,14,2
08-26-20,Pending,537,10,515,7,22,3,626,9,135896,862,136522,871,-1,4,2,65,9,468,0,7,1
08-26-20,Perry,101,2,92,2,9,0,112,1,2260,18,2372,19,0,0,1,10,1,91,0,5,0
08-26-20,Pickett,57,2,46,0,11,2,60,2,764,7,824,9,0,1,0,16,2,40,0,1,1
08-26-20,Polk,339,4,334,4,5,0,387,5,2854,17,3241,22,0,10,-5,46,9,283,0,17,9
08-26-20,Putnam,2194,48,2123,43,71,5,2669,63,21764,361,24433,424,2,26,7,295,39,1873,1,81,29
08-26-20,Rhea,624,6,622,6,2,0,747,6,7597,96,8344,102,0,2,3,46,3,576,0,17,5
08-26-20,Roane,588,8,570,8,18,0,715,9,13121,102,13836,111,0,2,2,61,6,525,0,23,2
08-26-20,Robertson,1818,7,1807,7,11,0,2228,8,13041,56,15269,64,0,25,-4,117,11,1676,0,135,31
08-26-20,Rutherford,7779,40,7750,40,29,0,9514,59,60874,671,70388,730,0,67,-29,475,69,7237,1,231,74
08-26-20,Scott,160,1,156,1,4,0,172,0,3056,23,3228,23,0,2,-4,12,5,146,0,11,2
08-26-20,Sequatchie,157,0,156,0,1,0,182,0,3629,18,3811,18,0,1,-3,14,3,142,0,9,1
08-26-20,Sevier,2192,10,2129,8,63,2,2446,10,19691,126,22137,136,0,11,-19,142,29,2039,1,79,14
08-26-20,Shelby,26836,192,26666,190,170,2,33022,251,288585,2016,321607,2267,4,374,-58,1676,246,24786,9,1985,431
08-26-20,Smith,533,1,519,1,14,0,648,2,4144,41,4792,43,0,8,-1,35,2,490,0,24,8
08-26-20,Stewart,94,0,93,0,1,0,117,0,2097,16,2214,16,0,0,0,8,0,86,0,5,0
08-26-20,Sullivan,1575,19,1497,19,78,0,1689,20,21086,129,22775,149,0,22,-10,348,29,1205,0,135,25
08-26-20,Sumner,4072,34,4047,33,25,1,4854,39,32753,317,37607,356,0,83,-1,278,35,3711,6,350,88
08-26-20,Tipton,1414,20,1368,20,46,0,1664,19,15930,107,17594,126,1,14,12,97,7,1303,1,82,18
08-26-20,Trousdale,1601,2,1598,2,3,0,1670,2,3755,18,5425,20,0,6,2,8,0,1587,1,20,6
08-26-20,Unicoi,212,0,209,0,3,0,243,0,4187,35,4430,35,0,1,-3,28,3,183,0,10,1
08-26-20,Union,225,2,216,2,9,0,245,2,3196,28,3441,30,0,1,-5,31,7,193,0,7,1
08-26-20,Van Buren,71,4,65,2,6,2,77,4,1015,23,1092,27,0,0,2,16,2,55,0,6,0
08-26-20,Warren,786,10,728,7,58,3,879,10,9713,120,10592,130,0,7,-4,149,14,630,0,14,7
08-26-20,Washington,1582,7,1541,7,41,0,1792,17,21305,103,23097,120,0,8,-12,184,19,1390,0,78,10
08-26-20,Wayne,284,5,278,5,6,0,314,5,4465,24,4779,29,0,2,1,36,4,246,0,14,3
08-26-20,Weakley,819,14,763,9,56,5,901,18,7707,147,8608,165,0,11,-5,175,19,633,1,24,13
08-26-20,White,498,15,467,9,31,6,583,18,6531,87,7114,105,0,7,8,145,7,346,0,23,7
08-26-20,Williamson,4198,36,4174,36,24,0,4984,41,50409,341,55393,382,0,27,-9,327,45,3844,1,107,31
08-26-20,Wilson,2767,14,2757,13,10,1,3322,18,28358,199,31680,217,1,31,-7,214,20,2522,0,97,34
08-25-20,Anderson,876,8,857,8,19,0,1027,8,18595,140,19622,148,0,8,-2,107,10,761,1,36,8
08-25-20,Bedford,1070,5,1032,5,38,0,1273,5,9389,172,10662,177,0,14,-5,94,10,962,0,44,14
08-25-20,Benton,231,6,224,6,7,0,249,7,3154,84,3403,91,1,4,-1,43,6,184,0,17,4
08-25-20,Bledsoe,782,1,779,1,3,0,816,2,5467,33,6283,35,0,3,-5,21,6,758,0,17,4
08-25-20,Blount,1882,9,1844,8,38,1,2197,10,19514,234,21711,244,1,16,-26,250,34,1616,1,92,17
08-25-20,Bradley,2439,27,2379,26,60,1,2912,35,18682,540,21594,575,0,16,-6,225,33,2198,1,137,17
08-25-20,Campbell,332,4,314,3,18,1,371,3,7661,53,8032,56,0,2,-1,37,5,293,0,17,3
08-25-20,Cannon,190,0,179,0,11,0,236,0,2605,15,2841,15,0,0,-1,19,1,171,0,6,0
08-25-20,Carroll,501,9,443,8,58,1,546,10,6605,203,7151,213,1,7,-4,128,12,366,0,33,9
08-25-20,Carter,845,29,809,28,36,1,935,36,11121,375,12056,411,2,16,17,143,10,686,1,64,18
08-25-20,Cheatham,697,6,691,6,6,0,851,6,7987,125,8838,131,0,10,1,58,5,629,0,27,10
08-25-20,Chester,376,3,330,3,46,0,419,4,3613,126,4032,130,0,4,1,82,2,290,0,15,4
08-25-20,Claiborne,340,1,317,0,23,1,379,1,7229,92,7608,93,1,3,-3,28,3,309,0,17,4
08-25-20,Clay,114,0,108,0,6,0,121,0,1887,20,2008,20,0,0,-2,14,2,100,0,4,1
08-25-20,Cocke,630,7,597,7,33,0,677,9,5947,88,6624,97,0,6,-3,71,10,553,0,29,7
08-25-20,Coffee,706,21,656,19,50,2,863,24,12438,246,13301,270,0,6,12,119,9,581,2,25,7
08-25-20,Crockett,367,2,338,2,29,0,398,2,2211,15,2609,17,1,13,-4,42,5,312,0,18,17
08-25-20,Cumberland,784,37,772,35,12,2,956,40,16455,225,17411,265,0,8,28,216,9,560,1,41,9
08-25-20,Davidson,23895,154,23796,154,99,0,29954,233,242160,3813,272114,4046,3,249,-5,1176,156,22470,4,1024,264
08-25-20,Decatur,280,7,217,6,63,1,314,8,3689,19,4003,27,0,4,1,36,6,240,0,7,4
08-25-20,Dekalb,408,4,400,4,8,0,514,6,5659,30,6173,36,0,5,-6,42,10,361,1,19,5
08-25-20,Dickson,882,10,822,9,60,1,1106,14,10307,169,11413,183,0,8,-6,99,16,775,1,47,9
08-25-20,Dyer,890,6,841,5,49,1,968,8,7408,62,8376,70,0,9,0,140,6,741,0,49,10
08-25-20,Fayette,906,20,892,20,14,0,1156,23,12095,102,13251,125,0,10,6,98,14,798,1,71,15
08-25-20,Fentress,182,20,165,16,17,4,203,20,2706,49,2909,69,0,0,15,62,5,120,2,13,1
08-25-20,Franklin,468,20,456,20,12,0,570,24,9976,395,10546,419,0,4,9,71,11,393,1,27,6
08-25-20,Gibson,991,10,840,10,151,0,1077,10,9698,98,10775,108,0,13,-4,157,14,821,0,45,13
08-25-20,Giles,444,1,441,1,3,0,536,1,6399,52,6935,53,0,14,-2,24,3,406,0,30,14
08-25-20,Grainger,257,5,243,5,14,0,306,6,4324,119,4630,125,0,1,5,33,0,223,0,17,2
08-25-20,Greene,761,20,721,18,40,2,906,26,10864,228,11770,254,1,11,8,157,11,593,2,55,16
08-25-20,Grundy,144,1,142,0,2,1,168,1,1798,37,1966,38,0,2,-1,10,2,132,0,20,3
08-25-20,Hamblen,1651,22,1578,21,73,1,1802,23,16809,412,18611,435,2,20,13,137,7,1494,0,81,23
08-25-20,Hamilton,7423,166,7303,164,120,2,8640,187,101060,3167,109700,3354,4,69,61,653,101,6701,2,328,72
08-25-20,Hancock,98,1,91,1,7,0,105,0,1470,25,1575,25,0,2,0,5,1,91,0,11,2
08-25-20,Hardeman,1218,11,1169,11,49,0,1388,13,10810,47,12198,60,0,22,-17,138,28,1058,1,58,24
08-25-20,Hardin,653,20,560,16,93,4,734,19,8667,64,9401,83,1,9,13,125,6,519,1,23,11
08-25-20,Hawkins,642,3,629,3,13,0,743,6,7187,134,7930,140,0,12,-15,75,18,555,0,48,13
08-25-20,Haywood,754,3,722,2,32,1,802,4,4458,32,5260,36,0,10,-17,113,20,631,0,32,10
08-25-20,Henderson,818,10,673,9,145,1,1024,14,5892,44,6916,58,0,6,0,115,10,697,0,31,10
08-25-20,Henry,419,7,411,7,8,0,498,8,6977,51,7475,59,0,4,0,89,7,326,1,31,5
08-25-20,Hickman,349,12,339,12,10,0,436,12,4889,127,5325,139,0,1,8,57,4,291,0,10,3
08-25-20,Houston,87,5,84,5,3,0,99,5,1447,10,1546,15,0,0,2,16,3,71,0,9,0
08-25-20,Humphreys,155,2,143,2,12,0,178,2,3789,35,3967,37,0,3,-2,9,4,143,0,4,3
08-25-20,Jackson,228,5,215,2,13,3,256,4,1816,21,2072,25,0,1,3,54,2,173,0,12,2
08-25-20,Jefferson,755,15,674,11,81,4,796,12,12077,394,12873,406,0,6,8,97,7,652,0,41,9
08-25-20,Johnson,399,8,396,8,3,0,436,8,4506,47,4942,55,0,1,-6,51,14,347,0,13,1
08-25-20,Knox,6269,83,6059,78,210,5,6931,88,92819,842,99750,930,2,51,-7,760,88,5458,3,273,55
08-25-20,Lake,818,1,816,1,2,0,1005,1,4998,40,6003,41,0,1,0,23,1,794,0,6,1
08-25-20,Lauderdale,661,25,625,25,36,0,726,27,7822,176,8548,203,0,12,15,98,10,551,0,36,12
08-25-20,Lawrence,710,10,704,10,6,0,841,11,7824,103,8665,114,1,9,1,87,8,614,0,29,9
08-25-20,Lewis,127,0,126,0,1,0,139,0,2990,20,3129,20,0,1,-4,37,4,89,0,11,1
08-25-20,Lincoln,416,6,410,5,6,1,515,8,5691,115,6206,123,0,1,2,52,4,363,0,16,1
08-25-20,Loudon,880,14,854,13,26,1,968,12,9120,108,10088,120,0,3,11,107,3,770,1,28,4
08-25-20,Macon,904,0,895,0,9,0,1105,0,5373,25,6478,25,1,15,-4,18,3,871,0,71,19
08-25-20,Madison,1668,25,1608,19,60,6,1859,26,19243,205,21102,231,3,34,-21,-41,43,1675,2,120,40
08-25-20,Marion,337,5,334,5,3,0,419,10,4188,62,4607,72,0,5,-6,54,11,278,2,30,6
08-25-20,Marshall,494,14,490,14,4,0,564,14,6424,140,6988,154,0,4,5,136,9,354,0,17,4
08-25-20,Maury,1637,22,1626,20,11,2,1931,21,17617,408,19548,429,2,13,5,214,15,1410,0,63,14
08-25-20,McMinn,770,11,762,11,8,0,905,13,11439,172,12344,185,0,20,1,135,10,615,0,49,23
08-25-20,McNairy,494,6,415,5,79,1,577,7,4718,36,5295,43,0,8,2,73,4,413,0,28,12
08-25-20,Meigs,139,4,137,4,2,0,169,3,2183,24,2352,27,0,2,4,18,0,119,1,7,2
08-25-20,Monroe,693,34,676,31,17,3,786,32,7084,109,7870,141,2,12,16,139,16,542,0,52,14
08-25-20,Montgomery,2428,29,2366,26,62,3,2772,31,30283,278,33055,309,1,28,-2,212,30,2188,1,110,35
08-25-20,Moore,106,1,102,1,4,0,130,2,1484,82,1614,84,0,0,-1,13,2,93,0,1,0
08-25-20,Morgan,211,3,201,3,10,0,231,0,6229,162,6460,162,0,1,1,47,2,163,0,5,2
08-25-20,Obion,789,8,775,8,14,0,875,8,6966,71,7841,79,1,6,-6,99,13,684,0,36,9
08-25-20,Out of State,1576,16,1552,14,24,2,1787,19,201134,2701,202921,2720,1,23,0,82,15,1471,1,60,8
08-25-20,Overton,425,12,394,9,31,3,471,16,4858,69,5329,85,0,1,7,120,5,304,0,12,1
08-25-20,Pending,527,10,508,8,19,2,617,10,135034,1320,135651,1330,-1,5,1,63,10,459,0,7,1
08-25-20,Perry,99,2,90,2,9,0,111,3,2242,26,2353,29,0,0,2,9,0,90,0,5,0
08-25-20,Pickett,55,7,46,5,9,2,58,8,757,3,815,11,0,1,7,16,0,38,1,1,1
08-25-20,Polk,335,5,330,5,5,0,382,5,2837,128,3219,133,0,10,1,51,4,274,1,17,9
08-25-20,Putnam,2146,51,2080,40,66,11,2606,61,21403,243,24009,304,1,24,20,288,30,1834,1,80,28
08-25-20,Rhea,618,4,616,4,2,0,741,6,7501,79,8242,85,0,2,-3,43,7,573,0,17,5
08-25-20,Roane,580,10,562,10,18,0,706,13,13019,215,13725,228,0,2,7,59,3,519,0,23,2
08-25-20,Robertson,1811,5,1800,5,11,0,2220,7,12985,284,15205,291,0,25,-7,121,12,1665,1,135,30
08-25-20,Rutherford,7739,90,7710,85,29,5,9455,108,60203,795,69658,903,3,67,11,504,76,7168,2,230,72
08-25-20,Scott,159,1,155,1,4,0,172,1,3033,30,3205,31,0,2,0,16,1,141,0,11,2
08-25-20,Sequatchie,157,0,156,0,1,0,182,0,3611,24,3793,24,0,1,-2,17,2,139,0,9,1
08-25-20,Sevier,2182,21,2121,21,61,0,2436,28,19565,296,22001,324,0,11,-1,161,22,2010,0,78,14
08-25-20,Shelby,26644,166,26476,151,168,15,32771,204,286569,3103,319340,3307,1,370,-48,1734,213,24540,18,1976,428
08-25-20,Smith,532,4,518,4,14,0,646,8,4103,66,4749,74,0,8,-1,36,5,488,1,24,8
08-25-20,Stewart,94,1,93,1,1,0,117,1,2081,11,2198,12,0,0,1,8,0,86,0,5,0
08-25-20,Sullivan,1556,21,1478,20,78,1,1669,21,20957,437,22626,458,0,22,11,358,10,1176,4,135,24
08-25-20,Sumner,4038,35,4014,34,24,1,4815,39,32436,463,37251,502,1,83,-9,279,43,3676,1,344,88
08-25-20,Tipton,1394,14,1348,8,46,6,1645,16,15823,106,17468,122,0,13,0,85,14,1296,0,81,16
08-25-20,Trousdale,1599,0,1596,0,3,0,1668,0,3737,50,5405,50,0,6,0,6,0,1587,0,19,6
08-25-20,Unicoi,212,2,209,2,3,0,243,4,4152,132,4395,136,0,1,0,31,2,180,0,10,1
08-25-20,Union,223,3,214,3,9,0,243,4,3168,35,3411,39,0,1,-2,36,5,186,0,7,1
08-25-20,Van Buren,67,0,63,0,4,0,73,0,992,17,1065,17,0,0,-2,14,2,53,0,6,0
08-25-20,Warren,776,27,721,25,55,2,869,30,9593,133,10462,163,0,7,17,153,10,616,0,14,7
08-25-20,Washington,1575,30,1534,30,41,0,1775,29,21202,471,22977,500,1,8,13,196,16,1371,1,78,10
08-25-20,Wayne,279,7,273,6,6,1,309,9,4441,30,4750,39,0,2,3,35,4,242,0,14,2
08-25-20,Weakley,805,18,754,18,51,0,883,21,7560,78,8443,99,2,11,-12,180,28,614,0,23,13
08-25-20,White,483,40,458,33,25,7,565,44,6444,155,7009,199,0,7,26,137,14,339,2,23,7
08-25-20,Williamson,4162,27,4138,25,24,2,4943,33,50068,685,55011,718,0,27,-19,336,46,3799,0,106,31
08-25-20,Wilson,2753,40,2744,40,9,0,3304,41,28159,374,31463,415,0,30,15,221,25,2502,0,97,34
08-24-20,Anderson,868,1,849,0,19,1,1019,0,18455,56,19474,56,0,8,-19,109,20,751,0,35,8
08-24-20,Bedford,1065,8,1027,8,38,0,1268,9,9217,127,10485,136,0,14,-2,99,10,952,0,44,14
08-24-20,Benton,225,1,218,1,7,0,242,1,3070,8,3312,9,0,3,-11,44,12,178,0,17,4
08-24-20,Bledsoe,781,0,778,0,3,0,814,1,5434,8,6248,9,0,3,-6,26,6,752,0,17,4
08-24-20,Blount,1873,19,1836,19,37,0,2187,23,19280,64,21467,87,0,15,-20,276,39,1582,1,91,17
08-24-20,Bradley,2412,3,2353,2,59,1,2877,2,18142,47,21019,49,0,16,-46,231,49,2165,1,136,17
08-24-20,Campbell,328,2,311,1,17,1,368,3,7608,16,7976,19,0,2,-6,38,8,288,0,17,3
08-24-20,Cannon,190,1,179,1,11,0,236,2,2590,3,2826,5,0,0,1,20,0,170,0,6,0
08-24-20,Carroll,492,5,435,4,57,1,536,4,6402,14,6938,18,0,6,-8,132,13,354,0,33,9
08-24-20,Carter,816,6,781,5,35,1,899,4,10746,11,11645,15,0,14,-26,126,32,676,0,63,17
08-24-20,Cheatham,691,1,685,1,6,0,845,1,7862,23,8707,24,0,10,-6,57,7,624,0,27,10
08-24-20,Chester,373,8,327,8,46,0,415,16,3487,7,3902,23,0,4,0,81,8,288,1,15,4
08-24-20,Claiborne,339,1,317,0,22,1,378,2,7137,13,7515,15,0,2,-11,31,12,306,0,17,4
08-24-20,Clay,114,0,108,0,6,0,121,0,1867,4,1988,4,0,0,-5,16,5,98,0,4,1
08-24-20,Cocke,623,5,590,5,33,0,668,6,5859,15,6527,21,0,6,-11,74,16,543,0,29,6
08-24-20,Coffee,685,3,637,1,48,2,839,2,12192,37,13031,39,1,6,-9,107,11,572,0,23,7
08-24-20,Crockett,365,4,336,4,29,0,396,4,2196,2,2592,6,0,12,0,46,4,307,0,18,16
08-24-20,Cumberland,747,2,737,0,10,2,916,1,16230,32,17146,33,1,8,-28,188,29,551,0,40,9
08-24-20,Davidson,23741,33,23642,33,99,0,29721,40,238347,737,268068,777,1,246,-202,1181,234,22314,0,1020,262
08-24-20,Decatur,273,0,211,0,62,0,306,0,3670,2,3976,2,0,4,-5,35,5,234,0,7,4
08-24-20,Dekalb,404,2,396,0,8,2,508,3,5629,13,6137,16,0,5,-3,48,5,351,0,18,5
08-24-20,Dickson,872,11,813,9,59,2,1092,11,10138,49,11230,60,1,8,-3,105,13,759,2,46,9
08-24-20,Dyer,884,4,836,3,48,1,960,2,7346,17,8306,19,0,9,-6,140,10,735,0,49,10
08-24-20,Fayette,886,2,872,2,14,0,1133,2,11993,39,13126,41,0,10,-8,92,10,784,0,70,15
08-24-20,Fentress,162,8,149,1,13,7,183,8,2657,12,2840,20,0,0,3,47,5,115,0,11,1
08-24-20,Franklin,448,3,436,3,12,0,546,4,9581,20,10127,24,0,4,-7,62,10,382,0,26,5
08-24-20,Gibson,981,2,830,1,151,1,1067,0,9600,16,10667,16,1,13,-19,161,20,807,0,45,13
08-24-20,Giles,443,2,440,2,3,0,535,3,6347,34,6882,37,0,14,-6,26,8,403,0,30,14
08-24-20,Grainger,252,0,238,0,14,0,300,0,4205,16,4505,16,0,1,-3,28,3,223,0,17,2
08-24-20,Greene,741,9,703,9,38,0,880,19,10636,145,11516,164,0,10,-22,149,31,582,2,53,15
08-24-20,Grundy,143,0,142,0,1,0,167,0,1761,0,1928,0,0,2,-5,11,5,130,0,20,3
08-24-20,Hamblen,1629,8,1557,7,72,1,1779,11,16397,39,18176,50,0,18,-8,124,16,1487,0,81,23
08-24-20,Hamilton,7257,31,7139,31,118,0,8453,31,97893,293,106346,324,4,65,-83,592,110,6600,2,326,72
08-24-20,Hancock,97,0,90,0,7,0,105,0,1445,2,1550,2,0,2,0,5,0,90,0,11,2
08-24-20,Hardeman,1207,0,1158,0,49,0,1375,1,10763,8,12138,9,0,22,-20,155,20,1030,0,57,24
08-24-20,Hardin,633,4,544,3,89,1,715,4,8603,16,9318,20,0,8,-4,112,8,513,0,22,11
08-24-20,Hawkins,639,1,626,1,13,0,737,2,7053,15,7790,17,0,12,-15,90,16,537,1,48,13
08-24-20,Haywood,751,2,720,2,31,0,798,2,4426,10,5224,12,0,10,-34,130,36,611,0,32,10
08-24-20,Henderson,808,5,664,4,144,1,1010,5,5848,17,6858,22,0,6,-10,115,15,687,0,31,9
08-24-20,Henry,412,3,404,3,8,0,490,3,6926,14,7416,17,0,4,-2,89,5,319,0,30,4
08-24-20,Hickman,337,0,327,0,10,0,424,0,4762,23,5186,23,0,1,-6,49,6,287,0,10,2
08-24-20,Houston,82,0,79,0,3,0,94,0,1437,1,1531,1,0,0,-1,14,1,68,0,9,0
08-24-20,Humphreys,153,2,141,2,12,0,176,2,3754,9,3930,11,0,3,0,11,2,139,0,4,3
08-24-20,Jackson,223,1,213,0,10,1,252,1,1795,2,2047,3,0,1,-7,51,8,171,0,12,2
08-24-20,Jefferson,740,5,663,4,77,1,784,4,11683,30,12467,34,1,6,-13,89,17,645,0,41,7
08-24-20,Johnson,391,1,388,1,3,0,428,0,4459,1,4887,1,0,1,-8,57,9,333,0,13,1
08-24-20,Knox,6186,32,5981,28,205,4,6843,29,91977,308,98820,337,0,49,-69,767,101,5370,1,270,55
08-24-20,Lake,817,2,815,2,2,0,1004,2,4958,6,5962,8,0,1,1,23,1,793,0,6,1
08-24-20,Lauderdale,636,8,600,3,36,5,699,3,7646,15,8345,18,0,12,-4,83,12,541,0,36,12
08-24-20,Lawrence,700,9,694,9,6,0,830,7,7721,26,8551,33,0,8,-5,86,14,606,0,29,9
08-24-20,Lewis,127,1,126,0,1,1,139,0,2970,3,3109,3,0,1,-2,41,3,85,1,11,1
08-24-20,Lincoln,410,0,405,0,5,0,507,0,5576,4,6083,4,0,1,-5,50,5,359,0,16,1
08-24-20,Loudon,866,6,841,5,25,1,956,5,9012,29,9968,34,0,3,-10,96,16,767,0,27,4
08-24-20,Macon,904,3,895,3,9,0,1105,3,5348,6,6453,9,0,14,0,22,3,868,0,71,19
08-24-20,Madison,1643,11,1589,11,54,0,1833,13,19038,37,20871,50,0,31,-28,-20,39,1632,1,118,40
08-24-20,Marion,332,1,329,1,3,0,409,2,4126,9,4535,11,0,5,-4,60,5,267,0,28,6
08-24-20,Marshall,480,1,476,1,4,0,550,2,6284,22,6834,24,0,4,-15,131,16,345,0,17,4
08-24-20,Maury,1615,8,1606,8,9,0,1910,9,17209,62,19119,71,0,11,-20,209,28,1395,0,63,14
08-24-20,McMinn,759,5,751,5,8,0,892,5,11267,15,12159,20,0,20,-8,134,13,605,0,49,23
08-24-20,McNairy,488,2,410,0,78,2,570,3,4682,19,5252,22,1,8,-12,71,13,409,0,28,12
08-24-20,Meigs,135,0,133,0,2,0,166,1,2159,4,2325,5,0,2,-1,14,1,119,0,6,2
08-24-20,Monroe,659,12,645,12,14,0,754,14,6975,26,7729,40,0,10,0,123,12,526,2,52,14
08-24-20,Montgomery,2399,12,2340,2,59,10,2741,3,30005,60,32746,63,3,27,-25,214,34,2158,1,109,35
08-24-20,Moore,105,1,101,0,4,1,128,1,1402,5,1530,6,0,0,-1,14,2,91,0,1,0
08-24-20,Morgan,208,1,198,0,10,1,231,1,6067,15,6298,16,0,1,-2,46,3,161,0,5,2
08-24-20,Obion,781,2,767,2,14,0,867,2,6895,17,7762,19,0,5,-20,105,22,671,0,36,7
08-24-20,Out of State,1560,13,1538,13,22,0,1768,15,198433,690,200201,705,1,22,-17,82,29,1456,0,59,7
08-24-20,Overton,413,11,385,1,28,10,455,13,4789,18,5244,31,0,1,-9,113,20,299,0,12,1
08-24-20,Pending,517,6,500,3,17,3,607,6,133714,337,134321,343,1,6,-9,62,14,449,0,7,1
08-24-20,Perry,97,0,88,0,9,0,108,0,2216,2,2324,2,0,0,-2,7,2,90,0,5,0
08-24-20,Pickett,48,3,41,0,7,3,50,3,754,4,804,7,0,1,3,9,0,38,0,0,1
08-24-20,Polk,330,0,325,0,5,0,377,0,2709,10,3086,10,0,10,-4,50,4,270,0,16,9
08-24-20,Putnam,2095,26,2040,7,55,19,2545,28,21160,26,23705,54,0,23,-18,268,44,1804,0,79,28
08-24-20,Rhea,614,4,612,4,2,0,735,5,7422,30,8157,35,0,2,-8,46,12,566,0,17,5
08-24-20,Roane,570,2,552,2,18,0,693,2,12804,35,13497,37,0,2,-10,52,12,516,0,23,2
08-24-20,Robertson,1806,6,1795,3,11,3,2213,4,12701,105,14914,109,0,25,-9,128,15,1653,0,134,30
08-24-20,Rutherford,7649,26,7625,22,24,4,9347,32,59408,254,68755,286,0,64,-55,493,81,7092,1,228,71
08-24-20,Scott,158,1,154,0,4,1,171,0,3003,10,3174,10,0,2,-2,16,3,140,0,11,2
08-24-20,Sequatchie,157,0,156,0,1,0,182,0,3587,17,3769,17,0,1,-2,19,2,137,0,9,1
08-24-20,Sevier,2161,3,2100,3,61,0,2408,6,19269,72,21677,78,0,11,-23,162,26,1988,1,78,13
08-24-20,Shelby,26478,121,26325,119,153,2,32567,151,283466,1389,316033,1540,0,369,-139,1782,260,24327,12,1958,426
08-24-20,Smith,528,3,514,0,14,3,638,3,4037,6,4675,9,0,8,0,37,3,483,0,23,8
08-24-20,Stewart,93,2,92,1,1,1,116,1,2070,9,2186,10,0,0,1,7,1,86,0,5,0
08-24-20,Sullivan,1535,17,1458,17,77,0,1648,16,20520,69,22168,85,0,22,0,347,17,1166,2,131,23
08-24-20,Sumner,4003,14,3980,12,23,2,4776,13,31973,131,36749,144,0,82,-21,288,35,3633,2,343,85
08-24-20,Tipton,1380,5,1340,5,40,0,1629,8,15717,60,17346,68,0,13,-8,85,13,1282,2,81,16
08-24-20,Trousdale,1599,0,1596,0,3,0,1668,0,3687,3,5355,3,0,6,-1,6,1,1587,0,19,6
08-24-20,Unicoi,210,1,207,1,3,0,239,1,4020,2,4259,3,0,1,-3,31,4,178,1,10,1
08-24-20,Union,220,1,211,1,9,0,239,1,3133,11,3372,12,1,1,-3,38,3,181,0,7,1
08-24-20,Van Buren,67,5,63,2,4,3,73,5,975,7,1048,12,0,0,1,16,4,51,2,6,0
08-24-20,Warren,749,5,696,3,53,2,839,7,9460,13,10299,20,0,7,-14,136,19,606,1,14,7
08-24-20,Washington,1545,10,1504,10,41,0,1746,8,20731,26,22477,34,1,7,-19,183,28,1355,1,77,9
08-24-20,Wayne,272,2,267,2,5,0,300,3,4411,1,4711,4,0,2,2,32,0,238,0,14,2
08-24-20,Weakley,787,3,736,3,51,0,862,3,7482,19,8344,22,2,9,-17,192,18,586,0,23,13
08-24-20,White,443,8,425,4,18,4,521,8,6289,59,6810,67,0,7,-3,111,11,325,0,21,7
08-24-20,Williamson,4135,16,4113,16,22,0,4910,16,49383,212,54293,228,0,27,-40,355,56,3753,0,106,31
08-24-20,Wilson,2713,5,2704,5,9,0,3263,5,27785,81,31048,86,1,30,-36,206,40,2477,0,97,34
08-23-20,Anderson,867,1,849,1,18,0,1019,2,18399,80,19418,82,0,8,-5,128,6,731,0,35,8
08-23-20,Bedford,1057,16,1019,12,38,4,1259,17,9090,135,10349,152,0,14,12,101,4,942,0,44,14
08-23-20,Benton,224,0,217,0,7,0,241,0,3062,12,3303,12,0,3,-2,55,2,166,0,17,4
08-23-20,Bledsoe,781,3,778,3,3,0,813,3,5426,48,6239,51,0,3,1,32,2,746,0,17,4
08-23-20,Blount,1854,7,1817,5,37,2,2164,4,19216,79,21380,83,0,15,-14,296,21,1543,1,90,16
08-23-20,Bradley,2409,25,2351,24,58,1,2875,30,18095,517,20970,547,0,16,10,277,15,2116,0,135,17
08-23-20,Campbell,326,1,310,0,16,1,365,0,7592,172,7957,172,0,2,-1,44,2,280,1,17,2
08-23-20,Cannon,189,0,178,0,11,0,234,0,2587,6,2821,6,0,0,-3,19,3,170,0,6,0
08-23-20,Carroll,487,7,431,7,56,0,532,6,6388,41,6920,47,0,6,3,140,4,341,2,33,8
08-23-20,Carter,810,7,776,6,34,1,895,6,10735,21,11630,27,0,14,1,152,6,644,0,63,14
08-23-20,Cheatham,690,3,684,3,6,0,844,4,7839,66,8683,70,0,10,-2,63,5,617,0,27,10
08-23-20,Chester,365,5,319,3,46,2,399,5,3480,16,3879,21,0,4,0,81,5,280,0,14,4
08-23-20,Claiborne,338,2,317,2,21,0,376,2,7124,38,7500,40,0,2,-1,42,3,294,0,17,4
08-23-20,Clay,114,1,108,1,6,0,121,1,1863,2,1984,3,0,0,0,21,1,93,0,4,1
08-23-20,Cocke,618,5,585,3,33,2,662,4,5844,29,6506,33,0,6,-1,85,6,527,0,29,6
08-23-20,Coffee,682,4,636,3,46,1,837,6,12155,67,12992,73,0,5,-6,116,10,561,0,23,6
08-23-20,Crockett,361,6,332,6,29,0,392,5,2194,18,2586,23,0,12,5,46,1,303,0,18,16
08-23-20,Cumberland,745,3,737,3,8,0,915,2,16198,29,17113,31,0,7,-5,216,8,522,2,40,9
08-23-20,Davidson,23708,66,23609,66,99,0,29681,79,237610,1299,267291,1378,0,245,-52,1383,118,22080,3,1020,260
08-23-20,Decatur,273,3,211,3,62,0,306,3,3668,50,3974,53,0,4,-2,40,5,229,0,7,4
08-23-20,Dekalb,402,2,396,2,6,0,505,1,5616,29,6121,30,0,5,1,51,1,346,0,18,5
08-23-20,Dickson,861,7,804,2,57,5,1081,7,10089,105,11170,112,0,7,0,108,7,746,0,44,9
08-23-20,Dyer,880,9,833,9,47,0,958,11,7329,33,8287,44,0,9,4,146,5,725,0,49,10
08-23-20,Fayette,884,9,870,9,14,0,1131,11,11954,76,13085,87,0,10,5,100,4,774,1,70,15
08-23-20,Fentress,154,3,148,3,6,0,175,4,2645,11,2820,15,0,0,1,44,2,110,1,11,1
08-23-20,Franklin,445,3,433,3,12,0,542,2,9561,151,10103,153,0,4,0,69,3,372,0,26,5
08-23-20,Gibson,979,15,829,15,150,0,1067,15,9584,56,10651,71,0,12,2,180,13,787,0,45,13
08-23-20,Giles,441,0,438,0,3,0,532,1,6313,19,6845,20,0,14,-6,32,6,395,0,30,14
08-23-20,Grainger,252,3,238,3,14,0,300,3,4189,142,4489,145,0,1,0,31,3,220,0,17,1
08-23-20,Greene,732,9,694,9,38,0,861,1,10491,24,11352,25,0,10,-4,171,13,551,2,51,14
08-23-20,Grundy,143,1,142,1,1,0,167,1,1761,10,1928,11,0,2,-1,16,2,125,1,20,3
08-23-20,Hamblen,1621,2,1550,2,71,0,1768,1,16358,34,18126,35,0,18,-7,132,9,1471,1,81,23
08-23-20,Hamilton,7226,37,7108,36,118,1,8422,38,97600,2133,106022,2171,0,61,-49,675,86,6490,1,324,72
08-23-20,Hancock,97,0,90,0,7,0,105,0,1443,3,1548,3,0,2,0,5,0,90,0,11,2
08-23-20,Hardeman,1207,11,1158,11,49,0,1374,11,10755,43,12129,54,0,22,8,175,3,1010,0,57,24
08-23-20,Hardin,629,5,541,2,88,3,711,6,8587,32,9298,38,0,8,3,116,2,505,0,22,11
08-23-20,Hawkins,638,4,625,4,13,0,735,5,7038,29,7773,34,0,12,-7,105,11,521,1,47,13
08-23-20,Haywood,749,6,718,6,31,0,796,9,4416,12,5212,21,0,10,-7,164,13,575,0,32,10
08-23-20,Henderson,803,2,660,2,143,0,1005,2,5831,18,6836,20,0,6,-2,125,4,672,0,31,9
08-23-20,Henry,409,1,401,1,8,0,487,0,6912,30,7399,30,0,4,-4,91,5,314,0,30,4
08-23-20,Hickman,337,1,327,0,10,1,424,1,4739,31,5163,32,0,1,-6,55,7,281,0,10,1
08-23-20,Houston,82,1,79,0,3,1,94,1,1436,6,1530,7,0,0,0,15,1,67,0,9,0
08-23-20,Humphreys,151,1,139,1,12,0,174,1,3745,9,3919,10,0,3,-1,11,2,137,0,4,3
08-23-20,Jackson,222,3,213,3,9,0,251,3,1793,11,2044,14,0,1,3,58,0,163,0,12,2
08-23-20,Jefferson,735,13,659,12,76,1,780,14,11653,39,12433,53,0,5,9,102,4,628,2,41,7
08-23-20,Johnson,390,1,387,1,3,0,428,1,4458,3,4886,4,0,1,-6,65,7,324,0,13,1
08-23-20,Knox,6154,77,5953,75,201,2,6814,75,91669,525,98483,600,0,49,14,836,63,5269,3,269,55
08-23-20,Lake,815,4,813,4,2,0,1002,4,4952,24,5954,28,0,1,4,22,0,792,0,6,1
08-23-20,Lauderdale,628,7,597,7,31,0,696,8,7631,103,8327,111,0,12,3,87,4,529,0,36,12
08-23-20,Lawrence,691,2,685,2,6,0,823,2,7695,38,8518,40,0,8,-3,91,5,592,0,29,9
08-23-20,Lewis,126,2,126,2,0,0,139,2,2967,10,3106,12,0,1,1,43,1,82,0,10,1
08-23-20,Lincoln,410,2,405,2,5,0,507,1,5572,63,6079,64,0,1,-2,55,4,354,0,16,1
08-23-20,Loudon,860,7,836,7,24,0,951,8,8983,39,9934,47,0,3,3,106,4,751,0,27,4
08-23-20,Macon,901,0,892,0,9,0,1102,0,5342,10,6444,10,0,14,-2,22,2,865,0,71,18
08-23-20,Madison,1632,19,1578,16,54,3,1820,21,19001,137,20821,158,0,31,3,8,16,1593,1,117,39
08-23-20,Marion,331,3,328,3,3,0,407,3,4117,25,4524,28,0,5,1,64,2,262,1,28,6
08-23-20,Marshall,479,17,475,16,4,1,548,16,6262,39,6810,55,0,4,13,146,4,329,1,17,4
08-23-20,Maury,1607,19,1598,18,9,1,1901,22,17147,137,19048,159,0,11,5,229,14,1367,1,63,13
08-23-20,McMinn,754,11,746,11,8,0,887,12,11252,109,12139,121,0,20,6,142,5,592,1,49,23
08-23-20,McNairy,486,7,410,6,76,1,567,7,4663,17,5230,24,0,7,4,83,3,396,0,28,11
08-23-20,Meigs,135,0,133,0,2,0,165,0,2155,11,2320,11,0,2,-2,15,2,118,0,6,2
08-23-20,Monroe,647,4,633,4,14,0,740,4,6949,28,7689,32,0,10,-4,123,8,514,0,50,13
08-23-20,Montgomery,2387,15,2338,14,49,1,2738,17,29945,313,32683,330,0,24,-5,239,20,2124,0,108,34
08-23-20,Moore,104,2,101,2,3,0,127,4,1397,103,1524,107,0,0,0,15,2,89,0,1,0
08-23-20,Morgan,207,1,198,1,9,0,230,2,6052,18,6282,20,0,1,-1,48,2,158,0,5,2
08-23-20,Obion,779,9,765,9,14,0,865,10,6878,44,7743,54,0,5,0,125,9,649,1,36,6
08-23-20,Out of State,1547,6,1525,4,22,2,1753,5,197743,729,199496,734,0,21,-5,99,11,1427,0,59,7
08-23-20,Overton,402,3,384,3,18,0,442,3,4771,10,5213,13,0,1,-1,122,4,279,0,12,1
08-23-20,Pending,511,4,497,4,14,0,601,6,133377,633,133978,639,-1,5,-5,71,10,435,0,7,1
08-23-20,Perry,97,1,88,0,9,1,108,1,2214,4,2322,5,0,0,-1,9,2,88,0,5,0
08-23-20,Pickett,45,0,41,0,4,0,47,1,750,0,797,1,0,1,-1,6,1,38,0,0,1
08-23-20,Polk,330,5,325,5,5,0,377,5,2699,214,3076,219,0,10,3,54,2,266,0,16,9
08-23-20,Putnam,2069,6,2033,6,36,0,2517,7,21134,65,23651,72,0,23,-12,286,18,1760,0,79,26
08-23-20,Rhea,610,1,608,1,2,0,730,1,7392,54,8122,55,0,2,-4,54,5,554,0,17,5
08-23-20,Roane,568,1,550,1,18,0,691,2,12769,39,13460,41,0,2,-9,62,10,504,0,23,2
08-23-20,Robertson,1800,1,1792,1,8,0,2209,1,12596,42,14805,43,0,25,-9,137,10,1638,0,134,30
08-23-20,Rutherford,7623,27,7603,26,20,1,9315,28,59154,324,68469,352,0,64,-26,548,53,7011,0,227,69
08-23-20,Scott,157,0,154,0,3,0,171,0,2993,13,3164,13,0,2,0,18,0,137,0,11,2
08-23-20,Sequatchie,157,2,156,2,1,0,182,2,3570,30,3752,32,0,1,1,21,1,135,0,9,1
08-23-20,Sevier,2158,3,2097,3,61,0,2402,3,19197,45,21599,48,0,11,-11,185,14,1962,2,77,13
08-23-20,Shelby,26357,128,26206,116,151,12,32416,182,282077,2348,314493,2530,5,369,0,1921,123,24067,7,1946,419
08-23-20,Smith,525,0,514,0,11,0,635,0,4031,18,4666,18,0,8,-1,37,1,480,0,23,8
08-23-20,Stewart,91,0,91,0,0,0,115,1,2061,12,2176,13,0,0,0,6,0,85,0,5,0
08-23-20,Sullivan,1518,6,1441,6,77,0,1632,6,20451,394,22083,400,0,22,-7,347,13,1149,0,129,23
08-23-20,Sumner,3989,17,3968,16,21,1,4763,19,31842,148,36605,167,0,82,-8,309,25,3598,1,341,85
08-23-20,Tipton,1375,15,1335,4,40,11,1621,21,15657,89,17278,110,0,13,10,93,5,1269,0,79,16
08-23-20,Trousdale,1599,0,1596,0,3,0,1668,0,3684,17,5352,17,0,6,0,7,0,1586,0,19,6
08-23-20,Unicoi,209,0,206,0,3,0,238,0,4018,4,4256,4,0,1,-3,34,3,174,0,9,1
08-23-20,Union,219,2,210,2,9,0,238,2,3122,21,3360,23,0,0,-1,41,3,178,0,7,1
08-23-20,Van Buren,62,0,61,0,1,0,68,1,968,4,1036,5,0,0,0,15,0,47,0,4,0
08-23-20,Warren,744,8,693,8,51,0,832,11,9447,21,10279,32,0,7,2,150,6,587,1,13,7
08-23-20,Washington,1535,10,1494,9,41,1,1738,10,20705,72,22443,82,0,6,1,202,9,1327,2,76,7
08-23-20,Wayne,270,4,265,4,5,0,297,4,4410,9,4707,13,0,2,3,30,1,238,0,14,2
08-23-20,Weakley,784,3,733,3,51,0,859,4,7463,33,8322,37,0,7,-12,209,15,568,0,23,11
08-23-20,White,435,8,421,8,14,0,513,8,6230,28,6743,36,0,7,3,114,5,314,0,21,7
08-23-20,Williamson,4119,22,4097,22,22,0,4894,24,49171,327,54065,351,0,27,-14,395,36,3697,1,106,31
08-23-20,Wilson,2708,10,2699,10,9,0,3258,11,27704,158,30962,169,0,29,-11,242,21,2437,0,97,33
08-22-20,Anderson,866,18,848,18,18,0,1017,19,18319,535,19336,554,1,8,10,133,7,725,1,35,8
08-22-20,Bedford,1041,12,1007,12,34,0,1242,15,8955,359,10197,374,1,14,4,89,7,938,0,44,14
08-22-20,Benton,224,12,217,11,7,1,241,14,3050,204,3291,218,0,3,10,57,2,164,0,17,4
08-22-20,Bledsoe,778,4,775,4,3,0,810,5,5378,51,6188,56,0,3,4,31,0,744,0,17,4
08-22-20,Blount,1847,36,1812,34,35,2,2160,38,19137,459,21297,497,0,15,8,310,28,1522,1,89,16
08-22-20,Bradley,2384,37,2327,37,57,0,2845,40,17578,616,20423,656,0,16,11,267,26,2101,1,135,17
08-22-20,Campbell,325,8,310,7,15,1,365,6,7420,308,7785,314,0,2,6,45,2,278,0,16,2
08-22-20,Cannon,189,5,178,5,11,0,234,6,2581,58,2815,64,0,0,3,22,2,167,0,6,0
08-22-20,Carroll,480,26,424,24,56,2,526,30,6347,408,6873,438,0,6,19,137,7,337,0,31,7
08-22-20,Carter,803,25,770,24,33,1,889,28,10714,214,11603,242,0,14,11,151,14,638,1,63,14
08-22-20,Cheatham,687,8,681,7,6,1,840,11,7773,208,8613,219,1,10,3,65,4,612,0,27,10
08-22-20,Chester,360,11,316,8,44,3,394,11,3464,425,3858,436,0,4,0,81,11,275,1,14,4
08-22-20,Claiborne,336,8,315,8,21,0,374,12,7086,203,7460,215,0,2,3,43,5,291,0,17,4
08-22-20,Clay,113,3,107,3,6,0,120,4,1861,63,1981,67,0,0,1,21,2,92,0,4,1
08-22-20,Cocke,613,12,582,12,31,0,658,11,5815,136,6473,147,0,6,-2,86,14,521,0,29,6
08-22-20,Coffee,678,20,633,19,45,1,831,25,12088,383,12919,408,0,5,17,122,3,551,0,23,6
08-22-20,Crockett,355,3,326,2,29,1,387,3,2176,55,2563,58,0,12,0,41,3,302,0,18,15
08-22-20,Cumberland,742,26,734,26,8,0,913,33,16169,644,17082,677,0,7,16,221,10,514,0,38,9
08-22-20,Davidson,23642,144,23543,140,99,4,29602,207,236311,5592,265913,5799,0,245,2,1435,142,21962,8,1017,258
08-22-20,Decatur,270,5,208,5,62,0,303,5,3618,166,3921,171,0,4,3,42,2,224,0,7,4
08-22-20,Dekalb,400,9,394,9,6,0,504,12,5587,136,6091,148,0,5,6,50,3,345,2,18,5
08-22-20,Dickson,854,16,802,13,52,3,1074,22,9984,265,11058,287,0,7,9,108,7,739,1,44,9
08-22-20,Dyer,871,33,824,32,47,1,947,34,7296,296,8243,330,0,9,19,142,14,720,0,49,10
08-22-20,Fayette,875,8,861,7,14,1,1120,12,11878,214,12998,226,0,10,1,95,7,770,0,69,15
08-22-20,Fentress,151,5,145,5,6,0,171,5,2634,73,2805,78,0,0,5,43,0,108,0,10,1
08-22-20,Franklin,442,5,430,5,12,0,540,7,9410,493,9950,500,0,4,-4,69,9,369,0,26,5
08-22-20,Gibson,964,23,814,22,150,1,1052,27,9528,301,10580,328,1,12,13,178,9,774,0,45,13
08-22-20,Giles,441,1,438,1,3,0,531,1,6294,169,6825,170,0,14,-2,38,3,389,0,30,14
08-22-20,Grainger,249,3,235,2,14,1,297,1,4047,201,4344,202,0,1,-2,31,5,217,2,17,1
08-22-20,Greene,723,27,685,26,38,1,860,27,10467,435,11327,462,0,10,12,175,15,538,1,49,12
08-22-20,Grundy,142,1,141,1,1,0,166,1,1751,52,1917,53,0,2,0,17,1,123,1,19,3
08-22-20,Hamblen,1619,15,1548,15,71,0,1767,12,16324,954,18091,966,1,18,2,139,12,1462,0,80,23
08-22-20,Hamilton,7189,115,7072,115,117,0,8384,131,95467,1885,103851,2016,0,61,29,724,86,6404,0,323,71
08-22-20,Hancock,97,0,90,0,7,0,105,0,1440,47,1545,47,0,2,-1,5,1,90,0,11,2
08-22-20,Hardeman,1196,14,1147,12,49,2,1363,18,10712,422,12075,440,0,22,2,167,12,1007,1,57,23
08-22-20,Hardin,624,30,539,27,85,3,705,35,8555,376,9260,411,0,8,25,113,5,503,1,22,10
08-22-20,Hawkins,634,8,621,8,13,0,730,9,7009,182,7739,191,0,12,-3,112,11,510,1,46,13
08-22-20,Haywood,743,37,712,36,31,1,787,39,4404,183,5191,222,0,10,28,171,9,562,1,32,10
08-22-20,Henderson,801,15,658,14,143,1,1003,37,5813,258,6816,295,1,6,6,127,8,668,0,31,8
08-22-20,Henry,408,36,400,36,8,0,487,38,6882,255,7369,293,0,4,33,95,3,309,0,30,4
08-22-20,Hickman,336,5,327,5,9,0,423,5,4708,256,5131,261,0,1,4,61,1,274,2,10,1
08-22-20,Houston,81,1,79,1,2,0,93,1,1430,41,1523,42,0,0,1,15,0,66,0,9,0
08-22-20,Humphreys,150,2,138,2,12,0,173,2,3736,113,3909,115,0,3,1,12,1,135,0,4,3
08-22-20,Jackson,219,1,210,1,9,0,248,2,1782,22,2030,24,0,1,0,55,1,163,0,12,2
08-22-20,Jefferson,722,20,647,20,75,0,766,22,11614,693,12380,715,0,5,8,93,12,624,0,39,6
08-22-20,Johnson,389,11,386,11,3,0,427,12,4455,83,4882,95,0,1,1,71,10,317,0,13,1
08-22-20,Knox,6077,134,5878,133,199,1,6739,147,91144,1881,97883,2028,0,49,69,822,65,5206,4,266,55
08-22-20,Lake,811,5,809,5,2,0,998,7,4928,66,5926,73,0,1,5,18,0,792,0,6,1
08-22-20,Lauderdale,621,17,590,16,31,1,688,16,7528,240,8216,256,0,12,14,84,3,525,1,36,12
08-22-20,Lawrence,689,11,683,11,6,0,821,13,7657,212,8478,225,0,8,-1,94,12,587,0,29,9
08-22-20,Lewis,124,10,124,10,0,0,137,10,2957,125,3094,135,0,1,10,42,0,81,1,10,1
08-22-20,Lincoln,408,5,403,5,5,0,506,6,5509,203,6015,209,0,1,-5,57,10,350,0,16,1
08-22-20,Loudon,853,31,829,31,24,0,943,33,8944,271,9887,304,0,3,25,103,6,747,0,27,4
08-22-20,Macon,901,0,892,0,9,0,1102,0,5332,50,6434,50,0,14,-3,24,3,863,0,71,18
08-22-20,Madison,1613,36,1562,33,51,3,1799,44,18864,772,20663,816,1,31,10,5,25,1577,2,116,37
08-22-20,Marion,328,14,325,14,3,0,404,16,4092,69,4496,85,0,5,10,63,4,260,1,27,6
08-22-20,Marshall,462,25,459,25,3,0,532,26,6223,305,6755,331,0,4,22,133,3,325,0,16,4
08-22-20,Maury,1588,48,1580,47,8,1,1879,56,17010,683,18889,739,0,11,23,224,25,1353,1,62,13
08-22-20,McMinn,743,19,735,18,8,1,875,22,11143,405,12018,427,0,20,15,136,4,587,0,48,22
08-22-20,McNairy,479,13,404,12,75,1,560,13,4646,159,5206,172,0,7,7,79,6,393,1,28,11
08-22-20,Meigs,135,3,133,3,2,0,165,3,2144,60,2309,63,0,2,0,17,3,116,0,6,2
08-22-20,Monroe,643,18,629,17,14,1,736,23,6921,293,7657,316,0,10,9,127,9,506,0,50,13
08-22-20,Montgomery,2372,38,2324,35,48,3,2721,39,29632,697,32353,736,1,24,26,244,11,2104,1,108,32
08-22-20,Moore,102,0,99,0,3,0,123,0,1294,39,1417,39,0,0,-3,15,3,87,0,1,0
08-22-20,Morgan,206,10,197,9,9,1,228,10,6034,210,6262,220,0,1,9,49,1,156,0,5,2
08-22-20,Obion,770,16,756,16,14,0,855,18,6834,288,7689,306,0,5,10,125,6,640,2,35,6
08-22-20,Out of State,1541,19,1521,18,20,1,1748,26,197014,4504,198762,4530,0,21,14,104,5,1416,0,59,7
08-22-20,Overton,399,21,381,21,18,0,439,22,4761,99,5200,121,0,1,13,123,8,275,0,12,1
08-22-20,Pending,507,10,493,9,14,1,595,12,132744,2782,133339,2794,0,6,7,76,3,425,0,7,1
08-22-20,Perry,96,2,88,1,8,1,107,3,2210,61,2317,64,0,0,1,10,1,86,0,5,0
08-22-20,Pickett,45,2,41,2,4,0,46,2,750,12,796,14,0,1,2,7,0,37,0,0,1
08-22-20,Polk,325,2,320,2,5,0,372,3,2485,101,2857,104,0,10,0,51,2,264,0,16,9
08-22-20,Putnam,2063,36,2027,35,36,1,2510,47,21069,402,23579,449,0,23,17,298,19,1742,0,79,26
08-22-20,Rhea,609,3,607,2,2,1,729,5,7338,285,8067,290,0,2,-2,58,5,549,2,17,5
08-22-20,Roane,567,10,549,10,18,0,689,14,12730,354,13419,368,0,2,7,71,3,494,0,23,2
08-22-20,Robertson,1799,47,1791,47,8,0,2208,53,12554,488,14762,541,0,25,38,146,9,1628,4,134,30
08-22-20,Rutherford,7596,73,7577,73,19,0,9287,104,58830,1566,68117,1670,-1,64,23,574,51,6958,1,227,69
08-22-20,Scott,157,0,154,0,3,0,171,0,2980,179,3151,179,0,2,-3,18,3,137,0,11,2
08-22-20,Sequatchie,155,1,154,1,1,0,180,2,3540,93,3720,95,0,1,-2,20,3,134,0,9,1
08-22-20,Sevier,2155,19,2094,19,61,0,2399,24,19152,337,21551,361,0,11,5,196,14,1948,0,75,13
08-22-20,Shelby,26229,353,26090,346,139,7,32234,466,279729,5884,311963,6350,4,364,189,1921,160,23944,9,1939,414
08-22-20,Smith,525,6,514,6,11,0,635,12,4013,80,4648,92,0,8,4,38,2,479,0,23,8
08-22-20,Stewart,91,0,91,0,0,0,114,0,2049,121,2163,121,0,0,-2,6,2,85,0,5,0
08-22-20,Sullivan,1512,184,1435,184,77,0,1626,193,20057,528,21683,721,0,22,161,354,23,1136,1,129,23
08-22-20,Sumner,3972,53,3952,53,20,0,4744,60,31694,1086,36438,1146,1,82,20,317,32,3573,2,340,85
08-22-20,Tipton,1360,20,1331,15,29,5,1600,26,15568,332,17168,358,0,13,16,83,4,1264,1,79,16
08-22-20,Trousdale,1599,0,1596,0,3,0,1668,0,3667,41,5335,41,0,6,-1,7,1,1586,0,19,6
08-22-20,Unicoi,209,11,206,11,3,0,238,21,4014,90,4252,111,0,1,9,37,2,171,0,9,1
08-22-20,Union,217,5,208,4,9,1,236,4,3101,104,3337,108,0,0,4,42,1,175,1,7,1
08-22-20,Van Buren,62,3,61,3,1,0,67,5,964,33,1031,38,0,0,3,15,0,47,1,4,0
08-22-20,Warren,736,31,685,31,51,0,821,34,9426,237,10247,271,1,7,16,148,14,581,1,12,7
08-22-20,Washington,1525,33,1485,33,40,0,1728,46,20633,521,22361,567,0,6,23,201,10,1318,2,74,7
08-22-20,Wayne,266,6,261,6,5,0,293,7,4401,69,4694,76,0,2,5,27,1,237,2,14,2
08-22-20,Weakley,781,40,730,40,51,0,855,51,7430,299,8285,350,0,7,18,221,22,553,1,23,11
08-22-20,White,427,20,413,20,14,0,505,23,6202,222,6707,245,0,7,15,111,5,309,0,21,7
08-22-20,Williamson,4097,66,4075,66,22,0,4870,79,48844,1265,53714,1344,0,27,40,409,26,3661,1,105,30
08-22-20,Wilson,2698,44,2689,44,9,0,3247,50,27546,384,30793,434,1,29,28,253,15,2416,2,97,31
08-21-20,Anderson,848,3,830,3,18,0,998,2,17784,32,18782,34,1,7,-7,123,9,718,0,34,8
08-21-20,Bedford,1029,5,995,3,34,2,1227,4,8596,98,9823,102,0,13,-3,85,8,931,0,44,14
08-21-20,Benton,212,3,206,2,6,1,227,3,2846,86,3073,89,0,3,1,47,2,162,0,17,4
08-21-20,Bledsoe,774,1,771,1,3,0,805,2,5327,14,6132,16,0,3,-9,27,10,744,0,17,4
08-21-20,Blount,1811,8,1778,8,33,0,2122,8,18678,48,20800,56,0,15,-21,302,29,1494,0,88,15
08-21-20,Bradley,2347,17,2290,17,57,0,2805,19,16962,94,19767,113,0,16,-13,256,30,2075,0,134,16
08-21-20,Campbell,317,1,303,0,14,1,359,0,7112,15,7471,15,0,2,-2,39,3,276,0,16,2
08-21-20,Cannon,184,1,173,1,11,0,228,1,2523,20,2751,21,0,0,-5,19,6,165,0,6,0
08-21-20,Carroll,454,14,400,14,54,0,496,15,5939,165,6435,180,0,6,-1,118,15,330,0,31,7
08-21-20,Carter,778,5,746,5,32,0,861,6,10500,23,11361,29,5,14,-17,140,17,624,1,62,14
08-21-20,Cheatham,679,1,674,1,5,0,829,1,7565,10,8394,11,0,9,-3,62,4,608,0,27,10
08-21-20,Chester,349,5,308,5,41,0,383,5,3039,138,3422,143,1,4,0,81,4,264,1,13,4
08-21-20,Claiborne,328,4,307,2,21,2,362,3,6883,7,7245,10,0,2,-2,40,6,286,1,17,4
08-21-20,Clay,110,1,104,1,6,0,116,1,1798,7,1914,8,0,0,0,20,1,90,0,4,1
08-21-20,Cocke,601,0,570,0,31,0,647,0,5679,27,6326,27,0,6,-14,88,14,507,0,29,6
08-21-20,Coffee,658,4,614,4,44,0,806,5,11705,108,12511,113,0,5,-9,105,13,548,0,23,6
08-21-20,Crockett,352,3,324,3,28,0,384,3,2121,3,2505,6,1,12,-5,41,7,299,1,18,15
08-21-20,Cumberland,716,10,708,10,8,0,880,11,15525,286,16405,297,0,7,1,205,9,504,0,38,9
08-21-20,Davidson,23498,9,23403,9,95,0,29395,13,230719,1474,260114,1487,3,245,-202,1433,208,21820,0,1009,258
08-21-20,Decatur,265,1,203,1,62,0,298,1,3452,7,3750,8,1,4,-3,39,3,222,0,7,4
08-21-20,Dekalb,391,2,385,1,6,1,492,4,5451,7,5943,11,1,5,-3,44,4,342,0,16,5
08-21-20,Dickson,838,2,789,2,49,0,1052,0,9719,8,10771,8,2,7,-13,99,13,732,0,43,8
08-21-20,Dyer,838,8,792,8,46,0,913,8,7000,11,7913,19,0,9,0,123,8,706,1,49,10
08-21-20,Fayette,867,0,854,0,13,0,1108,0,11664,125,12772,125,0,10,-14,94,14,763,0,69,15
08-21-20,Fentress,146,3,140,0,6,3,166,4,2561,14,2727,18,0,0,0,38,3,108,0,10,0
08-21-20,Franklin,437,2,425,1,12,1,533,2,8917,42,9450,44,0,4,-2,73,4,360,0,26,5
08-21-20,Gibson,941,7,792,7,149,0,1025,6,9227,89,10252,95,0,11,-11,165,18,765,1,45,13
08-21-20,Giles,440,1,437,1,3,0,530,1,6125,25,6655,26,0,14,-4,40,5,386,0,30,14
08-21-20,Grainger,246,0,233,0,13,0,296,0,3846,57,4142,57,0,1,-5,33,5,212,0,15,1
08-21-20,Greene,696,5,659,3,37,2,833,8,10032,68,10865,76,1,10,-4,163,8,523,2,48,11
08-21-20,Grundy,141,1,140,1,1,0,165,1,1699,14,1864,15,0,2,0,17,1,122,1,18,3
08-21-20,Hamblen,1604,1,1533,1,71,0,1755,0,15370,229,17125,229,1,17,-8,137,8,1450,0,80,23
08-21-20,Hamilton,7074,31,6957,30,117,1,8253,30,93582,136,101835,166,0,61,-68,695,99,6318,4,323,70
08-21-20,Hancock,97,0,90,0,7,0,105,0,1393,10,1498,10,0,2,-1,6,1,89,0,11,2
08-21-20,Hardeman,1182,4,1135,4,47,0,1345,4,10290,302,11635,306,0,22,-8,165,12,995,0,56,23
08-21-20,Hardin,594,2,512,2,82,0,670,2,8179,22,8849,24,0,8,-8,88,10,498,0,21,10
08-21-20,Hawkins,626,3,613,3,13,0,721,3,6827,60,7548,63,2,12,-14,115,15,499,0,45,13
08-21-20,Haywood,706,1,676,1,30,0,748,1,4221,16,4969,17,1,10,-13,143,13,553,0,31,10
08-21-20,Henderson,786,4,644,3,142,1,966,5,5555,18,6521,23,1,5,-11,121,14,660,0,31,8
08-21-20,Henry,372,1,364,1,8,0,449,0,6627,21,7076,21,0,4,-3,62,4,306,0,30,4
08-21-20,Hickman,331,0,322,0,9,0,418,0,4452,59,4870,59,0,1,-6,57,6,273,0,8,1
08-21-20,Houston,80,0,78,0,2,0,92,0,1389,2,1481,2,0,0,0,14,0,66,0,9,0
08-21-20,Humphreys,148,1,136,1,12,0,171,1,3623,16,3794,17,0,3,-2,11,3,134,0,4,3
08-21-20,Jackson,218,8,209,8,9,0,246,8,1760,15,2006,23,0,1,7,55,1,162,0,12,2
08-21-20,Jefferson,702,5,627,5,75,0,744,4,10921,310,11665,314,1,5,-9,85,13,612,0,39,6
08-21-20,Johnson,378,5,375,5,3,0,415,4,4372,17,4787,21,0,1,-6,70,11,307,0,13,1
08-21-20,Knox,5943,30,5745,30,198,0,6592,41,89263,236,95855,277,1,49,-62,753,91,5141,1,262,55
08-21-20,Lake,806,1,804,1,2,0,991,1,4862,12,5853,13,0,1,-2,13,3,792,0,6,1
08-21-20,Lauderdale,604,5,574,4,30,1,672,4,7288,6,7960,10,1,12,-6,70,10,522,0,35,12
08-21-20,Lawrence,678,4,672,4,6,0,808,3,7445,52,8253,55,0,8,-6,95,10,575,0,29,9
08-21-20,Lewis,114,0,114,0,0,0,127,0,2832,20,2959,20,0,1,-2,32,2,81,0,9,1
08-21-20,Lincoln,403,4,398,3,5,1,500,4,5306,16,5806,20,0,1,-4,62,8,340,0,16,1
08-21-20,Loudon,822,8,798,8,24,0,910,7,8673,18,9583,25,0,3,3,78,5,741,1,27,4
08-21-20,Macon,901,1,892,1,9,0,1102,2,5282,14,6384,16,0,14,-2,27,3,860,0,71,18
08-21-20,Madison,1577,15,1529,15,48,0,1755,18,18092,169,19847,187,2,30,-76,-5,89,1552,2,114,37
08-21-20,Marion,314,4,311,4,3,0,388,4,4023,32,4411,36,0,5,-2,53,6,256,0,26,6
08-21-20,Marshall,437,12,434,12,3,0,506,12,5918,60,6424,72,0,4,0,111,12,322,0,16,4
08-21-20,Maury,1540,11,1533,11,7,0,1823,11,16327,234,18150,245,0,11,-29,201,40,1328,0,61,13
08-21-20,McMinn,724,11,717,10,7,1,853,10,10738,119,11591,129,0,20,-3,121,14,583,1,48,22
08-21-20,McNairy,466,3,392,3,74,0,547,3,4487,18,5034,21,0,7,-2,72,5,387,0,27,11
08-21-20,Meigs,132,1,130,1,2,0,162,0,2084,70,2246,70,1,2,0,17,0,113,0,6,2
08-21-20,Monroe,625,6,612,6,13,0,713,6,6628,35,7341,41,0,10,-5,118,11,497,0,50,11
08-21-20,Montgomery,2334,7,2289,5,45,2,2682,8,28935,90,31617,98,1,23,-14,218,20,2093,0,107,32
08-21-20,Moore,102,0,99,0,3,0,123,0,1255,9,1378,9,0,0,-3,18,3,84,0,1,0
08-21-20,Morgan,196,4,188,3,8,1,218,3,5824,75,6042,78,0,1,0,40,4,155,0,5,2
08-21-20,Obion,754,6,740,6,14,0,837,6,6546,41,7383,47,0,5,-6,115,12,634,1,33,6
08-21-20,Out of State,1522,3,1503,3,19,0,1722,3,192510,911,194232,914,1,21,-20,90,22,1411,0,59,6
08-21-20,Overton,378,10,360,6,18,4,417,10,4662,9,5079,19,0,1,-8,110,18,267,0,12,1
08-21-20,Pending,497,2,484,1,13,1,583,2,129962,555,130545,557,2,6,-10,69,10,422,0,7,1
08-21-20,Perry,94,0,87,0,7,0,104,0,2149,44,2253,44,0,0,0,9,0,85,0,5,0
08-21-20,Pickett,43,1,39,0,4,1,44,1,738,1,782,2,0,1,-3,5,4,37,0,0,1
08-21-20,Polk,323,2,318,2,5,0,369,1,2384,13,2753,14,0,10,-2,51,4,262,0,16,9
08-21-20,Putnam,2027,19,1992,17,35,2,2463,28,20667,169,23130,197,1,23,-4,281,22,1723,0,79,26
08-21-20,Rhea,606,5,605,5,1,0,724,4,7053,83,7777,87,0,2,3,60,2,544,0,15,4
08-21-20,Roane,557,1,539,1,18,0,675,1,12376,78,13051,79,0,2,-3,64,4,491,0,23,2
08-21-20,Robertson,1752,10,1744,10,8,0,2155,6,12066,136,14221,142,2,25,-4,108,12,1619,3,130,30
08-21-20,Rutherford,7523,25,7504,25,19,0,9183,32,57264,291,66447,323,4,65,-60,551,81,6907,2,226,69
08-21-20,Scott,157,0,154,0,3,0,171,0,2801,8,2972,8,0,2,-4,21,4,134,0,11,2
08-21-20,Sequatchie,154,0,153,0,1,0,178,0,3447,12,3625,12,0,1,-1,22,1,131,0,9,1
08-21-20,Sevier,2136,6,2075,6,61,0,2375,3,18815,34,21190,37,0,11,-10,191,16,1934,1,75,13
08-21-20,Shelby,25876,19,25744,18,132,1,31768,22,273845,444,305613,466,14,360,-198,1732,203,23784,1,1930,410
08-21-20,Smith,519,2,508,1,11,1,623,4,3933,17,4556,21,1,8,-1,34,2,477,0,23,8
08-21-20,Stewart,91,0,91,0,0,0,114,0,1928,2,2042,2,0,0,-5,8,5,83,0,5,0
08-21-20,Sullivan,1328,18,1251,16,77,2,1433,15,19529,83,20962,98,1,22,-3,193,20,1113,4,128,23
08-21-20,Sumner,3919,14,3899,13,20,1,4684,14,30608,388,35292,402,1,81,-20,297,33,3541,0,338,84
08-21-20,Tipton,1340,1,1316,1,24,0,1574,3,15236,29,16810,32,0,13,-3,67,4,1260,0,78,15
08-21-20,Trousdale,1599,0,1596,0,3,0,1668,1,3626,8,5294,9,0,6,0,8,0,1585,0,19,6
08-21-20,Unicoi,198,2,195,2,3,0,217,4,3924,14,4141,18,1,1,-2,28,3,169,0,9,1
08-21-20,Union,212,1,204,0,8,1,232,1,2997,5,3229,6,0,0,-1,38,2,174,0,6,1
08-21-20,Van Buren,59,3,58,2,1,1,62,3,931,15,993,18,0,0,2,12,1,47,0,3,0
08-21-20,Warren,705,5,654,2,51,3,787,6,9189,34,9976,40,0,6,-8,132,13,567,0,11,7
08-21-20,Washington,1492,12,1452,11,40,1,1682,10,20112,77,21794,87,2,6,-32,178,42,1308,0,72,7
08-21-20,Wayne,260,1,255,1,5,0,286,1,4332,5,4618,6,0,2,0,22,1,236,1,12,2
08-21-20,Weakley,741,8,690,5,51,3,804,8,7131,19,7935,27,0,7,-28,203,36,531,0,22,11
08-21-20,White,407,11,393,11,14,0,482,17,5980,177,6462,194,1,7,-2,96,12,304,0,21,7
08-21-20,Williamson,4031,13,4009,13,22,0,4791,10,47579,309,52370,319,1,27,-33,369,45,3635,0,104,30
08-21-20,Wilson,2654,8,2645,8,9,0,3197,10,27162,107,30359,117,1,28,-26,225,33,2401,0,95,30
08-20-20,Anderson,845,15,827,15,18,0,996,18,17752,451,18748,469,0,6,5,130,10,709,0,34,8
08-20-20,Bedford,1024,17,992,17,32,0,1223,19,8498,373,9721,392,0,13,10,88,7,923,1,44,14
08-20-20,Benton,209,13,204,13,5,0,224,15,2760,138,2984,153,1,3,7,46,5,160,0,17,3
08-20-20,Bledsoe,773,2,770,2,3,0,803,5,5313,59,6116,64,0,3,-11,36,13,734,0,17,4
08-20-20,Blount,1803,77,1770,76,33,1,2114,82,18630,431,20744,513,0,15,54,323,23,1465,4,88,15
08-20-20,Bradley,2330,33,2273,33,57,0,2786,38,16868,337,19654,375,0,16,9,269,24,2045,3,134,16
08-20-20,Campbell,316,5,303,4,13,1,359,4,7097,175,7456,179,0,2,5,41,0,273,0,16,2
08-20-20,Cannon,183,8,172,6,11,2,227,8,2503,68,2730,76,0,0,0,24,8,159,0,6,0
08-20-20,Carroll,440,31,386,24,54,7,481,34,5774,360,6255,394,0,6,22,119,9,315,2,31,7
08-20-20,Carter,773,15,741,15,32,0,855,17,10477,149,11332,166,0,9,-1,157,16,607,1,61,14
08-20-20,Cheatham,678,11,673,11,5,0,828,11,7555,130,8383,141,0,9,1,65,10,604,0,27,9
08-20-20,Chester,344,20,303,14,41,6,378,21,2901,358,3279,379,1,3,8,81,11,260,1,12,4
08-20-20,Claiborne,324,10,305,10,19,0,359,10,6876,330,7235,340,1,2,6,42,3,280,1,16,4
08-20-20,Clay,109,1,103,1,6,0,115,1,1791,44,1906,45,0,0,0,20,1,89,0,4,1
08-20-20,Cocke,601,8,570,7,31,1,647,9,5652,142,6299,151,0,6,0,102,8,493,0,29,6
08-20-20,Coffee,654,18,610,16,44,2,801,23,11597,395,12398,418,0,5,7,114,11,535,0,23,6
08-20-20,Crockett,349,11,321,8,28,3,381,11,2118,42,2499,53,3,11,6,46,2,292,0,17,15
08-20-20,Cumberland,706,41,698,39,8,2,869,48,15239,527,16108,575,0,7,18,204,23,495,1,38,8
08-20-20,Davidson,23489,201,23394,198,95,3,29382,260,229245,4798,258627,5058,7,242,20,1635,174,21612,5,1009,257
08-20-20,Decatur,264,11,202,7,62,4,297,11,3445,70,3742,81,0,3,6,42,5,219,0,7,4
08-20-20,Dekalb,389,11,384,11,5,0,488,16,5444,158,5932,174,0,4,0,47,11,338,0,16,5
08-20-20,Dickson,836,18,787,18,49,0,1052,10,9711,276,10763,286,0,5,7,112,11,719,0,43,8
08-20-20,Dyer,830,29,784,26,46,3,905,25,6989,195,7894,220,0,9,11,123,18,698,1,48,10
08-20-20,Fayette,867,14,854,13,13,1,1108,19,11539,141,12647,160,0,10,7,108,7,749,0,69,15
08-20-20,Fentress,143,7,140,5,3,2,162,11,2547,77,2709,88,0,0,4,38,3,105,0,10,0
08-20-20,Franklin,435,18,424,18,11,0,531,20,8875,369,9406,389,0,4,10,75,8,356,1,26,5
08-20-20,Gibson,934,66,785,46,149,20,1019,52,9138,318,10157,370,0,11,54,176,12,747,1,44,13
08-20-20,Giles,439,5,436,5,3,0,529,6,6100,143,6629,149,0,14,2,44,3,381,0,30,14
08-20-20,Grainger,246,7,233,7,13,0,296,10,3789,172,4085,182,0,1,6,38,1,207,0,15,1
08-20-20,Greene,691,21,656,19,35,2,825,24,9964,346,10789,370,0,9,4,167,17,515,2,46,11
08-20-20,Grundy,140,2,139,2,1,0,164,2,1685,32,1849,34,0,2,-3,17,5,121,0,17,3
08-20-20,Hamblen,1603,31,1532,27,71,4,1755,36,15141,633,16896,669,0,16,25,145,6,1442,0,80,22
08-20-20,Hamilton,7043,131,6927,130,116,1,8223,137,93446,2123,101669,2260,0,61,43,763,88,6219,2,319,69
08-20-20,Hancock,97,4,90,4,7,0,105,5,1383,25,1488,30,0,2,0,7,4,88,0,11,2
08-20-20,Hardeman,1178,34,1131,32,47,2,1341,42,9988,254,11329,296,3,22,14,173,17,983,1,56,23
08-20-20,Hardin,592,25,510,17,82,8,668,28,8157,97,8825,125,0,8,16,96,9,488,0,21,10
08-20-20,Hawkins,623,10,610,10,13,0,718,11,6767,155,7485,166,0,10,2,129,8,484,0,45,13
08-20-20,Haywood,705,15,675,15,30,0,747,14,4205,78,4952,92,0,9,0,156,15,540,1,31,10
08-20-20,Henderson,782,31,641,21,141,10,961,39,5537,120,6498,159,0,4,14,132,17,646,1,31,8
08-20-20,Henry,371,15,363,15,8,0,449,23,6606,157,7055,180,1,4,2,65,12,302,2,30,4
08-20-20,Hickman,331,10,322,10,9,0,418,15,4393,313,4811,328,0,1,2,63,8,267,0,8,1
08-20-20,Houston,80,3,78,3,2,0,92,3,1387,29,1479,32,0,0,2,14,1,66,0,9,0
08-20-20,Humphreys,147,1,135,1,12,0,170,2,3607,63,3777,65,0,3,0,13,1,131,0,4,3
08-20-20,Jackson,210,10,201,10,9,0,238,10,1745,26,1983,36,0,1,4,48,6,161,0,12,2
08-20-20,Jefferson,697,10,622,9,75,1,740,9,10611,494,11351,503,0,4,-2,94,12,599,1,39,6
08-20-20,Johnson,373,8,370,8,3,0,411,8,4355,73,4766,81,0,1,-2,76,10,296,0,13,1
08-20-20,Knox,5913,119,5715,117,198,2,6551,131,89027,2116,95578,2247,3,48,23,815,93,5050,3,261,55
08-20-20,Lake,805,3,803,3,2,0,990,4,4850,63,5840,67,0,1,-2,15,5,789,0,6,1
08-20-20,Lauderdale,599,22,570,20,29,2,668,26,7282,95,7950,121,1,11,12,76,9,512,0,35,12
08-20-20,Lawrence,674,9,668,9,6,0,805,10,7393,128,8198,138,0,8,-5,101,14,565,0,29,9
08-20-20,Lewis,114,12,114,12,0,0,127,12,2812,97,2939,109,0,1,11,34,1,79,0,9,1
08-20-20,Lincoln,399,13,395,13,4,0,496,15,5290,96,5786,111,0,1,-3,66,16,332,0,16,1
08-20-20,Loudon,814,8,790,8,24,0,903,11,8655,202,9558,213,0,3,-6,75,14,736,1,26,4
08-20-20,Macon,900,3,891,3,9,0,1100,3,5268,84,6368,87,0,14,-1,29,4,857,0,71,18
08-20-20,Madison,1562,51,1514,46,48,5,1737,50,17923,462,19660,512,0,28,11,71,40,1463,2,112,36
08-20-20,Marion,310,7,307,7,3,0,384,7,3991,89,4375,96,0,5,2,55,5,250,0,26,6
08-20-20,Marshall,425,16,422,16,3,0,494,17,5858,136,6352,153,0,4,7,111,9,310,0,16,4
08-20-20,Maury,1529,36,1522,36,7,0,1812,39,16093,718,17905,757,0,11,6,230,30,1288,1,61,13
08-20-20,McMinn,713,25,707,24,6,1,843,25,10619,215,11462,240,0,20,18,124,7,569,0,47,22
08-20-20,McNairy,463,20,389,13,74,7,544,28,4469,186,5013,214,0,7,20,74,0,382,0,27,11
08-20-20,Meigs,131,5,129,5,2,0,162,5,2014,49,2176,54,0,1,5,17,0,113,0,6,2
08-20-20,Monroe,619,29,606,29,13,0,707,34,6593,331,7300,365,0,10,7,123,22,486,1,50,10
08-20-20,Montgomery,2327,59,2284,59,43,0,2674,59,28845,717,31519,776,1,22,18,232,40,2073,0,107,31
08-20-20,Moore,102,4,99,4,3,0,123,5,1246,58,1369,63,0,0,1,21,3,81,0,1,0
08-20-20,Morgan,192,8,185,7,7,1,215,11,5749,194,5964,205,0,1,2,40,6,151,0,5,1
08-20-20,Obion,748,23,734,20,14,3,831,26,6505,130,7336,156,1,5,10,121,12,622,1,32,6
08-20-20,Out of State,1519,20,1500,18,19,2,1719,24,191599,4397,193318,4421,0,20,-1,110,21,1389,2,59,6
08-20-20,Overton,368,19,354,15,14,4,407,22,4653,92,5060,114,0,1,6,118,13,249,0,12,1
08-20-20,Pending,495,23,483,19,12,4,581,24,129407,2132,129988,2156,0,4,13,79,10,412,1,7,1
08-20-20,Perry,94,1,87,1,7,0,104,2,2105,39,2209,41,0,0,-3,9,4,85,0,5,0
08-20-20,Pickett,42,1,39,0,3,1,43,1,737,4,780,5,0,1,0,8,1,33,0,0,1
08-20-20,Polk,321,8,316,8,5,0,368,7,2371,38,2739,45,0,10,3,53,5,258,0,16,9
08-20-20,Putnam,2008,42,1975,32,33,10,2435,49,20498,343,22933,392,0,22,22,285,20,1701,3,79,26
08-20-20,Rhea,601,9,600,9,1,0,720,10,6970,229,7690,239,0,2,-1,57,10,542,0,15,4
08-20-20,Roane,556,9,538,9,18,0,674,17,12298,346,12972,363,0,2,-1,67,10,487,0,23,2
08-20-20,Robertson,1742,21,1734,21,8,0,2149,19,11930,270,14079,289,0,23,2,112,19,1607,0,127,30
08-20-20,Rutherford,7498,96,7479,96,19,0,9151,117,56973,1262,66124,1379,0,61,30,611,66,6826,1,224,69
08-20-20,Scott,157,6,154,6,3,0,171,6,2793,58,2964,64,0,2,4,25,2,130,0,11,2
08-20-20,Sequatchie,154,3,153,3,1,0,178,3,3435,72,3613,75,0,1,3,23,0,130,1,9,1
08-20-20,Sevier,2130,33,2069,33,61,0,2372,40,18781,327,21153,367,1,11,11,201,21,1918,0,74,13
08-20-20,Shelby,25857,232,25726,215,131,17,31746,293,273401,3980,305147,4273,5,346,26,1930,201,23581,19,1929,406
08-20-20,Smith,517,7,507,7,10,0,619,11,3916,135,4535,146,2,7,2,35,3,475,0,23,8
08-20-20,Stewart,91,0,91,0,0,0,114,1,1926,49,2040,50,0,0,-2,13,2,78,0,5,0
08-20-20,Sullivan,1310,52,1235,48,75,4,1418,58,19446,348,20864,406,1,21,23,196,28,1093,3,124,23
08-20-20,Sumner,3905,52,3886,52,19,0,4670,57,30220,737,34890,794,2,80,16,317,34,3508,5,338,84
08-20-20,Tipton,1339,8,1315,8,24,0,1571,15,15207,202,16778,217,1,13,-1,70,8,1256,0,78,15
08-20-20,Trousdale,1599,5,1596,5,3,0,1667,5,3618,55,5285,60,0,6,4,8,1,1585,1,19,6
08-20-20,Unicoi,196,5,193,5,3,0,213,4,3910,49,4123,53,0,0,3,30,2,166,2,9,1
08-20-20,Union,211,16,204,16,7,0,231,17,2992,90,3223,107,0,0,14,39,2,172,0,6,0
08-20-20,Van Buren,56,4,56,4,0,0,59,4,916,29,975,33,0,0,1,10,3,46,0,3,0
08-20-20,Warren,700,54,652,42,48,12,781,57,9155,234,9936,291,0,6,39,140,15,554,0,11,6
08-20-20,Washington,1480,18,1441,18,39,0,1672,25,20035,374,21707,399,0,4,0,210,18,1266,1,72,6
08-20-20,Wayne,259,7,254,7,5,0,285,8,4327,34,4612,42,0,2,6,22,1,235,0,11,2
08-20-20,Weakley,733,31,685,26,48,5,796,30,7112,190,7908,220,0,7,0,231,31,495,1,22,10
08-20-20,White,396,29,382,23,14,6,465,34,5803,302,6268,336,0,6,18,98,11,292,2,21,7
08-20-20,Williamson,4018,50,3996,49,22,1,4781,63,47270,851,52051,914,0,26,-18,402,68,3590,0,104,29
08-20-20,Wilson,2646,29,2637,28,9,1,3187,43,27055,479,30242,522,1,27,2,251,26,2368,1,95,29
08-19-20,Anderson,830,14,812,14,18,0,978,15,17301,170,18279,185,0,6,0,125,14,699,0,34,7
08-19-20,Bedford,1007,7,975,6,32,1,1204,8,8125,89,9329,97,1,13,-4,78,10,916,0,43,14
08-19-20,Benton,196,2,191,2,5,0,209,2,2622,108,2831,110,0,2,-6,39,8,155,0,17,3
08-19-20,Bledsoe,771,6,768,6,3,0,798,6,5254,85,6052,91,1,3,-3,47,8,721,0,17,3
08-19-20,Blount,1726,35,1694,34,32,1,2032,51,18199,187,20231,238,0,15,-2,269,37,1442,3,84,15
08-19-20,Bradley,2297,27,2240,24,57,3,2748,32,16531,219,19279,251,0,16,2,260,25,2021,2,131,16
08-19-20,Campbell,311,1,299,1,12,0,355,2,6922,48,7277,50,0,2,-4,36,5,273,0,16,2
08-19-20,Cannon,175,2,166,2,9,0,219,2,2435,21,2654,23,0,0,0,24,2,151,0,6,0
08-19-20,Carroll,409,12,362,12,47,0,447,12,5414,252,5861,264,0,6,-3,97,15,306,1,29,6
08-19-20,Carter,758,13,726,13,32,0,838,18,10328,118,11166,136,0,9,-11,158,24,591,2,60,12
08-19-20,Cheatham,667,3,662,3,5,0,817,4,7425,93,8242,97,0,9,-4,64,7,594,0,27,9
08-19-20,Chester,324,6,289,6,35,0,357,6,2543,124,2900,130,0,2,5,73,1,249,0,11,4
08-19-20,Claiborne,314,4,295,4,19,0,349,7,6546,53,6895,60,0,1,-1,36,5,277,0,15,4
08-19-20,Clay,108,0,102,0,6,0,114,0,1747,14,1861,14,0,0,-3,20,3,88,0,4,1
08-19-20,Cocke,593,13,563,13,30,0,638,13,5510,59,6148,72,1,6,1,102,11,485,0,29,6
08-19-20,Coffee,636,11,594,11,42,0,778,12,11202,132,11980,144,1,5,-8,107,18,524,0,23,6
08-19-20,Crockett,338,17,313,17,25,0,370,16,2076,24,2446,40,0,8,15,40,2,290,0,17,15
08-19-20,Cumberland,665,4,659,3,6,1,821,6,14712,219,15533,225,0,7,-18,186,22,472,0,37,8
08-19-20,Davidson,23288,134,23196,131,92,3,29122,183,224447,3288,253569,3471,4,235,-94,1615,224,21438,6,1004,256
08-19-20,Decatur,253,2,195,2,58,0,286,2,3375,15,3661,17,0,3,-4,36,6,214,0,7,4
08-19-20,Dekalb,378,3,373,1,5,2,472,4,5286,25,5758,29,2,4,-7,47,8,327,0,16,4
08-19-20,Dickson,818,7,769,7,49,0,1042,9,9435,76,10477,85,1,5,-7,105,13,708,1,43,7
08-19-20,Dyer,801,21,758,19,43,2,880,22,6794,147,7674,169,0,9,6,112,15,680,0,47,10
08-19-20,Fayette,853,8,841,8,12,0,1089,10,11398,87,12487,97,0,10,0,101,8,742,0,69,15
08-19-20,Fentress,136,3,135,3,1,0,151,3,2470,15,2621,18,0,0,-5,34,8,102,0,10,0
08-19-20,Franklin,417,1,406,1,11,0,511,2,8506,299,9017,301,0,4,-4,65,5,348,0,25,5
08-19-20,Gibson,868,16,739,12,129,4,967,14,8820,185,9787,199,1,11,-14,122,29,735,0,43,13
08-19-20,Giles,434,3,431,2,3,1,523,3,5957,65,6480,68,0,14,-1,42,4,378,0,30,14
08-19-20,Grainger,239,7,226,7,13,0,286,10,3617,52,3903,62,0,1,4,32,3,206,0,15,1
08-19-20,Greene,670,38,637,37,33,1,801,41,9618,259,10419,300,0,9,25,163,13,498,0,44,9
08-19-20,Grundy,138,1,137,1,1,0,162,2,1653,17,1815,19,0,2,-6,20,7,116,0,17,2
08-19-20,Hamblen,1572,17,1505,17,67,0,1719,18,14508,397,16227,415,0,16,2,120,15,1436,1,80,22
08-19-20,Hamilton,6912,62,6797,58,115,4,8086,47,91323,396,99409,443,0,61,-36,720,98,6131,6,317,69
08-19-20,Hancock,93,0,86,0,7,0,100,0,1358,24,1458,24,0,2,0,7,0,84,0,11,2
08-19-20,Hardeman,1144,9,1099,7,45,2,1299,9,9734,206,11033,215,0,19,0,159,9,966,0,55,23
08-19-20,Hardin,567,15,493,15,74,0,640,17,8060,151,8700,168,0,8,8,80,7,479,2,21,10
08-19-20,Hawkins,613,8,600,8,13,0,707,8,6612,105,7319,113,0,10,2,127,6,476,1,45,12
08-19-20,Haywood,690,17,660,17,30,0,733,19,4127,55,4860,74,1,9,-6,156,22,525,0,30,10
08-19-20,Henderson,751,6,620,3,131,3,922,6,5417,23,6339,29,0,4,-15,118,21,629,0,30,7
08-19-20,Henry,356,14,348,14,8,0,426,13,6449,140,6875,153,0,3,7,63,7,290,1,28,4
08-19-20,Hickman,321,2,312,2,9,0,403,5,4080,101,4483,106,0,1,-4,61,6,259,0,8,1
08-19-20,Houston,77,1,75,1,2,0,89,1,1358,2,1447,3,0,0,-1,12,2,65,0,9,0
08-19-20,Humphreys,146,0,134,0,12,0,168,0,3544,21,3712,21,0,3,-4,13,4,130,0,4,3
08-19-20,Jackson,200,5,191,2,9,3,228,5,1719,13,1947,18,0,1,-3,44,8,155,0,12,2
08-19-20,Jefferson,687,10,613,9,74,1,731,11,10117,264,10848,275,0,4,-2,96,12,587,0,38,6
08-19-20,Johnson,365,7,362,7,3,0,403,8,4282,68,4685,76,0,1,-10,78,17,286,0,13,1
08-19-20,Knox,5794,46,5598,41,196,5,6420,46,86911,570,93331,616,2,45,-50,792,94,4957,4,258,55
08-19-20,Lake,802,2,800,2,2,0,986,2,4787,40,5773,42,0,1,-5,17,7,784,0,6,1
08-19-20,Lauderdale,577,7,550,5,27,2,642,7,7187,69,7829,76,1,10,-9,64,15,503,1,35,12
08-19-20,Lawrence,665,13,659,13,6,0,795,15,7265,77,8060,92,0,8,-2,106,15,551,0,29,9
08-19-20,Lewis,102,5,102,5,0,0,115,5,2715,37,2830,42,0,1,2,23,3,78,0,9,1
08-19-20,Lincoln,386,6,382,6,4,0,481,8,5194,13,5675,21,0,1,-6,69,12,316,0,16,1
08-19-20,Loudon,806,9,782,9,24,0,892,7,8453,90,9345,97,0,3,-4,81,13,722,0,25,4
08-19-20,Macon,897,3,888,3,9,0,1097,4,5184,33,6281,37,1,14,1,30,1,853,1,71,18
08-19-20,Madison,1511,29,1468,28,43,1,1687,26,17461,230,19148,256,1,28,-17,60,45,1423,2,110,35
08-19-20,Marion,303,11,300,11,3,0,377,11,3902,45,4279,56,0,5,7,53,4,245,0,26,6
08-19-20,Marshall,409,25,406,25,3,0,477,29,5722,153,6199,182,0,4,15,104,10,301,0,16,4
08-19-20,Maury,1493,26,1486,26,7,0,1773,27,15375,362,17148,389,0,11,-18,224,44,1258,1,60,13
08-19-20,McMinn,688,10,683,10,5,0,818,10,10404,98,11222,108,0,20,-1,106,11,562,0,47,22
08-19-20,McNairy,443,5,376,4,67,1,516,6,4283,57,4799,63,0,7,-2,54,7,382,0,27,11
08-19-20,Meigs,126,0,124,0,2,0,157,0,1965,23,2122,23,0,1,-2,12,2,113,0,6,2
08-19-20,Monroe,590,7,577,7,13,0,673,9,6262,74,6935,83,0,10,-4,116,11,464,1,49,9
08-19-20,Montgomery,2268,11,2225,11,43,0,2615,11,28128,338,30743,349,3,21,-43,214,51,2033,0,107,31
08-19-20,Moore,98,1,95,1,3,0,118,1,1188,10,1306,11,0,0,0,20,1,78,0,1,0
08-19-20,Morgan,184,8,178,8,6,0,204,8,5555,199,5759,207,0,1,6,38,2,145,0,5,1
08-19-20,Obion,725,9,714,9,11,0,805,9,6375,55,7180,64,0,4,-7,111,16,610,0,31,6
08-19-20,Out of State,1499,17,1482,17,17,0,1695,23,187202,980,188897,1003,-2,20,8,111,11,1368,2,57,6
08-19-20,Overton,349,15,339,13,10,2,385,17,4561,69,4946,86,0,1,-5,112,20,236,1,12,1
08-19-20,Pending,472,4,464,4,8,0,557,4,127275,1030,127832,1034,0,4,-11,66,15,402,0,6,0
08-19-20,Perry,93,0,86,0,7,0,102,0,2066,11,2168,11,0,0,-3,12,3,81,0,5,0
08-19-20,Pickett,41,0,39,0,2,0,42,0,733,4,775,4,0,1,-1,8,1,32,0,0,1
08-19-20,Polk,313,7,308,7,5,0,361,8,2333,51,2694,59,1,10,2,50,4,253,0,16,9
08-19-20,Putnam,1966,43,1943,39,23,4,2386,49,20155,149,22541,198,1,22,7,263,35,1681,1,76,26
08-19-20,Rhea,592,4,591,3,1,1,710,4,6741,80,7451,84,0,2,0,58,4,532,0,15,4
08-19-20,Roane,547,7,529,7,18,0,657,10,11952,122,12609,132,0,2,-11,68,18,477,0,23,2
08-19-20,Robertson,1721,20,1713,19,8,1,2130,19,11660,206,13790,225,1,23,8,110,11,1588,2,127,30
08-19-20,Rutherford,7402,47,7383,47,19,0,9034,65,55711,653,64745,718,0,61,-27,581,74,6760,0,223,69
08-19-20,Scott,151,4,148,4,3,0,165,4,2735,19,2900,23,0,2,2,21,2,128,0,11,2
08-19-20,Sequatchie,151,2,150,2,1,0,175,1,3363,61,3538,62,0,1,-3,20,5,130,0,8,1
08-19-20,Sevier,2097,21,2036,21,61,0,2332,27,18454,187,20786,214,0,10,-5,190,26,1897,0,74,13
08-19-20,Shelby,25625,154,25511,154,114,0,31453,218,269421,1731,300874,1949,1,341,-82,1904,235,23380,5,1910,404
08-19-20,Smith,510,1,500,1,10,0,608,1,3781,19,4389,20,1,5,-7,33,7,472,0,23,8
08-19-20,Stewart,91,2,91,2,0,0,113,1,1877,13,1990,14,0,0,2,15,0,76,1,5,0
08-19-20,Sullivan,1258,33,1187,30,71,3,1360,33,19098,219,20458,252,1,20,-1,173,33,1065,0,121,23
08-19-20,Sumner,3853,31,3834,30,19,1,4613,31,29483,630,34096,661,1,78,-3,301,33,3474,2,333,84
08-19-20,Tipton,1331,12,1307,12,24,0,1556,18,15005,109,16561,127,0,12,3,71,9,1248,2,78,15
08-19-20,Trousdale,1594,0,1591,0,3,0,1662,0,3563,9,5225,9,0,6,-2,4,2,1584,0,18,6
08-19-20,Unicoi,191,5,188,5,3,0,209,5,3861,44,4070,49,0,0,1,27,4,164,2,7,1
08-19-20,Union,195,1,188,1,7,0,214,1,2902,26,3116,27,0,0,-3,25,4,170,0,6,0
08-19-20,Van Buren,52,0,52,0,0,0,55,0,887,14,942,14,0,0,0,9,0,43,0,3,0
08-19-20,Warren,646,11,610,6,36,5,724,13,8921,35,9645,48,0,6,-6,101,17,539,0,11,6
08-19-20,Washington,1462,16,1423,15,39,1,1647,19,19661,129,21308,148,1,4,-2,210,17,1248,0,71,6
08-19-20,Wayne,252,2,247,2,5,0,277,2,4293,10,4570,12,0,2,1,16,1,234,0,11,2
08-19-20,Weakley,702,5,659,4,43,1,766,4,6922,87,7688,91,0,7,-22,231,27,464,0,21,10
08-19-20,White,367,7,359,4,8,3,431,7,5501,123,5932,130,0,6,-6,80,13,281,1,19,7
08-19-20,Williamson,3968,33,3947,32,21,1,4718,32,46419,563,51137,595,-1,26,-8,420,42,3522,0,104,28
08-19-20,Wilson,2617,15,2609,13,8,2,3144,19,26576,172,29720,191,0,26,-15,249,30,2342,0,94,28
08-18-20,Anderson,816,14,798,14,18,0,963,15,17131,156,18094,171,0,6,5,125,9,685,0,34,7
08-18-20,Bedford,1000,14,969,7,31,7,1196,15,8036,252,9232,267,0,12,8,82,6,906,3,43,14
08-18-20,Benton,194,6,189,5,5,1,207,6,2514,140,2721,146,0,2,-1,45,7,147,2,17,3
08-18-20,Bledsoe,765,1,762,1,3,0,792,1,5169,100,5961,101,0,2,-10,50,11,713,0,17,3
08-18-20,Blount,1691,31,1660,31,31,0,1981,41,18012,244,19993,285,0,15,0,271,31,1405,3,81,15
08-18-20,Bradley,2270,26,2216,22,54,4,2716,37,16312,536,19028,573,0,16,-13,258,39,1996,1,129,16
08-18-20,Campbell,310,9,298,6,12,3,353,6,6874,103,7227,109,0,2,3,40,6,268,1,16,2
08-18-20,Cannon,173,6,164,6,9,0,217,9,2414,27,2631,36,0,0,3,24,3,149,0,6,0
08-18-20,Carroll,397,15,350,15,47,0,435,25,5162,431,5597,456,0,6,8,100,7,291,3,28,6
08-18-20,Carter,745,19,713,18,32,1,820,22,10210,348,11030,370,3,9,3,169,13,567,1,58,11
08-18-20,Cheatham,664,13,659,12,5,1,813,16,7332,121,8145,137,0,9,6,68,7,587,0,27,9
08-18-20,Chester,318,3,283,3,35,0,351,11,2419,324,2770,335,0,2,1,68,2,248,0,11,3
08-18-20,Claiborne,310,3,291,2,19,1,342,4,6493,45,6835,49,0,1,-2,37,5,272,2,15,4
08-18-20,Clay,108,3,102,3,6,0,114,4,1733,69,1847,73,0,0,2,23,1,85,1,4,1
08-18-20,Cocke,580,6,550,5,30,1,625,6,5451,88,6076,94,0,5,3,101,3,474,1,29,6
08-18-20,Coffee,625,16,583,12,42,4,766,30,11070,374,11836,404,0,4,1,115,15,506,0,23,6
08-18-20,Crockett,321,3,296,2,25,1,354,4,2052,31,2406,35,1,8,-4,25,6,288,0,17,15
08-18-20,Cumberland,661,35,656,34,5,1,815,34,14493,400,15308,434,0,7,23,204,12,450,1,37,7
08-18-20,Davidson,23154,219,23065,217,89,2,28939,351,221159,5435,250098,5786,1,231,-56,1709,274,21214,5,998,255
08-18-20,Decatur,251,6,193,4,58,2,284,6,3360,44,3644,50,0,3,-1,40,7,208,0,7,4
08-18-20,Dekalb,375,3,372,3,3,0,468,7,5261,52,5729,59,0,2,-1,54,4,319,0,16,4
08-18-20,Dickson,811,11,762,11,49,0,1033,31,9359,355,10392,386,0,4,-4,112,15,695,0,42,7
08-18-20,Dyer,780,10,739,10,41,0,858,15,6647,63,7505,78,0,9,-4,106,14,665,0,47,10
08-18-20,Fayette,845,14,833,14,12,0,1079,15,11311,123,12390,138,2,10,1,101,11,734,2,69,15
08-18-20,Fentress,133,3,132,3,1,0,148,5,2455,52,2603,57,0,0,1,39,2,94,0,10,0
08-18-20,Franklin,416,7,405,6,11,1,509,11,8207,235,8716,246,0,4,-9,69,16,343,0,25,5
08-18-20,Gibson,852,27,727,23,125,4,953,36,8635,209,9588,245,1,10,5,136,21,706,2,43,13
08-18-20,Giles,431,2,429,2,2,0,520,4,5892,73,6412,77,0,14,-6,43,8,374,0,30,14
08-18-20,Grainger,232,3,219,3,13,0,276,7,3565,133,3841,140,0,1,-1,28,4,203,0,15,1
08-18-20,Greene,632,12,600,12,32,0,760,12,9359,247,10119,259,0,9,-1,138,13,485,1,44,9
08-18-20,Grundy,137,3,136,3,1,0,160,2,1636,13,1796,15,0,2,2,26,1,109,0,17,2
08-18-20,Hamblen,1555,11,1488,9,67,2,1701,12,14111,605,15812,617,1,16,-13,118,23,1421,1,79,22
08-18-20,Hamilton,6850,153,6739,110,111,43,8039,232,90927,3175,98966,3407,1,61,76,756,76,6033,2,311,68
08-18-20,Hancock,93,0,86,0,7,0,100,0,1334,32,1434,32,0,2,-1,7,1,84,0,11,2
08-18-20,Hardeman,1135,16,1092,16,43,0,1290,25,9528,116,10818,141,1,19,-17,159,32,957,1,55,22
08-18-20,Hardin,552,15,478,9,74,6,623,16,7909,72,8532,88,0,8,9,72,6,472,0,19,10
08-18-20,Hawkins,605,19,592,19,13,0,699,26,6507,193,7206,219,0,10,0,125,19,470,0,44,12
08-18-20,Haywood,673,8,643,8,30,0,714,11,4072,15,4786,26,1,8,-8,162,15,503,0,30,10
08-18-20,Henderson,745,15,617,15,128,0,916,19,5394,101,6310,120,1,4,-11,133,25,608,0,30,7
08-18-20,Henry,342,9,334,9,8,0,413,10,6309,53,6722,63,2,3,-5,56,12,283,0,27,3
08-18-20,Hickman,319,9,310,9,9,0,398,9,3979,222,4377,231,0,1,5,65,4,253,0,8,1
08-18-20,Houston,76,1,74,1,2,0,88,1,1356,8,1444,9,0,0,1,13,0,63,0,9,0
08-18-20,Humphreys,146,1,134,1,12,0,168,2,3523,65,3691,67,0,3,-2,17,3,126,0,4,3
08-18-20,Jackson,195,12,189,12,6,0,223,13,1706,28,1929,41,0,1,11,47,1,147,0,12,2
08-18-20,Jefferson,677,9,604,7,73,2,720,9,9853,567,10573,576,0,4,2,98,7,575,0,38,6
08-18-20,Johnson,358,5,355,5,3,0,395,5,4214,15,4609,20,0,1,-6,88,11,269,0,13,1
08-18-20,Knox,5748,135,5557,133,191,2,6374,156,86341,1148,92715,1304,0,43,3,842,132,4863,4,254,55
08-18-20,Lake,800,2,798,2,2,0,984,2,4747,43,5731,45,0,1,-4,22,6,777,0,6,1
08-18-20,Lauderdale,570,7,545,6,25,1,635,9,7118,79,7753,88,0,9,-9,73,16,488,0,34,12
08-18-20,Lawrence,652,9,646,9,6,0,780,21,7188,98,7968,119,1,8,-4,108,12,536,0,29,9
08-18-20,Lewis,97,4,97,4,0,0,110,4,2678,39,2788,43,0,1,0,21,4,75,0,9,1
08-18-20,Lincoln,380,11,376,9,4,2,473,16,5181,159,5654,175,0,1,5,75,6,304,2,16,1
08-18-20,Loudon,797,8,773,8,24,0,885,10,8363,104,9248,114,0,3,-3,85,11,709,0,25,4
08-18-20,Macon,894,5,885,4,9,1,1093,6,5151,56,6244,62,0,13,3,29,2,852,1,70,18
08-18-20,Madison,1482,43,1440,43,42,0,1661,71,17231,682,18892,753,1,27,3,77,39,1378,4,108,35
08-18-20,Marion,292,6,289,6,3,0,366,13,3857,53,4223,66,0,5,4,46,2,241,1,26,6
08-18-20,Marshall,384,4,381,4,3,0,448,5,5569,78,6017,83,0,4,0,89,4,291,0,16,4
08-18-20,Maury,1467,7,1460,7,7,0,1746,16,15013,501,16759,517,1,11,-13,242,19,1214,0,59,13
08-18-20,McMinn,678,25,673,24,5,1,808,30,10306,306,11114,336,0,20,10,107,15,551,1,47,22
08-18-20,McNairy,438,8,372,5,66,3,510,9,4226,46,4736,55,1,7,-3,56,10,375,0,27,11
08-18-20,Meigs,126,1,124,1,2,0,157,1,1942,28,2099,29,0,1,-1,14,2,111,0,6,2
08-18-20,Monroe,583,12,570,12,13,0,664,18,6188,112,6852,130,0,10,7,120,5,453,0,48,9
08-18-20,Montgomery,2257,28,2214,28,43,0,2604,42,27790,389,30394,431,2,18,-11,257,37,1982,1,107,29
08-18-20,Moore,97,0,94,0,3,0,117,0,1178,127,1295,127,0,0,-3,20,3,77,0,1,0
08-18-20,Morgan,176,6,170,6,6,0,196,7,5356,115,5552,122,0,1,-3,32,9,143,1,5,1
08-18-20,Obion,716,13,705,13,11,0,796,15,6320,81,7116,96,0,4,-16,118,29,594,1,31,6
08-18-20,Out of State,1482,16,1465,15,17,1,1672,27,186222,2992,187894,3019,1,22,-3,103,18,1357,0,55,6
08-18-20,Overton,334,18,326,17,8,1,368,17,4492,102,4860,119,0,1,3,117,15,216,0,11,1
08-18-20,Pending,468,9,460,8,8,1,553,13,126245,1932,126798,1945,-1,4,-10,77,20,387,0,6,0
08-18-20,Perry,93,1,86,1,7,0,102,1,2055,32,2157,33,0,0,1,15,0,78,0,5,0
08-18-20,Pickett,41,2,39,2,2,0,42,2,729,11,771,13,0,1,1,9,1,31,0,0,1
08-18-20,Polk,306,9,301,8,5,1,353,18,2282,109,2635,127,1,9,1,48,7,249,0,16,9
08-18-20,Putnam,1923,38,1904,38,19,0,2337,45,20006,287,22343,332,1,21,5,256,32,1646,2,75,25
08-18-20,Rhea,588,5,588,5,0,0,706,5,6661,68,7367,73,0,2,-1,58,6,528,0,15,3
08-18-20,Roane,540,5,522,5,18,0,647,7,11830,192,12477,199,0,2,-6,79,11,459,0,23,2
08-18-20,Robertson,1701,13,1694,13,7,0,2111,30,11454,258,13565,288,1,22,-11,102,23,1577,1,125,30
08-18-20,Rutherford,7355,69,7336,68,19,1,8969,94,55058,801,64027,895,2,61,-16,608,83,6686,0,223,68
08-18-20,Scott,147,1,144,1,3,0,161,1,2716,59,2877,60,0,2,-3,19,4,126,0,11,2
08-18-20,Sequatchie,149,1,148,1,1,0,174,3,3302,31,3476,34,0,1,0,23,1,125,0,8,1
08-18-20,Sevier,2076,16,2015,15,61,1,2305,21,18267,210,20572,231,0,10,-7,195,23,1871,0,74,13
08-18-20,Shelby,25471,169,25357,164,114,5,31235,245,267690,4031,298925,4276,6,340,-110,1986,273,23145,7,1905,398
08-18-20,Smith,509,8,499,6,10,2,607,15,3762,52,4369,67,0,4,4,40,4,465,0,23,8
08-18-20,Stewart,89,3,89,3,0,0,112,3,1864,26,1976,29,0,0,3,13,0,76,1,4,0
08-18-20,Sullivan,1225,8,1157,6,68,2,1327,9,18879,445,20206,454,1,19,-21,174,28,1032,0,121,22
08-18-20,Sumner,3822,48,3804,48,18,0,4582,60,28853,802,33435,862,1,77,-3,304,50,3441,1,331,84
08-18-20,Tipton,1319,13,1295,8,24,5,1538,16,14896,142,16434,158,0,12,3,68,10,1239,0,76,15
08-18-20,Trousdale,1594,1,1591,1,3,0,1662,0,3554,36,5216,36,0,6,0,6,1,1582,0,18,6
08-18-20,Unicoi,186,6,183,6,3,0,204,6,3817,160,4021,166,0,0,5,26,1,160,0,5,0
08-18-20,Union,194,2,187,2,7,0,213,5,2876,30,3089,35,0,0,-3,28,5,166,0,6,0
08-18-20,Van Buren,52,1,52,1,0,0,55,1,873,34,928,35,0,0,0,9,1,43,0,3,0
08-18-20,Warren,635,7,604,7,31,0,711,15,8886,131,9597,146,0,6,-14,107,21,522,0,11,6
08-18-20,Washington,1446,33,1408,30,38,3,1628,39,19532,431,21160,470,1,3,2,212,30,1231,1,71,5
08-18-20,Wayne,250,4,245,4,5,0,275,4,4283,30,4558,34,0,2,2,15,2,233,0,11,2
08-18-20,Weakley,697,20,655,20,42,0,762,31,6835,125,7597,156,2,7,-5,253,23,437,0,21,10
08-18-20,White,360,12,355,12,5,0,424,16,5378,264,5802,280,0,6,6,86,6,268,0,18,7
08-18-20,Williamson,3935,52,3915,52,20,0,4686,64,45856,910,50542,974,1,27,-3,428,54,3480,1,104,28
08-18-20,Wilson,2602,34,2596,34,6,0,3125,39,26404,423,29529,462,1,26,6,264,27,2312,0,94,27
08-17-20,Anderson,802,4,784,4,18,0,948,3,16975,65,17923,68,0,6,-13,120,17,676,0,34,7
08-17-20,Bedford,986,2,962,1,24,1,1181,1,7784,35,8965,36,0,12,-4,74,6,900,0,40,14
08-17-20,Benton,188,3,184,3,4,0,201,4,2374,17,2575,21,0,2,-9,46,12,140,0,15,3
08-17-20,Bledsoe,764,3,761,3,3,0,791,4,5069,0,5860,4,0,2,-3,60,6,702,0,17,3
08-17-20,Blount,1660,24,1629,24,31,0,1940,25,17768,54,19708,79,0,15,-17,271,41,1374,0,78,15
08-17-20,Bradley,2244,8,2194,8,50,0,2679,8,15776,15,18455,23,0,16,-33,271,41,1957,0,128,16
08-17-20,Campbell,301,1,292,0,9,1,347,0,6771,14,7118,14,1,2,-7,37,7,262,0,15,2
08-17-20,Cannon,167,1,158,1,9,0,208,1,2387,8,2595,9,0,0,-4,21,5,146,0,6,0
08-17-20,Carroll,382,11,335,8,47,3,410,6,4731,38,5141,44,0,6,-9,92,20,284,0,25,6
08-17-20,Carter,726,8,695,5,31,3,798,9,9862,27,10660,36,0,6,-13,166,21,554,0,57,10
08-17-20,Cheatham,651,5,647,5,4,0,797,4,7211,26,8008,30,0,9,1,62,4,580,2,27,9
08-17-20,Chester,315,12,280,11,35,1,340,10,2095,9,2435,19,0,2,8,67,4,246,0,11,3
08-17-20,Claiborne,307,3,289,3,18,0,338,2,6448,28,6786,30,0,1,-7,39,10,267,0,13,4
08-17-20,Clay,105,0,99,0,6,0,110,1,1664,23,1774,24,0,0,0,21,0,84,0,3,1
08-17-20,Cocke,574,3,545,3,29,0,619,4,5363,40,5982,44,0,5,-10,98,13,471,0,28,6
08-17-20,Coffee,609,5,571,5,38,0,736,5,10696,26,11432,31,0,4,-22,114,27,491,1,23,5
08-17-20,Crockett,318,6,294,4,24,2,350,5,2021,2,2371,7,0,7,-4,29,10,282,0,17,15
08-17-20,Cumberland,626,3,622,3,4,0,781,4,14093,46,14874,50,0,7,-14,181,17,438,1,36,7
08-17-20,Davidson,22935,82,22848,71,87,11,28588,88,215724,883,244312,971,3,230,-138,1765,217,20940,8,993,253
08-17-20,Decatur,245,2,189,1,56,1,278,1,3316,6,3594,7,0,3,-8,41,10,201,0,7,4
08-17-20,Dekalb,372,1,369,1,3,0,461,1,5209,27,5670,28,0,2,-7,55,8,315,0,16,4
08-17-20,Dickson,800,7,751,6,49,1,1002,5,9004,44,10006,49,0,4,-9,116,16,680,3,42,6
08-17-20,Dyer,770,7,729,3,41,4,843,7,6584,19,7427,26,0,9,-17,110,24,651,0,47,10
08-17-20,Fayette,831,5,819,4,12,1,1064,7,11188,54,12252,61,0,8,-9,100,14,723,0,67,14
08-17-20,Fentress,130,3,129,2,1,1,143,5,2403,4,2546,9,0,0,-1,38,4,92,0,10,0
08-17-20,Franklin,409,3,399,3,10,0,498,4,7972,78,8470,82,0,4,-6,78,9,327,1,25,5
08-17-20,Gibson,825,18,704,13,121,5,917,13,8426,11,9343,24,0,9,-4,131,22,685,1,41,13
08-17-20,Giles,429,0,427,0,2,0,516,0,5819,11,6335,11,1,14,-5,49,4,366,0,30,14
08-17-20,Grainger,229,4,216,3,13,1,269,4,3432,24,3701,28,0,1,-5,29,9,199,1,15,1
08-17-20,Greene,620,14,588,14,32,0,748,14,9112,12,9860,26,0,9,-11,139,25,472,1,43,9
08-17-20,Grundy,134,1,133,1,1,0,158,1,1623,3,1781,4,0,2,-1,24,2,108,1,17,2
08-17-20,Hamblen,1544,1,1479,1,65,0,1689,2,13506,134,15195,136,0,15,-19,131,20,1398,0,78,22
08-17-20,Hamilton,6697,101,6629,51,68,50,7807,56,87752,417,95559,473,1,60,24,680,76,5957,5,309,68
08-17-20,Hancock,93,0,86,0,7,0,100,0,1302,3,1402,3,0,2,-1,8,1,83,0,11,2
08-17-20,Hardeman,1119,16,1076,15,43,1,1265,17,9412,16,10677,33,0,18,-17,176,33,925,0,54,22
08-17-20,Hardin,537,2,469,1,68,1,607,2,7837,149,8444,151,0,8,-16,63,18,466,0,19,10
08-17-20,Hawkins,586,7,573,5,13,2,673,7,6314,17,6987,24,0,10,-11,125,18,451,1,44,12
08-17-20,Haywood,665,6,635,5,30,1,703,6,4057,10,4760,16,0,7,-16,170,22,488,1,30,10
08-17-20,Henderson,730,20,602,11,128,9,897,17,5293,13,6190,30,0,3,-3,144,23,583,2,30,7
08-17-20,Henry,333,2,325,2,8,0,403,2,6256,33,6659,35,0,1,-9,61,11,271,0,27,3
08-17-20,Hickman,310,3,301,3,9,0,389,3,3757,13,4146,16,0,1,-4,60,7,249,0,8,1
08-17-20,Houston,75,1,73,0,2,1,87,1,1348,6,1435,7,0,0,0,12,1,63,0,9,0
08-17-20,Humphreys,145,2,133,2,12,0,166,1,3458,16,3624,17,0,3,-1,19,3,123,0,4,3
08-17-20,Jackson,183,0,177,0,6,0,210,1,1678,2,1888,3,0,1,-3,36,3,146,0,12,2
08-17-20,Jefferson,668,1,597,0,71,1,711,0,9286,37,9997,37,0,4,-17,96,18,568,0,38,6
08-17-20,Johnson,353,2,350,2,3,0,390,2,4199,2,4589,4,1,1,-17,94,18,258,0,13,1
08-17-20,Knox,5613,49,5424,40,189,9,6218,50,85193,362,91411,412,1,43,-71,839,119,4731,0,250,54
08-17-20,Lake,798,1,796,1,2,0,982,1,4704,12,5686,13,0,1,-7,26,8,771,0,6,1
08-17-20,Lauderdale,563,1,539,1,24,0,626,1,7039,12,7665,13,0,9,-9,82,10,472,0,34,12
08-17-20,Lawrence,643,6,637,6,6,0,759,3,7090,21,7849,24,0,7,-7,112,13,524,1,29,9
08-17-20,Lewis,93,0,93,0,0,0,106,0,2639,4,2745,4,0,1,-5,21,5,71,0,9,1
08-17-20,Lincoln,369,0,367,0,2,0,457,0,5022,161,5479,161,0,1,-14,70,14,298,0,14,1
08-17-20,Loudon,789,2,765,2,24,0,875,1,8259,20,9134,21,0,3,-13,88,15,698,0,25,4
08-17-20,Macon,889,1,881,1,8,0,1087,2,5095,12,6182,14,0,13,-1,26,2,850,0,69,18
08-17-20,Madison,1439,29,1397,28,42,1,1590,31,16549,112,18139,143,0,26,-10,74,39,1339,4,104,35
08-17-20,Marion,286,3,283,2,3,1,353,2,3804,10,4157,12,0,5,0,42,3,239,0,25,6
08-17-20,Marshall,380,2,377,2,3,0,443,1,5491,16,5934,17,0,4,-2,89,4,287,0,16,4
08-17-20,Maury,1460,8,1453,8,7,0,1730,12,14512,49,16242,61,0,10,-35,255,43,1195,2,59,13
08-17-20,McMinn,653,2,649,2,4,0,778,3,10000,71,10778,74,0,20,-11,97,13,536,0,46,22
08-17-20,McNairy,430,8,367,2,63,6,501,15,4180,26,4681,41,0,6,0,59,8,365,0,27,11
08-17-20,Meigs,125,1,123,0,2,1,156,0,1914,4,2070,4,1,1,-3,15,3,109,0,6,2
08-17-20,Monroe,571,4,558,4,13,0,646,4,6076,28,6722,32,0,10,-6,113,10,448,0,48,9
08-17-20,Montgomery,2229,7,2186,6,43,1,2562,6,27401,63,29963,69,0,16,-34,268,41,1945,1,106,29
08-17-20,Moore,97,0,94,0,3,0,117,0,1051,1,1168,1,0,0,-2,23,2,74,0,1,0
08-17-20,Morgan,170,2,164,2,6,0,189,1,5241,12,5430,13,0,1,-7,35,9,134,0,4,1
08-17-20,Obion,703,3,692,3,11,0,781,4,6239,16,7020,20,0,4,-27,134,30,565,0,30,6
08-17-20,Out of State,1466,7,1450,6,16,1,1645,9,183230,642,184875,651,-1,21,-14,106,22,1339,0,55,6
08-17-20,Overton,316,4,309,2,7,2,351,5,4390,2,4741,7,0,1,-4,114,8,201,0,11,1
08-17-20,Pending,459,8,452,8,7,0,540,8,124313,609,124853,617,1,5,-3,87,10,367,1,6,0
08-17-20,Perry,92,2,85,1,7,1,101,2,2023,4,2124,6,0,0,2,14,0,78,1,5,0
08-17-20,Pickett,39,2,37,0,2,2,40,2,718,4,758,6,0,1,1,8,1,30,0,0,1
08-17-20,Polk,297,2,293,2,4,0,335,3,2173,4,2508,7,0,8,-8,47,10,242,1,16,9
08-17-20,Putnam,1885,3,1866,2,19,1,2292,2,19719,11,22011,13,0,20,-33,251,36,1614,0,73,24
08-17-20,Rhea,583,3,583,3,0,0,701,3,6593,23,7294,26,0,2,-5,59,8,522,0,15,3
08-17-20,Roane,535,2,517,2,18,0,640,2,11638,41,12278,43,0,2,-22,85,24,448,0,23,2
08-17-20,Robertson,1688,1,1681,1,7,0,2081,4,11196,54,13277,58,0,21,-26,113,27,1554,0,124,30
08-17-20,Rutherford,7286,23,7268,21,18,2,8875,26,54257,344,63132,370,0,59,-76,624,99,6603,1,223,67
08-17-20,Scott,146,1,143,1,3,0,160,2,2657,13,2817,15,0,2,-4,22,5,122,0,11,2
08-17-20,Sequatchie,148,6,147,6,1,0,171,5,3271,20,3442,25,0,1,2,23,4,124,1,8,1
08-17-20,Sevier,2060,3,2000,3,60,0,2284,6,18057,71,20341,77,1,10,-24,202,26,1848,0,74,12
08-17-20,Shelby,25302,155,25193,153,109,2,30990,197,263659,2367,294649,2564,7,334,-132,2096,280,22872,9,1898,393
08-17-20,Smith,501,0,493,0,8,0,592,0,3710,16,4302,16,0,4,-5,36,5,461,0,23,8
08-17-20,Stewart,86,3,86,3,0,0,109,1,1838,9,1947,10,0,0,2,10,1,76,0,3,0
08-17-20,Sullivan,1217,2,1151,1,66,1,1318,6,18434,62,19752,68,2,18,-32,195,32,1004,0,121,22
08-17-20,Sumner,3774,20,3756,19,18,1,4522,24,28051,115,32573,139,1,76,-22,307,41,3391,1,330,84
08-17-20,Tipton,1306,6,1287,6,19,0,1522,6,14754,52,16276,58,0,12,-18,65,24,1229,0,76,15
08-17-20,Trousdale,1593,0,1590,0,3,0,1662,1,3518,4,5180,5,0,6,-1,6,1,1581,0,18,6
08-17-20,Unicoi,180,0,177,0,3,0,198,0,3657,5,3855,5,0,0,-2,21,2,159,0,5,0
08-17-20,Union,192,3,185,2,7,1,208,2,2846,5,3054,7,0,0,-3,31,6,161,0,6,0
08-17-20,Van Buren,51,0,51,0,0,0,54,0,839,1,893,1,0,0,-1,9,1,42,0,3,0
08-17-20,Warren,628,2,597,2,31,0,696,2,8755,15,9451,17,0,6,-26,121,28,501,0,11,6
08-17-20,Washington,1413,7,1378,7,35,0,1589,8,19101,40,20690,48,0,2,-14,210,21,1201,2,70,5
08-17-20,Wayne,246,2,241,2,5,0,271,1,4253,10,4524,11,0,2,1,13,1,231,1,11,2
08-17-20,Weakley,677,12,635,11,42,1,731,6,6710,23,7441,29,0,5,-2,258,14,414,0,21,10
08-17-20,White,348,0,343,0,5,0,408,1,5114,12,5522,13,0,6,-20,80,20,262,0,18,7
08-17-20,Williamson,3883,21,3863,21,20,0,4622,28,44946,188,49568,216,0,26,-17,431,38,3426,0,103,27
08-17-20,Wilson,2568,12,2562,11,6,1,3086,15,25981,139,29067,154,1,25,-40,258,51,2285,2,94,27
08-16-20,Anderson,798,12,780,12,18,0,945,13,16910,136,17855,149,0,6,7,133,5,659,0,34,7
08-16-20,Bedford,984,6,961,5,23,1,1180,10,7749,103,8929,113,0,12,0,78,6,894,0,40,14
08-16-20,Benton,185,4,181,4,4,0,197,4,2357,34,2554,38,0,2,-1,55,5,128,1,15,2
08-16-20,Bledsoe,761,3,758,3,3,0,787,2,5069,66,5856,68,0,2,1,63,2,696,0,17,3
08-16-20,Blount,1636,21,1605,21,31,0,1915,24,17714,208,19629,232,0,15,-3,288,24,1333,0,78,15
08-16-20,Bradley,2236,18,2186,18,50,0,2671,33,15761,316,18432,349,0,16,-10,304,28,1916,0,128,16
08-16-20,Campbell,300,3,292,2,8,1,347,4,6757,44,7104,48,0,1,0,44,3,255,0,15,2
08-16-20,Cannon,166,4,157,4,9,0,207,4,2379,31,2586,35,0,0,1,25,3,141,0,6,0
08-16-20,Carroll,371,5,327,5,44,0,404,6,4693,101,5097,107,0,6,-2,101,7,264,1,25,6
08-16-20,Carter,718,20,690,20,28,0,789,18,9835,137,10624,155,0,6,11,179,9,533,1,57,9
08-16-20,Cheatham,646,9,642,9,4,0,793,13,7185,97,7978,110,0,9,4,61,5,576,0,25,9
08-16-20,Chester,303,7,269,7,34,0,330,7,2086,41,2416,48,0,2,-1,59,8,242,1,11,3
08-16-20,Claiborne,304,7,286,6,18,1,336,7,6420,132,6756,139,1,1,4,46,2,257,0,13,4
08-16-20,Clay,105,2,99,2,6,0,109,2,1641,39,1750,41,0,0,2,21,0,84,0,3,1
08-16-20,Cocke,571,10,542,10,29,0,615,15,5323,53,5938,68,0,5,7,108,3,458,0,28,6
08-16-20,Coffee,604,7,566,7,38,0,731,15,10670,168,11401,183,0,4,-7,136,14,464,1,22,5
08-16-20,Crockett,312,4,290,4,22,0,345,5,2019,32,2364,37,0,7,1,33,3,272,0,17,15
08-16-20,Cumberland,623,26,619,26,4,0,777,28,14047,252,14824,280,0,7,19,195,7,421,0,35,7
08-16-20,Davidson,22853,176,22777,168,76,8,28500,239,214841,2082,243341,2321,7,227,50,1903,119,20723,8,985,252
08-16-20,Decatur,243,5,188,5,55,0,277,8,3310,70,3587,78,0,3,1,49,4,191,0,7,4
08-16-20,Dekalb,371,5,368,5,3,0,460,8,5182,122,5642,130,0,2,5,62,0,307,1,16,3
08-16-20,Dickson,793,6,745,6,48,0,997,9,8960,109,9957,118,0,4,0,125,6,664,0,39,6
08-16-20,Dyer,763,7,726,7,37,0,836,8,6565,91,7401,99,0,9,-3,127,10,627,0,47,10
08-16-20,Fayette,826,6,815,6,11,0,1057,10,11134,66,12191,76,0,8,2,109,4,709,0,67,14
08-16-20,Fentress,127,2,127,2,0,0,138,2,2399,36,2537,38,0,0,-2,39,4,88,0,10,0
08-16-20,Franklin,406,6,396,6,10,0,494,8,7894,161,8388,169,0,4,2,84,4,318,0,24,5
08-16-20,Gibson,807,11,691,11,116,0,904,14,8415,95,9319,109,0,9,-1,135,12,663,0,40,13
08-16-20,Giles,429,5,427,5,2,0,516,6,5808,122,6324,128,0,13,3,54,2,362,0,30,14
08-16-20,Grainger,225,6,213,6,12,0,265,7,3408,39,3673,46,0,1,4,34,2,190,0,14,1
08-16-20,Greene,606,16,574,16,32,0,734,31,9100,138,9834,169,0,9,7,150,9,447,0,42,9
08-16-20,Grundy,133,1,132,1,1,0,157,1,1620,38,1777,39,0,2,1,25,0,106,0,16,2
08-16-20,Hamblen,1543,13,1478,13,65,0,1687,14,13372,142,15059,156,0,15,4,150,9,1378,1,78,22
08-16-20,Hamilton,6596,75,6578,75,18,0,7751,104,87335,1380,95086,1484,1,59,19,656,55,5881,2,304,67
08-16-20,Hancock,93,0,86,0,7,0,100,0,1299,19,1399,19,0,2,0,9,0,82,0,11,2
08-16-20,Hardeman,1103,23,1061,22,42,1,1248,24,9396,102,10644,126,0,18,14,193,9,892,1,54,22
08-16-20,Hardin,535,9,468,9,67,0,605,11,7688,163,8293,174,0,8,6,79,3,448,1,19,10
08-16-20,Hawkins,579,11,568,11,11,0,666,17,6297,84,6963,101,0,10,-4,136,15,433,0,43,10
08-16-20,Haywood,659,16,630,16,29,0,697,18,4047,85,4744,103,0,7,10,186,6,466,1,29,10
08-16-20,Henderson,710,10,591,10,119,0,880,27,5280,140,6160,167,0,3,1,147,9,560,1,28,7
08-16-20,Henry,331,6,323,6,8,0,401,9,6223,108,6624,117,0,1,0,70,6,260,0,27,2
08-16-20,Hickman,307,4,298,4,9,0,386,7,3744,44,4130,51,0,1,1,64,3,242,0,8,1
08-16-20,Houston,74,1,73,1,1,0,86,1,1342,19,1428,20,0,0,1,12,0,62,0,9,0
08-16-20,Humphreys,143,0,131,0,12,0,165,0,3442,26,3607,26,0,3,-3,20,3,120,0,4,3
08-16-20,Jackson,183,6,177,6,6,0,209,6,1676,25,1885,31,0,1,6,39,0,143,0,12,2
08-16-20,Jefferson,667,6,597,4,70,2,711,5,9249,67,9960,72,0,4,1,113,5,550,1,38,6
08-16-20,Johnson,351,5,348,5,3,0,388,14,4197,54,4585,68,0,0,-11,111,16,240,0,13,1
08-16-20,Knox,5564,80,5384,74,180,6,6168,76,84831,560,90999,636,0,42,7,910,73,4612,1,250,53
08-16-20,Lake,797,3,795,3,2,0,981,4,4692,30,5673,34,0,1,3,33,0,763,0,6,1
08-16-20,Lauderdale,562,1,538,1,24,0,625,2,7027,59,7652,61,0,9,-1,91,2,462,0,34,12
08-16-20,Lawrence,637,8,631,7,6,1,756,11,7069,103,7825,114,0,7,-5,119,13,511,0,28,9
08-16-20,Lewis,93,0,93,0,0,0,106,3,2635,61,2741,64,0,1,0,26,0,66,0,9,1
08-16-20,Lincoln,369,6,367,6,2,0,457,12,4861,68,5318,80,0,1,4,84,2,284,0,14,1
08-16-20,Loudon,787,8,763,8,24,0,874,10,8239,88,9113,98,0,3,4,101,4,683,0,25,4
08-16-20,Macon,888,5,880,5,8,0,1085,7,5083,44,6168,51,0,13,5,27,0,848,2,69,18
08-16-20,Madison,1410,36,1369,36,41,0,1559,40,16437,316,17996,356,1,26,18,84,17,1300,0,100,34
08-16-20,Marion,283,5,281,5,2,0,351,5,3794,74,4145,79,0,5,1,42,4,236,0,25,6
08-16-20,Marshall,378,10,375,10,3,0,442,13,5475,121,5917,134,0,4,7,91,3,283,0,16,4
08-16-20,Maury,1452,29,1445,29,7,0,1718,44,14463,273,16181,317,1,10,15,290,13,1152,1,57,13
08-16-20,McMinn,651,15,647,15,4,0,775,20,9929,143,10704,163,0,20,14,108,1,523,0,46,22
08-16-20,McNairy,422,9,365,8,57,1,486,8,4154,63,4640,71,0,6,5,59,4,357,1,27,11
08-16-20,Meigs,124,4,123,4,1,0,156,5,1910,28,2066,33,0,0,3,18,1,106,0,6,2
08-16-20,Monroe,567,11,554,11,13,0,642,15,6048,141,6690,156,0,10,10,119,1,438,0,48,9
08-16-20,Montgomery,2222,24,2180,23,42,1,2556,30,27338,357,29894,387,0,16,5,302,19,1904,1,105,27
08-16-20,Moore,97,2,94,1,3,1,117,3,1050,20,1167,23,0,0,0,25,2,72,1,1,0
08-16-20,Morgan,168,4,162,4,6,0,188,4,5229,20,5417,24,0,1,1,42,3,125,0,4,1
08-16-20,Obion,700,17,689,17,11,0,777,19,6223,103,7000,122,0,4,8,161,9,535,0,30,6
08-16-20,Out of State,1459,13,1444,13,15,0,1636,18,182588,1342,184224,1360,2,22,-1,120,12,1317,1,55,6
08-16-20,Overton,312,12,307,12,5,0,346,13,4388,68,4734,81,0,1,7,118,5,193,0,11,1
08-16-20,Pending,451,12,444,12,7,0,532,17,123704,1069,124236,1086,1,4,5,90,6,357,0,5,0
08-16-20,Perry,90,3,84,3,6,0,99,3,2019,18,2118,21,0,0,3,12,0,78,0,4,0
08-16-20,Pickett,37,0,37,0,0,0,38,0,714,2,752,2,0,1,-2,7,2,29,0,0,1
08-16-20,Polk,295,15,291,15,4,0,332,18,2169,45,2501,63,0,8,11,55,4,232,0,15,9
08-16-20,Putnam,1882,24,1864,24,18,0,2290,28,19708,298,21998,326,0,20,-2,284,26,1578,0,73,24
08-16-20,Rhea,580,5,580,5,0,0,698,6,6570,208,7268,214,0,2,3,64,2,514,0,15,3
08-16-20,Roane,533,8,515,8,18,0,638,8,11597,71,12235,79,0,2,2,107,6,424,0,23,2
08-16-20,Robertson,1687,9,1680,9,7,0,2077,10,11142,99,13219,109,0,21,-2,139,11,1527,1,124,28
08-16-20,Rutherford,7263,65,7247,65,16,0,8849,77,53913,696,62762,773,0,59,15,700,50,6504,1,222,66
08-16-20,Scott,145,1,142,1,3,0,158,1,2644,40,2802,41,0,2,-4,26,5,117,0,11,2
08-16-20,Sequatchie,142,3,141,3,1,0,166,4,3251,92,3417,96,0,1,1,21,2,120,0,7,1
08-16-20,Sevier,2057,15,1997,15,60,0,2278,16,17986,135,20264,151,0,9,1,226,14,1822,1,74,12
08-16-20,Shelby,25147,116,25040,116,107,0,30793,170,261292,1404,292085,1574,4,327,-15,2228,127,22592,0,1889,391
08-16-20,Smith,501,5,493,5,8,0,592,6,3694,39,4286,45,0,4,4,41,1,456,0,23,8
08-16-20,Stewart,83,0,83,0,0,0,108,0,1829,80,1937,80,0,0,-1,8,1,75,0,3,0
08-16-20,Sullivan,1215,16,1150,15,65,1,1312,20,18372,212,19684,232,0,16,-3,227,19,972,3,121,22
08-16-20,Sumner,3754,14,3737,14,17,0,4498,17,27936,225,32434,242,0,75,-11,329,25,3350,2,329,84
08-16-20,Tipton,1300,7,1281,7,19,0,1516,9,14702,79,16218,88,0,12,-4,83,11,1205,0,76,15
08-16-20,Trousdale,1593,1,1590,1,3,0,1661,1,3514,22,5175,23,0,6,0,7,1,1580,0,18,6
08-16-20,Unicoi,180,0,177,0,3,0,198,2,3652,40,3850,42,0,0,-1,23,1,157,0,5,0
08-16-20,Union,189,2,183,2,6,0,206,2,2841,27,3047,29,0,0,-3,34,5,155,0,6,0
08-16-20,Van Buren,51,1,51,1,0,0,54,1,838,14,892,15,0,0,1,10,0,41,0,3,0
08-16-20,Warren,626,29,595,29,31,0,694,30,8740,232,9434,262,1,6,18,147,10,473,0,11,6
08-16-20,Washington,1406,30,1371,29,35,1,1581,38,19061,297,20642,335,0,2,0,224,30,1180,0,68,4
08-16-20,Wayne,244,3,239,3,5,0,270,4,4243,33,4513,37,0,2,1,12,2,230,0,10,2
08-16-20,Weakley,665,28,624,28,41,0,725,30,6687,190,7412,220,0,5,13,260,15,400,1,21,10
08-16-20,White,348,10,343,10,5,0,407,12,5102,71,5509,83,1,6,-2,100,11,242,1,18,7
08-16-20,Williamson,3862,51,3842,50,20,1,4594,58,44758,480,49352,538,0,26,16,448,35,3388,1,103,26
08-16-20,Wilson,2556,29,2551,29,5,0,3071,33,25842,288,28913,321,1,24,2,298,26,2234,1,92,27
08-15-20,Anderson,786,10,768,10,18,0,932,12,16774,216,17706,228,-1,6,5,126,6,654,0,34,6
08-15-20,Bedford,978,17,956,16,22,1,1170,28,7646,180,8816,208,1,12,8,78,8,888,0,40,14
08-15-20,Benton,181,4,177,4,4,0,193,4,2323,20,2516,24,1,2,-1,56,4,123,0,14,2
08-15-20,Bledsoe,758,9,755,9,3,0,785,12,5003,91,5788,103,0,2,6,62,3,694,0,17,3
08-15-20,Blount,1615,29,1584,27,31,2,1891,33,17506,184,19397,217,0,15,11,291,18,1309,1,78,15
08-15-20,Bradley,2218,38,2168,38,50,0,2638,42,15445,198,18083,240,1,16,12,314,25,1888,1,128,16
08-15-20,Campbell,297,4,290,4,7,0,343,6,6713,184,7056,190,0,1,1,44,3,252,1,15,1
08-15-20,Cannon,162,1,153,1,9,0,203,1,2348,52,2551,53,0,0,-5,24,6,138,0,6,0
08-15-20,Carroll,366,12,322,6,44,6,398,12,4592,52,4990,64,0,6,6,103,6,257,1,24,6
08-15-20,Carter,698,20,670,19,28,1,771,29,9698,270,10469,299,0,6,4,168,16,524,0,56,8
08-15-20,Cheatham,637,8,633,7,4,1,780,9,7088,115,7868,124,0,9,3,57,5,571,0,25,9
08-15-20,Chester,296,21,262,19,34,2,323,21,2045,30,2368,51,0,2,16,60,5,234,1,10,3
08-15-20,Claiborne,297,1,280,1,17,0,329,2,6288,100,6617,102,0,0,-3,42,4,255,0,13,4
08-15-20,Clay,103,3,97,3,6,0,107,4,1602,30,1709,34,0,0,0,19,3,84,0,3,1
08-15-20,Cocke,561,12,532,11,29,1,600,11,5270,53,5870,64,0,5,6,101,6,455,0,28,6
08-15-20,Coffee,597,16,559,16,38,0,716,22,10502,193,11218,215,1,4,8,143,7,450,0,21,5
08-15-20,Crockett,308,5,286,4,22,1,340,7,1987,23,2327,30,1,7,0,32,4,269,0,17,14
08-15-20,Cumberland,597,10,593,10,4,0,749,13,13795,147,14544,160,0,7,3,176,7,414,0,35,7
08-15-20,Davidson,22677,218,22609,210,68,8,28261,301,212759,2864,241020,3165,-1,220,85,1853,134,20604,12,977,252
08-15-20,Decatur,238,3,183,2,55,1,269,5,3240,57,3509,62,0,3,-2,48,5,187,0,7,4
08-15-20,Dekalb,366,0,363,0,3,0,452,0,5060,26,5512,26,0,2,-2,57,2,307,0,15,3
08-15-20,Dickson,787,16,739,13,48,3,988,17,8851,167,9839,184,0,4,2,125,14,658,0,39,6
08-15-20,Dyer,756,11,719,11,37,0,828,13,6474,98,7302,111,0,9,4,130,7,617,0,47,10
08-15-20,Fayette,820,7,809,4,11,3,1047,10,11068,119,12115,129,0,8,-1,107,8,705,1,67,14
08-15-20,Fentress,125,16,125,16,0,0,136,17,2363,21,2499,38,0,0,14,41,2,84,0,10,0
08-15-20,Franklin,400,16,390,15,10,1,486,23,7733,252,8219,275,0,4,12,82,4,314,3,24,4
08-15-20,Gibson,796,22,680,14,116,8,890,24,8320,92,9210,116,0,9,5,136,17,651,0,40,11
08-15-20,Giles,424,5,422,5,2,0,510,9,5686,128,6196,137,0,13,1,51,4,360,0,30,14
08-15-20,Grainger,219,0,207,0,12,0,258,0,3369,33,3627,33,0,1,-8,30,8,188,0,14,1
08-15-20,Greene,590,29,558,29,32,0,703,46,8962,186,9665,232,0,9,17,143,12,438,0,42,9
08-15-20,Grundy,132,1,131,1,1,0,156,1,1582,37,1738,38,0,2,0,24,1,106,0,16,2
08-15-20,Hamblen,1530,11,1465,10,65,1,1673,14,13230,109,14903,123,0,15,-4,146,15,1369,0,77,22
08-15-20,Hamilton,6521,129,6503,129,18,0,7647,203,85955,1392,93602,1595,0,58,70,637,59,5826,5,302,67
08-15-20,Hancock,93,0,86,0,7,0,100,0,1280,21,1380,21,0,2,-1,9,1,82,0,11,2
08-15-20,Hardeman,1080,23,1039,19,41,4,1224,25,9294,60,10518,85,0,18,19,179,4,883,2,53,21
08-15-20,Hardin,526,10,459,9,67,1,594,10,7525,41,8119,51,0,8,4,73,6,445,0,18,10
08-15-20,Hawkins,568,27,557,26,11,1,649,45,6213,144,6862,189,0,10,9,140,18,418,0,43,10
08-15-20,Haywood,643,21,614,18,29,3,679,21,3962,121,4641,142,0,7,5,176,16,460,0,28,10
08-15-20,Henderson,700,7,581,3,119,4,853,7,5140,108,5993,115,1,3,-10,146,16,551,0,27,6
08-15-20,Henry,325,9,317,9,8,0,392,12,6115,47,6507,59,0,1,-2,70,11,254,0,27,1
08-15-20,Hickman,303,8,294,6,9,2,379,10,3700,73,4079,83,0,1,3,63,5,239,0,8,1
08-15-20,Houston,73,2,72,2,1,0,85,2,1323,20,1408,22,0,0,1,11,1,62,1,9,0
08-15-20,Humphreys,143,3,131,3,12,0,165,4,3416,53,3581,57,0,3,1,23,2,117,0,4,3
08-15-20,Jackson,177,1,171,1,6,0,203,1,1651,6,1854,7,0,1,-1,33,2,143,0,12,2
08-15-20,Jefferson,661,3,593,2,68,1,706,2,9182,69,9888,71,0,4,-7,112,10,545,1,37,5
08-15-20,Johnson,346,23,343,23,3,0,374,33,4143,84,4517,117,0,0,14,122,9,224,0,13,1
08-15-20,Knox,5484,119,5310,116,174,3,6092,128,84271,1214,90363,1342,1,42,41,903,77,4539,2,249,52
08-15-20,Lake,794,1,792,1,2,0,977,1,4662,13,5639,14,1,1,-4,30,4,763,0,6,1
08-15-20,Lauderdale,561,6,537,5,24,1,623,8,6968,83,7591,91,0,9,0,92,6,460,0,34,12
08-15-20,Lawrence,629,16,624,16,5,0,745,26,6966,159,7711,185,0,7,0,124,16,498,0,28,9
08-15-20,Lewis,93,7,93,7,0,0,103,9,2574,92,2677,101,0,1,5,26,2,66,0,9,1
08-15-20,Lincoln,363,10,361,10,2,0,445,15,4793,77,5238,92,0,1,8,80,2,282,1,14,1
08-15-20,Loudon,779,14,755,14,24,0,864,15,8151,104,9015,119,0,3,2,97,12,679,0,25,4
08-15-20,Macon,883,2,875,2,8,0,1078,2,5039,24,6117,26,0,13,-2,22,4,848,1,67,18
08-15-20,Madison,1374,36,1333,35,41,1,1519,41,16121,307,17640,348,2,25,6,66,28,1283,4,100,34
08-15-20,Marion,278,9,276,9,2,0,346,14,3720,68,4066,82,0,5,8,41,1,232,0,25,6
08-15-20,Marshall,368,21,365,19,3,2,429,27,5354,262,5783,289,0,4,20,84,1,280,0,16,4
08-15-20,Maury,1423,39,1416,39,7,0,1674,61,14190,314,15864,375,0,9,18,275,21,1139,2,56,13
08-15-20,McMinn,636,10,632,10,4,0,755,11,9786,170,10541,181,0,20,-2,94,12,522,0,46,22
08-15-20,McNairy,413,7,357,2,56,5,478,6,4091,39,4569,45,0,6,4,54,3,353,0,26,11
08-15-20,Meigs,120,2,119,2,1,0,151,3,1882,18,2033,21,0,0,2,15,0,105,0,6,1
08-15-20,Monroe,556,13,543,13,13,0,627,13,5907,123,6534,136,0,10,7,109,6,437,1,48,9
08-15-20,Montgomery,2198,46,2157,36,41,10,2526,42,26981,371,29507,413,1,16,15,297,30,1885,2,104,26
08-15-20,Moore,95,6,93,6,2,0,114,10,1030,27,1144,37,0,0,-2,25,8,70,0,0,0
08-15-20,Morgan,164,0,158,0,6,0,184,0,5209,36,5393,36,0,1,-1,41,1,122,0,4,1
08-15-20,Obion,683,16,672,16,11,0,758,17,6120,81,6878,98,0,4,9,153,7,526,0,30,6
08-15-20,Out of State,1446,16,1431,16,15,0,1618,22,181246,3182,182864,3204,0,20,-2,121,18,1305,0,54,6
08-15-20,Overton,300,13,295,13,5,0,333,13,4320,59,4653,72,0,1,10,111,3,188,0,11,1
08-15-20,Pending,439,16,432,16,7,0,515,19,122635,1499,123150,1518,0,3,12,85,4,351,0,5,0
08-15-20,Perry,87,0,81,0,6,0,96,1,2001,39,2097,40,0,0,0,9,0,78,0,4,0
08-15-20,Pickett,37,0,37,0,0,0,38,0,712,3,750,3,0,1,-3,9,3,27,0,0,1
08-15-20,Polk,280,10,276,9,4,1,314,16,2124,49,2438,65,3,8,5,44,2,228,0,15,9
08-15-20,Putnam,1858,6,1840,6,18,0,2262,7,19410,175,21672,182,0,20,-12,286,18,1552,0,73,24
08-15-20,Rhea,575,7,575,7,0,0,692,15,6362,209,7054,224,0,2,-2,61,9,512,0,15,3
08-15-20,Roane,525,9,507,9,18,0,630,10,11526,142,12156,152,0,2,3,105,6,418,0,23,2
08-15-20,Robertson,1678,20,1671,20,7,0,2067,19,11043,110,13110,129,0,21,8,141,12,1516,0,123,28
08-15-20,Rutherford,7198,105,7182,104,16,1,8772,138,53217,835,61989,973,2,59,41,685,62,6454,0,221,66
08-15-20,Scott,144,1,141,1,3,0,157,1,2604,35,2761,36,0,2,-3,30,4,112,0,11,2
08-15-20,Sequatchie,139,1,138,1,1,0,162,1,3159,54,3321,55,0,1,0,20,1,118,0,7,1
08-15-20,Sevier,2042,22,1982,22,60,0,2262,30,17851,199,20113,229,0,9,8,225,14,1808,0,73,11
08-15-20,Shelby,25031,215,24924,211,107,4,30623,302,259888,2966,290511,3268,2,323,34,2243,179,22465,13,1889,382
08-15-20,Smith,496,3,488,3,8,0,586,3,3655,31,4241,34,0,4,-1,37,4,455,0,23,8
08-15-20,Stewart,83,2,83,2,0,0,108,3,1749,18,1857,21,0,0,1,9,1,74,0,3,0
08-15-20,Sullivan,1199,45,1135,45,64,0,1292,56,18160,572,19452,628,0,16,15,230,30,953,1,118,21
08-15-20,Sumner,3740,30,3723,30,17,0,4481,48,27711,420,32192,468,1,75,2,340,27,3325,1,327,83
08-15-20,Tipton,1293,3,1274,2,19,1,1507,5,14623,149,16130,154,0,12,-2,87,5,1194,0,76,15
08-15-20,Trousdale,1592,1,1589,1,3,0,1660,2,3492,30,5152,32,0,6,-1,7,2,1579,0,18,6
08-15-20,Unicoi,180,5,177,5,3,0,196,7,3612,51,3808,58,0,0,-1,24,6,156,1,5,0
08-15-20,Union,187,5,181,5,6,0,204,5,2814,45,3018,50,0,0,-2,37,7,150,0,6,0
08-15-20,Van Buren,50,2,50,2,0,0,53,2,824,4,877,6,0,0,-1,9,3,41,0,3,0
08-15-20,Warren,597,8,566,8,31,0,664,7,8508,54,9172,61,1,5,-3,129,10,463,0,11,6
08-15-20,Washington,1376,28,1342,27,34,1,1543,45,18764,386,20307,431,0,2,4,224,24,1150,0,68,3
08-15-20,Wayne,241,3,236,3,5,0,266,2,4210,38,4476,40,0,2,1,11,2,228,1,10,2
08-15-20,Weakley,637,24,596,24,41,0,695,29,6497,157,7192,186,0,5,17,247,7,385,1,20,9
08-15-20,White,338,5,333,5,5,0,395,5,5031,15,5426,20,0,5,-7,102,12,231,0,17,7
08-15-20,Williamson,3811,82,3792,82,19,0,4536,83,44278,606,48814,689,1,26,38,432,43,3353,0,102,25
08-15-20,Wilson,2527,36,2522,36,5,0,3038,49,25554,431,28592,480,0,23,0,296,36,2208,0,91,26
08-14-20,Anderson,776,18,758,17,18,1,920,22,16558,322,17478,344,0,7,-8,121,26,648,0,34,6
08-14-20,Bedford,961,1,940,1,21,0,1142,3,7466,44,8608,47,0,11,-7,70,8,880,0,40,14
08-14-20,Benton,177,3,173,3,4,0,189,3,2303,27,2492,30,0,1,-8,57,11,119,0,14,2
08-14-20,Bledsoe,749,6,746,6,3,0,773,6,4912,56,5685,62,0,2,-2,56,8,691,1,17,3
08-14-20,Blount,1586,45,1557,44,29,1,1858,55,17322,310,19180,365,0,15,5,280,40,1291,3,77,15
08-14-20,Bradley,2180,17,2130,16,50,1,2596,24,15247,324,17843,348,0,15,-15,302,32,1863,3,127,16
08-14-20,Campbell,293,4,286,4,7,0,337,6,6529,71,6866,77,0,1,-4,43,8,249,0,14,1
08-14-20,Cannon,161,1,152,1,9,0,202,0,2296,14,2498,14,0,0,-1,29,2,132,0,6,0
08-14-20,Carroll,354,11,316,10,38,1,386,13,4540,80,4926,93,0,6,3,97,8,251,0,23,6
08-14-20,Carter,678,7,651,7,27,0,742,8,9428,37,10170,45,0,6,-17,164,24,508,1,56,8
08-14-20,Cheatham,629,5,626,5,3,0,771,8,6973,48,7744,56,0,9,-6,54,11,566,0,25,9
08-14-20,Chester,275,11,243,7,32,4,302,12,2015,26,2317,38,0,2,6,44,5,229,0,9,2
08-14-20,Claiborne,296,5,279,5,17,0,327,6,6188,60,6515,66,0,0,-5,45,10,251,0,13,3
08-14-20,Clay,100,1,94,1,6,0,103,1,1572,11,1675,12,0,0,-3,19,4,81,1,3,1
08-14-20,Cocke,549,7,521,6,28,1,589,7,5217,58,5806,65,0,5,-3,95,10,449,1,28,5
08-14-20,Coffee,581,7,543,6,38,1,694,5,10309,73,11003,78,0,3,-10,135,17,443,0,21,4
08-14-20,Crockett,303,3,282,2,21,1,333,2,1964,15,2297,17,1,6,-6,32,8,265,0,17,14
08-14-20,Cumberland,587,43,583,43,4,0,736,52,13648,205,14384,257,0,7,37,173,6,407,1,35,7
08-14-20,Davidson,22459,114,22399,111,60,3,27960,129,209895,616,237855,745,0,221,-30,1768,144,20470,9,965,249
08-14-20,Decatur,235,4,181,3,54,1,264,4,3183,116,3447,120,0,3,-1,50,5,182,0,7,4
08-14-20,Dekalb,366,7,363,7,3,0,452,8,5034,33,5486,41,1,2,-4,59,10,305,0,15,3
08-14-20,Dickson,771,4,726,3,45,1,971,4,8684,38,9655,42,1,4,-11,123,14,644,0,39,6
08-14-20,Dyer,745,25,708,16,37,9,815,18,6376,152,7191,170,0,9,13,126,12,610,1,47,10
08-14-20,Fayette,813,10,805,10,8,0,1037,14,10949,90,11986,104,0,8,-1,108,11,697,0,66,13
08-14-20,Fentress,109,1,109,1,0,0,119,1,2342,14,2461,15,0,0,0,27,1,82,0,10,0
08-14-20,Franklin,384,5,375,5,9,0,463,7,7481,54,7944,61,0,4,-2,70,7,310,0,21,4
08-14-20,Gibson,774,12,666,10,108,2,866,13,8228,93,9094,106,0,9,1,131,11,634,0,40,10
08-14-20,Giles,419,2,417,2,2,0,501,0,5558,10,6059,10,0,13,-8,50,10,356,0,30,13
08-14-20,Grainger,219,2,207,1,12,1,258,2,3336,31,3594,33,1,1,-8,38,9,180,0,14,1
08-14-20,Greene,561,2,529,1,32,1,657,3,8776,58,9433,61,0,9,-10,126,12,426,0,42,9
08-14-20,Grundy,131,2,130,2,1,0,155,2,1545,13,1700,15,0,2,1,24,1,105,0,16,2
08-14-20,Hamblen,1519,15,1455,15,64,0,1659,15,13121,192,14780,207,0,15,-8,150,23,1354,0,77,21
08-14-20,Hamilton,6392,52,6374,50,18,2,7444,44,84563,398,92007,442,2,58,-22,567,72,5767,1,297,64
08-14-20,Hancock,93,1,86,1,7,0,100,1,1259,2,1359,3,0,2,-1,10,2,81,0,11,2
08-14-20,Hardeman,1057,30,1020,29,37,1,1199,43,9234,146,10433,189,0,18,11,160,19,879,0,51,21
08-14-20,Hardin,516,7,450,6,66,1,584,7,7484,53,8068,60,0,8,0,69,7,439,0,18,10
08-14-20,Hawkins,541,3,531,3,10,0,604,6,6069,68,6673,74,0,10,-40,131,43,400,0,43,10
08-14-20,Haywood,622,23,596,19,26,4,658,23,3841,87,4499,110,0,7,8,171,15,444,0,28,9
08-14-20,Henderson,693,18,578,15,115,3,846,24,5032,141,5878,165,0,2,8,156,10,535,0,27,5
08-14-20,Henry,316,4,308,3,8,1,380,4,6068,106,6448,110,0,1,-2,72,6,243,0,27,1
08-14-20,Hickman,295,2,288,2,7,0,369,1,3627,6,3996,7,0,1,-5,60,7,234,0,8,1
08-14-20,Houston,71,1,70,1,1,0,83,1,1303,14,1386,15,0,0,0,10,1,61,0,8,0
08-14-20,Humphreys,140,2,128,1,12,1,161,3,3363,47,3524,50,0,3,-3,22,5,115,0,4,3
08-14-20,Jackson,176,1,170,1,6,0,202,2,1645,10,1847,12,0,1,-2,34,3,141,0,12,2
08-14-20,Jefferson,658,9,591,5,67,4,704,11,9113,133,9817,144,0,4,-1,119,10,535,0,36,5
08-14-20,Johnson,323,1,320,1,3,0,341,1,4059,5,4400,6,0,0,-26,108,27,215,0,13,0
08-14-20,Knox,5365,88,5194,79,171,9,5964,93,83057,1007,89021,1100,0,41,0,862,88,4462,2,247,52
08-14-20,Lake,793,0,791,0,2,0,976,0,4649,20,5625,20,0,0,-4,34,4,759,0,6,1
08-14-20,Lauderdale,555,11,532,8,23,3,615,15,6885,60,7500,75,0,9,-1,92,12,454,0,34,12
08-14-20,Lawrence,613,5,608,5,5,0,719,2,6807,17,7526,19,0,7,-6,124,11,482,0,28,9
08-14-20,Lewis,86,0,86,0,0,0,94,0,2482,12,2576,12,0,1,-5,21,5,64,0,9,1
08-14-20,Lincoln,353,3,351,3,2,0,430,3,4716,11,5146,14,0,1,-3,72,6,280,0,13,1
08-14-20,Loudon,765,6,741,5,24,1,849,7,8047,109,8896,116,0,3,-7,95,13,667,0,25,4
08-14-20,Macon,881,2,873,2,8,0,1076,3,5015,15,6091,18,0,13,-1,24,3,844,0,66,17
08-14-20,Madison,1338,25,1298,24,40,1,1478,31,15814,155,17292,186,0,23,-1,60,26,1255,1,96,32
08-14-20,Marion,269,1,267,1,2,0,332,1,3652,18,3984,19,0,5,-5,33,6,231,0,25,6
08-14-20,Marshall,347,5,346,4,1,1,402,5,5092,21,5494,26,0,4,0,64,5,279,0,16,4
08-14-20,Maury,1384,13,1377,13,7,0,1613,13,13876,70,15489,83,0,9,-1,257,14,1118,1,54,12
08-14-20,McMinn,626,4,622,3,4,1,744,6,9616,146,10360,152,0,20,0,96,4,510,1,46,22
08-14-20,McNairy,406,1,355,1,51,0,472,2,4052,36,4524,38,0,6,-9,50,10,350,0,26,10
08-14-20,Meigs,118,1,117,1,1,0,148,2,1864,14,2012,16,0,0,-1,13,2,105,0,6,1
08-14-20,Monroe,543,19,530,19,13,0,614,21,5784,126,6398,147,0,10,10,102,9,431,2,47,9
08-14-20,Montgomery,2152,20,2121,16,31,4,2484,22,26610,226,29094,248,0,15,-18,282,38,1855,1,102,26
08-14-20,Moore,89,0,87,0,2,0,104,2,1003,3,1107,5,0,0,-8,27,8,62,0,0,0
08-14-20,Morgan,164,8,158,6,6,2,184,7,5173,31,5357,38,0,1,-1,42,9,121,0,4,1
08-14-20,Obion,667,12,656,12,11,0,741,14,6039,67,6780,81,0,4,-11,144,23,519,0,30,6
08-14-20,Out of State,1430,7,1415,6,15,1,1596,9,178064,819,179660,828,1,20,-3,123,9,1287,0,54,5
08-14-20,Overton,287,8,282,7,5,1,320,8,4261,20,4581,28,0,1,-1,101,9,185,0,11,1
08-14-20,Pending,423,5,416,5,7,0,496,5,121136,847,121632,852,0,3,-3,73,8,347,0,5,0
08-14-20,Perry,87,1,81,1,6,0,95,0,1962,5,2057,5,0,0,-1,9,2,78,0,4,0
08-14-20,Pickett,37,0,37,0,0,0,38,0,709,2,747,2,0,1,-2,12,2,24,0,0,1
08-14-20,Polk,270,8,267,8,3,0,298,28,2075,24,2373,52,0,5,3,39,5,226,2,15,9
08-14-20,Putnam,1852,21,1834,21,18,0,2255,25,19235,216,21490,241,0,20,-16,298,37,1534,1,73,23
08-14-20,Rhea,568,2,568,2,0,0,677,4,6153,42,6830,46,0,2,-2,63,4,503,0,15,3
08-14-20,Roane,516,9,498,9,18,0,620,13,11384,166,12004,179,0,2,-5,102,14,412,0,23,2
08-14-20,Robertson,1658,7,1651,7,7,0,2048,8,10933,26,12981,34,0,21,-3,133,10,1504,1,123,27
08-14-20,Rutherford,7093,51,7078,51,15,0,8634,63,52382,360,61016,423,2,57,-12,644,61,6392,0,221,66
08-14-20,Scott,143,0,140,0,3,0,156,1,2569,31,2725,32,0,2,-2,33,2,108,0,11,2
08-14-20,Sequatchie,138,1,137,1,1,0,161,1,3105,32,3266,33,0,1,0,20,1,117,0,7,1
08-14-20,Sevier,2020,44,1960,44,60,0,2232,47,17652,134,19884,181,0,9,22,217,22,1794,0,73,11
08-14-20,Shelby,24816,275,24713,272,103,3,30321,330,256922,2751,287243,3081,2,321,27,2209,246,22286,8,1876,382
08-14-20,Smith,493,6,485,6,8,0,583,37,3624,22,4207,59,0,4,2,38,4,451,0,23,7
08-14-20,Stewart,81,1,81,1,0,0,105,0,1731,18,1836,18,0,0,0,8,1,73,0,3,0
08-14-20,Sullivan,1154,13,1090,11,64,2,1236,15,17588,235,18824,250,1,16,-15,215,27,923,1,117,19
08-14-20,Sumner,3710,31,3693,31,17,0,4433,35,27291,142,31724,177,1,74,-13,338,43,3298,2,326,83
08-14-20,Tipton,1290,11,1272,11,18,0,1502,17,14474,115,15976,132,0,12,-1,89,12,1189,0,76,14
08-14-20,Trousdale,1591,1,1588,1,3,0,1658,0,3462,10,5120,10,0,6,-2,8,3,1577,0,18,6
08-14-20,Unicoi,175,0,172,0,3,0,189,0,3561,6,3750,6,0,0,-5,25,5,150,0,4,0
08-14-20,Union,182,6,176,4,6,2,199,5,2769,40,2968,45,0,0,2,39,4,143,0,6,0
08-14-20,Van Buren,48,1,48,1,0,0,51,1,820,16,871,17,0,0,1,10,0,38,0,3,0
08-14-20,Warren,589,4,558,4,31,0,657,2,8454,20,9111,22,0,4,-15,132,19,453,1,11,6
08-14-20,Washington,1348,17,1315,16,33,1,1498,16,18378,150,19876,166,0,2,-12,220,29,1126,0,68,3
08-14-20,Wayne,238,0,233,0,5,0,264,0,4172,14,4436,14,0,2,-6,10,6,226,0,9,2
08-14-20,Weakley,613,30,572,27,41,3,666,36,6340,92,7006,128,0,5,6,230,24,378,0,19,9
08-14-20,White,333,7,328,7,5,0,390,11,5016,62,5406,73,0,5,3,109,4,219,0,17,7
08-14-20,Williamson,3729,27,3710,26,19,1,4453,30,43672,272,48125,302,0,25,-17,394,44,3310,1,102,25
08-14-20,Wilson,2491,13,2486,13,5,0,2989,20,25123,144,28112,164,0,23,-13,296,26,2172,0,91,26
08-13-20,Anderson,758,19,741,19,17,0,898,25,16236,234,17134,259,1,7,4,129,14,622,2,34,6
08-13-20,Bedford,960,16,939,13,21,3,1139,20,7422,127,8561,147,0,11,2,77,14,872,2,40,14
08-13-20,Benton,174,11,170,11,4,0,186,11,2276,47,2462,58,0,1,6,65,5,108,1,14,1
08-13-20,Bledsoe,743,14,740,14,3,0,767,13,4856,59,5623,72,0,2,8,58,6,683,0,16,3
08-13-20,Blount,1541,45,1513,45,28,0,1803,63,17012,353,18815,416,0,15,7,275,38,1251,1,74,15
08-13-20,Bradley,2163,79,2114,78,49,1,2572,94,14923,413,17495,507,0,15,47,317,32,1831,3,124,16
08-13-20,Campbell,289,6,282,6,7,0,331,7,6458,90,6789,97,0,1,-4,47,10,241,0,14,1
08-13-20,Cannon,160,1,151,1,9,0,202,4,2282,46,2484,50,0,0,-4,30,5,130,0,6,0
08-13-20,Carroll,343,15,306,11,37,4,373,18,4460,79,4833,97,1,6,2,94,12,243,1,23,6
08-13-20,Carter,671,34,644,34,27,0,734,34,9391,112,10125,146,0,6,19,181,15,484,3,55,8
08-13-20,Cheatham,624,14,621,14,3,0,763,22,6925,203,7688,225,0,9,7,60,7,555,0,25,9
08-13-20,Chester,264,7,236,4,28,3,290,9,1989,17,2279,26,0,2,5,38,2,224,1,9,2
08-13-20,Claiborne,291,9,274,8,17,1,321,13,6128,121,6449,134,0,0,2,50,7,241,0,13,1
08-13-20,Clay,99,5,93,5,6,0,102,5,1561,68,1663,73,0,0,2,22,3,77,0,2,0
08-13-20,Cocke,542,15,515,14,27,1,582,17,5159,108,5741,125,0,5,-4,98,19,439,0,27,5
08-13-20,Coffee,574,15,537,14,37,1,689,26,10236,291,10925,317,0,3,-5,145,20,426,0,21,4
08-13-20,Crockett,300,10,280,10,20,0,331,12,1949,14,2280,26,0,5,4,38,6,257,0,17,13
08-13-20,Cumberland,544,22,540,22,4,0,684,22,13443,232,14127,254,1,7,17,136,4,401,0,34,7
08-13-20,Davidson,22345,315,22288,309,57,6,27831,450,209279,4952,237110,5402,0,221,178,1798,137,20326,21,956,246
08-13-20,Decatur,231,8,178,4,53,4,260,8,3067,18,3327,26,0,3,4,51,4,177,0,7,4
08-13-20,Dekalb,359,9,356,9,3,0,444,12,5001,123,5445,135,0,1,3,63,6,295,0,15,3
08-13-20,Dickson,767,34,723,30,44,4,967,50,8646,415,9613,465,0,3,14,134,20,630,1,39,6
08-13-20,Dyer,720,17,692,14,28,3,797,13,6224,68,7021,81,1,9,-2,113,18,598,1,46,10
08-13-20,Fayette,803,19,795,18,8,1,1023,20,10859,205,11882,225,0,8,4,109,15,686,2,66,13
08-13-20,Fentress,108,5,108,5,0,0,118,5,2328,55,2446,60,0,0,2,27,3,81,0,10,0
08-13-20,Franklin,379,18,370,17,9,1,456,26,7427,294,7883,320,0,4,8,72,10,303,0,21,4
08-13-20,Gibson,762,29,656,21,106,8,853,28,8135,158,8988,186,1,9,9,130,19,623,1,40,10
08-13-20,Giles,417,11,415,11,2,0,501,16,5548,160,6049,176,0,13,5,58,6,346,1,30,13
08-13-20,Grainger,217,3,206,3,11,0,256,5,3305,61,3561,66,0,0,-2,46,5,171,0,14,0
08-13-20,Greene,559,29,528,29,31,0,654,42,8718,173,9372,215,0,9,10,136,19,414,4,42,9
08-13-20,Grundy,129,5,128,5,1,0,153,6,1532,30,1685,36,0,2,5,23,0,104,0,16,2
08-13-20,Hamblen,1504,24,1440,23,64,1,1644,29,12929,162,14573,191,0,15,-7,158,31,1331,1,77,20
08-13-20,Hamilton,6340,146,6324,146,16,0,7400,206,84165,1945,91565,2151,1,56,72,589,73,5695,13,296,63
08-13-20,Hancock,92,2,85,2,7,0,99,3,1257,42,1356,45,0,2,1,11,1,79,1,11,2
08-13-20,Hardeman,1027,20,991,20,36,0,1156,23,9088,128,10244,151,0,18,2,149,18,860,1,51,21
08-13-20,Hardin,509,10,444,8,65,2,577,11,7431,109,8008,120,0,8,1,69,9,432,0,18,10
08-13-20,Hawkins,538,24,528,24,10,0,598,25,6001,108,6599,133,0,10,6,171,18,357,3,43,10
08-13-20,Haywood,599,17,577,17,22,0,635,17,3754,67,4389,84,0,7,-1,163,18,429,1,28,9
08-13-20,Henderson,675,12,563,6,112,6,822,16,4891,71,5713,87,0,2,-10,148,22,525,2,27,5
08-13-20,Henry,312,10,305,8,7,2,376,14,5962,102,6338,116,1,1,-7,74,16,237,1,27,1
08-13-20,Hickman,293,16,286,15,7,1,368,21,3621,175,3989,196,1,1,9,65,6,227,1,8,1
08-13-20,Houston,70,4,69,4,1,0,82,5,1289,20,1371,25,0,0,3,10,1,60,0,8,0
08-13-20,Humphreys,138,4,127,4,11,0,158,3,3316,77,3474,80,0,3,-2,25,6,110,0,4,3
08-13-20,Jackson,175,12,169,12,6,0,200,12,1635,50,1835,62,0,1,11,36,1,138,2,12,2
08-13-20,Jefferson,649,14,586,12,63,2,693,15,8980,198,9673,213,0,4,5,120,9,525,1,36,5
08-13-20,Johnson,322,11,319,11,3,0,340,16,4054,48,4394,64,0,0,-9,134,20,188,1,13,0
08-13-20,Knox,5277,127,5115,126,162,1,5871,231,82050,1766,87921,1997,1,41,13,862,113,4374,4,245,51
08-13-20,Lake,793,2,791,2,2,0,976,3,4629,38,5605,41,0,0,-4,38,6,755,0,6,1
08-13-20,Lauderdale,544,14,524,8,20,6,600,10,6825,67,7425,77,0,9,9,93,5,442,1,34,12
08-13-20,Lawrence,608,24,603,24,5,0,717,32,6790,146,7507,178,0,7,3,130,21,471,1,28,9
08-13-20,Lewis,86,3,86,3,0,0,94,3,2470,76,2564,79,0,1,1,26,2,59,0,9,1
08-13-20,Lincoln,350,9,348,9,2,0,427,13,4705,42,5132,55,0,1,8,75,1,274,0,13,1
08-13-20,Loudon,759,2,736,2,23,0,842,6,7938,173,8780,179,0,3,-15,102,17,654,0,25,4
08-13-20,Macon,879,2,871,2,8,0,1073,9,5000,75,6073,84,0,13,0,25,2,841,0,66,17
08-13-20,Madison,1313,28,1274,26,39,2,1447,35,15659,225,17106,260,2,23,-81,61,107,1229,1,95,32
08-13-20,Marion,268,10,266,9,2,1,331,15,3634,133,3965,148,0,5,3,38,7,225,1,25,6
08-13-20,Marshall,342,24,342,24,0,0,397,25,5071,165,5468,190,0,4,23,64,1,274,0,16,4
08-13-20,Maury,1371,56,1364,55,7,1,1600,60,13806,541,15406,601,1,9,19,258,36,1104,5,53,11
08-13-20,McMinn,622,16,619,16,3,0,738,18,9470,273,10208,291,0,20,10,96,6,506,0,45,22
08-13-20,McNairy,405,8,354,5,51,3,470,9,4016,66,4486,75,0,6,1,59,7,340,0,26,10
08-13-20,Meigs,117,3,116,3,1,0,146,4,1850,45,1996,49,0,0,-1,14,4,103,0,6,1
08-13-20,Monroe,524,10,511,10,13,0,593,17,5658,192,6251,209,1,10,-3,92,12,422,0,45,9
08-13-20,Montgomery,2132,57,2105,57,27,0,2462,66,26384,508,28846,574,1,15,18,300,38,1817,3,101,25
08-13-20,Moore,89,7,87,7,2,0,102,6,1000,14,1102,20,0,0,5,35,2,54,0,0,0
08-13-20,Morgan,156,3,152,3,4,0,177,4,5142,59,5319,63,0,1,-6,43,9,112,0,4,1
08-13-20,Obion,655,26,644,26,11,0,727,29,5972,125,6699,154,0,4,6,155,20,496,1,30,6
08-13-20,Out of State,1423,30,1409,30,14,0,1587,35,177245,4178,178832,4213,1,19,2,126,27,1278,3,54,5
08-13-20,Overton,279,19,275,19,4,0,312,19,4241,87,4553,106,0,1,17,102,2,176,0,11,1
08-13-20,Pending,418,14,411,14,7,0,491,23,120289,1921,120780,1944,0,3,10,76,4,339,0,5,0
08-13-20,Perry,86,3,80,1,6,2,95,1,1957,60,2052,61,0,0,1,10,2,76,0,4,0
08-13-20,Pickett,37,0,37,0,0,0,38,1,707,18,745,19,0,1,0,14,0,22,0,0,1
08-13-20,Polk,262,17,259,17,3,0,270,9,2051,61,2321,70,1,5,9,36,7,221,0,13,9
08-13-20,Putnam,1831,64,1813,63,18,1,2230,73,19019,496,21249,569,2,20,36,314,26,1497,4,72,23
08-13-20,Rhea,566,19,566,19,0,0,673,29,6111,149,6784,178,0,2,10,65,9,499,0,15,3
08-13-20,Roane,507,9,489,8,18,1,607,10,11218,184,11825,194,0,2,-5,107,14,398,0,23,2
08-13-20,Robertson,1651,26,1644,26,7,0,2040,39,10907,281,12947,320,1,21,5,136,20,1494,3,122,27
08-13-20,Rutherford,7042,140,7027,138,15,2,8571,185,52022,1228,60593,1413,-1,55,56,656,85,6331,4,221,65
08-13-20,Scott,143,10,140,10,3,0,155,10,2538,38,2693,48,0,2,9,35,1,106,1,11,2
08-13-20,Sequatchie,137,5,136,5,1,0,160,5,3073,62,3233,67,0,1,3,20,2,116,0,7,1
08-13-20,Sevier,1976,37,1916,37,60,0,2185,61,17518,254,19703,315,0,9,16,195,21,1772,0,73,11
08-13-20,Shelby,24541,215,24441,203,100,12,29991,311,254171,3324,284162,3635,4,319,-52,2182,263,22040,10,1868,379
08-13-20,Smith,487,4,479,4,8,0,546,7,3602,98,4148,105,0,4,-12,36,16,447,0,23,7
08-13-20,Stewart,80,2,80,2,0,0,105,4,1713,16,1818,20,0,0,1,8,1,72,1,3,0
08-13-20,Sullivan,1141,33,1079,30,62,3,1221,38,17353,299,18574,337,0,15,6,230,27,896,3,116,18
08-13-20,Sumner,3679,61,3662,61,17,0,4398,84,27149,831,31547,915,0,73,11,351,50,3255,3,324,83
08-13-20,Tipton,1279,12,1261,10,18,2,1485,19,14359,213,15844,232,2,12,2,90,8,1177,0,76,13
08-13-20,Trousdale,1590,1,1587,1,3,0,1658,3,3452,54,5110,57,0,6,-2,10,3,1574,0,18,6
08-13-20,Unicoi,175,3,172,3,3,0,189,5,3555,61,3744,66,0,0,-1,30,4,145,0,4,0
08-13-20,Union,176,4,172,4,4,0,194,6,2729,84,2923,90,0,0,-1,37,5,139,0,6,0
08-13-20,Van Buren,47,1,47,1,0,0,50,2,804,11,854,13,0,0,0,9,1,38,0,3,0
08-13-20,Warren,585,22,554,22,31,0,655,21,8434,133,9089,154,0,4,2,147,20,434,0,10,6
08-13-20,Washington,1331,22,1299,21,32,1,1482,30,18228,348,19710,378,0,2,-13,232,35,1097,1,68,3
08-13-20,Wayne,238,1,233,1,5,0,264,2,4158,49,4422,51,0,2,-5,16,6,220,0,9,2
08-13-20,Weakley,583,43,545,37,38,6,630,46,6248,156,6878,202,1,5,15,224,27,354,0,19,8
08-13-20,White,326,15,321,15,5,0,379,16,4954,54,5333,70,0,5,3,106,12,215,0,17,6
08-13-20,Williamson,3702,59,3684,59,18,0,4423,81,43400,784,47823,865,-1,25,7,411,53,3266,0,101,25
08-13-20,Wilson,2478,42,2473,42,5,0,2969,71,24979,558,27948,629,0,23,19,309,23,2146,0,91,26
08-12-20,Anderson,739,8,722,8,17,0,873,8,16002,242,16875,250,0,6,-8,125,16,608,0,32,6
08-12-20,Bedford,944,6,926,5,18,1,1119,6,7295,21,8414,27,0,11,-13,75,19,858,1,38,13
08-12-20,Benton,163,3,159,3,4,0,175,3,2229,31,2404,34,0,1,-5,59,8,103,0,13,1
08-12-20,Bledsoe,729,1,726,1,3,0,754,1,4797,14,5551,15,0,2,-2,50,3,677,0,16,3
08-12-20,Blount,1496,43,1468,42,28,1,1740,48,16659,228,18399,276,3,15,-10,268,50,1213,2,73,15
08-12-20,Bradley,2084,18,2036,15,48,3,2478,16,14510,45,16988,61,0,15,-22,270,40,1799,0,121,16
08-12-20,Campbell,283,7,276,7,7,0,324,8,6368,100,6692,108,0,1,3,51,4,231,0,14,1
08-12-20,Cannon,159,1,150,1,9,0,198,1,2236,10,2434,11,0,0,-3,34,4,125,0,6,0
08-12-20,Carroll,328,11,295,10,33,1,355,11,4381,89,4736,100,2,5,-9,92,18,231,2,22,6
08-12-20,Carter,637,11,610,9,27,2,700,13,9279,35,9979,48,0,6,-14,162,25,469,2,52,7
08-12-20,Cheatham,610,3,607,3,3,0,741,4,6722,16,7463,20,1,9,-8,53,10,548,0,25,9
08-12-20,Chester,257,9,232,9,25,0,281,9,1972,29,2253,38,0,2,5,33,4,222,0,8,2
08-12-20,Claiborne,282,9,266,8,16,1,308,9,6007,275,6315,284,0,0,1,48,8,234,0,13,1
08-12-20,Clay,94,4,88,4,6,0,97,4,1493,19,1590,23,0,0,1,20,3,74,0,2,0
08-12-20,Cocke,527,26,501,25,26,1,565,25,5051,80,5616,105,1,5,14,102,11,420,1,27,5
08-12-20,Coffee,559,3,523,2,36,1,663,5,9945,99,10608,104,0,3,-12,150,15,406,0,21,3
08-12-20,Crockett,290,7,270,7,20,0,319,7,1935,23,2254,30,0,5,-6,34,13,251,0,17,11
08-12-20,Cumberland,522,14,518,14,4,0,662,20,13211,216,13873,236,0,6,3,119,11,397,2,34,7
08-12-20,Davidson,22030,76,21979,75,51,1,27381,99,204327,900,231708,999,2,221,-77,1620,151,20189,3,935,246
08-12-20,Decatur,223,6,174,6,49,0,252,5,3049,63,3301,68,0,3,-5,47,11,173,0,7,4
08-12-20,Dekalb,350,5,347,4,3,1,432,11,4878,57,5310,68,-1,1,4,60,2,289,0,15,3
08-12-20,Dickson,733,2,693,2,40,0,917,3,8231,25,9148,28,1,3,-20,120,21,610,0,38,6
08-12-20,Dyer,703,12,678,12,25,0,784,13,6156,118,6940,131,0,8,-6,115,18,580,1,45,10
08-12-20,Fayette,784,16,777,16,7,0,1003,22,10654,91,11657,113,0,8,0,105,16,671,0,64,13
08-12-20,Fentress,103,4,103,4,0,0,113,4,2273,43,2386,47,0,0,3,25,1,78,0,10,0
08-12-20,Franklin,361,2,353,1,8,1,430,1,7133,13,7563,14,0,4,-9,64,11,293,1,21,4
08-12-20,Gibson,733,9,635,8,98,1,825,12,7977,147,8802,159,1,8,-17,121,25,604,1,39,10
08-12-20,Giles,406,3,404,3,2,0,485,3,5388,9,5873,12,0,13,-5,53,8,340,0,29,13
08-12-20,Grainger,214,6,203,6,11,0,251,8,3244,48,3495,56,0,0,4,48,2,166,0,14,0
08-12-20,Greene,530,7,499,7,31,0,612,6,8545,13,9157,19,0,9,-10,126,17,395,2,38,9
08-12-20,Grundy,124,1,123,1,1,0,147,2,1502,0,1649,2,0,2,-2,18,3,104,0,16,2
08-12-20,Hamblen,1480,17,1417,15,63,2,1615,17,12767,159,14382,176,-1,15,-7,165,25,1300,0,76,20
08-12-20,Hamilton,6194,43,6178,42,16,1,7194,31,82220,225,89414,256,0,55,-27,517,70,5622,6,283,61
08-12-20,Hancock,90,0,83,0,7,0,96,0,1215,9,1311,9,0,2,0,10,0,78,0,10,2
08-12-20,Hardeman,1007,17,971,17,36,0,1133,20,8960,54,10093,74,0,18,-5,147,22,842,0,50,21
08-12-20,Hardin,499,8,436,7,63,1,566,8,7322,74,7888,82,0,8,-8,68,16,423,0,18,10
08-12-20,Hawkins,514,4,504,4,10,0,573,2,5893,44,6466,46,1,10,-13,165,16,339,0,40,10
08-12-20,Haywood,582,38,560,37,22,1,618,37,3687,81,4305,118,0,7,21,164,17,411,0,27,8
08-12-20,Henderson,663,12,557,10,106,2,806,16,4820,81,5626,97,-1,2,-3,158,16,503,0,25,5
08-12-20,Henry,302,3,297,3,5,0,362,3,5860,142,6222,145,0,0,-16,81,19,221,1,26,1
08-12-20,Hickman,277,1,271,1,6,0,347,1,3446,10,3793,11,0,0,-5,56,6,221,0,7,1
08-12-20,Houston,66,0,65,0,1,0,77,0,1269,1,1346,1,0,0,-1,7,1,59,0,8,0
08-12-20,Humphreys,134,0,123,0,11,0,155,0,3239,8,3394,8,0,3,-4,27,4,104,0,4,3
08-12-20,Jackson,163,3,157,3,6,0,188,3,1585,19,1773,22,0,1,-1,25,4,137,0,10,2
08-12-20,Jefferson,635,23,574,22,61,1,678,21,8782,105,9460,126,0,4,15,115,8,516,1,35,5
08-12-20,Johnson,311,2,308,2,3,0,324,4,4006,6,4330,10,0,0,-19,143,21,168,0,12,0
08-12-20,Knox,5150,81,4989,74,161,7,5640,88,80284,909,85924,997,0,40,-38,849,119,4261,1,241,50
08-12-20,Lake,791,3,789,3,2,0,973,5,4591,79,5564,84,0,0,-5,42,8,749,0,6,0
08-12-20,Lauderdale,530,8,516,8,14,0,590,8,6758,41,7348,49,0,9,-3,84,11,437,0,33,12
08-12-20,Lawrence,584,2,579,2,5,0,685,2,6644,27,7329,29,0,7,-10,127,12,450,0,27,9
08-12-20,Lewis,83,2,83,2,0,0,91,2,2394,6,2485,8,0,1,-1,25,3,57,1,9,1
08-12-20,Lincoln,341,3,339,3,2,0,414,3,4663,13,5077,16,0,1,-5,67,8,273,0,13,1
08-12-20,Loudon,757,16,734,16,23,0,836,16,7765,103,8601,119,0,3,-13,117,29,637,0,25,4
08-12-20,Macon,877,0,869,0,8,0,1064,0,4925,52,5989,52,0,13,-11,25,11,839,0,66,16
08-12-20,Madison,1285,31,1248,31,37,0,1412,21,15434,134,16846,155,1,21,-7,142,37,1122,2,94,31
08-12-20,Marion,258,2,257,2,1,0,316,1,3501,5,3817,6,0,5,-3,35,5,218,0,24,6
08-12-20,Marshall,318,3,318,3,0,0,372,4,4906,20,5278,24,0,4,-3,41,6,273,0,16,4
08-12-20,Maury,1315,7,1309,7,6,0,1540,8,13265,72,14805,80,1,8,-14,239,20,1068,0,48,11
08-12-20,McMinn,606,5,603,5,3,0,720,6,9197,65,9917,71,0,20,-4,86,9,500,0,45,22
08-12-20,McNairy,397,4,349,3,48,1,461,7,3950,148,4411,155,0,6,-3,58,7,333,0,26,10
08-12-20,Meigs,114,0,113,0,1,0,142,0,1805,11,1947,11,0,0,-4,15,4,99,0,6,1
08-12-20,Monroe,514,15,501,15,13,0,576,20,5466,71,6042,91,0,9,-5,95,20,410,1,45,8
08-12-20,Montgomery,2075,11,2048,11,27,0,2396,14,25876,87,28272,101,0,14,-31,282,42,1779,2,98,25
08-12-20,Moore,82,0,80,0,2,0,96,1,986,0,1082,1,0,0,0,30,0,52,0,0,0
08-12-20,Morgan,153,2,149,2,4,0,173,6,5083,43,5256,49,0,1,-11,49,13,103,1,4,1
08-12-20,Obion,629,12,618,12,11,0,698,13,5847,114,6545,127,0,4,-1,149,13,476,0,29,6
08-12-20,Out of State,1393,9,1379,8,14,1,1552,11,173067,756,174619,767,2,18,-9,124,16,1251,0,51,5
08-12-20,Overton,260,8,256,8,4,0,293,8,4154,127,4447,135,0,1,-3,85,11,174,0,11,1
08-12-20,Pending,404,5,397,5,7,0,468,5,118368,792,118836,797,0,3,-5,66,10,335,1,5,0
08-12-20,Perry,83,0,79,0,4,0,94,0,1897,61,1991,61,0,0,-3,9,3,74,0,4,0
08-12-20,Pickett,37,0,37,0,0,0,37,0,689,20,726,20,0,1,-1,14,1,22,0,0,1
08-12-20,Polk,245,7,242,7,3,0,261,6,1990,2,2251,8,1,4,-5,27,11,214,0,13,9
08-12-20,Putnam,1767,28,1750,27,17,1,2157,34,18523,224,20680,258,0,18,8,278,20,1471,1,68,23
08-12-20,Rhea,547,4,547,4,0,0,644,3,5962,16,6606,19,0,2,-4,55,8,490,0,15,2
08-12-20,Roane,498,10,481,9,17,1,597,10,11034,154,11631,164,0,2,-9,112,19,384,0,23,2
08-12-20,Robertson,1625,9,1618,9,7,0,2001,8,10626,38,12627,46,0,20,-2,131,11,1474,1,119,27
08-12-20,Rutherford,6902,65,6889,65,13,0,8386,71,50794,451,59180,522,1,56,-30,600,94,6246,2,217,62
08-12-20,Scott,133,1,130,1,3,0,145,1,2500,20,2645,21,1,2,-8,26,8,105,0,10,2
08-12-20,Sequatchie,132,0,131,0,1,0,155,0,3011,12,3166,12,0,1,-1,17,1,114,0,7,1
08-12-20,Sevier,1939,27,1879,27,60,0,2124,30,17264,146,19388,176,0,9,-8,179,35,1751,0,73,11
08-12-20,Shelby,24326,179,24238,176,88,3,29680,200,250847,1683,280527,1883,1,315,-103,2234,281,21777,12,1858,374
08-12-20,Smith,483,3,475,3,8,0,539,9,3504,38,4043,47,0,4,-2,48,5,431,0,23,7
08-12-20,Stewart,78,0,78,0,0,0,101,0,1697,16,1798,16,0,0,-4,7,4,71,0,2,0
08-12-20,Sullivan,1108,25,1049,24,59,1,1183,24,17054,117,18237,141,0,15,-5,224,30,869,6,113,17
08-12-20,Sumner,3618,28,3601,28,17,0,4314,31,26318,155,30632,186,0,73,5,340,23,3205,1,321,82
08-12-20,Tipton,1267,8,1251,8,16,0,1466,12,14146,136,15612,148,0,10,-24,88,32,1169,0,76,13
08-12-20,Trousdale,1589,0,1586,0,3,0,1655,0,3398,9,5053,9,0,6,-2,12,2,1571,0,18,6
08-12-20,Unicoi,172,0,169,0,3,0,184,0,3494,15,3678,15,0,0,-2,31,2,141,0,4,0
08-12-20,Union,172,0,168,0,4,0,188,1,2645,40,2833,41,0,0,-7,38,7,134,0,6,0
08-12-20,Van Buren,46,3,46,3,0,0,48,3,793,3,841,6,0,0,3,9,0,37,0,3,0
08-12-20,Warren,563,24,532,24,31,0,634,25,8301,211,8935,236,0,4,0,145,24,414,0,10,6
08-12-20,Washington,1309,14,1278,14,31,0,1452,22,17880,245,19332,267,0,2,-32,245,46,1062,0,67,3
08-12-20,Wayne,237,1,232,1,5,0,262,1,4109,15,4371,16,0,2,-2,21,3,214,0,9,2
08-12-20,Weakley,540,23,508,22,32,1,584,25,6092,118,6676,143,0,4,-9,209,32,327,0,19,8
08-12-20,White,311,1,306,1,5,0,363,1,4900,38,5263,39,0,5,-4,103,5,203,0,17,6
08-12-20,Williamson,3643,27,3625,25,18,2,4342,27,42616,201,46958,228,1,26,-35,404,61,3213,0,101,25
08-12-20,Wilson,2436,36,2431,36,5,0,2898,37,24421,257,27319,294,0,23,9,290,27,2123,2,91,26
08-11-20,Anderson,731,21,714,21,17,0,865,22,15760,201,16625,223,0,6,9,133,12,592,1,32,6
08-11-20,Bedford,938,9,921,8,17,1,1113,11,7274,189,8387,200,0,11,-1,88,10,839,0,37,13
08-11-20,Benton,160,1,156,1,4,0,172,1,2198,16,2370,17,0,1,-9,64,10,95,1,13,1
08-11-20,Bledsoe,728,5,725,5,3,0,753,8,4783,132,5536,140,1,2,1,52,3,674,0,16,2
08-11-20,Blount,1453,19,1426,19,27,0,1692,25,16431,160,18123,185,1,12,-14,278,32,1163,2,71,15
08-11-20,Bradley,2066,15,2021,12,45,3,2462,23,14465,169,16927,192,2,15,-26,292,39,1759,0,121,16
08-11-20,Campbell,276,5,269,5,7,0,316,5,6268,84,6584,89,0,1,-8,48,13,227,1,14,1
08-11-20,Cannon,158,4,149,4,9,0,197,5,2226,11,2423,16,0,0,3,37,1,121,0,6,0
08-11-20,Carroll,317,10,285,5,32,5,344,9,4292,44,4636,53,0,3,-6,101,16,213,0,20,6
08-11-20,Carter,626,37,601,34,25,3,687,42,9244,492,9931,534,0,6,26,176,11,444,0,50,7
08-11-20,Cheatham,607,3,604,3,3,0,737,3,6706,89,7443,92,1,8,-8,61,10,538,0,25,9
08-11-20,Chester,248,6,223,5,25,1,272,5,1943,11,2215,16,0,2,0,28,6,218,0,8,2
08-11-20,Claiborne,273,1,258,1,15,0,299,1,5732,38,6031,39,0,0,-7,47,8,226,0,13,1
08-11-20,Clay,90,1,84,1,6,0,93,1,1474,2,1567,3,0,0,0,19,1,71,0,2,0
08-11-20,Cocke,501,1,476,1,25,0,540,3,4971,31,5511,34,1,4,-11,88,11,409,0,26,5
08-11-20,Coffee,556,15,521,14,35,1,658,20,9846,219,10504,239,0,3,1,162,14,391,2,21,3
08-11-20,Crockett,283,4,263,3,20,1,312,5,1912,5,2224,10,0,5,-4,40,8,238,0,17,11
08-11-20,Cumberland,508,20,504,20,4,0,642,23,12995,114,13637,137,0,6,15,116,5,386,1,32,7
08-11-20,Davidson,21954,270,21904,265,50,5,27282,341,203427,3311,230709,3652,2,219,77,1697,191,20038,9,932,244
08-11-20,Decatur,217,3,168,1,49,2,247,3,2986,6,3233,9,0,3,-5,52,8,162,0,7,4
08-11-20,Dekalb,345,10,343,9,2,1,421,11,4821,52,5242,63,0,2,3,56,7,287,0,15,2
08-11-20,Dickson,731,15,691,8,40,7,914,18,8206,145,9120,163,0,2,0,140,15,589,0,38,5
08-11-20,Dyer,691,11,666,8,25,3,771,10,6038,40,6809,50,0,8,-7,121,18,562,0,44,10
08-11-20,Fayette,768,6,761,6,7,0,981,8,10563,106,11544,114,0,8,-4,105,10,655,1,64,13
08-11-20,Fentress,99,1,99,1,0,0,109,2,2230,14,2339,16,0,0,-3,22,4,77,1,10,0
08-11-20,Franklin,359,11,352,11,7,0,429,9,7120,71,7549,80,0,4,-1,73,12,282,0,20,4
08-11-20,Gibson,724,13,627,9,97,4,813,20,7830,34,8643,54,1,7,-8,138,20,579,2,38,9
08-11-20,Giles,403,2,401,2,2,0,482,4,5379,64,5861,68,0,13,-2,58,4,332,0,29,13
08-11-20,Grainger,208,2,197,2,11,0,243,4,3196,34,3439,38,0,0,-1,44,3,164,1,14,0
08-11-20,Greene,523,16,492,16,31,0,606,26,8532,235,9138,261,1,9,0,136,15,378,0,36,9
08-11-20,Grundy,123,5,122,5,1,0,145,6,1502,9,1647,15,0,2,5,20,0,101,0,16,2
08-11-20,Hamblen,1463,15,1402,14,61,1,1598,16,12608,76,14206,92,2,16,-22,172,35,1275,2,76,19
08-11-20,Hamilton,6151,139,6136,139,15,0,7163,158,81995,1472,89158,1630,2,55,73,544,64,5552,3,277,60
08-11-20,Hancock,90,1,83,1,7,0,96,1,1206,10,1302,11,0,2,1,10,0,78,1,10,2
08-11-20,Hardeman,990,23,954,16,36,7,1113,26,8906,23,10019,49,1,18,3,152,19,820,1,50,21
08-11-20,Hardin,491,8,429,3,62,5,558,8,7248,15,7806,23,0,8,-3,76,11,407,0,18,10
08-11-20,Hawkins,510,23,500,23,10,0,571,27,5849,73,6420,100,2,9,10,178,11,323,0,40,10
08-11-20,Haywood,544,5,523,3,21,2,581,5,3606,15,4187,20,1,7,-8,143,12,394,1,27,8
08-11-20,Henderson,651,13,547,9,104,4,790,12,4739,17,5529,29,0,3,-3,161,16,487,1,25,5
08-11-20,Henry,299,9,294,9,5,0,359,13,5718,59,6077,72,0,0,-5,97,14,202,0,25,0
08-11-20,Hickman,276,7,270,5,6,2,346,8,3436,31,3782,39,0,0,0,61,7,215,0,7,1
08-11-20,Houston,66,2,65,2,1,0,77,3,1268,21,1345,24,0,0,0,8,2,58,0,8,0
08-11-20,Humphreys,134,2,123,1,11,1,155,2,3231,77,3386,79,0,3,-3,31,5,100,0,4,3
08-11-20,Jackson,160,2,154,1,6,1,185,2,1566,7,1751,9,0,1,0,26,2,133,0,10,2
08-11-20,Jefferson,612,9,552,7,60,2,657,6,8677,76,9334,82,0,4,-8,100,17,508,1,34,5
08-11-20,Johnson,309,20,306,20,3,0,320,22,4000,99,4320,121,0,0,1,162,19,147,0,12,0
08-11-20,Knox,5069,112,4915,109,154,3,5552,123,79375,1136,84927,1259,0,40,4,887,108,4142,5,240,50
08-11-20,Lake,788,1,786,1,2,0,968,1,4512,18,5480,19,0,0,-5,47,6,741,0,6,0
08-11-20,Lauderdale,522,6,508,3,14,3,582,10,6717,23,7299,33,1,9,-2,87,7,426,0,33,12
08-11-20,Lawrence,582,11,577,11,5,0,683,11,6617,171,7300,182,1,7,2,137,8,438,0,27,8
08-11-20,Lewis,81,1,81,1,0,0,89,1,2388,43,2477,44,0,1,-3,26,4,54,0,8,1
08-11-20,Lincoln,338,7,336,6,2,1,411,8,4650,95,5061,103,0,1,1,72,6,265,0,13,1
08-11-20,Loudon,741,14,718,13,23,1,820,14,7662,91,8482,105,0,3,2,130,12,608,2,25,4
08-11-20,Macon,877,5,869,5,8,0,1064,7,4873,31,5937,38,0,13,-1,36,6,828,1,66,16
08-11-20,Madison,1254,33,1217,33,37,0,1391,39,15300,144,16691,183,2,20,-4,149,35,1085,6,92,29
08-11-20,Marion,256,2,255,2,1,0,315,2,3496,53,3811,55,1,5,-1,38,2,213,0,24,6
08-11-20,Marshall,315,1,315,1,0,0,368,2,4886,129,5254,131,0,4,-6,44,7,267,0,16,4
08-11-20,Maury,1308,22,1302,22,6,0,1532,20,13193,197,14725,217,0,7,-1,253,23,1048,2,48,10
08-11-20,McMinn,601,11,598,11,3,0,714,8,9132,89,9846,97,0,20,-1,90,12,491,0,45,21
08-11-20,McNairy,393,8,346,2,47,6,454,9,3802,8,4256,17,1,6,-9,61,16,326,0,26,9
08-11-20,Meigs,114,1,113,1,1,0,142,2,1794,27,1936,29,0,0,-1,19,2,95,0,6,1
08-11-20,Monroe,499,5,486,5,13,0,556,5,5395,58,5951,63,0,9,-8,100,13,390,0,44,8
08-11-20,Montgomery,2064,29,2037,28,27,1,2382,36,25789,252,28171,288,1,14,-11,313,39,1737,0,96,24
08-11-20,Moore,82,4,80,4,2,0,95,5,986,12,1081,17,0,0,1,30,3,52,0,0,0
08-11-20,Morgan,151,3,147,2,4,1,167,3,5040,40,5207,43,0,1,1,60,2,90,0,3,1
08-11-20,Obion,617,16,606,15,11,1,685,17,5733,34,6418,51,0,4,-17,150,33,463,2,29,6
08-11-20,Out of State,1384,24,1371,23,13,1,1541,28,172311,3137,173852,3165,2,16,1,133,21,1235,0,51,5
08-11-20,Overton,252,15,248,14,4,1,285,17,4027,17,4312,34,0,1,11,88,4,163,0,11,1
08-11-20,Pending,399,14,392,12,7,2,463,14,117576,1300,118039,1314,-1,3,6,71,9,325,0,4,0
08-11-20,Perry,83,2,79,0,4,2,94,2,1836,18,1930,20,0,0,1,12,1,71,0,4,0
08-11-20,Pickett,37,1,37,1,0,0,37,1,669,0,706,1,0,1,1,15,0,21,0,0,1
08-11-20,Polk,238,2,235,2,3,0,255,2,1988,31,2243,33,0,3,-4,32,6,203,0,13,9
08-11-20,Putnam,1739,38,1723,35,16,3,2123,41,18299,175,20422,216,0,18,17,270,21,1451,1,67,23
08-11-20,Rhea,543,5,543,5,0,0,641,4,5946,76,6587,80,0,2,-2,59,7,482,0,15,2
08-11-20,Roane,488,6,472,5,16,1,587,8,10880,111,11467,119,0,2,-11,121,17,365,0,23,2
08-11-20,Robertson,1616,16,1609,14,7,2,1993,17,10588,156,12581,173,0,20,-1,133,17,1463,2,118,26
08-11-20,Rutherford,6837,91,6824,89,13,2,8315,109,50343,747,58658,856,0,55,12,630,79,6152,3,215,61
08-11-20,Scott,132,0,129,0,3,0,144,0,2480,23,2624,23,1,1,-6,34,5,97,0,10,2
08-11-20,Sequatchie,132,3,131,3,1,0,155,3,2999,83,3154,86,1,1,1,18,1,113,0,7,1
08-11-20,Sevier,1912,19,1852,18,60,1,2094,21,17118,182,19212,203,2,9,-15,187,32,1716,1,73,11
08-11-20,Shelby,24147,227,24062,218,85,9,29480,304,249164,2937,278644,3241,6,314,-75,2337,296,21496,11,1846,371
08-11-20,Smith,480,2,472,2,8,0,530,3,3466,34,3996,37,0,4,-11,50,13,426,0,23,7
08-11-20,Stewart,78,0,78,0,0,0,101,1,1681,28,1782,29,0,0,-2,11,2,67,0,2,0
08-11-20,Sullivan,1083,25,1025,24,58,1,1159,30,16937,177,18096,207,1,15,-10,229,34,839,2,107,16
08-11-20,Sumner,3590,28,3573,26,17,2,4283,38,26163,338,30446,376,1,73,-21,335,48,3182,0,320,82
08-11-20,Tipton,1259,6,1243,3,16,3,1454,9,14010,123,15464,132,0,10,-12,112,18,1137,1,76,13
08-11-20,Trousdale,1589,0,1586,0,3,0,1655,0,3389,30,5044,30,0,6,-1,14,1,1569,0,18,6
08-11-20,Unicoi,172,5,169,5,3,0,184,6,3479,147,3663,153,0,0,1,33,4,139,0,4,0
08-11-20,Union,172,2,168,2,4,0,187,3,2605,20,2792,23,0,0,-3,45,5,127,0,6,0
08-11-20,Van Buren,43,1,43,1,0,0,45,1,790,7,835,8,0,0,1,6,0,37,0,3,0
08-11-20,Warren,539,4,508,3,31,1,609,11,8090,66,8699,77,0,4,-9,145,13,390,0,10,5
08-11-20,Washington,1295,52,1264,52,31,0,1430,55,17635,371,19065,426,0,2,8,277,44,1016,4,67,3
08-11-20,Wayne,236,3,231,3,5,0,261,4,4094,45,4355,49,0,2,-2,23,5,211,1,9,2
08-11-20,Weakley,517,21,486,19,31,2,559,28,5974,48,6533,76,0,4,-18,218,39,295,1,19,8
08-11-20,White,310,16,305,16,5,0,362,17,4862,68,5224,85,0,5,8,107,8,198,0,17,6
08-11-20,Williamson,3616,48,3600,48,16,0,4315,65,42415,482,46730,547,0,25,-10,439,58,3152,1,101,24
08-11-20,Wilson,2400,24,2395,22,5,2,2861,29,24164,270,27025,299,0,23,-15,281,39,2096,0,89,26
08-10-20,Anderson,710,5,693,5,17,0,843,7,15559,159,16402,166,0,6,-11,124,16,580,0,31,6
08-10-20,Bedford,929,2,913,1,16,1,1102,2,7085,24,8187,26,0,11,-13,89,15,829,0,37,13
08-10-20,Benton,159,0,155,0,4,0,171,1,2182,11,2353,12,0,1,-13,73,13,85,0,12,1
08-10-20,Bledsoe,723,3,720,3,3,0,745,3,4651,4,5396,7,0,1,-2,51,5,671,1,16,2
08-10-20,Blount,1434,19,1407,19,27,0,1667,20,16271,97,17938,117,0,11,-32,292,51,1131,1,69,15
08-10-20,Bradley,2051,19,2009,18,42,1,2439,19,14296,64,16735,83,1,13,-23,318,41,1720,2,121,16
08-10-20,Campbell,271,2,264,2,7,0,311,3,6184,24,6495,27,0,1,-7,56,9,214,1,13,1
08-10-20,Cannon,154,2,145,2,9,0,192,2,2215,6,2407,8,0,0,-3,34,5,120,0,6,0
08-10-20,Carroll,307,5,280,5,27,0,335,5,4248,22,4583,27,0,3,-6,107,11,197,1,20,5
08-10-20,Carter,589,5,567,4,22,1,645,5,8752,30,9397,35,0,6,-13,150,18,433,1,50,7
08-10-20,Cheatham,604,3,601,2,3,1,734,3,6617,14,7351,17,0,7,-15,69,18,528,0,25,9
08-10-20,Chester,242,1,218,1,24,0,267,1,1932,7,2199,8,0,2,-14,28,15,212,0,8,2
08-10-20,Claiborne,272,2,257,2,15,0,298,3,5694,32,5992,35,0,0,-5,54,7,218,1,13,1
08-10-20,Clay,89,3,83,3,6,0,92,3,1472,3,1564,6,0,0,0,19,3,70,0,2,0
08-10-20,Cocke,500,3,475,2,25,1,537,2,4940,19,5477,21,1,3,-8,99,10,398,0,26,4
08-10-20,Coffee,541,7,507,5,34,2,638,5,9627,38,10265,43,0,3,-17,161,24,377,1,19,3
08-10-20,Crockett,279,4,260,4,19,0,307,2,1907,6,2214,8,0,5,-15,44,19,230,0,17,10
08-10-20,Cumberland,488,4,484,4,4,0,619,3,12881,52,13500,55,0,6,-7,101,11,381,0,31,7
08-10-20,Davidson,21684,92,21639,90,45,2,26941,99,200116,815,227057,914,4,217,-158,1620,246,19847,4,923,244
08-10-20,Decatur,214,0,167,0,47,0,244,0,2980,30,3224,30,0,3,-10,57,10,154,0,7,3
08-10-20,Dekalb,335,2,334,2,1,0,410,2,4769,10,5179,12,0,2,-11,53,13,280,0,15,2
08-10-20,Dickson,716,2,683,2,33,0,896,2,8061,17,8957,19,0,2,-13,140,15,574,1,38,4
08-10-20,Dyer,680,2,658,2,22,0,761,2,5998,26,6759,28,0,8,-26,128,28,544,0,44,9
08-10-20,Fayette,762,3,755,3,7,0,973,3,10457,41,11430,44,0,8,-15,109,18,645,0,63,12
08-10-20,Fentress,98,1,98,1,0,0,107,1,2216,3,2323,4,0,0,-3,25,4,73,0,9,0
08-10-20,Franklin,348,4,341,4,7,0,420,3,7049,29,7469,32,0,4,-9,74,13,270,1,20,4
08-10-20,Gibson,711,7,618,6,93,1,793,8,7796,26,8589,34,1,6,-21,146,27,559,2,36,9
08-10-20,Giles,401,8,399,8,2,0,478,7,5315,9,5793,16,0,13,1,60,7,328,1,29,13
08-10-20,Grainger,206,5,195,5,11,0,239,5,3162,14,3401,19,0,0,-8,45,13,161,1,13,0
08-10-20,Greene,507,3,476,3,31,0,580,3,8297,20,8877,23,0,8,-23,136,26,363,1,36,9
08-10-20,Grundy,118,1,117,1,1,0,139,1,1493,3,1632,4,0,2,-1,15,2,101,0,16,2
08-10-20,Hamblen,1448,11,1388,11,60,0,1582,13,12532,107,14114,120,0,14,-34,194,45,1240,1,74,19
08-10-20,Hamilton,6012,104,5997,104,15,0,7005,114,80523,729,87528,843,0,53,19,471,85,5488,2,274,60
08-10-20,Hancock,89,0,82,0,7,0,95,0,1196,4,1291,4,0,2,0,9,0,78,0,9,2
08-10-20,Hardeman,967,6,938,6,29,0,1087,6,8883,16,9970,22,0,17,-8,149,14,801,0,49,21
08-10-20,Hardin,483,6,426,3,57,3,550,6,7233,6,7783,12,0,8,-4,79,10,396,0,18,10
08-10-20,Hawkins,487,2,477,2,10,0,544,2,5776,38,6320,40,0,7,-17,168,19,312,1,40,9
08-10-20,Haywood,539,3,520,3,19,0,576,3,3591,4,4167,7,0,6,-25,151,28,382,0,26,8
08-10-20,Henderson,638,5,538,4,100,1,778,6,4722,18,5500,24,1,3,-17,164,21,471,1,24,5
08-10-20,Henry,290,2,285,1,5,1,346,3,5659,27,6005,30,0,0,-11,102,13,188,0,25,0
08-10-20,Hickman,269,2,265,2,4,0,338,2,3405,8,3743,10,0,0,-8,61,10,208,1,7,0
08-10-20,Houston,64,1,63,0,1,1,74,1,1247,1,1321,2,0,0,-2,8,3,56,0,8,0
08-10-20,Humphreys,132,2,122,1,10,1,153,2,3154,4,3307,6,0,3,-2,34,4,95,0,4,3
08-10-20,Jackson,158,2,153,2,5,0,183,2,1559,7,1742,9,0,1,1,26,1,131,0,10,2
08-10-20,Jefferson,603,6,545,6,58,0,651,10,8601,58,9252,68,0,4,-18,108,24,491,0,33,5
08-10-20,Johnson,289,2,286,2,3,0,298,3,3901,9,4199,12,0,0,-15,161,17,128,0,12,0
08-10-20,Knox,4957,37,4806,35,151,2,5429,34,78239,386,83668,420,1,40,-93,883,129,4034,0,235,48
08-10-20,Lake,787,1,785,1,2,0,967,4,4494,15,5461,19,0,0,-6,52,7,735,0,6,0
08-10-20,Lauderdale,516,3,505,1,11,2,572,1,6694,6,7266,7,0,8,-17,89,20,419,2,33,12
08-10-20,Lawrence,571,8,566,8,5,0,672,10,6446,34,7118,44,0,6,-8,135,16,430,1,27,8
08-10-20,Lewis,80,0,80,0,0,0,88,0,2345,8,2433,8,0,1,-6,29,6,50,0,8,1
08-10-20,Lincoln,331,3,330,3,1,0,403,4,4555,12,4958,16,0,1,-8,71,11,259,0,13,1
08-10-20,Loudon,727,3,705,2,22,1,806,2,7571,31,8377,33,0,3,-16,128,19,596,1,23,4
08-10-20,Macon,872,2,864,0,8,2,1057,2,4842,13,5899,15,0,13,-4,37,6,822,0,65,16
08-10-20,Madison,1221,28,1184,27,37,1,1352,24,15156,74,16508,98,1,18,-19,153,46,1050,2,86,28
08-10-20,Marion,254,4,253,4,1,0,313,4,3443,12,3756,16,0,4,-7,39,11,211,0,24,6
08-10-20,Marshall,314,2,314,2,0,0,366,1,4757,17,5123,18,1,4,-13,50,14,260,1,16,4
08-10-20,Maury,1286,10,1280,10,6,0,1512,12,12996,43,14508,55,0,7,-24,254,34,1025,2,46,10
08-10-20,McMinn,590,4,587,4,3,0,706,3,9043,41,9749,44,0,20,-8,91,12,479,0,45,21
08-10-20,McNairy,385,7,344,5,41,2,445,7,3794,9,4239,16,0,5,-8,70,15,310,1,26,9
08-10-20,Meigs,113,1,112,1,1,0,140,1,1767,7,1907,8,0,0,-3,20,4,93,0,6,1
08-10-20,Monroe,494,7,481,7,13,0,551,8,5337,52,5888,60,0,9,-9,108,16,377,0,44,8
08-10-20,Montgomery,2035,25,2009,11,26,14,2346,22,25537,66,27883,88,0,13,-30,324,55,1698,1,96,23
08-10-20,Moore,78,0,76,0,2,0,90,0,974,5,1064,5,0,0,0,29,0,49,0,0,0
08-10-20,Morgan,148,1,145,0,3,1,164,2,5000,19,5164,21,0,1,-5,59,6,88,0,3,1
08-10-20,Obion,601,4,591,4,10,0,668,4,5699,26,6367,30,0,4,-21,167,25,430,0,27,6
08-10-20,Out of State,1360,9,1348,9,12,0,1513,9,169174,753,170687,762,0,14,-8,132,17,1214,0,51,5
08-10-20,Overton,237,12,234,12,3,0,268,13,4010,8,4278,21,0,1,3,77,9,159,0,11,1
08-10-20,Pending,385,9,380,9,5,0,449,9,116276,378,116725,387,-6,4,0,65,15,316,0,4,0
08-10-20,Perry,81,0,79,0,2,0,92,0,1818,1,1910,1,0,0,-2,11,2,70,0,4,0
08-10-20,Pickett,36,2,36,2,0,0,36,2,669,1,705,3,0,1,1,14,1,21,0,0,1
08-10-20,Polk,236,2,233,2,3,0,253,2,1957,10,2210,12,0,3,-7,36,9,197,0,13,9
08-10-20,Putnam,1701,20,1688,20,13,0,2082,24,18124,106,20206,130,0,18,-15,253,35,1430,2,66,22
08-10-20,Rhea,538,4,538,4,0,0,637,4,5870,30,6507,34,0,2,-4,61,8,475,0,15,2
08-10-20,Roane,482,9,467,9,15,0,579,14,10769,58,11348,72,0,2,-7,132,16,348,1,23,2
08-10-20,Robertson,1600,4,1595,4,5,0,1976,3,10432,27,12408,30,1,20,-25,134,28,1446,1,116,26
08-10-20,Rutherford,6746,44,6735,44,11,0,8206,38,49596,261,57802,299,1,55,-60,618,103,6073,2,212,60
08-10-20,Scott,132,5,129,5,3,0,144,6,2457,22,2601,28,0,0,0,40,5,92,1,10,2
08-10-20,Sequatchie,129,1,128,1,1,0,152,0,2916,8,3068,8,0,0,-1,17,2,112,0,7,1
08-10-20,Sevier,1893,6,1834,6,59,0,2073,9,16936,44,19009,53,0,7,-45,202,51,1684,1,72,11
08-10-20,Shelby,23920,132,23844,127,76,5,29176,165,246227,1351,275403,1516,4,308,-168,2412,296,21200,10,1835,364
08-10-20,Smith,478,2,470,2,8,0,527,2,3432,14,3959,16,0,4,-6,61,8,413,0,23,7
08-10-20,Stewart,78,3,78,3,0,0,100,3,1653,14,1753,17,0,0,1,13,2,65,0,2,0
08-10-20,Sullivan,1058,10,1001,8,57,2,1129,12,16760,142,17889,154,0,14,-30,239,40,805,5,105,16
08-10-20,Sumner,3562,21,3547,21,15,0,4245,25,25825,101,30070,126,-1,72,-23,356,45,3134,3,320,82
08-10-20,Tipton,1253,2,1240,2,13,0,1445,7,13887,47,15332,54,0,10,-17,124,19,1119,0,75,12
08-10-20,Trousdale,1589,0,1586,0,3,0,1655,1,3359,7,5014,8,0,6,-1,15,1,1568,0,18,6
08-10-20,Unicoi,167,1,164,1,3,0,178,1,3332,2,3510,3,0,0,-6,32,7,135,0,4,0
08-10-20,Union,170,1,166,1,4,0,184,1,2585,8,2769,9,0,0,-3,48,4,122,1,6,0
08-10-20,Van Buren,42,0,42,0,0,0,44,0,783,1,827,1,0,0,-2,5,2,37,0,3,0
08-10-20,Warren,535,8,505,7,30,1,598,7,8024,15,8622,22,0,4,-13,154,21,377,0,10,5
08-10-20,Washington,1243,15,1212,13,31,2,1375,14,17264,66,18639,80,0,2,-32,269,47,972,3,63,2
08-10-20,Wayne,233,1,228,1,5,0,257,1,4049,9,4306,10,0,2,-2,25,3,206,1,8,2
08-10-20,Weakley,496,9,467,9,29,0,531,8,5926,65,6457,73,0,4,-17,236,26,256,1,18,6
08-10-20,White,294,3,289,3,5,0,345,3,4794,12,5139,15,0,5,-3,99,6,190,0,17,6
08-10-20,Williamson,3568,19,3552,19,16,0,4250,23,41933,210,46183,233,0,25,-23,449,42,3094,1,100,24
08-10-20,Wilson,2376,27,2373,27,3,0,2832,30,23894,149,26726,179,0,23,-21,296,48,2057,1,89,26
08-09-20,Anderson,705,7,688,7,17,0,836,9,15400,132,16236,141,0,6,-9,135,16,564,0,31,6
08-09-20,Bedford,927,2,912,2,15,0,1100,2,7061,104,8161,106,0,11,-8,102,10,814,0,37,13
08-09-20,Benton,159,7,155,7,4,0,170,8,2171,97,2341,105,0,1,2,86,5,72,0,12,1
08-09-20,Bledsoe,720,9,717,9,3,0,742,8,4647,33,5389,41,0,1,6,53,3,666,0,15,2
08-09-20,Blount,1415,13,1388,13,27,0,1647,24,16174,149,17821,173,0,11,-16,324,29,1080,0,68,15
08-09-20,Bradley,2032,40,1991,39,41,1,2420,45,14232,224,16652,269,0,12,15,341,25,1679,1,119,15
08-09-20,Campbell,269,5,262,5,7,0,308,5,6160,173,6468,178,0,1,-10,63,15,205,0,12,1
08-09-20,Cannon,152,2,143,2,9,0,190,5,2209,23,2399,28,0,0,1,37,1,115,0,6,0
08-09-20,Carroll,302,15,275,15,27,0,330,16,4226,114,4556,130,0,3,7,113,8,186,0,19,4
08-09-20,Carter,584,22,563,20,21,2,640,24,8722,61,9362,85,0,6,10,163,12,415,3,49,7
08-09-20,Cheatham,601,7,599,6,2,1,731,7,6603,40,7334,47,0,7,-1,84,8,510,0,25,8
08-09-20,Chester,241,3,217,3,24,0,266,3,1925,29,2191,32,0,2,0,42,3,197,0,8,2
08-09-20,Claiborne,270,6,255,5,15,1,295,8,5662,82,5957,90,0,0,5,59,1,211,0,12,1
08-09-20,Clay,86,0,80,0,6,0,89,0,1469,9,1558,9,0,0,0,19,0,67,0,2,0
08-09-20,Cocke,497,15,473,14,24,1,535,19,4921,72,5456,91,0,2,8,107,7,388,0,26,3
08-09-20,Coffee,534,6,502,6,32,0,633,4,9589,29,10222,33,0,3,-6,178,12,353,0,18,3
08-09-20,Crockett,275,2,256,2,19,0,305,2,1901,29,2206,31,1,5,-1,59,2,211,0,17,10
08-09-20,Cumberland,484,6,480,6,4,0,616,6,12829,171,13445,177,0,6,3,108,3,370,1,31,6
08-09-20,Davidson,21592,120,21549,120,43,0,26842,140,199301,1269,226143,1409,0,213,18,1778,102,19601,8,919,242
08-09-20,Decatur,214,10,167,10,47,0,244,12,2950,110,3194,122,0,3,6,67,4,144,1,7,3
08-09-20,Dekalb,333,10,332,10,1,0,408,12,4759,96,5167,108,0,2,8,64,2,267,0,15,2
08-09-20,Dickson,714,15,681,13,33,2,894,17,8044,111,8938,128,0,2,3,153,12,559,0,37,4
08-09-20,Dyer,678,20,656,20,22,0,759,23,5972,96,6731,119,1,8,10,154,9,516,0,44,9
08-09-20,Fayette,759,16,752,16,7,0,970,24,10416,85,11386,109,0,8,8,124,8,627,1,63,12
08-09-20,Fentress,97,1,97,1,0,0,106,1,2213,42,2319,43,0,0,0,28,1,69,0,9,0
08-09-20,Franklin,344,5,337,5,7,0,417,5,7020,102,7437,107,0,4,-5,83,10,257,0,19,4
08-09-20,Gibson,704,19,612,19,92,0,785,24,7770,197,8555,221,0,5,-3,167,22,532,1,34,8
08-09-20,Giles,393,2,391,2,2,0,471,4,5306,116,5777,120,0,13,-1,59,3,321,0,28,13
08-09-20,Grainger,201,1,190,1,11,0,234,2,3148,44,3382,46,0,0,0,53,1,148,0,12,0
08-09-20,Greene,504,17,473,17,31,0,577,20,8277,122,8854,142,0,8,9,159,8,337,1,35,8
08-09-20,Grundy,117,0,116,0,1,0,138,0,1490,16,1628,16,0,2,-3,16,3,99,0,16,2
08-09-20,Hamblen,1437,10,1377,9,60,1,1569,11,12425,118,13994,129,0,14,-9,228,19,1195,0,73,19
08-09-20,Hamilton,5908,52,5893,52,15,0,6891,58,79794,287,86685,345,0,53,-16,452,68,5403,1,272,60
08-09-20,Hancock,89,1,82,1,7,0,95,1,1192,5,1287,6,0,2,-1,9,2,78,0,9,2
08-09-20,Hardeman,961,12,932,12,29,0,1081,18,8867,71,9948,89,0,17,11,157,1,787,0,49,20
08-09-20,Hardin,477,12,423,12,54,0,544,16,7227,231,7771,247,0,8,10,83,2,386,0,18,10
08-09-20,Hawkins,485,14,475,14,10,0,542,19,5738,72,6280,91,0,7,2,185,12,293,3,39,9
08-09-20,Haywood,536,30,517,30,19,0,573,35,3587,116,4160,151,0,6,26,176,4,354,1,26,7
08-09-20,Henderson,633,33,534,33,99,0,772,51,4704,141,5476,192,0,2,24,181,9,450,0,23,5
08-09-20,Henry,288,11,284,11,4,0,343,14,5632,135,5975,149,0,0,7,113,4,175,1,25,0
08-09-20,Hickman,267,2,263,2,4,0,336,2,3397,24,3733,26,0,0,1,69,1,198,0,6,0
08-09-20,Houston,63,0,63,0,0,0,73,1,1246,20,1319,21,0,0,0,10,0,53,0,8,0
08-09-20,Humphreys,130,3,121,3,9,0,151,4,3150,37,3301,41,0,3,3,36,0,91,0,4,3
08-09-20,Jackson,156,4,151,4,5,0,181,4,1552,24,1733,28,0,1,4,25,0,130,0,10,2
08-09-20,Jefferson,597,14,539,12,58,2,641,12,8543,86,9184,98,1,4,7,126,6,467,0,33,5
08-09-20,Johnson,287,15,284,15,3,0,295,15,3892,77,4187,92,0,0,4,176,11,111,1,12,0
08-09-20,Knox,4920,84,4771,80,149,4,5395,111,77853,798,83248,909,1,39,23,976,60,3905,4,235,48
08-09-20,Lake,786,8,784,8,2,0,963,9,4479,39,5442,48,0,0,5,58,3,728,0,6,0
08-09-20,Lauderdale,513,20,504,20,9,0,571,20,6688,131,7259,151,0,8,16,106,4,399,0,31,11
08-09-20,Lawrence,563,19,558,19,5,0,662,17,6412,87,7074,104,0,6,8,143,11,414,1,26,8
08-09-20,Lewis,80,2,80,2,0,0,88,3,2337,31,2425,34,0,1,0,35,2,44,0,8,1
08-09-20,Lincoln,328,15,327,15,1,0,399,18,4543,83,4942,101,0,1,9,79,6,248,1,13,1
08-09-20,Loudon,724,16,703,16,21,0,804,17,7540,102,8344,119,0,3,8,144,8,577,0,22,4
08-09-20,Macon,870,2,864,2,6,0,1055,3,4829,46,5884,49,0,13,-2,41,4,816,1,65,16
08-09-20,Madison,1193,55,1157,55,36,0,1328,55,15082,211,16410,266,0,17,27,172,28,1004,1,84,26
08-09-20,Marion,250,2,249,2,1,0,309,2,3431,25,3740,27,0,4,0,46,2,200,0,24,6
08-09-20,Marshall,312,13,312,13,0,0,365,15,4740,41,5105,56,0,3,11,63,2,246,0,15,4
08-09-20,Maury,1276,24,1270,24,6,0,1500,24,12953,220,14453,244,0,7,16,278,8,991,0,44,8
08-09-20,McMinn,586,12,583,12,3,0,703,13,9002,105,9705,118,0,20,8,99,4,467,0,45,21
08-09-20,McNairy,378,4,339,4,39,0,438,8,3785,62,4223,70,0,5,-2,78,6,295,0,25,8
08-09-20,Meigs,112,1,111,1,1,0,139,3,1760,19,1899,22,0,0,1,23,0,89,0,6,1
08-09-20,Monroe,487,22,474,22,13,0,543,24,5285,207,5828,231,0,9,16,117,6,361,2,44,8
08-09-20,Montgomery,2010,16,1998,16,12,0,2324,26,25471,262,27795,288,0,13,-6,354,22,1643,0,95,21
08-09-20,Moore,78,2,76,2,2,0,90,2,969,7,1059,9,0,0,-1,29,3,49,0,0,0
08-09-20,Morgan,147,3,145,3,2,0,162,5,4981,20,5143,25,0,1,2,64,1,82,0,3,1
08-09-20,Obion,597,14,587,14,10,0,664,18,5673,113,6337,131,0,4,9,188,5,405,0,27,6
08-09-20,Out of State,1351,21,1339,19,12,2,1504,21,168421,860,169925,881,0,14,10,140,11,1197,1,51,5
08-09-20,Overton,225,15,222,15,3,0,255,16,4002,63,4257,79,0,1,12,74,3,150,0,11,1
08-09-20,Pending,376,3,371,3,5,0,440,4,115898,920,116338,924,0,10,-1,65,4,301,1,4,0
08-09-20,Perry,81,0,79,0,2,0,92,0,1817,27,1909,27,0,0,0,13,0,68,0,4,0
08-09-20,Pickett,34,4,34,4,0,0,34,4,668,8,702,12,0,1,4,13,0,20,0,0,1
08-09-20,Polk,234,1,231,1,3,0,251,2,1947,25,2198,27,0,3,-7,43,8,188,0,13,9
08-09-20,Putnam,1681,27,1668,27,13,0,2058,32,18018,243,20076,275,0,18,16,268,11,1395,1,64,22
08-09-20,Rhea,534,3,534,3,0,0,633,5,5840,32,6473,37,0,2,2,65,1,467,0,15,2
08-09-20,Roane,473,14,458,14,15,0,565,20,10711,120,11276,140,0,2,10,139,4,332,0,22,2
08-09-20,Robertson,1596,15,1591,15,5,0,1973,18,10405,105,12378,123,0,19,0,159,15,1418,0,115,26
08-09-20,Rutherford,6702,36,6691,36,11,0,8168,45,49335,435,57503,480,0,54,-15,678,51,5970,1,210,60
08-09-20,Scott,127,1,124,1,3,0,138,2,2435,41,2573,43,0,0,-4,40,5,87,0,9,2
08-09-20,Sequatchie,128,1,127,1,1,0,152,2,2908,36,3060,38,0,0,0,18,1,110,1,7,1
08-09-20,Sevier,1887,33,1828,33,59,0,2064,42,16892,286,18956,328,0,7,10,247,23,1633,0,71,11
08-09-20,Shelby,23788,176,23717,165,71,11,29011,235,244876,2319,273887,2554,3,304,23,2580,150,20904,5,1825,356
08-09-20,Smith,476,5,468,5,8,0,525,6,3418,31,3943,37,0,4,-3,67,8,405,2,23,7
08-09-20,Stewart,75,2,75,2,0,0,97,4,1639,34,1736,38,0,0,0,12,2,63,0,2,0
08-09-20,Sullivan,1048,49,993,49,55,0,1117,52,16618,235,17735,287,0,14,27,269,22,765,0,100,16
08-09-20,Sumner,3541,26,3526,26,15,0,4220,34,25724,183,29944,217,0,73,1,379,25,3089,1,317,81
08-09-20,Tipton,1251,12,1238,12,13,0,1438,18,13840,191,15278,209,1,10,1,141,10,1100,0,75,12
08-09-20,Trousdale,1589,0,1586,0,3,0,1654,1,3352,21,5006,22,0,6,0,16,0,1567,0,18,6
08-09-20,Unicoi,166,4,163,4,3,0,177,5,3330,28,3507,33,0,0,-1,38,5,128,0,4,0
08-09-20,Union,169,6,165,6,4,0,183,6,2577,68,2760,74,0,0,4,51,2,118,0,5,0
08-09-20,Van Buren,42,1,42,1,0,0,44,1,782,8,826,9,0,0,1,7,0,35,0,3,0
08-09-20,Warren,527,24,498,24,29,0,591,27,8009,170,8600,197,0,4,18,167,6,356,0,10,5
08-09-20,Washington,1228,32,1199,32,29,0,1361,40,17198,213,18559,253,0,2,10,301,22,925,1,60,2
08-09-20,Wayne,232,1,227,1,5,0,256,1,4040,28,4296,29,0,2,0,27,1,203,0,7,2
08-09-20,Weakley,487,38,458,38,29,0,523,41,5861,145,6384,186,0,4,31,253,7,230,1,17,6
08-09-20,White,291,11,286,11,5,0,342,11,4782,92,5124,103,0,5,9,102,2,184,0,17,6
08-09-20,Williamson,3549,45,3533,45,16,0,4227,53,41723,407,45950,460,0,25,22,472,23,3052,1,99,24
08-09-20,Wilson,2349,19,2346,19,3,0,2802,23,23745,184,26547,207,0,23,3,317,16,2009,0,88,25
08-08-20,Anderson,698,11,681,11,17,0,827,16,15268,297,16095,313,0,6,2,144,9,548,0,31,6
08-08-20,Bedford,925,9,910,6,15,3,1098,16,6957,116,8055,132,0,11,5,110,4,804,1,37,13
08-08-20,Benton,152,11,148,11,4,0,162,12,2074,42,2236,54,0,1,10,84,1,67,0,12,1
08-08-20,Bledsoe,711,6,708,3,3,3,734,3,4614,40,5348,43,0,1,6,47,0,663,0,15,1
08-08-20,Blount,1402,38,1375,38,27,0,1623,44,16025,630,17648,674,1,11,16,340,21,1051,2,68,14
08-08-20,Bradley,1992,32,1952,32,40,0,2375,38,14008,466,16383,504,0,12,0,326,32,1654,0,118,15
08-08-20,Campbell,264,2,257,2,7,0,303,3,5987,173,6290,176,0,1,-6,73,8,190,0,12,1
08-08-20,Cannon,150,6,141,6,9,0,185,6,2186,47,2371,53,0,0,4,36,2,114,0,6,0
08-08-20,Carroll,287,7,260,6,27,1,314,9,4112,108,4426,117,0,3,-1,106,8,178,0,19,4
08-08-20,Carter,562,14,543,14,19,0,616,17,8661,254,9277,271,0,6,5,153,9,403,0,46,7
08-08-20,Cheatham,594,13,593,13,1,0,724,19,6563,175,7287,194,0,7,9,85,4,502,0,25,8
08-08-20,Chester,238,4,214,3,24,1,263,7,1896,41,2159,48,0,2,2,42,2,194,0,8,2
08-08-20,Claiborne,264,3,250,2,14,1,287,5,5580,92,5867,97,0,0,-3,54,6,210,0,12,1
08-08-20,Clay,86,1,80,1,6,0,89,1,1460,12,1549,13,0,0,0,19,1,67,0,2,0
08-08-20,Cocke,482,8,459,8,23,0,516,11,4849,96,5365,107,0,2,4,99,4,381,0,26,2
08-08-20,Coffee,528,25,496,24,32,1,629,33,9560,395,10189,428,0,3,20,184,5,341,2,18,3
08-08-20,Crockett,273,2,254,1,19,1,303,3,1872,32,2175,35,0,4,-7,60,9,209,0,17,10
08-08-20,Cumberland,478,40,474,40,4,0,610,43,12658,265,13268,308,0,6,35,105,5,367,0,30,6
08-08-20,Davidson,21472,228,21429,225,43,3,26702,295,198032,2884,224734,3179,1,213,93,1760,134,19499,5,911,241
08-08-20,Decatur,204,8,157,4,47,4,232,11,2840,82,3072,93,0,3,5,61,3,140,0,6,3
08-08-20,Dekalb,323,5,322,5,1,0,396,6,4663,80,5059,86,0,2,-1,56,6,265,0,15,2
08-08-20,Dickson,699,16,668,10,31,6,877,23,7933,130,8810,153,0,2,8,150,8,547,0,37,4
08-08-20,Dyer,658,9,636,8,22,1,736,14,5876,161,6612,175,0,7,1,144,8,507,0,44,9
08-08-20,Fayette,743,13,736,12,7,1,946,15,10331,190,11277,205,0,8,7,116,6,619,1,62,12
08-08-20,Fentress,96,3,96,3,0,0,105,4,2171,47,2276,51,0,0,0,28,3,68,0,9,0
08-08-20,Franklin,339,14,332,14,7,0,412,14,6918,175,7330,189,0,4,6,88,8,247,0,19,4
08-08-20,Gibson,685,12,593,9,92,3,761,17,7573,203,8334,220,0,5,-3,170,15,510,0,33,8
08-08-20,Giles,391,3,389,3,2,0,467,6,5190,120,5657,126,0,13,-2,60,5,318,0,28,13
08-08-20,Grainger,200,4,189,4,11,0,232,5,3104,58,3336,63,0,0,2,53,2,147,0,12,0
08-08-20,Greene,487,24,456,24,31,0,557,32,8155,177,8712,209,1,8,19,150,4,329,1,34,8
08-08-20,Grundy,117,3,116,3,1,0,138,3,1474,23,1612,26,0,2,3,19,0,96,0,16,2
08-08-20,Hamblen,1427,12,1368,11,59,1,1558,15,12307,193,13865,208,0,14,-2,237,14,1176,1,73,18
08-08-20,Hamilton,5856,108,5841,108,15,0,6833,136,79507,1987,86340,2123,1,53,49,468,58,5335,2,271,60
08-08-20,Hancock,88,1,81,1,7,0,94,1,1187,39,1281,40,1,2,-1,10,1,76,0,9,2
08-08-20,Hardeman,949,32,920,31,29,1,1063,38,8796,122,9859,160,0,17,21,146,11,786,0,49,20
08-08-20,Hardin,465,6,411,4,54,2,528,10,6996,160,7524,170,0,8,0,73,6,384,0,18,10
08-08-20,Hawkins,471,22,461,22,10,0,523,21,5666,128,6189,149,0,7,18,183,4,281,2,36,8
08-08-20,Haywood,506,12,487,11,19,1,538,13,3471,119,4009,132,0,6,8,150,4,350,0,25,6
08-08-20,Henderson,600,13,501,11,99,2,721,33,4563,172,5284,205,0,2,8,157,5,441,1,23,5
08-08-20,Henry,277,12,273,12,4,0,329,13,5497,135,5826,148,0,0,8,106,4,171,1,24,0
08-08-20,Hickman,265,12,261,12,4,0,334,17,3373,135,3707,152,0,0,9,68,3,197,0,6,0
08-08-20,Houston,63,2,63,2,0,0,72,2,1226,33,1298,35,0,0,2,10,0,53,1,8,0
08-08-20,Humphreys,127,4,118,4,9,0,147,4,3113,139,3260,143,0,3,2,33,2,91,0,4,3
08-08-20,Jackson,152,7,147,7,5,0,177,7,1528,15,1705,22,0,1,7,21,0,130,0,10,2
08-08-20,Jefferson,583,10,527,6,56,4,629,7,8457,150,9086,157,0,3,0,119,10,461,1,33,5
08-08-20,Johnson,272,10,269,10,3,0,280,10,3815,78,4095,88,0,0,-2,172,12,100,0,11,0
08-08-20,Knox,4836,158,4691,157,145,1,5284,168,77055,2260,82339,2428,1,38,96,953,61,3845,4,231,47
08-08-20,Lake,778,4,776,4,2,0,954,4,4440,31,5394,35,0,0,-1,53,5,725,0,6,0
08-08-20,Lauderdale,493,3,484,2,9,1,551,3,6557,93,7108,96,0,8,1,90,2,395,0,31,11
08-08-20,Lawrence,544,11,539,11,5,0,645,14,6325,155,6970,169,0,6,0,135,11,403,0,25,8
08-08-20,Lewis,78,0,78,0,0,0,85,1,2306,121,2391,122,0,1,0,35,0,42,0,8,1
08-08-20,Lincoln,313,14,312,14,1,0,381,17,4460,186,4841,203,0,1,9,70,5,242,0,12,1
08-08-20,Loudon,708,12,687,12,21,0,787,15,7438,134,8225,149,0,3,7,136,5,569,0,22,4
08-08-20,Macon,868,0,862,0,6,0,1052,0,4783,23,5835,23,0,13,-3,43,3,812,0,64,16
08-08-20,Madison,1138,46,1102,44,36,2,1273,53,14871,435,16144,488,0,17,19,145,27,976,2,83,25
08-08-20,Marion,248,6,247,6,1,0,307,7,3406,48,3713,55,0,4,1,46,5,198,0,24,6
08-08-20,Marshall,299,4,299,4,0,0,350,5,4699,125,5049,130,0,3,-2,52,6,244,0,15,4
08-08-20,Maury,1252,37,1246,37,6,0,1476,44,12733,259,14209,303,0,7,26,262,11,983,0,44,8
08-08-20,McMinn,574,14,571,14,3,0,690,19,8897,236,9587,255,0,20,10,91,4,463,0,45,21
08-08-20,McNairy,374,8,335,6,39,2,430,13,3723,49,4153,62,0,5,5,80,3,289,0,25,8
08-08-20,Meigs,111,2,110,2,1,0,136,2,1741,43,1877,45,0,0,0,22,2,89,0,6,1
08-08-20,Monroe,465,15,452,15,13,0,519,21,5078,242,5597,263,0,9,2,101,13,355,0,42,8
08-08-20,Montgomery,1994,49,1982,47,12,2,2298,55,25209,419,27507,474,0,13,28,360,21,1621,0,95,19
08-08-20,Moore,76,3,74,3,2,0,88,3,962,32,1050,35,0,0,1,30,2,46,0,0,0
08-08-20,Morgan,144,16,142,14,2,2,157,10,4961,49,5118,59,0,1,13,62,3,81,0,3,1
08-08-20,Obion,583,25,573,25,10,0,646,32,5560,194,6206,226,0,4,12,179,13,400,3,27,6
08-08-20,Out of State,1330,12,1320,12,10,0,1483,14,167561,2743,169044,2757,-2,14,5,130,9,1186,0,50,5
08-08-20,Overton,210,4,207,4,3,0,239,5,3939,46,4178,51,0,1,3,62,1,147,0,11,1
08-08-20,Pending,373,12,368,12,5,0,436,17,114978,2217,115414,2234,1,10,3,66,8,297,0,3,0
08-08-20,Perry,81,3,79,3,2,0,92,3,1790,34,1882,37,0,0,3,13,0,68,0,4,0
08-08-20,Pickett,30,1,30,1,0,0,30,1,660,3,690,4,0,1,1,9,0,20,0,0,1
08-08-20,Polk,233,7,230,7,3,0,249,8,1922,36,2171,44,0,3,3,50,4,180,0,13,8
08-08-20,Putnam,1654,17,1641,17,13,0,2026,23,17775,296,19801,319,1,18,10,252,6,1384,1,63,22
08-08-20,Rhea,531,7,531,7,0,0,628,11,5808,142,6436,153,1,2,1,63,5,466,0,15,2
08-08-20,Roane,459,18,444,18,15,0,545,22,10591,201,11136,223,0,2,14,129,4,328,1,22,2
08-08-20,Robertson,1581,26,1576,25,5,1,1955,31,10300,148,12255,179,0,19,16,159,10,1403,3,115,26
08-08-20,Rutherford,6666,115,6655,115,11,0,8123,144,48900,1243,57023,1387,1,54,63,693,51,5919,2,209,60
08-08-20,Scott,126,2,123,2,3,0,136,3,2394,65,2530,68,0,0,-2,44,4,82,0,9,2
08-08-20,Sequatchie,127,1,126,1,1,0,150,1,2872,40,3022,41,0,0,-5,18,6,109,0,6,1
08-08-20,Sevier,1854,11,1795,11,59,0,2022,17,16606,186,18628,203,0,7,-6,237,17,1610,0,71,11
08-08-20,Shelby,23612,346,23552,341,60,5,28776,473,242557,3976,271333,4449,-1,301,161,2557,186,20754,12,1820,354
08-08-20,Smith,471,3,463,3,8,0,519,4,3387,48,3906,52,0,4,-5,70,8,397,0,21,7
08-08-20,Stewart,73,1,73,1,0,0,93,2,1605,31,1698,33,0,0,0,12,1,61,0,2,0
08-08-20,Sullivan,999,33,944,33,55,0,1065,38,16383,588,17448,626,2,14,14,242,17,743,1,100,16
08-08-20,Sumner,3515,34,3500,34,15,0,4186,35,25541,356,29727,391,0,73,15,378,19,3064,1,316,81
08-08-20,Tipton,1239,10,1226,9,13,1,1420,12,13649,227,15069,239,0,9,-1,140,11,1090,0,75,12
08-08-20,Trousdale,1589,1,1586,1,3,0,1653,2,3331,19,4984,21,0,6,0,16,1,1567,0,18,6
08-08-20,Unicoi,162,4,159,4,3,0,172,4,3302,60,3474,64,0,0,0,39,4,123,0,4,0
08-08-20,Union,163,3,159,3,4,0,177,4,2509,59,2686,63,0,0,-1,47,4,116,1,5,0
08-08-20,Van Buren,41,2,41,2,0,0,43,2,774,9,817,11,0,0,0,6,2,35,0,3,0
08-08-20,Warren,503,3,474,2,29,1,564,7,7839,152,8403,159,0,4,-5,149,8,350,0,10,5
08-08-20,Washington,1196,26,1167,26,29,0,1321,31,16985,512,18306,543,0,2,-1,291,27,903,2,59,2
08-08-20,Wayne,231,1,226,1,5,0,255,1,4012,57,4267,58,0,2,-3,27,4,202,0,7,2
08-08-20,Weakley,449,28,420,26,29,2,482,31,5716,198,6198,229,0,4,20,222,8,223,1,16,6
08-08-20,White,280,3,275,2,5,1,331,2,4690,78,5021,80,0,5,0,93,3,182,0,17,6
08-08-20,Williamson,3504,72,3488,70,16,2,4174,95,41316,721,45490,816,0,25,34,450,38,3029,1,98,24
08-08-20,Wilson,2330,42,2327,42,3,0,2779,46,23561,454,26340,500,0,23,16,314,26,1993,0,88,25
08-07-20,Anderson,687,4,670,4,17,0,811,3,14971,80,15782,83,0,6,-22,142,26,539,0,31,6
08-07-20,Bedford,916,12,904,9,12,3,1082,13,6841,107,7923,120,0,11,6,105,6,800,0,36,12
08-07-20,Benton,141,5,137,5,4,0,150,5,2032,34,2182,39,0,1,-4,74,9,66,1,12,1
08-07-20,Bledsoe,705,8,705,8,0,0,731,6,4574,23,5305,29,0,1,6,41,2,663,1,15,1
08-07-20,Blount,1364,7,1337,7,27,0,1579,8,15395,104,16974,112,1,10,-23,324,29,1030,1,66,14
08-07-20,Bradley,1960,56,1920,56,40,0,2337,69,13542,181,15879,250,0,12,21,326,35,1622,3,118,12
08-07-20,Campbell,262,5,255,5,7,0,300,6,5814,52,6114,58,0,1,-3,79,8,182,0,12,1
08-07-20,Cannon,144,2,135,0,9,2,179,2,2139,44,2318,46,0,0,-3,32,5,112,0,6,0
08-07-20,Carroll,280,5,254,4,26,1,305,5,4004,36,4309,41,0,3,-10,107,15,170,1,19,4
08-07-20,Carter,548,25,529,25,19,0,599,31,8407,226,9006,257,1,6,9,148,15,394,2,46,7
08-07-20,Cheatham,581,5,580,5,1,0,705,4,6388,30,7093,34,0,7,-3,76,8,498,0,25,8
08-07-20,Chester,234,7,211,5,23,2,256,7,1855,20,2111,27,0,2,2,40,5,192,0,8,2
08-07-20,Claiborne,261,9,248,8,13,1,282,9,5488,69,5770,78,0,0,-1,57,10,204,1,12,1
08-07-20,Clay,85,0,79,0,6,0,88,0,1448,4,1536,4,0,0,-2,19,2,66,0,2,0
08-07-20,Cocke,474,9,451,9,23,0,505,9,4753,49,5258,58,0,2,4,95,5,377,1,26,2
08-07-20,Coffee,503,18,472,15,31,3,596,23,9165,118,9761,141,0,3,10,164,8,336,0,16,3
08-07-20,Crockett,271,6,253,5,18,1,300,7,1840,23,2140,30,0,4,-2,67,8,200,2,17,9
08-07-20,Cumberland,438,6,434,6,4,0,567,6,12393,34,12960,40,0,6,-5,70,11,362,0,30,6
08-07-20,Davidson,21244,262,21204,262,40,0,26407,335,195148,2637,221555,2972,1,212,62,1667,199,19365,4,906,239
08-07-20,Decatur,196,2,153,2,43,0,221,3,2758,8,2979,11,0,3,-4,56,6,137,0,6,3
08-07-20,Dekalb,318,6,317,6,1,0,390,8,4583,35,4973,43,0,2,1,57,5,259,0,15,2
08-07-20,Dickson,683,10,658,8,25,2,854,12,7803,118,8657,130,1,2,-3,142,12,539,0,37,4
08-07-20,Dyer,649,14,628,13,21,1,722,12,5715,45,6437,57,0,7,-4,143,18,499,1,44,9
08-07-20,Fayette,730,13,724,13,6,0,931,19,10141,131,11072,150,0,8,1,109,12,613,2,61,12
08-07-20,Fentress,93,2,93,2,0,0,101,2,2124,6,2225,8,0,0,-1,28,3,65,0,9,0
08-07-20,Franklin,325,4,318,4,7,0,398,6,6743,50,7141,56,0,4,-11,82,15,239,1,19,4
08-07-20,Gibson,673,25,584,23,89,2,744,27,7370,167,8114,194,1,5,11,173,13,495,2,33,8
08-07-20,Giles,388,8,386,8,2,0,461,6,5070,65,5531,71,0,13,0,62,8,313,3,28,13
08-07-20,Grainger,196,2,185,2,11,0,227,2,3046,27,3273,29,0,0,-4,51,6,145,0,12,0
08-07-20,Greene,463,29,432,29,31,0,525,24,7978,134,8503,158,0,7,23,131,6,325,2,33,8
08-07-20,Grundy,114,2,113,2,1,0,135,2,1451,7,1586,9,0,2,1,16,1,96,0,16,2
08-07-20,Hamblen,1415,6,1357,6,58,0,1543,6,12114,52,13657,58,0,14,-19,239,25,1162,2,72,18
08-07-20,Hamilton,5748,94,5733,94,15,0,6697,108,77520,806,84217,914,3,52,27,419,64,5277,3,269,58
08-07-20,Hancock,87,0,80,0,7,0,93,0,1148,17,1241,17,0,1,-2,11,2,75,0,9,2
08-07-20,Hardeman,917,15,889,15,28,0,1025,20,8674,66,9699,86,2,17,2,125,11,775,0,49,20
08-07-20,Hardin,459,9,407,5,52,4,518,14,6836,66,7354,80,1,8,2,73,6,378,0,18,10
08-07-20,Hawkins,449,21,439,21,10,0,502,21,5538,84,6040,105,0,7,12,165,9,277,1,34,7
08-07-20,Haywood,494,7,476,5,18,2,525,8,3352,20,3877,28,0,6,-6,142,13,346,0,25,6
08-07-20,Henderson,587,18,490,13,97,5,688,23,4391,98,5079,121,0,2,4,149,14,436,2,22,5
08-07-20,Henry,265,1,261,1,4,0,316,2,5362,30,5678,32,0,0,-10,98,11,167,0,23,0
08-07-20,Hickman,253,3,249,3,4,0,317,2,3238,54,3555,56,0,0,-3,59,6,194,0,6,0
08-07-20,Houston,61,0,61,0,0,0,70,0,1193,6,1263,6,0,0,-2,8,2,53,0,7,0
08-07-20,Humphreys,123,2,114,2,9,0,143,3,2974,27,3117,30,0,3,-1,31,3,89,0,4,3
08-07-20,Jackson,145,3,140,3,5,0,170,3,1513,9,1683,12,0,1,0,14,3,130,1,10,2
08-07-20,Jefferson,573,2,521,2,52,0,622,3,8307,78,8929,81,0,3,-9,119,11,451,0,32,5
08-07-20,Johnson,262,29,259,29,3,0,270,30,3737,99,4007,129,0,0,22,174,7,88,2,11,0
08-07-20,Knox,4678,50,4534,46,144,4,5116,44,74795,397,79911,441,0,37,-35,857,85,3784,0,227,45
08-07-20,Lake,774,4,772,4,2,0,950,5,4409,10,5359,15,0,0,0,54,4,720,1,6,0
08-07-20,Lauderdale,490,9,482,9,8,0,548,10,6464,38,7012,48,0,8,-6,89,15,393,0,31,10
08-07-20,Lawrence,533,12,528,12,5,0,631,13,6170,78,6801,91,0,6,2,135,10,392,0,25,8
08-07-20,Lewis,78,5,78,5,0,0,84,5,2185,46,2269,51,0,1,5,35,0,42,0,8,1
08-07-20,Lincoln,299,8,298,8,1,0,364,9,4274,118,4638,127,0,1,0,61,8,237,0,12,1
08-07-20,Loudon,696,4,675,4,21,0,772,5,7304,43,8076,48,0,3,-3,129,7,564,0,22,4
08-07-20,Macon,868,0,862,0,6,0,1052,3,4760,35,5812,38,0,13,-10,46,10,809,0,64,16
08-07-20,Madison,1092,40,1058,39,34,1,1220,46,14436,236,15656,282,2,17,18,126,20,949,8,81,24
08-07-20,Marion,242,3,241,3,1,0,300,8,3358,51,3658,59,0,4,-1,45,4,193,0,24,5
08-07-20,Marshall,295,8,295,8,0,0,345,8,4574,42,4919,50,0,3,2,54,6,238,1,15,4
08-07-20,Maury,1215,36,1209,36,6,0,1432,38,12474,185,13906,223,0,7,19,236,17,972,0,44,8
08-07-20,McMinn,560,11,557,11,3,0,671,13,8661,148,9332,161,0,20,2,81,9,459,0,45,21
08-07-20,McNairy,366,3,329,3,37,0,417,5,3674,24,4091,29,0,5,-7,75,10,286,0,25,8
08-07-20,Meigs,109,2,108,2,1,0,134,3,1698,28,1832,31,0,0,0,22,2,87,0,6,1
08-07-20,Monroe,450,1,437,1,13,0,498,2,4836,61,5334,63,0,9,-4,99,5,342,0,42,8
08-07-20,Montgomery,1945,13,1935,13,10,0,2243,21,24790,161,27033,182,0,13,-16,332,29,1600,0,95,18
08-07-20,Moore,73,2,71,2,2,0,85,2,930,13,1015,15,0,0,-1,29,3,44,0,0,0
08-07-20,Morgan,128,7,128,7,0,0,147,8,4912,36,5059,44,0,1,6,49,1,78,1,3,1
08-07-20,Obion,558,18,548,18,10,0,614,19,5366,112,5980,131,0,4,-4,167,22,387,0,24,6
08-07-20,Out of State,1318,13,1308,13,10,0,1469,21,164818,1048,166287,1069,0,16,-6,125,19,1177,1,50,5
08-07-20,Overton,206,1,203,1,3,0,234,1,3893,10,4127,11,0,1,-1,59,2,146,0,11,1
08-07-20,Pending,361,12,356,12,5,0,419,14,112761,1298,113180,1312,1,9,-3,63,14,289,0,3,0
08-07-20,Perry,78,1,76,1,2,0,89,1,1756,79,1845,80,0,0,-2,10,3,68,0,4,0
08-07-20,Pickett,29,0,29,0,0,0,29,0,657,0,686,0,0,1,0,8,0,20,0,0,1
08-07-20,Polk,226,12,223,12,3,0,241,14,1886,34,2127,48,0,3,7,47,5,176,0,13,8
08-07-20,Putnam,1637,13,1624,13,13,0,2003,14,17479,121,19482,135,1,17,-14,242,26,1378,0,62,22
08-07-20,Rhea,524,7,524,7,0,0,617,9,5666,92,6283,101,0,1,1,62,6,461,0,15,2
08-07-20,Roane,441,10,426,10,15,0,523,11,10390,65,10913,76,0,2,-3,115,13,324,2,21,2
08-07-20,Robertson,1555,7,1551,7,4,0,1924,11,10152,58,12076,69,0,19,-12,143,19,1393,0,112,26
08-07-20,Rutherford,6551,60,6540,59,11,1,7979,75,47657,375,55636,450,0,53,-18,630,78,5868,1,207,60
08-07-20,Scott,124,2,121,2,3,0,133,1,2329,17,2462,18,0,0,-1,46,3,78,0,9,2
08-07-20,Sequatchie,126,4,125,4,1,0,149,4,2832,13,2981,17,0,0,3,23,1,103,0,6,1
08-07-20,Sevier,1843,23,1784,23,59,0,2005,26,16420,119,18425,145,1,7,-11,243,33,1593,1,71,10
08-07-20,Shelby,23266,358,23211,352,55,6,28303,479,238581,3149,266884,3628,2,302,98,2396,258,20568,31,1808,352
08-07-20,Smith,468,2,460,2,8,0,515,2,3339,16,3854,18,0,4,-5,75,7,389,1,21,7
08-07-20,Stewart,72,0,72,0,0,0,91,0,1574,17,1665,17,0,0,0,12,0,60,0,2,0
08-07-20,Sullivan,966,49,911,44,55,5,1027,54,15795,256,16822,310,0,12,30,228,19,726,6,99,16
08-07-20,Sumner,3481,34,3466,34,15,0,4151,36,25185,191,29336,227,1,73,-7,363,40,3045,1,315,80
08-07-20,Tipton,1229,17,1217,16,12,1,1408,24,13422,122,14830,146,0,9,-5,141,22,1079,3,75,12
08-07-20,Trousdale,1588,4,1585,4,3,0,1651,4,3312,18,4963,22,0,6,1,16,3,1566,0,18,6
08-07-20,Unicoi,158,5,155,5,3,0,168,6,3242,59,3410,65,0,0,2,39,3,119,0,4,0
08-07-20,Union,160,2,156,2,4,0,173,2,2450,34,2623,36,0,0,-9,48,11,112,0,4,0
08-07-20,Van Buren,39,0,39,0,0,0,41,0,765,2,806,2,0,0,0,6,0,33,0,3,0
08-07-20,Warren,500,7,472,7,28,0,557,9,7687,76,8244,85,0,4,-8,154,15,342,0,10,5
08-07-20,Washington,1170,64,1141,61,29,3,1290,72,16473,416,17763,488,0,2,25,292,39,876,4,57,2
08-07-20,Wayne,230,0,225,0,5,0,254,0,3955,33,4209,33,0,2,-5,30,5,198,0,7,2
08-07-20,Weakley,421,9,394,8,27,1,451,9,5518,55,5969,64,1,4,-2,202,10,215,1,15,6
08-07-20,White,277,5,273,5,4,0,329,5,4612,19,4941,24,0,5,2,93,3,179,0,17,5
08-07-20,Williamson,3432,33,3418,32,14,1,4079,40,40595,371,44674,411,0,25,-2,416,35,2991,0,97,24
08-07-20,Wilson,2288,29,2285,29,3,0,2733,34,23107,188,25840,222,0,23,12,298,17,1967,0,88,25
08-06-20,Anderson,683,22,666,22,17,0,808,30,14891,330,15699,360,0,6,2,164,20,513,1,31,6
08-06-20,Bedford,904,9,895,9,9,0,1069,10,6734,129,7803,139,0,11,-2,99,11,794,1,36,12
08-06-20,Benton,136,18,132,17,4,1,145,17,1998,91,2143,108,0,1,16,78,2,57,1,11,1
08-06-20,Bledsoe,697,10,697,10,0,0,725,13,4551,37,5276,50,0,1,10,35,0,661,0,14,1
08-06-20,Blount,1357,33,1330,33,27,0,1571,42,15291,433,16862,475,1,9,-1,347,33,1001,1,65,11
08-06-20,Bradley,1904,50,1864,48,40,2,2268,56,13361,190,15629,246,0,12,29,305,21,1587,1,115,12
08-06-20,Campbell,257,15,250,15,7,0,294,16,5762,99,6056,115,0,1,9,82,6,174,0,12,1
08-06-20,Cannon,142,8,135,6,7,2,177,7,2095,44,2272,51,0,0,3,35,5,107,0,6,0
08-06-20,Carroll,275,23,250,21,25,2,300,28,3968,132,4268,160,0,3,15,117,8,155,1,18,4
08-06-20,Carter,523,21,504,19,19,2,568,22,8181,40,8749,62,0,5,4,139,17,379,1,44,7
08-06-20,Cheatham,576,14,575,13,1,1,701,27,6358,166,7059,193,1,7,1,79,12,490,0,25,7
08-06-20,Chester,227,5,206,4,21,1,249,6,1835,50,2084,56,0,2,2,38,3,187,0,8,2
08-06-20,Claiborne,252,8,240,8,12,0,273,10,5419,206,5692,216,0,0,0,58,8,194,0,11,1
08-06-20,Clay,85,5,79,3,6,2,88,5,1444,63,1532,68,0,0,2,21,3,64,0,2,0
08-06-20,Cocke,465,12,442,8,23,4,496,16,4704,90,5200,106,0,2,5,91,7,372,2,25,2
08-06-20,Coffee,485,37,457,32,28,5,573,38,9047,244,9620,282,1,3,20,154,16,328,0,16,3
08-06-20,Crockett,265,10,248,10,17,0,293,14,1817,26,2110,40,0,4,3,69,7,192,0,15,9
08-06-20,Cumberland,432,16,428,16,4,0,561,23,12359,180,12920,203,0,6,9,75,7,351,0,30,6
08-06-20,Davidson,20982,248,20942,247,40,1,26072,314,192511,2686,218583,3000,3,211,52,1605,193,19166,7,902,237
08-06-20,Decatur,194,8,151,4,43,4,218,11,2750,114,2968,125,1,3,-1,60,8,131,0,6,3
08-06-20,Dekalb,312,5,311,4,1,1,382,9,4548,72,4930,81,1,2,-7,56,11,254,0,15,2
08-06-20,Dickson,673,22,650,16,23,6,842,26,7685,250,8527,276,0,1,11,145,11,527,1,37,4
08-06-20,Dyer,635,32,615,32,20,0,710,39,5670,169,6380,208,0,7,22,147,10,481,1,43,9
08-06-20,Fayette,717,21,711,21,6,0,912,24,10010,153,10922,177,0,8,17,108,4,601,2,59,12
08-06-20,Fentress,91,9,91,9,0,0,99,10,2118,47,2217,57,0,0,8,29,1,62,2,9,0
08-06-20,Franklin,321,16,314,16,7,0,392,17,6693,224,7085,241,0,4,10,93,6,224,1,18,4
08-06-20,Gibson,648,40,561,35,87,5,717,37,7203,205,7920,242,2,4,21,162,17,482,4,31,7
08-06-20,Giles,380,8,378,8,2,0,455,9,5005,93,5460,102,1,13,-2,62,9,305,1,25,13
08-06-20,Grainger,194,8,183,8,11,0,225,7,3019,85,3244,92,0,0,4,55,4,139,0,12,0
08-06-20,Greene,434,25,403,17,31,8,501,25,7844,137,8345,162,1,7,17,108,7,319,2,31,8
08-06-20,Grundy,112,4,111,4,1,0,133,4,1444,31,1577,35,0,2,2,15,2,95,0,16,2
08-06-20,Hamblen,1409,43,1351,41,58,2,1537,48,12062,358,13599,406,1,14,3,258,39,1137,1,70,17
08-06-20,Hamilton,5654,84,5639,84,15,0,6589,106,76714,1066,83303,1172,2,49,22,392,60,5213,6,266,56
08-06-20,Hancock,87,3,80,2,7,1,93,2,1131,37,1224,39,0,1,1,13,2,73,0,9,1
08-06-20,Hardeman,902,15,874,15,28,0,1005,22,8608,92,9613,114,3,15,-5,123,17,764,0,49,20
08-06-20,Hardin,450,10,402,10,48,0,504,14,6770,266,7274,280,0,7,-5,71,15,372,0,18,10
08-06-20,Hawkins,428,16,418,15,10,1,481,17,5454,95,5935,112,2,7,-9,153,23,268,1,33,7
08-06-20,Haywood,487,30,471,30,16,0,517,31,3332,91,3849,122,1,6,18,148,11,333,2,25,6
08-06-20,Henderson,569,29,477,23,92,6,665,34,4293,115,4958,149,2,2,12,145,15,422,0,20,5
08-06-20,Henry,264,28,260,28,4,0,314,29,5332,214,5646,243,0,0,12,108,16,156,1,23,0
08-06-20,Hickman,250,9,246,9,4,0,315,11,3184,74,3499,85,0,0,4,62,5,188,0,6,0
08-06-20,Houston,61,2,61,2,0,0,70,2,1187,31,1257,33,0,0,0,10,2,51,0,7,0
08-06-20,Humphreys,121,2,112,2,9,0,140,5,2947,80,3087,85,0,3,1,32,1,86,0,4,3
08-06-20,Jackson,142,4,137,1,5,3,167,4,1504,18,1671,22,0,1,-1,14,5,127,0,9,2
08-06-20,Jefferson,571,27,519,22,52,5,619,24,8229,208,8848,232,0,3,16,128,11,440,1,32,5
08-06-20,Johnson,233,7,230,7,3,0,240,8,3638,68,3878,76,0,0,-2,152,9,81,0,9,0
08-06-20,Knox,4628,113,4488,105,140,8,5072,120,74398,1475,79470,1595,-1,37,40,892,74,3699,5,227,43
08-06-20,Lake,770,12,768,12,2,0,945,11,4399,50,5344,61,0,0,10,54,2,716,0,5,0
08-06-20,Lauderdale,481,33,473,32,8,1,538,32,6426,82,6964,114,1,8,20,95,12,378,0,31,10
08-06-20,Lawrence,521,31,516,31,5,0,618,35,6092,158,6710,193,0,6,27,133,4,382,0,25,7
08-06-20,Lewis,73,6,73,6,0,0,79,6,2139,34,2218,40,0,1,3,30,3,42,0,8,1
08-06-20,Lincoln,291,14,290,14,1,0,355,13,4156,77,4511,90,0,1,1,61,13,229,0,12,1
08-06-20,Loudon,692,21,671,20,21,1,767,27,7261,236,8028,263,0,3,8,132,13,557,0,22,4
08-06-20,Macon,868,4,862,4,6,0,1049,6,4725,83,5774,89,0,13,-3,56,7,799,0,64,16
08-06-20,Madison,1052,32,1019,31,33,1,1174,45,14200,322,15374,367,1,15,6,108,25,929,1,73,24
08-06-20,Marion,239,6,238,6,1,0,292,8,3307,51,3599,59,0,4,3,46,3,189,0,24,5
08-06-20,Marshall,287,6,287,6,0,0,337,7,4532,91,4869,98,0,3,0,52,6,232,0,14,4
08-06-20,Maury,1179,57,1173,56,6,1,1394,68,12289,329,13683,397,0,7,33,217,24,955,2,44,8
08-06-20,McMinn,549,15,546,15,3,0,658,16,8513,161,9171,177,0,20,5,79,10,450,3,45,21
08-06-20,McNairy,363,15,326,14,37,1,412,18,3650,193,4062,211,0,5,9,82,6,276,1,25,8
08-06-20,Meigs,107,1,106,1,1,0,131,1,1670,25,1801,26,0,0,-3,22,4,85,0,6,1
08-06-20,Monroe,449,19,436,19,13,0,496,23,4775,113,5271,136,0,9,3,103,16,337,2,42,8
08-06-20,Montgomery,1932,78,1922,78,10,0,2222,93,24629,653,26851,746,0,13,48,348,30,1571,0,95,18
08-06-20,Moore,71,7,69,5,2,2,83,7,917,20,1000,27,0,0,7,30,0,41,0,0,0
08-06-20,Morgan,121,4,121,4,0,0,139,4,4876,65,5015,69,0,1,0,43,4,77,0,2,1
08-06-20,Obion,540,41,530,41,10,0,595,44,5254,158,5849,202,0,4,23,171,18,365,0,24,6
08-06-20,Out of State,1305,21,1295,20,10,1,1448,30,163770,3275,165218,3305,2,16,1,131,18,1158,2,49,5
08-06-20,Overton,205,21,202,21,3,0,233,22,3883,107,4116,129,0,1,18,60,3,144,1,11,1
08-06-20,Pending,349,12,344,12,5,0,405,19,111463,1769,111868,1788,3,8,-2,66,11,275,0,3,0
08-06-20,Perry,77,0,75,0,2,0,88,0,1677,17,1765,17,0,0,-1,12,1,65,0,4,0
08-06-20,Pickett,29,4,29,4,0,0,29,4,657,9,686,13,0,1,3,8,1,20,0,0,1
08-06-20,Polk,214,6,211,6,3,0,227,6,1852,21,2079,27,0,3,1,40,5,171,0,13,7
08-06-20,Putnam,1624,47,1611,44,13,3,1989,56,17358,274,19347,330,3,16,27,256,17,1352,1,62,22
08-06-20,Rhea,517,7,517,7,0,0,608,10,5574,135,6182,145,0,1,3,61,4,455,0,15,1
08-06-20,Roane,431,15,416,14,15,1,512,22,10325,220,10837,242,0,2,3,118,12,311,0,19,2
08-06-20,Robertson,1548,29,1544,29,4,0,1913,41,10094,223,12007,264,0,19,5,155,24,1374,2,112,26
08-06-20,Rutherford,6491,98,6481,97,10,1,7904,142,47282,821,55186,963,0,53,-13,648,111,5790,1,206,58
08-06-20,Scott,122,11,119,11,3,0,132,13,2312,73,2444,86,0,0,5,47,6,75,0,9,2
08-06-20,Sequatchie,122,6,121,6,1,0,145,6,2819,25,2964,31,0,0,3,20,3,102,0,6,0
08-06-20,Sevier,1820,38,1761,36,59,2,1979,47,16301,316,18280,363,0,6,-2,254,40,1560,4,70,10
08-06-20,Shelby,22908,429,22859,428,49,1,27824,526,235432,4492,263256,5018,2,300,180,2298,247,20310,28,1777,350
08-06-20,Smith,466,23,458,20,8,3,513,32,3323,94,3836,126,1,4,6,80,16,382,0,20,7
08-06-20,Stewart,72,1,72,1,0,0,91,2,1557,30,1648,32,0,0,0,12,1,60,0,2,0
08-06-20,Sullivan,917,40,867,40,50,0,973,51,15539,280,16512,331,1,12,10,198,29,707,3,93,14
08-06-20,Sumner,3447,68,3432,68,15,0,4115,77,24994,495,29109,572,1,72,28,370,39,3005,3,314,79
08-06-20,Tipton,1212,32,1201,32,11,0,1384,34,13300,276,14684,310,0,9,15,146,17,1057,1,72,12
08-06-20,Trousdale,1584,3,1581,3,3,0,1647,3,3294,48,4941,51,0,6,1,15,2,1563,1,18,6
08-06-20,Unicoi,153,9,150,8,3,1,162,10,3183,43,3345,53,0,0,6,37,3,116,0,4,0
08-06-20,Union,158,14,154,13,4,1,171,15,2416,86,2587,101,0,0,11,57,3,101,0,4,0
08-06-20,Van Buren,39,0,39,0,0,0,41,1,763,8,804,9,0,0,-1,6,1,33,0,3,0
08-06-20,Warren,493,31,465,15,28,16,548,37,7611,108,8159,145,0,4,24,162,7,327,1,10,5
08-06-20,Washington,1106,16,1080,15,26,1,1218,19,16057,160,17275,179,0,2,-14,267,30,837,0,53,2
08-06-20,Wayne,230,3,225,3,5,0,254,4,3922,54,4176,58,0,2,-1,35,4,193,0,7,2
08-06-20,Weakley,412,39,386,39,26,0,442,46,5463,185,5905,231,0,3,28,204,11,205,0,14,6
08-06-20,White,272,23,268,22,4,1,324,25,4593,110,4917,135,2,5,15,91,6,176,1,17,5
08-06-20,Williamson,3399,59,3386,58,13,1,4039,75,40224,722,44263,797,3,25,20,418,36,2956,1,97,23
08-06-20,Wilson,2259,52,2256,52,3,0,2699,58,22919,383,25618,441,0,23,23,286,29,1950,0,88,25
08-05-20,Anderson,661,15,644,15,17,0,778,19,14561,208,15339,227,-1,6,-1,162,17,493,0,30,6
08-05-20,Bedford,895,10,886,9,9,1,1059,11,6605,81,7664,92,0,11,4,101,6,783,0,35,12
08-05-20,Benton,118,12,115,12,3,0,128,13,1907,48,2035,61,0,1,8,62,4,55,0,10,1
08-05-20,Bledsoe,687,5,687,5,0,0,712,4,4514,37,5226,41,0,1,0,25,5,661,0,14,1
08-05-20,Blount,1324,46,1297,45,27,1,1529,56,14858,242,16387,298,1,8,-2,348,47,968,1,64,10
08-05-20,Bradley,1854,15,1816,15,38,0,2212,17,13171,126,15383,143,2,12,-6,276,19,1566,1,114,12
08-05-20,Campbell,242,8,235,8,7,0,278,9,5663,53,5941,62,0,1,-1,73,9,168,0,12,1
08-05-20,Cannon,134,4,129,4,5,0,170,6,2051,16,2221,22,0,0,-1,32,5,102,0,6,0
08-05-20,Carroll,252,13,229,11,23,2,272,14,3836,46,4108,60,0,3,6,102,7,147,0,17,3
08-05-20,Carter,502,10,485,9,17,1,546,14,8141,89,8687,103,0,5,-1,135,11,362,0,43,7
08-05-20,Cheatham,562,1,562,1,0,0,674,1,6192,25,6866,26,0,6,-12,78,13,478,0,25,7
08-05-20,Chester,222,5,202,2,20,3,243,6,1785,23,2028,29,0,2,-4,36,9,184,1,8,2
08-05-20,Claiborne,244,7,232,6,12,1,263,7,5213,165,5476,172,0,0,-2,58,9,186,0,11,1
08-05-20,Clay,80,2,76,2,4,0,83,2,1381,6,1464,8,0,0,0,19,2,61,0,2,0
08-05-20,Cocke,453,21,434,21,19,0,480,18,4614,72,5094,90,1,2,3,86,17,365,1,23,2
08-05-20,Coffee,448,8,425,6,23,2,535,13,8803,66,9338,79,0,2,-5,134,13,312,1,16,3
08-05-20,Crockett,255,13,238,13,17,0,279,15,1791,32,2070,47,0,4,5,66,8,185,0,15,8
08-05-20,Cumberland,416,5,412,5,4,0,538,6,12179,115,12717,121,0,6,-7,66,12,344,0,30,6
08-05-20,Davidson,20734,127,20695,126,39,1,25758,150,189825,1261,215583,1411,3,208,-66,1553,190,18973,6,895,236
08-05-20,Decatur,186,11,147,10,39,1,207,13,2636,68,2843,81,0,2,2,61,9,123,0,6,3
08-05-20,Dekalb,307,2,307,2,0,0,373,2,4476,54,4849,56,0,1,-10,63,12,243,0,15,2
08-05-20,Dickson,651,8,634,6,17,2,816,7,7435,44,8251,51,0,1,-5,134,13,516,1,36,3
08-05-20,Dyer,603,7,583,7,20,0,671,9,5501,54,6172,63,0,7,-3,125,10,471,0,42,8
08-05-20,Fayette,696,4,690,3,6,1,888,4,9857,23,10745,27,0,8,-5,91,9,597,0,57,12
08-05-20,Fentress,82,3,82,3,0,0,89,2,2071,23,2160,25,0,0,3,21,0,61,0,7,0
08-05-20,Franklin,305,3,298,2,7,1,375,4,6469,28,6844,32,0,4,-5,83,8,218,0,17,4
08-05-20,Gibson,608,19,526,15,82,4,680,21,6998,167,7678,188,0,2,-3,141,22,465,0,27,6
08-05-20,Giles,372,3,370,3,2,0,446,5,4912,77,5358,82,2,12,-10,64,11,296,0,24,13
08-05-20,Grainger,186,10,175,10,11,0,218,13,2934,52,3152,65,0,0,0,51,10,135,0,12,0
08-05-20,Greene,409,16,386,15,23,1,476,18,7707,67,8183,85,1,6,-1,91,16,312,0,29,7
08-05-20,Grundy,108,2,107,2,1,0,129,1,1413,10,1542,11,0,2,-2,13,4,93,1,16,2
08-05-20,Hamblen,1366,11,1310,11,56,0,1489,15,11704,152,13193,167,0,13,-53,255,64,1098,0,69,16
08-05-20,Hamilton,5570,39,5555,39,15,0,6483,37,75648,445,82131,482,0,47,-56,370,95,5153,4,260,55
08-05-20,Hancock,84,1,78,1,6,0,91,1,1094,8,1185,9,0,1,-1,12,2,71,1,9,1
08-05-20,Hardeman,887,20,859,20,28,0,983,22,8516,58,9499,80,1,12,1,128,18,747,0,49,20
08-05-20,Hardin,440,14,392,9,48,5,490,16,6504,80,6994,96,0,7,3,76,11,357,0,18,10
08-05-20,Hawkins,412,27,403,27,9,0,464,31,5359,62,5823,93,1,5,19,162,7,245,0,32,7
08-05-20,Haywood,457,16,441,16,16,0,486,18,3241,43,3727,61,0,5,5,130,11,322,0,23,6
08-05-20,Henderson,540,26,454,17,86,9,631,27,4178,55,4809,82,0,0,8,133,18,407,0,20,5
08-05-20,Henry,236,5,232,4,4,1,285,6,5118,84,5403,90,0,0,-4,96,9,140,0,22,0
08-05-20,Hickman,241,2,237,1,4,1,304,2,3110,11,3414,13,0,0,-4,58,6,183,0,6,0
08-05-20,Houston,59,1,59,1,0,0,68,1,1156,5,1224,6,0,0,1,10,0,49,0,7,0
08-05-20,Humphreys,119,3,110,2,9,1,135,2,2867,10,3002,12,0,3,0,31,3,85,0,4,3
08-05-20,Jackson,138,3,136,3,2,0,163,3,1486,8,1649,11,0,1,1,15,2,122,1,9,2
08-05-20,Jefferson,544,11,497,9,47,2,595,11,8021,58,8616,69,0,3,-8,112,19,429,0,31,5
08-05-20,Johnson,226,6,223,6,3,0,232,6,3570,8,3802,14,0,0,2,154,4,72,0,9,0
08-05-20,Knox,4515,99,4383,99,132,0,4952,102,72923,1132,77875,1234,1,38,-3,852,101,3625,3,222,42
08-05-20,Lake,758,7,756,7,2,0,934,8,4349,22,5283,30,0,0,5,44,2,714,1,5,0
08-05-20,Lauderdale,448,5,441,4,7,1,506,5,6344,25,6850,30,1,7,-4,75,8,366,0,31,9
08-05-20,Lawrence,490,5,485,2,5,3,583,3,5934,103,6517,106,0,6,-3,106,8,378,0,25,7
08-05-20,Lewis,67,2,67,2,0,0,73,2,2105,37,2178,39,0,1,2,27,0,39,0,8,1
08-05-20,Lincoln,277,3,276,3,1,0,342,5,4079,57,4421,62,0,1,-1,60,4,216,0,12,1
08-05-20,Loudon,671,6,651,6,20,0,740,10,7025,90,7765,100,0,3,-10,124,16,544,1,22,4
08-05-20,Macon,864,0,858,0,6,0,1043,1,4642,21,5685,22,0,13,-5,59,5,792,0,64,15
08-05-20,Madison,1020,23,988,22,32,1,1129,27,13878,135,15007,162,1,14,-1,102,23,904,1,72,24
08-05-20,Marion,233,0,232,0,1,0,284,0,3256,62,3540,62,0,4,-7,43,7,186,0,24,5
08-05-20,Marshall,281,4,281,4,0,0,330,8,4441,60,4771,68,1,3,-7,52,10,226,0,14,4
08-05-20,Maury,1122,2,1117,2,5,0,1326,4,11960,236,13286,240,0,7,-32,184,34,931,1,42,8
08-05-20,McMinn,534,0,531,0,3,0,642,0,8352,88,8994,88,0,20,-8,74,8,440,0,42,21
08-05-20,McNairy,348,15,312,10,36,5,394,15,3457,40,3851,55,0,5,5,73,10,270,0,24,8
08-05-20,Meigs,106,1,105,1,1,0,130,1,1645,20,1775,21,0,0,-5,25,6,81,0,6,1
08-05-20,Monroe,430,11,417,11,13,0,473,12,4662,46,5135,58,0,9,-4,100,15,321,0,40,8
08-05-20,Montgomery,1854,9,1844,9,10,0,2129,14,23976,86,26105,100,1,13,-39,300,47,1541,2,95,17
08-05-20,Moore,64,2,64,2,0,0,76,2,897,4,973,6,0,0,2,23,0,41,0,0,0
08-05-20,Morgan,117,4,117,4,0,0,135,5,4811,43,4946,48,0,1,2,43,2,73,0,2,1
08-05-20,Obion,499,10,489,10,10,0,551,12,5096,75,5647,87,0,4,-6,148,16,347,0,24,6
08-05-20,Out of State,1284,12,1275,12,9,0,1418,14,160495,831,161913,845,0,14,-6,130,18,1140,1,47,5
08-05-20,Overton,184,13,181,13,3,0,211,14,3776,48,3987,62,0,1,10,42,3,141,1,10,1
08-05-20,Pending,337,4,332,3,5,1,386,6,109694,946,110080,952,0,5,-1,68,5,264,0,3,0
08-05-20,Perry,77,0,75,0,2,0,88,0,1660,7,1748,7,0,0,-2,13,2,64,0,4,0
08-05-20,Pickett,25,1,25,1,0,0,25,1,648,5,673,6,0,1,0,5,1,19,0,0,1
08-05-20,Polk,208,2,205,2,3,0,221,3,1831,14,2052,17,0,3,-7,39,9,166,0,13,7
08-05-20,Putnam,1577,19,1567,17,10,2,1933,19,17084,142,19017,161,0,13,-8,229,27,1335,3,61,21
08-05-20,Rhea,510,3,510,3,0,0,598,3,5439,79,6037,82,0,1,-4,58,7,451,1,15,1
08-05-20,Roane,416,19,402,19,14,0,490,22,10105,204,10595,226,0,2,-2,115,21,299,0,19,2
08-05-20,Robertson,1519,21,1515,21,4,0,1872,15,9871,36,11743,51,0,19,-4,150,25,1350,1,110,25
08-05-20,Rutherford,6393,42,6384,42,9,0,7762,66,46461,382,54223,448,0,53,-70,661,112,5679,2,205,57
08-05-20,Scott,111,5,108,5,3,0,119,5,2239,25,2358,30,0,0,2,42,3,69,0,9,2
08-05-20,Sequatchie,116,1,115,1,1,0,139,3,2794,45,2933,48,0,0,-2,17,3,99,0,6,0
08-05-20,Sevier,1782,21,1725,20,57,1,1932,25,15985,159,17917,184,1,6,-19,256,39,1520,1,66,10
08-05-20,Shelby,22479,180,22431,180,48,0,27298,207,230940,1227,258238,1434,5,298,-128,2118,303,20063,8,1749,345
08-05-20,Smith,443,1,438,1,5,0,481,3,3229,29,3710,32,0,3,-6,74,7,366,0,20,7
08-05-20,Stewart,71,1,71,1,0,0,89,3,1527,14,1616,17,0,0,1,12,0,59,0,2,0
08-05-20,Sullivan,877,23,827,23,50,0,922,23,15259,197,16181,220,2,11,-12,188,33,678,4,90,13
08-05-20,Sumner,3379,17,3364,17,15,0,4038,22,24499,150,28537,172,1,71,-24,342,40,2966,2,311,78
08-05-20,Tipton,1180,14,1169,14,11,0,1350,14,13024,62,14374,76,0,9,-7,131,21,1040,0,71,11
08-05-20,Trousdale,1581,0,1578,0,3,0,1644,0,3246,22,4890,22,0,6,-2,14,2,1561,0,17,6
08-05-20,Unicoi,144,3,142,3,2,0,152,4,3140,31,3292,35,0,0,-5,31,8,113,0,4,0
08-05-20,Union,144,3,141,3,3,0,156,3,2330,24,2486,27,0,0,-4,46,7,98,0,4,0
08-05-20,Van Buren,39,1,39,1,0,0,40,1,755,8,795,9,0,0,-1,7,2,32,0,3,0
08-05-20,Warren,462,15,450,10,12,5,511,10,7503,55,8014,65,0,4,6,138,9,320,0,9,5
08-05-20,Washington,1090,18,1065,16,25,2,1199,21,15897,129,17096,150,0,2,-25,281,43,807,0,53,2
08-05-20,Wayne,227,0,222,0,5,0,250,0,3868,11,4118,11,1,2,-3,36,2,189,0,7,2
08-05-20,Weakley,373,26,347,24,26,2,396,27,5278,43,5674,70,0,3,11,176,15,194,0,14,6
08-05-20,White,249,13,246,12,3,1,299,15,4483,47,4782,62,0,3,11,76,2,170,1,16,5
08-05-20,Williamson,3340,32,3328,29,12,3,3964,41,39502,394,43466,435,0,22,-30,398,62,2920,1,96,23
08-05-20,Wilson,2207,27,2204,27,3,0,2641,27,22536,407,25177,434,1,23,-7,263,33,1921,1,88,25
08-04-20,Anderson,646,7,629,7,17,0,759,8,14353,235,15112,243,2,7,-19,163,24,476,0,30,6
08-04-20,Bedford,885,8,877,7,8,1,1048,9,6524,82,7572,91,1,11,0,97,7,777,1,35,12
08-04-20,Benton,106,2,103,2,3,0,115,1,1859,20,1974,21,0,1,-1,54,3,51,0,10,1
08-04-20,Bledsoe,682,0,682,0,0,0,708,0,4477,21,5185,21,0,1,-2,25,2,656,0,14,1
08-04-20,Blount,1278,53,1252,53,26,0,1473,57,14616,183,16089,240,0,7,10,350,43,921,6,63,10
08-04-20,Bradley,1839,28,1801,21,38,7,2195,30,13045,68,15240,98,0,10,-22,282,50,1547,3,113,12
08-04-20,Campbell,234,2,227,2,7,0,269,3,5610,64,5879,67,0,1,-4,74,6,159,0,12,1
08-04-20,Cannon,130,2,125,1,5,1,164,3,2035,8,2199,11,0,0,2,33,0,97,0,6,0
08-04-20,Carroll,239,7,218,4,21,3,258,7,3790,46,4048,53,0,3,-1,96,8,140,0,17,3
08-04-20,Carter,492,18,476,17,16,1,532,13,8052,278,8584,291,0,5,6,136,12,351,3,43,6
08-04-20,Cheatham,561,5,561,5,0,0,673,8,6167,55,6840,63,1,6,-12,90,16,465,0,25,7
08-04-20,Chester,217,3,200,1,17,2,237,3,1762,14,1999,17,0,2,1,40,2,175,0,7,2
08-04-20,Claiborne,237,2,226,2,11,0,256,2,5048,118,5304,120,0,0,-4,60,6,177,0,11,1
08-04-20,Clay,78,0,74,0,4,0,81,1,1375,20,1456,21,0,0,-1,19,1,59,0,2,0
08-04-20,Cocke,432,1,413,1,19,0,462,5,4542,122,5004,127,0,1,-10,83,11,348,0,22,2
08-04-20,Coffee,440,24,419,23,21,1,522,28,8737,179,9259,207,0,2,14,139,10,299,0,15,3
08-04-20,Crockett,242,3,225,1,17,2,264,3,1759,13,2023,16,1,4,-6,61,8,177,0,15,7
08-04-20,Cumberland,411,14,407,14,4,0,532,17,12064,158,12596,175,0,6,-8,73,22,332,2,30,6
08-04-20,Davidson,20607,224,20569,224,38,0,25608,320,188564,2621,214172,2941,3,205,-32,1619,253,18783,10,889,235
08-04-20,Decatur,175,4,137,1,38,3,194,2,2568,22,2762,24,0,2,0,59,4,114,0,6,3
08-04-20,Dekalb,305,9,305,9,0,0,371,15,4422,122,4793,137,0,1,-2,73,11,231,0,15,2
08-04-20,Dickson,643,24,628,21,15,3,809,29,7391,123,8200,152,0,1,10,139,14,503,1,35,3
08-04-20,Dyer,596,8,576,8,20,0,662,9,5447,34,6109,43,0,7,0,128,8,461,0,42,8
08-04-20,Fayette,692,8,687,8,5,0,884,8,9834,85,10718,93,0,8,-6,96,14,588,0,57,12
08-04-20,Fentress,79,1,79,1,0,0,87,2,2048,13,2135,15,0,0,-3,18,4,61,0,7,0
08-04-20,Franklin,302,8,296,7,6,1,371,13,6441,157,6812,170,0,4,0,88,8,210,0,17,4
08-04-20,Gibson,589,23,511,16,78,7,659,31,6831,88,7490,119,0,2,4,144,19,443,2,27,6
08-04-20,Giles,369,6,367,6,2,0,441,7,4835,48,5276,55,1,10,-8,74,13,285,0,24,13
08-04-20,Grainger,176,3,165,3,11,0,205,3,2882,41,3087,44,0,0,-7,51,10,125,1,12,0
08-04-20,Greene,393,12,371,10,22,2,458,9,7640,70,8098,79,0,5,8,92,4,296,1,29,7
08-04-20,Grundy,106,1,105,1,1,0,128,5,1403,16,1531,21,0,2,-1,15,2,89,0,15,2
08-04-20,Hamblen,1355,11,1299,4,56,7,1474,5,11552,174,13026,179,0,13,-17,308,28,1034,0,69,16
08-04-20,Hamilton,5531,89,5516,89,15,0,6446,107,75203,1307,81649,1414,0,47,-11,426,100,5058,2,256,54
08-04-20,Hancock,83,1,77,0,6,1,90,0,1086,7,1176,7,0,1,-5,13,6,69,0,8,1
08-04-20,Hardeman,867,18,839,16,28,2,961,15,8458,25,9419,40,0,11,1,127,17,729,1,49,20
08-04-20,Hardin,426,9,383,6,43,3,474,8,6424,124,6898,132,0,7,-3,73,12,346,1,18,10
08-04-20,Hawkins,385,10,376,10,9,0,433,21,5297,72,5730,93,0,4,3,143,7,238,1,32,7
08-04-20,Haywood,441,12,425,9,16,3,468,9,3198,17,3666,26,0,5,0,125,12,311,2,23,6
08-04-20,Henderson,514,17,437,11,77,6,604,24,4123,30,4727,54,0,0,-5,125,22,389,3,20,5
08-04-20,Henry,231,6,228,6,3,0,279,7,5034,20,5313,27,0,0,-7,100,13,131,1,22,0
08-04-20,Hickman,239,9,236,8,3,1,302,13,3099,86,3401,99,0,0,6,62,3,177,1,6,0
08-04-20,Houston,58,0,58,0,0,0,67,0,1151,3,1218,3,0,0,-3,9,3,49,0,7,0
08-04-20,Humphreys,116,5,108,5,8,0,133,7,2857,66,2990,73,0,3,-3,31,8,82,0,4,3
08-04-20,Jackson,135,0,133,0,2,0,160,0,1478,8,1638,8,0,1,0,14,0,120,0,8,2
08-04-20,Jefferson,533,5,488,5,45,0,584,6,7963,89,8547,95,1,3,-10,120,14,410,0,31,4
08-04-20,Johnson,220,40,217,40,3,0,226,43,3562,154,3788,197,0,0,38,152,2,68,0,9,0
08-04-20,Knox,4416,112,4284,110,132,2,4850,100,71791,1066,76641,1166,1,37,-34,855,145,3524,9,219,41
08-04-20,Lake,751,1,749,1,2,0,926,1,4327,8,5253,9,0,0,0,39,1,712,0,4,0
08-04-20,Lauderdale,443,10,437,9,6,1,501,10,6319,25,6820,35,0,6,3,79,7,358,1,31,9
08-04-20,Lawrence,485,8,483,8,2,0,580,10,5831,66,6411,76,0,6,-4,109,12,370,0,25,7
08-04-20,Lewis,65,4,65,4,0,0,71,6,2068,15,2139,21,0,1,-2,25,6,39,0,8,1
08-04-20,Lincoln,274,7,273,7,1,0,337,8,4022,52,4359,60,0,1,-3,61,10,212,0,12,1
08-04-20,Loudon,665,9,645,9,20,0,730,9,6935,109,7665,118,0,3,-9,134,18,528,0,21,4
08-04-20,Macon,864,4,858,4,6,0,1042,7,4621,37,5663,44,0,13,-5,64,9,787,0,64,15
08-04-20,Madison,997,24,966,24,31,0,1102,28,13743,168,14845,196,0,13,7,103,17,881,3,71,22
08-04-20,Marion,233,2,232,2,1,0,284,4,3194,26,3478,30,0,4,-3,50,5,179,0,24,5
08-04-20,Marshall,277,2,277,2,0,0,322,3,4381,39,4703,42,0,2,-8,59,10,216,1,14,4
08-04-20,Maury,1120,22,1115,22,5,0,1322,20,11724,126,13046,146,2,7,-11,216,31,897,0,41,8
08-04-20,McMinn,534,6,531,6,3,0,642,7,8264,87,8906,94,0,20,-3,82,9,432,0,42,21
08-04-20,McNairy,333,7,302,0,31,7,379,9,3417,26,3796,35,0,5,2,68,5,260,0,24,8
08-04-20,Meigs,105,1,104,1,1,0,129,0,1625,11,1754,11,0,0,-3,30,4,75,0,6,1
08-04-20,Monroe,419,1,406,1,13,0,461,2,4616,94,5077,96,0,9,-14,104,15,306,0,40,8
08-04-20,Montgomery,1845,35,1835,35,10,0,2115,43,23890,242,26005,285,1,12,-3,339,37,1494,3,93,16
08-04-20,Moore,62,9,62,9,0,0,74,9,893,20,967,29,0,0,8,21,1,41,0,0,0
08-04-20,Morgan,113,4,113,4,0,0,130,4,4768,27,4898,31,0,1,1,41,3,71,0,2,1
08-04-20,Obion,489,17,479,14,10,3,539,18,5021,55,5560,73,0,4,-1,154,18,331,0,24,6
08-04-20,Out of State,1272,27,1263,26,9,1,1404,31,159664,2123,161068,2154,0,14,9,136,18,1122,0,46,5
08-04-20,Overton,171,6,168,6,3,0,197,6,3728,57,3925,63,0,1,3,32,3,138,2,9,1
08-04-20,Pending,333,8,329,8,4,0,380,10,108748,1029,109128,1039,1,5,-6,69,13,259,0,3,0
08-04-20,Perry,77,3,75,3,2,0,88,3,1653,24,1741,27,0,0,1,15,2,62,0,4,0
08-04-20,Pickett,24,1,24,1,0,0,24,1,643,6,667,7,0,1,1,5,0,18,0,0,1
08-04-20,Polk,206,0,203,0,3,0,218,0,1817,13,2035,13,2,3,-8,46,6,157,0,13,7
08-04-20,Putnam,1558,44,1550,44,8,0,1914,51,16942,214,18856,265,0,13,27,237,17,1308,1,58,20
08-04-20,Rhea,507,2,507,2,0,0,595,3,5360,18,5955,21,0,1,-5,62,7,444,0,14,1
08-04-20,Roane,397,7,383,6,14,1,468,8,9901,108,10369,116,0,2,-13,117,20,278,1,19,2
08-04-20,Robertson,1498,11,1494,11,4,0,1857,18,9835,102,11692,120,2,19,-18,154,27,1325,0,109,25
08-04-20,Rutherford,6351,86,6342,86,9,0,7696,109,46079,670,53775,779,0,53,-29,731,115,5567,1,203,57
08-04-20,Scott,106,1,103,1,3,0,114,1,2214,38,2328,39,0,0,-4,40,5,66,0,9,2
08-04-20,Sequatchie,115,2,114,2,1,0,136,2,2749,41,2885,43,0,0,-2,19,4,96,0,6,0
08-04-20,Sevier,1761,12,1705,12,56,0,1907,18,15826,144,17733,162,0,5,-33,275,45,1481,0,65,8
08-04-20,Shelby,22299,255,22251,253,48,2,27091,319,229713,2920,256804,3239,5,293,-100,2246,350,19760,21,1741,343
08-04-20,Smith,442,10,437,10,5,0,478,8,3200,20,3678,28,0,3,-10,80,20,359,0,20,7
08-04-20,Stewart,70,0,70,0,0,0,86,0,1513,9,1599,9,0,0,-3,11,3,59,0,2,0
08-04-20,Sullivan,854,15,804,15,50,0,899,18,15062,175,15961,193,0,9,-15,200,30,645,2,86,13
08-04-20,Sumner,3362,50,3347,49,15,1,4016,56,24349,269,28365,325,0,70,2,366,48,2926,2,309,76
08-04-20,Tipton,1166,11,1155,11,11,0,1336,15,12962,119,14298,134,0,9,-7,138,18,1019,1,71,11
08-04-20,Trousdale,1581,0,1578,0,3,0,1644,0,3224,6,4868,6,0,6,-3,16,3,1559,0,17,6
08-04-20,Unicoi,141,0,139,0,2,0,148,1,3109,32,3257,33,0,0,-7,36,7,105,0,4,0
08-04-20,Union,141,3,138,3,3,0,153,3,2306,21,2459,24,0,0,-6,50,9,91,0,4,0
08-04-20,Van Buren,38,0,38,0,0,0,39,0,747,2,786,2,0,0,-4,8,4,30,0,3,0
08-04-20,Warren,447,22,440,22,7,0,501,27,7448,155,7949,182,0,4,10,132,12,311,0,9,5
08-04-20,Washington,1072,18,1049,18,23,0,1178,22,15768,203,16946,225,0,2,-15,306,33,764,2,53,2
08-04-20,Wayne,227,5,222,5,5,0,250,6,3857,56,4107,62,0,1,3,39,2,187,0,7,2
08-04-20,Weakley,347,19,323,10,24,9,369,22,5235,91,5604,113,0,3,6,165,13,179,0,14,5
08-04-20,White,236,25,234,25,2,0,284,27,4436,64,4720,91,0,3,20,65,5,168,2,15,5
08-04-20,Williamson,3308,48,3299,48,9,0,3923,54,39108,406,43031,460,0,22,10,428,38,2858,2,95,23
08-04-20,Wilson,2180,41,2177,41,3,0,2614,50,22129,194,24743,244,1,22,1,270,39,1888,0,87,25
08-03-20,Anderson,639,25,622,24,17,1,751,31,14118,232,14869,263,0,5,11,182,14,452,0,30,6
08-03-20,Bedford,877,6,870,6,7,0,1039,8,6442,28,7481,36,0,10,-10,97,16,770,0,34,12
08-03-20,Benton,104,13,101,13,3,0,114,13,1839,83,1953,96,0,1,8,55,5,48,0,10,1
08-03-20,Bledsoe,682,4,682,4,0,0,708,4,4456,4,5164,8,0,1,4,27,0,654,0,14,1
08-03-20,Blount,1225,39,1199,38,26,1,1416,39,14433,301,15849,340,0,7,1,340,38,878,1,57,8
08-03-20,Bradley,1811,20,1780,15,31,5,2165,19,12977,38,15142,57,0,10,-3,304,23,1497,4,110,12
08-03-20,Campbell,232,13,225,13,7,0,266,13,5546,117,5812,130,0,1,10,78,3,153,0,12,1
08-03-20,Cannon,128,10,124,10,4,0,161,10,2027,41,2188,51,0,0,6,31,4,97,0,6,0
08-03-20,Carroll,232,14,214,14,18,0,251,15,3744,102,3995,117,0,3,8,97,6,132,1,17,3
08-03-20,Carter,474,9,459,9,15,0,519,9,7774,32,8293,41,0,5,-20,130,29,339,1,40,6
08-03-20,Cheatham,556,3,556,3,0,0,665,4,6112,44,6777,48,0,5,-13,102,16,449,1,25,6
08-03-20,Chester,214,4,199,4,15,0,234,8,1748,39,1982,47,1,2,-1,39,4,173,1,7,2
08-03-20,Claiborne,235,12,224,12,11,0,254,12,4930,74,5184,86,0,0,3,64,9,171,0,11,1
08-03-20,Clay,78,5,74,5,4,0,80,5,1355,38,1435,43,0,0,4,20,1,58,0,2,0
08-03-20,Cocke,431,16,412,16,19,0,457,16,4420,132,4877,148,0,1,3,93,13,337,2,22,2
08-03-20,Coffee,416,5,396,4,20,1,494,7,8558,40,9052,47,0,2,-21,125,26,289,0,15,3
08-03-20,Crockett,239,6,224,6,15,0,261,6,1746,61,2007,67,0,3,0,67,6,169,0,15,7
08-03-20,Cumberland,397,3,393,3,4,0,515,11,11906,214,12421,225,0,6,-3,81,6,310,0,28,6
08-03-20,Davidson,20383,147,20345,147,38,0,25288,186,185943,1748,211231,1934,3,202,-181,1651,325,18530,3,879,231
08-03-20,Decatur,171,9,136,9,35,0,192,9,2546,77,2738,86,1,2,4,59,4,110,0,6,3
08-03-20,Dekalb,296,13,296,13,0,0,356,17,4300,74,4656,91,0,1,1,75,12,220,0,15,2
08-03-20,Dickson,619,13,607,11,12,2,780,11,7268,41,8048,52,0,1,-13,129,26,489,1,34,3
08-03-20,Dyer,588,21,568,19,20,2,653,23,5413,89,6066,112,0,7,1,128,20,453,0,42,8
08-03-20,Fayette,684,21,679,21,5,0,876,24,9749,96,10625,120,0,8,6,102,15,574,0,57,12
08-03-20,Fentress,78,3,78,3,0,0,85,4,2035,42,2120,46,0,0,0,21,3,57,0,7,0
08-03-20,Franklin,294,1,289,1,5,0,358,7,6284,164,6642,171,0,4,-4,88,5,202,0,17,4
08-03-20,Gibson,566,20,495,19,71,1,628,24,6743,254,7371,278,0,2,2,140,18,424,1,25,6
08-03-20,Giles,363,2,361,2,2,0,434,3,4787,31,5221,34,0,9,-16,82,18,272,0,24,12
08-03-20,Grainger,173,10,162,9,11,1,202,13,2841,81,3043,94,0,0,5,58,5,115,0,11,0
08-03-20,Greene,381,6,361,3,20,3,449,7,7570,13,8019,20,0,5,-2,84,8,292,0,28,6
08-03-20,Grundy,105,1,104,1,1,0,123,1,1387,6,1510,7,0,2,-1,16,2,87,0,15,2
08-03-20,Hamblen,1344,68,1295,65,49,3,1469,66,11378,298,12847,364,0,13,37,325,31,1006,1,69,15
08-03-20,Hamilton,5442,56,5427,56,15,0,6339,64,73896,408,80235,472,0,47,-32,437,88,4958,0,254,54
08-03-20,Hancock,82,1,77,1,5,0,90,1,1079,5,1169,6,0,1,-2,18,3,63,0,8,1
08-03-20,Hardeman,849,18,823,18,26,0,946,21,8433,107,9379,128,0,11,-13,126,31,712,2,48,20
08-03-20,Hardin,417,9,377,8,40,1,466,8,6300,85,6766,93,0,7,-4,76,13,334,0,17,10
08-03-20,Hawkins,375,42,366,41,9,1,412,30,5225,53,5637,83,0,4,24,140,18,231,3,31,5
08-03-20,Haywood,429,32,416,32,13,0,459,33,3181,99,3640,132,0,5,18,125,14,299,0,21,6
08-03-20,Henderson,497,37,426,36,71,1,580,52,4093,175,4673,227,0,0,9,130,28,367,1,17,5
08-03-20,Henry,225,12,222,12,3,0,272,12,5014,118,5286,130,0,0,5,107,7,118,0,21,0
08-03-20,Hickman,230,4,228,4,2,0,289,5,3013,10,3302,15,0,0,0,56,4,174,0,5,0
08-03-20,Houston,58,0,58,0,0,0,67,0,1148,4,1215,4,0,0,-1,12,1,46,0,7,0
08-03-20,Humphreys,111,4,103,3,8,1,126,4,2791,15,2917,19,0,3,1,34,3,74,1,4,3
08-03-20,Jackson,135,4,133,4,2,0,160,8,1470,32,1630,40,0,1,3,14,1,120,0,8,2
08-03-20,Jefferson,528,18,483,18,45,0,578,21,7874,210,8452,231,0,2,1,130,17,396,1,31,4
08-03-20,Johnson,180,4,177,4,3,0,183,4,3408,3,3591,7,0,0,-1,114,5,66,2,9,0
08-03-20,Knox,4304,52,4174,52,130,0,4750,84,70725,618,75475,702,2,36,-58,889,108,3379,1,210,41
08-03-20,Lake,750,10,748,10,2,0,925,12,4319,39,5244,51,0,0,6,39,4,711,0,4,0
08-03-20,Lauderdale,433,11,428,11,5,0,491,12,6294,71,6785,83,0,6,-4,76,15,351,0,30,9
08-03-20,Lawrence,477,12,475,12,2,0,570,12,5765,57,6335,69,0,6,-2,113,14,358,0,25,7
08-03-20,Lewis,61,1,61,1,0,0,65,0,2053,7,2118,7,0,1,0,27,1,33,0,8,1
08-03-20,Lincoln,267,1,266,1,1,0,329,1,3970,25,4299,26,0,1,-4,64,5,202,0,12,1
08-03-20,Loudon,656,25,636,25,20,0,721,32,6826,109,7547,141,0,3,-7,143,32,510,0,21,4
08-03-20,Macon,860,7,854,7,6,0,1035,12,4584,83,5619,95,0,13,0,69,7,778,0,64,15
08-03-20,Madison,973,23,942,22,31,1,1074,27,13575,244,14649,271,1,13,-20,96,42,864,2,68,21
08-03-20,Marion,231,2,230,2,1,0,280,0,3168,23,3448,23,0,4,-2,53,4,174,0,24,5
08-03-20,Marshall,275,2,275,2,0,0,319,2,4342,17,4661,19,0,2,-5,67,7,206,0,13,4
08-03-20,Maury,1098,4,1093,4,5,0,1302,5,11598,61,12900,66,0,5,-35,227,39,866,1,41,8
08-03-20,McMinn,528,6,525,6,3,0,635,6,8177,19,8812,25,0,20,-1,85,7,423,0,42,21
08-03-20,McNairy,326,10,302,9,24,1,370,12,3391,58,3761,70,0,5,-8,66,18,255,0,24,8
08-03-20,Meigs,104,2,103,1,1,1,129,2,1614,11,1743,13,0,0,0,33,2,71,0,6,1
08-03-20,Monroe,418,11,405,11,13,0,459,14,4522,106,4981,120,0,9,-8,118,19,291,1,40,8
08-03-20,Montgomery,1810,8,1800,8,10,0,2072,10,23648,187,25720,197,0,11,-51,342,59,1457,0,90,15
08-03-20,Moore,53,1,53,1,0,0,65,1,873,5,938,6,0,0,0,13,1,40,0,0,0
08-03-20,Morgan,109,15,109,15,0,0,126,18,4741,66,4867,84,0,1,11,40,4,68,0,2,1
08-03-20,Obion,472,22,465,22,7,0,521,24,4966,154,5487,178,0,4,-8,155,30,313,0,24,6
08-03-20,Out of State,1245,14,1237,14,8,0,1373,15,157541,940,158914,955,2,14,-24,127,36,1104,1,46,5
08-03-20,Overton,165,6,162,6,3,0,191,6,3671,54,3862,60,0,1,3,29,3,135,1,7,1
08-03-20,Pending,325,7,321,7,4,0,370,7,107719,794,108089,801,0,4,-9,75,16,246,0,3,0
08-03-20,Perry,74,0,72,0,2,0,85,0,1629,17,1714,17,0,0,-4,14,4,60,0,4,0
08-03-20,Pickett,23,2,23,2,0,0,23,2,637,10,660,12,0,1,1,4,1,18,0,0,1
08-03-20,Polk,206,13,203,11,3,2,218,14,1804,5,2022,19,0,1,2,54,11,151,3,13,7
08-03-20,Putnam,1514,55,1506,55,8,0,1863,66,16728,337,18591,403,0,13,20,210,35,1291,1,57,20
08-03-20,Rhea,505,4,505,4,0,0,592,4,5342,17,5934,21,0,1,-11,67,15,437,1,14,1
08-03-20,Roane,390,20,377,20,13,0,460,23,9793,276,10253,299,1,2,1,130,18,258,0,18,2
08-03-20,Robertson,1487,14,1483,14,4,0,1839,10,9733,44,11572,54,1,17,-23,172,36,1298,1,109,25
08-03-20,Rutherford,6265,92,6256,92,9,0,7587,117,45409,507,52996,624,2,53,-70,760,160,5452,2,202,57
08-03-20,Scott,105,3,102,3,3,0,113,3,2176,53,2289,56,0,0,-2,44,5,61,3,9,2
08-03-20,Sequatchie,113,1,112,1,1,0,134,1,2708,7,2842,8,0,0,-2,21,3,92,0,6,0
08-03-20,Sevier,1749,40,1693,39,56,1,1889,51,15682,273,17571,324,0,5,-19,308,59,1436,1,65,7
08-03-20,Shelby,22044,209,21998,208,46,1,26772,253,226793,1638,253565,1891,3,288,-189,2346,395,19410,7,1720,340
08-03-20,Smith,432,18,427,18,5,0,470,20,3180,88,3650,108,0,3,6,90,12,339,0,20,7
08-03-20,Stewart,70,0,70,0,0,0,86,0,1504,15,1590,15,0,0,-2,14,2,56,0,2,0
08-03-20,Sullivan,839,48,789,48,50,0,881,48,14887,174,15768,222,0,9,15,215,33,615,4,84,11
08-03-20,Sumner,3312,46,3298,46,14,0,3960,43,24080,269,28040,312,1,70,-14,364,59,2878,0,307,76
08-03-20,Tipton,1155,15,1144,15,11,0,1321,15,12843,181,14164,196,0,9,-3,145,18,1001,0,70,11
08-03-20,Trousdale,1581,4,1578,4,3,0,1644,4,3218,12,4862,16,0,6,-1,19,5,1556,0,17,6
08-03-20,Unicoi,141,3,139,3,2,0,147,1,3077,6,3224,7,0,0,-1,43,4,98,1,4,0
08-03-20,Union,138,12,135,12,3,0,150,14,2285,51,2435,65,0,0,10,56,2,82,0,4,0
08-03-20,Van Buren,38,1,38,1,0,0,39,1,745,11,784,12,0,0,-1,12,2,26,0,3,0
08-03-20,Warren,425,24,418,24,7,0,474,33,7293,160,7767,193,0,4,6,122,18,299,0,9,5
08-03-20,Washington,1054,29,1031,29,23,0,1156,30,15565,185,16721,215,0,2,-10,321,39,731,1,51,2
08-03-20,Wayne,222,1,217,1,5,0,244,1,3801,5,4045,6,0,1,-5,36,6,185,0,7,2
08-03-20,Weakley,328,36,313,33,15,3,347,38,5144,126,5491,164,0,3,23,159,13,166,0,14,5
08-03-20,White,211,11,209,11,2,0,257,12,4372,88,4629,100,0,3,4,45,7,163,0,13,5
08-03-20,Williamson,3260,33,3251,33,9,0,3869,39,38702,278,42571,317,0,22,-33,418,66,2820,2,93,23
08-03-20,Wilson,2139,37,2136,37,3,0,2564,38,21935,271,24499,309,1,21,-13,269,49,1849,2,87,25
08-02-20,Anderson,614,7,598,7,16,0,720,8,13886,133,14606,141,0,5,1,171,6,438,1,30,6
08-02-20,Bedford,871,10,864,10,7,0,1031,10,6414,61,7445,71,0,10,1,107,9,754,0,34,12
08-02-20,Benton,91,0,88,0,3,0,101,0,1756,17,1857,17,0,1,-3,47,3,43,0,10,1
08-02-20,Bledsoe,678,8,678,8,0,0,704,9,4452,38,5156,47,0,1,6,23,2,654,1,14,1
08-02-20,Blount,1186,11,1161,11,25,0,1377,10,14132,54,15509,64,0,7,-14,339,25,840,2,56,8
08-02-20,Bradley,1791,33,1765,33,26,0,2146,38,12939,120,15085,158,0,10,14,307,19,1474,3,106,12
08-02-20,Campbell,219,5,212,5,7,0,253,6,5429,150,5682,156,0,1,-7,68,12,150,0,12,1
08-02-20,Cannon,118,0,114,0,4,0,151,0,1986,9,2137,9,0,0,0,25,0,93,0,6,0
08-02-20,Carroll,218,3,200,3,18,0,236,3,3642,37,3878,40,0,3,-2,89,5,126,0,16,3
08-02-20,Carter,465,22,450,22,15,0,510,22,7742,172,8252,194,0,5,12,150,10,310,0,39,6
08-02-20,Cheatham,553,2,553,2,0,0,661,2,6068,43,6729,45,0,5,-4,115,6,433,0,24,6
08-02-20,Chester,210,2,195,2,15,0,226,2,1709,17,1935,19,0,1,1,40,1,169,0,6,2
08-02-20,Claiborne,223,7,212,6,11,1,242,7,4856,87,5098,94,0,0,4,61,3,162,1,11,1
08-02-20,Clay,73,0,69,0,4,0,75,0,1317,2,1392,2,0,0,-2,16,2,57,0,2,0
08-02-20,Cocke,415,6,396,6,19,0,441,5,4288,39,4729,44,0,1,4,90,2,324,1,20,2
08-02-20,Coffee,411,10,392,7,19,3,487,12,8518,30,9005,42,0,2,4,146,6,263,0,15,3
08-02-20,Crockett,233,0,218,0,15,0,255,0,1685,15,1940,15,0,3,-4,67,4,163,0,15,7
08-02-20,Cumberland,394,4,390,4,4,0,504,4,11692,34,12196,38,0,6,2,84,2,304,1,28,6
08-02-20,Davidson,20236,91,20198,91,38,0,25102,117,184195,1021,209297,1138,1,199,-68,1832,158,18205,4,876,229
08-02-20,Decatur,162,1,127,1,35,0,183,3,2469,89,2652,92,0,1,0,55,1,106,0,6,3
08-02-20,Dekalb,283,0,283,0,0,0,339,0,4226,14,4565,14,0,1,-9,74,9,208,0,15,2
08-02-20,Dickson,606,9,596,9,10,0,769,11,7227,70,7996,81,0,1,3,142,6,463,0,33,3
08-02-20,Dyer,567,10,549,10,18,0,630,12,5324,50,5954,62,0,7,4,127,6,433,1,42,8
08-02-20,Fayette,663,3,658,3,5,0,852,3,9653,32,10505,35,0,8,-5,96,8,559,0,57,12
08-02-20,Fentress,75,0,75,0,0,0,81,0,1993,9,2074,9,0,0,-1,21,1,54,0,7,0
08-02-20,Franklin,293,3,288,3,5,0,351,6,6120,62,6471,68,0,4,2,92,1,197,0,17,4
08-02-20,Gibson,546,6,476,5,70,1,604,7,6489,55,7093,62,0,2,-4,138,10,406,1,24,5
08-02-20,Giles,361,9,359,9,2,0,431,15,4756,105,5187,120,0,9,6,98,3,254,2,24,11
08-02-20,Grainger,163,1,153,1,10,0,189,1,2760,17,2949,18,0,0,-3,53,4,110,0,11,0
08-02-20,Greene,375,12,358,11,17,1,442,14,7557,200,7999,214,0,5,8,86,4,284,1,28,5
08-02-20,Grundy,104,2,103,2,1,0,122,2,1381,9,1503,11,0,2,2,17,0,85,0,15,2
08-02-20,Hamblen,1276,2,1230,2,46,0,1403,1,11080,65,12483,66,0,13,-8,288,10,975,0,68,14
08-02-20,Hamilton,5386,55,5371,55,15,0,6275,74,73488,684,79763,758,0,47,-39,469,94,4870,1,254,54
08-02-20,Hancock,81,2,76,2,5,0,89,2,1074,12,1163,14,0,1,2,20,0,60,0,8,1
08-02-20,Hardeman,831,10,805,9,26,1,925,11,8326,35,9251,46,0,11,3,139,7,681,0,46,19
08-02-20,Hardin,408,2,369,2,39,0,458,4,6215,176,6673,180,0,7,-3,80,5,321,0,17,10
08-02-20,Hawkins,333,14,325,14,8,0,382,16,5172,67,5554,83,0,4,8,116,6,213,0,28,5
08-02-20,Haywood,397,5,384,4,13,1,426,5,3082,43,3508,48,0,5,0,107,5,285,1,21,6
08-02-20,Henderson,460,5,390,5,70,0,528,6,3918,48,4446,54,0,0,-6,121,11,339,1,16,5
08-02-20,Henry,213,2,210,2,3,0,260,2,4896,115,5156,117,0,0,1,102,1,111,0,21,0
08-02-20,Hickman,226,13,224,13,2,0,284,14,3003,57,3287,71,0,0,13,56,0,170,0,5,0
08-02-20,Houston,58,1,58,1,0,0,67,2,1144,12,1211,14,0,0,-2,13,3,45,1,7,0
08-02-20,Humphreys,107,4,100,3,7,1,122,4,2776,35,2898,39,0,3,3,33,1,71,0,3,3
08-02-20,Jackson,131,1,129,0,2,1,152,0,1438,1,1590,1,0,1,-3,11,4,119,0,8,2
08-02-20,Jefferson,510,5,465,3,45,2,557,4,7664,32,8221,36,0,2,2,129,3,379,0,30,4
08-02-20,Johnson,176,27,173,27,3,0,179,25,3405,84,3584,109,0,0,25,115,2,61,1,7,0
08-02-20,Knox,4252,99,4122,92,130,7,4666,94,70107,674,74773,768,3,34,30,947,66,3271,2,209,40
08-02-20,Lake,740,2,738,2,2,0,913,2,4280,12,5193,14,0,0,2,33,0,707,0,4,0
08-02-20,Lauderdale,422,2,417,2,5,0,479,2,6223,20,6702,22,0,6,-2,80,4,336,0,30,9
08-02-20,Lawrence,465,13,463,13,2,0,558,14,5708,98,6266,112,0,6,8,115,5,344,0,25,7
08-02-20,Lewis,60,3,60,3,0,0,65,3,2046,35,2111,38,0,1,2,27,1,32,0,8,1
08-02-20,Lincoln,266,4,265,4,1,0,328,6,3945,28,4273,34,0,1,-1,68,5,197,0,12,1
08-02-20,Loudon,631,4,611,4,20,0,689,4,6717,67,7406,71,0,3,-8,150,12,478,0,21,4
08-02-20,Macon,853,1,847,1,6,0,1023,1,4501,7,5524,8,0,13,-5,69,6,771,0,64,14
08-02-20,Madison,950,18,920,18,30,0,1047,18,13331,99,14378,117,0,12,2,116,16,822,1,66,21
08-02-20,Marion,229,5,228,5,1,0,280,7,3145,39,3425,46,0,4,3,55,2,170,0,24,5
08-02-20,Marshall,273,2,273,2,0,0,317,2,4325,58,4642,60,0,2,-3,72,5,199,0,13,4
08-02-20,Maury,1094,16,1089,16,5,0,1297,17,11537,178,12834,195,0,5,-1,262,17,827,1,40,8
08-02-20,McMinn,522,7,519,7,3,0,629,10,8158,102,8787,112,0,20,2,86,5,416,0,42,21
08-02-20,McNairy,316,4,293,4,23,0,358,7,3333,97,3691,104,0,5,3,74,1,237,0,24,8
08-02-20,Meigs,102,2,102,2,0,0,127,3,1603,23,1730,26,0,0,2,33,0,69,0,6,1
08-02-20,Monroe,407,9,394,9,13,0,445,11,4416,88,4861,99,0,9,-1,126,10,272,0,39,8
08-02-20,Montgomery,1802,25,1792,25,10,0,2062,33,23461,262,25523,295,0,11,10,393,15,1398,0,90,13
08-02-20,Moore,52,4,52,4,0,0,64,4,868,7,932,11,0,0,3,13,1,39,0,0,0
08-02-20,Morgan,94,3,94,3,0,0,108,4,4675,20,4783,24,0,1,3,29,0,64,0,2,1
08-02-20,Obion,450,6,443,5,7,1,497,6,4812,46,5309,52,0,4,-3,163,9,283,0,24,6
08-02-20,Out of State,1231,12,1223,12,8,0,1358,13,156601,1032,157959,1045,0,12,-8,151,20,1068,0,45,5
08-02-20,Overton,159,0,156,0,3,0,185,1,3617,14,3802,15,0,1,-1,26,1,132,0,6,1
08-02-20,Pending,318,3,314,3,4,0,363,4,106925,891,107288,895,0,4,-4,84,7,230,0,3,0
08-02-20,Perry,74,2,72,2,2,0,85,2,1612,9,1697,11,0,0,2,18,0,56,0,4,0
08-02-20,Pickett,21,0,21,0,0,0,21,0,627,1,648,1,0,1,0,3,0,17,0,0,1
08-02-20,Polk,193,6,192,6,1,0,204,9,1799,25,2003,34,0,1,-9,52,15,140,0,10,5
08-02-20,Putnam,1459,4,1451,3,8,1,1797,3,16391,58,18188,61,0,13,-10,190,14,1256,0,56,18
08-02-20,Rhea,501,6,501,6,0,0,588,13,5325,124,5913,137,0,1,2,78,4,422,1,13,1
08-02-20,Roane,370,6,357,6,13,0,437,8,9517,84,9954,92,0,1,-1,129,7,240,0,18,1
08-02-20,Robertson,1473,13,1469,13,4,0,1829,19,9689,80,11518,99,0,16,5,195,8,1262,1,108,24
08-02-20,Rutherford,6173,33,6164,33,9,0,7470,44,44902,303,52372,347,0,51,-38,830,71,5292,2,200,57
08-02-20,Scott,102,0,99,0,3,0,110,0,2123,12,2233,12,0,0,0,46,0,56,0,6,2
08-02-20,Sequatchie,112,0,111,0,1,0,133,1,2701,18,2834,19,0,0,0,23,0,89,0,6,0
08-02-20,Sevier,1709,10,1654,10,55,0,1838,10,15409,41,17247,51,0,5,0,327,10,1377,1,64,6
08-02-20,Shelby,21835,178,21790,178,45,0,26519,234,225155,1677,251674,1911,1,285,-1,2535,178,19015,11,1713,337
08-02-20,Smith,414,0,409,0,5,0,450,2,3092,3,3542,5,0,3,-8,84,8,327,0,20,7
08-02-20,Stewart,70,0,70,0,0,0,86,0,1489,27,1575,27,0,0,-2,16,2,54,0,2,0
08-02-20,Sullivan,791,20,741,19,50,1,833,20,14713,190,15546,210,1,9,0,200,19,582,0,80,10
08-02-20,Sumner,3266,21,3252,21,14,0,3917,25,23811,118,27728,143,0,69,-5,378,26,2819,2,307,75
08-02-20,Tipton,1140,5,1129,5,11,0,1306,7,12662,54,13968,61,0,9,-1,148,6,983,2,70,11
08-02-20,Trousdale,1577,0,1574,0,3,0,1640,0,3206,9,4846,9,0,6,0,20,0,1551,0,17,6
08-02-20,Unicoi,138,2,136,2,2,0,146,3,3071,30,3217,33,0,0,-1,44,3,94,0,3,0
08-02-20,Union,126,0,123,0,3,0,136,2,2234,20,2370,22,0,0,-3,46,3,80,0,4,0
08-02-20,Van Buren,37,0,37,0,0,0,38,0,734,1,772,1,0,0,0,13,0,24,0,3,0
08-02-20,Warren,401,4,394,4,7,0,441,4,7133,58,7574,62,0,4,0,116,4,281,0,9,5
08-02-20,Washington,1025,36,1002,36,23,0,1126,41,15380,241,16506,282,0,2,17,331,19,692,1,50,2
08-02-20,Wayne,221,4,216,3,5,1,243,4,3796,44,4039,48,0,1,2,41,2,179,0,7,2
08-02-20,Weakley,292,16,280,15,12,1,309,16,5018,98,5327,114,0,3,11,136,5,153,1,14,5
08-02-20,White,200,1,198,1,2,0,245,2,4284,11,4529,13,0,3,-1,41,2,156,0,13,5
08-02-20,Williamson,3227,39,3218,39,9,0,3830,42,38424,304,42254,346,0,22,14,451,25,2754,3,91,22
08-02-20,Wilson,2102,5,2099,5,3,0,2526,8,21664,84,24190,92,0,20,-24,282,29,1800,0,85,24
08-01-20,Anderson,607,23,591,23,16,0,712,24,13753,398,14465,422,0,5,16,170,7,432,1,29,5
08-01-20,Bedford,861,27,854,26,7,1,1021,28,6353,134,7374,162,0,10,19,106,8,745,2,34,11
08-01-20,Benton,91,4,88,4,3,0,101,7,1739,40,1840,47,0,1,3,50,1,40,1,10,1
08-01-20,Bledsoe,670,4,670,4,0,0,695,5,4414,36,5109,41,0,1,4,17,0,652,0,13,1
08-01-20,Blount,1175,10,1150,10,25,0,1367,10,14078,182,15445,192,0,7,-11,353,21,815,0,54,8
08-01-20,Bradley,1758,21,1732,21,26,0,2108,30,12819,214,14927,244,0,10,1,293,20,1455,1,103,10
08-01-20,Campbell,214,6,207,6,7,0,247,7,5279,138,5526,145,0,1,2,75,4,138,0,12,1
08-01-20,Cannon,118,3,114,1,4,2,151,2,1977,13,2128,15,0,0,3,25,0,93,0,6,0
08-01-20,Carroll,215,22,197,22,18,0,233,29,3605,243,3838,272,0,3,16,91,6,121,1,16,3
08-01-20,Carter,443,16,428,16,15,0,488,18,7570,237,8058,255,0,5,2,138,14,300,1,39,6
08-01-20,Cheatham,551,19,551,19,0,0,659,22,6025,168,6684,190,0,5,11,119,8,427,1,24,6
08-01-20,Chester,208,3,193,3,15,0,224,4,1692,25,1916,29,0,1,2,39,1,168,0,6,2
08-01-20,Claiborne,216,2,206,2,10,0,235,2,4769,131,5004,133,0,0,-2,57,4,159,0,10,1
08-01-20,Clay,73,6,69,5,4,1,75,5,1315,6,1390,11,0,0,6,18,0,55,0,2,0
08-01-20,Cocke,409,12,390,12,19,0,436,13,4249,73,4685,86,0,1,3,86,9,322,0,19,2
08-01-20,Coffee,401,22,385,22,16,0,475,25,8488,339,8963,364,0,2,9,142,13,257,0,15,2
08-01-20,Crockett,233,5,218,5,15,0,255,6,1670,27,1925,33,0,3,2,71,3,159,1,15,6
08-01-20,Cumberland,390,4,386,4,4,0,500,5,11658,152,12158,157,0,6,0,82,4,302,0,27,6
08-01-20,Davidson,20145,259,20107,259,38,0,24985,354,183174,3014,208159,3368,0,198,76,1900,183,18047,9,872,223
08-01-20,Decatur,161,3,126,3,35,0,180,5,2380,18,2560,23,0,1,1,55,2,105,0,6,1
08-01-20,Dekalb,283,2,283,2,0,0,339,2,4212,61,4551,63,0,1,0,83,2,199,0,15,2
08-01-20,Dickson,597,13,587,13,10,0,758,20,7157,126,7915,146,0,1,2,139,11,457,0,33,3
08-01-20,Dyer,557,21,539,21,18,0,618,22,5274,87,5892,109,1,7,11,123,9,427,0,41,8
08-01-20,Fayette,660,8,655,8,5,0,849,16,9621,339,10470,355,0,8,5,101,3,551,0,57,12
08-01-20,Fentress,75,2,75,2,0,0,81,2,1984,7,2065,9,0,0,1,22,1,53,0,7,0
08-01-20,Franklin,290,16,285,15,5,1,345,18,6058,167,6403,185,0,4,11,90,5,196,0,17,4
08-01-20,Gibson,540,17,471,16,69,1,597,17,6434,146,7031,163,0,2,6,142,11,396,0,23,4
08-01-20,Giles,352,13,350,13,2,0,416,16,4651,99,5067,115,1,9,4,92,8,251,0,22,11
08-01-20,Grainger,162,4,152,4,10,0,188,4,2743,30,2931,34,0,0,0,56,4,106,1,11,0
08-01-20,Greene,363,10,347,10,16,0,428,18,7357,164,7785,182,0,5,1,78,9,280,0,27,5
08-01-20,Grundy,102,2,101,2,1,0,120,1,1372,25,1492,26,0,2,1,15,1,85,0,15,2
08-01-20,Hamblen,1274,18,1228,16,46,2,1402,17,11015,152,12417,169,0,13,2,296,16,965,1,68,14
08-01-20,Hamilton,5331,68,5316,67,15,1,6201,95,72804,1325,79005,1420,0,47,-2,508,70,4776,1,253,53
08-01-20,Hancock,79,1,74,1,5,0,87,1,1062,30,1149,31,0,1,-5,18,6,60,0,8,1
08-01-20,Hardeman,821,14,796,14,25,0,914,17,8291,107,9205,124,0,11,4,136,10,674,0,46,16
08-01-20,Hardin,406,6,367,6,39,0,454,7,6039,59,6493,66,0,7,0,83,6,316,0,17,9
08-01-20,Hawkins,319,21,311,20,8,1,366,23,5105,110,5471,133,0,4,10,108,11,207,0,28,5
08-01-20,Haywood,392,4,380,4,12,0,421,6,3039,70,3460,76,0,5,-4,107,8,280,0,20,6
08-01-20,Henderson,455,4,385,4,70,0,522,6,3870,92,4392,98,0,0,-6,127,10,328,1,15,4
08-01-20,Henry,211,15,208,14,3,1,258,22,4781,53,5039,75,0,0,11,101,4,110,0,21,0
08-01-20,Hickman,213,5,211,5,2,0,270,7,2946,61,3216,68,0,0,-3,43,8,170,0,5,0
08-01-20,Houston,57,0,57,0,0,0,65,0,1132,18,1197,18,0,0,0,15,0,42,0,6,0
08-01-20,Humphreys,103,1,97,1,6,0,118,1,2741,109,2859,110,0,3,-2,30,3,70,0,3,3
08-01-20,Jackson,130,1,129,0,1,1,152,2,1437,12,1589,14,0,1,0,14,1,115,0,8,2
08-01-20,Jefferson,505,5,462,4,43,1,553,5,7632,92,8185,97,0,2,-7,127,12,376,0,30,4
08-01-20,Johnson,149,26,146,26,3,0,154,26,3321,74,3475,100,0,0,25,90,1,59,0,6,0
08-01-20,Knox,4153,117,4030,109,123,8,4572,118,69433,1397,74005,1515,1,31,30,917,86,3205,1,207,40
08-01-20,Lake,738,7,736,7,2,0,911,7,4268,33,5179,40,0,0,5,31,2,707,0,4,0
08-01-20,Lauderdale,420,3,415,3,5,0,477,12,6203,90,6680,102,0,6,1,82,2,332,0,30,9
08-01-20,Lawrence,452,13,450,13,2,0,544,15,5610,90,6154,105,0,6,8,107,5,339,0,25,7
08-01-20,Lewis,57,5,57,5,0,0,62,5,2011,38,2073,43,0,1,5,25,0,31,2,8,1
08-01-20,Lincoln,262,7,261,7,1,0,322,9,3917,99,4239,108,0,1,3,69,4,192,0,12,1
08-01-20,Loudon,627,12,607,12,20,0,685,12,6650,104,7335,116,0,3,1,158,11,466,0,21,4
08-01-20,Macon,852,6,846,6,6,0,1022,8,4494,24,5516,32,0,13,2,74,4,765,0,64,14
08-01-20,Madison,932,114,902,114,30,0,1029,115,13232,554,14261,669,0,12,88,114,26,806,3,65,21
08-01-20,Marion,224,7,223,7,1,0,273,10,3106,67,3379,77,0,4,0,52,7,168,1,24,5
08-01-20,Marshall,271,1,271,1,0,0,315,2,4267,185,4582,187,0,2,-4,75,5,194,0,13,4
08-01-20,Maury,1078,51,1073,51,5,0,1280,61,11359,280,12639,341,0,5,29,263,22,810,0,39,8
08-01-20,McMinn,515,11,512,11,3,0,619,12,8056,227,8675,239,0,20,7,84,4,411,0,42,21
08-01-20,McNairy,312,2,289,1,23,1,351,3,3236,32,3587,35,0,5,-4,71,6,236,0,24,6
08-01-20,Meigs,100,5,100,5,0,0,124,5,1580,24,1704,29,0,0,5,31,0,69,0,6,1
08-01-20,Monroe,398,11,385,10,13,1,434,13,4328,107,4762,120,0,9,3,127,8,262,1,39,8
08-01-20,Montgomery,1777,60,1767,60,10,0,2029,68,23199,528,25228,596,0,11,41,383,19,1383,1,90,13
08-01-20,Moore,48,1,48,1,0,0,60,1,861,24,921,25,0,0,0,10,1,38,0,0,0
08-01-20,Morgan,91,5,91,5,0,0,104,4,4655,38,4759,42,0,1,2,26,3,64,0,2,1
08-01-20,Obion,444,25,438,25,6,0,491,37,4766,196,5257,233,0,4,15,166,10,274,0,24,6
08-01-20,Out of State,1219,26,1211,25,8,1,1345,28,155569,2623,156914,2651,-1,12,13,159,14,1048,1,45,5
08-01-20,Overton,159,2,156,2,3,0,184,3,3603,15,3787,18,0,1,-1,27,3,131,0,6,1
08-01-20,Pending,315,16,311,16,4,0,359,16,106034,1889,106393,1905,0,4,6,88,10,223,0,3,0
08-01-20,Perry,72,2,70,2,2,0,83,2,1603,72,1686,74,0,0,2,16,0,56,0,4,0
08-01-20,Pickett,21,0,21,0,0,0,21,0,626,1,647,1,0,1,0,3,0,17,0,0,1
08-01-20,Polk,187,8,186,8,1,0,195,8,1774,32,1969,40,0,1,5,61,3,125,0,10,5
08-01-20,Putnam,1455,11,1448,11,7,0,1794,14,16333,131,18127,145,0,13,4,200,7,1242,0,56,16
08-01-20,Rhea,495,11,495,11,0,0,575,20,5201,167,5776,187,0,1,9,76,2,418,0,12,1
08-01-20,Roane,364,11,351,10,13,1,429,11,9433,158,9862,169,0,1,5,130,6,233,0,18,1
08-01-20,Robertson,1460,21,1456,21,4,0,1810,25,9609,117,11419,142,0,16,11,190,10,1254,1,107,22
08-01-20,Rutherford,6140,91,6131,91,9,0,7426,119,44599,980,52025,1099,0,51,22,868,69,5221,0,198,56
08-01-20,Scott,102,11,99,11,3,0,110,13,2111,73,2221,86,0,0,9,46,2,56,1,6,1
08-01-20,Sequatchie,112,1,111,1,1,0,132,1,2683,45,2815,46,0,0,0,23,1,89,0,6,0
08-01-20,Sevier,1699,29,1644,29,55,0,1828,32,15368,127,17196,159,0,5,13,327,16,1367,2,63,6
08-01-20,Shelby,21657,382,21612,382,45,0,26285,636,223478,6383,249763,7019,5,284,114,2536,263,18837,22,1702,330
08-01-20,Smith,414,9,409,9,5,0,448,4,3089,24,3537,28,0,3,5,92,4,319,0,20,6
08-01-20,Stewart,70,5,70,5,0,0,86,7,1462,42,1548,49,0,0,5,18,0,52,0,2,0
08-01-20,Sullivan,771,24,722,22,49,2,813,25,14523,332,15336,357,0,8,0,200,24,563,2,80,10
08-01-20,Sumner,3245,51,3231,51,14,0,3892,59,23693,381,27585,440,0,69,23,383,28,2793,1,305,75
08-01-20,Tipton,1135,18,1124,17,11,1,1299,34,12608,366,13907,400,0,9,2,149,16,977,1,68,11
08-01-20,Trousdale,1577,3,1574,3,3,0,1640,3,3197,23,4837,26,0,6,1,20,2,1551,0,17,6
08-01-20,Unicoi,136,3,134,3,2,0,143,3,3041,45,3184,48,0,0,2,45,1,91,0,3,0
08-01-20,Union,126,6,123,6,3,0,134,5,2214,50,2348,55,0,0,5,49,1,77,1,4,0
08-01-20,Van Buren,37,0,37,0,0,0,38,0,733,2,771,2,0,0,-1,13,1,24,0,3,0
08-01-20,Warren,397,7,390,6,7,1,437,7,7075,57,7512,64,0,4,-2,116,9,277,0,9,5
08-01-20,Washington,989,39,966,39,23,0,1085,41,15139,420,16224,461,0,2,18,314,21,673,1,49,2
08-01-20,Wayne,217,4,213,4,4,0,239,7,3752,39,3991,46,0,1,3,39,1,177,0,7,2
08-01-20,Weakley,276,25,265,25,11,0,293,27,4920,218,5213,245,0,3,22,125,3,148,1,13,5
08-01-20,White,199,6,197,6,2,0,243,7,4273,39,4516,46,0,3,0,42,6,154,0,13,5
08-01-20,Williamson,3188,88,3179,88,9,0,3788,97,38120,637,41908,734,0,22,51,437,37,2729,1,88,22
08-01-20,Wilson,2097,38,2094,38,3,0,2518,50,21580,328,24098,378,0,20,14,306,24,1771,1,85,24
07-31-20,Anderson,584,11,568,11,16,0,688,14,13355,185,14043,199,0,5,-9,154,20,425,0,28,5
07-31-20,Bedford,834,7,828,5,6,2,993,4,6219,89,7212,93,0,10,-6,87,13,737,1,32,11
07-31-20,Benton,87,10,84,10,3,0,94,9,1699,37,1793,46,0,1,6,47,4,39,2,9,1
07-31-20,Bledsoe,666,0,666,0,0,0,690,0,4378,17,5068,17,0,1,0,13,0,652,0,13,1
07-31-20,Blount,1165,58,1140,58,25,0,1357,66,13896,204,15253,270,0,7,23,364,35,794,1,54,8
07-31-20,Bradley,1737,35,1711,33,26,2,2078,46,12605,262,14683,308,0,10,20,292,15,1435,0,102,10
07-31-20,Campbell,208,14,201,14,7,0,240,14,5141,66,5381,80,0,1,6,73,8,134,1,12,1
07-31-20,Cannon,115,5,113,5,2,0,149,6,1964,60,2113,66,0,0,2,22,3,93,0,6,0
07-31-20,Carroll,193,13,175,13,18,0,204,13,3362,108,3566,121,0,3,7,75,6,115,0,15,3
07-31-20,Carter,427,15,412,15,15,0,470,17,7333,67,7803,84,1,5,1,136,13,286,0,38,6
07-31-20,Cheatham,532,5,532,5,0,0,637,7,5857,52,6494,59,1,5,-11,108,15,419,0,23,6
07-31-20,Chester,205,7,190,7,15,0,220,9,1667,55,1887,64,0,1,4,37,3,167,0,6,2
07-31-20,Claiborne,214,6,204,6,10,0,233,9,4638,82,4871,91,0,0,2,59,4,155,1,10,1
07-31-20,Clay,67,3,64,2,3,1,70,4,1309,31,1379,35,0,0,1,12,2,55,0,2,0
07-31-20,Cocke,397,10,378,7,19,3,423,10,4176,98,4599,108,0,1,-1,83,11,313,0,19,2
07-31-20,Coffee,379,16,363,10,16,6,450,13,8149,96,8599,109,2,2,1,133,13,244,1,15,2
07-31-20,Crockett,228,4,213,4,15,0,249,4,1643,44,1892,48,0,3,-11,69,15,156,0,14,6
07-31-20,Cumberland,386,7,382,7,4,0,495,8,11506,128,12001,136,0,6,-1,82,8,298,0,27,6
07-31-20,Davidson,19886,81,19848,80,38,1,24631,105,180160,1525,204791,1630,3,198,-177,1824,255,17864,7,863,217
07-31-20,Decatur,158,7,123,6,35,1,175,11,2362,167,2537,178,0,1,4,54,3,103,0,6,1
07-31-20,Dekalb,281,4,281,4,0,0,337,5,4151,63,4488,68,0,1,-9,83,13,197,0,15,2
07-31-20,Dickson,584,6,574,3,10,3,738,7,7031,88,7769,95,0,1,-9,137,15,446,0,33,3
07-31-20,Dyer,536,12,518,11,18,1,596,13,5187,66,5783,79,1,6,3,112,8,418,3,41,7
07-31-20,Fayette,652,17,647,17,5,0,833,18,9282,88,10115,106,0,8,6,96,11,548,0,57,12
07-31-20,Fentress,73,2,73,2,0,0,79,2,1977,19,2056,21,0,0,0,21,2,52,0,7,0
07-31-20,Franklin,274,6,270,6,4,0,327,4,5891,94,6218,98,0,4,1,79,5,191,0,17,4
07-31-20,Gibson,523,10,455,10,68,0,580,12,6288,148,6868,160,1,2,-3,136,12,385,0,23,3
07-31-20,Giles,339,8,337,6,2,2,400,6,4552,66,4952,72,0,8,-1,88,9,243,1,22,11
07-31-20,Grainger,158,5,148,4,10,1,184,6,2713,44,2897,50,0,0,0,56,5,102,0,10,0
07-31-20,Greene,353,12,337,12,16,0,410,10,7193,36,7603,46,0,5,5,77,7,271,2,27,5
07-31-20,Grundy,100,1,99,1,1,0,119,1,1347,12,1466,13,0,2,-2,14,3,84,0,15,2
07-31-20,Hamblen,1256,27,1212,24,44,3,1385,27,10863,164,12248,191,0,13,6,294,21,949,0,67,14
07-31-20,Hamilton,5263,37,5249,37,14,0,6106,41,71479,209,77585,250,2,47,-45,510,80,4706,5,252,53
07-31-20,Hancock,78,1,73,1,5,0,86,2,1032,8,1118,10,-1,1,0,23,2,54,1,8,1
07-31-20,Hardeman,807,18,782,17,25,1,897,21,8184,90,9081,111,0,11,-1,132,19,664,1,46,16
07-31-20,Hardin,400,7,361,6,39,1,447,8,5980,82,6427,90,0,7,-3,83,10,310,0,17,9
07-31-20,Hawkins,298,11,291,11,7,0,343,12,4995,26,5338,38,1,4,2,98,8,196,1,28,5
07-31-20,Haywood,388,5,376,5,12,0,415,5,2969,103,3384,108,0,5,-4,111,9,272,0,20,6
07-31-20,Henderson,451,11,381,11,70,0,516,31,3778,112,4294,143,0,0,-9,133,20,318,0,14,4
07-31-20,Henry,196,17,194,17,2,0,236,20,4728,127,4964,147,0,0,15,90,2,106,0,21,0
07-31-20,Hickman,208,1,206,1,2,0,263,1,2885,28,3148,29,0,0,-4,46,5,162,0,5,0
07-31-20,Houston,57,0,57,0,0,0,65,1,1114,30,1179,31,0,0,0,15,0,42,0,6,0
07-31-20,Humphreys,102,1,96,1,6,0,117,1,2632,67,2749,68,0,3,-1,32,2,67,0,3,3
07-31-20,Jackson,129,1,129,1,0,0,150,0,1425,14,1575,14,1,1,-2,14,2,114,0,8,2
07-31-20,Jefferson,500,11,458,10,42,1,548,8,7540,81,8088,89,0,2,2,134,9,364,2,30,4
07-31-20,Johnson,123,17,120,17,3,0,128,19,3247,1,3375,20,0,0,15,65,2,58,0,6,0
07-31-20,Knox,4036,121,3921,118,115,3,4454,119,68036,1065,72490,1184,2,30,13,887,106,3119,1,206,39
07-31-20,Lake,731,2,729,2,2,0,904,3,4235,15,5139,18,0,0,2,26,0,705,0,4,0
07-31-20,Lauderdale,417,18,412,18,5,0,465,20,6113,86,6578,106,0,6,4,81,14,330,0,30,9
07-31-20,Lawrence,439,13,437,11,2,2,529,10,5520,85,6049,95,0,6,4,99,9,334,2,25,7
07-31-20,Lewis,52,3,52,3,0,0,57,3,1973,88,2030,91,0,1,1,20,2,31,0,6,1
07-31-20,Lincoln,255,5,254,4,1,1,313,5,3818,88,4131,93,0,1,-5,66,10,188,0,12,1
07-31-20,Loudon,615,33,595,33,20,0,673,33,6546,85,7219,118,0,3,17,157,16,455,1,21,4
07-31-20,Macon,846,7,840,7,6,0,1014,8,4470,39,5484,47,0,13,-1,72,8,761,0,64,14
07-31-20,Madison,818,21,788,21,30,0,914,23,12678,276,13592,299,1,12,-3,26,23,780,0,62,19
07-31-20,Marion,217,7,216,7,1,0,263,6,3039,37,3302,43,0,4,3,52,4,161,1,23,5
07-31-20,Marshall,270,9,270,9,0,0,313,9,4082,65,4395,74,0,2,6,79,3,189,0,13,4
07-31-20,Maury,1027,14,1022,12,5,2,1219,14,11079,194,12298,208,0,5,-19,234,33,788,0,39,8
07-31-20,McMinn,504,11,501,11,3,0,607,13,7829,106,8436,119,0,20,-1,77,12,407,0,42,21
07-31-20,McNairy,310,9,288,9,22,0,348,11,3204,91,3552,102,0,5,5,75,4,230,0,24,6
07-31-20,Meigs,95,0,95,0,0,0,119,0,1556,22,1675,22,0,0,-2,26,2,69,0,6,1
07-31-20,Monroe,387,23,375,21,12,2,421,19,4221,109,4642,128,0,9,10,124,13,254,2,38,8
07-31-20,Montgomery,1717,26,1707,25,10,1,1961,31,22671,227,24632,258,0,11,-4,342,30,1364,1,89,13
07-31-20,Moore,47,1,47,1,0,0,59,1,837,7,896,8,0,0,0,10,1,37,0,0,0
07-31-20,Morgan,86,2,86,2,0,0,100,1,4617,27,4717,28,0,1,-1,24,3,61,0,2,1
07-31-20,Obion,419,31,413,31,6,0,454,34,4570,211,5024,245,0,4,23,151,8,264,1,24,6
07-31-20,Out of State,1193,15,1186,15,7,0,1317,17,152946,1243,154263,1260,1,13,-12,146,26,1034,1,44,5
07-31-20,Overton,157,8,154,8,3,0,181,8,3588,49,3769,57,0,1,6,28,2,128,0,6,1
07-31-20,Pending,299,6,295,6,4,0,343,7,104145,1137,104488,1144,0,4,-3,82,9,213,0,3,0
07-31-20,Perry,70,2,68,1,2,1,81,1,1531,51,1612,52,0,0,2,14,0,56,0,4,0
07-31-20,Pickett,21,0,21,0,0,0,21,0,625,7,646,7,0,1,-1,3,1,17,0,0,1
07-31-20,Polk,179,15,178,15,1,0,187,12,1742,24,1929,36,0,1,11,56,4,122,1,10,5
07-31-20,Putnam,1444,20,1437,20,7,0,1780,30,16202,202,17982,232,0,13,-8,196,28,1235,0,56,16
07-31-20,Rhea,484,7,484,7,0,0,555,10,5034,89,5589,99,0,1,3,67,4,416,0,12,1
07-31-20,Roane,353,17,341,17,12,0,418,21,9275,111,9693,132,0,1,-1,125,18,227,0,18,1
07-31-20,Robertson,1439,20,1435,20,4,0,1785,23,9492,105,11277,128,0,16,-1,179,21,1244,1,106,22
07-31-20,Rutherford,6049,64,6040,64,9,0,7307,78,43619,566,50926,644,2,51,-36,846,98,5152,2,198,55
07-31-20,Scott,91,2,88,2,3,0,97,3,2038,8,2135,11,0,0,1,37,1,54,0,5,0
07-31-20,Sequatchie,111,2,110,2,1,0,131,2,2638,30,2769,32,0,0,-3,23,5,88,0,6,0
07-31-20,Sevier,1670,31,1615,31,55,0,1796,34,15241,167,17037,201,0,5,2,314,29,1351,1,61,6
07-31-20,Shelby,21275,371,21230,370,45,1,25649,433,217095,2502,242744,2935,4,279,66,2422,301,18574,16,1680,326
07-31-20,Smith,405,21,400,21,5,0,444,15,3065,42,3509,57,1,3,12,87,8,315,0,20,6
07-31-20,Stewart,65,3,65,3,0,0,79,3,1420,29,1499,32,0,0,1,13,2,52,0,2,0
07-31-20,Sullivan,747,20,700,20,47,0,788,22,14191,234,14979,256,1,8,-9,200,28,539,2,78,9
07-31-20,Sumner,3194,25,3180,24,14,1,3833,29,23312,205,27145,234,1,69,-32,360,56,2765,1,304,74
07-31-20,Tipton,1117,25,1107,25,10,0,1265,27,12242,183,13507,210,0,9,16,147,9,961,1,67,10
07-31-20,Trousdale,1574,1,1571,1,3,0,1637,1,3174,18,4811,19,0,6,-3,19,4,1549,0,17,6
07-31-20,Unicoi,133,4,131,3,2,1,140,2,2996,11,3136,13,0,0,1,43,3,90,0,3,0
07-31-20,Union,120,2,117,2,3,0,129,3,2164,45,2293,48,0,0,-4,44,6,76,0,3,0
07-31-20,Van Buren,37,1,37,1,0,0,38,1,731,13,769,14,0,0,0,14,1,23,0,3,0
07-31-20,Warren,390,17,384,16,6,1,430,16,7018,232,7448,248,1,4,0,118,16,268,0,9,5
07-31-20,Washington,950,52,927,52,23,0,1044,53,14719,159,15763,212,0,2,12,296,40,652,1,48,2
07-31-20,Wayne,213,7,209,4,4,3,232,4,3713,31,3945,35,0,1,5,36,2,176,1,7,2
07-31-20,Weakley,251,10,240,9,11,1,266,11,4702,123,4968,134,1,3,7,103,2,145,0,12,5
07-31-20,White,193,1,191,1,2,0,236,1,4234,52,4470,53,0,3,-7,42,8,148,0,13,5
07-31-20,Williamson,3100,39,3091,39,9,0,3691,44,37483,339,41174,383,0,22,-5,386,44,2692,1,87,20
07-31-20,Wilson,2059,28,2056,28,3,0,2468,30,21252,226,23720,256,0,20,-10,292,38,1747,0,84,23
07-30-20,Anderson,573,37,557,37,16,0,674,53,13170,490,13844,543,0,5,19,163,18,405,0,28,5
07-30-20,Bedford,827,16,823,15,4,1,989,18,6130,145,7119,163,0,10,8,93,8,724,1,31,11
07-30-20,Benton,77,17,74,17,3,0,85,18,1662,61,1747,79,0,1,15,41,2,35,0,7,1
07-30-20,Bledsoe,666,6,666,6,0,0,690,6,4361,49,5051,55,0,1,4,13,2,652,1,13,1
07-30-20,Blount,1107,91,1082,91,25,0,1291,103,13692,611,14983,714,0,7,57,341,34,759,0,53,7
07-30-20,Bradley,1702,79,1678,78,24,1,2032,89,12343,410,14375,499,0,10,57,272,22,1420,5,102,10
07-30-20,Campbell,194,23,187,23,7,0,226,27,5075,160,5301,187,0,1,20,67,3,126,0,11,1
07-30-20,Cannon,110,4,108,3,2,1,143,3,1904,50,2047,53,0,0,1,20,3,90,0,6,0
07-30-20,Carroll,180,32,162,32,18,0,191,34,3254,132,3445,166,1,3,22,68,9,109,3,15,3
07-30-20,Carter,412,34,397,34,15,0,453,41,7266,458,7719,499,0,4,13,135,21,273,3,38,6
07-30-20,Cheatham,527,36,527,36,0,0,630,45,5805,281,6435,326,0,4,29,119,7,404,0,23,6
07-30-20,Chester,198,15,183,15,15,0,211,15,1612,67,1823,82,1,1,9,33,5,164,0,6,2
07-30-20,Claiborne,208,16,198,16,10,0,224,19,4556,353,4780,372,0,0,12,57,4,151,2,9,1
07-30-20,Clay,64,2,62,2,2,0,66,1,1278,41,1344,42,0,0,1,11,1,53,0,2,0
07-30-20,Cocke,387,25,371,25,16,0,413,25,4078,161,4491,186,0,1,7,84,18,302,2,19,2
07-30-20,Coffee,363,25,353,25,10,0,437,27,8053,365,8490,392,0,0,20,132,5,231,2,14,2
07-30-20,Crockett,224,25,209,23,15,2,245,28,1599,50,1844,78,0,3,17,80,8,141,1,14,6
07-30-20,Cumberland,379,19,375,19,4,0,487,26,11378,352,11865,378,0,6,12,83,7,290,0,27,6
07-30-20,Davidson,19805,346,19768,346,37,0,24526,498,178635,4259,203161,4757,1,195,36,2001,309,17609,12,856,215
07-30-20,Decatur,151,23,117,22,34,1,164,28,2195,169,2359,197,1,1,15,50,7,100,0,6,1
07-30-20,Dekalb,277,10,277,10,0,0,332,15,4088,171,4420,186,0,1,-4,92,14,184,1,15,1
07-30-20,Dickson,578,32,571,25,7,7,731,47,6943,180,7674,227,0,1,19,146,13,431,2,33,3
07-30-20,Dyer,524,32,507,32,17,0,583,34,5121,161,5704,195,0,5,26,109,6,410,2,38,7
07-30-20,Fayette,635,18,630,18,5,0,815,26,9194,198,10009,224,0,8,6,90,12,537,3,57,12
07-30-20,Fentress,71,5,71,5,0,0,77,5,1958,69,2035,74,0,0,3,21,2,50,0,7,0
07-30-20,Franklin,268,25,264,25,4,0,323,25,5797,236,6120,261,1,4,20,78,4,186,1,17,4
07-30-20,Gibson,513,43,445,40,68,3,568,50,6140,325,6708,375,0,1,30,139,13,373,2,23,2
07-30-20,Giles,331,12,331,12,0,0,394,20,4486,178,4880,198,0,8,4,89,8,234,0,21,11
07-30-20,Grainger,153,13,144,13,9,0,178,19,2669,129,2847,148,0,0,7,56,6,97,0,10,0
07-30-20,Greene,341,16,325,14,16,2,400,13,7157,222,7557,235,0,5,8,72,8,264,1,25,5
07-30-20,Grundy,99,7,98,7,1,0,118,8,1335,37,1453,45,0,2,5,16,2,81,0,15,2
07-30-20,Hamblen,1229,78,1188,75,41,3,1358,83,10699,570,12057,653,3,13,56,288,19,928,2,67,14
07-30-20,Hamilton,5226,109,5212,109,14,0,6065,136,71270,1936,77335,2072,0,45,45,555,64,4626,2,247,51
07-30-20,Hancock,77,0,72,0,5,0,84,0,1024,56,1108,56,0,2,-4,23,4,52,0,7,1
07-30-20,Hardeman,789,13,765,13,24,0,876,17,8094,115,8970,132,0,11,-5,133,18,645,2,45,16
07-30-20,Hardin,393,28,355,26,38,2,439,30,5898,243,6337,273,0,7,8,86,20,300,1,17,9
07-30-20,Hawkins,287,23,280,22,7,1,331,24,4969,184,5300,208,0,3,15,96,8,188,2,27,4
07-30-20,Haywood,383,37,371,37,12,0,410,39,2866,97,3276,136,0,5,30,115,7,263,1,20,6
07-30-20,Henderson,440,35,370,35,70,0,485,43,3666,164,4151,207,0,0,19,142,16,298,1,14,3
07-30-20,Henry,179,23,177,23,2,0,216,27,4601,156,4817,183,0,0,17,75,6,104,1,21,0
07-30-20,Hickman,207,7,205,6,2,1,262,10,2857,103,3119,113,0,0,6,50,1,157,0,5,0
07-30-20,Houston,57,5,57,5,0,0,64,5,1084,18,1148,23,0,0,4,15,1,42,0,6,0
07-30-20,Humphreys,101,12,95,9,6,3,116,13,2565,116,2681,129,0,3,9,33,3,65,0,3,3
07-30-20,Jackson,128,1,128,1,0,0,150,2,1411,20,1561,22,0,0,-3,16,4,112,0,8,2
07-30-20,Jefferson,489,30,448,28,41,2,540,35,7459,333,7999,368,0,2,15,132,15,355,2,28,4
07-30-20,Johnson,106,21,103,21,3,0,109,23,3246,104,3355,127,0,0,19,50,2,56,0,6,0
07-30-20,Knox,3915,190,3803,187,112,3,4335,231,66971,2460,71306,2691,1,28,80,874,109,3013,7,205,36
07-30-20,Lake,729,11,727,11,2,0,901,11,4220,32,5121,43,0,0,10,24,1,705,0,4,0
07-30-20,Lauderdale,399,16,394,16,5,0,445,17,6027,132,6472,149,0,6,9,77,7,316,0,30,9
07-30-20,Lawrence,426,28,426,28,0,0,519,34,5435,173,5954,207,0,6,16,95,12,325,1,23,7
07-30-20,Lewis,49,6,49,6,0,0,54,6,1885,80,1939,86,0,1,4,19,2,29,0,6,1
07-30-20,Lincoln,250,9,250,9,0,0,308,14,3730,103,4038,117,0,1,0,71,9,178,0,12,1
07-30-20,Loudon,582,28,562,27,20,1,640,32,6461,233,7101,265,0,3,17,140,11,439,1,20,4
07-30-20,Macon,839,19,833,18,6,1,1006,26,4431,75,5437,101,0,13,14,73,5,753,2,64,14
07-30-20,Madison,797,52,767,50,30,2,891,55,12402,474,13293,529,0,11,26,29,26,757,1,62,18
07-30-20,Marion,210,8,209,8,1,0,257,10,3002,141,3259,151,0,4,4,49,4,157,1,22,5
07-30-20,Marshall,261,15,261,15,0,0,304,17,4017,112,4321,129,0,2,13,73,2,186,0,13,4
07-30-20,Maury,1013,47,1010,46,3,1,1205,57,10885,537,12090,594,0,5,16,253,31,755,1,39,7
07-30-20,McMinn,493,18,490,18,3,0,594,20,7723,259,8317,279,0,20,13,78,5,395,1,42,21
07-30-20,McNairy,301,24,279,24,22,0,337,29,3113,133,3450,162,1,5,19,70,4,226,0,24,6
07-30-20,Meigs,95,5,95,5,0,0,119,6,1534,72,1653,78,0,0,-1,28,6,67,0,6,1
07-30-20,Monroe,364,30,354,30,10,0,402,31,4112,227,4514,258,0,9,18,114,12,241,3,36,8
07-30-20,Montgomery,1691,114,1682,114,9,0,1930,125,22444,687,24374,812,1,11,80,346,33,1334,6,88,13
07-30-20,Moore,46,3,46,3,0,0,58,3,830,18,888,21,0,0,2,10,1,36,0,0,0
07-30-20,Morgan,84,8,84,8,0,0,99,12,4590,71,4689,83,0,1,7,25,1,58,0,2,1
07-30-20,Obion,388,34,382,34,6,0,420,34,4359,188,4779,222,0,4,20,128,14,256,1,23,6
07-30-20,Out of State,1178,24,1171,24,7,0,1300,36,151703,3423,153003,3459,0,12,-17,158,41,1008,0,43,5
07-30-20,Overton,149,10,146,9,3,1,173,9,3539,117,3712,126,0,1,8,22,2,126,0,6,1
07-30-20,Pending,293,23,289,23,4,0,336,25,103008,2163,103344,2188,-1,4,11,85,13,204,2,3,0
07-30-20,Perry,68,3,67,3,1,0,80,3,1480,41,1560,44,0,0,2,12,1,56,0,4,0
07-30-20,Pickett,21,0,21,0,0,0,21,0,618,19,639,19,0,1,-3,4,3,16,0,0,1
07-30-20,Polk,164,6,163,6,1,0,175,6,1718,58,1893,64,1,1,2,45,3,118,0,9,3
07-30-20,Putnam,1424,42,1417,42,7,0,1750,49,16000,499,17750,548,0,13,21,204,21,1207,0,56,15
07-30-20,Rhea,477,18,477,18,0,0,545,23,4945,185,5490,208,0,1,15,64,3,412,0,12,1
07-30-20,Roane,336,25,324,25,12,0,397,34,9164,369,9561,403,0,1,10,126,15,209,0,18,1
07-30-20,Robertson,1419,36,1415,36,4,0,1762,61,9387,207,11149,268,0,16,20,180,16,1223,2,105,22
07-30-20,Rutherford,5985,178,5976,178,9,0,7229,225,43053,1378,50282,1603,0,49,60,882,118,5054,1,196,54
07-30-20,Scott,89,13,86,13,3,0,94,12,2030,80,2124,92,0,0,10,36,3,53,1,5,0
07-30-20,Sequatchie,109,3,108,3,1,0,129,3,2608,126,2737,129,0,0,-3,26,6,83,0,6,0
07-30-20,Sevier,1639,91,1584,91,55,0,1762,106,15074,420,16836,526,0,5,61,312,30,1322,1,60,6
07-30-20,Shelby,20904,482,20860,482,44,0,25216,644,214593,4449,239809,5093,2,275,176,2356,304,18273,34,1664,320
07-30-20,Smith,384,34,379,33,5,1,429,22,3023,87,3452,109,0,2,26,75,8,307,1,20,6
07-30-20,Stewart,62,1,62,1,0,0,76,4,1391,48,1467,52,0,0,-1,12,2,50,0,2,0
07-30-20,Sullivan,727,62,680,61,47,1,766,65,13957,575,14723,640,0,7,43,209,19,511,4,76,9
07-30-20,Sumner,3169,60,3156,60,13,0,3804,68,23107,458,26911,526,0,68,8,392,52,2709,2,303,72
07-30-20,Tipton,1092,28,1082,28,10,0,1238,35,12059,273,13297,308,0,9,4,131,24,952,2,66,10
07-30-20,Trousdale,1573,3,1570,3,3,0,1636,4,3156,31,4792,35,0,6,-2,22,5,1545,0,17,6
07-30-20,Unicoi,129,6,128,6,1,0,138,9,2985,124,3123,133,0,0,2,42,4,87,0,3,0
07-30-20,Union,118,8,115,8,3,0,126,11,2119,81,2245,92,0,0,7,48,1,70,0,3,0
07-30-20,Van Buren,36,2,36,2,0,0,37,2,718,10,755,12,0,0,0,14,2,22,0,3,0
07-30-20,Warren,373,26,368,26,5,0,414,28,6786,214,7200,242,0,3,15,118,11,252,0,9,5
07-30-20,Washington,898,58,875,57,23,1,991,59,14560,731,15551,790,0,2,29,284,29,612,0,47,2
07-30-20,Wayne,206,11,205,11,1,0,228,13,3682,82,3910,95,0,1,8,31,3,174,0,6,2
07-30-20,Weakley,241,39,231,38,10,1,255,42,4579,262,4834,304,0,2,33,96,6,143,2,12,4
07-30-20,White,192,12,190,12,2,0,235,15,4182,99,4417,114,0,3,7,49,5,140,1,13,5
07-30-20,Williamson,3061,70,3052,70,9,0,3647,87,37144,814,40791,901,0,22,-6,391,76,2648,1,86,20
07-30-20,Wilson,2031,47,2028,47,3,0,2438,58,21026,439,23464,497,0,20,11,302,36,1709,1,84,23
07-29-20,Anderson,536,4,520,4,16,0,621,5,12680,34,13301,39,1,5,-16,144,19,387,0,28,5
07-29-20,Bedford,811,4,808,3,3,1,971,4,5985,28,6956,32,0,10,-5,85,9,716,1,30,11
07-29-20,Benton,60,9,57,9,3,0,67,9,1601,8,1668,17,0,1,8,26,1,33,2,7,1
07-29-20,Bledsoe,660,0,660,0,0,0,684,0,4312,7,4996,7,0,1,-1,9,1,650,0,12,1
07-29-20,Blount,1016,12,991,12,25,0,1188,6,13081,51,14269,57,0,7,-32,284,44,725,2,53,7
07-29-20,Bradley,1623,14,1600,14,23,0,1943,14,11933,35,13876,49,0,10,-17,215,31,1398,1,97,10
07-29-20,Campbell,171,4,164,4,7,0,199,4,4915,29,5114,33,0,1,-3,47,7,123,1,11,1
07-29-20,Cannon,106,1,105,1,1,0,140,1,1854,10,1994,11,0,0,-4,19,5,87,1,6,0
07-29-20,Carroll,148,3,130,3,18,0,157,3,3122,45,3279,48,0,2,-6,46,9,100,0,12,3
07-29-20,Carter,378,17,363,17,15,0,412,16,6808,61,7220,77,0,4,-10,122,27,252,0,35,6
07-29-20,Cheatham,491,11,491,11,0,0,585,4,5524,25,6109,29,0,4,-4,90,15,397,1,23,5
07-29-20,Chester,183,1,168,0,15,1,196,2,1545,10,1741,12,0,0,-3,24,4,159,0,6,2
07-29-20,Claiborne,192,10,182,9,10,1,205,7,4203,27,4408,34,0,0,-2,45,12,147,1,7,1
07-29-20,Clay,62,1,60,1,2,0,65,1,1237,26,1302,27,0,0,-3,10,4,52,0,2,0
07-29-20,Cocke,362,3,346,3,16,0,388,3,3917,16,4305,19,0,1,-11,77,14,284,0,17,1
07-29-20,Coffee,338,9,328,8,10,1,410,7,7688,71,8098,78,0,0,-7,112,16,226,1,12,0
07-29-20,Crockett,199,11,186,11,13,0,217,10,1549,24,1766,34,0,3,5,63,6,133,0,13,6
07-29-20,Cumberland,360,1,356,1,4,0,461,3,11026,96,11487,99,0,6,-5,71,6,283,0,27,6
07-29-20,Davidson,19459,65,19422,64,37,1,24028,85,174376,972,198404,1057,0,194,-268,1965,333,17300,3,844,213
07-29-20,Decatur,128,7,95,5,33,2,136,5,2026,16,2162,21,0,0,4,35,3,93,0,6,1
07-29-20,Dekalb,267,11,267,11,0,0,317,13,3917,64,4234,77,0,1,3,96,8,170,1,14,1
07-29-20,Dickson,546,13,546,13,0,0,684,11,6763,86,7447,97,0,1,-2,127,15,418,0,31,2
07-29-20,Dyer,492,22,475,22,17,0,549,20,4960,58,5509,78,0,5,14,83,8,404,0,36,6
07-29-20,Fayette,617,8,612,8,5,0,789,8,8996,38,9785,46,0,8,-5,84,13,525,0,54,12
07-29-20,Fentress,66,2,66,2,0,0,72,2,1889,5,1961,7,0,0,2,18,0,48,0,7,0
07-29-20,Franklin,243,2,239,2,4,0,298,3,5561,33,5859,36,0,3,-2,58,4,182,0,16,4
07-29-20,Gibson,470,13,405,13,65,0,518,16,5815,118,6333,134,0,1,-1,109,14,360,1,21,2
07-29-20,Giles,319,0,319,0,0,0,374,1,4308,31,4682,32,1,8,-11,85,10,226,0,21,9
07-29-20,Grainger,140,4,131,4,9,0,159,2,2540,21,2699,23,0,0,1,49,3,91,0,10,0
07-29-20,Greene,325,21,311,19,14,2,387,23,6935,65,7322,88,0,5,13,64,8,256,0,24,5
07-29-20,Grundy,92,0,91,0,1,0,110,0,1298,0,1408,0,0,2,0,11,0,79,0,15,2
07-29-20,Hamblen,1151,4,1113,4,38,0,1275,4,10129,14,11404,18,0,10,-24,232,28,909,0,65,14
07-29-20,Hamilton,5117,23,5103,23,14,0,5929,20,69334,118,75263,138,1,45,-96,510,118,4562,3,245,50
07-29-20,Hancock,77,2,72,2,5,0,84,2,968,19,1052,21,2,2,-7,27,7,48,0,7,1
07-29-20,Hardeman,776,14,752,14,24,0,859,17,7979,30,8838,47,0,11,-3,138,17,627,0,43,15
07-29-20,Hardin,365,10,329,8,36,2,409,9,5655,37,6064,46,0,7,-7,78,17,280,0,16,9
07-29-20,Hawkins,264,12,258,10,6,2,307,12,4785,26,5092,38,1,3,1,81,10,180,1,25,4
07-29-20,Haywood,346,4,334,4,12,0,371,3,2769,9,3140,12,1,5,-8,85,11,256,0,19,6
07-29-20,Henderson,405,10,335,7,70,3,442,9,3502,67,3944,76,0,0,-19,123,29,282,0,13,2
07-29-20,Henry,156,3,154,3,2,0,189,3,4445,7,4634,10,-1,0,-1,58,5,98,2,20,0
07-29-20,Hickman,200,5,199,5,1,0,252,5,2754,14,3006,19,0,0,-1,44,6,156,0,5,0
07-29-20,Houston,52,1,52,1,0,0,59,1,1066,7,1125,8,0,0,-1,11,2,41,0,6,0
07-29-20,Humphreys,89,1,86,1,3,0,103,1,2449,5,2552,6,0,3,0,24,1,62,0,3,3
07-29-20,Jackson,127,0,127,0,0,0,148,2,1391,13,1539,15,0,0,-8,19,8,108,0,8,2
07-29-20,Jefferson,459,3,420,2,39,1,505,3,7126,13,7631,16,0,2,-14,117,17,340,0,26,3
07-29-20,Johnson,85,8,82,8,3,0,86,7,3142,14,3228,21,0,0,8,31,0,54,0,6,0
07-29-20,Knox,3725,75,3616,70,109,5,4104,59,64511,415,68615,474,0,27,-39,794,114,2904,3,198,34
07-29-20,Lake,718,2,716,2,2,0,890,1,4188,17,5078,18,0,0,0,14,2,704,0,4,0
07-29-20,Lauderdale,383,10,378,10,5,0,428,10,5895,17,6323,27,0,6,-4,68,14,309,1,30,9
07-29-20,Lawrence,398,6,398,6,0,0,485,3,5262,29,5747,32,0,6,-8,79,14,313,0,22,7
07-29-20,Lewis,43,1,43,1,0,0,48,1,1805,11,1853,12,0,1,-3,15,4,27,0,6,1
07-29-20,Lincoln,241,2,241,2,0,0,294,2,3627,46,3921,48,0,1,-4,71,6,169,0,12,1
07-29-20,Loudon,554,1,535,1,19,0,608,3,6228,47,6836,50,0,3,-7,123,8,428,0,19,4
07-29-20,Macon,820,10,815,8,5,2,980,9,4356,20,5336,29,0,13,2,59,8,748,0,62,14
07-29-20,Madison,745,15,717,15,28,0,836,16,11928,128,12764,144,1,11,-23,3,37,731,1,61,16
07-29-20,Marion,202,2,201,2,1,0,247,1,2861,15,3108,16,0,4,-1,45,3,153,1,21,5
07-29-20,Marshall,246,17,246,17,0,0,287,18,3905,59,4192,77,0,2,12,60,5,184,0,13,4
07-29-20,Maury,966,12,964,12,2,0,1148,19,10348,133,11496,152,1,5,-23,237,34,724,0,38,7
07-29-20,McMinn,475,2,472,2,3,0,574,3,7464,8,8038,11,0,20,-10,65,12,390,0,41,21
07-29-20,McNairy,277,5,255,4,22,1,308,6,2980,36,3288,42,2,4,-9,51,12,222,1,24,6
07-29-20,Meigs,90,1,90,1,0,0,113,1,1462,3,1575,4,0,0,-1,29,2,61,0,6,1
07-29-20,Monroe,334,6,324,5,10,1,371,3,3885,5,4256,8,0,9,-5,96,11,229,1,33,8
07-29-20,Montgomery,1577,8,1568,8,9,0,1805,9,21757,61,23562,70,1,10,-25,266,32,1301,0,82,13
07-29-20,Moore,43,1,43,1,0,0,55,1,812,2,867,3,0,0,0,8,1,35,0,0,0
07-29-20,Morgan,76,0,76,0,0,0,87,0,4519,7,4606,7,0,1,-7,18,7,57,0,2,1
07-29-20,Obion,354,7,348,7,6,0,386,7,4171,32,4557,39,0,4,-11,108,18,242,0,22,6
07-29-20,Out of State,1154,7,1147,7,7,0,1264,14,148280,452,149544,466,1,12,-38,175,44,967,1,43,5
07-29-20,Overton,139,0,137,0,2,0,164,0,3422,4,3586,4,0,1,-3,14,3,124,0,6,1
07-29-20,Pending,270,6,266,6,4,0,311,8,100845,630,101156,638,2,5,-4,74,8,191,0,1,0
07-29-20,Perry,65,1,64,1,1,0,77,1,1439,3,1516,4,0,0,-1,10,2,55,0,4,0
07-29-20,Pickett,21,0,21,0,0,0,21,0,599,0,620,0,0,1,0,7,0,13,0,0,1
07-29-20,Polk,158,14,157,14,1,0,169,13,1660,15,1829,28,0,0,3,43,11,115,1,9,2
07-29-20,Putnam,1382,5,1375,5,7,0,1701,12,15501,84,17202,96,0,13,-24,183,29,1186,0,56,15
07-29-20,Rhea,459,2,459,2,0,0,522,2,4760,18,5282,20,0,1,-10,49,12,409,1,12,1
07-29-20,Roane,311,2,299,2,12,0,363,3,8795,27,9158,30,0,1,-8,116,10,194,0,18,1
07-29-20,Robertson,1383,22,1379,22,4,0,1701,10,9180,42,10881,52,0,16,-9,160,31,1207,5,103,22
07-29-20,Rutherford,5807,32,5798,32,9,0,7004,40,41675,199,48679,239,1,49,-91,822,122,4936,3,195,53
07-29-20,Scott,76,1,73,1,3,0,82,3,1950,9,2032,12,0,0,0,26,1,50,0,4,0
07-29-20,Sequatchie,106,0,105,0,1,0,126,0,2482,0,2608,0,0,0,-2,29,2,77,0,6,0
07-29-20,Sevier,1548,14,1493,14,55,0,1656,4,14654,41,16310,45,0,5,-25,251,39,1292,5,59,6
07-29-20,Shelby,20422,330,20378,329,44,1,24572,396,210144,1533,234716,1929,4,273,-164,2180,490,17969,16,1630,315
07-29-20,Smith,350,6,346,6,4,0,407,6,2936,18,3343,24,0,2,-9,49,15,299,1,19,6
07-29-20,Stewart,61,1,61,1,0,0,72,1,1343,18,1415,19,0,0,0,13,1,48,0,2,0
07-29-20,Sullivan,665,22,619,22,46,0,701,21,13382,107,14083,128,0,7,-16,166,38,492,2,72,9
07-29-20,Sumner,3109,25,3096,25,13,0,3736,30,22649,230,26385,260,0,68,-47,384,72,2657,1,301,71
07-29-20,Tipton,1064,4,1054,4,10,0,1203,4,11786,32,12989,36,1,9,-21,127,24,928,0,64,9
07-29-20,Trousdale,1570,0,1567,0,3,0,1632,1,3125,23,4757,24,0,6,-1,24,1,1540,0,17,6
07-29-20,Unicoi,123,5,122,4,1,1,129,5,2861,6,2990,11,0,0,0,40,5,83,0,3,0
07-29-20,Union,110,1,107,1,3,0,115,1,2038,18,2153,19,0,0,-2,41,3,69,0,3,0
07-29-20,Van Buren,34,1,34,1,0,0,35,0,708,10,743,10,0,0,0,14,1,20,0,3,0
07-29-20,Warren,347,13,342,13,5,0,386,13,6572,90,6958,103,0,3,5,103,8,241,0,9,5
07-29-20,Washington,840,54,818,54,22,0,932,60,13829,136,14761,196,0,2,2,255,52,583,0,47,2
07-29-20,Wayne,195,2,194,1,1,1,215,2,3600,5,3815,7,0,1,-3,23,5,171,1,6,2
07-29-20,Weakley,202,7,193,7,9,0,213,7,4317,35,4530,42,0,2,-5,63,12,137,0,10,4
07-29-20,White,180,3,178,3,2,0,220,4,4083,32,4303,36,0,3,0,42,3,135,0,12,5
07-29-20,Williamson,2991,26,2982,26,9,0,3560,29,36330,355,39890,384,1,22,-40,397,65,2572,0,85,20
07-29-20,Wilson,1984,13,1981,13,3,0,2380,17,20587,335,22967,352,0,20,-25,291,38,1673,3,83,21
07-28-20,Anderson,532,41,516,41,16,0,616,47,12646,380,13262,427,0,4,24,160,17,368,1,28,5
07-28-20,Bedford,807,24,805,24,2,0,967,29,5957,110,6924,139,0,10,16,90,8,707,0,29,10
07-28-20,Benton,51,0,48,0,3,0,58,2,1593,21,1651,23,0,1,0,18,0,32,0,5,1
07-28-20,Bledsoe,660,2,660,2,0,0,684,3,4305,28,4989,31,0,1,2,10,0,649,1,12,1
07-28-20,Blount,1004,65,979,65,25,0,1182,79,13030,322,14212,401,0,7,29,316,36,681,5,51,7
07-28-20,Bradley,1609,35,1586,35,23,0,1929,44,11898,200,13827,244,0,10,-8,232,43,1367,3,96,10
07-28-20,Campbell,167,8,160,8,7,0,195,10,4886,62,5081,72,0,1,0,50,8,116,0,10,1
07-28-20,Cannon,105,3,104,3,1,0,139,3,1844,13,1983,16,0,0,-5,23,8,82,0,5,0
07-28-20,Carroll,145,11,127,11,18,0,154,14,3077,76,3231,90,0,2,7,52,4,91,0,12,3
07-28-20,Carter,361,9,346,6,15,3,396,10,6747,321,7143,331,0,4,-5,132,14,225,0,35,5
07-28-20,Cheatham,480,8,480,8,0,0,581,14,5499,53,6080,67,0,4,4,94,4,382,1,22,5
07-28-20,Chester,182,4,168,4,14,0,194,6,1535,33,1729,39,0,0,-4,27,8,155,0,6,2
07-28-20,Claiborne,182,10,173,7,9,3,198,9,4176,77,4374,86,0,0,4,47,6,135,1,6,1
07-28-20,Clay,61,3,59,3,2,0,64,4,1211,21,1275,25,0,0,1,13,2,48,0,2,0
07-28-20,Cocke,359,19,343,17,16,2,385,21,3901,144,4286,165,0,1,6,88,13,270,1,17,1
07-28-20,Coffee,329,16,320,15,9,1,403,19,7617,187,8020,206,0,0,9,119,7,210,0,11,0
07-28-20,Crockett,188,8,175,8,13,0,207,11,1525,37,1732,48,0,3,1,58,7,127,2,13,6
07-28-20,Cumberland,359,14,355,14,4,0,458,16,10930,264,11388,280,0,6,9,76,5,277,1,27,6
07-28-20,Davidson,19394,286,19358,283,36,3,23943,421,173404,2990,197347,3411,6,194,-118,2233,398,16967,15,841,207
07-28-20,Decatur,121,7,90,7,31,0,131,10,2010,91,2141,101,0,0,0,31,7,90,0,6,0
07-28-20,Dekalb,256,9,256,9,0,0,304,11,3853,109,4157,120,0,1,0,93,9,162,1,13,1
07-28-20,Dickson,533,16,533,16,0,0,673,20,6677,112,7350,132,0,1,5,129,11,403,1,31,2
07-28-20,Dyer,470,7,453,7,17,0,529,9,4902,74,5431,83,0,5,-1,69,8,396,0,36,6
07-28-20,Fayette,609,11,604,11,5,0,781,17,8958,136,9739,153,0,8,2,89,9,512,3,54,12
07-28-20,Fentress,64,4,64,4,0,0,70,4,1884,14,1954,18,0,0,2,16,2,48,0,7,0
07-28-20,Franklin,241,20,237,19,4,1,295,20,5528,95,5823,115,0,3,12,60,8,178,0,16,4
07-28-20,Gibson,457,13,392,12,65,1,502,14,5697,174,6199,188,0,1,1,110,12,346,0,20,1
07-28-20,Giles,319,11,319,11,0,0,373,18,4277,129,4650,147,2,7,-1,96,10,216,1,21,9
07-28-20,Grainger,136,9,127,9,9,0,157,10,2519,54,2676,64,0,0,3,48,6,88,0,10,0
07-28-20,Greene,304,6,292,5,12,1,364,6,6870,162,7234,168,0,5,-4,51,10,248,1,24,5
07-28-20,Grundy,92,0,91,0,1,0,110,0,1298,14,1408,14,0,2,-3,11,3,79,0,15,2
07-28-20,Hamblen,1147,33,1109,29,38,4,1271,36,10115,274,11386,310,0,10,-14,256,47,881,4,65,14
07-28-20,Hamilton,5094,160,5080,160,14,0,5909,214,69216,2264,75125,2478,0,44,48,606,112,4444,12,242,48
07-28-20,Hancock,75,2,70,1,5,1,82,0,949,8,1031,8,0,0,0,34,2,41,0,7,1
07-28-20,Hardeman,762,14,738,14,24,0,842,15,7949,88,8791,103,0,11,-13,141,27,610,1,43,15
07-28-20,Hardin,355,9,321,8,34,1,400,11,5618,117,6018,128,0,7,-6,85,15,263,1,16,8
07-28-20,Hawkins,252,8,248,8,4,0,295,14,4759,97,5054,111,0,2,-4,80,12,170,1,24,3
07-28-20,Haywood,342,8,330,8,12,0,368,10,2760,61,3128,71,0,4,-5,93,13,245,1,19,6
07-28-20,Henderson,395,44,328,40,67,4,433,52,3435,158,3868,210,0,0,28,142,16,253,1,13,2
07-28-20,Henry,153,37,151,37,2,0,186,40,4438,122,4624,162,0,1,27,59,10,93,1,18,0
07-28-20,Hickman,195,18,194,17,1,1,247,22,2740,54,2987,76,0,0,14,45,4,150,0,5,0
07-28-20,Houston,51,4,51,4,0,0,58,4,1059,15,1117,19,0,0,3,12,1,39,0,6,0
07-28-20,Humphreys,88,6,85,5,3,1,102,6,2444,48,2546,54,0,3,3,24,3,61,0,3,3
07-28-20,Jackson,127,1,127,1,0,0,146,2,1378,8,1524,10,0,0,-2,27,3,100,0,8,2
07-28-20,Jefferson,456,25,418,21,38,4,502,24,7113,159,7615,183,0,2,6,131,19,323,2,26,3
07-28-20,Johnson,77,3,74,3,3,0,79,3,3128,53,3207,56,0,0,3,23,0,54,0,6,0
07-28-20,Knox,3650,155,3546,153,104,2,4045,184,64096,1212,68141,1396,1,27,44,833,110,2790,2,195,30
07-28-20,Lake,716,4,714,4,2,0,889,5,4171,20,5060,25,0,0,4,14,0,702,0,4,0
07-28-20,Lauderdale,373,8,368,8,5,0,418,9,5878,49,6296,58,0,6,-3,72,11,295,1,29,8
07-28-20,Lawrence,392,12,392,12,0,0,482,13,5233,90,5715,103,0,6,1,87,11,299,0,22,7
07-28-20,Lewis,42,2,42,2,0,0,47,4,1794,27,1841,31,0,1,1,18,1,23,0,6,1
07-28-20,Lincoln,239,13,239,13,0,0,292,17,3581,42,3873,59,0,1,8,75,5,163,1,12,1
07-28-20,Loudon,553,12,534,12,19,0,605,18,6181,179,6786,197,0,3,5,130,7,420,0,19,4
07-28-20,Macon,810,4,807,4,3,0,971,6,4336,20,5307,26,1,13,-9,57,12,740,1,62,14
07-28-20,Madison,730,30,702,30,28,0,820,34,11800,325,12620,359,0,10,3,26,27,694,2,60,16
07-28-20,Marion,200,7,199,7,1,0,246,8,2846,58,3092,66,0,4,3,46,4,150,1,20,5
07-28-20,Marshall,229,2,229,2,0,0,269,3,3846,46,4115,49,0,2,-3,48,5,179,0,13,4
07-28-20,Maury,954,28,952,28,2,0,1129,38,10215,213,11344,251,0,4,8,260,20,690,1,38,5
07-28-20,McMinn,473,6,470,6,3,0,571,8,7456,126,8027,134,0,20,-6,75,12,378,0,41,21
07-28-20,McNairy,272,11,251,7,21,4,302,15,2944,60,3246,75,0,2,6,60,5,210,0,23,5
07-28-20,Meigs,89,3,89,3,0,0,112,4,1459,15,1571,19,0,0,1,30,2,59,0,6,1
07-28-20,Monroe,328,13,319,13,9,0,368,15,3880,52,4248,67,2,9,3,101,8,218,2,32,8
07-28-20,Montgomery,1569,39,1560,39,9,0,1796,42,21696,305,23492,347,0,9,-10,291,49,1269,2,82,13
07-28-20,Moore,42,1,42,1,0,0,54,1,810,6,864,7,0,0,1,8,0,34,0,0,0
07-28-20,Morgan,76,5,76,5,0,0,87,6,4512,42,4599,48,0,1,4,25,1,50,0,2,1
07-28-20,Obion,347,28,341,28,6,0,379,34,4139,190,4518,224,0,4,14,119,14,224,0,22,6
07-28-20,Out of State,1147,18,1140,18,7,0,1250,25,147828,2906,149078,2931,-2,11,-12,213,32,923,0,42,5
07-28-20,Overton,139,3,137,3,2,0,164,3,3418,101,3582,104,0,1,-1,17,4,121,0,6,1
07-28-20,Pending,264,24,260,24,4,0,303,26,100215,1300,100518,1326,0,3,11,78,13,183,0,1,0
07-28-20,Perry,64,4,63,4,1,0,76,4,1436,22,1512,26,0,0,3,11,1,53,0,4,0
07-28-20,Pickett,21,3,21,3,0,0,21,3,599,9,620,12,0,1,2,7,1,13,0,0,1
07-28-20,Polk,144,11,143,11,1,0,156,12,1645,25,1801,37,0,0,-3,40,14,104,0,8,2
07-28-20,Putnam,1377,17,1370,17,7,0,1689,21,15417,89,17106,110,2,13,-24,207,39,1157,2,56,15
07-28-20,Rhea,457,1,457,1,0,0,520,2,4742,45,5262,47,0,1,-6,59,7,397,0,11,1
07-28-20,Roane,309,20,297,20,12,0,360,22,8768,199,9128,221,0,1,4,124,16,184,0,18,1
07-28-20,Robertson,1361,21,1357,20,4,1,1691,23,9138,79,10829,102,0,16,2,169,19,1176,3,98,22
07-28-20,Rutherford,5775,122,5766,122,9,0,6964,164,41476,854,48440,1018,0,48,-26,913,148,4814,4,192,53
07-28-20,Scott,75,7,72,7,3,0,79,7,1941,25,2020,32,0,0,5,26,2,49,0,4,0
07-28-20,Sequatchie,106,4,105,3,1,1,126,4,2482,24,2608,28,0,0,3,31,1,75,1,6,0
07-28-20,Sevier,1534,55,1479,54,55,1,1652,55,14613,257,16265,312,1,5,32,276,22,1253,1,54,6
07-28-20,Shelby,20092,477,20049,477,43,0,24176,558,208611,3768,232787,4326,5,269,56,2344,416,17479,35,1614,309
07-28-20,Smith,344,11,340,11,4,0,401,11,2918,35,3319,46,0,2,-15,58,26,284,0,18,5
07-28-20,Stewart,60,3,60,3,0,0,71,3,1325,16,1396,19,0,0,0,13,3,47,0,2,0
07-28-20,Sullivan,643,23,597,22,46,1,680,23,13275,477,13955,500,1,7,-13,182,35,454,2,70,8
07-28-20,Sumner,3084,58,3071,58,13,0,3706,73,22419,278,26125,351,0,68,-4,431,62,2585,4,300,70
07-28-20,Tipton,1060,26,1050,26,10,0,1199,30,11754,229,12953,259,0,8,3,148,23,904,3,64,9
07-28-20,Trousdale,1570,2,1567,2,3,0,1631,3,3102,22,4733,25,0,6,1,25,1,1539,1,17,6
07-28-20,Unicoi,118,8,118,8,0,0,124,9,2855,144,2979,153,0,0,6,40,2,78,0,3,0
07-28-20,Union,109,14,106,14,3,0,114,13,2020,33,2134,46,0,0,7,43,7,66,0,3,0
07-28-20,Van Buren,33,1,33,1,0,0,35,1,698,11,733,12,0,0,0,14,1,19,0,3,0
07-28-20,Warren,334,15,329,15,5,0,373,16,6482,180,6855,196,0,3,3,98,12,233,0,9,5
07-28-20,Washington,786,32,764,31,22,1,872,41,13693,490,14565,531,2,2,-16,253,46,531,4,47,2
07-28-20,Wayne,193,3,193,3,0,0,213,4,3595,59,3808,63,0,1,-5,26,8,166,0,5,2
07-28-20,Weakley,195,6,186,6,9,0,206,8,4282,138,4488,146,0,2,-2,68,8,125,0,10,4
07-28-20,White,177,4,175,4,2,0,216,4,4051,55,4267,59,0,3,3,42,1,132,0,12,4
07-28-20,Williamson,2965,43,2956,41,9,2,3531,51,35975,377,39506,428,0,21,-36,437,79,2507,2,85,20
07-28-20,Wilson,1971,43,1968,43,3,0,2363,55,20252,298,22615,353,0,20,0,316,43,1635,1,80,21
07-27-20,Anderson,491,21,475,20,16,1,569,24,12266,180,12835,204,0,4,-17,136,38,351,1,27,4
07-27-20,Bedford,783,7,781,7,2,0,938,10,5847,66,6785,76,0,10,-11,74,18,699,1,29,10
07-27-20,Benton,51,3,48,3,3,0,56,3,1572,30,1628,33,0,1,-4,18,7,32,1,5,1
07-27-20,Bledsoe,658,2,658,2,0,0,681,3,4277,14,4958,17,0,1,0,8,2,649,0,11,1
07-27-20,Blount,939,68,914,68,25,0,1103,80,12708,354,13811,434,0,7,30,287,38,645,4,46,7
07-27-20,Bradley,1574,33,1551,30,23,3,1885,39,11698,112,13583,151,1,10,-10,240,42,1324,3,93,10
07-27-20,Campbell,159,2,152,2,7,0,185,5,4824,70,5009,75,0,1,-5,50,7,108,1,10,1
07-27-20,Cannon,102,2,101,2,1,0,136,3,1831,18,1967,21,0,0,-1,28,3,74,0,5,0
07-27-20,Carroll,134,6,116,5,18,1,140,6,3001,37,3141,43,0,2,2,45,4,87,2,12,3
07-27-20,Carter,352,5,340,5,12,0,386,7,6426,87,6812,94,1,4,-8,137,12,211,1,35,5
07-27-20,Cheatham,472,6,472,6,0,0,567,7,5446,36,6013,43,0,4,-9,90,15,378,0,21,5
07-27-20,Chester,178,11,164,10,14,1,188,11,1502,26,1690,37,0,0,7,31,4,147,0,6,2
07-27-20,Claiborne,172,4,166,4,6,0,189,4,4099,40,4288,44,0,0,-5,43,9,129,0,5,1
07-27-20,Clay,58,1,56,1,2,0,60,1,1190,15,1250,16,0,0,0,12,1,46,0,2,0
07-27-20,Cocke,340,14,326,14,14,0,364,12,3757,52,4121,64,0,1,-18,82,32,257,1,16,1
07-27-20,Coffee,313,8,305,8,8,0,384,13,7430,108,7814,121,0,0,-6,110,14,203,0,11,0
07-27-20,Crockett,180,7,167,7,13,0,196,9,1488,51,1684,60,0,3,2,57,5,120,0,11,3
07-27-20,Cumberland,345,7,341,7,4,0,442,10,10666,82,11108,92,0,6,-2,67,9,272,0,26,6
07-27-20,Davidson,19108,220,19075,216,33,4,23522,308,170414,2001,193936,2309,2,188,-233,2351,451,16569,11,826,206
07-27-20,Decatur,114,6,83,6,31,0,121,7,1919,60,2040,67,0,0,-1,31,7,83,0,6,0
07-27-20,Dekalb,247,8,247,8,0,0,293,10,3744,38,4037,48,0,1,-3,93,11,153,0,12,1
07-27-20,Dickson,517,3,517,3,0,0,653,4,6565,28,7218,32,1,1,-14,124,16,392,1,30,2
07-27-20,Dyer,463,10,446,8,17,2,520,11,4828,73,5348,84,0,5,-4,70,14,388,1,36,6
07-27-20,Fayette,598,26,593,26,5,0,764,38,8822,153,9586,191,0,8,19,87,7,503,0,51,12
07-27-20,Fentress,60,4,60,4,0,0,66,4,1870,47,1936,51,0,0,1,14,3,46,0,7,0
07-27-20,Franklin,221,10,218,9,3,1,275,12,5433,65,5708,77,0,3,4,48,6,170,1,16,4
07-27-20,Gibson,444,25,380,25,64,0,488,26,5523,140,6011,166,0,1,-3,109,28,334,2,20,1
07-27-20,Giles,308,15,308,15,0,0,355,16,4148,58,4503,74,0,5,-7,97,22,206,1,20,8
07-27-20,Grainger,127,10,118,10,9,0,147,10,2465,65,2612,75,0,0,6,45,4,82,0,10,0
07-27-20,Greene,298,2,287,2,11,0,358,5,6708,68,7066,73,0,5,-7,55,9,238,1,23,5
07-27-20,Grundy,92,1,91,1,1,0,110,2,1284,4,1394,6,0,2,-1,14,2,76,0,15,2
07-27-20,Hamblen,1114,55,1080,50,34,5,1235,56,9841,381,11076,437,0,10,-8,270,63,834,1,61,13
07-27-20,Hamilton,4934,65,4920,65,14,0,5695,77,66952,724,72647,801,1,44,-45,558,109,4332,2,230,47
07-27-20,Hancock,73,2,69,2,4,0,82,2,941,6,1023,8,0,0,-7,34,9,39,0,7,1
07-27-20,Hardeman,748,19,724,19,24,0,827,21,7861,102,8688,123,0,11,-4,154,23,583,0,42,12
07-27-20,Hardin,346,9,313,7,33,2,389,9,5501,58,5890,67,0,7,-6,91,15,248,0,15,8
07-27-20,Hawkins,244,16,240,16,4,0,281,16,4662,33,4943,49,0,2,7,84,9,158,2,23,3
07-27-20,Haywood,334,27,322,27,12,0,358,28,2699,99,3057,127,0,4,11,98,16,232,0,18,6
07-27-20,Henderson,351,21,288,21,63,0,381,24,3277,84,3658,108,0,0,-8,114,29,237,0,12,1
07-27-20,Henry,116,1,114,1,2,0,146,1,4316,70,4462,71,0,1,-7,32,8,83,1,17,0
07-27-20,Hickman,177,2,177,2,0,0,225,2,2686,44,2911,46,0,0,-7,31,9,146,1,5,0
07-27-20,Houston,47,0,47,0,0,0,54,0,1044,4,1098,4,0,0,-2,9,2,38,0,6,0
07-27-20,Humphreys,82,3,80,3,2,0,96,4,2396,12,2492,16,0,3,1,21,2,58,0,3,3
07-27-20,Jackson,126,3,126,3,0,0,144,5,1370,16,1514,21,0,0,-2,29,5,97,0,8,2
07-27-20,Jefferson,431,26,397,23,34,3,478,26,6954,168,7432,194,0,2,8,125,18,304,1,24,3
07-27-20,Johnson,74,4,71,4,3,0,76,4,3075,19,3151,23,0,0,1,20,3,54,0,6,0
07-27-20,Knox,3495,83,3393,76,102,7,3861,83,62884,684,66745,767,3,26,-36,789,116,2680,2,193,30
07-27-20,Lake,712,1,710,1,2,0,884,1,4151,7,5035,8,0,0,0,10,1,702,0,4,0
07-27-20,Lauderdale,365,17,360,17,5,0,409,21,5829,124,6238,145,0,6,9,75,8,284,0,28,8
07-27-20,Lawrence,380,9,380,9,0,0,469,12,5143,85,5612,97,0,6,3,86,6,288,0,22,7
07-27-20,Lewis,40,2,40,2,0,0,43,2,1767,21,1810,23,0,1,0,17,2,22,0,6,1
07-27-20,Lincoln,226,13,226,13,0,0,275,15,3539,23,3814,38,0,1,1,67,12,158,1,11,1
07-27-20,Loudon,541,17,522,17,19,0,587,17,6002,112,6589,129,0,3,0,125,17,413,1,19,4
07-27-20,Macon,806,17,803,17,3,0,965,23,4316,94,5281,117,1,12,-7,66,23,728,1,61,14
07-27-20,Madison,700,19,672,19,28,0,786,21,11475,142,12261,163,0,10,-9,23,28,667,1,58,16
07-27-20,Marion,193,3,192,3,1,0,238,4,2788,24,3026,28,0,4,-8,43,11,146,0,19,5
07-27-20,Marshall,227,6,227,6,0,0,266,7,3800,60,4066,67,0,2,-3,51,9,174,0,13,3
07-27-20,Maury,926,17,924,17,2,0,1091,18,10002,141,11093,159,0,4,-26,252,43,670,0,37,5
07-27-20,McMinn,467,9,464,9,3,0,563,9,7330,70,7893,79,0,20,0,81,9,366,0,41,21
07-27-20,McNairy,261,11,244,11,17,0,287,12,2884,74,3171,86,0,2,-12,54,23,205,2,23,5
07-27-20,Meigs,86,3,86,3,0,0,108,3,1444,15,1552,18,0,0,1,29,2,57,0,6,1
07-27-20,Monroe,315,23,306,23,9,0,353,23,3828,138,4181,161,0,7,13,98,10,210,2,30,8
07-27-20,Montgomery,1530,17,1521,17,9,0,1754,22,21391,92,23145,114,0,9,-33,301,50,1220,0,80,12
07-27-20,Moore,41,0,41,0,0,0,53,0,804,9,857,9,0,0,-2,7,2,34,0,0,0
07-27-20,Morgan,71,4,71,4,0,0,81,4,4470,20,4551,24,0,1,2,21,2,49,0,2,1
07-27-20,Obion,319,9,313,9,6,0,345,9,3949,49,4294,58,0,4,-10,105,19,210,2,22,5
07-27-20,Out of State,1129,26,1122,24,7,2,1225,32,144922,1484,146147,1516,1,13,-14,225,39,891,1,42,5
07-27-20,Overton,136,2,134,2,2,0,161,2,3317,13,3478,15,0,1,-2,18,4,117,0,6,1
07-27-20,Pending,240,13,236,13,4,0,277,15,98915,1030,99192,1045,0,3,-5,67,18,170,0,1,0
07-27-20,Perry,60,1,59,0,1,1,72,2,1414,39,1486,41,0,0,-1,8,2,52,0,4,0
07-27-20,Pickett,18,0,18,0,0,0,18,0,590,5,608,5,0,1,-1,5,1,12,0,0,1
07-27-20,Polk,133,2,132,2,1,0,144,2,1620,17,1764,19,0,0,-1,43,3,90,0,8,2
07-27-20,Putnam,1360,18,1353,18,7,0,1668,24,15328,164,16996,188,0,11,-10,231,28,1118,3,54,15
07-27-20,Rhea,456,3,456,3,0,0,518,3,4697,50,5215,53,0,1,-8,65,11,390,0,11,1
07-27-20,Roane,289,21,277,21,12,0,338,23,8569,225,8907,248,0,1,8,120,13,168,0,18,1
07-27-20,Robertson,1340,11,1337,11,3,0,1668,12,9059,50,10727,62,0,16,-27,167,38,1157,2,95,22
07-27-20,Rutherford,5653,63,5644,63,9,0,6800,80,40622,327,47422,407,1,48,-58,939,120,4666,0,188,52
07-27-20,Scott,68,8,65,8,3,0,72,10,1916,60,1988,70,0,0,4,21,4,47,0,4,0
07-27-20,Sequatchie,102,2,102,2,0,0,122,2,2458,8,2580,10,0,0,0,28,2,74,1,5,0
07-27-20,Sevier,1479,69,1425,68,54,1,1597,74,14356,370,15953,444,0,4,32,244,37,1231,2,53,5
07-27-20,Shelby,19615,399,19572,398,43,1,23618,466,204843,2615,228461,3081,-3,264,-49,2288,451,17063,24,1579,306
07-27-20,Smith,333,12,329,12,4,0,390,15,2883,38,3273,53,0,2,-15,73,27,258,1,18,5
07-27-20,Stewart,57,0,57,0,0,0,68,0,1309,11,1377,11,0,0,-2,13,2,44,0,2,0
07-27-20,Sullivan,620,17,575,17,45,0,657,18,12798,46,13455,64,0,6,-8,195,25,419,6,68,7
07-27-20,Sumner,3026,27,3013,27,13,0,3633,31,22141,159,25774,190,1,68,-53,435,79,2523,2,296,70
07-27-20,Tipton,1034,32,1024,31,10,1,1169,42,11525,236,12694,278,0,8,10,145,22,881,0,61,9
07-27-20,Trousdale,1568,1,1565,1,3,0,1628,1,3080,9,4708,10,0,6,0,24,1,1538,0,16,6
07-27-20,Unicoi,110,3,110,3,0,0,115,1,2711,25,2826,26,0,0,1,34,2,76,0,3,0
07-27-20,Union,95,3,92,3,3,0,101,4,1987,40,2088,44,0,0,-1,36,4,59,0,3,0
07-27-20,Van Buren,32,2,32,2,0,0,34,2,687,6,721,8,0,0,2,14,0,18,0,3,0
07-27-20,Warren,319,5,314,4,5,1,357,5,6302,50,6659,55,0,3,-16,95,21,221,0,9,5
07-27-20,Washington,754,42,733,41,21,1,831,41,13203,159,14034,200,0,0,-1,269,43,485,6,43,2
07-27-20,Wayne,190,4,190,4,0,0,209,5,3536,39,3745,44,0,1,-6,31,10,158,1,5,2
07-27-20,Weakley,189,11,180,11,9,0,198,12,4144,81,4342,93,1,2,7,70,3,117,2,10,4
07-27-20,White,173,2,171,2,2,0,212,4,3996,50,4208,54,0,3,-3,39,5,131,0,12,4
07-27-20,Williamson,2922,24,2915,24,7,0,3480,29,35598,270,39078,299,0,21,-60,473,84,2428,0,83,20
07-27-20,Wilson,1928,19,1925,19,3,0,2308,22,19954,131,22262,153,0,20,-44,316,63,1592,3,79,21
07-26-20,Anderson,470,39,455,38,15,1,545,40,12086,403,12631,443,0,4,31,153,8,313,2,26,4
07-26-20,Bedford,776,9,774,8,2,1,928,12,5781,86,6709,98,0,10,3,85,6,681,0,28,10
07-26-20,Benton,48,4,45,4,3,0,53,5,1542,60,1595,65,0,1,2,22,2,25,0,4,1
07-26-20,Bledsoe,656,2,656,2,0,0,678,4,4263,36,4941,40,0,1,1,8,1,647,0,11,1
07-26-20,Blount,871,63,846,62,25,1,1023,79,12354,587,13377,666,0,7,40,257,23,607,3,42,7
07-26-20,Bradley,1541,38,1521,36,20,2,1846,49,11586,380,13432,429,0,9,22,250,16,1282,1,90,10
07-26-20,Campbell,157,4,150,4,7,0,180,5,4754,148,4934,153,0,1,0,55,4,101,0,9,1
07-26-20,Cannon,100,11,99,11,1,0,133,11,1813,44,1946,55,0,0,9,29,2,71,0,5,0
07-26-20,Carroll,128,5,111,3,17,2,134,9,2964,77,3098,86,0,2,1,43,4,83,0,10,3
07-26-20,Carter,347,11,335,10,12,1,379,10,6339,140,6718,150,0,3,5,145,6,199,1,34,5
07-26-20,Cheatham,466,5,466,5,0,0,560,5,5410,62,5970,67,0,4,0,99,5,363,0,21,5
07-26-20,Chester,167,9,154,7,13,2,177,10,1476,45,1653,55,0,0,6,24,3,143,0,6,2
07-26-20,Claiborne,168,6,162,6,6,0,185,7,4059,143,4244,150,0,0,2,48,4,120,0,5,1
07-26-20,Clay,57,3,55,3,2,0,59,3,1175,32,1234,35,0,0,2,12,1,45,0,2,0
07-26-20,Cocke,326,14,312,14,14,0,352,16,3705,103,4057,119,0,1,3,100,11,225,0,15,1
07-26-20,Coffee,305,17,297,17,8,0,371,21,7322,233,7693,254,0,0,9,116,8,189,0,11,0
07-26-20,Crockett,173,12,160,12,13,0,187,12,1437,51,1624,63,0,3,5,55,7,115,2,11,3
07-26-20,Cumberland,338,29,334,29,4,0,432,31,10584,304,11016,335,0,6,24,69,5,263,0,26,6
07-26-20,Davidson,18888,289,18859,288,29,1,23214,404,168413,2777,191627,3181,0,186,60,2584,229,16118,9,815,205
07-26-20,Decatur,108,10,77,7,31,3,114,12,1859,114,1973,126,0,0,4,32,6,76,0,6,0
07-26-20,Dekalb,239,42,239,42,0,0,283,55,3706,277,3989,332,0,1,40,96,2,142,1,12,1
07-26-20,Dickson,514,7,514,7,0,0,649,9,6537,74,7186,83,0,0,1,138,6,376,0,29,2
07-26-20,Dyer,453,12,438,12,15,0,509,18,4755,159,5264,177,0,5,11,74,1,374,0,35,6
07-26-20,Fayette,572,22,567,22,5,0,726,31,8669,245,9395,276,0,8,16,68,6,496,1,51,12
07-26-20,Fentress,56,3,56,3,0,0,62,4,1823,72,1885,76,0,0,1,13,2,43,0,7,0
07-26-20,Franklin,211,2,209,2,2,0,263,4,5368,74,5631,78,0,3,-4,44,6,164,0,15,4
07-26-20,Gibson,419,22,355,18,64,4,462,23,5383,187,5845,210,0,1,11,112,11,306,0,18,1
07-26-20,Giles,293,7,293,7,0,0,339,9,4090,125,4429,134,0,5,1,104,6,184,0,19,8
07-26-20,Grainger,117,13,108,13,9,0,137,15,2400,97,2537,112,0,0,10,39,3,78,1,10,0
07-26-20,Greene,296,6,285,6,11,0,353,9,6640,111,6993,120,0,5,-2,62,8,229,0,22,5
07-26-20,Grundy,91,1,90,1,1,0,108,2,1280,11,1388,13,0,2,0,15,1,74,0,15,2
07-26-20,Hamblen,1059,118,1030,118,29,0,1179,136,9460,442,10639,578,1,10,105,278,12,771,1,60,12
07-26-20,Hamilton,4869,57,4855,56,14,1,5618,71,66228,865,71846,936,0,43,-36,603,93,4223,2,228,47
07-26-20,Hancock,71,2,67,2,4,0,80,4,935,35,1015,39,0,0,1,41,1,30,0,7,0
07-26-20,Hardeman,729,37,705,35,24,2,806,38,7759,100,8565,138,0,11,29,158,8,560,3,42,12
07-26-20,Hardin,337,32,306,22,31,10,380,32,5443,178,5823,210,0,7,27,97,5,233,0,15,8
07-26-20,Hawkins,228,7,224,6,4,1,265,10,4629,113,4894,123,0,2,0,77,7,149,1,21,3
07-26-20,Haywood,307,32,295,31,12,1,330,35,2600,87,2930,122,0,4,29,87,3,216,2,18,5
07-26-20,Henderson,330,13,267,11,63,2,357,17,3193,197,3550,214,0,0,-3,122,16,208,0,12,1
07-26-20,Henry,115,9,113,9,2,0,145,12,4246,99,4391,111,0,1,7,39,2,75,1,16,0
07-26-20,Hickman,175,5,175,5,0,0,223,7,2642,53,2865,60,0,0,0,38,5,137,0,4,0
07-26-20,Houston,47,1,47,1,0,0,54,1,1040,12,1094,13,0,0,1,11,0,36,0,6,0
07-26-20,Humphreys,79,4,77,4,2,0,92,4,2384,71,2476,75,0,3,2,20,2,56,0,3,3
07-26-20,Jackson,123,7,123,7,0,0,139,7,1354,37,1493,44,0,0,6,31,1,92,0,8,2
07-26-20,Jefferson,405,28,374,28,31,0,452,35,6786,205,7238,240,0,2,21,117,7,286,1,23,3
07-26-20,Johnson,70,4,67,4,3,0,72,4,3056,23,3128,27,0,0,4,19,0,51,0,6,0
07-26-20,Knox,3412,119,3317,114,95,5,3778,133,62200,1469,65978,1602,0,23,50,825,69,2564,2,191,29
07-26-20,Lake,711,6,709,6,2,0,883,7,4144,30,5027,37,0,0,4,10,2,701,1,4,0
07-26-20,Lauderdale,348,19,343,19,5,0,388,23,5705,165,6093,188,0,6,13,66,6,276,2,28,7
07-26-20,Lawrence,371,10,371,10,0,0,457,12,5058,81,5515,93,0,6,7,83,3,282,1,22,7
07-26-20,Lewis,38,2,38,2,0,0,41,2,1746,50,1787,52,0,1,2,17,0,20,1,6,1
07-26-20,Lincoln,213,5,213,5,0,0,260,7,3516,42,3776,49,0,1,0,66,5,146,0,10,1
07-26-20,Loudon,524,24,505,23,19,1,570,28,5890,148,6460,176,0,3,15,125,9,396,0,18,4
07-26-20,Macon,789,8,786,8,3,0,942,15,4222,120,5164,135,0,11,5,73,3,705,1,60,14
07-26-20,Madison,681,20,653,19,28,1,765,22,11333,245,12098,267,0,10,1,32,19,639,4,57,16
07-26-20,Marion,190,9,189,9,1,0,234,10,2764,62,2998,72,0,4,7,51,2,135,0,19,5
07-26-20,Marshall,221,4,221,4,0,0,259,6,3740,81,3999,87,0,2,-1,54,5,165,0,13,3
07-26-20,Maury,909,32,907,32,2,0,1073,35,9861,305,10934,340,0,4,17,278,15,627,0,37,4
07-26-20,McMinn,458,9,455,9,3,0,554,11,7260,153,7814,164,0,20,3,81,6,357,0,41,21
07-26-20,McNairy,250,14,233,10,17,4,275,15,2810,97,3085,112,0,2,10,66,4,182,0,21,5
07-26-20,Meigs,83,7,83,7,0,0,105,8,1429,34,1534,42,0,0,5,28,2,55,1,6,1
07-26-20,Monroe,292,12,283,12,9,0,330,13,3690,145,4020,158,0,7,7,85,5,200,1,28,8
07-26-20,Montgomery,1513,15,1504,15,9,0,1732,17,21299,146,23031,163,0,9,-16,334,31,1170,0,80,10
07-26-20,Moore,41,1,41,1,0,0,53,2,795,6,848,8,0,0,1,9,0,32,0,0,0
07-26-20,Morgan,67,3,67,3,0,0,77,3,4450,94,4527,97,0,1,2,19,1,47,0,2,1
07-26-20,Obion,310,19,304,19,6,0,336,19,3900,119,4236,138,0,4,14,115,5,191,1,20,5
07-26-20,Out of State,1103,12,1098,11,5,1,1193,16,143438,1355,144631,1371,1,12,-4,239,15,852,1,41,5
07-26-20,Overton,134,9,132,9,2,0,159,11,3304,77,3463,88,0,1,9,20,0,113,0,6,1
07-26-20,Pending,227,13,223,12,4,1,262,14,97885,1386,98147,1400,-1,3,9,72,5,152,0,1,0
07-26-20,Perry,59,0,59,0,0,0,70,0,1375,20,1445,20,0,0,0,9,0,50,0,4,0
07-26-20,Pickett,18,1,18,1,0,0,18,1,585,9,603,10,0,1,0,6,1,11,0,0,1
07-26-20,Polk,131,5,130,5,1,0,142,6,1603,41,1745,47,0,0,1,44,4,87,0,8,1
07-26-20,Putnam,1342,52,1335,52,7,0,1644,66,15164,407,16808,473,0,11,40,241,12,1090,1,51,15
07-26-20,Rhea,453,8,453,8,0,0,515,12,4647,103,5162,115,0,1,6,73,2,379,0,11,1
07-26-20,Roane,268,20,256,20,12,0,315,23,8344,211,8659,234,0,1,12,112,8,155,0,18,1
07-26-20,Robertson,1329,24,1326,24,3,0,1656,28,9009,83,10665,111,0,16,0,194,24,1119,2,93,21
07-26-20,Rutherford,5590,101,5581,101,9,0,6720,121,40295,726,47015,847,0,47,39,997,62,4546,0,188,51
07-26-20,Scott,60,5,57,5,3,0,62,5,1856,97,1918,102,0,0,5,17,0,43,1,4,0
07-26-20,Sequatchie,100,3,100,3,0,0,120,4,2450,51,2570,55,0,0,3,28,0,72,0,4,0
07-26-20,Sevier,1410,50,1357,50,53,0,1523,55,13986,245,15509,300,0,4,28,212,22,1194,1,51,5
07-26-20,Shelby,19216,324,19174,323,42,1,23152,404,202228,2748,225380,3152,2,267,99,2337,223,16612,17,1555,303
07-26-20,Smith,321,15,317,15,4,0,375,19,2845,106,3220,125,0,2,12,88,3,231,0,17,5
07-26-20,Stewart,57,0,57,0,0,0,68,1,1298,35,1366,36,0,0,-1,15,1,42,0,2,0
07-26-20,Sullivan,603,17,558,17,45,0,639,22,12752,241,13391,263,0,6,1,203,16,394,0,62,7
07-26-20,Sumner,2999,30,2986,30,13,0,3602,37,21982,327,25584,364,0,67,-7,488,37,2444,1,294,70
07-26-20,Tipton,1002,40,993,40,9,0,1127,46,11289,280,12416,326,0,8,31,135,9,859,4,61,8
07-26-20,Trousdale,1567,2,1564,2,3,0,1627,2,3071,28,4698,30,0,6,2,24,0,1537,0,16,6
07-26-20,Unicoi,107,8,107,8,0,0,114,4,2686,29,2800,33,0,0,8,33,0,74,0,3,0
07-26-20,Union,92,10,89,9,3,1,97,10,1947,76,2044,86,0,0,8,37,2,55,0,3,0
07-26-20,Van Buren,30,3,30,3,0,0,32,4,681,17,713,21,0,0,3,12,0,18,0,3,0
07-26-20,Warren,314,24,310,24,4,0,352,30,6252,386,6604,416,0,3,23,111,1,200,3,9,5
07-26-20,Washington,712,36,692,35,20,1,790,38,13044,250,13834,288,0,0,7,270,29,442,2,37,2
07-26-20,Wayne,186,2,186,2,0,0,204,2,3497,51,3701,53,0,1,-2,37,4,148,0,4,2
07-26-20,Weakley,178,17,169,15,9,2,186,19,4063,192,4249,211,0,1,12,63,5,114,0,8,3
07-26-20,White,171,7,169,7,2,0,208,10,3946,127,4154,137,0,3,6,42,1,126,0,12,4
07-26-20,Williamson,2898,43,2891,43,7,0,3451,69,35328,571,38779,640,0,21,-14,533,57,2344,0,83,20
07-26-20,Wilson,1909,37,1906,37,3,0,2286,43,19823,319,22109,362,0,20,5,360,32,1529,0,76,21
07-25-20,Anderson,431,33,417,32,14,1,505,38,11683,257,12188,295,1,4,28,122,4,305,1,24,4
07-25-20,Bedford,767,25,766,25,1,0,916,38,5695,205,6611,243,0,10,18,82,7,675,1,28,10
07-25-20,Benton,44,4,41,4,3,0,48,7,1482,51,1530,58,0,1,4,20,0,23,1,4,1
07-25-20,Bledsoe,654,0,654,0,0,0,674,1,4227,45,4901,46,0,1,-1,7,1,646,0,11,1
07-25-20,Blount,808,46,784,45,24,1,944,53,11767,299,12711,352,0,7,27,217,19,584,2,39,7
07-25-20,Bradley,1503,63,1485,63,18,0,1797,86,11206,389,13003,475,0,9,41,228,22,1266,3,89,10
07-25-20,Campbell,153,15,146,15,7,0,175,20,4606,187,4781,207,0,1,12,55,3,97,0,9,1
07-25-20,Cannon,89,3,88,3,1,0,122,5,1769,97,1891,102,0,0,1,20,2,69,0,5,0
07-25-20,Carroll,123,9,108,9,15,0,125,10,2887,124,3012,134,0,2,5,42,4,79,0,10,3
07-25-20,Carter,336,22,325,22,11,0,369,32,6199,332,6568,364,0,3,12,140,10,193,1,33,3
07-25-20,Cheatham,461,26,461,26,0,0,555,37,5348,192,5903,229,0,4,18,99,8,358,0,21,5
07-25-20,Chester,158,12,147,9,11,3,167,13,1431,61,1598,74,0,0,7,18,5,140,0,6,2
07-25-20,Claiborne,162,6,156,6,6,0,178,8,3916,233,4094,241,0,0,0,46,6,116,0,5,1
07-25-20,Clay,54,0,52,0,2,0,56,0,1143,32,1199,32,0,0,0,10,0,44,0,2,0
07-25-20,Cocke,312,27,298,27,14,0,336,31,3602,93,3938,124,0,1,18,97,9,214,0,15,1
07-25-20,Coffee,288,26,280,26,8,0,350,39,7089,330,7439,369,0,0,22,107,4,181,2,11,0
07-25-20,Crockett,161,11,148,11,13,0,175,11,1386,44,1561,55,0,3,5,50,6,108,1,9,3
07-25-20,Cumberland,309,10,305,10,4,0,401,10,10280,84,10681,94,0,6,8,45,2,258,2,26,6
07-25-20,Davidson,18599,352,18571,351,28,1,22810,621,165636,4643,188446,5264,7,186,108,2524,237,15889,20,806,201
07-25-20,Decatur,98,4,70,3,28,1,102,6,1745,62,1847,68,0,0,3,28,1,70,0,6,0
07-25-20,Dekalb,197,5,197,5,0,0,228,6,3429,96,3657,102,0,1,2,56,3,140,1,11,1
07-25-20,Dickson,507,32,507,32,0,0,640,39,6463,206,7103,245,0,0,22,137,10,370,1,29,2
07-25-20,Dyer,441,13,426,13,15,0,491,18,4596,111,5087,129,0,5,7,63,6,373,0,35,6
07-25-20,Fayette,550,8,545,7,5,1,695,11,8424,198,9119,209,0,8,6,52,2,490,0,50,12
07-25-20,Fentress,53,1,53,1,0,0,58,1,1751,24,1809,25,0,0,-1,12,2,41,1,7,0
07-25-20,Franklin,209,15,207,15,2,0,259,28,5294,292,5553,320,0,3,6,48,9,158,1,15,4
07-25-20,Gibson,397,35,337,32,60,3,439,38,5196,246,5635,284,0,1,30,101,5,295,1,18,1
07-25-20,Giles,286,14,286,14,0,0,330,28,3965,154,4295,182,0,5,6,103,8,178,0,19,8
07-25-20,Grainger,104,4,95,4,9,0,122,5,2303,36,2425,41,0,0,3,29,1,75,0,9,0
07-25-20,Greene,290,22,279,21,11,1,344,35,6529,286,6873,321,0,5,15,64,7,221,0,22,5
07-25-20,Grundy,90,8,89,8,1,0,106,8,1269,34,1375,42,0,2,8,15,0,73,0,15,2
07-25-20,Hamblen,941,38,912,38,29,0,1043,57,9018,204,10061,261,3,9,23,173,12,759,1,59,12
07-25-20,Hamilton,4812,190,4799,190,13,0,5547,335,65363,2752,70910,3087,2,43,74,639,114,4130,5,226,47
07-25-20,Hancock,69,12,65,12,4,0,76,13,900,91,976,104,0,0,11,40,1,29,0,7,0
07-25-20,Hardeman,692,20,670,20,22,0,768,23,7659,117,8427,140,1,11,12,129,7,552,1,39,12
07-25-20,Hardin,305,15,284,11,21,4,348,20,5265,170,5613,190,0,7,7,70,8,228,0,15,8
07-25-20,Hawkins,221,30,218,30,3,0,255,34,4516,184,4771,218,0,2,26,77,4,142,1,20,2
07-25-20,Haywood,275,21,264,19,11,2,295,19,2513,153,2808,172,0,4,16,58,5,213,0,16,5
07-25-20,Henderson,317,30,256,27,61,3,340,32,2996,118,3336,150,0,0,15,125,15,192,1,12,0
07-25-20,Henry,106,11,104,11,2,0,133,16,4147,199,4280,215,0,1,10,32,1,73,2,15,0
07-25-20,Hickman,170,5,170,5,0,0,216,11,2589,100,2805,111,0,0,3,38,2,132,0,4,0
07-25-20,Houston,46,2,46,2,0,0,53,3,1028,39,1081,42,0,0,0,10,2,36,0,6,0
07-25-20,Humphreys,75,9,73,9,2,0,88,9,2313,178,2401,187,0,3,9,18,0,54,0,3,3
07-25-20,Jackson,116,4,116,4,0,0,132,4,1317,8,1449,12,0,0,2,25,2,91,0,8,2
07-25-20,Jefferson,377,21,346,21,31,0,417,25,6581,232,6998,257,1,2,14,96,6,279,0,22,3
07-25-20,Johnson,66,4,63,4,3,0,68,5,3033,42,3101,47,0,0,3,15,1,51,0,6,0
07-25-20,Knox,3293,173,3203,169,90,4,3645,196,60731,1941,64376,2137,2,23,93,775,78,2495,3,189,28
07-25-20,Lake,705,3,703,3,2,0,876,3,4114,34,4990,37,0,0,2,6,1,699,0,3,0
07-25-20,Lauderdale,329,14,324,14,5,0,365,16,5540,87,5905,103,0,6,12,53,2,270,1,26,7
07-25-20,Lawrence,361,16,361,16,0,0,445,26,4977,160,5422,186,0,6,12,76,4,279,1,21,7
07-25-20,Lewis,36,4,36,4,0,0,39,4,1696,110,1735,114,1,1,0,15,3,20,0,5,1
07-25-20,Lincoln,208,24,208,24,0,0,253,31,3474,104,3727,135,0,1,20,66,4,141,2,10,1
07-25-20,Loudon,500,17,482,17,18,0,542,25,5742,126,6284,151,0,3,7,110,10,387,1,18,4
07-25-20,Macon,781,8,778,8,3,0,927,10,4102,48,5029,58,0,11,5,68,3,702,0,59,14
07-25-20,Madison,661,37,634,37,27,0,743,42,11088,447,11831,489,1,10,11,31,25,620,1,53,15
07-25-20,Marion,181,16,180,16,1,0,224,22,2702,127,2926,149,0,4,15,44,1,133,1,19,4
07-25-20,Marshall,217,18,217,18,0,0,253,23,3659,249,3912,272,0,2,14,55,4,160,0,13,3
07-25-20,Maury,877,57,875,57,2,0,1038,77,9556,562,10594,639,0,4,37,261,20,612,0,37,4
07-25-20,McMinn,449,17,446,17,3,0,543,27,7107,315,7650,342,0,20,8,78,9,351,1,41,21
07-25-20,McNairy,236,20,223,17,13,3,260,28,2713,94,2973,122,0,2,12,56,8,178,1,21,5
07-25-20,Meigs,76,11,76,11,0,0,97,14,1395,95,1492,109,0,0,11,23,0,53,0,5,1
07-25-20,Monroe,280,11,271,11,9,0,317,15,3545,253,3862,268,0,7,4,78,7,195,1,27,7
07-25-20,Montgomery,1498,117,1489,117,9,0,1715,144,21153,953,22868,1097,0,9,96,350,21,1139,5,80,10
07-25-20,Moore,40,1,40,1,0,0,51,4,789,28,840,32,0,0,1,8,0,32,0,0,0
07-25-20,Morgan,64,4,64,4,0,0,74,5,4356,33,4430,38,0,1,2,17,2,46,0,2,1
07-25-20,Obion,291,36,285,36,6,0,317,35,3781,93,4098,128,0,4,28,101,8,186,1,19,5
07-25-20,Out of State,1091,48,1087,48,4,0,1177,65,142083,4494,143260,4559,-1,11,27,243,22,837,0,40,5
07-25-20,Overton,125,3,123,3,2,0,148,6,3227,114,3375,120,0,1,1,11,2,113,0,6,1
07-25-20,Pending,214,19,211,19,3,0,248,25,96499,2252,96747,2277,1,4,14,63,4,147,0,1,0
07-25-20,Perry,59,2,59,2,0,0,70,2,1355,49,1425,51,0,0,2,9,0,50,1,4,0
07-25-20,Pickett,17,1,17,1,0,0,17,1,576,11,593,12,0,1,1,6,0,10,0,0,1
07-25-20,Polk,126,17,125,17,1,0,136,18,1562,54,1698,72,0,0,15,43,2,83,0,8,1
07-25-20,Putnam,1290,21,1283,21,7,0,1578,21,14757,117,16335,138,2,11,11,201,8,1078,1,50,15
07-25-20,Rhea,445,9,445,9,0,0,503,20,4544,261,5047,281,0,1,6,67,3,377,0,11,1
07-25-20,Roane,248,21,236,20,12,1,292,27,8133,152,8425,179,1,1,13,100,7,147,0,18,1
07-25-20,Robertson,1305,46,1302,46,3,0,1628,60,8926,250,10554,310,0,16,35,194,11,1095,1,91,21
07-25-20,Rutherford,5489,216,5480,216,9,0,6599,271,39569,1567,46168,1838,2,47,121,958,93,4484,5,188,51
07-25-20,Scott,55,6,52,6,3,0,57,6,1759,26,1816,32,0,0,6,12,0,43,0,3,0
07-25-20,Sequatchie,97,7,97,7,0,0,116,8,2399,163,2515,171,0,0,4,25,3,72,0,4,0
07-25-20,Sevier,1360,18,1307,17,53,1,1468,20,13741,150,15209,170,0,4,-7,184,25,1172,1,50,5
07-25-20,Shelby,18892,383,18851,383,41,0,22748,499,199480,3852,222228,4351,2,265,107,2238,274,16389,26,1538,299
07-25-20,Smith,306,10,302,10,4,0,356,13,2739,59,3095,72,0,2,8,76,2,228,1,17,4
07-25-20,Stewart,57,4,57,4,0,0,67,4,1263,39,1330,43,0,0,2,16,2,41,0,2,0
07-25-20,Sullivan,586,45,541,43,45,2,617,45,12511,511,13128,556,0,6,27,202,18,378,1,62,7
07-25-20,Sumner,2969,79,2956,79,13,0,3565,92,21655,713,25220,805,0,67,31,495,48,2407,2,293,69
07-25-20,Tipton,962,24,953,24,9,0,1081,31,11009,209,12090,240,0,8,13,104,11,850,0,57,8
07-25-20,Trousdale,1565,1,1562,1,3,0,1625,2,3043,47,4668,49,0,6,-3,22,4,1537,1,16,6
07-25-20,Unicoi,99,8,99,8,0,0,110,15,2657,241,2767,256,0,0,7,25,1,74,0,3,0
07-25-20,Union,82,1,80,1,2,0,87,3,1871,25,1958,28,0,0,-3,29,4,53,0,3,0
07-25-20,Van Buren,27,1,27,1,0,0,28,1,664,10,692,11,0,0,1,9,0,18,0,3,0
07-25-20,Warren,290,15,286,11,4,4,322,16,5866,153,6188,169,0,3,12,88,3,199,0,6,5
07-25-20,Washington,676,64,657,62,19,2,752,89,12794,751,13546,840,0,0,35,263,29,413,2,35,1
07-25-20,Wayne,184,5,184,5,0,0,202,9,3446,107,3648,116,0,1,3,39,2,144,0,4,2
07-25-20,Weakley,161,17,154,16,7,1,167,17,3871,148,4038,165,0,1,13,51,4,109,1,8,3
07-25-20,White,164,7,162,7,2,0,198,10,3819,58,4017,68,0,3,4,36,3,125,1,12,3
07-25-20,Williamson,2855,88,2848,87,7,1,3382,118,34757,1144,38139,1262,0,21,37,547,51,2287,3,83,19
07-25-20,Wilson,1872,48,1869,48,3,0,2243,57,19504,583,21747,640,0,20,15,355,33,1497,1,76,21
07-24-20,Anderson,398,6,385,6,13,0,467,8,11426,114,11893,122,0,3,-16,94,22,301,0,23,4
07-24-20,Bedford,742,13,741,13,1,0,878,10,5490,77,6368,87,0,10,6,64,7,668,0,27,10
07-24-20,Benton,40,5,37,5,3,0,41,4,1431,10,1472,14,0,1,2,16,3,23,0,3,1
07-24-20,Bledsoe,654,2,654,2,0,0,673,1,4182,17,4855,18,0,1,2,8,0,645,0,11,1
07-24-20,Blount,762,16,739,15,23,1,891,8,11468,142,12359,150,0,7,-21,190,37,565,0,37,7
07-24-20,Bradley,1440,38,1422,38,18,0,1711,43,10817,107,12528,150,0,9,6,187,32,1244,1,86,9
07-24-20,Campbell,138,9,131,9,7,0,155,7,4419,51,4574,58,0,1,2,43,7,94,0,9,1
07-24-20,Cannon,86,0,85,0,1,0,117,0,1672,17,1789,17,0,0,-1,19,1,67,0,5,0
07-24-20,Carroll,114,8,99,7,15,1,115,9,2763,22,2878,31,0,2,4,37,4,75,0,10,3
07-24-20,Carter,314,15,303,15,11,0,337,9,5867,123,6204,132,1,3,0,128,14,183,2,32,3
07-24-20,Cheatham,435,10,435,10,0,0,518,7,5156,62,5674,69,0,4,4,81,6,350,1,21,5
07-24-20,Chester,146,1,138,0,8,1,154,1,1370,10,1524,11,0,0,-11,11,12,135,0,6,2
07-24-20,Claiborne,156,9,150,9,6,0,170,10,3683,68,3853,78,0,0,1,46,8,110,0,5,1
07-24-20,Clay,54,3,52,1,2,2,56,0,1111,7,1167,7,0,0,2,10,1,44,0,2,0
07-24-20,Cocke,285,11,271,11,14,0,305,8,3509,76,3814,84,0,1,1,79,10,205,2,15,1
07-24-20,Coffee,262,26,254,24,8,2,311,21,6759,104,7070,125,0,0,23,85,3,177,1,9,0
07-24-20,Crockett,150,3,137,3,13,0,164,5,1342,18,1506,23,0,3,-5,45,8,102,0,8,3
07-24-20,Cumberland,299,4,295,4,4,0,391,4,10196,131,10587,135,0,6,-1,37,5,256,0,24,6
07-24-20,Davidson,18247,292,18220,290,27,2,22189,329,160993,2468,183182,2797,0,179,-52,2416,344,15652,6,786,199
07-24-20,Decatur,94,2,67,1,27,1,96,4,1683,27,1779,31,0,0,-12,25,14,69,0,6,0
07-24-20,Dekalb,192,1,192,1,0,0,222,0,3333,15,3555,15,0,1,-2,54,3,137,1,10,1
07-24-20,Dickson,475,14,475,14,0,0,601,10,6257,69,6858,79,0,0,1,115,13,360,1,28,2
07-24-20,Dyer,428,9,413,9,15,0,473,14,4485,81,4958,95,0,5,2,56,7,367,0,35,6
07-24-20,Fayette,542,6,538,6,4,0,684,9,8226,55,8910,64,0,8,-7,46,13,488,2,50,12
07-24-20,Fentress,52,0,52,0,0,0,57,1,1727,10,1784,11,0,0,-3,13,3,39,0,6,0
07-24-20,Franklin,194,7,192,7,2,0,231,10,5002,101,5233,111,0,3,3,42,4,149,3,14,4
07-24-20,Gibson,362,17,305,12,57,5,401,18,4950,49,5351,67,0,1,-8,71,25,290,0,17,1
07-24-20,Giles,272,12,272,12,0,0,302,12,3811,77,4113,89,1,5,2,97,9,170,0,19,8
07-24-20,Grainger,100,0,91,0,9,0,117,1,2267,36,2384,37,0,0,-3,26,3,74,0,9,0
07-24-20,Greene,268,7,258,7,10,0,309,12,6243,126,6552,138,1,5,-4,49,10,214,1,22,5
07-24-20,Grundy,82,0,81,0,1,0,98,0,1235,21,1333,21,0,2,-1,7,1,73,0,15,2
07-24-20,Hamblen,903,39,874,39,29,0,986,39,8814,143,9800,182,0,6,4,150,35,747,2,58,11
07-24-20,Hamilton,4622,144,4609,144,13,0,5212,103,62611,1170,67823,1273,0,41,19,565,125,4016,6,221,46
07-24-20,Hancock,57,1,53,1,4,0,63,2,809,13,872,15,0,0,-5,29,6,28,0,7,0
07-24-20,Hardeman,672,11,650,10,22,1,745,12,7542,24,8287,36,1,10,-11,117,21,545,1,38,12
07-24-20,Hardin,290,11,273,6,17,5,328,11,5095,101,5423,112,0,7,2,63,9,220,0,15,8
07-24-20,Hawkins,191,15,188,15,3,0,221,11,4332,42,4553,53,0,2,5,51,10,138,0,19,2
07-24-20,Haywood,254,5,245,5,9,0,276,5,2360,30,2636,35,0,4,-4,42,9,208,0,16,5
07-24-20,Henderson,287,11,229,6,58,5,308,10,2878,36,3186,46,0,0,-7,110,18,177,0,11,0
07-24-20,Henry,95,3,93,3,2,0,117,3,3948,26,4065,29,0,1,-4,22,7,72,1,13,0
07-24-20,Hickman,165,5,165,5,0,0,205,2,2489,31,2694,33,0,0,1,35,4,130,0,4,0
07-24-20,Houston,44,1,44,1,0,0,50,1,989,10,1039,11,0,0,-3,10,4,34,0,6,0
07-24-20,Humphreys,66,0,64,0,2,0,79,2,2135,15,2214,17,0,3,0,9,0,54,0,3,3
07-24-20,Jackson,112,0,112,0,0,0,128,0,1309,11,1437,11,0,0,-7,23,7,89,0,8,2
07-24-20,Jefferson,356,12,325,8,31,4,392,7,6349,110,6741,117,0,1,3,82,9,273,2,22,3
07-24-20,Johnson,62,3,59,2,3,1,63,1,2991,20,3054,21,0,0,2,12,1,50,1,6,0
07-24-20,Knox,3120,107,3034,100,86,7,3449,118,58790,950,62239,1068,0,21,-15,682,122,2417,4,186,25
07-24-20,Lake,702,1,700,1,2,0,873,2,4080,8,4953,10,0,0,0,4,1,698,0,3,0
07-24-20,Lauderdale,315,11,310,10,5,1,349,12,5453,36,5802,48,0,6,-7,41,18,268,0,25,7
07-24-20,Lawrence,345,8,345,8,0,0,419,8,4817,63,5236,71,0,6,-3,64,11,275,0,20,7
07-24-20,Lewis,32,5,32,5,0,0,35,5,1586,111,1621,116,0,0,4,15,1,17,1,5,1
07-24-20,Lincoln,184,13,184,13,0,0,222,11,3370,49,3592,60,0,1,6,46,7,137,0,8,1
07-24-20,Loudon,483,5,465,5,18,0,517,6,5616,47,6133,53,0,3,-6,103,11,377,1,17,4
07-24-20,Macon,773,0,770,0,3,0,917,3,4054,15,4971,18,1,11,-8,63,7,699,0,59,14
07-24-20,Madison,624,9,597,8,27,1,701,11,10641,79,11342,90,1,9,-34,20,42,595,1,52,15
07-24-20,Marion,165,5,164,5,1,0,202,9,2575,56,2777,65,0,4,-2,29,7,132,1,18,4
07-24-20,Marshall,199,6,199,6,0,0,230,5,3410,78,3640,83,0,2,2,41,4,156,0,13,3
07-24-20,Maury,820,31,818,31,2,0,961,28,8994,176,9955,204,0,4,15,224,16,592,0,37,4
07-24-20,McMinn,432,8,429,8,3,0,516,10,6792,127,7308,137,0,20,-5,70,13,342,1,40,21
07-24-20,McNairy,216,7,206,7,10,0,232,7,2619,50,2851,57,1,2,-4,44,10,170,1,20,5
07-24-20,Meigs,65,0,65,0,0,0,83,1,1300,15,1383,16,0,0,-4,12,4,53,0,5,1
07-24-20,Monroe,269,7,260,7,9,0,302,2,3292,41,3594,43,0,7,5,74,2,188,1,26,6
07-24-20,Montgomery,1381,16,1372,16,9,0,1571,19,20200,147,21771,166,0,9,-47,254,63,1118,2,75,10
07-24-20,Moore,39,0,39,0,0,0,47,1,761,6,808,7,0,0,0,7,0,32,0,0,0
07-24-20,Morgan,60,2,60,2,0,0,69,2,4323,17,4392,19,0,1,0,15,2,44,0,2,1
07-24-20,Obion,255,1,249,1,6,0,282,1,3688,31,3970,32,0,4,-6,73,7,178,0,18,5
07-24-20,Out of State,1043,25,1039,25,4,0,1112,27,137589,1628,138701,1655,0,12,-3,216,28,815,0,40,5
07-24-20,Overton,122,1,120,1,2,0,142,2,3113,16,3255,18,0,1,-1,10,2,111,0,6,1
07-24-20,Pending,195,10,192,9,3,1,223,7,94247,1109,94470,1116,0,3,-6,49,16,143,0,1,0
07-24-20,Perry,57,1,57,1,0,0,68,1,1306,2,1374,3,0,0,1,7,0,50,0,3,0
07-24-20,Pickett,16,1,16,1,0,0,16,1,565,9,581,10,0,1,-1,5,2,10,0,0,1
07-24-20,Polk,109,3,108,3,1,0,118,2,1508,8,1626,10,0,0,-2,28,5,81,0,8,0
07-24-20,Putnam,1269,8,1262,7,7,1,1557,13,14640,96,16197,109,0,9,-10,190,18,1070,0,49,15
07-24-20,Rhea,436,16,436,16,0,0,483,11,4283,68,4766,79,0,1,11,61,5,374,0,11,1
07-24-20,Roane,227,12,216,12,11,0,265,14,7981,132,8246,146,0,0,6,87,6,140,0,18,1
07-24-20,Robertson,1259,25,1256,25,3,0,1568,29,8676,130,10244,159,0,16,11,159,14,1084,1,90,21
07-24-20,Rutherford,5273,104,5264,104,9,0,6328,115,38002,617,44330,732,0,45,-7,837,111,4391,0,183,50
07-24-20,Scott,49,2,46,2,3,0,51,5,1733,23,1784,28,0,0,-1,6,3,43,0,3,0
07-24-20,Sequatchie,90,2,90,2,0,0,108,2,2236,28,2344,30,0,0,-1,21,3,69,0,4,0
07-24-20,Sevier,1342,25,1290,25,52,0,1448,29,13591,143,15039,172,0,4,-7,191,32,1147,1,49,5
07-24-20,Shelby,18509,336,18468,335,41,1,22249,429,195628,2910,217877,3339,3,263,-104,2131,437,16115,35,1512,293
07-24-20,Smith,296,1,292,1,4,0,343,6,2680,17,3023,23,0,2,-5,68,6,226,1,16,3
07-24-20,Stewart,53,2,53,2,0,0,63,2,1224,24,1287,26,0,0,-1,14,3,39,0,2,0
07-24-20,Sullivan,541,22,498,21,43,1,572,21,12000,278,12572,299,0,6,2,175,20,360,2,61,7
07-24-20,Sumner,2890,49,2877,49,13,0,3473,56,20942,419,24415,475,2,67,-16,464,63,2359,6,291,69
07-24-20,Tipton,938,10,929,10,9,0,1050,12,10800,127,11850,139,0,8,-1,91,11,839,2,57,8
07-24-20,Trousdale,1564,6,1561,6,3,0,1623,6,2996,30,4619,36,0,6,3,25,3,1533,0,15,6
07-24-20,Unicoi,91,9,91,9,0,0,95,7,2416,93,2511,100,0,0,8,18,1,73,0,3,0
07-24-20,Union,81,4,79,4,2,0,84,4,1846,57,1930,61,0,0,-4,32,8,49,0,3,0
07-24-20,Van Buren,26,1,26,1,0,0,27,1,654,1,681,2,0,0,0,8,1,18,1,3,0
07-24-20,Warren,275,8,275,8,0,0,306,8,5713,64,6019,72,0,3,-2,76,10,196,0,6,4
07-24-20,Washington,612,51,595,50,17,1,663,39,12043,283,12706,322,0,0,26,228,25,384,2,33,1
07-24-20,Wayne,179,3,179,3,0,0,193,3,3339,21,3532,24,1,1,-2,36,4,142,0,4,2
07-24-20,Weakley,144,3,138,2,6,1,150,3,3723,48,3873,51,0,1,-1,38,4,105,0,7,3
07-24-20,White,157,1,155,1,2,0,188,0,3761,10,3949,10,0,3,-1,32,2,122,0,11,3
07-24-20,Williamson,2767,48,2761,48,6,0,3264,56,33613,413,36877,469,0,21,-34,510,82,2236,1,80,19
07-24-20,Wilson,1824,26,1821,26,3,0,2186,38,18921,373,21107,411,0,20,-9,340,35,1464,0,75,20
07-23-20,Anderson,392,25,379,25,13,0,459,33,11312,428,11771,461,0,3,11,110,14,279,2,23,3
07-23-20,Bedford,729,11,728,11,1,0,868,12,5413,195,6281,207,0,10,1,58,10,661,0,27,10
07-23-20,Benton,35,4,32,4,3,0,37,3,1421,49,1458,52,0,1,2,14,2,20,0,3,1
07-23-20,Bledsoe,652,1,652,1,0,0,672,2,4165,26,4837,28,0,1,1,6,0,645,1,11,1
07-23-20,Blount,746,48,724,48,22,0,883,59,11326,524,12209,583,1,7,13,211,34,528,1,37,7
07-23-20,Bradley,1402,34,1384,34,18,0,1668,57,10710,281,12378,338,1,9,-4,181,37,1212,2,85,9
07-23-20,Campbell,129,8,122,8,7,0,148,11,4368,134,4516,145,0,1,5,41,3,87,0,9,1
07-23-20,Cannon,86,1,85,1,1,0,117,1,1655,46,1772,47,0,0,-3,20,4,66,0,5,0
07-23-20,Carroll,106,9,92,9,14,0,106,9,2741,129,2847,138,0,2,8,33,1,71,0,10,2
07-23-20,Carter,299,29,288,28,11,1,328,35,5744,358,6072,393,0,2,19,128,10,169,0,30,3
07-23-20,Cheatham,425,15,425,15,0,0,511,22,5094,257,5605,279,0,4,6,77,9,344,1,20,5
07-23-20,Chester,145,6,138,6,7,0,153,7,1360,60,1513,67,0,0,-2,22,8,123,0,6,2
07-23-20,Claiborne,147,9,141,9,6,0,160,9,3615,234,3775,243,0,0,3,45,6,102,1,5,0
07-23-20,Clay,51,1,51,1,0,0,56,1,1104,23,1160,24,0,0,-2,8,3,43,0,2,0
07-23-20,Cocke,274,10,260,8,14,2,297,16,3433,93,3730,109,0,1,-2,78,12,195,2,13,1
07-23-20,Coffee,236,4,230,2,6,2,290,10,6655,178,6945,188,0,0,0,62,4,174,0,8,0
07-23-20,Crockett,147,14,134,13,13,1,159,15,1324,38,1483,53,0,3,7,50,7,94,0,8,3
07-23-20,Cumberland,295,0,291,0,4,0,387,1,10065,242,10452,243,0,6,-8,38,8,251,0,24,6
07-23-20,Davidson,17955,307,17930,307,25,0,21860,414,158525,3837,180385,4251,6,179,-54,2468,355,15308,7,780,192
07-23-20,Decatur,92,5,66,4,26,1,92,4,1656,118,1748,122,0,0,-1,37,6,55,0,6,0
07-23-20,Dekalb,191,7,191,7,0,0,222,7,3318,86,3540,93,0,1,-4,56,11,134,1,9,1
07-23-20,Dickson,461,32,461,32,0,0,591,38,6188,392,6779,430,0,0,19,114,13,347,1,27,2
07-23-20,Dyer,419,18,404,18,15,0,459,21,4404,166,4863,187,0,5,8,54,10,360,0,35,6
07-23-20,Fayette,536,8,532,8,4,0,675,10,8171,166,8846,176,0,8,-2,53,10,475,1,48,11
07-23-20,Fentress,52,3,52,3,0,0,56,3,1717,68,1773,71,0,0,-1,16,4,36,1,6,0
07-23-20,Franklin,187,9,185,9,2,0,221,7,4901,253,5122,260,0,3,4,39,5,145,0,11,4
07-23-20,Gibson,345,14,293,13,52,1,383,15,4901,166,5284,181,0,1,-2,79,16,265,0,17,1
07-23-20,Giles,260,12,260,12,0,0,290,12,3734,154,4024,166,0,4,0,95,12,161,0,19,8
07-23-20,Grainger,100,3,91,1,9,2,116,2,2231,61,2347,63,0,0,1,29,2,71,1,9,0
07-23-20,Greene,261,7,251,6,10,1,297,8,6117,116,6414,124,0,4,-4,53,11,204,0,21,5
07-23-20,Grundy,82,1,81,1,1,0,98,2,1214,34,1312,36,0,2,-1,8,2,72,0,15,2
07-23-20,Hamblen,864,40,835,38,29,2,947,50,8671,234,9618,284,0,6,14,146,26,712,3,56,10
07-23-20,Hamilton,4478,125,4465,125,13,0,5109,161,61441,2061,66550,2222,1,41,19,546,105,3891,8,215,45
07-23-20,Hancock,56,5,52,3,4,2,61,7,796,34,857,41,0,0,2,34,3,22,0,7,0
07-23-20,Hardeman,661,28,640,27,21,1,733,32,7518,68,8251,100,1,9,9,128,18,524,1,37,12
07-23-20,Hardin,279,10,267,5,12,5,317,11,4994,195,5311,206,0,7,1,61,9,211,0,15,8
07-23-20,Hawkins,176,10,173,10,3,0,210,12,4290,57,4500,69,0,2,5,46,5,128,1,19,2
07-23-20,Haywood,249,8,240,8,9,0,271,8,2330,57,2601,65,0,4,1,46,7,199,0,16,5
07-23-20,Henderson,276,24,223,21,53,3,298,28,2842,184,3140,212,0,0,7,117,17,159,1,11,0
07-23-20,Henry,92,6,90,6,2,0,114,9,3922,128,4036,137,0,1,2,26,4,65,1,12,0
07-23-20,Hickman,160,4,160,4,0,0,203,6,2458,57,2661,63,0,0,-3,34,7,126,0,4,0
07-23-20,Houston,43,3,43,3,0,0,49,3,979,37,1028,40,0,0,1,13,2,30,0,6,0
07-23-20,Humphreys,66,4,64,4,2,0,77,3,2120,111,2197,114,1,3,1,9,2,54,0,3,3
07-23-20,Jackson,112,3,112,3,0,0,128,3,1298,40,1426,43,0,0,-4,30,7,82,0,8,2
07-23-20,Jefferson,344,19,317,18,27,1,385,24,6239,287,6624,311,0,1,7,79,12,264,0,20,3
07-23-20,Johnson,59,3,57,3,2,0,62,3,2971,21,3033,24,0,0,1,10,2,49,0,5,0
07-23-20,Knox,3013,206,2934,197,79,9,3331,248,57840,2384,61171,2632,0,21,89,697,117,2295,4,182,25
07-23-20,Lake,701,1,699,1,2,0,871,1,4072,20,4943,21,0,0,-1,4,2,697,0,3,0
07-23-20,Lauderdale,304,11,300,11,4,0,337,10,5417,56,5754,66,1,6,-2,48,12,250,0,25,7
07-23-20,Lawrence,337,17,337,17,0,0,411,15,4754,110,5165,125,0,6,5,67,12,264,0,20,7
07-23-20,Lewis,27,0,27,0,0,0,30,1,1475,48,1505,49,0,0,-1,11,1,16,0,4,1
07-23-20,Lincoln,171,3,171,3,0,0,211,4,3321,49,3532,53,1,1,-9,40,11,130,1,8,1
07-23-20,Loudon,478,20,460,20,18,0,511,24,5569,197,6080,221,0,3,10,109,10,366,1,16,4
07-23-20,Macon,773,16,770,15,3,1,914,26,4039,131,4953,157,1,10,4,71,11,692,2,59,13
07-23-20,Madison,615,38,589,38,26,0,690,40,10562,396,11252,436,5,8,13,54,20,553,4,51,15
07-23-20,Marion,160,7,159,7,1,0,193,10,2519,77,2712,87,0,4,4,31,3,125,1,17,4
07-23-20,Marshall,193,11,193,11,0,0,225,13,3332,146,3557,159,0,2,2,39,9,152,1,13,2
07-23-20,Maury,789,33,787,33,2,0,933,52,8818,552,9751,604,0,4,18,209,15,576,0,37,4
07-23-20,McMinn,424,13,421,13,3,0,506,17,6665,299,7171,316,1,20,1,75,11,329,0,39,21
07-23-20,McNairy,209,12,199,11,10,1,225,9,2569,80,2794,89,0,1,9,48,3,160,4,19,4
07-23-20,Meigs,65,1,65,1,0,0,82,2,1285,36,1367,38,0,0,0,16,1,49,0,5,1
07-23-20,Monroe,262,16,253,16,9,0,300,18,3251,123,3551,141,0,7,15,69,1,186,2,25,5
07-23-20,Montgomery,1365,91,1356,91,9,0,1552,110,20053,1020,21605,1130,0,9,49,301,42,1055,2,73,10
07-23-20,Moore,39,0,39,0,0,0,46,0,755,21,801,21,0,0,-1,7,1,32,0,0,0
07-23-20,Morgan,58,0,58,0,0,0,67,1,4306,43,4373,44,0,1,-1,15,1,42,0,2,1
07-23-20,Obion,254,34,248,33,6,1,281,34,3657,188,3938,222,1,4,27,79,6,171,1,18,5
07-23-20,Out of State,1018,28,1014,26,4,2,1085,33,135961,2832,137046,2865,2,12,4,219,22,787,2,40,4
07-23-20,Overton,121,0,119,0,2,0,140,0,3097,42,3237,42,0,1,-5,11,5,109,0,6,1
07-23-20,Pending,185,10,183,9,2,1,216,10,93138,2252,93354,2262,1,3,3,55,6,127,0,1,0
07-23-20,Perry,56,2,56,2,0,0,67,3,1304,115,1371,118,0,0,0,6,2,50,0,3,0
07-23-20,Pickett,15,0,15,0,0,0,15,0,556,5,571,5,0,1,-1,6,1,8,0,0,1
07-23-20,Polk,106,3,105,3,1,0,116,5,1500,40,1616,45,0,0,-5,30,8,76,2,8,0
07-23-20,Putnam,1261,24,1255,24,6,0,1544,32,14544,326,16088,358,1,9,-1,200,24,1052,1,49,14
07-23-20,Rhea,420,8,420,8,0,0,472,10,4215,145,4687,155,0,1,3,50,5,369,2,11,1
07-23-20,Roane,215,20,204,20,11,0,251,29,7849,206,8100,235,0,0,10,81,10,134,3,18,0
07-23-20,Robertson,1234,28,1231,28,3,0,1539,46,8546,251,10085,297,1,16,6,148,21,1070,1,89,20
07-23-20,Rutherford,5169,148,5160,147,9,1,6213,194,37385,1420,43598,1614,2,45,29,844,117,4280,5,183,49
07-23-20,Scott,47,6,44,6,3,0,46,5,1710,61,1756,66,0,0,3,7,3,40,0,3,0
07-23-20,Sequatchie,88,3,88,3,0,0,106,5,2208,86,2314,91,0,0,3,22,0,66,0,4,0
07-23-20,Sevier,1317,30,1265,30,52,0,1419,41,13448,324,14867,365,0,4,-4,198,34,1115,2,48,5
07-23-20,Shelby,18173,423,18133,420,40,3,21820,559,192718,4090,214538,4649,3,260,31,2235,389,15678,30,1477,288
07-23-20,Smith,295,9,291,9,4,0,337,10,2663,45,3000,55,0,2,-4,73,13,220,1,15,3
07-23-20,Stewart,51,3,51,3,0,0,61,4,1200,38,1261,42,0,0,1,15,2,36,0,2,0
07-23-20,Sullivan,519,35,477,35,42,0,551,36,11722,449,12273,485,0,6,8,173,27,340,3,59,7
07-23-20,Sumner,2841,64,2828,64,13,0,3417,75,20523,550,23940,625,3,65,-11,480,72,2296,5,285,68
07-23-20,Tipton,928,25,919,25,9,0,1038,31,10673,199,11711,230,0,8,8,92,17,828,2,55,8
07-23-20,Trousdale,1558,9,1555,9,3,0,1617,11,2966,48,4583,59,0,6,9,22,0,1530,0,15,6
07-23-20,Unicoi,82,2,82,2,0,0,88,2,2323,39,2411,41,0,0,-1,10,3,72,0,3,0
07-23-20,Union,77,10,75,9,2,1,80,10,1789,110,1869,120,0,0,7,36,3,41,0,3,0
07-23-20,Van Buren,25,0,25,0,0,0,26,0,653,11,679,11,0,0,-2,8,2,17,0,2,0
07-23-20,Warren,267,6,267,6,0,0,298,12,5649,157,5947,169,0,3,-12,78,18,186,0,6,4
07-23-20,Washington,561,48,545,46,16,2,624,49,11760,381,12384,430,0,0,20,202,28,359,4,31,1
07-23-20,Wayne,176,5,176,5,0,0,190,5,3318,48,3508,53,0,0,-1,38,6,138,0,4,2
07-23-20,Weakley,141,14,136,12,5,2,147,14,3675,197,3822,211,0,1,11,39,3,101,1,7,3
07-23-20,White,156,9,154,9,2,0,188,12,3751,116,3939,128,0,3,0,33,9,120,1,11,3
07-23-20,Williamson,2719,57,2713,57,6,0,3208,88,33200,1013,36408,1101,2,21,-11,544,66,2154,1,79,19
07-23-20,Wilson,1798,41,1795,41,3,0,2148,50,18548,423,20696,473,1,20,-11,349,51,1429,0,75,20
07-22-20,Anderson,367,31,354,30,13,1,426,35,10884,127,11310,162,0,3,15,99,16,265,1,21,3
07-22-20,Bedford,718,11,717,11,1,0,856,16,5218,14,6074,30,0,10,3,57,8,651,0,27,10
07-22-20,Benton,31,2,28,2,3,0,34,2,1372,30,1406,32,0,1,0,12,2,18,0,3,1
07-22-20,Bledsoe,651,2,651,2,0,0,670,2,4139,12,4809,14,0,1,2,5,0,645,0,10,1
07-22-20,Blount,698,49,676,48,22,1,824,60,10802,124,11626,184,0,6,17,198,32,494,1,36,7
07-22-20,Bradley,1368,24,1350,24,18,0,1611,33,10429,103,12040,136,0,8,-14,185,38,1175,1,83,8
07-22-20,Campbell,121,4,114,4,7,0,137,4,4234,32,4371,36,0,1,0,36,4,84,0,9,1
07-22-20,Cannon,85,4,84,4,1,0,116,6,1609,30,1725,36,0,0,0,23,4,62,0,5,0
07-22-20,Carroll,97,11,83,8,14,3,97,13,2612,46,2709,59,0,2,7,25,4,70,1,10,2
07-22-20,Carter,270,12,260,12,10,0,293,13,5386,43,5679,56,0,2,-10,109,22,159,0,30,3
07-22-20,Cheatham,410,13,410,13,0,0,489,14,4837,83,5326,97,0,4,1,71,12,335,0,19,5
07-22-20,Chester,139,2,132,1,7,1,146,3,1300,15,1446,18,0,0,-5,24,7,115,0,6,1
07-22-20,Claiborne,138,5,132,3,6,2,151,3,3381,14,3532,17,0,0,-2,42,7,96,0,4,0
07-22-20,Clay,50,1,50,1,0,0,55,1,1081,9,1136,10,0,0,0,10,1,40,0,2,0
07-22-20,Cocke,264,16,252,16,12,0,281,19,3340,71,3621,90,0,1,7,80,9,183,0,11,1
07-22-20,Coffee,232,5,228,4,4,1,280,4,6477,23,6757,27,0,0,-2,62,7,170,0,8,0
07-22-20,Crockett,133,14,121,14,12,0,144,14,1286,13,1430,27,0,3,5,43,9,87,2,8,3
07-22-20,Cumberland,295,10,291,10,4,0,386,13,9823,184,10209,197,0,6,5,46,5,243,0,24,6
07-22-20,Davidson,17648,198,17623,197,25,1,21446,252,154688,1519,176134,1771,1,173,-243,2522,440,14953,7,773,187
07-22-20,Decatur,87,6,62,4,25,2,88,5,1538,35,1626,40,0,0,-2,38,8,49,0,6,0
07-22-20,Dekalb,184,3,184,3,0,0,215,3,3232,15,3447,18,0,1,-6,60,9,123,1,8,1
07-22-20,Dickson,429,12,429,12,0,0,553,14,5796,118,6349,132,0,0,2,95,10,334,1,26,2
07-22-20,Dyer,401,14,386,14,15,0,438,14,4238,43,4676,57,0,5,4,46,10,350,1,35,6
07-22-20,Fayette,528,17,524,17,4,0,665,24,8005,136,8670,160,1,8,3,55,13,465,0,47,11
07-22-20,Fentress,49,2,49,2,0,0,53,2,1649,8,1702,10,0,0,1,17,1,32,1,5,0
07-22-20,Franklin,178,7,176,7,2,0,214,7,4648,65,4862,72,0,3,1,35,6,140,1,11,4
07-22-20,Gibson,331,11,280,11,51,0,368,13,4735,52,5103,65,0,1,-5,81,16,249,1,17,1
07-22-20,Giles,248,9,248,9,0,0,278,8,3580,8,3858,16,2,4,-10,95,17,149,0,19,8
07-22-20,Grainger,97,4,90,3,7,1,114,7,2170,39,2284,46,0,0,2,28,2,69,0,8,0
07-22-20,Greene,254,7,245,7,9,0,289,7,6001,88,6290,95,0,4,-9,57,16,193,0,21,5
07-22-20,Grundy,81,1,80,1,1,0,96,1,1180,10,1276,11,0,2,1,9,0,70,0,15,2
07-22-20,Hamblen,824,44,797,42,27,2,897,47,8437,184,9334,231,0,6,9,132,35,686,0,53,10
07-22-20,Hamilton,4353,56,4340,56,13,0,4948,73,59380,497,64328,570,0,40,-72,527,128,3786,6,207,45
07-22-20,Hancock,51,2,49,1,2,1,54,1,762,18,816,19,0,0,0,32,2,19,0,7,0
07-22-20,Hardeman,633,28,613,28,20,0,701,31,7450,108,8151,139,1,8,4,119,23,506,2,36,11
07-22-20,Hardin,269,19,262,18,7,1,306,22,4799,185,5105,207,0,7,10,60,9,202,0,15,8
07-22-20,Hawkins,166,6,163,6,3,0,198,7,4233,26,4431,33,0,2,0,41,6,123,2,18,2
07-22-20,Haywood,241,17,232,17,9,0,263,18,2273,43,2536,61,0,4,11,45,6,192,2,16,4
07-22-20,Henderson,252,29,202,27,50,2,270,28,2658,88,2928,116,0,0,11,110,18,142,0,10,0
07-22-20,Henry,86,12,84,12,2,0,105,14,3794,52,3899,66,1,1,7,24,4,61,0,11,0
07-22-20,Hickman,156,3,156,3,0,0,197,5,2401,45,2598,50,0,0,-4,37,7,119,0,4,0
07-22-20,Houston,40,2,40,2,0,0,46,2,942,3,988,5,0,0,1,12,1,28,0,6,0
07-22-20,Humphreys,62,1,60,1,2,0,74,1,2009,8,2083,9,0,2,-5,8,6,52,0,3,2
07-22-20,Jackson,109,2,109,2,0,0,125,3,1258,21,1383,24,0,0,-2,34,4,75,1,8,2
07-22-20,Jefferson,325,22,299,22,26,0,361,24,5952,158,6313,182,0,1,12,72,10,252,2,20,2
07-22-20,Johnson,56,1,54,1,2,0,59,1,2950,14,3009,15,0,0,1,9,0,47,0,5,0
07-22-20,Knox,2807,68,2737,60,70,8,3083,63,55456,394,58539,457,3,21,-68,608,133,2178,3,178,24
07-22-20,Lake,700,0,698,0,2,0,870,0,4052,3,4922,3,0,0,0,5,0,695,0,3,0
07-22-20,Lauderdale,293,20,289,20,4,0,327,21,5361,61,5688,82,0,5,14,50,6,238,1,25,7
07-22-20,Lawrence,320,5,320,5,0,0,396,7,4644,30,5040,37,0,6,2,62,3,252,0,20,7
07-22-20,Lewis,27,3,27,3,0,0,29,3,1427,6,1456,9,0,0,3,12,0,15,0,4,0
07-22-20,Lincoln,168,6,168,6,0,0,207,8,3272,11,3479,19,0,0,0,49,6,119,0,7,1
07-22-20,Loudon,458,32,440,32,18,0,487,32,5372,93,5859,125,0,3,26,99,6,356,0,15,4
07-22-20,Macon,757,2,755,2,2,0,888,1,3908,9,4796,10,0,9,-11,67,13,681,0,57,11
07-22-20,Madison,577,16,551,16,26,0,650,15,10166,47,10816,62,0,3,-8,41,24,533,1,47,12
07-22-20,Marion,153,5,152,5,1,0,183,4,2442,19,2625,23,0,4,-4,27,9,122,0,16,4
07-22-20,Marshall,182,3,182,3,0,0,212,4,3186,9,3398,13,0,2,-4,37,7,143,0,12,2
07-22-20,Maury,756,33,754,33,2,0,881,31,8266,131,9147,162,0,4,13,191,20,561,1,37,4
07-22-20,McMinn,411,7,408,7,3,0,489,6,6366,21,6855,27,0,19,-5,74,12,318,0,39,21
07-22-20,McNairy,197,14,188,14,9,0,216,16,2489,90,2705,106,0,1,7,39,7,157,1,15,4
07-22-20,Meigs,64,1,64,1,0,0,80,0,1249,9,1329,9,0,0,-2,16,3,48,0,5,0
07-22-20,Monroe,246,6,237,6,9,0,282,6,3128,44,3410,50,0,7,-1,54,7,185,1,23,5
07-22-20,Montgomery,1274,24,1265,24,9,0,1442,28,19033,201,20475,229,0,9,-34,252,58,1013,0,71,10
07-22-20,Moore,39,0,39,0,0,0,46,0,734,3,780,3,0,0,-2,8,2,31,0,0,0
07-22-20,Morgan,58,8,58,8,0,0,66,8,4263,41,4329,49,0,1,3,16,5,41,0,2,1
07-22-20,Obion,220,20,215,20,5,0,247,21,3469,43,3716,64,0,3,12,52,8,165,0,17,5
07-22-20,Out of State,990,19,988,19,2,0,1052,21,133129,1653,134181,1674,0,10,-14,215,33,765,0,38,4
07-22-20,Overton,121,2,119,2,2,0,140,4,3055,57,3195,61,0,1,-1,16,3,104,0,6,1
07-22-20,Pending,175,5,174,5,1,0,206,8,90886,1904,91092,1912,1,2,-13,52,17,121,0,1,0
07-22-20,Perry,54,0,54,0,0,0,64,0,1189,10,1253,10,0,0,-4,6,4,48,0,3,0
07-22-20,Pickett,15,2,15,2,0,0,15,2,551,3,566,5,0,1,2,7,0,7,0,0,1
07-22-20,Polk,103,6,102,6,1,0,111,6,1460,10,1571,16,0,0,1,35,5,68,0,6,0
07-22-20,Putnam,1237,32,1231,31,6,1,1512,41,14218,358,15730,399,0,8,7,201,25,1028,1,48,11
07-22-20,Rhea,412,2,412,2,0,0,462,3,4070,15,4532,18,1,1,-42,47,43,364,0,9,1
07-22-20,Roane,195,27,184,27,11,0,222,29,7643,167,7865,196,0,0,14,71,13,124,1,15,0
07-22-20,Robertson,1206,8,1203,8,3,0,1493,7,8295,32,9788,39,0,15,-23,142,31,1049,3,88,20
07-22-20,Rutherford,5021,164,5013,164,8,0,6019,186,35965,743,41984,929,0,43,28,815,136,4163,3,178,49
07-22-20,Scott,41,1,38,1,3,0,41,2,1649,30,1690,32,0,0,-3,4,4,37,0,3,0
07-22-20,Sequatchie,85,4,85,4,0,0,101,5,2122,7,2223,12,0,0,2,19,2,66,0,4,0
07-22-20,Sevier,1287,92,1235,92,52,0,1378,98,13124,369,14502,467,0,4,62,202,30,1081,2,46,4
07-22-20,Shelby,17750,368,17713,368,37,0,21261,434,188628,2107,209889,2541,5,257,-69,2204,432,15289,27,1447,284
07-22-20,Smith,286,13,282,13,4,0,327,18,2618,73,2945,91,0,2,5,77,8,207,1,14,3
07-22-20,Stewart,48,1,48,1,0,0,57,1,1162,6,1219,7,0,0,0,14,1,34,0,2,0
07-22-20,Sullivan,484,23,442,23,42,0,515,26,11273,166,11788,192,0,6,-20,165,43,313,5,56,7
07-22-20,Sumner,2777,50,2764,50,13,0,3342,58,19973,281,23315,339,0,62,-34,491,84,2224,1,280,68
07-22-20,Tipton,903,39,894,39,9,0,1007,45,10474,179,11481,224,0,8,26,84,13,811,2,53,8
07-22-20,Trousdale,1549,0,1546,0,3,0,1606,0,2918,13,4524,13,0,6,-5,13,5,1530,0,15,6
07-22-20,Unicoi,80,2,80,2,0,0,86,3,2284,2,2370,5,0,0,1,11,1,69,0,3,0
07-22-20,Union,67,2,66,1,1,1,70,2,1679,5,1749,7,0,0,-1,29,3,38,1,3,0
07-22-20,Van Buren,25,4,25,4,0,0,26,4,642,5,668,9,0,0,3,10,1,15,0,2,0
07-22-20,Warren,261,6,261,6,0,0,286,7,5492,63,5778,70,0,3,-15,90,21,168,0,6,4
07-22-20,Washington,513,10,499,10,14,0,575,13,11379,79,11954,92,0,0,-7,182,17,331,1,27,1
07-22-20,Wayne,171,4,171,4,0,0,185,6,3270,17,3455,23,0,0,-5,39,9,132,0,4,2
07-22-20,Weakley,127,7,124,7,3,0,133,7,3478,53,3611,60,0,1,1,28,6,98,1,6,3
07-22-20,White,147,7,145,7,2,0,176,8,3635,72,3811,80,0,3,-4,33,11,111,0,10,3
07-22-20,Williamson,2662,49,2656,49,6,0,3120,55,32187,206,35307,261,1,19,-37,555,85,2088,1,78,19
07-22-20,Wilson,1757,29,1754,29,3,0,2098,37,18125,295,20223,332,0,19,-12,360,41,1378,2,75,20
07-21-20,Anderson,336,23,324,22,12,1,391,23,10757,304,11148,327,0,3,12,84,11,249,1,20,3
07-21-20,Bedford,707,9,706,9,1,0,840,12,5204,88,6044,100,0,10,-4,54,13,643,0,27,10
07-21-20,Benton,29,1,26,1,3,0,32,1,1342,8,1374,9,0,1,1,12,0,16,0,3,1
07-21-20,Bledsoe,649,1,649,1,0,0,668,2,4127,36,4795,38,0,1,0,3,1,645,0,10,1
07-21-20,Blount,649,80,628,79,21,1,764,105,10678,343,11442,448,-1,6,50,181,31,462,3,35,6
07-21-20,Bradley,1344,53,1326,53,18,0,1578,69,10326,332,11904,401,1,8,3,199,49,1137,4,82,8
07-21-20,Campbell,117,12,110,10,7,2,133,13,4202,71,4335,84,0,1,10,36,2,80,1,9,1
07-21-20,Cannon,81,7,80,7,1,0,110,7,1579,106,1689,113,0,0,4,23,3,58,0,5,0
07-21-20,Carroll,86,6,75,6,11,0,84,4,2566,49,2650,53,0,2,5,18,1,66,0,9,2
07-21-20,Carter,258,27,248,27,10,0,280,34,5343,217,5623,251,0,2,17,119,10,137,1,30,2
07-21-20,Cheatham,397,17,397,17,0,0,475,21,4754,136,5229,157,0,4,3,70,14,323,0,19,5
07-21-20,Chester,137,4,131,4,6,0,143,5,1285,17,1428,22,0,0,-8,29,12,108,0,6,1
07-21-20,Claiborne,133,14,129,13,4,1,148,14,3367,202,3515,216,0,0,7,44,7,89,0,4,0
07-21-20,Clay,49,7,49,7,0,0,54,8,1072,21,1126,29,0,0,7,10,0,39,1,2,0
07-21-20,Cocke,248,15,236,15,12,0,262,17,3269,49,3531,66,0,1,7,73,8,174,1,11,1
07-21-20,Coffee,227,21,224,21,3,0,276,22,6454,311,6730,333,0,0,13,64,8,163,0,8,0
07-21-20,Crockett,119,2,107,2,12,0,130,3,1273,35,1403,38,0,3,-3,38,5,78,1,6,3
07-21-20,Cumberland,285,5,281,5,4,0,373,6,9639,160,10012,166,0,6,-1,41,6,238,1,24,6
07-21-20,Davidson,17450,591,17426,591,24,0,21194,797,153169,5829,174363,6626,6,172,95,2765,490,14513,18,766,181
07-21-20,Decatur,81,11,58,11,23,0,83,12,1503,62,1586,74,0,0,5,40,6,41,3,6,0
07-21-20,Dekalb,181,19,181,19,0,0,212,19,3217,162,3429,181,0,1,9,66,10,114,0,7,1
07-21-20,Dickson,417,18,417,18,0,0,539,27,5678,101,6217,128,0,0,3,93,15,324,1,25,1
07-21-20,Dyer,387,9,372,9,15,0,424,10,4195,40,4619,50,1,5,-5,42,13,340,0,34,5
07-21-20,Fayette,511,13,507,12,4,1,641,16,7869,140,8510,156,0,7,-7,52,20,452,1,47,11
07-21-20,Fentress,47,2,47,2,0,0,51,2,1641,14,1692,16,0,0,0,16,2,31,0,4,0
07-21-20,Franklin,171,6,169,6,2,0,207,9,4583,121,4790,130,0,3,-4,34,10,134,0,10,4
07-21-20,Gibson,320,10,269,8,51,2,355,14,4683,89,5038,103,0,1,2,86,8,233,0,16,1
07-21-20,Giles,239,13,239,13,0,0,270,18,3572,129,3842,147,0,2,0,105,13,132,1,19,4
07-21-20,Grainger,93,7,87,6,6,1,107,8,2131,88,2238,96,0,0,5,26,2,67,0,8,0
07-21-20,Greene,247,8,238,8,9,0,282,15,5913,142,6195,157,1,4,2,66,5,177,0,21,5
07-21-20,Grundy,80,1,79,1,1,0,95,2,1170,25,1265,27,0,2,0,8,1,70,0,15,2
07-21-20,Hamblen,780,65,755,65,25,0,850,80,8253,268,9103,348,0,6,28,123,37,651,2,53,9
07-21-20,Hamilton,4297,154,4284,154,13,0,4875,189,58883,2445,63758,2634,0,40,-4,599,158,3658,9,201,44
07-21-20,Hancock,49,13,48,13,1,0,53,13,744,45,797,58,0,0,12,32,1,17,2,7,0
07-21-20,Hardeman,605,34,585,34,20,0,670,35,7342,76,8012,111,0,7,15,115,19,483,0,34,11
07-21-20,Hardin,250,35,244,35,6,0,284,37,4614,99,4898,136,0,7,19,50,16,193,1,15,8
07-21-20,Hawkins,160,9,157,9,3,0,191,12,4207,53,4398,65,0,2,-4,41,13,117,2,16,2
07-21-20,Haywood,224,16,215,15,9,1,245,17,2230,102,2475,119,0,4,-3,34,19,186,0,14,4
07-21-20,Henderson,223,26,175,23,48,3,242,31,2570,97,2812,128,0,0,11,99,15,124,0,10,0
07-21-20,Henry,74,7,72,6,2,1,91,8,3742,69,3833,77,0,0,4,17,3,57,1,11,0
07-21-20,Hickman,153,7,153,7,0,0,192,9,2356,59,2548,68,0,0,7,41,0,112,1,4,0
07-21-20,Houston,38,2,38,2,0,0,44,2,939,30,983,32,0,0,1,11,1,27,0,6,0
07-21-20,Humphreys,61,1,59,1,2,0,73,2,2001,71,2074,73,0,2,-2,13,3,46,0,3,2
07-21-20,Jackson,107,3,107,3,0,0,122,3,1237,6,1359,9,0,0,0,36,3,71,0,7,2
07-21-20,Jefferson,303,21,277,21,26,0,337,28,5794,132,6131,160,0,1,6,60,15,242,0,18,2
07-21-20,Johnson,55,0,53,0,2,0,58,0,2936,23,2994,23,0,0,0,8,0,47,0,5,0
07-21-20,Knox,2739,230,2677,226,62,4,3020,286,55062,1751,58082,2037,0,18,117,676,113,2045,12,175,24
07-21-20,Lake,700,2,698,2,2,0,870,3,4049,18,4919,21,0,0,1,5,1,695,0,3,0
07-21-20,Lauderdale,273,14,269,14,4,0,306,17,5300,97,5606,114,0,5,-8,36,22,232,1,24,7
07-21-20,Lawrence,315,12,315,12,0,0,389,13,4614,115,5003,128,0,6,-1,60,13,249,0,20,6
07-21-20,Lewis,24,2,24,2,0,0,26,3,1421,38,1447,41,0,0,1,9,1,15,0,4,0
07-21-20,Lincoln,162,10,162,10,0,0,199,12,3261,127,3460,139,0,0,-4,49,14,113,0,7,0
07-21-20,Loudon,426,9,408,9,18,0,455,14,5279,132,5734,146,0,3,-4,73,13,350,1,15,4
07-21-20,Macon,755,12,753,12,2,0,887,18,3899,172,4786,190,1,9,-17,78,28,668,1,57,11
07-21-20,Madison,561,12,535,12,26,0,635,14,10119,177,10754,191,1,3,-7,49,18,509,0,46,11
07-21-20,Marion,148,8,147,8,1,0,179,8,2423,63,2602,71,0,4,-1,31,9,113,1,16,4
07-21-20,Marshall,179,6,179,6,0,0,208,7,3177,90,3385,97,0,2,-1,41,7,136,0,12,2
07-21-20,Maury,723,35,721,35,2,0,850,42,8135,265,8985,307,0,4,14,178,21,541,2,36,4
07-21-20,McMinn,404,17,401,17,3,0,483,19,6345,149,6828,168,0,19,-2,79,19,306,0,39,21
07-21-20,McNairy,183,14,174,13,9,1,200,16,2399,81,2599,97,0,1,5,32,9,150,1,14,3
07-21-20,Meigs,63,5,63,5,0,0,80,6,1240,39,1320,45,0,0,2,18,3,45,0,5,0
07-21-20,Monroe,240,32,231,32,9,0,276,39,3084,102,3360,141,0,7,29,55,3,178,5,22,5
07-21-20,Montgomery,1250,33,1241,33,9,0,1414,38,18832,249,20246,287,1,9,-19,286,51,955,3,71,9
07-21-20,Moore,39,3,39,3,0,0,46,3,731,14,777,17,0,0,2,10,1,29,0,0,0
07-21-20,Morgan,50,2,50,2,0,0,58,2,4222,34,4280,36,0,1,1,13,1,36,0,2,1
07-21-20,Obion,200,11,195,11,5,0,226,13,3426,96,3652,109,0,3,6,40,5,157,2,17,5
07-21-20,Out of State,971,48,969,48,2,0,1031,51,131476,2764,132507,2815,1,10,17,229,30,732,1,38,4
07-21-20,Overton,119,4,117,4,2,0,136,5,2998,57,3134,62,0,1,3,17,1,101,1,6,1
07-21-20,Pending,170,17,169,17,1,0,198,22,88982,8539,89180,8561,0,1,10,65,7,104,1,1,0
07-21-20,Perry,54,3,54,3,0,0,64,3,1179,26,1243,29,0,0,2,10,1,44,0,3,0
07-21-20,Pickett,13,1,13,1,0,0,13,1,548,0,561,1,0,1,0,5,1,7,0,0,1
07-21-20,Polk,97,14,96,14,1,0,105,11,1450,43,1555,54,0,0,12,34,2,63,1,6,0
07-21-20,Putnam,1205,23,1200,23,5,0,1471,30,13860,325,15331,355,1,8,1,194,21,1003,2,47,11
07-21-20,Rhea,410,11,410,11,0,0,459,15,4055,86,4514,101,0,0,6,89,5,321,0,9,1
07-21-20,Roane,168,20,157,19,11,1,193,22,7476,227,7669,249,0,0,13,57,7,111,2,14,0
07-21-20,Robertson,1198,34,1195,34,3,0,1486,48,8263,148,9749,196,1,15,5,165,28,1018,4,85,19
07-21-20,Rutherford,4857,132,4849,132,8,0,5833,162,35222,877,41055,1039,2,43,-7,787,137,4027,3,175,49
07-21-20,Scott,40,1,37,1,3,0,39,3,1619,33,1658,36,0,0,-1,7,2,33,0,3,0
07-21-20,Sequatchie,81,6,81,6,0,0,96,4,2115,72,2211,76,0,0,2,17,4,64,0,4,0
07-21-20,Sevier,1195,56,1143,54,52,2,1280,63,12755,253,14035,316,0,4,22,140,34,1051,1,44,4
07-21-20,Shelby,17382,493,17345,492,37,1,20827,601,186521,2527,207348,3128,7,252,2,2273,484,14857,41,1420,282
07-21-20,Smith,273,30,269,30,4,0,309,31,2545,92,2854,123,0,2,17,72,13,199,1,13,3
07-21-20,Stewart,47,1,47,1,0,0,56,2,1156,34,1212,36,0,0,-4,14,5,33,0,2,0
07-21-20,Sullivan,461,30,419,26,42,4,489,40,11107,213,11596,253,0,6,4,185,26,270,1,51,7
07-21-20,Sumner,2727,119,2714,119,13,0,3284,139,19692,587,22976,726,1,62,31,525,87,2140,3,279,65
07-21-20,Tipton,864,26,855,26,9,0,962,31,10295,222,11257,253,0,8,12,58,14,798,1,51,8
07-21-20,Trousdale,1549,0,1546,0,3,0,1606,1,2905,50,4511,51,0,6,-5,18,5,1525,0,15,6
07-21-20,Unicoi,78,9,78,9,0,0,83,8,2282,55,2365,63,0,0,6,10,3,68,0,3,0
07-21-20,Union,65,7,65,7,0,0,68,8,1674,61,1742,69,0,0,2,30,5,35,0,2,0
07-21-20,Van Buren,21,2,21,2,0,0,22,2,637,16,659,18,0,0,0,7,2,14,1,2,0
07-21-20,Warren,255,14,255,14,0,0,279,16,5429,303,5708,319,0,3,1,105,13,147,0,6,3
07-21-20,Washington,503,50,489,50,14,0,562,62,11300,378,11862,440,0,0,28,189,22,314,3,26,0
07-21-20,Wayne,167,7,167,7,0,0,179,8,3253,34,3432,42,0,0,1,44,6,123,0,4,2
07-21-20,Weakley,120,3,117,3,3,0,126,3,3425,32,3551,35,0,1,-4,27,7,92,0,5,2
07-21-20,White,140,5,138,5,2,0,168,6,3563,93,3731,99,0,3,-2,37,7,100,1,10,3
07-21-20,Williamson,2613,77,2607,77,6,0,3065,103,31981,600,35046,703,0,18,-10,592,87,2003,1,77,19
07-21-20,Wilson,1728,51,1725,51,3,0,2061,63,17830,423,19891,486,0,19,10,372,41,1337,1,73,20
07-20-20,Anderson,313,28,302,28,11,0,368,30,10453,168,10821,198,1,3,9,72,18,238,0,19,3
07-20-20,Bedford,698,2,697,2,1,0,828,2,5116,17,5944,19,0,10,-19,58,21,630,0,27,10
07-20-20,Benton,28,2,25,2,3,0,31,2,1334,29,1365,31,0,1,1,11,1,16,0,3,1
07-20-20,Bledsoe,648,1,648,1,0,0,666,1,4091,10,4757,11,0,1,0,3,1,644,0,10,1
07-20-20,Blount,569,42,549,38,20,4,659,37,10335,206,10994,243,1,7,-3,131,44,431,2,32,6
07-20-20,Bradley,1291,18,1273,18,18,0,1509,12,9994,33,11503,45,0,7,-26,196,44,1088,1,78,8
07-20-20,Campbell,105,2,100,2,5,0,120,1,4131,100,4251,101,0,1,0,26,2,78,0,8,1
07-20-20,Cannon,74,2,73,2,1,0,103,2,1473,18,1576,20,0,0,0,19,2,55,0,5,0
07-20-20,Carroll,80,4,69,2,11,2,80,4,2517,47,2597,51,0,2,0,13,4,65,0,9,2
07-20-20,Carter,231,4,221,4,10,0,246,6,5126,19,5372,25,0,2,-9,102,13,127,3,29,2
07-20-20,Cheatham,380,6,380,6,0,0,454,6,4618,26,5072,32,0,4,-14,67,20,309,0,19,5
07-20-20,Chester,133,4,127,3,6,1,138,6,1268,28,1406,34,0,0,-4,37,8,96,0,6,1
07-20-20,Claiborne,119,2,116,2,3,0,134,2,3165,21,3299,23,0,0,-7,37,9,82,0,4,0
07-20-20,Clay,42,1,42,1,0,0,46,1,1051,19,1097,20,0,0,0,3,1,39,0,1,0
07-20-20,Cocke,233,14,221,12,12,2,245,11,3220,57,3465,68,0,1,-1,66,15,166,0,10,1
07-20-20,Coffee,206,1,203,1,3,0,254,1,6143,22,6397,23,0,0,-8,51,9,155,0,8,0
07-20-20,Crockett,117,9,105,7,12,2,127,9,1238,22,1365,31,0,3,-2,41,11,73,0,5,3
07-20-20,Cumberland,280,14,276,14,4,0,367,17,9479,204,9846,221,0,6,2,42,12,232,0,23,6
07-20-20,Davidson,16859,120,16835,119,24,1,20397,180,147340,936,167737,1116,0,166,-414,2670,534,14023,3,748,181
07-20-20,Decatur,70,10,47,9,23,1,71,9,1441,15,1512,24,0,0,9,35,1,35,0,3,0
07-20-20,Dekalb,162,20,162,20,0,0,193,21,3055,143,3248,164,0,1,15,57,5,104,0,7,1
07-20-20,Dickson,399,2,399,2,0,0,512,2,5577,68,6089,70,0,0,-20,90,22,309,0,24,1
07-20-20,Dyer,378,6,363,5,15,1,414,5,4155,43,4569,48,1,4,-7,47,12,327,1,34,5
07-20-20,Fayette,498,16,495,16,3,0,625,17,7729,98,8354,115,0,7,-16,59,32,432,0,46,11
07-20-20,Fentress,45,3,45,3,0,0,49,3,1627,49,1676,52,0,0,2,16,1,29,0,4,0
07-20-20,Franklin,165,0,163,0,2,0,198,0,4462,7,4660,7,0,3,-9,38,9,124,0,10,4
07-20-20,Gibson,310,14,261,10,49,4,341,14,4594,86,4935,100,0,1,-14,84,28,225,0,16,1
07-20-20,Giles,226,9,226,9,0,0,252,10,3443,16,3695,26,0,2,1,105,8,119,2,18,4
07-20-20,Grainger,86,14,81,14,5,0,99,14,2043,35,2142,49,0,0,11,21,3,65,0,8,0
07-20-20,Greene,239,8,230,7,9,1,267,4,5771,36,6038,40,0,3,-8,64,16,172,1,21,5
07-20-20,Grundy,79,2,78,2,1,0,93,2,1145,2,1238,4,0,2,2,8,0,69,2,15,2
07-20-20,Hamblen,715,44,690,44,25,0,770,48,7985,170,8755,218,0,6,0,95,44,614,5,51,8
07-20-20,Hamilton,4143,19,4130,19,13,0,4686,21,56438,80,61124,101,0,40,-145,603,164,3500,4,192,44
07-20-20,Hancock,36,1,35,1,1,0,40,1,699,3,739,4,0,0,-3,20,4,16,0,5,0
07-20-20,Hardeman,571,14,551,12,20,2,635,15,7266,86,7901,101,0,7,-9,100,23,464,0,34,10
07-20-20,Hardin,215,12,209,12,6,0,247,12,4515,96,4762,108,0,7,-1,31,13,177,0,14,7
07-20-20,Hawkins,151,6,148,6,3,0,179,4,4154,84,4333,88,0,2,-1,45,7,104,0,14,2
07-20-20,Haywood,208,7,200,6,8,1,228,7,2128,37,2356,44,0,4,-1,37,8,167,0,14,4
07-20-20,Henderson,197,27,152,22,45,5,211,28,2473,80,2684,108,0,0,17,88,10,109,2,10,0
07-20-20,Henry,67,5,66,5,1,0,83,5,3673,46,3756,51,0,0,3,13,2,54,0,10,0
07-20-20,Hickman,146,3,146,3,0,0,183,3,2297,4,2480,7,0,0,-3,34,6,112,0,3,0
07-20-20,Houston,36,2,36,2,0,0,42,2,909,1,951,3,0,0,1,10,1,26,0,6,0
07-20-20,Humphreys,60,0,58,0,2,0,71,0,1930,9,2001,9,0,2,-1,15,1,43,0,3,2
07-20-20,Jackson,104,12,104,12,0,0,119,16,1231,46,1350,62,0,0,4,36,8,68,0,7,2
07-20-20,Jefferson,282,11,256,11,26,0,309,9,5662,39,5971,48,0,1,-1,54,12,227,1,18,2
07-20-20,Johnson,55,0,53,0,2,0,58,0,2913,2,2971,2,0,0,-2,8,2,47,0,5,0
07-20-20,Knox,2509,74,2451,70,58,4,2734,51,53311,336,56045,387,0,18,-59,559,133,1932,4,163,23
07-20-20,Lake,698,0,696,0,2,0,867,0,4031,9,4898,9,0,0,0,4,0,694,0,3,0
07-20-20,Lauderdale,259,7,255,7,4,0,289,7,5203,44,5492,51,0,5,1,44,6,210,1,23,7
07-20-20,Lawrence,303,12,303,12,0,0,376,11,4499,28,4875,39,0,6,-10,61,22,236,1,20,6
07-20-20,Lewis,22,0,22,0,0,0,23,0,1383,3,1406,3,0,0,-1,8,1,14,0,4,0
07-20-20,Lincoln,152,1,152,1,0,0,187,1,3134,4,3321,5,0,0,-9,53,10,99,0,7,0
07-20-20,Loudon,417,20,399,20,18,0,441,18,5147,79,5588,97,0,3,11,77,9,337,1,14,4
07-20-20,Macon,743,11,741,11,2,0,869,20,3727,63,4596,83,0,8,-5,95,16,640,1,56,11
07-20-20,Madison,549,18,523,18,26,0,621,20,9942,77,10563,97,0,2,-4,56,22,491,0,46,9
07-20-20,Marion,140,3,139,3,1,0,171,3,2360,2,2531,5,0,4,-2,32,5,104,0,15,4
07-20-20,Marshall,173,2,173,2,0,0,201,2,3087,17,3288,19,0,2,-5,42,7,129,0,12,2
07-20-20,Maury,688,15,686,15,2,0,808,14,7870,66,8678,80,0,4,-15,164,30,520,1,34,4
07-20-20,McMinn,387,3,384,3,3,0,464,3,6196,27,6660,30,0,19,-12,81,15,287,0,39,21
07-20-20,McNairy,169,11,161,9,8,2,184,10,2318,65,2502,75,0,1,-11,27,22,141,1,13,1
07-20-20,Meigs,58,0,58,0,0,0,74,0,1201,1,1275,1,0,0,-5,16,5,42,0,5,0
07-20-20,Monroe,208,15,199,15,9,0,237,19,2982,23,3219,42,0,7,8,26,7,175,1,17,5
07-20-20,Montgomery,1217,5,1208,5,9,0,1376,6,18583,43,19959,49,0,8,-63,305,68,904,0,68,9
07-20-20,Moore,36,0,36,0,0,0,43,0,717,1,760,1,0,0,-2,8,2,28,0,0,0
07-20-20,Morgan,48,2,48,2,0,0,56,2,4188,27,4244,29,0,1,0,12,2,35,0,2,1
07-20-20,Obion,189,13,184,13,5,0,213,12,3330,38,3543,50,0,3,1,34,12,152,0,15,5
07-20-20,Out of State,923,3,921,3,2,0,980,3,128712,305,129692,308,0,9,-37,212,40,702,0,37,4
07-20-20,Overton,115,3,113,3,2,0,131,6,2941,131,3072,137,0,1,-2,14,5,100,0,5,1
07-20-20,Pending,153,4,152,4,1,0,176,5,80443,294,80619,299,0,1,-4,55,8,97,0,0,0
07-20-20,Perry,51,2,51,2,0,0,61,2,1153,5,1214,7,0,0,-1,8,3,43,0,3,0
07-20-20,Pickett,12,2,12,2,0,0,12,2,548,8,560,10,0,1,2,5,0,6,0,0,1
07-20-20,Polk,83,0,82,0,1,0,94,0,1407,2,1501,2,0,0,-5,22,5,61,0,5,0
07-20-20,Putnam,1182,25,1177,25,5,0,1441,32,13535,325,14976,357,0,7,-8,193,33,982,1,45,9
07-20-20,Rhea,399,1,399,1,0,0,444,0,3969,9,4413,9,0,0,-13,83,14,316,0,9,0
07-20-20,Roane,148,19,138,17,10,2,171,17,7249,153,7420,170,0,0,5,44,14,104,0,12,0
07-20-20,Robertson,1164,6,1161,6,3,0,1438,6,8115,25,9553,31,0,14,-23,160,29,990,0,81,19
07-20-20,Rutherford,4725,59,4717,59,8,0,5671,70,34345,307,40016,377,0,41,-98,794,157,3890,0,172,48
07-20-20,Scott,39,2,36,2,3,0,36,2,1586,27,1622,29,0,0,-1,8,3,31,1,3,0
07-20-20,Sequatchie,75,1,75,1,0,0,92,1,2043,3,2135,4,0,0,-1,15,2,60,0,4,0
07-20-20,Sevier,1139,25,1089,25,50,0,1217,25,12502,107,13719,132,0,4,-8,118,33,1017,1,43,4
07-20-20,Shelby,16889,92,16853,92,36,0,20226,112,183994,720,204220,832,0,245,-348,2271,440,14373,2,1379,282
07-20-20,Smith,243,10,239,10,4,0,278,16,2453,75,2731,91,0,2,-1,55,11,186,0,12,2
07-20-20,Stewart,46,1,46,1,0,0,54,1,1122,3,1176,4,0,0,0,18,1,28,0,2,0
07-20-20,Sullivan,431,25,393,25,38,0,449,26,10894,228,11343,254,0,6,2,181,23,244,3,50,7
07-20-20,Sumner,2608,24,2595,24,13,0,3145,27,19105,112,22250,139,1,61,-88,494,111,2053,0,276,65
07-20-20,Tipton,838,11,829,11,9,0,931,13,10073,94,11004,107,0,8,-9,46,20,784,1,50,8
07-20-20,Trousdale,1549,4,1546,4,3,0,1605,5,2855,6,4460,11,0,6,-4,23,8,1520,0,15,6
07-20-20,Unicoi,69,1,69,1,0,0,75,0,2227,3,2302,3,0,0,-4,4,5,65,0,3,0
07-20-20,Union,58,6,58,6,0,0,60,5,1613,22,1673,27,0,0,4,28,2,30,0,2,0
07-20-20,Van Buren,19,0,19,0,0,0,20,0,621,25,641,25,0,0,-3,7,3,12,0,1,0
07-20-20,Warren,241,20,241,20,0,0,263,24,5126,348,5389,372,0,3,1,104,19,134,0,6,3
07-20-20,Washington,453,14,439,12,14,2,500,11,10922,89,11422,100,0,0,-9,161,23,292,1,23,0
07-20-20,Wayne,160,4,160,4,0,0,171,4,3219,11,3390,15,0,0,-5,43,9,117,1,4,0
07-20-20,Weakley,117,7,114,7,3,0,123,8,3393,69,3516,77,0,1,5,31,2,85,0,5,2
07-20-20,White,135,9,133,9,2,0,162,9,3470,102,3632,111,0,3,4,39,5,93,1,9,3
07-20-20,Williamson,2536,37,2530,37,6,0,2962,45,31381,252,34343,297,0,18,-68,602,105,1916,2,76,18
07-20-20,Wilson,1677,32,1674,32,3,0,1998,39,17407,174,19405,213,0,19,-37,362,69,1296,2,72,19
07-19-20,Anderson,285,8,274,8,11,0,338,9,10285,80,10623,89,0,2,-5,63,13,220,2,19,3
07-19-20,Bedford,696,13,695,13,1,0,826,16,5099,104,5925,120,0,10,7,77,6,609,0,27,10
07-19-20,Benton,26,2,23,2,3,0,29,2,1305,16,1334,18,0,1,1,10,1,15,0,3,1
07-19-20,Bledsoe,647,0,647,0,0,0,665,1,4081,25,4746,26,0,1,-2,3,2,643,0,10,1
07-19-20,Blount,527,16,511,15,16,1,622,16,10129,141,10751,157,0,6,-11,134,27,387,0,30,6
07-19-20,Bradley,1273,33,1255,33,18,0,1497,53,9961,230,11458,283,0,7,2,222,31,1044,0,77,8
07-19-20,Campbell,103,6,98,6,5,0,119,6,4031,108,4150,114,0,1,4,26,2,76,0,8,1
07-19-20,Cannon,72,1,71,1,1,0,101,1,1455,30,1556,31,0,0,-1,19,2,53,0,5,0
07-19-20,Carroll,76,2,67,2,9,0,76,2,2470,31,2546,33,0,2,-1,13,3,61,0,9,2
07-19-20,Carter,227,31,217,31,10,0,240,32,5107,161,5347,193,0,2,20,111,11,114,6,26,2
07-19-20,Cheatham,374,7,374,7,0,0,448,12,4592,44,5040,56,0,4,-1,81,8,289,0,19,5
07-19-20,Chester,129,4,124,4,5,0,132,5,1240,22,1372,27,0,0,-4,41,8,88,0,6,1
07-19-20,Claiborne,117,3,114,3,3,0,132,3,3144,40,3276,43,0,0,0,44,3,73,0,4,0
07-19-20,Clay,41,1,41,1,0,0,45,2,1032,41,1077,43,0,0,0,3,1,38,0,1,0
07-19-20,Cocke,219,5,209,5,10,0,234,7,3163,58,3397,65,0,1,-4,67,9,151,0,10,1
07-19-20,Coffee,205,12,202,12,3,0,253,16,6121,197,6374,213,0,0,9,59,3,146,0,8,0
07-19-20,Crockett,108,4,98,4,10,0,118,6,1216,16,1334,22,0,3,0,43,4,62,0,5,3
07-19-20,Cumberland,266,3,262,3,4,0,350,4,9275,59,9625,63,0,6,-1,40,4,220,0,23,6
07-19-20,Davidson,16739,220,16716,220,23,0,20217,305,146404,2108,166621,2413,0,166,-128,3084,348,13489,10,745,178
07-19-20,Decatur,60,3,38,2,22,1,62,3,1426,29,1488,32,0,0,-2,26,5,34,0,3,0
07-19-20,Dekalb,142,6,142,6,0,0,172,6,2912,19,3084,25,1,1,-2,42,7,99,0,7,1
07-19-20,Dickson,397,11,397,11,0,0,510,14,5509,133,6019,147,0,0,1,110,10,287,0,24,1
07-19-20,Dyer,372,5,358,5,14,0,409,6,4112,50,4521,56,0,3,-3,54,8,315,0,33,5
07-19-20,Fayette,482,7,479,7,3,0,608,9,7631,121,8239,130,0,7,-3,75,10,400,0,46,11
07-19-20,Fentress,42,1,42,1,0,0,46,1,1578,8,1624,9,0,0,1,14,0,28,0,4,0
07-19-20,Franklin,165,7,163,7,2,0,198,15,4455,120,4653,135,0,3,2,47,5,115,0,10,3
07-19-20,Gibson,296,8,251,7,45,1,327,9,4508,62,4835,71,0,1,-1,98,9,197,0,16,1
07-19-20,Giles,217,6,217,6,0,0,242,7,3427,86,3669,93,0,2,-1,104,7,111,1,16,3
07-19-20,Grainger,72,1,67,1,5,0,85,1,2008,25,2093,26,0,0,-1,10,2,62,0,8,0
07-19-20,Greene,231,15,223,15,8,0,263,18,5735,164,5998,182,0,3,8,72,7,156,2,20,5
07-19-20,Grundy,77,1,76,1,1,0,91,1,1143,17,1234,18,0,2,1,6,0,69,0,13,2
07-19-20,Hamblen,671,12,646,12,25,0,722,16,7815,89,8537,105,0,6,-12,95,24,570,0,46,7
07-19-20,Hamilton,4124,98,4111,97,13,1,4665,125,56358,1283,61023,1408,0,40,23,748,75,3336,1,188,42
07-19-20,Hancock,35,2,34,2,1,0,39,3,696,42,735,45,0,0,2,23,0,12,0,5,0
07-19-20,Hardeman,557,10,539,10,18,0,620,11,7180,63,7800,74,0,7,-3,109,13,441,0,34,10
07-19-20,Hardin,203,8,197,8,6,0,235,10,4419,118,4654,128,0,7,2,32,6,164,1,14,7
07-19-20,Hawkins,145,11,142,11,3,0,175,14,4070,101,4245,115,0,2,7,46,4,97,0,14,2
07-19-20,Haywood,201,10,194,10,7,0,221,10,2091,39,2312,49,0,4,9,38,1,159,0,14,4
07-19-20,Henderson,170,12,130,12,40,0,183,12,2393,51,2576,63,0,0,0,71,12,99,0,8,0
07-19-20,Henry,62,1,61,1,1,0,78,1,3627,15,3705,16,0,0,0,10,1,52,1,10,0
07-19-20,Hickman,143,3,143,3,0,0,180,5,2293,37,2473,42,0,0,2,37,1,106,0,3,0
07-19-20,Houston,34,0,34,0,0,0,40,0,908,12,948,12,0,0,-1,9,1,25,0,6,0
07-19-20,Humphreys,60,0,58,0,2,0,71,0,1921,32,1992,32,0,2,-1,16,1,42,0,3,2
07-19-20,Jackson,92,0,92,0,0,0,103,0,1185,10,1288,10,0,0,-3,32,3,60,0,7,2
07-19-20,Jefferson,271,7,245,3,26,4,300,8,5623,73,5923,81,0,1,0,55,7,215,1,17,2
07-19-20,Johnson,55,1,53,1,2,0,58,1,2911,29,2969,30,0,0,-1,10,2,45,0,5,0
07-19-20,Knox,2435,85,2381,75,54,10,2683,74,52975,578,55658,652,0,18,-15,618,100,1799,0,159,22
07-19-20,Lake,698,2,696,2,2,0,867,2,4022,21,4889,23,0,0,-1,4,3,694,0,3,0
07-19-20,Lauderdale,252,8,248,8,4,0,282,10,5159,46,5441,56,0,5,5,43,3,204,0,22,7
07-19-20,Lawrence,291,3,291,3,0,0,365,8,4471,66,4836,74,0,6,0,71,3,214,0,19,6
07-19-20,Lewis,22,4,22,4,0,0,23,4,1380,18,1403,22,0,0,4,9,0,13,1,4,0
07-19-20,Lincoln,151,4,151,4,0,0,186,5,3130,22,3316,27,0,0,1,62,3,89,0,7,0
07-19-20,Loudon,397,7,379,7,18,0,423,5,5068,28,5491,33,0,3,1,66,6,328,0,13,4
07-19-20,Macon,732,2,730,2,2,0,849,8,3664,37,4513,45,0,8,-3,100,5,624,1,55,11
07-19-20,Madison,531,14,505,14,26,0,601,13,9865,141,10466,154,0,2,-4,60,18,469,0,46,9
07-19-20,Marion,137,6,136,6,1,0,168,9,2358,65,2526,74,0,4,1,34,5,99,1,15,4
07-19-20,Marshall,171,8,171,8,0,0,199,12,3070,103,3269,115,0,2,4,47,4,122,0,12,2
07-19-20,Maury,673,30,671,30,2,0,794,33,7804,279,8598,312,0,4,17,179,13,490,0,33,4
07-19-20,McMinn,384,10,381,10,3,0,461,13,6169,135,6630,148,0,19,2,93,8,272,1,39,21
07-19-20,McNairy,158,4,152,3,6,1,174,4,2253,47,2427,51,0,1,0,38,4,119,0,12,1
07-19-20,Meigs,58,1,58,1,0,0,74,3,1200,17,1274,20,0,0,1,21,0,37,0,5,0
07-19-20,Monroe,193,2,184,2,9,0,218,1,2959,25,3177,26,0,7,0,18,2,168,0,16,5
07-19-20,Montgomery,1212,22,1203,22,9,0,1370,25,18540,282,19910,307,0,8,-4,368,26,836,3,68,8
07-19-20,Moore,36,4,36,4,0,0,43,5,716,17,759,22,0,0,3,10,1,26,0,0,0
07-19-20,Morgan,46,1,46,1,0,0,54,1,4161,9,4215,10,0,1,-1,12,2,33,0,2,1
07-19-20,Obion,176,6,171,6,5,0,201,6,3292,37,3493,43,0,3,0,33,6,140,0,15,5
07-19-20,Out of State,920,21,918,21,2,0,977,20,128407,1075,129384,1095,-1,9,5,249,17,662,0,37,3
07-19-20,Overton,112,0,110,0,2,0,125,0,2810,21,2935,21,0,1,0,16,0,95,0,5,1
07-19-20,Pending,149,11,148,11,1,0,171,12,80149,1194,80320,1206,0,1,6,59,5,89,0,0,0
07-19-20,Perry,49,0,49,0,0,0,59,0,1148,14,1207,14,0,0,0,9,0,40,0,3,0
07-19-20,Pickett,10,0,10,0,0,0,10,0,540,0,550,0,0,1,0,3,0,6,0,0,1
07-19-20,Polk,83,4,82,4,1,0,94,4,1405,34,1499,38,0,0,4,27,0,56,1,5,0
07-19-20,Putnam,1157,2,1152,2,5,0,1409,2,13210,32,14619,34,0,7,-10,201,12,949,1,44,9
07-19-20,Rhea,398,7,398,7,0,0,444,9,3960,117,4404,126,0,0,5,96,2,302,0,9,0
07-19-20,Roane,129,2,121,2,8,0,154,3,7096,50,7250,53,0,0,-5,39,7,90,0,12,0
07-19-20,Robertson,1158,13,1155,13,3,0,1432,19,8090,143,9522,162,0,14,-6,183,19,961,0,81,19
07-19-20,Rutherford,4666,148,4658,148,8,0,5601,173,34038,811,39639,984,0,41,65,892,83,3733,3,172,47
07-19-20,Scott,37,0,34,0,3,0,34,0,1559,16,1593,16,0,0,0,9,0,28,0,2,0
07-19-20,Sequatchie,74,0,74,0,0,0,91,1,2040,37,2131,38,0,0,-4,16,4,58,0,4,0
07-19-20,Sevier,1114,31,1064,31,50,0,1192,38,12395,192,13587,230,0,4,13,126,18,984,0,42,4
07-19-20,Shelby,16797,211,16761,211,36,0,20114,277,183274,2108,203388,2385,4,245,-74,2619,281,13933,16,1377,277
07-19-20,Smith,233,6,229,6,4,0,262,8,2378,22,2640,30,0,2,1,56,5,175,0,12,2
07-19-20,Stewart,45,3,45,3,0,0,53,4,1119,24,1172,28,0,0,2,18,1,27,0,2,0
07-19-20,Sullivan,406,28,368,26,38,2,423,23,10666,393,11089,416,0,6,11,179,17,221,4,47,7
07-19-20,Sumner,2584,57,2571,57,13,0,3118,67,18993,366,22111,433,0,60,12,582,45,1942,0,276,63
07-19-20,Tipton,827,12,818,11,9,1,918,13,9979,97,10897,110,0,8,-3,55,15,764,0,49,8
07-19-20,Trousdale,1545,3,1542,3,3,0,1600,5,2849,11,4449,16,0,6,0,27,3,1512,0,15,6
07-19-20,Unicoi,68,3,68,3,0,0,75,3,2224,54,2299,57,0,0,2,8,1,60,1,3,0
07-19-20,Union,52,4,52,4,0,0,55,5,1591,55,1646,60,0,0,2,24,2,28,0,2,0
07-19-20,Van Buren,19,0,19,0,0,0,20,0,596,4,616,4,0,0,0,10,0,9,0,1,0
07-19-20,Warren,221,4,221,4,0,0,239,5,4778,73,5017,78,0,3,-6,103,10,115,1,6,3
07-19-20,Washington,439,40,427,39,12,1,489,48,10833,371,11322,419,0,0,25,170,15,269,3,22,0
07-19-20,Wayne,156,3,156,3,0,0,167,4,3208,15,3375,19,0,0,-2,48,5,108,0,3,0
07-19-20,Weakley,110,3,107,3,3,0,115,3,3324,38,3439,41,0,1,2,26,1,83,0,5,2
07-19-20,White,126,0,124,0,2,0,153,0,3368,8,3521,8,0,3,0,35,0,88,0,8,3
07-19-20,Williamson,2499,71,2493,71,6,0,2917,96,31129,762,34046,858,0,18,-9,670,80,1811,1,74,17
07-19-20,Wilson,1645,56,1642,56,3,0,1959,62,17233,391,19192,453,1,19,26,399,29,1227,0,70,19
07-18-20,Anderson,277,7,266,7,11,0,329,12,10205,219,10534,231,0,2,-3,68,10,207,0,17,3
07-18-20,Bedford,683,4,682,3,1,1,810,14,4995,110,5805,124,0,10,-1,70,5,603,0,27,10
07-18-20,Benton,24,1,21,1,3,0,27,1,1289,5,1316,6,0,1,1,9,0,14,0,3,1
07-18-20,Bledsoe,647,3,647,3,0,0,664,4,4056,35,4720,39,0,1,1,5,2,641,0,10,1
07-18-20,Blount,511,13,496,11,15,2,606,12,9988,170,10594,182,2,6,-13,145,24,360,3,30,6
07-18-20,Bradley,1240,37,1222,37,18,0,1444,52,9731,267,11175,319,1,7,12,220,24,1013,3,77,8
07-18-20,Campbell,97,5,92,5,5,0,113,5,3923,132,4036,137,0,1,4,22,1,74,1,8,1
07-18-20,Cannon,71,2,70,2,1,0,100,3,1425,11,1525,14,0,0,1,20,1,51,0,5,0
07-18-20,Carroll,74,2,65,2,9,0,74,2,2439,18,2513,20,1,2,-2,14,3,58,0,9,2
07-18-20,Carter,196,18,186,18,10,0,208,22,4946,347,5154,369,0,2,11,91,7,103,0,20,2
07-18-20,Cheatham,367,8,367,8,0,0,436,11,4548,143,4984,154,0,4,0,82,8,281,0,19,5
07-18-20,Chester,125,3,120,3,5,0,127,3,1218,32,1345,35,0,0,-5,45,8,80,0,6,1
07-18-20,Claiborne,114,4,111,4,3,0,129,8,3104,245,3233,253,0,0,2,44,2,70,0,4,0
07-18-20,Clay,40,0,40,0,0,0,43,0,991,10,1034,10,0,0,-1,3,1,37,0,1,0
07-18-20,Cocke,214,9,204,9,10,0,227,10,3105,75,3332,85,0,1,6,71,3,142,0,10,1
07-18-20,Coffee,193,10,190,10,3,0,237,19,5924,172,6161,191,0,0,8,50,2,143,1,8,0
07-18-20,Crockett,104,7,94,7,10,0,112,7,1200,15,1312,22,0,3,2,43,5,58,1,5,3
07-18-20,Cumberland,263,1,259,1,4,0,346,1,9216,98,9562,99,0,6,-3,41,4,216,0,23,6
07-18-20,Davidson,16519,365,16496,364,23,1,19912,490,144296,3800,164208,4290,2,166,172,3212,191,13141,5,735,177
07-18-20,Decatur,57,2,36,2,21,0,59,2,1397,84,1456,86,0,0,1,28,1,29,0,3,0
07-18-20,Dekalb,136,0,136,0,0,0,166,2,2893,59,3059,61,0,0,-2,44,2,92,0,7,0
07-18-20,Dickson,386,17,386,17,0,0,496,18,5376,80,5872,98,0,0,6,109,11,277,0,24,0
07-18-20,Dyer,367,10,353,10,14,0,403,14,4062,81,4465,95,0,3,3,57,7,307,1,33,5
07-18-20,Fayette,475,13,472,13,3,0,599,14,7510,59,8109,73,0,7,2,78,11,390,0,46,10
07-18-20,Fentress,41,1,41,1,0,0,45,1,1570,12,1615,13,0,0,1,13,0,28,1,4,0
07-18-20,Franklin,158,11,156,11,2,0,183,10,4335,135,4518,145,0,3,9,45,2,110,0,10,3
07-18-20,Gibson,288,7,244,7,44,0,318,10,4446,116,4764,126,0,1,2,99,5,188,0,16,1
07-18-20,Giles,211,20,211,20,0,0,235,26,3341,113,3576,139,0,2,11,105,9,104,0,15,3
07-18-20,Grainger,71,1,66,1,5,0,84,1,1983,50,2067,51,0,0,-1,11,2,60,0,8,0
07-18-20,Greene,216,16,208,15,8,1,245,22,5571,227,5816,249,1,3,11,64,4,149,0,18,4
07-18-20,Grundy,76,1,75,1,1,0,90,1,1126,29,1216,30,0,2,1,5,0,69,0,13,2
07-18-20,Hamblen,659,12,634,9,25,3,706,15,7726,218,8432,233,0,6,-10,107,22,546,2,46,7
07-18-20,Hamilton,4026,89,4014,88,12,1,4540,116,55075,1297,59615,1413,0,40,31,725,58,3261,2,187,42
07-18-20,Hancock,33,4,32,4,1,0,36,6,654,56,690,62,0,0,3,21,1,12,0,5,0
07-18-20,Hardeman,547,15,529,15,18,0,609,16,7117,38,7726,54,2,7,3,112,10,428,1,34,10
07-18-20,Hardin,195,2,189,2,6,0,225,2,4301,132,4526,134,0,7,-7,30,9,158,0,13,7
07-18-20,Hawkins,134,5,131,5,3,0,161,10,3969,93,4130,103,0,2,-1,39,6,93,0,14,2
07-18-20,Haywood,191,7,184,7,7,0,211,7,2052,17,2263,24,0,4,0,29,7,158,0,14,4
07-18-20,Henderson,158,8,118,7,40,1,171,9,2342,44,2513,53,0,0,3,71,5,87,0,8,0
07-18-20,Henry,61,2,60,2,1,0,77,2,3612,7,3689,9,0,0,1,10,1,51,0,9,0
07-18-20,Hickman,140,8,140,8,0,0,175,9,2256,78,2431,87,0,0,3,35,5,105,0,3,0
07-18-20,Houston,34,0,34,0,0,0,40,0,896,21,936,21,0,0,-1,10,1,24,0,6,0
07-18-20,Humphreys,60,2,58,2,2,0,71,3,1889,50,1960,53,0,2,1,17,1,41,0,3,2
07-18-20,Jackson,92,0,92,0,0,0,103,0,1175,12,1278,12,0,0,-1,35,1,57,0,7,2
07-18-20,Jefferson,264,7,242,5,22,2,292,8,5550,111,5842,119,0,1,0,55,7,208,1,16,1
07-18-20,Johnson,54,2,52,2,2,0,57,2,2882,20,2939,22,0,0,2,11,0,43,0,5,0
07-18-20,Knox,2350,113,2306,109,44,4,2609,145,52397,2259,55006,2404,1,18,37,633,75,1699,8,159,20
07-18-20,Lake,696,1,694,1,2,0,865,1,4001,14,4866,15,0,0,1,5,0,691,0,3,0
07-18-20,Lauderdale,244,6,240,6,4,0,272,6,5113,19,5385,25,1,5,2,38,3,201,0,22,7
07-18-20,Lawrence,288,10,288,10,0,0,357,12,4405,115,4762,127,0,6,3,71,7,211,0,19,6
07-18-20,Lewis,18,0,18,0,0,0,19,1,1362,28,1381,29,0,0,-2,5,2,13,0,3,0
07-18-20,Lincoln,147,13,147,13,0,0,181,14,3108,130,3289,144,0,0,13,61,0,86,0,7,0
07-18-20,Loudon,390,10,372,10,18,0,418,14,5040,136,5458,150,0,3,4,65,6,322,0,13,4
07-18-20,Macon,730,2,728,2,2,0,841,5,3627,21,4468,26,1,8,-6,103,7,619,0,54,11
07-18-20,Madison,517,17,491,17,26,0,588,21,9724,151,10312,172,0,2,5,64,12,451,0,46,9
07-18-20,Marion,131,8,130,8,1,0,159,9,2293,65,2452,74,0,4,6,33,2,94,0,14,4
07-18-20,Marshall,163,2,163,2,0,0,187,4,2967,83,3154,87,0,2,-2,43,4,118,0,12,2
07-18-20,Maury,643,45,641,45,2,0,761,52,7525,111,8286,163,0,4,23,162,22,477,1,33,4
07-18-20,McMinn,374,10,371,10,3,0,448,14,6034,319,6482,333,0,19,4,91,6,264,0,38,21
07-18-20,McNairy,154,5,149,5,5,0,170,6,2206,165,2376,171,0,1,-1,38,6,115,1,12,1
07-18-20,Meigs,57,6,57,6,0,0,71,6,1183,36,1254,42,0,0,5,20,1,37,0,5,0
07-18-20,Monroe,191,7,182,7,9,0,217,10,2934,77,3151,87,0,7,6,18,1,166,0,16,5
07-18-20,Montgomery,1190,50,1181,49,9,1,1345,60,18258,236,19603,296,0,8,19,372,31,810,4,65,8
07-18-20,Moore,32,0,32,0,0,0,38,3,699,10,737,13,0,0,-3,7,3,25,0,0,0
07-18-20,Morgan,45,1,45,1,0,0,53,2,4152,21,4205,23,0,1,1,13,0,31,0,2,1
07-18-20,Obion,170,8,165,8,5,0,195,10,3255,28,3450,38,0,3,6,33,2,134,0,15,5
07-18-20,Out of State,899,46,897,46,2,0,957,48,127332,1971,128289,2019,0,10,41,244,5,645,0,37,3
07-18-20,Overton,112,1,110,1,2,0,125,1,2789,12,2914,13,0,1,-1,16,2,95,0,5,1
07-18-20,Pending,138,15,137,15,1,0,159,17,78955,1504,79114,1521,0,1,12,53,3,84,0,0,0
07-18-20,Perry,49,0,49,0,0,0,59,2,1134,31,1193,33,0,0,-2,9,2,40,0,3,0
07-18-20,Pickett,10,1,10,1,0,0,10,1,540,1,550,2,0,1,1,3,0,6,0,0,1
07-18-20,Polk,79,7,78,7,1,0,90,8,1371,29,1461,37,0,0,6,23,1,56,1,4,0
07-18-20,Putnam,1155,10,1150,10,5,0,1407,13,13178,128,14585,141,0,7,-7,211,17,937,2,43,9
07-18-20,Rhea,391,13,391,13,0,0,435,20,3843,162,4278,182,0,0,12,91,1,300,0,9,0
07-18-20,Roane,127,10,119,10,8,0,151,11,7046,133,7197,144,0,0,8,44,2,83,1,12,0
07-18-20,Robertson,1145,43,1142,43,3,0,1413,56,7947,221,9360,277,0,14,31,189,12,942,2,81,19
07-18-20,Rutherford,4518,125,4510,125,8,0,5428,159,33227,811,38655,970,0,41,50,827,75,3650,3,169,47
07-18-20,Scott,37,0,34,0,3,0,34,0,1543,31,1577,31,0,0,-2,9,2,28,0,2,0
07-18-20,Sequatchie,74,6,74,6,0,0,90,8,2003,36,2093,44,0,0,5,20,1,54,1,4,0
07-18-20,Sevier,1083,15,1033,15,50,0,1154,24,12203,192,13357,216,0,4,-4,113,19,966,1,42,4
07-18-20,Shelby,16586,457,16550,456,36,1,19837,546,181166,2964,201003,3510,6,241,167,2693,284,13652,24,1361,273
07-18-20,Smith,227,3,223,2,4,1,254,2,2356,20,2610,22,0,2,-2,55,5,170,0,12,2
07-18-20,Stewart,42,7,42,7,0,0,49,7,1095,40,1144,47,0,0,7,16,0,26,0,2,0
07-18-20,Sullivan,378,33,342,30,36,3,400,47,10273,324,10673,371,1,6,27,168,5,204,3,43,7
07-18-20,Sumner,2527,53,2514,53,13,0,3051,65,18627,296,21678,361,3,60,19,570,31,1897,3,276,61
07-18-20,Tipton,815,4,807,4,8,0,905,6,9882,80,10787,86,0,8,-11,58,15,749,0,49,8
07-18-20,Trousdale,1542,1,1539,1,3,0,1595,1,2838,20,4433,21,0,6,-1,27,2,1509,0,15,6
07-18-20,Unicoi,65,0,65,0,0,0,72,0,2170,88,2242,88,0,0,-2,6,2,59,0,2,0
07-18-20,Union,48,7,48,7,0,0,50,6,1536,41,1586,47,0,0,4,22,3,26,1,2,0
07-18-20,Van Buren,19,1,19,1,0,0,20,1,592,3,612,4,0,0,1,10,0,9,0,1,0
07-18-20,Warren,217,2,217,2,0,0,234,3,4705,47,4939,50,1,3,-7,109,8,105,0,5,3
07-18-20,Washington,399,39,388,39,11,0,441,54,10462,559,10903,613,0,0,22,145,17,254,0,19,0
07-18-20,Wayne,153,4,153,4,0,0,163,4,3193,42,3356,46,0,0,-1,50,5,103,0,3,0
07-18-20,Weakley,107,2,104,2,3,0,112,5,3286,46,3398,51,0,1,2,24,0,82,0,5,1
07-18-20,White,126,0,124,0,2,0,153,0,3360,28,3513,28,0,3,-3,35,3,88,0,8,3
07-18-20,Williamson,2428,81,2422,81,6,0,2821,103,30367,498,33188,601,0,18,24,679,57,1731,1,73,16
07-18-20,Wilson,1589,72,1586,72,3,0,1897,80,16842,260,18739,340,0,18,46,373,26,1198,3,70,19
07-17-20,Anderson,270,7,259,7,11,0,317,8,9986,57,10303,65,0,2,-8,71,15,197,1,17,3
07-17-20,Bedford,679,8,679,8,0,0,796,5,4885,52,5681,57,0,10,4,71,4,598,0,27,10
07-17-20,Benton,23,1,20,1,3,0,26,1,1284,7,1310,8,0,1,1,8,0,14,0,3,1
07-17-20,Bledsoe,644,0,644,0,0,0,660,0,4021,14,4681,14,0,1,0,4,0,639,0,10,1
07-17-20,Blount,498,26,485,24,13,2,594,25,9818,116,10412,141,0,4,10,158,16,336,1,27,6
07-17-20,Bradley,1203,13,1185,13,18,0,1392,17,9464,76,10856,93,0,6,-21,208,34,989,0,74,8
07-17-20,Campbell,92,6,87,6,5,0,108,7,3791,32,3899,39,0,1,1,18,5,73,1,7,1
07-17-20,Cannon,69,2,68,2,1,0,97,3,1414,17,1511,20,0,0,-1,19,3,50,0,5,0
07-17-20,Carroll,72,3,63,2,9,1,72,3,2421,20,2493,23,0,1,1,16,2,55,0,9,2
07-17-20,Carter,178,13,168,11,10,2,186,11,4599,46,4785,57,0,2,7,80,6,96,0,20,2
07-17-20,Cheatham,359,15,359,15,0,0,425,16,4405,89,4830,105,0,4,8,82,7,273,1,19,5
07-17-20,Chester,122,1,117,1,5,0,124,1,1186,13,1310,14,0,0,-4,50,5,72,0,6,1
07-17-20,Claiborne,110,8,107,7,3,1,121,7,2859,51,2980,58,0,0,5,42,3,68,1,4,0
07-17-20,Clay,40,0,40,0,0,0,43,1,981,7,1024,8,0,0,-1,4,1,36,0,1,0
07-17-20,Cocke,205,4,195,3,10,1,217,4,3030,26,3247,30,0,1,-7,65,11,139,0,10,1
07-17-20,Coffee,183,11,180,10,3,1,218,7,5752,42,5970,49,0,0,7,42,4,141,0,7,0
07-17-20,Crockett,97,4,87,3,10,1,105,5,1185,14,1290,19,0,3,1,41,3,53,0,4,3
07-17-20,Cumberland,262,6,258,6,4,0,345,9,9118,282,9463,291,1,6,3,44,2,212,0,23,6
07-17-20,Davidson,16154,387,16132,385,22,2,19422,519,140496,2928,159918,3447,4,164,49,3040,334,12950,10,730,172
07-17-20,Decatur,55,3,34,0,21,3,57,2,1313,12,1370,14,0,0,1,27,2,28,0,3,0
07-17-20,Dekalb,136,4,136,4,0,0,164,4,2834,20,2998,24,0,0,0,46,4,90,1,7,0
07-17-20,Dickson,369,14,369,14,0,0,478,27,5296,195,5774,222,0,0,8,103,6,266,0,24,0
07-17-20,Dyer,357,5,343,4,14,1,389,7,3981,141,4370,148,0,3,1,54,4,300,0,32,5
07-17-20,Fayette,462,12,459,12,3,0,585,14,7451,186,8036,200,1,7,5,76,6,379,0,46,10
07-17-20,Fentress,40,1,40,1,0,0,44,1,1558,19,1602,20,0,0,1,12,0,28,0,3,0
07-17-20,Franklin,147,5,145,5,2,0,173,4,4200,103,4373,107,0,3,2,36,3,108,0,10,3
07-17-20,Gibson,281,18,237,14,44,4,308,21,4330,98,4638,119,0,1,7,97,11,183,1,16,1
07-17-20,Giles,191,13,191,13,0,0,209,10,3228,43,3437,53,1,2,6,94,6,95,1,15,3
07-17-20,Grainger,70,0,65,0,5,0,83,0,1933,30,2016,30,0,0,-1,12,1,58,0,8,0
07-17-20,Greene,200,3,193,2,7,1,223,2,5344,48,5567,50,0,2,-3,53,6,145,0,18,3
07-17-20,Grundy,75,1,74,1,1,0,89,1,1097,22,1186,23,0,2,0,4,1,69,1,13,2
07-17-20,Hamblen,647,27,625,26,22,1,691,27,7508,98,8199,125,1,6,14,117,12,524,0,44,7
07-17-20,Hamilton,3937,167,3926,167,11,0,4424,200,53778,1846,58202,2046,1,40,58,694,108,3203,3,185,42
07-17-20,Hancock,29,1,28,1,1,0,30,0,598,6,628,6,0,0,0,18,1,11,1,5,0
07-17-20,Hardeman,532,17,514,14,18,3,593,19,7079,37,7672,56,1,5,3,109,13,418,3,33,10
07-17-20,Hardin,193,9,187,9,6,0,223,10,4169,69,4392,79,0,7,4,37,5,149,0,13,7
07-17-20,Hawkins,129,7,126,7,3,0,151,4,3876,54,4027,58,0,2,4,40,3,87,2,14,2
07-17-20,Haywood,184,1,177,1,7,0,204,3,2035,22,2239,25,1,4,-8,29,8,151,0,14,4
07-17-20,Henderson,150,12,111,7,39,5,162,12,2298,40,2460,52,0,0,7,68,5,82,1,8,0
07-17-20,Henry,59,1,58,1,1,0,75,1,3605,16,3680,17,0,0,-1,9,2,50,0,9,0
07-17-20,Hickman,132,2,132,2,0,0,166,4,2178,46,2344,50,0,0,0,32,2,100,0,3,0
07-17-20,Houston,34,4,34,4,0,0,40,4,875,11,915,15,0,0,1,11,3,23,0,6,0
07-17-20,Humphreys,58,4,56,4,2,0,68,5,1839,21,1907,26,0,2,3,16,1,40,0,3,2
07-17-20,Jackson,92,8,92,8,0,0,103,8,1163,28,1266,36,0,0,6,36,2,56,1,7,2
07-17-20,Jefferson,257,8,237,8,20,0,284,12,5439,54,5723,66,0,1,0,55,8,201,0,15,1
07-17-20,Johnson,52,0,50,0,2,0,55,0,2862,6,2917,6,0,0,0,9,0,43,0,5,0
07-17-20,Knox,2237,75,2197,74,40,1,2464,76,50138,327,52602,403,0,17,3,596,72,1624,5,151,19
07-17-20,Lake,695,0,693,0,2,0,864,0,3987,35,4851,35,0,0,-1,4,1,691,0,3,0
07-17-20,Lauderdale,238,6,234,6,4,0,266,6,5094,77,5360,83,0,4,2,36,4,198,0,22,7
07-17-20,Lawrence,278,8,278,8,0,0,345,8,4290,28,4635,36,0,6,-3,68,11,204,1,19,6
07-17-20,Lewis,18,0,18,0,0,0,18,0,1334,18,1352,18,0,0,-1,7,1,11,0,3,0
07-17-20,Lincoln,134,5,134,5,0,0,167,7,2978,32,3145,39,0,0,0,48,5,86,0,7,0
07-17-20,Loudon,380,6,362,4,18,2,404,4,4904,46,5308,50,0,3,2,61,4,316,0,13,4
07-17-20,Macon,728,7,726,7,2,0,836,9,3606,24,4442,33,0,7,-3,109,10,612,1,54,10
07-17-20,Madison,500,30,474,27,26,3,567,38,9573,96,10140,134,0,2,12,59,18,439,0,46,8
07-17-20,Marion,123,6,122,6,1,0,150,9,2228,57,2378,66,0,4,2,27,4,92,0,14,4
07-17-20,Marshall,161,4,161,4,0,0,183,2,2884,109,3067,111,0,2,1,45,3,114,0,12,2
07-17-20,Maury,598,22,596,22,2,0,709,24,7414,259,8123,283,0,4,4,139,18,455,2,32,4
07-17-20,McMinn,364,8,361,8,3,0,434,7,5715,35,6149,42,0,19,-2,87,10,258,1,38,21
07-17-20,McNairy,149,4,144,4,5,0,164,6,2041,26,2205,32,0,1,-6,39,10,109,1,11,1
07-17-20,Meigs,51,1,51,1,0,0,65,1,1147,15,1212,16,0,0,-1,15,2,36,0,5,0
07-17-20,Monroe,184,1,175,1,9,0,207,2,2857,18,3064,20,0,7,-4,12,5,165,0,16,5
07-17-20,Montgomery,1140,55,1132,55,8,0,1285,63,18022,458,19307,521,1,8,26,353,28,779,1,61,8
07-17-20,Moore,32,2,32,2,0,0,35,0,689,4,724,4,0,0,1,10,1,22,0,0,0
07-17-20,Morgan,44,2,44,2,0,0,51,2,4131,25,4182,27,0,1,2,12,0,31,0,2,1
07-17-20,Obion,162,7,157,7,5,0,185,10,3227,46,3412,56,0,3,6,27,1,132,0,15,5
07-17-20,Out of State,853,41,851,41,2,0,909,43,125361,1752,126270,1795,0,10,23,203,18,640,2,37,3
07-17-20,Overton,111,2,109,2,2,0,124,3,2777,25,2901,28,0,1,1,17,1,93,0,5,1
07-17-20,Pending,123,12,122,12,1,0,142,14,77451,1044,77593,1058,1,1,5,41,6,81,0,0,0
07-17-20,Perry,49,2,49,2,0,0,57,2,1103,92,1160,94,0,0,0,11,2,38,0,3,0
07-17-20,Pickett,9,0,9,0,0,0,9,0,539,4,548,4,1,1,-1,2,0,6,0,0,1
07-17-20,Polk,72,0,71,0,1,0,82,0,1342,5,1424,5,0,0,0,17,0,55,0,3,0
07-17-20,Putnam,1145,60,1140,60,5,0,1394,79,13050,488,14444,567,0,7,44,218,16,920,2,41,9
07-17-20,Rhea,378,1,378,1,0,0,415,2,3681,19,4096,21,0,0,-1,79,2,299,1,9,0
07-17-20,Roane,117,2,109,2,8,0,140,2,6913,53,7053,55,0,0,-5,36,7,81,1,11,0
07-17-20,Robertson,1102,22,1099,22,3,0,1357,27,7726,148,9083,175,0,14,6,158,16,930,2,79,19
07-17-20,Rutherford,4393,159,4385,159,8,0,5269,204,32416,559,37685,763,1,41,62,777,96,3575,3,166,47
07-17-20,Scott,37,1,34,1,3,0,34,1,1512,15,1546,16,0,0,1,11,0,26,0,2,0
07-17-20,Sequatchie,68,1,68,1,0,0,82,2,1967,22,2049,24,0,0,1,15,0,53,0,3,0
07-17-20,Sevier,1068,31,1018,30,50,1,1130,28,12011,125,13141,153,0,4,16,117,15,947,2,41,4
07-17-20,Shelby,16129,398,16094,393,35,5,19291,477,178202,3073,197493,3550,2,235,58,2526,338,13368,25,1337,269
07-17-20,Smith,224,1,221,1,3,0,252,1,2336,25,2588,26,0,2,0,57,1,165,0,12,2
07-17-20,Stewart,35,0,35,0,0,0,42,1,1055,17,1097,18,0,0,-1,9,1,26,0,2,0
07-17-20,Sullivan,345,18,312,15,33,3,353,15,9949,288,10302,303,0,5,7,141,11,199,0,40,6
07-17-20,Sumner,2474,83,2461,82,13,1,2986,95,18331,300,21317,395,0,57,36,551,47,1866,4,273,59
07-17-20,Tipton,811,10,803,10,8,0,899,13,9802,135,10701,148,1,8,0,69,9,734,1,49,8
07-17-20,Trousdale,1541,2,1538,2,3,0,1594,4,2818,55,4412,59,0,6,2,28,0,1507,0,15,6
07-17-20,Unicoi,65,1,65,1,0,0,72,1,2082,195,2154,196,0,0,1,8,0,57,0,2,0
07-17-20,Union,41,2,41,2,0,0,44,2,1495,36,1539,38,0,0,1,18,1,23,0,1,0
07-17-20,Van Buren,18,0,18,0,0,0,19,0,589,3,608,3,0,0,-1,9,1,9,0,1,0
07-17-20,Warren,215,4,215,4,0,0,231,3,4658,101,4889,104,1,2,2,116,1,97,0,5,3
07-17-20,Washington,360,21,349,21,11,0,387,11,9903,145,10290,156,0,0,9,123,12,237,0,19,0
07-17-20,Wayne,149,2,149,2,0,0,159,2,3151,21,3310,23,0,0,-3,51,5,98,0,3,0
07-17-20,Weakley,105,0,102,0,3,0,107,1,3240,68,3347,69,0,1,-3,22,3,82,0,5,1
07-17-20,White,126,5,124,5,2,0,153,10,3332,123,3485,133,0,3,3,38,2,85,0,8,3
07-17-20,Williamson,2347,94,2341,94,6,0,2718,132,29869,1083,32587,1215,0,18,33,655,61,1674,5,72,16
07-17-20,Wilson,1517,46,1514,46,3,0,1817,57,16582,599,18399,656,0,18,7,327,39,1172,0,67,18
07-16-20,Anderson,263,18,252,18,11,0,309,23,9929,309,10238,332,0,2,4,79,14,182,1,16,2
07-16-20,Bedford,671,10,671,10,0,0,791,22,4833,202,5624,224,0,10,0,67,10,594,0,27,10
07-16-20,Benton,22,0,19,0,3,0,25,1,1277,27,1302,28,0,1,0,7,0,14,0,3,1
07-16-20,Bledsoe,644,1,644,1,0,0,660,3,4007,43,4667,46,0,1,-1,4,2,639,0,10,1
07-16-20,Blount,472,75,461,75,11,0,569,100,9702,342,10271,442,1,4,50,148,24,320,5,26,5
07-16-20,Bradley,1190,62,1172,62,18,0,1375,99,9388,489,10763,588,0,6,14,229,48,955,4,74,8
07-16-20,Campbell,86,6,81,6,5,0,101,10,3759,155,3860,165,0,1,2,17,4,68,0,6,1
07-16-20,Cannon,67,2,66,2,1,0,94,3,1397,55,1491,58,0,0,-3,20,5,47,0,5,0
07-16-20,Carroll,69,5,61,5,8,0,69,6,2401,89,2470,95,0,1,3,15,2,53,1,9,2
07-16-20,Carter,165,11,157,10,8,1,175,16,4553,413,4728,429,0,2,3,73,8,90,4,20,2
07-16-20,Cheatham,344,17,344,17,0,0,409,22,4316,207,4725,229,1,4,7,74,9,266,0,18,4
07-16-20,Chester,121,13,116,11,5,2,123,13,1173,41,1296,54,0,0,3,54,10,67,0,6,1
07-16-20,Claiborne,102,10,100,10,2,0,114,12,2808,128,2922,140,0,0,9,37,1,65,0,3,0
07-16-20,Clay,40,2,40,2,0,0,42,2,974,14,1016,16,0,0,-2,5,4,35,0,1,0
07-16-20,Cocke,201,16,192,16,9,0,213,15,3004,131,3217,146,1,1,10,72,5,128,2,10,1
07-16-20,Coffee,172,6,170,5,2,1,211,13,5710,180,5921,193,0,0,4,35,2,137,0,7,0
07-16-20,Crockett,93,7,84,7,9,0,100,7,1171,44,1271,51,0,3,4,40,3,50,0,4,3
07-16-20,Cumberland,256,3,252,3,4,0,336,6,8836,351,9172,357,0,5,-3,41,6,210,0,23,6
07-16-20,Davidson,15767,522,15747,521,20,1,18903,686,137568,4850,156471,5536,3,160,154,2991,365,12616,13,720,171
07-16-20,Decatur,52,1,34,1,18,0,55,2,1301,130,1356,132,0,0,1,26,0,26,1,3,0
07-16-20,Dekalb,132,15,132,15,0,0,160,16,2814,153,2974,169,0,0,14,46,1,86,0,6,0
07-16-20,Dickson,355,24,355,24,0,0,451,32,5101,192,5552,224,0,0,16,95,8,260,0,24,0
07-16-20,Dyer,352,17,339,17,13,0,382,25,3840,129,4222,154,0,3,6,53,11,296,2,32,5
07-16-20,Fayette,450,28,447,28,3,0,571,37,7265,230,7836,267,0,6,18,71,10,373,0,46,10
07-16-20,Fentress,39,2,39,2,0,0,43,4,1539,15,1582,19,0,0,1,11,1,28,0,3,0
07-16-20,Franklin,142,9,140,9,2,0,169,11,4097,151,4266,162,0,3,7,34,2,105,0,10,3
07-16-20,Gibson,263,23,223,17,40,6,287,27,4232,143,4519,170,0,1,11,90,12,172,2,15,1
07-16-20,Giles,178,8,178,8,0,0,199,27,3185,288,3384,315,0,1,4,88,4,89,1,14,2
07-16-20,Grainger,70,4,65,4,5,0,83,5,1903,67,1986,72,0,0,2,13,2,57,0,8,0
07-16-20,Greene,197,13,191,13,6,0,221,27,5296,227,5517,254,0,2,4,56,9,139,0,18,3
07-16-20,Grundy,74,1,73,1,1,0,88,4,1075,20,1163,24,0,2,0,4,1,68,0,12,2
07-16-20,Hamblen,620,43,599,43,21,0,664,46,7410,228,8074,274,0,5,12,103,31,512,2,44,7
07-16-20,Hamilton,3770,158,3759,158,11,0,4224,197,51932,1909,56156,2106,0,39,79,636,79,3095,7,182,41
07-16-20,Hancock,28,4,27,3,1,1,30,12,592,49,622,61,0,0,2,18,2,10,0,4,0
07-16-20,Hardeman,515,16,500,14,15,2,574,30,7042,115,7616,145,0,4,-6,106,22,405,1,30,10
07-16-20,Hardin,184,25,178,25,6,0,213,27,4100,285,4313,312,0,7,13,33,12,144,0,13,7
07-16-20,Hawkins,122,8,119,8,3,0,147,21,3822,92,3969,113,0,2,1,36,7,84,1,12,2
07-16-20,Haywood,183,14,176,14,7,0,201,18,2013,125,2214,143,0,3,6,37,8,143,0,14,4
07-16-20,Henderson,138,11,104,10,34,1,150,16,2258,166,2408,182,0,0,0,61,11,77,0,7,0
07-16-20,Henry,58,2,57,2,1,0,74,3,3589,269,3663,272,0,0,1,10,1,48,1,9,0
07-16-20,Hickman,130,6,130,6,0,0,162,15,2132,103,2294,118,0,0,2,32,4,98,0,3,0
07-16-20,Houston,30,0,30,0,0,0,36,0,864,35,900,35,0,0,0,10,0,20,0,6,0
07-16-20,Humphreys,54,1,52,1,2,0,63,2,1818,75,1881,77,0,2,1,13,0,39,0,3,2
07-16-20,Jackson,84,2,84,2,0,0,95,3,1135,12,1230,15,0,0,-5,30,7,54,0,6,2
07-16-20,Jefferson,249,20,229,14,20,6,272,23,5385,288,5657,311,0,1,2,55,18,193,1,15,1
07-16-20,Johnson,52,0,50,0,2,0,55,6,2856,59,2911,65,0,0,-1,9,1,43,0,5,0
07-16-20,Knox,2162,188,2123,186,39,2,2388,239,49811,2076,52199,2315,2,17,97,593,89,1552,3,146,17
07-16-20,Lake,695,1,693,1,2,0,864,3,3952,40,4816,43,0,0,0,5,1,690,0,3,0
07-16-20,Lauderdale,232,8,228,8,4,0,260,8,5017,90,5277,98,0,4,-6,34,14,194,1,22,7
07-16-20,Lawrence,270,10,270,10,0,0,337,17,4262,226,4599,243,0,6,-5,71,15,193,0,18,6
07-16-20,Lewis,18,2,18,2,0,0,18,1,1316,125,1334,126,0,0,2,8,0,10,1,3,0
07-16-20,Lincoln,129,9,129,9,0,0,160,18,2946,154,3106,172,0,0,9,48,0,81,0,7,0
07-16-20,Loudon,374,16,358,15,16,1,400,20,4858,176,5258,196,1,3,-1,59,16,312,0,13,4
07-16-20,Macon,721,24,719,24,2,0,827,31,3582,80,4409,111,0,7,10,112,14,602,2,53,10
07-16-20,Madison,470,26,447,24,23,2,529,26,9477,233,10006,259,0,2,5,47,21,421,2,46,7
07-16-20,Marion,117,6,116,6,1,0,141,10,2171,89,2312,99,0,4,-1,25,7,88,0,14,4
07-16-20,Marshall,157,6,157,6,0,0,181,13,2775,174,2956,187,0,2,2,44,4,111,0,12,2
07-16-20,Maury,576,23,574,23,2,0,685,40,7155,269,7840,309,1,4,5,135,17,437,1,30,4
07-16-20,McMinn,356,26,353,26,3,0,427,34,5680,227,6107,261,0,19,19,89,7,248,1,37,21
07-16-20,McNairy,145,10,140,10,5,0,158,14,2015,99,2173,113,0,1,4,45,6,99,0,10,1
07-16-20,Meigs,50,6,50,6,0,0,64,7,1132,31,1196,38,0,0,6,16,0,34,0,5,0
07-16-20,Monroe,183,11,174,11,9,0,205,13,2839,170,3044,183,1,7,4,16,6,160,2,16,5
07-16-20,Montgomery,1085,118,1077,114,8,4,1222,128,17564,765,18786,893,0,7,83,327,35,751,4,60,8
07-16-20,Moore,30,0,30,0,0,0,35,1,685,28,720,29,0,0,-1,9,1,21,0,0,0
07-16-20,Morgan,42,1,42,1,0,0,49,2,4106,33,4155,35,0,1,1,10,0,31,0,2,1
07-16-20,Obion,155,7,150,7,5,0,175,7,3181,113,3356,120,0,3,0,21,7,131,1,15,5
07-16-20,Out of State,812,31,810,31,2,0,866,34,123609,3533,124475,3567,0,10,7,180,24,622,0,35,3
07-16-20,Overton,109,7,107,7,2,0,121,9,2752,67,2873,76,0,1,3,16,4,92,0,5,1
07-16-20,Pending,111,5,110,5,1,0,128,12,76407,2379,76535,2391,-1,0,-2,36,8,75,0,0,0
07-16-20,Perry,47,0,47,0,0,0,55,1,1011,31,1066,32,0,0,-1,11,1,36,0,3,0
07-16-20,Pickett,9,2,9,2,0,0,9,2,535,1,544,3,0,0,2,3,0,6,0,0,1
07-16-20,Polk,72,5,71,5,1,0,82,5,1337,74,1419,79,0,0,4,17,1,55,0,3,0
07-16-20,Putnam,1085,33,1080,33,5,0,1315,37,12562,221,13877,258,0,7,15,174,18,904,2,39,9
07-16-20,Rhea,377,8,377,8,0,0,413,12,3662,131,4075,143,0,0,1,80,7,297,1,8,0
07-16-20,Roane,115,9,107,8,8,1,138,11,6860,184,6998,195,0,0,4,41,5,74,1,10,0
07-16-20,Robertson,1080,33,1077,33,3,0,1330,47,7578,241,8908,288,1,14,11,152,21,914,2,77,19
07-16-20,Rutherford,4234,159,4226,159,8,0,5065,194,31857,1353,36922,1547,1,40,51,715,107,3479,2,163,44
07-16-20,Scott,36,2,33,2,3,0,33,2,1497,67,1530,69,0,0,0,10,2,26,0,2,0
07-16-20,Sequatchie,67,3,67,3,0,0,80,3,1945,71,2025,74,0,0,1,14,2,53,0,3,0
07-16-20,Sevier,1037,46,988,44,49,2,1102,61,11886,378,12988,439,0,4,13,101,33,932,0,39,4
07-16-20,Shelby,15731,461,15701,454,30,7,18814,591,175129,4042,193943,4633,0,233,134,2468,327,13030,27,1312,265
07-16-20,Smith,223,10,220,10,3,0,251,12,2311,91,2562,103,0,2,4,57,6,164,1,12,2
07-16-20,Stewart,35,1,35,1,0,0,41,1,1038,37,1079,38,0,0,-1,10,2,25,0,2,0
07-16-20,Sullivan,327,32,297,31,30,1,338,37,9661,298,9999,335,0,5,6,134,26,188,3,40,6
07-16-20,Sumner,2391,95,2379,95,12,0,2891,110,18031,606,20922,716,0,57,43,515,52,1819,3,269,59
07-16-20,Tipton,801,23,793,23,8,0,886,25,9667,222,10553,247,0,7,8,69,15,725,3,48,8
07-16-20,Trousdale,1539,16,1536,16,3,0,1590,18,2763,44,4353,62,1,6,12,26,3,1507,0,15,6
07-16-20,Unicoi,64,2,64,2,0,0,71,2,1887,82,1958,84,0,0,0,7,2,57,0,2,0
07-16-20,Union,39,5,39,5,0,0,42,6,1459,64,1501,70,0,0,5,17,0,22,0,1,0
07-16-20,Van Buren,18,0,18,0,0,0,19,1,586,8,605,9,0,0,0,10,0,8,0,1,0
07-16-20,Warren,211,26,211,26,0,0,228,27,4557,130,4785,157,0,1,23,114,3,96,1,5,3
07-16-20,Washington,339,16,328,16,11,0,376,38,9758,607,10134,645,0,0,3,114,13,225,1,19,0
07-16-20,Wayne,147,7,147,7,0,0,157,12,3130,126,3287,138,0,0,6,54,1,93,0,3,0
07-16-20,Weakley,105,9,102,7,3,2,106,6,3172,172,3278,178,0,1,9,25,0,79,0,5,1
07-16-20,White,121,1,119,1,2,0,143,2,3209,42,3352,44,0,3,-5,35,6,83,0,8,3
07-16-20,Williamson,2253,108,2247,108,6,0,2586,130,28786,1208,31372,1338,0,18,48,622,60,1613,1,67,16
07-16-20,Wilson,1471,81,1468,81,3,0,1760,101,15983,674,17743,775,0,18,22,320,59,1133,1,67,18
07-15-20,Anderson,245,17,234,16,11,1,286,20,9620,86,9906,106,0,2,1,75,16,168,0,15,2
07-15-20,Bedford,661,12,661,12,0,0,769,8,4631,49,5400,57,1,10,3,67,8,584,1,27,10
07-15-20,Benton,22,1,19,1,3,0,24,0,1250,6,1274,6,0,1,0,7,1,14,1,3,1
07-15-20,Bledsoe,643,0,643,0,0,0,657,0,3964,18,4621,18,0,1,-4,5,4,637,0,10,1
07-15-20,Blount,397,12,386,12,11,0,469,14,9360,105,9829,119,0,3,-6,98,18,296,0,21,5
07-15-20,Bradley,1128,14,1110,14,18,0,1276,13,8899,60,10175,73,1,6,-28,215,41,907,2,70,7
07-15-20,Campbell,80,1,75,1,5,0,91,2,3604,28,3695,30,0,1,-5,15,6,64,0,6,1
07-15-20,Cannon,65,1,64,1,1,0,91,3,1342,22,1433,25,0,0,0,23,1,42,0,5,0
07-15-20,Carroll,64,4,56,4,8,0,63,4,2312,21,2375,25,0,1,1,12,3,51,2,8,2
07-15-20,Carter,154,12,147,12,7,0,159,9,4140,55,4299,64,0,2,4,70,8,82,2,16,2
07-15-20,Cheatham,327,18,327,18,0,0,387,18,4109,108,4496,126,0,3,12,67,6,257,0,18,4
07-15-20,Chester,108,13,105,12,3,1,110,12,1132,18,1242,30,0,0,2,51,11,57,1,6,1
07-15-20,Claiborne,92,6,90,6,2,0,102,6,2680,79,2782,85,0,0,3,28,3,64,0,3,0
07-15-20,Clay,38,2,38,2,0,0,40,2,960,16,1000,18,0,0,-1,7,3,31,0,1,0
07-15-20,Cocke,185,18,176,18,9,0,198,18,2873,48,3071,66,0,0,4,62,14,123,1,8,1
07-15-20,Coffee,166,6,165,6,1,0,198,1,5530,85,5728,86,0,0,2,31,4,135,0,7,0
07-15-20,Crockett,86,11,77,11,9,0,93,11,1127,42,1220,53,0,3,8,36,3,47,0,4,3
07-15-20,Cumberland,253,7,249,7,4,0,330,10,8485,120,8815,130,0,5,4,44,3,204,1,23,6
07-15-20,Davidson,15245,349,15226,348,19,1,18217,416,132718,2244,150935,2660,2,157,-11,2837,358,12251,12,707,168
07-15-20,Decatur,51,6,33,3,18,3,53,7,1171,19,1224,26,0,0,6,25,0,26,0,2,0
07-15-20,Dekalb,117,3,117,3,0,0,144,7,2661,22,2805,29,0,0,-2,32,5,85,0,6,0
07-15-20,Dickson,331,14,331,14,0,0,419,21,4909,140,5328,161,0,0,7,79,7,252,2,24,0
07-15-20,Dyer,335,11,322,11,13,0,357,12,3711,70,4068,82,0,3,5,47,6,285,2,30,4
07-15-20,Fayette,422,11,419,11,3,0,534,14,7035,81,7569,95,0,6,-5,53,16,363,3,46,10
07-15-20,Fentress,37,5,37,5,0,0,39,7,1524,36,1563,43,0,0,5,10,0,27,0,3,0
07-15-20,Franklin,133,2,131,2,2,0,158,7,3946,59,4104,66,0,3,-3,27,5,103,0,10,3
07-15-20,Gibson,240,17,206,12,34,5,260,18,4089,29,4349,47,0,1,9,79,8,160,0,13,1
07-15-20,Giles,170,20,170,20,0,0,172,7,2897,44,3069,51,0,1,11,84,9,85,0,13,2
07-15-20,Grainger,66,1,61,1,5,0,78,0,1836,16,1914,16,0,0,-5,11,6,55,0,8,0
07-15-20,Greene,184,12,178,12,6,0,194,13,5069,110,5263,123,0,2,1,52,11,130,2,18,3
07-15-20,Grundy,73,1,72,1,1,0,84,1,1055,5,1139,6,0,2,0,4,1,67,1,12,2
07-15-20,Hamblen,577,14,556,14,21,0,618,18,7182,70,7800,88,1,5,-30,91,43,481,3,42,7
07-15-20,Hamilton,3612,81,3601,80,11,1,4027,89,50023,708,54050,797,1,39,-18,557,98,3016,1,175,41
07-15-20,Hancock,24,7,24,7,0,0,18,1,543,13,561,14,0,0,5,16,2,8,0,4,0
07-15-20,Hardeman,499,23,486,22,13,1,544,24,6927,27,7471,51,0,4,4,112,19,383,0,29,10
07-15-20,Hardin,159,5,153,5,6,0,186,5,3815,39,4001,44,0,7,-1,20,6,132,0,13,7
07-15-20,Hawkins,114,11,111,10,3,1,126,2,3730,37,3856,39,0,2,8,35,3,77,0,11,2
07-15-20,Haywood,169,8,162,6,7,2,183,10,1888,14,2071,24,0,3,2,31,6,135,0,14,4
07-15-20,Henderson,127,19,94,8,33,11,134,19,2092,12,2226,31,0,0,11,61,8,66,0,7,0
07-15-20,Henry,56,2,55,2,1,0,71,2,3320,32,3391,34,0,0,0,9,2,47,0,8,0
07-15-20,Hickman,124,10,124,10,0,0,147,3,2029,22,2176,25,0,0,2,30,8,94,0,3,0
07-15-20,Houston,30,1,30,1,0,0,36,1,829,4,865,5,0,0,-1,10,2,20,0,6,0
07-15-20,Humphreys,53,1,51,1,2,0,61,2,1743,35,1804,37,0,2,-2,12,3,39,0,3,2
07-15-20,Jackson,82,8,82,8,0,0,92,10,1123,33,1215,43,0,0,4,35,4,47,1,6,2
07-15-20,Jefferson,229,4,215,3,14,1,249,5,5097,71,5346,76,0,1,-14,53,18,175,0,14,1
07-15-20,Johnson,52,3,50,3,2,0,49,2,2797,5,2846,7,0,0,3,10,0,42,0,5,0
07-15-20,Knox,1974,77,1937,77,37,0,2149,83,47735,515,49884,598,3,15,-15,496,89,1463,4,143,17
07-15-20,Lake,694,0,692,0,2,0,861,0,3912,25,4773,25,0,0,-1,5,1,689,0,3,0
07-15-20,Lauderdale,224,12,220,11,4,1,252,15,4927,57,5179,72,0,4,2,40,10,180,0,21,6
07-15-20,Lawrence,260,5,260,5,0,0,320,9,4036,16,4356,25,0,6,-11,76,16,178,0,18,6
07-15-20,Lewis,16,1,16,1,0,0,17,1,1191,7,1208,8,0,0,1,6,0,10,0,2,0
07-15-20,Lincoln,120,8,120,8,0,0,142,13,2792,28,2934,41,0,0,5,39,3,81,1,7,0
07-15-20,Loudon,358,13,343,13,15,0,380,11,4682,71,5062,82,0,2,4,60,9,296,0,13,3
07-15-20,Macon,697,3,695,3,2,0,796,4,3502,20,4298,24,0,7,-11,102,14,588,0,51,9
07-15-20,Madison,444,11,423,10,21,1,503,12,9244,47,9747,59,0,2,-17,42,28,400,1,44,6
07-15-20,Marion,111,5,110,5,1,0,131,7,2082,21,2213,28,0,4,-1,26,6,81,0,14,4
07-15-20,Marshall,151,5,151,5,0,0,168,10,2601,36,2769,46,0,2,0,42,5,107,0,12,2
07-15-20,Maury,553,26,551,25,2,1,645,19,6886,106,7531,125,0,3,9,130,17,420,2,29,4
07-15-20,McMinn,330,7,327,7,3,0,393,6,5453,60,5846,66,0,19,1,70,6,241,0,36,21
07-15-20,McNairy,135,4,130,4,5,0,144,5,1916,13,2060,18,0,1,-2,41,6,93,0,10,1
07-15-20,Meigs,44,1,44,1,0,0,57,0,1101,15,1158,15,0,0,-1,10,2,34,0,5,0
07-15-20,Monroe,172,2,163,2,9,0,192,3,2669,111,2861,114,0,6,2,12,0,154,1,14,5
07-15-20,Montgomery,967,51,963,51,4,0,1094,60,16799,399,17893,459,0,7,6,244,45,716,5,56,8
07-15-20,Moore,30,1,30,1,0,0,34,2,657,8,691,10,0,0,-1,10,2,20,0,0,0
07-15-20,Morgan,41,4,41,4,0,0,47,4,4073,12,4120,16,0,1,0,9,4,31,0,2,1
07-15-20,Obion,148,9,143,8,5,1,168,11,3068,57,3236,68,0,3,4,21,5,124,0,14,4
07-15-20,Out of State,781,22,779,21,2,1,832,26,120076,2615,120908,2641,-1,10,0,173,23,598,0,35,3
07-15-20,Overton,102,3,100,1,2,2,112,1,2685,58,2797,59,0,1,-1,13,4,88,0,5,1
07-15-20,Pending,106,6,105,6,1,0,116,7,74028,1073,74144,1080,0,1,-3,38,9,67,0,0,0
07-15-20,Perry,47,1,47,1,0,0,54,2,980,3,1034,5,0,0,1,12,0,35,0,3,0
07-15-20,Pickett,7,0,7,0,0,0,7,0,534,3,541,3,0,0,0,1,0,6,0,0,1
07-15-20,Polk,67,0,66,0,1,0,77,0,1263,15,1340,15,0,0,0,13,0,54,0,3,0
07-15-20,Putnam,1052,10,1047,10,5,0,1278,19,12341,209,13619,228,0,7,-10,159,20,886,0,37,9
07-15-20,Rhea,369,0,369,0,0,0,401,0,3531,16,3932,16,0,0,-8,79,8,290,0,7,0
07-15-20,Roane,106,7,99,7,7,0,127,7,6676,96,6803,103,0,0,7,37,0,69,0,9,0
07-15-20,Robertson,1047,28,1044,28,3,0,1283,30,7337,162,8620,192,0,13,8,141,20,893,1,75,19
07-15-20,Rutherford,4075,126,4067,126,8,0,4871,156,30504,739,35375,895,0,39,6,664,120,3372,3,161,43
07-15-20,Scott,34,2,31,1,3,1,31,1,1430,12,1461,13,0,0,1,10,1,24,0,2,0
07-15-20,Sequatchie,64,0,64,0,0,0,77,0,1874,23,1951,23,0,0,-1,13,1,51,0,3,0
07-15-20,Sevier,991,19,944,18,47,1,1041,23,11508,201,12549,224,0,4,-18,88,37,899,2,39,4
07-15-20,Shelby,15270,328,15247,328,23,0,18223,392,171087,2976,189310,3368,4,233,-128,2334,452,12703,27,1285,258
07-15-20,Smith,213,5,210,5,3,0,239,6,2220,26,2459,32,0,2,-3,53,8,158,0,11,2
07-15-20,Stewart,34,1,34,1,0,0,40,3,1001,7,1041,10,0,0,1,11,0,23,0,2,0
07-15-20,Sullivan,295,10,266,10,29,0,301,16,9363,140,9664,156,0,5,-5,128,15,162,2,37,6
07-15-20,Sumner,2296,60,2284,60,12,0,2781,68,17425,362,20206,430,0,57,4,472,56,1767,3,266,58
07-15-20,Tipton,778,22,770,22,8,0,861,27,9445,188,10306,215,0,7,8,61,14,710,1,45,8
07-15-20,Trousdale,1523,3,1520,3,3,0,1572,3,2719,40,4291,43,0,5,2,14,1,1504,0,15,6
07-15-20,Unicoi,62,1,62,1,0,0,69,1,1805,21,1874,22,0,0,1,7,0,55,1,2,0
07-15-20,Union,34,1,34,1,0,0,36,1,1395,12,1431,13,0,0,0,12,1,22,0,1,0
07-15-20,Van Buren,18,0,18,0,0,0,18,0,578,2,596,2,0,0,0,10,0,8,0,1,0
07-15-20,Warren,185,9,185,9,0,0,201,12,4427,79,4628,91,1,1,0,91,8,93,0,4,3
07-15-20,Washington,323,13,312,13,11,0,338,8,9151,107,9489,115,0,0,1,111,12,212,2,18,0
07-15-20,Wayne,140,6,140,6,0,0,145,3,3004,5,3149,8,0,0,2,48,4,92,0,3,0
07-15-20,Weakley,96,4,95,4,1,0,100,5,3000,62,3100,67,0,1,2,16,2,79,0,5,1
07-15-20,White,120,1,118,1,2,0,141,1,3167,22,3308,23,0,3,1,40,0,77,0,8,3
07-15-20,Williamson,2145,141,2139,141,6,0,2456,164,27578,1231,30034,1395,2,18,36,574,103,1553,1,66,16
07-15-20,Wilson,1390,56,1387,56,3,0,1659,69,15309,395,16968,464,1,18,6,298,49,1074,0,66,18
07-14-20,Anderson,228,10,218,9,10,1,266,10,9534,135,9800,145,0,2,-1,74,11,152,0,15,2
07-14-20,Bedford,649,6,649,6,0,0,761,10,4582,83,5343,93,0,9,0,64,6,576,0,26,10
07-14-20,Benton,21,7,18,5,3,2,24,6,1244,31,1268,37,0,1,6,7,1,13,0,2,1
07-14-20,Bledsoe,643,0,643,0,0,0,657,3,3946,29,4603,32,0,1,-1,9,1,633,0,10,1
07-14-20,Blount,385,25,374,25,11,0,455,28,9255,339,9710,367,0,3,13,104,12,278,1,21,4
07-14-20,Bradley,1114,43,1096,43,18,0,1263,52,8839,262,10102,314,1,5,-2,243,44,866,4,68,7
07-14-20,Campbell,79,3,74,3,5,0,89,4,3576,65,3665,69,0,1,-1,20,4,58,0,6,1
07-14-20,Cannon,64,4,63,3,1,1,88,4,1320,45,1408,49,0,0,3,23,1,41,0,5,0
07-14-20,Carroll,60,4,52,3,8,1,59,4,2291,36,2350,40,0,1,1,11,3,48,0,6,2
07-14-20,Carter,142,13,135,13,7,0,150,16,4085,43,4235,59,0,2,7,66,6,74,2,14,2
07-14-20,Cheatham,309,13,309,13,0,0,369,15,4001,110,4370,125,0,3,5,55,8,251,2,18,4
07-14-20,Chester,95,2,93,2,2,0,98,3,1114,13,1212,16,0,0,-2,49,4,46,0,5,1
07-14-20,Claiborne,86,5,84,5,2,0,96,6,2601,62,2697,68,0,0,-1,25,6,61,0,3,0
07-14-20,Clay,36,1,36,1,0,0,38,1,944,37,982,38,0,0,0,8,1,28,0,1,0
07-14-20,Cocke,167,6,158,6,9,0,180,10,2825,36,3005,46,0,0,1,58,5,109,1,7,1
07-14-20,Coffee,160,5,159,5,1,0,197,6,5445,100,5642,106,0,0,-3,29,8,131,1,7,0
07-14-20,Crockett,75,5,66,3,9,2,82,5,1085,15,1167,20,0,3,3,28,2,44,0,4,3
07-14-20,Cumberland,246,9,242,9,4,0,320,7,8365,236,8685,243,1,5,4,40,4,201,0,22,5
07-14-20,Davidson,14896,327,14878,327,18,0,17801,421,130474,2834,148275,3255,9,155,-95,2848,413,11893,10,695,166
07-14-20,Decatur,45,7,30,2,15,5,46,7,1152,20,1198,27,0,0,6,19,1,26,0,2,0
07-14-20,Dekalb,114,12,114,12,0,0,137,13,2639,101,2776,114,0,0,7,34,5,80,0,6,0
07-14-20,Dickson,317,17,317,17,0,0,398,17,4769,106,5167,123,0,0,7,72,10,245,1,22,0
07-14-20,Dyer,324,15,311,14,13,1,345,14,3641,49,3986,63,0,3,4,42,11,279,1,28,4
07-14-20,Fayette,411,13,408,13,3,0,520,16,6954,120,7474,136,1,6,4,58,8,347,0,43,10
07-14-20,Fentress,32,2,32,2,0,0,32,2,1488,22,1520,24,0,0,1,5,1,27,1,3,0
07-14-20,Franklin,131,2,129,2,2,0,151,2,3887,38,4038,40,0,3,-2,30,4,98,0,10,3
07-14-20,Gibson,223,18,194,13,29,5,242,23,4060,48,4302,71,0,1,9,70,9,152,1,13,1
07-14-20,Giles,150,13,150,13,0,0,165,15,2853,108,3018,123,0,1,8,73,5,76,0,13,2
07-14-20,Grainger,65,4,60,4,5,0,78,4,1820,41,1898,45,0,0,-1,16,5,49,1,8,0
07-14-20,Greene,172,12,166,12,6,0,181,6,4959,69,5140,75,0,2,5,51,7,119,3,16,3
07-14-20,Grundy,72,1,71,1,1,0,83,1,1050,13,1133,14,0,2,-1,4,2,66,0,11,2
07-14-20,Hamblen,563,41,542,40,21,1,600,44,7112,212,7712,256,0,4,13,121,28,438,5,39,6
07-14-20,Hamilton,3531,89,3521,89,10,0,3938,97,49315,948,53253,1045,0,38,-13,575,102,2918,7,174,39
07-14-20,Hancock,17,4,17,4,0,0,17,3,530,4,547,7,0,0,4,11,0,6,0,4,0
07-14-20,Hardeman,476,15,464,13,12,2,520,20,6900,35,7420,55,0,4,1,108,14,364,1,29,9
07-14-20,Hardin,154,7,148,7,6,0,181,8,3776,49,3957,57,0,7,-1,21,8,126,0,13,7
07-14-20,Hawkins,103,1,101,1,2,0,124,2,3693,61,3817,63,0,2,-5,27,6,74,0,11,2
07-14-20,Haywood,161,4,156,3,5,1,173,4,1874,25,2047,29,0,3,-12,29,16,129,0,14,4
07-14-20,Henderson,108,21,86,12,22,9,115,19,2080,32,2195,51,0,0,18,50,3,58,1,7,0
07-14-20,Henry,54,1,53,1,1,0,69,1,3288,157,3357,158,0,0,1,9,0,45,0,8,0
07-14-20,Hickman,114,3,114,3,0,0,144,5,2007,35,2151,40,0,0,-3,28,6,86,0,3,0
07-14-20,Houston,29,0,29,0,0,0,35,0,825,3,860,3,0,0,-2,11,2,18,0,6,0
07-14-20,Humphreys,52,3,50,2,2,1,59,2,1708,26,1767,28,0,2,0,14,3,36,0,3,2
07-14-20,Jackson,74,4,74,4,0,0,82,4,1090,21,1172,25,0,0,1,31,3,43,2,5,2
07-14-20,Jefferson,225,18,212,17,13,1,244,19,5026,133,5270,152,0,1,7,67,11,157,2,14,1
07-14-20,Johnson,49,0,47,0,2,0,47,0,2792,10,2839,10,0,0,-1,7,1,42,0,5,0
07-14-20,Knox,1897,95,1860,94,37,1,2066,116,47220,738,49286,854,2,12,13,511,80,1374,1,139,16
07-14-20,Lake,694,2,692,2,2,0,861,3,3887,12,4748,15,0,0,2,6,0,688,0,3,0
07-14-20,Lauderdale,212,14,209,14,3,0,237,15,4870,64,5107,79,0,4,5,38,9,170,2,21,6
07-14-20,Lawrence,255,4,255,4,0,0,311,8,4020,197,4331,205,0,6,-2,87,6,162,0,18,6
07-14-20,Lewis,15,0,15,0,0,0,16,0,1184,23,1200,23,0,0,-2,5,2,10,0,2,0
07-14-20,Lincoln,112,6,112,6,0,0,129,2,2764,58,2893,60,0,0,6,34,0,78,0,6,0
07-14-20,Loudon,345,16,330,16,15,0,369,15,4611,65,4980,80,0,2,10,56,6,287,0,13,3
07-14-20,Macon,694,15,692,15,2,0,792,18,3482,58,4274,76,0,7,3,113,12,574,1,51,8
07-14-20,Madison,433,21,413,21,20,0,491,24,9197,115,9688,139,0,2,0,59,21,372,2,43,5
07-14-20,Marion,106,4,105,4,1,0,124,6,2061,19,2185,25,0,4,0,27,4,75,0,14,4
07-14-20,Marshall,146,11,146,11,0,0,158,7,2565,69,2723,76,0,2,6,42,5,102,0,12,2
07-14-20,Maury,527,7,526,7,1,0,626,15,6780,161,7406,176,0,3,-10,121,17,403,0,27,4
07-14-20,McMinn,323,9,320,9,3,0,387,14,5393,82,5780,96,0,19,1,69,8,235,1,36,21
07-14-20,McNairy,131,10,126,9,5,1,139,11,1903,42,2042,53,0,1,7,43,3,87,0,10,1
07-14-20,Meigs,43,1,43,1,0,0,57,1,1086,20,1143,21,0,0,1,11,0,32,0,5,0
07-14-20,Monroe,170,3,161,3,9,0,189,2,2558,46,2747,48,0,6,-1,10,4,154,0,13,5
07-14-20,Montgomery,916,51,912,51,4,0,1034,58,16400,522,17434,580,0,7,21,238,30,671,0,51,8
07-14-20,Moore,29,2,29,2,0,0,32,2,649,30,681,32,0,0,0,11,2,18,0,0,0
07-14-20,Morgan,37,1,37,1,0,0,43,1,4061,30,4104,31,0,1,-1,9,2,27,0,2,1
07-14-20,Obion,139,6,135,6,4,0,157,6,3011,65,3168,71,0,3,4,17,2,119,0,14,4
07-14-20,Out of State,759,29,758,28,1,1,806,27,117461,2128,118267,2155,-1,11,0,173,30,575,1,35,3
07-14-20,Overton,99,3,99,3,0,0,111,5,2627,145,2738,150,0,1,1,14,2,84,0,5,1
07-14-20,Pending,100,12,99,11,1,1,109,13,72955,1386,73064,1399,-1,1,4,41,9,58,0,0,0
07-14-20,Perry,46,1,46,1,0,0,52,1,977,6,1029,7,0,0,1,11,0,35,0,3,0
07-14-20,Pickett,7,0,7,0,0,0,7,0,531,9,538,9,0,0,0,1,0,6,0,0,1
07-14-20,Polk,67,4,66,4,1,0,77,5,1248,22,1325,27,0,0,1,13,3,54,0,3,0
07-14-20,Putnam,1042,7,1037,7,5,0,1259,12,12132,175,13391,187,0,7,-18,169,25,866,1,37,9
07-14-20,Rhea,369,5,369,5,0,0,401,9,3515,75,3916,84,0,0,-3,87,8,282,0,7,0
07-14-20,Roane,99,4,92,4,7,0,120,5,6580,99,6700,104,0,0,2,30,2,69,0,9,0
07-14-20,Robertson,1019,33,1016,33,3,0,1253,45,7175,102,8428,147,0,13,17,133,16,873,3,74,19
07-14-20,Rutherford,3949,106,3941,106,8,0,4715,149,29765,1022,34480,1171,0,39,-27,658,133,3252,2,158,43
07-14-20,Scott,32,0,30,0,2,0,30,0,1418,7,1448,7,0,0,-2,9,2,23,0,2,0
07-14-20,Sequatchie,64,0,64,0,0,0,77,1,1851,27,1928,28,0,0,-3,14,3,50,0,3,0
07-14-20,Sevier,972,42,926,42,46,0,1018,42,11307,254,12325,296,0,4,12,106,30,862,1,37,4
07-14-20,Shelby,14942,414,14919,414,23,0,17831,481,168111,3193,185942,3674,5,229,31,2462,378,12251,27,1258,253
07-14-20,Smith,208,13,205,13,3,0,233,17,2194,72,2427,89,0,2,8,56,5,150,2,11,2
07-14-20,Stewart,33,6,33,6,0,0,37,6,994,19,1031,25,0,0,6,10,0,23,0,2,0
07-14-20,Sullivan,285,24,256,21,29,3,285,27,9223,213,9508,240,0,5,12,133,12,147,0,35,5
07-14-20,Sumner,2236,117,2224,117,12,0,2713,134,17063,513,19776,647,1,57,62,468,54,1711,2,263,58
07-14-20,Tipton,756,17,748,17,8,0,834,19,9257,160,10091,179,0,7,-4,53,21,696,1,44,8
07-14-20,Trousdale,1520,4,1517,4,3,0,1569,5,2679,28,4248,33,0,5,2,12,2,1503,0,15,6
07-14-20,Unicoi,61,0,61,0,0,0,68,0,1784,43,1852,43,0,0,0,6,0,55,0,1,0
07-14-20,Union,33,2,33,2,0,0,35,1,1383,17,1418,18,0,0,0,12,2,21,0,1,0
07-14-20,Van Buren,18,4,18,4,0,0,18,4,576,25,594,29,0,0,4,10,0,8,0,1,0
07-14-20,Warren,176,13,176,13,0,0,189,14,4348,164,4537,178,0,0,10,91,3,85,0,4,3
07-14-20,Washington,310,27,299,27,11,0,330,20,9044,134,9374,154,0,0,11,110,16,200,3,16,0
07-14-20,Wayne,134,2,134,2,0,0,142,9,2999,16,3141,25,0,0,-1,46,3,88,1,3,0
07-14-20,Weakley,92,3,91,2,1,1,95,4,2938,66,3033,70,0,1,1,14,2,77,0,5,1
07-14-20,White,119,20,117,20,2,0,140,21,3145,127,3285,148,0,3,20,39,0,77,0,8,3
07-14-20,Williamson,2004,72,1998,71,6,1,2292,82,26347,979,28639,1061,0,16,-3,538,75,1450,1,65,16
07-14-20,Wilson,1334,45,1331,45,3,0,1590,52,14914,490,16504,542,0,17,14,292,31,1025,2,66,18
07-13-20,Anderson,218,6,209,5,9,1,256,7,9399,43,9655,50,0,2,-6,75,12,141,2,15,2
07-13-20,Bedford,643,11,643,11,0,0,751,10,4499,44,5250,54,0,9,-7,64,18,570,0,26,10
07-13-20,Benton,14,0,13,0,1,0,18,1,1213,9,1231,10,0,1,0,1,0,12,0,2,1
07-13-20,Bledsoe,643,3,643,3,0,0,654,1,3917,14,4571,15,0,1,2,10,1,632,2,10,1
07-13-20,Blount,360,4,349,4,11,0,427,5,8916,126,9343,131,0,3,-19,91,23,266,0,20,4
07-13-20,Bradley,1071,39,1053,39,18,0,1211,48,8577,147,9788,195,0,4,-27,245,66,822,1,64,6
07-13-20,Campbell,76,1,71,1,5,0,85,1,3511,5,3596,6,0,1,-6,21,7,54,0,6,1
07-13-20,Cannon,60,8,60,8,0,0,84,11,1275,41,1359,52,0,0,4,20,4,40,0,5,0
07-13-20,Carroll,56,2,49,1,7,1,55,2,2255,31,2310,33,0,1,1,10,1,45,0,6,1
07-13-20,Carter,129,10,122,10,7,0,134,9,4042,86,4176,95,0,2,7,59,3,68,0,12,2
07-13-20,Cheatham,296,5,296,5,0,0,354,5,3891,81,4245,86,0,3,-1,50,6,243,0,16,3
07-13-20,Chester,93,7,91,7,2,0,95,6,1101,20,1196,26,0,0,2,51,5,42,1,5,1
07-13-20,Claiborne,81,9,79,7,2,2,90,7,2539,64,2629,71,0,0,-4,26,13,55,0,3,0
07-13-20,Clay,35,6,35,6,0,0,37,7,907,27,944,34,0,0,6,8,0,27,1,1,0
07-13-20,Cocke,161,2,152,2,9,0,170,1,2789,11,2959,12,0,0,-4,57,6,104,0,6,1
07-13-20,Coffee,155,5,154,5,1,0,191,5,5345,61,5536,66,0,0,1,32,4,123,0,6,0
07-13-20,Crockett,70,7,63,5,7,2,77,7,1070,24,1147,31,0,3,2,25,5,42,0,4,3
07-13-20,Cumberland,237,10,233,10,4,0,313,14,8129,137,8442,151,0,4,3,36,7,197,0,22,5
07-13-20,Davidson,14569,403,14551,403,18,0,17380,487,127640,2567,145020,3054,3,146,15,2943,385,11480,7,685,166
07-13-20,Decatur,38,2,28,1,10,1,39,2,1132,33,1171,35,0,0,1,13,1,25,0,2,0
07-13-20,Dekalb,102,12,102,12,0,0,124,12,2538,93,2662,105,0,0,10,27,2,75,0,6,0
07-13-20,Dickson,300,8,300,8,0,0,381,11,4663,58,5044,69,0,0,0,65,8,235,1,21,0
07-13-20,Dyer,309,12,297,12,12,0,331,13,3592,99,3923,112,0,3,-1,38,13,268,0,27,4
07-13-20,Fayette,398,7,395,7,3,0,504,12,6834,85,7338,97,0,5,-1,54,8,339,1,43,9
07-13-20,Fentress,30,1,30,1,0,0,30,1,1466,19,1496,20,0,0,-1,4,2,26,0,2,0
07-13-20,Franklin,129,5,127,5,2,0,149,5,3849,161,3998,166,0,3,1,32,4,94,1,10,3
07-13-20,Gibson,205,12,181,11,24,1,219,9,4012,89,4231,98,0,1,5,61,7,143,1,12,1
07-13-20,Giles,137,10,137,10,0,0,150,7,2745,38,2895,45,0,1,5,65,5,71,1,13,1
07-13-20,Grainger,61,0,56,0,5,0,74,0,1779,14,1853,14,0,0,-1,17,1,44,0,7,0
07-13-20,Greene,160,5,154,5,6,0,175,3,4890,49,5065,52,0,2,1,46,4,112,0,13,2
07-13-20,Grundy,71,2,70,2,1,0,82,4,1037,19,1119,23,0,2,-2,5,4,64,0,11,2
07-13-20,Hamblen,522,5,502,4,20,1,556,7,6900,33,7456,40,0,4,-38,108,43,410,1,34,6
07-13-20,Hamilton,3442,83,3432,83,10,0,3841,92,48367,932,52208,1024,0,38,-12,588,95,2816,2,167,39
07-13-20,Hancock,13,1,13,1,0,0,14,1,526,13,540,14,0,0,-2,7,3,6,0,4,0
07-13-20,Hardeman,461,18,451,16,10,2,500,22,6865,54,7365,76,0,4,13,107,5,350,1,28,9
07-13-20,Hardin,147,5,141,4,6,1,173,5,3727,219,3900,224,0,7,1,22,4,118,0,13,7
07-13-20,Hawkins,102,7,100,7,2,0,122,8,3632,99,3754,107,0,2,4,32,3,68,1,11,2
07-13-20,Haywood,157,8,153,7,4,1,169,7,1849,78,2018,85,0,3,-3,41,11,113,0,14,4
07-13-20,Henderson,87,10,74,5,13,5,96,9,2048,30,2144,39,0,0,8,32,2,55,0,6,0
07-13-20,Henry,53,1,52,1,1,0,68,3,3131,77,3199,80,0,0,1,8,0,45,0,8,0
07-13-20,Hickman,111,2,111,2,0,0,139,1,1972,21,2111,22,0,0,-2,31,4,80,0,3,0
07-13-20,Houston,29,0,29,0,0,0,35,0,822,8,857,8,0,0,0,13,0,16,0,6,0
07-13-20,Humphreys,49,1,48,1,1,0,57,1,1682,38,1739,39,0,2,-1,14,2,33,1,3,2
07-13-20,Jackson,70,7,70,7,0,0,78,8,1069,25,1147,33,0,0,4,30,3,40,0,3,2
07-13-20,Jefferson,207,3,195,3,12,0,225,4,4893,27,5118,31,0,1,-8,60,11,146,1,12,1
07-13-20,Johnson,49,1,47,1,2,0,47,1,2782,17,2829,18,0,0,-1,8,2,41,0,5,0
07-13-20,Knox,1802,94,1766,92,36,2,1950,60,46482,646,48432,706,1,10,22,498,71,1294,2,138,15
07-13-20,Lake,692,0,690,0,2,0,858,0,3875,3,4733,3,0,0,0,4,0,688,0,3,0
07-13-20,Lauderdale,198,10,195,10,3,0,222,10,4806,68,5028,78,0,4,-7,33,17,161,0,19,6
07-13-20,Lawrence,251,7,251,7,0,0,303,3,3823,44,4126,47,0,6,-15,89,22,156,0,18,6
07-13-20,Lewis,15,0,15,0,0,0,16,0,1161,78,1177,78,0,0,0,7,0,8,0,2,0
07-13-20,Lincoln,106,5,106,5,0,0,127,3,2706,19,2833,22,0,0,-2,28,7,78,0,6,0
07-13-20,Loudon,329,3,314,3,15,0,354,5,4546,38,4900,43,0,2,-1,46,4,281,0,13,3
07-13-20,Macon,679,40,677,40,2,0,774,51,3424,172,4198,223,0,7,17,110,23,562,7,50,8
07-13-20,Madison,412,22,392,21,20,1,467,20,9082,232,9549,252,0,2,4,59,18,351,2,41,4
07-13-20,Marion,102,0,101,0,1,0,118,0,2042,12,2160,12,0,4,-2,27,2,71,0,14,4
07-13-20,Marshall,135,9,135,9,0,0,151,10,2496,62,2647,72,0,2,3,36,6,97,0,12,2
07-13-20,Maury,520,31,519,31,1,0,611,32,6619,133,7230,165,0,3,7,131,24,386,1,27,4
07-13-20,McMinn,314,9,311,9,3,0,373,8,5311,167,5684,175,0,19,3,68,6,227,1,35,20
07-13-20,McNairy,121,9,117,9,4,0,128,10,1861,93,1989,103,0,1,3,36,6,84,2,10,1
07-13-20,Meigs,42,0,42,0,0,0,56,0,1066,7,1122,7,0,0,0,10,0,32,0,5,0
07-13-20,Monroe,167,0,158,0,9,0,187,0,2512,20,2699,20,0,6,-5,11,5,150,0,13,5
07-13-20,Montgomery,865,17,861,17,4,0,976,19,15878,161,16854,180,0,7,-20,217,37,641,2,51,8
07-13-20,Moore,27,0,27,0,0,0,30,0,619,5,649,5,0,0,0,11,0,16,0,0,0
07-13-20,Morgan,36,1,36,1,0,0,42,1,4031,7,4073,8,0,1,0,10,1,25,0,2,1
07-13-20,Obion,133,4,129,4,4,0,151,3,2946,55,3097,58,0,3,3,13,1,117,0,14,4
07-13-20,Out of State,730,13,730,13,0,0,779,15,115333,984,116112,999,2,12,-10,173,21,545,1,34,3
07-13-20,Overton,96,3,96,3,0,0,106,5,2482,60,2588,65,0,1,0,13,3,82,0,5,1
07-13-20,Pending,88,5,88,5,0,0,96,4,71569,846,71665,850,0,2,-3,37,8,49,0,0,0
07-13-20,Perry,45,5,45,5,0,0,51,5,971,111,1022,116,0,0,5,10,0,35,2,3,0
07-13-20,Pickett,7,0,7,0,0,0,7,0,522,2,529,2,0,0,0,1,0,6,0,0,1
07-13-20,Polk,63,1,62,1,1,0,72,2,1226,10,1298,12,0,0,0,12,1,51,0,3,0
07-13-20,Putnam,1035,56,1030,56,5,0,1247,67,11957,565,13204,632,0,7,30,187,26,841,0,36,9
07-13-20,Rhea,364,6,364,6,0,0,392,5,3440,47,3832,52,0,0,3,90,3,274,0,7,0
07-13-20,Roane,95,3,88,3,7,0,115,3,6481,34,6596,37,0,0,0,28,3,67,1,9,0
07-13-20,Robertson,986,13,983,13,3,0,1208,12,7073,80,8281,92,0,13,-9,116,22,857,1,71,18
07-13-20,Rutherford,3843,94,3835,93,8,1,4566,95,28743,498,33309,593,0,39,4,685,90,3119,0,156,43
07-13-20,Scott,32,1,30,1,2,0,30,1,1411,4,1441,5,0,0,-1,11,2,21,0,2,0
07-13-20,Sequatchie,64,2,64,2,0,0,76,2,1824,35,1900,37,0,0,-6,17,8,47,1,3,0
07-13-20,Sevier,930,8,884,8,46,0,976,8,11053,73,12029,81,1,4,-32,94,39,832,1,36,4
07-13-20,Shelby,14528,309,14505,307,23,2,17350,351,164918,2059,182268,2410,0,224,-103,2431,412,11873,18,1231,252
07-13-20,Smith,195,13,192,13,3,0,216,17,2122,85,2338,102,0,2,3,48,10,145,0,9,2
07-13-20,Stewart,27,1,27,1,0,0,31,1,975,32,1006,33,0,0,1,4,0,23,0,2,0
07-13-20,Sullivan,261,22,235,16,26,6,258,23,9010,164,9268,187,1,5,8,121,13,135,3,35,5
07-13-20,Sumner,2119,47,2107,47,12,0,2579,53,16550,290,19129,343,0,56,-4,406,51,1657,1,261,58
07-13-20,Tipton,739,9,731,9,8,0,815,9,9097,127,9912,136,0,7,0,57,9,675,0,43,8
07-13-20,Trousdale,1516,1,1513,1,3,0,1564,1,2651,12,4215,13,0,5,1,10,0,1501,0,15,6
07-13-20,Unicoi,61,2,61,2,0,0,68,2,1741,37,1809,39,0,0,1,6,1,55,0,1,0
07-13-20,Union,31,3,31,3,0,0,34,3,1366,16,1400,19,0,0,1,12,2,19,0,1,0
07-13-20,Van Buren,14,1,14,1,0,0,14,1,551,12,565,13,0,0,0,6,1,8,0,1,0
07-13-20,Warren,163,34,163,34,0,0,175,34,4184,163,4359,197,0,0,30,81,4,82,0,4,3
07-13-20,Washington,283,18,272,17,11,1,310,15,8910,186,9220,201,0,0,1,99,17,184,0,13,0
07-13-20,Wayne,132,11,132,11,0,0,133,4,2983,41,3116,45,0,0,10,47,1,85,0,2,0
07-13-20,Weakley,89,2,89,2,0,0,91,2,2872,62,2963,64,0,1,-2,13,4,75,1,5,1
07-13-20,White,99,8,97,8,2,0,119,8,3018,41,3137,49,0,3,5,19,3,77,0,8,3
07-13-20,Williamson,1932,74,1927,74,5,0,2210,85,25368,399,27578,484,0,16,3,541,71,1375,1,64,16
07-13-20,Wilson,1289,39,1286,39,3,0,1538,50,14424,259,15962,309,0,17,3,278,36,994,1,64,18
07-12-20,Anderson,212,10,204,10,8,0,249,12,9356,186,9605,198,0,2,5,81,5,129,0,13,2
07-12-20,Bedford,632,4,632,4,0,0,741,10,4455,91,5196,101,0,9,-3,71,7,552,0,26,10
07-12-20,Benton,14,1,13,1,1,0,17,1,1204,14,1221,15,0,1,1,1,0,12,0,2,1
07-12-20,Bledsoe,640,0,640,0,0,0,653,1,3903,52,4556,53,0,1,-2,8,2,631,0,8,1
07-12-20,Blount,356,10,345,10,11,0,422,11,8790,155,9212,166,0,3,1,110,9,243,0,20,4
07-12-20,Bradley,1032,41,1014,41,18,0,1163,48,8430,258,9593,306,0,4,11,272,30,756,2,63,5
07-12-20,Campbell,75,2,70,2,5,0,84,2,3506,189,3590,191,0,1,0,27,2,47,0,6,1
07-12-20,Cannon,52,1,52,1,0,0,73,2,1234,70,1307,72,0,0,0,16,1,36,0,5,0
07-12-20,Carroll,54,5,48,5,6,0,53,5,2224,41,2277,46,0,1,5,9,0,44,0,6,1
07-12-20,Carter,119,5,112,5,7,0,125,15,3956,174,4081,189,1,2,2,52,2,65,1,12,2
07-12-20,Cheatham,291,11,291,11,0,0,349,13,3810,96,4159,109,0,3,10,51,1,237,0,16,3
07-12-20,Chester,86,11,84,11,2,0,89,12,1081,34,1170,46,0,0,9,49,2,37,0,4,0
07-12-20,Claiborne,72,5,72,5,0,0,83,7,2475,116,2558,123,0,0,4,30,1,42,0,3,0
07-12-20,Clay,29,2,29,2,0,0,30,2,880,60,910,62,0,0,0,2,2,27,0,0,0
07-12-20,Cocke,159,14,150,14,9,0,169,18,2778,58,2947,76,0,0,14,61,0,98,3,6,1
07-12-20,Coffee,150,7,149,7,1,0,186,7,5284,203,5470,210,0,0,5,31,2,119,0,6,0
07-12-20,Crockett,63,9,58,9,5,0,70,9,1046,67,1116,76,0,3,6,23,3,37,0,4,3
07-12-20,Cumberland,227,2,223,2,4,0,299,4,7992,65,8291,69,0,4,-2,33,4,190,0,22,5
07-12-20,Davidson,14166,466,14148,466,18,0,16893,583,125073,3385,141966,3968,0,143,244,2928,222,11095,13,678,161
07-12-20,Decatur,36,6,27,0,9,6,37,5,1099,41,1136,46,0,0,4,12,2,24,0,2,0
07-12-20,Dekalb,90,2,90,2,0,0,112,5,2445,28,2557,33,0,0,0,17,2,73,1,6,0
07-12-20,Dickson,292,10,292,10,0,0,370,11,4605,90,4975,101,0,0,-2,65,12,227,0,20,0
07-12-20,Dyer,297,8,285,7,12,1,318,8,3493,43,3811,51,0,3,1,39,7,255,2,27,4
07-12-20,Fayette,391,11,388,11,3,0,492,14,6749,160,7241,174,0,5,6,55,5,331,0,42,9
07-12-20,Fentress,29,1,29,1,0,0,29,1,1447,17,1476,18,0,0,-1,5,2,24,0,2,0
07-12-20,Franklin,124,8,122,8,2,0,144,11,3688,104,3832,115,0,3,6,31,2,90,1,9,3
07-12-20,Gibson,193,17,170,12,23,5,210,20,3923,209,4133,229,0,1,11,56,6,136,1,11,1
07-12-20,Giles,127,11,127,11,0,0,143,19,2707,133,2850,152,0,1,8,60,3,66,1,12,1
07-12-20,Grainger,61,3,56,3,5,0,74,4,1765,40,1839,44,0,0,3,18,0,43,0,7,0
07-12-20,Greene,155,6,149,6,6,0,172,16,4841,193,5013,209,0,2,-2,45,8,108,0,13,2
07-12-20,Grundy,69,0,68,0,1,0,78,0,1018,21,1096,21,0,2,0,7,0,60,0,11,2
07-12-20,Hamblen,517,35,498,31,19,4,549,40,6867,114,7416,154,0,4,23,146,12,367,1,33,6
07-12-20,Hamilton,3359,163,3349,163,10,0,3749,216,47435,1729,51184,1945,0,38,109,600,54,2721,4,165,39
07-12-20,Hancock,12,0,12,0,0,0,13,0,513,12,526,12,0,0,0,9,0,3,0,4,0
07-12-20,Hardeman,443,17,435,17,8,0,478,25,6811,80,7289,105,0,4,14,94,3,345,0,27,9
07-12-20,Hardin,142,10,137,9,5,1,168,11,3508,117,3676,128,0,7,5,21,5,114,0,13,7
07-12-20,Hawkins,95,3,93,3,2,0,114,5,3533,80,3647,85,0,2,-1,28,4,65,0,10,2
07-12-20,Haywood,149,18,146,18,3,0,162,21,1771,69,1933,90,0,3,15,44,3,102,0,14,4
07-12-20,Henderson,77,6,69,4,8,2,87,6,2018,58,2105,64,0,0,5,24,1,53,0,6,0
07-12-20,Henry,52,1,51,1,1,0,65,2,3054,28,3119,30,0,0,0,7,1,45,0,8,0
07-12-20,Hickman,109,5,109,5,0,0,138,4,1951,52,2089,56,0,0,1,33,4,76,0,3,0
07-12-20,Houston,29,6,29,6,0,0,35,7,814,12,849,19,0,0,4,13,2,16,0,6,0
07-12-20,Humphreys,48,1,47,1,1,0,56,2,1644,67,1700,69,0,2,0,15,1,31,0,2,2
07-12-20,Jackson,63,0,63,0,0,0,70,0,1044,8,1114,8,0,0,-1,26,1,37,0,3,1
07-12-20,Jefferson,204,10,192,9,12,1,221,9,4866,67,5087,76,0,1,2,68,8,135,0,11,1
07-12-20,Johnson,48,1,46,1,2,0,46,0,2765,23,2811,23,0,0,1,9,0,39,1,5,0
07-12-20,Knox,1708,69,1674,67,34,2,1890,84,45836,980,47726,1064,0,9,27,476,42,1223,4,136,12
07-12-20,Lake,692,0,690,0,2,0,858,0,3872,14,4730,14,0,0,0,4,0,688,0,3,0
07-12-20,Lauderdale,188,11,185,10,3,1,212,10,4738,36,4950,46,0,4,7,40,4,144,1,19,6
07-12-20,Lawrence,244,10,244,10,0,0,300,19,3779,140,4079,159,0,6,6,104,4,134,0,18,6
07-12-20,Lewis,15,1,15,1,0,0,16,1,1083,68,1099,69,0,0,1,7,0,8,0,2,0
07-12-20,Lincoln,101,13,101,13,0,0,124,13,2687,91,2811,104,0,0,12,30,1,71,0,6,0
07-12-20,Loudon,326,5,311,5,15,0,349,4,4508,81,4857,85,0,2,-4,47,9,277,0,13,3
07-12-20,Macon,639,15,637,15,2,0,723,17,3252,46,3975,63,0,7,1,93,14,539,1,43,8
07-12-20,Madison,390,21,371,21,19,0,447,25,8850,359,9297,384,0,2,9,55,12,333,5,39,3
07-12-20,Marion,102,5,101,5,1,0,118,6,2030,45,2148,51,0,4,1,29,4,69,0,14,4
07-12-20,Marshall,126,7,126,7,0,0,141,4,2434,63,2575,67,0,2,2,33,5,91,0,12,2
07-12-20,Maury,489,29,488,29,1,0,579,34,6486,188,7065,222,0,3,16,124,13,362,0,26,4
07-12-20,McMinn,305,15,302,15,3,0,365,16,5144,120,5509,136,0,19,11,65,4,221,1,34,20
07-12-20,McNairy,112,8,108,7,4,1,118,7,1768,60,1886,67,0,1,4,33,4,78,1,8,1
07-12-20,Meigs,42,2,42,2,0,0,56,2,1059,35,1115,37,0,0,2,10,0,32,0,5,0
07-12-20,Monroe,167,2,158,2,9,0,187,2,2492,73,2679,75,0,6,0,16,2,145,0,13,5
07-12-20,Montgomery,848,50,844,50,4,0,957,62,15717,397,16674,459,0,7,23,237,27,604,3,49,8
07-12-20,Moore,27,3,27,3,0,0,30,3,614,19,644,22,0,0,3,11,0,16,0,0,0
07-12-20,Morgan,35,3,35,3,0,0,41,4,4024,37,4065,41,0,1,3,10,0,24,1,2,1
07-12-20,Obion,129,2,125,2,4,0,148,2,2891,35,3039,37,1,3,1,10,0,116,0,14,3
07-12-20,Out of State,717,39,717,39,0,0,764,40,114349,2568,115113,2608,0,10,29,183,10,524,0,33,3
07-12-20,Overton,93,0,93,0,0,0,101,0,2422,39,2523,39,0,1,-1,13,1,79,0,5,1
07-12-20,Pending,83,8,83,8,0,0,92,8,70723,1899,70815,1907,0,2,6,40,2,41,0,0,0
07-12-20,Perry,40,2,40,2,0,0,46,1,860,22,906,23,0,0,0,5,2,35,0,1,0
07-12-20,Pickett,7,1,7,1,0,0,7,1,520,6,527,7,0,0,1,1,0,6,0,0,0
07-12-20,Polk,62,1,61,1,1,0,70,2,1216,39,1286,41,0,0,-1,12,2,50,0,3,0
07-12-20,Putnam,979,8,974,8,5,0,1180,14,11392,62,12572,76,0,7,-2,157,10,815,5,36,8
07-12-20,Rhea,358,7,358,7,0,0,387,8,3393,89,3780,97,0,0,6,87,1,271,0,7,0
07-12-20,Roane,92,2,85,2,7,0,112,4,6447,97,6559,101,0,0,-1,28,3,64,0,8,0
07-12-20,Robertson,973,15,970,15,3,0,1196,20,6993,91,8189,111,0,13,6,125,9,835,1,70,18
07-12-20,Rutherford,3749,125,3742,125,7,0,4471,147,28245,754,32716,901,0,39,66,681,59,3029,2,156,42
07-12-20,Scott,31,2,29,2,2,0,29,2,1407,35,1436,37,0,0,2,12,0,19,1,2,0
07-12-20,Sequatchie,62,3,62,3,0,0,74,6,1789,50,1863,56,0,0,2,23,1,39,0,2,0
07-12-20,Sevier,922,7,876,7,46,0,968,11,10980,134,11948,145,0,3,-12,126,19,793,0,35,4
07-12-20,Shelby,14219,552,14198,552,21,0,16999,675,162859,4263,179858,4938,1,224,303,2534,248,11461,31,1213,250
07-12-20,Smith,182,18,179,18,3,0,199,19,2037,96,2236,115,0,2,13,45,5,135,3,9,2
07-12-20,Stewart,26,1,26,1,0,0,30,1,943,33,973,34,0,0,1,3,0,23,0,2,0
07-12-20,Sullivan,239,24,219,23,20,1,235,33,8846,241,9081,274,0,4,17,113,7,122,3,32,5
07-12-20,Sumner,2072,68,2060,68,12,0,2526,70,16260,457,18786,527,0,56,36,410,32,1606,2,260,58
07-12-20,Tipton,730,18,722,18,8,0,806,24,8970,149,9776,173,0,7,8,57,10,666,2,43,7
07-12-20,Trousdale,1515,1,1512,1,3,0,1563,2,2639,39,4202,41,0,5,-2,9,3,1501,0,15,6
07-12-20,Unicoi,59,1,59,1,0,0,66,1,1704,107,1770,108,0,0,1,5,0,54,0,1,0
07-12-20,Union,28,4,28,4,0,0,31,4,1350,67,1381,71,0,0,3,11,1,17,0,1,0
07-12-20,Van Buren,13,0,13,0,0,0,13,0,539,1,552,1,0,0,0,6,0,7,0,1,0
07-12-20,Warren,129,3,129,3,0,0,141,3,4021,66,4162,69,0,0,1,51,2,78,1,4,3
07-12-20,Washington,265,12,255,12,10,0,295,27,8724,324,9019,351,0,0,0,98,12,167,0,13,0
07-12-20,Wayne,121,4,121,4,0,0,129,8,2942,94,3071,102,0,0,0,37,4,84,0,2,0
07-12-20,Weakley,87,6,87,6,0,0,89,5,2810,69,2899,74,0,1,5,15,1,71,0,4,1
07-12-20,White,91,1,89,1,2,0,111,4,2977,40,3088,44,0,3,0,14,1,74,1,8,3
07-12-20,Williamson,1858,119,1853,119,5,0,2125,133,24969,1373,27094,1506,0,16,72,538,47,1304,0,63,16
07-12-20,Wilson,1250,36,1247,36,3,0,1488,53,14165,289,15653,342,0,17,15,275,21,958,1,63,18
07-11-20,Anderson,202,8,194,8,8,0,237,8,9170,170,9407,178,0,2,1,76,7,124,1,13,2
07-11-20,Bedford,628,4,628,4,0,0,731,14,4364,90,5095,104,0,9,-7,74,11,545,0,26,10
07-11-20,Benton,13,0,12,0,1,0,16,0,1190,7,1206,7,0,1,0,0,0,12,0,2,1
07-11-20,Bledsoe,640,1,640,1,0,0,652,1,3851,20,4503,21,0,1,0,10,1,629,0,8,1
07-11-20,Blount,346,3,335,3,11,0,411,8,8635,78,9046,86,0,3,-10,109,13,234,0,20,3
07-11-20,Bradley,991,32,973,32,18,0,1115,53,8172,255,9287,308,0,4,-14,261,46,726,1,61,5
07-11-20,Campbell,73,1,68,1,5,0,82,1,3317,90,3399,91,0,1,-2,27,3,45,0,6,1
07-11-20,Cannon,51,1,51,1,0,0,71,3,1164,7,1235,10,0,0,-1,16,2,35,0,5,0
07-11-20,Carroll,49,0,43,0,6,0,48,0,2183,31,2231,31,0,1,-1,4,1,44,0,6,1
07-11-20,Carter,114,2,107,1,7,1,110,8,3782,154,3892,162,0,1,-1,50,3,63,0,11,2
07-11-20,Cheatham,280,6,280,6,0,0,336,7,3714,71,4050,78,0,3,1,41,5,236,0,16,3
07-11-20,Chester,75,8,73,7,2,1,77,8,1047,10,1124,18,0,0,4,40,4,35,1,4,0
07-11-20,Claiborne,67,0,67,0,0,0,76,0,2359,45,2435,45,0,0,-4,26,4,41,0,3,0
07-11-20,Clay,27,0,27,0,0,0,28,0,820,5,848,5,0,0,-1,2,1,25,0,0,0
07-11-20,Cocke,145,5,136,4,9,1,151,5,2720,17,2871,22,0,0,1,47,4,98,0,3,1
07-11-20,Coffee,143,2,142,2,1,0,179,4,5081,143,5260,147,0,0,1,26,1,117,0,6,0
07-11-20,Crockett,54,1,49,1,5,0,61,1,979,11,1040,12,0,3,-2,17,3,34,0,4,3
07-11-20,Cumberland,225,8,221,8,4,0,295,8,7927,98,8222,106,0,4,7,35,1,186,3,22,5
07-11-20,Davidson,13700,199,13682,199,18,0,16310,238,121688,1262,137998,1500,1,143,-41,2684,239,10873,4,665,158
07-11-20,Decatur,30,1,27,1,3,0,32,1,1058,3,1090,4,0,0,0,8,1,22,1,2,0
07-11-20,Dekalb,88,1,88,1,0,0,107,0,2417,47,2524,47,0,0,-1,17,2,71,0,5,0
07-11-20,Dickson,282,18,282,18,0,0,359,25,4515,176,4874,201,0,0,11,67,7,215,0,20,0
07-11-20,Dyer,289,1,278,1,11,0,310,2,3450,32,3760,34,0,3,-9,38,10,248,0,25,4
07-11-20,Fayette,380,3,377,3,3,0,478,4,6589,33,7067,37,2,5,-5,49,6,326,1,42,9
07-11-20,Fentress,28,1,28,1,0,0,28,1,1430,12,1458,13,0,0,0,6,1,22,0,2,0
07-11-20,Franklin,116,3,114,3,2,0,133,10,3584,114,3717,124,0,3,-2,25,5,88,0,8,3
07-11-20,Gibson,176,5,158,4,18,1,190,5,3714,58,3904,63,0,1,-2,45,7,130,1,10,1
07-11-20,Giles,116,4,116,4,0,0,124,9,2574,45,2698,54,0,1,3,52,1,63,0,11,1
07-11-20,Grainger,58,0,53,0,5,0,70,0,1725,13,1795,13,0,0,-3,15,3,43,0,7,0
07-11-20,Greene,149,3,143,2,6,1,156,20,4648,172,4804,192,0,2,-2,47,5,100,1,13,2
07-11-20,Grundy,69,0,68,0,1,0,78,1,997,10,1075,11,0,2,-1,7,1,60,0,11,2
07-11-20,Hamblen,482,4,467,3,15,1,509,3,6753,27,7262,30,0,4,-3,123,7,355,0,32,5
07-11-20,Hamilton,3196,108,3186,108,10,0,3533,123,45706,1217,49239,1340,1,38,51,491,56,2667,5,161,39
07-11-20,Hancock,12,1,12,1,0,0,13,2,501,19,514,21,0,0,1,9,0,3,0,4,0
07-11-20,Hardeman,426,6,418,5,8,1,453,8,6731,11,7184,19,0,4,-2,80,8,342,0,27,6
07-11-20,Hardin,132,3,128,3,4,0,157,3,3391,25,3548,28,0,7,3,16,0,109,0,13,7
07-11-20,Hawkins,92,7,90,6,2,1,109,9,3453,45,3562,54,0,2,5,29,2,61,2,10,2
07-11-20,Haywood,131,2,128,1,3,1,141,2,1702,25,1843,27,1,3,-5,29,6,99,0,14,4
07-11-20,Henderson,71,1,65,0,6,1,81,1,1960,9,2041,10,0,0,-1,19,2,52,0,6,0
07-11-20,Henry,51,3,50,3,1,0,63,1,3026,25,3089,26,0,0,3,7,0,44,1,8,0
07-11-20,Hickman,104,4,104,4,0,0,134,6,1899,58,2033,64,0,0,4,32,0,72,0,3,0
07-11-20,Houston,23,0,23,0,0,0,28,0,802,16,830,16,0,0,0,9,0,14,0,6,0
07-11-20,Humphreys,47,7,46,7,1,0,54,7,1577,23,1631,30,0,2,5,15,2,30,0,2,2
07-11-20,Jackson,63,0,63,0,0,0,70,0,1036,3,1106,3,0,0,0,27,0,36,0,3,1
07-11-20,Jefferson,194,6,183,6,11,0,212,6,4799,21,5011,27,0,1,0,66,6,127,0,11,1
07-11-20,Johnson,47,1,45,1,2,0,46,2,2742,41,2788,43,0,0,1,8,0,39,1,4,0
07-11-20,Knox,1639,28,1607,27,32,1,1806,43,44856,901,46662,944,0,9,-16,449,44,1181,2,132,11
07-11-20,Lake,692,2,690,2,2,0,858,2,3858,10,4716,12,0,0,2,4,0,688,0,3,0
07-11-20,Lauderdale,177,2,175,2,2,0,202,2,4702,13,4904,15,0,4,-2,33,4,140,1,18,6
07-11-20,Lawrence,234,7,234,7,0,0,281,19,3639,165,3920,184,0,6,6,98,1,130,0,18,6
07-11-20,Lewis,14,0,14,0,0,0,15,1,1015,52,1030,53,0,0,0,6,0,8,0,2,0
07-11-20,Lincoln,88,2,88,2,0,0,111,8,2596,62,2707,70,0,0,0,18,2,70,0,6,0
07-11-20,Loudon,321,4,306,4,15,0,345,6,4427,62,4772,68,1,2,-2,51,5,268,0,13,3
07-11-20,Macon,624,7,622,7,2,0,706,8,3206,24,3912,32,1,7,-14,92,20,525,1,42,7
07-11-20,Madison,369,10,350,10,19,0,422,10,8491,97,8913,107,0,2,-4,46,14,321,2,34,3
07-11-20,Marion,97,4,96,4,1,0,112,4,1985,65,2097,69,0,4,2,28,2,65,0,14,4
07-11-20,Marshall,119,4,119,4,0,0,137,7,2371,142,2508,149,0,2,-1,31,5,86,0,12,2
07-11-20,Maury,460,8,459,7,1,1,545,36,6298,108,6843,144,0,3,-9,108,17,349,0,26,4
07-11-20,McMinn,290,9,287,9,3,0,349,13,5024,107,5373,120,1,19,6,54,2,217,0,33,20
07-11-20,McNairy,104,6,101,6,3,0,111,5,1708,39,1819,44,0,1,5,29,1,74,0,7,1
07-11-20,Meigs,40,1,40,1,0,0,54,5,1024,22,1078,27,0,0,1,8,0,32,1,5,0
07-11-20,Monroe,165,0,156,0,9,0,185,0,2419,55,2604,55,0,6,-3,16,3,143,0,13,4
07-11-20,Montgomery,798,55,794,55,4,0,895,64,15320,350,16215,414,0,7,36,214,19,577,0,46,8
07-11-20,Moore,24,1,24,1,0,0,27,6,595,8,622,14,0,0,-3,8,4,16,0,0,0
07-11-20,Morgan,32,1,32,1,0,0,37,1,3987,19,4024,20,0,1,0,7,1,24,0,1,1
07-11-20,Obion,127,4,123,3,4,1,146,4,2856,26,3002,30,0,2,0,9,4,116,0,14,3
07-11-20,Out of State,678,15,678,15,0,0,724,16,111781,1738,112505,1754,0,10,8,154,7,514,0,33,3
07-11-20,Overton,93,2,93,2,0,0,101,1,2383,10,2484,11,0,1,2,14,0,78,0,5,1
07-11-20,Pending,75,2,75,2,0,0,84,3,68824,818,68908,821,0,2,-2,34,4,39,0,0,0
07-11-20,Perry,38,1,38,1,0,0,45,1,838,1,883,2,0,0,-1,5,2,33,0,1,0
07-11-20,Pickett,6,0,6,0,0,0,6,0,514,0,520,0,0,0,0,0,0,6,0,0,0
07-11-20,Polk,61,1,60,1,1,0,68,6,1177,27,1245,33,0,0,1,13,0,48,0,3,0
07-11-20,Putnam,971,7,966,7,5,0,1166,9,11330,88,12496,97,0,7,-2,159,9,805,0,31,8
07-11-20,Rhea,351,37,351,37,0,0,379,55,3304,108,3683,163,0,0,36,81,1,270,1,7,0
07-11-20,Roane,90,7,83,7,7,0,108,8,6350,57,6458,65,0,0,4,29,3,61,0,8,0
07-11-20,Robertson,958,38,955,38,3,0,1176,47,6902,117,8078,164,0,13,29,119,9,826,2,69,17
07-11-20,Rutherford,3624,86,3617,86,7,0,4324,99,27491,435,31815,534,0,39,13,615,73,2970,3,154,42
07-11-20,Scott,29,2,27,1,2,1,27,1,1372,47,1399,48,0,0,1,10,1,19,0,1,0
07-11-20,Sequatchie,59,3,59,3,0,0,68,6,1739,53,1807,59,0,0,3,21,0,38,0,2,0
07-11-20,Sevier,915,6,869,6,46,0,957,7,10846,74,11803,81,0,3,-11,138,17,774,0,35,4
07-11-20,Shelby,13667,148,13646,148,21,0,16324,176,158596,1397,174920,1573,4,223,-112,2231,256,11213,8,1182,246
07-11-20,Smith,164,10,161,10,3,0,180,10,1941,44,2121,54,0,2,5,32,5,130,0,6,2
07-11-20,Stewart,25,0,25,0,0,0,29,1,910,25,939,26,0,0,0,2,0,23,0,2,0
07-11-20,Sullivan,215,10,196,10,19,0,202,14,8605,134,8807,148,2,4,-2,96,10,115,1,29,4
07-11-20,Sumner,2004,53,1992,53,12,0,2456,64,15803,363,18259,427,0,56,30,374,23,1574,1,258,58
07-11-20,Tipton,712,3,704,3,8,0,782,2,8821,55,9603,57,1,7,-5,49,7,656,1,41,7
07-11-20,Trousdale,1514,3,1511,3,3,0,1561,4,2600,28,4161,32,0,5,-2,11,5,1498,0,15,6
07-11-20,Unicoi,58,0,58,0,0,0,65,1,1597,60,1662,61,0,0,0,4,0,54,0,1,0
07-11-20,Union,24,0,24,0,0,0,27,0,1283,9,1310,9,0,0,0,8,0,16,0,1,0
07-11-20,Van Buren,13,0,13,0,0,0,13,0,538,1,551,1,0,0,0,6,0,7,0,1,0
07-11-20,Warren,126,2,126,2,0,0,138,3,3955,30,4093,33,0,0,2,50,0,76,0,3,3
07-11-20,Washington,253,8,243,8,10,0,268,27,8400,293,8668,320,0,0,1,98,7,155,2,13,0
07-11-20,Wayne,117,1,117,1,0,0,121,4,2848,13,2969,17,0,0,0,37,1,80,0,2,0
07-11-20,Weakley,81,4,81,4,0,0,84,5,2741,15,2825,20,0,1,4,10,0,70,0,4,1
07-11-20,White,90,2,88,2,2,0,107,1,2937,17,3044,18,0,3,-1,14,3,73,0,7,3
07-11-20,Williamson,1739,56,1734,56,5,0,1992,69,23596,422,25588,491,0,16,6,466,50,1257,0,63,16
07-11-20,Wilson,1214,43,1211,43,3,0,1435,50,13876,236,15311,286,0,17,18,260,25,937,2,62,18
07-10-20,Anderson,194,6,186,6,8,0,229,7,9000,29,9229,36,0,2,1,75,5,117,1,12,2
07-10-20,Bedford,624,7,624,7,0,0,717,5,4274,24,4991,29,0,9,-1,81,8,534,0,26,10
07-10-20,Benton,13,0,12,0,1,0,16,0,1183,12,1199,12,0,1,0,0,0,12,0,2,1
07-10-20,Bledsoe,639,1,639,1,0,0,651,1,3831,11,4482,12,0,1,0,10,1,628,0,8,1
07-10-20,Blount,343,42,332,40,11,2,403,50,8557,166,8960,216,0,3,23,119,19,221,2,20,3
07-10-20,Bradley,959,23,941,23,18,0,1062,25,7917,78,8979,103,0,4,-17,275,40,680,0,60,5
07-10-20,Campbell,72,5,67,4,5,1,81,5,3227,20,3308,25,0,1,4,29,1,42,0,6,1
07-10-20,Cannon,50,4,50,4,0,0,68,5,1157,27,1225,32,0,0,2,17,2,33,1,5,0
07-10-20,Carroll,49,0,43,0,6,0,48,0,2152,16,2200,16,0,1,-1,5,1,43,0,6,1
07-10-20,Carter,112,19,106,19,6,0,102,7,3628,46,3730,53,0,1,19,51,0,60,1,11,1
07-10-20,Cheatham,274,9,274,9,0,0,329,9,3643,130,3972,139,1,3,-1,40,9,231,0,16,3
07-10-20,Chester,67,7,66,7,1,0,69,7,1037,16,1106,23,0,0,6,36,1,31,0,3,0
07-10-20,Claiborne,67,1,67,1,0,0,76,1,2314,65,2390,66,0,0,-6,30,7,37,1,3,0
07-10-20,Clay,27,1,27,1,0,0,28,1,815,14,843,15,0,0,1,3,0,24,0,0,0
07-10-20,Cocke,140,8,132,8,8,0,146,6,2703,38,2849,44,0,0,-4,46,12,94,0,3,0
07-10-20,Coffee,141,1,140,1,1,0,175,3,4938,57,5113,60,0,0,-3,25,4,116,0,6,0
07-10-20,Crockett,53,5,48,3,5,2,60,5,968,22,1028,27,0,3,3,19,2,31,0,4,3
07-10-20,Cumberland,217,11,213,11,4,0,287,15,7829,161,8116,176,0,4,8,28,3,185,0,19,5
07-10-20,Davidson,13501,534,13483,532,18,2,16072,650,120426,2830,136498,3480,4,142,232,2725,298,10634,13,661,156
07-10-20,Decatur,29,0,26,0,3,0,31,0,1055,14,1086,14,0,0,0,8,0,21,0,1,0
07-10-20,Dekalb,87,4,87,4,0,0,107,5,2370,37,2477,42,0,0,-4,18,8,69,0,5,0
07-10-20,Dickson,264,6,264,6,0,0,334,10,4339,44,4673,54,0,0,-9,56,15,208,3,20,0
07-10-20,Dyer,288,9,277,9,11,0,308,8,3418,76,3726,84,0,3,-2,47,11,238,2,25,4
07-10-20,Fayette,377,9,374,8,3,1,474,11,6556,135,7030,146,0,3,2,54,7,320,2,41,9
07-10-20,Fentress,27,1,27,1,0,0,27,1,1418,18,1445,19,0,0,1,6,0,21,0,2,0
07-10-20,Franklin,113,1,111,1,2,0,123,1,3470,46,3593,47,0,3,0,27,1,83,0,8,3
07-10-20,Gibson,171,13,154,9,17,4,185,15,3656,31,3841,46,0,1,7,47,6,123,0,9,1
07-10-20,Giles,112,13,112,13,0,0,115,12,2529,66,2644,78,0,1,9,49,4,62,3,11,1
07-10-20,Grainger,58,1,53,1,5,0,70,1,1712,24,1782,25,0,0,-2,18,3,40,0,7,0
07-10-20,Greene,146,12,141,11,5,1,136,4,4476,27,4612,31,0,2,9,49,3,95,1,12,2
07-10-20,Grundy,69,1,68,1,1,0,77,1,987,5,1064,6,0,2,1,8,0,59,0,11,2
07-10-20,Hamblen,478,25,464,25,14,0,506,27,6726,262,7232,289,0,4,-21,126,46,348,0,32,4
07-10-20,Hamilton,3088,104,3078,104,10,0,3410,105,44489,1159,47899,1264,0,37,38,440,66,2611,8,156,39
07-10-20,Hancock,11,0,11,0,0,0,11,1,482,3,493,4,0,0,0,8,0,3,0,4,0
07-10-20,Hardeman,420,14,413,13,7,1,445,16,6720,44,7165,60,0,4,0,82,14,334,4,27,6
07-10-20,Hardin,129,0,125,0,4,0,154,0,3366,27,3520,27,0,7,-2,13,2,109,0,13,7
07-10-20,Hawkins,85,1,84,1,1,0,100,2,3408,31,3508,33,0,2,-6,24,7,59,0,8,2
07-10-20,Haywood,129,7,127,7,2,0,139,8,1677,14,1816,22,0,2,2,34,5,93,0,14,4
07-10-20,Henderson,70,6,65,2,5,4,80,7,1951,16,2031,23,0,0,4,20,2,50,0,6,0
07-10-20,Henry,48,1,47,1,1,0,62,2,3001,92,3063,94,0,0,1,4,0,44,0,7,0
07-10-20,Hickman,100,3,100,3,0,0,128,3,1841,23,1969,26,0,0,3,28,0,72,0,3,0
07-10-20,Houston,23,0,23,0,0,0,28,0,786,11,814,11,0,0,-1,9,1,14,0,6,0
07-10-20,Humphreys,40,0,39,0,1,0,47,0,1554,10,1601,10,0,2,0,10,0,28,0,2,2
07-10-20,Jackson,63,3,63,3,0,0,70,3,1033,10,1103,13,0,0,2,27,1,36,0,3,1
07-10-20,Jefferson,188,23,177,21,11,2,206,24,4778,71,4984,95,0,1,15,66,8,121,2,11,1
07-10-20,Johnson,46,0,44,0,2,0,44,0,2701,19,2745,19,0,0,0,7,0,39,0,3,0
07-10-20,Knox,1611,77,1580,73,31,4,1763,65,43955,375,45718,440,0,9,27,465,50,1137,6,130,10
07-10-20,Lake,690,0,688,0,2,0,856,0,3848,6,4704,6,0,0,0,2,0,688,0,3,0
07-10-20,Lauderdale,175,5,173,5,2,0,200,5,4689,49,4889,54,1,4,-3,35,7,136,1,17,5
07-10-20,Lawrence,227,8,227,8,0,0,262,9,3474,51,3736,60,0,6,2,92,6,129,0,18,6
07-10-20,Lewis,14,0,14,0,0,0,14,1,963,19,977,20,0,0,0,6,0,8,0,2,0
07-10-20,Lincoln,86,3,86,3,0,0,103,2,2534,13,2637,15,0,0,-1,18,4,68,0,6,0
07-10-20,Loudon,317,7,302,7,15,0,339,8,4365,19,4704,27,0,1,3,53,4,263,0,13,3
07-10-20,Macon,617,26,615,26,2,0,698,34,3182,47,3880,81,0,6,13,106,13,505,2,41,7
07-10-20,Madison,359,14,340,12,19,2,412,14,8394,157,8806,171,0,2,-8,50,22,307,2,32,3
07-10-20,Marion,93,3,92,3,1,0,108,4,1920,14,2028,18,0,4,3,26,0,63,0,14,4
07-10-20,Marshall,115,2,115,2,0,0,130,2,2229,23,2359,25,0,2,-3,32,5,81,1,12,2
07-10-20,Maury,452,21,452,21,0,0,509,4,6190,202,6699,206,0,3,7,117,14,332,0,26,4
07-10-20,McMinn,281,4,278,4,3,0,336,11,4917,42,5253,53,0,18,2,48,2,215,0,33,20
07-10-20,McNairy,98,3,95,3,3,0,106,5,1669,13,1775,18,0,1,0,24,3,73,0,7,1
07-10-20,Meigs,39,0,39,0,0,0,49,0,1002,14,1051,14,0,0,-1,7,1,32,0,4,0
07-10-20,Monroe,165,5,156,5,9,0,185,6,2364,26,2549,32,0,6,2,19,3,140,1,13,4
07-10-20,Montgomery,743,28,739,28,4,0,831,31,14970,223,15801,254,0,7,8,178,20,558,2,46,8
07-10-20,Moore,23,0,23,0,0,0,21,0,587,5,608,5,0,0,-3,11,3,12,0,0,0
07-10-20,Morgan,31,2,31,2,0,0,36,2,3968,13,4004,15,0,1,2,7,0,23,0,1,1
07-10-20,Obion,123,1,120,1,3,0,142,0,2830,27,2972,27,0,2,-4,9,5,112,0,14,3
07-10-20,Out of State,663,27,663,27,0,0,708,29,110043,1570,110751,1599,0,10,10,146,17,507,1,33,3
07-10-20,Overton,91,2,91,2,0,0,100,4,2373,36,2473,40,0,1,1,12,1,78,1,5,1
07-10-20,Pending,73,3,73,3,0,0,81,4,68006,924,68087,928,0,2,-4,36,7,35,0,0,0
07-10-20,Perry,37,1,37,1,0,0,44,2,837,15,881,17,0,0,1,6,0,31,0,1,0
07-10-20,Pickett,6,0,6,0,0,0,6,0,514,8,520,8,0,0,0,0,0,6,0,0,0
07-10-20,Polk,60,0,59,0,1,0,62,0,1150,9,1212,9,0,0,-2,12,2,48,0,3,0
07-10-20,Putnam,964,11,959,11,5,0,1157,12,11242,174,12399,186,0,7,-4,161,15,796,1,31,8
07-10-20,Rhea,314,15,314,15,0,0,324,5,3196,28,3520,33,0,0,13,45,2,269,0,6,0
07-10-20,Roane,83,3,76,3,7,0,100,3,6293,43,6393,46,0,0,0,25,3,58,0,8,0
07-10-20,Robertson,920,17,917,17,3,0,1129,16,6785,106,7914,122,0,13,11,90,6,817,4,67,17
07-10-20,Rutherford,3538,126,3531,126,7,0,4225,155,27056,756,31281,911,1,39,63,602,62,2897,3,151,42
07-10-20,Scott,27,3,26,3,1,0,26,3,1325,12,1351,15,0,0,3,9,0,18,0,1,0
07-10-20,Sequatchie,56,4,56,4,0,0,62,1,1686,6,1748,7,0,0,1,18,3,38,0,2,0
07-10-20,Sevier,909,25,863,24,46,1,950,27,10772,140,11722,167,0,3,-14,149,39,757,3,35,3
07-10-20,Shelby,13519,401,13498,401,21,0,16148,463,157199,2621,173347,3084,5,219,72,2343,324,10957,19,1174,243
07-10-20,Smith,154,7,151,7,3,0,170,7,1897,29,2067,36,0,2,5,27,2,125,0,6,2
07-10-20,Stewart,25,1,25,1,0,0,28,1,885,14,913,15,0,0,0,2,1,23,0,2,0
07-10-20,Sullivan,205,21,186,21,19,0,188,13,8471,129,8659,142,0,2,16,98,5,105,0,28,4
07-10-20,Sumner,1951,46,1939,46,12,0,2392,60,15440,241,17832,301,0,56,14,344,32,1551,1,257,58
07-10-20,Tipton,709,9,701,9,8,0,780,11,8766,103,9546,114,0,6,5,54,4,649,0,40,7
07-10-20,Trousdale,1511,2,1508,2,3,0,1557,4,2572,24,4129,28,0,5,-2,13,4,1493,0,15,6
07-10-20,Unicoi,58,2,58,2,0,0,64,2,1537,7,1601,9,0,0,2,4,0,54,0,1,0
07-10-20,Union,24,2,24,2,0,0,27,2,1274,46,1301,48,0,0,2,8,0,16,0,1,0
07-10-20,Van Buren,13,2,13,2,0,0,13,2,537,4,550,6,0,0,2,6,0,7,0,1,0
07-10-20,Warren,124,1,124,1,0,0,135,4,3925,96,4060,100,0,0,-1,48,2,76,0,3,1
07-10-20,Washington,245,16,235,15,10,1,241,10,8107,105,8348,115,0,0,14,97,2,148,1,11,0
07-10-20,Wayne,116,3,116,3,0,0,117,6,2835,34,2952,40,0,0,3,37,0,79,0,2,0
07-10-20,Weakley,77,1,77,1,0,0,79,0,2726,64,2805,64,0,1,-3,6,4,70,0,4,1
07-10-20,White,88,4,86,4,2,0,106,5,2920,61,3026,66,0,3,0,15,4,70,0,7,3
07-10-20,Williamson,1683,52,1678,52,5,0,1923,60,23174,924,25097,984,1,16,5,460,46,1207,0,63,16
07-10-20,Wilson,1171,24,1168,24,3,0,1385,36,13640,373,15025,409,0,17,-6,242,30,912,0,60,18
07-09-20,Anderson,188,14,180,14,8,0,222,16,8971,288,9193,304,0,2,11,74,3,112,0,11,2
07-09-20,Bedford,617,14,617,14,0,0,712,7,4250,75,4962,82,1,9,2,82,11,526,0,26,10
07-09-20,Benton,13,1,12,1,1,0,16,2,1171,18,1187,20,0,1,1,0,0,12,0,2,1
07-09-20,Bledsoe,638,1,638,1,0,0,650,2,3820,20,4470,22,0,1,-1,10,2,627,0,8,1
07-09-20,Blount,301,22,292,22,9,0,353,26,8391,208,8744,234,0,3,11,96,11,202,0,18,3
07-09-20,Bradley,936,33,918,33,18,0,1037,31,7839,134,8876,165,0,4,-18,292,51,640,0,60,4
07-09-20,Campbell,67,4,63,4,4,0,76,8,3207,182,3283,190,0,1,3,25,1,41,1,6,1
07-09-20,Cannon,46,2,46,2,0,0,63,3,1130,16,1193,19,0,0,-1,15,3,31,0,4,0
07-09-20,Carroll,49,3,43,2,6,1,48,4,2136,35,2184,39,0,1,3,6,0,42,0,6,1
07-09-20,Carter,93,9,87,9,6,0,95,8,3582,164,3677,172,0,1,5,32,4,60,2,10,1
07-09-20,Cheatham,265,14,265,14,0,0,320,18,3513,141,3833,159,0,2,11,41,3,222,0,16,3
07-09-20,Chester,60,7,59,7,1,0,62,7,1021,16,1083,23,0,0,5,30,2,30,0,3,0
07-09-20,Claiborne,66,9,66,9,0,0,75,13,2249,214,2324,227,0,0,6,36,3,30,0,2,0
07-09-20,Clay,26,1,26,1,0,0,27,1,801,9,828,10,0,0,0,2,1,24,0,0,0
07-09-20,Cocke,132,12,124,12,8,0,140,13,2665,94,2805,107,0,0,5,50,7,82,0,3,0
07-09-20,Coffee,140,2,139,2,1,0,172,12,4881,74,5053,86,0,0,1,28,1,112,0,6,0
07-09-20,Crockett,48,1,45,1,3,0,55,1,946,24,1001,25,0,3,0,16,1,29,0,4,3
07-09-20,Cumberland,206,5,202,5,4,0,272,7,7668,161,7940,168,0,4,0,20,5,182,1,19,5
07-09-20,Davidson,12967,280,12951,280,16,0,15422,362,117596,2441,133018,2803,6,138,-60,2493,334,10336,14,648,152
07-09-20,Decatur,29,1,26,1,3,0,31,2,1041,40,1072,42,0,0,0,8,1,21,0,1,0
07-09-20,Dekalb,83,8,83,8,0,0,102,12,2333,122,2435,134,0,0,8,22,0,61,2,5,0
07-09-20,Dickson,258,10,258,10,0,0,324,12,4295,144,4619,156,0,0,3,65,7,193,1,17,0
07-09-20,Dyer,279,6,268,6,11,0,300,6,3342,68,3642,74,0,3,1,49,5,227,0,23,4
07-09-20,Fayette,368,16,366,16,2,0,463,15,6421,122,6884,137,0,3,4,52,12,313,3,39,9
07-09-20,Fentress,26,2,26,2,0,0,26,2,1400,19,1426,21,0,0,2,5,0,21,0,2,0
07-09-20,Franklin,112,6,110,6,2,0,122,4,3424,49,3546,53,0,3,4,27,2,82,0,8,3
07-09-20,Gibson,158,7,145,7,13,0,170,7,3625,76,3795,83,0,1,4,40,3,117,0,9,1
07-09-20,Giles,99,9,99,9,0,0,103,8,2463,28,2566,36,0,1,5,40,4,58,1,8,1
07-09-20,Grainger,57,6,52,6,5,0,69,7,1688,51,1757,58,0,0,6,20,0,37,0,7,0
07-09-20,Greene,134,13,130,13,4,0,132,7,4449,37,4581,44,0,2,5,40,8,92,1,11,2
07-09-20,Grundy,68,0,67,0,1,0,76,0,982,6,1058,6,0,2,-1,7,1,59,0,11,2
07-09-20,Hamblen,453,27,439,24,14,3,479,28,6464,179,6943,207,0,4,-3,147,30,302,0,32,4
07-09-20,Hamilton,2984,80,2974,78,10,2,3305,86,43330,1167,46635,1253,1,37,16,402,63,2545,5,148,39
07-09-20,Hancock,11,1,11,1,0,0,10,0,479,8,489,8,0,0,1,8,0,3,0,4,0
07-09-20,Hardeman,406,20,400,15,6,5,429,22,6676,35,7105,57,0,4,7,82,13,320,0,23,4
07-09-20,Hardin,129,5,125,5,4,0,154,9,3339,86,3493,95,0,7,0,15,5,107,0,13,7
07-09-20,Hawkins,84,7,83,7,1,0,98,9,3377,21,3475,30,0,2,4,30,3,52,0,8,2
07-09-20,Haywood,122,1,120,1,2,0,131,1,1663,27,1794,28,0,2,-3,32,4,88,0,14,4
07-09-20,Henderson,64,5,63,5,1,0,73,5,1935,65,2008,70,0,0,0,16,5,48,0,6,0
07-09-20,Henry,47,1,46,1,1,0,60,3,2909,93,2969,96,0,0,-1,3,2,44,1,7,0
07-09-20,Hickman,97,2,97,2,0,0,125,2,1818,29,1943,31,0,0,0,25,2,72,0,3,0
07-09-20,Houston,23,2,23,2,0,0,28,2,775,22,803,24,0,0,2,10,0,13,0,6,0
07-09-20,Humphreys,40,2,39,2,1,0,47,3,1544,36,1591,39,0,2,1,10,1,28,0,2,2
07-09-20,Jackson,60,6,60,6,0,0,67,6,1023,7,1090,13,0,0,5,25,1,35,0,3,1
07-09-20,Jefferson,165,13,156,11,9,2,182,17,4707,121,4889,138,0,1,10,51,3,113,1,9,1
07-09-20,Johnson,46,1,44,1,2,0,44,0,2682,24,2726,24,0,0,0,7,1,39,0,3,0
07-09-20,Knox,1534,71,1507,67,27,4,1698,95,43580,1751,45278,1846,0,9,25,438,46,1087,8,124,10
07-09-20,Lake,690,1,688,1,2,0,856,0,3842,12,4698,12,0,0,1,2,0,688,0,3,0
07-09-20,Lauderdale,170,4,168,4,2,0,195,5,4640,66,4835,71,0,3,-1,38,5,129,0,16,5
07-09-20,Lawrence,219,19,219,19,0,0,253,14,3423,76,3676,90,0,6,10,90,9,123,1,18,6
07-09-20,Lewis,14,2,14,2,0,0,13,0,944,50,957,50,0,0,1,6,1,8,0,2,0
07-09-20,Lincoln,83,3,83,3,0,0,101,3,2521,13,2622,16,0,0,-3,19,6,64,0,6,0
07-09-20,Loudon,310,10,295,10,15,0,331,11,4346,94,4677,105,0,1,8,50,2,259,0,13,2
07-09-20,Macon,591,28,589,28,2,0,664,36,3135,104,3799,140,2,6,11,93,15,492,1,39,7
07-09-20,Madison,345,6,328,6,17,0,398,8,8237,157,8635,165,0,2,-10,58,16,285,0,30,3
07-09-20,Marion,90,1,89,1,1,0,104,2,1906,36,2010,38,0,4,1,23,0,63,0,14,4
07-09-20,Marshall,113,8,113,8,0,0,128,7,2206,30,2334,37,1,2,4,35,3,76,0,11,2
07-09-20,Maury,431,22,431,22,0,0,505,19,5988,161,6493,180,0,3,7,110,15,318,1,26,3
07-09-20,McMinn,277,10,274,10,3,0,325,5,4875,111,5200,116,0,18,7,46,3,213,1,33,20
07-09-20,McNairy,95,11,92,9,3,2,101,12,1656,76,1757,88,0,1,8,24,3,70,0,7,1
07-09-20,Meigs,39,4,39,4,0,0,49,0,988,4,1037,4,0,0,4,8,0,31,0,4,0
07-09-20,Monroe,160,6,151,6,9,0,179,6,2338,43,2517,49,0,6,1,17,5,137,1,12,4
07-09-20,Montgomery,715,47,711,47,4,0,800,48,14747,533,15547,581,0,7,22,170,25,538,1,44,7
07-09-20,Moore,23,4,23,4,0,0,21,1,582,4,603,5,0,0,3,14,1,9,0,0,0
07-09-20,Morgan,29,0,29,0,0,0,34,0,3955,39,3989,39,0,1,0,5,0,23,0,1,1
07-09-20,Obion,122,1,119,1,3,0,142,1,2803,69,2945,70,0,2,0,13,1,107,0,14,2
07-09-20,Out of State,636,19,636,19,0,0,679,18,108473,2546,109152,2564,3,10,-1,136,17,490,1,32,3
07-09-20,Overton,89,0,89,0,0,0,96,0,2337,19,2433,19,0,1,-1,11,1,77,0,4,1
07-09-20,Pending,70,5,70,5,0,0,77,9,67082,1233,67159,1242,0,2,1,40,4,28,0,0,0
07-09-20,Perry,36,0,36,0,0,0,42,0,822,6,864,6,0,0,-1,5,1,31,0,1,0
07-09-20,Pickett,6,0,6,0,0,0,6,0,506,1,512,1,0,0,0,0,0,6,0,0,0
07-09-20,Polk,60,8,59,8,1,0,62,4,1141,4,1203,8,0,0,8,14,0,46,0,3,0
07-09-20,Putnam,953,10,948,10,5,0,1145,15,11068,202,12213,217,0,7,-5,165,15,781,0,30,8
07-09-20,Rhea,299,6,299,6,0,0,319,3,3168,48,3487,51,0,0,3,32,3,267,0,6,0
07-09-20,Roane,80,6,73,6,7,0,97,9,6250,143,6347,152,0,0,5,25,1,55,0,8,0
07-09-20,Robertson,903,22,900,22,3,0,1113,24,6679,167,7792,191,2,13,14,79,6,811,1,63,17
07-09-20,Rutherford,3412,98,3405,98,7,0,4070,113,26300,1154,30370,1267,1,38,29,539,68,2835,3,148,42
07-09-20,Scott,24,1,23,1,1,0,23,1,1313,22,1336,23,0,0,0,6,1,18,0,1,0
07-09-20,Sequatchie,52,2,52,2,0,0,61,0,1680,38,1741,38,0,0,0,17,2,35,0,2,0
07-09-20,Sevier,884,22,839,19,45,3,923,26,10632,306,11555,332,0,3,-8,163,30,718,1,32,3
07-09-20,Shelby,13118,337,13097,336,21,1,15685,415,154578,3827,170263,4242,6,214,10,2271,321,10633,27,1155,239
07-09-20,Smith,147,7,144,7,3,0,163,9,1868,36,2031,45,0,2,-6,22,13,123,0,6,2
07-09-20,Stewart,24,0,24,0,0,0,27,0,871,30,898,30,0,0,0,2,0,22,0,2,0
07-09-20,Sullivan,184,20,165,19,19,1,175,17,8342,246,8517,263,0,2,15,82,5,100,0,28,4
07-09-20,Sumner,1905,63,1893,63,12,0,2332,72,15199,524,17531,596,1,56,31,330,31,1519,2,256,57
07-09-20,Tipton,700,17,692,14,8,3,769,15,8663,174,9432,189,1,6,5,49,11,645,0,40,7
07-09-20,Trousdale,1509,3,1506,3,3,0,1553,3,2548,31,4101,34,0,5,2,15,1,1489,0,15,6
07-09-20,Unicoi,56,0,56,0,0,0,62,0,1530,22,1592,22,0,0,0,2,0,54,0,1,0
07-09-20,Union,22,1,22,1,0,0,25,3,1228,42,1253,45,0,0,0,6,1,16,0,1,0
07-09-20,Van Buren,11,2,11,2,0,0,11,2,533,16,544,18,0,0,2,4,0,7,0,1,0
07-09-20,Warren,123,18,123,18,0,0,131,20,3829,239,3960,259,0,0,17,49,1,74,1,3,1
07-09-20,Washington,229,30,220,30,9,0,231,19,8002,231,8233,250,0,0,21,83,9,146,1,10,0
07-09-20,Wayne,113,13,113,13,0,0,111,10,2801,21,2912,31,0,0,10,34,3,79,0,2,0
07-09-20,Weakley,76,1,76,1,0,0,79,1,2662,51,2741,52,0,1,1,9,0,66,0,4,1
07-09-20,White,84,0,82,0,2,0,101,3,2859,45,2960,48,0,3,-2,15,2,66,0,7,3
07-09-20,Williamson,1631,110,1626,110,5,0,1863,127,22250,936,24113,1063,0,15,57,455,53,1161,5,63,15
07-09-20,Wilson,1147,37,1144,37,3,0,1349,43,13267,320,14616,363,0,17,4,248,33,882,0,60,18
07-08-20,Anderson,174,16,166,15,8,1,206,15,8683,117,8889,132,0,2,10,63,6,109,0,11,2
07-08-20,Bedford,603,7,603,7,0,0,705,15,4175,121,4880,136,1,8,-15,80,21,515,0,26,9
07-08-20,Benton,12,0,11,0,1,0,14,0,1153,5,1167,5,0,1,0,-1,0,12,0,2,1
07-08-20,Bledsoe,637,1,637,1,0,0,648,2,3800,19,4448,21,0,1,1,11,0,625,0,8,1
07-08-20,Blount,279,3,270,3,9,0,327,4,8183,58,8510,62,0,3,-11,85,14,191,0,18,3
07-08-20,Bradley,903,42,885,42,18,0,1006,65,7705,202,8711,267,0,4,-1,310,43,589,3,60,4
07-08-20,Campbell,63,4,59,4,4,0,68,2,3025,66,3093,68,0,1,-3,22,7,40,0,5,1
07-08-20,Cannon,44,2,44,2,0,0,60,2,1114,65,1174,67,0,0,1,16,1,28,0,4,0
07-08-20,Carroll,46,2,41,2,5,0,44,1,2101,16,2145,17,0,1,-1,3,3,42,0,6,1
07-08-20,Carter,84,2,78,2,6,0,87,6,3418,87,3505,93,0,1,2,27,0,56,1,8,1
07-08-20,Cheatham,251,2,251,2,0,0,302,3,3372,55,3674,58,1,2,-5,30,6,219,0,16,3
07-08-20,Chester,53,4,52,3,1,1,55,4,1005,9,1060,13,0,0,3,25,1,28,0,3,0
07-08-20,Claiborne,57,3,57,3,0,0,62,2,2035,40,2097,42,0,0,1,30,2,27,0,2,0
07-08-20,Clay,25,0,25,0,0,0,26,0,792,9,818,9,0,0,0,2,0,23,0,0,0
07-08-20,Cocke,120,14,112,14,8,0,127,14,2571,52,2698,66,0,0,5,45,9,75,1,3,0
07-08-20,Coffee,138,5,137,5,1,0,160,2,4807,182,4967,184,0,0,2,27,3,111,1,6,0
07-08-20,Crockett,47,2,44,1,3,1,54,3,922,6,976,9,0,3,2,16,0,28,0,4,3
07-08-20,Cumberland,201,1,197,1,4,0,265,4,7507,57,7772,61,0,4,-1,20,2,177,0,18,4
07-08-20,Davidson,12687,374,12671,374,16,0,15060,476,115155,3158,130215,3634,5,132,-41,2553,410,10002,9,634,149
07-08-20,Decatur,28,3,25,2,3,1,29,2,1001,7,1030,9,0,0,3,8,0,20,0,1,0
07-08-20,Dekalb,75,1,75,1,0,0,90,1,2211,42,2301,43,0,0,0,14,1,61,0,3,0
07-08-20,Dickson,248,13,248,13,0,0,312,17,4151,140,4463,157,0,0,6,62,7,186,0,16,0
07-08-20,Dyer,273,3,262,2,11,1,294,3,3274,33,3568,36,0,3,-1,48,4,222,0,23,3
07-08-20,Fayette,352,1,350,1,2,0,448,4,6299,155,6747,159,1,3,-14,48,14,301,1,36,8
07-08-20,Fentress,24,0,24,0,0,0,24,0,1381,12,1405,12,0,0,-2,3,2,21,0,2,0
07-08-20,Franklin,106,10,104,10,2,0,118,7,3375,131,3493,138,0,3,6,23,4,80,0,8,3
07-08-20,Gibson,151,10,138,6,13,4,163,10,3549,59,3712,69,0,1,5,36,5,114,1,9,1
07-08-20,Giles,90,14,90,14,0,0,95,9,2435,111,2530,120,0,1,11,35,3,54,1,7,1
07-08-20,Grainger,51,2,46,2,5,0,62,3,1637,25,1699,28,0,0,1,14,1,37,0,7,0
07-08-20,Greene,121,2,117,2,4,0,125,4,4412,120,4537,124,0,2,-5,35,7,84,0,10,2
07-08-20,Grundy,68,1,67,1,1,0,76,1,976,11,1052,12,1,2,-1,8,1,58,0,11,2
07-08-20,Hamblen,426,23,415,23,11,0,451,24,6285,86,6736,110,0,4,-5,150,28,272,0,32,4
07-08-20,Hamilton,2904,100,2896,100,8,0,3219,122,42163,1360,45382,1482,0,36,34,386,66,2482,2,143,39
07-08-20,Hancock,10,1,10,1,0,0,10,2,471,44,481,46,0,0,1,7,0,3,0,4,0
07-08-20,Hardeman,386,10,385,9,1,1,407,8,6641,17,7048,25,0,4,-1,75,11,307,1,23,4
07-08-20,Hardin,124,4,120,2,4,2,145,3,3253,63,3398,66,0,7,0,15,4,102,0,13,7
07-08-20,Hawkins,77,11,76,10,1,1,89,6,3356,58,3445,64,0,2,10,26,1,49,1,8,2
07-08-20,Haywood,121,4,119,4,2,0,130,3,1636,6,1766,9,0,2,2,35,2,84,0,14,4
07-08-20,Henderson,59,5,58,4,1,1,68,4,1870,19,1938,23,0,0,2,16,3,43,0,6,0
07-08-20,Henry,46,1,45,1,1,0,57,1,2816,14,2873,15,0,0,-1,4,2,42,0,6,0
07-08-20,Hickman,95,3,95,3,0,0,123,8,1789,61,1912,69,0,0,2,25,1,70,1,3,0
07-08-20,Houston,21,3,21,3,0,0,26,3,753,16,779,19,0,0,3,8,0,13,0,6,0
07-08-20,Humphreys,38,2,37,2,1,0,44,1,1508,20,1552,21,0,2,-2,9,4,27,0,2,2
07-08-20,Jackson,54,12,54,12,0,0,61,14,1016,36,1077,50,0,0,10,20,2,34,0,3,0
07-08-20,Jefferson,152,8,145,8,7,0,165,7,4586,56,4751,63,0,1,2,41,6,110,1,8,1
07-08-20,Johnson,45,0,43,0,2,0,44,0,2658,13,2702,13,0,0,-3,7,3,38,0,3,0
07-08-20,Knox,1463,72,1440,67,23,5,1603,55,41829,475,43432,530,1,9,16,413,55,1041,5,116,10
07-08-20,Lake,689,0,687,0,2,0,856,0,3830,4,4686,4,0,0,0,1,0,688,0,3,0
07-08-20,Lauderdale,166,6,164,6,2,0,190,5,4574,14,4764,19,0,3,-1,39,7,124,0,16,5
07-08-20,Lawrence,200,21,200,21,0,0,239,19,3347,62,3586,81,0,6,16,80,5,114,1,17,6
07-08-20,Lewis,12,3,12,3,0,0,13,3,894,18,907,21,0,0,3,5,0,7,2,2,0
07-08-20,Lincoln,80,8,80,8,0,0,98,7,2508,87,2606,94,0,0,7,22,1,58,0,6,0
07-08-20,Loudon,300,9,285,9,15,0,320,9,4252,59,4572,68,0,1,2,42,7,257,0,13,2
07-08-20,Macon,563,35,561,35,2,0,628,45,3031,93,3659,138,0,4,-3,82,38,477,2,38,7
07-08-20,Madison,339,2,322,2,17,0,390,2,8080,86,8470,88,0,2,-11,68,13,269,0,30,3
07-08-20,Marion,89,6,88,6,1,0,102,10,1870,53,1972,63,0,4,3,22,3,63,0,14,4
07-08-20,Marshall,105,2,105,2,0,0,121,4,2176,160,2297,164,0,1,-1,31,3,73,0,11,2
07-08-20,Maury,409,22,409,22,0,0,486,23,5827,209,6313,232,0,3,10,103,12,303,2,25,3
07-08-20,McMinn,267,2,264,2,3,0,320,11,4764,97,5084,108,0,18,-4,39,6,210,0,32,20
07-08-20,McNairy,84,3,83,2,1,1,89,2,1580,24,1669,26,1,1,-1,16,3,67,1,7,1
07-08-20,Meigs,35,1,35,1,0,0,49,1,984,18,1033,19,0,0,1,4,0,31,0,4,0
07-08-20,Monroe,154,2,145,2,9,0,173,2,2295,28,2468,30,0,6,0,16,2,132,0,11,4
07-08-20,Montgomery,668,39,664,39,4,0,752,41,14214,304,14966,345,0,7,26,148,13,513,3,43,7
07-08-20,Moore,19,2,19,2,0,0,20,2,578,18,598,20,0,0,0,11,2,8,0,0,0
07-08-20,Morgan,29,0,29,0,0,0,34,0,3916,17,3950,17,0,1,0,5,0,23,0,1,1
07-08-20,Obion,121,2,118,2,3,0,141,5,2734,19,2875,24,0,2,-1,13,3,106,0,14,2
07-08-20,Out of State,617,25,617,25,0,0,661,26,105927,2170,106588,2196,-1,7,9,137,17,473,2,31,3
07-08-20,Overton,89,5,89,5,0,0,96,5,2318,41,2414,46,0,1,1,12,4,76,0,4,1
07-08-20,Pending,65,7,65,7,0,0,68,4,65849,881,65917,885,0,2,6,39,1,24,0,0,0
07-08-20,Perry,36,1,36,1,0,0,42,0,816,6,858,6,0,0,1,6,0,30,0,1,0
07-08-20,Pickett,6,0,6,0,0,0,6,0,505,1,511,1,0,0,0,0,0,6,0,0,0
07-08-20,Polk,52,0,51,0,1,0,58,1,1137,25,1195,26,0,0,0,6,0,46,0,3,0
07-08-20,Putnam,943,55,938,55,5,0,1130,64,10866,404,11996,468,0,7,44,170,11,766,1,30,8
07-08-20,Rhea,293,2,293,2,0,0,316,1,3120,42,3436,43,0,0,1,29,1,264,0,6,0
07-08-20,Roane,74,9,67,9,7,0,88,8,6107,106,6195,114,0,0,7,20,2,54,1,8,0
07-08-20,Robertson,881,14,878,14,3,0,1089,14,6512,53,7601,67,0,11,3,65,11,805,1,62,17
07-08-20,Rutherford,3314,79,3307,79,7,0,3957,93,25146,333,29103,426,1,37,-3,510,81,2767,3,145,42
07-08-20,Scott,23,1,22,1,1,0,22,1,1291,22,1313,23,0,0,1,6,0,17,0,1,0
07-08-20,Sequatchie,50,2,50,2,0,0,61,3,1642,43,1703,46,0,0,1,17,1,33,0,2,0
07-08-20,Sevier,862,21,820,20,42,1,897,18,10326,218,11223,236,0,3,-17,171,38,688,0,31,3
07-08-20,Shelby,12781,252,12761,252,20,0,15270,301,150751,2750,166021,3051,6,208,-109,2261,355,10312,17,1128,234
07-08-20,Smith,140,5,137,5,3,0,154,5,1832,21,1986,26,1,2,-3,28,7,110,0,6,2
07-08-20,Stewart,24,1,24,1,0,0,27,1,841,11,868,12,0,0,0,2,1,22,0,2,0
07-08-20,Sullivan,164,12,146,12,18,0,158,15,8096,109,8254,124,0,2,5,67,7,95,4,28,2
07-08-20,Sumner,1842,79,1830,78,12,1,2260,82,14675,210,16935,292,2,55,35,299,42,1488,5,254,56
07-08-20,Tipton,683,7,678,7,5,0,754,6,8489,105,9243,111,0,5,-5,44,12,634,4,40,7
07-08-20,Trousdale,1506,3,1503,3,3,0,1550,3,2517,15,4067,18,0,5,-1,13,4,1488,0,15,6
07-08-20,Unicoi,56,1,56,1,0,0,62,1,1508,45,1570,46,0,0,1,2,0,54,0,1,0
07-08-20,Union,21,2,21,2,0,0,22,1,1186,9,1208,10,0,0,1,6,1,15,1,1,0
07-08-20,Van Buren,9,1,9,1,0,0,9,1,517,4,526,5,0,0,1,2,0,7,0,1,0
07-08-20,Warren,105,2,105,2,0,0,111,1,3590,74,3701,75,0,0,1,32,1,73,0,2,1
07-08-20,Washington,199,11,190,9,9,2,212,8,7771,109,7983,117,0,0,7,62,4,137,0,9,0
07-08-20,Wayne,100,8,100,8,0,0,101,7,2780,20,2881,27,0,0,7,24,1,76,0,2,0
07-08-20,Weakley,75,2,75,2,0,0,78,2,2611,13,2689,15,0,1,-1,8,3,66,0,4,1
07-08-20,White,84,3,82,3,2,0,98,4,2814,77,2912,81,0,3,2,17,1,64,1,7,3
07-08-20,Williamson,1521,41,1516,40,5,1,1736,40,21314,269,23050,309,0,15,-17,398,58,1108,0,58,14
07-08-20,Wilson,1110,35,1107,35,3,0,1306,37,12947,242,14253,279,0,17,8,244,27,849,1,60,18
07-07-20,Anderson,158,16,151,16,7,0,191,19,8566,234,8757,253,0,2,11,53,5,103,0,11,2
07-07-20,Bedford,596,7,596,7,0,0,690,14,4054,122,4744,136,2,7,-4,95,9,494,0,26,8
07-07-20,Benton,12,0,11,0,1,0,14,1,1148,26,1162,27,0,1,-1,-1,1,12,0,2,1
07-07-20,Bledsoe,636,4,636,4,0,0,646,7,3781,24,4427,31,0,1,3,10,1,625,1,8,1
07-07-20,Blount,276,16,267,16,9,0,323,17,8125,349,8448,366,0,3,7,96,9,177,0,18,3
07-07-20,Bradley,861,78,843,78,18,0,941,97,7503,298,8444,395,0,4,47,311,31,546,7,57,4
07-07-20,Campbell,59,5,55,5,4,0,66,6,2959,41,3025,47,0,1,4,25,1,33,1,5,1
07-07-20,Cannon,42,4,42,4,0,0,58,4,1049,20,1107,24,0,0,3,15,1,27,0,4,0
07-07-20,Carroll,44,1,39,1,5,0,43,2,2085,46,2128,48,0,1,1,4,0,39,0,6,1
07-07-20,Carter,82,5,76,5,6,0,81,8,3331,94,3412,102,0,1,1,25,4,56,1,7,1
07-07-20,Cheatham,249,7,249,7,0,0,299,8,3317,170,3616,178,0,1,0,35,7,213,0,16,3
07-07-20,Chester,49,10,49,10,0,0,51,11,996,25,1047,36,0,0,10,22,0,27,1,3,0
07-07-20,Claiborne,54,2,54,2,0,0,60,3,1995,32,2055,35,0,0,1,29,1,25,0,2,0
07-07-20,Clay,25,0,25,0,0,0,26,0,783,4,809,4,0,0,-1,2,1,23,0,0,0
07-07-20,Cocke,106,11,98,11,8,0,113,17,2519,86,2632,103,0,0,6,40,5,66,0,2,0
07-07-20,Coffee,133,6,132,6,1,0,158,9,4625,114,4783,123,0,0,3,25,3,108,0,5,0
07-07-20,Crockett,45,6,43,6,2,0,51,7,916,70,967,77,0,3,4,14,2,28,0,4,3
07-07-20,Cumberland,200,5,196,5,4,0,261,7,7450,136,7711,143,0,4,4,21,1,175,0,18,4
07-07-20,Davidson,12313,598,12297,598,16,0,14584,727,111997,3977,126581,4704,6,127,283,2594,309,9592,21,625,148
07-07-20,Decatur,25,2,23,2,2,0,27,1,994,86,1021,87,0,0,2,5,0,20,0,1,0
07-07-20,Dekalb,74,2,74,2,0,0,89,2,2169,30,2258,32,0,0,-1,14,3,60,0,3,0
07-07-20,Dickson,235,8,235,8,0,0,295,7,4011,99,4306,106,0,0,3,56,5,179,0,16,0
07-07-20,Dyer,270,10,260,10,10,0,291,14,3241,81,3532,95,0,3,-2,49,12,218,0,23,3
07-07-20,Fayette,351,17,349,17,2,0,444,24,6144,148,6588,172,0,2,3,62,14,287,0,35,8
07-07-20,Fentress,24,2,24,2,0,0,24,2,1369,20,1393,22,0,0,2,5,0,19,0,2,0
07-07-20,Franklin,96,7,94,7,2,0,111,7,3244,98,3355,105,0,3,3,17,4,76,0,8,3
07-07-20,Gibson,141,10,132,10,9,0,153,11,3490,110,3643,121,0,1,2,31,8,109,1,8,1
07-07-20,Giles,76,2,76,2,0,0,86,4,2324,95,2410,99,0,1,0,24,2,51,1,6,1
07-07-20,Grainger,49,3,44,3,5,0,59,4,1612,24,1671,28,0,0,1,13,2,36,1,7,0
07-07-20,Greene,119,5,115,5,4,0,121,12,4292,234,4413,246,0,2,-1,40,6,77,0,10,2
07-07-20,Grundy,67,3,66,3,1,0,75,3,965,14,1040,17,0,1,2,9,1,57,1,11,2
07-07-20,Hamblen,403,25,392,25,11,0,427,27,6199,171,6626,198,0,4,-2,155,27,244,1,32,4
07-07-20,Hamilton,2804,80,2796,80,8,0,3097,102,40803,1371,43900,1473,1,36,-4,352,83,2416,1,141,39
07-07-20,Hancock,9,1,9,1,0,0,8,2,427,10,435,12,0,0,1,6,0,3,1,4,0
07-07-20,Hardeman,376,15,376,15,0,0,399,19,6624,121,7023,140,0,4,13,76,2,296,1,22,4
07-07-20,Hardin,120,3,118,3,2,0,142,4,3190,98,3332,102,0,7,1,15,2,98,1,13,7
07-07-20,Hawkins,66,1,66,1,0,0,83,5,3298,156,3381,161,0,2,0,16,1,48,0,7,2
07-07-20,Haywood,117,14,115,14,2,0,127,15,1630,79,1757,94,0,2,8,33,6,82,0,14,3
07-07-20,Henderson,54,6,54,6,0,0,64,6,1851,123,1915,129,0,0,2,14,4,40,0,6,0
07-07-20,Henry,45,2,44,1,1,1,56,2,2802,120,2858,122,0,0,2,5,0,40,0,6,0
07-07-20,Hickman,92,5,92,5,0,0,115,8,1728,54,1843,62,0,0,3,23,2,69,0,2,0
07-07-20,Houston,18,1,18,1,0,0,23,1,737,16,760,17,0,0,0,5,1,13,0,6,0
07-07-20,Humphreys,36,1,35,1,1,0,43,1,1488,70,1531,71,0,2,-2,11,3,23,0,2,2
07-07-20,Jackson,42,1,42,1,0,0,47,1,980,5,1027,6,0,0,-1,10,2,32,0,3,0
07-07-20,Jefferson,144,8,137,8,7,0,158,13,4530,170,4688,183,-1,1,5,39,4,104,0,7,1
07-07-20,Johnson,45,0,43,0,2,0,44,0,2645,32,2689,32,0,0,-3,10,3,35,0,3,0
07-07-20,Knox,1391,80,1373,80,18,0,1548,107,41354,1306,42902,1413,0,8,39,397,41,986,7,111,10
07-07-20,Lake,689,0,687,0,2,0,856,0,3826,65,4682,65,0,0,-1,1,1,688,0,3,0
07-07-20,Lauderdale,160,13,158,13,2,0,185,15,4560,74,4745,89,0,3,8,40,5,117,0,16,5
07-07-20,Lawrence,179,8,179,8,0,0,220,11,3285,111,3505,122,0,6,2,64,6,109,0,16,6
07-07-20,Lewis,9,1,9,1,0,0,10,1,876,75,886,76,0,0,1,2,0,7,0,0,0
07-07-20,Lincoln,72,3,72,3,0,0,91,5,2421,175,2512,180,0,0,1,15,2,57,0,6,0
07-07-20,Loudon,291,8,276,8,15,0,311,8,4193,76,4504,84,0,1,6,40,2,250,0,13,2
07-07-20,Macon,528,9,526,9,2,0,583,12,2938,50,3521,62,0,4,-22,85,31,439,1,36,5
07-07-20,Madison,337,23,320,23,17,0,388,27,7994,215,8382,242,0,2,13,79,10,256,0,30,2
07-07-20,Marion,83,6,82,6,1,0,92,4,1817,60,1909,64,0,4,4,19,2,60,0,14,4
07-07-20,Marshall,103,3,103,3,0,0,117,7,2016,77,2133,84,0,1,-3,32,6,70,0,11,2
07-07-20,Maury,387,13,387,13,0,0,463,22,5618,195,6081,217,0,3,6,93,7,291,0,23,3
07-07-20,McMinn,265,14,262,14,3,0,309,10,4667,100,4976,110,0,18,9,43,5,204,1,32,20
07-07-20,McNairy,81,8,81,8,0,0,87,8,1556,56,1643,64,0,0,4,17,4,64,2,6,1
07-07-20,Meigs,34,0,34,0,0,0,48,0,966,17,1014,17,0,0,0,3,0,31,0,4,0
07-07-20,Monroe,152,0,143,0,9,0,171,0,2267,33,2438,33,0,6,-5,16,5,130,0,11,4
07-07-20,Montgomery,629,34,625,34,4,0,711,41,13910,243,14621,284,0,7,12,122,22,500,0,40,7
07-07-20,Moore,17,1,17,1,0,0,18,2,560,16,578,18,0,0,1,11,0,6,0,0,0
07-07-20,Morgan,29,2,29,2,0,0,34,3,3899,20,3933,23,0,1,2,5,0,23,0,1,1
07-07-20,Obion,119,2,116,2,3,0,136,3,2715,99,2851,102,0,2,-1,14,3,103,0,14,2
07-07-20,Out of State,592,19,592,19,0,0,635,25,103757,2220,104392,2245,1,8,-5,128,23,456,0,29,2
07-07-20,Overton,84,2,84,2,0,0,91,4,2277,29,2368,33,0,1,0,11,2,72,0,4,1
07-07-20,Pending,58,5,58,5,0,0,64,7,64968,1306,65032,1313,0,2,3,33,2,23,0,0,0
07-07-20,Perry,35,0,35,0,0,0,42,1,810,108,852,109,0,0,-1,5,1,30,0,1,0
07-07-20,Pickett,6,0,6,0,0,0,6,0,504,3,510,3,0,0,0,0,0,6,0,0,0
07-07-20,Polk,52,2,51,2,1,0,57,1,1112,34,1169,35,0,0,2,6,0,46,0,3,0
07-07-20,Putnam,888,9,883,9,5,0,1066,9,10462,75,11528,84,0,7,-7,126,16,755,2,29,8
07-07-20,Rhea,291,5,291,5,0,0,315,11,3078,116,3393,127,0,0,0,28,5,263,1,6,0
07-07-20,Roane,65,3,58,3,7,0,80,7,6001,101,6081,108,0,0,-2,13,5,52,0,7,0
07-07-20,Robertson,867,16,864,16,3,0,1075,26,6459,173,7534,199,0,11,0,62,16,794,1,61,16
07-07-20,Rutherford,3235,120,3228,120,7,0,3864,143,24813,754,28677,897,1,36,38,513,81,2686,5,142,41
07-07-20,Scott,22,3,21,3,1,0,21,3,1269,9,1290,12,0,0,3,5,0,17,1,1,0
07-07-20,Sequatchie,48,0,48,0,0,0,58,1,1599,82,1657,83,0,0,-1,16,1,32,0,2,0
07-07-20,Sevier,841,35,800,34,41,1,879,39,10108,280,10987,319,0,3,3,188,32,650,2,31,3
07-07-20,Shelby,12529,373,12509,371,20,2,14969,463,148001,3608,162970,4071,1,202,43,2370,329,9957,35,1111,232
07-07-20,Smith,135,6,132,6,3,0,149,6,1811,54,1960,60,0,1,-2,31,8,103,0,6,2
07-07-20,Stewart,23,0,23,0,0,0,26,1,830,22,856,23,0,0,0,2,0,21,0,2,0
07-07-20,Sullivan,152,15,134,11,18,4,143,18,7987,320,8130,338,0,2,12,62,3,88,4,24,2
07-07-20,Sumner,1763,75,1752,75,11,0,2178,86,14465,408,16643,494,1,53,19,264,55,1446,2,249,56
07-07-20,Tipton,676,18,671,18,5,0,748,22,8384,177,9132,199,0,5,8,49,10,622,2,36,7
07-07-20,Trousdale,1503,0,1500,0,3,0,1547,2,2502,37,4049,39,0,5,-1,14,1,1484,0,15,6
07-07-20,Unicoi,55,0,55,0,0,0,61,0,1463,33,1524,33,0,0,-1,1,1,54,0,1,0
07-07-20,Union,19,0,19,0,0,0,21,0,1177,19,1198,19,0,0,0,5,0,14,0,0,0
07-07-20,Van Buren,8,0,8,0,0,0,8,0,513,10,521,10,0,0,0,1,0,7,0,1,0
07-07-20,Warren,103,20,103,20,0,0,110,22,3516,137,3626,159,0,0,13,31,7,72,1,2,1
07-07-20,Washington,188,13,181,11,7,2,204,24,7662,291,7866,315,0,0,9,55,4,133,0,9,0
07-07-20,Wayne,92,1,92,1,0,0,94,2,2760,41,2854,43,0,0,0,17,1,75,0,2,0
07-07-20,Weakley,73,0,73,0,0,0,76,0,2598,111,2674,111,0,1,-4,9,4,63,0,4,1
07-07-20,White,81,1,79,1,2,0,94,1,2737,34,2831,35,0,3,1,15,0,63,0,6,3
07-07-20,Williamson,1480,105,1476,105,4,0,1696,117,21045,804,22741,921,0,15,60,415,45,1050,3,58,13
07-07-20,Wilson,1075,65,1072,65,3,0,1269,84,12705,612,13974,696,0,17,34,236,31,822,1,59,18
07-06-20,Anderson,142,1,135,1,7,0,172,1,8332,29,8504,30,0,2,-4,42,5,98,0,11,2
07-06-20,Bedford,589,8,589,8,0,0,676,5,3932,15,4608,20,0,5,-9,99,17,485,1,26,8
07-06-20,Benton,12,0,11,0,1,0,13,0,1122,6,1135,6,0,1,0,0,0,11,0,2,1
07-06-20,Bledsoe,632,3,632,3,0,0,639,1,3757,13,4396,14,0,1,3,7,0,624,1,7,1
07-06-20,Blount,260,32,251,32,9,0,306,35,7776,79,8082,114,0,3,23,89,9,168,3,18,3
07-06-20,Bradley,783,22,765,22,18,0,844,20,7205,54,8049,74,1,4,-13,264,34,515,2,50,4
07-06-20,Campbell,54,2,50,2,4,0,60,1,2918,11,2978,12,0,1,1,21,1,32,0,4,1
07-06-20,Cannon,38,0,38,0,0,0,54,0,1029,9,1083,9,0,0,0,12,0,26,0,4,0
07-06-20,Carroll,43,0,38,0,5,0,41,0,2039,20,2080,20,0,1,0,3,0,39,0,6,1
07-06-20,Carter,77,10,71,10,6,0,73,8,3237,73,3310,81,0,1,8,24,2,52,1,6,1
07-06-20,Cheatham,242,3,242,3,0,0,291,2,3147,25,3438,27,0,1,-2,35,5,206,1,16,3
07-06-20,Chester,39,1,39,1,0,0,40,0,971,7,1011,7,0,0,0,12,1,27,0,2,0
07-06-20,Claiborne,52,1,52,1,0,0,57,1,1963,10,2020,11,0,0,0,28,1,24,0,2,0
07-06-20,Clay,25,0,25,0,0,0,26,0,779,5,805,5,0,0,-2,3,2,22,0,0,0
07-06-20,Cocke,95,4,87,1,8,3,96,2,2433,10,2529,12,0,0,-6,34,10,61,0,2,0
07-06-20,Coffee,127,5,126,5,1,0,149,1,4511,26,4660,27,0,0,0,22,5,105,0,5,0
07-06-20,Crockett,39,1,37,1,2,0,44,0,846,9,890,9,0,3,1,10,0,26,0,4,3
07-06-20,Cumberland,195,4,191,4,4,0,254,5,7314,77,7568,82,0,4,-2,17,6,174,2,18,4
07-06-20,Davidson,11715,216,11699,215,16,1,13857,260,108020,1278,121877,1538,-1,121,-114,2311,331,9283,3,604,142
07-06-20,Decatur,23,0,21,0,2,0,26,0,908,18,934,18,0,0,-1,3,1,20,0,1,0
07-06-20,Dekalb,72,1,72,1,0,0,87,2,2139,15,2226,17,0,0,-4,15,5,57,0,3,0
07-06-20,Dickson,227,6,227,6,0,0,288,6,3912,31,4200,37,0,0,-2,53,8,174,1,16,0
07-06-20,Dyer,260,6,250,6,10,0,277,4,3160,37,3437,41,2,3,-1,51,5,206,0,23,3
07-06-20,Fayette,334,3,332,3,2,0,420,2,5996,48,6416,50,0,2,-7,59,10,273,0,35,6
07-06-20,Fentress,22,0,22,0,0,0,22,0,1349,5,1371,5,0,0,-2,3,2,19,0,2,0
07-06-20,Franklin,89,1,87,1,2,0,104,1,3146,12,3250,13,0,3,-1,14,2,72,0,8,3
07-06-20,Gibson,131,2,122,2,9,0,142,0,3380,28,3522,28,0,1,-5,29,7,101,0,7,1
07-06-20,Giles,74,6,74,6,0,0,82,4,2229,16,2311,20,0,1,1,24,5,49,1,5,1
07-06-20,Grainger,46,3,41,3,5,0,55,3,1588,7,1643,10,0,0,1,12,2,34,1,6,0
07-06-20,Greene,114,4,110,4,4,0,109,1,4058,30,4167,31,0,2,-3,41,7,71,0,10,2
07-06-20,Grundy,64,2,63,1,1,1,72,0,951,1,1023,1,0,1,1,7,1,56,0,10,2
07-06-20,Hamblen,378,7,367,7,11,0,400,4,6028,41,6428,45,0,4,-14,157,21,217,0,31,4
07-06-20,Hamilton,2724,41,2716,41,8,0,2995,34,39432,167,42427,201,0,35,-5,356,46,2333,3,140,39
07-06-20,Hancock,8,2,8,2,0,0,6,2,417,3,423,5,0,0,2,5,0,3,0,3,0
07-06-20,Hardeman,361,4,361,4,0,0,380,2,6503,184,6883,186,0,4,-3,63,7,294,0,21,4
07-06-20,Hardin,117,2,115,2,2,0,138,2,3092,51,3230,53,0,7,1,14,1,96,0,12,7
07-06-20,Hawkins,65,2,65,2,0,0,78,1,3142,15,3220,16,0,2,1,16,1,47,0,7,2
07-06-20,Haywood,103,1,101,1,2,0,112,1,1551,15,1663,16,0,2,-8,25,9,76,0,14,3
07-06-20,Henderson,48,1,48,1,0,0,58,1,1728,22,1786,23,0,0,-1,12,2,36,1,6,0
07-06-20,Henry,43,0,43,0,0,0,54,0,2682,27,2736,27,0,0,-1,3,1,40,0,6,0
07-06-20,Hickman,87,7,87,7,0,0,107,3,1674,14,1781,17,0,0,6,20,1,67,0,2,0
07-06-20,Houston,17,1,17,1,0,0,22,1,721,1,743,2,0,0,0,5,1,12,1,6,0
07-06-20,Humphreys,35,7,34,7,1,0,42,7,1418,28,1460,35,1,2,4,13,2,20,1,2,2
07-06-20,Jackson,41,0,41,0,0,0,46,0,975,2,1021,2,0,0,-1,11,1,30,0,3,0
07-06-20,Jefferson,136,3,129,3,7,0,145,4,4360,23,4505,27,2,2,-3,34,4,100,0,7,1
07-06-20,Johnson,45,0,43,0,2,0,44,0,2613,2,2657,2,0,0,0,13,0,32,0,3,0
07-06-20,Knox,1311,35,1293,35,18,0,1441,42,40048,668,41489,710,1,8,-19,358,53,945,6,104,9
07-06-20,Lake,689,0,687,0,2,0,856,0,3761,3,4617,3,0,0,0,2,0,687,0,3,0
07-06-20,Lauderdale,147,0,145,0,2,0,170,2,4486,6,4656,8,0,3,-13,32,13,112,0,16,5
07-06-20,Lawrence,171,12,171,12,0,0,209,8,3174,33,3383,41,0,6,5,62,7,103,0,16,6
07-06-20,Lewis,8,0,8,0,0,0,9,0,801,11,810,11,0,0,0,1,0,7,0,0,0
07-06-20,Lincoln,69,1,69,1,0,0,86,0,2246,18,2332,18,0,0,-1,14,2,55,1,6,0
07-06-20,Loudon,283,2,268,2,15,0,303,5,4117,27,4420,32,0,1,-3,34,5,248,0,13,2
07-06-20,Macon,519,8,517,8,2,0,571,13,2888,23,3459,36,0,4,-44,107,52,408,1,35,5
07-06-20,Madison,314,8,297,8,17,0,361,7,7779,85,8140,92,0,2,-3,66,11,246,0,30,2
07-06-20,Marion,77,5,76,5,1,0,88,5,1757,4,1845,9,0,4,1,15,4,58,0,14,4
07-06-20,Marshall,100,5,100,5,0,0,110,2,1939,10,2049,12,0,1,1,35,4,64,2,11,1
07-06-20,Maury,374,17,374,17,0,0,441,14,5423,57,5864,71,0,3,6,87,11,284,2,23,3
07-06-20,McMinn,251,6,248,6,3,0,299,7,4567,11,4866,18,0,18,-1,34,7,199,0,31,20
07-06-20,McNairy,73,1,73,1,0,0,79,1,1500,21,1579,22,0,0,0,13,1,60,0,4,1
07-06-20,Meigs,34,1,34,1,0,0,48,1,949,4,997,5,0,0,0,3,1,31,0,4,0
07-06-20,Monroe,152,2,143,2,9,0,171,2,2234,23,2405,25,0,6,-1,21,3,125,0,11,4
07-06-20,Montgomery,595,5,591,5,4,0,670,5,13667,68,14337,73,0,7,-7,110,12,478,2,40,7
07-06-20,Moore,16,2,16,2,0,0,16,1,544,0,560,1,0,0,2,10,0,6,0,0,0
07-06-20,Morgan,27,0,27,0,0,0,31,0,3879,2,3910,2,0,1,0,3,0,23,0,1,1
07-06-20,Obion,117,1,114,1,3,0,133,1,2616,33,2749,34,0,2,-9,15,10,100,0,14,2
07-06-20,Out of State,573,16,573,16,0,0,610,17,101537,685,102147,702,0,7,-4,133,20,433,0,29,2
07-06-20,Overton,82,0,82,0,0,0,87,0,2248,12,2335,12,0,1,-3,11,3,70,0,4,1
07-06-20,Pending,53,5,53,5,0,0,57,5,63662,438,63719,443,0,2,-2,30,7,21,0,0,0
07-06-20,Perry,35,1,35,1,0,0,41,0,702,5,743,5,0,0,0,6,1,29,0,1,0
07-06-20,Pickett,6,0,6,0,0,0,6,0,501,1,507,1,0,0,0,0,0,6,0,0,0
07-06-20,Polk,50,0,49,0,1,0,56,0,1078,1,1134,1,0,0,-3,4,3,46,0,3,0
07-06-20,Putnam,879,6,874,6,5,0,1057,9,10387,87,11444,96,0,7,-15,133,21,739,1,27,8
07-06-20,Rhea,286,1,286,1,0,0,304,1,2962,23,3266,24,0,0,-3,28,4,258,0,5,0
07-06-20,Roane,62,0,55,0,7,0,73,1,5900,29,5973,30,0,0,-5,15,5,47,0,7,0
07-06-20,Robertson,851,10,848,10,3,0,1049,5,6286,38,7335,43,0,11,-17,62,27,778,0,60,15
07-06-20,Rutherford,3115,43,3108,43,7,0,3721,51,24059,244,27780,295,0,35,-44,475,87,2605,0,137,39
07-06-20,Scott,19,1,18,1,1,0,18,1,1260,4,1278,5,0,0,1,2,0,17,0,0,0
07-06-20,Sequatchie,48,0,48,0,0,0,57,0,1517,20,1574,20,0,0,-2,17,2,31,0,2,0
07-06-20,Sevier,806,17,766,17,40,0,840,18,9828,73,10668,91,0,3,-21,185,38,618,0,29,3
07-06-20,Shelby,12156,123,12138,123,18,0,14506,137,144393,915,158899,1052,1,201,-193,2327,315,9628,12,1076,227
07-06-20,Smith,129,1,126,1,3,0,143,1,1757,13,1900,14,0,1,-13,33,14,95,0,6,2
07-06-20,Stewart,23,0,23,0,0,0,25,0,808,4,833,4,0,0,-1,2,1,21,0,2,0
07-06-20,Sullivan,137,19,123,10,14,9,125,3,7667,42,7792,45,0,2,15,50,4,85,4,20,2
07-06-20,Sumner,1688,19,1677,19,11,0,2092,22,14057,122,16149,144,0,52,-28,245,47,1391,3,247,56
07-06-20,Tipton,658,2,653,2,5,0,726,3,8207,29,8933,32,0,5,-4,41,6,612,1,34,7
07-06-20,Trousdale,1503,4,1500,4,3,0,1545,2,2465,23,4010,25,0,5,-3,15,7,1483,0,15,6
07-06-20,Unicoi,55,0,55,0,0,0,61,0,1430,12,1491,12,0,0,0,2,0,53,0,1,0
07-06-20,Union,19,0,19,0,0,0,21,0,1158,5,1179,5,0,0,-1,5,1,14,0,0,0
07-06-20,Van Buren,8,0,8,0,0,0,8,0,503,3,511,3,0,0,0,1,0,7,0,1,0
07-06-20,Warren,83,2,83,2,0,0,88,2,3379,66,3467,68,0,0,-6,18,8,65,0,1,1
07-06-20,Washington,175,5,170,5,5,0,180,6,7371,89,7551,95,0,0,-1,46,6,129,1,9,0
07-06-20,Wayne,91,2,91,2,0,0,92,1,2719,36,2811,37,0,0,2,17,0,74,0,2,0
07-06-20,Weakley,73,2,73,2,0,0,76,3,2487,40,2563,43,0,1,-1,13,3,59,0,4,1
07-06-20,White,80,3,78,3,2,0,93,3,2703,46,2796,49,0,3,3,14,0,63,0,6,3
07-06-20,Williamson,1375,48,1371,48,4,0,1579,55,20241,380,21820,435,0,15,-8,355,56,1005,1,55,13
07-06-20,Wilson,1010,26,1007,26,3,0,1185,31,12093,144,13278,175,0,17,-13,202,39,791,1,58,18
07-05-20,Anderson,141,9,134,9,7,0,171,13,8303,162,8474,175,0,2,8,46,1,93,1,11,2
07-05-20,Bedford,581,1,581,1,0,0,671,3,3917,19,4588,22,0,5,-15,108,16,468,1,25,8
07-05-20,Benton,12,0,11,0,1,0,13,1,1116,12,1129,13,0,1,-1,0,1,11,0,2,1
07-05-20,Bledsoe,629,3,629,3,0,0,638,2,3744,11,4382,13,0,1,2,4,1,624,0,6,1
07-05-20,Blount,228,9,219,9,9,0,271,8,7697,227,7968,235,0,3,-2,66,11,159,0,15,3
07-05-20,Bradley,761,53,743,53,18,0,824,46,7151,100,7975,146,0,3,38,277,15,481,2,48,4
07-05-20,Campbell,52,4,48,4,4,0,59,4,2907,95,2966,99,0,1,3,20,1,31,0,4,1
07-05-20,Cannon,38,0,38,0,0,0,54,0,1020,14,1074,14,0,0,0,12,0,26,0,4,0
07-05-20,Carroll,43,0,38,0,5,0,41,0,2019,54,2060,54,0,1,-3,3,3,39,0,6,1
07-05-20,Carter,67,3,61,2,6,1,65,0,3164,60,3229,60,0,1,2,16,1,50,0,5,1
07-05-20,Cheatham,239,7,239,7,0,0,289,8,3122,33,3411,41,0,1,7,37,0,201,0,15,3
07-05-20,Chester,38,0,38,0,0,0,40,0,964,4,1004,4,0,0,-1,12,1,26,0,2,0
07-05-20,Claiborne,51,4,51,4,0,0,56,4,1953,134,2009,138,0,0,3,28,1,23,0,2,0
07-05-20,Clay,25,0,25,0,0,0,26,0,774,19,800,19,0,0,-1,5,1,20,0,0,0
07-05-20,Cocke,91,5,86,5,5,0,94,3,2423,76,2517,79,0,0,0,40,5,51,0,2,0
07-05-20,Coffee,122,1,121,1,1,0,148,1,4485,40,4633,41,0,0,1,22,0,100,0,5,0
07-05-20,Crockett,38,1,36,1,2,0,44,2,837,7,881,9,0,3,0,9,1,26,0,4,3
07-05-20,Cumberland,191,1,187,1,4,0,249,5,7237,130,7486,135,0,4,-2,19,3,168,0,16,4
07-05-20,Davidson,11499,316,11484,315,15,1,13597,398,106742,2351,120339,2749,4,122,140,2425,172,8952,5,601,138
07-05-20,Decatur,23,0,21,0,2,0,26,0,890,46,916,46,0,0,-1,4,1,19,0,1,0
07-05-20,Dekalb,71,0,71,0,0,0,85,0,2124,86,2209,86,0,0,-3,19,3,52,0,3,0
07-05-20,Dickson,221,7,221,7,0,0,282,7,3881,40,4163,47,0,0,6,55,1,166,0,15,0
07-05-20,Dyer,254,4,244,4,10,0,273,9,3123,104,3396,113,0,1,-1,52,5,201,0,23,2
07-05-20,Fayette,331,8,329,8,2,0,418,10,5948,76,6366,86,0,2,4,66,4,263,1,35,5
07-05-20,Fentress,22,0,22,0,0,0,22,0,1344,11,1366,11,0,0,-1,5,1,17,0,2,0
07-05-20,Franklin,88,2,86,2,2,0,103,2,3134,41,3237,43,0,3,1,15,1,70,0,8,3
07-05-20,Gibson,129,2,120,2,9,0,142,3,3352,32,3494,35,0,1,-1,34,3,94,0,7,1
07-05-20,Giles,68,3,68,3,0,0,78,3,2213,17,2291,20,0,1,-4,23,7,44,0,4,1
07-05-20,Grainger,43,0,38,0,5,0,52,1,1581,48,1633,49,0,0,0,11,0,32,0,5,0
07-05-20,Greene,110,9,106,9,4,0,108,4,4028,26,4136,30,0,2,7,44,2,64,0,10,2
07-05-20,Grundy,62,0,62,0,0,0,72,0,950,5,1022,5,0,1,0,6,0,55,0,10,2
07-05-20,Hamblen,371,27,360,27,11,0,396,30,5987,132,6383,162,0,4,18,171,9,196,0,31,4
07-05-20,Hamilton,2683,30,2675,30,8,0,2961,40,39265,522,42226,562,0,35,5,361,25,2287,1,137,39
07-05-20,Hancock,6,0,6,0,0,0,4,0,414,15,418,15,0,0,0,3,0,3,0,3,0
07-05-20,Hardeman,357,16,357,16,0,0,378,14,6319,57,6697,71,-1,4,16,66,1,287,2,21,4
07-05-20,Hardin,115,1,113,1,2,0,136,2,3041,93,3177,95,0,7,-6,13,7,95,0,12,7
07-05-20,Hawkins,63,5,63,5,0,0,77,1,3127,31,3204,32,0,2,4,15,1,46,0,7,2
07-05-20,Haywood,102,3,100,3,2,0,111,3,1536,80,1647,83,0,2,2,33,1,67,0,14,2
07-05-20,Henderson,47,3,47,3,0,0,57,3,1706,34,1763,37,0,0,-1,13,4,34,1,5,0
07-05-20,Henry,43,0,43,0,0,0,54,0,2655,56,2709,56,0,0,-1,4,1,39,0,6,0
07-05-20,Hickman,80,2,80,2,0,0,104,0,1660,3,1764,3,0,0,2,14,0,66,0,2,0
07-05-20,Houston,16,0,16,0,0,0,21,0,720,10,741,10,0,0,0,5,0,11,0,5,0
07-05-20,Humphreys,28,0,27,0,1,0,35,0,1390,59,1425,59,0,1,0,9,0,18,0,1,2
07-05-20,Jackson,41,5,41,5,0,0,46,6,973,7,1019,13,0,0,5,12,0,29,1,3,0
07-05-20,Jefferson,133,10,126,10,7,0,141,12,4337,116,4478,128,0,0,9,37,1,96,1,7,1
07-05-20,Johnson,45,0,43,0,2,0,44,0,2611,7,2655,7,0,0,-3,13,3,32,0,3,0
07-05-20,Knox,1276,76,1258,76,18,0,1399,96,39380,1089,40779,1185,2,7,34,377,40,892,6,98,9
07-05-20,Lake,689,3,687,3,2,0,856,3,3758,8,4614,11,0,0,3,2,0,687,0,3,0
07-05-20,Lauderdale,147,7,145,7,2,0,168,5,4480,27,4648,32,0,3,2,45,5,99,0,16,5
07-05-20,Lawrence,159,3,159,3,0,0,201,4,3141,36,3342,40,0,6,-2,57,5,96,0,16,6
07-05-20,Lewis,8,0,8,0,0,0,9,0,790,25,799,25,0,0,0,1,0,7,0,0,0
07-05-20,Lincoln,68,1,68,1,0,0,86,1,2228,10,2314,11,0,0,1,15,0,53,0,5,0
07-05-20,Loudon,281,6,266,6,15,0,298,9,4090,53,4388,62,0,1,5,37,1,243,0,13,2
07-05-20,Macon,511,21,509,21,2,0,558,22,2865,64,3423,86,1,4,-4,151,24,356,1,34,4
07-05-20,Madison,306,8,289,8,17,0,354,9,7694,71,8048,80,0,2,3,69,5,235,0,30,2
07-05-20,Marion,72,1,71,1,1,0,83,1,1753,19,1836,20,0,4,1,14,0,54,0,14,4
07-05-20,Marshall,95,1,95,1,0,0,108,2,1929,13,2037,15,0,1,-2,34,3,60,0,9,1
07-05-20,Maury,357,6,357,6,0,0,427,9,5366,62,5793,71,0,3,1,81,5,273,1,21,3
07-05-20,McMinn,245,1,242,1,3,0,292,0,4556,17,4848,17,0,18,-4,35,5,192,0,31,20
07-05-20,McNairy,72,6,72,6,0,0,78,6,1479,28,1557,34,0,0,1,13,5,59,0,4,1
07-05-20,Meigs,33,0,33,0,0,0,47,0,945,7,992,7,0,0,0,3,0,30,0,4,0
07-05-20,Monroe,150,7,141,7,9,0,169,8,2211,20,2380,28,0,6,6,22,1,122,0,11,4
07-05-20,Montgomery,590,19,586,19,4,0,665,22,13599,162,14264,184,0,7,10,117,9,466,1,38,7
07-05-20,Moore,14,1,14,1,0,0,15,1,544,2,559,3,0,0,1,8,0,6,0,0,0
07-05-20,Morgan,27,2,27,2,0,0,31,2,3877,31,3908,33,0,1,2,3,0,23,0,1,1
07-05-20,Obion,116,1,113,1,3,0,132,2,2583,53,2715,55,0,2,-3,24,4,90,0,14,2
07-05-20,Out of State,557,14,557,14,0,0,593,13,100852,782,101445,795,0,7,8,137,6,413,0,29,2
07-05-20,Overton,82,4,82,4,0,0,87,4,2236,36,2323,40,0,1,2,14,2,67,0,4,1
07-05-20,Pending,48,13,48,13,0,0,52,12,63224,776,63276,788,1,2,11,32,1,14,0,0,0
07-05-20,Perry,34,0,34,0,0,0,41,0,697,106,738,106,0,0,0,6,0,28,0,1,0
07-05-20,Pickett,6,0,6,0,0,0,6,0,500,8,506,8,0,0,0,0,0,6,0,0,0
07-05-20,Polk,50,1,49,1,1,0,56,1,1077,10,1133,11,0,0,-1,7,2,43,0,3,0
07-05-20,Putnam,873,16,868,16,5,0,1048,20,10300,192,11348,212,0,7,12,148,4,718,0,26,8
07-05-20,Rhea,285,2,285,2,0,0,303,1,2939,20,3242,21,0,0,1,31,1,254,0,5,0
07-05-20,Roane,62,1,55,1,7,0,72,2,5871,67,5943,69,0,0,1,20,0,42,0,7,0
07-05-20,Robertson,841,5,838,5,3,0,1044,11,6248,82,7292,93,0,11,2,79,3,751,0,60,15
07-05-20,Rutherford,3072,92,3065,92,7,0,3670,107,23815,595,27485,702,0,35,41,519,51,2518,0,137,39
07-05-20,Scott,18,0,17,0,1,0,17,0,1256,7,1273,7,0,0,0,1,0,17,0,0,0
07-05-20,Sequatchie,48,1,48,1,0,0,57,0,1497,20,1554,20,0,0,0,19,1,29,0,2,0
07-05-20,Sevier,789,37,749,37,40,0,822,46,9755,279,10577,325,0,3,19,206,18,580,0,29,3
07-05-20,Shelby,12033,270,12015,270,18,0,14369,339,143478,2046,157847,2385,2,200,104,2520,164,9313,15,1064,225
07-05-20,Smith,128,4,125,4,3,0,142,4,1744,23,1886,27,0,1,1,46,3,81,1,6,2
07-05-20,Stewart,23,0,23,0,0,0,25,0,804,12,829,12,0,0,0,3,0,20,0,2,0
07-05-20,Sullivan,118,3,113,3,5,0,122,3,7625,139,7747,142,0,2,1,35,2,81,0,16,2
07-05-20,Sumner,1669,32,1658,32,11,0,2070,39,13935,226,16005,265,0,52,11,273,21,1344,1,244,56
07-05-20,Tipton,656,4,651,4,5,0,723,6,8178,73,8901,79,0,5,2,45,2,606,0,33,7
07-05-20,Trousdale,1499,2,1496,2,3,0,1543,4,2442,8,3985,12,0,5,2,18,0,1476,0,15,6
07-05-20,Unicoi,55,0,55,0,0,0,61,0,1418,9,1479,9,0,0,0,2,0,53,0,1,0
07-05-20,Union,19,0,19,0,0,0,21,0,1153,40,1174,40,0,0,-1,6,1,13,0,0,0
07-05-20,Van Buren,8,0,8,0,0,0,8,0,500,5,508,5,0,0,0,1,0,7,0,1,0
07-05-20,Warren,81,3,81,3,0,0,86,4,3313,71,3399,75,0,0,2,24,1,57,0,1,1
07-05-20,Washington,170,10,165,10,5,0,174,3,7282,190,7456,193,0,0,6,47,4,123,0,8,0
07-05-20,Wayne,89,3,89,3,0,0,91,4,2683,20,2774,24,0,0,2,15,1,74,0,2,0
07-05-20,Weakley,71,0,71,0,0,0,73,1,2447,82,2520,83,0,1,0,14,0,56,0,4,1
07-05-20,White,77,4,75,4,2,0,90,4,2657,41,2747,45,0,3,2,11,2,63,0,6,3
07-05-20,Williamson,1327,61,1323,61,4,0,1524,61,19861,394,21385,455,0,15,28,363,33,949,0,54,13
07-05-20,Wilson,984,40,981,40,3,0,1154,40,11949,221,13103,261,0,17,26,215,14,752,0,57,17
07-04-20,Anderson,132,11,125,11,7,0,158,14,8141,175,8299,189,0,2,8,38,3,92,2,10,2
07-04-20,Bedford,580,14,580,14,0,0,668,36,3898,110,4566,146,0,5,9,123,5,452,0,24,7
07-04-20,Benton,12,0,11,0,1,0,12,0,1104,6,1116,6,0,1,0,1,0,10,0,2,1
07-04-20,Bledsoe,626,1,626,1,0,0,636,0,3733,13,4369,13,0,1,1,2,0,623,0,6,1
07-04-20,Blount,219,6,210,6,9,0,263,8,7470,139,7733,147,0,3,-2,68,8,148,0,15,3
07-04-20,Bradley,708,23,690,23,18,0,778,28,7051,178,7829,206,0,3,15,239,8,466,1,46,4
07-04-20,Campbell,48,0,44,0,4,0,55,0,2812,50,2867,50,0,1,0,17,0,30,0,4,1
07-04-20,Cannon,38,1,38,1,0,0,54,1,1006,21,1060,22,0,0,-1,12,2,26,0,4,0
07-04-20,Carroll,43,0,38,0,5,0,41,1,1965,30,2006,31,0,1,-1,6,1,36,0,6,1
07-04-20,Carter,64,1,59,1,5,0,65,3,3104,156,3169,159,0,1,-2,14,3,49,0,5,1
07-04-20,Cheatham,232,0,232,0,0,0,281,0,3089,69,3370,69,0,1,-2,30,2,201,0,15,2
07-04-20,Chester,38,3,38,3,0,0,40,3,960,26,1000,29,0,0,0,13,3,25,0,2,0
07-04-20,Claiborne,47,4,47,4,0,0,52,5,1819,38,1871,43,0,0,1,25,3,22,0,2,0
07-04-20,Clay,25,1,25,1,0,0,26,1,755,46,781,47,0,0,1,6,0,19,0,0,0
07-04-20,Cocke,86,0,81,0,5,0,91,1,2347,55,2438,56,0,0,-1,40,1,46,0,2,0
07-04-20,Coffee,121,3,120,3,1,0,147,4,4445,226,4592,230,0,0,3,21,0,100,0,5,0
07-04-20,Crockett,37,2,35,2,2,0,42,1,830,19,872,20,0,3,2,9,0,25,1,4,3
07-04-20,Cumberland,190,2,186,2,4,0,244,2,7107,54,7351,56,0,4,1,21,1,165,1,16,4
07-04-20,Davidson,11183,367,11169,367,14,0,13199,454,104391,3028,117590,3482,0,118,218,2285,149,8780,10,596,134
07-04-20,Decatur,23,0,21,0,2,0,26,0,844,13,870,13,0,0,0,5,0,18,0,1,0
07-04-20,Dekalb,71,9,71,9,0,0,85,9,2038,34,2123,43,0,0,7,22,2,49,0,3,0
07-04-20,Dickson,214,4,214,4,0,0,275,9,3841,76,4116,85,0,0,0,49,4,165,0,15,0
07-04-20,Dyer,250,1,240,1,10,0,264,4,3019,71,3283,75,0,1,-2,53,3,196,0,23,2
07-04-20,Fayette,323,2,321,2,2,0,408,2,5872,110,6280,112,0,2,-7,62,9,259,0,34,3
07-04-20,Fentress,22,0,22,0,0,0,22,0,1333,11,1355,11,0,0,0,6,0,16,0,2,0
07-04-20,Franklin,86,3,84,3,2,0,101,3,3093,109,3194,112,0,3,2,14,1,69,0,8,3
07-04-20,Gibson,127,1,118,1,9,0,139,1,3320,73,3459,74,0,1,0,35,1,91,0,7,1
07-04-20,Giles,65,2,65,2,0,0,75,3,2196,54,2271,57,0,1,0,27,2,37,0,4,1
07-04-20,Grainger,43,1,38,1,5,0,51,1,1533,32,1584,33,0,0,1,11,0,32,0,5,0
07-04-20,Greene,101,1,97,1,4,0,104,5,4002,156,4106,161,0,2,-2,37,3,62,0,10,2
07-04-20,Grundy,62,2,62,2,0,0,72,4,945,19,1017,23,0,1,1,6,1,55,0,10,2
07-04-20,Hamblen,344,4,333,4,11,0,366,6,5855,60,6221,66,0,4,-1,153,5,187,0,31,4
07-04-20,Hamilton,2653,53,2645,53,8,0,2921,83,38743,943,41664,1026,2,35,25,356,26,2262,1,136,38
07-04-20,Hancock,6,2,6,2,0,0,4,1,399,5,403,6,0,0,2,3,0,3,1,3,0
07-04-20,Hardeman,341,11,341,11,0,0,364,11,6262,32,6626,43,0,5,3,50,8,286,1,19,4
07-04-20,Hardin,114,1,112,1,2,0,134,3,2948,17,3082,20,0,7,-6,19,7,88,1,12,7
07-04-20,Hawkins,58,1,58,1,0,0,76,2,3096,92,3172,94,0,2,-2,11,3,45,0,7,2
07-04-20,Haywood,99,0,97,0,2,0,108,0,1456,9,1564,9,0,2,-5,31,5,66,0,14,2
07-04-20,Henderson,44,0,44,0,0,0,54,0,1672,31,1726,31,0,0,-3,14,3,30,0,4,0
07-04-20,Henry,43,0,43,0,0,0,54,1,2599,82,2653,83,0,0,0,5,0,38,0,6,0
07-04-20,Hickman,78,1,78,1,0,0,104,7,1657,56,1761,63,0,0,1,12,0,66,0,2,0
07-04-20,Houston,16,1,16,1,0,0,21,1,710,8,731,9,0,0,1,5,0,11,0,5,0
07-04-20,Humphreys,28,1,27,1,1,0,35,1,1331,26,1366,27,0,1,1,9,0,18,0,1,2
07-04-20,Jackson,36,0,36,0,0,0,40,0,966,11,1006,11,0,0,0,7,0,29,0,2,0
07-04-20,Jefferson,123,4,116,4,7,0,129,3,4221,57,4350,60,0,0,2,28,2,95,0,6,1
07-04-20,Johnson,45,0,43,0,2,0,44,4,2604,59,2648,63,0,0,-1,16,1,29,0,3,0
07-04-20,Knox,1200,41,1182,40,18,1,1303,55,38291,1114,39594,1169,0,5,4,343,37,852,1,92,9
07-04-20,Lake,686,0,684,0,2,0,853,0,3750,5,4603,5,0,0,0,-1,0,687,0,3,0
07-04-20,Lauderdale,140,3,138,3,2,0,163,3,4453,43,4616,46,0,3,0,43,3,94,0,16,4
07-04-20,Lawrence,156,3,156,3,0,0,197,23,3105,117,3302,140,0,6,-1,59,4,91,0,16,6
07-04-20,Lewis,8,0,8,0,0,0,9,1,765,23,774,24,0,0,0,1,0,7,0,0,0
07-04-20,Lincoln,67,1,67,1,0,0,85,3,2218,48,2303,51,0,0,1,14,0,53,0,5,0
07-04-20,Loudon,275,4,260,4,15,0,289,7,4037,69,4326,76,0,1,2,32,2,242,1,13,2
07-04-20,Macon,490,38,488,38,2,0,536,39,2801,156,3337,195,0,3,25,155,13,332,5,33,4
07-04-20,Madison,298,14,281,14,17,0,345,14,7623,268,7968,282,0,2,10,66,4,230,2,30,2
07-04-20,Marion,71,3,70,3,1,0,82,4,1734,39,1816,43,0,4,0,13,3,54,0,14,4
07-04-20,Marshall,94,4,94,4,0,0,106,11,1916,68,2022,79,0,1,0,36,4,57,0,9,1
07-04-20,Maury,351,10,351,10,0,0,418,26,5304,130,5722,156,0,3,4,80,6,268,1,20,3
07-04-20,McMinn,244,4,241,4,3,0,292,7,4539,158,4831,165,0,18,3,39,1,187,1,31,19
07-04-20,McNairy,66,1,66,1,0,0,72,1,1451,33,1523,34,0,0,-2,12,3,54,0,4,1
07-04-20,Meigs,33,1,33,1,0,0,47,1,938,25,985,26,0,0,1,3,0,30,0,4,0
07-04-20,Monroe,143,0,134,0,9,0,161,0,2191,46,2352,46,0,6,-1,16,1,121,0,11,4
07-04-20,Montgomery,571,12,567,12,4,0,643,14,13437,182,14080,196,0,7,6,107,6,457,0,37,7
07-04-20,Moore,13,0,13,0,0,0,14,0,542,13,556,13,0,0,0,7,0,6,0,0,0
07-04-20,Morgan,25,0,25,0,0,0,29,0,3846,30,3875,30,0,1,0,1,0,23,0,1,1
07-04-20,Obion,115,1,112,1,3,0,130,2,2530,65,2660,67,0,2,0,27,1,86,0,14,2
07-04-20,Out of State,543,19,543,19,0,0,580,22,100070,2211,100650,2233,0,7,8,129,11,407,0,29,2
07-04-20,Overton,78,3,78,3,0,0,83,5,2200,28,2283,33,0,1,1,12,2,65,0,4,1
07-04-20,Pending,35,4,35,4,0,0,40,4,62448,1176,62488,1180,0,1,4,21,0,13,0,0,0
07-04-20,Perry,34,0,34,0,0,0,41,2,591,21,632,23,0,0,0,6,0,28,0,1,0
07-04-20,Pickett,6,0,6,0,0,0,6,0,492,5,498,5,0,0,0,0,0,6,0,0,0
07-04-20,Polk,49,0,48,0,1,0,55,0,1067,15,1122,15,0,0,-1,8,1,41,0,3,0
07-04-20,Putnam,857,23,852,23,5,0,1028,27,10108,262,11136,289,0,7,15,136,8,714,0,26,8
07-04-20,Rhea,283,9,283,9,0,0,302,12,2919,81,3221,93,0,0,9,30,0,253,0,5,0
07-04-20,Roane,61,1,54,1,7,0,70,2,5804,72,5874,74,0,0,-1,19,2,42,1,7,0
07-04-20,Robertson,836,9,833,9,3,0,1033,20,6166,99,7199,119,0,11,3,77,6,748,0,60,15
07-04-20,Rutherford,2980,78,2973,78,7,0,3563,98,23220,613,26783,711,0,35,31,478,47,2467,1,137,37
07-04-20,Scott,18,0,17,0,1,0,17,0,1249,19,1266,19,0,0,0,1,0,17,0,0,0
07-04-20,Sequatchie,47,2,47,2,0,0,57,8,1477,29,1534,37,0,0,2,19,0,28,0,2,0
07-04-20,Sevier,752,22,712,21,40,1,776,18,9476,137,10252,155,0,3,1,187,21,562,1,29,3
07-04-20,Shelby,11763,442,11745,442,18,0,14030,512,141432,3197,155462,3709,1,198,171,2416,270,9149,22,1049,221
07-04-20,Smith,124,5,121,5,3,0,138,7,1721,55,1859,62,0,1,1,45,4,78,0,5,2
07-04-20,Stewart,23,0,23,0,0,0,25,0,792,5,817,5,0,0,0,3,0,20,0,2,0
07-04-20,Sullivan,115,2,110,2,5,0,119,4,7486,211,7605,215,0,2,1,34,1,79,1,16,2
07-04-20,Sumner,1637,40,1626,40,11,0,2031,49,13709,338,15740,387,0,52,4,262,36,1323,0,243,55
07-04-20,Tipton,652,10,647,10,5,0,717,11,8105,126,8822,137,0,5,7,43,3,604,0,33,7
07-04-20,Trousdale,1497,1,1494,1,3,0,1539,4,2434,19,3973,23,0,5,-4,16,5,1476,1,15,6
07-04-20,Unicoi,55,0,55,0,0,0,61,0,1409,67,1470,67,0,0,0,2,0,53,0,1,0
07-04-20,Union,19,1,19,1,0,0,21,1,1113,29,1134,30,0,0,0,7,1,12,0,0,0
07-04-20,Van Buren,8,0,8,0,0,0,8,0,495,4,503,4,0,0,-1,1,1,7,0,1,0
07-04-20,Warren,78,1,78,1,0,0,82,3,3242,43,3324,46,0,0,1,22,0,56,0,1,1
07-04-20,Washington,160,18,155,18,5,0,171,15,7092,306,7263,321,0,0,13,41,5,119,0,8,0
07-04-20,Wayne,86,2,86,2,0,0,87,5,2663,61,2750,66,0,0,0,13,2,73,0,2,0
07-04-20,Weakley,71,1,71,1,0,0,72,1,2365,68,2437,69,0,1,0,14,1,56,0,4,1
07-04-20,White,73,0,71,0,2,0,86,2,2616,30,2702,32,0,3,0,9,0,61,0,6,3
07-04-20,Williamson,1266,53,1262,53,4,0,1463,60,19467,699,20930,759,1,15,25,335,27,916,0,54,13
07-04-20,Wilson,944,31,941,31,3,0,1114,35,11728,294,12842,329,0,17,16,189,15,738,0,57,17
07-03-20,Anderson,121,9,114,9,7,0,144,12,7966,124,8110,136,0,2,6,30,3,89,0,8,2
07-03-20,Bedford,566,18,566,18,0,0,632,11,3788,27,4420,38,0,5,11,114,7,447,0,24,6
07-03-20,Benton,12,0,11,0,1,0,12,0,1098,14,1110,14,0,1,0,1,0,10,0,2,1
07-03-20,Bledsoe,625,0,625,0,0,0,636,0,3720,9,4356,9,0,1,-1,1,1,623,0,6,1
07-03-20,Blount,213,5,204,4,9,1,255,8,7331,88,7586,96,0,3,3,70,2,140,0,15,3
07-03-20,Bradley,685,16,667,16,18,0,750,19,6873,56,7623,75,0,3,-5,224,21,458,1,45,3
07-03-20,Campbell,48,5,44,4,4,1,55,4,2762,33,2817,37,0,1,5,17,0,30,0,4,1
07-03-20,Cannon,37,0,37,0,0,0,53,0,985,8,1038,8,0,0,0,13,0,24,0,4,0
07-03-20,Carroll,43,5,38,5,5,0,40,5,1935,23,1975,28,0,1,5,7,0,35,0,6,1
07-03-20,Carter,63,2,58,2,5,0,62,1,2948,26,3010,27,0,1,1,16,1,46,0,5,1
07-03-20,Cheatham,232,3,232,3,0,0,281,4,3020,41,3301,45,0,1,-1,32,4,199,0,15,2
07-03-20,Chester,35,5,35,5,0,0,37,6,934,18,971,24,0,0,4,13,1,22,0,2,0
07-03-20,Claiborne,43,4,43,4,0,0,47,4,1781,50,1828,54,0,0,3,24,1,19,0,2,0
07-03-20,Clay,24,1,24,1,0,0,25,1,709,4,734,5,0,0,1,5,0,19,0,0,0
07-03-20,Cocke,86,10,81,10,5,0,90,13,2292,56,2382,69,0,0,8,41,2,45,0,2,0
07-03-20,Coffee,118,1,117,1,1,0,143,4,4219,91,4362,95,0,0,-1,18,2,100,0,5,0
07-03-20,Crockett,35,2,33,2,2,0,41,2,811,21,852,23,0,3,1,7,1,25,0,3,3
07-03-20,Cumberland,188,4,184,4,4,0,242,3,7053,47,7295,50,0,4,1,20,3,164,0,15,4
07-03-20,Davidson,10816,312,10802,309,14,3,12745,359,101363,2090,114108,2449,3,118,111,2067,198,8631,8,586,132
07-03-20,Decatur,23,1,21,1,2,0,26,1,831,19,857,20,0,0,0,5,1,18,0,1,0
07-03-20,Dekalb,62,1,62,1,0,0,76,1,2004,27,2080,28,0,0,1,15,0,47,0,3,0
07-03-20,Dickson,210,9,210,9,0,0,266,8,3765,65,4031,73,0,0,4,49,5,161,1,15,0
07-03-20,Dyer,249,10,239,10,10,0,260,6,2948,81,3208,87,0,1,3,55,7,193,0,23,1
07-03-20,Fayette,321,2,319,2,2,0,406,5,5762,101,6168,106,0,2,-7,69,9,250,0,34,3
07-03-20,Fentress,22,2,22,2,0,0,22,2,1322,6,1344,8,0,0,2,6,0,16,0,2,0
07-03-20,Franklin,83,1,81,1,2,0,98,0,2984,20,3082,20,0,3,1,12,0,68,0,8,3
07-03-20,Gibson,126,6,117,6,9,0,138,7,3247,34,3385,41,0,1,4,35,2,90,0,7,1
07-03-20,Giles,63,2,63,2,0,0,72,3,2142,46,2214,49,0,1,-5,27,7,35,0,4,1
07-03-20,Grainger,42,0,37,0,5,0,50,1,1501,33,1551,34,0,0,-1,10,1,32,0,5,0
07-03-20,Greene,100,6,96,6,4,0,99,5,3846,21,3945,26,0,2,5,39,1,59,0,10,2
07-03-20,Grundy,60,0,60,0,0,0,68,0,926,3,994,3,0,1,-4,5,4,54,0,10,2
07-03-20,Hamblen,340,2,329,2,11,0,360,7,5795,64,6155,71,0,4,-9,154,11,182,0,31,4
07-03-20,Hamilton,2600,56,2592,56,8,0,2838,57,37800,1092,40638,1149,3,33,13,331,40,2236,3,135,36
07-03-20,Hancock,4,1,4,1,0,0,3,1,394,4,397,5,0,0,1,1,0,3,1,2,0
07-03-20,Hardeman,330,5,330,5,0,0,353,6,6230,27,6583,33,2,5,-1,47,4,278,0,18,4
07-03-20,Hardin,113,4,111,4,2,0,131,4,2931,42,3062,46,0,7,-1,25,5,81,0,11,7
07-03-20,Hawkins,57,0,57,0,0,0,74,3,3004,45,3078,48,0,2,-1,13,1,42,0,7,2
07-03-20,Haywood,99,3,97,3,2,0,108,4,1447,19,1555,23,0,2,-1,36,4,61,0,14,2
07-03-20,Henderson,44,3,44,3,0,0,54,5,1641,25,1695,30,0,0,2,17,1,27,0,4,0
07-03-20,Henry,43,1,43,1,0,0,53,1,2517,47,2570,48,0,0,1,5,0,38,0,6,0
07-03-20,Hickman,77,0,77,0,0,0,97,0,1601,8,1698,8,0,0,-3,11,3,66,0,2,0
07-03-20,Houston,15,0,15,0,0,0,20,0,702,4,722,4,0,0,0,4,0,11,0,5,0
07-03-20,Humphreys,27,0,26,0,1,0,34,0,1305,17,1339,17,0,1,0,8,0,18,0,1,2
07-03-20,Jackson,36,0,36,0,0,0,40,0,955,8,995,8,0,0,0,7,0,29,0,2,0
07-03-20,Jefferson,119,0,112,0,7,0,126,0,4164,45,4290,45,0,0,-10,26,10,93,0,6,0
07-03-20,Johnson,45,5,43,4,2,1,40,2,2545,27,2585,29,0,0,4,17,1,28,0,3,0
07-03-20,Knox,1159,62,1142,61,17,1,1248,48,37177,894,38425,942,0,5,27,339,35,815,4,91,6
07-03-20,Lake,686,0,684,0,2,0,853,1,3745,12,4598,13,0,0,-1,-1,1,687,0,3,0
07-03-20,Lauderdale,137,6,135,6,2,0,160,6,4410,43,4570,49,1,3,0,43,5,91,2,16,4
07-03-20,Lawrence,153,5,153,5,0,0,174,4,2988,37,3162,41,1,6,-4,60,8,87,0,16,6
07-03-20,Lewis,8,0,8,0,0,0,8,0,742,11,750,11,0,0,0,1,0,7,0,0,0
07-03-20,Lincoln,66,3,66,3,0,0,82,2,2170,22,2252,24,0,0,3,13,0,53,0,5,0
07-03-20,Loudon,271,4,256,4,15,0,282,5,3968,47,4250,52,0,1,0,30,4,240,0,12,2
07-03-20,Macon,452,11,450,11,2,0,497,11,2645,41,3142,52,0,3,-15,130,26,319,1,28,4
07-03-20,Madison,284,8,267,8,17,0,331,8,7355,125,7686,133,0,2,-1,56,9,226,0,28,2
07-03-20,Marion,68,1,67,1,1,0,78,1,1695,26,1773,27,0,4,0,13,1,51,0,14,4
07-03-20,Marshall,90,8,90,8,0,0,95,3,1848,56,1943,59,0,1,8,36,0,53,1,9,1
07-03-20,Maury,341,14,341,14,0,0,392,11,5174,36,5566,47,0,3,-3,76,17,262,1,19,3
07-03-20,McMinn,240,7,237,7,3,0,285,6,4381,42,4666,48,1,18,-1,36,7,186,0,30,19
07-03-20,McNairy,65,3,65,3,0,0,71,3,1418,19,1489,22,0,0,2,14,1,51,0,4,1
07-03-20,Meigs,32,0,32,0,0,0,46,0,913,6,959,6,0,0,0,2,0,30,0,4,0
07-03-20,Monroe,143,2,134,2,9,0,161,2,2145,23,2306,25,1,6,0,17,1,120,0,11,4
07-03-20,Montgomery,559,26,555,26,4,0,629,27,13255,223,13884,250,0,7,14,101,12,451,1,37,7
07-03-20,Moore,13,0,13,0,0,0,14,1,529,6,543,7,0,0,0,7,0,6,0,0,0
07-03-20,Morgan,25,1,25,1,0,0,29,1,3816,16,3845,17,0,1,1,1,0,23,0,1,1
07-03-20,Obion,114,3,111,3,3,0,128,3,2465,39,2593,42,0,2,1,27,2,85,0,14,2
07-03-20,Out of State,524,19,524,19,0,0,558,20,97859,1381,98417,1401,-1,7,9,121,11,396,0,29,2
07-03-20,Overton,75,1,75,1,0,0,78,1,2172,16,2250,17,0,1,-3,11,4,63,0,4,1
07-03-20,Pending,31,6,31,6,0,0,36,6,61272,865,61308,871,0,1,5,17,1,13,0,0,0
07-03-20,Perry,34,0,34,0,0,0,39,0,570,5,609,5,0,0,0,6,0,28,0,1,0
07-03-20,Pickett,6,0,6,0,0,0,6,0,487,6,493,6,0,0,0,0,0,6,0,0,0
07-03-20,Polk,49,1,48,1,1,0,55,2,1052,6,1107,8,0,0,0,9,1,40,0,3,0
07-03-20,Putnam,834,28,829,28,5,0,1001,39,9846,287,10847,326,0,7,16,121,12,706,1,26,8
07-03-20,Rhea,274,1,274,1,0,0,290,1,2838,22,3128,23,0,0,0,21,1,253,0,5,0
07-03-20,Roane,60,2,53,2,7,0,68,2,5732,49,5800,51,0,0,1,20,1,40,1,6,0
07-03-20,Robertson,827,12,824,12,3,0,1013,11,6067,65,7080,76,0,11,5,74,7,742,0,60,15
07-03-20,Rutherford,2902,96,2895,96,7,0,3465,107,22607,680,26072,787,0,35,41,447,55,2420,3,136,37
07-03-20,Scott,18,0,17,0,1,0,17,1,1230,12,1247,13,0,0,-1,1,1,17,0,0,0
07-03-20,Sequatchie,45,5,45,5,0,0,49,3,1448,19,1497,22,0,0,5,17,0,28,0,2,0
07-03-20,Sevier,730,7,691,7,39,0,758,12,9339,105,10097,117,0,3,-31,186,38,541,0,28,3
07-03-20,Shelby,11321,347,11303,347,18,0,13518,408,138235,3475,151753,3883,2,197,70,2245,275,8879,22,1027,216
07-03-20,Smith,119,10,116,10,3,0,131,10,1666,49,1797,59,0,1,8,44,2,74,1,5,2
07-03-20,Stewart,23,2,23,2,0,0,25,2,787,12,812,14,0,0,2,3,0,20,0,2,0
07-03-20,Sullivan,113,9,108,8,5,1,115,12,7275,137,7390,149,0,2,6,33,3,78,2,15,2
07-03-20,Sumner,1597,34,1586,34,11,0,1982,34,13371,197,15353,231,0,52,-1,258,35,1287,0,243,55
07-03-20,Tipton,642,9,637,9,5,0,706,8,7979,138,8685,146,0,5,1,36,8,601,0,33,6
07-03-20,Trousdale,1496,2,1493,2,3,0,1535,1,2415,16,3950,17,0,5,-1,20,3,1471,0,14,6
07-03-20,Unicoi,55,0,55,0,0,0,61,1,1342,65,1403,66,0,0,0,2,0,53,0,1,0
07-03-20,Union,18,1,18,1,0,0,20,2,1084,13,1104,15,0,0,0,7,1,11,0,0,0
07-03-20,Van Buren,8,0,8,0,0,0,8,0,491,3,499,3,0,0,0,2,0,6,0,1,0
07-03-20,Warren,77,3,77,3,0,0,79,3,3199,94,3278,97,0,0,0,21,3,56,0,1,1
07-03-20,Washington,142,3,137,3,5,0,156,1,6786,52,6942,53,0,0,-1,28,4,114,0,8,0
07-03-20,Wayne,84,1,84,1,0,0,82,1,2602,4,2684,5,0,0,-3,13,4,71,0,2,0
07-03-20,Weakley,70,1,70,1,0,0,71,2,2297,32,2368,34,0,1,-1,14,2,55,0,4,1
07-03-20,White,73,3,71,3,2,0,84,3,2586,34,2670,37,0,3,2,9,1,61,0,6,3
07-03-20,Williamson,1213,39,1209,39,4,0,1403,46,18768,346,20171,392,0,14,8,310,31,889,1,54,13
07-03-20,Wilson,913,22,910,22,3,0,1079,27,11434,249,12513,276,0,17,-5,173,27,723,0,57,17
07-02-20,Anderson,112,6,105,6,7,0,132,8,7842,245,7974,253,0,2,4,24,2,86,0,8,2
07-02-20,Bedford,548,21,548,21,0,0,621,12,3761,36,4382,48,0,5,21,103,0,440,1,24,6
07-02-20,Benton,12,1,11,1,1,0,12,1,1084,20,1096,21,0,1,1,1,0,10,0,2,1
07-02-20,Bledsoe,625,0,625,0,0,0,636,0,3711,12,4347,12,0,1,0,2,0,622,0,6,1
07-02-20,Blount,208,15,200,12,8,3,247,21,7243,346,7490,367,0,3,13,67,2,138,1,15,3
07-02-20,Bradley,669,69,651,69,18,0,731,95,6817,231,7548,326,0,3,49,229,20,437,6,44,3
07-02-20,Campbell,43,2,40,2,3,0,51,2,2729,68,2780,70,0,1,0,12,2,30,1,4,1
07-02-20,Cannon,37,5,37,5,0,0,53,6,977,19,1030,25,0,0,5,13,0,24,0,4,0
07-02-20,Carroll,38,1,33,1,5,0,35,0,1912,30,1947,30,0,1,1,2,0,35,0,6,1
07-02-20,Carter,61,0,56,0,5,0,61,0,2922,79,2983,79,0,1,-2,15,2,45,0,5,1
07-02-20,Cheatham,229,4,229,4,0,0,277,6,2979,62,3256,68,0,1,-3,33,7,195,0,15,1
07-02-20,Chester,30,3,30,3,0,0,31,3,916,15,947,18,0,0,1,9,2,21,0,2,0
07-02-20,Claiborne,39,10,39,10,0,0,43,12,1731,94,1774,106,0,0,9,21,1,18,1,2,0
07-02-20,Clay,23,1,23,1,0,0,24,1,705,15,729,16,0,0,1,4,0,19,0,0,0
07-02-20,Cocke,76,8,71,8,5,0,77,8,2236,136,2313,144,0,0,5,33,3,43,0,2,0
07-02-20,Coffee,117,1,116,1,1,0,139,4,4128,122,4267,126,0,0,1,19,0,98,0,5,0
07-02-20,Crockett,33,1,31,1,2,0,39,1,790,15,829,16,0,3,1,6,0,24,0,3,3
07-02-20,Cumberland,184,2,180,2,4,0,239,3,7006,152,7245,155,1,4,-3,19,4,161,0,15,4
07-02-20,Davidson,10504,372,10493,372,11,0,12386,457,99273,3368,111659,3825,1,115,145,1956,226,8433,11,578,129
07-02-20,Decatur,22,1,20,1,2,0,25,1,812,19,837,20,0,0,1,5,0,17,0,1,0
07-02-20,Dekalb,61,5,61,5,0,0,75,7,1977,79,2052,86,0,0,5,14,0,47,1,3,0
07-02-20,Dickson,201,11,201,11,0,0,258,11,3700,96,3958,107,0,0,10,45,1,156,0,14,0
07-02-20,Dyer,239,7,229,7,10,0,254,12,2867,101,3121,113,0,1,0,52,7,186,0,23,1
07-02-20,Fayette,319,13,317,13,2,0,401,19,5661,189,6062,208,0,2,3,76,10,241,1,34,3
07-02-20,Fentress,20,0,20,0,0,0,20,0,1316,22,1336,22,0,0,0,4,0,16,0,2,0
07-02-20,Franklin,82,2,80,2,2,0,98,4,2964,51,3062,55,0,3,2,11,0,68,0,8,3
07-02-20,Gibson,120,15,111,14,9,1,131,15,3213,80,3344,95,0,1,14,31,1,88,1,7,1
07-02-20,Giles,61,2,61,2,0,0,69,4,2096,71,2165,75,0,1,-1,32,3,28,0,4,1
07-02-20,Grainger,42,3,37,3,5,0,49,2,1468,65,1517,67,0,0,2,11,1,31,0,5,0
07-02-20,Greene,94,9,90,8,4,1,94,5,3825,86,3919,91,0,2,9,34,0,58,1,10,2
07-02-20,Grundy,60,1,60,1,0,0,68,3,923,12,991,15,0,1,0,9,1,50,0,10,2
07-02-20,Hamblen,338,73,327,73,11,0,353,77,5731,352,6084,429,0,4,60,163,13,171,3,31,4
07-02-20,Hamilton,2544,82,2536,82,8,0,2781,121,36708,1646,39489,1767,0,30,53,318,29,2196,3,132,35
07-02-20,Hancock,3,0,3,0,0,0,2,0,390,13,392,13,0,0,0,0,0,3,0,1,0
07-02-20,Hardeman,325,7,325,7,0,0,347,8,6203,54,6550,62,2,3,2,48,3,274,1,18,4
07-02-20,Hardin,109,2,107,2,2,0,127,9,2889,93,3016,102,2,7,-4,26,4,76,1,11,7
07-02-20,Hawkins,57,2,57,2,0,0,71,3,2959,62,3030,65,0,2,1,14,1,41,0,7,2
07-02-20,Haywood,96,13,94,13,2,0,104,14,1428,41,1532,55,0,2,10,37,3,57,2,14,2
07-02-20,Henderson,41,4,41,4,0,0,49,8,1616,31,1665,39,0,0,1,15,3,26,1,4,0
07-02-20,Henry,42,1,42,1,0,0,52,0,2470,32,2522,32,0,0,0,4,1,38,0,6,0
07-02-20,Hickman,77,7,77,7,0,0,97,2,1593,18,1690,20,0,0,7,14,0,63,0,2,0
07-02-20,Houston,15,1,15,1,0,0,20,1,698,5,718,6,0,0,1,4,0,11,0,5,0
07-02-20,Humphreys,27,4,26,4,1,0,34,4,1288,30,1322,34,0,1,4,8,0,18,0,1,2
07-02-20,Jackson,36,2,36,2,0,0,40,2,947,11,987,13,0,0,2,7,0,29,0,2,0
07-02-20,Jefferson,119,11,112,11,7,0,126,18,4119,160,4245,178,0,0,8,36,3,83,0,6,0
07-02-20,Johnson,40,1,39,1,1,0,38,0,2518,4,2556,4,0,0,1,13,0,27,0,3,0
07-02-20,Knox,1097,68,1081,68,16,0,1200,102,36283,1290,37483,1392,0,5,33,312,35,780,2,87,6
07-02-20,Lake,686,0,684,0,2,0,852,0,3733,11,4585,11,0,0,0,0,0,686,0,3,0
07-02-20,Lauderdale,131,9,129,9,2,0,154,11,4367,92,4521,103,0,2,7,43,2,86,0,14,4
07-02-20,Lawrence,148,10,148,10,0,0,170,4,2951,47,3121,51,0,5,8,64,2,79,1,16,6
07-02-20,Lewis,8,1,8,1,0,0,8,0,731,11,739,11,0,0,1,1,0,7,0,0,0
07-02-20,Lincoln,63,2,63,2,0,0,80,2,2148,17,2228,19,0,0,1,10,1,53,0,5,0
07-02-20,Loudon,267,4,252,4,15,0,277,5,3921,70,4198,75,0,1,2,30,2,236,0,12,2
07-02-20,Macon,441,15,439,15,2,0,486,16,2604,94,3090,110,0,3,-1,145,16,293,1,27,4
07-02-20,Madison,276,12,259,12,17,0,323,13,7230,125,7553,138,0,2,7,57,5,217,1,28,2
07-02-20,Marion,67,3,66,3,1,0,77,5,1669,29,1746,34,0,4,2,13,1,50,0,14,4
07-02-20,Marshall,82,5,82,5,0,0,92,3,1792,20,1884,23,0,1,3,28,2,53,0,8,1
07-02-20,Maury,327,15,327,15,0,0,381,10,5138,84,5519,94,0,3,8,79,7,245,0,18,3
07-02-20,McMinn,233,10,230,10,3,0,279,12,4339,96,4618,108,0,17,4,37,6,179,1,30,19
07-02-20,McNairy,62,3,62,3,0,0,68,3,1399,40,1467,43,0,0,1,12,2,50,0,4,0
07-02-20,Meigs,32,0,32,0,0,0,46,1,907,17,953,18,0,0,0,2,0,30,0,4,0
07-02-20,Monroe,141,1,132,1,9,0,159,9,2122,46,2281,55,1,5,-6,17,6,119,0,11,4
07-02-20,Montgomery,533,17,529,17,4,0,602,20,13032,256,13634,276,0,7,1,87,16,439,0,36,7
07-02-20,Moore,13,1,13,1,0,0,13,3,523,11,536,14,0,0,1,7,0,6,0,0,0
07-02-20,Morgan,24,0,24,0,0,0,28,0,3800,28,3828,28,0,1,0,0,0,23,0,1,1
07-02-20,Obion,111,9,108,8,3,1,125,8,2426,56,2551,64,0,2,6,26,3,83,0,14,2
07-02-20,Out of State,505,24,505,24,0,0,538,23,96478,2466,97016,2489,1,8,13,112,10,385,2,29,2
07-02-20,Overton,74,3,74,3,0,0,77,3,2156,30,2233,33,0,1,2,14,1,59,0,4,1
07-02-20,Pending,25,1,25,1,0,0,30,1,60407,1654,60437,1655,0,1,0,12,1,12,0,0,0
07-02-20,Perry,34,3,34,3,0,0,39,1,565,5,604,6,0,0,3,6,0,28,0,1,0
07-02-20,Pickett,6,0,6,0,0,0,6,0,481,4,487,4,0,0,0,0,0,6,0,0,0
07-02-20,Polk,48,3,47,3,1,0,53,3,1046,25,1099,28,0,0,2,9,1,39,0,3,0
07-02-20,Putnam,806,24,801,23,5,1,962,34,9559,212,10521,246,0,7,12,105,12,694,1,25,7
07-02-20,Rhea,273,3,273,3,0,0,289,3,2816,54,3105,57,0,0,2,21,1,252,1,5,0
07-02-20,Roane,58,13,51,13,7,0,66,12,5683,134,5749,146,0,0,12,19,1,39,0,5,0
07-02-20,Robertson,815,13,812,13,3,0,1002,16,6002,101,7004,117,0,11,8,69,5,735,2,60,15
07-02-20,Rutherford,2806,93,2799,93,7,0,3358,115,21927,642,25285,757,0,35,24,406,69,2365,3,133,37
07-02-20,Scott,18,2,17,2,1,0,16,2,1218,30,1234,32,0,0,2,2,0,16,0,0,0
07-02-20,Sequatchie,40,4,40,4,0,0,46,2,1429,26,1475,28,0,0,3,12,1,28,0,2,0
07-02-20,Sevier,723,63,684,62,39,1,746,74,9234,438,9980,512,0,3,40,217,23,503,2,28,3
07-02-20,Shelby,10974,471,10956,471,18,0,13110,572,134760,4411,147870,4983,2,195,219,2175,250,8604,23,1005,212
07-02-20,Smith,109,5,106,5,3,0,121,9,1617,46,1738,55,0,1,4,36,1,72,0,4,2
07-02-20,Stewart,21,1,21,1,0,0,23,1,775,9,798,10,0,0,0,1,1,20,0,2,0
07-02-20,Sullivan,104,7,100,7,4,0,103,4,7138,237,7241,241,0,2,6,27,1,75,1,13,2
07-02-20,Sumner,1563,48,1552,48,11,0,1948,53,13174,391,15122,444,0,52,23,259,25,1252,1,243,54
07-02-20,Tipton,633,9,628,9,5,0,698,16,7841,226,8539,242,1,5,0,35,8,593,0,33,6
07-02-20,Trousdale,1494,4,1491,4,3,0,1534,7,2399,56,3933,63,0,5,2,21,2,1468,0,14,6
07-02-20,Unicoi,55,1,55,1,0,0,60,0,1277,4,1337,4,0,0,1,2,0,53,0,1,0
07-02-20,Union,17,2,17,2,0,0,18,3,1071,37,1089,40,0,0,1,7,1,10,0,0,0
07-02-20,Van Buren,8,1,8,1,0,0,8,1,488,7,496,8,0,0,1,2,0,6,0,1,0
07-02-20,Warren,74,4,74,4,0,0,76,5,3105,98,3181,103,0,0,-3,21,7,53,0,1,1
07-02-20,Washington,139,8,134,8,5,0,155,5,6734,217,6889,222,0,0,5,29,3,110,1,8,0
07-02-20,Wayne,83,3,83,3,0,0,81,1,2598,26,2679,27,0,0,3,16,0,67,0,2,0
07-02-20,Weakley,69,1,69,1,0,0,69,0,2265,69,2334,69,0,1,1,15,0,53,0,4,1
07-02-20,White,70,2,68,2,2,0,81,2,2552,70,2633,72,0,3,0,7,2,60,1,6,3
07-02-20,Williamson,1174,86,1170,86,4,0,1357,97,18422,682,19779,779,0,14,69,302,17,858,0,53,13
07-02-20,Wilson,891,35,888,35,3,0,1052,38,11185,452,12237,490,0,17,14,178,21,696,2,57,17
07-01-20,Anderson,106,3,99,3,7,0,124,5,7597,136,7721,141,0,2,-1,20,4,84,0,8,2
07-01-20,Bedford,527,7,527,7,0,0,609,11,3725,38,4334,49,0,5,-3,82,10,440,0,23,6
07-01-20,Benton,11,0,10,0,1,0,11,0,1064,10,1075,10,0,1,-1,0,1,10,0,2,1
07-01-20,Bledsoe,625,0,625,0,0,0,636,0,3699,10,4335,10,0,1,0,2,0,622,0,6,1
07-01-20,Blount,193,22,188,22,5,0,226,35,6897,172,7123,207,0,3,19,54,3,136,3,14,3
07-01-20,Bradley,600,20,582,18,18,2,636,40,6586,134,7222,174,0,3,-28,180,48,417,0,38,3
07-01-20,Campbell,41,1,38,1,3,0,49,1,2661,42,2710,43,0,1,0,12,1,28,0,3,1
07-01-20,Cannon,32,2,32,2,0,0,47,2,958,10,1005,12,0,0,2,8,0,24,0,4,0
07-01-20,Carroll,37,1,32,1,5,0,35,1,1882,8,1917,9,0,1,1,1,0,35,1,6,1
07-01-20,Carter,61,1,56,1,5,0,61,2,2843,35,2904,37,0,1,0,17,1,43,0,5,1
07-01-20,Cheatham,225,8,225,8,0,0,271,9,2917,42,3188,51,0,1,3,36,5,188,1,15,1
07-01-20,Chester,27,2,27,2,0,0,28,1,901,8,929,9,0,0,0,8,2,19,0,2,0
07-01-20,Claiborne,29,5,29,5,0,0,31,4,1637,18,1668,22,0,0,4,12,1,17,0,1,0
07-01-20,Clay,22,0,22,0,0,0,23,0,690,7,713,7,0,0,-1,3,1,19,0,0,0
07-01-20,Cocke,68,6,63,6,5,0,69,4,2100,57,2169,61,0,0,4,28,2,40,0,2,0
07-01-20,Coffee,116,5,115,5,1,0,135,5,4006,98,4141,103,0,0,5,18,0,98,0,5,0
07-01-20,Crockett,32,0,30,0,2,0,38,0,775,7,813,7,0,3,0,5,0,24,0,3,3
07-01-20,Cumberland,182,2,178,2,4,0,236,2,6854,84,7090,86,0,3,-2,22,4,157,0,15,4
07-01-20,Davidson,10132,379,10121,379,11,0,11929,433,95905,2382,107834,2815,1,114,177,1811,201,8207,9,567,127
07-01-20,Decatur,21,0,19,0,2,0,24,0,793,7,817,7,0,0,-1,4,1,17,0,1,0
07-01-20,Dekalb,56,0,56,0,0,0,68,0,1898,21,1966,21,0,0,-1,9,1,47,0,2,0
07-01-20,Dickson,190,9,190,9,0,0,247,7,3604,71,3851,78,0,0,8,35,1,155,1,14,0
07-01-20,Dyer,232,9,222,7,10,2,242,8,2766,89,3008,97,0,1,-4,52,13,179,1,23,1
07-01-20,Fayette,306,9,304,9,2,0,382,13,5472,139,5854,152,0,2,4,73,5,231,1,33,3
07-01-20,Fentress,20,2,20,2,0,0,20,2,1294,9,1314,11,0,0,2,4,0,16,0,2,0
07-01-20,Franklin,80,1,78,1,2,0,94,1,2913,18,3007,19,0,3,1,9,0,68,0,8,3
07-01-20,Gibson,105,5,97,5,8,0,116,5,3133,34,3249,39,0,1,3,17,2,87,0,6,1
07-01-20,Giles,59,4,59,4,0,0,65,2,2025,37,2090,39,0,1,3,33,1,25,0,4,1
07-01-20,Grainger,39,0,34,0,5,0,47,1,1403,56,1450,57,0,0,0,9,0,30,0,5,0
07-01-20,Greene,85,1,82,1,3,0,89,1,3739,15,3828,16,0,2,0,25,1,58,0,9,2
07-01-20,Grundy,59,0,59,0,0,0,65,0,911,12,976,12,0,1,-1,9,1,49,0,10,2
07-01-20,Hamblen,265,26,254,26,11,0,276,29,5379,128,5655,157,0,4,11,103,15,158,0,28,4
07-01-20,Hamilton,2462,55,2454,55,8,0,2660,67,35062,654,37722,721,0,30,16,265,39,2167,1,129,33
07-01-20,Hancock,3,0,3,0,0,0,2,0,377,4,379,4,0,0,0,0,0,3,0,1,0
07-01-20,Hardeman,318,10,318,10,0,0,339,15,6149,54,6488,69,0,1,6,46,4,271,1,17,4
07-01-20,Hardin,107,4,105,4,2,0,118,1,2796,35,2914,36,0,5,1,30,3,72,0,10,7
07-01-20,Hawkins,55,3,55,3,0,0,68,3,2897,42,2965,45,0,2,1,13,2,40,0,7,2
07-01-20,Haywood,83,4,81,4,2,0,90,5,1387,22,1477,27,0,2,2,27,2,54,0,12,2
07-01-20,Henderson,37,5,37,5,0,0,41,2,1585,39,1626,41,0,0,5,14,0,23,0,3,0
07-01-20,Henry,41,0,41,0,0,0,52,0,2438,16,2490,16,0,0,0,4,0,37,0,6,0
07-01-20,Hickman,70,1,70,1,0,0,95,0,1575,30,1670,30,0,0,1,7,0,63,0,2,0
07-01-20,Houston,14,1,14,1,0,0,19,1,693,6,712,7,0,0,1,3,0,11,0,5,0
07-01-20,Humphreys,23,1,22,1,1,0,30,1,1258,16,1288,17,0,1,0,4,1,18,0,1,2
07-01-20,Jackson,34,0,34,0,0,0,38,0,936,23,974,23,0,0,0,5,0,29,0,2,0
07-01-20,Jefferson,108,7,101,7,7,0,108,5,3959,72,4067,77,0,0,2,28,5,80,0,6,0
07-01-20,Johnson,39,1,38,1,1,0,38,0,2514,8,2552,8,0,0,-1,12,2,27,0,3,0
07-01-20,Knox,1029,48,1013,48,16,0,1098,38,34993,794,36091,832,0,5,24,279,24,745,4,85,6
07-01-20,Lake,686,0,684,0,2,0,852,0,3722,7,4574,7,0,0,0,0,0,686,0,3,0
07-01-20,Lauderdale,122,5,120,5,2,0,143,5,4275,33,4418,38,0,2,1,36,4,84,0,14,3
07-01-20,Lawrence,138,14,138,14,0,0,166,24,2904,54,3070,78,0,5,11,56,3,77,1,15,6
07-01-20,Lewis,7,0,7,0,0,0,8,0,720,8,728,8,0,0,0,0,0,7,0,0,0
07-01-20,Lincoln,61,2,61,2,0,0,78,4,2131,33,2209,37,0,0,2,9,0,52,0,5,0
07-01-20,Loudon,263,7,248,7,15,0,272,6,3851,71,4123,77,0,1,2,28,5,234,1,12,2
07-01-20,Macon,426,9,424,9,2,0,470,11,2510,28,2980,39,0,3,-9,146,18,277,2,26,3
07-01-20,Madison,264,6,247,6,17,0,310,10,7105,62,7415,72,0,2,3,50,3,212,0,27,2
07-01-20,Marion,64,0,63,0,1,0,72,0,1640,18,1712,18,0,4,-2,11,2,49,0,14,4
07-01-20,Marshall,77,3,77,3,0,0,89,5,1772,23,1861,28,0,1,3,25,0,51,0,8,1
07-01-20,Maury,312,16,312,16,0,0,371,23,5054,69,5425,92,0,3,6,71,10,238,0,18,3
07-01-20,McMinn,223,4,220,4,3,0,267,5,4243,72,4510,77,0,17,0,33,4,173,1,29,18
07-01-20,McNairy,59,1,59,1,0,0,65,2,1359,14,1424,16,0,0,-2,11,3,48,0,4,0
07-01-20,Meigs,32,0,32,0,0,0,45,0,890,11,935,11,0,0,0,2,0,30,0,4,0
07-01-20,Monroe,140,0,131,0,9,0,150,8,2076,25,2226,33,0,4,-2,23,2,113,0,11,4
07-01-20,Montgomery,516,15,512,15,4,0,582,17,12776,82,13358,99,0,7,5,86,10,423,2,36,7
07-01-20,Moore,12,2,12,2,0,0,10,2,512,10,522,12,0,0,2,6,0,6,0,0,0
07-01-20,Morgan,24,0,24,0,0,0,28,0,3772,32,3800,32,0,1,-1,0,1,23,0,1,1
07-01-20,Obion,102,4,100,4,2,0,117,4,2370,34,2487,38,0,2,2,20,2,80,0,14,2
07-01-20,Out of State,481,23,481,23,0,0,515,25,94012,3420,94527,3445,0,7,14,99,9,375,1,27,2
07-01-20,Overton,71,3,71,3,0,0,74,3,2126,33,2200,36,1,1,1,12,1,58,0,4,1
07-01-20,Pending,24,5,24,5,0,0,29,7,58753,801,58782,808,1,1,4,12,0,11,0,0,0
07-01-20,Perry,31,0,31,0,0,0,38,2,560,3,598,5,0,0,0,3,0,28,0,1,0
07-01-20,Pickett,6,0,6,0,0,0,6,0,477,3,483,3,0,0,0,0,0,6,0,0,0
07-01-20,Polk,45,0,44,0,1,0,50,0,1021,8,1071,8,0,0,-1,7,1,38,0,3,0
07-01-20,Putnam,782,25,778,25,4,0,928,29,9347,437,10275,466,0,7,8,93,17,682,0,24,7
07-01-20,Rhea,270,1,270,1,0,0,286,1,2762,31,3048,32,0,0,1,19,0,251,0,4,0
07-01-20,Roane,45,0,38,0,7,0,54,1,5549,79,5603,80,0,0,-3,7,3,38,0,5,0
07-01-20,Robertson,802,12,799,12,3,0,986,14,5901,103,6887,117,0,11,3,61,9,730,0,58,15
07-01-20,Rutherford,2713,85,2706,85,7,0,3243,114,21285,591,24528,705,1,35,6,382,78,2296,2,130,37
07-01-20,Scott,16,1,15,1,1,0,14,0,1188,13,1202,13,0,0,1,0,0,16,0,0,0
07-01-20,Sequatchie,36,2,36,2,0,0,44,1,1403,21,1447,22,0,0,2,9,0,27,0,2,0
07-01-20,Sevier,660,51,622,51,38,0,672,57,8796,243,9468,300,0,3,18,177,33,480,2,26,3
07-01-20,Shelby,10503,313,10485,313,18,0,12538,390,130349,3040,142887,3430,1,193,78,1956,234,8354,22,982,210
07-01-20,Smith,104,4,101,4,3,0,112,5,1571,18,1683,23,0,1,-1,32,5,71,0,4,2
07-01-20,Stewart,20,0,20,0,0,0,22,1,766,3,788,4,0,0,0,1,0,19,0,2,0
07-01-20,Sullivan,97,9,93,8,4,1,99,10,6901,179,7000,189,0,2,8,21,1,74,2,12,2
07-01-20,Sumner,1515,48,1504,48,11,0,1895,55,12783,208,14678,263,0,52,24,236,24,1227,1,242,54
07-01-20,Tipton,624,7,619,7,5,0,682,8,7615,111,8297,119,0,4,-2,35,9,585,0,33,6
07-01-20,Trousdale,1490,1,1487,1,3,0,1527,1,2343,2,3870,3,0,5,-1,19,2,1466,0,14,6
07-01-20,Unicoi,54,0,54,0,0,0,60,0,1273,8,1333,8,0,0,0,1,0,53,0,1,0
07-01-20,Union,15,2,15,2,0,0,15,0,1034,9,1049,9,0,0,1,6,1,9,0,0,0
07-01-20,Van Buren,7,0,7,0,0,0,7,0,481,1,488,1,0,0,0,1,0,6,0,1,0
07-01-20,Warren,70,2,70,2,0,0,71,2,3007,50,3078,52,0,0,0,24,2,46,0,1,1
07-01-20,Washington,131,0,126,0,5,0,150,6,6517,87,6667,93,0,0,-3,24,3,107,0,7,0
07-01-20,Wayne,80,3,80,3,0,0,80,4,2572,17,2652,21,0,0,3,13,0,67,0,2,0
07-01-20,Weakley,68,1,68,1,0,0,69,1,2196,34,2265,35,0,1,-2,14,3,53,0,4,1
07-01-20,White,68,1,66,1,2,0,79,1,2482,55,2561,56,0,3,1,7,0,58,0,5,3
07-01-20,Williamson,1088,39,1084,39,4,0,1260,44,17740,405,19000,449,0,14,16,233,23,841,1,53,13
07-01-20,Wilson,856,33,853,33,3,0,1014,37,10733,217,11747,254,0,17,6,164,27,675,0,55,17
06-30-20,Anderson,103,5,96,4,7,1,119,5,7461,164,7580,169,0,2,2,21,3,80,0,8,2
06-30-20,Bedford,520,6,520,6,0,0,598,35,3687,131,4285,166,0,5,0,85,6,430,0,23,6
06-30-20,Benton,11,0,10,0,1,0,11,0,1054,20,1065,20,0,1,0,1,0,9,0,2,1
06-30-20,Bledsoe,625,1,625,1,0,0,636,1,3689,42,4325,43,0,1,1,2,0,622,0,6,1
06-30-20,Blount,171,10,166,10,5,0,191,11,6725,255,6916,266,0,3,6,35,4,133,1,11,3
06-30-20,Bradley,580,35,564,35,16,0,596,60,6452,443,7048,503,0,3,25,208,10,369,3,38,3
06-30-20,Campbell,40,5,37,5,3,0,48,5,2619,32,2667,37,0,1,5,12,0,27,0,3,1
06-30-20,Cannon,30,4,30,4,0,0,45,3,948,17,993,20,0,0,4,6,0,24,0,4,0
06-30-20,Carroll,36,0,31,0,5,0,34,0,1874,26,1908,26,0,1,0,0,0,35,0,5,1
06-30-20,Carter,60,2,55,2,5,0,59,5,2808,91,2867,96,0,1,-5,17,7,42,0,5,1
06-30-20,Cheatham,217,10,217,10,0,0,262,12,2875,74,3137,86,0,1,9,33,1,183,0,14,1
06-30-20,Chester,25,1,25,1,0,0,27,1,893,10,920,11,0,0,0,8,1,17,0,2,0
06-30-20,Claiborne,24,3,24,3,0,0,27,4,1619,20,1646,24,0,0,2,8,1,16,0,1,0
06-30-20,Clay,22,2,22,2,0,0,23,2,683,12,706,14,0,0,2,4,0,18,0,0,0
06-30-20,Cocke,62,6,57,6,5,0,65,9,2043,46,2108,55,0,0,3,24,3,38,0,2,0
06-30-20,Coffee,111,3,110,3,1,0,130,5,3908,227,4038,232,0,0,2,13,1,98,0,5,0
06-30-20,Crockett,32,1,30,1,2,0,38,3,768,17,806,20,0,3,1,5,0,24,0,3,3
06-30-20,Cumberland,180,4,176,4,4,0,234,9,6770,120,7004,129,0,3,2,24,2,153,0,15,4
06-30-20,Davidson,9753,539,9742,538,11,1,11496,645,93523,3421,105019,4066,3,113,340,1634,196,8006,8,558,124
06-30-20,Decatur,21,0,19,0,2,0,24,0,786,16,810,16,0,0,0,5,0,16,0,1,0
06-30-20,Dekalb,56,4,56,4,0,0,68,5,1877,70,1945,75,0,0,3,10,1,46,2,2,0
06-30-20,Dickson,181,3,181,3,0,0,240,6,3533,121,3773,127,0,0,3,27,0,154,0,13,0
06-30-20,Dyer,223,9,215,9,8,0,234,10,2677,54,2911,64,1,1,3,56,5,166,1,22,1
06-30-20,Fayette,297,23,295,23,2,0,369,23,5333,88,5702,111,0,2,12,69,11,226,3,32,3
06-30-20,Fentress,18,0,18,0,0,0,18,0,1285,10,1303,10,0,0,0,2,0,16,0,2,0
06-30-20,Franklin,79,5,77,5,2,0,93,7,2895,115,2988,122,0,3,3,8,2,68,1,8,3
06-30-20,Gibson,100,3,92,3,8,0,111,4,3099,44,3210,48,0,1,2,14,1,85,0,6,1
06-30-20,Giles,55,4,55,4,0,0,63,7,1988,239,2051,246,0,1,4,30,0,24,0,4,1
06-30-20,Grainger,39,3,34,3,5,0,46,3,1347,49,1393,52,0,0,1,9,2,30,0,5,0
06-30-20,Greene,84,0,81,0,3,0,88,16,3724,196,3812,212,0,2,0,25,0,57,0,9,2
06-30-20,Grundy,59,1,59,1,0,0,65,1,899,44,964,45,0,1,1,10,0,48,0,10,2
06-30-20,Hamblen,239,26,228,26,11,0,247,27,5251,104,5498,131,0,4,1,92,25,143,5,28,4
06-30-20,Hamilton,2407,73,2399,72,8,1,2593,150,34408,1841,37001,1991,0,30,26,249,47,2128,6,128,32
06-30-20,Hancock,3,0,3,0,0,0,2,0,373,3,375,3,0,0,0,0,0,3,0,1,0
06-30-20,Hardeman,308,3,308,3,0,0,324,5,6095,49,6419,54,0,1,-1,40,4,267,1,16,2
06-30-20,Hardin,103,9,101,9,2,0,117,9,2761,78,2878,87,0,5,8,29,1,69,0,10,7
06-30-20,Hawkins,52,1,52,1,0,0,65,2,2855,40,2920,42,0,2,0,12,1,38,0,7,2
06-30-20,Haywood,79,5,77,5,2,0,85,6,1365,26,1450,32,0,2,1,25,4,52,0,12,2
06-30-20,Henderson,32,3,32,3,0,0,39,3,1546,33,1585,36,0,0,2,9,1,23,0,3,0
06-30-20,Henry,41,1,41,1,0,0,52,1,2422,74,2474,75,0,0,0,4,1,37,0,6,0
06-30-20,Hickman,69,1,69,1,0,0,95,2,1545,34,1640,36,0,0,1,6,0,63,0,2,0
06-30-20,Houston,13,0,13,0,0,0,18,1,687,9,705,10,0,0,0,2,0,11,0,5,0
06-30-20,Humphreys,22,0,21,0,1,0,29,2,1242,19,1271,21,0,1,0,4,0,17,0,1,2
06-30-20,Jackson,34,0,34,0,0,0,38,0,913,14,951,14,0,0,-1,5,1,29,0,2,0
06-30-20,Jefferson,101,4,94,4,7,0,103,8,3887,80,3990,88,0,0,-4,26,8,75,0,6,0
06-30-20,Johnson,38,1,37,1,1,0,38,5,2506,15,2544,20,0,0,1,13,0,25,1,3,0
06-30-20,Knox,981,40,965,39,16,1,1060,72,34199,1528,35259,1600,0,5,17,255,23,721,3,81,5
06-30-20,Lake,686,0,684,0,2,0,852,0,3715,8,4567,8,0,0,0,0,0,686,0,3,0
06-30-20,Lauderdale,117,3,115,3,2,0,138,5,4242,48,4380,53,0,2,-1,35,4,80,0,14,2
06-30-20,Lawrence,124,4,124,4,0,0,142,17,2850,171,2992,188,1,5,2,45,1,74,1,14,6
06-30-20,Lewis,7,1,7,1,0,0,8,1,712,31,720,32,0,0,1,0,0,7,0,0,0
06-30-20,Lincoln,59,1,59,1,0,0,74,5,2098,58,2172,63,0,0,0,7,1,52,0,5,0
06-30-20,Loudon,256,6,241,6,15,0,266,7,3780,80,4046,87,0,1,1,26,5,229,0,11,2
06-30-20,Macon,417,34,415,34,2,0,459,38,2482,140,2941,178,0,3,23,155,11,259,2,24,3
06-30-20,Madison,258,17,241,10,17,7,300,18,7043,116,7343,134,0,2,12,47,5,209,0,27,2
06-30-20,Marion,64,2,63,2,1,0,72,2,1622,84,1694,86,0,4,1,13,1,47,0,14,4
06-30-20,Marshall,74,1,74,1,0,0,84,6,1749,45,1833,51,0,1,1,22,0,51,0,8,1
06-30-20,Maury,296,14,296,14,0,0,348,25,4985,153,5333,178,0,3,-1,65,15,228,1,18,3
06-30-20,McMinn,219,1,216,1,3,0,262,11,4171,187,4433,198,0,17,-1,33,2,169,0,28,18
06-30-20,McNairy,58,5,58,5,0,0,63,4,1345,28,1408,32,0,0,4,13,1,45,0,4,0
06-30-20,Meigs,32,1,32,1,0,0,45,2,879,22,924,24,0,0,1,2,0,30,0,4,0
06-30-20,Monroe,140,5,131,5,9,0,142,4,2051,32,2193,36,0,4,4,25,1,111,0,11,3
06-30-20,Montgomery,501,22,497,22,4,0,565,23,12694,220,13259,243,0,7,12,81,10,413,0,34,7
06-30-20,Moore,10,2,10,2,0,0,8,1,502,13,510,14,0,0,2,4,0,6,0,0,0
06-30-20,Morgan,24,0,24,0,0,0,28,0,3740,30,3768,30,0,1,0,1,0,22,0,1,1
06-30-20,Obion,98,3,96,3,2,0,113,4,2336,57,2449,61,0,2,1,18,2,78,0,14,2
06-30-20,Out of State,458,14,458,14,0,0,490,19,90592,2931,91082,2950,0,7,-1,85,15,366,1,26,2
06-30-20,Overton,68,0,68,0,0,0,71,0,2093,23,2164,23,0,0,-1,11,1,57,0,4,1
06-30-20,Pending,19,3,19,3,0,0,22,3,57952,1269,57974,1272,0,0,0,8,3,11,0,0,0
06-30-20,Perry,31,0,31,0,0,0,36,2,557,13,593,15,0,0,0,3,0,28,0,1,0
06-30-20,Pickett,6,0,6,0,0,0,6,0,474,6,480,6,0,0,-2,0,2,6,0,0,0
06-30-20,Polk,45,1,44,1,1,0,50,2,1013,53,1063,55,0,0,1,8,0,37,0,3,0
06-30-20,Putnam,757,4,753,4,4,0,899,4,8910,112,9809,116,0,7,-7,85,11,665,0,24,7
06-30-20,Rhea,269,5,269,5,0,0,285,6,2731,86,3016,92,0,0,2,18,3,251,1,4,0
06-30-20,Roane,45,3,38,3,7,0,53,3,5470,94,5523,97,0,0,1,10,2,35,0,5,0
06-30-20,Robertson,790,15,787,15,3,0,972,18,5798,108,6770,126,0,11,8,58,7,721,1,58,15
06-30-20,Rutherford,2628,102,2621,102,7,0,3129,121,20694,714,23823,835,0,34,50,376,52,2218,1,128,37
06-30-20,Scott,15,1,14,1,1,0,14,1,1175,17,1189,18,0,0,0,-1,1,16,0,0,0
06-30-20,Sequatchie,34,5,34,5,0,0,43,7,1382,103,1425,110,0,0,5,7,0,27,0,2,0
06-30-20,Sevier,609,21,571,20,38,1,615,27,8553,168,9168,195,0,3,3,159,18,447,1,24,3
06-30-20,Shelby,10190,319,10172,319,18,0,12148,390,127309,3255,139457,3645,6,192,77,1878,236,8120,12,960,207
06-30-20,Smith,100,5,97,5,3,0,107,5,1553,30,1660,35,0,1,2,33,3,66,0,4,1
06-30-20,Stewart,20,0,20,0,0,0,21,0,763,11,784,11,0,0,-1,1,1,19,0,2,0
06-30-20,Sullivan,88,2,85,2,3,0,89,4,6722,178,6811,182,0,2,0,13,2,73,1,10,2
06-30-20,Sumner,1467,49,1456,49,11,0,1840,57,12575,490,14415,547,1,52,26,212,22,1203,5,241,54
06-30-20,Tipton,617,5,612,5,5,0,674,8,7504,151,8178,159,0,4,-1,37,6,576,1,33,6
06-30-20,Trousdale,1489,5,1486,5,3,0,1526,1,2341,29,3867,30,0,5,5,20,0,1464,0,14,6
06-30-20,Unicoi,54,0,54,0,0,0,60,1,1265,13,1325,14,0,0,0,1,0,53,0,1,0
06-30-20,Union,13,1,13,1,0,0,15,1,1025,18,1040,19,0,0,1,5,0,8,0,0,0
06-30-20,Van Buren,7,0,7,0,0,0,7,0,480,5,487,5,0,0,0,1,0,6,0,1,0
06-30-20,Warren,68,2,68,2,0,0,69,3,2957,169,3026,172,0,0,-1,24,3,44,0,1,1
06-30-20,Washington,131,4,126,4,5,0,144,6,6430,229,6574,235,0,0,4,27,0,104,0,7,0
06-30-20,Wayne,77,0,77,0,0,0,76,3,2555,24,2631,27,0,0,0,10,0,67,0,2,0
06-30-20,Weakley,67,4,67,4,0,0,68,5,2162,46,2230,51,0,1,0,16,4,50,0,4,1
06-30-20,White,67,0,65,0,2,0,78,0,2427,39,2505,39,0,3,-1,6,1,58,0,5,3
06-30-20,Williamson,1049,65,1045,65,4,0,1216,75,17335,680,18551,755,0,14,47,217,18,818,0,52,13
06-30-20,Wilson,823,38,820,38,3,0,977,52,10516,451,11493,503,0,17,12,158,26,648,1,55,17
06-29-20,Anderson,98,6,92,5,6,1,114,7,7297,208,7411,215,0,2,3,19,3,77,1,8,2
06-29-20,Bedford,514,12,514,12,0,0,563,9,3556,34,4119,43,0,5,3,85,9,424,0,23,6
06-29-20,Benton,11,0,10,0,1,0,11,0,1034,9,1045,9,0,1,0,1,0,9,0,2,1
06-29-20,Bledsoe,624,1,624,1,0,0,635,1,3647,31,4282,32,0,1,-2,1,3,622,0,6,1
06-29-20,Blount,161,11,156,11,5,0,180,9,6470,216,6650,225,0,3,8,29,3,129,1,10,3
06-29-20,Bradley,545,66,529,65,16,1,536,38,6009,262,6545,300,0,3,50,183,16,359,3,35,3
06-29-20,Campbell,35,4,32,4,3,0,43,4,2587,69,2630,73,0,1,2,7,2,27,0,3,1
06-29-20,Cannon,26,1,26,1,0,0,42,1,931,23,973,24,0,0,1,2,0,24,0,4,0
06-29-20,Carroll,36,0,31,0,5,0,34,1,1848,19,1882,20,0,1,0,0,0,35,0,5,1
06-29-20,Carter,58,1,53,1,5,0,54,4,2717,108,2771,112,0,1,-3,22,4,35,1,5,1
06-29-20,Cheatham,207,4,207,4,0,0,250,5,2801,61,3051,66,1,1,1,24,2,182,0,14,1
06-29-20,Chester,24,1,24,1,0,0,26,1,883,14,909,15,0,0,1,8,0,16,0,2,0
06-29-20,Claiborne,21,1,21,1,0,0,23,2,1599,92,1622,94,0,0,1,6,0,15,0,1,0
06-29-20,Clay,20,1,20,1,0,0,21,1,671,19,692,20,0,0,-1,2,2,18,0,0,0
06-29-20,Cocke,56,5,51,5,5,0,56,6,1997,106,2053,112,0,0,4,21,1,35,0,2,0
06-29-20,Coffee,108,6,107,6,1,0,125,2,3681,51,3806,53,0,0,5,11,1,97,0,5,0
06-29-20,Crockett,31,2,29,2,2,0,35,2,751,11,786,13,0,3,1,4,1,24,0,3,3
06-29-20,Cumberland,176,6,172,6,4,0,225,8,6650,156,6875,164,0,3,0,22,6,151,0,15,4
06-29-20,Davidson,9214,289,9204,288,10,1,10851,333,90102,1936,100953,2269,0,110,53,1294,236,7810,7,550,123
06-29-20,Decatur,21,3,19,3,2,0,24,3,770,13,794,16,0,0,3,5,0,16,0,1,0
06-29-20,Dekalb,52,3,52,3,0,0,63,6,1807,68,1870,74,0,0,1,7,2,45,0,0,0
06-29-20,Dickson,178,6,178,6,0,0,234,10,3412,46,3646,56,0,0,4,24,2,154,0,13,0
06-29-20,Dyer,214,8,206,8,8,0,224,8,2623,91,2847,99,0,0,-1,53,9,161,2,21,1
06-29-20,Fayette,274,9,272,9,2,0,346,13,5245,198,5591,211,0,2,1,57,8,215,1,29,3
06-29-20,Fentress,18,2,18,2,0,0,18,2,1275,16,1293,18,0,0,2,2,0,16,1,2,0
06-29-20,Franklin,74,1,72,1,2,0,86,0,2780,29,2866,29,0,3,0,5,1,66,0,7,3
06-29-20,Gibson,97,2,89,1,8,1,107,5,3055,42,3162,47,0,1,1,12,1,84,0,6,1
06-29-20,Giles,51,1,51,1,0,0,56,4,1749,68,1805,72,1,1,-1,26,1,24,0,4,1
06-29-20,Grainger,36,4,31,4,5,0,43,4,1298,27,1341,31,0,0,3,8,1,28,0,5,0
06-29-20,Greene,84,4,81,4,3,0,72,2,3528,58,3600,60,0,2,2,25,2,57,0,9,2
06-29-20,Grundy,58,0,58,0,0,0,64,0,855,7,919,7,0,1,-6,9,6,48,0,10,2
06-29-20,Hamblen,213,26,202,26,11,0,220,25,5147,119,5367,144,0,4,17,91,9,118,5,23,4
06-29-20,Hamilton,2334,74,2327,74,7,0,2443,61,32567,1040,35010,1101,1,30,15,223,58,2081,4,122,32
06-29-20,Hancock,3,0,3,0,0,0,2,0,370,14,372,14,0,0,0,0,0,3,0,1,0
06-29-20,Hardeman,305,15,305,15,0,0,319,13,6046,60,6365,73,0,1,11,41,4,263,0,15,2
06-29-20,Hardin,94,2,92,2,2,0,108,3,2683,80,2791,83,0,5,-6,21,8,68,1,10,7
06-29-20,Hawkins,51,2,51,2,0,0,63,3,2815,64,2878,67,0,2,0,12,2,37,0,7,2
06-29-20,Haywood,74,5,72,5,2,0,79,7,1339,32,1418,39,0,2,3,24,2,48,2,12,2
06-29-20,Henderson,29,1,29,1,0,0,36,2,1513,32,1549,34,0,0,0,7,1,22,0,3,0
06-29-20,Henry,40,0,40,0,0,0,51,0,2348,29,2399,29,0,0,0,4,0,36,0,6,0
06-29-20,Hickman,68,0,68,0,0,0,93,0,1511,18,1604,18,0,0,0,5,0,63,0,2,0
06-29-20,Houston,13,0,13,0,0,0,17,0,678,13,695,13,0,0,0,2,0,11,0,5,0
06-29-20,Humphreys,22,2,21,2,1,0,27,2,1223,17,1250,19,0,1,2,4,0,17,0,1,2
06-29-20,Jackson,34,5,34,5,0,0,38,5,899,14,937,19,0,0,5,6,0,28,0,2,0
06-29-20,Jefferson,97,8,90,8,7,0,95,11,3807,90,3902,101,0,0,4,30,4,67,0,6,0
06-29-20,Johnson,37,1,36,1,1,0,33,2,2491,22,2524,24,0,0,1,12,0,25,1,2,0
06-29-20,Knox,941,51,926,51,15,0,988,73,32671,1214,33659,1287,0,5,20,238,31,698,3,78,5
06-29-20,Lake,686,0,684,0,2,0,852,0,3707,15,4559,15,0,0,0,0,0,686,0,3,0
06-29-20,Lauderdale,114,9,112,9,2,0,133,9,4194,69,4327,78,0,2,7,36,2,76,1,14,2
06-29-20,Lawrence,120,8,120,8,0,0,125,6,2679,39,2804,45,0,4,8,43,0,73,1,13,5
06-29-20,Lewis,6,0,6,0,0,0,7,0,681,3,688,3,0,0,-1,-1,1,7,0,0,0
06-29-20,Lincoln,58,4,58,4,0,0,69,4,2040,19,2109,23,0,0,4,7,0,51,1,5,0
06-29-20,Loudon,250,4,235,4,15,0,259,4,3700,81,3959,85,0,1,-1,25,5,224,0,11,2
06-29-20,Macon,383,32,381,32,2,0,421,34,2342,84,2763,118,0,3,16,132,16,248,3,22,3
06-29-20,Madison,241,15,231,12,10,3,282,16,6927,114,7209,130,0,2,10,35,5,204,2,27,2
06-29-20,Marion,62,2,61,2,1,0,70,2,1538,16,1608,18,0,4,1,12,1,46,0,14,4
06-29-20,Marshall,73,8,73,8,0,0,78,11,1704,73,1782,84,0,1,6,21,2,51,1,8,1
06-29-20,Maury,282,5,282,5,0,0,323,13,4832,86,5155,99,0,3,-11,66,16,213,0,17,3
06-29-20,McMinn,218,0,215,0,3,0,251,0,3984,76,4235,76,0,17,-2,34,2,167,0,28,17
06-29-20,McNairy,53,1,53,1,0,0,59,1,1317,28,1376,29,0,0,-4,9,5,44,0,4,0
06-29-20,Meigs,31,0,31,0,0,0,43,1,857,19,900,20,0,0,0,1,0,30,0,4,0
06-29-20,Monroe,135,11,126,11,9,0,138,2,2019,49,2157,51,0,4,8,21,3,110,1,11,3
06-29-20,Montgomery,479,20,475,20,4,0,542,25,12474,286,13016,311,0,7,9,69,11,403,0,34,7
06-29-20,Moore,8,1,8,1,0,0,7,0,489,1,496,1,0,0,1,2,0,6,0,0,0
06-29-20,Morgan,24,1,24,1,0,0,28,2,3710,17,3738,19,0,1,-1,1,2,22,0,1,1
06-29-20,Obion,95,4,93,4,2,0,109,6,2279,78,2388,84,0,2,3,17,1,76,1,14,2
06-29-20,Out of State,444,17,444,17,0,0,471,19,87661,1972,88132,1991,0,7,4,86,13,351,0,25,2
06-29-20,Overton,68,6,68,6,0,0,71,6,2070,53,2141,59,0,0,1,12,5,56,0,4,1
06-29-20,Pending,16,4,16,4,0,0,19,4,56683,1594,56702,1598,0,0,2,8,2,8,0,0,0
06-29-20,Perry,31,1,31,1,0,0,34,0,544,1,578,1,0,0,1,3,0,28,0,1,0
06-29-20,Pickett,6,0,6,0,0,0,6,0,468,4,474,4,0,0,0,2,0,4,0,0,0
06-29-20,Polk,44,0,43,0,1,0,48,0,960,18,1008,18,0,0,-1,7,1,37,0,3,0
06-29-20,Putnam,753,16,749,16,4,0,895,19,8798,186,9693,205,0,7,-2,92,18,654,1,24,7
06-29-20,Rhea,264,4,264,4,0,0,279,4,2645,66,2924,70,0,0,1,16,3,248,0,3,0
06-29-20,Roane,42,0,35,0,7,0,50,1,5376,94,5426,95,0,0,-2,9,2,33,0,5,0
06-29-20,Robertson,775,9,772,9,3,0,954,22,5690,134,6644,156,0,11,-1,50,10,714,0,57,15
06-29-20,Rutherford,2526,93,2519,93,7,0,3008,119,19980,597,22988,716,0,34,17,326,76,2166,5,127,37
06-29-20,Scott,14,0,13,0,1,0,13,0,1158,16,1171,16,0,0,-1,-1,1,15,0,0,0
06-29-20,Sequatchie,29,0,29,0,0,0,36,1,1279,20,1315,21,0,0,0,2,0,27,0,2,0
06-29-20,Sevier,588,43,551,43,37,0,588,45,8385,313,8973,358,0,3,16,156,27,429,0,23,3
06-29-20,Shelby,9871,604,9853,604,18,0,11758,714,124054,5294,135812,6008,4,186,372,1801,228,7884,31,948,201
06-29-20,Smith,95,26,92,26,3,0,102,29,1523,57,1625,86,0,1,21,31,5,63,0,4,1
06-29-20,Stewart,20,0,20,0,0,0,21,1,752,14,773,15,0,0,-1,2,1,18,0,2,0
06-29-20,Sullivan,86,3,83,3,3,0,85,2,6544,139,6629,141,0,2,2,13,1,71,0,9,2
06-29-20,Sumner,1418,65,1407,65,11,0,1783,68,12085,439,13868,507,0,51,43,186,22,1181,8,236,54
06-29-20,Tipton,612,9,607,9,5,0,666,10,7353,292,8019,302,0,4,2,38,7,570,0,32,4
06-29-20,Trousdale,1484,7,1481,7,3,0,1525,8,2312,53,3837,61,0,5,6,15,1,1464,0,14,5
06-29-20,Unicoi,54,1,54,1,0,0,59,1,1252,14,1311,15,0,0,1,1,0,53,0,1,0
06-29-20,Union,12,0,12,0,0,0,14,1,1007,34,1021,35,0,0,0,4,0,8,0,0,0
06-29-20,Van Buren,7,1,7,1,0,0,7,1,475,8,482,9,0,0,1,1,0,6,0,1,0
06-29-20,Warren,66,8,66,8,0,0,66,9,2788,92,2854,101,0,0,5,25,3,41,0,1,1
06-29-20,Washington,127,3,122,3,5,0,138,0,6201,122,6339,122,0,0,1,23,2,104,0,7,0
06-29-20,Wayne,77,2,77,2,0,0,73,1,2531,18,2604,19,0,0,0,10,2,67,0,2,0
06-29-20,Weakley,63,5,63,5,0,0,63,5,2116,84,2179,89,0,1,4,16,1,46,0,4,1
06-29-20,White,67,3,65,3,2,0,78,4,2388,67,2466,71,0,3,2,7,1,57,0,5,3
06-29-20,Williamson,984,44,980,44,4,0,1141,54,16655,678,17796,732,0,14,21,170,23,800,0,52,13
06-29-20,Wilson,785,36,782,36,3,0,925,36,10065,428,10990,464,1,17,11,146,24,622,0,54,17
06-28-20,Anderson,92,4,87,4,5,0,107,8,7089,112,7196,120,0,2,3,16,1,74,0,7,2
06-28-20,Bedford,502,15,502,15,0,0,554,19,3522,69,4076,88,0,5,10,82,5,415,0,23,6
06-28-20,Benton,11,0,10,0,1,0,11,0,1025,1,1036,1,0,1,-1,1,1,9,0,2,1
06-28-20,Bledsoe,623,0,623,0,0,0,634,0,3616,10,4250,10,0,1,-1,3,1,619,0,6,1
06-28-20,Blount,150,1,145,0,5,1,171,1,6254,85,6425,86,0,3,-5,21,6,126,0,9,3
06-28-20,Bradley,479,28,464,27,15,1,498,12,5747,71,6245,83,0,3,21,133,7,343,1,32,3
06-28-20,Campbell,31,1,28,1,3,0,39,4,2518,23,2557,27,0,1,1,5,0,25,0,3,1
06-28-20,Cannon,25,0,25,0,0,0,41,0,908,3,949,3,0,0,0,1,0,24,0,4,0
06-28-20,Carroll,36,0,31,0,5,0,33,0,1829,1,1862,1,0,1,0,0,0,35,0,5,1
06-28-20,Carter,57,2,52,2,5,0,50,3,2609,54,2659,57,0,1,0,25,2,31,0,4,1
06-28-20,Cheatham,203,1,203,1,0,0,245,2,2740,21,2985,23,0,0,0,23,1,180,0,14,1
06-28-20,Chester,23,2,23,2,0,0,25,2,869,3,894,5,0,0,1,7,1,16,0,2,0
06-28-20,Claiborne,20,0,20,0,0,0,21,0,1507,11,1528,11,0,0,0,5,0,15,0,1,0
06-28-20,Clay,19,1,19,1,0,0,20,1,652,8,672,9,0,0,1,3,0,16,0,0,0
06-28-20,Cocke,51,0,46,0,5,0,50,1,1891,21,1941,22,0,0,0,17,0,34,0,2,0
06-28-20,Coffee,102,0,101,0,1,0,123,2,3630,77,3753,79,0,0,0,6,0,96,0,5,0
06-28-20,Crockett,29,0,27,0,2,0,33,0,740,6,773,6,0,3,-1,3,1,23,0,3,3
06-28-20,Cumberland,170,2,166,2,4,0,217,2,6494,46,6711,48,0,3,1,22,1,145,1,15,4
06-28-20,Davidson,8925,179,8916,179,9,0,10518,202,88166,1472,98684,1674,0,110,89,1241,90,7574,0,543,119
06-28-20,Decatur,18,0,16,0,2,0,21,0,757,6,778,6,0,0,0,2,0,16,0,1,0
06-28-20,Dekalb,49,0,49,0,0,0,57,0,1739,2,1796,2,0,0,-2,6,2,43,0,0,0
06-28-20,Dickson,172,7,172,7,0,0,224,8,3366,34,3590,42,0,0,3,20,4,152,0,13,0
06-28-20,Dyer,206,4,198,4,8,0,216,2,2532,16,2748,18,0,0,0,54,4,152,0,19,1
06-28-20,Fayette,265,7,263,7,2,0,333,8,5047,22,5380,30,0,2,2,56,5,207,0,28,3
06-28-20,Fentress,16,0,16,0,0,0,16,0,1259,5,1275,5,0,0,0,0,0,16,0,1,0
06-28-20,Franklin,73,1,71,1,2,0,86,2,2751,77,2837,79,0,3,0,5,1,65,0,7,3
06-28-20,Gibson,95,2,88,2,7,0,102,2,3013,7,3115,9,0,1,-2,11,4,83,0,6,1
06-28-20,Giles,50,3,50,3,0,0,52,0,1681,35,1733,35,0,0,3,27,0,23,0,4,1
06-28-20,Grainger,32,2,27,2,5,0,39,2,1271,34,1310,36,0,0,1,5,1,27,0,5,0
06-28-20,Greene,80,3,77,3,3,0,70,3,3470,41,3540,44,0,2,3,23,0,55,0,9,2
06-28-20,Grundy,58,0,58,0,0,0,64,2,848,23,912,25,0,1,-2,15,2,42,0,10,2
06-28-20,Hamblen,187,7,176,7,11,0,195,9,5028,53,5223,62,0,4,6,74,1,109,0,18,4
06-28-20,Hamilton,2260,46,2253,46,7,0,2382,65,31527,1049,33909,1114,0,29,12,208,34,2023,1,118,31
06-28-20,Hancock,3,0,3,0,0,0,2,0,356,19,358,19,0,0,0,0,0,3,0,1,0
06-28-20,Hardeman,290,8,290,8,0,0,306,6,5986,18,6292,24,0,1,7,30,1,259,1,15,2
06-28-20,Hardin,92,0,90,0,2,0,105,0,2603,16,2708,16,0,5,-3,27,3,60,0,9,7
06-28-20,Hawkins,49,1,49,1,0,0,60,1,2751,46,2811,47,0,2,1,12,0,35,0,7,2
06-28-20,Haywood,69,0,67,0,2,0,72,0,1307,10,1379,10,0,2,-2,21,2,46,0,10,2
06-28-20,Henderson,28,0,28,0,0,0,34,0,1481,8,1515,8,0,0,-1,7,1,21,0,3,0
06-28-20,Henry,40,1,40,1,0,0,51,1,2319,17,2370,18,0,0,1,4,0,36,0,6,0
06-28-20,Hickman,68,1,68,1,0,0,93,2,1493,31,1586,33,0,0,1,5,0,63,0,2,0
06-28-20,Houston,13,2,13,2,0,0,17,2,665,6,682,8,0,0,2,2,0,11,0,5,0
06-28-20,Humphreys,20,0,19,0,1,0,25,0,1206,16,1231,16,0,1,0,2,0,17,0,1,2
06-28-20,Jackson,29,0,29,0,0,0,33,0,885,3,918,3,0,0,0,1,0,28,0,2,0
06-28-20,Jefferson,89,1,82,1,7,0,84,1,3717,46,3801,47,0,0,0,26,1,63,0,6,0
06-28-20,Johnson,36,1,35,1,1,0,31,0,2469,23,2500,23,0,0,1,11,0,25,0,1,0
06-28-20,Knox,890,10,875,10,15,0,915,30,31457,751,32372,781,0,5,-5,218,15,667,1,75,5
06-28-20,Lake,686,0,684,0,2,0,852,1,3692,4,4544,5,0,0,0,0,0,686,0,3,0
06-28-20,Lauderdale,105,2,103,2,2,0,124,9,4125,36,4249,45,0,2,1,29,1,74,0,13,2
06-28-20,Lawrence,112,0,112,0,0,0,119,5,2640,86,2759,91,0,4,-2,35,2,73,0,12,5
06-28-20,Lewis,6,0,6,0,0,0,7,0,678,9,685,9,0,0,0,0,0,6,0,0,0
06-28-20,Lincoln,54,0,54,0,0,0,65,2,2021,55,2086,57,0,0,-1,3,1,51,0,4,0
06-28-20,Loudon,246,1,231,1,15,0,255,3,3619,50,3874,53,0,1,-3,26,4,219,0,11,2
06-28-20,Macon,351,57,349,57,2,0,387,60,2258,144,2645,204,0,3,53,116,4,232,1,19,3
06-28-20,Madison,226,1,219,1,7,0,266,3,6813,35,7079,38,0,2,0,25,1,199,0,25,2
06-28-20,Marion,60,2,59,2,1,0,68,2,1522,27,1590,29,0,4,2,11,0,45,0,14,4
06-28-20,Marshall,65,3,65,3,0,0,67,4,1631,31,1698,35,0,1,3,15,0,49,0,7,1
06-28-20,Maury,277,5,277,5,0,0,310,7,4746,36,5056,43,0,3,2,77,3,197,2,17,3
06-28-20,McMinn,218,8,215,8,3,0,251,11,3908,106,4159,117,0,17,8,36,0,165,1,28,17
06-28-20,McNairy,52,0,52,0,0,0,58,0,1289,20,1347,20,0,0,-2,13,2,39,0,4,0
06-28-20,Meigs,31,0,31,0,0,0,42,0,838,20,880,20,0,0,0,1,0,30,0,4,0
06-28-20,Monroe,124,0,115,0,9,0,136,3,1970,16,2106,19,0,4,0,13,0,107,0,10,3
06-28-20,Montgomery,459,13,455,13,4,0,517,13,12188,204,12705,217,0,7,7,60,6,392,0,34,7
06-28-20,Moore,7,0,7,0,0,0,7,0,488,8,495,8,0,0,0,1,0,6,0,0,0
06-28-20,Morgan,23,0,23,0,0,0,26,0,3693,17,3719,17,0,1,0,2,0,20,0,1,1
06-28-20,Obion,91,1,89,1,2,0,103,5,2201,13,2304,18,0,2,-1,14,2,75,0,13,2
06-28-20,Out of State,427,16,427,16,0,0,452,15,85689,1109,86141,1124,0,7,14,82,2,338,0,25,2
06-28-20,Overton,62,0,62,0,0,0,65,2,2017,27,2082,29,0,0,0,11,0,51,0,4,1
06-28-20,Pending,12,0,12,0,0,0,15,0,55089,393,55104,393,0,0,0,6,0,6,0,0,0
06-28-20,Perry,30,1,30,1,0,0,34,0,543,7,577,7,0,0,1,2,0,28,0,1,0
06-28-20,Pickett,6,0,6,0,0,0,6,0,464,2,470,2,0,0,0,2,0,4,0,0,0
06-28-20,Polk,44,3,43,3,1,0,48,3,942,24,990,27,0,0,3,8,0,36,0,3,0
06-28-20,Putnam,737,12,733,12,4,0,876,13,8612,117,9488,130,0,7,7,94,5,636,1,23,7
06-28-20,Rhea,260,0,260,0,0,0,275,0,2579,56,2854,56,0,0,-1,15,1,245,0,3,0
06-28-20,Roane,42,0,35,0,7,0,49,0,5282,55,5331,55,0,0,0,11,0,31,0,5,0
06-28-20,Robertson,766,6,763,6,3,0,932,6,5556,27,6488,33,0,11,4,51,2,704,0,57,15
06-28-20,Rutherford,2433,44,2426,44,7,0,2889,57,19383,257,22272,314,0,34,15,309,29,2090,0,122,36
06-28-20,Scott,14,0,13,0,1,0,13,0,1142,11,1155,11,0,0,0,0,0,14,0,0,0
06-28-20,Sequatchie,29,2,29,2,0,0,35,0,1259,21,1294,21,0,0,2,2,0,27,0,2,0
06-28-20,Sevier,545,2,508,2,37,0,543,5,8072,102,8615,107,0,3,-16,140,18,402,0,23,3
06-28-20,Shelby,9267,69,9249,69,18,0,11044,100,118760,1054,129804,1154,0,182,-38,1429,107,7656,3,917,199
06-28-20,Smith,69,2,66,2,3,0,73,2,1466,9,1539,11,0,1,2,10,0,58,1,4,1
06-28-20,Stewart,20,1,20,1,0,0,20,1,738,10,758,11,0,0,1,3,0,17,0,2,0
06-28-20,Sullivan,83,0,80,0,3,0,83,1,6405,73,6488,74,0,2,0,11,0,70,0,9,2
06-28-20,Sumner,1353,20,1342,20,11,0,1715,26,11646,89,13361,115,0,51,8,143,12,1159,2,228,54
06-28-20,Tipton,603,2,598,2,5,0,656,3,7061,26,7717,29,0,4,-4,36,6,563,0,32,4
06-28-20,Trousdale,1477,1,1474,1,3,0,1517,1,2259,6,3776,7,0,5,-1,9,2,1463,0,14,5
06-28-20,Unicoi,53,0,53,0,0,0,58,0,1238,19,1296,19,0,0,0,0,0,53,0,1,0
06-28-20,Union,12,1,12,1,0,0,13,1,973,27,986,28,0,0,1,4,0,8,0,0,0
06-28-20,Van Buren,6,0,6,0,0,0,6,0,467,1,473,1,0,0,0,0,0,6,0,1,0
06-28-20,Warren,58,1,58,1,0,0,57,1,2696,20,2753,21,0,0,1,20,0,38,0,1,1
06-28-20,Washington,124,2,119,2,5,0,138,7,6079,160,6217,167,0,0,-2,22,4,102,0,7,0
06-28-20,Wayne,75,0,75,0,0,0,72,2,2513,27,2585,29,0,0,0,10,0,65,0,2,0
06-28-20,Weakley,58,2,58,2,0,0,58,2,2032,9,2090,11,0,1,1,12,1,45,0,4,1
06-28-20,White,64,1,62,1,2,0,74,1,2321,12,2395,13,0,3,0,5,1,56,0,5,3
06-28-20,Williamson,940,19,936,19,4,0,1087,26,15977,148,17064,174,0,14,10,149,9,777,0,52,13
06-28-20,Wilson,749,12,746,12,3,0,889,13,9637,115,10526,128,0,16,1,135,11,598,0,54,17
06-27-20,Anderson,88,1,83,0,5,1,99,0,6977,10,7076,10,0,2,-4,13,5,73,0,7,2
06-27-20,Bedford,487,0,487,0,0,0,535,0,3453,2,3988,2,1,5,-6,72,5,410,0,23,5
06-27-20,Benton,11,0,10,0,1,0,11,0,1024,1,1035,1,0,1,0,2,0,8,0,2,1
06-27-20,Bledsoe,623,0,623,0,0,0,634,0,3606,2,4240,2,0,1,0,4,0,618,0,6,1
06-27-20,Blount,149,0,145,0,4,0,170,0,6169,2,6339,2,0,3,-2,26,2,120,0,9,3
06-27-20,Bradley,451,10,437,10,14,0,486,8,5676,0,6162,8,0,3,3,112,7,336,0,31,3
06-27-20,Campbell,30,0,27,0,3,0,35,0,2495,15,2530,15,0,1,0,4,0,25,0,3,1
06-27-20,Cannon,25,0,25,0,0,0,41,0,905,2,946,2,0,0,0,1,0,24,0,4,0
06-27-20,Carroll,36,1,31,1,5,0,33,1,1828,1,1861,2,0,1,1,0,0,35,0,5,1
06-27-20,Carter,55,1,50,1,5,0,47,1,2555,0,2602,1,0,1,1,25,0,29,1,4,1
06-27-20,Cheatham,202,0,202,0,0,0,243,0,2719,2,2962,2,0,0,-2,23,2,179,0,14,1
06-27-20,Chester,21,2,21,2,0,0,23,2,866,1,889,3,0,0,2,6,0,15,0,2,0
06-27-20,Claiborne,20,1,20,1,0,0,21,0,1496,8,1517,8,0,0,0,5,1,15,0,1,0
06-27-20,Clay,18,0,18,0,0,0,19,0,644,1,663,1,0,0,-2,2,2,16,0,0,0
06-27-20,Cocke,51,3,46,3,5,0,49,2,1870,3,1919,5,0,0,0,17,3,34,0,2,0
06-27-20,Coffee,102,0,101,0,1,0,121,0,3553,2,3674,2,0,0,0,6,0,96,0,5,0
06-27-20,Crockett,29,1,27,1,2,0,33,1,734,0,767,1,0,3,0,4,1,22,1,3,3
06-27-20,Cumberland,168,0,164,0,4,0,215,0,6448,2,6663,2,0,3,0,21,0,144,0,14,4
06-27-20,Davidson,8746,19,8737,19,9,0,10316,26,86694,110,97010,136,5,110,-123,1152,137,7484,0,543,117
06-27-20,Decatur,18,0,16,0,2,0,21,0,751,0,772,0,0,0,-1,2,1,16,0,1,0
06-27-20,Dekalb,49,0,49,0,0,0,57,0,1737,3,1794,3,0,0,0,8,0,41,0,0,0
06-27-20,Dickson,165,2,165,2,0,0,216,2,3332,1,3548,3,0,0,0,17,2,148,0,13,0
06-27-20,Dyer,202,8,194,8,8,0,214,6,2516,5,2730,11,0,0,0,54,8,148,2,19,1
06-27-20,Fayette,258,7,256,7,2,0,325,4,5025,22,5350,26,0,2,2,54,5,202,3,28,3
06-27-20,Fentress,16,0,16,0,0,0,16,0,1254,1,1270,1,0,0,-1,0,1,16,0,1,0
06-27-20,Franklin,72,0,70,0,2,0,84,0,2674,1,2758,1,0,3,0,5,0,64,0,7,3
06-27-20,Gibson,93,2,86,1,7,1,100,1,3006,3,3106,4,0,1,2,13,0,79,0,6,1
06-27-20,Giles,47,0,47,0,0,0,52,0,1646,0,1698,0,0,0,0,24,0,23,0,4,1
06-27-20,Grainger,30,0,25,0,5,0,37,0,1237,2,1274,2,0,0,0,4,0,26,0,5,0
06-27-20,Greene,77,5,74,5,3,0,67,2,3429,0,3496,2,-1,2,4,20,2,55,0,9,2
06-27-20,Grundy,58,0,58,0,0,0,62,0,825,0,887,0,0,1,-1,17,1,40,0,10,2
06-27-20,Hamblen,180,1,169,1,11,0,186,1,4975,3,5161,4,0,4,-6,68,7,108,0,18,4
06-27-20,Hamilton,2214,8,2207,7,7,1,2317,9,30478,3,32795,12,0,29,-40,196,48,1989,0,117,30
06-27-20,Hancock,3,0,3,0,0,0,2,0,337,0,339,0,0,0,-1,0,1,3,0,1,0
06-27-20,Hardeman,282,2,282,2,0,0,300,3,5968,3,6268,6,0,1,0,23,2,258,0,14,2
06-27-20,Hardin,92,0,90,0,2,0,105,0,2587,0,2692,0,0,5,-4,30,4,57,0,9,7
06-27-20,Hawkins,48,3,48,3,0,0,59,0,2705,0,2764,0,0,2,2,11,1,35,0,7,2
06-27-20,Haywood,69,3,67,3,2,0,72,3,1297,1,1369,4,0,2,3,23,0,44,0,10,2
06-27-20,Henderson,28,1,28,1,0,0,34,1,1473,0,1507,1,0,0,0,8,1,20,0,3,0
06-27-20,Henry,39,0,39,0,0,0,50,0,2302,1,2352,1,0,0,0,3,0,36,0,6,0
06-27-20,Hickman,67,0,67,0,0,0,91,0,1462,0,1553,0,0,0,-1,4,1,63,0,2,0
06-27-20,Houston,11,0,11,0,0,0,15,0,659,0,674,0,0,0,0,0,0,11,0,5,0
06-27-20,Humphreys,20,0,19,0,1,0,25,0,1190,0,1215,0,0,1,0,2,0,17,0,1,2
06-27-20,Jackson,29,0,29,0,0,0,33,0,882,1,915,1,0,0,-1,1,1,28,0,2,0
06-27-20,Jefferson,88,0,81,0,7,0,83,0,3671,5,3754,5,0,0,-2,26,2,62,0,6,0
06-27-20,Johnson,35,0,34,0,1,0,31,0,2446,0,2477,0,0,0,0,10,0,25,0,1,0
06-27-20,Knox,880,29,865,29,15,0,885,14,30706,103,31591,117,0,5,18,223,11,652,2,74,5
06-27-20,Lake,686,0,684,0,2,0,851,0,3688,0,4539,0,0,0,0,0,0,686,0,3,0
06-27-20,Lauderdale,103,6,101,6,2,0,115,3,4089,2,4204,5,0,2,4,28,2,73,0,13,2
06-27-20,Lawrence,112,0,112,0,0,0,114,0,2554,1,2668,1,0,4,-1,37,1,71,0,12,5
06-27-20,Lewis,6,0,6,0,0,0,7,0,669,0,676,0,0,0,0,0,0,6,0,0,0
06-27-20,Lincoln,54,0,54,0,0,0,63,0,1966,0,2029,0,0,0,0,4,0,50,0,4,0
06-27-20,Loudon,245,0,230,0,15,0,252,0,3569,9,3821,9,0,1,-2,29,2,215,0,11,2
06-27-20,Macon,294,0,292,0,2,0,327,0,2114,1,2441,1,0,3,-5,63,5,228,0,18,3
06-27-20,Madison,225,2,218,2,7,0,263,2,6778,8,7041,10,0,2,-3,25,5,198,0,25,2
06-27-20,Marion,58,0,57,0,1,0,66,0,1495,0,1561,0,0,4,0,9,0,45,0,14,4
06-27-20,Marshall,62,0,62,0,0,0,63,0,1600,2,1663,2,0,1,0,12,0,49,0,7,1
06-27-20,Maury,272,0,272,0,0,0,303,0,4710,15,5013,15,1,3,-6,75,5,194,0,15,3
06-27-20,McMinn,210,1,207,1,3,0,240,1,3802,1,4042,2,0,17,1,28,0,165,0,27,17
06-27-20,McNairy,52,2,52,2,0,0,58,2,1269,0,1327,2,0,0,1,15,1,37,0,4,0
06-27-20,Meigs,31,0,31,0,0,0,42,0,818,0,860,0,0,0,0,1,0,30,0,4,0
06-27-20,Monroe,124,0,115,0,9,0,133,0,1954,0,2087,0,0,4,-3,13,3,107,0,10,3
06-27-20,Montgomery,446,0,442,0,4,0,504,0,11984,21,12488,21,0,7,-4,53,4,386,0,34,7
06-27-20,Moore,7,0,7,0,0,0,7,0,480,0,487,0,0,0,0,1,0,6,0,0,0
06-27-20,Morgan,23,0,23,0,0,0,26,0,3676,0,3702,0,0,1,0,2,0,20,0,1,1
06-27-20,Obion,90,3,88,3,2,0,98,3,2188,1,2286,4,0,2,2,15,1,73,1,13,2
06-27-20,Out of State,411,0,411,0,0,0,437,1,84580,204,85017,205,-1,7,-3,68,4,336,0,25,2
06-27-20,Overton,62,1,62,1,0,0,63,1,1990,4,2053,5,0,0,0,11,1,51,0,4,0
06-27-20,Pending,12,1,12,1,0,0,15,1,54696,218,54711,219,0,0,1,6,0,6,0,0,0
06-27-20,Perry,29,0,29,0,0,0,34,1,536,0,570,1,0,0,0,1,0,28,0,1,0
06-27-20,Pickett,6,0,6,0,0,0,6,0,462,1,468,1,0,0,0,2,0,4,0,0,0
06-27-20,Polk,41,0,40,0,1,0,45,0,918,0,963,0,0,0,0,5,0,36,0,3,0
06-27-20,Putnam,725,16,721,16,4,0,863,20,8495,57,9358,77,0,7,8,87,8,631,1,22,7
06-27-20,Rhea,260,1,260,1,0,0,275,1,2523,1,2798,2,0,0,-2,16,3,244,0,3,0
06-27-20,Roane,42,0,35,0,7,0,49,0,5227,7,5276,7,0,0,0,11,0,31,0,5,0
06-27-20,Robertson,760,0,757,0,3,0,926,0,5529,1,6455,1,0,11,-9,47,9,702,0,57,15
06-27-20,Rutherford,2389,7,2382,7,7,0,2832,11,19126,12,21958,23,0,34,-27,294,34,2061,1,122,36
06-27-20,Scott,14,0,13,0,1,0,13,0,1131,2,1144,2,0,0,0,0,0,14,0,0,0
06-27-20,Sequatchie,27,0,27,0,0,0,35,0,1238,0,1273,0,0,0,0,0,0,27,0,2,0
06-27-20,Sevier,543,5,506,3,37,2,538,1,7970,1,8508,2,0,3,-16,156,21,384,0,23,3
06-27-20,Shelby,9198,81,9180,81,18,0,10944,76,117706,506,128650,582,1,182,-71,1467,151,7549,6,914,197
06-27-20,Smith,67,0,64,0,3,0,71,0,1457,1,1528,1,0,1,-3,8,3,58,0,3,1
06-27-20,Stewart,19,0,19,0,0,0,19,0,728,1,747,1,0,0,0,2,0,17,0,2,0
06-27-20,Sullivan,83,1,80,1,3,0,82,1,6332,1,6414,2,0,2,0,11,1,70,0,9,2
06-27-20,Sumner,1333,0,1322,0,11,0,1689,0,11557,1,13246,1,0,51,-17,135,17,1147,0,226,54
06-27-20,Tipton,601,5,596,5,5,0,653,4,7035,14,7688,18,0,4,2,40,3,557,1,32,4
06-27-20,Trousdale,1476,0,1473,0,3,0,1516,0,2253,0,3769,0,0,5,0,10,0,1461,0,14,5
06-27-20,Unicoi,53,0,53,0,0,0,58,0,1219,0,1277,0,0,0,-1,0,1,53,0,1,0
06-27-20,Union,11,0,11,0,0,0,12,0,946,3,958,3,0,0,0,3,0,8,0,0,0
06-27-20,Van Buren,6,0,6,0,0,0,6,0,466,0,472,0,0,0,0,0,0,6,0,1,0
06-27-20,Warren,57,2,57,2,0,0,56,2,2676,17,2732,19,0,0,2,19,0,38,0,1,0
06-27-20,Washington,122,4,117,3,5,1,131,2,5919,0,6050,2,0,0,-2,24,6,98,0,7,0
06-27-20,Wayne,75,0,75,0,0,0,70,0,2486,0,2556,0,0,0,0,10,0,65,0,2,0
06-27-20,Weakley,56,2,56,2,0,0,56,1,2023,2,2079,3,0,1,1,11,1,44,1,4,1
06-27-20,White,63,0,61,0,2,0,73,0,2309,1,2382,1,0,3,-1,5,1,55,0,5,3
06-27-20,Williamson,921,12,917,12,4,0,1061,15,15829,162,16890,177,0,14,-4,139,16,768,0,52,13
06-27-20,Wilson,737,2,734,2,3,0,876,3,9522,11,10398,14,1,16,-17,134,18,587,0,54,17
06-26-20,Anderson,87,5,83,5,4,0,99,6,6967,28,7066,34,0,2,3,17,2,68,0,7,2
06-26-20,Bedford,487,21,487,21,0,0,535,9,3451,20,3986,29,0,4,15,78,6,405,1,23,5
06-26-20,Benton,11,0,10,0,1,0,11,0,1023,3,1034,3,0,1,0,2,0,8,0,2,1
06-26-20,Bledsoe,623,0,623,0,0,0,634,0,3604,6,4238,6,0,1,0,4,0,618,0,6,1
06-26-20,Blount,149,6,145,6,4,0,170,5,6167,69,6337,74,0,3,4,28,2,118,0,9,3
06-26-20,Bradley,441,13,427,13,14,0,478,13,5676,13,6154,26,0,3,2,109,11,329,0,31,3
06-26-20,Campbell,30,1,27,1,3,0,35,1,2480,8,2515,9,0,1,1,4,0,25,0,3,1
06-26-20,Cannon,25,0,25,0,0,0,41,0,903,11,944,11,0,0,0,1,0,24,0,4,0
06-26-20,Carroll,35,2,30,2,5,0,32,1,1827,9,1859,10,0,1,2,-1,0,35,0,5,1
06-26-20,Carter,54,1,49,1,5,0,46,1,2555,17,2601,18,0,1,1,24,0,29,0,3,1
06-26-20,Cheatham,202,3,202,3,0,0,243,2,2717,31,2960,33,0,0,1,25,2,177,0,14,1
06-26-20,Chester,19,0,19,0,0,0,21,0,865,6,886,6,0,0,0,4,0,15,0,2,0
06-26-20,Claiborne,19,2,19,2,0,0,21,1,1488,7,1509,8,0,0,2,5,0,14,0,1,0
06-26-20,Clay,18,0,18,0,0,0,19,0,643,5,662,5,0,0,0,4,0,14,0,0,0
06-26-20,Cocke,48,6,43,5,5,1,47,5,1867,37,1914,42,0,0,5,17,1,31,0,2,0
06-26-20,Coffee,102,1,101,1,1,0,121,0,3551,11,3672,11,0,0,-1,6,2,96,0,5,0
06-26-20,Crockett,28,1,26,1,2,0,32,0,734,2,766,2,0,3,0,4,1,21,0,2,3
06-26-20,Cumberland,168,2,164,2,4,0,215,2,6446,112,6661,114,0,3,2,21,0,144,0,14,3
06-26-20,Davidson,8727,181,8718,181,9,0,10290,228,86584,1174,96874,1402,2,105,55,1275,124,7347,5,543,117
06-26-20,Decatur,18,1,16,0,2,1,21,1,751,2,772,3,0,0,0,3,1,15,0,1,0
06-26-20,Dekalb,49,0,49,0,0,0,57,0,1734,17,1791,17,0,0,0,8,0,41,0,0,0
06-26-20,Dickson,163,4,163,4,0,0,214,2,3331,36,3545,38,0,0,3,17,1,146,0,13,0
06-26-20,Dyer,194,10,186,10,8,0,208,11,2511,26,2719,37,0,0,-4,54,14,140,3,17,1
06-26-20,Fayette,251,9,249,9,2,0,321,9,5003,75,5324,84,0,2,1,52,8,197,0,25,3
06-26-20,Fentress,16,1,16,1,0,0,16,1,1253,19,1269,20,0,0,1,1,0,15,0,1,0
06-26-20,Franklin,72,2,70,2,2,0,84,2,2673,4,2757,6,0,3,2,5,0,64,0,7,3
06-26-20,Gibson,91,6,85,4,6,2,99,5,3003,8,3102,13,0,1,4,11,2,79,1,6,1
06-26-20,Giles,47,2,47,2,0,0,52,1,1646,12,1698,13,0,0,2,24,0,23,0,4,1
06-26-20,Grainger,30,2,25,0,5,2,37,0,1235,13,1272,13,0,0,0,4,2,26,0,5,0
06-26-20,Greene,72,6,69,5,3,1,65,2,3429,30,3494,32,1,3,5,16,0,53,0,9,2
06-26-20,Grundy,58,0,58,0,0,0,62,0,825,1,887,1,0,1,-2,18,2,39,0,10,1
06-26-20,Hamblen,179,12,168,12,11,0,185,12,4972,63,5157,75,0,4,7,74,5,101,0,18,4
06-26-20,Hamilton,2206,65,2200,65,6,0,2308,57,30475,485,32783,542,0,29,17,236,48,1941,2,117,29
06-26-20,Hancock,3,0,3,0,0,0,2,0,337,1,339,1,0,0,-1,1,1,2,0,1,0
06-26-20,Hardeman,280,2,280,2,0,0,297,2,5965,15,6262,17,0,1,-22,23,24,256,2,14,2
06-26-20,Hardin,92,8,90,7,2,1,105,7,2587,30,2692,37,0,5,5,34,3,53,0,9,7
06-26-20,Hawkins,45,1,45,1,0,0,59,2,2705,15,2764,17,0,2,0,9,1,34,0,7,2
06-26-20,Haywood,66,3,64,2,2,1,69,3,1296,12,1365,15,0,2,1,20,2,44,0,10,2
06-26-20,Henderson,27,1,27,1,0,0,33,2,1473,8,1506,10,0,0,0,8,1,19,0,3,0
06-26-20,Henry,39,2,39,2,0,0,50,3,2301,6,2351,9,0,0,2,3,0,36,0,6,0
06-26-20,Hickman,67,1,67,1,0,0,91,1,1462,12,1553,13,0,0,1,5,0,62,0,2,0
06-26-20,Houston,11,0,11,0,0,0,15,0,659,3,674,3,0,0,0,0,0,11,0,5,0
06-26-20,Humphreys,20,1,19,1,1,0,25,0,1190,3,1215,3,0,1,1,2,0,17,0,1,1
06-26-20,Jackson,29,0,29,0,0,0,33,0,881,7,914,7,0,0,-1,2,1,27,0,2,0
06-26-20,Jefferson,88,5,81,4,7,1,83,4,3666,30,3749,34,0,0,0,28,5,60,2,6,0
06-26-20,Johnson,35,6,34,5,1,1,31,3,2446,6,2477,9,0,0,6,10,0,25,0,1,0
06-26-20,Knox,851,35,836,35,15,0,871,14,30603,338,31474,352,0,5,15,205,20,641,8,72,5
06-26-20,Lake,686,0,684,0,2,0,851,0,3688,7,4539,7,0,0,0,0,0,686,0,3,0
06-26-20,Lauderdale,97,10,95,10,2,0,112,8,4087,24,4199,32,0,2,10,24,0,71,0,13,2
06-26-20,Lawrence,112,12,112,12,0,0,114,5,2553,9,2667,14,1,4,4,38,7,70,2,12,4
06-26-20,Lewis,6,0,6,0,0,0,7,0,669,3,676,3,0,0,0,0,0,6,0,0,0
06-26-20,Lincoln,54,1,54,1,0,0,63,1,1966,5,2029,6,0,0,0,4,1,50,0,4,0
06-26-20,Loudon,245,2,230,2,15,0,252,2,3560,25,3812,27,0,1,-4,31,6,213,1,11,2
06-26-20,Macon,294,37,292,36,2,1,327,38,2113,36,2440,74,0,3,36,68,1,223,2,18,3
06-26-20,Madison,223,15,216,10,7,5,261,12,6770,27,7031,39,0,2,12,28,3,193,2,25,2
06-26-20,Marion,58,1,57,1,1,0,66,1,1495,12,1561,13,0,4,0,9,1,45,0,14,4
06-26-20,Marshall,62,7,62,7,0,0,63,4,1598,17,1661,21,0,1,6,12,1,49,0,7,1
06-26-20,Maury,272,12,272,12,0,0,303,5,4695,68,4998,73,0,2,6,81,6,189,2,15,3
06-26-20,McMinn,209,4,206,4,3,0,239,1,3801,4,4040,5,0,17,1,27,3,165,1,27,17
06-26-20,McNairy,50,3,50,3,0,0,56,5,1269,7,1325,12,0,0,1,14,2,36,1,4,0
06-26-20,Meigs,31,1,31,1,0,0,42,0,818,3,860,3,0,0,1,1,0,30,0,4,0
06-26-20,Monroe,124,2,115,1,9,1,133,2,1954,17,2087,19,0,4,-1,16,3,104,0,10,3
06-26-20,Montgomery,446,13,442,13,4,0,504,13,11963,166,12467,179,0,7,4,57,9,382,0,34,7
06-26-20,Moore,7,1,7,1,0,0,7,0,480,0,487,0,0,0,1,1,0,6,0,0,0
06-26-20,Morgan,23,0,23,0,0,0,26,0,3676,9,3702,9,0,1,0,2,0,20,0,1,1
06-26-20,Obion,87,9,85,9,2,0,95,5,2187,30,2282,35,0,2,9,13,0,72,1,12,2
06-26-20,Out of State,411,13,411,13,0,0,436,12,84376,927,84812,939,-1,8,7,71,7,332,0,25,2
06-26-20,Overton,61,3,61,3,0,0,62,2,1986,3,2048,5,0,0,1,11,2,50,1,4,0
06-26-20,Pending,11,4,11,4,0,0,14,5,54478,697,54492,702,0,0,3,5,1,6,0,0,0
06-26-20,Perry,29,1,29,1,0,0,33,0,536,1,569,1,0,0,-1,1,2,28,0,1,0
06-26-20,Pickett,6,0,6,0,0,0,6,0,461,1,467,1,0,0,0,2,0,4,0,0,0
06-26-20,Polk,41,2,40,2,1,0,45,1,918,4,963,5,0,0,1,5,1,36,0,3,0
06-26-20,Putnam,709,14,705,14,4,0,843,20,8438,113,9281,133,0,7,7,79,7,623,3,21,7
06-26-20,Rhea,259,2,259,2,0,0,274,3,2522,23,2796,26,0,0,0,18,2,241,0,3,0
06-26-20,Roane,42,1,35,1,7,0,49,4,5220,41,5269,45,0,0,1,11,0,31,0,5,0
06-26-20,Robertson,760,10,757,9,3,1,926,15,5528,145,6454,160,1,11,3,56,6,693,0,57,15
06-26-20,Rutherford,2382,31,2375,31,7,0,2821,52,19114,362,21935,414,0,34,-33,321,64,2027,0,121,36
06-26-20,Scott,14,0,13,0,1,0,13,0,1129,4,1142,4,0,0,0,0,0,14,0,0,0
06-26-20,Sequatchie,27,0,27,0,0,0,35,0,1238,5,1273,5,0,0,0,0,0,27,0,2,0
06-26-20,Sevier,538,22,503,20,35,2,537,23,7969,174,8506,197,0,3,-9,172,31,363,0,23,3
06-26-20,Shelby,9117,205,9099,205,18,0,10868,236,117200,2270,128068,2506,6,181,31,1538,168,7398,16,908,195
06-26-20,Smith,67,5,64,5,3,0,71,3,1456,35,1527,38,0,1,3,11,2,55,0,3,1
06-26-20,Stewart,19,0,19,0,0,0,19,0,727,12,746,12,0,0,0,2,0,17,0,2,0
06-26-20,Sullivan,82,4,79,4,3,0,81,2,6331,60,6412,62,0,2,3,11,1,69,1,9,2
06-26-20,Sumner,1333,27,1322,27,11,0,1689,32,11556,166,13245,198,0,51,18,152,9,1130,0,226,54
06-26-20,Tipton,596,8,591,7,5,1,649,7,7021,162,7670,169,0,4,3,38,5,554,0,31,4
06-26-20,Trousdale,1476,2,1473,2,3,0,1516,3,2253,8,3769,11,0,5,-2,10,4,1461,0,14,5
06-26-20,Unicoi,53,0,53,0,0,0,58,0,1219,4,1277,4,0,0,0,1,0,52,0,1,0
06-26-20,Union,11,0,11,0,0,0,12,1,943,4,955,5,0,0,0,3,0,8,0,0,0
06-26-20,Van Buren,6,0,6,0,0,0,6,0,466,18,472,18,0,0,0,0,0,6,0,1,0
06-26-20,Warren,55,1,55,1,0,0,54,1,2659,25,2713,26,0,0,1,17,0,38,0,1,0
06-26-20,Washington,118,4,114,2,4,2,129,2,5919,45,6048,47,0,0,3,26,1,92,0,7,0
06-26-20,Wayne,75,4,75,4,0,0,70,0,2486,3,2556,3,0,0,4,10,0,65,0,2,0
06-26-20,Weakley,54,3,54,3,0,0,55,3,2021,49,2076,52,0,1,1,10,2,43,0,3,1
06-26-20,White,63,0,61,0,2,0,73,0,2308,26,2381,26,0,3,-1,6,1,54,0,5,3
06-26-20,Williamson,909,35,905,35,4,0,1046,41,15667,454,16713,495,0,14,21,143,14,752,1,52,13
06-26-20,Wilson,735,18,732,18,3,0,873,31,9511,148,10384,179,0,15,4,151,14,569,1,54,16
06-25-20,Anderson,82,4,78,4,4,0,93,3,6939,129,7032,132,0,2,0,14,4,66,0,7,2
06-25-20,Bedford,466,12,466,12,0,0,526,10,3431,20,3957,30,0,4,4,63,8,399,2,22,5
06-25-20,Benton,11,0,10,0,1,0,11,1,1020,8,1031,9,0,1,0,2,0,8,0,2,1
06-25-20,Bledsoe,623,0,623,0,0,0,634,0,3598,5,4232,5,0,1,0,4,0,618,0,6,1
06-25-20,Blount,143,2,139,2,4,0,165,3,6098,197,6263,200,0,3,-2,24,4,116,0,9,3
06-25-20,Bradley,428,9,414,9,14,0,465,14,5663,78,6128,92,0,3,-6,107,15,318,0,31,3
06-25-20,Campbell,29,0,26,0,3,0,34,0,2472,32,2506,32,0,1,-2,3,2,25,0,3,1
06-25-20,Cannon,25,2,25,2,0,0,41,3,892,12,933,15,0,0,2,1,0,24,0,4,0
06-25-20,Carroll,33,0,28,0,5,0,31,0,1818,16,1849,16,0,1,0,-3,0,35,0,5,1
06-25-20,Carter,53,6,48,2,5,4,45,4,2538,14,2583,18,0,1,2,23,4,29,0,3,1
06-25-20,Cheatham,199,2,199,2,0,0,241,4,2686,50,2927,54,0,0,-1,24,3,175,0,14,1
06-25-20,Chester,19,1,19,1,0,0,21,1,859,4,880,5,0,0,1,4,0,15,0,2,0
06-25-20,Claiborne,17,0,17,0,0,0,20,0,1481,130,1501,130,0,0,0,3,0,14,0,1,0
06-25-20,Clay,18,1,18,1,0,0,19,1,638,3,657,4,0,0,1,4,0,14,0,0,0
06-25-20,Cocke,42,2,38,1,4,1,42,1,1830,43,1872,44,0,0,2,12,0,30,0,2,0
06-25-20,Coffee,101,1,100,1,1,0,121,1,3540,20,3661,21,0,0,-1,7,2,94,0,5,0
06-25-20,Crockett,27,0,25,0,2,0,32,0,732,11,764,11,0,3,0,4,0,20,0,2,3
06-25-20,Cumberland,166,4,162,4,4,0,213,5,6334,110,6547,115,0,3,2,19,2,144,0,14,3
06-25-20,Davidson,8546,265,8537,265,9,0,10062,287,85410,2282,95472,2569,1,103,144,1220,120,7223,6,538,113
06-25-20,Decatur,17,0,16,0,1,0,20,0,749,14,769,14,0,0,0,3,0,14,0,1,0
06-25-20,Dekalb,49,4,49,4,0,0,57,3,1717,16,1774,19,0,0,4,8,0,41,0,0,0
06-25-20,Dickson,159,5,159,5,0,0,212,3,3295,50,3507,53,0,0,1,14,4,145,0,13,0
06-25-20,Dyer,184,1,176,1,8,0,197,4,2485,33,2682,37,0,0,-4,58,5,126,0,14,0
06-25-20,Fayette,242,3,240,3,2,0,312,6,4928,73,5240,79,0,2,1,51,2,189,0,25,3
06-25-20,Fentress,15,0,15,0,0,0,15,0,1234,9,1249,9,0,0,0,0,0,15,0,1,0
06-25-20,Franklin,70,1,68,1,2,0,82,0,2669,7,2751,7,0,3,1,3,0,64,0,7,3
06-25-20,Gibson,85,1,81,1,4,0,94,2,2995,22,3089,24,0,1,-1,7,2,77,0,5,1
06-25-20,Giles,45,0,45,0,0,0,51,0,1634,14,1685,14,0,0,0,22,0,23,0,4,1
06-25-20,Grainger,28,1,25,1,3,0,37,2,1222,35,1259,37,0,0,1,4,0,24,1,5,0
06-25-20,Greene,66,2,64,2,2,0,63,0,3399,22,3462,22,0,2,2,11,0,53,0,9,2
06-25-20,Grundy,58,1,58,1,0,0,62,0,824,7,886,7,0,1,-2,20,3,37,0,10,1
06-25-20,Hamblen,167,11,156,10,11,1,173,14,4909,181,5082,195,0,4,3,67,8,96,1,18,4
06-25-20,Hamilton,2141,60,2135,59,6,1,2251,53,29990,691,32241,744,0,29,11,219,49,1893,3,115,29
06-25-20,Hancock,3,0,3,0,0,0,2,0,336,11,338,11,0,0,0,2,0,1,0,1,0
06-25-20,Hardeman,278,6,278,6,0,0,295,6,5950,23,6245,29,0,1,4,45,2,232,0,12,2
06-25-20,Hardin,84,1,83,1,1,0,98,4,2557,29,2655,33,0,5,0,29,1,50,0,9,5
06-25-20,Hawkins,44,2,44,2,0,0,57,1,2690,24,2747,25,0,2,2,9,0,33,1,7,2
06-25-20,Haywood,63,0,62,0,1,0,66,1,1284,9,1350,10,0,2,-1,19,1,42,0,10,2
06-25-20,Henderson,26,1,26,1,0,0,31,1,1465,11,1496,12,0,0,1,8,0,18,0,3,0
06-25-20,Henry,37,1,37,1,0,0,47,0,2295,13,2342,13,0,0,1,1,0,36,0,6,0
06-25-20,Hickman,66,0,66,0,0,0,90,0,1450,14,1540,14,0,0,0,4,0,62,0,2,0
06-25-20,Houston,11,0,11,0,0,0,15,0,656,2,671,2,0,0,0,0,0,11,0,5,0
06-25-20,Humphreys,19,1,18,1,1,0,25,1,1187,14,1212,15,0,1,1,1,0,17,0,1,1
06-25-20,Jackson,29,0,29,0,0,0,33,0,874,5,907,5,0,0,0,3,0,26,0,2,0
06-25-20,Jefferson,83,3,77,3,6,0,79,3,3636,112,3715,115,0,0,1,28,2,55,0,4,0
06-25-20,Johnson,29,0,29,0,0,0,28,0,2440,1,2468,1,0,0,0,4,0,25,0,1,0
06-25-20,Knox,816,32,801,32,15,0,857,57,30265,723,31122,780,0,5,13,190,19,621,1,64,5
06-25-20,Lake,686,0,684,0,2,0,851,0,3681,3,4532,3,0,0,0,0,0,686,0,3,0
06-25-20,Lauderdale,87,1,85,1,2,0,104,2,4063,27,4167,29,1,2,-3,14,3,71,0,13,2
06-25-20,Lawrence,100,4,100,4,0,0,109,1,2544,16,2653,17,0,3,-1,34,5,63,0,10,4
06-25-20,Lewis,6,0,6,0,0,0,7,0,666,6,673,6,0,0,0,0,0,6,0,0,0
06-25-20,Lincoln,53,0,53,0,0,0,62,0,1961,7,2023,7,0,0,-3,4,3,49,0,4,0
06-25-20,Loudon,243,7,228,7,15,0,250,7,3535,89,3785,96,0,1,5,35,2,207,0,10,2
06-25-20,Macon,257,14,256,14,1,0,289,15,2077,39,2366,54,0,3,12,32,2,222,1,16,3
06-25-20,Madison,208,5,206,5,2,0,249,5,6743,45,6992,50,0,2,4,16,1,190,0,23,2
06-25-20,Marion,57,1,56,1,1,0,65,1,1483,9,1548,10,0,4,1,9,0,44,0,14,4
06-25-20,Marshall,55,6,55,6,0,0,59,1,1581,11,1640,12,0,1,5,6,1,48,1,7,1
06-25-20,Maury,260,11,260,11,0,0,298,11,4627,40,4925,51,0,2,3,75,8,183,0,13,3
06-25-20,McMinn,205,3,202,2,3,1,238,3,3797,23,4035,26,0,17,3,26,0,162,0,26,17
06-25-20,McNairy,47,2,47,2,0,0,51,2,1262,17,1313,19,0,0,-1,13,3,34,0,3,0
06-25-20,Meigs,30,0,30,0,0,0,42,0,815,10,857,10,0,0,0,0,0,30,0,4,0
06-25-20,Monroe,122,0,114,0,8,0,131,1,1937,77,2068,78,0,4,-1,17,1,101,0,10,3
06-25-20,Montgomery,433,12,429,12,4,0,491,14,11797,55,12288,69,1,7,5,53,6,373,1,34,7
06-25-20,Moore,6,0,6,0,0,0,7,0,480,4,487,4,0,0,0,0,0,6,0,0,0
06-25-20,Morgan,23,0,23,0,0,0,26,0,3667,21,3693,21,0,1,0,2,0,20,0,1,1
06-25-20,Obion,78,1,76,1,2,0,90,2,2157,29,2247,31,1,2,-5,4,5,72,0,11,2
06-25-20,Out of State,398,25,398,25,0,0,424,24,83449,1496,83873,1520,1,9,17,64,7,325,1,25,2
06-25-20,Overton,58,2,58,2,0,0,60,2,1983,46,2043,48,0,0,2,10,0,48,0,3,0
06-25-20,Pending,7,1,7,1,0,0,9,2,53781,780,53790,782,0,0,1,2,0,5,0,0,0
06-25-20,Perry,28,0,28,0,0,0,33,0,535,3,568,3,0,0,0,2,0,26,0,1,0
06-25-20,Pickett,6,0,6,0,0,0,6,0,460,0,466,0,0,0,0,2,0,4,0,0,0
06-25-20,Polk,39,0,38,0,1,0,44,0,914,6,958,6,0,0,-1,4,1,35,0,3,0
06-25-20,Putnam,695,3,691,3,4,0,823,3,8325,85,9148,88,0,7,-11,72,14,616,0,18,7
06-25-20,Rhea,257,0,257,0,0,0,271,1,2499,47,2770,48,0,0,-3,18,3,239,0,3,0
06-25-20,Roane,41,1,34,1,7,0,45,1,5179,80,5224,81,0,0,1,10,0,31,0,5,0
06-25-20,Robertson,750,15,748,15,2,0,911,14,5383,64,6294,78,0,10,7,53,8,687,0,57,13
06-25-20,Rutherford,2351,68,2344,68,7,0,2769,89,18752,306,21521,395,1,34,14,354,53,1963,2,121,36
06-25-20,Scott,14,0,13,0,1,0,13,0,1125,21,1138,21,0,0,0,0,0,14,0,0,0
06-25-20,Sequatchie,27,0,27,0,0,0,35,0,1233,7,1268,7,0,0,0,0,0,27,0,2,0
06-25-20,Sevier,516,11,483,9,33,2,514,16,7795,270,8309,286,0,3,-17,181,28,332,0,23,3
06-25-20,Shelby,8912,322,8894,322,18,0,10632,373,114930,2920,125562,3293,5,175,166,1507,151,7230,24,892,192
06-25-20,Smith,62,6,59,6,3,0,68,3,1421,10,1489,13,0,1,5,8,1,53,0,3,1
06-25-20,Stewart,19,0,19,0,0,0,19,0,715,8,734,8,0,0,0,2,0,17,0,2,0
06-25-20,Sullivan,78,1,75,1,3,0,79,1,6271,38,6350,39,0,2,0,8,1,68,0,8,2
06-25-20,Sumner,1306,32,1295,32,11,0,1657,43,11390,222,13047,265,0,51,14,134,18,1121,2,226,53
06-25-20,Tipton,588,1,584,1,4,0,642,7,6859,137,7501,144,0,4,-6,35,7,549,0,31,4
06-25-20,Trousdale,1474,3,1471,3,3,0,1513,6,2245,17,3758,23,0,5,3,12,0,1457,0,14,5
06-25-20,Unicoi,53,0,53,0,0,0,58,0,1215,24,1273,24,0,0,0,1,0,52,0,1,0
06-25-20,Union,11,2,11,2,0,0,11,1,939,14,950,15,0,0,1,3,1,8,0,0,0
06-25-20,Van Buren,6,0,6,0,0,0,6,0,448,3,454,3,0,0,0,0,0,6,0,1,0
06-25-20,Warren,54,3,54,3,0,0,53,2,2634,28,2687,30,0,0,-1,16,4,38,0,1,0
06-25-20,Washington,114,6,112,6,2,0,127,3,5874,32,6001,35,0,0,5,23,1,91,0,7,0
06-25-20,Wayne,71,0,71,0,0,0,70,1,2483,0,2553,1,0,0,0,6,0,65,0,2,0
06-25-20,Weakley,51,1,51,1,0,0,52,1,1972,43,2024,44,0,1,1,9,0,41,0,3,1
06-25-20,White,63,3,61,3,2,0,73,5,2282,13,2355,18,0,3,1,7,2,53,0,5,3
06-25-20,Williamson,874,35,870,35,4,0,1005,38,15213,172,16218,210,0,14,18,122,17,738,1,51,12
06-25-20,Wilson,717,27,714,27,3,0,842,33,9363,132,10205,165,0,15,18,147,9,555,0,53,16
06-24-20,Anderson,78,1,74,1,4,0,90,3,6810,19,6900,22,0,2,-2,14,3,62,0,7,2
06-24-20,Bedford,454,6,454,6,0,0,516,15,3411,42,3927,57,0,4,4,59,2,391,0,20,5
06-24-20,Benton,11,2,10,1,1,1,10,0,1012,6,1022,6,0,1,2,2,0,8,0,2,1
06-24-20,Bledsoe,623,3,623,3,0,0,634,3,3593,8,4227,11,0,1,3,4,0,618,0,6,1
06-24-20,Blount,141,8,137,8,4,0,162,8,5901,25,6063,33,0,3,3,26,5,112,0,9,3
06-24-20,Bradley,419,18,405,18,14,0,451,21,5585,123,6036,144,0,3,10,113,8,303,1,31,3
06-24-20,Campbell,29,1,26,1,3,0,34,1,2440,5,2474,6,0,1,1,5,0,23,0,3,1
06-24-20,Cannon,23,0,23,0,0,0,38,1,880,16,918,17,0,0,-1,-1,1,24,0,4,0
06-24-20,Carroll,33,0,28,0,5,0,31,0,1802,9,1833,9,0,1,0,-3,0,35,0,5,1
06-24-20,Carter,47,8,46,8,1,0,41,3,2524,61,2565,64,0,1,8,21,0,25,1,3,1
06-24-20,Cheatham,197,9,197,9,0,0,237,9,2636,55,2873,64,0,0,9,25,0,172,0,14,0
06-24-20,Chester,18,1,18,1,0,0,20,1,855,3,875,4,0,0,1,3,0,15,0,2,0
06-24-20,Claiborne,17,0,17,0,0,0,20,0,1351,8,1371,8,0,0,0,3,0,14,0,1,0
06-24-20,Clay,17,0,17,0,0,0,18,0,635,3,653,3,0,0,0,3,0,14,0,0,0
06-24-20,Cocke,40,7,37,7,3,0,41,6,1787,13,1828,19,0,0,7,10,0,30,1,2,0
06-24-20,Coffee,100,1,99,1,1,0,120,2,3520,52,3640,54,0,0,1,8,0,92,0,5,0
06-24-20,Crockett,27,0,25,0,2,0,32,0,721,0,753,0,0,3,0,4,0,20,0,2,3
06-24-20,Cumberland,162,8,158,8,4,0,208,9,6224,143,6432,152,0,3,6,17,2,142,0,14,3
06-24-20,Davidson,8281,189,8272,189,9,0,9775,220,83128,868,92903,1088,4,102,34,1076,151,7103,13,532,111
06-24-20,Decatur,17,1,16,0,1,1,20,0,735,4,755,4,0,0,1,3,0,14,0,1,0
06-24-20,Dekalb,45,2,45,2,0,0,54,2,1701,5,1755,7,0,0,2,4,0,41,0,0,0
06-24-20,Dickson,154,0,154,0,0,0,209,2,3245,16,3454,18,0,0,-2,13,2,141,0,13,0
06-24-20,Dyer,183,4,175,4,8,0,193,4,2452,52,2645,56,0,0,-10,62,14,121,0,14,0
06-24-20,Fayette,239,4,237,4,2,0,306,5,4855,59,5161,64,0,2,1,50,3,187,0,25,3
06-24-20,Fentress,15,0,15,0,0,0,15,0,1225,16,1240,16,0,0,-1,0,1,15,0,1,0
06-24-20,Franklin,69,0,67,0,2,0,82,0,2662,37,2744,37,0,3,0,2,0,64,0,7,3
06-24-20,Gibson,84,2,80,2,4,0,92,2,2973,15,3065,17,0,1,2,8,0,75,0,5,1
06-24-20,Giles,45,1,45,1,0,0,51,1,1620,21,1671,22,0,0,1,22,0,23,0,4,0
06-24-20,Grainger,27,0,24,0,3,0,35,1,1187,6,1222,7,0,0,0,3,0,24,0,4,0
06-24-20,Greene,64,8,62,8,2,0,63,3,3377,28,3440,31,0,2,8,9,0,53,1,9,2
06-24-20,Grundy,57,2,57,2,0,0,62,2,817,11,879,13,0,1,1,22,1,34,0,10,1
06-24-20,Hamblen,156,6,146,6,10,0,159,7,4728,16,4887,23,0,4,1,64,5,88,0,17,4
06-24-20,Hamilton,2081,9,2076,9,5,0,2198,14,29299,222,31497,236,1,29,-48,208,56,1844,0,112,29
06-24-20,Hancock,3,0,3,0,0,0,2,0,325,3,327,3,0,0,0,2,0,1,0,1,0
06-24-20,Hardeman,272,9,272,9,0,0,289,9,5927,53,6216,62,0,1,4,41,5,230,1,12,1
06-24-20,Hardin,83,6,82,5,1,1,94,3,2528,16,2622,19,0,5,2,29,4,49,0,9,5
06-24-20,Hawkins,42,0,42,0,0,0,56,2,2666,38,2722,40,0,2,0,7,0,33,0,6,2
06-24-20,Haywood,63,2,62,2,1,0,65,5,1275,11,1340,16,0,2,0,20,2,41,0,10,2
06-24-20,Henderson,25,1,25,1,0,0,30,1,1454,9,1484,10,0,0,0,7,1,18,0,3,0
06-24-20,Henry,36,0,36,0,0,0,47,0,2282,12,2329,12,0,0,0,0,0,36,0,6,0
06-24-20,Hickman,66,1,66,1,0,0,90,0,1436,21,1526,21,0,0,0,4,1,62,0,2,0
06-24-20,Houston,11,0,11,0,0,0,15,0,654,0,669,0,0,0,0,0,0,11,0,5,0
06-24-20,Humphreys,18,0,17,0,1,0,24,0,1173,8,1197,8,0,1,0,0,0,17,0,1,1
06-24-20,Jackson,29,0,29,0,0,0,33,0,869,13,902,13,0,0,-1,3,1,26,0,2,0
06-24-20,Jefferson,80,7,74,6,6,1,76,6,3524,27,3600,33,0,0,3,27,4,53,1,4,0
06-24-20,Johnson,29,2,29,2,0,0,28,1,2439,9,2467,10,0,0,2,4,0,25,0,1,0
06-24-20,Knox,784,35,769,34,15,1,800,34,29542,228,30342,262,0,5,21,177,14,602,1,63,5
06-24-20,Lake,686,0,684,0,2,0,851,0,3678,5,4529,5,0,0,0,0,0,686,0,3,0
06-24-20,Lauderdale,86,4,84,4,2,0,102,2,4036,22,4138,24,0,1,2,17,2,68,1,13,2
06-24-20,Lawrence,96,5,96,5,0,0,108,9,2528,50,2636,59,0,3,2,35,3,58,2,10,3
06-24-20,Lewis,6,0,6,0,0,0,7,0,660,13,667,13,0,0,-1,0,1,6,0,0,0
06-24-20,Lincoln,53,0,53,0,0,0,62,0,1954,23,2016,23,0,0,-4,7,4,46,0,4,0
06-24-20,Loudon,236,1,221,1,15,0,243,0,3446,16,3689,16,0,1,-6,30,7,205,0,10,2
06-24-20,Macon,243,6,242,5,1,1,274,5,2038,18,2312,23,0,3,4,20,2,220,0,15,3
06-24-20,Madison,203,2,201,2,2,0,244,4,6698,30,6942,34,0,2,1,12,1,189,1,23,2
06-24-20,Marion,56,1,55,1,1,0,64,3,1474,14,1538,17,0,4,1,8,0,44,0,14,4
06-24-20,Marshall,49,0,49,0,0,0,58,0,1570,30,1628,30,0,1,-1,1,1,47,0,6,1
06-24-20,Maury,249,7,249,7,0,0,287,13,4587,194,4874,207,0,2,-3,72,10,175,0,13,3
06-24-20,McMinn,202,8,200,8,2,0,235,9,3774,32,4009,41,1,17,3,23,4,162,1,26,17
06-24-20,McNairy,45,1,45,1,0,0,49,1,1245,10,1294,11,0,0,-2,14,3,31,1,3,0
06-24-20,Meigs,30,0,30,0,0,0,42,0,805,2,847,2,0,0,-1,0,1,30,0,4,0
06-24-20,Monroe,122,1,114,1,8,0,130,1,1860,9,1990,10,0,4,-3,18,4,100,0,10,3
06-24-20,Montgomery,421,9,417,9,4,0,477,9,11742,171,12219,180,1,6,1,48,7,367,0,33,7
06-24-20,Moore,6,0,6,0,0,0,7,0,476,5,483,5,0,0,0,0,0,6,0,0,0
06-24-20,Morgan,23,0,23,0,0,0,26,0,3646,11,3672,11,0,1,-1,2,1,20,0,1,1
06-24-20,Obion,77,0,75,0,2,0,88,0,2128,21,2216,21,0,1,-3,9,3,67,0,11,2
06-24-20,Out of State,373,5,373,5,0,0,400,5,81953,568,82353,573,0,8,-1,47,6,318,1,24,2
06-24-20,Overton,56,4,56,4,0,0,58,4,1937,25,1995,29,0,0,2,8,2,48,0,3,0
06-24-20,Pending,6,2,6,2,0,0,7,1,53001,563,53008,564,0,0,2,1,0,5,0,0,0
06-24-20,Perry,28,0,28,0,0,0,33,0,532,3,565,3,0,0,0,2,0,26,0,1,0
06-24-20,Pickett,6,1,6,1,0,0,6,1,460,3,466,4,0,0,1,2,0,4,0,0,0
06-24-20,Polk,39,0,38,0,1,0,44,1,908,19,952,20,0,0,-1,5,1,34,0,3,0
06-24-20,Putnam,692,25,688,25,4,0,820,30,8240,293,9060,323,0,7,12,83,13,602,1,18,7
06-24-20,Rhea,257,2,257,2,0,0,270,3,2452,41,2722,44,0,0,0,21,2,236,0,3,0
06-24-20,Roane,40,1,33,1,7,0,44,4,5099,51,5143,55,0,0,1,9,0,31,0,5,0
06-24-20,Robertson,735,7,733,7,2,0,897,18,5319,71,6216,89,0,10,-9,46,16,679,1,57,13
06-24-20,Rutherford,2283,67,2276,66,7,1,2680,78,18446,312,21126,390,0,33,10,340,57,1910,0,119,36
06-24-20,Scott,14,0,13,0,1,0,13,0,1104,7,1117,7,0,0,0,0,0,14,0,0,0
06-24-20,Sequatchie,27,0,27,0,0,0,35,0,1226,11,1261,11,0,0,0,0,0,27,0,2,0
06-24-20,Sevier,505,40,474,40,31,0,498,46,7525,191,8023,237,0,3,18,198,22,304,1,23,3
06-24-20,Shelby,8590,165,8572,165,18,0,10259,196,112010,1197,122269,1393,4,170,-36,1341,197,7079,15,868,190
06-24-20,Smith,56,4,53,3,3,1,65,3,1411,22,1476,25,0,1,2,3,2,52,0,3,1
06-24-20,Stewart,19,0,19,0,0,0,19,1,707,7,726,8,0,0,0,2,0,17,0,2,0
06-24-20,Sullivan,77,0,74,0,3,0,78,1,6233,53,6311,54,0,2,0,8,0,67,0,8,2
06-24-20,Sumner,1274,34,1263,34,11,0,1614,37,11168,119,12782,156,2,51,20,120,12,1103,1,224,53
06-24-20,Tipton,587,10,583,10,4,0,635,10,6722,120,7357,130,0,4,3,41,7,542,0,31,4
06-24-20,Trousdale,1471,2,1468,2,3,0,1507,4,2228,8,3735,12,0,5,0,9,2,1457,0,14,5
06-24-20,Unicoi,53,0,53,0,0,0,58,0,1191,5,1249,5,0,0,0,1,0,52,0,1,0
06-24-20,Union,9,0,9,0,0,0,10,0,925,1,935,1,0,0,0,2,0,7,0,0,0
06-24-20,Van Buren,6,0,6,0,0,0,6,0,445,11,451,11,0,0,0,0,0,6,0,1,0
06-24-20,Warren,51,9,51,9,0,0,51,9,2606,44,2657,53,0,0,8,17,1,34,0,1,0
06-24-20,Washington,108,3,106,3,2,0,124,4,5842,82,5966,86,0,0,2,18,1,90,0,7,0
06-24-20,Wayne,71,1,71,1,0,0,69,3,2483,22,2552,25,0,0,0,6,1,65,0,2,0
06-24-20,Weakley,50,1,50,1,0,0,51,1,1929,25,1980,26,1,1,0,8,0,41,0,3,1
06-24-20,White,60,1,58,1,2,0,68,1,2269,67,2337,68,0,3,-1,6,2,51,0,5,3
06-24-20,Williamson,839,27,835,27,4,0,967,30,15041,315,16008,345,0,14,13,104,14,721,0,50,12
06-24-20,Wilson,690,22,687,22,3,0,809,29,9231,136,10040,165,0,15,13,129,9,546,2,53,15
06-23-20,Anderson,77,0,73,0,4,0,87,1,6791,85,6878,86,0,2,-1,16,1,59,0,7,2
06-23-20,Bedford,448,7,448,7,0,0,501,1,3369,8,3870,9,0,4,-2,55,9,389,0,20,5
06-23-20,Benton,9,1,9,1,0,0,10,1,1006,11,1016,12,0,1,1,0,0,8,0,2,1
06-23-20,Bledsoe,620,0,620,0,0,0,631,0,3585,2,4216,2,0,1,0,1,0,618,0,6,1
06-23-20,Blount,133,2,129,2,4,0,154,3,5876,109,6030,112,0,3,1,23,1,107,0,9,3
06-23-20,Bradley,401,10,387,10,14,0,430,7,5462,35,5892,42,0,3,-2,103,12,295,1,30,3
06-23-20,Campbell,28,1,25,1,3,0,33,1,2435,18,2468,19,0,1,0,4,1,23,1,3,1
06-23-20,Cannon,23,0,23,0,0,0,37,0,864,8,901,8,0,0,0,0,0,23,0,4,0
06-23-20,Carroll,33,0,28,0,5,0,31,0,1793,21,1824,21,0,1,-1,-3,1,35,0,5,1
06-23-20,Carter,39,3,38,3,1,0,38,1,2463,17,2501,18,0,1,2,13,1,25,0,2,1
06-23-20,Cheatham,188,1,188,1,0,0,228,6,2581,57,2809,63,0,0,-1,16,2,172,0,14,0
06-23-20,Chester,17,1,17,1,0,0,19,2,852,5,871,7,0,0,1,2,0,15,0,2,0
06-23-20,Claiborne,17,1,17,1,0,0,20,0,1343,21,1363,21,0,0,0,3,1,14,0,1,0
06-23-20,Clay,17,1,17,1,0,0,18,1,632,8,650,9,0,0,1,3,0,14,0,0,0
06-23-20,Cocke,33,1,30,1,3,0,35,2,1774,41,1809,43,0,0,0,3,1,30,0,1,0
06-23-20,Coffee,99,2,98,2,1,0,118,1,3468,13,3586,14,0,0,1,7,1,92,0,5,0
06-23-20,Crockett,27,1,25,1,2,0,32,1,721,14,753,15,0,3,-1,4,2,20,0,2,3
06-23-20,Cumberland,154,1,150,1,4,0,199,1,6081,13,6280,14,0,3,-2,11,3,140,0,14,3
06-23-20,Davidson,8092,286,8083,286,9,0,9555,322,82260,1765,91815,2087,2,98,159,1042,125,6952,8,519,109
06-23-20,Decatur,16,1,16,1,0,0,20,1,731,12,751,13,0,0,1,2,0,14,0,1,0
06-23-20,Dekalb,43,0,43,0,0,0,52,1,1696,17,1748,18,0,0,0,2,0,41,0,0,0
06-23-20,Dickson,154,0,154,0,0,0,207,0,3229,49,3436,49,0,0,-3,15,3,139,0,13,0
06-23-20,Dyer,179,8,171,8,8,0,189,9,2400,55,2589,64,0,0,1,72,7,107,2,14,0
06-23-20,Fayette,235,12,233,11,2,1,301,12,4796,91,5097,103,0,2,7,49,5,184,1,25,3
06-23-20,Fentress,15,0,15,0,0,0,15,0,1209,7,1224,7,0,0,-1,1,1,14,0,1,0
06-23-20,Franklin,69,0,67,0,2,0,82,0,2625,4,2707,4,1,3,-5,2,4,64,0,7,3
06-23-20,Gibson,82,3,78,3,4,0,90,3,2958,22,3048,25,0,1,3,6,0,75,0,5,1
06-23-20,Giles,44,5,44,5,0,0,50,6,1599,6,1649,12,0,0,3,21,2,23,0,4,0
06-23-20,Grainger,27,0,24,0,3,0,34,0,1181,30,1215,30,0,0,-2,3,2,24,0,4,0
06-23-20,Greene,56,1,54,1,2,0,60,0,3349,20,3409,20,0,2,1,1,0,53,0,8,2
06-23-20,Grundy,55,1,55,1,0,0,60,0,806,6,866,6,0,1,-2,21,3,33,0,10,1
06-23-20,Hamblen,150,29,140,29,10,0,152,29,4712,197,4864,226,0,4,25,63,4,83,0,17,4
06-23-20,Hamilton,2072,55,2067,55,5,0,2184,53,29077,419,31261,472,2,28,2,256,51,1788,2,112,29
06-23-20,Hancock,3,0,3,0,0,0,2,0,322,4,324,4,0,0,0,2,0,1,0,1,0
06-23-20,Hardeman,263,2,263,2,0,0,280,4,5874,46,6154,50,0,1,-1,37,3,225,0,11,1
06-23-20,Hardin,77,3,77,3,0,0,91,8,2512,89,2603,97,0,5,1,27,2,45,0,9,5
06-23-20,Hawkins,42,1,42,1,0,0,54,1,2628,23,2682,24,0,2,1,7,0,33,0,6,2
06-23-20,Haywood,61,3,60,3,1,0,60,5,1264,27,1324,32,0,2,2,20,1,39,0,10,2
06-23-20,Henderson,24,1,24,1,0,0,29,2,1445,14,1474,16,0,0,1,7,0,17,1,3,0
06-23-20,Henry,36,0,36,0,0,0,47,0,2270,29,2317,29,0,0,-1,0,1,36,0,6,0
06-23-20,Hickman,65,1,65,1,0,0,90,1,1415,10,1505,11,0,0,1,4,0,61,0,2,0
06-23-20,Houston,11,0,11,0,0,0,15,0,654,5,669,5,0,0,0,0,0,11,0,5,0
06-23-20,Humphreys,18,0,17,0,1,0,24,0,1165,4,1189,4,0,1,0,0,0,17,0,1,1
06-23-20,Jackson,29,0,29,0,0,0,33,0,856,8,889,8,0,0,0,4,0,25,0,2,0
06-23-20,Jefferson,73,10,68,10,5,0,70,12,3497,73,3567,85,0,0,8,24,2,49,2,3,0
06-23-20,Johnson,27,0,27,0,0,0,27,0,2430,8,2457,8,0,0,0,2,0,25,0,1,0
06-23-20,Knox,749,27,735,24,14,3,766,23,29314,193,30080,216,0,5,19,156,8,588,4,62,5
06-23-20,Lake,686,0,684,0,2,0,851,1,3673,9,4524,10,0,0,0,0,0,686,0,3,0
06-23-20,Lauderdale,82,3,80,3,2,0,100,5,4014,51,4114,56,0,1,0,15,3,66,1,12,1
06-23-20,Lawrence,91,2,91,2,0,0,99,2,2478,12,2577,14,1,3,-2,33,3,55,0,8,3
06-23-20,Lewis,6,0,6,0,0,0,7,0,647,4,654,4,0,0,0,1,0,5,0,0,0
06-23-20,Lincoln,53,2,53,2,0,0,62,1,1931,2,1993,3,0,0,-1,11,3,42,0,4,0
06-23-20,Loudon,235,4,220,4,15,0,243,8,3430,26,3673,34,0,1,4,36,0,198,0,10,2
06-23-20,Macon,237,10,237,10,0,0,269,10,2020,34,2289,44,0,3,7,16,3,218,0,15,3
06-23-20,Madison,201,1,199,1,2,0,240,1,6668,51,6908,52,0,2,0,11,1,188,0,22,2
06-23-20,Marion,55,0,54,0,1,0,61,1,1460,1,1521,2,1,4,-2,7,1,44,0,14,4
06-23-20,Marshall,49,1,49,1,0,0,58,0,1540,12,1598,12,0,1,0,2,1,46,0,6,1
06-23-20,Maury,242,2,242,2,0,0,274,9,4393,38,4667,47,0,2,-6,75,8,165,0,13,3
06-23-20,McMinn,194,6,192,5,2,1,226,4,3742,19,3968,23,1,16,3,20,2,158,0,25,17
06-23-20,McNairy,44,4,44,4,0,0,48,3,1235,20,1283,23,0,0,1,16,3,28,0,2,0
06-23-20,Meigs,30,0,30,0,0,0,42,0,803,6,845,6,0,0,0,1,0,29,0,4,0
06-23-20,Monroe,121,5,113,5,8,0,129,4,1851,9,1980,13,0,4,3,21,2,96,0,10,3
06-23-20,Montgomery,412,17,408,17,4,0,468,18,11571,205,12039,223,0,5,11,47,6,360,1,33,7
06-23-20,Moore,6,0,6,0,0,0,7,0,471,1,478,1,0,0,0,0,0,6,0,0,0
06-23-20,Morgan,23,0,23,0,0,0,26,0,3635,16,3661,16,0,1,0,3,0,19,0,1,1
06-23-20,Obion,77,4,75,4,2,0,88,4,2107,47,2195,51,0,1,3,12,1,64,2,11,2
06-23-20,Out of State,368,13,368,13,0,0,395,15,81385,1194,81780,1209,0,8,11,48,2,312,0,23,2
06-23-20,Overton,52,1,52,1,0,0,54,1,1912,27,1966,28,0,0,0,6,1,46,0,3,0
06-23-20,Pending,4,1,4,1,0,0,6,1,52438,651,52444,652,0,0,1,-1,0,5,0,0,0
06-23-20,Perry,28,0,28,0,0,0,33,0,529,1,562,1,0,0,-1,2,1,26,0,1,0
06-23-20,Pickett,5,0,5,0,0,0,5,0,457,6,462,6,0,0,0,1,0,4,0,0,0
06-23-20,Polk,39,0,38,0,1,0,43,0,889,1,932,1,0,0,-1,6,1,33,0,3,0
06-23-20,Putnam,667,2,663,2,4,0,790,3,7947,7,8737,10,0,7,-8,71,10,589,0,17,7
06-23-20,Rhea,255,2,255,2,0,0,267,0,2411,4,2678,4,0,0,-8,21,10,234,0,3,0
06-23-20,Roane,39,6,32,6,7,0,40,1,5048,23,5088,24,0,0,6,8,0,31,1,5,0
06-23-20,Robertson,728,5,726,5,2,0,879,3,5248,44,6127,47,0,10,-8,55,13,663,0,56,12
06-23-20,Rutherford,2216,77,2210,77,6,0,2602,77,18134,252,20736,329,1,33,37,330,39,1853,6,119,36
06-23-20,Scott,14,0,13,0,1,0,13,0,1097,4,1110,4,0,0,0,0,0,14,0,0,0
06-23-20,Sequatchie,27,0,27,0,0,0,35,0,1215,2,1250,2,0,0,-1,0,1,27,0,2,0
06-23-20,Sevier,465,19,434,17,31,2,452,24,7334,124,7786,148,0,3,-5,180,24,282,1,22,3
06-23-20,Shelby,8425,279,8407,279,18,0,10063,338,110813,2910,120876,3248,1,166,96,1377,182,6882,18,853,187
06-23-20,Smith,52,1,50,1,2,0,62,3,1389,6,1451,9,0,1,-2,1,3,50,0,3,1
06-23-20,Stewart,19,1,19,1,0,0,18,1,700,9,718,10,0,0,0,2,1,17,0,2,0
06-23-20,Sullivan,77,3,74,3,3,0,77,3,6180,52,6257,55,0,2,3,8,0,67,1,8,2
06-23-20,Sumner,1240,17,1229,17,11,0,1577,23,11049,85,12626,108,0,49,1,100,16,1091,2,223,53
06-23-20,Tipton,577,5,573,5,4,0,625,6,6602,84,7227,90,0,4,-1,38,6,535,0,31,4
06-23-20,Trousdale,1469,1,1466,1,3,0,1503,2,2220,6,3723,8,0,5,-1,9,2,1455,0,14,5
06-23-20,Unicoi,53,0,53,0,0,0,58,0,1186,3,1244,3,0,0,0,1,0,52,0,1,0
06-23-20,Union,9,0,9,0,0,0,10,0,924,11,934,11,0,0,0,2,0,7,0,0,0
06-23-20,Van Buren,6,1,6,1,0,0,6,1,434,2,440,3,0,0,1,0,0,6,0,1,0
06-23-20,Warren,42,5,42,5,0,0,42,5,2562,7,2604,12,0,0,5,9,0,33,0,1,0
06-23-20,Washington,105,4,103,4,2,0,120,1,5760,30,5880,31,0,0,4,16,0,89,1,7,0
06-23-20,Wayne,70,2,70,2,0,0,66,0,2461,6,2527,6,0,0,2,6,0,64,0,2,0
06-23-20,Weakley,49,1,49,1,0,0,50,1,1904,18,1954,19,0,0,-3,8,4,41,0,3,1
06-23-20,White,59,0,57,0,2,0,67,0,2202,9,2269,9,0,3,0,7,0,49,0,5,3
06-23-20,Williamson,812,15,808,15,4,0,937,17,14726,150,15663,167,1,14,-5,91,19,707,2,50,12
06-23-20,Wilson,668,13,665,13,3,0,780,23,9095,63,9875,86,0,15,3,116,10,537,1,51,15
06-22-20,Anderson,77,2,73,2,4,0,86,1,6706,88,6792,89,0,2,0,17,2,58,1,7,2
06-22-20,Bedford,441,7,441,7,0,0,500,11,3361,48,3861,59,0,4,-7,57,14,380,0,20,5
06-22-20,Benton,8,0,8,0,0,0,9,0,995,5,1004,5,0,1,0,-1,0,8,0,2,1
06-22-20,Bledsoe,620,1,620,1,0,0,631,1,3583,15,4214,16,0,1,0,1,1,618,0,6,1
06-22-20,Blount,131,8,127,8,4,0,151,10,5767,155,5918,165,0,3,5,22,3,106,1,9,3
06-22-20,Bradley,391,46,377,45,14,1,423,45,5427,430,5850,475,0,3,38,105,8,283,1,29,3
06-22-20,Campbell,27,1,24,1,3,0,32,1,2417,26,2449,27,0,1,1,4,0,22,0,2,1
06-22-20,Cannon,23,0,23,0,0,0,37,0,856,3,893,3,0,0,0,0,0,23,0,4,0
06-22-20,Carroll,33,0,28,0,5,0,31,0,1772,4,1803,4,0,1,0,-2,0,34,0,5,1
06-22-20,Carter,36,2,35,2,1,0,37,1,2446,33,2483,34,0,1,1,11,1,24,0,2,1
06-22-20,Cheatham,187,6,187,6,0,0,222,2,2524,14,2746,16,0,0,5,17,1,170,1,14,0
06-22-20,Chester,16,0,16,0,0,0,17,0,847,6,864,6,0,0,0,1,0,15,0,2,0
06-22-20,Claiborne,16,1,16,1,0,0,20,3,1322,141,1342,144,0,0,1,3,0,13,0,1,0
06-22-20,Clay,16,0,16,0,0,0,17,0,624,1,641,1,0,0,-1,2,1,14,0,0,0
06-22-20,Cocke,32,2,29,2,3,0,33,1,1733,35,1766,36,0,0,2,3,0,29,0,1,0
06-22-20,Coffee,97,0,96,0,1,0,117,1,3455,38,3572,39,0,0,0,6,0,91,0,5,0
06-22-20,Crockett,26,1,24,1,2,0,31,1,707,4,738,5,0,3,0,5,1,18,0,2,3
06-22-20,Cumberland,153,1,149,1,4,0,198,2,6068,80,6266,82,0,3,0,13,1,137,1,14,3
06-22-20,Davidson,7806,83,7797,81,9,2,9233,107,80495,1223,89728,1330,1,96,-98,883,180,6827,5,511,107
06-22-20,Decatur,15,0,15,0,0,0,19,0,719,5,738,5,0,0,0,1,0,14,0,1,0
06-22-20,Dekalb,43,0,43,0,0,0,51,0,1679,9,1730,9,0,0,0,2,0,41,0,0,0
06-22-20,Dickson,154,4,154,4,0,0,207,4,3180,19,3387,23,0,0,1,18,3,136,0,13,0
06-22-20,Dyer,171,11,163,11,8,0,180,12,2345,17,2525,29,0,0,7,71,4,100,1,12,0
06-22-20,Fayette,223,9,222,9,1,0,289,9,4705,32,4994,41,0,2,2,42,7,179,0,24,3
06-22-20,Fentress,15,0,15,0,0,0,15,0,1202,4,1217,4,0,0,0,2,0,13,0,1,0
06-22-20,Franklin,69,1,67,1,2,0,82,1,2621,60,2703,61,0,2,1,7,0,60,0,7,3
06-22-20,Gibson,79,1,75,1,4,0,87,2,2936,53,3023,55,0,1,0,3,1,75,0,5,1
06-22-20,Giles,39,13,39,13,0,0,44,12,1593,18,1637,30,0,0,12,18,1,21,0,4,0
06-22-20,Grainger,27,0,24,0,3,0,34,0,1151,15,1185,15,0,0,-1,5,1,22,0,4,0
06-22-20,Greene,55,1,53,1,2,0,60,0,3329,27,3389,27,0,2,0,0,1,53,0,8,2
06-22-20,Grundy,54,5,54,5,0,0,60,4,800,31,860,35,0,1,5,23,0,30,0,10,1
06-22-20,Hamblen,121,5,111,4,10,1,123,3,4515,92,4638,95,0,4,-1,38,6,79,1,17,4
06-22-20,Hamilton,2017,23,2012,23,5,0,2131,27,28658,588,30789,615,1,26,-44,254,66,1737,1,110,29
06-22-20,Hancock,3,0,3,0,0,0,2,0,318,8,320,8,0,0,0,2,0,1,0,1,0
06-22-20,Hardeman,261,1,261,1,0,0,276,1,5828,18,6104,19,0,1,0,38,1,222,0,11,1
06-22-20,Hardin,74,9,74,9,0,0,83,9,2423,22,2506,31,0,5,2,26,7,43,0,9,5
06-22-20,Hawkins,41,3,41,3,0,0,53,3,2605,39,2658,42,0,2,3,6,0,33,0,6,2
06-22-20,Haywood,58,8,57,8,1,0,55,6,1237,3,1292,9,0,2,8,18,0,38,0,10,2
06-22-20,Henderson,23,4,23,4,0,0,27,3,1431,11,1458,14,0,0,2,6,2,17,2,2,0
06-22-20,Henry,36,0,36,0,0,0,47,1,2241,6,2288,7,0,0,-2,1,2,35,0,6,0
06-22-20,Hickman,64,1,64,1,0,0,89,0,1405,14,1494,14,0,0,0,3,1,61,0,2,0
06-22-20,Houston,11,0,11,0,0,0,15,0,649,1,664,1,0,0,-1,0,1,11,0,5,0
06-22-20,Humphreys,18,0,17,0,1,0,24,0,1161,13,1185,13,0,1,0,0,0,17,0,1,1
06-22-20,Jackson,29,0,29,0,0,0,33,0,848,13,881,13,0,0,-2,4,2,25,0,2,0
06-22-20,Jefferson,63,0,58,0,5,0,58,0,3424,46,3482,46,0,0,-1,16,1,47,0,1,0
06-22-20,Johnson,27,0,27,0,0,0,27,1,2422,10,2449,11,0,0,-1,2,1,25,0,1,0
06-22-20,Knox,722,36,711,36,11,0,743,27,29121,559,29864,586,0,5,20,137,16,580,0,58,5
06-22-20,Lake,686,0,684,0,2,0,850,0,3664,5,4514,5,0,0,0,0,0,686,0,3,0
06-22-20,Lauderdale,79,4,77,4,2,0,95,3,3963,20,4058,23,0,1,4,15,0,63,1,11,1
06-22-20,Lawrence,89,13,89,13,0,0,97,15,2466,56,2563,71,0,2,8,35,5,52,1,8,3
06-22-20,Lewis,6,0,6,0,0,0,7,0,643,9,650,9,0,0,-1,1,1,5,0,0,0
06-22-20,Lincoln,51,0,51,0,0,0,61,1,1929,18,1990,19,0,0,-2,12,2,39,0,4,0
06-22-20,Loudon,231,5,216,4,15,1,235,6,3404,33,3639,39,0,1,-3,32,8,198,0,10,2
06-22-20,Macon,227,0,227,0,0,0,259,1,1986,12,2245,13,0,3,-3,9,3,215,0,15,3
06-22-20,Madison,200,6,198,4,2,2,239,4,6617,68,6856,72,0,2,4,11,2,187,1,22,2
06-22-20,Marion,55,2,54,2,1,0,60,1,1459,62,1519,63,0,3,2,9,0,43,0,14,4
06-22-20,Marshall,48,0,48,0,0,0,58,0,1528,25,1586,25,0,1,-4,2,4,45,0,6,1
06-22-20,Maury,240,21,240,21,0,0,265,7,4355,33,4620,40,0,2,12,81,9,157,0,13,2
06-22-20,McMinn,188,6,187,5,1,1,222,4,3723,95,3945,99,0,15,4,17,2,156,1,25,17
06-22-20,McNairy,40,3,40,3,0,0,45,2,1215,4,1260,6,0,0,3,15,0,25,0,2,0
06-22-20,Meigs,30,0,30,0,0,0,42,0,797,12,839,12,0,0,-2,1,2,29,0,4,0
06-22-20,Monroe,116,3,108,3,8,0,125,2,1842,61,1967,63,0,4,2,18,1,94,0,10,3
06-22-20,Montgomery,395,3,391,3,4,0,450,4,11366,182,11816,186,0,5,-3,36,6,354,0,32,7
06-22-20,Moore,6,0,6,0,0,0,7,0,470,3,477,3,0,0,0,0,0,6,0,0,0
06-22-20,Morgan,23,0,23,0,0,0,26,0,3619,21,3645,21,0,1,0,3,0,19,0,1,1
06-22-20,Obion,73,0,71,0,2,0,84,0,2060,18,2144,18,0,1,0,9,0,63,0,9,2
06-22-20,Out of State,355,2,355,2,0,0,380,2,80191,938,80571,940,0,8,-3,37,5,310,0,23,2
06-22-20,Overton,51,1,51,1,0,0,53,1,1885,16,1938,17,0,0,1,6,0,45,0,3,0
06-22-20,Pending,3,0,3,0,0,0,5,0,51787,670,51792,670,0,0,-1,-2,1,5,0,0,0
06-22-20,Perry,28,0,28,0,0,0,33,0,528,6,561,6,0,0,0,3,0,25,0,1,0
06-22-20,Pickett,5,0,5,0,0,0,5,0,451,2,456,2,0,0,0,1,0,4,0,0,0
06-22-20,Polk,39,3,38,3,1,0,43,3,888,38,931,41,0,0,1,7,2,32,0,3,0
06-22-20,Putnam,665,2,661,1,4,1,787,1,7940,18,8727,19,0,7,-5,79,7,579,0,17,7
06-22-20,Rhea,253,1,253,1,0,0,267,1,2407,39,2674,40,0,0,-2,29,3,224,0,3,0
06-22-20,Roane,33,1,26,1,7,0,39,1,5025,87,5064,88,0,0,1,2,0,31,0,4,0
06-22-20,Robertson,723,9,721,9,2,0,876,3,5204,49,6080,52,1,10,-10,63,18,650,0,56,12
06-22-20,Rutherford,2139,20,2133,20,6,0,2525,20,17882,357,20407,377,0,32,-44,293,64,1814,0,113,36
06-22-20,Scott,14,0,13,0,1,0,13,0,1093,14,1106,14,0,0,0,0,0,14,0,0,0
06-22-20,Sequatchie,27,0,27,0,0,0,35,0,1213,13,1248,13,0,0,0,1,0,26,0,2,0
06-22-20,Sevier,446,38,417,36,29,2,428,26,7210,290,7638,316,0,3,12,185,26,258,0,21,3
06-22-20,Shelby,8146,125,8128,125,18,0,9725,150,107903,1537,117628,1687,2,165,-67,1281,190,6700,5,835,186
06-22-20,Smith,51,2,49,2,2,0,59,2,1383,15,1442,17,0,1,-3,3,5,47,0,3,1
06-22-20,Stewart,18,1,18,1,0,0,17,0,691,8,708,8,0,0,0,2,1,16,0,2,0
06-22-20,Sullivan,74,1,71,1,3,0,74,1,6128,98,6202,99,0,2,1,5,0,67,0,7,2
06-22-20,Sumner,1223,9,1212,9,11,0,1554,12,10964,170,12518,182,0,49,-16,99,25,1075,0,221,52
06-22-20,Tipton,572,5,568,5,4,0,619,6,6518,70,7137,76,0,4,-1,39,6,529,0,31,4
06-22-20,Trousdale,1468,2,1465,2,3,0,1501,0,2214,11,3715,11,0,5,-51,10,53,1453,0,14,5
06-22-20,Unicoi,53,0,53,0,0,0,58,0,1183,15,1241,15,0,0,0,1,0,52,0,1,0
06-22-20,Union,9,0,9,0,0,0,10,0,913,11,923,11,0,0,0,2,0,7,0,0,0
06-22-20,Van Buren,5,0,5,0,0,0,5,0,432,2,437,2,0,0,0,-1,0,6,0,1,0
06-22-20,Warren,37,1,37,1,0,0,37,1,2555,25,2592,26,0,0,0,4,1,33,1,1,0
06-22-20,Washington,101,4,99,3,2,1,119,1,5730,95,5849,96,0,0,3,12,1,89,0,6,0
06-22-20,Wayne,68,3,68,3,0,0,66,0,2455,19,2521,19,0,0,3,4,0,64,0,2,0
06-22-20,Weakley,48,1,48,1,0,0,49,1,1886,27,1935,28,0,0,1,11,0,37,0,3,1
06-22-20,White,59,0,57,0,2,0,67,0,2193,15,2260,15,0,3,-1,7,1,49,0,5,3
06-22-20,Williamson,797,16,793,16,4,0,920,15,14576,300,15496,315,0,13,5,96,11,688,0,48,12
06-22-20,Wilson,655,17,652,17,3,0,757,8,9032,149,9789,157,0,15,10,113,7,527,0,50,15
06-21-20,Anderson,75,1,71,1,4,0,85,0,6618,71,6703,71,0,2,-1,17,2,56,0,6,2
06-21-20,Bedford,434,8,434,8,0,0,489,13,3313,59,3802,72,0,4,1,64,7,366,1,20,5
06-21-20,Benton,8,0,8,0,0,0,9,0,990,12,999,12,0,1,0,-1,0,8,0,2,1
06-21-20,Bledsoe,619,0,619,0,0,0,630,0,3568,26,4198,26,0,1,-1,1,1,617,0,6,1
06-21-20,Blount,123,2,119,2,4,0,141,2,5612,168,5753,170,0,3,2,17,0,103,0,8,3
06-21-20,Bradley,345,9,332,9,13,0,378,16,4997,230,5375,246,1,3,1,67,7,275,0,28,3
06-21-20,Campbell,26,0,23,0,3,0,31,0,2391,22,2422,22,0,1,0,3,0,22,0,2,1
06-21-20,Cannon,23,0,23,0,0,0,37,1,853,15,890,16,0,0,0,0,0,23,0,4,0
06-21-20,Carroll,33,0,28,0,5,0,31,0,1768,12,1799,12,0,1,0,-2,0,34,0,5,1
06-21-20,Carter,34,0,33,0,1,0,36,3,2413,44,2449,47,0,1,0,10,0,23,0,2,1
06-21-20,Cheatham,181,5,181,5,0,0,220,5,2510,25,2730,30,0,0,3,12,2,169,1,13,0
06-21-20,Chester,16,0,16,0,0,0,17,0,841,13,858,13,0,0,0,1,0,15,0,2,0
06-21-20,Claiborne,15,0,15,0,0,0,17,1,1181,18,1198,19,0,0,0,2,0,13,0,1,0
06-21-20,Clay,16,0,16,0,0,0,17,0,623,13,640,13,0,0,0,3,0,13,0,0,0
06-21-20,Cocke,30,1,27,1,3,0,32,2,1698,34,1730,36,0,0,-1,1,2,29,0,1,0
06-21-20,Coffee,97,0,96,0,1,0,116,1,3417,56,3533,57,0,0,-1,6,1,91,0,5,0
06-21-20,Crockett,25,0,23,0,2,0,30,1,703,6,733,7,0,3,0,5,0,17,0,2,3
06-21-20,Cumberland,152,7,148,7,4,0,196,7,5988,100,6184,107,0,3,7,13,0,136,1,13,3
06-21-20,Davidson,7723,93,7716,93,7,0,9126,124,79272,942,88398,1066,0,95,21,981,72,6647,1,506,105
06-21-20,Decatur,15,0,15,0,0,0,19,1,714,8,733,9,0,0,0,1,0,14,0,1,0
06-21-20,Dekalb,43,1,43,1,0,0,51,1,1670,17,1721,18,0,0,1,2,0,41,0,0,0
06-21-20,Dickson,150,1,150,1,0,0,203,2,3161,45,3364,47,0,0,1,17,0,133,0,13,0
06-21-20,Dyer,160,5,152,5,8,0,168,6,2328,40,2496,46,0,0,0,64,5,96,2,11,0
06-21-20,Fayette,214,9,213,9,1,0,280,10,4673,93,4953,103,0,2,5,40,4,172,1,24,3
06-21-20,Fentress,15,0,15,0,0,0,15,0,1198,19,1213,19,0,0,0,2,0,13,0,1,0
06-21-20,Franklin,68,2,66,2,2,0,81,3,2561,75,2642,78,0,2,2,6,0,60,0,7,3
06-21-20,Gibson,78,0,74,0,4,0,85,2,2883,24,2968,26,0,1,0,3,0,74,0,5,1
06-21-20,Giles,26,1,26,1,0,0,32,0,1575,31,1607,31,0,0,1,6,0,20,0,4,0
06-21-20,Grainger,27,0,24,0,3,0,34,0,1136,29,1170,29,0,0,0,6,0,21,0,4,0
06-21-20,Greene,54,0,52,0,2,0,60,0,3302,33,3362,33,0,2,0,0,0,52,0,8,2
06-21-20,Grundy,49,1,49,1,0,0,56,1,769,123,825,124,0,1,1,18,0,30,0,10,1
06-21-20,Hamblen,116,5,107,5,9,0,120,7,4423,54,4543,61,0,4,2,39,3,73,0,16,4
06-21-20,Hamilton,1994,18,1989,18,5,0,2104,24,28070,891,30174,915,0,25,-23,298,41,1671,0,109,28
06-21-20,Hancock,3,0,3,0,0,0,2,0,310,4,312,4,0,0,0,2,0,1,0,1,0
06-21-20,Hardeman,260,2,260,2,0,0,275,3,5810,53,6085,56,0,1,2,38,0,221,0,11,1
06-21-20,Hardin,65,6,65,6,0,0,74,8,2401,76,2475,84,0,5,4,24,2,36,0,9,5
06-21-20,Hawkins,38,0,38,0,0,0,50,0,2566,21,2616,21,0,2,0,3,0,33,0,6,2
06-21-20,Haywood,50,3,49,3,1,0,49,4,1234,10,1283,14,0,2,2,10,1,38,0,10,2
06-21-20,Henderson,19,0,19,0,0,0,24,0,1420,5,1444,5,0,0,0,4,0,15,0,0,0
06-21-20,Henry,36,0,36,0,0,0,46,0,2235,109,2281,109,0,0,0,3,0,33,0,6,0
06-21-20,Hickman,63,0,63,0,0,0,89,0,1391,26,1480,26,0,0,0,3,0,60,0,2,0
06-21-20,Houston,11,0,11,0,0,0,15,0,648,1,663,1,0,0,0,1,0,10,0,5,0
06-21-20,Humphreys,18,0,17,0,1,0,24,1,1148,11,1172,12,0,1,0,0,0,17,0,1,1
06-21-20,Jackson,29,1,29,1,0,0,33,1,835,30,868,31,0,0,1,6,0,23,0,2,0
06-21-20,Jefferson,63,2,58,2,5,0,58,3,3378,43,3436,46,0,0,1,17,1,46,0,1,0
06-21-20,Johnson,27,0,27,0,0,0,26,1,2412,19,2438,20,0,0,-2,3,2,24,0,1,0
06-21-20,Knox,686,31,675,31,11,0,716,32,28562,852,29278,884,0,5,17,117,14,564,1,58,5
06-21-20,Lake,686,0,684,0,2,0,850,1,3659,13,4509,14,0,0,0,0,0,686,0,3,0
06-21-20,Lauderdale,75,2,73,2,2,0,92,1,3943,39,4035,40,0,1,1,11,1,63,0,10,1
06-21-20,Lawrence,76,0,76,0,0,0,82,1,2410,67,2492,68,0,2,-2,27,2,47,0,7,3
06-21-20,Lewis,6,0,6,0,0,0,7,0,634,16,641,16,0,0,0,2,0,4,0,0,0
06-21-20,Lincoln,51,0,51,0,0,0,60,0,1911,27,1971,27,0,0,-2,14,2,37,0,4,0
06-21-20,Loudon,226,2,212,2,14,0,229,6,3371,58,3600,64,0,1,1,35,1,190,0,10,2
06-21-20,Macon,227,6,227,6,0,0,258,8,1974,37,2232,45,0,3,3,12,3,212,1,15,3
06-21-20,Madison,194,3,194,3,0,0,235,5,6549,51,6784,56,0,2,3,7,0,185,0,21,2
06-21-20,Marion,53,0,52,0,1,0,59,1,1397,144,1456,145,0,3,0,7,0,43,0,14,4
06-21-20,Marshall,48,0,48,0,0,0,58,0,1503,39,1561,39,0,1,-1,6,1,41,0,6,1
06-21-20,Maury,219,5,219,5,0,0,258,13,4322,51,4580,64,0,2,-2,69,7,148,0,13,2
06-21-20,McMinn,182,1,182,1,0,0,218,3,3628,41,3846,44,0,15,0,13,1,154,0,24,17
06-21-20,McNairy,37,0,37,0,0,0,43,1,1211,20,1254,21,0,0,0,12,0,25,0,2,0
06-21-20,Meigs,30,0,30,0,0,0,42,1,785,12,827,13,0,0,0,3,0,27,0,4,0
06-21-20,Monroe,113,0,105,0,8,0,123,3,1781,22,1904,25,0,4,0,16,0,93,0,10,3
06-21-20,Montgomery,392,12,388,12,4,0,446,14,11184,178,11630,192,0,5,7,39,5,348,0,32,7
06-21-20,Moore,6,0,6,0,0,0,7,0,467,8,474,8,0,0,0,0,0,6,0,0,0
06-21-20,Morgan,23,0,23,0,0,0,26,0,3598,18,3624,18,0,1,-1,3,1,19,0,1,1
06-21-20,Obion,73,0,71,0,2,0,84,1,2042,54,2126,55,0,1,-2,9,2,63,0,9,2
06-21-20,Out of State,353,10,353,10,0,0,378,10,79253,1598,79631,1608,0,8,5,40,5,305,0,23,2
06-21-20,Overton,50,1,50,1,0,0,52,1,1869,39,1921,40,0,0,1,5,0,45,0,3,0
06-21-20,Pending,3,0,3,0,0,0,5,0,51117,802,51122,802,0,0,0,-1,0,4,0,0,0
06-21-20,Perry,28,0,28,0,0,0,33,0,522,11,555,11,0,0,0,3,0,25,0,1,0
06-21-20,Pickett,5,1,5,1,0,0,5,1,449,10,454,11,0,0,1,1,0,4,0,0,0
06-21-20,Polk,36,1,35,1,1,0,40,1,850,22,890,23,0,0,1,6,0,30,0,3,0
06-21-20,Putnam,663,9,660,9,3,0,786,12,7922,155,8708,167,0,7,8,84,1,572,0,17,7
06-21-20,Rhea,252,3,252,3,0,0,266,3,2368,41,2634,44,0,0,-1,31,4,221,0,3,0
06-21-20,Roane,32,0,25,0,7,0,38,0,4938,44,4976,44,0,0,0,1,0,31,0,4,0
06-21-20,Robertson,714,3,712,3,2,0,873,14,5155,120,6028,134,0,9,-8,73,11,632,0,56,12
06-21-20,Rutherford,2119,62,2113,62,6,0,2505,79,17525,443,20030,522,0,32,39,337,23,1750,0,113,36
06-21-20,Scott,14,0,13,0,1,0,13,0,1079,11,1092,11,0,0,0,0,0,14,0,0,0
06-21-20,Sequatchie,27,0,27,0,0,0,35,0,1200,9,1235,9,0,0,-1,1,1,26,0,2,0
06-21-20,Sevier,408,3,381,2,27,1,402,15,6920,185,7322,200,0,3,-4,173,7,232,0,21,3
06-21-20,Shelby,8021,199,8003,199,18,0,9575,272,106366,2806,115941,3078,0,163,93,1348,106,6510,8,830,183
06-21-20,Smith,49,1,47,1,2,0,57,2,1368,20,1425,22,0,1,0,6,1,42,0,3,1
06-21-20,Stewart,17,0,17,0,0,0,17,0,683,16,700,16,0,0,-1,2,1,15,0,2,0
06-21-20,Sullivan,73,1,70,1,3,0,73,0,6030,45,6103,45,0,2,1,4,0,67,0,7,2
06-21-20,Sumner,1214,21,1203,21,11,0,1542,27,10794,230,12336,257,0,49,9,115,12,1050,2,221,52
06-21-20,Tipton,567,4,563,4,4,0,613,9,6448,111,7061,120,0,4,-4,40,8,523,1,31,4
06-21-20,Trousdale,1466,0,1463,0,3,0,1501,5,2203,23,3704,28,0,5,-1,61,1,1400,0,14,5
06-21-20,Unicoi,53,1,53,1,0,0,58,1,1168,11,1226,12,0,0,1,1,0,52,1,1,0
06-21-20,Union,9,0,9,0,0,0,10,0,902,31,912,31,0,0,0,2,0,7,0,0,0
06-21-20,Van Buren,5,0,5,0,0,0,5,0,430,2,435,2,0,0,0,-1,0,6,0,1,0
06-21-20,Warren,36,1,36,1,0,0,36,1,2530,34,2566,35,0,0,1,4,0,32,0,0,0
06-21-20,Washington,97,0,96,0,1,0,118,2,5635,94,5753,96,0,0,0,9,0,88,0,6,0
06-21-20,Wayne,65,1,65,1,0,0,66,1,2436,14,2502,15,0,0,1,1,0,64,0,2,0
06-21-20,Weakley,47,2,47,2,0,0,48,3,1859,32,1907,35,0,0,2,10,0,37,0,3,1
06-21-20,White,59,1,57,1,2,0,67,1,2178,35,2245,36,0,3,0,8,1,48,0,5,3
06-21-20,Williamson,781,9,777,9,4,0,905,15,14276,235,15181,250,1,13,-3,91,11,677,0,48,12
06-21-20,Wilson,638,17,635,17,3,0,749,25,8883,171,9632,196,0,15,12,103,5,520,0,50,15
06-20-20,Anderson,74,1,70,1,4,0,85,1,6547,43,6632,44,0,2,-1,18,2,54,0,6,2
06-20-20,Bedford,426,1,426,1,0,0,476,11,3254,38,3730,49,0,4,-6,63,7,359,0,19,5
06-20-20,Benton,8,0,8,0,0,0,9,0,978,2,987,2,0,1,0,-1,0,8,0,2,1
06-20-20,Bledsoe,619,0,619,0,0,0,630,0,3542,46,4172,46,0,1,0,2,0,616,0,6,1
06-20-20,Blount,121,1,117,1,4,0,139,1,5444,32,5583,33,0,3,0,15,1,103,0,8,3
06-20-20,Bradley,336,15,323,15,13,0,362,22,4767,212,5129,234,0,2,9,66,6,268,2,28,3
06-20-20,Campbell,26,0,23,0,3,0,31,0,2369,16,2400,16,0,1,0,3,0,22,0,2,1
06-20-20,Cannon,23,0,23,0,0,0,36,0,838,8,874,8,0,0,0,0,0,23,0,4,0
06-20-20,Carroll,33,0,28,0,5,0,31,0,1756,11,1787,11,0,1,0,-2,0,34,0,5,1
06-20-20,Carter,34,1,33,1,1,0,33,5,2369,27,2402,32,0,1,1,10,0,23,0,2,1
06-20-20,Cheatham,176,0,176,0,0,0,215,1,2485,11,2700,12,0,0,-2,9,2,167,0,12,0
06-20-20,Chester,16,0,16,0,0,0,17,0,828,0,845,0,0,0,0,1,0,15,0,2,0
06-20-20,Claiborne,15,0,15,0,0,0,16,0,1163,19,1179,19,0,0,0,2,0,13,0,1,0
06-20-20,Clay,16,0,16,0,0,0,17,1,610,4,627,5,0,0,0,3,0,13,0,0,0
06-20-20,Cocke,29,0,26,0,3,0,30,0,1664,11,1694,11,0,0,0,2,0,27,0,1,0
06-20-20,Coffee,97,0,96,0,1,0,115,0,3361,47,3476,47,0,0,-1,7,1,90,0,5,0
06-20-20,Crockett,25,0,23,0,2,0,29,0,697,3,726,3,0,3,0,5,0,17,0,2,3
06-20-20,Cumberland,145,1,141,1,4,0,189,2,5888,42,6077,44,0,3,1,6,0,136,0,12,3
06-20-20,Davidson,7630,94,7623,94,7,0,9002,121,78330,878,87332,999,0,95,7,960,87,6575,3,505,104
06-20-20,Decatur,15,0,15,0,0,0,18,0,706,4,724,4,0,0,0,1,0,14,0,1,0
06-20-20,Dekalb,42,1,42,1,0,0,50,0,1653,10,1703,10,0,0,1,1,0,41,0,0,0
06-20-20,Dickson,149,2,149,2,0,0,201,3,3116,37,3317,40,0,0,2,16,0,133,0,13,0
06-20-20,Dyer,155,10,147,10,8,0,162,6,2288,10,2450,16,0,0,6,64,4,91,0,9,0
06-20-20,Fayette,205,2,204,2,1,0,270,1,4580,44,4850,45,0,2,0,35,2,168,0,23,3
06-20-20,Fentress,15,0,15,0,0,0,15,0,1179,7,1194,7,0,0,0,2,0,13,0,1,0
06-20-20,Franklin,66,1,64,1,2,0,78,1,2486,44,2564,45,0,2,-2,4,3,60,0,7,2
06-20-20,Gibson,78,3,74,3,4,0,83,2,2859,10,2942,12,0,1,1,3,2,74,0,5,1
06-20-20,Giles,25,0,25,0,0,0,32,2,1544,38,1576,40,0,0,0,5,0,20,0,4,0
06-20-20,Grainger,27,0,24,0,3,0,34,2,1107,11,1141,13,0,0,-1,6,1,21,0,4,0
06-20-20,Greene,54,0,52,0,2,0,60,0,3269,75,3329,75,0,2,-1,0,1,52,0,8,2
06-20-20,Grundy,48,11,48,11,0,0,55,11,646,12,701,23,0,1,10,17,1,30,0,10,1
06-20-20,Hamblen,111,1,102,1,9,0,113,2,4369,25,4482,27,0,4,-1,37,2,70,0,16,4
06-20-20,Hamilton,1976,11,1971,11,5,0,2080,31,27179,580,29259,611,0,25,-52,321,63,1630,0,109,26
06-20-20,Hancock,3,0,3,0,0,0,2,0,306,3,308,3,0,0,0,2,0,1,0,1,0
06-20-20,Hardeman,258,2,258,2,0,0,272,1,5757,71,6029,72,0,1,1,36,1,221,0,11,1
06-20-20,Hardin,59,3,59,3,0,0,66,2,2325,12,2391,14,0,5,0,20,3,34,0,9,5
06-20-20,Hawkins,38,0,38,0,0,0,50,0,2545,26,2595,26,0,2,0,3,0,33,0,6,2
06-20-20,Haywood,47,3,46,3,1,0,45,1,1224,8,1269,9,0,2,3,8,0,37,0,10,2
06-20-20,Henderson,19,0,19,0,0,0,24,1,1415,1,1439,2,0,0,0,4,0,15,0,0,0
06-20-20,Henry,36,0,36,0,0,0,46,0,2126,20,2172,20,0,0,-1,3,1,33,0,6,0
06-20-20,Hickman,63,1,63,1,0,0,89,1,1365,8,1454,9,0,0,1,3,0,60,0,2,0
06-20-20,Houston,11,0,11,0,0,0,15,0,647,3,662,3,0,0,-1,1,1,10,0,5,0
06-20-20,Humphreys,18,0,17,0,1,0,23,0,1137,11,1160,11,0,1,0,0,0,17,0,1,1
06-20-20,Jackson,28,0,28,0,0,0,32,0,805,18,837,18,0,0,0,5,0,23,0,2,0
06-20-20,Jefferson,61,0,56,0,5,0,55,1,3335,19,3390,20,0,0,-1,16,1,45,0,1,0
06-20-20,Johnson,27,0,27,0,0,0,25,0,2393,12,2418,12,0,0,0,5,0,22,0,1,0
06-20-20,Knox,655,17,644,17,11,0,684,9,27710,452,28394,461,0,5,11,100,6,550,2,57,5
06-20-20,Lake,686,0,684,0,2,0,849,0,3646,7,4495,7,0,0,0,0,0,686,0,3,0
06-20-20,Lauderdale,73,2,71,2,2,0,91,1,3904,32,3995,33,0,1,2,10,0,62,1,10,1
06-20-20,Lawrence,76,1,76,1,0,0,81,3,2343,81,2424,84,0,2,-3,29,4,45,0,7,2
06-20-20,Lewis,6,0,6,0,0,0,7,0,618,13,625,13,0,0,0,2,0,4,0,0,0
06-20-20,Lincoln,51,0,51,0,0,0,60,2,1884,30,1944,32,0,0,-1,16,1,35,0,4,0
06-20-20,Loudon,224,2,210,2,14,0,223,3,3313,41,3536,44,0,1,-1,34,3,189,0,10,2
06-20-20,Macon,221,0,221,0,0,0,250,0,1937,3,2187,3,0,3,-2,9,2,209,0,14,3
06-20-20,Madison,191,2,191,2,0,0,230,2,6498,53,6728,55,0,2,1,4,1,185,0,21,2
06-20-20,Marion,53,3,52,3,1,0,58,2,1253,19,1311,21,0,3,3,7,0,43,0,14,3
06-20-20,Marshall,48,0,48,0,0,0,58,1,1464,47,1522,48,0,1,-3,7,3,40,0,6,1
06-20-20,Maury,214,3,214,3,0,0,245,8,4271,53,4516,61,0,2,-1,71,4,141,0,13,2
06-20-20,McMinn,181,0,181,0,0,0,215,4,3587,45,3802,49,0,15,-2,13,2,153,0,24,17
06-20-20,McNairy,37,2,37,2,0,0,42,2,1191,1,1233,3,0,0,1,12,1,25,0,2,0
06-20-20,Meigs,30,1,30,1,0,0,41,1,773,8,814,9,0,0,1,3,0,27,0,4,0
06-20-20,Monroe,113,0,105,0,8,0,120,0,1759,20,1879,20,0,4,-1,16,1,93,0,10,3
06-20-20,Montgomery,380,6,376,6,4,0,432,7,11006,86,11438,93,0,5,-1,32,7,343,1,32,7
06-20-20,Moore,6,0,6,0,0,0,7,0,459,5,466,5,0,0,0,0,0,6,0,0,0
06-20-20,Morgan,23,0,23,0,0,0,26,0,3580,30,3606,30,0,1,0,4,0,18,0,1,1
06-20-20,Obion,73,1,71,1,2,0,83,2,1988,5,2071,7,0,1,0,11,1,61,0,9,2
06-20-20,Out of State,343,1,343,1,0,0,368,1,77655,1331,78023,1332,0,8,-1,35,2,300,0,23,2
06-20-20,Overton,49,2,49,2,0,0,51,2,1830,14,1881,16,0,0,2,4,0,45,1,3,0
06-20-20,Pending,3,0,3,0,0,0,5,0,50315,436,50320,436,0,0,0,-1,0,4,0,0,0
06-20-20,Perry,28,0,28,0,0,0,33,0,511,1,544,1,0,0,0,3,0,25,0,1,0
06-20-20,Pickett,4,0,4,0,0,0,4,0,439,1,443,1,0,0,0,0,0,4,0,0,0
06-20-20,Polk,35,0,34,0,1,0,39,0,828,24,867,24,0,0,0,5,0,30,0,3,0
06-20-20,Putnam,654,8,651,8,3,0,774,12,7767,135,8541,147,0,7,2,76,6,571,0,17,7
06-20-20,Rhea,249,4,249,4,0,0,263,8,2327,135,2590,143,0,0,4,32,0,217,0,3,0
06-20-20,Roane,32,0,25,0,7,0,38,0,4894,41,4932,41,0,0,-1,1,1,31,0,4,0
06-20-20,Robertson,711,3,709,3,2,0,859,6,5035,27,5894,33,0,9,-2,81,5,621,0,56,12
06-20-20,Rutherford,2057,26,2051,26,6,0,2426,35,17082,210,19508,245,0,32,-15,298,41,1727,0,113,36
06-20-20,Scott,14,0,13,0,1,0,13,0,1068,7,1081,7,0,0,0,0,0,14,0,0,0
06-20-20,Sequatchie,27,0,27,0,0,0,35,0,1191,15,1226,15,0,0,0,2,0,25,0,2,0
06-20-20,Sevier,405,7,379,6,26,1,387,7,6735,70,7122,77,0,3,-11,177,18,225,2,21,3
06-20-20,Shelby,7822,115,7804,115,18,0,9303,148,103560,1913,112863,2061,0,163,-22,1255,137,6404,12,822,180
06-20-20,Smith,48,0,46,0,2,0,55,1,1348,13,1403,14,0,1,-2,6,2,41,0,3,1
06-20-20,Stewart,17,0,17,0,0,0,17,0,667,15,684,15,0,0,0,3,0,14,0,2,0
06-20-20,Sullivan,72,0,69,0,3,0,73,0,5985,49,6058,49,0,2,0,3,0,67,0,7,2
06-20-20,Sumner,1193,7,1182,7,11,0,1515,14,10564,64,12079,78,0,49,-2,106,9,1038,0,219,51
06-20-20,Tipton,563,2,559,2,4,0,604,6,6337,79,6941,85,0,4,-3,44,5,515,0,30,4
06-20-20,Trousdale,1466,0,1463,0,3,0,1496,0,2180,20,3676,20,0,5,-2,62,2,1399,0,14,5
06-20-20,Unicoi,52,0,52,0,0,0,57,0,1157,16,1214,16,0,0,0,0,0,52,0,0,0
06-20-20,Union,9,1,9,1,0,0,10,1,871,10,881,11,0,0,1,2,0,7,0,0,0
06-20-20,Van Buren,5,0,5,0,0,0,5,0,428,2,433,2,0,0,-1,-1,1,6,0,1,0
06-20-20,Warren,35,0,35,0,0,0,35,0,2496,11,2531,11,0,0,-1,3,1,32,0,0,0
06-20-20,Washington,97,0,96,0,1,0,116,3,5541,78,5657,81,0,0,-2,9,2,88,0,6,0
06-20-20,Wayne,64,0,64,0,0,0,65,0,2422,14,2487,14,0,0,0,0,0,64,0,2,0
06-20-20,Weakley,45,0,45,0,0,0,45,0,1827,12,1872,12,0,0,-2,8,2,37,0,3,1
06-20-20,White,58,1,56,1,2,0,66,1,2143,19,2209,20,0,3,1,8,0,47,0,5,3
06-20-20,Williamson,772,6,768,6,4,0,890,8,14041,153,14931,161,0,12,3,94,3,666,0,48,12
06-20-20,Wilson,621,21,618,21,3,0,724,16,8712,149,9436,165,0,15,16,91,5,515,0,50,15
06-19-20,Anderson,73,2,69,2,4,0,84,2,6504,51,6588,53,0,2,0,19,2,52,0,6,2
06-19-20,Bedford,425,8,425,8,0,0,465,8,3216,21,3681,29,0,4,-1,69,9,352,0,19,5
06-19-20,Benton,8,0,8,0,0,0,9,0,976,4,985,4,0,1,0,-1,0,8,0,2,1
06-19-20,Bledsoe,619,0,619,0,0,0,630,0,3496,3,4126,3,0,1,0,2,0,616,0,6,1
06-19-20,Blount,120,3,116,3,4,0,138,3,5412,45,5550,48,0,3,3,15,0,102,1,8,3
06-19-20,Bradley,321,7,308,7,13,0,340,4,4555,12,4895,16,0,2,-2,57,9,262,0,26,3
06-19-20,Campbell,26,0,23,0,3,0,31,0,2353,20,2384,20,0,1,0,3,0,22,0,2,1
06-19-20,Cannon,23,0,23,0,0,0,36,0,830,9,866,9,0,0,0,0,0,23,0,4,0
06-19-20,Carroll,33,0,28,0,5,0,31,0,1745,19,1776,19,0,1,0,-2,0,34,0,5,1
06-19-20,Carter,33,1,32,1,1,0,28,1,2342,16,2370,17,0,1,1,9,0,23,0,2,1
06-19-20,Cheatham,176,5,176,5,0,0,214,3,2474,41,2688,44,0,0,4,11,1,165,0,12,0
06-19-20,Chester,16,0,16,0,0,0,17,0,828,5,845,5,0,0,0,1,0,15,0,2,0
06-19-20,Claiborne,15,0,15,0,0,0,16,0,1144,8,1160,8,0,0,0,2,0,13,0,1,0
06-19-20,Clay,16,0,16,0,0,0,16,0,606,5,622,5,0,0,0,3,0,13,0,0,0
06-19-20,Cocke,29,1,26,1,3,0,30,0,1653,12,1683,12,0,0,0,2,1,27,0,1,0
06-19-20,Coffee,97,0,96,0,1,0,115,1,3314,8,3429,9,0,0,-3,8,3,89,0,5,0
06-19-20,Crockett,25,0,23,0,2,0,29,0,694,4,723,4,0,3,0,5,0,17,0,2,3
06-19-20,Cumberland,144,0,140,0,4,0,187,0,5846,31,6033,31,0,3,-2,5,2,136,0,12,3
06-19-20,Davidson,7536,185,7529,185,7,0,8881,257,77452,1698,86333,1955,2,95,55,953,128,6488,4,502,103
06-19-20,Decatur,15,0,15,0,0,0,18,0,702,9,720,9,0,0,-8,1,8,14,0,1,0
06-19-20,Dekalb,41,0,41,0,0,0,50,0,1643,16,1693,16,0,0,-1,0,1,41,0,0,0
06-19-20,Dickson,147,2,147,2,0,0,198,4,3079,23,3277,27,0,0,-1,14,3,133,0,13,0
06-19-20,Dyer,145,6,137,6,8,0,156,11,2278,20,2434,31,0,0,3,58,3,87,1,9,0
06-19-20,Fayette,203,3,202,3,1,0,269,5,4536,83,4805,88,0,2,0,35,3,166,0,23,3
06-19-20,Fentress,15,0,15,0,0,0,15,0,1172,8,1187,8,0,0,0,2,0,13,0,1,0
06-19-20,Franklin,65,0,63,0,2,0,77,1,2442,12,2519,13,0,2,0,6,0,57,0,7,2
06-19-20,Gibson,75,0,71,0,4,0,81,0,2849,17,2930,17,0,1,-1,2,1,72,0,5,1
06-19-20,Giles,25,0,25,0,0,0,30,0,1506,7,1536,7,0,0,0,5,0,20,0,4,0
06-19-20,Grainger,27,1,24,0,3,1,32,0,1096,13,1128,13,0,0,-2,7,3,20,0,4,0
06-19-20,Greene,54,0,52,0,2,0,60,0,3194,39,3254,39,0,2,0,1,0,51,0,8,2
06-19-20,Grundy,37,1,37,1,0,0,44,1,634,1,678,2,0,1,1,7,0,29,0,10,1
06-19-20,Hamblen,110,12,101,12,9,0,111,14,4344,39,4455,53,0,4,9,38,3,68,1,16,4
06-19-20,Hamilton,1965,39,1960,39,5,0,2049,44,26599,450,28648,494,3,25,1,373,35,1567,5,109,26
06-19-20,Hancock,3,1,3,1,0,0,2,0,303,1,305,1,0,0,1,2,0,1,0,1,0
06-19-20,Hardeman,256,1,256,1,0,0,271,2,5686,15,5957,17,1,1,0,35,0,220,0,11,1
06-19-20,Hardin,56,2,56,2,0,0,64,3,2313,15,2377,18,0,5,1,20,1,31,1,9,5
06-19-20,Hawkins,38,0,38,0,0,0,50,1,2519,17,2569,18,0,2,0,3,0,33,0,6,2
06-19-20,Haywood,44,1,43,1,1,0,44,1,1216,14,1260,15,0,2,1,5,0,37,0,10,2
06-19-20,Henderson,19,1,19,1,0,0,23,1,1414,19,1437,20,0,0,0,4,1,15,0,0,0
06-19-20,Henry,36,0,36,0,0,0,46,0,2106,9,2152,9,0,0,0,4,0,32,0,6,0
06-19-20,Hickman,62,1,62,1,0,0,88,1,1357,8,1445,9,0,0,1,2,0,60,0,2,0
06-19-20,Houston,11,0,11,0,0,0,15,0,644,2,659,2,0,0,0,2,0,9,0,5,0
06-19-20,Humphreys,18,0,17,0,1,0,23,0,1126,54,1149,54,0,1,0,0,0,17,0,1,1
06-19-20,Jackson,28,1,28,1,0,0,32,2,787,7,819,9,0,0,1,5,0,23,1,2,0
06-19-20,Jefferson,61,5,56,5,5,0,54,5,3316,50,3370,55,0,0,1,17,4,44,0,1,0
06-19-20,Johnson,27,0,27,0,0,0,25,0,2381,6,2406,6,0,0,-1,5,1,22,0,1,0
06-19-20,Knox,638,30,627,28,11,2,675,10,27258,289,27933,299,0,5,7,89,23,544,1,55,5
06-19-20,Lake,686,0,684,0,2,0,849,0,3639,5,4488,5,0,0,-6,0,6,686,0,3,0
06-19-20,Lauderdale,71,1,69,1,2,0,90,1,3872,17,3962,18,0,1,1,8,0,62,0,9,1
06-19-20,Lawrence,75,1,75,1,0,0,78,2,2262,15,2340,17,0,2,0,32,1,41,0,7,2
06-19-20,Lewis,6,0,6,0,0,0,7,0,605,5,612,5,0,0,0,2,0,4,0,0,0
06-19-20,Lincoln,51,1,51,1,0,0,58,1,1854,8,1912,9,0,0,1,17,0,34,0,4,0
06-19-20,Loudon,222,9,208,9,14,0,220,5,3272,17,3492,22,0,1,4,35,5,186,0,10,2
06-19-20,Macon,221,1,221,1,0,0,250,1,1934,72,2184,73,0,3,-4,11,5,207,0,14,3
06-19-20,Madison,189,2,189,2,0,0,228,3,6445,47,6673,50,0,2,2,3,0,184,0,21,2
06-19-20,Marion,50,0,49,0,1,0,56,0,1234,2,1290,2,1,3,-1,4,0,43,0,14,3
06-19-20,Marshall,48,2,48,2,0,0,57,3,1417,13,1474,16,0,1,2,10,0,37,0,6,1
06-19-20,Maury,211,11,211,11,0,0,237,26,4218,68,4455,94,0,2,5,72,6,137,0,13,2
06-19-20,McMinn,181,1,181,1,0,0,211,0,3542,12,3753,12,0,15,-1,15,2,151,0,24,17
06-19-20,McNairy,35,0,35,0,0,0,40,1,1190,9,1230,10,0,0,-1,11,1,24,0,2,0
06-19-20,Meigs,29,0,29,0,0,0,40,0,765,2,805,2,0,0,0,2,0,27,0,4,0
06-19-20,Monroe,113,1,105,1,8,0,120,1,1739,24,1859,25,0,4,1,17,0,92,0,10,3
06-19-20,Montgomery,374,7,370,7,4,0,425,8,10920,131,11345,139,0,5,0,33,7,336,0,31,7
06-19-20,Moore,6,0,6,0,0,0,7,0,454,3,461,3,0,0,0,0,0,6,0,0,0
06-19-20,Morgan,23,0,23,0,0,0,26,1,3550,14,3576,15,0,1,0,4,0,18,0,1,1
06-19-20,Obion,72,0,70,0,2,0,81,1,1983,29,2064,30,0,1,0,11,0,60,0,9,2
06-19-20,Out of State,342,5,342,5,0,0,367,6,76324,1079,76691,1085,0,8,-1,36,6,298,0,23,2
06-19-20,Overton,47,2,47,2,0,0,49,2,1816,18,1865,20,0,0,2,2,0,45,0,2,0
06-19-20,Pending,3,0,3,0,0,0,5,0,49879,555,49884,555,0,0,0,-1,0,4,0,0,0
06-19-20,Perry,28,0,28,0,0,0,33,0,510,1,543,1,0,0,0,3,0,25,0,1,0
06-19-20,Pickett,4,0,4,0,0,0,4,0,438,3,442,3,0,0,0,0,0,4,0,0,0
06-19-20,Polk,35,0,34,0,1,0,39,0,804,0,843,0,0,0,0,5,0,30,0,3,0
06-19-20,Putnam,646,26,643,26,3,0,762,30,7632,160,8394,190,1,7,16,74,9,565,0,17,7
06-19-20,Rhea,245,4,245,4,0,0,255,3,2192,7,2447,10,0,0,3,28,1,217,1,3,0
06-19-20,Roane,32,0,25,0,7,0,38,1,4853,63,4891,64,0,0,0,2,0,30,0,4,0
06-19-20,Robertson,708,9,706,9,2,0,853,19,5008,84,5861,103,0,9,3,83,6,616,0,56,11
06-19-20,Rutherford,2031,58,2025,58,6,0,2391,90,16872,311,19263,401,0,32,21,313,37,1686,1,113,35
06-19-20,Scott,14,0,13,0,1,0,13,0,1061,8,1074,8,0,0,0,0,0,14,0,0,0
06-19-20,Sequatchie,27,0,27,0,0,0,35,0,1176,3,1211,3,0,0,0,2,0,25,0,2,0
06-19-20,Sevier,398,18,373,17,25,1,380,16,6665,134,7045,150,0,3,2,188,16,207,3,19,3
06-19-20,Shelby,7707,194,7689,194,18,0,9155,206,101647,2050,110802,2256,5,163,67,1277,122,6267,16,810,177
06-19-20,Smith,48,2,46,2,2,0,54,1,1335,9,1389,10,0,1,2,8,0,39,0,3,1
06-19-20,Stewart,17,0,17,0,0,0,17,0,652,10,669,10,0,0,0,3,0,14,0,2,0
06-19-20,Sullivan,72,0,69,0,3,0,73,0,5936,42,6009,42,0,2,-2,3,2,67,0,7,2
06-19-20,Sumner,1186,23,1175,23,11,0,1501,26,10500,171,12001,197,0,49,14,108,9,1029,3,219,51
06-19-20,Tipton,561,4,557,4,4,0,598,7,6258,92,6856,99,0,4,-1,47,5,510,0,30,4
06-19-20,Trousdale,1466,2,1463,2,3,0,1496,0,2160,11,3656,11,0,5,1,64,1,1397,0,14,5
06-19-20,Unicoi,52,0,52,0,0,0,57,0,1141,2,1198,2,0,0,0,0,0,52,0,0,0
06-19-20,Union,8,0,8,0,0,0,9,1,861,7,870,8,0,0,0,1,0,7,0,0,0
06-19-20,Van Buren,5,0,5,0,0,0,5,0,426,3,431,3,0,0,0,0,0,5,0,1,0
06-19-20,Warren,35,0,35,0,0,0,35,0,2485,25,2520,25,0,0,0,4,0,31,0,0,0
06-19-20,Washington,97,0,96,0,1,0,113,1,5463,34,5576,35,0,0,-1,11,1,86,0,6,0
06-19-20,Wayne,64,0,64,0,0,0,65,0,2408,6,2473,6,0,0,0,0,0,64,0,2,0
06-19-20,Weakley,45,2,45,2,0,0,45,2,1815,20,1860,22,0,0,2,10,0,35,0,3,1
06-19-20,White,57,2,55,2,2,0,65,2,2124,39,2189,41,1,3,0,7,1,47,0,5,3
06-19-20,Williamson,766,20,762,20,4,0,882,28,13888,423,14770,451,0,12,5,91,15,663,0,48,12
06-19-20,Wilson,600,18,597,18,3,0,708,15,8563,176,9271,191,1,15,13,75,4,510,1,50,15
06-18-20,Anderson,71,4,67,4,4,0,82,5,6453,148,6535,153,0,2,2,19,2,50,0,6,2
06-18-20,Bedford,417,13,417,13,0,0,457,4,3195,11,3652,15,0,4,-1,70,14,343,1,19,5
06-18-20,Benton,8,0,8,0,0,0,9,0,972,10,981,10,0,1,0,-1,0,8,0,2,1
06-18-20,Bledsoe,619,0,619,0,0,0,630,0,3493,5,4123,5,0,1,0,2,0,616,0,6,1
06-18-20,Blount,117,2,113,2,4,0,135,2,5367,181,5502,183,0,3,1,12,1,102,0,7,3
06-18-20,Bradley,314,8,301,8,13,0,336,7,4543,55,4879,62,0,2,-6,59,14,253,2,26,3
06-18-20,Campbell,26,0,23,0,3,0,31,0,2333,43,2364,43,0,1,-2,3,2,22,0,2,1
06-18-20,Cannon,23,0,23,0,0,0,36,0,821,16,857,16,0,0,0,0,0,23,0,4,0
06-18-20,Carroll,33,0,28,0,5,0,31,0,1726,16,1757,16,0,1,0,-2,0,34,0,5,1
06-18-20,Carter,32,4,31,4,1,0,27,0,2326,29,2353,29,0,1,4,8,0,23,0,2,1
06-18-20,Cheatham,171,0,171,0,0,0,211,1,2433,42,2644,43,0,0,-1,7,1,164,0,12,0
06-18-20,Chester,16,0,16,0,0,0,17,0,823,15,840,15,0,0,0,1,0,15,0,2,0
06-18-20,Claiborne,15,1,15,1,0,0,16,0,1136,32,1152,32,0,0,1,2,0,13,0,1,0
06-18-20,Clay,16,2,16,2,0,0,16,2,601,10,617,12,0,0,1,3,1,13,0,0,0
06-18-20,Cocke,28,0,25,0,3,0,30,1,1641,48,1671,49,0,0,0,2,0,26,0,1,0
06-18-20,Coffee,97,2,96,2,1,0,114,1,3306,19,3420,20,0,0,2,11,0,86,0,5,0
06-18-20,Crockett,25,3,23,3,2,0,29,2,690,9,719,11,0,3,3,5,0,17,0,2,3
06-18-20,Cumberland,144,1,140,1,4,0,187,2,5815,136,6002,138,0,3,-1,7,2,134,0,12,3
06-18-20,Davidson,7351,264,7344,264,7,0,8624,331,75754,1749,84378,2080,2,93,132,898,130,6360,19,498,100
06-18-20,Decatur,15,0,15,0,0,0,18,1,693,9,711,10,0,0,0,9,0,6,0,1,0
06-18-20,Dekalb,41,0,41,0,0,0,50,0,1627,29,1677,29,0,0,0,1,0,40,0,0,0
06-18-20,Dickson,145,3,145,3,0,0,194,3,3056,73,3250,76,0,0,3,15,0,130,0,13,0
06-18-20,Dyer,139,15,131,15,8,0,145,17,2258,75,2403,92,0,0,12,55,3,84,0,8,0
06-18-20,Fayette,200,8,199,8,1,0,264,16,4453,123,4717,139,0,2,4,35,4,163,0,23,3
06-18-20,Fentress,15,0,15,0,0,0,15,0,1164,22,1179,22,0,0,-1,2,1,13,0,1,0
06-18-20,Franklin,65,1,63,1,2,0,76,0,2430,4,2506,4,0,2,0,6,1,57,0,7,2
06-18-20,Gibson,75,4,71,4,4,0,81,3,2832,33,2913,36,0,1,3,3,1,71,0,5,1
06-18-20,Giles,25,0,25,0,0,0,30,0,1499,15,1529,15,0,0,0,5,0,20,0,4,0
06-18-20,Grainger,26,3,24,3,2,0,32,2,1083,38,1115,40,0,0,3,9,0,17,0,4,0
06-18-20,Greene,54,0,52,0,2,0,60,0,3155,29,3215,29,0,2,0,1,0,51,0,8,2
06-18-20,Grundy,36,1,36,1,0,0,43,1,633,3,676,4,0,1,0,6,1,29,0,10,1
06-18-20,Hamblen,98,3,89,3,9,0,97,7,4305,287,4402,294,0,4,0,29,3,65,2,15,4
06-18-20,Hamilton,1926,62,1921,62,5,0,2005,74,26149,691,28154,765,1,22,1,372,60,1532,2,104,25
06-18-20,Hancock,2,1,2,1,0,0,2,1,302,4,304,5,0,0,1,1,0,1,1,1,0
06-18-20,Hardeman,255,25,255,25,0,0,269,28,5671,64,5940,92,0,0,23,35,2,220,0,11,1
06-18-20,Hardin,54,7,54,7,0,0,61,9,2298,46,2359,55,0,5,5,19,2,30,0,8,5
06-18-20,Hawkins,38,1,38,1,0,0,49,1,2502,20,2551,21,0,2,1,3,0,33,0,6,2
06-18-20,Haywood,43,2,42,2,1,0,43,1,1202,12,1245,13,0,2,1,4,1,37,1,10,2
06-18-20,Henderson,18,0,18,0,0,0,22,0,1395,16,1417,16,0,0,-1,4,1,14,0,0,0
06-18-20,Henry,36,1,36,1,0,0,46,0,2097,27,2143,27,0,0,1,4,0,32,0,6,0
06-18-20,Hickman,61,0,61,0,0,0,87,0,1349,10,1436,10,0,0,0,1,0,60,0,2,0
06-18-20,Houston,11,0,11,0,0,0,15,0,642,9,657,9,0,0,0,2,0,9,0,5,0
06-18-20,Humphreys,18,0,17,0,1,0,23,1,1072,14,1095,15,0,1,0,0,0,17,0,1,1
06-18-20,Jackson,27,0,27,0,0,0,30,0,780,13,810,13,0,0,0,4,0,23,0,1,0
06-18-20,Jefferson,56,5,51,5,5,0,49,3,3266,79,3315,82,0,0,4,16,1,40,0,1,0
06-18-20,Johnson,27,0,27,0,0,0,25,0,2375,44,2400,44,0,0,-1,6,1,21,0,1,0
06-18-20,Knox,608,15,599,15,9,0,665,20,26969,891,27634,911,0,5,1,82,14,521,0,54,5
06-18-20,Lake,686,0,684,0,2,0,849,0,3634,11,4483,11,0,0,0,6,0,680,0,3,0
06-18-20,Lauderdale,70,0,68,0,2,0,89,1,3855,50,3944,51,0,1,0,7,0,62,0,9,1
06-18-20,Lawrence,74,2,74,2,0,0,76,1,2247,12,2323,13,0,2,2,32,0,40,0,7,2
06-18-20,Lewis,6,0,6,0,0,0,7,0,600,5,607,5,0,0,0,2,0,4,0,0,0
06-18-20,Lincoln,50,0,50,0,0,0,57,0,1846,3,1903,3,0,0,0,16,0,34,0,4,0
06-18-20,Loudon,213,9,199,9,14,0,215,10,3255,172,3470,182,0,1,4,31,5,181,0,10,2
06-18-20,Macon,220,9,220,9,0,0,249,12,1862,36,2111,48,0,3,-4,15,13,202,0,14,3
06-18-20,Madison,187,6,187,6,0,0,225,8,6398,173,6623,181,0,2,4,1,2,184,0,21,2
06-18-20,Marion,50,1,49,1,1,0,56,0,1232,17,1288,17,0,2,1,5,0,43,0,14,3
06-18-20,Marshall,46,1,46,1,0,0,54,1,1404,15,1458,16,0,1,1,8,0,37,0,6,1
06-18-20,Maury,200,7,200,7,0,0,211,8,4150,51,4361,59,1,2,3,67,3,131,0,13,2
06-18-20,McMinn,180,3,180,3,0,0,211,4,3530,43,3741,47,0,15,-1,16,4,149,1,24,17
06-18-20,McNairy,35,1,35,1,0,0,39,2,1181,13,1220,15,0,0,1,12,0,23,0,2,0
06-18-20,Meigs,29,0,29,0,0,0,40,0,763,11,803,11,0,0,0,2,0,27,0,4,0
06-18-20,Monroe,112,11,104,11,8,0,119,11,1715,47,1834,58,0,4,10,16,1,92,1,10,3
06-18-20,Montgomery,367,15,363,15,4,0,417,17,10789,185,11206,202,0,5,8,33,7,329,1,31,7
06-18-20,Moore,6,0,6,0,0,0,7,0,451,1,458,1,0,0,0,0,0,6,0,0,0
06-18-20,Morgan,23,1,23,1,0,0,25,1,3536,28,3561,29,0,1,1,4,0,18,0,1,1
06-18-20,Obion,72,3,70,3,2,0,80,3,1954,43,2034,46,0,1,3,11,0,60,0,9,1
06-18-20,Out of State,337,9,337,9,0,0,361,8,75245,1517,75606,1525,1,8,5,37,3,292,1,23,2
06-18-20,Overton,45,2,45,2,0,0,47,2,1798,38,1845,40,0,0,1,0,1,45,0,2,0
06-18-20,Pending,3,0,3,0,0,0,5,0,49324,988,49329,988,0,0,0,-1,0,4,0,0,0
06-18-20,Perry,28,0,28,0,0,0,33,0,509,2,542,2,0,0,0,3,0,25,0,1,0
06-18-20,Pickett,4,0,4,0,0,0,4,0,435,6,439,6,0,0,0,0,0,4,0,0,0
06-18-20,Polk,35,0,34,0,1,0,39,0,804,4,843,4,0,0,-2,5,2,30,0,3,0
06-18-20,Putnam,620,4,617,4,3,0,732,4,7472,40,8204,44,0,6,-13,58,17,556,0,17,7
06-18-20,Rhea,241,2,241,2,0,0,252,1,2185,19,2437,20,0,0,-1,25,3,216,0,2,0
06-18-20,Roane,32,1,25,1,7,0,37,1,4790,135,4827,136,0,0,-2,2,3,30,0,4,0
06-18-20,Robertson,699,29,697,29,2,0,834,28,4924,99,5758,127,0,9,19,80,10,610,2,56,11
06-18-20,Rutherford,1973,88,1967,88,6,0,2301,92,16561,389,18862,481,1,32,31,292,56,1649,2,112,35
06-18-20,Scott,14,1,13,1,1,0,13,1,1053,100,1066,101,0,0,1,0,0,14,0,0,0
06-18-20,Sequatchie,27,0,27,0,0,0,35,1,1173,10,1208,11,0,0,0,2,0,25,0,2,0
06-18-20,Sevier,380,36,356,35,24,1,364,39,6531,283,6895,322,0,3,19,186,17,191,1,16,3
06-18-20,Shelby,7513,309,7495,309,18,0,8949,341,99597,3170,108546,3511,4,158,186,1210,119,6145,28,794,173
06-18-20,Smith,46,3,44,3,2,0,53,4,1326,76,1379,80,0,1,2,6,1,39,0,3,1
06-18-20,Stewart,17,1,17,1,0,0,17,1,642,10,659,11,0,0,1,3,0,14,0,2,0
06-18-20,Sullivan,72,1,69,1,3,0,73,1,5894,62,5967,63,0,2,1,5,0,65,0,7,2
06-18-20,Sumner,1163,29,1152,28,11,1,1475,31,10329,252,11804,283,1,49,7,94,21,1020,3,216,51
06-18-20,Tipton,557,8,553,8,4,0,591,11,6166,160,6757,171,0,4,-1,48,9,505,2,30,4
06-18-20,Trousdale,1464,1,1461,1,3,0,1496,2,2149,15,3645,17,1,5,-1,63,1,1396,0,14,5
06-18-20,Unicoi,52,0,52,0,0,0,57,0,1139,25,1196,25,0,0,0,0,0,52,0,0,0
06-18-20,Union,8,0,8,0,0,0,8,0,854,24,862,24,0,0,-1,1,1,7,0,0,0
06-18-20,Van Buren,5,0,5,0,0,0,5,0,423,7,428,7,0,0,0,0,0,5,0,1,0
06-18-20,Warren,35,1,35,1,0,0,35,1,2460,38,2495,39,0,0,1,4,0,31,0,0,0
06-18-20,Washington,97,2,96,2,1,0,112,1,5429,63,5541,64,0,0,2,12,0,85,0,6,0
06-18-20,Wayne,64,0,64,0,0,0,65,0,2402,3,2467,3,0,0,0,0,0,64,0,2,0
06-18-20,Weakley,43,3,43,3,0,0,43,2,1795,27,1838,29,0,0,2,8,1,35,1,3,1
06-18-20,White,55,1,53,1,2,0,63,1,2085,34,2148,35,0,2,1,7,0,46,0,5,3
06-18-20,Williamson,746,25,742,25,4,0,854,32,13465,473,14319,505,0,12,8,86,17,648,0,48,12
06-18-20,Wilson,582,12,579,12,3,0,693,23,8387,138,9080,161,0,14,5,62,7,506,0,49,15
06-17-20,Anderson,67,2,63,2,4,0,77,3,6305,22,6382,25,0,2,0,17,2,48,0,6,2
06-17-20,Bedford,404,1,404,1,0,0,453,11,3184,35,3637,46,0,4,-13,71,14,329,0,18,5
06-17-20,Benton,8,0,8,0,0,0,9,0,962,3,971,3,0,1,0,-1,0,8,0,2,1
06-17-20,Bledsoe,619,0,619,0,0,0,630,0,3488,6,4118,6,0,1,0,2,0,616,0,6,1
06-17-20,Blount,115,2,111,2,4,0,133,3,5186,36,5319,39,0,3,1,11,1,101,0,7,3
06-17-20,Bradley,306,2,293,2,13,0,329,3,4488,141,4817,144,0,2,-13,65,15,239,0,24,3
06-17-20,Campbell,26,0,23,0,3,0,31,0,2290,2,2321,2,0,1,0,5,0,20,0,2,1
06-17-20,Cannon,23,0,23,0,0,0,36,0,805,8,841,8,0,0,0,0,0,23,0,4,0
06-17-20,Carroll,33,0,28,0,5,0,31,0,1710,2,1741,2,0,1,-1,-2,1,34,0,5,1
06-17-20,Carter,28,3,27,3,1,0,27,1,2297,21,2324,22,0,1,3,4,0,23,0,2,1
06-17-20,Cheatham,171,2,171,2,0,0,210,3,2391,22,2601,25,0,0,-2,8,4,163,0,12,0
06-17-20,Chester,16,0,16,0,0,0,17,0,808,4,825,4,0,0,0,1,0,15,0,2,0
06-17-20,Claiborne,14,0,14,0,0,0,16,0,1104,11,1120,11,0,0,-1,1,1,13,0,1,0
06-17-20,Clay,14,0,14,0,0,0,14,0,591,3,605,3,0,0,-1,2,1,12,0,0,0
06-17-20,Cocke,28,0,25,0,3,0,29,0,1593,11,1622,11,0,0,-2,2,2,26,0,1,0
06-17-20,Coffee,95,0,94,0,1,0,113,1,3287,32,3400,33,0,0,-2,9,2,86,0,5,0
06-17-20,Crockett,22,2,20,2,2,0,27,2,681,3,708,5,0,3,2,2,0,17,0,2,3
06-17-20,Cumberland,143,0,139,0,4,0,185,0,5679,22,5864,22,1,3,-1,8,0,132,0,12,3
06-17-20,Davidson,7087,51,7080,51,7,0,8293,70,74005,881,82298,951,1,91,-97,766,147,6230,3,479,98
06-17-20,Decatur,15,1,15,1,0,0,17,1,684,5,701,6,0,0,1,9,0,6,0,1,0
06-17-20,Dekalb,41,0,41,0,0,0,50,0,1598,12,1648,12,0,0,-1,1,1,40,0,0,0
06-17-20,Dickson,142,0,142,0,0,0,191,2,2983,22,3174,24,0,0,-2,12,2,130,0,13,0
06-17-20,Dyer,124,7,116,7,8,0,128,6,2183,8,2311,14,0,0,5,43,2,81,0,8,0
06-17-20,Fayette,192,0,191,0,1,0,248,1,4330,20,4578,21,0,2,-1,31,1,159,0,23,3
06-17-20,Fentress,15,0,15,0,0,0,15,0,1142,7,1157,7,0,0,0,3,0,12,0,1,0
06-17-20,Franklin,64,0,62,0,2,0,76,0,2426,25,2502,25,0,2,0,6,0,56,0,7,2
06-17-20,Gibson,71,1,67,1,4,0,78,1,2799,9,2877,10,0,1,1,0,0,70,0,5,1
06-17-20,Giles,25,1,25,1,0,0,30,0,1484,22,1514,22,0,0,-1,5,2,20,0,4,0
06-17-20,Grainger,23,0,21,0,2,0,30,0,1045,7,1075,7,0,0,0,6,0,17,0,4,0
06-17-20,Greene,54,0,52,0,2,0,60,0,3126,20,3186,20,0,2,0,1,0,51,0,8,2
06-17-20,Grundy,35,0,35,0,0,0,42,0,630,12,672,12,0,1,0,6,0,28,0,10,1
06-17-20,Hamblen,95,1,86,1,9,0,90,2,4018,25,4108,27,1,4,-3,29,3,62,0,13,4
06-17-20,Hamilton,1864,51,1859,51,5,0,1931,47,25458,383,27389,430,0,21,0,371,51,1472,6,102,25
06-17-20,Hancock,1,0,1,0,0,0,1,0,298,1,299,1,0,0,0,0,0,1,0,0,0
06-17-20,Hardeman,230,0,230,0,0,0,241,0,5607,12,5848,12,0,0,-2,12,2,218,0,11,1
06-17-20,Hardin,47,1,47,1,0,0,52,0,2252,19,2304,19,0,5,1,14,0,28,0,8,5
06-17-20,Hawkins,37,0,37,0,0,0,48,0,2482,17,2530,17,0,2,0,2,0,33,0,6,2
06-17-20,Haywood,41,0,40,0,1,0,42,0,1190,3,1232,3,0,2,0,3,0,36,0,9,2
06-17-20,Henderson,18,0,18,0,0,0,22,0,1379,4,1401,4,0,0,0,5,0,13,0,0,0
06-17-20,Henry,35,0,35,0,0,0,46,1,2070,7,2116,8,0,0,0,3,0,32,0,6,0
06-17-20,Hickman,61,0,61,0,0,0,87,1,1339,7,1426,8,0,0,0,1,0,60,0,2,0
06-17-20,Houston,11,0,11,0,0,0,15,0,633,3,648,3,0,0,0,2,0,9,0,5,0
06-17-20,Humphreys,18,0,17,0,1,0,22,0,1058,6,1080,6,0,1,0,0,0,17,0,1,1
06-17-20,Jackson,27,3,27,3,0,0,30,3,767,6,797,9,0,0,3,4,0,23,0,1,0
06-17-20,Jefferson,51,2,46,2,5,0,46,1,3187,13,3233,14,0,0,0,12,2,39,0,1,0
06-17-20,Johnson,27,1,27,1,0,0,25,1,2331,13,2356,14,0,0,1,7,0,20,0,1,0
06-17-20,Knox,593,18,584,18,9,0,645,11,26078,221,26723,232,0,5,-5,81,23,507,0,54,5
06-17-20,Lake,686,0,684,0,2,0,849,0,3623,2,4472,2,0,0,0,6,0,680,0,3,0
06-17-20,Lauderdale,70,1,68,1,2,0,88,1,3805,6,3893,7,0,1,1,7,0,62,0,9,1
06-17-20,Lawrence,72,4,72,4,0,0,75,11,2235,50,2310,61,0,2,2,30,2,40,0,7,2
06-17-20,Lewis,6,0,6,0,0,0,7,0,595,4,602,4,0,0,0,2,0,4,0,0,0
06-17-20,Lincoln,50,0,50,0,0,0,57,1,1843,45,1900,46,0,0,-1,16,1,34,0,4,0
06-17-20,Loudon,204,5,190,5,14,0,205,7,3083,18,3288,25,0,1,5,27,0,176,0,10,2
06-17-20,Macon,211,1,211,1,0,0,237,0,1826,15,2063,15,0,3,-3,19,4,189,0,14,3
06-17-20,Madison,181,0,181,0,0,0,217,0,6225,29,6442,29,0,2,-3,-3,3,182,0,21,2
06-17-20,Marion,49,0,48,0,1,0,56,0,1215,23,1271,23,0,2,0,4,0,43,0,14,3
06-17-20,Marshall,45,2,45,2,0,0,53,1,1389,19,1442,20,0,1,1,7,1,37,0,6,1
06-17-20,Maury,193,23,193,23,0,0,203,9,4099,29,4302,38,0,1,20,64,3,128,1,13,2
06-17-20,McMinn,177,1,177,1,0,0,207,3,3487,33,3694,36,0,15,-2,17,3,145,0,23,17
06-17-20,McNairy,34,2,34,2,0,0,37,0,1168,15,1205,15,0,0,1,11,1,23,0,2,0
06-17-20,Meigs,29,1,29,1,0,0,40,0,752,6,792,6,0,0,1,2,0,27,0,4,0
06-17-20,Monroe,101,0,93,0,8,0,108,0,1668,14,1776,14,0,4,-1,6,1,91,0,9,3
06-17-20,Montgomery,352,3,348,3,4,0,400,2,10604,36,11004,38,0,5,-5,25,8,322,0,30,7
06-17-20,Moore,6,0,6,0,0,0,7,0,450,0,457,0,0,0,0,0,0,6,0,0,0
06-17-20,Morgan,22,0,22,0,0,0,24,0,3508,2,3532,2,0,1,0,3,0,18,0,1,1
06-17-20,Obion,69,0,67,0,2,0,77,0,1911,6,1988,6,0,1,0,8,0,60,0,9,1
06-17-20,Out of State,328,2,328,2,0,0,353,2,73728,471,74081,473,0,7,-6,32,8,289,0,22,2
06-17-20,Overton,43,0,43,0,0,0,45,0,1760,8,1805,8,0,0,-2,-1,2,44,0,2,0
06-17-20,Pending,3,0,3,0,0,0,5,0,48336,208,48341,208,0,0,0,-1,0,4,0,0,0
06-17-20,Perry,28,0,28,0,0,0,33,0,507,4,540,4,0,0,0,3,0,25,0,1,0
06-17-20,Pickett,4,0,4,0,0,0,4,0,429,4,433,4,0,0,0,0,0,4,0,0,0
06-17-20,Polk,35,2,34,2,1,0,39,2,800,13,839,15,0,0,1,7,1,28,0,3,0
06-17-20,Putnam,616,14,613,14,3,0,728,17,7432,250,8160,267,0,6,-2,71,16,539,0,17,7
06-17-20,Rhea,239,3,239,3,0,0,251,3,2166,29,2417,32,0,0,3,26,0,213,0,2,0
06-17-20,Roane,31,0,24,0,7,0,36,0,4655,26,4691,26,0,0,-1,4,1,27,0,4,0
06-17-20,Robertson,670,9,668,9,2,0,806,4,4825,18,5631,22,0,9,-1,61,10,600,0,54,11
06-17-20,Rutherford,1885,22,1879,22,6,0,2209,29,16172,87,18381,116,0,31,-30,261,52,1593,0,110,35
06-17-20,Scott,13,0,12,0,1,0,12,0,953,5,965,5,0,0,0,-1,0,14,0,0,0
06-17-20,Sequatchie,27,0,27,0,0,0,34,0,1163,14,1197,14,0,0,0,2,0,25,0,2,0
06-17-20,Sevier,344,36,321,33,23,3,325,27,6248,34,6573,61,1,3,13,167,22,174,0,15,3
06-17-20,Shelby,7204,76,7186,76,18,0,8608,86,96427,818,105035,904,-1,154,-76,1024,153,6026,10,766,171
06-17-20,Smith,43,0,41,0,2,0,49,0,1250,10,1299,10,0,1,0,4,0,38,0,3,1
06-17-20,Stewart,16,0,16,0,0,0,16,0,632,3,648,3,0,0,0,2,0,14,0,2,0
06-17-20,Sullivan,71,0,68,0,3,0,72,0,5832,44,5904,44,0,2,-1,4,1,65,0,7,2
06-17-20,Sumner,1134,8,1124,7,10,1,1444,9,10077,65,11521,74,0,48,-7,87,15,999,0,213,51
06-17-20,Tipton,549,9,545,9,4,0,580,6,6006,18,6586,24,1,4,6,49,2,496,0,28,4
06-17-20,Trousdale,1463,3,1460,3,3,0,1494,3,2134,18,3628,21,0,4,3,64,0,1395,0,14,5
06-17-20,Unicoi,52,0,52,0,0,0,57,0,1114,11,1171,11,0,0,-4,0,4,52,0,0,0
06-17-20,Union,8,0,8,0,0,0,8,0,830,6,838,6,0,0,-1,2,1,6,0,0,0
06-17-20,Van Buren,5,0,5,0,0,0,5,0,416,3,421,3,0,0,-1,0,1,5,0,1,0
06-17-20,Warren,34,0,34,0,0,0,34,0,2422,13,2456,13,0,0,-1,3,1,31,0,0,0
06-17-20,Washington,95,4,94,4,1,0,111,0,5366,63,5477,63,0,0,-1,10,5,85,0,6,0
06-17-20,Wayne,64,0,64,0,0,0,65,0,2399,7,2464,7,0,0,0,0,0,64,0,2,0
06-17-20,Weakley,40,1,40,1,0,0,41,1,1768,5,1809,6,0,0,1,6,0,34,0,2,0
06-17-20,White,54,0,52,0,2,0,62,0,2051,31,2113,31,0,2,-2,6,2,46,0,5,3
06-17-20,Williamson,721,7,717,7,4,0,822,10,12992,121,13814,131,0,12,-5,78,12,631,1,48,12
06-17-20,Wilson,570,18,567,18,3,0,670,10,8249,70,8919,80,0,14,7,57,11,499,1,49,15
06-16-20,Anderson,65,4,61,4,4,0,74,2,6283,58,6357,60,0,2,3,17,1,46,0,6,2
06-16-20,Bedford,403,11,403,11,0,0,442,5,3149,15,3591,20,0,4,4,84,7,315,0,18,5
06-16-20,Benton,8,0,8,0,0,0,9,0,959,5,968,5,0,1,0,-1,0,8,0,2,1
06-16-20,Bledsoe,619,0,619,0,0,0,630,0,3482,4,4112,4,0,1,0,2,0,616,0,6,1
06-16-20,Blount,113,7,109,7,4,0,130,6,5150,105,5280,111,0,3,7,10,0,100,1,7,3
06-16-20,Bradley,304,4,291,4,13,0,326,4,4347,33,4673,37,0,2,-10,78,14,224,0,24,3
06-16-20,Campbell,26,2,23,2,3,0,31,2,2288,16,2319,18,0,1,2,5,0,20,0,2,1
06-16-20,Cannon,23,0,23,0,0,0,36,0,797,18,833,18,0,0,0,0,0,23,0,4,0
06-16-20,Carroll,33,0,28,0,5,0,31,0,1708,13,1739,13,0,1,-1,-1,1,33,0,5,1
06-16-20,Carter,25,0,24,0,1,0,26,0,2276,16,2302,16,0,1,0,1,0,23,0,2,1
06-16-20,Cheatham,169,0,169,0,0,0,207,0,2369,25,2576,25,0,0,-2,10,2,159,0,12,0
06-16-20,Chester,16,2,16,2,0,0,17,1,804,6,821,7,0,0,2,1,0,15,1,2,0
06-16-20,Claiborne,14,0,14,0,0,0,16,0,1093,13,1109,13,0,0,0,2,0,12,0,1,0
06-16-20,Clay,14,1,14,1,0,0,14,1,588,4,602,5,0,0,0,3,1,11,0,0,0
06-16-20,Cocke,28,1,25,1,3,0,29,0,1582,21,1611,21,0,0,1,4,0,24,0,1,0
06-16-20,Coffee,95,2,94,2,1,0,112,2,3255,9,3367,11,0,0,0,11,2,84,0,5,0
06-16-20,Crockett,20,1,18,1,2,0,25,1,678,5,703,6,0,3,1,0,0,17,0,2,3
06-16-20,Cumberland,143,3,139,3,4,0,185,3,5657,47,5842,50,0,2,2,9,1,132,0,12,3
06-16-20,Davidson,7036,145,7029,145,7,0,8223,161,73124,904,81347,1065,2,90,33,863,110,6083,2,476,97
06-16-20,Decatur,14,0,14,0,0,0,16,0,679,1,695,1,0,0,0,8,0,6,0,1,0
06-16-20,Dekalb,41,0,41,0,0,0,50,0,1586,11,1636,11,0,0,-1,2,1,39,0,0,0
06-16-20,Dickson,142,2,142,2,0,0,189,2,2961,45,3150,47,0,0,0,14,2,128,0,13,0
06-16-20,Dyer,117,12,109,11,8,1,122,14,2175,23,2297,37,0,0,8,38,4,79,1,8,0
06-16-20,Fayette,192,5,191,5,1,0,247,6,4310,58,4557,64,0,2,3,32,2,158,2,23,3
06-16-20,Fentress,15,1,15,1,0,0,15,1,1135,35,1150,36,0,0,1,3,0,12,0,1,0
06-16-20,Franklin,64,0,62,0,2,0,76,0,2401,4,2477,4,0,2,0,6,0,56,0,7,2
06-16-20,Gibson,70,0,66,0,4,0,77,0,2790,21,2867,21,0,1,0,-1,0,70,0,5,1
06-16-20,Giles,24,1,24,1,0,0,30,0,1462,7,1492,7,0,0,-1,6,2,18,0,4,0
06-16-20,Grainger,23,1,21,1,2,0,30,0,1038,23,1068,23,0,0,1,6,0,17,0,4,0
06-16-20,Greene,54,1,52,1,2,0,60,1,3106,17,3166,18,0,2,1,1,0,51,0,8,2
06-16-20,Grundy,35,1,35,1,0,0,42,1,618,1,660,2,0,1,1,6,0,28,0,10,1
06-16-20,Hamblen,94,16,85,16,9,0,88,12,3993,81,4081,93,0,3,12,32,4,59,0,13,4
06-16-20,Hamilton,1813,50,1808,50,5,0,1884,51,25075,616,26959,667,1,21,15,371,34,1421,1,96,23
06-16-20,Hancock,1,0,1,0,0,0,1,0,297,1,298,1,0,0,0,0,0,1,0,0,0
06-16-20,Hardeman,230,2,230,2,0,0,241,6,5595,11,5836,17,0,0,-1,14,3,216,0,11,1
06-16-20,Hardin,46,6,46,6,0,0,52,8,2233,17,2285,25,1,5,4,13,1,28,1,8,5
06-16-20,Hawkins,37,3,37,3,0,0,48,0,2465,16,2513,16,0,2,3,2,0,33,0,6,2
06-16-20,Haywood,41,3,40,3,1,0,42,2,1187,16,1229,18,0,2,2,3,1,36,3,9,2
06-16-20,Henderson,18,0,18,0,0,0,22,0,1375,8,1397,8,0,0,0,5,0,13,0,0,0
06-16-20,Henry,35,1,35,1,0,0,45,1,2063,31,2108,32,0,0,1,3,0,32,1,6,0
06-16-20,Hickman,61,1,61,1,0,0,86,1,1332,11,1418,12,0,0,1,1,0,60,0,2,0
06-16-20,Houston,11,0,11,0,0,0,15,0,630,4,645,4,0,0,0,2,0,9,0,5,0
06-16-20,Humphreys,18,0,17,0,1,0,22,0,1052,13,1074,13,0,1,-1,0,1,17,0,1,1
06-16-20,Jackson,24,0,24,0,0,0,27,0,761,2,788,2,0,0,-1,1,1,23,0,1,0
06-16-20,Jefferson,49,2,44,2,5,0,45,1,3174,39,3219,40,0,0,1,12,1,37,0,1,0
06-16-20,Johnson,26,0,26,0,0,0,24,0,2318,3,2342,3,0,0,-1,6,1,20,0,1,0
06-16-20,Knox,575,9,566,8,9,1,634,9,25857,156,26491,165,0,5,-2,86,11,484,0,54,5
06-16-20,Lake,686,0,684,0,2,0,849,0,3621,2,4470,2,0,0,0,6,0,680,0,3,0
06-16-20,Lauderdale,69,1,67,1,2,0,87,1,3799,15,3886,16,0,1,1,6,0,62,0,9,1
06-16-20,Lawrence,68,2,68,2,0,0,64,0,2185,26,2249,26,1,2,-3,28,4,38,0,7,2
06-16-20,Lewis,6,0,6,0,0,0,7,0,591,3,598,3,0,0,0,2,0,4,0,0,0
06-16-20,Lincoln,50,2,50,2,0,0,56,0,1798,39,1854,39,0,0,2,17,0,33,0,4,0
06-16-20,Loudon,199,6,185,6,14,0,198,6,3065,12,3263,18,0,1,3,22,3,176,0,10,2
06-16-20,Macon,210,0,210,0,0,0,237,1,1811,10,2048,11,0,3,-4,22,4,185,0,14,3
06-16-20,Madison,181,0,181,0,0,0,217,1,6196,27,6413,28,0,2,-1,0,1,179,0,21,2
06-16-20,Marion,49,0,48,0,1,0,56,0,1192,7,1248,7,0,2,-1,4,1,43,0,14,3
06-16-20,Marshall,43,0,43,0,0,0,52,0,1370,6,1422,6,0,1,-1,6,1,36,0,6,1
06-16-20,Maury,170,2,170,2,0,0,194,5,4070,32,4264,37,0,1,-2,44,4,125,0,12,2
06-16-20,McMinn,176,0,176,0,0,0,204,1,3454,12,3658,13,1,15,-2,19,1,142,0,23,17
06-16-20,McNairy,32,2,32,2,0,0,37,2,1153,7,1190,9,0,0,0,10,2,22,0,2,0
06-16-20,Meigs,28,0,28,0,0,0,40,0,746,7,786,7,0,0,0,1,0,27,0,4,0
06-16-20,Monroe,101,5,93,5,8,0,108,4,1654,15,1762,19,0,4,5,7,0,90,1,9,3
06-16-20,Montgomery,349,1,345,1,4,0,398,2,10568,105,10966,107,0,5,-5,30,6,314,0,30,7
06-16-20,Moore,6,0,6,0,0,0,7,0,450,2,457,2,0,0,0,0,0,6,0,0,0
06-16-20,Morgan,22,2,22,2,0,0,24,2,3506,15,3530,17,1,1,1,3,0,18,0,1,1
06-16-20,Obion,69,3,67,3,2,0,77,5,1905,30,1982,35,0,1,1,8,2,60,0,9,1
06-16-20,Out of State,326,10,326,10,0,0,351,11,73257,936,73608,947,-1,7,9,38,2,281,0,22,2
06-16-20,Overton,43,0,43,0,0,0,45,1,1752,19,1797,20,0,0,-3,1,3,42,0,2,0
06-16-20,Pending,3,0,3,0,0,0,5,0,48128,518,48133,518,0,0,0,-1,0,4,0,0,0
06-16-20,Perry,28,0,28,0,0,0,33,0,503,0,536,0,0,0,0,3,0,25,0,1,0
06-16-20,Pickett,4,0,4,0,0,0,4,0,425,3,429,3,0,0,0,0,0,4,0,0,0
06-16-20,Polk,33,1,32,1,1,0,37,1,787,3,824,4,0,0,1,6,0,27,0,3,0
06-16-20,Putnam,602,3,599,3,3,0,711,4,7182,12,7893,16,0,6,-5,73,8,523,0,17,6
06-16-20,Rhea,236,1,236,1,0,0,248,1,2137,10,2385,11,0,0,1,23,0,213,0,2,0
06-16-20,Roane,31,0,24,0,7,0,36,1,4629,67,4665,68,0,0,0,5,0,26,0,4,0
06-16-20,Robertson,661,4,659,4,2,0,802,14,4807,71,5609,85,0,9,-3,62,7,590,0,54,11
06-16-20,Rutherford,1863,58,1857,58,6,0,2180,55,16085,186,18265,241,1,31,19,291,38,1541,0,110,34
06-16-20,Scott,13,0,12,0,1,0,12,0,948,7,960,7,0,0,0,-1,0,14,0,0,0
06-16-20,Sequatchie,27,0,27,0,0,0,34,0,1149,5,1183,5,0,0,0,2,0,25,0,2,0
06-16-20,Sevier,308,33,288,32,20,1,298,32,6214,100,6512,132,0,2,21,154,12,152,1,15,3
06-16-20,Shelby,7128,133,7110,133,18,0,8522,143,95609,1250,104131,1393,2,155,10,1100,121,5873,18,756,169
06-16-20,Smith,43,2,41,2,2,0,49,3,1240,33,1289,36,0,1,2,4,0,38,0,3,1
06-16-20,Stewart,16,0,16,0,0,0,16,0,629,3,645,3,0,0,0,2,0,14,0,2,0
06-16-20,Sullivan,71,0,68,0,3,0,72,0,5788,73,5860,73,0,2,0,5,0,64,0,7,2
06-16-20,Sumner,1126,6,1117,6,9,0,1435,13,10012,62,11447,75,0,48,-8,94,14,984,1,213,50
06-16-20,Tipton,540,8,536,8,4,0,574,10,5988,94,6562,104,0,3,3,43,5,494,3,28,4
06-16-20,Trousdale,1460,0,1457,0,3,0,1491,0,2116,7,3607,7,0,4,-1,61,1,1395,0,14,4
06-16-20,Unicoi,52,0,52,0,0,0,57,0,1103,2,1160,2,0,0,0,4,0,48,0,0,0
06-16-20,Union,8,0,8,0,0,0,8,0,824,4,832,4,0,0,-1,3,1,5,0,0,0
06-16-20,Van Buren,5,0,5,0,0,0,5,0,413,3,418,3,0,0,0,1,0,4,0,1,0
06-16-20,Warren,34,2,34,2,0,0,34,2,2409,51,2443,53,0,0,2,4,0,30,0,0,0
06-16-20,Washington,91,3,90,3,1,0,111,0,5303,48,5414,48,0,0,1,11,2,80,0,6,0
06-16-20,Wayne,64,0,64,0,0,0,65,0,2392,1,2457,1,0,0,0,0,0,64,0,2,0
06-16-20,Weakley,39,4,39,4,0,0,40,4,1763,20,1803,24,0,0,4,5,0,34,0,2,0
06-16-20,White,54,1,52,1,2,0,62,1,2020,25,2082,26,0,2,0,8,1,44,0,5,3
06-16-20,Williamson,714,15,710,15,4,0,812,15,12871,162,13683,177,0,12,7,83,8,619,0,47,12
06-16-20,Wilson,552,4,549,4,3,0,660,5,8179,61,8839,66,1,14,-1,50,4,488,0,48,14
06-15-20,Anderson,61,0,57,0,4,0,72,1,6225,54,6297,55,0,2,0,14,0,45,0,6,2
06-15-20,Bedford,392,13,392,13,0,0,437,10,3134,50,3571,60,0,4,5,80,8,308,2,18,5
06-15-20,Benton,8,0,8,0,0,0,9,0,954,11,963,11,0,1,-1,-1,1,8,0,2,1
06-15-20,Bledsoe,619,0,619,0,0,0,630,0,3478,18,4108,18,0,1,-1,2,1,616,0,6,1
06-15-20,Blount,106,2,102,2,4,0,124,0,5045,64,5169,64,0,3,1,3,1,100,0,6,3
06-15-20,Bradley,300,17,287,17,13,0,322,21,4314,77,4636,98,0,2,4,88,13,210,0,24,3
06-15-20,Campbell,24,0,21,0,3,0,29,0,2272,13,2301,13,0,1,0,3,0,20,0,2,1
06-15-20,Cannon,23,0,23,0,0,0,36,0,779,13,815,13,0,0,-1,0,1,23,0,4,0
06-15-20,Carroll,33,0,28,0,5,0,31,1,1695,6,1726,7,0,1,0,0,0,32,0,5,1
06-15-20,Carter,25,2,24,2,1,0,26,0,2260,29,2286,29,0,1,2,1,0,23,0,2,1
06-15-20,Cheatham,169,2,169,2,0,0,207,2,2344,59,2551,61,0,0,-2,12,4,157,0,12,0
06-15-20,Chester,14,0,14,0,0,0,16,0,798,4,814,4,0,0,0,-1,0,15,0,1,0
06-15-20,Claiborne,14,0,14,0,0,0,16,0,1080,23,1096,23,0,0,0,2,0,12,0,1,0
06-15-20,Clay,13,0,13,0,0,0,13,0,584,3,597,3,0,0,0,3,0,10,0,0,0
06-15-20,Cocke,27,1,24,1,3,0,29,0,1561,17,1590,17,0,0,0,3,1,24,0,1,0
06-15-20,Coffee,93,1,92,1,1,0,110,3,3246,29,3356,32,0,0,-1,11,2,82,0,5,0
06-15-20,Crockett,19,0,17,0,2,0,24,0,673,2,697,2,0,3,0,-1,0,17,0,2,3
06-15-20,Cumberland,140,2,136,2,4,0,182,2,5610,70,5792,72,0,2,-2,7,4,131,0,12,3
06-15-20,Davidson,6891,139,6884,139,7,0,8062,176,72220,1075,80282,1251,4,88,-41,830,176,5973,10,474,97
06-15-20,Decatur,14,0,14,0,0,0,16,0,678,3,694,3,0,0,-1,8,1,6,0,1,0
06-15-20,Dekalb,41,0,41,0,0,0,50,1,1575,21,1625,22,0,0,0,3,0,38,0,0,0
06-15-20,Dickson,140,2,140,2,0,0,187,3,2916,41,3103,44,0,0,2,14,0,126,0,13,0
06-15-20,Dyer,105,4,98,4,7,0,108,3,2152,37,2260,40,0,0,-4,30,8,75,0,7,0
06-15-20,Fayette,187,5,186,5,1,0,241,3,4252,43,4493,46,0,2,2,29,3,156,0,21,3
06-15-20,Fentress,14,0,14,0,0,0,14,0,1100,8,1114,8,0,0,0,2,0,12,0,1,0
06-15-20,Franklin,64,0,62,0,2,0,76,0,2397,14,2473,14,0,2,-1,6,1,56,0,7,2
06-15-20,Gibson,70,0,66,0,4,0,77,0,2769,15,2846,15,0,1,0,-1,0,70,0,5,1
06-15-20,Giles,23,0,23,0,0,0,30,0,1455,20,1485,20,0,0,-2,7,2,16,0,4,0
06-15-20,Grainger,22,1,20,1,2,0,30,2,1015,14,1045,16,0,0,1,5,0,17,0,4,0
06-15-20,Greene,53,1,51,0,2,1,59,0,3089,33,3148,33,0,2,1,0,0,51,0,8,2
06-15-20,Grundy,34,2,34,2,0,0,41,2,617,39,658,41,0,1,2,5,0,28,0,10,1
06-15-20,Hamblen,78,2,69,2,9,0,76,1,3912,20,3988,21,0,3,1,20,1,55,0,13,3
06-15-20,Hamilton,1763,105,1758,104,5,1,1833,106,24459,1632,26292,1738,0,20,54,356,51,1387,7,95,22
06-15-20,Hancock,1,0,1,0,0,0,1,0,296,4,297,4,0,0,0,0,0,1,0,0,0
06-15-20,Hardeman,228,3,228,3,0,0,235,2,5584,18,5819,20,0,0,2,15,1,213,0,11,1
06-15-20,Hardin,40,0,40,0,0,0,44,1,2216,15,2260,16,0,4,-1,9,1,27,0,7,5
06-15-20,Hawkins,34,0,34,0,0,0,48,0,2449,40,2497,40,0,2,0,-1,0,33,0,6,2
06-15-20,Haywood,38,0,37,0,1,0,40,0,1171,12,1211,12,0,2,0,1,0,35,0,6,2
06-15-20,Henderson,18,0,18,0,0,0,22,0,1367,10,1389,10,0,0,0,5,0,13,0,0,0
06-15-20,Henry,34,0,34,0,0,0,44,0,2032,15,2076,15,0,0,0,2,0,32,0,5,0
06-15-20,Hickman,60,0,60,0,0,0,85,0,1321,10,1406,10,0,0,-1,0,1,60,0,2,0
06-15-20,Houston,11,0,11,0,0,0,15,0,626,6,641,6,0,0,0,2,0,9,0,5,0
06-15-20,Humphreys,18,0,17,0,1,0,22,0,1039,13,1061,13,0,1,0,1,0,16,0,1,1
06-15-20,Jackson,24,0,24,0,0,0,27,0,759,1,786,1,0,0,0,2,0,22,0,1,0
06-15-20,Jefferson,47,3,42,3,5,0,44,3,3135,19,3179,22,0,0,2,11,1,36,0,1,0
06-15-20,Johnson,26,0,26,0,0,0,24,0,2315,177,2339,177,0,0,0,7,0,19,0,1,0
06-15-20,Knox,566,8,558,8,8,0,625,9,25701,212,26326,221,0,5,-4,88,12,473,0,54,5
06-15-20,Lake,686,0,684,0,2,0,849,0,3619,1,4468,1,0,0,0,6,0,680,0,3,0
06-15-20,Lauderdale,68,2,66,1,2,1,86,1,3784,23,3870,24,0,1,2,5,0,62,0,9,1
06-15-20,Lawrence,66,6,66,6,0,0,64,2,2159,42,2223,44,0,1,6,31,0,34,0,7,2
06-15-20,Lewis,6,0,6,0,0,0,7,0,588,6,595,6,0,0,0,2,0,4,0,0,0
06-15-20,Lincoln,48,0,48,0,0,0,56,3,1759,94,1815,97,0,0,-1,15,1,33,0,4,0
06-15-20,Loudon,193,3,179,3,14,0,192,2,3053,15,3245,17,0,1,0,19,3,173,0,10,2
06-15-20,Macon,210,5,210,5,0,0,236,4,1801,25,2037,29,0,3,-6,26,11,181,0,14,3
06-15-20,Madison,181,0,181,0,0,0,216,0,6169,35,6385,35,0,2,-2,1,2,178,0,21,2
06-15-20,Marion,49,0,48,0,1,0,56,0,1185,41,1241,41,0,2,0,5,0,42,0,14,2
06-15-20,Marshall,43,1,43,1,0,0,52,1,1364,21,1416,22,0,1,1,7,0,35,0,6,1
06-15-20,Maury,168,12,168,12,0,0,189,10,4038,41,4227,51,0,1,7,46,5,121,1,12,1
06-15-20,McMinn,176,0,176,0,0,0,203,0,3442,26,3645,26,0,14,0,21,0,141,0,23,17
06-15-20,McNairy,30,0,30,0,0,0,35,1,1146,7,1181,8,0,0,-1,10,1,20,0,2,0
06-15-20,Meigs,28,0,28,0,0,0,40,1,739,7,779,8,0,0,0,1,0,27,0,4,0
06-15-20,Monroe,96,1,88,1,8,0,104,3,1639,8,1743,11,0,4,0,2,1,90,0,8,3
06-15-20,Montgomery,348,8,344,8,4,0,396,8,10463,140,10859,148,0,5,-2,35,10,308,0,30,7
06-15-20,Moore,6,0,6,0,0,0,7,0,448,3,455,3,0,0,-1,0,1,6,0,0,0
06-15-20,Morgan,20,0,20,0,0,0,22,0,3491,9,3513,9,0,0,0,2,0,18,0,1,1
06-15-20,Obion,66,1,64,1,2,0,72,2,1875,12,1947,14,0,1,-2,7,3,58,0,9,1
06-15-20,Out of State,316,2,316,2,0,0,340,3,72321,858,72661,861,0,8,-2,29,4,279,0,22,2
06-15-20,Overton,43,1,43,1,0,0,44,1,1733,20,1777,21,0,0,1,4,0,39,0,2,0
06-15-20,Pending,3,0,3,0,0,0,5,0,47610,613,47615,613,0,0,0,-1,0,4,0,0,0
06-15-20,Perry,28,0,28,0,0,0,33,2,503,2,536,4,0,0,0,3,0,25,0,1,0
06-15-20,Pickett,4,0,4,0,0,0,4,0,422,7,426,7,0,0,0,0,0,4,0,0,0
06-15-20,Polk,32,0,31,0,1,0,36,0,784,9,820,9,0,0,-3,5,3,27,0,3,0
06-15-20,Putnam,599,1,596,1,3,0,707,2,7170,28,7877,30,0,6,-12,78,13,515,1,17,6
06-15-20,Rhea,235,1,235,1,0,0,247,2,2127,43,2374,45,0,0,-2,22,3,213,0,2,0
06-15-20,Roane,31,0,24,0,7,0,35,0,4562,27,4597,27,0,0,0,5,0,26,0,4,0
06-15-20,Robertson,657,13,655,13,2,0,788,18,4736,101,5524,119,0,9,-2,65,15,583,1,54,11
06-15-20,Rutherford,1805,55,1799,55,6,0,2125,69,15899,326,18024,395,0,30,-2,272,57,1503,2,110,34
06-15-20,Scott,13,0,12,0,1,0,12,0,941,1,953,1,0,0,-1,-1,1,14,0,0,0
06-15-20,Sequatchie,27,0,27,0,0,0,34,1,1144,22,1178,23,0,0,0,2,0,25,0,2,0
06-15-20,Sevier,275,33,256,25,19,8,266,20,6114,50,6380,70,0,2,13,133,20,140,1,14,3
06-15-20,Shelby,6995,191,6977,191,18,0,8379,239,94359,1807,102738,2046,2,153,25,1090,164,5752,9,738,167
06-15-20,Smith,41,0,39,0,2,0,46,0,1207,9,1253,9,0,1,-1,2,1,38,0,3,1
06-15-20,Stewart,16,0,16,0,0,0,16,0,626,6,642,6,0,0,0,2,0,14,0,2,0
06-15-20,Sullivan,71,0,68,0,3,0,72,0,5715,54,5787,54,0,2,-2,5,2,64,0,7,2
06-15-20,Sumner,1120,14,1111,14,9,0,1422,17,9950,109,11372,126,0,48,-5,102,19,970,1,212,50
06-15-20,Tipton,532,6,528,6,4,0,564,7,5894,89,6458,96,0,3,-1,40,7,489,0,25,4
06-15-20,Trousdale,1460,2,1457,2,3,0,1491,1,2109,9,3600,10,0,4,1,62,1,1394,0,14,4
06-15-20,Unicoi,52,0,52,0,0,0,57,0,1101,134,1158,134,0,0,-5,4,5,48,0,0,0
06-15-20,Union,8,0,8,0,0,0,8,0,820,110,828,110,0,0,0,4,0,4,0,0,0
06-15-20,Van Buren,5,1,5,1,0,0,5,1,410,6,415,7,0,0,1,1,0,4,0,1,0
06-15-20,Warren,32,0,32,0,0,0,32,0,2358,24,2390,24,0,0,-2,2,2,30,0,0,0
06-15-20,Washington,88,1,87,0,1,1,111,2,5255,76,5366,78,0,0,0,10,1,78,0,6,0
06-15-20,Wayne,64,0,64,0,0,0,65,0,2391,6,2456,6,0,0,0,0,0,64,0,2,0
06-15-20,Weakley,35,1,35,1,0,0,36,1,1743,22,1779,23,0,0,-2,1,3,34,0,2,0
06-15-20,White,53,0,51,0,2,0,61,0,1995,33,2056,33,1,2,-4,8,3,43,0,5,3
06-15-20,Williamson,699,19,695,18,4,1,797,20,12709,304,13506,324,0,12,4,76,15,611,1,47,12
06-15-20,Wilson,548,17,545,17,3,0,655,11,8118,117,8773,128,1,13,3,51,13,484,1,48,14
06-14-20,Anderson,61,2,57,1,4,1,71,0,6171,180,6242,180,0,2,1,14,1,45,1,6,2
06-14-20,Bedford,379,0,379,0,0,0,427,6,3084,41,3511,47,0,4,0,75,0,300,0,16,5
06-14-20,Benton,8,0,8,0,0,0,9,0,943,9,952,9,0,1,0,0,0,7,0,2,1
06-14-20,Bledsoe,619,0,619,0,0,0,630,0,3460,18,4090,18,0,1,0,3,0,615,0,6,1
06-14-20,Blount,104,0,100,0,4,0,124,0,4981,169,5105,169,0,3,0,2,0,99,0,6,3
06-14-20,Bradley,283,4,270,3,13,1,301,9,4237,141,4538,150,0,2,-2,84,6,197,0,24,2
06-14-20,Campbell,24,0,21,0,3,0,29,0,2259,78,2288,78,0,1,0,3,0,20,0,2,1
06-14-20,Cannon,23,0,23,0,0,0,36,1,766,8,802,9,0,0,0,1,0,22,0,4,0
06-14-20,Carroll,33,0,28,0,5,0,30,0,1689,26,1719,26,0,1,0,0,0,32,0,5,1
06-14-20,Carter,23,0,22,0,1,0,26,0,2231,59,2257,59,0,1,0,-1,0,23,0,2,1
06-14-20,Cheatham,167,1,167,1,0,0,205,1,2285,100,2490,101,0,0,0,14,1,153,0,12,0
06-14-20,Chester,14,0,14,0,0,0,16,0,794,6,810,6,0,0,0,-1,0,15,0,1,0
06-14-20,Claiborne,14,0,14,0,0,0,16,0,1057,50,1073,50,0,0,0,2,0,12,0,1,0
06-14-20,Clay,13,1,13,1,0,0,13,1,581,7,594,8,0,0,1,3,0,10,0,0,0
06-14-20,Cocke,26,0,23,0,3,0,29,0,1544,27,1573,27,0,0,0,3,0,23,0,1,0
06-14-20,Coffee,92,0,91,0,1,0,107,3,3217,61,3324,64,0,0,-2,12,2,80,0,5,0
06-14-20,Crockett,19,0,17,0,2,0,24,0,671,6,695,6,0,3,-2,-1,2,17,0,2,3
06-14-20,Cumberland,138,0,134,0,4,0,180,2,5540,55,5720,57,0,2,-1,9,1,127,0,12,3
06-14-20,Davidson,6752,153,6745,153,7,0,7886,187,71145,1918,79031,2105,0,84,76,871,77,5797,6,464,96
06-14-20,Decatur,14,0,14,0,0,0,16,0,675,6,691,6,0,0,0,9,0,5,0,1,0
06-14-20,Dekalb,41,0,41,0,0,0,49,0,1554,13,1603,13,0,0,0,3,0,38,0,0,0
06-14-20,Dickson,138,1,138,1,0,0,184,3,2875,116,3059,119,0,0,1,12,0,126,0,13,0
06-14-20,Dyer,101,7,94,5,7,2,105,3,2115,22,2220,25,0,0,5,34,2,67,0,7,0
06-14-20,Fayette,182,8,181,8,1,0,238,6,4209,64,4447,70,0,2,7,27,1,153,0,21,3
06-14-20,Fentress,14,0,14,0,0,0,14,0,1092,31,1106,31,0,0,0,2,0,12,0,1,0
06-14-20,Franklin,64,1,62,1,2,0,76,1,2383,35,2459,36,0,2,0,7,1,55,0,7,2
06-14-20,Gibson,70,1,66,1,4,0,77,0,2754,24,2831,24,0,1,1,-1,0,70,0,5,1
06-14-20,Giles,23,0,23,0,0,0,30,2,1435,47,1465,49,0,0,0,9,0,14,0,4,0
06-14-20,Grainger,21,1,19,1,2,0,28,1,1001,35,1029,36,0,0,1,4,0,17,0,4,0
06-14-20,Greene,52,0,51,0,1,0,59,0,3056,204,3115,204,0,2,0,-1,0,51,0,8,2
06-14-20,Grundy,32,1,32,1,0,0,39,1,578,15,617,16,0,1,1,3,0,28,0,10,1
06-14-20,Hamblen,76,1,67,1,9,0,75,1,3892,66,3967,67,0,3,-1,19,2,54,0,13,3
06-14-20,Hamilton,1658,83,1654,83,4,0,1727,89,22827,1242,24554,1331,0,20,33,302,50,1336,2,88,21
06-14-20,Hancock,1,0,1,0,0,0,1,0,292,7,293,7,0,0,0,0,0,1,0,0,0
06-14-20,Hardeman,225,4,225,4,0,0,233,1,5566,14,5799,15,0,0,4,13,0,212,0,11,1
06-14-20,Hardin,40,5,40,5,0,0,43,2,2201,6,2244,8,1,4,4,10,0,26,0,7,4
06-14-20,Hawkins,34,0,34,0,0,0,48,0,2409,40,2457,40,0,2,0,-1,0,33,0,6,2
06-14-20,Haywood,38,0,37,0,1,0,40,0,1159,12,1199,12,0,2,0,1,0,35,0,6,2
06-14-20,Henderson,18,1,18,1,0,0,22,1,1357,16,1379,17,0,0,1,5,0,13,0,0,0
06-14-20,Henry,34,0,34,0,0,0,44,0,2017,21,2061,21,0,0,0,2,0,32,0,5,0
06-14-20,Hickman,60,0,60,0,0,0,85,0,1311,21,1396,21,0,0,-1,1,1,59,0,2,0
06-14-20,Houston,11,0,11,0,0,0,15,0,620,13,635,13,0,0,0,2,0,9,0,5,0
06-14-20,Humphreys,18,0,17,0,1,0,22,1,1026,14,1048,15,0,1,0,1,0,16,0,1,1
06-14-20,Jackson,24,0,24,0,0,0,27,0,758,11,785,11,0,0,0,2,0,22,0,1,0
06-14-20,Jefferson,44,1,39,1,5,0,41,2,3116,52,3157,54,0,0,1,9,0,35,0,1,0
06-14-20,Johnson,26,1,26,1,0,0,24,0,2138,10,2162,10,0,0,0,7,1,19,0,1,0
06-14-20,Knox,558,8,550,8,8,0,616,9,25489,611,26105,620,0,5,4,92,4,461,0,54,5
06-14-20,Lake,686,0,684,0,2,0,849,0,3618,7,4467,7,0,0,0,6,0,680,0,3,0
06-14-20,Lauderdale,66,3,65,3,1,0,85,2,3761,12,3846,14,0,1,3,3,0,62,1,9,1
06-14-20,Lawrence,60,0,60,0,0,0,62,5,2117,71,2179,76,0,1,0,25,0,34,0,7,1
06-14-20,Lewis,6,1,6,1,0,0,7,1,582,10,589,11,0,0,1,2,0,4,0,0,0
06-14-20,Lincoln,48,0,48,0,0,0,53,6,1665,53,1718,59,0,0,-1,16,1,32,0,4,0
06-14-20,Loudon,190,0,176,0,14,0,190,1,3038,106,3228,107,0,1,-6,19,6,170,0,10,2
06-14-20,Macon,205,0,205,0,0,0,232,0,1776,21,2008,21,0,3,-1,32,1,170,0,14,3
06-14-20,Madison,181,1,181,1,0,0,216,2,6134,76,6350,78,0,2,1,3,0,176,0,21,2
06-14-20,Marion,49,0,48,0,1,0,56,0,1144,26,1200,26,0,2,0,5,0,42,0,14,2
06-14-20,Marshall,42,0,42,0,0,0,51,0,1343,25,1394,25,0,1,0,6,0,35,0,6,1
06-14-20,Maury,156,7,156,7,0,0,179,11,3997,49,4176,60,0,1,6,39,1,116,0,11,1
06-14-20,McMinn,176,4,176,4,0,0,203,4,3416,49,3619,53,0,14,0,21,4,141,0,23,16
06-14-20,McNairy,30,4,30,4,0,0,34,2,1139,9,1173,11,0,0,3,11,1,19,0,2,0
06-14-20,Meigs,28,0,28,0,0,0,39,0,732,11,771,11,0,0,-1,1,1,27,0,4,0
06-14-20,Monroe,95,0,87,0,8,0,101,0,1631,30,1732,30,0,4,0,2,0,89,0,8,3
06-14-20,Montgomery,340,1,336,1,4,0,388,2,10323,121,10711,123,0,5,-6,37,7,298,0,30,7
06-14-20,Moore,6,0,6,0,0,0,7,0,445,12,452,12,0,0,0,1,0,5,0,0,0
06-14-20,Morgan,20,1,20,1,0,0,22,1,3482,20,3504,21,0,0,1,2,0,18,1,1,0
06-14-20,Obion,65,2,63,2,2,0,70,1,1863,40,1933,41,0,1,0,9,2,55,0,9,1
06-14-20,Out of State,314,10,314,10,0,0,337,9,71463,1359,71800,1368,1,8,8,31,1,275,0,22,2
06-14-20,Overton,42,0,42,0,0,0,43,0,1713,20,1756,20,0,0,0,3,0,39,0,2,0
06-14-20,Pending,3,0,3,0,0,0,5,0,46997,827,47002,827,0,0,0,-1,0,4,0,0,0
06-14-20,Perry,28,0,28,0,0,0,31,1,501,7,532,8,0,0,0,3,0,25,0,1,0
06-14-20,Pickett,4,0,4,0,0,0,4,0,415,4,419,4,0,0,0,0,0,4,0,0,0
06-14-20,Polk,32,0,31,0,1,0,36,1,775,11,811,12,0,0,0,8,0,24,0,3,0
06-14-20,Putnam,598,20,595,20,3,0,705,22,7142,170,7847,192,0,6,15,90,5,502,0,16,6
06-14-20,Rhea,234,4,234,4,0,0,245,7,2084,54,2329,61,0,0,3,24,1,210,0,2,0
06-14-20,Roane,31,0,24,0,7,0,35,0,4535,74,4570,74,0,0,0,5,0,26,0,4,0
06-14-20,Robertson,644,16,642,16,2,0,770,15,4635,41,5405,56,1,9,10,67,5,568,0,53,11
06-14-20,Rutherford,1750,25,1744,25,6,0,2056,39,15573,231,17629,270,0,30,0,274,25,1446,2,108,33
06-14-20,Scott,13,0,12,0,1,0,12,0,940,10,952,10,0,0,0,0,0,13,0,0,0
06-14-20,Sequatchie,27,0,27,0,0,0,33,0,1122,15,1155,15,0,0,-2,2,2,25,0,2,0
06-14-20,Sevier,242,7,231,7,11,0,246,9,6064,58,6310,67,0,2,0,120,7,120,0,13,2
06-14-20,Shelby,6804,175,6786,175,18,0,8140,219,92552,2548,100692,2767,0,151,88,1065,87,5588,12,729,162
06-14-20,Smith,41,1,39,1,2,0,46,1,1198,19,1244,20,0,1,1,3,0,37,1,3,1
06-14-20,Stewart,16,2,16,2,0,0,16,2,620,11,636,13,0,0,2,2,0,14,0,2,0
06-14-20,Sullivan,71,0,68,0,3,0,72,0,5661,95,5733,95,0,2,0,7,0,62,0,7,2
06-14-20,Sumner,1106,13,1097,13,9,0,1405,14,9841,214,11246,228,0,48,7,107,6,951,0,211,50
06-14-20,Tipton,526,11,522,10,4,1,557,11,5805,82,6362,93,0,3,4,41,7,482,0,25,4
06-14-20,Trousdale,1458,0,1455,0,3,0,1490,0,2100,18,3590,18,0,4,0,61,0,1393,0,14,4
06-14-20,Unicoi,52,0,52,0,0,0,57,0,967,11,1024,11,0,0,-2,9,2,43,0,0,0
06-14-20,Union,8,0,8,0,0,0,8,0,710,30,718,30,0,0,0,4,0,4,0,0,0
06-14-20,Van Buren,4,0,4,0,0,0,4,0,404,5,408,5,0,0,0,0,0,4,0,1,0
06-14-20,Warren,32,0,32,0,0,0,32,0,2334,35,2366,35,0,0,-1,4,1,28,0,0,0
06-14-20,Washington,87,0,87,0,0,0,109,0,5179,200,5288,200,0,0,0,10,0,77,0,6,0
06-14-20,Wayne,64,0,64,0,0,0,65,0,2385,3,2450,3,0,0,0,0,0,64,0,2,0
06-14-20,Weakley,34,0,34,0,0,0,35,0,1721,22,1756,22,0,0,0,3,0,31,0,2,0
06-14-20,White,53,1,51,1,2,0,61,2,1962,35,2023,37,0,1,1,12,0,40,0,5,3
06-14-20,Williamson,680,8,677,8,3,0,777,11,12405,240,13182,251,0,12,-2,72,10,596,0,46,12
06-14-20,Wilson,531,5,528,5,3,0,644,5,8001,120,8645,125,0,12,-6,48,11,471,0,47,13
06-13-20,Anderson,59,1,56,0,3,1,71,1,5991,41,6062,42,0,2,0,13,1,44,0,5,2
06-13-20,Bedford,379,0,379,0,0,0,421,29,3043,226,3464,255,0,4,-1,75,1,300,0,16,5
06-13-20,Benton,8,0,8,0,0,0,9,0,934,5,943,5,0,1,0,0,0,7,0,2,1
06-13-20,Bledsoe,619,0,619,0,0,0,630,0,3442,9,4072,9,0,1,0,3,0,615,0,6,1
06-13-20,Blount,104,1,100,1,4,0,124,2,4812,162,4936,164,0,3,0,2,1,99,0,6,3
06-13-20,Bradley,279,11,267,10,12,1,292,11,4096,136,4388,147,0,2,2,86,9,191,0,24,2
06-13-20,Campbell,24,0,21,0,3,0,29,0,2181,23,2210,23,0,1,0,3,0,20,0,2,1
06-13-20,Cannon,23,0,23,0,0,0,35,0,758,11,793,11,0,0,-1,1,1,22,0,4,0
06-13-20,Carroll,33,1,28,1,5,0,30,0,1663,12,1693,12,0,1,1,0,0,32,0,5,1
06-13-20,Carter,23,0,22,0,1,0,26,0,2172,30,2198,30,0,1,0,-1,0,23,0,2,1
06-13-20,Cheatham,166,0,166,0,0,0,204,1,2185,17,2389,18,0,0,-2,14,2,152,0,12,0
06-13-20,Chester,14,0,14,0,0,0,16,0,788,5,804,5,0,0,0,-1,0,15,0,1,0
06-13-20,Claiborne,14,0,14,0,0,0,16,0,1007,5,1023,5,0,0,0,2,0,12,0,1,0
06-13-20,Clay,12,0,12,0,0,0,12,0,574,3,586,3,0,0,0,2,0,10,0,0,0
06-13-20,Cocke,26,0,23,0,3,0,29,0,1517,11,1546,11,0,0,0,3,0,23,0,1,0
06-13-20,Coffee,92,0,91,0,1,0,104,2,3156,96,3260,98,0,0,-2,14,2,78,0,5,0
06-13-20,Crockett,19,0,17,0,2,0,24,0,665,4,689,4,0,3,0,1,0,15,0,2,3
06-13-20,Cumberland,138,0,134,0,4,0,178,0,5485,71,5663,71,0,2,0,10,0,126,0,12,3
06-13-20,Davidson,6599,154,6592,154,7,0,7699,174,69227,1422,76926,1596,0,84,74,795,80,5720,6,458,93
06-13-20,Decatur,14,0,14,0,0,0,16,0,669,9,685,9,0,0,0,9,0,5,0,1,0
06-13-20,Dekalb,41,0,41,0,0,0,49,0,1541,18,1590,18,0,0,0,3,0,38,0,0,0
06-13-20,Dickson,137,2,137,2,0,0,181,4,2759,71,2940,75,0,0,1,11,1,126,0,13,0
06-13-20,Dyer,94,8,89,8,5,0,102,6,2093,30,2195,36,0,0,6,29,2,65,1,7,0
06-13-20,Fayette,174,2,173,2,1,0,232,6,4145,57,4377,63,0,2,1,20,1,152,0,21,3
06-13-20,Fentress,14,0,14,0,0,0,14,0,1061,6,1075,6,0,0,0,2,0,12,0,1,0
06-13-20,Franklin,63,3,61,3,2,0,75,3,2348,56,2423,59,0,2,2,7,1,54,0,7,2
06-13-20,Gibson,69,0,65,0,4,0,77,0,2730,30,2807,30,0,1,-1,-2,1,70,0,5,1
06-13-20,Giles,23,1,23,1,0,0,28,1,1388,21,1416,22,0,0,1,9,0,14,0,4,0
06-13-20,Grainger,20,0,18,0,2,0,27,0,966,16,993,16,0,0,-1,3,1,17,0,4,0
06-13-20,Greene,52,0,51,0,1,0,59,0,2852,46,2911,46,0,2,0,-1,0,51,0,8,2
06-13-20,Grundy,31,1,31,1,0,0,38,1,563,8,601,9,0,1,1,2,0,28,0,10,1
06-13-20,Hamblen,75,0,66,0,9,0,74,0,3826,47,3900,47,0,3,-2,20,2,52,0,13,3
06-13-20,Hamilton,1575,102,1571,102,4,0,1638,115,21585,817,23223,932,0,20,47,269,55,1286,1,86,21
06-13-20,Hancock,1,0,1,0,0,0,1,0,285,6,286,6,0,0,0,0,0,1,0,0,0
06-13-20,Hardeman,221,1,221,1,0,0,232,1,5552,20,5784,21,0,0,-3,9,4,212,1,11,1
06-13-20,Hardin,35,2,35,2,0,0,41,1,2195,30,2236,31,0,3,-1,6,3,26,0,7,4
06-13-20,Hawkins,34,0,34,0,0,0,48,0,2369,9,2417,9,0,2,0,-1,0,33,0,6,2
06-13-20,Haywood,38,1,37,1,1,0,40,1,1147,5,1187,6,0,2,0,1,1,35,0,6,2
06-13-20,Henderson,17,0,17,0,0,0,21,0,1341,7,1362,7,0,0,0,4,0,13,0,0,0
06-13-20,Henry,34,1,34,1,0,0,44,1,1996,62,2040,63,0,0,1,2,0,32,0,5,0
06-13-20,Hickman,60,0,60,0,0,0,85,0,1290,12,1375,12,0,0,0,2,0,58,0,2,0
06-13-20,Houston,11,0,11,0,0,0,15,0,607,8,622,8,0,0,0,2,0,9,0,5,0
06-13-20,Humphreys,18,0,17,0,1,0,21,0,1012,7,1033,7,0,1,0,1,0,16,0,1,1
06-13-20,Jackson,24,0,24,0,0,0,27,0,747,4,774,4,0,0,0,2,0,22,0,1,0
06-13-20,Jefferson,43,1,38,1,5,0,39,1,3064,21,3103,22,0,0,1,8,0,35,0,1,0
06-13-20,Johnson,25,0,25,0,0,0,24,0,2128,12,2152,12,0,0,-1,7,1,18,0,1,0
06-13-20,Knox,550,10,542,8,8,2,607,9,24878,258,25485,267,0,5,2,88,8,457,3,54,5
06-13-20,Lake,686,0,684,0,2,0,849,0,3611,7,4460,7,0,0,-1,6,1,680,0,3,0
06-13-20,Lauderdale,63,2,62,2,1,0,83,2,3749,35,3832,37,0,1,1,0,1,62,0,8,1
06-13-20,Lawrence,60,4,60,4,0,0,57,1,2046,18,2103,19,1,1,3,25,0,34,0,7,1
06-13-20,Lewis,5,0,5,0,0,0,6,1,572,6,578,7,0,0,0,1,0,4,0,0,0
06-13-20,Lincoln,48,3,48,3,0,0,47,2,1612,24,1659,26,0,0,3,17,0,31,0,4,0
06-13-20,Loudon,190,7,176,7,14,0,189,7,2932,16,3121,23,0,1,3,25,4,164,0,10,2
06-13-20,Macon,205,13,205,13,0,0,232,14,1755,23,1987,37,0,3,10,33,3,169,0,14,3
06-13-20,Madison,180,0,180,0,0,0,214,0,6058,126,6272,126,0,2,-2,2,2,176,0,21,2
06-13-20,Marion,49,1,48,1,1,0,56,2,1118,42,1174,44,0,2,0,5,1,42,0,14,2
06-13-20,Marshall,42,1,42,1,0,0,51,2,1318,17,1369,19,0,1,-1,6,2,35,0,6,1
06-13-20,Maury,149,3,149,3,0,0,168,4,3948,58,4116,62,0,1,-3,33,6,115,0,11,1
06-13-20,McMinn,172,3,172,3,0,0,199,4,3367,49,3566,53,0,14,0,21,3,137,0,23,15
06-13-20,McNairy,26,0,26,0,0,0,32,0,1130,8,1162,8,0,0,-2,8,2,18,0,2,0
06-13-20,Meigs,28,0,28,0,0,0,39,0,721,84,760,84,0,0,0,2,0,26,0,4,0
06-13-20,Monroe,95,0,87,0,8,0,101,0,1601,14,1702,14,0,4,-2,2,2,89,0,8,3
06-13-20,Montgomery,339,9,335,9,4,0,386,11,10202,186,10588,197,0,5,6,43,3,291,0,30,7
06-13-20,Moore,6,0,6,0,0,0,7,0,433,5,440,5,0,0,0,1,0,5,0,0,0
06-13-20,Morgan,19,0,19,0,0,0,21,0,3462,10,3483,10,0,0,0,1,0,18,0,0,0
06-13-20,Obion,63,5,61,5,2,0,69,6,1823,31,1892,37,0,1,-3,9,8,53,0,9,1
06-13-20,Out of State,304,0,304,0,0,0,328,0,70104,1095,70432,1095,0,7,-1,23,1,274,0,22,2
06-13-20,Overton,42,0,42,0,0,0,43,0,1693,20,1736,20,0,0,0,3,0,39,0,2,0
06-13-20,Pending,3,0,3,0,0,0,5,0,46170,617,46175,617,0,0,0,-1,0,4,0,0,0
06-13-20,Perry,28,0,28,0,0,0,30,0,494,0,524,0,0,0,0,3,0,25,0,1,0
06-13-20,Pickett,4,0,4,0,0,0,4,0,411,1,415,1,0,0,0,0,0,4,0,0,0
06-13-20,Polk,32,1,31,1,1,0,35,1,764,19,799,20,0,0,1,8,0,24,0,3,0
06-13-20,Putnam,578,1,575,1,3,0,683,2,6972,28,7655,30,0,6,0,75,1,497,0,16,6
06-13-20,Rhea,230,10,230,10,0,0,238,9,2030,66,2268,75,0,0,10,21,0,209,0,2,0
06-13-20,Roane,31,0,24,0,7,0,35,1,4461,76,4496,77,0,0,-1,5,1,26,0,4,0
06-13-20,Robertson,628,11,626,11,2,0,755,32,4594,84,5349,116,0,8,3,57,8,563,1,53,11
06-13-20,Rutherford,1725,32,1719,32,6,0,2017,51,15342,426,17359,477,0,30,16,274,16,1421,1,106,33
06-13-20,Scott,13,0,12,0,1,0,12,0,930,6,942,6,0,0,0,0,0,13,0,0,0
06-13-20,Sequatchie,27,0,27,0,0,0,33,2,1107,13,1140,15,0,0,0,4,0,23,0,2,0
06-13-20,Sevier,235,0,224,0,11,0,237,7,6006,72,6243,79,0,2,-4,120,4,113,0,13,2
06-13-20,Shelby,6629,103,6611,103,18,0,7921,158,90004,1833,97925,1991,0,151,7,977,96,5501,6,717,160
06-13-20,Smith,40,0,38,0,2,0,45,1,1179,8,1224,9,0,1,0,2,0,37,0,2,1
06-13-20,Stewart,14,0,14,0,0,0,14,0,609,10,623,10,0,0,0,0,0,14,0,2,0
06-13-20,Sullivan,71,0,68,0,3,0,72,0,5566,16,5638,16,0,2,0,7,0,62,0,7,2
06-13-20,Sumner,1093,10,1084,10,9,0,1391,20,9627,126,11018,146,1,48,-2,100,11,945,1,211,50
06-13-20,Tipton,515,7,512,6,3,1,546,3,5723,108,6269,111,0,3,4,37,3,475,0,25,3
06-13-20,Trousdale,1458,0,1455,0,3,0,1490,0,2082,7,3572,7,0,4,-1,61,1,1393,0,14,4
06-13-20,Unicoi,52,0,52,0,0,0,57,0,956,13,1013,13,0,0,-3,11,3,41,0,0,0
06-13-20,Union,8,0,8,0,0,0,8,0,680,9,688,9,0,0,0,4,0,4,0,0,0
06-13-20,Van Buren,4,0,4,0,0,0,4,0,399,5,403,5,0,0,0,0,0,4,0,1,0
06-13-20,Warren,32,1,32,1,0,0,32,1,2299,23,2331,24,0,0,-1,5,2,27,0,0,0
06-13-20,Washington,87,0,87,0,0,0,109,0,4979,21,5088,21,0,0,0,10,0,77,0,6,0
06-13-20,Wayne,64,0,64,0,0,0,65,0,2382,7,2447,7,0,0,0,0,0,64,0,2,0
06-13-20,Weakley,34,1,34,1,0,0,35,1,1699,13,1734,14,0,0,1,3,0,31,0,2,0
06-13-20,White,52,1,50,1,2,0,59,1,1927,61,1986,62,1,1,-1,11,1,40,0,5,2
06-13-20,Williamson,672,6,669,6,3,0,766,10,12165,297,12931,307,0,12,-4,74,10,586,0,46,12
06-13-20,Wilson,526,3,523,3,3,0,639,6,7881,140,8520,146,1,12,-2,54,4,460,0,47,12
06-12-20,Anderson,58,2,56,2,2,0,70,4,5950,94,6020,98,0,2,2,13,0,43,0,5,2
06-12-20,Bedford,379,2,379,2,0,0,392,1,2817,11,3209,12,0,4,-5,76,7,299,0,16,5
06-12-20,Benton,8,0,8,0,0,0,9,0,929,1,938,1,0,1,0,0,0,7,0,2,1
06-12-20,Bledsoe,619,0,619,0,0,0,630,1,3433,5,4063,6,0,1,0,3,0,615,0,6,1
06-12-20,Blount,103,1,99,1,4,0,122,3,4650,53,4772,56,0,3,1,2,0,98,0,6,3
06-12-20,Bradley,268,4,257,3,11,1,281,6,3960,17,4241,23,0,2,-12,84,16,182,0,24,2
06-12-20,Campbell,24,2,21,2,3,0,29,2,2158,19,2187,21,0,1,2,3,0,20,0,2,1
06-12-20,Cannon,23,0,23,0,0,0,35,0,747,18,782,18,0,0,0,2,0,21,0,4,0
06-12-20,Carroll,32,1,27,1,5,0,30,1,1651,6,1681,7,0,1,1,-1,0,32,0,5,1
06-12-20,Carter,23,0,22,0,1,0,26,0,2142,20,2168,20,0,1,0,-1,0,23,0,2,1
06-12-20,Cheatham,166,2,166,2,0,0,203,2,2168,13,2371,15,0,0,-1,16,3,150,0,12,0
06-12-20,Chester,14,0,14,0,0,0,16,0,783,7,799,7,0,0,0,-1,0,15,0,1,0
06-12-20,Claiborne,14,0,14,0,0,0,16,0,1002,18,1018,18,0,0,0,2,0,12,0,1,0
06-12-20,Clay,12,1,12,1,0,0,12,1,571,1,583,2,0,0,1,2,0,10,0,0,0
06-12-20,Cocke,26,0,23,0,3,0,29,0,1506,19,1535,19,0,0,0,3,0,23,0,1,0
06-12-20,Coffee,92,2,91,2,1,0,102,1,3060,11,3162,12,0,0,1,16,1,76,0,5,0
06-12-20,Crockett,19,0,17,0,2,0,24,0,661,2,685,2,0,3,0,1,0,15,0,2,3
06-12-20,Cumberland,138,1,134,1,4,0,178,2,5414,71,5592,73,0,2,0,10,1,126,0,12,3
06-12-20,Davidson,6445,88,6438,88,7,0,7525,106,67805,668,75330,774,3,84,-19,721,104,5640,10,452,91
06-12-20,Decatur,14,0,14,0,0,0,16,0,660,8,676,8,0,0,0,9,0,5,0,1,0
06-12-20,Dekalb,41,0,41,0,0,0,49,0,1523,11,1572,11,0,0,-1,3,1,38,0,0,0
06-12-20,Dickson,135,3,135,3,0,0,177,3,2688,15,2865,18,0,0,3,10,0,125,0,13,0
06-12-20,Dyer,86,3,81,3,5,0,96,4,2063,8,2159,12,0,0,2,23,1,63,0,6,0
06-12-20,Fayette,172,2,171,2,1,0,226,2,4088,47,4314,49,0,2,-7,19,9,151,0,21,3
06-12-20,Fentress,14,1,14,1,0,0,14,1,1055,13,1069,14,0,0,1,2,0,12,0,1,0
06-12-20,Franklin,60,1,58,1,2,0,72,2,2292,10,2364,12,0,2,1,5,0,53,1,7,2
06-12-20,Gibson,69,0,65,0,4,0,77,0,2700,4,2777,4,0,1,0,-1,0,69,0,5,1
06-12-20,Giles,22,0,22,0,0,0,27,0,1367,7,1394,7,0,0,0,8,0,14,0,4,0
06-12-20,Grainger,20,1,18,1,2,0,27,1,950,21,977,22,0,0,1,4,0,16,0,4,0
06-12-20,Greene,52,0,51,0,1,0,59,0,2806,20,2865,20,0,2,0,-1,0,51,0,8,2
06-12-20,Grundy,30,0,30,0,0,0,37,0,555,0,592,0,0,1,0,1,0,28,0,10,1
06-12-20,Hamblen,75,0,66,0,9,0,74,1,3779,45,3853,46,0,3,0,22,0,50,0,13,3
06-12-20,Hamilton,1473,101,1469,101,4,0,1523,96,20768,563,22291,659,1,20,34,222,66,1231,2,85,20
06-12-20,Hancock,1,0,1,0,0,0,1,0,279,10,280,10,0,0,0,0,0,1,0,0,0
06-12-20,Hardeman,220,1,220,1,0,0,231,2,5532,3,5763,5,0,0,0,12,1,208,0,10,1
06-12-20,Hardin,33,1,33,1,0,0,40,2,2165,29,2205,31,0,3,-1,7,2,23,1,7,3
06-12-20,Hawkins,34,0,34,0,0,0,48,0,2360,36,2408,36,0,2,-2,-1,2,33,0,6,2
06-12-20,Haywood,37,0,36,0,1,0,39,0,1142,5,1181,5,0,2,0,1,0,34,0,6,2
06-12-20,Henderson,17,1,17,1,0,0,21,1,1334,4,1355,5,0,0,1,4,0,13,0,0,0
06-12-20,Henry,33,0,33,0,0,0,43,0,1934,5,1977,5,0,0,0,1,0,32,0,5,0
06-12-20,Hickman,60,0,60,0,0,0,85,0,1278,7,1363,7,0,0,0,2,0,58,0,2,0
06-12-20,Houston,11,1,11,1,0,0,15,1,599,2,614,3,0,0,1,2,0,9,0,5,0
06-12-20,Humphreys,18,0,17,0,1,0,21,0,1005,22,1026,22,0,1,-1,1,1,16,0,1,1
06-12-20,Jackson,24,1,24,1,0,0,27,1,743,10,770,11,0,0,1,2,0,22,0,1,0
06-12-20,Jefferson,42,1,37,1,5,0,38,1,3043,40,3081,41,0,0,1,7,0,35,0,1,0
06-12-20,Johnson,25,0,25,0,0,0,24,0,2116,10,2140,10,0,0,-2,8,2,17,0,1,0
06-12-20,Knox,540,19,534,19,6,0,598,20,24620,760,25218,780,0,5,1,86,18,449,0,51,5
06-12-20,Lake,686,0,684,0,2,0,849,1,3604,8,4453,9,0,0,-19,7,19,679,0,3,0
06-12-20,Lauderdale,61,0,60,0,1,0,81,0,3714,6,3795,6,0,1,-1,-1,1,61,0,8,1
06-12-20,Lawrence,56,3,56,3,0,0,56,2,2028,11,2084,13,0,0,1,22,2,34,0,7,1
06-12-20,Lewis,5,0,5,0,0,0,5,0,566,3,571,3,0,0,0,1,0,4,0,0,0
06-12-20,Lincoln,45,2,45,2,0,0,45,1,1588,5,1633,6,0,0,1,14,1,31,0,4,0
06-12-20,Loudon,183,8,169,8,14,0,182,7,2916,391,3098,398,0,1,6,22,2,160,0,10,2
06-12-20,Macon,192,1,192,1,0,0,218,1,1732,27,1950,28,0,3,-3,23,4,166,0,14,3
06-12-20,Madison,180,0,180,0,0,0,214,0,5932,30,6146,30,0,2,0,4,0,174,0,21,2
06-12-20,Marion,48,0,47,0,1,0,54,0,1076,4,1130,4,1,2,-1,5,0,41,0,14,2
06-12-20,Marshall,41,0,41,0,0,0,49,0,1301,3,1350,3,0,1,0,7,0,33,0,6,1
06-12-20,Maury,146,1,146,1,0,0,164,1,3890,22,4054,23,0,1,-3,36,4,109,0,11,1
06-12-20,McMinn,169,0,169,0,0,0,195,1,3318,19,3513,20,0,14,-2,21,2,134,0,23,15
06-12-20,McNairy,26,1,26,1,0,0,32,1,1122,8,1154,9,0,0,0,10,1,16,0,2,0
06-12-20,Meigs,28,0,28,0,0,0,39,0,637,6,676,6,0,0,0,2,0,26,0,4,0
06-12-20,Monroe,95,2,87,2,8,0,101,3,1587,102,1688,105,0,4,0,4,2,87,0,8,3
06-12-20,Montgomery,330,4,326,4,4,0,375,5,10016,261,10391,266,1,5,-2,37,5,288,0,30,7
06-12-20,Moore,6,0,6,0,0,0,7,0,428,3,435,3,0,0,0,1,0,5,0,0,0
06-12-20,Morgan,19,1,19,1,0,0,21,1,3452,13,3473,14,0,0,1,1,0,18,0,0,0
06-12-20,Obion,58,0,56,0,2,0,63,1,1792,6,1855,7,0,1,-5,12,5,45,0,9,1
06-12-20,Out of State,304,3,304,3,0,0,328,4,69009,1060,69337,1064,2,7,-2,24,3,273,0,22,2
06-12-20,Overton,42,0,42,0,0,0,43,0,1673,12,1716,12,0,0,-2,3,2,39,0,2,0
06-12-20,Pending,3,0,3,0,0,0,5,0,45553,474,45558,474,0,0,0,-1,0,4,0,0,0
06-12-20,Perry,28,2,28,2,0,0,30,0,494,1,524,1,0,0,2,3,0,25,0,1,0
06-12-20,Pickett,4,0,4,0,0,0,4,0,410,1,414,1,0,0,0,0,0,4,0,0,0
06-12-20,Polk,31,0,30,0,1,0,34,0,745,0,779,0,0,0,0,7,0,24,0,3,0
06-12-20,Putnam,577,8,574,8,3,0,681,10,6944,171,7625,181,0,6,3,75,5,496,0,16,6
06-12-20,Rhea,220,1,220,1,0,0,229,1,1964,10,2193,11,0,0,0,11,1,209,0,2,0
06-12-20,Roane,31,0,24,0,7,0,34,1,4385,69,4419,70,0,0,0,6,0,25,0,4,0
06-12-20,Robertson,617,10,615,10,2,0,723,9,4510,64,5233,73,1,8,-4,54,13,555,1,52,11
06-12-20,Rutherford,1693,26,1687,26,6,0,1966,36,14916,165,16882,201,1,30,-33,258,58,1405,2,105,32
06-12-20,Scott,13,0,12,0,1,0,12,0,924,12,936,12,0,0,0,0,0,13,0,0,0
06-12-20,Sequatchie,27,1,27,1,0,0,31,1,1094,2,1125,3,0,0,1,4,0,23,0,2,0
06-12-20,Sevier,235,23,224,23,11,0,230,19,5934,179,6164,198,0,2,17,124,6,109,1,13,2
06-12-20,Shelby,6526,108,6508,108,18,0,7763,138,88171,2037,95934,2175,16,151,-41,970,133,5405,12,711,158
06-12-20,Smith,40,3,38,2,2,1,44,2,1171,93,1215,95,0,1,3,2,0,37,0,2,1
06-12-20,Stewart,14,0,14,0,0,0,14,0,599,4,613,4,0,0,0,0,0,14,0,2,0
06-12-20,Sullivan,71,1,68,1,3,0,72,1,5550,65,5622,66,0,2,1,7,0,62,0,7,2
06-12-20,Sumner,1083,16,1074,16,9,0,1371,20,9501,213,10872,233,0,47,8,102,8,934,1,210,50
06-12-20,Tipton,508,4,506,4,2,0,543,6,5615,80,6158,86,0,3,0,33,4,472,0,25,3
06-12-20,Trousdale,1458,55,1455,55,3,0,1490,58,2075,86,3565,144,0,4,54,62,1,1392,0,14,4
06-12-20,Unicoi,52,0,52,0,0,0,57,0,943,3,1000,3,0,0,-27,14,27,38,0,0,0
06-12-20,Union,8,1,8,1,0,0,8,2,671,11,679,13,0,0,1,4,0,4,0,0,0
06-12-20,Van Buren,4,0,4,0,0,0,4,0,394,0,398,0,0,0,0,0,0,4,0,1,0
06-12-20,Warren,31,0,31,0,0,0,31,0,2276,64,2307,64,0,0,-1,6,1,25,0,0,0
06-12-20,Washington,87,2,87,2,0,0,109,1,4958,51,5067,52,0,0,2,10,0,77,0,6,0
06-12-20,Wayne,64,0,64,0,0,0,65,0,2375,4,2440,4,0,0,-1,0,1,64,0,2,0
06-12-20,Weakley,33,1,33,1,0,0,34,1,1686,12,1720,13,0,0,1,2,0,31,0,2,0
06-12-20,White,51,0,49,0,2,0,58,0,1866,67,1924,67,0,0,-1,12,1,39,0,5,2
06-12-20,Williamson,666,11,663,10,3,1,756,13,11868,233,12624,246,1,12,0,78,10,576,0,46,12
06-12-20,Wilson,523,4,520,4,3,0,633,6,7741,68,8374,74,0,11,-1,56,5,456,0,47,12
06-11-20,Anderson,56,3,54,3,2,0,66,3,5856,128,5922,131,0,2,2,11,1,43,1,5,2
06-11-20,Bedford,377,5,377,5,0,0,391,1,2806,26,3197,27,0,4,-3,81,8,292,0,16,5
06-11-20,Benton,8,0,8,0,0,0,9,0,928,16,937,16,0,1,0,0,0,7,0,2,1
06-11-20,Bledsoe,619,0,619,0,0,0,629,0,3428,11,4057,11,0,1,0,3,0,615,0,6,1
06-11-20,Blount,102,1,98,1,4,0,119,2,4597,129,4716,131,0,3,1,1,0,98,0,6,3
06-11-20,Bradley,264,15,254,14,10,1,275,13,3943,106,4218,119,0,2,4,96,11,166,0,24,2
06-11-20,Campbell,22,1,19,1,3,0,27,1,2139,23,2166,24,0,1,1,1,0,20,0,2,1
06-11-20,Cannon,23,0,23,0,0,0,35,0,729,7,764,7,0,0,0,2,0,21,0,4,0
06-11-20,Carroll,31,0,26,0,5,0,29,0,1645,22,1674,22,0,1,0,-2,0,32,0,5,1
06-11-20,Carter,23,0,22,0,1,0,26,0,2122,34,2148,34,0,1,0,-1,0,23,0,2,1
06-11-20,Cheatham,164,1,164,1,0,0,201,4,2155,33,2356,37,0,0,-2,17,3,147,0,12,0
06-11-20,Chester,14,0,14,0,0,0,16,0,776,7,792,7,0,0,0,-1,0,15,0,1,0
06-11-20,Claiborne,14,0,14,0,0,0,16,1,984,12,1000,13,0,0,0,2,0,12,0,1,0
06-11-20,Clay,11,0,11,0,0,0,11,0,570,3,581,3,0,0,0,1,0,10,0,0,0
06-11-20,Cocke,26,0,23,0,3,0,29,0,1487,18,1516,18,0,0,-1,3,1,23,0,1,0
06-11-20,Coffee,90,2,89,2,1,0,101,3,3049,23,3150,26,0,0,2,15,0,75,0,5,0
06-11-20,Crockett,19,0,17,0,2,0,24,0,659,3,683,3,0,3,0,1,0,15,0,2,3
06-11-20,Cumberland,137,0,133,0,4,0,176,0,5343,70,5519,70,0,2,-2,10,2,125,0,12,2
06-11-20,Davidson,6357,88,6350,88,7,0,7419,119,67137,1066,74556,1185,1,81,-20,740,107,5536,2,442,90
06-11-20,Decatur,14,0,14,0,0,0,16,2,652,6,668,8,0,0,0,9,0,5,0,1,0
06-11-20,Dekalb,41,0,41,0,0,0,49,0,1512,7,1561,7,0,0,0,4,0,37,0,0,0
06-11-20,Dickson,132,1,132,1,0,0,174,3,2673,20,2847,23,0,0,0,7,1,125,0,13,0
06-11-20,Dyer,83,4,78,4,5,0,92,5,2055,25,2147,30,0,0,2,21,2,62,0,6,0
06-11-20,Fayette,170,0,169,0,1,0,224,1,4041,99,4265,100,0,2,-1,26,1,142,0,21,3
06-11-20,Fentress,13,0,13,0,0,0,13,0,1042,9,1055,9,0,0,0,1,0,12,0,1,0
06-11-20,Franklin,59,1,57,1,2,0,70,1,2282,30,2352,31,0,2,1,4,0,53,0,6,2
06-11-20,Gibson,69,0,65,0,4,0,77,0,2696,18,2773,18,0,1,0,-1,0,69,0,5,1
06-11-20,Giles,22,2,22,2,0,0,27,1,1360,34,1387,35,0,0,2,8,0,14,0,4,0
06-11-20,Grainger,19,0,17,0,2,0,26,1,929,25,955,26,0,0,-3,3,3,16,0,4,0
06-11-20,Greene,52,0,51,0,1,0,59,0,2786,23,2845,23,0,2,-1,-1,1,51,0,8,2
06-11-20,Grundy,30,0,30,0,0,0,37,0,555,5,592,5,0,1,0,1,0,28,0,10,1
06-11-20,Hamblen,75,2,66,2,9,0,73,2,3734,75,3807,77,0,3,0,22,2,50,2,13,3
06-11-20,Hamilton,1372,216,1368,216,4,0,1427,220,20205,589,21632,809,0,19,151,188,65,1165,3,83,20
06-11-20,Hancock,1,0,1,0,0,0,1,0,269,2,270,2,0,0,0,0,0,1,0,0,0
06-11-20,Hardeman,219,1,219,1,0,0,229,1,5529,15,5758,16,0,0,1,12,0,207,0,10,0
06-11-20,Hardin,32,0,32,0,0,0,38,0,2136,18,2174,18,1,3,-3,8,2,21,0,6,3
06-11-20,Hawkins,34,0,34,0,0,0,48,0,2324,26,2372,26,0,2,0,1,0,31,0,6,2
06-11-20,Haywood,37,0,36,0,1,0,39,0,1137,6,1176,6,0,2,0,1,0,34,0,6,2
06-11-20,Henderson,16,0,16,0,0,0,20,1,1330,19,1350,20,0,0,0,3,0,13,0,0,0
06-11-20,Henry,33,1,33,1,0,0,43,1,1929,65,1972,66,0,0,0,1,1,32,0,5,0
06-11-20,Hickman,60,0,60,0,0,0,85,0,1271,15,1356,15,0,0,0,2,0,58,0,2,0
06-11-20,Houston,10,0,10,0,0,0,14,0,597,7,611,7,0,0,0,1,0,9,0,5,0
06-11-20,Humphreys,18,0,17,0,1,0,21,0,983,79,1004,79,0,1,0,2,0,15,0,1,1
06-11-20,Jackson,23,0,23,0,0,0,26,0,733,5,759,5,0,0,0,1,0,22,0,1,0
06-11-20,Jefferson,41,2,36,1,5,1,37,4,3003,49,3040,53,0,0,1,6,1,35,0,1,0
06-11-20,Johnson,25,0,25,0,0,0,24,2,2106,22,2130,24,0,0,0,10,0,15,0,1,0
06-11-20,Knox,521,7,515,7,6,0,578,10,23860,324,24438,334,0,5,0,85,7,431,2,51,5
06-11-20,Lake,686,0,684,0,2,0,848,0,3596,8,4444,8,0,0,-244,26,244,660,0,3,0
06-11-20,Lauderdale,61,0,60,0,1,0,81,0,3708,29,3789,29,0,1,0,0,0,60,0,8,1
06-11-20,Lawrence,53,5,53,5,0,0,54,4,2017,50,2071,54,0,0,5,21,0,32,1,7,0
06-11-20,Lewis,5,0,5,0,0,0,5,0,563,11,568,11,0,0,0,1,0,4,0,0,0
06-11-20,Lincoln,43,7,43,7,0,0,44,3,1583,21,1627,24,0,0,6,13,1,30,1,4,0
06-11-20,Loudon,175,0,161,0,14,0,175,1,2525,29,2700,30,1,1,-7,16,6,158,0,10,2
06-11-20,Macon,191,6,191,6,0,0,217,6,1705,16,1922,22,0,3,1,26,5,162,0,14,3
06-11-20,Madison,180,0,180,0,0,0,214,2,5902,34,6116,36,0,2,-2,4,2,174,0,21,2
06-11-20,Marion,48,0,47,0,1,0,54,0,1072,30,1126,30,0,1,0,6,0,41,0,14,2
06-11-20,Marshall,41,0,41,0,0,0,49,3,1298,27,1347,30,0,1,-2,7,2,33,0,6,1
06-11-20,Maury,145,10,145,10,0,0,163,10,3868,87,4031,97,0,1,4,39,6,105,0,11,1
06-11-20,McMinn,169,1,169,1,0,0,194,3,3299,32,3493,35,0,14,0,23,1,132,0,23,15
06-11-20,McNairy,25,1,25,1,0,0,31,0,1114,7,1145,7,0,0,0,10,1,15,0,2,0
06-11-20,Meigs,28,1,28,1,0,0,39,1,631,10,670,11,0,0,1,2,0,26,0,4,0
06-11-20,Monroe,93,0,85,0,8,0,98,0,1485,22,1583,22,0,4,0,4,0,85,0,8,3
06-11-20,Montgomery,326,8,322,8,4,0,370,8,9755,93,10125,101,0,4,4,39,4,283,1,30,7
06-11-20,Moore,6,0,6,0,0,0,7,0,425,3,432,3,0,0,-2,1,2,5,0,0,0
06-11-20,Morgan,18,0,18,0,0,0,20,0,3439,5,3459,5,0,0,-1,0,1,18,0,0,0
06-11-20,Obion,58,1,56,1,2,0,62,0,1786,40,1848,40,0,1,0,17,1,40,0,9,1
06-11-20,Out of State,301,6,301,6,0,0,324,6,67949,910,68273,916,0,5,0,26,6,270,0,22,2
06-11-20,Overton,42,0,42,0,0,0,43,0,1661,23,1704,23,0,0,-2,5,2,37,0,2,0
06-11-20,Pending,3,0,3,0,0,0,5,0,45079,615,45084,615,0,0,0,-1,0,4,0,0,0
06-11-20,Perry,26,1,26,1,0,0,30,1,493,6,523,7,0,0,0,1,1,25,0,1,0
06-11-20,Pickett,4,0,4,0,0,0,4,0,409,12,413,12,0,0,-1,0,1,4,0,0,0
06-11-20,Polk,31,2,30,2,1,0,34,2,745,17,779,19,0,0,2,7,0,24,0,3,0
06-11-20,Putnam,569,4,566,4,3,0,671,6,6773,99,7444,105,0,6,-10,72,14,491,0,16,6
06-11-20,Rhea,219,2,219,2,0,0,228,3,1954,43,2182,46,0,0,-5,11,7,208,0,2,0
06-11-20,Roane,31,0,24,0,7,0,33,0,4316,40,4349,40,0,0,0,6,0,25,0,4,0
06-11-20,Robertson,607,11,605,11,2,0,714,13,4446,42,5160,55,0,7,2,58,9,542,1,51,11
06-11-20,Rutherford,1667,35,1661,35,6,0,1930,30,14751,218,16681,248,0,29,2,291,33,1347,2,103,32
06-11-20,Scott,13,0,12,0,1,0,12,0,912,7,924,7,0,0,0,0,0,13,0,0,0
06-11-20,Sequatchie,26,1,26,1,0,0,30,0,1092,17,1122,17,0,0,0,3,1,23,0,2,0
06-11-20,Sevier,212,12,201,12,11,0,211,9,5755,92,5966,101,0,2,9,107,3,103,0,12,2
06-11-20,Shelby,6418,126,6400,125,18,1,7625,159,86134,1898,93759,2057,1,135,-13,1011,138,5272,8,699,158
06-11-20,Smith,37,0,36,0,1,0,42,0,1078,16,1120,16,0,1,-1,-1,1,37,0,2,1
06-11-20,Stewart,14,0,14,0,0,0,14,0,595,77,609,77,0,0,-1,0,1,14,0,2,0
06-11-20,Sullivan,70,0,67,0,3,0,71,1,5485,37,5556,38,0,2,0,6,0,62,0,7,2
06-11-20,Sumner,1067,5,1058,5,9,0,1351,6,9288,92,10639,98,0,47,-14,94,19,926,0,209,50
06-11-20,Tipton,504,3,502,3,2,0,537,3,5535,125,6072,128,0,3,-4,33,7,468,0,25,3
06-11-20,Trousdale,1403,0,1400,0,3,0,1432,0,1989,9,3421,9,0,4,0,8,0,1391,0,14,4
06-11-20,Unicoi,52,0,52,0,0,0,57,0,940,14,997,14,0,0,-3,41,3,11,0,0,0
06-11-20,Union,7,0,7,0,0,0,6,0,660,9,666,9,0,0,0,3,0,4,0,0,0
06-11-20,Van Buren,4,0,4,0,0,0,4,0,394,2,398,2,0,0,0,0,0,4,0,1,0
06-11-20,Warren,31,0,31,0,0,0,31,0,2212,25,2243,25,0,0,0,7,0,24,0,0,0
06-11-20,Washington,85,0,85,0,0,0,108,0,4907,74,5015,74,0,0,0,8,0,77,0,6,0
06-11-20,Wayne,64,0,64,0,0,0,65,0,2371,1,2436,1,0,0,0,1,0,63,0,2,0
06-11-20,Weakley,32,0,32,0,0,0,33,0,1674,22,1707,22,0,0,0,1,0,31,0,2,0
06-11-20,White,51,1,49,1,2,0,58,1,1799,80,1857,81,0,0,1,13,0,38,1,5,2
06-11-20,Williamson,655,7,653,7,2,0,743,8,11635,239,12378,247,0,11,-2,78,9,566,0,46,12
06-11-20,Wilson,519,6,516,6,3,0,627,8,7673,97,8300,105,1,11,-14,57,19,451,1,47,12
06-10-20,Anderson,53,5,51,5,2,0,63,2,5728,205,5791,207,0,2,2,9,3,42,0,4,2
06-10-20,Bedford,372,28,372,28,0,0,390,3,2780,19,3170,22,0,4,24,84,4,284,1,16,5
06-10-20,Benton,8,0,8,0,0,0,9,0,912,7,921,7,0,1,0,0,0,7,0,2,1
06-10-20,Bledsoe,619,0,619,0,0,0,629,0,3417,5,4046,5,0,1,0,3,0,615,0,6,1
06-10-20,Blount,101,1,97,1,4,0,117,1,4468,235,4585,236,0,3,-1,0,2,98,0,6,3
06-10-20,Bradley,249,4,240,4,9,0,262,5,3837,41,4099,46,0,2,-14,92,18,155,1,24,2
06-10-20,Campbell,21,0,18,0,3,0,26,0,2116,133,2142,133,0,1,-1,0,1,20,0,2,1
06-10-20,Cannon,23,0,23,0,0,0,35,0,722,8,757,8,0,0,-1,2,1,21,0,4,0
06-10-20,Carroll,31,1,26,1,5,0,29,1,1623,38,1652,39,0,1,0,-2,1,32,0,5,1
06-10-20,Carter,23,0,22,0,1,0,26,0,2088,27,2114,27,0,1,0,-1,0,23,0,2,1
06-10-20,Cheatham,163,1,163,1,0,0,197,0,2122,13,2319,13,0,0,-2,19,3,144,0,12,0
06-10-20,Chester,14,0,14,0,0,0,16,0,769,5,785,5,0,0,0,-1,0,15,0,1,0
06-10-20,Claiborne,14,1,14,1,0,0,15,1,972,30,987,31,0,0,1,2,0,12,0,1,0
06-10-20,Clay,11,0,11,0,0,0,11,0,567,2,578,2,0,0,-1,1,1,10,0,0,0
06-10-20,Cocke,26,0,23,0,3,0,29,0,1469,14,1498,14,0,0,0,4,0,22,0,1,0
06-10-20,Coffee,88,1,87,1,1,0,98,1,3026,103,3124,104,0,0,-1,13,2,75,0,5,0
06-10-20,Crockett,19,0,17,0,2,0,24,0,656,3,680,3,0,3,0,1,0,15,0,2,3
06-10-20,Cumberland,137,1,133,1,4,0,176,2,5273,26,5449,28,0,2,-1,12,2,123,1,12,2
06-10-20,Davidson,6269,76,6262,75,7,1,7300,98,66071,603,73371,701,0,80,-55,760,131,5429,9,440,90
06-10-20,Decatur,14,0,14,0,0,0,14,0,646,4,660,4,0,0,0,9,0,5,0,1,0
06-10-20,Dekalb,41,0,41,0,0,0,49,0,1505,7,1554,7,0,0,-1,4,1,37,0,0,0
06-10-20,Dickson,131,1,131,1,0,0,171,0,2653,43,2824,43,0,0,-4,7,5,124,0,13,0
06-10-20,Dyer,79,2,74,2,5,0,87,1,2030,2,2117,3,0,0,0,19,2,60,0,6,0
06-10-20,Fayette,170,2,169,2,1,0,223,3,3942,48,4165,51,0,2,-1,27,3,141,0,21,3
06-10-20,Fentress,13,0,13,0,0,0,13,0,1033,9,1046,9,0,0,0,1,0,12,0,1,0
06-10-20,Franklin,58,0,56,0,2,0,69,0,2252,9,2321,9,1,2,-3,3,2,53,0,6,2
06-10-20,Gibson,69,0,65,0,4,0,77,0,2678,11,2755,11,0,1,0,-1,0,69,0,5,1
06-10-20,Giles,20,0,20,0,0,0,26,0,1326,15,1352,15,0,0,0,6,0,14,0,4,0
06-10-20,Grainger,19,1,17,0,2,1,25,0,904,15,929,15,0,0,1,6,0,13,0,4,0
06-10-20,Greene,52,0,51,0,1,0,59,0,2763,22,2822,22,0,2,-1,0,1,50,0,8,2
06-10-20,Grundy,30,0,30,0,0,0,37,0,550,5,587,5,0,1,-1,1,1,28,0,10,1
06-10-20,Hamblen,73,3,64,3,9,0,71,4,3659,66,3730,70,0,3,2,22,1,48,0,11,3
06-10-20,Hamilton,1156,23,1152,23,4,0,1207,23,19616,261,20823,284,0,19,-48,37,71,1100,2,80,20
06-10-20,Hancock,1,0,1,0,0,0,1,0,267,6,268,6,0,0,0,0,0,1,0,0,0
06-10-20,Hardeman,218,2,218,2,0,0,228,2,5514,22,5742,24,0,0,1,11,1,207,1,10,0
06-10-20,Hardin,32,0,32,0,0,0,38,0,2118,9,2156,9,0,2,-4,11,4,19,0,6,3
06-10-20,Hawkins,34,0,34,0,0,0,48,0,2298,112,2346,112,0,2,0,1,0,31,0,6,2
06-10-20,Haywood,37,0,36,0,1,0,39,0,1131,26,1170,26,0,2,0,1,0,34,0,6,2
06-10-20,Henderson,16,1,16,1,0,0,19,0,1311,27,1330,27,0,0,1,3,0,13,0,0,0
06-10-20,Henry,32,0,32,0,0,0,42,0,1864,4,1906,4,0,0,-1,1,1,31,0,5,0
06-10-20,Hickman,60,0,60,0,0,0,85,0,1256,10,1341,10,0,0,0,2,0,58,0,2,0
06-10-20,Houston,10,0,10,0,0,0,14,0,590,2,604,2,0,0,0,1,0,9,0,5,0
06-10-20,Humphreys,18,0,17,0,1,0,21,0,904,6,925,6,0,1,0,2,0,15,0,1,1
06-10-20,Jackson,23,0,23,0,0,0,26,0,728,6,754,6,0,0,0,1,0,22,0,1,0
06-10-20,Jefferson,39,4,35,4,4,0,33,2,2954,113,2987,115,0,0,3,5,1,34,0,1,0
06-10-20,Johnson,25,1,25,1,0,0,22,0,2084,6,2106,6,0,0,0,10,1,15,0,1,0
06-10-20,Knox,514,12,508,12,6,0,568,12,23536,722,24104,734,0,5,-5,85,17,424,0,49,5
06-10-20,Lake,686,0,684,0,2,0,848,0,3588,3,4436,3,0,0,-1,270,1,416,0,3,0
06-10-20,Lauderdale,61,0,60,0,1,0,81,0,3679,15,3760,15,0,1,-2,0,2,60,0,8,1
06-10-20,Lawrence,48,6,48,6,0,0,50,7,1967,29,2017,36,0,0,6,16,0,32,1,6,0
06-10-20,Lewis,5,1,5,1,0,0,5,0,552,7,557,7,0,0,1,1,0,4,0,0,0
06-10-20,Lincoln,36,2,36,2,0,0,41,0,1562,55,1603,55,0,0,2,7,0,29,0,3,0
06-10-20,Loudon,175,2,161,2,14,0,174,1,2496,82,2670,83,0,0,-2,23,4,152,0,10,2
06-10-20,Macon,185,1,185,1,0,0,211,1,1689,14,1900,15,0,3,-10,25,11,157,0,14,3
06-10-20,Madison,180,1,180,1,0,0,212,1,5868,39,6080,40,0,2,0,6,1,172,0,21,2
06-10-20,Marion,48,1,47,1,1,0,54,1,1042,61,1096,62,0,1,-1,6,2,41,1,14,2
06-10-20,Marshall,41,1,41,1,0,0,46,0,1271,14,1317,14,0,1,1,9,0,31,0,6,1
06-10-20,Maury,135,11,135,11,0,0,153,4,3781,97,3934,101,0,1,5,35,6,99,0,11,1
06-10-20,McMinn,168,2,168,2,0,0,191,2,3267,28,3458,30,0,14,0,23,2,131,1,23,15
06-10-20,McNairy,24,0,24,0,0,0,31,0,1107,2,1138,2,0,0,-1,10,1,14,0,2,0
06-10-20,Meigs,27,1,27,1,0,0,38,1,621,6,659,7,0,0,1,1,0,26,0,4,0
06-10-20,Monroe,93,0,85,0,8,0,98,0,1463,53,1561,53,0,4,-1,4,1,85,0,8,3
06-10-20,Montgomery,318,3,314,2,4,1,362,1,9662,183,10024,184,0,4,-3,35,6,279,0,29,7
06-10-20,Moore,6,0,6,0,0,0,7,0,422,2,429,2,0,0,0,3,0,3,0,0,0
06-10-20,Morgan,18,0,18,0,0,0,20,0,3434,15,3454,15,0,0,0,1,0,17,0,0,0
06-10-20,Obion,57,0,55,0,2,0,62,0,1746,15,1808,15,0,1,-1,17,1,39,0,9,1
06-10-20,Out of State,295,5,295,5,0,0,318,5,67039,661,67357,666,0,5,-6,26,11,264,1,22,2
06-10-20,Overton,42,1,42,1,0,0,43,1,1638,16,1681,17,0,0,0,7,1,35,0,2,0
06-10-20,Pending,3,1,3,1,0,0,5,1,44464,459,44469,460,0,0,0,-1,1,4,0,0,0
06-10-20,Perry,25,0,25,0,0,0,29,0,487,4,516,4,0,0,-3,1,3,24,0,1,0
06-10-20,Pickett,4,0,4,0,0,0,4,0,397,4,401,4,0,0,0,1,0,3,0,0,0
06-10-20,Polk,29,0,28,0,1,0,32,0,728,5,760,5,0,0,0,5,0,24,0,3,0
06-10-20,Putnam,565,8,562,8,3,0,665,10,6674,100,7339,110,0,6,-4,82,12,477,0,16,6
06-10-20,Rhea,217,0,217,0,0,0,225,0,1911,7,2136,7,0,0,-2,16,2,201,0,2,0
06-10-20,Roane,31,1,24,1,7,0,33,2,4276,171,4309,173,0,0,1,6,0,25,0,4,0
06-10-20,Robertson,596,14,594,14,2,0,701,7,4404,31,5105,38,0,7,-8,56,22,533,2,50,11
06-10-20,Rutherford,1632,26,1626,26,6,0,1900,26,14533,271,16433,297,0,29,-9,289,35,1314,2,101,31
06-10-20,Scott,13,0,12,0,1,0,12,0,905,22,917,22,0,0,0,0,0,13,0,0,0
06-10-20,Sequatchie,25,0,25,0,0,0,30,0,1075,9,1105,9,0,0,0,3,0,22,0,2,0
06-10-20,Sevier,200,12,189,10,11,2,202,15,5663,91,5865,106,0,2,5,98,7,100,0,12,2
06-10-20,Shelby,6292,121,6275,121,17,0,7466,90,84236,1226,91702,1316,-1,134,-37,1024,159,5134,17,691,157
06-10-20,Smith,37,0,36,0,1,0,42,0,1062,7,1104,7,0,1,-1,0,1,36,0,2,1
06-10-20,Stewart,14,0,14,0,0,0,14,0,518,4,532,4,0,0,-1,1,1,13,0,2,0
06-10-20,Sullivan,70,0,67,0,3,0,70,1,5448,138,5518,139,0,2,0,6,0,62,0,7,2
06-10-20,Sumner,1062,11,1053,11,9,0,1345,10,9196,140,10541,150,1,47,-5,108,15,907,0,209,48
06-10-20,Tipton,501,4,499,4,2,0,534,3,5410,91,5944,94,0,3,1,37,3,461,0,25,3
06-10-20,Trousdale,1403,2,1400,2,3,0,1432,2,1980,10,3412,12,0,4,2,8,0,1391,0,14,4
06-10-20,Unicoi,52,0,52,0,0,0,57,0,926,8,983,8,0,0,-1,44,1,8,0,0,0
06-10-20,Union,7,1,7,1,0,0,6,0,651,14,657,14,0,0,1,3,0,4,0,0,0
06-10-20,Van Buren,4,0,4,0,0,0,4,0,392,2,396,2,0,0,0,0,0,4,0,1,0
06-10-20,Warren,31,0,31,0,0,0,31,0,2187,15,2218,15,0,0,0,7,0,24,0,0,0
06-10-20,Washington,85,1,85,1,0,0,108,0,4833,77,4941,77,0,0,0,8,1,77,0,6,0
06-10-20,Wayne,64,0,64,0,0,0,65,0,2370,2,2435,2,0,0,-1,1,1,63,0,2,0
06-10-20,Weakley,32,1,32,1,0,0,33,1,1652,10,1685,11,0,0,1,1,0,31,0,2,0
06-10-20,White,50,0,48,0,2,0,57,0,1719,14,1776,14,0,0,0,12,0,38,0,4,2
06-10-20,Williamson,648,9,646,9,2,0,735,9,11396,221,12131,230,0,11,6,80,3,557,0,46,12
06-10-20,Wilson,513,6,510,6,3,0,619,9,7576,256,8195,265,0,10,-3,71,9,432,0,46,11
06-09-20,Anderson,48,1,46,1,2,0,61,3,5523,195,5584,198,0,2,1,7,0,39,0,4,2
06-09-20,Bedford,344,5,344,5,0,0,387,5,2761,13,3148,18,0,4,-1,60,6,280,0,15,5
06-09-20,Benton,8,0,8,0,0,0,9,0,905,17,914,17,0,1,0,0,0,7,0,2,1
06-09-20,Bledsoe,619,0,619,0,0,0,629,0,3412,7,4041,7,0,1,-1,3,1,615,0,6,1
06-09-20,Blount,100,0,96,0,4,0,116,1,4233,138,4349,139,0,3,-1,1,1,96,0,6,3
06-09-20,Bradley,245,6,236,5,9,1,257,5,3796,81,4053,86,0,2,-10,106,16,137,0,23,2
06-09-20,Campbell,21,0,18,0,3,0,26,0,1983,21,2009,21,0,1,0,1,0,19,0,2,1
06-09-20,Cannon,23,0,23,0,0,0,35,0,714,12,749,12,0,0,-2,3,2,20,0,4,0
06-09-20,Carroll,30,0,25,0,5,0,28,0,1585,16,1613,16,0,1,0,-2,0,31,0,5,1
06-09-20,Carter,23,0,22,0,1,0,26,0,2061,124,2087,124,0,1,0,-1,0,23,0,2,1
06-09-20,Cheatham,162,2,162,2,0,0,197,6,2109,44,2306,50,0,0,-4,21,6,141,1,12,0
06-09-20,Chester,14,0,14,0,0,0,16,0,764,9,780,9,0,0,0,-1,0,15,0,1,0
06-09-20,Claiborne,13,0,13,0,0,0,14,0,942,15,956,15,0,0,-1,1,1,12,0,1,0
06-09-20,Clay,11,0,11,0,0,0,11,0,565,6,576,6,0,0,0,2,0,9,0,0,0
06-09-20,Cocke,26,1,23,1,3,0,29,0,1455,21,1484,21,0,0,1,4,0,22,0,1,0
06-09-20,Coffee,87,2,86,2,1,0,97,1,2923,14,3020,15,0,0,0,14,2,73,0,5,0
06-09-20,Crockett,19,0,17,0,2,0,24,0,653,6,677,6,0,3,0,1,0,15,0,2,3
06-09-20,Cumberland,136,0,132,0,4,0,174,3,5247,63,5421,66,0,2,-2,13,2,121,0,11,2
06-09-20,Davidson,6193,163,6187,163,6,0,7202,193,65468,1119,72670,1312,7,80,20,815,136,5298,6,431,90
06-09-20,Decatur,14,8,14,8,0,0,14,6,642,6,656,12,0,0,8,9,0,5,0,1,0
06-09-20,Dekalb,41,2,41,2,0,0,49,3,1498,16,1547,19,0,0,2,5,0,36,0,0,0
06-09-20,Dickson,130,1,130,1,0,0,171,2,2610,28,2781,30,0,0,-3,11,4,119,0,13,0
06-09-20,Dyer,77,3,72,2,5,1,86,6,2028,50,2114,56,0,0,2,19,1,58,0,6,0
06-09-20,Fayette,168,2,167,2,1,0,220,4,3894,58,4114,62,0,2,0,28,2,138,1,21,3
06-09-20,Fentress,13,1,13,1,0,0,13,1,1024,24,1037,25,0,0,1,1,0,12,0,1,0
06-09-20,Franklin,58,0,56,0,2,0,69,0,2243,8,2312,8,0,1,0,6,0,51,0,6,2
06-09-20,Gibson,69,0,65,0,4,0,77,0,2667,39,2744,39,0,1,-1,-1,1,69,0,5,1
06-09-20,Giles,20,0,20,0,0,0,26,0,1311,15,1337,15,0,0,0,6,0,14,0,4,0
06-09-20,Grainger,18,0,17,0,1,0,25,0,889,19,914,19,0,0,-1,5,1,13,0,4,0
06-09-20,Greene,52,0,51,0,1,0,59,0,2741,34,2800,34,0,2,0,1,0,49,0,8,2
06-09-20,Grundy,30,0,30,0,0,0,37,0,545,0,582,0,0,1,0,2,0,27,0,10,1
06-09-20,Hamblen,70,3,61,3,9,0,67,4,3593,110,3660,114,1,3,-3,20,5,47,1,11,3
06-09-20,Hamilton,1133,53,1129,53,4,0,1184,55,19355,430,20539,485,0,19,-20,85,73,1029,2,78,20
06-09-20,Hancock,1,0,1,0,0,0,1,0,261,3,262,3,0,0,0,0,0,1,0,0,0
06-09-20,Hardeman,216,0,216,0,0,0,226,1,5492,14,5718,15,0,0,-3,10,3,206,0,9,0
06-09-20,Hardin,32,1,32,1,0,0,38,1,2109,14,2147,15,0,2,-2,15,3,15,1,6,3
06-09-20,Hawkins,34,0,34,0,0,0,48,0,2186,24,2234,24,0,2,-1,1,1,31,0,6,2
06-09-20,Haywood,37,0,36,0,1,0,39,0,1105,18,1144,18,0,2,0,1,0,34,0,6,2
06-09-20,Henderson,15,1,15,1,0,0,19,1,1284,15,1303,16,0,0,1,2,0,13,0,0,0
06-09-20,Henry,32,0,32,0,0,0,42,0,1860,7,1902,7,0,0,0,2,0,30,0,5,0
06-09-20,Hickman,60,0,60,0,0,0,85,0,1246,8,1331,8,0,0,0,2,0,58,0,2,0
06-09-20,Houston,10,1,10,1,0,0,14,1,588,4,602,5,0,0,1,1,0,9,0,5,0
06-09-20,Humphreys,18,1,17,1,1,0,21,1,898,17,919,18,0,1,0,2,1,15,0,1,1
06-09-20,Jackson,23,0,23,0,0,0,26,0,722,9,748,9,0,0,0,1,0,22,0,1,0
06-09-20,Jefferson,35,1,31,1,4,0,31,2,2841,95,2872,97,0,0,1,2,0,33,0,1,0
06-09-20,Johnson,24,1,24,1,0,0,22,0,2078,6,2100,6,0,0,1,10,0,14,0,1,0
06-09-20,Knox,502,16,496,16,6,0,556,20,22814,555,23370,575,0,5,5,90,11,407,1,49,5
06-09-20,Lake,686,6,684,6,2,0,848,11,3585,26,4433,37,0,0,5,271,1,415,0,3,0
06-09-20,Lauderdale,61,0,60,0,1,0,81,0,3664,21,3745,21,0,1,0,2,0,58,0,8,1
06-09-20,Lawrence,42,5,42,5,0,0,43,2,1938,7,1981,9,0,0,2,10,3,32,0,5,0
06-09-20,Lewis,4,0,4,0,0,0,5,0,545,5,550,5,0,0,0,0,0,4,0,0,0
06-09-20,Lincoln,34,1,34,1,0,0,41,0,1507,7,1548,7,0,0,-1,5,2,29,0,3,0
06-09-20,Loudon,173,1,159,1,14,0,173,2,2414,42,2587,44,0,0,-3,25,4,148,0,10,2
06-09-20,Macon,184,6,184,6,0,0,210,6,1675,22,1885,28,0,3,5,35,1,146,0,14,3
06-09-20,Madison,179,3,179,3,0,0,211,3,5829,23,6040,26,0,2,2,6,1,171,1,21,2
06-09-20,Marion,47,1,46,1,1,0,53,1,981,5,1034,6,0,1,0,7,1,39,0,13,2
06-09-20,Marshall,40,3,40,3,0,0,46,1,1257,5,1303,6,0,1,3,8,0,31,0,6,1
06-09-20,Maury,124,2,124,2,0,0,149,3,3684,33,3833,36,0,1,-1,30,3,93,0,11,1
06-09-20,McMinn,166,1,166,1,0,0,189,1,3239,10,3428,11,0,14,-2,23,3,129,1,22,15
06-09-20,McNairy,24,1,24,1,0,0,31,1,1105,5,1136,6,0,0,1,11,0,13,0,2,0
06-09-20,Meigs,26,0,26,0,0,0,37,0,615,3,652,3,0,0,0,0,0,26,0,4,0
06-09-20,Monroe,93,0,85,0,8,0,98,0,1410,19,1508,19,0,4,-3,5,3,84,0,8,3
06-09-20,Montgomery,315,8,312,7,3,1,361,8,9479,112,9840,120,1,4,5,38,2,273,0,29,7
06-09-20,Moore,6,0,6,0,0,0,7,0,420,2,427,2,0,0,0,3,0,3,0,0,0
06-09-20,Morgan,18,0,18,0,0,0,20,0,3419,20,3439,20,0,0,0,1,0,17,0,0,0
06-09-20,Obion,57,0,55,0,2,0,62,2,1731,22,1793,24,0,1,-1,18,1,38,0,9,1
06-09-20,Out of State,290,5,290,5,0,0,313,6,66378,1068,66691,1074,1,5,-9,32,13,253,0,21,2
06-09-20,Overton,41,2,41,2,0,0,42,2,1622,25,1664,27,0,0,-2,7,4,34,0,2,0
06-09-20,Pending,2,0,2,0,0,0,4,0,44005,503,44009,503,0,0,0,-1,0,3,0,0,0
06-09-20,Perry,25,0,25,0,0,0,29,0,483,2,512,2,0,0,-4,4,4,21,0,1,0
06-09-20,Pickett,4,0,4,0,0,0,4,0,393,3,397,3,0,0,0,1,0,3,0,0,0
06-09-20,Polk,29,0,28,0,1,0,32,0,723,5,755,5,0,0,-3,5,3,24,0,3,0
06-09-20,Putnam,557,15,554,15,3,0,655,19,6574,345,7229,364,0,6,-9,86,24,465,1,16,6
06-09-20,Rhea,217,1,217,1,0,0,225,1,1904,8,2129,9,0,0,-4,18,5,199,0,2,0
06-09-20,Roane,30,0,23,0,7,0,31,0,4105,129,4136,129,0,0,-1,5,1,25,0,4,0
06-09-20,Robertson,582,11,580,11,2,0,694,15,4373,75,5067,90,1,7,-7,64,17,511,0,48,11
06-09-20,Rutherford,1606,45,1600,45,6,0,1874,50,14262,268,16136,318,0,29,-12,298,57,1279,1,99,31
06-09-20,Scott,13,0,12,0,1,0,12,0,883,8,895,8,0,0,0,0,0,13,0,0,0
06-09-20,Sequatchie,25,0,25,0,0,0,30,0,1066,4,1096,4,0,0,-2,3,2,22,0,2,0
06-09-20,Sevier,188,20,179,20,9,0,187,17,5572,76,5759,93,0,2,11,93,9,93,2,12,2
06-09-20,Shelby,6171,123,6154,121,17,2,7376,137,83010,1517,90386,1654,2,135,1,1061,120,4975,18,674,156
06-09-20,Smith,37,1,36,1,1,0,42,1,1055,14,1097,15,0,1,-2,1,3,35,0,2,1
06-09-20,Stewart,14,0,14,0,0,0,14,0,514,1,528,1,0,0,0,2,0,12,0,2,0
06-09-20,Sullivan,70,2,67,2,3,0,69,1,5310,74,5379,75,0,2,1,6,1,62,0,7,2
06-09-20,Sumner,1051,21,1042,21,9,0,1335,22,9056,165,10391,187,0,46,2,113,19,892,1,209,48
06-09-20,Tipton,497,1,495,1,2,0,531,3,5319,83,5850,86,0,3,-4,36,5,458,0,25,3
06-09-20,Trousdale,1401,0,1398,0,3,0,1430,0,1970,14,3400,14,0,4,0,6,0,1391,0,14,4
06-09-20,Unicoi,52,0,52,0,0,0,57,0,918,128,975,128,0,0,-1,45,1,7,0,0,0
06-09-20,Union,6,0,6,0,0,0,6,1,637,6,643,7,0,0,0,2,0,4,0,0,0
06-09-20,Van Buren,4,0,4,0,0,0,4,0,390,8,394,8,0,0,0,0,0,4,0,1,0
06-09-20,Warren,31,1,31,1,0,0,31,1,2172,69,2203,70,0,0,1,7,0,24,0,0,0
06-09-20,Washington,84,0,84,0,0,0,108,0,4756,65,4864,65,0,0,0,8,0,76,0,6,0
06-09-20,Wayne,64,0,64,0,0,0,65,0,2368,2,2433,2,0,0,0,2,0,62,0,2,0
06-09-20,Weakley,31,0,31,0,0,0,32,0,1642,17,1674,17,0,0,0,0,0,31,0,2,0
06-09-20,White,50,2,48,2,2,0,57,2,1705,51,1762,53,0,0,-1,12,3,38,0,4,2
06-09-20,Williamson,639,14,637,14,2,0,726,18,11175,176,11901,194,0,11,4,74,10,554,0,46,12
06-09-20,Wilson,507,8,504,8,3,0,610,12,7320,99,7930,111,1,10,-7,74,14,423,0,46,11
06-08-20,Anderson,47,1,45,1,2,0,58,0,5328,34,5386,34,0,2,1,6,0,39,0,4,2
06-08-20,Bedford,339,10,339,10,0,0,382,15,2748,37,3130,52,0,4,9,61,1,274,0,15,5
06-08-20,Benton,8,0,8,0,0,0,9,0,888,7,897,7,0,1,-1,0,1,7,0,2,1
06-08-20,Bledsoe,619,2,619,2,0,0,629,1,3405,12,4034,13,0,1,2,4,0,614,1,6,1
06-08-20,Blount,100,2,96,2,4,0,115,1,4095,67,4210,68,0,3,1,2,1,95,0,6,3
06-08-20,Bradley,239,19,231,18,8,1,252,19,3715,243,3967,262,0,2,13,116,6,121,2,23,2
06-08-20,Campbell,21,0,18,0,3,0,26,0,1962,69,1988,69,0,1,0,1,0,19,0,2,1
06-08-20,Cannon,23,0,23,0,0,0,35,0,702,13,737,13,0,0,0,5,0,18,0,4,0
06-08-20,Carroll,30,0,25,0,5,0,28,0,1569,8,1597,8,0,1,0,-2,0,31,0,5,1
06-08-20,Carter,23,0,22,0,1,0,26,0,1937,37,1963,37,0,1,0,-1,0,23,0,2,1
06-08-20,Cheatham,160,3,160,3,0,0,191,2,2065,25,2256,27,0,0,1,25,2,135,0,11,0
06-08-20,Chester,14,0,14,0,0,0,16,0,755,6,771,6,0,0,0,-1,0,15,0,1,0
06-08-20,Claiborne,13,0,13,0,0,0,14,0,927,15,941,15,0,0,-1,2,1,11,0,1,0
06-08-20,Clay,11,0,11,0,0,0,11,0,559,14,570,14,0,0,0,2,0,9,0,0,0
06-08-20,Cocke,25,2,22,1,3,1,29,1,1434,24,1463,25,0,0,2,3,0,22,0,1,0
06-08-20,Coffee,85,2,84,2,1,0,96,1,2909,31,3005,32,0,0,2,14,0,71,0,5,0
06-08-20,Crockett,19,0,17,0,2,0,24,0,647,5,671,5,0,3,0,1,0,15,0,2,3
06-08-20,Cumberland,136,1,132,1,4,0,171,2,5184,25,5355,27,0,2,1,15,0,119,0,11,2
06-08-20,Davidson,6030,89,6024,89,6,0,7009,107,64349,820,71358,927,0,73,1,795,88,5162,0,425,88
06-08-20,Decatur,6,0,6,0,0,0,8,0,636,4,644,4,0,0,0,1,0,5,0,1,0
06-08-20,Dekalb,39,0,39,0,0,0,46,0,1482,2,1528,2,0,0,0,3,0,36,0,0,0
06-08-20,Dickson,129,1,129,1,0,0,169,1,2582,35,2751,36,0,0,-1,14,2,115,0,13,0
06-08-20,Dyer,74,3,70,3,4,0,80,3,1978,64,2058,67,0,0,1,17,2,57,0,6,0
06-08-20,Fayette,166,5,165,5,1,0,216,5,3836,60,4052,65,0,2,3,28,2,136,0,20,3
06-08-20,Fentress,12,0,12,0,0,0,12,0,1000,4,1012,4,0,0,0,0,0,12,0,1,0
06-08-20,Franklin,58,1,56,1,2,0,69,1,2235,26,2304,27,0,1,1,6,0,51,0,6,2
06-08-20,Gibson,69,0,65,0,4,0,77,0,2628,15,2705,15,0,1,0,0,0,68,0,5,1
06-08-20,Giles,20,1,20,1,0,0,26,1,1296,39,1322,40,0,0,1,6,0,14,1,4,0
06-08-20,Grainger,18,1,17,1,1,0,25,2,870,25,895,27,0,0,0,6,1,12,0,4,0
06-08-20,Greene,52,0,51,0,1,0,59,0,2707,53,2766,53,0,2,0,1,0,49,0,8,2
06-08-20,Grundy,30,0,30,0,0,0,37,0,545,9,582,9,0,1,0,2,0,27,0,10,1
06-08-20,Hamblen,67,5,58,4,9,1,63,4,3483,252,3546,256,0,2,2,23,3,42,0,10,3
06-08-20,Hamilton,1080,60,1076,60,4,0,1129,58,18925,455,20054,513,0,19,3,105,57,956,1,76,20
06-08-20,Hancock,1,0,1,0,0,0,1,0,258,7,259,7,0,0,0,0,0,1,0,0,0
06-08-20,Hardeman,216,1,216,1,0,0,225,0,5478,27,5703,27,0,0,-1,13,2,203,1,9,0
06-08-20,Hardin,31,1,31,1,0,0,37,3,2095,18,2132,21,0,2,1,17,0,12,0,5,2
06-08-20,Hawkins,34,0,34,0,0,0,48,0,2162,412,2210,412,0,2,0,2,0,30,0,6,2
06-08-20,Haywood,37,1,36,1,1,0,39,1,1087,13,1126,14,0,2,-1,1,2,34,0,6,2
06-08-20,Henderson,14,0,14,0,0,0,18,0,1269,12,1287,12,0,0,0,1,0,13,0,0,0
06-08-20,Henry,32,0,32,0,0,0,42,1,1853,17,1895,18,0,0,0,2,0,30,0,5,0
06-08-20,Hickman,60,0,60,0,0,0,85,0,1238,15,1323,15,0,0,-2,2,2,58,0,2,0
06-08-20,Houston,9,0,9,0,0,0,13,0,584,12,597,12,0,0,0,0,0,9,0,5,0
06-08-20,Humphreys,17,0,16,0,1,0,20,0,881,8,901,8,0,1,0,2,0,14,0,1,1
06-08-20,Jackson,23,0,23,0,0,0,26,0,713,2,739,2,0,0,0,1,0,22,0,1,0
06-08-20,Jefferson,34,1,30,1,4,0,29,0,2746,43,2775,43,0,0,1,1,0,33,0,1,0
06-08-20,Johnson,23,1,23,1,0,0,22,1,2072,9,2094,10,0,0,1,9,0,14,0,1,0
06-08-20,Knox,486,8,480,8,6,0,536,6,22259,282,22795,288,0,5,4,85,4,396,1,48,5
06-08-20,Lake,680,0,678,0,2,0,837,0,3559,95,4396,95,0,0,0,266,0,414,0,3,0
06-08-20,Lauderdale,61,0,60,0,1,0,81,0,3643,24,3724,24,0,1,-1,2,1,58,0,8,1
06-08-20,Lawrence,37,2,37,2,0,0,41,2,1931,55,1972,57,0,0,1,8,1,29,1,5,0
06-08-20,Lewis,4,0,4,0,0,0,5,1,540,5,545,6,0,0,0,0,0,4,0,0,0
06-08-20,Lincoln,33,1,33,1,0,0,41,1,1500,21,1541,22,0,0,1,6,0,27,1,3,0
06-08-20,Loudon,172,1,158,0,14,1,171,1,2372,18,2543,19,0,0,-2,28,3,144,0,10,1
06-08-20,Macon,178,2,178,2,0,0,204,2,1653,14,1857,16,0,3,-4,30,6,145,0,14,3
06-08-20,Madison,176,1,176,1,0,0,208,1,5806,42,6014,43,0,2,-1,4,2,170,0,20,2
06-08-20,Marion,46,0,45,0,1,0,52,0,976,27,1028,27,0,1,-1,7,1,38,0,13,2
06-08-20,Marshall,37,0,37,0,0,0,45,0,1252,13,1297,13,0,1,0,5,0,31,0,6,1
06-08-20,Maury,122,6,122,6,0,0,146,9,3651,45,3797,54,0,1,5,31,1,90,1,11,1
06-08-20,McMinn,165,7,165,7,0,0,188,10,3229,73,3417,83,0,14,6,25,1,126,1,21,15
06-08-20,McNairy,23,1,23,1,0,0,30,1,1100,13,1130,14,0,0,1,10,0,13,0,2,0
06-08-20,Meigs,26,0,26,0,0,0,37,0,612,7,649,7,0,0,-1,0,1,26,0,4,0
06-08-20,Monroe,93,0,85,0,8,0,98,0,1391,5,1489,5,0,4,-3,8,3,81,0,8,3
06-08-20,Montgomery,307,5,305,5,2,0,353,6,9367,225,9720,231,0,3,3,33,2,271,0,29,7
06-08-20,Moore,6,0,6,0,0,0,7,0,418,7,425,7,0,0,0,3,0,3,0,0,0
06-08-20,Morgan,18,0,18,0,0,0,20,0,3399,10,3419,10,0,0,0,1,0,17,0,0,0
06-08-20,Obion,57,1,55,1,2,0,60,1,1709,66,1769,67,0,1,1,19,0,37,0,9,1
06-08-20,Out of State,285,1,285,1,0,0,307,1,65310,1061,65617,1062,0,4,0,41,1,240,0,21,2
06-08-20,Overton,39,0,39,0,0,0,40,0,1597,10,1637,10,0,0,0,9,0,30,0,2,0
06-08-20,Pending,2,0,2,0,0,0,4,0,43502,755,43506,755,0,0,0,-1,0,3,0,0,0
06-08-20,Perry,25,0,25,0,0,0,29,0,481,12,510,12,0,0,-1,8,1,17,0,1,0
06-08-20,Pickett,4,0,4,0,0,0,4,0,390,0,394,0,0,0,0,1,0,3,0,0,0
06-08-20,Polk,29,3,28,3,1,0,32,3,718,13,750,16,0,0,3,8,0,21,0,3,0
06-08-20,Putnam,542,2,539,2,3,0,636,2,6229,45,6865,47,0,6,-1,95,3,441,0,15,6
06-08-20,Rhea,216,0,216,0,0,0,224,0,1896,35,2120,35,0,0,-2,22,2,194,0,2,0
06-08-20,Roane,30,3,23,3,7,0,31,2,3976,27,4007,29,0,0,3,6,0,24,0,4,0
06-08-20,Robertson,571,12,569,12,2,0,679,17,4298,83,4977,100,0,6,-4,71,16,494,2,48,11
06-08-20,Rutherford,1561,51,1555,51,6,0,1824,57,13994,384,15818,441,0,29,16,310,35,1222,0,98,31
06-08-20,Scott,13,0,12,0,1,0,12,0,875,13,887,13,0,0,0,0,0,13,0,0,0
06-08-20,Sequatchie,25,0,25,0,0,0,30,0,1062,8,1092,8,0,0,0,5,0,20,0,2,0
06-08-20,Sevier,168,40,159,40,9,0,170,35,5496,142,5666,177,0,2,39,82,1,84,0,10,2
06-08-20,Shelby,6048,85,6033,85,15,0,7239,115,81493,1559,88732,1674,3,133,-19,1060,101,4855,14,656,156
06-08-20,Smith,36,0,35,0,1,0,41,0,1041,8,1082,8,0,1,0,3,0,32,0,2,1
06-08-20,Stewart,14,0,14,0,0,0,14,0,513,10,527,10,0,0,0,2,0,12,0,2,0
06-08-20,Sullivan,68,2,65,2,3,0,68,1,5236,133,5304,134,0,2,2,5,0,61,0,7,2
06-08-20,Sumner,1030,16,1021,16,9,0,1313,21,8891,78,10204,99,0,46,8,111,8,873,0,208,48
06-08-20,Tipton,496,7,494,7,2,0,528,9,5236,172,5764,181,0,3,4,40,3,453,0,25,3
06-08-20,Trousdale,1401,2,1398,2,3,0,1430,2,1956,8,3386,10,0,4,2,6,0,1391,0,14,4
06-08-20,Unicoi,52,0,52,0,0,0,57,0,790,34,847,34,0,0,-1,46,1,6,0,0,0
06-08-20,Union,6,1,6,1,0,0,5,0,631,9,636,9,0,0,1,2,0,4,0,0,0
06-08-20,Van Buren,4,0,4,0,0,0,4,0,382,6,386,6,0,0,0,0,0,4,0,1,0
06-08-20,Warren,30,1,30,1,0,0,30,1,2103,36,2133,37,0,0,1,6,0,24,0,0,0
06-08-20,Washington,84,0,84,0,0,0,108,0,4691,188,4799,188,0,0,0,8,0,76,0,6,0
06-08-20,Wayne,64,0,64,0,0,0,65,0,2366,6,2431,6,0,0,0,2,0,62,0,2,0
06-08-20,Weakley,31,0,31,0,0,0,32,0,1625,20,1657,20,0,0,0,0,0,31,0,2,0
06-08-20,White,48,0,46,0,2,0,55,0,1654,4,1709,4,0,0,-2,13,2,35,0,4,2
06-08-20,Williamson,625,8,623,8,2,0,708,9,10999,256,11707,265,0,11,-1,70,9,544,0,46,12
06-08-20,Wilson,499,7,496,7,3,0,598,10,7221,108,7819,118,0,9,1,81,6,409,0,46,11
06-07-20,Anderson,46,2,44,1,2,1,58,3,5294,88,5352,91,0,2,2,5,0,39,0,4,2
06-07-20,Bedford,329,1,329,1,0,0,367,20,2711,60,3078,80,0,4,-2,52,3,273,0,15,5
06-07-20,Benton,8,0,8,0,0,0,9,0,881,10,890,10,0,1,0,1,0,6,0,2,1
06-07-20,Bledsoe,617,0,617,0,0,0,628,0,3393,14,4021,14,0,1,0,2,0,614,0,5,1
06-07-20,Blount,98,0,94,0,4,0,114,1,4028,96,4142,97,0,3,-2,1,2,94,0,6,3
06-07-20,Bradley,220,15,213,15,7,0,233,15,3472,182,3705,197,0,2,11,103,4,115,0,21,2
06-07-20,Campbell,21,0,18,0,3,0,26,0,1893,235,1919,235,0,1,0,1,0,19,0,2,1
06-07-20,Cannon,23,2,23,2,0,0,35,3,689,28,724,31,0,0,2,5,0,18,0,4,0
06-07-20,Carroll,30,0,25,0,5,0,28,0,1561,51,1589,51,0,1,0,-2,0,31,0,5,1
06-07-20,Carter,23,0,22,0,1,0,26,0,1900,255,1926,255,0,1,0,-1,0,23,0,2,1
06-07-20,Cheatham,157,1,157,1,0,0,189,3,2040,25,2229,28,0,0,-1,24,2,133,1,11,0
06-07-20,Chester,14,0,14,0,0,0,16,0,749,12,765,12,0,0,0,-1,0,15,0,1,0
06-07-20,Claiborne,13,1,13,1,0,0,14,1,912,27,926,28,0,0,1,3,0,10,0,1,0
06-07-20,Clay,11,1,11,1,0,0,11,1,545,7,556,8,0,0,1,2,0,9,0,0,0
06-07-20,Cocke,23,0,21,0,2,0,28,0,1410,34,1438,34,0,0,0,1,0,22,0,1,0
06-07-20,Coffee,83,0,82,0,1,0,95,1,2878,28,2973,29,0,0,-1,12,1,71,0,5,0
06-07-20,Crockett,19,0,17,0,2,0,24,0,642,9,666,9,0,3,0,1,0,15,0,2,3
06-07-20,Cumberland,135,0,131,0,4,0,169,0,5159,69,5328,69,0,2,0,14,0,119,0,11,2
06-07-20,Davidson,5941,126,5935,126,6,0,6902,160,63529,1418,70431,1578,0,73,69,794,57,5074,8,425,87
06-07-20,Decatur,6,0,6,0,0,0,8,0,632,31,640,31,0,0,0,1,0,5,0,1,0
06-07-20,Dekalb,39,1,39,1,0,0,46,1,1480,22,1526,23,0,0,1,3,0,36,0,0,0
06-07-20,Dickson,128,0,128,0,0,0,168,0,2547,37,2715,37,0,0,0,15,0,113,0,13,0
06-07-20,Dyer,71,5,67,5,4,0,77,1,1914,35,1991,36,0,0,3,16,2,55,0,6,0
06-07-20,Fayette,161,1,160,1,1,0,211,5,3776,76,3987,81,0,2,0,25,1,134,0,20,3
06-07-20,Fentress,12,0,12,0,0,0,12,0,996,15,1008,15,0,0,0,0,0,12,0,1,0
06-07-20,Franklin,57,0,55,0,2,0,68,0,2209,36,2277,36,0,1,0,5,0,51,0,6,2
06-07-20,Gibson,69,1,65,1,4,0,77,1,2613,27,2690,28,0,1,1,0,0,68,0,5,1
06-07-20,Giles,19,1,19,1,0,0,25,4,1257,114,1282,118,0,0,1,5,0,14,0,3,0
06-07-20,Grainger,17,0,16,0,1,0,23,1,845,19,868,20,0,0,-2,6,2,11,0,4,0
06-07-20,Greene,52,0,51,0,1,0,59,0,2654,95,2713,95,0,2,-2,1,2,49,0,8,2
06-07-20,Grundy,30,0,30,0,0,0,37,0,536,14,573,14,0,1,0,2,0,27,0,10,1
06-07-20,Hamblen,62,9,54,9,8,0,59,10,3231,149,3290,159,0,2,9,21,0,39,3,10,3
06-07-20,Hamilton,1020,10,1016,10,4,0,1071,15,18470,518,19541,533,0,19,-30,102,40,899,1,75,20
06-07-20,Hancock,1,0,1,0,0,0,1,0,251,5,252,5,0,0,0,0,0,1,0,0,0
06-07-20,Hardeman,215,1,215,1,0,0,225,2,5451,42,5676,44,0,0,-2,14,3,201,0,8,0
06-07-20,Hardin,30,0,30,0,0,0,34,1,2077,141,2111,142,0,2,-2,16,2,12,0,5,2
06-07-20,Hawkins,34,0,34,0,0,0,48,0,1750,36,1798,36,0,2,0,2,0,30,0,6,2
06-07-20,Haywood,36,0,35,0,1,0,38,0,1074,26,1112,26,0,2,0,2,0,32,0,6,2
06-07-20,Henderson,14,0,14,0,0,0,18,0,1257,59,1275,59,0,0,0,1,0,13,0,0,0
06-07-20,Henry,32,0,32,0,0,0,41,0,1836,64,1877,64,0,0,0,2,0,30,0,5,0
06-07-20,Hickman,60,1,60,1,0,0,85,1,1223,34,1308,35,0,0,-2,4,3,56,0,2,0
06-07-20,Houston,9,0,9,0,0,0,13,0,572,3,585,3,0,0,0,0,0,9,0,5,0
06-07-20,Humphreys,17,0,16,0,1,0,20,1,873,12,893,13,0,1,0,2,0,14,0,1,1
06-07-20,Jackson,23,1,23,1,0,0,26,1,711,20,737,21,0,0,1,1,0,22,0,1,0
06-07-20,Jefferson,33,0,29,0,4,0,29,0,2703,41,2732,41,0,0,0,0,0,33,0,1,0
06-07-20,Johnson,22,0,22,0,0,0,21,2,2063,55,2084,57,0,0,0,8,0,14,0,1,0
06-07-20,Knox,478,7,472,7,6,0,530,8,21977,817,22507,825,0,5,0,81,7,392,1,47,5
06-07-20,Lake,680,0,678,0,2,0,837,0,3464,13,4301,13,0,0,0,266,0,414,0,3,0
06-07-20,Lauderdale,61,0,60,0,1,0,81,0,3619,145,3700,145,0,1,0,3,0,57,0,8,1
06-07-20,Lawrence,35,1,35,1,0,0,39,3,1876,85,1915,88,0,0,1,7,0,28,0,4,0
06-07-20,Lewis,4,0,4,0,0,0,4,0,535,8,539,8,0,0,0,0,0,4,0,0,0
06-07-20,Lincoln,32,0,32,0,0,0,40,2,1479,57,1519,59,0,0,0,5,0,27,0,2,0
06-07-20,Loudon,171,3,158,3,13,0,170,3,2354,36,2524,39,0,0,-1,30,4,141,1,10,1
06-07-20,Macon,176,1,176,1,0,0,202,4,1639,23,1841,27,0,3,-2,34,3,139,0,14,3
06-07-20,Madison,175,1,175,1,0,0,207,1,5764,129,5971,130,0,2,1,5,0,168,0,20,2
06-07-20,Marion,46,0,45,0,1,0,52,0,949,35,1001,35,0,1,-1,8,1,37,0,13,2
06-07-20,Marshall,37,0,37,0,0,0,45,3,1239,56,1284,59,0,1,0,5,0,31,0,6,1
06-07-20,Maury,116,1,116,1,0,0,137,4,3606,89,3743,93,0,1,-1,26,2,89,0,10,1
06-07-20,McMinn,158,1,158,1,0,0,178,2,3156,73,3334,75,0,14,0,19,1,125,0,20,15
06-07-20,McNairy,22,0,22,0,0,0,29,3,1087,37,1116,40,0,0,0,9,0,13,0,2,0
06-07-20,Meigs,26,0,26,0,0,0,37,0,605,19,642,19,0,0,0,1,0,25,0,4,0
06-07-20,Monroe,93,0,85,0,8,0,98,4,1386,34,1484,38,0,4,0,11,0,78,0,8,3
06-07-20,Montgomery,302,5,300,5,2,0,347,5,9142,117,9489,122,0,3,0,30,5,269,0,29,7
06-07-20,Moore,6,0,6,0,0,0,7,0,411,2,418,2,0,0,0,3,0,3,0,0,0
06-07-20,Morgan,18,0,18,0,0,0,20,0,3389,23,3409,23,0,0,0,1,0,17,0,0,0
06-07-20,Obion,56,0,54,0,2,0,59,0,1643,61,1702,61,0,1,0,18,0,37,0,9,1
06-07-20,Out of State,284,5,284,5,0,0,306,7,64249,1630,64555,1637,0,4,4,41,1,239,0,21,2
06-07-20,Overton,39,2,39,2,0,0,40,2,1587,14,1627,16,0,0,2,9,0,30,0,2,0
06-07-20,Pending,2,0,2,0,0,0,4,0,42747,830,42751,830,0,0,0,-1,0,3,0,0,0
06-07-20,Perry,25,0,25,0,0,0,29,0,469,7,498,7,0,0,0,9,0,16,0,1,0
06-07-20,Pickett,4,0,4,0,0,0,4,0,390,1,394,1,0,0,0,1,0,3,0,0,0
06-07-20,Polk,26,0,25,0,1,0,29,0,705,96,734,96,0,0,-1,5,1,21,0,3,0
06-07-20,Putnam,540,18,537,18,3,0,634,20,6184,65,6818,85,0,6,12,96,6,438,0,15,6
06-07-20,Rhea,216,1,216,1,0,0,224,1,1861,75,2085,76,0,0,0,24,1,192,0,2,0
06-07-20,Roane,27,0,20,0,7,0,29,0,3949,192,3978,192,0,0,-1,3,1,24,0,4,0
06-07-20,Robertson,559,3,557,3,2,0,662,8,4215,36,4877,44,0,6,-9,75,12,478,1,46,11
06-07-20,Rutherford,1510,28,1504,28,6,0,1767,40,13610,316,15377,356,0,29,14,294,14,1187,0,98,31
06-07-20,Scott,13,0,12,0,1,0,12,0,862,112,874,112,0,0,0,0,0,13,0,0,0
06-07-20,Sequatchie,25,1,25,1,0,0,30,2,1054,21,1084,23,0,0,-1,5,2,20,0,2,0
06-07-20,Sevier,128,8,119,7,9,1,135,9,5354,115,5489,124,0,2,8,43,0,83,0,10,2
06-07-20,Shelby,5963,128,5948,128,15,0,7124,186,79934,2581,87058,2767,1,130,60,1079,67,4754,6,642,155
06-07-20,Smith,36,1,35,1,1,0,41,1,1033,23,1074,24,0,1,0,3,1,32,0,2,1
06-07-20,Stewart,14,0,14,0,0,0,14,0,503,11,517,11,0,0,0,2,0,12,0,2,0
06-07-20,Sullivan,66,0,63,0,3,0,67,0,5103,60,5170,60,0,2,0,3,0,61,0,7,2
06-07-20,Sumner,1014,10,1005,10,9,0,1292,13,8813,95,10105,108,0,46,3,103,7,865,0,208,48
06-07-20,Tipton,489,3,487,3,2,0,519,2,5064,115,5583,117,0,3,1,36,2,450,0,25,3
06-07-20,Trousdale,1399,1,1396,1,3,0,1428,1,1948,3,3376,4,0,4,1,4,0,1391,0,14,4
06-07-20,Unicoi,52,0,52,0,0,0,57,2,756,72,813,74,0,0,0,47,0,5,0,0,0
06-07-20,Union,5,1,5,1,0,0,5,1,622,45,627,46,0,0,1,1,0,4,0,0,0
06-07-20,Van Buren,4,0,4,0,0,0,4,0,376,7,380,7,0,0,0,0,0,4,0,1,0
06-07-20,Warren,29,2,29,2,0,0,29,3,2067,24,2096,27,0,0,2,5,0,24,0,0,0
06-07-20,Washington,84,0,84,0,0,0,108,9,4503,185,4611,194,0,0,0,8,0,76,0,6,0
06-07-20,Wayne,64,0,64,0,0,0,65,0,2360,61,2425,61,0,0,0,2,0,62,0,2,0
06-07-20,Weakley,31,0,31,0,0,0,32,0,1605,28,1637,28,0,0,0,0,0,31,0,2,0
06-07-20,White,48,4,46,4,2,0,55,5,1650,44,1705,49,0,0,3,15,1,33,0,4,1
06-07-20,Williamson,617,7,615,7,2,0,699,10,10743,145,11442,155,0,11,4,71,3,535,0,46,12
06-07-20,Wilson,492,5,489,5,3,0,588,5,7113,84,7701,89,0,9,1,80,4,403,0,46,9
06-06-20,Anderson,44,1,43,1,1,0,55,1,5206,55,5261,56,0,2,1,3,0,39,0,4,2
06-06-20,Bedford,328,13,328,13,0,0,347,5,2651,65,2998,70,0,4,13,54,0,270,0,15,5
06-06-20,Benton,8,0,8,0,0,0,9,0,871,5,880,5,0,1,0,1,0,6,0,2,1
06-06-20,Bledsoe,617,1,617,1,0,0,628,1,3379,18,4007,19,0,1,1,2,0,614,0,5,1
06-06-20,Blount,98,0,94,0,4,0,113,0,3932,77,4045,77,0,3,-1,3,1,92,0,6,3
06-06-20,Bradley,205,14,198,11,7,3,218,17,3290,212,3508,229,0,2,10,92,4,111,0,21,2
06-06-20,Campbell,21,0,18,0,3,0,26,0,1658,31,1684,31,0,1,0,1,0,19,0,2,1
06-06-20,Cannon,21,0,21,0,0,0,32,0,661,5,693,5,0,0,0,3,0,18,0,4,0
06-06-20,Carroll,30,0,25,0,5,0,28,0,1510,5,1538,5,0,1,0,-2,0,31,0,5,1
06-06-20,Carter,23,0,22,0,1,0,26,0,1645,30,1671,30,0,1,0,-1,0,23,0,2,1
06-06-20,Cheatham,156,3,156,3,0,0,186,3,2015,19,2201,22,0,0,3,25,0,131,0,10,0
06-06-20,Chester,14,0,14,0,0,0,16,0,737,7,753,7,0,0,0,-1,0,15,0,1,0
06-06-20,Claiborne,12,0,12,0,0,0,13,0,885,14,898,14,0,0,0,2,0,10,0,1,0
06-06-20,Clay,10,0,10,0,0,0,10,0,538,5,548,5,0,0,0,1,0,9,0,0,0
06-06-20,Cocke,23,0,21,0,2,0,28,0,1376,19,1404,19,0,0,0,1,0,22,0,1,0
06-06-20,Coffee,83,0,82,0,1,0,94,3,2850,193,2944,196,0,0,0,13,0,70,0,5,0
06-06-20,Crockett,19,0,17,0,2,0,24,0,633,7,657,7,0,3,0,1,0,15,0,2,3
06-06-20,Cumberland,135,6,131,6,4,0,169,6,5090,297,5259,303,0,2,5,14,1,119,1,11,2
06-06-20,Davidson,5815,104,5809,104,6,0,6742,131,62111,890,68853,1021,4,73,53,725,47,5017,2,417,85
06-06-20,Decatur,6,0,6,0,0,0,8,1,601,28,609,29,0,0,0,1,0,5,0,1,0
06-06-20,Dekalb,38,0,38,0,0,0,45,0,1458,23,1503,23,0,0,0,2,0,36,0,0,0
06-06-20,Dickson,128,1,128,1,0,0,168,2,2510,36,2678,38,0,0,1,15,0,113,0,13,0
06-06-20,Dyer,66,1,62,1,4,0,76,2,1879,31,1955,33,0,0,1,13,0,53,0,6,0
06-06-20,Fayette,160,3,159,3,1,0,206,5,3700,61,3906,66,0,2,2,25,1,133,1,20,3
06-06-20,Fentress,12,0,12,0,0,0,12,0,981,54,993,54,0,0,0,0,0,12,0,1,0
06-06-20,Franklin,57,0,55,0,2,0,68,0,2173,18,2241,18,0,1,0,5,0,51,0,6,2
06-06-20,Gibson,68,0,64,0,4,0,76,0,2586,19,2662,19,0,1,0,-1,0,68,0,5,1
06-06-20,Giles,18,0,18,0,0,0,21,1,1143,43,1164,44,0,0,0,4,0,14,0,3,0
06-06-20,Grainger,17,0,16,0,1,0,22,3,826,22,848,25,0,0,0,8,0,9,0,4,0
06-06-20,Greene,52,0,51,0,1,0,59,0,2559,49,2618,49,0,2,0,3,0,47,0,8,2
06-06-20,Grundy,30,0,30,0,0,0,37,0,522,6,559,6,0,1,0,2,0,27,0,10,1
06-06-20,Hamblen,53,0,45,0,8,0,49,0,3082,186,3131,186,0,2,-3,12,3,39,0,7,2
06-06-20,Hamilton,1010,16,1006,16,4,0,1056,21,17952,607,19008,628,0,19,-27,132,43,859,2,74,20
06-06-20,Hancock,1,0,1,0,0,0,1,0,246,69,247,69,0,0,0,0,0,1,0,0,0
06-06-20,Hardeman,214,1,214,1,0,0,223,4,5409,81,5632,85,0,0,-1,16,2,198,0,8,0
06-06-20,Hardin,30,7,30,7,0,0,33,5,1936,19,1969,24,0,2,7,18,0,10,0,5,2
06-06-20,Hawkins,34,0,34,0,0,0,48,0,1714,44,1762,44,0,2,0,2,0,30,0,6,2
06-06-20,Haywood,36,0,35,0,1,0,38,0,1048,14,1086,14,0,2,0,2,0,32,0,6,2
06-06-20,Henderson,14,0,14,0,0,0,18,0,1198,6,1216,6,0,0,0,1,0,13,0,0,0
06-06-20,Henry,32,0,32,0,0,0,41,0,1772,19,1813,19,0,0,0,2,0,30,0,5,0
06-06-20,Hickman,59,0,59,0,0,0,84,1,1189,7,1273,8,0,0,-1,6,1,53,0,2,0
06-06-20,Houston,9,0,9,0,0,0,13,0,569,10,582,10,0,0,0,0,0,9,0,5,0
06-06-20,Humphreys,17,0,16,0,1,0,19,0,861,14,880,14,0,1,0,2,0,14,0,1,1
06-06-20,Jackson,22,0,22,0,0,0,25,0,691,5,716,5,0,0,0,0,0,22,0,1,0
06-06-20,Jefferson,33,0,29,0,4,0,29,0,2662,70,2691,70,0,0,0,0,0,33,0,1,0
06-06-20,Johnson,22,1,22,1,0,0,19,1,2008,21,2027,22,0,0,1,8,0,14,0,1,0
06-06-20,Knox,471,11,465,11,6,0,522,11,21160,485,21682,496,0,5,5,81,6,385,0,46,5
06-06-20,Lake,680,0,678,0,2,0,837,0,3451,8,4288,8,0,0,0,266,0,414,0,3,0
06-06-20,Lauderdale,61,0,60,0,1,0,81,1,3474,33,3555,34,0,1,0,3,0,57,0,8,1
06-06-20,Lawrence,34,1,34,1,0,0,36,0,1791,32,1827,32,0,0,1,6,0,28,0,4,0
06-06-20,Lewis,4,0,4,0,0,0,4,0,527,16,531,16,0,0,0,0,0,4,0,0,0
06-06-20,Lincoln,32,0,32,0,0,0,38,1,1422,8,1460,9,0,0,-2,5,2,27,0,2,0
06-06-20,Loudon,168,0,155,0,13,0,167,2,2318,26,2485,28,0,0,-4,31,4,137,0,9,1
06-06-20,Macon,175,3,175,3,0,0,198,5,1616,33,1814,38,0,3,-7,36,10,136,0,14,3
06-06-20,Madison,174,2,174,2,0,0,206,2,5635,48,5841,50,0,2,1,4,1,168,0,20,2
06-06-20,Marion,46,0,45,0,1,0,52,0,914,7,966,7,0,1,0,9,0,36,0,13,2
06-06-20,Marshall,37,0,37,0,0,0,42,0,1183,62,1225,62,0,1,0,5,0,31,0,6,1
06-06-20,Maury,115,2,115,2,0,0,133,3,3517,145,3650,148,0,1,0,27,2,87,0,10,1
06-06-20,McMinn,157,0,157,0,0,0,176,0,3083,19,3259,19,0,14,0,19,0,124,0,20,15
06-06-20,McNairy,22,3,22,3,0,0,26,2,1050,8,1076,10,0,0,3,9,0,13,0,2,0
06-06-20,Meigs,26,0,26,0,0,0,37,0,586,4,623,4,0,0,0,1,0,25,0,4,0
06-06-20,Monroe,93,0,85,0,8,0,94,1,1352,73,1446,74,1,4,-3,11,2,78,0,8,3
06-06-20,Montgomery,297,6,295,6,2,0,342,6,9025,120,9367,126,0,3,3,30,3,264,1,29,7
06-06-20,Moore,6,0,6,0,0,0,7,0,409,3,416,3,0,0,0,3,0,3,0,0,0
06-06-20,Morgan,18,0,18,0,0,0,20,0,3366,148,3386,148,0,0,0,1,0,17,0,0,0
06-06-20,Obion,56,1,54,1,2,0,59,2,1582,86,1641,88,0,1,-1,18,2,37,0,9,1
06-06-20,Out of State,279,3,279,3,0,0,299,3,62619,1255,62918,1258,0,4,1,37,2,238,0,21,2
06-06-20,Overton,37,0,37,0,0,0,38,0,1573,20,1611,20,0,0,0,7,0,30,0,2,0
06-06-20,Pending,2,0,2,0,0,0,4,0,41917,798,41921,798,0,0,0,-1,0,3,0,0,0
06-06-20,Perry,25,0,25,0,0,0,29,0,462,56,491,56,0,0,-1,9,1,16,0,1,0
06-06-20,Pickett,4,1,4,1,0,0,4,1,389,0,393,1,0,0,1,1,0,3,0,0,0
06-06-20,Polk,26,0,25,0,1,0,29,0,609,43,638,43,0,0,0,6,0,20,0,3,0
06-06-20,Putnam,522,6,519,6,3,0,614,6,6119,34,6733,40,0,6,-2,84,8,432,0,15,6
06-06-20,Rhea,215,0,215,0,0,0,223,0,1786,20,2009,20,0,0,0,24,0,191,0,2,0
06-06-20,Roane,27,1,20,1,7,0,29,2,3757,151,3786,153,0,0,1,4,0,23,1,4,0
06-06-20,Robertson,556,10,554,10,2,0,654,11,4179,57,4833,68,1,6,0,84,9,466,1,45,11
06-06-20,Rutherford,1482,47,1476,47,6,0,1727,52,13294,256,15021,308,0,29,29,280,18,1173,2,98,31
06-06-20,Scott,13,0,12,0,1,0,12,1,750,14,762,15,0,0,0,0,0,13,0,0,0
06-06-20,Sequatchie,24,0,24,0,0,0,28,0,1033,14,1061,14,0,0,0,6,0,18,0,2,0
06-06-20,Sevier,120,2,112,2,8,0,126,6,5239,92,5365,98,0,2,1,35,1,83,0,10,2
06-06-20,Shelby,5835,149,5820,149,15,0,6938,168,77353,1717,84291,1885,2,129,77,1019,70,4687,5,636,153
06-06-20,Smith,35,0,34,0,1,0,40,0,1010,8,1050,8,0,1,-1,3,1,31,0,2,1
06-06-20,Stewart,14,0,14,0,0,0,14,0,492,12,506,12,0,0,0,2,0,12,0,2,0
06-06-20,Sullivan,66,0,63,0,3,0,67,0,5043,54,5110,54,0,2,0,3,0,61,0,7,2
06-06-20,Sumner,1004,8,995,8,9,0,1279,13,8718,126,9997,139,0,46,1,100,7,858,1,208,48
06-06-20,Tipton,486,8,484,8,2,0,517,8,4949,103,5466,111,0,3,4,35,4,448,0,25,3
06-06-20,Trousdale,1398,0,1395,0,3,0,1427,1,1945,12,3372,13,0,4,-1,3,1,1391,0,14,4
06-06-20,Unicoi,52,0,52,0,0,0,55,2,684,107,739,109,0,0,-1,47,1,5,0,0,0
06-06-20,Union,4,0,4,0,0,0,4,0,577,16,581,16,0,0,0,0,0,4,0,0,0
06-06-20,Van Buren,4,0,4,0,0,0,4,0,369,12,373,12,0,0,0,0,0,4,0,1,0
06-06-20,Warren,27,1,27,1,0,0,26,2,2043,163,2069,165,0,0,1,3,0,24,0,0,0
06-06-20,Washington,84,0,84,0,0,0,99,0,4318,40,4417,40,0,0,0,8,0,76,0,6,0
06-06-20,Wayne,64,0,64,0,0,0,65,0,2299,14,2364,14,0,0,0,2,0,62,0,2,0
06-06-20,Weakley,31,0,31,0,0,0,32,0,1577,17,1609,17,0,0,0,0,0,31,0,2,0
06-06-20,White,44,5,42,5,2,0,50,6,1606,23,1656,29,0,0,5,12,0,32,1,4,1
06-06-20,Williamson,610,19,608,19,2,0,689,22,10598,148,11287,170,0,11,9,67,10,532,1,46,12
06-06-20,Wilson,487,10,484,10,3,0,583,13,7029,90,7612,103,1,9,5,79,4,399,2,46,9
06-05-20,Anderson,43,1,42,1,1,0,54,3,5151,55,5205,58,0,2,1,2,0,39,0,4,2
06-05-20,Bedford,315,15,315,15,0,0,342,9,2586,36,2928,45,0,4,11,41,4,270,2,15,5
06-05-20,Benton,8,1,8,1,0,0,9,1,866,68,875,69,0,1,1,1,0,6,0,2,1
06-05-20,Bledsoe,616,0,616,0,0,0,627,0,3361,10,3988,10,0,1,0,1,0,614,0,5,1
06-05-20,Blount,98,0,94,0,4,0,113,0,3855,49,3968,49,0,3,-3,4,3,91,0,6,3
06-05-20,Bradley,191,12,187,12,4,0,201,13,3078,212,3279,225,1,2,9,82,2,107,1,21,2
06-05-20,Campbell,21,0,18,0,3,0,26,1,1627,36,1653,37,0,1,-2,1,2,19,0,2,1
06-05-20,Cannon,21,0,21,0,0,0,32,0,656,12,688,12,0,0,0,3,0,18,0,4,0
06-05-20,Carroll,30,0,25,0,5,0,28,0,1505,16,1533,16,0,1,0,-2,0,31,0,5,1
06-05-20,Carter,23,0,22,0,1,0,26,0,1615,19,1641,19,0,1,0,-1,0,23,0,2,1
06-05-20,Cheatham,153,5,153,5,0,0,183,6,1996,25,2179,31,0,0,4,22,1,131,1,10,0
06-05-20,Chester,14,0,14,0,0,0,16,0,730,6,746,6,0,0,-1,-1,1,15,0,1,0
06-05-20,Claiborne,12,0,12,0,0,0,13,0,871,54,884,54,0,0,0,2,0,10,0,1,0
06-05-20,Clay,10,0,10,0,0,0,10,0,533,7,543,7,0,0,0,1,0,9,0,0,0
06-05-20,Cocke,23,0,21,0,2,0,28,0,1357,20,1385,20,0,0,0,1,0,22,0,1,0
06-05-20,Coffee,83,1,82,1,1,0,91,2,2657,121,2748,123,0,0,0,13,1,70,0,5,0
06-05-20,Crockett,19,0,17,0,2,0,24,0,626,6,650,6,1,3,-1,1,0,15,0,2,3
06-05-20,Cumberland,129,0,125,0,4,0,163,0,4793,59,4956,59,0,2,-1,9,1,118,0,10,2
06-05-20,Davidson,5711,124,5705,124,6,0,6611,158,61221,1273,67832,1431,3,69,26,672,95,4970,4,415,81
06-05-20,Decatur,6,1,6,1,0,0,7,1,573,14,580,15,0,0,1,1,0,5,1,1,0
06-05-20,Dekalb,38,0,38,0,0,0,45,0,1435,20,1480,20,0,0,0,2,0,36,0,0,0
06-05-20,Dickson,127,2,127,2,0,0,166,1,2474,40,2640,41,0,0,-1,14,3,113,0,13,0
06-05-20,Dyer,65,2,61,1,4,1,74,0,1848,68,1922,68,0,0,1,12,1,53,0,6,0
06-05-20,Fayette,157,9,156,9,1,0,201,7,3639,47,3840,54,0,2,7,23,2,132,2,19,3
06-05-20,Fentress,12,0,12,0,0,0,12,0,927,151,939,151,0,0,-1,0,1,12,0,1,0
06-05-20,Franklin,57,0,55,0,2,0,68,0,2155,25,2223,25,0,1,-1,5,1,51,0,6,2
06-05-20,Gibson,68,0,64,0,4,0,76,0,2567,24,2643,24,0,1,0,-1,0,68,0,5,1
06-05-20,Giles,18,4,18,4,0,0,20,3,1100,7,1120,10,0,0,3,4,1,14,1,3,0
06-05-20,Grainger,17,0,16,0,1,0,19,1,804,9,823,10,0,0,-2,8,2,9,0,4,0
06-05-20,Greene,52,0,51,0,1,0,59,0,2510,32,2569,32,0,2,-1,3,1,47,0,8,2
06-05-20,Grundy,30,0,30,0,0,0,37,0,516,4,553,4,0,1,0,2,0,27,0,10,1
06-05-20,Hamblen,53,3,45,3,8,0,49,0,2896,63,2945,63,0,2,2,15,1,36,0,7,2
06-05-20,Hamilton,994,26,990,26,4,0,1035,26,17345,371,18380,397,0,19,-80,159,106,816,1,72,20
06-05-20,Hancock,1,0,1,0,0,0,1,0,177,5,178,5,0,0,0,0,0,1,0,0,0
06-05-20,Hardeman,213,7,213,7,0,0,219,3,5328,163,5547,166,0,0,7,17,0,196,1,8,0
06-05-20,Hardin,23,1,23,1,0,0,28,2,1917,29,1945,31,0,2,1,11,0,10,0,5,2
06-05-20,Hawkins,34,0,34,0,0,0,48,1,1670,31,1718,32,0,2,-1,2,1,30,0,6,2
06-05-20,Haywood,36,1,35,1,1,0,38,1,1034,13,1072,14,0,2,0,2,1,32,0,6,2
06-05-20,Henderson,14,0,14,0,0,0,18,0,1192,17,1210,17,0,0,0,1,0,13,0,0,0
06-05-20,Henry,32,0,32,0,0,0,41,0,1753,13,1794,13,0,0,0,2,0,30,0,5,0
06-05-20,Hickman,59,0,59,0,0,0,83,1,1182,22,1265,23,0,0,0,7,0,52,0,2,0
06-05-20,Houston,9,0,9,0,0,0,13,0,559,2,572,2,0,0,0,0,0,9,0,5,0
06-05-20,Humphreys,17,1,16,1,1,0,19,1,847,32,866,33,0,1,0,2,1,14,0,1,1
06-05-20,Jackson,22,0,22,0,0,0,25,0,686,5,711,5,0,0,-1,0,1,22,0,1,0
06-05-20,Jefferson,33,0,29,0,4,0,29,0,2592,21,2621,21,0,0,-1,0,1,33,0,1,0
06-05-20,Johnson,21,2,21,2,0,0,18,0,1987,5,2005,5,0,0,2,7,0,14,0,1,0
06-05-20,Knox,460,18,454,18,6,0,511,17,20675,511,21186,528,0,5,8,76,10,379,1,46,5
06-05-20,Lake,680,0,678,0,2,0,837,1,3443,8,4280,9,0,0,-1,266,1,414,0,3,0
06-05-20,Lauderdale,61,0,60,0,1,0,80,0,3441,41,3521,41,0,1,-2,3,2,57,0,8,1
06-05-20,Lawrence,33,1,33,1,0,0,36,2,1759,138,1795,140,0,0,0,5,1,28,0,4,0
06-05-20,Lewis,4,0,4,0,0,0,4,0,511,10,515,10,0,0,0,0,0,4,0,0,0
06-05-20,Lincoln,32,0,32,0,0,0,37,0,1414,54,1451,54,0,0,0,7,0,25,0,2,0
06-05-20,Loudon,168,3,155,2,13,1,165,1,2292,24,2457,25,0,0,0,35,3,133,0,9,1
06-05-20,Macon,172,4,172,4,0,0,193,5,1583,91,1776,96,0,3,4,43,0,126,0,14,3
06-05-20,Madison,172,1,172,1,0,0,204,2,5587,119,5791,121,0,2,-1,3,2,167,0,20,2
06-05-20,Marion,46,1,45,1,1,0,52,2,907,18,959,20,0,1,1,9,0,36,0,13,2
06-05-20,Marshall,37,2,37,2,0,0,42,0,1121,15,1163,15,0,1,2,5,0,31,0,6,1
06-05-20,Maury,113,4,113,4,0,0,130,6,3372,109,3502,115,0,1,2,27,2,85,1,10,1
06-05-20,McMinn,157,4,157,4,0,0,176,4,3064,38,3240,42,0,14,4,19,0,124,1,20,15
06-05-20,McNairy,19,4,19,4,0,0,24,2,1042,90,1066,92,0,0,4,6,0,13,0,2,0
06-05-20,Meigs,26,0,26,0,0,0,37,0,582,19,619,19,0,0,0,1,0,25,0,4,0
06-05-20,Monroe,93,2,85,2,8,0,93,2,1279,10,1372,12,0,3,1,14,1,76,0,8,3
06-05-20,Montgomery,291,0,289,0,2,0,336,1,8905,98,9241,99,0,3,-3,27,3,261,0,28,6
06-05-20,Moore,6,0,6,0,0,0,7,0,406,9,413,9,0,0,0,3,0,3,0,0,0
06-05-20,Morgan,18,1,18,1,0,0,20,1,3218,13,3238,14,0,0,1,1,0,17,0,0,0
06-05-20,Obion,55,3,53,3,2,0,57,1,1496,47,1553,48,-2,1,2,19,3,35,0,9,1
06-05-20,Out of State,276,3,276,3,0,0,296,4,61364,1253,61660,1257,0,4,0,36,3,236,0,21,1
06-05-20,Overton,37,1,37,1,0,0,38,1,1553,13,1591,14,0,0,-2,7,3,30,0,2,0
06-05-20,Pending,2,0,2,0,0,0,4,0,41119,854,41123,854,0,0,0,-1,0,3,0,0,0
06-05-20,Perry,25,0,25,0,0,0,29,0,406,158,435,158,0,0,0,10,0,15,0,1,0
06-05-20,Pickett,3,0,3,0,0,0,3,0,389,5,392,5,0,0,0,0,0,3,0,0,0
06-05-20,Polk,26,3,25,2,1,1,29,2,566,15,595,17,0,0,3,6,0,20,0,3,0
06-05-20,Putnam,516,4,513,3,3,1,608,5,6085,97,6693,102,0,6,-22,86,26,424,0,15,6
06-05-20,Rhea,215,1,215,1,0,0,223,0,1766,52,1989,52,0,0,0,24,1,191,0,2,0
06-05-20,Roane,26,0,19,0,7,0,27,0,3606,44,3633,44,0,0,-1,3,1,23,0,3,0
06-05-20,Robertson,546,17,544,16,2,1,643,24,4122,130,4765,154,0,5,5,84,12,457,0,44,10
06-05-20,Rutherford,1435,56,1429,56,6,0,1675,72,13038,285,14713,357,1,29,22,251,33,1155,1,96,30
06-05-20,Scott,13,0,12,0,1,0,11,0,736,10,747,10,0,0,0,0,0,13,0,0,0
06-05-20,Sequatchie,24,0,24,0,0,0,28,1,1019,26,1047,27,0,0,-1,6,1,18,0,2,0
06-05-20,Sevier,118,8,110,6,8,2,120,2,5147,48,5267,50,0,2,7,34,1,82,0,10,2
06-05-20,Shelby,5686,89,5671,89,15,0,6770,153,75636,2266,82406,2419,3,127,-27,942,113,4617,0,631,151
06-05-20,Smith,35,0,34,0,1,0,40,0,1002,27,1042,27,0,1,0,4,0,30,0,2,1
06-05-20,Stewart,14,0,14,0,0,0,14,0,480,11,494,11,0,0,0,2,0,12,0,2,0
06-05-20,Sullivan,66,2,63,2,3,0,67,2,4989,59,5056,61,0,2,2,3,0,61,0,7,2
06-05-20,Sumner,996,21,987,21,9,0,1266,26,8592,255,9858,281,0,46,6,99,15,851,1,207,48
06-05-20,Tipton,478,7,476,7,2,0,509,10,4846,99,5355,109,0,3,1,31,6,444,0,25,3
06-05-20,Trousdale,1398,0,1395,0,3,0,1426,0,1933,11,3359,11,0,4,-1,4,1,1390,0,14,4
06-05-20,Unicoi,52,3,52,3,0,0,53,0,577,66,630,66,0,0,3,48,0,4,0,0,0
06-05-20,Union,4,0,4,0,0,0,4,0,561,36,565,36,0,0,0,0,0,4,0,0,0
06-05-20,Van Buren,4,0,4,0,0,0,4,0,357,4,361,4,0,0,0,0,0,4,0,1,0
06-05-20,Warren,26,0,26,0,0,0,24,0,1880,19,1904,19,0,0,-1,2,1,24,0,0,0
06-05-20,Washington,84,9,84,9,0,0,99,3,4278,127,4377,130,0,0,6,8,3,76,0,6,0
06-05-20,Wayne,64,0,64,0,0,0,65,0,2285,11,2350,11,0,0,0,2,0,62,0,2,0
06-05-20,Weakley,31,1,31,1,0,0,32,1,1560,55,1592,56,0,0,1,0,0,31,0,2,0
06-05-20,White,39,1,37,1,2,0,44,1,1583,34,1627,35,0,0,1,7,0,32,0,3,1
06-05-20,Williamson,591,13,589,11,2,2,667,10,10450,235,11117,245,0,11,6,58,7,522,0,45,12
06-05-20,Wilson,477,6,474,6,3,0,570,6,6939,124,7509,130,0,8,-1,74,7,395,1,44,9
06-04-20,Anderson,42,0,41,0,1,0,51,0,5096,62,5147,62,1,2,-2,1,1,39,0,4,2
06-04-20,Bedford,300,1,300,1,0,0,333,0,2550,44,2883,44,0,4,-1,30,2,266,0,13,5
06-04-20,Benton,7,0,7,0,0,0,8,0,798,3,806,3,0,1,0,0,0,6,0,2,1
06-04-20,Bledsoe,616,0,616,0,0,0,627,1,3351,17,3978,18,0,1,-2,1,2,614,0,5,1
06-04-20,Blount,98,0,94,0,4,0,113,0,3806,44,3919,44,0,3,-2,7,2,88,0,6,3
06-04-20,Bradley,179,11,175,11,4,0,188,8,2866,50,3054,58,0,1,7,73,4,105,0,20,2
06-04-20,Campbell,21,0,18,0,3,0,25,0,1591,12,1616,12,0,1,0,3,0,17,0,2,1
06-04-20,Cannon,21,0,21,0,0,0,32,0,644,5,676,5,0,0,-2,3,2,18,0,4,0
06-04-20,Carroll,30,0,25,0,5,0,28,0,1489,4,1517,4,0,1,0,-2,0,31,0,5,1
06-04-20,Carter,23,0,22,0,1,0,26,0,1596,10,1622,10,0,1,0,-1,0,23,0,2,1
06-04-20,Cheatham,148,2,148,2,0,0,177,2,1971,12,2148,14,0,0,0,18,2,130,0,9,0
06-04-20,Chester,14,0,14,0,0,0,16,0,724,1,740,1,0,0,-1,0,1,14,0,1,0
06-04-20,Claiborne,12,0,12,0,0,0,13,0,817,16,830,16,0,0,0,2,0,10,0,1,0
06-04-20,Clay,10,0,10,0,0,0,10,0,526,0,536,0,0,0,0,1,0,9,0,0,0
06-04-20,Cocke,23,0,21,0,2,0,28,0,1337,23,1365,23,0,0,0,1,0,22,0,1,0
06-04-20,Coffee,82,4,81,4,1,0,89,2,2536,76,2625,78,0,0,4,13,0,69,0,5,0
06-04-20,Crockett,19,0,17,0,2,0,24,0,620,4,644,4,0,2,-1,2,1,15,0,2,3
06-04-20,Cumberland,129,0,125,0,4,0,163,0,4734,79,4897,79,1,2,-6,10,5,117,0,10,2
06-04-20,Davidson,5587,34,5581,34,6,0,6453,42,59948,616,66401,658,1,66,-74,646,107,4875,5,411,80
06-04-20,Decatur,5,0,5,0,0,0,6,0,559,10,565,10,0,0,0,0,0,5,0,0,0
06-04-20,Dekalb,38,0,38,0,0,0,45,0,1415,2,1460,2,0,0,-1,2,1,36,0,0,0
06-04-20,Dickson,125,3,125,3,0,0,165,3,2434,45,2599,48,0,0,1,15,2,110,0,13,0
06-04-20,Dyer,63,2,60,2,3,0,74,1,1780,85,1854,86,0,0,2,11,0,52,0,6,0
06-04-20,Fayette,148,5,147,5,1,0,194,5,3592,20,3786,25,0,2,-13,16,18,130,0,17,3
06-04-20,Fentress,12,0,12,0,0,0,12,0,776,11,788,11,0,0,0,1,0,11,0,1,0
06-04-20,Franklin,57,0,55,0,2,0,68,0,2130,26,2198,26,0,1,-1,6,1,50,0,6,2
06-04-20,Gibson,68,0,64,0,4,0,76,0,2543,6,2619,6,0,1,0,-1,0,68,0,5,1
06-04-20,Giles,14,0,14,0,0,0,17,0,1093,21,1110,21,0,0,0,1,0,13,0,2,0
06-04-20,Grainger,17,3,16,3,1,0,18,1,795,5,813,6,0,0,3,10,0,7,2,4,0
06-04-20,Greene,52,0,51,0,1,0,59,0,2478,20,2537,20,0,2,0,4,0,46,0,8,2
06-04-20,Grundy,30,1,30,1,0,0,37,1,512,6,549,7,0,1,0,2,1,27,0,10,1
06-04-20,Hamblen,50,0,42,0,8,0,49,2,2833,18,2882,20,0,2,-1,13,1,35,0,7,2
06-04-20,Hamilton,968,17,964,17,4,0,1009,15,16974,474,17983,489,3,19,-30,239,44,710,1,71,20
06-04-20,Hancock,1,0,1,0,0,0,1,0,172,3,173,3,0,0,0,0,0,1,0,0,0
06-04-20,Hardeman,206,0,206,0,0,0,216,0,5165,16,5381,16,0,0,-2,10,2,196,0,7,0
06-04-20,Hardin,22,1,22,1,0,0,26,1,1888,17,1914,18,0,2,1,10,0,10,0,5,2
06-04-20,Hawkins,34,0,34,0,0,0,47,0,1639,18,1686,18,0,2,0,3,0,29,0,6,2
06-04-20,Haywood,35,0,34,0,1,0,37,0,1021,8,1058,8,0,2,0,2,0,31,0,6,2
06-04-20,Henderson,14,0,14,0,0,0,18,0,1175,6,1193,6,0,0,-1,1,1,13,0,0,0
06-04-20,Henry,32,0,32,0,0,0,41,0,1740,5,1781,5,0,0,0,2,0,30,0,5,0
06-04-20,Hickman,59,1,59,1,0,0,82,0,1160,18,1242,18,0,0,1,7,0,52,0,2,0
06-04-20,Houston,9,0,9,0,0,0,13,0,557,3,570,3,0,0,0,0,0,9,0,5,0
06-04-20,Humphreys,16,0,15,0,1,0,18,0,815,31,833,31,0,1,0,2,0,13,0,1,1
06-04-20,Jackson,22,0,22,0,0,0,25,0,681,2,706,2,0,0,0,1,0,21,0,1,0
06-04-20,Jefferson,33,0,29,0,4,0,29,0,2571,84,2600,84,0,0,0,1,0,32,0,1,0
06-04-20,Johnson,19,0,19,0,0,0,18,1,1982,7,2000,8,0,0,0,5,0,14,0,1,0
06-04-20,Knox,442,4,436,4,6,0,494,4,20164,392,20658,396,0,5,0,68,4,369,0,45,5
06-04-20,Lake,680,1,678,0,2,1,836,1,3435,10,4271,11,0,0,-1,267,2,413,0,3,0
06-04-20,Lauderdale,61,0,60,0,1,0,80,0,3400,19,3480,19,0,1,0,5,0,55,0,8,1
06-04-20,Lawrence,32,2,32,2,0,0,34,1,1621,25,1655,26,0,0,1,5,1,27,0,4,0
06-04-20,Lewis,4,0,4,0,0,0,4,0,501,4,505,4,0,0,0,0,0,4,0,0,0
06-04-20,Lincoln,32,1,32,1,0,0,37,3,1360,9,1397,12,0,0,1,7,0,25,0,2,0
06-04-20,Loudon,165,3,153,3,12,0,164,3,2268,15,2432,18,0,0,2,35,1,130,1,9,1
06-04-20,Macon,168,2,168,2,0,0,188,1,1492,33,1680,34,0,3,-6,39,8,126,0,14,3
06-04-20,Madison,171,0,171,0,0,0,202,1,5468,43,5670,44,0,2,-1,4,1,165,0,20,2
06-04-20,Marion,45,1,44,1,1,0,50,1,889,24,939,25,0,1,0,8,1,36,0,13,2
06-04-20,Marshall,35,1,35,1,0,0,42,1,1106,24,1148,25,0,1,0,3,1,31,0,6,1
06-04-20,Maury,109,1,109,1,0,0,124,4,3263,46,3387,50,1,1,-2,25,2,83,0,9,1
06-04-20,McMinn,153,1,153,1,0,0,172,2,3026,34,3198,36,0,14,0,15,1,124,0,19,14
06-04-20,McNairy,15,0,15,0,0,0,22,0,952,15,974,15,0,0,0,2,0,13,0,2,0
06-04-20,Meigs,26,0,26,0,0,0,37,0,563,12,600,12,0,0,-1,1,1,25,0,4,0
06-04-20,Monroe,91,0,83,0,8,0,91,1,1269,8,1360,9,1,3,-6,13,5,75,0,8,3
06-04-20,Montgomery,291,0,289,0,2,0,335,0,8807,90,9142,90,0,3,-4,30,4,258,0,28,6
06-04-20,Moore,6,0,6,0,0,0,7,1,397,11,404,12,0,0,0,3,0,3,0,0,0
06-04-20,Morgan,17,0,17,0,0,0,19,0,3205,29,3224,29,0,0,0,0,0,17,0,0,0
06-04-20,Obion,52,3,50,3,2,0,56,4,1449,27,1505,31,0,3,1,17,2,32,2,9,1
06-04-20,Out of State,273,1,273,1,0,0,292,1,60111,452,60403,453,0,4,0,36,1,233,0,21,1
06-04-20,Overton,36,0,36,0,0,0,37,0,1540,27,1577,27,0,0,-2,9,2,27,0,2,0
06-04-20,Pending,2,0,2,0,0,0,4,0,40265,437,40269,437,0,0,0,-1,0,3,0,0,0
06-04-20,Perry,25,0,25,0,0,0,29,1,248,14,277,15,0,0,0,10,0,15,0,1,0
06-04-20,Pickett,3,0,3,0,0,0,3,0,384,3,387,3,0,0,0,0,0,3,0,0,0
06-04-20,Polk,23,0,23,0,0,0,27,0,551,12,578,12,0,0,0,3,0,20,0,3,0
06-04-20,Putnam,512,0,510,0,2,0,603,0,5988,10,6591,10,0,6,-12,108,12,398,0,15,6
06-04-20,Rhea,214,1,214,1,0,0,223,6,1714,81,1937,87,0,0,-8,24,9,190,0,2,0
06-04-20,Roane,26,1,19,1,7,0,27,1,3562,42,3589,43,0,0,1,4,0,22,0,3,0
06-04-20,Robertson,529,3,528,3,1,0,619,2,3992,30,4611,32,0,5,-12,79,15,445,1,44,10
06-04-20,Rutherford,1379,27,1373,27,6,0,1603,28,12753,206,14356,234,0,28,-8,229,35,1122,0,95,30
06-04-20,Scott,13,1,12,1,1,0,11,0,726,10,737,10,0,0,1,0,0,13,0,0,0
06-04-20,Sequatchie,24,0,24,0,0,0,27,1,993,21,1020,22,0,0,-2,7,2,17,0,2,0
06-04-20,Sevier,110,6,104,4,6,2,118,4,5099,41,5217,45,0,2,5,27,1,81,0,10,2
06-04-20,Shelby,5597,50,5582,50,15,0,6617,27,73370,592,79987,619,5,124,-80,969,125,4504,6,631,150
06-04-20,Smith,35,0,34,0,1,0,40,0,975,1,1015,1,0,1,-1,4,1,30,0,2,1
06-04-20,Stewart,14,1,14,1,0,0,14,1,469,17,483,18,0,0,0,2,1,12,0,2,0
06-04-20,Sullivan,64,0,61,0,3,0,65,0,4930,20,4995,20,0,2,0,1,0,61,0,7,2
06-04-20,Sumner,975,12,966,12,9,0,1240,9,8337,66,9577,75,0,46,-6,93,18,836,0,206,47
06-04-20,Tipton,471,4,469,4,2,0,499,3,4747,176,5246,179,0,3,3,30,1,438,0,25,3
06-04-20,Trousdale,1398,0,1395,0,3,0,1426,0,1922,8,3348,8,0,4,0,5,0,1389,0,14,4
06-04-20,Unicoi,49,1,49,1,0,0,53,6,511,21,564,27,0,0,1,45,0,4,0,0,0
06-04-20,Union,4,0,4,0,0,0,4,0,525,4,529,4,0,0,0,0,0,4,0,0,0
06-04-20,Van Buren,4,0,4,0,0,0,4,0,353,0,357,0,0,0,0,0,0,4,0,1,0
06-04-20,Warren,26,1,26,1,0,0,24,0,1861,20,1885,20,0,0,-1,3,2,23,0,0,0
06-04-20,Washington,75,1,75,1,0,0,96,0,4151,29,4247,29,0,0,1,2,0,73,0,6,0
06-04-20,Wayne,64,0,64,0,0,0,65,0,2274,2,2339,2,0,0,0,2,0,62,0,2,0
06-04-20,Weakley,30,0,30,0,0,0,31,0,1505,22,1536,22,0,0,0,-1,0,31,0,2,0
06-04-20,White,38,0,36,0,2,0,43,0,1549,1,1592,1,0,0,-3,6,3,32,0,3,0
06-04-20,Williamson,578,4,578,4,0,0,657,7,10215,164,10872,171,0,11,-2,52,6,515,0,45,12
06-04-20,Wilson,471,8,468,8,3,0,564,4,6815,45,7379,49,0,8,-5,75,13,388,1,43,8
06-03-20,Anderson,42,1,41,1,1,0,51,1,5034,64,5085,65,0,1,1,3,0,38,0,4,2
06-03-20,Bedford,299,2,299,2,0,0,333,0,2506,14,2839,14,0,4,1,31,1,264,0,13,5
06-03-20,Benton,7,0,7,0,0,0,8,0,795,1,803,1,0,1,0,0,0,6,0,2,1
06-03-20,Bledsoe,616,0,616,0,0,0,626,0,3334,10,3960,10,0,1,-1,3,1,612,0,5,1
06-03-20,Blount,98,0,94,0,4,0,113,0,3762,41,3875,41,0,3,-4,9,4,86,0,6,3
06-03-20,Bradley,168,2,164,2,4,0,180,3,2816,14,2996,17,0,1,-3,66,5,101,0,20,2
06-03-20,Campbell,21,0,18,0,3,0,25,0,1579,16,1604,16,0,1,0,3,0,17,0,2,1
06-03-20,Cannon,21,0,21,0,0,0,32,0,639,7,671,7,0,0,0,5,0,16,0,4,0
06-03-20,Carroll,30,0,25,0,5,0,28,0,1485,10,1513,10,0,1,0,-2,0,31,0,5,1
06-03-20,Carter,23,0,22,0,1,0,26,0,1586,16,1612,16,0,1,0,-1,0,23,0,2,1
06-03-20,Cheatham,146,0,146,0,0,0,175,0,1959,20,2134,20,0,0,-2,18,2,128,0,9,0
06-03-20,Chester,14,0,14,0,0,0,16,0,723,8,739,8,0,0,0,1,0,13,0,1,0
06-03-20,Claiborne,12,0,12,0,0,0,13,0,801,14,814,14,0,0,0,2,0,10,0,1,0
06-03-20,Clay,10,0,10,0,0,0,10,0,526,4,536,4,0,0,0,1,0,9,0,0,0
06-03-20,Cocke,23,0,21,0,2,0,28,0,1314,15,1342,15,0,0,0,1,0,22,0,1,0
06-03-20,Coffee,78,2,77,2,1,0,87,1,2460,16,2547,17,0,0,0,9,2,69,0,5,0
06-03-20,Crockett,19,0,17,0,2,0,24,0,616,4,640,4,0,2,0,3,0,14,0,2,3
06-03-20,Cumberland,129,3,125,3,4,0,163,4,4655,38,4818,42,0,1,0,16,3,112,0,10,2
06-03-20,Davidson,5553,78,5547,78,6,0,6411,97,59332,837,65743,934,1,65,-31,720,108,4768,8,406,79
06-03-20,Decatur,5,0,5,0,0,0,6,0,549,3,555,3,0,0,0,0,0,5,0,0,0
06-03-20,Dekalb,38,0,38,0,0,0,45,0,1413,60,1458,60,0,0,-1,3,1,35,0,0,0
06-03-20,Dickson,122,0,122,0,0,0,162,0,2389,41,2551,41,0,0,-3,14,3,108,0,13,0
06-03-20,Dyer,61,1,58,1,3,0,73,1,1695,31,1768,32,0,0,0,9,1,52,0,6,0
06-03-20,Fayette,143,4,142,4,1,0,189,7,3572,42,3761,49,0,2,2,29,2,112,0,17,3
06-03-20,Fentress,12,0,12,0,0,0,12,0,765,6,777,6,0,0,-1,1,1,11,0,1,0
06-03-20,Franklin,57,1,55,0,2,1,68,0,2104,6,2172,6,0,1,0,7,1,49,0,6,2
06-03-20,Gibson,68,0,64,0,4,0,76,0,2537,10,2613,10,0,1,0,-1,0,68,0,5,1
06-03-20,Giles,14,1,14,1,0,0,17,0,1072,3,1089,3,0,0,1,1,0,13,1,2,0
06-03-20,Grainger,14,1,13,1,1,0,17,0,790,18,807,18,0,0,1,7,0,7,0,2,0
06-03-20,Greene,52,0,51,0,1,0,59,0,2458,23,2517,23,0,2,0,4,0,46,0,8,2
06-03-20,Grundy,29,0,29,0,0,0,36,0,506,1,542,1,0,1,0,2,0,26,0,10,1
06-03-20,Hamblen,50,0,42,0,8,0,47,0,2815,52,2862,52,0,2,0,14,0,34,0,7,2
06-03-20,Hamilton,951,25,947,25,4,0,994,28,16500,733,17494,761,0,16,-57,269,82,666,0,70,20
06-03-20,Hancock,1,0,1,0,0,0,1,0,169,5,170,5,0,0,0,0,0,1,0,0,0
06-03-20,Hardeman,206,1,206,1,0,0,216,2,5149,3,5365,5,0,0,0,12,1,194,0,7,0
06-03-20,Hardin,21,0,21,0,0,0,25,0,1871,22,1896,22,0,2,-1,9,1,10,0,5,2
06-03-20,Hawkins,34,0,34,0,0,0,47,0,1621,6,1668,6,0,2,0,3,0,29,0,6,2
06-03-20,Haywood,35,0,34,0,1,0,37,0,1013,7,1050,7,0,2,0,2,0,31,0,6,2
06-03-20,Henderson,14,0,14,0,0,0,18,0,1169,6,1187,6,0,0,0,2,0,12,0,0,0
06-03-20,Henry,32,0,32,0,0,0,41,0,1735,4,1776,4,0,0,0,2,0,30,0,5,0
06-03-20,Hickman,58,0,58,0,0,0,82,0,1142,9,1224,9,0,0,-1,6,1,52,0,2,0
06-03-20,Houston,9,0,9,0,0,0,13,1,554,1,567,2,0,0,0,0,0,9,0,5,0
06-03-20,Humphreys,16,0,15,0,1,0,18,0,784,4,802,4,0,1,0,2,0,13,0,1,1
06-03-20,Jackson,22,0,22,0,0,0,25,0,679,9,704,9,0,0,-3,1,3,21,0,1,0
06-03-20,Jefferson,33,1,29,1,4,0,29,1,2487,111,2516,112,0,0,0,1,1,32,1,1,0
06-03-20,Johnson,19,0,19,0,0,0,17,1,1975,1,1992,2,0,0,0,5,0,14,0,1,0
06-03-20,Knox,438,4,432,4,6,0,490,5,19772,403,20262,408,0,5,-3,68,7,365,0,45,5
06-03-20,Lake,679,10,678,10,1,0,835,10,3425,90,4260,100,0,0,9,268,1,411,0,3,0
06-03-20,Lauderdale,61,0,60,0,1,0,80,0,3381,12,3461,12,0,1,-1,5,1,55,0,8,1
06-03-20,Lawrence,30,0,30,0,0,0,33,0,1596,5,1629,5,0,0,-1,4,1,26,0,4,0
06-03-20,Lewis,4,0,4,0,0,0,4,0,497,7,501,7,0,0,0,0,0,4,0,0,0
06-03-20,Lincoln,31,0,31,0,0,0,34,0,1351,3,1385,3,0,0,-2,6,2,25,0,2,0
06-03-20,Loudon,162,2,150,2,12,0,161,2,2253,44,2414,46,0,0,-1,33,3,129,0,8,0
06-03-20,Macon,166,7,166,7,0,0,187,9,1459,13,1646,22,0,3,4,45,3,118,0,14,3
06-03-20,Madison,171,3,171,3,0,0,201,3,5425,156,5626,159,0,2,3,5,0,164,0,20,2
06-03-20,Marion,44,1,43,1,1,0,49,1,865,5,914,6,0,1,1,8,0,35,1,13,2
06-03-20,Marshall,34,0,34,0,0,0,41,0,1082,8,1123,8,0,1,0,3,0,30,0,6,1
06-03-20,Maury,108,2,108,2,0,0,120,2,3217,28,3337,30,0,0,1,27,1,81,0,9,1
06-03-20,McMinn,152,2,152,2,0,0,170,0,2992,45,3162,45,0,14,0,15,2,123,0,19,14
06-03-20,McNairy,15,0,15,0,0,0,22,0,937,4,959,4,0,0,0,2,0,13,0,2,0
06-03-20,Meigs,26,0,26,0,0,0,37,0,551,7,588,7,0,0,0,2,0,24,0,4,0
06-03-20,Monroe,91,2,83,2,8,0,90,0,1261,21,1351,21,0,2,1,19,1,70,0,8,3
06-03-20,Montgomery,291,3,289,3,2,0,335,5,8717,37,9052,42,0,3,-7,34,10,254,0,28,6
06-03-20,Moore,6,0,6,0,0,0,6,0,386,1,392,1,0,0,0,3,0,3,0,0,0
06-03-20,Morgan,17,0,17,0,0,0,19,0,3176,10,3195,10,0,0,0,0,0,17,0,0,0
06-03-20,Obion,49,2,47,2,2,0,52,3,1422,23,1474,26,0,3,2,16,0,30,1,7,1
06-03-20,Out of State,272,5,272,5,0,0,291,5,59659,720,59950,725,0,4,2,36,3,232,2,21,1
06-03-20,Overton,36,0,36,0,0,0,37,0,1513,10,1550,10,0,0,-1,11,1,25,0,2,0
06-03-20,Pending,2,0,2,0,0,0,4,0,39828,455,39832,455,0,0,0,-1,0,3,0,0,0
06-03-20,Perry,25,0,25,0,0,0,28,0,234,0,262,0,0,0,-1,10,1,15,0,1,0
06-03-20,Pickett,3,0,3,0,0,0,3,0,381,0,384,0,0,0,0,0,0,3,0,0,0
06-03-20,Polk,23,1,23,1,0,0,27,1,539,8,566,9,0,0,1,3,0,20,0,3,0
06-03-20,Putnam,512,12,510,12,2,0,603,14,5978,140,6581,154,1,6,-11,120,22,386,0,15,6
06-03-20,Rhea,213,1,213,1,0,0,217,1,1633,6,1850,7,0,0,-1,32,2,181,0,2,0
06-03-20,Roane,25,0,18,0,7,0,26,0,3520,43,3546,43,0,0,-1,3,1,22,0,3,0
06-03-20,Robertson,526,8,525,8,1,0,617,9,3962,35,4579,44,1,5,-8,91,15,430,2,43,10
06-03-20,Rutherford,1352,19,1346,19,6,0,1575,21,12547,116,14122,137,1,28,-9,237,27,1087,3,95,30
06-03-20,Scott,12,0,11,0,1,0,11,0,716,10,727,10,0,0,0,-1,0,13,0,0,0
06-03-20,Sequatchie,24,1,24,1,0,0,26,0,972,5,998,5,0,0,0,9,1,15,0,2,0
06-03-20,Sevier,104,4,100,4,4,0,114,3,5058,58,5172,61,0,2,2,22,2,80,2,10,2
06-03-20,Shelby,5547,131,5532,131,15,0,6590,149,72778,1979,79368,2128,2,119,-6,1049,135,4379,10,625,149
06-03-20,Smith,35,0,34,0,1,0,40,0,974,13,1014,13,0,1,0,5,0,29,0,2,1
06-03-20,Stewart,13,0,13,0,0,0,13,0,452,5,465,5,0,0,-1,2,1,11,0,2,0
06-03-20,Sullivan,64,0,61,0,3,0,65,0,4910,80,4975,80,0,2,0,1,0,61,0,7,2
06-03-20,Sumner,963,2,954,2,9,0,1231,7,8271,190,9502,197,1,46,-8,99,9,818,0,206,47
06-03-20,Tipton,467,3,465,3,2,0,496,5,4571,80,5067,85,0,3,-4,27,7,437,0,25,3
06-03-20,Trousdale,1398,0,1395,0,3,0,1426,1,1914,7,3340,8,0,4,-3,5,3,1389,0,14,4
06-03-20,Unicoi,48,0,48,0,0,0,47,0,490,0,537,0,0,0,-1,44,1,4,0,0,0
06-03-20,Union,4,0,4,0,0,0,4,0,521,7,525,7,0,0,0,0,0,4,0,0,0
06-03-20,Van Buren,4,0,4,0,0,0,4,0,353,2,357,2,0,0,0,0,0,4,0,1,0
06-03-20,Warren,25,0,25,0,0,0,24,0,1841,18,1865,18,0,0,0,4,0,21,0,0,0
06-03-20,Washington,74,0,74,0,0,0,96,0,4122,18,4218,18,0,0,0,1,0,73,0,6,0
06-03-20,Wayne,64,0,64,0,0,0,65,0,2272,0,2337,0,0,0,0,2,0,62,0,2,0
06-03-20,Weakley,30,0,30,0,0,0,31,0,1483,22,1514,22,0,0,0,-1,0,31,0,2,0
06-03-20,White,38,0,36,0,2,0,43,1,1548,17,1591,18,0,0,0,9,0,29,0,3,0
06-03-20,Williamson,574,4,574,4,0,0,650,6,10051,101,10701,107,0,11,-8,54,12,509,0,45,12
06-03-20,Wilson,463,5,460,5,3,0,560,6,6770,70,7330,76,0,8,-2,80,7,375,2,42,8
06-02-20,Anderson,41,0,40,0,1,0,50,0,4970,123,5020,123,0,1,0,2,0,38,0,4,1
06-02-20,Bedford,297,2,297,2,0,0,333,2,2492,22,2825,24,0,4,-2,30,4,263,0,13,5
06-02-20,Benton,7,0,7,0,0,0,8,0,794,15,802,15,0,1,0,0,0,6,0,2,1
06-02-20,Bledsoe,616,1,616,1,0,0,626,2,3324,20,3950,22,0,1,0,4,1,611,0,5,1
06-02-20,Blount,98,1,94,1,4,0,113,1,3721,185,3834,186,0,3,1,13,0,82,0,6,3
06-02-20,Bradley,166,11,162,10,4,1,177,13,2802,52,2979,65,0,1,5,69,6,96,0,20,2
06-02-20,Campbell,21,0,18,0,3,0,25,0,1563,41,1588,41,0,1,0,3,0,17,0,2,1
06-02-20,Cannon,21,0,21,0,0,0,32,0,632,12,664,12,0,0,-1,5,1,16,0,4,0
06-02-20,Carroll,30,0,25,0,5,0,28,1,1475,30,1503,31,0,1,-1,-2,1,31,0,5,1
06-02-20,Carter,23,0,22,0,1,0,26,0,1570,5,1596,5,0,1,0,-1,0,23,0,2,1
06-02-20,Cheatham,146,5,146,5,0,0,175,5,1939,87,2114,92,0,0,1,20,4,126,0,9,0
06-02-20,Chester,14,0,14,0,0,0,16,0,715,12,731,12,0,0,0,1,0,13,0,1,0
06-02-20,Claiborne,12,0,12,0,0,0,13,2,787,21,800,23,0,0,0,2,0,10,0,1,0
06-02-20,Clay,10,0,10,0,0,0,10,0,522,4,532,4,0,0,-2,1,2,9,0,0,0
06-02-20,Cocke,23,1,21,1,2,0,28,1,1299,77,1327,78,0,0,1,1,0,22,0,1,0
06-02-20,Coffee,76,2,75,2,1,0,86,1,2444,11,2530,12,0,0,0,9,2,67,0,5,0
06-02-20,Crockett,19,0,17,0,2,0,24,2,612,15,636,17,0,2,0,3,0,14,0,2,3
06-02-20,Cumberland,126,2,122,2,4,0,159,3,4617,232,4776,235,0,1,1,16,1,109,0,10,2
06-02-20,Davidson,5475,181,5469,181,6,0,6314,204,58495,1695,64809,1899,2,64,76,751,103,4660,6,398,76
06-02-20,Decatur,5,0,5,0,0,0,6,0,546,18,552,18,0,0,0,0,0,5,0,0,0
06-02-20,Dekalb,38,0,38,0,0,0,45,0,1353,19,1398,19,0,0,-2,4,2,34,0,0,0
06-02-20,Dickson,122,4,122,4,0,0,162,7,2348,58,2510,65,0,0,3,17,1,105,0,13,0
06-02-20,Dyer,60,2,57,2,3,0,72,3,1664,28,1736,31,0,0,2,9,0,51,0,6,0
06-02-20,Fayette,139,3,138,3,1,0,182,4,3530,78,3712,82,0,2,0,27,3,110,0,17,3
06-02-20,Fentress,12,0,12,0,0,0,12,0,759,22,771,22,0,0,0,2,0,10,0,1,0
06-02-20,Franklin,56,0,55,0,1,0,68,1,2098,4,2166,5,0,1,0,7,0,48,0,6,2
06-02-20,Gibson,68,1,64,1,4,0,76,1,2527,26,2603,27,0,1,0,-1,1,68,0,5,1
06-02-20,Giles,13,0,13,0,0,0,17,0,1069,8,1086,8,0,0,0,0,0,13,0,1,0
06-02-20,Grainger,13,0,12,0,1,0,17,0,772,26,789,26,0,0,0,6,0,7,0,2,0
06-02-20,Greene,52,0,51,0,1,0,59,0,2435,13,2494,13,0,2,-1,4,1,46,0,8,2
06-02-20,Grundy,29,0,29,0,0,0,36,0,505,1,541,1,0,1,0,2,0,26,0,10,1
06-02-20,Hamblen,50,2,42,2,8,0,47,2,2763,93,2810,95,0,2,-3,14,5,34,0,7,2
06-02-20,Hamilton,926,32,922,32,4,0,966,33,15767,1063,16733,1096,1,16,-20,326,51,584,1,70,20
06-02-20,Hancock,1,0,1,0,0,0,1,0,164,2,165,2,0,0,0,0,0,1,0,0,0
06-02-20,Hardeman,205,0,205,0,0,0,214,1,5146,32,5360,33,0,0,0,12,0,193,0,7,0
06-02-20,Hardin,21,3,21,3,0,0,25,5,1849,58,1874,63,0,2,3,10,0,9,2,5,2
06-02-20,Hawkins,34,0,34,0,0,0,47,1,1615,12,1662,13,0,2,0,3,0,29,0,6,2
06-02-20,Haywood,35,1,34,1,1,0,37,2,1006,13,1043,15,0,2,1,2,0,31,0,6,2
06-02-20,Henderson,14,0,14,0,0,0,18,0,1163,14,1181,14,0,0,0,2,0,12,0,0,0
06-02-20,Henry,32,0,32,0,0,0,41,0,1731,117,1772,117,0,0,-1,2,1,30,0,5,0
06-02-20,Hickman,58,0,58,0,0,0,82,1,1133,49,1215,50,0,0,0,7,0,51,0,2,0
06-02-20,Houston,9,0,9,0,0,0,12,0,553,47,565,47,0,0,0,0,0,9,0,5,0
06-02-20,Humphreys,16,0,15,0,1,0,18,0,780,14,798,14,0,1,0,2,0,13,0,1,1
06-02-20,Jackson,22,0,22,0,0,0,25,0,670,4,695,4,0,0,-1,4,1,18,0,1,0
06-02-20,Jefferson,32,0,28,0,4,0,28,0,2376,56,2404,56,0,0,0,1,0,31,0,0,0
06-02-20,Johnson,19,2,19,2,0,0,16,0,1974,6,1990,6,0,0,2,5,0,14,0,1,0
06-02-20,Knox,434,26,428,25,6,1,485,26,19369,968,19854,994,0,5,21,71,5,358,2,45,5
06-02-20,Lake,669,29,668,29,1,0,825,106,3335,422,4160,528,0,0,27,259,2,410,0,3,0
06-02-20,Lauderdale,61,0,60,0,1,0,80,1,3369,25,3449,26,0,1,-1,6,1,54,0,8,1
06-02-20,Lawrence,30,1,30,1,0,0,33,0,1591,8,1624,8,0,0,0,5,1,25,0,4,0
06-02-20,Lewis,4,0,4,0,0,0,4,0,490,8,494,8,0,0,0,0,0,4,0,0,0
06-02-20,Lincoln,31,5,31,5,0,0,34,2,1348,11,1382,13,0,0,4,8,1,23,0,2,0
06-02-20,Loudon,160,10,148,10,12,0,159,14,2209,66,2368,80,0,0,1,34,9,126,0,8,0
06-02-20,Macon,159,8,159,8,0,0,178,7,1446,15,1624,22,0,3,5,41,3,115,0,14,3
06-02-20,Madison,168,1,168,1,0,0,198,1,5269,51,5467,52,0,2,1,2,0,164,0,20,2
06-02-20,Marion,43,0,42,0,1,0,48,0,860,13,908,13,0,1,0,7,0,35,0,12,2
06-02-20,Marshall,34,1,34,1,0,0,41,1,1074,10,1115,11,0,1,0,3,1,30,0,6,1
06-02-20,Maury,106,8,106,8,0,0,118,9,3189,23,3307,32,0,0,7,26,1,80,0,9,1
06-02-20,McMinn,150,1,150,1,0,0,170,3,2947,119,3117,122,0,14,-3,15,4,121,0,19,14
06-02-20,McNairy,15,1,15,1,0,0,22,2,933,32,955,34,0,0,0,2,1,13,0,2,0
06-02-20,Meigs,26,0,26,0,0,0,37,0,544,8,581,8,0,0,0,2,0,24,0,4,0
06-02-20,Monroe,89,4,81,4,8,0,90,4,1240,37,1330,41,0,2,1,18,3,69,0,8,3
06-02-20,Montgomery,288,8,286,8,2,0,330,8,8680,207,9010,215,0,3,4,41,4,244,0,28,6
06-02-20,Moore,6,1,6,1,0,0,6,0,385,0,391,0,0,0,1,3,0,3,0,0,0
06-02-20,Morgan,17,0,17,0,0,0,19,0,3166,33,3185,33,0,0,0,0,0,17,0,0,0
06-02-20,Obion,47,1,45,1,2,0,49,2,1399,39,1448,41,2,3,-3,14,2,30,0,6,1
06-02-20,Out of State,267,0,267,0,0,0,286,0,58939,1521,59225,1521,0,4,-3,34,3,229,0,19,1
06-02-20,Overton,36,3,36,3,0,0,37,3,1503,48,1540,51,0,0,3,12,0,24,0,2,0
06-02-20,Pending,2,1,2,1,0,0,4,1,39373,927,39377,928,0,0,1,-1,0,3,0,0,0
06-02-20,Perry,25,2,25,2,0,0,28,2,234,11,262,13,0,0,2,11,0,14,1,1,0
06-02-20,Pickett,3,0,3,0,0,0,3,0,381,7,384,7,0,0,-1,0,1,3,0,0,0
06-02-20,Polk,22,0,22,0,0,0,26,0,531,4,557,4,0,0,-1,2,1,20,0,3,0
06-02-20,Putnam,500,3,498,2,2,1,589,2,5838,130,6427,132,0,5,-18,131,21,364,0,15,6
06-02-20,Rhea,212,0,212,0,0,0,216,0,1627,17,1843,17,0,0,-1,33,1,179,0,2,0
06-02-20,Roane,25,0,18,0,7,0,26,0,3477,83,3503,83,0,0,-1,4,1,21,0,3,0
06-02-20,Robertson,518,12,517,12,1,0,608,20,3927,89,4535,109,0,4,3,99,9,415,0,41,10
06-02-20,Rutherford,1333,56,1327,56,6,0,1554,60,12431,216,13985,276,4,27,22,246,30,1060,1,92,30
06-02-20,Scott,12,0,11,0,1,0,11,0,706,17,717,17,0,0,0,-1,0,13,0,0,0
06-02-20,Sequatchie,23,0,23,0,0,0,26,1,967,8,993,9,0,0,0,9,0,14,0,2,0
06-02-20,Sevier,100,8,96,8,4,0,111,10,5000,254,5111,264,0,2,8,20,0,78,0,8,2
06-02-20,Shelby,5416,136,5401,136,15,0,6441,158,70799,2386,77240,2544,4,117,23,1055,109,4244,14,615,146
06-02-20,Smith,35,1,34,1,1,0,40,3,961,9,1001,12,0,1,1,5,0,29,0,2,1
06-02-20,Stewart,13,1,13,1,0,0,13,1,447,10,460,11,0,0,1,3,0,10,0,2,0
06-02-20,Sullivan,64,0,61,0,3,0,65,0,4830,142,4895,142,0,2,-1,1,1,61,0,7,2
06-02-20,Sumner,961,27,952,27,9,0,1224,29,8081,152,9305,181,0,45,18,107,9,809,0,206,47
06-02-20,Tipton,464,3,462,3,2,0,491,8,4491,134,4982,142,0,3,-5,31,8,430,0,25,3
06-02-20,Trousdale,1398,1,1395,1,3,0,1425,0,1907,6,3332,6,0,4,1,8,0,1386,0,14,4
06-02-20,Unicoi,48,6,48,6,0,0,47,3,490,1,537,4,0,0,6,45,0,3,0,0,0
06-02-20,Union,4,0,4,0,0,0,4,0,514,9,518,9,0,0,0,0,0,4,0,0,0
06-02-20,Van Buren,4,0,4,0,0,0,4,0,351,5,355,5,0,0,0,0,0,4,0,1,0
06-02-20,Warren,25,0,25,0,0,0,24,0,1823,21,1847,21,0,0,0,4,0,21,0,0,0
06-02-20,Washington,74,0,74,0,0,0,96,0,4104,332,4200,332,0,0,0,1,0,73,0,6,0
06-02-20,Wayne,64,0,64,0,0,0,65,0,2272,12,2337,12,0,0,0,2,0,62,0,2,0
06-02-20,Weakley,30,0,30,0,0,0,31,0,1461,28,1492,28,0,0,0,-1,0,31,0,2,0
06-02-20,White,38,0,36,0,2,0,42,0,1531,42,1573,42,0,0,-1,9,1,29,0,3,0
06-02-20,Williamson,570,17,570,17,0,0,644,18,9950,229,10594,247,1,11,9,62,7,497,0,45,11
06-02-20,Wilson,458,13,455,13,3,0,554,20,6700,114,7254,134,0,8,6,82,7,368,2,40,8
06-01-20,Anderson,41,0,40,0,1,0,50,0,4847,120,4897,120,0,1,0,2,0,38,0,4,1
06-01-20,Bedford,295,2,295,2,0,0,331,5,2470,37,2801,42,0,4,-2,32,4,259,0,13,5
06-01-20,Benton,7,0,7,0,0,0,8,0,779,1,787,1,0,1,0,0,0,6,0,2,1
06-01-20,Bledsoe,615,2,615,2,0,0,624,1,3304,17,3928,18,0,1,1,4,1,610,0,5,1
06-01-20,Blount,97,1,93,1,4,0,112,1,3536,59,3648,60,0,3,0,12,1,82,0,6,3
06-01-20,Bradley,155,15,152,15,3,0,164,17,2750,92,2914,109,0,1,13,64,2,90,2,20,2
06-01-20,Campbell,21,2,18,0,3,2,25,0,1522,30,1547,30,0,1,2,3,0,17,0,2,1
06-01-20,Cannon,21,0,21,0,0,0,32,0,620,13,652,13,0,0,0,6,0,15,0,4,0
06-01-20,Carroll,30,0,25,0,5,0,27,1,1445,3,1472,4,0,1,0,-1,0,30,0,5,1
06-01-20,Carter,23,0,22,0,1,0,26,0,1565,161,1591,161,0,1,0,-1,0,23,0,2,1
06-01-20,Cheatham,141,1,141,1,0,0,170,2,1852,9,2022,11,0,0,-2,19,3,122,0,9,0
06-01-20,Chester,14,0,14,0,0,0,16,0,703,2,719,2,0,0,-2,1,2,13,0,1,0
06-01-20,Claiborne,12,2,12,2,0,0,11,0,766,20,777,20,0,0,2,2,0,10,0,1,0
06-01-20,Clay,10,1,10,1,0,0,10,1,518,3,528,4,0,0,1,3,0,7,0,0,0
06-01-20,Cocke,22,0,20,0,2,0,27,0,1222,146,1249,146,0,0,0,0,0,22,0,1,0
06-01-20,Coffee,74,0,73,0,1,0,85,0,2433,43,2518,43,0,0,0,9,0,65,0,5,0
06-01-20,Crockett,19,0,17,0,2,0,22,0,597,1,619,1,0,2,0,3,0,14,0,2,3
06-01-20,Cumberland,124,2,120,2,4,0,156,2,4385,41,4541,43,0,1,-5,15,7,108,0,10,1
06-01-20,Davidson,5294,84,5288,84,6,0,6110,95,56800,774,62910,869,0,62,-56,675,140,4557,2,392,75
06-01-20,Decatur,5,0,5,0,0,0,6,0,528,1,534,1,0,0,0,0,0,5,0,0,0
06-01-20,Dekalb,38,0,38,0,0,0,45,0,1334,6,1379,6,0,0,0,6,0,32,0,0,0
06-01-20,Dickson,118,3,118,3,0,0,155,3,2290,39,2445,42,0,0,-1,14,4,104,0,13,0
06-01-20,Dyer,58,3,55,3,3,0,69,5,1636,7,1705,12,0,0,2,7,1,51,0,6,0
06-01-20,Fayette,136,5,135,5,1,0,178,4,3452,18,3630,22,0,2,1,27,4,107,1,17,2
06-01-20,Fentress,12,0,12,0,0,0,12,0,737,14,749,14,0,0,0,2,0,10,0,1,0
06-01-20,Franklin,56,1,55,0,1,1,67,0,2094,44,2161,44,0,1,1,7,0,48,0,6,2
06-01-20,Gibson,67,0,63,0,4,0,75,0,2501,7,2576,7,0,1,-3,-1,3,67,0,5,1
06-01-20,Giles,13,0,13,0,0,0,17,0,1061,9,1078,9,0,0,0,0,0,13,0,1,0
06-01-20,Grainger,13,0,12,0,1,0,17,1,746,120,763,121,0,0,0,6,0,7,0,2,0
06-01-20,Greene,52,0,51,0,1,0,59,1,2422,186,2481,187,0,2,-1,5,1,45,0,8,2
06-01-20,Grundy,29,0,29,0,0,0,36,0,504,6,540,6,0,1,0,2,0,26,0,10,1
06-01-20,Hamblen,48,0,40,0,8,0,45,0,2670,42,2715,42,0,2,0,17,0,29,0,7,2
06-01-20,Hamilton,894,42,890,42,4,0,933,43,14704,593,15637,636,0,15,-11,346,53,533,2,69,17
06-01-20,Hancock,1,0,1,0,0,0,1,0,162,7,163,7,0,0,-1,0,1,1,0,0,0
06-01-20,Hardeman,205,1,205,1,0,0,213,1,5114,13,5327,14,0,0,1,12,0,193,0,7,0
06-01-20,Hardin,18,1,18,1,0,0,20,1,1791,17,1811,18,0,2,0,7,1,9,0,3,2
06-01-20,Hawkins,34,0,34,0,0,0,46,1,1603,66,1649,67,0,2,0,3,0,29,0,6,2
06-01-20,Haywood,34,0,33,0,1,0,35,0,993,1,1028,1,0,2,-3,1,3,31,0,6,2
06-01-20,Henderson,14,0,14,0,0,0,18,0,1149,4,1167,4,0,0,0,2,0,12,0,0,0
06-01-20,Henry,32,0,32,0,0,0,41,0,1614,3,1655,3,0,0,-1,3,1,29,0,5,0
06-01-20,Hickman,58,1,58,1,0,0,81,1,1084,30,1165,31,0,0,0,7,1,51,0,2,0
06-01-20,Houston,9,0,9,0,0,0,12,0,506,22,518,22,0,0,0,0,0,9,0,5,0
06-01-20,Humphreys,16,0,15,0,1,0,18,0,766,12,784,12,0,1,0,2,0,13,0,1,1
06-01-20,Jackson,22,0,22,0,0,0,25,0,666,5,691,5,0,0,-1,5,1,17,0,1,0
06-01-20,Jefferson,32,0,28,0,4,0,28,0,2320,45,2348,45,0,0,0,1,0,31,0,0,0
06-01-20,Johnson,17,0,17,0,0,0,16,0,1968,19,1984,19,0,0,0,3,0,14,0,1,0
06-01-20,Knox,408,17,403,17,5,0,459,20,18401,933,18860,953,0,5,4,50,13,353,0,43,5
06-01-20,Lake,640,226,639,226,1,0,719,301,2913,1529,3632,1830,0,0,225,232,1,408,0,3,0
06-01-20,Lauderdale,61,1,60,1,1,0,79,0,3344,8,3423,8,0,1,1,7,0,53,0,8,1
06-01-20,Lawrence,29,0,29,0,0,0,33,0,1583,60,1616,60,0,0,0,5,0,24,0,4,0
06-01-20,Lewis,4,0,4,0,0,0,4,0,482,3,486,3,0,0,0,0,0,4,0,0,0
06-01-20,Lincoln,26,1,26,1,0,0,32,1,1337,16,1369,17,0,0,1,4,0,22,0,2,0
06-01-20,Loudon,150,3,138,2,12,1,145,2,2143,26,2288,28,0,0,-7,33,10,117,0,8,0
06-01-20,Macon,151,0,151,0,0,0,171,1,1431,6,1602,7,0,3,-1,36,1,112,0,14,3
06-01-20,Madison,167,1,167,1,0,0,197,1,5218,30,5415,31,0,2,-2,1,3,164,0,20,2
06-01-20,Marion,43,0,42,0,1,0,48,0,847,40,895,40,0,1,0,7,0,35,0,12,2
06-01-20,Marshall,33,0,33,0,0,0,40,0,1064,16,1104,16,0,1,-1,3,1,29,0,6,1
06-01-20,Maury,98,3,98,3,0,0,109,7,3166,40,3275,47,0,0,-2,19,5,79,0,9,1
06-01-20,McMinn,149,1,149,1,0,0,167,1,2828,38,2995,39,0,14,-2,18,3,117,0,19,14
06-01-20,McNairy,14,1,14,1,0,0,20,1,901,3,921,4,0,0,1,2,0,12,0,2,0
06-01-20,Meigs,26,1,26,1,0,0,37,1,536,12,573,13,0,0,-1,2,2,24,0,4,0
06-01-20,Monroe,85,0,77,0,8,0,86,0,1203,19,1289,19,0,2,-4,17,4,66,0,8,3
06-01-20,Montgomery,280,4,278,4,2,0,322,5,8473,108,8795,113,0,3,-7,37,11,240,0,28,6
06-01-20,Moore,5,0,5,0,0,0,6,1,385,7,391,8,0,0,0,2,0,3,0,0,0
06-01-20,Morgan,17,0,17,0,0,0,19,0,3133,5,3152,5,0,0,0,0,0,17,0,0,0
06-01-20,Obion,46,5,44,5,2,0,47,7,1360,8,1407,15,0,1,2,17,3,28,2,6,1
06-01-20,Out of State,267,4,267,4,0,0,286,3,57418,648,57704,651,0,4,3,37,1,226,1,19,1
06-01-20,Overton,33,0,33,0,0,0,34,0,1455,42,1489,42,0,0,-2,9,2,24,0,2,0
06-01-20,Pending,1,0,1,0,0,0,3,0,38446,537,38449,537,0,0,-1,-2,1,3,0,0,0
06-01-20,Perry,23,0,23,0,0,0,26,1,223,20,249,21,0,0,-1,9,1,14,0,0,0
06-01-20,Pickett,3,0,3,0,0,0,3,0,374,1,377,1,0,0,0,1,0,2,0,0,0
06-01-20,Polk,22,0,22,0,0,0,26,0,527,7,553,7,0,0,0,3,0,19,0,3,0
06-01-20,Putnam,497,9,496,9,1,0,587,14,5708,243,6295,257,0,5,-22,149,31,343,0,15,6
06-01-20,Rhea,212,3,212,3,0,0,216,3,1610,131,1826,134,0,0,-157,34,160,178,0,2,0
06-01-20,Roane,25,0,18,0,7,0,26,0,3394,22,3420,22,0,0,0,5,0,20,0,3,0
06-01-20,Robertson,506,25,505,25,1,0,588,27,3838,99,4426,126,1,4,-1,96,25,406,0,41,10
06-01-20,Rutherford,1277,20,1271,20,6,0,1494,24,12215,257,13709,281,0,23,-25,224,45,1030,1,91,30
06-01-20,Scott,12,0,11,0,1,0,11,0,689,10,700,10,0,0,0,-1,0,13,0,0,0
06-01-20,Sequatchie,23,0,23,0,0,0,25,1,959,53,984,54,0,0,0,9,0,14,0,2,0
06-01-20,Sevier,92,3,88,3,4,0,101,3,4746,59,4847,62,0,2,0,12,3,78,0,8,2
06-01-20,Shelby,5280,77,5265,77,15,0,6283,95,68413,705,74696,800,2,113,-27,1032,102,4135,5,601,145
06-01-20,Smith,34,1,33,1,1,0,37,1,952,6,989,7,0,1,1,4,0,29,0,2,1
06-01-20,Stewart,12,0,12,0,0,0,12,0,437,11,449,11,0,0,0,2,0,10,0,2,0
06-01-20,Sullivan,64,0,61,0,3,0,65,0,4688,175,4753,175,0,2,0,2,0,60,0,7,2
06-01-20,Sumner,934,6,925,6,9,0,1195,5,7929,65,9124,70,0,45,-12,89,18,800,0,206,47
06-01-20,Tipton,461,4,459,4,2,0,483,2,4357,38,4840,40,0,3,-4,36,8,422,0,25,3
06-01-20,Trousdale,1397,0,1394,0,3,0,1425,1,1901,9,3326,10,0,4,-2,7,2,1386,0,14,4
06-01-20,Unicoi,42,2,42,2,0,0,44,37,489,43,533,80,0,0,2,39,0,3,0,0,0
06-01-20,Union,4,0,4,0,0,0,4,0,505,10,509,10,0,0,0,0,0,4,0,0,0
06-01-20,Van Buren,4,0,4,0,0,0,4,0,346,5,350,5,0,0,0,0,0,4,0,1,0
06-01-20,Warren,25,0,25,0,0,0,24,0,1802,25,1826,25,0,0,-1,4,1,21,0,0,0
06-01-20,Washington,74,0,74,0,0,0,96,0,3772,420,3868,420,0,0,-3,1,3,73,0,6,0
06-01-20,Wayne,64,1,64,1,0,0,65,1,2260,5,2325,6,0,0,1,2,0,62,0,2,0
06-01-20,Weakley,30,0,30,0,0,0,31,1,1433,7,1464,8,0,0,0,-1,0,31,0,2,0
06-01-20,White,38,0,36,0,2,0,42,0,1489,29,1531,29,0,0,-1,10,1,28,0,3,0
06-01-20,Williamson,553,4,553,4,0,0,626,5,9721,104,10347,109,0,10,-4,53,8,490,0,45,11
06-01-20,Wilson,445,13,442,13,3,0,534,8,6586,73,7120,81,0,8,8,76,5,361,0,38,8
05-31-20,Anderson,41,1,40,1,1,0,50,1,4727,56,4777,57,0,1,1,2,0,38,0,4,1
05-31-20,Bedford,293,4,293,4,0,0,326,7,2433,77,2759,84,0,4,4,34,0,255,0,13,5
05-31-20,Benton,7,0,7,0,0,0,8,0,778,14,786,14,0,1,0,0,0,6,0,2,1
05-31-20,Bledsoe,613,1,613,1,0,0,623,2,3287,37,3910,39,0,1,1,3,0,609,0,5,1
05-31-20,Blount,96,0,92,0,4,0,111,0,3477,77,3588,77,0,3,-1,12,1,81,0,6,3
05-31-20,Bradley,140,8,137,8,3,0,147,10,2658,79,2805,89,0,1,8,51,0,88,1,18,2
05-31-20,Campbell,19,0,18,0,1,0,25,0,1492,22,1517,22,0,1,0,1,0,17,0,2,1
05-31-20,Cannon,21,0,21,0,0,0,32,0,607,33,639,33,0,0,-1,6,1,15,0,4,0
05-31-20,Carroll,30,1,25,1,5,0,26,0,1442,36,1468,36,0,1,1,-1,0,30,0,5,1
05-31-20,Carter,23,0,22,0,1,0,26,0,1404,30,1430,30,0,1,0,-1,0,23,0,2,1
05-31-20,Cheatham,140,7,140,7,0,0,168,8,1843,40,2011,48,0,0,4,21,3,119,1,9,0
05-31-20,Chester,14,0,14,0,0,0,16,0,701,14,717,14,0,0,0,3,0,11,0,1,0
05-31-20,Claiborne,10,0,10,0,0,0,11,1,746,9,757,10,0,0,-1,0,1,10,0,1,0
05-31-20,Clay,9,0,9,0,0,0,9,0,515,6,524,6,0,0,0,2,0,7,0,0,0
05-31-20,Cocke,22,0,20,0,2,0,27,0,1076,12,1103,12,0,0,0,0,0,22,0,1,0
05-31-20,Coffee,74,0,73,0,1,0,85,3,2390,109,2475,112,0,0,0,9,0,65,0,5,0
05-31-20,Crockett,19,0,17,0,2,0,22,0,596,19,618,19,0,2,0,3,0,14,0,2,3
05-31-20,Cumberland,122,2,118,2,4,0,154,1,4344,169,4498,170,0,1,1,20,1,101,0,10,1
05-31-20,Davidson,5210,119,5204,119,6,0,6015,152,56026,1702,62041,1854,0,62,63,731,56,4417,12,390,73
05-31-20,Decatur,5,0,5,0,0,0,6,0,527,8,533,8,0,0,0,0,0,5,0,0,0
05-31-20,Dekalb,38,2,38,2,0,0,45,2,1328,36,1373,38,0,0,2,6,0,32,0,0,0
05-31-20,Dickson,115,3,115,3,0,0,152,4,2251,64,2403,68,0,0,1,15,2,100,0,13,0
05-31-20,Dyer,55,0,52,0,3,0,64,0,1629,234,1693,234,0,0,0,5,0,50,0,6,0
05-31-20,Fayette,131,2,130,2,1,0,174,4,3434,100,3608,104,0,2,1,26,1,103,0,16,2
05-31-20,Fentress,12,0,12,0,0,0,12,0,723,20,735,20,0,0,0,2,0,10,0,1,0
05-31-20,Franklin,55,1,55,1,0,0,67,2,2050,45,2117,47,0,1,1,6,0,48,1,6,2
05-31-20,Gibson,67,0,63,0,4,0,75,1,2494,128,2569,129,0,1,0,2,0,64,0,5,1
05-31-20,Giles,13,0,13,0,0,0,17,0,1052,107,1069,107,0,0,0,0,0,13,0,1,0
05-31-20,Grainger,13,0,12,0,1,0,16,2,626,14,642,16,0,0,0,6,0,7,0,2,0
05-31-20,Greene,52,0,51,0,1,0,58,1,2236,69,2294,70,0,2,0,6,0,44,0,8,2
05-31-20,Grundy,29,0,29,0,0,0,36,0,498,11,534,11,0,1,0,2,0,26,0,10,1
05-31-20,Hamblen,48,3,40,3,8,0,45,8,2628,62,2673,70,0,2,3,17,0,29,0,7,2
05-31-20,Hamilton,852,39,848,39,4,0,890,38,14111,741,15001,779,0,15,16,357,23,480,0,67,17
05-31-20,Hancock,1,0,1,0,0,0,1,0,155,2,156,2,0,0,0,1,0,0,0,0,0
05-31-20,Hardeman,204,4,204,4,0,0,212,6,5101,43,5313,49,0,0,3,11,1,193,2,7,0
05-31-20,Hardin,17,2,17,2,0,0,19,2,1774,166,1793,168,0,2,2,7,0,8,0,3,2
05-31-20,Hawkins,34,0,34,0,0,0,45,1,1537,29,1582,30,0,2,0,3,0,29,0,6,2
05-31-20,Haywood,34,1,33,1,1,0,35,0,992,86,1027,86,0,2,1,4,0,28,0,6,2
05-31-20,Henderson,14,0,14,0,0,0,18,0,1145,20,1163,20,0,0,0,2,0,12,0,0,0
05-31-20,Henry,32,2,32,2,0,0,41,2,1611,111,1652,113,0,0,2,4,0,28,0,5,0
05-31-20,Hickman,57,1,57,1,0,0,80,1,1054,96,1134,97,0,0,1,7,0,50,0,2,0
05-31-20,Houston,9,0,9,0,0,0,12,0,484,213,496,213,0,0,-1,0,1,9,0,5,0
05-31-20,Humphreys,16,2,15,2,1,0,18,2,754,20,772,22,0,1,2,2,0,13,0,1,1
05-31-20,Jackson,22,0,22,0,0,0,25,0,661,10,686,10,0,0,0,6,0,16,0,1,0
05-31-20,Jefferson,32,0,28,0,4,0,28,0,2275,22,2303,22,0,0,-1,1,1,31,0,0,0
05-31-20,Johnson,17,0,17,0,0,0,16,0,1949,9,1965,9,0,0,0,3,0,14,0,1,0
05-31-20,Knox,391,7,386,7,5,0,439,5,17468,283,17907,288,0,5,3,46,4,340,0,43,5
05-31-20,Lake,414,0,413,0,1,0,418,0,1384,9,1802,9,0,0,-1,7,1,407,0,3,0
05-31-20,Lauderdale,60,2,59,2,1,0,79,3,3336,46,3415,49,0,1,1,6,1,53,0,8,1
05-31-20,Lawrence,29,0,29,0,0,0,33,2,1523,45,1556,47,0,0,-1,5,1,24,0,4,0
05-31-20,Lewis,4,0,4,0,0,0,4,0,479,15,483,15,0,0,0,0,0,4,0,0,0
05-31-20,Lincoln,25,0,25,0,0,0,31,0,1321,17,1352,17,0,0,0,3,0,22,0,2,0
05-31-20,Loudon,147,6,136,5,11,1,143,3,2117,30,2260,33,0,0,3,40,3,107,0,8,0
05-31-20,Macon,151,10,151,10,0,0,170,10,1425,24,1595,34,0,3,8,37,2,111,0,14,3
05-31-20,Madison,166,1,166,1,0,0,196,2,5188,99,5384,101,0,2,1,3,0,161,0,20,2
05-31-20,Marion,43,2,42,2,1,0,48,1,807,22,855,23,0,1,2,7,0,35,0,12,2
05-31-20,Marshall,33,0,33,0,0,0,40,1,1048,18,1088,19,0,1,0,4,0,28,0,6,1
05-31-20,Maury,95,7,95,7,0,0,102,3,3126,198,3228,201,0,0,7,21,0,74,1,9,1
05-31-20,McMinn,148,1,148,1,0,0,166,1,2790,54,2956,55,0,14,1,20,0,114,0,19,14
05-31-20,McNairy,13,1,13,1,0,0,19,1,898,59,917,60,0,0,1,1,0,12,1,2,0
05-31-20,Meigs,25,0,25,0,0,0,36,0,524,10,560,10,0,0,0,3,0,22,0,4,0
05-31-20,Monroe,85,2,77,2,8,0,86,3,1184,128,1270,131,0,2,-2,21,4,62,0,8,3
05-31-20,Montgomery,276,2,274,2,2,0,317,5,8365,170,8682,175,0,3,-2,44,4,229,0,28,5
05-31-20,Moore,5,1,5,1,0,0,5,1,378,11,383,12,0,0,1,2,0,3,0,0,0
05-31-20,Morgan,17,0,17,0,0,0,19,0,3128,20,3147,20,0,0,0,0,0,17,0,0,0
05-31-20,Obion,41,4,39,4,2,0,40,6,1352,64,1392,70,0,1,4,15,0,25,0,4,1
05-31-20,Out of State,263,13,263,13,0,0,283,12,56770,977,57053,989,0,4,12,34,1,225,2,18,1
05-31-20,Overton,33,3,33,3,0,0,34,3,1413,47,1447,50,0,0,3,11,0,22,0,2,0
05-31-20,Pending,1,0,1,0,0,0,3,0,37909,838,37912,838,0,0,0,-1,0,2,0,0,0
05-31-20,Perry,23,0,23,0,0,0,25,5,203,23,228,28,0,0,0,10,0,13,0,0,0
05-31-20,Pickett,3,0,3,0,0,0,3,0,373,107,376,107,0,0,0,1,0,2,0,0,0
05-31-20,Polk,22,0,22,0,0,0,26,0,520,16,546,16,0,0,0,3,0,19,0,3,0
05-31-20,Putnam,488,10,487,10,1,0,573,10,5465,224,6038,234,0,5,6,171,4,312,1,15,6
05-31-20,Rhea,209,0,209,0,0,0,213,0,1479,111,1692,111,0,0,-2,191,2,18,0,2,0
05-31-20,Roane,25,1,18,0,7,1,26,0,3372,49,3398,49,0,0,1,5,0,20,0,3,0
05-31-20,Robertson,481,6,480,6,1,0,561,11,3739,66,4300,77,0,3,-5,97,11,381,1,41,9
05-31-20,Rutherford,1257,27,1251,27,6,0,1470,30,11958,425,13428,455,0,23,10,249,17,985,2,90,30
05-31-20,Scott,12,0,11,0,1,0,11,0,679,12,690,12,0,0,0,-1,0,13,0,0,0
05-31-20,Sequatchie,23,3,23,3,0,0,24,3,906,25,930,28,0,0,3,9,0,14,0,2,0
05-31-20,Sevier,89,3,85,3,4,0,98,4,4687,128,4785,132,0,2,3,12,0,75,0,8,2
05-31-20,Shelby,5203,218,5188,218,15,0,6188,266,67708,3805,73896,4071,0,111,174,1059,44,4033,17,596,143
05-31-20,Smith,33,1,32,1,1,0,36,0,946,16,982,16,0,1,1,3,0,29,0,2,1
05-31-20,Stewart,12,0,12,0,0,0,12,0,426,44,438,44,0,0,0,2,0,10,0,2,0
05-31-20,Sullivan,64,0,61,0,3,0,65,0,4513,217,4578,217,0,2,0,2,0,60,0,7,2
05-31-20,Sumner,928,15,919,15,9,0,1190,20,7864,261,9054,281,0,45,8,101,7,782,1,206,47
05-31-20,Tipton,457,6,455,6,2,0,481,7,4319,119,4800,126,0,3,2,40,4,414,0,25,3
05-31-20,Trousdale,1397,1,1394,1,3,0,1424,5,1892,17,3316,22,0,4,1,9,0,1384,0,14,4
05-31-20,Unicoi,40,36,40,36,0,0,7,3,446,9,453,12,0,0,36,37,0,3,0,0,0
05-31-20,Union,4,0,4,0,0,0,4,0,495,4,499,4,0,0,0,0,0,4,0,0,0
05-31-20,Van Buren,4,0,4,0,0,0,4,0,341,3,345,3,0,0,0,0,0,4,0,1,0
05-31-20,Warren,25,0,25,0,0,0,24,0,1777,23,1801,23,0,0,-2,5,2,20,0,0,0
05-31-20,Washington,74,0,74,0,0,0,96,0,3352,137,3448,137,0,0,-1,4,1,70,0,6,0
05-31-20,Wayne,63,0,63,0,0,0,64,0,2255,18,2319,18,0,0,0,1,0,62,0,2,0
05-31-20,Weakley,30,0,30,0,0,0,30,0,1426,196,1456,196,0,0,0,-1,0,31,0,2,0
05-31-20,White,38,0,36,0,2,0,42,0,1460,17,1502,17,0,0,0,11,0,27,0,3,0
05-31-20,Williamson,549,5,549,5,0,0,621,5,9617,220,10238,225,0,10,2,57,3,482,0,45,11
05-31-20,Wilson,432,11,429,11,3,0,526,16,6513,489,7039,505,0,8,4,68,7,356,1,38,8
05-30-20,Anderson,40,0,39,0,1,0,49,1,4671,58,4720,59,0,1,0,1,0,38,0,4,1
05-30-20,Bedford,289,5,289,5,0,0,319,8,2356,34,2675,42,0,4,1,30,4,255,0,13,5
05-30-20,Benton,7,0,7,0,0,0,8,0,764,9,772,9,0,1,0,0,0,6,0,2,1
05-30-20,Bledsoe,612,0,612,0,0,0,621,0,3250,16,3871,16,0,1,0,2,0,609,0,5,1
05-30-20,Blount,96,1,92,1,4,0,111,1,3400,28,3511,29,0,3,1,13,0,80,0,6,3
05-30-20,Bradley,132,12,129,12,3,0,137,10,2579,130,2716,140,0,1,9,43,3,88,1,17,2
05-30-20,Campbell,19,0,18,0,1,0,25,1,1470,20,1495,21,0,1,0,1,0,17,0,2,1
05-30-20,Cannon,21,3,21,3,0,0,32,3,574,66,606,69,0,0,2,7,1,14,1,4,0
05-30-20,Carroll,29,0,24,0,5,0,26,0,1406,20,1432,20,0,1,0,-2,0,30,0,5,1
05-30-20,Carter,23,0,22,0,1,0,26,0,1374,17,1400,17,0,1,0,-1,0,23,0,2,1
05-30-20,Cheatham,133,4,133,4,0,0,160,9,1803,36,1963,45,0,0,2,17,2,116,0,8,0
05-30-20,Chester,14,0,14,0,0,0,16,0,687,1,703,1,0,0,0,3,0,11,0,1,0
05-30-20,Claiborne,10,0,10,0,0,0,10,0,737,21,747,21,0,0,-1,1,1,9,0,1,0
05-30-20,Clay,9,0,9,0,0,0,9,0,509,5,518,5,0,0,0,2,0,7,0,0,0
05-30-20,Cocke,22,0,20,0,2,0,27,0,1064,15,1091,15,0,0,0,0,0,22,0,1,0
05-30-20,Coffee,74,0,73,0,1,0,82,4,2281,66,2363,70,0,0,-1,9,1,65,0,5,0
05-30-20,Crockett,19,0,17,0,2,0,22,0,577,6,599,6,0,2,0,3,0,14,0,2,3
05-30-20,Cumberland,120,1,116,1,4,0,153,1,4175,154,4328,155,0,1,1,19,0,100,0,10,1
05-30-20,Davidson,5091,83,5085,83,6,0,5863,102,54324,712,60187,814,3,62,33,668,47,4361,2,378,72
05-30-20,Decatur,5,0,5,0,0,0,6,0,519,2,525,2,0,0,0,0,0,5,0,0,0
05-30-20,Dekalb,36,0,36,0,0,0,43,0,1292,30,1335,30,0,0,0,4,0,32,0,0,0
05-30-20,Dickson,112,1,112,1,0,0,148,2,2187,33,2335,35,0,0,0,14,1,98,0,13,0
05-30-20,Dyer,55,0,52,0,3,0,64,1,1395,10,1459,11,0,0,-1,5,1,50,0,6,0
05-30-20,Fayette,129,1,128,1,1,0,170,4,3334,75,3504,79,0,2,0,25,1,102,0,16,2
05-30-20,Fentress,12,0,12,0,0,0,12,0,703,14,715,14,0,0,0,2,0,10,0,1,0
05-30-20,Franklin,54,2,54,2,0,0,65,3,2005,30,2070,33,0,1,1,5,1,48,0,5,2
05-30-20,Gibson,67,1,63,1,4,0,74,0,2366,18,2440,18,0,1,1,2,0,64,0,5,1
05-30-20,Giles,13,0,13,0,0,0,17,0,945,9,962,9,0,0,0,0,0,13,0,1,0
05-30-20,Grainger,13,4,12,4,1,0,14,4,612,13,626,17,0,0,4,6,0,7,0,2,0
05-30-20,Greene,52,3,51,3,1,0,57,2,2167,37,2224,39,0,2,3,6,0,44,0,8,2
05-30-20,Grundy,29,0,29,0,0,0,36,0,487,3,523,3,0,1,0,2,0,26,0,10,1
05-30-20,Hamblen,45,4,37,4,8,0,37,0,2566,23,2603,23,0,2,3,14,1,29,0,7,2
05-30-20,Hamilton,813,32,809,31,4,1,852,35,13370,837,14222,872,0,15,12,341,20,457,1,67,16
05-30-20,Hancock,1,0,1,0,0,0,1,0,153,5,154,5,0,0,0,1,0,0,0,0,0
05-30-20,Hardeman,200,1,200,1,0,0,206,1,5058,53,5264,54,0,0,-2,8,3,192,0,5,0
05-30-20,Hardin,15,0,15,0,0,0,17,0,1608,18,1625,18,0,2,-1,5,1,8,0,3,2
05-30-20,Hawkins,34,1,34,1,0,0,44,1,1508,32,1552,33,0,2,1,3,0,29,0,6,2
05-30-20,Haywood,33,0,32,0,1,0,35,0,906,19,941,19,0,2,0,3,0,28,0,6,2
05-30-20,Henderson,14,0,14,0,0,0,18,0,1125,12,1143,12,0,0,-1,2,1,12,0,0,0
05-30-20,Henry,30,0,30,0,0,0,39,0,1500,45,1539,45,0,0,0,2,0,28,0,5,0
05-30-20,Hickman,56,0,56,0,0,0,79,1,958,16,1037,17,0,0,0,6,0,50,0,2,0
05-30-20,Houston,9,1,9,1,0,0,12,1,271,3,283,4,0,0,1,1,0,8,0,5,0
05-30-20,Humphreys,14,0,13,0,1,0,16,1,734,9,750,10,0,1,0,0,0,13,0,1,1
05-30-20,Jackson,22,0,22,0,0,0,25,0,651,9,676,9,0,0,-1,6,1,16,0,1,0
05-30-20,Jefferson,32,0,28,0,4,0,28,0,2253,25,2281,25,0,0,0,2,0,30,0,0,0
05-30-20,Johnson,17,0,17,0,0,0,16,0,1940,17,1956,17,0,0,0,3,0,14,0,1,0
05-30-20,Knox,384,6,379,6,5,0,434,7,17185,296,17619,303,0,5,-1,43,7,336,2,43,5
05-30-20,Lake,414,1,413,1,1,0,418,1,1375,5,1793,6,0,0,0,8,1,406,0,3,0
05-30-20,Lauderdale,58,0,57,0,1,0,76,1,3290,24,3366,25,0,1,0,5,0,52,0,8,1
05-30-20,Lawrence,29,0,29,0,0,0,31,0,1478,18,1509,18,0,0,0,6,0,23,0,4,0
05-30-20,Lewis,4,0,4,0,0,0,4,0,464,7,468,7,0,0,0,0,0,4,0,0,0
05-30-20,Lincoln,25,0,25,0,0,0,31,0,1304,6,1335,6,0,0,-1,3,1,22,0,2,0
05-30-20,Loudon,141,1,131,0,10,1,140,2,2087,37,2227,39,0,0,-25,37,26,104,0,8,0
05-30-20,Macon,141,9,141,9,0,0,160,9,1401,26,1561,35,0,3,8,29,1,109,0,14,3
05-30-20,Madison,165,1,165,1,0,0,194,2,5089,124,5283,126,0,2,1,2,0,161,1,20,2
05-30-20,Marion,41,0,40,0,1,0,47,1,785,8,832,9,0,1,-1,5,1,35,0,12,2
05-30-20,Marshall,33,0,33,0,0,0,39,0,1030,7,1069,7,0,1,-1,4,1,28,0,6,1
05-30-20,Maury,88,2,88,2,0,0,99,3,2928,51,3027,54,0,0,1,14,1,74,0,8,1
05-30-20,McMinn,147,2,147,2,0,0,165,5,2736,49,2901,54,0,14,0,19,2,114,0,19,14
05-30-20,McNairy,12,0,12,0,0,0,18,0,839,36,857,36,0,0,0,0,0,12,0,1,0
05-30-20,Meigs,25,0,25,0,0,0,36,1,514,11,550,12,0,0,-1,3,1,22,0,4,0
05-30-20,Monroe,83,0,75,0,8,0,83,1,1056,10,1139,11,0,2,-8,23,8,58,0,8,3
05-30-20,Montgomery,274,11,272,11,2,0,312,12,8195,179,8507,191,0,3,5,46,6,225,1,28,5
05-30-20,Moore,4,0,4,0,0,0,4,0,367,5,371,5,0,0,0,1,0,3,0,0,0
05-30-20,Morgan,17,0,17,0,0,0,19,0,3108,22,3127,22,0,0,0,0,0,17,0,0,0
05-30-20,Obion,37,2,35,2,2,0,34,0,1288,20,1322,20,0,1,0,11,2,25,2,4,1
05-30-20,Out of State,250,3,250,3,0,0,271,4,55793,911,56064,915,0,4,2,22,1,224,0,16,1
05-30-20,Overton,30,1,30,1,0,0,31,1,1366,13,1397,14,0,0,1,8,0,22,0,2,0
05-30-20,Pending,1,0,1,0,0,0,3,1,37071,611,37074,612,0,0,0,-1,0,2,0,0,0
05-30-20,Perry,23,1,23,1,0,0,20,1,180,18,200,19,0,0,1,10,0,13,0,0,0
05-30-20,Pickett,3,0,3,0,0,0,3,0,266,2,269,2,0,0,0,1,0,2,0,0,0
05-30-20,Polk,22,3,22,3,0,0,26,3,504,15,530,18,0,0,3,3,0,19,0,3,0
05-30-20,Putnam,478,19,477,19,1,0,563,22,5241,258,5804,280,-1,5,11,165,9,308,2,14,6
05-30-20,Rhea,209,3,209,3,0,0,213,3,1368,27,1581,30,0,0,0,193,3,16,0,2,0
05-30-20,Roane,24,0,18,0,6,0,26,1,3323,76,3349,77,0,0,0,4,0,20,0,3,0
05-30-20,Robertson,475,26,474,26,1,0,550,34,3673,122,4223,156,0,3,16,102,10,370,0,40,9
05-30-20,Rutherford,1230,36,1224,36,6,0,1440,41,11533,203,12973,244,1,23,15,239,20,968,0,88,29
05-30-20,Scott,12,0,11,0,1,0,11,0,667,8,678,8,0,0,0,-1,0,13,0,0,0
05-30-20,Sequatchie,20,0,20,0,0,0,21,0,881,19,902,19,0,0,-1,6,1,14,0,2,0
05-30-20,Sevier,86,0,82,0,4,0,94,3,4559,81,4653,84,0,2,-1,9,1,75,0,8,2
05-30-20,Shelby,4985,131,4970,131,15,0,5922,151,63903,2100,69825,2251,1,111,61,885,69,3989,7,579,141
05-30-20,Smith,32,0,31,0,1,0,36,1,930,13,966,14,0,1,0,2,0,29,0,2,1
05-30-20,Stewart,12,0,12,0,0,0,12,0,382,8,394,8,0,0,0,2,0,10,0,2,0
05-30-20,Sullivan,64,0,61,0,3,0,65,0,4296,91,4361,91,0,2,0,2,0,60,0,7,2
05-30-20,Sumner,913,22,904,22,9,0,1170,27,7603,192,8773,219,0,45,11,93,11,775,0,205,47
05-30-20,Tipton,451,5,449,5,2,0,474,11,4200,84,4674,95,0,3,2,38,3,410,0,25,3
05-30-20,Trousdale,1396,0,1393,0,3,0,1419,0,1875,16,3294,16,0,4,-1,8,1,1384,0,14,4
05-30-20,Unicoi,4,0,4,0,0,0,4,0,437,5,441,5,0,0,0,1,0,3,0,0,0
05-30-20,Union,4,0,4,0,0,0,4,0,491,2,495,2,0,0,0,0,0,4,0,0,0
05-30-20,Van Buren,4,0,4,0,0,0,4,0,338,7,342,7,0,0,0,0,0,4,0,1,0
05-30-20,Warren,25,0,25,0,0,0,24,0,1754,43,1778,43,0,0,0,7,0,18,0,0,0
05-30-20,Washington,74,0,74,0,0,0,96,0,3215,91,3311,91,0,0,0,5,0,69,0,6,0
05-30-20,Wayne,63,0,63,0,0,0,64,0,2237,9,2301,9,0,0,0,1,0,62,0,2,0
05-30-20,Weakley,30,0,30,0,0,0,30,0,1230,12,1260,12,0,0,0,-1,0,31,0,2,0
05-30-20,White,38,2,36,2,2,0,42,2,1443,59,1485,61,0,0,2,11,0,27,0,3,0
05-30-20,Williamson,544,7,544,7,0,0,616,10,9397,140,10013,150,0,10,-2,55,9,479,0,45,11
05-30-20,Wilson,421,7,418,7,3,0,510,16,6024,176,6534,192,0,8,1,64,6,349,1,37,8
05-29-20,Anderson,40,1,39,1,1,0,48,0,4613,51,4661,51,0,1,0,1,1,38,0,4,1
05-29-20,Bedford,284,0,284,0,0,0,311,4,2322,26,2633,30,0,4,0,29,0,251,0,13,5
05-29-20,Benton,7,0,7,0,0,0,8,0,755,3,763,3,0,1,0,0,0,6,0,2,1
05-29-20,Bledsoe,612,0,612,0,0,0,621,0,3234,23,3855,23,0,1,-2,2,2,609,0,5,1
05-29-20,Blount,95,1,91,1,4,0,110,2,3372,41,3482,43,0,3,1,12,0,80,0,6,3
05-29-20,Bradley,120,7,117,7,3,0,127,8,2449,73,2576,81,0,1,5,34,2,85,0,16,1
05-29-20,Campbell,19,1,18,1,1,0,24,0,1450,9,1474,9,0,1,1,1,0,17,0,2,1
05-29-20,Cannon,18,0,18,0,0,0,29,0,508,1,537,1,0,0,0,5,0,13,0,3,0
05-29-20,Carroll,29,0,24,0,5,0,26,0,1386,6,1412,6,0,1,-1,-2,1,30,0,5,1
05-29-20,Carter,23,0,22,0,1,0,26,0,1357,24,1383,24,0,1,-1,-1,1,23,0,2,1
05-29-20,Cheatham,129,2,129,2,0,0,151,1,1767,13,1918,14,0,0,0,15,2,114,0,8,0
05-29-20,Chester,14,0,14,0,0,0,16,0,686,7,702,7,0,0,0,3,0,11,0,1,0
05-29-20,Claiborne,10,0,10,0,0,0,10,0,716,13,726,13,0,0,0,2,0,8,0,1,0
05-29-20,Clay,9,0,9,0,0,0,9,0,504,0,513,0,0,0,0,2,0,7,0,0,0
05-29-20,Cocke,22,0,20,0,2,0,27,0,1049,17,1076,17,0,0,0,0,0,22,0,1,0
05-29-20,Coffee,74,2,73,2,1,0,78,2,2215,37,2293,39,0,0,2,10,0,64,0,5,0
05-29-20,Crockett,19,0,17,0,2,0,22,0,571,5,593,5,0,2,0,3,0,14,0,2,2
05-29-20,Cumberland,119,2,115,2,4,0,152,2,4021,58,4173,60,0,1,-1,18,3,100,0,10,1
05-29-20,Davidson,5008,32,5002,31,6,1,5761,40,53612,729,59373,769,-1,59,-85,635,118,4314,0,376,72
05-29-20,Decatur,5,0,5,0,0,0,6,1,517,50,523,51,0,0,0,0,0,5,0,0,0
05-29-20,Dekalb,36,0,36,0,0,0,43,0,1262,7,1305,7,0,0,0,4,0,32,0,0,0
05-29-20,Dickson,111,1,111,1,0,0,146,2,2154,32,2300,34,0,0,0,14,1,97,0,13,0
05-29-20,Dyer,55,0,52,0,3,0,63,0,1385,10,1448,10,0,0,-1,6,1,49,0,6,0
05-29-20,Fayette,128,3,127,3,1,0,166,2,3259,38,3425,40,0,2,2,25,1,101,0,16,2
05-29-20,Fentress,12,0,12,0,0,0,12,0,689,2,701,2,0,0,-2,2,2,10,0,1,0
05-29-20,Franklin,52,0,52,0,0,0,62,1,1975,38,2037,39,0,1,0,4,0,47,0,5,2
05-29-20,Gibson,66,1,62,1,4,0,74,2,2348,14,2422,16,0,1,1,1,0,64,0,5,1
05-29-20,Giles,13,0,13,0,0,0,17,0,936,12,953,12,0,0,-2,0,2,13,0,1,0
05-29-20,Grainger,9,1,8,1,1,0,10,1,599,8,609,9,0,0,1,2,0,7,0,2,0
05-29-20,Greene,49,0,48,0,1,0,55,0,2130,31,2185,31,0,2,0,3,0,44,0,8,2
05-29-20,Grundy,29,0,29,0,0,0,36,0,484,9,520,9,0,1,-1,2,1,26,0,10,1
05-29-20,Hamblen,41,2,33,2,8,0,37,1,2543,19,2580,20,0,2,2,11,0,28,0,7,2
05-29-20,Hamilton,781,36,778,35,3,1,817,42,12533,277,13350,319,0,15,3,329,33,437,3,66,16
05-29-20,Hancock,1,0,1,0,0,0,1,0,148,4,149,4,0,0,0,1,0,0,0,0,0
05-29-20,Hardeman,199,0,199,0,0,0,205,0,5005,10,5210,10,0,0,0,10,0,189,0,5,0
05-29-20,Hardin,15,3,15,3,0,0,17,3,1590,94,1607,97,0,2,3,6,0,7,0,3,2
05-29-20,Hawkins,33,1,33,1,0,0,43,0,1476,24,1519,24,0,2,1,2,0,29,0,6,2
05-29-20,Haywood,33,1,32,1,1,0,35,1,887,67,922,68,0,2,1,3,0,28,0,6,2
05-29-20,Henderson,14,0,14,0,0,0,18,0,1113,6,1131,6,0,0,0,3,0,11,0,0,0
05-29-20,Henry,30,0,30,0,0,0,39,0,1455,8,1494,8,0,0,-1,2,1,28,0,5,0
05-29-20,Hickman,56,1,56,1,0,0,78,3,942,19,1020,22,0,0,1,6,0,50,0,2,0
05-29-20,Houston,8,0,8,0,0,0,11,0,268,2,279,2,0,0,-1,0,1,8,0,5,0
05-29-20,Humphreys,14,0,13,0,1,0,15,0,725,13,740,13,0,1,0,0,0,13,0,1,1
05-29-20,Jackson,22,0,22,0,0,0,25,0,642,4,667,4,0,0,-1,7,1,15,0,1,0
05-29-20,Jefferson,32,0,28,0,4,0,28,0,2228,21,2256,21,0,0,0,2,0,30,0,0,0
05-29-20,Johnson,17,0,17,0,0,0,16,0,1923,8,1939,8,0,0,0,3,0,14,0,1,0
05-29-20,Knox,378,8,373,8,5,0,427,5,16889,245,17316,250,0,5,0,44,8,329,0,41,5
05-29-20,Lake,413,1,412,1,1,0,417,2,1370,2,1787,4,0,0,1,8,0,405,1,3,0
05-29-20,Lauderdale,58,1,57,1,1,0,75,0,3266,5,3341,5,0,1,-2,5,3,52,0,8,1
05-29-20,Lawrence,29,2,29,2,0,0,31,5,1460,19,1491,24,0,0,1,6,1,23,0,4,0
05-29-20,Lewis,4,0,4,0,0,0,4,0,457,11,461,11,0,0,-1,0,1,4,0,0,0
05-29-20,Lincoln,25,0,25,0,0,0,31,1,1298,29,1329,30,0,0,-1,4,1,21,0,2,0
05-29-20,Loudon,140,2,131,2,9,0,138,1,2050,48,2188,49,0,0,-6,62,8,78,0,8,0
05-29-20,Macon,132,1,132,1,0,0,151,1,1375,5,1526,6,0,3,-6,21,7,108,1,14,3
05-29-20,Madison,164,0,164,0,0,0,192,1,4965,74,5157,75,0,2,-1,1,1,161,0,19,2
05-29-20,Marion,41,3,40,3,1,0,46,2,777,18,823,20,0,1,3,6,0,34,0,12,2
05-29-20,Marshall,33,1,33,1,0,0,39,3,1023,19,1062,22,0,1,1,5,0,27,1,6,1
05-29-20,Maury,86,1,86,1,0,0,96,3,2877,52,2973,55,0,0,0,13,1,73,0,8,1
05-29-20,McMinn,145,4,145,4,0,0,160,5,2687,37,2847,42,0,14,4,19,0,112,1,19,14
05-29-20,McNairy,12,0,12,0,0,0,18,0,803,95,821,95,0,0,0,0,0,12,0,1,0
05-29-20,Meigs,25,0,25,0,0,0,35,1,503,10,538,11,0,0,0,4,0,21,0,4,0
05-29-20,Monroe,83,2,75,2,8,0,82,3,1046,36,1128,39,0,2,1,31,1,50,0,8,3
05-29-20,Montgomery,263,0,261,0,2,0,300,0,8016,49,8316,49,0,3,0,41,0,219,0,27,5
05-29-20,Moore,4,1,4,1,0,0,4,0,362,3,366,3,0,0,1,1,0,3,0,0,0
05-29-20,Morgan,17,0,17,0,0,0,19,0,3086,11,3105,11,0,0,-1,0,1,17,0,0,0
05-29-20,Obion,35,0,33,0,2,0,34,1,1268,26,1302,27,0,1,-1,11,1,23,0,2,1
05-29-20,Out of State,247,3,247,3,0,0,267,3,54882,1162,55149,1165,0,4,-1,20,4,223,0,16,1
05-29-20,Overton,29,0,29,0,0,0,30,0,1353,1,1383,1,0,0,-2,7,2,22,0,2,0
05-29-20,Pending,1,0,1,0,0,0,2,0,36460,337,36462,337,0,0,0,-1,0,2,0,0,0
05-29-20,Perry,22,5,22,5,0,0,19,3,162,3,181,6,0,0,5,9,0,13,0,0,0
05-29-20,Pickett,3,0,3,0,0,0,3,0,264,0,267,0,0,0,0,1,0,2,0,0,0
05-29-20,Polk,19,0,19,0,0,0,23,0,489,6,512,6,0,0,-1,0,1,19,0,3,0
05-29-20,Putnam,459,4,458,4,1,0,541,4,4983,22,5524,26,1,6,-18,154,21,299,0,12,5
05-29-20,Rhea,206,5,206,5,0,0,210,6,1341,43,1551,49,0,0,2,193,3,13,0,2,0
05-29-20,Roane,24,0,18,0,6,0,25,1,3247,41,3272,42,0,0,0,4,0,20,0,3,0
05-29-20,Robertson,449,8,448,8,1,0,516,8,3551,39,4067,47,1,3,-13,86,20,360,0,40,9
05-29-20,Rutherford,1194,17,1188,17,6,0,1399,21,11330,184,12729,205,0,22,-6,224,23,948,1,88,28
05-29-20,Scott,12,0,11,0,1,0,11,0,659,7,670,7,0,0,0,-1,0,13,0,0,0
05-29-20,Sequatchie,20,1,20,1,0,0,21,2,862,31,883,33,0,0,1,7,0,13,0,2,0
05-29-20,Sevier,86,0,82,0,4,0,91,1,4478,54,4569,55,0,2,0,10,0,74,0,8,2
05-29-20,Shelby,4854,40,4839,39,15,1,5771,47,61803,1731,67574,1778,3,110,-44,824,81,3920,1,572,135
05-29-20,Smith,32,1,31,1,1,0,35,0,917,2,952,2,0,1,0,2,1,29,0,2,1
05-29-20,Stewart,12,0,12,0,0,0,12,0,374,1,386,1,0,0,0,2,0,10,0,2,0
05-29-20,Sullivan,64,0,61,0,3,0,65,0,4205,24,4270,24,0,2,-1,2,1,60,0,7,2
05-29-20,Sumner,891,3,882,3,9,0,1143,2,7411,43,8554,45,0,45,-7,82,10,764,2,205,47
05-29-20,Tipton,446,2,444,2,2,0,463,2,4116,71,4579,73,0,3,-4,36,6,407,0,25,3
05-29-20,Trousdale,1396,0,1393,0,3,0,1419,0,1859,3,3278,3,0,4,-2,9,2,1383,0,14,4
05-29-20,Unicoi,4,0,4,0,0,0,4,1,432,8,436,9,0,0,0,1,0,3,0,0,0
05-29-20,Union,4,0,4,0,0,0,4,0,489,8,493,8,0,0,0,0,0,4,0,0,0
05-29-20,Van Buren,4,0,4,0,0,0,4,0,331,0,335,0,0,0,0,0,0,4,0,1,0
05-29-20,Warren,25,1,25,1,0,0,24,1,1711,8,1735,9,0,0,-1,7,2,18,0,0,0
05-29-20,Washington,74,0,74,0,0,0,96,0,3124,60,3220,60,0,0,0,5,0,69,0,6,0
05-29-20,Wayne,63,1,63,1,0,0,64,1,2228,5,2292,6,0,0,1,1,0,62,0,2,0
05-29-20,Weakley,30,0,30,0,0,0,30,0,1218,14,1248,14,0,0,0,-1,0,31,0,2,0
05-29-20,White,36,1,34,1,2,0,40,1,1384,3,1424,4,0,0,0,9,1,27,0,3,0
05-29-20,Williamson,537,3,537,3,0,0,606,3,9257,120,9863,123,0,10,-3,57,6,470,0,45,11
05-29-20,Wilson,414,11,411,11,3,0,494,4,5848,34,6342,38,0,8,6,63,5,343,3,36,8
05-28-20,Anderson,39,0,38,0,1,0,48,0,4562,54,4610,54,0,1,0,1,0,37,0,4,1
05-28-20,Bedford,284,8,284,8,0,0,307,1,2296,14,2603,15,0,4,5,29,3,251,0,13,5
05-28-20,Benton,7,0,7,0,0,0,8,0,752,9,760,9,0,1,-1,0,1,6,0,2,1
05-28-20,Bledsoe,612,0,612,0,0,0,621,0,3211,10,3832,10,0,1,0,4,0,607,0,5,1
05-28-20,Blount,94,0,90,0,4,0,108,0,3331,74,3439,74,0,3,0,11,0,80,0,6,3
05-28-20,Bradley,113,4,110,4,3,0,119,2,2376,20,2495,22,0,1,3,29,1,83,0,16,1
05-28-20,Campbell,18,0,17,0,1,0,24,0,1441,27,1465,27,0,1,0,0,0,17,0,2,1
05-28-20,Cannon,18,1,18,1,0,0,29,1,507,9,536,10,0,0,0,5,1,13,0,3,0
05-28-20,Carroll,29,0,24,0,5,0,26,0,1380,18,1406,18,0,1,-2,-1,2,29,0,5,1
05-28-20,Carter,23,0,22,0,1,0,26,0,1333,11,1359,11,0,1,0,0,0,22,0,2,1
05-28-20,Cheatham,127,3,127,3,0,0,150,6,1754,25,1904,31,0,0,1,15,2,112,0,8,0
05-28-20,Chester,14,0,14,0,0,0,16,0,679,10,695,10,0,0,0,3,0,11,0,1,0
05-28-20,Claiborne,10,1,10,1,0,0,10,0,703,11,713,11,0,0,1,2,0,8,0,1,0
05-28-20,Clay,9,1,9,1,0,0,9,1,504,9,513,10,0,0,1,2,0,7,0,0,0
05-28-20,Cocke,22,0,20,0,2,0,27,0,1032,24,1059,24,0,0,0,0,0,22,0,1,0
05-28-20,Coffee,72,2,71,2,1,0,76,1,2178,5,2254,6,0,0,1,8,1,64,0,5,0
05-28-20,Crockett,19,0,17,0,2,0,22,0,566,3,588,3,1,2,-1,3,0,14,0,2,2
05-28-20,Cumberland,117,0,113,0,4,0,150,1,3963,205,4113,206,0,1,-5,19,5,97,0,10,1
05-28-20,Davidson,4976,128,4971,128,5,0,5721,156,52883,615,58604,771,0,60,31,720,97,4196,3,376,70
05-28-20,Decatur,5,0,5,0,0,0,5,0,467,145,472,145,0,0,0,0,0,5,0,0,0
05-28-20,Dekalb,36,0,36,0,0,0,43,0,1255,34,1298,34,0,0,0,4,0,32,0,0,0
05-28-20,Dickson,110,0,110,0,0,0,144,2,2122,25,2266,27,0,0,-2,14,2,96,0,13,0
05-28-20,Dyer,55,1,52,1,3,0,63,0,1375,7,1438,7,0,0,-1,7,2,48,0,6,0
05-28-20,Fayette,125,1,124,1,1,0,164,4,3221,48,3385,52,0,2,-2,23,3,100,1,16,2
05-28-20,Fentress,12,0,12,0,0,0,12,0,687,12,699,12,0,0,-1,4,1,8,0,1,0
05-28-20,Franklin,52,2,52,2,0,0,61,1,1937,17,1998,18,0,1,2,4,0,47,0,5,2
05-28-20,Gibson,65,0,61,0,4,0,72,0,2334,18,2406,18,0,1,0,0,0,64,0,5,1
05-28-20,Giles,13,0,13,0,0,0,17,0,924,6,941,6,0,0,0,2,0,11,0,1,0
05-28-20,Grainger,8,1,7,1,1,0,9,0,591,10,600,10,0,0,1,1,0,7,0,2,0
05-28-20,Greene,49,1,48,1,1,0,55,0,2099,7,2154,7,0,2,1,3,0,44,0,8,2
05-28-20,Grundy,29,0,29,0,0,0,36,0,475,2,511,2,0,1,0,3,0,25,0,10,1
05-28-20,Hamblen,39,1,31,1,8,0,36,0,2524,31,2560,31,0,2,1,9,0,28,0,7,2
05-28-20,Hamilton,745,36,743,36,2,0,775,37,12256,280,13031,317,0,15,13,326,23,404,1,63,16
05-28-20,Hancock,1,0,1,0,0,0,1,0,144,2,145,2,0,0,0,1,0,0,0,0,0
05-28-20,Hardeman,199,2,199,2,0,0,205,2,4995,7,5200,9,0,0,2,10,0,189,0,5,0
05-28-20,Hardin,12,1,12,1,0,0,14,1,1496,11,1510,12,0,2,1,3,0,7,1,3,2
05-28-20,Hawkins,32,1,32,1,0,0,43,0,1452,12,1495,12,0,2,1,1,0,29,0,6,2
05-28-20,Haywood,32,0,31,0,1,0,34,0,820,8,854,8,0,2,0,2,0,28,0,6,2
05-28-20,Henderson,14,0,14,0,0,0,18,0,1107,160,1125,160,0,0,0,3,0,11,0,0,0
05-28-20,Henry,30,0,30,0,0,0,39,0,1447,2,1486,2,0,0,-9,3,9,27,0,5,0
05-28-20,Hickman,55,1,55,1,0,0,75,2,923,3,998,5,0,0,1,5,0,50,0,2,0
05-28-20,Houston,8,0,8,0,0,0,11,0,266,12,277,12,0,0,0,1,0,7,0,5,0
05-28-20,Humphreys,14,0,13,0,1,0,15,0,712,50,727,50,0,1,-1,0,1,13,0,1,1
05-28-20,Jackson,22,0,22,0,0,0,25,0,638,8,663,8,0,0,-2,8,2,14,0,1,0
05-28-20,Jefferson,32,1,28,1,4,0,28,0,2207,36,2235,36,0,0,1,2,0,30,0,0,0
05-28-20,Johnson,17,0,17,0,0,0,16,0,1915,4,1931,4,0,0,0,3,0,14,0,1,0
05-28-20,Knox,370,11,365,11,5,0,422,14,16644,345,17066,359,0,5,7,44,4,321,0,41,5
05-28-20,Lake,412,0,411,0,1,0,415,0,1368,8,1783,8,0,0,-1,7,1,405,0,2,0
05-28-20,Lauderdale,57,0,56,0,1,0,75,0,3261,13,3336,13,0,1,-3,7,3,49,0,8,1
05-28-20,Lawrence,27,5,27,5,0,0,26,0,1441,17,1467,17,0,0,5,5,0,22,0,4,0
05-28-20,Lewis,4,0,4,0,0,0,4,0,446,151,450,151,0,0,0,1,0,3,0,0,0
05-28-20,Lincoln,25,0,25,0,0,0,30,0,1269,1,1299,1,0,0,-1,5,1,20,0,2,0
05-28-20,Loudon,138,2,129,2,9,0,137,2,2002,39,2139,41,0,0,-6,68,8,70,0,8,0
05-28-20,Macon,131,10,131,10,0,0,150,9,1370,15,1520,24,0,3,6,27,4,101,1,13,3
05-28-20,Madison,164,0,164,0,0,0,191,0,4891,95,5082,95,0,2,0,2,0,160,0,19,2
05-28-20,Marion,38,1,37,1,1,0,44,1,759,5,803,6,0,1,-1,3,2,34,0,12,2
05-28-20,Marshall,32,0,32,0,0,0,36,0,1004,6,1040,6,0,1,0,4,0,27,0,5,1
05-28-20,Maury,85,6,85,6,0,0,93,4,2825,19,2918,23,0,0,4,13,2,72,0,8,1
05-28-20,McMinn,141,1,141,1,0,0,155,1,2650,22,2805,23,0,14,1,15,0,112,0,18,14
05-28-20,McNairy,12,0,12,0,0,0,18,0,708,3,726,3,0,0,0,0,0,12,0,1,0
05-28-20,Meigs,25,0,25,0,0,0,34,1,493,7,527,8,0,0,0,4,0,21,0,4,0
05-28-20,Monroe,81,1,73,1,8,0,79,2,1010,19,1089,21,0,2,-5,30,6,49,0,8,3
05-28-20,Montgomery,263,3,261,3,2,0,300,3,7967,137,8267,140,0,3,0,41,3,219,0,27,4
05-28-20,Moore,3,0,3,0,0,0,4,0,359,1,363,1,0,0,0,0,0,3,0,0,0
05-28-20,Morgan,17,0,17,0,0,0,19,0,3075,16,3094,16,0,0,-5,1,5,16,0,0,0
05-28-20,Obion,35,2,33,2,2,0,33,1,1242,23,1275,24,0,1,2,12,0,22,1,2,1
05-28-20,Out of State,244,9,244,9,0,0,264,9,53720,1857,53984,1866,0,4,4,21,5,219,0,16,1
05-28-20,Overton,29,1,29,1,0,0,30,1,1352,38,1382,39,0,0,1,9,0,20,0,2,0
05-28-20,Pending,1,0,1,0,0,0,2,0,36123,353,36125,353,0,0,0,-1,0,2,0,0,0
05-28-20,Perry,17,1,17,1,0,0,16,0,159,10,175,10,0,0,1,4,0,13,0,0,0
05-28-20,Pickett,3,0,3,0,0,0,3,0,264,9,267,9,0,0,0,1,0,2,0,0,0
05-28-20,Polk,19,0,19,0,0,0,23,0,483,2,506,2,0,0,-1,1,1,18,0,3,0
05-28-20,Putnam,455,36,454,35,1,1,537,37,4961,305,5498,342,0,5,8,172,28,278,2,12,5
05-28-20,Rhea,201,7,201,7,0,0,204,7,1298,10,1502,17,0,0,6,191,1,10,0,2,0
05-28-20,Roane,24,0,18,0,6,0,24,1,3206,57,3230,58,0,0,-1,4,1,20,0,3,0
05-28-20,Robertson,441,22,440,22,1,0,508,25,3512,34,4020,59,0,2,8,99,14,340,0,40,9
05-28-20,Rutherford,1177,54,1171,54,6,0,1378,64,11146,160,12524,224,0,22,28,230,26,925,0,87,28
05-28-20,Scott,12,0,11,0,1,0,11,0,652,5,663,5,0,0,0,-1,0,13,0,0,0
05-28-20,Sequatchie,19,0,19,0,0,0,19,1,831,1,850,2,0,0,0,6,0,13,0,2,0
05-28-20,Sevier,86,5,82,5,4,0,90,0,4424,79,4514,79,0,2,5,10,0,74,0,8,2
05-28-20,Shelby,4814,179,4800,179,14,0,5724,216,60072,2040,65796,2256,2,107,104,868,73,3839,19,571,132
05-28-20,Smith,31,2,30,2,1,0,35,2,915,17,950,19,0,1,0,2,2,28,0,2,1
05-28-20,Stewart,12,0,12,0,0,0,12,0,373,3,385,3,0,0,-1,2,1,10,0,2,0
05-28-20,Sullivan,64,0,61,0,3,0,65,1,4181,23,4246,24,0,2,-2,3,2,59,0,7,2
05-28-20,Sumner,888,15,879,15,9,0,1141,17,7368,94,8509,111,0,45,5,89,10,754,0,203,46
05-28-20,Tipton,444,10,442,10,2,0,461,6,4045,93,4506,99,0,3,7,40,3,401,0,25,3
05-28-20,Trousdale,1396,1,1393,1,3,0,1419,3,1856,10,3275,13,0,4,1,11,0,1381,1,14,4
05-28-20,Unicoi,4,0,4,0,0,0,3,0,424,1,427,1,0,0,0,1,0,3,0,0,0
05-28-20,Union,4,0,4,0,0,0,4,0,481,15,485,15,0,0,0,0,0,4,0,0,0
05-28-20,Van Buren,4,0,4,0,0,0,4,0,331,2,335,2,0,0,0,0,0,4,0,1,0
05-28-20,Warren,24,0,24,0,0,0,23,0,1703,15,1726,15,0,0,0,8,0,16,0,0,0
05-28-20,Washington,74,0,74,0,0,0,96,0,3064,13,3160,13,0,0,-1,5,1,69,0,6,0
05-28-20,Wayne,62,0,62,0,0,0,63,0,2223,15,2286,15,0,0,0,0,0,62,0,2,0
05-28-20,Weakley,30,0,30,0,0,0,30,0,1204,13,1234,13,0,0,-1,-1,1,31,0,2,0
05-28-20,White,35,2,33,2,2,0,39,2,1381,26,1420,28,0,0,0,9,2,26,0,3,0
05-28-20,Williamson,534,10,534,10,0,0,603,11,9137,115,9740,126,0,10,6,60,4,464,0,45,11
05-28-20,Wilson,403,6,400,6,3,0,490,12,5814,117,6304,129,0,8,1,57,5,338,1,33,8
05-27-20,Anderson,39,0,38,0,1,0,48,0,4508,93,4556,93,0,1,0,1,0,37,0,4,1
05-27-20,Bedford,276,4,276,4,0,0,306,1,2282,7,2588,8,0,4,3,24,1,248,0,13,5
05-27-20,Benton,7,0,7,0,0,0,8,0,743,2,751,2,0,1,0,1,0,5,0,2,1
05-27-20,Bledsoe,612,0,612,0,0,0,621,0,3201,5,3822,5,0,1,-1,4,1,607,0,5,1
05-27-20,Blount,94,3,90,3,4,0,108,3,3257,81,3365,84,0,3,3,11,0,80,0,6,3
05-27-20,Bradley,109,7,106,7,3,0,117,7,2356,19,2473,26,0,1,7,26,0,82,1,16,1
05-27-20,Campbell,18,0,17,0,1,0,24,0,1414,25,1438,25,0,1,0,0,0,17,0,2,1
05-27-20,Cannon,17,0,17,0,0,0,28,0,498,2,526,2,0,0,0,5,0,12,0,3,0
05-27-20,Carroll,29,0,24,0,5,0,26,0,1362,3,1388,3,0,1,0,1,0,27,0,5,1
05-27-20,Carter,23,0,22,0,1,0,26,0,1322,10,1348,10,0,1,0,0,0,22,0,2,1
05-27-20,Cheatham,124,2,124,2,0,0,144,1,1729,11,1873,12,0,0,-3,14,5,110,0,8,0
05-27-20,Chester,14,0,14,0,0,0,16,0,669,9,685,9,0,0,0,3,0,11,0,1,0
05-27-20,Claiborne,9,1,9,1,0,0,10,1,692,10,702,11,0,0,1,1,0,8,1,1,0
05-27-20,Clay,8,0,8,0,0,0,8,0,495,3,503,3,0,0,0,1,0,7,0,0,0
05-27-20,Cocke,22,0,20,0,2,0,27,0,1008,8,1035,8,0,0,0,0,0,22,0,1,0
05-27-20,Coffee,70,2,69,2,1,0,75,0,2173,13,2248,13,0,0,0,7,2,63,0,5,0
05-27-20,Crockett,19,0,17,0,2,0,22,0,563,7,585,7,0,1,0,4,0,14,0,2,2
05-27-20,Cumberland,117,0,113,0,4,0,149,0,3758,110,3907,110,0,1,-1,24,1,92,0,10,1
05-27-20,Davidson,4848,20,4843,19,5,1,5565,21,52268,745,57833,766,0,60,-77,689,97,4099,3,373,68
05-27-20,Decatur,5,0,5,0,0,0,5,0,322,1,327,1,0,0,0,0,0,5,0,0,0
05-27-20,Dekalb,36,0,36,0,0,0,43,0,1221,6,1264,6,0,0,-1,4,1,32,0,0,0
05-27-20,Dickson,110,3,110,3,0,0,142,3,2097,12,2239,15,0,0,1,16,2,94,0,13,0
05-27-20,Dyer,54,2,51,1,3,1,63,1,1368,17,1431,18,0,0,2,8,0,46,0,6,0
05-27-20,Fayette,124,1,123,1,1,0,160,1,3173,38,3333,39,0,2,-3,25,4,97,0,15,2
05-27-20,Fentress,12,0,12,0,0,0,12,0,675,15,687,15,0,0,-1,5,1,7,0,1,0
05-27-20,Franklin,50,1,50,1,0,0,60,0,1920,2,1980,2,0,1,1,2,0,47,0,5,2
05-27-20,Gibson,65,1,61,1,4,0,72,1,2316,21,2388,22,0,1,0,0,1,64,1,5,1
05-27-20,Giles,13,0,13,0,0,0,17,0,918,5,935,5,0,0,0,2,0,11,0,1,0
05-27-20,Grainger,7,0,6,0,1,0,9,0,581,8,590,8,0,0,0,0,0,7,0,2,0
05-27-20,Greene,48,0,47,0,1,0,55,0,2092,9,2147,9,0,2,0,2,0,44,0,8,2
05-27-20,Grundy,29,0,29,0,0,0,36,0,473,4,509,4,0,1,0,3,0,25,0,10,1
05-27-20,Hamblen,38,2,30,1,8,1,36,1,2493,71,2529,72,0,2,1,8,1,28,1,7,2
05-27-20,Hamilton,709,47,707,47,2,0,738,45,11976,196,12714,241,0,15,29,313,18,381,2,62,16
05-27-20,Hancock,1,0,1,0,0,0,1,0,142,4,143,4,0,0,0,1,0,0,0,0,0
05-27-20,Hardeman,197,1,197,1,0,0,203,1,4988,9,5191,10,0,0,1,8,0,189,1,5,0
05-27-20,Hardin,11,0,11,0,0,0,13,0,1485,10,1498,10,0,2,0,2,0,7,0,2,2
05-27-20,Hawkins,31,0,31,0,0,0,43,0,1440,8,1483,8,0,2,0,0,0,29,0,6,2
05-27-20,Haywood,32,0,31,0,1,0,34,0,812,8,846,8,0,2,0,2,0,28,0,6,2
05-27-20,Henderson,14,0,14,0,0,0,18,0,947,9,965,9,0,0,0,3,0,11,0,0,0
05-27-20,Henry,30,0,30,0,0,0,39,0,1445,7,1484,7,0,0,-1,12,1,18,0,5,0
05-27-20,Hickman,54,2,54,2,0,0,73,1,920,4,993,5,0,0,2,4,0,50,0,2,0
05-27-20,Houston,8,0,8,0,0,0,11,0,254,3,265,3,0,0,0,1,0,7,0,5,0
05-27-20,Humphreys,14,0,13,0,1,0,15,0,662,2,677,2,0,1,0,1,0,12,0,1,1
05-27-20,Jackson,22,0,22,0,0,0,25,0,630,4,655,4,0,0,-1,10,1,12,0,1,0
05-27-20,Jefferson,31,0,27,0,4,0,28,0,2171,31,2199,31,0,0,0,1,0,30,0,0,0
05-27-20,Johnson,17,1,17,1,0,0,16,1,1911,2,1927,3,0,0,1,3,0,14,1,1,0
05-27-20,Knox,359,5,354,5,5,0,408,3,16299,371,16707,374,0,5,0,37,5,317,1,41,5
05-27-20,Lake,412,0,411,0,1,0,415,0,1360,1,1775,1,0,0,-4,8,4,404,0,2,0
05-27-20,Lauderdale,57,0,56,0,1,0,75,0,3248,7,3323,7,0,1,-2,10,2,46,0,8,1
05-27-20,Lawrence,22,0,22,0,0,0,26,0,1424,12,1450,12,0,0,0,0,0,22,0,4,0
05-27-20,Lewis,4,0,4,0,0,0,4,0,295,2,299,2,0,0,0,1,0,3,0,0,0
05-27-20,Lincoln,25,0,25,0,0,0,30,0,1268,5,1298,5,0,0,0,6,0,19,0,2,0
05-27-20,Loudon,136,4,127,3,9,1,135,1,1963,35,2098,36,0,0,1,74,3,62,0,8,0
05-27-20,Macon,121,0,121,0,0,0,141,0,1355,7,1496,7,0,3,-2,21,2,97,0,12,3
05-27-20,Madison,164,0,164,0,0,0,191,0,4796,59,4987,59,0,2,0,2,0,160,0,19,2
05-27-20,Marion,37,0,36,0,1,0,43,1,754,6,797,7,0,1,0,4,0,32,0,12,2
05-27-20,Marshall,32,1,32,1,0,0,36,0,998,12,1034,12,0,1,0,4,1,27,0,5,1
05-27-20,Maury,79,0,79,0,0,0,89,0,2806,24,2895,24,0,0,-2,9,2,70,0,8,1
05-27-20,McMinn,140,0,140,0,0,0,154,0,2628,131,2782,131,0,14,0,14,0,112,0,18,14
05-27-20,McNairy,12,0,12,0,0,0,18,0,705,6,723,6,0,0,0,0,0,12,0,1,0
05-27-20,Meigs,25,1,25,1,0,0,33,0,486,4,519,4,0,0,1,4,0,21,0,4,0
05-27-20,Monroe,80,1,72,1,8,0,77,0,991,17,1068,17,0,2,-5,35,6,43,0,8,3
05-27-20,Montgomery,260,0,258,0,2,0,297,0,7830,49,8127,49,0,3,-3,41,3,216,0,27,4
05-27-20,Moore,3,0,3,0,0,0,4,0,358,0,362,0,0,0,0,0,0,3,0,0,0
05-27-20,Morgan,17,0,17,0,0,0,19,0,3059,32,3078,32,0,0,0,6,0,11,0,0,0
05-27-20,Obion,33,1,31,0,2,1,32,0,1219,31,1251,31,0,1,0,10,1,22,0,1,1
05-27-20,Out of State,235,0,235,0,0,0,255,0,51863,1008,52118,1008,0,4,-7,17,7,214,0,16,1
05-27-20,Overton,28,1,28,1,0,0,29,1,1314,31,1343,32,0,0,0,8,1,20,0,2,0
05-27-20,Pending,1,0,1,0,0,0,2,0,35770,337,35772,337,0,0,0,-1,0,2,0,0,0
05-27-20,Perry,16,3,16,3,0,0,16,0,149,2,165,2,0,0,3,3,0,13,0,0,0
05-27-20,Pickett,3,0,3,0,0,0,3,0,255,2,258,2,0,0,0,1,0,2,0,0,0
05-27-20,Polk,19,0,19,0,0,0,23,0,481,4,504,4,0,0,0,2,0,17,0,3,0
05-27-20,Putnam,419,0,419,0,0,0,500,0,4656,15,5156,15,0,5,-13,164,13,250,0,10,5
05-27-20,Rhea,194,1,194,1,0,0,197,0,1288,9,1485,9,0,0,1,185,0,9,0,2,0
05-27-20,Roane,24,2,18,1,6,1,23,0,3149,69,3172,69,0,0,2,5,0,19,0,3,0
05-27-20,Robertson,419,9,418,9,1,0,483,10,3478,78,3961,88,1,2,-5,91,13,326,2,40,9
05-27-20,Rutherford,1123,14,1117,14,6,0,1314,14,10986,286,12300,300,0,22,-12,202,26,899,3,87,27
05-27-20,Scott,12,0,11,0,1,0,11,0,647,8,658,8,0,0,0,-1,0,13,0,0,0
05-27-20,Sequatchie,19,1,19,1,0,0,18,0,830,5,848,5,0,0,1,6,0,13,0,2,0
05-27-20,Sevier,81,0,77,0,4,0,90,0,4345,45,4435,45,0,2,-1,5,1,74,0,8,2
05-27-20,Shelby,4635,54,4621,54,14,0,5508,59,58032,1134,63540,1193,9,105,-33,764,78,3766,8,552,131
05-27-20,Smith,29,0,28,0,1,0,33,0,898,12,931,12,0,1,0,2,0,26,0,2,1
05-27-20,Stewart,12,0,12,0,0,0,12,0,370,3,382,3,0,0,-1,3,1,9,0,2,0
05-27-20,Sullivan,64,0,61,0,3,0,64,0,4158,272,4222,272,0,2,0,5,0,57,0,7,2
05-27-20,Sumner,873,5,864,5,9,0,1124,6,7274,136,8398,142,0,45,-8,84,13,744,0,203,46
05-27-20,Tipton,434,1,432,1,2,0,455,0,3952,71,4407,71,0,3,-1,33,2,398,0,25,3
05-27-20,Trousdale,1395,1,1392,1,3,0,1416,0,1846,7,3262,7,0,4,1,10,0,1381,0,13,4
05-27-20,Unicoi,4,1,4,1,0,0,3,0,423,2,426,2,0,0,1,1,0,3,0,0,0
05-27-20,Union,4,0,4,0,0,0,4,0,466,4,470,4,0,0,0,0,0,4,0,0,0
05-27-20,Van Buren,4,0,4,0,0,0,4,0,329,5,333,5,0,0,0,0,0,4,0,1,0
05-27-20,Warren,24,0,24,0,0,0,23,0,1688,28,1711,28,0,0,0,8,0,16,0,0,0
05-27-20,Washington,74,0,74,0,0,0,96,1,3051,6,3147,7,0,0,0,6,0,68,0,6,0
05-27-20,Wayne,62,0,62,0,0,0,63,0,2208,2,2271,2,0,0,-1,0,1,62,0,2,0
05-27-20,Weakley,30,0,30,0,0,0,30,0,1191,11,1221,11,0,0,-1,0,1,30,0,2,0
05-27-20,White,33,0,31,0,2,0,37,0,1355,43,1392,43,0,0,-2,9,2,24,0,3,0
05-27-20,Williamson,524,4,524,4,0,0,592,5,9022,182,9614,187,0,10,1,54,3,460,0,45,11
05-27-20,Wilson,397,6,394,6,3,0,478,2,5697,78,6175,80,0,8,2,56,4,333,1,32,8
05-26-20,Anderson,39,0,38,0,1,0,48,0,4415,135,4463,135,0,1,-1,1,1,37,0,4,1
05-26-20,Bedford,272,1,272,1,0,0,305,1,2275,5,2580,6,0,4,0,21,1,247,0,13,5
05-26-20,Benton,7,0,7,0,0,0,8,0,741,6,749,6,0,1,0,1,0,5,0,2,1
05-26-20,Bledsoe,612,0,612,0,0,0,621,0,3196,7,3817,7,0,1,0,5,0,606,0,5,1
05-26-20,Blount,91,5,87,5,4,0,105,5,3176,91,3281,96,0,3,4,8,1,80,0,6,3
05-26-20,Bradley,102,4,99,2,3,2,110,1,2337,16,2447,17,0,1,4,19,0,82,1,15,1
05-26-20,Campbell,18,0,17,0,1,0,24,0,1389,37,1413,37,0,1,0,0,0,17,0,2,1
05-26-20,Cannon,17,1,17,1,0,0,28,1,496,2,524,3,0,0,1,5,0,12,1,3,0
05-26-20,Carroll,29,0,24,0,5,0,26,0,1359,26,1385,26,0,1,0,1,0,27,0,5,1
05-26-20,Carter,23,0,22,0,1,0,26,0,1312,21,1338,21,0,1,-1,0,1,22,0,2,1
05-26-20,Cheatham,122,1,122,1,0,0,143,0,1718,13,1861,13,0,0,-5,17,6,105,0,8,0
05-26-20,Chester,14,0,14,0,0,0,16,1,660,9,676,10,0,0,0,3,0,11,0,1,0
05-26-20,Claiborne,8,0,8,0,0,0,9,0,682,19,691,19,0,0,0,0,0,8,0,0,0
05-26-20,Clay,8,0,8,0,0,0,8,0,492,3,500,3,0,0,0,1,0,7,0,0,0
05-26-20,Cocke,22,0,20,0,2,0,27,0,1000,21,1027,21,0,0,-1,0,1,22,0,1,0
05-26-20,Coffee,68,0,67,0,1,0,75,0,2160,9,2235,9,0,0,-2,7,2,61,0,5,0
05-26-20,Crockett,19,0,17,0,2,0,22,0,556,6,578,6,0,1,0,4,0,14,0,2,2
05-26-20,Cumberland,117,3,113,3,4,0,149,5,3648,103,3797,108,0,1,3,25,0,91,0,10,1
05-26-20,Davidson,4828,79,4824,78,4,1,5544,92,51523,734,57067,826,2,60,-7,766,84,4002,2,370,67
05-26-20,Decatur,5,0,5,0,0,0,5,0,321,5,326,5,0,0,0,0,0,5,0,0,0
05-26-20,Dekalb,36,1,36,1,0,0,43,1,1215,18,1258,19,0,0,1,5,0,31,0,0,0
05-26-20,Dickson,107,1,107,1,0,0,139,0,2085,15,2224,15,0,0,1,15,0,92,0,13,0
05-26-20,Dyer,52,1,50,1,2,0,62,1,1351,35,1413,36,0,0,1,6,0,46,0,6,0
05-26-20,Fayette,123,10,122,10,1,0,159,11,3135,49,3294,60,0,2,7,28,3,93,0,15,2
05-26-20,Fentress,12,1,12,1,0,0,12,1,660,11,672,12,0,0,1,6,0,6,0,1,0
05-26-20,Franklin,49,0,49,0,0,0,60,0,1918,0,1978,0,0,1,-1,1,1,47,0,5,1
05-26-20,Gibson,64,0,60,0,4,0,71,0,2295,34,2366,34,0,1,-1,0,1,63,0,4,1
05-26-20,Giles,13,0,13,0,0,0,17,0,913,2,930,2,0,0,-1,2,1,11,0,1,0
05-26-20,Grainger,7,0,6,0,1,0,9,0,573,13,582,13,0,0,0,0,0,7,0,2,0
05-26-20,Greene,48,1,47,1,1,0,55,1,2083,38,2138,39,0,2,1,2,0,44,0,8,2
05-26-20,Grundy,29,0,29,0,0,0,36,0,469,2,505,2,0,1,0,3,0,25,0,10,1
05-26-20,Hamblen,36,4,29,3,7,1,35,3,2422,60,2457,63,0,2,3,7,1,27,0,6,2
05-26-20,Hamilton,662,25,660,25,2,0,693,26,11780,85,12473,111,1,15,-7,284,31,363,2,60,16
05-26-20,Hancock,1,0,1,0,0,0,1,0,138,4,139,4,0,0,0,1,0,0,0,0,0
05-26-20,Hardeman,196,4,196,4,0,0,202,4,4979,28,5181,32,0,0,3,7,1,189,1,4,0
05-26-20,Hardin,11,0,11,0,0,0,13,0,1475,22,1488,22,0,2,0,2,0,7,0,2,2
05-26-20,Hawkins,31,0,31,0,0,0,43,0,1432,33,1475,33,0,2,0,0,0,29,0,6,2
05-26-20,Haywood,32,1,31,1,1,0,34,1,804,16,838,17,0,2,1,2,0,28,0,6,2
05-26-20,Henderson,14,2,14,2,0,0,18,2,938,8,956,10,0,0,2,3,0,11,0,0,0
05-26-20,Henry,30,1,30,1,0,0,39,1,1438,24,1477,25,0,0,1,13,0,17,0,5,0
05-26-20,Hickman,52,1,52,1,0,0,72,0,916,1,988,1,0,0,1,2,0,50,0,2,0
05-26-20,Houston,8,0,8,0,0,0,11,0,251,3,262,3,0,0,0,1,0,7,0,5,0
05-26-20,Humphreys,14,0,13,0,1,0,15,0,660,4,675,4,0,1,0,1,0,12,0,1,1
05-26-20,Jackson,22,1,22,1,0,0,25,1,626,8,651,9,0,0,1,11,0,11,0,1,0
05-26-20,Jefferson,31,1,27,0,4,1,28,0,2140,66,2168,66,0,0,1,1,0,30,0,0,0
05-26-20,Johnson,16,0,16,0,0,0,15,0,1909,5,1924,5,0,0,0,2,0,14,0,0,0
05-26-20,Knox,354,9,349,9,5,0,405,10,15928,1178,16333,1188,0,5,7,37,2,312,0,40,5
05-26-20,Lake,412,2,411,2,1,0,415,2,1359,11,1774,13,0,0,2,12,0,400,1,2,0
05-26-20,Lauderdale,57,0,56,0,1,0,75,1,3241,25,3316,26,0,1,0,12,0,44,0,8,1
05-26-20,Lawrence,22,0,22,0,0,0,26,0,1412,7,1438,7,0,0,-1,0,1,22,0,4,0
05-26-20,Lewis,4,0,4,0,0,0,4,0,293,5,297,5,0,0,0,1,0,3,0,0,0
05-26-20,Lincoln,25,0,25,0,0,0,30,0,1263,5,1293,5,0,0,0,6,0,19,0,2,0
05-26-20,Loudon,132,2,124,0,8,2,134,1,1928,92,2062,93,0,0,1,73,1,59,0,8,0
05-26-20,Macon,121,10,121,10,0,0,141,10,1348,22,1489,32,0,3,1,23,9,95,0,12,3
05-26-20,Madison,164,0,164,0,0,0,191,0,4737,37,4928,37,0,2,0,2,0,160,0,19,2
05-26-20,Marion,37,0,36,0,1,0,42,0,748,3,790,3,0,1,0,4,0,32,0,12,2
05-26-20,Marshall,31,0,31,0,0,0,36,0,986,5,1022,5,0,1,0,4,0,26,0,5,1
05-26-20,Maury,79,1,79,1,0,0,89,0,2782,27,2871,27,0,0,-1,11,2,68,0,8,1
05-26-20,McMinn,140,0,140,0,0,0,154,0,2497,21,2651,21,0,14,0,14,0,112,0,18,14
05-26-20,McNairy,12,0,12,0,0,0,18,0,699,12,717,12,0,0,0,0,0,12,0,1,0
05-26-20,Meigs,24,0,24,0,0,0,33,0,482,3,515,3,0,0,0,3,0,21,0,4,0
05-26-20,Monroe,79,4,71,1,8,3,77,1,974,25,1051,26,0,2,3,40,1,37,0,8,3
05-26-20,Montgomery,260,6,258,6,2,0,297,10,7781,179,8078,189,0,3,-1,44,7,213,0,27,4
05-26-20,Moore,3,0,3,0,0,0,4,0,358,0,362,0,0,0,0,0,0,3,0,0,0
05-26-20,Morgan,17,0,17,0,0,0,19,0,3027,11,3046,11,0,0,0,6,0,11,0,0,0
05-26-20,Obion,32,2,31,2,1,0,32,2,1188,32,1220,34,0,1,0,10,2,21,0,1,1
05-26-20,Out of State,235,1,235,1,0,0,255,2,50855,831,51110,833,0,4,-1,24,2,207,0,16,1
05-26-20,Overton,27,3,27,3,0,0,28,4,1283,22,1311,26,0,0,2,8,1,19,0,2,0
05-26-20,Pending,1,0,1,0,0,0,2,0,35433,537,35435,537,0,0,0,-1,0,2,0,0,0
05-26-20,Perry,13,0,13,0,0,0,16,0,147,0,163,0,0,0,0,0,0,13,0,0,0
05-26-20,Pickett,3,0,3,0,0,0,3,0,253,4,256,4,0,0,0,1,0,2,0,0,0
05-26-20,Polk,19,1,19,1,0,0,23,1,477,5,500,6,0,0,1,2,0,17,0,3,0
05-26-20,Putnam,419,36,419,36,0,0,500,36,4641,225,5141,261,0,5,22,177,14,237,1,10,5
05-26-20,Rhea,193,0,193,0,0,0,197,1,1279,6,1476,7,0,0,-1,184,1,9,0,2,0
05-26-20,Roane,22,0,17,0,5,0,23,0,3080,80,3103,80,0,0,-3,3,3,19,0,3,0
05-26-20,Robertson,410,3,409,3,1,0,473,3,3400,61,3873,64,0,1,-16,96,19,313,0,38,8
05-26-20,Rutherford,1109,41,1103,41,6,0,1300,48,10700,113,12000,161,0,22,19,214,22,873,0,84,27
05-26-20,Scott,12,0,11,0,1,0,11,0,639,14,650,14,0,0,0,-1,0,13,0,0,0
05-26-20,Sequatchie,18,2,18,2,0,0,18,2,825,1,843,3,0,0,2,5,0,13,0,2,0
05-26-20,Sevier,81,1,77,1,4,0,90,1,4300,106,4390,107,0,2,1,6,0,73,0,8,2
05-26-20,Shelby,4581,55,4567,55,14,0,5449,63,56898,518,62347,581,2,96,-25,797,78,3688,9,544,127
05-26-20,Smith,29,0,28,0,1,0,33,0,886,9,919,9,0,1,0,2,0,26,0,2,1
05-26-20,Stewart,12,3,12,3,0,0,12,3,367,3,379,6,0,0,3,4,0,8,0,2,0
05-26-20,Sullivan,64,1,61,1,3,0,64,0,3886,111,3950,111,0,2,1,5,0,57,0,7,2
05-26-20,Sumner,868,6,859,6,9,0,1118,7,7138,45,8256,52,0,45,-2,92,8,731,0,203,46
05-26-20,Tipton,433,2,431,2,2,0,455,1,3881,53,4336,54,0,3,-1,34,3,396,2,25,3
05-26-20,Trousdale,1394,0,1391,0,3,0,1416,1,1839,4,3255,5,0,4,0,9,0,1381,0,13,4
05-26-20,Unicoi,3,0,3,0,0,0,3,0,421,3,424,3,0,0,0,0,0,3,0,0,0
05-26-20,Union,4,0,4,0,0,0,4,0,462,5,466,5,0,0,0,0,0,4,0,0,0
05-26-20,Van Buren,4,0,4,0,0,0,4,0,324,5,328,5,0,0,0,0,0,4,0,1,0
05-26-20,Warren,24,1,24,1,0,0,23,1,1660,26,1683,27,0,0,1,8,0,16,0,0,0
05-26-20,Washington,74,0,74,0,0,0,95,0,3045,44,3140,44,0,0,-1,6,1,68,0,6,0
05-26-20,Wayne,62,0,62,0,0,0,63,0,2206,8,2269,8,0,0,-57,1,57,61,0,2,0
05-26-20,Weakley,30,0,30,0,0,0,30,0,1180,15,1210,15,0,0,-1,1,1,29,0,2,0
05-26-20,White,33,2,31,2,2,0,37,2,1312,34,1349,36,0,0,0,11,2,22,0,3,0
05-26-20,Williamson,520,5,520,5,0,0,587,7,8840,109,9427,116,0,10,-3,53,8,457,0,45,11
05-26-20,Wilson,391,8,388,8,3,0,476,18,5619,52,6095,70,0,8,4,54,4,329,0,31,8
05-25-20,Anderson,39,0,38,0,1,0,48,1,4280,30,4328,31,0,1,0,2,0,36,0,4,1
05-25-20,Bedford,271,3,271,3,0,0,304,4,2270,33,2574,37,0,4,-1,21,4,246,1,13,5
05-25-20,Benton,7,0,7,0,0,0,8,0,735,13,743,13,0,1,0,1,0,5,0,2,1
05-25-20,Bledsoe,612,1,612,1,0,0,621,2,3189,11,3810,13,0,1,1,5,0,606,0,5,1
05-25-20,Blount,86,0,82,0,4,0,100,1,3085,76,3185,77,0,3,0,4,0,79,0,6,3
05-25-20,Bradley,98,1,97,1,1,0,109,1,2321,46,2430,47,0,1,0,15,1,82,0,14,1
05-25-20,Campbell,18,0,17,0,1,0,24,0,1352,20,1376,20,0,1,0,0,0,17,0,2,1
05-25-20,Cannon,16,1,16,1,0,0,27,2,494,20,521,22,0,0,1,4,0,12,0,2,0
05-25-20,Carroll,29,0,24,0,5,0,26,0,1333,33,1359,33,0,1,0,1,0,27,0,5,1
05-25-20,Carter,23,0,22,0,1,0,26,1,1291,20,1317,21,0,1,0,1,0,21,0,2,1
05-25-20,Cheatham,121,8,121,8,0,0,143,11,1705,58,1848,69,0,0,1,22,7,99,0,8,0
05-25-20,Chester,14,0,14,0,0,0,15,0,651,16,666,16,0,0,0,3,0,11,0,1,0
05-25-20,Claiborne,8,0,8,0,0,0,9,0,663,22,672,22,0,0,-1,0,1,8,0,0,0
05-25-20,Clay,8,0,8,0,0,0,8,0,489,5,497,5,0,0,0,1,0,7,0,0,0
05-25-20,Cocke,22,0,20,0,2,0,27,0,979,40,1006,40,0,0,0,1,0,21,0,1,0
05-25-20,Coffee,68,1,67,1,1,0,75,1,2151,49,2226,50,0,0,1,9,0,59,0,5,0
05-25-20,Crockett,19,1,17,1,2,0,22,1,550,11,572,12,0,1,1,4,0,14,1,2,2
05-25-20,Cumberland,114,0,110,0,4,0,144,1,3545,50,3689,51,0,1,-3,22,3,91,0,10,1
05-25-20,Davidson,4749,194,4746,194,3,0,5452,221,50789,1569,56241,1790,1,58,93,773,100,3918,5,368,66
05-25-20,Decatur,5,0,5,0,0,0,5,0,316,12,321,12,0,0,0,0,0,5,0,0,0
05-25-20,Dekalb,35,1,35,1,0,0,42,1,1197,20,1239,21,0,0,1,4,0,31,0,0,0
05-25-20,Dickson,106,2,106,2,0,0,139,2,2070,88,2209,90,0,0,1,14,1,92,0,13,0
05-25-20,Dyer,51,0,49,0,2,0,61,0,1316,39,1377,39,0,0,0,5,0,46,0,6,0
05-25-20,Fayette,113,0,112,0,1,0,148,1,3086,106,3234,107,0,2,-1,21,1,90,0,15,2
05-25-20,Fentress,11,1,11,1,0,0,11,1,649,7,660,8,0,0,1,5,0,6,0,1,0
05-25-20,Franklin,49,1,49,1,0,0,60,2,1918,35,1978,37,0,1,-1,2,2,46,0,5,1
05-25-20,Gibson,64,0,60,0,4,0,71,0,2261,41,2332,41,0,1,-1,1,1,62,0,4,1
05-25-20,Giles,13,0,13,0,0,0,17,0,911,23,928,23,0,0,0,3,0,10,0,1,0
05-25-20,Grainger,7,0,6,0,1,0,9,0,560,13,569,13,0,0,0,0,0,7,0,2,0
05-25-20,Greene,47,0,46,0,1,0,54,0,2045,303,2099,303,0,2,0,1,0,44,0,8,2
05-25-20,Grundy,29,0,29,0,0,0,36,0,467,11,503,11,0,1,0,3,0,25,0,10,1
05-25-20,Hamblen,32,0,26,0,6,0,32,0,2362,60,2394,60,0,2,0,4,0,26,0,6,2
05-25-20,Hamilton,637,60,635,60,2,0,667,62,11695,665,12362,727,0,14,39,291,21,332,0,58,16
05-25-20,Hancock,1,0,1,0,0,0,1,0,134,4,135,4,0,0,0,1,0,0,0,0,0
05-25-20,Hardeman,192,0,192,0,0,0,198,0,4951,48,5149,48,0,0,-1,4,1,188,0,3,0
05-25-20,Hardin,11,0,11,0,0,0,13,0,1453,38,1466,38,0,2,0,2,0,7,0,2,2
05-25-20,Hawkins,31,0,31,0,0,0,43,0,1399,42,1442,42,0,2,0,0,0,29,0,6,2
05-25-20,Haywood,31,0,30,0,1,0,33,0,788,24,821,24,0,2,0,1,0,28,0,6,2
05-25-20,Henderson,12,1,12,1,0,0,16,1,930,20,946,21,0,0,1,1,0,11,0,0,0
05-25-20,Henry,29,0,29,0,0,0,38,1,1414,29,1452,30,0,0,-1,12,1,17,0,5,0
05-25-20,Hickman,51,0,51,0,0,0,72,0,915,14,987,14,0,0,-1,1,1,50,0,2,0
05-25-20,Houston,8,0,8,0,0,0,11,1,248,8,259,9,0,0,0,1,0,7,0,5,0
05-25-20,Humphreys,14,0,13,0,1,0,15,0,656,16,671,16,0,1,0,1,0,12,0,1,1
05-25-20,Jackson,21,0,21,0,0,0,24,0,618,11,642,11,0,0,0,10,0,11,0,1,0
05-25-20,Jefferson,30,1,27,1,3,0,28,1,2074,155,2102,156,0,0,1,0,0,30,0,0,0
05-25-20,Johnson,16,0,16,0,0,0,15,0,1904,8,1919,8,0,0,0,2,0,14,0,0,0
05-25-20,Knox,345,9,340,9,5,0,395,11,14750,349,15145,360,0,5,5,30,4,310,1,40,5
05-25-20,Lake,410,2,409,2,1,0,413,4,1348,9,1761,13,0,0,2,10,0,400,0,1,0
05-25-20,Lauderdale,57,0,56,0,1,0,74,3,3216,32,3290,35,0,1,-3,12,3,44,0,8,1
05-25-20,Lawrence,22,0,22,0,0,0,26,0,1405,28,1431,28,0,0,0,1,0,21,0,4,0
05-25-20,Lewis,4,0,4,0,0,0,4,0,288,9,292,9,0,0,0,1,0,3,0,0,0
05-25-20,Lincoln,25,0,25,0,0,0,30,0,1258,21,1288,21,0,0,0,6,0,19,0,2,0
05-25-20,Loudon,130,3,124,2,6,1,133,3,1836,17,1969,20,0,0,-1,72,4,58,0,8,0
05-25-20,Macon,111,8,111,8,0,0,131,8,1326,34,1457,42,0,3,6,22,2,86,0,12,3
05-25-20,Madison,164,1,164,1,0,0,191,2,4700,69,4891,71,0,2,1,2,0,160,0,19,2
05-25-20,Marion,37,1,36,1,1,0,42,1,745,17,787,18,0,1,-1,4,2,32,0,12,2
05-25-20,Marshall,31,0,31,0,0,0,36,1,981,19,1017,20,0,1,0,4,0,26,0,5,1
05-25-20,Maury,78,2,78,2,0,0,89,2,2755,62,2844,64,0,0,0,12,2,66,0,8,1
05-25-20,McMinn,140,0,140,0,0,0,154,2,2476,56,2630,58,1,14,-1,14,0,112,0,18,14
05-25-20,McNairy,12,0,12,0,0,0,18,0,687,10,705,10,0,0,0,0,0,12,0,1,0
05-25-20,Meigs,24,0,24,0,0,0,33,0,479,8,512,8,0,0,0,3,0,21,0,4,0
05-25-20,Monroe,75,3,70,3,5,0,76,3,949,29,1025,32,0,2,2,37,1,36,0,8,3
05-25-20,Montgomery,254,7,252,7,2,0,287,8,7602,229,7889,237,0,3,2,45,5,206,0,27,4
05-25-20,Moore,3,0,3,0,0,0,4,0,358,3,362,3,0,0,0,0,0,3,0,0,0
05-25-20,Morgan,17,0,17,0,0,0,19,0,3016,23,3035,23,0,0,0,6,0,11,0,0,0
05-25-20,Obion,30,2,29,2,1,0,30,2,1156,60,1186,62,0,1,1,10,1,19,0,1,1
05-25-20,Out of State,234,1,234,1,0,0,253,1,50024,961,50277,962,0,4,-8,25,9,205,0,16,1
05-25-20,Overton,24,0,24,0,0,0,24,0,1261,11,1285,11,0,0,-1,6,1,18,0,2,0
05-25-20,Pending,1,0,1,0,0,0,2,0,34896,708,34898,708,0,0,0,-1,0,2,0,0,0
05-25-20,Perry,13,0,13,0,0,0,16,0,147,2,163,2,0,0,0,0,0,13,0,0,0
05-25-20,Pickett,3,0,3,0,0,0,3,0,249,3,252,3,0,0,-1,1,1,2,0,0,0
05-25-20,Polk,18,0,18,0,0,0,22,0,472,11,494,11,0,0,0,1,0,17,0,3,0
05-25-20,Putnam,383,2,383,2,0,0,464,2,4416,27,4880,29,0,5,-19,155,21,223,0,9,5
05-25-20,Rhea,193,1,193,1,0,0,196,0,1273,77,1469,77,0,0,-2,185,3,8,0,2,0
05-25-20,Roane,22,0,17,0,5,0,23,1,3000,34,3023,35,0,0,0,6,0,16,0,3,0
05-25-20,Robertson,407,38,406,38,1,0,470,42,3339,86,3809,128,0,1,28,112,10,294,1,38,8
05-25-20,Rutherford,1068,43,1062,43,6,0,1252,51,10587,288,11839,339,0,22,17,195,26,851,1,84,27
05-25-20,Scott,12,0,11,0,1,0,11,0,625,9,636,9,0,0,0,-1,0,13,0,0,0
05-25-20,Sequatchie,16,0,16,0,0,0,16,1,824,26,840,27,0,0,-1,3,1,13,0,2,0
05-25-20,Sevier,80,2,76,2,4,0,89,2,4194,200,4283,202,0,2,2,5,0,73,0,8,2
05-25-20,Shelby,4526,147,4512,147,14,0,5386,179,56380,2027,61766,2206,0,94,63,822,84,3610,14,535,124
05-25-20,Smith,29,0,28,0,1,0,33,0,877,40,910,40,0,1,-1,2,1,26,0,2,1
05-25-20,Stewart,9,0,9,0,0,0,9,0,364,15,373,15,0,0,-1,1,1,8,0,2,0
05-25-20,Sullivan,63,0,60,0,3,0,64,1,3775,89,3839,90,0,2,0,4,0,57,0,7,2
05-25-20,Sumner,862,22,853,22,9,0,1111,27,7093,126,8204,153,0,45,15,94,7,723,2,203,46
05-25-20,Tipton,431,2,429,2,2,0,454,3,3828,107,4282,110,0,3,-2,35,4,393,0,23,3
05-25-20,Trousdale,1394,1,1391,1,3,0,1415,1,1835,15,3250,16,0,4,-1,9,2,1381,0,13,4
05-25-20,Unicoi,3,0,3,0,0,0,3,0,418,9,421,9,0,0,0,0,0,3,0,0,0
05-25-20,Union,4,0,4,0,0,0,4,0,457,8,461,8,0,0,-1,0,1,4,0,0,0
05-25-20,Van Buren,4,0,4,0,0,0,4,0,319,8,323,8,0,0,-1,0,1,4,0,1,0
05-25-20,Warren,23,1,23,1,0,0,22,1,1634,38,1656,39,0,0,1,7,0,16,0,0,0
05-25-20,Washington,74,2,74,2,0,0,95,1,3001,84,3096,85,0,0,2,7,0,67,0,6,0
05-25-20,Wayne,62,0,62,0,0,0,63,0,2198,11,2261,11,0,0,0,58,0,4,0,2,0
05-25-20,Weakley,30,0,30,0,0,0,30,0,1165,42,1195,42,0,0,0,2,0,28,0,2,0
05-25-20,White,31,1,29,1,2,0,35,1,1278,21,1313,22,0,0,0,11,1,20,0,3,0
05-25-20,Williamson,515,10,515,10,0,0,580,15,8731,165,9311,180,0,10,7,56,3,449,0,45,11
05-25-20,Wilson,383,13,380,13,3,0,458,12,5567,243,6025,255,0,8,11,50,2,325,1,31,8
05-24-20,Anderson,39,0,38,0,1,0,47,0,4250,52,4297,52,0,1,0,2,0,36,0,4,1
05-24-20,Bedford,268,3,268,3,0,0,300,4,2237,38,2537,42,0,4,1,22,2,242,0,12,5
05-24-20,Benton,7,0,7,0,0,0,8,0,722,8,730,8,0,1,0,1,0,5,0,2,1
05-24-20,Bledsoe,611,1,611,1,0,0,619,0,3178,9,3797,9,0,1,0,4,1,606,0,5,1
05-24-20,Blount,86,1,82,1,4,0,99,1,3009,51,3108,52,0,3,0,4,1,79,0,6,3
05-24-20,Bradley,97,5,96,5,1,0,108,10,2275,69,2383,79,0,1,3,15,2,81,0,14,1
05-24-20,Campbell,18,0,17,0,1,0,24,0,1332,21,1356,21,0,1,0,0,0,17,0,2,1
05-24-20,Cannon,15,1,15,1,0,0,25,1,474,12,499,13,0,0,1,3,0,12,0,2,0
05-24-20,Carroll,29,0,24,0,5,0,26,0,1300,98,1326,98,0,1,-2,1,2,27,0,5,1
05-24-20,Carter,23,0,22,0,1,0,25,0,1271,37,1296,37,0,1,0,1,0,21,0,2,1
05-24-20,Cheatham,113,1,113,1,0,0,132,2,1647,36,1779,38,0,0,-1,21,2,92,0,8,0
05-24-20,Chester,14,1,14,1,0,0,15,2,635,84,650,86,0,0,1,3,0,11,0,1,0
05-24-20,Claiborne,8,0,8,0,0,0,9,1,641,13,650,14,0,0,0,1,0,7,0,0,0
05-24-20,Clay,8,1,8,1,0,0,8,1,484,92,492,93,0,0,1,1,0,7,0,0,0
05-24-20,Cocke,22,0,20,0,2,0,27,0,939,24,966,24,0,0,0,1,0,21,0,1,0
05-24-20,Coffee,67,0,66,0,1,0,74,1,2102,54,2176,55,0,0,-1,8,1,59,0,5,0
05-24-20,Crockett,18,1,16,1,2,0,21,1,539,80,560,81,0,1,1,3,0,14,0,1,2
05-24-20,Cumberland,114,2,110,2,4,0,143,2,3495,56,3638,58,0,1,2,25,0,88,0,10,1
05-24-20,Davidson,4555,68,4552,68,3,0,5231,81,49220,1062,54451,1143,3,57,19,680,46,3818,5,363,64
05-24-20,Decatur,5,0,5,0,0,0,5,0,304,6,309,6,0,0,-1,0,1,5,0,0,0
05-24-20,Dekalb,34,0,34,0,0,0,41,1,1177,13,1218,14,0,0,0,3,0,31,0,0,0
05-24-20,Dickson,104,2,104,2,0,0,137,3,1982,34,2119,37,0,0,2,13,0,91,0,13,0
05-24-20,Dyer,51,0,49,0,2,0,61,0,1277,33,1338,33,0,0,0,5,0,46,0,6,0
05-24-20,Fayette,113,3,112,3,1,0,147,3,2980,92,3127,95,0,2,2,22,1,89,0,15,2
05-24-20,Fentress,10,0,10,0,0,0,10,0,642,7,652,7,0,0,0,4,0,6,0,1,0
05-24-20,Franklin,48,1,48,1,0,0,58,2,1883,95,1941,97,0,1,1,3,0,44,0,5,1
05-24-20,Gibson,64,0,60,0,4,0,71,1,2220,79,2291,80,0,1,0,2,0,61,0,4,1
05-24-20,Giles,13,0,13,0,0,0,17,0,888,8,905,8,0,0,0,3,0,10,0,1,0
05-24-20,Grainger,7,0,6,0,1,0,9,0,547,11,556,11,0,0,0,0,0,7,0,2,0
05-24-20,Greene,47,0,46,0,1,0,54,0,1742,39,1796,39,0,2,0,1,0,44,0,8,2
05-24-20,Grundy,29,1,29,1,0,0,36,1,456,14,492,15,0,1,1,3,0,25,0,10,1
05-24-20,Hamblen,32,0,26,0,6,0,32,0,2302,41,2334,41,0,2,-1,4,1,26,0,6,2
05-24-20,Hamilton,577,36,575,36,2,0,605,41,11030,451,11635,492,0,14,21,252,15,311,0,58,16
05-24-20,Hancock,1,0,1,0,0,0,1,0,130,4,131,4,0,0,0,1,0,0,0,0,0
05-24-20,Hardeman,192,0,192,0,0,0,198,2,4903,27,5101,29,0,0,-1,5,1,187,0,3,0
05-24-20,Hardin,11,0,11,0,0,0,13,0,1415,24,1428,24,0,2,0,2,0,7,0,2,2
05-24-20,Hawkins,31,0,31,0,0,0,43,0,1357,32,1400,32,0,2,0,0,0,29,0,6,2
05-24-20,Haywood,31,0,30,0,1,0,33,0,764,19,797,19,0,2,-1,1,1,28,0,6,2
05-24-20,Henderson,11,0,11,0,0,0,15,0,910,11,925,11,0,0,-1,0,1,11,0,0,0
05-24-20,Henry,29,0,29,0,0,0,37,0,1385,144,1422,144,0,0,0,13,0,16,0,5,0
05-24-20,Hickman,51,0,51,0,0,0,72,1,901,16,973,17,0,0,0,2,0,49,0,2,0
05-24-20,Houston,8,0,8,0,0,0,10,0,240,4,250,4,0,0,0,1,0,7,0,5,0
05-24-20,Humphreys,14,1,13,1,1,0,15,1,640,83,655,84,0,1,1,1,0,12,0,1,1
05-24-20,Jackson,21,0,21,0,0,0,24,0,607,10,631,10,0,0,-1,10,1,11,0,1,0
05-24-20,Jefferson,29,0,26,0,3,0,27,0,1919,270,1946,270,0,0,-1,-1,1,30,0,0,0
05-24-20,Johnson,16,0,16,0,0,0,15,0,1896,7,1911,7,0,0,0,2,0,14,0,0,0
05-24-20,Knox,336,2,331,2,5,0,384,3,14401,252,14785,255,0,5,1,25,1,306,0,39,5
05-24-20,Lake,408,0,407,0,1,0,409,0,1339,13,1748,13,0,0,0,8,0,400,0,1,0
05-24-20,Lauderdale,57,4,56,4,1,0,71,2,3184,53,3255,55,0,1,3,15,1,41,0,8,1
05-24-20,Lawrence,22,0,22,0,0,0,26,0,1377,23,1403,23,0,0,0,1,0,21,0,4,0
05-24-20,Lewis,4,0,4,0,0,0,4,0,279,8,283,8,0,0,0,1,0,3,0,0,0
05-24-20,Lincoln,25,0,25,0,0,0,30,0,1237,90,1267,90,0,0,-2,6,2,19,0,2,0
05-24-20,Loudon,127,1,122,1,5,0,130,2,1819,39,1949,41,0,0,-1,73,2,54,0,8,0
05-24-20,Macon,103,1,103,1,0,0,123,1,1292,24,1415,25,0,3,-4,16,5,84,0,12,3
05-24-20,Madison,163,0,163,0,0,0,189,4,4631,91,4820,95,0,2,-1,1,1,160,0,19,2
05-24-20,Marion,36,0,35,0,1,0,41,0,728,18,769,18,0,1,0,5,0,30,0,12,2
05-24-20,Marshall,31,2,31,2,0,0,35,2,962,20,997,22,0,1,0,4,2,26,0,5,1
05-24-20,Maury,76,0,76,0,0,0,87,0,2693,46,2780,46,0,0,-3,12,3,64,0,8,1
05-24-20,McMinn,140,1,140,1,0,0,152,2,2420,65,2572,67,0,13,1,15,0,112,0,18,14
05-24-20,McNairy,12,0,12,0,0,0,18,0,677,10,695,10,0,0,0,0,0,12,0,1,0
05-24-20,Meigs,24,0,24,0,0,0,33,1,471,45,504,46,0,0,0,3,0,21,0,4,0
05-24-20,Monroe,72,0,67,0,5,0,73,0,920,34,993,34,0,2,-1,35,1,35,0,8,3
05-24-20,Montgomery,247,7,245,7,2,0,279,5,7373,432,7652,437,0,3,3,43,4,201,0,27,4
05-24-20,Moore,3,0,3,0,0,0,4,0,355,6,359,6,0,0,0,0,0,3,0,0,0
05-24-20,Morgan,17,0,17,0,0,0,19,0,2993,7,3012,7,0,0,0,6,0,11,0,0,0
05-24-20,Obion,28,1,27,1,1,0,28,1,1096,164,1124,165,0,1,0,9,1,18,0,1,1
05-24-20,Out of State,233,2,233,2,0,0,252,1,49063,1813,49315,1814,0,4,1,33,1,196,0,16,1
05-24-20,Overton,24,1,24,1,0,0,24,1,1250,33,1274,34,0,0,0,7,1,17,0,2,0
05-24-20,Pending,1,0,1,0,0,0,2,1,34188,708,34190,709,0,0,0,-1,0,2,0,0,0
05-24-20,Perry,13,0,13,0,0,0,16,0,145,4,161,4,0,0,0,0,0,13,0,0,0
05-24-20,Pickett,3,0,3,0,0,0,3,0,246,6,249,6,0,0,0,2,0,1,0,0,0
05-24-20,Polk,18,0,18,0,0,0,22,0,461,18,483,18,0,0,0,1,0,17,0,3,0
05-24-20,Putnam,381,10,381,10,0,0,462,10,4389,92,4851,102,0,5,-3,174,13,202,0,9,5
05-24-20,Rhea,192,2,192,2,0,0,196,2,1196,80,1392,82,0,0,2,187,0,5,0,2,0
05-24-20,Roane,22,1,17,1,5,0,22,1,2966,43,2988,44,0,0,0,6,1,16,0,3,0
05-24-20,Robertson,369,6,368,6,1,0,428,8,3253,38,3681,46,1,1,-1,84,6,284,2,37,7
05-24-20,Rutherford,1025,19,1019,19,6,0,1201,29,10299,223,11500,252,0,22,8,178,11,825,1,83,26
05-24-20,Scott,12,0,11,0,1,0,11,0,616,13,627,13,0,0,0,-1,0,13,0,0,0
05-24-20,Sequatchie,16,2,16,2,0,0,15,2,798,16,813,18,0,0,2,4,0,12,0,2,0
05-24-20,Sevier,78,0,74,0,4,0,87,0,3994,66,4081,66,0,2,0,3,0,73,0,8,2
05-24-20,Shelby,4379,103,4365,103,14,0,5207,129,54353,2434,59560,2563,2,94,57,759,44,3526,6,521,122
05-24-20,Smith,29,0,28,0,1,0,33,0,837,13,870,13,0,1,0,3,0,25,0,2,1
05-24-20,Stewart,9,0,9,0,0,0,9,0,349,16,358,16,0,0,0,2,0,7,0,2,0
05-24-20,Sullivan,63,0,60,0,3,0,63,0,3686,101,3749,101,0,2,0,4,0,57,0,7,2
05-24-20,Sumner,840,6,831,6,9,0,1084,9,6967,94,8051,103,0,45,-3,79,9,716,0,201,46
05-24-20,Tipton,429,5,427,5,2,0,451,5,3721,126,4172,131,1,3,0,37,4,389,1,23,3
05-24-20,Trousdale,1393,3,1390,3,3,0,1414,8,1820,16,3234,24,0,4,3,10,0,1379,0,13,4
05-24-20,Unicoi,3,0,3,0,0,0,3,0,409,8,412,8,0,0,0,0,0,3,0,0,0
05-24-20,Union,4,0,4,0,0,0,4,0,449,5,453,5,0,0,0,1,0,3,0,0,0
05-24-20,Van Buren,4,0,4,0,0,0,4,0,311,2,315,2,0,0,0,1,0,3,0,1,0
05-24-20,Warren,22,1,22,1,0,0,21,1,1596,18,1617,19,0,0,1,6,0,16,0,0,0
05-24-20,Washington,72,0,72,0,0,0,94,5,2917,86,3011,91,0,0,0,5,0,67,0,6,0
05-24-20,Wayne,62,0,62,0,0,0,63,0,2187,4,2250,4,0,0,0,58,0,4,0,2,0
05-24-20,Weakley,30,0,30,0,0,0,30,0,1123,153,1153,153,0,0,-1,2,1,28,0,2,0
05-24-20,White,30,2,28,2,2,0,34,3,1257,25,1291,28,0,0,2,11,0,19,0,3,0
05-24-20,Williamson,505,10,505,10,0,0,565,11,8566,186,9131,197,0,10,7,49,3,446,2,45,11
05-24-20,Wilson,370,10,367,10,3,0,446,11,5324,194,5770,205,0,8,3,39,7,323,0,30,8
05-23-20,Anderson,39,0,38,0,1,0,47,1,4198,166,4245,167,0,1,0,2,0,36,0,4,1
05-23-20,Bedford,265,0,265,0,0,0,296,4,2199,21,2495,25,0,4,-1,21,1,240,0,12,5
05-23-20,Benton,7,0,7,0,0,0,8,0,714,15,722,15,0,1,0,1,0,5,0,2,1
05-23-20,Bledsoe,610,0,610,0,0,0,619,0,3169,16,3788,16,0,1,0,4,0,605,0,5,1
05-23-20,Blount,85,0,81,0,4,0,98,2,2958,110,3056,112,0,3,-1,4,1,78,0,6,3
05-23-20,Bradley,92,2,91,2,1,0,98,2,2206,40,2304,42,0,1,2,12,0,79,0,14,1
05-23-20,Campbell,18,0,17,0,1,0,24,0,1311,20,1335,20,0,1,0,0,0,17,0,2,1
05-23-20,Cannon,14,0,14,0,0,0,24,0,462,9,486,9,0,0,0,2,0,12,0,2,0
05-23-20,Carroll,29,0,24,0,5,0,26,1,1202,32,1228,33,0,1,-1,3,1,25,0,5,1
05-23-20,Carter,23,0,22,0,1,0,25,0,1234,20,1259,20,0,1,0,1,0,21,0,2,1
05-23-20,Cheatham,112,3,112,3,0,0,130,3,1611,41,1741,44,0,0,2,22,1,90,0,8,0
05-23-20,Chester,13,0,13,0,0,0,13,0,551,11,564,11,0,0,0,2,0,11,0,1,0
05-23-20,Claiborne,8,0,8,0,0,0,8,0,628,30,636,30,0,0,0,1,0,7,0,0,0
05-23-20,Clay,7,0,7,0,0,0,7,0,392,7,399,7,0,0,0,0,0,7,0,0,0
05-23-20,Cocke,22,0,20,0,2,0,27,0,915,18,942,18,0,0,-1,1,1,21,0,1,0
05-23-20,Coffee,67,0,66,0,1,0,73,1,2048,65,2121,66,0,0,-1,9,1,58,0,5,0
05-23-20,Crockett,17,0,15,0,2,0,20,1,459,8,479,9,0,1,0,2,0,14,0,1,2
05-23-20,Cumberland,112,14,108,11,4,3,141,13,3439,108,3580,121,0,1,13,23,1,88,1,10,1
05-23-20,Davidson,4487,74,4484,74,3,0,5150,97,48158,1263,53308,1360,6,54,23,661,45,3772,4,358,61
05-23-20,Decatur,5,0,5,0,0,0,5,0,298,2,303,2,0,0,0,1,0,4,0,0,0
05-23-20,Dekalb,34,2,34,2,0,0,40,2,1164,28,1204,30,0,0,2,3,0,31,0,0,0
05-23-20,Dickson,102,0,102,0,0,0,134,1,1948,80,2082,81,0,0,-1,11,1,91,0,13,0
05-23-20,Dyer,51,0,49,0,2,0,61,1,1244,16,1305,17,0,0,0,5,0,46,0,6,0
05-23-20,Fayette,110,3,109,3,1,0,144,5,2888,79,3032,84,0,2,2,20,1,88,0,15,2
05-23-20,Fentress,10,1,10,1,0,0,10,1,635,18,645,19,0,0,1,4,0,6,0,1,0
05-23-20,Franklin,47,0,47,0,0,0,56,0,1788,36,1844,36,0,1,-2,2,2,44,0,5,1
05-23-20,Gibson,64,1,60,1,4,0,70,0,2141,39,2211,39,0,1,1,2,0,61,0,4,1
05-23-20,Giles,13,0,13,0,0,0,17,0,880,25,897,25,0,0,0,3,0,10,0,1,0
05-23-20,Grainger,7,0,6,0,1,0,9,1,536,16,545,17,0,0,0,0,0,7,0,2,0
05-23-20,Greene,47,0,46,0,1,0,54,1,1703,54,1757,55,0,2,0,1,0,44,0,8,2
05-23-20,Grundy,28,0,28,0,0,0,35,0,442,7,477,7,0,1,0,2,0,25,0,10,1
05-23-20,Hamblen,32,0,26,0,6,0,32,0,2261,52,2293,52,0,2,-1,5,1,25,0,6,2
05-23-20,Hamilton,541,29,539,29,2,0,564,43,10579,524,11143,567,1,14,17,231,11,296,0,58,15
05-23-20,Hancock,1,0,1,0,0,0,1,0,126,3,127,3,0,0,0,1,0,0,0,0,0
05-23-20,Hardeman,192,1,192,1,0,0,196,1,4876,30,5072,31,0,0,1,6,0,186,0,3,0
05-23-20,Hardin,11,0,11,0,0,0,13,0,1391,10,1404,10,0,2,0,2,0,7,0,2,2
05-23-20,Hawkins,31,0,31,0,0,0,43,0,1325,29,1368,29,0,2,0,0,0,29,0,6,2
05-23-20,Haywood,31,0,30,0,1,0,33,0,745,22,778,22,1,2,-1,2,0,27,0,6,2
05-23-20,Henderson,11,0,11,0,0,0,15,0,899,6,914,6,0,0,0,1,0,10,0,0,0
05-23-20,Henry,29,0,29,0,0,0,37,0,1241,14,1278,14,0,0,0,13,0,16,0,5,0
05-23-20,Hickman,51,0,51,0,0,0,71,0,885,9,956,9,0,0,0,2,0,49,0,2,0
05-23-20,Houston,8,0,8,0,0,0,10,0,236,6,246,6,0,0,0,1,0,7,0,5,0
05-23-20,Humphreys,13,0,12,0,1,0,14,0,557,11,571,11,0,1,0,0,0,12,0,1,1
05-23-20,Jackson,21,3,21,3,0,0,24,3,597,16,621,19,0,0,3,11,0,10,0,1,0
05-23-20,Jefferson,29,0,26,0,3,0,27,0,1649,47,1676,47,0,0,0,0,0,29,0,0,0
05-23-20,Johnson,16,0,16,0,0,0,15,0,1889,6,1904,6,0,0,0,2,0,14,0,0,0
05-23-20,Knox,334,7,329,7,5,0,381,10,14149,383,14530,393,0,5,5,24,2,305,2,39,5
05-23-20,Lake,408,1,407,1,1,0,409,2,1326,8,1735,10,0,0,1,8,0,400,0,1,0
05-23-20,Lauderdale,53,0,52,0,1,0,69,0,3131,29,3200,29,0,1,-1,12,1,40,0,8,1
05-23-20,Lawrence,22,1,22,1,0,0,26,2,1354,28,1380,30,0,0,0,1,1,21,0,4,0
05-23-20,Lewis,4,0,4,0,0,0,4,0,271,9,275,9,0,0,0,1,0,3,0,0,0
05-23-20,Lincoln,25,0,25,0,0,0,30,4,1147,38,1177,42,0,0,0,8,0,17,0,2,0
05-23-20,Loudon,126,3,121,2,5,1,128,4,1780,47,1908,51,0,0,2,74,1,52,1,8,0
05-23-20,Macon,102,2,102,2,0,0,122,2,1268,13,1390,15,0,3,1,20,1,79,0,12,3
05-23-20,Madison,163,1,163,1,0,0,185,3,4540,70,4725,73,0,2,0,2,1,159,0,19,2
05-23-20,Marion,36,0,35,0,1,0,41,0,710,15,751,15,0,1,0,5,0,30,0,12,2
05-23-20,Marshall,29,0,29,0,0,0,33,2,942,22,975,24,0,1,0,4,0,24,0,5,1
05-23-20,Maury,76,0,76,0,0,0,87,1,2647,54,2734,55,0,0,-1,15,1,61,0,8,1
05-23-20,McMinn,139,9,139,9,0,0,150,9,2355,50,2505,59,1,13,7,14,1,112,1,18,14
05-23-20,McNairy,12,0,12,0,0,0,18,0,667,16,685,16,0,0,0,0,0,12,0,1,0
05-23-20,Meigs,24,0,24,0,0,0,32,1,426,5,458,6,0,0,0,3,0,21,0,4,0
05-23-20,Monroe,72,0,67,0,5,0,73,0,886,22,959,22,0,2,-3,36,3,34,0,8,3
05-23-20,Montgomery,240,15,238,15,2,0,274,17,6941,509,7215,526,0,3,14,40,1,197,0,27,4
05-23-20,Moore,3,0,3,0,0,0,4,0,349,6,353,6,0,0,0,0,0,3,0,0,0
05-23-20,Morgan,17,0,17,0,0,0,19,0,2986,26,3005,26,0,0,0,6,0,11,0,0,0
05-23-20,Obion,27,0,26,0,1,0,27,1,932,48,959,49,0,1,0,9,0,17,0,1,1
05-23-20,Out of State,231,1,231,1,0,0,251,1,47250,1326,47501,1327,0,4,0,32,1,195,0,16,1
05-23-20,Overton,23,0,23,0,0,0,23,0,1217,30,1240,30,0,0,0,7,0,16,0,2,0
05-23-20,Pending,1,0,1,0,0,0,1,0,33480,847,33481,847,0,0,0,-1,0,2,0,0,0
05-23-20,Perry,13,0,13,0,0,0,16,0,141,1,157,1,0,0,0,0,0,13,0,0,0
05-23-20,Pickett,3,1,3,1,0,0,3,1,240,7,243,8,0,0,1,2,0,1,0,0,0
05-23-20,Polk,18,0,18,0,0,0,22,0,443,6,465,6,0,0,0,1,0,17,0,3,0
05-23-20,Putnam,371,23,371,23,0,0,452,24,4297,158,4749,182,0,5,17,177,6,189,0,9,5
05-23-20,Rhea,190,1,190,1,0,0,194,1,1116,40,1310,41,0,0,1,185,0,5,1,2,0
05-23-20,Roane,21,0,16,0,5,0,21,0,2923,90,2944,90,0,0,0,6,0,15,0,3,0
05-23-20,Robertson,363,25,362,25,1,0,420,28,3215,326,3635,354,0,0,20,85,5,278,2,35,6
05-23-20,Rutherford,1006,32,1000,32,6,0,1172,35,10076,296,11248,331,2,22,15,170,15,814,1,82,25
05-23-20,Scott,12,0,11,0,1,0,11,0,603,12,614,12,0,0,0,-1,0,13,0,0,0
05-23-20,Sequatchie,14,1,14,1,0,0,13,1,782,11,795,12,0,0,1,2,0,12,0,2,0
05-23-20,Sevier,78,0,74,0,4,0,87,1,3928,106,4015,107,0,2,-1,3,1,73,0,8,2
05-23-20,Shelby,4276,128,4262,127,14,1,5078,173,51919,1866,56997,2039,0,92,88,702,40,3482,5,515,118
05-23-20,Smith,29,0,28,0,1,0,33,0,824,19,857,19,0,1,0,3,0,25,0,2,1
05-23-20,Stewart,9,1,9,1,0,0,9,1,333,21,342,22,0,0,1,2,0,7,1,2,0
05-23-20,Sullivan,63,0,60,0,3,0,63,1,3585,186,3648,187,0,2,0,4,0,57,0,7,2
05-23-20,Sumner,834,12,825,12,9,0,1075,19,6873,135,7948,154,3,45,8,82,1,707,0,201,46
05-23-20,Tipton,424,1,422,1,2,0,446,6,3595,89,4041,95,0,2,0,37,1,385,0,22,3
05-23-20,Trousdale,1390,0,1387,0,3,0,1406,0,1804,13,3210,13,0,4,0,7,0,1379,0,13,4
05-23-20,Unicoi,3,0,3,0,0,0,3,0,401,4,404,4,0,0,0,0,0,3,0,0,0
05-23-20,Union,4,0,4,0,0,0,4,0,444,9,448,9,0,0,0,1,0,3,0,0,0
05-23-20,Van Buren,4,0,4,0,0,0,4,0,309,3,313,3,0,0,0,1,0,3,0,1,0
05-23-20,Warren,21,3,21,3,0,0,20,2,1578,35,1598,37,0,0,3,5,0,16,0,0,0
05-23-20,Washington,72,1,72,1,0,0,89,0,2831,41,2920,41,0,0,-3,5,4,67,0,6,0
05-23-20,Wayne,62,0,62,0,0,0,63,0,2183,2,2246,2,0,0,0,58,0,4,0,2,0
05-23-20,Weakley,30,0,30,0,0,0,30,0,970,34,1000,34,0,0,-1,3,1,27,0,2,0
05-23-20,White,28,2,26,2,2,0,31,2,1232,20,1263,22,0,0,2,9,0,19,0,3,0
05-23-20,Williamson,495,8,495,8,0,0,554,15,8380,210,8934,225,0,10,4,42,4,443,0,43,11
05-23-20,Wilson,360,9,357,9,3,0,435,6,5130,240,5565,246,0,8,3,36,6,316,1,30,8
05-22-20,Anderson,39,1,38,1,1,0,46,1,4032,25,4078,26,0,1,-1,2,2,36,1,4,1
05-22-20,Bedford,265,1,265,1,0,0,292,5,2178,60,2470,65,0,4,-2,22,3,239,0,12,5
05-22-20,Benton,7,0,7,0,0,0,8,0,699,8,707,8,0,1,0,1,0,5,0,2,1
05-22-20,Bledsoe,610,0,610,0,0,0,619,0,3153,15,3772,15,0,1,0,4,0,605,0,5,1
05-22-20,Blount,85,3,81,3,4,0,96,2,2848,17,2944,19,0,3,1,5,2,77,0,6,3
05-22-20,Bradley,90,3,89,2,1,1,96,1,2166,54,2262,55,0,1,-2,10,5,79,0,14,1
05-22-20,Campbell,18,0,17,0,1,0,24,0,1291,15,1315,15,0,1,0,0,0,17,0,2,1
05-22-20,Cannon,14,0,14,0,0,0,24,0,453,4,477,4,0,0,0,2,0,12,0,2,0
05-22-20,Carroll,29,1,24,1,5,0,25,1,1170,56,1195,57,0,1,0,4,1,24,0,5,1
05-22-20,Carter,23,0,22,0,1,0,25,1,1214,22,1239,23,0,1,0,1,0,21,0,2,1
05-22-20,Cheatham,109,3,109,3,0,0,127,7,1570,29,1697,36,0,0,-3,20,6,89,0,8,0
05-22-20,Chester,13,2,13,2,0,0,13,0,540,7,553,7,0,0,2,2,0,11,0,1,0
05-22-20,Claiborne,8,0,8,0,0,0,8,0,598,13,606,13,0,0,0,1,0,7,0,0,0
05-22-20,Clay,7,0,7,0,0,0,7,0,385,6,392,6,0,0,0,0,0,7,0,0,0
05-22-20,Cocke,22,0,20,0,2,0,27,0,897,13,924,13,0,0,0,2,0,20,0,1,0
05-22-20,Coffee,67,1,66,1,1,0,72,3,1983,82,2055,85,0,0,-2,10,3,57,0,5,0
05-22-20,Crockett,17,0,15,0,2,0,19,0,451,11,470,11,0,1,0,2,0,14,0,1,2
05-22-20,Cumberland,98,1,97,1,1,0,128,1,3331,7,3459,8,0,1,0,10,1,87,0,9,1
05-22-20,Davidson,4413,79,4410,79,3,0,5053,101,46895,1084,51948,1185,0,48,8,638,71,3727,3,354,60
05-22-20,Decatur,5,0,5,0,0,0,5,0,296,6,301,6,0,0,0,1,0,4,0,0,0
05-22-20,Dekalb,32,0,32,0,0,0,38,0,1136,7,1174,7,0,0,-1,1,1,31,0,0,0
05-22-20,Dickson,102,2,102,2,0,0,133,2,1868,27,2001,29,0,0,1,12,1,90,0,13,0
05-22-20,Dyer,51,3,49,2,2,1,60,2,1228,20,1288,22,0,0,3,5,0,46,0,6,0
05-22-20,Fayette,107,3,106,3,1,0,139,2,2809,207,2948,209,0,2,2,18,1,87,0,15,2
05-22-20,Fentress,9,0,9,0,0,0,9,0,617,8,626,8,0,0,0,3,0,6,0,1,0
05-22-20,Franklin,47,1,47,1,0,0,56,0,1752,40,1808,40,0,1,0,4,1,42,0,5,1
05-22-20,Gibson,63,2,59,2,4,0,70,0,2102,22,2172,22,0,1,1,1,1,61,0,4,1
05-22-20,Giles,13,0,13,0,0,0,17,0,855,16,872,16,0,0,0,3,0,10,0,1,0
05-22-20,Grainger,7,0,6,0,1,0,8,0,520,7,528,7,0,0,0,0,0,7,0,2,0
05-22-20,Greene,47,0,46,0,1,0,53,1,1649,38,1702,39,0,2,0,1,0,44,0,8,2
05-22-20,Grundy,28,0,28,0,0,0,35,0,435,5,470,5,0,1,0,2,0,25,0,10,1
05-22-20,Hamblen,32,1,26,1,6,0,32,1,2209,20,2241,21,0,2,1,6,0,24,1,6,2
05-22-20,Hamilton,512,49,510,49,2,0,521,35,10055,434,10576,469,0,13,34,214,15,285,1,58,15
05-22-20,Hancock,1,0,1,0,0,0,1,0,123,10,124,10,0,0,0,1,0,0,0,0,0
05-22-20,Hardeman,191,1,191,1,0,0,195,0,4846,19,5041,19,0,0,1,5,0,186,0,3,0
05-22-20,Hardin,11,1,11,1,0,0,13,1,1381,14,1394,15,0,2,1,2,0,7,0,2,2
05-22-20,Hawkins,31,0,31,0,0,0,43,0,1296,14,1339,14,0,2,0,0,0,29,0,6,2
05-22-20,Haywood,31,1,30,1,1,0,33,0,723,22,756,22,0,1,1,3,0,27,0,6,2
05-22-20,Henderson,11,0,11,0,0,0,15,0,893,15,908,15,0,0,0,1,0,10,0,0,0
05-22-20,Henry,29,1,29,1,0,0,37,3,1227,38,1264,41,0,0,1,13,0,16,0,5,0
05-22-20,Hickman,51,1,51,1,0,0,71,0,876,13,947,13,0,0,1,2,0,49,0,2,0
05-22-20,Houston,8,0,8,0,0,0,10,0,230,3,240,3,0,0,0,1,0,7,0,5,0
05-22-20,Humphreys,13,0,12,0,1,0,14,0,546,6,560,6,0,1,0,0,0,12,0,1,1
05-22-20,Jackson,18,2,18,2,0,0,21,2,581,3,602,5,0,0,2,8,0,10,0,1,0
05-22-20,Jefferson,29,0,26,0,3,0,27,0,1602,21,1629,21,0,0,-1,0,1,29,0,0,0
05-22-20,Johnson,16,0,16,0,0,0,15,0,1883,5,1898,5,0,0,-3,2,3,14,0,0,0
05-22-20,Knox,327,1,322,1,5,0,371,1,13766,234,14137,235,0,5,-15,19,16,303,0,37,5
05-22-20,Lake,407,4,406,4,1,0,407,4,1318,13,1725,17,0,0,2,7,2,400,0,1,0
05-22-20,Lauderdale,53,0,52,0,1,0,69,0,3102,17,3171,17,0,1,0,13,0,39,0,8,1
05-22-20,Lawrence,21,0,21,0,0,0,24,1,1326,31,1350,32,0,0,0,1,0,20,0,4,0
05-22-20,Lewis,4,0,4,0,0,0,4,0,262,9,266,9,0,0,0,1,0,3,0,0,0
05-22-20,Lincoln,25,0,25,0,0,0,26,2,1109,16,1135,18,0,0,0,8,0,17,0,2,0
05-22-20,Loudon,123,14,119,14,4,0,124,19,1733,150,1857,169,0,0,12,72,2,51,0,7,0
05-22-20,Macon,100,2,100,2,0,0,120,2,1255,13,1375,15,0,3,-3,19,5,78,0,12,3
05-22-20,Madison,162,3,162,3,0,0,182,1,4470,30,4652,31,0,2,0,2,3,158,0,19,2
05-22-20,Marion,36,0,35,0,1,0,41,0,695,15,736,15,0,1,0,5,0,30,0,12,2
05-22-20,Marshall,29,0,29,0,0,0,31,1,920,22,951,23,0,1,-1,4,1,24,0,5,1
05-22-20,Maury,76,1,76,1,0,0,86,2,2593,74,2679,76,0,0,1,16,0,60,0,8,1
05-22-20,McMinn,130,0,130,0,0,0,141,0,2305,27,2446,27,0,12,0,7,0,111,0,17,13
05-22-20,McNairy,12,0,12,0,0,0,18,0,651,6,669,6,0,0,0,0,0,12,0,1,0
05-22-20,Meigs,24,3,24,3,0,0,31,3,421,16,452,19,0,0,2,3,1,21,1,4,0
05-22-20,Monroe,72,5,67,3,5,2,73,5,864,29,937,34,0,2,5,39,0,31,0,8,3
05-22-20,Montgomery,225,3,223,3,2,0,257,4,6432,67,6689,71,1,3,-1,26,3,196,1,27,4
05-22-20,Moore,3,0,3,0,0,0,4,0,343,3,347,3,0,0,0,0,0,3,0,0,0
05-22-20,Morgan,17,0,17,0,0,0,19,0,2960,7,2979,7,0,0,0,6,0,11,0,0,0
05-22-20,Obion,27,4,26,4,1,0,26,2,884,39,910,41,0,1,4,9,0,17,0,1,1
05-22-20,Out of State,230,3,230,3,0,0,250,3,45924,942,46174,945,0,4,0,32,3,194,0,16,1
05-22-20,Overton,23,1,23,1,0,0,23,0,1187,7,1210,7,0,0,1,7,0,16,0,2,0
05-22-20,Pending,1,1,1,1,0,0,1,0,32633,468,32634,468,0,0,1,-1,0,2,0,0,0
05-22-20,Perry,13,0,13,0,0,0,16,0,140,3,156,3,0,0,0,0,0,13,0,0,0
05-22-20,Pickett,2,0,2,0,0,0,2,0,233,2,235,2,0,0,0,1,0,1,0,0,0
05-22-20,Polk,18,1,18,1,0,0,22,0,437,1,459,1,0,0,0,1,1,17,0,3,0
05-22-20,Putnam,348,10,348,10,0,0,428,12,4139,67,4567,79,0,5,6,160,4,183,1,9,5
05-22-20,Rhea,189,1,189,1,0,0,193,2,1076,37,1269,39,0,0,1,184,0,5,0,1,0
05-22-20,Roane,21,3,16,3,5,0,21,2,2833,22,2854,24,0,0,3,6,0,15,1,3,0
05-22-20,Robertson,338,22,337,22,1,0,392,22,2889,106,3281,128,0,0,12,65,10,273,1,33,5
05-22-20,Rutherford,974,22,968,22,6,0,1137,27,9780,160,10917,187,0,20,1,155,21,799,0,81,25
05-22-20,Scott,12,0,11,0,1,0,11,0,591,4,602,4,0,0,0,-1,0,13,0,0,0
05-22-20,Sequatchie,13,0,13,0,0,0,12,0,771,12,783,12,0,0,0,1,0,12,0,2,0
05-22-20,Sevier,78,1,74,1,4,0,86,1,3822,54,3908,55,0,2,-2,4,3,72,0,8,2
05-22-20,Shelby,4148,89,4135,89,13,0,4905,99,50053,2228,54958,2327,1,92,17,614,71,3442,17,510,116
05-22-20,Smith,29,0,28,0,1,0,33,0,805,22,838,22,0,1,0,3,0,25,0,2,1
05-22-20,Stewart,8,0,8,0,0,0,8,0,312,6,320,6,0,0,0,1,0,7,0,1,0
05-22-20,Sullivan,63,0,60,0,3,0,62,0,3399,41,3461,41,0,2,0,4,0,57,0,7,2
05-22-20,Sumner,822,9,813,9,9,0,1056,15,6738,246,7794,261,0,42,2,74,7,706,0,201,45
05-22-20,Tipton,423,8,421,8,2,0,440,13,3506,121,3946,134,0,2,7,37,1,384,0,22,3
05-22-20,Trousdale,1390,0,1387,0,3,0,1406,4,1791,19,3197,23,0,4,-17,7,17,1379,0,13,4
05-22-20,Unicoi,3,0,3,0,0,0,3,0,397,3,400,3,0,0,0,0,0,3,0,0,0
05-22-20,Union,4,0,4,0,0,0,4,0,435,10,439,10,0,0,0,1,0,3,0,0,0
05-22-20,Van Buren,4,0,4,0,0,0,4,0,306,3,310,3,0,0,-1,1,1,3,0,1,0
05-22-20,Warren,18,1,18,1,0,0,18,1,1543,9,1561,10,0,0,-1,2,2,16,0,0,0
05-22-20,Washington,71,4,71,4,0,0,89,1,2790,64,2879,65,0,0,4,8,0,63,0,6,0
05-22-20,Wayne,62,0,62,0,0,0,63,0,2181,9,2244,9,0,0,0,58,0,4,0,2,0
05-22-20,Weakley,30,0,30,0,0,0,30,0,936,28,966,28,0,0,0,4,0,26,0,2,0
05-22-20,White,26,0,24,0,2,0,29,0,1212,6,1241,6,0,0,0,7,0,19,0,3,0
05-22-20,Williamson,487,5,487,5,0,0,539,5,8170,135,8709,140,0,10,1,38,4,439,0,43,11
05-22-20,Wilson,351,1,348,1,3,0,429,1,4890,163,5319,164,0,8,-2,33,3,310,0,29,8
05-21-20,Anderson,38,0,37,0,1,0,45,1,4007,90,4052,91,0,1,-1,3,1,34,0,3,1
05-21-20,Bedford,264,3,264,3,0,0,287,4,2118,70,2405,74,0,4,-1,24,4,236,1,12,5
05-21-20,Benton,7,0,7,0,0,0,8,0,691,3,699,3,0,1,0,1,0,5,0,2,1
05-21-20,Bledsoe,610,0,610,0,0,0,619,1,3138,14,3757,15,0,1,0,4,0,605,0,5,1
05-21-20,Blount,82,1,78,1,4,0,94,0,2831,94,2925,94,0,3,0,4,1,75,1,6,3
05-21-20,Bradley,87,3,87,3,0,0,95,5,2112,75,2207,80,0,1,3,12,0,74,0,14,1
05-21-20,Campbell,18,0,17,0,1,0,24,0,1276,35,1300,35,0,1,0,0,0,17,0,2,1
05-21-20,Cannon,14,0,14,0,0,0,24,0,449,3,473,3,0,0,0,2,0,12,0,2,0
05-21-20,Carroll,28,0,23,0,5,0,24,0,1114,7,1138,7,0,1,0,4,0,23,0,5,1
05-21-20,Carter,23,0,22,0,1,0,24,0,1192,27,1216,27,0,1,0,1,0,21,0,2,1
05-21-20,Cheatham,106,1,106,1,0,0,120,1,1541,5,1661,6,0,0,1,23,0,83,0,8,0
05-21-20,Chester,11,0,11,0,0,0,13,0,533,1,546,1,0,0,0,0,0,11,0,1,0
05-21-20,Claiborne,8,0,8,0,0,0,8,0,585,13,593,13,0,0,0,1,0,7,0,0,0
05-21-20,Clay,7,0,7,0,0,0,7,0,379,2,386,2,0,0,0,0,0,7,0,0,0
05-21-20,Cocke,22,0,20,0,2,0,27,0,884,37,911,37,0,0,0,2,0,20,0,1,0
05-21-20,Coffee,66,0,65,0,1,0,69,2,1901,58,1970,60,0,0,-4,12,4,54,0,5,0
05-21-20,Crockett,17,0,15,0,2,0,19,0,440,12,459,12,0,1,-3,2,3,14,0,1,2
05-21-20,Cumberland,97,1,96,1,1,0,127,0,3324,96,3451,96,0,1,0,10,1,86,0,9,1
05-21-20,Davidson,4334,46,4331,46,3,0,4952,47,45811,364,50763,411,0,48,-23,630,69,3656,1,351,59
05-21-20,Decatur,5,0,5,0,0,0,5,0,290,4,295,4,0,0,0,1,0,4,0,0,0
05-21-20,Dekalb,32,0,32,0,0,0,38,0,1129,3,1167,3,0,0,-1,2,1,30,0,0,0
05-21-20,Dickson,100,2,100,2,0,0,131,3,1841,37,1972,40,0,0,2,11,0,89,0,13,0
05-21-20,Dyer,48,1,47,1,1,0,58,1,1208,5,1266,6,0,0,0,2,1,46,0,6,0
05-21-20,Fayette,104,1,103,1,1,0,137,0,2602,32,2739,32,0,2,-4,16,5,86,0,15,2
05-21-20,Fentress,9,0,9,0,0,0,9,0,609,21,618,21,0,0,0,3,0,6,0,1,0
05-21-20,Franklin,46,0,46,0,0,0,56,0,1712,49,1768,49,0,1,-2,4,2,41,0,5,1
05-21-20,Gibson,61,1,57,1,4,0,70,1,2080,130,2150,131,0,1,1,0,0,60,0,4,1
05-21-20,Giles,13,0,13,0,0,0,17,0,839,33,856,33,0,0,0,3,0,10,0,1,0
05-21-20,Grainger,7,0,6,0,1,0,8,0,513,9,521,9,0,0,0,0,0,7,0,2,0
05-21-20,Greene,47,1,46,1,1,0,52,0,1611,22,1663,22,0,2,1,1,0,44,0,8,2
05-21-20,Grundy,28,0,28,0,0,0,35,0,430,6,465,6,0,1,0,2,0,25,0,10,1
05-21-20,Hamblen,31,0,25,0,6,0,31,0,2189,44,2220,44,0,2,-1,5,1,24,0,5,2
05-21-20,Hamilton,463,43,461,43,2,0,486,44,9621,246,10107,290,0,13,32,180,11,270,1,57,15
05-21-20,Hancock,1,0,1,0,0,0,1,0,113,1,114,1,0,0,0,1,0,0,0,0,0
05-21-20,Hardeman,190,2,190,2,0,0,195,2,4827,6,5022,8,0,0,-14,4,16,186,0,3,0
05-21-20,Hardin,10,0,10,0,0,0,12,0,1367,4,1379,4,1,2,-1,1,0,7,0,2,2
05-21-20,Hawkins,31,0,31,0,0,0,43,0,1282,18,1325,18,0,2,0,0,0,29,0,6,2
05-21-20,Haywood,30,0,29,0,1,0,33,0,701,5,734,5,0,1,0,2,0,27,0,6,2
05-21-20,Henderson,11,0,11,0,0,0,15,0,878,8,893,8,0,0,0,1,0,10,0,0,0
05-21-20,Henry,28,0,28,0,0,0,34,5,1189,19,1223,24,0,0,-1,12,1,16,0,5,0
05-21-20,Hickman,50,0,50,0,0,0,71,0,863,18,934,18,0,0,0,1,0,49,0,2,0
05-21-20,Houston,8,0,8,0,0,0,10,0,227,3,237,3,0,0,0,1,0,7,0,5,0
05-21-20,Humphreys,13,0,12,0,1,0,14,0,540,13,554,13,0,1,0,0,0,12,0,1,1
05-21-20,Jackson,16,0,16,0,0,0,19,0,578,7,597,7,0,0,-2,6,2,10,0,1,0
05-21-20,Jefferson,29,1,26,1,3,0,27,1,1581,39,1608,40,0,0,1,1,0,28,0,0,0
05-21-20,Johnson,16,0,16,0,0,0,15,0,1878,6,1893,6,0,0,-6,5,6,11,0,0,0
05-21-20,Knox,326,0,321,0,5,0,370,0,13532,291,13902,291,0,5,-1,34,1,287,0,37,5
05-21-20,Lake,403,1,402,1,1,0,403,1,1305,1,1708,2,0,0,-329,5,330,398,1,1,0
05-21-20,Lauderdale,53,0,52,0,1,0,69,0,3085,12,3154,12,0,1,-4,13,4,39,0,8,1
05-21-20,Lawrence,21,1,21,1,0,0,23,1,1295,31,1318,32,0,0,1,1,0,20,0,4,0
05-21-20,Lewis,4,1,4,1,0,0,4,1,253,13,257,14,0,0,1,1,0,3,0,0,0
05-21-20,Lincoln,25,4,25,4,0,0,24,2,1093,39,1117,41,0,0,4,8,0,17,0,2,0
05-21-20,Loudon,109,7,105,6,4,1,105,1,1583,24,1688,25,0,0,7,60,0,49,1,7,0
05-21-20,Macon,98,1,98,1,0,0,118,0,1242,12,1360,12,0,3,-1,22,2,73,0,12,3
05-21-20,Madison,159,0,159,0,0,0,181,2,4440,59,4621,61,0,2,-3,2,3,155,0,19,2
05-21-20,Marion,36,0,35,0,1,0,41,0,680,10,721,10,0,1,0,5,0,30,0,12,2
05-21-20,Marshall,29,2,29,2,0,0,30,1,898,19,928,20,0,1,2,5,0,23,0,5,1
05-21-20,Maury,75,1,75,1,0,0,84,1,2519,54,2603,55,0,0,0,15,1,60,0,8,1
05-21-20,McMinn,130,1,130,1,0,0,141,0,2278,32,2419,32,0,12,-1,7,2,111,0,17,13
05-21-20,McNairy,12,0,12,0,0,0,18,0,645,4,663,4,0,0,0,0,0,12,0,1,0
05-21-20,Meigs,21,0,21,0,0,0,28,1,405,5,433,6,0,0,0,1,0,20,0,3,0
05-21-20,Monroe,67,1,64,1,3,0,68,2,835,17,903,19,0,2,1,34,0,31,0,8,3
05-21-20,Montgomery,222,2,220,2,2,0,253,2,6365,77,6618,79,0,2,-5,27,7,193,1,26,4
05-21-20,Moore,3,0,3,0,0,0,4,0,340,7,344,7,0,0,0,0,0,3,0,0,0
05-21-20,Morgan,17,0,17,0,0,0,19,0,2953,17,2972,17,0,0,0,6,0,11,0,0,0
05-21-20,Obion,23,0,22,0,1,0,24,0,845,15,869,15,0,1,0,5,0,17,0,1,1
05-21-20,Out of State,227,1,227,1,0,0,247,1,44982,1419,45229,1420,0,4,-3,32,4,191,0,16,1
05-21-20,Overton,22,0,22,0,0,0,23,0,1180,32,1203,32,0,0,0,6,0,16,0,2,0
05-21-20,Pending,0,0,0,0,0,0,1,0,32165,365,32166,365,0,0,-1,-2,1,2,0,0,0
05-21-20,Perry,13,0,13,0,0,0,16,0,137,6,153,6,0,0,0,0,0,13,0,0,0
05-21-20,Pickett,2,0,2,0,0,0,2,0,231,2,233,2,0,0,0,1,0,1,0,0,0
05-21-20,Polk,17,0,17,0,0,0,22,0,436,13,458,13,0,0,0,1,0,16,0,3,0
05-21-20,Putnam,338,11,338,11,0,0,416,13,4072,129,4488,142,0,5,7,154,4,179,0,8,5
05-21-20,Rhea,188,178,188,178,0,0,191,177,1039,85,1230,262,0,0,178,183,0,5,0,1,0
05-21-20,Roane,18,1,13,1,5,0,19,1,2811,56,2830,57,0,0,-2,3,3,15,0,2,0
05-21-20,Robertson,316,4,315,4,1,0,370,3,2783,91,3153,94,0,0,-6,53,10,263,0,32,4
05-21-20,Rutherford,952,3,946,3,6,0,1110,8,9620,95,10730,103,1,20,-17,154,19,778,0,81,25
05-21-20,Scott,12,0,11,0,1,0,11,0,587,11,598,11,0,0,0,-1,0,13,0,0,0
05-21-20,Sequatchie,13,0,13,0,0,0,12,0,759,13,771,13,0,0,-1,1,1,12,0,2,0
05-21-20,Sevier,77,2,73,2,4,0,85,3,3768,99,3853,102,0,2,1,6,1,69,1,8,2
05-21-20,Shelby,4059,34,4046,34,13,0,4806,39,47825,1098,52631,1137,1,91,-59,597,92,3371,7,493,115
05-21-20,Smith,29,0,28,0,1,0,33,0,783,9,816,9,0,1,0,3,0,25,0,2,1
05-21-20,Stewart,8,0,8,0,0,0,8,0,306,4,314,4,0,0,0,1,0,7,0,1,0
05-21-20,Sullivan,63,1,60,1,3,0,62,1,3358,31,3420,32,0,2,1,4,0,57,0,7,2
05-21-20,Sumner,813,12,804,12,9,0,1041,6,6492,39,7533,45,1,42,2,72,9,699,0,201,45
05-21-20,Tipton,415,2,413,2,2,0,427,2,3385,52,3812,54,0,2,-2,30,4,383,0,22,3
05-21-20,Trousdale,1390,4,1387,4,3,0,1402,1,1772,2,3174,3,0,4,2,24,2,1362,0,13,4
05-21-20,Unicoi,3,0,3,0,0,0,3,0,394,12,397,12,0,0,0,0,0,3,0,0,0
05-21-20,Union,4,0,4,0,0,0,4,0,425,0,429,0,0,0,0,1,0,3,0,0,0
05-21-20,Van Buren,4,0,4,0,0,0,4,0,303,3,307,3,0,0,0,2,0,2,0,1,0
05-21-20,Warren,17,0,17,0,0,0,17,0,1534,27,1551,27,0,0,0,3,0,14,0,0,0
05-21-20,Washington,67,0,67,0,0,0,88,0,2726,48,2814,48,0,0,-2,4,2,63,0,6,0
05-21-20,Wayne,62,0,62,0,0,0,63,0,2172,9,2235,9,0,0,0,58,0,4,0,2,0
05-21-20,Weakley,30,0,30,0,0,0,30,0,908,9,938,9,0,0,0,4,0,26,0,2,0
05-21-20,White,26,0,24,0,2,0,29,0,1206,35,1235,35,0,0,0,7,0,19,0,3,0
05-21-20,Williamson,482,3,482,3,0,0,534,3,8035,92,8569,95,0,10,0,37,3,435,0,43,11
05-21-20,Wilson,350,0,347,0,3,0,428,1,4727,30,5155,31,0,8,-2,35,2,307,0,29,8
05-20-20,Anderson,38,0,37,0,1,0,44,1,3917,62,3961,63,0,1,0,4,0,33,0,3,1
05-20-20,Bedford,261,3,261,3,0,0,283,1,2048,9,2331,10,0,4,-2,25,5,232,1,11,5
05-20-20,Benton,7,0,7,0,0,0,8,0,688,8,696,8,0,1,0,1,0,5,0,2,1
05-20-20,Bledsoe,610,1,610,1,0,0,618,2,3124,5,3742,7,0,1,1,4,0,605,1,5,1
05-20-20,Blount,81,1,77,1,4,0,94,1,2737,43,2831,44,0,3,0,4,1,74,0,5,3
05-20-20,Bradley,84,2,84,2,0,0,90,1,2037,13,2127,14,0,1,0,9,2,74,1,14,1
05-20-20,Campbell,18,0,17,0,1,0,24,0,1241,24,1265,24,0,1,0,0,0,17,0,2,1
05-20-20,Cannon,14,2,14,2,0,0,24,2,446,8,470,10,0,0,2,2,0,12,0,2,0
05-20-20,Carroll,28,0,23,0,5,0,24,0,1107,45,1131,45,0,1,-1,4,1,23,0,5,1
05-20-20,Carter,23,0,22,0,1,0,24,0,1165,7,1189,7,0,1,0,1,0,21,0,2,1
05-20-20,Cheatham,105,2,105,2,0,0,119,0,1536,58,1655,58,0,0,0,22,2,83,0,8,0
05-20-20,Chester,11,0,11,0,0,0,13,0,532,15,545,15,0,0,0,0,0,11,0,1,0
05-20-20,Claiborne,8,0,8,0,0,0,8,0,572,9,580,9,0,0,0,1,0,7,0,0,0
05-20-20,Clay,7,0,7,0,0,0,7,0,377,8,384,8,0,0,0,0,0,7,0,0,0
05-20-20,Cocke,22,0,20,0,2,0,27,0,847,11,874,11,0,0,-1,2,1,20,0,1,0
05-20-20,Coffee,66,2,65,2,1,0,67,0,1843,14,1910,14,0,0,0,16,2,50,0,5,0
05-20-20,Crockett,17,0,15,0,2,0,19,0,428,8,447,8,0,1,-1,5,1,11,0,1,1
05-20-20,Cumberland,96,1,95,1,1,0,127,2,3228,34,3355,36,0,1,1,10,0,85,0,9,1
05-20-20,Davidson,4288,61,4285,61,3,0,4905,84,45447,1024,50352,1108,2,48,-24,653,83,3587,2,350,58
05-20-20,Decatur,5,0,5,0,0,0,5,0,286,8,291,8,0,0,0,1,0,4,0,0,0
05-20-20,Dekalb,32,0,32,0,0,0,38,0,1126,37,1164,37,0,0,-3,3,3,29,0,0,0
05-20-20,Dickson,98,3,98,3,0,0,128,4,1804,45,1932,49,0,0,2,9,1,89,0,13,0
05-20-20,Dyer,47,0,46,0,1,0,57,1,1203,35,1260,36,0,0,-2,2,2,45,0,6,0
05-20-20,Fayette,103,4,102,4,1,0,137,5,2570,83,2707,88,0,2,2,20,2,81,2,15,2
05-20-20,Fentress,9,0,9,0,0,0,9,0,588,4,597,4,0,0,0,3,0,6,0,1,0
05-20-20,Franklin,46,1,46,1,0,0,56,2,1663,5,1719,7,0,1,1,6,0,39,1,5,1
05-20-20,Gibson,60,0,56,0,4,0,69,0,1950,35,2019,35,0,1,-3,-1,3,60,0,4,1
05-20-20,Giles,13,0,13,0,0,0,17,0,806,8,823,8,0,0,0,3,0,10,0,1,0
05-20-20,Grainger,7,0,6,0,1,0,8,0,504,8,512,8,0,0,0,0,0,7,0,2,0
05-20-20,Greene,46,0,45,0,1,0,52,0,1589,19,1641,19,0,2,-1,0,1,44,0,8,2
05-20-20,Grundy,28,0,28,0,0,0,35,0,424,0,459,0,0,1,0,2,0,25,0,10,1
05-20-20,Hamblen,31,0,25,0,6,0,31,0,2145,26,2176,26,0,2,0,6,0,23,0,5,2
05-20-20,Hamilton,420,21,418,21,2,0,442,22,9375,792,9817,814,0,13,10,148,11,259,1,56,15
05-20-20,Hancock,1,0,1,0,0,0,1,0,112,1,113,1,0,0,0,1,0,0,0,0,0
05-20-20,Hardeman,188,0,188,0,0,0,193,0,4821,32,5014,32,0,0,-47,18,47,170,0,3,0
05-20-20,Hardin,10,0,10,0,0,0,12,0,1363,19,1375,19,0,1,0,2,0,7,0,2,2
05-20-20,Hawkins,31,0,31,0,0,0,43,0,1264,8,1307,8,0,2,0,0,0,29,0,6,2
05-20-20,Haywood,30,0,29,0,1,0,33,0,696,19,729,19,0,1,0,2,0,27,0,6,1
05-20-20,Henderson,11,0,11,0,0,0,15,0,870,21,885,21,0,0,0,1,0,10,0,0,0
05-20-20,Henry,28,8,28,8,0,0,29,7,1170,45,1199,52,0,0,7,13,1,15,1,5,0
05-20-20,Hickman,50,0,50,0,0,0,71,0,845,6,916,6,0,0,0,1,0,49,0,2,0
05-20-20,Houston,8,0,8,0,0,0,10,0,224,2,234,2,0,0,0,1,0,7,0,5,0
05-20-20,Humphreys,13,0,12,0,1,0,14,0,527,14,541,14,0,1,0,0,0,12,0,1,1
05-20-20,Jackson,16,0,16,0,0,0,19,0,571,2,590,2,0,0,0,8,0,8,0,1,0
05-20-20,Jefferson,28,0,25,0,3,0,26,0,1542,19,1568,19,0,0,0,0,0,28,0,0,0
05-20-20,Johnson,16,0,16,0,0,0,15,0,1872,1,1887,1,0,0,0,11,0,5,0,0,0
05-20-20,Knox,326,7,321,7,5,0,370,7,13241,384,13611,391,0,5,4,35,3,286,0,37,5
05-20-20,Lake,402,0,401,0,1,0,402,0,1304,8,1706,8,0,0,-6,334,6,68,0,0,0
05-20-20,Lauderdale,53,1,52,1,1,0,69,3,3073,40,3142,43,0,1,-4,17,5,35,0,8,1
05-20-20,Lawrence,20,1,20,1,0,0,22,1,1264,11,1286,12,0,0,1,0,0,20,1,4,0
05-20-20,Lewis,3,0,3,0,0,0,3,0,240,1,243,1,0,0,0,0,0,3,0,0,0
05-20-20,Lincoln,21,4,21,4,0,0,22,0,1054,20,1076,20,0,0,4,4,0,17,0,2,0
05-20-20,Loudon,102,5,99,5,3,0,104,4,1559,36,1663,40,0,0,4,53,1,49,0,6,0
05-20-20,Macon,97,0,97,0,0,0,118,4,1230,8,1348,12,0,3,-3,23,3,71,0,12,3
05-20-20,Madison,159,0,159,0,0,0,179,0,4381,89,4560,89,0,2,-2,5,2,152,0,19,2
05-20-20,Marion,36,1,35,1,1,0,41,1,670,8,711,9,0,1,1,5,0,30,0,12,2
05-20-20,Marshall,27,1,27,1,0,0,29,1,879,1,908,2,0,1,0,3,1,23,0,5,1
05-20-20,Maury,74,2,74,2,0,0,83,1,2465,22,2548,23,0,0,1,15,1,59,0,8,1
05-20-20,McMinn,129,0,129,0,0,0,141,1,2246,19,2387,20,0,12,-1,8,1,109,0,17,12
05-20-20,McNairy,12,0,12,0,0,0,18,0,641,19,659,19,0,0,0,0,0,12,0,1,0
05-20-20,Meigs,21,0,21,0,0,0,27,0,400,2,427,2,0,0,0,1,0,20,0,3,0
05-20-20,Monroe,66,1,63,1,3,0,66,2,818,24,884,26,0,2,-2,33,3,31,0,8,3
05-20-20,Montgomery,220,2,218,2,2,0,251,1,6288,191,6539,192,0,2,-5,32,7,186,0,25,3
05-20-20,Moore,3,0,3,0,0,0,4,0,333,66,337,66,0,0,0,0,0,3,0,0,0
05-20-20,Morgan,17,1,17,1,0,0,19,1,2936,13,2955,14,0,0,0,6,1,11,0,0,0
05-20-20,Obion,23,0,22,0,1,0,24,0,830,10,854,10,0,1,0,5,0,17,0,1,1
05-20-20,Out of State,226,1,226,1,0,0,246,3,43563,1569,43809,1572,-1,4,0,35,2,187,0,16,1
05-20-20,Overton,22,0,22,0,0,0,23,1,1148,6,1171,7,0,0,-2,6,2,16,0,2,0
05-20-20,Pending,0,0,0,0,0,0,1,1,31800,332,31801,333,0,0,0,-1,0,1,0,0,0
05-20-20,Perry,13,0,13,0,0,0,16,0,131,0,147,0,0,0,0,0,0,13,0,0,0
05-20-20,Pickett,2,0,2,0,0,0,2,0,229,0,231,0,0,0,0,1,0,1,0,0,0
05-20-20,Polk,17,0,17,0,0,0,22,0,423,2,445,2,0,0,0,1,0,16,0,3,0
05-20-20,Putnam,327,13,327,13,0,0,403,14,3943,49,4346,63,0,5,6,147,7,175,0,8,5
05-20-20,Rhea,10,0,10,0,0,0,14,1,954,9,968,10,0,0,0,5,0,5,0,1,0
05-20-20,Roane,17,0,12,0,5,0,18,0,2755,52,2773,52,0,0,0,5,0,12,0,2,0
05-20-20,Robertson,312,15,311,15,1,0,367,19,2692,27,3059,46,0,0,7,59,8,253,2,32,2
05-20-20,Rutherford,949,15,943,15,6,0,1102,18,9525,94,10627,112,0,19,4,171,11,759,0,81,25
05-20-20,Scott,12,0,11,0,1,0,11,0,576,8,587,8,0,0,0,-1,0,13,0,0,0
05-20-20,Sequatchie,13,0,13,0,0,0,12,0,746,2,758,2,0,0,0,2,0,11,0,2,0
05-20-20,Sevier,75,0,71,0,4,0,82,3,3669,65,3751,68,0,2,0,5,0,68,0,7,2
05-20-20,Shelby,4025,58,4012,57,13,1,4767,76,46727,1561,51494,1637,3,90,-84,656,139,3279,4,486,114
05-20-20,Smith,29,0,28,0,1,0,33,0,774,16,807,16,0,1,0,3,0,25,0,2,1
05-20-20,Stewart,8,0,8,0,0,0,8,0,302,5,310,5,0,0,0,1,0,7,0,1,0
05-20-20,Sullivan,62,1,59,1,3,0,61,0,3327,25,3388,25,0,2,-1,3,2,57,0,7,2
05-20-20,Sumner,801,9,792,9,9,0,1035,8,6453,242,7488,250,0,41,1,70,8,690,0,201,45
05-20-20,Tipton,413,1,411,1,2,0,425,1,3333,94,3758,95,0,2,-174,32,175,379,0,22,3
05-20-20,Trousdale,1386,0,1383,0,3,0,1401,0,1770,11,3171,11,0,4,0,22,0,1360,0,13,4
05-20-20,Unicoi,3,0,3,0,0,0,3,0,382,2,385,2,0,0,-1,0,1,3,0,0,0
05-20-20,Union,4,0,4,0,0,0,4,0,425,7,429,7,0,0,0,1,0,3,0,0,0
05-20-20,Van Buren,4,0,4,0,0,0,4,0,300,0,304,0,0,0,0,2,0,2,0,1,0
05-20-20,Warren,17,0,17,0,0,0,17,0,1507,5,1524,5,0,0,0,3,0,14,0,0,0
05-20-20,Washington,67,0,67,0,0,0,88,0,2678,7,2766,7,0,0,-1,6,1,61,0,6,0
05-20-20,Wayne,62,0,62,0,0,0,63,0,2163,1,2226,1,0,0,0,58,0,4,0,2,0
05-20-20,Weakley,30,0,30,0,0,0,30,0,899,13,929,13,0,0,0,4,0,26,0,2,0
05-20-20,White,26,2,24,2,2,0,29,2,1171,6,1200,8,0,0,0,7,2,19,0,3,0
05-20-20,Williamson,479,5,479,5,0,0,531,5,7943,91,8474,96,0,10,0,37,5,432,0,43,11
05-20-20,Wilson,350,1,347,1,3,0,427,0,4697,122,5124,122,0,8,-2,37,3,305,0,29,8
05-19-20,Anderson,38,0,37,0,1,0,43,0,3855,45,3898,45,0,1,0,4,0,33,0,3,1
05-19-20,Bedford,258,4,258,4,0,0,282,3,2039,15,2321,18,0,4,0,27,4,227,0,10,5
05-19-20,Benton,7,0,7,0,0,0,8,0,680,7,688,7,0,1,0,1,0,5,0,2,1
05-19-20,Bledsoe,609,0,609,0,0,0,616,0,3119,5,3735,5,0,1,-1,3,1,605,0,4,1
05-19-20,Blount,80,0,76,0,4,0,93,0,2694,48,2787,48,0,3,-1,4,1,73,0,5,3
05-19-20,Bradley,82,1,82,1,0,0,89,1,2024,23,2113,24,0,1,-1,9,2,72,0,13,1
05-19-20,Campbell,18,0,17,0,1,0,24,0,1217,24,1241,24,0,1,0,0,0,17,0,2,1
05-19-20,Cannon,12,0,12,0,0,0,22,0,438,13,460,13,0,0,0,0,0,12,0,2,0
05-19-20,Carroll,28,0,23,0,5,0,24,0,1062,29,1086,29,0,1,0,5,0,22,0,5,1
05-19-20,Carter,23,0,22,0,1,0,24,0,1158,5,1182,5,0,1,-2,1,2,21,0,2,1
05-19-20,Cheatham,103,0,103,0,0,0,119,0,1478,21,1597,21,0,0,-1,22,1,81,0,8,0
05-19-20,Chester,11,0,11,0,0,0,13,0,517,7,530,7,0,0,0,0,0,11,0,1,0
05-19-20,Claiborne,8,0,8,0,0,0,8,0,563,9,571,9,0,0,-1,1,1,7,0,0,0
05-19-20,Clay,7,0,7,0,0,0,7,0,369,13,376,13,0,0,0,0,0,7,0,0,0
05-19-20,Cocke,22,0,20,0,2,0,27,0,836,9,863,9,0,0,0,3,0,19,0,1,0
05-19-20,Coffee,64,2,63,2,1,0,67,0,1829,9,1896,9,0,0,2,16,0,48,0,5,0
05-19-20,Crockett,17,0,15,0,2,0,19,0,420,5,439,5,0,1,-1,6,1,10,0,1,1
05-19-20,Cumberland,95,0,94,0,1,0,125,1,3194,51,3319,52,0,1,0,9,0,85,0,9,1
05-19-20,Davidson,4227,91,4224,91,3,0,4821,126,44423,974,49244,1100,2,46,-36,677,125,3504,6,348,58
05-19-20,Decatur,5,0,5,0,0,0,5,0,278,3,283,3,0,0,0,1,0,4,0,0,0
05-19-20,Dekalb,32,0,32,0,0,0,38,0,1089,21,1127,21,0,0,-1,6,1,26,0,0,0
05-19-20,Dickson,95,1,95,1,0,0,124,1,1759,12,1883,13,0,0,0,7,1,88,1,13,0
05-19-20,Dyer,47,1,46,1,1,0,56,1,1168,10,1224,11,0,0,0,4,1,43,0,6,0
05-19-20,Fayette,99,1,98,1,1,0,132,1,2487,53,2619,54,0,2,-1,18,2,79,0,13,2
05-19-20,Fentress,9,0,9,0,0,0,9,0,584,3,593,3,0,0,-1,3,1,6,0,1,0
05-19-20,Franklin,45,0,45,0,0,0,54,1,1658,8,1712,9,0,1,0,5,0,39,0,4,1
05-19-20,Gibson,60,0,56,0,4,0,69,1,1915,17,1984,18,0,1,0,2,0,57,0,4,1
05-19-20,Giles,13,0,13,0,0,0,17,0,798,9,815,9,0,0,0,3,0,10,0,1,0
05-19-20,Grainger,7,0,6,0,1,0,8,0,496,8,504,8,0,0,0,0,0,7,0,2,0
05-19-20,Greene,46,0,45,0,1,0,52,0,1570,3,1622,3,0,2,-1,1,1,43,0,8,2
05-19-20,Grundy,28,0,28,0,0,0,35,0,424,3,459,3,0,1,0,2,0,25,0,10,1
05-19-20,Hamblen,31,1,25,1,6,0,31,1,2119,34,2150,35,0,2,1,6,0,23,1,5,2
05-19-20,Hamilton,399,21,397,21,2,0,420,21,8583,58,9003,79,0,13,-1,138,22,248,0,55,15
05-19-20,Hancock,1,1,1,1,0,0,1,1,111,0,112,1,0,0,1,1,0,0,0,0,0
05-19-20,Hardeman,188,0,188,0,0,0,193,0,4789,6,4982,6,0,0,-95,65,95,123,0,3,0
05-19-20,Hardin,10,0,10,0,0,0,12,0,1344,7,1356,7,1,1,-1,2,0,7,0,2,1
05-19-20,Hawkins,31,0,31,0,0,0,43,0,1256,6,1299,6,0,2,0,0,0,29,0,6,2
05-19-20,Haywood,30,0,29,0,1,0,33,0,677,9,710,9,0,1,0,2,0,27,0,6,1
05-19-20,Henderson,11,0,11,0,0,0,15,0,849,35,864,35,0,0,0,1,0,10,0,0,0
05-19-20,Henry,20,1,20,1,0,0,22,0,1125,8,1147,8,0,0,1,6,0,14,1,4,0
05-19-20,Hickman,50,0,50,0,0,0,71,0,839,3,910,3,0,0,-4,1,4,49,0,2,0
05-19-20,Houston,8,0,8,0,0,0,10,0,222,0,232,0,0,0,0,1,0,7,0,5,0
05-19-20,Humphreys,13,0,12,0,1,0,14,0,513,13,527,13,0,1,0,0,0,12,0,1,1
05-19-20,Jackson,16,2,16,2,0,0,19,2,569,10,588,12,0,0,2,8,0,8,0,1,0
05-19-20,Jefferson,28,0,25,0,3,0,26,0,1523,16,1549,16,0,0,0,0,0,28,0,0,0
05-19-20,Johnson,16,0,16,0,0,0,15,0,1871,0,1886,0,0,0,0,11,0,5,0,0,0
05-19-20,Knox,319,7,314,7,5,0,363,7,12857,303,13220,310,0,5,4,31,3,283,2,37,5
05-19-20,Lake,402,0,401,0,1,0,402,0,1296,13,1698,13,0,0,-1,340,1,62,0,0,0
05-19-20,Lauderdale,52,4,51,4,1,0,66,2,3033,11,3099,13,0,1,0,21,4,30,1,8,1
05-19-20,Lawrence,19,0,19,0,0,0,21,0,1253,7,1274,7,0,0,-3,-1,3,20,0,3,0
05-19-20,Lewis,3,0,3,0,0,0,3,0,239,1,242,1,0,0,0,0,0,3,0,0,0
05-19-20,Lincoln,17,0,17,0,0,0,22,0,1034,2,1056,2,0,0,0,0,0,17,0,2,0
05-19-20,Loudon,97,7,94,6,3,1,100,3,1523,34,1623,37,0,0,6,49,1,48,0,6,0
05-19-20,Macon,97,2,97,2,0,0,114,2,1222,26,1336,28,0,3,0,26,2,68,0,12,3
05-19-20,Madison,159,0,159,0,0,0,179,0,4292,37,4471,37,0,2,-1,7,1,150,0,19,2
05-19-20,Marion,35,1,34,1,1,0,40,1,662,5,702,6,0,1,1,4,0,30,0,12,2
05-19-20,Marshall,26,1,26,1,0,0,28,0,878,6,906,6,0,1,1,3,0,22,0,5,1
05-19-20,Maury,72,0,72,0,0,0,82,0,2443,20,2525,20,0,0,-1,14,1,58,0,8,1
05-19-20,McMinn,129,0,129,0,0,0,140,0,2227,14,2367,14,0,12,-2,9,2,108,0,17,12
05-19-20,McNairy,12,0,12,0,0,0,18,0,622,5,640,5,0,0,0,0,0,12,0,1,0
05-19-20,Meigs,21,0,21,0,0,0,27,0,398,2,425,2,0,0,-4,1,4,20,0,3,0
05-19-20,Monroe,65,2,62,2,3,0,64,0,794,13,858,13,1,2,0,35,1,28,0,8,3
05-19-20,Montgomery,218,0,216,0,2,0,250,1,6097,55,6347,56,0,2,-4,37,4,179,0,25,3
05-19-20,Moore,3,0,3,0,0,0,4,0,267,1,271,1,0,0,0,0,0,3,0,0,0
05-19-20,Morgan,16,0,16,0,0,0,18,0,2923,5,2941,5,0,0,-4,6,4,10,0,0,0
05-19-20,Obion,23,1,22,1,1,0,24,1,820,7,844,8,0,1,0,5,1,17,0,1,1
05-19-20,Out of State,225,8,225,8,0,0,243,7,41994,873,42237,880,0,5,6,35,2,185,0,16,1
05-19-20,Overton,22,1,22,1,0,0,22,1,1142,60,1164,61,0,0,1,8,0,14,0,2,0
05-19-20,Pending,0,0,0,0,0,0,0,0,31468,350,31468,350,0,0,0,-1,0,1,0,0,0
05-19-20,Perry,13,0,13,0,0,0,16,1,131,0,147,1,0,0,0,0,0,13,0,0,0
05-19-20,Pickett,2,0,2,0,0,0,2,0,229,7,231,7,0,0,0,1,0,1,0,0,0
05-19-20,Polk,17,0,17,0,0,0,22,0,421,2,443,2,0,0,0,1,0,16,0,3,0
05-19-20,Putnam,314,28,314,28,0,0,389,30,3894,168,4283,198,0,5,20,141,8,168,0,8,5
05-19-20,Rhea,10,0,10,0,0,0,13,0,945,4,958,4,0,0,0,5,0,5,0,1,0
05-19-20,Roane,17,0,12,0,5,0,18,0,2703,19,2721,19,0,0,0,5,0,12,0,2,0
05-19-20,Robertson,297,6,296,6,1,0,348,7,2665,28,3013,35,0,0,-7,52,13,245,1,30,2
05-19-20,Rutherford,934,24,928,24,6,0,1084,30,9431,246,10515,276,0,19,1,167,23,748,1,81,24
05-19-20,Scott,12,0,11,0,1,0,11,0,568,9,579,9,0,0,0,-1,0,13,0,0,0
05-19-20,Sequatchie,13,0,13,0,0,0,12,0,744,0,756,0,0,0,-1,2,1,11,0,2,0
05-19-20,Sevier,75,0,71,0,4,0,79,0,3604,180,3683,180,0,2,-2,5,2,68,0,7,2
05-19-20,Shelby,3967,87,3955,87,12,0,4691,99,45166,1406,49857,1505,0,87,21,740,66,3140,10,482,112
05-19-20,Smith,29,1,28,1,1,0,33,2,758,4,791,6,0,1,1,3,0,25,0,2,1
05-19-20,Stewart,8,0,8,0,0,0,8,0,297,4,305,4,0,0,0,1,0,7,0,1,0
05-19-20,Sullivan,61,0,58,0,3,0,61,0,3302,14,3363,14,0,2,0,4,0,55,0,7,2
05-19-20,Sumner,792,18,783,18,9,0,1027,19,6211,140,7238,159,0,41,10,69,8,682,0,201,45
05-19-20,Tipton,412,1,410,1,2,0,424,1,3239,87,3663,88,0,2,1,206,0,204,0,22,3
05-19-20,Trousdale,1386,0,1383,0,3,0,1401,0,1759,21,3160,21,0,4,0,22,0,1360,0,13,4
05-19-20,Unicoi,3,0,3,0,0,0,3,0,380,2,383,2,0,0,0,1,0,2,0,0,0
05-19-20,Union,4,0,4,0,0,0,4,0,418,4,422,4,0,0,0,1,0,3,0,0,0
05-19-20,Van Buren,4,0,4,0,0,0,4,0,300,2,304,2,0,0,0,2,0,2,0,1,0
05-19-20,Warren,17,0,17,0,0,0,17,0,1502,12,1519,12,0,0,-1,3,1,14,0,0,0
05-19-20,Washington,67,0,67,0,0,0,88,0,2671,9,2759,9,0,0,0,7,0,60,0,6,0
05-19-20,Wayne,62,0,62,0,0,0,63,0,2162,2,2225,2,0,0,0,58,0,4,0,2,0
05-19-20,Weakley,30,0,30,0,0,0,30,0,886,18,916,18,0,0,0,4,0,26,0,2,0
05-19-20,White,24,2,22,2,2,0,27,5,1165,26,1192,31,0,0,1,7,1,17,1,3,0
05-19-20,Williamson,474,0,474,0,0,0,526,0,7852,126,8378,126,0,10,-3,37,3,427,0,43,10
05-19-20,Wilson,349,7,346,7,3,0,427,9,4575,146,5002,155,0,8,4,39,3,302,0,29,8
05-18-20,Anderson,38,1,37,1,1,0,43,1,3810,93,3853,94,0,1,-2,4,3,33,0,3,1
05-18-20,Bedford,254,0,254,0,0,0,279,0,2024,9,2303,9,0,4,-3,27,3,223,0,10,5
05-18-20,Benton,7,1,7,1,0,0,8,1,673,4,681,5,0,1,1,1,0,5,0,2,1
05-18-20,Bledsoe,609,1,609,1,0,0,616,2,3114,7,3730,9,0,1,1,4,0,604,0,4,1
05-18-20,Blount,80,1,76,1,4,0,93,1,2646,145,2739,146,0,3,1,5,0,72,0,5,3
05-18-20,Bradley,81,2,81,2,0,0,88,2,2001,12,2089,14,0,1,-5,10,7,70,0,13,1
05-18-20,Campbell,18,0,17,0,1,0,24,0,1193,19,1217,19,0,1,0,0,0,17,0,2,1
05-18-20,Cannon,12,0,12,0,0,0,22,0,425,6,447,6,0,0,0,0,0,12,0,2,0
05-18-20,Carroll,28,1,23,1,5,0,24,1,1033,34,1057,35,0,1,1,5,0,22,0,5,1
05-18-20,Carter,23,0,22,0,1,0,24,0,1153,10,1177,10,0,1,0,3,0,19,0,2,1
05-18-20,Cheatham,103,1,103,1,0,0,119,2,1457,44,1576,46,0,0,-5,23,6,80,0,8,0
05-18-20,Chester,11,0,11,0,0,0,13,0,510,14,523,14,0,0,0,0,0,11,0,1,0
05-18-20,Claiborne,8,0,8,0,0,0,8,0,554,17,562,17,0,0,0,2,0,6,0,0,0
05-18-20,Clay,7,0,7,0,0,0,7,0,356,10,363,10,0,0,-1,0,1,7,0,0,0
05-18-20,Cocke,22,0,20,0,2,0,27,0,827,34,854,34,0,0,0,3,0,19,0,1,0
05-18-20,Coffee,62,2,61,2,1,0,67,3,1820,7,1887,10,0,0,2,14,0,48,0,5,0
05-18-20,Crockett,17,0,15,0,2,0,19,0,415,14,434,14,0,1,0,7,0,9,0,1,1
05-18-20,Cumberland,95,3,94,3,1,0,124,3,3143,122,3267,125,0,1,3,9,0,85,0,9,1
05-18-20,Davidson,4136,98,4133,98,3,0,4695,116,43449,886,48144,1002,0,44,3,713,95,3379,3,342,56
05-18-20,Decatur,5,0,5,0,0,0,5,0,275,9,280,9,0,0,0,1,0,4,0,0,0
05-18-20,Dekalb,32,0,32,0,0,0,38,0,1068,11,1106,11,0,0,0,7,0,25,0,0,0
05-18-20,Dickson,94,1,94,1,0,0,123,1,1747,54,1870,55,0,0,-1,7,2,87,0,12,0
05-18-20,Dyer,46,0,45,0,1,0,55,1,1158,35,1213,36,0,0,0,4,0,42,0,6,0
05-18-20,Fayette,98,0,97,0,1,0,131,1,2434,90,2565,91,0,2,-3,19,3,77,0,13,2
05-18-20,Fentress,9,3,9,3,0,0,9,3,581,15,590,18,0,0,3,4,0,5,0,1,0
05-18-20,Franklin,45,0,45,0,0,0,53,0,1650,3,1703,3,0,1,-2,5,2,39,0,4,1
05-18-20,Gibson,60,0,56,0,4,0,68,0,1898,39,1966,39,0,1,-1,2,1,57,0,4,1
05-18-20,Giles,13,0,13,0,0,0,17,0,789,3,806,3,0,0,0,3,0,10,0,1,0
05-18-20,Grainger,7,0,6,0,1,0,8,0,488,14,496,14,0,0,0,0,0,7,0,2,0
05-18-20,Greene,46,0,45,0,1,0,52,0,1567,9,1619,9,0,2,0,2,0,42,0,8,2
05-18-20,Grundy,28,1,28,1,0,0,35,1,421,10,456,11,0,1,0,2,1,25,0,10,1
05-18-20,Hamblen,30,0,24,0,6,0,30,1,2085,76,2115,77,0,2,0,5,0,23,0,4,2
05-18-20,Hamilton,378,19,376,19,2,0,399,24,8525,92,8924,116,0,13,3,139,16,226,1,55,15
05-18-20,Hancock,0,0,0,0,0,0,0,0,111,1,111,1,0,0,0,0,0,0,0,0,0
05-18-20,Hardeman,188,0,188,0,0,0,193,0,4783,41,4976,41,0,0,0,160,0,28,0,3,0
05-18-20,Hardin,10,0,10,0,0,0,12,0,1337,23,1349,23,0,0,0,3,0,7,0,2,1
05-18-20,Hawkins,31,0,31,0,0,0,43,0,1250,31,1293,31,0,2,0,0,0,29,0,6,2
05-18-20,Haywood,30,0,29,0,1,0,33,0,668,26,701,26,0,1,0,2,0,27,0,6,1
05-18-20,Henderson,11,0,11,0,0,0,15,0,814,24,829,24,0,0,0,1,0,10,0,0,0
05-18-20,Henry,19,1,19,1,0,0,22,1,1117,66,1139,67,0,0,0,5,1,14,0,3,0
05-18-20,Hickman,50,0,50,0,0,0,71,0,836,9,907,9,0,0,-1,5,1,45,0,2,0
05-18-20,Houston,8,1,8,1,0,0,10,1,222,2,232,3,0,0,1,1,0,7,0,5,0
05-18-20,Humphreys,13,0,12,0,1,0,14,0,500,13,514,13,0,1,0,0,0,12,0,1,1
05-18-20,Jackson,14,2,14,2,0,0,17,2,559,10,576,12,0,0,2,6,0,8,0,1,0
05-18-20,Jefferson,28,0,25,0,3,0,26,0,1507,55,1533,55,0,0,0,0,0,28,0,0,0
05-18-20,Johnson,16,0,16,0,0,0,15,0,1871,7,1886,7,0,0,0,11,0,5,0,0,0
05-18-20,Knox,312,3,307,3,5,0,356,4,12554,569,12910,573,0,5,0,27,3,280,0,35,5
05-18-20,Lake,402,0,401,0,1,0,402,0,1283,8,1685,8,0,0,-1,341,1,61,0,0,0
05-18-20,Lauderdale,48,2,47,2,1,0,64,4,3022,47,3086,51,1,1,1,21,0,26,0,7,1
05-18-20,Lawrence,19,0,19,0,0,0,21,0,1246,5,1267,5,0,0,0,2,0,17,0,3,0
05-18-20,Lewis,3,0,3,0,0,0,3,0,238,6,241,6,0,0,0,0,0,3,0,0,0
05-18-20,Lincoln,17,0,17,0,0,0,22,0,1032,6,1054,6,0,0,0,0,0,17,0,2,0
05-18-20,Loudon,90,2,88,2,2,0,97,4,1489,51,1586,55,0,0,1,43,1,47,0,6,0
05-18-20,Macon,95,6,95,6,0,0,112,7,1196,40,1308,47,0,3,3,26,3,66,0,12,3
05-18-20,Madison,159,0,159,0,0,0,179,0,4255,119,4434,119,0,2,0,8,0,149,0,19,2
05-18-20,Marion,34,0,33,0,1,0,39,0,657,7,696,7,0,1,0,3,0,30,0,12,2
05-18-20,Marshall,25,0,25,0,0,0,28,0,872,3,900,3,0,1,0,2,0,22,0,5,1
05-18-20,Maury,72,4,72,4,0,0,82,4,2423,23,2505,27,0,0,2,15,2,57,1,8,1
05-18-20,McMinn,129,1,129,1,0,0,140,2,2213,38,2353,40,0,12,-2,11,3,106,0,17,12
05-18-20,McNairy,12,0,12,0,0,0,18,1,617,15,635,16,0,0,0,0,0,12,0,1,0
05-18-20,Meigs,21,0,21,0,0,0,27,1,396,7,423,8,0,0,-1,5,1,16,0,3,0
05-18-20,Monroe,63,4,60,4,3,0,64,4,781,29,845,33,0,1,2,35,2,27,0,8,3
05-18-20,Montgomery,218,4,216,4,2,0,249,7,6042,218,6291,225,0,2,-7,41,11,175,1,25,3
05-18-20,Moore,3,0,3,0,0,0,4,0,266,0,270,0,0,0,0,0,0,3,0,0,0
05-18-20,Morgan,16,5,16,5,0,0,18,5,2918,74,2936,79,0,0,5,10,0,6,0,0,0
05-18-20,Obion,22,0,21,0,1,0,23,0,813,44,836,44,0,1,0,5,0,16,0,1,1
05-18-20,Out of State,217,2,217,2,0,0,236,3,41121,1023,41357,1026,0,5,-2,29,4,183,0,16,1
05-18-20,Overton,21,3,21,3,0,0,21,3,1082,28,1103,31,0,0,2,7,1,14,0,2,0
05-18-20,Pending,0,0,0,0,0,0,0,0,31118,497,31118,497,0,0,0,-1,0,1,0,0,0
05-18-20,Perry,13,0,13,0,0,0,15,0,131,1,146,1,0,0,0,0,0,13,0,0,0
05-18-20,Pickett,2,0,2,0,0,0,2,0,222,6,224,6,0,0,-1,1,1,1,0,0,0
05-18-20,Polk,17,1,17,1,0,0,22,2,419,1,441,3,0,0,1,1,0,16,0,3,0
05-18-20,Putnam,286,42,286,42,0,0,359,44,3726,212,4085,256,0,5,26,121,16,160,2,8,5
05-18-20,Rhea,10,3,10,3,0,0,13,3,941,9,954,12,0,0,3,5,0,5,1,1,0
05-18-20,Roane,17,1,12,0,5,1,18,0,2684,92,2702,92,0,0,1,5,0,12,0,2,0
05-18-20,Robertson,291,12,290,12,1,0,341,13,2637,100,2978,113,0,0,-1,59,13,232,0,29,2
05-18-20,Rutherford,910,20,904,20,6,0,1054,26,9185,240,10239,266,0,19,-4,166,24,725,2,80,24
05-18-20,Scott,12,0,11,0,1,0,11,0,559,18,570,18,0,0,0,-1,0,13,0,0,0
05-18-20,Sequatchie,13,0,13,0,0,0,12,0,744,4,756,4,0,0,-2,3,2,10,0,2,0
05-18-20,Sevier,75,0,71,0,4,0,79,1,3424,299,3503,300,0,2,-1,7,1,66,0,7,2
05-18-20,Shelby,3880,53,3868,52,12,1,4592,72,43760,1340,48352,1412,2,87,-34,719,85,3074,8,472,112
05-18-20,Smith,28,3,27,3,1,0,31,2,754,35,785,37,0,1,3,2,0,25,1,2,1
05-18-20,Stewart,8,1,8,1,0,0,8,1,293,5,301,6,0,0,1,1,0,7,0,1,0
05-18-20,Sullivan,61,0,58,0,3,0,61,0,3288,137,3349,137,0,2,-2,4,2,55,0,7,2
05-18-20,Sumner,774,5,765,5,9,0,1008,7,6071,405,7079,412,0,41,-8,59,13,674,0,201,45
05-18-20,Tipton,411,2,409,2,2,0,423,2,3152,114,3575,116,0,2,1,205,1,204,1,22,3
05-18-20,Trousdale,1386,0,1383,0,3,0,1401,0,1738,14,3139,14,0,4,-1,22,1,1360,0,13,4
05-18-20,Unicoi,3,0,3,0,0,0,3,0,378,5,381,5,0,0,0,1,0,2,0,0,0
05-18-20,Union,4,0,4,0,0,0,4,0,414,18,418,18,0,0,0,1,0,3,0,0,0
05-18-20,Van Buren,4,0,4,0,0,0,4,0,298,7,302,7,0,0,0,2,0,2,0,1,0
05-18-20,Warren,17,0,17,0,0,0,17,0,1490,32,1507,32,0,0,-1,4,1,13,0,0,0
05-18-20,Washington,67,2,67,2,0,0,88,2,2662,33,2750,35,0,0,0,7,2,60,1,6,0
05-18-20,Wayne,62,0,62,0,0,0,63,0,2160,4,2223,4,0,0,0,58,0,4,0,2,0
05-18-20,Weakley,30,0,30,0,0,0,30,0,868,22,898,22,0,0,0,4,0,26,0,2,0
05-18-20,White,22,1,20,1,2,0,22,1,1139,18,1161,19,0,0,1,6,0,16,0,2,0
05-18-20,Williamson,474,12,474,12,0,0,526,12,7726,188,8252,200,0,10,10,40,2,424,0,43,10
05-18-20,Wilson,342,10,339,10,3,0,418,16,4429,232,4847,248,0,8,8,35,2,299,0,29,8
05-17-20,Anderson,37,0,36,0,1,0,42,0,3717,64,3759,64,0,1,0,6,0,30,0,3,1
05-17-20,Bedford,254,1,254,1,0,0,279,5,2015,92,2294,97,0,4,-6,30,7,220,0,10,5
05-17-20,Benton,6,0,6,0,0,0,7,0,669,23,676,23,0,1,0,0,0,5,0,2,1
05-17-20,Bledsoe,608,1,608,1,0,0,614,1,3107,26,3721,27,0,1,1,3,0,604,0,4,1
05-17-20,Blount,79,0,75,0,4,0,92,0,2501,25,2593,25,0,3,-1,4,1,72,0,5,3
05-17-20,Bradley,79,2,79,2,0,0,86,1,1989,107,2075,108,0,1,-1,15,3,63,1,13,1
05-17-20,Campbell,18,0,17,0,1,0,24,0,1174,52,1198,52,0,1,0,0,0,17,0,2,1
05-17-20,Cannon,12,0,12,0,0,0,22,0,419,15,441,15,0,0,0,0,0,12,0,2,0
05-17-20,Carroll,27,0,22,0,5,0,23,0,999,108,1022,108,0,1,0,4,0,22,0,5,1
05-17-20,Carter,23,0,22,0,1,0,24,0,1143,58,1167,58,0,1,0,3,0,19,0,2,1
05-17-20,Cheatham,102,5,102,5,0,0,117,6,1413,52,1530,58,0,0,-1,28,6,74,0,8,0
05-17-20,Chester,11,0,11,0,0,0,13,0,496,16,509,16,0,0,-2,0,2,11,0,1,0
05-17-20,Claiborne,8,1,8,1,0,0,8,1,537,10,545,11,0,0,1,2,0,6,0,0,0
05-17-20,Clay,7,0,7,0,0,0,7,0,346,16,353,16,0,0,0,1,0,6,0,0,0
05-17-20,Cocke,22,0,20,0,2,0,27,0,793,23,820,23,0,0,0,3,0,19,0,1,0
05-17-20,Coffee,60,0,59,0,1,0,64,0,1813,68,1877,68,0,0,-1,12,1,48,0,5,0
05-17-20,Crockett,17,0,15,0,2,0,19,0,401,14,420,14,0,1,-2,7,2,9,0,1,1
05-17-20,Cumberland,92,2,91,2,1,0,121,3,3021,135,3142,138,0,1,2,6,0,85,0,9,1
05-17-20,Davidson,4038,159,4035,159,3,0,4579,192,42563,2255,47142,2447,3,44,111,710,45,3284,6,339,54
05-17-20,Decatur,5,0,5,0,0,0,5,0,266,12,271,12,0,0,0,1,0,4,0,0,0
05-17-20,Dekalb,32,2,32,2,0,0,38,4,1057,38,1095,42,0,0,2,7,0,25,0,0,0
05-17-20,Dickson,93,1,93,1,0,0,122,2,1693,95,1815,97,0,0,1,8,0,85,0,12,0
05-17-20,Dyer,46,0,45,0,1,0,54,0,1123,37,1177,37,0,0,0,4,0,42,0,6,0
05-17-20,Fayette,98,4,97,4,1,0,130,5,2344,102,2474,107,0,2,1,22,3,74,0,13,2
05-17-20,Fentress,6,0,6,0,0,0,6,0,566,32,572,32,0,0,0,1,0,5,0,1,0
05-17-20,Franklin,45,0,45,0,0,0,53,0,1647,58,1700,58,0,1,-1,7,1,37,0,4,1
05-17-20,Gibson,60,0,56,0,4,0,68,0,1859,132,1927,132,0,1,0,3,0,56,0,4,1
05-17-20,Giles,13,2,13,2,0,0,17,6,786,39,803,45,0,0,2,3,0,10,0,1,0
05-17-20,Grainger,7,0,6,0,1,0,8,0,474,3,482,3,0,0,0,0,0,7,0,2,0
05-17-20,Greene,46,0,45,0,1,0,52,0,1558,59,1610,59,0,2,0,2,0,42,0,8,2
05-17-20,Grundy,27,0,27,0,0,0,34,1,411,8,445,9,0,1,0,2,0,24,0,10,1
05-17-20,Hamblen,30,0,24,0,6,0,29,0,2009,64,2038,64,0,2,-1,5,1,23,0,4,2
05-17-20,Hamilton,359,9,357,9,2,0,375,7,8433,273,8808,280,0,13,2,136,7,210,0,54,15
05-17-20,Hancock,0,0,0,0,0,0,0,0,110,5,110,5,0,0,0,0,0,0,0,0,0
05-17-20,Hardeman,188,1,188,1,0,0,193,1,4742,50,4935,51,0,0,0,160,1,28,0,3,0
05-17-20,Hardin,10,1,10,1,0,0,12,1,1314,56,1326,57,0,0,1,3,0,7,0,2,1
05-17-20,Hawkins,31,0,31,0,0,0,43,0,1219,40,1262,40,0,2,0,0,0,29,0,6,2
05-17-20,Haywood,30,0,29,0,1,0,33,0,642,25,675,25,0,1,0,2,0,27,0,6,1
05-17-20,Henderson,11,0,11,0,0,0,15,0,790,21,805,21,0,0,0,1,0,10,0,0,0
05-17-20,Henry,18,1,18,1,0,0,21,1,1051,68,1072,69,0,0,1,5,0,13,0,3,0
05-17-20,Hickman,50,0,50,0,0,0,71,0,827,36,898,36,0,0,0,6,0,44,0,2,0
05-17-20,Houston,7,0,7,0,0,0,9,0,220,7,229,7,0,0,0,0,0,7,0,5,0
05-17-20,Humphreys,13,0,12,0,1,0,14,1,487,15,501,16,0,1,0,0,0,12,0,1,1
05-17-20,Jackson,12,0,12,0,0,0,15,0,549,11,564,11,0,0,0,4,0,8,0,1,0
05-17-20,Jefferson,28,0,25,0,3,0,26,0,1452,50,1478,50,0,0,-1,0,1,28,0,0,0
05-17-20,Johnson,16,0,16,0,0,0,15,0,1864,25,1879,25,0,0,0,11,0,5,0,0,0
05-17-20,Knox,309,3,304,3,5,0,352,5,11985,187,12337,192,0,5,1,27,2,277,1,35,5
05-17-20,Lake,402,3,401,3,1,0,402,3,1275,17,1677,20,0,0,2,342,1,60,0,0,0
05-17-20,Lauderdale,46,0,45,0,1,0,60,0,2975,59,3035,59,0,0,-1,20,1,26,0,7,1
05-17-20,Lawrence,19,0,19,0,0,0,21,0,1241,44,1262,44,0,0,0,2,0,17,0,3,0
05-17-20,Lewis,3,0,3,0,0,0,3,0,232,12,235,12,0,0,0,0,0,3,0,0,0
05-17-20,Lincoln,17,0,17,0,0,0,22,1,1026,42,1048,43,0,0,0,0,0,17,0,2,0
05-17-20,Loudon,88,38,86,38,2,0,93,38,1438,206,1531,244,0,0,38,42,0,46,0,6,0
05-17-20,Macon,89,4,89,4,0,0,105,5,1156,47,1261,52,0,3,4,23,0,63,0,12,3
05-17-20,Madison,159,1,159,1,0,0,179,2,4136,166,4315,168,0,2,1,8,0,149,0,19,2
05-17-20,Marion,34,2,33,2,1,0,39,2,650,21,689,23,0,1,2,3,0,30,1,12,2
05-17-20,Marshall,25,0,25,0,0,0,28,0,869,28,897,28,0,1,0,2,0,22,0,5,1
05-17-20,Maury,68,4,68,4,0,0,78,6,2400,93,2478,99,0,0,2,13,2,55,0,7,1
05-17-20,McMinn,128,0,128,0,0,0,138,0,2175,77,2313,77,0,12,-3,13,3,103,0,17,12
05-17-20,McNairy,12,0,12,0,0,0,17,0,602,16,619,16,0,0,-1,0,1,12,0,1,0
05-17-20,Meigs,21,0,21,0,0,0,26,0,389,12,415,12,0,0,-1,6,1,15,0,3,0
05-17-20,Monroe,59,17,56,17,3,0,60,17,752,43,812,60,0,1,16,33,1,25,0,8,3
05-17-20,Montgomery,214,6,212,6,2,0,242,8,5824,327,6066,335,0,2,2,48,4,164,1,24,3
05-17-20,Moore,3,0,3,0,0,0,4,0,266,12,270,12,0,0,0,0,0,3,0,0,0
05-17-20,Morgan,11,0,11,0,0,0,13,0,2844,17,2857,17,0,0,0,5,0,6,0,0,0
05-17-20,Obion,22,1,21,1,1,0,23,1,769,51,792,52,0,1,1,5,0,16,0,1,1
05-17-20,Out of State,215,6,215,6,0,0,233,4,40098,1780,40331,1784,0,5,6,31,0,179,0,16,1
05-17-20,Overton,18,2,18,2,0,0,18,2,1054,67,1072,69,0,0,2,5,0,13,0,2,0
05-17-20,Pending,0,0,0,0,0,0,0,0,30621,783,30621,783,0,0,0,-1,0,1,0,0,0
05-17-20,Perry,13,0,13,0,0,0,15,0,130,3,145,3,0,0,0,0,0,13,0,0,0
05-17-20,Pickett,2,1,2,1,0,0,2,1,216,0,218,1,0,0,1,2,0,0,0,0,0
05-17-20,Polk,16,1,16,1,0,0,20,1,418,21,438,22,0,0,1,0,0,16,0,3,0
05-17-20,Putnam,244,3,244,3,0,0,315,3,3514,29,3829,32,0,5,1,95,2,144,0,6,5
05-17-20,Rhea,7,2,7,2,0,0,10,2,932,47,942,49,0,0,2,2,0,5,0,0,0
05-17-20,Roane,16,1,12,1,4,0,18,1,2592,17,2610,18,0,0,0,4,1,12,0,2,0
05-17-20,Robertson,279,9,278,9,1,0,328,12,2537,86,2865,98,0,0,2,60,7,219,1,29,2
05-17-20,Rutherford,890,28,884,28,6,0,1028,39,8945,343,9973,382,0,19,17,170,11,701,1,78,24
05-17-20,Scott,12,0,11,0,1,0,11,0,541,32,552,32,0,0,0,-1,0,13,0,0,0
05-17-20,Sequatchie,13,0,13,0,0,0,12,0,740,22,752,22,0,0,0,5,0,8,0,2,0
05-17-20,Sevier,75,0,71,0,4,0,78,0,3125,100,3203,100,0,2,0,8,0,65,0,7,2
05-17-20,Shelby,3827,122,3816,122,11,0,4520,156,42420,2319,46940,2475,0,85,89,753,33,2989,7,464,110
05-17-20,Smith,25,0,24,0,1,0,29,0,719,27,748,27,0,1,0,-1,0,25,0,1,1
05-17-20,Stewart,7,0,7,0,0,0,7,0,288,14,295,14,0,0,0,0,0,7,0,1,0
05-17-20,Sullivan,61,1,58,1,3,0,61,0,3151,222,3212,222,0,2,1,6,0,53,1,7,2
05-17-20,Sumner,769,8,760,8,9,0,1001,14,5666,323,6667,337,0,41,2,67,6,661,1,201,45
05-17-20,Tipton,409,1,407,1,2,0,421,1,3038,173,3459,174,0,2,-1,204,2,203,0,21,3
05-17-20,Trousdale,1386,2,1383,2,3,0,1401,2,1724,12,3125,14,0,4,2,23,0,1359,0,13,4
05-17-20,Unicoi,3,0,3,0,0,0,3,0,373,12,376,12,0,0,0,1,0,2,0,0,0
05-17-20,Union,4,0,4,0,0,0,4,0,396,18,400,18,0,0,0,1,0,3,0,0,0
05-17-20,Van Buren,4,1,4,1,0,0,4,1,291,3,295,4,0,0,1,2,0,2,0,1,0
05-17-20,Warren,17,1,17,1,0,0,17,1,1458,54,1475,55,0,0,0,5,1,12,0,0,0
05-17-20,Washington,65,0,65,0,0,0,86,0,2629,93,2715,93,0,0,0,7,0,58,0,5,0
05-17-20,Wayne,62,0,62,0,0,0,63,0,2156,17,2219,17,0,0,0,58,0,4,0,2,0
05-17-20,Weakley,30,2,30,2,0,0,30,3,846,38,876,41,0,0,2,4,0,26,0,2,0
05-17-20,White,21,1,19,1,2,0,21,1,1121,19,1142,20,0,0,1,5,0,16,0,2,0
05-17-20,Williamson,462,3,462,3,0,0,514,5,7538,339,8052,344,0,10,3,30,0,422,0,43,10
05-17-20,Wilson,332,6,329,6,3,0,402,8,4197,384,4599,392,0,8,2,27,4,297,0,29,8
05-16-20,Anderson,37,0,36,0,1,0,42,2,3653,232,3695,234,0,1,-1,6,1,30,0,3,1
05-16-20,Bedford,253,0,253,0,0,0,274,2,1923,52,2197,54,0,4,-4,36,4,213,0,10,5
05-16-20,Benton,6,0,6,0,0,0,7,0,646,7,653,7,0,1,0,0,0,5,0,2,1
05-16-20,Bledsoe,607,1,607,1,0,0,613,1,3081,11,3694,12,0,1,1,2,0,604,0,4,1
05-16-20,Blount,79,0,75,0,4,0,92,0,2476,81,2568,81,0,3,-2,5,2,71,0,5,3
05-16-20,Bradley,77,0,77,0,0,0,85,0,1882,77,1967,77,0,1,-2,16,2,60,0,12,1
05-16-20,Campbell,18,0,17,0,1,0,24,0,1122,23,1146,23,0,1,0,0,0,17,0,2,1
05-16-20,Cannon,12,0,12,0,0,0,22,0,404,18,426,18,0,0,0,0,0,12,0,2,0
05-16-20,Carroll,27,0,22,0,5,0,23,0,891,29,914,29,0,1,0,4,0,22,0,5,1
05-16-20,Carter,23,0,22,0,1,0,24,2,1085,16,1109,18,0,1,-1,3,1,19,0,2,1
05-16-20,Cheatham,97,0,97,0,0,0,111,4,1361,44,1472,48,0,0,-1,29,1,68,0,8,0
05-16-20,Chester,11,0,11,0,0,0,13,0,480,92,493,92,0,0,0,2,0,9,0,1,0
05-16-20,Claiborne,7,0,7,0,0,0,7,0,527,15,534,15,0,0,0,1,0,6,0,0,0
05-16-20,Clay,7,0,7,0,0,0,7,0,330,9,337,9,0,0,0,1,0,6,0,0,0
05-16-20,Cocke,22,0,20,0,2,0,27,1,770,16,797,17,0,0,0,3,0,19,0,1,0
05-16-20,Coffee,60,0,59,0,1,0,64,4,1745,50,1809,54,0,0,-1,13,1,47,0,5,0
05-16-20,Crockett,17,0,15,0,2,0,19,0,387,3,406,3,0,1,0,9,0,7,0,1,1
05-16-20,Cumberland,90,1,89,1,1,0,118,1,2886,46,3004,47,0,1,-1,4,2,85,0,9,1
05-16-20,Davidson,3879,77,3876,77,3,0,4387,93,40308,791,44695,884,0,41,22,599,55,3239,3,333,53
05-16-20,Decatur,5,0,5,0,0,0,5,0,254,16,259,16,0,0,0,1,0,4,0,0,0
05-16-20,Dekalb,30,1,30,1,0,0,34,1,1019,51,1053,52,0,0,1,5,0,25,0,0,0
05-16-20,Dickson,92,1,92,1,0,0,120,7,1598,32,1718,39,0,0,1,7,0,85,0,12,0
05-16-20,Dyer,46,0,45,0,1,0,54,1,1086,19,1140,20,0,0,-1,4,1,42,0,6,0
05-16-20,Fayette,94,4,93,4,1,0,125,5,2242,385,2367,390,0,2,4,21,0,71,0,13,2
05-16-20,Fentress,6,0,6,0,0,0,6,0,534,8,540,8,0,0,0,1,0,5,0,1,0
05-16-20,Franklin,45,0,45,0,0,0,53,0,1589,38,1642,38,0,1,0,8,0,36,0,4,1
05-16-20,Gibson,60,0,56,0,4,0,68,2,1727,37,1795,39,0,1,-1,3,1,56,0,4,1
05-16-20,Giles,11,1,11,1,0,0,11,0,747,11,758,11,0,0,1,1,0,10,0,1,0
05-16-20,Grainger,7,0,6,0,1,0,8,0,471,3,479,3,0,0,0,0,0,7,0,2,0
05-16-20,Greene,46,0,45,0,1,0,52,0,1499,27,1551,27,0,2,0,2,0,42,0,8,2
05-16-20,Grundy,27,0,27,0,0,0,33,0,403,9,436,9,0,1,0,2,0,24,0,10,1
05-16-20,Hamblen,30,0,24,0,6,0,29,0,1945,43,1974,43,0,2,0,6,0,22,0,4,2
05-16-20,Hamilton,350,7,348,7,2,0,368,8,8160,1045,8528,1053,0,13,0,134,7,203,0,54,15
05-16-20,Hancock,0,0,0,0,0,0,0,0,105,6,105,6,0,0,0,0,0,0,0,0,0
05-16-20,Hardeman,187,2,187,2,0,0,192,2,4692,32,4884,34,0,0,1,160,1,27,0,3,0
05-16-20,Hardin,9,0,9,0,0,0,11,0,1258,63,1269,63,0,0,0,2,0,7,0,2,0
05-16-20,Hawkins,31,0,31,0,0,0,43,0,1179,24,1222,24,0,2,0,0,0,29,0,6,2
05-16-20,Haywood,30,0,29,0,1,0,33,0,617,38,650,38,0,1,0,2,0,27,0,6,1
05-16-20,Henderson,11,0,11,0,0,0,15,1,769,15,784,16,0,0,0,1,0,10,0,0,0
05-16-20,Henry,17,0,17,0,0,0,20,0,983,40,1003,40,0,0,0,4,0,13,0,3,0
05-16-20,Hickman,50,0,50,0,0,0,71,0,791,18,862,18,0,0,-1,6,1,44,0,2,0
05-16-20,Houston,7,0,7,0,0,0,9,1,213,4,222,5,0,0,0,0,0,7,0,5,0
05-16-20,Humphreys,13,1,12,0,1,1,13,0,472,2,485,2,0,1,1,0,0,12,0,1,1
05-16-20,Jackson,12,1,12,1,0,0,15,1,538,4,553,5,0,0,1,4,0,8,0,1,0
05-16-20,Jefferson,28,0,25,0,3,0,26,0,1402,39,1428,39,0,0,0,1,0,27,0,0,0
05-16-20,Johnson,16,0,16,0,0,0,15,0,1839,4,1854,4,0,0,-2,11,2,5,0,0,0
05-16-20,Knox,306,0,301,0,5,0,347,0,11798,303,12145,303,0,5,-4,26,4,275,0,34,5
05-16-20,Lake,399,0,398,0,1,0,399,0,1258,4,1657,4,0,0,0,340,0,59,0,0,0
05-16-20,Lauderdale,46,1,45,1,1,0,60,1,2916,33,2976,34,0,0,1,21,0,25,0,7,1
05-16-20,Lawrence,19,0,19,0,0,0,21,0,1197,22,1218,22,0,0,0,2,0,17,0,3,0
05-16-20,Lewis,3,0,3,0,0,0,3,0,220,7,223,7,0,0,0,0,0,3,0,0,0
05-16-20,Lincoln,17,1,17,1,0,0,21,1,984,34,1005,35,0,0,0,0,1,17,0,2,0
05-16-20,Loudon,50,1,48,1,2,0,55,1,1232,42,1287,43,0,0,-3,4,4,46,1,6,0
05-16-20,Macon,85,7,85,7,0,0,100,8,1109,40,1209,48,0,3,5,19,2,63,0,12,3
05-16-20,Madison,158,0,158,0,0,0,177,0,3970,117,4147,117,0,2,-1,7,1,149,0,19,2
05-16-20,Marion,32,0,31,0,1,0,37,0,629,9,666,9,0,1,0,1,0,30,0,11,2
05-16-20,Marshall,25,1,25,1,0,0,28,1,841,10,869,11,0,1,1,2,0,22,0,5,1
05-16-20,Maury,64,1,64,1,0,0,72,1,2307,47,2379,48,0,0,0,11,1,53,0,7,1
05-16-20,McMinn,128,0,128,0,0,0,138,0,2098,30,2236,30,1,12,-7,16,6,100,0,17,12
05-16-20,McNairy,12,0,12,0,0,0,17,0,586,16,603,16,0,0,0,1,0,11,0,1,0
05-16-20,Meigs,21,0,21,0,0,0,26,0,377,5,403,5,0,0,-3,7,3,14,0,3,0
05-16-20,Monroe,42,0,39,0,3,0,43,2,709,18,752,20,0,1,0,17,0,24,0,8,1
05-16-20,Montgomery,208,3,206,3,2,0,234,3,5497,88,5731,91,0,2,0,46,3,160,1,23,3
05-16-20,Moore,3,0,3,0,0,0,4,0,254,3,258,3,0,0,0,0,0,3,0,0,0
05-16-20,Morgan,11,0,11,0,0,0,13,0,2827,19,2840,19,0,0,0,5,0,6,0,0,0
05-16-20,Obion,21,2,20,2,1,0,22,2,718,19,740,21,0,1,2,4,0,16,0,1,1
05-16-20,Out of State,209,3,209,3,0,0,229,3,38318,1242,38547,1245,0,5,1,25,2,179,0,16,1
05-16-20,Overton,16,0,16,0,0,0,16,0,987,99,1003,99,0,0,-3,3,3,13,0,2,0
05-16-20,Pending,0,0,0,0,0,0,0,0,29838,684,29838,684,0,0,0,-1,0,1,0,0,0
05-16-20,Perry,13,0,13,0,0,0,15,0,127,4,142,4,0,0,0,0,0,13,0,0,0
05-16-20,Pickett,1,0,1,0,0,0,1,0,216,7,217,7,0,0,0,1,0,0,0,0,0
05-16-20,Polk,15,0,15,0,0,0,19,0,397,9,416,9,0,0,-1,-1,1,16,0,3,0
05-16-20,Putnam,241,2,241,2,0,0,312,3,3485,40,3797,43,0,5,1,94,1,142,0,6,5
05-16-20,Rhea,5,0,5,0,0,0,8,1,885,20,893,21,0,0,0,0,0,5,0,0,0
05-16-20,Roane,15,0,11,0,4,0,17,0,2575,92,2592,92,0,0,0,4,0,11,0,2,0
05-16-20,Robertson,270,6,269,6,1,0,316,13,2451,89,2767,102,0,0,-2,58,8,212,0,28,2
05-16-20,Rutherford,862,17,856,11,6,6,989,28,8602,456,9591,484,0,19,0,153,17,690,1,77,23
05-16-20,Scott,12,0,11,0,1,0,11,0,509,12,520,12,0,0,0,-1,0,13,0,0,0
05-16-20,Sequatchie,13,0,13,0,0,0,12,0,718,12,730,12,0,0,0,5,0,8,0,2,0
05-16-20,Sevier,75,0,71,0,4,0,78,0,3025,61,3103,61,0,2,-2,8,2,65,0,7,2
05-16-20,Shelby,3705,92,3694,91,11,1,4364,125,40101,2055,44465,2180,4,85,38,664,50,2956,9,457,109
05-16-20,Smith,25,0,24,0,1,0,29,0,692,22,721,22,0,1,0,-1,0,25,0,1,1
05-16-20,Stewart,7,0,7,0,0,0,7,0,274,3,281,3,0,0,0,0,0,7,0,1,0
05-16-20,Sullivan,60,0,57,0,3,0,61,0,2929,250,2990,250,0,2,0,5,0,53,0,6,2
05-16-20,Sumner,761,13,752,8,9,5,987,18,5343,163,6330,181,0,41,6,65,7,655,0,200,44
05-16-20,Tipton,408,1,406,1,2,0,420,1,2865,126,3285,127,0,2,-1,205,2,201,1,21,3
05-16-20,Trousdale,1384,2,1381,0,3,2,1399,0,1712,11,3111,11,0,4,1,21,1,1359,0,13,4
05-16-20,Unicoi,3,0,3,0,0,0,3,0,361,5,364,5,0,0,0,1,0,2,0,0,0
05-16-20,Union,4,0,4,0,0,0,4,0,378,3,382,3,0,0,0,1,0,3,0,0,0
05-16-20,Van Buren,3,0,3,0,0,0,3,0,288,6,291,6,0,0,0,1,0,2,0,1,0
05-16-20,Warren,16,1,16,1,0,0,16,1,1404,49,1420,50,0,0,0,5,1,11,0,0,0
05-16-20,Washington,65,0,65,0,0,0,86,0,2536,49,2622,49,0,0,0,7,0,58,0,5,0
05-16-20,Wayne,62,1,62,1,0,0,63,1,2139,84,2202,85,0,0,1,58,0,4,0,2,0
05-16-20,Weakley,28,0,28,0,0,0,27,0,808,15,835,15,0,0,0,2,0,26,0,2,0
05-16-20,White,20,1,18,1,2,0,20,2,1102,44,1122,46,0,0,0,4,1,16,1,2,0
05-16-20,Williamson,459,5,459,5,0,0,509,5,7199,182,7708,187,0,10,-2,27,7,422,0,43,10
05-16-20,Wilson,326,3,323,1,3,2,394,3,3813,90,4207,93,0,8,1,25,2,293,0,29,8
05-15-20,Anderson,37,1,36,1,1,0,40,0,3421,87,3461,87,0,1,0,7,1,29,0,3,1
05-15-20,Bedford,253,3,253,3,0,0,272,3,1871,41,2143,44,0,4,-3,40,6,209,0,10,5
05-15-20,Benton,6,0,6,0,0,0,7,0,639,1,646,1,0,1,0,0,0,5,0,2,1
05-15-20,Bledsoe,606,1,606,1,0,0,612,0,3070,17,3682,17,0,1,-1,1,2,604,0,4,1
05-15-20,Blount,79,0,75,0,4,0,92,1,2395,73,2487,74,0,3,0,7,0,69,0,5,3
05-15-20,Bradley,77,0,77,0,0,0,85,0,1805,63,1890,63,0,1,-3,18,3,58,0,12,1
05-15-20,Campbell,18,0,17,0,1,0,24,0,1099,45,1123,45,0,1,0,0,0,17,0,2,1
05-15-20,Cannon,12,0,12,0,0,0,22,0,386,4,408,4,0,0,-1,0,1,12,0,2,0
05-15-20,Carroll,27,1,22,1,5,0,23,1,862,6,885,7,0,1,0,4,1,22,1,5,1
05-15-20,Carter,23,0,22,0,1,0,22,0,1069,31,1091,31,0,1,0,4,0,18,0,2,1
05-15-20,Cheatham,97,1,97,1,0,0,107,1,1317,8,1424,9,0,0,-3,30,4,67,0,8,0
05-15-20,Chester,11,0,11,0,0,0,13,0,388,3,401,3,0,0,0,2,0,9,0,1,0
05-15-20,Claiborne,7,0,7,0,0,0,7,0,512,20,519,20,0,0,0,1,0,6,0,0,0
05-15-20,Clay,7,0,7,0,0,0,7,0,321,5,328,5,0,0,0,1,0,6,0,0,0
05-15-20,Cocke,22,0,20,0,2,0,26,3,754,27,780,30,0,0,0,3,0,19,0,1,0
05-15-20,Coffee,60,0,59,0,1,0,60,1,1695,53,1755,54,0,0,-1,14,1,46,0,5,0
05-15-20,Crockett,17,0,15,0,2,0,19,0,384,0,403,0,0,1,0,9,0,7,0,1,1
05-15-20,Cumberland,89,0,88,0,1,0,117,1,2840,104,2957,105,0,1,-4,5,4,83,0,9,1
05-15-20,Davidson,3802,28,3799,28,3,0,4294,43,39517,419,43811,462,1,41,-110,577,137,3184,1,330,52
05-15-20,Decatur,5,0,5,0,0,0,5,0,238,7,243,7,0,0,0,1,0,4,0,0,0
05-15-20,Dekalb,29,0,29,0,0,0,33,0,968,9,1001,9,0,0,-3,4,3,25,0,0,0
05-15-20,Dickson,91,1,91,1,0,0,113,3,1566,24,1679,27,0,0,-1,6,2,85,0,12,0
05-15-20,Dyer,46,0,45,0,1,0,53,0,1067,6,1120,6,0,0,-1,5,1,41,0,6,0
05-15-20,Fayette,90,0,89,0,1,0,120,1,1857,24,1977,25,0,2,-6,17,6,71,0,13,2
05-15-20,Fentress,6,0,6,0,0,0,6,0,526,12,532,12,0,0,-1,1,1,5,0,1,0
05-15-20,Franklin,45,2,45,2,0,0,53,4,1551,44,1604,48,0,1,1,8,1,36,0,4,1
05-15-20,Gibson,60,1,56,1,4,0,66,1,1690,21,1756,22,0,1,1,4,0,55,0,4,1
05-15-20,Giles,10,0,10,0,0,0,11,0,736,28,747,28,0,0,0,0,0,10,0,1,0
05-15-20,Grainger,7,0,6,0,1,0,8,0,468,22,476,22,0,0,0,0,0,7,0,2,0
05-15-20,Greene,46,0,45,0,1,0,52,0,1472,51,1524,51,0,2,0,2,0,42,0,8,2
05-15-20,Grundy,27,0,27,0,0,0,33,0,394,12,427,12,0,1,-1,2,1,24,0,10,1
05-15-20,Hamblen,30,1,24,1,6,0,29,1,1902,69,1931,70,0,2,0,6,1,22,0,4,2
05-15-20,Hamilton,343,15,341,15,2,0,360,12,7115,558,7475,570,0,13,0,134,15,196,3,54,15
05-15-20,Hancock,0,0,0,0,0,0,0,0,99,2,99,2,0,0,0,0,0,0,0,0,0
05-15-20,Hardeman,185,1,185,1,0,0,190,2,4660,13,4850,15,0,0,1,159,0,26,0,3,0
05-15-20,Hardin,9,0,9,0,0,0,11,1,1195,62,1206,63,0,0,0,2,0,7,0,2,0
05-15-20,Hawkins,31,0,31,0,0,0,43,0,1155,31,1198,31,0,2,0,0,0,29,0,6,2
05-15-20,Haywood,30,0,29,0,1,0,33,0,579,6,612,6,0,1,-2,2,2,27,0,6,1
05-15-20,Henderson,11,1,11,1,0,0,14,2,754,10,768,12,0,0,1,1,0,10,0,0,0
05-15-20,Henry,17,0,17,0,0,0,20,0,943,7,963,7,0,0,0,4,0,13,0,3,0
05-15-20,Hickman,50,1,50,1,0,0,71,1,773,20,844,21,0,0,1,7,0,43,0,2,0
05-15-20,Houston,7,0,7,0,0,0,8,0,209,1,217,1,0,0,-1,0,1,7,0,5,0
05-15-20,Humphreys,12,0,12,0,0,0,13,0,470,5,483,5,0,1,-2,-1,2,12,0,1,1
05-15-20,Jackson,11,1,11,1,0,0,14,1,534,6,548,7,0,0,1,3,0,8,0,1,0
05-15-20,Jefferson,28,0,25,0,3,0,26,0,1363,40,1389,40,0,0,0,1,0,27,0,0,0
05-15-20,Johnson,16,0,16,0,0,0,15,0,1835,7,1850,7,0,0,0,13,0,3,0,0,0
05-15-20,Knox,306,1,301,1,5,0,347,4,11495,550,11842,554,0,5,-3,30,4,271,0,34,5
05-15-20,Lake,399,0,398,0,1,0,399,0,1254,14,1653,14,0,0,-3,340,3,59,0,0,0
05-15-20,Lauderdale,45,0,44,0,1,0,59,0,2883,16,2942,16,0,0,0,20,0,25,0,7,0
05-15-20,Lawrence,19,0,19,0,0,0,21,0,1175,27,1196,27,0,0,0,2,0,17,0,3,0
05-15-20,Lewis,3,0,3,0,0,0,3,0,213,6,216,6,0,0,0,0,0,3,0,0,0
05-15-20,Lincoln,16,0,16,0,0,0,20,0,950,26,970,26,0,0,0,0,0,16,0,2,0
05-15-20,Loudon,49,2,47,2,2,0,54,2,1190,43,1244,45,0,0,0,7,2,42,1,5,0
05-15-20,Macon,78,1,78,1,0,0,92,1,1069,6,1161,7,0,3,-3,14,4,61,0,12,3
05-15-20,Madison,158,1,158,1,0,0,177,2,3853,74,4030,76,0,2,-2,8,3,148,0,19,2
05-15-20,Marion,32,2,31,2,1,0,37,2,620,9,657,11,0,1,2,1,0,30,0,11,2
05-15-20,Marshall,24,0,24,0,0,0,27,1,831,26,858,27,0,1,-1,1,1,22,0,5,1
05-15-20,Maury,63,1,63,1,0,0,71,0,2260,61,2331,61,0,0,-3,11,4,52,0,7,1
05-15-20,McMinn,128,0,128,0,0,0,138,2,2068,49,2206,51,1,11,-9,23,8,94,0,17,12
05-15-20,McNairy,12,0,12,0,0,0,17,0,570,13,587,13,0,0,0,1,0,11,0,1,0
05-15-20,Meigs,21,0,21,0,0,0,26,1,372,14,398,15,0,0,-3,10,3,11,0,3,0
05-15-20,Monroe,42,2,39,2,3,0,41,2,691,18,732,20,0,1,2,17,0,24,0,8,1
05-15-20,Montgomery,205,0,203,0,2,0,231,2,5409,85,5640,87,0,2,-2,46,2,157,0,22,3
05-15-20,Moore,3,0,3,0,0,0,4,0,251,11,255,11,0,0,0,0,0,3,0,0,0
05-15-20,Morgan,11,0,11,0,0,0,13,0,2808,9,2821,9,0,0,0,5,0,6,0,0,0
05-15-20,Obion,19,0,18,0,1,0,20,0,699,18,719,18,0,1,0,2,0,16,0,1,1
05-15-20,Out of State,206,1,206,1,0,0,226,1,37076,1320,37302,1321,0,5,-2,24,3,177,0,16,1
05-15-20,Overton,16,0,16,0,0,0,16,0,888,30,904,30,0,0,0,6,0,10,0,2,0
05-15-20,Pending,0,0,0,0,0,0,0,0,29154,328,29154,328,0,0,0,-1,0,1,0,0,0
05-15-20,Perry,13,0,13,0,0,0,15,0,123,6,138,6,0,0,-1,0,1,13,0,0,0
05-15-20,Pickett,1,0,1,0,0,0,1,0,209,3,210,3,0,0,0,1,0,0,0,0,0
05-15-20,Polk,15,0,15,0,0,0,19,0,388,9,407,9,0,0,-1,0,1,15,0,3,0
05-15-20,Putnam,239,34,239,34,0,0,309,22,3445,143,3754,165,0,5,31,93,3,141,0,6,5
05-15-20,Rhea,5,0,5,0,0,0,7,0,865,29,872,29,0,0,0,0,0,5,0,0,0
05-15-20,Roane,15,0,11,0,4,0,17,0,2483,70,2500,70,0,0,0,4,0,11,0,2,0
05-15-20,Robertson,264,6,263,6,1,0,303,4,2362,55,2665,59,0,0,-6,60,12,204,0,28,2
05-15-20,Rutherford,845,21,845,21,0,0,961,18,8146,124,9107,142,0,19,-13,153,34,673,1,76,23
05-15-20,Scott,12,0,11,0,1,0,11,0,497,12,508,12,0,0,0,-1,0,13,0,0,0
05-15-20,Sequatchie,13,0,13,0,0,0,12,0,706,12,718,12,0,0,0,5,0,8,0,2,0
05-15-20,Sevier,75,2,71,2,4,0,78,2,2964,79,3042,81,0,2,-1,10,3,63,0,7,2
05-15-20,Shelby,3613,15,3603,15,10,0,4239,24,38046,743,42285,767,0,81,-63,626,78,2906,2,448,105
05-15-20,Smith,25,0,24,0,1,0,29,0,670,5,699,5,0,1,0,-1,0,25,0,1,1
05-15-20,Stewart,7,0,7,0,0,0,7,0,271,4,278,4,0,0,0,0,0,7,0,1,0
05-15-20,Sullivan,60,1,57,1,3,0,61,1,2679,150,2740,151,0,2,1,5,0,53,0,6,2
05-15-20,Sumner,748,6,744,5,4,1,969,6,5180,113,6149,119,0,41,-1,59,7,648,0,200,44
05-15-20,Tipton,407,3,405,3,2,0,419,4,2739,64,3158,68,0,2,-1,206,4,199,0,20,3
05-15-20,Trousdale,1382,0,1381,0,1,0,1399,1,1701,11,3100,12,1,4,-4,20,3,1358,0,13,4
05-15-20,Unicoi,3,0,3,0,0,0,3,0,356,3,359,3,0,0,0,1,0,2,0,0,0
05-15-20,Union,4,0,4,0,0,0,4,0,375,8,379,8,0,0,0,1,0,3,0,0,0
05-15-20,Van Buren,3,0,3,0,0,0,3,0,282,3,285,3,0,0,0,1,0,2,0,1,0
05-15-20,Warren,15,0,15,0,0,0,15,0,1355,32,1370,32,0,0,0,5,0,10,0,0,0
05-15-20,Washington,65,0,65,0,0,0,86,2,2487,75,2573,77,0,0,-1,7,1,58,0,5,0
05-15-20,Wayne,61,28,61,28,0,0,62,28,2055,1190,2117,1218,0,0,28,57,0,4,0,2,0
05-15-20,Weakley,28,0,28,0,0,0,27,0,793,18,820,18,0,0,-1,2,1,26,0,2,0
05-15-20,White,19,0,17,0,2,0,18,0,1058,21,1076,21,0,0,-1,4,1,15,0,1,0
05-15-20,Williamson,454,3,454,3,0,0,504,4,7017,126,7521,130,0,10,-1,29,4,415,0,43,10
05-15-20,Wilson,323,4,322,3,1,1,391,5,3723,100,4114,105,0,8,3,24,1,291,0,29,8
05-14-20,Anderson,36,0,35,0,1,0,40,2,3334,138,3374,140,0,1,-1,7,1,28,0,3,1
05-14-20,Bedford,250,0,250,0,0,0,269,2,1830,56,2099,58,1,4,-6,43,5,203,0,10,4
05-14-20,Benton,6,0,6,0,0,0,7,0,638,4,645,4,0,1,0,0,0,5,0,2,1
05-14-20,Bledsoe,605,0,605,0,0,0,612,1,3053,14,3665,15,0,1,-1,2,1,602,0,4,1
05-14-20,Blount,79,1,75,1,4,0,91,2,2322,44,2413,46,0,3,0,7,1,69,0,5,3
05-14-20,Bradley,77,4,77,4,0,0,85,5,1742,76,1827,81,0,1,4,21,0,55,0,12,1
05-14-20,Campbell,18,0,17,0,1,0,24,0,1054,15,1078,15,0,1,0,0,0,17,0,2,1
05-14-20,Cannon,12,0,12,0,0,0,22,0,382,4,404,4,0,0,0,1,0,11,0,2,0
05-14-20,Carroll,26,1,21,1,5,0,22,1,856,11,878,12,0,1,1,4,0,21,1,4,1
05-14-20,Carter,23,1,22,1,1,0,22,0,1038,15,1060,15,0,1,1,4,0,18,0,2,1
05-14-20,Cheatham,96,3,96,3,0,0,106,2,1309,13,1415,15,0,0,2,33,1,63,0,8,0
05-14-20,Chester,11,0,11,0,0,0,13,0,385,4,398,4,0,0,0,2,0,9,0,1,0
05-14-20,Claiborne,7,0,7,0,0,0,7,0,492,35,499,35,0,0,-1,1,1,6,0,0,0
05-14-20,Clay,7,0,7,0,0,0,7,0,316,4,323,4,0,0,0,1,0,6,0,0,0
05-14-20,Cocke,22,1,20,1,2,0,23,1,727,14,750,15,0,0,1,3,0,19,0,1,0
05-14-20,Coffee,60,4,59,4,1,0,59,4,1642,70,1701,74,0,0,0,15,4,45,0,5,0
05-14-20,Crockett,17,0,15,0,2,0,19,1,384,5,403,6,0,1,-1,9,1,7,0,1,1
05-14-20,Cumberland,89,1,88,1,1,0,116,2,2736,59,2852,61,0,1,0,9,1,79,0,9,1
05-14-20,Davidson,3774,59,3771,59,3,0,4251,77,39098,1302,43349,1379,3,40,-74,687,130,3047,5,329,49
05-14-20,Decatur,5,1,5,1,0,0,5,1,231,8,236,9,0,0,1,1,0,4,0,0,0
05-14-20,Dekalb,29,0,29,0,0,0,33,1,959,11,992,12,0,0,-3,7,3,22,0,0,0
05-14-20,Dickson,90,2,90,2,0,0,110,3,1542,34,1652,37,0,0,1,7,1,83,0,12,0
05-14-20,Dyer,46,0,45,0,1,0,53,1,1061,27,1114,28,0,0,-1,6,1,40,0,6,0
05-14-20,Fayette,90,3,89,3,1,0,119,3,1833,79,1952,82,1,2,0,23,2,65,1,13,2
05-14-20,Fentress,6,0,6,0,0,0,6,0,514,12,520,12,0,0,0,2,0,4,0,1,0
05-14-20,Franklin,43,1,43,1,0,0,49,1,1507,54,1556,55,0,1,1,7,0,35,0,4,1
05-14-20,Gibson,59,0,55,0,4,0,65,0,1669,35,1734,35,0,1,-4,3,4,55,0,4,1
05-14-20,Giles,10,0,10,0,0,0,11,0,708,21,719,21,0,0,0,0,0,10,0,1,0
05-14-20,Grainger,7,0,6,0,1,0,8,1,446,18,454,19,0,0,0,0,0,7,0,2,0
05-14-20,Greene,46,0,45,0,1,0,52,0,1421,41,1473,41,0,2,0,2,0,42,0,8,2
05-14-20,Grundy,27,0,27,0,0,0,33,0,382,8,415,8,0,1,0,3,0,23,0,10,1
05-14-20,Hamblen,29,0,23,0,6,0,28,1,1833,85,1861,86,0,2,-2,6,2,21,0,4,2
05-14-20,Hamilton,328,17,326,17,2,0,348,18,6557,167,6905,185,0,13,7,134,10,181,2,51,15
05-14-20,Hancock,0,0,0,0,0,0,0,0,97,2,97,2,0,0,0,0,0,0,0,0,0
05-14-20,Hardeman,184,1,184,1,0,0,188,1,4647,28,4835,29,0,0,-1,158,2,26,0,3,0
05-14-20,Hardin,9,1,9,1,0,0,10,0,1133,79,1143,79,0,0,0,2,1,7,1,2,0
05-14-20,Hawkins,31,0,31,0,0,0,43,0,1124,29,1167,29,0,2,0,0,0,29,0,6,2
05-14-20,Haywood,30,0,29,0,1,0,33,1,573,13,606,14,0,1,0,4,0,25,0,6,1
05-14-20,Henderson,10,0,10,0,0,0,12,0,744,14,756,14,0,0,-1,0,1,10,0,0,0
05-14-20,Henry,17,1,17,1,0,0,20,1,936,14,956,15,0,0,1,4,0,13,0,3,0
05-14-20,Hickman,49,0,49,0,0,0,70,0,753,26,823,26,0,0,-1,6,1,43,0,2,0
05-14-20,Houston,7,0,7,0,0,0,8,0,208,7,216,7,0,0,0,1,0,6,0,5,0
05-14-20,Humphreys,12,0,12,0,0,0,13,0,465,13,478,13,0,1,0,1,0,10,0,1,1
05-14-20,Jackson,10,0,10,0,0,0,13,0,528,14,541,14,0,0,0,2,0,8,0,1,0
05-14-20,Jefferson,28,0,25,0,3,0,26,0,1323,33,1349,33,0,0,0,1,0,27,0,0,0
05-14-20,Johnson,16,0,16,0,0,0,15,0,1828,9,1843,9,0,0,0,13,0,3,0,0,0
05-14-20,Knox,305,3,300,3,5,0,343,8,10945,478,11288,486,0,5,0,33,3,267,0,34,5
05-14-20,Lake,399,0,398,0,1,0,399,0,1240,25,1639,25,0,0,-1,343,1,56,0,0,0
05-14-20,Lauderdale,45,1,44,1,1,0,59,3,2867,29,2926,32,0,0,0,20,1,25,0,7,0
05-14-20,Lawrence,19,0,19,0,0,0,21,0,1148,34,1169,34,0,0,0,2,0,17,0,3,0
05-14-20,Lewis,3,0,3,0,0,0,3,0,207,12,210,12,0,0,0,0,0,3,0,0,0
05-14-20,Lincoln,16,0,16,0,0,0,20,0,924,27,944,27,0,0,0,0,0,16,0,2,0
05-14-20,Loudon,47,0,45,0,2,0,52,1,1147,40,1199,41,0,0,0,7,0,40,0,4,0
05-14-20,Macon,77,2,77,2,0,0,91,3,1063,28,1154,31,0,3,-4,17,6,57,0,12,3
05-14-20,Madison,157,3,157,3,0,0,175,4,3779,94,3954,98,1,2,1,10,1,145,0,19,2
05-14-20,Marion,30,0,29,0,1,0,35,0,611,8,646,8,0,1,0,-1,0,30,0,11,2
05-14-20,Marshall,24,0,24,0,0,0,26,0,805,22,831,22,0,1,0,2,0,21,0,5,1
05-14-20,Maury,62,1,62,1,0,0,71,2,2199,70,2270,72,0,0,0,14,1,48,0,7,1
05-14-20,McMinn,128,0,128,0,0,0,136,4,2019,52,2155,56,1,10,-5,32,4,86,0,17,12
05-14-20,McNairy,12,0,12,0,0,0,17,0,557,16,574,16,0,0,0,1,0,11,0,1,0
05-14-20,Meigs,21,0,21,0,0,0,25,0,358,10,383,10,0,0,0,13,0,8,0,3,0
05-14-20,Monroe,40,3,37,3,3,0,39,3,673,22,712,25,0,1,1,15,2,24,0,8,1
05-14-20,Montgomery,205,5,203,4,2,1,229,4,5324,208,5553,212,0,2,4,48,1,155,1,22,3
05-14-20,Moore,3,0,3,0,0,0,4,0,240,10,244,10,0,0,0,0,0,3,0,0,0
05-14-20,Morgan,11,0,11,0,0,0,13,0,2799,30,2812,30,0,0,0,5,0,6,0,0,0
05-14-20,Obion,19,0,18,0,1,0,20,1,681,21,701,22,0,1,-1,2,1,16,0,1,1
05-14-20,Out of State,205,6,205,6,0,0,225,6,35756,1726,35981,1732,1,5,-2,26,7,174,0,16,1
05-14-20,Overton,16,0,16,0,0,0,16,0,858,17,874,17,0,0,0,6,0,10,0,2,0
05-14-20,Pending,0,0,0,0,0,0,0,0,28826,487,28826,487,0,0,0,-1,0,1,0,0,0
05-14-20,Perry,13,0,13,0,0,0,15,1,117,2,132,3,0,0,0,1,0,12,0,0,0
05-14-20,Pickett,1,0,1,0,0,0,1,0,206,1,207,1,0,0,0,1,0,0,0,0,0
05-14-20,Polk,15,0,15,0,0,0,19,0,379,15,398,15,0,0,-1,1,1,14,0,3,0
05-14-20,Putnam,205,11,205,11,0,0,287,13,3302,192,3589,205,0,5,7,62,4,138,0,6,5
05-14-20,Rhea,5,0,5,0,0,0,7,0,836,24,843,24,0,0,0,0,0,5,0,0,0
05-14-20,Roane,15,0,11,0,4,0,17,0,2413,68,2430,68,0,0,0,4,0,11,0,2,0
05-14-20,Robertson,258,10,257,10,1,0,299,18,2307,25,2606,43,0,0,0,66,10,192,0,28,2
05-14-20,Rutherford,824,16,824,16,0,0,943,17,8022,222,8965,239,-1,19,-7,166,24,639,0,75,22
05-14-20,Scott,12,0,11,0,1,0,11,0,485,11,496,11,0,0,0,-1,0,13,0,0,0
05-14-20,Sequatchie,13,0,13,0,0,0,12,3,694,10,706,13,0,0,0,5,0,8,0,2,0
05-14-20,Sevier,73,0,69,0,4,0,76,0,2885,67,2961,67,0,2,-2,11,2,60,0,7,2
05-14-20,Shelby,3598,56,3588,56,10,0,4215,80,37303,1845,41518,1925,6,81,-44,689,94,2828,3,446,102
05-14-20,Smith,25,0,24,0,1,0,29,0,665,11,694,11,0,1,0,-1,0,25,0,1,1
05-14-20,Stewart,7,0,7,0,0,0,7,0,267,12,274,12,0,0,0,0,0,7,0,1,0
05-14-20,Sullivan,59,0,56,0,3,0,60,0,2529,56,2589,56,0,2,-1,4,1,53,0,6,2
05-14-20,Sumner,742,7,739,7,3,0,963,7,5067,150,6030,157,1,41,-2,60,8,641,0,200,44
05-14-20,Tipton,404,1,402,1,2,0,415,0,2675,70,3090,70,0,2,-4,207,5,195,0,20,3
05-14-20,Trousdale,1382,1,1381,1,1,0,1398,2,1690,18,3088,20,0,3,-4,24,5,1355,0,13,4
05-14-20,Unicoi,3,0,3,0,0,0,3,0,353,6,356,6,0,0,0,1,0,2,0,0,0
05-14-20,Union,4,0,4,0,0,0,4,0,367,8,371,8,0,0,0,1,0,3,0,0,0
05-14-20,Van Buren,3,0,3,0,0,0,3,0,279,0,282,0,0,0,0,1,0,2,0,1,0
05-14-20,Warren,15,0,15,0,0,0,15,0,1323,16,1338,16,0,0,0,5,0,10,0,0,0
05-14-20,Washington,65,0,65,0,0,0,84,0,2412,56,2496,56,0,0,-1,8,1,57,0,5,0
05-14-20,Wayne,33,29,33,29,0,0,34,29,865,533,899,562,0,0,29,29,0,4,0,2,0
05-14-20,Weakley,28,0,28,0,0,0,27,0,775,14,802,14,0,0,0,3,0,25,0,2,0
05-14-20,White,19,0,17,0,2,0,18,0,1037,13,1055,13,0,0,-3,5,3,14,0,1,0
05-14-20,Williamson,451,5,451,5,0,0,500,5,6891,142,7391,147,0,10,3,30,2,411,0,43,10
05-14-20,Wilson,319,2,319,2,0,0,386,11,3623,79,4009,90,0,8,-3,21,5,290,0,29,8
05-13-20,Anderson,36,2,35,2,1,0,38,2,3196,151,3234,153,0,1,1,8,1,27,1,3,1
05-13-20,Bedford,250,4,250,4,0,0,267,4,1774,21,2041,25,0,3,-2,49,6,198,0,10,3
05-13-20,Benton,6,0,6,0,0,0,7,0,634,83,641,83,0,1,0,0,0,5,0,2,1
05-13-20,Bledsoe,605,1,605,1,0,0,611,1,3039,6,3650,7,0,1,0,3,1,601,0,4,1
05-13-20,Blount,78,1,74,1,4,0,89,0,2278,104,2367,104,0,3,-2,7,3,68,0,5,3
05-13-20,Bradley,73,1,73,1,0,0,80,2,1666,9,1746,11,0,1,-2,17,3,55,0,12,1
05-13-20,Campbell,18,0,17,0,1,0,24,0,1039,37,1063,37,0,1,0,0,0,17,0,2,1
05-13-20,Cannon,12,0,12,0,0,0,22,0,378,16,400,16,0,0,0,1,0,11,0,2,0
05-13-20,Carroll,25,0,20,0,5,0,21,0,845,28,866,28,0,1,0,3,0,21,0,3,1
05-13-20,Carter,22,0,21,0,1,0,22,0,1023,4,1045,4,0,1,-1,3,1,18,0,2,1
05-13-20,Cheatham,93,7,93,7,0,0,104,7,1296,46,1400,53,0,0,5,31,2,62,0,8,0
05-13-20,Chester,11,0,11,0,0,0,13,0,381,14,394,14,0,0,0,2,0,9,0,1,0
05-13-20,Claiborne,7,0,7,0,0,0,7,0,457,10,464,10,0,0,0,2,0,5,0,0,0
05-13-20,Clay,7,0,7,0,0,0,7,0,312,7,319,7,0,0,0,1,0,6,0,0,0
05-13-20,Cocke,21,0,19,0,2,0,22,0,713,24,735,24,0,0,-1,2,1,19,0,1,0
05-13-20,Coffee,56,0,55,0,1,0,55,0,1572,10,1627,10,0,0,0,15,0,41,0,5,0
05-13-20,Crockett,17,2,15,2,2,0,18,1,379,7,397,8,1,1,0,10,1,6,0,1,1
05-13-20,Cumberland,88,0,87,0,1,0,114,0,2677,105,2791,105,0,1,-1,9,1,78,0,9,1
05-13-20,Davidson,3715,111,3712,111,3,0,4174,130,37796,697,41970,827,4,37,-20,761,127,2917,4,324,45
05-13-20,Decatur,4,0,4,0,0,0,4,0,223,6,227,6,0,0,0,0,0,4,0,0,0
05-13-20,Dekalb,29,0,29,0,0,0,32,0,948,38,980,38,0,0,0,10,0,19,0,0,0
05-13-20,Dickson,88,0,88,0,0,0,107,0,1508,52,1615,52,0,0,-3,6,3,82,0,12,0
05-13-20,Dyer,46,1,45,1,1,0,52,0,1034,23,1086,23,0,0,0,7,1,39,0,6,0
05-13-20,Fayette,87,0,86,0,1,0,116,1,1754,96,1870,97,0,1,-3,23,3,63,0,12,1
05-13-20,Fentress,6,0,6,0,0,0,6,0,502,27,508,27,0,0,0,2,0,4,0,1,0
05-13-20,Franklin,42,0,42,0,0,0,48,0,1453,2,1501,2,0,1,0,6,0,35,0,4,1
05-13-20,Gibson,59,0,55,0,4,0,65,0,1634,27,1699,27,0,1,-1,7,1,51,0,4,1
05-13-20,Giles,10,0,10,0,0,0,11,0,687,1,698,1,0,0,0,0,0,10,0,1,0
05-13-20,Grainger,7,0,6,0,1,0,7,0,428,27,435,27,0,0,0,0,0,7,0,2,0
05-13-20,Greene,46,1,45,0,1,1,52,0,1380,9,1432,9,0,2,1,2,0,42,0,8,2
05-13-20,Grundy,27,0,27,0,0,0,33,0,374,3,407,3,0,1,0,3,0,23,0,10,1
05-13-20,Hamblen,29,1,23,1,6,0,27,2,1748,176,1775,178,0,2,1,8,0,19,0,4,2
05-13-20,Hamilton,311,29,309,29,2,0,330,26,6390,49,6720,75,0,13,23,127,6,171,3,49,15
05-13-20,Hancock,0,0,0,0,0,0,0,0,95,3,95,3,0,0,0,0,0,0,0,0,0
05-13-20,Hardeman,183,3,183,3,0,0,187,3,4619,1297,4806,1300,0,0,3,159,0,24,0,3,0
05-13-20,Hardin,8,0,8,0,0,0,10,1,1054,52,1064,53,0,0,0,2,0,6,0,1,0
05-13-20,Hawkins,31,0,31,0,0,0,43,0,1095,8,1138,8,0,2,0,0,0,29,0,6,2
05-13-20,Haywood,30,1,29,1,1,0,32,0,560,22,592,22,0,1,-3,4,4,25,0,6,1
05-13-20,Henderson,10,1,10,1,0,0,12,1,730,10,742,11,0,0,1,1,0,9,0,0,0
05-13-20,Henry,16,1,16,1,0,0,19,1,922,28,941,29,0,0,1,3,0,13,0,3,0
05-13-20,Hickman,49,0,49,0,0,0,70,1,727,6,797,7,0,0,0,7,0,42,0,2,0
05-13-20,Houston,7,0,7,0,0,0,8,0,201,3,209,3,0,0,0,1,0,6,0,5,0
05-13-20,Humphreys,12,0,12,0,0,0,13,0,452,14,465,14,0,1,0,1,0,10,0,1,1
05-13-20,Jackson,10,0,10,0,0,0,13,0,514,27,527,27,0,0,0,2,0,8,0,1,0
05-13-20,Jefferson,28,0,25,0,3,0,26,0,1290,82,1316,82,0,0,-1,1,1,27,0,0,0
05-13-20,Johnson,16,0,16,0,0,0,15,0,1819,33,1834,33,0,0,0,13,0,3,0,0,0
05-13-20,Knox,302,7,297,7,5,0,335,4,10467,328,10802,332,0,5,3,33,4,264,0,34,5
05-13-20,Lake,399,0,398,0,1,0,399,0,1215,10,1614,10,0,0,-1,344,1,55,0,0,0
05-13-20,Lauderdale,44,3,43,3,1,0,56,2,2838,121,2894,123,0,0,3,20,0,24,0,7,0
05-13-20,Lawrence,19,0,19,0,0,0,21,0,1114,8,1135,8,0,0,0,2,0,17,0,3,0
05-13-20,Lewis,3,0,3,0,0,0,3,0,195,1,198,1,0,0,0,0,0,3,0,0,0
05-13-20,Lincoln,16,0,16,0,0,0,20,0,897,0,917,0,0,0,0,0,0,16,0,2,0
05-13-20,Loudon,47,1,45,1,2,0,51,0,1107,46,1158,46,0,0,-4,7,5,40,0,4,0
05-13-20,Macon,75,5,75,5,0,0,88,5,1035,22,1123,27,0,3,-1,21,6,51,0,12,3
05-13-20,Madison,154,0,154,0,0,0,171,0,3685,52,3856,52,0,1,-1,9,1,144,0,19,2
05-13-20,Marion,30,1,29,1,1,0,35,1,603,0,638,1,0,1,1,-1,0,30,0,11,2
05-13-20,Marshall,24,0,24,0,0,0,26,0,783,6,809,6,0,1,-1,2,1,21,0,5,1
05-13-20,Maury,61,2,61,2,0,0,69,1,2129,23,2198,24,0,0,2,14,0,47,0,7,1
05-13-20,McMinn,128,0,128,0,0,0,132,0,1967,9,2099,9,0,9,-2,37,2,82,0,17,11
05-13-20,McNairy,12,0,12,0,0,0,17,0,541,14,558,14,0,0,0,1,0,11,0,1,0
05-13-20,Meigs,21,0,21,0,0,0,25,1,348,2,373,3,0,0,0,13,0,8,0,3,0
05-13-20,Monroe,37,4,34,3,3,1,36,2,651,16,687,18,0,1,2,14,2,22,3,8,1
05-13-20,Montgomery,200,7,199,7,1,0,225,6,5116,191,5341,197,0,2,1,44,6,154,1,21,3
05-13-20,Moore,3,0,3,0,0,0,4,0,230,2,234,2,0,0,0,0,0,3,0,0,0
05-13-20,Morgan,11,0,11,0,0,0,13,0,2769,26,2782,26,0,0,0,5,0,6,0,0,0
05-13-20,Obion,19,1,18,1,1,0,19,0,660,37,679,37,0,1,1,3,0,15,0,1,1
05-13-20,Out of State,199,5,199,5,0,0,219,6,34030,1077,34249,1083,-1,4,-1,28,7,167,0,16,1
05-13-20,Overton,16,0,16,0,0,0,16,0,841,7,857,7,0,0,-1,6,1,10,0,2,0
05-13-20,Pending,0,0,0,0,0,0,0,0,28339,690,28339,690,0,0,0,-1,0,1,0,0,0
05-13-20,Perry,13,0,13,0,0,0,14,0,115,2,129,2,0,0,-1,1,1,12,0,0,0
05-13-20,Pickett,1,0,1,0,0,0,1,0,205,4,206,4,0,0,0,1,0,0,0,0,0
05-13-20,Polk,15,0,15,0,0,0,19,0,364,4,383,4,0,0,0,2,0,13,0,3,0
05-13-20,Putnam,194,3,194,3,0,0,274,15,3110,140,3384,155,0,5,-4,55,7,134,1,6,5
05-13-20,Rhea,5,0,5,0,0,0,7,0,812,10,819,10,0,0,0,0,0,5,0,0,0
05-13-20,Roane,15,1,11,0,4,1,17,0,2345,85,2362,85,0,0,1,4,0,11,0,2,0
05-13-20,Robertson,248,9,247,9,1,0,281,10,2282,47,2563,57,0,0,-1,66,10,182,1,28,2
05-13-20,Rutherford,808,15,808,15,0,0,926,26,7800,167,8726,193,2,20,-10,173,23,615,0,75,22
05-13-20,Scott,12,0,11,0,1,0,11,0,474,13,485,13,0,0,0,-1,0,13,0,0,0
05-13-20,Sequatchie,13,2,13,2,0,0,9,0,684,0,693,0,0,0,2,5,0,8,0,2,0
05-13-20,Sevier,73,0,69,0,4,0,76,0,2818,93,2894,93,0,2,-2,13,2,58,0,7,2
05-13-20,Shelby,3542,65,3532,65,10,0,4135,85,35458,2091,39593,2176,2,75,-1,733,64,2734,13,443,97
05-13-20,Smith,25,0,24,0,1,0,29,0,654,9,683,9,0,1,-2,-1,2,25,0,1,1
05-13-20,Stewart,7,0,7,0,0,0,7,0,255,11,262,11,0,0,0,0,0,7,0,1,0
05-13-20,Sullivan,59,2,56,2,3,0,60,2,2473,96,2533,98,0,2,2,5,0,52,0,6,2
05-13-20,Sumner,735,7,732,7,3,0,956,5,4917,84,5873,89,1,40,-2,62,8,633,0,200,42
05-13-20,Tipton,403,0,401,0,2,0,415,0,2605,132,3020,132,0,2,-41,211,41,190,0,20,3
05-13-20,Trousdale,1381,0,1380,0,1,0,1396,0,1672,14,3068,14,0,3,-430,28,430,1350,0,13,3
05-13-20,Unicoi,3,0,3,0,0,0,3,0,347,1,350,1,0,0,0,1,0,2,0,0,0
05-13-20,Union,4,0,4,0,0,0,4,1,359,7,363,8,0,0,0,1,0,3,0,0,0
05-13-20,Van Buren,3,0,3,0,0,0,3,0,279,11,282,11,0,0,0,1,0,2,0,1,0
05-13-20,Warren,15,1,15,1,0,0,15,1,1307,40,1322,41,0,0,0,5,1,10,0,0,0
05-13-20,Washington,65,2,65,2,0,0,84,4,2356,27,2440,31,0,0,1,9,1,56,0,5,0
05-13-20,Wayne,4,0,4,0,0,0,5,0,332,8,337,8,0,0,0,0,0,4,0,2,0
05-13-20,Weakley,28,1,28,1,0,0,27,1,761,17,788,18,0,0,1,3,0,25,0,2,0
05-13-20,White,19,0,17,0,2,0,18,0,1024,97,1042,97,0,0,-2,8,2,11,0,1,0
05-13-20,Williamson,446,6,446,6,0,0,495,9,6749,189,7244,198,0,10,3,27,3,409,0,43,10
05-13-20,Wilson,317,5,317,5,0,0,375,7,3544,64,3919,71,0,8,-5,24,10,285,0,29,8
05-12-20,Anderson,34,1,33,1,1,0,36,2,3045,143,3081,145,0,1,1,7,0,26,0,2,1
05-12-20,Bedford,246,4,246,4,0,0,263,2,1753,4,2016,6,0,3,-5,51,9,192,0,10,3
05-12-20,Benton,6,0,6,0,0,0,7,0,551,61,558,61,0,1,0,0,0,5,0,2,1
05-12-20,Bledsoe,604,0,604,0,0,0,610,0,3033,9,3643,9,1,1,-1,3,0,600,0,4,1
05-12-20,Blount,77,0,73,0,4,0,89,2,2174,128,2263,130,0,3,-3,9,3,65,0,5,3
05-12-20,Bradley,72,3,72,3,0,0,78,1,1657,18,1735,19,0,1,2,19,1,52,0,12,1
05-12-20,Campbell,18,0,17,0,1,0,24,0,1002,53,1026,53,0,1,-1,0,1,17,0,2,1
05-12-20,Cannon,12,0,12,0,0,0,22,0,362,12,384,12,0,0,0,1,0,11,0,2,0
05-12-20,Carroll,25,0,20,0,5,0,21,0,817,23,838,23,0,1,0,3,0,21,0,3,1
05-12-20,Carter,22,0,21,0,1,0,22,0,1019,3,1041,3,0,1,0,4,0,17,0,2,1
05-12-20,Cheatham,86,11,86,11,0,0,97,14,1250,75,1347,89,0,0,6,26,5,60,0,8,0
05-12-20,Chester,11,0,11,0,0,0,13,0,367,13,380,13,0,0,0,2,0,9,0,1,0
05-12-20,Claiborne,7,0,7,0,0,0,7,0,447,31,454,31,0,0,0,2,0,5,0,0,0
05-12-20,Clay,7,0,7,0,0,0,7,0,305,15,312,15,0,0,0,1,0,6,0,0,0
05-12-20,Cocke,21,0,19,0,2,0,22,0,689,27,711,27,0,0,0,3,0,18,0,1,0
05-12-20,Coffee,56,3,55,3,1,0,55,0,1562,12,1617,12,0,0,1,15,2,41,0,5,0
05-12-20,Crockett,15,1,13,1,2,0,17,1,372,7,389,8,0,0,1,10,0,5,0,1,1
05-12-20,Cumberland,88,2,87,2,1,0,114,3,2572,181,2686,184,0,1,1,10,1,77,0,9,1
05-12-20,Davidson,3604,76,3601,76,3,0,4044,99,37099,1734,41143,1833,1,33,6,781,69,2790,6,320,42
05-12-20,Decatur,4,0,4,0,0,0,4,0,217,7,221,7,0,0,0,0,0,4,0,0,0
05-12-20,Dekalb,29,0,29,0,0,0,32,0,910,28,942,28,0,0,-1,10,1,19,0,0,0
05-12-20,Dickson,88,2,88,2,0,0,107,3,1456,43,1563,46,0,0,-1,9,3,79,0,12,0
05-12-20,Dyer,45,0,44,0,1,0,52,2,1011,40,1063,42,0,0,-1,7,1,38,0,6,0
05-12-20,Fayette,87,2,86,2,1,0,115,3,1658,46,1773,49,0,1,1,26,1,60,0,12,1
05-12-20,Fentress,6,0,6,0,0,0,6,0,475,15,481,15,0,0,0,2,0,4,0,1,0
05-12-20,Franklin,42,0,42,0,0,0,48,1,1451,5,1499,6,0,1,0,6,0,35,0,4,1
05-12-20,Gibson,59,0,55,0,4,0,65,1,1607,126,1672,127,0,1,-3,8,3,50,0,4,1
05-12-20,Giles,10,0,10,0,0,0,11,0,686,3,697,3,0,0,-1,0,1,10,0,1,0
05-12-20,Grainger,7,0,6,0,1,0,7,0,401,17,408,17,0,0,0,0,0,7,0,2,0
05-12-20,Greene,45,0,45,0,0,0,52,0,1371,18,1423,18,0,2,0,1,0,42,0,8,2
05-12-20,Grundy,27,0,27,0,0,0,33,0,371,1,404,1,0,1,0,3,0,23,0,10,1
05-12-20,Hamblen,28,0,22,0,6,0,25,2,1572,110,1597,112,0,2,0,7,0,19,0,4,2
05-12-20,Hamilton,282,27,280,27,2,0,304,33,6341,120,6645,153,0,13,25,104,2,165,3,46,15
05-12-20,Hancock,0,0,0,0,0,0,0,0,92,3,92,3,0,0,0,0,0,0,0,0,0
05-12-20,Hardeman,180,8,180,8,0,0,184,10,3322,490,3506,500,0,0,7,156,1,24,0,3,0
05-12-20,Hardin,8,0,8,0,0,0,9,1,1002,13,1011,14,0,0,-1,2,1,6,0,1,0
05-12-20,Hawkins,31,0,31,0,0,0,43,0,1087,16,1130,16,0,2,0,0,0,29,0,6,2
05-12-20,Haywood,29,1,28,1,1,0,32,2,538,28,570,30,0,1,0,7,1,21,0,6,1
05-12-20,Henderson,9,0,9,0,0,0,11,0,720,16,731,16,0,0,0,0,0,9,0,0,0
05-12-20,Henry,15,0,15,0,0,0,18,0,894,40,912,40,0,0,0,2,0,13,0,3,0
05-12-20,Hickman,49,0,49,0,0,0,69,0,721,10,790,10,0,0,0,7,0,42,0,2,0
05-12-20,Houston,7,0,7,0,0,0,8,1,198,3,206,4,0,0,0,1,0,6,0,5,0
05-12-20,Humphreys,12,0,12,0,0,0,13,0,438,20,451,20,0,1,0,1,0,10,0,1,1
05-12-20,Jackson,10,0,10,0,0,0,13,0,487,12,500,12,0,0,0,2,0,8,0,1,0
05-12-20,Jefferson,28,0,25,0,3,0,26,0,1208,55,1234,55,0,0,-2,2,2,26,0,0,0
05-12-20,Johnson,16,10,16,10,0,0,15,10,1786,1499,1801,1509,0,0,10,13,0,3,0,0,0
05-12-20,Knox,295,6,290,6,5,0,331,11,10139,417,10470,428,0,5,3,30,3,260,0,34,5
05-12-20,Lake,399,334,398,334,1,0,399,334,1205,17,1604,351,0,0,334,345,0,54,0,0,0
05-12-20,Lauderdale,41,3,40,3,1,0,54,5,2717,847,2771,852,0,0,3,17,0,24,0,7,0
05-12-20,Lawrence,19,0,19,0,0,0,21,0,1106,6,1127,6,0,0,0,2,0,17,0,3,0
05-12-20,Lewis,3,0,3,0,0,0,3,0,194,1,197,1,0,0,0,0,0,3,0,0,0
05-12-20,Lincoln,16,0,16,0,0,0,20,0,897,2,917,2,0,0,0,0,0,16,0,2,0
05-12-20,Loudon,46,1,44,1,2,0,51,1,1061,72,1112,73,0,0,0,11,1,35,0,4,0
05-12-20,Macon,70,8,70,8,0,0,83,9,1013,53,1096,62,0,3,3,22,5,45,0,12,3
05-12-20,Madison,154,0,154,0,0,0,171,0,3633,66,3804,66,0,1,-3,10,3,143,0,19,2
05-12-20,Marion,29,0,28,0,1,0,34,0,603,2,637,2,0,1,0,-2,0,30,0,11,2
05-12-20,Marshall,24,1,24,1,0,0,26,1,777,4,803,5,0,1,0,3,1,20,0,5,1
05-12-20,Maury,59,1,59,1,0,0,68,1,2106,15,2174,16,0,0,-1,12,2,47,0,7,0
05-12-20,McMinn,128,2,128,2,0,0,132,2,1958,28,2090,30,1,9,-1,39,2,80,0,17,9
05-12-20,McNairy,12,1,12,1,0,0,17,2,527,9,544,11,0,0,1,1,0,11,0,1,0
05-12-20,Meigs,21,0,21,0,0,0,24,1,346,6,370,7,0,0,0,13,0,8,0,3,0
05-12-20,Monroe,33,0,31,0,2,0,34,0,635,44,669,44,0,1,-1,12,1,20,0,5,1
05-12-20,Montgomery,193,10,192,10,1,0,219,11,4925,245,5144,256,0,2,10,43,0,148,0,20,3
05-12-20,Moore,3,0,3,0,0,0,4,0,228,2,232,2,0,0,0,0,0,3,0,0,0
05-12-20,Morgan,11,0,11,0,0,0,13,0,2743,36,2756,36,0,0,0,5,0,6,0,0,0
05-12-20,Obion,18,0,17,0,1,0,19,0,623,25,642,25,0,1,-1,2,1,15,0,1,1
05-12-20,Out of State,194,4,194,4,0,0,213,4,32953,1928,33166,1932,-1,5,3,29,2,160,0,16,1
05-12-20,Overton,16,1,16,1,0,0,16,1,834,31,850,32,0,0,1,7,0,9,0,2,0
05-12-20,Pending,0,0,0,0,0,0,0,0,27649,1140,27649,1140,0,0,0,-1,0,1,0,0,0
05-12-20,Perry,13,0,13,0,0,0,14,0,113,2,127,2,0,0,-2,2,2,11,0,0,0
05-12-20,Pickett,1,0,1,0,0,0,1,0,201,0,202,0,0,0,0,1,0,0,0,0,0
05-12-20,Polk,15,0,15,0,0,0,19,1,360,8,379,9,0,0,0,2,0,13,0,3,0
05-12-20,Putnam,191,12,191,12,0,0,259,12,2970,99,3229,111,0,5,10,59,2,127,0,5,5
05-12-20,Rhea,5,0,5,0,0,0,7,0,802,12,809,12,0,0,0,0,0,5,0,0,0
05-12-20,Roane,14,0,11,0,3,0,17,0,2260,120,2277,120,0,0,0,3,0,11,0,2,0
05-12-20,Robertson,239,3,238,3,1,0,271,15,2235,142,2506,157,0,0,-6,67,9,172,0,27,2
05-12-20,Rutherford,793,22,793,22,0,0,900,23,7633,283,8533,306,4,18,-13,183,31,592,2,75,22
05-12-20,Scott,12,0,11,0,1,0,11,0,461,20,472,20,0,0,0,-1,0,13,0,0,0
05-12-20,Sequatchie,11,1,11,1,0,0,9,0,684,3,693,3,0,0,1,3,0,8,0,2,0
05-12-20,Sevier,73,0,69,0,4,0,76,0,2725,258,2801,258,0,2,-1,15,1,56,0,7,2
05-12-20,Shelby,3477,68,3467,68,10,0,4050,105,33367,1668,37417,1773,3,73,-40,734,105,2670,10,430,92
05-12-20,Smith,25,0,24,0,1,0,29,0,645,31,674,31,0,1,0,1,0,23,0,1,1
05-12-20,Stewart,7,0,7,0,0,0,7,0,244,7,251,7,0,0,0,0,0,7,0,1,0
05-12-20,Sullivan,57,0,54,0,3,0,58,0,2377,93,2435,93,1,2,-3,3,2,52,0,6,2
05-12-20,Sumner,728,8,725,8,3,0,951,15,4833,163,5784,178,1,39,-3,64,10,625,0,200,42
05-12-20,Tipton,403,30,401,30,2,0,415,30,2473,271,2888,301,0,2,22,252,8,149,0,20,3
05-12-20,Trousdale,1381,18,1380,18,1,0,1396,21,1658,22,3054,43,1,3,-772,458,789,920,0,13,3
05-12-20,Unicoi,3,0,3,0,0,0,3,0,346,0,349,0,0,0,0,1,0,2,0,0,0
05-12-20,Union,4,1,4,1,0,0,3,0,352,13,355,13,0,0,1,1,0,3,0,0,0
05-12-20,Van Buren,3,1,3,1,0,0,3,1,268,3,271,4,0,0,1,1,0,2,1,1,0
05-12-20,Warren,14,1,14,1,0,0,14,1,1267,8,1281,9,0,0,1,5,0,9,0,0,0
05-12-20,Washington,63,0,63,0,0,0,80,0,2329,18,2409,18,0,0,0,8,0,55,0,5,0
05-12-20,Wayne,4,0,4,0,0,0,5,0,324,8,329,8,0,0,0,0,0,4,0,2,0
05-12-20,Weakley,27,0,27,0,0,0,26,0,744,13,770,13,0,0,0,2,0,25,0,2,0
05-12-20,White,19,1,17,1,2,0,18,1,927,65,945,66,0,0,1,10,0,9,0,1,0
05-12-20,Williamson,440,5,440,5,0,0,486,5,6560,286,7046,291,0,10,3,24,2,406,0,43,10
05-12-20,Wilson,312,3,312,3,0,0,368,7,3480,92,3848,99,1,8,-2,29,4,275,0,29,8
05-11-20,Anderson,33,2,32,2,1,0,34,0,2902,80,2936,80,0,1,2,6,0,26,0,2,1
05-11-20,Bedford,242,1,242,1,0,0,261,4,1749,44,2010,48,0,3,-2,56,3,183,0,10,3
05-11-20,Benton,6,0,6,0,0,0,7,0,490,19,497,19,0,1,-1,0,1,5,0,2,1
05-11-20,Bledsoe,604,0,604,0,0,0,610,0,3024,25,3634,25,0,0,0,4,0,600,0,4,1
05-11-20,Blount,77,4,73,3,4,1,87,2,2046,51,2133,53,0,3,2,12,2,62,0,5,3
05-11-20,Bradley,69,6,69,6,0,0,77,6,1639,94,1716,100,0,1,2,17,4,51,0,12,1
05-11-20,Campbell,18,0,17,0,1,0,24,0,949,21,973,21,0,1,0,1,0,16,0,2,1
05-11-20,Cannon,12,0,12,0,0,0,22,0,350,6,372,6,0,0,0,1,0,11,0,2,0
05-11-20,Carroll,25,2,20,2,5,0,21,2,794,28,815,30,0,1,2,3,0,21,2,3,1
05-11-20,Carter,22,0,21,0,1,0,22,0,1016,46,1038,46,0,1,-1,4,1,17,0,2,1
05-11-20,Cheatham,75,3,75,3,0,0,83,4,1175,32,1258,36,0,0,1,20,2,55,0,8,0
05-11-20,Chester,11,0,11,0,0,0,13,0,354,16,367,16,0,0,0,2,0,9,0,1,0
05-11-20,Claiborne,7,0,7,0,0,0,7,0,416,8,423,8,0,0,0,2,0,5,0,0,0
05-11-20,Clay,7,0,7,0,0,0,7,0,290,5,297,5,0,0,0,1,0,6,0,0,0
05-11-20,Cocke,21,1,19,1,2,0,22,1,662,21,684,22,0,0,0,3,1,18,0,1,0
05-11-20,Coffee,53,1,52,1,1,0,55,2,1550,64,1605,66,0,0,-2,14,3,39,0,5,0
05-11-20,Crockett,14,0,12,0,2,0,16,0,365,5,381,5,0,0,0,9,0,5,0,1,1
05-11-20,Cumberland,86,0,85,0,1,0,111,1,2391,48,2502,49,0,1,0,9,0,76,0,9,1
05-11-20,Davidson,3528,78,3525,77,3,1,3945,87,35365,819,39310,906,1,32,-64,775,141,2721,3,314,41
05-11-20,Decatur,4,0,4,0,0,0,4,0,210,5,214,5,0,0,0,0,0,4,0,0,0
05-11-20,Dekalb,29,1,29,1,0,0,32,1,882,58,914,59,0,0,0,11,1,18,0,0,0
05-11-20,Dickson,86,0,86,0,0,0,104,1,1413,36,1517,37,0,0,0,10,0,76,0,12,0
05-11-20,Dyer,45,0,44,0,1,0,50,0,971,28,1021,28,0,0,0,8,0,37,0,6,0
05-11-20,Fayette,85,3,84,3,1,0,112,5,1612,87,1724,92,0,1,-1,25,4,59,0,12,1
05-11-20,Fentress,6,0,6,0,0,0,6,0,460,3,466,3,0,0,0,2,0,4,0,1,0
05-11-20,Franklin,42,1,42,1,0,0,47,1,1446,60,1493,61,0,1,0,6,1,35,0,4,1
05-11-20,Gibson,59,1,55,1,4,0,64,1,1481,28,1545,29,0,1,-2,11,3,47,0,4,1
05-11-20,Giles,10,0,10,0,0,0,11,0,683,18,694,18,0,0,-1,1,1,9,0,1,0
05-11-20,Grainger,7,0,6,0,1,0,7,0,384,14,391,14,0,0,-1,0,1,7,0,2,0
05-11-20,Greene,45,0,45,0,0,0,52,0,1353,44,1405,44,0,2,0,1,0,42,0,8,2
05-11-20,Grundy,27,0,27,0,0,0,33,0,370,15,403,15,0,1,0,3,0,23,0,10,1
05-11-20,Hamblen,28,2,22,2,6,0,23,1,1462,60,1485,61,0,2,1,7,1,19,0,4,2
05-11-20,Hamilton,255,17,253,17,2,0,271,17,6221,70,6492,87,0,13,5,79,12,163,1,43,15
05-11-20,Hancock,0,0,0,0,0,0,0,0,89,2,89,2,0,0,0,0,0,0,0,0,0
05-11-20,Hardeman,172,18,172,18,0,0,174,18,2832,691,3006,709,0,0,15,149,3,23,0,3,0
05-11-20,Hardin,8,0,8,0,0,0,8,1,989,20,997,21,0,0,0,3,0,5,0,1,0
05-11-20,Hawkins,31,0,31,0,0,0,43,0,1071,25,1114,25,0,2,0,0,0,29,0,6,2
05-11-20,Haywood,28,1,27,1,1,0,30,1,510,25,540,26,0,1,1,7,0,20,0,6,1
05-11-20,Henderson,9,0,9,0,0,0,11,0,704,19,715,19,0,0,-1,0,1,9,0,0,0
05-11-20,Henry,15,0,15,0,0,0,18,0,854,30,872,30,0,0,0,2,0,13,0,3,0
05-11-20,Hickman,49,0,49,0,0,0,69,0,711,17,780,17,0,0,0,7,0,42,0,2,0
05-11-20,Houston,7,0,7,0,0,0,7,0,195,2,202,2,0,0,-1,1,1,6,0,5,0
05-11-20,Humphreys,12,0,12,0,0,0,13,0,418,14,431,14,0,1,0,1,0,10,0,1,1
05-11-20,Jackson,10,0,10,0,0,0,13,0,475,7,488,7,0,0,-1,2,1,8,0,1,0
05-11-20,Jefferson,28,1,25,1,3,0,26,1,1153,32,1179,33,0,0,0,4,1,24,0,0,0
05-11-20,Johnson,6,0,6,0,0,0,5,0,287,9,292,9,0,0,0,3,0,3,0,0,0
05-11-20,Knox,289,16,284,16,5,0,320,10,9722,269,10042,279,0,5,9,27,7,257,1,34,5
05-11-20,Lake,65,5,64,5,1,0,65,4,1188,8,1253,12,0,0,4,11,1,54,0,0,0
05-11-20,Lauderdale,38,9,37,9,1,0,49,10,1870,809,1919,819,0,0,8,14,1,24,0,7,0
05-11-20,Lawrence,19,1,19,1,0,0,21,1,1100,34,1121,35,0,0,1,2,0,17,0,3,0
05-11-20,Lewis,3,0,3,0,0,0,3,0,193,4,196,4,0,0,0,0,0,3,0,0,0
05-11-20,Lincoln,16,0,16,0,0,0,20,0,895,60,915,60,0,0,0,0,0,16,0,2,0
05-11-20,Loudon,45,1,43,1,2,0,50,2,989,71,1039,73,0,0,-1,11,2,34,0,4,0
05-11-20,Macon,62,1,62,1,0,0,74,0,960,7,1034,7,0,3,-2,19,3,40,0,12,3
05-11-20,Madison,154,3,154,3,0,0,171,3,3567,109,3738,112,0,1,1,13,2,140,0,19,2
05-11-20,Marion,29,0,28,0,1,0,34,0,601,15,635,15,0,1,0,-2,0,30,0,11,2
05-11-20,Marshall,23,0,23,0,0,0,25,0,773,31,798,31,0,1,0,3,0,19,0,5,1
05-11-20,Maury,58,0,58,0,0,0,67,0,2091,81,2158,81,0,0,-3,13,3,45,0,7,0
05-11-20,McMinn,126,3,126,3,0,0,130,2,1930,54,2060,56,3,8,-7,40,7,78,1,17,9
05-11-20,McNairy,11,0,11,0,0,0,15,0,518,8,533,8,0,0,0,0,0,11,0,1,0
05-11-20,Meigs,21,0,21,0,0,0,23,0,340,91,363,91,0,0,-1,13,1,8,0,3,0
05-11-20,Monroe,33,3,31,3,2,0,34,3,591,8,625,11,0,1,1,13,2,19,1,5,1
05-11-20,Montgomery,183,8,182,7,1,1,208,8,4680,126,4888,134,0,2,5,33,3,148,2,20,3
05-11-20,Moore,3,0,3,0,0,0,4,0,226,5,230,5,0,0,0,0,0,3,0,0,0
05-11-20,Morgan,11,0,11,0,0,0,13,0,2707,81,2720,81,0,0,0,5,0,6,0,0,0
05-11-20,Obion,18,0,17,0,1,0,19,0,598,26,617,26,0,1,0,3,0,14,0,1,1
05-11-20,Out of State,190,2,190,2,0,0,209,2,31025,727,31234,729,1,6,-5,26,6,158,0,16,1
05-11-20,Overton,15,2,15,2,0,0,15,2,803,29,818,31,0,0,2,6,0,9,0,2,0
05-11-20,Pending,0,0,0,0,0,0,0,0,26509,646,26509,646,0,0,0,-1,0,1,0,0,0
05-11-20,Perry,13,0,13,0,0,0,14,0,111,2,125,2,0,0,0,4,0,9,0,0,0
05-11-20,Pickett,1,0,1,0,0,0,1,0,201,1,202,1,0,0,0,1,0,0,0,0,0
05-11-20,Polk,15,0,15,0,0,0,18,0,352,15,370,15,0,0,-3,2,3,13,0,3,0
05-11-20,Putnam,179,0,179,0,0,0,247,0,2871,15,3118,15,0,5,-6,49,6,125,0,5,5
05-11-20,Rhea,5,0,5,0,0,0,7,0,790,43,797,43,0,0,0,0,0,5,0,0,0
05-11-20,Roane,14,0,11,0,3,0,17,0,2140,39,2157,39,0,0,0,3,0,11,0,2,0
05-11-20,Robertson,236,15,235,15,1,0,256,3,2093,37,2349,40,0,0,9,73,6,163,0,27,2
05-11-20,Rutherford,771,17,771,17,0,0,877,18,7350,233,8227,251,0,14,-13,196,30,561,1,73,21
05-11-20,Scott,12,0,11,0,1,0,11,0,441,6,452,6,0,0,0,-1,0,13,0,0,0
05-11-20,Sequatchie,10,0,10,0,0,0,9,0,681,18,690,18,0,0,0,2,0,8,0,2,0
05-11-20,Sevier,73,1,69,1,4,0,76,0,2467,65,2543,65,0,2,1,16,0,55,0,7,2
05-11-20,Shelby,3409,100,3399,100,10,0,3945,117,31699,1820,35644,1937,2,70,34,774,64,2565,7,420,87
05-11-20,Smith,25,1,24,1,1,0,29,1,614,14,643,15,0,1,0,1,1,23,0,1,1
05-11-20,Stewart,7,0,7,0,0,0,7,0,237,4,244,4,0,0,0,0,0,7,0,1,0
05-11-20,Sullivan,57,0,54,0,3,0,58,0,2284,69,2342,69,0,1,0,6,0,50,0,6,2
05-11-20,Sumner,720,3,717,3,3,0,936,5,4670,108,5606,113,0,38,-4,67,7,615,0,200,42
05-11-20,Tipton,373,209,371,209,2,0,385,211,2202,224,2587,435,0,2,202,230,7,141,1,20,3
05-11-20,Trousdale,1363,0,1362,0,1,0,1375,1,1636,4,3011,5,0,2,-1,1230,1,131,0,13,2
05-11-20,Unicoi,3,0,3,0,0,0,3,0,346,6,349,6,0,0,0,1,0,2,0,0,0
05-11-20,Union,3,0,3,0,0,0,3,0,339,7,342,7,0,0,0,0,0,3,0,0,0
05-11-20,Van Buren,2,0,2,0,0,0,2,0,265,1,267,1,0,0,0,0,0,2,0,0,0
05-11-20,Warren,13,0,13,0,0,0,13,0,1259,45,1272,45,0,0,0,4,0,9,0,0,0
05-11-20,Washington,63,4,63,4,0,0,80,3,2311,86,2391,89,0,0,4,8,0,55,0,5,0
05-11-20,Wayne,4,0,4,0,0,0,5,0,316,9,321,9,0,0,0,0,0,4,0,2,0
05-11-20,Weakley,27,0,27,0,0,0,26,0,731,18,757,18,0,0,0,2,0,25,0,2,0
05-11-20,White,18,0,16,0,2,0,17,0,862,13,879,13,0,0,-2,9,2,9,0,1,0
05-11-20,Williamson,435,2,435,2,0,0,481,3,6274,220,6755,223,0,10,-6,21,8,404,0,43,10
05-11-20,Wilson,309,6,309,6,0,0,361,6,3388,80,3749,86,1,7,-1,31,6,271,0,29,8
05-10-20,Anderson,31,0,30,0,1,0,34,0,2822,83,2856,83,0,1,-3,4,3,26,0,2,1
05-10-20,Bedford,241,2,241,2,0,0,257,7,1705,66,1962,73,0,3,0,58,2,180,0,10,3
05-10-20,Benton,6,0,6,0,0,0,7,0,471,36,478,36,0,1,0,1,0,4,0,2,1
05-10-20,Bledsoe,604,0,604,0,0,0,610,0,2999,9,3609,9,0,0,-1,4,1,600,0,4,1
05-10-20,Blount,73,0,70,0,3,0,85,0,1995,44,2080,44,0,3,-3,10,3,60,0,5,3
05-10-20,Bradley,63,0,63,0,0,0,71,0,1545,76,1616,76,0,1,-1,15,1,47,0,12,1
05-10-20,Campbell,18,0,17,0,1,0,24,0,928,15,952,15,0,1,0,1,0,16,0,2,1
05-10-20,Cannon,12,0,12,0,0,0,22,1,344,6,366,7,0,0,-1,1,1,11,0,2,0
05-10-20,Carroll,23,2,18,2,5,0,19,2,766,11,785,13,0,1,2,1,0,21,0,1,1
05-10-20,Carter,22,0,21,0,1,0,22,0,970,76,992,76,0,1,-1,5,1,16,0,2,1
05-10-20,Cheatham,72,1,72,1,0,0,79,1,1143,25,1222,26,0,0,-2,19,3,53,0,8,0
05-10-20,Chester,11,0,11,0,0,0,13,0,338,13,351,13,0,0,0,2,0,9,0,1,0
05-10-20,Claiborne,7,0,7,0,0,0,7,0,408,9,415,9,0,0,0,2,0,5,0,0,0
05-10-20,Clay,7,0,7,0,0,0,7,0,285,7,292,7,0,0,0,1,0,6,0,0,0
05-10-20,Cocke,20,0,18,0,2,0,21,1,641,15,662,16,0,0,0,3,0,17,0,1,0
05-10-20,Coffee,52,0,51,0,1,0,53,3,1486,66,1539,69,0,0,0,16,0,36,0,5,0
05-10-20,Crockett,14,2,12,2,2,0,16,2,360,15,376,17,0,0,2,9,0,5,0,1,1
05-10-20,Cumberland,86,0,85,0,1,0,110,0,2343,77,2453,77,0,1,-2,9,2,76,0,9,1
05-10-20,Davidson,3450,42,3448,42,2,0,3858,66,34546,924,38404,990,0,31,-5,839,47,2580,0,311,40
05-10-20,Decatur,4,0,4,0,0,0,4,0,205,5,209,5,0,0,0,0,0,4,0,0,0
05-10-20,Dekalb,28,0,28,0,0,0,31,0,824,8,855,8,0,0,-1,11,1,17,0,0,0
05-10-20,Dickson,86,1,86,1,0,0,103,1,1377,20,1480,21,0,0,1,10,0,76,0,12,0
05-10-20,Dyer,45,2,44,2,1,0,50,2,943,71,993,73,0,0,1,8,1,37,0,6,0
05-10-20,Fayette,82,4,81,3,1,1,107,4,1525,54,1632,58,0,1,3,26,1,55,0,12,1
05-10-20,Fentress,6,0,6,0,0,0,6,0,457,23,463,23,0,0,0,2,0,4,0,1,0
05-10-20,Franklin,41,0,41,0,0,0,46,2,1386,46,1432,48,0,1,-1,6,1,34,0,4,1
05-10-20,Gibson,58,3,54,3,4,0,63,2,1453,31,1516,33,0,1,3,13,0,44,0,4,1
05-10-20,Giles,10,0,10,0,0,0,11,0,665,19,676,19,0,0,0,2,0,8,0,1,0
05-10-20,Grainger,7,0,6,0,1,0,7,0,370,7,377,7,0,0,-1,1,1,6,0,2,0
05-10-20,Greene,45,0,45,0,0,0,52,0,1309,185,1361,185,0,2,0,1,0,42,0,8,2
05-10-20,Grundy,27,0,27,0,0,0,33,0,355,10,388,10,0,1,0,3,0,23,0,10,1
05-10-20,Hamblen,26,0,20,0,6,0,22,0,1402,25,1424,25,0,2,-1,6,1,18,0,4,2
05-10-20,Hamilton,238,3,236,3,2,0,254,3,6151,98,6405,101,0,13,-1,74,4,151,0,42,14
05-10-20,Hancock,0,0,0,0,0,0,0,0,87,2,87,2,0,0,0,0,0,0,0,0,0
05-10-20,Hardeman,154,34,154,34,0,0,156,34,2141,365,2297,399,0,0,34,134,0,20,0,3,0
05-10-20,Hardin,8,0,8,0,0,0,7,0,969,8,976,8,0,0,0,3,0,5,0,1,0
05-10-20,Hawkins,31,0,31,0,0,0,43,0,1046,33,1089,33,0,2,0,0,0,29,0,6,2
05-10-20,Haywood,27,0,26,0,1,0,29,0,485,27,514,27,0,1,0,6,0,20,0,6,1
05-10-20,Henderson,9,0,9,0,0,0,11,0,685,6,696,6,0,0,-1,1,1,8,0,0,0
05-10-20,Henry,15,0,15,0,0,0,18,0,824,3,842,3,0,0,-1,2,1,13,0,3,0
05-10-20,Hickman,49,3,49,3,0,0,69,3,694,23,763,26,0,0,3,7,0,42,0,2,0
05-10-20,Houston,7,0,7,0,0,0,7,0,193,5,200,5,0,0,0,2,0,5,0,5,0
05-10-20,Humphreys,12,0,12,0,0,0,13,0,404,5,417,5,0,1,-1,1,1,10,0,1,1
05-10-20,Jackson,10,2,10,2,0,0,13,2,468,14,481,16,0,0,2,3,0,7,0,1,0
05-10-20,Jefferson,27,0,24,0,3,0,25,0,1121,22,1146,22,0,0,-1,4,1,23,0,0,0
05-10-20,Johnson,6,0,6,0,0,0,5,0,278,98,283,98,0,0,0,3,0,3,0,0,0
05-10-20,Knox,273,5,268,5,5,0,310,4,9453,195,9763,199,0,5,1,18,4,250,1,33,5
05-10-20,Lake,60,1,59,1,1,0,61,1,1180,18,1241,19,0,0,0,7,1,53,0,0,0
05-10-20,Lauderdale,29,2,28,2,1,0,39,2,1061,403,1100,405,0,0,1,6,1,23,0,7,0
05-10-20,Lawrence,18,0,18,0,0,0,20,0,1066,30,1086,30,0,0,0,1,0,17,0,3,0
05-10-20,Lewis,3,0,3,0,0,0,3,0,189,5,192,5,0,0,0,0,0,3,0,0,0
05-10-20,Lincoln,16,0,16,0,0,0,20,0,835,40,855,40,0,0,0,0,0,16,0,2,0
05-10-20,Loudon,44,2,42,2,2,0,48,1,918,61,966,62,0,0,0,12,2,32,1,4,0
05-10-20,Macon,61,1,61,1,0,0,74,5,953,34,1027,39,0,3,1,21,0,37,0,12,3
05-10-20,Madison,151,4,151,4,0,0,168,4,3458,124,3626,128,0,1,4,12,0,138,0,19,2
05-10-20,Marion,29,0,28,0,1,0,34,0,586,9,620,9,0,1,0,-2,0,30,0,11,2
05-10-20,Marshall,23,0,23,0,0,0,25,0,742,26,767,26,0,1,0,3,0,19,0,5,1
05-10-20,Maury,58,0,58,0,0,0,67,2,2010,51,2077,53,0,0,0,16,0,42,0,7,0
05-10-20,McMinn,123,3,123,3,0,0,128,4,1876,37,2004,41,1,5,-10,47,12,71,0,16,9
05-10-20,McNairy,11,0,11,0,0,0,15,0,510,4,525,4,0,0,0,0,0,11,0,1,0
05-10-20,Meigs,21,0,21,0,0,0,23,0,249,16,272,16,0,0,-1,14,1,7,0,3,0
05-10-20,Monroe,30,0,28,0,2,0,31,0,583,17,614,17,0,1,0,12,0,17,0,4,1
05-10-20,Montgomery,175,2,175,2,0,0,200,3,4554,104,4754,107,0,2,-1,28,3,145,1,18,3
05-10-20,Moore,3,0,3,0,0,0,4,0,221,12,225,12,0,0,0,0,0,3,0,0,0
05-10-20,Morgan,11,2,11,2,0,0,13,2,2626,808,2639,810,0,0,2,5,0,6,0,0,0
05-10-20,Obion,18,0,17,0,1,0,19,0,572,17,591,17,0,1,0,3,0,14,0,1,1
05-10-20,Out of State,188,1,188,1,0,0,207,1,30298,652,30505,653,0,5,1,31,0,152,0,16,1
05-10-20,Overton,13,0,13,0,0,0,13,0,774,32,787,32,0,0,0,4,0,9,0,2,0
05-10-20,Pending,0,0,0,0,0,0,0,0,25863,1552,25863,1552,0,0,0,-1,0,1,0,0,0
05-10-20,Perry,13,0,13,0,0,0,14,0,109,5,123,5,0,0,-1,4,1,9,0,0,0
05-10-20,Pickett,1,1,1,1,0,0,1,1,200,7,201,8,0,0,1,1,0,0,0,0,0
05-10-20,Polk,15,0,15,0,0,0,18,0,337,17,355,17,0,0,0,5,0,10,0,3,0
05-10-20,Putnam,179,13,179,13,0,0,247,14,2856,251,3103,265,0,5,7,55,6,119,0,5,5
05-10-20,Rhea,5,0,5,0,0,0,7,0,747,37,754,37,0,0,0,0,0,5,0,0,0
05-10-20,Roane,14,0,11,0,3,0,17,0,2101,136,2118,136,0,0,-1,3,1,11,0,2,0
05-10-20,Robertson,221,2,220,2,1,0,253,5,2056,60,2309,65,0,0,-1,64,3,157,1,27,2
05-10-20,Rutherford,754,16,754,16,0,0,859,23,7117,299,7976,322,0,14,5,209,11,531,1,72,21
05-10-20,Scott,12,0,11,0,1,0,11,0,435,89,446,89,0,0,0,-1,0,13,0,0,0
05-10-20,Sequatchie,10,0,10,0,0,0,9,0,663,7,672,7,0,0,0,2,0,8,0,2,0
05-10-20,Sevier,72,1,68,0,4,1,76,0,2402,64,2478,64,0,2,-1,15,2,55,0,7,2
05-10-20,Shelby,3309,83,3299,83,10,0,3828,88,29879,891,33707,979,0,68,50,740,33,2501,3,413,87
05-10-20,Smith,24,0,23,0,1,0,28,0,600,8,628,8,0,1,0,1,0,22,0,1,1
05-10-20,Stewart,7,0,7,0,0,0,7,0,233,3,240,3,0,0,0,0,0,7,0,1,0
05-10-20,Sullivan,57,0,54,0,3,0,58,0,2215,51,2273,51,0,1,0,6,0,50,0,6,1
05-10-20,Sumner,717,1,714,1,3,0,931,42,4562,289,5493,331,0,38,-1,71,2,608,1,200,41
05-10-20,Tipton,164,3,162,2,2,1,174,2,1978,178,2152,180,0,2,-1,28,4,134,0,19,3
05-10-20,Trousdale,1363,1,1362,1,1,0,1374,7,1632,17,3006,24,0,2,0,1231,1,130,0,13,2
05-10-20,Unicoi,3,0,3,0,0,0,3,1,340,13,343,14,0,0,0,1,0,2,0,0,0
05-10-20,Union,3,0,3,0,0,0,3,0,332,2,335,2,0,0,0,0,0,3,0,0,0
05-10-20,Van Buren,2,0,2,0,0,0,2,0,264,3,266,3,0,0,0,0,0,2,0,0,0
05-10-20,Warren,13,0,13,0,0,0,13,0,1214,16,1227,16,0,0,-1,4,1,9,0,0,0
05-10-20,Washington,59,0,59,0,0,0,77,1,2225,81,2302,82,0,0,-2,4,2,55,0,5,0
05-10-20,Wayne,4,0,4,0,0,0,5,0,307,4,312,4,0,0,0,0,0,4,0,2,0
05-10-20,Weakley,27,1,27,1,0,0,26,1,713,11,739,12,0,0,1,2,0,25,1,2,0
05-10-20,White,18,0,16,0,2,0,17,0,849,40,866,40,0,0,-1,11,1,7,0,1,0
05-10-20,Williamson,433,0,433,0,0,0,478,2,6054,96,6532,98,0,10,-5,27,5,396,0,43,10
05-10-20,Wilson,303,1,303,1,0,0,355,9,3308,105,3663,114,0,6,-6,32,7,265,0,29,8
05-09-20,Anderson,31,0,30,0,1,0,34,0,2739,87,2773,87,0,1,0,7,0,23,0,2,1
05-09-20,Bedford,239,5,239,5,0,0,250,10,1639,54,1889,64,0,3,3,58,2,178,0,10,3
05-09-20,Benton,6,0,6,0,0,0,7,0,435,74,442,74,0,1,0,1,0,4,0,2,1
05-09-20,Bledsoe,604,1,604,1,0,0,610,0,2990,10,3600,10,0,0,-2,5,3,599,0,4,1
05-09-20,Blount,73,0,70,0,3,0,85,1,1951,68,2036,69,0,3,0,13,0,57,0,5,3
05-09-20,Bradley,63,1,63,1,0,0,71,1,1469,54,1540,55,0,1,0,16,1,46,0,12,1
05-09-20,Campbell,18,0,17,0,1,0,24,0,913,21,937,21,0,1,0,1,0,16,0,2,1
05-09-20,Cannon,12,0,12,0,0,0,21,0,338,12,359,12,0,0,0,2,0,10,0,2,0
05-09-20,Carroll,21,0,16,0,5,0,17,0,755,14,772,14,0,1,0,-1,0,21,0,1,1
05-09-20,Carter,22,0,21,0,1,0,22,0,894,32,916,32,0,1,0,6,0,15,0,2,1
05-09-20,Cheatham,71,0,71,0,0,0,78,0,1118,10,1196,10,0,0,-1,21,1,50,0,8,0
05-09-20,Chester,11,0,11,0,0,0,13,1,325,3,338,4,0,0,0,2,0,9,0,1,0
05-09-20,Claiborne,7,0,7,0,0,0,7,0,399,10,406,10,0,0,0,2,0,5,0,0,0
05-09-20,Clay,7,0,7,0,0,0,7,0,278,3,285,3,0,0,0,1,0,6,0,0,0
05-09-20,Cocke,20,0,18,0,2,0,20,0,626,21,646,21,0,0,0,3,0,17,0,1,0
05-09-20,Coffee,52,1,51,1,1,0,50,1,1420,81,1470,82,0,0,-1,16,2,36,0,5,0
05-09-20,Crockett,12,0,10,0,2,0,14,0,345,8,359,8,0,0,0,7,0,5,0,1,1
05-09-20,Cumberland,86,0,85,0,1,0,110,1,2266,97,2376,98,0,1,-1,11,1,74,0,9,1
05-09-20,Davidson,3408,63,3406,63,2,0,3792,77,33622,957,37414,1034,0,31,-3,844,66,2533,1,311,39
05-09-20,Decatur,4,0,4,0,0,0,4,0,200,4,204,4,0,0,0,0,0,4,0,0,0
05-09-20,Dekalb,28,1,28,1,0,0,31,1,816,45,847,46,0,0,1,12,0,16,0,0,0
05-09-20,Dickson,85,0,85,0,0,0,102,2,1357,26,1459,28,0,0,-5,9,5,76,0,12,0
05-09-20,Dyer,43,0,42,0,1,0,48,2,872,21,920,23,0,0,0,7,0,36,0,6,0
05-09-20,Fayette,78,1,78,1,0,0,103,3,1471,57,1574,60,0,1,1,23,0,54,0,12,1
05-09-20,Fentress,6,1,6,1,0,0,6,1,434,15,440,16,0,0,1,2,0,4,0,1,0
05-09-20,Franklin,41,0,41,0,0,0,44,0,1340,41,1384,41,0,1,-1,7,1,33,0,4,1
05-09-20,Gibson,55,0,51,0,4,0,61,0,1422,27,1483,27,0,1,-2,10,2,44,0,4,1
05-09-20,Giles,10,0,10,0,0,0,11,0,646,17,657,17,0,0,0,2,0,8,0,1,0
05-09-20,Grainger,7,0,6,0,1,0,7,0,363,11,370,11,0,0,0,2,0,5,0,2,0
05-09-20,Greene,45,2,45,2,0,0,52,2,1124,88,1176,90,0,2,1,1,1,42,1,8,2
05-09-20,Grundy,27,0,27,0,0,0,33,0,345,5,378,5,0,1,0,3,0,23,0,10,1
05-09-20,Hamblen,26,0,20,0,6,0,22,0,1377,68,1399,68,0,2,0,7,0,17,0,4,2
05-09-20,Hamilton,235,1,233,1,2,0,251,1,6053,72,6304,73,0,13,-3,75,4,147,0,42,14
05-09-20,Hancock,0,0,0,0,0,0,0,0,85,2,85,2,0,0,0,0,0,0,0,0,0
05-09-20,Hardeman,120,52,120,52,0,0,122,53,1776,931,1898,984,0,0,50,100,2,20,0,3,0
05-09-20,Hardin,8,1,8,1,0,0,7,0,961,20,968,20,0,0,1,3,0,5,1,1,0
05-09-20,Hawkins,31,0,31,0,0,0,43,0,1013,26,1056,26,0,2,0,0,0,29,0,6,2
05-09-20,Haywood,27,0,26,0,1,0,29,0,458,6,487,6,0,1,0,6,0,20,0,6,1
05-09-20,Henderson,9,0,9,0,0,0,11,0,679,16,690,16,0,0,0,2,0,7,0,0,0
05-09-20,Henry,15,1,15,1,0,0,18,1,821,10,839,11,0,0,1,3,0,12,0,3,0
05-09-20,Hickman,46,0,46,0,0,0,66,0,671,17,737,17,0,0,0,4,0,42,0,2,0
05-09-20,Houston,7,0,7,0,0,0,7,0,188,1,195,1,0,0,0,2,0,5,0,5,0
05-09-20,Humphreys,12,0,12,0,0,0,13,0,399,16,412,16,0,1,0,2,0,9,0,1,1
05-09-20,Jackson,8,0,8,0,0,0,11,0,454,0,465,0,0,0,0,1,0,7,0,1,0
05-09-20,Jefferson,27,0,24,0,3,0,25,0,1099,35,1124,35,0,0,-3,5,3,22,0,0,0
05-09-20,Johnson,6,0,6,0,0,0,5,0,180,47,185,47,0,0,0,3,0,3,0,0,0
05-09-20,Knox,268,2,263,2,5,0,306,5,9258,377,9564,382,0,5,-1,17,3,246,0,32,5
05-09-20,Lake,59,0,58,0,1,0,60,0,1162,18,1222,18,0,0,0,7,0,52,0,0,0
05-09-20,Lauderdale,27,0,26,0,1,0,37,0,658,27,695,27,0,0,0,5,0,22,0,7,0
05-09-20,Lawrence,18,0,18,0,0,0,20,1,1036,22,1056,23,0,0,0,1,0,17,0,3,0
05-09-20,Lewis,3,0,3,0,0,0,3,0,184,11,187,11,0,0,0,0,0,3,0,0,0
05-09-20,Lincoln,16,0,16,0,0,0,20,1,795,23,815,24,0,0,0,0,0,16,0,2,0
05-09-20,Loudon,42,1,40,1,2,0,47,1,857,19,904,20,0,0,1,12,0,30,0,3,0
05-09-20,Macon,60,1,60,1,0,0,69,1,919,34,988,35,0,3,1,20,0,37,0,12,3
05-09-20,Madison,147,0,147,0,0,0,164,1,3334,46,3498,47,0,1,-4,8,4,138,0,19,2
05-09-20,Marion,29,0,28,0,1,0,34,0,577,8,611,8,0,1,0,-2,0,30,0,11,2
05-09-20,Marshall,23,0,23,0,0,0,25,0,716,26,741,26,0,1,0,3,0,19,0,5,1
05-09-20,Maury,58,0,58,0,0,0,65,2,1959,76,2024,78,0,0,-1,16,1,42,0,7,0
05-09-20,McMinn,120,2,120,2,0,0,124,3,1839,58,1963,61,0,4,-28,57,30,59,0,16,9
05-09-20,McNairy,11,0,11,0,0,0,15,0,506,11,521,11,0,0,0,0,0,11,0,1,0
05-09-20,Meigs,21,0,21,0,0,0,23,0,233,26,256,26,0,0,0,15,0,6,0,3,0
05-09-20,Monroe,30,0,28,0,2,0,31,1,566,18,597,19,0,1,-2,12,2,17,0,4,1
05-09-20,Montgomery,173,10,173,10,0,0,197,11,4450,137,4647,148,0,2,9,29,1,142,0,17,3
05-09-20,Moore,3,0,3,0,0,0,4,0,209,7,213,7,0,0,0,0,0,3,0,0,0
05-09-20,Morgan,9,3,9,3,0,0,11,3,1818,1172,1829,1175,0,0,3,3,0,6,0,0,0
05-09-20,Obion,18,0,17,0,1,0,19,0,555,19,574,19,0,1,0,3,0,14,0,1,1
05-09-20,Out of State,187,0,187,0,0,0,206,1,29646,909,29852,910,0,5,-1,30,1,152,0,16,1
05-09-20,Overton,13,1,13,1,0,0,13,1,742,14,755,15,0,0,1,4,0,9,1,2,0
05-09-20,Pending,0,0,0,0,0,0,0,0,24311,707,24311,707,0,0,0,-1,0,1,0,0,0
05-09-20,Perry,13,0,13,0,0,0,14,0,104,7,118,7,0,0,0,5,0,8,0,0,0
05-09-20,Pickett,0,0,0,0,0,0,0,0,193,5,193,5,0,0,0,0,0,0,0,0,0
05-09-20,Polk,15,0,15,0,0,0,18,0,320,16,338,16,0,0,0,5,0,10,0,3,0
05-09-20,Putnam,166,0,166,0,0,0,233,1,2605,15,2838,16,0,5,-5,48,5,113,0,5,5
05-09-20,Rhea,5,0,5,0,0,0,7,0,710,27,717,27,0,0,0,0,0,5,0,0,0
05-09-20,Roane,14,2,11,0,3,2,17,0,1965,48,1982,48,0,0,2,4,0,10,0,2,0
05-09-20,Robertson,219,3,218,3,1,0,248,10,1996,97,2244,107,0,0,-1,65,4,154,0,26,2
05-09-20,Rutherford,738,10,738,10,0,0,836,23,6818,265,7654,288,0,14,5,204,5,520,1,71,20
05-09-20,Scott,12,0,11,0,1,0,11,0,346,8,357,8,0,0,0,-1,0,13,0,0,0
05-09-20,Sequatchie,10,0,10,0,0,0,9,0,656,17,665,17,0,0,0,2,0,8,0,2,0
05-09-20,Sevier,71,0,68,0,3,0,76,0,2338,90,2414,90,0,2,0,16,0,53,0,7,2
05-09-20,Shelby,3226,66,3216,66,10,0,3740,88,28988,1107,32728,1195,1,68,10,690,55,2468,6,410,86
05-09-20,Smith,24,0,23,0,1,0,28,0,592,26,620,26,0,1,-1,1,1,22,0,1,1
05-09-20,Stewart,7,0,7,0,0,0,7,0,230,4,237,4,0,0,0,0,0,7,0,1,0
05-09-20,Sullivan,57,0,54,0,3,0,58,0,2164,138,2222,138,0,1,0,6,0,50,0,6,1
05-09-20,Sumner,716,9,713,9,3,0,889,10,4273,107,5162,117,0,38,-2,72,11,606,2,199,41
05-09-20,Tipton,161,0,160,0,1,0,172,0,1800,61,1972,61,0,2,-4,29,4,130,0,19,2
05-09-20,Trousdale,1362,0,1361,0,1,0,1367,0,1615,19,2982,19,0,2,0,1231,0,129,0,13,2
05-09-20,Unicoi,3,1,3,1,0,0,2,0,327,6,329,6,0,0,1,1,0,2,0,0,0
05-09-20,Union,3,0,3,0,0,0,3,0,330,7,333,7,0,0,0,0,0,3,0,0,0
05-09-20,Van Buren,2,0,2,0,0,0,2,0,261,10,263,10,0,0,0,0,0,2,0,0,0
05-09-20,Warren,13,1,13,1,0,0,13,1,1198,53,1211,54,0,0,1,5,0,8,0,0,0
05-09-20,Washington,59,0,59,0,0,0,76,1,2144,81,2220,82,0,0,-1,6,1,53,0,5,0
05-09-20,Wayne,4,0,4,0,0,0,5,0,303,5,308,5,0,0,0,0,0,4,0,2,0
05-09-20,Weakley,26,0,26,0,0,0,25,0,702,6,727,6,0,0,0,1,0,25,0,1,0
05-09-20,White,18,0,16,0,2,0,17,0,809,51,826,51,0,0,0,12,0,6,0,1,0
05-09-20,Williamson,433,3,433,3,0,0,476,2,5958,147,6434,149,0,10,-1,32,4,391,0,43,10
05-09-20,Wilson,302,0,302,0,0,0,346,0,3203,102,3549,102,0,6,-9,38,9,258,0,29,8
05-08-20,Anderson,31,0,30,0,1,0,34,0,2652,55,2686,55,0,1,0,7,0,23,0,2,1
05-08-20,Bedford,234,7,234,7,0,0,240,3,1585,51,1825,54,0,3,-2,55,9,176,0,10,3
05-08-20,Benton,6,0,6,0,0,0,7,0,361,2,368,2,0,1,0,1,0,4,0,2,1
05-08-20,Bledsoe,603,0,603,0,0,0,610,0,2980,11,3590,11,0,0,0,7,0,596,0,4,1
05-08-20,Blount,73,1,70,1,3,0,84,1,1883,36,1967,37,0,3,1,13,0,57,0,5,3
05-08-20,Bradley,62,1,62,1,0,0,70,2,1415,79,1485,81,0,1,0,16,1,45,0,12,1
05-08-20,Campbell,18,1,17,1,1,0,24,1,892,21,916,22,0,1,1,1,0,16,0,2,1
05-08-20,Cannon,12,0,12,0,0,0,21,0,326,2,347,2,0,0,0,2,0,10,0,2,0
05-08-20,Carroll,21,0,16,0,5,0,17,0,741,4,758,4,0,1,0,-1,0,21,0,1,1
05-08-20,Carter,22,0,21,0,1,0,22,5,862,35,884,40,0,1,-1,6,1,15,0,2,1
05-08-20,Cheatham,71,1,71,1,0,0,78,1,1108,7,1186,8,0,0,0,22,1,49,0,8,0
05-08-20,Chester,11,0,11,0,0,0,12,0,322,11,334,11,0,0,0,2,0,9,0,1,0
05-08-20,Claiborne,7,0,7,0,0,0,7,0,389,9,396,9,0,0,0,2,0,5,0,0,0
05-08-20,Clay,7,0,7,0,0,0,7,0,275,0,282,0,0,0,0,1,0,6,0,0,0
05-08-20,Cocke,20,0,18,0,2,0,20,0,605,25,625,25,0,0,-1,3,1,17,0,1,0
05-08-20,Coffee,51,3,50,3,1,0,49,0,1339,40,1388,40,0,0,1,17,2,34,0,5,0
05-08-20,Crockett,12,2,10,2,2,0,14,2,337,4,351,6,0,0,2,7,0,5,0,1,1
05-08-20,Cumberland,86,0,85,0,1,0,109,1,2169,40,2278,41,0,1,-1,12,1,73,0,9,1
05-08-20,Davidson,3345,38,3343,37,2,1,3715,58,32665,545,36380,603,0,31,-27,847,65,2467,5,310,39
05-08-20,Decatur,4,0,4,0,0,0,4,0,196,4,200,4,0,0,0,0,0,4,0,0,0
05-08-20,Dekalb,27,0,27,0,0,0,30,0,771,5,801,5,0,0,0,11,0,16,0,0,0
05-08-20,Dickson,85,0,85,0,0,0,100,0,1331,19,1431,19,0,0,0,14,0,71,0,12,0
05-08-20,Dyer,43,0,42,0,1,0,46,0,851,6,897,6,0,0,0,7,0,36,0,6,0
05-08-20,Fayette,77,4,77,4,0,0,100,4,1414,27,1514,31,0,1,2,22,2,54,1,12,1
05-08-20,Fentress,5,0,5,0,0,0,5,0,419,6,424,6,0,0,0,1,0,4,0,1,0
05-08-20,Franklin,41,3,41,3,0,0,44,2,1299,32,1343,34,0,1,3,8,0,32,0,4,1
05-08-20,Gibson,55,1,51,1,4,0,61,1,1395,18,1456,19,0,1,0,12,1,42,0,4,1
05-08-20,Giles,10,0,10,0,0,0,11,0,629,11,640,11,0,0,0,2,0,8,0,1,0
05-08-20,Grainger,7,0,6,0,1,0,7,0,352,8,359,8,0,0,-1,2,1,5,0,2,0
05-08-20,Greene,43,1,43,1,0,0,50,1,1036,44,1086,45,0,2,-1,0,2,41,0,7,2
05-08-20,Grundy,27,0,27,0,0,0,33,1,340,15,373,16,0,1,0,3,0,23,0,10,1
05-08-20,Hamblen,26,0,20,0,6,0,22,0,1309,55,1331,55,0,2,0,7,0,17,0,4,2
05-08-20,Hamilton,234,4,232,4,2,0,250,5,5981,453,6231,458,0,13,2,78,2,143,0,42,14
05-08-20,Hancock,0,0,0,0,0,0,0,0,83,1,83,1,0,0,0,0,0,0,0,0,0
05-08-20,Hardeman,68,0,68,0,0,0,69,0,845,30,914,30,0,0,-1,50,1,18,0,3,0
05-08-20,Hardin,7,0,7,0,0,0,7,0,941,3,948,3,0,0,0,2,0,5,0,0,0
05-08-20,Hawkins,31,0,31,0,0,0,43,0,987,25,1030,25,0,2,0,0,0,29,0,6,2
05-08-20,Haywood,27,0,26,0,1,0,29,0,452,3,481,3,0,1,-2,6,2,20,0,6,1
05-08-20,Henderson,9,0,9,0,0,0,11,0,663,13,674,13,0,0,-1,2,1,7,0,0,0
05-08-20,Henry,14,0,14,0,0,0,17,0,811,3,828,3,0,0,0,2,0,12,0,3,0
05-08-20,Hickman,46,0,46,0,0,0,66,1,654,17,720,18,0,0,-1,4,1,42,0,2,0
05-08-20,Houston,7,0,7,0,0,0,7,0,187,2,194,2,0,0,0,2,0,5,0,5,0
05-08-20,Humphreys,12,0,12,0,0,0,13,0,383,8,396,8,0,1,-1,2,1,9,0,1,1
05-08-20,Jackson,8,0,8,0,0,0,11,0,454,1,465,1,0,0,0,1,0,7,0,1,0
05-08-20,Jefferson,27,0,24,0,3,0,25,0,1064,26,1089,26,0,0,0,8,0,19,0,0,0
05-08-20,Johnson,6,0,6,0,0,0,5,0,133,5,138,5,0,0,0,3,0,3,0,0,0
05-08-20,Knox,266,3,261,3,5,0,301,3,8881,257,9182,260,0,5,-2,18,5,243,0,32,5
05-08-20,Lake,59,1,58,1,1,0,60,2,1144,6,1204,8,0,0,-4,7,5,52,0,0,0
05-08-20,Lauderdale,27,2,26,2,1,0,37,1,631,18,668,19,0,0,2,5,0,22,1,7,0
05-08-20,Lawrence,18,1,18,1,0,0,19,1,1014,37,1033,38,0,0,1,1,0,17,0,3,0
05-08-20,Lewis,3,0,3,0,0,0,3,0,173,11,176,11,0,0,0,0,0,3,0,0,0
05-08-20,Lincoln,16,0,16,0,0,0,19,0,772,31,791,31,0,0,0,0,0,16,0,2,0
05-08-20,Loudon,41,0,39,0,2,0,46,1,838,24,884,25,0,0,0,11,0,30,0,3,0
05-08-20,Macon,59,0,59,0,0,0,68,0,885,8,953,8,0,3,-1,19,1,37,0,12,3
05-08-20,Madison,147,4,147,4,0,0,163,5,3288,224,3451,229,0,1,3,12,1,134,0,19,1
05-08-20,Marion,29,0,28,0,1,0,34,0,569,15,603,15,0,1,0,-2,0,30,0,11,2
05-08-20,Marshall,23,0,23,0,0,0,25,0,690,7,715,7,0,1,0,3,0,19,0,5,1
05-08-20,Maury,58,4,58,4,0,0,63,1,1883,63,1946,64,0,0,3,17,1,41,0,7,0
05-08-20,McMinn,118,3,118,3,0,0,121,6,1781,85,1902,91,1,4,-14,85,16,29,0,16,8
05-08-20,McNairy,11,0,11,0,0,0,15,0,495,8,510,8,0,0,0,0,0,11,0,1,0
05-08-20,Meigs,21,4,21,4,0,0,23,5,207,8,230,13,0,0,4,15,0,6,0,3,0
05-08-20,Monroe,30,0,28,0,2,0,30,1,548,18,578,19,0,1,0,14,0,15,0,4,1
05-08-20,Montgomery,163,1,163,1,0,0,186,4,4313,44,4499,48,0,2,0,20,1,141,0,17,3
05-08-20,Moore,3,0,3,0,0,0,4,0,202,10,206,10,0,0,0,0,0,3,0,0,0
05-08-20,Morgan,6,0,6,0,0,0,8,0,646,9,654,9,0,0,0,0,0,6,0,0,0
05-08-20,Obion,18,0,17,0,1,0,19,0,536,3,555,3,0,1,0,3,0,14,0,1,1
05-08-20,Out of State,187,3,187,3,0,0,205,3,28737,799,28942,802,0,5,-2,31,5,151,0,16,1
05-08-20,Overton,12,0,12,0,0,0,12,0,728,3,740,3,0,0,0,3,0,9,0,1,0
05-08-20,Pending,0,0,0,0,0,0,0,0,23604,546,23604,546,0,0,0,-1,0,1,0,0,0
05-08-20,Perry,13,0,13,0,0,0,14,0,97,3,111,3,0,0,0,5,0,8,0,0,0
05-08-20,Pickett,0,0,0,0,0,0,0,0,188,0,188,0,0,0,0,0,0,0,0,0,0
05-08-20,Polk,15,0,15,0,0,0,18,1,304,43,322,44,0,0,-2,5,2,10,0,3,0
05-08-20,Putnam,166,0,166,0,0,0,232,1,2590,9,2822,10,0,5,-3,53,3,108,0,5,5
05-08-20,Rhea,5,0,5,0,0,0,7,0,683,33,690,33,0,0,0,0,0,5,0,0,0
05-08-20,Roane,12,0,11,0,1,0,17,0,1917,47,1934,47,0,0,0,2,0,10,0,2,0
05-08-20,Robertson,216,10,215,10,1,0,238,4,1899,120,2137,124,0,0,6,66,4,150,1,26,2
05-08-20,Rutherford,728,27,728,27,0,0,813,35,6553,200,7366,235,0,14,6,199,21,515,1,70,19
05-08-20,Scott,12,0,11,0,1,0,11,0,338,10,349,10,0,0,0,-1,0,13,0,0,0
05-08-20,Sequatchie,10,0,10,0,0,0,9,1,639,20,648,21,0,0,0,2,0,8,0,2,0
05-08-20,Sevier,71,0,68,0,3,0,76,0,2248,59,2324,59,0,2,-1,16,1,53,0,7,2
05-08-20,Shelby,3160,57,3150,57,10,0,3652,72,27881,1095,31533,1167,3,67,-135,680,189,2413,3,404,82
05-08-20,Smith,24,0,23,0,1,0,28,0,566,29,594,29,0,1,-1,2,1,21,0,1,1
05-08-20,Stewart,7,0,7,0,0,0,7,0,226,4,233,4,0,0,0,0,0,7,0,1,0
05-08-20,Sullivan,57,0,54,0,3,0,58,0,2026,50,2084,50,0,1,0,6,0,50,0,6,1
05-08-20,Sumner,707,2,704,2,3,0,879,5,4166,87,5045,92,0,38,-5,74,7,595,0,197,41
05-08-20,Tipton,161,0,160,0,1,0,172,0,1739,36,1911,36,0,2,-5,33,5,126,0,19,2
05-08-20,Trousdale,1362,0,1361,0,1,0,1367,0,1596,9,2963,9,0,2,-4,1231,4,129,0,13,2
05-08-20,Unicoi,2,0,2,0,0,0,2,0,321,10,323,10,0,0,0,0,0,2,0,0,0
05-08-20,Union,3,0,3,0,0,0,3,0,323,3,326,3,0,0,0,0,0,3,0,0,0
05-08-20,Van Buren,2,0,2,0,0,0,2,0,251,4,253,4,0,0,0,0,0,2,0,0,0
05-08-20,Warren,12,1,12,1,0,0,12,1,1145,17,1157,18,0,0,1,4,0,8,0,0,0
05-08-20,Washington,59,1,59,1,0,0,75,2,2063,58,2138,60,0,0,1,7,0,52,0,5,0
05-08-20,Wayne,4,0,4,0,0,0,5,0,298,8,303,8,0,0,0,0,0,4,0,2,0
05-08-20,Weakley,26,0,26,0,0,0,25,0,696,7,721,7,0,0,-2,1,2,25,0,1,0
05-08-20,White,18,0,16,0,2,0,17,0,758,8,775,8,0,0,-1,12,1,6,0,1,0
05-08-20,Williamson,430,1,430,1,0,0,474,4,5811,256,6285,260,0,10,-13,33,14,387,0,43,10
05-08-20,Wilson,302,3,302,3,0,0,346,5,3101,81,3447,86,0,6,-2,47,5,249,0,29,7
05-07-20,Anderson,31,0,30,0,1,0,34,2,2597,69,2631,71,0,1,-1,7,1,23,0,2,1
05-07-20,Bedford,227,9,227,9,0,0,237,9,1534,63,1771,72,0,3,-4,57,13,167,0,10,3
05-07-20,Benton,6,0,6,0,0,0,7,0,359,13,366,13,0,1,0,1,0,4,0,2,1
05-07-20,Bledsoe,603,0,603,0,0,0,610,0,2969,10,3579,10,0,0,0,7,0,596,0,4,1
05-07-20,Blount,72,0,69,0,3,0,83,0,1847,27,1930,27,0,3,-2,12,2,57,0,5,3
05-07-20,Bradley,61,3,61,3,0,0,68,3,1336,51,1404,54,0,1,1,16,2,44,1,12,1
05-07-20,Campbell,17,0,16,0,1,0,23,0,871,21,894,21,0,1,-1,0,1,16,0,2,1
05-07-20,Cannon,12,0,12,0,0,0,21,0,324,12,345,12,0,0,0,2,0,10,0,2,0
05-07-20,Carroll,21,0,16,0,5,0,17,0,737,10,754,10,0,1,0,-1,0,21,0,1,1
05-07-20,Carter,22,0,21,0,1,0,17,1,827,32,844,33,0,1,-2,7,2,14,0,2,1
05-07-20,Cheatham,70,6,70,6,0,0,77,8,1101,72,1178,80,0,0,3,22,3,48,0,8,0
05-07-20,Chester,11,2,11,2,0,0,12,1,311,6,323,7,0,0,2,2,0,9,0,1,0
05-07-20,Claiborne,7,0,7,0,0,0,7,0,380,24,387,24,0,0,0,2,0,5,0,0,0
05-07-20,Clay,7,0,7,0,0,0,7,0,275,13,282,13,0,0,0,1,0,6,0,0,0
05-07-20,Cocke,20,1,18,1,2,0,20,1,580,12,600,13,0,0,0,4,1,16,0,1,0
05-07-20,Coffee,48,1,47,1,1,0,49,1,1299,65,1348,66,0,0,1,16,0,32,0,5,0
05-07-20,Crockett,10,0,8,0,2,0,12,1,333,5,345,6,0,0,0,5,0,5,0,1,1
05-07-20,Cumberland,86,1,85,1,1,0,108,2,2129,22,2237,24,0,1,0,13,1,72,0,9,1
05-07-20,Davidson,3307,127,3306,127,1,0,3657,141,32120,3021,35777,3162,0,31,61,874,66,2402,4,305,38
05-07-20,Decatur,4,0,4,0,0,0,4,0,192,2,196,2,0,0,0,0,0,4,0,0,0
05-07-20,Dekalb,27,2,27,2,0,0,30,4,766,33,796,37,0,0,2,11,0,16,0,0,0
05-07-20,Dickson,85,0,85,0,0,0,100,0,1312,58,1412,58,0,0,-2,14,2,71,0,12,0
05-07-20,Dyer,43,2,42,2,1,0,46,1,845,25,891,26,0,0,2,7,0,36,1,6,0
05-07-20,Fayette,73,2,73,2,0,0,96,1,1387,55,1483,56,0,1,2,20,0,52,0,11,1
05-07-20,Fentress,5,0,5,0,0,0,5,0,413,3,418,3,0,0,0,1,0,4,0,1,0
05-07-20,Franklin,38,2,38,2,0,0,42,2,1267,42,1309,44,0,1,-1,5,3,32,0,4,1
05-07-20,Gibson,54,0,50,0,4,0,60,0,1377,30,1437,30,0,1,-3,12,3,41,0,4,1
05-07-20,Giles,10,0,10,0,0,0,11,0,618,20,629,20,0,0,0,2,0,8,0,1,0
05-07-20,Grainger,7,0,6,0,1,0,7,1,344,8,351,9,0,0,0,3,0,4,0,2,0
05-07-20,Greene,42,0,42,0,0,0,49,1,992,47,1041,48,0,2,0,1,0,39,0,7,2
05-07-20,Grundy,27,0,27,0,0,0,32,0,325,7,357,7,0,1,0,3,0,23,0,10,1
05-07-20,Hamblen,26,1,20,1,6,0,22,1,1254,18,1276,19,0,2,1,7,0,17,1,4,2
05-07-20,Hamilton,230,19,228,18,2,1,245,19,5528,73,5773,92,0,13,14,76,5,141,0,42,14
05-07-20,Hancock,0,0,0,0,0,0,0,0,82,5,82,5,0,0,0,0,0,0,0,0,0
05-07-20,Hardeman,68,41,68,41,0,0,69,42,815,198,884,240,0,0,41,51,0,17,0,3,0
05-07-20,Hardin,7,0,7,0,0,0,7,0,938,10,945,10,0,0,-1,2,1,5,0,0,0
05-07-20,Hawkins,31,0,31,0,0,0,43,1,962,38,1005,39,0,2,0,0,0,29,0,6,2
05-07-20,Haywood,27,0,26,0,1,0,29,0,449,16,478,16,0,1,-2,8,2,18,0,6,1
05-07-20,Henderson,9,0,9,0,0,0,11,0,650,11,661,11,0,0,0,3,0,6,0,0,0
05-07-20,Henry,14,1,14,1,0,0,17,1,808,23,825,24,0,0,1,2,0,12,0,3,0
05-07-20,Hickman,46,1,46,1,0,0,65,2,637,25,702,27,0,0,0,5,1,41,0,2,0
05-07-20,Houston,7,0,7,0,0,0,7,0,185,3,192,3,0,0,0,2,0,5,0,5,0
05-07-20,Humphreys,12,0,12,0,0,0,13,0,375,7,388,7,0,1,0,3,0,8,0,1,1
05-07-20,Jackson,8,0,8,0,0,0,11,0,453,17,464,17,0,0,0,1,0,7,0,1,0
05-07-20,Jefferson,27,0,24,0,3,0,25,0,1038,18,1063,18,0,0,0,8,0,19,0,0,0
05-07-20,Johnson,6,0,6,0,0,0,5,0,128,17,133,17,0,0,0,3,0,3,0,0,0
05-07-20,Knox,263,3,258,3,5,0,298,4,8624,219,8922,223,0,5,-1,20,4,238,0,32,5
05-07-20,Lake,58,0,57,0,1,0,58,0,1138,6,1196,6,0,0,0,11,0,47,0,0,0
05-07-20,Lauderdale,25,0,24,0,1,0,36,2,613,18,649,20,0,0,0,3,0,22,0,6,0
05-07-20,Lawrence,17,0,17,0,0,0,18,1,977,16,995,17,0,0,-2,0,2,17,0,3,0
05-07-20,Lewis,3,0,3,0,0,0,3,0,162,9,165,9,0,0,0,0,0,3,0,0,0
05-07-20,Lincoln,16,0,16,0,0,0,19,0,741,31,760,31,0,0,0,0,0,16,0,2,0
05-07-20,Loudon,41,2,39,1,2,1,45,1,814,15,859,16,0,0,2,11,0,30,0,3,0
05-07-20,Macon,59,2,59,2,0,0,68,3,877,45,945,48,0,3,1,20,1,36,0,12,3
05-07-20,Madison,143,1,143,1,0,0,158,1,3064,60,3222,61,0,1,-2,9,3,133,0,19,1
05-07-20,Marion,29,0,28,0,1,0,34,0,554,6,588,6,0,1,0,-2,0,30,0,11,2
05-07-20,Marshall,23,0,23,0,0,0,25,0,683,25,708,25,0,1,0,3,0,19,0,5,1
05-07-20,Maury,54,1,54,1,0,0,62,3,1820,49,1882,52,0,0,0,14,1,40,1,7,0
05-07-20,McMinn,115,1,115,1,0,0,115,1,1696,83,1811,84,0,3,1,99,0,13,0,16,7
05-07-20,McNairy,11,0,11,0,0,0,15,0,487,9,502,9,0,0,0,0,0,11,0,1,0
05-07-20,Meigs,17,2,17,2,0,0,18,3,199,10,217,13,0,0,2,11,0,6,1,3,0
05-07-20,Monroe,30,3,28,3,2,0,29,1,530,10,559,11,0,1,3,14,0,15,1,4,1
05-07-20,Montgomery,162,7,162,7,0,0,182,8,4269,179,4451,187,0,2,5,20,2,140,0,17,3
05-07-20,Moore,3,0,3,0,0,0,4,0,192,9,196,9,0,0,0,0,0,3,0,0,0
05-07-20,Morgan,6,0,6,0,0,0,8,0,637,244,645,244,0,0,0,0,0,6,0,0,0
05-07-20,Obion,18,1,17,1,1,0,19,1,533,23,552,24,0,1,0,3,1,14,0,1,1
05-07-20,Out of State,184,6,184,6,0,0,202,6,27938,1051,28140,1057,-1,5,3,33,4,146,1,16,1
05-07-20,Overton,12,0,12,0,0,0,12,0,725,13,737,13,0,0,0,3,0,9,0,1,0
05-07-20,Pending,0,0,0,0,0,0,0,0,23058,763,23058,763,0,0,0,-1,0,1,0,0,0
05-07-20,Perry,13,0,13,0,0,0,14,0,94,4,108,4,0,0,0,5,0,8,0,0,0
05-07-20,Pickett,0,0,0,0,0,0,0,0,188,4,188,4,0,0,0,0,0,0,0,0,0
05-07-20,Polk,15,0,15,0,0,0,17,0,261,43,278,43,0,0,0,7,0,8,0,3,0
05-07-20,Putnam,166,3,166,3,0,0,231,8,2581,149,2812,157,0,5,-2,56,5,105,0,5,5
05-07-20,Rhea,5,0,5,0,0,0,7,0,650,34,657,34,0,0,0,0,0,5,0,0,0
05-07-20,Roane,12,1,11,1,1,0,17,1,1870,43,1887,44,0,0,1,2,0,10,0,2,0
05-07-20,Robertson,206,11,205,11,1,0,234,18,1779,35,2013,53,0,0,4,60,7,146,2,25,2
05-07-20,Rutherford,701,26,701,26,0,0,778,26,6353,280,7131,306,0,14,11,193,15,494,1,69,18
05-07-20,Scott,12,0,11,0,1,0,11,0,328,4,339,4,0,0,0,-1,0,13,0,0,0
05-07-20,Sequatchie,10,1,10,1,0,0,8,0,619,10,627,10,0,0,0,2,1,8,0,2,0
05-07-20,Sevier,71,3,68,3,3,0,76,3,2189,29,2265,32,0,2,2,17,1,52,0,7,2
05-07-20,Shelby,3103,70,3093,70,10,0,3580,92,26786,1405,30366,1497,0,64,10,815,60,2224,7,401,80
05-07-20,Smith,24,1,23,1,1,0,28,2,537,8,565,10,0,1,0,3,1,20,0,1,1
05-07-20,Stewart,7,0,7,0,0,0,7,0,222,12,229,12,0,0,0,0,0,7,0,1,0
05-07-20,Sullivan,57,2,54,2,3,0,58,2,1976,25,2034,27,0,1,1,6,1,50,0,6,1
05-07-20,Sumner,705,14,702,14,3,0,874,17,4079,284,4953,301,0,38,5,79,9,588,1,197,40
05-07-20,Tipton,161,0,160,0,1,0,172,1,1703,94,1875,95,0,2,-8,38,8,121,0,19,2
05-07-20,Trousdale,1362,0,1361,0,1,0,1367,0,1587,25,2954,25,0,2,-70,1235,70,125,0,13,2
05-07-20,Unicoi,2,0,2,0,0,0,2,0,311,30,313,30,0,0,0,0,0,2,0,0,0
05-07-20,Union,3,0,3,0,0,0,3,0,320,11,323,11,0,0,0,0,0,3,0,0,0
05-07-20,Van Buren,2,0,2,0,0,0,2,0,247,9,249,9,0,0,0,0,0,2,0,0,0
05-07-20,Warren,11,0,11,0,0,0,11,0,1128,170,1139,170,0,0,-1,3,1,8,0,0,0
05-07-20,Washington,58,1,58,1,0,0,73,2,2005,93,2078,95,0,0,-1,6,2,52,0,5,0
05-07-20,Wayne,4,0,4,0,0,0,5,0,290,5,295,5,0,0,0,0,0,4,0,2,0
05-07-20,Weakley,26,0,26,0,0,0,25,0,689,20,714,20,0,0,-1,3,1,23,0,1,0
05-07-20,White,18,1,16,1,2,0,17,1,750,50,767,51,0,0,1,13,0,5,0,1,0
05-07-20,Williamson,429,5,429,5,0,0,470,5,5555,63,6025,68,0,10,4,46,1,373,0,43,10
05-07-20,Wilson,299,3,299,3,0,0,341,5,3020,111,3361,116,-1,6,-1,49,5,244,1,29,7
05-06-20,Anderson,31,2,30,2,1,0,32,1,2528,51,2560,52,0,1,2,8,0,22,0,2,1
05-06-20,Bedford,218,7,218,7,0,0,228,3,1471,16,1699,19,0,3,-3,61,10,154,0,10,3
05-06-20,Benton,6,0,6,0,0,0,7,0,346,93,353,93,0,1,0,1,0,4,0,2,1
05-06-20,Bledsoe,603,0,603,0,0,0,610,1,2959,17,3569,18,0,0,0,7,0,596,0,4,0
05-06-20,Blount,72,1,69,1,3,0,83,1,1820,38,1903,39,0,3,0,14,1,55,0,5,3
05-06-20,Bradley,58,2,58,2,0,0,65,2,1285,6,1350,8,0,1,0,15,2,42,0,11,1
05-06-20,Campbell,17,0,16,0,1,0,23,1,850,153,873,154,0,1,0,1,0,15,0,2,1
05-06-20,Cannon,12,0,12,0,0,0,21,0,312,14,333,14,0,0,-1,2,1,10,0,2,0
05-06-20,Carroll,21,0,16,0,5,0,17,0,727,85,744,85,0,1,-2,-1,2,21,0,1,1
05-06-20,Carter,22,3,21,3,1,0,16,1,795,3,811,4,0,1,2,9,1,12,0,2,1
05-06-20,Cheatham,64,1,64,1,0,0,69,1,1029,26,1098,27,0,0,-1,19,2,45,0,8,0
05-06-20,Chester,9,0,9,0,0,0,11,0,305,10,316,10,0,0,0,0,0,9,0,1,0
05-06-20,Claiborne,7,0,7,0,0,0,7,1,356,14,363,15,0,0,0,2,0,5,0,0,0
05-06-20,Clay,7,1,7,1,0,0,7,1,262,1,269,2,0,0,1,1,0,6,0,0,0
05-06-20,Cocke,19,0,17,0,2,0,19,0,568,13,587,13,0,0,0,4,0,15,0,1,0
05-06-20,Coffee,47,0,46,0,1,0,48,0,1234,13,1282,13,0,0,-6,15,6,32,0,5,0
05-06-20,Crockett,10,1,8,1,2,0,11,1,328,5,339,6,0,0,1,5,0,5,0,1,1
05-06-20,Cumberland,85,0,84,0,1,0,106,2,2107,68,2213,70,0,1,-1,13,1,71,0,9,1
05-06-20,Davidson,3180,70,3179,70,1,0,3516,90,29099,883,32615,973,1,31,-46,813,115,2336,2,301,38
05-06-20,Decatur,4,0,4,0,0,0,4,0,190,4,194,4,0,0,0,0,0,4,0,0,0
05-06-20,Dekalb,25,0,25,0,0,0,26,0,733,7,759,7,0,0,-2,9,2,16,0,0,0
05-06-20,Dickson,85,1,85,1,0,0,100,1,1254,41,1354,42,0,0,-3,16,4,69,0,12,0
05-06-20,Dyer,41,1,40,1,1,0,45,1,820,35,865,36,0,0,-1,5,2,36,0,5,0
05-06-20,Fayette,71,1,71,1,0,0,95,1,1332,63,1427,64,0,1,-2,18,3,52,0,11,1
05-06-20,Fentress,5,0,5,0,0,0,5,0,410,3,415,3,0,0,0,1,0,4,0,1,0
05-06-20,Franklin,36,0,36,0,0,0,40,0,1225,5,1265,5,0,1,-1,6,1,29,0,4,1
05-06-20,Gibson,54,2,50,2,4,0,60,2,1347,36,1407,38,0,1,1,15,1,38,0,4,1
05-06-20,Giles,10,1,10,1,0,0,11,1,598,13,609,14,0,0,1,2,0,8,1,1,0
05-06-20,Grainger,7,0,6,0,1,0,6,0,336,4,342,4,0,0,0,3,0,4,0,2,0
05-06-20,Greene,42,0,42,0,0,0,48,0,945,28,993,28,0,2,0,1,0,39,0,7,2
05-06-20,Grundy,27,1,27,1,0,0,32,0,318,0,350,0,0,1,1,3,0,23,0,10,1
05-06-20,Hamblen,25,0,19,0,6,0,21,1,1236,52,1257,53,0,2,-2,6,2,17,0,3,2
05-06-20,Hamilton,211,18,210,18,1,0,226,18,5455,107,5681,125,0,13,16,62,2,136,0,42,14
05-06-20,Hancock,0,0,0,0,0,0,0,0,77,2,77,2,0,0,0,0,0,0,0,0,0
05-06-20,Hardeman,27,2,27,2,0,0,27,2,617,44,644,46,0,0,2,10,0,17,0,3,0
05-06-20,Hardin,7,0,7,0,0,0,7,0,928,29,935,29,0,0,0,3,0,4,0,0,0
05-06-20,Hawkins,31,0,31,0,0,0,42,0,924,8,966,8,0,2,0,0,0,29,0,6,2
05-06-20,Haywood,27,0,26,0,1,0,29,0,433,18,462,18,0,1,-2,10,2,16,0,6,1
05-06-20,Henderson,9,0,9,0,0,0,11,0,639,15,650,15,0,0,0,3,0,6,0,0,0
05-06-20,Henry,13,0,13,0,0,0,16,0,785,34,801,34,0,0,0,1,0,12,0,3,0
05-06-20,Hickman,45,2,45,2,0,0,63,0,612,25,675,25,0,0,1,5,1,40,0,2,0
05-06-20,Houston,7,0,7,0,0,0,7,0,182,4,189,4,0,0,0,2,0,5,0,5,0
05-06-20,Humphreys,12,0,12,0,0,0,13,0,368,8,381,8,0,1,0,3,0,8,0,1,1
05-06-20,Jackson,8,1,8,1,0,0,11,1,436,4,447,5,0,0,1,1,0,7,1,1,0
05-06-20,Jefferson,27,0,24,0,3,0,25,0,1020,29,1045,29,0,0,-1,8,1,19,0,0,0
05-06-20,Johnson,6,0,6,0,0,0,5,0,111,6,116,6,0,0,0,3,0,3,0,0,0
05-06-20,Knox,260,1,255,1,5,0,294,0,8405,169,8699,169,0,5,-7,21,8,234,0,32,5
05-06-20,Lake,58,1,57,1,1,0,58,1,1132,46,1190,47,0,0,1,11,0,47,0,0,0
05-06-20,Lauderdale,25,0,24,0,1,0,34,1,595,24,629,25,0,0,-3,3,3,22,0,6,0
05-06-20,Lawrence,17,2,17,2,0,0,17,0,961,7,978,7,0,0,2,2,0,15,0,3,0
05-06-20,Lewis,3,0,3,0,0,0,3,0,153,3,156,3,0,0,0,0,0,3,0,0,0
05-06-20,Lincoln,16,0,16,0,0,0,19,0,710,8,729,8,0,0,0,0,0,16,0,2,0
05-06-20,Loudon,39,0,38,0,1,0,44,0,799,22,843,22,0,0,0,9,0,30,0,3,0
05-06-20,Macon,57,2,57,2,0,0,65,2,832,9,897,11,0,3,1,19,1,35,1,12,3
05-06-20,Madison,142,1,142,1,0,0,157,2,3004,91,3161,93,0,1,-2,11,3,130,0,19,1
05-06-20,Marion,29,0,28,0,1,0,34,0,548,1,582,1,0,1,0,-2,0,30,0,11,2
05-06-20,Marshall,23,0,23,0,0,0,25,0,658,4,683,4,0,1,0,3,0,19,0,5,1
05-06-20,Maury,53,3,53,3,0,0,59,2,1771,24,1830,26,0,0,2,14,1,39,0,6,0
05-06-20,McMinn,114,1,114,1,0,0,114,0,1613,13,1727,13,1,3,-3,98,3,13,0,16,4
05-06-20,McNairy,11,0,11,0,0,0,15,0,478,6,493,6,0,0,0,0,0,11,0,1,0
05-06-20,Meigs,15,5,15,5,0,0,15,5,189,4,204,9,0,0,5,9,0,6,0,2,0
05-06-20,Monroe,27,0,25,0,2,0,28,0,520,14,548,14,0,1,-2,11,2,15,0,3,1
05-06-20,Montgomery,155,3,155,3,0,0,174,3,4090,198,4264,201,0,2,3,15,0,138,0,17,3
05-06-20,Moore,3,0,3,0,0,0,4,0,183,0,187,0,0,0,0,0,0,3,0,0,0
05-06-20,Morgan,6,0,6,0,0,0,8,0,393,17,401,17,0,0,0,0,0,6,0,0,0
05-06-20,Obion,17,0,16,0,1,0,18,1,510,24,528,25,0,1,0,3,0,13,0,1,1
05-06-20,Out of State,178,1,178,1,0,0,196,2,26887,550,27083,552,1,6,-4,30,4,142,0,15,1
05-06-20,Overton,12,1,12,1,0,0,12,1,712,19,724,20,0,0,1,3,0,9,0,1,0
05-06-20,Pending,0,0,0,0,0,0,0,0,22295,324,22295,324,0,0,0,-1,0,1,0,0,0
05-06-20,Perry,13,0,13,0,0,0,14,0,90,1,104,1,0,0,0,5,0,8,0,0,0
05-06-20,Pickett,0,0,0,0,0,0,0,0,184,0,184,0,0,0,0,0,0,0,0,0,0
05-06-20,Polk,15,0,15,0,0,0,17,0,218,0,235,0,0,0,0,7,0,8,0,3,0
05-06-20,Putnam,163,0,163,0,0,0,223,0,2432,9,2655,9,0,5,-3,58,3,100,0,5,5
05-06-20,Rhea,5,0,5,0,0,0,7,0,616,4,623,4,0,0,0,0,0,5,0,0,0
05-06-20,Roane,11,0,10,0,1,0,16,0,1827,24,1843,24,0,0,0,1,0,10,0,2,0
05-06-20,Robertson,195,7,194,7,1,0,216,5,1744,33,1960,38,0,0,3,56,4,139,0,23,2
05-06-20,Rutherford,675,23,675,23,0,0,752,25,6073,98,6825,123,2,14,-15,182,36,479,0,68,17
05-06-20,Scott,12,0,11,0,1,0,11,0,324,13,335,13,0,0,0,-1,0,13,0,0,0
05-06-20,Sequatchie,9,0,9,0,0,0,8,0,609,1,617,1,0,0,-1,2,1,7,0,2,0
05-06-20,Sevier,68,3,65,3,3,0,73,5,2160,76,2233,81,0,2,0,15,3,51,0,7,2
05-06-20,Shelby,3033,75,3023,75,10,0,3488,109,25381,1282,28869,1391,4,64,-2,805,73,2164,8,394,77
05-06-20,Smith,23,0,22,0,1,0,26,0,529,11,555,11,0,1,0,3,0,19,0,1,1
05-06-20,Stewart,7,0,7,0,0,0,7,0,210,6,217,6,0,0,0,0,0,7,0,1,0
05-06-20,Sullivan,55,0,52,0,3,0,56,0,1951,25,2007,25,0,1,-2,5,2,49,0,6,1
05-06-20,Sumner,691,7,688,7,3,0,857,10,3795,59,4652,69,0,38,-4,74,11,579,0,196,40
05-06-20,Tipton,161,1,160,1,1,0,171,1,1609,41,1780,42,1,2,-2,46,2,113,0,19,2
05-06-20,Trousdale,1362,1,1361,1,1,0,1367,2,1562,7,2929,9,0,2,0,1305,1,55,0,13,2
05-06-20,Unicoi,2,0,2,0,0,0,2,0,281,1,283,1,0,0,0,0,0,2,0,0,0
05-06-20,Union,3,0,3,0,0,0,3,0,309,9,312,9,0,0,0,0,0,3,0,0,0
05-06-20,Van Buren,2,0,2,0,0,0,2,0,238,2,240,2,0,0,0,0,0,2,0,0,0
05-06-20,Warren,11,2,11,2,0,0,11,2,958,3,969,5,0,0,2,4,0,7,0,0,0
05-06-20,Washington,57,1,57,1,0,0,71,1,1912,21,1983,22,0,0,0,7,1,50,0,5,0
05-06-20,Wayne,4,0,4,0,0,0,5,0,285,6,290,6,0,0,0,0,0,4,0,2,0
05-06-20,Weakley,26,0,26,0,0,0,25,0,669,5,694,5,0,0,0,4,0,22,0,1,0
05-06-20,White,17,0,15,0,2,0,16,0,700,3,716,3,0,0,0,12,0,5,0,1,0
05-06-20,Williamson,424,0,424,0,0,0,465,1,5492,77,5957,78,1,10,-3,42,2,372,0,43,10
05-06-20,Wilson,296,1,296,1,0,0,336,5,2909,62,3245,67,2,7,-14,50,13,239,0,28,7
05-05-20,Anderson,29,2,28,2,1,0,31,1,2477,68,2508,69,0,1,0,6,2,22,0,2,1
05-05-20,Bedford,211,6,211,6,0,0,225,1,1455,17,1680,18,0,3,1,64,5,144,0,10,3
05-05-20,Benton,6,0,6,0,0,0,7,0,253,5,260,5,0,1,0,1,0,4,0,2,1
05-05-20,Bledsoe,603,2,603,2,0,0,609,2,2942,8,3551,10,0,0,-40,7,42,596,0,4,0
05-05-20,Blount,71,1,68,1,3,0,82,3,1782,261,1864,264,0,3,1,14,0,54,0,5,3
05-05-20,Bradley,56,2,56,2,0,0,63,2,1279,29,1342,31,0,1,0,15,2,40,1,11,1
05-05-20,Campbell,17,0,16,0,1,0,22,0,697,163,719,163,0,1,0,1,0,15,0,2,1
05-05-20,Cannon,12,0,12,0,0,0,21,0,298,4,319,4,0,0,0,3,0,9,0,2,0
05-05-20,Carroll,21,0,16,0,5,0,17,0,642,25,659,25,0,1,-1,1,1,19,0,1,1
05-05-20,Carter,19,0,18,0,1,0,15,0,792,11,807,11,0,1,-4,7,4,11,0,2,1
05-05-20,Cheatham,63,0,63,0,0,0,68,0,1003,16,1071,16,0,0,-5,20,5,43,0,8,0
05-05-20,Chester,9,0,9,0,0,0,11,0,295,6,306,6,0,0,0,0,0,9,0,1,0
05-05-20,Claiborne,7,1,7,1,0,0,6,0,342,35,348,35,0,0,1,2,0,5,0,0,0
05-05-20,Clay,6,0,6,0,0,0,6,0,261,0,267,0,0,0,0,0,0,6,0,0,0
05-05-20,Cocke,19,0,17,0,2,0,19,0,555,25,574,25,0,0,0,4,0,15,0,1,0
05-05-20,Coffee,47,1,46,1,1,0,48,0,1221,5,1269,5,0,0,0,21,1,26,0,5,0
05-05-20,Crockett,9,0,7,0,2,0,10,0,323,7,333,7,0,0,-1,4,1,5,0,1,1
05-05-20,Cumberland,85,0,84,0,1,0,104,0,2039,36,2143,36,0,1,0,14,0,70,0,9,1
05-05-20,Davidson,3110,35,3109,35,1,0,3426,54,28216,683,31642,737,1,30,-38,859,72,2221,8,299,38
05-05-20,Decatur,4,0,4,0,0,0,4,0,186,8,190,8,0,0,0,0,0,4,0,0,0
05-05-20,Dekalb,25,0,25,0,0,0,26,0,726,5,752,5,0,0,-1,11,1,14,0,0,0
05-05-20,Dickson,84,0,84,0,0,0,99,4,1213,46,1312,50,0,0,-2,19,2,65,0,12,0
05-05-20,Dyer,40,2,39,2,1,0,44,2,785,14,829,16,0,0,0,6,2,34,0,5,0
05-05-20,Fayette,70,3,70,3,0,0,94,4,1269,28,1363,32,0,1,1,20,2,49,0,11,1
05-05-20,Fentress,5,0,5,0,0,0,5,0,407,130,412,130,0,0,0,1,0,4,0,1,0
05-05-20,Franklin,36,0,36,0,0,0,40,2,1220,7,1260,9,0,1,0,7,0,28,0,4,1
05-05-20,Gibson,52,0,48,0,4,0,58,0,1311,17,1369,17,0,1,-1,14,1,37,0,4,1
05-05-20,Giles,9,0,9,0,0,0,10,0,585,106,595,106,0,0,-1,1,1,8,0,0,0
05-05-20,Grainger,7,0,6,0,1,0,6,0,332,11,338,11,0,0,0,3,0,4,0,2,0
05-05-20,Greene,42,0,42,0,0,0,48,0,917,9,965,9,0,2,-1,1,1,39,0,7,2
05-05-20,Grundy,26,0,26,0,0,0,32,1,318,1,350,2,0,1,0,2,0,23,0,10,1
05-05-20,Hamblen,25,0,19,0,6,0,20,0,1184,29,1204,29,0,2,0,8,0,15,0,3,2
05-05-20,Hamilton,193,11,192,11,1,0,208,12,5348,1463,5556,1475,0,13,7,46,4,134,0,42,14
05-05-20,Hancock,0,0,0,0,0,0,0,0,75,3,75,3,0,0,0,0,0,0,0,0,0
05-05-20,Hardeman,25,0,25,0,0,0,25,0,573,16,598,16,0,0,-2,8,2,17,0,3,0
05-05-20,Hardin,7,0,7,0,0,0,7,0,899,5,906,5,0,0,0,3,0,4,0,0,0
05-05-20,Hawkins,31,0,31,0,0,0,42,0,916,9,958,9,0,2,0,0,0,29,0,6,2
05-05-20,Haywood,27,0,26,0,1,0,29,0,415,8,444,8,0,1,-1,12,1,14,0,6,1
05-05-20,Henderson,9,0,9,0,0,0,11,0,624,13,635,13,0,0,0,3,0,6,0,0,0
05-05-20,Henry,13,0,13,0,0,0,16,0,751,3,767,3,0,0,-1,1,1,12,0,3,0
05-05-20,Hickman,43,1,43,1,0,0,63,0,587,3,650,3,0,0,-18,4,19,39,0,2,0
05-05-20,Houston,7,0,7,0,0,0,7,0,178,0,185,0,0,0,0,2,0,5,0,5,0
05-05-20,Humphreys,12,1,12,1,0,0,13,1,360,7,373,8,0,1,1,3,0,8,1,1,1
05-05-20,Jackson,7,0,7,0,0,0,10,0,432,10,442,10,0,0,0,0,0,7,0,0,0
05-05-20,Jefferson,27,2,24,1,3,1,25,1,991,22,1016,23,0,0,2,9,0,18,0,0,0
05-05-20,Johnson,6,0,6,0,0,0,5,0,105,2,110,2,0,0,0,3,0,3,0,0,0
05-05-20,Knox,259,3,254,3,5,0,294,4,8236,307,8530,311,0,5,-2,28,5,226,0,32,5
05-05-20,Lake,57,0,56,0,1,0,57,0,1086,5,1143,5,0,0,-15,10,15,47,0,0,0
05-05-20,Lauderdale,25,1,24,1,1,0,33,1,571,179,604,180,0,0,1,6,0,19,0,6,0
05-05-20,Lawrence,15,0,15,0,0,0,17,0,954,6,971,6,0,0,0,0,0,15,0,3,0
05-05-20,Lewis,3,0,3,0,0,0,3,0,150,3,153,3,0,0,0,0,0,3,0,0,0
05-05-20,Lincoln,16,0,16,0,0,0,19,0,702,3,721,3,0,0,-2,0,2,16,0,2,0
05-05-20,Loudon,39,0,38,0,1,0,44,1,777,57,821,58,0,0,-1,9,1,30,0,3,0
05-05-20,Macon,55,1,55,1,0,0,63,1,823,2,886,3,0,3,0,18,1,34,1,11,3
05-05-20,Madison,141,2,141,2,0,0,155,2,2913,73,3068,75,0,1,1,13,1,127,1,19,1
05-05-20,Marion,29,0,28,0,1,0,34,1,547,18,581,19,0,1,-1,-2,1,30,0,11,2
05-05-20,Marshall,23,0,23,0,0,0,25,0,654,12,679,12,0,1,0,3,0,19,0,5,1
05-05-20,Maury,50,0,50,0,0,0,57,0,1747,20,1804,20,0,0,-1,12,1,38,0,6,0
05-05-20,McMinn,113,1,113,1,0,0,114,1,1600,12,1714,13,1,2,-1,101,1,10,0,16,4
05-05-20,McNairy,11,0,11,0,0,0,15,0,472,6,487,6,0,0,0,0,0,11,0,1,0
05-05-20,Meigs,10,0,10,0,0,0,10,0,185,5,195,5,0,0,0,4,0,6,0,2,0
05-05-20,Monroe,27,1,25,1,2,0,28,0,506,21,534,21,0,1,-1,13,2,13,0,3,1
05-05-20,Montgomery,152,0,152,0,0,0,171,2,3892,114,4063,116,0,2,-4,12,4,138,0,17,3
05-05-20,Moore,3,0,3,0,0,0,4,0,183,0,187,0,0,0,0,0,0,3,0,0,0
05-05-20,Morgan,6,0,6,0,0,0,8,0,376,13,384,13,0,0,0,0,0,6,0,0,0
05-05-20,Obion,17,0,16,0,1,0,17,0,486,14,503,14,0,1,0,3,0,13,0,1,1
05-05-20,Out of State,177,3,177,3,0,0,194,5,26337,947,26531,952,0,5,1,34,2,138,0,15,1
05-05-20,Overton,11,1,11,1,0,0,11,1,693,11,704,12,0,0,1,2,0,9,0,1,0
05-05-20,Pending,0,0,0,0,0,0,0,0,21971,350,21971,350,0,0,0,-1,0,1,0,0,0
05-05-20,Perry,13,1,13,1,0,0,14,1,89,0,103,1,0,0,1,5,0,8,0,0,0
05-05-20,Pickett,0,0,0,0,0,0,0,0,184,1,184,1,0,0,0,0,0,0,0,0,0
05-05-20,Polk,15,0,15,0,0,0,17,0,218,5,235,5,0,0,0,7,0,8,0,3,0
05-05-20,Putnam,163,19,163,19,0,0,223,19,2423,128,2646,147,0,5,18,61,1,97,0,5,5
05-05-20,Rhea,5,0,5,0,0,0,7,0,612,9,619,9,0,0,0,0,0,5,0,0,0
05-05-20,Roane,11,0,10,0,1,0,16,1,1803,47,1819,48,0,0,0,1,0,10,0,2,0
05-05-20,Robertson,188,2,187,2,1,0,211,5,1711,16,1922,21,0,0,-1,53,3,135,1,23,2
05-05-20,Rutherford,652,13,652,13,0,0,727,20,5975,387,6702,407,1,12,2,197,10,443,0,68,17
05-05-20,Scott,12,0,11,0,1,0,11,0,311,16,322,16,0,0,0,-1,0,13,0,0,0
05-05-20,Sequatchie,9,1,9,1,0,0,8,0,608,107,616,107,0,0,1,3,0,6,1,2,0
05-05-20,Sevier,65,1,62,1,3,0,68,1,2084,62,2152,63,1,2,-5,15,5,48,0,7,2
05-05-20,Shelby,2958,58,2948,58,10,0,3379,70,24099,814,27478,884,2,60,12,807,44,2091,9,386,74
05-05-20,Smith,23,0,22,0,1,0,26,0,518,5,544,5,0,1,-1,3,1,19,0,1,1
05-05-20,Stewart,7,0,7,0,0,0,7,0,204,1,211,1,0,0,-1,0,1,7,0,1,0
05-05-20,Sullivan,55,0,52,0,3,0,56,0,1926,13,1982,13,0,1,0,7,0,47,0,6,1
05-05-20,Sumner,684,1,681,1,3,0,847,3,3736,91,4583,94,0,38,-10,78,11,568,0,196,40
05-05-20,Tipton,160,2,159,2,1,0,170,3,1568,49,1738,52,0,1,-1,48,3,111,0,19,2
05-05-20,Trousdale,1361,1,1360,1,1,0,1365,0,1555,4,2920,4,1,2,-20,1305,20,54,0,13,2
05-05-20,Unicoi,2,0,2,0,0,0,2,0,280,117,282,117,0,0,0,0,0,2,0,0,0
05-05-20,Union,3,0,3,0,0,0,3,0,300,6,303,6,0,0,0,0,0,3,0,0,0
05-05-20,Van Buren,2,0,2,0,0,0,2,0,236,4,238,4,0,0,-1,0,1,2,0,0,0
05-05-20,Warren,9,0,9,0,0,0,9,0,955,19,964,19,0,0,0,2,0,7,0,0,0
05-05-20,Washington,56,1,56,1,0,0,70,2,1891,27,1961,29,0,0,0,7,1,49,0,5,0
05-05-20,Wayne,4,0,4,0,0,0,5,0,279,0,284,0,0,0,-1,0,1,4,0,2,0
05-05-20,Weakley,26,0,26,0,0,0,25,0,664,9,689,9,0,0,-5,4,5,22,0,1,0
05-05-20,White,17,0,15,0,2,0,16,0,697,8,713,8,0,0,0,12,0,5,0,1,0
05-05-20,Williamson,424,3,424,3,0,0,464,5,5415,47,5879,52,0,9,2,45,1,370,0,43,10
05-05-20,Wilson,295,3,295,3,0,0,331,6,2847,50,3178,56,0,5,-4,64,7,226,1,28,7
05-04-20,Anderson,27,0,26,0,1,0,30,0,2409,92,2439,92,0,1,-1,6,1,20,0,2,1
05-04-20,Bedford,205,1,205,1,0,0,224,1,1438,9,1662,10,0,3,-7,63,8,139,0,10,3
05-04-20,Benton,6,0,6,0,0,0,7,0,248,11,255,11,0,1,0,1,0,4,0,2,1
05-04-20,Bledsoe,601,0,601,0,0,0,607,0,2934,7,3541,7,0,0,-331,47,331,554,0,4,0
05-04-20,Blount,70,2,67,2,3,0,79,2,1521,150,1600,152,0,3,1,13,1,54,0,5,3
05-04-20,Bradley,54,5,54,5,0,0,61,5,1250,253,1311,258,0,1,5,15,0,38,0,10,1
05-04-20,Campbell,17,0,16,0,1,0,22,0,534,23,556,23,0,1,0,1,0,15,0,2,1
05-04-20,Cannon,12,1,12,1,0,0,21,1,294,7,315,8,0,0,1,3,0,9,0,2,0
05-04-20,Carroll,21,0,16,0,5,0,17,0,617,101,634,101,0,1,0,2,0,18,0,1,1
05-04-20,Carter,19,1,18,1,1,0,15,1,781,210,796,211,0,1,1,11,0,7,0,2,1
05-04-20,Cheatham,63,4,63,4,0,0,68,3,987,31,1055,34,0,0,-1,25,5,38,0,8,0
05-04-20,Chester,9,0,9,0,0,0,11,0,289,8,300,8,0,0,-1,0,1,9,0,1,0
05-04-20,Claiborne,6,0,6,0,0,0,6,0,307,13,313,13,0,0,0,1,0,5,0,0,0
05-04-20,Clay,6,0,6,0,0,0,6,0,261,6,267,6,0,0,0,0,0,6,0,0,0
05-04-20,Cocke,19,0,17,0,2,0,19,0,530,32,549,32,0,0,0,4,0,15,0,1,0
05-04-20,Coffee,46,0,45,0,1,0,48,0,1216,10,1264,10,0,0,-1,21,1,25,0,5,0
05-04-20,Crockett,9,0,7,0,2,0,10,0,316,3,326,3,0,0,0,5,0,4,0,1,1
05-04-20,Cumberland,85,5,84,4,1,1,104,4,2003,74,2107,78,0,1,2,14,3,70,0,9,1
05-04-20,Davidson,3075,119,3074,119,1,0,3372,129,27533,813,30905,942,1,29,12,897,106,2149,4,291,36
05-04-20,Decatur,4,0,4,0,0,0,4,0,178,8,182,8,0,0,0,0,0,4,0,0,0
05-04-20,Dekalb,25,3,25,3,0,0,26,4,721,27,747,31,0,0,3,12,0,13,0,0,0
05-04-20,Dickson,84,3,84,3,0,0,95,3,1167,22,1262,25,0,0,2,21,1,63,0,12,0
05-04-20,Dyer,38,0,37,0,1,0,42,1,771,44,813,45,0,0,-1,6,1,32,0,5,0
05-04-20,Fayette,67,6,67,6,0,0,90,6,1241,40,1331,46,0,1,5,19,1,47,1,11,1
05-04-20,Fentress,5,1,5,1,0,0,5,1,277,27,282,28,0,0,1,1,0,4,0,1,0
05-04-20,Franklin,36,1,36,1,0,0,38,1,1213,17,1251,18,0,1,1,7,0,28,0,4,1
05-04-20,Gibson,52,0,48,0,4,0,58,0,1294,36,1352,36,0,1,0,15,0,36,0,4,1
05-04-20,Giles,9,0,9,0,0,0,10,0,479,3,489,3,0,0,0,2,0,7,0,0,0
05-04-20,Grainger,7,0,6,0,1,0,6,1,321,14,327,15,0,0,0,3,0,4,0,2,0
05-04-20,Greene,42,0,42,0,0,0,48,0,908,12,956,12,0,2,0,2,0,38,0,7,2
05-04-20,Grundy,26,1,26,1,0,0,31,1,317,1,348,2,0,1,0,2,1,23,0,10,1
05-04-20,Hamblen,25,1,19,0,6,1,20,0,1155,81,1175,81,0,2,0,8,1,15,0,3,2
05-04-20,Hamilton,182,6,181,6,1,0,196,9,3885,156,4081,165,0,13,3,39,3,130,0,42,14
05-04-20,Hancock,0,0,0,0,0,0,0,0,72,2,72,2,0,0,0,0,0,0,0,0,0
05-04-20,Hardeman,25,0,25,0,0,0,25,0,557,26,582,26,0,0,0,10,0,15,0,3,0
05-04-20,Hardin,7,0,7,0,0,0,7,0,894,12,901,12,0,0,0,3,0,4,0,0,0
05-04-20,Hawkins,31,0,31,0,0,0,42,0,907,15,949,15,0,2,0,0,0,29,0,6,2
05-04-20,Haywood,27,0,26,0,1,0,29,0,407,12,436,12,0,1,0,13,0,13,0,6,1
05-04-20,Henderson,9,0,9,0,0,0,11,0,611,8,622,8,0,0,-1,3,1,6,0,0,0
05-04-20,Henry,13,0,13,0,0,0,16,0,748,25,764,25,0,0,-1,2,1,11,0,3,0
05-04-20,Hickman,42,0,42,0,0,0,63,0,584,8,647,8,0,0,-3,22,3,20,0,2,0
05-04-20,Houston,7,1,7,1,0,0,7,1,178,1,185,2,0,0,1,2,0,5,1,5,0
05-04-20,Humphreys,11,0,11,0,0,0,12,0,353,7,365,7,0,1,-1,2,1,8,0,0,1
05-04-20,Jackson,7,0,7,0,0,0,10,0,422,16,432,16,0,0,0,0,0,7,0,0,0
05-04-20,Jefferson,25,1,23,1,2,0,24,1,969,42,993,43,0,0,0,7,1,18,0,0,0
05-04-20,Johnson,6,0,6,0,0,0,5,2,103,6,108,8,0,0,0,3,0,3,0,0,0
05-04-20,Knox,256,3,251,3,5,0,290,6,7929,273,8219,279,0,5,-4,30,7,221,0,32,5
05-04-20,Lake,57,0,56,0,1,0,57,0,1081,2,1138,2,0,0,-14,25,14,32,0,0,0
05-04-20,Lauderdale,24,0,23,0,1,0,32,1,392,13,424,14,0,0,0,5,0,19,0,6,0
05-04-20,Lawrence,15,0,15,0,0,0,17,0,948,11,965,11,0,0,0,0,0,15,0,3,0
05-04-20,Lewis,3,0,3,0,0,0,3,0,147,0,150,0,0,0,0,0,0,3,0,0,0
05-04-20,Lincoln,16,0,16,0,0,0,19,1,699,33,718,34,0,0,0,2,0,14,0,2,0
05-04-20,Loudon,39,0,38,0,1,0,43,2,720,31,763,33,0,0,-2,10,2,29,0,3,0
05-04-20,Macon,54,3,54,3,0,0,62,3,821,27,883,30,0,3,3,18,0,33,0,10,3
05-04-20,Madison,139,0,139,0,0,0,153,1,2840,82,2993,83,0,1,-1,12,1,126,0,18,1
05-04-20,Marion,29,0,28,0,1,0,33,0,529,1,562,1,0,1,0,-1,0,29,0,11,2
05-04-20,Marshall,23,1,23,1,0,0,25,1,642,2,667,3,0,1,0,3,1,19,0,5,1
05-04-20,Maury,50,4,50,4,0,0,57,5,1727,19,1784,24,0,0,4,13,0,37,0,6,0
05-04-20,McMinn,112,9,112,9,0,0,113,10,1588,24,1701,34,0,1,7,102,2,9,0,16,4
05-04-20,McNairy,11,0,11,0,0,0,15,1,466,41,481,42,0,0,-1,0,1,11,0,1,0
05-04-20,Meigs,10,0,10,0,0,0,10,0,180,6,190,6,0,0,-1,4,1,6,0,2,0
05-04-20,Monroe,26,4,24,4,2,0,28,3,485,23,513,26,0,1,4,14,0,11,1,3,1
05-04-20,Montgomery,152,1,152,1,0,0,169,1,3778,113,3947,114,0,2,0,16,1,134,0,17,3
05-04-20,Moore,3,0,3,0,0,0,4,0,183,4,187,4,0,0,0,0,0,3,0,0,0
05-04-20,Morgan,6,0,6,0,0,0,8,0,363,12,371,12,0,0,0,0,0,6,0,0,0
05-04-20,Obion,17,0,16,0,1,0,17,0,472,10,489,10,0,1,-1,3,1,13,0,1,1
05-04-20,Out of State,174,4,174,4,0,0,189,4,25390,973,25579,977,4,5,-3,33,3,136,0,15,1
05-04-20,Overton,10,0,10,0,0,0,10,0,682,21,692,21,0,0,0,1,0,9,0,1,0
05-04-20,Pending,0,0,0,0,0,0,0,0,21621,519,21621,519,0,0,0,-1,0,1,0,0,0
05-04-20,Perry,12,0,12,0,0,0,13,0,89,0,102,0,0,0,0,4,0,8,0,0,0
05-04-20,Pickett,0,0,0,0,0,0,0,0,183,2,183,2,0,0,0,0,0,0,0,0,0
05-04-20,Polk,15,2,15,2,0,0,17,2,213,14,230,16,0,0,2,7,0,8,0,3,0
05-04-20,Putnam,144,3,144,3,0,0,204,1,2295,18,2499,19,0,5,0,43,3,96,1,5,5
05-04-20,Rhea,5,0,5,0,0,0,7,0,603,6,610,6,0,0,0,0,0,5,0,0,0
05-04-20,Roane,11,0,10,0,1,0,15,0,1756,62,1771,62,0,0,0,1,0,10,0,2,0
05-04-20,Robertson,186,6,185,6,1,0,206,5,1695,72,1901,77,0,0,-3,54,9,132,0,22,2
05-04-20,Rutherford,639,30,639,30,0,0,707,28,5588,311,6295,339,0,11,21,195,9,433,2,68,15
05-04-20,Scott,12,0,11,0,1,0,11,0,295,7,306,7,0,0,0,-1,0,13,0,0,0
05-04-20,Sequatchie,8,0,8,0,0,0,8,0,501,1,509,1,0,0,0,2,0,6,0,1,0
05-04-20,Sevier,64,4,61,4,3,0,67,5,2022,82,2089,87,0,1,0,20,4,43,0,7,2
05-04-20,Shelby,2900,53,2890,52,10,1,3309,79,23285,623,26594,702,3,58,1,795,49,2047,8,377,70
05-04-20,Smith,23,0,22,0,1,0,26,1,513,19,539,20,0,1,-1,4,1,18,0,1,1
05-04-20,Stewart,7,0,7,0,0,0,7,0,203,4,210,4,0,0,0,1,0,6,0,1,0
05-04-20,Sullivan,55,3,52,2,3,1,56,3,1913,175,1969,178,0,1,2,7,1,47,0,6,1
05-04-20,Sumner,683,8,680,8,3,0,844,12,3645,96,4489,108,0,38,1,88,7,557,1,196,40
05-04-20,Tipton,158,0,157,0,1,0,167,0,1519,56,1686,56,1,1,-2,49,1,108,0,19,1
05-04-20,Trousdale,1360,2,1359,2,1,0,1365,0,1551,12,2916,12,0,1,-1,1325,3,34,1,13,2
05-04-20,Unicoi,2,0,2,0,0,0,2,0,163,7,165,7,0,0,0,0,0,2,0,0,0
05-04-20,Union,3,0,3,0,0,0,3,0,294,5,297,5,0,0,0,0,0,3,0,0,0
05-04-20,Van Buren,2,0,2,0,0,0,2,0,232,16,234,16,0,0,0,1,0,1,0,0,0
05-04-20,Warren,9,0,9,0,0,0,9,0,936,70,945,70,0,0,0,2,0,7,0,0,0
05-04-20,Washington,55,0,55,0,0,0,68,0,1864,52,1932,52,0,0,-1,7,1,48,0,5,0
05-04-20,Wayne,4,0,4,0,0,0,5,0,279,1,284,1,0,0,0,1,0,3,0,2,0
05-04-20,Weakley,26,1,26,1,0,0,25,1,655,19,680,20,0,0,-1,9,2,17,0,1,0
05-04-20,White,17,1,15,1,2,0,16,0,689,31,705,31,0,0,1,12,0,5,0,1,0
05-04-20,Williamson,421,6,421,6,0,0,459,6,5368,130,5827,136,0,9,2,43,4,369,0,43,10
05-04-20,Wilson,292,2,292,2,0,0,325,3,2797,94,3122,97,0,5,-7,68,9,219,0,27,6
05-03-20,Anderson,27,1,26,1,1,0,30,1,2317,93,2347,94,0,1,1,7,0,19,0,2,1
05-03-20,Bedford,204,7,204,7,0,0,223,15,1429,90,1652,105,1,3,-1,70,7,131,0,10,3
05-03-20,Benton,6,0,6,0,0,0,7,0,237,6,244,6,0,1,0,1,0,4,0,2,1
05-03-20,Bledsoe,601,3,601,3,0,0,607,3,2927,32,3534,35,0,0,-46,378,49,223,0,4,0
05-03-20,Blount,68,1,65,1,3,0,77,1,1371,79,1448,80,0,3,0,12,1,53,0,5,3
05-03-20,Bradley,49,1,49,1,0,0,56,0,997,79,1053,79,0,1,1,10,0,38,1,10,1
05-03-20,Campbell,17,0,16,0,1,0,22,0,511,39,533,39,0,1,0,1,0,15,0,2,1
05-03-20,Cannon,11,0,11,0,0,0,20,0,287,8,307,8,0,0,-2,2,2,9,0,2,0
05-03-20,Carroll,21,0,16,0,5,0,17,0,516,4,533,4,0,1,-1,2,1,18,0,1,1
05-03-20,Carter,18,0,17,0,1,0,14,0,571,41,585,41,0,1,0,10,0,7,0,2,1
05-03-20,Cheatham,59,6,59,6,0,0,65,7,956,37,1021,44,0,0,4,26,2,33,2,8,0
05-03-20,Chester,9,0,9,0,0,0,11,0,281,1,292,1,0,0,0,1,0,8,0,1,0
05-03-20,Claiborne,6,1,6,1,0,0,6,1,294,6,300,7,0,0,1,1,0,5,0,0,0
05-03-20,Clay,6,0,6,0,0,0,6,0,255,2,261,2,0,0,0,0,0,6,0,0,0
05-03-20,Cocke,19,0,17,0,2,0,19,2,498,44,517,46,0,0,0,4,0,15,0,1,0
05-03-20,Coffee,46,6,45,6,1,0,48,8,1206,80,1254,88,0,0,6,22,0,24,1,5,0
05-03-20,Crockett,9,0,7,0,2,0,10,0,313,2,323,2,0,0,0,5,0,4,0,1,1
05-03-20,Cumberland,80,6,80,6,0,0,100,6,1929,153,2029,159,0,1,5,12,1,67,0,9,1
05-03-20,Davidson,2956,154,2955,154,1,0,3243,168,26720,1043,29963,1211,0,28,98,885,56,2043,6,287,35
05-03-20,Decatur,4,0,4,0,0,0,4,0,170,2,174,2,0,0,0,0,0,4,0,0,0
05-03-20,Dekalb,22,2,22,2,0,0,22,2,694,24,716,26,0,0,1,9,1,13,0,0,0
05-03-20,Dickson,81,0,81,0,0,0,92,1,1145,57,1237,58,0,0,-4,19,4,62,0,12,0
05-03-20,Dyer,38,0,37,0,1,0,41,0,727,4,768,4,0,0,-1,7,1,31,0,5,0
05-03-20,Fayette,61,1,61,1,0,0,84,3,1201,39,1285,42,0,1,1,14,0,46,0,10,1
05-03-20,Fentress,4,0,4,0,0,0,4,0,250,22,254,22,0,0,0,0,0,4,0,1,0
05-03-20,Franklin,35,0,35,0,0,0,37,0,1196,87,1233,87,0,1,0,6,0,28,0,4,1
05-03-20,Gibson,52,0,48,0,4,0,58,0,1258,27,1316,27,0,1,-1,15,1,36,0,4,1
05-03-20,Giles,9,0,9,0,0,0,10,0,476,43,486,43,0,0,0,2,0,7,0,0,0
05-03-20,Grainger,7,0,6,0,1,0,5,0,307,7,312,7,0,0,0,3,0,4,0,2,0
05-03-20,Greene,42,0,42,0,0,0,48,0,896,60,944,60,0,2,0,2,0,38,0,7,2
05-03-20,Grundy,25,0,25,0,0,0,30,0,316,9,346,9,0,1,0,2,0,22,0,10,1
05-03-20,Hamblen,24,2,19,1,5,1,20,1,1074,95,1094,96,0,2,2,8,0,14,0,3,2
05-03-20,Hamilton,176,3,175,3,1,0,187,3,3729,99,3916,102,0,13,1,36,2,127,0,42,14
05-03-20,Hancock,0,0,0,0,0,0,0,0,70,2,70,2,0,0,0,0,0,0,0,0,0
05-03-20,Hardeman,25,1,25,1,0,0,25,1,531,11,556,12,0,0,1,10,0,15,0,3,0
05-03-20,Hardin,7,1,7,1,0,0,7,1,882,6,889,7,0,0,1,3,0,4,0,0,0
05-03-20,Hawkins,31,1,31,1,0,0,42,2,892,55,934,57,0,2,0,0,1,29,0,6,2
05-03-20,Haywood,27,2,26,2,1,0,29,4,395,20,424,24,0,1,2,13,0,13,0,6,1
05-03-20,Henderson,9,0,9,0,0,0,11,0,603,3,614,3,0,0,0,4,0,5,0,0,0
05-03-20,Henry,13,0,13,0,0,0,16,0,723,15,739,15,0,0,-1,3,1,10,0,3,0
05-03-20,Hickman,42,2,42,2,0,0,63,21,576,43,639,64,0,0,-12,25,14,17,0,2,0
05-03-20,Houston,6,0,6,0,0,0,6,0,177,7,183,7,0,0,0,1,0,5,0,4,0
05-03-20,Humphreys,11,0,11,0,0,0,12,0,346,24,358,24,0,1,0,3,0,7,0,0,1
05-03-20,Jackson,7,0,7,0,0,0,10,0,406,5,416,5,0,0,0,0,0,7,0,0,0
05-03-20,Jefferson,24,2,22,2,2,0,23,3,927,55,950,58,0,0,2,7,0,17,0,0,0
05-03-20,Johnson,6,2,6,2,0,0,3,0,97,12,100,12,0,0,2,3,0,3,0,0,0
05-03-20,Knox,253,7,248,5,5,2,284,6,7656,280,7940,286,0,5,6,34,1,214,2,32,5
05-03-20,Lake,57,2,56,2,1,0,57,3,1079,2,1136,5,0,0,-9,39,11,18,0,0,0
05-03-20,Lauderdale,24,0,23,0,1,0,31,3,379,17,410,20,0,0,0,5,0,19,0,6,0
05-03-20,Lawrence,15,0,15,0,0,0,17,0,937,61,954,61,0,0,0,0,0,15,0,3,0
05-03-20,Lewis,3,0,3,0,0,0,3,0,147,19,150,19,0,0,0,0,0,3,0,0,0
05-03-20,Lincoln,16,1,16,1,0,0,18,0,666,84,684,84,0,0,0,2,1,14,0,2,0
05-03-20,Loudon,39,0,38,0,1,0,41,1,689,20,730,21,0,0,0,12,0,27,0,3,0
05-03-20,Macon,51,3,51,3,0,0,59,3,794,34,853,37,0,3,3,15,0,33,0,10,3
05-03-20,Madison,139,0,139,0,0,0,152,1,2758,30,2910,31,0,1,-10,13,10,125,0,18,1
05-03-20,Marion,29,0,28,0,1,0,33,0,528,9,561,9,0,1,0,-1,0,29,0,11,2
05-03-20,Marshall,22,0,22,0,0,0,24,0,640,46,664,46,0,1,-1,3,1,18,0,5,1
05-03-20,Maury,46,1,46,1,0,0,52,1,1708,124,1760,125,0,0,0,9,1,37,0,6,0
05-03-20,McMinn,103,1,103,1,0,0,103,1,1564,141,1667,142,0,1,1,95,0,7,0,16,4
05-03-20,McNairy,11,0,11,0,0,0,14,0,425,3,439,3,0,0,0,1,0,10,0,1,0
05-03-20,Meigs,10,2,10,2,0,0,10,2,174,14,184,16,0,0,2,5,0,5,0,2,0
05-03-20,Monroe,22,1,20,0,2,1,25,0,462,25,487,25,0,1,1,10,0,11,0,2,1
05-03-20,Montgomery,151,0,151,0,0,0,168,0,3665,174,3833,174,0,2,-2,16,2,133,0,17,3
05-03-20,Moore,3,0,3,0,0,0,4,0,179,14,183,14,0,0,0,0,0,3,0,0,0
05-03-20,Morgan,6,0,6,0,0,0,8,0,351,18,359,18,0,0,0,0,0,6,0,0,0
05-03-20,Obion,17,0,16,0,1,0,17,1,462,26,479,27,0,1,0,4,0,12,0,1,1
05-03-20,Out of State,170,2,170,2,0,0,185,2,24417,871,24602,873,0,1,2,36,0,133,0,15,1
05-03-20,Overton,10,0,10,0,0,0,10,0,661,28,671,28,0,0,0,1,0,9,0,1,0
05-03-20,Pending,0,0,0,0,0,0,0,0,21102,1004,21102,1004,0,0,0,-1,0,1,0,0,0
05-03-20,Perry,12,0,12,0,0,0,13,0,89,3,102,3,0,0,-2,4,2,8,0,0,0
05-03-20,Pickett,0,0,0,0,0,0,0,0,181,5,181,5,0,0,0,0,0,0,0,0,0
05-03-20,Polk,13,0,13,0,0,0,15,0,199,25,214,25,0,0,0,5,0,8,0,3,0
05-03-20,Putnam,141,4,141,4,0,0,203,3,2277,116,2480,119,0,5,3,43,1,93,0,4,5
05-03-20,Rhea,5,1,5,1,0,0,7,1,597,39,604,40,0,0,0,0,1,5,0,0,0
05-03-20,Roane,11,0,10,0,1,0,15,0,1694,44,1709,44,0,0,0,1,0,10,0,2,0
05-03-20,Robertson,180,4,179,4,1,0,201,8,1623,94,1824,102,0,0,4,57,0,123,0,22,2
05-03-20,Rutherford,609,32,609,32,0,0,679,32,5277,361,5956,393,0,11,22,174,10,424,0,66,14
05-03-20,Scott,12,0,11,0,1,0,11,0,288,11,299,11,0,0,-1,-1,1,13,0,0,0
05-03-20,Sequatchie,8,0,8,0,0,0,8,0,500,61,508,61,0,0,0,2,0,6,0,1,0
05-03-20,Sevier,60,2,57,1,3,1,62,1,1940,132,2002,133,0,1,1,20,1,39,0,7,2
05-03-20,Shelby,2847,81,2838,81,9,0,3230,82,22662,998,25892,1080,0,55,45,794,36,1998,10,369,68
05-03-20,Smith,23,0,22,0,1,0,25,1,494,40,519,41,0,1,0,5,0,17,0,1,1
05-03-20,Stewart,7,0,7,0,0,0,7,0,199,9,206,9,0,0,0,1,0,6,0,1,0
05-03-20,Sullivan,52,1,50,1,2,0,53,1,1738,294,1791,295,0,1,1,5,0,46,0,6,1
05-03-20,Sumner,675,7,672,7,3,0,832,8,3549,191,4381,199,0,38,-4,87,11,550,1,195,39
05-03-20,Tipton,158,6,157,6,1,0,167,5,1463,53,1630,58,0,0,2,51,4,107,2,19,1
05-03-20,Trousdale,1358,0,1357,0,1,0,1365,2,1539,19,2904,21,0,1,-1,1326,1,31,0,12,1
05-03-20,Unicoi,2,0,2,0,0,0,2,0,156,6,158,6,0,0,0,0,0,2,0,0,0
05-03-20,Union,3,0,3,0,0,0,3,0,289,4,292,4,0,0,0,0,0,3,0,0,0
05-03-20,Van Buren,2,0,2,0,0,0,2,0,216,19,218,19,0,0,0,1,0,1,0,0,0
05-03-20,Warren,9,0,9,0,0,0,9,0,866,122,875,122,0,0,-1,2,1,7,0,0,0
05-03-20,Washington,55,0,55,0,0,0,68,1,1812,98,1880,99,0,0,0,8,0,47,0,5,0
05-03-20,Wayne,4,0,4,0,0,0,5,0,278,7,283,7,0,0,0,1,0,3,0,2,0
05-03-20,Weakley,25,0,25,0,0,0,24,0,636,27,660,27,0,0,-3,10,3,15,0,1,0
05-03-20,White,16,3,14,2,2,1,16,3,658,56,674,59,0,0,3,11,0,5,0,1,0
05-03-20,Williamson,415,3,415,3,0,0,453,5,5238,295,5691,300,0,9,0,41,3,365,0,43,10
05-03-20,Wilson,290,2,290,2,0,0,322,9,2703,180,3025,189,0,5,-3,75,5,210,0,27,6
05-02-20,Anderson,26,0,25,0,1,0,29,0,2224,68,2253,68,0,1,0,6,0,19,0,2,1
05-02-20,Bedford,197,1,197,1,0,0,208,3,1339,48,1547,51,0,2,-18,71,19,124,0,10,3
05-02-20,Benton,6,0,6,0,0,0,7,1,231,11,238,12,0,1,0,1,0,4,0,2,1
05-02-20,Bledsoe,598,2,598,2,0,0,604,2,2895,32,3499,34,0,0,-111,424,113,174,0,4,0
05-02-20,Blount,67,0,64,0,3,0,76,1,1292,27,1368,28,0,3,-2,12,2,52,0,5,3
05-02-20,Bradley,48,0,48,0,0,0,56,0,918,51,974,51,0,1,0,9,0,38,0,9,1
05-02-20,Campbell,17,0,16,0,1,0,22,0,472,21,494,21,0,1,0,1,0,15,0,2,1
05-02-20,Cannon,11,0,11,0,0,0,20,1,279,7,299,8,0,0,0,4,0,7,0,2,0
05-02-20,Carroll,21,0,16,0,5,0,17,0,512,27,529,27,0,1,0,3,0,17,0,1,1
05-02-20,Carter,18,0,17,0,1,0,14,0,530,28,544,28,0,1,-1,10,1,7,0,2,1
05-02-20,Cheatham,53,1,53,1,0,0,58,2,919,23,977,25,0,0,0,22,1,31,0,6,0
05-02-20,Chester,9,0,9,0,0,0,11,0,280,10,291,10,0,0,0,1,0,8,0,1,0
05-02-20,Claiborne,5,0,5,0,0,0,5,0,288,8,293,8,0,0,0,0,0,5,0,0,0
05-02-20,Clay,6,0,6,0,0,0,6,0,253,8,259,8,0,0,0,0,0,6,0,0,0
05-02-20,Cocke,19,0,17,0,2,0,17,1,454,20,471,21,0,0,0,4,0,15,0,1,0
05-02-20,Coffee,40,0,39,0,1,0,40,1,1126,47,1166,48,0,0,-2,16,2,24,0,4,0
05-02-20,Crockett,9,0,7,0,2,0,10,0,311,8,321,8,0,0,-1,5,1,4,0,1,1
05-02-20,Cumberland,74,1,74,1,0,0,94,3,1776,118,1870,121,0,1,0,7,1,66,0,9,1
05-02-20,Davidson,2802,44,2801,44,1,0,3075,64,25677,416,28752,480,0,28,-28,787,72,1987,4,281,33
05-02-20,Decatur,4,0,4,0,0,0,4,0,168,4,172,4,0,0,0,0,0,4,0,0,0
05-02-20,Dekalb,20,2,20,2,0,0,20,1,670,30,690,31,0,0,1,8,1,12,0,0,0
05-02-20,Dickson,81,6,81,6,0,0,91,6,1088,40,1179,46,0,0,4,23,2,58,1,12,0
05-02-20,Dyer,38,0,37,0,1,0,41,0,723,56,764,56,0,0,0,8,0,30,0,5,0
05-02-20,Fayette,60,3,60,3,0,0,81,3,1162,62,1243,65,0,1,2,13,1,46,0,10,1
05-02-20,Fentress,4,0,4,0,0,0,4,0,228,13,232,13,0,0,0,0,0,4,0,1,0
05-02-20,Franklin,35,0,35,0,0,0,37,0,1109,53,1146,53,0,1,-1,6,1,28,0,4,1
05-02-20,Gibson,52,3,48,3,4,0,58,4,1231,49,1289,53,0,1,3,16,0,35,0,4,1
05-02-20,Giles,9,0,9,0,0,0,10,0,433,27,443,27,0,0,0,2,0,7,0,0,0
05-02-20,Grainger,7,0,6,0,1,0,5,0,300,7,305,7,0,0,0,3,0,4,0,2,0
05-02-20,Greene,42,0,42,0,0,0,48,0,836,32,884,32,0,2,-1,2,1,38,0,7,2
05-02-20,Grundy,25,0,25,0,0,0,30,0,307,4,337,4,0,1,0,2,0,22,0,10,1
05-02-20,Hamblen,22,0,18,0,4,0,19,0,979,36,998,36,0,2,0,6,0,14,0,3,2
05-02-20,Hamilton,173,5,172,5,1,0,184,5,3630,478,3814,483,0,13,3,35,2,125,1,42,14
05-02-20,Hancock,0,0,0,0,0,0,0,0,68,21,68,21,0,0,0,0,0,0,0,0,0
05-02-20,Hardeman,24,1,24,1,0,0,24,1,520,156,544,157,0,0,0,9,1,15,0,3,0
05-02-20,Hardin,6,1,6,1,0,0,6,1,876,15,882,16,0,0,1,2,0,4,0,0,0
05-02-20,Hawkins,30,0,30,0,0,0,40,0,837,32,877,32,0,2,-1,0,1,28,0,6,2
05-02-20,Haywood,25,1,24,1,1,0,25,0,375,17,400,17,0,1,1,11,0,13,0,6,1
05-02-20,Henderson,9,1,9,1,0,0,11,1,600,16,611,17,0,0,1,4,0,5,0,0,0
05-02-20,Henry,13,0,13,0,0,0,16,0,708,38,724,38,0,0,0,4,0,9,0,3,0
05-02-20,Hickman,40,0,40,0,0,0,42,0,533,18,575,18,0,0,0,37,0,3,0,2,0
05-02-20,Houston,6,0,6,0,0,0,6,0,170,6,176,6,0,0,0,1,0,5,0,4,0
05-02-20,Humphreys,11,0,11,0,0,0,12,0,322,11,334,11,0,1,0,3,0,7,0,0,1
05-02-20,Jackson,7,0,7,0,0,0,10,0,401,32,411,32,0,0,0,0,0,7,0,0,0
05-02-20,Jefferson,22,0,20,0,2,0,20,0,872,24,892,24,0,0,0,5,0,17,0,0,0
05-02-20,Johnson,4,0,4,0,0,0,3,1,85,3,88,4,0,0,0,1,0,3,0,0,0
05-02-20,Knox,246,3,243,3,3,0,278,5,7376,318,7654,323,0,5,1,28,2,213,1,30,5
05-02-20,Lake,55,0,54,0,1,0,54,0,1077,10,1131,10,0,0,0,48,0,7,0,0,0
05-02-20,Lauderdale,24,0,23,0,1,0,28,0,362,17,390,17,0,0,0,5,0,19,0,6,0
05-02-20,Lawrence,15,0,15,0,0,0,17,0,876,35,893,35,0,0,0,0,0,15,0,3,0
05-02-20,Lewis,3,0,3,0,0,0,3,0,128,13,131,13,0,0,0,0,0,3,0,0,0
05-02-20,Lincoln,15,0,15,0,0,0,18,3,582,49,600,52,0,0,-1,2,1,13,0,2,0
05-02-20,Loudon,39,1,38,1,1,0,40,6,669,42,709,48,0,0,0,12,1,27,0,3,0
05-02-20,Macon,48,4,48,4,0,0,56,4,760,20,816,24,0,3,3,12,1,33,0,10,3
05-02-20,Madison,139,3,139,3,0,0,151,4,2728,97,2879,101,0,1,-2,23,5,115,0,18,1
05-02-20,Marion,29,0,28,0,1,0,33,0,519,9,552,9,0,1,0,-1,0,29,0,11,2
05-02-20,Marshall,22,0,22,0,0,0,24,1,594,37,618,38,0,1,-1,4,1,17,0,5,1
05-02-20,Maury,45,0,45,0,0,0,51,0,1584,41,1635,41,0,0,-1,9,1,36,0,6,0
05-02-20,McMinn,102,3,102,3,0,0,102,3,1423,89,1525,92,0,1,3,94,0,7,0,16,2
05-02-20,McNairy,11,0,11,0,0,0,14,0,422,36,436,36,0,0,-1,1,1,10,0,1,0
05-02-20,Meigs,8,0,8,0,0,0,8,0,160,6,168,6,0,0,0,3,0,5,0,2,0
05-02-20,Monroe,21,0,20,0,1,0,25,1,437,19,462,20,0,1,0,9,0,11,0,2,1
05-02-20,Montgomery,151,0,151,0,0,0,168,0,3491,118,3659,118,0,2,-3,18,3,131,0,17,3
05-02-20,Moore,3,0,3,0,0,0,4,0,165,10,169,10,0,0,0,0,0,3,0,0,0
05-02-20,Morgan,6,0,6,0,0,0,8,0,333,26,341,26,0,0,0,0,0,6,0,0,0
05-02-20,Obion,17,0,16,0,1,0,16,0,436,23,452,23,0,1,-1,4,1,12,0,1,1
05-02-20,Out of State,168,10,168,10,0,0,183,13,23546,774,23729,787,0,1,10,34,0,133,0,15,1
05-02-20,Overton,10,0,10,0,0,0,10,0,633,23,643,23,0,0,0,1,0,9,0,1,0
05-02-20,Pending,0,0,0,0,0,0,0,0,20098,431,20098,431,0,0,0,-1,0,1,0,0,0
05-02-20,Perry,12,0,12,0,0,0,13,3,86,10,99,13,0,0,0,6,0,6,0,0,0
05-02-20,Pickett,0,0,0,0,0,0,0,0,176,3,176,3,0,0,0,0,0,0,0,0,0
05-02-20,Polk,13,3,13,3,0,0,15,3,174,20,189,23,0,0,2,5,1,8,0,3,0
05-02-20,Putnam,137,0,137,0,0,0,200,8,2161,153,2361,161,0,5,-1,40,1,92,0,4,5
05-02-20,Rhea,4,0,4,0,0,0,6,0,558,36,564,36,0,0,-2,0,2,4,0,0,0
05-02-20,Roane,11,0,10,0,1,0,15,0,1650,59,1665,59,0,0,0,1,0,10,0,2,0
05-02-20,Robertson,176,12,175,12,1,0,193,12,1529,51,1722,63,0,0,11,53,1,123,1,22,2
05-02-20,Rutherford,577,15,577,15,0,0,647,18,4916,226,5563,244,0,11,8,152,7,414,3,66,12
05-02-20,Scott,12,0,11,0,1,0,11,0,277,17,288,17,0,0,0,0,0,12,0,0,0
05-02-20,Sequatchie,8,0,8,0,0,0,8,0,439,25,447,25,0,0,0,2,0,6,0,1,0
05-02-20,Sevier,58,3,56,3,2,0,61,5,1808,75,1869,80,0,1,2,19,1,38,0,7,2
05-02-20,Shelby,2766,89,2757,88,9,1,3148,119,21664,1066,24812,1185,4,55,45,749,40,1962,4,359,66
05-02-20,Smith,23,0,22,0,1,0,24,0,454,3,478,3,0,1,-3,5,3,17,0,1,1
05-02-20,Stewart,7,0,7,0,0,0,7,0,190,9,197,9,0,0,0,1,0,6,0,1,0
05-02-20,Sullivan,51,0,49,0,2,0,52,0,1444,114,1496,114,0,1,0,4,0,46,0,6,1
05-02-20,Sumner,668,5,665,5,3,0,824,14,3358,27,4182,41,1,38,-2,91,6,539,0,194,39
05-02-20,Tipton,152,0,151,0,1,0,162,0,1410,37,1572,37,0,0,-16,49,16,103,0,17,0
05-02-20,Trousdale,1358,0,1357,0,1,0,1363,3,1520,14,2883,17,0,1,-1,1327,1,30,0,12,1
05-02-20,Unicoi,2,0,2,0,0,0,2,0,150,1,152,1,0,0,0,0,0,2,0,0,0
05-02-20,Union,3,0,3,0,0,0,3,0,285,14,288,14,0,0,0,0,0,3,0,0,0
05-02-20,Van Buren,2,0,2,0,0,0,2,0,197,1,199,1,0,0,0,1,0,1,0,0,0
05-02-20,Warren,9,0,9,0,0,0,9,0,744,16,753,16,0,0,0,3,0,6,0,0,0
05-02-20,Washington,55,0,55,0,0,0,67,1,1714,60,1781,61,0,0,0,8,0,47,0,5,0
05-02-20,Wayne,4,0,4,0,0,0,5,0,271,7,276,7,0,0,0,1,0,3,0,2,0
05-02-20,Weakley,25,0,25,0,0,0,24,0,609,21,633,21,0,0,0,13,0,12,0,1,0
05-02-20,White,13,5,12,5,1,0,13,6,602,20,615,26,0,0,4,8,1,5,0,1,0
05-02-20,Williamson,412,3,412,3,0,0,448,4,4943,48,5391,52,0,9,-5,41,8,362,1,43,10
05-02-20,Wilson,288,7,288,7,0,0,313,16,2523,54,2836,70,0,5,2,78,5,205,2,27,6
05-01-20,Anderson,26,0,25,0,1,0,29,0,2156,55,2185,55,0,1,-2,6,2,19,0,2,1
05-01-20,Bedford,196,9,196,9,0,0,205,7,1291,53,1496,60,0,2,-2,89,11,105,0,10,3
05-01-20,Benton,6,1,6,1,0,0,6,0,220,12,226,12,0,1,1,1,0,4,0,2,1
05-01-20,Bledsoe,596,0,596,0,0,0,602,0,2863,10,3465,10,0,0,-37,535,37,61,0,4,0
05-01-20,Blount,67,7,64,7,3,0,75,6,1265,51,1340,57,0,3,5,14,2,50,0,5,3
05-01-20,Bradley,48,0,48,0,0,0,56,1,867,73,923,74,0,1,0,9,0,38,0,9,1
05-01-20,Campbell,17,0,16,0,1,0,22,2,451,40,473,42,0,1,0,1,0,15,0,2,1
05-01-20,Cannon,11,1,11,1,0,0,19,1,272,7,291,8,0,0,1,4,0,7,0,2,0
05-01-20,Carroll,21,0,16,0,5,0,17,0,485,18,502,18,0,1,-2,3,2,17,0,1,1
05-01-20,Carter,18,2,17,1,1,1,14,0,502,43,516,43,0,1,2,11,0,6,0,2,1
05-01-20,Cheatham,52,4,52,4,0,0,56,4,896,43,952,47,0,0,2,22,2,30,0,6,0
05-01-20,Chester,9,0,9,0,0,0,11,0,270,7,281,7,0,0,0,1,0,8,0,1,0
05-01-20,Claiborne,5,0,5,0,0,0,5,0,280,19,285,19,0,0,0,0,0,5,0,0,0
05-01-20,Clay,6,0,6,0,0,0,6,0,245,15,251,15,0,0,0,0,0,6,0,0,0
05-01-20,Cocke,19,0,17,0,2,0,16,0,434,25,450,25,0,0,0,4,0,15,0,1,0
05-01-20,Coffee,40,3,39,3,1,0,39,1,1079,34,1118,35,0,0,3,18,0,22,0,4,0
05-01-20,Crockett,9,0,7,0,2,0,10,0,303,8,313,8,0,0,-3,6,3,3,0,1,1
05-01-20,Cumberland,73,0,73,0,0,0,91,0,1658,84,1749,84,0,1,-3,7,3,65,0,9,1
05-01-20,Davidson,2758,129,2757,129,1,0,3011,152,25261,1447,28272,1599,0,28,31,815,98,1915,5,277,32
05-01-20,Decatur,4,0,4,0,0,0,4,0,164,5,168,5,0,0,0,0,0,4,0,0,0
05-01-20,Dekalb,18,1,18,1,0,0,19,0,640,22,659,22,0,0,0,7,1,11,0,0,0
05-01-20,Dickson,75,0,75,0,0,0,85,2,1048,45,1133,47,0,0,0,19,0,56,0,11,0
05-01-20,Dyer,38,0,37,0,1,0,41,0,667,58,708,58,0,0,-2,8,2,30,0,5,0
05-01-20,Fayette,57,0,57,0,0,0,78,4,1100,79,1178,83,0,1,-2,11,2,45,0,10,1
05-01-20,Fentress,4,0,4,0,0,0,4,0,215,8,219,8,0,0,0,0,0,4,0,1,0
05-01-20,Franklin,35,0,35,0,0,0,37,0,1056,24,1093,24,0,1,0,7,0,27,0,4,1
05-01-20,Gibson,49,3,45,3,4,0,54,2,1182,48,1236,50,0,1,1,13,2,35,0,4,1
05-01-20,Giles,9,0,9,0,0,0,10,0,406,10,416,10,0,0,0,2,0,7,0,0,0
05-01-20,Grainger,7,0,6,0,1,0,5,1,293,9,298,10,0,0,0,3,0,4,0,2,0
05-01-20,Greene,42,0,42,0,0,0,48,0,804,44,852,44,0,2,0,3,0,37,0,7,2
05-01-20,Grundy,25,0,25,0,0,0,30,0,303,4,333,4,0,1,0,2,0,22,0,10,1
05-01-20,Hamblen,22,2,18,0,4,2,19,0,943,57,962,57,0,2,2,6,0,14,0,3,2
05-01-20,Hamilton,168,6,167,6,1,0,179,5,3152,173,3331,178,0,13,4,32,2,123,0,41,14
05-01-20,Hancock,0,0,0,0,0,0,0,0,47,1,47,1,0,0,0,0,0,0,0,0,0
05-01-20,Hardeman,23,3,23,3,0,0,23,3,364,15,387,18,0,0,2,9,1,14,0,3,0
05-01-20,Hardin,5,0,5,0,0,0,5,0,861,13,866,13,0,0,0,1,0,4,0,0,0
05-01-20,Hawkins,30,0,30,0,0,0,40,0,805,34,845,34,0,2,0,1,0,27,0,6,2
05-01-20,Haywood,24,0,23,0,1,0,25,2,358,17,383,19,0,1,0,10,0,13,0,6,1
05-01-20,Henderson,8,1,8,1,0,0,10,1,584,23,594,24,0,0,1,3,0,5,0,0,0
05-01-20,Henry,13,0,13,0,0,0,16,0,670,48,686,48,0,0,0,4,0,9,0,3,0
05-01-20,Hickman,40,0,40,0,0,0,42,0,515,8,557,8,0,0,0,37,0,3,0,2,0
05-01-20,Houston,6,0,6,0,0,0,6,0,164,6,170,6,0,0,0,1,0,5,0,4,0
05-01-20,Humphreys,11,0,11,0,0,0,12,1,311,28,323,29,0,1,-1,3,1,7,0,0,1
05-01-20,Jackson,7,0,7,0,0,0,10,0,369,24,379,24,0,0,-1,0,1,7,0,0,0
05-01-20,Jefferson,22,2,20,2,2,0,20,2,848,27,868,29,0,0,1,5,1,17,0,0,0
05-01-20,Johnson,4,0,4,0,0,0,2,0,82,6,84,6,0,0,0,1,0,3,0,0,0
05-01-20,Knox,243,7,240,6,3,1,273,5,7058,356,7331,361,0,5,2,27,5,211,0,29,5
05-01-20,Lake,55,1,54,1,1,0,54,1,1067,13,1121,14,0,0,-1,48,2,7,0,0,0
05-01-20,Lauderdale,24,1,23,1,1,0,28,2,345,12,373,14,0,0,1,5,0,19,0,6,0
05-01-20,Lawrence,15,0,15,0,0,0,17,0,841,32,858,32,0,0,0,0,0,15,0,3,0
05-01-20,Lewis,3,0,3,0,0,0,3,0,115,11,118,11,0,0,0,0,0,3,0,0,0
05-01-20,Lincoln,15,0,15,0,0,0,15,0,533,37,548,37,0,0,0,3,0,12,0,2,0
05-01-20,Loudon,38,5,37,5,1,0,34,0,627,35,661,35,0,0,5,12,0,26,0,3,0
05-01-20,Macon,44,3,44,3,0,0,52,3,740,40,792,43,0,3,2,9,1,32,0,10,3
05-01-20,Madison,136,1,136,1,0,0,147,1,2631,123,2778,124,0,1,-3,25,4,110,0,18,1
05-01-20,Marion,29,0,28,0,1,0,33,0,510,13,543,13,0,1,0,-1,0,29,0,11,2
05-01-20,Marshall,22,0,22,0,0,0,23,0,557,22,580,22,0,1,0,5,0,16,0,5,1
05-01-20,Maury,45,0,45,0,0,0,51,0,1543,51,1594,51,0,0,0,10,0,35,0,6,0
05-01-20,McMinn,99,2,99,2,0,0,99,2,1334,92,1433,94,0,1,2,91,0,7,0,16,2
05-01-20,McNairy,11,0,11,0,0,0,14,0,386,33,400,33,0,0,0,2,0,9,0,1,0
05-01-20,Meigs,8,1,8,1,0,0,8,1,154,4,162,5,0,0,0,3,1,5,0,2,0
05-01-20,Monroe,21,1,20,1,1,0,24,2,418,11,442,13,0,1,1,9,0,11,0,2,1
05-01-20,Montgomery,151,3,151,3,0,0,168,5,3373,179,3541,184,0,2,3,21,0,128,0,17,3
05-01-20,Moore,3,0,3,0,0,0,4,0,155,2,159,2,0,0,0,0,0,3,0,0,0
05-01-20,Morgan,6,0,6,0,0,0,8,0,307,14,315,14,0,0,0,0,0,6,0,0,0
05-01-20,Obion,17,1,16,1,1,0,16,1,413,32,429,33,0,1,1,5,0,11,0,1,1
05-01-20,Out of State,158,3,158,3,0,0,170,3,22772,718,22942,721,0,1,-2,24,5,133,0,15,1
05-01-20,Overton,10,1,10,1,0,0,10,1,610,32,620,33,0,0,1,1,0,9,0,1,0
05-01-20,Pending,0,0,0,0,0,0,0,0,19667,547,19667,547,0,0,0,-1,0,1,0,0,0
05-01-20,Perry,12,0,12,0,0,0,10,0,76,2,86,2,0,0,0,6,0,6,0,0,0
05-01-20,Pickett,0,0,0,0,0,0,0,0,173,2,173,2,0,0,0,0,0,0,0,0,0
05-01-20,Polk,10,0,10,0,0,0,12,0,154,6,166,6,0,0,0,3,0,7,0,3,0
05-01-20,Putnam,137,15,137,15,0,0,192,15,2008,134,2200,149,0,5,14,41,1,91,1,4,5
05-01-20,Rhea,4,0,4,0,0,0,6,0,522,32,528,32,0,0,0,2,0,2,0,0,0
05-01-20,Roane,11,0,10,0,1,0,15,0,1591,51,1606,51,0,0,0,1,0,10,0,2,0
05-01-20,Robertson,164,8,163,8,1,0,181,10,1478,71,1659,81,0,0,1,42,7,122,1,21,1
05-01-20,Rutherford,562,40,562,40,0,0,629,42,4690,251,5319,293,0,11,26,144,14,407,3,63,12
05-01-20,Scott,12,0,11,0,1,0,11,0,260,13,271,13,0,0,0,0,0,12,0,0,0
05-01-20,Sequatchie,8,0,8,0,0,0,8,0,414,33,422,33,0,0,-1,2,1,6,0,1,0
05-01-20,Sevier,55,1,53,1,2,0,56,0,1733,119,1789,119,0,1,-2,17,3,37,0,7,2
05-01-20,Shelby,2677,82,2669,81,8,1,3029,100,20598,1279,23627,1379,4,51,24,704,54,1922,6,355,63
05-01-20,Smith,23,1,22,1,1,0,24,1,451,35,475,36,0,1,0,8,1,14,0,1,1
05-01-20,Stewart,7,0,7,0,0,0,7,0,181,9,188,9,0,0,0,1,0,6,0,1,0
05-01-20,Sullivan,51,0,49,0,2,0,52,1,1330,84,1382,85,0,1,0,4,0,46,0,6,1
05-01-20,Sumner,663,19,660,19,3,0,810,22,3331,133,4141,155,0,37,8,93,11,533,1,194,39
05-01-20,Tipton,152,44,151,44,1,0,162,44,1373,67,1535,111,0,0,43,65,1,87,0,17,0
05-01-20,Trousdale,1358,335,1357,335,1,0,1360,334,1506,667,2866,1001,0,1,334,1328,1,29,0,12,1
05-01-20,Unicoi,2,0,2,0,0,0,2,1,149,5,151,6,0,0,0,0,0,2,0,0,0
05-01-20,Union,3,0,3,0,0,0,3,0,271,13,274,13,0,0,0,0,0,3,0,0,0
05-01-20,Van Buren,2,0,2,0,0,0,2,0,196,7,198,7,0,0,0,1,0,1,0,0,0
05-01-20,Warren,9,0,9,0,0,0,9,0,728,60,737,60,0,0,-1,3,1,6,0,0,0
05-01-20,Washington,55,2,55,2,0,0,66,0,1654,75,1720,75,0,0,2,8,0,47,0,5,0
05-01-20,Wayne,4,0,4,0,0,0,5,0,264,2,269,2,0,0,0,1,0,3,0,2,0
05-01-20,Weakley,25,0,25,0,0,0,24,0,588,45,612,45,0,0,-1,13,1,12,0,1,0
05-01-20,White,8,0,7,0,1,0,7,0,582,24,589,24,0,0,0,4,0,4,0,1,0
05-01-20,Williamson,409,3,409,3,0,0,444,5,4895,99,5339,104,0,9,-2,46,5,354,0,42,10
05-01-20,Wilson,281,15,281,15,0,0,297,14,2469,124,2766,138,1,5,11,76,3,200,0,25,6
04-30-20,Anderson,26,0,25,0,1,0,29,1,2101,27,2130,28,0,1,-1,8,1,17,0,2,1
04-30-20,Bedford,187,10,187,10,0,0,198,7,1238,24,1436,31,0,2,3,91,7,94,2,10,2
04-30-20,Benton,5,0,5,0,0,0,6,0,208,10,214,10,0,1,0,0,0,4,0,2,1
04-30-20,Bledsoe,596,0,596,0,0,0,602,1,2853,1,3455,2,0,0,-2,572,2,24,0,4,0
04-30-20,Blount,60,0,57,0,3,0,69,1,1214,50,1283,51,0,3,0,9,0,48,0,5,3
04-30-20,Bradley,48,3,48,3,0,0,55,3,794,6,849,9,0,1,2,9,1,38,0,9,1
04-30-20,Campbell,17,2,16,2,1,0,20,0,411,29,431,29,0,1,2,1,0,15,1,2,1
04-30-20,Cannon,10,0,10,0,0,0,18,0,265,16,283,16,0,0,0,3,0,7,0,2,0
04-30-20,Carroll,21,0,16,0,5,0,17,0,467,10,484,10,0,1,-2,5,2,15,0,1,1
04-30-20,Carter,16,1,16,1,0,0,14,1,459,0,473,1,0,1,0,9,1,6,0,2,1
04-30-20,Cheatham,48,1,48,1,0,0,52,2,853,30,905,32,0,0,1,20,0,28,0,6,0
04-30-20,Chester,9,0,9,0,0,0,11,0,263,4,274,4,0,0,-1,1,1,8,0,1,0
04-30-20,Claiborne,5,0,5,0,0,0,5,0,261,17,266,17,0,0,0,0,0,5,0,0,0
04-30-20,Clay,6,0,6,0,0,0,6,0,230,6,236,6,0,0,0,0,0,6,0,0,0
04-30-20,Cocke,19,1,17,0,2,1,16,0,409,7,425,7,0,0,1,4,0,15,0,1,0
04-30-20,Coffee,37,1,36,1,1,0,38,1,1045,19,1083,20,0,0,1,15,0,22,1,4,0
04-30-20,Crockett,9,2,7,0,2,2,10,0,295,3,305,3,0,0,2,9,0,0,0,1,1
04-30-20,Cumberland,73,0,73,0,0,0,91,0,1574,4,1665,4,0,1,-1,10,1,62,0,9,1
04-30-20,Davidson,2629,48,2628,48,1,0,2859,57,23814,316,26673,373,3,28,-11,784,56,1817,6,272,32
04-30-20,Decatur,4,0,4,0,0,0,4,0,159,6,163,6,0,0,-1,0,1,4,0,0,0
04-30-20,Dekalb,17,2,17,2,0,0,19,2,618,53,637,55,0,0,2,7,0,10,0,0,0
04-30-20,Dickson,75,3,75,3,0,0,83,2,1003,14,1086,16,0,0,-4,19,7,56,0,11,0
04-30-20,Dyer,38,2,37,2,1,0,41,2,609,11,650,13,0,0,2,10,0,28,0,5,0
04-30-20,Fayette,57,3,57,3,0,0,74,1,1021,51,1095,52,0,1,2,13,1,43,0,10,1
04-30-20,Fentress,4,0,4,0,0,0,4,0,207,0,211,0,0,0,0,0,0,4,0,1,0
04-30-20,Franklin,35,0,35,0,0,0,37,0,1032,51,1069,51,0,1,-1,7,1,27,0,4,1
04-30-20,Gibson,46,3,42,2,4,1,52,3,1134,38,1186,41,0,1,1,12,2,33,0,4,1
04-30-20,Giles,9,0,9,0,0,0,10,1,396,15,406,16,0,0,-1,2,1,7,0,0,0
04-30-20,Grainger,7,0,6,0,1,0,4,0,284,5,288,5,0,0,0,3,0,4,0,2,0
04-30-20,Greene,42,0,42,0,0,0,48,0,760,2,808,2,0,2,0,3,0,37,0,7,2
04-30-20,Grundy,25,0,25,0,0,0,30,0,299,0,329,0,0,1,0,2,0,22,0,10,1
04-30-20,Hamblen,20,0,18,0,2,0,19,1,886,26,905,27,0,2,-7,4,7,14,0,3,2
04-30-20,Hamilton,162,5,161,5,1,0,174,5,2979,26,3153,31,0,13,3,28,2,121,0,41,14
04-30-20,Hancock,0,0,0,0,0,0,0,0,46,0,46,0,0,0,0,0,0,0,0,0,0
04-30-20,Hardeman,20,2,20,2,0,0,20,2,349,9,369,11,0,0,2,7,0,13,0,3,0
04-30-20,Hardin,5,0,5,0,0,0,5,0,848,16,853,16,0,0,0,1,0,4,0,0,0
04-30-20,Hawkins,30,0,30,0,0,0,40,0,771,8,811,8,0,2,0,1,0,27,0,6,2
04-30-20,Haywood,24,2,23,2,1,0,23,1,341,9,364,10,0,1,1,10,1,13,0,6,1
04-30-20,Henderson,7,0,7,0,0,0,9,0,561,21,570,21,0,0,0,2,0,5,0,0,0
04-30-20,Henry,13,0,13,0,0,0,16,0,622,37,638,37,0,0,0,4,0,9,0,3,0
04-30-20,Hickman,40,0,40,0,0,0,42,0,507,23,549,23,0,0,-1,37,1,3,0,2,0
04-30-20,Houston,6,0,6,0,0,0,6,0,158,3,164,3,0,0,0,1,0,5,0,4,0
04-30-20,Humphreys,11,1,11,1,0,0,11,1,283,11,294,12,0,1,1,4,0,6,0,0,1
04-30-20,Jackson,7,0,7,0,0,0,10,0,345,8,355,8,0,0,0,1,0,6,0,0,0
04-30-20,Jefferson,20,0,18,0,2,0,18,0,821,13,839,13,0,0,0,4,0,16,0,0,0
04-30-20,Johnson,4,0,4,0,0,0,2,0,76,1,78,1,0,0,0,1,0,3,0,0,0
04-30-20,Knox,236,4,234,4,2,0,268,3,6702,102,6970,105,0,5,-1,25,5,206,0,29,5
04-30-20,Lake,54,0,53,0,1,0,53,0,1054,0,1107,0,0,0,0,49,0,5,0,0,0
04-30-20,Lauderdale,23,0,22,0,1,0,26,0,333,12,359,12,0,0,-2,4,2,19,0,6,0
04-30-20,Lawrence,15,0,15,0,0,0,17,0,809,14,826,14,0,0,0,0,0,15,0,3,0
04-30-20,Lewis,3,0,3,0,0,0,3,0,104,4,107,4,0,0,0,0,0,3,0,0,0
04-30-20,Lincoln,15,2,15,2,0,0,15,0,496,13,511,13,0,0,1,3,1,12,0,2,0
04-30-20,Loudon,33,0,32,0,1,0,34,0,592,15,626,15,0,0,0,7,0,26,0,3,0
04-30-20,Macon,41,1,41,1,0,0,49,1,700,29,749,30,0,3,0,7,1,31,0,10,3
04-30-20,Madison,135,3,135,3,0,0,146,4,2508,53,2654,57,0,1,-2,28,5,106,1,18,1
04-30-20,Marion,29,0,28,0,1,0,33,0,497,2,530,2,0,1,0,-1,0,29,0,11,2
04-30-20,Marshall,22,2,22,2,0,0,23,2,535,3,558,5,0,1,2,5,0,16,1,5,1
04-30-20,Maury,45,3,45,3,0,0,51,3,1492,4,1543,7,0,0,3,10,0,35,1,6,0
04-30-20,McMinn,97,1,97,1,0,0,97,1,1242,5,1339,6,0,1,1,89,0,7,0,16,2
04-30-20,McNairy,11,0,11,0,0,0,14,0,353,54,367,54,0,0,0,2,0,9,0,1,0
04-30-20,Meigs,7,0,7,0,0,0,7,0,150,3,157,3,0,0,0,3,0,4,0,2,0
04-30-20,Monroe,20,2,19,2,1,0,22,1,407,10,429,11,0,1,1,8,1,11,0,2,1
04-30-20,Montgomery,148,2,148,2,0,0,163,3,3194,203,3357,206,0,2,0,18,2,128,0,17,3
04-30-20,Moore,3,0,3,0,0,0,4,0,153,6,157,6,0,0,0,0,0,3,0,0,0
04-30-20,Morgan,6,0,6,0,0,0,8,0,293,7,301,7,0,0,0,0,0,6,0,0,0
04-30-20,Obion,16,1,15,1,1,0,15,0,381,11,396,11,0,1,0,4,1,11,0,1,1
04-30-20,Out of State,155,2,155,2,0,0,167,2,22054,374,22221,376,-2,1,0,26,4,128,0,15,1
04-30-20,Overton,9,0,9,0,0,0,9,0,578,13,587,13,0,0,-1,0,1,9,0,1,0
04-30-20,Pending,0,0,0,0,0,0,0,0,19120,313,19120,313,0,0,0,-1,0,1,0,0,0
04-30-20,Perry,12,3,12,3,0,0,10,1,74,1,84,2,0,0,3,6,0,6,0,0,0
04-30-20,Pickett,0,0,0,0,0,0,0,0,171,2,171,2,0,0,0,0,0,0,0,0,0
04-30-20,Polk,10,0,10,0,0,0,12,0,148,1,160,1,0,0,0,3,0,7,0,3,0
04-30-20,Putnam,122,1,122,1,0,0,177,2,1874,11,2051,13,0,5,-2,27,3,90,0,3,5
04-30-20,Rhea,4,0,4,0,0,0,6,1,490,2,496,3,0,0,0,2,0,2,0,0,0
04-30-20,Roane,11,0,10,0,1,0,15,0,1540,23,1555,23,0,0,0,1,0,10,0,2,0
04-30-20,Robertson,156,5,155,5,1,0,171,8,1407,7,1578,15,0,0,1,41,4,115,0,20,1
04-30-20,Rutherford,522,34,522,34,0,0,587,39,4439,72,5026,111,0,11,15,118,19,393,2,60,11
04-30-20,Scott,12,0,11,0,1,0,11,0,247,5,258,5,0,0,0,0,0,12,0,0,0
04-30-20,Sequatchie,8,0,8,0,0,0,8,0,381,1,389,1,0,0,0,3,0,5,0,1,0
04-30-20,Sevier,54,1,52,1,2,0,56,0,1614,73,1670,73,0,1,0,19,1,34,0,7,2
04-30-20,Shelby,2595,85,2588,85,7,0,2929,100,19319,968,22248,1068,3,47,27,680,55,1868,13,349,61
04-30-20,Smith,22,0,21,0,1,0,23,0,416,1,439,1,0,1,-1,8,1,13,0,1,1
04-30-20,Stewart,7,0,7,0,0,0,7,0,172,1,179,1,0,0,0,1,0,6,0,1,0
04-30-20,Sullivan,51,0,49,0,2,0,51,1,1246,20,1297,21,0,1,0,4,0,46,0,6,1
04-30-20,Sumner,644,10,641,10,3,0,788,12,3198,17,3986,29,0,37,4,85,6,522,0,193,38
04-30-20,Tipton,108,5,107,5,1,0,118,6,1306,36,1424,42,0,0,4,22,1,86,0,17,0
04-30-20,Trousdale,1023,730,1022,730,1,0,1026,731,839,404,1865,1135,0,1,729,994,1,28,3,12,1
04-30-20,Unicoi,2,1,2,1,0,0,1,0,144,1,145,1,0,0,0,0,1,2,0,0,0
04-30-20,Union,3,0,3,0,0,0,3,0,258,7,261,7,0,0,0,0,0,3,0,0,0
04-30-20,Van Buren,2,0,2,0,0,0,2,0,189,0,191,0,0,0,0,1,0,1,0,0,0
04-30-20,Warren,9,1,9,1,0,0,9,1,668,8,677,9,0,0,1,4,0,5,0,0,0
04-30-20,Washington,53,1,53,1,0,0,66,0,1579,9,1645,9,0,0,1,6,0,47,0,5,0
04-30-20,Wayne,4,0,4,0,0,0,5,0,262,2,267,2,0,0,-1,1,1,3,0,2,0
04-30-20,Weakley,25,0,25,0,0,0,24,0,543,5,567,5,0,0,0,14,0,11,0,1,0
04-30-20,White,8,0,7,0,1,0,7,0,558,3,565,3,0,0,0,4,0,4,0,1,0
04-30-20,Williamson,406,3,406,3,0,0,439,4,4796,30,5235,34,0,9,1,48,2,349,0,42,10
04-30-20,Wilson,266,7,266,7,0,0,283,10,2345,36,2628,46,0,4,2,65,5,197,0,25,6
04-29-20,Anderson,26,4,25,4,1,0,28,3,2074,386,2102,389,0,1,4,9,0,16,0,2,1
04-29-20,Bedford,177,4,177,4,0,0,191,8,1214,100,1405,108,0,2,-6,88,10,87,0,8,2
04-29-20,Benton,5,0,5,0,0,0,6,0,198,17,204,17,0,1,0,0,0,4,0,2,1
04-29-20,Bledsoe,596,3,596,3,0,0,601,2,2852,31,3453,33,0,0,-6,574,9,22,1,4,0
04-29-20,Blount,60,1,57,1,3,0,68,2,1164,42,1232,44,0,3,1,9,0,48,0,5,3
04-29-20,Bradley,45,3,45,3,0,0,52,3,788,62,840,65,0,1,3,7,0,37,1,9,1
04-29-20,Campbell,15,0,14,0,1,0,20,1,382,19,402,20,0,1,-1,-1,1,15,0,1,1
04-29-20,Cannon,10,0,10,0,0,0,18,1,249,7,267,8,0,0,0,3,0,7,0,2,0
04-29-20,Carroll,21,0,16,0,5,0,17,0,457,28,474,28,0,1,-1,7,1,13,0,1,1
04-29-20,Carter,15,0,15,0,0,0,13,0,459,37,472,37,0,1,0,9,0,5,0,2,1
04-29-20,Cheatham,47,4,47,4,0,0,50,4,823,75,873,79,0,0,4,19,0,28,1,6,0
04-29-20,Chester,9,0,9,0,0,0,11,0,259,7,270,7,0,0,-1,2,1,7,0,1,0
04-29-20,Claiborne,5,0,5,0,0,0,5,0,244,15,249,15,0,0,0,0,0,5,0,0,0
04-29-20,Clay,6,0,6,0,0,0,6,0,224,2,230,2,0,0,0,0,0,6,0,0,0
04-29-20,Cocke,18,0,17,0,1,0,16,0,402,16,418,16,0,0,0,3,0,15,0,1,0
04-29-20,Coffee,36,1,35,1,1,0,37,2,1026,57,1063,59,0,0,0,14,1,22,0,3,0
04-29-20,Crockett,7,0,7,0,0,0,10,3,292,10,302,13,0,0,0,7,0,0,0,1,1
04-29-20,Cumberland,73,4,73,4,0,0,91,5,1570,37,1661,42,0,1,3,11,1,61,0,9,1
04-29-20,Davidson,2581,150,2580,150,1,0,2802,173,23498,1295,26300,1468,0,25,70,795,80,1761,9,266,30
04-29-20,Decatur,4,0,4,0,0,0,4,0,153,10,157,10,0,0,0,1,0,3,0,0,0
04-29-20,Dekalb,15,1,15,1,0,0,17,1,565,9,582,10,0,0,1,5,0,10,0,0,0
04-29-20,Dickson,72,2,72,2,0,0,81,4,989,85,1070,89,0,0,0,23,2,49,0,11,0
04-29-20,Dyer,36,0,35,0,1,0,39,1,598,37,637,38,0,0,0,8,0,28,0,5,0
04-29-20,Fayette,54,3,54,3,0,0,73,5,970,36,1043,41,0,1,2,11,1,42,0,10,1
04-29-20,Fentress,4,0,4,0,0,0,4,0,207,9,211,9,0,0,0,0,0,4,0,1,0
04-29-20,Franklin,35,1,35,1,0,0,37,2,981,74,1018,76,0,1,1,8,0,26,0,4,1
04-29-20,Gibson,43,0,40,0,3,0,49,1,1096,81,1145,82,0,1,-1,11,1,31,0,4,1
04-29-20,Giles,9,1,9,1,0,0,9,3,381,32,390,35,0,0,1,3,0,6,0,0,0
04-29-20,Grainger,7,0,6,0,1,0,4,0,279,6,283,6,0,0,0,3,0,4,0,2,0
04-29-20,Greene,42,0,42,0,0,0,48,1,758,33,806,34,0,2,-2,3,2,37,0,7,2
04-29-20,Grundy,25,0,25,0,0,0,30,0,299,11,329,11,0,1,0,2,0,22,0,10,1
04-29-20,Hamblen,20,1,18,1,2,0,18,1,860,39,878,40,0,2,1,11,0,7,0,3,2
04-29-20,Hamilton,157,3,156,3,1,0,169,3,2953,663,3122,666,0,13,3,25,0,119,1,41,14
04-29-20,Hancock,0,0,0,0,0,0,0,0,46,10,46,10,0,0,0,0,0,0,0,0,0
04-29-20,Hardeman,18,3,18,3,0,0,18,3,340,11,358,14,0,0,3,5,0,13,0,3,0
04-29-20,Hardin,5,0,5,0,0,0,5,0,832,20,837,20,0,0,0,1,0,4,0,0,0
04-29-20,Hawkins,30,0,30,0,0,0,40,1,763,69,803,70,0,2,0,1,0,27,0,6,2
04-29-20,Haywood,22,1,21,1,1,0,22,1,332,29,354,30,0,1,1,9,0,12,0,6,1
04-29-20,Henderson,7,1,7,1,0,0,9,1,540,31,549,32,0,0,1,2,0,5,0,0,0
04-29-20,Henry,13,1,13,1,0,0,16,2,585,37,601,39,0,0,1,4,0,9,0,3,0
04-29-20,Hickman,40,0,40,0,0,0,42,1,484,40,526,41,0,0,0,38,0,2,0,2,0
04-29-20,Houston,6,0,6,0,0,0,6,0,155,6,161,6,0,0,0,1,0,5,0,4,0
04-29-20,Humphreys,10,0,10,0,0,0,10,0,272,13,282,13,0,1,-2,3,2,6,0,0,1
04-29-20,Jackson,7,0,7,0,0,0,10,0,337,5,347,5,0,0,0,1,0,6,0,0,0
04-29-20,Jefferson,20,3,18,2,2,1,18,1,808,18,826,19,0,0,3,4,0,16,0,0,0
04-29-20,Johnson,4,0,4,0,0,0,2,0,75,3,77,3,0,0,0,1,0,3,0,0,0
04-29-20,Knox,232,8,230,8,2,0,265,10,6600,710,6865,720,0,5,5,26,3,201,0,29,5
04-29-20,Lake,54,1,53,1,1,0,53,1,1054,11,1107,12,0,0,-1,49,2,5,0,0,0
04-29-20,Lauderdale,23,3,22,2,1,1,26,2,321,28,347,30,0,0,2,6,1,17,0,6,0
04-29-20,Lawrence,15,0,15,0,0,0,17,0,795,67,812,67,0,0,0,0,0,15,0,3,0
04-29-20,Lewis,3,0,3,0,0,0,3,0,100,11,103,11,0,0,0,0,0,3,0,0,0
04-29-20,Lincoln,13,0,13,0,0,0,15,2,483,47,498,49,0,0,0,2,0,11,0,2,0
04-29-20,Loudon,33,3,32,3,1,0,34,3,577,53,611,56,0,0,2,7,1,26,0,3,0
04-29-20,Macon,40,1,40,1,0,0,48,1,671,6,719,7,0,3,1,7,0,30,0,10,3
04-29-20,Madison,132,5,132,5,0,0,142,5,2455,124,2597,129,0,1,2,30,3,101,1,17,1
04-29-20,Marion,29,0,28,0,1,0,33,1,495,32,528,33,0,1,0,-1,0,29,0,11,2
04-29-20,Marshall,20,0,20,0,0,0,21,0,532,35,553,35,0,1,-1,3,1,16,0,4,1
04-29-20,Maury,42,2,42,2,0,0,48,2,1488,69,1536,71,0,0,2,7,0,35,0,5,0
04-29-20,McMinn,96,19,96,19,0,0,96,21,1237,152,1333,173,1,1,18,88,0,7,2,16,2
04-29-20,McNairy,11,0,11,0,0,0,14,0,299,23,313,23,0,0,0,2,0,9,0,1,0
04-29-20,Meigs,7,2,7,2,0,0,7,2,147,16,154,18,0,0,2,3,0,4,0,2,0
04-29-20,Monroe,18,4,17,4,1,0,21,4,397,21,418,25,0,1,3,7,1,10,0,2,1
04-29-20,Montgomery,146,5,146,5,0,0,160,6,2991,254,3151,260,0,2,1,18,4,126,0,17,3
04-29-20,Moore,3,0,3,0,0,0,4,1,147,11,151,12,0,0,0,0,0,3,0,0,0
04-29-20,Morgan,6,0,6,0,0,0,8,0,286,25,294,25,0,0,0,0,0,6,0,0,0
04-29-20,Obion,15,1,14,1,1,0,15,2,370,16,385,18,0,1,1,4,0,10,0,1,1
04-29-20,Out of State,153,6,153,6,0,0,165,8,21680,1312,21845,1320,1,3,4,26,1,124,1,15,1
04-29-20,Overton,9,0,9,0,0,0,9,0,565,14,574,14,0,0,-1,1,1,8,0,1,0
04-29-20,Pending,0,0,0,0,0,0,0,0,18807,752,18807,752,0,0,0,-1,0,1,0,0,0
04-29-20,Perry,9,1,9,1,0,0,9,1,73,6,82,7,0,0,0,3,1,6,0,0,0
04-29-20,Pickett,0,0,0,0,0,0,0,0,169,3,169,3,0,0,0,0,0,0,0,0,0
04-29-20,Polk,10,1,10,1,0,0,12,1,147,14,159,15,0,0,0,3,1,7,0,3,0
04-29-20,Putnam,121,2,121,2,0,0,175,6,1863,104,2038,110,0,5,1,29,1,87,0,3,5
04-29-20,Rhea,4,1,4,1,0,0,5,1,488,72,493,73,0,0,1,2,0,2,0,0,0
04-29-20,Roane,11,1,10,1,1,0,15,1,1517,97,1532,98,0,0,0,1,1,10,0,2,0
04-29-20,Robertson,151,10,150,10,1,0,163,9,1400,96,1563,105,0,0,6,40,4,111,0,20,1
04-29-20,Rutherford,488,28,488,28,0,0,548,27,4367,289,4915,316,1,11,15,103,12,374,1,58,11
04-29-20,Scott,12,0,11,0,1,0,11,0,242,5,253,5,0,0,0,0,0,12,0,0,0
04-29-20,Sequatchie,8,1,8,1,0,0,8,1,380,44,388,45,0,0,1,3,0,5,0,1,0
04-29-20,Sevier,53,1,51,1,2,0,56,1,1541,28,1597,29,0,1,-2,19,3,33,1,7,2
04-29-20,Shelby,2510,77,2503,77,7,0,2829,108,18351,1200,21180,1308,0,44,23,653,54,1813,9,336,60
04-29-20,Smith,22,2,21,2,1,0,23,3,415,51,438,54,0,1,1,9,1,12,0,1,1
04-29-20,Stewart,7,0,7,0,0,0,7,0,171,11,178,11,0,0,0,1,0,6,0,1,0
04-29-20,Sullivan,51,1,49,1,2,0,50,0,1226,56,1276,56,0,1,1,4,0,46,0,6,1
04-29-20,Sumner,634,5,631,5,3,0,776,10,3181,155,3957,165,2,37,-5,81,8,516,1,193,38
04-29-20,Tipton,103,0,102,0,1,0,112,1,1270,72,1382,73,0,0,-2,18,2,85,0,17,0
04-29-20,Trousdale,293,166,292,166,1,0,295,166,435,100,730,266,0,1,166,265,0,27,1,9,1
04-29-20,Unicoi,1,0,1,0,0,0,1,0,143,3,144,3,0,0,0,0,0,1,0,0,0
04-29-20,Union,3,0,3,0,0,0,3,0,251,14,254,14,0,0,0,0,0,3,0,0,0
04-29-20,Van Buren,2,0,2,0,0,0,2,0,189,0,191,0,0,0,0,1,0,1,0,0,0
04-29-20,Warren,8,0,8,0,0,0,8,0,660,18,668,18,0,0,-1,3,1,5,0,0,0
04-29-20,Washington,52,0,52,0,0,0,66,2,1570,21,1636,23,0,0,0,5,0,47,0,5,0
04-29-20,Wayne,4,0,4,0,0,0,5,0,260,9,265,9,0,0,0,2,0,2,0,2,0
04-29-20,Weakley,25,2,25,2,0,0,24,4,538,48,562,52,0,0,1,14,1,11,0,1,0
04-29-20,White,8,2,7,2,1,0,7,2,555,32,562,34,0,0,2,4,0,4,0,1,0
04-29-20,Williamson,403,4,403,4,0,0,435,8,4766,342,5201,350,1,9,-2,47,5,347,0,42,10
04-29-20,Wilson,259,8,259,8,0,0,273,8,2309,59,2582,67,1,4,2,63,5,192,0,25,4
04-28-20,Anderson,22,0,21,0,1,0,25,0,1688,282,1713,282,0,1,0,5,0,16,0,2,1
04-28-20,Bedford,173,4,173,4,0,0,183,2,1114,9,1297,11,0,2,-9,94,13,77,0,8,2
04-28-20,Benton,5,0,5,0,0,0,6,0,181,1,187,1,0,1,0,0,0,4,0,2,1
04-28-20,Bledsoe,593,5,593,5,0,0,599,5,2821,108,3420,113,0,0,4,580,1,13,0,3,0
04-28-20,Blount,59,2,56,1,3,1,66,3,1122,51,1188,54,0,3,2,8,0,48,0,5,3
04-28-20,Bradley,42,0,42,0,0,0,49,1,726,13,775,14,0,1,0,4,0,37,0,8,1
04-28-20,Campbell,15,0,14,0,1,0,19,1,363,11,382,12,0,1,0,0,0,14,0,1,1
04-28-20,Cannon,10,0,10,0,0,0,17,0,242,2,259,2,0,0,0,3,0,7,0,2,0
04-28-20,Carroll,21,0,16,0,5,0,17,0,429,18,446,18,0,1,-1,8,1,12,0,1,1
04-28-20,Carter,15,0,15,0,0,0,13,0,422,0,435,0,0,1,0,9,0,5,0,2,1
04-28-20,Cheatham,43,0,43,0,0,0,46,1,748,13,794,14,0,0,-3,15,3,28,0,5,0
04-28-20,Chester,9,0,9,0,0,0,11,0,252,4,263,4,0,0,0,3,0,6,0,1,0
04-28-20,Claiborne,5,0,5,0,0,0,5,0,229,18,234,18,0,0,0,0,0,5,0,0,0
04-28-20,Clay,6,0,6,0,0,0,6,0,222,3,228,3,0,0,0,0,0,6,0,0,0
04-28-20,Cocke,18,2,17,2,1,0,16,2,386,58,402,60,0,0,-2,3,4,15,0,1,0
04-28-20,Coffee,35,2,34,2,1,0,35,1,969,17,1004,18,0,0,2,14,0,21,0,3,0
04-28-20,Crockett,7,0,7,0,0,0,7,0,282,5,289,5,0,0,0,7,0,0,0,1,1
04-28-20,Cumberland,69,2,69,2,0,0,86,3,1533,104,1619,107,1,1,-1,8,2,60,0,9,1
04-28-20,Davidson,2431,43,2430,43,1,0,2629,54,22203,297,24832,351,0,25,-12,725,55,1681,7,257,29
04-28-20,Decatur,4,0,4,0,0,0,4,0,143,8,147,8,0,0,0,1,0,3,0,0,0
04-28-20,Dekalb,14,0,14,0,0,0,16,0,556,4,572,4,0,0,0,4,0,10,0,0,0
04-28-20,Dickson,70,0,70,0,0,0,77,1,904,21,981,22,0,0,-3,23,3,47,0,11,0
04-28-20,Dyer,36,1,35,1,1,0,38,1,561,8,599,9,0,0,0,8,1,28,0,5,0
04-28-20,Fayette,51,0,51,0,0,0,68,2,934,17,1002,19,0,1,-2,9,2,41,0,10,1
04-28-20,Fentress,4,0,4,0,0,0,4,0,198,1,202,1,0,0,0,0,0,4,0,1,0
04-28-20,Franklin,34,4,34,4,0,0,35,3,907,61,942,64,0,1,4,7,0,26,0,4,1
04-28-20,Gibson,43,1,40,1,3,0,48,1,1015,79,1063,80,0,1,-2,12,3,30,0,4,1
04-28-20,Giles,8,2,8,2,0,0,6,0,349,5,355,5,0,0,2,2,0,6,0,0,0
04-28-20,Grainger,7,2,6,1,1,1,4,0,273,15,277,15,0,0,2,3,0,4,1,2,0
04-28-20,Greene,42,1,42,1,0,0,47,0,725,10,772,10,0,2,0,5,1,35,0,7,2
04-28-20,Grundy,25,0,25,0,0,0,30,0,288,2,318,2,0,1,0,2,0,22,0,10,1
04-28-20,Hamblen,19,2,17,1,2,1,17,0,821,269,838,269,0,2,1,10,1,7,0,3,2
04-28-20,Hamilton,154,2,153,2,1,0,166,2,2290,84,2456,86,0,13,0,22,2,119,0,40,14
04-28-20,Hancock,0,0,0,0,0,0,0,0,36,3,36,3,0,0,0,0,0,0,0,0,0
04-28-20,Hardeman,15,0,15,0,0,0,15,0,329,4,344,4,0,0,-1,2,1,13,0,3,0
04-28-20,Hardin,5,0,5,0,0,0,5,0,812,4,817,4,0,0,0,1,0,4,0,0,0
04-28-20,Hawkins,30,1,30,1,0,0,39,1,694,16,733,17,0,2,1,1,0,27,0,6,2
04-28-20,Haywood,21,0,20,0,1,0,21,0,303,5,324,5,0,1,-1,8,1,12,0,6,1
04-28-20,Henderson,6,0,6,0,0,0,8,0,509,146,517,146,0,0,0,1,0,5,0,0,0
04-28-20,Henry,12,0,12,0,0,0,14,0,548,3,562,3,0,0,0,3,0,9,0,3,0
04-28-20,Hickman,40,1,40,1,0,0,41,0,444,11,485,11,0,0,1,38,0,2,0,2,0
04-28-20,Houston,6,1,6,1,0,0,6,1,149,1,155,2,0,0,1,1,0,5,1,4,0
04-28-20,Humphreys,10,0,10,0,0,0,10,0,259,11,269,11,0,1,0,5,0,4,0,0,1
04-28-20,Jackson,7,0,7,0,0,0,10,0,332,8,342,8,0,0,0,1,0,6,0,0,0
04-28-20,Jefferson,17,0,16,0,1,0,17,0,790,243,807,243,0,0,0,1,0,16,0,0,0
04-28-20,Johnson,4,0,4,0,0,0,2,0,72,9,74,9,0,0,0,1,0,3,0,0,0
04-28-20,Knox,224,8,222,8,2,0,255,10,5890,401,6145,411,1,5,4,21,3,198,0,29,5
04-28-20,Lake,53,4,52,4,1,0,52,4,1043,18,1095,22,0,0,4,50,0,3,0,0,0
04-28-20,Lauderdale,20,2,20,2,0,0,24,3,293,13,317,16,0,0,1,4,1,16,1,6,0
04-28-20,Lawrence,15,0,15,0,0,0,17,0,728,67,745,67,0,0,0,0,0,15,0,3,0
04-28-20,Lewis,3,0,3,0,0,0,3,0,89,6,92,6,0,0,0,0,0,3,0,0,0
04-28-20,Lincoln,13,1,13,1,0,0,13,0,436,5,449,5,0,0,1,2,0,11,0,2,0
04-28-20,Loudon,30,2,29,2,1,0,31,3,524,35,555,38,0,0,2,5,0,25,0,3,0
04-28-20,Macon,39,0,39,0,0,0,47,0,665,0,712,0,0,3,-1,6,1,30,0,10,3
04-28-20,Madison,127,1,127,1,0,0,137,1,2331,66,2468,67,0,1,-4,28,5,98,1,16,1
04-28-20,Marion,29,0,28,0,1,0,32,0,463,3,495,3,0,1,0,-1,0,29,0,11,2
04-28-20,Marshall,20,0,20,0,0,0,21,0,497,3,518,3,0,1,-1,4,1,15,0,4,1
04-28-20,Maury,40,0,40,0,0,0,46,1,1419,100,1465,101,0,0,-1,5,1,35,0,5,0
04-28-20,McMinn,77,5,77,5,0,0,75,3,1085,157,1160,160,0,0,4,70,1,7,0,14,1
04-28-20,McNairy,11,0,11,0,0,0,14,2,276,3,290,5,0,0,0,2,0,9,0,1,0
04-28-20,Meigs,5,0,5,0,0,0,5,0,131,1,136,1,0,0,0,1,0,4,0,2,0
04-28-20,Monroe,14,1,13,1,1,0,17,0,376,10,393,10,0,1,1,4,0,9,0,2,1
04-28-20,Montgomery,141,2,141,2,0,0,154,2,2737,55,2891,57,0,2,-1,17,3,122,0,17,3
04-28-20,Moore,3,0,3,0,0,0,3,0,136,1,139,1,0,0,0,0,0,3,0,0,0
04-28-20,Morgan,6,0,6,0,0,0,8,0,261,17,269,17,0,0,0,0,0,6,0,0,0
04-28-20,Obion,14,0,13,0,1,0,13,0,354,12,367,12,0,1,0,3,0,10,0,1,1
04-28-20,Out of State,147,0,147,0,0,0,157,0,20368,616,20525,616,-1,2,1,22,0,123,0,14,1
04-28-20,Overton,9,0,9,0,0,0,9,0,551,4,560,4,0,0,0,2,0,7,0,1,0
04-28-20,Pending,0,0,0,0,0,0,0,0,18055,571,18055,571,0,0,0,-1,0,1,0,0,0
04-28-20,Perry,8,0,8,0,0,0,8,0,67,0,75,0,0,0,0,3,0,5,0,0,0
04-28-20,Pickett,0,0,0,0,0,0,0,0,166,0,166,0,0,0,0,0,0,0,0,0,0
04-28-20,Polk,9,0,9,0,0,0,11,1,133,1,144,2,0,0,-1,3,1,6,0,3,0
04-28-20,Putnam,119,4,119,4,0,0,169,5,1759,98,1928,103,0,5,4,28,0,86,0,3,5
04-28-20,Rhea,3,0,3,0,0,0,4,0,416,6,420,6,0,0,0,1,0,2,0,0,0
04-28-20,Roane,10,0,9,0,1,0,14,0,1420,68,1434,68,0,0,0,1,0,9,0,2,0
04-28-20,Robertson,141,1,140,0,1,1,154,1,1304,65,1458,66,0,0,1,34,0,107,0,20,1
04-28-20,Rutherford,460,9,460,9,0,0,521,14,4078,151,4599,165,1,10,-1,88,9,362,0,57,11
04-28-20,Scott,12,0,11,0,1,0,11,0,237,8,248,8,0,0,0,0,0,12,0,0,0
04-28-20,Sequatchie,7,0,7,0,0,0,7,0,336,4,343,4,0,0,0,2,0,5,0,1,0
04-28-20,Sevier,52,1,50,1,2,0,55,1,1513,88,1568,89,0,1,1,21,0,30,0,6,2
04-28-20,Shelby,2433,58,2426,58,7,0,2721,75,17151,770,19872,845,0,44,-18,630,76,1759,16,327,57
04-28-20,Smith,20,1,19,1,1,0,20,1,364,18,384,19,0,1,1,8,0,11,0,1,1
04-28-20,Stewart,7,1,7,1,0,0,7,1,160,4,167,5,0,0,1,1,0,6,1,1,0
04-28-20,Sullivan,50,1,48,1,2,0,50,1,1170,98,1220,99,0,1,1,3,0,46,0,6,1
04-28-20,Sumner,629,7,626,7,3,0,766,5,3026,101,3792,106,1,35,-5,86,11,508,2,192,38
04-28-20,Tipton,103,4,102,4,1,0,111,5,1198,57,1309,62,0,0,-7,20,11,83,1,17,0
04-28-20,Trousdale,127,72,126,72,1,0,129,73,335,59,464,132,0,1,71,99,1,27,0,8,1
04-28-20,Unicoi,1,0,1,0,0,0,1,0,140,0,141,0,0,0,0,0,0,1,0,0,0
04-28-20,Union,3,0,3,0,0,0,3,0,237,12,240,12,0,0,0,0,0,3,0,0,0
04-28-20,Van Buren,2,0,2,0,0,0,2,0,189,12,191,12,0,0,0,1,0,1,0,0,0
04-28-20,Warren,8,0,8,0,0,0,8,0,642,78,650,78,0,0,0,4,0,4,0,0,0
04-28-20,Washington,52,0,52,0,0,0,64,0,1549,14,1613,14,0,0,0,5,0,47,0,5,0
04-28-20,Wayne,4,0,4,0,0,0,5,0,251,7,256,7,0,0,0,2,0,2,0,2,0
04-28-20,Weakley,23,3,23,3,0,0,20,1,490,55,510,56,0,0,3,13,0,10,1,1,0
04-28-20,White,6,1,5,1,1,0,5,1,523,26,528,27,0,0,1,2,0,4,0,1,0
04-28-20,Williamson,399,6,399,6,0,0,427,6,4424,167,4851,173,1,8,-1,49,6,342,0,42,10
04-28-20,Wilson,251,1,251,1,0,0,265,3,2250,81,2515,84,0,3,-4,61,5,187,0,25,4
04-27-20,Anderson,22,0,21,0,1,0,25,0,1406,36,1431,36,0,1,-1,5,1,16,0,2,1
04-27-20,Bedford,169,3,169,3,0,0,181,3,1105,4,1286,7,0,2,-6,103,9,64,0,8,2
04-27-20,Benton,5,0,5,0,0,0,6,0,180,8,186,8,0,1,0,0,0,4,0,2,1
04-27-20,Bledsoe,588,0,588,0,0,0,594,0,2713,135,3307,135,0,0,-1,576,1,12,0,3,0
04-27-20,Blount,57,3,55,2,2,1,63,1,1071,41,1134,42,0,3,2,6,1,48,0,5,3
04-27-20,Bradley,42,1,42,1,0,0,48,0,713,6,761,6,0,1,1,4,0,37,0,8,1
04-27-20,Campbell,15,0,14,0,1,0,18,2,352,37,370,39,0,1,0,0,0,14,0,1,1
04-27-20,Cannon,10,0,10,0,0,0,17,0,240,17,257,17,0,0,-1,3,1,7,0,2,0
04-27-20,Carroll,21,1,16,1,5,0,17,1,411,21,428,22,0,1,0,9,1,11,0,1,1
04-27-20,Carter,15,0,15,0,0,0,13,0,422,1,435,1,0,1,0,9,0,5,0,2,1
04-27-20,Cheatham,43,6,43,6,0,0,45,6,735,31,780,37,0,0,5,18,1,25,0,5,0
04-27-20,Chester,9,0,9,0,0,0,11,0,248,5,259,5,0,0,0,3,0,6,0,1,0
04-27-20,Claiborne,5,0,5,0,0,0,5,0,211,34,216,34,0,0,0,0,0,5,0,0,0
04-27-20,Clay,6,0,6,0,0,0,6,0,219,8,225,8,0,0,0,0,0,6,0,0,0
04-27-20,Cocke,16,1,15,1,1,0,14,0,328,21,342,21,0,0,-2,5,3,11,0,1,0
04-27-20,Coffee,33,0,32,0,1,0,34,0,952,5,986,5,0,0,-1,12,1,21,0,3,0
04-27-20,Crockett,7,1,7,1,0,0,7,1,277,3,284,4,0,0,1,7,0,0,0,1,1
04-27-20,Cumberland,67,1,67,1,0,0,83,2,1429,8,1512,10,0,0,0,9,1,58,0,9,1
04-27-20,Davidson,2388,90,2387,90,1,0,2575,96,21906,782,24481,878,2,25,-22,737,110,1626,5,250,28
04-27-20,Decatur,4,0,4,0,0,0,4,0,135,5,139,5,0,0,0,1,0,3,0,0,0
04-27-20,Dekalb,14,0,14,0,0,0,16,0,552,44,568,44,0,0,0,4,0,10,0,0,0
04-27-20,Dickson,70,4,70,4,0,0,76,4,883,43,959,47,0,0,1,26,3,44,1,11,0
04-27-20,Dyer,35,1,34,1,1,0,37,2,553,28,590,30,0,0,0,8,1,27,1,5,0
04-27-20,Fayette,51,0,51,0,0,0,66,2,917,43,983,45,0,1,0,11,0,39,0,10,1
04-27-20,Fentress,4,0,4,0,0,0,4,0,197,0,201,0,0,0,0,0,0,4,0,1,0
04-27-20,Franklin,30,1,30,1,0,0,32,1,846,7,878,8,0,1,0,3,1,26,0,4,1
04-27-20,Gibson,42,3,39,1,3,2,47,4,936,133,983,137,0,1,3,14,0,27,0,4,1
04-27-20,Giles,6,0,6,0,0,0,6,0,344,3,350,3,0,0,-1,0,1,6,0,0,0
04-27-20,Grainger,5,1,5,1,0,0,4,1,258,2,262,3,0,0,1,1,0,4,0,1,0
04-27-20,Greene,41,1,41,1,0,0,47,1,715,29,762,30,0,2,-2,5,3,34,0,7,2
04-27-20,Grundy,25,0,25,0,0,0,30,0,286,0,316,0,0,1,0,2,0,22,0,10,1
04-27-20,Hamblen,17,1,16,1,1,0,17,1,552,37,569,38,0,2,0,9,1,6,0,3,2
04-27-20,Hamilton,152,5,151,5,1,0,164,5,2206,22,2370,27,0,13,3,22,2,117,0,40,14
04-27-20,Hancock,0,0,0,0,0,0,0,0,33,1,33,1,0,0,0,0,0,0,0,0,0
04-27-20,Hardeman,15,1,15,1,0,0,15,0,325,18,340,18,0,0,0,3,1,12,0,3,0
04-27-20,Hardin,5,0,5,0,0,0,5,0,808,23,813,23,0,0,0,1,0,4,0,0,0
04-27-20,Hawkins,29,0,29,0,0,0,38,0,678,21,716,21,0,2,0,0,0,27,0,6,2
04-27-20,Haywood,21,0,20,0,1,0,21,0,298,19,319,19,0,1,0,9,0,11,0,6,1
04-27-20,Henderson,6,0,6,0,0,0,8,1,363,19,371,20,0,0,-1,1,1,5,0,0,0
04-27-20,Henry,12,0,12,0,0,0,14,0,545,72,559,72,0,0,-1,3,1,9,0,3,0
04-27-20,Hickman,39,0,39,0,0,0,41,0,433,9,474,9,0,0,0,37,0,2,0,2,0
04-27-20,Houston,5,0,5,0,0,0,5,0,148,6,153,6,0,0,0,0,0,5,0,3,0
04-27-20,Humphreys,10,0,10,0,0,0,10,0,248,7,258,7,0,1,0,5,0,4,0,0,1
04-27-20,Jackson,7,0,7,0,0,0,10,0,324,36,334,36,0,0,0,1,0,6,0,0,0
04-27-20,Jefferson,17,1,16,1,1,0,17,1,547,26,564,27,0,0,1,1,0,16,0,0,0
04-27-20,Johnson,4,0,4,0,0,0,2,0,63,3,65,3,0,0,0,1,0,3,0,0,0
04-27-20,Knox,216,2,214,2,2,0,245,4,5489,133,5734,137,0,4,1,17,1,195,0,29,5
04-27-20,Lake,49,2,48,1,1,1,48,1,1025,12,1073,13,0,0,2,46,0,3,0,0,0
04-27-20,Lauderdale,18,0,18,0,0,0,21,1,280,7,301,8,0,0,-1,3,1,15,0,5,0
04-27-20,Lawrence,15,1,15,1,0,0,17,1,661,4,678,5,0,0,1,0,0,15,0,3,0
04-27-20,Lewis,3,0,3,0,0,0,3,0,83,3,86,3,0,0,0,0,0,3,0,0,0
04-27-20,Lincoln,12,0,12,0,0,0,13,0,431,7,444,7,0,0,0,1,0,11,0,2,0
04-27-20,Loudon,28,1,27,1,1,0,28,0,489,17,517,17,0,0,0,3,1,25,0,3,0
04-27-20,Macon,39,1,39,1,0,0,47,1,665,21,712,22,0,3,1,7,0,29,0,10,3
04-27-20,Madison,126,2,126,2,0,0,136,3,2265,137,2401,140,0,1,-5,32,7,93,1,15,1
04-27-20,Marion,29,0,28,0,1,0,32,0,460,1,492,1,0,1,0,-1,0,29,0,11,2
04-27-20,Marshall,20,0,20,0,0,0,21,0,494,6,515,6,0,1,-3,5,3,14,0,4,1
04-27-20,Maury,40,0,40,0,0,0,45,0,1319,77,1364,77,0,0,0,6,0,34,0,5,0
04-27-20,McMinn,72,50,72,50,0,0,72,49,928,30,1000,79,0,0,50,66,0,6,8,14,0
04-27-20,McNairy,11,0,11,0,0,0,12,0,273,13,285,13,0,0,0,2,0,9,0,1,0
04-27-20,Meigs,5,0,5,0,0,0,5,0,130,2,135,2,0,0,0,1,0,4,0,2,0
04-27-20,Monroe,13,1,12,1,1,0,17,1,366,6,383,7,0,1,1,3,0,9,0,2,1
04-27-20,Montgomery,139,0,139,0,0,0,152,0,2682,161,2834,161,0,2,-3,18,3,119,0,17,3
04-27-20,Moore,3,0,3,0,0,0,3,0,135,0,138,0,0,0,0,0,0,3,0,0,0
04-27-20,Morgan,6,0,6,0,0,0,8,0,244,9,252,9,0,0,0,0,0,6,0,0,0
04-27-20,Obion,14,0,13,0,1,0,13,0,342,38,355,38,0,1,-1,3,1,10,0,1,1
04-27-20,Out of State,147,3,147,3,0,0,157,3,19752,640,19909,643,1,3,1,21,1,123,1,14,1
04-27-20,Overton,9,1,9,1,0,0,9,1,547,18,556,19,0,0,1,2,0,7,0,1,0
04-27-20,Pending,0,0,0,0,0,0,0,0,17484,383,17484,383,0,0,0,-1,0,1,0,0,0
04-27-20,Perry,8,0,8,0,0,0,8,0,67,0,75,0,0,0,0,3,0,5,0,0,0
04-27-20,Pickett,0,0,0,0,0,0,0,0,166,3,166,3,0,0,0,0,0,0,0,0,0
04-27-20,Polk,9,0,9,0,0,0,10,0,132,4,142,4,0,0,0,4,0,5,0,3,0
04-27-20,Putnam,115,5,115,5,0,0,164,7,1661,138,1825,145,0,5,4,24,1,86,0,3,5
04-27-20,Rhea,3,0,3,0,0,0,4,1,410,13,414,14,0,0,-1,1,1,2,0,0,0
04-27-20,Roane,10,0,9,0,1,0,14,0,1352,26,1366,26,0,0,0,1,0,9,0,2,0
04-27-20,Robertson,140,3,140,3,0,0,153,5,1239,15,1392,20,0,0,-1,33,4,107,1,20,1
04-27-20,Rutherford,451,21,451,21,0,0,507,20,3927,58,4434,78,0,9,9,89,12,353,1,57,11
04-27-20,Scott,12,0,11,0,1,0,11,0,229,1,240,1,0,0,0,0,0,12,0,0,0
04-27-20,Sequatchie,7,0,7,0,0,0,7,0,332,4,339,4,0,0,0,2,0,5,0,1,0
04-27-20,Sevier,51,0,49,0,2,0,54,0,1425,83,1479,83,0,1,0,20,0,30,0,6,2
04-27-20,Shelby,2375,56,2368,56,7,0,2646,57,16381,928,19027,985,0,44,-42,648,98,1683,12,311,56
04-27-20,Smith,19,0,18,0,1,0,19,0,346,2,365,2,0,1,0,7,0,11,0,1,1
04-27-20,Stewart,6,0,6,0,0,0,6,0,156,2,162,2,0,0,0,0,0,6,0,0,0
04-27-20,Sullivan,49,0,47,0,2,0,49,0,1072,34,1121,34,0,1,-1,2,1,46,0,6,1
04-27-20,Sumner,622,10,619,10,3,0,761,13,2925,22,3686,35,0,34,1,91,9,497,2,190,37
04-27-20,Tipton,99,4,98,4,1,0,106,4,1141,25,1247,29,0,0,3,27,1,72,1,16,0
04-27-20,Trousdale,55,1,54,1,1,0,56,0,276,0,332,0,0,1,0,28,1,26,0,8,1
04-27-20,Unicoi,1,0,1,0,0,0,1,0,140,3,141,3,0,0,0,0,0,1,0,0,0
04-27-20,Union,3,0,3,0,0,0,3,0,225,23,228,23,0,0,0,0,0,3,0,0,0
04-27-20,Van Buren,2,0,2,0,0,0,2,0,177,9,179,9,0,0,0,1,0,1,0,0,0
04-27-20,Warren,8,2,8,2,0,0,8,2,564,5,572,7,0,0,2,4,0,4,0,0,0
04-27-20,Washington,52,0,52,0,0,0,64,3,1535,15,1599,18,0,0,-1,5,1,47,0,5,0
04-27-20,Wayne,4,0,4,0,0,0,5,0,244,3,249,3,0,0,0,2,0,2,0,2,0
04-27-20,Weakley,20,0,20,0,0,0,19,0,435,11,454,11,0,0,-2,10,2,10,0,0,0
04-27-20,White,5,0,4,0,1,0,4,0,497,26,501,26,0,0,0,1,0,4,0,1,0
04-27-20,Williamson,393,1,393,1,0,0,421,2,4257,44,4678,46,0,7,-4,50,5,336,0,42,9
04-27-20,Wilson,250,4,250,4,0,0,262,5,2169,34,2431,39,0,3,-5,65,9,182,1,25,3
04-26-20,Anderson,22,0,21,0,1,0,25,0,1370,35,1395,35,0,1,0,6,0,15,0,2,1
04-26-20,Bedford,166,6,166,6,0,0,178,11,1101,88,1279,99,0,2,-4,109,10,55,1,8,2
04-26-20,Benton,5,0,5,0,0,0,6,0,172,3,178,3,0,1,0,0,0,4,0,2,1
04-26-20,Bledsoe,588,0,588,0,0,0,594,1,2578,47,3172,48,0,0,-2,577,2,11,0,3,0
04-26-20,Blount,54,0,53,0,1,0,62,0,1030,40,1092,40,0,3,-1,4,1,47,0,5,3
04-26-20,Bradley,41,1,41,1,0,0,48,2,707,46,755,48,0,1,0,3,1,37,0,8,1
04-26-20,Campbell,15,1,14,1,1,0,16,2,315,25,331,27,0,1,1,0,0,14,0,1,1
04-26-20,Cannon,10,0,10,0,0,0,17,0,223,3,240,3,0,0,0,4,0,6,0,2,0
04-26-20,Carroll,20,0,15,0,5,0,16,0,390,4,406,4,0,1,0,9,0,10,0,1,1
04-26-20,Carter,15,0,15,0,0,0,13,0,421,49,434,49,0,1,0,9,0,5,0,2,1
04-26-20,Cheatham,37,0,37,0,0,0,39,0,704,32,743,32,0,0,-1,13,1,24,0,5,0
04-26-20,Chester,9,0,9,0,0,0,11,0,243,2,254,2,0,0,0,3,0,6,0,1,0
04-26-20,Claiborne,5,0,5,0,0,0,5,0,177,3,182,3,0,0,0,0,0,5,0,0,0
04-26-20,Clay,6,0,6,0,0,0,6,0,211,1,217,1,0,0,0,0,0,6,0,0,0
04-26-20,Cocke,15,0,14,0,1,0,14,0,307,21,321,21,0,0,0,7,0,8,0,1,0
04-26-20,Coffee,33,1,32,1,1,0,34,4,947,52,981,56,0,0,1,13,0,20,0,3,0
04-26-20,Crockett,6,0,6,0,0,0,6,0,274,2,280,2,0,0,0,6,0,0,0,1,1
04-26-20,Cumberland,66,0,66,0,0,0,81,0,1421,33,1502,33,0,0,-1,9,1,57,0,9,1
04-26-20,Davidson,2298,72,2297,72,1,0,2479,85,21124,597,23603,682,1,23,33,759,38,1516,6,245,28
04-26-20,Decatur,4,0,4,0,0,0,4,0,130,0,134,0,0,0,0,1,0,3,0,0,0
04-26-20,Dekalb,14,2,14,2,0,0,16,2,508,48,524,50,0,0,2,4,0,10,0,0,0
04-26-20,Dickson,66,1,66,1,0,0,72,1,840,76,912,77,0,0,-1,25,2,41,0,10,0
04-26-20,Dyer,34,1,33,1,1,0,35,0,525,10,560,10,0,0,0,8,1,26,0,4,0
04-26-20,Fayette,51,0,51,0,0,0,64,1,874,15,938,16,0,1,0,11,0,39,0,10,1
04-26-20,Fentress,4,0,4,0,0,0,4,0,197,1,201,1,0,0,0,0,0,4,0,1,0
04-26-20,Franklin,29,0,29,0,0,0,31,0,839,66,870,66,0,1,-1,3,1,25,0,4,1
04-26-20,Gibson,39,2,38,2,1,0,43,2,803,12,846,14,0,1,1,11,1,27,0,4,1
04-26-20,Giles,6,0,6,0,0,0,6,0,341,18,347,18,0,0,0,1,0,5,0,0,0
04-26-20,Grainger,4,0,4,0,0,0,3,0,256,3,259,3,0,0,0,0,0,4,0,1,0
04-26-20,Greene,40,0,40,0,0,0,46,1,686,70,732,71,0,2,-1,7,1,31,0,7,2
04-26-20,Grundy,25,0,25,0,0,0,30,0,286,5,316,5,0,1,0,2,0,22,0,10,1
04-26-20,Hamblen,16,1,15,1,1,0,16,1,515,31,531,32,0,2,1,9,0,5,0,3,2
04-26-20,Hamilton,147,6,146,6,1,0,159,6,2184,44,2343,50,0,13,0,19,6,115,0,40,14
04-26-20,Hancock,0,0,0,0,0,0,0,0,32,6,32,6,0,0,0,0,0,0,0,0,0
04-26-20,Hardeman,14,0,14,0,0,0,15,0,307,7,322,7,0,0,0,3,0,11,0,3,0
04-26-20,Hardin,5,0,5,0,0,0,5,0,785,10,790,10,0,0,-1,1,1,4,0,0,0
04-26-20,Hawkins,29,0,29,0,0,0,38,0,657,17,695,17,0,2,0,0,0,27,0,6,2
04-26-20,Haywood,21,2,20,2,1,0,21,2,279,14,300,16,0,1,2,9,0,11,0,6,1
04-26-20,Henderson,6,0,6,0,0,0,7,0,344,2,351,2,0,0,0,2,0,4,0,0,0
04-26-20,Henry,12,0,12,0,0,0,14,0,473,32,487,32,0,0,0,4,0,8,0,3,0
04-26-20,Hickman,39,0,39,0,0,0,41,0,424,20,465,20,0,0,0,37,0,2,0,2,0
04-26-20,Houston,5,0,5,0,0,0,5,0,142,11,147,11,0,0,0,0,0,5,0,3,0
04-26-20,Humphreys,10,1,10,1,0,0,10,1,241,14,251,15,0,1,1,5,0,4,0,0,1
04-26-20,Jackson,7,0,7,0,0,0,10,0,288,43,298,43,0,0,0,1,0,6,0,0,0
04-26-20,Jefferson,16,0,15,0,1,0,16,0,521,19,537,19,0,0,-1,0,1,16,0,0,0
04-26-20,Johnson,4,1,4,1,0,0,2,0,60,0,62,0,0,0,1,1,0,3,0,0,0
04-26-20,Knox,214,1,212,1,2,0,241,1,5356,159,5597,160,0,4,-2,16,3,194,0,29,4
04-26-20,Lake,47,0,47,0,0,0,47,0,1013,0,1060,0,0,0,0,44,0,3,0,0,0
04-26-20,Lauderdale,18,0,18,0,0,0,20,0,273,11,293,11,0,0,0,4,0,14,0,5,0
04-26-20,Lawrence,14,0,14,0,0,0,16,0,657,64,673,64,0,0,0,-1,0,15,0,3,0
04-26-20,Lewis,3,0,3,0,0,0,3,0,80,5,83,5,0,0,0,0,0,3,0,0,0
04-26-20,Lincoln,12,0,12,0,0,0,13,0,424,68,437,68,0,0,0,1,0,11,0,2,0
04-26-20,Loudon,27,1,26,0,1,1,28,0,472,7,500,7,0,0,0,3,1,24,0,3,0
04-26-20,Macon,38,0,38,0,0,0,46,0,644,21,690,21,0,3,-1,6,1,29,0,10,3
04-26-20,Madison,124,0,124,0,0,0,133,1,2128,22,2261,23,0,1,-1,37,1,86,0,14,1
04-26-20,Marion,29,0,28,0,1,0,32,0,459,3,491,3,0,1,0,-1,0,29,0,11,2
04-26-20,Marshall,20,0,20,0,0,0,21,0,488,42,509,42,0,1,-1,8,1,11,0,4,1
04-26-20,Maury,40,2,40,2,0,0,45,3,1242,104,1287,107,0,0,2,6,0,34,0,5,0
04-26-20,McMinn,22,4,22,4,0,0,23,7,898,38,921,45,0,0,4,16,0,6,0,6,0
04-26-20,McNairy,11,0,11,0,0,0,12,0,260,4,272,4,0,0,0,2,0,9,0,1,0
04-26-20,Meigs,5,0,5,0,0,0,5,0,128,5,133,5,0,0,0,1,0,4,0,2,0
04-26-20,Monroe,12,0,11,0,1,0,16,0,360,6,376,6,0,1,0,2,0,9,0,2,1
04-26-20,Montgomery,139,4,139,4,0,0,152,4,2521,19,2673,23,0,2,1,21,3,116,1,17,3
04-26-20,Moore,3,0,3,0,0,0,3,0,135,9,138,9,0,0,-2,0,2,3,0,0,0
04-26-20,Morgan,6,0,6,0,0,0,8,0,235,6,243,6,0,0,0,0,0,6,0,0,0
04-26-20,Obion,14,0,13,0,1,0,13,0,304,13,317,13,0,1,-1,4,1,9,0,1,1
04-26-20,Out of State,144,4,144,4,0,0,154,4,19112,1692,19266,1696,0,2,3,20,1,122,3,13,1
04-26-20,Overton,8,0,8,0,0,0,8,0,529,10,537,10,0,0,0,1,0,7,0,1,0
04-26-20,Pending,0,0,0,0,0,0,0,0,17101,498,17101,498,0,0,0,-1,0,1,0,0,0
04-26-20,Perry,8,0,8,0,0,0,8,0,67,2,75,2,0,0,0,3,0,5,0,0,0
04-26-20,Pickett,0,0,0,0,0,0,0,0,163,2,163,2,0,0,0,0,0,0,0,0,0
04-26-20,Polk,9,1,9,1,0,0,10,1,128,16,138,17,0,0,1,4,0,5,0,3,0
04-26-20,Putnam,110,1,110,1,0,0,157,3,1523,72,1680,75,0,5,1,20,0,85,0,3,5
04-26-20,Rhea,3,0,3,0,0,0,3,0,397,32,400,32,0,0,0,2,0,1,0,0,0
04-26-20,Roane,10,0,9,0,1,0,14,0,1326,14,1340,14,0,0,0,1,0,9,0,2,0
04-26-20,Robertson,137,4,137,4,0,0,148,8,1224,14,1372,22,0,0,-1,34,5,103,0,19,1
04-26-20,Rutherford,430,10,430,10,0,0,487,12,3869,149,4356,161,1,9,0,80,9,341,1,56,11
04-26-20,Scott,12,0,11,0,1,0,11,0,228,4,239,4,0,0,0,0,0,12,0,0,0
04-26-20,Sequatchie,7,0,7,0,0,0,7,0,328,31,335,31,0,0,0,2,0,5,0,1,0
04-26-20,Sevier,51,1,49,1,2,0,54,1,1342,16,1396,17,0,1,-1,20,2,30,0,6,2
04-26-20,Shelby,2319,122,2312,122,7,0,2589,126,15453,650,18042,776,1,44,86,690,35,1585,1,299,55
04-26-20,Smith,19,0,18,0,1,0,19,0,344,33,363,33,0,1,0,7,0,11,0,1,1
04-26-20,Stewart,6,1,6,1,0,0,6,1,154,6,160,7,0,0,1,0,0,6,0,0,0
04-26-20,Sullivan,49,0,47,0,2,0,49,0,1038,162,1087,162,0,1,-1,3,1,45,0,6,1
04-26-20,Sumner,612,12,609,12,3,0,748,17,2903,80,3651,97,0,34,3,90,9,488,2,188,36
04-26-20,Tipton,95,1,94,1,1,0,102,2,1116,44,1218,46,0,0,-1,24,2,71,1,15,0
04-26-20,Trousdale,54,2,53,2,1,0,56,2,276,9,332,11,0,1,2,28,0,25,0,8,1
04-26-20,Unicoi,1,0,1,0,0,0,1,0,137,7,138,7,0,0,0,0,0,1,0,0,0
04-26-20,Union,3,0,3,0,0,0,3,0,202,7,205,7,0,0,0,0,0,3,0,0,0
04-26-20,Van Buren,2,0,2,0,0,0,2,0,168,9,170,9,0,0,0,1,0,1,0,0,0
04-26-20,Warren,6,0,6,0,0,0,6,0,559,41,565,41,0,0,0,2,0,4,0,0,0
04-26-20,Washington,52,2,52,2,0,0,61,4,1520,122,1581,126,0,0,1,6,1,46,0,5,0
04-26-20,Wayne,4,0,4,0,0,0,5,0,241,3,246,3,0,0,0,2,0,2,0,2,0
04-26-20,Weakley,20,0,20,0,0,0,19,0,424,43,443,43,0,0,0,12,0,8,0,0,0
04-26-20,White,5,0,4,0,1,0,4,0,471,23,475,23,0,0,0,1,0,4,0,1,0
04-26-20,Williamson,392,14,392,14,0,0,419,16,4213,140,4632,156,0,7,10,54,4,331,1,42,7
04-26-20,Wilson,246,13,246,13,0,0,257,13,2135,64,2392,77,0,3,7,70,6,173,0,24,3
04-25-20,Anderson,22,0,21,0,1,0,25,0,1335,35,1360,35,0,1,0,6,0,15,0,2,1
04-25-20,Bedford,160,8,160,8,0,0,167,12,1013,92,1180,104,0,2,-1,113,9,45,0,7,2
04-25-20,Benton,5,0,5,0,0,0,6,0,169,15,175,15,0,1,0,0,0,4,0,2,1
04-25-20,Bledsoe,588,0,588,0,0,0,593,0,2531,13,3124,13,0,0,-1,579,1,9,0,3,0
04-25-20,Blount,54,0,53,0,1,0,62,0,990,39,1052,39,0,3,0,5,0,46,0,5,3
04-25-20,Bradley,40,1,40,1,0,0,46,1,661,27,707,28,0,1,1,3,0,36,0,8,1
04-25-20,Campbell,14,0,13,0,1,0,14,0,290,25,304,25,0,1,0,-1,0,14,0,1,1
04-25-20,Cannon,10,0,10,0,0,0,17,0,220,1,237,1,0,0,0,4,0,6,0,2,0
04-25-20,Carroll,20,1,15,1,5,0,16,1,386,14,402,15,0,1,1,9,0,10,0,1,1
04-25-20,Carter,15,2,15,2,0,0,13,3,372,19,385,22,0,1,1,9,1,5,0,2,1
04-25-20,Cheatham,37,0,37,0,0,0,39,1,672,13,711,14,0,0,0,14,0,23,0,5,0
04-25-20,Chester,9,0,9,0,0,0,11,0,241,7,252,7,0,0,-1,3,1,6,0,1,0
04-25-20,Claiborne,5,0,5,0,0,0,5,0,174,3,179,3,0,0,0,0,0,5,0,0,0
04-25-20,Clay,6,0,6,0,0,0,6,0,210,6,216,6,0,0,0,0,0,6,0,0,0
04-25-20,Cocke,15,0,14,0,1,0,14,0,286,37,300,37,0,0,0,7,0,8,0,1,0
04-25-20,Coffee,32,3,31,3,1,0,30,2,895,52,925,54,0,0,0,12,3,20,0,3,0
04-25-20,Crockett,6,0,6,0,0,0,6,0,272,28,278,28,0,0,0,6,0,0,0,1,1
04-25-20,Cumberland,66,1,66,1,0,0,81,1,1388,79,1469,80,0,0,0,10,1,56,0,9,1
04-25-20,Davidson,2226,65,2225,65,1,0,2394,79,20527,403,22921,482,1,22,28,726,36,1478,10,239,27
04-25-20,Decatur,4,0,4,0,0,0,4,0,130,2,134,2,0,0,0,1,0,3,0,0,0
04-25-20,Dekalb,12,0,12,0,0,0,14,0,460,31,474,31,0,0,0,2,0,10,0,0,0
04-25-20,Dickson,65,2,65,2,0,0,71,2,764,7,835,9,0,0,1,26,1,39,0,10,0
04-25-20,Dyer,33,0,32,0,1,0,35,1,515,11,550,12,0,0,0,8,0,25,0,4,0
04-25-20,Fayette,51,1,51,1,0,0,63,2,859,22,922,24,0,1,-2,11,3,39,0,10,1
04-25-20,Fentress,4,0,4,0,0,0,4,0,196,4,200,4,0,0,0,0,0,4,0,1,0
04-25-20,Franklin,29,0,29,0,0,0,31,0,773,49,804,49,0,1,0,4,0,24,0,4,1
04-25-20,Gibson,37,3,36,3,1,0,41,4,791,32,832,36,0,1,2,10,1,26,1,4,1
04-25-20,Giles,6,0,6,0,0,0,6,0,323,8,329,8,0,0,-1,1,1,5,0,0,0
04-25-20,Grainger,4,0,4,0,0,0,3,0,253,2,256,2,0,0,0,0,0,4,0,1,0
04-25-20,Greene,40,0,40,0,0,0,45,0,616,60,661,60,0,2,0,8,0,30,0,7,2
04-25-20,Grundy,25,0,25,0,0,0,30,0,281,11,311,11,0,1,-1,2,1,22,0,10,1
04-25-20,Hamblen,15,0,14,0,1,0,15,0,484,36,499,36,0,2,-1,8,1,5,0,3,2
04-25-20,Hamilton,141,1,140,1,1,0,153,1,2140,24,2293,25,0,13,1,19,0,109,0,40,14
04-25-20,Hancock,0,0,0,0,0,0,0,0,26,0,26,0,0,0,0,0,0,0,0,0,0
04-25-20,Hardeman,14,0,14,0,0,0,15,0,300,16,315,16,0,0,-1,3,1,11,0,3,0
04-25-20,Hardin,5,0,5,0,0,0,5,0,775,25,780,25,0,0,0,2,0,3,0,0,0
04-25-20,Hawkins,29,0,29,0,0,0,38,0,640,30,678,30,0,2,0,0,0,27,0,6,2
04-25-20,Haywood,19,0,18,0,1,0,19,0,265,13,284,13,0,1,0,7,0,11,0,6,1
04-25-20,Henderson,6,1,6,1,0,0,7,1,342,14,349,15,0,0,1,2,0,4,0,0,0
04-25-20,Henry,12,0,12,0,0,0,14,0,441,21,455,21,0,0,0,4,0,8,0,3,0
04-25-20,Hickman,39,1,39,1,0,0,41,1,404,55,445,56,0,0,1,37,0,2,0,2,0
04-25-20,Houston,5,0,5,0,0,0,5,0,131,1,136,1,0,0,0,0,0,5,0,3,0
04-25-20,Humphreys,9,0,9,0,0,0,9,0,227,3,236,3,1,1,-1,4,0,4,0,0,1
04-25-20,Jackson,7,0,7,0,0,0,10,0,245,25,255,25,0,0,0,1,0,6,0,0,0
04-25-20,Jefferson,16,1,15,1,1,0,16,1,502,31,518,32,0,0,1,1,0,15,0,0,0
04-25-20,Johnson,3,1,3,1,0,0,2,0,60,3,62,3,0,0,1,0,0,3,0,0,0
04-25-20,Knox,213,0,211,0,2,0,240,0,5197,50,5437,50,0,4,-5,18,5,191,0,29,4
04-25-20,Lake,47,1,47,1,0,0,47,1,1013,1,1060,2,0,0,1,44,0,3,0,0,0
04-25-20,Lauderdale,18,2,18,2,0,0,20,2,262,11,282,13,0,0,1,4,1,14,0,5,0
04-25-20,Lawrence,14,0,14,0,0,0,16,0,593,34,609,34,0,0,0,-1,0,15,0,3,0
04-25-20,Lewis,3,0,3,0,0,0,3,0,75,6,78,6,0,0,0,0,0,3,0,0,0
04-25-20,Lincoln,12,0,12,0,0,0,13,0,356,35,369,35,0,0,-1,1,1,11,0,2,0
04-25-20,Loudon,26,1,26,1,0,0,28,1,465,4,493,5,0,0,1,3,0,23,0,3,0
04-25-20,Macon,38,1,38,1,0,0,46,1,623,19,669,20,0,3,1,7,0,28,0,10,3
04-25-20,Madison,124,4,124,4,0,0,132,3,2106,75,2238,78,0,1,3,38,1,85,0,14,1
04-25-20,Marion,29,0,28,0,1,0,32,0,456,16,488,16,0,1,-1,-1,1,29,0,11,2
04-25-20,Marshall,20,0,20,0,0,0,21,0,446,28,467,28,0,1,-2,9,2,10,0,4,1
04-25-20,Maury,38,1,38,1,0,0,42,1,1138,40,1180,41,0,0,1,4,0,34,0,5,0
04-25-20,McMinn,18,7,18,7,0,0,16,7,860,38,876,45,0,0,6,12,1,6,2,6,0
04-25-20,McNairy,11,0,11,0,0,0,12,0,256,8,268,8,0,0,0,2,0,9,0,1,0
04-25-20,Meigs,5,0,5,0,0,0,5,0,123,4,128,4,0,0,0,1,0,4,0,2,0
04-25-20,Monroe,12,0,11,0,1,0,16,0,354,7,370,7,0,1,-1,2,1,9,0,2,1
04-25-20,Montgomery,135,2,135,2,0,0,148,3,2502,39,2650,42,0,2,-1,20,3,113,0,16,3
04-25-20,Moore,3,0,3,0,0,0,3,0,126,8,129,8,0,0,0,2,0,1,0,0,0
04-25-20,Morgan,6,0,6,0,0,0,8,0,229,17,237,17,0,0,0,0,0,6,0,0,0
04-25-20,Obion,14,0,13,0,1,0,13,0,291,30,304,30,0,1,0,5,0,8,0,1,1
04-25-20,Out of State,140,3,140,3,0,0,150,3,17420,562,17570,565,1,2,-3,17,5,121,0,10,1
04-25-20,Overton,8,0,8,0,0,0,8,0,519,7,527,7,0,0,0,1,0,7,0,1,0
04-25-20,Pending,0,0,0,0,0,0,0,0,16603,298,16603,298,0,0,0,-1,0,1,0,0,0
04-25-20,Perry,8,0,8,0,0,0,8,0,65,2,73,2,0,0,0,3,0,5,0,0,0
04-25-20,Pickett,0,0,0,0,0,0,0,0,161,5,161,5,0,0,0,0,0,0,0,0,0
04-25-20,Polk,8,0,8,0,0,0,9,0,112,15,121,15,0,0,0,3,0,5,0,3,0
04-25-20,Putnam,109,3,109,3,0,0,154,5,1451,71,1605,76,1,5,0,19,2,85,0,3,5
04-25-20,Rhea,3,0,3,0,0,0,3,0,365,16,368,16,0,0,0,2,0,1,0,0,0
04-25-20,Roane,10,0,9,0,1,0,14,0,1312,13,1326,13,0,0,0,1,0,9,0,2,0
04-25-20,Robertson,133,6,133,6,0,0,140,8,1210,10,1350,18,0,0,6,35,0,98,0,19,1
04-25-20,Rutherford,420,17,420,17,0,0,475,16,3720,47,4195,63,1,8,10,80,6,332,1,55,10
04-25-20,Scott,12,0,11,0,1,0,11,0,224,7,235,7,0,0,0,0,0,12,0,0,0
04-25-20,Sequatchie,7,1,7,1,0,0,7,1,297,47,304,48,0,0,0,2,1,5,0,1,0
04-25-20,Sevier,50,3,48,1,2,2,53,1,1326,50,1379,51,0,1,3,21,0,28,0,6,1
04-25-20,Shelby,2197,109,2190,108,7,1,2463,125,14803,777,17266,902,1,43,61,604,47,1550,5,298,54
04-25-20,Smith,19,0,18,0,1,0,19,1,311,4,330,5,0,1,0,7,0,11,0,1,1
04-25-20,Stewart,5,0,5,0,0,0,5,0,148,4,153,4,0,0,-1,-1,1,6,0,0,0
04-25-20,Sullivan,49,2,47,0,2,2,49,0,876,5,925,5,0,1,2,4,0,44,0,6,1
04-25-20,Sumner,600,7,597,7,3,0,731,10,2823,24,3554,34,2,34,-3,87,8,479,0,186,36
04-25-20,Tipton,94,4,93,4,1,0,100,2,1072,22,1172,24,0,0,2,25,2,69,2,14,0
04-25-20,Trousdale,52,18,51,18,1,0,54,18,267,91,321,109,0,1,18,26,0,25,0,8,1
04-25-20,Unicoi,1,0,1,0,0,0,1,0,130,3,131,3,0,0,0,0,0,1,0,0,0
04-25-20,Union,3,0,3,0,0,0,3,0,195,4,198,4,0,0,0,0,0,3,0,0,0
04-25-20,Van Buren,2,0,2,0,0,0,2,0,159,1,161,1,0,0,-1,1,1,1,0,0,0
04-25-20,Warren,6,1,6,1,0,0,6,1,518,7,524,8,0,0,1,2,0,4,0,0,0
04-25-20,Washington,50,3,50,3,0,0,57,2,1398,52,1455,54,0,0,3,5,0,45,0,5,0
04-25-20,Wayne,4,0,4,0,0,0,5,0,238,16,243,16,0,0,0,2,0,2,0,2,0
04-25-20,Weakley,20,4,20,4,0,0,19,4,381,5,400,9,0,0,4,12,0,8,0,0,0
04-25-20,White,5,0,4,0,1,0,4,0,448,6,452,6,0,0,0,1,0,4,0,1,0
04-25-20,Williamson,378,1,378,1,0,0,403,1,4073,47,4476,48,0,7,-2,44,3,327,0,41,7
04-25-20,Wilson,233,9,233,9,0,0,244,11,2071,34,2315,45,2,3,0,63,7,167,1,24,3
04-24-20,Anderson,22,1,21,1,1,0,25,1,1300,129,1325,130,0,1,1,6,0,15,0,2,1
04-24-20,Bedford,152,16,152,16,0,0,155,19,921,141,1076,160,0,2,12,114,4,36,0,7,2
04-24-20,Benton,5,0,5,0,0,0,6,0,154,11,160,11,0,1,0,0,0,4,0,2,1
04-24-20,Bledsoe,588,5,588,5,0,0,593,3,2518,36,3111,39,0,0,4,580,1,8,0,3,0
04-24-20,Blount,54,4,53,4,1,0,62,3,951,109,1013,112,0,3,3,5,1,46,0,5,3
04-24-20,Bradley,39,2,39,2,0,0,45,4,634,106,679,110,0,1,0,2,2,36,0,8,1
04-24-20,Campbell,14,0,13,0,1,0,14,0,265,32,279,32,0,1,0,-1,0,14,0,1,1
04-24-20,Cannon,10,1,10,1,0,0,17,2,219,28,236,30,0,0,1,4,0,6,0,2,0
04-24-20,Carroll,19,6,14,1,5,5,15,1,372,29,387,30,0,1,6,8,0,10,0,1,1
04-24-20,Carter,13,5,13,5,0,0,10,3,353,53,363,56,0,1,4,8,1,4,0,2,1
04-24-20,Cheatham,37,4,37,4,0,0,38,5,659,44,697,49,0,0,4,14,0,23,0,5,0
04-24-20,Chester,9,0,9,0,0,0,11,0,234,30,245,30,0,0,0,4,0,5,0,1,0
04-24-20,Claiborne,5,0,5,0,0,0,5,0,171,9,176,9,0,0,0,0,0,5,0,0,0
04-24-20,Clay,6,0,6,0,0,0,6,0,204,8,210,8,0,0,0,0,0,6,0,0,0
04-24-20,Cocke,15,0,14,0,1,0,14,0,249,42,263,42,0,0,0,7,0,8,0,1,0
04-24-20,Coffee,29,2,28,2,1,0,28,4,843,77,871,81,0,0,0,12,2,17,0,3,0
04-24-20,Crockett,6,0,6,0,0,0,6,0,244,45,250,45,0,0,0,6,0,0,0,1,1
04-24-20,Cumberland,65,0,65,0,0,0,80,3,1309,216,1389,219,0,0,-6,10,6,55,0,9,0
04-24-20,Davidson,2161,166,2160,166,1,0,2315,187,20124,1507,22439,1694,0,21,80,698,86,1442,19,229,26
04-24-20,Decatur,4,0,4,0,0,0,4,0,128,13,132,13,0,0,0,1,0,3,0,0,0
04-24-20,Dekalb,12,0,12,0,0,0,14,1,429,26,443,27,0,0,-1,2,1,10,0,0,0
04-24-20,Dickson,63,2,63,2,0,0,69,5,757,158,826,163,0,0,0,25,2,38,1,10,0
04-24-20,Dyer,33,1,32,1,1,0,34,2,504,50,538,52,0,0,0,8,1,25,0,4,0
04-24-20,Fayette,50,3,50,3,0,0,61,4,837,43,898,47,0,1,2,13,1,36,0,10,1
04-24-20,Fentress,4,0,4,0,0,0,4,0,192,27,196,27,0,0,0,0,0,4,0,1,0
04-24-20,Franklin,29,0,29,0,0,0,31,1,724,159,755,160,0,1,-1,4,1,24,0,4,1
04-24-20,Gibson,34,1,33,1,1,0,37,3,759,89,796,92,0,1,1,8,0,25,0,3,1
04-24-20,Giles,6,0,6,0,0,0,6,0,315,49,321,49,0,0,0,2,0,4,0,0,0
04-24-20,Grainger,4,0,4,0,0,0,3,0,251,17,254,17,0,0,0,0,0,4,0,1,0
04-24-20,Greene,40,1,40,1,0,0,45,4,556,136,601,140,0,2,0,8,1,30,0,7,2
04-24-20,Grundy,25,0,25,0,0,0,30,0,270,26,300,26,0,1,-1,3,1,21,0,10,1
04-24-20,Hamblen,15,0,14,0,1,0,15,1,448,33,463,34,0,2,0,9,0,4,0,3,2
04-24-20,Hamilton,140,6,139,6,1,0,152,6,2116,115,2268,121,0,13,2,18,4,109,0,40,14
04-24-20,Hancock,0,0,0,0,0,0,0,0,26,2,26,2,0,0,0,0,0,0,0,0,0
04-24-20,Hardeman,14,2,14,2,0,0,15,2,284,32,299,34,0,0,1,4,1,10,0,3,0
04-24-20,Hardin,5,1,5,1,0,0,5,1,750,47,755,48,0,0,1,2,0,3,0,0,0
04-24-20,Hawkins,29,1,29,1,0,0,38,1,610,45,648,46,0,2,0,0,1,27,1,6,2
04-24-20,Haywood,19,3,18,2,1,1,19,2,252,31,271,33,0,1,3,7,0,11,0,6,1
04-24-20,Henderson,5,0,5,0,0,0,6,0,328,30,334,30,0,0,0,1,0,4,0,0,0
04-24-20,Henry,12,1,12,1,0,0,14,1,420,61,434,62,0,0,1,4,0,8,0,3,0
04-24-20,Hickman,38,18,38,18,0,0,40,19,349,160,389,179,0,0,18,36,0,2,1,2,0
04-24-20,Houston,5,0,5,0,0,0,5,0,130,6,135,6,0,0,0,0,0,5,0,3,0
04-24-20,Humphreys,9,2,9,2,0,0,9,2,224,30,233,32,0,0,2,5,0,4,0,0,1
04-24-20,Jackson,7,0,7,0,0,0,10,0,220,34,230,34,0,0,0,1,0,6,0,0,0
04-24-20,Jefferson,15,1,14,0,1,1,15,0,471,29,486,29,0,0,1,0,0,15,0,0,0
04-24-20,Johnson,2,0,2,0,0,0,2,0,57,9,59,9,0,0,0,-1,0,3,0,0,0
04-24-20,Knox,213,8,211,8,2,0,240,12,5147,877,5387,889,0,4,5,23,3,186,1,29,4
04-24-20,Lake,46,1,46,1,0,0,46,1,1012,6,1058,7,0,0,1,43,0,3,0,0,0
04-24-20,Lauderdale,16,0,16,0,0,0,18,0,251,24,269,24,0,0,-1,3,1,13,0,5,0
04-24-20,Lawrence,14,0,14,0,0,0,16,0,559,109,575,109,0,0,0,-1,0,15,0,3,0
04-24-20,Lewis,3,0,3,0,0,0,3,0,69,10,72,10,0,0,0,0,0,3,0,0,0
04-24-20,Lincoln,12,1,12,1,0,0,13,1,321,73,334,74,0,0,1,2,0,10,0,2,0
04-24-20,Loudon,25,1,25,1,0,0,27,2,461,30,488,32,0,0,-2,2,3,23,0,3,0
04-24-20,Macon,37,2,37,2,0,0,45,2,604,7,649,9,0,3,1,6,1,28,0,10,3
04-24-20,Madison,120,10,120,10,0,0,129,12,2031,435,2160,447,0,1,8,35,2,84,0,14,1
04-24-20,Marion,29,0,28,0,1,0,32,0,440,23,472,23,0,1,0,0,0,28,0,11,2
04-24-20,Marshall,20,0,20,0,0,0,21,0,418,83,439,83,0,1,0,11,0,8,0,4,1
04-24-20,Maury,37,2,37,2,0,0,41,2,1098,112,1139,114,0,0,1,3,1,34,0,5,0
04-24-20,McMinn,11,3,11,3,0,0,9,2,822,61,831,63,0,0,3,6,0,5,2,4,0
04-24-20,McNairy,11,0,11,0,0,0,12,1,248,24,260,25,0,0,0,2,0,9,0,1,0
04-24-20,Meigs,5,0,5,0,0,0,5,0,119,11,124,11,0,0,0,1,0,4,0,2,0
04-24-20,Monroe,12,0,11,0,1,0,16,1,347,21,363,22,0,1,-1,3,1,8,0,2,1
04-24-20,Montgomery,133,5,133,5,0,0,145,5,2463,237,2608,242,0,2,3,21,2,110,0,16,3
04-24-20,Moore,3,0,3,0,0,0,3,0,118,15,121,15,0,0,-1,2,1,1,0,0,0
04-24-20,Morgan,6,0,6,0,0,0,8,0,212,15,220,15,0,0,-1,0,1,6,0,0,0
04-24-20,Obion,14,1,13,0,1,1,13,0,261,19,274,19,0,1,0,5,1,8,0,1,1
04-24-20,Out of State,137,1,137,1,0,0,147,2,16858,2672,17005,2674,0,1,-1,20,2,116,0,10,1
04-24-20,Overton,8,0,8,0,0,0,8,0,512,18,520,18,0,0,0,1,0,7,0,1,0
04-24-20,Pending,0,0,0,0,0,0,0,0,16305,1144,16305,1144,0,0,0,-1,0,1,0,0,0
04-24-20,Perry,8,0,8,0,0,0,8,0,63,5,71,5,0,0,-1,3,1,5,0,0,0
04-24-20,Pickett,0,0,0,0,0,0,0,0,156,12,156,12,0,0,0,0,0,0,0,0,0
04-24-20,Polk,8,0,8,0,0,0,9,1,97,10,106,11,0,0,0,3,0,5,0,3,0
04-24-20,Putnam,106,6,106,6,0,0,149,10,1380,182,1529,192,0,4,6,19,0,83,0,3,5
04-24-20,Rhea,3,0,3,0,0,0,3,0,349,32,352,32,0,0,0,2,0,1,0,0,0
04-24-20,Roane,10,0,9,0,1,0,14,0,1299,116,1313,116,0,0,0,1,0,9,0,2,0
04-24-20,Robertson,127,4,127,4,0,0,132,3,1200,142,1332,145,0,0,1,29,3,98,0,19,1
04-24-20,Rutherford,403,28,403,28,0,0,459,41,3673,435,4132,476,0,7,17,70,11,326,4,54,10
04-24-20,Scott,12,0,11,0,1,0,11,0,217,22,228,22,0,0,0,0,0,12,0,0,0
04-24-20,Sequatchie,6,0,6,0,0,0,6,1,250,31,256,32,0,0,-1,2,1,4,0,1,0
04-24-20,Sevier,47,9,47,9,0,0,52,11,1276,114,1328,125,0,1,9,18,0,28,0,6,1
04-24-20,Shelby,2088,90,2082,89,6,1,2338,117,14026,1100,16364,1217,-2,42,42,543,50,1503,6,293,50
04-24-20,Smith,19,0,18,0,1,0,18,0,307,44,325,44,0,1,0,7,0,11,0,1,1
04-24-20,Stewart,5,0,5,0,0,0,5,0,144,13,149,13,0,0,0,0,0,5,0,0,0
04-24-20,Sullivan,47,0,47,0,0,0,49,2,871,162,920,164,0,1,-1,2,1,44,0,6,1
04-24-20,Sumner,593,10,590,10,3,0,721,12,2799,193,3520,205,0,32,1,90,9,471,1,186,36
04-24-20,Tipton,90,3,89,3,1,0,98,3,1050,79,1148,82,0,0,1,23,2,67,0,12,0
04-24-20,Trousdale,34,1,33,1,1,0,36,1,176,22,212,23,0,1,1,8,0,25,0,8,1
04-24-20,Unicoi,1,0,1,0,0,0,1,0,127,15,128,15,0,0,0,0,0,1,0,0,0
04-24-20,Union,3,0,3,0,0,0,3,0,191,12,194,12,0,0,0,0,0,3,0,0,0
04-24-20,Van Buren,2,1,2,1,0,0,2,1,158,8,160,9,0,0,1,2,0,0,0,0,0
04-24-20,Warren,5,0,5,0,0,0,5,0,511,77,516,77,0,0,0,1,0,4,0,0,0
04-24-20,Washington,47,1,47,1,0,0,55,2,1346,173,1401,175,0,0,1,2,0,45,0,5,0
04-24-20,Wayne,4,1,4,1,0,0,5,1,222,81,227,82,0,0,1,2,0,2,0,2,0
04-24-20,Weakley,16,5,16,5,0,0,15,6,376,56,391,62,0,0,4,8,1,8,0,0,0
04-24-20,White,5,0,4,0,1,0,4,0,442,46,446,46,0,0,0,1,0,4,0,1,0
04-24-20,Williamson,377,4,377,4,0,0,402,7,4026,496,4428,503,0,7,1,46,3,324,0,41,7
04-24-20,Wilson,224,16,224,16,0,0,233,19,2037,112,2270,131,0,1,10,63,6,160,4,23,3
04-23-20,Anderson,21,0,20,0,1,0,24,1,1171,52,1195,53,0,1,-1,5,1,15,0,2,1
04-23-20,Bedford,136,7,136,7,0,0,136,3,780,6,916,9,0,2,0,102,7,32,0,7,2
04-23-20,Benton,5,0,5,0,0,0,6,0,143,13,149,13,1,1,-1,0,0,4,0,2,1
04-23-20,Bledsoe,583,227,583,227,0,0,590,232,2482,693,3072,925,0,0,227,576,0,7,1,3,0
04-23-20,Blount,50,2,49,1,1,1,59,2,842,28,901,30,0,3,2,2,0,45,0,5,3
04-23-20,Bradley,37,0,37,0,0,0,41,0,528,3,569,3,0,1,0,2,0,34,0,8,1
04-23-20,Campbell,14,0,13,0,1,0,14,0,233,1,247,1,0,1,0,-1,0,14,0,1,1
04-23-20,Cannon,9,0,9,0,0,0,15,0,191,8,206,8,0,0,0,3,0,6,0,2,0
04-23-20,Carroll,13,0,13,0,0,0,14,0,343,22,357,22,0,1,0,2,0,10,0,1,1
04-23-20,Carter,8,1,8,1,0,0,7,1,300,2,307,3,0,1,1,4,0,3,0,2,1
04-23-20,Cheatham,33,3,33,3,0,0,33,1,615,11,648,12,0,0,3,10,0,23,0,5,0
04-23-20,Chester,9,0,9,0,0,0,11,0,204,21,215,21,0,0,0,4,0,5,0,1,0
04-23-20,Claiborne,5,0,5,0,0,0,5,0,162,8,167,8,0,0,0,0,0,5,0,0,0
04-23-20,Clay,6,0,6,0,0,0,6,0,196,9,202,9,0,0,-2,0,2,6,0,0,0
04-23-20,Cocke,15,0,14,0,1,0,14,0,207,7,221,7,0,0,0,7,0,8,0,1,0
04-23-20,Coffee,27,2,26,2,1,0,24,0,766,3,790,3,0,0,1,12,1,15,0,3,0
04-23-20,Crockett,6,0,6,0,0,0,6,0,199,9,205,9,0,0,0,6,0,0,0,1,0
04-23-20,Cumberland,65,3,65,3,0,0,77,3,1093,6,1170,9,0,0,3,16,0,49,0,9,0
04-23-20,Davidson,1995,38,1994,38,1,0,2128,37,18617,256,20745,293,1,21,-2,618,39,1356,4,210,26
04-23-20,Decatur,4,0,4,0,0,0,4,0,115,6,119,6,0,0,0,1,0,3,0,0,0
04-23-20,Dekalb,12,2,12,2,0,0,13,2,403,55,416,57,0,0,2,3,0,9,0,0,0
04-23-20,Dickson,61,9,61,9,0,0,64,8,599,37,663,45,0,0,8,25,1,36,1,9,0
04-23-20,Dyer,32,2,31,2,1,0,32,2,454,25,486,27,0,0,0,8,2,24,0,4,0
04-23-20,Fayette,47,1,47,1,0,0,57,3,794,22,851,25,0,1,0,11,1,35,0,10,1
04-23-20,Fentress,4,0,4,0,0,0,4,0,165,0,169,0,0,0,0,0,0,4,0,1,0
04-23-20,Franklin,29,1,29,1,0,0,30,0,565,17,595,17,0,1,0,5,1,23,0,4,1
04-23-20,Gibson,33,2,32,2,1,0,34,1,670,63,704,64,0,1,2,7,0,25,0,3,1
04-23-20,Giles,6,0,6,0,0,0,6,0,266,3,272,3,0,0,0,2,0,4,0,0,0
04-23-20,Grainger,4,0,4,0,0,0,3,0,234,4,237,4,0,0,0,0,0,4,0,1,0
04-23-20,Greene,39,1,39,1,0,0,41,1,420,5,461,6,0,2,1,8,0,29,0,7,2
04-23-20,Grundy,25,0,25,0,0,0,30,0,244,3,274,3,0,1,0,4,0,20,0,10,1
04-23-20,Hamblen,15,1,14,1,1,0,14,0,415,13,429,13,0,2,1,9,0,4,0,3,2
04-23-20,Hamilton,134,5,133,4,1,1,146,4,2001,12,2147,16,0,13,4,16,1,105,1,40,14
04-23-20,Hancock,0,0,0,0,0,0,0,0,24,0,24,0,0,0,0,0,0,0,0,0,0
04-23-20,Hardeman,12,1,12,1,0,0,13,1,252,19,265,20,0,0,0,3,1,9,0,3,0
04-23-20,Hardin,4,0,4,0,0,0,4,0,703,62,707,62,0,0,0,1,0,3,0,0,0
04-23-20,Hawkins,28,0,28,0,0,0,37,1,565,2,602,3,0,2,-1,0,1,26,0,5,2
04-23-20,Haywood,16,1,16,1,0,0,17,1,221,22,238,23,0,1,1,4,0,11,0,6,1
04-23-20,Henderson,5,0,5,0,0,0,6,0,298,22,304,22,0,0,0,1,0,4,0,0,0
04-23-20,Henry,11,0,11,0,0,0,13,0,359,49,372,49,0,0,-1,3,1,8,0,3,0
04-23-20,Hickman,20,1,20,1,0,0,21,1,189,2,210,3,0,0,1,18,0,2,0,1,0
04-23-20,Houston,5,0,5,0,0,0,5,0,124,1,129,1,0,0,0,0,0,5,0,3,0
04-23-20,Humphreys,7,0,7,0,0,0,7,0,194,7,201,7,0,0,0,3,0,4,0,0,0
04-23-20,Jackson,7,1,7,1,0,0,10,1,186,7,196,8,0,0,1,1,0,6,0,0,0
04-23-20,Jefferson,14,1,14,1,0,0,15,1,442,8,457,9,0,0,1,-1,0,15,0,0,0
04-23-20,Johnson,2,0,2,0,0,0,2,0,48,1,50,1,0,0,-1,-1,1,3,0,0,0
04-23-20,Knox,205,1,203,1,2,0,228,2,4270,137,4498,139,0,4,0,18,1,183,0,28,4
04-23-20,Lake,45,27,45,27,0,0,45,27,1006,6,1051,33,0,0,27,42,0,3,0,0,0
04-23-20,Lauderdale,16,0,16,0,0,0,18,0,227,8,245,8,0,0,-2,4,2,12,0,5,0
04-23-20,Lawrence,14,0,14,0,0,0,16,0,450,2,466,2,0,0,-1,-1,1,15,0,3,0
04-23-20,Lewis,3,0,3,0,0,0,3,0,59,0,62,0,0,0,0,0,0,3,0,0,0
04-23-20,Lincoln,11,0,11,0,0,0,12,0,248,5,260,5,0,0,0,1,0,10,0,2,0
04-23-20,Loudon,24,0,24,0,0,0,25,0,431,24,456,24,0,0,0,4,0,20,0,3,0
04-23-20,Macon,35,0,35,0,0,0,43,1,597,31,640,32,0,3,-1,5,1,27,0,10,3
04-23-20,Madison,110,13,110,13,0,0,117,12,1596,325,1713,337,0,1,11,27,2,82,1,14,1
04-23-20,Marion,29,0,28,0,1,0,32,0,417,1,449,1,0,1,0,0,0,28,0,11,2
04-23-20,Marshall,20,0,20,0,0,0,21,1,335,5,356,6,0,1,0,11,0,8,0,4,1
04-23-20,Maury,35,0,35,0,0,0,39,1,986,14,1025,15,0,0,0,2,0,33,0,5,0
04-23-20,McMinn,8,1,8,1,0,0,7,0,761,7,768,7,0,0,1,3,0,5,1,2,0
04-23-20,McNairy,11,1,11,1,0,0,11,1,224,14,235,15,0,0,1,2,0,9,0,1,0
04-23-20,Meigs,5,0,5,0,0,0,5,0,108,1,113,1,0,0,0,1,0,4,0,2,0
04-23-20,Monroe,12,0,11,0,1,0,15,0,326,15,341,15,0,1,0,4,0,7,0,2,1
04-23-20,Montgomery,128,1,128,1,0,0,140,2,2226,109,2366,111,0,2,-2,18,3,108,0,16,3
04-23-20,Moore,3,0,3,0,0,0,3,0,103,0,106,0,0,0,0,3,0,0,0,0,0
04-23-20,Morgan,6,0,6,0,0,0,8,0,197,8,205,8,0,0,0,1,0,5,0,0,0
04-23-20,Obion,13,1,13,1,0,0,13,1,242,12,255,13,0,1,1,5,0,7,0,1,1
04-23-20,Out of State,136,3,136,3,0,0,145,2,14186,323,14331,325,0,1,-1,21,4,114,0,10,0
04-23-20,Overton,8,0,8,0,0,0,8,0,494,5,502,5,0,0,-1,1,1,7,0,1,0
04-23-20,Pending,0,0,0,0,0,0,0,0,15161,596,15161,596,0,0,0,-1,0,1,0,0,0
04-23-20,Perry,8,0,8,0,0,0,8,0,58,3,66,3,0,0,0,4,0,4,0,0,0
04-23-20,Pickett,0,0,0,0,0,0,0,0,144,0,144,0,0,0,0,0,0,0,0,0,0
04-23-20,Polk,8,0,8,0,0,0,8,0,87,1,95,1,0,0,0,3,0,5,0,3,0
04-23-20,Putnam,100,2,100,2,0,0,139,1,1198,10,1337,11,0,4,0,13,2,83,1,3,5
04-23-20,Rhea,3,0,3,0,0,0,3,0,317,2,320,2,0,0,0,2,0,1,0,0,0
04-23-20,Roane,10,0,9,0,1,0,14,0,1183,29,1197,29,0,0,0,1,0,9,0,2,0
04-23-20,Robertson,123,2,123,2,0,0,129,3,1058,8,1187,11,0,0,-2,28,4,95,0,19,1
04-23-20,Rutherford,375,10,375,10,0,0,418,11,3238,34,3656,45,0,7,3,53,7,315,2,50,10
04-23-20,Scott,12,0,11,0,1,0,11,0,195,2,206,2,0,0,0,0,0,12,0,0,0
04-23-20,Sequatchie,6,1,6,1,0,0,5,0,219,3,224,3,0,0,1,3,0,3,0,1,0
04-23-20,Sevier,38,1,38,1,0,0,41,1,1162,22,1203,23,0,1,-2,9,3,28,0,6,1
04-23-20,Shelby,1998,50,1993,50,5,0,2221,79,12926,738,15147,817,1,44,4,501,45,1453,3,287,50
04-23-20,Smith,19,1,18,1,1,0,18,1,263,5,281,6,0,1,1,7,0,11,0,1,1
04-23-20,Stewart,5,0,5,0,0,0,5,0,131,4,136,4,0,0,0,0,0,5,0,0,0
04-23-20,Sullivan,47,0,47,0,0,0,47,0,709,7,756,7,0,1,0,3,0,43,0,6,1
04-23-20,Sumner,583,12,580,12,3,0,709,15,2606,154,3315,169,0,32,6,89,6,462,1,185,34
04-23-20,Tipton,87,1,86,1,1,0,95,2,971,39,1066,41,0,0,-1,22,2,65,1,12,0
04-23-20,Trousdale,33,2,32,2,1,0,35,4,154,8,189,12,0,1,2,7,0,25,0,8,1
04-23-20,Unicoi,1,0,1,0,0,0,1,0,112,3,113,3,0,0,0,0,0,1,0,0,0
04-23-20,Union,3,0,3,0,0,0,3,0,179,2,182,2,0,0,0,0,0,3,0,0,0
04-23-20,Van Buren,1,0,1,0,0,0,1,0,150,2,151,2,0,0,0,1,0,0,0,0,0
04-23-20,Warren,5,0,5,0,0,0,5,1,434,30,439,31,0,0,0,1,0,4,0,0,0
04-23-20,Washington,46,1,46,1,0,0,53,0,1173,11,1226,11,0,0,0,1,1,45,0,5,0
04-23-20,Wayne,3,0,3,0,0,0,4,0,141,3,145,3,0,0,0,1,0,2,0,2,0
04-23-20,Weakley,11,1,11,1,0,0,9,0,320,23,329,23,0,0,1,4,0,7,0,0,0
04-23-20,White,5,0,4,0,1,0,4,0,396,14,400,14,0,0,-1,1,1,4,0,1,0
04-23-20,Williamson,373,4,373,4,0,0,395,5,3530,130,3925,135,1,7,2,45,1,321,0,41,7
04-23-20,Wilson,208,4,208,4,0,0,214,4,1925,75,2139,79,0,1,3,53,1,154,0,19,3
04-22-20,Anderson,21,1,20,1,1,0,23,1,1119,63,1142,64,0,1,0,6,1,14,0,2,1
04-22-20,Bedford,129,6,129,6,0,0,133,11,774,64,907,75,0,2,4,102,2,25,0,7,2
04-22-20,Benton,5,1,5,1,0,0,6,1,130,14,136,15,0,0,1,1,0,4,1,2,1
04-22-20,Bledsoe,356,184,356,184,0,0,358,184,1789,723,2147,907,0,0,183,349,1,7,0,2,0
04-22-20,Blount,48,1,48,1,0,0,57,0,814,19,871,19,0,3,0,0,1,45,0,5,3
04-22-20,Bradley,37,1,37,1,0,0,41,1,525,23,566,24,0,1,1,2,0,34,1,8,1
04-22-20,Campbell,14,0,13,0,1,0,14,0,232,7,246,7,0,1,0,-1,0,14,0,1,1
04-22-20,Cannon,9,0,9,0,0,0,15,1,183,2,198,3,0,0,0,3,0,6,0,2,0
04-22-20,Carroll,13,0,13,0,0,0,14,0,321,24,335,24,0,1,0,2,0,10,0,1,1
04-22-20,Carter,7,1,7,1,0,0,6,0,298,85,304,85,0,1,1,3,0,3,0,2,1
04-22-20,Cheatham,30,4,30,4,0,0,32,5,604,48,636,53,0,0,4,7,0,23,0,5,0
04-22-20,Chester,9,1,9,1,0,0,11,1,183,16,194,17,0,0,1,4,0,5,0,1,0
04-22-20,Claiborne,5,0,5,0,0,0,5,0,154,3,159,3,0,0,0,0,0,5,0,0,0
04-22-20,Clay,6,0,6,0,0,0,6,0,187,6,193,6,0,0,0,2,0,4,0,0,0
04-22-20,Cocke,15,0,14,0,1,0,14,0,200,1,214,1,0,0,-1,7,1,8,0,1,0
04-22-20,Coffee,25,2,24,2,1,0,24,1,763,45,787,46,0,0,2,11,0,14,0,3,0
04-22-20,Crockett,6,0,6,0,0,0,6,0,190,9,196,9,0,0,0,6,0,0,0,1,0
04-22-20,Cumberland,62,1,62,1,0,0,74,2,1087,30,1161,32,0,0,-3,13,4,49,0,9,0
04-22-20,Davidson,1957,150,1956,150,1,0,2091,162,18361,1162,20452,1324,0,20,105,620,45,1317,6,206,23
04-22-20,Decatur,4,0,4,0,0,0,4,0,109,2,113,2,0,0,0,1,0,3,0,0,0
04-22-20,Dekalb,10,0,10,0,0,0,11,0,348,6,359,6,0,0,0,1,0,9,0,0,0
04-22-20,Dickson,52,2,52,2,0,0,56,2,562,34,618,36,0,0,0,17,2,35,1,8,0
04-22-20,Dyer,30,1,29,1,1,0,30,1,429,26,459,27,0,0,-1,8,2,22,0,4,0
04-22-20,Fayette,46,0,46,0,0,0,54,1,772,32,826,33,0,1,-1,11,1,34,0,10,1
04-22-20,Fentress,4,0,4,0,0,0,4,0,165,10,169,10,0,0,0,0,0,4,0,1,0
04-22-20,Franklin,28,0,28,0,0,0,30,0,548,108,578,108,0,1,0,5,0,22,0,4,1
04-22-20,Gibson,31,0,30,0,1,0,33,0,607,69,640,69,1,1,-2,5,1,25,0,3,1
04-22-20,Giles,6,0,6,0,0,0,6,0,263,33,269,33,0,0,0,2,0,4,0,0,0
04-22-20,Grainger,4,0,4,0,0,0,3,0,230,24,233,24,0,0,0,0,0,4,0,1,0
04-22-20,Greene,38,1,38,1,0,0,40,0,415,31,455,31,0,2,-1,7,2,29,0,7,2
04-22-20,Grundy,25,1,25,1,0,0,30,1,241,17,271,18,0,1,1,4,0,20,0,10,1
04-22-20,Hamblen,14,0,13,0,1,0,14,0,402,12,416,12,1,2,-1,8,0,4,0,3,2
04-22-20,Hamilton,129,2,129,2,0,0,142,1,1989,42,2131,43,1,13,-1,12,2,104,1,39,14
04-22-20,Hancock,0,0,0,0,0,0,0,0,24,0,24,0,0,0,0,0,0,0,0,0,0
04-22-20,Hardeman,11,0,11,0,0,0,12,0,233,14,245,14,0,0,0,3,0,8,0,3,0
04-22-20,Hardin,4,0,4,0,0,0,4,0,641,62,645,62,0,0,0,1,0,3,0,0,0
04-22-20,Hawkins,28,0,28,0,0,0,36,1,563,10,599,11,0,2,0,1,0,25,0,5,2
04-22-20,Haywood,15,0,15,0,0,0,16,1,199,15,215,16,0,1,0,3,0,11,0,6,1
04-22-20,Henderson,5,0,5,0,0,0,6,1,276,23,282,24,0,0,0,1,0,4,0,0,0
04-22-20,Henry,11,2,11,2,0,0,13,2,310,52,323,54,0,0,2,4,0,7,0,3,0
04-22-20,Hickman,19,6,19,6,0,0,20,7,187,9,207,16,0,0,6,17,0,2,0,1,0
04-22-20,Houston,5,0,5,0,0,0,5,0,123,2,128,2,0,0,0,0,0,5,0,3,0
04-22-20,Humphreys,7,1,7,1,0,0,7,1,187,10,194,11,0,0,1,3,0,4,0,0,0
04-22-20,Jackson,6,0,6,0,0,0,9,0,179,9,188,9,0,0,0,0,0,6,0,0,0
04-22-20,Jefferson,13,0,13,0,0,0,14,1,434,11,448,12,0,0,0,-2,0,15,0,0,0
04-22-20,Johnson,2,0,2,0,0,0,2,0,47,3,49,3,0,0,0,0,0,2,0,0,0
04-22-20,Knox,204,5,202,3,2,2,226,1,4133,168,4359,169,0,4,1,18,4,182,0,28,4
04-22-20,Lake,18,8,18,8,0,0,18,8,1000,207,1018,215,0,0,7,15,1,3,0,0,0
04-22-20,Lauderdale,16,0,16,0,0,0,18,1,219,21,237,22,0,0,0,6,0,10,0,5,0
04-22-20,Lawrence,14,0,14,0,0,0,16,0,448,40,464,40,0,0,0,0,0,14,0,3,0
04-22-20,Lewis,3,0,3,0,0,0,3,0,59,6,62,6,0,0,0,0,0,3,0,0,0
04-22-20,Lincoln,11,0,11,0,0,0,12,0,243,46,255,46,0,0,0,1,0,10,0,2,0
04-22-20,Loudon,24,1,24,1,0,0,25,0,407,25,432,25,0,0,0,4,1,20,0,3,0
04-22-20,Macon,35,0,35,0,0,0,42,1,566,39,608,40,0,3,0,6,0,26,0,10,3
04-22-20,Madison,97,4,97,4,0,0,105,8,1271,259,1376,267,0,1,1,16,3,80,0,13,1
04-22-20,Marion,29,0,28,0,1,0,32,0,416,16,448,16,0,1,-1,0,1,28,0,11,2
04-22-20,Marshall,20,3,20,3,0,0,20,2,330,26,350,28,0,1,3,11,0,8,0,4,1
04-22-20,Maury,35,1,35,1,0,0,38,1,972,56,1010,57,0,0,1,2,0,33,0,5,0
04-22-20,McMinn,7,1,7,1,0,0,7,1,754,19,761,20,0,0,0,2,1,5,0,1,0
04-22-20,McNairy,10,0,10,0,0,0,10,0,210,24,220,24,0,0,0,1,0,9,0,1,0
04-22-20,Meigs,5,0,5,0,0,0,5,0,107,3,112,3,0,0,-1,1,1,4,0,2,0
04-22-20,Monroe,12,0,11,0,1,0,15,0,311,6,326,6,0,1,0,4,0,7,0,2,1
04-22-20,Montgomery,127,1,127,1,0,0,138,3,2117,115,2255,118,0,2,-3,20,4,105,0,16,3
04-22-20,Moore,3,0,3,0,0,0,3,0,103,12,106,12,0,0,0,3,0,0,0,0,0
04-22-20,Morgan,6,0,6,0,0,0,8,0,189,31,197,31,0,0,0,1,0,5,0,0,0
04-22-20,Obion,12,2,12,2,0,0,12,2,230,13,242,15,0,1,2,4,0,7,0,1,1
04-22-20,Out of State,133,1,133,1,0,0,143,2,13863,655,14006,657,0,1,0,22,1,110,0,10,0
04-22-20,Overton,8,0,8,0,0,0,8,0,489,34,497,34,0,0,-1,2,1,6,0,1,0
04-22-20,Pending,0,0,0,0,0,0,0,0,14565,841,14565,841,0,0,0,-1,0,1,0,0,0
04-22-20,Perry,8,0,8,0,0,0,8,2,55,3,63,5,0,0,0,4,0,4,0,0,0
04-22-20,Pickett,0,0,0,0,0,0,0,0,144,74,144,74,0,0,0,0,0,0,0,0,0
04-22-20,Polk,8,1,8,1,0,0,8,0,86,3,94,3,0,0,1,3,0,5,0,3,0
04-22-20,Putnam,98,4,98,4,0,0,138,8,1188,84,1326,92,1,4,3,13,0,81,0,2,5
04-22-20,Rhea,3,0,3,0,0,0,3,0,315,12,318,12,0,0,0,2,0,1,0,0,0
04-22-20,Roane,10,0,9,0,1,0,14,0,1154,544,1168,544,0,0,0,1,0,9,0,2,0
04-22-20,Robertson,121,7,121,7,0,0,126,7,1050,96,1176,103,0,0,3,30,4,91,0,19,1
04-22-20,Rutherford,365,12,365,12,0,0,407,14,3204,129,3611,143,0,7,0,50,12,308,2,48,7
04-22-20,Scott,12,0,11,0,1,0,11,0,193,3,204,3,0,0,0,0,0,12,0,0,0
04-22-20,Sequatchie,5,0,5,0,0,0,5,0,216,23,221,23,0,0,0,2,0,3,0,1,0
04-22-20,Sevier,37,2,37,2,0,0,40,3,1140,15,1180,18,0,1,2,11,0,25,0,6,1
04-22-20,Shelby,1948,40,1943,40,5,0,2142,47,12188,508,14330,555,4,43,-43,497,79,1408,4,284,49
04-22-20,Smith,18,0,17,0,1,0,17,0,258,3,275,3,0,1,0,6,0,11,0,1,1
04-22-20,Stewart,5,0,5,0,0,0,5,0,127,1,132,1,0,0,0,0,0,5,0,0,0
04-22-20,Sullivan,47,0,47,0,0,0,47,0,702,67,749,67,0,1,-2,3,2,43,0,6,1
04-22-20,Sumner,571,14,568,14,3,0,694,16,2452,333,3146,349,1,32,4,83,9,456,0,184,33
04-22-20,Tipton,86,3,85,3,1,0,93,1,932,21,1025,22,0,0,0,23,3,63,1,11,0
04-22-20,Trousdale,31,3,30,3,1,0,31,3,146,6,177,9,0,1,-1,5,4,25,0,8,1
04-22-20,Unicoi,1,0,1,0,0,0,1,0,109,23,110,23,0,0,0,0,0,1,0,0,0
04-22-20,Union,3,0,3,0,0,0,3,0,177,50,180,50,0,0,0,0,0,3,0,0,0
04-22-20,Van Buren,1,0,1,0,0,0,1,0,148,39,149,39,0,0,0,1,0,0,0,0,0
04-22-20,Warren,5,0,5,0,0,0,4,0,404,18,408,18,0,0,-1,1,1,4,0,0,0
04-22-20,Washington,45,0,45,0,0,0,53,0,1162,423,1215,423,0,0,-1,1,1,44,0,5,0
04-22-20,Wayne,3,0,3,0,0,0,4,0,138,25,142,25,0,0,0,1,0,2,0,2,0
04-22-20,Weakley,10,1,10,1,0,0,9,0,297,2,306,2,0,0,1,3,0,7,0,0,0
04-22-20,White,5,0,4,0,1,0,4,0,382,8,386,8,0,0,0,2,0,3,0,1,0
04-22-20,Williamson,369,7,369,7,0,0,390,8,3400,104,3790,112,0,6,1,43,6,320,1,41,7
04-22-20,Wilson,204,9,204,9,0,0,210,9,1850,80,2060,89,0,1,4,50,5,153,0,19,1
04-21-20,Anderson,20,1,19,1,1,0,22,4,1056,414,1078,418,0,1,1,6,0,13,0,2,1
04-21-20,Bedford,123,12,123,12,0,0,122,4,710,12,832,16,0,2,6,98,6,23,0,7,2
04-21-20,Benton,4,0,4,0,0,0,5,0,116,0,121,0,0,0,0,0,0,4,0,1,1
04-21-20,Bledsoe,172,78,172,78,0,0,174,78,1066,141,1240,219,0,0,77,166,1,6,0,2,0
04-21-20,Blount,47,1,47,1,0,0,57,2,795,66,852,68,0,3,1,0,0,44,0,5,3
04-21-20,Bradley,36,0,36,0,0,0,40,0,502,32,542,32,0,1,0,1,0,34,0,7,1
04-21-20,Campbell,14,0,13,0,1,0,14,1,225,13,239,14,0,1,-1,-1,1,14,0,1,1
04-21-20,Cannon,9,2,9,2,0,0,14,2,181,8,195,10,0,0,2,3,0,6,0,2,0
04-21-20,Carroll,13,0,13,0,0,0,14,0,297,6,311,6,0,1,0,2,0,10,0,1,1
04-21-20,Carter,6,0,6,0,0,0,6,0,213,6,219,6,0,1,0,2,0,3,0,2,1
04-21-20,Cheatham,26,2,26,2,0,0,27,1,556,10,583,11,0,0,1,3,1,23,1,5,0
04-21-20,Chester,8,0,8,0,0,0,10,1,167,2,177,3,0,0,0,3,0,5,0,1,0
04-21-20,Claiborne,5,0,5,0,0,0,5,0,151,8,156,8,0,0,0,0,0,5,0,0,0
04-21-20,Clay,6,0,6,0,0,0,6,0,181,0,187,0,0,0,0,2,0,4,0,0,0
04-21-20,Cocke,15,3,14,3,1,0,14,3,199,24,213,27,0,0,2,8,1,7,0,1,0
04-21-20,Coffee,23,2,22,2,1,0,23,2,718,222,741,224,0,0,2,9,0,14,0,3,0
04-21-20,Crockett,6,0,6,0,0,0,6,0,181,1,187,1,0,0,0,6,0,0,0,1,0
04-21-20,Cumberland,61,2,61,2,0,0,72,2,1057,14,1129,16,0,0,2,16,0,45,0,9,0
04-21-20,Davidson,1807,45,1806,45,1,0,1929,57,17199,297,19128,354,1,20,-2,515,46,1272,4,200,23
04-21-20,Decatur,4,0,4,0,0,0,4,0,107,5,111,5,0,0,0,1,0,3,0,0,0
04-21-20,Dekalb,10,0,10,0,0,0,11,0,342,2,353,2,0,0,0,1,0,9,0,0,0
04-21-20,Dickson,50,3,50,3,0,0,54,3,528,10,582,13,0,0,2,17,1,33,0,7,0
04-21-20,Dyer,29,1,28,0,1,1,29,0,403,7,432,7,0,0,-2,9,3,20,0,4,0
04-21-20,Fayette,46,2,46,2,0,0,53,3,740,192,793,195,0,1,2,12,0,33,0,10,1
04-21-20,Fentress,4,0,4,0,0,0,4,0,155,1,159,1,0,0,0,0,0,4,0,1,0
04-21-20,Franklin,28,1,28,1,0,0,30,1,440,23,470,24,0,1,1,5,0,22,0,4,1
04-21-20,Gibson,31,0,30,0,1,0,33,2,538,21,571,23,0,0,0,7,0,24,0,3,1
04-21-20,Giles,6,0,6,0,0,0,6,1,230,5,236,6,0,0,0,2,0,4,0,0,0
04-21-20,Grainger,4,0,4,0,0,0,3,0,206,69,209,69,0,0,0,0,0,4,0,1,0
04-21-20,Greene,37,0,37,0,0,0,40,6,384,13,424,19,0,2,0,8,0,27,0,7,2
04-21-20,Grundy,24,0,24,0,0,0,29,0,224,5,253,5,0,1,0,3,0,20,0,10,1
04-21-20,Hamblen,14,0,13,0,1,0,14,0,390,41,404,41,0,1,-1,9,1,4,0,3,2
04-21-20,Hamilton,127,5,127,5,0,0,141,5,1947,157,2088,162,0,12,5,13,0,102,2,38,14
04-21-20,Hancock,0,0,0,0,0,0,0,0,24,1,24,1,0,0,0,0,0,0,0,0,0
04-21-20,Hardeman,11,0,11,0,0,0,12,0,219,5,231,5,0,0,0,3,0,8,0,3,0
04-21-20,Hardin,4,0,4,0,0,0,4,0,579,3,583,3,0,0,0,1,0,3,0,0,0
04-21-20,Hawkins,28,0,28,0,0,0,35,2,553,233,588,235,0,2,-2,1,2,25,0,5,2
04-21-20,Haywood,15,1,15,1,0,0,15,0,184,3,199,3,0,1,1,3,0,11,0,6,1
04-21-20,Henderson,5,1,5,1,0,0,5,0,253,6,258,6,0,0,0,1,1,4,0,0,0
04-21-20,Henry,9,0,9,0,0,0,11,0,258,2,269,2,0,0,0,2,0,7,0,3,0
04-21-20,Hickman,13,10,13,10,0,0,13,10,178,2,191,12,0,0,10,11,0,2,0,1,0
04-21-20,Houston,5,0,5,0,0,0,5,0,121,0,126,0,0,0,0,0,0,5,0,3,0
04-21-20,Humphreys,6,0,6,0,0,0,6,0,177,6,183,6,0,0,0,2,0,4,0,0,0
04-21-20,Jackson,6,0,6,0,0,0,9,0,170,0,179,0,0,0,0,0,0,6,0,0,0
04-21-20,Jefferson,13,0,13,0,0,0,13,0,423,100,436,100,0,0,-1,-2,1,15,0,0,0
04-21-20,Johnson,2,0,2,0,0,0,2,0,44,3,46,3,0,0,0,0,0,2,0,0,0
04-21-20,Knox,199,4,199,4,0,0,225,6,3965,489,4190,495,0,4,-2,17,6,178,1,28,4
04-21-20,Lake,10,3,10,3,0,0,10,3,793,236,803,239,0,0,3,8,0,2,0,0,0
04-21-20,Lauderdale,16,0,16,0,0,0,17,0,198,6,215,6,0,0,0,6,0,10,0,5,0
04-21-20,Lawrence,14,0,14,0,0,0,16,0,408,18,424,18,0,0,-1,0,1,14,0,3,0
04-21-20,Lewis,3,0,3,0,0,0,3,0,53,1,56,1,0,0,0,0,0,3,0,0,0
04-21-20,Lincoln,11,0,11,0,0,0,12,0,197,1,209,1,0,0,0,1,0,10,0,2,0
04-21-20,Loudon,23,0,23,0,0,0,25,1,382,27,407,28,0,0,-1,4,1,19,0,3,0
04-21-20,Macon,35,0,35,0,0,0,41,0,527,2,568,2,0,3,0,6,0,26,0,10,3
04-21-20,Madison,93,2,93,2,0,0,97,2,1012,66,1109,68,0,1,-3,15,5,77,0,13,1
04-21-20,Marion,29,0,28,0,1,0,32,0,400,4,432,4,0,1,-2,1,2,27,0,11,2
04-21-20,Marshall,17,0,17,0,0,0,18,0,304,4,322,4,0,1,0,8,0,8,0,4,1
04-21-20,Maury,34,0,34,0,0,0,37,0,916,7,953,7,0,0,0,1,0,33,0,5,0
04-21-20,McMinn,6,0,6,0,0,0,6,0,735,156,741,156,0,0,0,2,0,4,0,1,0
04-21-20,McNairy,10,1,10,1,0,0,10,1,186,3,196,4,0,0,1,1,0,9,0,1,0
04-21-20,Meigs,5,1,5,1,0,0,5,2,104,9,109,11,0,0,1,2,0,3,0,2,0
04-21-20,Monroe,12,0,11,0,1,0,15,1,305,24,320,25,0,1,0,4,0,7,0,2,1
04-21-20,Montgomery,126,3,126,3,0,0,135,4,2002,22,2137,26,0,2,-2,23,5,101,0,16,2
04-21-20,Moore,3,1,3,1,0,0,3,1,91,2,94,3,0,0,1,3,0,0,0,0,0
04-21-20,Morgan,6,0,6,0,0,0,8,0,158,13,166,13,0,0,0,1,0,5,0,0,0
04-21-20,Obion,10,1,10,1,0,0,10,1,217,7,227,8,0,1,1,2,0,7,0,1,1
04-21-20,Out of State,132,1,132,1,0,0,141,2,13208,1340,13349,1342,0,1,-2,22,3,109,0,10,0
04-21-20,Overton,8,0,8,0,0,0,8,0,455,3,463,3,0,0,0,3,0,5,0,1,0
04-21-20,Pending,0,0,0,0,0,0,0,0,13724,532,13724,532,0,0,0,-1,0,1,0,0,0
04-21-20,Perry,8,2,8,2,0,0,6,0,52,0,58,0,0,0,1,4,1,4,0,0,0
04-21-20,Pickett,0,0,0,0,0,0,0,0,70,15,70,15,0,0,0,0,0,0,0,0,0
04-21-20,Polk,7,1,7,1,0,0,8,1,83,6,91,7,0,0,1,2,0,5,1,3,0
04-21-20,Putnam,94,1,94,1,0,0,130,3,1104,6,1234,9,0,3,1,10,0,81,0,2,5
04-21-20,Rhea,3,1,3,1,0,0,3,1,303,5,306,6,0,0,0,2,1,1,0,0,0
04-21-20,Roane,10,0,9,0,1,0,14,0,610,74,624,74,0,0,-1,1,1,9,0,2,0
04-21-20,Robertson,114,2,114,2,0,0,119,2,954,10,1073,12,0,0,2,27,0,87,1,19,1
04-21-20,Rutherford,353,10,353,10,0,0,393,11,3075,131,3468,142,0,7,-1,50,11,296,2,46,7
04-21-20,Scott,12,0,11,0,1,0,11,0,190,41,201,41,0,0,-2,0,2,12,0,0,0
04-21-20,Sequatchie,5,0,5,0,0,0,5,0,193,4,198,4,0,0,-1,2,1,3,0,1,0
04-21-20,Sevier,35,7,35,7,0,0,37,5,1125,309,1162,314,0,1,6,9,1,25,1,6,1
04-21-20,Shelby,1908,41,1903,41,5,0,2095,53,11680,364,13775,417,4,39,-17,540,54,1329,5,280,48
04-21-20,Smith,18,5,17,4,1,1,17,4,255,1,272,5,0,1,5,6,0,11,0,1,1
04-21-20,Stewart,5,0,5,0,0,0,5,0,126,1,131,1,0,0,0,0,0,5,0,0,0
04-21-20,Sullivan,47,2,47,2,0,0,47,2,635,114,682,116,0,1,1,5,1,41,0,6,1
04-21-20,Sumner,557,15,554,15,3,0,678,22,2119,47,2797,69,0,31,8,79,7,447,3,184,33
04-21-20,Tipton,83,0,82,0,1,0,92,0,911,7,1003,7,0,0,-4,23,4,60,0,10,0
04-21-20,Trousdale,28,2,27,2,1,0,28,2,140,1,168,3,0,1,-1,6,3,21,2,8,1
04-21-20,Unicoi,1,0,1,0,0,0,1,0,86,17,87,17,0,0,0,0,0,1,0,0,0
04-21-20,Union,3,0,3,0,0,0,3,0,127,42,130,42,0,0,0,0,0,3,0,0,0
04-21-20,Van Buren,1,0,1,0,0,0,1,0,109,2,110,2,0,0,0,1,0,0,0,0,0
04-21-20,Warren,5,0,5,0,0,0,4,0,386,19,390,19,0,0,0,2,0,3,0,0,0
04-21-20,Washington,45,0,45,0,0,0,53,1,739,65,792,66,0,0,-1,2,1,43,0,5,0
04-21-20,Wayne,3,0,3,0,0,0,4,0,113,1,117,1,0,0,0,1,0,2,0,2,0
04-21-20,Weakley,9,0,9,0,0,0,9,1,295,5,304,6,0,0,0,2,0,7,0,0,0
04-21-20,White,5,0,4,0,1,0,4,0,374,4,378,4,0,0,0,2,0,3,0,1,0
04-21-20,Williamson,362,5,362,5,0,0,382,4,3296,42,3678,46,0,6,-1,42,6,314,0,40,6
04-21-20,Wilson,195,5,195,5,0,0,201,6,1770,33,1971,39,0,1,0,46,5,148,1,19,1
04-20-20,Anderson,19,5,18,4,1,1,18,2,642,23,660,25,0,1,5,5,0,13,0,2,1
04-20-20,Bedford,111,35,111,35,0,0,118,35,698,292,816,327,0,2,33,92,2,17,1,7,2
04-20-20,Benton,4,0,4,0,0,0,5,0,116,1,121,1,0,0,0,0,0,4,0,1,1
04-20-20,Bledsoe,94,0,94,0,0,0,96,0,925,2,1021,2,0,0,-1,89,1,5,0,2,0
04-20-20,Blount,46,0,46,0,0,0,55,0,729,52,784,52,0,3,0,-1,0,44,0,5,3
04-20-20,Bradley,36,0,36,0,0,0,40,1,470,9,510,10,0,1,0,1,0,34,0,7,1
04-20-20,Campbell,14,1,13,1,1,0,13,0,212,15,225,15,0,1,1,0,0,13,0,1,1
04-20-20,Cannon,7,0,7,0,0,0,12,0,173,5,185,5,0,0,0,1,0,6,0,2,0
04-20-20,Carroll,13,0,13,0,0,0,14,0,291,4,305,4,1,1,-1,2,0,10,0,1,1
04-20-20,Carter,6,0,6,0,0,0,6,0,207,0,213,0,0,1,0,2,0,3,0,2,1
04-20-20,Cheatham,24,0,24,0,0,0,26,0,546,26,572,26,0,0,0,2,0,22,0,4,0
04-20-20,Chester,8,1,8,1,0,0,9,1,165,3,174,4,0,0,1,3,0,5,0,1,0
04-20-20,Claiborne,5,0,5,0,0,0,5,0,143,6,148,6,0,0,-1,0,1,5,0,0,0
04-20-20,Clay,6,0,6,0,0,0,6,0,181,0,187,0,0,0,0,2,0,4,0,0,0
04-20-20,Cocke,12,1,11,0,1,1,11,0,175,14,186,14,0,0,1,6,0,6,0,1,0
04-20-20,Coffee,21,0,20,0,1,0,21,0,496,12,517,12,0,0,-4,7,4,14,0,3,0
04-20-20,Crockett,6,0,6,0,0,0,6,0,180,1,186,1,0,0,0,6,0,0,0,1,0
04-20-20,Cumberland,59,0,59,0,0,0,70,0,1043,19,1113,19,0,0,-2,14,2,45,0,9,0
04-20-20,Davidson,1762,37,1761,37,1,0,1872,41,16902,1055,18774,1096,0,19,-13,517,50,1226,5,196,23
04-20-20,Decatur,4,0,4,0,0,0,4,0,102,4,106,4,0,0,-1,1,1,3,0,0,0
04-20-20,Dekalb,10,0,10,0,0,0,11,0,340,5,351,5,0,0,0,1,0,9,0,0,0
04-20-20,Dickson,47,0,47,0,0,0,51,2,518,115,569,117,0,0,-1,15,1,32,0,7,0
04-20-20,Dyer,28,0,28,0,0,0,29,1,396,2,425,3,0,0,-1,11,1,17,0,4,0
04-20-20,Fayette,44,0,44,0,0,0,50,0,548,18,598,18,0,1,-1,10,1,33,0,10,1
04-20-20,Fentress,4,0,4,0,0,0,4,0,154,3,158,3,0,0,0,0,0,4,0,1,0
04-20-20,Franklin,27,0,27,0,0,0,29,0,417,42,446,42,0,1,-1,4,1,22,0,4,1
04-20-20,Gibson,31,2,30,1,1,1,31,0,517,2,548,2,0,0,2,7,0,24,0,3,0
04-20-20,Giles,6,1,6,1,0,0,5,0,225,6,230,6,0,0,1,2,0,4,0,0,0
04-20-20,Grainger,4,0,4,0,0,0,3,0,137,13,140,13,0,0,0,0,0,4,0,1,0
04-20-20,Greene,37,4,37,4,0,0,34,0,371,21,405,21,0,2,4,8,0,27,0,7,2
04-20-20,Grundy,24,0,24,0,0,0,29,0,219,7,248,7,0,1,-1,3,1,20,0,10,1
04-20-20,Hamblen,14,1,13,0,1,1,14,1,349,24,363,25,0,1,1,10,0,3,0,3,1
04-20-20,Hamilton,122,4,122,4,0,0,136,5,1790,65,1926,70,0,12,3,8,1,102,1,36,14
04-20-20,Hancock,0,0,0,0,0,0,0,0,23,3,23,3,0,0,0,0,0,0,0,0,0
04-20-20,Hardeman,11,1,11,1,0,0,12,1,214,6,226,7,0,0,0,3,1,8,0,3,0
04-20-20,Hardin,4,0,4,0,0,0,4,0,576,58,580,58,0,0,0,1,0,3,0,0,0
04-20-20,Hawkins,28,1,28,1,0,0,33,0,320,39,353,39,0,2,1,3,0,23,0,5,2
04-20-20,Haywood,14,0,14,0,0,0,15,0,181,5,196,5,0,1,0,2,0,11,0,6,1
04-20-20,Henderson,4,0,4,0,0,0,5,0,247,3,252,3,0,0,0,1,0,3,0,0,0
04-20-20,Henry,9,0,9,0,0,0,11,0,256,4,267,4,0,0,-1,2,1,7,0,3,0
04-20-20,Hickman,3,0,3,0,0,0,3,0,176,18,179,18,0,0,0,1,0,2,0,1,0
04-20-20,Houston,5,0,5,0,0,0,5,0,121,2,126,2,0,0,0,0,0,5,0,3,0
04-20-20,Humphreys,6,0,6,0,0,0,6,0,171,15,177,15,0,0,0,2,0,4,0,0,0
04-20-20,Jackson,6,0,6,0,0,0,9,0,170,1,179,1,0,0,0,0,0,6,0,0,0
04-20-20,Jefferson,13,0,13,0,0,0,13,0,323,27,336,27,0,0,0,-1,0,14,0,0,0
04-20-20,Johnson,2,0,2,0,0,0,2,0,41,0,43,0,0,0,0,0,0,2,0,0,0
04-20-20,Knox,195,3,195,3,0,0,219,1,3476,184,3695,185,0,4,-1,19,4,172,1,27,4
04-20-20,Lake,7,0,7,0,0,0,7,0,557,0,564,0,0,0,0,5,0,2,0,0,0
04-20-20,Lauderdale,16,0,16,0,0,0,17,1,192,6,209,7,0,0,0,6,0,10,0,5,0
04-20-20,Lawrence,14,0,14,0,0,0,16,0,390,3,406,3,0,0,-2,1,2,13,0,3,0
04-20-20,Lewis,3,0,3,0,0,0,3,0,52,4,55,4,0,0,-1,0,1,3,0,0,0
04-20-20,Lincoln,11,1,11,1,0,0,12,1,196,15,208,16,0,0,1,1,0,10,0,2,0
04-20-20,Loudon,23,0,23,0,0,0,24,0,355,10,379,10,0,0,0,5,0,18,0,3,0
04-20-20,Macon,35,0,35,0,0,0,41,0,525,3,566,3,0,3,-3,6,3,26,0,10,3
04-20-20,Madison,91,2,91,2,0,0,95,1,946,23,1041,24,0,1,-5,18,7,72,2,13,1
04-20-20,Marion,29,0,28,0,1,0,32,0,396,228,428,228,0,1,-1,3,1,25,0,11,2
04-20-20,Marshall,17,3,17,3,0,0,18,2,300,14,318,16,0,1,2,8,1,8,1,4,1
04-20-20,Maury,34,0,34,0,0,0,37,0,909,84,946,84,0,0,0,1,0,33,0,5,0
04-20-20,McMinn,6,0,6,0,0,0,6,0,579,13,585,13,0,0,0,2,0,4,0,1,0
04-20-20,McNairy,9,0,9,0,0,0,9,0,183,11,192,11,0,0,0,0,0,9,0,1,0
04-20-20,Meigs,4,0,4,0,0,0,3,0,95,5,98,5,0,0,0,1,0,3,0,2,0
04-20-20,Monroe,12,2,11,1,1,1,14,3,281,6,295,9,0,1,2,4,0,7,0,2,1
04-20-20,Montgomery,123,2,123,2,0,0,131,3,1980,298,2111,301,0,2,-3,25,5,96,0,16,2
04-20-20,Moore,2,0,2,0,0,0,2,0,89,5,91,5,0,0,0,2,0,0,0,0,0
04-20-20,Morgan,6,0,6,0,0,0,8,0,145,5,153,5,0,0,0,1,0,5,0,0,0
04-20-20,Obion,9,0,9,0,0,0,9,0,210,21,219,21,0,1,0,1,0,7,0,1,1
04-20-20,Out of State,131,5,131,5,0,0,139,6,11868,415,12007,421,0,1,3,24,2,106,0,10,0
04-20-20,Overton,8,0,8,0,0,0,8,0,452,0,460,0,0,0,0,3,0,5,0,1,0
04-20-20,Pending,0,0,0,0,0,0,0,0,13192,585,13192,585,0,0,0,-1,0,1,0,0,0
04-20-20,Perry,6,0,6,0,0,0,6,0,52,5,58,5,0,0,0,3,0,3,0,0,0
04-20-20,Pickett,0,0,0,0,0,0,0,0,55,0,55,0,0,0,0,0,0,0,0,0,0
04-20-20,Polk,6,0,6,0,0,0,7,0,77,1,84,1,0,0,0,1,0,5,0,2,0
04-20-20,Putnam,93,0,93,0,0,0,127,1,1098,15,1225,16,1,3,-1,9,0,81,0,2,5
04-20-20,Rhea,2,0,2,0,0,0,2,0,298,5,300,5,0,0,0,2,0,0,0,0,0
04-20-20,Roane,10,1,9,0,1,1,14,0,536,39,550,39,0,0,0,2,1,8,0,2,0
04-20-20,Robertson,112,2,112,2,0,0,117,4,944,64,1061,68,0,0,-2,25,4,87,1,18,1
04-20-20,Rutherford,343,11,343,11,0,0,382,13,2944,358,3326,371,1,7,3,51,7,285,1,44,7
04-20-20,Scott,12,1,11,0,1,1,11,0,149,8,160,8,0,0,0,2,1,10,0,0,0
04-20-20,Sequatchie,5,0,5,0,0,0,5,0,189,10,194,10,0,0,0,3,0,2,0,1,0
04-20-20,Sevier,28,1,28,1,0,0,32,1,816,124,848,125,0,1,1,3,0,24,0,5,1
04-20-20,Shelby,1867,73,1862,72,5,1,2042,75,11316,687,13358,762,0,35,-7,557,80,1275,12,275,45
04-20-20,Smith,13,1,13,1,0,0,13,1,254,6,267,7,0,1,-2,1,3,11,0,1,1
04-20-20,Stewart,5,0,5,0,0,0,5,0,125,3,130,3,0,0,0,0,0,5,0,0,0
04-20-20,Sullivan,45,0,45,0,0,0,45,0,521,21,566,21,0,1,-2,4,2,40,0,6,1
04-20-20,Sumner,542,9,539,9,3,0,656,11,2072,46,2728,57,1,31,-5,71,13,440,1,181,33
04-20-20,Tipton,83,25,82,25,1,0,92,26,904,165,996,191,0,0,24,27,1,56,1,10,0
04-20-20,Trousdale,26,0,25,0,1,0,26,0,139,6,165,6,0,1,-2,7,2,18,0,6,1
04-20-20,Unicoi,1,0,1,0,0,0,1,0,69,2,70,2,0,0,0,0,0,1,0,0,0
04-20-20,Union,3,0,3,0,0,0,3,0,85,4,88,4,0,0,0,0,0,3,0,0,0
04-20-20,Van Buren,1,0,1,0,0,0,1,0,107,36,108,36,0,0,0,1,0,0,0,0,0
04-20-20,Warren,5,0,5,0,0,0,4,0,367,25,371,25,0,0,-1,2,1,3,0,0,0
04-20-20,Washington,45,0,45,0,0,0,52,0,674,4,726,4,0,0,-1,3,1,42,0,5,0
04-20-20,Wayne,3,0,3,0,0,0,4,0,112,4,116,4,0,0,0,1,0,2,0,2,0
04-20-20,Weakley,9,0,9,0,0,0,8,0,290,75,298,75,0,0,-1,2,1,7,0,0,0
04-20-20,White,5,0,4,0,1,0,4,0,370,10,374,10,0,0,0,2,0,3,0,1,0
04-20-20,Williamson,357,11,357,11,0,0,378,12,3254,365,3632,377,0,6,4,43,7,308,0,40,6
04-20-20,Wilson,190,4,190,4,0,0,195,4,1737,194,1932,198,0,1,3,46,1,143,0,18,1
04-19-20,Anderson,14,1,14,1,0,0,16,1,619,8,635,9,0,1,0,0,1,13,0,2,1
04-19-20,Bedford,76,3,76,3,0,0,83,9,406,37,489,46,0,2,3,59,0,15,0,6,2
04-19-20,Benton,4,0,4,0,0,0,5,0,115,12,120,12,0,0,0,0,0,4,0,1,1
04-19-20,Bledsoe,94,72,94,72,0,0,96,73,923,140,1019,213,0,0,72,90,0,4,0,2,0
04-19-20,Blount,46,0,46,0,0,0,55,0,677,22,732,22,0,3,-2,-1,2,44,0,5,3
04-19-20,Bradley,36,0,36,0,0,0,39,0,461,17,500,17,0,1,0,1,0,34,0,7,1
04-19-20,Campbell,13,0,12,0,1,0,13,0,197,11,210,11,0,1,0,-1,0,13,0,1,1
04-19-20,Cannon,7,0,7,0,0,0,12,1,168,6,180,7,0,0,0,1,0,6,0,2,0
04-19-20,Carroll,13,2,13,2,0,0,14,2,287,19,301,21,0,0,2,3,0,10,0,1,1
04-19-20,Carter,6,0,6,0,0,0,6,0,207,15,213,15,0,1,0,2,0,3,0,2,1
04-19-20,Cheatham,24,1,24,1,0,0,26,1,520,21,546,22,0,0,0,2,1,22,0,4,0
04-19-20,Chester,7,0,7,0,0,0,8,1,162,7,170,8,0,0,0,2,0,5,0,1,0
04-19-20,Claiborne,5,0,5,0,0,0,5,0,137,3,142,3,0,0,0,1,0,4,0,0,0
04-19-20,Clay,6,0,6,0,0,0,6,0,181,15,187,15,0,0,0,2,0,4,0,0,0
04-19-20,Cocke,11,0,11,0,0,0,11,0,161,16,172,16,0,0,-1,5,1,6,0,1,0
04-19-20,Coffee,21,0,20,0,1,0,21,0,484,46,505,46,0,0,-1,11,1,10,0,3,0
04-19-20,Crockett,6,3,6,3,0,0,6,3,179,74,185,77,0,0,3,6,0,0,1,1,0
04-19-20,Cumberland,59,0,59,0,0,0,70,0,1024,40,1094,40,0,0,0,16,0,43,0,9,0
04-19-20,Davidson,1725,99,1724,99,1,0,1831,114,15847,490,17678,604,0,19,74,530,25,1176,3,191,22
04-19-20,Decatur,4,0,4,0,0,0,4,0,98,5,102,5,0,0,0,2,0,2,0,0,0
04-19-20,Dekalb,10,0,10,0,0,0,11,0,335,9,346,9,0,0,-1,1,1,9,0,0,0
04-19-20,Dickson,47,1,47,1,0,0,49,0,403,30,452,30,0,0,1,16,0,31,0,7,0
04-19-20,Dyer,28,1,28,1,0,0,28,1,394,31,422,32,0,0,0,12,1,16,0,4,0
04-19-20,Fayette,44,0,44,0,0,0,50,1,530,26,580,27,0,1,-1,11,1,32,0,10,1
04-19-20,Fentress,4,0,4,0,0,0,4,0,151,9,155,9,0,0,0,0,0,4,0,1,0
04-19-20,Franklin,27,1,27,1,0,0,29,1,375,57,404,58,0,1,1,5,0,21,0,4,1
04-19-20,Gibson,29,1,29,1,0,0,31,1,515,55,546,56,0,0,-1,5,2,24,0,3,0
04-19-20,Giles,5,0,5,0,0,0,5,0,219,19,224,19,0,0,0,1,0,4,0,0,0
04-19-20,Grainger,4,0,4,0,0,0,3,0,124,9,127,9,0,0,0,0,0,4,0,1,0
04-19-20,Greene,33,2,33,2,0,0,34,3,350,14,384,17,0,2,2,4,0,27,1,7,2
04-19-20,Grundy,24,0,24,0,0,0,29,0,212,15,241,15,0,1,0,4,0,19,0,10,1
04-19-20,Hamblen,13,1,13,1,0,0,13,1,325,9,338,10,0,1,1,9,0,3,0,3,1
04-19-20,Hamilton,118,2,118,2,0,0,131,2,1725,33,1856,35,1,12,-1,5,2,101,0,35,14
04-19-20,Hancock,0,0,0,0,0,0,0,0,20,0,20,0,0,0,0,0,0,0,0,0,0
04-19-20,Hardeman,10,0,10,0,0,0,11,0,208,15,219,15,0,0,0,3,0,7,0,3,0
04-19-20,Hardin,4,0,4,0,0,0,4,0,518,112,522,112,0,0,0,1,0,3,0,0,0
04-19-20,Hawkins,27,0,27,0,0,0,33,0,281,14,314,14,0,2,-1,2,1,23,0,5,2
04-19-20,Haywood,14,0,14,0,0,0,15,0,176,14,191,14,0,1,0,2,0,11,0,6,1
04-19-20,Henderson,4,0,4,0,0,0,5,0,244,15,249,15,0,0,0,1,0,3,0,0,0
04-19-20,Henry,9,0,9,0,0,0,11,0,252,43,263,43,0,0,0,3,0,6,0,3,0
04-19-20,Hickman,3,0,3,0,0,0,3,0,158,19,161,19,0,0,0,1,0,2,0,1,0
04-19-20,Houston,5,0,5,0,0,0,5,0,119,6,124,6,0,0,0,0,0,5,0,3,0
04-19-20,Humphreys,6,0,6,0,0,0,6,0,156,10,162,10,0,0,0,2,0,4,0,0,0
04-19-20,Jackson,6,0,6,0,0,0,9,0,169,8,178,8,0,0,0,0,0,6,0,0,0
04-19-20,Jefferson,13,0,13,0,0,0,13,0,296,20,309,20,0,0,0,-1,0,14,0,0,0
04-19-20,Johnson,2,0,2,0,0,0,2,0,41,3,43,3,0,0,0,0,0,2,0,0,0
04-19-20,Knox,192,0,192,0,0,0,218,0,3292,53,3510,53,0,4,-4,20,4,168,0,26,4
04-19-20,Lake,7,3,7,3,0,0,7,3,557,17,564,20,0,0,2,5,1,2,0,0,0
04-19-20,Lauderdale,16,1,16,1,0,0,16,1,186,8,202,9,0,0,1,6,0,10,0,5,0
04-19-20,Lawrence,14,0,14,0,0,0,16,0,387,16,403,16,0,0,0,3,0,11,0,3,0
04-19-20,Lewis,3,0,3,0,0,0,3,0,48,5,51,5,0,0,0,1,0,2,0,0,0
04-19-20,Lincoln,10,0,10,0,0,0,11,0,181,28,192,28,0,0,0,0,0,10,0,2,0
04-19-20,Loudon,23,1,23,1,0,0,24,1,345,7,369,8,0,0,1,5,0,18,0,3,0
04-19-20,Macon,35,1,35,1,0,0,41,1,522,27,563,28,0,3,-1,9,2,23,0,10,3
04-19-20,Madison,89,1,89,1,0,0,94,1,923,16,1017,17,1,1,-5,23,5,65,1,11,1
04-19-20,Marion,29,0,28,0,1,0,32,0,168,8,200,8,0,1,0,4,0,24,0,11,2
04-19-20,Marshall,14,0,14,0,0,0,16,0,286,35,302,35,0,1,0,6,0,7,0,3,1
04-19-20,Maury,34,0,34,0,0,0,37,0,825,89,862,89,0,0,0,1,0,33,0,5,0
04-19-20,McMinn,6,0,6,0,0,0,6,0,566,60,572,60,0,0,0,2,0,4,0,1,0
04-19-20,McNairy,9,0,9,0,0,0,9,0,172,15,181,15,0,0,0,0,0,9,0,1,0
04-19-20,Meigs,4,0,4,0,0,0,3,0,90,7,93,7,0,0,0,1,0,3,0,2,0
04-19-20,Monroe,10,0,10,0,0,0,11,0,275,2,286,2,0,1,-1,2,1,7,0,2,1
04-19-20,Montgomery,121,4,121,4,0,0,128,5,1682,104,1810,109,0,2,1,28,3,91,0,16,2
04-19-20,Moore,2,0,2,0,0,0,2,0,84,10,86,10,0,0,0,2,0,0,0,0,0
04-19-20,Morgan,6,0,6,0,0,0,8,0,140,2,148,2,0,0,0,1,0,5,0,0,0
04-19-20,Obion,9,0,9,0,0,0,9,0,189,3,198,3,0,1,-2,1,2,7,0,1,1
04-19-20,Out of State,126,5,126,5,0,0,133,4,11453,424,11586,428,0,1,5,21,0,104,1,10,0
04-19-20,Overton,8,1,8,1,0,0,8,1,452,22,460,23,0,0,1,3,0,5,0,1,0
04-19-20,Pending,0,0,0,0,0,0,0,0,12607,1211,12607,1211,0,0,0,-1,0,1,0,0,0
04-19-20,Perry,6,0,6,0,0,0,6,0,47,3,53,3,0,0,0,3,0,3,0,0,0
04-19-20,Pickett,0,0,0,0,0,0,0,0,55,2,55,2,0,0,0,0,0,0,0,0,0
04-19-20,Polk,6,0,6,0,0,0,7,0,76,19,83,19,0,0,0,1,0,5,0,2,0
04-19-20,Putnam,93,0,93,0,0,0,126,0,1083,56,1209,56,0,2,0,10,0,81,0,2,5
04-19-20,Rhea,2,0,2,0,0,0,2,0,293,32,295,32,0,0,0,2,0,0,0,0,0
04-19-20,Roane,9,0,9,0,0,0,14,0,497,15,511,15,0,0,0,2,0,7,0,2,0
04-19-20,Robertson,110,9,110,9,0,0,113,8,880,38,993,46,0,0,6,27,3,83,0,17,1
04-19-20,Rutherford,332,12,332,12,0,0,369,15,2586,89,2955,104,0,6,5,48,7,278,1,43,6
04-19-20,Scott,11,0,11,0,0,0,11,0,141,0,152,0,0,0,0,2,0,9,0,0,0
04-19-20,Sequatchie,5,0,5,0,0,0,5,0,179,20,184,20,0,0,0,3,0,2,0,1,0
04-19-20,Sevier,27,0,27,0,0,0,31,0,692,13,723,13,0,1,0,2,0,24,0,5,1
04-19-20,Shelby,1794,26,1790,26,4,0,1967,42,10629,374,12596,416,1,35,-6,564,31,1195,2,263,43
04-19-20,Smith,12,1,12,1,0,0,12,1,248,15,260,16,0,1,0,3,1,8,0,1,1
04-19-20,Stewart,5,0,5,0,0,0,5,0,122,3,127,3,0,0,0,0,0,5,0,0,0
04-19-20,Sullivan,45,0,45,0,0,0,45,0,500,13,545,13,0,1,0,6,0,38,0,6,1
04-19-20,Sumner,533,8,530,8,3,0,645,11,2026,55,2671,66,0,30,1,76,7,427,0,180,33
04-19-20,Tipton,58,1,57,1,1,0,66,1,739,41,805,42,0,0,-1,3,2,55,0,9,0
04-19-20,Trousdale,26,1,25,1,1,0,26,2,133,11,159,13,0,1,-2,9,3,16,0,6,1
04-19-20,Unicoi,1,0,1,0,0,0,1,0,67,4,68,4,0,0,0,0,0,1,0,0,0
04-19-20,Union,3,0,3,0,0,0,3,0,81,3,84,3,0,0,0,0,0,3,0,0,0
04-19-20,Van Buren,1,0,1,0,0,0,1,0,71,6,72,6,0,0,0,1,0,0,0,0,0
04-19-20,Warren,5,1,5,1,0,0,4,1,342,31,346,32,0,0,1,3,0,2,0,0,0
04-19-20,Washington,45,0,45,0,0,0,52,0,670,31,722,31,0,0,0,4,0,41,0,5,0
04-19-20,Wayne,3,0,3,0,0,0,4,0,108,3,112,3,0,0,0,1,0,2,0,2,0
04-19-20,Weakley,9,0,9,0,0,0,8,0,215,10,223,10,0,0,0,3,0,6,0,0,0
04-19-20,White,5,0,4,0,1,0,4,0,360,25,364,25,0,0,0,2,0,3,0,1,0
04-19-20,Williamson,346,6,346,6,0,0,366,7,2889,134,3255,141,0,6,4,39,2,301,0,40,6
04-19-20,Wilson,186,4,186,4,0,0,191,4,1543,51,1734,55,0,1,-5,43,9,142,0,18,1
04-18-20,Anderson,13,0,13,0,0,0,15,0,611,27,626,27,0,1,0,0,0,12,0,2,1
04-18-20,Bedford,73,12,73,12,0,0,74,19,369,35,443,54,0,2,12,56,0,15,0,6,2
04-18-20,Benton,4,0,4,0,0,0,5,0,103,4,108,4,0,0,0,0,0,4,0,1,1
04-18-20,Bledsoe,22,2,22,2,0,0,23,2,783,14,806,16,0,0,2,18,0,4,0,2,0
04-18-20,Blount,46,0,46,0,0,0,55,0,655,12,710,12,0,3,-1,1,1,42,0,5,3
04-18-20,Bradley,36,0,36,0,0,0,39,2,444,37,483,39,0,1,-2,1,2,34,0,7,1
04-18-20,Campbell,13,0,12,0,1,0,13,0,186,8,199,8,0,1,-1,-1,1,13,0,1,1
04-18-20,Cannon,7,0,7,0,0,0,11,0,162,19,173,19,0,0,-1,1,1,6,0,2,0
04-18-20,Carroll,11,0,11,0,0,0,12,1,268,8,280,9,0,0,0,1,0,10,0,1,1
04-18-20,Carter,6,0,6,0,0,0,6,0,192,16,198,16,0,1,0,2,0,3,0,2,1
04-18-20,Cheatham,23,0,23,0,0,0,25,0,499,27,524,27,0,0,-2,2,2,21,0,4,0
04-18-20,Chester,7,1,7,1,0,0,7,0,155,11,162,11,0,0,1,2,0,5,0,1,0
04-18-20,Claiborne,5,0,5,0,0,0,5,0,134,5,139,5,0,0,0,1,0,4,0,0,0
04-18-20,Clay,6,0,6,0,0,0,6,0,166,13,172,13,0,0,-1,2,1,4,0,0,0
04-18-20,Cocke,11,0,11,0,0,0,11,0,145,7,156,7,0,0,0,6,0,5,0,1,0
04-18-20,Coffee,21,1,20,1,1,0,21,2,438,48,459,50,0,0,-1,12,2,9,0,3,0
04-18-20,Crockett,3,0,3,0,0,0,3,1,105,11,108,12,0,0,0,3,0,0,0,0,0
04-18-20,Cumberland,59,1,59,1,0,0,70,1,984,70,1054,71,0,0,1,16,0,43,0,9,0
04-18-20,Davidson,1626,46,1625,46,1,0,1717,53,15357,507,17074,560,0,19,15,456,31,1151,2,188,22
04-18-20,Decatur,4,0,4,0,0,0,4,1,93,3,97,4,0,0,0,2,0,2,0,0,0
04-18-20,Dekalb,10,0,10,0,0,0,11,0,326,37,337,37,0,0,0,2,0,8,0,0,0
04-18-20,Dickson,46,3,46,3,0,0,49,3,373,28,422,31,0,0,1,15,2,31,0,7,0
04-18-20,Dyer,27,1,27,1,0,0,27,2,363,26,390,28,0,0,0,12,1,15,0,4,0
04-18-20,Fayette,44,1,44,1,0,0,49,1,504,40,553,41,0,1,-2,12,3,31,0,10,1
04-18-20,Fentress,4,0,4,0,0,0,4,0,142,11,146,11,0,0,-1,0,1,4,0,1,0
04-18-20,Franklin,26,3,26,3,0,0,28,3,318,55,346,58,0,1,3,4,0,21,0,4,1
04-18-20,Gibson,28,2,28,2,0,0,30,1,460,47,490,48,0,0,1,6,1,22,0,3,0
04-18-20,Giles,5,0,5,0,0,0,5,0,200,28,205,28,0,0,0,1,0,4,0,0,0
04-18-20,Grainger,4,0,4,0,0,0,3,0,115,8,118,8,0,0,0,0,0,4,0,1,0
04-18-20,Greene,31,0,31,0,0,0,31,1,336,42,367,43,0,2,-1,2,1,27,0,6,2
04-18-20,Grundy,24,0,24,0,0,0,29,0,197,6,226,6,0,1,0,4,0,19,0,10,1
04-18-20,Hamblen,12,5,12,5,0,0,12,5,316,17,328,22,0,1,5,8,0,3,0,3,1
04-18-20,Hamilton,116,1,116,1,0,0,129,2,1692,61,1821,63,0,11,-2,6,3,99,0,35,14
04-18-20,Hancock,0,0,0,0,0,0,0,0,20,0,20,0,0,0,0,0,0,0,0,0,0
04-18-20,Hardeman,10,0,10,0,0,0,11,0,193,6,204,6,0,0,0,3,0,7,0,3,0
04-18-20,Hardin,4,0,4,0,0,0,4,0,406,44,410,44,0,0,0,1,0,3,0,0,0
04-18-20,Hawkins,27,0,27,0,0,0,33,0,267,20,300,20,0,2,-2,3,2,22,0,5,2
04-18-20,Haywood,14,0,14,0,0,0,15,0,162,9,177,9,0,1,-1,2,1,11,0,6,1
04-18-20,Henderson,4,0,4,0,0,0,5,0,229,6,234,6,0,0,0,1,0,3,0,0,0
04-18-20,Henry,9,0,9,0,0,0,11,1,209,9,220,10,0,0,0,3,0,6,0,3,0
04-18-20,Hickman,3,1,3,1,0,0,3,1,139,11,142,12,0,0,1,1,0,2,0,1,0
04-18-20,Houston,5,0,5,0,0,0,5,0,113,4,118,4,0,0,0,0,0,5,0,3,0
04-18-20,Humphreys,6,2,6,2,0,0,6,2,146,3,152,5,0,0,2,2,0,4,0,0,0
04-18-20,Jackson,6,0,6,0,0,0,9,0,161,5,170,5,0,0,0,0,0,6,0,0,0
04-18-20,Jefferson,13,0,13,0,0,0,13,0,276,18,289,18,0,0,-1,-1,1,14,0,0,0
04-18-20,Johnson,2,0,2,0,0,0,2,0,38,4,40,4,0,0,0,0,0,2,0,0,0
04-18-20,Knox,192,0,192,0,0,0,218,1,3239,123,3457,124,0,4,-5,24,5,164,0,26,4
04-18-20,Lake,4,0,4,0,0,0,4,0,540,9,544,9,0,0,0,3,0,1,0,0,0
04-18-20,Lauderdale,15,2,15,2,0,0,15,2,178,16,193,18,0,0,1,5,1,10,1,5,0
04-18-20,Lawrence,14,0,14,0,0,0,16,0,371,19,387,19,0,0,0,3,0,11,0,3,0
04-18-20,Lewis,3,0,3,0,0,0,3,0,43,4,46,4,0,0,0,1,0,2,0,0,0
04-18-20,Lincoln,10,1,10,1,0,0,11,1,153,17,164,18,0,0,0,0,1,10,0,2,0
04-18-20,Loudon,22,1,22,1,0,0,23,1,338,11,361,12,0,0,1,4,0,18,0,3,0
04-18-20,Macon,34,1,34,1,0,0,40,1,495,16,535,17,0,3,0,10,1,21,1,10,3
04-18-20,Madison,88,2,88,2,0,0,93,2,907,43,1000,45,0,0,-7,28,9,60,0,10,1
04-18-20,Marion,29,0,28,0,1,0,32,0,160,8,192,8,0,1,0,4,0,24,0,11,2
04-18-20,Marshall,14,0,14,0,0,0,16,2,251,24,267,26,0,1,0,6,0,7,0,3,1
04-18-20,Maury,34,0,34,0,0,0,37,0,736,33,773,33,0,0,-1,1,1,33,0,5,0
04-18-20,McMinn,6,0,6,0,0,0,6,0,506,73,512,73,0,0,0,2,0,4,0,1,0
04-18-20,McNairy,9,0,9,0,0,0,9,0,157,6,166,6,0,0,-1,0,1,9,0,1,0
04-18-20,Meigs,4,0,4,0,0,0,3,0,83,3,86,3,0,0,0,1,0,3,0,2,0
04-18-20,Monroe,10,0,10,0,0,0,11,1,273,19,284,20,0,1,0,3,0,6,0,2,1
04-18-20,Montgomery,117,5,117,5,0,0,123,6,1578,72,1701,78,0,2,3,27,2,88,0,16,2
04-18-20,Moore,2,0,2,0,0,0,2,1,74,24,76,25,0,0,0,2,0,0,0,0,0
04-18-20,Morgan,6,0,6,0,0,0,8,0,138,6,146,6,0,0,0,1,0,5,0,0,0
04-18-20,Obion,9,0,9,0,0,0,9,0,186,15,195,15,0,1,0,3,0,5,0,1,1
04-18-20,Out of State,121,3,121,3,0,0,129,2,11029,516,11158,518,0,1,1,16,2,104,0,9,0
04-18-20,Overton,7,0,7,0,0,0,7,0,430,33,437,33,0,0,0,2,0,5,0,1,0
04-18-20,Pending,0,0,0,0,0,0,0,0,11396,687,11396,687,0,0,0,-1,0,1,0,0,0
04-18-20,Perry,6,0,6,0,0,0,6,0,44,2,50,2,0,0,0,3,0,3,0,0,0
04-18-20,Pickett,0,0,0,0,0,0,0,0,53,7,53,7,0,0,0,0,0,0,0,0,0
04-18-20,Polk,6,0,6,0,0,0,7,0,57,6,64,6,0,0,0,1,0,5,0,2,0
04-18-20,Putnam,93,1,93,1,0,0,126,7,1027,72,1153,79,0,2,-2,10,3,81,0,2,4
04-18-20,Rhea,2,1,2,1,0,0,2,1,261,10,263,11,0,0,1,2,0,0,0,0,0
04-18-20,Roane,9,0,9,0,0,0,14,1,482,27,496,28,0,0,0,2,0,7,0,2,0
04-18-20,Robertson,101,1,101,1,0,0,105,1,842,44,947,45,0,0,-3,21,4,80,0,17,1
04-18-20,Rutherford,320,9,320,9,0,0,354,14,2497,124,2851,138,0,6,2,43,7,271,0,42,6
04-18-20,Scott,11,0,11,0,0,0,11,0,141,9,152,9,0,0,-1,2,1,9,0,0,0
04-18-20,Sequatchie,5,0,5,0,0,0,5,0,159,11,164,11,0,0,0,3,0,2,0,1,0
04-18-20,Sevier,27,1,27,1,0,0,31,1,679,24,710,25,0,1,-1,2,2,24,0,5,1
04-18-20,Shelby,1768,43,1764,43,4,0,1925,66,10255,855,12180,921,1,34,-7,570,49,1164,3,261,42
04-18-20,Smith,11,0,11,0,0,0,11,0,233,11,244,11,0,1,0,3,0,7,0,1,1
04-18-20,Stewart,5,1,5,1,0,0,5,1,119,3,124,4,0,0,1,0,0,5,0,0,0
04-18-20,Sullivan,45,0,45,0,0,0,45,1,487,18,532,19,0,1,-1,6,1,38,0,6,1
04-18-20,Sumner,525,10,522,10,3,0,634,16,1971,67,2605,83,1,30,1,75,8,420,2,180,32
04-18-20,Tipton,57,0,56,0,1,0,65,2,698,53,763,55,0,0,-2,4,2,53,0,9,0
04-18-20,Trousdale,25,1,24,1,1,0,24,1,122,8,146,9,0,1,1,11,0,13,0,6,1
04-18-20,Unicoi,1,0,1,0,0,0,1,0,63,2,64,2,0,0,0,0,0,1,0,0,0
04-18-20,Union,3,0,3,0,0,0,3,0,78,3,81,3,0,0,0,0,0,3,0,0,0
04-18-20,Van Buren,1,0,1,0,0,0,1,0,65,3,66,3,0,0,0,1,0,0,0,0,0
04-18-20,Warren,4,0,4,0,0,0,3,0,311,31,314,31,0,0,0,2,0,2,0,0,0
04-18-20,Washington,45,0,45,0,0,0,52,0,639,41,691,41,0,0,-3,4,3,41,0,5,0
04-18-20,Wayne,3,1,3,1,0,0,4,1,105,5,109,6,0,0,1,1,0,2,1,2,0
04-18-20,Weakley,9,2,9,2,0,0,8,2,205,16,213,18,0,0,2,3,0,6,0,0,0
04-18-20,White,5,0,4,0,1,0,4,0,335,22,339,22,0,0,0,2,0,3,0,1,0
04-18-20,Williamson,340,2,340,2,0,0,359,3,2755,97,3114,100,1,6,1,35,0,299,1,40,6
04-18-20,Wilson,182,3,182,3,0,0,187,3,1492,38,1679,41,0,1,1,48,2,133,0,18,1
04-17-20,Anderson,13,0,13,0,0,0,15,0,584,20,599,20,0,1,0,0,0,12,0,2,1
04-17-20,Bedford,61,16,61,16,0,0,55,14,334,16,389,30,0,2,16,44,0,15,0,6,2
04-17-20,Benton,4,0,4,0,0,0,5,0,99,2,104,2,0,0,0,0,0,4,0,1,1
04-17-20,Bledsoe,20,8,20,8,0,0,21,8,769,4,790,12,0,0,7,16,1,4,0,2,0
04-17-20,Blount,46,0,46,0,0,0,55,0,643,22,698,22,0,3,0,2,0,41,0,5,3
04-17-20,Bradley,36,0,36,0,0,0,37,1,407,9,444,10,0,1,-1,3,1,32,0,7,1
04-17-20,Campbell,13,1,12,0,1,1,13,1,178,8,191,9,0,1,0,0,1,12,0,1,1
04-17-20,Cannon,7,0,7,0,0,0,11,1,143,6,154,7,0,0,0,2,0,5,0,2,0
04-17-20,Carroll,11,0,11,0,0,0,11,0,260,8,271,8,0,0,-1,1,1,10,0,1,0
04-17-20,Carter,6,0,6,0,0,0,6,0,176,2,182,2,0,1,0,2,0,3,0,2,1
04-17-20,Cheatham,23,1,23,1,0,0,25,1,472,14,497,15,0,0,0,4,1,19,0,4,0
04-17-20,Chester,6,0,6,0,0,0,7,0,144,5,151,5,0,0,0,1,0,5,0,1,0
04-17-20,Claiborne,5,0,5,0,0,0,5,0,129,4,134,4,0,0,0,1,0,4,0,0,0
04-17-20,Clay,6,0,6,0,0,0,6,0,153,12,159,12,0,0,0,3,0,3,0,0,0
04-17-20,Cocke,11,0,11,0,0,0,11,0,138,6,149,6,0,0,0,6,0,5,0,1,0
04-17-20,Coffee,20,2,19,2,1,0,19,1,390,19,409,20,0,0,2,13,0,7,0,3,0
04-17-20,Crockett,3,3,3,3,0,0,2,2,94,3,96,5,0,0,3,3,0,0,0,0,0
04-17-20,Cumberland,58,1,58,1,0,0,69,2,914,5,983,7,0,0,-1,15,2,43,0,9,0
04-17-20,Davidson,1580,125,1579,125,1,0,1664,134,14850,669,16514,803,0,19,83,441,42,1120,10,186,21
04-17-20,Decatur,4,1,4,1,0,0,3,0,90,4,93,4,0,0,1,2,0,2,0,0,0
04-17-20,Dekalb,10,0,10,0,0,0,11,0,289,20,300,20,0,0,0,2,0,8,0,0,0
04-17-20,Dickson,43,2,43,2,0,0,46,2,345,21,391,23,0,0,2,14,0,29,0,7,0
04-17-20,Dyer,26,1,26,1,0,0,25,0,337,17,362,17,0,0,1,12,0,14,0,4,0
04-17-20,Fayette,43,2,43,2,0,0,48,2,464,24,512,26,0,1,2,14,0,28,0,10,1
04-17-20,Fentress,4,0,4,0,0,0,4,0,131,2,135,2,0,0,0,1,0,3,0,1,0
04-17-20,Franklin,23,0,23,0,0,0,25,0,263,12,288,12,0,1,-1,1,1,21,0,4,1
04-17-20,Gibson,26,1,26,1,0,0,29,1,413,34,442,35,0,0,0,5,1,21,0,3,0
04-17-20,Giles,5,0,5,0,0,0,5,0,172,14,177,14,0,0,0,1,0,4,0,0,0
04-17-20,Grainger,4,0,4,0,0,0,3,0,107,3,110,3,0,0,0,0,0,4,0,1,0
04-17-20,Greene,31,2,31,2,0,0,30,1,294,2,324,3,0,2,2,3,0,26,0,6,2
04-17-20,Grundy,24,0,24,0,0,0,29,0,191,2,220,2,0,1,-1,4,1,19,0,10,1
04-17-20,Hamblen,7,0,7,0,0,0,7,0,299,12,306,12,0,1,0,3,0,3,0,3,1
04-17-20,Hamilton,115,2,115,2,0,0,127,3,1631,27,1758,30,0,11,0,8,2,96,1,35,14
04-17-20,Hancock,0,0,0,0,0,0,0,0,20,0,20,0,0,0,0,0,0,0,0,0,0
04-17-20,Hardeman,10,1,10,1,0,0,11,1,187,12,198,13,0,0,1,3,0,7,0,3,0
04-17-20,Hardin,4,0,4,0,0,0,4,0,362,47,366,47,0,0,0,1,0,3,0,0,0
04-17-20,Hawkins,27,1,27,1,0,0,33,2,247,6,280,8,0,2,1,5,0,20,0,5,2
04-17-20,Haywood,14,1,14,1,0,0,15,1,153,15,168,16,0,1,1,3,0,10,0,6,1
04-17-20,Henderson,4,2,4,2,0,0,5,2,223,6,228,8,0,0,2,1,0,3,0,0,0
04-17-20,Henry,9,1,9,1,0,0,10,1,200,10,210,11,0,0,1,3,0,6,0,3,0
04-17-20,Hickman,2,0,2,0,0,0,2,0,128,4,130,4,0,0,0,0,0,2,0,1,0
04-17-20,Houston,5,0,5,0,0,0,5,0,109,10,114,10,0,0,0,0,0,5,0,3,0
04-17-20,Humphreys,4,0,4,0,0,0,4,0,143,7,147,7,0,0,0,0,0,4,0,0,0
04-17-20,Jackson,6,0,6,0,0,0,9,0,156,6,165,6,0,0,-1,0,1,6,0,0,0
04-17-20,Jefferson,13,1,13,1,0,0,13,1,258,5,271,6,-1,0,0,0,2,13,0,0,0
04-17-20,Johnson,2,0,2,0,0,0,2,0,34,0,36,0,0,0,0,0,0,2,0,0,0
04-17-20,Knox,192,2,192,2,0,0,217,4,3116,104,3333,108,0,4,-2,29,4,159,1,26,4
04-17-20,Lake,4,2,4,2,0,0,4,2,531,47,535,49,0,0,2,3,0,1,0,0,0
04-17-20,Lauderdale,13,0,13,0,0,0,13,1,162,8,175,9,0,0,-1,4,1,9,0,4,0
04-17-20,Lawrence,14,0,14,0,0,0,16,0,352,14,368,14,0,0,0,3,0,11,0,3,0
04-17-20,Lewis,3,0,3,0,0,0,3,0,39,3,42,3,0,0,0,1,0,2,0,0,0
04-17-20,Lincoln,9,0,9,0,0,0,10,0,136,8,146,8,0,0,-1,0,1,9,0,2,0
04-17-20,Loudon,21,2,21,2,0,0,22,2,327,12,349,14,0,0,0,3,2,18,1,3,0
04-17-20,Macon,33,1,33,1,0,0,39,1,479,28,518,29,0,3,0,10,1,20,0,9,3
04-17-20,Madison,86,1,86,1,0,0,91,1,864,49,955,50,0,0,-4,35,5,51,0,10,1
04-17-20,Marion,29,0,28,0,1,0,32,0,152,3,184,3,0,1,0,4,0,24,0,11,2
04-17-20,Marshall,14,2,14,2,0,0,14,1,227,15,241,16,0,1,2,6,0,7,0,3,1
04-17-20,Maury,34,1,34,1,0,0,37,2,703,11,740,13,0,0,0,2,1,32,0,5,0
04-17-20,McMinn,6,0,6,0,0,0,6,0,433,15,439,15,0,0,0,2,0,4,0,1,0
04-17-20,McNairy,9,0,9,0,0,0,9,0,151,15,160,15,0,0,0,1,0,8,0,1,0
04-17-20,Meigs,4,0,4,0,0,0,3,0,80,1,83,1,0,0,0,1,0,3,0,2,0
04-17-20,Monroe,10,1,10,1,0,0,10,1,254,3,264,4,0,1,1,3,0,6,0,2,1
04-17-20,Montgomery,112,5,112,5,0,0,117,6,1506,79,1623,85,0,2,3,24,2,86,1,16,2
04-17-20,Moore,2,1,2,1,0,0,1,0,50,5,51,5,0,0,1,2,0,0,0,0,0
04-17-20,Morgan,6,0,6,0,0,0,8,0,132,3,140,3,0,0,0,1,0,5,0,0,0
04-17-20,Obion,9,0,9,0,0,0,9,0,171,15,180,15,0,1,-1,3,1,5,0,1,1
04-17-20,Out of State,118,0,118,0,0,0,127,0,10513,260,10640,260,0,1,0,15,0,102,0,9,0
04-17-20,Overton,7,0,7,0,0,0,7,0,397,25,404,25,0,0,0,2,0,5,0,1,0
04-17-20,Pending,0,0,0,0,0,0,0,0,10709,209,10709,209,0,0,0,-1,0,1,0,0,0
04-17-20,Perry,6,0,6,0,0,0,6,0,42,2,48,2,0,0,0,3,0,3,0,0,0
04-17-20,Pickett,0,0,0,0,0,0,0,0,46,1,46,1,0,0,0,0,0,0,0,0,0
04-17-20,Polk,6,0,6,0,0,0,7,0,51,2,58,2,0,0,0,1,0,5,0,2,0
04-17-20,Putnam,92,1,92,1,0,0,119,3,955,16,1074,19,0,2,0,12,1,78,0,2,4
04-17-20,Rhea,1,0,1,0,0,0,1,0,251,2,252,2,0,0,0,1,0,0,0,0,0
04-17-20,Roane,9,1,9,1,0,0,13,1,455,12,468,13,0,0,1,2,0,7,0,2,0
04-17-20,Robertson,100,6,100,6,0,0,104,8,798,11,902,19,0,0,4,24,2,76,0,17,1
04-17-20,Rutherford,311,11,311,11,0,0,340,12,2373,49,2713,61,0,6,-5,41,16,264,2,42,6
04-17-20,Scott,11,0,11,0,0,0,11,0,132,4,143,4,0,0,0,3,0,8,0,0,0
04-17-20,Sequatchie,5,0,5,0,0,0,5,0,148,3,153,3,0,0,0,3,0,2,0,1,0
04-17-20,Sevier,26,0,26,0,0,0,30,1,655,17,685,18,1,1,-1,3,0,22,0,5,1
04-17-20,Shelby,1725,76,1721,76,4,0,1859,91,9400,496,11259,587,0,33,6,577,70,1115,10,258,42
04-17-20,Smith,11,0,11,0,0,0,11,0,222,4,233,4,0,1,-2,3,2,7,0,1,1
04-17-20,Stewart,4,0,4,0,0,0,4,0,116,4,120,4,0,0,0,-1,0,5,0,0,0
04-17-20,Sullivan,45,0,45,0,0,0,44,0,469,6,513,6,0,1,-4,7,4,37,0,6,1
04-17-20,Sumner,515,8,512,8,3,0,618,15,1904,31,2522,46,1,29,-3,74,10,412,2,178,32
04-17-20,Tipton,57,2,56,2,1,0,63,2,645,13,708,15,0,0,1,6,1,51,0,9,0
04-17-20,Trousdale,24,0,23,0,1,0,23,0,114,0,137,0,0,1,0,10,0,13,0,6,1
04-17-20,Unicoi,1,0,1,0,0,0,1,0,61,0,62,0,0,0,0,0,0,1,0,0,0
04-17-20,Union,3,0,3,0,0,0,3,0,75,2,78,2,0,0,0,0,0,3,0,0,0
04-17-20,Van Buren,1,0,1,0,0,0,1,0,62,3,63,3,0,0,0,1,0,0,0,0,0
04-17-20,Warren,4,0,4,0,0,0,3,0,280,10,283,10,0,0,0,2,0,2,0,0,0
04-17-20,Washington,45,0,45,0,0,0,52,1,598,9,650,10,0,0,-3,7,3,38,0,5,0
04-17-20,Wayne,2,0,2,0,0,0,3,0,100,7,103,7,0,0,0,0,0,2,0,1,0
04-17-20,Weakley,7,0,7,0,0,0,6,0,189,2,195,2,0,0,-1,1,1,6,0,0,0
04-17-20,White,5,0,4,0,1,0,4,0,313,7,317,7,0,0,-1,2,1,3,0,1,0
04-17-20,Williamson,338,12,338,12,0,0,356,14,2658,51,3014,65,0,5,8,34,4,299,0,39,6
04-17-20,Wilson,179,10,179,10,0,0,184,12,1454,47,1638,59,0,1,6,47,4,131,2,18,1
04-16-20,Anderson,13,0,13,0,0,0,15,0,564,22,579,22,0,1,0,0,0,12,0,2,1
04-16-20,Bedford,45,7,45,7,0,0,41,3,318,16,359,19,0,2,6,28,1,15,0,6,2
04-16-20,Benton,4,0,4,0,0,0,5,1,97,3,102,4,0,0,0,0,0,4,0,1,1
04-16-20,Bledsoe,12,2,12,2,0,0,13,2,765,19,778,21,0,0,2,9,0,3,0,2,0
04-16-20,Blount,46,0,46,0,0,0,55,1,621,31,676,32,0,3,0,2,0,41,0,5,3
04-16-20,Bradley,36,1,36,1,0,0,36,1,398,8,434,9,0,1,1,4,0,31,0,7,1
04-16-20,Campbell,12,0,12,0,0,0,12,0,170,7,182,7,0,1,0,0,0,11,0,1,1
04-16-20,Cannon,7,1,7,1,0,0,10,2,137,4,147,6,0,0,-1,2,2,5,1,2,0
04-16-20,Carroll,11,0,11,0,0,0,11,0,252,9,263,9,0,0,0,2,0,9,0,1,0
04-16-20,Carter,6,1,6,1,0,0,6,1,174,6,180,7,0,1,1,2,0,3,0,2,1
04-16-20,Cheatham,22,2,22,2,0,0,24,2,458,13,482,15,0,0,2,4,0,18,1,4,0
04-16-20,Chester,6,0,6,0,0,0,7,0,139,5,146,5,0,0,0,1,0,5,0,1,0
04-16-20,Claiborne,5,0,5,0,0,0,5,0,125,7,130,7,0,0,0,1,0,4,0,0,0
04-16-20,Clay,6,0,6,0,0,0,6,0,141,1,147,1,0,0,-1,3,1,3,0,0,0
04-16-20,Cocke,11,2,11,2,0,0,11,2,132,17,143,19,0,0,1,6,1,5,0,1,0
04-16-20,Coffee,18,1,17,1,1,0,18,2,371,19,389,21,0,0,1,11,0,7,1,3,0
04-16-20,Crockett,0,0,0,0,0,0,0,0,91,8,91,8,0,0,0,0,0,0,0,0,0
04-16-20,Cumberland,57,2,57,2,0,0,67,5,909,23,976,28,0,0,-1,16,3,41,1,9,0
04-16-20,Davidson,1455,45,1454,45,1,0,1530,43,14181,230,15711,273,0,19,10,358,35,1078,3,176,21
04-16-20,Decatur,3,0,3,0,0,0,3,0,86,4,89,4,0,0,0,1,0,2,0,0,0
04-16-20,Dekalb,10,0,10,0,0,0,11,0,269,13,280,13,0,0,-2,2,2,8,0,0,0
04-16-20,Dickson,41,2,41,2,0,0,44,2,324,14,368,16,0,0,1,12,1,29,0,7,0
04-16-20,Dyer,25,0,25,0,0,0,25,1,320,14,345,15,0,0,0,11,0,14,0,4,0
04-16-20,Fayette,41,1,41,1,0,0,46,2,440,25,486,27,0,1,1,12,0,28,0,10,1
04-16-20,Fentress,4,1,4,1,0,0,4,1,129,3,133,4,0,0,1,1,0,3,1,1,0
04-16-20,Franklin,23,0,23,0,0,0,25,0,251,12,276,12,0,1,0,2,0,20,0,4,1
04-16-20,Gibson,25,3,25,3,0,0,28,4,379,20,407,24,0,0,3,5,0,20,0,3,0
04-16-20,Giles,5,0,5,0,0,0,5,0,158,8,163,8,0,0,0,1,0,4,0,0,0
04-16-20,Grainger,4,0,4,0,0,0,3,0,104,7,107,7,0,0,0,0,0,4,0,1,0
04-16-20,Greene,29,1,29,1,0,0,29,1,292,10,321,11,0,2,1,1,0,26,0,6,2
04-16-20,Grundy,24,1,24,1,0,0,29,2,189,5,218,7,0,1,0,5,1,18,1,10,1
04-16-20,Hamblen,7,0,7,0,0,0,7,0,287,15,294,15,0,1,0,3,0,3,0,3,1
04-16-20,Hamilton,113,3,113,3,0,0,124,3,1604,70,1728,73,0,11,-2,8,5,94,0,34,13
04-16-20,Hancock,0,0,0,0,0,0,0,0,20,0,20,0,0,0,0,0,0,0,0,0,0
04-16-20,Hardeman,9,0,9,0,0,0,10,0,175,11,185,11,0,0,0,2,0,7,0,3,0
04-16-20,Hardin,4,0,4,0,0,0,4,0,315,28,319,28,0,0,0,1,0,3,0,0,0
04-16-20,Hawkins,26,0,26,0,0,0,31,1,241,7,272,8,0,2,-2,4,2,20,0,5,2
04-16-20,Haywood,13,0,13,0,0,0,14,0,138,6,152,6,0,1,0,2,0,10,0,6,1
04-16-20,Henderson,2,0,2,0,0,0,3,1,217,6,220,7,0,0,0,-1,0,3,0,0,0
04-16-20,Henry,8,0,8,0,0,0,9,1,190,10,199,11,0,0,-1,2,1,6,0,3,0
04-16-20,Hickman,2,0,2,0,0,0,2,0,124,1,126,1,0,0,0,0,0,2,0,1,0
04-16-20,Houston,5,0,5,0,0,0,5,0,99,2,104,2,0,0,0,0,0,5,0,3,0
04-16-20,Humphreys,4,0,4,0,0,0,4,0,136,14,140,14,0,0,0,0,0,4,0,0,0
04-16-20,Jackson,6,0,6,0,0,0,9,0,150,6,159,6,0,0,0,1,0,5,0,0,0
04-16-20,Jefferson,12,0,12,0,0,0,12,0,253,12,265,12,0,1,-2,0,2,11,0,0,0
04-16-20,Johnson,2,0,2,0,0,0,2,0,34,1,36,1,0,0,0,0,0,2,0,0,0
04-16-20,Knox,190,6,190,6,0,0,213,7,3012,230,3225,237,0,4,1,31,5,155,2,25,4
04-16-20,Lake,2,0,2,0,0,0,2,0,484,6,486,6,0,0,0,1,0,1,0,0,0
04-16-20,Lauderdale,13,1,13,1,0,0,12,0,154,6,166,6,0,0,0,5,1,8,1,4,0
04-16-20,Lawrence,14,0,14,0,0,0,16,0,338,11,354,11,0,0,-2,3,2,11,0,3,0
04-16-20,Lewis,3,0,3,0,0,0,3,0,36,3,39,3,0,0,0,1,0,2,0,0,0
04-16-20,Lincoln,9,0,9,0,0,0,10,0,128,8,138,8,0,0,-1,1,1,8,0,2,0
04-16-20,Loudon,19,1,19,1,0,0,20,1,315,14,335,15,0,0,1,3,0,16,0,2,0
04-16-20,Macon,32,2,32,2,0,0,38,2,451,16,489,18,0,3,0,10,2,19,0,9,3
04-16-20,Madison,85,8,85,8,0,0,90,9,815,44,905,53,0,0,6,39,2,46,0,10,1
04-16-20,Marion,29,1,28,1,1,0,32,1,149,9,181,10,0,1,1,4,0,24,0,11,2
04-16-20,Marshall,12,0,12,0,0,0,13,1,212,3,225,4,0,1,0,4,0,7,0,3,1
04-16-20,Maury,33,0,33,0,0,0,35,1,692,25,727,26,0,0,0,2,0,31,0,5,0
04-16-20,McMinn,6,1,6,1,0,0,6,1,418,24,424,25,0,0,1,2,0,4,0,1,0
04-16-20,McNairy,9,0,9,0,0,0,9,0,136,8,145,8,0,0,0,1,0,8,0,1,0
04-16-20,Meigs,4,0,4,0,0,0,3,0,79,3,82,3,0,0,-1,1,1,3,0,2,0
04-16-20,Monroe,9,0,9,0,0,0,9,0,251,15,260,15,1,1,-2,2,1,6,0,2,1
04-16-20,Montgomery,107,1,107,1,0,0,111,1,1427,45,1538,46,0,2,0,21,1,84,0,15,2
04-16-20,Moore,1,0,1,0,0,0,1,0,45,4,46,4,0,0,0,1,0,0,0,0,0
04-16-20,Morgan,6,1,6,1,0,0,8,1,129,8,137,9,0,0,1,1,0,5,0,0,0
04-16-20,Obion,9,0,9,0,0,0,9,1,156,8,165,9,0,1,0,4,0,4,0,1,1
04-16-20,Out of State,118,3,118,3,0,0,127,2,10253,522,10380,524,0,1,0,15,3,102,0,9,0
04-16-20,Overton,7,0,7,0,0,0,7,0,372,8,379,8,0,0,0,2,0,5,0,1,0
04-16-20,Pending,0,0,0,0,0,0,0,0,10500,220,10500,220,0,0,0,-1,0,1,0,0,0
04-16-20,Perry,6,1,6,1,0,0,6,1,40,0,46,1,0,0,1,3,0,3,0,0,0
04-16-20,Pickett,0,0,0,0,0,0,0,0,45,0,45,0,0,0,0,0,0,0,0,0,0
04-16-20,Polk,6,1,6,1,0,0,7,1,49,4,56,5,0,0,1,1,0,5,1,2,0
04-16-20,Putnam,91,0,91,0,0,0,116,5,939,15,1055,20,2,2,-3,12,1,77,0,2,3
04-16-20,Rhea,1,1,1,1,0,0,1,1,249,9,250,10,0,0,1,1,0,0,0,0,0
04-16-20,Roane,8,0,8,0,0,0,12,1,443,31,455,32,0,0,0,1,0,7,0,2,0
04-16-20,Robertson,94,2,94,2,0,0,96,2,787,26,883,28,0,0,1,20,1,74,0,17,1
04-16-20,Rutherford,300,8,300,8,0,0,328,14,2324,116,2652,130,0,6,-11,46,19,248,0,40,6
04-16-20,Scott,11,0,11,0,0,0,11,0,128,8,139,8,0,0,-2,3,2,8,0,0,0
04-16-20,Sequatchie,5,0,5,0,0,0,5,0,145,29,150,29,0,0,0,3,0,2,0,1,0
04-16-20,Sevier,26,0,26,0,0,0,29,0,638,48,667,48,0,0,0,4,0,22,0,5,1
04-16-20,Shelby,1649,157,1645,157,4,0,1768,191,8904,1117,10672,1308,2,33,85,571,70,1045,6,248,42
04-16-20,Smith,11,1,11,1,0,0,11,1,218,7,229,8,0,1,0,5,1,5,0,1,1
04-16-20,Stewart,4,1,4,1,0,0,4,1,112,8,116,9,0,0,1,-1,0,5,0,0,0
04-16-20,Sullivan,45,2,45,2,0,0,44,2,463,25,507,27,0,1,-1,11,3,33,1,6,1
04-16-20,Sumner,507,5,504,5,3,0,603,16,1873,68,2476,84,1,28,-11,77,15,402,1,176,31
04-16-20,Tipton,55,3,54,3,1,0,61,4,632,51,693,55,0,0,2,5,1,50,0,9,0
04-16-20,Trousdale,24,0,23,0,1,0,23,0,114,5,137,5,0,1,-1,10,1,13,0,6,1
04-16-20,Unicoi,1,0,1,0,0,0,1,0,61,4,62,4,0,0,0,0,0,1,0,0,0
04-16-20,Union,3,0,3,0,0,0,3,0,73,2,76,2,0,0,0,0,0,3,0,0,0
04-16-20,Van Buren,1,0,1,0,0,0,1,0,59,6,60,6,0,0,0,1,0,0,0,0,0
04-16-20,Warren,4,0,4,0,0,0,3,0,270,20,273,20,0,0,0,2,0,2,0,0,0
04-16-20,Washington,45,1,45,1,0,0,51,1,589,9,640,10,0,0,0,10,1,35,1,5,0
04-16-20,Wayne,2,0,2,0,0,0,3,0,93,2,96,2,0,0,0,0,0,2,0,1,0
04-16-20,Weakley,7,0,7,0,0,0,6,0,187,17,193,17,0,0,0,2,0,5,0,0,0
04-16-20,White,5,0,4,0,1,0,4,0,306,30,310,30,0,0,0,3,0,2,0,1,0
04-16-20,Williamson,326,4,326,4,0,0,342,6,2607,68,2949,74,0,5,-3,26,7,295,0,39,6
04-16-20,Wilson,169,3,169,3,0,0,172,4,1407,36,1579,40,0,1,-4,41,7,127,1,16,1
04-15-20,Anderson,13,0,13,0,0,0,15,0,542,18,557,18,0,1,-2,0,2,12,0,2,1
04-15-20,Bedford,38,10,38,10,0,0,38,9,302,13,340,22,0,2,7,22,3,14,1,6,2
04-15-20,Benton,4,0,4,0,0,0,4,0,94,6,98,6,0,0,0,0,0,4,0,1,1
04-15-20,Bledsoe,10,0,10,0,0,0,11,0,746,12,757,12,0,0,0,7,0,3,0,2,0
04-15-20,Blount,46,0,46,0,0,0,54,0,590,6,644,6,0,3,-1,2,1,41,0,5,3
04-15-20,Bradley,35,1,35,1,0,0,35,0,390,9,425,9,0,1,0,3,1,31,1,7,1
04-15-20,Campbell,12,0,12,0,0,0,12,1,163,1,175,2,1,1,-2,0,1,11,0,1,1
04-15-20,Cannon,6,0,6,0,0,0,8,1,133,5,141,6,0,0,0,3,0,3,0,1,0
04-15-20,Carroll,11,0,11,0,0,0,11,1,243,12,254,13,0,0,0,2,0,9,0,1,0
04-15-20,Carter,5,1,5,1,0,0,5,1,168,4,173,5,0,1,1,1,0,3,0,2,1
04-15-20,Cheatham,20,0,20,0,0,0,22,0,445,11,467,11,0,0,0,2,0,18,0,3,0
04-15-20,Chester,6,0,6,0,0,0,7,0,134,3,141,3,0,0,0,1,0,5,0,1,0
04-15-20,Claiborne,5,0,5,0,0,0,5,0,118,1,123,1,0,0,0,1,0,4,0,0,0
04-15-20,Clay,6,1,6,1,0,0,6,1,140,9,146,10,0,0,0,4,1,2,0,0,0
04-15-20,Cocke,9,2,9,2,0,0,9,2,115,3,124,5,0,0,2,5,0,4,0,1,0
04-15-20,Coffee,17,4,16,4,1,0,16,3,352,14,368,17,0,0,4,10,0,7,0,2,0
04-15-20,Crockett,0,0,0,0,0,0,0,0,83,2,83,2,0,0,0,0,0,0,0,0,0
04-15-20,Cumberland,55,3,55,3,0,0,62,4,886,60,948,64,0,0,1,17,2,38,1,8,0
04-15-20,Davidson,1410,75,1409,75,1,0,1487,82,13951,452,15438,534,1,19,26,348,48,1043,3,173,19
04-15-20,Decatur,3,0,3,0,0,0,3,0,82,1,85,1,0,0,0,1,0,2,0,0,0
04-15-20,Dekalb,10,0,10,0,0,0,11,1,256,18,267,19,0,0,0,4,0,6,0,0,0
04-15-20,Dickson,39,6,39,6,0,0,42,8,310,5,352,13,0,0,3,11,3,28,0,7,0
04-15-20,Dyer,25,2,25,2,0,0,24,1,306,34,330,35,0,0,2,11,0,14,0,4,0
04-15-20,Fayette,40,3,40,3,0,0,44,3,415,29,459,32,1,1,0,11,2,28,1,10,1
04-15-20,Fentress,3,0,3,0,0,0,3,0,126,8,129,8,0,0,0,0,0,3,0,0,0
04-15-20,Franklin,23,0,23,0,0,0,25,0,239,8,264,8,0,1,0,2,0,20,0,4,1
04-15-20,Gibson,22,0,22,0,0,0,24,1,359,10,383,11,0,0,0,2,0,20,0,3,0
04-15-20,Giles,5,1,5,1,0,0,5,1,150,5,155,6,0,0,1,1,0,4,0,0,0
04-15-20,Grainger,4,0,4,0,0,0,3,0,97,2,100,2,0,0,-1,0,1,4,0,1,0
04-15-20,Greene,28,0,28,0,0,0,28,1,282,22,310,23,0,2,0,0,0,26,0,6,2
04-15-20,Grundy,23,1,23,1,0,0,27,1,184,1,211,2,0,1,-1,5,2,17,0,9,1
04-15-20,Hamblen,7,1,7,1,0,0,7,1,272,7,279,8,0,1,1,3,0,3,1,3,1
04-15-20,Hamilton,110,1,110,1,0,0,121,1,1534,18,1655,19,0,11,-3,10,4,89,0,34,13
04-15-20,Hancock,0,0,0,0,0,0,0,0,20,0,20,0,0,0,0,0,0,0,0,0,0
04-15-20,Hardeman,9,0,9,0,0,0,10,0,164,10,174,10,0,0,-1,2,1,7,0,3,0
04-15-20,Hardin,4,1,4,1,0,0,4,2,287,34,291,36,0,0,0,1,1,3,0,0,0
04-15-20,Hawkins,26,1,26,1,0,0,30,1,234,10,264,11,0,2,0,6,1,18,0,5,2
04-15-20,Haywood,13,0,13,0,0,0,14,0,132,7,146,7,0,1,0,2,0,10,0,6,1
04-15-20,Henderson,2,0,2,0,0,0,2,0,211,5,213,5,0,0,0,-1,0,3,0,0,0
04-15-20,Henry,8,0,8,0,0,0,8,0,180,9,188,9,0,0,0,3,0,5,0,3,0
04-15-20,Hickman,2,0,2,0,0,0,2,0,123,1,125,1,0,0,0,0,0,2,0,1,0
04-15-20,Houston,5,0,5,0,0,0,5,0,97,0,102,0,0,0,0,0,0,5,0,3,0
04-15-20,Humphreys,4,0,4,0,0,0,4,0,122,4,126,4,0,0,0,0,0,4,0,0,0
04-15-20,Jackson,6,0,6,0,0,0,9,0,144,17,153,17,0,0,0,1,0,5,0,0,0
04-15-20,Jefferson,12,0,12,0,0,0,12,0,241,9,253,9,1,1,-1,2,0,9,0,0,0
04-15-20,Johnson,2,0,2,0,0,0,2,0,33,2,35,2,0,0,0,0,0,2,0,0,0
04-15-20,Knox,184,9,184,9,0,0,206,10,2782,67,2988,77,0,4,3,30,6,150,1,23,4
04-15-20,Lake,2,0,2,0,0,0,2,0,478,22,480,22,0,0,0,1,0,1,0,0,0
04-15-20,Lauderdale,12,0,12,0,0,0,12,0,148,12,160,12,0,0,0,5,0,7,0,3,0
04-15-20,Lawrence,14,0,14,0,0,0,16,0,327,7,343,7,0,0,0,5,0,9,0,3,0
04-15-20,Lewis,3,0,3,0,0,0,3,0,33,2,36,2,0,0,0,1,0,2,0,0,0
04-15-20,Lincoln,9,0,9,0,0,0,10,0,120,16,130,16,0,0,0,2,0,7,0,2,0
04-15-20,Loudon,18,1,18,1,0,0,19,1,301,11,320,12,0,0,1,2,0,16,0,2,0
04-15-20,Macon,30,0,30,0,0,0,36,1,435,31,471,32,1,3,-5,10,4,17,0,9,3
04-15-20,Madison,77,3,77,3,0,0,81,3,771,10,852,13,0,0,-5,33,8,44,0,10,0
04-15-20,Marion,28,0,27,0,1,0,31,0,140,4,171,4,0,1,-2,3,2,24,0,11,2
04-15-20,Marshall,12,3,12,3,0,0,12,3,209,4,221,7,0,1,3,4,0,7,0,3,1
04-15-20,Maury,33,0,33,0,0,0,34,0,667,15,701,15,0,0,-2,2,2,31,0,5,0
04-15-20,McMinn,5,0,5,0,0,0,5,0,394,27,399,27,0,0,0,1,0,4,0,1,0
04-15-20,McNairy,9,0,9,0,0,0,9,0,128,6,137,6,0,0,-1,1,1,8,0,1,0
04-15-20,Meigs,4,0,4,0,0,0,3,0,76,1,79,1,0,0,0,2,0,2,0,2,0
04-15-20,Monroe,9,0,9,0,0,0,9,0,236,4,245,4,0,0,-1,4,1,5,0,2,1
04-15-20,Montgomery,106,2,106,2,0,0,110,2,1382,54,1492,56,0,2,-1,21,3,83,0,15,2
04-15-20,Moore,1,0,1,0,0,0,1,1,41,0,42,1,0,0,0,1,0,0,0,0,0
04-15-20,Morgan,5,0,5,0,0,0,7,0,121,11,128,11,0,0,-1,0,1,5,0,0,0
04-15-20,Obion,9,0,9,0,0,0,8,0,148,7,156,7,0,1,-1,4,1,4,0,1,1
04-15-20,Out of State,115,1,115,1,0,0,125,1,9731,410,9856,411,0,1,-1,15,2,99,0,9,0
04-15-20,Overton,7,0,7,0,0,0,7,0,364,34,371,34,0,0,0,2,0,5,0,1,0
04-15-20,Pending,0,0,0,0,0,0,0,0,10280,168,10280,168,0,0,0,-1,0,1,0,0,0
04-15-20,Perry,5,0,5,0,0,0,5,0,40,2,45,2,0,0,0,2,0,3,0,0,0
04-15-20,Pickett,0,0,0,0,0,0,0,0,45,5,45,5,0,0,0,0,0,0,0,0,0
04-15-20,Polk,5,0,5,0,0,0,6,0,45,0,51,0,0,0,-1,0,1,5,0,1,0
04-15-20,Putnam,91,2,91,2,0,0,111,4,924,134,1035,138,0,0,-1,15,3,76,0,2,3
04-15-20,Rhea,0,0,0,0,0,0,0,0,240,12,240,12,0,0,0,0,0,0,0,0,0
04-15-20,Roane,8,1,8,1,0,0,11,1,412,16,423,17,0,0,1,1,0,7,0,2,0
04-15-20,Robertson,92,1,92,1,0,0,94,1,761,25,855,26,0,0,-6,19,7,73,1,17,1
04-15-20,Rutherford,292,16,292,16,0,0,314,19,2208,65,2522,84,0,6,5,57,11,229,1,40,6
04-15-20,Scott,11,1,11,1,0,0,11,1,120,5,131,6,0,0,1,5,0,6,0,0,0
04-15-20,Sequatchie,5,0,5,0,0,0,5,0,116,11,121,11,0,0,0,3,0,2,0,1,0
04-15-20,Sevier,26,0,26,0,0,0,29,0,590,10,619,10,0,0,-1,4,1,22,0,5,1
04-15-20,Shelby,1492,77,1488,77,4,0,1577,86,7787,450,9364,536,5,31,5,486,67,975,5,242,40
04-15-20,Smith,10,1,10,1,0,0,10,1,211,20,221,21,1,1,-1,5,1,4,0,1,1
04-15-20,Stewart,3,0,3,0,0,0,3,0,104,4,107,4,0,0,0,-2,0,5,0,0,0
04-15-20,Sullivan,43,1,43,1,0,0,42,1,438,8,480,9,0,1,1,12,0,30,0,5,1
04-15-20,Sumner,502,16,499,16,3,0,587,24,1805,46,2392,70,0,27,6,88,10,387,0,175,30
04-15-20,Tipton,52,0,51,0,1,0,57,3,581,32,638,35,0,0,-3,3,3,49,0,9,0
04-15-20,Trousdale,24,1,23,1,1,0,23,1,109,15,132,16,0,1,1,11,0,12,0,6,1
04-15-20,Unicoi,1,0,1,0,0,0,1,0,57,0,58,0,0,0,0,0,0,1,0,0,0
04-15-20,Union,3,0,3,0,0,0,3,0,71,0,74,0,0,0,-1,0,1,3,0,0,0
04-15-20,Van Buren,1,0,1,0,0,0,1,0,53,8,54,8,0,0,0,1,0,0,0,0,0
04-15-20,Warren,4,0,4,0,0,0,3,0,250,7,253,7,0,0,0,2,0,2,0,0,0
04-15-20,Washington,44,1,44,1,0,0,50,2,580,24,630,26,0,0,-1,10,2,34,0,4,0
04-15-20,Wayne,2,0,2,0,0,0,3,0,91,3,94,3,0,0,0,0,0,2,0,1,0
04-15-20,Weakley,7,0,7,0,0,0,6,0,170,3,176,3,0,0,0,2,0,5,0,0,0
04-15-20,White,5,0,4,0,1,0,4,0,276,11,280,11,0,0,0,3,0,2,0,1,0
04-15-20,Williamson,322,3,322,3,0,0,336,6,2539,34,2875,40,0,5,-5,29,8,288,0,39,6
04-15-20,Wilson,166,9,166,9,0,0,168,8,1371,20,1539,28,0,1,-4,45,13,120,2,15,1
04-14-20,Anderson,13,0,13,0,0,0,15,0,524,12,539,12,0,1,0,2,0,10,0,2,1
04-14-20,Bedford,28,4,28,4,0,0,29,4,289,2,318,6,1,2,1,15,2,11,0,5,2
04-14-20,Benton,4,0,4,0,0,0,4,0,88,1,92,1,0,0,0,0,0,4,0,1,1
04-14-20,Bledsoe,10,2,10,2,0,0,11,3,734,4,745,7,0,0,2,7,0,3,0,2,0
04-14-20,Blount,46,1,46,1,0,0,54,3,584,24,638,27,0,3,-1,3,2,40,0,5,3
04-14-20,Bradley,34,1,34,1,0,0,35,3,381,2,416,5,1,1,-1,3,1,30,0,6,1
04-14-20,Campbell,12,0,12,0,0,0,11,0,162,3,173,3,0,0,-1,2,1,10,0,1,1
04-14-20,Cannon,6,0,6,0,0,0,7,0,128,0,135,0,0,0,0,3,0,3,0,1,0
04-14-20,Carroll,11,1,11,1,0,0,10,0,231,4,241,4,0,0,0,2,1,9,0,1,0
04-14-20,Carter,4,0,4,0,0,0,4,0,164,2,168,2,1,1,-1,0,0,3,0,2,1
04-14-20,Cheatham,20,0,20,0,0,0,22,0,434,2,456,2,0,0,-1,2,1,18,0,3,0
04-14-20,Chester,6,1,6,1,0,0,7,1,131,0,138,1,0,0,1,1,0,5,0,1,0
04-14-20,Claiborne,5,0,5,0,0,0,5,0,117,3,122,3,0,0,0,1,0,4,0,0,0
04-14-20,Clay,5,1,5,1,0,0,5,0,131,0,136,0,0,0,1,4,0,1,0,0,0
04-14-20,Cocke,7,0,7,0,0,0,7,0,112,4,119,4,0,0,-1,3,1,4,0,1,0
04-14-20,Coffee,13,1,12,1,1,0,13,1,338,2,351,3,0,0,-1,6,2,7,0,2,0
04-14-20,Crockett,0,0,0,0,0,0,0,0,81,2,81,2,0,0,0,0,0,0,0,0,0
04-14-20,Cumberland,52,0,52,0,0,0,58,0,826,2,884,2,0,0,-6,16,6,36,0,7,0
04-14-20,Davidson,1335,42,1334,42,1,0,1405,52,13499,204,14904,256,2,18,2,322,38,995,9,170,18
04-14-20,Decatur,3,0,3,0,0,0,3,0,81,0,84,0,0,0,0,1,0,2,0,0,0
04-14-20,Dekalb,10,0,10,0,0,0,10,0,238,0,248,0,0,0,0,4,0,6,0,0,0
04-14-20,Dickson,33,4,33,4,0,0,34,3,305,5,339,8,0,0,4,8,0,25,2,7,0
04-14-20,Dyer,23,0,23,0,0,0,23,0,272,5,295,5,0,0,0,9,0,14,0,4,0
04-14-20,Fayette,37,2,37,2,0,0,41,3,386,13,427,16,0,0,0,11,2,26,1,9,1
04-14-20,Fentress,3,0,3,0,0,0,3,0,118,0,121,0,0,0,-1,0,1,3,0,0,0
04-14-20,Franklin,23,0,23,0,0,0,25,0,231,1,256,1,0,1,0,2,0,20,0,4,1
04-14-20,Gibson,22,3,22,3,0,0,23,1,349,4,372,5,0,0,3,2,0,20,1,3,0
04-14-20,Giles,4,1,4,1,0,0,4,1,145,1,149,2,0,0,0,0,1,4,0,0,0
04-14-20,Grainger,4,0,4,0,0,0,3,0,95,4,98,4,0,0,0,1,0,3,0,1,0
04-14-20,Greene,28,1,28,1,0,0,27,0,260,0,287,0,1,2,-2,0,2,26,0,6,2
04-14-20,Grundy,22,0,22,0,0,0,26,1,183,0,209,1,1,1,-2,6,1,15,0,9,1
04-14-20,Hamblen,6,0,6,0,0,0,6,0,265,11,271,11,0,1,0,2,0,3,0,2,1
04-14-20,Hamilton,109,0,109,0,0,0,120,2,1516,31,1636,33,1,11,-2,13,1,85,0,34,13
04-14-20,Hancock,0,0,0,0,0,0,0,0,20,0,20,0,0,0,0,0,0,0,0,0,0
04-14-20,Hardeman,9,0,9,0,0,0,10,0,154,3,164,3,0,0,0,3,0,6,0,3,0
04-14-20,Hardin,3,1,3,1,0,0,2,0,253,0,255,0,0,0,1,1,0,2,0,0,0
04-14-20,Hawkins,25,1,25,1,0,0,29,2,224,5,253,7,0,2,1,6,0,17,0,5,2
04-14-20,Haywood,13,0,13,0,0,0,14,0,125,2,139,2,0,1,0,2,0,10,0,6,1
04-14-20,Henderson,2,0,2,0,0,0,2,0,206,2,208,2,0,0,0,-1,0,3,0,0,0
04-14-20,Henry,8,0,8,0,0,0,8,0,171,0,179,0,0,0,0,3,0,5,0,3,0
04-14-20,Hickman,2,0,2,0,0,0,2,0,122,1,124,1,0,0,-1,0,1,2,0,1,0
04-14-20,Houston,5,0,5,0,0,0,5,0,97,1,102,1,0,0,0,0,0,5,0,3,0
04-14-20,Humphreys,4,0,4,0,0,0,4,0,118,2,122,2,0,0,0,0,0,4,0,0,0
04-14-20,Jackson,6,0,6,0,0,0,9,0,127,0,136,0,0,0,-2,1,2,5,0,0,0
04-14-20,Jefferson,12,0,12,0,0,0,12,0,232,7,244,7,0,0,0,3,0,9,0,0,0
04-14-20,Johnson,2,0,2,0,0,0,2,0,31,0,33,0,0,0,0,0,0,2,0,0,0
04-14-20,Knox,175,4,175,4,0,0,196,5,2715,103,2911,108,0,4,1,27,3,144,1,22,4
04-14-20,Lake,2,0,2,0,0,0,2,0,456,1,458,1,0,0,0,1,0,1,0,0,0
04-14-20,Lauderdale,12,2,12,2,0,0,12,2,136,0,148,2,0,0,2,5,0,7,1,3,0
04-14-20,Lawrence,14,2,14,2,0,0,16,2,320,2,336,4,0,0,2,5,0,9,1,3,0
04-14-20,Lewis,3,0,3,0,0,0,3,0,31,0,34,0,0,0,0,1,0,2,0,0,0
04-14-20,Lincoln,9,0,9,0,0,0,10,0,104,0,114,0,0,0,-1,2,1,7,0,2,0
04-14-20,Loudon,17,0,17,0,0,0,18,0,290,6,308,6,0,0,-1,1,1,16,0,2,0
04-14-20,Macon,30,0,30,0,0,0,35,0,404,1,439,1,0,2,-1,15,1,13,0,9,3
04-14-20,Madison,74,2,74,2,0,0,78,6,761,20,839,26,0,0,-1,38,3,36,0,10,0
04-14-20,Marion,28,0,27,0,1,0,31,0,136,1,167,1,0,1,0,5,0,22,0,11,2
04-14-20,Marshall,9,1,9,1,0,0,9,1,205,4,214,5,0,1,0,1,1,7,0,3,1
04-14-20,Maury,33,0,33,0,0,0,34,0,652,5,686,5,0,0,0,4,0,29,0,5,0
04-14-20,McMinn,5,0,5,0,0,0,5,0,367,6,372,6,0,0,0,1,0,4,0,1,0
04-14-20,McNairy,9,0,9,0,0,0,9,0,122,0,131,0,0,0,0,2,0,7,0,1,0
04-14-20,Meigs,4,0,4,0,0,0,3,0,75,0,78,0,0,0,0,2,0,2,0,2,0
04-14-20,Monroe,9,0,9,0,0,0,9,0,232,3,241,3,0,0,0,5,0,4,0,2,0
04-14-20,Montgomery,104,2,104,2,0,0,108,4,1328,23,1436,27,0,2,-4,22,6,80,1,15,2
04-14-20,Moore,1,1,1,1,0,0,0,0,41,0,41,0,0,0,1,1,0,0,0,0,0
04-14-20,Morgan,5,0,5,0,0,0,7,0,110,1,117,1,0,0,0,1,0,4,0,0,0
04-14-20,Obion,9,0,9,0,0,0,8,0,141,2,149,2,0,1,-1,5,1,3,0,1,1
04-14-20,Out of State,114,2,114,2,0,0,124,3,9321,267,9445,270,0,1,1,16,1,97,1,9,0
04-14-20,Overton,7,1,7,1,0,0,7,1,330,0,337,1,0,0,0,2,1,5,0,1,0
04-14-20,Pending,0,0,0,0,0,0,0,0,10112,92,10112,92,0,0,0,-1,0,1,0,0,0
04-14-20,Perry,5,1,5,1,0,0,5,1,38,0,43,1,0,0,1,2,0,3,0,0,0
04-14-20,Pickett,0,0,0,0,0,0,0,0,40,0,40,0,0,0,0,0,0,0,0,0,0
04-14-20,Polk,5,0,5,0,0,0,6,0,45,0,51,0,0,0,0,1,0,4,0,1,0
04-14-20,Putnam,89,0,89,0,0,0,107,1,790,3,897,4,0,0,-23,16,23,73,0,2,3
04-14-20,Rhea,0,0,0,0,0,0,0,0,228,2,228,2,0,0,0,0,0,0,0,0,0
04-14-20,Roane,7,0,7,0,0,0,10,0,396,11,406,11,0,0,0,0,0,7,0,2,0
04-14-20,Robertson,91,4,91,4,0,0,93,4,736,9,829,13,0,0,2,25,2,66,0,16,1
04-14-20,Rutherford,276,8,276,8,0,0,295,9,2143,24,2438,33,0,6,-3,52,11,218,0,39,6
04-14-20,Scott,10,1,10,1,0,0,10,1,115,0,125,1,0,0,-1,4,2,6,0,0,0
04-14-20,Sequatchie,5,0,5,0,0,0,5,0,105,3,110,3,0,0,0,3,0,2,0,1,0
04-14-20,Sevier,26,0,26,0,0,0,29,0,580,22,609,22,0,0,0,5,0,21,0,5,1
04-14-20,Shelby,1415,63,1411,63,4,0,1491,72,7337,438,8828,510,5,26,1,481,57,908,10,237,38
04-14-20,Smith,9,0,9,0,0,0,9,0,191,1,200,1,0,0,0,6,0,3,0,1,1
04-14-20,Stewart,3,0,3,0,0,0,3,0,100,1,103,1,0,0,0,-2,0,5,0,0,0
04-14-20,Sullivan,42,0,42,0,0,0,41,0,430,14,471,14,0,1,-2,11,2,30,0,5,1
04-14-20,Sumner,486,5,483,5,3,0,563,13,1759,17,2322,30,1,27,-13,82,17,377,1,175,28
04-14-20,Tipton,52,1,51,1,1,0,54,2,549,16,603,18,0,0,-3,6,4,46,0,9,0
04-14-20,Trousdale,23,0,22,0,1,0,22,0,94,2,116,2,0,1,-1,10,1,12,0,6,1
04-14-20,Unicoi,1,0,1,0,0,0,1,0,57,0,58,0,0,0,0,0,0,1,0,0,0
04-14-20,Union,3,0,3,0,0,0,3,0,71,1,74,1,0,0,0,1,0,2,0,0,0
04-14-20,Van Buren,1,0,1,0,0,0,1,0,45,0,46,0,0,0,0,1,0,0,0,0,0
04-14-20,Warren,4,0,4,0,0,0,3,0,243,2,246,2,0,0,0,2,0,2,0,0,0
04-14-20,Washington,43,0,43,0,0,0,48,1,556,3,604,4,0,0,-2,11,2,32,0,4,0
04-14-20,Wayne,2,0,2,0,0,0,3,0,88,2,91,2,0,0,0,0,0,2,0,1,0
04-14-20,Weakley,7,0,7,0,0,0,6,0,167,1,173,1,0,0,-2,2,2,5,0,0,0
04-14-20,White,5,0,4,0,1,0,4,0,265,0,269,0,0,0,0,3,0,2,0,1,0
04-14-20,Williamson,319,5,319,5,0,0,330,6,2505,33,2835,39,1,5,0,34,4,280,0,39,6
04-14-20,Wilson,157,10,157,10,0,0,160,10,1351,15,1511,25,0,1,7,49,3,107,0,13,1
04-13-20,Anderson,13,1,13,1,0,0,15,1,512,41,527,42,0,1,0,2,1,10,0,2,1
04-13-20,Bedford,24,2,24,2,0,0,25,2,287,10,312,12,0,1,1,14,1,9,0,5,2
04-13-20,Benton,4,0,4,0,0,0,4,0,87,1,91,1,0,0,0,0,0,4,0,1,1
04-13-20,Bledsoe,8,3,8,3,0,0,8,3,730,10,738,13,0,0,3,5,0,3,1,2,0
04-13-20,Blount,45,0,45,0,0,0,51,1,560,55,611,56,0,3,0,4,0,38,0,5,3
04-13-20,Bradley,33,1,33,1,0,0,32,0,379,23,411,23,0,0,1,4,0,29,0,6,1
04-13-20,Campbell,12,0,12,0,0,0,11,0,159,15,170,15,0,0,-4,3,4,9,0,1,1
04-13-20,Cannon,6,0,6,0,0,0,7,0,128,5,135,5,0,0,0,3,0,3,0,1,0
04-13-20,Carroll,10,0,10,0,0,0,10,0,227,5,237,5,0,0,0,2,0,8,0,1,0
04-13-20,Carter,4,0,4,0,0,0,4,0,162,13,166,13,0,0,0,1,0,3,0,2,1
04-13-20,Cheatham,20,0,20,0,0,0,22,0,432,18,454,18,0,0,-2,3,2,17,0,3,0
04-13-20,Chester,5,0,5,0,0,0,6,0,131,7,137,7,0,0,0,0,0,5,0,1,0
04-13-20,Claiborne,5,1,5,1,0,0,5,1,114,9,119,10,0,0,0,1,1,4,0,0,0
04-13-20,Clay,4,0,4,0,0,0,5,1,131,0,136,1,0,0,0,3,0,1,0,0,0
04-13-20,Cocke,7,2,7,2,0,0,7,2,108,13,115,15,0,0,1,4,1,3,1,1,0
04-13-20,Coffee,12,0,11,0,1,0,12,1,336,19,348,20,0,0,0,7,0,5,0,2,0
04-13-20,Crockett,0,0,0,0,0,0,0,0,79,4,79,4,0,0,0,0,0,0,0,0,0
04-13-20,Cumberland,52,4,52,4,0,0,58,5,824,49,882,54,0,0,2,22,2,30,0,7,0
04-13-20,Davidson,1293,59,1292,58,1,1,1353,65,13295,478,14648,543,3,16,4,320,52,957,8,161,17
04-13-20,Decatur,3,0,3,0,0,0,3,0,81,6,84,6,0,0,-1,1,1,2,0,0,0
04-13-20,Dekalb,10,1,10,1,0,0,10,1,238,8,248,9,0,0,1,4,0,6,0,0,0
04-13-20,Dickson,29,0,29,0,0,0,31,1,300,8,331,9,0,0,-1,4,1,25,0,5,0
04-13-20,Dyer,23,1,23,1,0,0,23,1,267,17,290,18,0,0,-1,9,2,14,0,4,0
04-13-20,Fayette,35,4,35,4,0,0,38,4,373,22,411,26,0,0,2,11,2,24,1,8,0
04-13-20,Fentress,3,1,3,1,0,0,3,1,118,7,121,8,0,0,1,1,0,2,0,0,0
04-13-20,Franklin,23,1,23,1,0,0,25,1,230,5,255,6,0,1,1,2,0,20,0,4,1
04-13-20,Gibson,19,0,19,0,0,0,22,0,345,12,367,12,0,0,-1,-1,1,20,0,2,0
04-13-20,Giles,3,0,3,0,0,0,3,0,144,9,147,9,0,0,0,0,0,3,0,0,0
04-13-20,Grainger,4,0,4,0,0,0,3,0,91,5,94,5,0,0,0,1,0,3,0,1,0
04-13-20,Greene,27,1,27,1,0,0,27,1,260,44,287,45,0,1,1,2,0,24,0,6,2
04-13-20,Grundy,22,1,22,1,0,0,25,2,183,1,208,3,0,0,1,8,0,14,0,9,1
04-13-20,Hamblen,6,1,6,1,0,0,6,1,254,20,260,21,0,1,1,2,0,3,0,2,1
04-13-20,Hamilton,109,2,109,2,0,0,118,4,1485,111,1603,115,0,10,-2,15,4,84,1,34,13
04-13-20,Hancock,0,0,0,0,0,0,0,0,20,3,20,3,0,0,0,0,0,0,0,0,0
04-13-20,Hardeman,9,0,9,0,0,0,10,0,151,8,161,8,0,0,0,3,0,6,0,3,0
04-13-20,Hardin,2,0,2,0,0,0,2,0,253,8,255,8,0,0,0,0,0,2,0,0,0
04-13-20,Hawkins,24,1,24,1,0,0,27,3,219,26,246,29,0,2,-3,5,4,17,0,5,2
04-13-20,Haywood,13,0,13,0,0,0,14,1,123,9,137,10,0,1,0,2,0,10,0,6,1
04-13-20,Henderson,2,0,2,0,0,0,2,0,204,7,206,7,0,0,-1,-1,1,3,0,0,0
04-13-20,Henry,8,0,8,0,0,0,8,0,171,5,179,5,0,0,-1,3,1,5,0,3,0
04-13-20,Hickman,2,0,2,0,0,0,2,0,121,4,123,4,0,0,0,1,0,1,0,1,0
04-13-20,Houston,5,0,5,0,0,0,5,0,96,1,101,1,0,0,0,0,0,5,0,3,0
04-13-20,Humphreys,4,0,4,0,0,0,4,0,116,4,120,4,0,0,0,0,0,4,0,0,0
04-13-20,Jackson,6,0,6,0,0,0,9,2,127,4,136,6,0,0,-1,3,1,3,0,0,0
04-13-20,Jefferson,12,0,12,0,0,0,12,0,225,21,237,21,0,0,0,3,0,9,0,0,0
04-13-20,Johnson,2,0,2,0,0,0,2,0,31,2,33,2,0,0,0,0,0,2,0,0,0
04-13-20,Knox,171,4,171,4,0,0,191,8,2612,262,2803,270,0,4,-2,26,6,141,1,21,4
04-13-20,Lake,2,0,2,0,0,0,2,0,455,10,457,10,0,0,0,1,0,1,0,0,0
04-13-20,Lauderdale,10,2,10,2,0,0,10,2,136,4,146,6,0,0,1,3,1,7,1,2,0
04-13-20,Lawrence,12,1,12,1,0,0,14,1,318,8,332,9,0,0,1,3,0,9,1,2,0
04-13-20,Lewis,3,0,3,0,0,0,3,0,31,0,34,0,0,0,0,1,0,2,0,0,0
04-13-20,Lincoln,9,1,9,1,0,0,10,1,104,4,114,5,0,0,0,3,1,6,0,2,0
04-13-20,Loudon,17,0,17,0,0,0,18,1,284,21,302,22,0,0,-1,2,1,15,0,2,0
04-13-20,Macon,30,2,30,2,0,0,35,2,403,6,438,8,0,2,2,16,0,12,1,9,2
04-13-20,Madison,72,5,72,5,0,0,72,4,741,51,813,55,0,0,3,39,2,33,0,10,0
04-13-20,Marion,28,0,27,0,1,0,31,2,135,10,166,12,0,1,0,5,0,22,0,11,2
04-13-20,Marshall,8,0,8,0,0,0,8,0,201,5,209,5,0,1,0,1,0,6,0,3,1
04-13-20,Maury,33,0,33,0,0,0,34,1,647,9,681,10,0,0,-4,4,4,29,0,5,0
04-13-20,McMinn,5,1,5,1,0,0,5,1,361,41,366,42,0,0,1,1,0,4,0,1,0
04-13-20,McNairy,9,0,9,0,0,0,9,0,122,7,131,7,0,0,-1,2,1,7,0,1,0
04-13-20,Meigs,4,0,4,0,0,0,3,0,75,5,78,5,0,0,0,2,0,2,0,2,0
04-13-20,Monroe,9,1,9,1,0,0,9,1,229,13,238,14,0,0,1,5,0,4,1,2,0
04-13-20,Montgomery,102,2,102,2,0,0,104,3,1305,89,1409,92,0,2,-6,26,8,74,1,14,2
04-13-20,Moore,0,0,0,0,0,0,0,0,41,5,41,5,0,0,0,0,0,0,0,0,0
04-13-20,Morgan,5,0,5,0,0,0,7,0,109,6,116,6,0,0,-2,1,2,4,0,0,0
04-13-20,Obion,9,0,9,0,0,0,8,1,139,5,147,6,0,1,0,6,0,2,0,1,1
04-13-20,Out of State,112,3,112,3,0,0,121,2,9054,930,9175,932,0,1,3,15,0,96,0,8,0
04-13-20,Overton,6,1,6,1,0,0,6,1,330,21,336,22,0,0,1,2,0,4,0,1,0
04-13-20,Pending,0,0,0,0,0,0,0,0,10020,411,10020,411,0,0,0,-1,0,1,0,0,0
04-13-20,Perry,4,0,4,0,0,0,4,0,38,2,42,2,0,0,0,1,0,3,0,0,0
04-13-20,Pickett,0,0,0,0,0,0,0,0,40,6,40,6,0,0,0,0,0,0,0,0,0
04-13-20,Polk,5,0,5,0,0,0,6,0,45,2,51,2,0,0,0,1,0,4,0,1,0
04-13-20,Putnam,89,2,89,2,0,0,106,4,787,42,893,46,0,0,2,39,0,50,0,2,2
04-13-20,Rhea,0,0,0,0,0,0,0,0,226,26,226,26,0,0,0,0,0,0,0,0,0
04-13-20,Roane,7,0,7,0,0,0,10,0,385,39,395,39,0,0,-1,0,1,7,0,2,0
04-13-20,Robertson,87,5,87,5,0,0,89,5,727,33,816,38,0,0,1,23,4,64,1,16,1
04-13-20,Rutherford,268,8,268,8,0,0,286,9,2119,106,2405,115,0,6,-5,55,13,207,0,39,6
04-13-20,Scott,9,0,9,0,0,0,9,0,115,6,124,6,0,0,0,5,0,4,0,0,0
04-13-20,Sequatchie,5,1,5,1,0,0,5,1,102,22,107,23,0,0,1,3,0,2,0,1,0
04-13-20,Sevier,26,0,26,0,0,0,29,0,558,35,587,35,0,0,-1,5,1,21,0,5,0
04-13-20,Shelby,1352,65,1348,65,4,0,1419,88,6899,586,8318,674,1,21,7,480,57,851,12,227,36
04-13-20,Smith,9,0,9,0,0,0,9,0,190,10,199,10,0,0,0,6,0,3,0,1,0
04-13-20,Stewart,3,0,3,0,0,0,3,0,99,1,102,1,0,0,0,-2,0,5,0,0,0
04-13-20,Sullivan,42,4,42,4,0,0,41,4,416,36,457,40,0,1,2,13,2,28,1,5,1
04-13-20,Sumner,481,11,478,11,3,0,550,24,1742,79,2292,103,4,26,-7,95,14,360,3,174,27
04-13-20,Tipton,51,3,50,3,1,0,52,3,533,50,585,53,0,0,0,9,3,42,1,9,0
04-13-20,Trousdale,23,0,22,0,1,0,22,0,92,1,114,1,0,1,0,11,0,11,0,6,1
04-13-20,Unicoi,1,0,1,0,0,0,1,0,57,2,58,2,0,0,0,0,0,1,0,0,0
04-13-20,Union,3,0,3,0,0,0,3,0,70,9,73,9,0,0,0,1,0,2,0,0,0
04-13-20,Van Buren,1,0,1,0,0,0,1,0,45,2,46,2,0,0,0,1,0,0,0,0,0
04-13-20,Warren,4,0,4,0,0,0,3,0,241,26,244,26,0,0,0,2,0,2,0,0,0
04-13-20,Washington,43,2,43,2,0,0,47,3,553,39,600,42,0,0,1,13,1,30,1,4,0
04-13-20,Wayne,2,0,2,0,0,0,3,0,86,4,89,4,0,0,0,0,0,2,0,1,0
04-13-20,Weakley,7,0,7,0,0,0,6,0,166,14,172,14,0,0,-1,4,1,3,0,0,0
04-13-20,White,5,0,4,0,1,0,4,0,265,37,269,37,0,0,0,3,0,2,0,1,0
04-13-20,Williamson,314,1,314,1,0,0,324,1,2472,53,2796,54,0,4,-11,34,12,276,0,39,5
04-13-20,Wilson,147,5,147,5,0,0,150,5,1336,43,1486,48,0,1,4,42,1,104,1,13,1
04-12-20,Anderson,12,2,12,2,0,0,14,2,471,34,485,36,0,1,2,2,0,9,0,2,1
04-12-20,Bedford,22,1,22,1,0,0,23,1,277,26,300,27,0,1,-1,13,2,8,0,5,2
04-12-20,Benton,4,0,4,0,0,0,4,0,86,3,90,3,0,0,0,0,0,4,0,1,1
04-12-20,Bledsoe,5,2,5,2,0,0,5,2,720,677,725,679,0,0,2,2,0,3,0,1,0
04-12-20,Blount,45,0,45,0,0,0,50,0,505,11,555,11,0,3,-2,4,2,38,0,5,3
04-12-20,Bradley,32,1,32,1,0,0,32,1,356,25,388,26,0,0,0,3,1,29,0,6,1
04-12-20,Campbell,12,2,12,2,0,0,11,1,144,10,155,11,0,0,2,7,0,5,0,1,0
04-12-20,Cannon,6,0,6,0,0,0,7,0,123,6,130,6,0,0,0,3,0,3,0,1,0
04-12-20,Carroll,10,0,10,0,0,0,10,0,222,14,232,14,0,0,0,2,0,8,0,1,0
04-12-20,Carter,4,0,4,0,0,0,4,0,149,19,153,19,0,0,0,1,0,3,0,2,0
04-12-20,Cheatham,20,2,20,2,0,0,22,2,414,14,436,16,0,0,2,5,0,15,0,3,0
04-12-20,Chester,5,0,5,0,0,0,6,0,124,9,130,9,0,0,0,0,0,5,0,1,0
04-12-20,Claiborne,4,0,4,0,0,0,4,0,105,1,109,1,0,0,0,1,0,3,0,0,0
04-12-20,Clay,4,2,4,2,0,0,4,2,131,8,135,10,0,0,2,3,0,1,0,0,0
04-12-20,Cocke,5,1,5,1,0,0,5,1,95,6,100,7,0,0,1,3,0,2,0,0,0
04-12-20,Coffee,12,0,11,0,1,0,11,0,317,20,328,20,0,0,0,7,0,5,0,2,0
04-12-20,Crockett,0,0,0,0,0,0,0,0,75,5,75,5,0,0,0,0,0,0,0,0,0
04-12-20,Cumberland,48,5,48,5,0,0,53,4,775,74,828,78,0,0,5,20,0,28,0,7,0
04-12-20,Davidson,1234,35,1234,35,0,0,1288,38,12817,337,14105,375,0,13,12,316,23,905,5,153,15
04-12-20,Decatur,3,0,3,0,0,0,3,1,75,2,78,3,0,0,0,2,0,1,0,0,0
04-12-20,Dekalb,9,0,9,0,0,0,9,0,230,18,239,18,0,0,0,3,0,6,0,0,0
04-12-20,Dickson,29,0,29,0,0,0,30,0,292,6,322,6,0,0,-1,5,1,24,0,5,0
04-12-20,Dyer,22,3,22,3,0,0,22,3,250,31,272,34,0,0,2,10,1,12,0,4,0
04-12-20,Fayette,31,0,31,0,0,0,34,1,351,38,385,39,0,0,-1,9,1,22,0,7,0
04-12-20,Fentress,2,0,2,0,0,0,2,0,111,7,113,7,0,0,0,0,0,2,0,0,0
04-12-20,Franklin,22,0,22,0,0,0,24,1,225,19,249,20,0,1,-1,1,1,20,0,4,1
04-12-20,Gibson,19,1,19,1,0,0,22,2,333,35,355,37,0,0,-1,0,2,19,0,2,0
04-12-20,Giles,3,0,3,0,0,0,3,0,135,4,138,4,0,0,0,0,0,3,0,0,0
04-12-20,Grainger,4,0,4,0,0,0,3,0,86,9,89,9,0,0,0,1,0,3,0,1,0
04-12-20,Greene,26,0,26,0,0,0,26,3,216,28,242,31,0,1,0,1,0,24,0,6,2
04-12-20,Grundy,21,0,21,0,0,0,23,0,182,18,205,18,0,0,0,7,0,14,0,9,1
04-12-20,Hamblen,5,0,5,0,0,0,5,0,234,11,239,11,0,1,0,1,0,3,0,2,1
04-12-20,Hamilton,107,2,107,2,0,0,114,2,1374,39,1488,41,0,10,2,17,0,80,0,33,11
04-12-20,Hancock,0,0,0,0,0,0,0,0,17,0,17,0,0,0,0,0,0,0,0,0,0
04-12-20,Hardeman,9,0,9,0,0,0,10,0,143,15,153,15,0,0,0,3,0,6,0,3,0
04-12-20,Hardin,2,0,2,0,0,0,2,0,245,21,247,21,0,0,0,0,0,2,0,0,0
04-12-20,Hawkins,23,1,23,1,0,0,24,1,193,34,217,35,0,2,1,8,0,13,0,5,2
04-12-20,Haywood,13,0,13,0,0,0,13,0,114,18,127,18,0,1,0,2,0,10,0,6,1
04-12-20,Henderson,2,0,2,0,0,0,2,0,197,16,199,16,0,0,0,0,0,2,0,0,0
04-12-20,Henry,8,2,8,2,0,0,8,2,166,9,174,11,0,0,2,4,0,4,0,3,0
04-12-20,Hickman,2,0,2,0,0,0,2,0,117,5,119,5,0,0,0,1,0,1,0,1,0
04-12-20,Houston,5,0,5,0,0,0,5,0,95,5,100,5,0,0,0,0,0,5,0,3,0
04-12-20,Humphreys,4,0,4,0,0,0,4,0,112,8,116,8,0,0,0,0,0,4,0,0,0
04-12-20,Jackson,6,1,6,1,0,0,7,1,123,12,130,13,0,0,1,4,0,2,0,0,0
04-12-20,Jefferson,12,0,12,0,0,0,12,0,204,14,216,14,0,0,-1,3,1,9,0,0,0
04-12-20,Johnson,2,0,2,0,0,0,2,0,29,1,31,1,0,0,0,0,0,2,0,0,0
04-12-20,Knox,167,5,167,5,0,0,183,6,2350,145,2533,151,0,4,1,28,4,135,0,20,4
04-12-20,Lake,2,2,2,2,0,0,2,2,445,419,447,421,0,0,1,1,1,1,0,0,0
04-12-20,Lauderdale,8,0,8,0,0,0,8,0,132,9,140,9,0,0,0,2,0,6,0,1,0
04-12-20,Lawrence,11,0,11,0,0,0,13,2,310,29,323,31,0,0,0,2,0,9,0,1,0
04-12-20,Lewis,3,0,3,0,0,0,3,0,31,2,34,2,0,0,0,1,0,2,0,0,0
04-12-20,Lincoln,8,0,8,0,0,0,9,0,100,9,109,9,0,0,0,3,0,5,0,2,0
04-12-20,Loudon,17,0,17,0,0,0,17,0,263,9,280,9,0,0,0,3,0,14,0,2,0
04-12-20,Macon,28,3,28,3,0,0,33,4,397,53,430,57,0,2,3,14,0,12,1,8,2
04-12-20,Madison,67,5,67,5,0,0,68,6,690,59,758,65,0,0,0,36,5,31,0,10,0
04-12-20,Marion,28,1,27,1,1,0,29,1,125,13,154,14,0,1,0,5,1,22,0,11,2
04-12-20,Marshall,8,0,8,0,0,0,8,0,196,13,204,13,0,1,-1,1,1,6,0,3,1
04-12-20,Maury,33,1,33,1,0,0,33,0,638,24,671,24,0,0,1,8,0,25,0,5,0
04-12-20,McMinn,4,0,4,0,0,0,4,0,320,20,324,20,0,0,0,0,0,4,0,1,0
04-12-20,McNairy,9,0,9,0,0,0,9,0,115,4,124,4,0,0,0,3,0,6,0,1,0
04-12-20,Meigs,4,0,4,0,0,0,3,0,70,2,73,2,0,0,0,2,0,2,0,2,0
04-12-20,Monroe,8,0,8,0,0,0,8,0,216,12,224,12,0,0,0,4,0,4,0,1,0
04-12-20,Montgomery,100,6,100,6,0,0,101,6,1216,37,1317,43,0,2,5,32,1,66,0,13,2
04-12-20,Moore,0,0,0,0,0,0,0,0,36,3,36,3,0,0,0,0,0,0,0,0,0
04-12-20,Morgan,5,0,5,0,0,0,7,0,103,7,110,7,0,0,0,3,0,2,0,0,0
04-12-20,Obion,9,2,9,2,0,0,7,1,134,12,141,13,0,1,2,6,0,2,0,1,1
04-12-20,Out of State,109,0,109,0,0,0,119,0,8124,465,8243,465,0,1,-1,12,1,96,0,8,0
04-12-20,Overton,5,0,5,0,0,0,5,0,309,32,314,32,0,0,0,1,0,4,0,1,0
04-12-20,Pending,0,0,0,0,0,0,0,0,9609,254,9609,254,0,0,0,-1,0,1,0,0,0
04-12-20,Perry,4,1,4,1,0,0,4,1,36,1,40,2,0,0,1,1,0,3,0,0,0
04-12-20,Pickett,0,0,0,0,0,0,0,0,34,4,34,4,0,0,0,0,0,0,0,0,0
04-12-20,Polk,5,0,5,0,0,0,6,0,43,5,49,5,0,0,-1,1,1,4,0,1,0
04-12-20,Putnam,87,1,87,1,0,0,102,1,745,53,847,54,0,0,1,37,0,50,0,2,2
04-12-20,Rhea,0,0,0,0,0,0,0,0,200,28,200,28,0,0,0,0,0,0,0,0,0
04-12-20,Roane,7,0,7,0,0,0,10,1,346,36,356,37,0,0,-1,1,1,6,0,2,0
04-12-20,Robertson,82,1,82,1,0,0,84,1,694,38,778,39,0,0,-1,22,2,60,0,15,1
04-12-20,Rutherford,260,10,260,10,0,0,277,11,2013,72,2290,83,0,6,-4,60,14,194,1,39,6
04-12-20,Scott,9,1,9,1,0,0,9,1,109,10,118,11,0,0,1,5,0,4,0,0,0
04-12-20,Sequatchie,4,2,4,2,0,0,4,2,80,21,84,23,0,0,2,2,0,2,0,1,0
04-12-20,Sevier,26,3,26,3,0,0,29,3,523,25,552,28,0,0,2,6,1,20,0,5,0
04-12-20,Shelby,1287,84,1283,83,4,1,1331,83,6313,716,7644,799,0,20,39,473,45,794,19,215,34
04-12-20,Smith,9,0,9,0,0,0,9,0,180,10,189,10,0,0,0,6,0,3,0,1,0
04-12-20,Stewart,3,0,3,0,0,0,3,0,98,2,101,2,0,0,0,-2,0,5,0,0,0
04-12-20,Sullivan,38,1,38,1,0,0,37,1,380,40,417,41,0,1,1,11,0,26,0,4,1
04-12-20,Sumner,470,15,467,15,3,0,526,17,1663,43,2189,60,0,22,0,102,15,346,4,171,27
04-12-20,Tipton,48,1,47,1,1,0,49,1,483,55,532,56,0,0,-1,9,2,39,0,8,0
04-12-20,Trousdale,23,1,22,1,1,0,22,1,91,6,113,7,0,1,-1,11,2,11,0,6,1
04-12-20,Unicoi,1,0,1,0,0,0,1,0,55,7,56,7,0,0,0,0,0,1,0,0,0
04-12-20,Union,3,0,3,0,0,0,3,0,61,3,64,3,0,0,0,1,0,2,0,0,0
04-12-20,Van Buren,1,1,1,1,0,0,1,1,43,8,44,9,0,0,1,1,0,0,0,0,0
04-12-20,Warren,4,0,4,0,0,0,3,0,215,20,218,20,0,0,0,2,0,2,0,0,0
04-12-20,Washington,41,3,41,3,0,0,44,5,514,45,558,50,0,0,3,12,0,29,1,3,0
04-12-20,Wayne,2,0,2,0,0,0,3,0,82,9,85,9,0,0,0,0,0,2,0,1,0
04-12-20,Weakley,7,1,7,1,0,0,6,1,152,6,158,7,0,0,1,5,0,2,0,0,0
04-12-20,White,5,2,4,1,1,1,4,1,228,28,232,29,0,0,2,3,0,2,0,1,0
04-12-20,Williamson,313,2,313,2,0,0,323,2,2419,48,2742,50,0,4,-3,45,5,264,1,39,5
04-12-20,Wilson,142,6,142,6,0,0,145,6,1293,23,1438,29,0,1,1,38,5,103,0,12,1
04-11-20,Anderson,10,0,10,0,0,0,12,0,437,75,449,75,0,1,0,0,0,9,0,2,1
04-11-20,Bedford,21,3,21,3,0,0,22,3,251,30,273,33,0,1,2,14,1,6,0,5,1
04-11-20,Benton,4,0,4,0,0,0,4,0,83,6,87,6,0,0,0,0,0,4,0,1,1
04-11-20,Bledsoe,3,0,3,0,0,0,3,0,43,5,46,5,0,0,0,0,0,3,0,1,0
04-11-20,Blount,45,0,45,0,0,0,50,4,494,48,544,52,0,3,-2,6,2,36,0,5,3
04-11-20,Bradley,31,0,31,0,0,0,31,0,331,29,362,29,0,0,-1,3,1,28,0,6,0
04-11-20,Campbell,10,0,10,0,0,0,10,0,134,10,144,10,0,0,0,5,0,5,0,1,0
04-11-20,Cannon,6,0,6,0,0,0,7,0,117,8,124,8,0,0,0,3,0,3,0,1,0
04-11-20,Carroll,10,1,10,1,0,0,10,1,208,18,218,19,0,0,0,2,1,8,1,1,0
04-11-20,Carter,4,0,4,0,0,0,4,0,130,12,134,12,0,0,0,1,0,3,0,2,0
04-11-20,Cheatham,18,1,18,1,0,0,20,0,400,25,420,25,0,0,1,3,0,15,0,3,0
04-11-20,Chester,5,0,5,0,0,0,6,0,115,12,121,12,0,0,0,0,0,5,0,1,0
04-11-20,Claiborne,4,1,4,1,0,0,4,2,104,12,108,14,0,0,1,1,0,3,0,0,0
04-11-20,Clay,2,0,2,0,0,0,2,0,123,5,125,5,0,0,0,1,0,1,0,0,0
04-11-20,Cocke,4,1,4,1,0,0,4,1,89,6,93,7,0,0,1,2,0,2,0,0,0
04-11-20,Coffee,12,1,11,1,1,0,11,0,297,32,308,32,0,0,1,7,0,5,0,2,0
04-11-20,Crockett,0,0,0,0,0,0,0,0,70,3,70,3,0,0,0,0,0,0,0,0,0
04-11-20,Cumberland,43,3,43,3,0,0,49,4,701,51,750,55,0,0,3,15,0,28,0,7,0
04-11-20,Davidson,1199,76,1199,76,0,0,1250,82,12480,718,13730,800,0,13,42,304,34,882,10,148,14
04-11-20,Decatur,3,1,3,1,0,0,2,0,73,8,75,8,0,0,1,2,0,1,0,0,0
04-11-20,Dekalb,9,0,9,0,0,0,9,0,212,18,221,18,0,0,0,3,0,6,0,0,0
04-11-20,Dickson,29,1,29,1,0,0,30,1,286,10,316,11,0,0,1,6,0,23,0,5,0
04-11-20,Dyer,19,3,19,3,0,0,19,3,219,29,238,32,0,0,1,8,2,11,1,4,0
04-11-20,Fayette,31,0,31,0,0,0,33,1,313,36,346,37,0,0,0,10,0,21,0,7,0
04-11-20,Fentress,2,0,2,0,0,0,2,0,104,6,106,6,0,0,0,0,0,2,0,0,0
04-11-20,Franklin,22,3,22,3,0,0,23,6,206,32,229,38,0,1,0,2,3,19,0,4,1
04-11-20,Gibson,18,1,18,1,0,0,20,2,298,19,318,21,0,0,-2,1,3,17,1,2,0
04-11-20,Giles,3,0,3,0,0,0,3,0,131,9,134,9,0,0,0,0,0,3,0,0,0
04-11-20,Grainger,4,0,4,0,0,0,3,1,77,13,80,14,0,0,0,1,0,3,0,1,0
04-11-20,Greene,26,0,26,0,0,0,23,1,188,28,211,29,0,1,-1,1,1,24,0,6,2
04-11-20,Grundy,21,1,21,1,0,0,23,4,164,53,187,57,0,0,-2,7,3,14,0,9,1
04-11-20,Hamblen,5,1,5,1,0,0,5,1,223,33,228,34,0,1,1,1,0,3,0,2,1
04-11-20,Hamilton,105,3,105,3,0,0,112,9,1335,94,1447,103,0,10,-4,15,7,80,1,33,11
04-11-20,Hancock,0,0,0,0,0,0,0,0,17,2,17,2,0,0,0,0,0,0,0,0,0
04-11-20,Hardeman,9,1,9,1,0,0,10,2,128,13,138,15,0,0,1,3,0,6,0,3,0
04-11-20,Hardin,2,0,2,0,0,0,2,0,224,11,226,11,0,0,0,0,0,2,0,0,0
04-11-20,Hawkins,22,0,22,0,0,0,23,1,159,25,182,26,1,2,-1,7,0,13,0,5,2
04-11-20,Haywood,13,0,13,0,0,0,13,1,96,7,109,8,0,1,0,2,0,10,0,6,1
04-11-20,Henderson,2,0,2,0,0,0,2,0,181,18,183,18,0,0,0,0,0,2,0,0,0
04-11-20,Henry,6,0,6,0,0,0,6,0,157,11,163,11,0,0,-1,2,1,4,0,3,0
04-11-20,Hickman,2,0,2,0,0,0,2,0,112,5,114,5,0,0,0,1,0,1,0,1,0
04-11-20,Houston,5,0,5,0,0,0,5,0,90,6,95,6,0,0,-1,0,1,5,0,3,0
04-11-20,Humphreys,4,0,4,0,0,0,4,0,104,10,108,10,0,0,0,0,0,4,0,0,0
04-11-20,Jackson,5,0,5,0,0,0,6,0,111,5,117,5,0,0,0,3,0,2,0,0,0
04-11-20,Jefferson,12,0,12,0,0,0,12,0,190,21,202,21,0,0,0,4,0,8,0,0,0
04-11-20,Johnson,2,0,2,0,0,0,2,0,28,4,30,4,0,0,0,0,0,2,0,0,0
04-11-20,Knox,162,5,162,5,0,0,177,10,2205,322,2382,332,1,4,-4,27,8,131,1,20,4
04-11-20,Lake,0,0,0,0,0,0,0,0,26,3,26,3,0,0,0,0,0,0,0,0,0
04-11-20,Lauderdale,8,0,8,0,0,0,8,1,123,12,131,13,0,0,-2,2,2,6,0,1,0
04-11-20,Lawrence,11,0,11,0,0,0,11,1,281,19,292,20,0,0,-1,2,1,9,0,1,0
04-11-20,Lewis,3,0,3,0,0,0,3,1,29,2,32,3,0,0,0,1,0,2,0,0,0
04-11-20,Lincoln,8,0,8,0,0,0,9,0,91,2,100,2,0,0,0,3,0,5,0,2,0
04-11-20,Loudon,17,1,17,1,0,0,17,2,254,36,271,38,0,0,1,3,0,14,0,2,0
04-11-20,Macon,25,1,25,1,0,0,29,3,344,10,373,13,0,2,-1,11,2,12,0,7,2
04-11-20,Madison,62,5,62,5,0,0,62,5,631,75,693,80,0,0,1,36,4,26,1,10,0
04-11-20,Marion,27,2,26,2,1,0,28,4,112,20,140,24,0,1,1,5,1,21,0,11,2
04-11-20,Marshall,8,0,8,0,0,0,8,0,183,6,191,6,0,1,0,2,0,5,0,3,1
04-11-20,Maury,32,1,32,1,0,0,33,2,614,19,647,21,0,0,0,7,1,25,0,5,0
04-11-20,McMinn,4,0,4,0,0,0,4,0,300,13,304,13,0,0,-1,0,1,4,0,1,0
04-11-20,McNairy,9,0,9,0,0,0,9,0,111,7,120,7,0,0,0,3,0,6,0,1,0
04-11-20,Meigs,4,1,4,1,0,0,3,0,68,5,71,5,0,0,1,2,0,2,0,2,0
04-11-20,Monroe,8,0,8,0,0,0,8,1,204,20,212,21,0,0,0,4,0,4,0,1,0
04-11-20,Montgomery,94,10,94,10,0,0,95,10,1179,110,1274,120,0,2,8,27,2,65,1,13,2
04-11-20,Moore,0,0,0,0,0,0,0,0,33,3,33,3,0,0,0,0,0,0,0,0,0
04-11-20,Morgan,5,0,5,0,0,0,7,0,96,12,103,12,0,0,0,3,0,2,0,0,0
04-11-20,Obion,7,0,7,0,0,0,6,0,122,11,128,11,0,1,0,4,0,2,0,1,1
04-11-20,Out of State,109,3,109,3,0,0,119,3,7659,658,7778,661,0,1,1,13,2,95,0,8,0
04-11-20,Overton,5,0,5,0,0,0,5,0,277,62,282,62,0,0,-1,1,1,4,0,1,0
04-11-20,Pending,0,0,0,0,0,0,0,0,9355,301,9355,301,0,0,0,-1,0,1,0,0,0
04-11-20,Perry,3,0,3,0,0,0,3,0,35,2,38,2,0,0,0,0,0,3,0,0,0
04-11-20,Pickett,0,0,0,0,0,0,0,0,30,3,30,3,0,0,0,0,0,0,0,0,0
04-11-20,Polk,5,1,5,1,0,0,6,1,38,0,44,1,0,0,0,2,1,3,1,1,0
04-11-20,Putnam,86,1,86,1,0,0,101,4,692,61,793,65,0,0,-4,36,5,50,0,2,2
04-11-20,Rhea,0,0,0,0,0,0,0,0,172,12,172,12,0,0,0,0,0,0,0,0,0
04-11-20,Roane,7,1,7,1,0,0,9,1,310,52,319,53,0,0,0,2,1,5,0,2,0
04-11-20,Robertson,81,4,81,4,0,0,83,10,656,49,739,59,0,0,-1,23,5,58,0,15,1
04-11-20,Rutherford,250,11,250,11,0,0,266,19,1941,124,2207,143,0,6,2,64,9,180,1,38,6
04-11-20,Scott,8,0,8,0,0,0,8,0,99,8,107,8,0,0,0,4,0,4,0,0,0
04-11-20,Sequatchie,2,0,2,0,0,0,2,0,59,6,61,6,0,0,0,0,0,2,0,1,0
04-11-20,Sevier,23,1,23,1,0,0,26,2,498,58,524,60,0,0,1,4,0,19,1,5,0
04-11-20,Shelby,1203,93,1200,93,3,0,1248,118,5597,594,6845,712,0,20,47,434,46,749,18,196,33
04-11-20,Smith,9,3,9,3,0,0,9,3,170,11,179,14,0,0,3,6,0,3,0,1,0
04-11-20,Stewart,3,1,3,1,0,0,3,1,96,12,99,13,0,0,1,-2,0,5,0,0,0
04-11-20,Sullivan,37,1,37,1,0,0,36,2,340,36,376,38,0,1,-1,10,2,26,0,4,1
04-11-20,Sumner,455,21,452,21,3,0,509,39,1620,87,2129,126,1,22,-64,102,84,331,1,167,23
04-11-20,Tipton,47,4,46,4,1,0,48,4,428,39,476,43,0,0,3,10,1,37,0,8,0
04-11-20,Trousdale,22,4,21,4,1,0,21,4,85,7,106,11,0,1,1,12,3,9,0,6,1
04-11-20,Unicoi,1,0,1,0,0,0,1,0,48,4,49,4,0,0,0,0,0,1,0,0,0
04-11-20,Union,3,0,3,0,0,0,3,0,58,7,61,7,0,0,0,1,0,2,0,0,0
04-11-20,Van Buren,0,0,0,0,0,0,0,0,35,0,35,0,0,0,0,0,0,0,0,0,0
04-11-20,Warren,4,1,4,1,0,0,3,0,195,5,198,5,0,0,1,2,0,2,0,0,0
04-11-20,Washington,38,2,38,2,0,0,39,3,469,29,508,32,0,0,0,9,2,29,1,2,0
04-11-20,Wayne,2,0,2,0,0,0,3,0,73,4,76,4,0,0,0,0,0,2,0,1,0
04-11-20,Weakley,6,0,6,0,0,0,5,0,146,13,151,13,0,0,-1,4,1,2,0,0,0
04-11-20,White,3,0,3,0,0,0,3,0,200,21,203,21,0,0,0,1,0,2,0,1,0
04-11-20,Williamson,311,8,311,8,0,0,321,11,2371,86,2692,97,0,4,0,48,8,259,2,38,5
04-11-20,Wilson,136,4,136,4,0,0,139,4,1270,58,1409,62,0,1,-6,37,10,98,0,12,1
04-10-20,Anderson,10,0,10,0,0,0,12,0,362,18,374,18,0,1,0,0,0,9,0,2,1
04-10-20,Bedford,18,3,18,3,0,0,19,3,221,22,240,25,1,1,1,12,1,5,1,5,1
04-10-20,Benton,4,0,4,0,0,0,4,0,77,5,81,5,0,0,0,0,0,4,0,1,1
04-10-20,Bledsoe,3,0,3,0,0,0,3,0,38,0,41,0,0,0,0,0,0,3,0,1,0
04-10-20,Blount,45,1,45,1,0,0,46,2,446,33,492,35,0,3,-2,8,3,34,0,5,3
04-10-20,Bradley,31,1,31,1,0,0,31,1,302,12,333,13,0,0,-1,4,2,27,0,6,0
04-10-20,Campbell,10,0,10,0,0,0,10,1,124,8,134,9,0,0,0,5,0,5,0,1,0
04-10-20,Cannon,6,0,6,0,0,0,7,0,109,11,116,11,0,0,0,3,0,3,0,1,0
04-10-20,Carroll,9,0,9,0,0,0,9,0,190,14,199,14,0,0,0,2,0,7,0,0,0
04-10-20,Carter,4,0,4,0,0,0,4,0,118,1,122,1,0,0,0,1,0,3,0,2,0
04-10-20,Cheatham,17,0,17,0,0,0,20,0,375,17,395,17,0,0,-1,2,1,15,0,3,0
04-10-20,Chester,5,0,5,0,0,0,6,0,103,6,109,6,0,0,0,0,0,5,0,1,0
04-10-20,Claiborne,3,0,3,0,0,0,2,0,92,8,94,8,0,0,0,0,0,3,0,0,0
04-10-20,Clay,2,0,2,0,0,0,2,0,118,12,120,12,0,0,0,1,0,1,0,0,0
04-10-20,Cocke,3,0,3,0,0,0,3,0,83,4,86,4,0,0,0,1,0,2,0,0,0
04-10-20,Coffee,11,0,10,0,1,0,11,0,265,16,276,16,0,0,0,6,0,5,0,2,0
04-10-20,Crockett,0,0,0,0,0,0,0,0,67,2,67,2,0,0,0,0,0,0,0,0,0
04-10-20,Cumberland,40,1,40,1,0,0,45,2,650,4,695,6,0,0,-1,12,2,28,1,7,0
04-10-20,Davidson,1123,28,1123,28,0,0,1168,30,11762,303,12930,333,0,13,-17,262,45,848,4,138,13
04-10-20,Decatur,2,0,2,0,0,0,2,0,65,3,67,3,0,0,0,1,0,1,0,0,0
04-10-20,Dekalb,9,2,9,2,0,0,9,2,194,29,203,31,0,0,2,3,0,6,0,0,0
04-10-20,Dickson,28,0,28,0,0,0,29,0,276,18,305,18,0,0,-3,5,3,23,0,5,0
04-10-20,Dyer,16,2,16,2,0,0,16,2,190,18,206,20,0,0,2,7,0,9,0,3,0
04-10-20,Fayette,31,1,31,1,0,0,32,1,277,22,309,23,0,0,0,10,1,21,0,7,0
04-10-20,Fentress,2,0,2,0,0,0,2,0,98,0,100,0,0,0,-1,0,1,2,0,0,0
04-10-20,Franklin,19,3,19,3,0,0,17,1,174,14,191,15,0,1,2,2,1,16,0,4,1
04-10-20,Gibson,17,2,17,2,0,0,18,1,279,20,297,21,0,0,1,3,1,14,0,1,0
04-10-20,Giles,3,0,3,0,0,0,3,0,122,2,125,2,0,0,0,0,0,3,0,0,0
04-10-20,Grainger,4,1,4,1,0,0,2,0,64,0,66,0,0,0,1,1,0,3,0,1,0
04-10-20,Greene,26,3,26,3,0,0,22,1,160,2,182,3,0,1,-2,2,5,23,1,6,1
04-10-20,Grundy,20,2,20,2,0,0,19,0,111,30,130,30,0,0,2,9,0,11,0,9,0
04-10-20,Hamblen,4,0,4,0,0,0,4,0,190,6,194,6,0,1,0,0,0,3,0,2,1
04-10-20,Hamilton,102,3,102,3,0,0,103,1,1241,40,1344,41,0,10,0,19,3,73,2,32,11
04-10-20,Hancock,0,0,0,0,0,0,0,0,15,0,15,0,0,0,0,0,0,0,0,0,0
04-10-20,Hardeman,8,0,8,0,0,0,8,1,115,4,123,5,0,0,-2,2,2,6,0,3,0
04-10-20,Hardin,2,0,2,0,0,0,2,0,213,12,215,12,0,0,0,0,0,2,0,0,0
04-10-20,Hawkins,22,0,22,0,0,0,22,0,134,1,156,1,0,1,-2,8,2,13,0,5,1
04-10-20,Haywood,13,0,13,0,0,0,12,0,89,9,101,9,0,1,-1,2,1,10,0,6,1
04-10-20,Henderson,2,0,2,0,0,0,2,0,163,9,165,9,0,0,0,0,0,2,0,0,0
04-10-20,Henry,6,0,6,0,0,0,6,0,146,4,152,4,0,0,0,3,0,3,0,3,0
04-10-20,Hickman,2,0,2,0,0,0,2,0,107,6,109,6,0,0,0,1,0,1,0,1,0
04-10-20,Houston,5,1,5,1,0,0,5,1,84,1,89,2,0,0,1,1,0,4,0,3,0
04-10-20,Humphreys,4,0,4,0,0,0,4,0,94,7,98,7,0,0,-1,0,1,4,0,0,0
04-10-20,Jackson,5,0,5,0,0,0,6,0,106,18,112,18,0,0,0,3,0,2,0,0,0
04-10-20,Jefferson,12,0,12,0,0,0,12,0,169,11,181,11,0,0,0,4,0,8,0,0,0
04-10-20,Johnson,2,0,2,0,0,0,2,0,24,0,26,0,0,0,0,0,0,2,0,0,0
04-10-20,Knox,157,4,157,4,0,0,167,8,1883,139,2050,147,0,3,0,31,4,123,0,19,4
04-10-20,Lake,0,0,0,0,0,0,0,0,23,0,23,0,0,0,0,0,0,0,0,0,0
04-10-20,Lauderdale,8,1,8,1,0,0,7,1,111,6,118,7,0,0,0,4,1,4,0,1,0
04-10-20,Lawrence,11,0,11,0,0,0,10,0,262,22,272,22,0,0,0,3,0,8,0,1,0
04-10-20,Lewis,3,0,3,0,0,0,2,0,27,2,29,2,0,0,0,1,0,2,0,0,0
04-10-20,Lincoln,8,0,8,0,0,0,9,0,89,4,98,4,0,0,0,3,0,5,0,2,0
04-10-20,Loudon,16,0,16,0,0,0,15,0,218,9,233,9,0,0,0,2,0,14,0,2,0
04-10-20,Macon,24,4,24,4,0,0,26,4,334,70,360,74,1,2,2,12,1,10,0,7,2
04-10-20,Madison,57,2,57,2,0,0,57,2,556,17,613,19,0,0,-1,35,3,22,0,9,0
04-10-20,Marion,25,1,24,1,1,0,24,0,92,7,116,7,0,1,-2,4,3,20,0,11,2
04-10-20,Marshall,8,0,8,0,0,0,8,0,177,9,185,9,0,1,-1,2,1,5,0,3,1
04-10-20,Maury,31,0,31,0,0,0,31,0,595,22,626,22,0,0,-1,7,1,24,0,5,0
04-10-20,McMinn,4,0,4,0,0,0,4,0,287,9,291,9,0,0,0,1,0,3,0,1,0
04-10-20,McNairy,9,0,9,0,0,0,9,0,104,4,113,4,0,0,0,3,0,6,0,1,0
04-10-20,Meigs,3,0,3,0,0,0,3,0,63,0,66,0,0,0,-1,1,1,2,0,2,0
04-10-20,Monroe,8,1,8,1,0,0,7,0,184,10,191,10,0,0,1,4,0,4,0,1,0
04-10-20,Montgomery,84,1,84,1,0,0,85,1,1069,12,1154,13,0,2,-3,19,4,63,0,12,2
04-10-20,Moore,0,0,0,0,0,0,0,0,30,0,30,0,0,0,0,0,0,0,0,0,0
04-10-20,Morgan,5,0,5,0,0,0,7,0,84,3,91,3,0,0,0,3,0,2,0,0,0
04-10-20,Obion,7,3,7,3,0,0,6,2,111,9,117,11,0,1,3,4,0,2,0,1,1
04-10-20,Out of State,106,1,106,1,0,0,116,1,7001,277,7117,278,0,1,1,12,0,93,0,8,0
04-10-20,Overton,5,0,5,0,0,0,5,0,215,4,220,4,0,0,0,2,0,3,0,1,0
04-10-20,Pending,0,0,0,0,0,0,0,0,9054,149,9054,149,0,0,0,-1,0,1,0,0,0
04-10-20,Perry,3,0,3,0,0,0,3,0,33,0,36,0,0,0,-1,0,1,3,0,0,0
04-10-20,Pickett,0,0,0,0,0,0,0,0,27,2,27,2,0,0,0,0,0,0,0,0,0
04-10-20,Polk,4,0,4,0,0,0,5,0,38,3,43,3,0,0,0,2,0,2,0,0,0
04-10-20,Putnam,85,2,85,2,0,0,97,3,631,9,728,12,0,0,-1,40,3,45,0,2,0
04-10-20,Rhea,0,0,0,0,0,0,0,0,160,2,160,2,0,0,0,0,0,0,0,0,0
04-10-20,Roane,6,0,6,0,0,0,8,0,258,8,266,8,0,0,0,2,0,4,0,2,0
04-10-20,Robertson,77,6,77,6,0,0,73,1,607,8,680,9,0,0,1,24,5,53,0,15,1
04-10-20,Rutherford,239,10,239,10,0,0,247,5,1817,32,2064,37,0,6,-3,62,13,171,0,37,6
04-10-20,Scott,8,0,8,0,0,0,8,0,91,3,99,3,0,0,0,4,0,4,0,0,0
04-10-20,Sequatchie,2,0,2,0,0,0,2,0,53,2,55,2,0,0,0,0,0,2,0,1,0
04-10-20,Sevier,22,0,22,0,0,0,24,0,440,21,464,21,0,0,-1,3,1,19,0,4,0
04-10-20,Shelby,1110,76,1107,75,3,1,1130,80,5003,388,6133,468,0,20,16,387,60,703,12,178,33
04-10-20,Smith,6,0,6,0,0,0,6,0,159,2,165,2,0,0,0,3,0,3,0,1,0
04-10-20,Stewart,2,0,2,0,0,0,2,0,84,1,86,1,0,0,-1,-3,1,5,0,0,0
04-10-20,Sullivan,36,2,36,2,0,0,34,2,304,1,338,3,0,1,1,11,1,24,0,4,1
04-10-20,Sumner,434,10,431,10,3,0,470,11,1533,49,2003,60,1,21,-13,166,22,247,0,166,23
04-10-20,Tipton,43,2,42,2,1,0,44,3,389,15,433,18,0,0,1,7,1,36,0,8,0
04-10-20,Trousdale,18,1,17,1,1,0,17,1,78,11,95,12,0,1,1,11,0,6,0,6,1
04-10-20,Unicoi,1,0,1,0,0,0,1,0,44,0,45,0,0,0,0,0,0,1,0,0,0
04-10-20,Union,3,0,3,0,0,0,3,0,51,4,54,4,0,0,0,1,0,2,0,0,0
04-10-20,Van Buren,0,0,0,0,0,0,0,0,35,1,35,1,0,0,0,0,0,0,0,0,0
04-10-20,Warren,3,0,3,0,0,0,3,0,190,0,193,0,0,0,0,1,0,2,0,0,0
04-10-20,Washington,36,4,36,4,0,0,36,3,440,5,476,8,0,0,2,9,2,27,0,1,0
04-10-20,Wayne,2,0,2,0,0,0,3,0,69,2,72,2,0,0,-1,0,1,2,0,1,0
04-10-20,Weakley,6,0,6,0,0,0,5,0,133,5,138,5,0,0,0,5,0,1,0,0,0
04-10-20,White,3,0,3,0,0,0,3,0,179,1,182,1,0,0,0,1,0,2,0,1,0
04-10-20,Williamson,303,5,303,5,0,0,310,5,2285,40,2595,45,1,4,-3,48,7,251,1,36,4
04-10-20,Wilson,132,5,132,5,0,0,135,6,1212,23,1347,29,0,1,-3,43,8,88,0,12,1
04-09-20,Anderson,10,0,10,0,0,0,12,0,344,26,356,26,0,1,0,0,0,9,0,2,1
04-09-20,Bedford,15,2,15,2,0,0,16,2,199,16,215,18,0,0,1,11,1,4,0,4,1
04-09-20,Benton,4,0,4,0,0,0,4,0,72,4,76,4,0,0,0,0,0,4,0,1,1
04-09-20,Bledsoe,3,0,3,0,0,0,3,0,38,2,41,2,0,0,0,0,0,3,0,1,0
04-09-20,Blount,44,0,44,0,0,0,44,0,413,10,457,10,1,3,-1,10,0,31,0,5,3
04-09-20,Bradley,30,2,30,2,0,0,30,2,290,24,320,26,0,0,0,5,2,25,0,6,0
04-09-20,Campbell,10,1,10,1,0,0,9,2,116,7,125,9,0,0,1,5,0,5,0,1,0
04-09-20,Cannon,6,0,6,0,0,0,7,0,98,4,105,4,0,0,0,3,0,3,0,1,0
04-09-20,Carroll,9,0,9,0,0,0,9,0,176,19,185,19,0,0,-1,2,1,7,0,0,0
04-09-20,Carter,4,0,4,0,0,0,4,0,117,3,121,3,0,0,-1,1,1,3,0,2,0
04-09-20,Cheatham,17,0,17,0,0,0,20,2,358,14,378,16,0,0,-2,3,2,14,0,3,0
04-09-20,Chester,5,0,5,0,0,0,6,0,97,8,103,8,0,0,0,0,0,5,0,1,0
04-09-20,Claiborne,3,1,3,1,0,0,2,1,84,2,86,3,0,0,1,0,0,3,0,0,0
04-09-20,Clay,2,0,2,0,0,0,2,0,106,9,108,9,0,0,0,1,0,1,0,0,0
04-09-20,Cocke,3,1,3,1,0,0,3,1,79,1,82,2,0,0,1,1,0,2,0,0,0
04-09-20,Coffee,11,2,10,2,1,0,11,3,249,27,260,30,0,0,2,6,0,5,0,2,0
04-09-20,Crockett,0,0,0,0,0,0,0,0,65,10,65,10,0,0,0,0,0,0,0,0,0
04-09-20,Cumberland,39,3,39,3,0,0,43,3,646,58,689,61,0,0,3,13,0,26,0,6,0
04-09-20,Davidson,1095,65,1095,65,0,0,1138,69,11459,511,12597,580,0,13,30,279,35,803,8,134,13
04-09-20,Decatur,2,0,2,0,0,0,2,0,62,3,64,3,0,0,0,1,0,1,0,0,0
04-09-20,Dekalb,7,0,7,0,0,0,7,0,165,12,172,12,0,0,0,1,0,6,0,0,0
04-09-20,Dickson,28,0,28,0,0,0,29,0,258,9,287,9,0,0,0,8,0,20,0,5,0
04-09-20,Dyer,14,0,14,0,0,0,14,0,172,17,186,17,0,0,0,5,0,9,0,3,0
04-09-20,Fayette,30,3,30,3,0,0,31,6,255,34,286,40,0,0,2,10,1,20,0,7,0
04-09-20,Fentress,2,0,2,0,0,0,2,0,98,7,100,7,0,0,0,1,0,1,0,0,0
04-09-20,Franklin,16,0,16,0,0,0,16,1,160,20,176,21,0,1,0,0,0,15,0,4,1
04-09-20,Gibson,15,0,15,0,0,0,17,2,259,19,276,21,0,0,0,2,0,13,0,1,0
04-09-20,Giles,3,0,3,0,0,0,3,0,120,10,123,10,0,0,0,0,0,3,0,0,0
04-09-20,Grainger,3,0,3,0,0,0,2,0,64,5,66,5,0,0,0,0,0,3,0,1,0
04-09-20,Greene,23,1,23,1,0,0,21,1,158,24,179,25,0,1,0,4,1,18,0,5,1
04-09-20,Grundy,18,1,18,1,0,0,19,1,81,13,100,14,0,0,0,7,1,11,0,9,0
04-09-20,Hamblen,4,0,4,0,0,0,4,0,184,12,188,12,1,1,-1,0,0,3,0,2,1
04-09-20,Hamilton,99,1,99,1,0,0,102,0,1201,27,1303,27,1,10,-3,19,3,70,1,30,11
04-09-20,Hancock,0,0,0,0,0,0,0,0,15,1,15,1,0,0,0,0,0,0,0,0,0
04-09-20,Hardeman,8,2,8,2,0,0,7,0,111,2,118,2,0,0,2,4,0,4,0,3,0
04-09-20,Hardin,2,0,2,0,0,0,2,0,201,17,203,17,0,0,0,0,0,2,0,0,0
04-09-20,Hawkins,22,1,22,1,0,0,22,3,133,5,155,8,0,1,0,10,1,11,0,5,1
04-09-20,Haywood,13,4,13,4,0,0,12,4,80,9,92,13,1,1,2,3,1,9,2,6,1
04-09-20,Henderson,2,0,2,0,0,0,2,0,154,19,156,19,0,0,0,0,0,2,0,0,0
04-09-20,Henry,6,0,6,0,0,0,6,0,142,10,148,10,0,0,0,3,0,3,0,3,0
04-09-20,Hickman,2,0,2,0,0,0,2,0,101,3,103,3,0,0,0,1,0,1,0,1,0
04-09-20,Houston,4,0,4,0,0,0,4,0,83,10,87,10,0,0,0,0,0,4,0,3,0
04-09-20,Humphreys,4,0,4,0,0,0,4,0,87,4,91,4,0,0,-1,1,1,3,0,0,0
04-09-20,Jackson,5,0,5,0,0,0,6,1,88,10,94,11,0,0,-1,3,1,2,0,0,0
04-09-20,Jefferson,12,1,12,1,0,0,12,1,158,6,170,7,0,0,1,4,0,8,0,0,0
04-09-20,Johnson,2,0,2,0,0,0,2,0,24,4,26,4,0,0,0,0,0,2,0,0,0
04-09-20,Knox,153,1,153,1,0,0,159,2,1744,65,1903,67,0,3,-2,31,3,119,0,19,4
04-09-20,Lake,0,0,0,0,0,0,0,0,23,1,23,1,0,0,0,0,0,0,0,0,0
04-09-20,Lauderdale,7,0,7,0,0,0,6,0,105,12,111,12,0,0,0,4,0,3,0,1,0
04-09-20,Lawrence,11,1,11,1,0,0,10,0,240,9,250,9,0,0,0,3,1,8,0,1,0
04-09-20,Lewis,3,1,3,1,0,0,2,0,25,1,27,1,0,0,1,1,0,2,0,0,0
04-09-20,Lincoln,8,1,8,1,0,0,9,1,85,11,94,12,0,0,1,3,0,5,0,2,0
04-09-20,Loudon,16,1,16,1,0,0,15,1,209,11,224,12,0,0,0,2,1,14,0,2,0
04-09-20,Macon,20,2,20,2,0,0,22,2,264,45,286,47,0,1,2,10,0,9,1,7,2
04-09-20,Madison,55,10,55,10,0,0,55,10,539,51,594,61,0,0,5,36,5,19,1,9,0
04-09-20,Marion,24,1,23,1,1,0,24,1,85,5,109,6,0,1,-1,6,2,17,1,11,2
04-09-20,Marshall,8,0,8,0,0,0,8,0,168,9,176,9,1,1,-3,3,2,4,0,3,1
04-09-20,Maury,31,3,31,3,0,0,31,1,573,14,604,15,0,0,1,8,2,23,1,5,0
04-09-20,McMinn,4,1,4,1,0,0,4,1,278,19,282,20,0,0,1,1,0,3,0,1,0
04-09-20,McNairy,9,0,9,0,0,0,9,0,100,6,109,6,0,0,0,3,0,6,0,1,0
04-09-20,Meigs,3,0,3,0,0,0,3,0,63,6,66,6,0,0,0,2,0,1,0,2,0
04-09-20,Monroe,7,0,7,0,0,0,7,1,174,12,181,13,0,0,0,3,0,4,0,1,0
04-09-20,Montgomery,83,7,83,7,0,0,84,7,1057,60,1141,67,0,2,-3,22,10,59,2,12,2
04-09-20,Moore,0,0,0,0,0,0,0,0,30,3,30,3,0,0,0,0,0,0,0,0,0
04-09-20,Morgan,5,0,5,0,0,0,7,0,81,12,88,12,0,0,0,3,0,2,0,0,0
04-09-20,Obion,4,0,4,0,0,0,4,0,102,6,106,6,0,1,0,1,0,2,0,1,1
04-09-20,Out of State,105,2,105,2,0,0,115,9,6724,376,6839,385,1,1,-1,11,2,93,1,8,0
04-09-20,Overton,5,0,5,0,0,0,5,0,211,13,216,13,0,0,0,2,0,3,0,1,0
04-09-20,Pending,0,0,0,0,0,0,0,0,8905,180,8905,180,0,0,0,-1,0,1,0,0,0
04-09-20,Perry,3,0,3,0,0,0,3,0,33,0,36,0,0,0,0,1,0,2,0,0,0
04-09-20,Pickett,0,0,0,0,0,0,0,0,25,2,25,2,0,0,0,0,0,0,0,0,0
04-09-20,Polk,4,1,4,1,0,0,5,1,35,3,40,4,0,0,1,2,0,2,0,0,0
04-09-20,Putnam,83,1,83,1,0,0,94,6,622,26,716,32,0,0,-1,41,2,42,0,2,0
04-09-20,Rhea,0,0,0,0,0,0,0,0,158,5,158,5,0,0,0,0,0,0,0,0,0
04-09-20,Roane,6,0,6,0,0,0,8,0,250,17,258,17,0,0,0,2,0,4,0,2,0
04-09-20,Robertson,71,7,71,7,0,0,72,8,599,59,671,67,0,0,1,23,6,48,0,15,1
04-09-20,Rutherford,229,16,229,16,0,0,242,18,1785,87,2027,105,3,6,0,65,13,158,2,37,6
04-09-20,Scott,8,3,8,3,0,0,8,3,88,3,96,6,0,0,3,4,0,4,0,0,0
04-09-20,Sequatchie,2,0,2,0,0,0,2,0,51,4,53,4,0,0,0,0,0,2,0,1,0
04-09-20,Sevier,22,0,22,0,0,0,24,2,419,13,443,15,0,0,0,4,0,18,0,4,0
04-09-20,Shelby,1034,86,1032,86,2,0,1050,74,4615,465,5665,539,3,20,17,371,66,643,17,166,32
04-09-20,Smith,6,2,6,2,0,0,6,2,157,11,163,13,0,0,2,3,0,3,1,1,0
04-09-20,Stewart,2,0,2,0,0,0,2,0,83,2,85,2,0,0,-1,-2,1,4,0,0,0
04-09-20,Sullivan,34,4,34,4,0,0,32,4,303,4,335,8,0,1,1,10,3,23,0,4,1
04-09-20,Sumner,424,20,421,20,3,0,459,22,1484,99,1943,121,2,20,1,179,17,225,2,166,22
04-09-20,Tipton,41,2,40,2,1,0,41,1,374,39,415,40,0,0,1,6,1,35,1,8,0
04-09-20,Trousdale,17,1,16,1,1,0,16,0,67,6,83,6,0,1,1,10,0,6,0,6,1
04-09-20,Unicoi,1,0,1,0,0,0,1,0,44,3,45,3,0,0,0,0,0,1,0,0,0
04-09-20,Union,3,1,3,1,0,0,3,1,47,1,50,2,0,0,1,1,0,2,0,0,0
04-09-20,Van Buren,0,0,0,0,0,0,0,0,34,2,34,2,0,0,0,0,0,0,0,0,0
04-09-20,Warren,3,0,3,0,0,0,3,0,190,17,193,17,0,0,0,1,0,2,0,0,0
04-09-20,Washington,32,1,32,1,0,0,33,1,435,10,468,11,0,0,-2,7,3,25,0,1,0
04-09-20,Wayne,2,0,2,0,0,0,3,0,67,8,70,8,0,0,0,1,0,1,0,1,0
04-09-20,Weakley,6,0,6,0,0,0,5,0,128,3,133,3,0,0,0,5,0,1,0,0,0
04-09-20,White,3,1,3,1,0,0,3,1,178,19,181,20,0,0,1,1,0,2,1,1,0
04-09-20,Williamson,298,5,298,5,0,0,305,6,2245,66,2550,72,0,3,-8,51,13,244,0,35,4
04-09-20,Wilson,127,7,127,7,0,0,129,6,1189,66,1318,72,1,1,-2,46,8,80,0,12,1
04-08-20,Anderson,10,0,10,0,0,0,12,0,318,16,330,16,1,1,-1,0,0,9,0,2,1
04-08-20,Bedford,13,0,13,0,0,0,14,1,183,15,197,16,0,0,-1,10,1,3,0,4,0
04-08-20,Benton,4,0,4,0,0,0,4,0,68,6,72,6,0,0,0,0,0,4,0,1,1
04-08-20,Bledsoe,3,0,3,0,0,0,3,0,36,1,39,1,0,0,0,0,0,3,0,1,0
04-08-20,Blount,44,2,44,2,0,0,44,2,403,16,447,18,0,2,0,11,2,31,0,5,3
04-08-20,Bradley,28,0,28,0,0,0,28,2,266,7,294,9,0,0,-2,5,2,23,0,6,0
04-08-20,Campbell,9,3,9,3,0,0,7,1,109,0,116,1,0,0,2,4,1,5,1,1,0
04-08-20,Cannon,6,0,6,0,0,0,7,1,94,5,101,6,0,0,0,3,0,3,0,1,0
04-08-20,Carroll,9,1,9,1,0,0,9,1,157,4,166,5,0,0,1,3,0,6,0,0,0
04-08-20,Carter,4,0,4,0,0,0,4,0,114,7,118,7,0,0,0,2,0,2,0,2,0
04-08-20,Cheatham,17,1,17,1,0,0,18,1,344,20,362,21,0,0,0,5,1,12,0,3,0
04-08-20,Chester,5,0,5,0,0,0,6,0,89,2,95,2,0,0,0,0,0,5,0,1,0
04-08-20,Claiborne,2,0,2,0,0,0,1,0,82,0,83,0,0,0,0,-1,0,3,0,0,0
04-08-20,Clay,2,0,2,0,0,0,2,0,97,8,99,8,0,0,0,1,0,1,0,0,0
04-08-20,Cocke,2,0,2,0,0,0,2,0,78,3,80,3,0,0,0,0,0,2,0,0,0
04-08-20,Coffee,9,1,8,1,1,0,8,0,222,3,230,3,0,0,1,4,0,5,1,2,0
04-08-20,Crockett,0,0,0,0,0,0,0,0,55,0,55,0,0,0,0,0,0,0,0,0,0
04-08-20,Cumberland,36,3,36,3,0,0,40,3,588,23,628,26,0,0,-1,10,4,26,2,6,0
04-08-20,Davidson,1030,40,1030,40,0,0,1069,49,10948,471,12017,520,4,13,-12,249,48,768,5,126,13
04-08-20,Decatur,2,0,2,0,0,0,2,0,59,2,61,2,0,0,-1,1,1,1,0,0,0
04-08-20,Dekalb,7,0,7,0,0,0,7,0,153,8,160,8,0,0,-1,1,1,6,0,0,0
04-08-20,Dickson,28,3,28,3,0,0,29,3,249,24,278,27,0,0,1,8,2,20,1,5,0
04-08-20,Dyer,14,4,14,4,0,0,14,4,155,6,169,10,0,0,3,5,1,9,0,3,0
04-08-20,Fayette,27,3,27,3,0,0,25,0,221,14,246,14,0,0,-1,8,4,19,2,7,0
04-08-20,Fentress,2,0,2,0,0,0,2,0,91,6,93,6,0,0,-1,1,1,1,0,0,0
04-08-20,Franklin,16,1,16,1,0,0,15,0,140,2,155,2,0,1,1,0,0,15,0,4,1
04-08-20,Gibson,15,3,15,3,0,0,15,1,240,5,255,6,0,0,2,2,1,13,0,1,0
04-08-20,Giles,3,0,3,0,0,0,3,0,110,4,113,4,0,0,0,0,0,3,0,0,0
04-08-20,Grainger,3,0,3,0,0,0,2,0,59,2,61,2,0,0,0,0,0,3,0,1,0
04-08-20,Greene,22,3,22,3,0,0,20,3,134,14,154,17,0,1,2,4,1,17,1,5,1
04-08-20,Grundy,17,1,17,1,0,0,18,1,68,2,86,3,0,0,-1,7,2,10,1,9,0
04-08-20,Hamblen,4,0,4,0,0,0,4,0,172,9,176,9,0,0,-1,1,1,3,0,2,1
04-08-20,Hamilton,98,3,98,3,0,0,102,3,1174,35,1276,38,0,9,2,22,1,67,1,29,11
04-08-20,Hancock,0,0,0,0,0,0,0,0,14,2,14,2,0,0,0,0,0,0,0,0,0
04-08-20,Hardeman,6,0,6,0,0,0,7,0,109,6,116,6,0,0,0,2,0,4,0,3,0
04-08-20,Hardin,2,0,2,0,0,0,2,0,184,8,186,8,0,0,0,0,0,2,0,0,0
04-08-20,Hawkins,21,3,21,3,0,0,19,3,128,21,147,24,0,1,1,10,2,10,0,5,1
04-08-20,Haywood,9,2,9,2,0,0,8,1,71,6,79,7,0,0,-1,1,3,8,0,4,1
04-08-20,Henderson,2,0,2,0,0,0,2,0,135,6,137,6,0,0,0,0,0,2,0,0,0
04-08-20,Henry,6,0,6,0,0,0,6,0,132,1,138,1,0,0,0,3,0,3,0,3,0
04-08-20,Hickman,2,0,2,0,0,0,2,0,98,5,100,5,0,0,0,1,0,1,0,1,0
04-08-20,Houston,4,0,4,0,0,0,4,0,73,3,77,3,0,0,0,0,0,4,0,3,0
04-08-20,Humphreys,4,0,4,0,0,0,4,0,83,5,87,5,0,0,0,2,0,2,0,0,0
04-08-20,Jackson,5,1,5,1,0,0,5,1,78,11,83,12,0,0,0,4,1,1,0,0,0
04-08-20,Jefferson,11,1,11,1,0,0,11,1,152,8,163,9,0,0,1,3,0,8,0,0,0
04-08-20,Johnson,2,0,2,0,0,0,2,0,20,4,22,4,0,0,0,0,0,2,0,0,0
04-08-20,Knox,152,8,152,8,0,0,157,8,1679,102,1836,110,0,3,-3,33,11,116,1,19,4
04-08-20,Lake,0,0,0,0,0,0,0,0,22,0,22,0,0,0,0,0,0,0,0,0,0
04-08-20,Lauderdale,7,1,7,1,0,0,6,0,93,16,99,16,0,0,-1,4,2,3,0,1,0
04-08-20,Lawrence,10,2,10,2,0,0,10,2,231,21,241,23,0,0,2,3,0,7,0,1,0
04-08-20,Lewis,2,0,2,0,0,0,2,0,24,1,26,1,0,0,0,0,0,2,0,0,0
04-08-20,Lincoln,7,0,7,0,0,0,8,0,74,0,82,0,0,0,-1,2,1,5,0,2,0
04-08-20,Loudon,15,0,15,0,0,0,14,1,198,14,212,15,0,0,0,2,0,13,0,2,0
04-08-20,Macon,18,2,18,2,0,0,20,2,219,28,239,30,0,1,2,8,0,9,0,6,2
04-08-20,Madison,45,2,45,2,0,0,45,2,488,17,533,19,0,0,1,31,1,14,1,8,0
04-08-20,Marion,23,0,22,0,1,0,23,0,80,3,103,3,0,1,-2,7,2,15,0,10,2
04-08-20,Marshall,8,0,8,0,0,0,8,0,159,2,167,2,0,0,0,6,0,2,0,3,1
04-08-20,Maury,28,2,28,2,0,0,30,2,559,19,589,21,0,0,0,7,2,21,0,4,0
04-08-20,McMinn,3,0,3,0,0,0,3,0,259,6,262,6,0,0,0,0,0,3,0,1,0
04-08-20,McNairy,9,2,9,2,0,0,9,2,94,3,103,5,0,0,2,3,0,6,1,1,0
04-08-20,Meigs,3,0,3,0,0,0,3,0,57,2,60,2,0,0,0,2,0,1,0,2,0
04-08-20,Monroe,7,1,7,1,0,0,6,0,162,4,168,4,0,0,1,3,0,4,0,1,0
04-08-20,Montgomery,76,7,76,7,0,0,77,6,997,78,1074,84,0,2,4,25,3,49,0,10,2
04-08-20,Moore,0,0,0,0,0,0,0,0,27,3,27,3,0,0,0,0,0,0,0,0,0
04-08-20,Morgan,5,0,5,0,0,0,7,0,69,6,76,6,0,0,0,3,0,2,0,0,0
04-08-20,Obion,4,0,4,0,0,0,4,0,96,2,100,2,0,1,0,1,0,2,0,1,1
04-08-20,Out of State,103,2,103,2,0,0,106,1,6348,451,6454,452,-2,0,-1,12,5,91,0,7,0
04-08-20,Overton,5,0,5,0,0,0,5,0,198,21,203,21,0,0,0,2,0,3,0,1,0
04-08-20,Pending,0,0,0,0,0,0,0,0,8725,106,8725,106,-1,0,1,-1,0,1,0,0,0
04-08-20,Perry,3,0,3,0,0,0,3,0,33,1,36,1,0,0,0,1,0,2,0,0,0
04-08-20,Pickett,0,0,0,0,0,0,0,0,23,3,23,3,0,0,0,0,0,0,0,0,0
04-08-20,Polk,3,0,3,0,0,0,4,0,32,1,36,1,0,0,0,1,0,2,0,0,0
04-08-20,Putnam,82,0,82,0,0,0,88,0,596,37,684,37,0,0,-5,42,5,40,0,2,0
04-08-20,Rhea,0,0,0,0,0,0,0,0,153,4,153,4,0,0,0,0,0,0,0,0,0
04-08-20,Roane,6,0,6,0,0,0,8,1,233,8,241,9,0,0,0,2,0,4,0,2,0
04-08-20,Robertson,64,2,64,2,0,0,64,1,540,41,604,42,0,0,-1,22,3,42,0,15,1
04-08-20,Rutherford,213,14,213,14,0,0,224,13,1698,90,1922,103,0,3,1,65,13,145,0,35,6
04-08-20,Scott,5,0,5,0,0,0,5,0,85,6,90,6,0,0,-1,1,1,4,0,0,0
04-08-20,Sequatchie,2,0,2,0,0,0,2,0,47,2,49,2,0,0,0,0,0,2,0,1,0
04-08-20,Sevier,22,3,22,3,0,0,22,2,406,16,428,18,0,0,2,4,1,18,1,4,0
04-08-20,Shelby,948,41,946,41,2,0,976,61,4150,284,5126,345,2,17,-31,354,70,577,5,149,31
04-08-20,Smith,4,1,4,1,0,0,4,1,146,3,150,4,0,0,1,1,0,3,0,0,0
04-08-20,Stewart,2,0,2,0,0,0,2,0,81,1,83,1,0,0,-1,-1,1,3,0,0,0
04-08-20,Sullivan,30,4,30,4,0,0,28,2,299,25,327,27,0,1,3,9,1,20,0,4,1
04-08-20,Sumner,404,17,401,17,3,0,437,25,1385,63,1822,88,3,18,-5,178,19,208,5,164,21
04-08-20,Tipton,39,1,38,1,1,0,40,1,335,24,375,25,0,0,-2,5,3,34,0,7,0
04-08-20,Trousdale,16,0,15,0,1,0,16,1,61,11,77,12,0,1,0,9,0,6,0,6,1
04-08-20,Unicoi,1,0,1,0,0,0,1,0,41,1,42,1,0,0,0,0,0,1,0,0,0
04-08-20,Union,2,1,2,1,0,0,2,1,46,3,48,4,0,0,0,0,1,2,0,0,0
04-08-20,Van Buren,0,0,0,0,0,0,0,0,32,0,32,0,0,0,0,0,0,0,0,0,0
04-08-20,Warren,3,0,3,0,0,0,3,0,173,20,176,20,0,0,0,1,0,2,0,0,0
04-08-20,Washington,31,2,31,2,0,0,32,3,425,19,457,22,0,0,1,9,1,22,0,1,0
04-08-20,Wayne,2,0,2,0,0,0,3,0,59,5,62,5,0,0,0,1,0,1,0,1,0
04-08-20,Weakley,6,1,6,1,0,0,5,1,125,2,130,3,0,0,1,5,0,1,0,0,0
04-08-20,White,2,0,2,0,0,0,2,0,159,2,161,2,0,0,0,0,0,2,0,0,0
04-08-20,Williamson,293,6,293,6,0,0,299,7,2179,115,2478,122,0,3,-6,59,12,231,0,35,3
04-08-20,Wilson,120,4,120,4,0,0,123,3,1123,77,1246,80,0,0,-1,48,5,72,1,12,0
04-07-20,Anderson,10,1,10,1,0,0,12,1,302,42,314,43,0,0,1,1,0,9,0,2,0
04-07-20,Bedford,13,2,13,2,0,0,13,1,168,9,181,10,0,0,2,11,0,2,0,4,0
04-07-20,Benton,4,0,4,0,0,0,4,0,62,7,66,7,0,0,0,0,0,4,0,1,1
04-07-20,Bledsoe,3,0,3,0,0,0,3,1,35,4,38,5,0,0,0,0,0,3,0,1,0
04-07-20,Blount,42,3,42,3,0,0,42,4,387,38,429,42,0,2,1,11,2,29,1,5,2
04-07-20,Bradley,28,4,28,4,0,0,26,6,259,30,285,36,0,0,3,7,1,21,1,6,0
04-07-20,Campbell,6,1,6,1,0,0,6,1,109,13,115,14,0,0,0,2,1,4,0,0,0
04-07-20,Cannon,6,0,6,0,0,0,6,0,89,8,95,8,0,0,-2,3,2,3,0,1,0
04-07-20,Carroll,8,0,8,0,0,0,8,0,153,27,161,27,0,0,0,2,0,6,0,0,0
04-07-20,Carter,4,0,4,0,0,0,4,0,107,25,111,25,0,0,0,2,0,2,0,2,0
04-07-20,Cheatham,16,0,16,0,0,0,17,0,324,39,341,39,0,0,-2,5,2,11,0,3,0
04-07-20,Chester,5,0,5,0,0,0,6,0,87,14,93,14,0,0,0,0,0,5,0,1,0
04-07-20,Claiborne,2,0,2,0,0,0,1,0,82,14,83,14,0,0,0,-1,0,3,0,0,0
04-07-20,Clay,2,1,2,1,0,0,2,1,89,11,91,12,0,0,1,1,0,1,0,0,0
04-07-20,Cocke,2,1,2,1,0,0,2,1,75,7,77,8,0,0,1,0,0,2,0,0,0
04-07-20,Coffee,8,0,7,0,1,0,8,0,219,10,227,10,0,0,0,3,0,5,0,1,0
04-07-20,Crockett,0,0,0,0,0,0,0,0,55,14,55,14,0,0,0,0,0,0,0,0,0
04-07-20,Cumberland,33,3,33,3,0,0,37,4,565,45,602,49,0,0,0,11,3,22,0,4,0
04-07-20,Davidson,990,44,990,44,0,0,1020,49,10477,489,11497,538,2,9,-5,261,47,720,10,121,13
04-07-20,Decatur,2,0,2,0,0,0,2,0,57,8,59,8,0,0,0,2,0,0,0,0,0
04-07-20,Dekalb,7,0,7,0,0,0,7,0,145,33,152,33,0,0,0,2,0,5,0,0,0
04-07-20,Dickson,25,1,25,1,0,0,26,1,225,25,251,26,0,0,-6,7,7,18,0,4,0
04-07-20,Dyer,10,0,10,0,0,0,10,0,149,33,159,33,0,0,-1,2,1,8,0,3,0
04-07-20,Fayette,24,0,24,0,0,0,25,1,207,23,232,24,0,0,-3,9,3,15,0,5,0
04-07-20,Fentress,2,0,2,0,0,0,2,0,85,15,87,15,0,0,0,2,0,0,0,0,0
04-07-20,Franklin,15,2,15,2,0,0,15,2,138,7,153,9,0,1,-1,-1,3,15,0,4,1
04-07-20,Gibson,12,0,12,0,0,0,14,1,235,42,249,43,0,0,-1,0,1,12,0,1,0
04-07-20,Giles,3,0,3,0,0,0,3,0,106,25,109,25,0,0,0,0,0,3,0,0,0
04-07-20,Grainger,3,0,3,0,0,0,2,0,57,4,59,4,0,0,-2,0,2,3,0,1,0
04-07-20,Greene,19,1,19,1,0,0,17,2,120,19,137,21,0,1,0,2,1,16,0,4,1
04-07-20,Grundy,16,0,16,0,0,0,17,0,66,6,83,6,0,0,0,8,0,8,0,8,0
04-07-20,Hamblen,4,0,4,0,0,0,4,0,163,29,167,29,0,0,0,2,0,2,0,2,0
04-07-20,Hamilton,95,4,95,4,0,0,99,7,1139,91,1238,98,0,9,-1,20,5,66,1,28,11
04-07-20,Hancock,0,0,0,0,0,0,0,0,12,0,12,0,0,0,0,0,0,0,0,0,0
04-07-20,Hardeman,6,0,6,0,0,0,7,1,103,9,110,10,0,0,0,2,0,4,0,3,0
04-07-20,Hardin,2,1,2,1,0,0,2,1,176,21,178,22,0,0,1,0,0,2,0,0,0
04-07-20,Hawkins,18,3,18,3,0,0,16,6,107,34,123,40,0,1,0,9,3,8,1,5,1
04-07-20,Haywood,7,3,7,3,0,0,7,3,65,11,72,14,0,0,3,2,0,5,2,4,1
04-07-20,Henderson,2,0,2,0,0,0,2,0,129,21,131,21,0,0,-1,0,1,2,0,0,0
04-07-20,Henry,6,0,6,0,0,0,6,1,131,25,137,26,0,0,-1,3,1,3,0,3,0
04-07-20,Hickman,2,0,2,0,0,0,2,0,93,5,95,5,0,0,0,1,0,1,0,1,0
04-07-20,Houston,4,0,4,0,0,0,4,0,70,0,74,0,0,0,0,0,0,4,0,3,0
04-07-20,Humphreys,4,0,4,0,0,0,4,0,78,6,82,6,0,0,0,2,0,2,0,0,0
04-07-20,Jackson,4,1,4,1,0,0,4,1,67,18,71,19,0,0,1,4,0,0,0,0,0
04-07-20,Jefferson,10,3,10,3,0,0,10,3,144,21,154,24,0,0,3,2,0,8,0,0,0
04-07-20,Johnson,2,0,2,0,0,0,2,0,16,4,18,4,0,0,-1,0,1,2,0,0,0
04-07-20,Knox,144,20,144,20,0,0,149,26,1577,367,1726,393,0,3,11,36,9,105,2,18,3
04-07-20,Lake,0,0,0,0,0,0,0,0,22,2,22,2,0,0,0,0,0,0,0,0,0
04-07-20,Lauderdale,6,1,6,1,0,0,6,1,77,6,83,7,0,0,1,5,0,1,1,1,0
04-07-20,Lawrence,8,3,8,3,0,0,8,4,210,35,218,39,0,0,2,1,1,7,0,1,0
04-07-20,Lewis,2,0,2,0,0,0,2,0,23,2,25,2,0,0,-1,0,1,2,0,0,0
04-07-20,Lincoln,7,1,7,1,0,0,8,1,74,7,82,8,0,0,1,3,0,4,0,2,0
04-07-20,Loudon,15,3,15,3,0,0,13,1,184,20,197,21,0,0,3,2,0,13,0,2,0
04-07-20,Macon,16,0,16,0,0,0,18,0,191,22,209,22,0,1,-1,6,1,9,0,6,1
04-07-20,Madison,43,13,43,13,0,0,43,13,471,151,514,164,0,0,11,30,2,13,1,7,0
04-07-20,Marion,23,0,22,0,1,0,23,0,77,7,100,7,0,1,-1,9,1,13,0,10,2
04-07-20,Marshall,8,0,8,0,0,0,8,0,157,6,165,6,0,0,0,6,0,2,0,3,0
04-07-20,Maury,26,1,26,1,0,0,28,2,540,23,568,25,0,0,0,7,1,19,0,4,0
04-07-20,McMinn,3,0,3,0,0,0,3,0,253,24,256,24,0,0,0,0,0,3,0,1,0
04-07-20,McNairy,7,1,7,1,0,0,7,2,91,7,98,9,0,0,0,1,1,6,0,0,0
04-07-20,Meigs,3,1,3,1,0,0,3,1,55,5,58,6,0,0,1,2,0,1,1,2,0
04-07-20,Monroe,6,0,6,0,0,0,6,0,158,11,164,11,0,0,0,2,0,4,0,1,0
04-07-20,Montgomery,69,9,69,9,0,0,71,10,919,104,990,114,1,2,2,21,6,46,3,10,2
04-07-20,Moore,0,0,0,0,0,0,0,0,24,2,24,2,0,0,0,0,0,0,0,0,0
04-07-20,Morgan,5,0,5,0,0,0,7,0,63,7,70,7,0,0,-1,3,1,2,0,0,0
04-07-20,Obion,4,1,4,1,0,0,4,2,94,13,98,15,0,1,0,1,1,2,0,1,1
04-07-20,Out of State,101,3,101,3,0,0,105,5,5897,741,6002,746,2,2,-3,13,4,86,1,7,0
04-07-20,Overton,5,1,5,1,0,0,5,1,177,33,182,34,0,0,1,2,0,3,0,1,0
04-07-20,Pending,0,0,0,0,0,0,0,0,8619,316,8619,316,-1,1,0,-2,1,1,0,0,0
04-07-20,Perry,3,0,3,0,0,0,3,0,32,2,35,2,0,0,-1,1,1,2,0,0,0
04-07-20,Pickett,0,0,0,0,0,0,0,0,20,2,20,2,0,0,0,0,0,0,0,0,0
04-07-20,Polk,3,0,3,0,0,0,4,0,31,1,35,1,0,0,0,1,0,2,0,0,0
04-07-20,Putnam,82,24,82,24,0,0,88,24,559,83,647,107,0,0,21,47,3,35,0,2,0
04-07-20,Rhea,0,0,0,0,0,0,0,0,149,9,149,9,0,0,0,0,0,0,0,0,0
04-07-20,Roane,6,0,6,0,0,0,7,0,225,15,232,15,0,0,0,2,0,4,0,2,0
04-07-20,Robertson,62,2,62,2,0,0,63,3,499,23,562,26,0,0,-5,23,7,39,1,15,1
04-07-20,Rutherford,199,25,199,25,0,0,211,24,1608,154,1819,178,0,3,16,64,9,132,5,35,4
04-07-20,Scott,5,1,5,1,0,0,5,2,79,14,84,16,0,0,1,2,0,3,0,0,0
04-07-20,Sequatchie,2,0,2,0,0,0,2,0,45,6,47,6,0,0,-1,0,1,2,0,1,0
04-07-20,Sevier,19,2,19,2,0,0,20,3,390,67,410,70,0,0,1,2,1,17,0,3,0
04-07-20,Shelby,907,66,905,66,2,0,915,65,3866,467,4781,532,2,15,2,385,62,507,3,144,26
04-07-20,Smith,3,0,3,0,0,0,3,0,143,13,146,13,0,0,0,0,0,3,0,0,0
04-07-20,Stewart,2,0,2,0,0,0,2,0,80,6,82,6,0,0,-1,0,1,2,0,0,0
04-07-20,Sullivan,26,0,26,0,0,0,26,3,274,63,300,66,0,1,-3,6,3,19,0,4,1
04-07-20,Sumner,387,17,384,17,3,0,412,21,1322,97,1734,118,0,15,10,183,7,189,5,159,18
04-07-20,Tipton,38,0,37,0,1,0,39,0,311,35,350,35,0,0,-1,7,1,31,0,7,0
04-07-20,Trousdale,16,2,15,2,1,0,15,2,50,6,65,8,0,1,0,9,2,6,1,6,1
04-07-20,Unicoi,1,0,1,0,0,0,1,0,40,4,41,4,0,0,0,0,0,1,0,0,0
04-07-20,Union,1,0,1,0,0,0,1,0,43,5,44,5,0,0,-1,0,1,1,0,0,0
04-07-20,Van Buren,0,0,0,0,0,0,0,0,32,4,32,4,0,0,0,0,0,0,0,0,0
04-07-20,Warren,3,2,3,2,0,0,3,2,153,7,156,9,0,0,2,1,0,2,0,0,0
04-07-20,Washington,29,5,29,5,0,0,29,5,406,83,435,88,0,0,3,8,2,21,0,1,0
04-07-20,Wayne,2,0,2,0,0,0,3,0,54,9,57,9,0,0,0,1,0,1,0,1,0
04-07-20,Weakley,5,0,5,0,0,0,4,2,123,22,127,24,0,0,0,4,0,1,0,0,0
04-07-20,White,2,0,2,0,0,0,2,0,157,2,159,2,0,0,0,0,0,2,0,0,0
04-07-20,Williamson,287,12,287,12,0,0,292,12,2064,92,2356,104,1,3,-6,65,17,219,3,35,3
04-07-20,Wilson,116,10,116,10,0,0,120,13,1046,50,1166,63,0,0,6,49,4,67,0,11,0
04-06-20,Anderson,9,0,9,0,0,0,11,0,260,14,271,14,0,0,-1,0,1,9,0,2,0
04-06-20,Bedford,11,2,11,2,0,0,12,2,159,14,171,16,0,0,2,9,0,2,1,4,0
04-06-20,Benton,4,0,4,0,0,0,4,0,55,2,59,2,0,0,0,0,0,4,0,1,1
04-06-20,Bledsoe,3,0,3,0,0,0,2,1,31,7,33,8,0,0,0,0,0,3,0,1,0
04-06-20,Blount,39,3,39,3,0,0,38,1,349,55,387,56,1,2,0,10,2,27,0,4,2
04-06-20,Bradley,24,2,24,2,0,0,20,1,229,21,249,22,0,0,-2,4,4,20,1,5,0
04-06-20,Campbell,5,0,5,0,0,0,5,0,96,4,101,4,0,0,0,2,0,3,0,0,0
04-06-20,Cannon,6,0,6,0,0,0,6,0,81,8,87,8,0,0,0,5,0,1,0,1,0
04-06-20,Carroll,8,0,8,0,0,0,8,0,126,4,134,4,0,0,-1,2,1,6,0,0,0
04-06-20,Carter,4,0,4,0,0,0,4,0,82,4,86,4,0,0,0,2,0,2,0,2,0
04-06-20,Cheatham,16,0,16,0,0,0,17,0,285,34,302,34,0,0,0,7,0,9,0,3,0
04-06-20,Chester,5,0,5,0,0,0,6,0,73,7,79,7,0,0,-1,0,1,5,0,1,0
04-06-20,Claiborne,2,0,2,0,0,0,1,0,68,8,69,8,0,0,0,-1,0,3,0,0,0
04-06-20,Clay,1,0,1,0,0,0,1,0,78,21,79,21,0,0,0,0,0,1,0,0,0
04-06-20,Cocke,1,0,1,0,0,0,1,0,68,2,69,2,0,0,0,-1,0,2,0,0,0
04-06-20,Coffee,8,0,7,0,1,0,8,1,209,12,217,13,0,0,0,3,0,5,0,1,0
04-06-20,Crockett,0,0,0,0,0,0,0,0,41,1,41,1,0,0,0,0,0,0,0,0,0
04-06-20,Cumberland,30,4,30,4,0,0,33,5,520,70,553,75,0,0,1,11,3,19,0,4,0
04-06-20,Davidson,946,46,946,46,0,0,971,53,9988,755,10959,808,1,7,-17,266,62,673,7,111,11
04-06-20,Decatur,2,0,2,0,0,0,2,0,49,2,51,2,0,0,0,2,0,0,0,0,0
04-06-20,Dekalb,7,0,7,0,0,0,7,0,112,6,119,6,0,0,-1,2,1,5,0,0,0
04-06-20,Dickson,24,2,24,2,0,0,25,2,200,7,225,9,0,0,1,13,1,11,0,4,0
04-06-20,Dyer,10,1,10,1,0,0,10,1,116,4,126,5,0,0,0,3,1,7,1,3,0
04-06-20,Fayette,24,1,24,1,0,0,24,1,184,9,208,10,0,0,0,12,1,12,1,5,0
04-06-20,Fentress,2,0,2,0,0,0,2,0,70,6,72,6,0,0,0,2,0,0,0,0,0
04-06-20,Franklin,13,0,13,0,0,0,13,1,131,7,144,8,0,1,-3,0,3,12,0,4,1
04-06-20,Gibson,12,1,12,1,0,0,13,2,193,7,206,9,0,0,-1,1,2,11,0,1,0
04-06-20,Giles,3,0,3,0,0,0,3,0,81,5,84,5,0,0,-1,0,1,3,0,0,0
04-06-20,Grainger,3,0,3,0,0,0,2,0,53,2,55,2,0,0,0,2,0,1,0,1,0
04-06-20,Greene,18,1,18,1,0,0,15,0,101,13,116,13,0,1,0,2,1,15,0,4,1
04-06-20,Grundy,16,1,16,1,0,0,17,2,60,11,77,13,0,0,1,8,0,8,0,8,0
04-06-20,Hamblen,4,0,4,0,0,0,4,0,134,8,138,8,0,0,0,2,0,2,0,2,0
04-06-20,Hamilton,91,11,91,11,0,0,92,14,1048,125,1140,139,5,9,-1,21,7,61,3,27,10
04-06-20,Hancock,0,0,0,0,0,0,0,0,12,0,12,0,0,0,0,0,0,0,0,0,0
04-06-20,Hardeman,6,0,6,0,0,0,6,0,94,7,100,7,0,0,-1,2,1,4,0,3,0
04-06-20,Hardin,1,0,1,0,0,0,1,0,155,6,156,6,0,0,-1,-1,1,2,0,0,0
04-06-20,Hawkins,15,2,15,2,0,0,10,1,73,3,83,4,0,1,2,9,0,5,0,4,1
04-06-20,Haywood,4,0,4,0,0,0,4,0,54,3,58,3,0,0,-1,-1,1,5,0,2,1
04-06-20,Henderson,2,1,2,1,0,0,2,1,108,5,110,6,0,0,1,1,0,1,0,0,0
04-06-20,Henry,6,1,6,1,0,0,5,0,106,9,111,9,0,0,1,4,0,2,0,3,0
04-06-20,Hickman,2,0,2,0,0,0,2,0,88,2,90,2,0,0,0,1,0,1,0,1,0
04-06-20,Houston,4,0,4,0,0,0,4,0,70,3,74,3,0,0,0,0,0,4,0,3,0
04-06-20,Humphreys,4,1,4,1,0,0,4,1,72,3,76,4,0,0,1,2,0,2,0,0,0
04-06-20,Jackson,3,0,3,0,0,0,3,0,49,3,52,3,0,0,0,3,0,0,0,0,0
04-06-20,Jefferson,7,1,7,1,0,0,7,1,123,3,130,4,0,0,0,-1,1,8,0,0,0
04-06-20,Johnson,2,0,2,0,0,0,2,0,12,0,14,0,0,0,0,1,0,1,0,0,0
04-06-20,Knox,124,8,124,8,0,0,123,12,1210,54,1333,66,2,3,-2,25,8,96,1,16,3
04-06-20,Lake,0,0,0,0,0,0,0,0,20,1,20,1,0,0,0,0,0,0,0,0,0
04-06-20,Lauderdale,5,0,5,0,0,0,5,0,71,8,76,8,0,0,-1,4,1,1,0,0,0
04-06-20,Lawrence,5,1,5,1,0,0,4,1,175,12,179,13,0,0,0,-1,1,6,1,1,0
04-06-20,Lewis,2,0,2,0,0,0,2,0,21,2,23,2,0,0,0,1,0,1,0,0,0
04-06-20,Lincoln,6,1,6,1,0,0,7,1,67,2,74,3,0,0,1,2,0,4,0,2,0
04-06-20,Loudon,12,0,12,0,0,0,12,0,164,4,176,4,0,0,0,-1,0,13,0,2,0
04-06-20,Macon,16,4,16,4,0,0,18,4,169,4,187,8,1,1,1,7,2,8,1,6,1
04-06-20,Madison,30,8,30,8,0,0,30,8,320,37,350,45,0,0,4,19,4,11,1,6,0
04-06-20,Marion,23,0,22,0,1,0,23,4,70,7,93,11,0,1,0,10,0,12,0,10,2
04-06-20,Marshall,8,2,8,2,0,0,8,3,151,5,159,8,0,0,2,6,0,2,1,3,0
04-06-20,Maury,25,1,25,1,0,0,26,3,517,19,543,22,0,0,-3,7,4,18,0,4,0
04-06-20,McMinn,3,0,3,0,0,0,3,0,229,26,232,26,0,0,0,0,0,3,0,1,0
04-06-20,McNairy,6,1,6,1,0,0,5,1,84,7,89,8,0,0,1,1,0,5,0,0,0
04-06-20,Meigs,2,0,2,0,0,0,2,0,50,4,52,4,0,0,0,1,0,1,0,1,0
04-06-20,Monroe,6,0,6,0,0,0,6,0,147,12,153,12,0,0,-1,2,1,4,0,1,0
04-06-20,Montgomery,60,7,60,7,0,0,61,7,815,98,876,105,0,1,1,19,6,40,0,7,1
04-06-20,Moore,0,0,0,0,0,0,0,0,22,5,22,5,0,0,0,0,0,0,0,0,0
04-06-20,Morgan,5,1,5,1,0,0,7,1,56,8,63,9,0,0,1,4,0,1,0,0,0
04-06-20,Obion,3,1,3,1,0,0,2,0,81,1,83,1,0,1,1,1,0,1,0,1,1
04-06-20,Out of State,98,9,98,9,0,0,100,9,5156,546,5256,555,0,0,4,16,5,82,1,6,0
04-06-20,Overton,4,0,4,0,0,0,4,1,144,25,148,26,0,0,0,1,0,3,0,1,0
04-06-20,Pending,0,0,0,0,0,0,0,0,8303,537,8303,537,2,2,-2,-2,0,0,0,0,0
04-06-20,Perry,3,0,3,0,0,0,3,0,30,0,33,0,0,0,0,2,0,1,0,0,0
04-06-20,Pickett,0,0,0,0,0,0,0,0,18,3,18,3,0,0,0,0,0,0,0,0,0
04-06-20,Polk,3,0,3,0,0,0,4,0,30,7,34,7,0,0,0,1,0,2,0,0,0
04-06-20,Putnam,58,2,58,2,0,0,64,4,476,50,540,54,0,0,-1,26,3,32,0,2,0
04-06-20,Rhea,0,0,0,0,0,0,0,0,140,21,140,21,0,0,0,0,0,0,0,0,0
04-06-20,Roane,6,0,6,0,0,0,7,0,210,12,217,12,0,0,-1,2,1,4,0,2,0
04-06-20,Robertson,60,3,60,3,0,0,60,3,476,45,536,48,0,0,-1,28,4,32,1,14,1
04-06-20,Rutherford,174,9,174,9,0,0,187,9,1454,69,1641,78,0,3,-4,48,13,123,4,30,4
04-06-20,Scott,4,1,4,1,0,0,3,0,65,3,68,3,0,0,1,1,0,3,0,0,0
04-06-20,Sequatchie,2,1,2,1,0,0,2,1,39,10,41,11,0,0,1,1,0,1,0,1,0
04-06-20,Sevier,17,3,17,3,0,0,17,3,323,11,340,14,0,0,0,1,3,16,0,3,0
04-06-20,Shelby,841,39,839,39,2,0,850,41,3399,93,4249,134,4,13,-25,383,60,445,10,141,25
04-06-20,Smith,3,0,3,0,0,0,3,0,130,8,133,8,0,0,0,0,0,3,0,0,0
04-06-20,Stewart,2,0,2,0,0,0,2,0,74,12,76,12,0,0,-1,1,1,1,0,0,0
04-06-20,Sullivan,26,2,26,2,0,0,23,1,211,7,234,8,0,1,2,9,0,16,0,4,1
04-06-20,Sumner,370,19,367,19,3,0,391,20,1225,100,1616,120,5,15,-13,173,27,182,8,154,16
04-06-20,Tipton,38,2,37,2,1,0,39,2,276,14,315,16,0,0,-2,8,4,30,0,7,0
04-06-20,Trousdale,14,2,13,2,1,0,13,0,44,1,57,1,0,1,1,9,1,4,1,5,1
04-06-20,Unicoi,1,0,1,0,0,0,1,0,36,5,37,5,0,0,0,0,0,1,0,0,0
04-06-20,Union,1,0,1,0,0,0,1,0,38,4,39,4,0,0,0,1,0,0,0,0,0
04-06-20,Van Buren,0,0,0,0,0,0,0,0,28,5,28,5,0,0,0,0,0,0,0,0,0
04-06-20,Warren,1,0,1,0,0,0,1,0,146,18,147,18,0,0,0,-1,0,2,0,0,0
04-06-20,Washington,24,2,24,2,0,0,24,1,323,11,347,12,0,0,1,5,1,19,0,1,0
04-06-20,Wayne,2,0,2,0,0,0,3,0,45,5,48,5,0,0,0,1,0,1,0,1,0
04-06-20,Weakley,5,0,5,0,0,0,2,0,101,7,103,7,0,0,0,4,0,1,0,0,0
04-06-20,White,2,0,2,0,0,0,2,0,155,32,157,32,0,0,-1,0,1,2,0,0,0
04-06-20,Williamson,275,11,275,11,0,0,280,10,1972,114,2252,124,0,2,-7,71,18,202,2,32,3
04-06-20,Wilson,106,7,106,7,0,0,107,5,996,42,1103,47,0,0,-6,43,13,63,1,11,0
04-05-20,Anderson,9,0,9,0,0,0,11,0,246,29,257,29,0,0,0,1,0,8,0,2,0
04-05-20,Bedford,9,0,9,0,0,0,10,0,145,8,155,8,0,0,-2,7,2,2,0,3,0
04-05-20,Benton,4,0,4,0,0,0,4,0,53,5,57,5,0,0,0,0,0,4,0,1,1
04-05-20,Bledsoe,3,0,3,0,0,0,1,1,24,2,25,3,0,0,0,0,0,3,0,1,0
04-05-20,Blount,36,1,36,1,0,0,37,2,294,23,331,25,1,1,-1,10,1,25,0,4,2
04-05-20,Bradley,22,2,22,2,0,0,19,1,208,11,227,12,0,0,-1,6,3,16,0,4,0
04-05-20,Campbell,5,0,5,0,0,0,5,0,92,11,97,11,0,0,0,2,0,3,0,0,0
04-05-20,Cannon,6,3,6,3,0,0,6,3,73,5,79,8,0,0,3,5,0,1,1,1,0
04-05-20,Carroll,8,1,8,1,0,0,8,0,122,9,130,9,0,0,0,3,1,5,0,0,0
04-05-20,Carter,4,0,4,0,0,0,4,0,78,1,82,1,0,0,0,2,0,2,0,2,0
04-05-20,Cheatham,16,2,16,2,0,0,17,2,251,14,268,16,0,0,2,7,0,9,0,3,0
04-05-20,Chester,5,0,5,0,0,0,6,2,66,8,72,10,0,0,0,1,0,4,0,1,0
04-05-20,Claiborne,2,0,2,0,0,0,1,0,60,7,61,7,0,0,0,-1,0,3,0,0,0
04-05-20,Clay,1,0,1,0,0,0,1,0,57,4,58,4,0,0,0,0,0,1,0,0,0
04-05-20,Cocke,1,0,1,0,0,0,1,0,66,4,67,4,0,0,0,-1,0,2,0,0,0
04-05-20,Coffee,8,2,7,2,1,0,7,1,197,5,204,6,0,0,0,3,2,5,1,1,0
04-05-20,Crockett,0,0,0,0,0,0,0,0,40,3,40,3,0,0,0,0,0,0,0,0,0
04-05-20,Cumberland,26,0,26,0,0,0,28,2,450,23,478,25,0,0,0,10,0,16,0,4,0
04-05-20,Davidson,900,94,900,94,0,0,918,109,9233,1041,10151,1150,0,6,49,283,45,611,7,104,10
04-05-20,Decatur,2,0,2,0,0,0,2,0,47,1,49,1,0,0,0,2,0,0,0,0,0
04-05-20,Dekalb,7,2,7,2,0,0,7,2,106,4,113,6,0,0,1,3,1,4,0,0,0
04-05-20,Dickson,22,0,22,0,0,0,23,0,193,14,216,14,0,0,-1,12,1,10,0,4,0
04-05-20,Dyer,9,2,9,2,0,0,9,2,112,10,121,12,0,0,2,3,0,6,1,2,0
04-05-20,Fayette,23,3,23,3,0,0,23,2,175,2,198,4,0,0,1,12,2,11,1,4,0
04-05-20,Fentress,2,0,2,0,0,0,2,0,64,5,66,5,0,0,0,2,0,0,0,0,0
04-05-20,Franklin,13,2,13,2,0,0,12,1,124,7,136,8,0,1,2,3,0,9,0,4,1
04-05-20,Gibson,11,1,11,1,0,0,11,1,186,13,197,14,0,0,-1,2,2,9,0,1,0
04-05-20,Giles,3,0,3,0,0,0,3,0,76,0,79,0,0,0,0,1,0,2,0,0,0
04-05-20,Grainger,3,0,3,0,0,0,2,0,51,2,53,2,0,0,-1,2,1,1,0,1,0
04-05-20,Greene,17,0,17,0,0,0,15,0,88,1,103,1,0,1,-2,2,2,14,0,4,1
04-05-20,Grundy,15,2,15,2,0,0,15,2,49,4,64,6,0,0,1,7,1,8,1,8,0
04-05-20,Hamblen,4,0,4,0,0,0,4,0,126,20,130,20,0,0,0,2,0,2,0,2,0
04-05-20,Hamilton,80,5,80,5,0,0,78,4,923,47,1001,51,0,4,3,22,2,54,0,24,10
04-05-20,Hancock,0,0,0,0,0,0,0,0,12,1,12,1,0,0,0,0,0,0,0,0,0
04-05-20,Hardeman,6,0,6,0,0,0,6,0,87,5,93,5,0,0,0,3,0,3,0,3,0
04-05-20,Hardin,1,0,1,0,0,0,1,0,149,4,150,4,0,0,0,0,0,1,0,0,0
04-05-20,Hawkins,13,3,13,3,0,0,9,2,70,2,79,4,0,1,2,7,1,5,0,4,1
04-05-20,Haywood,4,2,4,2,0,0,4,2,51,4,55,6,0,0,2,0,0,4,1,2,1
04-05-20,Henderson,1,1,1,1,0,0,1,1,103,2,104,3,0,0,1,0,0,1,0,0,0
04-05-20,Henry,5,1,5,1,0,0,5,1,97,6,102,7,0,0,1,3,0,2,1,3,0
04-05-20,Hickman,2,0,2,0,0,0,2,0,86,5,88,5,0,0,0,1,0,1,0,1,0
04-05-20,Houston,4,0,4,0,0,0,4,0,67,1,71,1,0,0,-1,0,1,4,0,3,0
04-05-20,Humphreys,3,0,3,0,0,0,3,0,69,5,72,5,0,0,0,1,0,2,0,0,0
04-05-20,Jackson,3,0,3,0,0,0,3,0,46,2,49,2,0,0,0,3,0,0,0,0,0
04-05-20,Jefferson,6,0,6,0,0,0,6,0,120,9,126,9,0,0,0,-1,0,7,0,0,0
04-05-20,Johnson,2,0,2,0,0,0,2,1,12,2,14,3,0,0,0,1,0,1,0,0,0
04-05-20,Knox,116,4,116,4,0,0,111,9,1156,75,1267,84,0,1,-2,27,6,88,0,15,3
04-05-20,Lake,0,0,0,0,0,0,0,0,19,1,19,1,0,0,0,0,0,0,0,0,0
04-05-20,Lauderdale,5,3,5,3,0,0,5,3,63,2,68,5,0,0,3,5,0,0,0,0,0
04-05-20,Lawrence,4,1,4,1,0,0,3,0,163,10,166,10,0,0,1,-1,0,5,0,0,0
04-05-20,Lewis,2,0,2,0,0,0,2,0,19,0,21,0,0,0,0,1,0,1,0,0,0
04-05-20,Lincoln,5,0,5,0,0,0,6,0,65,0,71,0,0,0,0,1,0,4,0,2,0
04-05-20,Loudon,12,0,12,0,0,0,12,1,160,11,172,12,0,0,-2,-1,2,13,0,2,0
04-05-20,Macon,12,3,12,3,0,0,14,3,165,11,179,14,0,0,0,6,3,6,2,5,1
04-05-20,Madison,22,1,22,1,0,0,22,1,283,34,305,35,0,0,1,15,0,7,1,5,0
04-05-20,Marion,23,4,22,4,1,0,19,0,63,5,82,5,0,1,2,10,2,12,0,10,2
04-05-20,Marshall,6,3,6,3,0,0,5,2,146,7,151,9,0,0,3,4,0,2,0,2,0
04-05-20,Maury,24,3,24,3,0,0,23,1,498,22,521,23,0,0,2,10,1,14,0,4,0
04-05-20,McMinn,3,0,3,0,0,0,3,0,203,10,206,10,0,0,0,0,0,3,0,1,0
04-05-20,McNairy,5,2,5,2,0,0,4,1,77,3,81,4,0,0,1,0,1,5,0,0,0
04-05-20,Meigs,2,0,2,0,0,0,2,0,46,1,48,1,0,0,0,1,0,1,0,1,0
04-05-20,Monroe,6,0,6,0,0,0,6,0,135,7,141,7,0,0,0,3,0,3,0,1,0
04-05-20,Montgomery,53,3,53,3,0,0,54,4,717,58,771,62,0,1,-1,18,4,34,0,7,1
04-05-20,Moore,0,0,0,0,0,0,0,0,17,1,17,1,0,0,0,0,0,0,0,0,0
04-05-20,Morgan,4,0,4,0,0,0,6,1,48,7,54,8,0,0,0,3,0,1,0,0,0
04-05-20,Obion,2,0,2,0,0,0,2,0,80,4,82,4,0,1,0,0,0,1,0,1,1
04-05-20,Out of State,89,7,89,7,0,0,91,7,4610,338,4701,345,-1,0,2,12,6,77,0,5,0
04-05-20,Overton,4,1,4,1,0,0,3,0,119,13,122,13,0,0,1,1,0,3,1,1,0
04-05-20,Pending,0,0,0,0,0,0,0,0,7766,589,7766,589,0,0,0,0,0,0,0,0,0
04-05-20,Perry,3,0,3,0,0,0,3,0,30,4,33,4,0,0,0,2,0,1,0,0,0
04-05-20,Pickett,0,0,0,0,0,0,0,0,15,2,15,2,0,0,0,0,0,0,0,0,0
04-05-20,Polk,3,0,3,0,0,0,4,0,23,1,27,1,0,0,0,1,0,2,0,0,0
04-05-20,Putnam,56,1,56,1,0,0,60,2,426,37,486,39,0,0,-1,27,2,29,0,2,0
04-05-20,Rhea,0,0,0,0,0,0,0,0,119,5,119,5,0,0,0,0,0,0,0,0,0
04-05-20,Roane,6,0,6,0,0,0,7,1,198,16,205,17,0,0,-1,3,1,3,0,2,0
04-05-20,Robertson,57,3,57,3,0,0,57,2,431,31,488,33,0,0,-2,29,5,28,0,13,1
04-05-20,Rutherford,165,14,165,14,0,0,178,20,1385,121,1563,141,0,3,1,52,13,110,3,26,3
04-05-20,Scott,3,0,3,0,0,0,3,0,62,1,65,1,0,0,0,0,0,3,0,0,0
04-05-20,Sequatchie,1,0,1,0,0,0,1,0,29,0,30,0,0,0,0,0,0,1,0,1,0
04-05-20,Sevier,14,1,14,1,0,0,14,2,312,24,326,26,0,0,-1,1,2,13,0,3,0
04-05-20,Shelby,802,56,800,55,2,1,809,50,3306,155,4115,205,1,9,16,408,39,385,8,131,21
04-05-20,Smith,3,0,3,0,0,0,3,0,122,3,125,3,0,0,0,0,0,3,0,0,0
04-05-20,Stewart,2,0,2,0,0,0,2,0,62,6,64,6,0,0,0,2,0,0,0,0,0
04-05-20,Sullivan,24,6,24,6,0,0,22,5,204,11,226,16,0,1,5,7,1,16,2,4,1
04-05-20,Sumner,351,27,348,27,3,0,371,47,1125,75,1496,122,0,10,16,186,11,155,12,146,16
04-05-20,Tipton,36,3,35,3,1,0,37,3,262,33,299,36,0,0,0,10,3,26,0,7,0
04-05-20,Trousdale,12,2,11,2,1,0,13,5,43,3,56,8,0,1,1,8,1,3,1,4,1
04-05-20,Unicoi,1,0,1,0,0,0,1,0,31,0,32,0,0,0,-1,0,1,1,0,0,0
04-05-20,Union,1,0,1,0,0,0,1,0,34,0,35,0,0,0,0,1,0,0,0,0,0
04-05-20,Van Buren,0,0,0,0,0,0,0,0,23,1,23,1,0,0,0,0,0,0,0,0,0
04-05-20,Warren,1,0,1,0,0,0,1,0,128,1,129,1,0,0,0,-1,0,2,0,0,0
04-05-20,Washington,22,0,22,0,0,0,23,0,312,6,335,6,-2,0,2,4,0,18,0,1,0
04-05-20,Wayne,2,0,2,0,0,0,3,0,40,4,43,4,0,0,0,1,0,1,0,1,0
04-05-20,Weakley,5,0,5,0,0,0,2,1,94,12,96,13,0,0,-1,4,1,1,0,0,0
04-05-20,White,2,0,2,0,0,0,2,0,123,7,125,7,0,0,0,1,0,1,0,0,0
04-05-20,Williamson,264,25,264,25,0,0,270,27,1858,138,2128,165,2,2,17,78,6,184,2,30,2
04-05-20,Wilson,99,10,99,10,0,0,102,10,954,87,1056,97,0,0,5,49,5,50,0,10,0
04-04-20,Anderson,9,0,9,0,0,0,11,0,217,27,228,27,0,0,0,1,0,8,0,2,0
04-04-20,Bedford,9,0,9,0,0,0,10,0,137,19,147,19,0,0,0,9,0,0,0,3,0
04-04-20,Benton,4,0,4,0,0,0,4,0,48,5,52,5,0,0,-1,0,1,4,0,1,1
04-04-20,Bledsoe,3,1,3,1,0,0,0,0,22,0,22,0,0,0,1,0,0,3,1,1,0
04-04-20,Blount,35,2,35,2,0,0,35,3,271,97,306,100,0,0,0,11,2,24,0,4,2
04-04-20,Bradley,20,1,20,1,0,0,18,1,197,10,215,11,0,0,1,7,0,13,0,4,0
04-04-20,Campbell,5,0,5,0,0,0,5,0,81,5,86,5,0,0,0,2,0,3,0,0,0
04-04-20,Cannon,3,0,3,0,0,0,3,0,68,3,71,3,0,0,-1,2,1,1,0,0,0
04-04-20,Carroll,7,1,7,1,0,0,8,1,113,7,121,8,0,0,1,3,0,4,0,0,0
04-04-20,Carter,4,0,4,0,0,0,4,1,77,8,81,9,0,0,0,2,0,2,0,2,0
04-04-20,Cheatham,14,1,14,1,0,0,15,2,237,27,252,29,0,0,0,5,1,9,0,3,0
04-04-20,Chester,5,0,5,0,0,0,4,0,58,3,62,3,0,0,-1,1,1,4,0,1,0
04-04-20,Claiborne,2,0,2,0,0,0,1,0,53,7,54,7,0,0,0,-1,0,3,0,0,0
04-04-20,Clay,1,0,1,0,0,0,1,0,53,6,54,6,0,0,0,0,0,1,0,0,0
04-04-20,Cocke,1,0,1,0,0,0,1,0,62,8,63,8,0,0,0,-1,0,2,0,0,0
04-04-20,Coffee,6,1,5,1,1,0,6,1,192,20,198,21,0,0,1,3,0,3,0,0,0
04-04-20,Crockett,0,0,0,0,0,0,0,0,37,2,37,2,0,0,0,0,0,0,0,0,0
04-04-20,Cumberland,26,3,26,3,0,0,26,3,427,67,453,70,0,0,1,10,2,16,0,4,0
04-04-20,Davidson,806,39,806,39,0,0,809,48,8192,672,9001,720,0,6,-4,234,43,566,4,97,9
04-04-20,Decatur,2,1,2,1,0,0,2,1,46,4,48,5,0,0,1,2,0,0,0,0,0
04-04-20,Dekalb,5,0,5,0,0,0,5,0,102,17,107,17,0,0,-1,2,1,3,0,0,0
04-04-20,Dickson,22,1,22,1,0,0,23,1,179,13,202,14,0,0,1,13,0,9,1,4,0
04-04-20,Dyer,7,0,7,0,0,0,7,0,102,4,109,4,0,0,-1,1,1,6,0,1,0
04-04-20,Fayette,20,0,20,0,0,0,21,1,173,4,194,5,0,0,-3,11,3,9,0,3,0
04-04-20,Fentress,2,1,2,1,0,0,2,1,59,8,61,9,0,0,1,2,0,0,0,0,0
04-04-20,Franklin,11,0,11,0,0,0,11,2,117,7,128,9,0,1,-1,1,1,9,0,4,1
04-04-20,Gibson,10,3,10,3,0,0,10,3,173,13,183,16,0,0,1,3,2,7,0,1,0
04-04-20,Giles,3,0,3,0,0,0,3,0,76,2,79,2,0,0,-2,1,2,2,0,0,0
04-04-20,Grainger,3,0,3,0,0,0,2,0,49,3,51,3,0,0,0,3,0,0,0,1,0
04-04-20,Greene,17,1,17,1,0,0,15,1,87,0,102,1,0,1,0,4,1,12,1,4,1
04-04-20,Grundy,13,0,13,0,0,0,13,1,45,5,58,6,0,0,-1,6,1,7,0,7,0
04-04-20,Hamblen,4,1,4,1,0,0,4,1,106,12,110,13,0,0,1,2,0,2,1,2,0
04-04-20,Hamilton,75,5,75,5,0,0,74,6,876,59,950,65,1,4,-1,19,5,52,0,24,10
04-04-20,Hancock,0,0,0,0,0,0,0,0,11,4,11,4,0,0,0,0,0,0,0,0,0
04-04-20,Hardeman,6,0,6,0,0,0,6,0,82,5,88,5,0,0,-1,3,1,3,0,3,0
04-04-20,Hardin,1,0,1,0,0,0,1,0,145,10,146,10,0,0,0,0,0,1,0,0,0
04-04-20,Hawkins,10,1,10,1,0,0,7,1,68,1,75,2,0,1,1,5,0,4,1,4,1
04-04-20,Haywood,2,0,2,0,0,0,2,0,47,1,49,1,0,0,-2,-2,2,4,0,1,1
04-04-20,Henderson,0,0,0,0,0,0,0,0,101,4,101,4,0,0,0,-1,0,1,0,0,0
04-04-20,Henry,4,0,4,0,0,0,4,0,91,3,95,3,0,0,0,2,0,2,0,2,0
04-04-20,Hickman,2,1,2,1,0,0,2,1,81,5,83,6,0,0,1,1,0,1,1,1,0
04-04-20,Houston,4,0,4,0,0,0,4,0,66,0,70,0,0,0,0,1,0,3,0,3,0
04-04-20,Humphreys,3,0,3,0,0,0,3,0,64,2,67,2,0,0,0,1,0,2,0,0,0
04-04-20,Jackson,3,0,3,0,0,0,3,0,44,2,47,2,0,0,0,3,0,0,0,0,0
04-04-20,Jefferson,6,0,6,0,0,0,6,0,111,7,117,7,0,0,-1,-1,1,7,0,0,0
04-04-20,Johnson,2,0,2,0,0,0,1,0,10,0,11,0,0,0,-1,1,1,1,0,0,0
04-04-20,Knox,112,15,112,15,0,0,102,6,1081,128,1183,134,0,1,4,29,11,82,1,15,2
04-04-20,Lake,0,0,0,0,0,0,0,0,18,2,18,2,0,0,0,0,0,0,0,0,0
04-04-20,Lauderdale,2,0,2,0,0,0,2,0,61,1,63,1,0,0,0,2,0,0,0,0,0
04-04-20,Lawrence,3,0,3,0,0,0,3,0,153,11,156,11,0,0,0,-2,0,5,0,0,0
04-04-20,Lewis,2,0,2,0,0,0,2,0,19,0,21,0,0,0,0,1,0,1,0,0,0
04-04-20,Lincoln,5,0,5,0,0,0,6,1,65,7,71,8,0,0,0,1,0,4,0,2,0
04-04-20,Loudon,12,0,12,0,0,0,11,0,149,8,160,8,0,0,0,1,0,11,0,2,0
04-04-20,Macon,9,0,9,0,0,0,11,0,154,11,165,11,0,0,-1,6,1,3,0,3,1
04-04-20,Madison,21,0,21,0,0,0,21,1,249,23,270,24,0,0,-1,14,1,7,0,4,0
04-04-20,Marion,19,1,18,1,1,0,19,1,58,3,77,4,0,1,1,8,0,10,0,10,2
04-04-20,Marshall,3,0,3,0,0,0,3,0,139,9,142,9,0,0,0,1,0,2,0,2,0
04-04-20,Maury,21,0,21,0,0,0,22,2,476,27,498,29,0,0,-1,8,1,13,0,4,0
04-04-20,McMinn,3,0,3,0,0,0,3,0,193,17,196,17,0,0,0,0,0,3,0,1,0
04-04-20,McNairy,3,0,3,0,0,0,3,0,74,4,77,4,0,0,0,-1,0,4,0,0,0
04-04-20,Meigs,2,0,2,0,0,0,2,0,45,2,47,2,0,0,0,1,0,1,0,1,0
04-04-20,Monroe,6,0,6,0,0,0,6,0,128,22,134,22,0,0,0,3,0,3,0,1,0
04-04-20,Montgomery,50,4,50,4,0,0,50,3,659,51,709,54,1,1,-1,19,4,30,2,7,1
04-04-20,Moore,0,0,0,0,0,0,0,0,16,0,16,0,0,0,0,0,0,0,0,0,0
04-04-20,Morgan,4,1,4,1,0,0,5,2,41,3,46,5,0,0,1,3,0,1,0,0,0
04-04-20,Obion,2,0,2,0,0,0,2,0,76,0,78,0,0,1,0,0,0,1,0,1,1
04-04-20,Out of State,82,4,82,4,0,0,84,5,4272,729,4356,734,0,1,2,10,2,71,1,5,0
04-04-20,Overton,3,1,3,1,0,0,3,1,106,6,109,7,0,0,1,0,0,3,0,0,0
04-04-20,Pending,0,0,0,0,0,0,0,0,7177,399,7177,399,0,0,0,0,0,0,0,0,0
04-04-20,Perry,3,0,3,0,0,0,3,0,26,0,29,0,0,0,0,2,0,1,0,0,0
04-04-20,Pickett,0,0,0,0,0,0,0,0,13,0,13,0,0,0,0,0,0,0,0,0,0
04-04-20,Polk,3,0,3,0,0,0,4,0,22,1,26,1,0,0,0,1,0,2,0,0,0
04-04-20,Putnam,55,4,55,4,0,0,58,5,389,39,447,44,0,0,-2,28,6,27,0,2,0
04-04-20,Rhea,0,0,0,0,0,0,0,0,114,7,114,7,0,0,0,0,0,0,0,0,0
04-04-20,Roane,6,2,6,2,0,0,6,2,182,24,188,26,0,0,1,4,1,2,0,2,0
04-04-20,Robertson,54,6,54,6,0,0,55,6,400,52,455,58,0,0,5,31,1,23,0,13,1
04-04-20,Rutherford,151,10,151,10,0,0,158,10,1264,65,1422,75,0,3,3,51,7,97,0,23,3
04-04-20,Scott,3,0,3,0,0,0,3,0,61,5,64,5,0,0,0,0,0,3,0,0,0
04-04-20,Sequatchie,1,0,1,0,0,0,1,0,29,2,30,2,0,0,-1,0,1,1,0,1,0
04-04-20,Sevier,13,0,13,0,0,0,12,1,288,32,300,33,0,0,-3,2,3,11,0,3,0
04-04-20,Shelby,746,29,745,29,1,0,759,28,3151,83,3910,111,2,8,-18,392,45,346,5,123,19
04-04-20,Smith,3,0,3,0,0,0,3,0,119,12,122,12,0,0,-1,0,1,3,0,0,0
04-04-20,Stewart,2,1,2,1,0,0,2,1,56,7,58,8,0,0,1,2,0,0,0,0,0
04-04-20,Sullivan,18,0,18,0,0,0,17,0,193,10,210,10,0,1,-2,2,2,15,0,2,1
04-04-20,Sumner,324,20,321,20,3,0,324,29,1050,115,1374,144,2,10,0,170,18,144,4,134,10
04-04-20,Tipton,33,2,32,2,1,0,34,4,229,6,263,10,0,0,0,10,2,23,0,7,0
04-04-20,Trousdale,10,1,9,1,1,0,8,1,40,6,48,7,0,1,1,7,0,2,0,3,1
04-04-20,Unicoi,1,0,1,0,0,0,1,0,31,1,32,1,0,0,0,1,0,0,0,0,0
04-04-20,Union,1,0,1,0,0,0,1,0,34,1,35,1,0,0,0,1,0,0,0,0,0
04-04-20,Van Buren,0,0,0,0,0,0,0,0,22,2,22,2,0,0,0,0,0,0,0,0,0
04-04-20,Warren,1,0,1,0,0,0,1,0,127,11,128,11,0,0,-2,-1,2,2,0,0,0
04-04-20,Washington,22,1,22,1,0,0,23,1,306,15,329,16,2,2,-4,2,3,18,0,1,0
04-04-20,Wayne,2,0,2,0,0,0,3,0,36,3,39,3,0,0,0,1,0,1,0,1,0
04-04-20,Weakley,5,4,5,4,0,0,1,0,82,7,83,7,0,0,4,5,0,0,0,0,0
04-04-20,White,2,0,2,0,0,0,2,0,116,17,118,17,0,0,0,1,0,1,0,0,0
04-04-20,Williamson,239,19,239,19,0,0,243,20,1720,127,1963,147,-2,0,5,61,16,178,2,28,2
04-04-20,Wilson,89,12,89,12,0,0,92,13,867,84,959,97,0,0,4,44,8,45,1,10,0
04-03-20,Anderson,9,0,9,0,0,0,11,0,190,13,201,13,0,0,-2,1,2,8,0,2,0
04-03-20,Bedford,9,3,9,3,0,0,10,3,118,1,128,4,0,0,3,9,0,0,0,3,0
04-03-20,Benton,4,0,4,0,0,0,4,0,43,5,47,5,0,0,0,1,0,3,0,1,1
04-03-20,Bledsoe,2,0,2,0,0,0,0,0,22,0,22,0,0,0,0,-1,0,3,0,0,0
04-03-20,Blount,33,1,33,1,0,0,32,1,174,16,206,17,0,0,-1,11,2,22,0,4,2
04-03-20,Bradley,19,1,19,1,0,0,17,1,187,12,204,13,0,0,0,6,1,13,0,4,0
04-03-20,Campbell,5,1,5,1,0,0,5,1,76,5,81,6,0,0,1,2,0,3,0,0,0
04-03-20,Cannon,3,0,3,0,0,0,3,0,65,2,68,2,0,0,0,3,0,0,0,0,0
04-03-20,Carroll,6,1,6,1,0,0,7,1,106,4,113,5,0,0,0,2,1,4,0,0,0
04-03-20,Carter,4,0,4,0,0,0,3,0,69,1,72,1,0,0,0,2,0,2,0,2,0
04-03-20,Cheatham,13,1,13,1,0,0,13,1,210,8,223,9,0,0,1,5,0,8,0,3,0
04-03-20,Chester,5,3,5,3,0,0,4,1,55,2,59,3,0,0,3,2,0,3,0,1,0
04-03-20,Claiborne,2,0,2,0,0,0,1,0,46,3,47,3,0,0,-1,-1,1,3,0,0,0
04-03-20,Clay,1,0,1,0,0,0,1,0,47,1,48,1,0,0,0,0,0,1,0,0,0
04-03-20,Cocke,1,0,1,0,0,0,1,0,54,1,55,1,0,0,0,-1,0,2,0,0,0
04-03-20,Coffee,5,1,4,0,1,1,5,0,172,18,177,18,0,0,1,2,0,3,0,0,0
04-03-20,Crockett,0,0,0,0,0,0,0,0,35,1,35,1,0,0,0,0,0,0,0,0,0
04-03-20,Cumberland,23,2,23,2,0,0,23,2,360,16,383,18,0,0,2,9,0,14,0,4,0
04-03-20,Davidson,767,73,767,73,0,0,761,65,7520,454,8281,519,0,6,2,238,71,523,17,93,8
04-03-20,Decatur,1,0,1,0,0,0,1,0,42,5,43,5,0,0,0,1,0,0,0,0,0
04-03-20,Dekalb,5,0,5,0,0,0,5,0,85,3,90,3,0,0,0,3,0,2,0,0,0
04-03-20,Dickson,21,1,21,1,0,0,22,2,166,10,188,12,0,0,0,12,1,9,0,3,0
04-03-20,Dyer,7,2,7,2,0,0,7,2,98,11,105,13,0,0,2,2,0,5,1,1,0
04-03-20,Fayette,20,4,20,4,0,0,20,5,169,17,189,22,0,0,4,14,0,6,0,3,0
04-03-20,Fentress,1,0,1,0,0,0,1,0,51,4,52,4,0,0,0,1,0,0,0,0,0
04-03-20,Franklin,11,2,11,2,0,0,9,0,110,4,119,4,1,1,-2,2,3,8,2,4,1
04-03-20,Gibson,7,1,7,1,0,0,7,0,160,15,167,15,0,0,1,2,0,5,0,1,0
04-03-20,Giles,3,0,3,0,0,0,3,0,74,1,77,1,0,0,0,3,0,0,0,0,0
04-03-20,Grainger,3,0,3,0,0,0,2,0,46,1,48,1,0,0,0,3,0,0,0,1,0
04-03-20,Greene,16,0,16,0,0,0,14,0,87,2,101,2,0,1,0,4,0,11,0,3,1
04-03-20,Grundy,13,2,13,2,0,0,12,2,40,6,52,8,0,0,2,7,0,6,1,7,0
04-03-20,Hamblen,3,0,3,0,0,0,3,0,94,3,97,3,0,0,0,1,0,2,0,1,0
04-03-20,Hamilton,70,3,70,3,0,0,68,2,817,55,885,57,0,3,-2,20,5,47,1,24,10
04-03-20,Hancock,0,0,0,0,0,0,0,0,7,0,7,0,0,0,0,0,0,0,0,0,0
04-03-20,Hardeman,6,0,6,0,0,0,6,1,77,20,83,21,0,0,-1,4,1,2,0,3,0
04-03-20,Hardin,1,0,1,0,0,0,1,0,135,15,136,15,0,0,0,0,0,1,0,0,0
04-03-20,Hawkins,9,2,9,2,0,0,6,0,67,2,73,2,1,1,-1,4,2,4,0,3,1
04-03-20,Haywood,2,0,2,0,0,0,2,0,46,1,48,1,0,0,0,0,0,2,0,1,1
04-03-20,Henderson,0,0,0,0,0,0,0,0,97,4,97,4,0,0,0,-1,0,1,0,0,0
04-03-20,Henry,4,0,4,0,0,0,4,0,88,7,92,7,0,0,-1,2,1,2,0,2,0
04-03-20,Hickman,1,0,1,0,0,0,1,0,76,2,77,2,0,0,0,0,0,1,0,0,0
04-03-20,Houston,4,0,4,0,0,0,4,1,66,3,70,4,0,0,-2,1,2,3,0,3,0
04-03-20,Humphreys,3,0,3,0,0,0,3,0,62,11,65,11,0,0,0,1,0,2,0,0,0
04-03-20,Jackson,3,0,3,0,0,0,3,0,42,2,45,2,0,0,0,3,0,0,0,0,0
04-03-20,Jefferson,6,0,6,0,0,0,6,0,104,10,110,10,0,0,0,0,0,6,0,0,0
04-03-20,Johnson,2,0,2,0,0,0,1,0,10,0,11,0,0,0,0,2,0,0,0,0,0
04-03-20,Knox,97,4,97,4,0,0,96,3,953,55,1049,58,0,1,-8,25,12,71,1,14,1
04-03-20,Lake,0,0,0,0,0,0,0,0,16,0,16,0,0,0,0,0,0,0,0,0,0
04-03-20,Lauderdale,2,0,2,0,0,0,2,0,60,16,62,16,0,0,0,2,0,0,0,0,0
04-03-20,Lawrence,3,1,3,1,0,0,3,1,142,4,145,5,0,0,0,-2,1,5,0,0,0
04-03-20,Lewis,2,0,2,0,0,0,2,0,19,0,21,0,0,0,0,1,0,1,0,0,0
04-03-20,Lincoln,5,1,5,1,0,0,5,1,58,2,63,3,0,0,1,1,0,4,0,2,0
04-03-20,Loudon,12,0,12,0,0,0,11,0,141,10,152,10,0,0,-2,1,2,11,0,2,0
04-03-20,Macon,9,1,9,1,0,0,11,1,143,1,154,2,0,0,-1,7,2,2,0,3,0
04-03-20,Madison,21,2,21,2,0,0,20,2,226,4,246,6,0,0,1,15,1,6,0,4,0
04-03-20,Marion,18,1,17,1,1,0,18,2,55,8,73,10,0,1,1,7,0,10,0,10,1
04-03-20,Marshall,3,1,3,1,0,0,3,1,130,1,133,2,0,0,0,1,1,2,0,2,0
04-03-20,Maury,21,3,21,3,0,0,20,1,449,22,469,23,0,0,1,9,2,12,0,4,0
04-03-20,McMinn,3,0,3,0,0,0,3,0,176,18,179,18,0,0,0,0,0,3,0,1,0
04-03-20,McNairy,3,0,3,0,0,0,3,0,70,7,73,7,0,0,0,-1,0,4,0,0,0
04-03-20,Meigs,2,0,2,0,0,0,2,0,43,3,45,3,0,0,0,1,0,1,0,1,0
04-03-20,Monroe,6,1,6,1,0,0,6,1,106,2,112,3,0,0,1,3,0,3,0,1,0
04-03-20,Montgomery,46,3,46,3,0,0,47,5,608,28,655,33,0,0,1,20,2,26,0,5,1
04-03-20,Moore,0,0,0,0,0,0,0,0,16,0,16,0,0,0,0,0,0,0,0,0,0
04-03-20,Morgan,3,1,3,1,0,0,3,2,38,5,41,7,0,0,1,2,0,1,0,0,0
04-03-20,Obion,2,0,2,0,0,0,2,0,76,2,78,2,0,1,0,0,0,1,0,1,1
04-03-20,Out of State,78,3,78,3,0,0,79,3,3543,148,3622,151,0,1,-11,8,14,69,0,4,0
04-03-20,Overton,2,0,2,0,0,0,2,0,100,1,102,1,0,0,0,-1,0,3,0,0,0
04-03-20,Pending,0,0,0,0,0,0,0,0,6778,508,6778,508,0,0,0,0,0,0,0,0,0
04-03-20,Perry,3,1,3,1,0,0,3,1,26,0,29,1,0,0,1,2,0,1,0,0,0
04-03-20,Pickett,0,0,0,0,0,0,0,0,13,0,13,0,0,0,0,0,0,0,0,0,0
04-03-20,Polk,3,1,3,1,0,0,4,1,21,1,25,2,0,0,1,1,0,2,0,0,0
04-03-20,Putnam,51,1,51,1,0,0,53,5,350,8,403,13,0,0,-5,30,6,21,0,2,0
04-03-20,Rhea,0,0,0,0,0,0,0,0,107,11,107,11,0,0,0,0,0,0,0,0,0
04-03-20,Roane,4,0,4,0,0,0,4,0,158,13,162,13,0,0,0,3,0,1,0,2,0
04-03-20,Robertson,48,2,48,2,0,0,49,3,348,12,397,15,0,0,1,26,1,22,1,13,1
04-03-20,Rutherford,141,12,141,12,0,0,148,17,1199,82,1347,99,2,3,-3,48,13,90,0,23,3
04-03-20,Scott,3,0,3,0,0,0,3,0,56,3,59,3,0,0,0,0,0,3,0,0,0
04-03-20,Sequatchie,1,0,1,0,0,0,1,0,27,1,28,1,0,0,0,1,0,0,0,1,0
04-03-20,Sevier,13,0,13,0,0,0,11,0,256,14,267,14,0,0,0,5,0,8,0,3,0
04-03-20,Shelby,717,65,716,65,1,0,731,62,3068,227,3799,289,1,6,14,410,50,301,10,118,19
04-03-20,Smith,3,0,3,0,0,0,3,0,107,12,110,12,0,0,-1,1,1,2,0,0,0
04-03-20,Stewart,1,1,1,1,0,0,1,1,49,2,50,3,0,0,1,1,0,0,0,0,0
04-03-20,Sullivan,18,1,18,1,0,0,17,1,183,2,200,3,0,1,-4,4,5,13,0,2,1
04-03-20,Sumner,304,13,301,13,3,0,295,10,935,37,1230,47,1,8,-3,170,15,126,5,130,10
04-03-20,Tipton,31,3,30,3,1,0,30,2,223,26,253,28,0,0,1,10,2,21,0,7,0
04-03-20,Trousdale,9,1,8,1,1,0,7,0,34,2,41,2,0,1,0,6,1,2,0,3,1
04-03-20,Unicoi,1,0,1,0,0,0,1,0,30,0,31,0,0,0,0,1,0,0,0,0,0
04-03-20,Union,1,0,1,0,0,0,1,0,33,2,34,2,0,0,0,1,0,0,0,0,0
04-03-20,Van Buren,0,0,0,0,0,0,0,0,20,0,20,0,0,0,0,0,0,0,0,0,0
04-03-20,Warren,1,0,1,0,0,0,1,0,116,10,117,10,0,0,0,1,0,0,0,0,0
04-03-20,Washington,21,2,21,2,0,0,22,2,291,2,313,4,0,0,1,6,1,15,0,1,0
04-03-20,Wayne,2,0,2,0,0,0,3,1,33,2,36,3,0,0,0,1,0,1,0,1,0
04-03-20,Weakley,1,0,1,0,0,0,1,0,75,1,76,1,0,0,0,1,0,0,0,0,0
04-03-20,White,2,0,2,0,0,0,2,0,99,1,101,1,0,0,0,1,0,1,0,0,0
04-03-20,Williamson,220,16,220,16,0,0,223,16,1593,115,1816,131,-1,2,-1,56,18,162,2,26,2
04-03-20,Wilson,77,8,77,8,0,0,79,8,783,48,862,56,0,0,6,40,2,37,1,9,0
04-02-20,Anderson,9,0,9,0,0,0,11,0,177,16,188,16,0,0,,3,0,6,0,2,0
04-02-20,Bedford,6,0,6,0,0,0,7,3,117,12,124,15,0,0,,6,0,0,0,3,0
04-02-20,Benton,4,0,4,0,0,0,4,0,38,1,42,1,0,0,,1,0,3,0,1,1
04-02-20,Bledsoe,2,0,2,0,0,0,0,0,22,8,22,8,0,0,,-1,1,3,0,0,0
04-02-20,Blount,32,0,32,0,0,0,31,0,158,15,189,15,0,0,,12,2,20,0,4,1
04-02-20,Bradley,18,6,18,6,0,0,16,5,175,21,191,26,0,0,,6,0,12,1,4,0
04-02-20,Campbell,4,0,4,0,0,0,4,0,71,6,75,6,0,0,,1,0,3,0,0,0
04-02-20,Cannon,3,0,3,0,0,0,3,0,63,5,66,5,0,0,,3,0,0,0,0,0
04-02-20,Carroll,5,0,5,0,0,0,6,0,102,16,108,16,0,0,,2,0,3,0,0,0
04-02-20,Carter,4,2,4,2,0,0,3,1,68,5,71,6,0,0,,2,1,2,1,2,0
04-02-20,Cheatham,12,0,12,0,0,0,12,0,202,19,214,19,0,0,,4,0,8,0,3,0
04-02-20,Chester,2,0,2,0,0,0,3,0,53,6,56,6,0,0,,-1,0,3,0,1,0
04-02-20,Claiborne,2,0,2,0,0,0,1,0,43,9,44,9,0,0,,0,0,2,0,0,0
04-02-20,Clay,1,0,1,0,0,0,1,0,46,19,47,19,0,0,,0,0,1,0,0,0
04-02-20,Cocke,1,0,1,0,0,0,1,0,53,9,54,9,0,0,,-1,0,2,0,0,0
04-02-20,Coffee,4,0,4,0,0,0,5,1,154,35,159,36,0,0,,1,0,3,0,0,0
04-02-20,Crockett,0,0,0,0,0,0,0,0,34,6,34,6,0,0,,0,0,0,0,0,0
04-02-20,Cumberland,21,7,21,7,0,0,21,7,344,61,365,68,0,0,,7,2,14,1,4,0
04-02-20,Davidson,694,43,694,43,0,0,696,58,7066,641,7762,699,2,6,,236,50,452,6,76,7
04-02-20,Decatur,1,0,1,0,0,0,1,0,37,5,38,5,0,0,,1,0,0,0,0,0
04-02-20,Dekalb,5,0,5,0,0,0,5,0,82,11,87,11,0,0,,3,1,2,0,0,0
04-02-20,Dickson,20,0,20,0,0,0,20,0,156,14,176,14,0,0,,12,0,8,0,3,0
04-02-20,Dyer,5,0,5,0,0,0,5,1,87,12,92,13,0,0,,0,2,5,0,0,0
04-02-20,Fayette,16,2,16,2,0,0,15,0,152,7,167,7,0,0,,10,1,6,0,3,0
04-02-20,Fentress,1,0,1,0,0,0,1,0,47,3,48,3,0,0,,1,0,0,0,0,0
04-02-20,Franklin,9,2,9,2,0,0,9,2,106,11,115,13,0,0,,4,0,5,0,2,1
04-02-20,Gibson,6,1,6,1,0,0,7,0,145,14,152,14,0,0,,1,0,5,1,1,0
04-02-20,Giles,3,0,3,0,0,0,3,0,73,6,76,6,0,0,,3,0,0,0,0,0
04-02-20,Grainger,3,0,3,0,0,0,2,0,45,4,47,4,0,0,,3,0,0,0,1,0
04-02-20,Greene,16,0,16,0,0,0,14,0,85,4,99,4,0,1,,4,0,11,0,3,1
04-02-20,Grundy,11,3,11,3,0,0,10,2,34,3,44,5,0,0,,5,3,6,3,6,0
04-02-20,Hamblen,3,0,3,0,0,0,3,0,91,6,94,6,0,0,,1,0,2,0,1,0
04-02-20,Hamilton,67,7,67,7,0,0,66,7,762,81,828,88,1,3,,22,8,42,0,23,8
04-02-20,Hancock,0,0,0,0,0,0,0,0,7,0,7,0,0,0,,0,0,0,0,0,0
04-02-20,Hardeman,6,1,6,1,0,0,5,0,57,11,62,11,0,0,,5,0,1,0,3,0
04-02-20,Hardin,1,0,1,0,0,0,1,0,120,12,121,12,0,0,,0,0,1,0,0,0
04-02-20,Hawkins,7,2,7,2,0,0,6,2,65,3,71,5,0,0,,5,1,2,1,3,1
04-02-20,Haywood,2,0,2,0,0,0,2,0,45,7,47,7,0,0,,0,0,2,0,1,0
04-02-20,Henderson,0,0,0,0,0,0,0,0,93,5,93,5,0,0,,-1,0,1,0,0,0
04-02-20,Henry,4,1,4,1,0,0,4,1,81,10,85,11,0,0,,3,1,1,1,2,0
04-02-20,Hickman,1,0,1,0,0,0,1,0,74,7,75,7,0,0,,0,1,1,0,0,0
04-02-20,Houston,4,1,4,1,0,0,3,1,63,8,66,9,0,0,,3,0,1,1,3,0
04-02-20,Humphreys,3,1,3,1,0,0,3,1,51,9,54,10,0,0,,1,1,2,0,0,0
04-02-20,Jackson,3,2,3,2,0,0,3,2,40,13,43,15,0,0,,3,0,0,0,0,0
04-02-20,Jefferson,6,0,6,0,0,0,6,0,94,13,100,13,0,0,,0,1,6,0,0,0
04-02-20,Johnson,2,0,2,0,0,0,1,0,10,3,11,3,0,0,,2,0,0,0,0,0
04-02-20,Knox,93,7,93,7,0,0,93,8,898,101,991,109,0,1,,33,8,59,0,13,1
04-02-20,Lake,0,0,0,0,0,0,0,0,16,1,16,1,0,0,,0,0,0,0,0,0
04-02-20,Lauderdale,2,0,2,0,0,0,2,0,44,3,46,3,0,0,,2,0,0,0,0,0
04-02-20,Lawrence,2,0,2,0,0,0,2,0,138,14,140,14,0,0,,-2,1,4,0,0,0
04-02-20,Lewis,2,0,2,0,0,0,2,0,19,3,21,3,0,0,,1,0,1,0,0,0
04-02-20,Lincoln,4,2,4,2,0,0,4,2,56,4,60,6,0,0,,0,2,4,1,2,0
04-02-20,Loudon,12,3,12,3,0,0,11,4,131,28,142,32,0,0,,3,1,9,0,2,0
04-02-20,Macon,8,2,8,2,0,0,10,5,142,52,152,57,0,0,,8,0,0,1,3,0
04-02-20,Madison,19,5,19,5,0,0,18,4,222,27,240,31,0,0,,14,2,5,2,4,0
04-02-20,Marion,17,3,16,3,1,0,16,3,47,4,63,7,0,1,,6,2,10,0,10,1
04-02-20,Marshall,2,0,2,0,0,0,2,1,129,11,131,12,0,0,,1,1,1,0,2,0
04-02-20,Maury,18,1,18,1,0,0,19,2,427,35,446,37,0,0,,8,4,10,0,4,0
04-02-20,McMinn,3,0,3,0,0,0,3,0,158,24,161,24,0,0,,0,0,3,0,1,0
04-02-20,McNairy,3,1,3,1,0,0,3,1,63,9,66,10,0,0,,-1,0,4,0,0,0
04-02-20,Meigs,2,1,2,1,0,0,2,1,40,4,42,5,0,0,,1,0,1,0,1,0
04-02-20,Monroe,5,0,5,0,0,0,5,1,104,13,109,14,0,0,,2,1,3,0,1,0
04-02-20,Montgomery,43,7,43,7,0,0,42,7,580,47,622,54,0,0,,19,4,24,1,5,0
04-02-20,Moore,0,0,0,0,0,0,0,0,16,1,16,1,0,0,,0,0,0,0,0,0
04-02-20,Morgan,2,1,2,1,0,0,1,0,33,6,34,6,0,0,,1,1,1,0,0,0
04-02-20,Obion,2,0,2,0,0,0,2,0,74,5,76,5,1,1,,0,1,1,0,1,1
04-02-20,Out of State,75,6,75,6,0,0,76,7,3395,382,3471,389,0,1,,19,8,55,1,4,0
04-02-20,Overton,2,0,2,0,0,0,2,0,99,25,101,25,0,0,,-1,1,3,0,0,0
04-02-20,Pending,0,0,0,0,0,0,0,0,6270,858,6270,858,0,0,,0,0,0,0,0,0
04-02-20,Perry,2,0,2,0,0,0,2,0,26,2,28,2,0,0,,1,1,1,0,0,0
04-02-20,Pickett,0,0,0,0,0,0,0,0,13,2,13,2,0,0,,0,0,0,0,0,0
04-02-20,Polk,2,1,2,1,0,0,3,2,20,1,23,3,0,0,,0,0,2,0,0,0
04-02-20,Putnam,50,15,50,15,0,0,48,12,342,80,390,92,0,0,,35,3,15,0,2,0
04-02-20,Rhea,0,0,0,0,0,0,0,0,96,19,96,19,0,0,,0,0,0,0,0,0
04-02-20,Roane,4,1,4,1,0,0,4,2,145,26,149,28,0,0,,3,0,1,1,2,0
04-02-20,Robertson,46,10,46,10,0,0,46,11,336,13,382,24,0,0,,25,1,21,1,12,1
04-02-20,Rutherford,129,19,129,19,0,0,131,19,1117,75,1248,94,0,1,,51,12,77,0,23,3
04-02-20,Scott,3,0,3,0,0,0,3,0,53,6,56,6,0,0,,0,0,3,0,0,0
04-02-20,Sequatchie,1,0,1,0,0,0,1,0,26,4,27,4,0,0,,1,0,0,0,1,0
04-02-20,Sevier,13,4,13,4,0,0,11,3,242,47,253,50,0,0,,5,1,8,0,3,0
04-02-20,Shelby,652,31,651,31,1,0,669,49,2841,148,3510,197,2,5,,396,45,251,5,108,12
04-02-20,Smith,3,0,3,0,0,0,3,0,95,8,98,8,0,0,,2,0,1,0,0,0
04-02-20,Stewart,0,0,0,0,0,0,0,0,47,3,47,3,0,0,,0,0,0,0,0,0
04-02-20,Sullivan,17,0,17,0,0,0,16,0,181,19,197,19,1,1,,8,1,8,0,2,1
04-02-20,Sumner,291,48,288,48,3,0,285,51,898,140,1183,191,0,7,,173,18,111,28,125,7
04-02-20,Tipton,28,4,27,4,1,0,28,4,197,13,225,17,0,0,,9,3,19,0,7,0
04-02-20,Trousdale,8,0,7,0,1,0,7,0,32,3,39,3,0,1,,6,0,1,0,3,1
04-02-20,Unicoi,1,0,1,0,0,0,1,0,30,4,31,4,0,0,,1,0,0,0,0,0
04-02-20,Union,1,0,1,0,0,0,1,0,31,6,32,6,0,0,,1,0,0,0,0,0
04-02-20,Van Buren,0,0,0,0,0,0,0,0,20,2,20,2,0,0,,0,0,0,0,0,0
04-02-20,Warren,1,0,1,0,0,0,1,0,106,20,107,20,0,0,,1,0,0,0,0,0
04-02-20,Washington,19,0,19,0,0,0,20,1,289,19,309,20,0,0,,5,3,14,0,1,0
04-02-20,Wayne,2,0,2,0,0,0,2,1,31,4,33,5,0,0,,1,0,1,0,1,0
04-02-20,Weakley,1,0,1,0,0,0,1,0,74,6,75,6,0,0,,1,0,0,0,0,0
04-02-20,White,2,0,2,0,0,0,2,0,98,27,100,27,0,0,,1,0,1,0,0,0
04-02-20,Williamson,204,11,204,11,0,0,207,19,1478,126,1685,145,1,3,,57,18,144,1,24,2
04-02-20,Wilson,69,6,69,6,0,0,71,6,735,79,806,85,0,0,,34,6,35,0,8,0
04-01-20,Anderson,9,0,9,0,0,0,11,0,161,23,172,23,,,,,0,6,0,2,0
04-01-20,Bedford,6,4,6,4,0,0,4,2,105,12,109,14,,,,,0,0,2,3,0
04-01-20,Benton,4,0,4,0,0,0,4,0,37,3,41,3,,,,,0,3,0,1,1
04-01-20,Bledsoe,2,0,2,0,0,0,0,0,14,6,14,6,,,,,0,2,0,0,0
04-01-20,Blount,32,5,32,5,0,0,31,5,143,12,174,17,,,,,6,18,0,4,1
04-01-20,Bradley,12,1,12,1,0,0,11,2,154,20,165,22,,,,,0,12,0,3,0
04-01-20,Campbell,4,0,4,0,0,0,4,0,65,8,69,8,,,,,0,3,0,0,0
04-01-20,Cannon,3,1,3,1,0,0,3,1,58,4,61,5,,,,,0,0,0,0,0
04-01-20,Carroll,5,0,5,0,0,0,6,1,86,4,92,5,,,,,0,3,0,0,0
04-01-20,Carter,2,0,2,0,0,0,2,0,63,9,65,9,,,,,0,1,0,1,0
04-01-20,Cheatham,12,0,12,0,0,0,12,1,183,21,195,22,,,,,0,8,0,3,0
04-01-20,Chester,2,0,2,0,0,0,3,0,47,3,50,3,,,,,0,3,0,1,0
04-01-20,Claiborne,2,0,2,0,0,0,1,0,34,5,35,5,,,,,0,2,0,0,0
04-01-20,Clay,1,0,1,0,0,0,1,0,27,2,28,2,,,,,0,1,0,0,0
04-01-20,Cocke,1,0,1,0,0,0,1,0,44,5,45,5,,,,,0,2,0,0,0
04-01-20,Coffee,4,2,4,2,0,0,4,2,119,2,123,4,,,,,2,3,0,0,0
04-01-20,Crockett,0,0,0,0,0,0,0,0,28,7,28,7,,,,,0,0,0,0,0
04-01-20,Cumberland,14,1,14,1,0,0,14,1,283,9,297,10,,,,,3,12,1,3,0
04-01-20,Davidson,651,82,651,82,0,0,638,83,6425,599,7063,682,,,,,63,402,10,70,7
04-01-20,Decatur,1,0,1,0,0,0,1,0,32,3,33,3,,,,,0,0,0,0,0
04-01-20,Dekalb,5,0,5,0,0,0,5,0,71,6,76,6,,,,,0,1,0,0,0
04-01-20,Dickson,20,2,20,2,0,0,20,3,142,13,162,16,,,,,3,8,0,3,0
04-01-20,Dyer,5,2,5,2,0,0,4,1,75,11,79,12,,,,,0,3,0,0,0
04-01-20,Fayette,14,2,14,2,0,0,15,2,145,21,160,23,,,,,2,5,1,3,0
04-01-20,Fentress,1,0,1,0,0,0,1,0,44,4,45,4,,,,,0,0,0,0,0
04-01-20,Franklin,7,2,7,2,0,0,7,2,95,20,102,22,,,,,1,5,0,2,1
04-01-20,Gibson,5,0,5,0,0,0,7,1,131,15,138,16,,,,,2,5,0,0,0
04-01-20,Giles,3,0,3,0,0,0,3,0,67,5,70,5,,,,,0,0,0,0,0
04-01-20,Grainger,3,2,3,2,0,0,2,2,41,4,43,6,,,,,0,0,0,1,0
04-01-20,Greene,16,2,16,2,0,0,14,3,81,16,95,19,,,,,2,11,0,3,1
04-01-20,Grundy,8,2,8,2,0,0,8,4,31,9,39,13,,,,,0,3,0,3,0
04-01-20,Hamblen,3,1,3,1,0,0,3,1,85,19,88,20,,,,,0,2,1,1,0
04-01-20,Hamilton,60,9,60,9,0,0,59,9,681,97,740,106,,,,,4,34,4,23,6
04-01-20,Hancock,0,0,0,0,0,0,0,0,7,1,7,1,,,,,0,0,0,0,0
04-01-20,Hardeman,5,2,5,2,0,0,5,2,46,8,51,10,,,,,0,1,1,3,0
04-01-20,Hardin,1,0,1,0,0,0,1,0,108,20,109,20,,,,,0,1,0,0,0
04-01-20,Hawkins,5,0,5,0,0,0,4,2,62,11,66,13,,,,,0,1,0,2,1
04-01-20,Haywood,2,0,2,0,0,0,2,0,38,11,40,11,,,,,0,2,0,1,0
04-01-20,Henderson,0,0,0,0,0,0,0,0,88,9,88,9,,,,,1,1,0,0,0
04-01-20,Henry,3,2,3,2,0,0,3,2,71,10,74,12,,,,,0,0,1,1,0
04-01-20,Hickman,1,1,1,1,0,0,1,1,67,5,68,6,,,,,0,0,0,0,0
04-01-20,Houston,3,0,3,0,0,0,2,0,55,4,57,4,,,,,1,1,0,2,0
04-01-20,Humphreys,2,0,2,0,0,0,2,0,42,5,44,5,,,,,0,1,0,0,0
04-01-20,Jackson,1,1,1,1,0,0,1,1,27,0,28,1,,,,,0,0,0,0,0
04-01-20,Jefferson,6,0,6,0,0,0,6,0,81,11,87,11,,,,,1,5,0,0,0
04-01-20,Johnson,2,0,2,0,0,0,1,0,7,2,8,2,,,,,0,0,0,0,0
04-01-20,Knox,86,15,86,15,0,0,85,14,797,150,882,164,,,,,7,51,1,13,1
04-01-20,Lake,0,0,0,0,0,0,0,0,15,3,15,3,,,,,0,0,0,0,0
04-01-20,Lauderdale,2,1,2,1,0,0,2,1,41,4,43,5,,,,,0,0,0,0,0
04-01-20,Lawrence,2,0,2,0,0,0,2,0,124,18,126,18,,,,,0,3,0,0,0
04-01-20,Lewis,2,0,2,0,0,0,2,0,16,2,18,2,,,,,1,1,0,0,0
04-01-20,Lincoln,2,1,2,1,0,0,2,1,52,5,54,6,,,,,0,2,1,1,0
04-01-20,Loudon,9,1,9,1,0,0,7,1,103,17,110,18,,,,,4,8,0,2,0
04-01-20,Macon,6,1,6,1,0,0,5,1,90,7,95,8,,,,,0,0,0,2,0
04-01-20,Madison,14,5,14,5,0,0,14,6,195,44,209,50,,,,,0,3,0,2,0
04-01-20,Marion,14,4,13,4,1,0,13,6,43,6,56,12,,,,,3,8,2,10,1
04-01-20,Marshall,2,1,2,1,0,0,1,0,118,6,119,6,,,,,0,0,1,2,0
04-01-20,Maury,17,1,17,1,0,0,17,1,392,22,409,23,,,,,2,6,0,4,0
04-01-20,McMinn,3,0,3,0,0,0,3,0,134,15,137,15,,,,,0,3,0,1,0
04-01-20,McNairy,2,1,2,1,0,0,2,1,54,4,56,5,,,,,2,4,0,0,0
04-01-20,Meigs,1,0,1,0,0,0,1,0,36,10,37,10,,,,,0,1,0,1,0
04-01-20,Monroe,5,0,5,0,0,0,4,0,91,2,95,2,,,,,0,2,0,1,0
04-01-20,Montgomery,36,8,36,8,0,0,35,10,533,51,568,61,,,,,4,20,1,4,0
04-01-20,Moore,0,0,0,0,0,0,0,0,15,3,15,3,,,,,0,0,0,0,0
04-01-20,Morgan,1,0,1,0,0,0,1,0,27,5,28,5,,,,,0,0,0,0,0
04-01-20,Obion,2,1,2,1,0,0,2,1,69,3,71,4,,,,,0,0,1,1,1
04-01-20,Out of State,69,4,69,4,0,0,69,3,3013,284,3082,287,,,,,4,47,0,3,0
04-01-20,Overton,2,0,2,0,0,0,2,0,74,1,76,1,,,,,1,2,0,0,0
04-01-20,Pending,0,0,0,0,0,0,0,0,5412,683,5412,683,,,,,0,0,0,0,0
04-01-20,Perry,2,0,2,0,0,0,2,0,24,1,26,1,,,,,0,0,0,0,0
04-01-20,Pickett,0,0,0,0,0,0,0,0,11,0,11,0,,,,,0,0,0,0,0
04-01-20,Polk,1,1,1,1,0,0,1,1,19,2,20,3,,,,,1,2,0,0,0
04-01-20,Putnam,35,2,35,2,0,0,36,3,262,4,298,7,,,,,1,12,0,2,0
04-01-20,Rhea,0,0,0,0,0,0,0,0,77,17,77,17,,,,,0,0,0,0,0
04-01-20,Roane,3,1,3,1,0,0,2,0,119,20,121,20,,,,,0,1,0,1,0
04-01-20,Robertson,36,4,36,4,0,0,35,4,323,21,358,25,,,,,3,20,1,11,1
04-01-20,Rutherford,110,20,110,20,0,0,112,20,1042,122,1154,142,,,,,12,65,4,23,2
04-01-20,Scott,3,1,3,1,0,0,3,1,47,9,50,10,,,,,1,3,0,0,0
04-01-20,Sequatchie,1,1,1,1,0,0,1,1,22,7,23,8,,,,,0,0,1,1,0
04-01-20,Sevier,9,1,9,1,0,0,8,1,195,29,203,30,,,,,1,7,0,3,0
04-01-20,Shelby,621,95,620,95,1,0,620,90,2693,248,3313,338,,,,,41,206,15,103,9
04-01-20,Smith,3,0,3,0,0,0,3,0,87,4,90,4,,,,,1,1,0,0,0
04-01-20,Stewart,0,0,0,0,0,0,0,0,44,1,44,1,,,,,0,0,0,0,0
04-01-20,Sullivan,17,3,17,3,0,0,16,3,162,28,178,31,,,,,1,7,0,2,1
04-01-20,Sumner,243,24,240,24,3,0,234,22,758,69,992,91,,,,,13,93,6,97,7
04-01-20,Tipton,24,2,23,2,1,0,24,2,184,18,208,20,,,,,1,16,0,7,0
04-01-20,Trousdale,8,3,7,3,1,0,7,3,29,5,36,8,,,,,0,1,2,3,1
04-01-20,Unicoi,1,0,1,0,0,0,1,0,26,4,27,4,,,,,0,0,0,0,0
04-01-20,Union,1,0,1,0,0,0,1,0,25,2,26,2,,,,,0,0,0,0,0
04-01-20,Van Buren,0,0,0,0,0,0,0,0,18,2,18,2,,,,,0,0,0,0,0
04-01-20,Warren,1,0,1,0,0,0,1,0,86,18,87,18,,,,,0,0,0,0,0
04-01-20,Washington,19,3,19,3,0,0,19,5,270,40,289,45,,,,,2,11,0,1,0
04-01-20,Wayne,2,1,2,1,0,0,1,0,27,3,28,3,,,,,0,1,0,1,0
04-01-20,Weakley,1,0,1,0,0,0,1,0,68,5,69,5,,,,,0,0,0,0,0
04-01-20,White,2,0,2,0,0,0,2,0,71,6,73,6,,,,,0,1,0,0,0
04-01-20,Williamson,193,19,193,19,0,0,188,16,1352,105,1540,121,,,,,21,126,1,23,2
04-01-20,Wilson,63,6,63,6,0,0,65,11,656,90,721,101,,,,,4,29,0,8,0
03-31-20,Anderson,9,1,9,1,0,0,11,1,138,15,149,16,,,,,1,6,0,2,0
03-31-20,Bedford,2,1,2,1,0,0,2,1,93,22,95,23,,,,,0,0,1,1,0
03-31-20,Benton,4,1,4,1,0,0,4,1,34,1,38,2,,,,,0,3,0,1,1
03-31-20,Bledsoe,2,0,2,0,0,0,0,0,8,0,8,0,,,,,1,2,0,0,0
03-31-20,Blount,27,13,27,13,0,0,26,14,131,10,157,24,,,,,3,12,1,4,1
03-31-20,Bradley,11,3,11,3,0,0,9,2,134,8,143,10,,,,,3,12,1,3,0
03-31-20,Campbell,4,0,4,0,0,0,4,0,57,11,61,11,,,,,0,3,0,0,0
03-31-20,Cannon,2,1,2,1,0,0,2,1,54,5,56,6,,,,,0,0,0,0,0
03-31-20,Carroll,5,0,5,0,0,0,5,0,82,4,87,4,,,,,0,3,0,0,0
03-31-20,Carter,2,0,2,0,0,0,2,0,54,2,56,2,,,,,0,1,0,1,0
03-31-20,Cheatham,12,0,12,0,0,0,11,0,162,13,173,13,,,,,1,8,0,3,0
03-31-20,Chester,2,0,2,0,0,0,3,0,44,0,47,0,,,,,1,3,0,1,0
03-31-20,Claiborne,2,0,2,0,0,0,1,0,29,5,30,5,,,,,0,2,0,0,0
03-31-20,Clay,1,1,1,1,0,0,1,1,25,2,26,3,,,,,1,1,0,0,0
03-31-20,Cocke,1,0,1,0,0,0,1,0,39,3,40,3,,,,,1,2,0,0,0
03-31-20,Coffee,2,0,2,0,0,0,2,0,117,3,119,3,,,,,1,1,0,0,0
03-31-20,Crockett,0,0,0,0,0,0,0,0,21,0,21,0,,,,,0,0,0,0,0
03-31-20,Cumberland,13,1,13,1,0,0,13,1,274,15,287,16,,,,,2,9,0,2,0
03-31-20,Davidson,569,74,569,74,0,0,555,75,5826,656,6381,731,,,,,59,339,4,60,5
03-31-20,Decatur,1,0,1,0,0,0,1,0,29,1,30,1,,,,,0,0,0,0,0
03-31-20,Dekalb,5,1,5,1,0,0,5,1,65,6,70,7,,,,,0,1,0,0,0
03-31-20,Dickson,18,3,18,3,0,0,17,3,129,6,146,9,,,,,1,5,1,3,0
03-31-20,Dyer,3,0,3,0,0,0,3,0,64,8,67,8,,,,,0,3,0,0,0
03-31-20,Fayette,12,0,12,0,0,0,13,0,124,5,137,5,,,,,0,3,0,2,0
03-31-20,Fentress,1,0,1,0,0,0,1,1,40,2,41,3,,,,,0,0,0,0,0
03-31-20,Franklin,5,1,5,1,0,0,5,1,75,6,80,7,,,,,0,4,1,2,1
03-31-20,Gibson,5,0,5,0,0,0,6,0,116,7,122,7,,,,,0,3,0,0,0
03-31-20,Giles,3,1,3,1,0,0,3,1,62,3,65,4,,,,,0,0,0,0,0
03-31-20,Grainger,1,1,1,1,0,0,0,0,37,0,37,0,,,,,0,0,1,1,0
03-31-20,Greene,14,2,14,2,0,0,11,1,65,3,76,4,,,,,2,9,0,3,1
03-31-20,Grundy,6,3,6,3,0,0,4,1,22,1,26,2,,,,,0,3,2,3,0
03-31-20,Hamblen,2,0,2,0,0,0,2,0,66,3,68,3,,,,,1,2,0,0,0
03-31-20,Hamilton,51,10,51,10,0,0,50,12,584,46,634,58,,,,,3,30,4,19,5
03-31-20,Hancock,0,0,0,0,0,0,0,0,6,0,6,0,,,,,0,0,0,0,0
03-31-20,Hardeman,3,1,3,1,0,0,3,1,38,3,41,4,,,,,0,1,1,2,0
03-31-20,Hardin,1,0,1,0,0,0,1,0,88,4,89,4,,,,,0,1,0,0,0
03-31-20,Hawkins,5,1,5,1,0,0,2,1,51,4,53,5,,,,,0,1,0,2,1
03-31-20,Haywood,2,0,2,0,0,0,2,0,27,2,29,2,,,,,0,2,0,1,0
03-31-20,Henderson,0,0,0,0,0,0,0,0,79,4,79,4,,,,,0,0,0,0,0
03-31-20,Henry,1,0,1,0,0,0,1,0,61,4,62,4,,,,,0,0,0,0,0
03-31-20,Hickman,0,0,0,0,0,0,0,0,62,3,62,3,,,,,0,0,0,0,0
03-31-20,Houston,3,1,3,1,0,0,2,0,51,2,53,2,,,,,0,0,1,2,0
03-31-20,Humphreys,2,1,2,1,0,0,2,1,37,3,39,4,,,,,1,1,0,0,0
03-31-20,Jackson,0,0,0,0,0,0,0,0,27,1,27,1,,,,,0,0,0,0,0
03-31-20,Jefferson,6,0,6,0,0,0,6,1,70,4,76,5,,,,,1,4,0,0,0
03-31-20,Johnson,2,0,2,0,0,0,1,0,5,0,6,0,,,,,0,0,0,0,0
03-31-20,Knox,71,8,71,8,0,0,71,11,647,57,718,68,,,,,12,44,1,12,1
03-31-20,Lake,0,0,0,0,0,0,0,0,12,0,12,0,,,,,0,0,0,0,0
03-31-20,Lauderdale,1,1,1,1,0,0,1,1,37,8,38,9,,,,,0,0,0,0,0
03-31-20,Lawrence,2,0,2,0,0,0,2,0,106,6,108,6,,,,,2,3,0,0,0
03-31-20,Lewis,2,0,2,0,0,0,2,0,14,1,16,1,,,,,0,0,0,0,0
03-31-20,Lincoln,1,0,1,0,0,0,1,0,47,5,48,5,,,,,1,2,0,0,0
03-31-20,Loudon,8,0,8,0,0,0,6,1,86,17,92,18,,,,,2,4,0,2,0
03-31-20,Macon,5,1,5,1,0,0,4,1,83,20,87,21,,,,,0,0,0,2,0
03-31-20,Madison,9,2,9,2,0,0,8,1,151,10,159,11,,,,,0,3,0,2,0
03-31-20,Marion,10,3,9,3,1,0,7,1,37,2,44,3,,,,,2,5,2,8,1
03-31-20,Marshall,1,0,1,0,0,0,1,0,112,12,113,12,,,,,0,0,0,1,0
03-31-20,Maury,16,2,16,2,0,0,16,2,370,50,386,52,,,,,0,4,1,4,0
03-31-20,McMinn,3,0,3,0,0,0,3,0,119,15,122,15,,,,,0,3,0,1,0
03-31-20,McNairy,1,0,1,0,0,0,1,0,50,4,51,4,,,,,0,2,0,0,0
03-31-20,Meigs,1,0,1,0,0,0,1,0,26,0,27,0,,,,,0,1,0,1,0
03-31-20,Monroe,5,1,5,1,0,0,4,1,89,3,93,4,,,,,0,2,0,1,0
03-31-20,Montgomery,28,7,28,7,0,0,25,5,482,77,507,82,,,,,5,16,1,3,0
03-31-20,Moore,0,0,0,0,0,0,0,0,12,1,12,1,,,,,0,0,0,0,0
03-31-20,Morgan,1,0,1,0,0,0,1,0,22,5,23,5,,,,,0,0,0,0,0
03-31-20,Obion,1,0,1,0,0,0,1,0,66,4,67,4,,,,,0,0,0,0,1
03-31-20,Out of State,65,6,65,6,0,0,66,7,2729,285,2795,292,,,,,7,43,0,3,0
03-31-20,Overton,2,0,2,0,0,0,2,0,73,10,75,10,,,,,0,1,0,0,0
03-31-20,Pending,0,0,0,0,0,0,0,0,4729,436,4729,436,,,,,0,0,0,0,0
03-31-20,Perry,2,0,2,0,0,0,2,0,23,4,25,4,,,,,0,0,0,0,0
03-31-20,Pickett,0,0,0,0,0,0,0,0,11,4,11,4,,,,,0,0,0,0,0
03-31-20,Polk,0,0,0,0,0,0,0,0,17,0,17,0,,,,,0,1,0,0,0
03-31-20,Putnam,33,5,33,5,0,0,33,5,258,46,291,51,,,,,5,11,0,2,0
03-31-20,Rhea,0,0,0,0,0,0,0,0,60,14,60,14,,,,,0,0,0,0,0
03-31-20,Roane,2,0,2,0,0,0,2,0,99,15,101,15,,,,,0,1,0,1,0
03-31-20,Robertson,32,4,32,4,0,0,31,5,302,28,333,33,,,,,2,17,1,10,1
03-31-20,Rutherford,90,16,90,16,0,0,92,17,920,84,1012,101,,,,,14,53,5,19,1
03-31-20,Scott,2,0,2,0,0,0,2,0,38,3,40,3,,,,,0,2,0,0,0
03-31-20,Sequatchie,0,0,0,0,0,0,0,0,15,1,15,1,,,,,0,0,0,0,0
03-31-20,Sevier,8,1,8,1,0,0,7,2,166,24,173,26,,,,,1,6,1,3,0
03-31-20,Shelby,526,56,525,56,1,0,530,67,2445,138,2975,205,,,,,37,165,11,88,8
03-31-20,Smith,3,1,3,1,0,0,3,1,83,15,86,16,,,,,0,0,0,0,0
03-31-20,Stewart,0,0,0,0,0,0,0,0,43,5,43,5,,,,,0,0,0,0,0
03-31-20,Sullivan,14,1,14,1,0,0,13,1,134,2,147,3,,,,,1,6,0,2,0
03-31-20,Sumner,219,14,216,14,3,0,212,14,689,63,901,77,,,,,15,80,0,91,6
03-31-20,Tipton,22,4,21,4,1,0,22,4,166,13,188,17,,,,,0,15,1,7,0
03-31-20,Trousdale,5,1,4,1,1,0,4,1,24,3,28,4,,,,,0,1,1,1,0
03-31-20,Unicoi,1,0,1,0,0,0,1,0,22,0,23,0,,,,,0,0,0,0,0
03-31-20,Union,1,0,1,0,0,0,1,0,23,1,24,1,,,,,0,0,0,0,0
03-31-20,Van Buren,0,0,0,0,0,0,0,0,16,1,16,1,,,,,0,0,0,0,0
03-31-20,Warren,1,0,1,0,0,0,1,0,68,1,69,1,,,,,0,0,0,0,0
03-31-20,Washington,16,3,16,3,0,0,14,2,230,10,244,12,,,,,2,9,0,1,0
03-31-20,Wayne,1,0,1,0,0,0,1,1,24,2,25,3,,,,,0,1,0,1,0
03-31-20,Weakley,1,0,1,0,0,0,1,0,63,8,64,8,,,,,0,0,0,0,0
03-31-20,White,2,0,2,0,0,0,2,0,65,5,67,5,,,,,0,1,0,0,0
03-31-20,Williamson,174,20,174,20,0,0,172,23,1247,151,1419,174,,,,,13,105,1,22,2
03-31-20,Wilson,57,8,57,8,0,0,54,8,566,89,620,97,,,,,3,25,2,8,0
03-30-20,Anderson,8,1,8,1,0,0,10,1,123,42,133,43,,,,,1,5,0,2,0
03-30-20,Bedford,1,0,1,0,0,0,1,0,71,8,72,8,,,,,0,0,0,0,0
03-30-20,Benton,3,0,3,0,0,0,3,0,33,4,36,4,,,,,0,3,0,1,1
03-30-20,Bledsoe,2,0,2,0,0,0,0,0,8,0,8,0,,,,,0,1,0,0,0
03-30-20,Blount,14,4,14,4,0,0,12,2,121,15,133,17,,,,,2,9,2,3,1
03-30-20,Bradley,8,0,8,0,0,0,7,0,126,16,133,16,,,,,3,9,0,2,0
03-30-20,Campbell,4,0,4,0,0,0,4,0,46,11,50,11,,,,,1,3,0,0,0
03-30-20,Cannon,1,0,1,0,0,0,1,0,49,8,50,8,,,,,0,0,0,0,0
03-30-20,Carroll,5,0,5,0,0,0,5,0,78,11,83,11,,,,,0,3,0,0,0
03-30-20,Carter,2,0,2,0,0,0,2,0,52,3,54,3,,,,,0,1,0,1,0
03-30-20,Cheatham,12,3,12,3,0,0,11,3,149,22,160,25,,,,,0,7,0,3,0
03-30-20,Chester,2,0,2,0,0,0,3,0,44,4,47,4,,,,,1,2,0,1,0
03-30-20,Claiborne,2,0,2,0,0,0,1,0,24,8,25,8,,,,,0,2,0,0,0
03-30-20,Clay,0,0,0,0,0,0,0,0,23,3,23,3,,,,,0,0,0,0,0
03-30-20,Cocke,1,0,1,0,0,0,1,0,36,6,37,6,,,,,0,1,0,0,0
03-30-20,Coffee,2,0,2,0,0,0,2,0,114,13,116,13,,,,,0,0,0,0,0
03-30-20,Crockett,0,0,0,0,0,0,0,0,21,3,21,3,,,,,0,0,0,0,0
03-30-20,Cumberland,12,2,12,2,0,0,12,2,259,51,271,53,,,,,2,7,1,2,0
03-30-20,Davidson,495,105,495,105,0,0,480,102,5170,1089,5650,1191,,,,,66,280,9,56,5
03-30-20,Decatur,1,0,1,0,0,0,1,0,28,2,29,2,,,,,0,0,0,0,0
03-30-20,Dekalb,4,0,4,0,0,0,4,0,59,9,63,9,,,,,0,1,0,0,0
03-30-20,Dickson,15,3,15,3,0,0,14,3,123,14,137,17,,,,,0,4,0,2,0
03-30-20,Dyer,3,0,3,0,0,0,3,0,56,12,59,12,,,,,0,3,0,0,0
03-30-20,Fayette,12,2,12,2,0,0,13,2,119,12,132,14,,,,,1,3,0,2,0
03-30-20,Fentress,1,1,1,1,0,0,0,0,38,4,38,4,,,,,0,0,0,0,0
03-30-20,Franklin,4,0,4,0,0,0,4,0,69,6,73,6,,,,,1,4,0,1,0
03-30-20,Gibson,5,3,5,3,0,0,6,3,109,18,115,21,,,,,2,3,0,0,0
03-30-20,Giles,2,1,2,1,0,0,2,1,59,10,61,11,,,,,0,0,0,0,0
03-30-20,Grainger,0,0,0,0,0,0,0,0,37,5,37,5,,,,,0,0,0,0,0
03-30-20,Greene,12,1,12,1,0,0,10,1,62,4,72,5,,,,,3,7,0,3,0
03-30-20,Grundy,3,1,3,1,0,0,3,1,21,4,24,5,,,,,1,3,0,1,0
03-30-20,Hamblen,2,0,2,0,0,0,2,0,63,15,65,15,,,,,0,1,0,0,0
03-30-20,Hamilton,41,4,41,4,0,0,38,2,538,66,576,68,,,,,6,27,0,15,5
03-30-20,Hancock,0,0,0,0,0,0,0,0,6,0,6,0,,,,,0,0,0,0,0
03-30-20,Hardeman,2,1,2,1,0,0,2,1,35,3,37,4,,,,,0,1,1,1,0
03-30-20,Hardin,1,0,1,0,0,0,1,0,84,10,85,10,,,,,0,1,0,0,0
03-30-20,Hawkins,4,2,4,2,0,0,1,0,47,2,48,2,,,,,0,1,1,2,1
03-30-20,Haywood,2,0,2,0,0,0,2,0,25,3,27,3,,,,,0,2,0,1,0
03-30-20,Henderson,0,0,0,0,0,0,0,0,75,7,75,7,,,,,0,0,0,0,0
03-30-20,Henry,1,0,1,0,0,0,1,0,57,5,58,5,,,,,0,0,0,0,0
03-30-20,Hickman,0,0,0,0,0,0,0,0,59,10,59,10,,,,,0,0,0,0,0
03-30-20,Houston,2,0,2,0,0,0,2,1,49,2,51,3,,,,,0,0,0,1,0
03-30-20,Humphreys,1,1,1,1,0,0,1,1,34,3,35,4,,,,,0,0,0,0,0
03-30-20,Jackson,0,0,0,0,0,0,0,0,26,2,26,2,,,,,0,0,0,0,0
03-30-20,Jefferson,6,1,6,1,0,0,5,0,66,14,71,14,,,,,0,3,0,0,0
03-30-20,Johnson,2,0,2,0,0,0,1,0,5,2,6,2,,,,,0,0,0,0,0
03-30-20,Knox,63,13,63,13,0,0,60,15,590,120,650,135,,,,,9,32,2,11,1
03-30-20,Lake,0,0,0,0,0,0,0,0,12,3,12,3,,,,,0,0,0,0,0
03-30-20,Lauderdale,0,0,0,0,0,0,0,0,29,2,29,2,,,,,0,0,0,0,0
03-30-20,Lawrence,2,0,2,0,0,0,2,0,100,16,102,16,,,,,0,1,0,0,0
03-30-20,Lewis,2,0,2,0,0,0,2,0,13,1,15,1,,,,,0,0,0,0,0
03-30-20,Lincoln,1,0,1,0,0,0,1,1,42,7,43,8,,,,,0,1,0,0,0
03-30-20,Loudon,8,0,8,0,0,0,5,0,69,14,74,14,,,,,0,2,0,2,0
03-30-20,Macon,4,1,4,1,0,0,3,1,63,14,66,15,,,,,0,0,1,2,0
03-30-20,Madison,7,2,7,2,0,0,7,2,141,30,148,32,,,,,1,3,1,2,0
03-30-20,Marion,7,0,6,0,1,0,6,0,35,4,41,4,,,,,1,3,0,6,1
03-30-20,Marshall,1,0,1,0,0,0,1,0,100,9,101,9,,,,,0,0,0,1,0
03-30-20,Maury,14,4,14,4,0,0,14,5,320,41,334,46,,,,,0,4,2,3,0
03-30-20,McMinn,3,0,3,0,0,0,3,0,104,12,107,12,,,,,0,3,0,1,0
03-30-20,McNairy,1,0,1,0,0,0,1,0,46,5,47,5,,,,,0,2,0,0,0
03-30-20,Meigs,1,0,1,0,0,0,1,0,26,3,27,3,,,,,0,1,0,1,0
03-30-20,Monroe,4,1,4,1,0,0,3,0,86,12,89,12,,,,,0,2,1,1,0
03-30-20,Montgomery,21,7,21,7,0,0,20,7,405,73,425,80,,,,,2,11,0,2,0
03-30-20,Moore,0,0,0,0,0,0,0,0,11,3,11,3,,,,,0,0,0,0,0
03-30-20,Morgan,1,0,1,0,0,0,1,0,17,7,18,7,,,,,0,0,0,0,0
03-30-20,Obion,1,0,1,0,0,0,1,0,62,4,63,4,,,,,0,0,0,0,0
03-30-20,Out of State,59,11,59,11,0,0,59,11,2444,389,2503,400,,,,,7,36,0,3,0
03-30-20,Overton,2,0,2,0,0,0,2,0,63,12,65,12,,,,,0,1,0,0,0
03-30-20,Pending,0,0,0,0,0,0,0,0,4293,863,4293,863,,,,,0,0,0,0,0
03-30-20,Perry,2,0,2,0,0,0,2,0,19,0,21,0,,,,,0,0,0,0,0
03-30-20,Pickett,0,0,0,0,0,0,0,0,7,0,7,0,,,,,0,0,0,0,0
03-30-20,Polk,0,0,0,0,0,0,0,0,17,2,17,2,,,,,1,1,0,0,0
03-30-20,Putnam,28,3,28,3,0,0,28,5,212,16,240,21,,,,,3,6,1,2,0
03-30-20,Rhea,0,0,0,0,0,0,0,0,46,12,46,12,,,,,0,0,0,0,0
03-30-20,Roane,2,0,2,0,0,0,2,1,84,23,86,24,,,,,0,1,0,1,0
03-30-20,Robertson,28,5,28,5,0,0,26,4,274,20,300,24,,,,,2,15,2,9,1
03-30-20,Rutherford,74,15,74,15,0,0,75,20,836,117,911,137,,,,,13,39,2,14,1
03-30-20,Scott,2,0,2,0,0,0,2,0,35,9,37,9,,,,,0,2,0,0,0
03-30-20,Sequatchie,0,0,0,0,0,0,0,0,14,3,14,3,,,,,0,0,0,0,0
03-30-20,Sevier,7,1,7,1,0,0,5,0,142,28,147,28,,,,,0,5,0,2,0
03-30-20,Shelby,470,104,469,104,1,0,463,97,2307,353,2770,450,,,,,32,128,19,77,4
03-30-20,Smith,2,1,2,1,0,0,2,1,68,11,70,12,,,,,0,0,0,0,0
03-30-20,Stewart,0,0,0,0,0,0,0,0,38,2,38,2,,,,,0,0,0,0,0
03-30-20,Sullivan,13,3,13,3,0,0,12,3,132,9,144,12,,,,,2,5,1,2,0
03-30-20,Sumner,205,69,202,69,3,0,198,70,626,184,824,254,,,,,13,65,26,91,5
03-30-20,Tipton,18,2,17,2,1,0,18,4,153,21,171,25,,,,,2,15,1,6,0
03-30-20,Trousdale,4,2,3,2,1,0,3,2,21,6,24,8,,,,,0,1,0,0,0
03-30-20,Unicoi,1,0,1,0,0,0,1,0,22,3,23,3,,,,,0,0,0,0,0
03-30-20,Union,1,0,1,0,0,0,1,0,22,7,23,7,,,,,0,0,0,0,0
03-30-20,Van Buren,0,0,0,0,0,0,0,0,15,1,15,1,,,,,0,0,0,0,0
03-30-20,Warren,1,1,1,1,0,0,1,1,67,12,68,13,,,,,0,0,0,0,0
03-30-20,Washington,13,0,13,0,0,0,12,0,220,14,232,14,,,,,2,7,0,1,0
03-30-20,Wayne,1,1,1,1,0,0,0,0,22,3,22,3,,,,,0,1,1,1,0
03-30-20,Weakley,1,0,1,0,0,0,1,0,55,12,56,12,,,,,0,0,0,0,0
03-30-20,White,2,1,2,1,0,0,2,1,60,22,62,23,,,,,1,1,0,0,0
03-30-20,Williamson,154,41,154,41,0,0,149,37,1096,201,1245,238,,,,,16,92,6,21,2
03-30-20,Wilson,49,15,49,15,0,0,46,16,477,120,523,136,,,,,10,22,3,6,0
03-29-20,Anderson,7,0,7,0,0,0,9,0,81,11,90,11,,,,,0,4,0,2,0
03-29-20,Bedford,1,0,1,0,0,0,1,0,63,3,64,3,,,,,0,0,0,0,0
03-29-20,Benton,3,0,3,0,0,0,3,0,29,4,32,4,,,,,0,3,0,1,1
03-29-20,Bledsoe,2,0,2,0,0,0,0,0,8,1,8,1,,,,,0,1,0,0,0
03-29-20,Blount,10,1,10,1,0,0,10,1,106,4,116,5,,,,,2,7,0,1,1
03-29-20,Bradley,8,0,8,0,0,0,7,0,110,6,117,6,,,,,1,6,0,2,0
03-29-20,Campbell,4,0,4,0,0,0,4,0,35,1,39,1,,,,,0,2,0,0,0
03-29-20,Cannon,1,0,1,0,0,0,1,0,41,5,42,5,,,,,0,0,0,0,0
03-29-20,Carroll,5,1,5,1,0,0,5,1,67,1,72,2,,,,,1,3,0,0,0
03-29-20,Carter,2,0,2,0,0,0,2,0,49,0,51,0,,,,,0,1,0,1,0
03-29-20,Cheatham,9,0,9,0,0,0,8,0,127,2,135,2,,,,,3,7,0,3,0
03-29-20,Chester,2,0,2,0,0,0,3,0,40,2,43,2,,,,,0,1,0,1,0
03-29-20,Claiborne,2,0,2,0,0,0,1,0,16,0,17,0,,,,,0,2,0,0,0
03-29-20,Clay,0,0,0,0,0,0,0,0,20,3,20,3,,,,,0,0,0,0,0
03-29-20,Cocke,1,0,1,0,0,0,1,0,30,2,31,2,,,,,0,1,0,0,0
03-29-20,Coffee,2,0,2,0,0,0,2,0,101,5,103,5,,,,,0,0,0,0,0
03-29-20,Crockett,0,0,0,0,0,0,0,0,18,3,18,3,,,,,0,0,0,0,0
03-29-20,Cumberland,10,0,10,0,0,0,10,0,208,2,218,2,,,,,4,5,0,1,0
03-29-20,Davidson,390,15,390,15,0,0,378,13,4081,47,4459,60,,,,,43,214,4,47,4
03-29-20,Decatur,1,0,1,0,0,0,1,0,26,3,27,3,,,,,0,0,0,0,0
03-29-20,Dekalb,4,1,4,1,0,0,4,1,50,9,54,10,,,,,0,1,0,0,0
03-29-20,Dickson,12,0,12,0,0,0,11,1,109,0,120,1,,,,,0,4,0,2,0
03-29-20,Dyer,3,0,3,0,0,0,3,0,44,4,47,4,,,,,1,3,0,0,0
03-29-20,Fayette,10,4,10,4,0,0,11,5,107,13,118,18,,,,,0,2,1,2,0
03-29-20,Fentress,0,0,0,0,0,0,0,0,34,1,34,1,,,,,0,0,0,0,0
03-29-20,Franklin,4,0,4,0,0,0,4,0,63,4,67,4,,,,,1,3,0,1,0
03-29-20,Gibson,2,0,2,0,0,0,3,0,91,3,94,3,,,,,0,1,0,0,0
03-29-20,Giles,1,1,1,1,0,0,1,1,49,3,50,4,,,,,0,0,0,0,0
03-29-20,Grainger,0,0,0,0,0,0,0,0,32,3,32,3,,,,,0,0,0,0,0
03-29-20,Greene,11,2,11,2,0,0,9,2,58,2,67,4,,,,,3,4,1,3,0
03-29-20,Grundy,2,0,2,0,0,0,2,0,17,3,19,3,,,,,0,2,0,1,0
03-29-20,Hamblen,2,0,2,0,0,0,2,0,48,7,50,7,,,,,1,1,0,0,0
03-29-20,Hamilton,37,2,37,2,0,0,36,2,472,19,508,21,,,,,3,21,0,15,3
03-29-20,Hancock,0,0,0,0,0,0,0,0,6,0,6,0,,,,,0,0,0,0,0
03-29-20,Hardeman,1,0,1,0,0,0,1,0,32,3,33,3,,,,,1,1,0,0,0
03-29-20,Hardin,1,0,1,0,0,0,1,0,74,3,75,3,,,,,0,1,0,0,0
03-29-20,Hawkins,2,0,2,0,0,0,1,0,45,1,46,1,,,,,0,1,0,1,1
03-29-20,Haywood,2,1,2,1,0,0,2,1,22,0,24,1,,,,,0,2,1,1,0
03-29-20,Henderson,0,0,0,0,0,0,0,0,68,2,68,2,,,,,0,0,0,0,0
03-29-20,Henry,1,0,1,0,0,0,1,0,52,1,53,1,,,,,0,0,0,0,0
03-29-20,Hickman,0,0,0,0,0,0,0,0,49,0,49,0,,,,,0,0,0,0,0
03-29-20,Houston,2,0,2,0,0,0,1,0,47,1,48,1,,,,,0,0,0,1,0
03-29-20,Humphreys,0,0,0,0,0,0,0,0,31,0,31,0,,,,,0,0,0,0,0
03-29-20,Jackson,0,0,0,0,0,0,0,0,24,1,24,1,,,,,0,0,0,0,0
03-29-20,Jefferson,5,0,5,0,0,0,5,0,52,5,57,5,,,,,1,3,0,0,0
03-29-20,Johnson,2,0,2,0,0,0,1,0,3,0,4,0,,,,,0,0,0,0,0
03-29-20,Knox,50,8,50,8,0,0,45,7,470,44,515,51,,,,,6,23,1,9,1
03-29-20,Lake,0,0,0,0,0,0,0,0,9,1,9,1,,,,,0,0,0,0,0
03-29-20,Lauderdale,0,0,0,0,0,0,0,0,27,2,27,2,,,,,0,0,0,0,0
03-29-20,Lawrence,2,2,2,2,0,0,2,2,84,4,86,6,,,,,0,1,0,0,0
03-29-20,Lewis,2,0,2,0,0,0,2,0,12,0,14,0,,,,,0,0,0,0,0
03-29-20,Lincoln,1,0,1,0,0,0,0,0,35,0,35,0,,,,,0,1,0,0,0
03-29-20,Loudon,8,0,8,0,0,0,5,0,55,5,60,5,,,,,0,2,0,2,0
03-29-20,Macon,3,0,3,0,0,0,2,0,49,1,51,1,,,,,0,0,0,1,0
03-29-20,Madison,5,1,5,1,0,0,5,1,111,7,116,8,,,,,0,2,0,1,0
03-29-20,Marion,7,1,6,1,1,0,6,1,31,0,37,1,,,,,0,2,1,6,1
03-29-20,Marshall,1,1,1,1,0,0,1,1,91,1,92,2,,,,,0,0,1,1,0
03-29-20,Maury,10,2,10,2,0,0,9,2,279,1,288,3,,,,,1,4,0,1,0
03-29-20,McMinn,3,0,3,0,0,0,3,0,92,2,95,2,,,,,1,3,0,1,0
03-29-20,McNairy,1,0,1,0,0,0,1,0,41,2,42,2,,,,,0,2,0,0,0
03-29-20,Meigs,1,0,1,0,0,0,1,0,23,2,24,2,,,,,0,1,0,1,0
03-29-20,Monroe,3,0,3,0,0,0,3,0,74,9,77,9,,,,,1,2,0,0,0
03-29-20,Montgomery,14,1,14,1,0,0,13,1,332,9,345,10,,,,,3,9,0,2,0
03-29-20,Moore,0,0,0,0,0,0,0,0,8,0,8,0,,,,,0,0,0,0,0
03-29-20,Morgan,1,0,1,0,0,0,1,0,10,0,11,0,,,,,0,0,0,0,0
03-29-20,Obion,1,0,1,0,0,0,1,0,58,4,59,4,,,,,0,0,0,0,0
03-29-20,Out of State,48,0,48,0,0,0,48,0,2055,58,2103,58,,,,,4,29,0,3,0
03-29-20,Overton,2,0,2,0,0,0,2,0,51,0,53,0,,,,,1,1,0,0,0
03-29-20,Pending,0,0,0,0,0,0,0,0,3430,34,3430,34,,,,,0,0,0,0,0
03-29-20,Perry,2,0,2,0,0,0,2,0,19,1,21,1,,,,,0,0,0,0,0
03-29-20,Pickett,0,0,0,0,0,0,0,0,7,0,7,0,,,,,0,0,0,0,0
03-29-20,Polk,0,0,0,0,0,0,0,0,15,0,15,0,,,,,0,0,0,0,0
03-29-20,Putnam,25,2,25,2,0,0,23,2,196,3,219,5,,,,,0,3,0,1,0
03-29-20,Rhea,0,0,0,0,0,0,0,0,34,0,34,0,,,,,0,0,0,0,0
03-29-20,Roane,2,0,2,0,0,0,1,0,61,7,62,7,,,,,0,1,0,1,0
03-29-20,Robertson,23,0,23,0,0,0,22,0,254,6,276,6,,,,,3,13,0,7,1
03-29-20,Rutherford,59,5,59,5,0,0,55,2,719,11,774,13,,,,,8,26,2,12,1
03-29-20,Scott,2,0,2,0,0,0,2,0,26,1,28,1,,,,,1,2,0,0,0
03-29-20,Sequatchie,0,0,0,0,0,0,0,0,11,2,11,2,,,,,0,0,0,0,0
03-29-20,Sevier,6,0,6,0,0,0,5,0,114,11,119,11,,,,,2,5,0,2,0
03-29-20,Shelby,366,18,365,18,1,0,366,15,1954,209,2320,224,,,,,23,96,2,58,3
03-29-20,Smith,1,0,1,0,0,0,1,0,57,0,58,0,,,,,0,0,0,0,0
03-29-20,Stewart,0,0,0,0,0,0,0,0,36,1,36,1,,,,,0,0,0,0,0
03-29-20,Sullivan,10,2,10,2,0,0,9,2,123,1,132,3,,,,,0,3,0,1,0
03-29-20,Sumner,136,28,133,28,3,0,128,27,442,21,570,48,,,,,9,52,20,65,4
03-29-20,Tipton,16,1,15,1,1,0,14,1,132,7,146,8,,,,,1,13,0,5,0
03-29-20,Trousdale,2,0,1,0,1,0,1,0,15,0,16,0,,,,,0,1,0,0,0
03-29-20,Unicoi,1,0,1,0,0,0,1,0,19,1,20,1,,,,,0,0,0,0,0
03-29-20,Union,1,0,1,0,0,0,1,0,15,1,16,1,,,,,0,0,0,0,0
03-29-20,Van Buren,0,0,0,0,0,0,0,0,14,0,14,0,,,,,0,0,0,0,0
03-29-20,Warren,0,0,0,0,0,0,0,0,55,2,55,2,,,,,0,0,0,0,0
03-29-20,Washington,13,0,13,0,0,0,12,0,206,4,218,4,,,,,1,5,0,1,0
03-29-20,Wayne,0,0,0,0,0,0,0,0,19,1,19,1,,,,,0,1,0,0,0
03-29-20,Weakley,1,0,1,0,0,0,1,0,43,1,44,1,,,,,0,0,0,0,0
03-29-20,White,1,0,1,0,0,0,1,0,38,1,39,1,,,,,0,0,0,0,0
03-29-20,Williamson,113,2,113,2,0,0,112,3,895,13,1007,16,,,,,15,76,1,15,1
03-29-20,Wilson,34,0,34,0,0,0,30,0,357,6,387,6,,,,,3,12,0,3,0
03-28-20,Anderson,7,3,7,3,0,0,9,3,70,17,79,20,,,,,0,4,1,2,0
03-28-20,Bedford,1,0,1,0,0,0,1,0,60,7,61,7,,,,,0,0,0,0,0
03-28-20,Benton,3,0,3,0,0,0,3,1,25,4,28,5,,,,,0,3,0,1,0
03-28-20,Bledsoe,2,0,2,0,0,0,0,0,7,1,7,1,,,,,0,1,0,0,0
03-28-20,Blount,9,2,9,2,0,0,9,3,102,9,111,12,,,,,2,5,0,1,1
03-28-20,Bradley,8,2,8,2,0,0,7,2,104,23,111,25,,,,,0,5,0,2,0
03-28-20,Campbell,4,0,4,0,0,0,4,0,34,8,38,8,,,,,0,2,0,0,0
03-28-20,Cannon,1,0,1,0,0,0,1,0,36,10,37,10,,,,,0,0,0,0,0
03-28-20,Carroll,4,0,4,0,0,0,4,1,66,3,70,4,,,,,1,2,0,0,0
03-28-20,Carter,2,0,2,0,0,0,2,1,49,5,51,6,,,,,1,1,0,1,0
03-28-20,Cheatham,9,1,9,1,0,0,8,0,125,18,133,18,,,,,0,4,0,3,0
03-28-20,Chester,2,0,2,0,0,0,3,0,38,5,41,5,,,,,0,1,0,1,0
03-28-20,Claiborne,2,0,2,0,0,0,1,0,16,2,17,2,,,,,1,2,0,0,0
03-28-20,Clay,0,0,0,0,0,0,0,0,17,3,17,3,,,,,0,0,0,0,0
03-28-20,Cocke,1,0,1,0,0,0,1,0,28,2,29,2,,,,,0,1,0,0,0
03-28-20,Coffee,2,1,2,1,0,0,2,1,96,26,98,27,,,,,0,0,0,0,0
03-28-20,Crockett,0,0,0,0,0,0,0,0,15,3,15,3,,,,,0,0,0,0,0
03-28-20,Cumberland,10,4,10,4,0,0,10,4,206,72,216,76,,,,,0,1,1,1,0
03-28-20,Davidson,375,54,375,54,0,0,365,49,4034,365,4399,414,,,,,40,171,15,43,4
03-28-20,Decatur,1,1,1,1,0,0,1,1,23,2,24,3,,,,,0,0,0,0,0
03-28-20,Dekalb,3,0,3,0,0,0,3,0,41,4,44,4,,,,,0,1,0,0,0
03-28-20,Dickson,12,1,12,1,0,0,10,1,109,12,119,13,,,,,2,4,0,2,0
03-28-20,Dyer,3,0,3,0,0,0,3,0,40,2,43,2,,,,,0,2,0,0,0
03-28-20,Fayette,6,3,6,3,0,0,6,3,94,10,100,13,,,,,0,2,1,1,0
03-28-20,Fentress,0,0,0,0,0,0,0,0,33,8,33,8,,,,,0,0,0,0,0
03-28-20,Franklin,4,2,4,2,0,0,4,2,59,12,63,14,,,,,1,2,0,1,0
03-28-20,Gibson,2,1,2,1,0,0,3,1,88,8,91,9,,,,,1,1,0,0,0
03-28-20,Giles,0,0,0,0,0,0,0,0,46,4,46,4,,,,,0,0,0,0,0
03-28-20,Grainger,0,0,0,0,0,0,0,0,29,4,29,4,,,,,0,0,0,0,0
03-28-20,Greene,9,1,9,1,0,0,7,2,56,10,63,12,,,,,0,1,1,2,0
03-28-20,Grundy,2,0,2,0,0,0,2,0,14,8,16,8,,,,,1,2,0,1,0
03-28-20,Hamblen,2,0,2,0,0,0,2,0,41,7,43,7,,,,,0,0,0,0,0
03-28-20,Hamilton,35,2,35,2,0,0,34,2,453,63,487,65,,,,,3,18,1,15,2
03-28-20,Hancock,0,0,0,0,0,0,0,0,6,4,6,4,,,,,0,0,0,0,0
03-28-20,Hardeman,1,0,1,0,0,0,1,0,29,0,30,0,,,,,0,0,0,0,0
03-28-20,Hardin,1,0,1,0,0,0,1,0,71,14,72,14,,,,,0,1,0,0,0
03-28-20,Hawkins,2,0,2,0,0,0,1,0,44,8,45,8,,,,,0,1,0,1,1
03-28-20,Haywood,1,1,1,1,0,0,1,1,22,2,23,3,,,,,0,2,0,0,0
03-28-20,Henderson,0,0,0,0,0,0,0,0,66,1,66,1,,,,,0,0,0,0,0
03-28-20,Henry,1,1,1,1,0,0,1,1,51,5,52,6,,,,,0,0,0,0,0
03-28-20,Hickman,0,0,0,0,0,0,0,0,49,2,49,2,,,,,0,0,0,0,0
03-28-20,Houston,2,0,2,0,0,0,1,0,46,5,47,5,,,,,0,0,0,1,0
03-28-20,Humphreys,0,0,0,0,0,0,0,0,31,5,31,5,,,,,0,0,0,0,0
03-28-20,Jackson,0,0,0,0,0,0,0,0,23,5,23,5,,,,,0,0,0,0,0
03-28-20,Jefferson,5,0,5,0,0,0,5,0,47,5,52,5,,,,,1,2,0,0,0
03-28-20,Johnson,2,1,2,1,0,0,1,1,3,1,4,2,,,,,0,0,0,0,0
03-28-20,Knox,42,7,42,7,0,0,38,7,426,58,464,65,,,,,1,17,1,8,0
03-28-20,Lake,0,0,0,0,0,0,0,0,8,2,8,2,,,,,0,0,0,0,0
03-28-20,Lauderdale,0,0,0,0,0,0,0,0,25,2,25,2,,,,,0,0,0,0,0
03-28-20,Lawrence,0,0,0,0,0,0,0,0,80,10,80,10,,,,,1,1,0,0,0
03-28-20,Lewis,2,0,2,0,0,0,2,0,12,1,14,1,,,,,0,0,0,0,0
03-28-20,Lincoln,1,0,1,0,0,0,0,0,35,2,35,2,,,,,0,1,0,0,0
03-28-20,Loudon,8,2,8,2,0,0,5,2,50,8,55,10,,,,,0,2,0,2,0
03-28-20,Macon,3,1,3,1,0,0,2,1,48,8,50,9,,,,,0,0,1,1,0
03-28-20,Madison,4,0,4,0,0,0,4,0,104,10,108,10,,,,,2,2,0,1,0
03-28-20,Marion,6,1,5,1,1,0,5,1,31,7,36,8,,,,,1,2,1,5,0
03-28-20,Marshall,0,0,0,0,0,0,0,0,90,9,90,9,,,,,0,0,0,0,0
03-28-20,Maury,8,0,8,0,0,0,7,0,278,20,285,20,,,,,1,3,0,1,0
03-28-20,McMinn,3,0,3,0,0,0,3,0,90,11,93,11,,,,,0,2,0,1,0
03-28-20,McNairy,1,1,1,1,0,0,1,1,39,5,40,6,,,,,0,2,0,0,0
03-28-20,Meigs,1,0,1,0,0,0,1,0,21,3,22,3,,,,,1,1,0,1,0
03-28-20,Monroe,3,0,3,0,0,0,3,1,65,13,68,14,,,,,0,1,0,0,0
03-28-20,Montgomery,13,2,13,2,0,0,12,2,323,51,335,53,,,,,0,6,0,2,0
03-28-20,Moore,0,0,0,0,0,0,0,0,8,2,8,2,,,,,0,0,0,0,0
03-28-20,Morgan,1,1,1,1,0,0,1,1,10,2,11,3,,,,,0,0,0,0,0
03-28-20,Obion,1,1,1,1,0,0,1,1,54,7,55,8,,,,,0,0,0,0,0
03-28-20,Out of State,48,0,48,0,0,0,48,0,1997,258,2045,258,,,,,7,25,0,3,0
03-28-20,Overton,2,0,2,0,0,0,2,1,51,9,53,10,,,,,0,0,0,0,0
03-28-20,Pending,0,0,0,0,0,0,0,0,3396,126,3396,126,,,,,0,0,0,0,0
03-28-20,Perry,2,0,2,0,0,0,2,0,18,1,20,1,,,,,0,0,0,0,0
03-28-20,Pickett,0,0,0,0,0,0,0,0,7,1,7,1,,,,,0,0,0,0,0
03-28-20,Polk,0,0,0,0,0,0,0,0,15,1,15,1,,,,,0,0,0,0,0
03-28-20,Putnam,23,5,23,5,0,0,21,6,193,38,214,44,,,,,1,3,0,1,0
03-28-20,Rhea,0,0,0,0,0,0,0,0,34,7,34,7,,,,,0,0,0,0,0
03-28-20,Roane,2,1,2,1,0,0,1,0,54,7,55,7,,,,,0,1,0,1,0
03-28-20,Robertson,23,1,23,1,0,0,22,2,248,49,270,51,,,,,3,10,0,7,1
03-28-20,Rutherford,54,11,54,11,0,0,53,13,708,91,761,104,,,,,6,18,1,10,1
03-28-20,Scott,2,0,2,0,0,0,2,0,25,5,27,5,,,,,0,1,0,0,0
03-28-20,Sequatchie,0,0,0,0,0,0,0,0,9,1,9,1,,,,,0,0,0,0,0
03-28-20,Sevier,6,0,6,0,0,0,5,0,103,13,108,13,,,,,1,3,0,2,0
03-28-20,Shelby,348,22,347,22,1,0,351,25,1745,221,2096,246,,,,,12,73,3,56,3
03-28-20,Smith,1,0,1,0,0,0,1,0,57,13,58,13,,,,,0,0,0,0,0
03-28-20,Stewart,0,0,0,0,0,0,0,0,35,2,35,2,,,,,0,0,0,0,0
03-28-20,Sullivan,8,2,8,2,0,0,7,2,122,19,129,21,,,,,0,3,1,1,0
03-28-20,Sumner,108,25,105,22,3,3,101,20,421,56,522,76,,,,,6,43,7,45,3
03-28-20,Tipton,15,4,14,3,1,1,13,1,125,11,138,12,,,,,1,12,1,5,0
03-28-20,Trousdale,2,1,1,0,1,1,1,0,15,2,16,2,,,,,0,1,0,0,0
03-28-20,Unicoi,1,0,1,0,0,0,1,0,18,4,19,4,,,,,0,0,0,0,0
03-28-20,Union,1,1,1,1,0,0,1,1,14,3,15,4,,,,,0,0,0,0,0
03-28-20,Van Buren,0,0,0,0,0,0,0,0,14,1,14,1,,,,,0,0,0,0,0
03-28-20,Warren,0,0,0,0,0,0,0,0,53,8,53,8,,,,,0,0,0,0,0
03-28-20,Washington,13,1,13,1,0,0,12,2,202,27,214,29,,,,,0,4,1,1,0
03-28-20,Wayne,0,0,0,0,0,0,0,0,18,5,18,5,,,,,0,1,0,0,0
03-28-20,Weakley,1,0,1,0,0,0,1,1,42,8,43,9,,,,,0,0,0,0,0
03-28-20,White,1,0,1,0,0,0,1,0,37,7,38,7,,,,,0,0,0,0,0
03-28-20,Williamson,111,14,111,14,0,0,109,16,882,86,991,102,,,,,8,61,2,14,0
03-28-20,Wilson,34,11,34,11,0,0,30,9,351,61,381,70,,,,,1,9,0,3,0
03-27-20,Anderson,4,1,4,1,0,0,6,1,53,7,59,8,,,,,3,4,0,1,0
03-27-20,Bedford,1,0,1,0,0,0,1,0,53,4,54,4,,,,,0,0,0,0,0
03-27-20,Benton,3,1,3,1,0,0,2,0,21,2,23,2,,,,,2,3,0,1,0
03-27-20,Bledsoe,2,2,2,2,0,0,0,0,6,1,6,1,,,,,0,1,0,0,0
03-27-20,Blount,7,2,7,2,0,0,6,2,93,6,99,8,,,,,1,3,0,1,1
03-27-20,Bradley,6,1,6,1,0,0,5,0,81,16,86,16,,,,,1,5,0,2,0
03-27-20,Campbell,4,0,4,0,0,0,4,0,26,5,30,5,,,,,1,2,0,0,0
03-27-20,Cannon,1,0,1,0,0,0,1,0,26,5,27,5,,,,,0,0,0,0,0
03-27-20,Carroll,4,0,4,0,0,0,3,1,63,8,66,9,,,,,1,1,0,0,0
03-27-20,Carter,2,2,2,2,0,0,1,1,44,15,45,16,,,,,0,0,1,1,0
03-27-20,Cheatham,8,0,8,0,0,0,8,0,107,18,115,18,,,,,1,4,0,3,0
03-27-20,Chester,2,0,2,0,0,0,3,0,33,4,36,4,,,,,0,1,0,1,0
03-27-20,Claiborne,2,0,2,0,0,0,1,0,14,2,15,2,,,,,0,1,0,0,0
03-27-20,Clay,0,0,0,0,0,0,0,0,14,0,14,0,,,,,0,0,0,0,0
03-27-20,Cocke,1,0,1,0,0,0,1,0,26,2,27,2,,,,,0,1,0,0,0
03-27-20,Coffee,1,0,1,0,0,0,1,0,70,11,71,11,,,,,0,0,0,0,0
03-27-20,Crockett,0,0,0,0,0,0,0,0,12,2,12,2,,,,,0,0,0,0,0
03-27-20,Cumberland,6,0,6,0,0,0,6,0,134,14,140,14,,,,,0,1,0,0,0
03-27-20,Davidson,321,49,321,49,0,0,316,54,3669,425,3985,479,,,,,33,131,6,28,3
03-27-20,Decatur,0,0,0,0,0,0,0,0,21,4,21,4,,,,,0,0,0,0,0
03-27-20,Dekalb,3,0,3,0,0,0,3,0,37,3,40,3,,,,,1,1,0,0,0
03-27-20,Dickson,11,3,11,3,0,0,9,2,97,12,106,14,,,,,0,2,0,2,0
03-27-20,Dyer,3,0,3,0,0,0,3,0,38,7,41,7,,,,,0,2,0,0,0
03-27-20,Fayette,3,0,3,0,0,0,3,0,84,17,87,17,,,,,0,2,0,0,0
03-27-20,Fentress,0,0,0,0,0,0,0,0,25,2,25,2,,,,,0,0,0,0,0
03-27-20,Franklin,2,0,2,0,0,0,2,0,47,11,49,11,,,,,0,1,0,1,0
03-27-20,Gibson,1,0,1,0,0,0,2,0,80,17,82,17,,,,,0,0,0,0,0
03-27-20,Giles,0,0,0,0,0,0,0,0,42,5,42,5,,,,,0,0,0,0,0
03-27-20,Grainger,0,0,0,0,0,0,0,0,25,3,25,3,,,,,0,0,0,0,0
03-27-20,Greene,8,0,8,0,0,0,5,0,46,13,51,13,,,,,0,1,0,1,0
03-27-20,Grundy,2,1,2,1,0,0,2,1,6,0,8,1,,,,,1,1,1,1,0
03-27-20,Hamblen,2,0,2,0,0,0,2,0,34,5,36,5,,,,,0,0,0,0,0
03-27-20,Hamilton,33,4,33,4,0,0,32,6,390,83,422,89,,,,,1,15,2,14,2
03-27-20,Hancock,0,0,0,0,0,0,0,0,2,0,2,0,,,,,0,0,0,0,0
03-27-20,Hardeman,1,1,1,1,0,0,1,1,29,2,30,3,,,,,0,0,0,0,0
03-27-20,Hardin,1,0,1,0,0,0,1,0,57,14,58,14,,,,,1,1,0,0,0
03-27-20,Hawkins,2,1,2,1,0,0,1,0,36,5,37,5,,,,,0,1,1,1,1
03-27-20,Haywood,0,0,0,0,0,0,0,0,20,3,20,3,,,,,1,2,0,0,0
03-27-20,Henderson,0,0,0,0,0,0,0,0,65,9,65,9,,,,,0,0,0,0,0
03-27-20,Henry,0,0,0,0,0,0,0,0,46,10,46,10,,,,,0,0,0,0,0
03-27-20,Hickman,0,0,0,0,0,0,0,0,47,9,47,9,,,,,0,0,0,0,0
03-27-20,Houston,2,0,2,0,0,0,1,0,41,2,42,2,,,,,0,0,0,1,0
03-27-20,Humphreys,0,0,0,0,0,0,0,0,26,5,26,5,,,,,0,0,0,0,0
03-27-20,Jackson,0,0,0,0,0,0,0,0,18,1,18,1,,,,,0,0,0,0,0
03-27-20,Jefferson,5,0,5,0,0,0,5,0,42,5,47,5,,,,,0,1,0,0,0
03-27-20,Johnson,1,1,1,1,0,0,0,0,2,0,2,0,,,,,0,0,0,0,0
03-27-20,Knox,35,2,35,2,0,0,31,1,368,46,399,47,,,,,5,16,1,7,0
03-27-20,Lake,0,0,0,0,0,0,0,0,6,2,6,2,,,,,0,0,0,0,0
03-27-20,Lauderdale,0,0,0,0,0,0,0,0,23,6,23,6,,,,,0,0,0,0,0
03-27-20,Lawrence,0,0,0,0,0,0,0,0,70,6,70,6,,,,,0,0,0,0,0
03-27-20,Lewis,2,0,2,0,0,0,2,0,11,2,13,2,,,,,0,0,0,0,0
03-27-20,Lincoln,1,0,1,0,0,0,0,0,33,7,33,7,,,,,0,1,0,0,0
03-27-20,Loudon,6,0,6,0,0,0,3,0,42,6,45,6,,,,,1,2,0,2,0
03-27-20,Macon,2,1,2,1,0,0,1,0,40,8,41,8,,,,,0,0,0,0,0
03-27-20,Madison,4,1,4,1,0,0,4,1,94,9,98,10,,,,,0,0,0,1,0
03-27-20,Marion,5,1,4,1,1,0,4,1,24,6,28,7,,,,,0,1,1,4,0
03-27-20,Marshall,0,0,0,0,0,0,0,0,81,12,81,12,,,,,0,0,0,0,0
03-27-20,Maury,8,1,8,1,0,0,7,1,258,19,265,20,,,,,0,2,1,1,0
03-27-20,McMinn,3,0,3,0,0,0,3,0,79,16,82,16,,,,,0,2,0,1,0
03-27-20,McNairy,0,0,0,0,0,0,0,0,34,4,34,4,,,,,0,2,0,0,0
03-27-20,Meigs,1,0,1,0,0,0,1,0,18,3,19,3,,,,,0,0,0,1,0
03-27-20,Monroe,3,1,3,1,0,0,2,0,52,13,54,13,,,,,1,1,0,0,0
03-27-20,Montgomery,11,5,11,5,0,0,10,5,272,37,282,42,,,,,2,6,0,2,0
03-27-20,Moore,0,0,0,0,0,0,0,0,6,4,6,4,,,,,0,0,0,0,0
03-27-20,Morgan,0,0,0,0,0,0,0,0,8,2,8,2,,,,,0,0,0,0,0
03-27-20,Obion,0,0,0,0,0,0,0,0,47,13,47,13,,,,,0,0,0,0,0
03-27-20,Out of State,48,2,48,2,0,0,48,1,1739,293,1787,294,,,,,9,18,1,3,0
03-27-20,Overton,2,1,2,1,0,0,1,0,42,4,43,4,,,,,0,0,0,0,0
03-27-20,Pending,0,0,0,0,0,0,0,0,3270,195,3270,195,,,,,0,0,0,0,0
03-27-20,Perry,2,0,2,0,0,0,2,0,17,3,19,3,,,,,0,0,0,0,0
03-27-20,Pickett,0,0,0,0,0,0,0,0,6,0,6,0,,,,,0,0,0,0,0
03-27-20,Polk,0,0,0,0,0,0,0,0,14,4,14,4,,,,,0,0,0,0,0
03-27-20,Putnam,18,4,18,4,0,0,15,3,155,11,170,14,,,,,2,2,1,1,0
03-27-20,Rhea,0,0,0,0,0,0,0,0,27,6,27,6,,,,,0,0,0,0,0
03-27-20,Roane,1,0,1,0,0,0,1,0,47,4,48,4,,,,,0,1,0,1,0
03-27-20,Robertson,22,3,22,3,0,0,20,1,199,26,219,27,,,,,1,7,2,7,1
03-27-20,Rutherford,43,11,43,11,0,0,40,10,617,108,657,118,,,,,2,12,4,9,0
03-27-20,Scott,2,0,2,0,0,0,2,0,20,7,22,7,,,,,0,1,0,0,0
03-27-20,Sequatchie,0,0,0,0,0,0,0,0,8,0,8,0,,,,,0,0,0,0,0
03-27-20,Sevier,6,0,6,0,0,0,5,1,90,11,95,12,,,,,1,2,0,2,0
03-27-20,Shelby,326,55,325,55,1,0,326,60,1524,517,1850,577,,,,,13,61,8,53,2
03-27-20,Smith,1,0,1,0,0,0,1,0,44,10,45,10,,,,,0,0,0,0,0
03-27-20,Stewart,0,0,0,0,0,0,0,0,33,3,33,3,,,,,0,0,0,0,0
03-27-20,Sullivan,6,2,6,2,0,0,5,2,103,28,108,30,,,,,0,3,0,0,0
03-27-20,Sumner,83,23,83,23,0,0,81,23,365,80,446,103,,,,,5,37,12,38,2
03-27-20,Tipton,11,1,11,1,0,0,12,2,114,36,126,38,,,,,2,11,0,4,0
03-27-20,Trousdale,1,1,1,1,0,0,1,1,13,1,14,2,,,,,0,1,0,0,0
03-27-20,Unicoi,1,0,1,0,0,0,1,1,14,5,15,6,,,,,0,0,0,0,0
03-27-20,Union,0,0,0,0,0,0,0,0,11,0,11,0,,,,,0,0,0,0,0
03-27-20,Van Buren,0,0,0,0,0,0,0,0,13,3,13,3,,,,,0,0,0,0,0
03-27-20,Warren,0,0,0,0,0,0,0,0,45,9,45,9,,,,,0,0,0,0,0
03-27-20,Washington,12,2,12,2,0,0,10,1,175,44,185,45,,,,,2,4,0,0,0
03-27-20,Wayne,0,0,0,0,0,0,0,0,13,2,13,2,,,,,0,1,0,0,0
03-27-20,Weakley,1,1,1,1,0,0,0,0,34,6,34,6,,,,,0,0,0,0,0
03-27-20,White,1,0,1,0,0,0,1,0,30,2,31,2,,,,,0,0,0,0,0
03-27-20,Williamson,97,16,97,16,0,0,93,17,796,91,889,108,,,,,10,53,0,12,0
03-27-20,Wilson,23,4,23,4,0,0,21,5,290,67,311,72,,,,,4,8,0,3,0
03-26-20,Anderson,3,1,3,1,0,0,5,1,46,15,51,16,,,,,0,1,1,1,0
03-26-20,Bedford,1,0,1,0,0,0,1,0,49,17,50,17,,,,,0,0,0,0,0
03-26-20,Benton,2,1,2,1,0,0,2,1,19,3,21,4,,,,,1,1,1,1,0
03-26-20,Bledsoe,0,0,0,0,0,0,0,0,5,0,5,0,,,,,0,1,0,0,0
03-26-20,Blount,5,1,5,1,0,0,4,1,87,30,91,31,,,,,0,2,1,1,1
03-26-20,Bradley,5,0,5,0,0,0,5,3,65,16,70,19,,,,,1,4,0,2,0
03-26-20,Campbell,4,2,4,2,0,0,4,2,21,2,25,4,,,,,0,1,0,0,0
03-26-20,Cannon,1,1,1,1,0,0,1,1,21,2,22,3,,,,,0,0,0,0,0
03-26-20,Carroll,4,1,4,1,0,0,2,0,55,9,57,9,,,,,0,0,0,0,0
03-26-20,Carter,0,0,0,0,0,0,0,0,29,11,29,11,,,,,0,0,0,0,0
03-26-20,Cheatham,8,0,8,0,0,0,8,0,89,13,97,13,,,,,1,3,0,3,0
03-26-20,Chester,2,0,2,0,0,0,3,1,29,11,32,12,,,,,0,1,0,1,0
03-26-20,Claiborne,2,1,2,1,0,0,1,0,12,2,13,2,,,,,0,1,0,0,0
03-26-20,Clay,0,0,0,0,0,0,0,0,14,0,14,0,,,,,0,0,0,0,0
03-26-20,Cocke,1,0,1,0,0,0,1,0,24,2,25,2,,,,,0,1,0,0,0
03-26-20,Coffee,1,0,1,0,0,0,1,0,59,13,60,13,,,,,0,0,0,0,0
03-26-20,Crockett,0,0,0,0,0,0,0,0,10,5,10,5,,,,,0,0,0,0,0
03-26-20,Cumberland,6,1,6,1,0,0,6,1,120,10,126,11,,,,,0,1,0,0,0
03-26-20,Davidson,272,26,272,26,0,0,262,28,3244,331,3506,359,,,,,21,98,2,22,3
03-26-20,Decatur,0,0,0,0,0,0,0,0,17,5,17,5,,,,,0,0,0,0,0
03-26-20,Dekalb,3,1,3,1,0,0,3,2,34,4,37,6,,,,,0,0,0,0,0
03-26-20,Dickson,8,1,8,1,0,0,7,2,85,12,92,14,,,,,1,2,1,2,0
03-26-20,Dyer,3,0,3,0,0,0,3,0,31,12,34,12,,,,,0,2,0,0,0
03-26-20,Fayette,3,0,3,0,0,0,3,0,67,23,70,23,,,,,0,2,0,0,0
03-26-20,Fentress,0,0,0,0,0,0,0,0,23,4,23,4,,,,,0,0,0,0,0
03-26-20,Franklin,2,0,2,0,0,0,2,0,36,11,38,11,,,,,0,1,0,1,0
03-26-20,Gibson,1,0,1,0,0,0,2,0,63,22,65,22,,,,,0,0,0,0,0
03-26-20,Giles,0,0,0,0,0,0,0,0,37,13,37,13,,,,,0,0,0,0,0
03-26-20,Grainger,0,0,0,0,0,0,0,0,22,8,22,8,,,,,0,0,0,0,0
03-26-20,Greene,8,1,8,1,0,0,5,1,33,12,38,13,,,,,0,1,0,1,0
03-26-20,Grundy,1,0,1,0,0,0,1,1,6,2,7,3,,,,,0,0,0,0,0
03-26-20,Hamblen,2,0,2,0,0,0,2,0,29,10,31,10,,,,,0,0,0,0,0
03-26-20,Hamilton,29,2,29,2,0,0,26,4,307,60,333,64,,,,,5,14,0,12,2
03-26-20,Hancock,0,0,0,0,0,0,0,0,2,0,2,0,,,,,0,0,0,0,0
03-26-20,Hardeman,0,0,0,0,0,0,0,0,27,8,27,8,,,,,0,0,0,0,0
03-26-20,Hardin,1,0,1,0,0,0,1,0,43,12,44,12,,,,,0,0,0,0,0
03-26-20,Hawkins,1,0,1,0,0,0,1,1,31,12,32,13,,,,,0,1,0,0,1
03-26-20,Haywood,0,0,0,0,0,0,0,0,17,4,17,4,,,,,0,1,0,0,0
03-26-20,Henderson,0,0,0,0,0,0,0,0,56,18,56,18,,,,,0,0,0,0,0
03-26-20,Henry,0,0,0,0,0,0,0,0,36,5,36,5,,,,,0,0,0,0,0
03-26-20,Hickman,0,0,0,0,0,0,0,0,38,9,38,9,,,,,0,0,0,0,0
03-26-20,Houston,2,0,2,0,0,0,1,0,39,5,40,5,,,,,0,0,0,1,0
03-26-20,Humphreys,0,0,0,0,0,0,0,0,21,3,21,3,,,,,0,0,0,0,0
03-26-20,Jackson,0,0,0,0,0,0,0,0,17,3,17,3,,,,,0,0,0,0,0
03-26-20,Jefferson,5,1,5,1,0,0,5,0,37,16,42,16,,,,,0,1,0,0,0
03-26-20,Johnson,0,0,0,0,0,0,0,0,2,1,2,1,,,,,0,0,0,0,0
03-26-20,Knox,33,7,33,7,0,0,30,9,322,81,352,90,,,,,3,11,2,6,0
03-26-20,Lake,0,0,0,0,0,0,0,0,4,1,4,1,,,,,0,0,0,0,0
03-26-20,Lauderdale,0,0,0,0,0,0,0,0,17,7,17,7,,,,,0,0,0,0,0
03-26-20,Lawrence,0,0,0,0,0,0,0,0,64,15,64,15,,,,,0,0,0,0,0
03-26-20,Lewis,2,1,2,1,0,0,2,1,9,0,11,1,,,,,0,0,0,0,0
03-26-20,Lincoln,1,0,1,0,0,0,0,0,26,4,26,4,,,,,0,1,0,0,0
03-26-20,Loudon,6,2,6,2,0,0,3,0,36,6,39,6,,,,,0,1,0,2,0
03-26-20,Macon,1,1,1,1,0,0,1,1,32,8,33,9,,,,,0,0,0,0,0
03-26-20,Madison,3,1,3,1,0,0,3,1,85,30,88,31,,,,,0,0,0,1,0
03-26-20,Marion,4,0,3,0,1,0,3,0,18,3,21,3,,,,,1,1,0,3,0
03-26-20,Marshall,0,0,0,0,0,0,0,0,69,7,69,7,,,,,0,0,0,0,0
03-26-20,Maury,7,0,7,0,0,0,6,0,239,27,245,27,,,,,1,2,0,0,0
03-26-20,McMinn,3,0,3,0,0,0,3,1,63,22,66,23,,,,,1,2,0,1,0
03-26-20,McNairy,0,0,0,0,0,0,0,0,30,9,30,9,,,,,1,2,0,0,0
03-26-20,Meigs,1,0,1,0,0,0,1,0,15,9,16,9,,,,,0,0,0,1,0
03-26-20,Monroe,2,0,2,0,0,0,2,0,39,15,41,15,,,,,0,0,0,0,0
03-26-20,Montgomery,6,0,6,0,0,0,5,0,235,57,240,57,,,,,2,4,0,2,0
03-26-20,Moore,0,0,0,0,0,0,0,0,2,0,2,0,,,,,0,0,0,0,0
03-26-20,Morgan,0,0,0,0,0,0,0,0,6,2,6,2,,,,,0,0,0,0,0
03-26-20,Obion,0,0,0,0,0,0,0,0,34,15,34,15,,,,,0,0,0,0,0
03-26-20,Out of State,46,2,46,2,0,0,47,3,1446,350,1493,353,,,,,3,9,1,2,0
03-26-20,Overton,1,0,1,0,0,0,1,0,38,0,39,0,,,,,0,0,0,0,0
03-26-20,Pending,0,0,0,0,0,0,0,0,3075,189,3075,189,,,,,0,0,0,0,0
03-26-20,Perry,2,1,2,1,0,0,2,1,14,2,16,3,,,,,0,0,0,0,0
03-26-20,Pickett,0,0,0,0,0,0,0,0,6,2,6,2,,,,,0,0,0,0,0
03-26-20,Polk,0,0,0,0,0,0,0,0,10,1,10,1,,,,,0,0,0,0,0
03-26-20,Putnam,14,2,14,2,0,0,12,3,144,12,156,15,,,,,0,0,0,0,0
03-26-20,Rhea,0,0,0,0,0,0,0,0,21,2,21,2,,,,,0,0,0,0,0
03-26-20,Roane,1,0,1,0,0,0,1,0,43,12,44,12,,,,,0,1,0,1,0
03-26-20,Robertson,19,1,19,1,0,0,19,4,173,48,192,52,,,,,3,6,0,5,1
03-26-20,Rutherford,32,7,32,7,0,0,30,8,509,118,539,126,,,,,1,10,1,5,0
03-26-20,Scott,2,1,2,1,0,0,2,1,13,7,15,8,,,,,1,1,0,0,0
03-26-20,Sequatchie,0,0,0,0,0,0,0,0,8,1,8,1,,,,,0,0,0,0,0
03-26-20,Sevier,6,4,6,4,0,0,4,3,79,13,83,16,,,,,0,1,1,2,0
03-26-20,Shelby,271,60,270,59,1,1,266,60,1007,478,1273,538,,,,,13,48,12,45,1
03-26-20,Smith,1,1,1,1,0,0,1,1,34,17,35,18,,,,,0,0,0,0,0
03-26-20,Stewart,0,0,0,0,0,0,0,0,30,8,30,8,,,,,0,0,0,0,0
03-26-20,Sullivan,4,1,4,1,0,0,3,1,75,33,78,34,,,,,2,3,0,0,0
03-26-20,Sumner,60,15,60,15,0,0,58,16,285,69,343,85,,,,,5,32,4,26,1
03-26-20,Tipton,10,2,10,2,0,0,10,2,78,26,88,28,,,,,1,9,1,4,0
03-26-20,Trousdale,0,0,0,0,0,0,0,0,12,0,12,0,,,,,0,1,0,0,0
03-26-20,Unicoi,1,1,1,1,0,0,0,0,9,4,9,4,,,,,0,0,0,0,0
03-26-20,Union,0,0,0,0,0,0,0,0,11,5,11,5,,,,,0,0,0,0,0
03-26-20,Van Buren,0,0,0,0,0,0,0,0,10,2,10,2,,,,,0,0,0,0,0
03-26-20,Warren,0,0,0,0,0,0,0,0,36,14,36,14,,,,,0,0,0,0,0
03-26-20,Washington,10,2,10,2,0,0,9,2,131,52,140,54,,,,,1,2,0,0,0
03-26-20,Wayne,0,0,0,0,0,0,0,0,11,1,11,1,,,,,0,1,0,0,0
03-26-20,Weakley,0,0,0,0,0,0,0,0,28,12,28,12,,,,,0,0,0,0,0
03-26-20,White,1,0,1,0,0,0,1,0,28,6,29,6,,,,,0,0,0,0,0
03-26-20,Williamson,81,9,81,9,0,0,76,8,705,95,781,103,,,,,13,43,1,12,0
03-26-20,Wilson,19,5,19,5,0,0,16,2,223,58,239,60,,,,,1,4,1,3,0
03-25-20,Anderson,2,1,2,1,0,0,4,2,31,9,35,11,,,,,1,1,0,0,0
03-25-20,Bedford,1,1,1,1,0,0,1,1,32,2,33,3,,,,,0,0,0,0,0
03-25-20,Benton,1,1,1,1,0,0,1,1,16,2,17,3,,,,,0,0,0,0,0
03-25-20,Bledsoe,0,0,0,0,0,0,0,0,5,1,5,1,,,,,0,1,0,0,0
03-25-20,Blount,4,2,4,2,0,0,3,1,57,8,60,9,,,,,1,2,0,0,1
03-25-20,Bradley,5,2,5,2,0,0,2,0,49,5,51,5,,,,,1,3,0,2,0
03-25-20,Campbell,2,0,2,0,0,0,2,0,19,1,21,1,,,,,1,1,0,0,0
03-25-20,Cannon,0,0,0,0,0,0,0,0,19,3,19,3,,,,,0,0,0,0,0
03-25-20,Carroll,3,0,3,0,0,0,2,0,46,2,48,2,,,,,0,0,0,0,0
03-25-20,Carter,0,0,0,0,0,0,0,0,18,4,18,4,,,,,0,0,0,0,0
03-25-20,Cheatham,8,0,8,0,0,0,8,2,76,10,84,12,,,,,1,2,0,3,0
03-25-20,Chester,2,1,2,1,0,0,2,1,18,0,20,1,,,,,0,1,0,1,0
03-25-20,Claiborne,1,0,1,0,0,0,1,0,10,1,11,1,,,,,1,1,0,0,0
03-25-20,Clay,0,0,0,0,0,0,0,0,14,2,14,2,,,,,0,0,0,0,0
03-25-20,Cocke,1,0,1,0,0,0,1,0,22,9,23,9,,,,,1,1,0,0,0
03-25-20,Coffee,1,1,1,1,0,0,1,1,46,5,47,6,,,,,0,0,0,0,0
03-25-20,Crockett,0,0,0,0,0,0,0,0,5,0,5,0,,,,,0,0,0,0,0
03-25-20,Cumberland,5,2,5,2,0,0,5,2,110,47,115,49,,,,,0,1,0,0,0
03-25-20,Davidson,246,25,246,25,0,0,234,24,2913,228,3147,252,,,,,29,77,3,20,1
03-25-20,Decatur,0,0,0,0,0,0,0,0,12,5,12,5,,,,,0,0,0,0,0
03-25-20,Dekalb,2,1,2,1,0,0,1,0,30,5,31,5,,,,,0,0,0,0,0
03-25-20,Dickson,7,2,7,2,0,0,5,1,73,11,78,12,,,,,0,1,1,1,0
03-25-20,Dyer,3,1,3,1,0,0,3,1,19,3,22,4,,,,,0,2,0,0,0
03-25-20,Fayette,3,0,3,0,0,0,3,0,44,6,47,6,,,,,2,2,0,0,0
03-25-20,Fentress,0,0,0,0,0,0,0,0,19,2,19,2,,,,,0,0,0,0,0
03-25-20,Franklin,2,0,2,0,0,0,2,0,25,3,27,3,,,,,0,1,0,1,0
03-25-20,Gibson,1,0,1,0,0,0,2,0,41,3,43,3,,,,,0,0,0,0,0
03-25-20,Giles,0,0,0,0,0,0,0,0,24,1,24,1,,,,,0,0,0,0,0
03-25-20,Grainger,0,0,0,0,0,0,0,0,14,7,14,7,,,,,0,0,0,0,0
03-25-20,Greene,7,0,7,0,0,0,4,1,21,4,25,5,,,,,1,1,0,1,0
03-25-20,Grundy,1,0,1,0,0,0,0,0,4,1,4,1,,,,,0,0,0,0,0
03-25-20,Hamblen,2,0,2,0,0,0,2,0,19,8,21,8,,,,,0,0,0,0,0
03-25-20,Hamilton,27,14,27,14,0,0,22,11,247,34,269,45,,,,,3,9,8,12,1
03-25-20,Hancock,0,0,0,0,0,0,0,0,2,0,2,0,,,,,0,0,0,0,0
03-25-20,Hardeman,0,0,0,0,0,0,0,0,19,5,19,5,,,,,0,0,0,0,0
03-25-20,Hardin,1,0,1,0,0,0,1,0,31,3,32,3,,,,,0,0,0,0,0
03-25-20,Hawkins,1,0,1,0,0,0,0,0,19,2,19,2,,,,,0,1,0,0,1
03-25-20,Haywood,0,0,0,0,0,0,0,0,13,1,13,1,,,,,0,1,0,0,0
03-25-20,Henderson,0,0,0,0,0,0,0,0,38,5,38,5,,,,,0,0,0,0,0
03-25-20,Henry,0,0,0,0,0,0,0,0,31,5,31,5,,,,,0,0,0,0,0
03-25-20,Hickman,0,0,0,0,0,0,0,0,29,2,29,2,,,,,0,0,0,0,0
03-25-20,Houston,2,1,2,1,0,0,1,0,34,3,35,3,,,,,0,0,1,1,0
03-25-20,Humphreys,0,0,0,0,0,0,0,0,18,6,18,6,,,,,0,0,0,0,0
03-25-20,Jackson,0,0,0,0,0,0,0,0,14,2,14,2,,,,,0,0,0,0,0
03-25-20,Jefferson,4,0,4,0,0,0,5,1,21,7,26,8,,,,,1,1,0,0,0
03-25-20,Johnson,0,0,0,0,0,0,0,0,1,0,1,0,,,,,0,0,0,0,0
03-25-20,Knox,26,6,26,6,0,0,21,7,241,68,262,75,,,,,3,8,1,4,0
03-25-20,Lake,0,0,0,0,0,0,0,0,3,1,3,1,,,,,0,0,0,0,0
03-25-20,Lauderdale,0,0,0,0,0,0,0,0,10,2,10,2,,,,,0,0,0,0,0
03-25-20,Lawrence,0,0,0,0,0,0,0,0,49,12,49,12,,,,,0,0,0,0,0
03-25-20,Lewis,1,1,1,1,0,0,1,1,9,2,10,3,,,,,0,0,0,0,0
03-25-20,Lincoln,1,0,1,0,0,0,0,0,22,0,22,0,,,,,0,1,0,0,0
03-25-20,Loudon,4,1,4,1,0,0,3,1,30,11,33,12,,,,,0,1,0,2,0
03-25-20,Macon,0,0,0,0,0,0,0,0,24,11,24,11,,,,,0,0,0,0,0
03-25-20,Madison,2,1,2,1,0,0,2,1,55,4,57,5,,,,,0,0,1,1,0
03-25-20,Marion,4,1,3,1,1,0,3,1,15,3,18,4,,,,,0,0,1,3,0
03-25-20,Marshall,0,0,0,0,0,0,0,0,62,6,62,6,,,,,0,0,0,0,0
03-25-20,Maury,7,0,7,0,0,0,6,0,212,9,218,9,,,,,0,1,0,0,0
03-25-20,McMinn,3,1,3,1,0,0,2,0,41,5,43,5,,,,,0,1,1,1,0
03-25-20,McNairy,0,0,0,0,0,0,0,0,21,1,21,1,,,,,0,1,0,0,0
03-25-20,Meigs,1,1,1,1,0,0,1,1,6,0,7,1,,,,,0,0,1,1,0
03-25-20,Monroe,2,0,2,0,0,0,2,0,24,8,26,8,,,,,0,0,0,0,0
03-25-20,Montgomery,6,0,6,0,0,0,5,0,178,58,183,58,,,,,0,2,0,2,0
03-25-20,Moore,0,0,0,0,0,0,0,0,2,0,2,0,,,,,0,0,0,0,0
03-25-20,Morgan,0,0,0,0,0,0,0,0,4,0,4,0,,,,,0,0,0,0,0
03-25-20,Obion,0,0,0,0,0,0,0,0,19,2,19,2,,,,,0,0,0,0,0
03-25-20,Out of State,44,1,44,1,0,0,44,1,1096,243,1140,244,,,,,3,6,1,1,0
03-25-20,Overton,1,0,1,0,0,0,1,0,38,19,39,19,,,,,0,0,0,0,0
03-25-20,Pending,0,0,0,0,0,0,0,0,2886,616,2886,616,,,,,0,0,0,0,0
03-25-20,Perry,1,0,1,0,0,0,1,0,12,4,13,4,,,,,0,0,0,0,0
03-25-20,Pickett,0,0,0,0,0,0,0,0,4,2,4,2,,,,,0,0,0,0,0
03-25-20,Polk,0,0,0,0,0,0,0,0,9,4,9,4,,,,,0,0,0,0,0
03-25-20,Putnam,12,2,12,2,0,0,9,1,132,37,141,38,,,,,0,0,0,0,0
03-25-20,Rhea,0,0,0,0,0,0,0,0,19,2,19,2,,,,,0,0,0,0,0
03-25-20,Roane,1,0,1,0,0,0,1,0,31,10,32,10,,,,,0,1,0,1,0
03-25-20,Robertson,18,5,18,5,0,0,15,3,125,38,140,41,,,,,1,3,1,5,1
03-25-20,Rutherford,25,5,25,5,0,0,22,5,391,89,413,94,,,,,4,9,0,4,0
03-25-20,Scott,1,0,1,0,0,0,1,0,6,1,7,1,,,,,0,0,0,0,0
03-25-20,Sequatchie,0,0,0,0,0,0,0,0,7,1,7,1,,,,,0,0,0,0,0
03-25-20,Sevier,2,0,2,0,0,0,1,0,66,19,67,19,,,,,1,1,0,1,0
03-25-20,Shelby,211,56,211,56,0,0,206,49,529,75,735,124,,,,,7,35,9,33,0
03-25-20,Smith,0,0,0,0,0,0,0,0,17,3,17,3,,,,,0,0,0,0,0
03-25-20,Stewart,0,0,0,0,0,0,0,0,22,4,22,4,,,,,0,0,0,0,0
03-25-20,Sullivan,3,1,3,1,0,0,2,1,42,2,44,3,,,,,0,1,0,0,0
03-25-20,Sumner,45,11,45,11,0,0,42,9,216,26,258,35,,,,,4,27,4,22,1
03-25-20,Tipton,8,2,8,2,0,0,8,2,52,10,60,12,,,,,2,8,2,3,0
03-25-20,Trousdale,0,0,0,0,0,0,0,0,12,3,12,3,,,,,0,1,0,0,0
03-25-20,Unicoi,0,0,0,0,0,0,0,0,5,0,5,0,,,,,0,0,0,0,0
03-25-20,Union,0,0,0,0,0,0,0,0,6,4,6,4,,,,,0,0,0,0,0
03-25-20,Van Buren,0,0,0,0,0,0,0,0,8,0,8,0,,,,,0,0,0,0,0
03-25-20,Warren,0,0,0,0,0,0,0,0,22,3,22,3,,,,,0,0,0,0,0
03-25-20,Washington,8,1,8,1,0,0,7,0,79,18,86,18,,,,,0,1,0,0,0
03-25-20,Wayne,0,0,0,0,0,0,0,0,10,2,10,2,,,,,0,1,0,0,0
03-25-20,Weakley,0,0,0,0,0,0,0,0,16,2,16,2,,,,,0,0,0,0,0
03-25-20,White,1,1,1,1,0,0,1,1,22,3,23,4,,,,,0,0,0,0,0
03-25-20,Williamson,72,3,72,3,0,0,68,2,610,37,678,39,,,,,9,30,0,11,0
03-25-20,Wilson,14,2,14,2,0,0,14,3,165,17,179,20,,,,,1,3,0,2,0
03-24-20,Anderson,1,0,1,0,0,0,2,0,22,7,24,7,,,,,0,0,0,0,0
03-24-20,Bedford,0,0,0,0,0,0,0,0,30,1,30,1,,,,,0,0,0,0,0
03-24-20,Benton,0,0,0,0,0,0,0,0,14,0,14,0,,,,,0,0,0,0,0
03-24-20,Bledsoe,0,0,0,0,0,0,0,0,4,0,4,0,,,,,0,1,0,0,0
03-24-20,Blount,2,0,2,0,0,0,2,1,49,6,51,7,,,,,1,1,0,0,1
03-24-20,Bradley,3,1,3,1,0,0,2,0,44,2,46,2,,,,,0,2,1,2,0
03-24-20,Campbell,2,0,2,0,0,0,2,0,18,1,20,1,,,,,0,0,0,0,0
03-24-20,Cannon,0,0,0,0,0,0,0,0,16,0,16,0,,,,,0,0,0,0,0
03-24-20,Carroll,3,0,3,0,0,0,2,0,44,0,46,0,,,,,0,0,0,0,0
03-24-20,Carter,0,0,0,0,0,0,0,0,14,0,14,0,,,,,0,0,0,0,0
03-24-20,Cheatham,8,2,8,2,0,0,6,0,66,3,72,3,,,,,0,1,2,3,0
03-24-20,Chester,1,0,1,0,0,0,1,0,18,1,19,1,,,,,1,1,0,1,0
03-24-20,Claiborne,1,0,1,0,0,0,1,0,9,3,10,3,,,,,0,0,0,0,0
03-24-20,Clay,0,0,0,0,0,0,0,0,12,1,12,1,,,,,0,0,0,0,0
03-24-20,Cocke,1,0,1,0,0,0,1,0,13,4,14,4,,,,,0,0,0,0,0
03-24-20,Coffee,0,0,0,0,0,0,0,0,41,3,41,3,,,,,0,0,0,0,0
03-24-20,Crockett,0,0,0,0,0,0,0,0,5,0,5,0,,,,,0,0,0,0,0
03-24-20,Cumberland,3,0,3,0,0,0,3,0,63,13,66,13,,,,,0,1,0,0,0
03-24-20,Davidson,221,8,221,8,0,0,210,7,2685,134,2895,141,,,,,20,48,1,17,1
03-24-20,Decatur,0,0,0,0,0,0,0,0,7,0,7,0,,,,,0,0,0,0,0
03-24-20,Dekalb,1,0,1,0,0,0,1,0,25,2,26,2,,,,,0,0,0,0,0
03-24-20,Dickson,5,0,5,0,0,0,4,0,62,5,66,5,,,,,0,1,0,0,0
03-24-20,Dyer,2,0,2,0,0,0,2,0,16,3,18,3,,,,,0,2,0,0,0
03-24-20,Fayette,3,1,3,1,0,0,3,1,38,3,41,4,,,,,0,0,0,0,0
03-24-20,Fentress,0,0,0,0,0,0,0,0,17,1,17,1,,,,,0,0,0,0,0
03-24-20,Franklin,2,0,2,0,0,0,2,0,22,1,24,1,,,,,0,1,0,1,0
03-24-20,Gibson,1,0,1,0,0,0,2,0,38,7,40,7,,,,,0,0,0,0,0
03-24-20,Giles,0,0,0,0,0,0,0,0,23,0,23,0,,,,,0,0,0,0,0
03-24-20,Grainger,0,0,0,0,0,0,0,0,7,0,7,0,,,,,0,0,0,0,0
03-24-20,Greene,7,3,7,3,0,0,3,0,17,1,20,1,,,,,0,0,0,1,0
03-24-20,Grundy,1,0,1,0,0,0,0,0,3,0,3,0,,,,,0,0,0,0,0
03-24-20,Hamblen,2,0,2,0,0,0,2,0,11,2,13,2,,,,,0,0,0,0,0
03-24-20,Hamilton,13,5,13,5,0,0,11,4,213,13,224,17,,,,,2,6,3,4,0
03-24-20,Hancock,0,0,0,0,0,0,0,0,2,0,2,0,,,,,0,0,0,0,0
03-24-20,Hardeman,0,0,0,0,0,0,0,0,14,3,14,3,,,,,0,0,0,0,0
03-24-20,Hardin,1,0,1,0,0,0,1,0,28,3,29,3,,,,,0,0,0,0,0
03-24-20,Hawkins,1,1,1,1,0,0,0,0,17,3,17,3,,,,,0,1,0,0,1
03-24-20,Haywood,0,0,0,0,0,0,0,0,12,0,12,0,,,,,0,1,0,0,0
03-24-20,Henderson,0,0,0,0,0,0,0,0,33,2,33,2,,,,,0,0,0,0,0
03-24-20,Henry,0,0,0,0,0,0,0,0,26,1,26,1,,,,,0,0,0,0,0
03-24-20,Hickman,0,0,0,0,0,0,0,0,27,1,27,1,,,,,0,0,0,0,0
03-24-20,Houston,1,0,1,0,0,0,1,0,31,9,32,9,,,,,0,0,0,0,0
03-24-20,Humphreys,0,0,0,0,0,0,0,0,12,1,12,1,,,,,0,0,0,0,0
03-24-20,Jackson,0,0,0,0,0,0,0,0,12,1,12,1,,,,,0,0,0,0,0
03-24-20,Jefferson,4,1,4,1,0,0,4,1,14,3,18,4,,,,,0,0,0,0,0
03-24-20,Johnson,0,0,0,0,0,0,0,0,1,0,1,0,,,,,0,0,0,0,0
03-24-20,Knox,20,7,20,7,0,0,14,6,173,44,187,50,,,,,2,5,0,3,0
03-24-20,Lake,0,0,0,0,0,0,0,0,2,0,2,0,,,,,0,0,0,0,0
03-24-20,Lauderdale,0,0,0,0,0,0,0,0,8,2,8,2,,,,,0,0,0,0,0
03-24-20,Lawrence,0,0,0,0,0,0,0,0,37,0,37,0,,,,,0,0,0,0,0
03-24-20,Lewis,0,0,0,0,0,0,0,0,7,0,7,0,,,,,0,0,0,0,0
03-24-20,Lincoln,1,0,1,0,0,0,0,0,22,2,22,2,,,,,0,1,0,0,0
03-24-20,Loudon,3,1,3,1,0,0,2,1,19,2,21,3,,,,,1,1,1,2,0
03-24-20,Macon,0,0,0,0,0,0,0,0,13,3,13,3,,,,,0,0,0,0,0
03-24-20,Madison,1,1,1,1,0,0,1,1,51,13,52,14,,,,,0,0,0,0,0
03-24-20,Marion,3,0,2,0,1,0,2,0,12,0,14,0,,,,,0,0,0,2,0
03-24-20,Marshall,0,0,0,0,0,0,0,0,56,2,56,2,,,,,0,0,0,0,0
03-24-20,Maury,7,1,7,1,0,0,6,2,203,13,209,15,,,,,0,1,0,0,0
03-24-20,McMinn,2,0,2,0,0,0,2,0,36,1,38,1,,,,,1,1,0,0,0
03-24-20,McNairy,0,0,0,0,0,0,0,0,20,1,20,1,,,,,0,1,0,0,0
03-24-20,Meigs,0,0,0,0,0,0,0,0,6,1,6,1,,,,,0,0,0,0,0
03-24-20,Monroe,2,0,2,0,0,0,2,0,16,0,18,0,,,,,0,0,0,0,0
03-24-20,Montgomery,6,2,6,2,0,0,5,1,120,5,125,6,,,,,1,2,1,2,0
03-24-20,Moore,0,0,0,0,0,0,0,0,2,1,2,1,,,,,0,0,0,0,0
03-24-20,Morgan,0,0,0,0,0,0,0,0,4,1,4,1,,,,,0,0,0,0,0
03-24-20,Obion,0,0,0,0,0,0,0,0,17,3,17,3,,,,,0,0,0,0,0
03-24-20,Out of State,43,1,43,1,0,0,43,1,853,154,896,155,,,,,0,3,0,0,0
03-24-20,Overton,1,0,1,0,0,0,1,0,19,3,20,3,,,,,0,0,0,0,0
03-24-20,Pending,0,0,0,0,0,0,0,0,2270,269,2270,269,,,,,0,0,0,0,0
03-24-20,Perry,1,0,1,0,0,0,1,0,8,0,9,0,,,,,0,0,0,0,0
03-24-20,Pickett,0,0,0,0,0,0,0,0,2,0,2,0,,,,,0,0,0,0,0
03-24-20,Polk,0,0,0,0,0,0,0,0,5,1,5,1,,,,,0,0,0,0,0
03-24-20,Putnam,10,1,10,1,0,0,8,0,95,3,103,3,,,,,0,0,0,0,0
03-24-20,Rhea,0,0,0,0,0,0,0,0,17,3,17,3,,,,,0,0,0,0,0
03-24-20,Roane,1,0,1,0,0,0,1,0,21,8,22,8,,,,,0,1,0,1,0
03-24-20,Robertson,13,2,13,2,0,0,12,1,87,12,99,13,,,,,2,2,0,4,1
03-24-20,Rutherford,20,3,20,3,0,0,17,3,302,24,319,27,,,,,2,5,1,4,0
03-24-20,Scott,1,0,1,0,0,0,1,0,5,0,6,0,,,,,0,0,0,0,0
03-24-20,Sequatchie,0,0,0,0,0,0,0,0,6,0,6,0,,,,,0,0,0,0,0
03-24-20,Sevier,2,0,2,0,0,0,1,0,47,17,48,17,,,,,0,0,0,1,0
03-24-20,Shelby,155,36,155,36,0,0,157,35,454,128,611,163,,,,,8,28,8,24,0
03-24-20,Smith,0,0,0,0,0,0,0,0,14,1,14,1,,,,,0,0,0,0,0
03-24-20,Stewart,0,0,0,0,0,0,0,0,18,3,18,3,,,,,0,0,0,0,0
03-24-20,Sullivan,2,0,2,0,0,0,1,0,40,6,41,6,,,,,0,1,0,0,0
03-24-20,Sumner,34,1,34,1,0,0,33,1,190,25,223,26,,,,,7,23,1,18,1
03-24-20,Tipton,6,0,6,0,0,0,6,0,42,4,48,4,,,,,2,6,0,1,0
03-24-20,Trousdale,0,0,0,0,0,0,0,0,9,1,9,1,,,,,0,1,0,0,0
03-24-20,Unicoi,0,0,0,0,0,0,0,0,5,1,5,1,,,,,0,0,0,0,0
03-24-20,Union,0,0,0,0,0,0,0,0,2,1,2,1,,,,,0,0,0,0,0
03-24-20,Van Buren,0,0,0,0,0,0,0,0,8,3,8,3,,,,,0,0,0,0,0
03-24-20,Warren,0,0,0,0,0,0,0,0,19,1,19,1,,,,,0,0,0,0,0
03-24-20,Washington,7,0,7,0,0,0,7,0,61,3,68,3,,,,,0,1,0,0,0
03-24-20,Wayne,0,0,0,0,0,0,0,0,8,2,8,2,,,,,0,1,0,0,0
03-24-20,Weakley,0,0,0,0,0,0,0,0,14,1,14,1,,,,,0,0,0,0,0
03-24-20,White,0,0,0,0,0,0,0,0,19,0,19,0,,,,,0,0,0,0,0
03-24-20,Williamson,69,4,69,4,0,0,66,3,573,26,639,29,,,,,5,21,1,11,0
03-24-20,Wilson,12,3,12,3,0,0,11,2,148,6,159,8,,,,,0,2,1,2,0
03-23-20,Anderson,1,0,1,0,0,0,2,0,15,5,17,5,,,,,0,0,0,0,0
03-23-20,Bedford,0,0,0,0,0,0,0,0,29,4,29,4,,,,,0,0,0,0,0
03-23-20,Benton,0,0,0,0,0,0,0,0,14,4,14,4,,,,,0,0,0,0,0
03-23-20,Bledsoe,0,0,0,0,0,0,0,0,4,1,4,1,,,,,1,1,0,0,0
03-23-20,Blount,2,1,2,1,0,0,1,0,43,3,44,3,,,,,0,0,0,0,1
03-23-20,Bradley,2,0,2,0,0,0,2,0,42,8,44,8,,,,,0,2,0,1,0
03-23-20,Campbell,2,0,2,0,0,0,2,0,17,4,19,4,,,,,0,0,0,0,0
03-23-20,Cannon,0,0,0,0,0,0,0,0,16,0,16,0,,,,,0,0,0,0,0
03-23-20,Carroll,3,0,3,0,0,0,2,0,44,7,46,7,,,,,0,0,0,0,0
03-23-20,Carter,0,0,0,0,0,0,0,0,14,1,14,1,,,,,0,0,0,0,0
03-23-20,Cheatham,6,1,6,1,0,0,6,1,63,12,69,13,,,,,0,1,0,1,0
03-23-20,Chester,1,0,1,0,0,0,1,0,17,2,18,2,,,,,0,0,0,1,0
03-23-20,Claiborne,1,1,1,1,0,0,1,1,6,1,7,2,,,,,0,0,0,0,0
03-23-20,Clay,0,0,0,0,0,0,0,0,11,3,11,3,,,,,0,0,0,0,0
03-23-20,Cocke,1,0,1,0,0,0,1,0,9,4,10,4,,,,,0,0,0,0,0
03-23-20,Coffee,0,0,0,0,0,0,0,0,38,9,38,9,,,,,0,0,0,0,0
03-23-20,Crockett,0,0,0,0,0,0,0,0,5,2,5,2,,,,,0,0,0,0,0
03-23-20,Cumberland,3,1,3,1,0,0,3,1,50,14,53,15,,,,,0,1,0,0,0
03-23-20,Davidson,213,25,213,25,0,0,203,22,2551,234,2754,256,,,,,10,28,2,16,1
03-23-20,Decatur,0,0,0,0,0,0,0,0,7,0,7,0,,,,,0,0,0,0,0
03-23-20,Dekalb,1,1,1,1,0,0,1,1,23,4,24,5,,,,,0,0,0,0,0
03-23-20,Dickson,5,0,5,0,0,0,4,0,57,19,61,19,,,,,0,1,0,0,0
03-23-20,Dyer,2,0,2,0,0,0,2,0,13,3,15,3,,,,,0,2,0,0,0
03-23-20,Fayette,2,0,2,0,0,0,2,0,35,5,37,5,,,,,0,0,0,0,0
03-23-20,Fentress,0,0,0,0,0,0,0,0,16,5,16,5,,,,,0,0,0,0,0
03-23-20,Franklin,2,2,2,2,0,0,2,2,21,3,23,5,,,,,0,1,1,1,0
03-23-20,Gibson,1,1,1,1,0,0,2,1,31,14,33,15,,,,,0,0,0,0,0
03-23-20,Giles,0,0,0,0,0,0,0,0,23,2,23,2,,,,,0,0,0,0,0
03-23-20,Grainger,0,0,0,0,0,0,0,0,7,1,7,1,,,,,0,0,0,0,0
03-23-20,Greene,4,1,4,1,0,0,3,1,16,7,19,8,,,,,0,0,0,1,0
03-23-20,Grundy,1,1,1,1,0,0,0,0,3,0,3,0,,,,,0,0,0,0,0
03-23-20,Hamblen,2,0,2,0,0,0,2,0,9,4,11,4,,,,,0,0,0,0,0
03-23-20,Hamilton,8,0,8,0,0,0,7,0,200,28,207,28,,,,,2,4,0,1,0
03-23-20,Hancock,0,0,0,0,0,0,0,0,2,1,2,1,,,,,0,0,0,0,0
03-23-20,Hardeman,0,0,0,0,0,0,0,0,11,2,11,2,,,,,0,0,0,0,0
03-23-20,Hardin,1,0,1,0,0,0,1,0,25,10,26,10,,,,,0,0,0,0,0
03-23-20,Hawkins,0,0,0,0,0,0,0,0,14,2,14,2,,,,,0,1,0,0,1
03-23-20,Haywood,0,0,0,0,0,0,0,0,12,1,12,1,,,,,1,1,0,0,0
03-23-20,Henderson,0,0,0,0,0,0,0,0,31,7,31,7,,,,,0,0,0,0,0
03-23-20,Henry,0,0,0,0,0,0,0,0,25,3,25,3,,,,,0,0,0,0,0
03-23-20,Hickman,0,0,0,0,0,0,0,0,26,7,26,7,,,,,0,0,0,0,0
03-23-20,Houston,1,0,1,0,0,0,1,0,22,5,23,5,,,,,0,0,0,0,0
03-23-20,Humphreys,0,0,0,0,0,0,0,0,11,2,11,2,,,,,0,0,0,0,0
03-23-20,Jackson,0,0,0,0,0,0,0,0,11,5,11,5,,,,,0,0,0,0,0
03-23-20,Jefferson,3,0,3,0,0,0,3,0,11,2,14,2,,,,,0,0,0,0,0
03-23-20,Johnson,0,0,0,0,0,0,0,0,1,0,1,0,,,,,0,0,0,0,0
03-23-20,Knox,13,4,13,4,0,0,8,3,129,22,137,25,,,,,3,3,2,3,0
03-23-20,Lake,0,0,0,0,0,0,0,0,2,1,2,1,,,,,0,0,0,0,0
03-23-20,Lauderdale,0,0,0,0,0,0,0,0,6,4,6,4,,,,,0,0,0,0,0
03-23-20,Lawrence,0,0,0,0,0,0,0,0,37,9,37,9,,,,,0,0,0,0,0
03-23-20,Lewis,0,0,0,0,0,0,0,0,7,0,7,0,,,,,0,0,0,0,0
03-23-20,Lincoln,1,0,1,0,0,0,0,0,20,4,20,4,,,,,0,1,0,0,0
03-23-20,Loudon,2,1,2,1,0,0,1,0,17,0,18,0,,,,,0,0,1,1,0
03-23-20,Macon,0,0,0,0,0,0,0,0,10,3,10,3,,,,,0,0,0,0,0
03-23-20,Madison,0,0,0,0,0,0,0,0,38,6,38,6,,,,,0,0,0,0,0
03-23-20,Marion,3,0,2,0,1,0,2,0,12,1,14,1,,,,,0,0,0,2,0
03-23-20,Marshall,0,0,0,0,0,0,0,0,54,7,54,7,,,,,0,0,0,0,0
03-23-20,Maury,6,2,6,2,0,0,4,2,190,24,194,26,,,,,0,1,0,0,0
03-23-20,McMinn,2,1,2,1,0,0,2,1,35,7,37,8,,,,,0,0,0,0,0
03-23-20,McNairy,0,0,0,0,0,0,0,0,19,1,19,1,,,,,0,1,0,0,0
03-23-20,Meigs,0,0,0,0,0,0,0,0,5,0,5,0,,,,,0,0,0,0,0
03-23-20,Monroe,2,0,2,0,0,0,2,0,16,2,18,2,,,,,0,0,0,0,0
03-23-20,Montgomery,4,1,4,1,0,0,4,1,115,26,119,27,,,,,0,1,0,1,0
03-23-20,Moore,0,0,0,0,0,0,0,0,1,0,1,0,,,,,0,0,0,0,0
03-23-20,Morgan,0,0,0,0,0,0,0,0,3,1,3,1,,,,,0,0,0,0,0
03-23-20,Obion,0,0,0,0,0,0,0,0,14,7,14,7,,,,,0,0,0,0,0
03-23-20,Out of State,42,2,42,2,0,0,42,2,699,168,741,170,,,,,1,3,0,0,0
03-23-20,Overton,1,1,1,1,0,0,1,1,16,5,17,6,,,,,0,0,0,0,0
03-23-20,Pending,0,0,0,0,0,0,0,0,2001,286,2001,286,,,,,0,0,0,0,0
03-23-20,Perry,1,0,1,0,0,0,1,0,8,3,9,3,,,,,0,0,0,0,0
03-23-20,Pickett,0,0,0,0,0,0,0,0,2,0,2,0,,,,,0,0,0,0,0
03-23-20,Polk,0,0,0,0,0,0,0,0,4,1,4,1,,,,,0,0,0,0,0
03-23-20,Putnam,9,2,9,2,0,0,8,2,92,42,100,44,,,,,0,0,0,0,0
03-23-20,Rhea,0,0,0,0,0,0,0,0,14,0,14,0,,,,,0,0,0,0,0
03-23-20,Roane,1,0,1,0,0,0,1,0,13,5,14,5,,,,,0,1,0,1,0
03-23-20,Robertson,11,4,11,4,0,0,11,4,75,18,86,22,,,,,0,0,0,4,1
03-23-20,Rutherford,17,9,17,9,0,0,14,8,278,65,292,73,,,,,2,3,1,3,0
03-23-20,Scott,1,0,1,0,0,0,1,0,5,1,6,1,,,,,0,0,0,0,0
03-23-20,Sequatchie,0,0,0,0,0,0,0,0,6,1,6,1,,,,,0,0,0,0,0
03-23-20,Sevier,2,1,2,1,0,0,1,0,30,7,31,7,,,,,0,0,1,1,0
03-23-20,Shelby,119,30,119,30,0,0,122,33,326,90,448,123,,,,,6,20,0,16,0
03-23-20,Smith,0,0,0,0,0,0,0,0,13,2,13,2,,,,,0,0,0,0,0
03-23-20,Stewart,0,0,0,0,0,0,0,0,15,5,15,5,,,,,0,0,0,0,0
03-23-20,Sullivan,2,0,2,0,0,0,1,0,34,0,35,0,,,,,1,1,0,0,0
03-23-20,Sumner,33,8,33,8,0,0,32,8,165,28,197,36,,,,,4,16,2,17,0
03-23-20,Tipton,6,0,6,0,0,0,6,2,38,12,44,14,,,,,1,4,0,1,0
03-23-20,Trousdale,0,0,0,0,0,0,0,0,8,2,8,2,,,,,0,1,0,0,0
03-23-20,Unicoi,0,0,0,0,0,0,0,0,4,1,4,1,,,,,0,0,0,0,0
03-23-20,Union,0,0,0,0,0,0,0,0,1,0,1,0,,,,,0,0,0,0,0
03-23-20,Van Buren,0,0,0,0,0,0,0,0,5,2,5,2,,,,,0,0,0,0,0
03-23-20,Warren,0,0,0,0,0,0,0,0,18,2,18,2,,,,,0,0,0,0,0
03-23-20,Washington,7,5,7,5,0,0,7,5,58,5,65,10,,,,,0,1,0,0,0
03-23-20,Wayne,0,0,0,0,0,0,0,0,6,1,6,1,,,,,1,1,0,0,0
03-23-20,Weakley,0,0,0,0,0,0,0,0,13,5,13,5,,,,,0,0,0,0,0
03-23-20,White,0,0,0,0,0,0,0,0,19,2,19,2,,,,,0,0,0,0,0
03-23-20,Williamson,65,13,65,13,0,0,63,13,547,97,610,110,,,,,4,16,2,10,0
03-23-20,Wilson,9,3,9,3,0,0,9,5,142,19,151,24,,,,,1,2,1,1,0
03-22-20,Anderson,1,0,1,0,0,0,2,0,10,3,12,3,,,,,0,0,0,0,0
03-22-20,Bedford,0,0,0,0,0,0,0,0,25,2,25,2,,,,,0,0,0,0,0
03-22-20,Benton,0,0,0,0,0,0,0,0,10,3,10,3,,,,,0,0,0,0,0
03-22-20,Bledsoe,0,0,0,0,0,0,0,0,3,0,3,0,,,,,0,0,0,0,0
03-22-20,Blount,1,0,1,0,0,0,1,0,40,0,41,0,,,,,0,0,0,0,1
03-22-20,Bradley,2,1,2,1,0,0,2,0,34,6,36,6,,,,,1,2,0,1,0
03-22-20,Campbell,2,0,2,0,0,0,2,0,13,3,15,3,,,,,0,0,0,0,0
03-22-20,Cannon,0,0,0,0,0,0,0,0,16,9,16,9,,,,,0,0,0,0,0
03-22-20,Carroll,3,1,3,1,0,0,2,0,37,3,39,3,,,,,0,0,0,0,0
03-22-20,Carter,0,0,0,0,0,0,0,0,13,2,13,2,,,,,0,0,0,0,0
03-22-20,Cheatham,5,1,5,1,0,0,5,1,51,21,56,22,,,,,1,1,0,1,0
03-22-20,Chester,1,0,1,0,0,0,1,0,15,3,16,3,,,,,0,0,0,1,0
03-22-20,Claiborne,0,0,0,0,0,0,0,0,5,2,5,2,,,,,0,0,0,0,0
03-22-20,Clay,0,0,0,0,0,0,0,0,8,4,8,4,,,,,0,0,0,0,0
03-22-20,Cocke,1,0,1,0,0,0,1,0,5,2,6,2,,,,,0,0,0,0,0
03-22-20,Coffee,0,0,0,0,0,0,0,0,29,9,29,9,,,,,0,0,0,0,0
03-22-20,Crockett,0,0,0,0,0,0,0,0,3,0,3,0,,,,,0,0,0,0,0
03-22-20,Cumberland,2,0,2,0,0,0,2,0,36,11,38,11,,,,,0,1,0,0,0
03-22-20,Davidson,188,40,188,40,0,0,181,35,2317,297,2498,332,,,,,8,18,4,14,1
03-22-20,Decatur,0,0,0,0,0,0,0,0,7,1,7,1,,,,,0,0,0,0,0
03-22-20,Dekalb,0,0,0,0,0,0,0,0,19,0,19,0,,,,,0,0,0,0,0
03-22-20,Dickson,5,1,5,1,0,0,4,1,38,12,42,13,,,,,1,1,0,0,0
03-22-20,Dyer,2,0,2,0,0,0,2,0,10,2,12,2,,,,,1,2,0,0,0
03-22-20,Fayette,2,0,2,0,0,0,2,1,30,12,32,13,,,,,0,0,0,0,0
03-22-20,Fentress,0,0,0,0,0,0,0,0,11,5,11,5,,,,,0,0,0,0,0
03-22-20,Franklin,0,0,0,0,0,0,0,0,18,5,18,5,,,,,1,1,0,0,0
03-22-20,Gibson,0,0,0,0,0,0,1,0,17,3,18,3,,,,,0,0,0,0,0
03-22-20,Giles,0,0,0,0,0,0,0,0,21,4,21,4,,,,,0,0,0,0,0
03-22-20,Grainger,0,0,0,0,0,0,0,0,6,0,6,0,,,,,0,0,0,0,0
03-22-20,Greene,3,2,3,2,0,0,2,1,9,2,11,3,,,,,0,0,1,1,0
03-22-20,Grundy,0,0,0,0,0,0,0,0,3,0,3,0,,,,,0,0,0,0,0
03-22-20,Hamblen,2,0,2,0,0,0,2,0,5,0,7,0,,,,,0,0,0,0,0
03-22-20,Hamilton,8,0,8,0,0,0,7,0,172,13,179,13,,,,,0,2,0,1,0
03-22-20,Hancock,0,0,0,0,0,0,0,0,1,0,1,0,,,,,0,0,0,0,0
03-22-20,Hardeman,0,0,0,0,0,0,0,0,9,1,9,1,,,,,0,0,0,0,0
03-22-20,Hardin,1,0,1,0,0,0,1,0,15,8,16,8,,,,,0,0,0,0,0
03-22-20,Hawkins,0,0,0,0,0,0,0,0,12,1,12,1,,,,,1,1,0,0,1
03-22-20,Haywood,0,0,0,0,0,0,0,0,11,2,11,2,,,,,0,0,0,0,0
03-22-20,Henderson,0,0,0,0,0,0,0,0,24,5,24,5,,,,,0,0,0,0,0
03-22-20,Henry,0,0,0,0,0,0,0,0,22,5,22,5,,,,,0,0,0,0,0
03-22-20,Hickman,0,0,0,0,0,0,0,0,19,7,19,7,,,,,0,0,0,0,0
03-22-20,Houston,1,1,1,1,0,0,1,1,17,13,18,14,,,,,0,0,0,0,0
03-22-20,Humphreys,0,0,0,0,0,0,0,0,9,4,9,4,,,,,0,0,0,0,0
03-22-20,Jackson,0,0,0,0,0,0,0,0,6,4,6,4,,,,,0,0,0,0,0
03-22-20,Jefferson,3,0,3,0,0,0,3,0,9,3,12,3,,,,,0,0,0,0,0
03-22-20,Johnson,0,0,0,0,0,0,0,0,1,0,1,0,,,,,0,0,0,0,0
03-22-20,Knox,9,2,9,2,0,0,5,0,107,9,112,9,,,,,0,0,1,1,0
03-22-20,Lake,0,0,0,0,0,0,0,0,1,0,1,0,,,,,0,0,0,0,0
03-22-20,Lauderdale,0,0,0,0,0,0,0,0,2,0,2,0,,,,,0,0,0,0,0
03-22-20,Lawrence,0,0,0,0,0,0,0,0,28,5,28,5,,,,,0,0,0,0,0
03-22-20,Lewis,0,0,0,0,0,0,0,0,7,1,7,1,,,,,0,0,0,0,0
03-22-20,Lincoln,1,1,1,1,0,0,0,0,16,2,16,2,,,,,0,1,0,0,0
03-22-20,Loudon,1,1,1,1,0,0,1,1,17,7,18,8,,,,,0,0,0,0,0
03-22-20,Macon,0,0,0,0,0,0,0,0,7,1,7,1,,,,,0,0,0,0,0
03-22-20,Madison,0,0,0,0,0,0,0,0,32,8,32,8,,,,,0,0,0,0,0
03-22-20,Marion,3,2,2,1,1,1,2,1,11,2,13,3,,,,,0,0,2,2,0
03-22-20,Marshall,0,0,0,0,0,0,0,0,47,8,47,8,,,,,0,0,0,0,0
03-22-20,Maury,4,0,4,0,0,0,2,0,166,25,168,25,,,,,0,1,0,0,0
03-22-20,McMinn,1,1,1,1,0,0,1,0,28,4,29,4,,,,,0,0,0,0,0
03-22-20,McNairy,0,0,0,0,0,0,0,0,18,3,18,3,,,,,0,1,0,0,0
03-22-20,Meigs,0,0,0,0,0,0,0,0,5,2,5,2,,,,,0,0,0,0,0
03-22-20,Monroe,2,0,2,0,0,0,2,0,14,2,16,2,,,,,0,0,0,0,0
03-22-20,Montgomery,3,0,3,0,0,0,3,0,89,27,92,27,,,,,0,1,0,1,0
03-22-20,Moore,0,0,0,0,0,0,0,0,1,0,1,0,,,,,0,0,0,0,0
03-22-20,Morgan,0,0,0,0,0,0,0,0,2,0,2,0,,,,,0,0,0,0,0
03-22-20,Obion,0,0,0,0,0,0,0,0,7,1,7,1,,,,,0,0,0,0,0
03-22-20,Out of State,40,4,40,4,0,0,40,4,531,128,571,132,,,,,1,2,0,0,0
03-22-20,Overton,0,0,0,0,0,0,0,0,11,5,11,5,,,,,0,0,0,0,0
03-22-20,Pending,0,0,0,0,0,0,0,0,1715,323,1715,323,,,,,0,0,0,0,0
03-22-20,Perry,1,1,1,1,0,0,1,1,5,1,6,2,,,,,0,0,0,0,0
03-22-20,Pickett,0,0,0,0,0,0,0,0,2,2,2,2,,,,,0,0,0,0,0
03-22-20,Polk,0,0,0,0,0,0,0,0,3,1,3,1,,,,,0,0,0,0,0
03-22-20,Putnam,7,0,7,0,0,0,6,0,50,11,56,11,,,,,0,0,0,0,0
03-22-20,Rhea,0,0,0,0,0,0,0,0,14,0,14,0,,,,,0,0,0,0,0
03-22-20,Roane,1,0,1,0,0,0,1,0,8,2,9,2,,,,,0,1,0,1,0
03-22-20,Robertson,7,4,7,4,0,0,7,3,57,15,64,18,,,,,0,0,2,4,1
03-22-20,Rutherford,8,3,8,3,0,0,6,1,213,34,219,35,,,,,0,1,0,2,0
03-22-20,Scott,1,0,1,0,0,0,1,0,4,0,5,0,,,,,0,0,0,0,0
03-22-20,Sequatchie,0,0,0,0,0,0,0,0,5,0,5,0,,,,,0,0,0,0,0
03-22-20,Sevier,1,0,1,0,0,0,1,0,23,4,24,4,,,,,0,0,0,0,0
03-22-20,Shelby,89,43,89,43,0,0,89,14,236,54,325,68,,,,,3,14,11,16,0
03-22-20,Smith,0,0,0,0,0,0,0,0,11,5,11,5,,,,,0,0,0,0,0
03-22-20,Stewart,0,0,0,0,0,0,0,0,10,4,10,4,,,,,0,0,0,0,0
03-22-20,Sullivan,2,1,2,1,0,0,1,0,34,9,35,9,,,,,0,0,0,0,0
03-22-20,Sumner,25,11,25,11,0,0,24,12,137,47,161,59,,,,,2,12,3,15,0
03-22-20,Tipton,6,2,6,2,0,0,4,1,26,11,30,12,,,,,1,3,1,1,0
03-22-20,Trousdale,0,0,0,0,0,0,0,0,6,1,6,1,,,,,0,1,0,0,0
03-22-20,Unicoi,0,0,0,0,0,0,0,0,3,0,3,0,,,,,0,0,0,0,0
03-22-20,Union,0,0,0,0,0,0,0,0,1,0,1,0,,,,,0,0,0,0,0
03-22-20,Van Buren,0,0,0,0,0,0,0,0,3,1,3,1,,,,,0,0,0,0,0
03-22-20,Warren,0,0,0,0,0,0,0,0,16,1,16,1,,,,,0,0,0,0,0
03-22-20,Washington,2,0,2,0,0,0,2,0,53,11,55,11,,,,,0,1,0,0,0
03-22-20,Wayne,0,0,0,0,0,0,0,0,5,0,5,0,,,,,0,0,0,0,0
03-22-20,Weakley,0,0,0,0,0,0,0,0,8,3,8,3,,,,,0,0,0,0,0
03-22-20,White,0,0,0,0,0,0,0,0,17,6,17,6,,,,,0,0,0,0,0
03-22-20,Williamson,52,8,52,8,0,0,50,7,450,91,500,98,,,,,2,12,2,8,0
03-22-20,Wilson,6,2,6,2,0,0,4,2,123,31,127,33,,,,,1,1,0,0,0
03-21-20,Anderson,1,0,1,0,0,0,2,0,7,0,9,0,,,,,0,0,0,0,0
03-21-20,Bedford,0,0,0,0,0,0,0,0,23,6,23,6,,,,,0,0,0,0,0
03-21-20,Benton,0,0,0,0,0,0,0,0,7,3,7,3,,,,,0,0,0,0,0
03-21-20,Bledsoe,0,0,0,0,0,0,0,0,3,2,3,2,,,,,0,0,0,0,0
03-21-20,Blount,1,0,1,0,0,0,1,0,40,8,41,8,,,,,0,0,0,0,0
03-21-20,Bradley,1,0,1,0,0,0,2,1,28,10,30,11,,,,,1,1,0,1,0
03-21-20,Campbell,2,1,2,1,0,0,2,1,10,3,12,4,,,,,0,0,0,0,0
03-21-20,Cannon,0,0,0,0,0,0,0,0,7,5,7,5,,,,,0,0,0,0,0
03-21-20,Carroll,2,1,2,1,0,0,2,2,34,17,36,19,,,,,0,0,0,0,0
03-21-20,Carter,0,0,0,0,0,0,0,0,11,2,11,2,,,,,0,0,0,0,0
03-21-20,Cheatham,4,2,4,2,0,0,4,1,30,7,34,8,,,,,0,0,1,1,0
03-21-20,Chester,1,1,1,1,0,0,1,1,12,3,13,4,,,,,0,0,1,1,0
03-21-20,Claiborne,0,0,0,0,0,0,0,0,3,1,3,1,,,,,0,0,0,0,0
03-21-20,Clay,0,0,0,0,0,0,0,0,4,0,4,0,,,,,0,0,0,0,0
03-21-20,Cocke,1,1,1,1,0,0,1,1,3,0,4,1,,,,,0,0,0,0,0
03-21-20,Coffee,0,0,0,0,0,0,0,0,20,3,20,3,,,,,0,0,0,0,0
03-21-20,Crockett,0,0,0,0,0,0,0,0,3,0,3,0,,,,,0,0,0,0,0
03-21-20,Cumberland,2,1,2,1,0,0,2,1,25,8,27,9,,,,,0,1,0,0,0
03-21-20,Davidson,148,55,148,55,0,0,146,31,2020,428,2166,459,,,,,4,10,4,10,1
03-21-20,Decatur,0,0,0,0,0,0,0,0,6,1,6,1,,,,,0,0,0,0,0
03-21-20,Dekalb,0,0,0,0,0,0,0,0,19,4,19,4,,,,,0,0,0,0,0
03-21-20,Dickson,4,2,4,2,0,0,3,1,26,4,29,5,,,,,0,0,0,0,0
03-21-20,Dyer,2,0,2,0,0,0,2,0,8,5,10,5,,,,,0,1,0,0,0
03-21-20,Fayette,2,1,2,1,0,0,1,1,18,16,19,17,,,,,0,0,0,0,0
03-21-20,Fentress,0,0,0,0,0,0,0,0,6,2,6,2,,,,,0,0,0,0,0
03-21-20,Franklin,0,0,0,0,0,0,0,0,13,1,13,1,,,,,0,0,0,0,0
03-21-20,Gibson,0,0,0,0,0,0,1,1,14,7,15,8,,,,,0,0,0,0,0
03-21-20,Giles,0,0,0,0,0,0,0,0,17,1,17,1,,,,,0,0,0,0,0
03-21-20,Grainger,0,0,0,0,0,0,0,0,6,4,6,4,,,,,0,0,0,0,0
03-21-20,Greene,1,0,1,0,0,0,1,0,7,1,8,1,,,,,0,0,0,0,0
03-21-20,Grundy,0,0,0,0,0,0,0,0,3,0,3,0,,,,,0,0,0,0,0
03-21-20,Hamblen,2,0,2,0,0,0,2,0,5,2,7,2,,,,,0,0,0,0,0
03-21-20,Hamilton,8,3,8,3,0,0,7,0,159,89,166,89,,,,,1,2,1,1,0
03-21-20,Hancock,0,0,0,0,0,0,0,0,1,0,1,0,,,,,0,0,0,0,0
03-21-20,Hardeman,0,0,0,0,0,0,0,0,8,4,8,4,,,,,0,0,0,0,0
03-21-20,Hardin,1,1,1,1,0,0,1,0,7,3,8,3,,,,,0,0,0,0,0
03-21-20,Hawkins,0,0,0,0,0,0,0,0,11,4,11,4,,,,,0,0,0,0,1
03-21-20,Haywood,0,0,0,0,0,0,0,0,9,5,9,5,,,,,0,0,0,0,0
03-21-20,Henderson,0,0,0,0,0,0,0,0,19,6,19,6,,,,,0,0,0,0,0
03-21-20,Henry,0,0,0,0,0,0,0,0,17,7,17,7,,,,,0,0,0,0,0
03-21-20,Hickman,0,0,0,0,0,0,0,0,12,3,12,3,,,,,0,0,0,0,0
03-21-20,Houston,0,0,0,0,0,0,0,0,4,1,4,1,,,,,0,0,0,0,0
03-21-20,Humphreys,0,0,0,0,0,0,0,0,5,2,5,2,,,,,0,0,0,0,0
03-21-20,Jackson,0,0,0,0,0,0,0,0,2,1,2,1,,,,,0,0,0,0,0
03-21-20,Jefferson,3,1,3,1,0,0,3,1,6,2,9,3,,,,,0,0,0,0,0
03-21-20,Johnson,0,0,0,0,0,0,0,0,1,1,1,1,,,,,0,0,0,0,0
03-21-20,Knox,7,1,7,1,0,0,5,3,98,17,103,20,,,,,0,0,0,0,0
03-21-20,Lake,0,0,0,0,0,0,0,0,1,1,1,1,,,,,0,0,0,0,0
03-21-20,Lauderdale,0,0,0,0,0,0,0,0,2,1,2,1,,,,,0,0,0,0,0
03-21-20,Lawrence,0,0,0,0,0,0,0,0,23,9,23,9,,,,,0,0,0,0,0
03-21-20,Lewis,0,0,0,0,0,0,0,0,6,0,6,0,,,,,0,0,0,0,0
03-21-20,Lincoln,0,0,0,0,0,0,0,0,14,8,14,8,,,,,0,1,0,0,0
03-21-20,Loudon,0,0,0,0,0,0,0,0,10,3,10,3,,,,,0,0,0,0,0
03-21-20,Macon,0,0,0,0,0,0,0,0,6,0,6,0,,,,,0,0,0,0,0
03-21-20,Madison,0,0,0,0,0,0,0,0,24,7,24,7,,,,,0,0,0,0,0
03-21-20,Marion,1,1,1,1,0,0,1,1,9,1,10,2,,,,,0,0,0,0,0
03-21-20,Marshall,0,0,0,0,0,0,0,0,39,14,39,14,,,,,0,0,0,0,0
03-21-20,Maury,4,1,4,1,0,0,2,1,141,27,143,28,,,,,1,1,0,0,0
03-21-20,McMinn,0,0,0,0,0,0,1,1,24,18,25,19,,,,,0,0,0,0,0
03-21-20,McNairy,0,0,0,0,0,0,0,0,15,7,15,7,,,,,1,1,0,0,0
03-21-20,Meigs,0,0,0,0,0,0,0,0,3,1,3,1,,,,,0,0,0,0,0
03-21-20,Monroe,2,0,2,0,0,0,2,1,12,10,14,11,,,,,0,0,0,0,0
03-21-20,Montgomery,3,1,3,1,0,0,3,0,62,20,65,20,,,,,0,1,1,1,0
03-21-20,Moore,0,0,0,0,0,0,0,0,1,0,1,0,,,,,0,0,0,0,0
03-21-20,Morgan,0,0,0,0,0,0,0,0,2,0,2,0,,,,,0,0,0,0,0
03-21-20,Obion,0,0,0,0,0,0,0,0,6,4,6,4,,,,,0,0,0,0,0
03-21-20,Out of State,36,10,36,10,0,0,36,4,403,164,439,168,,,,,1,1,0,0,0
03-21-20,Overton,0,0,0,0,0,0,0,0,6,0,6,0,,,,,0,0,0,0,0
03-21-20,Pending,0,0,0,0,0,0,0,0,1392,474,1392,474,,,,,0,0,0,0,0
03-21-20,Perry,0,0,0,0,0,0,0,0,4,0,4,0,,,,,0,0,0,0,0
03-21-20,Pickett,0,0,0,0,0,0,0,0,0,0,0,0,,,,,0,0,0,0,0
03-21-20,Polk,0,0,0,0,0,0,0,0,2,0,2,0,,,,,0,0,0,0,0
03-21-20,Putnam,7,7,7,7,0,0,6,6,39,16,45,22,,,,,0,0,0,0,0
03-21-20,Rhea,0,0,0,0,0,0,0,0,14,5,14,5,,,,,0,0,0,0,0
03-21-20,Roane,1,0,1,0,0,0,1,0,6,4,7,4,,,,,1,1,0,1,0
03-21-20,Robertson,3,1,3,1,0,0,4,2,42,15,46,17,,,,,0,0,0,2,1
03-21-20,Rutherford,5,3,5,3,0,0,5,3,179,77,184,80,,,,,1,1,1,2,0
03-21-20,Scott,1,0,1,0,0,0,1,1,4,0,5,1,,,,,0,0,0,0,0
03-21-20,Sequatchie,0,0,0,0,0,0,0,0,5,3,5,3,,,,,0,0,0,0,0
03-21-20,Sevier,1,0,1,0,0,0,1,0,19,7,20,7,,,,,0,0,0,0,0
03-21-20,Shelby,46,43,46,43,0,0,75,72,182,82,257,154,,,,,5,11,3,5,0
03-21-20,Smith,0,0,0,0,0,0,0,0,6,1,6,1,,,,,0,0,0,0,0
03-21-20,Stewart,0,0,0,0,0,0,0,0,6,4,6,4,,,,,0,0,0,0,0
03-21-20,Sullivan,1,0,1,0,0,0,1,0,25,7,26,7,,,,,0,0,0,0,0
03-21-20,Sumner,14,3,14,3,0,0,12,3,90,39,102,42,,,,,7,10,1,12,0
03-21-20,Tipton,4,2,4,2,0,0,3,1,15,11,18,12,,,,,1,2,0,0,0
03-21-20,Trousdale,0,0,0,0,0,0,0,0,5,4,5,4,,,,,0,1,0,0,0
03-21-20,Unicoi,0,0,0,0,0,0,0,0,3,2,3,2,,,,,0,0,0,0,0
03-21-20,Union,0,0,0,0,0,0,0,0,1,0,1,0,,,,,0,0,0,0,0
03-21-20,Van Buren,0,0,0,0,0,0,0,0,2,0,2,0,,,,,0,0,0,0,0
03-21-20,Warren,0,0,0,0,0,0,0,0,15,3,15,3,,,,,0,0,0,0,0
03-21-20,Washington,2,0,2,0,0,0,2,0,42,11,44,11,,,,,0,1,0,0,0
03-21-20,Wayne,0,0,0,0,0,0,0,0,5,0,5,0,,,,,0,0,0,0,0
03-21-20,Weakley,0,0,0,0,0,0,0,0,5,2,5,2,,,,,0,0,0,0,0
03-21-20,White,0,0,0,0,0,0,0,0,11,5,11,5,,,,,0,0,0,0,0
03-21-20,Williamson,44,8,44,8,0,0,43,6,359,140,402,146,,,,,5,10,1,6,0
03-21-20,Wilson,4,0,4,0,0,0,2,0,92,40,94,40,,,,,0,0,0,0,0
03-20-20,Anderson,1,0,1,0,0,0,2,0,7,2,9,2,,,,,0,0,0,0,0
03-20-20,Bedford,0,0,0,0,0,0,0,0,17,3,17,3,,,,,0,0,0,0,0
03-20-20,Benton,0,0,0,0,0,0,0,0,4,3,4,3,,,,,0,0,0,0,0
03-20-20,Bledsoe,0,0,0,0,0,0,0,0,1,0,1,0,,,,,0,0,0,0,0
03-20-20,Blount,1,1,1,1,0,0,1,1,32,24,33,25,,,,,0,0,0,0,0
03-20-20,Bradley,1,1,1,1,0,0,1,1,18,2,19,3,,,,,0,0,1,1,0
03-20-20,Campbell,1,0,1,0,0,0,1,0,7,2,8,2,,,,,0,0,0,0,0
03-20-20,Cannon,0,0,0,0,0,0,0,0,2,0,2,0,,,,,0,0,0,0,0
03-20-20,Carroll,1,0,1,0,0,0,0,0,17,6,17,6,,,,,0,0,0,0,0
03-20-20,Carter,0,0,0,0,0,0,0,0,9,4,9,4,,,,,0,0,0,0,0
03-20-20,Cheatham,2,2,2,2,0,0,3,1,23,13,26,14,,,,,0,0,0,0,0
03-20-20,Chester,0,0,0,0,0,0,0,0,9,3,9,3,,,,,0,0,0,0,0
03-20-20,Claiborne,0,0,0,0,0,0,0,0,2,0,2,0,,,,,0,0,0,0,0
03-20-20,Clay,0,0,0,0,0,0,0,0,4,0,4,0,,,,,0,0,0,0,0
03-20-20,Cocke,0,0,0,0,0,0,0,0,3,1,3,1,,,,,0,0,0,0,0
03-20-20,Coffee,0,0,0,0,0,0,0,0,17,6,17,6,,,,,0,0,0,0,0
03-20-20,Crockett,0,0,0,0,0,0,0,0,3,0,3,0,,,,,0,0,0,0,0
03-20-20,Cumberland,1,0,1,0,0,0,1,0,17,2,18,2,,,,,1,1,0,0,0
03-20-20,Davidson,93,88,93,88,0,0,115,23,1592,324,1707,347,,,,,3,6,5,6,1
03-20-20,Decatur,0,0,0,0,0,0,0,0,5,0,5,0,,,,,0,0,0,0,0
03-20-20,Dekalb,0,0,0,0,0,0,0,0,15,6,15,6,,,,,0,0,0,0,0
03-20-20,Dickson,2,2,2,2,0,0,2,2,22,6,24,8,,,,,0,0,0,0,0
03-20-20,Dyer,2,0,2,0,0,0,2,0,3,1,5,1,,,,,1,1,0,0,0
03-20-20,Fayette,1,0,1,0,0,0,0,0,2,1,2,1,,,,,0,0,0,0,0
03-20-20,Fentress,0,0,0,0,0,0,0,0,4,2,4,2,,,,,0,0,0,0,0
03-20-20,Franklin,0,0,0,0,0,0,0,0,12,0,12,0,,,,,0,0,0,0,0
03-20-20,Gibson,0,0,0,0,0,0,0,0,7,3,7,3,,,,,0,0,0,0,0
03-20-20,Giles,0,0,0,0,0,0,0,0,16,6,16,6,,,,,0,0,0,0,0
03-20-20,Grainger,0,0,0,0,0,0,0,0,2,0,2,0,,,,,0,0,0,0,0
03-20-20,Greene,1,1,1,1,0,0,1,1,6,2,7,3,,,,,0,0,0,0,0
03-20-20,Grundy,0,0,0,0,0,0,0,0,3,1,3,1,,,,,0,0,0,0,0
03-20-20,Hamblen,2,2,2,2,0,0,2,2,3,2,5,4,,,,,0,0,0,0,0
03-20-20,Hamilton,5,1,5,1,0,0,7,4,70,27,77,31,,,,,1,1,0,0,0
03-20-20,Hancock,0,0,0,0,0,0,0,0,1,0,1,0,,,,,0,0,0,0,0
03-20-20,Hardeman,0,0,0,0,0,0,0,0,4,1,4,1,,,,,0,0,0,0,0
03-20-20,Hardin,0,0,0,0,0,0,1,1,4,2,5,3,,,,,0,0,0,0,0
03-20-20,Hawkins,0,0,0,0,0,0,0,0,7,3,7,3,,,,,0,0,0,0,0
03-20-20,Haywood,0,0,0,0,0,0,0,0,4,1,4,1,,,,,0,0,0,0,0
03-20-20,Henderson,0,0,0,0,0,0,0,0,13,5,13,5,,,,,0,0,0,0,0
03-20-20,Henry,0,0,0,0,0,0,0,0,10,2,10,2,,,,,0,0,0,0,0
03-20-20,Hickman,0,0,0,0,0,0,0,0,9,3,9,3,,,,,0,0,0,0,0
03-20-20,Houston,0,0,0,0,0,0,0,0,3,3,3,3,,,,,0,0,0,0,0
03-20-20,Humphreys,0,0,0,0,0,0,0,0,3,0,3,0,,,,,0,0,0,0,0
03-20-20,Jackson,0,0,0,0,0,0,0,0,1,1,1,1,,,,,0,0,0,0,0
03-20-20,Jefferson,2,1,2,1,0,0,2,1,4,2,6,3,,,,,0,0,0,0,0
03-20-20,Johnson,0,0,0,0,0,0,0,0,0,0,0,0,,,,,0,0,0,0,0
03-20-20,Knox,6,5,6,5,0,0,2,1,81,38,83,39,,,,,0,0,0,0,0
03-20-20,Lake,0,0,0,0,0,0,0,0,0,0,0,0,,,,,0,0,0,0,0
03-20-20,Lauderdale,0,0,0,0,0,0,0,0,1,1,1,1,,,,,0,0,0,0,0
03-20-20,Lawrence,0,0,0,0,0,0,0,0,14,3,14,3,,,,,0,0,0,0,0
03-20-20,Lewis,0,0,0,0,0,0,0,0,6,2,6,2,,,,,0,0,0,0,0
03-20-20,Lincoln,0,0,0,0,0,0,0,0,6,1,6,1,,,,,1,1,0,0,0
03-20-20,Loudon,0,0,0,0,0,0,0,0,7,3,7,3,,,,,0,0,0,0,0
03-20-20,Macon,0,0,0,0,0,0,0,0,6,4,6,4,,,,,0,0,0,0,0
03-20-20,Madison,0,0,0,0,0,0,0,0,17,6,17,6,,,,,0,0,0,0,0
03-20-20,Marion,0,0,0,0,0,0,0,0,8,2,8,2,,,,,0,0,0,0,0
03-20-20,Marshall,0,0,0,0,0,0,0,0,25,4,25,4,,,,,0,0,0,0,0
03-20-20,Maury,3,3,3,3,0,0,1,1,114,21,115,22,,,,,0,0,0,0,0
03-20-20,McMinn,0,0,0,0,0,0,0,0,6,1,6,1,,,,,0,0,0,0,0
03-20-20,McNairy,0,0,0,0,0,0,0,0,8,4,8,4,,,,,0,0,0,0,0
03-20-20,Meigs,0,0,0,0,0,0,0,0,2,1,2,1,,,,,0,0,0,0,0
03-20-20,Monroe,2,2,2,2,0,0,1,1,2,0,3,1,,,,,0,0,0,0,0
03-20-20,Montgomery,2,2,2,2,0,0,3,2,42,24,45,26,,,,,0,1,0,0,0
03-20-20,Moore,0,0,0,0,0,0,0,0,1,0,1,0,,,,,0,0,0,0,0
03-20-20,Morgan,0,0,0,0,0,0,0,0,2,1,2,1,,,,,0,0,0,0,0
03-20-20,Obion,0,0,0,0,0,0,0,0,2,1,2,1,,,,,0,0,0,0,0
03-20-20,Out of State,26,26,26,26,0,0,32,9,239,48,271,57,,,,,0,0,0,0,0
03-20-20,Overton,0,0,0,0,0,0,0,0,6,1,6,1,,,,,0,0,0,0,0
03-20-20,Pending,0,0,0,0,0,0,0,0,918,16,918,16,,,,,0,0,0,0,0
03-20-20,Perry,0,0,0,0,0,0,0,0,4,0,4,0,,,,,0,0,0,0,0
03-20-20,Pickett,0,0,0,0,0,0,0,0,0,0,0,0,,,,,0,0,0,0,0
03-20-20,Polk,0,0,0,0,0,0,0,0,2,0,2,0,,,,,0,0,0,0,0
03-20-20,Putnam,0,0,0,0,0,0,0,0,23,5,23,5,,,,,0,0,0,0,0
03-20-20,Rhea,0,0,0,0,0,0,0,0,9,3,9,3,,,,,0,0,0,0,0
03-20-20,Roane,1,1,1,1,0,0,1,1,2,2,3,3,,,,,0,0,1,1,0
03-20-20,Robertson,2,1,2,1,0,0,2,0,27,21,29,21,,,,,0,0,1,2,0
03-20-20,Rutherford,2,1,2,1,0,0,2,2,102,60,104,62,,,,,0,0,0,1,0
03-20-20,Scott,1,1,1,1,0,0,0,0,4,0,4,0,,,,,0,0,0,0,0
03-20-20,Sequatchie,0,0,0,0,0,0,0,0,2,1,2,1,,,,,0,0,0,0,0
03-20-20,Sevier,1,0,1,0,0,0,1,0,12,7,13,7,,,,,0,0,0,0,0
03-20-20,Shelby,3,0,3,0,0,0,3,1,100,48,103,49,,,,,3,6,0,2,0
03-20-20,Smith,0,0,0,0,0,0,0,0,5,2,5,2,,,,,0,0,0,0,0
03-20-20,Stewart,0,0,0,0,0,0,0,0,2,0,2,0,,,,,0,0,0,0,0
03-20-20,Sullivan,1,0,1,0,0,0,1,0,18,6,19,6,,,,,0,0,0,0,0
03-20-20,Sumner,11,6,11,6,0,0,9,4,51,26,60,30,,,,,3,3,6,11,0
03-20-20,Tipton,2,1,2,1,0,0,2,1,4,2,6,3,,,,,1,1,0,0,0
03-20-20,Trousdale,0,0,0,0,0,0,0,0,1,0,1,0,,,,,1,1,0,0,0
03-20-20,Unicoi,0,0,0,0,0,0,0,0,1,0,1,0,,,,,0,0,0,0,0
03-20-20,Union,0,0,0,0,0,0,0,0,1,0,1,0,,,,,0,0,0,0,0
03-20-20,Van Buren,0,0,0,0,0,0,0,0,2,0,2,0,,,,,0,0,0,0,0
03-20-20,Warren,0,0,0,0,0,0,0,0,12,5,12,5,,,,,0,0,0,0,0
03-20-20,Washington,2,2,2,2,0,0,2,2,31,6,33,8,,,,,1,1,0,0,0
03-20-20,Wayne,0,0,0,0,0,0,0,0,5,0,5,0,,,,,0,0,0,0,0
03-20-20,Weakley,0,0,0,0,0,0,0,0,3,0,3,0,,,,,0,0,0,0,0
03-20-20,White,0,0,0,0,0,0,0,0,6,3,6,3,,,,,0,0,0,0,0
03-20-20,Williamson,36,8,36,8,0,0,37,4,219,131,256,135,,,,,4,5,0,5,0
03-20-20,Wilson,4,4,4,4,0,0,2,1,52,28,54,29,,,,,0,0,0,0,0
03-19-20,Anderson,1,1,1,1,0,0,2,2,5,1,7,3,,,,,0,0,0,0,0
03-19-20,Bedford,0,0,0,0,0,0,0,0,14,0,14,0,,,,,0,0,0,0,0
03-19-20,Benton,0,0,0,0,0,0,0,0,1,0,1,0,,,,,0,0,0,0,0
03-19-20,Bledsoe,0,0,0,0,0,0,0,0,1,0,1,0,,,,,0,0,0,0,0
03-19-20,Blount,0,0,0,0,0,0,0,0,8,2,8,2,,,,,0,0,0,0,0
03-19-20,Bradley,0,0,0,0,0,0,0,0,16,4,16,4,,,,,0,0,0,0,0
03-19-20,Campbell,1,0,1,0,0,0,1,0,5,1,6,1,,,,,0,0,0,0,0
03-19-20,Cannon,0,0,0,0,0,0,0,0,2,1,2,1,,,,,0,0,0,0,0
03-19-20,Carroll,1,1,1,1,0,0,0,0,11,3,11,3,,,,,0,0,0,0,0
03-19-20,Carter,0,0,0,0,0,0,0,0,5,2,5,2,,,,,0,0,0,0,0
03-19-20,Cheatham,0,0,0,0,0,0,2,1,10,2,12,3,,,,,0,0,0,0,0
03-19-20,Chester,0,0,0,0,0,0,0,0,6,0,6,0,,,,,0,0,0,0,0
03-19-20,Claiborne,0,0,0,0,0,0,0,0,2,1,2,1,,,,,0,0,0,0,0
03-19-20,Clay,0,0,0,0,0,0,0,0,4,1,4,1,,,,,0,0,0,0,0
03-19-20,Cocke,0,0,0,0,0,0,0,0,2,0,2,0,,,,,0,0,0,0,0
03-19-20,Coffee,0,0,0,0,0,0,0,0,11,3,11,3,,,,,0,0,0,0,0
03-19-20,Crockett,0,0,0,0,0,0,0,0,3,0,3,0,,,,,0,0,0,0,0
03-19-20,Cumberland,1,0,1,0,0,0,1,0,15,3,16,3,,,,,0,0,0,0,0
03-19-20,Davidson,5,3,5,3,0,0,92,33,1268,294,1360,327,,,,,3,3,1,1,0
03-19-20,Decatur,0,0,0,0,0,0,0,0,5,1,5,1,,,,,0,0,0,0,0
03-19-20,Dekalb,0,0,0,0,0,0,0,0,9,4,9,4,,,,,0,0,0,0,0
03-19-20,Dickson,0,0,0,0,0,0,0,0,16,6,16,6,,,,,0,0,0,0,0
03-19-20,Dyer,2,2,2,2,0,0,2,2,2,0,4,2,,,,,0,0,0,0,0
03-19-20,Fayette,1,1,1,1,0,0,0,0,1,0,1,0,,,,,0,0,0,0,0
03-19-20,Fentress,0,0,0,0,0,0,0,0,2,0,2,0,,,,,0,0,0,0,0
03-19-20,Franklin,0,0,0,0,0,0,0,0,12,3,12,3,,,,,0,0,0,0,0
03-19-20,Gibson,0,0,0,0,0,0,0,0,4,1,4,1,,,,,0,0,0,0,0
03-19-20,Giles,0,0,0,0,0,0,0,0,10,1,10,1,,,,,0,0,0,0,0
03-19-20,Grainger,0,0,0,0,0,0,0,0,2,0,2,0,,,,,0,0,0,0,0
03-19-20,Greene,0,0,0,0,0,0,0,0,4,0,4,0,,,,,0,0,0,0,0
03-19-20,Grundy,0,0,0,0,0,0,0,0,2,0,2,0,,,,,0,0,0,0,0
03-19-20,Hamblen,0,0,0,0,0,0,0,0,1,0,1,0,,,,,0,0,0,0,0
03-19-20,Hamilton,4,2,4,2,0,0,3,2,43,17,46,19,,,,,0,0,0,0,0
03-19-20,Hancock,0,0,0,0,0,0,0,0,1,0,1,0,,,,,0,0,0,0,0
03-19-20,Hardeman,0,0,0,0,0,0,0,0,3,0,3,0,,,,,0,0,0,0,0
03-19-20,Hardin,0,0,0,0,0,0,0,0,2,0,2,0,,,,,0,0,0,0,0
03-19-20,Hawkins,0,0,0,0,0,0,0,0,4,1,4,1,,,,,0,0,0,0,0
03-19-20,Haywood,0,0,0,0,0,0,0,0,3,0,3,0,,,,,0,0,0,0,0
03-19-20,Henderson,0,0,0,0,0,0,0,0,8,4,8,4,,,,,0,0,0,0,0
03-19-20,Henry,0,0,0,0,0,0,0,0,8,2,8,2,,,,,0,0,0,0,0
03-19-20,Hickman,0,0,0,0,0,0,0,0,6,2,6,2,,,,,0,0,0,0,0
03-19-20,Houston,0,0,0,0,0,0,0,0,0,0,0,0,,,,,0,0,0,0,0
03-19-20,Humphreys,0,0,0,0,0,0,0,0,3,0,3,0,,,,,0,0,0,0,0
03-19-20,Jackson,0,0,0,0,0,0,0,0,0,0,0,0,,,,,0,0,0,0,0
03-19-20,Jefferson,1,0,1,0,0,0,1,0,2,1,3,1,,,,,0,0,0,0,0
03-19-20,Johnson,0,0,0,0,0,0,0,0,0,0,0,0,,,,,0,0,0,0,0
03-19-20,Knox,1,0,1,0,0,0,1,0,43,11,44,11,,,,,0,0,0,0,0
03-19-20,Lake,0,0,0,0,0,0,0,0,0,0,0,0,,,,,0,0,0,0,0
03-19-20,Lauderdale,0,0,0,0,0,0,0,0,0,0,0,0,,,,,0,0,0,0,0
03-19-20,Lawrence,0,0,0,0,0,0,0,0,11,7,11,7,,,,,0,0,0,0,0
03-19-20,Lewis,0,0,0,0,0,0,0,0,4,2,4,2,,,,,0,0,0,0,0
03-19-20,Lincoln,0,0,0,0,0,0,0,0,5,2,5,2,,,,,0,0,0,0,0
03-19-20,Loudon,0,0,0,0,0,0,0,0,4,1,4,1,,,,,0,0,0,0,0
03-19-20,Macon,0,0,0,0,0,0,0,0,2,2,2,2,,,,,0,0,0,0,0
03-19-20,Madison,0,0,0,0,0,0,0,0,11,4,11,4,,,,,0,0,0,0,0
03-19-20,Marion,0,0,0,0,0,0,0,0,6,2,6,2,,,,,0,0,0,0,0
03-19-20,Marshall,0,0,0,0,0,0,0,0,21,5,21,5,,,,,0,0,0,0,0
03-19-20,Maury,0,0,0,0,0,0,0,0,93,24,93,24,,,,,0,0,0,0,0
03-19-20,McMinn,0,0,0,0,0,0,0,0,5,2,5,2,,,,,0,0,0,0,0
03-19-20,McNairy,0,0,0,0,0,0,0,0,4,4,4,4,,,,,0,0,0,0,0
03-19-20,Meigs,0,0,0,0,0,0,0,0,1,0,1,0,,,,,0,0,0,0,0
03-19-20,Monroe,0,0,0,0,0,0,0,0,2,1,2,1,,,,,0,0,0,0,0
03-19-20,Montgomery,0,0,0,0,0,0,1,1,18,2,19,3,,,,,1,1,0,0,0
03-19-20,Moore,0,0,0,0,0,0,0,0,1,1,1,1,,,,,0,0,0,0,0
03-19-20,Morgan,0,0,0,0,0,0,0,0,1,1,1,1,,,,,0,0,0,0,0
03-19-20,Obion,0,0,0,0,0,0,0,0,1,1,1,1,,,,,0,0,0,0,0
03-19-20,Out of State,0,0,0,0,0,0,23,8,191,39,214,47,,,,,0,0,0,0,0
03-19-20,Overton,0,0,0,0,0,0,0,0,5,1,5,1,,,,,0,0,0,0,0
03-19-20,Pending,0,0,0,0,0,0,0,0,902,187,902,187,,,,,0,0,0,0,0
03-19-20,Perry,0,0,0,0,0,0,0,0,4,1,4,1,,,,,0,0,0,0,0
03-19-20,Pickett,0,0,0,0,0,0,0,0,0,0,0,0,,,,,0,0,0,0,0
03-19-20,Polk,0,0,0,0,0,0,0,0,2,0,2,0,,,,,0,0,0,0,0
03-19-20,Putnam,0,0,0,0,0,0,0,0,18,7,18,7,,,,,0,0,0,0,0
03-19-20,Rhea,0,0,0,0,0,0,0,0,6,0,6,0,,,,,0,0,0,0,0
03-19-20,Roane,0,0,0,0,0,0,0,0,0,0,0,0,,,,,0,0,0,0,0
03-19-20,Robertson,1,1,1,1,0,0,2,1,6,0,8,1,,,,,0,0,1,1,0
03-19-20,Rutherford,1,0,1,0,0,0,0,0,42,13,42,13,,,,,0,0,0,1,0
03-19-20,Scott,0,0,0,0,0,0,0,0,4,0,4,0,,,,,0,0,0,0,0
03-19-20,Sequatchie,0,0,0,0,0,0,0,0,1,0,1,0,,,,,0,0,0,0,0
03-19-20,Sevier,1,0,1,0,0,0,1,0,5,0,6,0,,,,,0,0,0,0,0
03-19-20,Shelby,3,0,3,0,0,0,2,0,52,13,54,13,,,,,3,3,0,2,0
03-19-20,Smith,0,0,0,0,0,0,0,0,3,2,3,2,,,,,0,0,0,0,0
03-19-20,Stewart,0,0,0,0,0,0,0,0,2,2,2,2,,,,,0,0,0,0,0
03-19-20,Sullivan,1,0,1,0,0,0,1,0,12,5,13,5,,,,,0,0,0,0,0
03-19-20,Sumner,5,5,5,5,0,0,5,3,25,11,30,14,,,,,0,0,5,5,0
03-19-20,Tipton,1,1,1,1,0,0,1,1,2,1,3,2,,,,,0,0,0,0,0
03-19-20,Trousdale,0,0,0,0,0,0,0,0,1,1,1,1,,,,,0,0,0,0,0
03-19-20,Unicoi,0,0,0,0,0,0,0,0,1,0,1,0,,,,,0,0,0,0,0
03-19-20,Union,0,0,0,0,0,0,0,0,1,0,1,0,,,,,0,0,0,0,0
03-19-20,Van Buren,0,0,0,0,0,0,0,0,2,2,2,2,,,,,0,0,0,0,0
03-19-20,Warren,0,0,0,0,0,0,0,0,7,3,7,3,,,,,0,0,0,0,0
03-19-20,Washington,0,0,0,0,0,0,0,0,25,12,25,12,,,,,0,0,0,0,0
03-19-20,Wayne,0,0,0,0,0,0,0,0,5,2,5,2,,,,,0,0,0,0,0
03-19-20,Weakley,0,0,0,0,0,0,0,0,3,0,3,0,,,,,0,0,0,0,0
03-19-20,White,0,0,0,0,0,0,0,0,3,3,3,3,,,,,0,0,0,0,0
03-19-20,Williamson,28,13,28,13,0,0,33,6,88,23,121,29,,,,,1,1,2,5,0
03-19-20,Wilson,0,0,0,0,0,0,1,0,24,10,25,10,,,,,0,0,0,0,0
03-18-20,Anderson,0,0,0,0,0,0,0,0,4,0,4,0,,,,,0,0,0,0,0
03-18-20,Bedford,0,0,0,0,0,0,0,0,14,6,14,6,,,,,0,0,0,0,0
03-18-20,Benton,0,0,0,0,0,0,0,0,1,0,1,0,,,,,0,0,0,0,0
03-18-20,Bledsoe,0,0,0,0,0,0,0,0,1,0,1,0,,,,,0,0,0,0,0
03-18-20,Blount,0,0,0,0,0,0,0,0,6,3,6,3,,,,,0,0,0,0,0
03-18-20,Bradley,0,0,0,0,0,0,0,0,12,1,12,1,,,,,0,0,0,0,0
03-18-20,Campbell,1,0,1,0,0,0,1,0,4,3,5,3,,,,,0,0,0,0,0
03-18-20,Cannon,0,0,0,0,0,0,0,0,1,0,1,0,,,,,0,0,0,0,0
03-18-20,Carroll,0,0,0,0,0,0,0,0,8,3,8,3,,,,,0,0,0,0,0
03-18-20,Carter,0,0,0,0,0,0,0,0,3,1,3,1,,,,,0,0,0,0,0
03-18-20,Cheatham,0,0,0,0,0,0,1,0,8,0,9,0,,,,,0,0,0,0,0
03-18-20,Chester,0,0,0,0,0,0,0,0,6,1,6,1,,,,,0,0,0,0,0
03-18-20,Claiborne,0,0,0,0,0,0,0,0,1,0,1,0,,,,,0,0,0,0,0
03-18-20,Clay,0,0,0,0,0,0,0,0,3,1,3,1,,,,,0,0,0,0,0
03-18-20,Cocke,0,0,0,0,0,0,0,0,2,0,2,0,,,,,0,0,0,0,0
03-18-20,Coffee,0,0,0,0,0,0,0,0,8,2,8,2,,,,,0,0,0,0,0
03-18-20,Crockett,0,0,0,0,0,0,0,0,3,0,3,0,,,,,0,0,0,0,0
03-18-20,Cumberland,1,1,1,1,0,0,1,1,12,3,13,4,,,,,0,0,0,0,0
03-18-20,Davidson,2,1,2,1,0,0,59,17,974,223,1033,240,,,,,0,0,0,0,0
03-18-20,Decatur,0,0,0,0,0,0,0,0,4,1,4,1,,,,,0,0,0,0,0
03-18-20,Dekalb,0,0,0,0,0,0,0,0,5,0,5,0,,,,,0,0,0,0,0
03-18-20,Dickson,0,0,0,0,0,0,0,0,10,4,10,4,,,,,0,0,0,0,0
03-18-20,Dyer,0,0,0,0,0,0,0,0,2,0,2,0,,,,,0,0,0,0,0
03-18-20,Fayette,0,0,0,0,0,0,0,0,1,1,1,1,,,,,0,0,0,0,0
03-18-20,Fentress,0,0,0,0,0,0,0,0,2,0,2,0,,,,,0,0,0,0,0
03-18-20,Franklin,0,0,0,0,0,0,0,0,9,3,9,3,,,,,0,0,0,0,0
03-18-20,Gibson,0,0,0,0,0,0,0,0,3,1,3,1,,,,,0,0,0,0,0
03-18-20,Giles,0,0,0,0,0,0,0,0,9,2,9,2,,,,,0,0,0,0,0
03-18-20,Grainger,0,0,0,0,0,0,0,0,2,1,2,1,,,,,0,0,0,0,0
03-18-20,Greene,0,0,0,0,0,0,0,0,4,2,4,2,,,,,0,0,0,0,0
03-18-20,Grundy,0,0,0,0,0,0,0,0,2,0,2,0,,,,,0,0,0,0,0
03-18-20,Hamblen,0,0,0,0,0,0,0,0,1,0,1,0,,,,,0,0,0,0,0
03-18-20,Hamilton,2,1,2,1,0,0,1,1,26,4,27,5,,,,,0,0,0,0,0
03-18-20,Hancock,0,0,0,0,0,0,0,0,1,0,1,0,,,,,0,0,0,0,0
03-18-20,Hardeman,0,0,0,0,0,0,0,0,3,0,3,0,,,,,0,0,0,0,0
03-18-20,Hardin,0,0,0,0,0,0,0,0,2,1,2,1,,,,,0,0,0,0,0
03-18-20,Hawkins,0,0,0,0,0,0,0,0,3,0,3,0,,,,,0,0,0,0,0
03-18-20,Haywood,0,0,0,0,0,0,0,0,3,0,3,0,,,,,0,0,0,0,0
03-18-20,Henderson,0,0,0,0,0,0,0,0,4,2,4,2,,,,,0,0,0,0,0
03-18-20,Henry,0,0,0,0,0,0,0,0,6,1,6,1,,,,,0,0,0,0,0
03-18-20,Hickman,0,0,0,0,0,0,0,0,4,0,4,0,,,,,0,0,0,0,0
03-18-20,Houston,0,0,0,0,0,0,0,0,0,0,0,0,,,,,0,0,0,0,0
03-18-20,Humphreys,0,0,0,0,0,0,0,0,3,1,3,1,,,,,0,0,0,0,0
03-18-20,Jackson,0,0,0,0,0,0,0,0,0,0,0,0,,,,,0,0,0,0,0
03-18-20,Jefferson,1,0,1,0,0,0,1,0,1,1,2,1,,,,,0,0,0,0,0
03-18-20,Johnson,0,0,0,0,0,0,0,0,0,0,0,0,,,,,0,0,0,0,0
03-18-20,Knox,1,0,1,0,0,0,1,0,32,14,33,14,,,,,0,0,0,0,0
03-18-20,Lake,0,0,0,0,0,0,0,0,0,0,0,0,,,,,0,0,0,0,0
03-18-20,Lauderdale,0,0,0,0,0,0,0,0,0,0,0,0,,,,,0,0,0,0,0
03-18-20,Lawrence,0,0,0,0,0,0,0,0,4,2,4,2,,,,,0,0,0,0,0
03-18-20,Lewis,0,0,0,0,0,0,0,0,2,1,2,1,,,,,0,0,0,0,0
03-18-20,Lincoln,0,0,0,0,0,0,0,0,3,1,3,1,,,,,0,0,0,0,0
03-18-20,Loudon,0,0,0,0,0,0,0,0,3,1,3,1,,,,,0,0,0,0,0
03-18-20,Macon,0,0,0,0,0,0,0,0,0,0,0,0,,,,,0,0,0,0,0
03-18-20,Madison,0,0,0,0,0,0,0,0,7,0,7,0,,,,,0,0,0,0,0
03-18-20,Marion,0,0,0,0,0,0,0,0,4,0,4,0,,,,,0,0,0,0,0
03-18-20,Marshall,0,0,0,0,0,0,0,0,16,2,16,2,,,,,0,0,0,0,0
03-18-20,Maury,0,0,0,0,0,0,0,0,69,18,69,18,,,,,0,0,0,0,0
03-18-20,McMinn,0,0,0,0,0,0,0,0,3,0,3,0,,,,,0,0,0,0,0
03-18-20,McNairy,0,0,0,0,0,0,0,0,0,0,0,0,,,,,0,0,0,0,0
03-18-20,Meigs,0,0,0,0,0,0,0,0,1,0,1,0,,,,,0,0,0,0,0
03-18-20,Monroe,0,0,0,0,0,0,0,0,1,1,1,1,,,,,0,0,0,0,0
03-18-20,Montgomery,0,0,0,0,0,0,0,0,16,0,16,0,,,,,0,0,0,0,0
03-18-20,Moore,0,0,0,0,0,0,0,0,0,0,0,0,,,,,0,0,0,0,0
03-18-20,Morgan,0,0,0,0,0,0,0,0,0,0,0,0,,,,,0,0,0,0,0
03-18-20,Obion,0,0,0,0,0,0,0,0,0,0,0,0,,,,,0,0,0,0,0
03-18-20,Out of State,0,0,0,0,0,0,15,5,152,40,167,45,,,,,0,0,0,0,0
03-18-20,Overton,0,0,0,0,0,0,0,0,4,2,4,2,,,,,0,0,0,0,0
03-18-20,Pending,0,0,0,0,0,0,0,0,715,139,715,139,,,,,0,0,0,0,0
03-18-20,Perry,0,0,0,0,0,0,0,0,3,0,3,0,,,,,0,0,0,0,0
03-18-20,Pickett,0,0,0,0,0,0,0,0,0,0,0,0,,,,,0,0,0,0,0
03-18-20,Polk,0,0,0,0,0,0,0,0,2,0,2,0,,,,,0,0,0,0,0
03-18-20,Putnam,0,0,0,0,0,0,0,0,11,5,11,5,,,,,0,0,0,0,0
03-18-20,Rhea,0,0,0,0,0,0,0,0,6,2,6,2,,,,,0,0,0,0,0
03-18-20,Roane,0,0,0,0,0,0,0,0,0,0,0,0,,,,,0,0,0,0,0
03-18-20,Robertson,0,0,0,0,0,0,1,0,6,3,7,3,,,,,0,0,0,0,0
03-18-20,Rutherford,1,0,1,0,0,0,0,0,29,9,29,9,,,,,0,0,0,1,0
03-18-20,Scott,0,0,0,0,0,0,0,0,4,0,4,0,,,,,0,0,0,0,0
03-18-20,Sequatchie,0,0,0,0,0,0,0,0,1,0,1,0,,,,,0,0,0,0,0
03-18-20,Sevier,1,0,1,0,0,0,1,0,5,1,6,1,,,,,0,0,0,0,0
03-18-20,Shelby,3,2,3,2,0,0,2,1,39,13,41,14,,,,,0,0,2,2,0
03-18-20,Smith,0,0,0,0,0,0,0,0,1,0,1,0,,,,,0,0,0,0,0
03-18-20,Stewart,0,0,0,0,0,0,0,0,0,0,0,0,,,,,0,0,0,0,0
03-18-20,Sullivan,1,0,1,0,0,0,1,0,7,1,8,1,,,,,0,0,0,0,0
03-18-20,Sumner,0,0,0,0,0,0,2,0,14,4,16,4,,,,,0,0,0,0,0
03-18-20,Tipton,0,0,0,0,0,0,0,0,1,0,1,0,,,,,0,0,0,0,0
03-18-20,Trousdale,0,0,0,0,0,0,0,0,0,0,0,0,,,,,0,0,0,0,0
03-18-20,Unicoi,0,0,0,0,0,0,0,0,1,0,1,0,,,,,0,0,0,0,0
03-18-20,Union,0,0,0,0,0,0,0,0,1,0,1,0,,,,,0,0,0,0,0
03-18-20,Van Buren,0,0,0,0,0,0,0,0,0,0,0,0,,,,,0,0,0,0,0
03-18-20,Warren,0,0,0,0,0,0,0,0,4,0,4,0,,,,,0,0,0,0,0
03-18-20,Washington,0,0,0,0,0,0,0,0,13,1,13,1,,,,,0,0,0,0,0
03-18-20,Wayne,0,0,0,0,0,0,0,0,3,0,3,0,,,,,0,0,0,0,0
03-18-20,Weakley,0,0,0,0,0,0,0,0,3,2,3,2,,,,,0,0,0,0,0
03-18-20,White,0,0,0,0,0,0,0,0,0,0,0,0,,,,,0,0,0,0,0
03-18-20,Williamson,15,6,15,6,0,0,27,9,65,16,92,25,,,,,0,0,1,3,0
03-18-20,Wilson,0,0,0,0,0,0,1,1,14,5,15,6,,,,,0,0,0,0,0
03-17-20,Anderson,0,0,0,0,0,0,0,0,4,2,4,2,,,,,0,0,0,0,0
03-17-20,Bedford,0,0,0,0,0,0,0,0,8,7,8,7,,,,,0,0,0,0,0
03-17-20,Benton,0,0,0,0,0,0,0,0,1,0,1,0,,,,,0,0,0,0,0
03-17-20,Bledsoe,0,0,0,0,0,0,0,0,1,0,1,0,,,,,0,0,0,0,0
03-17-20,Blount,0,0,0,0,0,0,0,0,3,0,3,0,,,,,0,0,0,0,0
03-17-20,Bradley,0,0,0,0,0,0,0,0,11,6,11,6,,,,,0,0,0,0,0
03-17-20,Campbell,1,0,1,0,0,0,1,1,1,1,2,2,,,,,0,0,0,0,0
03-17-20,Cannon,0,0,0,0,0,0,0,0,1,1,1,1,,,,,0,0,0,0,0
03-17-20,Carroll,0,0,0,0,0,0,0,0,5,3,5,3,,,,,0,0,0,0,0
03-17-20,Carter,0,0,0,0,0,0,0,0,2,0,2,0,,,,,0,0,0,0,0
03-17-20,Cheatham,0,0,0,0,0,0,1,1,8,4,9,5,,,,,0,0,0,0,0
03-17-20,Chester,0,0,0,0,0,0,0,0,5,2,5,2,,,,,0,0,0,0,0
03-17-20,Claiborne,0,0,0,0,0,0,0,0,1,1,1,1,,,,,0,0,0,0,0
03-17-20,Clay,0,0,0,0,0,0,0,0,2,2,2,2,,,,,0,0,0,0,0
03-17-20,Cocke,0,0,0,0,0,0,0,0,2,1,2,1,,,,,0,0,0,0,0
03-17-20,Coffee,0,0,0,0,0,0,0,0,6,4,6,4,,,,,0,0,0,0,0
03-17-20,Crockett,0,0,0,0,0,0,0,0,3,1,3,1,,,,,0,0,0,0,0
03-17-20,Cumberland,0,0,0,0,0,0,0,0,9,3,9,3,,,,,0,0,0,0,0
03-17-20,Davidson,1,1,1,1,0,0,42,32,751,581,793,613,,,,,0,0,0,0,0
03-17-20,Decatur,0,0,0,0,0,0,0,0,3,1,3,1,,,,,0,0,0,0,0
03-17-20,Dekalb,0,0,0,0,0,0,0,0,5,5,5,5,,,,,0,0,0,0,0
03-17-20,Dickson,0,0,0,0,0,0,0,0,6,3,6,3,,,,,0,0,0,0,0
03-17-20,Dyer,0,0,0,0,0,0,0,0,2,1,2,1,,,,,0,0,0,0,0
03-17-20,Fayette,0,0,0,0,0,0,0,0,0,0,0,0,,,,,0,0,0,0,0
03-17-20,Fentress,0,0,0,0,0,0,0,0,2,1,2,1,,,,,0,0,0,0,0
03-17-20,Franklin,0,0,0,0,0,0,0,0,6,5,6,5,,,,,0,0,0,0,0
03-17-20,Gibson,0,0,0,0,0,0,0,0,2,0,2,0,,,,,0,0,0,0,0
03-17-20,Giles,0,0,0,0,0,0,0,0,7,3,7,3,,,,,0,0,0,0,0
03-17-20,Grainger,0,0,0,0,0,0,0,0,1,1,1,1,,,,,0,0,0,0,0
03-17-20,Greene,0,0,0,0,0,0,0,0,2,1,2,1,,,,,0,0,0,0,0
03-17-20,Grundy,0,0,0,0,0,0,0,0,2,1,2,1,,,,,0,0,0,0,0
03-17-20,Hamblen,0,0,0,0,0,0,0,0,1,0,1,0,,,,,0,0,0,0,0
03-17-20,Hamilton,1,1,1,1,0,0,0,0,22,12,22,12,,,,,0,0,0,0,0
03-17-20,Hancock,0,0,0,0,0,0,0,0,1,0,1,0,,,,,0,0,0,0,0
03-17-20,Hardeman,0,0,0,0,0,0,0,0,3,3,3,3,,,,,0,0,0,0,0
03-17-20,Hardin,0,0,0,0,0,0,0,0,1,0,1,0,,,,,0,0,0,0,0
03-17-20,Hawkins,0,0,0,0,0,0,0,0,3,0,3,0,,,,,0,0,0,0,0
03-17-20,Haywood,0,0,0,0,0,0,0,0,3,0,3,0,,,,,0,0,0,0,0
03-17-20,Henderson,0,0,0,0,0,0,0,0,2,0,2,0,,,,,0,0,0,0,0
03-17-20,Henry,0,0,0,0,0,0,0,0,5,3,5,3,,,,,0,0,0,0,0
03-17-20,Hickman,0,0,0,0,0,0,0,0,4,2,4,2,,,,,0,0,0,0,0
03-17-20,Houston,0,0,0,0,0,0,0,0,0,0,0,0,,,,,0,0,0,0,0
03-17-20,Humphreys,0,0,0,0,0,0,0,0,2,1,2,1,,,,,0,0,0,0,0
03-17-20,Jackson,0,0,0,0,0,0,0,0,0,0,0,0,,,,,0,0,0,0,0
03-17-20,Jefferson,1,0,1,0,0,0,1,0,0,0,1,0,,,,,0,0,0,0,0
03-17-20,Johnson,0,0,0,0,0,0,0,0,0,0,0,0,,,,,0,0,0,0,0
03-17-20,Knox,1,0,1,0,0,0,1,0,18,5,19,5,,,,,0,0,0,0,0
03-17-20,Lake,0,0,0,0,0,0,0,0,0,0,0,0,,,,,0,0,0,0,0
03-17-20,Lauderdale,0,0,0,0,0,0,0,0,0,0,0,0,,,,,0,0,0,0,0
03-17-20,Lawrence,0,0,0,0,0,0,0,0,2,0,2,0,,,,,0,0,0,0,0
03-17-20,Lewis,0,0,0,0,0,0,0,0,1,1,1,1,,,,,0,0,0,0,0
03-17-20,Lincoln,0,0,0,0,0,0,0,0,2,0,2,0,,,,,0,0,0,0,0
03-17-20,Loudon,0,0,0,0,0,0,0,0,2,1,2,1,,,,,0,0,0,0,0
03-17-20,Macon,0,0,0,0,0,0,0,0,0,0,0,0,,,,,0,0,0,0,0
03-17-20,Madison,0,0,0,0,0,0,0,0,7,1,7,1,,,,,0,0,0,0,0
03-17-20,Marion,0,0,0,0,0,0,0,0,4,0,4,0,,,,,0,0,0,0,0
03-17-20,Marshall,0,0,0,0,0,0,0,0,14,10,14,10,,,,,0,0,0,0,0
03-17-20,Maury,0,0,0,0,0,0,0,0,51,37,51,37,,,,,0,0,0,0,0
03-17-20,McMinn,0,0,0,0,0,0,0,0,3,1,3,1,,,,,0,0,0,0,0
03-17-20,McNairy,0,0,0,0,0,0,0,0,0,0,0,0,,,,,0,0,0,0,0
03-17-20,Meigs,0,0,0,0,0,0,0,0,1,0,1,0,,,,,0,0,0,0,0
03-17-20,Monroe,0,0,0,0,0,0,0,0,0,0,0,0,,,,,0,0,0,0,0
03-17-20,Montgomery,0,0,0,0,0,0,0,0,16,2,16,2,,,,,0,0,0,0,0
03-17-20,Moore,0,0,0,0,0,0,0,0,0,0,0,0,,,,,0,0,0,0,0
03-17-20,Morgan,0,0,0,0,0,0,0,0,0,0,0,0,,,,,0,0,0,0,0
03-17-20,Obion,0,0,0,0,0,0,0,0,0,0,0,0,,,,,0,0,0,0,0
03-17-20,Out of State,0,0,0,0,0,0,10,10,112,62,122,72,,,,,0,0,0,0,0
03-17-20,Overton,0,0,0,0,0,0,0,0,2,0,2,0,,,,,0,0,0,0,0
03-17-20,Pending,0,0,0,0,0,0,0,0,576,451,576,451,,,,,0,0,0,0,0
03-17-20,Perry,0,0,0,0,0,0,0,0,3,3,3,3,,,,,0,0,0,0,0
03-17-20,Pickett,0,0,0,0,0,0,0,0,0,0,0,0,,,,,0,0,0,0,0
03-17-20,Polk,0,0,0,0,0,0,0,0,2,1,2,1,,,,,0,0,0,0,0
03-17-20,Putnam,0,0,0,0,0,0,0,0,6,4,6,4,,,,,0,0,0,0,0
03-17-20,Rhea,0,0,0,0,0,0,0,0,4,0,4,0,,,,,0,0,0,0,0
03-17-20,Roane,0,0,0,0,0,0,0,0,0,0,0,0,,,,,0,0,0,0,0
03-17-20,Robertson,0,0,0,0,0,0,1,1,3,0,4,1,,,,,0,0,0,0,0
03-17-20,Rutherford,1,0,1,0,0,0,0,0,20,13,20,13,,,,,0,0,0,1,0
03-17-20,Scott,0,0,0,0,0,0,0,0,4,1,4,1,,,,,0,0,0,0,0
03-17-20,Sequatchie,0,0,0,0,0,0,0,0,1,0,1,0,,,,,0,0,0,0,0
03-17-20,Sevier,1,0,1,0,0,0,1,0,4,2,5,2,,,,,0,0,0,0,0
03-17-20,Shelby,1,1,1,1,0,0,1,1,26,12,27,13,,,,,0,0,0,0,0
03-17-20,Smith,0,0,0,0,0,0,0,0,1,0,1,0,,,,,0,0,0,0,0
03-17-20,Stewart,0,0,0,0,0,0,0,0,0,0,0,0,,,,,0,0,0,0,0
03-17-20,Sullivan,1,0,1,0,0,0,1,0,6,1,7,1,,,,,0,0,0,0,0
03-17-20,Sumner,0,0,0,0,0,0,2,1,10,3,12,4,,,,,0,0,0,0,0
03-17-20,Tipton,0,0,0,0,0,0,0,0,1,1,1,1,,,,,0,0,0,0,0
03-17-20,Trousdale,0,0,0,0,0,0,0,0,0,0,0,0,,,,,0,0,0,0,0
03-17-20,Unicoi,0,0,0,0,0,0,0,0,1,0,1,0,,,,,0,0,0,0,0
03-17-20,Union,0,0,0,0,0,0,0,0,1,0,1,0,,,,,0,0,0,0,0
03-17-20,Van Buren,0,0,0,0,0,0,0,0,0,0,0,0,,,,,0,0,0,0,0
03-17-20,Warren,0,0,0,0,0,0,0,0,4,3,4,3,,,,,0,0,0,0,0
03-17-20,Washington,0,0,0,0,0,0,0,0,12,2,12,2,,,,,0,0,0,0,0
03-17-20,Wayne,0,0,0,0,0,0,0,0,3,2,3,2,,,,,0,0,0,0,0
03-17-20,Weakley,0,0,0,0,0,0,0,0,1,0,1,0,,,,,0,0,0,0,0
03-17-20,White,0,0,0,0,0,0,0,0,0,0,0,0,,,,,0,0,0,0,0
03-17-20,Williamson,9,1,9,1,0,0,18,12,49,23,67,35,,,,,0,0,0,2,0
03-17-20,Wilson,0,0,0,0,0,0,0,0,9,4,9,4,,,,,0,0,0,0,0
03-16-20,Anderson,0,0,0,0,0,0,0,0,2,1,2,1,,,,,0,0,0,0,0
03-16-20,Bedford,0,0,0,0,0,0,0,0,1,0,1,0,,,,,0,0,0,0,0
03-16-20,Benton,0,0,0,0,0,0,0,0,1,0,1,0,,,,,0,0,0,0,0
03-16-20,Bledsoe,0,0,0,0,0,0,0,0,1,1,1,1,,,,,0,0,0,0,0
03-16-20,Blount,0,0,0,0,0,0,0,0,3,0,3,0,,,,,0,0,0,0,0
03-16-20,Bradley,0,0,0,0,0,0,0,0,5,2,5,2,,,,,0,0,0,0,0
03-16-20,Campbell,1,0,1,0,0,0,0,0,0,0,0,0,,,,,0,0,0,0,0
03-16-20,Cannon,0,0,0,0,0,0,0,0,0,0,0,0,,,,,0,0,0,0,0
03-16-20,Carroll,0,0,0,0,0,0,0,0,2,1,2,1,,,,,0,0,0,0,0
03-16-20,Carter,0,0,0,0,0,0,0,0,2,1,2,1,,,,,0,0,0,0,0
03-16-20,Cheatham,0,0,0,0,0,0,0,0,4,1,4,1,,,,,0,0,0,0,0
03-16-20,Chester,0,0,0,0,0,0,0,0,3,1,3,1,,,,,0,0,0,0,0
03-16-20,Claiborne,0,0,0,0,0,0,0,0,0,0,0,0,,,,,0,0,0,0,0
03-16-20,Clay,0,0,0,0,0,0,0,0,0,0,0,0,,,,,0,0,0,0,0
03-16-20,Cocke,0,0,0,0,0,0,0,0,1,1,1,1,,,,,0,0,0,0,0
03-16-20,Coffee,0,0,0,0,0,0,0,0,2,0,2,0,,,,,0,0,0,0,0
03-16-20,Crockett,0,0,0,0,0,0,0,0,2,0,2,0,,,,,0,0,0,0,0
03-16-20,Cumberland,0,0,0,0,0,0,0,0,6,3,6,3,,,,,0,0,0,0,0
03-16-20,Davidson,0,0,0,0,0,0,10,0,170,44,180,44,,,,,0,0,0,0,0
03-16-20,Decatur,0,0,0,0,0,0,0,0,2,1,2,1,,,,,0,0,0,0,0
03-16-20,Dekalb,0,0,0,0,0,0,0,0,0,0,0,0,,,,,0,0,0,0,0
03-16-20,Dickson,0,0,0,0,0,0,0,0,3,2,3,2,,,,,0,0,0,0,0
03-16-20,Dyer,0,0,0,0,0,0,0,0,1,0,1,0,,,,,0,0,0,0,0
03-16-20,Fayette,0,0,0,0,0,0,0,0,0,0,0,0,,,,,0,0,0,0,0
03-16-20,Fentress,0,0,0,0,0,0,0,0,1,1,1,1,,,,,0,0,0,0,0
03-16-20,Franklin,0,0,0,0,0,0,0,0,1,1,1,1,,,,,0,0,0,0,0
03-16-20,Gibson,0,0,0,0,0,0,0,0,2,0,2,0,,,,,0,0,0,0,0
03-16-20,Giles,0,0,0,0,0,0,0,0,4,2,4,2,,,,,0,0,0,0,0
03-16-20,Grainger,0,0,0,0,0,0,0,0,0,0,0,0,,,,,0,0,0,0,0
03-16-20,Greene,0,0,0,0,0,0,0,0,1,1,1,1,,,,,0,0,0,0,0
03-16-20,Grundy,0,0,0,0,0,0,0,0,1,1,1,1,,,,,0,0,0,0,0
03-16-20,Hamblen,0,0,0,0,0,0,0,0,1,0,1,0,,,,,0,0,0,0,0
03-16-20,Hamilton,0,0,0,0,0,0,0,0,10,5,10,5,,,,,0,0,0,0,0
03-16-20,Hancock,0,0,0,0,0,0,0,0,1,0,1,0,,,,,0,0,0,0,0
03-16-20,Hardeman,0,0,0,0,0,0,0,0,0,0,0,0,,,,,0,0,0,0,0
03-16-20,Hardin,0,0,0,0,0,0,0,0,1,0,1,0,,,,,0,0,0,0,0
03-16-20,Hawkins,0,0,0,0,0,0,0,0,3,1,3,1,,,,,0,0,0,0,0
03-16-20,Haywood,0,0,0,0,0,0,0,0,3,1,3,1,,,,,0,0,0,0,0
03-16-20,Henderson,0,0,0,0,0,0,0,0,2,0,2,0,,,,,0,0,0,0,0
03-16-20,Henry,0,0,0,0,0,0,0,0,2,0,2,0,,,,,0,0,0,0,0
03-16-20,Hickman,0,0,0,0,0,0,0,0,2,0,2,0,,,,,0,0,0,0,0
03-16-20,Houston,0,0,0,0,0,0,0,0,0,0,0,0,,,,,0,0,0,0,0
03-16-20,Humphreys,0,0,0,0,0,0,0,0,1,1,1,1,,,,,0,0,0,0,0
03-16-20,Jackson,0,0,0,0,0,0,0,0,0,0,0,0,,,,,0,0,0,0,0
03-16-20,Jefferson,1,0,1,0,0,0,1,0,0,0,1,0,,,,,0,0,0,0,0
03-16-20,Johnson,0,0,0,0,0,0,0,0,0,0,0,0,,,,,0,0,0,0,0
03-16-20,Knox,1,1,1,1,0,0,1,1,13,3,14,4,,,,,0,0,0,0,0
03-16-20,Lake,0,0,0,0,0,0,0,0,0,0,0,0,,,,,0,0,0,0,0
03-16-20,Lauderdale,0,0,0,0,0,0,0,0,0,0,0,0,,,,,0,0,0,0,0
03-16-20,Lawrence,0,0,0,0,0,0,0,0,2,1,2,1,,,,,0,0,0,0,0
03-16-20,Lewis,0,0,0,0,0,0,0,0,0,0,0,0,,,,,0,0,0,0,0
03-16-20,Lincoln,0,0,0,0,0,0,0,0,2,0,2,0,,,,,0,0,0,0,0
03-16-20,Loudon,0,0,0,0,0,0,0,0,1,0,1,0,,,,,0,0,0,0,0
03-16-20,Macon,0,0,0,0,0,0,0,0,0,0,0,0,,,,,0,0,0,0,0
03-16-20,Madison,0,0,0,0,0,0,0,0,6,5,6,5,,,,,0,0,0,0,0
03-16-20,Marion,0,0,0,0,0,0,0,0,4,1,4,1,,,,,0,0,0,0,0
03-16-20,Marshall,0,0,0,0,0,0,0,0,4,0,4,0,,,,,0,0,0,0,0
03-16-20,Maury,0,0,0,0,0,0,0,0,14,5,14,5,,,,,0,0,0,0,0
03-16-20,McMinn,0,0,0,0,0,0,0,0,2,0,2,0,,,,,0,0,0,0,0
03-16-20,McNairy,0,0,0,0,0,0,0,0,0,0,0,0,,,,,0,0,0,0,0
03-16-20,Meigs,0,0,0,0,0,0,0,0,1,0,1,0,,,,,0,0,0,0,0
03-16-20,Monroe,0,0,0,0,0,0,0,0,0,0,0,0,,,,,0,0,0,0,0
03-16-20,Montgomery,0,0,0,0,0,0,0,0,14,3,14,3,,,,,0,0,0,0,0
03-16-20,Moore,0,0,0,0,0,0,0,0,0,0,0,0,,,,,0,0,0,0,0
03-16-20,Morgan,0,0,0,0,0,0,0,0,0,0,0,0,,,,,0,0,0,0,0
03-16-20,Obion,0,0,0,0,0,0,0,0,0,0,0,0,,,,,0,0,0,0,0
03-16-20,Out of State,0,0,0,0,0,0,0,0,50,13,50,13,,,,,0,0,0,0,0
03-16-20,Overton,0,0,0,0,0,0,0,0,2,2,2,2,,,,,0,0,0,0,0
03-16-20,Pending,0,0,0,0,0,0,0,0,125,11,125,11,,,,,0,0,0,0,0
03-16-20,Perry,0,0,0,0,0,0,0,0,0,0,0,0,,,,,0,0,0,0,0
03-16-20,Pickett,0,0,0,0,0,0,0,0,0,0,0,0,,,,,0,0,0,0,0
03-16-20,Polk,0,0,0,0,0,0,0,0,1,0,1,0,,,,,0,0,0,0,0
03-16-20,Putnam,0,0,0,0,0,0,0,0,2,1,2,1,,,,,0,0,0,0,0
03-16-20,Rhea,0,0,0,0,0,0,0,0,4,3,4,3,,,,,0,0,0,0,0
03-16-20,Roane,0,0,0,0,0,0,0,0,0,0,0,0,,,,,0,0,0,0,0
03-16-20,Robertson,0,0,0,0,0,0,0,0,3,3,3,3,,,,,0,0,0,0,0
03-16-20,Rutherford,1,1,1,1,0,0,0,0,7,2,7,2,,,,,0,0,1,1,0
03-16-20,Scott,0,0,0,0,0,0,0,0,3,3,3,3,,,,,0,0,0,0,0
03-16-20,Sequatchie,0,0,0,0,0,0,0,0,1,1,1,1,,,,,0,0,0,0,0
03-16-20,Sevier,1,1,1,1,0,0,1,1,2,2,3,3,,,,,0,0,0,0,0
03-16-20,Shelby,0,0,0,0,0,0,0,0,14,4,14,4,,,,,0,0,0,0,0
03-16-20,Smith,0,0,0,0,0,0,0,0,1,0,1,0,,,,,0,0,0,0,0
03-16-20,Stewart,0,0,0,0,0,0,0,0,0,0,0,0,,,,,0,0,0,0,0
03-16-20,Sullivan,1,0,1,0,0,0,1,0,5,1,6,1,,,,,0,0,0,0,0
03-16-20,Sumner,0,0,0,0,0,0,1,1,7,1,8,2,,,,,0,0,0,0,0
03-16-20,Tipton,0,0,0,0,0,0,0,0,0,0,0,0,,,,,0,0,0,0,0
03-16-20,Trousdale,0,0,0,0,0,0,0,0,0,0,0,0,,,,,0,0,0,0,0
03-16-20,Unicoi,0,0,0,0,0,0,0,0,1,1,1,1,,,,,0,0,0,0,0
03-16-20,Union,0,0,0,0,0,0,0,0,1,0,1,0,,,,,0,0,0,0,0
03-16-20,Van Buren,0,0,0,0,0,0,0,0,0,0,0,0,,,,,0,0,0,0,0
03-16-20,Warren,0,0,0,0,0,0,0,0,1,0,1,0,,,,,0,0,0,0,0
03-16-20,Washington,0,0,0,0,0,0,0,0,10,5,10,5,,,,,0,0,0,0,0
03-16-20,Wayne,0,0,0,0,0,0,0,0,1,0,1,0,,,,,0,0,0,0,0
03-16-20,Weakley,0,0,0,0,0,0,0,0,1,0,1,0,,,,,0,0,0,0,0
03-16-20,White,0,0,0,0,0,0,0,0,0,0,0,0,,,,,0,0,0,0,0
03-16-20,Williamson,8,1,8,1,0,0,6,0,26,8,32,8,,,,,0,0,1,2,0
03-16-20,Wilson,0,0,0,0,0,0,0,0,5,4,5,4,,,,,0,0,0,0,0
03-15-20,Anderson,0,0,0,0,0,0,0,0,1,0,1,0,,,,,0,0,0,0,0
03-15-20,Bedford,0,0,0,0,0,0,0,0,1,0,1,0,,,,,0,0,0,0,0
03-15-20,Benton,0,0,0,0,0,0,0,0,1,0,1,0,,,,,0,0,0,0,0
03-15-20,Bledsoe,0,0,0,0,0,0,0,0,0,0,0,0,,,,,0,0,0,0,0
03-15-20,Blount,0,0,0,0,0,0,0,0,3,1,3,1,,,,,0,0,0,0,0
03-15-20,Bradley,0,0,0,0,0,0,0,0,3,0,3,0,,,,,0,0,0,0,0
03-15-20,Campbell,1,0,1,0,0,0,0,0,0,0,0,0,,,,,0,0,0,0,0
03-15-20,Cannon,0,0,0,0,0,0,0,0,0,0,0,0,,,,,0,0,0,0,0
03-15-20,Carroll,0,0,0,0,0,0,0,0,1,0,1,0,,,,,0,0,0,0,0
03-15-20,Carter,0,0,0,0,0,0,0,0,1,0,1,0,,,,,0,0,0,0,0
03-15-20,Cheatham,0,0,0,0,0,0,0,0,3,0,3,0,,,,,0,0,0,0,0
03-15-20,Chester,0,0,0,0,0,0,0,0,2,0,2,0,,,,,0,0,0,0,0
03-15-20,Claiborne,0,0,0,0,0,0,0,0,0,0,0,0,,,,,0,0,0,0,0
03-15-20,Clay,0,0,0,0,0,0,0,0,0,0,0,0,,,,,0,0,0,0,0
03-15-20,Cocke,0,0,0,0,0,0,0,0,0,0,0,0,,,,,0,0,0,0,0
03-15-20,Coffee,0,0,0,0,0,0,0,0,2,0,2,0,,,,,0,0,0,0,0
03-15-20,Crockett,0,0,0,0,0,0,0,0,2,0,2,0,,,,,0,0,0,0,0
03-15-20,Cumberland,0,0,0,0,0,0,0,0,3,0,3,0,,,,,0,0,0,0,0
03-15-20,Davidson,0,0,0,0,0,0,10,1,126,5,136,6,,,,,0,0,0,0,0
03-15-20,Decatur,0,0,0,0,0,0,0,0,1,0,1,0,,,,,0,0,0,0,0
03-15-20,Dekalb,0,0,0,0,0,0,0,0,0,0,0,0,,,,,0,0,0,0,0
03-15-20,Dickson,0,0,0,0,0,0,0,0,1,0,1,0,,,,,0,0,0,0,0
03-15-20,Dyer,0,0,0,0,0,0,0,0,1,0,1,0,,,,,0,0,0,0,0
03-15-20,Fayette,0,0,0,0,0,0,0,0,0,0,0,0,,,,,0,0,0,0,0
03-15-20,Fentress,0,0,0,0,0,0,0,0,0,0,0,0,,,,,0,0,0,0,0
03-15-20,Franklin,0,0,0,0,0,0,0,0,0,0,0,0,,,,,0,0,0,0,0
03-15-20,Gibson,0,0,0,0,0,0,0,0,2,0,2,0,,,,,0,0,0,0,0
03-15-20,Giles,0,0,0,0,0,0,0,0,2,0,2,0,,,,,0,0,0,0,0
03-15-20,Grainger,0,0,0,0,0,0,0,0,0,0,0,0,,,,,0,0,0,0,0
03-15-20,Greene,0,0,0,0,0,0,0,0,0,0,0,0,,,,,0,0,0,0,0
03-15-20,Grundy,0,0,0,0,0,0,0,0,0,0,0,0,,,,,0,0,0,0,0
03-15-20,Hamblen,0,0,0,0,0,0,0,0,1,0,1,0,,,,,0,0,0,0,0
03-15-20,Hamilton,0,0,0,0,0,0,0,0,5,0,5,0,,,,,0,0,0,0,0
03-15-20,Hancock,0,0,0,0,0,0,0,0,1,0,1,0,,,,,0,0,0,0,0
03-15-20,Hardeman,0,0,0,0,0,0,0,0,0,0,0,0,,,,,0,0,0,0,0
03-15-20,Hardin,0,0,0,0,0,0,0,0,1,0,1,0,,,,,0,0,0,0,0
03-15-20,Hawkins,0,0,0,0,0,0,0,0,2,0,2,0,,,,,0,0,0,0,0
03-15-20,Haywood,0,0,0,0,0,0,0,0,2,0,2,0,,,,,0,0,0,0,0
03-15-20,Henderson,0,0,0,0,0,0,0,0,2,0,2,0,,,,,0,0,0,0,0
03-15-20,Henry,0,0,0,0,0,0,0,0,2,1,2,1,,,,,0,0,0,0,0
03-15-20,Hickman,0,0,0,0,0,0,0,0,2,0,2,0,,,,,0,0,0,0,0
03-15-20,Houston,0,0,0,0,0,0,0,0,0,0,0,0,,,,,0,0,0,0,0
03-15-20,Humphreys,0,0,0,0,0,0,0,0,0,0,0,0,,,,,0,0,0,0,0
03-15-20,Jackson,0,0,0,0,0,0,0,0,0,0,0,0,,,,,0,0,0,0,0
03-15-20,Jefferson,1,0,1,0,0,0,1,0,0,0,1,0,,,,,0,0,0,0,0
03-15-20,Johnson,0,0,0,0,0,0,0,0,0,0,0,0,,,,,0,0,0,0,0
03-15-20,Knox,0,0,0,0,0,0,0,0,10,0,10,0,,,,,0,0,0,0,0
03-15-20,Lake,0,0,0,0,0,0,0,0,0,0,0,0,,,,,0,0,0,0,0
03-15-20,Lauderdale,0,0,0,0,0,0,0,0,0,0,0,0,,,,,0,0,0,0,0
03-15-20,Lawrence,0,0,0,0,0,0,0,0,1,0,1,0,,,,,0,0,0,0,0
03-15-20,Lewis,0,0,0,0,0,0,0,0,0,0,0,0,,,,,0,0,0,0,0
03-15-20,Lincoln,0,0,0,0,0,0,0,0,2,0,2,0,,,,,0,0,0,0,0
03-15-20,Loudon,0,0,0,0,0,0,0,0,1,0,1,0,,,,,0,0,0,0,0
03-15-20,Macon,0,0,0,0,0,0,0,0,0,0,0,0,,,,,0,0,0,0,0
03-15-20,Madison,0,0,0,0,0,0,0,0,1,0,1,0,,,,,0,0,0,0,0
03-15-20,Marion,0,0,0,0,0,0,0,0,3,0,3,0,,,,,0,0,0,0,0
03-15-20,Marshall,0,0,0,0,0,0,0,0,4,0,4,0,,,,,0,0,0,0,0
03-15-20,Maury,0,0,0,0,0,0,0,0,9,0,9,0,,,,,0,0,0,0,0
03-15-20,McMinn,0,0,0,0,0,0,0,0,2,0,2,0,,,,,0,0,0,0,0
03-15-20,McNairy,0,0,0,0,0,0,0,0,0,0,0,0,,,,,0,0,0,0,0
03-15-20,Meigs,0,0,0,0,0,0,0,0,1,0,1,0,,,,,0,0,0,0,0
03-15-20,Monroe,0,0,0,0,0,0,0,0,0,0,0,0,,,,,0,0,0,0,0
03-15-20,Montgomery,0,0,0,0,0,0,0,0,11,1,11,1,,,,,0,0,0,0,0
03-15-20,Moore,0,0,0,0,0,0,0,0,0,0,0,0,,,,,0,0,0,0,0
03-15-20,Morgan,0,0,0,0,0,0,0,0,0,0,0,0,,,,,0,0,0,0,0
03-15-20,Obion,0,0,0,0,0,0,0,0,0,0,0,0,,,,,0,0,0,0,0
03-15-20,Out of State,0,0,0,0,0,0,0,0,37,8,37,8,,,,,0,0,0,0,0
03-15-20,Overton,0,0,0,0,0,0,0,0,0,0,0,0,,,,,0,0,0,0,0
03-15-20,Pending,0,0,0,0,0,0,0,0,114,0,114,0,,,,,0,0,0,0,0
03-15-20,Perry,0,0,0,0,0,0,0,0,0,0,0,0,,,,,0,0,0,0,0
03-15-20,Pickett,0,0,0,0,0,0,0,0,0,0,0,0,,,,,0,0,0,0,0
03-15-20,Polk,0,0,0,0,0,0,0,0,1,0,1,0,,,,,0,0,0,0,0
03-15-20,Putnam,0,0,0,0,0,0,0,0,1,1,1,1,,,,,0,0,0,0,0
03-15-20,Rhea,0,0,0,0,0,0,0,0,1,0,1,0,,,,,0,0,0,0,0
03-15-20,Roane,0,0,0,0,0,0,0,0,0,0,0,0,,,,,0,0,0,0,0
03-15-20,Robertson,0,0,0,0,0,0,0,0,0,0,0,0,,,,,0,0,0,0,0
03-15-20,Rutherford,0,0,0,0,0,0,0,0,5,1,5,1,,,,,0,0,0,0,0
03-15-20,Scott,0,0,0,0,0,0,0,0,0,0,0,0,,,,,0,0,0,0,0
03-15-20,Sequatchie,0,0,0,0,0,0,0,0,0,0,0,0,,,,,0,0,0,0,0
03-15-20,Sevier,0,0,0,0,0,0,0,0,0,0,0,0,,,,,0,0,0,0,0
03-15-20,Shelby,0,0,0,0,0,0,0,0,10,3,10,3,,,,,0,0,0,0,0
03-15-20,Smith,0,0,0,0,0,0,0,0,1,0,1,0,,,,,0,0,0,0,0
03-15-20,Stewart,0,0,0,0,0,0,0,0,0,0,0,0,,,,,0,0,0,0,0
03-15-20,Sullivan,1,0,1,0,0,0,1,0,4,1,5,1,,,,,0,0,0,0,0
03-15-20,Sumner,0,0,0,0,0,0,0,0,6,0,6,0,,,,,0,0,0,0,0
03-15-20,Tipton,0,0,0,0,0,0,0,0,0,0,0,0,,,,,0,0,0,0,0
03-15-20,Trousdale,0,0,0,0,0,0,0,0,0,0,0,0,,,,,0,0,0,0,0
03-15-20,Unicoi,0,0,0,0,0,0,0,0,0,0,0,0,,,,,0,0,0,0,0
03-15-20,Union,0,0,0,0,0,0,0,0,1,0,1,0,,,,,0,0,0,0,0
03-15-20,Van Buren,0,0,0,0,0,0,0,0,0,0,0,0,,,,,0,0,0,0,0
03-15-20,Warren,0,0,0,0,0,0,0,0,1,1,1,1,,,,,0,0,0,0,0
03-15-20,Washington,0,0,0,0,0,0,0,0,5,0,5,0,,,,,0,0,0,0,0
03-15-20,Wayne,0,0,0,0,0,0,0,0,1,0,1,0,,,,,0,0,0,0,0
03-15-20,Weakley,0,0,0,0,0,0,0,0,1,0,1,0,,,,,0,0,0,0,0
03-15-20,White,0,0,0,0,0,0,0,0,0,0,0,0,,,,,0,0,0,0,0
03-15-20,Williamson,7,4,7,4,0,0,6,1,18,3,24,4,,,,,0,0,0,1,0
03-15-20,Wilson,0,0,0,0,0,0,0,0,1,0,1,0,,,,,0,0,0,0,0
03-14-20,Anderson,0,0,0,0,0,0,0,0,1,0,1,0,,,,,0,0,0,0,0
03-14-20,Bedford,0,0,0,0,0,0,0,0,1,1,1,1,,,,,0,0,0,0,0
03-14-20,Benton,0,0,0,0,0,0,0,0,1,0,1,0,,,,,0,0,0,0,0
03-14-20,Bledsoe,0,0,0,0,0,0,0,0,0,0,0,0,,,,,0,0,0,0,0
03-14-20,Blount,0,0,0,0,0,0,0,0,2,1,2,1,,,,,0,0,0,0,0
03-14-20,Bradley,0,0,0,0,0,0,0,0,3,3,3,3,,,,,0,0,0,0,0
03-14-20,Campbell,1,1,1,1,0,0,0,0,0,0,0,0,,,,,0,0,0,0,0
03-14-20,Cannon,0,0,0,0,0,0,0,0,0,0,0,0,,,,,0,0,0,0,0
03-14-20,Carroll,0,0,0,0,0,0,0,0,1,1,1,1,,,,,0,0,0,0,0
03-14-20,Carter,0,0,0,0,0,0,0,0,1,0,1,0,,,,,0,0,0,0,0
03-14-20,Cheatham,0,0,0,0,0,0,0,0,3,2,3,2,,,,,0,0,0,0,0
03-14-20,Chester,0,0,0,0,0,0,0,0,2,0,2,0,,,,,0,0,0,0,0
03-14-20,Claiborne,0,0,0,0,0,0,0,0,0,0,0,0,,,,,0,0,0,0,0
03-14-20,Clay,0,0,0,0,0,0,0,0,0,0,0,0,,,,,0,0,0,0,0
03-14-20,Cocke,0,0,0,0,0,0,0,0,0,0,0,0,,,,,0,0,0,0,0
03-14-20,Coffee,0,0,0,0,0,0,0,0,2,0,2,0,,,,,0,0,0,0,0
03-14-20,Crockett,0,0,0,0,0,0,0,0,2,1,2,1,,,,,0,0,0,0,0
03-14-20,Cumberland,0,0,0,0,0,0,0,0,3,0,3,0,,,,,0,0,0,0,0
03-14-20,Davidson,0,0,0,0,0,0,9,9,121,111,130,120,,,,,0,0,0,0,0
03-14-20,Decatur,0,0,0,0,0,0,0,0,1,0,1,0,,,,,0,0,0,0,0
03-14-20,Dekalb,0,0,0,0,0,0,0,0,0,0,0,0,,,,,0,0,0,0,0
03-14-20,Dickson,0,0,0,0,0,0,0,0,1,0,1,0,,,,,0,0,0,0,0
03-14-20,Dyer,0,0,0,0,0,0,0,0,1,0,1,0,,,,,0,0,0,0,0
03-14-20,Fayette,0,0,0,0,0,0,0,0,0,0,0,0,,,,,0,0,0,0,0
03-14-20,Fentress,0,0,0,0,0,0,0,0,0,0,0,0,,,,,0,0,0,0,0
03-14-20,Franklin,0,0,0,0,0,0,0,0,0,0,0,0,,,,,0,0,0,0,0
03-14-20,Gibson,0,0,0,0,0,0,0,0,2,0,2,0,,,,,0,0,0,0,0
03-14-20,Giles,0,0,0,0,0,0,0,0,2,2,2,2,,,,,0,0,0,0,0
03-14-20,Grainger,0,0,0,0,0,0,0,0,0,0,0,0,,,,,0,0,0,0,0
03-14-20,Greene,0,0,0,0,0,0,0,0,0,0,0,0,,,,,0,0,0,0,0
03-14-20,Grundy,0,0,0,0,0,0,0,0,0,0,0,0,,,,,0,0,0,0,0
03-14-20,Hamblen,0,0,0,0,0,0,0,0,1,1,1,1,,,,,0,0,0,0,0
03-14-20,Hamilton,0,0,0,0,0,0,0,0,5,0,5,0,,,,,0,0,0,0,0
03-14-20,Hancock,0,0,0,0,0,0,0,0,1,0,1,0,,,,,0,0,0,0,0
03-14-20,Hardeman,0,0,0,0,0,0,0,0,0,0,0,0,,,,,0,0,0,0,0
03-14-20,Hardin,0,0,0,0,0,0,0,0,1,0,1,0,,,,,0,0,0,0,0
03-14-20,Hawkins,0,0,0,0,0,0,0,0,2,0,2,0,,,,,0,0,0,0,0
03-14-20,Haywood,0,0,0,0,0,0,0,0,2,2,2,2,,,,,0,0,0,0,0
03-14-20,Henderson,0,0,0,0,0,0,0,0,2,1,2,1,,,,,0,0,0,0,0
03-14-20,Henry,0,0,0,0,0,0,0,0,1,1,1,1,,,,,0,0,0,0,0
03-14-20,Hickman,0,0,0,0,0,0,0,0,2,2,2,2,,,,,0,0,0,0,0
03-14-20,Houston,0,0,0,0,0,0,0,0,0,0,0,0,,,,,0,0,0,0,0
03-14-20,Humphreys,0,0,0,0,0,0,0,0,0,0,0,0,,,,,0,0,0,0,0
03-14-20,Jackson,0,0,0,0,0,0,0,0,0,0,0,0,,,,,0,0,0,0,0
03-14-20,Jefferson,1,1,1,1,0,0,1,1,0,0,1,1,,,,,0,0,0,0,0
03-14-20,Johnson,0,0,0,0,0,0,0,0,0,0,0,0,,,,,0,0,0,0,0
03-14-20,Knox,0,0,0,0,0,0,0,0,10,8,10,8,,,,,0,0,0,0,0
03-14-20,Lake,0,0,0,0,0,0,0,0,0,0,0,0,,,,,0,0,0,0,0
03-14-20,Lauderdale,0,0,0,0,0,0,0,0,0,0,0,0,,,,,0,0,0,0,0
03-14-20,Lawrence,0,0,0,0,0,0,0,0,1,0,1,0,,,,,0,0,0,0,0
03-14-20,Lewis,0,0,0,0,0,0,0,0,0,0,0,0,,,,,0,0,0,0,0
03-14-20,Lincoln,0,0,0,0,0,0,0,0,2,1,2,1,,,,,0,0,0,0,0
03-14-20,Loudon,0,0,0,0,0,0,0,0,1,0,1,0,,,,,0,0,0,0,0
03-14-20,Macon,0,0,0,0,0,0,0,0,0,0,0,0,,,,,0,0,0,0,0
03-14-20,Madison,0,0,0,0,0,0,0,0,1,1,1,1,,,,,0,0,0,0,0
03-14-20,Marion,0,0,0,0,0,0,0,0,3,1,3,1,,,,,0,0,0,0,0
03-14-20,Marshall,0,0,0,0,0,0,0,0,4,4,4,4,,,,,0,0,0,0,0
03-14-20,Maury,0,0,0,0,0,0,0,0,9,5,9,5,,,,,0,0,0,0,0
03-14-20,McMinn,0,0,0,0,0,0,0,0,2,1,2,1,,,,,0,0,0,0,0
03-14-20,McNairy,0,0,0,0,0,0,0,0,0,0,0,0,,,,,0,0,0,0,0
03-14-20,Meigs,0,0,0,0,0,0,0,0,1,1,1,1,,,,,0,0,0,0,0
03-14-20,Monroe,0,0,0,0,0,0,0,0,0,0,0,0,,,,,0,0,0,0,0
03-14-20,Montgomery,0,0,0,0,0,0,0,0,10,7,10,7,,,,,0,0,0,0,0
03-14-20,Moore,0,0,0,0,0,0,0,0,0,0,0,0,,,,,0,0,0,0,0
03-14-20,Morgan,0,0,0,0,0,0,0,0,0,0,0,0,,,,,0,0,0,0,0
03-14-20,Obion,0,0,0,0,0,0,0,0,0,0,0,0,,,,,0,0,0,0,0
03-14-20,Out of State,0,0,0,0,0,0,0,0,29,23,29,23,,,,,0,0,0,0,0
03-14-20,Overton,0,0,0,0,0,0,0,0,0,0,0,0,,,,,0,0,0,0,0
03-14-20,Pending,0,0,0,0,0,0,0,0,114,103,114,103,,,,,0,0,0,0,0
03-14-20,Perry,0,0,0,0,0,0,0,0,0,0,0,0,,,,,0,0,0,0,0
03-14-20,Pickett,0,0,0,0,0,0,0,0,0,0,0,0,,,,,0,0,0,0,0
03-14-20,Polk,0,0,0,0,0,0,0,0,1,1,1,1,,,,,0,0,0,0,0
03-14-20,Putnam,0,0,0,0,0,0,0,0,0,0,0,0,,,,,0,0,0,0,0
03-14-20,Rhea,0,0,0,0,0,0,0,0,1,1,1,1,,,,,0,0,0,0,0
03-14-20,Roane,0,0,0,0,0,0,0,0,0,0,0,0,,,,,0,0,0,0,0
03-14-20,Robertson,0,0,0,0,0,0,0,0,0,0,0,0,,,,,0,0,0,0,0
03-14-20,Rutherford,0,0,0,0,0,0,0,0,4,4,4,4,,,,,0,0,0,0,0
03-14-20,Scott,0,0,0,0,0,0,0,0,0,0,0,0,,,,,0,0,0,0,0
03-14-20,Sequatchie,0,0,0,0,0,0,0,0,0,0,0,0,,,,,0,0,0,0,0
03-14-20,Sevier,0,0,0,0,0,0,0,0,0,0,0,0,,,,,0,0,0,0,0
03-14-20,Shelby,0,0,0,0,0,0,0,0,7,5,7,5,,,,,0,0,0,0,0
03-14-20,Smith,0,0,0,0,0,0,0,0,1,1,1,1,,,,,0,0,0,0,0
03-14-20,Stewart,0,0,0,0,0,0,0,0,0,0,0,0,,,,,0,0,0,0,0
03-14-20,Sullivan,1,0,1,0,0,0,1,0,3,1,4,1,,,,,0,0,0,0,0
03-14-20,Sumner,0,0,0,0,0,0,0,0,6,3,6,3,,,,,0,0,0,0,0
03-14-20,Tipton,0,0,0,0,0,0,0,0,0,0,0,0,,,,,0,0,0,0,0
03-14-20,Trousdale,0,0,0,0,0,0,0,0,0,0,0,0,,,,,0,0,0,0,0
03-14-20,Unicoi,0,0,0,0,0,0,0,0,0,0,0,0,,,,,0,0,0,0,0
03-14-20,Union,0,0,0,0,0,0,0,0,1,1,1,1,,,,,0,0,0,0,0
03-14-20,Van Buren,0,0,0,0,0,0,0,0,0,0,0,0,,,,,0,0,0,0,0
03-14-20,Warren,0,0,0,0,0,0,0,0,0,0,0,0,,,,,0,0,0,0,0
03-14-20,Washington,0,0,0,0,0,0,0,0,5,4,5,4,,,,,0,0,0,0,0
03-14-20,Wayne,0,0,0,0,0,0,0,0,1,1,1,1,,,,,0,0,0,0,0
03-14-20,Weakley,0,0,0,0,0,0,0,0,1,1,1,1,,,,,0,0,0,0,0
03-14-20,White,0,0,0,0,0,0,0,0,0,0,0,0,,,,,0,0,0,0,0
03-14-20,Williamson,3,3,3,3,0,0,5,4,15,10,20,14,,,,,0,0,1,1,0
03-14-20,Wilson,0,0,0,0,0,0,0,0,1,1,1,1,,,,,0,0,0,0,0
03-13-20,Anderson,0,0,0,0,0,0,0,0,1,1,1,1,,,,,0,0,0,0,0
03-13-20,Bedford,0,0,0,0,0,0,0,0,0,0,0,0,,,,,0,0,0,0,0
03-13-20,Benton,0,0,0,0,0,0,0,0,1,1,1,1,,,,,0,0,0,0,0
03-13-20,Bledsoe,0,0,0,0,0,0,0,0,0,0,0,0,,,,,0,0,0,0,0
03-13-20,Blount,0,0,0,0,0,0,0,0,1,1,1,1,,,,,0,0,0,0,0
03-13-20,Bradley,0,0,0,0,0,0,0,0,0,0,0,0,,,,,0,0,0,0,0
03-13-20,Campbell,0,0,0,0,0,0,0,0,0,0,0,0,,,,,0,0,0,0,0
03-13-20,Cannon,0,0,0,0,0,0,0,0,0,0,0,0,,,,,0,0,0,0,0
03-13-20,Carroll,0,0,0,0,0,0,0,0,0,0,0,0,,,,,0,0,0,0,0
03-13-20,Carter,0,0,0,0,0,0,0,0,1,1,1,1,,,,,0,0,0,0,0
03-13-20,Cheatham,0,0,0,0,0,0,0,0,1,1,1,1,,,,,0,0,0,0,0
03-13-20,Chester,0,0,0,0,0,0,0,0,2,2,2,2,,,,,0,0,0,0,0
03-13-20,Claiborne,0,0,0,0,0,0,0,0,0,0,0,0,,,,,0,0,0,0,0
03-13-20,Clay,0,0,0,0,0,0,0,0,0,0,0,0,,,,,0,0,0,0,0
03-13-20,Cocke,0,0,0,0,0,0,0,0,0,0,0,0,,,,,0,0,0,0,0
03-13-20,Coffee,0,0,0,0,0,0,0,0,2,0,2,0,,,,,0,0,0,0,0
03-13-20,Crockett,0,0,0,0,0,0,0,0,1,1,1,1,,,,,0,0,0,0,0
03-13-20,Cumberland,0,0,0,0,0,0,0,0,3,2,3,2,,,,,0,0,0,0,0
03-13-20,Davidson,0,0,0,0,0,0,0,0,10,5,10,5,,,,,0,0,0,0,0
03-13-20,Decatur,0,0,0,0,0,0,0,0,1,0,1,0,,,,,0,0,0,0,0
03-13-20,Dekalb,0,0,0,0,0,0,0,0,0,0,0,0,,,,,0,0,0,0,0
03-13-20,Dickson,0,0,0,0,0,0,0,0,1,0,1,0,,,,,0,0,0,0,0
03-13-20,Dyer,0,0,0,0,0,0,0,0,1,0,1,0,,,,,0,0,0,0,0
03-13-20,Fayette,0,0,0,0,0,0,0,0,0,0,0,0,,,,,0,0,0,0,0
03-13-20,Fentress,0,0,0,0,0,0,0,0,0,0,0,0,,,,,0,0,0,0,0
03-13-20,Franklin,0,0,0,0,0,0,0,0,0,0,0,0,,,,,0,0,0,0,0
03-13-20,Gibson,0,0,0,0,0,0,0,0,2,1,2,1,,,,,0,0,0,0,0
03-13-20,Giles,0,0,0,0,0,0,0,0,0,0,0,0,,,,,0,0,0,0,0
03-13-20,Grainger,0,0,0,0,0,0,0,0,0,0,0,0,,,,,0,0,0,0,0
03-13-20,Greene,0,0,0,0,0,0,0,0,0,0,0,0,,,,,0,0,0,0,0
03-13-20,Grundy,0,0,0,0,0,0,0,0,0,0,0,0,,,,,0,0,0,0,0
03-13-20,Hamblen,0,0,0,0,0,0,0,0,0,0,0,0,,,,,0,0,0,0,0
03-13-20,Hamilton,0,0,0,0,0,0,0,0,5,4,5,4,,,,,0,0,0,0,0
03-13-20,Hancock,0,0,0,0,0,0,0,0,1,0,1,0,,,,,0,0,0,0,0
03-13-20,Hardeman,0,0,0,0,0,0,0,0,0,0,0,0,,,,,0,0,0,0,0
03-13-20,Hardin,0,0,0,0,0,0,0,0,1,1,1,1,,,,,0,0,0,0,0
03-13-20,Hawkins,0,0,0,0,0,0,0,0,2,1,2,1,,,,,0,0,0,0,0
03-13-20,Haywood,0,0,0,0,0,0,0,0,0,0,0,0,,,,,0,0,0,0,0
03-13-20,Henderson,0,0,0,0,0,0,0,0,1,1,1,1,,,,,0,0,0,0,0
03-13-20,Henry,0,0,0,0,0,0,0,0,0,0,0,0,,,,,0,0,0,0,0
03-13-20,Hickman,0,0,0,0,0,0,0,0,0,0,0,0,,,,,0,0,0,0,0
03-13-20,Houston,0,0,0,0,0,0,0,0,0,0,0,0,,,,,0,0,0,0,0
03-13-20,Humphreys,0,0,0,0,0,0,0,0,0,0,0,0,,,,,0,0,0,0,0
03-13-20,Jackson,0,0,0,0,0,0,0,0,0,0,0,0,,,,,0,0,0,0,0
03-13-20,Jefferson,0,0,0,0,0,0,0,0,0,0,0,0,,,,,0,0,0,0,0
03-13-20,Johnson,0,0,0,0,0,0,0,0,0,0,0,0,,,,,0,0,0,0,0
03-13-20,Knox,0,0,0,0,0,0,0,0,2,0,2,0,,,,,0,0,0,0,0
03-13-20,Lake,0,0,0,0,0,0,0,0,0,0,0,0,,,,,0,0,0,0,0
03-13-20,Lauderdale,0,0,0,0,0,0,0,0,0,0,0,0,,,,,0,0,0,0,0
03-13-20,Lawrence,0,0,0,0,0,0,0,0,1,0,1,0,,,,,0,0,0,0,0
03-13-20,Lewis,0,0,0,0,0,0,0,0,0,0,0,0,,,,,0,0,0,0,0
03-13-20,Lincoln,0,0,0,0,0,0,0,0,1,0,1,0,,,,,0,0,0,0,0
03-13-20,Loudon,0,0,0,0,0,0,0,0,1,1,1,1,,,,,0,0,0,0,0
03-13-20,Macon,0,0,0,0,0,0,0,0,0,0,0,0,,,,,0,0,0,0,0
03-13-20,Madison,0,0,0,0,0,0,0,0,0,0,0,0,,,,,0,0,0,0,0
03-13-20,Marion,0,0,0,0,0,0,0,0,2,0,2,0,,,,,0,0,0,0,0
03-13-20,Marshall,0,0,0,0,0,0,0,0,0,0,0,0,,,,,0,0,0,0,0
03-13-20,Maury,0,0,0,0,0,0,0,0,4,3,4,3,,,,,0,0,0,0,0
03-13-20,McMinn,0,0,0,0,0,0,0,0,1,0,1,0,,,,,0,0,0,0,0
03-13-20,McNairy,0,0,0,0,0,0,0,0,0,0,0,0,,,,,0,0,0,0,0
03-13-20,Meigs,0,0,0,0,0,0,0,0,0,0,0,0,,,,,0,0,0,0,0
03-13-20,Monroe,0,0,0,0,0,0,0,0,0,0,0,0,,,,,0,0,0,0,0
03-13-20,Montgomery,0,0,0,0,0,0,0,0,3,0,3,0,,,,,0,0,0,0,0
03-13-20,Moore,0,0,0,0,0,0,0,0,0,0,0,0,,,,,0,0,0,0,0
03-13-20,Morgan,0,0,0,0,0,0,0,0,0,0,0,0,,,,,0,0,0,0,0
03-13-20,Obion,0,0,0,0,0,0,0,0,0,0,0,0,,,,,0,0,0,0,0
03-13-20,Out of State,0,0,0,0,0,0,0,0,6,2,6,2,,,,,0,0,0,0,0
03-13-20,Overton,0,0,0,0,0,0,0,0,0,0,0,0,,,,,0,0,0,0,0
03-13-20,Pending,0,0,0,0,0,0,0,0,11,7,11,7,,,,,0,0,0,0,0
03-13-20,Perry,0,0,0,0,0,0,0,0,0,0,0,0,,,,,0,0,0,0,0
03-13-20,Pickett,0,0,0,0,0,0,0,0,0,0,0,0,,,,,0,0,0,0,0
03-13-20,Polk,0,0,0,0,0,0,0,0,0,0,0,0,,,,,0,0,0,0,0
03-13-20,Putnam,0,0,0,0,0,0,0,0,0,0,0,0,,,,,0,0,0,0,0
03-13-20,Rhea,0,0,0,0,0,0,0,0,0,0,0,0,,,,,0,0,0,0,0
03-13-20,Roane,0,0,0,0,0,0,0,0,0,0,0,0,,,,,0,0,0,0,0
03-13-20,Robertson,0,0,0,0,0,0,0,0,0,0,0,0,,,,,0,0,0,0,0
03-13-20,Rutherford,0,0,0,0,0,0,0,0,0,0,0,0,,,,,0,0,0,0,0
03-13-20,Scott,0,0,0,0,0,0,0,0,0,0,0,0,,,,,0,0,0,0,0
03-13-20,Sequatchie,0,0,0,0,0,0,0,0,0,0,0,0,,,,,0,0,0,0,0
03-13-20,Sevier,0,0,0,0,0,0,0,0,0,0,0,0,,,,,0,0,0,0,0
03-13-20,Shelby,0,0,0,0,0,0,0,0,2,1,2,1,,,,,0,0,0,0,0
03-13-20,Smith,0,0,0,0,0,0,0,0,0,0,0,0,,,,,0,0,0,0,0
03-13-20,Stewart,0,0,0,0,0,0,0,0,0,0,0,0,,,,,0,0,0,0,0
03-13-20,Sullivan,1,0,1,0,0,0,1,0,2,1,3,1,,,,,0,0,0,0,0
03-13-20,Sumner,0,0,0,0,0,0,0,0,3,0,3,0,,,,,0,0,0,0,0
03-13-20,Tipton,0,0,0,0,0,0,0,0,0,0,0,0,,,,,0,0,0,0,0
03-13-20,Trousdale,0,0,0,0,0,0,0,0,0,0,0,0,,,,,0,0,0,0,0
03-13-20,Unicoi,0,0,0,0,0,0,0,0,0,0,0,0,,,,,0,0,0,0,0
03-13-20,Union,0,0,0,0,0,0,0,0,0,0,0,0,,,,,0,0,0,0,0
03-13-20,Van Buren,0,0,0,0,0,0,0,0,0,0,0,0,,,,,0,0,0,0,0
03-13-20,Warren,0,0,0,0,0,0,0,0,0,0,0,0,,,,,0,0,0,0,0
03-13-20,Washington,0,0,0,0,0,0,0,0,1,1,1,1,,,,,0,0,0,0,0
03-13-20,Wayne,0,0,0,0,0,0,0,0,0,0,0,0,,,,,0,0,0,0,0
03-13-20,Weakley,0,0,0,0,0,0,0,0,0,0,0,0,,,,,0,0,0,0,0
03-13-20,White,0,0,0,0,0,0,0,0,0,0,0,0,,,,,0,0,0,0,0
03-13-20,Williamson,0,0,0,0,0,0,1,0,5,1,6,1,,,,,0,0,0,0,0
03-13-20,Wilson,0,0,0,0,0,0,0,0,0,0,0,0,,,,,0,0,0,0,0
03-12-20,Anderson,0,0,0,0,0,0,0,0,0,0,0,0,,,,,0,0,0,0,0
03-12-20,Bedford,0,0,0,0,0,0,0,0,0,0,0,0,,,,,0,0,0,0,0
03-12-20,Benton,0,0,0,0,0,0,0,0,0,0,0,0,,,,,0,0,0,0,0
03-12-20,Bledsoe,0,0,0,0,0,0,0,0,0,0,0,0,,,,,0,0,0,0,0
03-12-20,Blount,0,0,0,0,0,0,0,0,0,0,0,0,,,,,0,0,0,0,0
03-12-20,Bradley,0,0,0,0,0,0,0,0,0,0,0,0,,,,,0,0,0,0,0
03-12-20,Campbell,0,0,0,0,0,0,0,0,0,0,0,0,,,,,0,0,0,0,0
03-12-20,Cannon,0,0,0,0,0,0,0,0,0,0,0,0,,,,,0,0,0,0,0
03-12-20,Carroll,0,0,0,0,0,0,0,0,0,0,0,0,,,,,0,0,0,0,0
03-12-20,Carter,0,0,0,0,0,0,0,0,0,0,0,0,,,,,0,0,0,0,0
03-12-20,Cheatham,0,0,0,0,0,0,0,0,0,0,0,0,,,,,0,0,0,0,0
03-12-20,Chester,0,0,0,0,0,0,0,0,0,0,0,0,,,,,0,0,0,0,0
03-12-20,Claiborne,0,0,0,0,0,0,0,0,0,0,0,0,,,,,0,0,0,0,0
03-12-20,Clay,0,0,0,0,0,0,0,0,0,0,0,0,,,,,0,0,0,0,0
03-12-20,Cocke,0,0,0,0,0,0,0,0,0,0,0,0,,,,,0,0,0,0,0
03-12-20,Coffee,0,0,0,0,0,0,0,0,2,2,2,2,,,,,0,0,0,0,0
03-12-20,Crockett,0,0,0,0,0,0,0,0,0,0,0,0,,,,,0,0,0,0,0
03-12-20,Cumberland,0,0,0,0,0,0,0,0,1,1,1,1,,,,,0,0,0,0,0
03-12-20,Davidson,0,0,0,0,0,0,0,0,5,5,5,5,,,,,0,0,0,0,0
03-12-20,Decatur,0,0,0,0,0,0,0,0,1,1,1,1,,,,,0,0,0,0,0
03-12-20,Dekalb,0,0,0,0,0,0,0,0,0,0,0,0,,,,,0,0,0,0,0
03-12-20,Dickson,0,0,0,0,0,0,0,0,1,1,1,1,,,,,0,0,0,0,0
03-12-20,Dyer,0,0,0,0,0,0,0,0,1,1,1,1,,,,,0,0,0,0,0
03-12-20,Fayette,0,0,0,0,0,0,0,0,0,0,0,0,,,,,0,0,0,0,0
03-12-20,Fentress,0,0,0,0,0,0,0,0,0,0,0,0,,,,,0,0,0,0,0
03-12-20,Franklin,0,0,0,0,0,0,0,0,0,0,0,0,,,,,0,0,0,0,0
03-12-20,Gibson,0,0,0,0,0,0,0,0,1,1,1,1,,,,,0,0,0,0,0
03-12-20,Giles,0,0,0,0,0,0,0,0,0,0,0,0,,,,,0,0,0,0,0
03-12-20,Grainger,0,0,0,0,0,0,0,0,0,0,0,0,,,,,0,0,0,0,0
03-12-20,Greene,0,0,0,0,0,0,0,0,0,0,0,0,,,,,0,0,0,0,0
03-12-20,Grundy,0,0,0,0,0,0,0,0,0,0,0,0,,,,,0,0,0,0,0
03-12-20,Hamblen,0,0,0,0,0,0,0,0,0,0,0,0,,,,,0,0,0,0,0
03-12-20,Hamilton,0,0,0,0,0,0,0,0,1,1,1,1,,,,,0,0,0,0,0
03-12-20,Hancock,0,0,0,0,0,0,0,0,1,1,1,1,,,,,0,0,0,0,0
03-12-20,Hardeman,0,0,0,0,0,0,0,0,0,0,0,0,,,,,0,0,0,0,0
03-12-20,Hardin,0,0,0,0,0,0,0,0,0,0,0,0,,,,,0,0,0,0,0
03-12-20,Hawkins,0,0,0,0,0,0,0,0,1,1,1,1,,,,,0,0,0,0,0
03-12-20,Haywood,0,0,0,0,0,0,0,0,0,0,0,0,,,,,0,0,0,0,0
03-12-20,Henderson,0,0,0,0,0,0,0,0,0,0,0,0,,,,,0,0,0,0,0
03-12-20,Henry,0,0,0,0,0,0,0,0,0,0,0,0,,,,,0,0,0,0,0
03-12-20,Hickman,0,0,0,0,0,0,0,0,0,0,0,0,,,,,0,0,0,0,0
03-12-20,Houston,0,0,0,0,0,0,0,0,0,0,0,0,,,,,0,0,0,0,0
03-12-20,Humphreys,0,0,0,0,0,0,0,0,0,0,0,0,,,,,0,0,0,0,0
03-12-20,Jackson,0,0,0,0,0,0,0,0,0,0,0,0,,,,,0,0,0,0,0
03-12-20,Jefferson,0,0,0,0,0,0,0,0,0,0,0,0,,,,,0,0,0,0,0
03-12-20,Johnson,0,0,0,0,0,0,0,0,0,0,0,0,,,,,0,0,0,0,0
03-12-20,Knox,0,0,0,0,0,0,0,0,2,2,2,2,,,,,0,0,0,0,0
03-12-20,Lake,0,0,0,0,0,0,0,0,0,0,0,0,,,,,0,0,0,0,0
03-12-20,Lauderdale,0,0,0,0,0,0,0,0,0,0,0,0,,,,,0,0,0,0,0
03-12-20,Lawrence,0,0,0,0,0,0,0,0,1,1,1,1,,,,,0,0,0,0,0
03-12-20,Lewis,0,0,0,0,0,0,0,0,0,0,0,0,,,,,0,0,0,0,0
03-12-20,Lincoln,0,0,0,0,0,0,0,0,1,1,1,1,,,,,0,0,0,0,0
03-12-20,Loudon,0,0,0,0,0,0,0,0,0,0,0,0,,,,,0,0,0,0,0
03-12-20,Macon,0,0,0,0,0,0,0,0,0,0,0,0,,,,,0,0,0,0,0
03-12-20,Madison,0,0,0,0,0,0,0,0,0,0,0,0,,,,,0,0,0,0,0
03-12-20,Marion,0,0,0,0,0,0,0,0,2,2,2,2,,,,,0,0,0,0,0
03-12-20,Marshall,0,0,0,0,0,0,0,0,0,0,0,0,,,,,0,0,0,0,0
03-12-20,Maury,0,0,0,0,0,0,0,0,1,1,1,1,,,,,0,0,0,0,0
03-12-20,McMinn,0,0,0,0,0,0,0,0,1,1,1,1,,,,,0,0,0,0,0
03-12-20,McNairy,0,0,0,0,0,0,0,0,0,0,0,0,,,,,0,0,0,0,0
03-12-20,Meigs,0,0,0,0,0,0,0,0,0,0,0,0,,,,,0,0,0,0,0
03-12-20,Monroe,0,0,0,0,0,0,0,0,0,0,0,0,,,,,0,0,0,0,0
03-12-20,Montgomery,0,0,0,0,0,0,0,0,3,3,3,3,,,,,0,0,0,0,0
03-12-20,Moore,0,0,0,0,0,0,0,0,0,0,0,0,,,,,0,0,0,0,0
03-12-20,Morgan,0,0,0,0,0,0,0,0,0,0,0,0,,,,,0,0,0,0,0
03-12-20,Obion,0,0,0,0,0,0,0,0,0,0,0,0,,,,,0,0,0,0,0
03-12-20,Out of State,0,0,0,0,0,0,0,0,4,4,4,4,,,,,0,0,0,0,0
03-12-20,Overton,0,0,0,0,0,0,0,0,0,0,0,0,,,,,0,0,0,0,0
03-12-20,Pending,0,0,0,0,0,0,0,0,4,4,4,4,,,,,0,0,0,0,0
03-12-20,Perry,0,0,0,0,0,0,0,0,0,0,0,0,,,,,0,0,0,0,0
03-12-20,Pickett,0,0,0,0,0,0,0,0,0,0,0,0,,,,,0,0,0,0,0
03-12-20,Polk,0,0,0,0,0,0,0,0,0,0,0,0,,,,,0,0,0,0,0
03-12-20,Putnam,0,0,0,0,0,0,0,0,0,0,0,0,,,,,0,0,0,0,0
03-12-20,Rhea,0,0,0,0,0,0,0,0,0,0,0,0,,,,,0,0,0,0,0
03-12-20,Roane,0,0,0,0,0,0,0,0,0,0,0,0,,,,,0,0,0,0,0
03-12-20,Robertson,0,0,0,0,0,0,0,0,0,0,0,0,,,,,0,0,0,0,0
03-12-20,Rutherford,0,0,0,0,0,0,0,0,0,0,0,0,,,,,0,0,0,0,0
03-12-20,Scott,0,0,0,0,0,0,0,0,0,0,0,0,,,,,0,0,0,0,0
03-12-20,Sequatchie,0,0,0,0,0,0,0,0,0,0,0,0,,,,,0,0,0,0,0
03-12-20,Sevier,0,0,0,0,0,0,0,0,0,0,0,0,,,,,0,0,0,0,0
03-12-20,Shelby,0,0,0,0,0,0,0,0,1,1,1,1,,,,,0,0,0,0,0
03-12-20,Smith,0,0,0,0,0,0,0,0,0,0,0,0,,,,,0,0,0,0,0
03-12-20,Stewart,0,0,0,0,0,0,0,0,0,0,0,0,,,,,0,0,0,0,0
03-12-20,Sullivan,1,1,1,1,0,0,1,1,1,1,2,2,,,,,0,0,0,0,0
03-12-20,Sumner,0,0,0,0,0,0,0,0,3,3,3,3,,,,,0,0,0,0,0
03-12-20,Tipton,0,0,0,0,0,0,0,0,0,0,0,0,,,,,0,0,0,0,0
03-12-20,Trousdale,0,0,0,0,0,0,0,0,0,0,0,0,,,,,0,0,0,0,0
03-12-20,Unicoi,0,0,0,0,0,0,0,0,0,0,0,0,,,,,0,0,0,0,0
03-12-20,Union,0,0,0,0,0,0,0,0,0,0,0,0,,,,,0,0,0,0,0
03-12-20,Van Buren,0,0,0,0,0,0,0,0,0,0,0,0,,,,,0,0,0,0,0
03-12-20,Warren,0,0,0,0,0,0,0,0,0,0,0,0,,,,,0,0,0,0,0
03-12-20,Washington,0,0,0,0,0,0,0,0,0,0,0,0,,,,,0,0,0,0,0
03-12-20,Wayne,0,0,0,0,0,0,0,0,0,0,0,0,,,,,0,0,0,0,0
03-12-20,Weakley,0,0,0,0,0,0,0,0,0,0,0,0,,,,,0,0,0,0,0
03-12-20,White,0,0,0,0,0,0,0,0,0,0,0,0,,,,,0,0,0,0,0
03-12-20,Williamson,0,0,0,0,0,0,1,1,4,4,5,5,,,,,0,0,0,0,0
03-12-20,Wilson,0,0,0,0,0,0,0,0,0,0,0,0,,,,,0,0,0,0,0
