date_stamp,iso3166_1,cnt_confirmed,cnt_deaths,cnt_recovered,cnt_active
2022-11-18,AD,46824,156,0,46668
2022-11-18,AE,1042099,2348,0,1039751
2022-11-18,AF,205009,7830,0,197179
2022-11-18,AG,9106,146,0,8960
2022-11-18,AL,333233,3594,0,329639
2022-11-18,AM,445513,8709,0,436804
2022-11-18,AO,103131,1917,0,101214
2022-11-18,AR,9721718,130011,0,9591707
2022-11-18,AT,5510919,21134,0,5489785
2022-11-18,AU,10555312,15980,0,10539332
2022-11-18,AZ,823889,9969,0,813920
2022-11-18,BA,400336,16190,0,384146
2022-11-18,BB,103545,564,0,102981
2022-11-18,BD,2036325,29430,0,2006895
2022-11-18,BE,4627186,33021,0,4594165
2022-11-18,BF,21631,387,0,21244
2022-11-18,BG,1285113,37996,0,1247117
2022-11-18,BH,694602,1532,0,693070
2022-11-18,BI,50639,38,0,50601
2022-11-18,BJ,27922,163,0,27759
2022-11-18,BN,248861,225,0,248636
2022-11-18,BO,1110064,22244,0,1087820
2022-11-18,BR,34999495,688907,0,34310588
2022-11-18,BS,37453,833,0,36620
2022-11-18,BT,62460,21,0,62439
2022-11-18,BW,326344,2790,0,323554
2022-11-18,BY,994037,7118,0,986919
2022-11-18,BZ,68988,687,0,68301
2022-11-18,CA,4418363,47682,0,4370681
2022-11-18,CD,93837,1452,0,92385
2022-11-18,CF,15289,113,0,15176
2022-11-18,CG,25375,386,0,24989
2022-11-18,CH,4297635,14110,0,4283525
2022-11-18,CI,87864,829,0,87035
2022-11-18,CL,4865698,62130,0,4803568
2022-11-18,CM,123993,1965,0,122028
2022-11-18,CN,3242270,15809,0,3226461
2022-11-18,CO,6312657,141881,0,6170776
2022-11-18,CR,1143597,9031,0,1134566
2022-11-18,CU,1111335,8530,0,1102805
2022-11-18,CV,62783,410,0,62373
2022-11-18,CY,610023,1218,0,608805
2022-11-18,CZ,4167377,41746,0,4125631
2022-11-18,DE,36205405,156613,0,36048792
2022-11-18,DJ,15690,189,0,15501
2022-11-18,DK,3392212,7519,0,3384693
2022-11-18,DM,15760,74,0,15686
2022-11-18,DO,647868,4384,0,643484
2022-11-18,DZ,270996,6881,0,264115
2022-11-18,EC,1009388,35935,0,973453
2022-11-18,EE,608332,2757,0,605575
2022-11-18,EG,515645,24798,0,490847
2022-11-18,ER,10189,103,0,10086
2022-11-18,ES,13573721,115641,0,13458080
2022-11-18,ET,494285,7572,0,486713
2022-11-18,FI,1384654,7173,0,1377481
2022-11-18,FJ,68307,878,0,67429
2022-11-18,FM,22203,55,0,22148
2022-11-18,FR,37508185,159203,0,37348982
2022-11-18,GA,48972,306,0,48666
2022-11-18,GB,24203873,212086,0,23991787
2022-11-18,GD,19616,237,0,19379
2022-11-18,GE,1785138,16912,0,1768226
2022-11-18,GH,170972,1461,0,169511
2022-11-18,GM,12580,372,0,12208
2022-11-18,GN,38153,464,0,37689
2022-11-18,GQ,17182,183,0,16999
2022-11-18,GR,5306482,34024,0,5272458
2022-11-18,GT,1147699,19936,0,1127763
2022-11-18,GW,8848,176,0,8672
2022-11-18,GY,71522,1281,0,70241
2022-11-18,HN,457508,11043,0,446465
2022-11-18,HR,1251199,17254,0,1233945
2022-11-18,HT,33837,860,0,32977
2022-11-18,HU,2157995,48184,0,2109811
2022-11-18,ID,6596812,159323,0,6437489
2022-11-18,IE,1677386,8141,0,1669245
2022-11-18,IL,4704009,11810,0,4692199
2022-11-18,IN,44669748,530570,0,44139178
2022-11-18,IQ,2462317,25361,0,2436956
2022-11-18,IR,7559211,144620,0,7414591
2022-11-18,IS,206803,219,0,206584
2022-11-18,IT,24031538,180518,0,23851020
2022-11-18,JM,152381,3351,0,149030
2022-11-18,JO,1746997,14122,0,1732875
2022-11-18,JP,23626318,48066,0,23578252
2022-11-18,KE,340888,5684,0,335204
2022-11-18,KG,206483,2991,0,203492
2022-11-18,KH,138019,3056,0,134963
2022-11-18,KI,3430,13,0,3417
2022-11-18,KM,8941,161,0,8780
2022-11-18,KN,6552,46,0,6506
2022-11-18,KP,1,6,0,-5
2022-11-18,KR,26512754,29990,0,26482764
2022-11-18,KW,662510,2569,0,659941
2022-11-18,KZ,1485635,19053,0,1466582
2022-11-18,LA,216460,758,0,215702
2022-11-18,LB,1219928,10725,0,1209203
2022-11-18,LC,29692,408,0,29284
2022-11-18,LI,20815,87,0,20728
2022-11-18,LK,671497,16791,0,654706
2022-11-18,LR,8014,294,0,7720
2022-11-18,LS,34490,706,0,33784
2022-11-18,LT,1272774,9414,0,1263360
2022-11-18,LU,304962,1154,0,303808
2022-11-18,LV,959019,6083,0,952936
2022-11-18,LY,507070,6437,0,500633
2022-11-18,MA,1267177,16283,0,1250894
2022-11-18,MC,15195,65,0,15130
2022-11-18,MD,594441,11906,0,582535
2022-11-18,ME,283468,2789,0,280679
2022-11-18,MG,66859,1411,0,65448
2022-11-18,MH,15389,17,0,15372
2022-11-18,MK,344531,9567,0,334964
2022-11-18,ML,32755,742,0,32013
2022-11-18,MM,632957,19487,0,613470
2022-11-18,MN,989320,2133,0,987187
2022-11-18,MR,63417,997,0,62420
2022-11-18,MT,115673,808,0,114865
2022-11-18,MU,268397,1033,0,267364
2022-11-18,MV,185549,311,0,185238
2022-11-18,MW,88073,2896,0,85177
2022-11-18,MX,7118933,330444,0,6788489
2022-11-18,MY,4963216,36588,0,4926628
2022-11-18,MZ,230543,2224,0,228319
2022-11-18,NA,169946,4080,0,165866
2022-11-18,NE,9430,314,0,9116
2022-11-18,NG,266242,3155,0,263087
2022-11-18,NI,15219,245,0,14974
2022-11-18,NL,8645502,23549,0,8621953
2022-11-18,NO,1467328,4325,0,1463003
2022-11-18,NP,1000846,12019,0,988827
2022-11-18,NR,4618,1,0,4617
2022-11-18,NZ,1900515,2155,0,1898360
2022-11-18,OM,399027,4628,0,394399
2022-11-18,PA,992623,8515,0,984108
2022-11-18,PE,4180834,217218,0,3963616
2022-11-18,PG,45819,668,0,45151
2022-11-18,PH,4023798,64458,0,3959340
2022-11-18,PK,1574825,30630,0,1544195
2022-11-18,PL,6348380,118267,0,6230113
2022-11-18,PS,703036,5708,0,697328
2022-11-18,PT,5537108,25395,0,5511713
2022-11-18,PW,5684,7,0,5677
2022-11-18,PY,718071,19611,0,698460
2022-11-18,QA,475479,684,0,474795
2022-11-18,RO,3293742,67250,0,3226492
2022-11-18,RS,2416771,17336,0,2399435
2022-11-18,RU,21219827,383441,0,20836386
2022-11-18,RW,132643,1467,0,131176
2022-11-18,SA,824984,9443,0,815541
2022-11-18,SB,24575,153,0,24422
2022-11-18,SC,49380,171,0,49209
2022-11-18,SD,63595,4981,0,58614
2022-11-18,SE,2622790,20928,0,2601862
2022-11-18,SG,2150702,1699,0,2149003
2022-11-18,SI,1246440,6905,0,1239535
2022-11-18,SK,2647809,20705,0,2627104
2022-11-18,SL,7758,126,0,7632
2022-11-18,SM,21798,119,0,21679
2022-11-18,SN,88842,1968,0,86874
2022-11-18,SO,27254,1361,0,25893
2022-11-18,SR,81228,1392,0,79836
2022-11-18,SS,18339,138,0,18201
2022-11-18,ST,6275,77,0,6198
2022-11-18,SV,201785,4230,0,197555
2022-11-18,SY,57386,3163,0,54223
2022-11-18,SZ,73708,1422,0,72286
2022-11-18,TD,7637,194,0,7443
2022-11-18,TG,39321,290,0,39031
2022-11-18,TH,4698373,33037,0,4665336
2022-11-18,TJ,17786,125,0,17661
2022-11-18,TL,23323,138,0,23185
2022-11-18,TN,1146799,29266,0,1117533
2022-11-18,TO,16182,12,0,16170
2022-11-18,TR,16919638,101203,0,16818435
2022-11-18,TT,185094,4263,0,180831
2022-11-18,TV,2019,0,0,2019
2022-11-18,TW,8130231,13848,0,8116383
2022-11-18,TZ,40311,845,0,39466
2022-11-18,UA,5635276,118295,0,5516981
2022-11-18,UG,169663,3630,0,166033
2022-11-18,US,98301472,1077020,0,97224452
2022-11-18,UY,992035,7529,0,984506
2022-11-18,UZ,245246,1637,0,243609
2022-11-18,VA,29,0,0,29
2022-11-18,VC,9462,116,0,9346
2022-11-18,VE,546733,5825,0,540908
2022-11-18,VN,11510919,43168,0,11467751
2022-11-18,VU,11981,14,0,11967
2022-11-18,WS,15949,29,0,15920
2022-11-18,XK,272196,3202,0,268994
2022-11-18,YE,11945,2159,0,9786
2022-11-18,ZA,4037221,102395,0,3934826
2022-11-18,ZM,333685,4017,0,329668
2022-11-18,ZW,257893,5606,0,252287
