date_stamp,iso3166_1,cnt_confirmed,cnt_deaths,cnt_recovered,cnt_active
2022-12-18,AD,47606,158,0,47448
2022-12-18,AE,1046170,2348,0,1043822
2022-12-18,AF,207037,7845,0,199192
2022-12-18,AG,9106,146,0,8960
2022-12-18,AL,333650,3594,0,330056
2022-12-18,AM,445881,8712,0,437169
2022-12-18,AO,104946,1928,0,103018
2022-12-18,AR,9766975,130041,0,9636934
2022-12-18,AT,5648626,21317,0,5627309
2022-12-18,AU,10975374,16692,0,10958682
2022-12-18,AZ,825409,9993,0,815416
2022-12-18,BA,400769,16218,0,384551
2022-12-18,BB,104944,568,0,104376
2022-12-18,BD,2036928,29438,0,2007490
2022-12-18,BE,4658298,33155,0,4625143
2022-12-18,BF,21631,387,0,21244
2022-12-18,BG,1290186,38082,0,1252104
2022-12-18,BH,697810,1539,0,696271
2022-12-18,BI,51481,38,0,51443
2022-12-18,BJ,27982,163,0,27819
2022-12-18,BN,264490,225,0,264265
2022-12-18,BO,1132555,22269,0,1110286
2022-12-18,BR,35869526,691810,0,35177716
2022-12-18,BS,37491,833,0,36658
2022-12-18,BT,62521,21,0,62500
2022-12-18,BW,327511,2794,0,324717
2022-12-18,BY,994037,7118,0,986919
2022-12-18,BZ,69376,688,0,68688
2022-12-18,CA,4477829,48807,0,4429022
2022-12-18,CD,94970,1461,0,93509
2022-12-18,CF,15311,113,0,15198
2022-12-18,CG,25375,386,0,24989
2022-12-18,CH,4373011,14157,0,4358854
2022-12-18,CI,87911,830,0,87081
2022-12-18,CL,4983092,62875,0,4920217
2022-12-18,CM,123993,1965,0,122028
2022-12-18,CN,4215617,16348,0,4199269
2022-12-18,CO,6322281,141881,0,6180400
2022-12-18,CR,1152466,9051,0,1143415
2022-12-18,CU,1111670,8530,0,1103140
2022-12-18,CV,63164,412,0,62752
2022-12-18,CY,625562,1250,0,624312
2022-12-18,CZ,4572868,42006,0,4530862
2022-12-18,DE,36980883,159884,0,36820999
2022-12-18,DJ,15690,189,0,15501
2022-12-18,DK,3418420,7684,0,3410736
2022-12-18,DM,15760,74,0,15686
2022-12-18,DO,655540,4384,0,651156
2022-12-18,DZ,271174,6881,0,264293
2022-12-18,EC,1024914,35940,0,988974
2022-12-18,EE,610473,2814,0,607659
2022-12-18,EG,515645,24800,0,490845
2022-12-18,ER,10189,103,0,10086
2022-12-18,ES,13651239,116658,0,13534581
2022-12-18,ET,496160,7572,0,488588
2022-12-18,FI,1428446,7783,0,1420663
2022-12-18,FJ,68553,878,0,67675
2022-12-18,FM,22203,58,0,22145
2022-12-18,FR,39004649,161400,0,38843249
2022-12-18,GA,48973,306,0,48667
2022-12-18,GB,24318154,213892,0,24104262
2022-12-18,GD,19644,238,0,19406
2022-12-18,GE,1808085,16895,0,1791190
2022-12-18,GH,171023,1461,0,169562
2022-12-18,GM,12586,372,0,12214
2022-12-18,GN,38191,465,0,37726
2022-12-18,GQ,17186,183,0,17003
2022-12-18,GR,5500737,34614,0,5466123
2022-12-18,GT,1184754,19983,0,1164771
2022-12-18,GW,8848,176,0,8672
2022-12-18,GY,71757,1285,0,70472
2022-12-18,HN,462340,11060,0,451280
2022-12-18,HR,1259369,17452,0,1241917
2022-12-18,HT,33876,860,0,33016
2022-12-18,HU,2176249,48380,0,2127869
2022-12-18,ID,6709597,160398,0,6549199
2022-12-18,IE,1684717,8270,0,1676447
2022-12-18,IL,4747992,11954,0,4736038
2022-12-18,IN,44677310,530674,0,44146636
2022-12-18,IQ,2464375,25366,0,2439009
2022-12-18,IR,7560444,144664,0,7415780
2022-12-18,IS,207101,219,0,206882
2022-12-18,IT,24884034,183138,0,24700896
2022-12-18,JM,152669,3447,0,149222
2022-12-18,JO,1746997,14122,0,1732875
2022-12-18,JP,27138615,53327,0,27085288
2022-12-18,KE,342336,5688,0,336648
2022-12-18,KG,206553,2991,0,203562
2022-12-18,KH,138387,3056,0,135331
2022-12-18,KI,3430,13,0,3417
2022-12-18,KM,8979,161,0,8818
2022-12-18,KN,6560,46,0,6514
2022-12-18,KP,1,6,0,-5
2022-12-18,KR,28214915,31434,0,28183481
2022-12-18,KW,662747,2570,0,660177
2022-12-18,KZ,1488306,19057,0,1469249
2022-12-18,LA,217458,758,0,216700
2022-12-18,LB,1221640,10742,0,1210898
2022-12-18,LC,29736,409,0,29327
2022-12-18,LI,21170,88,0,21082
2022-12-18,LK,671813,16814,0,654999
2022-12-18,LR,8043,294,0,7749
2022-12-18,LS,34490,706,0,33784
2022-12-18,LT,1283384,9452,0,1273932
2022-12-18,LU,310066,1172,0,308894
2022-12-18,LV,970286,6121,0,964165
2022-12-18,LY,507112,6437,0,500675
2022-12-18,MA,1270820,16294,0,1254526
2022-12-18,MC,15833,65,0,15768
2022-12-18,MD,595745,11922,0,583823
2022-12-18,ME,284352,2790,0,281562
2022-12-18,MG,67684,1415,0,66269
2022-12-18,MH,15547,17,0,15530
2022-12-18,MK,345197,9599,0,335598
2022-12-18,ML,32767,743,0,32024
2022-12-18,MM,633555,19488,0,614067
2022-12-18,MN,1007025,2135,0,1004890
2022-12-18,MR,63425,997,0,62428
2022-12-18,MT,116114,811,0,115303
2022-12-18,MU,287999,1038,0,286961
2022-12-18,MV,185651,311,0,185340
2022-12-18,MW,88220,2685,0,85535
2022-12-18,MX,7188862,330795,0,6858067
2022-12-18,MY,5017863,36806,0,4981057
2022-12-18,MZ,230816,2229,0,228587
2022-12-18,NA,169946,4080,0,165866
2022-12-18,NE,9434,314,0,9120
2022-12-18,NG,266381,3155,0,263226
2022-12-18,NI,15308,245,0,15063
2022-12-18,NL,8668302,23648,0,8644654
2022-12-18,NO,1472301,4571,0,1467730
2022-12-18,NP,1000945,12019,0,988926
2022-12-18,NR,4621,1,0,4620
2022-12-18,NZ,2068999,2289,0,2066710
2022-12-18,OM,399119,4628,0,394491
2022-12-18,PA,1015970,8543,0,1007427
2022-12-18,PE,4412141,217855,0,4194286
2022-12-18,PG,46557,669,0,45888
2022-12-18,PH,4056239,65064,0,3991175
2022-12-18,PK,1575486,30635,0,1544851
2022-12-18,PL,6361588,118429,0,6243159
2022-12-18,PS,703228,5708,0,697520
2022-12-18,PT,5551364,25643,0,5525721
2022-12-18,PW,5955,9,0,5946
2022-12-18,PY,781111,19655,0,761456
2022-12-18,QA,486484,685,0,485799
2022-12-18,RO,3301662,67310,0,3234352
2022-12-18,RS,2435177,17471,0,2417706
2022-12-18,RU,21408756,385083,0,21023673
2022-12-18,RW,132811,1467,0,131344
2022-12-18,SA,826516,9496,0,817020
2022-12-18,SB,24575,153,0,24422
2022-12-18,SC,50355,172,0,50183
2022-12-18,SD,63663,4992,0,58671
2022-12-18,SE,2651702,21364,0,2630338
2022-12-18,SG,2189349,1709,0,2187640
2022-12-18,SI,1288339,6970,0,1281369
2022-12-18,SK,2654526,20783,0,2633743
2022-12-18,SL,7760,126,0,7634
2022-12-18,SM,22615,120,0,22495
2022-12-18,SN,88891,1968,0,86923
2022-12-18,SO,27300,1361,0,25939
2022-12-18,SR,81581,1393,0,80188
2022-12-18,SS,18368,138,0,18230
2022-12-18,ST,6279,77,0,6202
2022-12-18,SV,201785,4230,0,197555
2022-12-18,SY,57423,3163,0,54260
2022-12-18,SZ,73992,1422,0,72570
2022-12-18,TD,7648,194,0,7454
2022-12-18,TG,39339,290,0,39049
2022-12-18,TH,4718908,33505,0,4685403
2022-12-18,TJ,17786,125,0,17661
2022-12-18,TL,23379,138,0,23241
2022-12-18,TN,1147282,29272,0,1118010
2022-12-18,TO,16182,12,0,16170
2022-12-18,TR,16919638,101203,0,16818435
2022-12-18,TT,185708,4271,0,181437
2022-12-18,TV,2805,0,0,2805
2022-12-18,TW,8498195,14722,0,8483473
2022-12-18,TZ,42111,845,0,41266
2022-12-18,UA,5657698,118613,0,5539085
2022-12-18,UG,169810,3630,0,166180
2022-12-18,US,99892513,1087410,0,98805103
2022-12-18,UY,998047,7548,0,990499
2022-12-18,UZ,248625,1637,0,246988
2022-12-18,VA,29,0,0,29
2022-12-18,VC,9500,116,0,9384
2022-12-18,VE,549085,5830,0,543255
2022-12-18,VN,11522927,43179,0,11479748
2022-12-18,VU,11981,14,0,11967
2022-12-18,WS,15970,29,0,15941
2022-12-18,XK,272232,3202,0,269030
2022-12-18,YE,11945,2159,0,9786
2022-12-18,ZA,4046603,102568,0,3944035
2022-12-18,ZM,333746,4019,0,329727
2022-12-18,ZW,259356,5622,0,253734
