date_stamp,iso3166_1,cnt_confirmed,cnt_deaths,cnt_recovered,cnt_active
2022-07-19,AD,45061,153,0,44908
2022-07-19,AE,976180,2327,0,973853
2022-07-19,AF,183908,7736,0,176172
2022-07-19,AG,8712,144,0,8568
2022-07-19,AL,293917,3517,0,290400
2022-07-19,AM,424400,8629,0,415771
2022-07-19,AO,102209,1912,0,100297
2022-07-19,AR,9465827,129202,0,9336625
2022-07-19,AT,4663725,20183,0,4643542
2022-07-19,AU,8912149,10884,0,8901265
2022-07-19,AZ,794913,9727,0,785186
2022-07-19,BA,381543,15824,0,365719
2022-07-19,BB,88154,480,0,87674
2022-07-19,BD,1998291,29249,0,1969042
2022-07-19,BE,4368611,32089,0,4336522
2022-07-19,BF,21128,387,0,20741
2022-07-19,BG,1189000,37307,0,1151693
2022-07-19,BH,651514,1506,0,650008
2022-07-19,BI,43593,38,0,43555
2022-07-19,BJ,27271,163,0,27108
2022-07-19,BN,189903,225,0,189678
2022-07-19,BO,974005,21989,0,952016
2022-07-19,BR,33397814,675871,0,32721943
2022-07-19,BS,36454,822,0,35632
2022-07-19,BT,60109,21,0,60088
2022-07-19,BW,324841,2760,0,322081
2022-07-19,BY,994037,7118,0,986919
2022-07-19,BZ,66317,680,0,65637
2022-07-19,CA,4036848,43573,0,3993275
2022-07-19,CD,91928,1390,0,90538
2022-07-19,CF,14712,113,0,14599
2022-07-19,CG,24604,386,0,24218
2022-07-19,CH,3911515,13862,0,3897653
2022-07-19,CI,84658,808,0,83850
2022-07-19,CL,4145452,59140,0,4086312
2022-07-19,CM,120068,1931,0,118137
2022-07-19,CN,2198945,14675,0,2184270
2022-07-19,CO,6223497,140365,0,6083132
2022-07-19,CR,904934,8525,0,896409
2022-07-19,CU,1106930,8529,0,1098401
2022-07-19,CV,61964,409,0,61555
2022-07-19,CY,545896,1086,0,544810
2022-07-19,CZ,3958805,40365,0,3918440
2022-07-19,DE,29994679,142771,0,29851908
2022-07-19,DJ,15690,189,0,15501
2022-07-19,DK,3258821,6616,0,3252205
2022-07-19,DM,14852,68,0,14784
2022-07-19,DO,623105,4383,0,618722
2022-07-19,DZ,266542,6875,0,259667
2022-07-19,EC,936227,35774,0,900453
2022-07-19,EE,584373,2612,0,581761
2022-07-19,EG,515645,24750,0,490895
2022-07-19,ER,9892,103,0,9789
2022-07-19,ES,13132159,109642,0,13022517
2022-07-19,ET,491285,7563,0,483722
2022-07-19,FI,1171034,5012,0,1166022
2022-07-19,FJ,66975,870,0,66105
2022-07-19,FM,38,0,0,38
2022-07-19,FR,33375449,152019,0,33223430
2022-07-19,GA,48289,306,0,47983
2022-07-19,GB,23282749,182262,0,23100487
2022-07-19,GD,18694,233,0,18461
2022-07-19,GE,1667453,16847,0,1650606
2022-07-19,GH,167215,1456,0,165759
2022-07-19,GM,12028,368,0,11660
2022-07-19,GN,37358,445,0,36913
2022-07-19,GQ,16621,183,0,16438
2022-07-19,GR,4210771,30707,0,4180064
2022-07-19,GT,991257,18851,0,972406
2022-07-19,GW,8400,171,0,8229
2022-07-19,GY,69058,1267,0,67791
2022-07-19,HN,432139,10919,0,421220
2022-07-19,HR,1169342,16169,0,1153173
2022-07-19,HT,32103,837,0,31266
2022-07-19,HU,1940824,46696,0,1894128
2022-07-19,ID,6143431,156865,0,5986566
2022-07-19,IE,1628745,7571,0,1621174
2022-07-19,IL,4525442,11208,0,4514234
2022-07-19,IN,43801678,525821,0,43275857
2022-07-19,IQ,2413472,25274,0,2388198
2022-07-19,IR,7289542,141532,0,7148010
2022-07-19,IS,200397,179,0,200218
2022-07-19,IT,20299013,170213,0,20128800
2022-07-19,JM,144932,3173,0,141759
2022-07-19,JO,1705116,14070,0,1691046
2022-07-19,JP,10461481,31645,0,10429836
2022-07-19,KE,336904,5668,0,331236
2022-07-19,KG,201704,2991,0,198713
2022-07-19,KH,136499,3056,0,133443
2022-07-19,KI,3236,13,0,3223
2022-07-19,KM,8270,160,0,8110
2022-07-19,KN,6399,45,0,6354
2022-07-19,KP,1,6,0,-5
2022-07-19,KR,18937971,24777,0,18913194
2022-07-19,KW,648216,2556,0,645660
2022-07-19,KZ,1411836,19020,0,1392816
2022-07-19,LA,210592,757,0,209835
2022-07-19,LB,1144149,10494,0,1133655
2022-07-19,LC,27533,385,0,27148
2022-07-19,LI,18425,85,0,18340
2022-07-19,LK,664572,16531,0,648041
2022-07-19,LR,7505,294,0,7211
2022-07-19,LS,34040,702,0,33338
2022-07-19,LT,1171034,9191,0,1161843
2022-07-19,LU,277350,1107,0,276243
2022-07-19,LV,847709,5878,0,841831
2022-07-19,LY,502642,6431,0,496211
2022-07-19,MA,1253341,16193,0,1237148
2022-07-19,MC,13845,61,0,13784
2022-07-19,MD,523034,11584,0,511450
2022-07-19,ME,248535,2734,0,245801
2022-07-19,MG,66289,1406,0,64883
2022-07-19,MH,49,0,0,49
2022-07-19,MK,319806,9343,0,310463
2022-07-19,ML,31203,737,0,30466
2022-07-19,MM,613855,19434,0,594421
2022-07-19,MN,932058,2119,0,929939
2022-07-19,MR,62032,989,0,61043
2022-07-19,MT,111410,777,0,110633
2022-07-19,MU,236651,1008,0,235643
2022-07-19,MV,183908,307,0,183601
2022-07-19,MW,86968,2655,0,84313
2022-07-19,MX,6488358,326657,0,6161701
2022-07-19,MY,4629963,35870,0,4594093
2022-07-19,MZ,229117,2215,0,226902
2022-07-19,NA,169253,4069,0,165184
2022-07-19,NE,9104,311,0,8793
2022-07-19,NG,259485,3146,0,256339
2022-07-19,NI,14751,244,0,14507
2022-07-19,NL,8400164,23069,0,8377095
2022-07-19,NO,1453430,3504,0,1449926
2022-07-19,NP,982062,11954,0,970108
2022-07-19,NZ,1536017,1838,0,1534179
2022-07-19,OM,393002,4628,0,388374
2022-07-19,PA,942083,8395,0,933688
2022-07-19,PE,3761445,213840,0,3547605
2022-07-19,PG,44761,662,0,44099
2022-07-19,PH,3737222,60641,0,3676581
2022-07-19,PK,1547795,30452,0,1517343
2022-07-19,PL,6036042,116475,0,5919567
2022-07-19,PS,672039,5664,0,666375
2022-07-19,PT,5301289,24487,0,5276802
2022-07-19,PW,5308,6,0,5302
2022-07-19,PY,688820,19083,0,669737
2022-07-19,QA,397446,680,0,396766
2022-07-19,RO,2974880,65824,0,2909056
2022-07-19,RS,2063894,16178,0,2047716
2022-07-19,RU,18229239,374223,0,17855016
2022-07-19,RW,131944,1466,0,130478
2022-07-19,SA,805277,9233,0,796044
2022-07-19,SB,21544,153,0,21391
2022-07-19,SC,45269,168,0,45101
2022-07-19,SD,62874,4955,0,57919
2022-07-19,SE,2528166,19203,0,2508963
2022-07-19,SG,1616067,1460,0,1614607
2022-07-19,SI,1063613,6668,0,1056945
2022-07-19,SK,2566215,20176,0,2546039
2022-07-19,SL,7725,125,0,7600
2022-07-19,SM,19353,117,0,19236
2022-07-19,SN,86854,1968,0,84886
2022-07-19,SO,26912,1361,0,25551
2022-07-19,SR,80949,1379,0,79570
2022-07-19,SS,17733,138,0,17595
2022-07-19,ST,6087,74,0,6013
2022-07-19,SV,180970,4178,0,176792
2022-07-19,SY,56022,3150,0,52872
2022-07-19,SZ,73245,1417,0,71828
2022-07-19,TD,7430,193,0,7237
2022-07-19,TG,37850,275,0,37575
2022-07-19,TH,4565854,31050,0,4534804
2022-07-19,TJ,17786,125,0,17661
2022-07-19,TL,22980,133,0,22847
2022-07-19,TN,1114370,28942,0,1085428
2022-07-19,TO,12439,12,0,12427
2022-07-19,TR,15297539,99088,0,15198451
2022-07-19,TT,169428,4039,0,165389
2022-07-19,TW,4309904,8261,0,4301643
2022-07-19,TZ,37510,841,0,36669
2022-07-19,UA,5289986,116427,0,5173559
2022-07-19,UG,168802,3627,0,165175
2022-07-19,US,89830640,1024858,0,88805782
2022-07-19,UY,967808,7387,0,960421
2022-07-19,UZ,242366,1637,0,240729
2022-07-19,VA,29,0,0,29
2022-07-19,VC,9240,115,0,9125
2022-07-19,VE,530649,5748,0,524901
2022-07-19,VN,10762532,43091,0,10719441
2022-07-19,VU,11730,14,0,11716
2022-07-19,WS,15183,29,0,15154
2022-07-19,XK,238273,3151,0,235122
2022-07-19,YE,11849,2149,0,9700
2022-07-19,ZA,4000894,101935,0,3898959
2022-07-19,ZM,328550,4013,0,324537
2022-07-19,ZW,256187,5568,0,250619
