date_stamp,iso3166_1,cnt_confirmed,cnt_deaths,cnt_recovered,cnt_active
2022-07-20,AD,45061,153,0,44908
2022-07-20,AE,977578,2328,0,975250
2022-07-20,AF,184038,7737,0,176301
2022-07-20,AG,8712,144,0,8568
2022-07-20,AL,293917,3517,0,290400
2022-07-20,AM,424400,8629,0,415771
2022-07-20,AO,102209,1912,0,100297
2022-07-20,AR,9465827,129202,0,9336625
2022-07-20,AT,4675532,20198,0,4655334
2022-07-20,AU,8967138,10968,0,8956170
2022-07-20,AZ,795190,9727,0,785463
2022-07-20,BA,381982,15825,0,366157
2022-07-20,BB,88565,480,0,88085
2022-07-20,BD,1999395,29250,0,1970145
2022-07-20,BE,4381331,32118,0,4349213
2022-07-20,BF,21128,387,0,20741
2022-07-20,BG,1190644,37313,0,1153331
2022-07-20,BH,652527,1506,0,651021
2022-07-20,BI,43593,38,0,43555
2022-07-20,BJ,27271,163,0,27108
2022-07-20,BN,191774,225,0,191549
2022-07-20,BO,985630,21999,0,963631
2022-07-20,BR,33454294,676217,0,32778077
2022-07-20,BS,36502,822,0,35680
2022-07-20,BT,60109,21,0,60088
2022-07-20,BW,324841,2760,0,322081
2022-07-20,BY,994037,7118,0,986919
2022-07-20,BZ,66438,680,0,65758
2022-07-20,CA,4040958,43606,0,3997352
2022-07-20,CD,91928,1390,0,90538
2022-07-20,CF,14712,113,0,14599
2022-07-20,CG,24604,386,0,24218
2022-07-20,CH,3911515,13873,0,3897642
2022-07-20,CI,84742,808,0,83934
2022-07-20,CL,4152475,59146,0,4093329
2022-07-20,CM,120068,1931,0,118137
2022-07-20,CN,2203789,14676,0,2189113
2022-07-20,CO,6223497,140365,0,6083132
2022-07-20,CR,960340,8525,0,951815
2022-07-20,CU,1107005,8529,0,1098476
2022-07-20,CV,61994,409,0,61585
2022-07-20,CY,545896,1086,0,544810
2022-07-20,CZ,3961570,40370,0,3921200
2022-07-20,DE,30131303,142948,0,29988355
2022-07-20,DJ,15690,189,0,15501
2022-07-20,DK,3261046,6620,0,3254426
2022-07-20,DM,14852,68,0,14784
2022-07-20,DO,624167,4383,0,619784
2022-07-20,DZ,266591,6875,0,259716
2022-07-20,EC,940179,35781,0,904398
2022-07-20,EE,584373,2612,0,581761
2022-07-20,EG,515645,24750,0,490895
2022-07-20,ER,9898,103,0,9795
2022-07-20,ES,13132159,109642,0,13022517
2022-07-20,ET,491409,7563,0,483846
2022-07-20,FI,1171034,5012,0,1166022
2022-07-20,FJ,66975,870,0,66105
2022-07-20,FM,82,0,0,82
2022-07-20,FR,33465759,152144,0,33313615
2022-07-20,GA,48289,306,0,47983
2022-07-20,GB,23421534,183415,0,23238119
2022-07-20,GD,18694,233,0,18461
2022-07-20,GE,1667453,16847,0,1650606
2022-07-20,GH,167215,1456,0,165759
2022-07-20,GM,12028,368,0,11660
2022-07-20,GN,37358,445,0,36913
2022-07-20,GQ,16654,183,0,16471
2022-07-20,GR,4210771,30707,0,4180064
2022-07-20,GT,997980,18860,0,979120
2022-07-20,GW,8400,171,0,8229
2022-07-20,GY,69172,1268,0,67904
2022-07-20,HN,434796,10930,0,423866
2022-07-20,HR,1171581,16181,0,1155400
2022-07-20,HT,32131,838,0,31293
2022-07-20,HU,1951079,46736,0,1904343
2022-07-20,ID,6149084,156875,0,5992209
2022-07-20,IE,1639459,7620,0,1631839
2022-07-20,IL,4531681,11208,0,4520473
2022-07-20,IN,43824728,528433,0,43296295
2022-07-20,IQ,2417719,25277,0,2392442
2022-07-20,IR,7296635,141564,0,7155071
2022-07-20,IS,200397,179,0,200218
2022-07-20,IT,20385814,170370,0,20215444
2022-07-20,JM,144997,3174,0,141823
2022-07-20,JO,1705116,14070,0,1691046
2022-07-20,JP,10613947,31698,0,10582249
2022-07-20,KE,337005,5670,0,331335
2022-07-20,KG,201704,2991,0,198713
2022-07-20,KH,136512,3056,0,133456
2022-07-20,KI,3236,13,0,3223
2022-07-20,KM,8270,160,0,8110
2022-07-20,KN,6399,45,0,6354
2022-07-20,KP,1,6,0,-5
2022-07-20,KR,19009080,24794,0,18984286
2022-07-20,KW,648216,2556,0,645660
2022-07-20,KZ,1410812,19020,0,1391792
2022-07-20,LA,210638,757,0,209881
2022-07-20,LB,1147581,10496,0,1137085
2022-07-20,LC,27533,385,0,27148
2022-07-20,LI,18452,85,0,18367
2022-07-20,LK,664647,16533,0,648114
2022-07-20,LR,7505,294,0,7211
2022-07-20,LS,34040,702,0,33338
2022-07-20,LT,1172186,9194,0,1162992
2022-07-20,LU,277888,1107,0,276781
2022-07-20,LV,849802,5879,0,843923
2022-07-20,LY,502642,6431,0,496211
2022-07-20,MA,1254550,16198,0,1238352
2022-07-20,MC,13887,61,0,13826
2022-07-20,MD,526394,11592,0,514802
2022-07-20,ME,249304,2735,0,246569
2022-07-20,MG,66289,1406,0,64883
2022-07-20,MH,58,0,0,58
2022-07-20,MK,320598,9345,0,311253
2022-07-20,ML,31205,737,0,30468
2022-07-20,MM,613871,19434,0,594437
2022-07-20,MN,933241,2119,0,931122
2022-07-20,MR,62108,989,0,61119
2022-07-20,MT,111629,778,0,110851
2022-07-20,MU,236651,1008,0,235643
2022-07-20,MV,183908,307,0,183601
2022-07-20,MW,87105,2655,0,84450
2022-07-20,MX,6523019,326764,0,6196255
2022-07-20,MY,4635648,35878,0,4599770
2022-07-20,MZ,229160,2215,0,226945
2022-07-20,NA,169253,4069,0,165184
2022-07-20,NE,9104,311,0,8793
2022-07-20,NG,259485,3146,0,256339
2022-07-20,NI,14777,244,0,14533
2022-07-20,NL,8404838,23076,0,8381762
2022-07-20,NO,1453714,3596,0,1450118
2022-07-20,NP,982402,11954,0,970448
2022-07-20,NZ,1546353,1869,0,1544484
2022-07-20,OM,393002,4628,0,388374
2022-07-20,PA,942083,8395,0,933688
2022-07-20,PE,3773733,213870,0,3559863
2022-07-20,PG,44765,662,0,44103
2022-07-20,PH,3739160,60641,0,3678519
2022-07-20,PK,1548394,30455,0,1517939
2022-07-20,PL,6038893,116486,0,5922407
2022-07-20,PS,672039,5664,0,666375
2022-07-20,PT,5307141,24503,0,5282638
2022-07-20,PW,5308,6,0,5302
2022-07-20,PY,688820,19083,0,669737
2022-07-20,QA,398558,680,0,397878
2022-07-20,RO,2981659,65836,0,2915823
2022-07-20,RS,2067840,16185,0,2051655
2022-07-20,RU,18234870,374259,0,17860611
2022-07-20,RW,131950,1466,0,130484
2022-07-20,SA,805879,9233,0,796646
2022-07-20,SB,21544,153,0,21391
2022-07-20,SC,45269,168,0,45101
2022-07-20,SD,62914,4955,0,57959
2022-07-20,SE,2528166,19203,0,2508963
2022-07-20,SG,1626360,1463,0,1624897
2022-07-20,SI,1065473,6670,0,1058803
2022-07-20,SK,2567776,20183,0,2547593
2022-07-20,SL,7725,125,0,7600
2022-07-20,SM,19421,117,0,19304
2022-07-20,SN,86891,1968,0,84923
2022-07-20,SO,26912,1361,0,25551
2022-07-20,SR,80949,1379,0,79570
2022-07-20,SS,17733,138,0,17595
2022-07-20,ST,6087,74,0,6013
2022-07-20,SV,180970,4181,0,176789
2022-07-20,SY,56027,3150,0,52877
2022-07-20,SZ,73247,1417,0,71830
2022-07-20,TD,7430,193,0,7237
2022-07-20,TG,37850,276,0,37574
2022-07-20,TH,4565854,31050,0,4534804
2022-07-20,TJ,17786,125,0,17661
2022-07-20,TL,22984,133,0,22851
2022-07-20,TN,1114370,28942,0,1085428
2022-07-20,TO,12439,12,0,12427
2022-07-20,TR,15524071,99184,0,15424887
2022-07-20,TT,169581,4039,0,165542
2022-07-20,TW,4337076,8318,0,4328758
2022-07-20,TZ,37510,841,0,36669
2022-07-20,UA,5290040,116428,0,5173612
2022-07-20,UG,168845,3627,0,165218
2022-07-20,US,90046834,1025741,0,89021093
2022-07-20,UY,967808,7387,0,960421
2022-07-20,UZ,242437,1637,0,240800
2022-07-20,VA,29,0,0,29
2022-07-20,VC,9240,115,0,9125
2022-07-20,VE,531094,5753,0,525341
2022-07-20,VN,10763694,43091,0,10720603
2022-07-20,VU,11730,14,0,11716
2022-07-20,WS,15183,29,0,15154
2022-07-20,XK,240066,3153,0,236913
2022-07-20,YE,11849,2149,0,9700
2022-07-20,ZA,4001444,101939,0,3899505
2022-07-20,ZM,328550,4013,0,324537
2022-07-20,ZW,256187,5568,0,250619
