date_stamp,iso3166_1,cnt_confirmed,cnt_deaths,cnt_recovered,cnt_active
2022-11-09,AD,46664,155,0,46509
2022-11-09,AE,1040133,2348,0,1037785
2022-11-09,AF,204094,7829,0,196265
2022-11-09,AG,9106,146,0,8960
2022-11-09,AL,333088,3593,0,329495
2022-11-09,AM,445397,8709,0,436688
2022-11-09,AO,103131,1917,0,101214
2022-11-09,AR,9720232,130003,0,9590229
2022-11-09,AT,5477350,21059,0,5456291
2022-11-09,AU,10429996,15817,0,10414179
2022-11-09,AZ,823584,9957,0,813627
2022-11-09,BA,400129,16183,0,383946
2022-11-09,BB,103424,560,0,102864
2022-11-09,BD,2035992,29426,0,2006566
2022-11-09,BE,4619721,32959,0,4586762
2022-11-09,BF,21631,387,0,21244
2022-11-09,BG,1282284,37936,0,1244348
2022-11-09,BH,692639,1530,0,691109
2022-11-09,BI,50574,38,0,50536
2022-11-09,BJ,27912,163,0,27749
2022-11-09,BN,244599,225,0,244374
2022-11-09,BO,1109730,22241,0,1087489
2022-11-09,BR,34855492,688395,0,34167097
2022-11-09,BS,37416,833,0,36583
2022-11-09,BT,62430,21,0,62409
2022-11-09,BW,326344,2790,0,323554
2022-11-09,BY,994037,7118,0,986919
2022-11-09,BZ,68972,687,0,68285
2022-11-09,CA,4393414,47087,0,4346327
2022-11-09,CD,93219,1445,0,91774
2022-11-09,CF,15289,113,0,15176
2022-11-09,CG,24837,386,0,24451
2022-11-09,CH,4276848,14097,0,4262751
2022-11-09,CI,87839,829,0,87010
2022-11-09,CL,4810774,61870,0,4748904
2022-11-09,CM,123993,1965,0,122028
2022-11-09,CN,3046538,15724,0,3030814
2022-11-09,CO,6310332,141850,0,6168482
2022-11-09,CR,1138416,9009,0,1129407
2022-11-09,CU,1111303,8530,0,1102773
2022-11-09,CV,62619,410,0,62209
2022-11-09,CY,602662,1200,0,601462
2022-11-09,CZ,4163425,41682,0,4121743
2022-11-09,DE,35971322,155187,0,35816135
2022-11-09,DJ,15690,189,0,15501
2022-11-09,DK,3386898,7472,0,3379426
2022-11-09,DM,15760,74,0,15686
2022-11-09,DO,647653,4384,0,643269
2022-11-09,DZ,270906,6881,0,264025
2022-11-09,EC,1009388,35935,0,973453
2022-11-09,EE,607844,2757,0,605087
2022-11-09,EG,515645,24798,0,490847
2022-11-09,ER,10189,103,0,10086
2022-11-09,ES,13529643,115239,0,13414404
2022-11-09,ET,494119,7572,0,486547
2022-11-09,FI,1360721,6741,0,1353980
2022-11-09,FJ,68270,878,0,67392
2022-11-09,FM,22203,58,0,22145
2022-11-09,FR,37261364,158658,0,37102706
2022-11-09,GA,48945,306,0,48639
2022-11-09,GB,24155358,210681,0,23944677
2022-11-09,GD,19604,237,0,19367
2022-11-09,GE,1785138,16912,0,1768226
2022-11-09,GH,170894,1460,0,169434
2022-11-09,GM,12580,372,0,12208
2022-11-09,GN,38122,458,0,37664
2022-11-09,GQ,17178,183,0,16995
2022-11-09,GR,5250288,33888,0,5216400
2022-11-09,GT,1143697,19913,0,1123784
2022-11-09,GW,8848,176,0,8672
2022-11-09,GY,71453,1281,0,70172
2022-11-09,HN,457196,11039,0,446157
2022-11-09,HR,1249239,17205,0,1232034
2022-11-09,HT,33828,860,0,32968
2022-11-09,HU,2153564,48111,0,2105453
2022-11-09,ID,6537907,158952,0,6378955
2022-11-09,IE,1675723,8100,0,1667623
2022-11-09,IL,4693146,11788,0,4681358
2022-11-09,IN,44660293,530509,0,44129784
2022-11-09,IQ,2461857,25361,0,2436496
2022-11-09,IR,7558690,144605,0,7414085
2022-11-09,IS,206803,219,0,206584
2022-11-09,IT,23642011,179436,0,23462575
2022-11-09,JM,152306,3350,0,148956
2022-11-09,JO,1746997,14122,0,1732875
2022-11-09,JP,22902805,47342,0,22855463
2022-11-09,KE,339987,5678,0,334309
2022-11-09,KG,206464,2991,0,203473
2022-11-09,KH,137996,3056,0,134940
2022-11-09,KI,3430,13,0,3417
2022-11-09,KM,8879,161,0,8718
2022-11-09,KN,6549,46,0,6503
2022-11-09,KP,1,6,0,-5
2022-11-09,KR,26037020,29531,0,26007489
2022-11-09,KW,662359,2569,0,659790
2022-11-09,KZ,1485203,19053,0,1466150
2022-11-09,LA,216323,758,0,215565
2022-11-09,LB,1219297,10716,0,1208581
2022-11-09,LC,29654,407,0,29247
2022-11-09,LI,20741,87,0,20654
2022-11-09,LK,671354,16783,0,654571
2022-11-09,LR,7998,294,0,7704
2022-11-09,LS,34490,706,0,33784
2022-11-09,LT,1270708,9404,0,1261304
2022-11-09,LU,303571,1151,0,302420
2022-11-09,LV,955943,6070,0,949873
2022-11-09,LY,507060,6437,0,500623
2022-11-09,MA,1266231,16283,0,1249948
2022-11-09,MC,15057,65,0,14992
2022-11-09,MD,594163,11900,0,582263
2022-11-09,ME,283192,2787,0,280405
2022-11-09,MG,66788,1411,0,65377
2022-11-09,MH,15389,17,0,15372
2022-11-09,MK,344342,9564,0,334778
2022-11-09,ML,32741,742,0,31999
2022-11-09,MM,632461,19486,0,612975
2022-11-09,MN,986599,2131,0,984468
2022-11-09,MR,63407,997,0,62410
2022-11-09,MT,115532,808,0,114724
2022-11-09,MU,266489,1033,0,265456
2022-11-09,MV,185454,309,0,185145
2022-11-09,MW,88099,2683,0,85416
2022-11-09,MX,7115535,330417,0,6785118
2022-11-09,MY,4937020,36514,0,4900506
2022-11-09,MZ,230475,2224,0,228251
2022-11-09,NA,169946,4080,0,165866
2022-11-09,NE,9430,314,0,9116
2022-11-09,NG,266192,3155,0,263037
2022-11-09,NI,15203,245,0,14958
2022-11-09,NL,8636513,23510,0,8613003
2022-11-09,NO,1466164,4286,0,1461878
2022-11-09,NP,1000766,12019,0,988747
2022-11-09,NR,4611,1,0,4610
2022-11-09,NZ,1878933,2120,0,1876813
2022-11-09,OM,398775,4628,0,394147
2022-11-09,PA,991251,8509,0,982742
2022-11-09,PE,4163326,217103,0,3946223
2022-11-09,PG,45691,668,0,45023
2022-11-09,PH,4012868,64322,0,3948546
2022-11-09,PK,1574508,30629,0,1543879
2022-11-09,PL,6345188,118195,0,6226993
2022-11-09,PS,703036,5708,0,697328
2022-11-09,PT,5528365,25319,0,5503046
2022-11-09,PW,5530,7,0,5523
2022-11-09,PY,717980,19606,0,698374
2022-11-09,QA,472587,684,0,471903
2022-11-09,RO,3290564,67220,0,3223344
2022-11-09,RS,2410954,17298,0,2393656
2022-11-09,RU,21172652,382890,0,20789762
2022-11-09,RW,132611,1467,0,131144
2022-11-09,SA,824151,9425,0,814726
2022-11-09,SB,21544,153,0,21391
2022-11-09,SC,49380,171,0,49209
2022-11-09,SD,63558,4978,0,58580
2022-11-09,SE,2614997,20753,0,2594244
2022-11-09,SG,2131554,1693,0,2129861
2022-11-09,SI,1240194,6906,0,1233288
2022-11-09,SK,2645927,20651,0,2625276
2022-11-09,SL,7754,126,0,7628
2022-11-09,SM,21739,119,0,21620
2022-11-09,SN,88817,1968,0,86849
2022-11-09,SO,27254,1361,0,25893
2022-11-09,SR,81228,1392,0,79836
2022-11-09,SS,18325,138,0,18187
2022-11-09,ST,6275,77,0,6198
2022-11-09,SV,201785,4230,0,197555
2022-11-09,SY,57374,3163,0,54211
2022-11-09,SZ,73618,1422,0,72196
2022-11-09,TD,7631,194,0,7437
2022-11-09,TG,39314,290,0,39024
2022-11-09,TH,4695207,32995,0,4662212
2022-11-09,TJ,17786,125,0,17661
2022-11-09,TL,23312,138,0,23174
2022-11-09,TN,1146702,29263,0,1117439
2022-11-09,TO,16182,12,0,16170
2022-11-09,TR,16919638,101203,0,16818435
2022-11-09,TT,184949,4257,0,180692
2022-11-09,TV,163,0,0,163
2022-11-09,TW,7953885,13313,0,7940572
2022-11-09,TZ,40054,845,0,39209
2022-11-09,UA,5617906,118070,0,5499836
2022-11-09,UG,169473,3630,0,165843
2022-11-09,US,97900497,1073932,0,96826565
2022-11-09,UY,991219,7526,0,983693
2022-11-09,UZ,244878,1637,0,243241
2022-11-09,VA,29,0,0,29
2022-11-09,VC,9459,116,0,9343
2022-11-09,VE,546202,5823,0,540379
2022-11-09,VN,11507124,43166,0,11463958
2022-11-09,VU,11981,14,0,11967
2022-11-09,WS,15949,29,0,15920
2022-11-09,XK,272186,3202,0,268984
2022-11-09,YE,11945,2159,0,9786
2022-11-09,ZA,4031624,102363,0,3929261
2022-11-09,ZM,333685,4017,0,329668
2022-11-09,ZW,257893,5606,0,252287
