date_stamp,iso3166_1,cnt_confirmed,cnt_deaths,cnt_recovered,cnt_active
2022-07-08,AD,44671,153,0,44518
2022-07-08,AE,959736,2322,0,957414
2022-07-08,AF,183221,7728,0,175493
2022-07-08,AG,8686,143,0,8543
2022-07-08,AL,285731,3510,0,282221
2022-07-08,AM,423417,8629,0,414788
2022-07-08,AO,101320,1900,0,99420
2022-07-08,AR,9394326,129109,0,9265217
2022-07-08,AT,4542028,20099,0,4521929
2022-07-08,AU,8453587,10298,0,8443289
2022-07-08,AZ,793388,9717,0,783671
2022-07-08,BA,379563,15809,0,363754
2022-07-08,BB,85679,478,0,85201
2022-07-08,BD,1988101,29195,0,1958906
2022-07-08,BE,4294880,31977,0,4262903
2022-07-08,BF,21044,387,0,20657
2022-07-08,BG,1177572,37266,0,1140306
2022-07-08,BH,637542,1498,0,636044
2022-07-08,BI,42836,38,0,42798
2022-07-08,BJ,27216,163,0,27053
2022-07-08,BN,172280,225,0,172055
2022-07-08,BO,939612,21963,0,917649
2022-07-08,BR,32830844,673339,0,32157505
2022-07-08,BS,36159,822,0,35337
2022-07-08,BT,59824,21,0,59803
2022-07-08,BW,324154,2753,0,321401
2022-07-08,BY,994037,7118,0,986919
2022-07-08,BZ,64948,680,0,64268
2022-07-08,CA,3976889,42172,0,3934717
2022-07-08,CD,91393,1375,0,90018
2022-07-08,CF,14675,113,0,14562
2022-07-08,CG,24421,386,0,24035
2022-07-08,CH,3805774,13842,0,3791932
2022-07-08,CI,83979,805,0,83174
2022-07-08,CL,4065878,58757,0,4007121
2022-07-08,CM,120068,1931,0,118137
2022-07-08,CN,2157433,14638,0,2142795
2022-07-08,CO,6198848,140202,0,6058646
2022-07-08,CR,904934,8525,0,896409
2022-07-08,CU,1106327,8529,0,1097798
2022-07-08,CV,61517,407,0,61110
2022-07-08,CY,530510,1079,0,529431
2022-07-08,CZ,3941028,40332,0,3900696
2022-07-08,DE,29022265,141862,0,28880403
2022-07-08,DJ,15690,189,0,15501
2022-07-08,DK,3234881,6559,0,3228322
2022-07-08,DM,14852,68,0,14784
2022-07-08,DO,616024,4383,0,611641
2022-07-08,DZ,266228,6875,0,259353
2022-07-08,EC,918479,35749,0,882730
2022-07-08,EE,581560,2599,0,578961
2022-07-08,EG,515645,24724,0,490921
2022-07-08,ER,9811,103,0,9708
2022-07-08,ES,12973615,108730,0,12864885
2022-07-08,ET,490182,7550,0,482632
2022-07-08,FI,1158485,4941,0,1153544
2022-07-08,FJ,66126,866,0,65260
2022-07-08,FM,38,0,0,38
2022-07-08,FR,32318670,151056,0,32167614
2022-07-08,GA,47939,305,0,47634
2022-07-08,GB,23088053,181398,0,22906655
2022-07-08,GD,18531,233,0,18298
2022-07-08,GE,1662299,16844,0,1645455
2022-07-08,GH,166816,1453,0,165363
2022-07-08,GM,12009,365,0,11644
2022-07-08,GN,37358,443,0,36915
2022-07-08,GQ,16383,183,0,16200
2022-07-08,GR,3811622,30422,0,3781200
2022-07-08,GT,939300,18678,0,920622
2022-07-08,GW,8400,171,0,8229
2022-07-08,GY,68020,1259,0,66761
2022-07-08,HN,429408,10911,0,418497
2022-07-08,HR,1156932,16101,0,1140831
2022-07-08,HT,31767,837,0,30930
2022-07-08,HU,1932788,46661,0,1886127
2022-07-08,ID,6106024,156781,0,5949243
2022-07-08,IE,1614631,7536,0,1607095
2022-07-08,IL,4435991,11056,0,4424935
2022-07-08,IN,43604394,525386,0,43079008
2022-07-08,IQ,2379077,25253,0,2353824
2022-07-08,IR,7246707,141427,0,7105280
2022-07-08,IS,197707,179,0,197528
2022-07-08,IT,19259037,168969,0,19090068
2022-07-08,JM,143610,3148,0,140462
2022-07-08,JO,1700526,14068,0,1686458
2022-07-08,JP,9584835,31404,0,9553431
2022-07-08,KE,335569,5660,0,329909
2022-07-08,KG,201131,2991,0,198140
2022-07-08,KH,136326,3056,0,133270
2022-07-08,KI,3236,13,0,3223
2022-07-08,KM,8161,160,0,8001
2022-07-08,KN,6266,43,0,6223
2022-07-08,KP,1,6,0,-5
2022-07-08,KR,18491435,24624,0,18466811
2022-07-08,KW,646098,2556,0,643542
2022-07-08,KZ,1397812,19018,0,1378794
2022-07-08,LA,210348,757,0,209591
2022-07-08,LB,1121054,10473,0,1110581
2022-07-08,LC,27252,385,0,26867
2022-07-08,LI,18141,85,0,18056
2022-07-08,LK,664235,16525,0,647710
2022-07-08,LR,7500,294,0,7206
2022-07-08,LS,33938,699,0,33239
2022-07-08,LT,1164273,9178,0,1155095
2022-07-08,LU,270130,1097,0,269033
2022-07-08,LV,839846,5869,0,833977
2022-07-08,LY,502189,6430,0,495759
2022-07-08,MA,1238371,16147,0,1222224
2022-07-08,MC,13414,59,0,13355
2022-07-08,MD,521182,11570,0,509612
2022-07-08,ME,242705,2729,0,239976
2022-07-08,MG,65787,1401,0,64386
2022-07-08,MH,45,0,0,45
2022-07-08,MK,315699,9331,0,306368
2022-07-08,ML,31184,737,0,30447
2022-07-08,MM,613711,19434,0,594277
2022-07-08,MN,929653,2119,0,927534
2022-07-08,MR,61024,986,0,60038
2022-07-08,MT,107812,754,0,107058
2022-07-08,MU,231036,1004,0,230032
2022-07-08,MV,182720,306,0,182414
2022-07-08,MW,86706,2647,0,84059
2022-07-08,MX,6185219,325976,0,5859243
2022-07-08,MY,4589911,35801,0,4554110
2022-07-08,MZ,228562,2214,0,226348
2022-07-08,NA,169253,4065,0,165188
2022-07-08,NE,9031,310,0,8721
2022-07-08,NG,257637,3144,0,254493
2022-07-08,NI,14721,243,0,14478
2022-07-08,NL,8338213,23030,0,8315183
2022-07-08,NO,1450491,3415,0,1447076
2022-07-08,NP,980141,11952,0,968189
2022-07-08,NZ,1427972,1603,0,1426369
2022-07-08,OM,391641,4628,0,387013
2022-07-08,PA,932710,8384,0,924326
2022-07-08,PE,3662685,213652,0,3449033
2022-07-08,PG,44745,662,0,44083
2022-07-08,PH,3714770,60639,0,3654131
2022-07-08,PK,1542377,30420,0,1511957
2022-07-08,PL,6020679,116449,0,5904230
2022-07-08,PS,662490,5662,0,656828
2022-07-08,PT,5242121,24291,0,5217830
2022-07-08,PW,5269,6,0,5263
2022-07-08,PY,660841,18994,0,641847
2022-07-08,QA,387845,679,0,387166
2022-07-08,RO,2927187,65755,0,2861432
2022-07-08,RS,2038946,16146,0,2022800
2022-07-08,RU,18185995,373779,0,17812216
2022-07-08,RW,131566,1461,0,130105
2022-07-08,SA,799435,9219,0,790216
2022-07-08,SB,21544,153,0,21391
2022-07-08,SC,45000,167,0,44833
2022-07-08,SD,62745,4952,0,57793
2022-07-08,SE,2523404,19144,0,2504260
2022-07-08,SG,1515222,1427,0,1513795
2022-07-08,SI,1047765,6659,0,1041106
2022-07-08,SK,2556052,20157,0,2535895
2022-07-08,SL,7716,125,0,7591
2022-07-08,SM,18361,115,0,18246
2022-07-08,SN,86455,1968,0,84487
2022-07-08,SO,26865,1361,0,25504
2022-07-08,SR,80890,1376,0,79514
2022-07-08,SS,17733,138,0,17595
2022-07-08,ST,6064,74,0,5990
2022-07-08,SV,180970,4155,0,176815
2022-07-08,SY,55949,3150,0,52799
2022-07-08,SZ,73205,1417,0,71788
2022-07-08,TD,7426,193,0,7233
2022-07-08,TG,37554,275,0,37279
2022-07-08,TH,4540955,30798,0,4510157
2022-07-08,TJ,17786,125,0,17661
2022-07-08,TL,22969,133,0,22836
2022-07-08,TN,1066127,28748,0,1037379
2022-07-08,TO,12382,12,0,12370
2022-07-08,TR,15180444,99057,0,15081387
2022-07-08,TT,167896,4021,0,163875
2022-07-08,TW,4026067,7459,0,4018608
2022-07-08,TZ,35768,841,0,34927
2022-07-08,UA,5040518,112459,0,4928059
2022-07-08,UG,168227,3622,0,164605
2022-07-08,US,88547882,1020816,0,87527066
2022-07-08,UY,962251,7351,0,954900
2022-07-08,UZ,241468,1637,0,239831
2022-07-08,VA,29,0,0,29
2022-07-08,VC,9083,114,0,8969
2022-07-08,VE,527789,5739,0,522050
2022-07-08,VN,10752942,43089,0,10709853
2022-07-08,VU,11569,14,0,11555
2022-07-08,WS,15052,29,0,15023
2022-07-08,XK,231060,3140,0,227920
2022-07-08,YE,11832,2149,0,9683
2022-07-08,ZA,3997269,101876,0,3895393
2022-07-08,ZM,326794,4008,0,322786
2022-07-08,ZW,255891,5562,0,250329
