date_stamp,iso3166_1,cnt_confirmed,cnt_deaths,cnt_recovered,cnt_active
2022-04-09,AD,40328,153,0,40175
2022-04-09,AE,893538,2302,0,891236
2022-04-09,AF,177974,7671,0,170303
2022-04-09,AG,7511,135,0,7376
2022-04-09,AL,274191,3492,0,270699
2022-04-09,AM,422662,8620,0,414042
2022-04-09,AO,99194,1900,0,97294
2022-04-09,AR,9052083,128197,0,8923886
2022-04-09,AT,3976750,16208,0,3960542
2022-04-09,AU,5059642,6562,0,5053080
2022-04-09,AZ,792216,9703,0,782513
2022-04-09,BA,376081,15732,0,360349
2022-04-09,BB,61953,379,0,61574
2022-04-09,BD,1952023,29123,0,1922900
2022-04-09,BE,3915732,30997,0,3884735
2022-04-09,BF,20858,382,0,20476
2022-04-09,BG,1145143,36692,0,1108451
2022-04-09,BH,559431,1472,0,557959
2022-04-09,BI,38663,38,0,38625
2022-04-09,BJ,26952,163,0,26789
2022-04-09,BN,138261,215,0,138046
2022-04-09,BO,903306,21899,0,881407
2022-04-09,BR,30146769,661475,0,29485294
2022-04-09,BS,33346,789,0,32557
2022-04-09,BT,40629,14,0,40615
2022-04-09,BW,305526,2686,0,302840
2022-04-09,BY,969616,6872,0,962744
2022-04-09,BZ,57318,660,0,56658
2022-04-09,CA,3545510,37928,0,3507582
2022-04-09,CD,86748,1337,0,85411
2022-04-09,CF,14649,113,0,14536
2022-04-09,CG,24079,385,0,23694
2022-04-09,CH,3528689,13607,0,3515082
2022-04-09,CI,81814,796,0,81018
2022-04-09,CL,3508556,56997,0,3451559
2022-04-09,CM,119780,1927,0,117853
2022-04-09,CN,1575964,13343,0,1562621
2022-04-09,CO,6087737,139713,0,5948024
2022-04-09,CR,841343,8327,0,833016
2022-04-09,CU,1096234,8517,0,1087717
2022-04-09,CV,55971,401,0,55570
2022-04-09,CY,456126,980,0,455146
2022-04-09,CZ,3862322,39880,0,3822442
2022-04-09,DE,22684849,131715,0,22553134
2022-04-09,DJ,15594,189,0,15405
2022-04-09,DK,3130061,5934,0,3124127
2022-04-09,DM,11953,63,0,11890
2022-04-09,DO,578416,4375,0,574041
2022-04-09,DZ,265720,6874,0,258846
2022-04-09,EC,863398,35461,0,827937
2022-04-09,EE,563684,2490,0,561194
2022-04-09,EG,509177,24473,0,484704
2022-04-09,ER,9729,103,0,9626
2022-04-09,ES,11551574,102541,0,11449033
2022-04-09,ET,470025,7509,0,462516
2022-04-09,FI,920692,3334,0,917358
2022-04-09,FJ,64492,834,0,63658
2022-04-09,FM,1,0,0,1
2022-04-09,FR,27029271,144280,0,26884991
2022-04-09,GA,47588,303,0,47285
2022-04-09,GB,21716180,170367,0,21545813
2022-04-09,GD,14024,218,0,13806
2022-04-09,GE,1651322,16770,0,1634552
2022-04-09,GH,161048,1445,0,159603
2022-04-09,GM,11990,365,0,11625
2022-04-09,GN,36459,440,0,36019
2022-04-09,GQ,16001,183,0,15818
2022-04-09,GR,3164995,28076,0,3136919
2022-04-09,GT,835213,17373,0,817840
2022-04-09,GW,8172,170,0,8002
2022-04-09,GY,63315,1226,0,62089
2022-04-09,HN,421268,10888,0,410380
2022-04-09,HR,1108551,15675,0,1092876
2022-04-09,HT,30585,835,0,29750
2022-04-09,HU,1868007,45721,0,1822286
2022-04-09,ID,6031636,155597,0,5876039
2022-04-09,IE,1487164,6863,0,1480301
2022-04-09,IL,3993515,10559,0,3982956
2022-04-09,IN,43035271,521685,0,42513586
2022-04-09,IQ,2321781,25183,0,2296598
2022-04-09,IR,7188749,140577,0,7048172
2022-04-09,IS,183363,105,0,183258
2022-04-09,IT,15238128,160658,0,15077470
2022-04-09,JM,128972,2902,0,126070
2022-04-09,JO,1694216,14048,0,1680168
2022-04-09,JP,6990349,28649,0,6961700
2022-04-09,KE,323531,5648,0,317883
2022-04-09,KG,200969,2991,0,197978
2022-04-09,KH,135914,3055,0,132859
2022-04-09,KI,3069,13,0,3056
2022-04-09,KM,8097,160,0,7937
2022-04-09,KN,5553,43,0,5510
2022-04-09,KR,15333670,19421,0,15314249
2022-04-09,KW,630252,2555,0,627697
2022-04-09,KZ,1394044,19013,0,1375031
2022-04-09,LA,194541,692,0,193849
2022-04-09,LB,1094503,10338,0,1084165
2022-04-09,LC,23029,365,0,22664
2022-04-09,LI,16702,84,0,16618
2022-04-09,LK,662559,16489,0,646070
2022-04-09,LR,7400,294,0,7106
2022-04-09,LS,32910,697,0,32213
2022-04-09,LT,1040509,8961,0,1031548
2022-04-09,LU,223666,1045,0,222621
2022-04-09,LV,808341,5678,0,802663
2022-04-09,LY,501807,6425,0,495382
2022-04-09,MA,1163962,16061,0,1147901
2022-04-09,MC,11152,54,0,11098
2022-04-09,MD,515312,11461,0,503851
2022-04-09,ME,233692,2706,0,230986
2022-04-09,MG,64050,1388,0,62662
2022-04-09,MH,7,0,0,7
2022-04-09,MK,307654,9244,0,298410
2022-04-09,ML,30546,729,0,29817
2022-04-09,MM,612278,19434,0,592844
2022-04-09,MN,919870,2177,0,917693
2022-04-09,MR,58710,982,0,57728
2022-04-09,MT,85620,659,0,84961
2022-04-09,MU,214860,985,0,213875
2022-04-09,MV,177665,298,0,177367
2022-04-09,MW,85702,2628,0,83074
2022-04-09,MX,5722596,323691,0,5398905
2022-04-09,MY,4317706,35280,0,4282426
2022-04-09,MZ,225280,2200,0,223080
2022-04-09,NA,157858,4021,0,153837
2022-04-09,NE,8822,308,0,8514
2022-04-09,NG,255606,3142,0,252464
2022-04-09,NI,18491,231,0,18260
2022-04-09,NL,8150161,22702,0,8127459
2022-04-09,NO,1415609,2667,0,1412942
2022-04-09,NP,978568,11951,0,966617
2022-04-09,NZ,770466,457,0,770009
2022-04-09,OM,388603,4253,0,384350
2022-04-09,PA,766504,8174,0,758330
2022-04-09,PE,3551245,212471,0,3338774
2022-04-09,PG,43424,643,0,42781
2022-04-09,PH,3681101,59730,0,3621371
2022-04-09,PK,1526568,30361,0,1496207
2022-04-09,PL,5977773,115635,0,5862138
2022-04-09,PS,656287,5655,0,650632
2022-04-09,PT,3667184,21874,0,3645310
2022-04-09,PW,4098,6,0,4092
2022-04-09,PY,648446,18734,0,629712
2022-04-09,QA,362623,677,0,361946
2022-04-09,RO,2871937,65198,0,2806739
2022-04-09,RS,1988716,15877,0,1972839
2022-04-09,RU,17720977,364011,0,17356966
2022-04-09,RW,129748,1459,0,128289
2022-04-09,SA,751717,9055,0,742662
2022-04-09,SB,12005,137,0,11868
2022-04-09,SC,41059,164,0,40895
2022-04-09,SD,61987,4907,0,57080
2022-04-09,SE,2491980,18506,0,2473474
2022-04-09,SG,1135428,1299,0,1134129
2022-04-09,SI,986719,6531,0,980188
2022-04-09,SK,2488243,19549,0,2468694
2022-04-09,SL,7677,125,0,7552
2022-04-09,SM,15629,114,0,15515
2022-04-09,SN,85949,1965,0,83984
2022-04-09,SO,26471,1361,0,25110
2022-04-09,SR,79241,1325,0,77916
2022-04-09,SS,17333,138,0,17195
2022-04-09,ST,5948,73,0,5875
2022-04-09,SV,161945,4121,0,157824
2022-04-09,SY,55739,3146,0,52593
2022-04-09,SZ,69966,1395,0,68571
2022-04-09,TD,7349,192,0,7157
2022-04-09,TG,36956,272,0,36684
2022-04-09,TH,3883485,26083,0,3857402
2022-04-09,TJ,17786,125,0,17661
2022-04-09,TL,22842,130,0,22712
2022-04-09,TN,1037358,28425,0,1008933
2022-04-09,TO,7931,9,0,7922
2022-04-09,TR,14953365,98377,0,14854988
2022-04-09,TT,139973,3774,0,136199
2022-04-09,TW,26836,854,0,25982
2022-04-09,TZ,33815,800,0,33015
2022-04-09,UA,5040518,112459,0,4928059
2022-04-09,UG,163985,3596,0,160389
2022-04-09,US,80399486,985482,0,79414004
2022-04-09,UY,893575,7181,0,886394
2022-04-09,UZ,238040,1637,0,236403
2022-04-09,VA,29,0,0,29
2022-04-09,VC,8339,106,0,8233
2022-04-09,VE,521373,5693,0,515680
2022-04-09,VN,10169929,42794,0,10127135
2022-04-09,VU,5125,4,0,5121
2022-04-09,WS,3320,3,0,3317
2022-04-09,XK,227709,3138,0,224571
2022-04-09,YE,11813,2147,0,9666
2022-04-09,ZA,3731247,100096,0,3631151
2022-04-09,ZM,317483,3967,0,313516
2022-04-09,ZW,246925,5457,0,241468
