date_stamp,iso3166_1,cnt_confirmed,cnt_deaths,cnt_recovered,cnt_active
2022-01-23,AD,33025,144,0,32881
2022-01-23,AE,825699,2214,0,823485
2022-01-23,AF,159649,7393,0,152256
2022-01-23,AG,5931,122,0,5809
2022-01-23,AL,248070,3305,0,244765
2022-01-23,AM,351711,8028,0,343683
2022-01-23,AO,96582,1888,0,94694
2022-01-23,AR,7862536,119168,0,7743368
2022-01-23,AT,1600041,13991,0,1586050
2022-01-23,AU,2229104,3148,0,2225956
2022-01-23,AZ,633731,8610,0,625121
2022-01-23,BA,329569,13984,0,315585
2022-01-23,BB,39212,275,0,38937
2022-01-23,BD,1685136,28223,0,1656913
2022-01-23,BE,2697239,28780,0,2668459
2022-01-23,BF,20514,353,0,20161
2022-01-23,BG,880228,32664,0,847564
2022-01-23,BH,330621,1399,0,329222
2022-01-23,BI,36868,38,0,36830
2022-01-23,BJ,26309,163,0,26146
2022-01-23,BN,16084,98,0,15986
2022-01-23,BO,804677,20570,0,784107
2022-01-23,BR,24054405,623370,0,23431035
2022-01-23,BS,32068,729,0,31339
2022-01-23,BT,3649,3,0,3646
2022-01-23,BW,243946,2544,0,241402
2022-01-23,BY,726860,5933,0,720927
2022-01-23,BZ,45753,616,0,45137
2022-01-23,CA,2885629,32294,0,2853335
2022-01-23,CD,84283,1278,0,83005
2022-01-23,CF,13611,109,0,13502
2022-01-23,CG,23485,371,0,23114
2022-01-23,CH,1879319,12586,0,1866733
2022-01-23,CI,80176,779,0,79397
2022-01-23,CL,1965393,39512,0,1925881
2022-01-23,CM,114113,1867,0,112246
2022-01-23,CN,118773,4849,0,113924
2022-01-23,CO,5740179,132240,0,5607939
2022-01-23,CR,643496,7451,0,636045
2022-01-23,CU,1022112,8363,0,1013749
2022-01-23,CV,55306,389,0,54917
2022-01-23,CY,239073,712,0,238361
2022-01-23,CZ,2750865,37034,0,2713831
2022-01-23,DE,8773030,116751,0,8656279
2022-01-23,DJ,15311,189,0,15122
2022-01-23,DK,1421658,3629,0,1418029
2022-01-23,DM,8517,49,0,8468
2022-01-23,DO,539580,4287,0,535293
2022-01-23,DZ,236670,6495,0,230175
2022-01-23,EC,658045,34279,0,623766
2022-01-23,EE,291426,2005,0,289421
2022-01-23,EG,410098,22368,0,387730
2022-01-23,ER,9297,93,0,9204
2022-01-23,ES,8975458,91741,0,8883717
2022-01-23,ET,462107,7244,0,454863
2022-01-23,FI,371135,1724,0,369411
2022-01-23,FJ,60931,768,0,60163
2022-01-23,FM,1,0,0,1
2022-01-23,FR,16807733,129620,0,16678113
2022-01-23,GA,45909,300,0,45609
2022-01-23,GB,15966838,154374,0,15812464
2022-01-23,GD,11344,205,0,11139
2022-01-23,GE,1051445,14701,0,1036744
2022-01-23,GH,155496,1367,0,154129
2022-01-23,GM,11572,347,0,11225
2022-01-23,GN,35857,414,0,35443
2022-01-23,GQ,15690,179,0,15511
2022-01-23,GR,1793311,22635,0,1770676
2022-01-23,GT,669830,16268,0,653562
2022-01-23,GW,7284,154,0,7130
2022-01-23,GY,57227,1134,0,56093
2022-01-23,HN,387515,10468,0,377047
2022-01-23,HR,877060,13407,0,863653
2022-01-23,HT,28471,783,0,27688
2022-01-23,HU,1401457,40822,0,1360635
2022-01-23,ID,4286378,144220,0,4142158
2022-01-23,IE,1145968,6087,0,1139881
2022-01-23,IL,2212589,8393,0,2204196
2022-01-23,IN,39543328,489848,0,39053480
2022-01-23,IQ,2154237,24287,0,2129950
2022-01-23,IR,6250490,132230,0,6118260
2022-01-23,IS,54579,44,0,54535
2022-01-23,IT,9923678,143523,0,9780155
2022-01-23,JM,119565,2594,0,116971
2022-01-23,JO,1141048,13073,0,1127975
2022-01-23,JP,2175719,18507,0,2157212
2022-01-23,KE,320229,5554,0,314675
2022-01-23,KG,195394,2849,0,192545
2022-01-23,KH,121026,3015,0,118011
2022-01-23,KI,2,0,0,2
2022-01-23,KM,7812,159,0,7653
2022-01-23,KN,5254,28,0,5226
2022-01-23,KR,741413,6565,0,734848
2022-01-23,KW,497454,2486,0,494968
2022-01-23,KZ,1243220,18357,0,1224863
2022-01-23,LA,129953,526,0,129427
2022-01-23,LB,865229,9487,0,855742
2022-01-23,LC,19680,316,0,19364
2022-01-23,LI,7838,73,0,7765
2022-01-23,LK,601886,15299,0,586587
2022-01-23,LR,7208,288,0,6920
2022-01-23,LS,32049,690,0,31359
2022-01-23,LT,608558,7758,0,600800
2022-01-23,LU,137570,943,0,136627
2022-01-23,LV,335541,4795,0,330746
2022-01-23,LY,405425,5921,0,399504
2022-01-23,MA,1098413,15132,0,1083281
2022-01-23,MC,7583,45,0,7538
2022-01-23,MD,409397,10522,0,398875
2022-01-23,ME,213140,2513,0,210627
2022-01-23,MG,57375,1223,0,56152
2022-01-23,MH,7,0,0,7
2022-01-23,MK,256281,8218,0,248063
2022-01-23,ML,29677,705,0,28972
2022-01-23,MM,534071,19310,0,514761
2022-01-23,MN,428350,2094,0,426256
2022-01-23,MR,57384,927,0,56457
2022-01-23,MT,65869,532,0,65337
2022-01-23,MU,25159,240,0,24919
2022-01-23,MV,117461,270,0,117191
2022-01-23,MW,83823,2523,0,81300
2022-01-23,MX,4667829,303183,0,4364646
2022-01-23,MY,2832945,31892,0,2801053
2022-01-23,MZ,222596,2157,0,220439
2022-01-23,NA,155255,3914,0,151341
2022-01-23,NE,8542,295,0,8247
2022-01-23,NG,252187,3124,0,249063
2022-01-23,NI,17604,219,0,17385
2022-01-23,NL,3973499,21723,0,3951776
2022-01-23,NO,622596,1414,0,621182
2022-01-23,NP,910394,11655,0,898739
2022-01-23,NZ,15627,52,0,15575
2022-01-23,OM,322438,4128,0,318310
2022-01-23,PA,644683,7598,0,637085
2022-01-23,PE,2946151,204323,0,2741828
2022-01-23,PG,36446,596,0,35850
2022-01-23,PH,3417216,53472,0,3363744
2022-01-23,PK,1374800,29105,0,1345695
2022-01-23,PL,4518218,103844,0,4414374
2022-01-23,PS,480583,5042,0,475541
2022-01-23,PT,2221825,19569,0,2202256
2022-01-23,PW,502,0,0,502
2022-01-23,PY,516555,16887,0,499668
2022-01-23,QA,323345,634,0,322711
2022-01-23,RO,2017129,59547,0,1957582
2022-01-23,RS,1544900,13271,0,1531629
2022-01-23,RU,10923494,319536,0,10603958
2022-01-23,RW,128009,1432,0,126577
2022-01-23,SA,652354,8920,0,643434
2022-01-23,SB,289,0,0,289
2022-01-23,SC,34367,143,0,34224
2022-01-23,SD,53959,3393,0,50566
2022-01-23,SE,1784005,15674,0,1768331
2022-01-23,SG,313772,848,0,312924
2022-01-23,SI,603341,5772,0,597569
2022-01-23,SK,1462998,17643,0,1445355
2022-01-23,SL,7590,125,0,7465
2022-01-23,SM,11466,107,0,11359
2022-01-23,SN,84295,1925,0,82370
2022-01-23,SO,24322,1335,0,22987
2022-01-23,SR,70074,1239,0,68835
2022-01-23,SS,16673,137,0,16536
2022-01-23,ST,5832,69,0,5763
2022-01-23,SV,127012,3855,0,123157
2022-01-23,SY,50985,2968,0,48017
2022-01-23,SZ,68081,1369,0,66712
2022-01-23,TD,6889,185,0,6704
2022-01-23,TG,36313,266,0,36047
2022-01-23,TH,2384639,22045,0,2362594
2022-01-23,TJ,17493,125,0,17368
2022-01-23,TL,19868,122,0,19746
2022-01-23,TN,846761,25954,0,820807
2022-01-23,TO,1,0,0,1
2022-01-23,TR,10947129,85969,0,10861160
2022-01-23,TT,106417,3302,0,103115
2022-01-23,TW,18325,851,0,17474
2022-01-23,TZ,32393,753,0,31640
2022-01-23,UA,4042152,105791,0,3936361
2022-01-23,UG,160352,3474,0,156878
2022-01-23,US,70700678,866540,0,69834138
2022-01-23,UY,588995,6308,0,582687
2022-01-23,UZ,213767,1540,0,212227
2022-01-23,VA,29,0,0,29
2022-01-23,VC,6615,90,0,6525
2022-01-23,VE,469566,5405,0,464161
2022-01-23,VN,2141422,36719,0,2104703
2022-01-23,VU,7,1,0,6
2022-01-23,WS,18,0,0,18
2022-01-23,XK,181446,2998,0,178448
2022-01-23,YE,10585,1995,0,8590
2022-01-23,ZA,3581359,94177,0,3487182
2022-01-23,ZM,301630,3895,0,297735
2022-01-23,ZW,228254,5294,0,222960
