date_stamp,iso3166_1,cnt_confirmed,cnt_deaths,cnt_recovered,cnt_active
2023-01-15,AD,47781,165,0,47616
2023-01-15,AE,1048098,2348,0,1045750
2023-01-15,AF,207900,7854,0,200046
2023-01-15,AG,9106,146,0,8960
2023-01-15,AL,334037,3596,0,330441
2023-01-15,AM,445976,8716,0,437260
2023-01-15,AO,105095,1930,0,103165
2023-01-15,AR,10004679,130249,0,9874430
2023-01-15,AT,5742055,21564,0,5720491
2023-01-15,AU,11247412,17712,0,11229700
2023-01-15,AZ,827377,10049,0,817328
2023-01-15,BA,401187,16241,0,384946
2023-01-15,BB,105905,569,0,105336
2023-01-15,BD,2037368,29441,0,2007927
2023-01-15,BE,4686147,33478,0,4652669
2023-01-15,BF,22025,396,0,21629
2023-01-15,BG,1294152,38139,0,1256013
2023-01-15,BH,699581,1540,0,698041
2023-01-15,BI,52380,38,0,52342
2023-01-15,BJ,27982,163,0,27819
2023-01-15,BN,272646,225,0,272421
2023-01-15,BO,1179195,22333,0,1156862
2023-01-15,BR,36628099,695343,0,35932756
2023-01-15,BS,37491,833,0,36658
2023-01-15,BT,62551,21,0,62530
2023-01-15,BW,328230,2795,0,325435
2023-01-15,BY,994037,7118,0,986919
2023-01-15,BZ,70397,688,0,69709
2023-01-15,CA,4538048,49969,0,4488079
2023-01-15,CD,95173,1462,0,93711
2023-01-15,CF,15351,113,0,15238
2023-01-15,CG,25375,386,0,24989
2023-01-15,CH,4404980,14234,0,4390746
2023-01-15,CI,87960,833,0,87127
2023-01-15,CL,5087555,63509,0,5024046
2023-01-15,CM,123993,1965,0,122028
2023-01-15,CN,4859037,18192,0,4840845
2023-01-15,CO,6343059,141959,0,6201100
2023-01-15,CR,1171802,9104,0,1162698
2023-01-15,CU,1112280,8530,0,1103750
2023-01-15,CV,63220,412,0,62808
2023-01-15,CY,638062,1270,0,636792
2023-01-15,CZ,4584920,42254,0,4542666
2023-01-15,DE,37605135,163775,0,37441360
2023-01-15,DJ,15690,189,0,15501
2023-01-15,DK,3443287,8031,0,3435256
2023-01-15,DM,15760,74,0,15686
2023-01-15,DO,659606,4384,0,655222
2023-01-15,DZ,271287,6881,0,264406
2023-01-15,EC,1040463,35940,0,1004523
2023-01-15,EE,612843,2885,0,609958
2023-01-15,EG,515645,24803,0,490842
2023-01-15,ER,10189,103,0,10086
2023-01-15,ES,13711251,117759,0,13593492
2023-01-15,ET,499111,7572,0,491539
2023-01-15,FI,1448656,8431,0,1440225
2023-01-15,FJ,68793,883,0,67910
2023-01-15,FM,22247,58,0,22189
2023-01-15,FR,39646833,164388,0,39482445
2023-01-15,GA,48980,306,0,48674
2023-01-15,GB,24475895,215633,0,24260262
2023-01-15,GD,19680,238,0,19442
2023-01-15,GE,1811015,16909,0,1794106
2023-01-15,GH,171089,1462,0,169627
2023-01-15,GM,12586,372,0,12214
2023-01-15,GN,38210,466,0,37744
2023-01-15,GQ,17186,183,0,17003
2023-01-15,GR,5548487,34779,0,5513708
2023-01-15,GT,1218471,20054,0,1198417
2023-01-15,GW,8947,176,0,8771
2023-01-15,GY,72638,1293,0,71345
2023-01-15,HN,469230,11095,0,458135
2023-01-15,HR,1266483,17765,0,1248718
2023-01-15,HT,33969,860,0,33109
2023-01-15,HU,2190334,48578,0,2141756
2023-01-15,ID,6726086,160727,0,6565359
2023-01-15,IE,1697775,8388,0,1689387
2023-01-15,IL,4775990,12111,0,4763879
2023-01-15,IN,44682378,530726,0,44151652
2023-01-15,IQ,2465545,25375,0,2440170
2023-01-15,IR,7562610,144727,0,7417883
2023-01-15,IS,208459,229,0,208230
2023-01-15,IT,25363742,185993,0,25177749
2023-01-15,JM,152968,3465,0,149503
2023-01-15,JO,1746997,14122,0,1732875
2023-01-15,JP,31438775,62687,0,31376088
2023-01-15,KE,342703,5688,0,337015
2023-01-15,KG,206586,2991,0,203595
2023-01-15,KH,138662,3056,0,135606
2023-01-15,KI,4921,17,0,4904
2023-01-15,KM,8986,161,0,8825
2023-01-15,KN,6578,46,0,6532
2023-01-15,KP,1,6,0,-5
2023-01-15,KR,29821035,32984,0,29788051
2023-01-15,KW,662747,2570,0,660177
2023-01-15,KZ,1488306,19063,0,1469243
2023-01-15,LA,217927,758,0,217169
2023-01-15,LB,1225400,10761,0,1214639
2023-01-15,LC,29759,409,0,29350
2023-01-15,LI,21329,88,0,21241
2023-01-15,LK,671964,16823,0,655141
2023-01-15,LR,8043,294,0,7749
2023-01-15,LS,34790,723,0,34067
2023-01-15,LT,1292560,9514,0,1283046
2023-01-15,LU,313952,1200,0,312752
2023-01-15,LV,974872,6195,0,968677
2023-01-15,LY,507154,6437,0,500717
2023-01-15,MA,1272050,16295,0,1255755
2023-01-15,MC,16021,65,0,15956
2023-01-15,MD,597216,11940,0,585276
2023-01-15,ME,285535,2794,0,282741
2023-01-15,MG,67788,1418,0,66370
2023-01-15,MH,15554,17,0,15537
2023-01-15,MK,346095,9623,0,336472
2023-01-15,ML,32772,743,0,32029
2023-01-15,MM,633750,19490,0,614260
2023-01-15,MN,1007821,2136,0,1005685
2023-01-15,MR,63435,997,0,62438
2023-01-15,MT,116820,822,0,115998
2023-01-15,MU,293386,1042,0,292344
2023-01-15,MV,185702,311,0,185391
2023-01-15,MW,88220,2685,0,85535
2023-01-15,MX,7314891,331595,0,6983296
2023-01-15,MY,5032677,36908,0,4995769
2023-01-15,MZ,231219,2232,0,228987
2023-01-15,NA,170369,4082,0,166287
2023-01-15,NE,9506,315,0,9191
2023-01-15,NG,266463,3155,0,263308
2023-01-15,NI,15507,245,0,15262
2023-01-15,NL,8690420,23702,0,8666718
2023-01-15,NO,1476947,4963,0,1471984
2023-01-15,NP,1001051,12020,0,989031
2023-01-15,NR,4621,1,0,4620
2023-01-15,NZ,2165599,2438,0,2163161
2023-01-15,OM,399154,4628,0,394526
2023-01-15,PA,1027247,8584,0,1018663
2023-01-15,PE,4474580,218509,0,4256071
2023-01-15,PG,46663,669,0,45994
2023-01-15,PH,4070287,65590,0,4004697
2023-01-15,PK,1576080,30640,0,1545440
2023-01-15,PL,6373315,118651,0,6254664
2023-01-15,PS,703228,5708,0,697520
2023-01-15,PT,5557941,25805,0,5532136
2023-01-15,PW,5980,9,0,5971
2023-01-15,PY,800163,19746,0,780417
2023-01-15,QA,491400,685,0,490715
2023-01-15,RO,3316192,67460,0,3248732
2023-01-15,RS,2459432,17606,0,2441826
2023-01-15,RU,21548111,386460,0,21161651
2023-01-15,RW,133063,1468,0,131595
2023-01-15,SA,827391,9544,0,817847
2023-01-15,SB,24575,153,0,24422
2023-01-15,SC,50355,172,0,50183
2023-01-15,SD,63702,4995,0,58707
2023-01-15,SE,2687840,22645,0,2665195
2023-01-15,SG,2211855,1717,0,2210138
2023-01-15,SI,1317469,7036,0,1310433
2023-01-15,SK,2659236,20875,0,2638361
2023-01-15,SL,7760,126,0,7634
2023-01-15,SM,23290,121,0,23169
2023-01-15,SN,88900,1968,0,86932
2023-01-15,SO,27310,1361,0,25949
2023-01-15,SR,82020,1398,0,80622
2023-01-15,SS,18368,138,0,18230
2023-01-15,ST,6279,77,0,6202
2023-01-15,SV,201785,4230,0,197555
2023-01-15,SY,57441,3164,0,54277
2023-01-15,SZ,74053,1422,0,72631
2023-01-15,TD,7651,194,0,7457
2023-01-15,TG,39351,290,0,39061
2023-01-15,TH,4752782,34668,0,4718114
2023-01-15,TJ,17786,125,0,17661
2023-01-15,TL,23405,138,0,23267
2023-01-15,TN,1147729,29288,0,1118441
2023-01-15,TO,16590,13,0,16577
2023-01-15,TR,17042722,101492,0,16941230
2023-01-15,TT,186685,4297,0,182388
2023-01-15,TV,2805,0,0,2805
2023-01-15,TW,9209474,15833,0,9193641
2023-01-15,TZ,42467,846,0,41621
2023-01-15,UA,5672824,118858,0,5553966
2023-01-15,UG,170279,3630,0,166649
2023-01-15,US,101648826,1099860,0,100548966
2023-01-15,UY,1025810,7586,0,1018224
2023-01-15,UZ,250137,1637,0,248500
2023-01-15,VA,29,0,0,29
2023-01-15,VC,9563,121,0,9442
2023-01-15,VE,550997,5837,0,545160
2023-01-15,VN,11526140,43186,0,11482954
2023-01-15,VU,12014,14,0,12000
2023-01-15,WS,16008,29,0,15979
2023-01-15,XK,272400,3202,0,269198
2023-01-15,YE,11945,2159,0,9786
2023-01-15,ZA,4051787,102568,0,3949219
2023-01-15,ZM,337303,4036,0,333267
2023-01-15,ZW,259981,5637,0,254344
