date_stamp,iso3166_1,cnt_confirmed,cnt_deaths,cnt_recovered,cnt_active
2021-10-16,AD,15338,130,0,15208
2021-10-16,AE,738487,2118,0,736369
2021-10-16,AF,155739,7238,0,148501
2021-10-16,AG,3888,95,0,3793
2021-10-16,AL,177536,2810,0,174726
2021-10-16,AM,280294,5754,0,274540
2021-10-16,AO,62789,1662,0,61127
2021-10-16,AR,5272151,115663,0,5156488
2021-10-16,AT,773540,11161,0,762379
2021-10-16,AU,143204,1532,0,141672
2021-10-16,AZ,498630,6734,0,491896
2021-10-16,BA,243914,11110,0,232804
2021-10-16,BB,12773,114,0,12659
2021-10-16,BD,1565174,27752,0,1537422
2021-10-16,BE,1279869,25747,0,1254122
2021-10-16,BF,14686,203,0,14483
2021-10-16,BG,539619,22231,0,517388
2021-10-16,BH,276030,1391,0,274639
2021-10-16,BI,19555,38,0,19517
2021-10-16,BJ,24560,161,0,24399
2021-10-16,BN,10356,68,0,10288
2021-10-16,BO,506150,18824,0,487326
2021-10-16,BR,21638726,603152,0,21035574
2021-10-16,BS,21580,590,0,20990
2021-10-16,BT,2617,3,0,2614
2021-10-16,BW,181856,2386,0,179470
2021-10-16,BY,570006,4386,0,565620
2021-10-16,BZ,23990,461,0,23529
2021-10-16,CA,1686625,28534,0,1658091
2021-10-16,CD,57269,1089,0,56180
2021-10-16,CF,11469,100,0,11369
2021-10-16,CG,15514,222,0,15292
2021-10-16,CH,854591,11157,0,843434
2021-10-16,CI,60982,674,0,60308
2021-10-16,CL,1669236,37597,0,1631639
2021-10-16,CM,98402,1550,0,96852
2021-10-16,CN,108891,4849,0,104042
2021-10-16,CO,4980233,126830,0,4853403
2021-10-16,CR,551144,6797,0,544347
2021-10-16,CU,932768,8037,0,924731
2021-10-16,CV,38035,347,0,37688
2021-10-16,CY,121995,562,0,121433
2021-10-16,CZ,1707756,30539,0,1677217
2021-10-16,DE,4375253,94622,0,4280631
2021-10-16,DJ,13383,179,0,13204
2021-10-16,DK,370046,2682,0,367364
2021-10-16,DM,4153,28,0,4125
2021-10-16,DO,369700,4084,0,365616
2021-10-16,DZ,205199,5870,0,199329
2021-10-16,EC,513026,32899,0,480127
2021-10-16,EE,171395,1422,0,169973
2021-10-16,EG,317585,17926,0,299659
2021-10-16,ER,6773,44,0,6729
2021-10-16,ES,4984386,86974,0,4897412
2021-10-16,ET,358739,6197,0,352542
2021-10-16,FI,149897,1116,0,148781
2021-10-16,FJ,51701,663,0,51038
2021-10-16,FM,1,0,0,1
2021-10-16,FR,7185744,118173,0,7067571
2021-10-16,GA,33442,213,0,33229
2021-10-16,GB,8443882,138940,0,8304942
2021-10-16,GD,5734,192,0,5542
2021-10-16,GE,657753,9440,0,648313
2021-10-16,GH,129258,1165,0,128093
2021-10-16,GM,9946,339,0,9607
2021-10-16,GN,30572,385,0,30187
2021-10-16,GQ,12840,156,0,12684
2021-10-16,GR,692197,15348,0,676849
2021-10-16,GT,587687,14266,0,573421
2021-10-16,GW,6129,141,0,5988
2021-10-16,GY,34362,866,0,33496
2021-10-16,HN,372179,10096,0,362083
2021-10-16,HR,426613,8877,0,417736
2021-10-16,HT,22933,657,0,22276
2021-10-16,HU,833115,30351,0,802764
2021-10-16,ID,4234011,142933,0,4091078
2021-10-16,IE,413734,5306,0,408428
2021-10-16,IL,1315317,7983,0,1307334
2021-10-16,IN,34067719,452124,0,33615595
2021-10-16,IQ,2033737,22738,0,2010999
2021-10-16,IR,5773419,123876,0,5649543
2021-10-16,IS,12455,33,0,12422
2021-10-16,IT,4715464,131517,0,4583947
2021-10-16,JM,87232,2103,0,85129
2021-10-16,JO,840117,10865,0,829252
2021-10-16,JP,1715059,18099,0,1696960
2021-10-16,KE,251959,5215,0,246744
2021-10-16,KG,179775,2632,0,177143
2021-10-16,KH,116407,2634,0,113773
2021-10-16,KI,2,0,0,2
2021-10-16,KM,4184,147,0,4037
2021-10-16,KN,2546,21,0,2525
2021-10-16,KR,342396,2660,0,339736
2021-10-16,KW,412297,2456,0,409841
2021-10-16,KZ,994464,16618,0,977846
2021-10-16,LA,31736,38,0,31698
2021-10-16,LB,633355,8419,0,624936
2021-10-16,LC,12206,236,0,11970
2021-10-16,LI,3584,60,0,3524
2021-10-16,LK,531070,13472,0,517598
2021-10-16,LR,5803,286,0,5517
2021-10-16,LS,21524,655,0,20869
2021-10-16,LT,366481,5406,0,361075
2021-10-16,LU,79720,839,0,78881
2021-10-16,LV,183239,2881,0,180358
2021-10-16,LY,349210,4860,0,344350
2021-10-16,MA,941863,14537,0,927326
2021-10-16,MC,3358,35,0,3323
2021-10-16,MD,315414,7206,0,308208
2021-10-16,ME,137401,2020,0,135381
2021-10-16,MG,43616,960,0,42656
2021-10-16,MH,4,0,0,4
2021-10-16,MK,196762,6922,0,189840
2021-10-16,ML,15603,557,0,15046
2021-10-16,MM,486851,18329,0,468522
2021-10-16,MN,336508,1527,0,334981
2021-10-16,MR,36645,788,0,35857
2021-10-16,MT,37445,459,0,36986
2021-10-16,MU,16621,129,0,16492
2021-10-16,MV,86088,237,0,85851
2021-10-16,MW,61712,2292,0,59420
2021-10-16,MX,3755063,284321,0,3470742
2021-10-16,MY,2384542,27858,0,2356684
2021-10-16,MZ,151097,1925,0,149172
2021-10-16,NA,128239,3538,0,124701
2021-10-16,NE,6160,204,0,5956
2021-10-16,NG,209173,2804,0,206369
2021-10-16,NI,15737,206,0,15531
2021-10-16,NL,2083444,18674,0,2064770
2021-10-16,NO,196142,884,0,195258
2021-10-16,NP,804652,11278,0,793374
2021-10-16,NZ,4992,28,0,4964
2021-10-16,OM,304025,4103,0,299922
2021-10-16,PA,469998,7288,0,462710
2021-10-16,PE,2187368,199775,0,1987593
2021-10-16,PG,24041,266,0,23775
2021-10-16,PH,2713509,40580,0,2672929
2021-10-16,PK,1264384,28269,0,1236115
2021-10-16,PL,2937069,76111,0,2860958
2021-10-16,PS,447032,4556,0,442476
2021-10-16,PT,1079341,18088,0,1061253
2021-10-16,PW,8,0,0,8
2021-10-16,PY,460322,16209,0,444113
2021-10-16,QA,237867,608,0,237259
2021-10-16,RO,1445714,41482,0,1404232
2021-10-16,RS,1043758,9052,0,1034706
2021-10-16,RU,7837101,218362,0,7618739
2021-10-16,RW,99128,1313,0,97815
2021-10-16,SA,547890,8760,0,539130
2021-10-16,SB,20,0,0,20
2021-10-16,SC,21854,119,0,21735
2021-10-16,SD,39550,3038,0,36512
2021-10-16,SE,1161933,14956,0,1146977
2021-10-16,SG,145120,224,0,144896
2021-10-16,SI,307503,4635,0,302868
2021-10-16,SK,433709,12816,0,420893
2021-10-16,SL,6396,121,0,6275
2021-10-16,SM,5473,91,0,5382
2021-10-16,SN,73865,1871,0,71994
2021-10-16,SO,21269,1180,0,20089
2021-10-16,SR,46313,1014,0,45299
2021-10-16,SS,12184,130,0,12054
2021-10-16,ST,3675,56,0,3619
2021-10-16,SV,110188,3460,0,106728
2021-10-16,SY,38705,2391,0,36314
2021-10-16,SZ,46361,1233,0,45128
2021-10-16,TD,5067,174,0,4893
2021-10-16,TG,25865,238,0,25627
2021-10-16,TH,1772838,18205,0,1754633
2021-10-16,TJ,17484,125,0,17359
2021-10-16,TL,19707,119,0,19588
2021-10-16,TN,710773,25085,0,685688
2021-10-16,TR,7630133,67437,0,7562696
2021-10-16,TT,53887,1593,0,52294
2021-10-16,TW,16336,846,0,15490
2021-10-16,TZ,26034,724,0,25310
2021-10-16,UA,2745165,64367,0,2680798
2021-10-16,UG,125094,3182,0,121912
2021-10-16,US,44916423,724153,0,44192270
2021-10-16,UY,390915,6067,0,384848
2021-10-16,UZ,180566,1285,0,179281
2021-10-16,VA,27,0,0,27
2021-10-16,VC,4418,47,0,4371
2021-10-16,VE,390045,4693,0,385352
2021-10-16,VN,860860,21131,0,839729
2021-10-16,VU,4,1,0,3
2021-10-16,WS,3,0,0,3
2021-10-16,XK,160530,2973,0,157557
2021-10-16,YE,9512,1802,0,7710
2021-10-16,ZA,2916179,88587,0,2827592
2021-10-16,ZM,209505,3658,0,205847
2021-10-16,ZW,132333,4657,0,127676
